scrape_time,date,site_id,venue_name,time_range,booked,total,status,remark,condition,temperature,feels_like,wind_scale,precip,humidity,aqi
2026-05-21 00:30:49,2026-05-21,1,游泳馆,06:30-08:00,20,60,可预约,￥0.0,多云,15,13,3,0.0,100,26
2026-05-21 01:00:55,2026-05-21,1,游泳馆,06:30-08:00,19,60,可预约,￥0.0,多云,15,12,4,0.0,100,26
2026-05-21 01:30:47,2026-05-21,1,游泳馆,06:30-08:00,18,60,可预约,￥0.0,多云,15,13,4,0.0,100,28
2026-05-21 02:00:53,2026-05-21,1,游泳馆,06:30-08:00,18,60,可预约,￥0.0,多云,15,12,4,0.0,100,28
2026-05-21 02:30:49,2026-05-21,1,游泳馆,06:30-08:00,18,60,可预约,￥0.0,多云,15,14,3,0.0,100,29
2026-05-21 03:00:55,2026-05-21,1,游泳馆,06:30-08:00,18,60,可预约,￥0.0,多云,15,12,4,0.0,100,29
2026-05-21 03:30:49,2026-05-21,1,游泳馆,06:30-08:00,18,60,可预约,￥0.0,多云,15,14,3,0.0,100,30
2026-05-21 04:30:45,2026-05-21,1,游泳馆,06:30-08:00,17,60,可预约,￥0.0,多云,15,12,4,0.0,100,29
2026-05-21 05:00:52,2026-05-21,1,游泳馆,06:30-08:00,17,60,可预约,￥0.0,多云,15,12,4,0.0,100,29
2026-05-21 05:30:49,2026-05-21,1,游泳馆,06:30-08:00,18,60,可预约,￥0.0,多云,15,13,3,0.0,100,28
2026-05-21 06:00:50,2026-05-21,1,游泳馆,06:30-08:00,18,60,可预约,￥0.0,多云,15,13,4,0.0,99,28
2026-05-21 06:30:38,2026-05-21,1,游泳馆,06:30-08:00,20,60,可预约,￥0.0,多云,15,13,3,0.0,97,28
2026-05-21 07:00:43,2026-05-21,1,游泳馆,06:30-08:00,22,60,可预约,￥0.0,晴,15,11,5,0.0,93,28
2026-05-21 07:30:39,2026-05-21,1,游泳馆,06:30-08:00,22,60,可预约,￥0.0,晴,17,13,4,0.0,89,29
2026-05-21 07:50:40,2026-05-21,1,游泳馆,06:30-08:00,22,60,可预约,￥0.0,晴,17,13,4,0.0,88,29
2026-05-21 07:53:31,2026-05-21,1,游泳馆,06:30-08:00,22,60,可预约,￥0.0,晴,17,12,5,0.0,86,29
2026-05-21 07:56:31,2026-05-21,1,游泳馆,06:30-08:00,22,60,可预约,￥0.0,晴,17,12,5,0.0,86,29
2026-05-21 07:59:26,2026-05-21,1,游泳馆,06:30-08:00,22,60,可预约,￥0.0,晴,17,12,5,0.0,86,29
2026-05-21 08:00:45,2026-05-21,1,游泳馆,06:30-08:00,22,60,不开放/已过期,,晴,17,12,5,0.0,86,29
2026-05-21 08:02:30,2026-05-21,1,游泳馆,06:30-08:00,22,60,不开放/已过期,,多云,17,12,5,0.0,87,29
2026-05-21 08:05:36,2026-05-21,1,游泳馆,06:30-08:00,22,60,不开放/已过期,,多云,17,12,5,0.0,86,29
2026-05-21 08:08:31,2026-05-21,1,游泳馆,06:30-08:00,22,60,不开放/已过期,,多云,17,12,5,0.0,86,29
2026-05-21 08:11:30,2026-05-21,1,游泳馆,06:30-08:00,22,60,不开放/已过期,,多云,17,12,5,0.0,86,29
2026-05-21 08:14:31,2026-05-21,1,游泳馆,06:30-08:00,22,60,不开放/已过期,,多云,17,12,5,0.0,86,29
2026-05-21 08:17:30,2026-05-21,1,游泳馆,06:30-08:00,22,60,不开放/已过期,,多云,17,12,5,0.0,86,29
2026-05-21 08:20:35,2026-05-21,1,游泳馆,06:30-08:00,22,60,不开放/已过期,,多云,17,14,4,0.0,85,29
2026-05-21 08:25:32,2026-05-21,1,游泳馆,06:30-08:00,22,60,不开放/已过期,,多云,17,14,4,0.0,85,28
2026-05-21 08:30:42,2026-05-21,1,游泳馆,06:30-08:00,22,60,不开放/已过期,,多云,18,15,4,0.0,84,28
2026-05-21 08:35:31,2026-05-21,1,游泳馆,06:30-08:00,22,60,不开放/已过期,,多云,18,15,4,0.0,84,28
2026-05-21 08:40:38,2026-05-21,1,游泳馆,06:30-08:00,22,60,不开放/已过期,,多云,18,15,4,0.0,82,28
2026-05-21 08:45:33,2026-05-21,1,游泳馆,06:30-08:00,22,60,不开放/已过期,,多云,18,15,4,0.0,82,28
2026-05-21 08:50:36,2026-05-21,1,游泳馆,06:30-08:00,22,60,不开放/已过期,,多云,18,15,4,0.0,82,28
2026-05-21 08:55:34,2026-05-21,1,游泳馆,06:30-08:00,22,60,不开放/已过期,,多云,18,15,4,0.0,84,28
2026-05-21 09:00:51,2026-05-21,1,游泳馆,06:30-08:00,22,60,不开放/已过期,,多云,18,15,4,0.0,84,28
2026-05-21 09:01:59,2026-05-21,1,游泳馆,06:30-08:00,22,60,不开放/已过期,,多云,18,15,4,0.0,83,28
2026-05-21 09:05:33,2026-05-21,1,游泳馆,06:30-08:00,22,60,不开放/已过期,,多云,18,15,4,0.0,83,28
2026-05-21 09:20:38,2026-05-21,1,游泳馆,06:30-08:00,22,60,不开放/已过期,,多云,18,16,3,0.0,81,28
2026-05-21 09:30:46,2026-05-21,1,游泳馆,06:30-08:00,22,60,不开放/已过期,,多云,18,16,3,0.0,81,32
2026-05-21 09:40:36,2026-05-21,1,游泳馆,06:30-08:00,22,60,不开放/已过期,,多云,19,17,3,0.0,79,32
2026-05-21 09:50:42,2026-05-21,1,游泳馆,06:30-08:00,22,60,不开放/已过期,,多云,19,17,4,0.0,81,32
2026-05-21 10:00:46,2026-05-21,1,游泳馆,06:30-08:00,22,60,不开放/已过期,,多云,19,17,4,0.0,79,32
2026-05-21 10:10:40,2026-05-21,1,游泳馆,06:30-08:00,22,60,不开放/已过期,,多云,19,17,4,0.0,79,32
2026-05-21 10:20:38,2026-05-21,1,游泳馆,06:30-08:00,22,60,不开放/已过期,,多云,19,17,4,0.0,79,32
2026-05-21 10:30:41,2026-05-21,1,游泳馆,06:30-08:00,22,60,不开放/已过期,,多云,19,18,3,0.0,78,31
2026-05-21 11:00:44,2026-05-21,1,游泳馆,06:30-08:00,22,60,不开放/已过期,,多云,21,17,5,0.0,74,31
2026-05-21 11:30:38,2026-05-21,1,游泳馆,06:30-08:00,22,60,不开放/已过期,,多云,21,19,3,0.0,72,33
2026-05-21 12:00:46,2026-05-21,1,游泳馆,06:30-08:00,22,60,不开放/已过期,,多云,22,19,4,0.0,70,33
2026-05-21 12:30:42,2026-05-21,1,游泳馆,06:30-08:00,22,60,不开放/已过期,,多云,22,21,3,0.0,68,35
2026-05-21 13:00:43,2026-05-21,1,游泳馆,06:30-08:00,22,60,不开放/已过期,,多云,24,22,4,0.0,66,35
2026-05-21 13:30:43,2026-05-21,1,游泳馆,06:30-08:00,22,60,不开放/已过期,,多云,24,22,4,0.0,66,36
2026-05-21 14:00:48,2026-05-21,1,游泳馆,06:30-08:00,22,60,不开放/已过期,,多云,25,23,4,0.0,66,36
2026-05-21 14:30:45,2026-05-21,1,游泳馆,06:30-08:00,22,60,不开放/已过期,,晴,25,25,3,0.0,65,39
2026-05-21 15:00:45,2026-05-21,1,游泳馆,06:30-08:00,22,60,不开放/已过期,,晴,25,22,4,0.0,56,39
2026-05-21 15:30:43,2026-05-21,1,游泳馆,06:30-08:00,22,60,不开放/已过期,,晴,25,23,4,0.0,57,40
2026-05-21 16:00:51,2026-05-21,1,游泳馆,06:30-08:00,22,60,不开放/已过期,,晴,25,23,4,0.0,57,40
2026-05-21 16:30:48,2026-05-21,1,游泳馆,06:30-08:00,22,60,不开放/已过期,,晴,25,24,3,0.0,60,39
2026-05-21 17:00:49,2026-05-21,1,游泳馆,06:30-08:00,22,60,不开放/已过期,,晴,25,24,4,0.0,61,39
2026-05-21 17:30:47,2026-05-21,1,游泳馆,06:30-08:00,22,60,不开放/已过期,,多云,24,23,3,0.0,64,39
2026-05-21 18:00:50,2026-05-21,1,游泳馆,06:30-08:00,22,60,不开放/已过期,,多云,24,23,3,0.0,68,39
2026-05-21 18:30:50,2026-05-21,1,游泳馆,06:30-08:00,22,60,不开放/已过期,,阴,24,25,2,0.0,68,40
2026-05-21 19:00:50,2026-05-21,1,游泳馆,06:30-08:00,22,60,不开放/已过期,,阴,23,23,3,0.0,76,40
2026-05-21 19:30:46,2026-05-21,1,游泳馆,06:30-08:00,22,60,不开放/已过期,,阴,23,24,2,0.0,77,39
2026-05-21 20:00:49,2026-05-21,1,游泳馆,06:30-08:00,22,60,不开放/已过期,,雾,22,23,2,0.0,89,39
2026-05-21 20:30:44,2026-05-21,1,游泳馆,06:30-08:00,22,60,不开放/已过期,,雾,22,24,2,0.0,93,43
2026-05-21 21:00:56,2026-05-21,1,游泳馆,06:30-08:00,22,60,不开放/已过期,,雾,20,21,2,0.0,98,43
2026-05-21 21:30:46,2026-05-21,1,游泳馆,06:30-08:00,22,60,不开放/已过期,,雾,20,22,1,0.0,99,41
2026-05-21 22:01:02,2026-05-21,1,游泳馆,06:30-08:00,22,60,不开放/已过期,,雾,19,20,2,0.0,93,41
2026-05-21 22:30:47,2026-05-21,1,游泳馆,06:30-08:00,22,60,不开放/已过期,,雾,19,19,3,0.0,88,46
2026-05-21 23:00:56,2026-05-21,1,游泳馆,06:30-08:00,22,60,不开放/已过期,,多云,18,17,3,0.0,85,46
2026-05-21 23:30:55,2026-05-21,1,游泳馆,06:30-08:00,22,60,不开放/已过期,,多云,18,17,3,0.0,85,48
2026-05-21 00:30:49,2026-05-21,1,游泳馆,08:00-09:30,0,60,不开放/已过期,清洁消杀,多云,15,13,3,0.0,100,26
2026-05-21 01:00:55,2026-05-21,1,游泳馆,08:00-09:30,0,60,不开放/已过期,清洁消杀,多云,15,12,4,0.0,100,26
2026-05-21 01:30:47,2026-05-21,1,游泳馆,08:00-09:30,0,60,不开放/已过期,清洁消杀,多云,15,13,4,0.0,100,28
2026-05-21 02:00:53,2026-05-21,1,游泳馆,08:00-09:30,0,60,不开放/已过期,清洁消杀,多云,15,12,4,0.0,100,28
2026-05-21 02:30:49,2026-05-21,1,游泳馆,08:00-09:30,0,60,不开放/已过期,清洁消杀,多云,15,14,3,0.0,100,29
2026-05-21 03:00:55,2026-05-21,1,游泳馆,08:00-09:30,0,60,不开放/已过期,清洁消杀,多云,15,12,4,0.0,100,29
2026-05-21 03:30:49,2026-05-21,1,游泳馆,08:00-09:30,0,60,不开放/已过期,清洁消杀,多云,15,14,3,0.0,100,30
2026-05-21 04:30:45,2026-05-21,1,游泳馆,08:00-09:30,0,60,不开放/已过期,清洁消杀,多云,15,12,4,0.0,100,29
2026-05-21 05:00:52,2026-05-21,1,游泳馆,08:00-09:30,0,60,不开放/已过期,清洁消杀,多云,15,12,4,0.0,100,29
2026-05-21 05:30:49,2026-05-21,1,游泳馆,08:00-09:30,0,60,不开放/已过期,清洁消杀,多云,15,13,3,0.0,100,28
2026-05-21 06:00:50,2026-05-21,1,游泳馆,08:00-09:30,0,60,不开放/已过期,清洁消杀,多云,15,13,4,0.0,99,28
2026-05-21 06:30:38,2026-05-21,1,游泳馆,08:00-09:30,0,60,不开放/已过期,清洁消杀,多云,15,13,3,0.0,97,28
2026-05-21 07:00:43,2026-05-21,1,游泳馆,08:00-09:30,0,60,不开放/已过期,清洁消杀,晴,15,11,5,0.0,93,28
2026-05-21 07:30:39,2026-05-21,1,游泳馆,08:00-09:30,0,60,不开放/已过期,清洁消杀,晴,17,13,4,0.0,89,29
2026-05-21 07:50:40,2026-05-21,1,游泳馆,08:00-09:30,0,60,不开放/已过期,清洁消杀,晴,17,13,4,0.0,88,29
2026-05-21 07:53:31,2026-05-21,1,游泳馆,08:00-09:30,0,60,不开放/已过期,清洁消杀,晴,17,12,5,0.0,86,29
2026-05-21 07:56:31,2026-05-21,1,游泳馆,08:00-09:30,0,60,不开放/已过期,清洁消杀,晴,17,12,5,0.0,86,29
2026-05-21 07:59:26,2026-05-21,1,游泳馆,08:00-09:30,0,60,不开放/已过期,清洁消杀,晴,17,12,5,0.0,86,29
2026-05-21 08:00:45,2026-05-21,1,游泳馆,08:00-09:30,0,60,不开放/已过期,清洁消杀,晴,17,12,5,0.0,86,29
2026-05-21 08:02:30,2026-05-21,1,游泳馆,08:00-09:30,0,60,不开放/已过期,清洁消杀,多云,17,12,5,0.0,87,29
2026-05-21 08:05:36,2026-05-21,1,游泳馆,08:00-09:30,0,60,不开放/已过期,清洁消杀,多云,17,12,5,0.0,86,29
2026-05-21 08:08:31,2026-05-21,1,游泳馆,08:00-09:30,0,60,不开放/已过期,清洁消杀,多云,17,12,5,0.0,86,29
2026-05-21 08:11:30,2026-05-21,1,游泳馆,08:00-09:30,0,60,不开放/已过期,清洁消杀,多云,17,12,5,0.0,86,29
2026-05-21 08:14:31,2026-05-21,1,游泳馆,08:00-09:30,0,60,不开放/已过期,清洁消杀,多云,17,12,5,0.0,86,29
2026-05-21 08:17:30,2026-05-21,1,游泳馆,08:00-09:30,0,60,不开放/已过期,清洁消杀,多云,17,12,5,0.0,86,29
2026-05-21 08:20:35,2026-05-21,1,游泳馆,08:00-09:30,0,60,不开放/已过期,清洁消杀,多云,17,14,4,0.0,85,29
2026-05-21 08:25:32,2026-05-21,1,游泳馆,08:00-09:30,0,60,不开放/已过期,清洁消杀,多云,17,14,4,0.0,85,28
2026-05-21 08:30:42,2026-05-21,1,游泳馆,08:00-09:30,0,60,不开放/已过期,清洁消杀,多云,18,15,4,0.0,84,28
2026-05-21 08:35:31,2026-05-21,1,游泳馆,08:00-09:30,0,60,不开放/已过期,清洁消杀,多云,18,15,4,0.0,84,28
2026-05-21 08:40:38,2026-05-21,1,游泳馆,08:00-09:30,0,60,不开放/已过期,清洁消杀,多云,18,15,4,0.0,82,28
2026-05-21 08:45:33,2026-05-21,1,游泳馆,08:00-09:30,0,60,不开放/已过期,清洁消杀,多云,18,15,4,0.0,82,28
2026-05-21 08:50:36,2026-05-21,1,游泳馆,08:00-09:30,0,60,不开放/已过期,清洁消杀,多云,18,15,4,0.0,82,28
2026-05-21 08:55:34,2026-05-21,1,游泳馆,08:00-09:30,0,60,不开放/已过期,清洁消杀,多云,18,15,4,0.0,84,28
2026-05-21 09:00:51,2026-05-21,1,游泳馆,08:00-09:30,0,60,不开放/已过期,清洁消杀,多云,18,15,4,0.0,84,28
2026-05-21 09:01:59,2026-05-21,1,游泳馆,08:00-09:30,0,60,不开放/已过期,清洁消杀,多云,18,15,4,0.0,83,28
2026-05-21 09:05:33,2026-05-21,1,游泳馆,08:00-09:30,0,60,不开放/已过期,清洁消杀,多云,18,15,4,0.0,83,28
2026-05-21 09:20:38,2026-05-21,1,游泳馆,08:00-09:30,0,60,不开放/已过期,清洁消杀,多云,18,16,3,0.0,81,28
2026-05-21 09:30:46,2026-05-21,1,游泳馆,08:00-09:30,0,60,不开放/已过期,清洁消杀,多云,18,16,3,0.0,81,32
2026-05-21 09:40:36,2026-05-21,1,游泳馆,08:00-09:30,0,60,不开放/已过期,清洁消杀,多云,19,17,3,0.0,79,32
2026-05-21 09:50:42,2026-05-21,1,游泳馆,08:00-09:30,0,60,不开放/已过期,清洁消杀,多云,19,17,4,0.0,81,32
2026-05-21 10:00:46,2026-05-21,1,游泳馆,08:00-09:30,0,60,不开放/已过期,清洁消杀,多云,19,17,4,0.0,79,32
2026-05-21 10:10:40,2026-05-21,1,游泳馆,08:00-09:30,0,60,不开放/已过期,清洁消杀,多云,19,17,4,0.0,79,32
2026-05-21 10:20:38,2026-05-21,1,游泳馆,08:00-09:30,0,60,不开放/已过期,清洁消杀,多云,19,17,4,0.0,79,32
2026-05-21 10:30:41,2026-05-21,1,游泳馆,08:00-09:30,0,60,不开放/已过期,清洁消杀,多云,19,18,3,0.0,78,31
2026-05-21 11:00:44,2026-05-21,1,游泳馆,08:00-09:30,0,60,不开放/已过期,清洁消杀,多云,21,17,5,0.0,74,31
2026-05-21 11:30:38,2026-05-21,1,游泳馆,08:00-09:30,0,60,不开放/已过期,清洁消杀,多云,21,19,3,0.0,72,33
2026-05-21 12:00:46,2026-05-21,1,游泳馆,08:00-09:30,0,60,不开放/已过期,清洁消杀,多云,22,19,4,0.0,70,33
2026-05-21 12:30:42,2026-05-21,1,游泳馆,08:00-09:30,0,60,不开放/已过期,清洁消杀,多云,22,21,3,0.0,68,35
2026-05-21 13:00:43,2026-05-21,1,游泳馆,08:00-09:30,0,60,不开放/已过期,清洁消杀,多云,24,22,4,0.0,66,35
2026-05-21 13:30:43,2026-05-21,1,游泳馆,08:00-09:30,0,60,不开放/已过期,清洁消杀,多云,24,22,4,0.0,66,36
2026-05-21 14:00:48,2026-05-21,1,游泳馆,08:00-09:30,0,60,不开放/已过期,清洁消杀,多云,25,23,4,0.0,66,36
2026-05-21 14:30:45,2026-05-21,1,游泳馆,08:00-09:30,0,60,不开放/已过期,清洁消杀,晴,25,25,3,0.0,65,39
2026-05-21 15:00:45,2026-05-21,1,游泳馆,08:00-09:30,0,60,不开放/已过期,清洁消杀,晴,25,22,4,0.0,56,39
2026-05-21 15:30:43,2026-05-21,1,游泳馆,08:00-09:30,0,60,不开放/已过期,清洁消杀,晴,25,23,4,0.0,57,40
2026-05-21 16:00:51,2026-05-21,1,游泳馆,08:00-09:30,0,60,不开放/已过期,清洁消杀,晴,25,23,4,0.0,57,40
2026-05-21 16:30:48,2026-05-21,1,游泳馆,08:00-09:30,0,60,不开放/已过期,清洁消杀,晴,25,24,3,0.0,60,39
2026-05-21 17:00:49,2026-05-21,1,游泳馆,08:00-09:30,0,60,不开放/已过期,清洁消杀,晴,25,24,4,0.0,61,39
2026-05-21 17:30:47,2026-05-21,1,游泳馆,08:00-09:30,0,60,不开放/已过期,清洁消杀,多云,24,23,3,0.0,64,39
2026-05-21 18:00:50,2026-05-21,1,游泳馆,08:00-09:30,0,60,不开放/已过期,清洁消杀,多云,24,23,3,0.0,68,39
2026-05-21 18:30:50,2026-05-21,1,游泳馆,08:00-09:30,0,60,不开放/已过期,清洁消杀,阴,24,25,2,0.0,68,40
2026-05-21 19:00:50,2026-05-21,1,游泳馆,08:00-09:30,0,60,不开放/已过期,清洁消杀,阴,23,23,3,0.0,76,40
2026-05-21 19:30:46,2026-05-21,1,游泳馆,08:00-09:30,0,60,不开放/已过期,清洁消杀,阴,23,24,2,0.0,77,39
2026-05-21 20:00:49,2026-05-21,1,游泳馆,08:00-09:30,0,60,不开放/已过期,清洁消杀,雾,22,23,2,0.0,89,39
2026-05-21 20:30:44,2026-05-21,1,游泳馆,08:00-09:30,0,60,不开放/已过期,清洁消杀,雾,22,24,2,0.0,93,43
2026-05-21 21:00:56,2026-05-21,1,游泳馆,08:00-09:30,0,60,不开放/已过期,清洁消杀,雾,20,21,2,0.0,98,43
2026-05-21 21:30:46,2026-05-21,1,游泳馆,08:00-09:30,0,60,不开放/已过期,清洁消杀,雾,20,22,1,0.0,99,41
2026-05-21 22:01:02,2026-05-21,1,游泳馆,08:00-09:30,0,60,不开放/已过期,清洁消杀,雾,19,20,2,0.0,93,41
2026-05-21 22:30:47,2026-05-21,1,游泳馆,08:00-09:30,0,60,不开放/已过期,清洁消杀,雾,19,19,3,0.0,88,46
2026-05-21 23:00:56,2026-05-21,1,游泳馆,08:00-09:30,0,60,不开放/已过期,清洁消杀,多云,18,17,3,0.0,85,46
2026-05-21 23:30:55,2026-05-21,1,游泳馆,08:00-09:30,0,60,不开放/已过期,清洁消杀,多云,18,17,3,0.0,85,48
2026-05-21 00:30:49,2026-05-21,1,游泳馆,10:00-11:30,65,60,已售/已满,教学时间,多云,15,13,3,0.0,100,26
2026-05-21 01:00:55,2026-05-21,1,游泳馆,10:00-11:30,65,60,已售/已满,教学时间,多云,15,12,4,0.0,100,26
2026-05-21 01:30:47,2026-05-21,1,游泳馆,10:00-11:30,65,60,已售/已满,教学时间,多云,15,13,4,0.0,100,28
2026-05-21 02:00:53,2026-05-21,1,游泳馆,10:00-11:30,65,60,已售/已满,教学时间,多云,15,12,4,0.0,100,28
2026-05-21 02:30:49,2026-05-21,1,游泳馆,10:00-11:30,65,60,已售/已满,教学时间,多云,15,14,3,0.0,100,29
2026-05-21 03:00:55,2026-05-21,1,游泳馆,10:00-11:30,65,60,已售/已满,教学时间,多云,15,12,4,0.0,100,29
2026-05-21 03:30:49,2026-05-21,1,游泳馆,10:00-11:30,65,60,已售/已满,教学时间,多云,15,14,3,0.0,100,30
2026-05-21 04:30:45,2026-05-21,1,游泳馆,10:00-11:30,65,60,已售/已满,教学时间,多云,15,12,4,0.0,100,29
2026-05-21 05:00:52,2026-05-21,1,游泳馆,10:00-11:30,65,60,已售/已满,教学时间,多云,15,12,4,0.0,100,29
2026-05-21 05:30:49,2026-05-21,1,游泳馆,10:00-11:30,65,60,已售/已满,教学时间,多云,15,13,3,0.0,100,28
2026-05-21 06:00:50,2026-05-21,1,游泳馆,10:00-11:30,65,60,已售/已满,教学时间,多云,15,13,4,0.0,99,28
2026-05-21 06:30:38,2026-05-21,1,游泳馆,10:00-11:30,65,60,已售/已满,教学时间,多云,15,13,3,0.0,97,28
2026-05-21 07:00:43,2026-05-21,1,游泳馆,10:00-11:30,65,60,已售/已满,教学时间,晴,15,11,5,0.0,93,28
2026-05-21 07:30:39,2026-05-21,1,游泳馆,10:00-11:30,65,60,已售/已满,教学时间,晴,17,13,4,0.0,89,29
2026-05-21 07:50:40,2026-05-21,1,游泳馆,10:00-11:30,65,60,已售/已满,教学时间,晴,17,13,4,0.0,88,29
2026-05-21 07:53:31,2026-05-21,1,游泳馆,10:00-11:30,65,60,已售/已满,教学时间,晴,17,12,5,0.0,86,29
2026-05-21 07:56:31,2026-05-21,1,游泳馆,10:00-11:30,65,60,已售/已满,教学时间,晴,17,12,5,0.0,86,29
2026-05-21 07:59:26,2026-05-21,1,游泳馆,10:00-11:30,65,60,已售/已满,教学时间,晴,17,12,5,0.0,86,29
2026-05-21 08:00:45,2026-05-21,1,游泳馆,10:00-11:30,65,60,已售/已满,教学时间,晴,17,12,5,0.0,86,29
2026-05-21 08:02:30,2026-05-21,1,游泳馆,10:00-11:30,65,60,已售/已满,教学时间,多云,17,12,5,0.0,87,29
2026-05-21 08:05:36,2026-05-21,1,游泳馆,10:00-11:30,65,60,已售/已满,教学时间,多云,17,12,5,0.0,86,29
2026-05-21 08:08:31,2026-05-21,1,游泳馆,10:00-11:30,65,60,已售/已满,教学时间,多云,17,12,5,0.0,86,29
2026-05-21 08:11:30,2026-05-21,1,游泳馆,10:00-11:30,65,60,已售/已满,教学时间,多云,17,12,5,0.0,86,29
2026-05-21 08:14:31,2026-05-21,1,游泳馆,10:00-11:30,65,60,已售/已满,教学时间,多云,17,12,5,0.0,86,29
2026-05-21 08:17:30,2026-05-21,1,游泳馆,10:00-11:30,65,60,已售/已满,教学时间,多云,17,12,5,0.0,86,29
2026-05-21 08:20:35,2026-05-21,1,游泳馆,10:00-11:30,65,60,已售/已满,教学时间,多云,17,14,4,0.0,85,29
2026-05-21 08:25:32,2026-05-21,1,游泳馆,10:00-11:30,65,60,已售/已满,教学时间,多云,17,14,4,0.0,85,28
2026-05-21 08:30:42,2026-05-21,1,游泳馆,10:00-11:30,65,60,已售/已满,教学时间,多云,18,15,4,0.0,84,28
2026-05-21 08:35:31,2026-05-21,1,游泳馆,10:00-11:30,65,60,已售/已满,教学时间,多云,18,15,4,0.0,84,28
2026-05-21 08:40:38,2026-05-21,1,游泳馆,10:00-11:30,65,60,已售/已满,教学时间,多云,18,15,4,0.0,82,28
2026-05-21 08:45:33,2026-05-21,1,游泳馆,10:00-11:30,65,60,已售/已满,教学时间,多云,18,15,4,0.0,82,28
2026-05-21 08:50:36,2026-05-21,1,游泳馆,10:00-11:30,65,60,已售/已满,教学时间,多云,18,15,4,0.0,82,28
2026-05-21 08:55:34,2026-05-21,1,游泳馆,10:00-11:30,65,60,已售/已满,教学时间,多云,18,15,4,0.0,84,28
2026-05-21 09:00:51,2026-05-21,1,游泳馆,10:00-11:30,65,60,已售/已满,教学时间,多云,18,15,4,0.0,84,28
2026-05-21 09:01:59,2026-05-21,1,游泳馆,10:00-11:30,65,60,已售/已满,教学时间,多云,18,15,4,0.0,83,28
2026-05-21 09:05:33,2026-05-21,1,游泳馆,10:00-11:30,65,60,已售/已满,教学时间,多云,18,15,4,0.0,83,28
2026-05-21 09:20:38,2026-05-21,1,游泳馆,10:00-11:30,65,60,已售/已满,教学时间,多云,18,16,3,0.0,81,28
2026-05-21 09:30:46,2026-05-21,1,游泳馆,10:00-11:30,65,60,已售/已满,教学时间,多云,18,16,3,0.0,81,32
2026-05-21 09:40:36,2026-05-21,1,游泳馆,10:00-11:30,65,60,已售/已满,教学时间,多云,19,17,3,0.0,79,32
2026-05-21 09:50:42,2026-05-21,1,游泳馆,10:00-11:30,65,60,已售/已满,教学时间,多云,19,17,4,0.0,81,32
2026-05-21 10:00:46,2026-05-21,1,游泳馆,10:00-11:30,65,60,已售/已满,教学时间,多云,19,17,4,0.0,79,32
2026-05-21 10:10:40,2026-05-21,1,游泳馆,10:00-11:30,65,60,已售/已满,教学时间,多云,19,17,4,0.0,79,32
2026-05-21 10:20:38,2026-05-21,1,游泳馆,10:00-11:30,65,60,已售/已满,教学时间,多云,19,17,4,0.0,79,32
2026-05-21 10:30:41,2026-05-21,1,游泳馆,10:00-11:30,65,60,已售/已满,教学时间,多云,19,18,3,0.0,78,31
2026-05-21 11:00:44,2026-05-21,1,游泳馆,10:00-11:30,65,60,已售/已满,教学时间,多云,21,17,5,0.0,74,31
2026-05-21 11:30:38,2026-05-21,1,游泳馆,10:00-11:30,65,60,已售/已满,教学时间,多云,21,19,3,0.0,72,33
2026-05-21 12:00:46,2026-05-21,1,游泳馆,10:00-11:30,65,60,已售/已满,教学时间,多云,22,19,4,0.0,70,33
2026-05-21 12:30:42,2026-05-21,1,游泳馆,10:00-11:30,65,60,已售/已满,教学时间,多云,22,21,3,0.0,68,35
2026-05-21 13:00:43,2026-05-21,1,游泳馆,10:00-11:30,65,60,已售/已满,教学时间,多云,24,22,4,0.0,66,35
2026-05-21 13:30:43,2026-05-21,1,游泳馆,10:00-11:30,65,60,已售/已满,教学时间,多云,24,22,4,0.0,66,36
2026-05-21 14:00:48,2026-05-21,1,游泳馆,10:00-11:30,65,60,已售/已满,教学时间,多云,25,23,4,0.0,66,36
2026-05-21 14:30:45,2026-05-21,1,游泳馆,10:00-11:30,65,60,已售/已满,教学时间,晴,25,25,3,0.0,65,39
2026-05-21 15:00:45,2026-05-21,1,游泳馆,10:00-11:30,65,60,已售/已满,教学时间,晴,25,22,4,0.0,56,39
2026-05-21 15:30:43,2026-05-21,1,游泳馆,10:00-11:30,65,60,已售/已满,教学时间,晴,25,23,4,0.0,57,40
2026-05-21 16:00:51,2026-05-21,1,游泳馆,10:00-11:30,65,60,已售/已满,教学时间,晴,25,23,4,0.0,57,40
2026-05-21 16:30:48,2026-05-21,1,游泳馆,10:00-11:30,65,60,已售/已满,教学时间,晴,25,24,3,0.0,60,39
2026-05-21 17:00:49,2026-05-21,1,游泳馆,10:00-11:30,65,60,已售/已满,教学时间,晴,25,24,4,0.0,61,39
2026-05-21 17:30:47,2026-05-21,1,游泳馆,10:00-11:30,65,60,已售/已满,教学时间,多云,24,23,3,0.0,64,39
2026-05-21 18:00:50,2026-05-21,1,游泳馆,10:00-11:30,65,60,已售/已满,教学时间,多云,24,23,3,0.0,68,39
2026-05-21 18:30:50,2026-05-21,1,游泳馆,10:00-11:30,65,60,已售/已满,教学时间,阴,24,25,2,0.0,68,40
2026-05-21 19:00:50,2026-05-21,1,游泳馆,10:00-11:30,65,60,已售/已满,教学时间,阴,23,23,3,0.0,76,40
2026-05-21 19:30:46,2026-05-21,1,游泳馆,10:00-11:30,65,60,已售/已满,教学时间,阴,23,24,2,0.0,77,39
2026-05-21 20:00:49,2026-05-21,1,游泳馆,10:00-11:30,65,60,已售/已满,教学时间,雾,22,23,2,0.0,89,39
2026-05-21 20:30:44,2026-05-21,1,游泳馆,10:00-11:30,65,60,已售/已满,教学时间,雾,22,24,2,0.0,93,43
2026-05-21 21:00:56,2026-05-21,1,游泳馆,10:00-11:30,65,60,已售/已满,教学时间,雾,20,21,2,0.0,98,43
2026-05-21 21:30:46,2026-05-21,1,游泳馆,10:00-11:30,65,60,已售/已满,教学时间,雾,20,22,1,0.0,99,41
2026-05-21 22:01:02,2026-05-21,1,游泳馆,10:00-11:30,65,60,已售/已满,教学时间,雾,19,20,2,0.0,93,41
2026-05-21 22:30:47,2026-05-21,1,游泳馆,10:00-11:30,65,60,已售/已满,教学时间,雾,19,19,3,0.0,88,46
2026-05-21 23:00:56,2026-05-21,1,游泳馆,10:00-11:30,65,60,已售/已满,教学时间,多云,18,17,3,0.0,85,46
2026-05-21 23:30:55,2026-05-21,1,游泳馆,10:00-11:30,65,60,已售/已满,教学时间,多云,18,17,3,0.0,85,48
2026-05-21 00:30:49,2026-05-21,1,游泳馆,12:00-13:30,60,60,已售/已满,,多云,15,13,3,0.0,100,26
2026-05-21 01:00:55,2026-05-21,1,游泳馆,12:00-13:30,60,60,已售/已满,,多云,15,12,4,0.0,100,26
2026-05-21 01:30:47,2026-05-21,1,游泳馆,12:00-13:30,60,60,已售/已满,,多云,15,13,4,0.0,100,28
2026-05-21 02:00:53,2026-05-21,1,游泳馆,12:00-13:30,59,60,可预约,￥0.0,多云,15,12,4,0.0,100,28
2026-05-21 02:30:49,2026-05-21,1,游泳馆,12:00-13:30,59,60,可预约,￥0.0,多云,15,14,3,0.0,100,29
2026-05-21 03:00:55,2026-05-21,1,游泳馆,12:00-13:30,59,60,可预约,￥0.0,多云,15,12,4,0.0,100,29
2026-05-21 03:30:49,2026-05-21,1,游泳馆,12:00-13:30,59,60,可预约,￥0.0,多云,15,14,3,0.0,100,30
2026-05-21 04:30:45,2026-05-21,1,游泳馆,12:00-13:30,59,60,可预约,￥0.0,多云,15,12,4,0.0,100,29
2026-05-21 05:00:52,2026-05-21,1,游泳馆,12:00-13:30,59,60,可预约,￥0.0,多云,15,12,4,0.0,100,29
2026-05-21 05:30:49,2026-05-21,1,游泳馆,12:00-13:30,59,60,可预约,￥0.0,多云,15,13,3,0.0,100,28
2026-05-21 06:00:50,2026-05-21,1,游泳馆,12:00-13:30,60,60,已售/已满,,多云,15,13,4,0.0,99,28
2026-05-21 06:30:38,2026-05-21,1,游泳馆,12:00-13:30,60,60,已售/已满,,多云,15,13,3,0.0,97,28
2026-05-21 07:00:43,2026-05-21,1,游泳馆,12:00-13:30,60,60,已售/已满,,晴,15,11,5,0.0,93,28
2026-05-21 07:30:39,2026-05-21,1,游泳馆,12:00-13:30,60,60,已售/已满,,晴,17,13,4,0.0,89,29
2026-05-21 07:50:40,2026-05-21,1,游泳馆,12:00-13:30,60,60,已售/已满,,晴,17,13,4,0.0,88,29
2026-05-21 07:53:31,2026-05-21,1,游泳馆,12:00-13:30,60,60,已售/已满,,晴,17,12,5,0.0,86,29
2026-05-21 07:56:31,2026-05-21,1,游泳馆,12:00-13:30,60,60,已售/已满,,晴,17,12,5,0.0,86,29
2026-05-21 07:59:26,2026-05-21,1,游泳馆,12:00-13:30,60,60,已售/已满,,晴,17,12,5,0.0,86,29
2026-05-21 08:00:45,2026-05-21,1,游泳馆,12:00-13:30,60,60,已售/已满,,晴,17,12,5,0.0,86,29
2026-05-21 08:02:30,2026-05-21,1,游泳馆,12:00-13:30,60,60,已售/已满,,多云,17,12,5,0.0,87,29
2026-05-21 08:05:36,2026-05-21,1,游泳馆,12:00-13:30,60,60,已售/已满,,多云,17,12,5,0.0,86,29
2026-05-21 08:08:31,2026-05-21,1,游泳馆,12:00-13:30,60,60,已售/已满,,多云,17,12,5,0.0,86,29
2026-05-21 08:11:30,2026-05-21,1,游泳馆,12:00-13:30,60,60,已售/已满,,多云,17,12,5,0.0,86,29
2026-05-21 08:14:31,2026-05-21,1,游泳馆,12:00-13:30,60,60,已售/已满,,多云,17,12,5,0.0,86,29
2026-05-21 08:17:30,2026-05-21,1,游泳馆,12:00-13:30,60,60,已售/已满,,多云,17,12,5,0.0,86,29
2026-05-21 08:20:35,2026-05-21,1,游泳馆,12:00-13:30,60,60,已售/已满,,多云,17,14,4,0.0,85,29
2026-05-21 08:25:32,2026-05-21,1,游泳馆,12:00-13:30,60,60,已售/已满,,多云,17,14,4,0.0,85,28
2026-05-21 08:30:42,2026-05-21,1,游泳馆,12:00-13:30,60,60,已售/已满,,多云,18,15,4,0.0,84,28
2026-05-21 08:35:31,2026-05-21,1,游泳馆,12:00-13:30,60,60,已售/已满,,多云,18,15,4,0.0,84,28
2026-05-21 08:40:38,2026-05-21,1,游泳馆,12:00-13:30,60,60,已售/已满,,多云,18,15,4,0.0,82,28
2026-05-21 08:45:33,2026-05-21,1,游泳馆,12:00-13:30,60,60,已售/已满,,多云,18,15,4,0.0,82,28
2026-05-21 08:50:36,2026-05-21,1,游泳馆,12:00-13:30,60,60,已售/已满,,多云,18,15,4,0.0,82,28
2026-05-21 08:55:34,2026-05-21,1,游泳馆,12:00-13:30,60,60,已售/已满,,多云,18,15,4,0.0,84,28
2026-05-21 09:00:51,2026-05-21,1,游泳馆,12:00-13:30,60,60,已售/已满,,多云,18,15,4,0.0,84,28
2026-05-21 09:01:59,2026-05-21,1,游泳馆,12:00-13:30,60,60,已售/已满,,多云,18,15,4,0.0,83,28
2026-05-21 09:05:33,2026-05-21,1,游泳馆,12:00-13:30,60,60,已售/已满,,多云,18,15,4,0.0,83,28
2026-05-21 09:20:38,2026-05-21,1,游泳馆,12:00-13:30,60,60,已售/已满,,多云,18,16,3,0.0,81,28
2026-05-21 09:30:46,2026-05-21,1,游泳馆,12:00-13:30,60,60,已售/已满,,多云,18,16,3,0.0,81,32
2026-05-21 09:40:36,2026-05-21,1,游泳馆,12:00-13:30,60,60,已售/已满,,多云,19,17,3,0.0,79,32
2026-05-21 09:50:42,2026-05-21,1,游泳馆,12:00-13:30,60,60,已售/已满,,多云,19,17,4,0.0,81,32
2026-05-21 10:00:46,2026-05-21,1,游泳馆,12:00-13:30,60,60,已售/已满,,多云,19,17,4,0.0,79,32
2026-05-21 10:10:40,2026-05-21,1,游泳馆,12:00-13:30,60,60,已售/已满,,多云,19,17,4,0.0,79,32
2026-05-21 10:20:38,2026-05-21,1,游泳馆,12:00-13:30,60,60,已售/已满,,多云,19,17,4,0.0,79,32
2026-05-21 10:30:41,2026-05-21,1,游泳馆,12:00-13:30,60,60,已售/已满,,多云,19,18,3,0.0,78,31
2026-05-21 11:00:44,2026-05-21,1,游泳馆,12:00-13:30,60,60,已售/已满,,多云,21,17,5,0.0,74,31
2026-05-21 11:30:38,2026-05-21,1,游泳馆,12:00-13:30,60,60,已售/已满,,多云,21,19,3,0.0,72,33
2026-05-21 12:00:46,2026-05-21,1,游泳馆,12:00-13:30,60,60,已售/已满,,多云,22,19,4,0.0,70,33
2026-05-21 12:30:42,2026-05-21,1,游泳馆,12:00-13:30,60,60,已售/已满,,多云,22,21,3,0.0,68,35
2026-05-21 13:00:43,2026-05-21,1,游泳馆,12:00-13:30,60,60,已售/已满,,多云,24,22,4,0.0,66,35
2026-05-21 13:30:43,2026-05-21,1,游泳馆,12:00-13:30,60,60,已售/已满,,多云,24,22,4,0.0,66,36
2026-05-21 14:00:48,2026-05-21,1,游泳馆,12:00-13:30,60,60,已售/已满,,多云,25,23,4,0.0,66,36
2026-05-21 14:30:45,2026-05-21,1,游泳馆,12:00-13:30,60,60,已售/已满,,晴,25,25,3,0.0,65,39
2026-05-21 15:00:45,2026-05-21,1,游泳馆,12:00-13:30,60,60,已售/已满,,晴,25,22,4,0.0,56,39
2026-05-21 15:30:43,2026-05-21,1,游泳馆,12:00-13:30,60,60,已售/已满,,晴,25,23,4,0.0,57,40
2026-05-21 16:00:51,2026-05-21,1,游泳馆,12:00-13:30,60,60,已售/已满,,晴,25,23,4,0.0,57,40
2026-05-21 16:30:48,2026-05-21,1,游泳馆,12:00-13:30,60,60,已售/已满,,晴,25,24,3,0.0,60,39
2026-05-21 17:00:49,2026-05-21,1,游泳馆,12:00-13:30,60,60,已售/已满,,晴,25,24,4,0.0,61,39
2026-05-21 17:30:47,2026-05-21,1,游泳馆,12:00-13:30,60,60,已售/已满,,多云,24,23,3,0.0,64,39
2026-05-21 18:00:50,2026-05-21,1,游泳馆,12:00-13:30,60,60,已售/已满,,多云,24,23,3,0.0,68,39
2026-05-21 18:30:50,2026-05-21,1,游泳馆,12:00-13:30,60,60,已售/已满,,阴,24,25,2,0.0,68,40
2026-05-21 19:00:50,2026-05-21,1,游泳馆,12:00-13:30,60,60,已售/已满,,阴,23,23,3,0.0,76,40
2026-05-21 19:30:46,2026-05-21,1,游泳馆,12:00-13:30,60,60,已售/已满,,阴,23,24,2,0.0,77,39
2026-05-21 20:00:49,2026-05-21,1,游泳馆,12:00-13:30,60,60,已售/已满,,雾,22,23,2,0.0,89,39
2026-05-21 20:30:44,2026-05-21,1,游泳馆,12:00-13:30,60,60,已售/已满,,雾,22,24,2,0.0,93,43
2026-05-21 21:00:56,2026-05-21,1,游泳馆,12:00-13:30,60,60,已售/已满,,雾,20,21,2,0.0,98,43
2026-05-21 21:30:46,2026-05-21,1,游泳馆,12:00-13:30,60,60,已售/已满,,雾,20,22,1,0.0,99,41
2026-05-21 22:01:02,2026-05-21,1,游泳馆,12:00-13:30,60,60,已售/已满,,雾,19,20,2,0.0,93,41
2026-05-21 22:30:47,2026-05-21,1,游泳馆,12:00-13:30,60,60,已售/已满,,雾,19,19,3,0.0,88,46
2026-05-21 23:00:56,2026-05-21,1,游泳馆,12:00-13:30,60,60,已售/已满,,多云,18,17,3,0.0,85,46
2026-05-21 23:30:55,2026-05-21,1,游泳馆,12:00-13:30,60,60,已售/已满,,多云,18,17,3,0.0,85,48
2026-05-21 00:30:49,2026-05-21,1,游泳馆,14:00-15:30,13,60,可预约,￥15.0,多云,15,13,3,0.0,100,26
2026-05-21 01:00:55,2026-05-21,1,游泳馆,14:00-15:30,13,60,可预约,￥15.0,多云,15,12,4,0.0,100,26
2026-05-21 01:30:47,2026-05-21,1,游泳馆,14:00-15:30,13,60,可预约,￥15.0,多云,15,13,4,0.0,100,28
2026-05-21 02:00:53,2026-05-21,1,游泳馆,14:00-15:30,13,60,可预约,￥15.0,多云,15,12,4,0.0,100,28
2026-05-21 02:30:49,2026-05-21,1,游泳馆,14:00-15:30,13,60,可预约,￥15.0,多云,15,14,3,0.0,100,29
2026-05-21 03:00:55,2026-05-21,1,游泳馆,14:00-15:30,13,60,可预约,￥15.0,多云,15,12,4,0.0,100,29
2026-05-21 03:30:49,2026-05-21,1,游泳馆,14:00-15:30,13,60,可预约,￥15.0,多云,15,14,3,0.0,100,30
2026-05-21 04:30:45,2026-05-21,1,游泳馆,14:00-15:30,13,60,可预约,￥15.0,多云,15,12,4,0.0,100,29
2026-05-21 05:00:52,2026-05-21,1,游泳馆,14:00-15:30,13,60,可预约,￥15.0,多云,15,12,4,0.0,100,29
2026-05-21 05:30:49,2026-05-21,1,游泳馆,14:00-15:30,13,60,可预约,￥15.0,多云,15,13,3,0.0,100,28
2026-05-21 06:00:50,2026-05-21,1,游泳馆,14:00-15:30,13,60,可预约,￥15.0,多云,15,13,4,0.0,99,28
2026-05-21 06:30:38,2026-05-21,1,游泳馆,14:00-15:30,13,60,可预约,￥15.0,多云,15,13,3,0.0,97,28
2026-05-21 07:00:43,2026-05-21,1,游泳馆,14:00-15:30,13,60,可预约,￥15.0,晴,15,11,5,0.0,93,28
2026-05-21 07:30:39,2026-05-21,1,游泳馆,14:00-15:30,13,60,可预约,￥15.0,晴,17,13,4,0.0,89,29
2026-05-21 07:50:40,2026-05-21,1,游泳馆,14:00-15:30,13,60,可预约,￥15.0,晴,17,13,4,0.0,88,29
2026-05-21 07:53:31,2026-05-21,1,游泳馆,14:00-15:30,13,60,可预约,￥15.0,晴,17,12,5,0.0,86,29
2026-05-21 07:56:31,2026-05-21,1,游泳馆,14:00-15:30,13,60,可预约,￥15.0,晴,17,12,5,0.0,86,29
2026-05-21 07:59:26,2026-05-21,1,游泳馆,14:00-15:30,13,60,可预约,￥15.0,晴,17,12,5,0.0,86,29
2026-05-21 08:00:45,2026-05-21,1,游泳馆,14:00-15:30,13,60,可预约,￥15.0,晴,17,12,5,0.0,86,29
2026-05-21 08:02:30,2026-05-21,1,游泳馆,14:00-15:30,13,60,可预约,￥15.0,多云,17,12,5,0.0,87,29
2026-05-21 08:05:36,2026-05-21,1,游泳馆,14:00-15:30,13,60,可预约,￥15.0,多云,17,12,5,0.0,86,29
2026-05-21 08:08:31,2026-05-21,1,游泳馆,14:00-15:30,13,60,可预约,￥15.0,多云,17,12,5,0.0,86,29
2026-05-21 08:11:30,2026-05-21,1,游泳馆,14:00-15:30,13,60,可预约,￥15.0,多云,17,12,5,0.0,86,29
2026-05-21 08:14:31,2026-05-21,1,游泳馆,14:00-15:30,13,60,可预约,￥15.0,多云,17,12,5,0.0,86,29
2026-05-21 08:17:30,2026-05-21,1,游泳馆,14:00-15:30,13,60,可预约,￥15.0,多云,17,12,5,0.0,86,29
2026-05-21 08:20:35,2026-05-21,1,游泳馆,14:00-15:30,13,60,可预约,￥15.0,多云,17,14,4,0.0,85,29
2026-05-21 08:25:32,2026-05-21,1,游泳馆,14:00-15:30,13,60,可预约,￥15.0,多云,17,14,4,0.0,85,28
2026-05-21 08:30:42,2026-05-21,1,游泳馆,14:00-15:30,13,60,可预约,￥15.0,多云,18,15,4,0.0,84,28
2026-05-21 08:35:31,2026-05-21,1,游泳馆,14:00-15:30,13,60,可预约,￥15.0,多云,18,15,4,0.0,84,28
2026-05-21 08:40:38,2026-05-21,1,游泳馆,14:00-15:30,13,60,可预约,￥15.0,多云,18,15,4,0.0,82,28
2026-05-21 08:45:33,2026-05-21,1,游泳馆,14:00-15:30,13,60,可预约,￥15.0,多云,18,15,4,0.0,82,28
2026-05-21 08:50:36,2026-05-21,1,游泳馆,14:00-15:30,13,60,可预约,￥15.0,多云,18,15,4,0.0,82,28
2026-05-21 08:55:34,2026-05-21,1,游泳馆,14:00-15:30,13,60,可预约,￥15.0,多云,18,15,4,0.0,84,28
2026-05-21 09:00:51,2026-05-21,1,游泳馆,14:00-15:30,13,60,可预约,￥15.0,多云,18,15,4,0.0,84,28
2026-05-21 09:01:59,2026-05-21,1,游泳馆,14:00-15:30,13,60,可预约,￥15.0,多云,18,15,4,0.0,83,28
2026-05-21 09:05:33,2026-05-21,1,游泳馆,14:00-15:30,13,60,可预约,￥15.0,多云,18,15,4,0.0,83,28
2026-05-21 09:20:38,2026-05-21,1,游泳馆,14:00-15:30,13,60,可预约,￥15.0,多云,18,16,3,0.0,81,28
2026-05-21 09:30:46,2026-05-21,1,游泳馆,14:00-15:30,13,60,可预约,￥15.0,多云,18,16,3,0.0,81,32
2026-05-21 09:40:36,2026-05-21,1,游泳馆,14:00-15:30,13,60,可预约,￥15.0,多云,19,17,3,0.0,79,32
2026-05-21 09:50:42,2026-05-21,1,游泳馆,14:00-15:30,13,60,可预约,￥15.0,多云,19,17,4,0.0,81,32
2026-05-21 10:00:46,2026-05-21,1,游泳馆,14:00-15:30,13,60,可预约,￥15.0,多云,19,17,4,0.0,79,32
2026-05-21 10:10:40,2026-05-21,1,游泳馆,14:00-15:30,13,60,可预约,￥15.0,多云,19,17,4,0.0,79,32
2026-05-21 10:20:38,2026-05-21,1,游泳馆,14:00-15:30,13,60,可预约,￥15.0,多云,19,17,4,0.0,79,32
2026-05-21 10:30:41,2026-05-21,1,游泳馆,14:00-15:30,14,60,可预约,￥15.0,多云,19,18,3,0.0,78,31
2026-05-21 11:00:44,2026-05-21,1,游泳馆,14:00-15:30,14,60,可预约,￥15.0,多云,21,17,5,0.0,74,31
2026-05-21 11:30:38,2026-05-21,1,游泳馆,14:00-15:30,15,60,可预约,￥15.0,多云,21,19,3,0.0,72,33
2026-05-21 12:00:46,2026-05-21,1,游泳馆,14:00-15:30,17,60,可预约,￥15.0,多云,22,19,4,0.0,70,33
2026-05-21 12:30:42,2026-05-21,1,游泳馆,14:00-15:30,19,60,可预约,￥15.0,多云,22,21,3,0.0,68,35
2026-05-21 13:00:43,2026-05-21,1,游泳馆,14:00-15:30,19,60,可预约,￥15.0,多云,24,22,4,0.0,66,35
2026-05-21 13:30:43,2026-05-21,1,游泳馆,14:00-15:30,25,60,可预约,￥15.0,多云,24,22,4,0.0,66,36
2026-05-21 14:00:48,2026-05-21,1,游泳馆,14:00-15:30,27,60,可预约,￥15.0,多云,25,23,4,0.0,66,36
2026-05-21 14:30:45,2026-05-21,1,游泳馆,14:00-15:30,27,60,可预约,￥15.0,晴,25,25,3,0.0,65,39
2026-05-21 15:00:45,2026-05-21,1,游泳馆,14:00-15:30,27,60,可预约,￥15.0,晴,25,22,4,0.0,56,39
2026-05-21 15:30:43,2026-05-21,1,游泳馆,14:00-15:30,27,60,不开放/已过期,,晴,25,23,4,0.0,57,40
2026-05-21 16:00:51,2026-05-21,1,游泳馆,14:00-15:30,27,60,不开放/已过期,,晴,25,23,4,0.0,57,40
2026-05-21 16:30:48,2026-05-21,1,游泳馆,14:00-15:30,27,60,不开放/已过期,,晴,25,24,3,0.0,60,39
2026-05-21 17:00:49,2026-05-21,1,游泳馆,14:00-15:30,27,60,不开放/已过期,,晴,25,24,4,0.0,61,39
2026-05-21 17:30:47,2026-05-21,1,游泳馆,14:00-15:30,27,60,不开放/已过期,,多云,24,23,3,0.0,64,39
2026-05-21 18:00:50,2026-05-21,1,游泳馆,14:00-15:30,27,60,不开放/已过期,,多云,24,23,3,0.0,68,39
2026-05-21 18:30:50,2026-05-21,1,游泳馆,14:00-15:30,27,60,不开放/已过期,,阴,24,25,2,0.0,68,40
2026-05-21 19:00:50,2026-05-21,1,游泳馆,14:00-15:30,27,60,不开放/已过期,,阴,23,23,3,0.0,76,40
2026-05-21 19:30:46,2026-05-21,1,游泳馆,14:00-15:30,27,60,不开放/已过期,,阴,23,24,2,0.0,77,39
2026-05-21 20:00:49,2026-05-21,1,游泳馆,14:00-15:30,27,60,不开放/已过期,,雾,22,23,2,0.0,89,39
2026-05-21 20:30:44,2026-05-21,1,游泳馆,14:00-15:30,27,60,不开放/已过期,,雾,22,24,2,0.0,93,43
2026-05-21 21:00:56,2026-05-21,1,游泳馆,14:00-15:30,27,60,不开放/已过期,,雾,20,21,2,0.0,98,43
2026-05-21 21:30:46,2026-05-21,1,游泳馆,14:00-15:30,27,60,不开放/已过期,,雾,20,22,1,0.0,99,41
2026-05-21 22:01:02,2026-05-21,1,游泳馆,14:00-15:30,27,60,不开放/已过期,,雾,19,20,2,0.0,93,41
2026-05-21 22:30:47,2026-05-21,1,游泳馆,14:00-15:30,27,60,不开放/已过期,,雾,19,19,3,0.0,88,46
2026-05-21 23:00:56,2026-05-21,1,游泳馆,14:00-15:30,27,60,不开放/已过期,,多云,18,17,3,0.0,85,46
2026-05-21 23:30:55,2026-05-21,1,游泳馆,14:00-15:30,27,60,不开放/已过期,,多云,18,17,3,0.0,85,48
2026-05-21 00:30:49,2026-05-21,1,游泳馆,16:00-17:30,7,60,可预约,￥15.0,多云,15,13,3,0.0,100,26
2026-05-21 01:00:55,2026-05-21,1,游泳馆,16:00-17:30,7,60,可预约,￥15.0,多云,15,12,4,0.0,100,26
2026-05-21 01:30:47,2026-05-21,1,游泳馆,16:00-17:30,7,60,可预约,￥15.0,多云,15,13,4,0.0,100,28
2026-05-21 02:00:53,2026-05-21,1,游泳馆,16:00-17:30,7,60,可预约,￥15.0,多云,15,12,4,0.0,100,28
2026-05-21 02:30:49,2026-05-21,1,游泳馆,16:00-17:30,7,60,可预约,￥15.0,多云,15,14,3,0.0,100,29
2026-05-21 03:00:55,2026-05-21,1,游泳馆,16:00-17:30,7,60,可预约,￥15.0,多云,15,12,4,0.0,100,29
2026-05-21 03:30:49,2026-05-21,1,游泳馆,16:00-17:30,7,60,可预约,￥15.0,多云,15,14,3,0.0,100,30
2026-05-21 04:30:45,2026-05-21,1,游泳馆,16:00-17:30,7,60,可预约,￥15.0,多云,15,12,4,0.0,100,29
2026-05-21 05:00:52,2026-05-21,1,游泳馆,16:00-17:30,7,60,可预约,￥15.0,多云,15,12,4,0.0,100,29
2026-05-21 05:30:49,2026-05-21,1,游泳馆,16:00-17:30,7,60,可预约,￥15.0,多云,15,13,3,0.0,100,28
2026-05-21 06:00:50,2026-05-21,1,游泳馆,16:00-17:30,7,60,可预约,￥15.0,多云,15,13,4,0.0,99,28
2026-05-21 06:30:38,2026-05-21,1,游泳馆,16:00-17:30,7,60,可预约,￥15.0,多云,15,13,3,0.0,97,28
2026-05-21 07:00:43,2026-05-21,1,游泳馆,16:00-17:30,7,60,可预约,￥15.0,晴,15,11,5,0.0,93,28
2026-05-21 07:30:39,2026-05-21,1,游泳馆,16:00-17:30,7,60,可预约,￥15.0,晴,17,13,4,0.0,89,29
2026-05-21 07:50:40,2026-05-21,1,游泳馆,16:00-17:30,7,60,可预约,￥15.0,晴,17,13,4,0.0,88,29
2026-05-21 07:53:31,2026-05-21,1,游泳馆,16:00-17:30,7,60,可预约,￥15.0,晴,17,12,5,0.0,86,29
2026-05-21 07:56:31,2026-05-21,1,游泳馆,16:00-17:30,7,60,可预约,￥15.0,晴,17,12,5,0.0,86,29
2026-05-21 07:59:26,2026-05-21,1,游泳馆,16:00-17:30,7,60,可预约,￥15.0,晴,17,12,5,0.0,86,29
2026-05-21 08:00:45,2026-05-21,1,游泳馆,16:00-17:30,7,60,可预约,￥15.0,晴,17,12,5,0.0,86,29
2026-05-21 08:02:30,2026-05-21,1,游泳馆,16:00-17:30,7,60,可预约,￥15.0,多云,17,12,5,0.0,87,29
2026-05-21 08:05:36,2026-05-21,1,游泳馆,16:00-17:30,7,60,可预约,￥15.0,多云,17,12,5,0.0,86,29
2026-05-21 08:08:31,2026-05-21,1,游泳馆,16:00-17:30,7,60,可预约,￥15.0,多云,17,12,5,0.0,86,29
2026-05-21 08:11:30,2026-05-21,1,游泳馆,16:00-17:30,7,60,可预约,￥15.0,多云,17,12,5,0.0,86,29
2026-05-21 08:14:31,2026-05-21,1,游泳馆,16:00-17:30,7,60,可预约,￥15.0,多云,17,12,5,0.0,86,29
2026-05-21 08:17:30,2026-05-21,1,游泳馆,16:00-17:30,7,60,可预约,￥15.0,多云,17,12,5,0.0,86,29
2026-05-21 08:20:35,2026-05-21,1,游泳馆,16:00-17:30,7,60,可预约,￥15.0,多云,17,14,4,0.0,85,29
2026-05-21 08:25:32,2026-05-21,1,游泳馆,16:00-17:30,7,60,可预约,￥15.0,多云,17,14,4,0.0,85,28
2026-05-21 08:30:42,2026-05-21,1,游泳馆,16:00-17:30,7,60,可预约,￥15.0,多云,18,15,4,0.0,84,28
2026-05-21 08:35:31,2026-05-21,1,游泳馆,16:00-17:30,7,60,可预约,￥15.0,多云,18,15,4,0.0,84,28
2026-05-21 08:40:38,2026-05-21,1,游泳馆,16:00-17:30,7,60,可预约,￥15.0,多云,18,15,4,0.0,82,28
2026-05-21 08:45:33,2026-05-21,1,游泳馆,16:00-17:30,7,60,可预约,￥15.0,多云,18,15,4,0.0,82,28
2026-05-21 08:50:36,2026-05-21,1,游泳馆,16:00-17:30,7,60,可预约,￥15.0,多云,18,15,4,0.0,82,28
2026-05-21 08:55:34,2026-05-21,1,游泳馆,16:00-17:30,7,60,可预约,￥15.0,多云,18,15,4,0.0,84,28
2026-05-21 09:00:51,2026-05-21,1,游泳馆,16:00-17:30,7,60,可预约,￥15.0,多云,18,15,4,0.0,84,28
2026-05-21 09:01:59,2026-05-21,1,游泳馆,16:00-17:30,7,60,可预约,￥15.0,多云,18,15,4,0.0,83,28
2026-05-21 09:05:33,2026-05-21,1,游泳馆,16:00-17:30,7,60,可预约,￥15.0,多云,18,15,4,0.0,83,28
2026-05-21 09:20:38,2026-05-21,1,游泳馆,16:00-17:30,7,60,可预约,￥15.0,多云,18,16,3,0.0,81,28
2026-05-21 09:30:46,2026-05-21,1,游泳馆,16:00-17:30,7,60,可预约,￥15.0,多云,18,16,3,0.0,81,32
2026-05-21 09:40:36,2026-05-21,1,游泳馆,16:00-17:30,7,60,可预约,￥15.0,多云,19,17,3,0.0,79,32
2026-05-21 09:50:42,2026-05-21,1,游泳馆,16:00-17:30,7,60,可预约,￥15.0,多云,19,17,4,0.0,81,32
2026-05-21 10:00:46,2026-05-21,1,游泳馆,16:00-17:30,7,60,可预约,￥15.0,多云,19,17,4,0.0,79,32
2026-05-21 10:10:40,2026-05-21,1,游泳馆,16:00-17:30,7,60,可预约,￥15.0,多云,19,17,4,0.0,79,32
2026-05-21 10:20:38,2026-05-21,1,游泳馆,16:00-17:30,7,60,可预约,￥15.0,多云,19,17,4,0.0,79,32
2026-05-21 10:30:41,2026-05-21,1,游泳馆,16:00-17:30,7,60,可预约,￥15.0,多云,19,18,3,0.0,78,31
2026-05-21 11:00:44,2026-05-21,1,游泳馆,16:00-17:30,7,60,可预约,￥15.0,多云,21,17,5,0.0,74,31
2026-05-21 11:30:38,2026-05-21,1,游泳馆,16:00-17:30,8,60,可预约,￥15.0,多云,21,19,3,0.0,72,33
2026-05-21 12:00:46,2026-05-21,1,游泳馆,16:00-17:30,8,60,可预约,￥15.0,多云,22,19,4,0.0,70,33
2026-05-21 12:30:42,2026-05-21,1,游泳馆,16:00-17:30,8,60,可预约,￥15.0,多云,22,21,3,0.0,68,35
2026-05-21 13:00:43,2026-05-21,1,游泳馆,16:00-17:30,8,60,可预约,￥15.0,多云,24,22,4,0.0,66,35
2026-05-21 13:30:43,2026-05-21,1,游泳馆,16:00-17:30,9,60,可预约,￥15.0,多云,24,22,4,0.0,66,36
2026-05-21 14:00:48,2026-05-21,1,游泳馆,16:00-17:30,12,60,可预约,￥15.0,多云,25,23,4,0.0,66,36
2026-05-21 14:30:45,2026-05-21,1,游泳馆,16:00-17:30,14,60,可预约,￥15.0,晴,25,25,3,0.0,65,39
2026-05-21 15:00:45,2026-05-21,1,游泳馆,16:00-17:30,14,60,可预约,￥15.0,晴,25,22,4,0.0,56,39
2026-05-21 15:30:43,2026-05-21,1,游泳馆,16:00-17:30,16,60,可预约,￥15.0,晴,25,23,4,0.0,57,40
2026-05-21 16:00:51,2026-05-21,1,游泳馆,16:00-17:30,18,60,可预约,￥15.0,晴,25,23,4,0.0,57,40
2026-05-21 16:30:48,2026-05-21,1,游泳馆,16:00-17:30,19,60,可预约,￥15.0,晴,25,24,3,0.0,60,39
2026-05-21 17:00:49,2026-05-21,1,游泳馆,16:00-17:30,19,60,可预约,￥15.0,晴,25,24,4,0.0,61,39
2026-05-21 17:30:47,2026-05-21,1,游泳馆,16:00-17:30,19,60,不开放/已过期,,多云,24,23,3,0.0,64,39
2026-05-21 18:00:50,2026-05-21,1,游泳馆,16:00-17:30,19,60,不开放/已过期,,多云,24,23,3,0.0,68,39
2026-05-21 18:30:50,2026-05-21,1,游泳馆,16:00-17:30,19,60,不开放/已过期,,阴,24,25,2,0.0,68,40
2026-05-21 19:00:50,2026-05-21,1,游泳馆,16:00-17:30,19,60,不开放/已过期,,阴,23,23,3,0.0,76,40
2026-05-21 19:30:46,2026-05-21,1,游泳馆,16:00-17:30,19,60,不开放/已过期,,阴,23,24,2,0.0,77,39
2026-05-21 20:00:49,2026-05-21,1,游泳馆,16:00-17:30,19,60,不开放/已过期,,雾,22,23,2,0.0,89,39
2026-05-21 20:30:44,2026-05-21,1,游泳馆,16:00-17:30,19,60,不开放/已过期,,雾,22,24,2,0.0,93,43
2026-05-21 21:00:56,2026-05-21,1,游泳馆,16:00-17:30,19,60,不开放/已过期,,雾,20,21,2,0.0,98,43
2026-05-21 21:30:46,2026-05-21,1,游泳馆,16:00-17:30,19,60,不开放/已过期,,雾,20,22,1,0.0,99,41
2026-05-21 22:01:02,2026-05-21,1,游泳馆,16:00-17:30,19,60,不开放/已过期,,雾,19,20,2,0.0,93,41
2026-05-21 22:30:47,2026-05-21,1,游泳馆,16:00-17:30,19,60,不开放/已过期,,雾,19,19,3,0.0,88,46
2026-05-21 23:00:56,2026-05-21,1,游泳馆,16:00-17:30,19,60,不开放/已过期,,多云,18,17,3,0.0,85,46
2026-05-21 23:30:55,2026-05-21,1,游泳馆,16:00-17:30,19,60,不开放/已过期,,多云,18,17,3,0.0,85,48
2026-05-21 00:30:49,2026-05-21,1,游泳馆,18:00-19:30,7,60,可预约,￥15.0,多云,15,13,3,0.0,100,26
2026-05-21 01:00:55,2026-05-21,1,游泳馆,18:00-19:30,9,60,可预约,￥15.0,多云,15,12,4,0.0,100,26
2026-05-21 01:30:47,2026-05-21,1,游泳馆,18:00-19:30,9,60,可预约,￥15.0,多云,15,13,4,0.0,100,28
2026-05-21 02:00:53,2026-05-21,1,游泳馆,18:00-19:30,9,60,可预约,￥15.0,多云,15,12,4,0.0,100,28
2026-05-21 02:30:49,2026-05-21,1,游泳馆,18:00-19:30,8,60,可预约,￥15.0,多云,15,14,3,0.0,100,29
2026-05-21 03:00:55,2026-05-21,1,游泳馆,18:00-19:30,8,60,可预约,￥15.0,多云,15,12,4,0.0,100,29
2026-05-21 03:30:49,2026-05-21,1,游泳馆,18:00-19:30,8,60,可预约,￥15.0,多云,15,14,3,0.0,100,30
2026-05-21 04:30:45,2026-05-21,1,游泳馆,18:00-19:30,8,60,可预约,￥15.0,多云,15,12,4,0.0,100,29
2026-05-21 05:00:52,2026-05-21,1,游泳馆,18:00-19:30,8,60,可预约,￥15.0,多云,15,12,4,0.0,100,29
2026-05-21 05:30:49,2026-05-21,1,游泳馆,18:00-19:30,8,60,可预约,￥15.0,多云,15,13,3,0.0,100,28
2026-05-21 06:00:50,2026-05-21,1,游泳馆,18:00-19:30,8,60,可预约,￥15.0,多云,15,13,4,0.0,99,28
2026-05-21 06:30:38,2026-05-21,1,游泳馆,18:00-19:30,8,60,可预约,￥15.0,多云,15,13,3,0.0,97,28
2026-05-21 07:00:43,2026-05-21,1,游泳馆,18:00-19:30,8,60,可预约,￥15.0,晴,15,11,5,0.0,93,28
2026-05-21 07:30:39,2026-05-21,1,游泳馆,18:00-19:30,8,60,可预约,￥15.0,晴,17,13,4,0.0,89,29
2026-05-21 07:50:40,2026-05-21,1,游泳馆,18:00-19:30,8,60,可预约,￥15.0,晴,17,13,4,0.0,88,29
2026-05-21 07:53:31,2026-05-21,1,游泳馆,18:00-19:30,8,60,可预约,￥15.0,晴,17,12,5,0.0,86,29
2026-05-21 07:56:31,2026-05-21,1,游泳馆,18:00-19:30,8,60,可预约,￥15.0,晴,17,12,5,0.0,86,29
2026-05-21 07:59:26,2026-05-21,1,游泳馆,18:00-19:30,8,60,可预约,￥15.0,晴,17,12,5,0.0,86,29
2026-05-21 08:00:45,2026-05-21,1,游泳馆,18:00-19:30,8,60,可预约,￥15.0,晴,17,12,5,0.0,86,29
2026-05-21 08:02:30,2026-05-21,1,游泳馆,18:00-19:30,8,60,可预约,￥15.0,多云,17,12,5,0.0,87,29
2026-05-21 08:05:36,2026-05-21,1,游泳馆,18:00-19:30,8,60,可预约,￥15.0,多云,17,12,5,0.0,86,29
2026-05-21 08:08:31,2026-05-21,1,游泳馆,18:00-19:30,8,60,可预约,￥15.0,多云,17,12,5,0.0,86,29
2026-05-21 08:11:30,2026-05-21,1,游泳馆,18:00-19:30,8,60,可预约,￥15.0,多云,17,12,5,0.0,86,29
2026-05-21 08:14:31,2026-05-21,1,游泳馆,18:00-19:30,8,60,可预约,￥15.0,多云,17,12,5,0.0,86,29
2026-05-21 08:17:30,2026-05-21,1,游泳馆,18:00-19:30,8,60,可预约,￥15.0,多云,17,12,5,0.0,86,29
2026-05-21 08:20:35,2026-05-21,1,游泳馆,18:00-19:30,8,60,可预约,￥15.0,多云,17,14,4,0.0,85,29
2026-05-21 08:25:32,2026-05-21,1,游泳馆,18:00-19:30,8,60,可预约,￥15.0,多云,17,14,4,0.0,85,28
2026-05-21 08:30:42,2026-05-21,1,游泳馆,18:00-19:30,8,60,可预约,￥15.0,多云,18,15,4,0.0,84,28
2026-05-21 08:35:31,2026-05-21,1,游泳馆,18:00-19:30,8,60,可预约,￥15.0,多云,18,15,4,0.0,84,28
2026-05-21 08:40:38,2026-05-21,1,游泳馆,18:00-19:30,8,60,可预约,￥15.0,多云,18,15,4,0.0,82,28
2026-05-21 08:45:33,2026-05-21,1,游泳馆,18:00-19:30,8,60,可预约,￥15.0,多云,18,15,4,0.0,82,28
2026-05-21 08:50:36,2026-05-21,1,游泳馆,18:00-19:30,8,60,可预约,￥15.0,多云,18,15,4,0.0,82,28
2026-05-21 08:55:34,2026-05-21,1,游泳馆,18:00-19:30,8,60,可预约,￥15.0,多云,18,15,4,0.0,84,28
2026-05-21 09:00:51,2026-05-21,1,游泳馆,18:00-19:30,8,60,可预约,￥15.0,多云,18,15,4,0.0,84,28
2026-05-21 09:01:59,2026-05-21,1,游泳馆,18:00-19:30,8,60,可预约,￥15.0,多云,18,15,4,0.0,83,28
2026-05-21 09:05:33,2026-05-21,1,游泳馆,18:00-19:30,8,60,可预约,￥15.0,多云,18,15,4,0.0,83,28
2026-05-21 09:20:38,2026-05-21,1,游泳馆,18:00-19:30,8,60,可预约,￥15.0,多云,18,16,3,0.0,81,28
2026-05-21 09:30:46,2026-05-21,1,游泳馆,18:00-19:30,8,60,可预约,￥15.0,多云,18,16,3,0.0,81,32
2026-05-21 09:40:36,2026-05-21,1,游泳馆,18:00-19:30,8,60,可预约,￥15.0,多云,19,17,3,0.0,79,32
2026-05-21 09:50:42,2026-05-21,1,游泳馆,18:00-19:30,8,60,可预约,￥15.0,多云,19,17,4,0.0,81,32
2026-05-21 10:00:46,2026-05-21,1,游泳馆,18:00-19:30,8,60,可预约,￥15.0,多云,19,17,4,0.0,79,32
2026-05-21 10:10:40,2026-05-21,1,游泳馆,18:00-19:30,8,60,可预约,￥15.0,多云,19,17,4,0.0,79,32
2026-05-21 10:20:38,2026-05-21,1,游泳馆,18:00-19:30,10,60,可预约,￥15.0,多云,19,17,4,0.0,79,32
2026-05-21 10:30:41,2026-05-21,1,游泳馆,18:00-19:30,10,60,可预约,￥15.0,多云,19,18,3,0.0,78,31
2026-05-21 11:00:44,2026-05-21,1,游泳馆,18:00-19:30,10,60,可预约,￥15.0,多云,21,17,5,0.0,74,31
2026-05-21 11:30:38,2026-05-21,1,游泳馆,18:00-19:30,10,60,可预约,￥15.0,多云,21,19,3,0.0,72,33
2026-05-21 12:00:46,2026-05-21,1,游泳馆,18:00-19:30,10,60,可预约,￥15.0,多云,22,19,4,0.0,70,33
2026-05-21 12:30:42,2026-05-21,1,游泳馆,18:00-19:30,10,60,可预约,￥15.0,多云,22,21,3,0.0,68,35
2026-05-21 13:00:43,2026-05-21,1,游泳馆,18:00-19:30,10,60,可预约,￥15.0,多云,24,22,4,0.0,66,35
2026-05-21 13:30:43,2026-05-21,1,游泳馆,18:00-19:30,10,60,可预约,￥15.0,多云,24,22,4,0.0,66,36
2026-05-21 14:00:48,2026-05-21,1,游泳馆,18:00-19:30,10,60,可预约,￥15.0,多云,25,23,4,0.0,66,36
2026-05-21 14:30:45,2026-05-21,1,游泳馆,18:00-19:30,13,60,可预约,￥15.0,晴,25,25,3,0.0,65,39
2026-05-21 15:00:45,2026-05-21,1,游泳馆,18:00-19:30,13,60,可预约,￥15.0,晴,25,22,4,0.0,56,39
2026-05-21 15:30:43,2026-05-21,1,游泳馆,18:00-19:30,13,60,可预约,￥15.0,晴,25,23,4,0.0,57,40
2026-05-21 16:00:51,2026-05-21,1,游泳馆,18:00-19:30,13,60,可预约,￥15.0,晴,25,23,4,0.0,57,40
2026-05-21 16:30:48,2026-05-21,1,游泳馆,18:00-19:30,13,60,可预约,￥15.0,晴,25,24,3,0.0,60,39
2026-05-21 17:00:49,2026-05-21,1,游泳馆,18:00-19:30,14,60,可预约,￥15.0,晴,25,24,4,0.0,61,39
2026-05-21 17:30:47,2026-05-21,1,游泳馆,18:00-19:30,16,60,可预约,￥15.0,多云,24,23,3,0.0,64,39
2026-05-21 18:00:50,2026-05-21,1,游泳馆,18:00-19:30,20,60,可预约,￥15.0,多云,24,23,3,0.0,68,39
2026-05-21 18:30:50,2026-05-21,1,游泳馆,18:00-19:30,22,60,可预约,￥15.0,阴,24,25,2,0.0,68,40
2026-05-21 19:00:50,2026-05-21,1,游泳馆,18:00-19:30,23,60,可预约,￥15.0,阴,23,23,3,0.0,76,40
2026-05-21 19:30:46,2026-05-21,1,游泳馆,18:00-19:30,23,60,不开放/已过期,,阴,23,24,2,0.0,77,39
2026-05-21 20:00:49,2026-05-21,1,游泳馆,18:00-19:30,23,60,不开放/已过期,,雾,22,23,2,0.0,89,39
2026-05-21 20:30:44,2026-05-21,1,游泳馆,18:00-19:30,23,60,不开放/已过期,,雾,22,24,2,0.0,93,43
2026-05-21 21:00:56,2026-05-21,1,游泳馆,18:00-19:30,23,60,不开放/已过期,,雾,20,21,2,0.0,98,43
2026-05-21 21:30:46,2026-05-21,1,游泳馆,18:00-19:30,23,60,不开放/已过期,,雾,20,22,1,0.0,99,41
2026-05-21 22:01:02,2026-05-21,1,游泳馆,18:00-19:30,23,60,不开放/已过期,,雾,19,20,2,0.0,93,41
2026-05-21 22:30:47,2026-05-21,1,游泳馆,18:00-19:30,23,60,不开放/已过期,,雾,19,19,3,0.0,88,46
2026-05-21 23:00:56,2026-05-21,1,游泳馆,18:00-19:30,23,60,不开放/已过期,,多云,18,17,3,0.0,85,46
2026-05-21 23:30:55,2026-05-21,1,游泳馆,18:00-19:30,23,60,不开放/已过期,,多云,18,17,3,0.0,85,48
2026-05-21 00:30:49,2026-05-21,1,游泳馆,20:00-21:30,11,60,可预约,￥15.0,多云,15,13,3,0.0,100,26
2026-05-21 01:00:55,2026-05-21,1,游泳馆,20:00-21:30,11,60,可预约,￥15.0,多云,15,12,4,0.0,100,26
2026-05-21 01:30:47,2026-05-21,1,游泳馆,20:00-21:30,11,60,可预约,￥15.0,多云,15,13,4,0.0,100,28
2026-05-21 02:00:53,2026-05-21,1,游泳馆,20:00-21:30,11,60,可预约,￥15.0,多云,15,12,4,0.0,100,28
2026-05-21 02:30:49,2026-05-21,1,游泳馆,20:00-21:30,11,60,可预约,￥15.0,多云,15,14,3,0.0,100,29
2026-05-21 03:00:55,2026-05-21,1,游泳馆,20:00-21:30,11,60,可预约,￥15.0,多云,15,12,4,0.0,100,29
2026-05-21 03:30:49,2026-05-21,1,游泳馆,20:00-21:30,11,60,可预约,￥15.0,多云,15,14,3,0.0,100,30
2026-05-21 04:30:45,2026-05-21,1,游泳馆,20:00-21:30,11,60,可预约,￥15.0,多云,15,12,4,0.0,100,29
2026-05-21 05:00:52,2026-05-21,1,游泳馆,20:00-21:30,11,60,可预约,￥15.0,多云,15,12,4,0.0,100,29
2026-05-21 05:30:49,2026-05-21,1,游泳馆,20:00-21:30,11,60,可预约,￥15.0,多云,15,13,3,0.0,100,28
2026-05-21 06:00:50,2026-05-21,1,游泳馆,20:00-21:30,11,60,可预约,￥15.0,多云,15,13,4,0.0,99,28
2026-05-21 06:30:38,2026-05-21,1,游泳馆,20:00-21:30,11,60,可预约,￥15.0,多云,15,13,3,0.0,97,28
2026-05-21 07:00:43,2026-05-21,1,游泳馆,20:00-21:30,11,60,可预约,￥15.0,晴,15,11,5,0.0,93,28
2026-05-21 07:30:39,2026-05-21,1,游泳馆,20:00-21:30,11,60,可预约,￥15.0,晴,17,13,4,0.0,89,29
2026-05-21 07:50:40,2026-05-21,1,游泳馆,20:00-21:30,11,60,可预约,￥15.0,晴,17,13,4,0.0,88,29
2026-05-21 07:53:31,2026-05-21,1,游泳馆,20:00-21:30,11,60,可预约,￥15.0,晴,17,12,5,0.0,86,29
2026-05-21 07:56:31,2026-05-21,1,游泳馆,20:00-21:30,11,60,可预约,￥15.0,晴,17,12,5,0.0,86,29
2026-05-21 07:59:26,2026-05-21,1,游泳馆,20:00-21:30,11,60,可预约,￥15.0,晴,17,12,5,0.0,86,29
2026-05-21 08:00:45,2026-05-21,1,游泳馆,20:00-21:30,11,60,可预约,￥15.0,晴,17,12,5,0.0,86,29
2026-05-21 08:02:30,2026-05-21,1,游泳馆,20:00-21:30,11,60,可预约,￥15.0,多云,17,12,5,0.0,87,29
2026-05-21 08:05:36,2026-05-21,1,游泳馆,20:00-21:30,11,60,可预约,￥15.0,多云,17,12,5,0.0,86,29
2026-05-21 08:08:31,2026-05-21,1,游泳馆,20:00-21:30,11,60,可预约,￥15.0,多云,17,12,5,0.0,86,29
2026-05-21 08:11:30,2026-05-21,1,游泳馆,20:00-21:30,11,60,可预约,￥15.0,多云,17,12,5,0.0,86,29
2026-05-21 08:14:31,2026-05-21,1,游泳馆,20:00-21:30,11,60,可预约,￥15.0,多云,17,12,5,0.0,86,29
2026-05-21 08:17:30,2026-05-21,1,游泳馆,20:00-21:30,11,60,可预约,￥15.0,多云,17,12,5,0.0,86,29
2026-05-21 08:20:35,2026-05-21,1,游泳馆,20:00-21:30,11,60,可预约,￥15.0,多云,17,14,4,0.0,85,29
2026-05-21 08:25:32,2026-05-21,1,游泳馆,20:00-21:30,11,60,可预约,￥15.0,多云,17,14,4,0.0,85,28
2026-05-21 08:30:42,2026-05-21,1,游泳馆,20:00-21:30,11,60,可预约,￥15.0,多云,18,15,4,0.0,84,28
2026-05-21 08:35:31,2026-05-21,1,游泳馆,20:00-21:30,11,60,可预约,￥15.0,多云,18,15,4,0.0,84,28
2026-05-21 08:40:38,2026-05-21,1,游泳馆,20:00-21:30,11,60,可预约,￥15.0,多云,18,15,4,0.0,82,28
2026-05-21 08:45:33,2026-05-21,1,游泳馆,20:00-21:30,11,60,可预约,￥15.0,多云,18,15,4,0.0,82,28
2026-05-21 08:50:36,2026-05-21,1,游泳馆,20:00-21:30,11,60,可预约,￥15.0,多云,18,15,4,0.0,82,28
2026-05-21 08:55:34,2026-05-21,1,游泳馆,20:00-21:30,11,60,可预约,￥15.0,多云,18,15,4,0.0,84,28
2026-05-21 09:00:51,2026-05-21,1,游泳馆,20:00-21:30,12,60,可预约,￥15.0,多云,18,15,4,0.0,84,28
2026-05-21 09:01:59,2026-05-21,1,游泳馆,20:00-21:30,12,60,可预约,￥15.0,多云,18,15,4,0.0,83,28
2026-05-21 09:05:33,2026-05-21,1,游泳馆,20:00-21:30,12,60,可预约,￥15.0,多云,18,15,4,0.0,83,28
2026-05-21 09:20:38,2026-05-21,1,游泳馆,20:00-21:30,12,60,可预约,￥15.0,多云,18,16,3,0.0,81,28
2026-05-21 09:30:46,2026-05-21,1,游泳馆,20:00-21:30,12,60,可预约,￥15.0,多云,18,16,3,0.0,81,32
2026-05-21 09:40:36,2026-05-21,1,游泳馆,20:00-21:30,12,60,可预约,￥15.0,多云,19,17,3,0.0,79,32
2026-05-21 09:50:42,2026-05-21,1,游泳馆,20:00-21:30,12,60,可预约,￥15.0,多云,19,17,4,0.0,81,32
2026-05-21 10:00:46,2026-05-21,1,游泳馆,20:00-21:30,12,60,可预约,￥15.0,多云,19,17,4,0.0,79,32
2026-05-21 10:10:40,2026-05-21,1,游泳馆,20:00-21:30,12,60,可预约,￥15.0,多云,19,17,4,0.0,79,32
2026-05-21 10:20:38,2026-05-21,1,游泳馆,20:00-21:30,12,60,可预约,￥15.0,多云,19,17,4,0.0,79,32
2026-05-21 10:30:41,2026-05-21,1,游泳馆,20:00-21:30,12,60,可预约,￥15.0,多云,19,18,3,0.0,78,31
2026-05-21 11:00:44,2026-05-21,1,游泳馆,20:00-21:30,14,60,可预约,￥15.0,多云,21,17,5,0.0,74,31
2026-05-21 11:30:38,2026-05-21,1,游泳馆,20:00-21:30,14,60,可预约,￥15.0,多云,21,19,3,0.0,72,33
2026-05-21 12:00:46,2026-05-21,1,游泳馆,20:00-21:30,14,60,可预约,￥15.0,多云,22,19,4,0.0,70,33
2026-05-21 12:30:42,2026-05-21,1,游泳馆,20:00-21:30,16,60,可预约,￥15.0,多云,22,21,3,0.0,68,35
2026-05-21 13:00:43,2026-05-21,1,游泳馆,20:00-21:30,18,60,可预约,￥15.0,多云,24,22,4,0.0,66,35
2026-05-21 13:30:43,2026-05-21,1,游泳馆,20:00-21:30,18,60,可预约,￥15.0,多云,24,22,4,0.0,66,36
2026-05-21 14:00:48,2026-05-21,1,游泳馆,20:00-21:30,18,60,可预约,￥15.0,多云,25,23,4,0.0,66,36
2026-05-21 14:30:45,2026-05-21,1,游泳馆,20:00-21:30,18,60,可预约,￥15.0,晴,25,25,3,0.0,65,39
2026-05-21 15:00:45,2026-05-21,1,游泳馆,20:00-21:30,19,60,可预约,￥15.0,晴,25,22,4,0.0,56,39
2026-05-21 15:30:43,2026-05-21,1,游泳馆,20:00-21:30,20,60,可预约,￥15.0,晴,25,23,4,0.0,57,40
2026-05-21 16:00:51,2026-05-21,1,游泳馆,20:00-21:30,23,60,可预约,￥15.0,晴,25,23,4,0.0,57,40
2026-05-21 16:30:48,2026-05-21,1,游泳馆,20:00-21:30,23,60,可预约,￥15.0,晴,25,24,3,0.0,60,39
2026-05-21 17:00:49,2026-05-21,1,游泳馆,20:00-21:30,21,60,可预约,￥15.0,晴,25,24,4,0.0,61,39
2026-05-21 17:30:47,2026-05-21,1,游泳馆,20:00-21:30,22,60,可预约,￥15.0,多云,24,23,3,0.0,64,39
2026-05-21 18:00:50,2026-05-21,1,游泳馆,20:00-21:30,22,60,可预约,￥15.0,多云,24,23,3,0.0,68,39
2026-05-21 18:30:50,2026-05-21,1,游泳馆,20:00-21:30,23,60,可预约,￥15.0,阴,24,25,2,0.0,68,40
2026-05-21 19:00:50,2026-05-21,1,游泳馆,20:00-21:30,25,60,可预约,￥15.0,阴,23,23,3,0.0,76,40
2026-05-21 19:30:46,2026-05-21,1,游泳馆,20:00-21:30,27,60,可预约,￥15.0,阴,23,24,2,0.0,77,39
2026-05-21 20:00:49,2026-05-21,1,游泳馆,20:00-21:30,33,60,可预约,￥15.0,雾,22,23,2,0.0,89,39
2026-05-21 20:30:44,2026-05-21,1,游泳馆,20:00-21:30,35,60,可预约,￥15.0,雾,22,24,2,0.0,93,43
2026-05-21 21:00:56,2026-05-21,1,游泳馆,20:00-21:30,35,60,可预约,￥15.0,雾,20,21,2,0.0,98,43
2026-05-21 21:30:46,2026-05-21,1,游泳馆,20:00-21:30,35,60,不开放/已过期,,雾,20,22,1,0.0,99,41
2026-05-21 22:01:02,2026-05-21,1,游泳馆,20:00-21:30,35,60,不开放/已过期,,雾,19,20,2,0.0,93,41
2026-05-21 22:30:47,2026-05-21,1,游泳馆,20:00-21:30,35,60,不开放/已过期,,雾,19,19,3,0.0,88,46
2026-05-21 23:00:56,2026-05-21,1,游泳馆,20:00-21:30,35,60,不开放/已过期,,多云,18,17,3,0.0,85,46
2026-05-21 23:30:55,2026-05-21,1,游泳馆,20:00-21:30,35,60,不开放/已过期,,多云,18,17,3,0.0,85,48
2026-05-21 00:30:49,2026-05-21,2,乒乓球厅-10号,07:00-08:00,0,1,可预约,￥0.0,多云,15,13,3,0.0,100,26
2026-05-21 01:00:55,2026-05-21,2,乒乓球厅-10号,07:00-08:00,0,1,可预约,￥0.0,多云,15,12,4,0.0,100,26
2026-05-21 01:30:47,2026-05-21,2,乒乓球厅-10号,07:00-08:00,0,1,可预约,￥0.0,多云,15,13,4,0.0,100,28
2026-05-21 02:00:53,2026-05-21,2,乒乓球厅-10号,07:00-08:00,0,1,可预约,￥0.0,多云,15,12,4,0.0,100,28
2026-05-21 02:30:49,2026-05-21,2,乒乓球厅-10号,07:00-08:00,0,1,可预约,￥0.0,多云,15,14,3,0.0,100,29
2026-05-21 03:00:55,2026-05-21,2,乒乓球厅-10号,07:00-08:00,0,1,可预约,￥0.0,多云,15,12,4,0.0,100,29
2026-05-21 03:30:49,2026-05-21,2,乒乓球厅-10号,07:00-08:00,0,1,可预约,￥0.0,多云,15,14,3,0.0,100,30
2026-05-21 04:30:45,2026-05-21,2,乒乓球厅-10号,07:00-08:00,0,1,可预约,￥0.0,多云,15,12,4,0.0,100,29
2026-05-21 05:00:52,2026-05-21,2,乒乓球厅-10号,07:00-08:00,0,1,可预约,￥0.0,多云,15,12,4,0.0,100,29
2026-05-21 05:30:49,2026-05-21,2,乒乓球厅-10号,07:00-08:00,0,1,可预约,￥0.0,多云,15,13,3,0.0,100,28
2026-05-21 06:00:50,2026-05-21,2,乒乓球厅-10号,07:00-08:00,0,1,可预约,￥0.0,多云,15,13,4,0.0,99,28
2026-05-21 06:30:38,2026-05-21,2,乒乓球厅-10号,07:00-08:00,0,1,可预约,￥0.0,多云,15,13,3,0.0,97,28
2026-05-21 07:00:43,2026-05-21,2,乒乓球厅-10号,07:00-08:00,0,1,可预约,￥0.0,晴,15,11,5,0.0,93,28
2026-05-21 07:30:39,2026-05-21,2,乒乓球厅-10号,07:00-08:00,0,1,可预约,￥0.0,晴,17,13,4,0.0,89,29
2026-05-21 07:50:40,2026-05-21,2,乒乓球厅-10号,07:00-08:00,0,1,可预约,￥0.0,晴,17,13,4,0.0,88,29
2026-05-21 07:53:31,2026-05-21,2,乒乓球厅-10号,07:00-08:00,0,1,可预约,￥0.0,晴,17,12,5,0.0,86,29
2026-05-21 07:56:31,2026-05-21,2,乒乓球厅-10号,07:00-08:00,0,1,可预约,￥0.0,晴,17,12,5,0.0,86,29
2026-05-21 07:59:26,2026-05-21,2,乒乓球厅-10号,07:00-08:00,0,1,可预约,￥0.0,晴,17,12,5,0.0,86,29
2026-05-21 08:00:45,2026-05-21,2,乒乓球厅-10号,07:00-08:00,0,1,不开放/已过期,,晴,17,12,5,0.0,86,29
2026-05-21 08:02:30,2026-05-21,2,乒乓球厅-10号,07:00-08:00,0,1,不开放/已过期,,多云,17,12,5,0.0,87,29
2026-05-21 08:05:36,2026-05-21,2,乒乓球厅-10号,07:00-08:00,0,1,不开放/已过期,,多云,17,12,5,0.0,86,29
2026-05-21 08:08:31,2026-05-21,2,乒乓球厅-10号,07:00-08:00,0,1,不开放/已过期,,多云,17,12,5,0.0,86,29
2026-05-21 08:11:30,2026-05-21,2,乒乓球厅-10号,07:00-08:00,0,1,不开放/已过期,,多云,17,12,5,0.0,86,29
2026-05-21 08:14:31,2026-05-21,2,乒乓球厅-10号,07:00-08:00,0,1,不开放/已过期,,多云,17,12,5,0.0,86,29
2026-05-21 08:17:30,2026-05-21,2,乒乓球厅-10号,07:00-08:00,0,1,不开放/已过期,,多云,17,12,5,0.0,86,29
2026-05-21 08:20:35,2026-05-21,2,乒乓球厅-10号,07:00-08:00,0,1,不开放/已过期,,多云,17,14,4,0.0,85,29
2026-05-21 08:25:32,2026-05-21,2,乒乓球厅-10号,07:00-08:00,0,1,不开放/已过期,,多云,17,14,4,0.0,85,28
2026-05-21 08:30:42,2026-05-21,2,乒乓球厅-10号,07:00-08:00,0,1,不开放/已过期,,多云,18,15,4,0.0,84,28
2026-05-21 08:35:31,2026-05-21,2,乒乓球厅-10号,07:00-08:00,0,1,不开放/已过期,,多云,18,15,4,0.0,84,28
2026-05-21 08:40:38,2026-05-21,2,乒乓球厅-10号,07:00-08:00,0,1,不开放/已过期,,多云,18,15,4,0.0,82,28
2026-05-21 08:45:33,2026-05-21,2,乒乓球厅-10号,07:00-08:00,0,1,不开放/已过期,,多云,18,15,4,0.0,82,28
2026-05-21 08:50:36,2026-05-21,2,乒乓球厅-10号,07:00-08:00,0,1,不开放/已过期,,多云,18,15,4,0.0,82,28
2026-05-21 08:55:34,2026-05-21,2,乒乓球厅-10号,07:00-08:00,0,1,不开放/已过期,,多云,18,15,4,0.0,84,28
2026-05-21 09:00:51,2026-05-21,2,乒乓球厅-10号,07:00-08:00,0,1,不开放/已过期,,多云,18,15,4,0.0,84,28
2026-05-21 09:01:59,2026-05-21,2,乒乓球厅-10号,07:00-08:00,0,1,不开放/已过期,,多云,18,15,4,0.0,83,28
2026-05-21 09:05:33,2026-05-21,2,乒乓球厅-10号,07:00-08:00,0,1,不开放/已过期,,多云,18,15,4,0.0,83,28
2026-05-21 09:20:38,2026-05-21,2,乒乓球厅-10号,07:00-08:00,0,1,不开放/已过期,,多云,18,16,3,0.0,81,28
2026-05-21 09:30:46,2026-05-21,2,乒乓球厅-10号,07:00-08:00,0,1,不开放/已过期,,多云,18,16,3,0.0,81,32
2026-05-21 09:40:36,2026-05-21,2,乒乓球厅-10号,07:00-08:00,0,1,不开放/已过期,,多云,19,17,3,0.0,79,32
2026-05-21 09:50:42,2026-05-21,2,乒乓球厅-10号,07:00-08:00,0,1,不开放/已过期,,多云,19,17,4,0.0,81,32
2026-05-21 10:00:46,2026-05-21,2,乒乓球厅-10号,07:00-08:00,0,1,不开放/已过期,,多云,19,17,4,0.0,79,32
2026-05-21 10:10:40,2026-05-21,2,乒乓球厅-10号,07:00-08:00,0,1,不开放/已过期,,多云,19,17,4,0.0,79,32
2026-05-21 10:20:38,2026-05-21,2,乒乓球厅-10号,07:00-08:00,0,1,不开放/已过期,,多云,19,17,4,0.0,79,32
2026-05-21 10:30:41,2026-05-21,2,乒乓球厅-10号,07:00-08:00,0,1,不开放/已过期,,多云,19,18,3,0.0,78,31
2026-05-21 11:00:44,2026-05-21,2,乒乓球厅-10号,07:00-08:00,0,1,不开放/已过期,,多云,21,17,5,0.0,74,31
2026-05-21 11:30:38,2026-05-21,2,乒乓球厅-10号,07:00-08:00,0,1,不开放/已过期,,多云,21,19,3,0.0,72,33
2026-05-21 12:00:46,2026-05-21,2,乒乓球厅-10号,07:00-08:00,0,1,不开放/已过期,,多云,22,19,4,0.0,70,33
2026-05-21 12:30:42,2026-05-21,2,乒乓球厅-10号,07:00-08:00,0,1,不开放/已过期,,多云,22,21,3,0.0,68,35
2026-05-21 13:00:43,2026-05-21,2,乒乓球厅-10号,07:00-08:00,0,1,不开放/已过期,,多云,24,22,4,0.0,66,35
2026-05-21 13:30:43,2026-05-21,2,乒乓球厅-10号,07:00-08:00,0,1,不开放/已过期,,多云,24,22,4,0.0,66,36
2026-05-21 14:00:48,2026-05-21,2,乒乓球厅-10号,07:00-08:00,0,1,不开放/已过期,,多云,25,23,4,0.0,66,36
2026-05-21 14:30:45,2026-05-21,2,乒乓球厅-10号,07:00-08:00,0,1,不开放/已过期,,晴,25,25,3,0.0,65,39
2026-05-21 15:00:45,2026-05-21,2,乒乓球厅-10号,07:00-08:00,0,1,不开放/已过期,,晴,25,22,4,0.0,56,39
2026-05-21 15:30:43,2026-05-21,2,乒乓球厅-10号,07:00-08:00,0,1,不开放/已过期,,晴,25,23,4,0.0,57,40
2026-05-21 16:00:51,2026-05-21,2,乒乓球厅-10号,07:00-08:00,0,1,不开放/已过期,,晴,25,23,4,0.0,57,40
2026-05-21 16:30:48,2026-05-21,2,乒乓球厅-10号,07:00-08:00,0,1,不开放/已过期,,晴,25,24,3,0.0,60,39
2026-05-21 17:00:49,2026-05-21,2,乒乓球厅-10号,07:00-08:00,0,1,不开放/已过期,,晴,25,24,4,0.0,61,39
2026-05-21 17:30:47,2026-05-21,2,乒乓球厅-10号,07:00-08:00,0,1,不开放/已过期,,多云,24,23,3,0.0,64,39
2026-05-21 18:00:50,2026-05-21,2,乒乓球厅-10号,07:00-08:00,0,1,不开放/已过期,,多云,24,23,3,0.0,68,39
2026-05-21 18:30:50,2026-05-21,2,乒乓球厅-10号,07:00-08:00,0,1,不开放/已过期,,阴,24,25,2,0.0,68,40
2026-05-21 19:00:50,2026-05-21,2,乒乓球厅-10号,07:00-08:00,0,1,不开放/已过期,,阴,23,23,3,0.0,76,40
2026-05-21 19:30:46,2026-05-21,2,乒乓球厅-10号,07:00-08:00,0,1,不开放/已过期,,阴,23,24,2,0.0,77,39
2026-05-21 20:00:49,2026-05-21,2,乒乓球厅-10号,07:00-08:00,0,1,不开放/已过期,,雾,22,23,2,0.0,89,39
2026-05-21 20:30:44,2026-05-21,2,乒乓球厅-10号,07:00-08:00,0,1,不开放/已过期,,雾,22,24,2,0.0,93,43
2026-05-21 21:00:56,2026-05-21,2,乒乓球厅-10号,07:00-08:00,0,1,不开放/已过期,,雾,20,21,2,0.0,98,43
2026-05-21 21:30:46,2026-05-21,2,乒乓球厅-10号,07:00-08:00,0,1,不开放/已过期,,雾,20,22,1,0.0,99,41
2026-05-21 22:01:02,2026-05-21,2,乒乓球厅-10号,07:00-08:00,0,1,不开放/已过期,,雾,19,20,2,0.0,93,41
2026-05-21 22:30:47,2026-05-21,2,乒乓球厅-10号,07:00-08:00,0,1,不开放/已过期,,雾,19,19,3,0.0,88,46
2026-05-21 23:00:56,2026-05-21,2,乒乓球厅-10号,07:00-08:00,0,1,不开放/已过期,,多云,18,17,3,0.0,85,46
2026-05-21 23:30:55,2026-05-21,2,乒乓球厅-10号,07:00-08:00,0,1,不开放/已过期,,多云,18,17,3,0.0,85,48
2026-05-21 00:30:49,2026-05-21,2,乒乓球厅-10号,08:00-09:00,0,1,可预约,￥0.0,多云,15,13,3,0.0,100,26
2026-05-21 01:00:55,2026-05-21,2,乒乓球厅-10号,08:00-09:00,0,1,可预约,￥0.0,多云,15,12,4,0.0,100,26
2026-05-21 01:30:47,2026-05-21,2,乒乓球厅-10号,08:00-09:00,0,1,可预约,￥0.0,多云,15,13,4,0.0,100,28
2026-05-21 02:00:53,2026-05-21,2,乒乓球厅-10号,08:00-09:00,0,1,可预约,￥0.0,多云,15,12,4,0.0,100,28
2026-05-21 02:30:49,2026-05-21,2,乒乓球厅-10号,08:00-09:00,0,1,可预约,￥0.0,多云,15,14,3,0.0,100,29
2026-05-21 03:00:55,2026-05-21,2,乒乓球厅-10号,08:00-09:00,0,1,可预约,￥0.0,多云,15,12,4,0.0,100,29
2026-05-21 03:30:49,2026-05-21,2,乒乓球厅-10号,08:00-09:00,0,1,可预约,￥0.0,多云,15,14,3,0.0,100,30
2026-05-21 04:30:45,2026-05-21,2,乒乓球厅-10号,08:00-09:00,0,1,可预约,￥0.0,多云,15,12,4,0.0,100,29
2026-05-21 05:00:52,2026-05-21,2,乒乓球厅-10号,08:00-09:00,0,1,可预约,￥0.0,多云,15,12,4,0.0,100,29
2026-05-21 05:30:49,2026-05-21,2,乒乓球厅-10号,08:00-09:00,0,1,可预约,￥0.0,多云,15,13,3,0.0,100,28
2026-05-21 06:00:50,2026-05-21,2,乒乓球厅-10号,08:00-09:00,0,1,可预约,￥0.0,多云,15,13,4,0.0,99,28
2026-05-21 06:30:38,2026-05-21,2,乒乓球厅-10号,08:00-09:00,0,1,可预约,￥0.0,多云,15,13,3,0.0,97,28
2026-05-21 07:00:43,2026-05-21,2,乒乓球厅-10号,08:00-09:00,0,1,可预约,￥0.0,晴,15,11,5,0.0,93,28
2026-05-21 07:30:39,2026-05-21,2,乒乓球厅-10号,08:00-09:00,0,1,可预约,￥0.0,晴,17,13,4,0.0,89,29
2026-05-21 07:50:40,2026-05-21,2,乒乓球厅-10号,08:00-09:00,0,1,可预约,￥0.0,晴,17,13,4,0.0,88,29
2026-05-21 07:53:31,2026-05-21,2,乒乓球厅-10号,08:00-09:00,0,1,可预约,￥0.0,晴,17,12,5,0.0,86,29
2026-05-21 07:56:31,2026-05-21,2,乒乓球厅-10号,08:00-09:00,0,1,可预约,￥0.0,晴,17,12,5,0.0,86,29
2026-05-21 07:59:26,2026-05-21,2,乒乓球厅-10号,08:00-09:00,0,1,可预约,￥0.0,晴,17,12,5,0.0,86,29
2026-05-21 08:00:45,2026-05-21,2,乒乓球厅-10号,08:00-09:00,0,1,可预约,￥0.0,晴,17,12,5,0.0,86,29
2026-05-21 08:02:30,2026-05-21,2,乒乓球厅-10号,08:00-09:00,0,1,可预约,￥0.0,多云,17,12,5,0.0,87,29
2026-05-21 08:05:36,2026-05-21,2,乒乓球厅-10号,08:00-09:00,0,1,可预约,￥0.0,多云,17,12,5,0.0,86,29
2026-05-21 08:08:31,2026-05-21,2,乒乓球厅-10号,08:00-09:00,0,1,可预约,￥0.0,多云,17,12,5,0.0,86,29
2026-05-21 08:11:30,2026-05-21,2,乒乓球厅-10号,08:00-09:00,0,1,可预约,￥0.0,多云,17,12,5,0.0,86,29
2026-05-21 08:14:31,2026-05-21,2,乒乓球厅-10号,08:00-09:00,0,1,可预约,￥0.0,多云,17,12,5,0.0,86,29
2026-05-21 08:17:30,2026-05-21,2,乒乓球厅-10号,08:00-09:00,0,1,可预约,￥0.0,多云,17,12,5,0.0,86,29
2026-05-21 08:20:35,2026-05-21,2,乒乓球厅-10号,08:00-09:00,0,1,可预约,￥0.0,多云,17,14,4,0.0,85,29
2026-05-21 08:25:32,2026-05-21,2,乒乓球厅-10号,08:00-09:00,0,1,可预约,￥0.0,多云,17,14,4,0.0,85,28
2026-05-21 08:30:42,2026-05-21,2,乒乓球厅-10号,08:00-09:00,0,1,可预约,￥0.0,多云,18,15,4,0.0,84,28
2026-05-21 08:35:31,2026-05-21,2,乒乓球厅-10号,08:00-09:00,0,1,可预约,￥0.0,多云,18,15,4,0.0,84,28
2026-05-21 08:40:38,2026-05-21,2,乒乓球厅-10号,08:00-09:00,0,1,可预约,￥0.0,多云,18,15,4,0.0,82,28
2026-05-21 08:45:33,2026-05-21,2,乒乓球厅-10号,08:00-09:00,0,1,可预约,￥0.0,多云,18,15,4,0.0,82,28
2026-05-21 08:50:36,2026-05-21,2,乒乓球厅-10号,08:00-09:00,0,1,可预约,￥0.0,多云,18,15,4,0.0,82,28
2026-05-21 08:55:34,2026-05-21,2,乒乓球厅-10号,08:00-09:00,0,1,可预约,￥0.0,多云,18,15,4,0.0,84,28
2026-05-21 09:00:51,2026-05-21,2,乒乓球厅-10号,08:00-09:00,0,1,不开放/已过期,,多云,18,15,4,0.0,84,28
2026-05-21 09:01:59,2026-05-21,2,乒乓球厅-10号,08:00-09:00,0,1,不开放/已过期,,多云,18,15,4,0.0,83,28
2026-05-21 09:05:33,2026-05-21,2,乒乓球厅-10号,08:00-09:00,0,1,不开放/已过期,,多云,18,15,4,0.0,83,28
2026-05-21 09:20:38,2026-05-21,2,乒乓球厅-10号,08:00-09:00,0,1,不开放/已过期,,多云,18,16,3,0.0,81,28
2026-05-21 09:30:46,2026-05-21,2,乒乓球厅-10号,08:00-09:00,0,1,不开放/已过期,,多云,18,16,3,0.0,81,32
2026-05-21 09:40:36,2026-05-21,2,乒乓球厅-10号,08:00-09:00,0,1,不开放/已过期,,多云,19,17,3,0.0,79,32
2026-05-21 09:50:42,2026-05-21,2,乒乓球厅-10号,08:00-09:00,0,1,不开放/已过期,,多云,19,17,4,0.0,81,32
2026-05-21 10:00:46,2026-05-21,2,乒乓球厅-10号,08:00-09:00,0,1,不开放/已过期,,多云,19,17,4,0.0,79,32
2026-05-21 10:10:40,2026-05-21,2,乒乓球厅-10号,08:00-09:00,0,1,不开放/已过期,,多云,19,17,4,0.0,79,32
2026-05-21 10:20:38,2026-05-21,2,乒乓球厅-10号,08:00-09:00,0,1,不开放/已过期,,多云,19,17,4,0.0,79,32
2026-05-21 10:30:41,2026-05-21,2,乒乓球厅-10号,08:00-09:00,0,1,不开放/已过期,,多云,19,18,3,0.0,78,31
2026-05-21 11:00:44,2026-05-21,2,乒乓球厅-10号,08:00-09:00,0,1,不开放/已过期,,多云,21,17,5,0.0,74,31
2026-05-21 11:30:38,2026-05-21,2,乒乓球厅-10号,08:00-09:00,0,1,不开放/已过期,,多云,21,19,3,0.0,72,33
2026-05-21 12:00:46,2026-05-21,2,乒乓球厅-10号,08:00-09:00,0,1,不开放/已过期,,多云,22,19,4,0.0,70,33
2026-05-21 12:30:42,2026-05-21,2,乒乓球厅-10号,08:00-09:00,0,1,不开放/已过期,,多云,22,21,3,0.0,68,35
2026-05-21 13:00:43,2026-05-21,2,乒乓球厅-10号,08:00-09:00,0,1,不开放/已过期,,多云,24,22,4,0.0,66,35
2026-05-21 13:30:43,2026-05-21,2,乒乓球厅-10号,08:00-09:00,0,1,不开放/已过期,,多云,24,22,4,0.0,66,36
2026-05-21 14:00:48,2026-05-21,2,乒乓球厅-10号,08:00-09:00,0,1,不开放/已过期,,多云,25,23,4,0.0,66,36
2026-05-21 14:30:45,2026-05-21,2,乒乓球厅-10号,08:00-09:00,0,1,不开放/已过期,,晴,25,25,3,0.0,65,39
2026-05-21 15:00:45,2026-05-21,2,乒乓球厅-10号,08:00-09:00,0,1,不开放/已过期,,晴,25,22,4,0.0,56,39
2026-05-21 15:30:43,2026-05-21,2,乒乓球厅-10号,08:00-09:00,0,1,不开放/已过期,,晴,25,23,4,0.0,57,40
2026-05-21 16:00:51,2026-05-21,2,乒乓球厅-10号,08:00-09:00,0,1,不开放/已过期,,晴,25,23,4,0.0,57,40
2026-05-21 16:30:48,2026-05-21,2,乒乓球厅-10号,08:00-09:00,0,1,不开放/已过期,,晴,25,24,3,0.0,60,39
2026-05-21 17:00:49,2026-05-21,2,乒乓球厅-10号,08:00-09:00,0,1,不开放/已过期,,晴,25,24,4,0.0,61,39
2026-05-21 17:30:47,2026-05-21,2,乒乓球厅-10号,08:00-09:00,0,1,不开放/已过期,,多云,24,23,3,0.0,64,39
2026-05-21 18:00:50,2026-05-21,2,乒乓球厅-10号,08:00-09:00,0,1,不开放/已过期,,多云,24,23,3,0.0,68,39
2026-05-21 18:30:50,2026-05-21,2,乒乓球厅-10号,08:00-09:00,0,1,不开放/已过期,,阴,24,25,2,0.0,68,40
2026-05-21 19:00:50,2026-05-21,2,乒乓球厅-10号,08:00-09:00,0,1,不开放/已过期,,阴,23,23,3,0.0,76,40
2026-05-21 19:30:46,2026-05-21,2,乒乓球厅-10号,08:00-09:00,0,1,不开放/已过期,,阴,23,24,2,0.0,77,39
2026-05-21 20:00:49,2026-05-21,2,乒乓球厅-10号,08:00-09:00,0,1,不开放/已过期,,雾,22,23,2,0.0,89,39
2026-05-21 20:30:44,2026-05-21,2,乒乓球厅-10号,08:00-09:00,0,1,不开放/已过期,,雾,22,24,2,0.0,93,43
2026-05-21 21:00:56,2026-05-21,2,乒乓球厅-10号,08:00-09:00,0,1,不开放/已过期,,雾,20,21,2,0.0,98,43
2026-05-21 21:30:46,2026-05-21,2,乒乓球厅-10号,08:00-09:00,0,1,不开放/已过期,,雾,20,22,1,0.0,99,41
2026-05-21 22:01:02,2026-05-21,2,乒乓球厅-10号,08:00-09:00,0,1,不开放/已过期,,雾,19,20,2,0.0,93,41
2026-05-21 22:30:47,2026-05-21,2,乒乓球厅-10号,08:00-09:00,0,1,不开放/已过期,,雾,19,19,3,0.0,88,46
2026-05-21 23:00:56,2026-05-21,2,乒乓球厅-10号,08:00-09:00,0,1,不开放/已过期,,多云,18,17,3,0.0,85,46
2026-05-21 23:30:55,2026-05-21,2,乒乓球厅-10号,08:00-09:00,0,1,不开放/已过期,,多云,18,17,3,0.0,85,48
2026-05-21 00:30:49,2026-05-21,2,乒乓球厅-10号,09:00-10:00,0,1,可预约,￥5.0,多云,15,13,3,0.0,100,26
2026-05-21 01:00:55,2026-05-21,2,乒乓球厅-10号,09:00-10:00,0,1,可预约,￥5.0,多云,15,12,4,0.0,100,26
2026-05-21 01:30:47,2026-05-21,2,乒乓球厅-10号,09:00-10:00,0,1,可预约,￥5.0,多云,15,13,4,0.0,100,28
2026-05-21 02:00:53,2026-05-21,2,乒乓球厅-10号,09:00-10:00,0,1,可预约,￥5.0,多云,15,12,4,0.0,100,28
2026-05-21 02:30:49,2026-05-21,2,乒乓球厅-10号,09:00-10:00,0,1,可预约,￥5.0,多云,15,14,3,0.0,100,29
2026-05-21 03:00:55,2026-05-21,2,乒乓球厅-10号,09:00-10:00,0,1,可预约,￥5.0,多云,15,12,4,0.0,100,29
2026-05-21 03:30:49,2026-05-21,2,乒乓球厅-10号,09:00-10:00,0,1,可预约,￥5.0,多云,15,14,3,0.0,100,30
2026-05-21 04:30:45,2026-05-21,2,乒乓球厅-10号,09:00-10:00,0,1,可预约,￥5.0,多云,15,12,4,0.0,100,29
2026-05-21 05:00:52,2026-05-21,2,乒乓球厅-10号,09:00-10:00,0,1,可预约,￥5.0,多云,15,12,4,0.0,100,29
2026-05-21 05:30:49,2026-05-21,2,乒乓球厅-10号,09:00-10:00,0,1,可预约,￥5.0,多云,15,13,3,0.0,100,28
2026-05-21 06:00:50,2026-05-21,2,乒乓球厅-10号,09:00-10:00,0,1,可预约,￥5.0,多云,15,13,4,0.0,99,28
2026-05-21 06:30:38,2026-05-21,2,乒乓球厅-10号,09:00-10:00,0,1,可预约,￥5.0,多云,15,13,3,0.0,97,28
2026-05-21 07:00:43,2026-05-21,2,乒乓球厅-10号,09:00-10:00,0,1,可预约,￥5.0,晴,15,11,5,0.0,93,28
2026-05-21 07:30:39,2026-05-21,2,乒乓球厅-10号,09:00-10:00,0,1,可预约,￥5.0,晴,17,13,4,0.0,89,29
2026-05-21 07:50:40,2026-05-21,2,乒乓球厅-10号,09:00-10:00,0,1,可预约,￥5.0,晴,17,13,4,0.0,88,29
2026-05-21 07:53:31,2026-05-21,2,乒乓球厅-10号,09:00-10:00,0,1,可预约,￥5.0,晴,17,12,5,0.0,86,29
2026-05-21 07:56:31,2026-05-21,2,乒乓球厅-10号,09:00-10:00,0,1,可预约,￥5.0,晴,17,12,5,0.0,86,29
2026-05-21 07:59:26,2026-05-21,2,乒乓球厅-10号,09:00-10:00,0,1,可预约,￥5.0,晴,17,12,5,0.0,86,29
2026-05-21 08:00:45,2026-05-21,2,乒乓球厅-10号,09:00-10:00,0,1,可预约,￥5.0,晴,17,12,5,0.0,86,29
2026-05-21 08:02:30,2026-05-21,2,乒乓球厅-10号,09:00-10:00,0,1,可预约,￥5.0,多云,17,12,5,0.0,87,29
2026-05-21 08:05:36,2026-05-21,2,乒乓球厅-10号,09:00-10:00,0,1,可预约,￥5.0,多云,17,12,5,0.0,86,29
2026-05-21 08:08:31,2026-05-21,2,乒乓球厅-10号,09:00-10:00,0,1,可预约,￥5.0,多云,17,12,5,0.0,86,29
2026-05-21 08:11:30,2026-05-21,2,乒乓球厅-10号,09:00-10:00,0,1,可预约,￥5.0,多云,17,12,5,0.0,86,29
2026-05-21 08:14:31,2026-05-21,2,乒乓球厅-10号,09:00-10:00,0,1,可预约,￥5.0,多云,17,12,5,0.0,86,29
2026-05-21 08:17:30,2026-05-21,2,乒乓球厅-10号,09:00-10:00,0,1,可预约,￥5.0,多云,17,12,5,0.0,86,29
2026-05-21 08:20:35,2026-05-21,2,乒乓球厅-10号,09:00-10:00,0,1,可预约,￥5.0,多云,17,14,4,0.0,85,29
2026-05-21 08:25:32,2026-05-21,2,乒乓球厅-10号,09:00-10:00,0,1,可预约,￥5.0,多云,17,14,4,0.0,85,28
2026-05-21 08:30:42,2026-05-21,2,乒乓球厅-10号,09:00-10:00,0,1,可预约,￥5.0,多云,18,15,4,0.0,84,28
2026-05-21 08:35:31,2026-05-21,2,乒乓球厅-10号,09:00-10:00,0,1,可预约,￥5.0,多云,18,15,4,0.0,84,28
2026-05-21 08:40:38,2026-05-21,2,乒乓球厅-10号,09:00-10:00,0,1,可预约,￥5.0,多云,18,15,4,0.0,82,28
2026-05-21 08:45:33,2026-05-21,2,乒乓球厅-10号,09:00-10:00,0,1,可预约,￥5.0,多云,18,15,4,0.0,82,28
2026-05-21 08:50:36,2026-05-21,2,乒乓球厅-10号,09:00-10:00,0,1,可预约,￥5.0,多云,18,15,4,0.0,82,28
2026-05-21 08:55:34,2026-05-21,2,乒乓球厅-10号,09:00-10:00,0,1,可预约,￥5.0,多云,18,15,4,0.0,84,28
2026-05-21 09:00:51,2026-05-21,2,乒乓球厅-10号,09:00-10:00,0,1,可预约,￥5.0,多云,18,15,4,0.0,84,28
2026-05-21 09:01:59,2026-05-21,2,乒乓球厅-10号,09:00-10:00,0,1,可预约,￥5.0,多云,18,15,4,0.0,83,28
2026-05-21 09:05:33,2026-05-21,2,乒乓球厅-10号,09:00-10:00,0,1,可预约,￥5.0,多云,18,15,4,0.0,83,28
2026-05-21 09:20:38,2026-05-21,2,乒乓球厅-10号,09:00-10:00,0,1,可预约,￥5.0,多云,18,16,3,0.0,81,28
2026-05-21 09:30:46,2026-05-21,2,乒乓球厅-10号,09:00-10:00,0,1,可预约,￥5.0,多云,18,16,3,0.0,81,32
2026-05-21 09:40:36,2026-05-21,2,乒乓球厅-10号,09:00-10:00,0,1,可预约,￥5.0,多云,19,17,3,0.0,79,32
2026-05-21 09:50:42,2026-05-21,2,乒乓球厅-10号,09:00-10:00,0,1,可预约,￥5.0,多云,19,17,4,0.0,81,32
2026-05-21 10:00:46,2026-05-21,2,乒乓球厅-10号,09:00-10:00,0,1,不开放/已过期,,多云,19,17,4,0.0,79,32
2026-05-21 10:10:40,2026-05-21,2,乒乓球厅-10号,09:00-10:00,0,1,不开放/已过期,,多云,19,17,4,0.0,79,32
2026-05-21 10:20:38,2026-05-21,2,乒乓球厅-10号,09:00-10:00,0,1,不开放/已过期,,多云,19,17,4,0.0,79,32
2026-05-21 10:30:41,2026-05-21,2,乒乓球厅-10号,09:00-10:00,0,1,不开放/已过期,,多云,19,18,3,0.0,78,31
2026-05-21 11:00:44,2026-05-21,2,乒乓球厅-10号,09:00-10:00,0,1,不开放/已过期,,多云,21,17,5,0.0,74,31
2026-05-21 11:30:38,2026-05-21,2,乒乓球厅-10号,09:00-10:00,0,1,不开放/已过期,,多云,21,19,3,0.0,72,33
2026-05-21 12:00:46,2026-05-21,2,乒乓球厅-10号,09:00-10:00,0,1,不开放/已过期,,多云,22,19,4,0.0,70,33
2026-05-21 12:30:42,2026-05-21,2,乒乓球厅-10号,09:00-10:00,0,1,不开放/已过期,,多云,22,21,3,0.0,68,35
2026-05-21 13:00:43,2026-05-21,2,乒乓球厅-10号,09:00-10:00,0,1,不开放/已过期,,多云,24,22,4,0.0,66,35
2026-05-21 13:30:43,2026-05-21,2,乒乓球厅-10号,09:00-10:00,0,1,不开放/已过期,,多云,24,22,4,0.0,66,36
2026-05-21 14:00:48,2026-05-21,2,乒乓球厅-10号,09:00-10:00,0,1,不开放/已过期,,多云,25,23,4,0.0,66,36
2026-05-21 14:30:45,2026-05-21,2,乒乓球厅-10号,09:00-10:00,0,1,不开放/已过期,,晴,25,25,3,0.0,65,39
2026-05-21 15:00:45,2026-05-21,2,乒乓球厅-10号,09:00-10:00,0,1,不开放/已过期,,晴,25,22,4,0.0,56,39
2026-05-21 15:30:43,2026-05-21,2,乒乓球厅-10号,09:00-10:00,0,1,不开放/已过期,,晴,25,23,4,0.0,57,40
2026-05-21 16:00:51,2026-05-21,2,乒乓球厅-10号,09:00-10:00,0,1,不开放/已过期,,晴,25,23,4,0.0,57,40
2026-05-21 16:30:48,2026-05-21,2,乒乓球厅-10号,09:00-10:00,0,1,不开放/已过期,,晴,25,24,3,0.0,60,39
2026-05-21 17:00:49,2026-05-21,2,乒乓球厅-10号,09:00-10:00,0,1,不开放/已过期,,晴,25,24,4,0.0,61,39
2026-05-21 17:30:47,2026-05-21,2,乒乓球厅-10号,09:00-10:00,0,1,不开放/已过期,,多云,24,23,3,0.0,64,39
2026-05-21 18:00:50,2026-05-21,2,乒乓球厅-10号,09:00-10:00,0,1,不开放/已过期,,多云,24,23,3,0.0,68,39
2026-05-21 18:30:50,2026-05-21,2,乒乓球厅-10号,09:00-10:00,0,1,不开放/已过期,,阴,24,25,2,0.0,68,40
2026-05-21 19:00:50,2026-05-21,2,乒乓球厅-10号,09:00-10:00,0,1,不开放/已过期,,阴,23,23,3,0.0,76,40
2026-05-21 19:30:46,2026-05-21,2,乒乓球厅-10号,09:00-10:00,0,1,不开放/已过期,,阴,23,24,2,0.0,77,39
2026-05-21 20:00:49,2026-05-21,2,乒乓球厅-10号,09:00-10:00,0,1,不开放/已过期,,雾,22,23,2,0.0,89,39
2026-05-21 20:30:44,2026-05-21,2,乒乓球厅-10号,09:00-10:00,0,1,不开放/已过期,,雾,22,24,2,0.0,93,43
2026-05-21 21:00:56,2026-05-21,2,乒乓球厅-10号,09:00-10:00,0,1,不开放/已过期,,雾,20,21,2,0.0,98,43
2026-05-21 21:30:46,2026-05-21,2,乒乓球厅-10号,09:00-10:00,0,1,不开放/已过期,,雾,20,22,1,0.0,99,41
2026-05-21 22:01:02,2026-05-21,2,乒乓球厅-10号,09:00-10:00,0,1,不开放/已过期,,雾,19,20,2,0.0,93,41
2026-05-21 22:30:47,2026-05-21,2,乒乓球厅-10号,09:00-10:00,0,1,不开放/已过期,,雾,19,19,3,0.0,88,46
2026-05-21 23:00:56,2026-05-21,2,乒乓球厅-10号,09:00-10:00,0,1,不开放/已过期,,多云,18,17,3,0.0,85,46
2026-05-21 23:30:55,2026-05-21,2,乒乓球厅-10号,09:00-10:00,0,1,不开放/已过期,,多云,18,17,3,0.0,85,48
2026-05-21 00:30:49,2026-05-21,2,乒乓球厅-10号,10:00-11:00,1,1,已售/已满,教学时间,多云,15,13,3,0.0,100,26
2026-05-21 01:00:55,2026-05-21,2,乒乓球厅-10号,10:00-11:00,1,1,已售/已满,教学时间,多云,15,12,4,0.0,100,26
2026-05-21 01:30:47,2026-05-21,2,乒乓球厅-10号,10:00-11:00,1,1,已售/已满,教学时间,多云,15,13,4,0.0,100,28
2026-05-21 02:00:53,2026-05-21,2,乒乓球厅-10号,10:00-11:00,1,1,已售/已满,教学时间,多云,15,12,4,0.0,100,28
2026-05-21 02:30:49,2026-05-21,2,乒乓球厅-10号,10:00-11:00,1,1,已售/已满,教学时间,多云,15,14,3,0.0,100,29
2026-05-21 03:00:55,2026-05-21,2,乒乓球厅-10号,10:00-11:00,1,1,已售/已满,教学时间,多云,15,12,4,0.0,100,29
2026-05-21 03:30:49,2026-05-21,2,乒乓球厅-10号,10:00-11:00,1,1,已售/已满,教学时间,多云,15,14,3,0.0,100,30
2026-05-21 04:30:45,2026-05-21,2,乒乓球厅-10号,10:00-11:00,1,1,已售/已满,教学时间,多云,15,12,4,0.0,100,29
2026-05-21 05:00:52,2026-05-21,2,乒乓球厅-10号,10:00-11:00,1,1,已售/已满,教学时间,多云,15,12,4,0.0,100,29
2026-05-21 05:30:49,2026-05-21,2,乒乓球厅-10号,10:00-11:00,1,1,已售/已满,教学时间,多云,15,13,3,0.0,100,28
2026-05-21 06:00:50,2026-05-21,2,乒乓球厅-10号,10:00-11:00,1,1,已售/已满,教学时间,多云,15,13,4,0.0,99,28
2026-05-21 06:30:38,2026-05-21,2,乒乓球厅-10号,10:00-11:00,1,1,已售/已满,教学时间,多云,15,13,3,0.0,97,28
2026-05-21 07:00:43,2026-05-21,2,乒乓球厅-10号,10:00-11:00,1,1,已售/已满,教学时间,晴,15,11,5,0.0,93,28
2026-05-21 07:30:39,2026-05-21,2,乒乓球厅-10号,10:00-11:00,1,1,已售/已满,教学时间,晴,17,13,4,0.0,89,29
2026-05-21 07:50:40,2026-05-21,2,乒乓球厅-10号,10:00-11:00,1,1,已售/已满,教学时间,晴,17,13,4,0.0,88,29
2026-05-21 07:53:31,2026-05-21,2,乒乓球厅-10号,10:00-11:00,1,1,已售/已满,教学时间,晴,17,12,5,0.0,86,29
2026-05-21 07:56:31,2026-05-21,2,乒乓球厅-10号,10:00-11:00,1,1,已售/已满,教学时间,晴,17,12,5,0.0,86,29
2026-05-21 07:59:26,2026-05-21,2,乒乓球厅-10号,10:00-11:00,1,1,已售/已满,教学时间,晴,17,12,5,0.0,86,29
2026-05-21 08:00:45,2026-05-21,2,乒乓球厅-10号,10:00-11:00,1,1,已售/已满,教学时间,晴,17,12,5,0.0,86,29
2026-05-21 08:02:30,2026-05-21,2,乒乓球厅-10号,10:00-11:00,1,1,已售/已满,教学时间,多云,17,12,5,0.0,87,29
2026-05-21 08:05:36,2026-05-21,2,乒乓球厅-10号,10:00-11:00,1,1,已售/已满,教学时间,多云,17,12,5,0.0,86,29
2026-05-21 08:08:31,2026-05-21,2,乒乓球厅-10号,10:00-11:00,1,1,已售/已满,教学时间,多云,17,12,5,0.0,86,29
2026-05-21 08:11:30,2026-05-21,2,乒乓球厅-10号,10:00-11:00,1,1,已售/已满,教学时间,多云,17,12,5,0.0,86,29
2026-05-21 08:14:31,2026-05-21,2,乒乓球厅-10号,10:00-11:00,1,1,已售/已满,教学时间,多云,17,12,5,0.0,86,29
2026-05-21 08:17:30,2026-05-21,2,乒乓球厅-10号,10:00-11:00,1,1,已售/已满,教学时间,多云,17,12,5,0.0,86,29
2026-05-21 08:20:35,2026-05-21,2,乒乓球厅-10号,10:00-11:00,1,1,已售/已满,教学时间,多云,17,14,4,0.0,85,29
2026-05-21 08:25:32,2026-05-21,2,乒乓球厅-10号,10:00-11:00,1,1,已售/已满,教学时间,多云,17,14,4,0.0,85,28
2026-05-21 08:30:42,2026-05-21,2,乒乓球厅-10号,10:00-11:00,1,1,已售/已满,教学时间,多云,18,15,4,0.0,84,28
2026-05-21 08:35:31,2026-05-21,2,乒乓球厅-10号,10:00-11:00,1,1,已售/已满,教学时间,多云,18,15,4,0.0,84,28
2026-05-21 08:40:38,2026-05-21,2,乒乓球厅-10号,10:00-11:00,1,1,已售/已满,教学时间,多云,18,15,4,0.0,82,28
2026-05-21 08:45:33,2026-05-21,2,乒乓球厅-10号,10:00-11:00,1,1,已售/已满,教学时间,多云,18,15,4,0.0,82,28
2026-05-21 08:50:36,2026-05-21,2,乒乓球厅-10号,10:00-11:00,1,1,已售/已满,教学时间,多云,18,15,4,0.0,82,28
2026-05-21 08:55:34,2026-05-21,2,乒乓球厅-10号,10:00-11:00,1,1,已售/已满,教学时间,多云,18,15,4,0.0,84,28
2026-05-21 09:00:51,2026-05-21,2,乒乓球厅-10号,10:00-11:00,1,1,已售/已满,教学时间,多云,18,15,4,0.0,84,28
2026-05-21 09:01:59,2026-05-21,2,乒乓球厅-10号,10:00-11:00,1,1,已售/已满,教学时间,多云,18,15,4,0.0,83,28
2026-05-21 09:05:33,2026-05-21,2,乒乓球厅-10号,10:00-11:00,1,1,已售/已满,教学时间,多云,18,15,4,0.0,83,28
2026-05-21 09:20:38,2026-05-21,2,乒乓球厅-10号,10:00-11:00,1,1,已售/已满,教学时间,多云,18,16,3,0.0,81,28
2026-05-21 09:30:46,2026-05-21,2,乒乓球厅-10号,10:00-11:00,1,1,已售/已满,教学时间,多云,18,16,3,0.0,81,32
2026-05-21 09:40:36,2026-05-21,2,乒乓球厅-10号,10:00-11:00,1,1,已售/已满,教学时间,多云,19,17,3,0.0,79,32
2026-05-21 09:50:42,2026-05-21,2,乒乓球厅-10号,10:00-11:00,1,1,已售/已满,教学时间,多云,19,17,4,0.0,81,32
2026-05-21 10:00:46,2026-05-21,2,乒乓球厅-10号,10:00-11:00,1,1,已售/已满,教学时间,多云,19,17,4,0.0,79,32
2026-05-21 10:10:40,2026-05-21,2,乒乓球厅-10号,10:00-11:00,1,1,已售/已满,教学时间,多云,19,17,4,0.0,79,32
2026-05-21 10:20:38,2026-05-21,2,乒乓球厅-10号,10:00-11:00,1,1,已售/已满,教学时间,多云,19,17,4,0.0,79,32
2026-05-21 10:30:41,2026-05-21,2,乒乓球厅-10号,10:00-11:00,1,1,已售/已满,教学时间,多云,19,18,3,0.0,78,31
2026-05-21 11:00:44,2026-05-21,2,乒乓球厅-10号,10:00-11:00,1,1,已售/已满,教学时间,多云,21,17,5,0.0,74,31
2026-05-21 11:30:38,2026-05-21,2,乒乓球厅-10号,10:00-11:00,1,1,已售/已满,教学时间,多云,21,19,3,0.0,72,33
2026-05-21 12:00:46,2026-05-21,2,乒乓球厅-10号,10:00-11:00,1,1,已售/已满,教学时间,多云,22,19,4,0.0,70,33
2026-05-21 12:30:42,2026-05-21,2,乒乓球厅-10号,10:00-11:00,1,1,已售/已满,教学时间,多云,22,21,3,0.0,68,35
2026-05-21 13:00:43,2026-05-21,2,乒乓球厅-10号,10:00-11:00,1,1,已售/已满,教学时间,多云,24,22,4,0.0,66,35
2026-05-21 13:30:43,2026-05-21,2,乒乓球厅-10号,10:00-11:00,1,1,已售/已满,教学时间,多云,24,22,4,0.0,66,36
2026-05-21 14:00:48,2026-05-21,2,乒乓球厅-10号,10:00-11:00,1,1,已售/已满,教学时间,多云,25,23,4,0.0,66,36
2026-05-21 14:30:45,2026-05-21,2,乒乓球厅-10号,10:00-11:00,1,1,已售/已满,教学时间,晴,25,25,3,0.0,65,39
2026-05-21 15:00:45,2026-05-21,2,乒乓球厅-10号,10:00-11:00,1,1,已售/已满,教学时间,晴,25,22,4,0.0,56,39
2026-05-21 15:30:43,2026-05-21,2,乒乓球厅-10号,10:00-11:00,1,1,已售/已满,教学时间,晴,25,23,4,0.0,57,40
2026-05-21 16:00:51,2026-05-21,2,乒乓球厅-10号,10:00-11:00,1,1,已售/已满,教学时间,晴,25,23,4,0.0,57,40
2026-05-21 16:30:48,2026-05-21,2,乒乓球厅-10号,10:00-11:00,1,1,已售/已满,教学时间,晴,25,24,3,0.0,60,39
2026-05-21 17:00:49,2026-05-21,2,乒乓球厅-10号,10:00-11:00,1,1,已售/已满,教学时间,晴,25,24,4,0.0,61,39
2026-05-21 17:30:47,2026-05-21,2,乒乓球厅-10号,10:00-11:00,1,1,已售/已满,教学时间,多云,24,23,3,0.0,64,39
2026-05-21 18:00:50,2026-05-21,2,乒乓球厅-10号,10:00-11:00,1,1,已售/已满,教学时间,多云,24,23,3,0.0,68,39
2026-05-21 18:30:50,2026-05-21,2,乒乓球厅-10号,10:00-11:00,1,1,已售/已满,教学时间,阴,24,25,2,0.0,68,40
2026-05-21 19:00:50,2026-05-21,2,乒乓球厅-10号,10:00-11:00,1,1,已售/已满,教学时间,阴,23,23,3,0.0,76,40
2026-05-21 19:30:46,2026-05-21,2,乒乓球厅-10号,10:00-11:00,1,1,已售/已满,教学时间,阴,23,24,2,0.0,77,39
2026-05-21 20:00:49,2026-05-21,2,乒乓球厅-10号,10:00-11:00,1,1,已售/已满,教学时间,雾,22,23,2,0.0,89,39
2026-05-21 20:30:44,2026-05-21,2,乒乓球厅-10号,10:00-11:00,1,1,已售/已满,教学时间,雾,22,24,2,0.0,93,43
2026-05-21 21:00:56,2026-05-21,2,乒乓球厅-10号,10:00-11:00,1,1,已售/已满,教学时间,雾,20,21,2,0.0,98,43
2026-05-21 21:30:46,2026-05-21,2,乒乓球厅-10号,10:00-11:00,1,1,已售/已满,教学时间,雾,20,22,1,0.0,99,41
2026-05-21 22:01:02,2026-05-21,2,乒乓球厅-10号,10:00-11:00,1,1,已售/已满,教学时间,雾,19,20,2,0.0,93,41
2026-05-21 22:30:47,2026-05-21,2,乒乓球厅-10号,10:00-11:00,1,1,已售/已满,教学时间,雾,19,19,3,0.0,88,46
2026-05-21 23:00:56,2026-05-21,2,乒乓球厅-10号,10:00-11:00,1,1,已售/已满,教学时间,多云,18,17,3,0.0,85,46
2026-05-21 23:30:55,2026-05-21,2,乒乓球厅-10号,10:00-11:00,1,1,已售/已满,教学时间,多云,18,17,3,0.0,85,48
2026-05-21 00:30:49,2026-05-21,2,乒乓球厅-10号,11:00-12:00,1,1,已售/已满,教学时间,多云,15,13,3,0.0,100,26
2026-05-21 01:00:55,2026-05-21,2,乒乓球厅-10号,11:00-12:00,1,1,已售/已满,教学时间,多云,15,12,4,0.0,100,26
2026-05-21 01:30:47,2026-05-21,2,乒乓球厅-10号,11:00-12:00,1,1,已售/已满,教学时间,多云,15,13,4,0.0,100,28
2026-05-21 02:00:53,2026-05-21,2,乒乓球厅-10号,11:00-12:00,1,1,已售/已满,教学时间,多云,15,12,4,0.0,100,28
2026-05-21 02:30:49,2026-05-21,2,乒乓球厅-10号,11:00-12:00,1,1,已售/已满,教学时间,多云,15,14,3,0.0,100,29
2026-05-21 03:00:55,2026-05-21,2,乒乓球厅-10号,11:00-12:00,1,1,已售/已满,教学时间,多云,15,12,4,0.0,100,29
2026-05-21 03:30:49,2026-05-21,2,乒乓球厅-10号,11:00-12:00,1,1,已售/已满,教学时间,多云,15,14,3,0.0,100,30
2026-05-21 04:30:45,2026-05-21,2,乒乓球厅-10号,11:00-12:00,1,1,已售/已满,教学时间,多云,15,12,4,0.0,100,29
2026-05-21 05:00:52,2026-05-21,2,乒乓球厅-10号,11:00-12:00,1,1,已售/已满,教学时间,多云,15,12,4,0.0,100,29
2026-05-21 05:30:49,2026-05-21,2,乒乓球厅-10号,11:00-12:00,1,1,已售/已满,教学时间,多云,15,13,3,0.0,100,28
2026-05-21 06:00:50,2026-05-21,2,乒乓球厅-10号,11:00-12:00,1,1,已售/已满,教学时间,多云,15,13,4,0.0,99,28
2026-05-21 06:30:38,2026-05-21,2,乒乓球厅-10号,11:00-12:00,1,1,已售/已满,教学时间,多云,15,13,3,0.0,97,28
2026-05-21 07:00:43,2026-05-21,2,乒乓球厅-10号,11:00-12:00,1,1,已售/已满,教学时间,晴,15,11,5,0.0,93,28
2026-05-21 07:30:39,2026-05-21,2,乒乓球厅-10号,11:00-12:00,1,1,已售/已满,教学时间,晴,17,13,4,0.0,89,29
2026-05-21 07:50:40,2026-05-21,2,乒乓球厅-10号,11:00-12:00,1,1,已售/已满,教学时间,晴,17,13,4,0.0,88,29
2026-05-21 07:53:31,2026-05-21,2,乒乓球厅-10号,11:00-12:00,1,1,已售/已满,教学时间,晴,17,12,5,0.0,86,29
2026-05-21 07:56:31,2026-05-21,2,乒乓球厅-10号,11:00-12:00,1,1,已售/已满,教学时间,晴,17,12,5,0.0,86,29
2026-05-21 07:59:26,2026-05-21,2,乒乓球厅-10号,11:00-12:00,1,1,已售/已满,教学时间,晴,17,12,5,0.0,86,29
2026-05-21 08:00:45,2026-05-21,2,乒乓球厅-10号,11:00-12:00,1,1,已售/已满,教学时间,晴,17,12,5,0.0,86,29
2026-05-21 08:02:30,2026-05-21,2,乒乓球厅-10号,11:00-12:00,1,1,已售/已满,教学时间,多云,17,12,5,0.0,87,29
2026-05-21 08:05:36,2026-05-21,2,乒乓球厅-10号,11:00-12:00,1,1,已售/已满,教学时间,多云,17,12,5,0.0,86,29
2026-05-21 08:08:31,2026-05-21,2,乒乓球厅-10号,11:00-12:00,1,1,已售/已满,教学时间,多云,17,12,5,0.0,86,29
2026-05-21 08:11:30,2026-05-21,2,乒乓球厅-10号,11:00-12:00,1,1,已售/已满,教学时间,多云,17,12,5,0.0,86,29
2026-05-21 08:14:31,2026-05-21,2,乒乓球厅-10号,11:00-12:00,1,1,已售/已满,教学时间,多云,17,12,5,0.0,86,29
2026-05-21 08:17:30,2026-05-21,2,乒乓球厅-10号,11:00-12:00,1,1,已售/已满,教学时间,多云,17,12,5,0.0,86,29
2026-05-21 08:20:35,2026-05-21,2,乒乓球厅-10号,11:00-12:00,1,1,已售/已满,教学时间,多云,17,14,4,0.0,85,29
2026-05-21 08:25:32,2026-05-21,2,乒乓球厅-10号,11:00-12:00,1,1,已售/已满,教学时间,多云,17,14,4,0.0,85,28
2026-05-21 08:30:42,2026-05-21,2,乒乓球厅-10号,11:00-12:00,1,1,已售/已满,教学时间,多云,18,15,4,0.0,84,28
2026-05-21 08:35:31,2026-05-21,2,乒乓球厅-10号,11:00-12:00,1,1,已售/已满,教学时间,多云,18,15,4,0.0,84,28
2026-05-21 08:40:38,2026-05-21,2,乒乓球厅-10号,11:00-12:00,1,1,已售/已满,教学时间,多云,18,15,4,0.0,82,28
2026-05-21 08:45:33,2026-05-21,2,乒乓球厅-10号,11:00-12:00,1,1,已售/已满,教学时间,多云,18,15,4,0.0,82,28
2026-05-21 08:50:36,2026-05-21,2,乒乓球厅-10号,11:00-12:00,1,1,已售/已满,教学时间,多云,18,15,4,0.0,82,28
2026-05-21 08:55:34,2026-05-21,2,乒乓球厅-10号,11:00-12:00,1,1,已售/已满,教学时间,多云,18,15,4,0.0,84,28
2026-05-21 09:00:51,2026-05-21,2,乒乓球厅-10号,11:00-12:00,1,1,已售/已满,教学时间,多云,18,15,4,0.0,84,28
2026-05-21 09:01:59,2026-05-21,2,乒乓球厅-10号,11:00-12:00,1,1,已售/已满,教学时间,多云,18,15,4,0.0,83,28
2026-05-21 09:05:33,2026-05-21,2,乒乓球厅-10号,11:00-12:00,1,1,已售/已满,教学时间,多云,18,15,4,0.0,83,28
2026-05-21 09:20:38,2026-05-21,2,乒乓球厅-10号,11:00-12:00,1,1,已售/已满,教学时间,多云,18,16,3,0.0,81,28
2026-05-21 09:30:46,2026-05-21,2,乒乓球厅-10号,11:00-12:00,1,1,已售/已满,教学时间,多云,18,16,3,0.0,81,32
2026-05-21 09:40:36,2026-05-21,2,乒乓球厅-10号,11:00-12:00,1,1,已售/已满,教学时间,多云,19,17,3,0.0,79,32
2026-05-21 09:50:42,2026-05-21,2,乒乓球厅-10号,11:00-12:00,1,1,已售/已满,教学时间,多云,19,17,4,0.0,81,32
2026-05-21 10:00:46,2026-05-21,2,乒乓球厅-10号,11:00-12:00,1,1,已售/已满,教学时间,多云,19,17,4,0.0,79,32
2026-05-21 10:10:40,2026-05-21,2,乒乓球厅-10号,11:00-12:00,1,1,已售/已满,教学时间,多云,19,17,4,0.0,79,32
2026-05-21 10:20:38,2026-05-21,2,乒乓球厅-10号,11:00-12:00,1,1,已售/已满,教学时间,多云,19,17,4,0.0,79,32
2026-05-21 10:30:41,2026-05-21,2,乒乓球厅-10号,11:00-12:00,1,1,已售/已满,教学时间,多云,19,18,3,0.0,78,31
2026-05-21 11:00:44,2026-05-21,2,乒乓球厅-10号,11:00-12:00,1,1,已售/已满,教学时间,多云,21,17,5,0.0,74,31
2026-05-21 11:30:38,2026-05-21,2,乒乓球厅-10号,11:00-12:00,1,1,已售/已满,教学时间,多云,21,19,3,0.0,72,33
2026-05-21 12:00:46,2026-05-21,2,乒乓球厅-10号,11:00-12:00,1,1,已售/已满,教学时间,多云,22,19,4,0.0,70,33
2026-05-21 12:30:42,2026-05-21,2,乒乓球厅-10号,11:00-12:00,1,1,已售/已满,教学时间,多云,22,21,3,0.0,68,35
2026-05-21 13:00:43,2026-05-21,2,乒乓球厅-10号,11:00-12:00,1,1,已售/已满,教学时间,多云,24,22,4,0.0,66,35
2026-05-21 13:30:43,2026-05-21,2,乒乓球厅-10号,11:00-12:00,1,1,已售/已满,教学时间,多云,24,22,4,0.0,66,36
2026-05-21 14:00:48,2026-05-21,2,乒乓球厅-10号,11:00-12:00,1,1,已售/已满,教学时间,多云,25,23,4,0.0,66,36
2026-05-21 14:30:45,2026-05-21,2,乒乓球厅-10号,11:00-12:00,1,1,已售/已满,教学时间,晴,25,25,3,0.0,65,39
2026-05-21 15:00:45,2026-05-21,2,乒乓球厅-10号,11:00-12:00,1,1,已售/已满,教学时间,晴,25,22,4,0.0,56,39
2026-05-21 15:30:43,2026-05-21,2,乒乓球厅-10号,11:00-12:00,1,1,已售/已满,教学时间,晴,25,23,4,0.0,57,40
2026-05-21 16:00:51,2026-05-21,2,乒乓球厅-10号,11:00-12:00,1,1,已售/已满,教学时间,晴,25,23,4,0.0,57,40
2026-05-21 16:30:48,2026-05-21,2,乒乓球厅-10号,11:00-12:00,1,1,已售/已满,教学时间,晴,25,24,3,0.0,60,39
2026-05-21 17:00:49,2026-05-21,2,乒乓球厅-10号,11:00-12:00,1,1,已售/已满,教学时间,晴,25,24,4,0.0,61,39
2026-05-21 17:30:47,2026-05-21,2,乒乓球厅-10号,11:00-12:00,1,1,已售/已满,教学时间,多云,24,23,3,0.0,64,39
2026-05-21 18:00:50,2026-05-21,2,乒乓球厅-10号,11:00-12:00,1,1,已售/已满,教学时间,多云,24,23,3,0.0,68,39
2026-05-21 18:30:50,2026-05-21,2,乒乓球厅-10号,11:00-12:00,1,1,已售/已满,教学时间,阴,24,25,2,0.0,68,40
2026-05-21 19:00:50,2026-05-21,2,乒乓球厅-10号,11:00-12:00,1,1,已售/已满,教学时间,阴,23,23,3,0.0,76,40
2026-05-21 19:30:46,2026-05-21,2,乒乓球厅-10号,11:00-12:00,1,1,已售/已满,教学时间,阴,23,24,2,0.0,77,39
2026-05-21 20:00:49,2026-05-21,2,乒乓球厅-10号,11:00-12:00,1,1,已售/已满,教学时间,雾,22,23,2,0.0,89,39
2026-05-21 20:30:44,2026-05-21,2,乒乓球厅-10号,11:00-12:00,1,1,已售/已满,教学时间,雾,22,24,2,0.0,93,43
2026-05-21 21:00:56,2026-05-21,2,乒乓球厅-10号,11:00-12:00,1,1,已售/已满,教学时间,雾,20,21,2,0.0,98,43
2026-05-21 21:30:46,2026-05-21,2,乒乓球厅-10号,11:00-12:00,1,1,已售/已满,教学时间,雾,20,22,1,0.0,99,41
2026-05-21 22:01:02,2026-05-21,2,乒乓球厅-10号,11:00-12:00,1,1,已售/已满,教学时间,雾,19,20,2,0.0,93,41
2026-05-21 22:30:47,2026-05-21,2,乒乓球厅-10号,11:00-12:00,1,1,已售/已满,教学时间,雾,19,19,3,0.0,88,46
2026-05-21 23:00:56,2026-05-21,2,乒乓球厅-10号,11:00-12:00,1,1,已售/已满,教学时间,多云,18,17,3,0.0,85,46
2026-05-21 23:30:55,2026-05-21,2,乒乓球厅-10号,11:00-12:00,1,1,已售/已满,教学时间,多云,18,17,3,0.0,85,48
2026-05-21 00:30:49,2026-05-21,2,乒乓球厅-10号,12:00-12:55,0,1,可预约,￥0.0,多云,15,13,3,0.0,100,26
2026-05-21 01:00:55,2026-05-21,2,乒乓球厅-10号,12:00-12:55,0,1,可预约,￥0.0,多云,15,12,4,0.0,100,26
2026-05-21 01:30:47,2026-05-21,2,乒乓球厅-10号,12:00-12:55,0,1,可预约,￥0.0,多云,15,13,4,0.0,100,28
2026-05-21 02:00:53,2026-05-21,2,乒乓球厅-10号,12:00-12:55,0,1,可预约,￥0.0,多云,15,12,4,0.0,100,28
2026-05-21 02:30:49,2026-05-21,2,乒乓球厅-10号,12:00-12:55,0,1,可预约,￥0.0,多云,15,14,3,0.0,100,29
2026-05-21 03:00:55,2026-05-21,2,乒乓球厅-10号,12:00-12:55,0,1,可预约,￥0.0,多云,15,12,4,0.0,100,29
2026-05-21 03:30:49,2026-05-21,2,乒乓球厅-10号,12:00-12:55,0,1,可预约,￥0.0,多云,15,14,3,0.0,100,30
2026-05-21 04:30:45,2026-05-21,2,乒乓球厅-10号,12:00-12:55,0,1,可预约,￥0.0,多云,15,12,4,0.0,100,29
2026-05-21 05:00:52,2026-05-21,2,乒乓球厅-10号,12:00-12:55,0,1,可预约,￥0.0,多云,15,12,4,0.0,100,29
2026-05-21 05:30:49,2026-05-21,2,乒乓球厅-10号,12:00-12:55,0,1,可预约,￥0.0,多云,15,13,3,0.0,100,28
2026-05-21 06:00:50,2026-05-21,2,乒乓球厅-10号,12:00-12:55,0,1,可预约,￥0.0,多云,15,13,4,0.0,99,28
2026-05-21 06:30:38,2026-05-21,2,乒乓球厅-10号,12:00-12:55,0,1,可预约,￥0.0,多云,15,13,3,0.0,97,28
2026-05-21 07:00:43,2026-05-21,2,乒乓球厅-10号,12:00-12:55,0,1,可预约,￥0.0,晴,15,11,5,0.0,93,28
2026-05-21 07:30:39,2026-05-21,2,乒乓球厅-10号,12:00-12:55,0,1,可预约,￥0.0,晴,17,13,4,0.0,89,29
2026-05-21 07:50:40,2026-05-21,2,乒乓球厅-10号,12:00-12:55,0,1,可预约,￥0.0,晴,17,13,4,0.0,88,29
2026-05-21 07:53:31,2026-05-21,2,乒乓球厅-10号,12:00-12:55,0,1,可预约,￥0.0,晴,17,12,5,0.0,86,29
2026-05-21 07:56:31,2026-05-21,2,乒乓球厅-10号,12:00-12:55,0,1,可预约,￥0.0,晴,17,12,5,0.0,86,29
2026-05-21 07:59:26,2026-05-21,2,乒乓球厅-10号,12:00-12:55,0,1,可预约,￥0.0,晴,17,12,5,0.0,86,29
2026-05-21 08:00:45,2026-05-21,2,乒乓球厅-10号,12:00-12:55,0,1,可预约,￥0.0,晴,17,12,5,0.0,86,29
2026-05-21 08:02:30,2026-05-21,2,乒乓球厅-10号,12:00-12:55,0,1,可预约,￥0.0,多云,17,12,5,0.0,87,29
2026-05-21 08:05:36,2026-05-21,2,乒乓球厅-10号,12:00-12:55,0,1,可预约,￥0.0,多云,17,12,5,0.0,86,29
2026-05-21 08:08:31,2026-05-21,2,乒乓球厅-10号,12:00-12:55,0,1,可预约,￥0.0,多云,17,12,5,0.0,86,29
2026-05-21 08:11:30,2026-05-21,2,乒乓球厅-10号,12:00-12:55,0,1,可预约,￥0.0,多云,17,12,5,0.0,86,29
2026-05-21 08:14:31,2026-05-21,2,乒乓球厅-10号,12:00-12:55,0,1,可预约,￥0.0,多云,17,12,5,0.0,86,29
2026-05-21 08:17:30,2026-05-21,2,乒乓球厅-10号,12:00-12:55,0,1,可预约,￥0.0,多云,17,12,5,0.0,86,29
2026-05-21 08:20:35,2026-05-21,2,乒乓球厅-10号,12:00-12:55,0,1,可预约,￥0.0,多云,17,14,4,0.0,85,29
2026-05-21 08:25:32,2026-05-21,2,乒乓球厅-10号,12:00-12:55,0,1,可预约,￥0.0,多云,17,14,4,0.0,85,28
2026-05-21 08:30:42,2026-05-21,2,乒乓球厅-10号,12:00-12:55,0,1,可预约,￥0.0,多云,18,15,4,0.0,84,28
2026-05-21 08:35:31,2026-05-21,2,乒乓球厅-10号,12:00-12:55,0,1,可预约,￥0.0,多云,18,15,4,0.0,84,28
2026-05-21 08:40:38,2026-05-21,2,乒乓球厅-10号,12:00-12:55,0,1,可预约,￥0.0,多云,18,15,4,0.0,82,28
2026-05-21 08:45:33,2026-05-21,2,乒乓球厅-10号,12:00-12:55,0,1,可预约,￥0.0,多云,18,15,4,0.0,82,28
2026-05-21 08:50:36,2026-05-21,2,乒乓球厅-10号,12:00-12:55,0,1,可预约,￥0.0,多云,18,15,4,0.0,82,28
2026-05-21 08:55:34,2026-05-21,2,乒乓球厅-10号,12:00-12:55,0,1,可预约,￥0.0,多云,18,15,4,0.0,84,28
2026-05-21 09:00:51,2026-05-21,2,乒乓球厅-10号,12:00-12:55,0,1,可预约,￥0.0,多云,18,15,4,0.0,84,28
2026-05-21 09:01:59,2026-05-21,2,乒乓球厅-10号,12:00-12:55,0,1,可预约,￥0.0,多云,18,15,4,0.0,83,28
2026-05-21 09:05:33,2026-05-21,2,乒乓球厅-10号,12:00-12:55,0,1,可预约,￥0.0,多云,18,15,4,0.0,83,28
2026-05-21 09:20:38,2026-05-21,2,乒乓球厅-10号,12:00-12:55,0,1,可预约,￥0.0,多云,18,16,3,0.0,81,28
2026-05-21 09:30:46,2026-05-21,2,乒乓球厅-10号,12:00-12:55,0,1,可预约,￥0.0,多云,18,16,3,0.0,81,32
2026-05-21 09:40:36,2026-05-21,2,乒乓球厅-10号,12:00-12:55,0,1,可预约,￥0.0,多云,19,17,3,0.0,79,32
2026-05-21 09:50:42,2026-05-21,2,乒乓球厅-10号,12:00-12:55,1,1,已售/已满,已售,多云,19,17,4,0.0,81,32
2026-05-21 10:00:46,2026-05-21,2,乒乓球厅-10号,12:00-12:55,1,1,已售/已满,已售,多云,19,17,4,0.0,79,32
2026-05-21 10:10:40,2026-05-21,2,乒乓球厅-10号,12:00-12:55,1,1,已售/已满,已售,多云,19,17,4,0.0,79,32
2026-05-21 10:20:38,2026-05-21,2,乒乓球厅-10号,12:00-12:55,1,1,已售/已满,已售,多云,19,17,4,0.0,79,32
2026-05-21 10:30:41,2026-05-21,2,乒乓球厅-10号,12:00-12:55,1,1,已售/已满,已售,多云,19,18,3,0.0,78,31
2026-05-21 11:00:44,2026-05-21,2,乒乓球厅-10号,12:00-12:55,1,1,已售/已满,已售,多云,21,17,5,0.0,74,31
2026-05-21 11:30:38,2026-05-21,2,乒乓球厅-10号,12:00-12:55,1,1,已售/已满,已售,多云,21,19,3,0.0,72,33
2026-05-21 12:00:46,2026-05-21,2,乒乓球厅-10号,12:00-12:55,1,1,已售/已满,已售,多云,22,19,4,0.0,70,33
2026-05-21 12:30:42,2026-05-21,2,乒乓球厅-10号,12:00-12:55,1,1,已售/已满,已售,多云,22,21,3,0.0,68,35
2026-05-21 13:00:43,2026-05-21,2,乒乓球厅-10号,12:00-12:55,1,1,已售/已满,已售,多云,24,22,4,0.0,66,35
2026-05-21 13:30:43,2026-05-21,2,乒乓球厅-10号,12:00-12:55,1,1,已售/已满,已售,多云,24,22,4,0.0,66,36
2026-05-21 14:00:48,2026-05-21,2,乒乓球厅-10号,12:00-12:55,1,1,已售/已满,已售,多云,25,23,4,0.0,66,36
2026-05-21 14:30:45,2026-05-21,2,乒乓球厅-10号,12:00-12:55,1,1,已售/已满,已售,晴,25,25,3,0.0,65,39
2026-05-21 15:00:45,2026-05-21,2,乒乓球厅-10号,12:00-12:55,1,1,已售/已满,已售,晴,25,22,4,0.0,56,39
2026-05-21 15:30:43,2026-05-21,2,乒乓球厅-10号,12:00-12:55,1,1,已售/已满,已售,晴,25,23,4,0.0,57,40
2026-05-21 16:00:51,2026-05-21,2,乒乓球厅-10号,12:00-12:55,1,1,已售/已满,已售,晴,25,23,4,0.0,57,40
2026-05-21 16:30:48,2026-05-21,2,乒乓球厅-10号,12:00-12:55,1,1,已售/已满,已售,晴,25,24,3,0.0,60,39
2026-05-21 17:00:49,2026-05-21,2,乒乓球厅-10号,12:00-12:55,1,1,已售/已满,已售,晴,25,24,4,0.0,61,39
2026-05-21 17:30:47,2026-05-21,2,乒乓球厅-10号,12:00-12:55,1,1,已售/已满,已售,多云,24,23,3,0.0,64,39
2026-05-21 18:00:50,2026-05-21,2,乒乓球厅-10号,12:00-12:55,1,1,已售/已满,已售,多云,24,23,3,0.0,68,39
2026-05-21 18:30:50,2026-05-21,2,乒乓球厅-10号,12:00-12:55,1,1,已售/已满,已售,阴,24,25,2,0.0,68,40
2026-05-21 19:00:50,2026-05-21,2,乒乓球厅-10号,12:00-12:55,1,1,已售/已满,已售,阴,23,23,3,0.0,76,40
2026-05-21 19:30:46,2026-05-21,2,乒乓球厅-10号,12:00-12:55,1,1,已售/已满,已售,阴,23,24,2,0.0,77,39
2026-05-21 20:00:49,2026-05-21,2,乒乓球厅-10号,12:00-12:55,1,1,已售/已满,已售,雾,22,23,2,0.0,89,39
2026-05-21 20:30:44,2026-05-21,2,乒乓球厅-10号,12:00-12:55,1,1,已售/已满,已售,雾,22,24,2,0.0,93,43
2026-05-21 21:00:56,2026-05-21,2,乒乓球厅-10号,12:00-12:55,1,1,已售/已满,已售,雾,20,21,2,0.0,98,43
2026-05-21 21:30:46,2026-05-21,2,乒乓球厅-10号,12:00-12:55,1,1,已售/已满,已售,雾,20,22,1,0.0,99,41
2026-05-21 22:01:02,2026-05-21,2,乒乓球厅-10号,12:00-12:55,1,1,已售/已满,已售,雾,19,20,2,0.0,93,41
2026-05-21 22:30:47,2026-05-21,2,乒乓球厅-10号,12:00-12:55,1,1,已售/已满,已售,雾,19,19,3,0.0,88,46
2026-05-21 23:00:56,2026-05-21,2,乒乓球厅-10号,12:00-12:55,1,1,已售/已满,已售,多云,18,17,3,0.0,85,46
2026-05-21 23:30:55,2026-05-21,2,乒乓球厅-10号,12:00-12:55,1,1,已售/已满,已售,多云,18,17,3,0.0,85,48
2026-05-21 00:30:49,2026-05-21,2,乒乓球厅-10号,12:55-13:50,0,1,可预约,￥0.0,多云,15,13,3,0.0,100,26
2026-05-21 01:00:55,2026-05-21,2,乒乓球厅-10号,12:55-13:50,0,1,可预约,￥0.0,多云,15,12,4,0.0,100,26
2026-05-21 01:30:47,2026-05-21,2,乒乓球厅-10号,12:55-13:50,0,1,可预约,￥0.0,多云,15,13,4,0.0,100,28
2026-05-21 02:00:53,2026-05-21,2,乒乓球厅-10号,12:55-13:50,0,1,可预约,￥0.0,多云,15,12,4,0.0,100,28
2026-05-21 02:30:49,2026-05-21,2,乒乓球厅-10号,12:55-13:50,0,1,可预约,￥0.0,多云,15,14,3,0.0,100,29
2026-05-21 03:00:55,2026-05-21,2,乒乓球厅-10号,12:55-13:50,0,1,可预约,￥0.0,多云,15,12,4,0.0,100,29
2026-05-21 03:30:49,2026-05-21,2,乒乓球厅-10号,12:55-13:50,0,1,可预约,￥0.0,多云,15,14,3,0.0,100,30
2026-05-21 04:30:45,2026-05-21,2,乒乓球厅-10号,12:55-13:50,0,1,可预约,￥0.0,多云,15,12,4,0.0,100,29
2026-05-21 05:00:52,2026-05-21,2,乒乓球厅-10号,12:55-13:50,0,1,可预约,￥0.0,多云,15,12,4,0.0,100,29
2026-05-21 05:30:49,2026-05-21,2,乒乓球厅-10号,12:55-13:50,0,1,可预约,￥0.0,多云,15,13,3,0.0,100,28
2026-05-21 06:00:50,2026-05-21,2,乒乓球厅-10号,12:55-13:50,0,1,可预约,￥0.0,多云,15,13,4,0.0,99,28
2026-05-21 06:30:38,2026-05-21,2,乒乓球厅-10号,12:55-13:50,0,1,可预约,￥0.0,多云,15,13,3,0.0,97,28
2026-05-21 07:00:43,2026-05-21,2,乒乓球厅-10号,12:55-13:50,0,1,可预约,￥0.0,晴,15,11,5,0.0,93,28
2026-05-21 07:30:39,2026-05-21,2,乒乓球厅-10号,12:55-13:50,0,1,可预约,￥0.0,晴,17,13,4,0.0,89,29
2026-05-21 07:50:40,2026-05-21,2,乒乓球厅-10号,12:55-13:50,0,1,可预约,￥0.0,晴,17,13,4,0.0,88,29
2026-05-21 07:53:31,2026-05-21,2,乒乓球厅-10号,12:55-13:50,0,1,可预约,￥0.0,晴,17,12,5,0.0,86,29
2026-05-21 07:56:31,2026-05-21,2,乒乓球厅-10号,12:55-13:50,0,1,可预约,￥0.0,晴,17,12,5,0.0,86,29
2026-05-21 07:59:26,2026-05-21,2,乒乓球厅-10号,12:55-13:50,0,1,可预约,￥0.0,晴,17,12,5,0.0,86,29
2026-05-21 08:00:45,2026-05-21,2,乒乓球厅-10号,12:55-13:50,0,1,可预约,￥0.0,晴,17,12,5,0.0,86,29
2026-05-21 08:02:30,2026-05-21,2,乒乓球厅-10号,12:55-13:50,0,1,可预约,￥0.0,多云,17,12,5,0.0,87,29
2026-05-21 08:05:36,2026-05-21,2,乒乓球厅-10号,12:55-13:50,0,1,可预约,￥0.0,多云,17,12,5,0.0,86,29
2026-05-21 08:08:31,2026-05-21,2,乒乓球厅-10号,12:55-13:50,0,1,可预约,￥0.0,多云,17,12,5,0.0,86,29
2026-05-21 08:11:30,2026-05-21,2,乒乓球厅-10号,12:55-13:50,0,1,可预约,￥0.0,多云,17,12,5,0.0,86,29
2026-05-21 08:14:31,2026-05-21,2,乒乓球厅-10号,12:55-13:50,0,1,可预约,￥0.0,多云,17,12,5,0.0,86,29
2026-05-21 08:17:30,2026-05-21,2,乒乓球厅-10号,12:55-13:50,0,1,可预约,￥0.0,多云,17,12,5,0.0,86,29
2026-05-21 08:20:35,2026-05-21,2,乒乓球厅-10号,12:55-13:50,0,1,可预约,￥0.0,多云,17,14,4,0.0,85,29
2026-05-21 08:25:32,2026-05-21,2,乒乓球厅-10号,12:55-13:50,0,1,可预约,￥0.0,多云,17,14,4,0.0,85,28
2026-05-21 08:30:42,2026-05-21,2,乒乓球厅-10号,12:55-13:50,0,1,可预约,￥0.0,多云,18,15,4,0.0,84,28
2026-05-21 08:35:31,2026-05-21,2,乒乓球厅-10号,12:55-13:50,0,1,可预约,￥0.0,多云,18,15,4,0.0,84,28
2026-05-21 08:40:38,2026-05-21,2,乒乓球厅-10号,12:55-13:50,0,1,可预约,￥0.0,多云,18,15,4,0.0,82,28
2026-05-21 08:45:33,2026-05-21,2,乒乓球厅-10号,12:55-13:50,0,1,可预约,￥0.0,多云,18,15,4,0.0,82,28
2026-05-21 08:50:36,2026-05-21,2,乒乓球厅-10号,12:55-13:50,0,1,可预约,￥0.0,多云,18,15,4,0.0,82,28
2026-05-21 08:55:34,2026-05-21,2,乒乓球厅-10号,12:55-13:50,0,1,可预约,￥0.0,多云,18,15,4,0.0,84,28
2026-05-21 09:00:51,2026-05-21,2,乒乓球厅-10号,12:55-13:50,0,1,可预约,￥0.0,多云,18,15,4,0.0,84,28
2026-05-21 09:01:59,2026-05-21,2,乒乓球厅-10号,12:55-13:50,0,1,可预约,￥0.0,多云,18,15,4,0.0,83,28
2026-05-21 09:05:33,2026-05-21,2,乒乓球厅-10号,12:55-13:50,0,1,可预约,￥0.0,多云,18,15,4,0.0,83,28
2026-05-21 09:20:38,2026-05-21,2,乒乓球厅-10号,12:55-13:50,0,1,可预约,￥0.0,多云,18,16,3,0.0,81,28
2026-05-21 09:30:46,2026-05-21,2,乒乓球厅-10号,12:55-13:50,0,1,可预约,￥0.0,多云,18,16,3,0.0,81,32
2026-05-21 09:40:36,2026-05-21,2,乒乓球厅-10号,12:55-13:50,0,1,可预约,￥0.0,多云,19,17,3,0.0,79,32
2026-05-21 09:50:42,2026-05-21,2,乒乓球厅-10号,12:55-13:50,1,1,已售/已满,已售,多云,19,17,4,0.0,81,32
2026-05-21 10:00:46,2026-05-21,2,乒乓球厅-10号,12:55-13:50,1,1,已售/已满,已售,多云,19,17,4,0.0,79,32
2026-05-21 10:10:40,2026-05-21,2,乒乓球厅-10号,12:55-13:50,1,1,已售/已满,已售,多云,19,17,4,0.0,79,32
2026-05-21 10:20:38,2026-05-21,2,乒乓球厅-10号,12:55-13:50,1,1,已售/已满,已售,多云,19,17,4,0.0,79,32
2026-05-21 10:30:41,2026-05-21,2,乒乓球厅-10号,12:55-13:50,1,1,已售/已满,已售,多云,19,18,3,0.0,78,31
2026-05-21 11:00:44,2026-05-21,2,乒乓球厅-10号,12:55-13:50,1,1,已售/已满,已售,多云,21,17,5,0.0,74,31
2026-05-21 11:30:38,2026-05-21,2,乒乓球厅-10号,12:55-13:50,1,1,已售/已满,已售,多云,21,19,3,0.0,72,33
2026-05-21 12:00:46,2026-05-21,2,乒乓球厅-10号,12:55-13:50,1,1,已售/已满,已售,多云,22,19,4,0.0,70,33
2026-05-21 12:30:42,2026-05-21,2,乒乓球厅-10号,12:55-13:50,1,1,已售/已满,已售,多云,22,21,3,0.0,68,35
2026-05-21 13:00:43,2026-05-21,2,乒乓球厅-10号,12:55-13:50,1,1,已售/已满,已售,多云,24,22,4,0.0,66,35
2026-05-21 13:30:43,2026-05-21,2,乒乓球厅-10号,12:55-13:50,1,1,已售/已满,已售,多云,24,22,4,0.0,66,36
2026-05-21 14:00:48,2026-05-21,2,乒乓球厅-10号,12:55-13:50,1,1,已售/已满,已售,多云,25,23,4,0.0,66,36
2026-05-21 14:30:45,2026-05-21,2,乒乓球厅-10号,12:55-13:50,1,1,已售/已满,已售,晴,25,25,3,0.0,65,39
2026-05-21 15:00:45,2026-05-21,2,乒乓球厅-10号,12:55-13:50,1,1,已售/已满,已售,晴,25,22,4,0.0,56,39
2026-05-21 15:30:43,2026-05-21,2,乒乓球厅-10号,12:55-13:50,1,1,已售/已满,已售,晴,25,23,4,0.0,57,40
2026-05-21 16:00:51,2026-05-21,2,乒乓球厅-10号,12:55-13:50,1,1,已售/已满,已售,晴,25,23,4,0.0,57,40
2026-05-21 16:30:48,2026-05-21,2,乒乓球厅-10号,12:55-13:50,1,1,已售/已满,已售,晴,25,24,3,0.0,60,39
2026-05-21 17:00:49,2026-05-21,2,乒乓球厅-10号,12:55-13:50,1,1,已售/已满,已售,晴,25,24,4,0.0,61,39
2026-05-21 17:30:47,2026-05-21,2,乒乓球厅-10号,12:55-13:50,1,1,已售/已满,已售,多云,24,23,3,0.0,64,39
2026-05-21 18:00:50,2026-05-21,2,乒乓球厅-10号,12:55-13:50,1,1,已售/已满,已售,多云,24,23,3,0.0,68,39
2026-05-21 18:30:50,2026-05-21,2,乒乓球厅-10号,12:55-13:50,1,1,已售/已满,已售,阴,24,25,2,0.0,68,40
2026-05-21 19:00:50,2026-05-21,2,乒乓球厅-10号,12:55-13:50,1,1,已售/已满,已售,阴,23,23,3,0.0,76,40
2026-05-21 19:30:46,2026-05-21,2,乒乓球厅-10号,12:55-13:50,1,1,已售/已满,已售,阴,23,24,2,0.0,77,39
2026-05-21 20:00:49,2026-05-21,2,乒乓球厅-10号,12:55-13:50,1,1,已售/已满,已售,雾,22,23,2,0.0,89,39
2026-05-21 20:30:44,2026-05-21,2,乒乓球厅-10号,12:55-13:50,1,1,已售/已满,已售,雾,22,24,2,0.0,93,43
2026-05-21 21:00:56,2026-05-21,2,乒乓球厅-10号,12:55-13:50,1,1,已售/已满,已售,雾,20,21,2,0.0,98,43
2026-05-21 21:30:46,2026-05-21,2,乒乓球厅-10号,12:55-13:50,1,1,已售/已满,已售,雾,20,22,1,0.0,99,41
2026-05-21 22:01:02,2026-05-21,2,乒乓球厅-10号,12:55-13:50,1,1,已售/已满,已售,雾,19,20,2,0.0,93,41
2026-05-21 22:30:47,2026-05-21,2,乒乓球厅-10号,12:55-13:50,1,1,已售/已满,已售,雾,19,19,3,0.0,88,46
2026-05-21 23:00:56,2026-05-21,2,乒乓球厅-10号,12:55-13:50,1,1,已售/已满,已售,多云,18,17,3,0.0,85,46
2026-05-21 23:30:55,2026-05-21,2,乒乓球厅-10号,12:55-13:50,1,1,已售/已满,已售,多云,18,17,3,0.0,85,48
2026-05-21 00:30:49,2026-05-21,2,乒乓球厅-10号,14:00-15:00,0,1,可预约,￥5.0,多云,15,13,3,0.0,100,26
2026-05-21 01:00:55,2026-05-21,2,乒乓球厅-10号,14:00-15:00,0,1,可预约,￥5.0,多云,15,12,4,0.0,100,26
2026-05-21 01:30:47,2026-05-21,2,乒乓球厅-10号,14:00-15:00,0,1,可预约,￥5.0,多云,15,13,4,0.0,100,28
2026-05-21 02:00:53,2026-05-21,2,乒乓球厅-10号,14:00-15:00,0,1,可预约,￥5.0,多云,15,12,4,0.0,100,28
2026-05-21 02:30:49,2026-05-21,2,乒乓球厅-10号,14:00-15:00,0,1,可预约,￥5.0,多云,15,14,3,0.0,100,29
2026-05-21 03:00:55,2026-05-21,2,乒乓球厅-10号,14:00-15:00,0,1,可预约,￥5.0,多云,15,12,4,0.0,100,29
2026-05-21 03:30:49,2026-05-21,2,乒乓球厅-10号,14:00-15:00,0,1,可预约,￥5.0,多云,15,14,3,0.0,100,30
2026-05-21 04:30:45,2026-05-21,2,乒乓球厅-10号,14:00-15:00,0,1,可预约,￥5.0,多云,15,12,4,0.0,100,29
2026-05-21 05:00:52,2026-05-21,2,乒乓球厅-10号,14:00-15:00,0,1,可预约,￥5.0,多云,15,12,4,0.0,100,29
2026-05-21 05:30:49,2026-05-21,2,乒乓球厅-10号,14:00-15:00,0,1,可预约,￥5.0,多云,15,13,3,0.0,100,28
2026-05-21 06:00:50,2026-05-21,2,乒乓球厅-10号,14:00-15:00,0,1,可预约,￥5.0,多云,15,13,4,0.0,99,28
2026-05-21 06:30:38,2026-05-21,2,乒乓球厅-10号,14:00-15:00,0,1,可预约,￥5.0,多云,15,13,3,0.0,97,28
2026-05-21 07:00:43,2026-05-21,2,乒乓球厅-10号,14:00-15:00,0,1,可预约,￥5.0,晴,15,11,5,0.0,93,28
2026-05-21 07:30:39,2026-05-21,2,乒乓球厅-10号,14:00-15:00,0,1,可预约,￥5.0,晴,17,13,4,0.0,89,29
2026-05-21 07:50:40,2026-05-21,2,乒乓球厅-10号,14:00-15:00,0,1,可预约,￥5.0,晴,17,13,4,0.0,88,29
2026-05-21 07:53:31,2026-05-21,2,乒乓球厅-10号,14:00-15:00,0,1,可预约,￥5.0,晴,17,12,5,0.0,86,29
2026-05-21 07:56:31,2026-05-21,2,乒乓球厅-10号,14:00-15:00,0,1,可预约,￥5.0,晴,17,12,5,0.0,86,29
2026-05-21 07:59:26,2026-05-21,2,乒乓球厅-10号,14:00-15:00,0,1,可预约,￥5.0,晴,17,12,5,0.0,86,29
2026-05-21 08:00:45,2026-05-21,2,乒乓球厅-10号,14:00-15:00,0,1,可预约,￥5.0,晴,17,12,5,0.0,86,29
2026-05-21 08:02:30,2026-05-21,2,乒乓球厅-10号,14:00-15:00,0,1,可预约,￥5.0,多云,17,12,5,0.0,87,29
2026-05-21 08:05:36,2026-05-21,2,乒乓球厅-10号,14:00-15:00,0,1,可预约,￥5.0,多云,17,12,5,0.0,86,29
2026-05-21 08:08:31,2026-05-21,2,乒乓球厅-10号,14:00-15:00,0,1,可预约,￥5.0,多云,17,12,5,0.0,86,29
2026-05-21 08:11:30,2026-05-21,2,乒乓球厅-10号,14:00-15:00,0,1,可预约,￥5.0,多云,17,12,5,0.0,86,29
2026-05-21 08:14:31,2026-05-21,2,乒乓球厅-10号,14:00-15:00,0,1,可预约,￥5.0,多云,17,12,5,0.0,86,29
2026-05-21 08:17:30,2026-05-21,2,乒乓球厅-10号,14:00-15:00,0,1,可预约,￥5.0,多云,17,12,5,0.0,86,29
2026-05-21 08:20:35,2026-05-21,2,乒乓球厅-10号,14:00-15:00,0,1,可预约,￥5.0,多云,17,14,4,0.0,85,29
2026-05-21 08:25:32,2026-05-21,2,乒乓球厅-10号,14:00-15:00,0,1,可预约,￥5.0,多云,17,14,4,0.0,85,28
2026-05-21 08:30:42,2026-05-21,2,乒乓球厅-10号,14:00-15:00,0,1,可预约,￥5.0,多云,18,15,4,0.0,84,28
2026-05-21 08:35:31,2026-05-21,2,乒乓球厅-10号,14:00-15:00,0,1,可预约,￥5.0,多云,18,15,4,0.0,84,28
2026-05-21 08:40:38,2026-05-21,2,乒乓球厅-10号,14:00-15:00,0,1,可预约,￥5.0,多云,18,15,4,0.0,82,28
2026-05-21 08:45:33,2026-05-21,2,乒乓球厅-10号,14:00-15:00,0,1,可预约,￥5.0,多云,18,15,4,0.0,82,28
2026-05-21 08:50:36,2026-05-21,2,乒乓球厅-10号,14:00-15:00,0,1,可预约,￥5.0,多云,18,15,4,0.0,82,28
2026-05-21 08:55:34,2026-05-21,2,乒乓球厅-10号,14:00-15:00,0,1,可预约,￥5.0,多云,18,15,4,0.0,84,28
2026-05-21 09:00:51,2026-05-21,2,乒乓球厅-10号,14:00-15:00,0,1,可预约,￥5.0,多云,18,15,4,0.0,84,28
2026-05-21 09:01:59,2026-05-21,2,乒乓球厅-10号,14:00-15:00,0,1,可预约,￥5.0,多云,18,15,4,0.0,83,28
2026-05-21 09:05:33,2026-05-21,2,乒乓球厅-10号,14:00-15:00,0,1,可预约,￥5.0,多云,18,15,4,0.0,83,28
2026-05-21 09:20:38,2026-05-21,2,乒乓球厅-10号,14:00-15:00,0,1,可预约,￥5.0,多云,18,16,3,0.0,81,28
2026-05-21 09:30:46,2026-05-21,2,乒乓球厅-10号,14:00-15:00,0,1,可预约,￥5.0,多云,18,16,3,0.0,81,32
2026-05-21 09:40:36,2026-05-21,2,乒乓球厅-10号,14:00-15:00,0,1,可预约,￥5.0,多云,19,17,3,0.0,79,32
2026-05-21 09:50:42,2026-05-21,2,乒乓球厅-10号,14:00-15:00,0,1,可预约,￥5.0,多云,19,17,4,0.0,81,32
2026-05-21 10:00:46,2026-05-21,2,乒乓球厅-10号,14:00-15:00,0,1,可预约,￥5.0,多云,19,17,4,0.0,79,32
2026-05-21 10:10:40,2026-05-21,2,乒乓球厅-10号,14:00-15:00,0,1,可预约,￥5.0,多云,19,17,4,0.0,79,32
2026-05-21 10:20:38,2026-05-21,2,乒乓球厅-10号,14:00-15:00,0,1,可预约,￥5.0,多云,19,17,4,0.0,79,32
2026-05-21 10:30:41,2026-05-21,2,乒乓球厅-10号,14:00-15:00,0,1,可预约,￥5.0,多云,19,18,3,0.0,78,31
2026-05-21 11:00:44,2026-05-21,2,乒乓球厅-10号,14:00-15:00,0,1,可预约,￥5.0,多云,21,17,5,0.0,74,31
2026-05-21 11:30:38,2026-05-21,2,乒乓球厅-10号,14:00-15:00,0,1,可预约,￥5.0,多云,21,19,3,0.0,72,33
2026-05-21 12:00:46,2026-05-21,2,乒乓球厅-10号,14:00-15:00,0,1,可预约,￥5.0,多云,22,19,4,0.0,70,33
2026-05-21 12:30:42,2026-05-21,2,乒乓球厅-10号,14:00-15:00,0,1,可预约,￥5.0,多云,22,21,3,0.0,68,35
2026-05-21 13:00:43,2026-05-21,2,乒乓球厅-10号,14:00-15:00,0,1,可预约,￥5.0,多云,24,22,4,0.0,66,35
2026-05-21 13:30:43,2026-05-21,2,乒乓球厅-10号,14:00-15:00,0,1,可预约,￥5.0,多云,24,22,4,0.0,66,36
2026-05-21 14:00:48,2026-05-21,2,乒乓球厅-10号,14:00-15:00,0,1,可预约,￥5.0,多云,25,23,4,0.0,66,36
2026-05-21 14:30:45,2026-05-21,2,乒乓球厅-10号,14:00-15:00,0,1,可预约,￥5.0,晴,25,25,3,0.0,65,39
2026-05-21 15:00:45,2026-05-21,2,乒乓球厅-10号,14:00-15:00,0,1,不开放/已过期,,晴,25,22,4,0.0,56,39
2026-05-21 15:30:43,2026-05-21,2,乒乓球厅-10号,14:00-15:00,0,1,不开放/已过期,,晴,25,23,4,0.0,57,40
2026-05-21 16:00:51,2026-05-21,2,乒乓球厅-10号,14:00-15:00,0,1,不开放/已过期,,晴,25,23,4,0.0,57,40
2026-05-21 16:30:48,2026-05-21,2,乒乓球厅-10号,14:00-15:00,0,1,不开放/已过期,,晴,25,24,3,0.0,60,39
2026-05-21 17:00:49,2026-05-21,2,乒乓球厅-10号,14:00-15:00,0,1,不开放/已过期,,晴,25,24,4,0.0,61,39
2026-05-21 17:30:47,2026-05-21,2,乒乓球厅-10号,14:00-15:00,0,1,不开放/已过期,,多云,24,23,3,0.0,64,39
2026-05-21 18:00:50,2026-05-21,2,乒乓球厅-10号,14:00-15:00,0,1,不开放/已过期,,多云,24,23,3,0.0,68,39
2026-05-21 18:30:50,2026-05-21,2,乒乓球厅-10号,14:00-15:00,0,1,不开放/已过期,,阴,24,25,2,0.0,68,40
2026-05-21 19:00:50,2026-05-21,2,乒乓球厅-10号,14:00-15:00,0,1,不开放/已过期,,阴,23,23,3,0.0,76,40
2026-05-21 19:30:46,2026-05-21,2,乒乓球厅-10号,14:00-15:00,0,1,不开放/已过期,,阴,23,24,2,0.0,77,39
2026-05-21 20:00:49,2026-05-21,2,乒乓球厅-10号,14:00-15:00,0,1,不开放/已过期,,雾,22,23,2,0.0,89,39
2026-05-21 20:30:44,2026-05-21,2,乒乓球厅-10号,14:00-15:00,0,1,不开放/已过期,,雾,22,24,2,0.0,93,43
2026-05-21 21:00:56,2026-05-21,2,乒乓球厅-10号,14:00-15:00,0,1,不开放/已过期,,雾,20,21,2,0.0,98,43
2026-05-21 21:30:46,2026-05-21,2,乒乓球厅-10号,14:00-15:00,0,1,不开放/已过期,,雾,20,22,1,0.0,99,41
2026-05-21 22:01:02,2026-05-21,2,乒乓球厅-10号,14:00-15:00,0,1,不开放/已过期,,雾,19,20,2,0.0,93,41
2026-05-21 22:30:47,2026-05-21,2,乒乓球厅-10号,14:00-15:00,0,1,不开放/已过期,,雾,19,19,3,0.0,88,46
2026-05-21 23:00:56,2026-05-21,2,乒乓球厅-10号,14:00-15:00,0,1,不开放/已过期,,多云,18,17,3,0.0,85,46
2026-05-21 23:30:55,2026-05-21,2,乒乓球厅-10号,14:00-15:00,0,1,不开放/已过期,,多云,18,17,3,0.0,85,48
2026-05-21 00:30:49,2026-05-21,2,乒乓球厅-10号,15:00-16:00,0,1,可预约,￥5.0,多云,15,13,3,0.0,100,26
2026-05-21 01:00:55,2026-05-21,2,乒乓球厅-10号,15:00-16:00,0,1,可预约,￥5.0,多云,15,12,4,0.0,100,26
2026-05-21 01:30:47,2026-05-21,2,乒乓球厅-10号,15:00-16:00,0,1,可预约,￥5.0,多云,15,13,4,0.0,100,28
2026-05-21 02:00:53,2026-05-21,2,乒乓球厅-10号,15:00-16:00,0,1,可预约,￥5.0,多云,15,12,4,0.0,100,28
2026-05-21 02:30:49,2026-05-21,2,乒乓球厅-10号,15:00-16:00,0,1,可预约,￥5.0,多云,15,14,3,0.0,100,29
2026-05-21 03:00:55,2026-05-21,2,乒乓球厅-10号,15:00-16:00,0,1,可预约,￥5.0,多云,15,12,4,0.0,100,29
2026-05-21 03:30:49,2026-05-21,2,乒乓球厅-10号,15:00-16:00,0,1,可预约,￥5.0,多云,15,14,3,0.0,100,30
2026-05-21 04:30:45,2026-05-21,2,乒乓球厅-10号,15:00-16:00,0,1,可预约,￥5.0,多云,15,12,4,0.0,100,29
2026-05-21 05:00:52,2026-05-21,2,乒乓球厅-10号,15:00-16:00,0,1,可预约,￥5.0,多云,15,12,4,0.0,100,29
2026-05-21 05:30:49,2026-05-21,2,乒乓球厅-10号,15:00-16:00,0,1,可预约,￥5.0,多云,15,13,3,0.0,100,28
2026-05-21 06:00:50,2026-05-21,2,乒乓球厅-10号,15:00-16:00,0,1,可预约,￥5.0,多云,15,13,4,0.0,99,28
2026-05-21 06:30:38,2026-05-21,2,乒乓球厅-10号,15:00-16:00,0,1,可预约,￥5.0,多云,15,13,3,0.0,97,28
2026-05-21 07:00:43,2026-05-21,2,乒乓球厅-10号,15:00-16:00,0,1,可预约,￥5.0,晴,15,11,5,0.0,93,28
2026-05-21 07:30:39,2026-05-21,2,乒乓球厅-10号,15:00-16:00,0,1,可预约,￥5.0,晴,17,13,4,0.0,89,29
2026-05-21 07:50:40,2026-05-21,2,乒乓球厅-10号,15:00-16:00,0,1,可预约,￥5.0,晴,17,13,4,0.0,88,29
2026-05-21 07:53:31,2026-05-21,2,乒乓球厅-10号,15:00-16:00,0,1,可预约,￥5.0,晴,17,12,5,0.0,86,29
2026-05-21 07:56:31,2026-05-21,2,乒乓球厅-10号,15:00-16:00,0,1,可预约,￥5.0,晴,17,12,5,0.0,86,29
2026-05-21 07:59:26,2026-05-21,2,乒乓球厅-10号,15:00-16:00,0,1,可预约,￥5.0,晴,17,12,5,0.0,86,29
2026-05-21 08:00:45,2026-05-21,2,乒乓球厅-10号,15:00-16:00,0,1,可预约,￥5.0,晴,17,12,5,0.0,86,29
2026-05-21 08:02:30,2026-05-21,2,乒乓球厅-10号,15:00-16:00,0,1,可预约,￥5.0,多云,17,12,5,0.0,87,29
2026-05-21 08:05:36,2026-05-21,2,乒乓球厅-10号,15:00-16:00,0,1,可预约,￥5.0,多云,17,12,5,0.0,86,29
2026-05-21 08:08:31,2026-05-21,2,乒乓球厅-10号,15:00-16:00,0,1,可预约,￥5.0,多云,17,12,5,0.0,86,29
2026-05-21 08:11:30,2026-05-21,2,乒乓球厅-10号,15:00-16:00,0,1,可预约,￥5.0,多云,17,12,5,0.0,86,29
2026-05-21 08:14:31,2026-05-21,2,乒乓球厅-10号,15:00-16:00,0,1,可预约,￥5.0,多云,17,12,5,0.0,86,29
2026-05-21 08:17:30,2026-05-21,2,乒乓球厅-10号,15:00-16:00,0,1,可预约,￥5.0,多云,17,12,5,0.0,86,29
2026-05-21 08:20:35,2026-05-21,2,乒乓球厅-10号,15:00-16:00,0,1,可预约,￥5.0,多云,17,14,4,0.0,85,29
2026-05-21 08:25:32,2026-05-21,2,乒乓球厅-10号,15:00-16:00,0,1,可预约,￥5.0,多云,17,14,4,0.0,85,28
2026-05-21 08:30:42,2026-05-21,2,乒乓球厅-10号,15:00-16:00,0,1,可预约,￥5.0,多云,18,15,4,0.0,84,28
2026-05-21 08:35:31,2026-05-21,2,乒乓球厅-10号,15:00-16:00,0,1,可预约,￥5.0,多云,18,15,4,0.0,84,28
2026-05-21 08:40:38,2026-05-21,2,乒乓球厅-10号,15:00-16:00,0,1,可预约,￥5.0,多云,18,15,4,0.0,82,28
2026-05-21 08:45:33,2026-05-21,2,乒乓球厅-10号,15:00-16:00,0,1,可预约,￥5.0,多云,18,15,4,0.0,82,28
2026-05-21 08:50:36,2026-05-21,2,乒乓球厅-10号,15:00-16:00,0,1,可预约,￥5.0,多云,18,15,4,0.0,82,28
2026-05-21 08:55:34,2026-05-21,2,乒乓球厅-10号,15:00-16:00,0,1,可预约,￥5.0,多云,18,15,4,0.0,84,28
2026-05-21 09:00:51,2026-05-21,2,乒乓球厅-10号,15:00-16:00,0,1,可预约,￥5.0,多云,18,15,4,0.0,84,28
2026-05-21 09:01:59,2026-05-21,2,乒乓球厅-10号,15:00-16:00,0,1,可预约,￥5.0,多云,18,15,4,0.0,83,28
2026-05-21 09:05:33,2026-05-21,2,乒乓球厅-10号,15:00-16:00,0,1,可预约,￥5.0,多云,18,15,4,0.0,83,28
2026-05-21 09:20:38,2026-05-21,2,乒乓球厅-10号,15:00-16:00,0,1,可预约,￥5.0,多云,18,16,3,0.0,81,28
2026-05-21 09:30:46,2026-05-21,2,乒乓球厅-10号,15:00-16:00,0,1,可预约,￥5.0,多云,18,16,3,0.0,81,32
2026-05-21 09:40:36,2026-05-21,2,乒乓球厅-10号,15:00-16:00,0,1,可预约,￥5.0,多云,19,17,3,0.0,79,32
2026-05-21 09:50:42,2026-05-21,2,乒乓球厅-10号,15:00-16:00,0,1,可预约,￥5.0,多云,19,17,4,0.0,81,32
2026-05-21 10:00:46,2026-05-21,2,乒乓球厅-10号,15:00-16:00,0,1,可预约,￥5.0,多云,19,17,4,0.0,79,32
2026-05-21 10:10:40,2026-05-21,2,乒乓球厅-10号,15:00-16:00,0,1,可预约,￥5.0,多云,19,17,4,0.0,79,32
2026-05-21 10:20:38,2026-05-21,2,乒乓球厅-10号,15:00-16:00,0,1,可预约,￥5.0,多云,19,17,4,0.0,79,32
2026-05-21 10:30:41,2026-05-21,2,乒乓球厅-10号,15:00-16:00,0,1,可预约,￥5.0,多云,19,18,3,0.0,78,31
2026-05-21 11:00:44,2026-05-21,2,乒乓球厅-10号,15:00-16:00,0,1,可预约,￥5.0,多云,21,17,5,0.0,74,31
2026-05-21 11:30:38,2026-05-21,2,乒乓球厅-10号,15:00-16:00,0,1,可预约,￥5.0,多云,21,19,3,0.0,72,33
2026-05-21 12:00:46,2026-05-21,2,乒乓球厅-10号,15:00-16:00,0,1,可预约,￥5.0,多云,22,19,4,0.0,70,33
2026-05-21 12:30:42,2026-05-21,2,乒乓球厅-10号,15:00-16:00,0,1,可预约,￥5.0,多云,22,21,3,0.0,68,35
2026-05-21 13:00:43,2026-05-21,2,乒乓球厅-10号,15:00-16:00,0,1,可预约,￥5.0,多云,24,22,4,0.0,66,35
2026-05-21 13:30:43,2026-05-21,2,乒乓球厅-10号,15:00-16:00,0,1,可预约,￥5.0,多云,24,22,4,0.0,66,36
2026-05-21 14:00:48,2026-05-21,2,乒乓球厅-10号,15:00-16:00,0,1,可预约,￥5.0,多云,25,23,4,0.0,66,36
2026-05-21 14:30:45,2026-05-21,2,乒乓球厅-10号,15:00-16:00,0,1,可预约,￥5.0,晴,25,25,3,0.0,65,39
2026-05-21 15:00:45,2026-05-21,2,乒乓球厅-10号,15:00-16:00,0,1,可预约,￥5.0,晴,25,22,4,0.0,56,39
2026-05-21 15:30:43,2026-05-21,2,乒乓球厅-10号,15:00-16:00,0,1,可预约,￥5.0,晴,25,23,4,0.0,57,40
2026-05-21 16:00:51,2026-05-21,2,乒乓球厅-10号,15:00-16:00,0,1,不开放/已过期,,晴,25,23,4,0.0,57,40
2026-05-21 16:30:48,2026-05-21,2,乒乓球厅-10号,15:00-16:00,0,1,不开放/已过期,,晴,25,24,3,0.0,60,39
2026-05-21 17:00:49,2026-05-21,2,乒乓球厅-10号,15:00-16:00,0,1,不开放/已过期,,晴,25,24,4,0.0,61,39
2026-05-21 17:30:47,2026-05-21,2,乒乓球厅-10号,15:00-16:00,0,1,不开放/已过期,,多云,24,23,3,0.0,64,39
2026-05-21 18:00:50,2026-05-21,2,乒乓球厅-10号,15:00-16:00,0,1,不开放/已过期,,多云,24,23,3,0.0,68,39
2026-05-21 18:30:50,2026-05-21,2,乒乓球厅-10号,15:00-16:00,0,1,不开放/已过期,,阴,24,25,2,0.0,68,40
2026-05-21 19:00:50,2026-05-21,2,乒乓球厅-10号,15:00-16:00,0,1,不开放/已过期,,阴,23,23,3,0.0,76,40
2026-05-21 19:30:46,2026-05-21,2,乒乓球厅-10号,15:00-16:00,0,1,不开放/已过期,,阴,23,24,2,0.0,77,39
2026-05-21 20:00:49,2026-05-21,2,乒乓球厅-10号,15:00-16:00,0,1,不开放/已过期,,雾,22,23,2,0.0,89,39
2026-05-21 20:30:44,2026-05-21,2,乒乓球厅-10号,15:00-16:00,0,1,不开放/已过期,,雾,22,24,2,0.0,93,43
2026-05-21 21:00:56,2026-05-21,2,乒乓球厅-10号,15:00-16:00,0,1,不开放/已过期,,雾,20,21,2,0.0,98,43
2026-05-21 21:30:46,2026-05-21,2,乒乓球厅-10号,15:00-16:00,0,1,不开放/已过期,,雾,20,22,1,0.0,99,41
2026-05-21 22:01:02,2026-05-21,2,乒乓球厅-10号,15:00-16:00,0,1,不开放/已过期,,雾,19,20,2,0.0,93,41
2026-05-21 22:30:47,2026-05-21,2,乒乓球厅-10号,15:00-16:00,0,1,不开放/已过期,,雾,19,19,3,0.0,88,46
2026-05-21 23:00:56,2026-05-21,2,乒乓球厅-10号,15:00-16:00,0,1,不开放/已过期,,多云,18,17,3,0.0,85,46
2026-05-21 23:30:55,2026-05-21,2,乒乓球厅-10号,15:00-16:00,0,1,不开放/已过期,,多云,18,17,3,0.0,85,48
2026-05-21 00:30:49,2026-05-21,2,乒乓球厅-10号,16:00-17:00,0,1,可预约,￥5.0,多云,15,13,3,0.0,100,26
2026-05-21 01:00:55,2026-05-21,2,乒乓球厅-10号,16:00-17:00,0,1,可预约,￥5.0,多云,15,12,4,0.0,100,26
2026-05-21 01:30:47,2026-05-21,2,乒乓球厅-10号,16:00-17:00,0,1,可预约,￥5.0,多云,15,13,4,0.0,100,28
2026-05-21 02:00:53,2026-05-21,2,乒乓球厅-10号,16:00-17:00,0,1,可预约,￥5.0,多云,15,12,4,0.0,100,28
2026-05-21 02:30:49,2026-05-21,2,乒乓球厅-10号,16:00-17:00,0,1,可预约,￥5.0,多云,15,14,3,0.0,100,29
2026-05-21 03:00:55,2026-05-21,2,乒乓球厅-10号,16:00-17:00,0,1,可预约,￥5.0,多云,15,12,4,0.0,100,29
2026-05-21 03:30:49,2026-05-21,2,乒乓球厅-10号,16:00-17:00,0,1,可预约,￥5.0,多云,15,14,3,0.0,100,30
2026-05-21 04:30:45,2026-05-21,2,乒乓球厅-10号,16:00-17:00,0,1,可预约,￥5.0,多云,15,12,4,0.0,100,29
2026-05-21 05:00:52,2026-05-21,2,乒乓球厅-10号,16:00-17:00,0,1,可预约,￥5.0,多云,15,12,4,0.0,100,29
2026-05-21 05:30:49,2026-05-21,2,乒乓球厅-10号,16:00-17:00,0,1,可预约,￥5.0,多云,15,13,3,0.0,100,28
2026-05-21 06:00:50,2026-05-21,2,乒乓球厅-10号,16:00-17:00,0,1,可预约,￥5.0,多云,15,13,4,0.0,99,28
2026-05-21 06:30:38,2026-05-21,2,乒乓球厅-10号,16:00-17:00,0,1,可预约,￥5.0,多云,15,13,3,0.0,97,28
2026-05-21 07:00:43,2026-05-21,2,乒乓球厅-10号,16:00-17:00,0,1,可预约,￥5.0,晴,15,11,5,0.0,93,28
2026-05-21 07:30:39,2026-05-21,2,乒乓球厅-10号,16:00-17:00,0,1,可预约,￥5.0,晴,17,13,4,0.0,89,29
2026-05-21 07:50:40,2026-05-21,2,乒乓球厅-10号,16:00-17:00,0,1,可预约,￥5.0,晴,17,13,4,0.0,88,29
2026-05-21 07:53:31,2026-05-21,2,乒乓球厅-10号,16:00-17:00,0,1,可预约,￥5.0,晴,17,12,5,0.0,86,29
2026-05-21 07:56:31,2026-05-21,2,乒乓球厅-10号,16:00-17:00,0,1,可预约,￥5.0,晴,17,12,5,0.0,86,29
2026-05-21 07:59:26,2026-05-21,2,乒乓球厅-10号,16:00-17:00,0,1,可预约,￥5.0,晴,17,12,5,0.0,86,29
2026-05-21 08:00:45,2026-05-21,2,乒乓球厅-10号,16:00-17:00,0,1,可预约,￥5.0,晴,17,12,5,0.0,86,29
2026-05-21 08:02:30,2026-05-21,2,乒乓球厅-10号,16:00-17:00,0,1,可预约,￥5.0,多云,17,12,5,0.0,87,29
2026-05-21 08:05:36,2026-05-21,2,乒乓球厅-10号,16:00-17:00,0,1,可预约,￥5.0,多云,17,12,5,0.0,86,29
2026-05-21 08:08:31,2026-05-21,2,乒乓球厅-10号,16:00-17:00,0,1,可预约,￥5.0,多云,17,12,5,0.0,86,29
2026-05-21 08:11:30,2026-05-21,2,乒乓球厅-10号,16:00-17:00,0,1,可预约,￥5.0,多云,17,12,5,0.0,86,29
2026-05-21 08:14:31,2026-05-21,2,乒乓球厅-10号,16:00-17:00,0,1,可预约,￥5.0,多云,17,12,5,0.0,86,29
2026-05-21 08:17:30,2026-05-21,2,乒乓球厅-10号,16:00-17:00,0,1,可预约,￥5.0,多云,17,12,5,0.0,86,29
2026-05-21 08:20:35,2026-05-21,2,乒乓球厅-10号,16:00-17:00,0,1,可预约,￥5.0,多云,17,14,4,0.0,85,29
2026-05-21 08:25:32,2026-05-21,2,乒乓球厅-10号,16:00-17:00,0,1,可预约,￥5.0,多云,17,14,4,0.0,85,28
2026-05-21 08:30:42,2026-05-21,2,乒乓球厅-10号,16:00-17:00,0,1,可预约,￥5.0,多云,18,15,4,0.0,84,28
2026-05-21 08:35:31,2026-05-21,2,乒乓球厅-10号,16:00-17:00,0,1,可预约,￥5.0,多云,18,15,4,0.0,84,28
2026-05-21 08:40:38,2026-05-21,2,乒乓球厅-10号,16:00-17:00,0,1,可预约,￥5.0,多云,18,15,4,0.0,82,28
2026-05-21 08:45:33,2026-05-21,2,乒乓球厅-10号,16:00-17:00,0,1,可预约,￥5.0,多云,18,15,4,0.0,82,28
2026-05-21 08:50:36,2026-05-21,2,乒乓球厅-10号,16:00-17:00,0,1,可预约,￥5.0,多云,18,15,4,0.0,82,28
2026-05-21 08:55:34,2026-05-21,2,乒乓球厅-10号,16:00-17:00,0,1,可预约,￥5.0,多云,18,15,4,0.0,84,28
2026-05-21 09:00:51,2026-05-21,2,乒乓球厅-10号,16:00-17:00,0,1,可预约,￥5.0,多云,18,15,4,0.0,84,28
2026-05-21 09:01:59,2026-05-21,2,乒乓球厅-10号,16:00-17:00,0,1,可预约,￥5.0,多云,18,15,4,0.0,83,28
2026-05-21 09:05:33,2026-05-21,2,乒乓球厅-10号,16:00-17:00,0,1,可预约,￥5.0,多云,18,15,4,0.0,83,28
2026-05-21 09:20:38,2026-05-21,2,乒乓球厅-10号,16:00-17:00,0,1,可预约,￥5.0,多云,18,16,3,0.0,81,28
2026-05-21 09:30:46,2026-05-21,2,乒乓球厅-10号,16:00-17:00,0,1,可预约,￥5.0,多云,18,16,3,0.0,81,32
2026-05-21 09:40:36,2026-05-21,2,乒乓球厅-10号,16:00-17:00,0,1,可预约,￥5.0,多云,19,17,3,0.0,79,32
2026-05-21 09:50:42,2026-05-21,2,乒乓球厅-10号,16:00-17:00,0,1,可预约,￥5.0,多云,19,17,4,0.0,81,32
2026-05-21 10:00:46,2026-05-21,2,乒乓球厅-10号,16:00-17:00,0,1,可预约,￥5.0,多云,19,17,4,0.0,79,32
2026-05-21 10:10:40,2026-05-21,2,乒乓球厅-10号,16:00-17:00,0,1,可预约,￥5.0,多云,19,17,4,0.0,79,32
2026-05-21 10:20:38,2026-05-21,2,乒乓球厅-10号,16:00-17:00,0,1,可预约,￥5.0,多云,19,17,4,0.0,79,32
2026-05-21 10:30:41,2026-05-21,2,乒乓球厅-10号,16:00-17:00,0,1,可预约,￥5.0,多云,19,18,3,0.0,78,31
2026-05-21 11:00:44,2026-05-21,2,乒乓球厅-10号,16:00-17:00,0,1,可预约,￥5.0,多云,21,17,5,0.0,74,31
2026-05-21 11:30:38,2026-05-21,2,乒乓球厅-10号,16:00-17:00,0,1,可预约,￥5.0,多云,21,19,3,0.0,72,33
2026-05-21 12:00:46,2026-05-21,2,乒乓球厅-10号,16:00-17:00,0,1,可预约,￥5.0,多云,22,19,4,0.0,70,33
2026-05-21 12:30:42,2026-05-21,2,乒乓球厅-10号,16:00-17:00,0,1,可预约,￥5.0,多云,22,21,3,0.0,68,35
2026-05-21 13:00:43,2026-05-21,2,乒乓球厅-10号,16:00-17:00,0,1,可预约,￥5.0,多云,24,22,4,0.0,66,35
2026-05-21 13:30:43,2026-05-21,2,乒乓球厅-10号,16:00-17:00,0,1,可预约,￥5.0,多云,24,22,4,0.0,66,36
2026-05-21 14:00:48,2026-05-21,2,乒乓球厅-10号,16:00-17:00,0,1,可预约,￥5.0,多云,25,23,4,0.0,66,36
2026-05-21 14:30:45,2026-05-21,2,乒乓球厅-10号,16:00-17:00,0,1,可预约,￥5.0,晴,25,25,3,0.0,65,39
2026-05-21 15:00:45,2026-05-21,2,乒乓球厅-10号,16:00-17:00,0,1,可预约,￥5.0,晴,25,22,4,0.0,56,39
2026-05-21 15:30:43,2026-05-21,2,乒乓球厅-10号,16:00-17:00,0,1,可预约,￥5.0,晴,25,23,4,0.0,57,40
2026-05-21 16:00:51,2026-05-21,2,乒乓球厅-10号,16:00-17:00,0,1,可预约,￥5.0,晴,25,23,4,0.0,57,40
2026-05-21 16:30:48,2026-05-21,2,乒乓球厅-10号,16:00-17:00,0,1,可预约,￥5.0,晴,25,24,3,0.0,60,39
2026-05-21 17:00:49,2026-05-21,2,乒乓球厅-10号,16:00-17:00,0,1,不开放/已过期,,晴,25,24,4,0.0,61,39
2026-05-21 17:30:47,2026-05-21,2,乒乓球厅-10号,16:00-17:00,0,1,不开放/已过期,,多云,24,23,3,0.0,64,39
2026-05-21 18:00:50,2026-05-21,2,乒乓球厅-10号,16:00-17:00,0,1,不开放/已过期,,多云,24,23,3,0.0,68,39
2026-05-21 18:30:50,2026-05-21,2,乒乓球厅-10号,16:00-17:00,0,1,不开放/已过期,,阴,24,25,2,0.0,68,40
2026-05-21 19:00:50,2026-05-21,2,乒乓球厅-10号,16:00-17:00,0,1,不开放/已过期,,阴,23,23,3,0.0,76,40
2026-05-21 19:30:46,2026-05-21,2,乒乓球厅-10号,16:00-17:00,0,1,不开放/已过期,,阴,23,24,2,0.0,77,39
2026-05-21 20:00:49,2026-05-21,2,乒乓球厅-10号,16:00-17:00,0,1,不开放/已过期,,雾,22,23,2,0.0,89,39
2026-05-21 20:30:44,2026-05-21,2,乒乓球厅-10号,16:00-17:00,0,1,不开放/已过期,,雾,22,24,2,0.0,93,43
2026-05-21 21:00:56,2026-05-21,2,乒乓球厅-10号,16:00-17:00,0,1,不开放/已过期,,雾,20,21,2,0.0,98,43
2026-05-21 21:30:46,2026-05-21,2,乒乓球厅-10号,16:00-17:00,0,1,不开放/已过期,,雾,20,22,1,0.0,99,41
2026-05-21 22:01:02,2026-05-21,2,乒乓球厅-10号,16:00-17:00,0,1,不开放/已过期,,雾,19,20,2,0.0,93,41
2026-05-21 22:30:47,2026-05-21,2,乒乓球厅-10号,16:00-17:00,0,1,不开放/已过期,,雾,19,19,3,0.0,88,46
2026-05-21 23:00:56,2026-05-21,2,乒乓球厅-10号,16:00-17:00,0,1,不开放/已过期,,多云,18,17,3,0.0,85,46
2026-05-21 23:30:55,2026-05-21,2,乒乓球厅-10号,16:00-17:00,0,1,不开放/已过期,,多云,18,17,3,0.0,85,48
2026-05-21 00:30:49,2026-05-21,2,乒乓球厅-10号,17:00-18:00,0,1,可预约,￥5.0,多云,15,13,3,0.0,100,26
2026-05-21 01:00:55,2026-05-21,2,乒乓球厅-10号,17:00-18:00,0,1,可预约,￥5.0,多云,15,12,4,0.0,100,26
2026-05-21 01:30:47,2026-05-21,2,乒乓球厅-10号,17:00-18:00,0,1,可预约,￥5.0,多云,15,13,4,0.0,100,28
2026-05-21 02:00:53,2026-05-21,2,乒乓球厅-10号,17:00-18:00,0,1,可预约,￥5.0,多云,15,12,4,0.0,100,28
2026-05-21 02:30:49,2026-05-21,2,乒乓球厅-10号,17:00-18:00,0,1,可预约,￥5.0,多云,15,14,3,0.0,100,29
2026-05-21 03:00:55,2026-05-21,2,乒乓球厅-10号,17:00-18:00,0,1,可预约,￥5.0,多云,15,12,4,0.0,100,29
2026-05-21 03:30:49,2026-05-21,2,乒乓球厅-10号,17:00-18:00,0,1,可预约,￥5.0,多云,15,14,3,0.0,100,30
2026-05-21 04:30:45,2026-05-21,2,乒乓球厅-10号,17:00-18:00,0,1,可预约,￥5.0,多云,15,12,4,0.0,100,29
2026-05-21 05:00:52,2026-05-21,2,乒乓球厅-10号,17:00-18:00,0,1,可预约,￥5.0,多云,15,12,4,0.0,100,29
2026-05-21 05:30:49,2026-05-21,2,乒乓球厅-10号,17:00-18:00,0,1,可预约,￥5.0,多云,15,13,3,0.0,100,28
2026-05-21 06:00:50,2026-05-21,2,乒乓球厅-10号,17:00-18:00,0,1,可预约,￥5.0,多云,15,13,4,0.0,99,28
2026-05-21 06:30:38,2026-05-21,2,乒乓球厅-10号,17:00-18:00,0,1,可预约,￥5.0,多云,15,13,3,0.0,97,28
2026-05-21 07:00:43,2026-05-21,2,乒乓球厅-10号,17:00-18:00,0,1,可预约,￥5.0,晴,15,11,5,0.0,93,28
2026-05-21 07:30:39,2026-05-21,2,乒乓球厅-10号,17:00-18:00,0,1,可预约,￥5.0,晴,17,13,4,0.0,89,29
2026-05-21 07:50:40,2026-05-21,2,乒乓球厅-10号,17:00-18:00,0,1,可预约,￥5.0,晴,17,13,4,0.0,88,29
2026-05-21 07:53:31,2026-05-21,2,乒乓球厅-10号,17:00-18:00,0,1,可预约,￥5.0,晴,17,12,5,0.0,86,29
2026-05-21 07:56:31,2026-05-21,2,乒乓球厅-10号,17:00-18:00,0,1,可预约,￥5.0,晴,17,12,5,0.0,86,29
2026-05-21 07:59:26,2026-05-21,2,乒乓球厅-10号,17:00-18:00,0,1,可预约,￥5.0,晴,17,12,5,0.0,86,29
2026-05-21 08:00:45,2026-05-21,2,乒乓球厅-10号,17:00-18:00,0,1,可预约,￥5.0,晴,17,12,5,0.0,86,29
2026-05-21 08:02:30,2026-05-21,2,乒乓球厅-10号,17:00-18:00,0,1,可预约,￥5.0,多云,17,12,5,0.0,87,29
2026-05-21 08:05:36,2026-05-21,2,乒乓球厅-10号,17:00-18:00,0,1,可预约,￥5.0,多云,17,12,5,0.0,86,29
2026-05-21 08:08:31,2026-05-21,2,乒乓球厅-10号,17:00-18:00,0,1,可预约,￥5.0,多云,17,12,5,0.0,86,29
2026-05-21 08:11:30,2026-05-21,2,乒乓球厅-10号,17:00-18:00,0,1,可预约,￥5.0,多云,17,12,5,0.0,86,29
2026-05-21 08:14:31,2026-05-21,2,乒乓球厅-10号,17:00-18:00,0,1,可预约,￥5.0,多云,17,12,5,0.0,86,29
2026-05-21 08:17:30,2026-05-21,2,乒乓球厅-10号,17:00-18:00,0,1,可预约,￥5.0,多云,17,12,5,0.0,86,29
2026-05-21 08:20:35,2026-05-21,2,乒乓球厅-10号,17:00-18:00,0,1,可预约,￥5.0,多云,17,14,4,0.0,85,29
2026-05-21 08:25:32,2026-05-21,2,乒乓球厅-10号,17:00-18:00,0,1,可预约,￥5.0,多云,17,14,4,0.0,85,28
2026-05-21 08:30:42,2026-05-21,2,乒乓球厅-10号,17:00-18:00,0,1,可预约,￥5.0,多云,18,15,4,0.0,84,28
2026-05-21 08:35:31,2026-05-21,2,乒乓球厅-10号,17:00-18:00,0,1,可预约,￥5.0,多云,18,15,4,0.0,84,28
2026-05-21 08:40:38,2026-05-21,2,乒乓球厅-10号,17:00-18:00,0,1,可预约,￥5.0,多云,18,15,4,0.0,82,28
2026-05-21 08:45:33,2026-05-21,2,乒乓球厅-10号,17:00-18:00,0,1,可预约,￥5.0,多云,18,15,4,0.0,82,28
2026-05-21 08:50:36,2026-05-21,2,乒乓球厅-10号,17:00-18:00,0,1,可预约,￥5.0,多云,18,15,4,0.0,82,28
2026-05-21 08:55:34,2026-05-21,2,乒乓球厅-10号,17:00-18:00,0,1,可预约,￥5.0,多云,18,15,4,0.0,84,28
2026-05-21 09:00:51,2026-05-21,2,乒乓球厅-10号,17:00-18:00,0,1,可预约,￥5.0,多云,18,15,4,0.0,84,28
2026-05-21 09:01:59,2026-05-21,2,乒乓球厅-10号,17:00-18:00,0,1,可预约,￥5.0,多云,18,15,4,0.0,83,28
2026-05-21 09:05:33,2026-05-21,2,乒乓球厅-10号,17:00-18:00,0,1,可预约,￥5.0,多云,18,15,4,0.0,83,28
2026-05-21 09:20:38,2026-05-21,2,乒乓球厅-10号,17:00-18:00,0,1,可预约,￥5.0,多云,18,16,3,0.0,81,28
2026-05-21 09:30:46,2026-05-21,2,乒乓球厅-10号,17:00-18:00,0,1,可预约,￥5.0,多云,18,16,3,0.0,81,32
2026-05-21 09:40:36,2026-05-21,2,乒乓球厅-10号,17:00-18:00,0,1,可预约,￥5.0,多云,19,17,3,0.0,79,32
2026-05-21 09:50:42,2026-05-21,2,乒乓球厅-10号,17:00-18:00,0,1,可预约,￥5.0,多云,19,17,4,0.0,81,32
2026-05-21 10:00:46,2026-05-21,2,乒乓球厅-10号,17:00-18:00,0,1,可预约,￥5.0,多云,19,17,4,0.0,79,32
2026-05-21 10:10:40,2026-05-21,2,乒乓球厅-10号,17:00-18:00,0,1,可预约,￥5.0,多云,19,17,4,0.0,79,32
2026-05-21 10:20:38,2026-05-21,2,乒乓球厅-10号,17:00-18:00,0,1,可预约,￥5.0,多云,19,17,4,0.0,79,32
2026-05-21 10:30:41,2026-05-21,2,乒乓球厅-10号,17:00-18:00,0,1,可预约,￥5.0,多云,19,18,3,0.0,78,31
2026-05-21 11:00:44,2026-05-21,2,乒乓球厅-10号,17:00-18:00,0,1,可预约,￥5.0,多云,21,17,5,0.0,74,31
2026-05-21 11:30:38,2026-05-21,2,乒乓球厅-10号,17:00-18:00,0,1,可预约,￥5.0,多云,21,19,3,0.0,72,33
2026-05-21 12:00:46,2026-05-21,2,乒乓球厅-10号,17:00-18:00,0,1,可预约,￥5.0,多云,22,19,4,0.0,70,33
2026-05-21 12:30:42,2026-05-21,2,乒乓球厅-10号,17:00-18:00,0,1,可预约,￥5.0,多云,22,21,3,0.0,68,35
2026-05-21 13:00:43,2026-05-21,2,乒乓球厅-10号,17:00-18:00,0,1,可预约,￥5.0,多云,24,22,4,0.0,66,35
2026-05-21 13:30:43,2026-05-21,2,乒乓球厅-10号,17:00-18:00,0,1,可预约,￥5.0,多云,24,22,4,0.0,66,36
2026-05-21 14:00:48,2026-05-21,2,乒乓球厅-10号,17:00-18:00,0,1,可预约,￥5.0,多云,25,23,4,0.0,66,36
2026-05-21 14:30:45,2026-05-21,2,乒乓球厅-10号,17:00-18:00,0,1,可预约,￥5.0,晴,25,25,3,0.0,65,39
2026-05-21 15:00:45,2026-05-21,2,乒乓球厅-10号,17:00-18:00,0,1,可预约,￥5.0,晴,25,22,4,0.0,56,39
2026-05-21 15:30:43,2026-05-21,2,乒乓球厅-10号,17:00-18:00,0,1,可预约,￥5.0,晴,25,23,4,0.0,57,40
2026-05-21 16:00:51,2026-05-21,2,乒乓球厅-10号,17:00-18:00,0,1,可预约,￥5.0,晴,25,23,4,0.0,57,40
2026-05-21 16:30:48,2026-05-21,2,乒乓球厅-10号,17:00-18:00,0,1,可预约,￥5.0,晴,25,24,3,0.0,60,39
2026-05-21 17:00:49,2026-05-21,2,乒乓球厅-10号,17:00-18:00,0,1,可预约,￥5.0,晴,25,24,4,0.0,61,39
2026-05-21 17:30:47,2026-05-21,2,乒乓球厅-10号,17:00-18:00,0,1,可预约,￥5.0,多云,24,23,3,0.0,64,39
2026-05-21 18:00:50,2026-05-21,2,乒乓球厅-10号,17:00-18:00,0,1,不开放/已过期,,多云,24,23,3,0.0,68,39
2026-05-21 18:30:50,2026-05-21,2,乒乓球厅-10号,17:00-18:00,0,1,不开放/已过期,,阴,24,25,2,0.0,68,40
2026-05-21 19:00:50,2026-05-21,2,乒乓球厅-10号,17:00-18:00,0,1,不开放/已过期,,阴,23,23,3,0.0,76,40
2026-05-21 19:30:46,2026-05-21,2,乒乓球厅-10号,17:00-18:00,0,1,不开放/已过期,,阴,23,24,2,0.0,77,39
2026-05-21 20:00:49,2026-05-21,2,乒乓球厅-10号,17:00-18:00,0,1,不开放/已过期,,雾,22,23,2,0.0,89,39
2026-05-21 20:30:44,2026-05-21,2,乒乓球厅-10号,17:00-18:00,0,1,不开放/已过期,,雾,22,24,2,0.0,93,43
2026-05-21 21:00:56,2026-05-21,2,乒乓球厅-10号,17:00-18:00,0,1,不开放/已过期,,雾,20,21,2,0.0,98,43
2026-05-21 21:30:46,2026-05-21,2,乒乓球厅-10号,17:00-18:00,0,1,不开放/已过期,,雾,20,22,1,0.0,99,41
2026-05-21 22:01:02,2026-05-21,2,乒乓球厅-10号,17:00-18:00,0,1,不开放/已过期,,雾,19,20,2,0.0,93,41
2026-05-21 22:30:47,2026-05-21,2,乒乓球厅-10号,17:00-18:00,0,1,不开放/已过期,,雾,19,19,3,0.0,88,46
2026-05-21 23:00:56,2026-05-21,2,乒乓球厅-10号,17:00-18:00,0,1,不开放/已过期,,多云,18,17,3,0.0,85,46
2026-05-21 23:30:55,2026-05-21,2,乒乓球厅-10号,17:00-18:00,0,1,不开放/已过期,,多云,18,17,3,0.0,85,48
2026-05-21 00:30:49,2026-05-21,2,乒乓球厅-10号,18:30-19:30,0,1,可预约,￥5.0,多云,15,13,3,0.0,100,26
2026-05-21 01:00:55,2026-05-21,2,乒乓球厅-10号,18:30-19:30,0,1,可预约,￥5.0,多云,15,12,4,0.0,100,26
2026-05-21 01:30:47,2026-05-21,2,乒乓球厅-10号,18:30-19:30,0,1,可预约,￥5.0,多云,15,13,4,0.0,100,28
2026-05-21 02:00:53,2026-05-21,2,乒乓球厅-10号,18:30-19:30,0,1,可预约,￥5.0,多云,15,12,4,0.0,100,28
2026-05-21 02:30:49,2026-05-21,2,乒乓球厅-10号,18:30-19:30,0,1,可预约,￥5.0,多云,15,14,3,0.0,100,29
2026-05-21 03:00:55,2026-05-21,2,乒乓球厅-10号,18:30-19:30,0,1,可预约,￥5.0,多云,15,12,4,0.0,100,29
2026-05-21 03:30:49,2026-05-21,2,乒乓球厅-10号,18:30-19:30,0,1,可预约,￥5.0,多云,15,14,3,0.0,100,30
2026-05-21 04:30:45,2026-05-21,2,乒乓球厅-10号,18:30-19:30,0,1,可预约,￥5.0,多云,15,12,4,0.0,100,29
2026-05-21 05:00:52,2026-05-21,2,乒乓球厅-10号,18:30-19:30,0,1,可预约,￥5.0,多云,15,12,4,0.0,100,29
2026-05-21 05:30:49,2026-05-21,2,乒乓球厅-10号,18:30-19:30,0,1,可预约,￥5.0,多云,15,13,3,0.0,100,28
2026-05-21 06:00:50,2026-05-21,2,乒乓球厅-10号,18:30-19:30,0,1,可预约,￥5.0,多云,15,13,4,0.0,99,28
2026-05-21 06:30:38,2026-05-21,2,乒乓球厅-10号,18:30-19:30,0,1,可预约,￥5.0,多云,15,13,3,0.0,97,28
2026-05-21 07:00:43,2026-05-21,2,乒乓球厅-10号,18:30-19:30,0,1,可预约,￥5.0,晴,15,11,5,0.0,93,28
2026-05-21 07:30:39,2026-05-21,2,乒乓球厅-10号,18:30-19:30,0,1,可预约,￥5.0,晴,17,13,4,0.0,89,29
2026-05-21 07:50:40,2026-05-21,2,乒乓球厅-10号,18:30-19:30,0,1,可预约,￥5.0,晴,17,13,4,0.0,88,29
2026-05-21 07:53:31,2026-05-21,2,乒乓球厅-10号,18:30-19:30,0,1,可预约,￥5.0,晴,17,12,5,0.0,86,29
2026-05-21 07:56:31,2026-05-21,2,乒乓球厅-10号,18:30-19:30,0,1,可预约,￥5.0,晴,17,12,5,0.0,86,29
2026-05-21 07:59:26,2026-05-21,2,乒乓球厅-10号,18:30-19:30,0,1,可预约,￥5.0,晴,17,12,5,0.0,86,29
2026-05-21 08:00:45,2026-05-21,2,乒乓球厅-10号,18:30-19:30,0,1,可预约,￥5.0,晴,17,12,5,0.0,86,29
2026-05-21 08:02:30,2026-05-21,2,乒乓球厅-10号,18:30-19:30,0,1,可预约,￥5.0,多云,17,12,5,0.0,87,29
2026-05-21 08:05:36,2026-05-21,2,乒乓球厅-10号,18:30-19:30,0,1,可预约,￥5.0,多云,17,12,5,0.0,86,29
2026-05-21 08:08:31,2026-05-21,2,乒乓球厅-10号,18:30-19:30,0,1,可预约,￥5.0,多云,17,12,5,0.0,86,29
2026-05-21 08:11:30,2026-05-21,2,乒乓球厅-10号,18:30-19:30,0,1,可预约,￥5.0,多云,17,12,5,0.0,86,29
2026-05-21 08:14:31,2026-05-21,2,乒乓球厅-10号,18:30-19:30,0,1,可预约,￥5.0,多云,17,12,5,0.0,86,29
2026-05-21 08:17:30,2026-05-21,2,乒乓球厅-10号,18:30-19:30,0,1,可预约,￥5.0,多云,17,12,5,0.0,86,29
2026-05-21 08:20:35,2026-05-21,2,乒乓球厅-10号,18:30-19:30,0,1,可预约,￥5.0,多云,17,14,4,0.0,85,29
2026-05-21 08:25:32,2026-05-21,2,乒乓球厅-10号,18:30-19:30,0,1,可预约,￥5.0,多云,17,14,4,0.0,85,28
2026-05-21 08:30:42,2026-05-21,2,乒乓球厅-10号,18:30-19:30,0,1,可预约,￥5.0,多云,18,15,4,0.0,84,28
2026-05-21 08:35:31,2026-05-21,2,乒乓球厅-10号,18:30-19:30,0,1,可预约,￥5.0,多云,18,15,4,0.0,84,28
2026-05-21 08:40:38,2026-05-21,2,乒乓球厅-10号,18:30-19:30,0,1,可预约,￥5.0,多云,18,15,4,0.0,82,28
2026-05-21 08:45:33,2026-05-21,2,乒乓球厅-10号,18:30-19:30,0,1,可预约,￥5.0,多云,18,15,4,0.0,82,28
2026-05-21 08:50:36,2026-05-21,2,乒乓球厅-10号,18:30-19:30,0,1,可预约,￥5.0,多云,18,15,4,0.0,82,28
2026-05-21 08:55:34,2026-05-21,2,乒乓球厅-10号,18:30-19:30,0,1,可预约,￥5.0,多云,18,15,4,0.0,84,28
2026-05-21 09:00:51,2026-05-21,2,乒乓球厅-10号,18:30-19:30,0,1,可预约,￥5.0,多云,18,15,4,0.0,84,28
2026-05-21 09:01:59,2026-05-21,2,乒乓球厅-10号,18:30-19:30,0,1,可预约,￥5.0,多云,18,15,4,0.0,83,28
2026-05-21 09:05:33,2026-05-21,2,乒乓球厅-10号,18:30-19:30,0,1,可预约,￥5.0,多云,18,15,4,0.0,83,28
2026-05-21 09:20:38,2026-05-21,2,乒乓球厅-10号,18:30-19:30,0,1,可预约,￥5.0,多云,18,16,3,0.0,81,28
2026-05-21 09:30:46,2026-05-21,2,乒乓球厅-10号,18:30-19:30,0,1,可预约,￥5.0,多云,18,16,3,0.0,81,32
2026-05-21 09:40:36,2026-05-21,2,乒乓球厅-10号,18:30-19:30,0,1,可预约,￥5.0,多云,19,17,3,0.0,79,32
2026-05-21 09:50:42,2026-05-21,2,乒乓球厅-10号,18:30-19:30,0,1,可预约,￥5.0,多云,19,17,4,0.0,81,32
2026-05-21 10:00:46,2026-05-21,2,乒乓球厅-10号,18:30-19:30,0,1,可预约,￥5.0,多云,19,17,4,0.0,79,32
2026-05-21 10:10:40,2026-05-21,2,乒乓球厅-10号,18:30-19:30,0,1,可预约,￥5.0,多云,19,17,4,0.0,79,32
2026-05-21 10:20:38,2026-05-21,2,乒乓球厅-10号,18:30-19:30,0,1,可预约,￥5.0,多云,19,17,4,0.0,79,32
2026-05-21 10:30:41,2026-05-21,2,乒乓球厅-10号,18:30-19:30,0,1,可预约,￥5.0,多云,19,18,3,0.0,78,31
2026-05-21 11:00:44,2026-05-21,2,乒乓球厅-10号,18:30-19:30,0,1,可预约,￥5.0,多云,21,17,5,0.0,74,31
2026-05-21 11:30:38,2026-05-21,2,乒乓球厅-10号,18:30-19:30,0,1,可预约,￥5.0,多云,21,19,3,0.0,72,33
2026-05-21 12:00:46,2026-05-21,2,乒乓球厅-10号,18:30-19:30,0,1,可预约,￥5.0,多云,22,19,4,0.0,70,33
2026-05-21 12:30:42,2026-05-21,2,乒乓球厅-10号,18:30-19:30,0,1,可预约,￥5.0,多云,22,21,3,0.0,68,35
2026-05-21 13:00:43,2026-05-21,2,乒乓球厅-10号,18:30-19:30,0,1,可预约,￥5.0,多云,24,22,4,0.0,66,35
2026-05-21 13:30:43,2026-05-21,2,乒乓球厅-10号,18:30-19:30,0,1,可预约,￥5.0,多云,24,22,4,0.0,66,36
2026-05-21 14:00:48,2026-05-21,2,乒乓球厅-10号,18:30-19:30,0,1,可预约,￥5.0,多云,25,23,4,0.0,66,36
2026-05-21 14:30:45,2026-05-21,2,乒乓球厅-10号,18:30-19:30,0,1,可预约,￥5.0,晴,25,25,3,0.0,65,39
2026-05-21 15:00:45,2026-05-21,2,乒乓球厅-10号,18:30-19:30,0,1,可预约,￥5.0,晴,25,22,4,0.0,56,39
2026-05-21 15:30:43,2026-05-21,2,乒乓球厅-10号,18:30-19:30,0,1,可预约,￥5.0,晴,25,23,4,0.0,57,40
2026-05-21 16:00:51,2026-05-21,2,乒乓球厅-10号,18:30-19:30,0,1,可预约,￥5.0,晴,25,23,4,0.0,57,40
2026-05-21 16:30:48,2026-05-21,2,乒乓球厅-10号,18:30-19:30,0,1,可预约,￥5.0,晴,25,24,3,0.0,60,39
2026-05-21 17:00:49,2026-05-21,2,乒乓球厅-10号,18:30-19:30,0,1,可预约,￥5.0,晴,25,24,4,0.0,61,39
2026-05-21 17:30:47,2026-05-21,2,乒乓球厅-10号,18:30-19:30,0,1,可预约,￥5.0,多云,24,23,3,0.0,64,39
2026-05-21 18:00:50,2026-05-21,2,乒乓球厅-10号,18:30-19:30,0,1,可预约,￥5.0,多云,24,23,3,0.0,68,39
2026-05-21 18:30:50,2026-05-21,2,乒乓球厅-10号,18:30-19:30,0,1,可预约,￥5.0,阴,24,25,2,0.0,68,40
2026-05-21 19:00:50,2026-05-21,2,乒乓球厅-10号,18:30-19:30,0,1,可预约,￥5.0,阴,23,23,3,0.0,76,40
2026-05-21 19:30:46,2026-05-21,2,乒乓球厅-10号,18:30-19:30,0,1,不开放/已过期,,阴,23,24,2,0.0,77,39
2026-05-21 20:00:49,2026-05-21,2,乒乓球厅-10号,18:30-19:30,0,1,不开放/已过期,,雾,22,23,2,0.0,89,39
2026-05-21 20:30:44,2026-05-21,2,乒乓球厅-10号,18:30-19:30,0,1,不开放/已过期,,雾,22,24,2,0.0,93,43
2026-05-21 21:00:56,2026-05-21,2,乒乓球厅-10号,18:30-19:30,0,1,不开放/已过期,,雾,20,21,2,0.0,98,43
2026-05-21 21:30:46,2026-05-21,2,乒乓球厅-10号,18:30-19:30,0,1,不开放/已过期,,雾,20,22,1,0.0,99,41
2026-05-21 22:01:02,2026-05-21,2,乒乓球厅-10号,18:30-19:30,0,1,不开放/已过期,,雾,19,20,2,0.0,93,41
2026-05-21 22:30:47,2026-05-21,2,乒乓球厅-10号,18:30-19:30,0,1,不开放/已过期,,雾,19,19,3,0.0,88,46
2026-05-21 23:00:56,2026-05-21,2,乒乓球厅-10号,18:30-19:30,0,1,不开放/已过期,,多云,18,17,3,0.0,85,46
2026-05-21 23:30:55,2026-05-21,2,乒乓球厅-10号,18:30-19:30,0,1,不开放/已过期,,多云,18,17,3,0.0,85,48
2026-05-21 00:30:49,2026-05-21,2,乒乓球厅-10号,19:30-20:30,0,1,可预约,￥5.0,多云,15,13,3,0.0,100,26
2026-05-21 01:00:55,2026-05-21,2,乒乓球厅-10号,19:30-20:30,0,1,可预约,￥5.0,多云,15,12,4,0.0,100,26
2026-05-21 01:30:47,2026-05-21,2,乒乓球厅-10号,19:30-20:30,0,1,可预约,￥5.0,多云,15,13,4,0.0,100,28
2026-05-21 02:00:53,2026-05-21,2,乒乓球厅-10号,19:30-20:30,0,1,可预约,￥5.0,多云,15,12,4,0.0,100,28
2026-05-21 02:30:49,2026-05-21,2,乒乓球厅-10号,19:30-20:30,0,1,可预约,￥5.0,多云,15,14,3,0.0,100,29
2026-05-21 03:00:55,2026-05-21,2,乒乓球厅-10号,19:30-20:30,0,1,可预约,￥5.0,多云,15,12,4,0.0,100,29
2026-05-21 03:30:49,2026-05-21,2,乒乓球厅-10号,19:30-20:30,0,1,可预约,￥5.0,多云,15,14,3,0.0,100,30
2026-05-21 04:30:45,2026-05-21,2,乒乓球厅-10号,19:30-20:30,0,1,可预约,￥5.0,多云,15,12,4,0.0,100,29
2026-05-21 05:00:52,2026-05-21,2,乒乓球厅-10号,19:30-20:30,0,1,可预约,￥5.0,多云,15,12,4,0.0,100,29
2026-05-21 05:30:49,2026-05-21,2,乒乓球厅-10号,19:30-20:30,0,1,可预约,￥5.0,多云,15,13,3,0.0,100,28
2026-05-21 06:00:50,2026-05-21,2,乒乓球厅-10号,19:30-20:30,0,1,可预约,￥5.0,多云,15,13,4,0.0,99,28
2026-05-21 06:30:38,2026-05-21,2,乒乓球厅-10号,19:30-20:30,0,1,可预约,￥5.0,多云,15,13,3,0.0,97,28
2026-05-21 07:00:43,2026-05-21,2,乒乓球厅-10号,19:30-20:30,0,1,可预约,￥5.0,晴,15,11,5,0.0,93,28
2026-05-21 07:30:39,2026-05-21,2,乒乓球厅-10号,19:30-20:30,0,1,可预约,￥5.0,晴,17,13,4,0.0,89,29
2026-05-21 07:50:40,2026-05-21,2,乒乓球厅-10号,19:30-20:30,0,1,可预约,￥5.0,晴,17,13,4,0.0,88,29
2026-05-21 07:53:31,2026-05-21,2,乒乓球厅-10号,19:30-20:30,0,1,可预约,￥5.0,晴,17,12,5,0.0,86,29
2026-05-21 07:56:31,2026-05-21,2,乒乓球厅-10号,19:30-20:30,0,1,可预约,￥5.0,晴,17,12,5,0.0,86,29
2026-05-21 07:59:26,2026-05-21,2,乒乓球厅-10号,19:30-20:30,0,1,可预约,￥5.0,晴,17,12,5,0.0,86,29
2026-05-21 08:00:45,2026-05-21,2,乒乓球厅-10号,19:30-20:30,0,1,可预约,￥5.0,晴,17,12,5,0.0,86,29
2026-05-21 08:02:30,2026-05-21,2,乒乓球厅-10号,19:30-20:30,0,1,可预约,￥5.0,多云,17,12,5,0.0,87,29
2026-05-21 08:05:36,2026-05-21,2,乒乓球厅-10号,19:30-20:30,0,1,可预约,￥5.0,多云,17,12,5,0.0,86,29
2026-05-21 08:08:31,2026-05-21,2,乒乓球厅-10号,19:30-20:30,0,1,可预约,￥5.0,多云,17,12,5,0.0,86,29
2026-05-21 08:11:30,2026-05-21,2,乒乓球厅-10号,19:30-20:30,0,1,可预约,￥5.0,多云,17,12,5,0.0,86,29
2026-05-21 08:14:31,2026-05-21,2,乒乓球厅-10号,19:30-20:30,0,1,可预约,￥5.0,多云,17,12,5,0.0,86,29
2026-05-21 08:17:30,2026-05-21,2,乒乓球厅-10号,19:30-20:30,0,1,可预约,￥5.0,多云,17,12,5,0.0,86,29
2026-05-21 08:20:35,2026-05-21,2,乒乓球厅-10号,19:30-20:30,0,1,可预约,￥5.0,多云,17,14,4,0.0,85,29
2026-05-21 08:25:32,2026-05-21,2,乒乓球厅-10号,19:30-20:30,0,1,可预约,￥5.0,多云,17,14,4,0.0,85,28
2026-05-21 08:30:42,2026-05-21,2,乒乓球厅-10号,19:30-20:30,0,1,可预约,￥5.0,多云,18,15,4,0.0,84,28
2026-05-21 08:35:31,2026-05-21,2,乒乓球厅-10号,19:30-20:30,0,1,可预约,￥5.0,多云,18,15,4,0.0,84,28
2026-05-21 08:40:38,2026-05-21,2,乒乓球厅-10号,19:30-20:30,0,1,可预约,￥5.0,多云,18,15,4,0.0,82,28
2026-05-21 08:45:33,2026-05-21,2,乒乓球厅-10号,19:30-20:30,0,1,可预约,￥5.0,多云,18,15,4,0.0,82,28
2026-05-21 08:50:36,2026-05-21,2,乒乓球厅-10号,19:30-20:30,0,1,可预约,￥5.0,多云,18,15,4,0.0,82,28
2026-05-21 08:55:34,2026-05-21,2,乒乓球厅-10号,19:30-20:30,0,1,可预约,￥5.0,多云,18,15,4,0.0,84,28
2026-05-21 09:00:51,2026-05-21,2,乒乓球厅-10号,19:30-20:30,0,1,可预约,￥5.0,多云,18,15,4,0.0,84,28
2026-05-21 09:01:59,2026-05-21,2,乒乓球厅-10号,19:30-20:30,0,1,可预约,￥5.0,多云,18,15,4,0.0,83,28
2026-05-21 09:05:33,2026-05-21,2,乒乓球厅-10号,19:30-20:30,0,1,可预约,￥5.0,多云,18,15,4,0.0,83,28
2026-05-21 09:20:38,2026-05-21,2,乒乓球厅-10号,19:30-20:30,0,1,可预约,￥5.0,多云,18,16,3,0.0,81,28
2026-05-21 09:30:46,2026-05-21,2,乒乓球厅-10号,19:30-20:30,0,1,可预约,￥5.0,多云,18,16,3,0.0,81,32
2026-05-21 09:40:36,2026-05-21,2,乒乓球厅-10号,19:30-20:30,0,1,可预约,￥5.0,多云,19,17,3,0.0,79,32
2026-05-21 09:50:42,2026-05-21,2,乒乓球厅-10号,19:30-20:30,0,1,可预约,￥5.0,多云,19,17,4,0.0,81,32
2026-05-21 10:00:46,2026-05-21,2,乒乓球厅-10号,19:30-20:30,0,1,可预约,￥5.0,多云,19,17,4,0.0,79,32
2026-05-21 10:10:40,2026-05-21,2,乒乓球厅-10号,19:30-20:30,0,1,可预约,￥5.0,多云,19,17,4,0.0,79,32
2026-05-21 10:20:38,2026-05-21,2,乒乓球厅-10号,19:30-20:30,0,1,可预约,￥5.0,多云,19,17,4,0.0,79,32
2026-05-21 10:30:41,2026-05-21,2,乒乓球厅-10号,19:30-20:30,0,1,可预约,￥5.0,多云,19,18,3,0.0,78,31
2026-05-21 11:00:44,2026-05-21,2,乒乓球厅-10号,19:30-20:30,0,1,可预约,￥5.0,多云,21,17,5,0.0,74,31
2026-05-21 11:30:38,2026-05-21,2,乒乓球厅-10号,19:30-20:30,0,1,可预约,￥5.0,多云,21,19,3,0.0,72,33
2026-05-21 12:00:46,2026-05-21,2,乒乓球厅-10号,19:30-20:30,0,1,可预约,￥5.0,多云,22,19,4,0.0,70,33
2026-05-21 12:30:42,2026-05-21,2,乒乓球厅-10号,19:30-20:30,0,1,可预约,￥5.0,多云,22,21,3,0.0,68,35
2026-05-21 13:00:43,2026-05-21,2,乒乓球厅-10号,19:30-20:30,0,1,可预约,￥5.0,多云,24,22,4,0.0,66,35
2026-05-21 13:30:43,2026-05-21,2,乒乓球厅-10号,19:30-20:30,0,1,可预约,￥5.0,多云,24,22,4,0.0,66,36
2026-05-21 14:00:48,2026-05-21,2,乒乓球厅-10号,19:30-20:30,0,1,可预约,￥5.0,多云,25,23,4,0.0,66,36
2026-05-21 14:30:45,2026-05-21,2,乒乓球厅-10号,19:30-20:30,0,1,可预约,￥5.0,晴,25,25,3,0.0,65,39
2026-05-21 15:00:45,2026-05-21,2,乒乓球厅-10号,19:30-20:30,0,1,可预约,￥5.0,晴,25,22,4,0.0,56,39
2026-05-21 15:30:43,2026-05-21,2,乒乓球厅-10号,19:30-20:30,0,1,可预约,￥5.0,晴,25,23,4,0.0,57,40
2026-05-21 16:00:51,2026-05-21,2,乒乓球厅-10号,19:30-20:30,0,1,可预约,￥5.0,晴,25,23,4,0.0,57,40
2026-05-21 16:30:48,2026-05-21,2,乒乓球厅-10号,19:30-20:30,0,1,可预约,￥5.0,晴,25,24,3,0.0,60,39
2026-05-21 17:00:49,2026-05-21,2,乒乓球厅-10号,19:30-20:30,0,1,可预约,￥5.0,晴,25,24,4,0.0,61,39
2026-05-21 17:30:47,2026-05-21,2,乒乓球厅-10号,19:30-20:30,0,1,可预约,￥5.0,多云,24,23,3,0.0,64,39
2026-05-21 18:00:50,2026-05-21,2,乒乓球厅-10号,19:30-20:30,0,1,可预约,￥5.0,多云,24,23,3,0.0,68,39
2026-05-21 18:30:50,2026-05-21,2,乒乓球厅-10号,19:30-20:30,0,1,可预约,￥5.0,阴,24,25,2,0.0,68,40
2026-05-21 19:00:50,2026-05-21,2,乒乓球厅-10号,19:30-20:30,0,1,可预约,￥5.0,阴,23,23,3,0.0,76,40
2026-05-21 19:30:46,2026-05-21,2,乒乓球厅-10号,19:30-20:30,0,1,可预约,￥5.0,阴,23,24,2,0.0,77,39
2026-05-21 20:00:49,2026-05-21,2,乒乓球厅-10号,19:30-20:30,0,1,可预约,￥5.0,雾,22,23,2,0.0,89,39
2026-05-21 20:30:44,2026-05-21,2,乒乓球厅-10号,19:30-20:30,0,1,不开放/已过期,,雾,22,24,2,0.0,93,43
2026-05-21 21:00:56,2026-05-21,2,乒乓球厅-10号,19:30-20:30,0,1,不开放/已过期,,雾,20,21,2,0.0,98,43
2026-05-21 21:30:46,2026-05-21,2,乒乓球厅-10号,19:30-20:30,0,1,不开放/已过期,,雾,20,22,1,0.0,99,41
2026-05-21 22:01:02,2026-05-21,2,乒乓球厅-10号,19:30-20:30,0,1,不开放/已过期,,雾,19,20,2,0.0,93,41
2026-05-21 22:30:47,2026-05-21,2,乒乓球厅-10号,19:30-20:30,0,1,不开放/已过期,,雾,19,19,3,0.0,88,46
2026-05-21 23:00:56,2026-05-21,2,乒乓球厅-10号,19:30-20:30,0,1,不开放/已过期,,多云,18,17,3,0.0,85,46
2026-05-21 23:30:55,2026-05-21,2,乒乓球厅-10号,19:30-20:30,0,1,不开放/已过期,,多云,18,17,3,0.0,85,48
2026-05-21 00:30:49,2026-05-21,2,乒乓球厅-10号,20:30-21:30,1,1,已售/已满,已售,多云,15,13,3,0.0,100,26
2026-05-21 01:00:55,2026-05-21,2,乒乓球厅-10号,20:30-21:30,1,1,已售/已满,已售,多云,15,12,4,0.0,100,26
2026-05-21 01:30:47,2026-05-21,2,乒乓球厅-10号,20:30-21:30,1,1,已售/已满,已售,多云,15,13,4,0.0,100,28
2026-05-21 02:00:53,2026-05-21,2,乒乓球厅-10号,20:30-21:30,1,1,已售/已满,已售,多云,15,12,4,0.0,100,28
2026-05-21 02:30:49,2026-05-21,2,乒乓球厅-10号,20:30-21:30,1,1,已售/已满,已售,多云,15,14,3,0.0,100,29
2026-05-21 03:00:55,2026-05-21,2,乒乓球厅-10号,20:30-21:30,1,1,已售/已满,已售,多云,15,12,4,0.0,100,29
2026-05-21 03:30:49,2026-05-21,2,乒乓球厅-10号,20:30-21:30,1,1,已售/已满,已售,多云,15,14,3,0.0,100,30
2026-05-21 04:30:45,2026-05-21,2,乒乓球厅-10号,20:30-21:30,1,1,已售/已满,已售,多云,15,12,4,0.0,100,29
2026-05-21 05:00:52,2026-05-21,2,乒乓球厅-10号,20:30-21:30,1,1,已售/已满,已售,多云,15,12,4,0.0,100,29
2026-05-21 05:30:49,2026-05-21,2,乒乓球厅-10号,20:30-21:30,1,1,已售/已满,已售,多云,15,13,3,0.0,100,28
2026-05-21 06:00:50,2026-05-21,2,乒乓球厅-10号,20:30-21:30,1,1,已售/已满,已售,多云,15,13,4,0.0,99,28
2026-05-21 06:30:38,2026-05-21,2,乒乓球厅-10号,20:30-21:30,1,1,已售/已满,已售,多云,15,13,3,0.0,97,28
2026-05-21 07:00:43,2026-05-21,2,乒乓球厅-10号,20:30-21:30,1,1,已售/已满,已售,晴,15,11,5,0.0,93,28
2026-05-21 07:30:39,2026-05-21,2,乒乓球厅-10号,20:30-21:30,1,1,已售/已满,已售,晴,17,13,4,0.0,89,29
2026-05-21 07:50:40,2026-05-21,2,乒乓球厅-10号,20:30-21:30,1,1,已售/已满,已售,晴,17,13,4,0.0,88,29
2026-05-21 07:53:31,2026-05-21,2,乒乓球厅-10号,20:30-21:30,1,1,已售/已满,已售,晴,17,12,5,0.0,86,29
2026-05-21 07:56:31,2026-05-21,2,乒乓球厅-10号,20:30-21:30,1,1,已售/已满,已售,晴,17,12,5,0.0,86,29
2026-05-21 07:59:26,2026-05-21,2,乒乓球厅-10号,20:30-21:30,1,1,已售/已满,已售,晴,17,12,5,0.0,86,29
2026-05-21 08:00:45,2026-05-21,2,乒乓球厅-10号,20:30-21:30,1,1,已售/已满,已售,晴,17,12,5,0.0,86,29
2026-05-21 08:02:30,2026-05-21,2,乒乓球厅-10号,20:30-21:30,1,1,已售/已满,已售,多云,17,12,5,0.0,87,29
2026-05-21 08:05:36,2026-05-21,2,乒乓球厅-10号,20:30-21:30,1,1,已售/已满,已售,多云,17,12,5,0.0,86,29
2026-05-21 08:08:31,2026-05-21,2,乒乓球厅-10号,20:30-21:30,1,1,已售/已满,已售,多云,17,12,5,0.0,86,29
2026-05-21 08:11:30,2026-05-21,2,乒乓球厅-10号,20:30-21:30,1,1,已售/已满,已售,多云,17,12,5,0.0,86,29
2026-05-21 08:14:31,2026-05-21,2,乒乓球厅-10号,20:30-21:30,1,1,已售/已满,已售,多云,17,12,5,0.0,86,29
2026-05-21 08:17:30,2026-05-21,2,乒乓球厅-10号,20:30-21:30,1,1,已售/已满,已售,多云,17,12,5,0.0,86,29
2026-05-21 08:20:35,2026-05-21,2,乒乓球厅-10号,20:30-21:30,1,1,已售/已满,已售,多云,17,14,4,0.0,85,29
2026-05-21 08:25:32,2026-05-21,2,乒乓球厅-10号,20:30-21:30,1,1,已售/已满,已售,多云,17,14,4,0.0,85,28
2026-05-21 08:30:42,2026-05-21,2,乒乓球厅-10号,20:30-21:30,1,1,已售/已满,已售,多云,18,15,4,0.0,84,28
2026-05-21 08:35:31,2026-05-21,2,乒乓球厅-10号,20:30-21:30,1,1,已售/已满,已售,多云,18,15,4,0.0,84,28
2026-05-21 08:40:38,2026-05-21,2,乒乓球厅-10号,20:30-21:30,1,1,已售/已满,已售,多云,18,15,4,0.0,82,28
2026-05-21 08:45:33,2026-05-21,2,乒乓球厅-10号,20:30-21:30,1,1,已售/已满,已售,多云,18,15,4,0.0,82,28
2026-05-21 08:50:36,2026-05-21,2,乒乓球厅-10号,20:30-21:30,1,1,已售/已满,已售,多云,18,15,4,0.0,82,28
2026-05-21 08:55:34,2026-05-21,2,乒乓球厅-10号,20:30-21:30,1,1,已售/已满,已售,多云,18,15,4,0.0,84,28
2026-05-21 09:00:51,2026-05-21,2,乒乓球厅-10号,20:30-21:30,1,1,已售/已满,已售,多云,18,15,4,0.0,84,28
2026-05-21 09:01:59,2026-05-21,2,乒乓球厅-10号,20:30-21:30,1,1,已售/已满,已售,多云,18,15,4,0.0,83,28
2026-05-21 09:05:33,2026-05-21,2,乒乓球厅-10号,20:30-21:30,1,1,已售/已满,已售,多云,18,15,4,0.0,83,28
2026-05-21 09:20:38,2026-05-21,2,乒乓球厅-10号,20:30-21:30,1,1,已售/已满,已售,多云,18,16,3,0.0,81,28
2026-05-21 09:30:46,2026-05-21,2,乒乓球厅-10号,20:30-21:30,1,1,已售/已满,已售,多云,18,16,3,0.0,81,32
2026-05-21 09:40:36,2026-05-21,2,乒乓球厅-10号,20:30-21:30,1,1,已售/已满,已售,多云,19,17,3,0.0,79,32
2026-05-21 09:50:42,2026-05-21,2,乒乓球厅-10号,20:30-21:30,1,1,已售/已满,已售,多云,19,17,4,0.0,81,32
2026-05-21 10:00:46,2026-05-21,2,乒乓球厅-10号,20:30-21:30,1,1,已售/已满,已售,多云,19,17,4,0.0,79,32
2026-05-21 10:10:40,2026-05-21,2,乒乓球厅-10号,20:30-21:30,1,1,已售/已满,已售,多云,19,17,4,0.0,79,32
2026-05-21 10:20:38,2026-05-21,2,乒乓球厅-10号,20:30-21:30,1,1,已售/已满,已售,多云,19,17,4,0.0,79,32
2026-05-21 10:30:41,2026-05-21,2,乒乓球厅-10号,20:30-21:30,1,1,已售/已满,已售,多云,19,18,3,0.0,78,31
2026-05-21 11:00:44,2026-05-21,2,乒乓球厅-10号,20:30-21:30,1,1,已售/已满,已售,多云,21,17,5,0.0,74,31
2026-05-21 11:30:38,2026-05-21,2,乒乓球厅-10号,20:30-21:30,1,1,已售/已满,已售,多云,21,19,3,0.0,72,33
2026-05-21 12:00:46,2026-05-21,2,乒乓球厅-10号,20:30-21:30,1,1,已售/已满,已售,多云,22,19,4,0.0,70,33
2026-05-21 12:30:42,2026-05-21,2,乒乓球厅-10号,20:30-21:30,1,1,已售/已满,已售,多云,22,21,3,0.0,68,35
2026-05-21 13:00:43,2026-05-21,2,乒乓球厅-10号,20:30-21:30,1,1,已售/已满,已售,多云,24,22,4,0.0,66,35
2026-05-21 13:30:43,2026-05-21,2,乒乓球厅-10号,20:30-21:30,1,1,已售/已满,已售,多云,24,22,4,0.0,66,36
2026-05-21 14:00:48,2026-05-21,2,乒乓球厅-10号,20:30-21:30,1,1,已售/已满,已售,多云,25,23,4,0.0,66,36
2026-05-21 14:30:45,2026-05-21,2,乒乓球厅-10号,20:30-21:30,1,1,已售/已满,已售,晴,25,25,3,0.0,65,39
2026-05-21 15:00:45,2026-05-21,2,乒乓球厅-10号,20:30-21:30,1,1,已售/已满,已售,晴,25,22,4,0.0,56,39
2026-05-21 15:30:43,2026-05-21,2,乒乓球厅-10号,20:30-21:30,1,1,已售/已满,已售,晴,25,23,4,0.0,57,40
2026-05-21 16:00:51,2026-05-21,2,乒乓球厅-10号,20:30-21:30,1,1,已售/已满,已售,晴,25,23,4,0.0,57,40
2026-05-21 16:30:48,2026-05-21,2,乒乓球厅-10号,20:30-21:30,1,1,已售/已满,已售,晴,25,24,3,0.0,60,39
2026-05-21 17:00:49,2026-05-21,2,乒乓球厅-10号,20:30-21:30,1,1,已售/已满,已售,晴,25,24,4,0.0,61,39
2026-05-21 17:30:47,2026-05-21,2,乒乓球厅-10号,20:30-21:30,1,1,已售/已满,已售,多云,24,23,3,0.0,64,39
2026-05-21 18:00:50,2026-05-21,2,乒乓球厅-10号,20:30-21:30,1,1,已售/已满,已售,多云,24,23,3,0.0,68,39
2026-05-21 18:30:50,2026-05-21,2,乒乓球厅-10号,20:30-21:30,1,1,已售/已满,已售,阴,24,25,2,0.0,68,40
2026-05-21 19:00:50,2026-05-21,2,乒乓球厅-10号,20:30-21:30,1,1,已售/已满,已售,阴,23,23,3,0.0,76,40
2026-05-21 19:30:46,2026-05-21,2,乒乓球厅-10号,20:30-21:30,1,1,已售/已满,已售,阴,23,24,2,0.0,77,39
2026-05-21 20:00:49,2026-05-21,2,乒乓球厅-10号,20:30-21:30,1,1,已售/已满,已售,雾,22,23,2,0.0,89,39
2026-05-21 20:30:44,2026-05-21,2,乒乓球厅-10号,20:30-21:30,1,1,已售/已满,已售,雾,22,24,2,0.0,93,43
2026-05-21 21:00:56,2026-05-21,2,乒乓球厅-10号,20:30-21:30,1,1,已售/已满,已售,雾,20,21,2,0.0,98,43
2026-05-21 21:30:46,2026-05-21,2,乒乓球厅-10号,20:30-21:30,1,1,已售/已满,已售,雾,20,22,1,0.0,99,41
2026-05-21 22:01:02,2026-05-21,2,乒乓球厅-10号,20:30-21:30,1,1,已售/已满,已售,雾,19,20,2,0.0,93,41
2026-05-21 22:30:47,2026-05-21,2,乒乓球厅-10号,20:30-21:30,1,1,已售/已满,已售,雾,19,19,3,0.0,88,46
2026-05-21 23:00:56,2026-05-21,2,乒乓球厅-10号,20:30-21:30,1,1,已售/已满,已售,多云,18,17,3,0.0,85,46
2026-05-21 23:30:55,2026-05-21,2,乒乓球厅-10号,20:30-21:30,1,1,已售/已满,已售,多云,18,17,3,0.0,85,48
2026-05-21 00:30:49,2026-05-21,2,乒乓球厅-11号,07:00-08:00,0,1,可预约,￥0.0,多云,15,13,3,0.0,100,26
2026-05-21 01:00:55,2026-05-21,2,乒乓球厅-11号,07:00-08:00,0,1,可预约,￥0.0,多云,15,12,4,0.0,100,26
2026-05-21 01:30:47,2026-05-21,2,乒乓球厅-11号,07:00-08:00,0,1,可预约,￥0.0,多云,15,13,4,0.0,100,28
2026-05-21 02:00:53,2026-05-21,2,乒乓球厅-11号,07:00-08:00,0,1,可预约,￥0.0,多云,15,12,4,0.0,100,28
2026-05-21 02:30:49,2026-05-21,2,乒乓球厅-11号,07:00-08:00,0,1,可预约,￥0.0,多云,15,14,3,0.0,100,29
2026-05-21 03:00:55,2026-05-21,2,乒乓球厅-11号,07:00-08:00,0,1,可预约,￥0.0,多云,15,12,4,0.0,100,29
2026-05-21 03:30:49,2026-05-21,2,乒乓球厅-11号,07:00-08:00,0,1,可预约,￥0.0,多云,15,14,3,0.0,100,30
2026-05-21 04:30:45,2026-05-21,2,乒乓球厅-11号,07:00-08:00,0,1,可预约,￥0.0,多云,15,12,4,0.0,100,29
2026-05-21 05:00:52,2026-05-21,2,乒乓球厅-11号,07:00-08:00,0,1,可预约,￥0.0,多云,15,12,4,0.0,100,29
2026-05-21 05:30:49,2026-05-21,2,乒乓球厅-11号,07:00-08:00,0,1,可预约,￥0.0,多云,15,13,3,0.0,100,28
2026-05-21 06:00:50,2026-05-21,2,乒乓球厅-11号,07:00-08:00,0,1,可预约,￥0.0,多云,15,13,4,0.0,99,28
2026-05-21 06:30:38,2026-05-21,2,乒乓球厅-11号,07:00-08:00,0,1,可预约,￥0.0,多云,15,13,3,0.0,97,28
2026-05-21 07:00:43,2026-05-21,2,乒乓球厅-11号,07:00-08:00,0,1,可预约,￥0.0,晴,15,11,5,0.0,93,28
2026-05-21 07:30:39,2026-05-21,2,乒乓球厅-11号,07:00-08:00,0,1,可预约,￥0.0,晴,17,13,4,0.0,89,29
2026-05-21 07:50:40,2026-05-21,2,乒乓球厅-11号,07:00-08:00,0,1,可预约,￥0.0,晴,17,13,4,0.0,88,29
2026-05-21 07:53:31,2026-05-21,2,乒乓球厅-11号,07:00-08:00,0,1,可预约,￥0.0,晴,17,12,5,0.0,86,29
2026-05-21 07:56:31,2026-05-21,2,乒乓球厅-11号,07:00-08:00,0,1,可预约,￥0.0,晴,17,12,5,0.0,86,29
2026-05-21 07:59:26,2026-05-21,2,乒乓球厅-11号,07:00-08:00,0,1,可预约,￥0.0,晴,17,12,5,0.0,86,29
2026-05-21 08:00:45,2026-05-21,2,乒乓球厅-11号,07:00-08:00,0,1,不开放/已过期,,晴,17,12,5,0.0,86,29
2026-05-21 08:02:30,2026-05-21,2,乒乓球厅-11号,07:00-08:00,0,1,不开放/已过期,,多云,17,12,5,0.0,87,29
2026-05-21 08:05:36,2026-05-21,2,乒乓球厅-11号,07:00-08:00,0,1,不开放/已过期,,多云,17,12,5,0.0,86,29
2026-05-21 08:08:31,2026-05-21,2,乒乓球厅-11号,07:00-08:00,0,1,不开放/已过期,,多云,17,12,5,0.0,86,29
2026-05-21 08:11:30,2026-05-21,2,乒乓球厅-11号,07:00-08:00,0,1,不开放/已过期,,多云,17,12,5,0.0,86,29
2026-05-21 08:14:31,2026-05-21,2,乒乓球厅-11号,07:00-08:00,0,1,不开放/已过期,,多云,17,12,5,0.0,86,29
2026-05-21 08:17:30,2026-05-21,2,乒乓球厅-11号,07:00-08:00,0,1,不开放/已过期,,多云,17,12,5,0.0,86,29
2026-05-21 08:20:35,2026-05-21,2,乒乓球厅-11号,07:00-08:00,0,1,不开放/已过期,,多云,17,14,4,0.0,85,29
2026-05-21 08:25:32,2026-05-21,2,乒乓球厅-11号,07:00-08:00,0,1,不开放/已过期,,多云,17,14,4,0.0,85,28
2026-05-21 08:30:42,2026-05-21,2,乒乓球厅-11号,07:00-08:00,0,1,不开放/已过期,,多云,18,15,4,0.0,84,28
2026-05-21 08:35:31,2026-05-21,2,乒乓球厅-11号,07:00-08:00,0,1,不开放/已过期,,多云,18,15,4,0.0,84,28
2026-05-21 08:40:38,2026-05-21,2,乒乓球厅-11号,07:00-08:00,0,1,不开放/已过期,,多云,18,15,4,0.0,82,28
2026-05-21 08:45:33,2026-05-21,2,乒乓球厅-11号,07:00-08:00,0,1,不开放/已过期,,多云,18,15,4,0.0,82,28
2026-05-21 08:50:36,2026-05-21,2,乒乓球厅-11号,07:00-08:00,0,1,不开放/已过期,,多云,18,15,4,0.0,82,28
2026-05-21 08:55:34,2026-05-21,2,乒乓球厅-11号,07:00-08:00,0,1,不开放/已过期,,多云,18,15,4,0.0,84,28
2026-05-21 09:00:51,2026-05-21,2,乒乓球厅-11号,07:00-08:00,0,1,不开放/已过期,,多云,18,15,4,0.0,84,28
2026-05-21 09:01:59,2026-05-21,2,乒乓球厅-11号,07:00-08:00,0,1,不开放/已过期,,多云,18,15,4,0.0,83,28
2026-05-21 09:05:33,2026-05-21,2,乒乓球厅-11号,07:00-08:00,0,1,不开放/已过期,,多云,18,15,4,0.0,83,28
2026-05-21 09:20:38,2026-05-21,2,乒乓球厅-11号,07:00-08:00,0,1,不开放/已过期,,多云,18,16,3,0.0,81,28
2026-05-21 09:30:46,2026-05-21,2,乒乓球厅-11号,07:00-08:00,0,1,不开放/已过期,,多云,18,16,3,0.0,81,32
2026-05-21 09:40:36,2026-05-21,2,乒乓球厅-11号,07:00-08:00,0,1,不开放/已过期,,多云,19,17,3,0.0,79,32
2026-05-21 09:50:42,2026-05-21,2,乒乓球厅-11号,07:00-08:00,0,1,不开放/已过期,,多云,19,17,4,0.0,81,32
2026-05-21 10:00:46,2026-05-21,2,乒乓球厅-11号,07:00-08:00,0,1,不开放/已过期,,多云,19,17,4,0.0,79,32
2026-05-21 10:10:40,2026-05-21,2,乒乓球厅-11号,07:00-08:00,0,1,不开放/已过期,,多云,19,17,4,0.0,79,32
2026-05-21 10:20:38,2026-05-21,2,乒乓球厅-11号,07:00-08:00,0,1,不开放/已过期,,多云,19,17,4,0.0,79,32
2026-05-21 10:30:41,2026-05-21,2,乒乓球厅-11号,07:00-08:00,0,1,不开放/已过期,,多云,19,18,3,0.0,78,31
2026-05-21 11:00:44,2026-05-21,2,乒乓球厅-11号,07:00-08:00,0,1,不开放/已过期,,多云,21,17,5,0.0,74,31
2026-05-21 11:30:38,2026-05-21,2,乒乓球厅-11号,07:00-08:00,0,1,不开放/已过期,,多云,21,19,3,0.0,72,33
2026-05-21 12:00:46,2026-05-21,2,乒乓球厅-11号,07:00-08:00,0,1,不开放/已过期,,多云,22,19,4,0.0,70,33
2026-05-21 12:30:42,2026-05-21,2,乒乓球厅-11号,07:00-08:00,0,1,不开放/已过期,,多云,22,21,3,0.0,68,35
2026-05-21 13:00:43,2026-05-21,2,乒乓球厅-11号,07:00-08:00,0,1,不开放/已过期,,多云,24,22,4,0.0,66,35
2026-05-21 13:30:43,2026-05-21,2,乒乓球厅-11号,07:00-08:00,0,1,不开放/已过期,,多云,24,22,4,0.0,66,36
2026-05-21 14:00:48,2026-05-21,2,乒乓球厅-11号,07:00-08:00,0,1,不开放/已过期,,多云,25,23,4,0.0,66,36
2026-05-21 14:30:45,2026-05-21,2,乒乓球厅-11号,07:00-08:00,0,1,不开放/已过期,,晴,25,25,3,0.0,65,39
2026-05-21 15:00:45,2026-05-21,2,乒乓球厅-11号,07:00-08:00,0,1,不开放/已过期,,晴,25,22,4,0.0,56,39
2026-05-21 15:30:43,2026-05-21,2,乒乓球厅-11号,07:00-08:00,0,1,不开放/已过期,,晴,25,23,4,0.0,57,40
2026-05-21 16:00:51,2026-05-21,2,乒乓球厅-11号,07:00-08:00,0,1,不开放/已过期,,晴,25,23,4,0.0,57,40
2026-05-21 16:30:48,2026-05-21,2,乒乓球厅-11号,07:00-08:00,0,1,不开放/已过期,,晴,25,24,3,0.0,60,39
2026-05-21 17:00:49,2026-05-21,2,乒乓球厅-11号,07:00-08:00,0,1,不开放/已过期,,晴,25,24,4,0.0,61,39
2026-05-21 17:30:47,2026-05-21,2,乒乓球厅-11号,07:00-08:00,0,1,不开放/已过期,,多云,24,23,3,0.0,64,39
2026-05-21 18:00:50,2026-05-21,2,乒乓球厅-11号,07:00-08:00,0,1,不开放/已过期,,多云,24,23,3,0.0,68,39
2026-05-21 18:30:50,2026-05-21,2,乒乓球厅-11号,07:00-08:00,0,1,不开放/已过期,,阴,24,25,2,0.0,68,40
2026-05-21 19:00:50,2026-05-21,2,乒乓球厅-11号,07:00-08:00,0,1,不开放/已过期,,阴,23,23,3,0.0,76,40
2026-05-21 19:30:46,2026-05-21,2,乒乓球厅-11号,07:00-08:00,0,1,不开放/已过期,,阴,23,24,2,0.0,77,39
2026-05-21 20:00:49,2026-05-21,2,乒乓球厅-11号,07:00-08:00,0,1,不开放/已过期,,雾,22,23,2,0.0,89,39
2026-05-21 20:30:44,2026-05-21,2,乒乓球厅-11号,07:00-08:00,0,1,不开放/已过期,,雾,22,24,2,0.0,93,43
2026-05-21 21:00:56,2026-05-21,2,乒乓球厅-11号,07:00-08:00,0,1,不开放/已过期,,雾,20,21,2,0.0,98,43
2026-05-21 21:30:46,2026-05-21,2,乒乓球厅-11号,07:00-08:00,0,1,不开放/已过期,,雾,20,22,1,0.0,99,41
2026-05-21 22:01:02,2026-05-21,2,乒乓球厅-11号,07:00-08:00,0,1,不开放/已过期,,雾,19,20,2,0.0,93,41
2026-05-21 22:30:47,2026-05-21,2,乒乓球厅-11号,07:00-08:00,0,1,不开放/已过期,,雾,19,19,3,0.0,88,46
2026-05-21 23:00:56,2026-05-21,2,乒乓球厅-11号,07:00-08:00,0,1,不开放/已过期,,多云,18,17,3,0.0,85,46
2026-05-21 23:30:55,2026-05-21,2,乒乓球厅-11号,07:00-08:00,0,1,不开放/已过期,,多云,18,17,3,0.0,85,48
2026-05-21 00:30:49,2026-05-21,2,乒乓球厅-11号,08:00-09:00,0,1,可预约,￥0.0,多云,15,13,3,0.0,100,26
2026-05-21 01:00:55,2026-05-21,2,乒乓球厅-11号,08:00-09:00,0,1,可预约,￥0.0,多云,15,12,4,0.0,100,26
2026-05-21 01:30:47,2026-05-21,2,乒乓球厅-11号,08:00-09:00,0,1,可预约,￥0.0,多云,15,13,4,0.0,100,28
2026-05-21 02:00:53,2026-05-21,2,乒乓球厅-11号,08:00-09:00,0,1,可预约,￥0.0,多云,15,12,4,0.0,100,28
2026-05-21 02:30:49,2026-05-21,2,乒乓球厅-11号,08:00-09:00,0,1,可预约,￥0.0,多云,15,14,3,0.0,100,29
2026-05-21 03:00:55,2026-05-21,2,乒乓球厅-11号,08:00-09:00,0,1,可预约,￥0.0,多云,15,12,4,0.0,100,29
2026-05-21 03:30:49,2026-05-21,2,乒乓球厅-11号,08:00-09:00,0,1,可预约,￥0.0,多云,15,14,3,0.0,100,30
2026-05-21 04:30:45,2026-05-21,2,乒乓球厅-11号,08:00-09:00,0,1,可预约,￥0.0,多云,15,12,4,0.0,100,29
2026-05-21 05:00:52,2026-05-21,2,乒乓球厅-11号,08:00-09:00,0,1,可预约,￥0.0,多云,15,12,4,0.0,100,29
2026-05-21 05:30:49,2026-05-21,2,乒乓球厅-11号,08:00-09:00,0,1,可预约,￥0.0,多云,15,13,3,0.0,100,28
2026-05-21 06:00:50,2026-05-21,2,乒乓球厅-11号,08:00-09:00,0,1,可预约,￥0.0,多云,15,13,4,0.0,99,28
2026-05-21 06:30:38,2026-05-21,2,乒乓球厅-11号,08:00-09:00,0,1,可预约,￥0.0,多云,15,13,3,0.0,97,28
2026-05-21 07:00:43,2026-05-21,2,乒乓球厅-11号,08:00-09:00,0,1,可预约,￥0.0,晴,15,11,5,0.0,93,28
2026-05-21 07:30:39,2026-05-21,2,乒乓球厅-11号,08:00-09:00,0,1,可预约,￥0.0,晴,17,13,4,0.0,89,29
2026-05-21 07:50:40,2026-05-21,2,乒乓球厅-11号,08:00-09:00,0,1,可预约,￥0.0,晴,17,13,4,0.0,88,29
2026-05-21 07:53:31,2026-05-21,2,乒乓球厅-11号,08:00-09:00,0,1,可预约,￥0.0,晴,17,12,5,0.0,86,29
2026-05-21 07:56:31,2026-05-21,2,乒乓球厅-11号,08:00-09:00,0,1,可预约,￥0.0,晴,17,12,5,0.0,86,29
2026-05-21 07:59:26,2026-05-21,2,乒乓球厅-11号,08:00-09:00,0,1,可预约,￥0.0,晴,17,12,5,0.0,86,29
2026-05-21 08:00:45,2026-05-21,2,乒乓球厅-11号,08:00-09:00,0,1,可预约,￥0.0,晴,17,12,5,0.0,86,29
2026-05-21 08:02:30,2026-05-21,2,乒乓球厅-11号,08:00-09:00,0,1,可预约,￥0.0,多云,17,12,5,0.0,87,29
2026-05-21 08:05:36,2026-05-21,2,乒乓球厅-11号,08:00-09:00,0,1,可预约,￥0.0,多云,17,12,5,0.0,86,29
2026-05-21 08:08:31,2026-05-21,2,乒乓球厅-11号,08:00-09:00,0,1,可预约,￥0.0,多云,17,12,5,0.0,86,29
2026-05-21 08:11:30,2026-05-21,2,乒乓球厅-11号,08:00-09:00,0,1,可预约,￥0.0,多云,17,12,5,0.0,86,29
2026-05-21 08:14:31,2026-05-21,2,乒乓球厅-11号,08:00-09:00,0,1,可预约,￥0.0,多云,17,12,5,0.0,86,29
2026-05-21 08:17:30,2026-05-21,2,乒乓球厅-11号,08:00-09:00,0,1,可预约,￥0.0,多云,17,12,5,0.0,86,29
2026-05-21 08:20:35,2026-05-21,2,乒乓球厅-11号,08:00-09:00,0,1,可预约,￥0.0,多云,17,14,4,0.0,85,29
2026-05-21 08:25:32,2026-05-21,2,乒乓球厅-11号,08:00-09:00,0,1,可预约,￥0.0,多云,17,14,4,0.0,85,28
2026-05-21 08:30:42,2026-05-21,2,乒乓球厅-11号,08:00-09:00,0,1,可预约,￥0.0,多云,18,15,4,0.0,84,28
2026-05-21 08:35:31,2026-05-21,2,乒乓球厅-11号,08:00-09:00,0,1,可预约,￥0.0,多云,18,15,4,0.0,84,28
2026-05-21 08:40:38,2026-05-21,2,乒乓球厅-11号,08:00-09:00,0,1,可预约,￥0.0,多云,18,15,4,0.0,82,28
2026-05-21 08:45:33,2026-05-21,2,乒乓球厅-11号,08:00-09:00,0,1,可预约,￥0.0,多云,18,15,4,0.0,82,28
2026-05-21 08:50:36,2026-05-21,2,乒乓球厅-11号,08:00-09:00,0,1,可预约,￥0.0,多云,18,15,4,0.0,82,28
2026-05-21 08:55:34,2026-05-21,2,乒乓球厅-11号,08:00-09:00,0,1,可预约,￥0.0,多云,18,15,4,0.0,84,28
2026-05-21 09:00:51,2026-05-21,2,乒乓球厅-11号,08:00-09:00,0,1,不开放/已过期,,多云,18,15,4,0.0,84,28
2026-05-21 09:01:59,2026-05-21,2,乒乓球厅-11号,08:00-09:00,0,1,不开放/已过期,,多云,18,15,4,0.0,83,28
2026-05-21 09:05:33,2026-05-21,2,乒乓球厅-11号,08:00-09:00,0,1,不开放/已过期,,多云,18,15,4,0.0,83,28
2026-05-21 09:20:38,2026-05-21,2,乒乓球厅-11号,08:00-09:00,0,1,不开放/已过期,,多云,18,16,3,0.0,81,28
2026-05-21 09:30:46,2026-05-21,2,乒乓球厅-11号,08:00-09:00,0,1,不开放/已过期,,多云,18,16,3,0.0,81,32
2026-05-21 09:40:36,2026-05-21,2,乒乓球厅-11号,08:00-09:00,0,1,不开放/已过期,,多云,19,17,3,0.0,79,32
2026-05-21 09:50:42,2026-05-21,2,乒乓球厅-11号,08:00-09:00,0,1,不开放/已过期,,多云,19,17,4,0.0,81,32
2026-05-21 10:00:46,2026-05-21,2,乒乓球厅-11号,08:00-09:00,0,1,不开放/已过期,,多云,19,17,4,0.0,79,32
2026-05-21 10:10:40,2026-05-21,2,乒乓球厅-11号,08:00-09:00,0,1,不开放/已过期,,多云,19,17,4,0.0,79,32
2026-05-21 10:20:38,2026-05-21,2,乒乓球厅-11号,08:00-09:00,0,1,不开放/已过期,,多云,19,17,4,0.0,79,32
2026-05-21 10:30:41,2026-05-21,2,乒乓球厅-11号,08:00-09:00,0,1,不开放/已过期,,多云,19,18,3,0.0,78,31
2026-05-21 11:00:44,2026-05-21,2,乒乓球厅-11号,08:00-09:00,0,1,不开放/已过期,,多云,21,17,5,0.0,74,31
2026-05-21 11:30:38,2026-05-21,2,乒乓球厅-11号,08:00-09:00,0,1,不开放/已过期,,多云,21,19,3,0.0,72,33
2026-05-21 12:00:46,2026-05-21,2,乒乓球厅-11号,08:00-09:00,0,1,不开放/已过期,,多云,22,19,4,0.0,70,33
2026-05-21 12:30:42,2026-05-21,2,乒乓球厅-11号,08:00-09:00,0,1,不开放/已过期,,多云,22,21,3,0.0,68,35
2026-05-21 13:00:43,2026-05-21,2,乒乓球厅-11号,08:00-09:00,0,1,不开放/已过期,,多云,24,22,4,0.0,66,35
2026-05-21 13:30:43,2026-05-21,2,乒乓球厅-11号,08:00-09:00,0,1,不开放/已过期,,多云,24,22,4,0.0,66,36
2026-05-21 14:00:48,2026-05-21,2,乒乓球厅-11号,08:00-09:00,0,1,不开放/已过期,,多云,25,23,4,0.0,66,36
2026-05-21 14:30:45,2026-05-21,2,乒乓球厅-11号,08:00-09:00,0,1,不开放/已过期,,晴,25,25,3,0.0,65,39
2026-05-21 15:00:45,2026-05-21,2,乒乓球厅-11号,08:00-09:00,0,1,不开放/已过期,,晴,25,22,4,0.0,56,39
2026-05-21 15:30:43,2026-05-21,2,乒乓球厅-11号,08:00-09:00,0,1,不开放/已过期,,晴,25,23,4,0.0,57,40
2026-05-21 16:00:51,2026-05-21,2,乒乓球厅-11号,08:00-09:00,0,1,不开放/已过期,,晴,25,23,4,0.0,57,40
2026-05-21 16:30:48,2026-05-21,2,乒乓球厅-11号,08:00-09:00,0,1,不开放/已过期,,晴,25,24,3,0.0,60,39
2026-05-21 17:00:49,2026-05-21,2,乒乓球厅-11号,08:00-09:00,0,1,不开放/已过期,,晴,25,24,4,0.0,61,39
2026-05-21 17:30:47,2026-05-21,2,乒乓球厅-11号,08:00-09:00,0,1,不开放/已过期,,多云,24,23,3,0.0,64,39
2026-05-21 18:00:50,2026-05-21,2,乒乓球厅-11号,08:00-09:00,0,1,不开放/已过期,,多云,24,23,3,0.0,68,39
2026-05-21 18:30:50,2026-05-21,2,乒乓球厅-11号,08:00-09:00,0,1,不开放/已过期,,阴,24,25,2,0.0,68,40
2026-05-21 19:00:50,2026-05-21,2,乒乓球厅-11号,08:00-09:00,0,1,不开放/已过期,,阴,23,23,3,0.0,76,40
2026-05-21 19:30:46,2026-05-21,2,乒乓球厅-11号,08:00-09:00,0,1,不开放/已过期,,阴,23,24,2,0.0,77,39
2026-05-21 20:00:49,2026-05-21,2,乒乓球厅-11号,08:00-09:00,0,1,不开放/已过期,,雾,22,23,2,0.0,89,39
2026-05-21 20:30:44,2026-05-21,2,乒乓球厅-11号,08:00-09:00,0,1,不开放/已过期,,雾,22,24,2,0.0,93,43
2026-05-21 21:00:56,2026-05-21,2,乒乓球厅-11号,08:00-09:00,0,1,不开放/已过期,,雾,20,21,2,0.0,98,43
2026-05-21 21:30:46,2026-05-21,2,乒乓球厅-11号,08:00-09:00,0,1,不开放/已过期,,雾,20,22,1,0.0,99,41
2026-05-21 22:01:02,2026-05-21,2,乒乓球厅-11号,08:00-09:00,0,1,不开放/已过期,,雾,19,20,2,0.0,93,41
2026-05-21 22:30:47,2026-05-21,2,乒乓球厅-11号,08:00-09:00,0,1,不开放/已过期,,雾,19,19,3,0.0,88,46
2026-05-21 23:00:56,2026-05-21,2,乒乓球厅-11号,08:00-09:00,0,1,不开放/已过期,,多云,18,17,3,0.0,85,46
2026-05-21 23:30:55,2026-05-21,2,乒乓球厅-11号,08:00-09:00,0,1,不开放/已过期,,多云,18,17,3,0.0,85,48
2026-05-21 00:30:49,2026-05-21,2,乒乓球厅-11号,09:00-10:00,0,1,可预约,￥5.0,多云,15,13,3,0.0,100,26
2026-05-21 01:00:55,2026-05-21,2,乒乓球厅-11号,09:00-10:00,0,1,可预约,￥5.0,多云,15,12,4,0.0,100,26
2026-05-21 01:30:47,2026-05-21,2,乒乓球厅-11号,09:00-10:00,0,1,可预约,￥5.0,多云,15,13,4,0.0,100,28
2026-05-21 02:00:53,2026-05-21,2,乒乓球厅-11号,09:00-10:00,0,1,可预约,￥5.0,多云,15,12,4,0.0,100,28
2026-05-21 02:30:49,2026-05-21,2,乒乓球厅-11号,09:00-10:00,0,1,可预约,￥5.0,多云,15,14,3,0.0,100,29
2026-05-21 03:00:55,2026-05-21,2,乒乓球厅-11号,09:00-10:00,0,1,可预约,￥5.0,多云,15,12,4,0.0,100,29
2026-05-21 03:30:49,2026-05-21,2,乒乓球厅-11号,09:00-10:00,0,1,可预约,￥5.0,多云,15,14,3,0.0,100,30
2026-05-21 04:30:45,2026-05-21,2,乒乓球厅-11号,09:00-10:00,0,1,可预约,￥5.0,多云,15,12,4,0.0,100,29
2026-05-21 05:00:52,2026-05-21,2,乒乓球厅-11号,09:00-10:00,0,1,可预约,￥5.0,多云,15,12,4,0.0,100,29
2026-05-21 05:30:49,2026-05-21,2,乒乓球厅-11号,09:00-10:00,0,1,可预约,￥5.0,多云,15,13,3,0.0,100,28
2026-05-21 06:00:50,2026-05-21,2,乒乓球厅-11号,09:00-10:00,0,1,可预约,￥5.0,多云,15,13,4,0.0,99,28
2026-05-21 06:30:38,2026-05-21,2,乒乓球厅-11号,09:00-10:00,0,1,可预约,￥5.0,多云,15,13,3,0.0,97,28
2026-05-21 07:00:43,2026-05-21,2,乒乓球厅-11号,09:00-10:00,0,1,可预约,￥5.0,晴,15,11,5,0.0,93,28
2026-05-21 07:30:39,2026-05-21,2,乒乓球厅-11号,09:00-10:00,0,1,可预约,￥5.0,晴,17,13,4,0.0,89,29
2026-05-21 07:50:40,2026-05-21,2,乒乓球厅-11号,09:00-10:00,0,1,可预约,￥5.0,晴,17,13,4,0.0,88,29
2026-05-21 07:53:31,2026-05-21,2,乒乓球厅-11号,09:00-10:00,0,1,可预约,￥5.0,晴,17,12,5,0.0,86,29
2026-05-21 07:56:31,2026-05-21,2,乒乓球厅-11号,09:00-10:00,0,1,可预约,￥5.0,晴,17,12,5,0.0,86,29
2026-05-21 07:59:26,2026-05-21,2,乒乓球厅-11号,09:00-10:00,0,1,可预约,￥5.0,晴,17,12,5,0.0,86,29
2026-05-21 08:00:45,2026-05-21,2,乒乓球厅-11号,09:00-10:00,0,1,可预约,￥5.0,晴,17,12,5,0.0,86,29
2026-05-21 08:02:30,2026-05-21,2,乒乓球厅-11号,09:00-10:00,0,1,可预约,￥5.0,多云,17,12,5,0.0,87,29
2026-05-21 08:05:36,2026-05-21,2,乒乓球厅-11号,09:00-10:00,0,1,可预约,￥5.0,多云,17,12,5,0.0,86,29
2026-05-21 08:08:31,2026-05-21,2,乒乓球厅-11号,09:00-10:00,0,1,可预约,￥5.0,多云,17,12,5,0.0,86,29
2026-05-21 08:11:30,2026-05-21,2,乒乓球厅-11号,09:00-10:00,0,1,可预约,￥5.0,多云,17,12,5,0.0,86,29
2026-05-21 08:14:31,2026-05-21,2,乒乓球厅-11号,09:00-10:00,0,1,可预约,￥5.0,多云,17,12,5,0.0,86,29
2026-05-21 08:17:30,2026-05-21,2,乒乓球厅-11号,09:00-10:00,0,1,可预约,￥5.0,多云,17,12,5,0.0,86,29
2026-05-21 08:20:35,2026-05-21,2,乒乓球厅-11号,09:00-10:00,0,1,可预约,￥5.0,多云,17,14,4,0.0,85,29
2026-05-21 08:25:32,2026-05-21,2,乒乓球厅-11号,09:00-10:00,0,1,可预约,￥5.0,多云,17,14,4,0.0,85,28
2026-05-21 08:30:42,2026-05-21,2,乒乓球厅-11号,09:00-10:00,0,1,可预约,￥5.0,多云,18,15,4,0.0,84,28
2026-05-21 08:35:31,2026-05-21,2,乒乓球厅-11号,09:00-10:00,0,1,可预约,￥5.0,多云,18,15,4,0.0,84,28
2026-05-21 08:40:38,2026-05-21,2,乒乓球厅-11号,09:00-10:00,0,1,可预约,￥5.0,多云,18,15,4,0.0,82,28
2026-05-21 08:45:33,2026-05-21,2,乒乓球厅-11号,09:00-10:00,0,1,可预约,￥5.0,多云,18,15,4,0.0,82,28
2026-05-21 08:50:36,2026-05-21,2,乒乓球厅-11号,09:00-10:00,0,1,可预约,￥5.0,多云,18,15,4,0.0,82,28
2026-05-21 08:55:34,2026-05-21,2,乒乓球厅-11号,09:00-10:00,0,1,可预约,￥5.0,多云,18,15,4,0.0,84,28
2026-05-21 09:00:51,2026-05-21,2,乒乓球厅-11号,09:00-10:00,0,1,可预约,￥5.0,多云,18,15,4,0.0,84,28
2026-05-21 09:01:59,2026-05-21,2,乒乓球厅-11号,09:00-10:00,0,1,可预约,￥5.0,多云,18,15,4,0.0,83,28
2026-05-21 09:05:33,2026-05-21,2,乒乓球厅-11号,09:00-10:00,0,1,可预约,￥5.0,多云,18,15,4,0.0,83,28
2026-05-21 09:20:38,2026-05-21,2,乒乓球厅-11号,09:00-10:00,0,1,可预约,￥5.0,多云,18,16,3,0.0,81,28
2026-05-21 09:30:46,2026-05-21,2,乒乓球厅-11号,09:00-10:00,0,1,可预约,￥5.0,多云,18,16,3,0.0,81,32
2026-05-21 09:40:36,2026-05-21,2,乒乓球厅-11号,09:00-10:00,0,1,可预约,￥5.0,多云,19,17,3,0.0,79,32
2026-05-21 09:50:42,2026-05-21,2,乒乓球厅-11号,09:00-10:00,0,1,可预约,￥5.0,多云,19,17,4,0.0,81,32
2026-05-21 10:00:46,2026-05-21,2,乒乓球厅-11号,09:00-10:00,0,1,不开放/已过期,,多云,19,17,4,0.0,79,32
2026-05-21 10:10:40,2026-05-21,2,乒乓球厅-11号,09:00-10:00,0,1,不开放/已过期,,多云,19,17,4,0.0,79,32
2026-05-21 10:20:38,2026-05-21,2,乒乓球厅-11号,09:00-10:00,0,1,不开放/已过期,,多云,19,17,4,0.0,79,32
2026-05-21 10:30:41,2026-05-21,2,乒乓球厅-11号,09:00-10:00,0,1,不开放/已过期,,多云,19,18,3,0.0,78,31
2026-05-21 11:00:44,2026-05-21,2,乒乓球厅-11号,09:00-10:00,0,1,不开放/已过期,,多云,21,17,5,0.0,74,31
2026-05-21 11:30:38,2026-05-21,2,乒乓球厅-11号,09:00-10:00,0,1,不开放/已过期,,多云,21,19,3,0.0,72,33
2026-05-21 12:00:46,2026-05-21,2,乒乓球厅-11号,09:00-10:00,0,1,不开放/已过期,,多云,22,19,4,0.0,70,33
2026-05-21 12:30:42,2026-05-21,2,乒乓球厅-11号,09:00-10:00,0,1,不开放/已过期,,多云,22,21,3,0.0,68,35
2026-05-21 13:00:43,2026-05-21,2,乒乓球厅-11号,09:00-10:00,0,1,不开放/已过期,,多云,24,22,4,0.0,66,35
2026-05-21 13:30:43,2026-05-21,2,乒乓球厅-11号,09:00-10:00,0,1,不开放/已过期,,多云,24,22,4,0.0,66,36
2026-05-21 14:00:48,2026-05-21,2,乒乓球厅-11号,09:00-10:00,0,1,不开放/已过期,,多云,25,23,4,0.0,66,36
2026-05-21 14:30:45,2026-05-21,2,乒乓球厅-11号,09:00-10:00,0,1,不开放/已过期,,晴,25,25,3,0.0,65,39
2026-05-21 15:00:45,2026-05-21,2,乒乓球厅-11号,09:00-10:00,0,1,不开放/已过期,,晴,25,22,4,0.0,56,39
2026-05-21 15:30:43,2026-05-21,2,乒乓球厅-11号,09:00-10:00,0,1,不开放/已过期,,晴,25,23,4,0.0,57,40
2026-05-21 16:00:51,2026-05-21,2,乒乓球厅-11号,09:00-10:00,0,1,不开放/已过期,,晴,25,23,4,0.0,57,40
2026-05-21 16:30:48,2026-05-21,2,乒乓球厅-11号,09:00-10:00,0,1,不开放/已过期,,晴,25,24,3,0.0,60,39
2026-05-21 17:00:49,2026-05-21,2,乒乓球厅-11号,09:00-10:00,0,1,不开放/已过期,,晴,25,24,4,0.0,61,39
2026-05-21 17:30:47,2026-05-21,2,乒乓球厅-11号,09:00-10:00,0,1,不开放/已过期,,多云,24,23,3,0.0,64,39
2026-05-21 18:00:50,2026-05-21,2,乒乓球厅-11号,09:00-10:00,0,1,不开放/已过期,,多云,24,23,3,0.0,68,39
2026-05-21 18:30:50,2026-05-21,2,乒乓球厅-11号,09:00-10:00,0,1,不开放/已过期,,阴,24,25,2,0.0,68,40
2026-05-21 19:00:50,2026-05-21,2,乒乓球厅-11号,09:00-10:00,0,1,不开放/已过期,,阴,23,23,3,0.0,76,40
2026-05-21 19:30:46,2026-05-21,2,乒乓球厅-11号,09:00-10:00,0,1,不开放/已过期,,阴,23,24,2,0.0,77,39
2026-05-21 20:00:49,2026-05-21,2,乒乓球厅-11号,09:00-10:00,0,1,不开放/已过期,,雾,22,23,2,0.0,89,39
2026-05-21 20:30:44,2026-05-21,2,乒乓球厅-11号,09:00-10:00,0,1,不开放/已过期,,雾,22,24,2,0.0,93,43
2026-05-21 21:00:56,2026-05-21,2,乒乓球厅-11号,09:00-10:00,0,1,不开放/已过期,,雾,20,21,2,0.0,98,43
2026-05-21 21:30:46,2026-05-21,2,乒乓球厅-11号,09:00-10:00,0,1,不开放/已过期,,雾,20,22,1,0.0,99,41
2026-05-21 22:01:02,2026-05-21,2,乒乓球厅-11号,09:00-10:00,0,1,不开放/已过期,,雾,19,20,2,0.0,93,41
2026-05-21 22:30:47,2026-05-21,2,乒乓球厅-11号,09:00-10:00,0,1,不开放/已过期,,雾,19,19,3,0.0,88,46
2026-05-21 23:00:56,2026-05-21,2,乒乓球厅-11号,09:00-10:00,0,1,不开放/已过期,,多云,18,17,3,0.0,85,46
2026-05-21 23:30:55,2026-05-21,2,乒乓球厅-11号,09:00-10:00,0,1,不开放/已过期,,多云,18,17,3,0.0,85,48
2026-05-21 00:30:49,2026-05-21,2,乒乓球厅-11号,10:00-11:00,1,1,已售/已满,教学时间,多云,15,13,3,0.0,100,26
2026-05-21 01:00:55,2026-05-21,2,乒乓球厅-11号,10:00-11:00,1,1,已售/已满,教学时间,多云,15,12,4,0.0,100,26
2026-05-21 01:30:47,2026-05-21,2,乒乓球厅-11号,10:00-11:00,1,1,已售/已满,教学时间,多云,15,13,4,0.0,100,28
2026-05-21 02:00:53,2026-05-21,2,乒乓球厅-11号,10:00-11:00,1,1,已售/已满,教学时间,多云,15,12,4,0.0,100,28
2026-05-21 02:30:49,2026-05-21,2,乒乓球厅-11号,10:00-11:00,1,1,已售/已满,教学时间,多云,15,14,3,0.0,100,29
2026-05-21 03:00:55,2026-05-21,2,乒乓球厅-11号,10:00-11:00,1,1,已售/已满,教学时间,多云,15,12,4,0.0,100,29
2026-05-21 03:30:49,2026-05-21,2,乒乓球厅-11号,10:00-11:00,1,1,已售/已满,教学时间,多云,15,14,3,0.0,100,30
2026-05-21 04:30:45,2026-05-21,2,乒乓球厅-11号,10:00-11:00,1,1,已售/已满,教学时间,多云,15,12,4,0.0,100,29
2026-05-21 05:00:52,2026-05-21,2,乒乓球厅-11号,10:00-11:00,1,1,已售/已满,教学时间,多云,15,12,4,0.0,100,29
2026-05-21 05:30:49,2026-05-21,2,乒乓球厅-11号,10:00-11:00,1,1,已售/已满,教学时间,多云,15,13,3,0.0,100,28
2026-05-21 06:00:50,2026-05-21,2,乒乓球厅-11号,10:00-11:00,1,1,已售/已满,教学时间,多云,15,13,4,0.0,99,28
2026-05-21 06:30:38,2026-05-21,2,乒乓球厅-11号,10:00-11:00,1,1,已售/已满,教学时间,多云,15,13,3,0.0,97,28
2026-05-21 07:00:43,2026-05-21,2,乒乓球厅-11号,10:00-11:00,1,1,已售/已满,教学时间,晴,15,11,5,0.0,93,28
2026-05-21 07:30:39,2026-05-21,2,乒乓球厅-11号,10:00-11:00,1,1,已售/已满,教学时间,晴,17,13,4,0.0,89,29
2026-05-21 07:50:40,2026-05-21,2,乒乓球厅-11号,10:00-11:00,1,1,已售/已满,教学时间,晴,17,13,4,0.0,88,29
2026-05-21 07:53:31,2026-05-21,2,乒乓球厅-11号,10:00-11:00,1,1,已售/已满,教学时间,晴,17,12,5,0.0,86,29
2026-05-21 07:56:31,2026-05-21,2,乒乓球厅-11号,10:00-11:00,1,1,已售/已满,教学时间,晴,17,12,5,0.0,86,29
2026-05-21 07:59:26,2026-05-21,2,乒乓球厅-11号,10:00-11:00,1,1,已售/已满,教学时间,晴,17,12,5,0.0,86,29
2026-05-21 08:00:45,2026-05-21,2,乒乓球厅-11号,10:00-11:00,1,1,已售/已满,教学时间,晴,17,12,5,0.0,86,29
2026-05-21 08:02:30,2026-05-21,2,乒乓球厅-11号,10:00-11:00,1,1,已售/已满,教学时间,多云,17,12,5,0.0,87,29
2026-05-21 08:05:36,2026-05-21,2,乒乓球厅-11号,10:00-11:00,1,1,已售/已满,教学时间,多云,17,12,5,0.0,86,29
2026-05-21 08:08:31,2026-05-21,2,乒乓球厅-11号,10:00-11:00,1,1,已售/已满,教学时间,多云,17,12,5,0.0,86,29
2026-05-21 08:11:30,2026-05-21,2,乒乓球厅-11号,10:00-11:00,1,1,已售/已满,教学时间,多云,17,12,5,0.0,86,29
2026-05-21 08:14:31,2026-05-21,2,乒乓球厅-11号,10:00-11:00,1,1,已售/已满,教学时间,多云,17,12,5,0.0,86,29
2026-05-21 08:17:30,2026-05-21,2,乒乓球厅-11号,10:00-11:00,1,1,已售/已满,教学时间,多云,17,12,5,0.0,86,29
2026-05-21 08:20:35,2026-05-21,2,乒乓球厅-11号,10:00-11:00,1,1,已售/已满,教学时间,多云,17,14,4,0.0,85,29
2026-05-21 08:25:32,2026-05-21,2,乒乓球厅-11号,10:00-11:00,1,1,已售/已满,教学时间,多云,17,14,4,0.0,85,28
2026-05-21 08:30:42,2026-05-21,2,乒乓球厅-11号,10:00-11:00,1,1,已售/已满,教学时间,多云,18,15,4,0.0,84,28
2026-05-21 08:35:31,2026-05-21,2,乒乓球厅-11号,10:00-11:00,1,1,已售/已满,教学时间,多云,18,15,4,0.0,84,28
2026-05-21 08:40:38,2026-05-21,2,乒乓球厅-11号,10:00-11:00,1,1,已售/已满,教学时间,多云,18,15,4,0.0,82,28
2026-05-21 08:45:33,2026-05-21,2,乒乓球厅-11号,10:00-11:00,1,1,已售/已满,教学时间,多云,18,15,4,0.0,82,28
2026-05-21 08:50:36,2026-05-21,2,乒乓球厅-11号,10:00-11:00,1,1,已售/已满,教学时间,多云,18,15,4,0.0,82,28
2026-05-21 08:55:34,2026-05-21,2,乒乓球厅-11号,10:00-11:00,1,1,已售/已满,教学时间,多云,18,15,4,0.0,84,28
2026-05-21 09:00:51,2026-05-21,2,乒乓球厅-11号,10:00-11:00,1,1,已售/已满,教学时间,多云,18,15,4,0.0,84,28
2026-05-21 09:01:59,2026-05-21,2,乒乓球厅-11号,10:00-11:00,1,1,已售/已满,教学时间,多云,18,15,4,0.0,83,28
2026-05-21 09:05:33,2026-05-21,2,乒乓球厅-11号,10:00-11:00,1,1,已售/已满,教学时间,多云,18,15,4,0.0,83,28
2026-05-21 09:20:38,2026-05-21,2,乒乓球厅-11号,10:00-11:00,1,1,已售/已满,教学时间,多云,18,16,3,0.0,81,28
2026-05-21 09:30:46,2026-05-21,2,乒乓球厅-11号,10:00-11:00,1,1,已售/已满,教学时间,多云,18,16,3,0.0,81,32
2026-05-21 09:40:36,2026-05-21,2,乒乓球厅-11号,10:00-11:00,1,1,已售/已满,教学时间,多云,19,17,3,0.0,79,32
2026-05-21 09:50:42,2026-05-21,2,乒乓球厅-11号,10:00-11:00,1,1,已售/已满,教学时间,多云,19,17,4,0.0,81,32
2026-05-21 10:00:46,2026-05-21,2,乒乓球厅-11号,10:00-11:00,1,1,已售/已满,教学时间,多云,19,17,4,0.0,79,32
2026-05-21 10:10:40,2026-05-21,2,乒乓球厅-11号,10:00-11:00,1,1,已售/已满,教学时间,多云,19,17,4,0.0,79,32
2026-05-21 10:20:38,2026-05-21,2,乒乓球厅-11号,10:00-11:00,1,1,已售/已满,教学时间,多云,19,17,4,0.0,79,32
2026-05-21 10:30:41,2026-05-21,2,乒乓球厅-11号,10:00-11:00,1,1,已售/已满,教学时间,多云,19,18,3,0.0,78,31
2026-05-21 11:00:44,2026-05-21,2,乒乓球厅-11号,10:00-11:00,1,1,已售/已满,教学时间,多云,21,17,5,0.0,74,31
2026-05-21 11:30:38,2026-05-21,2,乒乓球厅-11号,10:00-11:00,1,1,已售/已满,教学时间,多云,21,19,3,0.0,72,33
2026-05-21 12:00:46,2026-05-21,2,乒乓球厅-11号,10:00-11:00,1,1,已售/已满,教学时间,多云,22,19,4,0.0,70,33
2026-05-21 12:30:42,2026-05-21,2,乒乓球厅-11号,10:00-11:00,1,1,已售/已满,教学时间,多云,22,21,3,0.0,68,35
2026-05-21 13:00:43,2026-05-21,2,乒乓球厅-11号,10:00-11:00,1,1,已售/已满,教学时间,多云,24,22,4,0.0,66,35
2026-05-21 13:30:43,2026-05-21,2,乒乓球厅-11号,10:00-11:00,1,1,已售/已满,教学时间,多云,24,22,4,0.0,66,36
2026-05-21 14:00:48,2026-05-21,2,乒乓球厅-11号,10:00-11:00,1,1,已售/已满,教学时间,多云,25,23,4,0.0,66,36
2026-05-21 14:30:45,2026-05-21,2,乒乓球厅-11号,10:00-11:00,1,1,已售/已满,教学时间,晴,25,25,3,0.0,65,39
2026-05-21 15:00:45,2026-05-21,2,乒乓球厅-11号,10:00-11:00,1,1,已售/已满,教学时间,晴,25,22,4,0.0,56,39
2026-05-21 15:30:43,2026-05-21,2,乒乓球厅-11号,10:00-11:00,1,1,已售/已满,教学时间,晴,25,23,4,0.0,57,40
2026-05-21 16:00:51,2026-05-21,2,乒乓球厅-11号,10:00-11:00,1,1,已售/已满,教学时间,晴,25,23,4,0.0,57,40
2026-05-21 16:30:48,2026-05-21,2,乒乓球厅-11号,10:00-11:00,1,1,已售/已满,教学时间,晴,25,24,3,0.0,60,39
2026-05-21 17:00:49,2026-05-21,2,乒乓球厅-11号,10:00-11:00,1,1,已售/已满,教学时间,晴,25,24,4,0.0,61,39
2026-05-21 17:30:47,2026-05-21,2,乒乓球厅-11号,10:00-11:00,1,1,已售/已满,教学时间,多云,24,23,3,0.0,64,39
2026-05-21 18:00:50,2026-05-21,2,乒乓球厅-11号,10:00-11:00,1,1,已售/已满,教学时间,多云,24,23,3,0.0,68,39
2026-05-21 18:30:50,2026-05-21,2,乒乓球厅-11号,10:00-11:00,1,1,已售/已满,教学时间,阴,24,25,2,0.0,68,40
2026-05-21 19:00:50,2026-05-21,2,乒乓球厅-11号,10:00-11:00,1,1,已售/已满,教学时间,阴,23,23,3,0.0,76,40
2026-05-21 19:30:46,2026-05-21,2,乒乓球厅-11号,10:00-11:00,1,1,已售/已满,教学时间,阴,23,24,2,0.0,77,39
2026-05-21 20:00:49,2026-05-21,2,乒乓球厅-11号,10:00-11:00,1,1,已售/已满,教学时间,雾,22,23,2,0.0,89,39
2026-05-21 20:30:44,2026-05-21,2,乒乓球厅-11号,10:00-11:00,1,1,已售/已满,教学时间,雾,22,24,2,0.0,93,43
2026-05-21 21:00:56,2026-05-21,2,乒乓球厅-11号,10:00-11:00,1,1,已售/已满,教学时间,雾,20,21,2,0.0,98,43
2026-05-21 21:30:46,2026-05-21,2,乒乓球厅-11号,10:00-11:00,1,1,已售/已满,教学时间,雾,20,22,1,0.0,99,41
2026-05-21 22:01:02,2026-05-21,2,乒乓球厅-11号,10:00-11:00,1,1,已售/已满,教学时间,雾,19,20,2,0.0,93,41
2026-05-21 22:30:47,2026-05-21,2,乒乓球厅-11号,10:00-11:00,1,1,已售/已满,教学时间,雾,19,19,3,0.0,88,46
2026-05-21 23:00:56,2026-05-21,2,乒乓球厅-11号,10:00-11:00,1,1,已售/已满,教学时间,多云,18,17,3,0.0,85,46
2026-05-21 23:30:55,2026-05-21,2,乒乓球厅-11号,10:00-11:00,1,1,已售/已满,教学时间,多云,18,17,3,0.0,85,48
2026-05-21 00:30:49,2026-05-21,2,乒乓球厅-11号,11:00-12:00,1,1,已售/已满,教学时间,多云,15,13,3,0.0,100,26
2026-05-21 01:00:55,2026-05-21,2,乒乓球厅-11号,11:00-12:00,1,1,已售/已满,教学时间,多云,15,12,4,0.0,100,26
2026-05-21 01:30:47,2026-05-21,2,乒乓球厅-11号,11:00-12:00,1,1,已售/已满,教学时间,多云,15,13,4,0.0,100,28
2026-05-21 02:00:53,2026-05-21,2,乒乓球厅-11号,11:00-12:00,1,1,已售/已满,教学时间,多云,15,12,4,0.0,100,28
2026-05-21 02:30:49,2026-05-21,2,乒乓球厅-11号,11:00-12:00,1,1,已售/已满,教学时间,多云,15,14,3,0.0,100,29
2026-05-21 03:00:55,2026-05-21,2,乒乓球厅-11号,11:00-12:00,1,1,已售/已满,教学时间,多云,15,12,4,0.0,100,29
2026-05-21 03:30:49,2026-05-21,2,乒乓球厅-11号,11:00-12:00,1,1,已售/已满,教学时间,多云,15,14,3,0.0,100,30
2026-05-21 04:30:45,2026-05-21,2,乒乓球厅-11号,11:00-12:00,1,1,已售/已满,教学时间,多云,15,12,4,0.0,100,29
2026-05-21 05:00:52,2026-05-21,2,乒乓球厅-11号,11:00-12:00,1,1,已售/已满,教学时间,多云,15,12,4,0.0,100,29
2026-05-21 05:30:49,2026-05-21,2,乒乓球厅-11号,11:00-12:00,1,1,已售/已满,教学时间,多云,15,13,3,0.0,100,28
2026-05-21 06:00:50,2026-05-21,2,乒乓球厅-11号,11:00-12:00,1,1,已售/已满,教学时间,多云,15,13,4,0.0,99,28
2026-05-21 06:30:38,2026-05-21,2,乒乓球厅-11号,11:00-12:00,1,1,已售/已满,教学时间,多云,15,13,3,0.0,97,28
2026-05-21 07:00:43,2026-05-21,2,乒乓球厅-11号,11:00-12:00,1,1,已售/已满,教学时间,晴,15,11,5,0.0,93,28
2026-05-21 07:30:39,2026-05-21,2,乒乓球厅-11号,11:00-12:00,1,1,已售/已满,教学时间,晴,17,13,4,0.0,89,29
2026-05-21 07:50:40,2026-05-21,2,乒乓球厅-11号,11:00-12:00,1,1,已售/已满,教学时间,晴,17,13,4,0.0,88,29
2026-05-21 07:53:31,2026-05-21,2,乒乓球厅-11号,11:00-12:00,1,1,已售/已满,教学时间,晴,17,12,5,0.0,86,29
2026-05-21 07:56:31,2026-05-21,2,乒乓球厅-11号,11:00-12:00,1,1,已售/已满,教学时间,晴,17,12,5,0.0,86,29
2026-05-21 07:59:26,2026-05-21,2,乒乓球厅-11号,11:00-12:00,1,1,已售/已满,教学时间,晴,17,12,5,0.0,86,29
2026-05-21 08:00:45,2026-05-21,2,乒乓球厅-11号,11:00-12:00,1,1,已售/已满,教学时间,晴,17,12,5,0.0,86,29
2026-05-21 08:02:30,2026-05-21,2,乒乓球厅-11号,11:00-12:00,1,1,已售/已满,教学时间,多云,17,12,5,0.0,87,29
2026-05-21 08:05:36,2026-05-21,2,乒乓球厅-11号,11:00-12:00,1,1,已售/已满,教学时间,多云,17,12,5,0.0,86,29
2026-05-21 08:08:31,2026-05-21,2,乒乓球厅-11号,11:00-12:00,1,1,已售/已满,教学时间,多云,17,12,5,0.0,86,29
2026-05-21 08:11:30,2026-05-21,2,乒乓球厅-11号,11:00-12:00,1,1,已售/已满,教学时间,多云,17,12,5,0.0,86,29
2026-05-21 08:14:31,2026-05-21,2,乒乓球厅-11号,11:00-12:00,1,1,已售/已满,教学时间,多云,17,12,5,0.0,86,29
2026-05-21 08:17:30,2026-05-21,2,乒乓球厅-11号,11:00-12:00,1,1,已售/已满,教学时间,多云,17,12,5,0.0,86,29
2026-05-21 08:20:35,2026-05-21,2,乒乓球厅-11号,11:00-12:00,1,1,已售/已满,教学时间,多云,17,14,4,0.0,85,29
2026-05-21 08:25:32,2026-05-21,2,乒乓球厅-11号,11:00-12:00,1,1,已售/已满,教学时间,多云,17,14,4,0.0,85,28
2026-05-21 08:30:42,2026-05-21,2,乒乓球厅-11号,11:00-12:00,1,1,已售/已满,教学时间,多云,18,15,4,0.0,84,28
2026-05-21 08:35:31,2026-05-21,2,乒乓球厅-11号,11:00-12:00,1,1,已售/已满,教学时间,多云,18,15,4,0.0,84,28
2026-05-21 08:40:38,2026-05-21,2,乒乓球厅-11号,11:00-12:00,1,1,已售/已满,教学时间,多云,18,15,4,0.0,82,28
2026-05-21 08:45:33,2026-05-21,2,乒乓球厅-11号,11:00-12:00,1,1,已售/已满,教学时间,多云,18,15,4,0.0,82,28
2026-05-21 08:50:36,2026-05-21,2,乒乓球厅-11号,11:00-12:00,1,1,已售/已满,教学时间,多云,18,15,4,0.0,82,28
2026-05-21 08:55:34,2026-05-21,2,乒乓球厅-11号,11:00-12:00,1,1,已售/已满,教学时间,多云,18,15,4,0.0,84,28
2026-05-21 09:00:51,2026-05-21,2,乒乓球厅-11号,11:00-12:00,1,1,已售/已满,教学时间,多云,18,15,4,0.0,84,28
2026-05-21 09:01:59,2026-05-21,2,乒乓球厅-11号,11:00-12:00,1,1,已售/已满,教学时间,多云,18,15,4,0.0,83,28
2026-05-21 09:05:33,2026-05-21,2,乒乓球厅-11号,11:00-12:00,1,1,已售/已满,教学时间,多云,18,15,4,0.0,83,28
2026-05-21 09:20:38,2026-05-21,2,乒乓球厅-11号,11:00-12:00,1,1,已售/已满,教学时间,多云,18,16,3,0.0,81,28
2026-05-21 09:30:46,2026-05-21,2,乒乓球厅-11号,11:00-12:00,1,1,已售/已满,教学时间,多云,18,16,3,0.0,81,32
2026-05-21 09:40:36,2026-05-21,2,乒乓球厅-11号,11:00-12:00,1,1,已售/已满,教学时间,多云,19,17,3,0.0,79,32
2026-05-21 09:50:42,2026-05-21,2,乒乓球厅-11号,11:00-12:00,1,1,已售/已满,教学时间,多云,19,17,4,0.0,81,32
2026-05-21 10:00:46,2026-05-21,2,乒乓球厅-11号,11:00-12:00,1,1,已售/已满,教学时间,多云,19,17,4,0.0,79,32
2026-05-21 10:10:40,2026-05-21,2,乒乓球厅-11号,11:00-12:00,1,1,已售/已满,教学时间,多云,19,17,4,0.0,79,32
2026-05-21 10:20:38,2026-05-21,2,乒乓球厅-11号,11:00-12:00,1,1,已售/已满,教学时间,多云,19,17,4,0.0,79,32
2026-05-21 10:30:41,2026-05-21,2,乒乓球厅-11号,11:00-12:00,1,1,已售/已满,教学时间,多云,19,18,3,0.0,78,31
2026-05-21 11:00:44,2026-05-21,2,乒乓球厅-11号,11:00-12:00,1,1,已售/已满,教学时间,多云,21,17,5,0.0,74,31
2026-05-21 11:30:38,2026-05-21,2,乒乓球厅-11号,11:00-12:00,1,1,已售/已满,教学时间,多云,21,19,3,0.0,72,33
2026-05-21 12:00:46,2026-05-21,2,乒乓球厅-11号,11:00-12:00,1,1,已售/已满,教学时间,多云,22,19,4,0.0,70,33
2026-05-21 12:30:42,2026-05-21,2,乒乓球厅-11号,11:00-12:00,1,1,已售/已满,教学时间,多云,22,21,3,0.0,68,35
2026-05-21 13:00:43,2026-05-21,2,乒乓球厅-11号,11:00-12:00,1,1,已售/已满,教学时间,多云,24,22,4,0.0,66,35
2026-05-21 13:30:43,2026-05-21,2,乒乓球厅-11号,11:00-12:00,1,1,已售/已满,教学时间,多云,24,22,4,0.0,66,36
2026-05-21 14:00:48,2026-05-21,2,乒乓球厅-11号,11:00-12:00,1,1,已售/已满,教学时间,多云,25,23,4,0.0,66,36
2026-05-21 14:30:45,2026-05-21,2,乒乓球厅-11号,11:00-12:00,1,1,已售/已满,教学时间,晴,25,25,3,0.0,65,39
2026-05-21 15:00:45,2026-05-21,2,乒乓球厅-11号,11:00-12:00,1,1,已售/已满,教学时间,晴,25,22,4,0.0,56,39
2026-05-21 15:30:43,2026-05-21,2,乒乓球厅-11号,11:00-12:00,1,1,已售/已满,教学时间,晴,25,23,4,0.0,57,40
2026-05-21 16:00:51,2026-05-21,2,乒乓球厅-11号,11:00-12:00,1,1,已售/已满,教学时间,晴,25,23,4,0.0,57,40
2026-05-21 16:30:48,2026-05-21,2,乒乓球厅-11号,11:00-12:00,1,1,已售/已满,教学时间,晴,25,24,3,0.0,60,39
2026-05-21 17:00:49,2026-05-21,2,乒乓球厅-11号,11:00-12:00,1,1,已售/已满,教学时间,晴,25,24,4,0.0,61,39
2026-05-21 17:30:47,2026-05-21,2,乒乓球厅-11号,11:00-12:00,1,1,已售/已满,教学时间,多云,24,23,3,0.0,64,39
2026-05-21 18:00:50,2026-05-21,2,乒乓球厅-11号,11:00-12:00,1,1,已售/已满,教学时间,多云,24,23,3,0.0,68,39
2026-05-21 18:30:50,2026-05-21,2,乒乓球厅-11号,11:00-12:00,1,1,已售/已满,教学时间,阴,24,25,2,0.0,68,40
2026-05-21 19:00:50,2026-05-21,2,乒乓球厅-11号,11:00-12:00,1,1,已售/已满,教学时间,阴,23,23,3,0.0,76,40
2026-05-21 19:30:46,2026-05-21,2,乒乓球厅-11号,11:00-12:00,1,1,已售/已满,教学时间,阴,23,24,2,0.0,77,39
2026-05-21 20:00:49,2026-05-21,2,乒乓球厅-11号,11:00-12:00,1,1,已售/已满,教学时间,雾,22,23,2,0.0,89,39
2026-05-21 20:30:44,2026-05-21,2,乒乓球厅-11号,11:00-12:00,1,1,已售/已满,教学时间,雾,22,24,2,0.0,93,43
2026-05-21 21:00:56,2026-05-21,2,乒乓球厅-11号,11:00-12:00,1,1,已售/已满,教学时间,雾,20,21,2,0.0,98,43
2026-05-21 21:30:46,2026-05-21,2,乒乓球厅-11号,11:00-12:00,1,1,已售/已满,教学时间,雾,20,22,1,0.0,99,41
2026-05-21 22:01:02,2026-05-21,2,乒乓球厅-11号,11:00-12:00,1,1,已售/已满,教学时间,雾,19,20,2,0.0,93,41
2026-05-21 22:30:47,2026-05-21,2,乒乓球厅-11号,11:00-12:00,1,1,已售/已满,教学时间,雾,19,19,3,0.0,88,46
2026-05-21 23:00:56,2026-05-21,2,乒乓球厅-11号,11:00-12:00,1,1,已售/已满,教学时间,多云,18,17,3,0.0,85,46
2026-05-21 23:30:55,2026-05-21,2,乒乓球厅-11号,11:00-12:00,1,1,已售/已满,教学时间,多云,18,17,3,0.0,85,48
2026-05-21 00:30:49,2026-05-21,2,乒乓球厅-11号,12:00-12:55,0,1,可预约,￥0.0,多云,15,13,3,0.0,100,26
2026-05-21 01:00:55,2026-05-21,2,乒乓球厅-11号,12:00-12:55,0,1,可预约,￥0.0,多云,15,12,4,0.0,100,26
2026-05-21 01:30:47,2026-05-21,2,乒乓球厅-11号,12:00-12:55,0,1,可预约,￥0.0,多云,15,13,4,0.0,100,28
2026-05-21 02:00:53,2026-05-21,2,乒乓球厅-11号,12:00-12:55,0,1,可预约,￥0.0,多云,15,12,4,0.0,100,28
2026-05-21 02:30:49,2026-05-21,2,乒乓球厅-11号,12:00-12:55,0,1,可预约,￥0.0,多云,15,14,3,0.0,100,29
2026-05-21 03:00:55,2026-05-21,2,乒乓球厅-11号,12:00-12:55,0,1,可预约,￥0.0,多云,15,12,4,0.0,100,29
2026-05-21 03:30:49,2026-05-21,2,乒乓球厅-11号,12:00-12:55,0,1,可预约,￥0.0,多云,15,14,3,0.0,100,30
2026-05-21 04:30:45,2026-05-21,2,乒乓球厅-11号,12:00-12:55,0,1,可预约,￥0.0,多云,15,12,4,0.0,100,29
2026-05-21 05:00:52,2026-05-21,2,乒乓球厅-11号,12:00-12:55,0,1,可预约,￥0.0,多云,15,12,4,0.0,100,29
2026-05-21 05:30:49,2026-05-21,2,乒乓球厅-11号,12:00-12:55,0,1,可预约,￥0.0,多云,15,13,3,0.0,100,28
2026-05-21 06:00:50,2026-05-21,2,乒乓球厅-11号,12:00-12:55,0,1,可预约,￥0.0,多云,15,13,4,0.0,99,28
2026-05-21 06:30:38,2026-05-21,2,乒乓球厅-11号,12:00-12:55,0,1,可预约,￥0.0,多云,15,13,3,0.0,97,28
2026-05-21 07:00:43,2026-05-21,2,乒乓球厅-11号,12:00-12:55,0,1,可预约,￥0.0,晴,15,11,5,0.0,93,28
2026-05-21 07:30:39,2026-05-21,2,乒乓球厅-11号,12:00-12:55,0,1,可预约,￥0.0,晴,17,13,4,0.0,89,29
2026-05-21 07:50:40,2026-05-21,2,乒乓球厅-11号,12:00-12:55,0,1,可预约,￥0.0,晴,17,13,4,0.0,88,29
2026-05-21 07:53:31,2026-05-21,2,乒乓球厅-11号,12:00-12:55,0,1,可预约,￥0.0,晴,17,12,5,0.0,86,29
2026-05-21 07:56:31,2026-05-21,2,乒乓球厅-11号,12:00-12:55,0,1,可预约,￥0.0,晴,17,12,5,0.0,86,29
2026-05-21 07:59:26,2026-05-21,2,乒乓球厅-11号,12:00-12:55,0,1,可预约,￥0.0,晴,17,12,5,0.0,86,29
2026-05-21 08:00:45,2026-05-21,2,乒乓球厅-11号,12:00-12:55,0,1,可预约,￥0.0,晴,17,12,5,0.0,86,29
2026-05-21 08:02:30,2026-05-21,2,乒乓球厅-11号,12:00-12:55,0,1,可预约,￥0.0,多云,17,12,5,0.0,87,29
2026-05-21 08:05:36,2026-05-21,2,乒乓球厅-11号,12:00-12:55,0,1,可预约,￥0.0,多云,17,12,5,0.0,86,29
2026-05-21 08:08:31,2026-05-21,2,乒乓球厅-11号,12:00-12:55,0,1,可预约,￥0.0,多云,17,12,5,0.0,86,29
2026-05-21 08:11:30,2026-05-21,2,乒乓球厅-11号,12:00-12:55,0,1,可预约,￥0.0,多云,17,12,5,0.0,86,29
2026-05-21 08:14:31,2026-05-21,2,乒乓球厅-11号,12:00-12:55,0,1,可预约,￥0.0,多云,17,12,5,0.0,86,29
2026-05-21 08:17:30,2026-05-21,2,乒乓球厅-11号,12:00-12:55,0,1,可预约,￥0.0,多云,17,12,5,0.0,86,29
2026-05-21 08:20:35,2026-05-21,2,乒乓球厅-11号,12:00-12:55,0,1,可预约,￥0.0,多云,17,14,4,0.0,85,29
2026-05-21 08:25:32,2026-05-21,2,乒乓球厅-11号,12:00-12:55,0,1,可预约,￥0.0,多云,17,14,4,0.0,85,28
2026-05-21 08:30:42,2026-05-21,2,乒乓球厅-11号,12:00-12:55,0,1,可预约,￥0.0,多云,18,15,4,0.0,84,28
2026-05-21 08:35:31,2026-05-21,2,乒乓球厅-11号,12:00-12:55,0,1,可预约,￥0.0,多云,18,15,4,0.0,84,28
2026-05-21 08:40:38,2026-05-21,2,乒乓球厅-11号,12:00-12:55,0,1,可预约,￥0.0,多云,18,15,4,0.0,82,28
2026-05-21 08:45:33,2026-05-21,2,乒乓球厅-11号,12:00-12:55,0,1,可预约,￥0.0,多云,18,15,4,0.0,82,28
2026-05-21 08:50:36,2026-05-21,2,乒乓球厅-11号,12:00-12:55,0,1,可预约,￥0.0,多云,18,15,4,0.0,82,28
2026-05-21 08:55:34,2026-05-21,2,乒乓球厅-11号,12:00-12:55,0,1,可预约,￥0.0,多云,18,15,4,0.0,84,28
2026-05-21 09:00:51,2026-05-21,2,乒乓球厅-11号,12:00-12:55,0,1,可预约,￥0.0,多云,18,15,4,0.0,84,28
2026-05-21 09:01:59,2026-05-21,2,乒乓球厅-11号,12:00-12:55,0,1,可预约,￥0.0,多云,18,15,4,0.0,83,28
2026-05-21 09:05:33,2026-05-21,2,乒乓球厅-11号,12:00-12:55,0,1,可预约,￥0.0,多云,18,15,4,0.0,83,28
2026-05-21 09:20:38,2026-05-21,2,乒乓球厅-11号,12:00-12:55,0,1,可预约,￥0.0,多云,18,16,3,0.0,81,28
2026-05-21 09:30:46,2026-05-21,2,乒乓球厅-11号,12:00-12:55,0,1,可预约,￥0.0,多云,18,16,3,0.0,81,32
2026-05-21 09:40:36,2026-05-21,2,乒乓球厅-11号,12:00-12:55,0,1,可预约,￥0.0,多云,19,17,3,0.0,79,32
2026-05-21 09:50:42,2026-05-21,2,乒乓球厅-11号,12:00-12:55,0,1,可预约,￥0.0,多云,19,17,4,0.0,81,32
2026-05-21 10:00:46,2026-05-21,2,乒乓球厅-11号,12:00-12:55,0,1,可预约,￥0.0,多云,19,17,4,0.0,79,32
2026-05-21 10:10:40,2026-05-21,2,乒乓球厅-11号,12:00-12:55,0,1,可预约,￥0.0,多云,19,17,4,0.0,79,32
2026-05-21 10:20:38,2026-05-21,2,乒乓球厅-11号,12:00-12:55,0,1,可预约,￥0.0,多云,19,17,4,0.0,79,32
2026-05-21 10:30:41,2026-05-21,2,乒乓球厅-11号,12:00-12:55,0,1,可预约,￥0.0,多云,19,18,3,0.0,78,31
2026-05-21 11:00:44,2026-05-21,2,乒乓球厅-11号,12:00-12:55,0,1,可预约,￥0.0,多云,21,17,5,0.0,74,31
2026-05-21 11:30:38,2026-05-21,2,乒乓球厅-11号,12:00-12:55,0,1,可预约,￥0.0,多云,21,19,3,0.0,72,33
2026-05-21 12:00:46,2026-05-21,2,乒乓球厅-11号,12:00-12:55,0,1,可预约,￥0.0,多云,22,19,4,0.0,70,33
2026-05-21 12:30:42,2026-05-21,2,乒乓球厅-11号,12:00-12:55,0,1,可预约,￥0.0,多云,22,21,3,0.0,68,35
2026-05-21 13:00:43,2026-05-21,2,乒乓球厅-11号,12:00-12:55,0,1,不开放/已过期,,多云,24,22,4,0.0,66,35
2026-05-21 13:30:43,2026-05-21,2,乒乓球厅-11号,12:00-12:55,0,1,不开放/已过期,,多云,24,22,4,0.0,66,36
2026-05-21 14:00:48,2026-05-21,2,乒乓球厅-11号,12:00-12:55,0,1,不开放/已过期,,多云,25,23,4,0.0,66,36
2026-05-21 14:30:45,2026-05-21,2,乒乓球厅-11号,12:00-12:55,0,1,不开放/已过期,,晴,25,25,3,0.0,65,39
2026-05-21 15:00:45,2026-05-21,2,乒乓球厅-11号,12:00-12:55,0,1,不开放/已过期,,晴,25,22,4,0.0,56,39
2026-05-21 15:30:43,2026-05-21,2,乒乓球厅-11号,12:00-12:55,0,1,不开放/已过期,,晴,25,23,4,0.0,57,40
2026-05-21 16:00:51,2026-05-21,2,乒乓球厅-11号,12:00-12:55,0,1,不开放/已过期,,晴,25,23,4,0.0,57,40
2026-05-21 16:30:48,2026-05-21,2,乒乓球厅-11号,12:00-12:55,0,1,不开放/已过期,,晴,25,24,3,0.0,60,39
2026-05-21 17:00:49,2026-05-21,2,乒乓球厅-11号,12:00-12:55,0,1,不开放/已过期,,晴,25,24,4,0.0,61,39
2026-05-21 17:30:47,2026-05-21,2,乒乓球厅-11号,12:00-12:55,0,1,不开放/已过期,,多云,24,23,3,0.0,64,39
2026-05-21 18:00:50,2026-05-21,2,乒乓球厅-11号,12:00-12:55,0,1,不开放/已过期,,多云,24,23,3,0.0,68,39
2026-05-21 18:30:50,2026-05-21,2,乒乓球厅-11号,12:00-12:55,0,1,不开放/已过期,,阴,24,25,2,0.0,68,40
2026-05-21 19:00:50,2026-05-21,2,乒乓球厅-11号,12:00-12:55,0,1,不开放/已过期,,阴,23,23,3,0.0,76,40
2026-05-21 19:30:46,2026-05-21,2,乒乓球厅-11号,12:00-12:55,0,1,不开放/已过期,,阴,23,24,2,0.0,77,39
2026-05-21 20:00:49,2026-05-21,2,乒乓球厅-11号,12:00-12:55,0,1,不开放/已过期,,雾,22,23,2,0.0,89,39
2026-05-21 20:30:44,2026-05-21,2,乒乓球厅-11号,12:00-12:55,0,1,不开放/已过期,,雾,22,24,2,0.0,93,43
2026-05-21 21:00:56,2026-05-21,2,乒乓球厅-11号,12:00-12:55,0,1,不开放/已过期,,雾,20,21,2,0.0,98,43
2026-05-21 21:30:46,2026-05-21,2,乒乓球厅-11号,12:00-12:55,0,1,不开放/已过期,,雾,20,22,1,0.0,99,41
2026-05-21 22:01:02,2026-05-21,2,乒乓球厅-11号,12:00-12:55,0,1,不开放/已过期,,雾,19,20,2,0.0,93,41
2026-05-21 22:30:47,2026-05-21,2,乒乓球厅-11号,12:00-12:55,0,1,不开放/已过期,,雾,19,19,3,0.0,88,46
2026-05-21 23:00:56,2026-05-21,2,乒乓球厅-11号,12:00-12:55,0,1,不开放/已过期,,多云,18,17,3,0.0,85,46
2026-05-21 23:30:55,2026-05-21,2,乒乓球厅-11号,12:00-12:55,0,1,不开放/已过期,,多云,18,17,3,0.0,85,48
2026-05-21 00:30:49,2026-05-21,2,乒乓球厅-11号,12:55-13:50,0,1,可预约,￥0.0,多云,15,13,3,0.0,100,26
2026-05-21 01:00:55,2026-05-21,2,乒乓球厅-11号,12:55-13:50,0,1,可预约,￥0.0,多云,15,12,4,0.0,100,26
2026-05-21 01:30:47,2026-05-21,2,乒乓球厅-11号,12:55-13:50,0,1,可预约,￥0.0,多云,15,13,4,0.0,100,28
2026-05-21 02:00:53,2026-05-21,2,乒乓球厅-11号,12:55-13:50,0,1,可预约,￥0.0,多云,15,12,4,0.0,100,28
2026-05-21 02:30:49,2026-05-21,2,乒乓球厅-11号,12:55-13:50,0,1,可预约,￥0.0,多云,15,14,3,0.0,100,29
2026-05-21 03:00:55,2026-05-21,2,乒乓球厅-11号,12:55-13:50,0,1,可预约,￥0.0,多云,15,12,4,0.0,100,29
2026-05-21 03:30:49,2026-05-21,2,乒乓球厅-11号,12:55-13:50,0,1,可预约,￥0.0,多云,15,14,3,0.0,100,30
2026-05-21 04:30:45,2026-05-21,2,乒乓球厅-11号,12:55-13:50,0,1,可预约,￥0.0,多云,15,12,4,0.0,100,29
2026-05-21 05:00:52,2026-05-21,2,乒乓球厅-11号,12:55-13:50,0,1,可预约,￥0.0,多云,15,12,4,0.0,100,29
2026-05-21 05:30:49,2026-05-21,2,乒乓球厅-11号,12:55-13:50,0,1,可预约,￥0.0,多云,15,13,3,0.0,100,28
2026-05-21 06:00:50,2026-05-21,2,乒乓球厅-11号,12:55-13:50,0,1,可预约,￥0.0,多云,15,13,4,0.0,99,28
2026-05-21 06:30:38,2026-05-21,2,乒乓球厅-11号,12:55-13:50,0,1,可预约,￥0.0,多云,15,13,3,0.0,97,28
2026-05-21 07:00:43,2026-05-21,2,乒乓球厅-11号,12:55-13:50,0,1,可预约,￥0.0,晴,15,11,5,0.0,93,28
2026-05-21 07:30:39,2026-05-21,2,乒乓球厅-11号,12:55-13:50,0,1,可预约,￥0.0,晴,17,13,4,0.0,89,29
2026-05-21 07:50:40,2026-05-21,2,乒乓球厅-11号,12:55-13:50,0,1,可预约,￥0.0,晴,17,13,4,0.0,88,29
2026-05-21 07:53:31,2026-05-21,2,乒乓球厅-11号,12:55-13:50,0,1,可预约,￥0.0,晴,17,12,5,0.0,86,29
2026-05-21 07:56:31,2026-05-21,2,乒乓球厅-11号,12:55-13:50,0,1,可预约,￥0.0,晴,17,12,5,0.0,86,29
2026-05-21 07:59:26,2026-05-21,2,乒乓球厅-11号,12:55-13:50,0,1,可预约,￥0.0,晴,17,12,5,0.0,86,29
2026-05-21 08:00:45,2026-05-21,2,乒乓球厅-11号,12:55-13:50,0,1,可预约,￥0.0,晴,17,12,5,0.0,86,29
2026-05-21 08:02:30,2026-05-21,2,乒乓球厅-11号,12:55-13:50,0,1,可预约,￥0.0,多云,17,12,5,0.0,87,29
2026-05-21 08:05:36,2026-05-21,2,乒乓球厅-11号,12:55-13:50,0,1,可预约,￥0.0,多云,17,12,5,0.0,86,29
2026-05-21 08:08:31,2026-05-21,2,乒乓球厅-11号,12:55-13:50,0,1,可预约,￥0.0,多云,17,12,5,0.0,86,29
2026-05-21 08:11:30,2026-05-21,2,乒乓球厅-11号,12:55-13:50,0,1,可预约,￥0.0,多云,17,12,5,0.0,86,29
2026-05-21 08:14:31,2026-05-21,2,乒乓球厅-11号,12:55-13:50,0,1,可预约,￥0.0,多云,17,12,5,0.0,86,29
2026-05-21 08:17:30,2026-05-21,2,乒乓球厅-11号,12:55-13:50,0,1,可预约,￥0.0,多云,17,12,5,0.0,86,29
2026-05-21 08:20:35,2026-05-21,2,乒乓球厅-11号,12:55-13:50,0,1,可预约,￥0.0,多云,17,14,4,0.0,85,29
2026-05-21 08:25:32,2026-05-21,2,乒乓球厅-11号,12:55-13:50,0,1,可预约,￥0.0,多云,17,14,4,0.0,85,28
2026-05-21 08:30:42,2026-05-21,2,乒乓球厅-11号,12:55-13:50,0,1,可预约,￥0.0,多云,18,15,4,0.0,84,28
2026-05-21 08:35:31,2026-05-21,2,乒乓球厅-11号,12:55-13:50,0,1,可预约,￥0.0,多云,18,15,4,0.0,84,28
2026-05-21 08:40:38,2026-05-21,2,乒乓球厅-11号,12:55-13:50,0,1,可预约,￥0.0,多云,18,15,4,0.0,82,28
2026-05-21 08:45:33,2026-05-21,2,乒乓球厅-11号,12:55-13:50,0,1,可预约,￥0.0,多云,18,15,4,0.0,82,28
2026-05-21 08:50:36,2026-05-21,2,乒乓球厅-11号,12:55-13:50,0,1,可预约,￥0.0,多云,18,15,4,0.0,82,28
2026-05-21 08:55:34,2026-05-21,2,乒乓球厅-11号,12:55-13:50,0,1,可预约,￥0.0,多云,18,15,4,0.0,84,28
2026-05-21 09:00:51,2026-05-21,2,乒乓球厅-11号,12:55-13:50,0,1,可预约,￥0.0,多云,18,15,4,0.0,84,28
2026-05-21 09:01:59,2026-05-21,2,乒乓球厅-11号,12:55-13:50,0,1,可预约,￥0.0,多云,18,15,4,0.0,83,28
2026-05-21 09:05:33,2026-05-21,2,乒乓球厅-11号,12:55-13:50,0,1,可预约,￥0.0,多云,18,15,4,0.0,83,28
2026-05-21 09:20:38,2026-05-21,2,乒乓球厅-11号,12:55-13:50,0,1,可预约,￥0.0,多云,18,16,3,0.0,81,28
2026-05-21 09:30:46,2026-05-21,2,乒乓球厅-11号,12:55-13:50,0,1,可预约,￥0.0,多云,18,16,3,0.0,81,32
2026-05-21 09:40:36,2026-05-21,2,乒乓球厅-11号,12:55-13:50,0,1,可预约,￥0.0,多云,19,17,3,0.0,79,32
2026-05-21 09:50:42,2026-05-21,2,乒乓球厅-11号,12:55-13:50,0,1,可预约,￥0.0,多云,19,17,4,0.0,81,32
2026-05-21 10:00:46,2026-05-21,2,乒乓球厅-11号,12:55-13:50,0,1,可预约,￥0.0,多云,19,17,4,0.0,79,32
2026-05-21 10:10:40,2026-05-21,2,乒乓球厅-11号,12:55-13:50,0,1,可预约,￥0.0,多云,19,17,4,0.0,79,32
2026-05-21 10:20:38,2026-05-21,2,乒乓球厅-11号,12:55-13:50,0,1,可预约,￥0.0,多云,19,17,4,0.0,79,32
2026-05-21 10:30:41,2026-05-21,2,乒乓球厅-11号,12:55-13:50,0,1,可预约,￥0.0,多云,19,18,3,0.0,78,31
2026-05-21 11:00:44,2026-05-21,2,乒乓球厅-11号,12:55-13:50,0,1,可预约,￥0.0,多云,21,17,5,0.0,74,31
2026-05-21 11:30:38,2026-05-21,2,乒乓球厅-11号,12:55-13:50,0,1,可预约,￥0.0,多云,21,19,3,0.0,72,33
2026-05-21 12:00:46,2026-05-21,2,乒乓球厅-11号,12:55-13:50,0,1,可预约,￥0.0,多云,22,19,4,0.0,70,33
2026-05-21 12:30:42,2026-05-21,2,乒乓球厅-11号,12:55-13:50,0,1,可预约,￥0.0,多云,22,21,3,0.0,68,35
2026-05-21 13:00:43,2026-05-21,2,乒乓球厅-11号,12:55-13:50,0,1,可预约,￥0.0,多云,24,22,4,0.0,66,35
2026-05-21 13:30:43,2026-05-21,2,乒乓球厅-11号,12:55-13:50,0,1,可预约,￥0.0,多云,24,22,4,0.0,66,36
2026-05-21 14:00:48,2026-05-21,2,乒乓球厅-11号,12:55-13:50,0,1,不开放/已过期,,多云,25,23,4,0.0,66,36
2026-05-21 14:30:45,2026-05-21,2,乒乓球厅-11号,12:55-13:50,0,1,不开放/已过期,,晴,25,25,3,0.0,65,39
2026-05-21 15:00:45,2026-05-21,2,乒乓球厅-11号,12:55-13:50,0,1,不开放/已过期,,晴,25,22,4,0.0,56,39
2026-05-21 15:30:43,2026-05-21,2,乒乓球厅-11号,12:55-13:50,0,1,不开放/已过期,,晴,25,23,4,0.0,57,40
2026-05-21 16:00:51,2026-05-21,2,乒乓球厅-11号,12:55-13:50,0,1,不开放/已过期,,晴,25,23,4,0.0,57,40
2026-05-21 16:30:48,2026-05-21,2,乒乓球厅-11号,12:55-13:50,0,1,不开放/已过期,,晴,25,24,3,0.0,60,39
2026-05-21 17:00:49,2026-05-21,2,乒乓球厅-11号,12:55-13:50,0,1,不开放/已过期,,晴,25,24,4,0.0,61,39
2026-05-21 17:30:47,2026-05-21,2,乒乓球厅-11号,12:55-13:50,0,1,不开放/已过期,,多云,24,23,3,0.0,64,39
2026-05-21 18:00:50,2026-05-21,2,乒乓球厅-11号,12:55-13:50,0,1,不开放/已过期,,多云,24,23,3,0.0,68,39
2026-05-21 18:30:50,2026-05-21,2,乒乓球厅-11号,12:55-13:50,0,1,不开放/已过期,,阴,24,25,2,0.0,68,40
2026-05-21 19:00:50,2026-05-21,2,乒乓球厅-11号,12:55-13:50,0,1,不开放/已过期,,阴,23,23,3,0.0,76,40
2026-05-21 19:30:46,2026-05-21,2,乒乓球厅-11号,12:55-13:50,0,1,不开放/已过期,,阴,23,24,2,0.0,77,39
2026-05-21 20:00:49,2026-05-21,2,乒乓球厅-11号,12:55-13:50,0,1,不开放/已过期,,雾,22,23,2,0.0,89,39
2026-05-21 20:30:44,2026-05-21,2,乒乓球厅-11号,12:55-13:50,0,1,不开放/已过期,,雾,22,24,2,0.0,93,43
2026-05-21 21:00:56,2026-05-21,2,乒乓球厅-11号,12:55-13:50,0,1,不开放/已过期,,雾,20,21,2,0.0,98,43
2026-05-21 21:30:46,2026-05-21,2,乒乓球厅-11号,12:55-13:50,0,1,不开放/已过期,,雾,20,22,1,0.0,99,41
2026-05-21 22:01:02,2026-05-21,2,乒乓球厅-11号,12:55-13:50,0,1,不开放/已过期,,雾,19,20,2,0.0,93,41
2026-05-21 22:30:47,2026-05-21,2,乒乓球厅-11号,12:55-13:50,0,1,不开放/已过期,,雾,19,19,3,0.0,88,46
2026-05-21 23:00:56,2026-05-21,2,乒乓球厅-11号,12:55-13:50,0,1,不开放/已过期,,多云,18,17,3,0.0,85,46
2026-05-21 23:30:55,2026-05-21,2,乒乓球厅-11号,12:55-13:50,0,1,不开放/已过期,,多云,18,17,3,0.0,85,48
2026-05-21 00:30:49,2026-05-21,2,乒乓球厅-11号,14:00-15:00,0,1,可预约,￥5.0,多云,15,13,3,0.0,100,26
2026-05-21 01:00:55,2026-05-21,2,乒乓球厅-11号,14:00-15:00,0,1,可预约,￥5.0,多云,15,12,4,0.0,100,26
2026-05-21 01:30:47,2026-05-21,2,乒乓球厅-11号,14:00-15:00,0,1,可预约,￥5.0,多云,15,13,4,0.0,100,28
2026-05-21 02:00:53,2026-05-21,2,乒乓球厅-11号,14:00-15:00,0,1,可预约,￥5.0,多云,15,12,4,0.0,100,28
2026-05-21 02:30:49,2026-05-21,2,乒乓球厅-11号,14:00-15:00,0,1,可预约,￥5.0,多云,15,14,3,0.0,100,29
2026-05-21 03:00:55,2026-05-21,2,乒乓球厅-11号,14:00-15:00,0,1,可预约,￥5.0,多云,15,12,4,0.0,100,29
2026-05-21 03:30:49,2026-05-21,2,乒乓球厅-11号,14:00-15:00,0,1,可预约,￥5.0,多云,15,14,3,0.0,100,30
2026-05-21 04:30:45,2026-05-21,2,乒乓球厅-11号,14:00-15:00,0,1,可预约,￥5.0,多云,15,12,4,0.0,100,29
2026-05-21 05:00:52,2026-05-21,2,乒乓球厅-11号,14:00-15:00,0,1,可预约,￥5.0,多云,15,12,4,0.0,100,29
2026-05-21 05:30:49,2026-05-21,2,乒乓球厅-11号,14:00-15:00,0,1,可预约,￥5.0,多云,15,13,3,0.0,100,28
2026-05-21 06:00:50,2026-05-21,2,乒乓球厅-11号,14:00-15:00,0,1,可预约,￥5.0,多云,15,13,4,0.0,99,28
2026-05-21 06:30:38,2026-05-21,2,乒乓球厅-11号,14:00-15:00,0,1,可预约,￥5.0,多云,15,13,3,0.0,97,28
2026-05-21 07:00:43,2026-05-21,2,乒乓球厅-11号,14:00-15:00,0,1,可预约,￥5.0,晴,15,11,5,0.0,93,28
2026-05-21 07:30:39,2026-05-21,2,乒乓球厅-11号,14:00-15:00,0,1,可预约,￥5.0,晴,17,13,4,0.0,89,29
2026-05-21 07:50:40,2026-05-21,2,乒乓球厅-11号,14:00-15:00,0,1,可预约,￥5.0,晴,17,13,4,0.0,88,29
2026-05-21 07:53:31,2026-05-21,2,乒乓球厅-11号,14:00-15:00,0,1,可预约,￥5.0,晴,17,12,5,0.0,86,29
2026-05-21 07:56:31,2026-05-21,2,乒乓球厅-11号,14:00-15:00,0,1,可预约,￥5.0,晴,17,12,5,0.0,86,29
2026-05-21 07:59:26,2026-05-21,2,乒乓球厅-11号,14:00-15:00,0,1,可预约,￥5.0,晴,17,12,5,0.0,86,29
2026-05-21 08:00:45,2026-05-21,2,乒乓球厅-11号,14:00-15:00,0,1,可预约,￥5.0,晴,17,12,5,0.0,86,29
2026-05-21 08:02:30,2026-05-21,2,乒乓球厅-11号,14:00-15:00,0,1,可预约,￥5.0,多云,17,12,5,0.0,87,29
2026-05-21 08:05:36,2026-05-21,2,乒乓球厅-11号,14:00-15:00,0,1,可预约,￥5.0,多云,17,12,5,0.0,86,29
2026-05-21 08:08:31,2026-05-21,2,乒乓球厅-11号,14:00-15:00,0,1,可预约,￥5.0,多云,17,12,5,0.0,86,29
2026-05-21 08:11:30,2026-05-21,2,乒乓球厅-11号,14:00-15:00,0,1,可预约,￥5.0,多云,17,12,5,0.0,86,29
2026-05-21 08:14:31,2026-05-21,2,乒乓球厅-11号,14:00-15:00,0,1,可预约,￥5.0,多云,17,12,5,0.0,86,29
2026-05-21 08:17:30,2026-05-21,2,乒乓球厅-11号,14:00-15:00,0,1,可预约,￥5.0,多云,17,12,5,0.0,86,29
2026-05-21 08:20:35,2026-05-21,2,乒乓球厅-11号,14:00-15:00,0,1,可预约,￥5.0,多云,17,14,4,0.0,85,29
2026-05-21 08:25:32,2026-05-21,2,乒乓球厅-11号,14:00-15:00,0,1,可预约,￥5.0,多云,17,14,4,0.0,85,28
2026-05-21 08:30:42,2026-05-21,2,乒乓球厅-11号,14:00-15:00,0,1,可预约,￥5.0,多云,18,15,4,0.0,84,28
2026-05-21 08:35:31,2026-05-21,2,乒乓球厅-11号,14:00-15:00,0,1,可预约,￥5.0,多云,18,15,4,0.0,84,28
2026-05-21 08:40:38,2026-05-21,2,乒乓球厅-11号,14:00-15:00,0,1,可预约,￥5.0,多云,18,15,4,0.0,82,28
2026-05-21 08:45:33,2026-05-21,2,乒乓球厅-11号,14:00-15:00,0,1,可预约,￥5.0,多云,18,15,4,0.0,82,28
2026-05-21 08:50:36,2026-05-21,2,乒乓球厅-11号,14:00-15:00,0,1,可预约,￥5.0,多云,18,15,4,0.0,82,28
2026-05-21 08:55:34,2026-05-21,2,乒乓球厅-11号,14:00-15:00,0,1,可预约,￥5.0,多云,18,15,4,0.0,84,28
2026-05-21 09:00:51,2026-05-21,2,乒乓球厅-11号,14:00-15:00,0,1,可预约,￥5.0,多云,18,15,4,0.0,84,28
2026-05-21 09:01:59,2026-05-21,2,乒乓球厅-11号,14:00-15:00,0,1,可预约,￥5.0,多云,18,15,4,0.0,83,28
2026-05-21 09:05:33,2026-05-21,2,乒乓球厅-11号,14:00-15:00,0,1,可预约,￥5.0,多云,18,15,4,0.0,83,28
2026-05-21 09:20:38,2026-05-21,2,乒乓球厅-11号,14:00-15:00,0,1,可预约,￥5.0,多云,18,16,3,0.0,81,28
2026-05-21 09:30:46,2026-05-21,2,乒乓球厅-11号,14:00-15:00,0,1,可预约,￥5.0,多云,18,16,3,0.0,81,32
2026-05-21 09:40:36,2026-05-21,2,乒乓球厅-11号,14:00-15:00,0,1,可预约,￥5.0,多云,19,17,3,0.0,79,32
2026-05-21 09:50:42,2026-05-21,2,乒乓球厅-11号,14:00-15:00,0,1,可预约,￥5.0,多云,19,17,4,0.0,81,32
2026-05-21 10:00:46,2026-05-21,2,乒乓球厅-11号,14:00-15:00,0,1,可预约,￥5.0,多云,19,17,4,0.0,79,32
2026-05-21 10:10:40,2026-05-21,2,乒乓球厅-11号,14:00-15:00,0,1,可预约,￥5.0,多云,19,17,4,0.0,79,32
2026-05-21 10:20:38,2026-05-21,2,乒乓球厅-11号,14:00-15:00,0,1,可预约,￥5.0,多云,19,17,4,0.0,79,32
2026-05-21 10:30:41,2026-05-21,2,乒乓球厅-11号,14:00-15:00,0,1,可预约,￥5.0,多云,19,18,3,0.0,78,31
2026-05-21 11:00:44,2026-05-21,2,乒乓球厅-11号,14:00-15:00,0,1,可预约,￥5.0,多云,21,17,5,0.0,74,31
2026-05-21 11:30:38,2026-05-21,2,乒乓球厅-11号,14:00-15:00,0,1,可预约,￥5.0,多云,21,19,3,0.0,72,33
2026-05-21 12:00:46,2026-05-21,2,乒乓球厅-11号,14:00-15:00,0,1,可预约,￥5.0,多云,22,19,4,0.0,70,33
2026-05-21 12:30:42,2026-05-21,2,乒乓球厅-11号,14:00-15:00,0,1,可预约,￥5.0,多云,22,21,3,0.0,68,35
2026-05-21 13:00:43,2026-05-21,2,乒乓球厅-11号,14:00-15:00,0,1,可预约,￥5.0,多云,24,22,4,0.0,66,35
2026-05-21 13:30:43,2026-05-21,2,乒乓球厅-11号,14:00-15:00,0,1,可预约,￥5.0,多云,24,22,4,0.0,66,36
2026-05-21 14:00:48,2026-05-21,2,乒乓球厅-11号,14:00-15:00,0,1,可预约,￥5.0,多云,25,23,4,0.0,66,36
2026-05-21 14:30:45,2026-05-21,2,乒乓球厅-11号,14:00-15:00,0,1,可预约,￥5.0,晴,25,25,3,0.0,65,39
2026-05-21 15:00:45,2026-05-21,2,乒乓球厅-11号,14:00-15:00,0,1,不开放/已过期,,晴,25,22,4,0.0,56,39
2026-05-21 15:30:43,2026-05-21,2,乒乓球厅-11号,14:00-15:00,0,1,不开放/已过期,,晴,25,23,4,0.0,57,40
2026-05-21 16:00:51,2026-05-21,2,乒乓球厅-11号,14:00-15:00,0,1,不开放/已过期,,晴,25,23,4,0.0,57,40
2026-05-21 16:30:48,2026-05-21,2,乒乓球厅-11号,14:00-15:00,0,1,不开放/已过期,,晴,25,24,3,0.0,60,39
2026-05-21 17:00:49,2026-05-21,2,乒乓球厅-11号,14:00-15:00,0,1,不开放/已过期,,晴,25,24,4,0.0,61,39
2026-05-21 17:30:47,2026-05-21,2,乒乓球厅-11号,14:00-15:00,0,1,不开放/已过期,,多云,24,23,3,0.0,64,39
2026-05-21 18:00:50,2026-05-21,2,乒乓球厅-11号,14:00-15:00,0,1,不开放/已过期,,多云,24,23,3,0.0,68,39
2026-05-21 18:30:50,2026-05-21,2,乒乓球厅-11号,14:00-15:00,0,1,不开放/已过期,,阴,24,25,2,0.0,68,40
2026-05-21 19:00:50,2026-05-21,2,乒乓球厅-11号,14:00-15:00,0,1,不开放/已过期,,阴,23,23,3,0.0,76,40
2026-05-21 19:30:46,2026-05-21,2,乒乓球厅-11号,14:00-15:00,0,1,不开放/已过期,,阴,23,24,2,0.0,77,39
2026-05-21 20:00:49,2026-05-21,2,乒乓球厅-11号,14:00-15:00,0,1,不开放/已过期,,雾,22,23,2,0.0,89,39
2026-05-21 20:30:44,2026-05-21,2,乒乓球厅-11号,14:00-15:00,0,1,不开放/已过期,,雾,22,24,2,0.0,93,43
2026-05-21 21:00:56,2026-05-21,2,乒乓球厅-11号,14:00-15:00,0,1,不开放/已过期,,雾,20,21,2,0.0,98,43
2026-05-21 21:30:46,2026-05-21,2,乒乓球厅-11号,14:00-15:00,0,1,不开放/已过期,,雾,20,22,1,0.0,99,41
2026-05-21 22:01:02,2026-05-21,2,乒乓球厅-11号,14:00-15:00,0,1,不开放/已过期,,雾,19,20,2,0.0,93,41
2026-05-21 22:30:47,2026-05-21,2,乒乓球厅-11号,14:00-15:00,0,1,不开放/已过期,,雾,19,19,3,0.0,88,46
2026-05-21 23:00:56,2026-05-21,2,乒乓球厅-11号,14:00-15:00,0,1,不开放/已过期,,多云,18,17,3,0.0,85,46
2026-05-21 23:30:55,2026-05-21,2,乒乓球厅-11号,14:00-15:00,0,1,不开放/已过期,,多云,18,17,3,0.0,85,48
2026-05-21 00:30:49,2026-05-21,2,乒乓球厅-11号,15:00-16:00,0,1,可预约,￥5.0,多云,15,13,3,0.0,100,26
2026-05-21 01:00:55,2026-05-21,2,乒乓球厅-11号,15:00-16:00,0,1,可预约,￥5.0,多云,15,12,4,0.0,100,26
2026-05-21 01:30:47,2026-05-21,2,乒乓球厅-11号,15:00-16:00,0,1,可预约,￥5.0,多云,15,13,4,0.0,100,28
2026-05-21 02:00:53,2026-05-21,2,乒乓球厅-11号,15:00-16:00,0,1,可预约,￥5.0,多云,15,12,4,0.0,100,28
2026-05-21 02:30:49,2026-05-21,2,乒乓球厅-11号,15:00-16:00,0,1,可预约,￥5.0,多云,15,14,3,0.0,100,29
2026-05-21 03:00:55,2026-05-21,2,乒乓球厅-11号,15:00-16:00,0,1,可预约,￥5.0,多云,15,12,4,0.0,100,29
2026-05-21 03:30:49,2026-05-21,2,乒乓球厅-11号,15:00-16:00,0,1,可预约,￥5.0,多云,15,14,3,0.0,100,30
2026-05-21 04:30:45,2026-05-21,2,乒乓球厅-11号,15:00-16:00,0,1,可预约,￥5.0,多云,15,12,4,0.0,100,29
2026-05-21 05:00:52,2026-05-21,2,乒乓球厅-11号,15:00-16:00,0,1,可预约,￥5.0,多云,15,12,4,0.0,100,29
2026-05-21 05:30:49,2026-05-21,2,乒乓球厅-11号,15:00-16:00,0,1,可预约,￥5.0,多云,15,13,3,0.0,100,28
2026-05-21 06:00:50,2026-05-21,2,乒乓球厅-11号,15:00-16:00,0,1,可预约,￥5.0,多云,15,13,4,0.0,99,28
2026-05-21 06:30:38,2026-05-21,2,乒乓球厅-11号,15:00-16:00,0,1,可预约,￥5.0,多云,15,13,3,0.0,97,28
2026-05-21 07:00:43,2026-05-21,2,乒乓球厅-11号,15:00-16:00,0,1,可预约,￥5.0,晴,15,11,5,0.0,93,28
2026-05-21 07:30:39,2026-05-21,2,乒乓球厅-11号,15:00-16:00,0,1,可预约,￥5.0,晴,17,13,4,0.0,89,29
2026-05-21 07:50:40,2026-05-21,2,乒乓球厅-11号,15:00-16:00,0,1,可预约,￥5.0,晴,17,13,4,0.0,88,29
2026-05-21 07:53:31,2026-05-21,2,乒乓球厅-11号,15:00-16:00,0,1,可预约,￥5.0,晴,17,12,5,0.0,86,29
2026-05-21 07:56:31,2026-05-21,2,乒乓球厅-11号,15:00-16:00,0,1,可预约,￥5.0,晴,17,12,5,0.0,86,29
2026-05-21 07:59:26,2026-05-21,2,乒乓球厅-11号,15:00-16:00,0,1,可预约,￥5.0,晴,17,12,5,0.0,86,29
2026-05-21 08:00:45,2026-05-21,2,乒乓球厅-11号,15:00-16:00,0,1,可预约,￥5.0,晴,17,12,5,0.0,86,29
2026-05-21 08:02:30,2026-05-21,2,乒乓球厅-11号,15:00-16:00,0,1,可预约,￥5.0,多云,17,12,5,0.0,87,29
2026-05-21 08:05:36,2026-05-21,2,乒乓球厅-11号,15:00-16:00,0,1,可预约,￥5.0,多云,17,12,5,0.0,86,29
2026-05-21 08:08:31,2026-05-21,2,乒乓球厅-11号,15:00-16:00,0,1,可预约,￥5.0,多云,17,12,5,0.0,86,29
2026-05-21 08:11:30,2026-05-21,2,乒乓球厅-11号,15:00-16:00,0,1,可预约,￥5.0,多云,17,12,5,0.0,86,29
2026-05-21 08:14:31,2026-05-21,2,乒乓球厅-11号,15:00-16:00,0,1,可预约,￥5.0,多云,17,12,5,0.0,86,29
2026-05-21 08:17:30,2026-05-21,2,乒乓球厅-11号,15:00-16:00,0,1,可预约,￥5.0,多云,17,12,5,0.0,86,29
2026-05-21 08:20:35,2026-05-21,2,乒乓球厅-11号,15:00-16:00,0,1,可预约,￥5.0,多云,17,14,4,0.0,85,29
2026-05-21 08:25:32,2026-05-21,2,乒乓球厅-11号,15:00-16:00,0,1,可预约,￥5.0,多云,17,14,4,0.0,85,28
2026-05-21 08:30:42,2026-05-21,2,乒乓球厅-11号,15:00-16:00,0,1,可预约,￥5.0,多云,18,15,4,0.0,84,28
2026-05-21 08:35:31,2026-05-21,2,乒乓球厅-11号,15:00-16:00,0,1,可预约,￥5.0,多云,18,15,4,0.0,84,28
2026-05-21 08:40:38,2026-05-21,2,乒乓球厅-11号,15:00-16:00,0,1,可预约,￥5.0,多云,18,15,4,0.0,82,28
2026-05-21 08:45:33,2026-05-21,2,乒乓球厅-11号,15:00-16:00,0,1,可预约,￥5.0,多云,18,15,4,0.0,82,28
2026-05-21 08:50:36,2026-05-21,2,乒乓球厅-11号,15:00-16:00,0,1,可预约,￥5.0,多云,18,15,4,0.0,82,28
2026-05-21 08:55:34,2026-05-21,2,乒乓球厅-11号,15:00-16:00,0,1,可预约,￥5.0,多云,18,15,4,0.0,84,28
2026-05-21 09:00:51,2026-05-21,2,乒乓球厅-11号,15:00-16:00,0,1,可预约,￥5.0,多云,18,15,4,0.0,84,28
2026-05-21 09:01:59,2026-05-21,2,乒乓球厅-11号,15:00-16:00,0,1,可预约,￥5.0,多云,18,15,4,0.0,83,28
2026-05-21 09:05:33,2026-05-21,2,乒乓球厅-11号,15:00-16:00,0,1,可预约,￥5.0,多云,18,15,4,0.0,83,28
2026-05-21 09:20:38,2026-05-21,2,乒乓球厅-11号,15:00-16:00,0,1,可预约,￥5.0,多云,18,16,3,0.0,81,28
2026-05-21 09:30:46,2026-05-21,2,乒乓球厅-11号,15:00-16:00,0,1,可预约,￥5.0,多云,18,16,3,0.0,81,32
2026-05-21 09:40:36,2026-05-21,2,乒乓球厅-11号,15:00-16:00,0,1,可预约,￥5.0,多云,19,17,3,0.0,79,32
2026-05-21 09:50:42,2026-05-21,2,乒乓球厅-11号,15:00-16:00,0,1,可预约,￥5.0,多云,19,17,4,0.0,81,32
2026-05-21 10:00:46,2026-05-21,2,乒乓球厅-11号,15:00-16:00,0,1,可预约,￥5.0,多云,19,17,4,0.0,79,32
2026-05-21 10:10:40,2026-05-21,2,乒乓球厅-11号,15:00-16:00,0,1,可预约,￥5.0,多云,19,17,4,0.0,79,32
2026-05-21 10:20:38,2026-05-21,2,乒乓球厅-11号,15:00-16:00,0,1,可预约,￥5.0,多云,19,17,4,0.0,79,32
2026-05-21 10:30:41,2026-05-21,2,乒乓球厅-11号,15:00-16:00,0,1,可预约,￥5.0,多云,19,18,3,0.0,78,31
2026-05-21 11:00:44,2026-05-21,2,乒乓球厅-11号,15:00-16:00,0,1,可预约,￥5.0,多云,21,17,5,0.0,74,31
2026-05-21 11:30:38,2026-05-21,2,乒乓球厅-11号,15:00-16:00,0,1,可预约,￥5.0,多云,21,19,3,0.0,72,33
2026-05-21 12:00:46,2026-05-21,2,乒乓球厅-11号,15:00-16:00,0,1,可预约,￥5.0,多云,22,19,4,0.0,70,33
2026-05-21 12:30:42,2026-05-21,2,乒乓球厅-11号,15:00-16:00,0,1,可预约,￥5.0,多云,22,21,3,0.0,68,35
2026-05-21 13:00:43,2026-05-21,2,乒乓球厅-11号,15:00-16:00,0,1,可预约,￥5.0,多云,24,22,4,0.0,66,35
2026-05-21 13:30:43,2026-05-21,2,乒乓球厅-11号,15:00-16:00,0,1,可预约,￥5.0,多云,24,22,4,0.0,66,36
2026-05-21 14:00:48,2026-05-21,2,乒乓球厅-11号,15:00-16:00,0,1,可预约,￥5.0,多云,25,23,4,0.0,66,36
2026-05-21 14:30:45,2026-05-21,2,乒乓球厅-11号,15:00-16:00,0,1,可预约,￥5.0,晴,25,25,3,0.0,65,39
2026-05-21 15:00:45,2026-05-21,2,乒乓球厅-11号,15:00-16:00,0,1,可预约,￥5.0,晴,25,22,4,0.0,56,39
2026-05-21 15:30:43,2026-05-21,2,乒乓球厅-11号,15:00-16:00,0,1,可预约,￥5.0,晴,25,23,4,0.0,57,40
2026-05-21 16:00:51,2026-05-21,2,乒乓球厅-11号,15:00-16:00,0,1,不开放/已过期,,晴,25,23,4,0.0,57,40
2026-05-21 16:30:48,2026-05-21,2,乒乓球厅-11号,15:00-16:00,0,1,不开放/已过期,,晴,25,24,3,0.0,60,39
2026-05-21 17:00:49,2026-05-21,2,乒乓球厅-11号,15:00-16:00,0,1,不开放/已过期,,晴,25,24,4,0.0,61,39
2026-05-21 17:30:47,2026-05-21,2,乒乓球厅-11号,15:00-16:00,0,1,不开放/已过期,,多云,24,23,3,0.0,64,39
2026-05-21 18:00:50,2026-05-21,2,乒乓球厅-11号,15:00-16:00,0,1,不开放/已过期,,多云,24,23,3,0.0,68,39
2026-05-21 18:30:50,2026-05-21,2,乒乓球厅-11号,15:00-16:00,0,1,不开放/已过期,,阴,24,25,2,0.0,68,40
2026-05-21 19:00:50,2026-05-21,2,乒乓球厅-11号,15:00-16:00,0,1,不开放/已过期,,阴,23,23,3,0.0,76,40
2026-05-21 19:30:46,2026-05-21,2,乒乓球厅-11号,15:00-16:00,0,1,不开放/已过期,,阴,23,24,2,0.0,77,39
2026-05-21 20:00:49,2026-05-21,2,乒乓球厅-11号,15:00-16:00,0,1,不开放/已过期,,雾,22,23,2,0.0,89,39
2026-05-21 20:30:44,2026-05-21,2,乒乓球厅-11号,15:00-16:00,0,1,不开放/已过期,,雾,22,24,2,0.0,93,43
2026-05-21 21:00:56,2026-05-21,2,乒乓球厅-11号,15:00-16:00,0,1,不开放/已过期,,雾,20,21,2,0.0,98,43
2026-05-21 21:30:46,2026-05-21,2,乒乓球厅-11号,15:00-16:00,0,1,不开放/已过期,,雾,20,22,1,0.0,99,41
2026-05-21 22:01:02,2026-05-21,2,乒乓球厅-11号,15:00-16:00,0,1,不开放/已过期,,雾,19,20,2,0.0,93,41
2026-05-21 22:30:47,2026-05-21,2,乒乓球厅-11号,15:00-16:00,0,1,不开放/已过期,,雾,19,19,3,0.0,88,46
2026-05-21 23:00:56,2026-05-21,2,乒乓球厅-11号,15:00-16:00,0,1,不开放/已过期,,多云,18,17,3,0.0,85,46
2026-05-21 23:30:55,2026-05-21,2,乒乓球厅-11号,15:00-16:00,0,1,不开放/已过期,,多云,18,17,3,0.0,85,48
2026-05-21 00:30:49,2026-05-21,2,乒乓球厅-11号,16:00-17:00,0,1,可预约,￥5.0,多云,15,13,3,0.0,100,26
2026-05-21 01:00:55,2026-05-21,2,乒乓球厅-11号,16:00-17:00,0,1,可预约,￥5.0,多云,15,12,4,0.0,100,26
2026-05-21 01:30:47,2026-05-21,2,乒乓球厅-11号,16:00-17:00,0,1,可预约,￥5.0,多云,15,13,4,0.0,100,28
2026-05-21 02:00:53,2026-05-21,2,乒乓球厅-11号,16:00-17:00,0,1,可预约,￥5.0,多云,15,12,4,0.0,100,28
2026-05-21 02:30:49,2026-05-21,2,乒乓球厅-11号,16:00-17:00,0,1,可预约,￥5.0,多云,15,14,3,0.0,100,29
2026-05-21 03:00:55,2026-05-21,2,乒乓球厅-11号,16:00-17:00,0,1,可预约,￥5.0,多云,15,12,4,0.0,100,29
2026-05-21 03:30:49,2026-05-21,2,乒乓球厅-11号,16:00-17:00,0,1,可预约,￥5.0,多云,15,14,3,0.0,100,30
2026-05-21 04:30:45,2026-05-21,2,乒乓球厅-11号,16:00-17:00,0,1,可预约,￥5.0,多云,15,12,4,0.0,100,29
2026-05-21 05:00:52,2026-05-21,2,乒乓球厅-11号,16:00-17:00,0,1,可预约,￥5.0,多云,15,12,4,0.0,100,29
2026-05-21 05:30:49,2026-05-21,2,乒乓球厅-11号,16:00-17:00,0,1,可预约,￥5.0,多云,15,13,3,0.0,100,28
2026-05-21 06:00:50,2026-05-21,2,乒乓球厅-11号,16:00-17:00,0,1,可预约,￥5.0,多云,15,13,4,0.0,99,28
2026-05-21 06:30:38,2026-05-21,2,乒乓球厅-11号,16:00-17:00,0,1,可预约,￥5.0,多云,15,13,3,0.0,97,28
2026-05-21 07:00:43,2026-05-21,2,乒乓球厅-11号,16:00-17:00,0,1,可预约,￥5.0,晴,15,11,5,0.0,93,28
2026-05-21 07:30:39,2026-05-21,2,乒乓球厅-11号,16:00-17:00,0,1,可预约,￥5.0,晴,17,13,4,0.0,89,29
2026-05-21 07:50:40,2026-05-21,2,乒乓球厅-11号,16:00-17:00,0,1,可预约,￥5.0,晴,17,13,4,0.0,88,29
2026-05-21 07:53:31,2026-05-21,2,乒乓球厅-11号,16:00-17:00,0,1,可预约,￥5.0,晴,17,12,5,0.0,86,29
2026-05-21 07:56:31,2026-05-21,2,乒乓球厅-11号,16:00-17:00,0,1,可预约,￥5.0,晴,17,12,5,0.0,86,29
2026-05-21 07:59:26,2026-05-21,2,乒乓球厅-11号,16:00-17:00,0,1,可预约,￥5.0,晴,17,12,5,0.0,86,29
2026-05-21 08:00:45,2026-05-21,2,乒乓球厅-11号,16:00-17:00,0,1,可预约,￥5.0,晴,17,12,5,0.0,86,29
2026-05-21 08:02:30,2026-05-21,2,乒乓球厅-11号,16:00-17:00,0,1,可预约,￥5.0,多云,17,12,5,0.0,87,29
2026-05-21 08:05:36,2026-05-21,2,乒乓球厅-11号,16:00-17:00,0,1,可预约,￥5.0,多云,17,12,5,0.0,86,29
2026-05-21 08:08:31,2026-05-21,2,乒乓球厅-11号,16:00-17:00,0,1,可预约,￥5.0,多云,17,12,5,0.0,86,29
2026-05-21 08:11:30,2026-05-21,2,乒乓球厅-11号,16:00-17:00,0,1,可预约,￥5.0,多云,17,12,5,0.0,86,29
2026-05-21 08:14:31,2026-05-21,2,乒乓球厅-11号,16:00-17:00,0,1,可预约,￥5.0,多云,17,12,5,0.0,86,29
2026-05-21 08:17:30,2026-05-21,2,乒乓球厅-11号,16:00-17:00,0,1,可预约,￥5.0,多云,17,12,5,0.0,86,29
2026-05-21 08:20:35,2026-05-21,2,乒乓球厅-11号,16:00-17:00,0,1,可预约,￥5.0,多云,17,14,4,0.0,85,29
2026-05-21 08:25:32,2026-05-21,2,乒乓球厅-11号,16:00-17:00,0,1,可预约,￥5.0,多云,17,14,4,0.0,85,28
2026-05-21 08:30:42,2026-05-21,2,乒乓球厅-11号,16:00-17:00,0,1,可预约,￥5.0,多云,18,15,4,0.0,84,28
2026-05-21 08:35:31,2026-05-21,2,乒乓球厅-11号,16:00-17:00,0,1,可预约,￥5.0,多云,18,15,4,0.0,84,28
2026-05-21 08:40:38,2026-05-21,2,乒乓球厅-11号,16:00-17:00,0,1,可预约,￥5.0,多云,18,15,4,0.0,82,28
2026-05-21 08:45:33,2026-05-21,2,乒乓球厅-11号,16:00-17:00,0,1,可预约,￥5.0,多云,18,15,4,0.0,82,28
2026-05-21 08:50:36,2026-05-21,2,乒乓球厅-11号,16:00-17:00,0,1,可预约,￥5.0,多云,18,15,4,0.0,82,28
2026-05-21 08:55:34,2026-05-21,2,乒乓球厅-11号,16:00-17:00,0,1,可预约,￥5.0,多云,18,15,4,0.0,84,28
2026-05-21 09:00:51,2026-05-21,2,乒乓球厅-11号,16:00-17:00,0,1,可预约,￥5.0,多云,18,15,4,0.0,84,28
2026-05-21 09:01:59,2026-05-21,2,乒乓球厅-11号,16:00-17:00,0,1,可预约,￥5.0,多云,18,15,4,0.0,83,28
2026-05-21 09:05:33,2026-05-21,2,乒乓球厅-11号,16:00-17:00,0,1,可预约,￥5.0,多云,18,15,4,0.0,83,28
2026-05-21 09:20:38,2026-05-21,2,乒乓球厅-11号,16:00-17:00,0,1,可预约,￥5.0,多云,18,16,3,0.0,81,28
2026-05-21 09:30:46,2026-05-21,2,乒乓球厅-11号,16:00-17:00,0,1,可预约,￥5.0,多云,18,16,3,0.0,81,32
2026-05-21 09:40:36,2026-05-21,2,乒乓球厅-11号,16:00-17:00,0,1,可预约,￥5.0,多云,19,17,3,0.0,79,32
2026-05-21 09:50:42,2026-05-21,2,乒乓球厅-11号,16:00-17:00,0,1,可预约,￥5.0,多云,19,17,4,0.0,81,32
2026-05-21 10:00:46,2026-05-21,2,乒乓球厅-11号,16:00-17:00,0,1,可预约,￥5.0,多云,19,17,4,0.0,79,32
2026-05-21 10:10:40,2026-05-21,2,乒乓球厅-11号,16:00-17:00,0,1,可预约,￥5.0,多云,19,17,4,0.0,79,32
2026-05-21 10:20:38,2026-05-21,2,乒乓球厅-11号,16:00-17:00,0,1,可预约,￥5.0,多云,19,17,4,0.0,79,32
2026-05-21 10:30:41,2026-05-21,2,乒乓球厅-11号,16:00-17:00,0,1,可预约,￥5.0,多云,19,18,3,0.0,78,31
2026-05-21 11:00:44,2026-05-21,2,乒乓球厅-11号,16:00-17:00,0,1,可预约,￥5.0,多云,21,17,5,0.0,74,31
2026-05-21 11:30:38,2026-05-21,2,乒乓球厅-11号,16:00-17:00,0,1,可预约,￥5.0,多云,21,19,3,0.0,72,33
2026-05-21 12:00:46,2026-05-21,2,乒乓球厅-11号,16:00-17:00,0,1,可预约,￥5.0,多云,22,19,4,0.0,70,33
2026-05-21 12:30:42,2026-05-21,2,乒乓球厅-11号,16:00-17:00,0,1,可预约,￥5.0,多云,22,21,3,0.0,68,35
2026-05-21 13:00:43,2026-05-21,2,乒乓球厅-11号,16:00-17:00,0,1,可预约,￥5.0,多云,24,22,4,0.0,66,35
2026-05-21 13:30:43,2026-05-21,2,乒乓球厅-11号,16:00-17:00,0,1,可预约,￥5.0,多云,24,22,4,0.0,66,36
2026-05-21 14:00:48,2026-05-21,2,乒乓球厅-11号,16:00-17:00,0,1,可预约,￥5.0,多云,25,23,4,0.0,66,36
2026-05-21 14:30:45,2026-05-21,2,乒乓球厅-11号,16:00-17:00,0,1,可预约,￥5.0,晴,25,25,3,0.0,65,39
2026-05-21 15:00:45,2026-05-21,2,乒乓球厅-11号,16:00-17:00,0,1,可预约,￥5.0,晴,25,22,4,0.0,56,39
2026-05-21 15:30:43,2026-05-21,2,乒乓球厅-11号,16:00-17:00,0,1,可预约,￥5.0,晴,25,23,4,0.0,57,40
2026-05-21 16:00:51,2026-05-21,2,乒乓球厅-11号,16:00-17:00,0,1,可预约,￥5.0,晴,25,23,4,0.0,57,40
2026-05-21 16:30:48,2026-05-21,2,乒乓球厅-11号,16:00-17:00,0,1,可预约,￥5.0,晴,25,24,3,0.0,60,39
2026-05-21 17:00:49,2026-05-21,2,乒乓球厅-11号,16:00-17:00,0,1,不开放/已过期,,晴,25,24,4,0.0,61,39
2026-05-21 17:30:47,2026-05-21,2,乒乓球厅-11号,16:00-17:00,0,1,不开放/已过期,,多云,24,23,3,0.0,64,39
2026-05-21 18:00:50,2026-05-21,2,乒乓球厅-11号,16:00-17:00,0,1,不开放/已过期,,多云,24,23,3,0.0,68,39
2026-05-21 18:30:50,2026-05-21,2,乒乓球厅-11号,16:00-17:00,0,1,不开放/已过期,,阴,24,25,2,0.0,68,40
2026-05-21 19:00:50,2026-05-21,2,乒乓球厅-11号,16:00-17:00,0,1,不开放/已过期,,阴,23,23,3,0.0,76,40
2026-05-21 19:30:46,2026-05-21,2,乒乓球厅-11号,16:00-17:00,0,1,不开放/已过期,,阴,23,24,2,0.0,77,39
2026-05-21 20:00:49,2026-05-21,2,乒乓球厅-11号,16:00-17:00,0,1,不开放/已过期,,雾,22,23,2,0.0,89,39
2026-05-21 20:30:44,2026-05-21,2,乒乓球厅-11号,16:00-17:00,0,1,不开放/已过期,,雾,22,24,2,0.0,93,43
2026-05-21 21:00:56,2026-05-21,2,乒乓球厅-11号,16:00-17:00,0,1,不开放/已过期,,雾,20,21,2,0.0,98,43
2026-05-21 21:30:46,2026-05-21,2,乒乓球厅-11号,16:00-17:00,0,1,不开放/已过期,,雾,20,22,1,0.0,99,41
2026-05-21 22:01:02,2026-05-21,2,乒乓球厅-11号,16:00-17:00,0,1,不开放/已过期,,雾,19,20,2,0.0,93,41
2026-05-21 22:30:47,2026-05-21,2,乒乓球厅-11号,16:00-17:00,0,1,不开放/已过期,,雾,19,19,3,0.0,88,46
2026-05-21 23:00:56,2026-05-21,2,乒乓球厅-11号,16:00-17:00,0,1,不开放/已过期,,多云,18,17,3,0.0,85,46
2026-05-21 23:30:55,2026-05-21,2,乒乓球厅-11号,16:00-17:00,0,1,不开放/已过期,,多云,18,17,3,0.0,85,48
2026-05-21 00:30:49,2026-05-21,2,乒乓球厅-11号,17:00-18:00,0,1,可预约,￥5.0,多云,15,13,3,0.0,100,26
2026-05-21 01:00:55,2026-05-21,2,乒乓球厅-11号,17:00-18:00,0,1,可预约,￥5.0,多云,15,12,4,0.0,100,26
2026-05-21 01:30:47,2026-05-21,2,乒乓球厅-11号,17:00-18:00,0,1,可预约,￥5.0,多云,15,13,4,0.0,100,28
2026-05-21 02:00:53,2026-05-21,2,乒乓球厅-11号,17:00-18:00,0,1,可预约,￥5.0,多云,15,12,4,0.0,100,28
2026-05-21 02:30:49,2026-05-21,2,乒乓球厅-11号,17:00-18:00,0,1,可预约,￥5.0,多云,15,14,3,0.0,100,29
2026-05-21 03:00:55,2026-05-21,2,乒乓球厅-11号,17:00-18:00,0,1,可预约,￥5.0,多云,15,12,4,0.0,100,29
2026-05-21 03:30:49,2026-05-21,2,乒乓球厅-11号,17:00-18:00,0,1,可预约,￥5.0,多云,15,14,3,0.0,100,30
2026-05-21 04:30:45,2026-05-21,2,乒乓球厅-11号,17:00-18:00,0,1,可预约,￥5.0,多云,15,12,4,0.0,100,29
2026-05-21 05:00:52,2026-05-21,2,乒乓球厅-11号,17:00-18:00,0,1,可预约,￥5.0,多云,15,12,4,0.0,100,29
2026-05-21 05:30:49,2026-05-21,2,乒乓球厅-11号,17:00-18:00,0,1,可预约,￥5.0,多云,15,13,3,0.0,100,28
2026-05-21 06:00:50,2026-05-21,2,乒乓球厅-11号,17:00-18:00,0,1,可预约,￥5.0,多云,15,13,4,0.0,99,28
2026-05-21 06:30:38,2026-05-21,2,乒乓球厅-11号,17:00-18:00,0,1,可预约,￥5.0,多云,15,13,3,0.0,97,28
2026-05-21 07:00:43,2026-05-21,2,乒乓球厅-11号,17:00-18:00,0,1,可预约,￥5.0,晴,15,11,5,0.0,93,28
2026-05-21 07:30:39,2026-05-21,2,乒乓球厅-11号,17:00-18:00,0,1,可预约,￥5.0,晴,17,13,4,0.0,89,29
2026-05-21 07:50:40,2026-05-21,2,乒乓球厅-11号,17:00-18:00,0,1,可预约,￥5.0,晴,17,13,4,0.0,88,29
2026-05-21 07:53:31,2026-05-21,2,乒乓球厅-11号,17:00-18:00,0,1,可预约,￥5.0,晴,17,12,5,0.0,86,29
2026-05-21 07:56:31,2026-05-21,2,乒乓球厅-11号,17:00-18:00,0,1,可预约,￥5.0,晴,17,12,5,0.0,86,29
2026-05-21 07:59:26,2026-05-21,2,乒乓球厅-11号,17:00-18:00,0,1,可预约,￥5.0,晴,17,12,5,0.0,86,29
2026-05-21 08:00:45,2026-05-21,2,乒乓球厅-11号,17:00-18:00,0,1,可预约,￥5.0,晴,17,12,5,0.0,86,29
2026-05-21 08:02:30,2026-05-21,2,乒乓球厅-11号,17:00-18:00,0,1,可预约,￥5.0,多云,17,12,5,0.0,87,29
2026-05-21 08:05:36,2026-05-21,2,乒乓球厅-11号,17:00-18:00,0,1,可预约,￥5.0,多云,17,12,5,0.0,86,29
2026-05-21 08:08:31,2026-05-21,2,乒乓球厅-11号,17:00-18:00,0,1,可预约,￥5.0,多云,17,12,5,0.0,86,29
2026-05-21 08:11:30,2026-05-21,2,乒乓球厅-11号,17:00-18:00,0,1,可预约,￥5.0,多云,17,12,5,0.0,86,29
2026-05-21 08:14:31,2026-05-21,2,乒乓球厅-11号,17:00-18:00,0,1,可预约,￥5.0,多云,17,12,5,0.0,86,29
2026-05-21 08:17:30,2026-05-21,2,乒乓球厅-11号,17:00-18:00,0,1,可预约,￥5.0,多云,17,12,5,0.0,86,29
2026-05-21 08:20:35,2026-05-21,2,乒乓球厅-11号,17:00-18:00,0,1,可预约,￥5.0,多云,17,14,4,0.0,85,29
2026-05-21 08:25:32,2026-05-21,2,乒乓球厅-11号,17:00-18:00,0,1,可预约,￥5.0,多云,17,14,4,0.0,85,28
2026-05-21 08:30:42,2026-05-21,2,乒乓球厅-11号,17:00-18:00,0,1,可预约,￥5.0,多云,18,15,4,0.0,84,28
2026-05-21 08:35:31,2026-05-21,2,乒乓球厅-11号,17:00-18:00,0,1,可预约,￥5.0,多云,18,15,4,0.0,84,28
2026-05-21 08:40:38,2026-05-21,2,乒乓球厅-11号,17:00-18:00,0,1,可预约,￥5.0,多云,18,15,4,0.0,82,28
2026-05-21 08:45:33,2026-05-21,2,乒乓球厅-11号,17:00-18:00,0,1,可预约,￥5.0,多云,18,15,4,0.0,82,28
2026-05-21 08:50:36,2026-05-21,2,乒乓球厅-11号,17:00-18:00,0,1,可预约,￥5.0,多云,18,15,4,0.0,82,28
2026-05-21 08:55:34,2026-05-21,2,乒乓球厅-11号,17:00-18:00,0,1,可预约,￥5.0,多云,18,15,4,0.0,84,28
2026-05-21 09:00:51,2026-05-21,2,乒乓球厅-11号,17:00-18:00,0,1,可预约,￥5.0,多云,18,15,4,0.0,84,28
2026-05-21 09:01:59,2026-05-21,2,乒乓球厅-11号,17:00-18:00,0,1,可预约,￥5.0,多云,18,15,4,0.0,83,28
2026-05-21 09:05:33,2026-05-21,2,乒乓球厅-11号,17:00-18:00,0,1,可预约,￥5.0,多云,18,15,4,0.0,83,28
2026-05-21 09:20:38,2026-05-21,2,乒乓球厅-11号,17:00-18:00,0,1,可预约,￥5.0,多云,18,16,3,0.0,81,28
2026-05-21 09:30:46,2026-05-21,2,乒乓球厅-11号,17:00-18:00,0,1,可预约,￥5.0,多云,18,16,3,0.0,81,32
2026-05-21 09:40:36,2026-05-21,2,乒乓球厅-11号,17:00-18:00,0,1,可预约,￥5.0,多云,19,17,3,0.0,79,32
2026-05-21 09:50:42,2026-05-21,2,乒乓球厅-11号,17:00-18:00,0,1,可预约,￥5.0,多云,19,17,4,0.0,81,32
2026-05-21 10:00:46,2026-05-21,2,乒乓球厅-11号,17:00-18:00,0,1,可预约,￥5.0,多云,19,17,4,0.0,79,32
2026-05-21 10:10:40,2026-05-21,2,乒乓球厅-11号,17:00-18:00,0,1,可预约,￥5.0,多云,19,17,4,0.0,79,32
2026-05-21 10:20:38,2026-05-21,2,乒乓球厅-11号,17:00-18:00,0,1,可预约,￥5.0,多云,19,17,4,0.0,79,32
2026-05-21 10:30:41,2026-05-21,2,乒乓球厅-11号,17:00-18:00,0,1,可预约,￥5.0,多云,19,18,3,0.0,78,31
2026-05-21 11:00:44,2026-05-21,2,乒乓球厅-11号,17:00-18:00,0,1,可预约,￥5.0,多云,21,17,5,0.0,74,31
2026-05-21 11:30:38,2026-05-21,2,乒乓球厅-11号,17:00-18:00,0,1,可预约,￥5.0,多云,21,19,3,0.0,72,33
2026-05-21 12:00:46,2026-05-21,2,乒乓球厅-11号,17:00-18:00,0,1,可预约,￥5.0,多云,22,19,4,0.0,70,33
2026-05-21 12:30:42,2026-05-21,2,乒乓球厅-11号,17:00-18:00,0,1,可预约,￥5.0,多云,22,21,3,0.0,68,35
2026-05-21 13:00:43,2026-05-21,2,乒乓球厅-11号,17:00-18:00,0,1,可预约,￥5.0,多云,24,22,4,0.0,66,35
2026-05-21 13:30:43,2026-05-21,2,乒乓球厅-11号,17:00-18:00,0,1,可预约,￥5.0,多云,24,22,4,0.0,66,36
2026-05-21 14:00:48,2026-05-21,2,乒乓球厅-11号,17:00-18:00,0,1,可预约,￥5.0,多云,25,23,4,0.0,66,36
2026-05-21 14:30:45,2026-05-21,2,乒乓球厅-11号,17:00-18:00,0,1,可预约,￥5.0,晴,25,25,3,0.0,65,39
2026-05-21 15:00:45,2026-05-21,2,乒乓球厅-11号,17:00-18:00,0,1,可预约,￥5.0,晴,25,22,4,0.0,56,39
2026-05-21 15:30:43,2026-05-21,2,乒乓球厅-11号,17:00-18:00,0,1,可预约,￥5.0,晴,25,23,4,0.0,57,40
2026-05-21 16:00:51,2026-05-21,2,乒乓球厅-11号,17:00-18:00,0,1,可预约,￥5.0,晴,25,23,4,0.0,57,40
2026-05-21 16:30:48,2026-05-21,2,乒乓球厅-11号,17:00-18:00,0,1,可预约,￥5.0,晴,25,24,3,0.0,60,39
2026-05-21 17:00:49,2026-05-21,2,乒乓球厅-11号,17:00-18:00,0,1,可预约,￥5.0,晴,25,24,4,0.0,61,39
2026-05-21 17:30:47,2026-05-21,2,乒乓球厅-11号,17:00-18:00,0,1,可预约,￥5.0,多云,24,23,3,0.0,64,39
2026-05-21 18:00:50,2026-05-21,2,乒乓球厅-11号,17:00-18:00,0,1,不开放/已过期,,多云,24,23,3,0.0,68,39
2026-05-21 18:30:50,2026-05-21,2,乒乓球厅-11号,17:00-18:00,0,1,不开放/已过期,,阴,24,25,2,0.0,68,40
2026-05-21 19:00:50,2026-05-21,2,乒乓球厅-11号,17:00-18:00,0,1,不开放/已过期,,阴,23,23,3,0.0,76,40
2026-05-21 19:30:46,2026-05-21,2,乒乓球厅-11号,17:00-18:00,0,1,不开放/已过期,,阴,23,24,2,0.0,77,39
2026-05-21 20:00:49,2026-05-21,2,乒乓球厅-11号,17:00-18:00,0,1,不开放/已过期,,雾,22,23,2,0.0,89,39
2026-05-21 20:30:44,2026-05-21,2,乒乓球厅-11号,17:00-18:00,0,1,不开放/已过期,,雾,22,24,2,0.0,93,43
2026-05-21 21:00:56,2026-05-21,2,乒乓球厅-11号,17:00-18:00,0,1,不开放/已过期,,雾,20,21,2,0.0,98,43
2026-05-21 21:30:46,2026-05-21,2,乒乓球厅-11号,17:00-18:00,0,1,不开放/已过期,,雾,20,22,1,0.0,99,41
2026-05-21 22:01:02,2026-05-21,2,乒乓球厅-11号,17:00-18:00,0,1,不开放/已过期,,雾,19,20,2,0.0,93,41
2026-05-21 22:30:47,2026-05-21,2,乒乓球厅-11号,17:00-18:00,0,1,不开放/已过期,,雾,19,19,3,0.0,88,46
2026-05-21 23:00:56,2026-05-21,2,乒乓球厅-11号,17:00-18:00,0,1,不开放/已过期,,多云,18,17,3,0.0,85,46
2026-05-21 23:30:55,2026-05-21,2,乒乓球厅-11号,17:00-18:00,0,1,不开放/已过期,,多云,18,17,3,0.0,85,48
2026-05-21 00:30:49,2026-05-21,2,乒乓球厅-11号,18:30-19:30,0,1,可预约,￥5.0,多云,15,13,3,0.0,100,26
2026-05-21 01:00:55,2026-05-21,2,乒乓球厅-11号,18:30-19:30,0,1,可预约,￥5.0,多云,15,12,4,0.0,100,26
2026-05-21 01:30:47,2026-05-21,2,乒乓球厅-11号,18:30-19:30,0,1,可预约,￥5.0,多云,15,13,4,0.0,100,28
2026-05-21 02:00:53,2026-05-21,2,乒乓球厅-11号,18:30-19:30,0,1,可预约,￥5.0,多云,15,12,4,0.0,100,28
2026-05-21 02:30:49,2026-05-21,2,乒乓球厅-11号,18:30-19:30,0,1,可预约,￥5.0,多云,15,14,3,0.0,100,29
2026-05-21 03:00:55,2026-05-21,2,乒乓球厅-11号,18:30-19:30,0,1,可预约,￥5.0,多云,15,12,4,0.0,100,29
2026-05-21 03:30:49,2026-05-21,2,乒乓球厅-11号,18:30-19:30,0,1,可预约,￥5.0,多云,15,14,3,0.0,100,30
2026-05-21 04:30:45,2026-05-21,2,乒乓球厅-11号,18:30-19:30,0,1,可预约,￥5.0,多云,15,12,4,0.0,100,29
2026-05-21 05:00:52,2026-05-21,2,乒乓球厅-11号,18:30-19:30,0,1,可预约,￥5.0,多云,15,12,4,0.0,100,29
2026-05-21 05:30:49,2026-05-21,2,乒乓球厅-11号,18:30-19:30,0,1,可预约,￥5.0,多云,15,13,3,0.0,100,28
2026-05-21 06:00:50,2026-05-21,2,乒乓球厅-11号,18:30-19:30,0,1,可预约,￥5.0,多云,15,13,4,0.0,99,28
2026-05-21 06:30:38,2026-05-21,2,乒乓球厅-11号,18:30-19:30,0,1,可预约,￥5.0,多云,15,13,3,0.0,97,28
2026-05-21 07:00:43,2026-05-21,2,乒乓球厅-11号,18:30-19:30,0,1,可预约,￥5.0,晴,15,11,5,0.0,93,28
2026-05-21 07:30:39,2026-05-21,2,乒乓球厅-11号,18:30-19:30,0,1,可预约,￥5.0,晴,17,13,4,0.0,89,29
2026-05-21 07:50:40,2026-05-21,2,乒乓球厅-11号,18:30-19:30,0,1,可预约,￥5.0,晴,17,13,4,0.0,88,29
2026-05-21 07:53:31,2026-05-21,2,乒乓球厅-11号,18:30-19:30,0,1,可预约,￥5.0,晴,17,12,5,0.0,86,29
2026-05-21 07:56:31,2026-05-21,2,乒乓球厅-11号,18:30-19:30,0,1,可预约,￥5.0,晴,17,12,5,0.0,86,29
2026-05-21 07:59:26,2026-05-21,2,乒乓球厅-11号,18:30-19:30,0,1,可预约,￥5.0,晴,17,12,5,0.0,86,29
2026-05-21 08:00:45,2026-05-21,2,乒乓球厅-11号,18:30-19:30,0,1,可预约,￥5.0,晴,17,12,5,0.0,86,29
2026-05-21 08:02:30,2026-05-21,2,乒乓球厅-11号,18:30-19:30,0,1,可预约,￥5.0,多云,17,12,5,0.0,87,29
2026-05-21 08:05:36,2026-05-21,2,乒乓球厅-11号,18:30-19:30,0,1,可预约,￥5.0,多云,17,12,5,0.0,86,29
2026-05-21 08:08:31,2026-05-21,2,乒乓球厅-11号,18:30-19:30,0,1,可预约,￥5.0,多云,17,12,5,0.0,86,29
2026-05-21 08:11:30,2026-05-21,2,乒乓球厅-11号,18:30-19:30,0,1,可预约,￥5.0,多云,17,12,5,0.0,86,29
2026-05-21 08:14:31,2026-05-21,2,乒乓球厅-11号,18:30-19:30,0,1,可预约,￥5.0,多云,17,12,5,0.0,86,29
2026-05-21 08:17:30,2026-05-21,2,乒乓球厅-11号,18:30-19:30,0,1,可预约,￥5.0,多云,17,12,5,0.0,86,29
2026-05-21 08:20:35,2026-05-21,2,乒乓球厅-11号,18:30-19:30,0,1,可预约,￥5.0,多云,17,14,4,0.0,85,29
2026-05-21 08:25:32,2026-05-21,2,乒乓球厅-11号,18:30-19:30,0,1,可预约,￥5.0,多云,17,14,4,0.0,85,28
2026-05-21 08:30:42,2026-05-21,2,乒乓球厅-11号,18:30-19:30,0,1,可预约,￥5.0,多云,18,15,4,0.0,84,28
2026-05-21 08:35:31,2026-05-21,2,乒乓球厅-11号,18:30-19:30,0,1,可预约,￥5.0,多云,18,15,4,0.0,84,28
2026-05-21 08:40:38,2026-05-21,2,乒乓球厅-11号,18:30-19:30,0,1,可预约,￥5.0,多云,18,15,4,0.0,82,28
2026-05-21 08:45:33,2026-05-21,2,乒乓球厅-11号,18:30-19:30,0,1,可预约,￥5.0,多云,18,15,4,0.0,82,28
2026-05-21 08:50:36,2026-05-21,2,乒乓球厅-11号,18:30-19:30,0,1,可预约,￥5.0,多云,18,15,4,0.0,82,28
2026-05-21 08:55:34,2026-05-21,2,乒乓球厅-11号,18:30-19:30,0,1,可预约,￥5.0,多云,18,15,4,0.0,84,28
2026-05-21 09:00:51,2026-05-21,2,乒乓球厅-11号,18:30-19:30,0,1,可预约,￥5.0,多云,18,15,4,0.0,84,28
2026-05-21 09:01:59,2026-05-21,2,乒乓球厅-11号,18:30-19:30,0,1,可预约,￥5.0,多云,18,15,4,0.0,83,28
2026-05-21 09:05:33,2026-05-21,2,乒乓球厅-11号,18:30-19:30,0,1,可预约,￥5.0,多云,18,15,4,0.0,83,28
2026-05-21 09:20:38,2026-05-21,2,乒乓球厅-11号,18:30-19:30,0,1,可预约,￥5.0,多云,18,16,3,0.0,81,28
2026-05-21 09:30:46,2026-05-21,2,乒乓球厅-11号,18:30-19:30,0,1,可预约,￥5.0,多云,18,16,3,0.0,81,32
2026-05-21 09:40:36,2026-05-21,2,乒乓球厅-11号,18:30-19:30,0,1,可预约,￥5.0,多云,19,17,3,0.0,79,32
2026-05-21 09:50:42,2026-05-21,2,乒乓球厅-11号,18:30-19:30,0,1,可预约,￥5.0,多云,19,17,4,0.0,81,32
2026-05-21 10:00:46,2026-05-21,2,乒乓球厅-11号,18:30-19:30,0,1,可预约,￥5.0,多云,19,17,4,0.0,79,32
2026-05-21 10:10:40,2026-05-21,2,乒乓球厅-11号,18:30-19:30,0,1,可预约,￥5.0,多云,19,17,4,0.0,79,32
2026-05-21 10:20:38,2026-05-21,2,乒乓球厅-11号,18:30-19:30,0,1,可预约,￥5.0,多云,19,17,4,0.0,79,32
2026-05-21 10:30:41,2026-05-21,2,乒乓球厅-11号,18:30-19:30,0,1,可预约,￥5.0,多云,19,18,3,0.0,78,31
2026-05-21 11:00:44,2026-05-21,2,乒乓球厅-11号,18:30-19:30,0,1,可预约,￥5.0,多云,21,17,5,0.0,74,31
2026-05-21 11:30:38,2026-05-21,2,乒乓球厅-11号,18:30-19:30,0,1,可预约,￥5.0,多云,21,19,3,0.0,72,33
2026-05-21 12:00:46,2026-05-21,2,乒乓球厅-11号,18:30-19:30,0,1,可预约,￥5.0,多云,22,19,4,0.0,70,33
2026-05-21 12:30:42,2026-05-21,2,乒乓球厅-11号,18:30-19:30,0,1,可预约,￥5.0,多云,22,21,3,0.0,68,35
2026-05-21 13:00:43,2026-05-21,2,乒乓球厅-11号,18:30-19:30,0,1,可预约,￥5.0,多云,24,22,4,0.0,66,35
2026-05-21 13:30:43,2026-05-21,2,乒乓球厅-11号,18:30-19:30,0,1,可预约,￥5.0,多云,24,22,4,0.0,66,36
2026-05-21 14:00:48,2026-05-21,2,乒乓球厅-11号,18:30-19:30,0,1,可预约,￥5.0,多云,25,23,4,0.0,66,36
2026-05-21 14:30:45,2026-05-21,2,乒乓球厅-11号,18:30-19:30,0,1,可预约,￥5.0,晴,25,25,3,0.0,65,39
2026-05-21 15:00:45,2026-05-21,2,乒乓球厅-11号,18:30-19:30,0,1,可预约,￥5.0,晴,25,22,4,0.0,56,39
2026-05-21 15:30:43,2026-05-21,2,乒乓球厅-11号,18:30-19:30,0,1,可预约,￥5.0,晴,25,23,4,0.0,57,40
2026-05-21 16:00:51,2026-05-21,2,乒乓球厅-11号,18:30-19:30,0,1,可预约,￥5.0,晴,25,23,4,0.0,57,40
2026-05-21 16:30:48,2026-05-21,2,乒乓球厅-11号,18:30-19:30,0,1,可预约,￥5.0,晴,25,24,3,0.0,60,39
2026-05-21 17:00:49,2026-05-21,2,乒乓球厅-11号,18:30-19:30,0,1,可预约,￥5.0,晴,25,24,4,0.0,61,39
2026-05-21 17:30:47,2026-05-21,2,乒乓球厅-11号,18:30-19:30,0,1,可预约,￥5.0,多云,24,23,3,0.0,64,39
2026-05-21 18:00:50,2026-05-21,2,乒乓球厅-11号,18:30-19:30,0,1,可预约,￥5.0,多云,24,23,3,0.0,68,39
2026-05-21 18:30:50,2026-05-21,2,乒乓球厅-11号,18:30-19:30,0,1,可预约,￥5.0,阴,24,25,2,0.0,68,40
2026-05-21 19:00:50,2026-05-21,2,乒乓球厅-11号,18:30-19:30,0,1,可预约,￥5.0,阴,23,23,3,0.0,76,40
2026-05-21 19:30:46,2026-05-21,2,乒乓球厅-11号,18:30-19:30,0,1,不开放/已过期,,阴,23,24,2,0.0,77,39
2026-05-21 20:00:49,2026-05-21,2,乒乓球厅-11号,18:30-19:30,0,1,不开放/已过期,,雾,22,23,2,0.0,89,39
2026-05-21 20:30:44,2026-05-21,2,乒乓球厅-11号,18:30-19:30,0,1,不开放/已过期,,雾,22,24,2,0.0,93,43
2026-05-21 21:00:56,2026-05-21,2,乒乓球厅-11号,18:30-19:30,0,1,不开放/已过期,,雾,20,21,2,0.0,98,43
2026-05-21 21:30:46,2026-05-21,2,乒乓球厅-11号,18:30-19:30,0,1,不开放/已过期,,雾,20,22,1,0.0,99,41
2026-05-21 22:01:02,2026-05-21,2,乒乓球厅-11号,18:30-19:30,0,1,不开放/已过期,,雾,19,20,2,0.0,93,41
2026-05-21 22:30:47,2026-05-21,2,乒乓球厅-11号,18:30-19:30,0,1,不开放/已过期,,雾,19,19,3,0.0,88,46
2026-05-21 23:00:56,2026-05-21,2,乒乓球厅-11号,18:30-19:30,0,1,不开放/已过期,,多云,18,17,3,0.0,85,46
2026-05-21 23:30:55,2026-05-21,2,乒乓球厅-11号,18:30-19:30,0,1,不开放/已过期,,多云,18,17,3,0.0,85,48
2026-05-21 00:30:49,2026-05-21,2,乒乓球厅-11号,19:30-20:30,0,1,可预约,￥5.0,多云,15,13,3,0.0,100,26
2026-05-21 01:00:55,2026-05-21,2,乒乓球厅-11号,19:30-20:30,0,1,可预约,￥5.0,多云,15,12,4,0.0,100,26
2026-05-21 01:30:47,2026-05-21,2,乒乓球厅-11号,19:30-20:30,0,1,可预约,￥5.0,多云,15,13,4,0.0,100,28
2026-05-21 02:00:53,2026-05-21,2,乒乓球厅-11号,19:30-20:30,0,1,可预约,￥5.0,多云,15,12,4,0.0,100,28
2026-05-21 02:30:49,2026-05-21,2,乒乓球厅-11号,19:30-20:30,0,1,可预约,￥5.0,多云,15,14,3,0.0,100,29
2026-05-21 03:00:55,2026-05-21,2,乒乓球厅-11号,19:30-20:30,0,1,可预约,￥5.0,多云,15,12,4,0.0,100,29
2026-05-21 03:30:49,2026-05-21,2,乒乓球厅-11号,19:30-20:30,0,1,可预约,￥5.0,多云,15,14,3,0.0,100,30
2026-05-21 04:30:45,2026-05-21,2,乒乓球厅-11号,19:30-20:30,0,1,可预约,￥5.0,多云,15,12,4,0.0,100,29
2026-05-21 05:00:52,2026-05-21,2,乒乓球厅-11号,19:30-20:30,0,1,可预约,￥5.0,多云,15,12,4,0.0,100,29
2026-05-21 05:30:49,2026-05-21,2,乒乓球厅-11号,19:30-20:30,0,1,可预约,￥5.0,多云,15,13,3,0.0,100,28
2026-05-21 06:00:50,2026-05-21,2,乒乓球厅-11号,19:30-20:30,0,1,可预约,￥5.0,多云,15,13,4,0.0,99,28
2026-05-21 06:30:38,2026-05-21,2,乒乓球厅-11号,19:30-20:30,0,1,可预约,￥5.0,多云,15,13,3,0.0,97,28
2026-05-21 07:00:43,2026-05-21,2,乒乓球厅-11号,19:30-20:30,0,1,可预约,￥5.0,晴,15,11,5,0.0,93,28
2026-05-21 07:30:39,2026-05-21,2,乒乓球厅-11号,19:30-20:30,0,1,可预约,￥5.0,晴,17,13,4,0.0,89,29
2026-05-21 07:50:40,2026-05-21,2,乒乓球厅-11号,19:30-20:30,0,1,可预约,￥5.0,晴,17,13,4,0.0,88,29
2026-05-21 07:53:31,2026-05-21,2,乒乓球厅-11号,19:30-20:30,0,1,可预约,￥5.0,晴,17,12,5,0.0,86,29
2026-05-21 07:56:31,2026-05-21,2,乒乓球厅-11号,19:30-20:30,0,1,可预约,￥5.0,晴,17,12,5,0.0,86,29
2026-05-21 07:59:26,2026-05-21,2,乒乓球厅-11号,19:30-20:30,0,1,可预约,￥5.0,晴,17,12,5,0.0,86,29
2026-05-21 08:00:45,2026-05-21,2,乒乓球厅-11号,19:30-20:30,0,1,可预约,￥5.0,晴,17,12,5,0.0,86,29
2026-05-21 08:02:30,2026-05-21,2,乒乓球厅-11号,19:30-20:30,0,1,可预约,￥5.0,多云,17,12,5,0.0,87,29
2026-05-21 08:05:36,2026-05-21,2,乒乓球厅-11号,19:30-20:30,0,1,可预约,￥5.0,多云,17,12,5,0.0,86,29
2026-05-21 08:08:31,2026-05-21,2,乒乓球厅-11号,19:30-20:30,0,1,可预约,￥5.0,多云,17,12,5,0.0,86,29
2026-05-21 08:11:30,2026-05-21,2,乒乓球厅-11号,19:30-20:30,0,1,可预约,￥5.0,多云,17,12,5,0.0,86,29
2026-05-21 08:14:31,2026-05-21,2,乒乓球厅-11号,19:30-20:30,0,1,可预约,￥5.0,多云,17,12,5,0.0,86,29
2026-05-21 08:17:30,2026-05-21,2,乒乓球厅-11号,19:30-20:30,0,1,可预约,￥5.0,多云,17,12,5,0.0,86,29
2026-05-21 08:20:35,2026-05-21,2,乒乓球厅-11号,19:30-20:30,0,1,可预约,￥5.0,多云,17,14,4,0.0,85,29
2026-05-21 08:25:32,2026-05-21,2,乒乓球厅-11号,19:30-20:30,0,1,可预约,￥5.0,多云,17,14,4,0.0,85,28
2026-05-21 08:30:42,2026-05-21,2,乒乓球厅-11号,19:30-20:30,0,1,可预约,￥5.0,多云,18,15,4,0.0,84,28
2026-05-21 08:35:31,2026-05-21,2,乒乓球厅-11号,19:30-20:30,0,1,可预约,￥5.0,多云,18,15,4,0.0,84,28
2026-05-21 08:40:38,2026-05-21,2,乒乓球厅-11号,19:30-20:30,0,1,可预约,￥5.0,多云,18,15,4,0.0,82,28
2026-05-21 08:45:33,2026-05-21,2,乒乓球厅-11号,19:30-20:30,0,1,可预约,￥5.0,多云,18,15,4,0.0,82,28
2026-05-21 08:50:36,2026-05-21,2,乒乓球厅-11号,19:30-20:30,0,1,可预约,￥5.0,多云,18,15,4,0.0,82,28
2026-05-21 08:55:34,2026-05-21,2,乒乓球厅-11号,19:30-20:30,0,1,可预约,￥5.0,多云,18,15,4,0.0,84,28
2026-05-21 09:00:51,2026-05-21,2,乒乓球厅-11号,19:30-20:30,0,1,可预约,￥5.0,多云,18,15,4,0.0,84,28
2026-05-21 09:01:59,2026-05-21,2,乒乓球厅-11号,19:30-20:30,0,1,可预约,￥5.0,多云,18,15,4,0.0,83,28
2026-05-21 09:05:33,2026-05-21,2,乒乓球厅-11号,19:30-20:30,0,1,可预约,￥5.0,多云,18,15,4,0.0,83,28
2026-05-21 09:20:38,2026-05-21,2,乒乓球厅-11号,19:30-20:30,0,1,可预约,￥5.0,多云,18,16,3,0.0,81,28
2026-05-21 09:30:46,2026-05-21,2,乒乓球厅-11号,19:30-20:30,0,1,可预约,￥5.0,多云,18,16,3,0.0,81,32
2026-05-21 09:40:36,2026-05-21,2,乒乓球厅-11号,19:30-20:30,0,1,可预约,￥5.0,多云,19,17,3,0.0,79,32
2026-05-21 09:50:42,2026-05-21,2,乒乓球厅-11号,19:30-20:30,0,1,可预约,￥5.0,多云,19,17,4,0.0,81,32
2026-05-21 10:00:46,2026-05-21,2,乒乓球厅-11号,19:30-20:30,0,1,可预约,￥5.0,多云,19,17,4,0.0,79,32
2026-05-21 10:10:40,2026-05-21,2,乒乓球厅-11号,19:30-20:30,0,1,可预约,￥5.0,多云,19,17,4,0.0,79,32
2026-05-21 10:20:38,2026-05-21,2,乒乓球厅-11号,19:30-20:30,0,1,可预约,￥5.0,多云,19,17,4,0.0,79,32
2026-05-21 10:30:41,2026-05-21,2,乒乓球厅-11号,19:30-20:30,0,1,可预约,￥5.0,多云,19,18,3,0.0,78,31
2026-05-21 11:00:44,2026-05-21,2,乒乓球厅-11号,19:30-20:30,0,1,可预约,￥5.0,多云,21,17,5,0.0,74,31
2026-05-21 11:30:38,2026-05-21,2,乒乓球厅-11号,19:30-20:30,0,1,可预约,￥5.0,多云,21,19,3,0.0,72,33
2026-05-21 12:00:46,2026-05-21,2,乒乓球厅-11号,19:30-20:30,0,1,可预约,￥5.0,多云,22,19,4,0.0,70,33
2026-05-21 12:30:42,2026-05-21,2,乒乓球厅-11号,19:30-20:30,0,1,可预约,￥5.0,多云,22,21,3,0.0,68,35
2026-05-21 13:00:43,2026-05-21,2,乒乓球厅-11号,19:30-20:30,0,1,可预约,￥5.0,多云,24,22,4,0.0,66,35
2026-05-21 13:30:43,2026-05-21,2,乒乓球厅-11号,19:30-20:30,0,1,可预约,￥5.0,多云,24,22,4,0.0,66,36
2026-05-21 14:00:48,2026-05-21,2,乒乓球厅-11号,19:30-20:30,0,1,可预约,￥5.0,多云,25,23,4,0.0,66,36
2026-05-21 14:30:45,2026-05-21,2,乒乓球厅-11号,19:30-20:30,0,1,可预约,￥5.0,晴,25,25,3,0.0,65,39
2026-05-21 15:00:45,2026-05-21,2,乒乓球厅-11号,19:30-20:30,0,1,可预约,￥5.0,晴,25,22,4,0.0,56,39
2026-05-21 15:30:43,2026-05-21,2,乒乓球厅-11号,19:30-20:30,0,1,可预约,￥5.0,晴,25,23,4,0.0,57,40
2026-05-21 16:00:51,2026-05-21,2,乒乓球厅-11号,19:30-20:30,0,1,可预约,￥5.0,晴,25,23,4,0.0,57,40
2026-05-21 16:30:48,2026-05-21,2,乒乓球厅-11号,19:30-20:30,0,1,可预约,￥5.0,晴,25,24,3,0.0,60,39
2026-05-21 17:00:49,2026-05-21,2,乒乓球厅-11号,19:30-20:30,0,1,可预约,￥5.0,晴,25,24,4,0.0,61,39
2026-05-21 17:30:47,2026-05-21,2,乒乓球厅-11号,19:30-20:30,0,1,可预约,￥5.0,多云,24,23,3,0.0,64,39
2026-05-21 18:00:50,2026-05-21,2,乒乓球厅-11号,19:30-20:30,0,1,可预约,￥5.0,多云,24,23,3,0.0,68,39
2026-05-21 18:30:50,2026-05-21,2,乒乓球厅-11号,19:30-20:30,0,1,可预约,￥5.0,阴,24,25,2,0.0,68,40
2026-05-21 19:00:50,2026-05-21,2,乒乓球厅-11号,19:30-20:30,0,1,可预约,￥5.0,阴,23,23,3,0.0,76,40
2026-05-21 19:30:46,2026-05-21,2,乒乓球厅-11号,19:30-20:30,0,1,可预约,￥5.0,阴,23,24,2,0.0,77,39
2026-05-21 20:00:49,2026-05-21,2,乒乓球厅-11号,19:30-20:30,0,1,可预约,￥5.0,雾,22,23,2,0.0,89,39
2026-05-21 20:30:44,2026-05-21,2,乒乓球厅-11号,19:30-20:30,0,1,不开放/已过期,,雾,22,24,2,0.0,93,43
2026-05-21 21:00:56,2026-05-21,2,乒乓球厅-11号,19:30-20:30,0,1,不开放/已过期,,雾,20,21,2,0.0,98,43
2026-05-21 21:30:46,2026-05-21,2,乒乓球厅-11号,19:30-20:30,0,1,不开放/已过期,,雾,20,22,1,0.0,99,41
2026-05-21 22:01:02,2026-05-21,2,乒乓球厅-11号,19:30-20:30,0,1,不开放/已过期,,雾,19,20,2,0.0,93,41
2026-05-21 22:30:47,2026-05-21,2,乒乓球厅-11号,19:30-20:30,0,1,不开放/已过期,,雾,19,19,3,0.0,88,46
2026-05-21 23:00:56,2026-05-21,2,乒乓球厅-11号,19:30-20:30,0,1,不开放/已过期,,多云,18,17,3,0.0,85,46
2026-05-21 23:30:55,2026-05-21,2,乒乓球厅-11号,19:30-20:30,0,1,不开放/已过期,,多云,18,17,3,0.0,85,48
2026-05-21 00:30:49,2026-05-21,2,乒乓球厅-11号,20:30-21:30,0,1,可预约,￥5.0,多云,15,13,3,0.0,100,26
2026-05-21 01:00:55,2026-05-21,2,乒乓球厅-11号,20:30-21:30,0,1,可预约,￥5.0,多云,15,12,4,0.0,100,26
2026-05-21 01:30:47,2026-05-21,2,乒乓球厅-11号,20:30-21:30,0,1,可预约,￥5.0,多云,15,13,4,0.0,100,28
2026-05-21 02:00:53,2026-05-21,2,乒乓球厅-11号,20:30-21:30,0,1,可预约,￥5.0,多云,15,12,4,0.0,100,28
2026-05-21 02:30:49,2026-05-21,2,乒乓球厅-11号,20:30-21:30,0,1,可预约,￥5.0,多云,15,14,3,0.0,100,29
2026-05-21 03:00:55,2026-05-21,2,乒乓球厅-11号,20:30-21:30,0,1,可预约,￥5.0,多云,15,12,4,0.0,100,29
2026-05-21 03:30:49,2026-05-21,2,乒乓球厅-11号,20:30-21:30,0,1,可预约,￥5.0,多云,15,14,3,0.0,100,30
2026-05-21 04:30:45,2026-05-21,2,乒乓球厅-11号,20:30-21:30,0,1,可预约,￥5.0,多云,15,12,4,0.0,100,29
2026-05-21 05:00:52,2026-05-21,2,乒乓球厅-11号,20:30-21:30,0,1,可预约,￥5.0,多云,15,12,4,0.0,100,29
2026-05-21 05:30:49,2026-05-21,2,乒乓球厅-11号,20:30-21:30,0,1,可预约,￥5.0,多云,15,13,3,0.0,100,28
2026-05-21 06:00:50,2026-05-21,2,乒乓球厅-11号,20:30-21:30,0,1,可预约,￥5.0,多云,15,13,4,0.0,99,28
2026-05-21 06:30:38,2026-05-21,2,乒乓球厅-11号,20:30-21:30,0,1,可预约,￥5.0,多云,15,13,3,0.0,97,28
2026-05-21 07:00:43,2026-05-21,2,乒乓球厅-11号,20:30-21:30,0,1,可预约,￥5.0,晴,15,11,5,0.0,93,28
2026-05-21 07:30:39,2026-05-21,2,乒乓球厅-11号,20:30-21:30,0,1,可预约,￥5.0,晴,17,13,4,0.0,89,29
2026-05-21 07:50:40,2026-05-21,2,乒乓球厅-11号,20:30-21:30,0,1,可预约,￥5.0,晴,17,13,4,0.0,88,29
2026-05-21 07:53:31,2026-05-21,2,乒乓球厅-11号,20:30-21:30,0,1,可预约,￥5.0,晴,17,12,5,0.0,86,29
2026-05-21 07:56:31,2026-05-21,2,乒乓球厅-11号,20:30-21:30,0,1,可预约,￥5.0,晴,17,12,5,0.0,86,29
2026-05-21 07:59:26,2026-05-21,2,乒乓球厅-11号,20:30-21:30,0,1,可预约,￥5.0,晴,17,12,5,0.0,86,29
2026-05-21 08:00:45,2026-05-21,2,乒乓球厅-11号,20:30-21:30,0,1,可预约,￥5.0,晴,17,12,5,0.0,86,29
2026-05-21 08:02:30,2026-05-21,2,乒乓球厅-11号,20:30-21:30,0,1,可预约,￥5.0,多云,17,12,5,0.0,87,29
2026-05-21 08:05:36,2026-05-21,2,乒乓球厅-11号,20:30-21:30,0,1,可预约,￥5.0,多云,17,12,5,0.0,86,29
2026-05-21 08:08:31,2026-05-21,2,乒乓球厅-11号,20:30-21:30,0,1,可预约,￥5.0,多云,17,12,5,0.0,86,29
2026-05-21 08:11:30,2026-05-21,2,乒乓球厅-11号,20:30-21:30,0,1,可预约,￥5.0,多云,17,12,5,0.0,86,29
2026-05-21 08:14:31,2026-05-21,2,乒乓球厅-11号,20:30-21:30,0,1,可预约,￥5.0,多云,17,12,5,0.0,86,29
2026-05-21 08:17:30,2026-05-21,2,乒乓球厅-11号,20:30-21:30,0,1,可预约,￥5.0,多云,17,12,5,0.0,86,29
2026-05-21 08:20:35,2026-05-21,2,乒乓球厅-11号,20:30-21:30,0,1,可预约,￥5.0,多云,17,14,4,0.0,85,29
2026-05-21 08:25:32,2026-05-21,2,乒乓球厅-11号,20:30-21:30,0,1,可预约,￥5.0,多云,17,14,4,0.0,85,28
2026-05-21 08:30:42,2026-05-21,2,乒乓球厅-11号,20:30-21:30,0,1,可预约,￥5.0,多云,18,15,4,0.0,84,28
2026-05-21 08:35:31,2026-05-21,2,乒乓球厅-11号,20:30-21:30,0,1,可预约,￥5.0,多云,18,15,4,0.0,84,28
2026-05-21 08:40:38,2026-05-21,2,乒乓球厅-11号,20:30-21:30,0,1,可预约,￥5.0,多云,18,15,4,0.0,82,28
2026-05-21 08:45:33,2026-05-21,2,乒乓球厅-11号,20:30-21:30,0,1,可预约,￥5.0,多云,18,15,4,0.0,82,28
2026-05-21 08:50:36,2026-05-21,2,乒乓球厅-11号,20:30-21:30,0,1,可预约,￥5.0,多云,18,15,4,0.0,82,28
2026-05-21 08:55:34,2026-05-21,2,乒乓球厅-11号,20:30-21:30,0,1,可预约,￥5.0,多云,18,15,4,0.0,84,28
2026-05-21 09:00:51,2026-05-21,2,乒乓球厅-11号,20:30-21:30,0,1,可预约,￥5.0,多云,18,15,4,0.0,84,28
2026-05-21 09:01:59,2026-05-21,2,乒乓球厅-11号,20:30-21:30,0,1,可预约,￥5.0,多云,18,15,4,0.0,83,28
2026-05-21 09:05:33,2026-05-21,2,乒乓球厅-11号,20:30-21:30,0,1,可预约,￥5.0,多云,18,15,4,0.0,83,28
2026-05-21 09:20:38,2026-05-21,2,乒乓球厅-11号,20:30-21:30,0,1,可预约,￥5.0,多云,18,16,3,0.0,81,28
2026-05-21 09:30:46,2026-05-21,2,乒乓球厅-11号,20:30-21:30,0,1,可预约,￥5.0,多云,18,16,3,0.0,81,32
2026-05-21 09:40:36,2026-05-21,2,乒乓球厅-11号,20:30-21:30,0,1,可预约,￥5.0,多云,19,17,3,0.0,79,32
2026-05-21 09:50:42,2026-05-21,2,乒乓球厅-11号,20:30-21:30,0,1,可预约,￥5.0,多云,19,17,4,0.0,81,32
2026-05-21 10:00:46,2026-05-21,2,乒乓球厅-11号,20:30-21:30,0,1,可预约,￥5.0,多云,19,17,4,0.0,79,32
2026-05-21 10:10:40,2026-05-21,2,乒乓球厅-11号,20:30-21:30,0,1,可预约,￥5.0,多云,19,17,4,0.0,79,32
2026-05-21 10:20:38,2026-05-21,2,乒乓球厅-11号,20:30-21:30,0,1,可预约,￥5.0,多云,19,17,4,0.0,79,32
2026-05-21 10:30:41,2026-05-21,2,乒乓球厅-11号,20:30-21:30,0,1,可预约,￥5.0,多云,19,18,3,0.0,78,31
2026-05-21 11:00:44,2026-05-21,2,乒乓球厅-11号,20:30-21:30,0,1,可预约,￥5.0,多云,21,17,5,0.0,74,31
2026-05-21 11:30:38,2026-05-21,2,乒乓球厅-11号,20:30-21:30,0,1,可预约,￥5.0,多云,21,19,3,0.0,72,33
2026-05-21 12:00:46,2026-05-21,2,乒乓球厅-11号,20:30-21:30,0,1,可预约,￥5.0,多云,22,19,4,0.0,70,33
2026-05-21 12:30:42,2026-05-21,2,乒乓球厅-11号,20:30-21:30,0,1,可预约,￥5.0,多云,22,21,3,0.0,68,35
2026-05-21 13:00:43,2026-05-21,2,乒乓球厅-11号,20:30-21:30,0,1,可预约,￥5.0,多云,24,22,4,0.0,66,35
2026-05-21 13:30:43,2026-05-21,2,乒乓球厅-11号,20:30-21:30,0,1,可预约,￥5.0,多云,24,22,4,0.0,66,36
2026-05-21 14:00:48,2026-05-21,2,乒乓球厅-11号,20:30-21:30,0,1,可预约,￥5.0,多云,25,23,4,0.0,66,36
2026-05-21 14:30:45,2026-05-21,2,乒乓球厅-11号,20:30-21:30,0,1,可预约,￥5.0,晴,25,25,3,0.0,65,39
2026-05-21 15:00:45,2026-05-21,2,乒乓球厅-11号,20:30-21:30,0,1,可预约,￥5.0,晴,25,22,4,0.0,56,39
2026-05-21 15:30:43,2026-05-21,2,乒乓球厅-11号,20:30-21:30,0,1,可预约,￥5.0,晴,25,23,4,0.0,57,40
2026-05-21 16:00:51,2026-05-21,2,乒乓球厅-11号,20:30-21:30,0,1,可预约,￥5.0,晴,25,23,4,0.0,57,40
2026-05-21 16:30:48,2026-05-21,2,乒乓球厅-11号,20:30-21:30,0,1,可预约,￥5.0,晴,25,24,3,0.0,60,39
2026-05-21 17:00:49,2026-05-21,2,乒乓球厅-11号,20:30-21:30,0,1,可预约,￥5.0,晴,25,24,4,0.0,61,39
2026-05-21 17:30:47,2026-05-21,2,乒乓球厅-11号,20:30-21:30,0,1,可预约,￥5.0,多云,24,23,3,0.0,64,39
2026-05-21 18:00:50,2026-05-21,2,乒乓球厅-11号,20:30-21:30,0,1,可预约,￥5.0,多云,24,23,3,0.0,68,39
2026-05-21 18:30:50,2026-05-21,2,乒乓球厅-11号,20:30-21:30,0,1,可预约,￥5.0,阴,24,25,2,0.0,68,40
2026-05-21 19:00:50,2026-05-21,2,乒乓球厅-11号,20:30-21:30,0,1,可预约,￥5.0,阴,23,23,3,0.0,76,40
2026-05-21 19:30:46,2026-05-21,2,乒乓球厅-11号,20:30-21:30,0,1,可预约,￥5.0,阴,23,24,2,0.0,77,39
2026-05-21 20:00:49,2026-05-21,2,乒乓球厅-11号,20:30-21:30,0,1,可预约,￥5.0,雾,22,23,2,0.0,89,39
2026-05-21 20:30:44,2026-05-21,2,乒乓球厅-11号,20:30-21:30,0,1,可预约,￥5.0,雾,22,24,2,0.0,93,43
2026-05-21 21:00:56,2026-05-21,2,乒乓球厅-11号,20:30-21:30,0,1,可预约,￥5.0,雾,20,21,2,0.0,98,43
2026-05-21 21:30:46,2026-05-21,2,乒乓球厅-11号,20:30-21:30,0,1,不开放/已过期,,雾,20,22,1,0.0,99,41
2026-05-21 22:01:02,2026-05-21,2,乒乓球厅-11号,20:30-21:30,0,1,不开放/已过期,,雾,19,20,2,0.0,93,41
2026-05-21 22:30:47,2026-05-21,2,乒乓球厅-11号,20:30-21:30,0,1,不开放/已过期,,雾,19,19,3,0.0,88,46
2026-05-21 23:00:56,2026-05-21,2,乒乓球厅-11号,20:30-21:30,0,1,不开放/已过期,,多云,18,17,3,0.0,85,46
2026-05-21 23:30:55,2026-05-21,2,乒乓球厅-11号,20:30-21:30,0,1,不开放/已过期,,多云,18,17,3,0.0,85,48
2026-05-21 00:30:49,2026-05-21,2,乒乓球厅-12号,07:00-08:00,0,1,可预约,￥0.0,多云,15,13,3,0.0,100,26
2026-05-21 01:00:55,2026-05-21,2,乒乓球厅-12号,07:00-08:00,0,1,可预约,￥0.0,多云,15,12,4,0.0,100,26
2026-05-21 01:30:47,2026-05-21,2,乒乓球厅-12号,07:00-08:00,0,1,可预约,￥0.0,多云,15,13,4,0.0,100,28
2026-05-21 02:00:53,2026-05-21,2,乒乓球厅-12号,07:00-08:00,0,1,可预约,￥0.0,多云,15,12,4,0.0,100,28
2026-05-21 02:30:49,2026-05-21,2,乒乓球厅-12号,07:00-08:00,0,1,可预约,￥0.0,多云,15,14,3,0.0,100,29
2026-05-21 03:00:55,2026-05-21,2,乒乓球厅-12号,07:00-08:00,0,1,可预约,￥0.0,多云,15,12,4,0.0,100,29
2026-05-21 03:30:49,2026-05-21,2,乒乓球厅-12号,07:00-08:00,0,1,可预约,￥0.0,多云,15,14,3,0.0,100,30
2026-05-21 04:30:45,2026-05-21,2,乒乓球厅-12号,07:00-08:00,0,1,可预约,￥0.0,多云,15,12,4,0.0,100,29
2026-05-21 05:00:52,2026-05-21,2,乒乓球厅-12号,07:00-08:00,0,1,可预约,￥0.0,多云,15,12,4,0.0,100,29
2026-05-21 05:30:49,2026-05-21,2,乒乓球厅-12号,07:00-08:00,0,1,可预约,￥0.0,多云,15,13,3,0.0,100,28
2026-05-21 06:00:50,2026-05-21,2,乒乓球厅-12号,07:00-08:00,0,1,可预约,￥0.0,多云,15,13,4,0.0,99,28
2026-05-21 06:30:38,2026-05-21,2,乒乓球厅-12号,07:00-08:00,0,1,可预约,￥0.0,多云,15,13,3,0.0,97,28
2026-05-21 07:00:43,2026-05-21,2,乒乓球厅-12号,07:00-08:00,0,1,可预约,￥0.0,晴,15,11,5,0.0,93,28
2026-05-21 07:30:39,2026-05-21,2,乒乓球厅-12号,07:00-08:00,0,1,可预约,￥0.0,晴,17,13,4,0.0,89,29
2026-05-21 07:50:40,2026-05-21,2,乒乓球厅-12号,07:00-08:00,0,1,可预约,￥0.0,晴,17,13,4,0.0,88,29
2026-05-21 07:53:31,2026-05-21,2,乒乓球厅-12号,07:00-08:00,0,1,可预约,￥0.0,晴,17,12,5,0.0,86,29
2026-05-21 07:56:31,2026-05-21,2,乒乓球厅-12号,07:00-08:00,0,1,可预约,￥0.0,晴,17,12,5,0.0,86,29
2026-05-21 07:59:26,2026-05-21,2,乒乓球厅-12号,07:00-08:00,0,1,可预约,￥0.0,晴,17,12,5,0.0,86,29
2026-05-21 08:00:45,2026-05-21,2,乒乓球厅-12号,07:00-08:00,0,1,不开放/已过期,,晴,17,12,5,0.0,86,29
2026-05-21 08:02:30,2026-05-21,2,乒乓球厅-12号,07:00-08:00,0,1,不开放/已过期,,多云,17,12,5,0.0,87,29
2026-05-21 08:05:36,2026-05-21,2,乒乓球厅-12号,07:00-08:00,0,1,不开放/已过期,,多云,17,12,5,0.0,86,29
2026-05-21 08:08:31,2026-05-21,2,乒乓球厅-12号,07:00-08:00,0,1,不开放/已过期,,多云,17,12,5,0.0,86,29
2026-05-21 08:11:30,2026-05-21,2,乒乓球厅-12号,07:00-08:00,0,1,不开放/已过期,,多云,17,12,5,0.0,86,29
2026-05-21 08:14:31,2026-05-21,2,乒乓球厅-12号,07:00-08:00,0,1,不开放/已过期,,多云,17,12,5,0.0,86,29
2026-05-21 08:17:30,2026-05-21,2,乒乓球厅-12号,07:00-08:00,0,1,不开放/已过期,,多云,17,12,5,0.0,86,29
2026-05-21 08:20:35,2026-05-21,2,乒乓球厅-12号,07:00-08:00,0,1,不开放/已过期,,多云,17,14,4,0.0,85,29
2026-05-21 08:25:32,2026-05-21,2,乒乓球厅-12号,07:00-08:00,0,1,不开放/已过期,,多云,17,14,4,0.0,85,28
2026-05-21 08:30:42,2026-05-21,2,乒乓球厅-12号,07:00-08:00,0,1,不开放/已过期,,多云,18,15,4,0.0,84,28
2026-05-21 08:35:31,2026-05-21,2,乒乓球厅-12号,07:00-08:00,0,1,不开放/已过期,,多云,18,15,4,0.0,84,28
2026-05-21 08:40:38,2026-05-21,2,乒乓球厅-12号,07:00-08:00,0,1,不开放/已过期,,多云,18,15,4,0.0,82,28
2026-05-21 08:45:33,2026-05-21,2,乒乓球厅-12号,07:00-08:00,0,1,不开放/已过期,,多云,18,15,4,0.0,82,28
2026-05-21 08:50:36,2026-05-21,2,乒乓球厅-12号,07:00-08:00,0,1,不开放/已过期,,多云,18,15,4,0.0,82,28
2026-05-21 08:55:34,2026-05-21,2,乒乓球厅-12号,07:00-08:00,0,1,不开放/已过期,,多云,18,15,4,0.0,84,28
2026-05-21 09:00:51,2026-05-21,2,乒乓球厅-12号,07:00-08:00,0,1,不开放/已过期,,多云,18,15,4,0.0,84,28
2026-05-21 09:01:59,2026-05-21,2,乒乓球厅-12号,07:00-08:00,0,1,不开放/已过期,,多云,18,15,4,0.0,83,28
2026-05-21 09:05:33,2026-05-21,2,乒乓球厅-12号,07:00-08:00,0,1,不开放/已过期,,多云,18,15,4,0.0,83,28
2026-05-21 09:20:38,2026-05-21,2,乒乓球厅-12号,07:00-08:00,0,1,不开放/已过期,,多云,18,16,3,0.0,81,28
2026-05-21 09:30:46,2026-05-21,2,乒乓球厅-12号,07:00-08:00,0,1,不开放/已过期,,多云,18,16,3,0.0,81,32
2026-05-21 09:40:36,2026-05-21,2,乒乓球厅-12号,07:00-08:00,0,1,不开放/已过期,,多云,19,17,3,0.0,79,32
2026-05-21 09:50:42,2026-05-21,2,乒乓球厅-12号,07:00-08:00,0,1,不开放/已过期,,多云,19,17,4,0.0,81,32
2026-05-21 10:00:46,2026-05-21,2,乒乓球厅-12号,07:00-08:00,0,1,不开放/已过期,,多云,19,17,4,0.0,79,32
2026-05-21 10:10:40,2026-05-21,2,乒乓球厅-12号,07:00-08:00,0,1,不开放/已过期,,多云,19,17,4,0.0,79,32
2026-05-21 10:20:38,2026-05-21,2,乒乓球厅-12号,07:00-08:00,0,1,不开放/已过期,,多云,19,17,4,0.0,79,32
2026-05-21 10:30:41,2026-05-21,2,乒乓球厅-12号,07:00-08:00,0,1,不开放/已过期,,多云,19,18,3,0.0,78,31
2026-05-21 11:00:44,2026-05-21,2,乒乓球厅-12号,07:00-08:00,0,1,不开放/已过期,,多云,21,17,5,0.0,74,31
2026-05-21 11:30:38,2026-05-21,2,乒乓球厅-12号,07:00-08:00,0,1,不开放/已过期,,多云,21,19,3,0.0,72,33
2026-05-21 12:00:46,2026-05-21,2,乒乓球厅-12号,07:00-08:00,0,1,不开放/已过期,,多云,22,19,4,0.0,70,33
2026-05-21 12:30:42,2026-05-21,2,乒乓球厅-12号,07:00-08:00,0,1,不开放/已过期,,多云,22,21,3,0.0,68,35
2026-05-21 13:00:43,2026-05-21,2,乒乓球厅-12号,07:00-08:00,0,1,不开放/已过期,,多云,24,22,4,0.0,66,35
2026-05-21 13:30:43,2026-05-21,2,乒乓球厅-12号,07:00-08:00,0,1,不开放/已过期,,多云,24,22,4,0.0,66,36
2026-05-21 14:00:48,2026-05-21,2,乒乓球厅-12号,07:00-08:00,0,1,不开放/已过期,,多云,25,23,4,0.0,66,36
2026-05-21 14:30:45,2026-05-21,2,乒乓球厅-12号,07:00-08:00,0,1,不开放/已过期,,晴,25,25,3,0.0,65,39
2026-05-21 15:00:45,2026-05-21,2,乒乓球厅-12号,07:00-08:00,0,1,不开放/已过期,,晴,25,22,4,0.0,56,39
2026-05-21 15:30:43,2026-05-21,2,乒乓球厅-12号,07:00-08:00,0,1,不开放/已过期,,晴,25,23,4,0.0,57,40
2026-05-21 16:00:51,2026-05-21,2,乒乓球厅-12号,07:00-08:00,0,1,不开放/已过期,,晴,25,23,4,0.0,57,40
2026-05-21 16:30:48,2026-05-21,2,乒乓球厅-12号,07:00-08:00,0,1,不开放/已过期,,晴,25,24,3,0.0,60,39
2026-05-21 17:00:49,2026-05-21,2,乒乓球厅-12号,07:00-08:00,0,1,不开放/已过期,,晴,25,24,4,0.0,61,39
2026-05-21 17:30:47,2026-05-21,2,乒乓球厅-12号,07:00-08:00,0,1,不开放/已过期,,多云,24,23,3,0.0,64,39
2026-05-21 18:00:50,2026-05-21,2,乒乓球厅-12号,07:00-08:00,0,1,不开放/已过期,,多云,24,23,3,0.0,68,39
2026-05-21 18:30:50,2026-05-21,2,乒乓球厅-12号,07:00-08:00,0,1,不开放/已过期,,阴,24,25,2,0.0,68,40
2026-05-21 19:00:50,2026-05-21,2,乒乓球厅-12号,07:00-08:00,0,1,不开放/已过期,,阴,23,23,3,0.0,76,40
2026-05-21 19:30:46,2026-05-21,2,乒乓球厅-12号,07:00-08:00,0,1,不开放/已过期,,阴,23,24,2,0.0,77,39
2026-05-21 20:00:49,2026-05-21,2,乒乓球厅-12号,07:00-08:00,0,1,不开放/已过期,,雾,22,23,2,0.0,89,39
2026-05-21 20:30:44,2026-05-21,2,乒乓球厅-12号,07:00-08:00,0,1,不开放/已过期,,雾,22,24,2,0.0,93,43
2026-05-21 21:00:56,2026-05-21,2,乒乓球厅-12号,07:00-08:00,0,1,不开放/已过期,,雾,20,21,2,0.0,98,43
2026-05-21 21:30:46,2026-05-21,2,乒乓球厅-12号,07:00-08:00,0,1,不开放/已过期,,雾,20,22,1,0.0,99,41
2026-05-21 22:01:02,2026-05-21,2,乒乓球厅-12号,07:00-08:00,0,1,不开放/已过期,,雾,19,20,2,0.0,93,41
2026-05-21 22:30:47,2026-05-21,2,乒乓球厅-12号,07:00-08:00,0,1,不开放/已过期,,雾,19,19,3,0.0,88,46
2026-05-21 23:00:56,2026-05-21,2,乒乓球厅-12号,07:00-08:00,0,1,不开放/已过期,,多云,18,17,3,0.0,85,46
2026-05-21 23:30:55,2026-05-21,2,乒乓球厅-12号,07:00-08:00,0,1,不开放/已过期,,多云,18,17,3,0.0,85,48
2026-05-21 00:30:49,2026-05-21,2,乒乓球厅-12号,08:00-09:00,0,1,可预约,￥0.0,多云,15,13,3,0.0,100,26
2026-05-21 01:00:55,2026-05-21,2,乒乓球厅-12号,08:00-09:00,0,1,可预约,￥0.0,多云,15,12,4,0.0,100,26
2026-05-21 01:30:47,2026-05-21,2,乒乓球厅-12号,08:00-09:00,0,1,可预约,￥0.0,多云,15,13,4,0.0,100,28
2026-05-21 02:00:53,2026-05-21,2,乒乓球厅-12号,08:00-09:00,0,1,可预约,￥0.0,多云,15,12,4,0.0,100,28
2026-05-21 02:30:49,2026-05-21,2,乒乓球厅-12号,08:00-09:00,0,1,可预约,￥0.0,多云,15,14,3,0.0,100,29
2026-05-21 03:00:55,2026-05-21,2,乒乓球厅-12号,08:00-09:00,0,1,可预约,￥0.0,多云,15,12,4,0.0,100,29
2026-05-21 03:30:49,2026-05-21,2,乒乓球厅-12号,08:00-09:00,0,1,可预约,￥0.0,多云,15,14,3,0.0,100,30
2026-05-21 04:30:45,2026-05-21,2,乒乓球厅-12号,08:00-09:00,0,1,可预约,￥0.0,多云,15,12,4,0.0,100,29
2026-05-21 05:00:52,2026-05-21,2,乒乓球厅-12号,08:00-09:00,0,1,可预约,￥0.0,多云,15,12,4,0.0,100,29
2026-05-21 05:30:49,2026-05-21,2,乒乓球厅-12号,08:00-09:00,0,1,可预约,￥0.0,多云,15,13,3,0.0,100,28
2026-05-21 06:00:50,2026-05-21,2,乒乓球厅-12号,08:00-09:00,0,1,可预约,￥0.0,多云,15,13,4,0.0,99,28
2026-05-21 06:30:38,2026-05-21,2,乒乓球厅-12号,08:00-09:00,0,1,可预约,￥0.0,多云,15,13,3,0.0,97,28
2026-05-21 07:00:43,2026-05-21,2,乒乓球厅-12号,08:00-09:00,0,1,可预约,￥0.0,晴,15,11,5,0.0,93,28
2026-05-21 07:30:39,2026-05-21,2,乒乓球厅-12号,08:00-09:00,0,1,可预约,￥0.0,晴,17,13,4,0.0,89,29
2026-05-21 07:50:40,2026-05-21,2,乒乓球厅-12号,08:00-09:00,0,1,可预约,￥0.0,晴,17,13,4,0.0,88,29
2026-05-21 07:53:31,2026-05-21,2,乒乓球厅-12号,08:00-09:00,0,1,可预约,￥0.0,晴,17,12,5,0.0,86,29
2026-05-21 07:56:31,2026-05-21,2,乒乓球厅-12号,08:00-09:00,0,1,可预约,￥0.0,晴,17,12,5,0.0,86,29
2026-05-21 07:59:26,2026-05-21,2,乒乓球厅-12号,08:00-09:00,0,1,可预约,￥0.0,晴,17,12,5,0.0,86,29
2026-05-21 08:00:45,2026-05-21,2,乒乓球厅-12号,08:00-09:00,0,1,可预约,￥0.0,晴,17,12,5,0.0,86,29
2026-05-21 08:02:30,2026-05-21,2,乒乓球厅-12号,08:00-09:00,0,1,可预约,￥0.0,多云,17,12,5,0.0,87,29
2026-05-21 08:05:36,2026-05-21,2,乒乓球厅-12号,08:00-09:00,0,1,可预约,￥0.0,多云,17,12,5,0.0,86,29
2026-05-21 08:08:31,2026-05-21,2,乒乓球厅-12号,08:00-09:00,0,1,可预约,￥0.0,多云,17,12,5,0.0,86,29
2026-05-21 08:11:30,2026-05-21,2,乒乓球厅-12号,08:00-09:00,0,1,可预约,￥0.0,多云,17,12,5,0.0,86,29
2026-05-21 08:14:31,2026-05-21,2,乒乓球厅-12号,08:00-09:00,0,1,可预约,￥0.0,多云,17,12,5,0.0,86,29
2026-05-21 08:17:30,2026-05-21,2,乒乓球厅-12号,08:00-09:00,0,1,可预约,￥0.0,多云,17,12,5,0.0,86,29
2026-05-21 08:20:35,2026-05-21,2,乒乓球厅-12号,08:00-09:00,0,1,可预约,￥0.0,多云,17,14,4,0.0,85,29
2026-05-21 08:25:32,2026-05-21,2,乒乓球厅-12号,08:00-09:00,0,1,可预约,￥0.0,多云,17,14,4,0.0,85,28
2026-05-21 08:30:42,2026-05-21,2,乒乓球厅-12号,08:00-09:00,0,1,可预约,￥0.0,多云,18,15,4,0.0,84,28
2026-05-21 08:35:31,2026-05-21,2,乒乓球厅-12号,08:00-09:00,0,1,可预约,￥0.0,多云,18,15,4,0.0,84,28
2026-05-21 08:40:38,2026-05-21,2,乒乓球厅-12号,08:00-09:00,0,1,可预约,￥0.0,多云,18,15,4,0.0,82,28
2026-05-21 08:45:33,2026-05-21,2,乒乓球厅-12号,08:00-09:00,0,1,可预约,￥0.0,多云,18,15,4,0.0,82,28
2026-05-21 08:50:36,2026-05-21,2,乒乓球厅-12号,08:00-09:00,0,1,可预约,￥0.0,多云,18,15,4,0.0,82,28
2026-05-21 08:55:34,2026-05-21,2,乒乓球厅-12号,08:00-09:00,0,1,可预约,￥0.0,多云,18,15,4,0.0,84,28
2026-05-21 09:00:51,2026-05-21,2,乒乓球厅-12号,08:00-09:00,0,1,不开放/已过期,,多云,18,15,4,0.0,84,28
2026-05-21 09:01:59,2026-05-21,2,乒乓球厅-12号,08:00-09:00,0,1,不开放/已过期,,多云,18,15,4,0.0,83,28
2026-05-21 09:05:33,2026-05-21,2,乒乓球厅-12号,08:00-09:00,0,1,不开放/已过期,,多云,18,15,4,0.0,83,28
2026-05-21 09:20:38,2026-05-21,2,乒乓球厅-12号,08:00-09:00,0,1,不开放/已过期,,多云,18,16,3,0.0,81,28
2026-05-21 09:30:46,2026-05-21,2,乒乓球厅-12号,08:00-09:00,0,1,不开放/已过期,,多云,18,16,3,0.0,81,32
2026-05-21 09:40:36,2026-05-21,2,乒乓球厅-12号,08:00-09:00,0,1,不开放/已过期,,多云,19,17,3,0.0,79,32
2026-05-21 09:50:42,2026-05-21,2,乒乓球厅-12号,08:00-09:00,0,1,不开放/已过期,,多云,19,17,4,0.0,81,32
2026-05-21 10:00:46,2026-05-21,2,乒乓球厅-12号,08:00-09:00,0,1,不开放/已过期,,多云,19,17,4,0.0,79,32
2026-05-21 10:10:40,2026-05-21,2,乒乓球厅-12号,08:00-09:00,0,1,不开放/已过期,,多云,19,17,4,0.0,79,32
2026-05-21 10:20:38,2026-05-21,2,乒乓球厅-12号,08:00-09:00,0,1,不开放/已过期,,多云,19,17,4,0.0,79,32
2026-05-21 10:30:41,2026-05-21,2,乒乓球厅-12号,08:00-09:00,0,1,不开放/已过期,,多云,19,18,3,0.0,78,31
2026-05-21 11:00:44,2026-05-21,2,乒乓球厅-12号,08:00-09:00,0,1,不开放/已过期,,多云,21,17,5,0.0,74,31
2026-05-21 11:30:38,2026-05-21,2,乒乓球厅-12号,08:00-09:00,0,1,不开放/已过期,,多云,21,19,3,0.0,72,33
2026-05-21 12:00:46,2026-05-21,2,乒乓球厅-12号,08:00-09:00,0,1,不开放/已过期,,多云,22,19,4,0.0,70,33
2026-05-21 12:30:42,2026-05-21,2,乒乓球厅-12号,08:00-09:00,0,1,不开放/已过期,,多云,22,21,3,0.0,68,35
2026-05-21 13:00:43,2026-05-21,2,乒乓球厅-12号,08:00-09:00,0,1,不开放/已过期,,多云,24,22,4,0.0,66,35
2026-05-21 13:30:43,2026-05-21,2,乒乓球厅-12号,08:00-09:00,0,1,不开放/已过期,,多云,24,22,4,0.0,66,36
2026-05-21 14:00:48,2026-05-21,2,乒乓球厅-12号,08:00-09:00,0,1,不开放/已过期,,多云,25,23,4,0.0,66,36
2026-05-21 14:30:45,2026-05-21,2,乒乓球厅-12号,08:00-09:00,0,1,不开放/已过期,,晴,25,25,3,0.0,65,39
2026-05-21 15:00:45,2026-05-21,2,乒乓球厅-12号,08:00-09:00,0,1,不开放/已过期,,晴,25,22,4,0.0,56,39
2026-05-21 15:30:43,2026-05-21,2,乒乓球厅-12号,08:00-09:00,0,1,不开放/已过期,,晴,25,23,4,0.0,57,40
2026-05-21 16:00:51,2026-05-21,2,乒乓球厅-12号,08:00-09:00,0,1,不开放/已过期,,晴,25,23,4,0.0,57,40
2026-05-21 16:30:48,2026-05-21,2,乒乓球厅-12号,08:00-09:00,0,1,不开放/已过期,,晴,25,24,3,0.0,60,39
2026-05-21 17:00:49,2026-05-21,2,乒乓球厅-12号,08:00-09:00,0,1,不开放/已过期,,晴,25,24,4,0.0,61,39
2026-05-21 17:30:47,2026-05-21,2,乒乓球厅-12号,08:00-09:00,0,1,不开放/已过期,,多云,24,23,3,0.0,64,39
2026-05-21 18:00:50,2026-05-21,2,乒乓球厅-12号,08:00-09:00,0,1,不开放/已过期,,多云,24,23,3,0.0,68,39
2026-05-21 18:30:50,2026-05-21,2,乒乓球厅-12号,08:00-09:00,0,1,不开放/已过期,,阴,24,25,2,0.0,68,40
2026-05-21 19:00:50,2026-05-21,2,乒乓球厅-12号,08:00-09:00,0,1,不开放/已过期,,阴,23,23,3,0.0,76,40
2026-05-21 19:30:46,2026-05-21,2,乒乓球厅-12号,08:00-09:00,0,1,不开放/已过期,,阴,23,24,2,0.0,77,39
2026-05-21 20:00:49,2026-05-21,2,乒乓球厅-12号,08:00-09:00,0,1,不开放/已过期,,雾,22,23,2,0.0,89,39
2026-05-21 20:30:44,2026-05-21,2,乒乓球厅-12号,08:00-09:00,0,1,不开放/已过期,,雾,22,24,2,0.0,93,43
2026-05-21 21:00:56,2026-05-21,2,乒乓球厅-12号,08:00-09:00,0,1,不开放/已过期,,雾,20,21,2,0.0,98,43
2026-05-21 21:30:46,2026-05-21,2,乒乓球厅-12号,08:00-09:00,0,1,不开放/已过期,,雾,20,22,1,0.0,99,41
2026-05-21 22:01:02,2026-05-21,2,乒乓球厅-12号,08:00-09:00,0,1,不开放/已过期,,雾,19,20,2,0.0,93,41
2026-05-21 22:30:47,2026-05-21,2,乒乓球厅-12号,08:00-09:00,0,1,不开放/已过期,,雾,19,19,3,0.0,88,46
2026-05-21 23:00:56,2026-05-21,2,乒乓球厅-12号,08:00-09:00,0,1,不开放/已过期,,多云,18,17,3,0.0,85,46
2026-05-21 23:30:55,2026-05-21,2,乒乓球厅-12号,08:00-09:00,0,1,不开放/已过期,,多云,18,17,3,0.0,85,48
2026-05-21 00:30:49,2026-05-21,2,乒乓球厅-12号,09:00-10:00,0,1,可预约,￥5.0,多云,15,13,3,0.0,100,26
2026-05-21 01:00:55,2026-05-21,2,乒乓球厅-12号,09:00-10:00,0,1,可预约,￥5.0,多云,15,12,4,0.0,100,26
2026-05-21 01:30:47,2026-05-21,2,乒乓球厅-12号,09:00-10:00,0,1,可预约,￥5.0,多云,15,13,4,0.0,100,28
2026-05-21 02:00:53,2026-05-21,2,乒乓球厅-12号,09:00-10:00,0,1,可预约,￥5.0,多云,15,12,4,0.0,100,28
2026-05-21 02:30:49,2026-05-21,2,乒乓球厅-12号,09:00-10:00,0,1,可预约,￥5.0,多云,15,14,3,0.0,100,29
2026-05-21 03:00:55,2026-05-21,2,乒乓球厅-12号,09:00-10:00,0,1,可预约,￥5.0,多云,15,12,4,0.0,100,29
2026-05-21 03:30:49,2026-05-21,2,乒乓球厅-12号,09:00-10:00,0,1,可预约,￥5.0,多云,15,14,3,0.0,100,30
2026-05-21 04:30:45,2026-05-21,2,乒乓球厅-12号,09:00-10:00,0,1,可预约,￥5.0,多云,15,12,4,0.0,100,29
2026-05-21 05:00:52,2026-05-21,2,乒乓球厅-12号,09:00-10:00,0,1,可预约,￥5.0,多云,15,12,4,0.0,100,29
2026-05-21 05:30:49,2026-05-21,2,乒乓球厅-12号,09:00-10:00,0,1,可预约,￥5.0,多云,15,13,3,0.0,100,28
2026-05-21 06:00:50,2026-05-21,2,乒乓球厅-12号,09:00-10:00,0,1,可预约,￥5.0,多云,15,13,4,0.0,99,28
2026-05-21 06:30:38,2026-05-21,2,乒乓球厅-12号,09:00-10:00,0,1,可预约,￥5.0,多云,15,13,3,0.0,97,28
2026-05-21 07:00:43,2026-05-21,2,乒乓球厅-12号,09:00-10:00,0,1,可预约,￥5.0,晴,15,11,5,0.0,93,28
2026-05-21 07:30:39,2026-05-21,2,乒乓球厅-12号,09:00-10:00,0,1,可预约,￥5.0,晴,17,13,4,0.0,89,29
2026-05-21 07:50:40,2026-05-21,2,乒乓球厅-12号,09:00-10:00,0,1,可预约,￥5.0,晴,17,13,4,0.0,88,29
2026-05-21 07:53:31,2026-05-21,2,乒乓球厅-12号,09:00-10:00,0,1,可预约,￥5.0,晴,17,12,5,0.0,86,29
2026-05-21 07:56:31,2026-05-21,2,乒乓球厅-12号,09:00-10:00,0,1,可预约,￥5.0,晴,17,12,5,0.0,86,29
2026-05-21 07:59:26,2026-05-21,2,乒乓球厅-12号,09:00-10:00,0,1,可预约,￥5.0,晴,17,12,5,0.0,86,29
2026-05-21 08:00:45,2026-05-21,2,乒乓球厅-12号,09:00-10:00,0,1,可预约,￥5.0,晴,17,12,5,0.0,86,29
2026-05-21 08:02:30,2026-05-21,2,乒乓球厅-12号,09:00-10:00,0,1,可预约,￥5.0,多云,17,12,5,0.0,87,29
2026-05-21 08:05:36,2026-05-21,2,乒乓球厅-12号,09:00-10:00,0,1,可预约,￥5.0,多云,17,12,5,0.0,86,29
2026-05-21 08:08:31,2026-05-21,2,乒乓球厅-12号,09:00-10:00,0,1,可预约,￥5.0,多云,17,12,5,0.0,86,29
2026-05-21 08:11:30,2026-05-21,2,乒乓球厅-12号,09:00-10:00,0,1,可预约,￥5.0,多云,17,12,5,0.0,86,29
2026-05-21 08:14:31,2026-05-21,2,乒乓球厅-12号,09:00-10:00,0,1,可预约,￥5.0,多云,17,12,5,0.0,86,29
2026-05-21 08:17:30,2026-05-21,2,乒乓球厅-12号,09:00-10:00,0,1,可预约,￥5.0,多云,17,12,5,0.0,86,29
2026-05-21 08:20:35,2026-05-21,2,乒乓球厅-12号,09:00-10:00,0,1,可预约,￥5.0,多云,17,14,4,0.0,85,29
2026-05-21 08:25:32,2026-05-21,2,乒乓球厅-12号,09:00-10:00,0,1,可预约,￥5.0,多云,17,14,4,0.0,85,28
2026-05-21 08:30:42,2026-05-21,2,乒乓球厅-12号,09:00-10:00,0,1,可预约,￥5.0,多云,18,15,4,0.0,84,28
2026-05-21 08:35:31,2026-05-21,2,乒乓球厅-12号,09:00-10:00,0,1,可预约,￥5.0,多云,18,15,4,0.0,84,28
2026-05-21 08:40:38,2026-05-21,2,乒乓球厅-12号,09:00-10:00,0,1,可预约,￥5.0,多云,18,15,4,0.0,82,28
2026-05-21 08:45:33,2026-05-21,2,乒乓球厅-12号,09:00-10:00,0,1,可预约,￥5.0,多云,18,15,4,0.0,82,28
2026-05-21 08:50:36,2026-05-21,2,乒乓球厅-12号,09:00-10:00,0,1,可预约,￥5.0,多云,18,15,4,0.0,82,28
2026-05-21 08:55:34,2026-05-21,2,乒乓球厅-12号,09:00-10:00,0,1,可预约,￥5.0,多云,18,15,4,0.0,84,28
2026-05-21 09:00:51,2026-05-21,2,乒乓球厅-12号,09:00-10:00,0,1,可预约,￥5.0,多云,18,15,4,0.0,84,28
2026-05-21 09:01:59,2026-05-21,2,乒乓球厅-12号,09:00-10:00,0,1,可预约,￥5.0,多云,18,15,4,0.0,83,28
2026-05-21 09:05:33,2026-05-21,2,乒乓球厅-12号,09:00-10:00,0,1,可预约,￥5.0,多云,18,15,4,0.0,83,28
2026-05-21 09:20:38,2026-05-21,2,乒乓球厅-12号,09:00-10:00,0,1,可预约,￥5.0,多云,18,16,3,0.0,81,28
2026-05-21 09:30:46,2026-05-21,2,乒乓球厅-12号,09:00-10:00,0,1,可预约,￥5.0,多云,18,16,3,0.0,81,32
2026-05-21 09:40:36,2026-05-21,2,乒乓球厅-12号,09:00-10:00,0,1,可预约,￥5.0,多云,19,17,3,0.0,79,32
2026-05-21 09:50:42,2026-05-21,2,乒乓球厅-12号,09:00-10:00,0,1,可预约,￥5.0,多云,19,17,4,0.0,81,32
2026-05-21 10:00:46,2026-05-21,2,乒乓球厅-12号,09:00-10:00,0,1,不开放/已过期,,多云,19,17,4,0.0,79,32
2026-05-21 10:10:40,2026-05-21,2,乒乓球厅-12号,09:00-10:00,0,1,不开放/已过期,,多云,19,17,4,0.0,79,32
2026-05-21 10:20:38,2026-05-21,2,乒乓球厅-12号,09:00-10:00,0,1,不开放/已过期,,多云,19,17,4,0.0,79,32
2026-05-21 10:30:41,2026-05-21,2,乒乓球厅-12号,09:00-10:00,0,1,不开放/已过期,,多云,19,18,3,0.0,78,31
2026-05-21 11:00:44,2026-05-21,2,乒乓球厅-12号,09:00-10:00,0,1,不开放/已过期,,多云,21,17,5,0.0,74,31
2026-05-21 11:30:38,2026-05-21,2,乒乓球厅-12号,09:00-10:00,0,1,不开放/已过期,,多云,21,19,3,0.0,72,33
2026-05-21 12:00:46,2026-05-21,2,乒乓球厅-12号,09:00-10:00,0,1,不开放/已过期,,多云,22,19,4,0.0,70,33
2026-05-21 12:30:42,2026-05-21,2,乒乓球厅-12号,09:00-10:00,0,1,不开放/已过期,,多云,22,21,3,0.0,68,35
2026-05-21 13:00:43,2026-05-21,2,乒乓球厅-12号,09:00-10:00,0,1,不开放/已过期,,多云,24,22,4,0.0,66,35
2026-05-21 13:30:43,2026-05-21,2,乒乓球厅-12号,09:00-10:00,0,1,不开放/已过期,,多云,24,22,4,0.0,66,36
2026-05-21 14:00:48,2026-05-21,2,乒乓球厅-12号,09:00-10:00,0,1,不开放/已过期,,多云,25,23,4,0.0,66,36
2026-05-21 14:30:45,2026-05-21,2,乒乓球厅-12号,09:00-10:00,0,1,不开放/已过期,,晴,25,25,3,0.0,65,39
2026-05-21 15:00:45,2026-05-21,2,乒乓球厅-12号,09:00-10:00,0,1,不开放/已过期,,晴,25,22,4,0.0,56,39
2026-05-21 15:30:43,2026-05-21,2,乒乓球厅-12号,09:00-10:00,0,1,不开放/已过期,,晴,25,23,4,0.0,57,40
2026-05-21 16:00:51,2026-05-21,2,乒乓球厅-12号,09:00-10:00,0,1,不开放/已过期,,晴,25,23,4,0.0,57,40
2026-05-21 16:30:48,2026-05-21,2,乒乓球厅-12号,09:00-10:00,0,1,不开放/已过期,,晴,25,24,3,0.0,60,39
2026-05-21 17:00:49,2026-05-21,2,乒乓球厅-12号,09:00-10:00,0,1,不开放/已过期,,晴,25,24,4,0.0,61,39
2026-05-21 17:30:47,2026-05-21,2,乒乓球厅-12号,09:00-10:00,0,1,不开放/已过期,,多云,24,23,3,0.0,64,39
2026-05-21 18:00:50,2026-05-21,2,乒乓球厅-12号,09:00-10:00,0,1,不开放/已过期,,多云,24,23,3,0.0,68,39
2026-05-21 18:30:50,2026-05-21,2,乒乓球厅-12号,09:00-10:00,0,1,不开放/已过期,,阴,24,25,2,0.0,68,40
2026-05-21 19:00:50,2026-05-21,2,乒乓球厅-12号,09:00-10:00,0,1,不开放/已过期,,阴,23,23,3,0.0,76,40
2026-05-21 19:30:46,2026-05-21,2,乒乓球厅-12号,09:00-10:00,0,1,不开放/已过期,,阴,23,24,2,0.0,77,39
2026-05-21 20:00:49,2026-05-21,2,乒乓球厅-12号,09:00-10:00,0,1,不开放/已过期,,雾,22,23,2,0.0,89,39
2026-05-21 20:30:44,2026-05-21,2,乒乓球厅-12号,09:00-10:00,0,1,不开放/已过期,,雾,22,24,2,0.0,93,43
2026-05-21 21:00:56,2026-05-21,2,乒乓球厅-12号,09:00-10:00,0,1,不开放/已过期,,雾,20,21,2,0.0,98,43
2026-05-21 21:30:46,2026-05-21,2,乒乓球厅-12号,09:00-10:00,0,1,不开放/已过期,,雾,20,22,1,0.0,99,41
2026-05-21 22:01:02,2026-05-21,2,乒乓球厅-12号,09:00-10:00,0,1,不开放/已过期,,雾,19,20,2,0.0,93,41
2026-05-21 22:30:47,2026-05-21,2,乒乓球厅-12号,09:00-10:00,0,1,不开放/已过期,,雾,19,19,3,0.0,88,46
2026-05-21 23:00:56,2026-05-21,2,乒乓球厅-12号,09:00-10:00,0,1,不开放/已过期,,多云,18,17,3,0.0,85,46
2026-05-21 23:30:55,2026-05-21,2,乒乓球厅-12号,09:00-10:00,0,1,不开放/已过期,,多云,18,17,3,0.0,85,48
2026-05-21 00:30:49,2026-05-21,2,乒乓球厅-12号,10:00-11:00,1,1,已售/已满,教学时间,多云,15,13,3,0.0,100,26
2026-05-21 01:00:55,2026-05-21,2,乒乓球厅-12号,10:00-11:00,1,1,已售/已满,教学时间,多云,15,12,4,0.0,100,26
2026-05-21 01:30:47,2026-05-21,2,乒乓球厅-12号,10:00-11:00,1,1,已售/已满,教学时间,多云,15,13,4,0.0,100,28
2026-05-21 02:00:53,2026-05-21,2,乒乓球厅-12号,10:00-11:00,1,1,已售/已满,教学时间,多云,15,12,4,0.0,100,28
2026-05-21 02:30:49,2026-05-21,2,乒乓球厅-12号,10:00-11:00,1,1,已售/已满,教学时间,多云,15,14,3,0.0,100,29
2026-05-21 03:00:55,2026-05-21,2,乒乓球厅-12号,10:00-11:00,1,1,已售/已满,教学时间,多云,15,12,4,0.0,100,29
2026-05-21 03:30:49,2026-05-21,2,乒乓球厅-12号,10:00-11:00,1,1,已售/已满,教学时间,多云,15,14,3,0.0,100,30
2026-05-21 04:30:45,2026-05-21,2,乒乓球厅-12号,10:00-11:00,1,1,已售/已满,教学时间,多云,15,12,4,0.0,100,29
2026-05-21 05:00:52,2026-05-21,2,乒乓球厅-12号,10:00-11:00,1,1,已售/已满,教学时间,多云,15,12,4,0.0,100,29
2026-05-21 05:30:49,2026-05-21,2,乒乓球厅-12号,10:00-11:00,1,1,已售/已满,教学时间,多云,15,13,3,0.0,100,28
2026-05-21 06:00:50,2026-05-21,2,乒乓球厅-12号,10:00-11:00,1,1,已售/已满,教学时间,多云,15,13,4,0.0,99,28
2026-05-21 06:30:38,2026-05-21,2,乒乓球厅-12号,10:00-11:00,1,1,已售/已满,教学时间,多云,15,13,3,0.0,97,28
2026-05-21 07:00:43,2026-05-21,2,乒乓球厅-12号,10:00-11:00,1,1,已售/已满,教学时间,晴,15,11,5,0.0,93,28
2026-05-21 07:30:39,2026-05-21,2,乒乓球厅-12号,10:00-11:00,1,1,已售/已满,教学时间,晴,17,13,4,0.0,89,29
2026-05-21 07:50:40,2026-05-21,2,乒乓球厅-12号,10:00-11:00,1,1,已售/已满,教学时间,晴,17,13,4,0.0,88,29
2026-05-21 07:53:31,2026-05-21,2,乒乓球厅-12号,10:00-11:00,1,1,已售/已满,教学时间,晴,17,12,5,0.0,86,29
2026-05-21 07:56:31,2026-05-21,2,乒乓球厅-12号,10:00-11:00,1,1,已售/已满,教学时间,晴,17,12,5,0.0,86,29
2026-05-21 07:59:26,2026-05-21,2,乒乓球厅-12号,10:00-11:00,1,1,已售/已满,教学时间,晴,17,12,5,0.0,86,29
2026-05-21 08:00:45,2026-05-21,2,乒乓球厅-12号,10:00-11:00,1,1,已售/已满,教学时间,晴,17,12,5,0.0,86,29
2026-05-21 08:02:30,2026-05-21,2,乒乓球厅-12号,10:00-11:00,1,1,已售/已满,教学时间,多云,17,12,5,0.0,87,29
2026-05-21 08:05:36,2026-05-21,2,乒乓球厅-12号,10:00-11:00,1,1,已售/已满,教学时间,多云,17,12,5,0.0,86,29
2026-05-21 08:08:31,2026-05-21,2,乒乓球厅-12号,10:00-11:00,1,1,已售/已满,教学时间,多云,17,12,5,0.0,86,29
2026-05-21 08:11:30,2026-05-21,2,乒乓球厅-12号,10:00-11:00,1,1,已售/已满,教学时间,多云,17,12,5,0.0,86,29
2026-05-21 08:14:31,2026-05-21,2,乒乓球厅-12号,10:00-11:00,1,1,已售/已满,教学时间,多云,17,12,5,0.0,86,29
2026-05-21 08:17:30,2026-05-21,2,乒乓球厅-12号,10:00-11:00,1,1,已售/已满,教学时间,多云,17,12,5,0.0,86,29
2026-05-21 08:20:35,2026-05-21,2,乒乓球厅-12号,10:00-11:00,1,1,已售/已满,教学时间,多云,17,14,4,0.0,85,29
2026-05-21 08:25:32,2026-05-21,2,乒乓球厅-12号,10:00-11:00,1,1,已售/已满,教学时间,多云,17,14,4,0.0,85,28
2026-05-21 08:30:42,2026-05-21,2,乒乓球厅-12号,10:00-11:00,1,1,已售/已满,教学时间,多云,18,15,4,0.0,84,28
2026-05-21 08:35:31,2026-05-21,2,乒乓球厅-12号,10:00-11:00,1,1,已售/已满,教学时间,多云,18,15,4,0.0,84,28
2026-05-21 08:40:38,2026-05-21,2,乒乓球厅-12号,10:00-11:00,1,1,已售/已满,教学时间,多云,18,15,4,0.0,82,28
2026-05-21 08:45:33,2026-05-21,2,乒乓球厅-12号,10:00-11:00,1,1,已售/已满,教学时间,多云,18,15,4,0.0,82,28
2026-05-21 08:50:36,2026-05-21,2,乒乓球厅-12号,10:00-11:00,1,1,已售/已满,教学时间,多云,18,15,4,0.0,82,28
2026-05-21 08:55:34,2026-05-21,2,乒乓球厅-12号,10:00-11:00,1,1,已售/已满,教学时间,多云,18,15,4,0.0,84,28
2026-05-21 09:00:51,2026-05-21,2,乒乓球厅-12号,10:00-11:00,1,1,已售/已满,教学时间,多云,18,15,4,0.0,84,28
2026-05-21 09:01:59,2026-05-21,2,乒乓球厅-12号,10:00-11:00,1,1,已售/已满,教学时间,多云,18,15,4,0.0,83,28
2026-05-21 09:05:33,2026-05-21,2,乒乓球厅-12号,10:00-11:00,1,1,已售/已满,教学时间,多云,18,15,4,0.0,83,28
2026-05-21 09:20:38,2026-05-21,2,乒乓球厅-12号,10:00-11:00,1,1,已售/已满,教学时间,多云,18,16,3,0.0,81,28
2026-05-21 09:30:46,2026-05-21,2,乒乓球厅-12号,10:00-11:00,1,1,已售/已满,教学时间,多云,18,16,3,0.0,81,32
2026-05-21 09:40:36,2026-05-21,2,乒乓球厅-12号,10:00-11:00,1,1,已售/已满,教学时间,多云,19,17,3,0.0,79,32
2026-05-21 09:50:42,2026-05-21,2,乒乓球厅-12号,10:00-11:00,1,1,已售/已满,教学时间,多云,19,17,4,0.0,81,32
2026-05-21 10:00:46,2026-05-21,2,乒乓球厅-12号,10:00-11:00,1,1,已售/已满,教学时间,多云,19,17,4,0.0,79,32
2026-05-21 10:10:40,2026-05-21,2,乒乓球厅-12号,10:00-11:00,1,1,已售/已满,教学时间,多云,19,17,4,0.0,79,32
2026-05-21 10:20:38,2026-05-21,2,乒乓球厅-12号,10:00-11:00,1,1,已售/已满,教学时间,多云,19,17,4,0.0,79,32
2026-05-21 10:30:41,2026-05-21,2,乒乓球厅-12号,10:00-11:00,1,1,已售/已满,教学时间,多云,19,18,3,0.0,78,31
2026-05-21 11:00:44,2026-05-21,2,乒乓球厅-12号,10:00-11:00,1,1,已售/已满,教学时间,多云,21,17,5,0.0,74,31
2026-05-21 11:30:38,2026-05-21,2,乒乓球厅-12号,10:00-11:00,1,1,已售/已满,教学时间,多云,21,19,3,0.0,72,33
2026-05-21 12:00:46,2026-05-21,2,乒乓球厅-12号,10:00-11:00,1,1,已售/已满,教学时间,多云,22,19,4,0.0,70,33
2026-05-21 12:30:42,2026-05-21,2,乒乓球厅-12号,10:00-11:00,1,1,已售/已满,教学时间,多云,22,21,3,0.0,68,35
2026-05-21 13:00:43,2026-05-21,2,乒乓球厅-12号,10:00-11:00,1,1,已售/已满,教学时间,多云,24,22,4,0.0,66,35
2026-05-21 13:30:43,2026-05-21,2,乒乓球厅-12号,10:00-11:00,1,1,已售/已满,教学时间,多云,24,22,4,0.0,66,36
2026-05-21 14:00:48,2026-05-21,2,乒乓球厅-12号,10:00-11:00,1,1,已售/已满,教学时间,多云,25,23,4,0.0,66,36
2026-05-21 14:30:45,2026-05-21,2,乒乓球厅-12号,10:00-11:00,1,1,已售/已满,教学时间,晴,25,25,3,0.0,65,39
2026-05-21 15:00:45,2026-05-21,2,乒乓球厅-12号,10:00-11:00,1,1,已售/已满,教学时间,晴,25,22,4,0.0,56,39
2026-05-21 15:30:43,2026-05-21,2,乒乓球厅-12号,10:00-11:00,1,1,已售/已满,教学时间,晴,25,23,4,0.0,57,40
2026-05-21 16:00:51,2026-05-21,2,乒乓球厅-12号,10:00-11:00,1,1,已售/已满,教学时间,晴,25,23,4,0.0,57,40
2026-05-21 16:30:48,2026-05-21,2,乒乓球厅-12号,10:00-11:00,1,1,已售/已满,教学时间,晴,25,24,3,0.0,60,39
2026-05-21 17:00:49,2026-05-21,2,乒乓球厅-12号,10:00-11:00,1,1,已售/已满,教学时间,晴,25,24,4,0.0,61,39
2026-05-21 17:30:47,2026-05-21,2,乒乓球厅-12号,10:00-11:00,1,1,已售/已满,教学时间,多云,24,23,3,0.0,64,39
2026-05-21 18:00:50,2026-05-21,2,乒乓球厅-12号,10:00-11:00,1,1,已售/已满,教学时间,多云,24,23,3,0.0,68,39
2026-05-21 18:30:50,2026-05-21,2,乒乓球厅-12号,10:00-11:00,1,1,已售/已满,教学时间,阴,24,25,2,0.0,68,40
2026-05-21 19:00:50,2026-05-21,2,乒乓球厅-12号,10:00-11:00,1,1,已售/已满,教学时间,阴,23,23,3,0.0,76,40
2026-05-21 19:30:46,2026-05-21,2,乒乓球厅-12号,10:00-11:00,1,1,已售/已满,教学时间,阴,23,24,2,0.0,77,39
2026-05-21 20:00:49,2026-05-21,2,乒乓球厅-12号,10:00-11:00,1,1,已售/已满,教学时间,雾,22,23,2,0.0,89,39
2026-05-21 20:30:44,2026-05-21,2,乒乓球厅-12号,10:00-11:00,1,1,已售/已满,教学时间,雾,22,24,2,0.0,93,43
2026-05-21 21:00:56,2026-05-21,2,乒乓球厅-12号,10:00-11:00,1,1,已售/已满,教学时间,雾,20,21,2,0.0,98,43
2026-05-21 21:30:46,2026-05-21,2,乒乓球厅-12号,10:00-11:00,1,1,已售/已满,教学时间,雾,20,22,1,0.0,99,41
2026-05-21 22:01:02,2026-05-21,2,乒乓球厅-12号,10:00-11:00,1,1,已售/已满,教学时间,雾,19,20,2,0.0,93,41
2026-05-21 22:30:47,2026-05-21,2,乒乓球厅-12号,10:00-11:00,1,1,已售/已满,教学时间,雾,19,19,3,0.0,88,46
2026-05-21 23:00:56,2026-05-21,2,乒乓球厅-12号,10:00-11:00,1,1,已售/已满,教学时间,多云,18,17,3,0.0,85,46
2026-05-21 23:30:55,2026-05-21,2,乒乓球厅-12号,10:00-11:00,1,1,已售/已满,教学时间,多云,18,17,3,0.0,85,48
2026-05-21 00:30:49,2026-05-21,2,乒乓球厅-12号,11:00-12:00,1,1,已售/已满,教学时间,多云,15,13,3,0.0,100,26
2026-05-21 01:00:55,2026-05-21,2,乒乓球厅-12号,11:00-12:00,1,1,已售/已满,教学时间,多云,15,12,4,0.0,100,26
2026-05-21 01:30:47,2026-05-21,2,乒乓球厅-12号,11:00-12:00,1,1,已售/已满,教学时间,多云,15,13,4,0.0,100,28
2026-05-21 02:00:53,2026-05-21,2,乒乓球厅-12号,11:00-12:00,1,1,已售/已满,教学时间,多云,15,12,4,0.0,100,28
2026-05-21 02:30:49,2026-05-21,2,乒乓球厅-12号,11:00-12:00,1,1,已售/已满,教学时间,多云,15,14,3,0.0,100,29
2026-05-21 03:00:55,2026-05-21,2,乒乓球厅-12号,11:00-12:00,1,1,已售/已满,教学时间,多云,15,12,4,0.0,100,29
2026-05-21 03:30:49,2026-05-21,2,乒乓球厅-12号,11:00-12:00,1,1,已售/已满,教学时间,多云,15,14,3,0.0,100,30
2026-05-21 04:30:45,2026-05-21,2,乒乓球厅-12号,11:00-12:00,1,1,已售/已满,教学时间,多云,15,12,4,0.0,100,29
2026-05-21 05:00:52,2026-05-21,2,乒乓球厅-12号,11:00-12:00,1,1,已售/已满,教学时间,多云,15,12,4,0.0,100,29
2026-05-21 05:30:49,2026-05-21,2,乒乓球厅-12号,11:00-12:00,1,1,已售/已满,教学时间,多云,15,13,3,0.0,100,28
2026-05-21 06:00:50,2026-05-21,2,乒乓球厅-12号,11:00-12:00,1,1,已售/已满,教学时间,多云,15,13,4,0.0,99,28
2026-05-21 06:30:38,2026-05-21,2,乒乓球厅-12号,11:00-12:00,1,1,已售/已满,教学时间,多云,15,13,3,0.0,97,28
2026-05-21 07:00:43,2026-05-21,2,乒乓球厅-12号,11:00-12:00,1,1,已售/已满,教学时间,晴,15,11,5,0.0,93,28
2026-05-21 07:30:39,2026-05-21,2,乒乓球厅-12号,11:00-12:00,1,1,已售/已满,教学时间,晴,17,13,4,0.0,89,29
2026-05-21 07:50:40,2026-05-21,2,乒乓球厅-12号,11:00-12:00,1,1,已售/已满,教学时间,晴,17,13,4,0.0,88,29
2026-05-21 07:53:31,2026-05-21,2,乒乓球厅-12号,11:00-12:00,1,1,已售/已满,教学时间,晴,17,12,5,0.0,86,29
2026-05-21 07:56:31,2026-05-21,2,乒乓球厅-12号,11:00-12:00,1,1,已售/已满,教学时间,晴,17,12,5,0.0,86,29
2026-05-21 07:59:26,2026-05-21,2,乒乓球厅-12号,11:00-12:00,1,1,已售/已满,教学时间,晴,17,12,5,0.0,86,29
2026-05-21 08:00:45,2026-05-21,2,乒乓球厅-12号,11:00-12:00,1,1,已售/已满,教学时间,晴,17,12,5,0.0,86,29
2026-05-21 08:02:30,2026-05-21,2,乒乓球厅-12号,11:00-12:00,1,1,已售/已满,教学时间,多云,17,12,5,0.0,87,29
2026-05-21 08:05:36,2026-05-21,2,乒乓球厅-12号,11:00-12:00,1,1,已售/已满,教学时间,多云,17,12,5,0.0,86,29
2026-05-21 08:08:31,2026-05-21,2,乒乓球厅-12号,11:00-12:00,1,1,已售/已满,教学时间,多云,17,12,5,0.0,86,29
2026-05-21 08:11:30,2026-05-21,2,乒乓球厅-12号,11:00-12:00,1,1,已售/已满,教学时间,多云,17,12,5,0.0,86,29
2026-05-21 08:14:31,2026-05-21,2,乒乓球厅-12号,11:00-12:00,1,1,已售/已满,教学时间,多云,17,12,5,0.0,86,29
2026-05-21 08:17:30,2026-05-21,2,乒乓球厅-12号,11:00-12:00,1,1,已售/已满,教学时间,多云,17,12,5,0.0,86,29
2026-05-21 08:20:35,2026-05-21,2,乒乓球厅-12号,11:00-12:00,1,1,已售/已满,教学时间,多云,17,14,4,0.0,85,29
2026-05-21 08:25:32,2026-05-21,2,乒乓球厅-12号,11:00-12:00,1,1,已售/已满,教学时间,多云,17,14,4,0.0,85,28
2026-05-21 08:30:42,2026-05-21,2,乒乓球厅-12号,11:00-12:00,1,1,已售/已满,教学时间,多云,18,15,4,0.0,84,28
2026-05-21 08:35:31,2026-05-21,2,乒乓球厅-12号,11:00-12:00,1,1,已售/已满,教学时间,多云,18,15,4,0.0,84,28
2026-05-21 08:40:38,2026-05-21,2,乒乓球厅-12号,11:00-12:00,1,1,已售/已满,教学时间,多云,18,15,4,0.0,82,28
2026-05-21 08:45:33,2026-05-21,2,乒乓球厅-12号,11:00-12:00,1,1,已售/已满,教学时间,多云,18,15,4,0.0,82,28
2026-05-21 08:50:36,2026-05-21,2,乒乓球厅-12号,11:00-12:00,1,1,已售/已满,教学时间,多云,18,15,4,0.0,82,28
2026-05-21 08:55:34,2026-05-21,2,乒乓球厅-12号,11:00-12:00,1,1,已售/已满,教学时间,多云,18,15,4,0.0,84,28
2026-05-21 09:00:51,2026-05-21,2,乒乓球厅-12号,11:00-12:00,1,1,已售/已满,教学时间,多云,18,15,4,0.0,84,28
2026-05-21 09:01:59,2026-05-21,2,乒乓球厅-12号,11:00-12:00,1,1,已售/已满,教学时间,多云,18,15,4,0.0,83,28
2026-05-21 09:05:33,2026-05-21,2,乒乓球厅-12号,11:00-12:00,1,1,已售/已满,教学时间,多云,18,15,4,0.0,83,28
2026-05-21 09:20:38,2026-05-21,2,乒乓球厅-12号,11:00-12:00,1,1,已售/已满,教学时间,多云,18,16,3,0.0,81,28
2026-05-21 09:30:46,2026-05-21,2,乒乓球厅-12号,11:00-12:00,1,1,已售/已满,教学时间,多云,18,16,3,0.0,81,32
2026-05-21 09:40:36,2026-05-21,2,乒乓球厅-12号,11:00-12:00,1,1,已售/已满,教学时间,多云,19,17,3,0.0,79,32
2026-05-21 09:50:42,2026-05-21,2,乒乓球厅-12号,11:00-12:00,1,1,已售/已满,教学时间,多云,19,17,4,0.0,81,32
2026-05-21 10:00:46,2026-05-21,2,乒乓球厅-12号,11:00-12:00,1,1,已售/已满,教学时间,多云,19,17,4,0.0,79,32
2026-05-21 10:10:40,2026-05-21,2,乒乓球厅-12号,11:00-12:00,1,1,已售/已满,教学时间,多云,19,17,4,0.0,79,32
2026-05-21 10:20:38,2026-05-21,2,乒乓球厅-12号,11:00-12:00,1,1,已售/已满,教学时间,多云,19,17,4,0.0,79,32
2026-05-21 10:30:41,2026-05-21,2,乒乓球厅-12号,11:00-12:00,1,1,已售/已满,教学时间,多云,19,18,3,0.0,78,31
2026-05-21 11:00:44,2026-05-21,2,乒乓球厅-12号,11:00-12:00,1,1,已售/已满,教学时间,多云,21,17,5,0.0,74,31
2026-05-21 11:30:38,2026-05-21,2,乒乓球厅-12号,11:00-12:00,1,1,已售/已满,教学时间,多云,21,19,3,0.0,72,33
2026-05-21 12:00:46,2026-05-21,2,乒乓球厅-12号,11:00-12:00,1,1,已售/已满,教学时间,多云,22,19,4,0.0,70,33
2026-05-21 12:30:42,2026-05-21,2,乒乓球厅-12号,11:00-12:00,1,1,已售/已满,教学时间,多云,22,21,3,0.0,68,35
2026-05-21 13:00:43,2026-05-21,2,乒乓球厅-12号,11:00-12:00,1,1,已售/已满,教学时间,多云,24,22,4,0.0,66,35
2026-05-21 13:30:43,2026-05-21,2,乒乓球厅-12号,11:00-12:00,1,1,已售/已满,教学时间,多云,24,22,4,0.0,66,36
2026-05-21 14:00:48,2026-05-21,2,乒乓球厅-12号,11:00-12:00,1,1,已售/已满,教学时间,多云,25,23,4,0.0,66,36
2026-05-21 14:30:45,2026-05-21,2,乒乓球厅-12号,11:00-12:00,1,1,已售/已满,教学时间,晴,25,25,3,0.0,65,39
2026-05-21 15:00:45,2026-05-21,2,乒乓球厅-12号,11:00-12:00,1,1,已售/已满,教学时间,晴,25,22,4,0.0,56,39
2026-05-21 15:30:43,2026-05-21,2,乒乓球厅-12号,11:00-12:00,1,1,已售/已满,教学时间,晴,25,23,4,0.0,57,40
2026-05-21 16:00:51,2026-05-21,2,乒乓球厅-12号,11:00-12:00,1,1,已售/已满,教学时间,晴,25,23,4,0.0,57,40
2026-05-21 16:30:48,2026-05-21,2,乒乓球厅-12号,11:00-12:00,1,1,已售/已满,教学时间,晴,25,24,3,0.0,60,39
2026-05-21 17:00:49,2026-05-21,2,乒乓球厅-12号,11:00-12:00,1,1,已售/已满,教学时间,晴,25,24,4,0.0,61,39
2026-05-21 17:30:47,2026-05-21,2,乒乓球厅-12号,11:00-12:00,1,1,已售/已满,教学时间,多云,24,23,3,0.0,64,39
2026-05-21 18:00:50,2026-05-21,2,乒乓球厅-12号,11:00-12:00,1,1,已售/已满,教学时间,多云,24,23,3,0.0,68,39
2026-05-21 18:30:50,2026-05-21,2,乒乓球厅-12号,11:00-12:00,1,1,已售/已满,教学时间,阴,24,25,2,0.0,68,40
2026-05-21 19:00:50,2026-05-21,2,乒乓球厅-12号,11:00-12:00,1,1,已售/已满,教学时间,阴,23,23,3,0.0,76,40
2026-05-21 19:30:46,2026-05-21,2,乒乓球厅-12号,11:00-12:00,1,1,已售/已满,教学时间,阴,23,24,2,0.0,77,39
2026-05-21 20:00:49,2026-05-21,2,乒乓球厅-12号,11:00-12:00,1,1,已售/已满,教学时间,雾,22,23,2,0.0,89,39
2026-05-21 20:30:44,2026-05-21,2,乒乓球厅-12号,11:00-12:00,1,1,已售/已满,教学时间,雾,22,24,2,0.0,93,43
2026-05-21 21:00:56,2026-05-21,2,乒乓球厅-12号,11:00-12:00,1,1,已售/已满,教学时间,雾,20,21,2,0.0,98,43
2026-05-21 21:30:46,2026-05-21,2,乒乓球厅-12号,11:00-12:00,1,1,已售/已满,教学时间,雾,20,22,1,0.0,99,41
2026-05-21 22:01:02,2026-05-21,2,乒乓球厅-12号,11:00-12:00,1,1,已售/已满,教学时间,雾,19,20,2,0.0,93,41
2026-05-21 22:30:47,2026-05-21,2,乒乓球厅-12号,11:00-12:00,1,1,已售/已满,教学时间,雾,19,19,3,0.0,88,46
2026-05-21 23:00:56,2026-05-21,2,乒乓球厅-12号,11:00-12:00,1,1,已售/已满,教学时间,多云,18,17,3,0.0,85,46
2026-05-21 23:30:55,2026-05-21,2,乒乓球厅-12号,11:00-12:00,1,1,已售/已满,教学时间,多云,18,17,3,0.0,85,48
2026-05-21 00:30:49,2026-05-21,2,乒乓球厅-12号,12:00-12:55,0,1,可预约,￥0.0,多云,15,13,3,0.0,100,26
2026-05-21 01:00:55,2026-05-21,2,乒乓球厅-12号,12:00-12:55,0,1,可预约,￥0.0,多云,15,12,4,0.0,100,26
2026-05-21 01:30:47,2026-05-21,2,乒乓球厅-12号,12:00-12:55,0,1,可预约,￥0.0,多云,15,13,4,0.0,100,28
2026-05-21 02:00:53,2026-05-21,2,乒乓球厅-12号,12:00-12:55,0,1,可预约,￥0.0,多云,15,12,4,0.0,100,28
2026-05-21 02:30:49,2026-05-21,2,乒乓球厅-12号,12:00-12:55,0,1,可预约,￥0.0,多云,15,14,3,0.0,100,29
2026-05-21 03:00:55,2026-05-21,2,乒乓球厅-12号,12:00-12:55,0,1,可预约,￥0.0,多云,15,12,4,0.0,100,29
2026-05-21 03:30:49,2026-05-21,2,乒乓球厅-12号,12:00-12:55,0,1,可预约,￥0.0,多云,15,14,3,0.0,100,30
2026-05-21 04:30:45,2026-05-21,2,乒乓球厅-12号,12:00-12:55,0,1,可预约,￥0.0,多云,15,12,4,0.0,100,29
2026-05-21 05:00:52,2026-05-21,2,乒乓球厅-12号,12:00-12:55,0,1,可预约,￥0.0,多云,15,12,4,0.0,100,29
2026-05-21 05:30:49,2026-05-21,2,乒乓球厅-12号,12:00-12:55,0,1,可预约,￥0.0,多云,15,13,3,0.0,100,28
2026-05-21 06:00:50,2026-05-21,2,乒乓球厅-12号,12:00-12:55,0,1,可预约,￥0.0,多云,15,13,4,0.0,99,28
2026-05-21 06:30:38,2026-05-21,2,乒乓球厅-12号,12:00-12:55,0,1,可预约,￥0.0,多云,15,13,3,0.0,97,28
2026-05-21 07:00:43,2026-05-21,2,乒乓球厅-12号,12:00-12:55,0,1,可预约,￥0.0,晴,15,11,5,0.0,93,28
2026-05-21 07:30:39,2026-05-21,2,乒乓球厅-12号,12:00-12:55,0,1,可预约,￥0.0,晴,17,13,4,0.0,89,29
2026-05-21 07:50:40,2026-05-21,2,乒乓球厅-12号,12:00-12:55,0,1,可预约,￥0.0,晴,17,13,4,0.0,88,29
2026-05-21 07:53:31,2026-05-21,2,乒乓球厅-12号,12:00-12:55,0,1,可预约,￥0.0,晴,17,12,5,0.0,86,29
2026-05-21 07:56:31,2026-05-21,2,乒乓球厅-12号,12:00-12:55,0,1,可预约,￥0.0,晴,17,12,5,0.0,86,29
2026-05-21 07:59:26,2026-05-21,2,乒乓球厅-12号,12:00-12:55,0,1,可预约,￥0.0,晴,17,12,5,0.0,86,29
2026-05-21 08:00:45,2026-05-21,2,乒乓球厅-12号,12:00-12:55,0,1,可预约,￥0.0,晴,17,12,5,0.0,86,29
2026-05-21 08:02:30,2026-05-21,2,乒乓球厅-12号,12:00-12:55,0,1,可预约,￥0.0,多云,17,12,5,0.0,87,29
2026-05-21 08:05:36,2026-05-21,2,乒乓球厅-12号,12:00-12:55,0,1,可预约,￥0.0,多云,17,12,5,0.0,86,29
2026-05-21 08:08:31,2026-05-21,2,乒乓球厅-12号,12:00-12:55,0,1,可预约,￥0.0,多云,17,12,5,0.0,86,29
2026-05-21 08:11:30,2026-05-21,2,乒乓球厅-12号,12:00-12:55,0,1,可预约,￥0.0,多云,17,12,5,0.0,86,29
2026-05-21 08:14:31,2026-05-21,2,乒乓球厅-12号,12:00-12:55,0,1,可预约,￥0.0,多云,17,12,5,0.0,86,29
2026-05-21 08:17:30,2026-05-21,2,乒乓球厅-12号,12:00-12:55,0,1,可预约,￥0.0,多云,17,12,5,0.0,86,29
2026-05-21 08:20:35,2026-05-21,2,乒乓球厅-12号,12:00-12:55,0,1,可预约,￥0.0,多云,17,14,4,0.0,85,29
2026-05-21 08:25:32,2026-05-21,2,乒乓球厅-12号,12:00-12:55,0,1,可预约,￥0.0,多云,17,14,4,0.0,85,28
2026-05-21 08:30:42,2026-05-21,2,乒乓球厅-12号,12:00-12:55,0,1,可预约,￥0.0,多云,18,15,4,0.0,84,28
2026-05-21 08:35:31,2026-05-21,2,乒乓球厅-12号,12:00-12:55,0,1,可预约,￥0.0,多云,18,15,4,0.0,84,28
2026-05-21 08:40:38,2026-05-21,2,乒乓球厅-12号,12:00-12:55,0,1,可预约,￥0.0,多云,18,15,4,0.0,82,28
2026-05-21 08:45:33,2026-05-21,2,乒乓球厅-12号,12:00-12:55,0,1,可预约,￥0.0,多云,18,15,4,0.0,82,28
2026-05-21 08:50:36,2026-05-21,2,乒乓球厅-12号,12:00-12:55,0,1,可预约,￥0.0,多云,18,15,4,0.0,82,28
2026-05-21 08:55:34,2026-05-21,2,乒乓球厅-12号,12:00-12:55,0,1,可预约,￥0.0,多云,18,15,4,0.0,84,28
2026-05-21 09:00:51,2026-05-21,2,乒乓球厅-12号,12:00-12:55,0,1,可预约,￥0.0,多云,18,15,4,0.0,84,28
2026-05-21 09:01:59,2026-05-21,2,乒乓球厅-12号,12:00-12:55,0,1,可预约,￥0.0,多云,18,15,4,0.0,83,28
2026-05-21 09:05:33,2026-05-21,2,乒乓球厅-12号,12:00-12:55,0,1,可预约,￥0.0,多云,18,15,4,0.0,83,28
2026-05-21 09:20:38,2026-05-21,2,乒乓球厅-12号,12:00-12:55,0,1,可预约,￥0.0,多云,18,16,3,0.0,81,28
2026-05-21 09:30:46,2026-05-21,2,乒乓球厅-12号,12:00-12:55,0,1,可预约,￥0.0,多云,18,16,3,0.0,81,32
2026-05-21 09:40:36,2026-05-21,2,乒乓球厅-12号,12:00-12:55,0,1,可预约,￥0.0,多云,19,17,3,0.0,79,32
2026-05-21 09:50:42,2026-05-21,2,乒乓球厅-12号,12:00-12:55,0,1,可预约,￥0.0,多云,19,17,4,0.0,81,32
2026-05-21 10:00:46,2026-05-21,2,乒乓球厅-12号,12:00-12:55,0,1,可预约,￥0.0,多云,19,17,4,0.0,79,32
2026-05-21 10:10:40,2026-05-21,2,乒乓球厅-12号,12:00-12:55,0,1,可预约,￥0.0,多云,19,17,4,0.0,79,32
2026-05-21 10:20:38,2026-05-21,2,乒乓球厅-12号,12:00-12:55,0,1,可预约,￥0.0,多云,19,17,4,0.0,79,32
2026-05-21 10:30:41,2026-05-21,2,乒乓球厅-12号,12:00-12:55,0,1,可预约,￥0.0,多云,19,18,3,0.0,78,31
2026-05-21 11:00:44,2026-05-21,2,乒乓球厅-12号,12:00-12:55,0,1,可预约,￥0.0,多云,21,17,5,0.0,74,31
2026-05-21 11:30:38,2026-05-21,2,乒乓球厅-12号,12:00-12:55,0,1,可预约,￥0.0,多云,21,19,3,0.0,72,33
2026-05-21 12:00:46,2026-05-21,2,乒乓球厅-12号,12:00-12:55,0,1,可预约,￥0.0,多云,22,19,4,0.0,70,33
2026-05-21 12:30:42,2026-05-21,2,乒乓球厅-12号,12:00-12:55,0,1,可预约,￥0.0,多云,22,21,3,0.0,68,35
2026-05-21 13:00:43,2026-05-21,2,乒乓球厅-12号,12:00-12:55,0,1,不开放/已过期,,多云,24,22,4,0.0,66,35
2026-05-21 13:30:43,2026-05-21,2,乒乓球厅-12号,12:00-12:55,0,1,不开放/已过期,,多云,24,22,4,0.0,66,36
2026-05-21 14:00:48,2026-05-21,2,乒乓球厅-12号,12:00-12:55,0,1,不开放/已过期,,多云,25,23,4,0.0,66,36
2026-05-21 14:30:45,2026-05-21,2,乒乓球厅-12号,12:00-12:55,0,1,不开放/已过期,,晴,25,25,3,0.0,65,39
2026-05-21 15:00:45,2026-05-21,2,乒乓球厅-12号,12:00-12:55,0,1,不开放/已过期,,晴,25,22,4,0.0,56,39
2026-05-21 15:30:43,2026-05-21,2,乒乓球厅-12号,12:00-12:55,0,1,不开放/已过期,,晴,25,23,4,0.0,57,40
2026-05-21 16:00:51,2026-05-21,2,乒乓球厅-12号,12:00-12:55,0,1,不开放/已过期,,晴,25,23,4,0.0,57,40
2026-05-21 16:30:48,2026-05-21,2,乒乓球厅-12号,12:00-12:55,0,1,不开放/已过期,,晴,25,24,3,0.0,60,39
2026-05-21 17:00:49,2026-05-21,2,乒乓球厅-12号,12:00-12:55,0,1,不开放/已过期,,晴,25,24,4,0.0,61,39
2026-05-21 17:30:47,2026-05-21,2,乒乓球厅-12号,12:00-12:55,0,1,不开放/已过期,,多云,24,23,3,0.0,64,39
2026-05-21 18:00:50,2026-05-21,2,乒乓球厅-12号,12:00-12:55,0,1,不开放/已过期,,多云,24,23,3,0.0,68,39
2026-05-21 18:30:50,2026-05-21,2,乒乓球厅-12号,12:00-12:55,0,1,不开放/已过期,,阴,24,25,2,0.0,68,40
2026-05-21 19:00:50,2026-05-21,2,乒乓球厅-12号,12:00-12:55,0,1,不开放/已过期,,阴,23,23,3,0.0,76,40
2026-05-21 19:30:46,2026-05-21,2,乒乓球厅-12号,12:00-12:55,0,1,不开放/已过期,,阴,23,24,2,0.0,77,39
2026-05-21 20:00:49,2026-05-21,2,乒乓球厅-12号,12:00-12:55,0,1,不开放/已过期,,雾,22,23,2,0.0,89,39
2026-05-21 20:30:44,2026-05-21,2,乒乓球厅-12号,12:00-12:55,0,1,不开放/已过期,,雾,22,24,2,0.0,93,43
2026-05-21 21:00:56,2026-05-21,2,乒乓球厅-12号,12:00-12:55,0,1,不开放/已过期,,雾,20,21,2,0.0,98,43
2026-05-21 21:30:46,2026-05-21,2,乒乓球厅-12号,12:00-12:55,0,1,不开放/已过期,,雾,20,22,1,0.0,99,41
2026-05-21 22:01:02,2026-05-21,2,乒乓球厅-12号,12:00-12:55,0,1,不开放/已过期,,雾,19,20,2,0.0,93,41
2026-05-21 22:30:47,2026-05-21,2,乒乓球厅-12号,12:00-12:55,0,1,不开放/已过期,,雾,19,19,3,0.0,88,46
2026-05-21 23:00:56,2026-05-21,2,乒乓球厅-12号,12:00-12:55,0,1,不开放/已过期,,多云,18,17,3,0.0,85,46
2026-05-21 23:30:55,2026-05-21,2,乒乓球厅-12号,12:00-12:55,0,1,不开放/已过期,,多云,18,17,3,0.0,85,48
2026-05-21 00:30:49,2026-05-21,2,乒乓球厅-12号,12:55-13:50,0,1,可预约,￥0.0,多云,15,13,3,0.0,100,26
2026-05-21 01:00:55,2026-05-21,2,乒乓球厅-12号,12:55-13:50,0,1,可预约,￥0.0,多云,15,12,4,0.0,100,26
2026-05-21 01:30:47,2026-05-21,2,乒乓球厅-12号,12:55-13:50,0,1,可预约,￥0.0,多云,15,13,4,0.0,100,28
2026-05-21 02:00:53,2026-05-21,2,乒乓球厅-12号,12:55-13:50,0,1,可预约,￥0.0,多云,15,12,4,0.0,100,28
2026-05-21 02:30:49,2026-05-21,2,乒乓球厅-12号,12:55-13:50,0,1,可预约,￥0.0,多云,15,14,3,0.0,100,29
2026-05-21 03:00:55,2026-05-21,2,乒乓球厅-12号,12:55-13:50,0,1,可预约,￥0.0,多云,15,12,4,0.0,100,29
2026-05-21 03:30:49,2026-05-21,2,乒乓球厅-12号,12:55-13:50,0,1,可预约,￥0.0,多云,15,14,3,0.0,100,30
2026-05-21 04:30:45,2026-05-21,2,乒乓球厅-12号,12:55-13:50,0,1,可预约,￥0.0,多云,15,12,4,0.0,100,29
2026-05-21 05:00:52,2026-05-21,2,乒乓球厅-12号,12:55-13:50,0,1,可预约,￥0.0,多云,15,12,4,0.0,100,29
2026-05-21 05:30:49,2026-05-21,2,乒乓球厅-12号,12:55-13:50,0,1,可预约,￥0.0,多云,15,13,3,0.0,100,28
2026-05-21 06:00:50,2026-05-21,2,乒乓球厅-12号,12:55-13:50,0,1,可预约,￥0.0,多云,15,13,4,0.0,99,28
2026-05-21 06:30:38,2026-05-21,2,乒乓球厅-12号,12:55-13:50,0,1,可预约,￥0.0,多云,15,13,3,0.0,97,28
2026-05-21 07:00:43,2026-05-21,2,乒乓球厅-12号,12:55-13:50,0,1,可预约,￥0.0,晴,15,11,5,0.0,93,28
2026-05-21 07:30:39,2026-05-21,2,乒乓球厅-12号,12:55-13:50,0,1,可预约,￥0.0,晴,17,13,4,0.0,89,29
2026-05-21 07:50:40,2026-05-21,2,乒乓球厅-12号,12:55-13:50,0,1,可预约,￥0.0,晴,17,13,4,0.0,88,29
2026-05-21 07:53:31,2026-05-21,2,乒乓球厅-12号,12:55-13:50,0,1,可预约,￥0.0,晴,17,12,5,0.0,86,29
2026-05-21 07:56:31,2026-05-21,2,乒乓球厅-12号,12:55-13:50,0,1,可预约,￥0.0,晴,17,12,5,0.0,86,29
2026-05-21 07:59:26,2026-05-21,2,乒乓球厅-12号,12:55-13:50,0,1,可预约,￥0.0,晴,17,12,5,0.0,86,29
2026-05-21 08:00:45,2026-05-21,2,乒乓球厅-12号,12:55-13:50,0,1,可预约,￥0.0,晴,17,12,5,0.0,86,29
2026-05-21 08:02:30,2026-05-21,2,乒乓球厅-12号,12:55-13:50,0,1,可预约,￥0.0,多云,17,12,5,0.0,87,29
2026-05-21 08:05:36,2026-05-21,2,乒乓球厅-12号,12:55-13:50,0,1,可预约,￥0.0,多云,17,12,5,0.0,86,29
2026-05-21 08:08:31,2026-05-21,2,乒乓球厅-12号,12:55-13:50,0,1,可预约,￥0.0,多云,17,12,5,0.0,86,29
2026-05-21 08:11:30,2026-05-21,2,乒乓球厅-12号,12:55-13:50,0,1,可预约,￥0.0,多云,17,12,5,0.0,86,29
2026-05-21 08:14:31,2026-05-21,2,乒乓球厅-12号,12:55-13:50,0,1,可预约,￥0.0,多云,17,12,5,0.0,86,29
2026-05-21 08:17:30,2026-05-21,2,乒乓球厅-12号,12:55-13:50,0,1,可预约,￥0.0,多云,17,12,5,0.0,86,29
2026-05-21 08:20:35,2026-05-21,2,乒乓球厅-12号,12:55-13:50,0,1,可预约,￥0.0,多云,17,14,4,0.0,85,29
2026-05-21 08:25:32,2026-05-21,2,乒乓球厅-12号,12:55-13:50,0,1,可预约,￥0.0,多云,17,14,4,0.0,85,28
2026-05-21 08:30:42,2026-05-21,2,乒乓球厅-12号,12:55-13:50,0,1,可预约,￥0.0,多云,18,15,4,0.0,84,28
2026-05-21 08:35:31,2026-05-21,2,乒乓球厅-12号,12:55-13:50,0,1,可预约,￥0.0,多云,18,15,4,0.0,84,28
2026-05-21 08:40:38,2026-05-21,2,乒乓球厅-12号,12:55-13:50,0,1,可预约,￥0.0,多云,18,15,4,0.0,82,28
2026-05-21 08:45:33,2026-05-21,2,乒乓球厅-12号,12:55-13:50,0,1,可预约,￥0.0,多云,18,15,4,0.0,82,28
2026-05-21 08:50:36,2026-05-21,2,乒乓球厅-12号,12:55-13:50,0,1,可预约,￥0.0,多云,18,15,4,0.0,82,28
2026-05-21 08:55:34,2026-05-21,2,乒乓球厅-12号,12:55-13:50,0,1,可预约,￥0.0,多云,18,15,4,0.0,84,28
2026-05-21 09:00:51,2026-05-21,2,乒乓球厅-12号,12:55-13:50,0,1,可预约,￥0.0,多云,18,15,4,0.0,84,28
2026-05-21 09:01:59,2026-05-21,2,乒乓球厅-12号,12:55-13:50,0,1,可预约,￥0.0,多云,18,15,4,0.0,83,28
2026-05-21 09:05:33,2026-05-21,2,乒乓球厅-12号,12:55-13:50,0,1,可预约,￥0.0,多云,18,15,4,0.0,83,28
2026-05-21 09:20:38,2026-05-21,2,乒乓球厅-12号,12:55-13:50,0,1,可预约,￥0.0,多云,18,16,3,0.0,81,28
2026-05-21 09:30:46,2026-05-21,2,乒乓球厅-12号,12:55-13:50,0,1,可预约,￥0.0,多云,18,16,3,0.0,81,32
2026-05-21 09:40:36,2026-05-21,2,乒乓球厅-12号,12:55-13:50,0,1,可预约,￥0.0,多云,19,17,3,0.0,79,32
2026-05-21 09:50:42,2026-05-21,2,乒乓球厅-12号,12:55-13:50,0,1,可预约,￥0.0,多云,19,17,4,0.0,81,32
2026-05-21 10:00:46,2026-05-21,2,乒乓球厅-12号,12:55-13:50,0,1,可预约,￥0.0,多云,19,17,4,0.0,79,32
2026-05-21 10:10:40,2026-05-21,2,乒乓球厅-12号,12:55-13:50,0,1,可预约,￥0.0,多云,19,17,4,0.0,79,32
2026-05-21 10:20:38,2026-05-21,2,乒乓球厅-12号,12:55-13:50,0,1,可预约,￥0.0,多云,19,17,4,0.0,79,32
2026-05-21 10:30:41,2026-05-21,2,乒乓球厅-12号,12:55-13:50,0,1,可预约,￥0.0,多云,19,18,3,0.0,78,31
2026-05-21 11:00:44,2026-05-21,2,乒乓球厅-12号,12:55-13:50,0,1,可预约,￥0.0,多云,21,17,5,0.0,74,31
2026-05-21 11:30:38,2026-05-21,2,乒乓球厅-12号,12:55-13:50,0,1,可预约,￥0.0,多云,21,19,3,0.0,72,33
2026-05-21 12:00:46,2026-05-21,2,乒乓球厅-12号,12:55-13:50,0,1,可预约,￥0.0,多云,22,19,4,0.0,70,33
2026-05-21 12:30:42,2026-05-21,2,乒乓球厅-12号,12:55-13:50,0,1,可预约,￥0.0,多云,22,21,3,0.0,68,35
2026-05-21 13:00:43,2026-05-21,2,乒乓球厅-12号,12:55-13:50,0,1,可预约,￥0.0,多云,24,22,4,0.0,66,35
2026-05-21 13:30:43,2026-05-21,2,乒乓球厅-12号,12:55-13:50,0,1,可预约,￥0.0,多云,24,22,4,0.0,66,36
2026-05-21 14:00:48,2026-05-21,2,乒乓球厅-12号,12:55-13:50,0,1,不开放/已过期,,多云,25,23,4,0.0,66,36
2026-05-21 14:30:45,2026-05-21,2,乒乓球厅-12号,12:55-13:50,0,1,不开放/已过期,,晴,25,25,3,0.0,65,39
2026-05-21 15:00:45,2026-05-21,2,乒乓球厅-12号,12:55-13:50,0,1,不开放/已过期,,晴,25,22,4,0.0,56,39
2026-05-21 15:30:43,2026-05-21,2,乒乓球厅-12号,12:55-13:50,0,1,不开放/已过期,,晴,25,23,4,0.0,57,40
2026-05-21 16:00:51,2026-05-21,2,乒乓球厅-12号,12:55-13:50,0,1,不开放/已过期,,晴,25,23,4,0.0,57,40
2026-05-21 16:30:48,2026-05-21,2,乒乓球厅-12号,12:55-13:50,0,1,不开放/已过期,,晴,25,24,3,0.0,60,39
2026-05-21 17:00:49,2026-05-21,2,乒乓球厅-12号,12:55-13:50,0,1,不开放/已过期,,晴,25,24,4,0.0,61,39
2026-05-21 17:30:47,2026-05-21,2,乒乓球厅-12号,12:55-13:50,0,1,不开放/已过期,,多云,24,23,3,0.0,64,39
2026-05-21 18:00:50,2026-05-21,2,乒乓球厅-12号,12:55-13:50,0,1,不开放/已过期,,多云,24,23,3,0.0,68,39
2026-05-21 18:30:50,2026-05-21,2,乒乓球厅-12号,12:55-13:50,0,1,不开放/已过期,,阴,24,25,2,0.0,68,40
2026-05-21 19:00:50,2026-05-21,2,乒乓球厅-12号,12:55-13:50,0,1,不开放/已过期,,阴,23,23,3,0.0,76,40
2026-05-21 19:30:46,2026-05-21,2,乒乓球厅-12号,12:55-13:50,0,1,不开放/已过期,,阴,23,24,2,0.0,77,39
2026-05-21 20:00:49,2026-05-21,2,乒乓球厅-12号,12:55-13:50,0,1,不开放/已过期,,雾,22,23,2,0.0,89,39
2026-05-21 20:30:44,2026-05-21,2,乒乓球厅-12号,12:55-13:50,0,1,不开放/已过期,,雾,22,24,2,0.0,93,43
2026-05-21 21:00:56,2026-05-21,2,乒乓球厅-12号,12:55-13:50,0,1,不开放/已过期,,雾,20,21,2,0.0,98,43
2026-05-21 21:30:46,2026-05-21,2,乒乓球厅-12号,12:55-13:50,0,1,不开放/已过期,,雾,20,22,1,0.0,99,41
2026-05-21 22:01:02,2026-05-21,2,乒乓球厅-12号,12:55-13:50,0,1,不开放/已过期,,雾,19,20,2,0.0,93,41
2026-05-21 22:30:47,2026-05-21,2,乒乓球厅-12号,12:55-13:50,0,1,不开放/已过期,,雾,19,19,3,0.0,88,46
2026-05-21 23:00:56,2026-05-21,2,乒乓球厅-12号,12:55-13:50,0,1,不开放/已过期,,多云,18,17,3,0.0,85,46
2026-05-21 23:30:55,2026-05-21,2,乒乓球厅-12号,12:55-13:50,0,1,不开放/已过期,,多云,18,17,3,0.0,85,48
2026-05-21 00:30:49,2026-05-21,2,乒乓球厅-12号,14:00-15:00,0,1,可预约,￥5.0,多云,15,13,3,0.0,100,26
2026-05-21 01:00:55,2026-05-21,2,乒乓球厅-12号,14:00-15:00,0,1,可预约,￥5.0,多云,15,12,4,0.0,100,26
2026-05-21 01:30:47,2026-05-21,2,乒乓球厅-12号,14:00-15:00,0,1,可预约,￥5.0,多云,15,13,4,0.0,100,28
2026-05-21 02:00:53,2026-05-21,2,乒乓球厅-12号,14:00-15:00,0,1,可预约,￥5.0,多云,15,12,4,0.0,100,28
2026-05-21 02:30:49,2026-05-21,2,乒乓球厅-12号,14:00-15:00,0,1,可预约,￥5.0,多云,15,14,3,0.0,100,29
2026-05-21 03:00:55,2026-05-21,2,乒乓球厅-12号,14:00-15:00,0,1,可预约,￥5.0,多云,15,12,4,0.0,100,29
2026-05-21 03:30:49,2026-05-21,2,乒乓球厅-12号,14:00-15:00,0,1,可预约,￥5.0,多云,15,14,3,0.0,100,30
2026-05-21 04:30:45,2026-05-21,2,乒乓球厅-12号,14:00-15:00,0,1,可预约,￥5.0,多云,15,12,4,0.0,100,29
2026-05-21 05:00:52,2026-05-21,2,乒乓球厅-12号,14:00-15:00,0,1,可预约,￥5.0,多云,15,12,4,0.0,100,29
2026-05-21 05:30:49,2026-05-21,2,乒乓球厅-12号,14:00-15:00,0,1,可预约,￥5.0,多云,15,13,3,0.0,100,28
2026-05-21 06:00:50,2026-05-21,2,乒乓球厅-12号,14:00-15:00,0,1,可预约,￥5.0,多云,15,13,4,0.0,99,28
2026-05-21 06:30:38,2026-05-21,2,乒乓球厅-12号,14:00-15:00,0,1,可预约,￥5.0,多云,15,13,3,0.0,97,28
2026-05-21 07:00:43,2026-05-21,2,乒乓球厅-12号,14:00-15:00,0,1,可预约,￥5.0,晴,15,11,5,0.0,93,28
2026-05-21 07:30:39,2026-05-21,2,乒乓球厅-12号,14:00-15:00,0,1,可预约,￥5.0,晴,17,13,4,0.0,89,29
2026-05-21 07:50:40,2026-05-21,2,乒乓球厅-12号,14:00-15:00,0,1,可预约,￥5.0,晴,17,13,4,0.0,88,29
2026-05-21 07:53:31,2026-05-21,2,乒乓球厅-12号,14:00-15:00,0,1,可预约,￥5.0,晴,17,12,5,0.0,86,29
2026-05-21 07:56:31,2026-05-21,2,乒乓球厅-12号,14:00-15:00,0,1,可预约,￥5.0,晴,17,12,5,0.0,86,29
2026-05-21 07:59:26,2026-05-21,2,乒乓球厅-12号,14:00-15:00,0,1,可预约,￥5.0,晴,17,12,5,0.0,86,29
2026-05-21 08:00:45,2026-05-21,2,乒乓球厅-12号,14:00-15:00,0,1,可预约,￥5.0,晴,17,12,5,0.0,86,29
2026-05-21 08:02:30,2026-05-21,2,乒乓球厅-12号,14:00-15:00,0,1,可预约,￥5.0,多云,17,12,5,0.0,87,29
2026-05-21 08:05:36,2026-05-21,2,乒乓球厅-12号,14:00-15:00,0,1,可预约,￥5.0,多云,17,12,5,0.0,86,29
2026-05-21 08:08:31,2026-05-21,2,乒乓球厅-12号,14:00-15:00,0,1,可预约,￥5.0,多云,17,12,5,0.0,86,29
2026-05-21 08:11:30,2026-05-21,2,乒乓球厅-12号,14:00-15:00,0,1,可预约,￥5.0,多云,17,12,5,0.0,86,29
2026-05-21 08:14:31,2026-05-21,2,乒乓球厅-12号,14:00-15:00,0,1,可预约,￥5.0,多云,17,12,5,0.0,86,29
2026-05-21 08:17:30,2026-05-21,2,乒乓球厅-12号,14:00-15:00,0,1,可预约,￥5.0,多云,17,12,5,0.0,86,29
2026-05-21 08:20:35,2026-05-21,2,乒乓球厅-12号,14:00-15:00,0,1,可预约,￥5.0,多云,17,14,4,0.0,85,29
2026-05-21 08:25:32,2026-05-21,2,乒乓球厅-12号,14:00-15:00,0,1,可预约,￥5.0,多云,17,14,4,0.0,85,28
2026-05-21 08:30:42,2026-05-21,2,乒乓球厅-12号,14:00-15:00,0,1,可预约,￥5.0,多云,18,15,4,0.0,84,28
2026-05-21 08:35:31,2026-05-21,2,乒乓球厅-12号,14:00-15:00,0,1,可预约,￥5.0,多云,18,15,4,0.0,84,28
2026-05-21 08:40:38,2026-05-21,2,乒乓球厅-12号,14:00-15:00,0,1,可预约,￥5.0,多云,18,15,4,0.0,82,28
2026-05-21 08:45:33,2026-05-21,2,乒乓球厅-12号,14:00-15:00,0,1,可预约,￥5.0,多云,18,15,4,0.0,82,28
2026-05-21 08:50:36,2026-05-21,2,乒乓球厅-12号,14:00-15:00,0,1,可预约,￥5.0,多云,18,15,4,0.0,82,28
2026-05-21 08:55:34,2026-05-21,2,乒乓球厅-12号,14:00-15:00,0,1,可预约,￥5.0,多云,18,15,4,0.0,84,28
2026-05-21 09:00:51,2026-05-21,2,乒乓球厅-12号,14:00-15:00,0,1,可预约,￥5.0,多云,18,15,4,0.0,84,28
2026-05-21 09:01:59,2026-05-21,2,乒乓球厅-12号,14:00-15:00,0,1,可预约,￥5.0,多云,18,15,4,0.0,83,28
2026-05-21 09:05:33,2026-05-21,2,乒乓球厅-12号,14:00-15:00,0,1,可预约,￥5.0,多云,18,15,4,0.0,83,28
2026-05-21 09:20:38,2026-05-21,2,乒乓球厅-12号,14:00-15:00,0,1,可预约,￥5.0,多云,18,16,3,0.0,81,28
2026-05-21 09:30:46,2026-05-21,2,乒乓球厅-12号,14:00-15:00,0,1,可预约,￥5.0,多云,18,16,3,0.0,81,32
2026-05-21 09:40:36,2026-05-21,2,乒乓球厅-12号,14:00-15:00,0,1,可预约,￥5.0,多云,19,17,3,0.0,79,32
2026-05-21 09:50:42,2026-05-21,2,乒乓球厅-12号,14:00-15:00,0,1,可预约,￥5.0,多云,19,17,4,0.0,81,32
2026-05-21 10:00:46,2026-05-21,2,乒乓球厅-12号,14:00-15:00,0,1,可预约,￥5.0,多云,19,17,4,0.0,79,32
2026-05-21 10:10:40,2026-05-21,2,乒乓球厅-12号,14:00-15:00,0,1,可预约,￥5.0,多云,19,17,4,0.0,79,32
2026-05-21 10:20:38,2026-05-21,2,乒乓球厅-12号,14:00-15:00,0,1,可预约,￥5.0,多云,19,17,4,0.0,79,32
2026-05-21 10:30:41,2026-05-21,2,乒乓球厅-12号,14:00-15:00,0,1,可预约,￥5.0,多云,19,18,3,0.0,78,31
2026-05-21 11:00:44,2026-05-21,2,乒乓球厅-12号,14:00-15:00,0,1,可预约,￥5.0,多云,21,17,5,0.0,74,31
2026-05-21 11:30:38,2026-05-21,2,乒乓球厅-12号,14:00-15:00,0,1,可预约,￥5.0,多云,21,19,3,0.0,72,33
2026-05-21 12:00:46,2026-05-21,2,乒乓球厅-12号,14:00-15:00,0,1,可预约,￥5.0,多云,22,19,4,0.0,70,33
2026-05-21 12:30:42,2026-05-21,2,乒乓球厅-12号,14:00-15:00,0,1,可预约,￥5.0,多云,22,21,3,0.0,68,35
2026-05-21 13:00:43,2026-05-21,2,乒乓球厅-12号,14:00-15:00,0,1,可预约,￥5.0,多云,24,22,4,0.0,66,35
2026-05-21 13:30:43,2026-05-21,2,乒乓球厅-12号,14:00-15:00,0,1,可预约,￥5.0,多云,24,22,4,0.0,66,36
2026-05-21 14:00:48,2026-05-21,2,乒乓球厅-12号,14:00-15:00,0,1,可预约,￥5.0,多云,25,23,4,0.0,66,36
2026-05-21 14:30:45,2026-05-21,2,乒乓球厅-12号,14:00-15:00,0,1,可预约,￥5.0,晴,25,25,3,0.0,65,39
2026-05-21 15:00:45,2026-05-21,2,乒乓球厅-12号,14:00-15:00,0,1,不开放/已过期,,晴,25,22,4,0.0,56,39
2026-05-21 15:30:43,2026-05-21,2,乒乓球厅-12号,14:00-15:00,0,1,不开放/已过期,,晴,25,23,4,0.0,57,40
2026-05-21 16:00:51,2026-05-21,2,乒乓球厅-12号,14:00-15:00,0,1,不开放/已过期,,晴,25,23,4,0.0,57,40
2026-05-21 16:30:48,2026-05-21,2,乒乓球厅-12号,14:00-15:00,0,1,不开放/已过期,,晴,25,24,3,0.0,60,39
2026-05-21 17:00:49,2026-05-21,2,乒乓球厅-12号,14:00-15:00,0,1,不开放/已过期,,晴,25,24,4,0.0,61,39
2026-05-21 17:30:47,2026-05-21,2,乒乓球厅-12号,14:00-15:00,0,1,不开放/已过期,,多云,24,23,3,0.0,64,39
2026-05-21 18:00:50,2026-05-21,2,乒乓球厅-12号,14:00-15:00,0,1,不开放/已过期,,多云,24,23,3,0.0,68,39
2026-05-21 18:30:50,2026-05-21,2,乒乓球厅-12号,14:00-15:00,0,1,不开放/已过期,,阴,24,25,2,0.0,68,40
2026-05-21 19:00:50,2026-05-21,2,乒乓球厅-12号,14:00-15:00,0,1,不开放/已过期,,阴,23,23,3,0.0,76,40
2026-05-21 19:30:46,2026-05-21,2,乒乓球厅-12号,14:00-15:00,0,1,不开放/已过期,,阴,23,24,2,0.0,77,39
2026-05-21 20:00:49,2026-05-21,2,乒乓球厅-12号,14:00-15:00,0,1,不开放/已过期,,雾,22,23,2,0.0,89,39
2026-05-21 20:30:44,2026-05-21,2,乒乓球厅-12号,14:00-15:00,0,1,不开放/已过期,,雾,22,24,2,0.0,93,43
2026-05-21 21:00:56,2026-05-21,2,乒乓球厅-12号,14:00-15:00,0,1,不开放/已过期,,雾,20,21,2,0.0,98,43
2026-05-21 21:30:46,2026-05-21,2,乒乓球厅-12号,14:00-15:00,0,1,不开放/已过期,,雾,20,22,1,0.0,99,41
2026-05-21 22:01:02,2026-05-21,2,乒乓球厅-12号,14:00-15:00,0,1,不开放/已过期,,雾,19,20,2,0.0,93,41
2026-05-21 22:30:47,2026-05-21,2,乒乓球厅-12号,14:00-15:00,0,1,不开放/已过期,,雾,19,19,3,0.0,88,46
2026-05-21 23:00:56,2026-05-21,2,乒乓球厅-12号,14:00-15:00,0,1,不开放/已过期,,多云,18,17,3,0.0,85,46
2026-05-21 23:30:55,2026-05-21,2,乒乓球厅-12号,14:00-15:00,0,1,不开放/已过期,,多云,18,17,3,0.0,85,48
2026-05-21 00:30:49,2026-05-21,2,乒乓球厅-12号,15:00-16:00,0,1,可预约,￥5.0,多云,15,13,3,0.0,100,26
2026-05-21 01:00:55,2026-05-21,2,乒乓球厅-12号,15:00-16:00,0,1,可预约,￥5.0,多云,15,12,4,0.0,100,26
2026-05-21 01:30:47,2026-05-21,2,乒乓球厅-12号,15:00-16:00,0,1,可预约,￥5.0,多云,15,13,4,0.0,100,28
2026-05-21 02:00:53,2026-05-21,2,乒乓球厅-12号,15:00-16:00,0,1,可预约,￥5.0,多云,15,12,4,0.0,100,28
2026-05-21 02:30:49,2026-05-21,2,乒乓球厅-12号,15:00-16:00,0,1,可预约,￥5.0,多云,15,14,3,0.0,100,29
2026-05-21 03:00:55,2026-05-21,2,乒乓球厅-12号,15:00-16:00,0,1,可预约,￥5.0,多云,15,12,4,0.0,100,29
2026-05-21 03:30:49,2026-05-21,2,乒乓球厅-12号,15:00-16:00,0,1,可预约,￥5.0,多云,15,14,3,0.0,100,30
2026-05-21 04:30:45,2026-05-21,2,乒乓球厅-12号,15:00-16:00,0,1,可预约,￥5.0,多云,15,12,4,0.0,100,29
2026-05-21 05:00:52,2026-05-21,2,乒乓球厅-12号,15:00-16:00,0,1,可预约,￥5.0,多云,15,12,4,0.0,100,29
2026-05-21 05:30:49,2026-05-21,2,乒乓球厅-12号,15:00-16:00,0,1,可预约,￥5.0,多云,15,13,3,0.0,100,28
2026-05-21 06:00:50,2026-05-21,2,乒乓球厅-12号,15:00-16:00,0,1,可预约,￥5.0,多云,15,13,4,0.0,99,28
2026-05-21 06:30:38,2026-05-21,2,乒乓球厅-12号,15:00-16:00,0,1,可预约,￥5.0,多云,15,13,3,0.0,97,28
2026-05-21 07:00:43,2026-05-21,2,乒乓球厅-12号,15:00-16:00,0,1,可预约,￥5.0,晴,15,11,5,0.0,93,28
2026-05-21 07:30:39,2026-05-21,2,乒乓球厅-12号,15:00-16:00,0,1,可预约,￥5.0,晴,17,13,4,0.0,89,29
2026-05-21 07:50:40,2026-05-21,2,乒乓球厅-12号,15:00-16:00,0,1,可预约,￥5.0,晴,17,13,4,0.0,88,29
2026-05-21 07:53:31,2026-05-21,2,乒乓球厅-12号,15:00-16:00,0,1,可预约,￥5.0,晴,17,12,5,0.0,86,29
2026-05-21 07:56:31,2026-05-21,2,乒乓球厅-12号,15:00-16:00,0,1,可预约,￥5.0,晴,17,12,5,0.0,86,29
2026-05-21 07:59:26,2026-05-21,2,乒乓球厅-12号,15:00-16:00,0,1,可预约,￥5.0,晴,17,12,5,0.0,86,29
2026-05-21 08:00:45,2026-05-21,2,乒乓球厅-12号,15:00-16:00,0,1,可预约,￥5.0,晴,17,12,5,0.0,86,29
2026-05-21 08:02:30,2026-05-21,2,乒乓球厅-12号,15:00-16:00,0,1,可预约,￥5.0,多云,17,12,5,0.0,87,29
2026-05-21 08:05:36,2026-05-21,2,乒乓球厅-12号,15:00-16:00,0,1,可预约,￥5.0,多云,17,12,5,0.0,86,29
2026-05-21 08:08:31,2026-05-21,2,乒乓球厅-12号,15:00-16:00,0,1,可预约,￥5.0,多云,17,12,5,0.0,86,29
2026-05-21 08:11:30,2026-05-21,2,乒乓球厅-12号,15:00-16:00,0,1,可预约,￥5.0,多云,17,12,5,0.0,86,29
2026-05-21 08:14:31,2026-05-21,2,乒乓球厅-12号,15:00-16:00,0,1,可预约,￥5.0,多云,17,12,5,0.0,86,29
2026-05-21 08:17:30,2026-05-21,2,乒乓球厅-12号,15:00-16:00,0,1,可预约,￥5.0,多云,17,12,5,0.0,86,29
2026-05-21 08:20:35,2026-05-21,2,乒乓球厅-12号,15:00-16:00,0,1,可预约,￥5.0,多云,17,14,4,0.0,85,29
2026-05-21 08:25:32,2026-05-21,2,乒乓球厅-12号,15:00-16:00,0,1,可预约,￥5.0,多云,17,14,4,0.0,85,28
2026-05-21 08:30:42,2026-05-21,2,乒乓球厅-12号,15:00-16:00,0,1,可预约,￥5.0,多云,18,15,4,0.0,84,28
2026-05-21 08:35:31,2026-05-21,2,乒乓球厅-12号,15:00-16:00,0,1,可预约,￥5.0,多云,18,15,4,0.0,84,28
2026-05-21 08:40:38,2026-05-21,2,乒乓球厅-12号,15:00-16:00,0,1,可预约,￥5.0,多云,18,15,4,0.0,82,28
2026-05-21 08:45:33,2026-05-21,2,乒乓球厅-12号,15:00-16:00,0,1,可预约,￥5.0,多云,18,15,4,0.0,82,28
2026-05-21 08:50:36,2026-05-21,2,乒乓球厅-12号,15:00-16:00,0,1,可预约,￥5.0,多云,18,15,4,0.0,82,28
2026-05-21 08:55:34,2026-05-21,2,乒乓球厅-12号,15:00-16:00,0,1,可预约,￥5.0,多云,18,15,4,0.0,84,28
2026-05-21 09:00:51,2026-05-21,2,乒乓球厅-12号,15:00-16:00,0,1,可预约,￥5.0,多云,18,15,4,0.0,84,28
2026-05-21 09:01:59,2026-05-21,2,乒乓球厅-12号,15:00-16:00,0,1,可预约,￥5.0,多云,18,15,4,0.0,83,28
2026-05-21 09:05:33,2026-05-21,2,乒乓球厅-12号,15:00-16:00,0,1,可预约,￥5.0,多云,18,15,4,0.0,83,28
2026-05-21 09:20:38,2026-05-21,2,乒乓球厅-12号,15:00-16:00,0,1,可预约,￥5.0,多云,18,16,3,0.0,81,28
2026-05-21 09:30:46,2026-05-21,2,乒乓球厅-12号,15:00-16:00,0,1,可预约,￥5.0,多云,18,16,3,0.0,81,32
2026-05-21 09:40:36,2026-05-21,2,乒乓球厅-12号,15:00-16:00,0,1,可预约,￥5.0,多云,19,17,3,0.0,79,32
2026-05-21 09:50:42,2026-05-21,2,乒乓球厅-12号,15:00-16:00,0,1,可预约,￥5.0,多云,19,17,4,0.0,81,32
2026-05-21 10:00:46,2026-05-21,2,乒乓球厅-12号,15:00-16:00,0,1,可预约,￥5.0,多云,19,17,4,0.0,79,32
2026-05-21 10:10:40,2026-05-21,2,乒乓球厅-12号,15:00-16:00,0,1,可预约,￥5.0,多云,19,17,4,0.0,79,32
2026-05-21 10:20:38,2026-05-21,2,乒乓球厅-12号,15:00-16:00,0,1,可预约,￥5.0,多云,19,17,4,0.0,79,32
2026-05-21 10:30:41,2026-05-21,2,乒乓球厅-12号,15:00-16:00,0,1,可预约,￥5.0,多云,19,18,3,0.0,78,31
2026-05-21 11:00:44,2026-05-21,2,乒乓球厅-12号,15:00-16:00,0,1,可预约,￥5.0,多云,21,17,5,0.0,74,31
2026-05-21 11:30:38,2026-05-21,2,乒乓球厅-12号,15:00-16:00,0,1,可预约,￥5.0,多云,21,19,3,0.0,72,33
2026-05-21 12:00:46,2026-05-21,2,乒乓球厅-12号,15:00-16:00,0,1,可预约,￥5.0,多云,22,19,4,0.0,70,33
2026-05-21 12:30:42,2026-05-21,2,乒乓球厅-12号,15:00-16:00,0,1,可预约,￥5.0,多云,22,21,3,0.0,68,35
2026-05-21 13:00:43,2026-05-21,2,乒乓球厅-12号,15:00-16:00,0,1,可预约,￥5.0,多云,24,22,4,0.0,66,35
2026-05-21 13:30:43,2026-05-21,2,乒乓球厅-12号,15:00-16:00,0,1,可预约,￥5.0,多云,24,22,4,0.0,66,36
2026-05-21 14:00:48,2026-05-21,2,乒乓球厅-12号,15:00-16:00,0,1,可预约,￥5.0,多云,25,23,4,0.0,66,36
2026-05-21 14:30:45,2026-05-21,2,乒乓球厅-12号,15:00-16:00,0,1,可预约,￥5.0,晴,25,25,3,0.0,65,39
2026-05-21 15:00:45,2026-05-21,2,乒乓球厅-12号,15:00-16:00,0,1,可预约,￥5.0,晴,25,22,4,0.0,56,39
2026-05-21 15:30:43,2026-05-21,2,乒乓球厅-12号,15:00-16:00,0,1,可预约,￥5.0,晴,25,23,4,0.0,57,40
2026-05-21 16:00:51,2026-05-21,2,乒乓球厅-12号,15:00-16:00,0,1,不开放/已过期,,晴,25,23,4,0.0,57,40
2026-05-21 16:30:48,2026-05-21,2,乒乓球厅-12号,15:00-16:00,0,1,不开放/已过期,,晴,25,24,3,0.0,60,39
2026-05-21 17:00:49,2026-05-21,2,乒乓球厅-12号,15:00-16:00,0,1,不开放/已过期,,晴,25,24,4,0.0,61,39
2026-05-21 17:30:47,2026-05-21,2,乒乓球厅-12号,15:00-16:00,0,1,不开放/已过期,,多云,24,23,3,0.0,64,39
2026-05-21 18:00:50,2026-05-21,2,乒乓球厅-12号,15:00-16:00,0,1,不开放/已过期,,多云,24,23,3,0.0,68,39
2026-05-21 18:30:50,2026-05-21,2,乒乓球厅-12号,15:00-16:00,0,1,不开放/已过期,,阴,24,25,2,0.0,68,40
2026-05-21 19:00:50,2026-05-21,2,乒乓球厅-12号,15:00-16:00,0,1,不开放/已过期,,阴,23,23,3,0.0,76,40
2026-05-21 19:30:46,2026-05-21,2,乒乓球厅-12号,15:00-16:00,0,1,不开放/已过期,,阴,23,24,2,0.0,77,39
2026-05-21 20:00:49,2026-05-21,2,乒乓球厅-12号,15:00-16:00,0,1,不开放/已过期,,雾,22,23,2,0.0,89,39
2026-05-21 20:30:44,2026-05-21,2,乒乓球厅-12号,15:00-16:00,0,1,不开放/已过期,,雾,22,24,2,0.0,93,43
2026-05-21 21:00:56,2026-05-21,2,乒乓球厅-12号,15:00-16:00,0,1,不开放/已过期,,雾,20,21,2,0.0,98,43
2026-05-21 21:30:46,2026-05-21,2,乒乓球厅-12号,15:00-16:00,0,1,不开放/已过期,,雾,20,22,1,0.0,99,41
2026-05-21 22:01:02,2026-05-21,2,乒乓球厅-12号,15:00-16:00,0,1,不开放/已过期,,雾,19,20,2,0.0,93,41
2026-05-21 22:30:47,2026-05-21,2,乒乓球厅-12号,15:00-16:00,0,1,不开放/已过期,,雾,19,19,3,0.0,88,46
2026-05-21 23:00:56,2026-05-21,2,乒乓球厅-12号,15:00-16:00,0,1,不开放/已过期,,多云,18,17,3,0.0,85,46
2026-05-21 23:30:55,2026-05-21,2,乒乓球厅-12号,15:00-16:00,0,1,不开放/已过期,,多云,18,17,3,0.0,85,48
2026-05-21 00:30:49,2026-05-21,2,乒乓球厅-12号,16:00-17:00,0,1,可预约,￥5.0,多云,15,13,3,0.0,100,26
2026-05-21 01:00:55,2026-05-21,2,乒乓球厅-12号,16:00-17:00,0,1,可预约,￥5.0,多云,15,12,4,0.0,100,26
2026-05-21 01:30:47,2026-05-21,2,乒乓球厅-12号,16:00-17:00,0,1,可预约,￥5.0,多云,15,13,4,0.0,100,28
2026-05-21 02:00:53,2026-05-21,2,乒乓球厅-12号,16:00-17:00,0,1,可预约,￥5.0,多云,15,12,4,0.0,100,28
2026-05-21 02:30:49,2026-05-21,2,乒乓球厅-12号,16:00-17:00,0,1,可预约,￥5.0,多云,15,14,3,0.0,100,29
2026-05-21 03:00:55,2026-05-21,2,乒乓球厅-12号,16:00-17:00,0,1,可预约,￥5.0,多云,15,12,4,0.0,100,29
2026-05-21 03:30:49,2026-05-21,2,乒乓球厅-12号,16:00-17:00,0,1,可预约,￥5.0,多云,15,14,3,0.0,100,30
2026-05-21 04:30:45,2026-05-21,2,乒乓球厅-12号,16:00-17:00,0,1,可预约,￥5.0,多云,15,12,4,0.0,100,29
2026-05-21 05:00:52,2026-05-21,2,乒乓球厅-12号,16:00-17:00,0,1,可预约,￥5.0,多云,15,12,4,0.0,100,29
2026-05-21 05:30:49,2026-05-21,2,乒乓球厅-12号,16:00-17:00,0,1,可预约,￥5.0,多云,15,13,3,0.0,100,28
2026-05-21 06:00:50,2026-05-21,2,乒乓球厅-12号,16:00-17:00,0,1,可预约,￥5.0,多云,15,13,4,0.0,99,28
2026-05-21 06:30:38,2026-05-21,2,乒乓球厅-12号,16:00-17:00,0,1,可预约,￥5.0,多云,15,13,3,0.0,97,28
2026-05-21 07:00:43,2026-05-21,2,乒乓球厅-12号,16:00-17:00,0,1,可预约,￥5.0,晴,15,11,5,0.0,93,28
2026-05-21 07:30:39,2026-05-21,2,乒乓球厅-12号,16:00-17:00,0,1,可预约,￥5.0,晴,17,13,4,0.0,89,29
2026-05-21 07:50:40,2026-05-21,2,乒乓球厅-12号,16:00-17:00,0,1,可预约,￥5.0,晴,17,13,4,0.0,88,29
2026-05-21 07:53:31,2026-05-21,2,乒乓球厅-12号,16:00-17:00,0,1,可预约,￥5.0,晴,17,12,5,0.0,86,29
2026-05-21 07:56:31,2026-05-21,2,乒乓球厅-12号,16:00-17:00,0,1,可预约,￥5.0,晴,17,12,5,0.0,86,29
2026-05-21 07:59:26,2026-05-21,2,乒乓球厅-12号,16:00-17:00,0,1,可预约,￥5.0,晴,17,12,5,0.0,86,29
2026-05-21 08:00:45,2026-05-21,2,乒乓球厅-12号,16:00-17:00,0,1,可预约,￥5.0,晴,17,12,5,0.0,86,29
2026-05-21 08:02:30,2026-05-21,2,乒乓球厅-12号,16:00-17:00,0,1,可预约,￥5.0,多云,17,12,5,0.0,87,29
2026-05-21 08:05:36,2026-05-21,2,乒乓球厅-12号,16:00-17:00,0,1,可预约,￥5.0,多云,17,12,5,0.0,86,29
2026-05-21 08:08:31,2026-05-21,2,乒乓球厅-12号,16:00-17:00,0,1,可预约,￥5.0,多云,17,12,5,0.0,86,29
2026-05-21 08:11:30,2026-05-21,2,乒乓球厅-12号,16:00-17:00,0,1,可预约,￥5.0,多云,17,12,5,0.0,86,29
2026-05-21 08:14:31,2026-05-21,2,乒乓球厅-12号,16:00-17:00,0,1,可预约,￥5.0,多云,17,12,5,0.0,86,29
2026-05-21 08:17:30,2026-05-21,2,乒乓球厅-12号,16:00-17:00,0,1,可预约,￥5.0,多云,17,12,5,0.0,86,29
2026-05-21 08:20:35,2026-05-21,2,乒乓球厅-12号,16:00-17:00,0,1,可预约,￥5.0,多云,17,14,4,0.0,85,29
2026-05-21 08:25:32,2026-05-21,2,乒乓球厅-12号,16:00-17:00,0,1,可预约,￥5.0,多云,17,14,4,0.0,85,28
2026-05-21 08:30:42,2026-05-21,2,乒乓球厅-12号,16:00-17:00,0,1,可预约,￥5.0,多云,18,15,4,0.0,84,28
2026-05-21 08:35:31,2026-05-21,2,乒乓球厅-12号,16:00-17:00,0,1,可预约,￥5.0,多云,18,15,4,0.0,84,28
2026-05-21 08:40:38,2026-05-21,2,乒乓球厅-12号,16:00-17:00,0,1,可预约,￥5.0,多云,18,15,4,0.0,82,28
2026-05-21 08:45:33,2026-05-21,2,乒乓球厅-12号,16:00-17:00,0,1,可预约,￥5.0,多云,18,15,4,0.0,82,28
2026-05-21 08:50:36,2026-05-21,2,乒乓球厅-12号,16:00-17:00,0,1,可预约,￥5.0,多云,18,15,4,0.0,82,28
2026-05-21 08:55:34,2026-05-21,2,乒乓球厅-12号,16:00-17:00,0,1,可预约,￥5.0,多云,18,15,4,0.0,84,28
2026-05-21 09:00:51,2026-05-21,2,乒乓球厅-12号,16:00-17:00,0,1,可预约,￥5.0,多云,18,15,4,0.0,84,28
2026-05-21 09:01:59,2026-05-21,2,乒乓球厅-12号,16:00-17:00,0,1,可预约,￥5.0,多云,18,15,4,0.0,83,28
2026-05-21 09:05:33,2026-05-21,2,乒乓球厅-12号,16:00-17:00,0,1,可预约,￥5.0,多云,18,15,4,0.0,83,28
2026-05-21 09:20:38,2026-05-21,2,乒乓球厅-12号,16:00-17:00,0,1,可预约,￥5.0,多云,18,16,3,0.0,81,28
2026-05-21 09:30:46,2026-05-21,2,乒乓球厅-12号,16:00-17:00,0,1,可预约,￥5.0,多云,18,16,3,0.0,81,32
2026-05-21 09:40:36,2026-05-21,2,乒乓球厅-12号,16:00-17:00,0,1,可预约,￥5.0,多云,19,17,3,0.0,79,32
2026-05-21 09:50:42,2026-05-21,2,乒乓球厅-12号,16:00-17:00,0,1,可预约,￥5.0,多云,19,17,4,0.0,81,32
2026-05-21 10:00:46,2026-05-21,2,乒乓球厅-12号,16:00-17:00,0,1,可预约,￥5.0,多云,19,17,4,0.0,79,32
2026-05-21 10:10:40,2026-05-21,2,乒乓球厅-12号,16:00-17:00,0,1,可预约,￥5.0,多云,19,17,4,0.0,79,32
2026-05-21 10:20:38,2026-05-21,2,乒乓球厅-12号,16:00-17:00,0,1,可预约,￥5.0,多云,19,17,4,0.0,79,32
2026-05-21 10:30:41,2026-05-21,2,乒乓球厅-12号,16:00-17:00,0,1,可预约,￥5.0,多云,19,18,3,0.0,78,31
2026-05-21 11:00:44,2026-05-21,2,乒乓球厅-12号,16:00-17:00,0,1,可预约,￥5.0,多云,21,17,5,0.0,74,31
2026-05-21 11:30:38,2026-05-21,2,乒乓球厅-12号,16:00-17:00,0,1,可预约,￥5.0,多云,21,19,3,0.0,72,33
2026-05-21 12:00:46,2026-05-21,2,乒乓球厅-12号,16:00-17:00,0,1,可预约,￥5.0,多云,22,19,4,0.0,70,33
2026-05-21 12:30:42,2026-05-21,2,乒乓球厅-12号,16:00-17:00,0,1,可预约,￥5.0,多云,22,21,3,0.0,68,35
2026-05-21 13:00:43,2026-05-21,2,乒乓球厅-12号,16:00-17:00,0,1,可预约,￥5.0,多云,24,22,4,0.0,66,35
2026-05-21 13:30:43,2026-05-21,2,乒乓球厅-12号,16:00-17:00,0,1,可预约,￥5.0,多云,24,22,4,0.0,66,36
2026-05-21 14:00:48,2026-05-21,2,乒乓球厅-12号,16:00-17:00,0,1,可预约,￥5.0,多云,25,23,4,0.0,66,36
2026-05-21 14:30:45,2026-05-21,2,乒乓球厅-12号,16:00-17:00,0,1,可预约,￥5.0,晴,25,25,3,0.0,65,39
2026-05-21 15:00:45,2026-05-21,2,乒乓球厅-12号,16:00-17:00,0,1,可预约,￥5.0,晴,25,22,4,0.0,56,39
2026-05-21 15:30:43,2026-05-21,2,乒乓球厅-12号,16:00-17:00,0,1,可预约,￥5.0,晴,25,23,4,0.0,57,40
2026-05-21 16:00:51,2026-05-21,2,乒乓球厅-12号,16:00-17:00,0,1,可预约,￥5.0,晴,25,23,4,0.0,57,40
2026-05-21 16:30:48,2026-05-21,2,乒乓球厅-12号,16:00-17:00,0,1,可预约,￥5.0,晴,25,24,3,0.0,60,39
2026-05-21 17:00:49,2026-05-21,2,乒乓球厅-12号,16:00-17:00,0,1,不开放/已过期,,晴,25,24,4,0.0,61,39
2026-05-21 17:30:47,2026-05-21,2,乒乓球厅-12号,16:00-17:00,0,1,不开放/已过期,,多云,24,23,3,0.0,64,39
2026-05-21 18:00:50,2026-05-21,2,乒乓球厅-12号,16:00-17:00,0,1,不开放/已过期,,多云,24,23,3,0.0,68,39
2026-05-21 18:30:50,2026-05-21,2,乒乓球厅-12号,16:00-17:00,0,1,不开放/已过期,,阴,24,25,2,0.0,68,40
2026-05-21 19:00:50,2026-05-21,2,乒乓球厅-12号,16:00-17:00,0,1,不开放/已过期,,阴,23,23,3,0.0,76,40
2026-05-21 19:30:46,2026-05-21,2,乒乓球厅-12号,16:00-17:00,0,1,不开放/已过期,,阴,23,24,2,0.0,77,39
2026-05-21 20:00:49,2026-05-21,2,乒乓球厅-12号,16:00-17:00,0,1,不开放/已过期,,雾,22,23,2,0.0,89,39
2026-05-21 20:30:44,2026-05-21,2,乒乓球厅-12号,16:00-17:00,0,1,不开放/已过期,,雾,22,24,2,0.0,93,43
2026-05-21 21:00:56,2026-05-21,2,乒乓球厅-12号,16:00-17:00,0,1,不开放/已过期,,雾,20,21,2,0.0,98,43
2026-05-21 21:30:46,2026-05-21,2,乒乓球厅-12号,16:00-17:00,0,1,不开放/已过期,,雾,20,22,1,0.0,99,41
2026-05-21 22:01:02,2026-05-21,2,乒乓球厅-12号,16:00-17:00,0,1,不开放/已过期,,雾,19,20,2,0.0,93,41
2026-05-21 22:30:47,2026-05-21,2,乒乓球厅-12号,16:00-17:00,0,1,不开放/已过期,,雾,19,19,3,0.0,88,46
2026-05-21 23:00:56,2026-05-21,2,乒乓球厅-12号,16:00-17:00,0,1,不开放/已过期,,多云,18,17,3,0.0,85,46
2026-05-21 23:30:55,2026-05-21,2,乒乓球厅-12号,16:00-17:00,0,1,不开放/已过期,,多云,18,17,3,0.0,85,48
2026-05-21 00:30:49,2026-05-21,2,乒乓球厅-12号,17:00-18:00,0,1,可预约,￥5.0,多云,15,13,3,0.0,100,26
2026-05-21 01:00:55,2026-05-21,2,乒乓球厅-12号,17:00-18:00,0,1,可预约,￥5.0,多云,15,12,4,0.0,100,26
2026-05-21 01:30:47,2026-05-21,2,乒乓球厅-12号,17:00-18:00,0,1,可预约,￥5.0,多云,15,13,4,0.0,100,28
2026-05-21 02:00:53,2026-05-21,2,乒乓球厅-12号,17:00-18:00,0,1,可预约,￥5.0,多云,15,12,4,0.0,100,28
2026-05-21 02:30:49,2026-05-21,2,乒乓球厅-12号,17:00-18:00,0,1,可预约,￥5.0,多云,15,14,3,0.0,100,29
2026-05-21 03:00:55,2026-05-21,2,乒乓球厅-12号,17:00-18:00,0,1,可预约,￥5.0,多云,15,12,4,0.0,100,29
2026-05-21 03:30:49,2026-05-21,2,乒乓球厅-12号,17:00-18:00,0,1,可预约,￥5.0,多云,15,14,3,0.0,100,30
2026-05-21 04:30:45,2026-05-21,2,乒乓球厅-12号,17:00-18:00,0,1,可预约,￥5.0,多云,15,12,4,0.0,100,29
2026-05-21 05:00:52,2026-05-21,2,乒乓球厅-12号,17:00-18:00,0,1,可预约,￥5.0,多云,15,12,4,0.0,100,29
2026-05-21 05:30:49,2026-05-21,2,乒乓球厅-12号,17:00-18:00,0,1,可预约,￥5.0,多云,15,13,3,0.0,100,28
2026-05-21 06:00:50,2026-05-21,2,乒乓球厅-12号,17:00-18:00,0,1,可预约,￥5.0,多云,15,13,4,0.0,99,28
2026-05-21 06:30:38,2026-05-21,2,乒乓球厅-12号,17:00-18:00,0,1,可预约,￥5.0,多云,15,13,3,0.0,97,28
2026-05-21 07:00:43,2026-05-21,2,乒乓球厅-12号,17:00-18:00,0,1,可预约,￥5.0,晴,15,11,5,0.0,93,28
2026-05-21 07:30:39,2026-05-21,2,乒乓球厅-12号,17:00-18:00,0,1,可预约,￥5.0,晴,17,13,4,0.0,89,29
2026-05-21 07:50:40,2026-05-21,2,乒乓球厅-12号,17:00-18:00,0,1,可预约,￥5.0,晴,17,13,4,0.0,88,29
2026-05-21 07:53:31,2026-05-21,2,乒乓球厅-12号,17:00-18:00,0,1,可预约,￥5.0,晴,17,12,5,0.0,86,29
2026-05-21 07:56:31,2026-05-21,2,乒乓球厅-12号,17:00-18:00,0,1,可预约,￥5.0,晴,17,12,5,0.0,86,29
2026-05-21 07:59:26,2026-05-21,2,乒乓球厅-12号,17:00-18:00,0,1,可预约,￥5.0,晴,17,12,5,0.0,86,29
2026-05-21 08:00:45,2026-05-21,2,乒乓球厅-12号,17:00-18:00,0,1,可预约,￥5.0,晴,17,12,5,0.0,86,29
2026-05-21 08:02:30,2026-05-21,2,乒乓球厅-12号,17:00-18:00,0,1,可预约,￥5.0,多云,17,12,5,0.0,87,29
2026-05-21 08:05:36,2026-05-21,2,乒乓球厅-12号,17:00-18:00,0,1,可预约,￥5.0,多云,17,12,5,0.0,86,29
2026-05-21 08:08:31,2026-05-21,2,乒乓球厅-12号,17:00-18:00,0,1,可预约,￥5.0,多云,17,12,5,0.0,86,29
2026-05-21 08:11:30,2026-05-21,2,乒乓球厅-12号,17:00-18:00,0,1,可预约,￥5.0,多云,17,12,5,0.0,86,29
2026-05-21 08:14:31,2026-05-21,2,乒乓球厅-12号,17:00-18:00,0,1,可预约,￥5.0,多云,17,12,5,0.0,86,29
2026-05-21 08:17:30,2026-05-21,2,乒乓球厅-12号,17:00-18:00,0,1,可预约,￥5.0,多云,17,12,5,0.0,86,29
2026-05-21 08:20:35,2026-05-21,2,乒乓球厅-12号,17:00-18:00,0,1,可预约,￥5.0,多云,17,14,4,0.0,85,29
2026-05-21 08:25:32,2026-05-21,2,乒乓球厅-12号,17:00-18:00,0,1,可预约,￥5.0,多云,17,14,4,0.0,85,28
2026-05-21 08:30:42,2026-05-21,2,乒乓球厅-12号,17:00-18:00,0,1,可预约,￥5.0,多云,18,15,4,0.0,84,28
2026-05-21 08:35:31,2026-05-21,2,乒乓球厅-12号,17:00-18:00,0,1,可预约,￥5.0,多云,18,15,4,0.0,84,28
2026-05-21 08:40:38,2026-05-21,2,乒乓球厅-12号,17:00-18:00,0,1,可预约,￥5.0,多云,18,15,4,0.0,82,28
2026-05-21 08:45:33,2026-05-21,2,乒乓球厅-12号,17:00-18:00,0,1,可预约,￥5.0,多云,18,15,4,0.0,82,28
2026-05-21 08:50:36,2026-05-21,2,乒乓球厅-12号,17:00-18:00,0,1,可预约,￥5.0,多云,18,15,4,0.0,82,28
2026-05-21 08:55:34,2026-05-21,2,乒乓球厅-12号,17:00-18:00,0,1,可预约,￥5.0,多云,18,15,4,0.0,84,28
2026-05-21 09:00:51,2026-05-21,2,乒乓球厅-12号,17:00-18:00,0,1,可预约,￥5.0,多云,18,15,4,0.0,84,28
2026-05-21 09:01:59,2026-05-21,2,乒乓球厅-12号,17:00-18:00,0,1,可预约,￥5.0,多云,18,15,4,0.0,83,28
2026-05-21 09:05:33,2026-05-21,2,乒乓球厅-12号,17:00-18:00,0,1,可预约,￥5.0,多云,18,15,4,0.0,83,28
2026-05-21 09:20:38,2026-05-21,2,乒乓球厅-12号,17:00-18:00,0,1,可预约,￥5.0,多云,18,16,3,0.0,81,28
2026-05-21 09:30:46,2026-05-21,2,乒乓球厅-12号,17:00-18:00,0,1,可预约,￥5.0,多云,18,16,3,0.0,81,32
2026-05-21 09:40:36,2026-05-21,2,乒乓球厅-12号,17:00-18:00,0,1,可预约,￥5.0,多云,19,17,3,0.0,79,32
2026-05-21 09:50:42,2026-05-21,2,乒乓球厅-12号,17:00-18:00,0,1,可预约,￥5.0,多云,19,17,4,0.0,81,32
2026-05-21 10:00:46,2026-05-21,2,乒乓球厅-12号,17:00-18:00,0,1,可预约,￥5.0,多云,19,17,4,0.0,79,32
2026-05-21 10:10:40,2026-05-21,2,乒乓球厅-12号,17:00-18:00,0,1,可预约,￥5.0,多云,19,17,4,0.0,79,32
2026-05-21 10:20:38,2026-05-21,2,乒乓球厅-12号,17:00-18:00,0,1,可预约,￥5.0,多云,19,17,4,0.0,79,32
2026-05-21 10:30:41,2026-05-21,2,乒乓球厅-12号,17:00-18:00,0,1,可预约,￥5.0,多云,19,18,3,0.0,78,31
2026-05-21 11:00:44,2026-05-21,2,乒乓球厅-12号,17:00-18:00,0,1,可预约,￥5.0,多云,21,17,5,0.0,74,31
2026-05-21 11:30:38,2026-05-21,2,乒乓球厅-12号,17:00-18:00,0,1,可预约,￥5.0,多云,21,19,3,0.0,72,33
2026-05-21 12:00:46,2026-05-21,2,乒乓球厅-12号,17:00-18:00,0,1,可预约,￥5.0,多云,22,19,4,0.0,70,33
2026-05-21 12:30:42,2026-05-21,2,乒乓球厅-12号,17:00-18:00,0,1,可预约,￥5.0,多云,22,21,3,0.0,68,35
2026-05-21 13:00:43,2026-05-21,2,乒乓球厅-12号,17:00-18:00,0,1,可预约,￥5.0,多云,24,22,4,0.0,66,35
2026-05-21 13:30:43,2026-05-21,2,乒乓球厅-12号,17:00-18:00,0,1,可预约,￥5.0,多云,24,22,4,0.0,66,36
2026-05-21 14:00:48,2026-05-21,2,乒乓球厅-12号,17:00-18:00,0,1,可预约,￥5.0,多云,25,23,4,0.0,66,36
2026-05-21 14:30:45,2026-05-21,2,乒乓球厅-12号,17:00-18:00,0,1,可预约,￥5.0,晴,25,25,3,0.0,65,39
2026-05-21 15:00:45,2026-05-21,2,乒乓球厅-12号,17:00-18:00,0,1,可预约,￥5.0,晴,25,22,4,0.0,56,39
2026-05-21 15:30:43,2026-05-21,2,乒乓球厅-12号,17:00-18:00,0,1,可预约,￥5.0,晴,25,23,4,0.0,57,40
2026-05-21 16:00:51,2026-05-21,2,乒乓球厅-12号,17:00-18:00,0,1,可预约,￥5.0,晴,25,23,4,0.0,57,40
2026-05-21 16:30:48,2026-05-21,2,乒乓球厅-12号,17:00-18:00,0,1,可预约,￥5.0,晴,25,24,3,0.0,60,39
2026-05-21 17:00:49,2026-05-21,2,乒乓球厅-12号,17:00-18:00,0,1,可预约,￥5.0,晴,25,24,4,0.0,61,39
2026-05-21 17:30:47,2026-05-21,2,乒乓球厅-12号,17:00-18:00,0,1,可预约,￥5.0,多云,24,23,3,0.0,64,39
2026-05-21 18:00:50,2026-05-21,2,乒乓球厅-12号,17:00-18:00,0,1,不开放/已过期,,多云,24,23,3,0.0,68,39
2026-05-21 18:30:50,2026-05-21,2,乒乓球厅-12号,17:00-18:00,0,1,不开放/已过期,,阴,24,25,2,0.0,68,40
2026-05-21 19:00:50,2026-05-21,2,乒乓球厅-12号,17:00-18:00,0,1,不开放/已过期,,阴,23,23,3,0.0,76,40
2026-05-21 19:30:46,2026-05-21,2,乒乓球厅-12号,17:00-18:00,0,1,不开放/已过期,,阴,23,24,2,0.0,77,39
2026-05-21 20:00:49,2026-05-21,2,乒乓球厅-12号,17:00-18:00,0,1,不开放/已过期,,雾,22,23,2,0.0,89,39
2026-05-21 20:30:44,2026-05-21,2,乒乓球厅-12号,17:00-18:00,0,1,不开放/已过期,,雾,22,24,2,0.0,93,43
2026-05-21 21:00:56,2026-05-21,2,乒乓球厅-12号,17:00-18:00,0,1,不开放/已过期,,雾,20,21,2,0.0,98,43
2026-05-21 21:30:46,2026-05-21,2,乒乓球厅-12号,17:00-18:00,0,1,不开放/已过期,,雾,20,22,1,0.0,99,41
2026-05-21 22:01:02,2026-05-21,2,乒乓球厅-12号,17:00-18:00,0,1,不开放/已过期,,雾,19,20,2,0.0,93,41
2026-05-21 22:30:47,2026-05-21,2,乒乓球厅-12号,17:00-18:00,0,1,不开放/已过期,,雾,19,19,3,0.0,88,46
2026-05-21 23:00:56,2026-05-21,2,乒乓球厅-12号,17:00-18:00,0,1,不开放/已过期,,多云,18,17,3,0.0,85,46
2026-05-21 23:30:55,2026-05-21,2,乒乓球厅-12号,17:00-18:00,0,1,不开放/已过期,,多云,18,17,3,0.0,85,48
2026-05-21 00:30:49,2026-05-21,2,乒乓球厅-12号,18:30-19:30,0,1,可预约,￥5.0,多云,15,13,3,0.0,100,26
2026-05-21 01:00:55,2026-05-21,2,乒乓球厅-12号,18:30-19:30,0,1,可预约,￥5.0,多云,15,12,4,0.0,100,26
2026-05-21 01:30:47,2026-05-21,2,乒乓球厅-12号,18:30-19:30,0,1,可预约,￥5.0,多云,15,13,4,0.0,100,28
2026-05-21 02:00:53,2026-05-21,2,乒乓球厅-12号,18:30-19:30,0,1,可预约,￥5.0,多云,15,12,4,0.0,100,28
2026-05-21 02:30:49,2026-05-21,2,乒乓球厅-12号,18:30-19:30,0,1,可预约,￥5.0,多云,15,14,3,0.0,100,29
2026-05-21 03:00:55,2026-05-21,2,乒乓球厅-12号,18:30-19:30,0,1,可预约,￥5.0,多云,15,12,4,0.0,100,29
2026-05-21 03:30:49,2026-05-21,2,乒乓球厅-12号,18:30-19:30,0,1,可预约,￥5.0,多云,15,14,3,0.0,100,30
2026-05-21 04:30:45,2026-05-21,2,乒乓球厅-12号,18:30-19:30,0,1,可预约,￥5.0,多云,15,12,4,0.0,100,29
2026-05-21 05:00:52,2026-05-21,2,乒乓球厅-12号,18:30-19:30,0,1,可预约,￥5.0,多云,15,12,4,0.0,100,29
2026-05-21 05:30:49,2026-05-21,2,乒乓球厅-12号,18:30-19:30,0,1,可预约,￥5.0,多云,15,13,3,0.0,100,28
2026-05-21 06:00:50,2026-05-21,2,乒乓球厅-12号,18:30-19:30,0,1,可预约,￥5.0,多云,15,13,4,0.0,99,28
2026-05-21 06:30:38,2026-05-21,2,乒乓球厅-12号,18:30-19:30,0,1,可预约,￥5.0,多云,15,13,3,0.0,97,28
2026-05-21 07:00:43,2026-05-21,2,乒乓球厅-12号,18:30-19:30,0,1,可预约,￥5.0,晴,15,11,5,0.0,93,28
2026-05-21 07:30:39,2026-05-21,2,乒乓球厅-12号,18:30-19:30,0,1,可预约,￥5.0,晴,17,13,4,0.0,89,29
2026-05-21 07:50:40,2026-05-21,2,乒乓球厅-12号,18:30-19:30,0,1,可预约,￥5.0,晴,17,13,4,0.0,88,29
2026-05-21 07:53:31,2026-05-21,2,乒乓球厅-12号,18:30-19:30,0,1,可预约,￥5.0,晴,17,12,5,0.0,86,29
2026-05-21 07:56:31,2026-05-21,2,乒乓球厅-12号,18:30-19:30,0,1,可预约,￥5.0,晴,17,12,5,0.0,86,29
2026-05-21 07:59:26,2026-05-21,2,乒乓球厅-12号,18:30-19:30,0,1,可预约,￥5.0,晴,17,12,5,0.0,86,29
2026-05-21 08:00:45,2026-05-21,2,乒乓球厅-12号,18:30-19:30,0,1,可预约,￥5.0,晴,17,12,5,0.0,86,29
2026-05-21 08:02:30,2026-05-21,2,乒乓球厅-12号,18:30-19:30,0,1,可预约,￥5.0,多云,17,12,5,0.0,87,29
2026-05-21 08:05:36,2026-05-21,2,乒乓球厅-12号,18:30-19:30,0,1,可预约,￥5.0,多云,17,12,5,0.0,86,29
2026-05-21 08:08:31,2026-05-21,2,乒乓球厅-12号,18:30-19:30,0,1,可预约,￥5.0,多云,17,12,5,0.0,86,29
2026-05-21 08:11:30,2026-05-21,2,乒乓球厅-12号,18:30-19:30,0,1,可预约,￥5.0,多云,17,12,5,0.0,86,29
2026-05-21 08:14:31,2026-05-21,2,乒乓球厅-12号,18:30-19:30,0,1,可预约,￥5.0,多云,17,12,5,0.0,86,29
2026-05-21 08:17:30,2026-05-21,2,乒乓球厅-12号,18:30-19:30,0,1,可预约,￥5.0,多云,17,12,5,0.0,86,29
2026-05-21 08:20:35,2026-05-21,2,乒乓球厅-12号,18:30-19:30,0,1,可预约,￥5.0,多云,17,14,4,0.0,85,29
2026-05-21 08:25:32,2026-05-21,2,乒乓球厅-12号,18:30-19:30,0,1,可预约,￥5.0,多云,17,14,4,0.0,85,28
2026-05-21 08:30:42,2026-05-21,2,乒乓球厅-12号,18:30-19:30,0,1,可预约,￥5.0,多云,18,15,4,0.0,84,28
2026-05-21 08:35:31,2026-05-21,2,乒乓球厅-12号,18:30-19:30,0,1,可预约,￥5.0,多云,18,15,4,0.0,84,28
2026-05-21 08:40:38,2026-05-21,2,乒乓球厅-12号,18:30-19:30,0,1,可预约,￥5.0,多云,18,15,4,0.0,82,28
2026-05-21 08:45:33,2026-05-21,2,乒乓球厅-12号,18:30-19:30,0,1,可预约,￥5.0,多云,18,15,4,0.0,82,28
2026-05-21 08:50:36,2026-05-21,2,乒乓球厅-12号,18:30-19:30,0,1,可预约,￥5.0,多云,18,15,4,0.0,82,28
2026-05-21 08:55:34,2026-05-21,2,乒乓球厅-12号,18:30-19:30,0,1,可预约,￥5.0,多云,18,15,4,0.0,84,28
2026-05-21 09:00:51,2026-05-21,2,乒乓球厅-12号,18:30-19:30,0,1,可预约,￥5.0,多云,18,15,4,0.0,84,28
2026-05-21 09:01:59,2026-05-21,2,乒乓球厅-12号,18:30-19:30,0,1,可预约,￥5.0,多云,18,15,4,0.0,83,28
2026-05-21 09:05:33,2026-05-21,2,乒乓球厅-12号,18:30-19:30,0,1,可预约,￥5.0,多云,18,15,4,0.0,83,28
2026-05-21 09:20:38,2026-05-21,2,乒乓球厅-12号,18:30-19:30,0,1,可预约,￥5.0,多云,18,16,3,0.0,81,28
2026-05-21 09:30:46,2026-05-21,2,乒乓球厅-12号,18:30-19:30,0,1,可预约,￥5.0,多云,18,16,3,0.0,81,32
2026-05-21 09:40:36,2026-05-21,2,乒乓球厅-12号,18:30-19:30,0,1,可预约,￥5.0,多云,19,17,3,0.0,79,32
2026-05-21 09:50:42,2026-05-21,2,乒乓球厅-12号,18:30-19:30,0,1,可预约,￥5.0,多云,19,17,4,0.0,81,32
2026-05-21 10:00:46,2026-05-21,2,乒乓球厅-12号,18:30-19:30,0,1,可预约,￥5.0,多云,19,17,4,0.0,79,32
2026-05-21 10:10:40,2026-05-21,2,乒乓球厅-12号,18:30-19:30,0,1,可预约,￥5.0,多云,19,17,4,0.0,79,32
2026-05-21 10:20:38,2026-05-21,2,乒乓球厅-12号,18:30-19:30,0,1,可预约,￥5.0,多云,19,17,4,0.0,79,32
2026-05-21 10:30:41,2026-05-21,2,乒乓球厅-12号,18:30-19:30,0,1,可预约,￥5.0,多云,19,18,3,0.0,78,31
2026-05-21 11:00:44,2026-05-21,2,乒乓球厅-12号,18:30-19:30,0,1,可预约,￥5.0,多云,21,17,5,0.0,74,31
2026-05-21 11:30:38,2026-05-21,2,乒乓球厅-12号,18:30-19:30,0,1,可预约,￥5.0,多云,21,19,3,0.0,72,33
2026-05-21 12:00:46,2026-05-21,2,乒乓球厅-12号,18:30-19:30,0,1,可预约,￥5.0,多云,22,19,4,0.0,70,33
2026-05-21 12:30:42,2026-05-21,2,乒乓球厅-12号,18:30-19:30,0,1,可预约,￥5.0,多云,22,21,3,0.0,68,35
2026-05-21 13:00:43,2026-05-21,2,乒乓球厅-12号,18:30-19:30,0,1,可预约,￥5.0,多云,24,22,4,0.0,66,35
2026-05-21 13:30:43,2026-05-21,2,乒乓球厅-12号,18:30-19:30,0,1,可预约,￥5.0,多云,24,22,4,0.0,66,36
2026-05-21 14:00:48,2026-05-21,2,乒乓球厅-12号,18:30-19:30,0,1,可预约,￥5.0,多云,25,23,4,0.0,66,36
2026-05-21 14:30:45,2026-05-21,2,乒乓球厅-12号,18:30-19:30,0,1,可预约,￥5.0,晴,25,25,3,0.0,65,39
2026-05-21 15:00:45,2026-05-21,2,乒乓球厅-12号,18:30-19:30,0,1,可预约,￥5.0,晴,25,22,4,0.0,56,39
2026-05-21 15:30:43,2026-05-21,2,乒乓球厅-12号,18:30-19:30,0,1,可预约,￥5.0,晴,25,23,4,0.0,57,40
2026-05-21 16:00:51,2026-05-21,2,乒乓球厅-12号,18:30-19:30,0,1,可预约,￥5.0,晴,25,23,4,0.0,57,40
2026-05-21 16:30:48,2026-05-21,2,乒乓球厅-12号,18:30-19:30,0,1,可预约,￥5.0,晴,25,24,3,0.0,60,39
2026-05-21 17:00:49,2026-05-21,2,乒乓球厅-12号,18:30-19:30,0,1,可预约,￥5.0,晴,25,24,4,0.0,61,39
2026-05-21 17:30:47,2026-05-21,2,乒乓球厅-12号,18:30-19:30,0,1,可预约,￥5.0,多云,24,23,3,0.0,64,39
2026-05-21 18:00:50,2026-05-21,2,乒乓球厅-12号,18:30-19:30,0,1,可预约,￥5.0,多云,24,23,3,0.0,68,39
2026-05-21 18:30:50,2026-05-21,2,乒乓球厅-12号,18:30-19:30,0,1,可预约,￥5.0,阴,24,25,2,0.0,68,40
2026-05-21 19:00:50,2026-05-21,2,乒乓球厅-12号,18:30-19:30,0,1,可预约,￥5.0,阴,23,23,3,0.0,76,40
2026-05-21 19:30:46,2026-05-21,2,乒乓球厅-12号,18:30-19:30,0,1,不开放/已过期,,阴,23,24,2,0.0,77,39
2026-05-21 20:00:49,2026-05-21,2,乒乓球厅-12号,18:30-19:30,0,1,不开放/已过期,,雾,22,23,2,0.0,89,39
2026-05-21 20:30:44,2026-05-21,2,乒乓球厅-12号,18:30-19:30,0,1,不开放/已过期,,雾,22,24,2,0.0,93,43
2026-05-21 21:00:56,2026-05-21,2,乒乓球厅-12号,18:30-19:30,0,1,不开放/已过期,,雾,20,21,2,0.0,98,43
2026-05-21 21:30:46,2026-05-21,2,乒乓球厅-12号,18:30-19:30,0,1,不开放/已过期,,雾,20,22,1,0.0,99,41
2026-05-21 22:01:02,2026-05-21,2,乒乓球厅-12号,18:30-19:30,0,1,不开放/已过期,,雾,19,20,2,0.0,93,41
2026-05-21 22:30:47,2026-05-21,2,乒乓球厅-12号,18:30-19:30,0,1,不开放/已过期,,雾,19,19,3,0.0,88,46
2026-05-21 23:00:56,2026-05-21,2,乒乓球厅-12号,18:30-19:30,0,1,不开放/已过期,,多云,18,17,3,0.0,85,46
2026-05-21 23:30:55,2026-05-21,2,乒乓球厅-12号,18:30-19:30,0,1,不开放/已过期,,多云,18,17,3,0.0,85,48
2026-05-21 00:30:49,2026-05-21,2,乒乓球厅-12号,19:30-20:30,0,1,可预约,￥5.0,多云,15,13,3,0.0,100,26
2026-05-21 01:00:55,2026-05-21,2,乒乓球厅-12号,19:30-20:30,0,1,可预约,￥5.0,多云,15,12,4,0.0,100,26
2026-05-21 01:30:47,2026-05-21,2,乒乓球厅-12号,19:30-20:30,0,1,可预约,￥5.0,多云,15,13,4,0.0,100,28
2026-05-21 02:00:53,2026-05-21,2,乒乓球厅-12号,19:30-20:30,0,1,可预约,￥5.0,多云,15,12,4,0.0,100,28
2026-05-21 02:30:49,2026-05-21,2,乒乓球厅-12号,19:30-20:30,0,1,可预约,￥5.0,多云,15,14,3,0.0,100,29
2026-05-21 03:00:55,2026-05-21,2,乒乓球厅-12号,19:30-20:30,0,1,可预约,￥5.0,多云,15,12,4,0.0,100,29
2026-05-21 03:30:49,2026-05-21,2,乒乓球厅-12号,19:30-20:30,0,1,可预约,￥5.0,多云,15,14,3,0.0,100,30
2026-05-21 04:30:45,2026-05-21,2,乒乓球厅-12号,19:30-20:30,0,1,可预约,￥5.0,多云,15,12,4,0.0,100,29
2026-05-21 05:00:52,2026-05-21,2,乒乓球厅-12号,19:30-20:30,0,1,可预约,￥5.0,多云,15,12,4,0.0,100,29
2026-05-21 05:30:49,2026-05-21,2,乒乓球厅-12号,19:30-20:30,0,1,可预约,￥5.0,多云,15,13,3,0.0,100,28
2026-05-21 06:00:50,2026-05-21,2,乒乓球厅-12号,19:30-20:30,0,1,可预约,￥5.0,多云,15,13,4,0.0,99,28
2026-05-21 06:30:38,2026-05-21,2,乒乓球厅-12号,19:30-20:30,0,1,可预约,￥5.0,多云,15,13,3,0.0,97,28
2026-05-21 07:00:43,2026-05-21,2,乒乓球厅-12号,19:30-20:30,0,1,可预约,￥5.0,晴,15,11,5,0.0,93,28
2026-05-21 07:30:39,2026-05-21,2,乒乓球厅-12号,19:30-20:30,0,1,可预约,￥5.0,晴,17,13,4,0.0,89,29
2026-05-21 07:50:40,2026-05-21,2,乒乓球厅-12号,19:30-20:30,0,1,可预约,￥5.0,晴,17,13,4,0.0,88,29
2026-05-21 07:53:31,2026-05-21,2,乒乓球厅-12号,19:30-20:30,0,1,可预约,￥5.0,晴,17,12,5,0.0,86,29
2026-05-21 07:56:31,2026-05-21,2,乒乓球厅-12号,19:30-20:30,0,1,可预约,￥5.0,晴,17,12,5,0.0,86,29
2026-05-21 07:59:26,2026-05-21,2,乒乓球厅-12号,19:30-20:30,0,1,可预约,￥5.0,晴,17,12,5,0.0,86,29
2026-05-21 08:00:45,2026-05-21,2,乒乓球厅-12号,19:30-20:30,0,1,可预约,￥5.0,晴,17,12,5,0.0,86,29
2026-05-21 08:02:30,2026-05-21,2,乒乓球厅-12号,19:30-20:30,0,1,可预约,￥5.0,多云,17,12,5,0.0,87,29
2026-05-21 08:05:36,2026-05-21,2,乒乓球厅-12号,19:30-20:30,0,1,可预约,￥5.0,多云,17,12,5,0.0,86,29
2026-05-21 08:08:31,2026-05-21,2,乒乓球厅-12号,19:30-20:30,0,1,可预约,￥5.0,多云,17,12,5,0.0,86,29
2026-05-21 08:11:30,2026-05-21,2,乒乓球厅-12号,19:30-20:30,0,1,可预约,￥5.0,多云,17,12,5,0.0,86,29
2026-05-21 08:14:31,2026-05-21,2,乒乓球厅-12号,19:30-20:30,0,1,可预约,￥5.0,多云,17,12,5,0.0,86,29
2026-05-21 08:17:30,2026-05-21,2,乒乓球厅-12号,19:30-20:30,0,1,可预约,￥5.0,多云,17,12,5,0.0,86,29
2026-05-21 08:20:35,2026-05-21,2,乒乓球厅-12号,19:30-20:30,0,1,可预约,￥5.0,多云,17,14,4,0.0,85,29
2026-05-21 08:25:32,2026-05-21,2,乒乓球厅-12号,19:30-20:30,0,1,可预约,￥5.0,多云,17,14,4,0.0,85,28
2026-05-21 08:30:42,2026-05-21,2,乒乓球厅-12号,19:30-20:30,0,1,可预约,￥5.0,多云,18,15,4,0.0,84,28
2026-05-21 08:35:31,2026-05-21,2,乒乓球厅-12号,19:30-20:30,0,1,可预约,￥5.0,多云,18,15,4,0.0,84,28
2026-05-21 08:40:38,2026-05-21,2,乒乓球厅-12号,19:30-20:30,0,1,可预约,￥5.0,多云,18,15,4,0.0,82,28
2026-05-21 08:45:33,2026-05-21,2,乒乓球厅-12号,19:30-20:30,0,1,可预约,￥5.0,多云,18,15,4,0.0,82,28
2026-05-21 08:50:36,2026-05-21,2,乒乓球厅-12号,19:30-20:30,0,1,可预约,￥5.0,多云,18,15,4,0.0,82,28
2026-05-21 08:55:34,2026-05-21,2,乒乓球厅-12号,19:30-20:30,0,1,可预约,￥5.0,多云,18,15,4,0.0,84,28
2026-05-21 09:00:51,2026-05-21,2,乒乓球厅-12号,19:30-20:30,0,1,可预约,￥5.0,多云,18,15,4,0.0,84,28
2026-05-21 09:01:59,2026-05-21,2,乒乓球厅-12号,19:30-20:30,0,1,可预约,￥5.0,多云,18,15,4,0.0,83,28
2026-05-21 09:05:33,2026-05-21,2,乒乓球厅-12号,19:30-20:30,0,1,可预约,￥5.0,多云,18,15,4,0.0,83,28
2026-05-21 09:20:38,2026-05-21,2,乒乓球厅-12号,19:30-20:30,0,1,可预约,￥5.0,多云,18,16,3,0.0,81,28
2026-05-21 09:30:46,2026-05-21,2,乒乓球厅-12号,19:30-20:30,0,1,可预约,￥5.0,多云,18,16,3,0.0,81,32
2026-05-21 09:40:36,2026-05-21,2,乒乓球厅-12号,19:30-20:30,0,1,可预约,￥5.0,多云,19,17,3,0.0,79,32
2026-05-21 09:50:42,2026-05-21,2,乒乓球厅-12号,19:30-20:30,0,1,可预约,￥5.0,多云,19,17,4,0.0,81,32
2026-05-21 10:00:46,2026-05-21,2,乒乓球厅-12号,19:30-20:30,0,1,可预约,￥5.0,多云,19,17,4,0.0,79,32
2026-05-21 10:10:40,2026-05-21,2,乒乓球厅-12号,19:30-20:30,0,1,可预约,￥5.0,多云,19,17,4,0.0,79,32
2026-05-21 10:20:38,2026-05-21,2,乒乓球厅-12号,19:30-20:30,0,1,可预约,￥5.0,多云,19,17,4,0.0,79,32
2026-05-21 10:30:41,2026-05-21,2,乒乓球厅-12号,19:30-20:30,0,1,可预约,￥5.0,多云,19,18,3,0.0,78,31
2026-05-21 11:00:44,2026-05-21,2,乒乓球厅-12号,19:30-20:30,0,1,可预约,￥5.0,多云,21,17,5,0.0,74,31
2026-05-21 11:30:38,2026-05-21,2,乒乓球厅-12号,19:30-20:30,0,1,可预约,￥5.0,多云,21,19,3,0.0,72,33
2026-05-21 12:00:46,2026-05-21,2,乒乓球厅-12号,19:30-20:30,0,1,可预约,￥5.0,多云,22,19,4,0.0,70,33
2026-05-21 12:30:42,2026-05-21,2,乒乓球厅-12号,19:30-20:30,0,1,可预约,￥5.0,多云,22,21,3,0.0,68,35
2026-05-21 13:00:43,2026-05-21,2,乒乓球厅-12号,19:30-20:30,0,1,可预约,￥5.0,多云,24,22,4,0.0,66,35
2026-05-21 13:30:43,2026-05-21,2,乒乓球厅-12号,19:30-20:30,0,1,可预约,￥5.0,多云,24,22,4,0.0,66,36
2026-05-21 14:00:48,2026-05-21,2,乒乓球厅-12号,19:30-20:30,0,1,可预约,￥5.0,多云,25,23,4,0.0,66,36
2026-05-21 14:30:45,2026-05-21,2,乒乓球厅-12号,19:30-20:30,0,1,可预约,￥5.0,晴,25,25,3,0.0,65,39
2026-05-21 15:00:45,2026-05-21,2,乒乓球厅-12号,19:30-20:30,0,1,可预约,￥5.0,晴,25,22,4,0.0,56,39
2026-05-21 15:30:43,2026-05-21,2,乒乓球厅-12号,19:30-20:30,0,1,可预约,￥5.0,晴,25,23,4,0.0,57,40
2026-05-21 16:00:51,2026-05-21,2,乒乓球厅-12号,19:30-20:30,0,1,可预约,￥5.0,晴,25,23,4,0.0,57,40
2026-05-21 16:30:48,2026-05-21,2,乒乓球厅-12号,19:30-20:30,0,1,可预约,￥5.0,晴,25,24,3,0.0,60,39
2026-05-21 17:00:49,2026-05-21,2,乒乓球厅-12号,19:30-20:30,0,1,可预约,￥5.0,晴,25,24,4,0.0,61,39
2026-05-21 17:30:47,2026-05-21,2,乒乓球厅-12号,19:30-20:30,0,1,可预约,￥5.0,多云,24,23,3,0.0,64,39
2026-05-21 18:00:50,2026-05-21,2,乒乓球厅-12号,19:30-20:30,0,1,可预约,￥5.0,多云,24,23,3,0.0,68,39
2026-05-21 18:30:50,2026-05-21,2,乒乓球厅-12号,19:30-20:30,0,1,可预约,￥5.0,阴,24,25,2,0.0,68,40
2026-05-21 19:00:50,2026-05-21,2,乒乓球厅-12号,19:30-20:30,0,1,可预约,￥5.0,阴,23,23,3,0.0,76,40
2026-05-21 19:30:46,2026-05-21,2,乒乓球厅-12号,19:30-20:30,0,1,可预约,￥5.0,阴,23,24,2,0.0,77,39
2026-05-21 20:00:49,2026-05-21,2,乒乓球厅-12号,19:30-20:30,0,1,可预约,￥5.0,雾,22,23,2,0.0,89,39
2026-05-21 20:30:44,2026-05-21,2,乒乓球厅-12号,19:30-20:30,0,1,不开放/已过期,,雾,22,24,2,0.0,93,43
2026-05-21 21:00:56,2026-05-21,2,乒乓球厅-12号,19:30-20:30,0,1,不开放/已过期,,雾,20,21,2,0.0,98,43
2026-05-21 21:30:46,2026-05-21,2,乒乓球厅-12号,19:30-20:30,0,1,不开放/已过期,,雾,20,22,1,0.0,99,41
2026-05-21 22:01:02,2026-05-21,2,乒乓球厅-12号,19:30-20:30,0,1,不开放/已过期,,雾,19,20,2,0.0,93,41
2026-05-21 22:30:47,2026-05-21,2,乒乓球厅-12号,19:30-20:30,0,1,不开放/已过期,,雾,19,19,3,0.0,88,46
2026-05-21 23:00:56,2026-05-21,2,乒乓球厅-12号,19:30-20:30,0,1,不开放/已过期,,多云,18,17,3,0.0,85,46
2026-05-21 23:30:55,2026-05-21,2,乒乓球厅-12号,19:30-20:30,0,1,不开放/已过期,,多云,18,17,3,0.0,85,48
2026-05-21 00:30:49,2026-05-21,2,乒乓球厅-12号,20:30-21:30,0,1,可预约,￥5.0,多云,15,13,3,0.0,100,26
2026-05-21 01:00:55,2026-05-21,2,乒乓球厅-12号,20:30-21:30,0,1,可预约,￥5.0,多云,15,12,4,0.0,100,26
2026-05-21 01:30:47,2026-05-21,2,乒乓球厅-12号,20:30-21:30,0,1,可预约,￥5.0,多云,15,13,4,0.0,100,28
2026-05-21 02:00:53,2026-05-21,2,乒乓球厅-12号,20:30-21:30,0,1,可预约,￥5.0,多云,15,12,4,0.0,100,28
2026-05-21 02:30:49,2026-05-21,2,乒乓球厅-12号,20:30-21:30,0,1,可预约,￥5.0,多云,15,14,3,0.0,100,29
2026-05-21 03:00:55,2026-05-21,2,乒乓球厅-12号,20:30-21:30,0,1,可预约,￥5.0,多云,15,12,4,0.0,100,29
2026-05-21 03:30:49,2026-05-21,2,乒乓球厅-12号,20:30-21:30,0,1,可预约,￥5.0,多云,15,14,3,0.0,100,30
2026-05-21 04:30:45,2026-05-21,2,乒乓球厅-12号,20:30-21:30,0,1,可预约,￥5.0,多云,15,12,4,0.0,100,29
2026-05-21 05:00:52,2026-05-21,2,乒乓球厅-12号,20:30-21:30,0,1,可预约,￥5.0,多云,15,12,4,0.0,100,29
2026-05-21 05:30:49,2026-05-21,2,乒乓球厅-12号,20:30-21:30,0,1,可预约,￥5.0,多云,15,13,3,0.0,100,28
2026-05-21 06:00:50,2026-05-21,2,乒乓球厅-12号,20:30-21:30,0,1,可预约,￥5.0,多云,15,13,4,0.0,99,28
2026-05-21 06:30:38,2026-05-21,2,乒乓球厅-12号,20:30-21:30,0,1,可预约,￥5.0,多云,15,13,3,0.0,97,28
2026-05-21 07:00:43,2026-05-21,2,乒乓球厅-12号,20:30-21:30,0,1,可预约,￥5.0,晴,15,11,5,0.0,93,28
2026-05-21 07:30:39,2026-05-21,2,乒乓球厅-12号,20:30-21:30,0,1,可预约,￥5.0,晴,17,13,4,0.0,89,29
2026-05-21 07:50:40,2026-05-21,2,乒乓球厅-12号,20:30-21:30,0,1,可预约,￥5.0,晴,17,13,4,0.0,88,29
2026-05-21 07:53:31,2026-05-21,2,乒乓球厅-12号,20:30-21:30,0,1,可预约,￥5.0,晴,17,12,5,0.0,86,29
2026-05-21 07:56:31,2026-05-21,2,乒乓球厅-12号,20:30-21:30,0,1,可预约,￥5.0,晴,17,12,5,0.0,86,29
2026-05-21 07:59:26,2026-05-21,2,乒乓球厅-12号,20:30-21:30,0,1,可预约,￥5.0,晴,17,12,5,0.0,86,29
2026-05-21 08:00:45,2026-05-21,2,乒乓球厅-12号,20:30-21:30,0,1,可预约,￥5.0,晴,17,12,5,0.0,86,29
2026-05-21 08:02:30,2026-05-21,2,乒乓球厅-12号,20:30-21:30,0,1,可预约,￥5.0,多云,17,12,5,0.0,87,29
2026-05-21 08:05:36,2026-05-21,2,乒乓球厅-12号,20:30-21:30,0,1,可预约,￥5.0,多云,17,12,5,0.0,86,29
2026-05-21 08:08:31,2026-05-21,2,乒乓球厅-12号,20:30-21:30,0,1,可预约,￥5.0,多云,17,12,5,0.0,86,29
2026-05-21 08:11:30,2026-05-21,2,乒乓球厅-12号,20:30-21:30,0,1,可预约,￥5.0,多云,17,12,5,0.0,86,29
2026-05-21 08:14:31,2026-05-21,2,乒乓球厅-12号,20:30-21:30,0,1,可预约,￥5.0,多云,17,12,5,0.0,86,29
2026-05-21 08:17:30,2026-05-21,2,乒乓球厅-12号,20:30-21:30,0,1,可预约,￥5.0,多云,17,12,5,0.0,86,29
2026-05-21 08:20:35,2026-05-21,2,乒乓球厅-12号,20:30-21:30,0,1,可预约,￥5.0,多云,17,14,4,0.0,85,29
2026-05-21 08:25:32,2026-05-21,2,乒乓球厅-12号,20:30-21:30,0,1,可预约,￥5.0,多云,17,14,4,0.0,85,28
2026-05-21 08:30:42,2026-05-21,2,乒乓球厅-12号,20:30-21:30,0,1,可预约,￥5.0,多云,18,15,4,0.0,84,28
2026-05-21 08:35:31,2026-05-21,2,乒乓球厅-12号,20:30-21:30,0,1,可预约,￥5.0,多云,18,15,4,0.0,84,28
2026-05-21 08:40:38,2026-05-21,2,乒乓球厅-12号,20:30-21:30,0,1,可预约,￥5.0,多云,18,15,4,0.0,82,28
2026-05-21 08:45:33,2026-05-21,2,乒乓球厅-12号,20:30-21:30,0,1,可预约,￥5.0,多云,18,15,4,0.0,82,28
2026-05-21 08:50:36,2026-05-21,2,乒乓球厅-12号,20:30-21:30,0,1,可预约,￥5.0,多云,18,15,4,0.0,82,28
2026-05-21 08:55:34,2026-05-21,2,乒乓球厅-12号,20:30-21:30,0,1,可预约,￥5.0,多云,18,15,4,0.0,84,28
2026-05-21 09:00:51,2026-05-21,2,乒乓球厅-12号,20:30-21:30,0,1,可预约,￥5.0,多云,18,15,4,0.0,84,28
2026-05-21 09:01:59,2026-05-21,2,乒乓球厅-12号,20:30-21:30,0,1,可预约,￥5.0,多云,18,15,4,0.0,83,28
2026-05-21 09:05:33,2026-05-21,2,乒乓球厅-12号,20:30-21:30,0,1,可预约,￥5.0,多云,18,15,4,0.0,83,28
2026-05-21 09:20:38,2026-05-21,2,乒乓球厅-12号,20:30-21:30,0,1,可预约,￥5.0,多云,18,16,3,0.0,81,28
2026-05-21 09:30:46,2026-05-21,2,乒乓球厅-12号,20:30-21:30,0,1,可预约,￥5.0,多云,18,16,3,0.0,81,32
2026-05-21 09:40:36,2026-05-21,2,乒乓球厅-12号,20:30-21:30,0,1,可预约,￥5.0,多云,19,17,3,0.0,79,32
2026-05-21 09:50:42,2026-05-21,2,乒乓球厅-12号,20:30-21:30,0,1,可预约,￥5.0,多云,19,17,4,0.0,81,32
2026-05-21 10:00:46,2026-05-21,2,乒乓球厅-12号,20:30-21:30,0,1,可预约,￥5.0,多云,19,17,4,0.0,79,32
2026-05-21 10:10:40,2026-05-21,2,乒乓球厅-12号,20:30-21:30,0,1,可预约,￥5.0,多云,19,17,4,0.0,79,32
2026-05-21 10:20:38,2026-05-21,2,乒乓球厅-12号,20:30-21:30,0,1,可预约,￥5.0,多云,19,17,4,0.0,79,32
2026-05-21 10:30:41,2026-05-21,2,乒乓球厅-12号,20:30-21:30,0,1,可预约,￥5.0,多云,19,18,3,0.0,78,31
2026-05-21 11:00:44,2026-05-21,2,乒乓球厅-12号,20:30-21:30,0,1,可预约,￥5.0,多云,21,17,5,0.0,74,31
2026-05-21 11:30:38,2026-05-21,2,乒乓球厅-12号,20:30-21:30,0,1,可预约,￥5.0,多云,21,19,3,0.0,72,33
2026-05-21 12:00:46,2026-05-21,2,乒乓球厅-12号,20:30-21:30,0,1,可预约,￥5.0,多云,22,19,4,0.0,70,33
2026-05-21 12:30:42,2026-05-21,2,乒乓球厅-12号,20:30-21:30,0,1,可预约,￥5.0,多云,22,21,3,0.0,68,35
2026-05-21 13:00:43,2026-05-21,2,乒乓球厅-12号,20:30-21:30,0,1,可预约,￥5.0,多云,24,22,4,0.0,66,35
2026-05-21 13:30:43,2026-05-21,2,乒乓球厅-12号,20:30-21:30,0,1,可预约,￥5.0,多云,24,22,4,0.0,66,36
2026-05-21 14:00:48,2026-05-21,2,乒乓球厅-12号,20:30-21:30,0,1,可预约,￥5.0,多云,25,23,4,0.0,66,36
2026-05-21 14:30:45,2026-05-21,2,乒乓球厅-12号,20:30-21:30,0,1,可预约,￥5.0,晴,25,25,3,0.0,65,39
2026-05-21 15:00:45,2026-05-21,2,乒乓球厅-12号,20:30-21:30,0,1,可预约,￥5.0,晴,25,22,4,0.0,56,39
2026-05-21 15:30:43,2026-05-21,2,乒乓球厅-12号,20:30-21:30,0,1,可预约,￥5.0,晴,25,23,4,0.0,57,40
2026-05-21 16:00:51,2026-05-21,2,乒乓球厅-12号,20:30-21:30,0,1,可预约,￥5.0,晴,25,23,4,0.0,57,40
2026-05-21 16:30:48,2026-05-21,2,乒乓球厅-12号,20:30-21:30,0,1,可预约,￥5.0,晴,25,24,3,0.0,60,39
2026-05-21 17:00:49,2026-05-21,2,乒乓球厅-12号,20:30-21:30,0,1,可预约,￥5.0,晴,25,24,4,0.0,61,39
2026-05-21 17:30:47,2026-05-21,2,乒乓球厅-12号,20:30-21:30,0,1,可预约,￥5.0,多云,24,23,3,0.0,64,39
2026-05-21 18:00:50,2026-05-21,2,乒乓球厅-12号,20:30-21:30,0,1,可预约,￥5.0,多云,24,23,3,0.0,68,39
2026-05-21 18:30:50,2026-05-21,2,乒乓球厅-12号,20:30-21:30,0,1,可预约,￥5.0,阴,24,25,2,0.0,68,40
2026-05-21 19:00:50,2026-05-21,2,乒乓球厅-12号,20:30-21:30,0,1,可预约,￥5.0,阴,23,23,3,0.0,76,40
2026-05-21 19:30:46,2026-05-21,2,乒乓球厅-12号,20:30-21:30,0,1,可预约,￥5.0,阴,23,24,2,0.0,77,39
2026-05-21 20:00:49,2026-05-21,2,乒乓球厅-12号,20:30-21:30,0,1,可预约,￥5.0,雾,22,23,2,0.0,89,39
2026-05-21 20:30:44,2026-05-21,2,乒乓球厅-12号,20:30-21:30,0,1,可预约,￥5.0,雾,22,24,2,0.0,93,43
2026-05-21 21:00:56,2026-05-21,2,乒乓球厅-12号,20:30-21:30,0,1,可预约,￥5.0,雾,20,21,2,0.0,98,43
2026-05-21 21:30:46,2026-05-21,2,乒乓球厅-12号,20:30-21:30,0,1,不开放/已过期,,雾,20,22,1,0.0,99,41
2026-05-21 22:01:02,2026-05-21,2,乒乓球厅-12号,20:30-21:30,0,1,不开放/已过期,,雾,19,20,2,0.0,93,41
2026-05-21 22:30:47,2026-05-21,2,乒乓球厅-12号,20:30-21:30,0,1,不开放/已过期,,雾,19,19,3,0.0,88,46
2026-05-21 23:00:56,2026-05-21,2,乒乓球厅-12号,20:30-21:30,0,1,不开放/已过期,,多云,18,17,3,0.0,85,46
2026-05-21 23:30:55,2026-05-21,2,乒乓球厅-12号,20:30-21:30,0,1,不开放/已过期,,多云,18,17,3,0.0,85,48
2026-05-21 00:30:49,2026-05-21,2,乒乓球厅-13号,07:00-08:00,0,1,可预约,￥0.0,多云,15,13,3,0.0,100,26
2026-05-21 01:00:55,2026-05-21,2,乒乓球厅-13号,07:00-08:00,0,1,可预约,￥0.0,多云,15,12,4,0.0,100,26
2026-05-21 01:30:47,2026-05-21,2,乒乓球厅-13号,07:00-08:00,0,1,可预约,￥0.0,多云,15,13,4,0.0,100,28
2026-05-21 02:00:53,2026-05-21,2,乒乓球厅-13号,07:00-08:00,0,1,可预约,￥0.0,多云,15,12,4,0.0,100,28
2026-05-21 02:30:49,2026-05-21,2,乒乓球厅-13号,07:00-08:00,0,1,可预约,￥0.0,多云,15,14,3,0.0,100,29
2026-05-21 03:00:55,2026-05-21,2,乒乓球厅-13号,07:00-08:00,0,1,可预约,￥0.0,多云,15,12,4,0.0,100,29
2026-05-21 03:30:49,2026-05-21,2,乒乓球厅-13号,07:00-08:00,0,1,可预约,￥0.0,多云,15,14,3,0.0,100,30
2026-05-21 04:30:45,2026-05-21,2,乒乓球厅-13号,07:00-08:00,0,1,可预约,￥0.0,多云,15,12,4,0.0,100,29
2026-05-21 05:00:52,2026-05-21,2,乒乓球厅-13号,07:00-08:00,0,1,可预约,￥0.0,多云,15,12,4,0.0,100,29
2026-05-21 05:30:49,2026-05-21,2,乒乓球厅-13号,07:00-08:00,0,1,可预约,￥0.0,多云,15,13,3,0.0,100,28
2026-05-21 06:00:50,2026-05-21,2,乒乓球厅-13号,07:00-08:00,0,1,可预约,￥0.0,多云,15,13,4,0.0,99,28
2026-05-21 06:30:38,2026-05-21,2,乒乓球厅-13号,07:00-08:00,0,1,可预约,￥0.0,多云,15,13,3,0.0,97,28
2026-05-21 07:00:43,2026-05-21,2,乒乓球厅-13号,07:00-08:00,0,1,可预约,￥0.0,晴,15,11,5,0.0,93,28
2026-05-21 07:30:39,2026-05-21,2,乒乓球厅-13号,07:00-08:00,0,1,可预约,￥0.0,晴,17,13,4,0.0,89,29
2026-05-21 07:50:40,2026-05-21,2,乒乓球厅-13号,07:00-08:00,0,1,可预约,￥0.0,晴,17,13,4,0.0,88,29
2026-05-21 07:53:31,2026-05-21,2,乒乓球厅-13号,07:00-08:00,0,1,可预约,￥0.0,晴,17,12,5,0.0,86,29
2026-05-21 07:56:31,2026-05-21,2,乒乓球厅-13号,07:00-08:00,0,1,可预约,￥0.0,晴,17,12,5,0.0,86,29
2026-05-21 07:59:26,2026-05-21,2,乒乓球厅-13号,07:00-08:00,0,1,可预约,￥0.0,晴,17,12,5,0.0,86,29
2026-05-21 08:00:45,2026-05-21,2,乒乓球厅-13号,07:00-08:00,0,1,不开放/已过期,,晴,17,12,5,0.0,86,29
2026-05-21 08:02:30,2026-05-21,2,乒乓球厅-13号,07:00-08:00,0,1,不开放/已过期,,多云,17,12,5,0.0,87,29
2026-05-21 08:05:36,2026-05-21,2,乒乓球厅-13号,07:00-08:00,0,1,不开放/已过期,,多云,17,12,5,0.0,86,29
2026-05-21 08:08:31,2026-05-21,2,乒乓球厅-13号,07:00-08:00,0,1,不开放/已过期,,多云,17,12,5,0.0,86,29
2026-05-21 08:11:30,2026-05-21,2,乒乓球厅-13号,07:00-08:00,0,1,不开放/已过期,,多云,17,12,5,0.0,86,29
2026-05-21 08:14:31,2026-05-21,2,乒乓球厅-13号,07:00-08:00,0,1,不开放/已过期,,多云,17,12,5,0.0,86,29
2026-05-21 08:17:30,2026-05-21,2,乒乓球厅-13号,07:00-08:00,0,1,不开放/已过期,,多云,17,12,5,0.0,86,29
2026-05-21 08:20:35,2026-05-21,2,乒乓球厅-13号,07:00-08:00,0,1,不开放/已过期,,多云,17,14,4,0.0,85,29
2026-05-21 08:25:32,2026-05-21,2,乒乓球厅-13号,07:00-08:00,0,1,不开放/已过期,,多云,17,14,4,0.0,85,28
2026-05-21 08:30:42,2026-05-21,2,乒乓球厅-13号,07:00-08:00,0,1,不开放/已过期,,多云,18,15,4,0.0,84,28
2026-05-21 08:35:31,2026-05-21,2,乒乓球厅-13号,07:00-08:00,0,1,不开放/已过期,,多云,18,15,4,0.0,84,28
2026-05-21 08:40:38,2026-05-21,2,乒乓球厅-13号,07:00-08:00,0,1,不开放/已过期,,多云,18,15,4,0.0,82,28
2026-05-21 08:45:33,2026-05-21,2,乒乓球厅-13号,07:00-08:00,0,1,不开放/已过期,,多云,18,15,4,0.0,82,28
2026-05-21 08:50:36,2026-05-21,2,乒乓球厅-13号,07:00-08:00,0,1,不开放/已过期,,多云,18,15,4,0.0,82,28
2026-05-21 08:55:34,2026-05-21,2,乒乓球厅-13号,07:00-08:00,0,1,不开放/已过期,,多云,18,15,4,0.0,84,28
2026-05-21 09:00:51,2026-05-21,2,乒乓球厅-13号,07:00-08:00,0,1,不开放/已过期,,多云,18,15,4,0.0,84,28
2026-05-21 09:01:59,2026-05-21,2,乒乓球厅-13号,07:00-08:00,0,1,不开放/已过期,,多云,18,15,4,0.0,83,28
2026-05-21 09:05:33,2026-05-21,2,乒乓球厅-13号,07:00-08:00,0,1,不开放/已过期,,多云,18,15,4,0.0,83,28
2026-05-21 09:20:38,2026-05-21,2,乒乓球厅-13号,07:00-08:00,0,1,不开放/已过期,,多云,18,16,3,0.0,81,28
2026-05-21 09:30:46,2026-05-21,2,乒乓球厅-13号,07:00-08:00,0,1,不开放/已过期,,多云,18,16,3,0.0,81,32
2026-05-21 09:40:36,2026-05-21,2,乒乓球厅-13号,07:00-08:00,0,1,不开放/已过期,,多云,19,17,3,0.0,79,32
2026-05-21 09:50:42,2026-05-21,2,乒乓球厅-13号,07:00-08:00,0,1,不开放/已过期,,多云,19,17,4,0.0,81,32
2026-05-21 10:00:46,2026-05-21,2,乒乓球厅-13号,07:00-08:00,0,1,不开放/已过期,,多云,19,17,4,0.0,79,32
2026-05-21 10:10:40,2026-05-21,2,乒乓球厅-13号,07:00-08:00,0,1,不开放/已过期,,多云,19,17,4,0.0,79,32
2026-05-21 10:20:38,2026-05-21,2,乒乓球厅-13号,07:00-08:00,0,1,不开放/已过期,,多云,19,17,4,0.0,79,32
2026-05-21 10:30:41,2026-05-21,2,乒乓球厅-13号,07:00-08:00,0,1,不开放/已过期,,多云,19,18,3,0.0,78,31
2026-05-21 11:00:44,2026-05-21,2,乒乓球厅-13号,07:00-08:00,0,1,不开放/已过期,,多云,21,17,5,0.0,74,31
2026-05-21 11:30:38,2026-05-21,2,乒乓球厅-13号,07:00-08:00,0,1,不开放/已过期,,多云,21,19,3,0.0,72,33
2026-05-21 12:00:46,2026-05-21,2,乒乓球厅-13号,07:00-08:00,0,1,不开放/已过期,,多云,22,19,4,0.0,70,33
2026-05-21 12:30:42,2026-05-21,2,乒乓球厅-13号,07:00-08:00,0,1,不开放/已过期,,多云,22,21,3,0.0,68,35
2026-05-21 13:00:43,2026-05-21,2,乒乓球厅-13号,07:00-08:00,0,1,不开放/已过期,,多云,24,22,4,0.0,66,35
2026-05-21 13:30:43,2026-05-21,2,乒乓球厅-13号,07:00-08:00,0,1,不开放/已过期,,多云,24,22,4,0.0,66,36
2026-05-21 14:00:48,2026-05-21,2,乒乓球厅-13号,07:00-08:00,0,1,不开放/已过期,,多云,25,23,4,0.0,66,36
2026-05-21 14:30:45,2026-05-21,2,乒乓球厅-13号,07:00-08:00,0,1,不开放/已过期,,晴,25,25,3,0.0,65,39
2026-05-21 15:00:45,2026-05-21,2,乒乓球厅-13号,07:00-08:00,0,1,不开放/已过期,,晴,25,22,4,0.0,56,39
2026-05-21 15:30:43,2026-05-21,2,乒乓球厅-13号,07:00-08:00,0,1,不开放/已过期,,晴,25,23,4,0.0,57,40
2026-05-21 16:00:51,2026-05-21,2,乒乓球厅-13号,07:00-08:00,0,1,不开放/已过期,,晴,25,23,4,0.0,57,40
2026-05-21 16:30:48,2026-05-21,2,乒乓球厅-13号,07:00-08:00,0,1,不开放/已过期,,晴,25,24,3,0.0,60,39
2026-05-21 17:00:49,2026-05-21,2,乒乓球厅-13号,07:00-08:00,0,1,不开放/已过期,,晴,25,24,4,0.0,61,39
2026-05-21 17:30:47,2026-05-21,2,乒乓球厅-13号,07:00-08:00,0,1,不开放/已过期,,多云,24,23,3,0.0,64,39
2026-05-21 18:00:50,2026-05-21,2,乒乓球厅-13号,07:00-08:00,0,1,不开放/已过期,,多云,24,23,3,0.0,68,39
2026-05-21 18:30:50,2026-05-21,2,乒乓球厅-13号,07:00-08:00,0,1,不开放/已过期,,阴,24,25,2,0.0,68,40
2026-05-21 19:00:50,2026-05-21,2,乒乓球厅-13号,07:00-08:00,0,1,不开放/已过期,,阴,23,23,3,0.0,76,40
2026-05-21 19:30:46,2026-05-21,2,乒乓球厅-13号,07:00-08:00,0,1,不开放/已过期,,阴,23,24,2,0.0,77,39
2026-05-21 20:00:49,2026-05-21,2,乒乓球厅-13号,07:00-08:00,0,1,不开放/已过期,,雾,22,23,2,0.0,89,39
2026-05-21 20:30:44,2026-05-21,2,乒乓球厅-13号,07:00-08:00,0,1,不开放/已过期,,雾,22,24,2,0.0,93,43
2026-05-21 21:00:56,2026-05-21,2,乒乓球厅-13号,07:00-08:00,0,1,不开放/已过期,,雾,20,21,2,0.0,98,43
2026-05-21 21:30:46,2026-05-21,2,乒乓球厅-13号,07:00-08:00,0,1,不开放/已过期,,雾,20,22,1,0.0,99,41
2026-05-21 22:01:02,2026-05-21,2,乒乓球厅-13号,07:00-08:00,0,1,不开放/已过期,,雾,19,20,2,0.0,93,41
2026-05-21 22:30:47,2026-05-21,2,乒乓球厅-13号,07:00-08:00,0,1,不开放/已过期,,雾,19,19,3,0.0,88,46
2026-05-21 23:00:56,2026-05-21,2,乒乓球厅-13号,07:00-08:00,0,1,不开放/已过期,,多云,18,17,3,0.0,85,46
2026-05-21 23:30:55,2026-05-21,2,乒乓球厅-13号,07:00-08:00,0,1,不开放/已过期,,多云,18,17,3,0.0,85,48
2026-05-21 00:30:49,2026-05-21,2,乒乓球厅-13号,08:00-09:00,0,1,可预约,￥0.0,多云,15,13,3,0.0,100,26
2026-05-21 01:00:55,2026-05-21,2,乒乓球厅-13号,08:00-09:00,0,1,可预约,￥0.0,多云,15,12,4,0.0,100,26
2026-05-21 01:30:47,2026-05-21,2,乒乓球厅-13号,08:00-09:00,0,1,可预约,￥0.0,多云,15,13,4,0.0,100,28
2026-05-21 02:00:53,2026-05-21,2,乒乓球厅-13号,08:00-09:00,0,1,可预约,￥0.0,多云,15,12,4,0.0,100,28
2026-05-21 02:30:49,2026-05-21,2,乒乓球厅-13号,08:00-09:00,0,1,可预约,￥0.0,多云,15,14,3,0.0,100,29
2026-05-21 03:00:55,2026-05-21,2,乒乓球厅-13号,08:00-09:00,0,1,可预约,￥0.0,多云,15,12,4,0.0,100,29
2026-05-21 03:30:49,2026-05-21,2,乒乓球厅-13号,08:00-09:00,0,1,可预约,￥0.0,多云,15,14,3,0.0,100,30
2026-05-21 04:30:45,2026-05-21,2,乒乓球厅-13号,08:00-09:00,0,1,可预约,￥0.0,多云,15,12,4,0.0,100,29
2026-05-21 05:00:52,2026-05-21,2,乒乓球厅-13号,08:00-09:00,0,1,可预约,￥0.0,多云,15,12,4,0.0,100,29
2026-05-21 05:30:49,2026-05-21,2,乒乓球厅-13号,08:00-09:00,0,1,可预约,￥0.0,多云,15,13,3,0.0,100,28
2026-05-21 06:00:50,2026-05-21,2,乒乓球厅-13号,08:00-09:00,0,1,可预约,￥0.0,多云,15,13,4,0.0,99,28
2026-05-21 06:30:38,2026-05-21,2,乒乓球厅-13号,08:00-09:00,0,1,可预约,￥0.0,多云,15,13,3,0.0,97,28
2026-05-21 07:00:43,2026-05-21,2,乒乓球厅-13号,08:00-09:00,0,1,可预约,￥0.0,晴,15,11,5,0.0,93,28
2026-05-21 07:30:39,2026-05-21,2,乒乓球厅-13号,08:00-09:00,0,1,可预约,￥0.0,晴,17,13,4,0.0,89,29
2026-05-21 07:50:40,2026-05-21,2,乒乓球厅-13号,08:00-09:00,0,1,可预约,￥0.0,晴,17,13,4,0.0,88,29
2026-05-21 07:53:31,2026-05-21,2,乒乓球厅-13号,08:00-09:00,0,1,可预约,￥0.0,晴,17,12,5,0.0,86,29
2026-05-21 07:56:31,2026-05-21,2,乒乓球厅-13号,08:00-09:00,0,1,可预约,￥0.0,晴,17,12,5,0.0,86,29
2026-05-21 07:59:26,2026-05-21,2,乒乓球厅-13号,08:00-09:00,0,1,可预约,￥0.0,晴,17,12,5,0.0,86,29
2026-05-21 08:00:45,2026-05-21,2,乒乓球厅-13号,08:00-09:00,0,1,可预约,￥0.0,晴,17,12,5,0.0,86,29
2026-05-21 08:02:30,2026-05-21,2,乒乓球厅-13号,08:00-09:00,0,1,可预约,￥0.0,多云,17,12,5,0.0,87,29
2026-05-21 08:05:36,2026-05-21,2,乒乓球厅-13号,08:00-09:00,0,1,可预约,￥0.0,多云,17,12,5,0.0,86,29
2026-05-21 08:08:31,2026-05-21,2,乒乓球厅-13号,08:00-09:00,0,1,可预约,￥0.0,多云,17,12,5,0.0,86,29
2026-05-21 08:11:30,2026-05-21,2,乒乓球厅-13号,08:00-09:00,0,1,可预约,￥0.0,多云,17,12,5,0.0,86,29
2026-05-21 08:14:31,2026-05-21,2,乒乓球厅-13号,08:00-09:00,0,1,可预约,￥0.0,多云,17,12,5,0.0,86,29
2026-05-21 08:17:30,2026-05-21,2,乒乓球厅-13号,08:00-09:00,0,1,可预约,￥0.0,多云,17,12,5,0.0,86,29
2026-05-21 08:20:35,2026-05-21,2,乒乓球厅-13号,08:00-09:00,0,1,可预约,￥0.0,多云,17,14,4,0.0,85,29
2026-05-21 08:25:32,2026-05-21,2,乒乓球厅-13号,08:00-09:00,0,1,可预约,￥0.0,多云,17,14,4,0.0,85,28
2026-05-21 08:30:42,2026-05-21,2,乒乓球厅-13号,08:00-09:00,0,1,可预约,￥0.0,多云,18,15,4,0.0,84,28
2026-05-21 08:35:31,2026-05-21,2,乒乓球厅-13号,08:00-09:00,0,1,可预约,￥0.0,多云,18,15,4,0.0,84,28
2026-05-21 08:40:38,2026-05-21,2,乒乓球厅-13号,08:00-09:00,0,1,可预约,￥0.0,多云,18,15,4,0.0,82,28
2026-05-21 08:45:33,2026-05-21,2,乒乓球厅-13号,08:00-09:00,0,1,可预约,￥0.0,多云,18,15,4,0.0,82,28
2026-05-21 08:50:36,2026-05-21,2,乒乓球厅-13号,08:00-09:00,0,1,可预约,￥0.0,多云,18,15,4,0.0,82,28
2026-05-21 08:55:34,2026-05-21,2,乒乓球厅-13号,08:00-09:00,0,1,可预约,￥0.0,多云,18,15,4,0.0,84,28
2026-05-21 09:00:51,2026-05-21,2,乒乓球厅-13号,08:00-09:00,0,1,不开放/已过期,,多云,18,15,4,0.0,84,28
2026-05-21 09:01:59,2026-05-21,2,乒乓球厅-13号,08:00-09:00,0,1,不开放/已过期,,多云,18,15,4,0.0,83,28
2026-05-21 09:05:33,2026-05-21,2,乒乓球厅-13号,08:00-09:00,0,1,不开放/已过期,,多云,18,15,4,0.0,83,28
2026-05-21 09:20:38,2026-05-21,2,乒乓球厅-13号,08:00-09:00,0,1,不开放/已过期,,多云,18,16,3,0.0,81,28
2026-05-21 09:30:46,2026-05-21,2,乒乓球厅-13号,08:00-09:00,0,1,不开放/已过期,,多云,18,16,3,0.0,81,32
2026-05-21 09:40:36,2026-05-21,2,乒乓球厅-13号,08:00-09:00,0,1,不开放/已过期,,多云,19,17,3,0.0,79,32
2026-05-21 09:50:42,2026-05-21,2,乒乓球厅-13号,08:00-09:00,0,1,不开放/已过期,,多云,19,17,4,0.0,81,32
2026-05-21 10:00:46,2026-05-21,2,乒乓球厅-13号,08:00-09:00,0,1,不开放/已过期,,多云,19,17,4,0.0,79,32
2026-05-21 10:10:40,2026-05-21,2,乒乓球厅-13号,08:00-09:00,0,1,不开放/已过期,,多云,19,17,4,0.0,79,32
2026-05-21 10:20:38,2026-05-21,2,乒乓球厅-13号,08:00-09:00,0,1,不开放/已过期,,多云,19,17,4,0.0,79,32
2026-05-21 10:30:41,2026-05-21,2,乒乓球厅-13号,08:00-09:00,0,1,不开放/已过期,,多云,19,18,3,0.0,78,31
2026-05-21 11:00:44,2026-05-21,2,乒乓球厅-13号,08:00-09:00,0,1,不开放/已过期,,多云,21,17,5,0.0,74,31
2026-05-21 11:30:38,2026-05-21,2,乒乓球厅-13号,08:00-09:00,0,1,不开放/已过期,,多云,21,19,3,0.0,72,33
2026-05-21 12:00:46,2026-05-21,2,乒乓球厅-13号,08:00-09:00,0,1,不开放/已过期,,多云,22,19,4,0.0,70,33
2026-05-21 12:30:42,2026-05-21,2,乒乓球厅-13号,08:00-09:00,0,1,不开放/已过期,,多云,22,21,3,0.0,68,35
2026-05-21 13:00:43,2026-05-21,2,乒乓球厅-13号,08:00-09:00,0,1,不开放/已过期,,多云,24,22,4,0.0,66,35
2026-05-21 13:30:43,2026-05-21,2,乒乓球厅-13号,08:00-09:00,0,1,不开放/已过期,,多云,24,22,4,0.0,66,36
2026-05-21 14:00:48,2026-05-21,2,乒乓球厅-13号,08:00-09:00,0,1,不开放/已过期,,多云,25,23,4,0.0,66,36
2026-05-21 14:30:45,2026-05-21,2,乒乓球厅-13号,08:00-09:00,0,1,不开放/已过期,,晴,25,25,3,0.0,65,39
2026-05-21 15:00:45,2026-05-21,2,乒乓球厅-13号,08:00-09:00,0,1,不开放/已过期,,晴,25,22,4,0.0,56,39
2026-05-21 15:30:43,2026-05-21,2,乒乓球厅-13号,08:00-09:00,0,1,不开放/已过期,,晴,25,23,4,0.0,57,40
2026-05-21 16:00:51,2026-05-21,2,乒乓球厅-13号,08:00-09:00,0,1,不开放/已过期,,晴,25,23,4,0.0,57,40
2026-05-21 16:30:48,2026-05-21,2,乒乓球厅-13号,08:00-09:00,0,1,不开放/已过期,,晴,25,24,3,0.0,60,39
2026-05-21 17:00:49,2026-05-21,2,乒乓球厅-13号,08:00-09:00,0,1,不开放/已过期,,晴,25,24,4,0.0,61,39
2026-05-21 17:30:47,2026-05-21,2,乒乓球厅-13号,08:00-09:00,0,1,不开放/已过期,,多云,24,23,3,0.0,64,39
2026-05-21 18:00:50,2026-05-21,2,乒乓球厅-13号,08:00-09:00,0,1,不开放/已过期,,多云,24,23,3,0.0,68,39
2026-05-21 18:30:50,2026-05-21,2,乒乓球厅-13号,08:00-09:00,0,1,不开放/已过期,,阴,24,25,2,0.0,68,40
2026-05-21 19:00:50,2026-05-21,2,乒乓球厅-13号,08:00-09:00,0,1,不开放/已过期,,阴,23,23,3,0.0,76,40
2026-05-21 19:30:46,2026-05-21,2,乒乓球厅-13号,08:00-09:00,0,1,不开放/已过期,,阴,23,24,2,0.0,77,39
2026-05-21 20:00:49,2026-05-21,2,乒乓球厅-13号,08:00-09:00,0,1,不开放/已过期,,雾,22,23,2,0.0,89,39
2026-05-21 20:30:44,2026-05-21,2,乒乓球厅-13号,08:00-09:00,0,1,不开放/已过期,,雾,22,24,2,0.0,93,43
2026-05-21 21:00:56,2026-05-21,2,乒乓球厅-13号,08:00-09:00,0,1,不开放/已过期,,雾,20,21,2,0.0,98,43
2026-05-21 21:30:46,2026-05-21,2,乒乓球厅-13号,08:00-09:00,0,1,不开放/已过期,,雾,20,22,1,0.0,99,41
2026-05-21 22:01:02,2026-05-21,2,乒乓球厅-13号,08:00-09:00,0,1,不开放/已过期,,雾,19,20,2,0.0,93,41
2026-05-21 22:30:47,2026-05-21,2,乒乓球厅-13号,08:00-09:00,0,1,不开放/已过期,,雾,19,19,3,0.0,88,46
2026-05-21 23:00:56,2026-05-21,2,乒乓球厅-13号,08:00-09:00,0,1,不开放/已过期,,多云,18,17,3,0.0,85,46
2026-05-21 23:30:55,2026-05-21,2,乒乓球厅-13号,08:00-09:00,0,1,不开放/已过期,,多云,18,17,3,0.0,85,48
2026-05-21 00:30:49,2026-05-21,2,乒乓球厅-13号,09:00-10:00,0,1,可预约,￥5.0,多云,15,13,3,0.0,100,26
2026-05-21 01:00:55,2026-05-21,2,乒乓球厅-13号,09:00-10:00,0,1,可预约,￥5.0,多云,15,12,4,0.0,100,26
2026-05-21 01:30:47,2026-05-21,2,乒乓球厅-13号,09:00-10:00,0,1,可预约,￥5.0,多云,15,13,4,0.0,100,28
2026-05-21 02:00:53,2026-05-21,2,乒乓球厅-13号,09:00-10:00,0,1,可预约,￥5.0,多云,15,12,4,0.0,100,28
2026-05-21 02:30:49,2026-05-21,2,乒乓球厅-13号,09:00-10:00,0,1,可预约,￥5.0,多云,15,14,3,0.0,100,29
2026-05-21 03:00:55,2026-05-21,2,乒乓球厅-13号,09:00-10:00,0,1,可预约,￥5.0,多云,15,12,4,0.0,100,29
2026-05-21 03:30:49,2026-05-21,2,乒乓球厅-13号,09:00-10:00,0,1,可预约,￥5.0,多云,15,14,3,0.0,100,30
2026-05-21 04:30:45,2026-05-21,2,乒乓球厅-13号,09:00-10:00,0,1,可预约,￥5.0,多云,15,12,4,0.0,100,29
2026-05-21 05:00:52,2026-05-21,2,乒乓球厅-13号,09:00-10:00,0,1,可预约,￥5.0,多云,15,12,4,0.0,100,29
2026-05-21 05:30:49,2026-05-21,2,乒乓球厅-13号,09:00-10:00,0,1,可预约,￥5.0,多云,15,13,3,0.0,100,28
2026-05-21 06:00:50,2026-05-21,2,乒乓球厅-13号,09:00-10:00,0,1,可预约,￥5.0,多云,15,13,4,0.0,99,28
2026-05-21 06:30:38,2026-05-21,2,乒乓球厅-13号,09:00-10:00,0,1,可预约,￥5.0,多云,15,13,3,0.0,97,28
2026-05-21 07:00:43,2026-05-21,2,乒乓球厅-13号,09:00-10:00,0,1,可预约,￥5.0,晴,15,11,5,0.0,93,28
2026-05-21 07:30:39,2026-05-21,2,乒乓球厅-13号,09:00-10:00,0,1,可预约,￥5.0,晴,17,13,4,0.0,89,29
2026-05-21 07:50:40,2026-05-21,2,乒乓球厅-13号,09:00-10:00,0,1,可预约,￥5.0,晴,17,13,4,0.0,88,29
2026-05-21 07:53:31,2026-05-21,2,乒乓球厅-13号,09:00-10:00,0,1,可预约,￥5.0,晴,17,12,5,0.0,86,29
2026-05-21 07:56:31,2026-05-21,2,乒乓球厅-13号,09:00-10:00,0,1,可预约,￥5.0,晴,17,12,5,0.0,86,29
2026-05-21 07:59:26,2026-05-21,2,乒乓球厅-13号,09:00-10:00,0,1,可预约,￥5.0,晴,17,12,5,0.0,86,29
2026-05-21 08:00:45,2026-05-21,2,乒乓球厅-13号,09:00-10:00,0,1,可预约,￥5.0,晴,17,12,5,0.0,86,29
2026-05-21 08:02:30,2026-05-21,2,乒乓球厅-13号,09:00-10:00,0,1,可预约,￥5.0,多云,17,12,5,0.0,87,29
2026-05-21 08:05:36,2026-05-21,2,乒乓球厅-13号,09:00-10:00,0,1,可预约,￥5.0,多云,17,12,5,0.0,86,29
2026-05-21 08:08:31,2026-05-21,2,乒乓球厅-13号,09:00-10:00,0,1,可预约,￥5.0,多云,17,12,5,0.0,86,29
2026-05-21 08:11:30,2026-05-21,2,乒乓球厅-13号,09:00-10:00,0,1,可预约,￥5.0,多云,17,12,5,0.0,86,29
2026-05-21 08:14:31,2026-05-21,2,乒乓球厅-13号,09:00-10:00,0,1,可预约,￥5.0,多云,17,12,5,0.0,86,29
2026-05-21 08:17:30,2026-05-21,2,乒乓球厅-13号,09:00-10:00,0,1,可预约,￥5.0,多云,17,12,5,0.0,86,29
2026-05-21 08:20:35,2026-05-21,2,乒乓球厅-13号,09:00-10:00,0,1,可预约,￥5.0,多云,17,14,4,0.0,85,29
2026-05-21 08:25:32,2026-05-21,2,乒乓球厅-13号,09:00-10:00,0,1,可预约,￥5.0,多云,17,14,4,0.0,85,28
2026-05-21 08:30:42,2026-05-21,2,乒乓球厅-13号,09:00-10:00,0,1,可预约,￥5.0,多云,18,15,4,0.0,84,28
2026-05-21 08:35:31,2026-05-21,2,乒乓球厅-13号,09:00-10:00,0,1,可预约,￥5.0,多云,18,15,4,0.0,84,28
2026-05-21 08:40:38,2026-05-21,2,乒乓球厅-13号,09:00-10:00,0,1,可预约,￥5.0,多云,18,15,4,0.0,82,28
2026-05-21 08:45:33,2026-05-21,2,乒乓球厅-13号,09:00-10:00,0,1,可预约,￥5.0,多云,18,15,4,0.0,82,28
2026-05-21 08:50:36,2026-05-21,2,乒乓球厅-13号,09:00-10:00,0,1,可预约,￥5.0,多云,18,15,4,0.0,82,28
2026-05-21 08:55:34,2026-05-21,2,乒乓球厅-13号,09:00-10:00,0,1,可预约,￥5.0,多云,18,15,4,0.0,84,28
2026-05-21 09:00:51,2026-05-21,2,乒乓球厅-13号,09:00-10:00,0,1,可预约,￥5.0,多云,18,15,4,0.0,84,28
2026-05-21 09:01:59,2026-05-21,2,乒乓球厅-13号,09:00-10:00,0,1,可预约,￥5.0,多云,18,15,4,0.0,83,28
2026-05-21 09:05:33,2026-05-21,2,乒乓球厅-13号,09:00-10:00,0,1,可预约,￥5.0,多云,18,15,4,0.0,83,28
2026-05-21 09:20:38,2026-05-21,2,乒乓球厅-13号,09:00-10:00,0,1,可预约,￥5.0,多云,18,16,3,0.0,81,28
2026-05-21 09:30:46,2026-05-21,2,乒乓球厅-13号,09:00-10:00,0,1,可预约,￥5.0,多云,18,16,3,0.0,81,32
2026-05-21 09:40:36,2026-05-21,2,乒乓球厅-13号,09:00-10:00,0,1,可预约,￥5.0,多云,19,17,3,0.0,79,32
2026-05-21 09:50:42,2026-05-21,2,乒乓球厅-13号,09:00-10:00,0,1,可预约,￥5.0,多云,19,17,4,0.0,81,32
2026-05-21 10:00:46,2026-05-21,2,乒乓球厅-13号,09:00-10:00,0,1,不开放/已过期,,多云,19,17,4,0.0,79,32
2026-05-21 10:10:40,2026-05-21,2,乒乓球厅-13号,09:00-10:00,0,1,不开放/已过期,,多云,19,17,4,0.0,79,32
2026-05-21 10:20:38,2026-05-21,2,乒乓球厅-13号,09:00-10:00,0,1,不开放/已过期,,多云,19,17,4,0.0,79,32
2026-05-21 10:30:41,2026-05-21,2,乒乓球厅-13号,09:00-10:00,0,1,不开放/已过期,,多云,19,18,3,0.0,78,31
2026-05-21 11:00:44,2026-05-21,2,乒乓球厅-13号,09:00-10:00,0,1,不开放/已过期,,多云,21,17,5,0.0,74,31
2026-05-21 11:30:38,2026-05-21,2,乒乓球厅-13号,09:00-10:00,0,1,不开放/已过期,,多云,21,19,3,0.0,72,33
2026-05-21 12:00:46,2026-05-21,2,乒乓球厅-13号,09:00-10:00,0,1,不开放/已过期,,多云,22,19,4,0.0,70,33
2026-05-21 12:30:42,2026-05-21,2,乒乓球厅-13号,09:00-10:00,0,1,不开放/已过期,,多云,22,21,3,0.0,68,35
2026-05-21 13:00:43,2026-05-21,2,乒乓球厅-13号,09:00-10:00,0,1,不开放/已过期,,多云,24,22,4,0.0,66,35
2026-05-21 13:30:43,2026-05-21,2,乒乓球厅-13号,09:00-10:00,0,1,不开放/已过期,,多云,24,22,4,0.0,66,36
2026-05-21 14:00:48,2026-05-21,2,乒乓球厅-13号,09:00-10:00,0,1,不开放/已过期,,多云,25,23,4,0.0,66,36
2026-05-21 14:30:45,2026-05-21,2,乒乓球厅-13号,09:00-10:00,0,1,不开放/已过期,,晴,25,25,3,0.0,65,39
2026-05-21 15:00:45,2026-05-21,2,乒乓球厅-13号,09:00-10:00,0,1,不开放/已过期,,晴,25,22,4,0.0,56,39
2026-05-21 15:30:43,2026-05-21,2,乒乓球厅-13号,09:00-10:00,0,1,不开放/已过期,,晴,25,23,4,0.0,57,40
2026-05-21 16:00:51,2026-05-21,2,乒乓球厅-13号,09:00-10:00,0,1,不开放/已过期,,晴,25,23,4,0.0,57,40
2026-05-21 16:30:48,2026-05-21,2,乒乓球厅-13号,09:00-10:00,0,1,不开放/已过期,,晴,25,24,3,0.0,60,39
2026-05-21 17:00:49,2026-05-21,2,乒乓球厅-13号,09:00-10:00,0,1,不开放/已过期,,晴,25,24,4,0.0,61,39
2026-05-21 17:30:47,2026-05-21,2,乒乓球厅-13号,09:00-10:00,0,1,不开放/已过期,,多云,24,23,3,0.0,64,39
2026-05-21 18:00:50,2026-05-21,2,乒乓球厅-13号,09:00-10:00,0,1,不开放/已过期,,多云,24,23,3,0.0,68,39
2026-05-21 18:30:50,2026-05-21,2,乒乓球厅-13号,09:00-10:00,0,1,不开放/已过期,,阴,24,25,2,0.0,68,40
2026-05-21 19:00:50,2026-05-21,2,乒乓球厅-13号,09:00-10:00,0,1,不开放/已过期,,阴,23,23,3,0.0,76,40
2026-05-21 19:30:46,2026-05-21,2,乒乓球厅-13号,09:00-10:00,0,1,不开放/已过期,,阴,23,24,2,0.0,77,39
2026-05-21 20:00:49,2026-05-21,2,乒乓球厅-13号,09:00-10:00,0,1,不开放/已过期,,雾,22,23,2,0.0,89,39
2026-05-21 20:30:44,2026-05-21,2,乒乓球厅-13号,09:00-10:00,0,1,不开放/已过期,,雾,22,24,2,0.0,93,43
2026-05-21 21:00:56,2026-05-21,2,乒乓球厅-13号,09:00-10:00,0,1,不开放/已过期,,雾,20,21,2,0.0,98,43
2026-05-21 21:30:46,2026-05-21,2,乒乓球厅-13号,09:00-10:00,0,1,不开放/已过期,,雾,20,22,1,0.0,99,41
2026-05-21 22:01:02,2026-05-21,2,乒乓球厅-13号,09:00-10:00,0,1,不开放/已过期,,雾,19,20,2,0.0,93,41
2026-05-21 22:30:47,2026-05-21,2,乒乓球厅-13号,09:00-10:00,0,1,不开放/已过期,,雾,19,19,3,0.0,88,46
2026-05-21 23:00:56,2026-05-21,2,乒乓球厅-13号,09:00-10:00,0,1,不开放/已过期,,多云,18,17,3,0.0,85,46
2026-05-21 23:30:55,2026-05-21,2,乒乓球厅-13号,09:00-10:00,0,1,不开放/已过期,,多云,18,17,3,0.0,85,48
2026-05-21 00:30:49,2026-05-21,2,乒乓球厅-13号,10:00-11:00,1,1,已售/已满,教学时间,多云,15,13,3,0.0,100,26
2026-05-21 01:00:55,2026-05-21,2,乒乓球厅-13号,10:00-11:00,1,1,已售/已满,教学时间,多云,15,12,4,0.0,100,26
2026-05-21 01:30:47,2026-05-21,2,乒乓球厅-13号,10:00-11:00,1,1,已售/已满,教学时间,多云,15,13,4,0.0,100,28
2026-05-21 02:00:53,2026-05-21,2,乒乓球厅-13号,10:00-11:00,1,1,已售/已满,教学时间,多云,15,12,4,0.0,100,28
2026-05-21 02:30:49,2026-05-21,2,乒乓球厅-13号,10:00-11:00,1,1,已售/已满,教学时间,多云,15,14,3,0.0,100,29
2026-05-21 03:00:55,2026-05-21,2,乒乓球厅-13号,10:00-11:00,1,1,已售/已满,教学时间,多云,15,12,4,0.0,100,29
2026-05-21 03:30:49,2026-05-21,2,乒乓球厅-13号,10:00-11:00,1,1,已售/已满,教学时间,多云,15,14,3,0.0,100,30
2026-05-21 04:30:45,2026-05-21,2,乒乓球厅-13号,10:00-11:00,1,1,已售/已满,教学时间,多云,15,12,4,0.0,100,29
2026-05-21 05:00:52,2026-05-21,2,乒乓球厅-13号,10:00-11:00,1,1,已售/已满,教学时间,多云,15,12,4,0.0,100,29
2026-05-21 05:30:49,2026-05-21,2,乒乓球厅-13号,10:00-11:00,1,1,已售/已满,教学时间,多云,15,13,3,0.0,100,28
2026-05-21 06:00:50,2026-05-21,2,乒乓球厅-13号,10:00-11:00,1,1,已售/已满,教学时间,多云,15,13,4,0.0,99,28
2026-05-21 06:30:38,2026-05-21,2,乒乓球厅-13号,10:00-11:00,1,1,已售/已满,教学时间,多云,15,13,3,0.0,97,28
2026-05-21 07:00:43,2026-05-21,2,乒乓球厅-13号,10:00-11:00,1,1,已售/已满,教学时间,晴,15,11,5,0.0,93,28
2026-05-21 07:30:39,2026-05-21,2,乒乓球厅-13号,10:00-11:00,1,1,已售/已满,教学时间,晴,17,13,4,0.0,89,29
2026-05-21 07:50:40,2026-05-21,2,乒乓球厅-13号,10:00-11:00,1,1,已售/已满,教学时间,晴,17,13,4,0.0,88,29
2026-05-21 07:53:31,2026-05-21,2,乒乓球厅-13号,10:00-11:00,1,1,已售/已满,教学时间,晴,17,12,5,0.0,86,29
2026-05-21 07:56:31,2026-05-21,2,乒乓球厅-13号,10:00-11:00,1,1,已售/已满,教学时间,晴,17,12,5,0.0,86,29
2026-05-21 07:59:26,2026-05-21,2,乒乓球厅-13号,10:00-11:00,1,1,已售/已满,教学时间,晴,17,12,5,0.0,86,29
2026-05-21 08:00:45,2026-05-21,2,乒乓球厅-13号,10:00-11:00,1,1,已售/已满,教学时间,晴,17,12,5,0.0,86,29
2026-05-21 08:02:30,2026-05-21,2,乒乓球厅-13号,10:00-11:00,1,1,已售/已满,教学时间,多云,17,12,5,0.0,87,29
2026-05-21 08:05:36,2026-05-21,2,乒乓球厅-13号,10:00-11:00,1,1,已售/已满,教学时间,多云,17,12,5,0.0,86,29
2026-05-21 08:08:31,2026-05-21,2,乒乓球厅-13号,10:00-11:00,1,1,已售/已满,教学时间,多云,17,12,5,0.0,86,29
2026-05-21 08:11:30,2026-05-21,2,乒乓球厅-13号,10:00-11:00,1,1,已售/已满,教学时间,多云,17,12,5,0.0,86,29
2026-05-21 08:14:31,2026-05-21,2,乒乓球厅-13号,10:00-11:00,1,1,已售/已满,教学时间,多云,17,12,5,0.0,86,29
2026-05-21 08:17:30,2026-05-21,2,乒乓球厅-13号,10:00-11:00,1,1,已售/已满,教学时间,多云,17,12,5,0.0,86,29
2026-05-21 08:20:35,2026-05-21,2,乒乓球厅-13号,10:00-11:00,1,1,已售/已满,教学时间,多云,17,14,4,0.0,85,29
2026-05-21 08:25:32,2026-05-21,2,乒乓球厅-13号,10:00-11:00,1,1,已售/已满,教学时间,多云,17,14,4,0.0,85,28
2026-05-21 08:30:42,2026-05-21,2,乒乓球厅-13号,10:00-11:00,1,1,已售/已满,教学时间,多云,18,15,4,0.0,84,28
2026-05-21 08:35:31,2026-05-21,2,乒乓球厅-13号,10:00-11:00,1,1,已售/已满,教学时间,多云,18,15,4,0.0,84,28
2026-05-21 08:40:38,2026-05-21,2,乒乓球厅-13号,10:00-11:00,1,1,已售/已满,教学时间,多云,18,15,4,0.0,82,28
2026-05-21 08:45:33,2026-05-21,2,乒乓球厅-13号,10:00-11:00,1,1,已售/已满,教学时间,多云,18,15,4,0.0,82,28
2026-05-21 08:50:36,2026-05-21,2,乒乓球厅-13号,10:00-11:00,1,1,已售/已满,教学时间,多云,18,15,4,0.0,82,28
2026-05-21 08:55:34,2026-05-21,2,乒乓球厅-13号,10:00-11:00,1,1,已售/已满,教学时间,多云,18,15,4,0.0,84,28
2026-05-21 09:00:51,2026-05-21,2,乒乓球厅-13号,10:00-11:00,1,1,已售/已满,教学时间,多云,18,15,4,0.0,84,28
2026-05-21 09:01:59,2026-05-21,2,乒乓球厅-13号,10:00-11:00,1,1,已售/已满,教学时间,多云,18,15,4,0.0,83,28
2026-05-21 09:05:33,2026-05-21,2,乒乓球厅-13号,10:00-11:00,1,1,已售/已满,教学时间,多云,18,15,4,0.0,83,28
2026-05-21 09:20:38,2026-05-21,2,乒乓球厅-13号,10:00-11:00,1,1,已售/已满,教学时间,多云,18,16,3,0.0,81,28
2026-05-21 09:30:46,2026-05-21,2,乒乓球厅-13号,10:00-11:00,1,1,已售/已满,教学时间,多云,18,16,3,0.0,81,32
2026-05-21 09:40:36,2026-05-21,2,乒乓球厅-13号,10:00-11:00,1,1,已售/已满,教学时间,多云,19,17,3,0.0,79,32
2026-05-21 09:50:42,2026-05-21,2,乒乓球厅-13号,10:00-11:00,1,1,已售/已满,教学时间,多云,19,17,4,0.0,81,32
2026-05-21 10:00:46,2026-05-21,2,乒乓球厅-13号,10:00-11:00,1,1,已售/已满,教学时间,多云,19,17,4,0.0,79,32
2026-05-21 10:10:40,2026-05-21,2,乒乓球厅-13号,10:00-11:00,1,1,已售/已满,教学时间,多云,19,17,4,0.0,79,32
2026-05-21 10:20:38,2026-05-21,2,乒乓球厅-13号,10:00-11:00,1,1,已售/已满,教学时间,多云,19,17,4,0.0,79,32
2026-05-21 10:30:41,2026-05-21,2,乒乓球厅-13号,10:00-11:00,1,1,已售/已满,教学时间,多云,19,18,3,0.0,78,31
2026-05-21 11:00:44,2026-05-21,2,乒乓球厅-13号,10:00-11:00,1,1,已售/已满,教学时间,多云,21,17,5,0.0,74,31
2026-05-21 11:30:38,2026-05-21,2,乒乓球厅-13号,10:00-11:00,1,1,已售/已满,教学时间,多云,21,19,3,0.0,72,33
2026-05-21 12:00:46,2026-05-21,2,乒乓球厅-13号,10:00-11:00,1,1,已售/已满,教学时间,多云,22,19,4,0.0,70,33
2026-05-21 12:30:42,2026-05-21,2,乒乓球厅-13号,10:00-11:00,1,1,已售/已满,教学时间,多云,22,21,3,0.0,68,35
2026-05-21 13:00:43,2026-05-21,2,乒乓球厅-13号,10:00-11:00,1,1,已售/已满,教学时间,多云,24,22,4,0.0,66,35
2026-05-21 13:30:43,2026-05-21,2,乒乓球厅-13号,10:00-11:00,1,1,已售/已满,教学时间,多云,24,22,4,0.0,66,36
2026-05-21 14:00:48,2026-05-21,2,乒乓球厅-13号,10:00-11:00,1,1,已售/已满,教学时间,多云,25,23,4,0.0,66,36
2026-05-21 14:30:45,2026-05-21,2,乒乓球厅-13号,10:00-11:00,1,1,已售/已满,教学时间,晴,25,25,3,0.0,65,39
2026-05-21 15:00:45,2026-05-21,2,乒乓球厅-13号,10:00-11:00,1,1,已售/已满,教学时间,晴,25,22,4,0.0,56,39
2026-05-21 15:30:43,2026-05-21,2,乒乓球厅-13号,10:00-11:00,1,1,已售/已满,教学时间,晴,25,23,4,0.0,57,40
2026-05-21 16:00:51,2026-05-21,2,乒乓球厅-13号,10:00-11:00,1,1,已售/已满,教学时间,晴,25,23,4,0.0,57,40
2026-05-21 16:30:48,2026-05-21,2,乒乓球厅-13号,10:00-11:00,1,1,已售/已满,教学时间,晴,25,24,3,0.0,60,39
2026-05-21 17:00:49,2026-05-21,2,乒乓球厅-13号,10:00-11:00,1,1,已售/已满,教学时间,晴,25,24,4,0.0,61,39
2026-05-21 17:30:47,2026-05-21,2,乒乓球厅-13号,10:00-11:00,1,1,已售/已满,教学时间,多云,24,23,3,0.0,64,39
2026-05-21 18:00:50,2026-05-21,2,乒乓球厅-13号,10:00-11:00,1,1,已售/已满,教学时间,多云,24,23,3,0.0,68,39
2026-05-21 18:30:50,2026-05-21,2,乒乓球厅-13号,10:00-11:00,1,1,已售/已满,教学时间,阴,24,25,2,0.0,68,40
2026-05-21 19:00:50,2026-05-21,2,乒乓球厅-13号,10:00-11:00,1,1,已售/已满,教学时间,阴,23,23,3,0.0,76,40
2026-05-21 19:30:46,2026-05-21,2,乒乓球厅-13号,10:00-11:00,1,1,已售/已满,教学时间,阴,23,24,2,0.0,77,39
2026-05-21 20:00:49,2026-05-21,2,乒乓球厅-13号,10:00-11:00,1,1,已售/已满,教学时间,雾,22,23,2,0.0,89,39
2026-05-21 20:30:44,2026-05-21,2,乒乓球厅-13号,10:00-11:00,1,1,已售/已满,教学时间,雾,22,24,2,0.0,93,43
2026-05-21 21:00:56,2026-05-21,2,乒乓球厅-13号,10:00-11:00,1,1,已售/已满,教学时间,雾,20,21,2,0.0,98,43
2026-05-21 21:30:46,2026-05-21,2,乒乓球厅-13号,10:00-11:00,1,1,已售/已满,教学时间,雾,20,22,1,0.0,99,41
2026-05-21 22:01:02,2026-05-21,2,乒乓球厅-13号,10:00-11:00,1,1,已售/已满,教学时间,雾,19,20,2,0.0,93,41
2026-05-21 22:30:47,2026-05-21,2,乒乓球厅-13号,10:00-11:00,1,1,已售/已满,教学时间,雾,19,19,3,0.0,88,46
2026-05-21 23:00:56,2026-05-21,2,乒乓球厅-13号,10:00-11:00,1,1,已售/已满,教学时间,多云,18,17,3,0.0,85,46
2026-05-21 23:30:55,2026-05-21,2,乒乓球厅-13号,10:00-11:00,1,1,已售/已满,教学时间,多云,18,17,3,0.0,85,48
2026-05-21 00:30:49,2026-05-21,2,乒乓球厅-13号,11:00-12:00,1,1,已售/已满,教学时间,多云,15,13,3,0.0,100,26
2026-05-21 01:00:55,2026-05-21,2,乒乓球厅-13号,11:00-12:00,1,1,已售/已满,教学时间,多云,15,12,4,0.0,100,26
2026-05-21 01:30:47,2026-05-21,2,乒乓球厅-13号,11:00-12:00,1,1,已售/已满,教学时间,多云,15,13,4,0.0,100,28
2026-05-21 02:00:53,2026-05-21,2,乒乓球厅-13号,11:00-12:00,1,1,已售/已满,教学时间,多云,15,12,4,0.0,100,28
2026-05-21 02:30:49,2026-05-21,2,乒乓球厅-13号,11:00-12:00,1,1,已售/已满,教学时间,多云,15,14,3,0.0,100,29
2026-05-21 03:00:55,2026-05-21,2,乒乓球厅-13号,11:00-12:00,1,1,已售/已满,教学时间,多云,15,12,4,0.0,100,29
2026-05-21 03:30:49,2026-05-21,2,乒乓球厅-13号,11:00-12:00,1,1,已售/已满,教学时间,多云,15,14,3,0.0,100,30
2026-05-21 04:30:45,2026-05-21,2,乒乓球厅-13号,11:00-12:00,1,1,已售/已满,教学时间,多云,15,12,4,0.0,100,29
2026-05-21 05:00:52,2026-05-21,2,乒乓球厅-13号,11:00-12:00,1,1,已售/已满,教学时间,多云,15,12,4,0.0,100,29
2026-05-21 05:30:49,2026-05-21,2,乒乓球厅-13号,11:00-12:00,1,1,已售/已满,教学时间,多云,15,13,3,0.0,100,28
2026-05-21 06:00:50,2026-05-21,2,乒乓球厅-13号,11:00-12:00,1,1,已售/已满,教学时间,多云,15,13,4,0.0,99,28
2026-05-21 06:30:38,2026-05-21,2,乒乓球厅-13号,11:00-12:00,1,1,已售/已满,教学时间,多云,15,13,3,0.0,97,28
2026-05-21 07:00:43,2026-05-21,2,乒乓球厅-13号,11:00-12:00,1,1,已售/已满,教学时间,晴,15,11,5,0.0,93,28
2026-05-21 07:30:39,2026-05-21,2,乒乓球厅-13号,11:00-12:00,1,1,已售/已满,教学时间,晴,17,13,4,0.0,89,29
2026-05-21 07:50:40,2026-05-21,2,乒乓球厅-13号,11:00-12:00,1,1,已售/已满,教学时间,晴,17,13,4,0.0,88,29
2026-05-21 07:53:31,2026-05-21,2,乒乓球厅-13号,11:00-12:00,1,1,已售/已满,教学时间,晴,17,12,5,0.0,86,29
2026-05-21 07:56:31,2026-05-21,2,乒乓球厅-13号,11:00-12:00,1,1,已售/已满,教学时间,晴,17,12,5,0.0,86,29
2026-05-21 07:59:26,2026-05-21,2,乒乓球厅-13号,11:00-12:00,1,1,已售/已满,教学时间,晴,17,12,5,0.0,86,29
2026-05-21 08:00:45,2026-05-21,2,乒乓球厅-13号,11:00-12:00,1,1,已售/已满,教学时间,晴,17,12,5,0.0,86,29
2026-05-21 08:02:30,2026-05-21,2,乒乓球厅-13号,11:00-12:00,1,1,已售/已满,教学时间,多云,17,12,5,0.0,87,29
2026-05-21 08:05:36,2026-05-21,2,乒乓球厅-13号,11:00-12:00,1,1,已售/已满,教学时间,多云,17,12,5,0.0,86,29
2026-05-21 08:08:31,2026-05-21,2,乒乓球厅-13号,11:00-12:00,1,1,已售/已满,教学时间,多云,17,12,5,0.0,86,29
2026-05-21 08:11:30,2026-05-21,2,乒乓球厅-13号,11:00-12:00,1,1,已售/已满,教学时间,多云,17,12,5,0.0,86,29
2026-05-21 08:14:31,2026-05-21,2,乒乓球厅-13号,11:00-12:00,1,1,已售/已满,教学时间,多云,17,12,5,0.0,86,29
2026-05-21 08:17:30,2026-05-21,2,乒乓球厅-13号,11:00-12:00,1,1,已售/已满,教学时间,多云,17,12,5,0.0,86,29
2026-05-21 08:20:35,2026-05-21,2,乒乓球厅-13号,11:00-12:00,1,1,已售/已满,教学时间,多云,17,14,4,0.0,85,29
2026-05-21 08:25:32,2026-05-21,2,乒乓球厅-13号,11:00-12:00,1,1,已售/已满,教学时间,多云,17,14,4,0.0,85,28
2026-05-21 08:30:42,2026-05-21,2,乒乓球厅-13号,11:00-12:00,1,1,已售/已满,教学时间,多云,18,15,4,0.0,84,28
2026-05-21 08:35:31,2026-05-21,2,乒乓球厅-13号,11:00-12:00,1,1,已售/已满,教学时间,多云,18,15,4,0.0,84,28
2026-05-21 08:40:38,2026-05-21,2,乒乓球厅-13号,11:00-12:00,1,1,已售/已满,教学时间,多云,18,15,4,0.0,82,28
2026-05-21 08:45:33,2026-05-21,2,乒乓球厅-13号,11:00-12:00,1,1,已售/已满,教学时间,多云,18,15,4,0.0,82,28
2026-05-21 08:50:36,2026-05-21,2,乒乓球厅-13号,11:00-12:00,1,1,已售/已满,教学时间,多云,18,15,4,0.0,82,28
2026-05-21 08:55:34,2026-05-21,2,乒乓球厅-13号,11:00-12:00,1,1,已售/已满,教学时间,多云,18,15,4,0.0,84,28
2026-05-21 09:00:51,2026-05-21,2,乒乓球厅-13号,11:00-12:00,1,1,已售/已满,教学时间,多云,18,15,4,0.0,84,28
2026-05-21 09:01:59,2026-05-21,2,乒乓球厅-13号,11:00-12:00,1,1,已售/已满,教学时间,多云,18,15,4,0.0,83,28
2026-05-21 09:05:33,2026-05-21,2,乒乓球厅-13号,11:00-12:00,1,1,已售/已满,教学时间,多云,18,15,4,0.0,83,28
2026-05-21 09:20:38,2026-05-21,2,乒乓球厅-13号,11:00-12:00,1,1,已售/已满,教学时间,多云,18,16,3,0.0,81,28
2026-05-21 09:30:46,2026-05-21,2,乒乓球厅-13号,11:00-12:00,1,1,已售/已满,教学时间,多云,18,16,3,0.0,81,32
2026-05-21 09:40:36,2026-05-21,2,乒乓球厅-13号,11:00-12:00,1,1,已售/已满,教学时间,多云,19,17,3,0.0,79,32
2026-05-21 09:50:42,2026-05-21,2,乒乓球厅-13号,11:00-12:00,1,1,已售/已满,教学时间,多云,19,17,4,0.0,81,32
2026-05-21 10:00:46,2026-05-21,2,乒乓球厅-13号,11:00-12:00,1,1,已售/已满,教学时间,多云,19,17,4,0.0,79,32
2026-05-21 10:10:40,2026-05-21,2,乒乓球厅-13号,11:00-12:00,1,1,已售/已满,教学时间,多云,19,17,4,0.0,79,32
2026-05-21 10:20:38,2026-05-21,2,乒乓球厅-13号,11:00-12:00,1,1,已售/已满,教学时间,多云,19,17,4,0.0,79,32
2026-05-21 10:30:41,2026-05-21,2,乒乓球厅-13号,11:00-12:00,1,1,已售/已满,教学时间,多云,19,18,3,0.0,78,31
2026-05-21 11:00:44,2026-05-21,2,乒乓球厅-13号,11:00-12:00,1,1,已售/已满,教学时间,多云,21,17,5,0.0,74,31
2026-05-21 11:30:38,2026-05-21,2,乒乓球厅-13号,11:00-12:00,1,1,已售/已满,教学时间,多云,21,19,3,0.0,72,33
2026-05-21 12:00:46,2026-05-21,2,乒乓球厅-13号,11:00-12:00,1,1,已售/已满,教学时间,多云,22,19,4,0.0,70,33
2026-05-21 12:30:42,2026-05-21,2,乒乓球厅-13号,11:00-12:00,1,1,已售/已满,教学时间,多云,22,21,3,0.0,68,35
2026-05-21 13:00:43,2026-05-21,2,乒乓球厅-13号,11:00-12:00,1,1,已售/已满,教学时间,多云,24,22,4,0.0,66,35
2026-05-21 13:30:43,2026-05-21,2,乒乓球厅-13号,11:00-12:00,1,1,已售/已满,教学时间,多云,24,22,4,0.0,66,36
2026-05-21 14:00:48,2026-05-21,2,乒乓球厅-13号,11:00-12:00,1,1,已售/已满,教学时间,多云,25,23,4,0.0,66,36
2026-05-21 14:30:45,2026-05-21,2,乒乓球厅-13号,11:00-12:00,1,1,已售/已满,教学时间,晴,25,25,3,0.0,65,39
2026-05-21 15:00:45,2026-05-21,2,乒乓球厅-13号,11:00-12:00,1,1,已售/已满,教学时间,晴,25,22,4,0.0,56,39
2026-05-21 15:30:43,2026-05-21,2,乒乓球厅-13号,11:00-12:00,1,1,已售/已满,教学时间,晴,25,23,4,0.0,57,40
2026-05-21 16:00:51,2026-05-21,2,乒乓球厅-13号,11:00-12:00,1,1,已售/已满,教学时间,晴,25,23,4,0.0,57,40
2026-05-21 16:30:48,2026-05-21,2,乒乓球厅-13号,11:00-12:00,1,1,已售/已满,教学时间,晴,25,24,3,0.0,60,39
2026-05-21 17:00:49,2026-05-21,2,乒乓球厅-13号,11:00-12:00,1,1,已售/已满,教学时间,晴,25,24,4,0.0,61,39
2026-05-21 17:30:47,2026-05-21,2,乒乓球厅-13号,11:00-12:00,1,1,已售/已满,教学时间,多云,24,23,3,0.0,64,39
2026-05-21 18:00:50,2026-05-21,2,乒乓球厅-13号,11:00-12:00,1,1,已售/已满,教学时间,多云,24,23,3,0.0,68,39
2026-05-21 18:30:50,2026-05-21,2,乒乓球厅-13号,11:00-12:00,1,1,已售/已满,教学时间,阴,24,25,2,0.0,68,40
2026-05-21 19:00:50,2026-05-21,2,乒乓球厅-13号,11:00-12:00,1,1,已售/已满,教学时间,阴,23,23,3,0.0,76,40
2026-05-21 19:30:46,2026-05-21,2,乒乓球厅-13号,11:00-12:00,1,1,已售/已满,教学时间,阴,23,24,2,0.0,77,39
2026-05-21 20:00:49,2026-05-21,2,乒乓球厅-13号,11:00-12:00,1,1,已售/已满,教学时间,雾,22,23,2,0.0,89,39
2026-05-21 20:30:44,2026-05-21,2,乒乓球厅-13号,11:00-12:00,1,1,已售/已满,教学时间,雾,22,24,2,0.0,93,43
2026-05-21 21:00:56,2026-05-21,2,乒乓球厅-13号,11:00-12:00,1,1,已售/已满,教学时间,雾,20,21,2,0.0,98,43
2026-05-21 21:30:46,2026-05-21,2,乒乓球厅-13号,11:00-12:00,1,1,已售/已满,教学时间,雾,20,22,1,0.0,99,41
2026-05-21 22:01:02,2026-05-21,2,乒乓球厅-13号,11:00-12:00,1,1,已售/已满,教学时间,雾,19,20,2,0.0,93,41
2026-05-21 22:30:47,2026-05-21,2,乒乓球厅-13号,11:00-12:00,1,1,已售/已满,教学时间,雾,19,19,3,0.0,88,46
2026-05-21 23:00:56,2026-05-21,2,乒乓球厅-13号,11:00-12:00,1,1,已售/已满,教学时间,多云,18,17,3,0.0,85,46
2026-05-21 23:30:55,2026-05-21,2,乒乓球厅-13号,11:00-12:00,1,1,已售/已满,教学时间,多云,18,17,3,0.0,85,48
2026-05-21 00:30:49,2026-05-21,2,乒乓球厅-13号,12:00-12:55,0,1,可预约,￥0.0,多云,15,13,3,0.0,100,26
2026-05-21 01:00:55,2026-05-21,2,乒乓球厅-13号,12:00-12:55,0,1,可预约,￥0.0,多云,15,12,4,0.0,100,26
2026-05-21 01:30:47,2026-05-21,2,乒乓球厅-13号,12:00-12:55,0,1,可预约,￥0.0,多云,15,13,4,0.0,100,28
2026-05-21 02:00:53,2026-05-21,2,乒乓球厅-13号,12:00-12:55,0,1,可预约,￥0.0,多云,15,12,4,0.0,100,28
2026-05-21 02:30:49,2026-05-21,2,乒乓球厅-13号,12:00-12:55,0,1,可预约,￥0.0,多云,15,14,3,0.0,100,29
2026-05-21 03:00:55,2026-05-21,2,乒乓球厅-13号,12:00-12:55,0,1,可预约,￥0.0,多云,15,12,4,0.0,100,29
2026-05-21 03:30:49,2026-05-21,2,乒乓球厅-13号,12:00-12:55,0,1,可预约,￥0.0,多云,15,14,3,0.0,100,30
2026-05-21 04:30:45,2026-05-21,2,乒乓球厅-13号,12:00-12:55,0,1,可预约,￥0.0,多云,15,12,4,0.0,100,29
2026-05-21 05:00:52,2026-05-21,2,乒乓球厅-13号,12:00-12:55,0,1,可预约,￥0.0,多云,15,12,4,0.0,100,29
2026-05-21 05:30:49,2026-05-21,2,乒乓球厅-13号,12:00-12:55,0,1,可预约,￥0.0,多云,15,13,3,0.0,100,28
2026-05-21 06:00:50,2026-05-21,2,乒乓球厅-13号,12:00-12:55,0,1,可预约,￥0.0,多云,15,13,4,0.0,99,28
2026-05-21 06:30:38,2026-05-21,2,乒乓球厅-13号,12:00-12:55,0,1,可预约,￥0.0,多云,15,13,3,0.0,97,28
2026-05-21 07:00:43,2026-05-21,2,乒乓球厅-13号,12:00-12:55,0,1,可预约,￥0.0,晴,15,11,5,0.0,93,28
2026-05-21 07:30:39,2026-05-21,2,乒乓球厅-13号,12:00-12:55,0,1,可预约,￥0.0,晴,17,13,4,0.0,89,29
2026-05-21 07:50:40,2026-05-21,2,乒乓球厅-13号,12:00-12:55,0,1,可预约,￥0.0,晴,17,13,4,0.0,88,29
2026-05-21 07:53:31,2026-05-21,2,乒乓球厅-13号,12:00-12:55,0,1,可预约,￥0.0,晴,17,12,5,0.0,86,29
2026-05-21 07:56:31,2026-05-21,2,乒乓球厅-13号,12:00-12:55,0,1,可预约,￥0.0,晴,17,12,5,0.0,86,29
2026-05-21 07:59:26,2026-05-21,2,乒乓球厅-13号,12:00-12:55,0,1,可预约,￥0.0,晴,17,12,5,0.0,86,29
2026-05-21 08:00:45,2026-05-21,2,乒乓球厅-13号,12:00-12:55,0,1,可预约,￥0.0,晴,17,12,5,0.0,86,29
2026-05-21 08:02:30,2026-05-21,2,乒乓球厅-13号,12:00-12:55,0,1,可预约,￥0.0,多云,17,12,5,0.0,87,29
2026-05-21 08:05:36,2026-05-21,2,乒乓球厅-13号,12:00-12:55,0,1,可预约,￥0.0,多云,17,12,5,0.0,86,29
2026-05-21 08:08:31,2026-05-21,2,乒乓球厅-13号,12:00-12:55,0,1,可预约,￥0.0,多云,17,12,5,0.0,86,29
2026-05-21 08:11:30,2026-05-21,2,乒乓球厅-13号,12:00-12:55,0,1,可预约,￥0.0,多云,17,12,5,0.0,86,29
2026-05-21 08:14:31,2026-05-21,2,乒乓球厅-13号,12:00-12:55,0,1,可预约,￥0.0,多云,17,12,5,0.0,86,29
2026-05-21 08:17:30,2026-05-21,2,乒乓球厅-13号,12:00-12:55,0,1,可预约,￥0.0,多云,17,12,5,0.0,86,29
2026-05-21 08:20:35,2026-05-21,2,乒乓球厅-13号,12:00-12:55,0,1,可预约,￥0.0,多云,17,14,4,0.0,85,29
2026-05-21 08:25:32,2026-05-21,2,乒乓球厅-13号,12:00-12:55,0,1,可预约,￥0.0,多云,17,14,4,0.0,85,28
2026-05-21 08:30:42,2026-05-21,2,乒乓球厅-13号,12:00-12:55,0,1,可预约,￥0.0,多云,18,15,4,0.0,84,28
2026-05-21 08:35:31,2026-05-21,2,乒乓球厅-13号,12:00-12:55,0,1,可预约,￥0.0,多云,18,15,4,0.0,84,28
2026-05-21 08:40:38,2026-05-21,2,乒乓球厅-13号,12:00-12:55,0,1,可预约,￥0.0,多云,18,15,4,0.0,82,28
2026-05-21 08:45:33,2026-05-21,2,乒乓球厅-13号,12:00-12:55,0,1,可预约,￥0.0,多云,18,15,4,0.0,82,28
2026-05-21 08:50:36,2026-05-21,2,乒乓球厅-13号,12:00-12:55,0,1,可预约,￥0.0,多云,18,15,4,0.0,82,28
2026-05-21 08:55:34,2026-05-21,2,乒乓球厅-13号,12:00-12:55,0,1,可预约,￥0.0,多云,18,15,4,0.0,84,28
2026-05-21 09:00:51,2026-05-21,2,乒乓球厅-13号,12:00-12:55,0,1,可预约,￥0.0,多云,18,15,4,0.0,84,28
2026-05-21 09:01:59,2026-05-21,2,乒乓球厅-13号,12:00-12:55,0,1,可预约,￥0.0,多云,18,15,4,0.0,83,28
2026-05-21 09:05:33,2026-05-21,2,乒乓球厅-13号,12:00-12:55,0,1,可预约,￥0.0,多云,18,15,4,0.0,83,28
2026-05-21 09:20:38,2026-05-21,2,乒乓球厅-13号,12:00-12:55,0,1,可预约,￥0.0,多云,18,16,3,0.0,81,28
2026-05-21 09:30:46,2026-05-21,2,乒乓球厅-13号,12:00-12:55,0,1,可预约,￥0.0,多云,18,16,3,0.0,81,32
2026-05-21 09:40:36,2026-05-21,2,乒乓球厅-13号,12:00-12:55,0,1,可预约,￥0.0,多云,19,17,3,0.0,79,32
2026-05-21 09:50:42,2026-05-21,2,乒乓球厅-13号,12:00-12:55,0,1,可预约,￥0.0,多云,19,17,4,0.0,81,32
2026-05-21 10:00:46,2026-05-21,2,乒乓球厅-13号,12:00-12:55,0,1,可预约,￥0.0,多云,19,17,4,0.0,79,32
2026-05-21 10:10:40,2026-05-21,2,乒乓球厅-13号,12:00-12:55,0,1,可预约,￥0.0,多云,19,17,4,0.0,79,32
2026-05-21 10:20:38,2026-05-21,2,乒乓球厅-13号,12:00-12:55,0,1,可预约,￥0.0,多云,19,17,4,0.0,79,32
2026-05-21 10:30:41,2026-05-21,2,乒乓球厅-13号,12:00-12:55,0,1,可预约,￥0.0,多云,19,18,3,0.0,78,31
2026-05-21 11:00:44,2026-05-21,2,乒乓球厅-13号,12:00-12:55,0,1,可预约,￥0.0,多云,21,17,5,0.0,74,31
2026-05-21 11:30:38,2026-05-21,2,乒乓球厅-13号,12:00-12:55,0,1,可预约,￥0.0,多云,21,19,3,0.0,72,33
2026-05-21 12:00:46,2026-05-21,2,乒乓球厅-13号,12:00-12:55,0,1,可预约,￥0.0,多云,22,19,4,0.0,70,33
2026-05-21 12:30:42,2026-05-21,2,乒乓球厅-13号,12:00-12:55,0,1,可预约,￥0.0,多云,22,21,3,0.0,68,35
2026-05-21 13:00:43,2026-05-21,2,乒乓球厅-13号,12:00-12:55,0,1,不开放/已过期,,多云,24,22,4,0.0,66,35
2026-05-21 13:30:43,2026-05-21,2,乒乓球厅-13号,12:00-12:55,0,1,不开放/已过期,,多云,24,22,4,0.0,66,36
2026-05-21 14:00:48,2026-05-21,2,乒乓球厅-13号,12:00-12:55,0,1,不开放/已过期,,多云,25,23,4,0.0,66,36
2026-05-21 14:30:45,2026-05-21,2,乒乓球厅-13号,12:00-12:55,0,1,不开放/已过期,,晴,25,25,3,0.0,65,39
2026-05-21 15:00:45,2026-05-21,2,乒乓球厅-13号,12:00-12:55,0,1,不开放/已过期,,晴,25,22,4,0.0,56,39
2026-05-21 15:30:43,2026-05-21,2,乒乓球厅-13号,12:00-12:55,0,1,不开放/已过期,,晴,25,23,4,0.0,57,40
2026-05-21 16:00:51,2026-05-21,2,乒乓球厅-13号,12:00-12:55,0,1,不开放/已过期,,晴,25,23,4,0.0,57,40
2026-05-21 16:30:48,2026-05-21,2,乒乓球厅-13号,12:00-12:55,0,1,不开放/已过期,,晴,25,24,3,0.0,60,39
2026-05-21 17:00:49,2026-05-21,2,乒乓球厅-13号,12:00-12:55,0,1,不开放/已过期,,晴,25,24,4,0.0,61,39
2026-05-21 17:30:47,2026-05-21,2,乒乓球厅-13号,12:00-12:55,0,1,不开放/已过期,,多云,24,23,3,0.0,64,39
2026-05-21 18:00:50,2026-05-21,2,乒乓球厅-13号,12:00-12:55,0,1,不开放/已过期,,多云,24,23,3,0.0,68,39
2026-05-21 18:30:50,2026-05-21,2,乒乓球厅-13号,12:00-12:55,0,1,不开放/已过期,,阴,24,25,2,0.0,68,40
2026-05-21 19:00:50,2026-05-21,2,乒乓球厅-13号,12:00-12:55,0,1,不开放/已过期,,阴,23,23,3,0.0,76,40
2026-05-21 19:30:46,2026-05-21,2,乒乓球厅-13号,12:00-12:55,0,1,不开放/已过期,,阴,23,24,2,0.0,77,39
2026-05-21 20:00:49,2026-05-21,2,乒乓球厅-13号,12:00-12:55,0,1,不开放/已过期,,雾,22,23,2,0.0,89,39
2026-05-21 20:30:44,2026-05-21,2,乒乓球厅-13号,12:00-12:55,0,1,不开放/已过期,,雾,22,24,2,0.0,93,43
2026-05-21 21:00:56,2026-05-21,2,乒乓球厅-13号,12:00-12:55,0,1,不开放/已过期,,雾,20,21,2,0.0,98,43
2026-05-21 21:30:46,2026-05-21,2,乒乓球厅-13号,12:00-12:55,0,1,不开放/已过期,,雾,20,22,1,0.0,99,41
2026-05-21 22:01:02,2026-05-21,2,乒乓球厅-13号,12:00-12:55,0,1,不开放/已过期,,雾,19,20,2,0.0,93,41
2026-05-21 22:30:47,2026-05-21,2,乒乓球厅-13号,12:00-12:55,0,1,不开放/已过期,,雾,19,19,3,0.0,88,46
2026-05-21 23:00:56,2026-05-21,2,乒乓球厅-13号,12:00-12:55,0,1,不开放/已过期,,多云,18,17,3,0.0,85,46
2026-05-21 23:30:55,2026-05-21,2,乒乓球厅-13号,12:00-12:55,0,1,不开放/已过期,,多云,18,17,3,0.0,85,48
2026-05-21 00:30:49,2026-05-21,2,乒乓球厅-13号,12:55-13:50,0,1,可预约,￥0.0,多云,15,13,3,0.0,100,26
2026-05-21 01:00:55,2026-05-21,2,乒乓球厅-13号,12:55-13:50,0,1,可预约,￥0.0,多云,15,12,4,0.0,100,26
2026-05-21 01:30:47,2026-05-21,2,乒乓球厅-13号,12:55-13:50,0,1,可预约,￥0.0,多云,15,13,4,0.0,100,28
2026-05-21 02:00:53,2026-05-21,2,乒乓球厅-13号,12:55-13:50,0,1,可预约,￥0.0,多云,15,12,4,0.0,100,28
2026-05-21 02:30:49,2026-05-21,2,乒乓球厅-13号,12:55-13:50,0,1,可预约,￥0.0,多云,15,14,3,0.0,100,29
2026-05-21 03:00:55,2026-05-21,2,乒乓球厅-13号,12:55-13:50,0,1,可预约,￥0.0,多云,15,12,4,0.0,100,29
2026-05-21 03:30:49,2026-05-21,2,乒乓球厅-13号,12:55-13:50,0,1,可预约,￥0.0,多云,15,14,3,0.0,100,30
2026-05-21 04:30:45,2026-05-21,2,乒乓球厅-13号,12:55-13:50,0,1,可预约,￥0.0,多云,15,12,4,0.0,100,29
2026-05-21 05:00:52,2026-05-21,2,乒乓球厅-13号,12:55-13:50,0,1,可预约,￥0.0,多云,15,12,4,0.0,100,29
2026-05-21 05:30:49,2026-05-21,2,乒乓球厅-13号,12:55-13:50,0,1,可预约,￥0.0,多云,15,13,3,0.0,100,28
2026-05-21 06:00:50,2026-05-21,2,乒乓球厅-13号,12:55-13:50,0,1,可预约,￥0.0,多云,15,13,4,0.0,99,28
2026-05-21 06:30:38,2026-05-21,2,乒乓球厅-13号,12:55-13:50,0,1,可预约,￥0.0,多云,15,13,3,0.0,97,28
2026-05-21 07:00:43,2026-05-21,2,乒乓球厅-13号,12:55-13:50,0,1,可预约,￥0.0,晴,15,11,5,0.0,93,28
2026-05-21 07:30:39,2026-05-21,2,乒乓球厅-13号,12:55-13:50,0,1,可预约,￥0.0,晴,17,13,4,0.0,89,29
2026-05-21 07:50:40,2026-05-21,2,乒乓球厅-13号,12:55-13:50,0,1,可预约,￥0.0,晴,17,13,4,0.0,88,29
2026-05-21 07:53:31,2026-05-21,2,乒乓球厅-13号,12:55-13:50,0,1,可预约,￥0.0,晴,17,12,5,0.0,86,29
2026-05-21 07:56:31,2026-05-21,2,乒乓球厅-13号,12:55-13:50,0,1,可预约,￥0.0,晴,17,12,5,0.0,86,29
2026-05-21 07:59:26,2026-05-21,2,乒乓球厅-13号,12:55-13:50,0,1,可预约,￥0.0,晴,17,12,5,0.0,86,29
2026-05-21 08:00:45,2026-05-21,2,乒乓球厅-13号,12:55-13:50,0,1,可预约,￥0.0,晴,17,12,5,0.0,86,29
2026-05-21 08:02:30,2026-05-21,2,乒乓球厅-13号,12:55-13:50,0,1,可预约,￥0.0,多云,17,12,5,0.0,87,29
2026-05-21 08:05:36,2026-05-21,2,乒乓球厅-13号,12:55-13:50,0,1,可预约,￥0.0,多云,17,12,5,0.0,86,29
2026-05-21 08:08:31,2026-05-21,2,乒乓球厅-13号,12:55-13:50,0,1,可预约,￥0.0,多云,17,12,5,0.0,86,29
2026-05-21 08:11:30,2026-05-21,2,乒乓球厅-13号,12:55-13:50,0,1,可预约,￥0.0,多云,17,12,5,0.0,86,29
2026-05-21 08:14:31,2026-05-21,2,乒乓球厅-13号,12:55-13:50,0,1,可预约,￥0.0,多云,17,12,5,0.0,86,29
2026-05-21 08:17:30,2026-05-21,2,乒乓球厅-13号,12:55-13:50,0,1,可预约,￥0.0,多云,17,12,5,0.0,86,29
2026-05-21 08:20:35,2026-05-21,2,乒乓球厅-13号,12:55-13:50,0,1,可预约,￥0.0,多云,17,14,4,0.0,85,29
2026-05-21 08:25:32,2026-05-21,2,乒乓球厅-13号,12:55-13:50,0,1,可预约,￥0.0,多云,17,14,4,0.0,85,28
2026-05-21 08:30:42,2026-05-21,2,乒乓球厅-13号,12:55-13:50,0,1,可预约,￥0.0,多云,18,15,4,0.0,84,28
2026-05-21 08:35:31,2026-05-21,2,乒乓球厅-13号,12:55-13:50,0,1,可预约,￥0.0,多云,18,15,4,0.0,84,28
2026-05-21 08:40:38,2026-05-21,2,乒乓球厅-13号,12:55-13:50,0,1,可预约,￥0.0,多云,18,15,4,0.0,82,28
2026-05-21 08:45:33,2026-05-21,2,乒乓球厅-13号,12:55-13:50,0,1,可预约,￥0.0,多云,18,15,4,0.0,82,28
2026-05-21 08:50:36,2026-05-21,2,乒乓球厅-13号,12:55-13:50,0,1,可预约,￥0.0,多云,18,15,4,0.0,82,28
2026-05-21 08:55:34,2026-05-21,2,乒乓球厅-13号,12:55-13:50,0,1,可预约,￥0.0,多云,18,15,4,0.0,84,28
2026-05-21 09:00:51,2026-05-21,2,乒乓球厅-13号,12:55-13:50,0,1,可预约,￥0.0,多云,18,15,4,0.0,84,28
2026-05-21 09:01:59,2026-05-21,2,乒乓球厅-13号,12:55-13:50,0,1,可预约,￥0.0,多云,18,15,4,0.0,83,28
2026-05-21 09:05:33,2026-05-21,2,乒乓球厅-13号,12:55-13:50,0,1,可预约,￥0.0,多云,18,15,4,0.0,83,28
2026-05-21 09:20:38,2026-05-21,2,乒乓球厅-13号,12:55-13:50,0,1,可预约,￥0.0,多云,18,16,3,0.0,81,28
2026-05-21 09:30:46,2026-05-21,2,乒乓球厅-13号,12:55-13:50,0,1,可预约,￥0.0,多云,18,16,3,0.0,81,32
2026-05-21 09:40:36,2026-05-21,2,乒乓球厅-13号,12:55-13:50,0,1,可预约,￥0.0,多云,19,17,3,0.0,79,32
2026-05-21 09:50:42,2026-05-21,2,乒乓球厅-13号,12:55-13:50,0,1,可预约,￥0.0,多云,19,17,4,0.0,81,32
2026-05-21 10:00:46,2026-05-21,2,乒乓球厅-13号,12:55-13:50,0,1,可预约,￥0.0,多云,19,17,4,0.0,79,32
2026-05-21 10:10:40,2026-05-21,2,乒乓球厅-13号,12:55-13:50,0,1,可预约,￥0.0,多云,19,17,4,0.0,79,32
2026-05-21 10:20:38,2026-05-21,2,乒乓球厅-13号,12:55-13:50,0,1,可预约,￥0.0,多云,19,17,4,0.0,79,32
2026-05-21 10:30:41,2026-05-21,2,乒乓球厅-13号,12:55-13:50,0,1,可预约,￥0.0,多云,19,18,3,0.0,78,31
2026-05-21 11:00:44,2026-05-21,2,乒乓球厅-13号,12:55-13:50,0,1,可预约,￥0.0,多云,21,17,5,0.0,74,31
2026-05-21 11:30:38,2026-05-21,2,乒乓球厅-13号,12:55-13:50,0,1,可预约,￥0.0,多云,21,19,3,0.0,72,33
2026-05-21 12:00:46,2026-05-21,2,乒乓球厅-13号,12:55-13:50,0,1,可预约,￥0.0,多云,22,19,4,0.0,70,33
2026-05-21 12:30:42,2026-05-21,2,乒乓球厅-13号,12:55-13:50,0,1,可预约,￥0.0,多云,22,21,3,0.0,68,35
2026-05-21 13:00:43,2026-05-21,2,乒乓球厅-13号,12:55-13:50,0,1,可预约,￥0.0,多云,24,22,4,0.0,66,35
2026-05-21 13:30:43,2026-05-21,2,乒乓球厅-13号,12:55-13:50,0,1,可预约,￥0.0,多云,24,22,4,0.0,66,36
2026-05-21 14:00:48,2026-05-21,2,乒乓球厅-13号,12:55-13:50,0,1,不开放/已过期,,多云,25,23,4,0.0,66,36
2026-05-21 14:30:45,2026-05-21,2,乒乓球厅-13号,12:55-13:50,0,1,不开放/已过期,,晴,25,25,3,0.0,65,39
2026-05-21 15:00:45,2026-05-21,2,乒乓球厅-13号,12:55-13:50,0,1,不开放/已过期,,晴,25,22,4,0.0,56,39
2026-05-21 15:30:43,2026-05-21,2,乒乓球厅-13号,12:55-13:50,0,1,不开放/已过期,,晴,25,23,4,0.0,57,40
2026-05-21 16:00:51,2026-05-21,2,乒乓球厅-13号,12:55-13:50,0,1,不开放/已过期,,晴,25,23,4,0.0,57,40
2026-05-21 16:30:48,2026-05-21,2,乒乓球厅-13号,12:55-13:50,0,1,不开放/已过期,,晴,25,24,3,0.0,60,39
2026-05-21 17:00:49,2026-05-21,2,乒乓球厅-13号,12:55-13:50,0,1,不开放/已过期,,晴,25,24,4,0.0,61,39
2026-05-21 17:30:47,2026-05-21,2,乒乓球厅-13号,12:55-13:50,0,1,不开放/已过期,,多云,24,23,3,0.0,64,39
2026-05-21 18:00:50,2026-05-21,2,乒乓球厅-13号,12:55-13:50,0,1,不开放/已过期,,多云,24,23,3,0.0,68,39
2026-05-21 18:30:50,2026-05-21,2,乒乓球厅-13号,12:55-13:50,0,1,不开放/已过期,,阴,24,25,2,0.0,68,40
2026-05-21 19:00:50,2026-05-21,2,乒乓球厅-13号,12:55-13:50,0,1,不开放/已过期,,阴,23,23,3,0.0,76,40
2026-05-21 19:30:46,2026-05-21,2,乒乓球厅-13号,12:55-13:50,0,1,不开放/已过期,,阴,23,24,2,0.0,77,39
2026-05-21 20:00:49,2026-05-21,2,乒乓球厅-13号,12:55-13:50,0,1,不开放/已过期,,雾,22,23,2,0.0,89,39
2026-05-21 20:30:44,2026-05-21,2,乒乓球厅-13号,12:55-13:50,0,1,不开放/已过期,,雾,22,24,2,0.0,93,43
2026-05-21 21:00:56,2026-05-21,2,乒乓球厅-13号,12:55-13:50,0,1,不开放/已过期,,雾,20,21,2,0.0,98,43
2026-05-21 21:30:46,2026-05-21,2,乒乓球厅-13号,12:55-13:50,0,1,不开放/已过期,,雾,20,22,1,0.0,99,41
2026-05-21 22:01:02,2026-05-21,2,乒乓球厅-13号,12:55-13:50,0,1,不开放/已过期,,雾,19,20,2,0.0,93,41
2026-05-21 22:30:47,2026-05-21,2,乒乓球厅-13号,12:55-13:50,0,1,不开放/已过期,,雾,19,19,3,0.0,88,46
2026-05-21 23:00:56,2026-05-21,2,乒乓球厅-13号,12:55-13:50,0,1,不开放/已过期,,多云,18,17,3,0.0,85,46
2026-05-21 23:30:55,2026-05-21,2,乒乓球厅-13号,12:55-13:50,0,1,不开放/已过期,,多云,18,17,3,0.0,85,48
2026-05-21 00:30:49,2026-05-21,2,乒乓球厅-13号,14:00-15:00,0,1,可预约,￥5.0,多云,15,13,3,0.0,100,26
2026-05-21 01:00:55,2026-05-21,2,乒乓球厅-13号,14:00-15:00,0,1,可预约,￥5.0,多云,15,12,4,0.0,100,26
2026-05-21 01:30:47,2026-05-21,2,乒乓球厅-13号,14:00-15:00,0,1,可预约,￥5.0,多云,15,13,4,0.0,100,28
2026-05-21 02:00:53,2026-05-21,2,乒乓球厅-13号,14:00-15:00,0,1,可预约,￥5.0,多云,15,12,4,0.0,100,28
2026-05-21 02:30:49,2026-05-21,2,乒乓球厅-13号,14:00-15:00,0,1,可预约,￥5.0,多云,15,14,3,0.0,100,29
2026-05-21 03:00:55,2026-05-21,2,乒乓球厅-13号,14:00-15:00,0,1,可预约,￥5.0,多云,15,12,4,0.0,100,29
2026-05-21 03:30:49,2026-05-21,2,乒乓球厅-13号,14:00-15:00,0,1,可预约,￥5.0,多云,15,14,3,0.0,100,30
2026-05-21 04:30:45,2026-05-21,2,乒乓球厅-13号,14:00-15:00,0,1,可预约,￥5.0,多云,15,12,4,0.0,100,29
2026-05-21 05:00:52,2026-05-21,2,乒乓球厅-13号,14:00-15:00,0,1,可预约,￥5.0,多云,15,12,4,0.0,100,29
2026-05-21 05:30:49,2026-05-21,2,乒乓球厅-13号,14:00-15:00,0,1,可预约,￥5.0,多云,15,13,3,0.0,100,28
2026-05-21 06:00:50,2026-05-21,2,乒乓球厅-13号,14:00-15:00,0,1,可预约,￥5.0,多云,15,13,4,0.0,99,28
2026-05-21 06:30:38,2026-05-21,2,乒乓球厅-13号,14:00-15:00,0,1,可预约,￥5.0,多云,15,13,3,0.0,97,28
2026-05-21 07:00:43,2026-05-21,2,乒乓球厅-13号,14:00-15:00,0,1,可预约,￥5.0,晴,15,11,5,0.0,93,28
2026-05-21 07:30:39,2026-05-21,2,乒乓球厅-13号,14:00-15:00,0,1,可预约,￥5.0,晴,17,13,4,0.0,89,29
2026-05-21 07:50:40,2026-05-21,2,乒乓球厅-13号,14:00-15:00,0,1,可预约,￥5.0,晴,17,13,4,0.0,88,29
2026-05-21 07:53:31,2026-05-21,2,乒乓球厅-13号,14:00-15:00,0,1,可预约,￥5.0,晴,17,12,5,0.0,86,29
2026-05-21 07:56:31,2026-05-21,2,乒乓球厅-13号,14:00-15:00,0,1,可预约,￥5.0,晴,17,12,5,0.0,86,29
2026-05-21 07:59:26,2026-05-21,2,乒乓球厅-13号,14:00-15:00,0,1,可预约,￥5.0,晴,17,12,5,0.0,86,29
2026-05-21 08:00:45,2026-05-21,2,乒乓球厅-13号,14:00-15:00,0,1,可预约,￥5.0,晴,17,12,5,0.0,86,29
2026-05-21 08:02:30,2026-05-21,2,乒乓球厅-13号,14:00-15:00,0,1,可预约,￥5.0,多云,17,12,5,0.0,87,29
2026-05-21 08:05:36,2026-05-21,2,乒乓球厅-13号,14:00-15:00,0,1,可预约,￥5.0,多云,17,12,5,0.0,86,29
2026-05-21 08:08:31,2026-05-21,2,乒乓球厅-13号,14:00-15:00,0,1,可预约,￥5.0,多云,17,12,5,0.0,86,29
2026-05-21 08:11:30,2026-05-21,2,乒乓球厅-13号,14:00-15:00,0,1,可预约,￥5.0,多云,17,12,5,0.0,86,29
2026-05-21 08:14:31,2026-05-21,2,乒乓球厅-13号,14:00-15:00,0,1,可预约,￥5.0,多云,17,12,5,0.0,86,29
2026-05-21 08:17:30,2026-05-21,2,乒乓球厅-13号,14:00-15:00,0,1,可预约,￥5.0,多云,17,12,5,0.0,86,29
2026-05-21 08:20:35,2026-05-21,2,乒乓球厅-13号,14:00-15:00,0,1,可预约,￥5.0,多云,17,14,4,0.0,85,29
2026-05-21 08:25:32,2026-05-21,2,乒乓球厅-13号,14:00-15:00,0,1,可预约,￥5.0,多云,17,14,4,0.0,85,28
2026-05-21 08:30:42,2026-05-21,2,乒乓球厅-13号,14:00-15:00,0,1,可预约,￥5.0,多云,18,15,4,0.0,84,28
2026-05-21 08:35:31,2026-05-21,2,乒乓球厅-13号,14:00-15:00,0,1,可预约,￥5.0,多云,18,15,4,0.0,84,28
2026-05-21 08:40:38,2026-05-21,2,乒乓球厅-13号,14:00-15:00,0,1,可预约,￥5.0,多云,18,15,4,0.0,82,28
2026-05-21 08:45:33,2026-05-21,2,乒乓球厅-13号,14:00-15:00,0,1,可预约,￥5.0,多云,18,15,4,0.0,82,28
2026-05-21 08:50:36,2026-05-21,2,乒乓球厅-13号,14:00-15:00,0,1,可预约,￥5.0,多云,18,15,4,0.0,82,28
2026-05-21 08:55:34,2026-05-21,2,乒乓球厅-13号,14:00-15:00,0,1,可预约,￥5.0,多云,18,15,4,0.0,84,28
2026-05-21 09:00:51,2026-05-21,2,乒乓球厅-13号,14:00-15:00,0,1,可预约,￥5.0,多云,18,15,4,0.0,84,28
2026-05-21 09:01:59,2026-05-21,2,乒乓球厅-13号,14:00-15:00,0,1,可预约,￥5.0,多云,18,15,4,0.0,83,28
2026-05-21 09:05:33,2026-05-21,2,乒乓球厅-13号,14:00-15:00,0,1,可预约,￥5.0,多云,18,15,4,0.0,83,28
2026-05-21 09:20:38,2026-05-21,2,乒乓球厅-13号,14:00-15:00,0,1,可预约,￥5.0,多云,18,16,3,0.0,81,28
2026-05-21 09:30:46,2026-05-21,2,乒乓球厅-13号,14:00-15:00,0,1,可预约,￥5.0,多云,18,16,3,0.0,81,32
2026-05-21 09:40:36,2026-05-21,2,乒乓球厅-13号,14:00-15:00,0,1,可预约,￥5.0,多云,19,17,3,0.0,79,32
2026-05-21 09:50:42,2026-05-21,2,乒乓球厅-13号,14:00-15:00,0,1,可预约,￥5.0,多云,19,17,4,0.0,81,32
2026-05-21 10:00:46,2026-05-21,2,乒乓球厅-13号,14:00-15:00,0,1,可预约,￥5.0,多云,19,17,4,0.0,79,32
2026-05-21 10:10:40,2026-05-21,2,乒乓球厅-13号,14:00-15:00,0,1,可预约,￥5.0,多云,19,17,4,0.0,79,32
2026-05-21 10:20:38,2026-05-21,2,乒乓球厅-13号,14:00-15:00,0,1,可预约,￥5.0,多云,19,17,4,0.0,79,32
2026-05-21 10:30:41,2026-05-21,2,乒乓球厅-13号,14:00-15:00,0,1,可预约,￥5.0,多云,19,18,3,0.0,78,31
2026-05-21 11:00:44,2026-05-21,2,乒乓球厅-13号,14:00-15:00,0,1,可预约,￥5.0,多云,21,17,5,0.0,74,31
2026-05-21 11:30:38,2026-05-21,2,乒乓球厅-13号,14:00-15:00,0,1,可预约,￥5.0,多云,21,19,3,0.0,72,33
2026-05-21 12:00:46,2026-05-21,2,乒乓球厅-13号,14:00-15:00,0,1,可预约,￥5.0,多云,22,19,4,0.0,70,33
2026-05-21 12:30:42,2026-05-21,2,乒乓球厅-13号,14:00-15:00,0,1,可预约,￥5.0,多云,22,21,3,0.0,68,35
2026-05-21 13:00:43,2026-05-21,2,乒乓球厅-13号,14:00-15:00,0,1,可预约,￥5.0,多云,24,22,4,0.0,66,35
2026-05-21 13:30:43,2026-05-21,2,乒乓球厅-13号,14:00-15:00,0,1,可预约,￥5.0,多云,24,22,4,0.0,66,36
2026-05-21 14:00:48,2026-05-21,2,乒乓球厅-13号,14:00-15:00,0,1,可预约,￥5.0,多云,25,23,4,0.0,66,36
2026-05-21 14:30:45,2026-05-21,2,乒乓球厅-13号,14:00-15:00,0,1,可预约,￥5.0,晴,25,25,3,0.0,65,39
2026-05-21 15:00:45,2026-05-21,2,乒乓球厅-13号,14:00-15:00,0,1,不开放/已过期,,晴,25,22,4,0.0,56,39
2026-05-21 15:30:43,2026-05-21,2,乒乓球厅-13号,14:00-15:00,0,1,不开放/已过期,,晴,25,23,4,0.0,57,40
2026-05-21 16:00:51,2026-05-21,2,乒乓球厅-13号,14:00-15:00,0,1,不开放/已过期,,晴,25,23,4,0.0,57,40
2026-05-21 16:30:48,2026-05-21,2,乒乓球厅-13号,14:00-15:00,0,1,不开放/已过期,,晴,25,24,3,0.0,60,39
2026-05-21 17:00:49,2026-05-21,2,乒乓球厅-13号,14:00-15:00,0,1,不开放/已过期,,晴,25,24,4,0.0,61,39
2026-05-21 17:30:47,2026-05-21,2,乒乓球厅-13号,14:00-15:00,0,1,不开放/已过期,,多云,24,23,3,0.0,64,39
2026-05-21 18:00:50,2026-05-21,2,乒乓球厅-13号,14:00-15:00,0,1,不开放/已过期,,多云,24,23,3,0.0,68,39
2026-05-21 18:30:50,2026-05-21,2,乒乓球厅-13号,14:00-15:00,0,1,不开放/已过期,,阴,24,25,2,0.0,68,40
2026-05-21 19:00:50,2026-05-21,2,乒乓球厅-13号,14:00-15:00,0,1,不开放/已过期,,阴,23,23,3,0.0,76,40
2026-05-21 19:30:46,2026-05-21,2,乒乓球厅-13号,14:00-15:00,0,1,不开放/已过期,,阴,23,24,2,0.0,77,39
2026-05-21 20:00:49,2026-05-21,2,乒乓球厅-13号,14:00-15:00,0,1,不开放/已过期,,雾,22,23,2,0.0,89,39
2026-05-21 20:30:44,2026-05-21,2,乒乓球厅-13号,14:00-15:00,0,1,不开放/已过期,,雾,22,24,2,0.0,93,43
2026-05-21 21:00:56,2026-05-21,2,乒乓球厅-13号,14:00-15:00,0,1,不开放/已过期,,雾,20,21,2,0.0,98,43
2026-05-21 21:30:46,2026-05-21,2,乒乓球厅-13号,14:00-15:00,0,1,不开放/已过期,,雾,20,22,1,0.0,99,41
2026-05-21 22:01:02,2026-05-21,2,乒乓球厅-13号,14:00-15:00,0,1,不开放/已过期,,雾,19,20,2,0.0,93,41
2026-05-21 22:30:47,2026-05-21,2,乒乓球厅-13号,14:00-15:00,0,1,不开放/已过期,,雾,19,19,3,0.0,88,46
2026-05-21 23:00:56,2026-05-21,2,乒乓球厅-13号,14:00-15:00,0,1,不开放/已过期,,多云,18,17,3,0.0,85,46
2026-05-21 23:30:55,2026-05-21,2,乒乓球厅-13号,14:00-15:00,0,1,不开放/已过期,,多云,18,17,3,0.0,85,48
2026-05-21 00:30:49,2026-05-21,2,乒乓球厅-13号,15:00-16:00,0,1,可预约,￥5.0,多云,15,13,3,0.0,100,26
2026-05-21 01:00:55,2026-05-21,2,乒乓球厅-13号,15:00-16:00,0,1,可预约,￥5.0,多云,15,12,4,0.0,100,26
2026-05-21 01:30:47,2026-05-21,2,乒乓球厅-13号,15:00-16:00,0,1,可预约,￥5.0,多云,15,13,4,0.0,100,28
2026-05-21 02:00:53,2026-05-21,2,乒乓球厅-13号,15:00-16:00,0,1,可预约,￥5.0,多云,15,12,4,0.0,100,28
2026-05-21 02:30:49,2026-05-21,2,乒乓球厅-13号,15:00-16:00,0,1,可预约,￥5.0,多云,15,14,3,0.0,100,29
2026-05-21 03:00:55,2026-05-21,2,乒乓球厅-13号,15:00-16:00,0,1,可预约,￥5.0,多云,15,12,4,0.0,100,29
2026-05-21 03:30:49,2026-05-21,2,乒乓球厅-13号,15:00-16:00,0,1,可预约,￥5.0,多云,15,14,3,0.0,100,30
2026-05-21 04:30:45,2026-05-21,2,乒乓球厅-13号,15:00-16:00,0,1,可预约,￥5.0,多云,15,12,4,0.0,100,29
2026-05-21 05:00:52,2026-05-21,2,乒乓球厅-13号,15:00-16:00,0,1,可预约,￥5.0,多云,15,12,4,0.0,100,29
2026-05-21 05:30:49,2026-05-21,2,乒乓球厅-13号,15:00-16:00,0,1,可预约,￥5.0,多云,15,13,3,0.0,100,28
2026-05-21 06:00:50,2026-05-21,2,乒乓球厅-13号,15:00-16:00,0,1,可预约,￥5.0,多云,15,13,4,0.0,99,28
2026-05-21 06:30:38,2026-05-21,2,乒乓球厅-13号,15:00-16:00,0,1,可预约,￥5.0,多云,15,13,3,0.0,97,28
2026-05-21 07:00:43,2026-05-21,2,乒乓球厅-13号,15:00-16:00,0,1,可预约,￥5.0,晴,15,11,5,0.0,93,28
2026-05-21 07:30:39,2026-05-21,2,乒乓球厅-13号,15:00-16:00,0,1,可预约,￥5.0,晴,17,13,4,0.0,89,29
2026-05-21 07:50:40,2026-05-21,2,乒乓球厅-13号,15:00-16:00,0,1,可预约,￥5.0,晴,17,13,4,0.0,88,29
2026-05-21 07:53:31,2026-05-21,2,乒乓球厅-13号,15:00-16:00,0,1,可预约,￥5.0,晴,17,12,5,0.0,86,29
2026-05-21 07:56:31,2026-05-21,2,乒乓球厅-13号,15:00-16:00,0,1,可预约,￥5.0,晴,17,12,5,0.0,86,29
2026-05-21 07:59:26,2026-05-21,2,乒乓球厅-13号,15:00-16:00,0,1,可预约,￥5.0,晴,17,12,5,0.0,86,29
2026-05-21 08:00:45,2026-05-21,2,乒乓球厅-13号,15:00-16:00,0,1,可预约,￥5.0,晴,17,12,5,0.0,86,29
2026-05-21 08:02:30,2026-05-21,2,乒乓球厅-13号,15:00-16:00,0,1,可预约,￥5.0,多云,17,12,5,0.0,87,29
2026-05-21 08:05:36,2026-05-21,2,乒乓球厅-13号,15:00-16:00,0,1,可预约,￥5.0,多云,17,12,5,0.0,86,29
2026-05-21 08:08:31,2026-05-21,2,乒乓球厅-13号,15:00-16:00,0,1,可预约,￥5.0,多云,17,12,5,0.0,86,29
2026-05-21 08:11:30,2026-05-21,2,乒乓球厅-13号,15:00-16:00,0,1,可预约,￥5.0,多云,17,12,5,0.0,86,29
2026-05-21 08:14:31,2026-05-21,2,乒乓球厅-13号,15:00-16:00,0,1,可预约,￥5.0,多云,17,12,5,0.0,86,29
2026-05-21 08:17:30,2026-05-21,2,乒乓球厅-13号,15:00-16:00,0,1,可预约,￥5.0,多云,17,12,5,0.0,86,29
2026-05-21 08:20:35,2026-05-21,2,乒乓球厅-13号,15:00-16:00,0,1,可预约,￥5.0,多云,17,14,4,0.0,85,29
2026-05-21 08:25:32,2026-05-21,2,乒乓球厅-13号,15:00-16:00,0,1,可预约,￥5.0,多云,17,14,4,0.0,85,28
2026-05-21 08:30:42,2026-05-21,2,乒乓球厅-13号,15:00-16:00,0,1,可预约,￥5.0,多云,18,15,4,0.0,84,28
2026-05-21 08:35:31,2026-05-21,2,乒乓球厅-13号,15:00-16:00,0,1,可预约,￥5.0,多云,18,15,4,0.0,84,28
2026-05-21 08:40:38,2026-05-21,2,乒乓球厅-13号,15:00-16:00,0,1,可预约,￥5.0,多云,18,15,4,0.0,82,28
2026-05-21 08:45:33,2026-05-21,2,乒乓球厅-13号,15:00-16:00,0,1,可预约,￥5.0,多云,18,15,4,0.0,82,28
2026-05-21 08:50:36,2026-05-21,2,乒乓球厅-13号,15:00-16:00,0,1,可预约,￥5.0,多云,18,15,4,0.0,82,28
2026-05-21 08:55:34,2026-05-21,2,乒乓球厅-13号,15:00-16:00,0,1,可预约,￥5.0,多云,18,15,4,0.0,84,28
2026-05-21 09:00:51,2026-05-21,2,乒乓球厅-13号,15:00-16:00,0,1,可预约,￥5.0,多云,18,15,4,0.0,84,28
2026-05-21 09:01:59,2026-05-21,2,乒乓球厅-13号,15:00-16:00,0,1,可预约,￥5.0,多云,18,15,4,0.0,83,28
2026-05-21 09:05:33,2026-05-21,2,乒乓球厅-13号,15:00-16:00,0,1,可预约,￥5.0,多云,18,15,4,0.0,83,28
2026-05-21 09:20:38,2026-05-21,2,乒乓球厅-13号,15:00-16:00,0,1,可预约,￥5.0,多云,18,16,3,0.0,81,28
2026-05-21 09:30:46,2026-05-21,2,乒乓球厅-13号,15:00-16:00,0,1,可预约,￥5.0,多云,18,16,3,0.0,81,32
2026-05-21 09:40:36,2026-05-21,2,乒乓球厅-13号,15:00-16:00,0,1,可预约,￥5.0,多云,19,17,3,0.0,79,32
2026-05-21 09:50:42,2026-05-21,2,乒乓球厅-13号,15:00-16:00,0,1,可预约,￥5.0,多云,19,17,4,0.0,81,32
2026-05-21 10:00:46,2026-05-21,2,乒乓球厅-13号,15:00-16:00,0,1,可预约,￥5.0,多云,19,17,4,0.0,79,32
2026-05-21 10:10:40,2026-05-21,2,乒乓球厅-13号,15:00-16:00,0,1,可预约,￥5.0,多云,19,17,4,0.0,79,32
2026-05-21 10:20:38,2026-05-21,2,乒乓球厅-13号,15:00-16:00,0,1,可预约,￥5.0,多云,19,17,4,0.0,79,32
2026-05-21 10:30:41,2026-05-21,2,乒乓球厅-13号,15:00-16:00,0,1,可预约,￥5.0,多云,19,18,3,0.0,78,31
2026-05-21 11:00:44,2026-05-21,2,乒乓球厅-13号,15:00-16:00,0,1,可预约,￥5.0,多云,21,17,5,0.0,74,31
2026-05-21 11:30:38,2026-05-21,2,乒乓球厅-13号,15:00-16:00,0,1,可预约,￥5.0,多云,21,19,3,0.0,72,33
2026-05-21 12:00:46,2026-05-21,2,乒乓球厅-13号,15:00-16:00,0,1,可预约,￥5.0,多云,22,19,4,0.0,70,33
2026-05-21 12:30:42,2026-05-21,2,乒乓球厅-13号,15:00-16:00,0,1,可预约,￥5.0,多云,22,21,3,0.0,68,35
2026-05-21 13:00:43,2026-05-21,2,乒乓球厅-13号,15:00-16:00,0,1,可预约,￥5.0,多云,24,22,4,0.0,66,35
2026-05-21 13:30:43,2026-05-21,2,乒乓球厅-13号,15:00-16:00,0,1,可预约,￥5.0,多云,24,22,4,0.0,66,36
2026-05-21 14:00:48,2026-05-21,2,乒乓球厅-13号,15:00-16:00,0,1,可预约,￥5.0,多云,25,23,4,0.0,66,36
2026-05-21 14:30:45,2026-05-21,2,乒乓球厅-13号,15:00-16:00,0,1,可预约,￥5.0,晴,25,25,3,0.0,65,39
2026-05-21 15:00:45,2026-05-21,2,乒乓球厅-13号,15:00-16:00,0,1,可预约,￥5.0,晴,25,22,4,0.0,56,39
2026-05-21 15:30:43,2026-05-21,2,乒乓球厅-13号,15:00-16:00,0,1,可预约,￥5.0,晴,25,23,4,0.0,57,40
2026-05-21 16:00:51,2026-05-21,2,乒乓球厅-13号,15:00-16:00,0,1,不开放/已过期,,晴,25,23,4,0.0,57,40
2026-05-21 16:30:48,2026-05-21,2,乒乓球厅-13号,15:00-16:00,0,1,不开放/已过期,,晴,25,24,3,0.0,60,39
2026-05-21 17:00:49,2026-05-21,2,乒乓球厅-13号,15:00-16:00,0,1,不开放/已过期,,晴,25,24,4,0.0,61,39
2026-05-21 17:30:47,2026-05-21,2,乒乓球厅-13号,15:00-16:00,0,1,不开放/已过期,,多云,24,23,3,0.0,64,39
2026-05-21 18:00:50,2026-05-21,2,乒乓球厅-13号,15:00-16:00,0,1,不开放/已过期,,多云,24,23,3,0.0,68,39
2026-05-21 18:30:50,2026-05-21,2,乒乓球厅-13号,15:00-16:00,0,1,不开放/已过期,,阴,24,25,2,0.0,68,40
2026-05-21 19:00:50,2026-05-21,2,乒乓球厅-13号,15:00-16:00,0,1,不开放/已过期,,阴,23,23,3,0.0,76,40
2026-05-21 19:30:46,2026-05-21,2,乒乓球厅-13号,15:00-16:00,0,1,不开放/已过期,,阴,23,24,2,0.0,77,39
2026-05-21 20:00:49,2026-05-21,2,乒乓球厅-13号,15:00-16:00,0,1,不开放/已过期,,雾,22,23,2,0.0,89,39
2026-05-21 20:30:44,2026-05-21,2,乒乓球厅-13号,15:00-16:00,0,1,不开放/已过期,,雾,22,24,2,0.0,93,43
2026-05-21 21:00:56,2026-05-21,2,乒乓球厅-13号,15:00-16:00,0,1,不开放/已过期,,雾,20,21,2,0.0,98,43
2026-05-21 21:30:46,2026-05-21,2,乒乓球厅-13号,15:00-16:00,0,1,不开放/已过期,,雾,20,22,1,0.0,99,41
2026-05-21 22:01:02,2026-05-21,2,乒乓球厅-13号,15:00-16:00,0,1,不开放/已过期,,雾,19,20,2,0.0,93,41
2026-05-21 22:30:47,2026-05-21,2,乒乓球厅-13号,15:00-16:00,0,1,不开放/已过期,,雾,19,19,3,0.0,88,46
2026-05-21 23:00:56,2026-05-21,2,乒乓球厅-13号,15:00-16:00,0,1,不开放/已过期,,多云,18,17,3,0.0,85,46
2026-05-21 23:30:55,2026-05-21,2,乒乓球厅-13号,15:00-16:00,0,1,不开放/已过期,,多云,18,17,3,0.0,85,48
2026-05-21 00:30:49,2026-05-21,2,乒乓球厅-13号,16:00-17:00,0,1,可预约,￥5.0,多云,15,13,3,0.0,100,26
2026-05-21 01:00:55,2026-05-21,2,乒乓球厅-13号,16:00-17:00,0,1,可预约,￥5.0,多云,15,12,4,0.0,100,26
2026-05-21 01:30:47,2026-05-21,2,乒乓球厅-13号,16:00-17:00,0,1,可预约,￥5.0,多云,15,13,4,0.0,100,28
2026-05-21 02:00:53,2026-05-21,2,乒乓球厅-13号,16:00-17:00,0,1,可预约,￥5.0,多云,15,12,4,0.0,100,28
2026-05-21 02:30:49,2026-05-21,2,乒乓球厅-13号,16:00-17:00,0,1,可预约,￥5.0,多云,15,14,3,0.0,100,29
2026-05-21 03:00:55,2026-05-21,2,乒乓球厅-13号,16:00-17:00,0,1,可预约,￥5.0,多云,15,12,4,0.0,100,29
2026-05-21 03:30:49,2026-05-21,2,乒乓球厅-13号,16:00-17:00,0,1,可预约,￥5.0,多云,15,14,3,0.0,100,30
2026-05-21 04:30:45,2026-05-21,2,乒乓球厅-13号,16:00-17:00,0,1,可预约,￥5.0,多云,15,12,4,0.0,100,29
2026-05-21 05:00:52,2026-05-21,2,乒乓球厅-13号,16:00-17:00,0,1,可预约,￥5.0,多云,15,12,4,0.0,100,29
2026-05-21 05:30:49,2026-05-21,2,乒乓球厅-13号,16:00-17:00,0,1,可预约,￥5.0,多云,15,13,3,0.0,100,28
2026-05-21 06:00:50,2026-05-21,2,乒乓球厅-13号,16:00-17:00,0,1,可预约,￥5.0,多云,15,13,4,0.0,99,28
2026-05-21 06:30:38,2026-05-21,2,乒乓球厅-13号,16:00-17:00,0,1,可预约,￥5.0,多云,15,13,3,0.0,97,28
2026-05-21 07:00:43,2026-05-21,2,乒乓球厅-13号,16:00-17:00,0,1,可预约,￥5.0,晴,15,11,5,0.0,93,28
2026-05-21 07:30:39,2026-05-21,2,乒乓球厅-13号,16:00-17:00,0,1,可预约,￥5.0,晴,17,13,4,0.0,89,29
2026-05-21 07:50:40,2026-05-21,2,乒乓球厅-13号,16:00-17:00,0,1,可预约,￥5.0,晴,17,13,4,0.0,88,29
2026-05-21 07:53:31,2026-05-21,2,乒乓球厅-13号,16:00-17:00,0,1,可预约,￥5.0,晴,17,12,5,0.0,86,29
2026-05-21 07:56:31,2026-05-21,2,乒乓球厅-13号,16:00-17:00,0,1,可预约,￥5.0,晴,17,12,5,0.0,86,29
2026-05-21 07:59:26,2026-05-21,2,乒乓球厅-13号,16:00-17:00,0,1,可预约,￥5.0,晴,17,12,5,0.0,86,29
2026-05-21 08:00:45,2026-05-21,2,乒乓球厅-13号,16:00-17:00,0,1,可预约,￥5.0,晴,17,12,5,0.0,86,29
2026-05-21 08:02:30,2026-05-21,2,乒乓球厅-13号,16:00-17:00,0,1,可预约,￥5.0,多云,17,12,5,0.0,87,29
2026-05-21 08:05:36,2026-05-21,2,乒乓球厅-13号,16:00-17:00,0,1,可预约,￥5.0,多云,17,12,5,0.0,86,29
2026-05-21 08:08:31,2026-05-21,2,乒乓球厅-13号,16:00-17:00,0,1,可预约,￥5.0,多云,17,12,5,0.0,86,29
2026-05-21 08:11:30,2026-05-21,2,乒乓球厅-13号,16:00-17:00,0,1,可预约,￥5.0,多云,17,12,5,0.0,86,29
2026-05-21 08:14:31,2026-05-21,2,乒乓球厅-13号,16:00-17:00,0,1,可预约,￥5.0,多云,17,12,5,0.0,86,29
2026-05-21 08:17:30,2026-05-21,2,乒乓球厅-13号,16:00-17:00,0,1,可预约,￥5.0,多云,17,12,5,0.0,86,29
2026-05-21 08:20:35,2026-05-21,2,乒乓球厅-13号,16:00-17:00,0,1,可预约,￥5.0,多云,17,14,4,0.0,85,29
2026-05-21 08:25:32,2026-05-21,2,乒乓球厅-13号,16:00-17:00,0,1,可预约,￥5.0,多云,17,14,4,0.0,85,28
2026-05-21 08:30:42,2026-05-21,2,乒乓球厅-13号,16:00-17:00,0,1,可预约,￥5.0,多云,18,15,4,0.0,84,28
2026-05-21 08:35:31,2026-05-21,2,乒乓球厅-13号,16:00-17:00,0,1,可预约,￥5.0,多云,18,15,4,0.0,84,28
2026-05-21 08:40:38,2026-05-21,2,乒乓球厅-13号,16:00-17:00,0,1,可预约,￥5.0,多云,18,15,4,0.0,82,28
2026-05-21 08:45:33,2026-05-21,2,乒乓球厅-13号,16:00-17:00,0,1,可预约,￥5.0,多云,18,15,4,0.0,82,28
2026-05-21 08:50:36,2026-05-21,2,乒乓球厅-13号,16:00-17:00,0,1,可预约,￥5.0,多云,18,15,4,0.0,82,28
2026-05-21 08:55:34,2026-05-21,2,乒乓球厅-13号,16:00-17:00,0,1,可预约,￥5.0,多云,18,15,4,0.0,84,28
2026-05-21 09:00:51,2026-05-21,2,乒乓球厅-13号,16:00-17:00,0,1,可预约,￥5.0,多云,18,15,4,0.0,84,28
2026-05-21 09:01:59,2026-05-21,2,乒乓球厅-13号,16:00-17:00,0,1,可预约,￥5.0,多云,18,15,4,0.0,83,28
2026-05-21 09:05:33,2026-05-21,2,乒乓球厅-13号,16:00-17:00,0,1,可预约,￥5.0,多云,18,15,4,0.0,83,28
2026-05-21 09:20:38,2026-05-21,2,乒乓球厅-13号,16:00-17:00,0,1,可预约,￥5.0,多云,18,16,3,0.0,81,28
2026-05-21 09:30:46,2026-05-21,2,乒乓球厅-13号,16:00-17:00,0,1,可预约,￥5.0,多云,18,16,3,0.0,81,32
2026-05-21 09:40:36,2026-05-21,2,乒乓球厅-13号,16:00-17:00,0,1,可预约,￥5.0,多云,19,17,3,0.0,79,32
2026-05-21 09:50:42,2026-05-21,2,乒乓球厅-13号,16:00-17:00,0,1,可预约,￥5.0,多云,19,17,4,0.0,81,32
2026-05-21 10:00:46,2026-05-21,2,乒乓球厅-13号,16:00-17:00,0,1,可预约,￥5.0,多云,19,17,4,0.0,79,32
2026-05-21 10:10:40,2026-05-21,2,乒乓球厅-13号,16:00-17:00,0,1,可预约,￥5.0,多云,19,17,4,0.0,79,32
2026-05-21 10:20:38,2026-05-21,2,乒乓球厅-13号,16:00-17:00,0,1,可预约,￥5.0,多云,19,17,4,0.0,79,32
2026-05-21 10:30:41,2026-05-21,2,乒乓球厅-13号,16:00-17:00,0,1,可预约,￥5.0,多云,19,18,3,0.0,78,31
2026-05-21 11:00:44,2026-05-21,2,乒乓球厅-13号,16:00-17:00,0,1,可预约,￥5.0,多云,21,17,5,0.0,74,31
2026-05-21 11:30:38,2026-05-21,2,乒乓球厅-13号,16:00-17:00,0,1,可预约,￥5.0,多云,21,19,3,0.0,72,33
2026-05-21 12:00:46,2026-05-21,2,乒乓球厅-13号,16:00-17:00,0,1,可预约,￥5.0,多云,22,19,4,0.0,70,33
2026-05-21 12:30:42,2026-05-21,2,乒乓球厅-13号,16:00-17:00,0,1,可预约,￥5.0,多云,22,21,3,0.0,68,35
2026-05-21 13:00:43,2026-05-21,2,乒乓球厅-13号,16:00-17:00,1,1,已售/已满,已售,多云,24,22,4,0.0,66,35
2026-05-21 13:30:43,2026-05-21,2,乒乓球厅-13号,16:00-17:00,1,1,已售/已满,已售,多云,24,22,4,0.0,66,36
2026-05-21 14:00:48,2026-05-21,2,乒乓球厅-13号,16:00-17:00,1,1,已售/已满,已售,多云,25,23,4,0.0,66,36
2026-05-21 14:30:45,2026-05-21,2,乒乓球厅-13号,16:00-17:00,1,1,已售/已满,已售,晴,25,25,3,0.0,65,39
2026-05-21 15:00:45,2026-05-21,2,乒乓球厅-13号,16:00-17:00,1,1,已售/已满,已售,晴,25,22,4,0.0,56,39
2026-05-21 15:30:43,2026-05-21,2,乒乓球厅-13号,16:00-17:00,1,1,已售/已满,已售,晴,25,23,4,0.0,57,40
2026-05-21 16:00:51,2026-05-21,2,乒乓球厅-13号,16:00-17:00,1,1,已售/已满,已售,晴,25,23,4,0.0,57,40
2026-05-21 16:30:48,2026-05-21,2,乒乓球厅-13号,16:00-17:00,1,1,已售/已满,已售,晴,25,24,3,0.0,60,39
2026-05-21 17:00:49,2026-05-21,2,乒乓球厅-13号,16:00-17:00,1,1,已售/已满,已售,晴,25,24,4,0.0,61,39
2026-05-21 17:30:47,2026-05-21,2,乒乓球厅-13号,16:00-17:00,1,1,已售/已满,已售,多云,24,23,3,0.0,64,39
2026-05-21 18:00:50,2026-05-21,2,乒乓球厅-13号,16:00-17:00,1,1,已售/已满,已售,多云,24,23,3,0.0,68,39
2026-05-21 18:30:50,2026-05-21,2,乒乓球厅-13号,16:00-17:00,1,1,已售/已满,已售,阴,24,25,2,0.0,68,40
2026-05-21 19:00:50,2026-05-21,2,乒乓球厅-13号,16:00-17:00,1,1,已售/已满,已售,阴,23,23,3,0.0,76,40
2026-05-21 19:30:46,2026-05-21,2,乒乓球厅-13号,16:00-17:00,1,1,已售/已满,已售,阴,23,24,2,0.0,77,39
2026-05-21 20:00:49,2026-05-21,2,乒乓球厅-13号,16:00-17:00,1,1,已售/已满,已售,雾,22,23,2,0.0,89,39
2026-05-21 20:30:44,2026-05-21,2,乒乓球厅-13号,16:00-17:00,1,1,已售/已满,已售,雾,22,24,2,0.0,93,43
2026-05-21 21:00:56,2026-05-21,2,乒乓球厅-13号,16:00-17:00,1,1,已售/已满,已售,雾,20,21,2,0.0,98,43
2026-05-21 21:30:46,2026-05-21,2,乒乓球厅-13号,16:00-17:00,1,1,已售/已满,已售,雾,20,22,1,0.0,99,41
2026-05-21 22:01:02,2026-05-21,2,乒乓球厅-13号,16:00-17:00,1,1,已售/已满,已售,雾,19,20,2,0.0,93,41
2026-05-21 22:30:47,2026-05-21,2,乒乓球厅-13号,16:00-17:00,1,1,已售/已满,已售,雾,19,19,3,0.0,88,46
2026-05-21 23:00:56,2026-05-21,2,乒乓球厅-13号,16:00-17:00,1,1,已售/已满,已售,多云,18,17,3,0.0,85,46
2026-05-21 23:30:55,2026-05-21,2,乒乓球厅-13号,16:00-17:00,1,1,已售/已满,已售,多云,18,17,3,0.0,85,48
2026-05-21 00:30:49,2026-05-21,2,乒乓球厅-13号,17:00-18:00,0,1,可预约,￥5.0,多云,15,13,3,0.0,100,26
2026-05-21 01:00:55,2026-05-21,2,乒乓球厅-13号,17:00-18:00,0,1,可预约,￥5.0,多云,15,12,4,0.0,100,26
2026-05-21 01:30:47,2026-05-21,2,乒乓球厅-13号,17:00-18:00,0,1,可预约,￥5.0,多云,15,13,4,0.0,100,28
2026-05-21 02:00:53,2026-05-21,2,乒乓球厅-13号,17:00-18:00,0,1,可预约,￥5.0,多云,15,12,4,0.0,100,28
2026-05-21 02:30:49,2026-05-21,2,乒乓球厅-13号,17:00-18:00,0,1,可预约,￥5.0,多云,15,14,3,0.0,100,29
2026-05-21 03:00:55,2026-05-21,2,乒乓球厅-13号,17:00-18:00,0,1,可预约,￥5.0,多云,15,12,4,0.0,100,29
2026-05-21 03:30:49,2026-05-21,2,乒乓球厅-13号,17:00-18:00,0,1,可预约,￥5.0,多云,15,14,3,0.0,100,30
2026-05-21 04:30:45,2026-05-21,2,乒乓球厅-13号,17:00-18:00,0,1,可预约,￥5.0,多云,15,12,4,0.0,100,29
2026-05-21 05:00:52,2026-05-21,2,乒乓球厅-13号,17:00-18:00,0,1,可预约,￥5.0,多云,15,12,4,0.0,100,29
2026-05-21 05:30:49,2026-05-21,2,乒乓球厅-13号,17:00-18:00,0,1,可预约,￥5.0,多云,15,13,3,0.0,100,28
2026-05-21 06:00:50,2026-05-21,2,乒乓球厅-13号,17:00-18:00,0,1,可预约,￥5.0,多云,15,13,4,0.0,99,28
2026-05-21 06:30:38,2026-05-21,2,乒乓球厅-13号,17:00-18:00,0,1,可预约,￥5.0,多云,15,13,3,0.0,97,28
2026-05-21 07:00:43,2026-05-21,2,乒乓球厅-13号,17:00-18:00,0,1,可预约,￥5.0,晴,15,11,5,0.0,93,28
2026-05-21 07:30:39,2026-05-21,2,乒乓球厅-13号,17:00-18:00,0,1,可预约,￥5.0,晴,17,13,4,0.0,89,29
2026-05-21 07:50:40,2026-05-21,2,乒乓球厅-13号,17:00-18:00,0,1,可预约,￥5.0,晴,17,13,4,0.0,88,29
2026-05-21 07:53:31,2026-05-21,2,乒乓球厅-13号,17:00-18:00,0,1,可预约,￥5.0,晴,17,12,5,0.0,86,29
2026-05-21 07:56:31,2026-05-21,2,乒乓球厅-13号,17:00-18:00,0,1,可预约,￥5.0,晴,17,12,5,0.0,86,29
2026-05-21 07:59:26,2026-05-21,2,乒乓球厅-13号,17:00-18:00,0,1,可预约,￥5.0,晴,17,12,5,0.0,86,29
2026-05-21 08:00:45,2026-05-21,2,乒乓球厅-13号,17:00-18:00,0,1,可预约,￥5.0,晴,17,12,5,0.0,86,29
2026-05-21 08:02:30,2026-05-21,2,乒乓球厅-13号,17:00-18:00,0,1,可预约,￥5.0,多云,17,12,5,0.0,87,29
2026-05-21 08:05:36,2026-05-21,2,乒乓球厅-13号,17:00-18:00,0,1,可预约,￥5.0,多云,17,12,5,0.0,86,29
2026-05-21 08:08:31,2026-05-21,2,乒乓球厅-13号,17:00-18:00,0,1,可预约,￥5.0,多云,17,12,5,0.0,86,29
2026-05-21 08:11:30,2026-05-21,2,乒乓球厅-13号,17:00-18:00,0,1,可预约,￥5.0,多云,17,12,5,0.0,86,29
2026-05-21 08:14:31,2026-05-21,2,乒乓球厅-13号,17:00-18:00,0,1,可预约,￥5.0,多云,17,12,5,0.0,86,29
2026-05-21 08:17:30,2026-05-21,2,乒乓球厅-13号,17:00-18:00,0,1,可预约,￥5.0,多云,17,12,5,0.0,86,29
2026-05-21 08:20:35,2026-05-21,2,乒乓球厅-13号,17:00-18:00,0,1,可预约,￥5.0,多云,17,14,4,0.0,85,29
2026-05-21 08:25:32,2026-05-21,2,乒乓球厅-13号,17:00-18:00,0,1,可预约,￥5.0,多云,17,14,4,0.0,85,28
2026-05-21 08:30:42,2026-05-21,2,乒乓球厅-13号,17:00-18:00,0,1,可预约,￥5.0,多云,18,15,4,0.0,84,28
2026-05-21 08:35:31,2026-05-21,2,乒乓球厅-13号,17:00-18:00,0,1,可预约,￥5.0,多云,18,15,4,0.0,84,28
2026-05-21 08:40:38,2026-05-21,2,乒乓球厅-13号,17:00-18:00,0,1,可预约,￥5.0,多云,18,15,4,0.0,82,28
2026-05-21 08:45:33,2026-05-21,2,乒乓球厅-13号,17:00-18:00,0,1,可预约,￥5.0,多云,18,15,4,0.0,82,28
2026-05-21 08:50:36,2026-05-21,2,乒乓球厅-13号,17:00-18:00,0,1,可预约,￥5.0,多云,18,15,4,0.0,82,28
2026-05-21 08:55:34,2026-05-21,2,乒乓球厅-13号,17:00-18:00,0,1,可预约,￥5.0,多云,18,15,4,0.0,84,28
2026-05-21 09:00:51,2026-05-21,2,乒乓球厅-13号,17:00-18:00,0,1,可预约,￥5.0,多云,18,15,4,0.0,84,28
2026-05-21 09:01:59,2026-05-21,2,乒乓球厅-13号,17:00-18:00,0,1,可预约,￥5.0,多云,18,15,4,0.0,83,28
2026-05-21 09:05:33,2026-05-21,2,乒乓球厅-13号,17:00-18:00,0,1,可预约,￥5.0,多云,18,15,4,0.0,83,28
2026-05-21 09:20:38,2026-05-21,2,乒乓球厅-13号,17:00-18:00,0,1,可预约,￥5.0,多云,18,16,3,0.0,81,28
2026-05-21 09:30:46,2026-05-21,2,乒乓球厅-13号,17:00-18:00,0,1,可预约,￥5.0,多云,18,16,3,0.0,81,32
2026-05-21 09:40:36,2026-05-21,2,乒乓球厅-13号,17:00-18:00,0,1,可预约,￥5.0,多云,19,17,3,0.0,79,32
2026-05-21 09:50:42,2026-05-21,2,乒乓球厅-13号,17:00-18:00,0,1,可预约,￥5.0,多云,19,17,4,0.0,81,32
2026-05-21 10:00:46,2026-05-21,2,乒乓球厅-13号,17:00-18:00,0,1,可预约,￥5.0,多云,19,17,4,0.0,79,32
2026-05-21 10:10:40,2026-05-21,2,乒乓球厅-13号,17:00-18:00,0,1,可预约,￥5.0,多云,19,17,4,0.0,79,32
2026-05-21 10:20:38,2026-05-21,2,乒乓球厅-13号,17:00-18:00,0,1,可预约,￥5.0,多云,19,17,4,0.0,79,32
2026-05-21 10:30:41,2026-05-21,2,乒乓球厅-13号,17:00-18:00,0,1,可预约,￥5.0,多云,19,18,3,0.0,78,31
2026-05-21 11:00:44,2026-05-21,2,乒乓球厅-13号,17:00-18:00,0,1,可预约,￥5.0,多云,21,17,5,0.0,74,31
2026-05-21 11:30:38,2026-05-21,2,乒乓球厅-13号,17:00-18:00,0,1,可预约,￥5.0,多云,21,19,3,0.0,72,33
2026-05-21 12:00:46,2026-05-21,2,乒乓球厅-13号,17:00-18:00,0,1,可预约,￥5.0,多云,22,19,4,0.0,70,33
2026-05-21 12:30:42,2026-05-21,2,乒乓球厅-13号,17:00-18:00,0,1,可预约,￥5.0,多云,22,21,3,0.0,68,35
2026-05-21 13:00:43,2026-05-21,2,乒乓球厅-13号,17:00-18:00,0,1,可预约,￥5.0,多云,24,22,4,0.0,66,35
2026-05-21 13:30:43,2026-05-21,2,乒乓球厅-13号,17:00-18:00,0,1,可预约,￥5.0,多云,24,22,4,0.0,66,36
2026-05-21 14:00:48,2026-05-21,2,乒乓球厅-13号,17:00-18:00,0,1,可预约,￥5.0,多云,25,23,4,0.0,66,36
2026-05-21 14:30:45,2026-05-21,2,乒乓球厅-13号,17:00-18:00,0,1,可预约,￥5.0,晴,25,25,3,0.0,65,39
2026-05-21 15:00:45,2026-05-21,2,乒乓球厅-13号,17:00-18:00,0,1,可预约,￥5.0,晴,25,22,4,0.0,56,39
2026-05-21 15:30:43,2026-05-21,2,乒乓球厅-13号,17:00-18:00,0,1,可预约,￥5.0,晴,25,23,4,0.0,57,40
2026-05-21 16:00:51,2026-05-21,2,乒乓球厅-13号,17:00-18:00,0,1,可预约,￥5.0,晴,25,23,4,0.0,57,40
2026-05-21 16:30:48,2026-05-21,2,乒乓球厅-13号,17:00-18:00,0,1,可预约,￥5.0,晴,25,24,3,0.0,60,39
2026-05-21 17:00:49,2026-05-21,2,乒乓球厅-13号,17:00-18:00,0,1,可预约,￥5.0,晴,25,24,4,0.0,61,39
2026-05-21 17:30:47,2026-05-21,2,乒乓球厅-13号,17:00-18:00,0,1,可预约,￥5.0,多云,24,23,3,0.0,64,39
2026-05-21 18:00:50,2026-05-21,2,乒乓球厅-13号,17:00-18:00,0,1,不开放/已过期,,多云,24,23,3,0.0,68,39
2026-05-21 18:30:50,2026-05-21,2,乒乓球厅-13号,17:00-18:00,0,1,不开放/已过期,,阴,24,25,2,0.0,68,40
2026-05-21 19:00:50,2026-05-21,2,乒乓球厅-13号,17:00-18:00,0,1,不开放/已过期,,阴,23,23,3,0.0,76,40
2026-05-21 19:30:46,2026-05-21,2,乒乓球厅-13号,17:00-18:00,0,1,不开放/已过期,,阴,23,24,2,0.0,77,39
2026-05-21 20:00:49,2026-05-21,2,乒乓球厅-13号,17:00-18:00,0,1,不开放/已过期,,雾,22,23,2,0.0,89,39
2026-05-21 20:30:44,2026-05-21,2,乒乓球厅-13号,17:00-18:00,0,1,不开放/已过期,,雾,22,24,2,0.0,93,43
2026-05-21 21:00:56,2026-05-21,2,乒乓球厅-13号,17:00-18:00,0,1,不开放/已过期,,雾,20,21,2,0.0,98,43
2026-05-21 21:30:46,2026-05-21,2,乒乓球厅-13号,17:00-18:00,0,1,不开放/已过期,,雾,20,22,1,0.0,99,41
2026-05-21 22:01:02,2026-05-21,2,乒乓球厅-13号,17:00-18:00,0,1,不开放/已过期,,雾,19,20,2,0.0,93,41
2026-05-21 22:30:47,2026-05-21,2,乒乓球厅-13号,17:00-18:00,0,1,不开放/已过期,,雾,19,19,3,0.0,88,46
2026-05-21 23:00:56,2026-05-21,2,乒乓球厅-13号,17:00-18:00,0,1,不开放/已过期,,多云,18,17,3,0.0,85,46
2026-05-21 23:30:55,2026-05-21,2,乒乓球厅-13号,17:00-18:00,0,1,不开放/已过期,,多云,18,17,3,0.0,85,48
2026-05-21 00:30:49,2026-05-21,2,乒乓球厅-13号,18:30-19:30,0,1,可预约,￥5.0,多云,15,13,3,0.0,100,26
2026-05-21 01:00:55,2026-05-21,2,乒乓球厅-13号,18:30-19:30,0,1,可预约,￥5.0,多云,15,12,4,0.0,100,26
2026-05-21 01:30:47,2026-05-21,2,乒乓球厅-13号,18:30-19:30,0,1,可预约,￥5.0,多云,15,13,4,0.0,100,28
2026-05-21 02:00:53,2026-05-21,2,乒乓球厅-13号,18:30-19:30,0,1,可预约,￥5.0,多云,15,12,4,0.0,100,28
2026-05-21 02:30:49,2026-05-21,2,乒乓球厅-13号,18:30-19:30,0,1,可预约,￥5.0,多云,15,14,3,0.0,100,29
2026-05-21 03:00:55,2026-05-21,2,乒乓球厅-13号,18:30-19:30,0,1,可预约,￥5.0,多云,15,12,4,0.0,100,29
2026-05-21 03:30:49,2026-05-21,2,乒乓球厅-13号,18:30-19:30,0,1,可预约,￥5.0,多云,15,14,3,0.0,100,30
2026-05-21 04:30:45,2026-05-21,2,乒乓球厅-13号,18:30-19:30,0,1,可预约,￥5.0,多云,15,12,4,0.0,100,29
2026-05-21 05:00:52,2026-05-21,2,乒乓球厅-13号,18:30-19:30,0,1,可预约,￥5.0,多云,15,12,4,0.0,100,29
2026-05-21 05:30:49,2026-05-21,2,乒乓球厅-13号,18:30-19:30,0,1,可预约,￥5.0,多云,15,13,3,0.0,100,28
2026-05-21 06:00:50,2026-05-21,2,乒乓球厅-13号,18:30-19:30,0,1,可预约,￥5.0,多云,15,13,4,0.0,99,28
2026-05-21 06:30:38,2026-05-21,2,乒乓球厅-13号,18:30-19:30,0,1,可预约,￥5.0,多云,15,13,3,0.0,97,28
2026-05-21 07:00:43,2026-05-21,2,乒乓球厅-13号,18:30-19:30,0,1,可预约,￥5.0,晴,15,11,5,0.0,93,28
2026-05-21 07:30:39,2026-05-21,2,乒乓球厅-13号,18:30-19:30,0,1,可预约,￥5.0,晴,17,13,4,0.0,89,29
2026-05-21 07:50:40,2026-05-21,2,乒乓球厅-13号,18:30-19:30,0,1,可预约,￥5.0,晴,17,13,4,0.0,88,29
2026-05-21 07:53:31,2026-05-21,2,乒乓球厅-13号,18:30-19:30,0,1,可预约,￥5.0,晴,17,12,5,0.0,86,29
2026-05-21 07:56:31,2026-05-21,2,乒乓球厅-13号,18:30-19:30,0,1,可预约,￥5.0,晴,17,12,5,0.0,86,29
2026-05-21 07:59:26,2026-05-21,2,乒乓球厅-13号,18:30-19:30,0,1,可预约,￥5.0,晴,17,12,5,0.0,86,29
2026-05-21 08:00:45,2026-05-21,2,乒乓球厅-13号,18:30-19:30,0,1,可预约,￥5.0,晴,17,12,5,0.0,86,29
2026-05-21 08:02:30,2026-05-21,2,乒乓球厅-13号,18:30-19:30,0,1,可预约,￥5.0,多云,17,12,5,0.0,87,29
2026-05-21 08:05:36,2026-05-21,2,乒乓球厅-13号,18:30-19:30,0,1,可预约,￥5.0,多云,17,12,5,0.0,86,29
2026-05-21 08:08:31,2026-05-21,2,乒乓球厅-13号,18:30-19:30,0,1,可预约,￥5.0,多云,17,12,5,0.0,86,29
2026-05-21 08:11:30,2026-05-21,2,乒乓球厅-13号,18:30-19:30,0,1,可预约,￥5.0,多云,17,12,5,0.0,86,29
2026-05-21 08:14:31,2026-05-21,2,乒乓球厅-13号,18:30-19:30,0,1,可预约,￥5.0,多云,17,12,5,0.0,86,29
2026-05-21 08:17:30,2026-05-21,2,乒乓球厅-13号,18:30-19:30,0,1,可预约,￥5.0,多云,17,12,5,0.0,86,29
2026-05-21 08:20:35,2026-05-21,2,乒乓球厅-13号,18:30-19:30,0,1,可预约,￥5.0,多云,17,14,4,0.0,85,29
2026-05-21 08:25:32,2026-05-21,2,乒乓球厅-13号,18:30-19:30,0,1,可预约,￥5.0,多云,17,14,4,0.0,85,28
2026-05-21 08:30:42,2026-05-21,2,乒乓球厅-13号,18:30-19:30,0,1,可预约,￥5.0,多云,18,15,4,0.0,84,28
2026-05-21 08:35:31,2026-05-21,2,乒乓球厅-13号,18:30-19:30,0,1,可预约,￥5.0,多云,18,15,4,0.0,84,28
2026-05-21 08:40:38,2026-05-21,2,乒乓球厅-13号,18:30-19:30,0,1,可预约,￥5.0,多云,18,15,4,0.0,82,28
2026-05-21 08:45:33,2026-05-21,2,乒乓球厅-13号,18:30-19:30,0,1,可预约,￥5.0,多云,18,15,4,0.0,82,28
2026-05-21 08:50:36,2026-05-21,2,乒乓球厅-13号,18:30-19:30,0,1,可预约,￥5.0,多云,18,15,4,0.0,82,28
2026-05-21 08:55:34,2026-05-21,2,乒乓球厅-13号,18:30-19:30,0,1,可预约,￥5.0,多云,18,15,4,0.0,84,28
2026-05-21 09:00:51,2026-05-21,2,乒乓球厅-13号,18:30-19:30,0,1,可预约,￥5.0,多云,18,15,4,0.0,84,28
2026-05-21 09:01:59,2026-05-21,2,乒乓球厅-13号,18:30-19:30,0,1,可预约,￥5.0,多云,18,15,4,0.0,83,28
2026-05-21 09:05:33,2026-05-21,2,乒乓球厅-13号,18:30-19:30,0,1,可预约,￥5.0,多云,18,15,4,0.0,83,28
2026-05-21 09:20:38,2026-05-21,2,乒乓球厅-13号,18:30-19:30,0,1,可预约,￥5.0,多云,18,16,3,0.0,81,28
2026-05-21 09:30:46,2026-05-21,2,乒乓球厅-13号,18:30-19:30,0,1,可预约,￥5.0,多云,18,16,3,0.0,81,32
2026-05-21 09:40:36,2026-05-21,2,乒乓球厅-13号,18:30-19:30,0,1,可预约,￥5.0,多云,19,17,3,0.0,79,32
2026-05-21 09:50:42,2026-05-21,2,乒乓球厅-13号,18:30-19:30,0,1,可预约,￥5.0,多云,19,17,4,0.0,81,32
2026-05-21 10:00:46,2026-05-21,2,乒乓球厅-13号,18:30-19:30,0,1,可预约,￥5.0,多云,19,17,4,0.0,79,32
2026-05-21 10:10:40,2026-05-21,2,乒乓球厅-13号,18:30-19:30,0,1,可预约,￥5.0,多云,19,17,4,0.0,79,32
2026-05-21 10:20:38,2026-05-21,2,乒乓球厅-13号,18:30-19:30,0,1,可预约,￥5.0,多云,19,17,4,0.0,79,32
2026-05-21 10:30:41,2026-05-21,2,乒乓球厅-13号,18:30-19:30,0,1,可预约,￥5.0,多云,19,18,3,0.0,78,31
2026-05-21 11:00:44,2026-05-21,2,乒乓球厅-13号,18:30-19:30,0,1,可预约,￥5.0,多云,21,17,5,0.0,74,31
2026-05-21 11:30:38,2026-05-21,2,乒乓球厅-13号,18:30-19:30,0,1,可预约,￥5.0,多云,21,19,3,0.0,72,33
2026-05-21 12:00:46,2026-05-21,2,乒乓球厅-13号,18:30-19:30,0,1,可预约,￥5.0,多云,22,19,4,0.0,70,33
2026-05-21 12:30:42,2026-05-21,2,乒乓球厅-13号,18:30-19:30,0,1,可预约,￥5.0,多云,22,21,3,0.0,68,35
2026-05-21 13:00:43,2026-05-21,2,乒乓球厅-13号,18:30-19:30,0,1,可预约,￥5.0,多云,24,22,4,0.0,66,35
2026-05-21 13:30:43,2026-05-21,2,乒乓球厅-13号,18:30-19:30,0,1,可预约,￥5.0,多云,24,22,4,0.0,66,36
2026-05-21 14:00:48,2026-05-21,2,乒乓球厅-13号,18:30-19:30,0,1,可预约,￥5.0,多云,25,23,4,0.0,66,36
2026-05-21 14:30:45,2026-05-21,2,乒乓球厅-13号,18:30-19:30,0,1,可预约,￥5.0,晴,25,25,3,0.0,65,39
2026-05-21 15:00:45,2026-05-21,2,乒乓球厅-13号,18:30-19:30,0,1,可预约,￥5.0,晴,25,22,4,0.0,56,39
2026-05-21 15:30:43,2026-05-21,2,乒乓球厅-13号,18:30-19:30,0,1,可预约,￥5.0,晴,25,23,4,0.0,57,40
2026-05-21 16:00:51,2026-05-21,2,乒乓球厅-13号,18:30-19:30,0,1,可预约,￥5.0,晴,25,23,4,0.0,57,40
2026-05-21 16:30:48,2026-05-21,2,乒乓球厅-13号,18:30-19:30,0,1,可预约,￥5.0,晴,25,24,3,0.0,60,39
2026-05-21 17:00:49,2026-05-21,2,乒乓球厅-13号,18:30-19:30,0,1,可预约,￥5.0,晴,25,24,4,0.0,61,39
2026-05-21 17:30:47,2026-05-21,2,乒乓球厅-13号,18:30-19:30,0,1,可预约,￥5.0,多云,24,23,3,0.0,64,39
2026-05-21 18:00:50,2026-05-21,2,乒乓球厅-13号,18:30-19:30,0,1,可预约,￥5.0,多云,24,23,3,0.0,68,39
2026-05-21 18:30:50,2026-05-21,2,乒乓球厅-13号,18:30-19:30,1,1,已售/已满,已售,阴,24,25,2,0.0,68,40
2026-05-21 19:00:50,2026-05-21,2,乒乓球厅-13号,18:30-19:30,1,1,已售/已满,已售,阴,23,23,3,0.0,76,40
2026-05-21 19:30:46,2026-05-21,2,乒乓球厅-13号,18:30-19:30,1,1,已售/已满,已售,阴,23,24,2,0.0,77,39
2026-05-21 20:00:49,2026-05-21,2,乒乓球厅-13号,18:30-19:30,1,1,已售/已满,已售,雾,22,23,2,0.0,89,39
2026-05-21 20:30:44,2026-05-21,2,乒乓球厅-13号,18:30-19:30,1,1,已售/已满,已售,雾,22,24,2,0.0,93,43
2026-05-21 21:00:56,2026-05-21,2,乒乓球厅-13号,18:30-19:30,1,1,已售/已满,已售,雾,20,21,2,0.0,98,43
2026-05-21 21:30:46,2026-05-21,2,乒乓球厅-13号,18:30-19:30,1,1,已售/已满,已售,雾,20,22,1,0.0,99,41
2026-05-21 22:01:02,2026-05-21,2,乒乓球厅-13号,18:30-19:30,1,1,已售/已满,已售,雾,19,20,2,0.0,93,41
2026-05-21 22:30:47,2026-05-21,2,乒乓球厅-13号,18:30-19:30,1,1,已售/已满,已售,雾,19,19,3,0.0,88,46
2026-05-21 23:00:56,2026-05-21,2,乒乓球厅-13号,18:30-19:30,1,1,已售/已满,已售,多云,18,17,3,0.0,85,46
2026-05-21 23:30:55,2026-05-21,2,乒乓球厅-13号,18:30-19:30,1,1,已售/已满,已售,多云,18,17,3,0.0,85,48
2026-05-21 00:30:49,2026-05-21,2,乒乓球厅-13号,19:30-20:30,0,1,可预约,￥5.0,多云,15,13,3,0.0,100,26
2026-05-21 01:00:55,2026-05-21,2,乒乓球厅-13号,19:30-20:30,0,1,可预约,￥5.0,多云,15,12,4,0.0,100,26
2026-05-21 01:30:47,2026-05-21,2,乒乓球厅-13号,19:30-20:30,0,1,可预约,￥5.0,多云,15,13,4,0.0,100,28
2026-05-21 02:00:53,2026-05-21,2,乒乓球厅-13号,19:30-20:30,0,1,可预约,￥5.0,多云,15,12,4,0.0,100,28
2026-05-21 02:30:49,2026-05-21,2,乒乓球厅-13号,19:30-20:30,0,1,可预约,￥5.0,多云,15,14,3,0.0,100,29
2026-05-21 03:00:55,2026-05-21,2,乒乓球厅-13号,19:30-20:30,0,1,可预约,￥5.0,多云,15,12,4,0.0,100,29
2026-05-21 03:30:49,2026-05-21,2,乒乓球厅-13号,19:30-20:30,0,1,可预约,￥5.0,多云,15,14,3,0.0,100,30
2026-05-21 04:30:45,2026-05-21,2,乒乓球厅-13号,19:30-20:30,0,1,可预约,￥5.0,多云,15,12,4,0.0,100,29
2026-05-21 05:00:52,2026-05-21,2,乒乓球厅-13号,19:30-20:30,0,1,可预约,￥5.0,多云,15,12,4,0.0,100,29
2026-05-21 05:30:49,2026-05-21,2,乒乓球厅-13号,19:30-20:30,0,1,可预约,￥5.0,多云,15,13,3,0.0,100,28
2026-05-21 06:00:50,2026-05-21,2,乒乓球厅-13号,19:30-20:30,0,1,可预约,￥5.0,多云,15,13,4,0.0,99,28
2026-05-21 06:30:38,2026-05-21,2,乒乓球厅-13号,19:30-20:30,0,1,可预约,￥5.0,多云,15,13,3,0.0,97,28
2026-05-21 07:00:43,2026-05-21,2,乒乓球厅-13号,19:30-20:30,0,1,可预约,￥5.0,晴,15,11,5,0.0,93,28
2026-05-21 07:30:39,2026-05-21,2,乒乓球厅-13号,19:30-20:30,0,1,可预约,￥5.0,晴,17,13,4,0.0,89,29
2026-05-21 07:50:40,2026-05-21,2,乒乓球厅-13号,19:30-20:30,0,1,可预约,￥5.0,晴,17,13,4,0.0,88,29
2026-05-21 07:53:31,2026-05-21,2,乒乓球厅-13号,19:30-20:30,0,1,可预约,￥5.0,晴,17,12,5,0.0,86,29
2026-05-21 07:56:31,2026-05-21,2,乒乓球厅-13号,19:30-20:30,0,1,可预约,￥5.0,晴,17,12,5,0.0,86,29
2026-05-21 07:59:26,2026-05-21,2,乒乓球厅-13号,19:30-20:30,0,1,可预约,￥5.0,晴,17,12,5,0.0,86,29
2026-05-21 08:00:45,2026-05-21,2,乒乓球厅-13号,19:30-20:30,0,1,可预约,￥5.0,晴,17,12,5,0.0,86,29
2026-05-21 08:02:30,2026-05-21,2,乒乓球厅-13号,19:30-20:30,0,1,可预约,￥5.0,多云,17,12,5,0.0,87,29
2026-05-21 08:05:36,2026-05-21,2,乒乓球厅-13号,19:30-20:30,0,1,可预约,￥5.0,多云,17,12,5,0.0,86,29
2026-05-21 08:08:31,2026-05-21,2,乒乓球厅-13号,19:30-20:30,0,1,可预约,￥5.0,多云,17,12,5,0.0,86,29
2026-05-21 08:11:30,2026-05-21,2,乒乓球厅-13号,19:30-20:30,0,1,可预约,￥5.0,多云,17,12,5,0.0,86,29
2026-05-21 08:14:31,2026-05-21,2,乒乓球厅-13号,19:30-20:30,0,1,可预约,￥5.0,多云,17,12,5,0.0,86,29
2026-05-21 08:17:30,2026-05-21,2,乒乓球厅-13号,19:30-20:30,0,1,可预约,￥5.0,多云,17,12,5,0.0,86,29
2026-05-21 08:20:35,2026-05-21,2,乒乓球厅-13号,19:30-20:30,0,1,可预约,￥5.0,多云,17,14,4,0.0,85,29
2026-05-21 08:25:32,2026-05-21,2,乒乓球厅-13号,19:30-20:30,0,1,可预约,￥5.0,多云,17,14,4,0.0,85,28
2026-05-21 08:30:42,2026-05-21,2,乒乓球厅-13号,19:30-20:30,0,1,可预约,￥5.0,多云,18,15,4,0.0,84,28
2026-05-21 08:35:31,2026-05-21,2,乒乓球厅-13号,19:30-20:30,0,1,可预约,￥5.0,多云,18,15,4,0.0,84,28
2026-05-21 08:40:38,2026-05-21,2,乒乓球厅-13号,19:30-20:30,0,1,可预约,￥5.0,多云,18,15,4,0.0,82,28
2026-05-21 08:45:33,2026-05-21,2,乒乓球厅-13号,19:30-20:30,0,1,可预约,￥5.0,多云,18,15,4,0.0,82,28
2026-05-21 08:50:36,2026-05-21,2,乒乓球厅-13号,19:30-20:30,0,1,可预约,￥5.0,多云,18,15,4,0.0,82,28
2026-05-21 08:55:34,2026-05-21,2,乒乓球厅-13号,19:30-20:30,0,1,可预约,￥5.0,多云,18,15,4,0.0,84,28
2026-05-21 09:00:51,2026-05-21,2,乒乓球厅-13号,19:30-20:30,0,1,可预约,￥5.0,多云,18,15,4,0.0,84,28
2026-05-21 09:01:59,2026-05-21,2,乒乓球厅-13号,19:30-20:30,0,1,可预约,￥5.0,多云,18,15,4,0.0,83,28
2026-05-21 09:05:33,2026-05-21,2,乒乓球厅-13号,19:30-20:30,0,1,可预约,￥5.0,多云,18,15,4,0.0,83,28
2026-05-21 09:20:38,2026-05-21,2,乒乓球厅-13号,19:30-20:30,0,1,可预约,￥5.0,多云,18,16,3,0.0,81,28
2026-05-21 09:30:46,2026-05-21,2,乒乓球厅-13号,19:30-20:30,0,1,可预约,￥5.0,多云,18,16,3,0.0,81,32
2026-05-21 09:40:36,2026-05-21,2,乒乓球厅-13号,19:30-20:30,0,1,可预约,￥5.0,多云,19,17,3,0.0,79,32
2026-05-21 09:50:42,2026-05-21,2,乒乓球厅-13号,19:30-20:30,0,1,可预约,￥5.0,多云,19,17,4,0.0,81,32
2026-05-21 10:00:46,2026-05-21,2,乒乓球厅-13号,19:30-20:30,0,1,可预约,￥5.0,多云,19,17,4,0.0,79,32
2026-05-21 10:10:40,2026-05-21,2,乒乓球厅-13号,19:30-20:30,0,1,可预约,￥5.0,多云,19,17,4,0.0,79,32
2026-05-21 10:20:38,2026-05-21,2,乒乓球厅-13号,19:30-20:30,0,1,可预约,￥5.0,多云,19,17,4,0.0,79,32
2026-05-21 10:30:41,2026-05-21,2,乒乓球厅-13号,19:30-20:30,0,1,可预约,￥5.0,多云,19,18,3,0.0,78,31
2026-05-21 11:00:44,2026-05-21,2,乒乓球厅-13号,19:30-20:30,0,1,可预约,￥5.0,多云,21,17,5,0.0,74,31
2026-05-21 11:30:38,2026-05-21,2,乒乓球厅-13号,19:30-20:30,0,1,可预约,￥5.0,多云,21,19,3,0.0,72,33
2026-05-21 12:00:46,2026-05-21,2,乒乓球厅-13号,19:30-20:30,0,1,可预约,￥5.0,多云,22,19,4,0.0,70,33
2026-05-21 12:30:42,2026-05-21,2,乒乓球厅-13号,19:30-20:30,0,1,可预约,￥5.0,多云,22,21,3,0.0,68,35
2026-05-21 13:00:43,2026-05-21,2,乒乓球厅-13号,19:30-20:30,0,1,可预约,￥5.0,多云,24,22,4,0.0,66,35
2026-05-21 13:30:43,2026-05-21,2,乒乓球厅-13号,19:30-20:30,0,1,可预约,￥5.0,多云,24,22,4,0.0,66,36
2026-05-21 14:00:48,2026-05-21,2,乒乓球厅-13号,19:30-20:30,0,1,可预约,￥5.0,多云,25,23,4,0.0,66,36
2026-05-21 14:30:45,2026-05-21,2,乒乓球厅-13号,19:30-20:30,0,1,可预约,￥5.0,晴,25,25,3,0.0,65,39
2026-05-21 15:00:45,2026-05-21,2,乒乓球厅-13号,19:30-20:30,0,1,可预约,￥5.0,晴,25,22,4,0.0,56,39
2026-05-21 15:30:43,2026-05-21,2,乒乓球厅-13号,19:30-20:30,0,1,可预约,￥5.0,晴,25,23,4,0.0,57,40
2026-05-21 16:00:51,2026-05-21,2,乒乓球厅-13号,19:30-20:30,0,1,可预约,￥5.0,晴,25,23,4,0.0,57,40
2026-05-21 16:30:48,2026-05-21,2,乒乓球厅-13号,19:30-20:30,0,1,可预约,￥5.0,晴,25,24,3,0.0,60,39
2026-05-21 17:00:49,2026-05-21,2,乒乓球厅-13号,19:30-20:30,0,1,可预约,￥5.0,晴,25,24,4,0.0,61,39
2026-05-21 17:30:47,2026-05-21,2,乒乓球厅-13号,19:30-20:30,0,1,可预约,￥5.0,多云,24,23,3,0.0,64,39
2026-05-21 18:00:50,2026-05-21,2,乒乓球厅-13号,19:30-20:30,0,1,可预约,￥5.0,多云,24,23,3,0.0,68,39
2026-05-21 18:30:50,2026-05-21,2,乒乓球厅-13号,19:30-20:30,0,1,可预约,￥5.0,阴,24,25,2,0.0,68,40
2026-05-21 19:00:50,2026-05-21,2,乒乓球厅-13号,19:30-20:30,0,1,可预约,￥5.0,阴,23,23,3,0.0,76,40
2026-05-21 19:30:46,2026-05-21,2,乒乓球厅-13号,19:30-20:30,0,1,可预约,￥5.0,阴,23,24,2,0.0,77,39
2026-05-21 20:00:49,2026-05-21,2,乒乓球厅-13号,19:30-20:30,0,1,可预约,￥5.0,雾,22,23,2,0.0,89,39
2026-05-21 20:30:44,2026-05-21,2,乒乓球厅-13号,19:30-20:30,0,1,不开放/已过期,,雾,22,24,2,0.0,93,43
2026-05-21 21:00:56,2026-05-21,2,乒乓球厅-13号,19:30-20:30,0,1,不开放/已过期,,雾,20,21,2,0.0,98,43
2026-05-21 21:30:46,2026-05-21,2,乒乓球厅-13号,19:30-20:30,0,1,不开放/已过期,,雾,20,22,1,0.0,99,41
2026-05-21 22:01:02,2026-05-21,2,乒乓球厅-13号,19:30-20:30,0,1,不开放/已过期,,雾,19,20,2,0.0,93,41
2026-05-21 22:30:47,2026-05-21,2,乒乓球厅-13号,19:30-20:30,0,1,不开放/已过期,,雾,19,19,3,0.0,88,46
2026-05-21 23:00:56,2026-05-21,2,乒乓球厅-13号,19:30-20:30,0,1,不开放/已过期,,多云,18,17,3,0.0,85,46
2026-05-21 23:30:55,2026-05-21,2,乒乓球厅-13号,19:30-20:30,0,1,不开放/已过期,,多云,18,17,3,0.0,85,48
2026-05-21 00:30:49,2026-05-21,2,乒乓球厅-13号,20:30-21:30,0,1,可预约,￥5.0,多云,15,13,3,0.0,100,26
2026-05-21 01:00:55,2026-05-21,2,乒乓球厅-13号,20:30-21:30,0,1,可预约,￥5.0,多云,15,12,4,0.0,100,26
2026-05-21 01:30:47,2026-05-21,2,乒乓球厅-13号,20:30-21:30,0,1,可预约,￥5.0,多云,15,13,4,0.0,100,28
2026-05-21 02:00:53,2026-05-21,2,乒乓球厅-13号,20:30-21:30,0,1,可预约,￥5.0,多云,15,12,4,0.0,100,28
2026-05-21 02:30:49,2026-05-21,2,乒乓球厅-13号,20:30-21:30,0,1,可预约,￥5.0,多云,15,14,3,0.0,100,29
2026-05-21 03:00:55,2026-05-21,2,乒乓球厅-13号,20:30-21:30,0,1,可预约,￥5.0,多云,15,12,4,0.0,100,29
2026-05-21 03:30:49,2026-05-21,2,乒乓球厅-13号,20:30-21:30,0,1,可预约,￥5.0,多云,15,14,3,0.0,100,30
2026-05-21 04:30:45,2026-05-21,2,乒乓球厅-13号,20:30-21:30,0,1,可预约,￥5.0,多云,15,12,4,0.0,100,29
2026-05-21 05:00:52,2026-05-21,2,乒乓球厅-13号,20:30-21:30,0,1,可预约,￥5.0,多云,15,12,4,0.0,100,29
2026-05-21 05:30:49,2026-05-21,2,乒乓球厅-13号,20:30-21:30,0,1,可预约,￥5.0,多云,15,13,3,0.0,100,28
2026-05-21 06:00:50,2026-05-21,2,乒乓球厅-13号,20:30-21:30,0,1,可预约,￥5.0,多云,15,13,4,0.0,99,28
2026-05-21 06:30:38,2026-05-21,2,乒乓球厅-13号,20:30-21:30,0,1,可预约,￥5.0,多云,15,13,3,0.0,97,28
2026-05-21 07:00:43,2026-05-21,2,乒乓球厅-13号,20:30-21:30,0,1,可预约,￥5.0,晴,15,11,5,0.0,93,28
2026-05-21 07:30:39,2026-05-21,2,乒乓球厅-13号,20:30-21:30,0,1,可预约,￥5.0,晴,17,13,4,0.0,89,29
2026-05-21 07:50:40,2026-05-21,2,乒乓球厅-13号,20:30-21:30,0,1,可预约,￥5.0,晴,17,13,4,0.0,88,29
2026-05-21 07:53:31,2026-05-21,2,乒乓球厅-13号,20:30-21:30,0,1,可预约,￥5.0,晴,17,12,5,0.0,86,29
2026-05-21 07:56:31,2026-05-21,2,乒乓球厅-13号,20:30-21:30,0,1,可预约,￥5.0,晴,17,12,5,0.0,86,29
2026-05-21 07:59:26,2026-05-21,2,乒乓球厅-13号,20:30-21:30,0,1,可预约,￥5.0,晴,17,12,5,0.0,86,29
2026-05-21 08:00:45,2026-05-21,2,乒乓球厅-13号,20:30-21:30,0,1,可预约,￥5.0,晴,17,12,5,0.0,86,29
2026-05-21 08:02:30,2026-05-21,2,乒乓球厅-13号,20:30-21:30,0,1,可预约,￥5.0,多云,17,12,5,0.0,87,29
2026-05-21 08:05:36,2026-05-21,2,乒乓球厅-13号,20:30-21:30,0,1,可预约,￥5.0,多云,17,12,5,0.0,86,29
2026-05-21 08:08:31,2026-05-21,2,乒乓球厅-13号,20:30-21:30,0,1,可预约,￥5.0,多云,17,12,5,0.0,86,29
2026-05-21 08:11:30,2026-05-21,2,乒乓球厅-13号,20:30-21:30,0,1,可预约,￥5.0,多云,17,12,5,0.0,86,29
2026-05-21 08:14:31,2026-05-21,2,乒乓球厅-13号,20:30-21:30,0,1,可预约,￥5.0,多云,17,12,5,0.0,86,29
2026-05-21 08:17:30,2026-05-21,2,乒乓球厅-13号,20:30-21:30,0,1,可预约,￥5.0,多云,17,12,5,0.0,86,29
2026-05-21 08:20:35,2026-05-21,2,乒乓球厅-13号,20:30-21:30,0,1,可预约,￥5.0,多云,17,14,4,0.0,85,29
2026-05-21 08:25:32,2026-05-21,2,乒乓球厅-13号,20:30-21:30,0,1,可预约,￥5.0,多云,17,14,4,0.0,85,28
2026-05-21 08:30:42,2026-05-21,2,乒乓球厅-13号,20:30-21:30,0,1,可预约,￥5.0,多云,18,15,4,0.0,84,28
2026-05-21 08:35:31,2026-05-21,2,乒乓球厅-13号,20:30-21:30,0,1,可预约,￥5.0,多云,18,15,4,0.0,84,28
2026-05-21 08:40:38,2026-05-21,2,乒乓球厅-13号,20:30-21:30,0,1,可预约,￥5.0,多云,18,15,4,0.0,82,28
2026-05-21 08:45:33,2026-05-21,2,乒乓球厅-13号,20:30-21:30,0,1,可预约,￥5.0,多云,18,15,4,0.0,82,28
2026-05-21 08:50:36,2026-05-21,2,乒乓球厅-13号,20:30-21:30,0,1,可预约,￥5.0,多云,18,15,4,0.0,82,28
2026-05-21 08:55:34,2026-05-21,2,乒乓球厅-13号,20:30-21:30,0,1,可预约,￥5.0,多云,18,15,4,0.0,84,28
2026-05-21 09:00:51,2026-05-21,2,乒乓球厅-13号,20:30-21:30,0,1,可预约,￥5.0,多云,18,15,4,0.0,84,28
2026-05-21 09:01:59,2026-05-21,2,乒乓球厅-13号,20:30-21:30,0,1,可预约,￥5.0,多云,18,15,4,0.0,83,28
2026-05-21 09:05:33,2026-05-21,2,乒乓球厅-13号,20:30-21:30,0,1,可预约,￥5.0,多云,18,15,4,0.0,83,28
2026-05-21 09:20:38,2026-05-21,2,乒乓球厅-13号,20:30-21:30,0,1,可预约,￥5.0,多云,18,16,3,0.0,81,28
2026-05-21 09:30:46,2026-05-21,2,乒乓球厅-13号,20:30-21:30,0,1,可预约,￥5.0,多云,18,16,3,0.0,81,32
2026-05-21 09:40:36,2026-05-21,2,乒乓球厅-13号,20:30-21:30,0,1,可预约,￥5.0,多云,19,17,3,0.0,79,32
2026-05-21 09:50:42,2026-05-21,2,乒乓球厅-13号,20:30-21:30,0,1,可预约,￥5.0,多云,19,17,4,0.0,81,32
2026-05-21 10:00:46,2026-05-21,2,乒乓球厅-13号,20:30-21:30,0,1,可预约,￥5.0,多云,19,17,4,0.0,79,32
2026-05-21 10:10:40,2026-05-21,2,乒乓球厅-13号,20:30-21:30,0,1,可预约,￥5.0,多云,19,17,4,0.0,79,32
2026-05-21 10:20:38,2026-05-21,2,乒乓球厅-13号,20:30-21:30,0,1,可预约,￥5.0,多云,19,17,4,0.0,79,32
2026-05-21 10:30:41,2026-05-21,2,乒乓球厅-13号,20:30-21:30,0,1,可预约,￥5.0,多云,19,18,3,0.0,78,31
2026-05-21 11:00:44,2026-05-21,2,乒乓球厅-13号,20:30-21:30,0,1,可预约,￥5.0,多云,21,17,5,0.0,74,31
2026-05-21 11:30:38,2026-05-21,2,乒乓球厅-13号,20:30-21:30,0,1,可预约,￥5.0,多云,21,19,3,0.0,72,33
2026-05-21 12:00:46,2026-05-21,2,乒乓球厅-13号,20:30-21:30,0,1,可预约,￥5.0,多云,22,19,4,0.0,70,33
2026-05-21 12:30:42,2026-05-21,2,乒乓球厅-13号,20:30-21:30,0,1,可预约,￥5.0,多云,22,21,3,0.0,68,35
2026-05-21 13:00:43,2026-05-21,2,乒乓球厅-13号,20:30-21:30,0,1,可预约,￥5.0,多云,24,22,4,0.0,66,35
2026-05-21 13:30:43,2026-05-21,2,乒乓球厅-13号,20:30-21:30,0,1,可预约,￥5.0,多云,24,22,4,0.0,66,36
2026-05-21 14:00:48,2026-05-21,2,乒乓球厅-13号,20:30-21:30,0,1,可预约,￥5.0,多云,25,23,4,0.0,66,36
2026-05-21 14:30:45,2026-05-21,2,乒乓球厅-13号,20:30-21:30,0,1,可预约,￥5.0,晴,25,25,3,0.0,65,39
2026-05-21 15:00:45,2026-05-21,2,乒乓球厅-13号,20:30-21:30,0,1,可预约,￥5.0,晴,25,22,4,0.0,56,39
2026-05-21 15:30:43,2026-05-21,2,乒乓球厅-13号,20:30-21:30,0,1,可预约,￥5.0,晴,25,23,4,0.0,57,40
2026-05-21 16:00:51,2026-05-21,2,乒乓球厅-13号,20:30-21:30,0,1,可预约,￥5.0,晴,25,23,4,0.0,57,40
2026-05-21 16:30:48,2026-05-21,2,乒乓球厅-13号,20:30-21:30,0,1,可预约,￥5.0,晴,25,24,3,0.0,60,39
2026-05-21 17:00:49,2026-05-21,2,乒乓球厅-13号,20:30-21:30,0,1,可预约,￥5.0,晴,25,24,4,0.0,61,39
2026-05-21 17:30:47,2026-05-21,2,乒乓球厅-13号,20:30-21:30,0,1,可预约,￥5.0,多云,24,23,3,0.0,64,39
2026-05-21 18:00:50,2026-05-21,2,乒乓球厅-13号,20:30-21:30,0,1,可预约,￥5.0,多云,24,23,3,0.0,68,39
2026-05-21 18:30:50,2026-05-21,2,乒乓球厅-13号,20:30-21:30,0,1,可预约,￥5.0,阴,24,25,2,0.0,68,40
2026-05-21 19:00:50,2026-05-21,2,乒乓球厅-13号,20:30-21:30,0,1,可预约,￥5.0,阴,23,23,3,0.0,76,40
2026-05-21 19:30:46,2026-05-21,2,乒乓球厅-13号,20:30-21:30,0,1,可预约,￥5.0,阴,23,24,2,0.0,77,39
2026-05-21 20:00:49,2026-05-21,2,乒乓球厅-13号,20:30-21:30,0,1,可预约,￥5.0,雾,22,23,2,0.0,89,39
2026-05-21 20:30:44,2026-05-21,2,乒乓球厅-13号,20:30-21:30,0,1,可预约,￥5.0,雾,22,24,2,0.0,93,43
2026-05-21 21:00:56,2026-05-21,2,乒乓球厅-13号,20:30-21:30,0,1,可预约,￥5.0,雾,20,21,2,0.0,98,43
2026-05-21 21:30:46,2026-05-21,2,乒乓球厅-13号,20:30-21:30,0,1,不开放/已过期,,雾,20,22,1,0.0,99,41
2026-05-21 22:01:02,2026-05-21,2,乒乓球厅-13号,20:30-21:30,0,1,不开放/已过期,,雾,19,20,2,0.0,93,41
2026-05-21 22:30:47,2026-05-21,2,乒乓球厅-13号,20:30-21:30,0,1,不开放/已过期,,雾,19,19,3,0.0,88,46
2026-05-21 23:00:56,2026-05-21,2,乒乓球厅-13号,20:30-21:30,0,1,不开放/已过期,,多云,18,17,3,0.0,85,46
2026-05-21 23:30:55,2026-05-21,2,乒乓球厅-13号,20:30-21:30,0,1,不开放/已过期,,多云,18,17,3,0.0,85,48
2026-05-21 00:30:49,2026-05-21,2,乒乓球厅-14号,07:00-08:00,0,1,可预约,￥0.0,多云,15,13,3,0.0,100,26
2026-05-21 01:00:55,2026-05-21,2,乒乓球厅-14号,07:00-08:00,0,1,可预约,￥0.0,多云,15,12,4,0.0,100,26
2026-05-21 01:30:47,2026-05-21,2,乒乓球厅-14号,07:00-08:00,0,1,可预约,￥0.0,多云,15,13,4,0.0,100,28
2026-05-21 02:00:53,2026-05-21,2,乒乓球厅-14号,07:00-08:00,0,1,可预约,￥0.0,多云,15,12,4,0.0,100,28
2026-05-21 02:30:49,2026-05-21,2,乒乓球厅-14号,07:00-08:00,0,1,可预约,￥0.0,多云,15,14,3,0.0,100,29
2026-05-21 03:00:55,2026-05-21,2,乒乓球厅-14号,07:00-08:00,0,1,可预约,￥0.0,多云,15,12,4,0.0,100,29
2026-05-21 03:30:49,2026-05-21,2,乒乓球厅-14号,07:00-08:00,0,1,可预约,￥0.0,多云,15,14,3,0.0,100,30
2026-05-21 04:30:45,2026-05-21,2,乒乓球厅-14号,07:00-08:00,0,1,可预约,￥0.0,多云,15,12,4,0.0,100,29
2026-05-21 05:00:52,2026-05-21,2,乒乓球厅-14号,07:00-08:00,0,1,可预约,￥0.0,多云,15,12,4,0.0,100,29
2026-05-21 05:30:49,2026-05-21,2,乒乓球厅-14号,07:00-08:00,0,1,可预约,￥0.0,多云,15,13,3,0.0,100,28
2026-05-21 06:00:50,2026-05-21,2,乒乓球厅-14号,07:00-08:00,0,1,可预约,￥0.0,多云,15,13,4,0.0,99,28
2026-05-21 06:30:38,2026-05-21,2,乒乓球厅-14号,07:00-08:00,0,1,可预约,￥0.0,多云,15,13,3,0.0,97,28
2026-05-21 07:00:43,2026-05-21,2,乒乓球厅-14号,07:00-08:00,0,1,可预约,￥0.0,晴,15,11,5,0.0,93,28
2026-05-21 07:30:39,2026-05-21,2,乒乓球厅-14号,07:00-08:00,0,1,可预约,￥0.0,晴,17,13,4,0.0,89,29
2026-05-21 07:50:40,2026-05-21,2,乒乓球厅-14号,07:00-08:00,0,1,可预约,￥0.0,晴,17,13,4,0.0,88,29
2026-05-21 07:53:31,2026-05-21,2,乒乓球厅-14号,07:00-08:00,0,1,可预约,￥0.0,晴,17,12,5,0.0,86,29
2026-05-21 07:56:31,2026-05-21,2,乒乓球厅-14号,07:00-08:00,0,1,可预约,￥0.0,晴,17,12,5,0.0,86,29
2026-05-21 07:59:26,2026-05-21,2,乒乓球厅-14号,07:00-08:00,0,1,可预约,￥0.0,晴,17,12,5,0.0,86,29
2026-05-21 08:00:45,2026-05-21,2,乒乓球厅-14号,07:00-08:00,0,1,不开放/已过期,,晴,17,12,5,0.0,86,29
2026-05-21 08:02:30,2026-05-21,2,乒乓球厅-14号,07:00-08:00,0,1,不开放/已过期,,多云,17,12,5,0.0,87,29
2026-05-21 08:05:36,2026-05-21,2,乒乓球厅-14号,07:00-08:00,0,1,不开放/已过期,,多云,17,12,5,0.0,86,29
2026-05-21 08:08:31,2026-05-21,2,乒乓球厅-14号,07:00-08:00,0,1,不开放/已过期,,多云,17,12,5,0.0,86,29
2026-05-21 08:11:30,2026-05-21,2,乒乓球厅-14号,07:00-08:00,0,1,不开放/已过期,,多云,17,12,5,0.0,86,29
2026-05-21 08:14:31,2026-05-21,2,乒乓球厅-14号,07:00-08:00,0,1,不开放/已过期,,多云,17,12,5,0.0,86,29
2026-05-21 08:17:30,2026-05-21,2,乒乓球厅-14号,07:00-08:00,0,1,不开放/已过期,,多云,17,12,5,0.0,86,29
2026-05-21 08:20:35,2026-05-21,2,乒乓球厅-14号,07:00-08:00,0,1,不开放/已过期,,多云,17,14,4,0.0,85,29
2026-05-21 08:25:32,2026-05-21,2,乒乓球厅-14号,07:00-08:00,0,1,不开放/已过期,,多云,17,14,4,0.0,85,28
2026-05-21 08:30:42,2026-05-21,2,乒乓球厅-14号,07:00-08:00,0,1,不开放/已过期,,多云,18,15,4,0.0,84,28
2026-05-21 08:35:31,2026-05-21,2,乒乓球厅-14号,07:00-08:00,0,1,不开放/已过期,,多云,18,15,4,0.0,84,28
2026-05-21 08:40:38,2026-05-21,2,乒乓球厅-14号,07:00-08:00,0,1,不开放/已过期,,多云,18,15,4,0.0,82,28
2026-05-21 08:45:33,2026-05-21,2,乒乓球厅-14号,07:00-08:00,0,1,不开放/已过期,,多云,18,15,4,0.0,82,28
2026-05-21 08:50:36,2026-05-21,2,乒乓球厅-14号,07:00-08:00,0,1,不开放/已过期,,多云,18,15,4,0.0,82,28
2026-05-21 08:55:34,2026-05-21,2,乒乓球厅-14号,07:00-08:00,0,1,不开放/已过期,,多云,18,15,4,0.0,84,28
2026-05-21 09:00:51,2026-05-21,2,乒乓球厅-14号,07:00-08:00,0,1,不开放/已过期,,多云,18,15,4,0.0,84,28
2026-05-21 09:01:59,2026-05-21,2,乒乓球厅-14号,07:00-08:00,0,1,不开放/已过期,,多云,18,15,4,0.0,83,28
2026-05-21 09:05:33,2026-05-21,2,乒乓球厅-14号,07:00-08:00,0,1,不开放/已过期,,多云,18,15,4,0.0,83,28
2026-05-21 09:20:38,2026-05-21,2,乒乓球厅-14号,07:00-08:00,0,1,不开放/已过期,,多云,18,16,3,0.0,81,28
2026-05-21 09:30:46,2026-05-21,2,乒乓球厅-14号,07:00-08:00,0,1,不开放/已过期,,多云,18,16,3,0.0,81,32
2026-05-21 09:40:36,2026-05-21,2,乒乓球厅-14号,07:00-08:00,0,1,不开放/已过期,,多云,19,17,3,0.0,79,32
2026-05-21 09:50:42,2026-05-21,2,乒乓球厅-14号,07:00-08:00,0,1,不开放/已过期,,多云,19,17,4,0.0,81,32
2026-05-21 10:00:46,2026-05-21,2,乒乓球厅-14号,07:00-08:00,0,1,不开放/已过期,,多云,19,17,4,0.0,79,32
2026-05-21 10:10:40,2026-05-21,2,乒乓球厅-14号,07:00-08:00,0,1,不开放/已过期,,多云,19,17,4,0.0,79,32
2026-05-21 10:20:38,2026-05-21,2,乒乓球厅-14号,07:00-08:00,0,1,不开放/已过期,,多云,19,17,4,0.0,79,32
2026-05-21 10:30:41,2026-05-21,2,乒乓球厅-14号,07:00-08:00,0,1,不开放/已过期,,多云,19,18,3,0.0,78,31
2026-05-21 11:00:44,2026-05-21,2,乒乓球厅-14号,07:00-08:00,0,1,不开放/已过期,,多云,21,17,5,0.0,74,31
2026-05-21 11:30:38,2026-05-21,2,乒乓球厅-14号,07:00-08:00,0,1,不开放/已过期,,多云,21,19,3,0.0,72,33
2026-05-21 12:00:46,2026-05-21,2,乒乓球厅-14号,07:00-08:00,0,1,不开放/已过期,,多云,22,19,4,0.0,70,33
2026-05-21 12:30:42,2026-05-21,2,乒乓球厅-14号,07:00-08:00,0,1,不开放/已过期,,多云,22,21,3,0.0,68,35
2026-05-21 13:00:43,2026-05-21,2,乒乓球厅-14号,07:00-08:00,0,1,不开放/已过期,,多云,24,22,4,0.0,66,35
2026-05-21 13:30:43,2026-05-21,2,乒乓球厅-14号,07:00-08:00,0,1,不开放/已过期,,多云,24,22,4,0.0,66,36
2026-05-21 14:00:48,2026-05-21,2,乒乓球厅-14号,07:00-08:00,0,1,不开放/已过期,,多云,25,23,4,0.0,66,36
2026-05-21 14:30:45,2026-05-21,2,乒乓球厅-14号,07:00-08:00,0,1,不开放/已过期,,晴,25,25,3,0.0,65,39
2026-05-21 15:00:45,2026-05-21,2,乒乓球厅-14号,07:00-08:00,0,1,不开放/已过期,,晴,25,22,4,0.0,56,39
2026-05-21 15:30:43,2026-05-21,2,乒乓球厅-14号,07:00-08:00,0,1,不开放/已过期,,晴,25,23,4,0.0,57,40
2026-05-21 16:00:51,2026-05-21,2,乒乓球厅-14号,07:00-08:00,0,1,不开放/已过期,,晴,25,23,4,0.0,57,40
2026-05-21 16:30:48,2026-05-21,2,乒乓球厅-14号,07:00-08:00,0,1,不开放/已过期,,晴,25,24,3,0.0,60,39
2026-05-21 17:00:49,2026-05-21,2,乒乓球厅-14号,07:00-08:00,0,1,不开放/已过期,,晴,25,24,4,0.0,61,39
2026-05-21 17:30:47,2026-05-21,2,乒乓球厅-14号,07:00-08:00,0,1,不开放/已过期,,多云,24,23,3,0.0,64,39
2026-05-21 18:00:50,2026-05-21,2,乒乓球厅-14号,07:00-08:00,0,1,不开放/已过期,,多云,24,23,3,0.0,68,39
2026-05-21 18:30:50,2026-05-21,2,乒乓球厅-14号,07:00-08:00,0,1,不开放/已过期,,阴,24,25,2,0.0,68,40
2026-05-21 19:00:50,2026-05-21,2,乒乓球厅-14号,07:00-08:00,0,1,不开放/已过期,,阴,23,23,3,0.0,76,40
2026-05-21 19:30:46,2026-05-21,2,乒乓球厅-14号,07:00-08:00,0,1,不开放/已过期,,阴,23,24,2,0.0,77,39
2026-05-21 20:00:49,2026-05-21,2,乒乓球厅-14号,07:00-08:00,0,1,不开放/已过期,,雾,22,23,2,0.0,89,39
2026-05-21 20:30:44,2026-05-21,2,乒乓球厅-14号,07:00-08:00,0,1,不开放/已过期,,雾,22,24,2,0.0,93,43
2026-05-21 21:00:56,2026-05-21,2,乒乓球厅-14号,07:00-08:00,0,1,不开放/已过期,,雾,20,21,2,0.0,98,43
2026-05-21 21:30:46,2026-05-21,2,乒乓球厅-14号,07:00-08:00,0,1,不开放/已过期,,雾,20,22,1,0.0,99,41
2026-05-21 22:01:02,2026-05-21,2,乒乓球厅-14号,07:00-08:00,0,1,不开放/已过期,,雾,19,20,2,0.0,93,41
2026-05-21 22:30:47,2026-05-21,2,乒乓球厅-14号,07:00-08:00,0,1,不开放/已过期,,雾,19,19,3,0.0,88,46
2026-05-21 23:00:56,2026-05-21,2,乒乓球厅-14号,07:00-08:00,0,1,不开放/已过期,,多云,18,17,3,0.0,85,46
2026-05-21 23:30:55,2026-05-21,2,乒乓球厅-14号,07:00-08:00,0,1,不开放/已过期,,多云,18,17,3,0.0,85,48
2026-05-21 00:30:49,2026-05-21,2,乒乓球厅-14号,08:00-09:00,0,1,可预约,￥0.0,多云,15,13,3,0.0,100,26
2026-05-21 01:00:55,2026-05-21,2,乒乓球厅-14号,08:00-09:00,0,1,可预约,￥0.0,多云,15,12,4,0.0,100,26
2026-05-21 01:30:47,2026-05-21,2,乒乓球厅-14号,08:00-09:00,0,1,可预约,￥0.0,多云,15,13,4,0.0,100,28
2026-05-21 02:00:53,2026-05-21,2,乒乓球厅-14号,08:00-09:00,0,1,可预约,￥0.0,多云,15,12,4,0.0,100,28
2026-05-21 02:30:49,2026-05-21,2,乒乓球厅-14号,08:00-09:00,0,1,可预约,￥0.0,多云,15,14,3,0.0,100,29
2026-05-21 03:00:55,2026-05-21,2,乒乓球厅-14号,08:00-09:00,0,1,可预约,￥0.0,多云,15,12,4,0.0,100,29
2026-05-21 03:30:49,2026-05-21,2,乒乓球厅-14号,08:00-09:00,0,1,可预约,￥0.0,多云,15,14,3,0.0,100,30
2026-05-21 04:30:45,2026-05-21,2,乒乓球厅-14号,08:00-09:00,0,1,可预约,￥0.0,多云,15,12,4,0.0,100,29
2026-05-21 05:00:52,2026-05-21,2,乒乓球厅-14号,08:00-09:00,0,1,可预约,￥0.0,多云,15,12,4,0.0,100,29
2026-05-21 05:30:49,2026-05-21,2,乒乓球厅-14号,08:00-09:00,0,1,可预约,￥0.0,多云,15,13,3,0.0,100,28
2026-05-21 06:00:50,2026-05-21,2,乒乓球厅-14号,08:00-09:00,0,1,可预约,￥0.0,多云,15,13,4,0.0,99,28
2026-05-21 06:30:38,2026-05-21,2,乒乓球厅-14号,08:00-09:00,0,1,可预约,￥0.0,多云,15,13,3,0.0,97,28
2026-05-21 07:00:43,2026-05-21,2,乒乓球厅-14号,08:00-09:00,0,1,可预约,￥0.0,晴,15,11,5,0.0,93,28
2026-05-21 07:30:39,2026-05-21,2,乒乓球厅-14号,08:00-09:00,0,1,可预约,￥0.0,晴,17,13,4,0.0,89,29
2026-05-21 07:50:40,2026-05-21,2,乒乓球厅-14号,08:00-09:00,0,1,可预约,￥0.0,晴,17,13,4,0.0,88,29
2026-05-21 07:53:31,2026-05-21,2,乒乓球厅-14号,08:00-09:00,0,1,可预约,￥0.0,晴,17,12,5,0.0,86,29
2026-05-21 07:56:31,2026-05-21,2,乒乓球厅-14号,08:00-09:00,0,1,可预约,￥0.0,晴,17,12,5,0.0,86,29
2026-05-21 07:59:26,2026-05-21,2,乒乓球厅-14号,08:00-09:00,0,1,可预约,￥0.0,晴,17,12,5,0.0,86,29
2026-05-21 08:00:45,2026-05-21,2,乒乓球厅-14号,08:00-09:00,0,1,可预约,￥0.0,晴,17,12,5,0.0,86,29
2026-05-21 08:02:30,2026-05-21,2,乒乓球厅-14号,08:00-09:00,0,1,可预约,￥0.0,多云,17,12,5,0.0,87,29
2026-05-21 08:05:36,2026-05-21,2,乒乓球厅-14号,08:00-09:00,0,1,可预约,￥0.0,多云,17,12,5,0.0,86,29
2026-05-21 08:08:31,2026-05-21,2,乒乓球厅-14号,08:00-09:00,0,1,可预约,￥0.0,多云,17,12,5,0.0,86,29
2026-05-21 08:11:30,2026-05-21,2,乒乓球厅-14号,08:00-09:00,0,1,可预约,￥0.0,多云,17,12,5,0.0,86,29
2026-05-21 08:14:31,2026-05-21,2,乒乓球厅-14号,08:00-09:00,0,1,可预约,￥0.0,多云,17,12,5,0.0,86,29
2026-05-21 08:17:30,2026-05-21,2,乒乓球厅-14号,08:00-09:00,0,1,可预约,￥0.0,多云,17,12,5,0.0,86,29
2026-05-21 08:20:35,2026-05-21,2,乒乓球厅-14号,08:00-09:00,0,1,可预约,￥0.0,多云,17,14,4,0.0,85,29
2026-05-21 08:25:32,2026-05-21,2,乒乓球厅-14号,08:00-09:00,0,1,可预约,￥0.0,多云,17,14,4,0.0,85,28
2026-05-21 08:30:42,2026-05-21,2,乒乓球厅-14号,08:00-09:00,0,1,可预约,￥0.0,多云,18,15,4,0.0,84,28
2026-05-21 08:35:31,2026-05-21,2,乒乓球厅-14号,08:00-09:00,0,1,可预约,￥0.0,多云,18,15,4,0.0,84,28
2026-05-21 08:40:38,2026-05-21,2,乒乓球厅-14号,08:00-09:00,0,1,可预约,￥0.0,多云,18,15,4,0.0,82,28
2026-05-21 08:45:33,2026-05-21,2,乒乓球厅-14号,08:00-09:00,0,1,可预约,￥0.0,多云,18,15,4,0.0,82,28
2026-05-21 08:50:36,2026-05-21,2,乒乓球厅-14号,08:00-09:00,0,1,可预约,￥0.0,多云,18,15,4,0.0,82,28
2026-05-21 08:55:34,2026-05-21,2,乒乓球厅-14号,08:00-09:00,0,1,可预约,￥0.0,多云,18,15,4,0.0,84,28
2026-05-21 09:00:51,2026-05-21,2,乒乓球厅-14号,08:00-09:00,0,1,不开放/已过期,,多云,18,15,4,0.0,84,28
2026-05-21 09:01:59,2026-05-21,2,乒乓球厅-14号,08:00-09:00,0,1,不开放/已过期,,多云,18,15,4,0.0,83,28
2026-05-21 09:05:33,2026-05-21,2,乒乓球厅-14号,08:00-09:00,0,1,不开放/已过期,,多云,18,15,4,0.0,83,28
2026-05-21 09:20:38,2026-05-21,2,乒乓球厅-14号,08:00-09:00,0,1,不开放/已过期,,多云,18,16,3,0.0,81,28
2026-05-21 09:30:46,2026-05-21,2,乒乓球厅-14号,08:00-09:00,0,1,不开放/已过期,,多云,18,16,3,0.0,81,32
2026-05-21 09:40:36,2026-05-21,2,乒乓球厅-14号,08:00-09:00,0,1,不开放/已过期,,多云,19,17,3,0.0,79,32
2026-05-21 09:50:42,2026-05-21,2,乒乓球厅-14号,08:00-09:00,0,1,不开放/已过期,,多云,19,17,4,0.0,81,32
2026-05-21 10:00:46,2026-05-21,2,乒乓球厅-14号,08:00-09:00,0,1,不开放/已过期,,多云,19,17,4,0.0,79,32
2026-05-21 10:10:40,2026-05-21,2,乒乓球厅-14号,08:00-09:00,0,1,不开放/已过期,,多云,19,17,4,0.0,79,32
2026-05-21 10:20:38,2026-05-21,2,乒乓球厅-14号,08:00-09:00,0,1,不开放/已过期,,多云,19,17,4,0.0,79,32
2026-05-21 10:30:41,2026-05-21,2,乒乓球厅-14号,08:00-09:00,0,1,不开放/已过期,,多云,19,18,3,0.0,78,31
2026-05-21 11:00:44,2026-05-21,2,乒乓球厅-14号,08:00-09:00,0,1,不开放/已过期,,多云,21,17,5,0.0,74,31
2026-05-21 11:30:38,2026-05-21,2,乒乓球厅-14号,08:00-09:00,0,1,不开放/已过期,,多云,21,19,3,0.0,72,33
2026-05-21 12:00:46,2026-05-21,2,乒乓球厅-14号,08:00-09:00,0,1,不开放/已过期,,多云,22,19,4,0.0,70,33
2026-05-21 12:30:42,2026-05-21,2,乒乓球厅-14号,08:00-09:00,0,1,不开放/已过期,,多云,22,21,3,0.0,68,35
2026-05-21 13:00:43,2026-05-21,2,乒乓球厅-14号,08:00-09:00,0,1,不开放/已过期,,多云,24,22,4,0.0,66,35
2026-05-21 13:30:43,2026-05-21,2,乒乓球厅-14号,08:00-09:00,0,1,不开放/已过期,,多云,24,22,4,0.0,66,36
2026-05-21 14:00:48,2026-05-21,2,乒乓球厅-14号,08:00-09:00,0,1,不开放/已过期,,多云,25,23,4,0.0,66,36
2026-05-21 14:30:45,2026-05-21,2,乒乓球厅-14号,08:00-09:00,0,1,不开放/已过期,,晴,25,25,3,0.0,65,39
2026-05-21 15:00:45,2026-05-21,2,乒乓球厅-14号,08:00-09:00,0,1,不开放/已过期,,晴,25,22,4,0.0,56,39
2026-05-21 15:30:43,2026-05-21,2,乒乓球厅-14号,08:00-09:00,0,1,不开放/已过期,,晴,25,23,4,0.0,57,40
2026-05-21 16:00:51,2026-05-21,2,乒乓球厅-14号,08:00-09:00,0,1,不开放/已过期,,晴,25,23,4,0.0,57,40
2026-05-21 16:30:48,2026-05-21,2,乒乓球厅-14号,08:00-09:00,0,1,不开放/已过期,,晴,25,24,3,0.0,60,39
2026-05-21 17:00:49,2026-05-21,2,乒乓球厅-14号,08:00-09:00,0,1,不开放/已过期,,晴,25,24,4,0.0,61,39
2026-05-21 17:30:47,2026-05-21,2,乒乓球厅-14号,08:00-09:00,0,1,不开放/已过期,,多云,24,23,3,0.0,64,39
2026-05-21 18:00:50,2026-05-21,2,乒乓球厅-14号,08:00-09:00,0,1,不开放/已过期,,多云,24,23,3,0.0,68,39
2026-05-21 18:30:50,2026-05-21,2,乒乓球厅-14号,08:00-09:00,0,1,不开放/已过期,,阴,24,25,2,0.0,68,40
2026-05-21 19:00:50,2026-05-21,2,乒乓球厅-14号,08:00-09:00,0,1,不开放/已过期,,阴,23,23,3,0.0,76,40
2026-05-21 19:30:46,2026-05-21,2,乒乓球厅-14号,08:00-09:00,0,1,不开放/已过期,,阴,23,24,2,0.0,77,39
2026-05-21 20:00:49,2026-05-21,2,乒乓球厅-14号,08:00-09:00,0,1,不开放/已过期,,雾,22,23,2,0.0,89,39
2026-05-21 20:30:44,2026-05-21,2,乒乓球厅-14号,08:00-09:00,0,1,不开放/已过期,,雾,22,24,2,0.0,93,43
2026-05-21 21:00:56,2026-05-21,2,乒乓球厅-14号,08:00-09:00,0,1,不开放/已过期,,雾,20,21,2,0.0,98,43
2026-05-21 21:30:46,2026-05-21,2,乒乓球厅-14号,08:00-09:00,0,1,不开放/已过期,,雾,20,22,1,0.0,99,41
2026-05-21 22:01:02,2026-05-21,2,乒乓球厅-14号,08:00-09:00,0,1,不开放/已过期,,雾,19,20,2,0.0,93,41
2026-05-21 22:30:47,2026-05-21,2,乒乓球厅-14号,08:00-09:00,0,1,不开放/已过期,,雾,19,19,3,0.0,88,46
2026-05-21 23:00:56,2026-05-21,2,乒乓球厅-14号,08:00-09:00,0,1,不开放/已过期,,多云,18,17,3,0.0,85,46
2026-05-21 23:30:55,2026-05-21,2,乒乓球厅-14号,08:00-09:00,0,1,不开放/已过期,,多云,18,17,3,0.0,85,48
2026-05-21 00:30:49,2026-05-21,2,乒乓球厅-14号,09:00-10:00,0,1,可预约,￥5.0,多云,15,13,3,0.0,100,26
2026-05-21 01:00:55,2026-05-21,2,乒乓球厅-14号,09:00-10:00,0,1,可预约,￥5.0,多云,15,12,4,0.0,100,26
2026-05-21 01:30:47,2026-05-21,2,乒乓球厅-14号,09:00-10:00,0,1,可预约,￥5.0,多云,15,13,4,0.0,100,28
2026-05-21 02:00:53,2026-05-21,2,乒乓球厅-14号,09:00-10:00,0,1,可预约,￥5.0,多云,15,12,4,0.0,100,28
2026-05-21 02:30:49,2026-05-21,2,乒乓球厅-14号,09:00-10:00,0,1,可预约,￥5.0,多云,15,14,3,0.0,100,29
2026-05-21 03:00:55,2026-05-21,2,乒乓球厅-14号,09:00-10:00,0,1,可预约,￥5.0,多云,15,12,4,0.0,100,29
2026-05-21 03:30:49,2026-05-21,2,乒乓球厅-14号,09:00-10:00,0,1,可预约,￥5.0,多云,15,14,3,0.0,100,30
2026-05-21 04:30:45,2026-05-21,2,乒乓球厅-14号,09:00-10:00,0,1,可预约,￥5.0,多云,15,12,4,0.0,100,29
2026-05-21 05:00:52,2026-05-21,2,乒乓球厅-14号,09:00-10:00,0,1,可预约,￥5.0,多云,15,12,4,0.0,100,29
2026-05-21 05:30:49,2026-05-21,2,乒乓球厅-14号,09:00-10:00,0,1,可预约,￥5.0,多云,15,13,3,0.0,100,28
2026-05-21 06:00:50,2026-05-21,2,乒乓球厅-14号,09:00-10:00,0,1,可预约,￥5.0,多云,15,13,4,0.0,99,28
2026-05-21 06:30:38,2026-05-21,2,乒乓球厅-14号,09:00-10:00,0,1,可预约,￥5.0,多云,15,13,3,0.0,97,28
2026-05-21 07:00:43,2026-05-21,2,乒乓球厅-14号,09:00-10:00,0,1,可预约,￥5.0,晴,15,11,5,0.0,93,28
2026-05-21 07:30:39,2026-05-21,2,乒乓球厅-14号,09:00-10:00,0,1,可预约,￥5.0,晴,17,13,4,0.0,89,29
2026-05-21 07:50:40,2026-05-21,2,乒乓球厅-14号,09:00-10:00,0,1,可预约,￥5.0,晴,17,13,4,0.0,88,29
2026-05-21 07:53:31,2026-05-21,2,乒乓球厅-14号,09:00-10:00,0,1,可预约,￥5.0,晴,17,12,5,0.0,86,29
2026-05-21 07:56:31,2026-05-21,2,乒乓球厅-14号,09:00-10:00,0,1,可预约,￥5.0,晴,17,12,5,0.0,86,29
2026-05-21 07:59:26,2026-05-21,2,乒乓球厅-14号,09:00-10:00,0,1,可预约,￥5.0,晴,17,12,5,0.0,86,29
2026-05-21 08:00:45,2026-05-21,2,乒乓球厅-14号,09:00-10:00,0,1,可预约,￥5.0,晴,17,12,5,0.0,86,29
2026-05-21 08:02:30,2026-05-21,2,乒乓球厅-14号,09:00-10:00,0,1,可预约,￥5.0,多云,17,12,5,0.0,87,29
2026-05-21 08:05:36,2026-05-21,2,乒乓球厅-14号,09:00-10:00,0,1,可预约,￥5.0,多云,17,12,5,0.0,86,29
2026-05-21 08:08:31,2026-05-21,2,乒乓球厅-14号,09:00-10:00,0,1,可预约,￥5.0,多云,17,12,5,0.0,86,29
2026-05-21 08:11:30,2026-05-21,2,乒乓球厅-14号,09:00-10:00,0,1,可预约,￥5.0,多云,17,12,5,0.0,86,29
2026-05-21 08:14:31,2026-05-21,2,乒乓球厅-14号,09:00-10:00,0,1,可预约,￥5.0,多云,17,12,5,0.0,86,29
2026-05-21 08:17:30,2026-05-21,2,乒乓球厅-14号,09:00-10:00,0,1,可预约,￥5.0,多云,17,12,5,0.0,86,29
2026-05-21 08:20:35,2026-05-21,2,乒乓球厅-14号,09:00-10:00,0,1,可预约,￥5.0,多云,17,14,4,0.0,85,29
2026-05-21 08:25:32,2026-05-21,2,乒乓球厅-14号,09:00-10:00,0,1,可预约,￥5.0,多云,17,14,4,0.0,85,28
2026-05-21 08:30:42,2026-05-21,2,乒乓球厅-14号,09:00-10:00,0,1,可预约,￥5.0,多云,18,15,4,0.0,84,28
2026-05-21 08:35:31,2026-05-21,2,乒乓球厅-14号,09:00-10:00,0,1,可预约,￥5.0,多云,18,15,4,0.0,84,28
2026-05-21 08:40:38,2026-05-21,2,乒乓球厅-14号,09:00-10:00,0,1,可预约,￥5.0,多云,18,15,4,0.0,82,28
2026-05-21 08:45:33,2026-05-21,2,乒乓球厅-14号,09:00-10:00,0,1,可预约,￥5.0,多云,18,15,4,0.0,82,28
2026-05-21 08:50:36,2026-05-21,2,乒乓球厅-14号,09:00-10:00,0,1,可预约,￥5.0,多云,18,15,4,0.0,82,28
2026-05-21 08:55:34,2026-05-21,2,乒乓球厅-14号,09:00-10:00,0,1,可预约,￥5.0,多云,18,15,4,0.0,84,28
2026-05-21 09:00:51,2026-05-21,2,乒乓球厅-14号,09:00-10:00,0,1,可预约,￥5.0,多云,18,15,4,0.0,84,28
2026-05-21 09:01:59,2026-05-21,2,乒乓球厅-14号,09:00-10:00,0,1,可预约,￥5.0,多云,18,15,4,0.0,83,28
2026-05-21 09:05:33,2026-05-21,2,乒乓球厅-14号,09:00-10:00,0,1,可预约,￥5.0,多云,18,15,4,0.0,83,28
2026-05-21 09:20:38,2026-05-21,2,乒乓球厅-14号,09:00-10:00,0,1,可预约,￥5.0,多云,18,16,3,0.0,81,28
2026-05-21 09:30:46,2026-05-21,2,乒乓球厅-14号,09:00-10:00,0,1,可预约,￥5.0,多云,18,16,3,0.0,81,32
2026-05-21 09:40:36,2026-05-21,2,乒乓球厅-14号,09:00-10:00,0,1,可预约,￥5.0,多云,19,17,3,0.0,79,32
2026-05-21 09:50:42,2026-05-21,2,乒乓球厅-14号,09:00-10:00,0,1,可预约,￥5.0,多云,19,17,4,0.0,81,32
2026-05-21 10:00:46,2026-05-21,2,乒乓球厅-14号,09:00-10:00,0,1,不开放/已过期,,多云,19,17,4,0.0,79,32
2026-05-21 10:10:40,2026-05-21,2,乒乓球厅-14号,09:00-10:00,0,1,不开放/已过期,,多云,19,17,4,0.0,79,32
2026-05-21 10:20:38,2026-05-21,2,乒乓球厅-14号,09:00-10:00,0,1,不开放/已过期,,多云,19,17,4,0.0,79,32
2026-05-21 10:30:41,2026-05-21,2,乒乓球厅-14号,09:00-10:00,0,1,不开放/已过期,,多云,19,18,3,0.0,78,31
2026-05-21 11:00:44,2026-05-21,2,乒乓球厅-14号,09:00-10:00,0,1,不开放/已过期,,多云,21,17,5,0.0,74,31
2026-05-21 11:30:38,2026-05-21,2,乒乓球厅-14号,09:00-10:00,0,1,不开放/已过期,,多云,21,19,3,0.0,72,33
2026-05-21 12:00:46,2026-05-21,2,乒乓球厅-14号,09:00-10:00,0,1,不开放/已过期,,多云,22,19,4,0.0,70,33
2026-05-21 12:30:42,2026-05-21,2,乒乓球厅-14号,09:00-10:00,0,1,不开放/已过期,,多云,22,21,3,0.0,68,35
2026-05-21 13:00:43,2026-05-21,2,乒乓球厅-14号,09:00-10:00,0,1,不开放/已过期,,多云,24,22,4,0.0,66,35
2026-05-21 13:30:43,2026-05-21,2,乒乓球厅-14号,09:00-10:00,0,1,不开放/已过期,,多云,24,22,4,0.0,66,36
2026-05-21 14:00:48,2026-05-21,2,乒乓球厅-14号,09:00-10:00,0,1,不开放/已过期,,多云,25,23,4,0.0,66,36
2026-05-21 14:30:45,2026-05-21,2,乒乓球厅-14号,09:00-10:00,0,1,不开放/已过期,,晴,25,25,3,0.0,65,39
2026-05-21 15:00:45,2026-05-21,2,乒乓球厅-14号,09:00-10:00,0,1,不开放/已过期,,晴,25,22,4,0.0,56,39
2026-05-21 15:30:43,2026-05-21,2,乒乓球厅-14号,09:00-10:00,0,1,不开放/已过期,,晴,25,23,4,0.0,57,40
2026-05-21 16:00:51,2026-05-21,2,乒乓球厅-14号,09:00-10:00,0,1,不开放/已过期,,晴,25,23,4,0.0,57,40
2026-05-21 16:30:48,2026-05-21,2,乒乓球厅-14号,09:00-10:00,0,1,不开放/已过期,,晴,25,24,3,0.0,60,39
2026-05-21 17:00:49,2026-05-21,2,乒乓球厅-14号,09:00-10:00,0,1,不开放/已过期,,晴,25,24,4,0.0,61,39
2026-05-21 17:30:47,2026-05-21,2,乒乓球厅-14号,09:00-10:00,0,1,不开放/已过期,,多云,24,23,3,0.0,64,39
2026-05-21 18:00:50,2026-05-21,2,乒乓球厅-14号,09:00-10:00,0,1,不开放/已过期,,多云,24,23,3,0.0,68,39
2026-05-21 18:30:50,2026-05-21,2,乒乓球厅-14号,09:00-10:00,0,1,不开放/已过期,,阴,24,25,2,0.0,68,40
2026-05-21 19:00:50,2026-05-21,2,乒乓球厅-14号,09:00-10:00,0,1,不开放/已过期,,阴,23,23,3,0.0,76,40
2026-05-21 19:30:46,2026-05-21,2,乒乓球厅-14号,09:00-10:00,0,1,不开放/已过期,,阴,23,24,2,0.0,77,39
2026-05-21 20:00:49,2026-05-21,2,乒乓球厅-14号,09:00-10:00,0,1,不开放/已过期,,雾,22,23,2,0.0,89,39
2026-05-21 20:30:44,2026-05-21,2,乒乓球厅-14号,09:00-10:00,0,1,不开放/已过期,,雾,22,24,2,0.0,93,43
2026-05-21 21:00:56,2026-05-21,2,乒乓球厅-14号,09:00-10:00,0,1,不开放/已过期,,雾,20,21,2,0.0,98,43
2026-05-21 21:30:46,2026-05-21,2,乒乓球厅-14号,09:00-10:00,0,1,不开放/已过期,,雾,20,22,1,0.0,99,41
2026-05-21 22:01:02,2026-05-21,2,乒乓球厅-14号,09:00-10:00,0,1,不开放/已过期,,雾,19,20,2,0.0,93,41
2026-05-21 22:30:47,2026-05-21,2,乒乓球厅-14号,09:00-10:00,0,1,不开放/已过期,,雾,19,19,3,0.0,88,46
2026-05-21 23:00:56,2026-05-21,2,乒乓球厅-14号,09:00-10:00,0,1,不开放/已过期,,多云,18,17,3,0.0,85,46
2026-05-21 23:30:55,2026-05-21,2,乒乓球厅-14号,09:00-10:00,0,1,不开放/已过期,,多云,18,17,3,0.0,85,48
2026-05-21 00:30:49,2026-05-21,2,乒乓球厅-14号,10:00-11:00,1,1,已售/已满,教学时间,多云,15,13,3,0.0,100,26
2026-05-21 01:00:55,2026-05-21,2,乒乓球厅-14号,10:00-11:00,1,1,已售/已满,教学时间,多云,15,12,4,0.0,100,26
2026-05-21 01:30:47,2026-05-21,2,乒乓球厅-14号,10:00-11:00,1,1,已售/已满,教学时间,多云,15,13,4,0.0,100,28
2026-05-21 02:00:53,2026-05-21,2,乒乓球厅-14号,10:00-11:00,1,1,已售/已满,教学时间,多云,15,12,4,0.0,100,28
2026-05-21 02:30:49,2026-05-21,2,乒乓球厅-14号,10:00-11:00,1,1,已售/已满,教学时间,多云,15,14,3,0.0,100,29
2026-05-21 03:00:55,2026-05-21,2,乒乓球厅-14号,10:00-11:00,1,1,已售/已满,教学时间,多云,15,12,4,0.0,100,29
2026-05-21 03:30:49,2026-05-21,2,乒乓球厅-14号,10:00-11:00,1,1,已售/已满,教学时间,多云,15,14,3,0.0,100,30
2026-05-21 04:30:45,2026-05-21,2,乒乓球厅-14号,10:00-11:00,1,1,已售/已满,教学时间,多云,15,12,4,0.0,100,29
2026-05-21 05:00:52,2026-05-21,2,乒乓球厅-14号,10:00-11:00,1,1,已售/已满,教学时间,多云,15,12,4,0.0,100,29
2026-05-21 05:30:49,2026-05-21,2,乒乓球厅-14号,10:00-11:00,1,1,已售/已满,教学时间,多云,15,13,3,0.0,100,28
2026-05-21 06:00:50,2026-05-21,2,乒乓球厅-14号,10:00-11:00,1,1,已售/已满,教学时间,多云,15,13,4,0.0,99,28
2026-05-21 06:30:38,2026-05-21,2,乒乓球厅-14号,10:00-11:00,1,1,已售/已满,教学时间,多云,15,13,3,0.0,97,28
2026-05-21 07:00:43,2026-05-21,2,乒乓球厅-14号,10:00-11:00,1,1,已售/已满,教学时间,晴,15,11,5,0.0,93,28
2026-05-21 07:30:39,2026-05-21,2,乒乓球厅-14号,10:00-11:00,1,1,已售/已满,教学时间,晴,17,13,4,0.0,89,29
2026-05-21 07:50:40,2026-05-21,2,乒乓球厅-14号,10:00-11:00,1,1,已售/已满,教学时间,晴,17,13,4,0.0,88,29
2026-05-21 07:53:31,2026-05-21,2,乒乓球厅-14号,10:00-11:00,1,1,已售/已满,教学时间,晴,17,12,5,0.0,86,29
2026-05-21 07:56:31,2026-05-21,2,乒乓球厅-14号,10:00-11:00,1,1,已售/已满,教学时间,晴,17,12,5,0.0,86,29
2026-05-21 07:59:26,2026-05-21,2,乒乓球厅-14号,10:00-11:00,1,1,已售/已满,教学时间,晴,17,12,5,0.0,86,29
2026-05-21 08:00:45,2026-05-21,2,乒乓球厅-14号,10:00-11:00,1,1,已售/已满,教学时间,晴,17,12,5,0.0,86,29
2026-05-21 08:02:30,2026-05-21,2,乒乓球厅-14号,10:00-11:00,1,1,已售/已满,教学时间,多云,17,12,5,0.0,87,29
2026-05-21 08:05:36,2026-05-21,2,乒乓球厅-14号,10:00-11:00,1,1,已售/已满,教学时间,多云,17,12,5,0.0,86,29
2026-05-21 08:08:31,2026-05-21,2,乒乓球厅-14号,10:00-11:00,1,1,已售/已满,教学时间,多云,17,12,5,0.0,86,29
2026-05-21 08:11:30,2026-05-21,2,乒乓球厅-14号,10:00-11:00,1,1,已售/已满,教学时间,多云,17,12,5,0.0,86,29
2026-05-21 08:14:31,2026-05-21,2,乒乓球厅-14号,10:00-11:00,1,1,已售/已满,教学时间,多云,17,12,5,0.0,86,29
2026-05-21 08:17:30,2026-05-21,2,乒乓球厅-14号,10:00-11:00,1,1,已售/已满,教学时间,多云,17,12,5,0.0,86,29
2026-05-21 08:20:35,2026-05-21,2,乒乓球厅-14号,10:00-11:00,1,1,已售/已满,教学时间,多云,17,14,4,0.0,85,29
2026-05-21 08:25:32,2026-05-21,2,乒乓球厅-14号,10:00-11:00,1,1,已售/已满,教学时间,多云,17,14,4,0.0,85,28
2026-05-21 08:30:42,2026-05-21,2,乒乓球厅-14号,10:00-11:00,1,1,已售/已满,教学时间,多云,18,15,4,0.0,84,28
2026-05-21 08:35:31,2026-05-21,2,乒乓球厅-14号,10:00-11:00,1,1,已售/已满,教学时间,多云,18,15,4,0.0,84,28
2026-05-21 08:40:38,2026-05-21,2,乒乓球厅-14号,10:00-11:00,1,1,已售/已满,教学时间,多云,18,15,4,0.0,82,28
2026-05-21 08:45:33,2026-05-21,2,乒乓球厅-14号,10:00-11:00,1,1,已售/已满,教学时间,多云,18,15,4,0.0,82,28
2026-05-21 08:50:36,2026-05-21,2,乒乓球厅-14号,10:00-11:00,1,1,已售/已满,教学时间,多云,18,15,4,0.0,82,28
2026-05-21 08:55:34,2026-05-21,2,乒乓球厅-14号,10:00-11:00,1,1,已售/已满,教学时间,多云,18,15,4,0.0,84,28
2026-05-21 09:00:51,2026-05-21,2,乒乓球厅-14号,10:00-11:00,1,1,已售/已满,教学时间,多云,18,15,4,0.0,84,28
2026-05-21 09:01:59,2026-05-21,2,乒乓球厅-14号,10:00-11:00,1,1,已售/已满,教学时间,多云,18,15,4,0.0,83,28
2026-05-21 09:05:33,2026-05-21,2,乒乓球厅-14号,10:00-11:00,1,1,已售/已满,教学时间,多云,18,15,4,0.0,83,28
2026-05-21 09:20:38,2026-05-21,2,乒乓球厅-14号,10:00-11:00,1,1,已售/已满,教学时间,多云,18,16,3,0.0,81,28
2026-05-21 09:30:46,2026-05-21,2,乒乓球厅-14号,10:00-11:00,1,1,已售/已满,教学时间,多云,18,16,3,0.0,81,32
2026-05-21 09:40:36,2026-05-21,2,乒乓球厅-14号,10:00-11:00,1,1,已售/已满,教学时间,多云,19,17,3,0.0,79,32
2026-05-21 09:50:42,2026-05-21,2,乒乓球厅-14号,10:00-11:00,1,1,已售/已满,教学时间,多云,19,17,4,0.0,81,32
2026-05-21 10:00:46,2026-05-21,2,乒乓球厅-14号,10:00-11:00,1,1,已售/已满,教学时间,多云,19,17,4,0.0,79,32
2026-05-21 10:10:40,2026-05-21,2,乒乓球厅-14号,10:00-11:00,1,1,已售/已满,教学时间,多云,19,17,4,0.0,79,32
2026-05-21 10:20:38,2026-05-21,2,乒乓球厅-14号,10:00-11:00,1,1,已售/已满,教学时间,多云,19,17,4,0.0,79,32
2026-05-21 10:30:41,2026-05-21,2,乒乓球厅-14号,10:00-11:00,1,1,已售/已满,教学时间,多云,19,18,3,0.0,78,31
2026-05-21 11:00:44,2026-05-21,2,乒乓球厅-14号,10:00-11:00,1,1,已售/已满,教学时间,多云,21,17,5,0.0,74,31
2026-05-21 11:30:38,2026-05-21,2,乒乓球厅-14号,10:00-11:00,1,1,已售/已满,教学时间,多云,21,19,3,0.0,72,33
2026-05-21 12:00:46,2026-05-21,2,乒乓球厅-14号,10:00-11:00,1,1,已售/已满,教学时间,多云,22,19,4,0.0,70,33
2026-05-21 12:30:42,2026-05-21,2,乒乓球厅-14号,10:00-11:00,1,1,已售/已满,教学时间,多云,22,21,3,0.0,68,35
2026-05-21 13:00:43,2026-05-21,2,乒乓球厅-14号,10:00-11:00,1,1,已售/已满,教学时间,多云,24,22,4,0.0,66,35
2026-05-21 13:30:43,2026-05-21,2,乒乓球厅-14号,10:00-11:00,1,1,已售/已满,教学时间,多云,24,22,4,0.0,66,36
2026-05-21 14:00:48,2026-05-21,2,乒乓球厅-14号,10:00-11:00,1,1,已售/已满,教学时间,多云,25,23,4,0.0,66,36
2026-05-21 14:30:45,2026-05-21,2,乒乓球厅-14号,10:00-11:00,1,1,已售/已满,教学时间,晴,25,25,3,0.0,65,39
2026-05-21 15:00:45,2026-05-21,2,乒乓球厅-14号,10:00-11:00,1,1,已售/已满,教学时间,晴,25,22,4,0.0,56,39
2026-05-21 15:30:43,2026-05-21,2,乒乓球厅-14号,10:00-11:00,1,1,已售/已满,教学时间,晴,25,23,4,0.0,57,40
2026-05-21 16:00:51,2026-05-21,2,乒乓球厅-14号,10:00-11:00,1,1,已售/已满,教学时间,晴,25,23,4,0.0,57,40
2026-05-21 16:30:48,2026-05-21,2,乒乓球厅-14号,10:00-11:00,1,1,已售/已满,教学时间,晴,25,24,3,0.0,60,39
2026-05-21 17:00:49,2026-05-21,2,乒乓球厅-14号,10:00-11:00,1,1,已售/已满,教学时间,晴,25,24,4,0.0,61,39
2026-05-21 17:30:47,2026-05-21,2,乒乓球厅-14号,10:00-11:00,1,1,已售/已满,教学时间,多云,24,23,3,0.0,64,39
2026-05-21 18:00:50,2026-05-21,2,乒乓球厅-14号,10:00-11:00,1,1,已售/已满,教学时间,多云,24,23,3,0.0,68,39
2026-05-21 18:30:50,2026-05-21,2,乒乓球厅-14号,10:00-11:00,1,1,已售/已满,教学时间,阴,24,25,2,0.0,68,40
2026-05-21 19:00:50,2026-05-21,2,乒乓球厅-14号,10:00-11:00,1,1,已售/已满,教学时间,阴,23,23,3,0.0,76,40
2026-05-21 19:30:46,2026-05-21,2,乒乓球厅-14号,10:00-11:00,1,1,已售/已满,教学时间,阴,23,24,2,0.0,77,39
2026-05-21 20:00:49,2026-05-21,2,乒乓球厅-14号,10:00-11:00,1,1,已售/已满,教学时间,雾,22,23,2,0.0,89,39
2026-05-21 20:30:44,2026-05-21,2,乒乓球厅-14号,10:00-11:00,1,1,已售/已满,教学时间,雾,22,24,2,0.0,93,43
2026-05-21 21:00:56,2026-05-21,2,乒乓球厅-14号,10:00-11:00,1,1,已售/已满,教学时间,雾,20,21,2,0.0,98,43
2026-05-21 21:30:46,2026-05-21,2,乒乓球厅-14号,10:00-11:00,1,1,已售/已满,教学时间,雾,20,22,1,0.0,99,41
2026-05-21 22:01:02,2026-05-21,2,乒乓球厅-14号,10:00-11:00,1,1,已售/已满,教学时间,雾,19,20,2,0.0,93,41
2026-05-21 22:30:47,2026-05-21,2,乒乓球厅-14号,10:00-11:00,1,1,已售/已满,教学时间,雾,19,19,3,0.0,88,46
2026-05-21 23:00:56,2026-05-21,2,乒乓球厅-14号,10:00-11:00,1,1,已售/已满,教学时间,多云,18,17,3,0.0,85,46
2026-05-21 23:30:55,2026-05-21,2,乒乓球厅-14号,10:00-11:00,1,1,已售/已满,教学时间,多云,18,17,3,0.0,85,48
2026-05-21 00:30:49,2026-05-21,2,乒乓球厅-14号,11:00-12:00,1,1,已售/已满,教学时间,多云,15,13,3,0.0,100,26
2026-05-21 01:00:55,2026-05-21,2,乒乓球厅-14号,11:00-12:00,1,1,已售/已满,教学时间,多云,15,12,4,0.0,100,26
2026-05-21 01:30:47,2026-05-21,2,乒乓球厅-14号,11:00-12:00,1,1,已售/已满,教学时间,多云,15,13,4,0.0,100,28
2026-05-21 02:00:53,2026-05-21,2,乒乓球厅-14号,11:00-12:00,1,1,已售/已满,教学时间,多云,15,12,4,0.0,100,28
2026-05-21 02:30:49,2026-05-21,2,乒乓球厅-14号,11:00-12:00,1,1,已售/已满,教学时间,多云,15,14,3,0.0,100,29
2026-05-21 03:00:55,2026-05-21,2,乒乓球厅-14号,11:00-12:00,1,1,已售/已满,教学时间,多云,15,12,4,0.0,100,29
2026-05-21 03:30:49,2026-05-21,2,乒乓球厅-14号,11:00-12:00,1,1,已售/已满,教学时间,多云,15,14,3,0.0,100,30
2026-05-21 04:30:45,2026-05-21,2,乒乓球厅-14号,11:00-12:00,1,1,已售/已满,教学时间,多云,15,12,4,0.0,100,29
2026-05-21 05:00:52,2026-05-21,2,乒乓球厅-14号,11:00-12:00,1,1,已售/已满,教学时间,多云,15,12,4,0.0,100,29
2026-05-21 05:30:49,2026-05-21,2,乒乓球厅-14号,11:00-12:00,1,1,已售/已满,教学时间,多云,15,13,3,0.0,100,28
2026-05-21 06:00:50,2026-05-21,2,乒乓球厅-14号,11:00-12:00,1,1,已售/已满,教学时间,多云,15,13,4,0.0,99,28
2026-05-21 06:30:38,2026-05-21,2,乒乓球厅-14号,11:00-12:00,1,1,已售/已满,教学时间,多云,15,13,3,0.0,97,28
2026-05-21 07:00:43,2026-05-21,2,乒乓球厅-14号,11:00-12:00,1,1,已售/已满,教学时间,晴,15,11,5,0.0,93,28
2026-05-21 07:30:39,2026-05-21,2,乒乓球厅-14号,11:00-12:00,1,1,已售/已满,教学时间,晴,17,13,4,0.0,89,29
2026-05-21 07:50:40,2026-05-21,2,乒乓球厅-14号,11:00-12:00,1,1,已售/已满,教学时间,晴,17,13,4,0.0,88,29
2026-05-21 07:53:31,2026-05-21,2,乒乓球厅-14号,11:00-12:00,1,1,已售/已满,教学时间,晴,17,12,5,0.0,86,29
2026-05-21 07:56:31,2026-05-21,2,乒乓球厅-14号,11:00-12:00,1,1,已售/已满,教学时间,晴,17,12,5,0.0,86,29
2026-05-21 07:59:26,2026-05-21,2,乒乓球厅-14号,11:00-12:00,1,1,已售/已满,教学时间,晴,17,12,5,0.0,86,29
2026-05-21 08:00:45,2026-05-21,2,乒乓球厅-14号,11:00-12:00,1,1,已售/已满,教学时间,晴,17,12,5,0.0,86,29
2026-05-21 08:02:30,2026-05-21,2,乒乓球厅-14号,11:00-12:00,1,1,已售/已满,教学时间,多云,17,12,5,0.0,87,29
2026-05-21 08:05:36,2026-05-21,2,乒乓球厅-14号,11:00-12:00,1,1,已售/已满,教学时间,多云,17,12,5,0.0,86,29
2026-05-21 08:08:31,2026-05-21,2,乒乓球厅-14号,11:00-12:00,1,1,已售/已满,教学时间,多云,17,12,5,0.0,86,29
2026-05-21 08:11:30,2026-05-21,2,乒乓球厅-14号,11:00-12:00,1,1,已售/已满,教学时间,多云,17,12,5,0.0,86,29
2026-05-21 08:14:31,2026-05-21,2,乒乓球厅-14号,11:00-12:00,1,1,已售/已满,教学时间,多云,17,12,5,0.0,86,29
2026-05-21 08:17:30,2026-05-21,2,乒乓球厅-14号,11:00-12:00,1,1,已售/已满,教学时间,多云,17,12,5,0.0,86,29
2026-05-21 08:20:35,2026-05-21,2,乒乓球厅-14号,11:00-12:00,1,1,已售/已满,教学时间,多云,17,14,4,0.0,85,29
2026-05-21 08:25:32,2026-05-21,2,乒乓球厅-14号,11:00-12:00,1,1,已售/已满,教学时间,多云,17,14,4,0.0,85,28
2026-05-21 08:30:42,2026-05-21,2,乒乓球厅-14号,11:00-12:00,1,1,已售/已满,教学时间,多云,18,15,4,0.0,84,28
2026-05-21 08:35:31,2026-05-21,2,乒乓球厅-14号,11:00-12:00,1,1,已售/已满,教学时间,多云,18,15,4,0.0,84,28
2026-05-21 08:40:38,2026-05-21,2,乒乓球厅-14号,11:00-12:00,1,1,已售/已满,教学时间,多云,18,15,4,0.0,82,28
2026-05-21 08:45:33,2026-05-21,2,乒乓球厅-14号,11:00-12:00,1,1,已售/已满,教学时间,多云,18,15,4,0.0,82,28
2026-05-21 08:50:36,2026-05-21,2,乒乓球厅-14号,11:00-12:00,1,1,已售/已满,教学时间,多云,18,15,4,0.0,82,28
2026-05-21 08:55:34,2026-05-21,2,乒乓球厅-14号,11:00-12:00,1,1,已售/已满,教学时间,多云,18,15,4,0.0,84,28
2026-05-21 09:00:51,2026-05-21,2,乒乓球厅-14号,11:00-12:00,1,1,已售/已满,教学时间,多云,18,15,4,0.0,84,28
2026-05-21 09:01:59,2026-05-21,2,乒乓球厅-14号,11:00-12:00,1,1,已售/已满,教学时间,多云,18,15,4,0.0,83,28
2026-05-21 09:05:33,2026-05-21,2,乒乓球厅-14号,11:00-12:00,1,1,已售/已满,教学时间,多云,18,15,4,0.0,83,28
2026-05-21 09:20:38,2026-05-21,2,乒乓球厅-14号,11:00-12:00,1,1,已售/已满,教学时间,多云,18,16,3,0.0,81,28
2026-05-21 09:30:46,2026-05-21,2,乒乓球厅-14号,11:00-12:00,1,1,已售/已满,教学时间,多云,18,16,3,0.0,81,32
2026-05-21 09:40:36,2026-05-21,2,乒乓球厅-14号,11:00-12:00,1,1,已售/已满,教学时间,多云,19,17,3,0.0,79,32
2026-05-21 09:50:42,2026-05-21,2,乒乓球厅-14号,11:00-12:00,1,1,已售/已满,教学时间,多云,19,17,4,0.0,81,32
2026-05-21 10:00:46,2026-05-21,2,乒乓球厅-14号,11:00-12:00,1,1,已售/已满,教学时间,多云,19,17,4,0.0,79,32
2026-05-21 10:10:40,2026-05-21,2,乒乓球厅-14号,11:00-12:00,1,1,已售/已满,教学时间,多云,19,17,4,0.0,79,32
2026-05-21 10:20:38,2026-05-21,2,乒乓球厅-14号,11:00-12:00,1,1,已售/已满,教学时间,多云,19,17,4,0.0,79,32
2026-05-21 10:30:41,2026-05-21,2,乒乓球厅-14号,11:00-12:00,1,1,已售/已满,教学时间,多云,19,18,3,0.0,78,31
2026-05-21 11:00:44,2026-05-21,2,乒乓球厅-14号,11:00-12:00,1,1,已售/已满,教学时间,多云,21,17,5,0.0,74,31
2026-05-21 11:30:38,2026-05-21,2,乒乓球厅-14号,11:00-12:00,1,1,已售/已满,教学时间,多云,21,19,3,0.0,72,33
2026-05-21 12:00:46,2026-05-21,2,乒乓球厅-14号,11:00-12:00,1,1,已售/已满,教学时间,多云,22,19,4,0.0,70,33
2026-05-21 12:30:42,2026-05-21,2,乒乓球厅-14号,11:00-12:00,1,1,已售/已满,教学时间,多云,22,21,3,0.0,68,35
2026-05-21 13:00:43,2026-05-21,2,乒乓球厅-14号,11:00-12:00,1,1,已售/已满,教学时间,多云,24,22,4,0.0,66,35
2026-05-21 13:30:43,2026-05-21,2,乒乓球厅-14号,11:00-12:00,1,1,已售/已满,教学时间,多云,24,22,4,0.0,66,36
2026-05-21 14:00:48,2026-05-21,2,乒乓球厅-14号,11:00-12:00,1,1,已售/已满,教学时间,多云,25,23,4,0.0,66,36
2026-05-21 14:30:45,2026-05-21,2,乒乓球厅-14号,11:00-12:00,1,1,已售/已满,教学时间,晴,25,25,3,0.0,65,39
2026-05-21 15:00:45,2026-05-21,2,乒乓球厅-14号,11:00-12:00,1,1,已售/已满,教学时间,晴,25,22,4,0.0,56,39
2026-05-21 15:30:43,2026-05-21,2,乒乓球厅-14号,11:00-12:00,1,1,已售/已满,教学时间,晴,25,23,4,0.0,57,40
2026-05-21 16:00:51,2026-05-21,2,乒乓球厅-14号,11:00-12:00,1,1,已售/已满,教学时间,晴,25,23,4,0.0,57,40
2026-05-21 16:30:48,2026-05-21,2,乒乓球厅-14号,11:00-12:00,1,1,已售/已满,教学时间,晴,25,24,3,0.0,60,39
2026-05-21 17:00:49,2026-05-21,2,乒乓球厅-14号,11:00-12:00,1,1,已售/已满,教学时间,晴,25,24,4,0.0,61,39
2026-05-21 17:30:47,2026-05-21,2,乒乓球厅-14号,11:00-12:00,1,1,已售/已满,教学时间,多云,24,23,3,0.0,64,39
2026-05-21 18:00:50,2026-05-21,2,乒乓球厅-14号,11:00-12:00,1,1,已售/已满,教学时间,多云,24,23,3,0.0,68,39
2026-05-21 18:30:50,2026-05-21,2,乒乓球厅-14号,11:00-12:00,1,1,已售/已满,教学时间,阴,24,25,2,0.0,68,40
2026-05-21 19:00:50,2026-05-21,2,乒乓球厅-14号,11:00-12:00,1,1,已售/已满,教学时间,阴,23,23,3,0.0,76,40
2026-05-21 19:30:46,2026-05-21,2,乒乓球厅-14号,11:00-12:00,1,1,已售/已满,教学时间,阴,23,24,2,0.0,77,39
2026-05-21 20:00:49,2026-05-21,2,乒乓球厅-14号,11:00-12:00,1,1,已售/已满,教学时间,雾,22,23,2,0.0,89,39
2026-05-21 20:30:44,2026-05-21,2,乒乓球厅-14号,11:00-12:00,1,1,已售/已满,教学时间,雾,22,24,2,0.0,93,43
2026-05-21 21:00:56,2026-05-21,2,乒乓球厅-14号,11:00-12:00,1,1,已售/已满,教学时间,雾,20,21,2,0.0,98,43
2026-05-21 21:30:46,2026-05-21,2,乒乓球厅-14号,11:00-12:00,1,1,已售/已满,教学时间,雾,20,22,1,0.0,99,41
2026-05-21 22:01:02,2026-05-21,2,乒乓球厅-14号,11:00-12:00,1,1,已售/已满,教学时间,雾,19,20,2,0.0,93,41
2026-05-21 22:30:47,2026-05-21,2,乒乓球厅-14号,11:00-12:00,1,1,已售/已满,教学时间,雾,19,19,3,0.0,88,46
2026-05-21 23:00:56,2026-05-21,2,乒乓球厅-14号,11:00-12:00,1,1,已售/已满,教学时间,多云,18,17,3,0.0,85,46
2026-05-21 23:30:55,2026-05-21,2,乒乓球厅-14号,11:00-12:00,1,1,已售/已满,教学时间,多云,18,17,3,0.0,85,48
2026-05-21 00:30:49,2026-05-21,2,乒乓球厅-14号,12:00-12:55,0,1,可预约,￥0.0,多云,15,13,3,0.0,100,26
2026-05-21 01:00:55,2026-05-21,2,乒乓球厅-14号,12:00-12:55,0,1,可预约,￥0.0,多云,15,12,4,0.0,100,26
2026-05-21 01:30:47,2026-05-21,2,乒乓球厅-14号,12:00-12:55,0,1,可预约,￥0.0,多云,15,13,4,0.0,100,28
2026-05-21 02:00:53,2026-05-21,2,乒乓球厅-14号,12:00-12:55,0,1,可预约,￥0.0,多云,15,12,4,0.0,100,28
2026-05-21 02:30:49,2026-05-21,2,乒乓球厅-14号,12:00-12:55,0,1,可预约,￥0.0,多云,15,14,3,0.0,100,29
2026-05-21 03:00:55,2026-05-21,2,乒乓球厅-14号,12:00-12:55,0,1,可预约,￥0.0,多云,15,12,4,0.0,100,29
2026-05-21 03:30:49,2026-05-21,2,乒乓球厅-14号,12:00-12:55,0,1,可预约,￥0.0,多云,15,14,3,0.0,100,30
2026-05-21 04:30:45,2026-05-21,2,乒乓球厅-14号,12:00-12:55,0,1,可预约,￥0.0,多云,15,12,4,0.0,100,29
2026-05-21 05:00:52,2026-05-21,2,乒乓球厅-14号,12:00-12:55,0,1,可预约,￥0.0,多云,15,12,4,0.0,100,29
2026-05-21 05:30:49,2026-05-21,2,乒乓球厅-14号,12:00-12:55,0,1,可预约,￥0.0,多云,15,13,3,0.0,100,28
2026-05-21 06:00:50,2026-05-21,2,乒乓球厅-14号,12:00-12:55,0,1,可预约,￥0.0,多云,15,13,4,0.0,99,28
2026-05-21 06:30:38,2026-05-21,2,乒乓球厅-14号,12:00-12:55,0,1,可预约,￥0.0,多云,15,13,3,0.0,97,28
2026-05-21 07:00:43,2026-05-21,2,乒乓球厅-14号,12:00-12:55,0,1,可预约,￥0.0,晴,15,11,5,0.0,93,28
2026-05-21 07:30:39,2026-05-21,2,乒乓球厅-14号,12:00-12:55,0,1,可预约,￥0.0,晴,17,13,4,0.0,89,29
2026-05-21 07:50:40,2026-05-21,2,乒乓球厅-14号,12:00-12:55,0,1,可预约,￥0.0,晴,17,13,4,0.0,88,29
2026-05-21 07:53:31,2026-05-21,2,乒乓球厅-14号,12:00-12:55,0,1,可预约,￥0.0,晴,17,12,5,0.0,86,29
2026-05-21 07:56:31,2026-05-21,2,乒乓球厅-14号,12:00-12:55,0,1,可预约,￥0.0,晴,17,12,5,0.0,86,29
2026-05-21 07:59:26,2026-05-21,2,乒乓球厅-14号,12:00-12:55,0,1,可预约,￥0.0,晴,17,12,5,0.0,86,29
2026-05-21 08:00:45,2026-05-21,2,乒乓球厅-14号,12:00-12:55,0,1,可预约,￥0.0,晴,17,12,5,0.0,86,29
2026-05-21 08:02:30,2026-05-21,2,乒乓球厅-14号,12:00-12:55,0,1,可预约,￥0.0,多云,17,12,5,0.0,87,29
2026-05-21 08:05:36,2026-05-21,2,乒乓球厅-14号,12:00-12:55,0,1,可预约,￥0.0,多云,17,12,5,0.0,86,29
2026-05-21 08:08:31,2026-05-21,2,乒乓球厅-14号,12:00-12:55,0,1,可预约,￥0.0,多云,17,12,5,0.0,86,29
2026-05-21 08:11:30,2026-05-21,2,乒乓球厅-14号,12:00-12:55,0,1,可预约,￥0.0,多云,17,12,5,0.0,86,29
2026-05-21 08:14:31,2026-05-21,2,乒乓球厅-14号,12:00-12:55,0,1,可预约,￥0.0,多云,17,12,5,0.0,86,29
2026-05-21 08:17:30,2026-05-21,2,乒乓球厅-14号,12:00-12:55,0,1,可预约,￥0.0,多云,17,12,5,0.0,86,29
2026-05-21 08:20:35,2026-05-21,2,乒乓球厅-14号,12:00-12:55,0,1,可预约,￥0.0,多云,17,14,4,0.0,85,29
2026-05-21 08:25:32,2026-05-21,2,乒乓球厅-14号,12:00-12:55,0,1,可预约,￥0.0,多云,17,14,4,0.0,85,28
2026-05-21 08:30:42,2026-05-21,2,乒乓球厅-14号,12:00-12:55,0,1,可预约,￥0.0,多云,18,15,4,0.0,84,28
2026-05-21 08:35:31,2026-05-21,2,乒乓球厅-14号,12:00-12:55,0,1,可预约,￥0.0,多云,18,15,4,0.0,84,28
2026-05-21 08:40:38,2026-05-21,2,乒乓球厅-14号,12:00-12:55,0,1,可预约,￥0.0,多云,18,15,4,0.0,82,28
2026-05-21 08:45:33,2026-05-21,2,乒乓球厅-14号,12:00-12:55,0,1,可预约,￥0.0,多云,18,15,4,0.0,82,28
2026-05-21 08:50:36,2026-05-21,2,乒乓球厅-14号,12:00-12:55,0,1,可预约,￥0.0,多云,18,15,4,0.0,82,28
2026-05-21 08:55:34,2026-05-21,2,乒乓球厅-14号,12:00-12:55,0,1,可预约,￥0.0,多云,18,15,4,0.0,84,28
2026-05-21 09:00:51,2026-05-21,2,乒乓球厅-14号,12:00-12:55,0,1,可预约,￥0.0,多云,18,15,4,0.0,84,28
2026-05-21 09:01:59,2026-05-21,2,乒乓球厅-14号,12:00-12:55,0,1,可预约,￥0.0,多云,18,15,4,0.0,83,28
2026-05-21 09:05:33,2026-05-21,2,乒乓球厅-14号,12:00-12:55,0,1,可预约,￥0.0,多云,18,15,4,0.0,83,28
2026-05-21 09:20:38,2026-05-21,2,乒乓球厅-14号,12:00-12:55,0,1,可预约,￥0.0,多云,18,16,3,0.0,81,28
2026-05-21 09:30:46,2026-05-21,2,乒乓球厅-14号,12:00-12:55,0,1,可预约,￥0.0,多云,18,16,3,0.0,81,32
2026-05-21 09:40:36,2026-05-21,2,乒乓球厅-14号,12:00-12:55,0,1,可预约,￥0.0,多云,19,17,3,0.0,79,32
2026-05-21 09:50:42,2026-05-21,2,乒乓球厅-14号,12:00-12:55,0,1,可预约,￥0.0,多云,19,17,4,0.0,81,32
2026-05-21 10:00:46,2026-05-21,2,乒乓球厅-14号,12:00-12:55,0,1,可预约,￥0.0,多云,19,17,4,0.0,79,32
2026-05-21 10:10:40,2026-05-21,2,乒乓球厅-14号,12:00-12:55,0,1,可预约,￥0.0,多云,19,17,4,0.0,79,32
2026-05-21 10:20:38,2026-05-21,2,乒乓球厅-14号,12:00-12:55,0,1,可预约,￥0.0,多云,19,17,4,0.0,79,32
2026-05-21 10:30:41,2026-05-21,2,乒乓球厅-14号,12:00-12:55,0,1,可预约,￥0.0,多云,19,18,3,0.0,78,31
2026-05-21 11:00:44,2026-05-21,2,乒乓球厅-14号,12:00-12:55,0,1,可预约,￥0.0,多云,21,17,5,0.0,74,31
2026-05-21 11:30:38,2026-05-21,2,乒乓球厅-14号,12:00-12:55,0,1,可预约,￥0.0,多云,21,19,3,0.0,72,33
2026-05-21 12:00:46,2026-05-21,2,乒乓球厅-14号,12:00-12:55,0,1,可预约,￥0.0,多云,22,19,4,0.0,70,33
2026-05-21 12:30:42,2026-05-21,2,乒乓球厅-14号,12:00-12:55,0,1,可预约,￥0.0,多云,22,21,3,0.0,68,35
2026-05-21 13:00:43,2026-05-21,2,乒乓球厅-14号,12:00-12:55,0,1,不开放/已过期,,多云,24,22,4,0.0,66,35
2026-05-21 13:30:43,2026-05-21,2,乒乓球厅-14号,12:00-12:55,0,1,不开放/已过期,,多云,24,22,4,0.0,66,36
2026-05-21 14:00:48,2026-05-21,2,乒乓球厅-14号,12:00-12:55,0,1,不开放/已过期,,多云,25,23,4,0.0,66,36
2026-05-21 14:30:45,2026-05-21,2,乒乓球厅-14号,12:00-12:55,0,1,不开放/已过期,,晴,25,25,3,0.0,65,39
2026-05-21 15:00:45,2026-05-21,2,乒乓球厅-14号,12:00-12:55,0,1,不开放/已过期,,晴,25,22,4,0.0,56,39
2026-05-21 15:30:43,2026-05-21,2,乒乓球厅-14号,12:00-12:55,0,1,不开放/已过期,,晴,25,23,4,0.0,57,40
2026-05-21 16:00:51,2026-05-21,2,乒乓球厅-14号,12:00-12:55,0,1,不开放/已过期,,晴,25,23,4,0.0,57,40
2026-05-21 16:30:48,2026-05-21,2,乒乓球厅-14号,12:00-12:55,0,1,不开放/已过期,,晴,25,24,3,0.0,60,39
2026-05-21 17:00:49,2026-05-21,2,乒乓球厅-14号,12:00-12:55,0,1,不开放/已过期,,晴,25,24,4,0.0,61,39
2026-05-21 17:30:47,2026-05-21,2,乒乓球厅-14号,12:00-12:55,0,1,不开放/已过期,,多云,24,23,3,0.0,64,39
2026-05-21 18:00:50,2026-05-21,2,乒乓球厅-14号,12:00-12:55,0,1,不开放/已过期,,多云,24,23,3,0.0,68,39
2026-05-21 18:30:50,2026-05-21,2,乒乓球厅-14号,12:00-12:55,0,1,不开放/已过期,,阴,24,25,2,0.0,68,40
2026-05-21 19:00:50,2026-05-21,2,乒乓球厅-14号,12:00-12:55,0,1,不开放/已过期,,阴,23,23,3,0.0,76,40
2026-05-21 19:30:46,2026-05-21,2,乒乓球厅-14号,12:00-12:55,0,1,不开放/已过期,,阴,23,24,2,0.0,77,39
2026-05-21 20:00:49,2026-05-21,2,乒乓球厅-14号,12:00-12:55,0,1,不开放/已过期,,雾,22,23,2,0.0,89,39
2026-05-21 20:30:44,2026-05-21,2,乒乓球厅-14号,12:00-12:55,0,1,不开放/已过期,,雾,22,24,2,0.0,93,43
2026-05-21 21:00:56,2026-05-21,2,乒乓球厅-14号,12:00-12:55,0,1,不开放/已过期,,雾,20,21,2,0.0,98,43
2026-05-21 21:30:46,2026-05-21,2,乒乓球厅-14号,12:00-12:55,0,1,不开放/已过期,,雾,20,22,1,0.0,99,41
2026-05-21 22:01:02,2026-05-21,2,乒乓球厅-14号,12:00-12:55,0,1,不开放/已过期,,雾,19,20,2,0.0,93,41
2026-05-21 22:30:47,2026-05-21,2,乒乓球厅-14号,12:00-12:55,0,1,不开放/已过期,,雾,19,19,3,0.0,88,46
2026-05-21 23:00:56,2026-05-21,2,乒乓球厅-14号,12:00-12:55,0,1,不开放/已过期,,多云,18,17,3,0.0,85,46
2026-05-21 23:30:55,2026-05-21,2,乒乓球厅-14号,12:00-12:55,0,1,不开放/已过期,,多云,18,17,3,0.0,85,48
2026-05-21 00:30:49,2026-05-21,2,乒乓球厅-14号,12:55-13:50,0,1,可预约,￥0.0,多云,15,13,3,0.0,100,26
2026-05-21 01:00:55,2026-05-21,2,乒乓球厅-14号,12:55-13:50,0,1,可预约,￥0.0,多云,15,12,4,0.0,100,26
2026-05-21 01:30:47,2026-05-21,2,乒乓球厅-14号,12:55-13:50,0,1,可预约,￥0.0,多云,15,13,4,0.0,100,28
2026-05-21 02:00:53,2026-05-21,2,乒乓球厅-14号,12:55-13:50,0,1,可预约,￥0.0,多云,15,12,4,0.0,100,28
2026-05-21 02:30:49,2026-05-21,2,乒乓球厅-14号,12:55-13:50,0,1,可预约,￥0.0,多云,15,14,3,0.0,100,29
2026-05-21 03:00:55,2026-05-21,2,乒乓球厅-14号,12:55-13:50,0,1,可预约,￥0.0,多云,15,12,4,0.0,100,29
2026-05-21 03:30:49,2026-05-21,2,乒乓球厅-14号,12:55-13:50,0,1,可预约,￥0.0,多云,15,14,3,0.0,100,30
2026-05-21 04:30:45,2026-05-21,2,乒乓球厅-14号,12:55-13:50,0,1,可预约,￥0.0,多云,15,12,4,0.0,100,29
2026-05-21 05:00:52,2026-05-21,2,乒乓球厅-14号,12:55-13:50,0,1,可预约,￥0.0,多云,15,12,4,0.0,100,29
2026-05-21 05:30:49,2026-05-21,2,乒乓球厅-14号,12:55-13:50,0,1,可预约,￥0.0,多云,15,13,3,0.0,100,28
2026-05-21 06:00:50,2026-05-21,2,乒乓球厅-14号,12:55-13:50,0,1,可预约,￥0.0,多云,15,13,4,0.0,99,28
2026-05-21 06:30:38,2026-05-21,2,乒乓球厅-14号,12:55-13:50,0,1,可预约,￥0.0,多云,15,13,3,0.0,97,28
2026-05-21 07:00:43,2026-05-21,2,乒乓球厅-14号,12:55-13:50,0,1,可预约,￥0.0,晴,15,11,5,0.0,93,28
2026-05-21 07:30:39,2026-05-21,2,乒乓球厅-14号,12:55-13:50,0,1,可预约,￥0.0,晴,17,13,4,0.0,89,29
2026-05-21 07:50:40,2026-05-21,2,乒乓球厅-14号,12:55-13:50,0,1,可预约,￥0.0,晴,17,13,4,0.0,88,29
2026-05-21 07:53:31,2026-05-21,2,乒乓球厅-14号,12:55-13:50,0,1,可预约,￥0.0,晴,17,12,5,0.0,86,29
2026-05-21 07:56:31,2026-05-21,2,乒乓球厅-14号,12:55-13:50,0,1,可预约,￥0.0,晴,17,12,5,0.0,86,29
2026-05-21 07:59:26,2026-05-21,2,乒乓球厅-14号,12:55-13:50,0,1,可预约,￥0.0,晴,17,12,5,0.0,86,29
2026-05-21 08:00:45,2026-05-21,2,乒乓球厅-14号,12:55-13:50,0,1,可预约,￥0.0,晴,17,12,5,0.0,86,29
2026-05-21 08:02:30,2026-05-21,2,乒乓球厅-14号,12:55-13:50,0,1,可预约,￥0.0,多云,17,12,5,0.0,87,29
2026-05-21 08:05:36,2026-05-21,2,乒乓球厅-14号,12:55-13:50,0,1,可预约,￥0.0,多云,17,12,5,0.0,86,29
2026-05-21 08:08:31,2026-05-21,2,乒乓球厅-14号,12:55-13:50,0,1,可预约,￥0.0,多云,17,12,5,0.0,86,29
2026-05-21 08:11:30,2026-05-21,2,乒乓球厅-14号,12:55-13:50,0,1,可预约,￥0.0,多云,17,12,5,0.0,86,29
2026-05-21 08:14:31,2026-05-21,2,乒乓球厅-14号,12:55-13:50,0,1,可预约,￥0.0,多云,17,12,5,0.0,86,29
2026-05-21 08:17:30,2026-05-21,2,乒乓球厅-14号,12:55-13:50,0,1,可预约,￥0.0,多云,17,12,5,0.0,86,29
2026-05-21 08:20:35,2026-05-21,2,乒乓球厅-14号,12:55-13:50,0,1,可预约,￥0.0,多云,17,14,4,0.0,85,29
2026-05-21 08:25:32,2026-05-21,2,乒乓球厅-14号,12:55-13:50,0,1,可预约,￥0.0,多云,17,14,4,0.0,85,28
2026-05-21 08:30:42,2026-05-21,2,乒乓球厅-14号,12:55-13:50,0,1,可预约,￥0.0,多云,18,15,4,0.0,84,28
2026-05-21 08:35:31,2026-05-21,2,乒乓球厅-14号,12:55-13:50,0,1,可预约,￥0.0,多云,18,15,4,0.0,84,28
2026-05-21 08:40:38,2026-05-21,2,乒乓球厅-14号,12:55-13:50,0,1,可预约,￥0.0,多云,18,15,4,0.0,82,28
2026-05-21 08:45:33,2026-05-21,2,乒乓球厅-14号,12:55-13:50,0,1,可预约,￥0.0,多云,18,15,4,0.0,82,28
2026-05-21 08:50:36,2026-05-21,2,乒乓球厅-14号,12:55-13:50,0,1,可预约,￥0.0,多云,18,15,4,0.0,82,28
2026-05-21 08:55:34,2026-05-21,2,乒乓球厅-14号,12:55-13:50,0,1,可预约,￥0.0,多云,18,15,4,0.0,84,28
2026-05-21 09:00:51,2026-05-21,2,乒乓球厅-14号,12:55-13:50,0,1,可预约,￥0.0,多云,18,15,4,0.0,84,28
2026-05-21 09:01:59,2026-05-21,2,乒乓球厅-14号,12:55-13:50,0,1,可预约,￥0.0,多云,18,15,4,0.0,83,28
2026-05-21 09:05:33,2026-05-21,2,乒乓球厅-14号,12:55-13:50,0,1,可预约,￥0.0,多云,18,15,4,0.0,83,28
2026-05-21 09:20:38,2026-05-21,2,乒乓球厅-14号,12:55-13:50,0,1,可预约,￥0.0,多云,18,16,3,0.0,81,28
2026-05-21 09:30:46,2026-05-21,2,乒乓球厅-14号,12:55-13:50,0,1,可预约,￥0.0,多云,18,16,3,0.0,81,32
2026-05-21 09:40:36,2026-05-21,2,乒乓球厅-14号,12:55-13:50,0,1,可预约,￥0.0,多云,19,17,3,0.0,79,32
2026-05-21 09:50:42,2026-05-21,2,乒乓球厅-14号,12:55-13:50,0,1,可预约,￥0.0,多云,19,17,4,0.0,81,32
2026-05-21 10:00:46,2026-05-21,2,乒乓球厅-14号,12:55-13:50,0,1,可预约,￥0.0,多云,19,17,4,0.0,79,32
2026-05-21 10:10:40,2026-05-21,2,乒乓球厅-14号,12:55-13:50,0,1,可预约,￥0.0,多云,19,17,4,0.0,79,32
2026-05-21 10:20:38,2026-05-21,2,乒乓球厅-14号,12:55-13:50,0,1,可预约,￥0.0,多云,19,17,4,0.0,79,32
2026-05-21 10:30:41,2026-05-21,2,乒乓球厅-14号,12:55-13:50,0,1,可预约,￥0.0,多云,19,18,3,0.0,78,31
2026-05-21 11:00:44,2026-05-21,2,乒乓球厅-14号,12:55-13:50,0,1,可预约,￥0.0,多云,21,17,5,0.0,74,31
2026-05-21 11:30:38,2026-05-21,2,乒乓球厅-14号,12:55-13:50,0,1,可预约,￥0.0,多云,21,19,3,0.0,72,33
2026-05-21 12:00:46,2026-05-21,2,乒乓球厅-14号,12:55-13:50,0,1,可预约,￥0.0,多云,22,19,4,0.0,70,33
2026-05-21 12:30:42,2026-05-21,2,乒乓球厅-14号,12:55-13:50,0,1,可预约,￥0.0,多云,22,21,3,0.0,68,35
2026-05-21 13:00:43,2026-05-21,2,乒乓球厅-14号,12:55-13:50,0,1,可预约,￥0.0,多云,24,22,4,0.0,66,35
2026-05-21 13:30:43,2026-05-21,2,乒乓球厅-14号,12:55-13:50,0,1,可预约,￥0.0,多云,24,22,4,0.0,66,36
2026-05-21 14:00:48,2026-05-21,2,乒乓球厅-14号,12:55-13:50,0,1,不开放/已过期,,多云,25,23,4,0.0,66,36
2026-05-21 14:30:45,2026-05-21,2,乒乓球厅-14号,12:55-13:50,0,1,不开放/已过期,,晴,25,25,3,0.0,65,39
2026-05-21 15:00:45,2026-05-21,2,乒乓球厅-14号,12:55-13:50,0,1,不开放/已过期,,晴,25,22,4,0.0,56,39
2026-05-21 15:30:43,2026-05-21,2,乒乓球厅-14号,12:55-13:50,0,1,不开放/已过期,,晴,25,23,4,0.0,57,40
2026-05-21 16:00:51,2026-05-21,2,乒乓球厅-14号,12:55-13:50,0,1,不开放/已过期,,晴,25,23,4,0.0,57,40
2026-05-21 16:30:48,2026-05-21,2,乒乓球厅-14号,12:55-13:50,0,1,不开放/已过期,,晴,25,24,3,0.0,60,39
2026-05-21 17:00:49,2026-05-21,2,乒乓球厅-14号,12:55-13:50,0,1,不开放/已过期,,晴,25,24,4,0.0,61,39
2026-05-21 17:30:47,2026-05-21,2,乒乓球厅-14号,12:55-13:50,0,1,不开放/已过期,,多云,24,23,3,0.0,64,39
2026-05-21 18:00:50,2026-05-21,2,乒乓球厅-14号,12:55-13:50,0,1,不开放/已过期,,多云,24,23,3,0.0,68,39
2026-05-21 18:30:50,2026-05-21,2,乒乓球厅-14号,12:55-13:50,0,1,不开放/已过期,,阴,24,25,2,0.0,68,40
2026-05-21 19:00:50,2026-05-21,2,乒乓球厅-14号,12:55-13:50,0,1,不开放/已过期,,阴,23,23,3,0.0,76,40
2026-05-21 19:30:46,2026-05-21,2,乒乓球厅-14号,12:55-13:50,0,1,不开放/已过期,,阴,23,24,2,0.0,77,39
2026-05-21 20:00:49,2026-05-21,2,乒乓球厅-14号,12:55-13:50,0,1,不开放/已过期,,雾,22,23,2,0.0,89,39
2026-05-21 20:30:44,2026-05-21,2,乒乓球厅-14号,12:55-13:50,0,1,不开放/已过期,,雾,22,24,2,0.0,93,43
2026-05-21 21:00:56,2026-05-21,2,乒乓球厅-14号,12:55-13:50,0,1,不开放/已过期,,雾,20,21,2,0.0,98,43
2026-05-21 21:30:46,2026-05-21,2,乒乓球厅-14号,12:55-13:50,0,1,不开放/已过期,,雾,20,22,1,0.0,99,41
2026-05-21 22:01:02,2026-05-21,2,乒乓球厅-14号,12:55-13:50,0,1,不开放/已过期,,雾,19,20,2,0.0,93,41
2026-05-21 22:30:47,2026-05-21,2,乒乓球厅-14号,12:55-13:50,0,1,不开放/已过期,,雾,19,19,3,0.0,88,46
2026-05-21 23:00:56,2026-05-21,2,乒乓球厅-14号,12:55-13:50,0,1,不开放/已过期,,多云,18,17,3,0.0,85,46
2026-05-21 23:30:55,2026-05-21,2,乒乓球厅-14号,12:55-13:50,0,1,不开放/已过期,,多云,18,17,3,0.0,85,48
2026-05-21 00:30:49,2026-05-21,2,乒乓球厅-14号,14:00-15:00,0,1,可预约,￥5.0,多云,15,13,3,0.0,100,26
2026-05-21 01:00:55,2026-05-21,2,乒乓球厅-14号,14:00-15:00,0,1,可预约,￥5.0,多云,15,12,4,0.0,100,26
2026-05-21 01:30:47,2026-05-21,2,乒乓球厅-14号,14:00-15:00,0,1,可预约,￥5.0,多云,15,13,4,0.0,100,28
2026-05-21 02:00:53,2026-05-21,2,乒乓球厅-14号,14:00-15:00,0,1,可预约,￥5.0,多云,15,12,4,0.0,100,28
2026-05-21 02:30:49,2026-05-21,2,乒乓球厅-14号,14:00-15:00,0,1,可预约,￥5.0,多云,15,14,3,0.0,100,29
2026-05-21 03:00:55,2026-05-21,2,乒乓球厅-14号,14:00-15:00,0,1,可预约,￥5.0,多云,15,12,4,0.0,100,29
2026-05-21 03:30:49,2026-05-21,2,乒乓球厅-14号,14:00-15:00,0,1,可预约,￥5.0,多云,15,14,3,0.0,100,30
2026-05-21 04:30:45,2026-05-21,2,乒乓球厅-14号,14:00-15:00,0,1,可预约,￥5.0,多云,15,12,4,0.0,100,29
2026-05-21 05:00:52,2026-05-21,2,乒乓球厅-14号,14:00-15:00,0,1,可预约,￥5.0,多云,15,12,4,0.0,100,29
2026-05-21 05:30:49,2026-05-21,2,乒乓球厅-14号,14:00-15:00,0,1,可预约,￥5.0,多云,15,13,3,0.0,100,28
2026-05-21 06:00:50,2026-05-21,2,乒乓球厅-14号,14:00-15:00,0,1,可预约,￥5.0,多云,15,13,4,0.0,99,28
2026-05-21 06:30:38,2026-05-21,2,乒乓球厅-14号,14:00-15:00,0,1,可预约,￥5.0,多云,15,13,3,0.0,97,28
2026-05-21 07:00:43,2026-05-21,2,乒乓球厅-14号,14:00-15:00,0,1,可预约,￥5.0,晴,15,11,5,0.0,93,28
2026-05-21 07:30:39,2026-05-21,2,乒乓球厅-14号,14:00-15:00,0,1,可预约,￥5.0,晴,17,13,4,0.0,89,29
2026-05-21 07:50:40,2026-05-21,2,乒乓球厅-14号,14:00-15:00,0,1,可预约,￥5.0,晴,17,13,4,0.0,88,29
2026-05-21 07:53:31,2026-05-21,2,乒乓球厅-14号,14:00-15:00,0,1,可预约,￥5.0,晴,17,12,5,0.0,86,29
2026-05-21 07:56:31,2026-05-21,2,乒乓球厅-14号,14:00-15:00,0,1,可预约,￥5.0,晴,17,12,5,0.0,86,29
2026-05-21 07:59:26,2026-05-21,2,乒乓球厅-14号,14:00-15:00,0,1,可预约,￥5.0,晴,17,12,5,0.0,86,29
2026-05-21 08:00:45,2026-05-21,2,乒乓球厅-14号,14:00-15:00,0,1,可预约,￥5.0,晴,17,12,5,0.0,86,29
2026-05-21 08:02:30,2026-05-21,2,乒乓球厅-14号,14:00-15:00,0,1,可预约,￥5.0,多云,17,12,5,0.0,87,29
2026-05-21 08:05:36,2026-05-21,2,乒乓球厅-14号,14:00-15:00,0,1,可预约,￥5.0,多云,17,12,5,0.0,86,29
2026-05-21 08:08:31,2026-05-21,2,乒乓球厅-14号,14:00-15:00,0,1,可预约,￥5.0,多云,17,12,5,0.0,86,29
2026-05-21 08:11:30,2026-05-21,2,乒乓球厅-14号,14:00-15:00,0,1,可预约,￥5.0,多云,17,12,5,0.0,86,29
2026-05-21 08:14:31,2026-05-21,2,乒乓球厅-14号,14:00-15:00,0,1,可预约,￥5.0,多云,17,12,5,0.0,86,29
2026-05-21 08:17:30,2026-05-21,2,乒乓球厅-14号,14:00-15:00,0,1,可预约,￥5.0,多云,17,12,5,0.0,86,29
2026-05-21 08:20:35,2026-05-21,2,乒乓球厅-14号,14:00-15:00,0,1,可预约,￥5.0,多云,17,14,4,0.0,85,29
2026-05-21 08:25:32,2026-05-21,2,乒乓球厅-14号,14:00-15:00,0,1,可预约,￥5.0,多云,17,14,4,0.0,85,28
2026-05-21 08:30:42,2026-05-21,2,乒乓球厅-14号,14:00-15:00,0,1,可预约,￥5.0,多云,18,15,4,0.0,84,28
2026-05-21 08:35:31,2026-05-21,2,乒乓球厅-14号,14:00-15:00,0,1,可预约,￥5.0,多云,18,15,4,0.0,84,28
2026-05-21 08:40:38,2026-05-21,2,乒乓球厅-14号,14:00-15:00,0,1,可预约,￥5.0,多云,18,15,4,0.0,82,28
2026-05-21 08:45:33,2026-05-21,2,乒乓球厅-14号,14:00-15:00,0,1,可预约,￥5.0,多云,18,15,4,0.0,82,28
2026-05-21 08:50:36,2026-05-21,2,乒乓球厅-14号,14:00-15:00,0,1,可预约,￥5.0,多云,18,15,4,0.0,82,28
2026-05-21 08:55:34,2026-05-21,2,乒乓球厅-14号,14:00-15:00,0,1,可预约,￥5.0,多云,18,15,4,0.0,84,28
2026-05-21 09:00:51,2026-05-21,2,乒乓球厅-14号,14:00-15:00,0,1,可预约,￥5.0,多云,18,15,4,0.0,84,28
2026-05-21 09:01:59,2026-05-21,2,乒乓球厅-14号,14:00-15:00,0,1,可预约,￥5.0,多云,18,15,4,0.0,83,28
2026-05-21 09:05:33,2026-05-21,2,乒乓球厅-14号,14:00-15:00,0,1,可预约,￥5.0,多云,18,15,4,0.0,83,28
2026-05-21 09:20:38,2026-05-21,2,乒乓球厅-14号,14:00-15:00,0,1,可预约,￥5.0,多云,18,16,3,0.0,81,28
2026-05-21 09:30:46,2026-05-21,2,乒乓球厅-14号,14:00-15:00,0,1,可预约,￥5.0,多云,18,16,3,0.0,81,32
2026-05-21 09:40:36,2026-05-21,2,乒乓球厅-14号,14:00-15:00,0,1,可预约,￥5.0,多云,19,17,3,0.0,79,32
2026-05-21 09:50:42,2026-05-21,2,乒乓球厅-14号,14:00-15:00,0,1,可预约,￥5.0,多云,19,17,4,0.0,81,32
2026-05-21 10:00:46,2026-05-21,2,乒乓球厅-14号,14:00-15:00,0,1,可预约,￥5.0,多云,19,17,4,0.0,79,32
2026-05-21 10:10:40,2026-05-21,2,乒乓球厅-14号,14:00-15:00,0,1,可预约,￥5.0,多云,19,17,4,0.0,79,32
2026-05-21 10:20:38,2026-05-21,2,乒乓球厅-14号,14:00-15:00,0,1,可预约,￥5.0,多云,19,17,4,0.0,79,32
2026-05-21 10:30:41,2026-05-21,2,乒乓球厅-14号,14:00-15:00,0,1,可预约,￥5.0,多云,19,18,3,0.0,78,31
2026-05-21 11:00:44,2026-05-21,2,乒乓球厅-14号,14:00-15:00,0,1,可预约,￥5.0,多云,21,17,5,0.0,74,31
2026-05-21 11:30:38,2026-05-21,2,乒乓球厅-14号,14:00-15:00,0,1,可预约,￥5.0,多云,21,19,3,0.0,72,33
2026-05-21 12:00:46,2026-05-21,2,乒乓球厅-14号,14:00-15:00,0,1,可预约,￥5.0,多云,22,19,4,0.0,70,33
2026-05-21 12:30:42,2026-05-21,2,乒乓球厅-14号,14:00-15:00,0,1,可预约,￥5.0,多云,22,21,3,0.0,68,35
2026-05-21 13:00:43,2026-05-21,2,乒乓球厅-14号,14:00-15:00,0,1,可预约,￥5.0,多云,24,22,4,0.0,66,35
2026-05-21 13:30:43,2026-05-21,2,乒乓球厅-14号,14:00-15:00,0,1,可预约,￥5.0,多云,24,22,4,0.0,66,36
2026-05-21 14:00:48,2026-05-21,2,乒乓球厅-14号,14:00-15:00,0,1,可预约,￥5.0,多云,25,23,4,0.0,66,36
2026-05-21 14:30:45,2026-05-21,2,乒乓球厅-14号,14:00-15:00,0,1,可预约,￥5.0,晴,25,25,3,0.0,65,39
2026-05-21 15:00:45,2026-05-21,2,乒乓球厅-14号,14:00-15:00,0,1,不开放/已过期,,晴,25,22,4,0.0,56,39
2026-05-21 15:30:43,2026-05-21,2,乒乓球厅-14号,14:00-15:00,0,1,不开放/已过期,,晴,25,23,4,0.0,57,40
2026-05-21 16:00:51,2026-05-21,2,乒乓球厅-14号,14:00-15:00,0,1,不开放/已过期,,晴,25,23,4,0.0,57,40
2026-05-21 16:30:48,2026-05-21,2,乒乓球厅-14号,14:00-15:00,0,1,不开放/已过期,,晴,25,24,3,0.0,60,39
2026-05-21 17:00:49,2026-05-21,2,乒乓球厅-14号,14:00-15:00,0,1,不开放/已过期,,晴,25,24,4,0.0,61,39
2026-05-21 17:30:47,2026-05-21,2,乒乓球厅-14号,14:00-15:00,0,1,不开放/已过期,,多云,24,23,3,0.0,64,39
2026-05-21 18:00:50,2026-05-21,2,乒乓球厅-14号,14:00-15:00,0,1,不开放/已过期,,多云,24,23,3,0.0,68,39
2026-05-21 18:30:50,2026-05-21,2,乒乓球厅-14号,14:00-15:00,0,1,不开放/已过期,,阴,24,25,2,0.0,68,40
2026-05-21 19:00:50,2026-05-21,2,乒乓球厅-14号,14:00-15:00,0,1,不开放/已过期,,阴,23,23,3,0.0,76,40
2026-05-21 19:30:46,2026-05-21,2,乒乓球厅-14号,14:00-15:00,0,1,不开放/已过期,,阴,23,24,2,0.0,77,39
2026-05-21 20:00:49,2026-05-21,2,乒乓球厅-14号,14:00-15:00,0,1,不开放/已过期,,雾,22,23,2,0.0,89,39
2026-05-21 20:30:44,2026-05-21,2,乒乓球厅-14号,14:00-15:00,0,1,不开放/已过期,,雾,22,24,2,0.0,93,43
2026-05-21 21:00:56,2026-05-21,2,乒乓球厅-14号,14:00-15:00,0,1,不开放/已过期,,雾,20,21,2,0.0,98,43
2026-05-21 21:30:46,2026-05-21,2,乒乓球厅-14号,14:00-15:00,0,1,不开放/已过期,,雾,20,22,1,0.0,99,41
2026-05-21 22:01:02,2026-05-21,2,乒乓球厅-14号,14:00-15:00,0,1,不开放/已过期,,雾,19,20,2,0.0,93,41
2026-05-21 22:30:47,2026-05-21,2,乒乓球厅-14号,14:00-15:00,0,1,不开放/已过期,,雾,19,19,3,0.0,88,46
2026-05-21 23:00:56,2026-05-21,2,乒乓球厅-14号,14:00-15:00,0,1,不开放/已过期,,多云,18,17,3,0.0,85,46
2026-05-21 23:30:55,2026-05-21,2,乒乓球厅-14号,14:00-15:00,0,1,不开放/已过期,,多云,18,17,3,0.0,85,48
2026-05-21 00:30:49,2026-05-21,2,乒乓球厅-14号,15:00-16:00,0,1,可预约,￥5.0,多云,15,13,3,0.0,100,26
2026-05-21 01:00:55,2026-05-21,2,乒乓球厅-14号,15:00-16:00,0,1,可预约,￥5.0,多云,15,12,4,0.0,100,26
2026-05-21 01:30:47,2026-05-21,2,乒乓球厅-14号,15:00-16:00,0,1,可预约,￥5.0,多云,15,13,4,0.0,100,28
2026-05-21 02:00:53,2026-05-21,2,乒乓球厅-14号,15:00-16:00,0,1,可预约,￥5.0,多云,15,12,4,0.0,100,28
2026-05-21 02:30:49,2026-05-21,2,乒乓球厅-14号,15:00-16:00,0,1,可预约,￥5.0,多云,15,14,3,0.0,100,29
2026-05-21 03:00:55,2026-05-21,2,乒乓球厅-14号,15:00-16:00,0,1,可预约,￥5.0,多云,15,12,4,0.0,100,29
2026-05-21 03:30:49,2026-05-21,2,乒乓球厅-14号,15:00-16:00,0,1,可预约,￥5.0,多云,15,14,3,0.0,100,30
2026-05-21 04:30:45,2026-05-21,2,乒乓球厅-14号,15:00-16:00,0,1,可预约,￥5.0,多云,15,12,4,0.0,100,29
2026-05-21 05:00:52,2026-05-21,2,乒乓球厅-14号,15:00-16:00,0,1,可预约,￥5.0,多云,15,12,4,0.0,100,29
2026-05-21 05:30:49,2026-05-21,2,乒乓球厅-14号,15:00-16:00,0,1,可预约,￥5.0,多云,15,13,3,0.0,100,28
2026-05-21 06:00:50,2026-05-21,2,乒乓球厅-14号,15:00-16:00,0,1,可预约,￥5.0,多云,15,13,4,0.0,99,28
2026-05-21 06:30:38,2026-05-21,2,乒乓球厅-14号,15:00-16:00,0,1,可预约,￥5.0,多云,15,13,3,0.0,97,28
2026-05-21 07:00:43,2026-05-21,2,乒乓球厅-14号,15:00-16:00,0,1,可预约,￥5.0,晴,15,11,5,0.0,93,28
2026-05-21 07:30:39,2026-05-21,2,乒乓球厅-14号,15:00-16:00,0,1,可预约,￥5.0,晴,17,13,4,0.0,89,29
2026-05-21 07:50:40,2026-05-21,2,乒乓球厅-14号,15:00-16:00,0,1,可预约,￥5.0,晴,17,13,4,0.0,88,29
2026-05-21 07:53:31,2026-05-21,2,乒乓球厅-14号,15:00-16:00,0,1,可预约,￥5.0,晴,17,12,5,0.0,86,29
2026-05-21 07:56:31,2026-05-21,2,乒乓球厅-14号,15:00-16:00,0,1,可预约,￥5.0,晴,17,12,5,0.0,86,29
2026-05-21 07:59:26,2026-05-21,2,乒乓球厅-14号,15:00-16:00,0,1,可预约,￥5.0,晴,17,12,5,0.0,86,29
2026-05-21 08:00:45,2026-05-21,2,乒乓球厅-14号,15:00-16:00,0,1,可预约,￥5.0,晴,17,12,5,0.0,86,29
2026-05-21 08:02:30,2026-05-21,2,乒乓球厅-14号,15:00-16:00,0,1,可预约,￥5.0,多云,17,12,5,0.0,87,29
2026-05-21 08:05:36,2026-05-21,2,乒乓球厅-14号,15:00-16:00,0,1,可预约,￥5.0,多云,17,12,5,0.0,86,29
2026-05-21 08:08:31,2026-05-21,2,乒乓球厅-14号,15:00-16:00,0,1,可预约,￥5.0,多云,17,12,5,0.0,86,29
2026-05-21 08:11:30,2026-05-21,2,乒乓球厅-14号,15:00-16:00,0,1,可预约,￥5.0,多云,17,12,5,0.0,86,29
2026-05-21 08:14:31,2026-05-21,2,乒乓球厅-14号,15:00-16:00,0,1,可预约,￥5.0,多云,17,12,5,0.0,86,29
2026-05-21 08:17:30,2026-05-21,2,乒乓球厅-14号,15:00-16:00,0,1,可预约,￥5.0,多云,17,12,5,0.0,86,29
2026-05-21 08:20:35,2026-05-21,2,乒乓球厅-14号,15:00-16:00,0,1,可预约,￥5.0,多云,17,14,4,0.0,85,29
2026-05-21 08:25:32,2026-05-21,2,乒乓球厅-14号,15:00-16:00,0,1,可预约,￥5.0,多云,17,14,4,0.0,85,28
2026-05-21 08:30:42,2026-05-21,2,乒乓球厅-14号,15:00-16:00,0,1,可预约,￥5.0,多云,18,15,4,0.0,84,28
2026-05-21 08:35:31,2026-05-21,2,乒乓球厅-14号,15:00-16:00,0,1,可预约,￥5.0,多云,18,15,4,0.0,84,28
2026-05-21 08:40:38,2026-05-21,2,乒乓球厅-14号,15:00-16:00,0,1,可预约,￥5.0,多云,18,15,4,0.0,82,28
2026-05-21 08:45:33,2026-05-21,2,乒乓球厅-14号,15:00-16:00,0,1,可预约,￥5.0,多云,18,15,4,0.0,82,28
2026-05-21 08:50:36,2026-05-21,2,乒乓球厅-14号,15:00-16:00,0,1,可预约,￥5.0,多云,18,15,4,0.0,82,28
2026-05-21 08:55:34,2026-05-21,2,乒乓球厅-14号,15:00-16:00,0,1,可预约,￥5.0,多云,18,15,4,0.0,84,28
2026-05-21 09:00:51,2026-05-21,2,乒乓球厅-14号,15:00-16:00,0,1,可预约,￥5.0,多云,18,15,4,0.0,84,28
2026-05-21 09:01:59,2026-05-21,2,乒乓球厅-14号,15:00-16:00,0,1,可预约,￥5.0,多云,18,15,4,0.0,83,28
2026-05-21 09:05:33,2026-05-21,2,乒乓球厅-14号,15:00-16:00,0,1,可预约,￥5.0,多云,18,15,4,0.0,83,28
2026-05-21 09:20:38,2026-05-21,2,乒乓球厅-14号,15:00-16:00,0,1,可预约,￥5.0,多云,18,16,3,0.0,81,28
2026-05-21 09:30:46,2026-05-21,2,乒乓球厅-14号,15:00-16:00,0,1,可预约,￥5.0,多云,18,16,3,0.0,81,32
2026-05-21 09:40:36,2026-05-21,2,乒乓球厅-14号,15:00-16:00,0,1,可预约,￥5.0,多云,19,17,3,0.0,79,32
2026-05-21 09:50:42,2026-05-21,2,乒乓球厅-14号,15:00-16:00,0,1,可预约,￥5.0,多云,19,17,4,0.0,81,32
2026-05-21 10:00:46,2026-05-21,2,乒乓球厅-14号,15:00-16:00,0,1,可预约,￥5.0,多云,19,17,4,0.0,79,32
2026-05-21 10:10:40,2026-05-21,2,乒乓球厅-14号,15:00-16:00,0,1,可预约,￥5.0,多云,19,17,4,0.0,79,32
2026-05-21 10:20:38,2026-05-21,2,乒乓球厅-14号,15:00-16:00,0,1,可预约,￥5.0,多云,19,17,4,0.0,79,32
2026-05-21 10:30:41,2026-05-21,2,乒乓球厅-14号,15:00-16:00,0,1,可预约,￥5.0,多云,19,18,3,0.0,78,31
2026-05-21 11:00:44,2026-05-21,2,乒乓球厅-14号,15:00-16:00,0,1,可预约,￥5.0,多云,21,17,5,0.0,74,31
2026-05-21 11:30:38,2026-05-21,2,乒乓球厅-14号,15:00-16:00,0,1,可预约,￥5.0,多云,21,19,3,0.0,72,33
2026-05-21 12:00:46,2026-05-21,2,乒乓球厅-14号,15:00-16:00,0,1,可预约,￥5.0,多云,22,19,4,0.0,70,33
2026-05-21 12:30:42,2026-05-21,2,乒乓球厅-14号,15:00-16:00,0,1,可预约,￥5.0,多云,22,21,3,0.0,68,35
2026-05-21 13:00:43,2026-05-21,2,乒乓球厅-14号,15:00-16:00,0,1,可预约,￥5.0,多云,24,22,4,0.0,66,35
2026-05-21 13:30:43,2026-05-21,2,乒乓球厅-14号,15:00-16:00,0,1,可预约,￥5.0,多云,24,22,4,0.0,66,36
2026-05-21 14:00:48,2026-05-21,2,乒乓球厅-14号,15:00-16:00,0,1,可预约,￥5.0,多云,25,23,4,0.0,66,36
2026-05-21 14:30:45,2026-05-21,2,乒乓球厅-14号,15:00-16:00,0,1,可预约,￥5.0,晴,25,25,3,0.0,65,39
2026-05-21 15:00:45,2026-05-21,2,乒乓球厅-14号,15:00-16:00,0,1,可预约,￥5.0,晴,25,22,4,0.0,56,39
2026-05-21 15:30:43,2026-05-21,2,乒乓球厅-14号,15:00-16:00,0,1,可预约,￥5.0,晴,25,23,4,0.0,57,40
2026-05-21 16:00:51,2026-05-21,2,乒乓球厅-14号,15:00-16:00,0,1,不开放/已过期,,晴,25,23,4,0.0,57,40
2026-05-21 16:30:48,2026-05-21,2,乒乓球厅-14号,15:00-16:00,0,1,不开放/已过期,,晴,25,24,3,0.0,60,39
2026-05-21 17:00:49,2026-05-21,2,乒乓球厅-14号,15:00-16:00,0,1,不开放/已过期,,晴,25,24,4,0.0,61,39
2026-05-21 17:30:47,2026-05-21,2,乒乓球厅-14号,15:00-16:00,0,1,不开放/已过期,,多云,24,23,3,0.0,64,39
2026-05-21 18:00:50,2026-05-21,2,乒乓球厅-14号,15:00-16:00,0,1,不开放/已过期,,多云,24,23,3,0.0,68,39
2026-05-21 18:30:50,2026-05-21,2,乒乓球厅-14号,15:00-16:00,0,1,不开放/已过期,,阴,24,25,2,0.0,68,40
2026-05-21 19:00:50,2026-05-21,2,乒乓球厅-14号,15:00-16:00,0,1,不开放/已过期,,阴,23,23,3,0.0,76,40
2026-05-21 19:30:46,2026-05-21,2,乒乓球厅-14号,15:00-16:00,0,1,不开放/已过期,,阴,23,24,2,0.0,77,39
2026-05-21 20:00:49,2026-05-21,2,乒乓球厅-14号,15:00-16:00,0,1,不开放/已过期,,雾,22,23,2,0.0,89,39
2026-05-21 20:30:44,2026-05-21,2,乒乓球厅-14号,15:00-16:00,0,1,不开放/已过期,,雾,22,24,2,0.0,93,43
2026-05-21 21:00:56,2026-05-21,2,乒乓球厅-14号,15:00-16:00,0,1,不开放/已过期,,雾,20,21,2,0.0,98,43
2026-05-21 21:30:46,2026-05-21,2,乒乓球厅-14号,15:00-16:00,0,1,不开放/已过期,,雾,20,22,1,0.0,99,41
2026-05-21 22:01:02,2026-05-21,2,乒乓球厅-14号,15:00-16:00,0,1,不开放/已过期,,雾,19,20,2,0.0,93,41
2026-05-21 22:30:47,2026-05-21,2,乒乓球厅-14号,15:00-16:00,0,1,不开放/已过期,,雾,19,19,3,0.0,88,46
2026-05-21 23:00:56,2026-05-21,2,乒乓球厅-14号,15:00-16:00,0,1,不开放/已过期,,多云,18,17,3,0.0,85,46
2026-05-21 23:30:55,2026-05-21,2,乒乓球厅-14号,15:00-16:00,0,1,不开放/已过期,,多云,18,17,3,0.0,85,48
2026-05-21 00:30:49,2026-05-21,2,乒乓球厅-14号,16:00-17:00,0,1,可预约,￥5.0,多云,15,13,3,0.0,100,26
2026-05-21 01:00:55,2026-05-21,2,乒乓球厅-14号,16:00-17:00,0,1,可预约,￥5.0,多云,15,12,4,0.0,100,26
2026-05-21 01:30:47,2026-05-21,2,乒乓球厅-14号,16:00-17:00,0,1,可预约,￥5.0,多云,15,13,4,0.0,100,28
2026-05-21 02:00:53,2026-05-21,2,乒乓球厅-14号,16:00-17:00,0,1,可预约,￥5.0,多云,15,12,4,0.0,100,28
2026-05-21 02:30:49,2026-05-21,2,乒乓球厅-14号,16:00-17:00,0,1,可预约,￥5.0,多云,15,14,3,0.0,100,29
2026-05-21 03:00:55,2026-05-21,2,乒乓球厅-14号,16:00-17:00,0,1,可预约,￥5.0,多云,15,12,4,0.0,100,29
2026-05-21 03:30:49,2026-05-21,2,乒乓球厅-14号,16:00-17:00,0,1,可预约,￥5.0,多云,15,14,3,0.0,100,30
2026-05-21 04:30:45,2026-05-21,2,乒乓球厅-14号,16:00-17:00,0,1,可预约,￥5.0,多云,15,12,4,0.0,100,29
2026-05-21 05:00:52,2026-05-21,2,乒乓球厅-14号,16:00-17:00,0,1,可预约,￥5.0,多云,15,12,4,0.0,100,29
2026-05-21 05:30:49,2026-05-21,2,乒乓球厅-14号,16:00-17:00,0,1,可预约,￥5.0,多云,15,13,3,0.0,100,28
2026-05-21 06:00:50,2026-05-21,2,乒乓球厅-14号,16:00-17:00,0,1,可预约,￥5.0,多云,15,13,4,0.0,99,28
2026-05-21 06:30:38,2026-05-21,2,乒乓球厅-14号,16:00-17:00,0,1,可预约,￥5.0,多云,15,13,3,0.0,97,28
2026-05-21 07:00:43,2026-05-21,2,乒乓球厅-14号,16:00-17:00,0,1,可预约,￥5.0,晴,15,11,5,0.0,93,28
2026-05-21 07:30:39,2026-05-21,2,乒乓球厅-14号,16:00-17:00,0,1,可预约,￥5.0,晴,17,13,4,0.0,89,29
2026-05-21 07:50:40,2026-05-21,2,乒乓球厅-14号,16:00-17:00,0,1,可预约,￥5.0,晴,17,13,4,0.0,88,29
2026-05-21 07:53:31,2026-05-21,2,乒乓球厅-14号,16:00-17:00,0,1,可预约,￥5.0,晴,17,12,5,0.0,86,29
2026-05-21 07:56:31,2026-05-21,2,乒乓球厅-14号,16:00-17:00,0,1,可预约,￥5.0,晴,17,12,5,0.0,86,29
2026-05-21 07:59:26,2026-05-21,2,乒乓球厅-14号,16:00-17:00,0,1,可预约,￥5.0,晴,17,12,5,0.0,86,29
2026-05-21 08:00:45,2026-05-21,2,乒乓球厅-14号,16:00-17:00,0,1,可预约,￥5.0,晴,17,12,5,0.0,86,29
2026-05-21 08:02:30,2026-05-21,2,乒乓球厅-14号,16:00-17:00,0,1,可预约,￥5.0,多云,17,12,5,0.0,87,29
2026-05-21 08:05:36,2026-05-21,2,乒乓球厅-14号,16:00-17:00,0,1,可预约,￥5.0,多云,17,12,5,0.0,86,29
2026-05-21 08:08:31,2026-05-21,2,乒乓球厅-14号,16:00-17:00,0,1,可预约,￥5.0,多云,17,12,5,0.0,86,29
2026-05-21 08:11:30,2026-05-21,2,乒乓球厅-14号,16:00-17:00,0,1,可预约,￥5.0,多云,17,12,5,0.0,86,29
2026-05-21 08:14:31,2026-05-21,2,乒乓球厅-14号,16:00-17:00,0,1,可预约,￥5.0,多云,17,12,5,0.0,86,29
2026-05-21 08:17:30,2026-05-21,2,乒乓球厅-14号,16:00-17:00,0,1,可预约,￥5.0,多云,17,12,5,0.0,86,29
2026-05-21 08:20:35,2026-05-21,2,乒乓球厅-14号,16:00-17:00,0,1,可预约,￥5.0,多云,17,14,4,0.0,85,29
2026-05-21 08:25:32,2026-05-21,2,乒乓球厅-14号,16:00-17:00,0,1,可预约,￥5.0,多云,17,14,4,0.0,85,28
2026-05-21 08:30:42,2026-05-21,2,乒乓球厅-14号,16:00-17:00,0,1,可预约,￥5.0,多云,18,15,4,0.0,84,28
2026-05-21 08:35:31,2026-05-21,2,乒乓球厅-14号,16:00-17:00,0,1,可预约,￥5.0,多云,18,15,4,0.0,84,28
2026-05-21 08:40:38,2026-05-21,2,乒乓球厅-14号,16:00-17:00,0,1,可预约,￥5.0,多云,18,15,4,0.0,82,28
2026-05-21 08:45:33,2026-05-21,2,乒乓球厅-14号,16:00-17:00,0,1,可预约,￥5.0,多云,18,15,4,0.0,82,28
2026-05-21 08:50:36,2026-05-21,2,乒乓球厅-14号,16:00-17:00,0,1,可预约,￥5.0,多云,18,15,4,0.0,82,28
2026-05-21 08:55:34,2026-05-21,2,乒乓球厅-14号,16:00-17:00,0,1,可预约,￥5.0,多云,18,15,4,0.0,84,28
2026-05-21 09:00:51,2026-05-21,2,乒乓球厅-14号,16:00-17:00,0,1,可预约,￥5.0,多云,18,15,4,0.0,84,28
2026-05-21 09:01:59,2026-05-21,2,乒乓球厅-14号,16:00-17:00,0,1,可预约,￥5.0,多云,18,15,4,0.0,83,28
2026-05-21 09:05:33,2026-05-21,2,乒乓球厅-14号,16:00-17:00,0,1,可预约,￥5.0,多云,18,15,4,0.0,83,28
2026-05-21 09:20:38,2026-05-21,2,乒乓球厅-14号,16:00-17:00,0,1,可预约,￥5.0,多云,18,16,3,0.0,81,28
2026-05-21 09:30:46,2026-05-21,2,乒乓球厅-14号,16:00-17:00,0,1,可预约,￥5.0,多云,18,16,3,0.0,81,32
2026-05-21 09:40:36,2026-05-21,2,乒乓球厅-14号,16:00-17:00,0,1,可预约,￥5.0,多云,19,17,3,0.0,79,32
2026-05-21 09:50:42,2026-05-21,2,乒乓球厅-14号,16:00-17:00,0,1,可预约,￥5.0,多云,19,17,4,0.0,81,32
2026-05-21 10:00:46,2026-05-21,2,乒乓球厅-14号,16:00-17:00,0,1,可预约,￥5.0,多云,19,17,4,0.0,79,32
2026-05-21 10:10:40,2026-05-21,2,乒乓球厅-14号,16:00-17:00,0,1,可预约,￥5.0,多云,19,17,4,0.0,79,32
2026-05-21 10:20:38,2026-05-21,2,乒乓球厅-14号,16:00-17:00,0,1,可预约,￥5.0,多云,19,17,4,0.0,79,32
2026-05-21 10:30:41,2026-05-21,2,乒乓球厅-14号,16:00-17:00,0,1,可预约,￥5.0,多云,19,18,3,0.0,78,31
2026-05-21 11:00:44,2026-05-21,2,乒乓球厅-14号,16:00-17:00,0,1,可预约,￥5.0,多云,21,17,5,0.0,74,31
2026-05-21 11:30:38,2026-05-21,2,乒乓球厅-14号,16:00-17:00,0,1,可预约,￥5.0,多云,21,19,3,0.0,72,33
2026-05-21 12:00:46,2026-05-21,2,乒乓球厅-14号,16:00-17:00,0,1,可预约,￥5.0,多云,22,19,4,0.0,70,33
2026-05-21 12:30:42,2026-05-21,2,乒乓球厅-14号,16:00-17:00,0,1,可预约,￥5.0,多云,22,21,3,0.0,68,35
2026-05-21 13:00:43,2026-05-21,2,乒乓球厅-14号,16:00-17:00,0,1,可预约,￥5.0,多云,24,22,4,0.0,66,35
2026-05-21 13:30:43,2026-05-21,2,乒乓球厅-14号,16:00-17:00,0,1,可预约,￥5.0,多云,24,22,4,0.0,66,36
2026-05-21 14:00:48,2026-05-21,2,乒乓球厅-14号,16:00-17:00,0,1,可预约,￥5.0,多云,25,23,4,0.0,66,36
2026-05-21 14:30:45,2026-05-21,2,乒乓球厅-14号,16:00-17:00,0,1,可预约,￥5.0,晴,25,25,3,0.0,65,39
2026-05-21 15:00:45,2026-05-21,2,乒乓球厅-14号,16:00-17:00,0,1,可预约,￥5.0,晴,25,22,4,0.0,56,39
2026-05-21 15:30:43,2026-05-21,2,乒乓球厅-14号,16:00-17:00,0,1,可预约,￥5.0,晴,25,23,4,0.0,57,40
2026-05-21 16:00:51,2026-05-21,2,乒乓球厅-14号,16:00-17:00,0,1,可预约,￥5.0,晴,25,23,4,0.0,57,40
2026-05-21 16:30:48,2026-05-21,2,乒乓球厅-14号,16:00-17:00,0,1,可预约,￥5.0,晴,25,24,3,0.0,60,39
2026-05-21 17:00:49,2026-05-21,2,乒乓球厅-14号,16:00-17:00,0,1,不开放/已过期,,晴,25,24,4,0.0,61,39
2026-05-21 17:30:47,2026-05-21,2,乒乓球厅-14号,16:00-17:00,0,1,不开放/已过期,,多云,24,23,3,0.0,64,39
2026-05-21 18:00:50,2026-05-21,2,乒乓球厅-14号,16:00-17:00,0,1,不开放/已过期,,多云,24,23,3,0.0,68,39
2026-05-21 18:30:50,2026-05-21,2,乒乓球厅-14号,16:00-17:00,0,1,不开放/已过期,,阴,24,25,2,0.0,68,40
2026-05-21 19:00:50,2026-05-21,2,乒乓球厅-14号,16:00-17:00,0,1,不开放/已过期,,阴,23,23,3,0.0,76,40
2026-05-21 19:30:46,2026-05-21,2,乒乓球厅-14号,16:00-17:00,0,1,不开放/已过期,,阴,23,24,2,0.0,77,39
2026-05-21 20:00:49,2026-05-21,2,乒乓球厅-14号,16:00-17:00,0,1,不开放/已过期,,雾,22,23,2,0.0,89,39
2026-05-21 20:30:44,2026-05-21,2,乒乓球厅-14号,16:00-17:00,0,1,不开放/已过期,,雾,22,24,2,0.0,93,43
2026-05-21 21:00:56,2026-05-21,2,乒乓球厅-14号,16:00-17:00,0,1,不开放/已过期,,雾,20,21,2,0.0,98,43
2026-05-21 21:30:46,2026-05-21,2,乒乓球厅-14号,16:00-17:00,0,1,不开放/已过期,,雾,20,22,1,0.0,99,41
2026-05-21 22:01:02,2026-05-21,2,乒乓球厅-14号,16:00-17:00,0,1,不开放/已过期,,雾,19,20,2,0.0,93,41
2026-05-21 22:30:47,2026-05-21,2,乒乓球厅-14号,16:00-17:00,0,1,不开放/已过期,,雾,19,19,3,0.0,88,46
2026-05-21 23:00:56,2026-05-21,2,乒乓球厅-14号,16:00-17:00,0,1,不开放/已过期,,多云,18,17,3,0.0,85,46
2026-05-21 23:30:55,2026-05-21,2,乒乓球厅-14号,16:00-17:00,0,1,不开放/已过期,,多云,18,17,3,0.0,85,48
2026-05-21 00:30:49,2026-05-21,2,乒乓球厅-14号,17:00-18:00,0,1,可预约,￥5.0,多云,15,13,3,0.0,100,26
2026-05-21 01:00:55,2026-05-21,2,乒乓球厅-14号,17:00-18:00,0,1,可预约,￥5.0,多云,15,12,4,0.0,100,26
2026-05-21 01:30:47,2026-05-21,2,乒乓球厅-14号,17:00-18:00,0,1,可预约,￥5.0,多云,15,13,4,0.0,100,28
2026-05-21 02:00:53,2026-05-21,2,乒乓球厅-14号,17:00-18:00,0,1,可预约,￥5.0,多云,15,12,4,0.0,100,28
2026-05-21 02:30:49,2026-05-21,2,乒乓球厅-14号,17:00-18:00,0,1,可预约,￥5.0,多云,15,14,3,0.0,100,29
2026-05-21 03:00:55,2026-05-21,2,乒乓球厅-14号,17:00-18:00,0,1,可预约,￥5.0,多云,15,12,4,0.0,100,29
2026-05-21 03:30:49,2026-05-21,2,乒乓球厅-14号,17:00-18:00,0,1,可预约,￥5.0,多云,15,14,3,0.0,100,30
2026-05-21 04:30:45,2026-05-21,2,乒乓球厅-14号,17:00-18:00,0,1,可预约,￥5.0,多云,15,12,4,0.0,100,29
2026-05-21 05:00:52,2026-05-21,2,乒乓球厅-14号,17:00-18:00,0,1,可预约,￥5.0,多云,15,12,4,0.0,100,29
2026-05-21 05:30:49,2026-05-21,2,乒乓球厅-14号,17:00-18:00,0,1,可预约,￥5.0,多云,15,13,3,0.0,100,28
2026-05-21 06:00:50,2026-05-21,2,乒乓球厅-14号,17:00-18:00,0,1,可预约,￥5.0,多云,15,13,4,0.0,99,28
2026-05-21 06:30:38,2026-05-21,2,乒乓球厅-14号,17:00-18:00,0,1,可预约,￥5.0,多云,15,13,3,0.0,97,28
2026-05-21 07:00:43,2026-05-21,2,乒乓球厅-14号,17:00-18:00,0,1,可预约,￥5.0,晴,15,11,5,0.0,93,28
2026-05-21 07:30:39,2026-05-21,2,乒乓球厅-14号,17:00-18:00,0,1,可预约,￥5.0,晴,17,13,4,0.0,89,29
2026-05-21 07:50:40,2026-05-21,2,乒乓球厅-14号,17:00-18:00,0,1,可预约,￥5.0,晴,17,13,4,0.0,88,29
2026-05-21 07:53:31,2026-05-21,2,乒乓球厅-14号,17:00-18:00,0,1,可预约,￥5.0,晴,17,12,5,0.0,86,29
2026-05-21 07:56:31,2026-05-21,2,乒乓球厅-14号,17:00-18:00,0,1,可预约,￥5.0,晴,17,12,5,0.0,86,29
2026-05-21 07:59:26,2026-05-21,2,乒乓球厅-14号,17:00-18:00,0,1,可预约,￥5.0,晴,17,12,5,0.0,86,29
2026-05-21 08:00:45,2026-05-21,2,乒乓球厅-14号,17:00-18:00,0,1,可预约,￥5.0,晴,17,12,5,0.0,86,29
2026-05-21 08:02:30,2026-05-21,2,乒乓球厅-14号,17:00-18:00,0,1,可预约,￥5.0,多云,17,12,5,0.0,87,29
2026-05-21 08:05:36,2026-05-21,2,乒乓球厅-14号,17:00-18:00,0,1,可预约,￥5.0,多云,17,12,5,0.0,86,29
2026-05-21 08:08:31,2026-05-21,2,乒乓球厅-14号,17:00-18:00,0,1,可预约,￥5.0,多云,17,12,5,0.0,86,29
2026-05-21 08:11:30,2026-05-21,2,乒乓球厅-14号,17:00-18:00,0,1,可预约,￥5.0,多云,17,12,5,0.0,86,29
2026-05-21 08:14:31,2026-05-21,2,乒乓球厅-14号,17:00-18:00,0,1,可预约,￥5.0,多云,17,12,5,0.0,86,29
2026-05-21 08:17:30,2026-05-21,2,乒乓球厅-14号,17:00-18:00,0,1,可预约,￥5.0,多云,17,12,5,0.0,86,29
2026-05-21 08:20:35,2026-05-21,2,乒乓球厅-14号,17:00-18:00,0,1,可预约,￥5.0,多云,17,14,4,0.0,85,29
2026-05-21 08:25:32,2026-05-21,2,乒乓球厅-14号,17:00-18:00,0,1,可预约,￥5.0,多云,17,14,4,0.0,85,28
2026-05-21 08:30:42,2026-05-21,2,乒乓球厅-14号,17:00-18:00,0,1,可预约,￥5.0,多云,18,15,4,0.0,84,28
2026-05-21 08:35:31,2026-05-21,2,乒乓球厅-14号,17:00-18:00,0,1,可预约,￥5.0,多云,18,15,4,0.0,84,28
2026-05-21 08:40:38,2026-05-21,2,乒乓球厅-14号,17:00-18:00,0,1,可预约,￥5.0,多云,18,15,4,0.0,82,28
2026-05-21 08:45:33,2026-05-21,2,乒乓球厅-14号,17:00-18:00,0,1,可预约,￥5.0,多云,18,15,4,0.0,82,28
2026-05-21 08:50:36,2026-05-21,2,乒乓球厅-14号,17:00-18:00,0,1,可预约,￥5.0,多云,18,15,4,0.0,82,28
2026-05-21 08:55:34,2026-05-21,2,乒乓球厅-14号,17:00-18:00,0,1,可预约,￥5.0,多云,18,15,4,0.0,84,28
2026-05-21 09:00:51,2026-05-21,2,乒乓球厅-14号,17:00-18:00,0,1,可预约,￥5.0,多云,18,15,4,0.0,84,28
2026-05-21 09:01:59,2026-05-21,2,乒乓球厅-14号,17:00-18:00,0,1,可预约,￥5.0,多云,18,15,4,0.0,83,28
2026-05-21 09:05:33,2026-05-21,2,乒乓球厅-14号,17:00-18:00,0,1,可预约,￥5.0,多云,18,15,4,0.0,83,28
2026-05-21 09:20:38,2026-05-21,2,乒乓球厅-14号,17:00-18:00,0,1,可预约,￥5.0,多云,18,16,3,0.0,81,28
2026-05-21 09:30:46,2026-05-21,2,乒乓球厅-14号,17:00-18:00,0,1,可预约,￥5.0,多云,18,16,3,0.0,81,32
2026-05-21 09:40:36,2026-05-21,2,乒乓球厅-14号,17:00-18:00,0,1,可预约,￥5.0,多云,19,17,3,0.0,79,32
2026-05-21 09:50:42,2026-05-21,2,乒乓球厅-14号,17:00-18:00,0,1,可预约,￥5.0,多云,19,17,4,0.0,81,32
2026-05-21 10:00:46,2026-05-21,2,乒乓球厅-14号,17:00-18:00,0,1,可预约,￥5.0,多云,19,17,4,0.0,79,32
2026-05-21 10:10:40,2026-05-21,2,乒乓球厅-14号,17:00-18:00,0,1,可预约,￥5.0,多云,19,17,4,0.0,79,32
2026-05-21 10:20:38,2026-05-21,2,乒乓球厅-14号,17:00-18:00,0,1,可预约,￥5.0,多云,19,17,4,0.0,79,32
2026-05-21 10:30:41,2026-05-21,2,乒乓球厅-14号,17:00-18:00,0,1,可预约,￥5.0,多云,19,18,3,0.0,78,31
2026-05-21 11:00:44,2026-05-21,2,乒乓球厅-14号,17:00-18:00,0,1,可预约,￥5.0,多云,21,17,5,0.0,74,31
2026-05-21 11:30:38,2026-05-21,2,乒乓球厅-14号,17:00-18:00,0,1,可预约,￥5.0,多云,21,19,3,0.0,72,33
2026-05-21 12:00:46,2026-05-21,2,乒乓球厅-14号,17:00-18:00,0,1,可预约,￥5.0,多云,22,19,4,0.0,70,33
2026-05-21 12:30:42,2026-05-21,2,乒乓球厅-14号,17:00-18:00,0,1,可预约,￥5.0,多云,22,21,3,0.0,68,35
2026-05-21 13:00:43,2026-05-21,2,乒乓球厅-14号,17:00-18:00,0,1,可预约,￥5.0,多云,24,22,4,0.0,66,35
2026-05-21 13:30:43,2026-05-21,2,乒乓球厅-14号,17:00-18:00,0,1,可预约,￥5.0,多云,24,22,4,0.0,66,36
2026-05-21 14:00:48,2026-05-21,2,乒乓球厅-14号,17:00-18:00,0,1,可预约,￥5.0,多云,25,23,4,0.0,66,36
2026-05-21 14:30:45,2026-05-21,2,乒乓球厅-14号,17:00-18:00,0,1,可预约,￥5.0,晴,25,25,3,0.0,65,39
2026-05-21 15:00:45,2026-05-21,2,乒乓球厅-14号,17:00-18:00,0,1,可预约,￥5.0,晴,25,22,4,0.0,56,39
2026-05-21 15:30:43,2026-05-21,2,乒乓球厅-14号,17:00-18:00,0,1,可预约,￥5.0,晴,25,23,4,0.0,57,40
2026-05-21 16:00:51,2026-05-21,2,乒乓球厅-14号,17:00-18:00,0,1,可预约,￥5.0,晴,25,23,4,0.0,57,40
2026-05-21 16:30:48,2026-05-21,2,乒乓球厅-14号,17:00-18:00,0,1,可预约,￥5.0,晴,25,24,3,0.0,60,39
2026-05-21 17:00:49,2026-05-21,2,乒乓球厅-14号,17:00-18:00,0,1,可预约,￥5.0,晴,25,24,4,0.0,61,39
2026-05-21 17:30:47,2026-05-21,2,乒乓球厅-14号,17:00-18:00,0,1,可预约,￥5.0,多云,24,23,3,0.0,64,39
2026-05-21 18:00:50,2026-05-21,2,乒乓球厅-14号,17:00-18:00,0,1,不开放/已过期,,多云,24,23,3,0.0,68,39
2026-05-21 18:30:50,2026-05-21,2,乒乓球厅-14号,17:00-18:00,0,1,不开放/已过期,,阴,24,25,2,0.0,68,40
2026-05-21 19:00:50,2026-05-21,2,乒乓球厅-14号,17:00-18:00,0,1,不开放/已过期,,阴,23,23,3,0.0,76,40
2026-05-21 19:30:46,2026-05-21,2,乒乓球厅-14号,17:00-18:00,0,1,不开放/已过期,,阴,23,24,2,0.0,77,39
2026-05-21 20:00:49,2026-05-21,2,乒乓球厅-14号,17:00-18:00,0,1,不开放/已过期,,雾,22,23,2,0.0,89,39
2026-05-21 20:30:44,2026-05-21,2,乒乓球厅-14号,17:00-18:00,0,1,不开放/已过期,,雾,22,24,2,0.0,93,43
2026-05-21 21:00:56,2026-05-21,2,乒乓球厅-14号,17:00-18:00,0,1,不开放/已过期,,雾,20,21,2,0.0,98,43
2026-05-21 21:30:46,2026-05-21,2,乒乓球厅-14号,17:00-18:00,0,1,不开放/已过期,,雾,20,22,1,0.0,99,41
2026-05-21 22:01:02,2026-05-21,2,乒乓球厅-14号,17:00-18:00,0,1,不开放/已过期,,雾,19,20,2,0.0,93,41
2026-05-21 22:30:47,2026-05-21,2,乒乓球厅-14号,17:00-18:00,0,1,不开放/已过期,,雾,19,19,3,0.0,88,46
2026-05-21 23:00:56,2026-05-21,2,乒乓球厅-14号,17:00-18:00,0,1,不开放/已过期,,多云,18,17,3,0.0,85,46
2026-05-21 23:30:55,2026-05-21,2,乒乓球厅-14号,17:00-18:00,0,1,不开放/已过期,,多云,18,17,3,0.0,85,48
2026-05-21 00:30:49,2026-05-21,2,乒乓球厅-14号,18:30-19:30,0,1,可预约,￥5.0,多云,15,13,3,0.0,100,26
2026-05-21 01:00:55,2026-05-21,2,乒乓球厅-14号,18:30-19:30,0,1,可预约,￥5.0,多云,15,12,4,0.0,100,26
2026-05-21 01:30:47,2026-05-21,2,乒乓球厅-14号,18:30-19:30,0,1,可预约,￥5.0,多云,15,13,4,0.0,100,28
2026-05-21 02:00:53,2026-05-21,2,乒乓球厅-14号,18:30-19:30,0,1,可预约,￥5.0,多云,15,12,4,0.0,100,28
2026-05-21 02:30:49,2026-05-21,2,乒乓球厅-14号,18:30-19:30,0,1,可预约,￥5.0,多云,15,14,3,0.0,100,29
2026-05-21 03:00:55,2026-05-21,2,乒乓球厅-14号,18:30-19:30,0,1,可预约,￥5.0,多云,15,12,4,0.0,100,29
2026-05-21 03:30:49,2026-05-21,2,乒乓球厅-14号,18:30-19:30,0,1,可预约,￥5.0,多云,15,14,3,0.0,100,30
2026-05-21 04:30:45,2026-05-21,2,乒乓球厅-14号,18:30-19:30,0,1,可预约,￥5.0,多云,15,12,4,0.0,100,29
2026-05-21 05:00:52,2026-05-21,2,乒乓球厅-14号,18:30-19:30,0,1,可预约,￥5.0,多云,15,12,4,0.0,100,29
2026-05-21 05:30:49,2026-05-21,2,乒乓球厅-14号,18:30-19:30,0,1,可预约,￥5.0,多云,15,13,3,0.0,100,28
2026-05-21 06:00:50,2026-05-21,2,乒乓球厅-14号,18:30-19:30,0,1,可预约,￥5.0,多云,15,13,4,0.0,99,28
2026-05-21 06:30:38,2026-05-21,2,乒乓球厅-14号,18:30-19:30,0,1,可预约,￥5.0,多云,15,13,3,0.0,97,28
2026-05-21 07:00:43,2026-05-21,2,乒乓球厅-14号,18:30-19:30,0,1,可预约,￥5.0,晴,15,11,5,0.0,93,28
2026-05-21 07:30:39,2026-05-21,2,乒乓球厅-14号,18:30-19:30,0,1,可预约,￥5.0,晴,17,13,4,0.0,89,29
2026-05-21 07:50:40,2026-05-21,2,乒乓球厅-14号,18:30-19:30,0,1,可预约,￥5.0,晴,17,13,4,0.0,88,29
2026-05-21 07:53:31,2026-05-21,2,乒乓球厅-14号,18:30-19:30,0,1,可预约,￥5.0,晴,17,12,5,0.0,86,29
2026-05-21 07:56:31,2026-05-21,2,乒乓球厅-14号,18:30-19:30,0,1,可预约,￥5.0,晴,17,12,5,0.0,86,29
2026-05-21 07:59:26,2026-05-21,2,乒乓球厅-14号,18:30-19:30,0,1,可预约,￥5.0,晴,17,12,5,0.0,86,29
2026-05-21 08:00:45,2026-05-21,2,乒乓球厅-14号,18:30-19:30,0,1,可预约,￥5.0,晴,17,12,5,0.0,86,29
2026-05-21 08:02:30,2026-05-21,2,乒乓球厅-14号,18:30-19:30,0,1,可预约,￥5.0,多云,17,12,5,0.0,87,29
2026-05-21 08:05:36,2026-05-21,2,乒乓球厅-14号,18:30-19:30,0,1,可预约,￥5.0,多云,17,12,5,0.0,86,29
2026-05-21 08:08:31,2026-05-21,2,乒乓球厅-14号,18:30-19:30,0,1,可预约,￥5.0,多云,17,12,5,0.0,86,29
2026-05-21 08:11:30,2026-05-21,2,乒乓球厅-14号,18:30-19:30,0,1,可预约,￥5.0,多云,17,12,5,0.0,86,29
2026-05-21 08:14:31,2026-05-21,2,乒乓球厅-14号,18:30-19:30,0,1,可预约,￥5.0,多云,17,12,5,0.0,86,29
2026-05-21 08:17:30,2026-05-21,2,乒乓球厅-14号,18:30-19:30,0,1,可预约,￥5.0,多云,17,12,5,0.0,86,29
2026-05-21 08:20:35,2026-05-21,2,乒乓球厅-14号,18:30-19:30,0,1,可预约,￥5.0,多云,17,14,4,0.0,85,29
2026-05-21 08:25:32,2026-05-21,2,乒乓球厅-14号,18:30-19:30,0,1,可预约,￥5.0,多云,17,14,4,0.0,85,28
2026-05-21 08:30:42,2026-05-21,2,乒乓球厅-14号,18:30-19:30,0,1,可预约,￥5.0,多云,18,15,4,0.0,84,28
2026-05-21 08:35:31,2026-05-21,2,乒乓球厅-14号,18:30-19:30,0,1,可预约,￥5.0,多云,18,15,4,0.0,84,28
2026-05-21 08:40:38,2026-05-21,2,乒乓球厅-14号,18:30-19:30,0,1,可预约,￥5.0,多云,18,15,4,0.0,82,28
2026-05-21 08:45:33,2026-05-21,2,乒乓球厅-14号,18:30-19:30,0,1,可预约,￥5.0,多云,18,15,4,0.0,82,28
2026-05-21 08:50:36,2026-05-21,2,乒乓球厅-14号,18:30-19:30,0,1,可预约,￥5.0,多云,18,15,4,0.0,82,28
2026-05-21 08:55:34,2026-05-21,2,乒乓球厅-14号,18:30-19:30,0,1,可预约,￥5.0,多云,18,15,4,0.0,84,28
2026-05-21 09:00:51,2026-05-21,2,乒乓球厅-14号,18:30-19:30,0,1,可预约,￥5.0,多云,18,15,4,0.0,84,28
2026-05-21 09:01:59,2026-05-21,2,乒乓球厅-14号,18:30-19:30,0,1,可预约,￥5.0,多云,18,15,4,0.0,83,28
2026-05-21 09:05:33,2026-05-21,2,乒乓球厅-14号,18:30-19:30,0,1,可预约,￥5.0,多云,18,15,4,0.0,83,28
2026-05-21 09:20:38,2026-05-21,2,乒乓球厅-14号,18:30-19:30,0,1,可预约,￥5.0,多云,18,16,3,0.0,81,28
2026-05-21 09:30:46,2026-05-21,2,乒乓球厅-14号,18:30-19:30,0,1,可预约,￥5.0,多云,18,16,3,0.0,81,32
2026-05-21 09:40:36,2026-05-21,2,乒乓球厅-14号,18:30-19:30,0,1,可预约,￥5.0,多云,19,17,3,0.0,79,32
2026-05-21 09:50:42,2026-05-21,2,乒乓球厅-14号,18:30-19:30,0,1,可预约,￥5.0,多云,19,17,4,0.0,81,32
2026-05-21 10:00:46,2026-05-21,2,乒乓球厅-14号,18:30-19:30,0,1,可预约,￥5.0,多云,19,17,4,0.0,79,32
2026-05-21 10:10:40,2026-05-21,2,乒乓球厅-14号,18:30-19:30,0,1,可预约,￥5.0,多云,19,17,4,0.0,79,32
2026-05-21 10:20:38,2026-05-21,2,乒乓球厅-14号,18:30-19:30,0,1,可预约,￥5.0,多云,19,17,4,0.0,79,32
2026-05-21 10:30:41,2026-05-21,2,乒乓球厅-14号,18:30-19:30,0,1,可预约,￥5.0,多云,19,18,3,0.0,78,31
2026-05-21 11:00:44,2026-05-21,2,乒乓球厅-14号,18:30-19:30,0,1,可预约,￥5.0,多云,21,17,5,0.0,74,31
2026-05-21 11:30:38,2026-05-21,2,乒乓球厅-14号,18:30-19:30,0,1,可预约,￥5.0,多云,21,19,3,0.0,72,33
2026-05-21 12:00:46,2026-05-21,2,乒乓球厅-14号,18:30-19:30,0,1,可预约,￥5.0,多云,22,19,4,0.0,70,33
2026-05-21 12:30:42,2026-05-21,2,乒乓球厅-14号,18:30-19:30,0,1,可预约,￥5.0,多云,22,21,3,0.0,68,35
2026-05-21 13:00:43,2026-05-21,2,乒乓球厅-14号,18:30-19:30,0,1,可预约,￥5.0,多云,24,22,4,0.0,66,35
2026-05-21 13:30:43,2026-05-21,2,乒乓球厅-14号,18:30-19:30,0,1,可预约,￥5.0,多云,24,22,4,0.0,66,36
2026-05-21 14:00:48,2026-05-21,2,乒乓球厅-14号,18:30-19:30,0,1,可预约,￥5.0,多云,25,23,4,0.0,66,36
2026-05-21 14:30:45,2026-05-21,2,乒乓球厅-14号,18:30-19:30,0,1,可预约,￥5.0,晴,25,25,3,0.0,65,39
2026-05-21 15:00:45,2026-05-21,2,乒乓球厅-14号,18:30-19:30,0,1,可预约,￥5.0,晴,25,22,4,0.0,56,39
2026-05-21 15:30:43,2026-05-21,2,乒乓球厅-14号,18:30-19:30,0,1,可预约,￥5.0,晴,25,23,4,0.0,57,40
2026-05-21 16:00:51,2026-05-21,2,乒乓球厅-14号,18:30-19:30,0,1,可预约,￥5.0,晴,25,23,4,0.0,57,40
2026-05-21 16:30:48,2026-05-21,2,乒乓球厅-14号,18:30-19:30,0,1,可预约,￥5.0,晴,25,24,3,0.0,60,39
2026-05-21 17:00:49,2026-05-21,2,乒乓球厅-14号,18:30-19:30,0,1,可预约,￥5.0,晴,25,24,4,0.0,61,39
2026-05-21 17:30:47,2026-05-21,2,乒乓球厅-14号,18:30-19:30,0,1,可预约,￥5.0,多云,24,23,3,0.0,64,39
2026-05-21 18:00:50,2026-05-21,2,乒乓球厅-14号,18:30-19:30,0,1,可预约,￥5.0,多云,24,23,3,0.0,68,39
2026-05-21 18:30:50,2026-05-21,2,乒乓球厅-14号,18:30-19:30,0,1,可预约,￥5.0,阴,24,25,2,0.0,68,40
2026-05-21 19:00:50,2026-05-21,2,乒乓球厅-14号,18:30-19:30,0,1,可预约,￥5.0,阴,23,23,3,0.0,76,40
2026-05-21 19:30:46,2026-05-21,2,乒乓球厅-14号,18:30-19:30,0,1,不开放/已过期,,阴,23,24,2,0.0,77,39
2026-05-21 20:00:49,2026-05-21,2,乒乓球厅-14号,18:30-19:30,0,1,不开放/已过期,,雾,22,23,2,0.0,89,39
2026-05-21 20:30:44,2026-05-21,2,乒乓球厅-14号,18:30-19:30,0,1,不开放/已过期,,雾,22,24,2,0.0,93,43
2026-05-21 21:00:56,2026-05-21,2,乒乓球厅-14号,18:30-19:30,0,1,不开放/已过期,,雾,20,21,2,0.0,98,43
2026-05-21 21:30:46,2026-05-21,2,乒乓球厅-14号,18:30-19:30,0,1,不开放/已过期,,雾,20,22,1,0.0,99,41
2026-05-21 22:01:02,2026-05-21,2,乒乓球厅-14号,18:30-19:30,0,1,不开放/已过期,,雾,19,20,2,0.0,93,41
2026-05-21 22:30:47,2026-05-21,2,乒乓球厅-14号,18:30-19:30,0,1,不开放/已过期,,雾,19,19,3,0.0,88,46
2026-05-21 23:00:56,2026-05-21,2,乒乓球厅-14号,18:30-19:30,0,1,不开放/已过期,,多云,18,17,3,0.0,85,46
2026-05-21 23:30:55,2026-05-21,2,乒乓球厅-14号,18:30-19:30,0,1,不开放/已过期,,多云,18,17,3,0.0,85,48
2026-05-21 00:30:49,2026-05-21,2,乒乓球厅-14号,19:30-20:30,0,1,可预约,￥5.0,多云,15,13,3,0.0,100,26
2026-05-21 01:00:55,2026-05-21,2,乒乓球厅-14号,19:30-20:30,0,1,可预约,￥5.0,多云,15,12,4,0.0,100,26
2026-05-21 01:30:47,2026-05-21,2,乒乓球厅-14号,19:30-20:30,0,1,可预约,￥5.0,多云,15,13,4,0.0,100,28
2026-05-21 02:00:53,2026-05-21,2,乒乓球厅-14号,19:30-20:30,0,1,可预约,￥5.0,多云,15,12,4,0.0,100,28
2026-05-21 02:30:49,2026-05-21,2,乒乓球厅-14号,19:30-20:30,0,1,可预约,￥5.0,多云,15,14,3,0.0,100,29
2026-05-21 03:00:55,2026-05-21,2,乒乓球厅-14号,19:30-20:30,0,1,可预约,￥5.0,多云,15,12,4,0.0,100,29
2026-05-21 03:30:49,2026-05-21,2,乒乓球厅-14号,19:30-20:30,0,1,可预约,￥5.0,多云,15,14,3,0.0,100,30
2026-05-21 04:30:45,2026-05-21,2,乒乓球厅-14号,19:30-20:30,0,1,可预约,￥5.0,多云,15,12,4,0.0,100,29
2026-05-21 05:00:52,2026-05-21,2,乒乓球厅-14号,19:30-20:30,0,1,可预约,￥5.0,多云,15,12,4,0.0,100,29
2026-05-21 05:30:49,2026-05-21,2,乒乓球厅-14号,19:30-20:30,0,1,可预约,￥5.0,多云,15,13,3,0.0,100,28
2026-05-21 06:00:50,2026-05-21,2,乒乓球厅-14号,19:30-20:30,0,1,可预约,￥5.0,多云,15,13,4,0.0,99,28
2026-05-21 06:30:38,2026-05-21,2,乒乓球厅-14号,19:30-20:30,0,1,可预约,￥5.0,多云,15,13,3,0.0,97,28
2026-05-21 07:00:43,2026-05-21,2,乒乓球厅-14号,19:30-20:30,0,1,可预约,￥5.0,晴,15,11,5,0.0,93,28
2026-05-21 07:30:39,2026-05-21,2,乒乓球厅-14号,19:30-20:30,0,1,可预约,￥5.0,晴,17,13,4,0.0,89,29
2026-05-21 07:50:40,2026-05-21,2,乒乓球厅-14号,19:30-20:30,0,1,可预约,￥5.0,晴,17,13,4,0.0,88,29
2026-05-21 07:53:31,2026-05-21,2,乒乓球厅-14号,19:30-20:30,0,1,可预约,￥5.0,晴,17,12,5,0.0,86,29
2026-05-21 07:56:31,2026-05-21,2,乒乓球厅-14号,19:30-20:30,0,1,可预约,￥5.0,晴,17,12,5,0.0,86,29
2026-05-21 07:59:26,2026-05-21,2,乒乓球厅-14号,19:30-20:30,0,1,可预约,￥5.0,晴,17,12,5,0.0,86,29
2026-05-21 08:00:45,2026-05-21,2,乒乓球厅-14号,19:30-20:30,0,1,可预约,￥5.0,晴,17,12,5,0.0,86,29
2026-05-21 08:02:30,2026-05-21,2,乒乓球厅-14号,19:30-20:30,0,1,可预约,￥5.0,多云,17,12,5,0.0,87,29
2026-05-21 08:05:36,2026-05-21,2,乒乓球厅-14号,19:30-20:30,0,1,可预约,￥5.0,多云,17,12,5,0.0,86,29
2026-05-21 08:08:31,2026-05-21,2,乒乓球厅-14号,19:30-20:30,0,1,可预约,￥5.0,多云,17,12,5,0.0,86,29
2026-05-21 08:11:30,2026-05-21,2,乒乓球厅-14号,19:30-20:30,0,1,可预约,￥5.0,多云,17,12,5,0.0,86,29
2026-05-21 08:14:31,2026-05-21,2,乒乓球厅-14号,19:30-20:30,0,1,可预约,￥5.0,多云,17,12,5,0.0,86,29
2026-05-21 08:17:30,2026-05-21,2,乒乓球厅-14号,19:30-20:30,0,1,可预约,￥5.0,多云,17,12,5,0.0,86,29
2026-05-21 08:20:35,2026-05-21,2,乒乓球厅-14号,19:30-20:30,0,1,可预约,￥5.0,多云,17,14,4,0.0,85,29
2026-05-21 08:25:32,2026-05-21,2,乒乓球厅-14号,19:30-20:30,0,1,可预约,￥5.0,多云,17,14,4,0.0,85,28
2026-05-21 08:30:42,2026-05-21,2,乒乓球厅-14号,19:30-20:30,0,1,可预约,￥5.0,多云,18,15,4,0.0,84,28
2026-05-21 08:35:31,2026-05-21,2,乒乓球厅-14号,19:30-20:30,0,1,可预约,￥5.0,多云,18,15,4,0.0,84,28
2026-05-21 08:40:38,2026-05-21,2,乒乓球厅-14号,19:30-20:30,0,1,可预约,￥5.0,多云,18,15,4,0.0,82,28
2026-05-21 08:45:33,2026-05-21,2,乒乓球厅-14号,19:30-20:30,0,1,可预约,￥5.0,多云,18,15,4,0.0,82,28
2026-05-21 08:50:36,2026-05-21,2,乒乓球厅-14号,19:30-20:30,0,1,可预约,￥5.0,多云,18,15,4,0.0,82,28
2026-05-21 08:55:34,2026-05-21,2,乒乓球厅-14号,19:30-20:30,0,1,可预约,￥5.0,多云,18,15,4,0.0,84,28
2026-05-21 09:00:51,2026-05-21,2,乒乓球厅-14号,19:30-20:30,0,1,可预约,￥5.0,多云,18,15,4,0.0,84,28
2026-05-21 09:01:59,2026-05-21,2,乒乓球厅-14号,19:30-20:30,0,1,可预约,￥5.0,多云,18,15,4,0.0,83,28
2026-05-21 09:05:33,2026-05-21,2,乒乓球厅-14号,19:30-20:30,0,1,可预约,￥5.0,多云,18,15,4,0.0,83,28
2026-05-21 09:20:38,2026-05-21,2,乒乓球厅-14号,19:30-20:30,0,1,可预约,￥5.0,多云,18,16,3,0.0,81,28
2026-05-21 09:30:46,2026-05-21,2,乒乓球厅-14号,19:30-20:30,0,1,可预约,￥5.0,多云,18,16,3,0.0,81,32
2026-05-21 09:40:36,2026-05-21,2,乒乓球厅-14号,19:30-20:30,0,1,可预约,￥5.0,多云,19,17,3,0.0,79,32
2026-05-21 09:50:42,2026-05-21,2,乒乓球厅-14号,19:30-20:30,0,1,可预约,￥5.0,多云,19,17,4,0.0,81,32
2026-05-21 10:00:46,2026-05-21,2,乒乓球厅-14号,19:30-20:30,0,1,可预约,￥5.0,多云,19,17,4,0.0,79,32
2026-05-21 10:10:40,2026-05-21,2,乒乓球厅-14号,19:30-20:30,0,1,可预约,￥5.0,多云,19,17,4,0.0,79,32
2026-05-21 10:20:38,2026-05-21,2,乒乓球厅-14号,19:30-20:30,0,1,可预约,￥5.0,多云,19,17,4,0.0,79,32
2026-05-21 10:30:41,2026-05-21,2,乒乓球厅-14号,19:30-20:30,0,1,可预约,￥5.0,多云,19,18,3,0.0,78,31
2026-05-21 11:00:44,2026-05-21,2,乒乓球厅-14号,19:30-20:30,0,1,可预约,￥5.0,多云,21,17,5,0.0,74,31
2026-05-21 11:30:38,2026-05-21,2,乒乓球厅-14号,19:30-20:30,0,1,可预约,￥5.0,多云,21,19,3,0.0,72,33
2026-05-21 12:00:46,2026-05-21,2,乒乓球厅-14号,19:30-20:30,0,1,可预约,￥5.0,多云,22,19,4,0.0,70,33
2026-05-21 12:30:42,2026-05-21,2,乒乓球厅-14号,19:30-20:30,0,1,可预约,￥5.0,多云,22,21,3,0.0,68,35
2026-05-21 13:00:43,2026-05-21,2,乒乓球厅-14号,19:30-20:30,0,1,可预约,￥5.0,多云,24,22,4,0.0,66,35
2026-05-21 13:30:43,2026-05-21,2,乒乓球厅-14号,19:30-20:30,0,1,可预约,￥5.0,多云,24,22,4,0.0,66,36
2026-05-21 14:00:48,2026-05-21,2,乒乓球厅-14号,19:30-20:30,0,1,可预约,￥5.0,多云,25,23,4,0.0,66,36
2026-05-21 14:30:45,2026-05-21,2,乒乓球厅-14号,19:30-20:30,0,1,可预约,￥5.0,晴,25,25,3,0.0,65,39
2026-05-21 15:00:45,2026-05-21,2,乒乓球厅-14号,19:30-20:30,0,1,可预约,￥5.0,晴,25,22,4,0.0,56,39
2026-05-21 15:30:43,2026-05-21,2,乒乓球厅-14号,19:30-20:30,0,1,可预约,￥5.0,晴,25,23,4,0.0,57,40
2026-05-21 16:00:51,2026-05-21,2,乒乓球厅-14号,19:30-20:30,0,1,可预约,￥5.0,晴,25,23,4,0.0,57,40
2026-05-21 16:30:48,2026-05-21,2,乒乓球厅-14号,19:30-20:30,0,1,可预约,￥5.0,晴,25,24,3,0.0,60,39
2026-05-21 17:00:49,2026-05-21,2,乒乓球厅-14号,19:30-20:30,0,1,可预约,￥5.0,晴,25,24,4,0.0,61,39
2026-05-21 17:30:47,2026-05-21,2,乒乓球厅-14号,19:30-20:30,0,1,可预约,￥5.0,多云,24,23,3,0.0,64,39
2026-05-21 18:00:50,2026-05-21,2,乒乓球厅-14号,19:30-20:30,0,1,可预约,￥5.0,多云,24,23,3,0.0,68,39
2026-05-21 18:30:50,2026-05-21,2,乒乓球厅-14号,19:30-20:30,0,1,可预约,￥5.0,阴,24,25,2,0.0,68,40
2026-05-21 19:00:50,2026-05-21,2,乒乓球厅-14号,19:30-20:30,0,1,可预约,￥5.0,阴,23,23,3,0.0,76,40
2026-05-21 19:30:46,2026-05-21,2,乒乓球厅-14号,19:30-20:30,0,1,可预约,￥5.0,阴,23,24,2,0.0,77,39
2026-05-21 20:00:49,2026-05-21,2,乒乓球厅-14号,19:30-20:30,0,1,可预约,￥5.0,雾,22,23,2,0.0,89,39
2026-05-21 20:30:44,2026-05-21,2,乒乓球厅-14号,19:30-20:30,0,1,不开放/已过期,,雾,22,24,2,0.0,93,43
2026-05-21 21:00:56,2026-05-21,2,乒乓球厅-14号,19:30-20:30,0,1,不开放/已过期,,雾,20,21,2,0.0,98,43
2026-05-21 21:30:46,2026-05-21,2,乒乓球厅-14号,19:30-20:30,0,1,不开放/已过期,,雾,20,22,1,0.0,99,41
2026-05-21 22:01:02,2026-05-21,2,乒乓球厅-14号,19:30-20:30,0,1,不开放/已过期,,雾,19,20,2,0.0,93,41
2026-05-21 22:30:47,2026-05-21,2,乒乓球厅-14号,19:30-20:30,0,1,不开放/已过期,,雾,19,19,3,0.0,88,46
2026-05-21 23:00:56,2026-05-21,2,乒乓球厅-14号,19:30-20:30,0,1,不开放/已过期,,多云,18,17,3,0.0,85,46
2026-05-21 23:30:55,2026-05-21,2,乒乓球厅-14号,19:30-20:30,0,1,不开放/已过期,,多云,18,17,3,0.0,85,48
2026-05-21 00:30:49,2026-05-21,2,乒乓球厅-14号,20:30-21:30,0,1,可预约,￥5.0,多云,15,13,3,0.0,100,26
2026-05-21 01:00:55,2026-05-21,2,乒乓球厅-14号,20:30-21:30,0,1,可预约,￥5.0,多云,15,12,4,0.0,100,26
2026-05-21 01:30:47,2026-05-21,2,乒乓球厅-14号,20:30-21:30,0,1,可预约,￥5.0,多云,15,13,4,0.0,100,28
2026-05-21 02:00:53,2026-05-21,2,乒乓球厅-14号,20:30-21:30,0,1,可预约,￥5.0,多云,15,12,4,0.0,100,28
2026-05-21 02:30:49,2026-05-21,2,乒乓球厅-14号,20:30-21:30,0,1,可预约,￥5.0,多云,15,14,3,0.0,100,29
2026-05-21 03:00:55,2026-05-21,2,乒乓球厅-14号,20:30-21:30,0,1,可预约,￥5.0,多云,15,12,4,0.0,100,29
2026-05-21 03:30:49,2026-05-21,2,乒乓球厅-14号,20:30-21:30,0,1,可预约,￥5.0,多云,15,14,3,0.0,100,30
2026-05-21 04:30:45,2026-05-21,2,乒乓球厅-14号,20:30-21:30,0,1,可预约,￥5.0,多云,15,12,4,0.0,100,29
2026-05-21 05:00:52,2026-05-21,2,乒乓球厅-14号,20:30-21:30,0,1,可预约,￥5.0,多云,15,12,4,0.0,100,29
2026-05-21 05:30:49,2026-05-21,2,乒乓球厅-14号,20:30-21:30,0,1,可预约,￥5.0,多云,15,13,3,0.0,100,28
2026-05-21 06:00:50,2026-05-21,2,乒乓球厅-14号,20:30-21:30,0,1,可预约,￥5.0,多云,15,13,4,0.0,99,28
2026-05-21 06:30:38,2026-05-21,2,乒乓球厅-14号,20:30-21:30,0,1,可预约,￥5.0,多云,15,13,3,0.0,97,28
2026-05-21 07:00:43,2026-05-21,2,乒乓球厅-14号,20:30-21:30,0,1,可预约,￥5.0,晴,15,11,5,0.0,93,28
2026-05-21 07:30:39,2026-05-21,2,乒乓球厅-14号,20:30-21:30,0,1,可预约,￥5.0,晴,17,13,4,0.0,89,29
2026-05-21 07:50:40,2026-05-21,2,乒乓球厅-14号,20:30-21:30,0,1,可预约,￥5.0,晴,17,13,4,0.0,88,29
2026-05-21 07:53:31,2026-05-21,2,乒乓球厅-14号,20:30-21:30,0,1,可预约,￥5.0,晴,17,12,5,0.0,86,29
2026-05-21 07:56:31,2026-05-21,2,乒乓球厅-14号,20:30-21:30,0,1,可预约,￥5.0,晴,17,12,5,0.0,86,29
2026-05-21 07:59:26,2026-05-21,2,乒乓球厅-14号,20:30-21:30,0,1,可预约,￥5.0,晴,17,12,5,0.0,86,29
2026-05-21 08:00:45,2026-05-21,2,乒乓球厅-14号,20:30-21:30,0,1,可预约,￥5.0,晴,17,12,5,0.0,86,29
2026-05-21 08:02:30,2026-05-21,2,乒乓球厅-14号,20:30-21:30,0,1,可预约,￥5.0,多云,17,12,5,0.0,87,29
2026-05-21 08:05:36,2026-05-21,2,乒乓球厅-14号,20:30-21:30,0,1,可预约,￥5.0,多云,17,12,5,0.0,86,29
2026-05-21 08:08:31,2026-05-21,2,乒乓球厅-14号,20:30-21:30,0,1,可预约,￥5.0,多云,17,12,5,0.0,86,29
2026-05-21 08:11:30,2026-05-21,2,乒乓球厅-14号,20:30-21:30,0,1,可预约,￥5.0,多云,17,12,5,0.0,86,29
2026-05-21 08:14:31,2026-05-21,2,乒乓球厅-14号,20:30-21:30,0,1,可预约,￥5.0,多云,17,12,5,0.0,86,29
2026-05-21 08:17:30,2026-05-21,2,乒乓球厅-14号,20:30-21:30,0,1,可预约,￥5.0,多云,17,12,5,0.0,86,29
2026-05-21 08:20:35,2026-05-21,2,乒乓球厅-14号,20:30-21:30,0,1,可预约,￥5.0,多云,17,14,4,0.0,85,29
2026-05-21 08:25:32,2026-05-21,2,乒乓球厅-14号,20:30-21:30,0,1,可预约,￥5.0,多云,17,14,4,0.0,85,28
2026-05-21 08:30:42,2026-05-21,2,乒乓球厅-14号,20:30-21:30,0,1,可预约,￥5.0,多云,18,15,4,0.0,84,28
2026-05-21 08:35:31,2026-05-21,2,乒乓球厅-14号,20:30-21:30,0,1,可预约,￥5.0,多云,18,15,4,0.0,84,28
2026-05-21 08:40:38,2026-05-21,2,乒乓球厅-14号,20:30-21:30,0,1,可预约,￥5.0,多云,18,15,4,0.0,82,28
2026-05-21 08:45:33,2026-05-21,2,乒乓球厅-14号,20:30-21:30,0,1,可预约,￥5.0,多云,18,15,4,0.0,82,28
2026-05-21 08:50:36,2026-05-21,2,乒乓球厅-14号,20:30-21:30,0,1,可预约,￥5.0,多云,18,15,4,0.0,82,28
2026-05-21 08:55:34,2026-05-21,2,乒乓球厅-14号,20:30-21:30,0,1,可预约,￥5.0,多云,18,15,4,0.0,84,28
2026-05-21 09:00:51,2026-05-21,2,乒乓球厅-14号,20:30-21:30,0,1,可预约,￥5.0,多云,18,15,4,0.0,84,28
2026-05-21 09:01:59,2026-05-21,2,乒乓球厅-14号,20:30-21:30,0,1,可预约,￥5.0,多云,18,15,4,0.0,83,28
2026-05-21 09:05:33,2026-05-21,2,乒乓球厅-14号,20:30-21:30,0,1,可预约,￥5.0,多云,18,15,4,0.0,83,28
2026-05-21 09:20:38,2026-05-21,2,乒乓球厅-14号,20:30-21:30,0,1,可预约,￥5.0,多云,18,16,3,0.0,81,28
2026-05-21 09:30:46,2026-05-21,2,乒乓球厅-14号,20:30-21:30,0,1,可预约,￥5.0,多云,18,16,3,0.0,81,32
2026-05-21 09:40:36,2026-05-21,2,乒乓球厅-14号,20:30-21:30,0,1,可预约,￥5.0,多云,19,17,3,0.0,79,32
2026-05-21 09:50:42,2026-05-21,2,乒乓球厅-14号,20:30-21:30,0,1,可预约,￥5.0,多云,19,17,4,0.0,81,32
2026-05-21 10:00:46,2026-05-21,2,乒乓球厅-14号,20:30-21:30,0,1,可预约,￥5.0,多云,19,17,4,0.0,79,32
2026-05-21 10:10:40,2026-05-21,2,乒乓球厅-14号,20:30-21:30,0,1,可预约,￥5.0,多云,19,17,4,0.0,79,32
2026-05-21 10:20:38,2026-05-21,2,乒乓球厅-14号,20:30-21:30,0,1,可预约,￥5.0,多云,19,17,4,0.0,79,32
2026-05-21 10:30:41,2026-05-21,2,乒乓球厅-14号,20:30-21:30,0,1,可预约,￥5.0,多云,19,18,3,0.0,78,31
2026-05-21 11:00:44,2026-05-21,2,乒乓球厅-14号,20:30-21:30,0,1,可预约,￥5.0,多云,21,17,5,0.0,74,31
2026-05-21 11:30:38,2026-05-21,2,乒乓球厅-14号,20:30-21:30,0,1,可预约,￥5.0,多云,21,19,3,0.0,72,33
2026-05-21 12:00:46,2026-05-21,2,乒乓球厅-14号,20:30-21:30,0,1,可预约,￥5.0,多云,22,19,4,0.0,70,33
2026-05-21 12:30:42,2026-05-21,2,乒乓球厅-14号,20:30-21:30,0,1,可预约,￥5.0,多云,22,21,3,0.0,68,35
2026-05-21 13:00:43,2026-05-21,2,乒乓球厅-14号,20:30-21:30,0,1,可预约,￥5.0,多云,24,22,4,0.0,66,35
2026-05-21 13:30:43,2026-05-21,2,乒乓球厅-14号,20:30-21:30,0,1,可预约,￥5.0,多云,24,22,4,0.0,66,36
2026-05-21 14:00:48,2026-05-21,2,乒乓球厅-14号,20:30-21:30,0,1,可预约,￥5.0,多云,25,23,4,0.0,66,36
2026-05-21 14:30:45,2026-05-21,2,乒乓球厅-14号,20:30-21:30,0,1,可预约,￥5.0,晴,25,25,3,0.0,65,39
2026-05-21 15:00:45,2026-05-21,2,乒乓球厅-14号,20:30-21:30,0,1,可预约,￥5.0,晴,25,22,4,0.0,56,39
2026-05-21 15:30:43,2026-05-21,2,乒乓球厅-14号,20:30-21:30,0,1,可预约,￥5.0,晴,25,23,4,0.0,57,40
2026-05-21 16:00:51,2026-05-21,2,乒乓球厅-14号,20:30-21:30,0,1,可预约,￥5.0,晴,25,23,4,0.0,57,40
2026-05-21 16:30:48,2026-05-21,2,乒乓球厅-14号,20:30-21:30,0,1,可预约,￥5.0,晴,25,24,3,0.0,60,39
2026-05-21 17:00:49,2026-05-21,2,乒乓球厅-14号,20:30-21:30,0,1,可预约,￥5.0,晴,25,24,4,0.0,61,39
2026-05-21 17:30:47,2026-05-21,2,乒乓球厅-14号,20:30-21:30,0,1,可预约,￥5.0,多云,24,23,3,0.0,64,39
2026-05-21 18:00:50,2026-05-21,2,乒乓球厅-14号,20:30-21:30,0,1,可预约,￥5.0,多云,24,23,3,0.0,68,39
2026-05-21 18:30:50,2026-05-21,2,乒乓球厅-14号,20:30-21:30,0,1,可预约,￥5.0,阴,24,25,2,0.0,68,40
2026-05-21 19:00:50,2026-05-21,2,乒乓球厅-14号,20:30-21:30,0,1,可预约,￥5.0,阴,23,23,3,0.0,76,40
2026-05-21 19:30:46,2026-05-21,2,乒乓球厅-14号,20:30-21:30,0,1,可预约,￥5.0,阴,23,24,2,0.0,77,39
2026-05-21 20:00:49,2026-05-21,2,乒乓球厅-14号,20:30-21:30,0,1,可预约,￥5.0,雾,22,23,2,0.0,89,39
2026-05-21 20:30:44,2026-05-21,2,乒乓球厅-14号,20:30-21:30,1,1,已售/已满,已售,雾,22,24,2,0.0,93,43
2026-05-21 21:00:56,2026-05-21,2,乒乓球厅-14号,20:30-21:30,1,1,已售/已满,已售,雾,20,21,2,0.0,98,43
2026-05-21 21:30:46,2026-05-21,2,乒乓球厅-14号,20:30-21:30,1,1,已售/已满,已售,雾,20,22,1,0.0,99,41
2026-05-21 22:01:02,2026-05-21,2,乒乓球厅-14号,20:30-21:30,1,1,已售/已满,已售,雾,19,20,2,0.0,93,41
2026-05-21 22:30:47,2026-05-21,2,乒乓球厅-14号,20:30-21:30,1,1,已售/已满,已售,雾,19,19,3,0.0,88,46
2026-05-21 23:00:56,2026-05-21,2,乒乓球厅-14号,20:30-21:30,1,1,已售/已满,已售,多云,18,17,3,0.0,85,46
2026-05-21 23:30:55,2026-05-21,2,乒乓球厅-14号,20:30-21:30,1,1,已售/已满,已售,多云,18,17,3,0.0,85,48
2026-05-21 00:30:49,2026-05-21,2,乒乓球厅-15号,07:00-08:00,0,1,可预约,￥0.0,多云,15,13,3,0.0,100,26
2026-05-21 01:00:55,2026-05-21,2,乒乓球厅-15号,07:00-08:00,0,1,可预约,￥0.0,多云,15,12,4,0.0,100,26
2026-05-21 01:30:47,2026-05-21,2,乒乓球厅-15号,07:00-08:00,0,1,可预约,￥0.0,多云,15,13,4,0.0,100,28
2026-05-21 02:00:53,2026-05-21,2,乒乓球厅-15号,07:00-08:00,0,1,可预约,￥0.0,多云,15,12,4,0.0,100,28
2026-05-21 02:30:49,2026-05-21,2,乒乓球厅-15号,07:00-08:00,0,1,可预约,￥0.0,多云,15,14,3,0.0,100,29
2026-05-21 03:00:55,2026-05-21,2,乒乓球厅-15号,07:00-08:00,0,1,可预约,￥0.0,多云,15,12,4,0.0,100,29
2026-05-21 03:30:49,2026-05-21,2,乒乓球厅-15号,07:00-08:00,0,1,可预约,￥0.0,多云,15,14,3,0.0,100,30
2026-05-21 04:30:45,2026-05-21,2,乒乓球厅-15号,07:00-08:00,0,1,可预约,￥0.0,多云,15,12,4,0.0,100,29
2026-05-21 05:00:52,2026-05-21,2,乒乓球厅-15号,07:00-08:00,0,1,可预约,￥0.0,多云,15,12,4,0.0,100,29
2026-05-21 05:30:49,2026-05-21,2,乒乓球厅-15号,07:00-08:00,0,1,可预约,￥0.0,多云,15,13,3,0.0,100,28
2026-05-21 06:00:50,2026-05-21,2,乒乓球厅-15号,07:00-08:00,0,1,可预约,￥0.0,多云,15,13,4,0.0,99,28
2026-05-21 06:30:38,2026-05-21,2,乒乓球厅-15号,07:00-08:00,0,1,可预约,￥0.0,多云,15,13,3,0.0,97,28
2026-05-21 07:00:43,2026-05-21,2,乒乓球厅-15号,07:00-08:00,0,1,可预约,￥0.0,晴,15,11,5,0.0,93,28
2026-05-21 07:30:39,2026-05-21,2,乒乓球厅-15号,07:00-08:00,0,1,可预约,￥0.0,晴,17,13,4,0.0,89,29
2026-05-21 07:50:40,2026-05-21,2,乒乓球厅-15号,07:00-08:00,0,1,可预约,￥0.0,晴,17,13,4,0.0,88,29
2026-05-21 07:53:31,2026-05-21,2,乒乓球厅-15号,07:00-08:00,0,1,可预约,￥0.0,晴,17,12,5,0.0,86,29
2026-05-21 07:56:31,2026-05-21,2,乒乓球厅-15号,07:00-08:00,0,1,可预约,￥0.0,晴,17,12,5,0.0,86,29
2026-05-21 07:59:26,2026-05-21,2,乒乓球厅-15号,07:00-08:00,0,1,可预约,￥0.0,晴,17,12,5,0.0,86,29
2026-05-21 08:00:45,2026-05-21,2,乒乓球厅-15号,07:00-08:00,0,1,不开放/已过期,,晴,17,12,5,0.0,86,29
2026-05-21 08:02:30,2026-05-21,2,乒乓球厅-15号,07:00-08:00,0,1,不开放/已过期,,多云,17,12,5,0.0,87,29
2026-05-21 08:05:36,2026-05-21,2,乒乓球厅-15号,07:00-08:00,0,1,不开放/已过期,,多云,17,12,5,0.0,86,29
2026-05-21 08:08:31,2026-05-21,2,乒乓球厅-15号,07:00-08:00,0,1,不开放/已过期,,多云,17,12,5,0.0,86,29
2026-05-21 08:11:30,2026-05-21,2,乒乓球厅-15号,07:00-08:00,0,1,不开放/已过期,,多云,17,12,5,0.0,86,29
2026-05-21 08:14:31,2026-05-21,2,乒乓球厅-15号,07:00-08:00,0,1,不开放/已过期,,多云,17,12,5,0.0,86,29
2026-05-21 08:17:30,2026-05-21,2,乒乓球厅-15号,07:00-08:00,0,1,不开放/已过期,,多云,17,12,5,0.0,86,29
2026-05-21 08:20:35,2026-05-21,2,乒乓球厅-15号,07:00-08:00,0,1,不开放/已过期,,多云,17,14,4,0.0,85,29
2026-05-21 08:25:32,2026-05-21,2,乒乓球厅-15号,07:00-08:00,0,1,不开放/已过期,,多云,17,14,4,0.0,85,28
2026-05-21 08:30:42,2026-05-21,2,乒乓球厅-15号,07:00-08:00,0,1,不开放/已过期,,多云,18,15,4,0.0,84,28
2026-05-21 08:35:31,2026-05-21,2,乒乓球厅-15号,07:00-08:00,0,1,不开放/已过期,,多云,18,15,4,0.0,84,28
2026-05-21 08:40:38,2026-05-21,2,乒乓球厅-15号,07:00-08:00,0,1,不开放/已过期,,多云,18,15,4,0.0,82,28
2026-05-21 08:45:33,2026-05-21,2,乒乓球厅-15号,07:00-08:00,0,1,不开放/已过期,,多云,18,15,4,0.0,82,28
2026-05-21 08:50:36,2026-05-21,2,乒乓球厅-15号,07:00-08:00,0,1,不开放/已过期,,多云,18,15,4,0.0,82,28
2026-05-21 08:55:34,2026-05-21,2,乒乓球厅-15号,07:00-08:00,0,1,不开放/已过期,,多云,18,15,4,0.0,84,28
2026-05-21 09:00:51,2026-05-21,2,乒乓球厅-15号,07:00-08:00,0,1,不开放/已过期,,多云,18,15,4,0.0,84,28
2026-05-21 09:01:59,2026-05-21,2,乒乓球厅-15号,07:00-08:00,0,1,不开放/已过期,,多云,18,15,4,0.0,83,28
2026-05-21 09:05:33,2026-05-21,2,乒乓球厅-15号,07:00-08:00,0,1,不开放/已过期,,多云,18,15,4,0.0,83,28
2026-05-21 09:20:38,2026-05-21,2,乒乓球厅-15号,07:00-08:00,0,1,不开放/已过期,,多云,18,16,3,0.0,81,28
2026-05-21 09:30:46,2026-05-21,2,乒乓球厅-15号,07:00-08:00,0,1,不开放/已过期,,多云,18,16,3,0.0,81,32
2026-05-21 09:40:36,2026-05-21,2,乒乓球厅-15号,07:00-08:00,0,1,不开放/已过期,,多云,19,17,3,0.0,79,32
2026-05-21 09:50:42,2026-05-21,2,乒乓球厅-15号,07:00-08:00,0,1,不开放/已过期,,多云,19,17,4,0.0,81,32
2026-05-21 10:00:46,2026-05-21,2,乒乓球厅-15号,07:00-08:00,0,1,不开放/已过期,,多云,19,17,4,0.0,79,32
2026-05-21 10:10:40,2026-05-21,2,乒乓球厅-15号,07:00-08:00,0,1,不开放/已过期,,多云,19,17,4,0.0,79,32
2026-05-21 10:20:38,2026-05-21,2,乒乓球厅-15号,07:00-08:00,0,1,不开放/已过期,,多云,19,17,4,0.0,79,32
2026-05-21 10:30:41,2026-05-21,2,乒乓球厅-15号,07:00-08:00,0,1,不开放/已过期,,多云,19,18,3,0.0,78,31
2026-05-21 11:00:44,2026-05-21,2,乒乓球厅-15号,07:00-08:00,0,1,不开放/已过期,,多云,21,17,5,0.0,74,31
2026-05-21 11:30:38,2026-05-21,2,乒乓球厅-15号,07:00-08:00,0,1,不开放/已过期,,多云,21,19,3,0.0,72,33
2026-05-21 12:00:46,2026-05-21,2,乒乓球厅-15号,07:00-08:00,0,1,不开放/已过期,,多云,22,19,4,0.0,70,33
2026-05-21 12:30:42,2026-05-21,2,乒乓球厅-15号,07:00-08:00,0,1,不开放/已过期,,多云,22,21,3,0.0,68,35
2026-05-21 13:00:43,2026-05-21,2,乒乓球厅-15号,07:00-08:00,0,1,不开放/已过期,,多云,24,22,4,0.0,66,35
2026-05-21 13:30:43,2026-05-21,2,乒乓球厅-15号,07:00-08:00,0,1,不开放/已过期,,多云,24,22,4,0.0,66,36
2026-05-21 14:00:48,2026-05-21,2,乒乓球厅-15号,07:00-08:00,0,1,不开放/已过期,,多云,25,23,4,0.0,66,36
2026-05-21 14:30:45,2026-05-21,2,乒乓球厅-15号,07:00-08:00,0,1,不开放/已过期,,晴,25,25,3,0.0,65,39
2026-05-21 15:00:45,2026-05-21,2,乒乓球厅-15号,07:00-08:00,0,1,不开放/已过期,,晴,25,22,4,0.0,56,39
2026-05-21 15:30:43,2026-05-21,2,乒乓球厅-15号,07:00-08:00,0,1,不开放/已过期,,晴,25,23,4,0.0,57,40
2026-05-21 16:00:51,2026-05-21,2,乒乓球厅-15号,07:00-08:00,0,1,不开放/已过期,,晴,25,23,4,0.0,57,40
2026-05-21 16:30:48,2026-05-21,2,乒乓球厅-15号,07:00-08:00,0,1,不开放/已过期,,晴,25,24,3,0.0,60,39
2026-05-21 17:00:49,2026-05-21,2,乒乓球厅-15号,07:00-08:00,0,1,不开放/已过期,,晴,25,24,4,0.0,61,39
2026-05-21 17:30:47,2026-05-21,2,乒乓球厅-15号,07:00-08:00,0,1,不开放/已过期,,多云,24,23,3,0.0,64,39
2026-05-21 18:00:50,2026-05-21,2,乒乓球厅-15号,07:00-08:00,0,1,不开放/已过期,,多云,24,23,3,0.0,68,39
2026-05-21 18:30:50,2026-05-21,2,乒乓球厅-15号,07:00-08:00,0,1,不开放/已过期,,阴,24,25,2,0.0,68,40
2026-05-21 19:00:50,2026-05-21,2,乒乓球厅-15号,07:00-08:00,0,1,不开放/已过期,,阴,23,23,3,0.0,76,40
2026-05-21 19:30:46,2026-05-21,2,乒乓球厅-15号,07:00-08:00,0,1,不开放/已过期,,阴,23,24,2,0.0,77,39
2026-05-21 20:00:49,2026-05-21,2,乒乓球厅-15号,07:00-08:00,0,1,不开放/已过期,,雾,22,23,2,0.0,89,39
2026-05-21 20:30:44,2026-05-21,2,乒乓球厅-15号,07:00-08:00,0,1,不开放/已过期,,雾,22,24,2,0.0,93,43
2026-05-21 21:00:56,2026-05-21,2,乒乓球厅-15号,07:00-08:00,0,1,不开放/已过期,,雾,20,21,2,0.0,98,43
2026-05-21 21:30:46,2026-05-21,2,乒乓球厅-15号,07:00-08:00,0,1,不开放/已过期,,雾,20,22,1,0.0,99,41
2026-05-21 22:01:02,2026-05-21,2,乒乓球厅-15号,07:00-08:00,0,1,不开放/已过期,,雾,19,20,2,0.0,93,41
2026-05-21 22:30:47,2026-05-21,2,乒乓球厅-15号,07:00-08:00,0,1,不开放/已过期,,雾,19,19,3,0.0,88,46
2026-05-21 23:00:56,2026-05-21,2,乒乓球厅-15号,07:00-08:00,0,1,不开放/已过期,,多云,18,17,3,0.0,85,46
2026-05-21 23:30:55,2026-05-21,2,乒乓球厅-15号,07:00-08:00,0,1,不开放/已过期,,多云,18,17,3,0.0,85,48
2026-05-21 00:30:49,2026-05-21,2,乒乓球厅-15号,08:00-09:00,0,1,可预约,￥0.0,多云,15,13,3,0.0,100,26
2026-05-21 01:00:55,2026-05-21,2,乒乓球厅-15号,08:00-09:00,0,1,可预约,￥0.0,多云,15,12,4,0.0,100,26
2026-05-21 01:30:47,2026-05-21,2,乒乓球厅-15号,08:00-09:00,0,1,可预约,￥0.0,多云,15,13,4,0.0,100,28
2026-05-21 02:00:53,2026-05-21,2,乒乓球厅-15号,08:00-09:00,0,1,可预约,￥0.0,多云,15,12,4,0.0,100,28
2026-05-21 02:30:49,2026-05-21,2,乒乓球厅-15号,08:00-09:00,0,1,可预约,￥0.0,多云,15,14,3,0.0,100,29
2026-05-21 03:00:55,2026-05-21,2,乒乓球厅-15号,08:00-09:00,0,1,可预约,￥0.0,多云,15,12,4,0.0,100,29
2026-05-21 03:30:49,2026-05-21,2,乒乓球厅-15号,08:00-09:00,0,1,可预约,￥0.0,多云,15,14,3,0.0,100,30
2026-05-21 04:30:45,2026-05-21,2,乒乓球厅-15号,08:00-09:00,0,1,可预约,￥0.0,多云,15,12,4,0.0,100,29
2026-05-21 05:00:52,2026-05-21,2,乒乓球厅-15号,08:00-09:00,0,1,可预约,￥0.0,多云,15,12,4,0.0,100,29
2026-05-21 05:30:49,2026-05-21,2,乒乓球厅-15号,08:00-09:00,0,1,可预约,￥0.0,多云,15,13,3,0.0,100,28
2026-05-21 06:00:50,2026-05-21,2,乒乓球厅-15号,08:00-09:00,0,1,可预约,￥0.0,多云,15,13,4,0.0,99,28
2026-05-21 06:30:38,2026-05-21,2,乒乓球厅-15号,08:00-09:00,0,1,可预约,￥0.0,多云,15,13,3,0.0,97,28
2026-05-21 07:00:43,2026-05-21,2,乒乓球厅-15号,08:00-09:00,0,1,可预约,￥0.0,晴,15,11,5,0.0,93,28
2026-05-21 07:30:39,2026-05-21,2,乒乓球厅-15号,08:00-09:00,0,1,可预约,￥0.0,晴,17,13,4,0.0,89,29
2026-05-21 07:50:40,2026-05-21,2,乒乓球厅-15号,08:00-09:00,0,1,可预约,￥0.0,晴,17,13,4,0.0,88,29
2026-05-21 07:53:31,2026-05-21,2,乒乓球厅-15号,08:00-09:00,0,1,可预约,￥0.0,晴,17,12,5,0.0,86,29
2026-05-21 07:56:31,2026-05-21,2,乒乓球厅-15号,08:00-09:00,0,1,可预约,￥0.0,晴,17,12,5,0.0,86,29
2026-05-21 07:59:26,2026-05-21,2,乒乓球厅-15号,08:00-09:00,0,1,可预约,￥0.0,晴,17,12,5,0.0,86,29
2026-05-21 08:00:45,2026-05-21,2,乒乓球厅-15号,08:00-09:00,0,1,可预约,￥0.0,晴,17,12,5,0.0,86,29
2026-05-21 08:02:30,2026-05-21,2,乒乓球厅-15号,08:00-09:00,0,1,可预约,￥0.0,多云,17,12,5,0.0,87,29
2026-05-21 08:05:36,2026-05-21,2,乒乓球厅-15号,08:00-09:00,0,1,可预约,￥0.0,多云,17,12,5,0.0,86,29
2026-05-21 08:08:31,2026-05-21,2,乒乓球厅-15号,08:00-09:00,0,1,可预约,￥0.0,多云,17,12,5,0.0,86,29
2026-05-21 08:11:30,2026-05-21,2,乒乓球厅-15号,08:00-09:00,0,1,可预约,￥0.0,多云,17,12,5,0.0,86,29
2026-05-21 08:14:31,2026-05-21,2,乒乓球厅-15号,08:00-09:00,0,1,可预约,￥0.0,多云,17,12,5,0.0,86,29
2026-05-21 08:17:30,2026-05-21,2,乒乓球厅-15号,08:00-09:00,0,1,可预约,￥0.0,多云,17,12,5,0.0,86,29
2026-05-21 08:20:35,2026-05-21,2,乒乓球厅-15号,08:00-09:00,0,1,可预约,￥0.0,多云,17,14,4,0.0,85,29
2026-05-21 08:25:32,2026-05-21,2,乒乓球厅-15号,08:00-09:00,0,1,可预约,￥0.0,多云,17,14,4,0.0,85,28
2026-05-21 08:30:42,2026-05-21,2,乒乓球厅-15号,08:00-09:00,0,1,可预约,￥0.0,多云,18,15,4,0.0,84,28
2026-05-21 08:35:31,2026-05-21,2,乒乓球厅-15号,08:00-09:00,0,1,可预约,￥0.0,多云,18,15,4,0.0,84,28
2026-05-21 08:40:38,2026-05-21,2,乒乓球厅-15号,08:00-09:00,0,1,可预约,￥0.0,多云,18,15,4,0.0,82,28
2026-05-21 08:45:33,2026-05-21,2,乒乓球厅-15号,08:00-09:00,0,1,可预约,￥0.0,多云,18,15,4,0.0,82,28
2026-05-21 08:50:36,2026-05-21,2,乒乓球厅-15号,08:00-09:00,0,1,可预约,￥0.0,多云,18,15,4,0.0,82,28
2026-05-21 08:55:34,2026-05-21,2,乒乓球厅-15号,08:00-09:00,0,1,可预约,￥0.0,多云,18,15,4,0.0,84,28
2026-05-21 09:00:51,2026-05-21,2,乒乓球厅-15号,08:00-09:00,0,1,不开放/已过期,,多云,18,15,4,0.0,84,28
2026-05-21 09:01:59,2026-05-21,2,乒乓球厅-15号,08:00-09:00,0,1,不开放/已过期,,多云,18,15,4,0.0,83,28
2026-05-21 09:05:33,2026-05-21,2,乒乓球厅-15号,08:00-09:00,0,1,不开放/已过期,,多云,18,15,4,0.0,83,28
2026-05-21 09:20:38,2026-05-21,2,乒乓球厅-15号,08:00-09:00,0,1,不开放/已过期,,多云,18,16,3,0.0,81,28
2026-05-21 09:30:46,2026-05-21,2,乒乓球厅-15号,08:00-09:00,0,1,不开放/已过期,,多云,18,16,3,0.0,81,32
2026-05-21 09:40:36,2026-05-21,2,乒乓球厅-15号,08:00-09:00,0,1,不开放/已过期,,多云,19,17,3,0.0,79,32
2026-05-21 09:50:42,2026-05-21,2,乒乓球厅-15号,08:00-09:00,0,1,不开放/已过期,,多云,19,17,4,0.0,81,32
2026-05-21 10:00:46,2026-05-21,2,乒乓球厅-15号,08:00-09:00,0,1,不开放/已过期,,多云,19,17,4,0.0,79,32
2026-05-21 10:10:40,2026-05-21,2,乒乓球厅-15号,08:00-09:00,0,1,不开放/已过期,,多云,19,17,4,0.0,79,32
2026-05-21 10:20:38,2026-05-21,2,乒乓球厅-15号,08:00-09:00,0,1,不开放/已过期,,多云,19,17,4,0.0,79,32
2026-05-21 10:30:41,2026-05-21,2,乒乓球厅-15号,08:00-09:00,0,1,不开放/已过期,,多云,19,18,3,0.0,78,31
2026-05-21 11:00:44,2026-05-21,2,乒乓球厅-15号,08:00-09:00,0,1,不开放/已过期,,多云,21,17,5,0.0,74,31
2026-05-21 11:30:38,2026-05-21,2,乒乓球厅-15号,08:00-09:00,0,1,不开放/已过期,,多云,21,19,3,0.0,72,33
2026-05-21 12:00:46,2026-05-21,2,乒乓球厅-15号,08:00-09:00,0,1,不开放/已过期,,多云,22,19,4,0.0,70,33
2026-05-21 12:30:42,2026-05-21,2,乒乓球厅-15号,08:00-09:00,0,1,不开放/已过期,,多云,22,21,3,0.0,68,35
2026-05-21 13:00:43,2026-05-21,2,乒乓球厅-15号,08:00-09:00,0,1,不开放/已过期,,多云,24,22,4,0.0,66,35
2026-05-21 13:30:43,2026-05-21,2,乒乓球厅-15号,08:00-09:00,0,1,不开放/已过期,,多云,24,22,4,0.0,66,36
2026-05-21 14:00:48,2026-05-21,2,乒乓球厅-15号,08:00-09:00,0,1,不开放/已过期,,多云,25,23,4,0.0,66,36
2026-05-21 14:30:45,2026-05-21,2,乒乓球厅-15号,08:00-09:00,0,1,不开放/已过期,,晴,25,25,3,0.0,65,39
2026-05-21 15:00:45,2026-05-21,2,乒乓球厅-15号,08:00-09:00,0,1,不开放/已过期,,晴,25,22,4,0.0,56,39
2026-05-21 15:30:43,2026-05-21,2,乒乓球厅-15号,08:00-09:00,0,1,不开放/已过期,,晴,25,23,4,0.0,57,40
2026-05-21 16:00:51,2026-05-21,2,乒乓球厅-15号,08:00-09:00,0,1,不开放/已过期,,晴,25,23,4,0.0,57,40
2026-05-21 16:30:48,2026-05-21,2,乒乓球厅-15号,08:00-09:00,0,1,不开放/已过期,,晴,25,24,3,0.0,60,39
2026-05-21 17:00:49,2026-05-21,2,乒乓球厅-15号,08:00-09:00,0,1,不开放/已过期,,晴,25,24,4,0.0,61,39
2026-05-21 17:30:47,2026-05-21,2,乒乓球厅-15号,08:00-09:00,0,1,不开放/已过期,,多云,24,23,3,0.0,64,39
2026-05-21 18:00:50,2026-05-21,2,乒乓球厅-15号,08:00-09:00,0,1,不开放/已过期,,多云,24,23,3,0.0,68,39
2026-05-21 18:30:50,2026-05-21,2,乒乓球厅-15号,08:00-09:00,0,1,不开放/已过期,,阴,24,25,2,0.0,68,40
2026-05-21 19:00:50,2026-05-21,2,乒乓球厅-15号,08:00-09:00,0,1,不开放/已过期,,阴,23,23,3,0.0,76,40
2026-05-21 19:30:46,2026-05-21,2,乒乓球厅-15号,08:00-09:00,0,1,不开放/已过期,,阴,23,24,2,0.0,77,39
2026-05-21 20:00:49,2026-05-21,2,乒乓球厅-15号,08:00-09:00,0,1,不开放/已过期,,雾,22,23,2,0.0,89,39
2026-05-21 20:30:44,2026-05-21,2,乒乓球厅-15号,08:00-09:00,0,1,不开放/已过期,,雾,22,24,2,0.0,93,43
2026-05-21 21:00:56,2026-05-21,2,乒乓球厅-15号,08:00-09:00,0,1,不开放/已过期,,雾,20,21,2,0.0,98,43
2026-05-21 21:30:46,2026-05-21,2,乒乓球厅-15号,08:00-09:00,0,1,不开放/已过期,,雾,20,22,1,0.0,99,41
2026-05-21 22:01:02,2026-05-21,2,乒乓球厅-15号,08:00-09:00,0,1,不开放/已过期,,雾,19,20,2,0.0,93,41
2026-05-21 22:30:47,2026-05-21,2,乒乓球厅-15号,08:00-09:00,0,1,不开放/已过期,,雾,19,19,3,0.0,88,46
2026-05-21 23:00:56,2026-05-21,2,乒乓球厅-15号,08:00-09:00,0,1,不开放/已过期,,多云,18,17,3,0.0,85,46
2026-05-21 23:30:55,2026-05-21,2,乒乓球厅-15号,08:00-09:00,0,1,不开放/已过期,,多云,18,17,3,0.0,85,48
2026-05-21 00:30:49,2026-05-21,2,乒乓球厅-15号,09:00-10:00,0,1,可预约,￥5.0,多云,15,13,3,0.0,100,26
2026-05-21 01:00:55,2026-05-21,2,乒乓球厅-15号,09:00-10:00,0,1,可预约,￥5.0,多云,15,12,4,0.0,100,26
2026-05-21 01:30:47,2026-05-21,2,乒乓球厅-15号,09:00-10:00,0,1,可预约,￥5.0,多云,15,13,4,0.0,100,28
2026-05-21 02:00:53,2026-05-21,2,乒乓球厅-15号,09:00-10:00,0,1,可预约,￥5.0,多云,15,12,4,0.0,100,28
2026-05-21 02:30:49,2026-05-21,2,乒乓球厅-15号,09:00-10:00,0,1,可预约,￥5.0,多云,15,14,3,0.0,100,29
2026-05-21 03:00:55,2026-05-21,2,乒乓球厅-15号,09:00-10:00,0,1,可预约,￥5.0,多云,15,12,4,0.0,100,29
2026-05-21 03:30:49,2026-05-21,2,乒乓球厅-15号,09:00-10:00,0,1,可预约,￥5.0,多云,15,14,3,0.0,100,30
2026-05-21 04:30:45,2026-05-21,2,乒乓球厅-15号,09:00-10:00,0,1,可预约,￥5.0,多云,15,12,4,0.0,100,29
2026-05-21 05:00:52,2026-05-21,2,乒乓球厅-15号,09:00-10:00,0,1,可预约,￥5.0,多云,15,12,4,0.0,100,29
2026-05-21 05:30:49,2026-05-21,2,乒乓球厅-15号,09:00-10:00,0,1,可预约,￥5.0,多云,15,13,3,0.0,100,28
2026-05-21 06:00:50,2026-05-21,2,乒乓球厅-15号,09:00-10:00,0,1,可预约,￥5.0,多云,15,13,4,0.0,99,28
2026-05-21 06:30:38,2026-05-21,2,乒乓球厅-15号,09:00-10:00,0,1,可预约,￥5.0,多云,15,13,3,0.0,97,28
2026-05-21 07:00:43,2026-05-21,2,乒乓球厅-15号,09:00-10:00,0,1,可预约,￥5.0,晴,15,11,5,0.0,93,28
2026-05-21 07:30:39,2026-05-21,2,乒乓球厅-15号,09:00-10:00,0,1,可预约,￥5.0,晴,17,13,4,0.0,89,29
2026-05-21 07:50:40,2026-05-21,2,乒乓球厅-15号,09:00-10:00,0,1,可预约,￥5.0,晴,17,13,4,0.0,88,29
2026-05-21 07:53:31,2026-05-21,2,乒乓球厅-15号,09:00-10:00,0,1,可预约,￥5.0,晴,17,12,5,0.0,86,29
2026-05-21 07:56:31,2026-05-21,2,乒乓球厅-15号,09:00-10:00,0,1,可预约,￥5.0,晴,17,12,5,0.0,86,29
2026-05-21 07:59:26,2026-05-21,2,乒乓球厅-15号,09:00-10:00,0,1,可预约,￥5.0,晴,17,12,5,0.0,86,29
2026-05-21 08:00:45,2026-05-21,2,乒乓球厅-15号,09:00-10:00,0,1,可预约,￥5.0,晴,17,12,5,0.0,86,29
2026-05-21 08:02:30,2026-05-21,2,乒乓球厅-15号,09:00-10:00,0,1,可预约,￥5.0,多云,17,12,5,0.0,87,29
2026-05-21 08:05:36,2026-05-21,2,乒乓球厅-15号,09:00-10:00,0,1,可预约,￥5.0,多云,17,12,5,0.0,86,29
2026-05-21 08:08:31,2026-05-21,2,乒乓球厅-15号,09:00-10:00,0,1,可预约,￥5.0,多云,17,12,5,0.0,86,29
2026-05-21 08:11:30,2026-05-21,2,乒乓球厅-15号,09:00-10:00,0,1,可预约,￥5.0,多云,17,12,5,0.0,86,29
2026-05-21 08:14:31,2026-05-21,2,乒乓球厅-15号,09:00-10:00,0,1,可预约,￥5.0,多云,17,12,5,0.0,86,29
2026-05-21 08:17:30,2026-05-21,2,乒乓球厅-15号,09:00-10:00,0,1,可预约,￥5.0,多云,17,12,5,0.0,86,29
2026-05-21 08:20:35,2026-05-21,2,乒乓球厅-15号,09:00-10:00,0,1,可预约,￥5.0,多云,17,14,4,0.0,85,29
2026-05-21 08:25:32,2026-05-21,2,乒乓球厅-15号,09:00-10:00,0,1,可预约,￥5.0,多云,17,14,4,0.0,85,28
2026-05-21 08:30:42,2026-05-21,2,乒乓球厅-15号,09:00-10:00,0,1,可预约,￥5.0,多云,18,15,4,0.0,84,28
2026-05-21 08:35:31,2026-05-21,2,乒乓球厅-15号,09:00-10:00,0,1,可预约,￥5.0,多云,18,15,4,0.0,84,28
2026-05-21 08:40:38,2026-05-21,2,乒乓球厅-15号,09:00-10:00,0,1,可预约,￥5.0,多云,18,15,4,0.0,82,28
2026-05-21 08:45:33,2026-05-21,2,乒乓球厅-15号,09:00-10:00,0,1,可预约,￥5.0,多云,18,15,4,0.0,82,28
2026-05-21 08:50:36,2026-05-21,2,乒乓球厅-15号,09:00-10:00,0,1,可预约,￥5.0,多云,18,15,4,0.0,82,28
2026-05-21 08:55:34,2026-05-21,2,乒乓球厅-15号,09:00-10:00,0,1,可预约,￥5.0,多云,18,15,4,0.0,84,28
2026-05-21 09:00:51,2026-05-21,2,乒乓球厅-15号,09:00-10:00,0,1,可预约,￥5.0,多云,18,15,4,0.0,84,28
2026-05-21 09:01:59,2026-05-21,2,乒乓球厅-15号,09:00-10:00,0,1,可预约,￥5.0,多云,18,15,4,0.0,83,28
2026-05-21 09:05:33,2026-05-21,2,乒乓球厅-15号,09:00-10:00,0,1,可预约,￥5.0,多云,18,15,4,0.0,83,28
2026-05-21 09:20:38,2026-05-21,2,乒乓球厅-15号,09:00-10:00,0,1,可预约,￥5.0,多云,18,16,3,0.0,81,28
2026-05-21 09:30:46,2026-05-21,2,乒乓球厅-15号,09:00-10:00,0,1,可预约,￥5.0,多云,18,16,3,0.0,81,32
2026-05-21 09:40:36,2026-05-21,2,乒乓球厅-15号,09:00-10:00,0,1,可预约,￥5.0,多云,19,17,3,0.0,79,32
2026-05-21 09:50:42,2026-05-21,2,乒乓球厅-15号,09:00-10:00,0,1,可预约,￥5.0,多云,19,17,4,0.0,81,32
2026-05-21 10:00:46,2026-05-21,2,乒乓球厅-15号,09:00-10:00,0,1,不开放/已过期,,多云,19,17,4,0.0,79,32
2026-05-21 10:10:40,2026-05-21,2,乒乓球厅-15号,09:00-10:00,0,1,不开放/已过期,,多云,19,17,4,0.0,79,32
2026-05-21 10:20:38,2026-05-21,2,乒乓球厅-15号,09:00-10:00,0,1,不开放/已过期,,多云,19,17,4,0.0,79,32
2026-05-21 10:30:41,2026-05-21,2,乒乓球厅-15号,09:00-10:00,0,1,不开放/已过期,,多云,19,18,3,0.0,78,31
2026-05-21 11:00:44,2026-05-21,2,乒乓球厅-15号,09:00-10:00,0,1,不开放/已过期,,多云,21,17,5,0.0,74,31
2026-05-21 11:30:38,2026-05-21,2,乒乓球厅-15号,09:00-10:00,0,1,不开放/已过期,,多云,21,19,3,0.0,72,33
2026-05-21 12:00:46,2026-05-21,2,乒乓球厅-15号,09:00-10:00,0,1,不开放/已过期,,多云,22,19,4,0.0,70,33
2026-05-21 12:30:42,2026-05-21,2,乒乓球厅-15号,09:00-10:00,0,1,不开放/已过期,,多云,22,21,3,0.0,68,35
2026-05-21 13:00:43,2026-05-21,2,乒乓球厅-15号,09:00-10:00,0,1,不开放/已过期,,多云,24,22,4,0.0,66,35
2026-05-21 13:30:43,2026-05-21,2,乒乓球厅-15号,09:00-10:00,0,1,不开放/已过期,,多云,24,22,4,0.0,66,36
2026-05-21 14:00:48,2026-05-21,2,乒乓球厅-15号,09:00-10:00,0,1,不开放/已过期,,多云,25,23,4,0.0,66,36
2026-05-21 14:30:45,2026-05-21,2,乒乓球厅-15号,09:00-10:00,0,1,不开放/已过期,,晴,25,25,3,0.0,65,39
2026-05-21 15:00:45,2026-05-21,2,乒乓球厅-15号,09:00-10:00,0,1,不开放/已过期,,晴,25,22,4,0.0,56,39
2026-05-21 15:30:43,2026-05-21,2,乒乓球厅-15号,09:00-10:00,0,1,不开放/已过期,,晴,25,23,4,0.0,57,40
2026-05-21 16:00:51,2026-05-21,2,乒乓球厅-15号,09:00-10:00,0,1,不开放/已过期,,晴,25,23,4,0.0,57,40
2026-05-21 16:30:48,2026-05-21,2,乒乓球厅-15号,09:00-10:00,0,1,不开放/已过期,,晴,25,24,3,0.0,60,39
2026-05-21 17:00:49,2026-05-21,2,乒乓球厅-15号,09:00-10:00,0,1,不开放/已过期,,晴,25,24,4,0.0,61,39
2026-05-21 17:30:47,2026-05-21,2,乒乓球厅-15号,09:00-10:00,0,1,不开放/已过期,,多云,24,23,3,0.0,64,39
2026-05-21 18:00:50,2026-05-21,2,乒乓球厅-15号,09:00-10:00,0,1,不开放/已过期,,多云,24,23,3,0.0,68,39
2026-05-21 18:30:50,2026-05-21,2,乒乓球厅-15号,09:00-10:00,0,1,不开放/已过期,,阴,24,25,2,0.0,68,40
2026-05-21 19:00:50,2026-05-21,2,乒乓球厅-15号,09:00-10:00,0,1,不开放/已过期,,阴,23,23,3,0.0,76,40
2026-05-21 19:30:46,2026-05-21,2,乒乓球厅-15号,09:00-10:00,0,1,不开放/已过期,,阴,23,24,2,0.0,77,39
2026-05-21 20:00:49,2026-05-21,2,乒乓球厅-15号,09:00-10:00,0,1,不开放/已过期,,雾,22,23,2,0.0,89,39
2026-05-21 20:30:44,2026-05-21,2,乒乓球厅-15号,09:00-10:00,0,1,不开放/已过期,,雾,22,24,2,0.0,93,43
2026-05-21 21:00:56,2026-05-21,2,乒乓球厅-15号,09:00-10:00,0,1,不开放/已过期,,雾,20,21,2,0.0,98,43
2026-05-21 21:30:46,2026-05-21,2,乒乓球厅-15号,09:00-10:00,0,1,不开放/已过期,,雾,20,22,1,0.0,99,41
2026-05-21 22:01:02,2026-05-21,2,乒乓球厅-15号,09:00-10:00,0,1,不开放/已过期,,雾,19,20,2,0.0,93,41
2026-05-21 22:30:47,2026-05-21,2,乒乓球厅-15号,09:00-10:00,0,1,不开放/已过期,,雾,19,19,3,0.0,88,46
2026-05-21 23:00:56,2026-05-21,2,乒乓球厅-15号,09:00-10:00,0,1,不开放/已过期,,多云,18,17,3,0.0,85,46
2026-05-21 23:30:55,2026-05-21,2,乒乓球厅-15号,09:00-10:00,0,1,不开放/已过期,,多云,18,17,3,0.0,85,48
2026-05-21 00:30:49,2026-05-21,2,乒乓球厅-15号,10:00-11:00,1,1,已售/已满,教学时间,多云,15,13,3,0.0,100,26
2026-05-21 01:00:55,2026-05-21,2,乒乓球厅-15号,10:00-11:00,1,1,已售/已满,教学时间,多云,15,12,4,0.0,100,26
2026-05-21 01:30:47,2026-05-21,2,乒乓球厅-15号,10:00-11:00,1,1,已售/已满,教学时间,多云,15,13,4,0.0,100,28
2026-05-21 02:00:53,2026-05-21,2,乒乓球厅-15号,10:00-11:00,1,1,已售/已满,教学时间,多云,15,12,4,0.0,100,28
2026-05-21 02:30:49,2026-05-21,2,乒乓球厅-15号,10:00-11:00,1,1,已售/已满,教学时间,多云,15,14,3,0.0,100,29
2026-05-21 03:00:55,2026-05-21,2,乒乓球厅-15号,10:00-11:00,1,1,已售/已满,教学时间,多云,15,12,4,0.0,100,29
2026-05-21 03:30:49,2026-05-21,2,乒乓球厅-15号,10:00-11:00,1,1,已售/已满,教学时间,多云,15,14,3,0.0,100,30
2026-05-21 04:30:45,2026-05-21,2,乒乓球厅-15号,10:00-11:00,1,1,已售/已满,教学时间,多云,15,12,4,0.0,100,29
2026-05-21 05:00:52,2026-05-21,2,乒乓球厅-15号,10:00-11:00,1,1,已售/已满,教学时间,多云,15,12,4,0.0,100,29
2026-05-21 05:30:49,2026-05-21,2,乒乓球厅-15号,10:00-11:00,1,1,已售/已满,教学时间,多云,15,13,3,0.0,100,28
2026-05-21 06:00:50,2026-05-21,2,乒乓球厅-15号,10:00-11:00,1,1,已售/已满,教学时间,多云,15,13,4,0.0,99,28
2026-05-21 06:30:38,2026-05-21,2,乒乓球厅-15号,10:00-11:00,1,1,已售/已满,教学时间,多云,15,13,3,0.0,97,28
2026-05-21 07:00:43,2026-05-21,2,乒乓球厅-15号,10:00-11:00,1,1,已售/已满,教学时间,晴,15,11,5,0.0,93,28
2026-05-21 07:30:39,2026-05-21,2,乒乓球厅-15号,10:00-11:00,1,1,已售/已满,教学时间,晴,17,13,4,0.0,89,29
2026-05-21 07:50:40,2026-05-21,2,乒乓球厅-15号,10:00-11:00,1,1,已售/已满,教学时间,晴,17,13,4,0.0,88,29
2026-05-21 07:53:31,2026-05-21,2,乒乓球厅-15号,10:00-11:00,1,1,已售/已满,教学时间,晴,17,12,5,0.0,86,29
2026-05-21 07:56:31,2026-05-21,2,乒乓球厅-15号,10:00-11:00,1,1,已售/已满,教学时间,晴,17,12,5,0.0,86,29
2026-05-21 07:59:26,2026-05-21,2,乒乓球厅-15号,10:00-11:00,1,1,已售/已满,教学时间,晴,17,12,5,0.0,86,29
2026-05-21 08:00:45,2026-05-21,2,乒乓球厅-15号,10:00-11:00,1,1,已售/已满,教学时间,晴,17,12,5,0.0,86,29
2026-05-21 08:02:30,2026-05-21,2,乒乓球厅-15号,10:00-11:00,1,1,已售/已满,教学时间,多云,17,12,5,0.0,87,29
2026-05-21 08:05:36,2026-05-21,2,乒乓球厅-15号,10:00-11:00,1,1,已售/已满,教学时间,多云,17,12,5,0.0,86,29
2026-05-21 08:08:31,2026-05-21,2,乒乓球厅-15号,10:00-11:00,1,1,已售/已满,教学时间,多云,17,12,5,0.0,86,29
2026-05-21 08:11:30,2026-05-21,2,乒乓球厅-15号,10:00-11:00,1,1,已售/已满,教学时间,多云,17,12,5,0.0,86,29
2026-05-21 08:14:31,2026-05-21,2,乒乓球厅-15号,10:00-11:00,1,1,已售/已满,教学时间,多云,17,12,5,0.0,86,29
2026-05-21 08:17:30,2026-05-21,2,乒乓球厅-15号,10:00-11:00,1,1,已售/已满,教学时间,多云,17,12,5,0.0,86,29
2026-05-21 08:20:35,2026-05-21,2,乒乓球厅-15号,10:00-11:00,1,1,已售/已满,教学时间,多云,17,14,4,0.0,85,29
2026-05-21 08:25:32,2026-05-21,2,乒乓球厅-15号,10:00-11:00,1,1,已售/已满,教学时间,多云,17,14,4,0.0,85,28
2026-05-21 08:30:42,2026-05-21,2,乒乓球厅-15号,10:00-11:00,1,1,已售/已满,教学时间,多云,18,15,4,0.0,84,28
2026-05-21 08:35:31,2026-05-21,2,乒乓球厅-15号,10:00-11:00,1,1,已售/已满,教学时间,多云,18,15,4,0.0,84,28
2026-05-21 08:40:38,2026-05-21,2,乒乓球厅-15号,10:00-11:00,1,1,已售/已满,教学时间,多云,18,15,4,0.0,82,28
2026-05-21 08:45:33,2026-05-21,2,乒乓球厅-15号,10:00-11:00,1,1,已售/已满,教学时间,多云,18,15,4,0.0,82,28
2026-05-21 08:50:36,2026-05-21,2,乒乓球厅-15号,10:00-11:00,1,1,已售/已满,教学时间,多云,18,15,4,0.0,82,28
2026-05-21 08:55:34,2026-05-21,2,乒乓球厅-15号,10:00-11:00,1,1,已售/已满,教学时间,多云,18,15,4,0.0,84,28
2026-05-21 09:00:51,2026-05-21,2,乒乓球厅-15号,10:00-11:00,1,1,已售/已满,教学时间,多云,18,15,4,0.0,84,28
2026-05-21 09:01:59,2026-05-21,2,乒乓球厅-15号,10:00-11:00,1,1,已售/已满,教学时间,多云,18,15,4,0.0,83,28
2026-05-21 09:05:33,2026-05-21,2,乒乓球厅-15号,10:00-11:00,1,1,已售/已满,教学时间,多云,18,15,4,0.0,83,28
2026-05-21 09:20:38,2026-05-21,2,乒乓球厅-15号,10:00-11:00,1,1,已售/已满,教学时间,多云,18,16,3,0.0,81,28
2026-05-21 09:30:46,2026-05-21,2,乒乓球厅-15号,10:00-11:00,1,1,已售/已满,教学时间,多云,18,16,3,0.0,81,32
2026-05-21 09:40:36,2026-05-21,2,乒乓球厅-15号,10:00-11:00,1,1,已售/已满,教学时间,多云,19,17,3,0.0,79,32
2026-05-21 09:50:42,2026-05-21,2,乒乓球厅-15号,10:00-11:00,1,1,已售/已满,教学时间,多云,19,17,4,0.0,81,32
2026-05-21 10:00:46,2026-05-21,2,乒乓球厅-15号,10:00-11:00,1,1,已售/已满,教学时间,多云,19,17,4,0.0,79,32
2026-05-21 10:10:40,2026-05-21,2,乒乓球厅-15号,10:00-11:00,1,1,已售/已满,教学时间,多云,19,17,4,0.0,79,32
2026-05-21 10:20:38,2026-05-21,2,乒乓球厅-15号,10:00-11:00,1,1,已售/已满,教学时间,多云,19,17,4,0.0,79,32
2026-05-21 10:30:41,2026-05-21,2,乒乓球厅-15号,10:00-11:00,1,1,已售/已满,教学时间,多云,19,18,3,0.0,78,31
2026-05-21 11:00:44,2026-05-21,2,乒乓球厅-15号,10:00-11:00,1,1,已售/已满,教学时间,多云,21,17,5,0.0,74,31
2026-05-21 11:30:38,2026-05-21,2,乒乓球厅-15号,10:00-11:00,1,1,已售/已满,教学时间,多云,21,19,3,0.0,72,33
2026-05-21 12:00:46,2026-05-21,2,乒乓球厅-15号,10:00-11:00,1,1,已售/已满,教学时间,多云,22,19,4,0.0,70,33
2026-05-21 12:30:42,2026-05-21,2,乒乓球厅-15号,10:00-11:00,1,1,已售/已满,教学时间,多云,22,21,3,0.0,68,35
2026-05-21 13:00:43,2026-05-21,2,乒乓球厅-15号,10:00-11:00,1,1,已售/已满,教学时间,多云,24,22,4,0.0,66,35
2026-05-21 13:30:43,2026-05-21,2,乒乓球厅-15号,10:00-11:00,1,1,已售/已满,教学时间,多云,24,22,4,0.0,66,36
2026-05-21 14:00:48,2026-05-21,2,乒乓球厅-15号,10:00-11:00,1,1,已售/已满,教学时间,多云,25,23,4,0.0,66,36
2026-05-21 14:30:45,2026-05-21,2,乒乓球厅-15号,10:00-11:00,1,1,已售/已满,教学时间,晴,25,25,3,0.0,65,39
2026-05-21 15:00:45,2026-05-21,2,乒乓球厅-15号,10:00-11:00,1,1,已售/已满,教学时间,晴,25,22,4,0.0,56,39
2026-05-21 15:30:43,2026-05-21,2,乒乓球厅-15号,10:00-11:00,1,1,已售/已满,教学时间,晴,25,23,4,0.0,57,40
2026-05-21 16:00:51,2026-05-21,2,乒乓球厅-15号,10:00-11:00,1,1,已售/已满,教学时间,晴,25,23,4,0.0,57,40
2026-05-21 16:30:48,2026-05-21,2,乒乓球厅-15号,10:00-11:00,1,1,已售/已满,教学时间,晴,25,24,3,0.0,60,39
2026-05-21 17:00:49,2026-05-21,2,乒乓球厅-15号,10:00-11:00,1,1,已售/已满,教学时间,晴,25,24,4,0.0,61,39
2026-05-21 17:30:47,2026-05-21,2,乒乓球厅-15号,10:00-11:00,1,1,已售/已满,教学时间,多云,24,23,3,0.0,64,39
2026-05-21 18:00:50,2026-05-21,2,乒乓球厅-15号,10:00-11:00,1,1,已售/已满,教学时间,多云,24,23,3,0.0,68,39
2026-05-21 18:30:50,2026-05-21,2,乒乓球厅-15号,10:00-11:00,1,1,已售/已满,教学时间,阴,24,25,2,0.0,68,40
2026-05-21 19:00:50,2026-05-21,2,乒乓球厅-15号,10:00-11:00,1,1,已售/已满,教学时间,阴,23,23,3,0.0,76,40
2026-05-21 19:30:46,2026-05-21,2,乒乓球厅-15号,10:00-11:00,1,1,已售/已满,教学时间,阴,23,24,2,0.0,77,39
2026-05-21 20:00:49,2026-05-21,2,乒乓球厅-15号,10:00-11:00,1,1,已售/已满,教学时间,雾,22,23,2,0.0,89,39
2026-05-21 20:30:44,2026-05-21,2,乒乓球厅-15号,10:00-11:00,1,1,已售/已满,教学时间,雾,22,24,2,0.0,93,43
2026-05-21 21:00:56,2026-05-21,2,乒乓球厅-15号,10:00-11:00,1,1,已售/已满,教学时间,雾,20,21,2,0.0,98,43
2026-05-21 21:30:46,2026-05-21,2,乒乓球厅-15号,10:00-11:00,1,1,已售/已满,教学时间,雾,20,22,1,0.0,99,41
2026-05-21 22:01:02,2026-05-21,2,乒乓球厅-15号,10:00-11:00,1,1,已售/已满,教学时间,雾,19,20,2,0.0,93,41
2026-05-21 22:30:47,2026-05-21,2,乒乓球厅-15号,10:00-11:00,1,1,已售/已满,教学时间,雾,19,19,3,0.0,88,46
2026-05-21 23:00:56,2026-05-21,2,乒乓球厅-15号,10:00-11:00,1,1,已售/已满,教学时间,多云,18,17,3,0.0,85,46
2026-05-21 23:30:55,2026-05-21,2,乒乓球厅-15号,10:00-11:00,1,1,已售/已满,教学时间,多云,18,17,3,0.0,85,48
2026-05-21 00:30:49,2026-05-21,2,乒乓球厅-15号,11:00-12:00,1,1,已售/已满,教学时间,多云,15,13,3,0.0,100,26
2026-05-21 01:00:55,2026-05-21,2,乒乓球厅-15号,11:00-12:00,1,1,已售/已满,教学时间,多云,15,12,4,0.0,100,26
2026-05-21 01:30:47,2026-05-21,2,乒乓球厅-15号,11:00-12:00,1,1,已售/已满,教学时间,多云,15,13,4,0.0,100,28
2026-05-21 02:00:53,2026-05-21,2,乒乓球厅-15号,11:00-12:00,1,1,已售/已满,教学时间,多云,15,12,4,0.0,100,28
2026-05-21 02:30:49,2026-05-21,2,乒乓球厅-15号,11:00-12:00,1,1,已售/已满,教学时间,多云,15,14,3,0.0,100,29
2026-05-21 03:00:55,2026-05-21,2,乒乓球厅-15号,11:00-12:00,1,1,已售/已满,教学时间,多云,15,12,4,0.0,100,29
2026-05-21 03:30:49,2026-05-21,2,乒乓球厅-15号,11:00-12:00,1,1,已售/已满,教学时间,多云,15,14,3,0.0,100,30
2026-05-21 04:30:45,2026-05-21,2,乒乓球厅-15号,11:00-12:00,1,1,已售/已满,教学时间,多云,15,12,4,0.0,100,29
2026-05-21 05:00:52,2026-05-21,2,乒乓球厅-15号,11:00-12:00,1,1,已售/已满,教学时间,多云,15,12,4,0.0,100,29
2026-05-21 05:30:49,2026-05-21,2,乒乓球厅-15号,11:00-12:00,1,1,已售/已满,教学时间,多云,15,13,3,0.0,100,28
2026-05-21 06:00:50,2026-05-21,2,乒乓球厅-15号,11:00-12:00,1,1,已售/已满,教学时间,多云,15,13,4,0.0,99,28
2026-05-21 06:30:38,2026-05-21,2,乒乓球厅-15号,11:00-12:00,1,1,已售/已满,教学时间,多云,15,13,3,0.0,97,28
2026-05-21 07:00:43,2026-05-21,2,乒乓球厅-15号,11:00-12:00,1,1,已售/已满,教学时间,晴,15,11,5,0.0,93,28
2026-05-21 07:30:39,2026-05-21,2,乒乓球厅-15号,11:00-12:00,1,1,已售/已满,教学时间,晴,17,13,4,0.0,89,29
2026-05-21 07:50:40,2026-05-21,2,乒乓球厅-15号,11:00-12:00,1,1,已售/已满,教学时间,晴,17,13,4,0.0,88,29
2026-05-21 07:53:31,2026-05-21,2,乒乓球厅-15号,11:00-12:00,1,1,已售/已满,教学时间,晴,17,12,5,0.0,86,29
2026-05-21 07:56:31,2026-05-21,2,乒乓球厅-15号,11:00-12:00,1,1,已售/已满,教学时间,晴,17,12,5,0.0,86,29
2026-05-21 07:59:26,2026-05-21,2,乒乓球厅-15号,11:00-12:00,1,1,已售/已满,教学时间,晴,17,12,5,0.0,86,29
2026-05-21 08:00:45,2026-05-21,2,乒乓球厅-15号,11:00-12:00,1,1,已售/已满,教学时间,晴,17,12,5,0.0,86,29
2026-05-21 08:02:30,2026-05-21,2,乒乓球厅-15号,11:00-12:00,1,1,已售/已满,教学时间,多云,17,12,5,0.0,87,29
2026-05-21 08:05:36,2026-05-21,2,乒乓球厅-15号,11:00-12:00,1,1,已售/已满,教学时间,多云,17,12,5,0.0,86,29
2026-05-21 08:08:31,2026-05-21,2,乒乓球厅-15号,11:00-12:00,1,1,已售/已满,教学时间,多云,17,12,5,0.0,86,29
2026-05-21 08:11:30,2026-05-21,2,乒乓球厅-15号,11:00-12:00,1,1,已售/已满,教学时间,多云,17,12,5,0.0,86,29
2026-05-21 08:14:31,2026-05-21,2,乒乓球厅-15号,11:00-12:00,1,1,已售/已满,教学时间,多云,17,12,5,0.0,86,29
2026-05-21 08:17:30,2026-05-21,2,乒乓球厅-15号,11:00-12:00,1,1,已售/已满,教学时间,多云,17,12,5,0.0,86,29
2026-05-21 08:20:35,2026-05-21,2,乒乓球厅-15号,11:00-12:00,1,1,已售/已满,教学时间,多云,17,14,4,0.0,85,29
2026-05-21 08:25:32,2026-05-21,2,乒乓球厅-15号,11:00-12:00,1,1,已售/已满,教学时间,多云,17,14,4,0.0,85,28
2026-05-21 08:30:42,2026-05-21,2,乒乓球厅-15号,11:00-12:00,1,1,已售/已满,教学时间,多云,18,15,4,0.0,84,28
2026-05-21 08:35:31,2026-05-21,2,乒乓球厅-15号,11:00-12:00,1,1,已售/已满,教学时间,多云,18,15,4,0.0,84,28
2026-05-21 08:40:38,2026-05-21,2,乒乓球厅-15号,11:00-12:00,1,1,已售/已满,教学时间,多云,18,15,4,0.0,82,28
2026-05-21 08:45:33,2026-05-21,2,乒乓球厅-15号,11:00-12:00,1,1,已售/已满,教学时间,多云,18,15,4,0.0,82,28
2026-05-21 08:50:36,2026-05-21,2,乒乓球厅-15号,11:00-12:00,1,1,已售/已满,教学时间,多云,18,15,4,0.0,82,28
2026-05-21 08:55:34,2026-05-21,2,乒乓球厅-15号,11:00-12:00,1,1,已售/已满,教学时间,多云,18,15,4,0.0,84,28
2026-05-21 09:00:51,2026-05-21,2,乒乓球厅-15号,11:00-12:00,1,1,已售/已满,教学时间,多云,18,15,4,0.0,84,28
2026-05-21 09:01:59,2026-05-21,2,乒乓球厅-15号,11:00-12:00,1,1,已售/已满,教学时间,多云,18,15,4,0.0,83,28
2026-05-21 09:05:33,2026-05-21,2,乒乓球厅-15号,11:00-12:00,1,1,已售/已满,教学时间,多云,18,15,4,0.0,83,28
2026-05-21 09:20:38,2026-05-21,2,乒乓球厅-15号,11:00-12:00,1,1,已售/已满,教学时间,多云,18,16,3,0.0,81,28
2026-05-21 09:30:46,2026-05-21,2,乒乓球厅-15号,11:00-12:00,1,1,已售/已满,教学时间,多云,18,16,3,0.0,81,32
2026-05-21 09:40:36,2026-05-21,2,乒乓球厅-15号,11:00-12:00,1,1,已售/已满,教学时间,多云,19,17,3,0.0,79,32
2026-05-21 09:50:42,2026-05-21,2,乒乓球厅-15号,11:00-12:00,1,1,已售/已满,教学时间,多云,19,17,4,0.0,81,32
2026-05-21 10:00:46,2026-05-21,2,乒乓球厅-15号,11:00-12:00,1,1,已售/已满,教学时间,多云,19,17,4,0.0,79,32
2026-05-21 10:10:40,2026-05-21,2,乒乓球厅-15号,11:00-12:00,1,1,已售/已满,教学时间,多云,19,17,4,0.0,79,32
2026-05-21 10:20:38,2026-05-21,2,乒乓球厅-15号,11:00-12:00,1,1,已售/已满,教学时间,多云,19,17,4,0.0,79,32
2026-05-21 10:30:41,2026-05-21,2,乒乓球厅-15号,11:00-12:00,1,1,已售/已满,教学时间,多云,19,18,3,0.0,78,31
2026-05-21 11:00:44,2026-05-21,2,乒乓球厅-15号,11:00-12:00,1,1,已售/已满,教学时间,多云,21,17,5,0.0,74,31
2026-05-21 11:30:38,2026-05-21,2,乒乓球厅-15号,11:00-12:00,1,1,已售/已满,教学时间,多云,21,19,3,0.0,72,33
2026-05-21 12:00:46,2026-05-21,2,乒乓球厅-15号,11:00-12:00,1,1,已售/已满,教学时间,多云,22,19,4,0.0,70,33
2026-05-21 12:30:42,2026-05-21,2,乒乓球厅-15号,11:00-12:00,1,1,已售/已满,教学时间,多云,22,21,3,0.0,68,35
2026-05-21 13:00:43,2026-05-21,2,乒乓球厅-15号,11:00-12:00,1,1,已售/已满,教学时间,多云,24,22,4,0.0,66,35
2026-05-21 13:30:43,2026-05-21,2,乒乓球厅-15号,11:00-12:00,1,1,已售/已满,教学时间,多云,24,22,4,0.0,66,36
2026-05-21 14:00:48,2026-05-21,2,乒乓球厅-15号,11:00-12:00,1,1,已售/已满,教学时间,多云,25,23,4,0.0,66,36
2026-05-21 14:30:45,2026-05-21,2,乒乓球厅-15号,11:00-12:00,1,1,已售/已满,教学时间,晴,25,25,3,0.0,65,39
2026-05-21 15:00:45,2026-05-21,2,乒乓球厅-15号,11:00-12:00,1,1,已售/已满,教学时间,晴,25,22,4,0.0,56,39
2026-05-21 15:30:43,2026-05-21,2,乒乓球厅-15号,11:00-12:00,1,1,已售/已满,教学时间,晴,25,23,4,0.0,57,40
2026-05-21 16:00:51,2026-05-21,2,乒乓球厅-15号,11:00-12:00,1,1,已售/已满,教学时间,晴,25,23,4,0.0,57,40
2026-05-21 16:30:48,2026-05-21,2,乒乓球厅-15号,11:00-12:00,1,1,已售/已满,教学时间,晴,25,24,3,0.0,60,39
2026-05-21 17:00:49,2026-05-21,2,乒乓球厅-15号,11:00-12:00,1,1,已售/已满,教学时间,晴,25,24,4,0.0,61,39
2026-05-21 17:30:47,2026-05-21,2,乒乓球厅-15号,11:00-12:00,1,1,已售/已满,教学时间,多云,24,23,3,0.0,64,39
2026-05-21 18:00:50,2026-05-21,2,乒乓球厅-15号,11:00-12:00,1,1,已售/已满,教学时间,多云,24,23,3,0.0,68,39
2026-05-21 18:30:50,2026-05-21,2,乒乓球厅-15号,11:00-12:00,1,1,已售/已满,教学时间,阴,24,25,2,0.0,68,40
2026-05-21 19:00:50,2026-05-21,2,乒乓球厅-15号,11:00-12:00,1,1,已售/已满,教学时间,阴,23,23,3,0.0,76,40
2026-05-21 19:30:46,2026-05-21,2,乒乓球厅-15号,11:00-12:00,1,1,已售/已满,教学时间,阴,23,24,2,0.0,77,39
2026-05-21 20:00:49,2026-05-21,2,乒乓球厅-15号,11:00-12:00,1,1,已售/已满,教学时间,雾,22,23,2,0.0,89,39
2026-05-21 20:30:44,2026-05-21,2,乒乓球厅-15号,11:00-12:00,1,1,已售/已满,教学时间,雾,22,24,2,0.0,93,43
2026-05-21 21:00:56,2026-05-21,2,乒乓球厅-15号,11:00-12:00,1,1,已售/已满,教学时间,雾,20,21,2,0.0,98,43
2026-05-21 21:30:46,2026-05-21,2,乒乓球厅-15号,11:00-12:00,1,1,已售/已满,教学时间,雾,20,22,1,0.0,99,41
2026-05-21 22:01:02,2026-05-21,2,乒乓球厅-15号,11:00-12:00,1,1,已售/已满,教学时间,雾,19,20,2,0.0,93,41
2026-05-21 22:30:47,2026-05-21,2,乒乓球厅-15号,11:00-12:00,1,1,已售/已满,教学时间,雾,19,19,3,0.0,88,46
2026-05-21 23:00:56,2026-05-21,2,乒乓球厅-15号,11:00-12:00,1,1,已售/已满,教学时间,多云,18,17,3,0.0,85,46
2026-05-21 23:30:55,2026-05-21,2,乒乓球厅-15号,11:00-12:00,1,1,已售/已满,教学时间,多云,18,17,3,0.0,85,48
2026-05-21 00:30:49,2026-05-21,2,乒乓球厅-15号,12:00-12:55,0,1,可预约,￥0.0,多云,15,13,3,0.0,100,26
2026-05-21 01:00:55,2026-05-21,2,乒乓球厅-15号,12:00-12:55,0,1,可预约,￥0.0,多云,15,12,4,0.0,100,26
2026-05-21 01:30:47,2026-05-21,2,乒乓球厅-15号,12:00-12:55,0,1,可预约,￥0.0,多云,15,13,4,0.0,100,28
2026-05-21 02:00:53,2026-05-21,2,乒乓球厅-15号,12:00-12:55,0,1,可预约,￥0.0,多云,15,12,4,0.0,100,28
2026-05-21 02:30:49,2026-05-21,2,乒乓球厅-15号,12:00-12:55,0,1,可预约,￥0.0,多云,15,14,3,0.0,100,29
2026-05-21 03:00:55,2026-05-21,2,乒乓球厅-15号,12:00-12:55,0,1,可预约,￥0.0,多云,15,12,4,0.0,100,29
2026-05-21 03:30:49,2026-05-21,2,乒乓球厅-15号,12:00-12:55,0,1,可预约,￥0.0,多云,15,14,3,0.0,100,30
2026-05-21 04:30:45,2026-05-21,2,乒乓球厅-15号,12:00-12:55,0,1,可预约,￥0.0,多云,15,12,4,0.0,100,29
2026-05-21 05:00:52,2026-05-21,2,乒乓球厅-15号,12:00-12:55,0,1,可预约,￥0.0,多云,15,12,4,0.0,100,29
2026-05-21 05:30:49,2026-05-21,2,乒乓球厅-15号,12:00-12:55,0,1,可预约,￥0.0,多云,15,13,3,0.0,100,28
2026-05-21 06:00:50,2026-05-21,2,乒乓球厅-15号,12:00-12:55,0,1,可预约,￥0.0,多云,15,13,4,0.0,99,28
2026-05-21 06:30:38,2026-05-21,2,乒乓球厅-15号,12:00-12:55,0,1,可预约,￥0.0,多云,15,13,3,0.0,97,28
2026-05-21 07:00:43,2026-05-21,2,乒乓球厅-15号,12:00-12:55,0,1,可预约,￥0.0,晴,15,11,5,0.0,93,28
2026-05-21 07:30:39,2026-05-21,2,乒乓球厅-15号,12:00-12:55,0,1,可预约,￥0.0,晴,17,13,4,0.0,89,29
2026-05-21 07:50:40,2026-05-21,2,乒乓球厅-15号,12:00-12:55,0,1,可预约,￥0.0,晴,17,13,4,0.0,88,29
2026-05-21 07:53:31,2026-05-21,2,乒乓球厅-15号,12:00-12:55,0,1,可预约,￥0.0,晴,17,12,5,0.0,86,29
2026-05-21 07:56:31,2026-05-21,2,乒乓球厅-15号,12:00-12:55,0,1,可预约,￥0.0,晴,17,12,5,0.0,86,29
2026-05-21 07:59:26,2026-05-21,2,乒乓球厅-15号,12:00-12:55,0,1,可预约,￥0.0,晴,17,12,5,0.0,86,29
2026-05-21 08:00:45,2026-05-21,2,乒乓球厅-15号,12:00-12:55,0,1,可预约,￥0.0,晴,17,12,5,0.0,86,29
2026-05-21 08:02:30,2026-05-21,2,乒乓球厅-15号,12:00-12:55,0,1,可预约,￥0.0,多云,17,12,5,0.0,87,29
2026-05-21 08:05:36,2026-05-21,2,乒乓球厅-15号,12:00-12:55,0,1,可预约,￥0.0,多云,17,12,5,0.0,86,29
2026-05-21 08:08:31,2026-05-21,2,乒乓球厅-15号,12:00-12:55,0,1,可预约,￥0.0,多云,17,12,5,0.0,86,29
2026-05-21 08:11:30,2026-05-21,2,乒乓球厅-15号,12:00-12:55,0,1,可预约,￥0.0,多云,17,12,5,0.0,86,29
2026-05-21 08:14:31,2026-05-21,2,乒乓球厅-15号,12:00-12:55,0,1,可预约,￥0.0,多云,17,12,5,0.0,86,29
2026-05-21 08:17:30,2026-05-21,2,乒乓球厅-15号,12:00-12:55,0,1,可预约,￥0.0,多云,17,12,5,0.0,86,29
2026-05-21 08:20:35,2026-05-21,2,乒乓球厅-15号,12:00-12:55,0,1,可预约,￥0.0,多云,17,14,4,0.0,85,29
2026-05-21 08:25:32,2026-05-21,2,乒乓球厅-15号,12:00-12:55,0,1,可预约,￥0.0,多云,17,14,4,0.0,85,28
2026-05-21 08:30:42,2026-05-21,2,乒乓球厅-15号,12:00-12:55,0,1,可预约,￥0.0,多云,18,15,4,0.0,84,28
2026-05-21 08:35:31,2026-05-21,2,乒乓球厅-15号,12:00-12:55,0,1,可预约,￥0.0,多云,18,15,4,0.0,84,28
2026-05-21 08:40:38,2026-05-21,2,乒乓球厅-15号,12:00-12:55,0,1,可预约,￥0.0,多云,18,15,4,0.0,82,28
2026-05-21 08:45:33,2026-05-21,2,乒乓球厅-15号,12:00-12:55,0,1,可预约,￥0.0,多云,18,15,4,0.0,82,28
2026-05-21 08:50:36,2026-05-21,2,乒乓球厅-15号,12:00-12:55,0,1,可预约,￥0.0,多云,18,15,4,0.0,82,28
2026-05-21 08:55:34,2026-05-21,2,乒乓球厅-15号,12:00-12:55,0,1,可预约,￥0.0,多云,18,15,4,0.0,84,28
2026-05-21 09:00:51,2026-05-21,2,乒乓球厅-15号,12:00-12:55,0,1,可预约,￥0.0,多云,18,15,4,0.0,84,28
2026-05-21 09:01:59,2026-05-21,2,乒乓球厅-15号,12:00-12:55,0,1,可预约,￥0.0,多云,18,15,4,0.0,83,28
2026-05-21 09:05:33,2026-05-21,2,乒乓球厅-15号,12:00-12:55,0,1,可预约,￥0.0,多云,18,15,4,0.0,83,28
2026-05-21 09:20:38,2026-05-21,2,乒乓球厅-15号,12:00-12:55,0,1,可预约,￥0.0,多云,18,16,3,0.0,81,28
2026-05-21 09:30:46,2026-05-21,2,乒乓球厅-15号,12:00-12:55,0,1,可预约,￥0.0,多云,18,16,3,0.0,81,32
2026-05-21 09:40:36,2026-05-21,2,乒乓球厅-15号,12:00-12:55,0,1,可预约,￥0.0,多云,19,17,3,0.0,79,32
2026-05-21 09:50:42,2026-05-21,2,乒乓球厅-15号,12:00-12:55,0,1,可预约,￥0.0,多云,19,17,4,0.0,81,32
2026-05-21 10:00:46,2026-05-21,2,乒乓球厅-15号,12:00-12:55,0,1,可预约,￥0.0,多云,19,17,4,0.0,79,32
2026-05-21 10:10:40,2026-05-21,2,乒乓球厅-15号,12:00-12:55,0,1,可预约,￥0.0,多云,19,17,4,0.0,79,32
2026-05-21 10:20:38,2026-05-21,2,乒乓球厅-15号,12:00-12:55,0,1,可预约,￥0.0,多云,19,17,4,0.0,79,32
2026-05-21 10:30:41,2026-05-21,2,乒乓球厅-15号,12:00-12:55,0,1,可预约,￥0.0,多云,19,18,3,0.0,78,31
2026-05-21 11:00:44,2026-05-21,2,乒乓球厅-15号,12:00-12:55,0,1,可预约,￥0.0,多云,21,17,5,0.0,74,31
2026-05-21 11:30:38,2026-05-21,2,乒乓球厅-15号,12:00-12:55,0,1,可预约,￥0.0,多云,21,19,3,0.0,72,33
2026-05-21 12:00:46,2026-05-21,2,乒乓球厅-15号,12:00-12:55,0,1,可预约,￥0.0,多云,22,19,4,0.0,70,33
2026-05-21 12:30:42,2026-05-21,2,乒乓球厅-15号,12:00-12:55,0,1,可预约,￥0.0,多云,22,21,3,0.0,68,35
2026-05-21 13:00:43,2026-05-21,2,乒乓球厅-15号,12:00-12:55,0,1,不开放/已过期,,多云,24,22,4,0.0,66,35
2026-05-21 13:30:43,2026-05-21,2,乒乓球厅-15号,12:00-12:55,0,1,不开放/已过期,,多云,24,22,4,0.0,66,36
2026-05-21 14:00:48,2026-05-21,2,乒乓球厅-15号,12:00-12:55,0,1,不开放/已过期,,多云,25,23,4,0.0,66,36
2026-05-21 14:30:45,2026-05-21,2,乒乓球厅-15号,12:00-12:55,0,1,不开放/已过期,,晴,25,25,3,0.0,65,39
2026-05-21 15:00:45,2026-05-21,2,乒乓球厅-15号,12:00-12:55,0,1,不开放/已过期,,晴,25,22,4,0.0,56,39
2026-05-21 15:30:43,2026-05-21,2,乒乓球厅-15号,12:00-12:55,0,1,不开放/已过期,,晴,25,23,4,0.0,57,40
2026-05-21 16:00:51,2026-05-21,2,乒乓球厅-15号,12:00-12:55,0,1,不开放/已过期,,晴,25,23,4,0.0,57,40
2026-05-21 16:30:48,2026-05-21,2,乒乓球厅-15号,12:00-12:55,0,1,不开放/已过期,,晴,25,24,3,0.0,60,39
2026-05-21 17:00:49,2026-05-21,2,乒乓球厅-15号,12:00-12:55,0,1,不开放/已过期,,晴,25,24,4,0.0,61,39
2026-05-21 17:30:47,2026-05-21,2,乒乓球厅-15号,12:00-12:55,0,1,不开放/已过期,,多云,24,23,3,0.0,64,39
2026-05-21 18:00:50,2026-05-21,2,乒乓球厅-15号,12:00-12:55,0,1,不开放/已过期,,多云,24,23,3,0.0,68,39
2026-05-21 18:30:50,2026-05-21,2,乒乓球厅-15号,12:00-12:55,0,1,不开放/已过期,,阴,24,25,2,0.0,68,40
2026-05-21 19:00:50,2026-05-21,2,乒乓球厅-15号,12:00-12:55,0,1,不开放/已过期,,阴,23,23,3,0.0,76,40
2026-05-21 19:30:46,2026-05-21,2,乒乓球厅-15号,12:00-12:55,0,1,不开放/已过期,,阴,23,24,2,0.0,77,39
2026-05-21 20:00:49,2026-05-21,2,乒乓球厅-15号,12:00-12:55,0,1,不开放/已过期,,雾,22,23,2,0.0,89,39
2026-05-21 20:30:44,2026-05-21,2,乒乓球厅-15号,12:00-12:55,0,1,不开放/已过期,,雾,22,24,2,0.0,93,43
2026-05-21 21:00:56,2026-05-21,2,乒乓球厅-15号,12:00-12:55,0,1,不开放/已过期,,雾,20,21,2,0.0,98,43
2026-05-21 21:30:46,2026-05-21,2,乒乓球厅-15号,12:00-12:55,0,1,不开放/已过期,,雾,20,22,1,0.0,99,41
2026-05-21 22:01:02,2026-05-21,2,乒乓球厅-15号,12:00-12:55,0,1,不开放/已过期,,雾,19,20,2,0.0,93,41
2026-05-21 22:30:47,2026-05-21,2,乒乓球厅-15号,12:00-12:55,0,1,不开放/已过期,,雾,19,19,3,0.0,88,46
2026-05-21 23:00:56,2026-05-21,2,乒乓球厅-15号,12:00-12:55,0,1,不开放/已过期,,多云,18,17,3,0.0,85,46
2026-05-21 23:30:55,2026-05-21,2,乒乓球厅-15号,12:00-12:55,0,1,不开放/已过期,,多云,18,17,3,0.0,85,48
2026-05-21 00:30:49,2026-05-21,2,乒乓球厅-15号,12:55-13:50,0,1,可预约,￥0.0,多云,15,13,3,0.0,100,26
2026-05-21 01:00:55,2026-05-21,2,乒乓球厅-15号,12:55-13:50,0,1,可预约,￥0.0,多云,15,12,4,0.0,100,26
2026-05-21 01:30:47,2026-05-21,2,乒乓球厅-15号,12:55-13:50,0,1,可预约,￥0.0,多云,15,13,4,0.0,100,28
2026-05-21 02:00:53,2026-05-21,2,乒乓球厅-15号,12:55-13:50,0,1,可预约,￥0.0,多云,15,12,4,0.0,100,28
2026-05-21 02:30:49,2026-05-21,2,乒乓球厅-15号,12:55-13:50,0,1,可预约,￥0.0,多云,15,14,3,0.0,100,29
2026-05-21 03:00:55,2026-05-21,2,乒乓球厅-15号,12:55-13:50,0,1,可预约,￥0.0,多云,15,12,4,0.0,100,29
2026-05-21 03:30:49,2026-05-21,2,乒乓球厅-15号,12:55-13:50,0,1,可预约,￥0.0,多云,15,14,3,0.0,100,30
2026-05-21 04:30:45,2026-05-21,2,乒乓球厅-15号,12:55-13:50,0,1,可预约,￥0.0,多云,15,12,4,0.0,100,29
2026-05-21 05:00:52,2026-05-21,2,乒乓球厅-15号,12:55-13:50,0,1,可预约,￥0.0,多云,15,12,4,0.0,100,29
2026-05-21 05:30:49,2026-05-21,2,乒乓球厅-15号,12:55-13:50,0,1,可预约,￥0.0,多云,15,13,3,0.0,100,28
2026-05-21 06:00:50,2026-05-21,2,乒乓球厅-15号,12:55-13:50,0,1,可预约,￥0.0,多云,15,13,4,0.0,99,28
2026-05-21 06:30:38,2026-05-21,2,乒乓球厅-15号,12:55-13:50,0,1,可预约,￥0.0,多云,15,13,3,0.0,97,28
2026-05-21 07:00:43,2026-05-21,2,乒乓球厅-15号,12:55-13:50,0,1,可预约,￥0.0,晴,15,11,5,0.0,93,28
2026-05-21 07:30:39,2026-05-21,2,乒乓球厅-15号,12:55-13:50,0,1,可预约,￥0.0,晴,17,13,4,0.0,89,29
2026-05-21 07:50:40,2026-05-21,2,乒乓球厅-15号,12:55-13:50,0,1,可预约,￥0.0,晴,17,13,4,0.0,88,29
2026-05-21 07:53:31,2026-05-21,2,乒乓球厅-15号,12:55-13:50,0,1,可预约,￥0.0,晴,17,12,5,0.0,86,29
2026-05-21 07:56:31,2026-05-21,2,乒乓球厅-15号,12:55-13:50,0,1,可预约,￥0.0,晴,17,12,5,0.0,86,29
2026-05-21 07:59:26,2026-05-21,2,乒乓球厅-15号,12:55-13:50,0,1,可预约,￥0.0,晴,17,12,5,0.0,86,29
2026-05-21 08:00:45,2026-05-21,2,乒乓球厅-15号,12:55-13:50,0,1,可预约,￥0.0,晴,17,12,5,0.0,86,29
2026-05-21 08:02:30,2026-05-21,2,乒乓球厅-15号,12:55-13:50,0,1,可预约,￥0.0,多云,17,12,5,0.0,87,29
2026-05-21 08:05:36,2026-05-21,2,乒乓球厅-15号,12:55-13:50,0,1,可预约,￥0.0,多云,17,12,5,0.0,86,29
2026-05-21 08:08:31,2026-05-21,2,乒乓球厅-15号,12:55-13:50,0,1,可预约,￥0.0,多云,17,12,5,0.0,86,29
2026-05-21 08:11:30,2026-05-21,2,乒乓球厅-15号,12:55-13:50,0,1,可预约,￥0.0,多云,17,12,5,0.0,86,29
2026-05-21 08:14:31,2026-05-21,2,乒乓球厅-15号,12:55-13:50,0,1,可预约,￥0.0,多云,17,12,5,0.0,86,29
2026-05-21 08:17:30,2026-05-21,2,乒乓球厅-15号,12:55-13:50,0,1,可预约,￥0.0,多云,17,12,5,0.0,86,29
2026-05-21 08:20:35,2026-05-21,2,乒乓球厅-15号,12:55-13:50,0,1,可预约,￥0.0,多云,17,14,4,0.0,85,29
2026-05-21 08:25:32,2026-05-21,2,乒乓球厅-15号,12:55-13:50,0,1,可预约,￥0.0,多云,17,14,4,0.0,85,28
2026-05-21 08:30:42,2026-05-21,2,乒乓球厅-15号,12:55-13:50,0,1,可预约,￥0.0,多云,18,15,4,0.0,84,28
2026-05-21 08:35:31,2026-05-21,2,乒乓球厅-15号,12:55-13:50,0,1,可预约,￥0.0,多云,18,15,4,0.0,84,28
2026-05-21 08:40:38,2026-05-21,2,乒乓球厅-15号,12:55-13:50,0,1,可预约,￥0.0,多云,18,15,4,0.0,82,28
2026-05-21 08:45:33,2026-05-21,2,乒乓球厅-15号,12:55-13:50,0,1,可预约,￥0.0,多云,18,15,4,0.0,82,28
2026-05-21 08:50:36,2026-05-21,2,乒乓球厅-15号,12:55-13:50,0,1,可预约,￥0.0,多云,18,15,4,0.0,82,28
2026-05-21 08:55:34,2026-05-21,2,乒乓球厅-15号,12:55-13:50,0,1,可预约,￥0.0,多云,18,15,4,0.0,84,28
2026-05-21 09:00:51,2026-05-21,2,乒乓球厅-15号,12:55-13:50,0,1,可预约,￥0.0,多云,18,15,4,0.0,84,28
2026-05-21 09:01:59,2026-05-21,2,乒乓球厅-15号,12:55-13:50,0,1,可预约,￥0.0,多云,18,15,4,0.0,83,28
2026-05-21 09:05:33,2026-05-21,2,乒乓球厅-15号,12:55-13:50,0,1,可预约,￥0.0,多云,18,15,4,0.0,83,28
2026-05-21 09:20:38,2026-05-21,2,乒乓球厅-15号,12:55-13:50,0,1,可预约,￥0.0,多云,18,16,3,0.0,81,28
2026-05-21 09:30:46,2026-05-21,2,乒乓球厅-15号,12:55-13:50,0,1,可预约,￥0.0,多云,18,16,3,0.0,81,32
2026-05-21 09:40:36,2026-05-21,2,乒乓球厅-15号,12:55-13:50,0,1,可预约,￥0.0,多云,19,17,3,0.0,79,32
2026-05-21 09:50:42,2026-05-21,2,乒乓球厅-15号,12:55-13:50,0,1,可预约,￥0.0,多云,19,17,4,0.0,81,32
2026-05-21 10:00:46,2026-05-21,2,乒乓球厅-15号,12:55-13:50,0,1,可预约,￥0.0,多云,19,17,4,0.0,79,32
2026-05-21 10:10:40,2026-05-21,2,乒乓球厅-15号,12:55-13:50,0,1,可预约,￥0.0,多云,19,17,4,0.0,79,32
2026-05-21 10:20:38,2026-05-21,2,乒乓球厅-15号,12:55-13:50,0,1,可预约,￥0.0,多云,19,17,4,0.0,79,32
2026-05-21 10:30:41,2026-05-21,2,乒乓球厅-15号,12:55-13:50,0,1,可预约,￥0.0,多云,19,18,3,0.0,78,31
2026-05-21 11:00:44,2026-05-21,2,乒乓球厅-15号,12:55-13:50,0,1,可预约,￥0.0,多云,21,17,5,0.0,74,31
2026-05-21 11:30:38,2026-05-21,2,乒乓球厅-15号,12:55-13:50,0,1,可预约,￥0.0,多云,21,19,3,0.0,72,33
2026-05-21 12:00:46,2026-05-21,2,乒乓球厅-15号,12:55-13:50,0,1,可预约,￥0.0,多云,22,19,4,0.0,70,33
2026-05-21 12:30:42,2026-05-21,2,乒乓球厅-15号,12:55-13:50,0,1,可预约,￥0.0,多云,22,21,3,0.0,68,35
2026-05-21 13:00:43,2026-05-21,2,乒乓球厅-15号,12:55-13:50,1,1,已售/已满,已售,多云,24,22,4,0.0,66,35
2026-05-21 13:30:43,2026-05-21,2,乒乓球厅-15号,12:55-13:50,1,1,已售/已满,已售,多云,24,22,4,0.0,66,36
2026-05-21 14:00:48,2026-05-21,2,乒乓球厅-15号,12:55-13:50,1,1,已售/已满,已售,多云,25,23,4,0.0,66,36
2026-05-21 14:30:45,2026-05-21,2,乒乓球厅-15号,12:55-13:50,1,1,已售/已满,已售,晴,25,25,3,0.0,65,39
2026-05-21 15:00:45,2026-05-21,2,乒乓球厅-15号,12:55-13:50,1,1,已售/已满,已售,晴,25,22,4,0.0,56,39
2026-05-21 15:30:43,2026-05-21,2,乒乓球厅-15号,12:55-13:50,1,1,已售/已满,已售,晴,25,23,4,0.0,57,40
2026-05-21 16:00:51,2026-05-21,2,乒乓球厅-15号,12:55-13:50,1,1,已售/已满,已售,晴,25,23,4,0.0,57,40
2026-05-21 16:30:48,2026-05-21,2,乒乓球厅-15号,12:55-13:50,1,1,已售/已满,已售,晴,25,24,3,0.0,60,39
2026-05-21 17:00:49,2026-05-21,2,乒乓球厅-15号,12:55-13:50,1,1,已售/已满,已售,晴,25,24,4,0.0,61,39
2026-05-21 17:30:47,2026-05-21,2,乒乓球厅-15号,12:55-13:50,1,1,已售/已满,已售,多云,24,23,3,0.0,64,39
2026-05-21 18:00:50,2026-05-21,2,乒乓球厅-15号,12:55-13:50,1,1,已售/已满,已售,多云,24,23,3,0.0,68,39
2026-05-21 18:30:50,2026-05-21,2,乒乓球厅-15号,12:55-13:50,1,1,已售/已满,已售,阴,24,25,2,0.0,68,40
2026-05-21 19:00:50,2026-05-21,2,乒乓球厅-15号,12:55-13:50,1,1,已售/已满,已售,阴,23,23,3,0.0,76,40
2026-05-21 19:30:46,2026-05-21,2,乒乓球厅-15号,12:55-13:50,1,1,已售/已满,已售,阴,23,24,2,0.0,77,39
2026-05-21 20:00:49,2026-05-21,2,乒乓球厅-15号,12:55-13:50,1,1,已售/已满,已售,雾,22,23,2,0.0,89,39
2026-05-21 20:30:44,2026-05-21,2,乒乓球厅-15号,12:55-13:50,1,1,已售/已满,已售,雾,22,24,2,0.0,93,43
2026-05-21 21:00:56,2026-05-21,2,乒乓球厅-15号,12:55-13:50,1,1,已售/已满,已售,雾,20,21,2,0.0,98,43
2026-05-21 21:30:46,2026-05-21,2,乒乓球厅-15号,12:55-13:50,1,1,已售/已满,已售,雾,20,22,1,0.0,99,41
2026-05-21 22:01:02,2026-05-21,2,乒乓球厅-15号,12:55-13:50,1,1,已售/已满,已售,雾,19,20,2,0.0,93,41
2026-05-21 22:30:47,2026-05-21,2,乒乓球厅-15号,12:55-13:50,1,1,已售/已满,已售,雾,19,19,3,0.0,88,46
2026-05-21 23:00:56,2026-05-21,2,乒乓球厅-15号,12:55-13:50,1,1,已售/已满,已售,多云,18,17,3,0.0,85,46
2026-05-21 23:30:55,2026-05-21,2,乒乓球厅-15号,12:55-13:50,1,1,已售/已满,已售,多云,18,17,3,0.0,85,48
2026-05-21 00:30:49,2026-05-21,2,乒乓球厅-15号,14:00-15:00,0,1,可预约,￥5.0,多云,15,13,3,0.0,100,26
2026-05-21 01:00:55,2026-05-21,2,乒乓球厅-15号,14:00-15:00,0,1,可预约,￥5.0,多云,15,12,4,0.0,100,26
2026-05-21 01:30:47,2026-05-21,2,乒乓球厅-15号,14:00-15:00,0,1,可预约,￥5.0,多云,15,13,4,0.0,100,28
2026-05-21 02:00:53,2026-05-21,2,乒乓球厅-15号,14:00-15:00,0,1,可预约,￥5.0,多云,15,12,4,0.0,100,28
2026-05-21 02:30:49,2026-05-21,2,乒乓球厅-15号,14:00-15:00,0,1,可预约,￥5.0,多云,15,14,3,0.0,100,29
2026-05-21 03:00:55,2026-05-21,2,乒乓球厅-15号,14:00-15:00,0,1,可预约,￥5.0,多云,15,12,4,0.0,100,29
2026-05-21 03:30:49,2026-05-21,2,乒乓球厅-15号,14:00-15:00,0,1,可预约,￥5.0,多云,15,14,3,0.0,100,30
2026-05-21 04:30:45,2026-05-21,2,乒乓球厅-15号,14:00-15:00,0,1,可预约,￥5.0,多云,15,12,4,0.0,100,29
2026-05-21 05:00:52,2026-05-21,2,乒乓球厅-15号,14:00-15:00,0,1,可预约,￥5.0,多云,15,12,4,0.0,100,29
2026-05-21 05:30:49,2026-05-21,2,乒乓球厅-15号,14:00-15:00,0,1,可预约,￥5.0,多云,15,13,3,0.0,100,28
2026-05-21 06:00:50,2026-05-21,2,乒乓球厅-15号,14:00-15:00,0,1,可预约,￥5.0,多云,15,13,4,0.0,99,28
2026-05-21 06:30:38,2026-05-21,2,乒乓球厅-15号,14:00-15:00,0,1,可预约,￥5.0,多云,15,13,3,0.0,97,28
2026-05-21 07:00:43,2026-05-21,2,乒乓球厅-15号,14:00-15:00,0,1,可预约,￥5.0,晴,15,11,5,0.0,93,28
2026-05-21 07:30:39,2026-05-21,2,乒乓球厅-15号,14:00-15:00,0,1,可预约,￥5.0,晴,17,13,4,0.0,89,29
2026-05-21 07:50:40,2026-05-21,2,乒乓球厅-15号,14:00-15:00,0,1,可预约,￥5.0,晴,17,13,4,0.0,88,29
2026-05-21 07:53:31,2026-05-21,2,乒乓球厅-15号,14:00-15:00,0,1,可预约,￥5.0,晴,17,12,5,0.0,86,29
2026-05-21 07:56:31,2026-05-21,2,乒乓球厅-15号,14:00-15:00,0,1,可预约,￥5.0,晴,17,12,5,0.0,86,29
2026-05-21 07:59:26,2026-05-21,2,乒乓球厅-15号,14:00-15:00,0,1,可预约,￥5.0,晴,17,12,5,0.0,86,29
2026-05-21 08:00:45,2026-05-21,2,乒乓球厅-15号,14:00-15:00,0,1,可预约,￥5.0,晴,17,12,5,0.0,86,29
2026-05-21 08:02:30,2026-05-21,2,乒乓球厅-15号,14:00-15:00,0,1,可预约,￥5.0,多云,17,12,5,0.0,87,29
2026-05-21 08:05:36,2026-05-21,2,乒乓球厅-15号,14:00-15:00,0,1,可预约,￥5.0,多云,17,12,5,0.0,86,29
2026-05-21 08:08:31,2026-05-21,2,乒乓球厅-15号,14:00-15:00,0,1,可预约,￥5.0,多云,17,12,5,0.0,86,29
2026-05-21 08:11:30,2026-05-21,2,乒乓球厅-15号,14:00-15:00,0,1,可预约,￥5.0,多云,17,12,5,0.0,86,29
2026-05-21 08:14:31,2026-05-21,2,乒乓球厅-15号,14:00-15:00,0,1,可预约,￥5.0,多云,17,12,5,0.0,86,29
2026-05-21 08:17:30,2026-05-21,2,乒乓球厅-15号,14:00-15:00,0,1,可预约,￥5.0,多云,17,12,5,0.0,86,29
2026-05-21 08:20:35,2026-05-21,2,乒乓球厅-15号,14:00-15:00,0,1,可预约,￥5.0,多云,17,14,4,0.0,85,29
2026-05-21 08:25:32,2026-05-21,2,乒乓球厅-15号,14:00-15:00,0,1,可预约,￥5.0,多云,17,14,4,0.0,85,28
2026-05-21 08:30:42,2026-05-21,2,乒乓球厅-15号,14:00-15:00,0,1,可预约,￥5.0,多云,18,15,4,0.0,84,28
2026-05-21 08:35:31,2026-05-21,2,乒乓球厅-15号,14:00-15:00,0,1,可预约,￥5.0,多云,18,15,4,0.0,84,28
2026-05-21 08:40:38,2026-05-21,2,乒乓球厅-15号,14:00-15:00,0,1,可预约,￥5.0,多云,18,15,4,0.0,82,28
2026-05-21 08:45:33,2026-05-21,2,乒乓球厅-15号,14:00-15:00,0,1,可预约,￥5.0,多云,18,15,4,0.0,82,28
2026-05-21 08:50:36,2026-05-21,2,乒乓球厅-15号,14:00-15:00,0,1,可预约,￥5.0,多云,18,15,4,0.0,82,28
2026-05-21 08:55:34,2026-05-21,2,乒乓球厅-15号,14:00-15:00,0,1,可预约,￥5.0,多云,18,15,4,0.0,84,28
2026-05-21 09:00:51,2026-05-21,2,乒乓球厅-15号,14:00-15:00,0,1,可预约,￥5.0,多云,18,15,4,0.0,84,28
2026-05-21 09:01:59,2026-05-21,2,乒乓球厅-15号,14:00-15:00,0,1,可预约,￥5.0,多云,18,15,4,0.0,83,28
2026-05-21 09:05:33,2026-05-21,2,乒乓球厅-15号,14:00-15:00,0,1,可预约,￥5.0,多云,18,15,4,0.0,83,28
2026-05-21 09:20:38,2026-05-21,2,乒乓球厅-15号,14:00-15:00,0,1,可预约,￥5.0,多云,18,16,3,0.0,81,28
2026-05-21 09:30:46,2026-05-21,2,乒乓球厅-15号,14:00-15:00,0,1,可预约,￥5.0,多云,18,16,3,0.0,81,32
2026-05-21 09:40:36,2026-05-21,2,乒乓球厅-15号,14:00-15:00,0,1,可预约,￥5.0,多云,19,17,3,0.0,79,32
2026-05-21 09:50:42,2026-05-21,2,乒乓球厅-15号,14:00-15:00,0,1,可预约,￥5.0,多云,19,17,4,0.0,81,32
2026-05-21 10:00:46,2026-05-21,2,乒乓球厅-15号,14:00-15:00,0,1,可预约,￥5.0,多云,19,17,4,0.0,79,32
2026-05-21 10:10:40,2026-05-21,2,乒乓球厅-15号,14:00-15:00,0,1,可预约,￥5.0,多云,19,17,4,0.0,79,32
2026-05-21 10:20:38,2026-05-21,2,乒乓球厅-15号,14:00-15:00,0,1,可预约,￥5.0,多云,19,17,4,0.0,79,32
2026-05-21 10:30:41,2026-05-21,2,乒乓球厅-15号,14:00-15:00,0,1,可预约,￥5.0,多云,19,18,3,0.0,78,31
2026-05-21 11:00:44,2026-05-21,2,乒乓球厅-15号,14:00-15:00,0,1,可预约,￥5.0,多云,21,17,5,0.0,74,31
2026-05-21 11:30:38,2026-05-21,2,乒乓球厅-15号,14:00-15:00,0,1,可预约,￥5.0,多云,21,19,3,0.0,72,33
2026-05-21 12:00:46,2026-05-21,2,乒乓球厅-15号,14:00-15:00,0,1,可预约,￥5.0,多云,22,19,4,0.0,70,33
2026-05-21 12:30:42,2026-05-21,2,乒乓球厅-15号,14:00-15:00,0,1,可预约,￥5.0,多云,22,21,3,0.0,68,35
2026-05-21 13:00:43,2026-05-21,2,乒乓球厅-15号,14:00-15:00,0,1,可预约,￥5.0,多云,24,22,4,0.0,66,35
2026-05-21 13:30:43,2026-05-21,2,乒乓球厅-15号,14:00-15:00,0,1,可预约,￥5.0,多云,24,22,4,0.0,66,36
2026-05-21 14:00:48,2026-05-21,2,乒乓球厅-15号,14:00-15:00,0,1,可预约,￥5.0,多云,25,23,4,0.0,66,36
2026-05-21 14:30:45,2026-05-21,2,乒乓球厅-15号,14:00-15:00,0,1,可预约,￥5.0,晴,25,25,3,0.0,65,39
2026-05-21 15:00:45,2026-05-21,2,乒乓球厅-15号,14:00-15:00,0,1,不开放/已过期,,晴,25,22,4,0.0,56,39
2026-05-21 15:30:43,2026-05-21,2,乒乓球厅-15号,14:00-15:00,0,1,不开放/已过期,,晴,25,23,4,0.0,57,40
2026-05-21 16:00:51,2026-05-21,2,乒乓球厅-15号,14:00-15:00,0,1,不开放/已过期,,晴,25,23,4,0.0,57,40
2026-05-21 16:30:48,2026-05-21,2,乒乓球厅-15号,14:00-15:00,0,1,不开放/已过期,,晴,25,24,3,0.0,60,39
2026-05-21 17:00:49,2026-05-21,2,乒乓球厅-15号,14:00-15:00,0,1,不开放/已过期,,晴,25,24,4,0.0,61,39
2026-05-21 17:30:47,2026-05-21,2,乒乓球厅-15号,14:00-15:00,0,1,不开放/已过期,,多云,24,23,3,0.0,64,39
2026-05-21 18:00:50,2026-05-21,2,乒乓球厅-15号,14:00-15:00,0,1,不开放/已过期,,多云,24,23,3,0.0,68,39
2026-05-21 18:30:50,2026-05-21,2,乒乓球厅-15号,14:00-15:00,0,1,不开放/已过期,,阴,24,25,2,0.0,68,40
2026-05-21 19:00:50,2026-05-21,2,乒乓球厅-15号,14:00-15:00,0,1,不开放/已过期,,阴,23,23,3,0.0,76,40
2026-05-21 19:30:46,2026-05-21,2,乒乓球厅-15号,14:00-15:00,0,1,不开放/已过期,,阴,23,24,2,0.0,77,39
2026-05-21 20:00:49,2026-05-21,2,乒乓球厅-15号,14:00-15:00,0,1,不开放/已过期,,雾,22,23,2,0.0,89,39
2026-05-21 20:30:44,2026-05-21,2,乒乓球厅-15号,14:00-15:00,0,1,不开放/已过期,,雾,22,24,2,0.0,93,43
2026-05-21 21:00:56,2026-05-21,2,乒乓球厅-15号,14:00-15:00,0,1,不开放/已过期,,雾,20,21,2,0.0,98,43
2026-05-21 21:30:46,2026-05-21,2,乒乓球厅-15号,14:00-15:00,0,1,不开放/已过期,,雾,20,22,1,0.0,99,41
2026-05-21 22:01:02,2026-05-21,2,乒乓球厅-15号,14:00-15:00,0,1,不开放/已过期,,雾,19,20,2,0.0,93,41
2026-05-21 22:30:47,2026-05-21,2,乒乓球厅-15号,14:00-15:00,0,1,不开放/已过期,,雾,19,19,3,0.0,88,46
2026-05-21 23:00:56,2026-05-21,2,乒乓球厅-15号,14:00-15:00,0,1,不开放/已过期,,多云,18,17,3,0.0,85,46
2026-05-21 23:30:55,2026-05-21,2,乒乓球厅-15号,14:00-15:00,0,1,不开放/已过期,,多云,18,17,3,0.0,85,48
2026-05-21 00:30:49,2026-05-21,2,乒乓球厅-15号,15:00-16:00,0,1,可预约,￥5.0,多云,15,13,3,0.0,100,26
2026-05-21 01:00:55,2026-05-21,2,乒乓球厅-15号,15:00-16:00,0,1,可预约,￥5.0,多云,15,12,4,0.0,100,26
2026-05-21 01:30:47,2026-05-21,2,乒乓球厅-15号,15:00-16:00,0,1,可预约,￥5.0,多云,15,13,4,0.0,100,28
2026-05-21 02:00:53,2026-05-21,2,乒乓球厅-15号,15:00-16:00,0,1,可预约,￥5.0,多云,15,12,4,0.0,100,28
2026-05-21 02:30:49,2026-05-21,2,乒乓球厅-15号,15:00-16:00,0,1,可预约,￥5.0,多云,15,14,3,0.0,100,29
2026-05-21 03:00:55,2026-05-21,2,乒乓球厅-15号,15:00-16:00,0,1,可预约,￥5.0,多云,15,12,4,0.0,100,29
2026-05-21 03:30:49,2026-05-21,2,乒乓球厅-15号,15:00-16:00,0,1,可预约,￥5.0,多云,15,14,3,0.0,100,30
2026-05-21 04:30:45,2026-05-21,2,乒乓球厅-15号,15:00-16:00,0,1,可预约,￥5.0,多云,15,12,4,0.0,100,29
2026-05-21 05:00:52,2026-05-21,2,乒乓球厅-15号,15:00-16:00,0,1,可预约,￥5.0,多云,15,12,4,0.0,100,29
2026-05-21 05:30:49,2026-05-21,2,乒乓球厅-15号,15:00-16:00,0,1,可预约,￥5.0,多云,15,13,3,0.0,100,28
2026-05-21 06:00:50,2026-05-21,2,乒乓球厅-15号,15:00-16:00,0,1,可预约,￥5.0,多云,15,13,4,0.0,99,28
2026-05-21 06:30:38,2026-05-21,2,乒乓球厅-15号,15:00-16:00,0,1,可预约,￥5.0,多云,15,13,3,0.0,97,28
2026-05-21 07:00:43,2026-05-21,2,乒乓球厅-15号,15:00-16:00,0,1,可预约,￥5.0,晴,15,11,5,0.0,93,28
2026-05-21 07:30:39,2026-05-21,2,乒乓球厅-15号,15:00-16:00,0,1,可预约,￥5.0,晴,17,13,4,0.0,89,29
2026-05-21 07:50:40,2026-05-21,2,乒乓球厅-15号,15:00-16:00,0,1,可预约,￥5.0,晴,17,13,4,0.0,88,29
2026-05-21 07:53:31,2026-05-21,2,乒乓球厅-15号,15:00-16:00,0,1,可预约,￥5.0,晴,17,12,5,0.0,86,29
2026-05-21 07:56:31,2026-05-21,2,乒乓球厅-15号,15:00-16:00,0,1,可预约,￥5.0,晴,17,12,5,0.0,86,29
2026-05-21 07:59:26,2026-05-21,2,乒乓球厅-15号,15:00-16:00,0,1,可预约,￥5.0,晴,17,12,5,0.0,86,29
2026-05-21 08:00:45,2026-05-21,2,乒乓球厅-15号,15:00-16:00,0,1,可预约,￥5.0,晴,17,12,5,0.0,86,29
2026-05-21 08:02:30,2026-05-21,2,乒乓球厅-15号,15:00-16:00,0,1,可预约,￥5.0,多云,17,12,5,0.0,87,29
2026-05-21 08:05:36,2026-05-21,2,乒乓球厅-15号,15:00-16:00,0,1,可预约,￥5.0,多云,17,12,5,0.0,86,29
2026-05-21 08:08:31,2026-05-21,2,乒乓球厅-15号,15:00-16:00,0,1,可预约,￥5.0,多云,17,12,5,0.0,86,29
2026-05-21 08:11:30,2026-05-21,2,乒乓球厅-15号,15:00-16:00,0,1,可预约,￥5.0,多云,17,12,5,0.0,86,29
2026-05-21 08:14:31,2026-05-21,2,乒乓球厅-15号,15:00-16:00,0,1,可预约,￥5.0,多云,17,12,5,0.0,86,29
2026-05-21 08:17:30,2026-05-21,2,乒乓球厅-15号,15:00-16:00,0,1,可预约,￥5.0,多云,17,12,5,0.0,86,29
2026-05-21 08:20:35,2026-05-21,2,乒乓球厅-15号,15:00-16:00,0,1,可预约,￥5.0,多云,17,14,4,0.0,85,29
2026-05-21 08:25:32,2026-05-21,2,乒乓球厅-15号,15:00-16:00,0,1,可预约,￥5.0,多云,17,14,4,0.0,85,28
2026-05-21 08:30:42,2026-05-21,2,乒乓球厅-15号,15:00-16:00,0,1,可预约,￥5.0,多云,18,15,4,0.0,84,28
2026-05-21 08:35:31,2026-05-21,2,乒乓球厅-15号,15:00-16:00,0,1,可预约,￥5.0,多云,18,15,4,0.0,84,28
2026-05-21 08:40:38,2026-05-21,2,乒乓球厅-15号,15:00-16:00,0,1,可预约,￥5.0,多云,18,15,4,0.0,82,28
2026-05-21 08:45:33,2026-05-21,2,乒乓球厅-15号,15:00-16:00,0,1,可预约,￥5.0,多云,18,15,4,0.0,82,28
2026-05-21 08:50:36,2026-05-21,2,乒乓球厅-15号,15:00-16:00,0,1,可预约,￥5.0,多云,18,15,4,0.0,82,28
2026-05-21 08:55:34,2026-05-21,2,乒乓球厅-15号,15:00-16:00,0,1,可预约,￥5.0,多云,18,15,4,0.0,84,28
2026-05-21 09:00:51,2026-05-21,2,乒乓球厅-15号,15:00-16:00,0,1,可预约,￥5.0,多云,18,15,4,0.0,84,28
2026-05-21 09:01:59,2026-05-21,2,乒乓球厅-15号,15:00-16:00,0,1,可预约,￥5.0,多云,18,15,4,0.0,83,28
2026-05-21 09:05:33,2026-05-21,2,乒乓球厅-15号,15:00-16:00,0,1,可预约,￥5.0,多云,18,15,4,0.0,83,28
2026-05-21 09:20:38,2026-05-21,2,乒乓球厅-15号,15:00-16:00,0,1,可预约,￥5.0,多云,18,16,3,0.0,81,28
2026-05-21 09:30:46,2026-05-21,2,乒乓球厅-15号,15:00-16:00,0,1,可预约,￥5.0,多云,18,16,3,0.0,81,32
2026-05-21 09:40:36,2026-05-21,2,乒乓球厅-15号,15:00-16:00,0,1,可预约,￥5.0,多云,19,17,3,0.0,79,32
2026-05-21 09:50:42,2026-05-21,2,乒乓球厅-15号,15:00-16:00,0,1,可预约,￥5.0,多云,19,17,4,0.0,81,32
2026-05-21 10:00:46,2026-05-21,2,乒乓球厅-15号,15:00-16:00,0,1,可预约,￥5.0,多云,19,17,4,0.0,79,32
2026-05-21 10:10:40,2026-05-21,2,乒乓球厅-15号,15:00-16:00,0,1,可预约,￥5.0,多云,19,17,4,0.0,79,32
2026-05-21 10:20:38,2026-05-21,2,乒乓球厅-15号,15:00-16:00,0,1,可预约,￥5.0,多云,19,17,4,0.0,79,32
2026-05-21 10:30:41,2026-05-21,2,乒乓球厅-15号,15:00-16:00,0,1,可预约,￥5.0,多云,19,18,3,0.0,78,31
2026-05-21 11:00:44,2026-05-21,2,乒乓球厅-15号,15:00-16:00,0,1,可预约,￥5.0,多云,21,17,5,0.0,74,31
2026-05-21 11:30:38,2026-05-21,2,乒乓球厅-15号,15:00-16:00,0,1,可预约,￥5.0,多云,21,19,3,0.0,72,33
2026-05-21 12:00:46,2026-05-21,2,乒乓球厅-15号,15:00-16:00,0,1,可预约,￥5.0,多云,22,19,4,0.0,70,33
2026-05-21 12:30:42,2026-05-21,2,乒乓球厅-15号,15:00-16:00,0,1,可预约,￥5.0,多云,22,21,3,0.0,68,35
2026-05-21 13:00:43,2026-05-21,2,乒乓球厅-15号,15:00-16:00,0,1,可预约,￥5.0,多云,24,22,4,0.0,66,35
2026-05-21 13:30:43,2026-05-21,2,乒乓球厅-15号,15:00-16:00,0,1,可预约,￥5.0,多云,24,22,4,0.0,66,36
2026-05-21 14:00:48,2026-05-21,2,乒乓球厅-15号,15:00-16:00,0,1,可预约,￥5.0,多云,25,23,4,0.0,66,36
2026-05-21 14:30:45,2026-05-21,2,乒乓球厅-15号,15:00-16:00,0,1,可预约,￥5.0,晴,25,25,3,0.0,65,39
2026-05-21 15:00:45,2026-05-21,2,乒乓球厅-15号,15:00-16:00,0,1,可预约,￥5.0,晴,25,22,4,0.0,56,39
2026-05-21 15:30:43,2026-05-21,2,乒乓球厅-15号,15:00-16:00,0,1,可预约,￥5.0,晴,25,23,4,0.0,57,40
2026-05-21 16:00:51,2026-05-21,2,乒乓球厅-15号,15:00-16:00,0,1,不开放/已过期,,晴,25,23,4,0.0,57,40
2026-05-21 16:30:48,2026-05-21,2,乒乓球厅-15号,15:00-16:00,0,1,不开放/已过期,,晴,25,24,3,0.0,60,39
2026-05-21 17:00:49,2026-05-21,2,乒乓球厅-15号,15:00-16:00,0,1,不开放/已过期,,晴,25,24,4,0.0,61,39
2026-05-21 17:30:47,2026-05-21,2,乒乓球厅-15号,15:00-16:00,0,1,不开放/已过期,,多云,24,23,3,0.0,64,39
2026-05-21 18:00:50,2026-05-21,2,乒乓球厅-15号,15:00-16:00,0,1,不开放/已过期,,多云,24,23,3,0.0,68,39
2026-05-21 18:30:50,2026-05-21,2,乒乓球厅-15号,15:00-16:00,0,1,不开放/已过期,,阴,24,25,2,0.0,68,40
2026-05-21 19:00:50,2026-05-21,2,乒乓球厅-15号,15:00-16:00,0,1,不开放/已过期,,阴,23,23,3,0.0,76,40
2026-05-21 19:30:46,2026-05-21,2,乒乓球厅-15号,15:00-16:00,0,1,不开放/已过期,,阴,23,24,2,0.0,77,39
2026-05-21 20:00:49,2026-05-21,2,乒乓球厅-15号,15:00-16:00,0,1,不开放/已过期,,雾,22,23,2,0.0,89,39
2026-05-21 20:30:44,2026-05-21,2,乒乓球厅-15号,15:00-16:00,0,1,不开放/已过期,,雾,22,24,2,0.0,93,43
2026-05-21 21:00:56,2026-05-21,2,乒乓球厅-15号,15:00-16:00,0,1,不开放/已过期,,雾,20,21,2,0.0,98,43
2026-05-21 21:30:46,2026-05-21,2,乒乓球厅-15号,15:00-16:00,0,1,不开放/已过期,,雾,20,22,1,0.0,99,41
2026-05-21 22:01:02,2026-05-21,2,乒乓球厅-15号,15:00-16:00,0,1,不开放/已过期,,雾,19,20,2,0.0,93,41
2026-05-21 22:30:47,2026-05-21,2,乒乓球厅-15号,15:00-16:00,0,1,不开放/已过期,,雾,19,19,3,0.0,88,46
2026-05-21 23:00:56,2026-05-21,2,乒乓球厅-15号,15:00-16:00,0,1,不开放/已过期,,多云,18,17,3,0.0,85,46
2026-05-21 23:30:55,2026-05-21,2,乒乓球厅-15号,15:00-16:00,0,1,不开放/已过期,,多云,18,17,3,0.0,85,48
2026-05-21 00:30:49,2026-05-21,2,乒乓球厅-15号,16:00-17:00,0,1,可预约,￥5.0,多云,15,13,3,0.0,100,26
2026-05-21 01:00:55,2026-05-21,2,乒乓球厅-15号,16:00-17:00,0,1,可预约,￥5.0,多云,15,12,4,0.0,100,26
2026-05-21 01:30:47,2026-05-21,2,乒乓球厅-15号,16:00-17:00,0,1,可预约,￥5.0,多云,15,13,4,0.0,100,28
2026-05-21 02:00:53,2026-05-21,2,乒乓球厅-15号,16:00-17:00,0,1,可预约,￥5.0,多云,15,12,4,0.0,100,28
2026-05-21 02:30:49,2026-05-21,2,乒乓球厅-15号,16:00-17:00,0,1,可预约,￥5.0,多云,15,14,3,0.0,100,29
2026-05-21 03:00:55,2026-05-21,2,乒乓球厅-15号,16:00-17:00,0,1,可预约,￥5.0,多云,15,12,4,0.0,100,29
2026-05-21 03:30:49,2026-05-21,2,乒乓球厅-15号,16:00-17:00,0,1,可预约,￥5.0,多云,15,14,3,0.0,100,30
2026-05-21 04:30:45,2026-05-21,2,乒乓球厅-15号,16:00-17:00,0,1,可预约,￥5.0,多云,15,12,4,0.0,100,29
2026-05-21 05:00:52,2026-05-21,2,乒乓球厅-15号,16:00-17:00,0,1,可预约,￥5.0,多云,15,12,4,0.0,100,29
2026-05-21 05:30:49,2026-05-21,2,乒乓球厅-15号,16:00-17:00,0,1,可预约,￥5.0,多云,15,13,3,0.0,100,28
2026-05-21 06:00:50,2026-05-21,2,乒乓球厅-15号,16:00-17:00,0,1,可预约,￥5.0,多云,15,13,4,0.0,99,28
2026-05-21 06:30:38,2026-05-21,2,乒乓球厅-15号,16:00-17:00,0,1,可预约,￥5.0,多云,15,13,3,0.0,97,28
2026-05-21 07:00:43,2026-05-21,2,乒乓球厅-15号,16:00-17:00,0,1,可预约,￥5.0,晴,15,11,5,0.0,93,28
2026-05-21 07:30:39,2026-05-21,2,乒乓球厅-15号,16:00-17:00,0,1,可预约,￥5.0,晴,17,13,4,0.0,89,29
2026-05-21 07:50:40,2026-05-21,2,乒乓球厅-15号,16:00-17:00,0,1,可预约,￥5.0,晴,17,13,4,0.0,88,29
2026-05-21 07:53:31,2026-05-21,2,乒乓球厅-15号,16:00-17:00,0,1,可预约,￥5.0,晴,17,12,5,0.0,86,29
2026-05-21 07:56:31,2026-05-21,2,乒乓球厅-15号,16:00-17:00,0,1,可预约,￥5.0,晴,17,12,5,0.0,86,29
2026-05-21 07:59:26,2026-05-21,2,乒乓球厅-15号,16:00-17:00,0,1,可预约,￥5.0,晴,17,12,5,0.0,86,29
2026-05-21 08:00:45,2026-05-21,2,乒乓球厅-15号,16:00-17:00,0,1,可预约,￥5.0,晴,17,12,5,0.0,86,29
2026-05-21 08:02:30,2026-05-21,2,乒乓球厅-15号,16:00-17:00,0,1,可预约,￥5.0,多云,17,12,5,0.0,87,29
2026-05-21 08:05:36,2026-05-21,2,乒乓球厅-15号,16:00-17:00,0,1,可预约,￥5.0,多云,17,12,5,0.0,86,29
2026-05-21 08:08:31,2026-05-21,2,乒乓球厅-15号,16:00-17:00,0,1,可预约,￥5.0,多云,17,12,5,0.0,86,29
2026-05-21 08:11:30,2026-05-21,2,乒乓球厅-15号,16:00-17:00,0,1,可预约,￥5.0,多云,17,12,5,0.0,86,29
2026-05-21 08:14:31,2026-05-21,2,乒乓球厅-15号,16:00-17:00,0,1,可预约,￥5.0,多云,17,12,5,0.0,86,29
2026-05-21 08:17:30,2026-05-21,2,乒乓球厅-15号,16:00-17:00,0,1,可预约,￥5.0,多云,17,12,5,0.0,86,29
2026-05-21 08:20:35,2026-05-21,2,乒乓球厅-15号,16:00-17:00,0,1,可预约,￥5.0,多云,17,14,4,0.0,85,29
2026-05-21 08:25:32,2026-05-21,2,乒乓球厅-15号,16:00-17:00,0,1,可预约,￥5.0,多云,17,14,4,0.0,85,28
2026-05-21 08:30:42,2026-05-21,2,乒乓球厅-15号,16:00-17:00,0,1,可预约,￥5.0,多云,18,15,4,0.0,84,28
2026-05-21 08:35:31,2026-05-21,2,乒乓球厅-15号,16:00-17:00,0,1,可预约,￥5.0,多云,18,15,4,0.0,84,28
2026-05-21 08:40:38,2026-05-21,2,乒乓球厅-15号,16:00-17:00,0,1,可预约,￥5.0,多云,18,15,4,0.0,82,28
2026-05-21 08:45:33,2026-05-21,2,乒乓球厅-15号,16:00-17:00,0,1,可预约,￥5.0,多云,18,15,4,0.0,82,28
2026-05-21 08:50:36,2026-05-21,2,乒乓球厅-15号,16:00-17:00,0,1,可预约,￥5.0,多云,18,15,4,0.0,82,28
2026-05-21 08:55:34,2026-05-21,2,乒乓球厅-15号,16:00-17:00,0,1,可预约,￥5.0,多云,18,15,4,0.0,84,28
2026-05-21 09:00:51,2026-05-21,2,乒乓球厅-15号,16:00-17:00,0,1,可预约,￥5.0,多云,18,15,4,0.0,84,28
2026-05-21 09:01:59,2026-05-21,2,乒乓球厅-15号,16:00-17:00,0,1,可预约,￥5.0,多云,18,15,4,0.0,83,28
2026-05-21 09:05:33,2026-05-21,2,乒乓球厅-15号,16:00-17:00,0,1,可预约,￥5.0,多云,18,15,4,0.0,83,28
2026-05-21 09:20:38,2026-05-21,2,乒乓球厅-15号,16:00-17:00,0,1,可预约,￥5.0,多云,18,16,3,0.0,81,28
2026-05-21 09:30:46,2026-05-21,2,乒乓球厅-15号,16:00-17:00,0,1,可预约,￥5.0,多云,18,16,3,0.0,81,32
2026-05-21 09:40:36,2026-05-21,2,乒乓球厅-15号,16:00-17:00,0,1,可预约,￥5.0,多云,19,17,3,0.0,79,32
2026-05-21 09:50:42,2026-05-21,2,乒乓球厅-15号,16:00-17:00,0,1,可预约,￥5.0,多云,19,17,4,0.0,81,32
2026-05-21 10:00:46,2026-05-21,2,乒乓球厅-15号,16:00-17:00,0,1,可预约,￥5.0,多云,19,17,4,0.0,79,32
2026-05-21 10:10:40,2026-05-21,2,乒乓球厅-15号,16:00-17:00,0,1,可预约,￥5.0,多云,19,17,4,0.0,79,32
2026-05-21 10:20:38,2026-05-21,2,乒乓球厅-15号,16:00-17:00,0,1,可预约,￥5.0,多云,19,17,4,0.0,79,32
2026-05-21 10:30:41,2026-05-21,2,乒乓球厅-15号,16:00-17:00,0,1,可预约,￥5.0,多云,19,18,3,0.0,78,31
2026-05-21 11:00:44,2026-05-21,2,乒乓球厅-15号,16:00-17:00,0,1,可预约,￥5.0,多云,21,17,5,0.0,74,31
2026-05-21 11:30:38,2026-05-21,2,乒乓球厅-15号,16:00-17:00,0,1,可预约,￥5.0,多云,21,19,3,0.0,72,33
2026-05-21 12:00:46,2026-05-21,2,乒乓球厅-15号,16:00-17:00,0,1,可预约,￥5.0,多云,22,19,4,0.0,70,33
2026-05-21 12:30:42,2026-05-21,2,乒乓球厅-15号,16:00-17:00,0,1,可预约,￥5.0,多云,22,21,3,0.0,68,35
2026-05-21 13:00:43,2026-05-21,2,乒乓球厅-15号,16:00-17:00,0,1,可预约,￥5.0,多云,24,22,4,0.0,66,35
2026-05-21 13:30:43,2026-05-21,2,乒乓球厅-15号,16:00-17:00,0,1,可预约,￥5.0,多云,24,22,4,0.0,66,36
2026-05-21 14:00:48,2026-05-21,2,乒乓球厅-15号,16:00-17:00,0,1,可预约,￥5.0,多云,25,23,4,0.0,66,36
2026-05-21 14:30:45,2026-05-21,2,乒乓球厅-15号,16:00-17:00,0,1,可预约,￥5.0,晴,25,25,3,0.0,65,39
2026-05-21 15:00:45,2026-05-21,2,乒乓球厅-15号,16:00-17:00,0,1,可预约,￥5.0,晴,25,22,4,0.0,56,39
2026-05-21 15:30:43,2026-05-21,2,乒乓球厅-15号,16:00-17:00,0,1,可预约,￥5.0,晴,25,23,4,0.0,57,40
2026-05-21 16:00:51,2026-05-21,2,乒乓球厅-15号,16:00-17:00,1,1,已售/已满,已售,晴,25,23,4,0.0,57,40
2026-05-21 16:30:48,2026-05-21,2,乒乓球厅-15号,16:00-17:00,1,1,已售/已满,已售,晴,25,24,3,0.0,60,39
2026-05-21 17:00:49,2026-05-21,2,乒乓球厅-15号,16:00-17:00,1,1,已售/已满,已售,晴,25,24,4,0.0,61,39
2026-05-21 17:30:47,2026-05-21,2,乒乓球厅-15号,16:00-17:00,1,1,已售/已满,已售,多云,24,23,3,0.0,64,39
2026-05-21 18:00:50,2026-05-21,2,乒乓球厅-15号,16:00-17:00,1,1,已售/已满,已售,多云,24,23,3,0.0,68,39
2026-05-21 18:30:50,2026-05-21,2,乒乓球厅-15号,16:00-17:00,1,1,已售/已满,已售,阴,24,25,2,0.0,68,40
2026-05-21 19:00:50,2026-05-21,2,乒乓球厅-15号,16:00-17:00,1,1,已售/已满,已售,阴,23,23,3,0.0,76,40
2026-05-21 19:30:46,2026-05-21,2,乒乓球厅-15号,16:00-17:00,1,1,已售/已满,已售,阴,23,24,2,0.0,77,39
2026-05-21 20:00:49,2026-05-21,2,乒乓球厅-15号,16:00-17:00,1,1,已售/已满,已售,雾,22,23,2,0.0,89,39
2026-05-21 20:30:44,2026-05-21,2,乒乓球厅-15号,16:00-17:00,1,1,已售/已满,已售,雾,22,24,2,0.0,93,43
2026-05-21 21:00:56,2026-05-21,2,乒乓球厅-15号,16:00-17:00,1,1,已售/已满,已售,雾,20,21,2,0.0,98,43
2026-05-21 21:30:46,2026-05-21,2,乒乓球厅-15号,16:00-17:00,1,1,已售/已满,已售,雾,20,22,1,0.0,99,41
2026-05-21 22:01:02,2026-05-21,2,乒乓球厅-15号,16:00-17:00,1,1,已售/已满,已售,雾,19,20,2,0.0,93,41
2026-05-21 22:30:47,2026-05-21,2,乒乓球厅-15号,16:00-17:00,1,1,已售/已满,已售,雾,19,19,3,0.0,88,46
2026-05-21 23:00:56,2026-05-21,2,乒乓球厅-15号,16:00-17:00,1,1,已售/已满,已售,多云,18,17,3,0.0,85,46
2026-05-21 23:30:55,2026-05-21,2,乒乓球厅-15号,16:00-17:00,1,1,已售/已满,已售,多云,18,17,3,0.0,85,48
2026-05-21 00:30:49,2026-05-21,2,乒乓球厅-15号,17:00-18:00,0,1,可预约,￥5.0,多云,15,13,3,0.0,100,26
2026-05-21 01:00:55,2026-05-21,2,乒乓球厅-15号,17:00-18:00,0,1,可预约,￥5.0,多云,15,12,4,0.0,100,26
2026-05-21 01:30:47,2026-05-21,2,乒乓球厅-15号,17:00-18:00,0,1,可预约,￥5.0,多云,15,13,4,0.0,100,28
2026-05-21 02:00:53,2026-05-21,2,乒乓球厅-15号,17:00-18:00,0,1,可预约,￥5.0,多云,15,12,4,0.0,100,28
2026-05-21 02:30:49,2026-05-21,2,乒乓球厅-15号,17:00-18:00,0,1,可预约,￥5.0,多云,15,14,3,0.0,100,29
2026-05-21 03:00:55,2026-05-21,2,乒乓球厅-15号,17:00-18:00,0,1,可预约,￥5.0,多云,15,12,4,0.0,100,29
2026-05-21 03:30:49,2026-05-21,2,乒乓球厅-15号,17:00-18:00,0,1,可预约,￥5.0,多云,15,14,3,0.0,100,30
2026-05-21 04:30:45,2026-05-21,2,乒乓球厅-15号,17:00-18:00,0,1,可预约,￥5.0,多云,15,12,4,0.0,100,29
2026-05-21 05:00:52,2026-05-21,2,乒乓球厅-15号,17:00-18:00,0,1,可预约,￥5.0,多云,15,12,4,0.0,100,29
2026-05-21 05:30:49,2026-05-21,2,乒乓球厅-15号,17:00-18:00,0,1,可预约,￥5.0,多云,15,13,3,0.0,100,28
2026-05-21 06:00:50,2026-05-21,2,乒乓球厅-15号,17:00-18:00,0,1,可预约,￥5.0,多云,15,13,4,0.0,99,28
2026-05-21 06:30:38,2026-05-21,2,乒乓球厅-15号,17:00-18:00,0,1,可预约,￥5.0,多云,15,13,3,0.0,97,28
2026-05-21 07:00:43,2026-05-21,2,乒乓球厅-15号,17:00-18:00,0,1,可预约,￥5.0,晴,15,11,5,0.0,93,28
2026-05-21 07:30:39,2026-05-21,2,乒乓球厅-15号,17:00-18:00,0,1,可预约,￥5.0,晴,17,13,4,0.0,89,29
2026-05-21 07:50:40,2026-05-21,2,乒乓球厅-15号,17:00-18:00,0,1,可预约,￥5.0,晴,17,13,4,0.0,88,29
2026-05-21 07:53:31,2026-05-21,2,乒乓球厅-15号,17:00-18:00,0,1,可预约,￥5.0,晴,17,12,5,0.0,86,29
2026-05-21 07:56:31,2026-05-21,2,乒乓球厅-15号,17:00-18:00,0,1,可预约,￥5.0,晴,17,12,5,0.0,86,29
2026-05-21 07:59:26,2026-05-21,2,乒乓球厅-15号,17:00-18:00,0,1,可预约,￥5.0,晴,17,12,5,0.0,86,29
2026-05-21 08:00:45,2026-05-21,2,乒乓球厅-15号,17:00-18:00,0,1,可预约,￥5.0,晴,17,12,5,0.0,86,29
2026-05-21 08:02:30,2026-05-21,2,乒乓球厅-15号,17:00-18:00,0,1,可预约,￥5.0,多云,17,12,5,0.0,87,29
2026-05-21 08:05:36,2026-05-21,2,乒乓球厅-15号,17:00-18:00,0,1,可预约,￥5.0,多云,17,12,5,0.0,86,29
2026-05-21 08:08:31,2026-05-21,2,乒乓球厅-15号,17:00-18:00,0,1,可预约,￥5.0,多云,17,12,5,0.0,86,29
2026-05-21 08:11:30,2026-05-21,2,乒乓球厅-15号,17:00-18:00,0,1,可预约,￥5.0,多云,17,12,5,0.0,86,29
2026-05-21 08:14:31,2026-05-21,2,乒乓球厅-15号,17:00-18:00,0,1,可预约,￥5.0,多云,17,12,5,0.0,86,29
2026-05-21 08:17:30,2026-05-21,2,乒乓球厅-15号,17:00-18:00,0,1,可预约,￥5.0,多云,17,12,5,0.0,86,29
2026-05-21 08:20:35,2026-05-21,2,乒乓球厅-15号,17:00-18:00,0,1,可预约,￥5.0,多云,17,14,4,0.0,85,29
2026-05-21 08:25:32,2026-05-21,2,乒乓球厅-15号,17:00-18:00,0,1,可预约,￥5.0,多云,17,14,4,0.0,85,28
2026-05-21 08:30:42,2026-05-21,2,乒乓球厅-15号,17:00-18:00,0,1,可预约,￥5.0,多云,18,15,4,0.0,84,28
2026-05-21 08:35:31,2026-05-21,2,乒乓球厅-15号,17:00-18:00,0,1,可预约,￥5.0,多云,18,15,4,0.0,84,28
2026-05-21 08:40:38,2026-05-21,2,乒乓球厅-15号,17:00-18:00,0,1,可预约,￥5.0,多云,18,15,4,0.0,82,28
2026-05-21 08:45:33,2026-05-21,2,乒乓球厅-15号,17:00-18:00,0,1,可预约,￥5.0,多云,18,15,4,0.0,82,28
2026-05-21 08:50:36,2026-05-21,2,乒乓球厅-15号,17:00-18:00,0,1,可预约,￥5.0,多云,18,15,4,0.0,82,28
2026-05-21 08:55:34,2026-05-21,2,乒乓球厅-15号,17:00-18:00,0,1,可预约,￥5.0,多云,18,15,4,0.0,84,28
2026-05-21 09:00:51,2026-05-21,2,乒乓球厅-15号,17:00-18:00,0,1,可预约,￥5.0,多云,18,15,4,0.0,84,28
2026-05-21 09:01:59,2026-05-21,2,乒乓球厅-15号,17:00-18:00,0,1,可预约,￥5.0,多云,18,15,4,0.0,83,28
2026-05-21 09:05:33,2026-05-21,2,乒乓球厅-15号,17:00-18:00,0,1,可预约,￥5.0,多云,18,15,4,0.0,83,28
2026-05-21 09:20:38,2026-05-21,2,乒乓球厅-15号,17:00-18:00,0,1,可预约,￥5.0,多云,18,16,3,0.0,81,28
2026-05-21 09:30:46,2026-05-21,2,乒乓球厅-15号,17:00-18:00,0,1,可预约,￥5.0,多云,18,16,3,0.0,81,32
2026-05-21 09:40:36,2026-05-21,2,乒乓球厅-15号,17:00-18:00,0,1,可预约,￥5.0,多云,19,17,3,0.0,79,32
2026-05-21 09:50:42,2026-05-21,2,乒乓球厅-15号,17:00-18:00,0,1,可预约,￥5.0,多云,19,17,4,0.0,81,32
2026-05-21 10:00:46,2026-05-21,2,乒乓球厅-15号,17:00-18:00,0,1,可预约,￥5.0,多云,19,17,4,0.0,79,32
2026-05-21 10:10:40,2026-05-21,2,乒乓球厅-15号,17:00-18:00,0,1,可预约,￥5.0,多云,19,17,4,0.0,79,32
2026-05-21 10:20:38,2026-05-21,2,乒乓球厅-15号,17:00-18:00,0,1,可预约,￥5.0,多云,19,17,4,0.0,79,32
2026-05-21 10:30:41,2026-05-21,2,乒乓球厅-15号,17:00-18:00,0,1,可预约,￥5.0,多云,19,18,3,0.0,78,31
2026-05-21 11:00:44,2026-05-21,2,乒乓球厅-15号,17:00-18:00,0,1,可预约,￥5.0,多云,21,17,5,0.0,74,31
2026-05-21 11:30:38,2026-05-21,2,乒乓球厅-15号,17:00-18:00,0,1,可预约,￥5.0,多云,21,19,3,0.0,72,33
2026-05-21 12:00:46,2026-05-21,2,乒乓球厅-15号,17:00-18:00,0,1,可预约,￥5.0,多云,22,19,4,0.0,70,33
2026-05-21 12:30:42,2026-05-21,2,乒乓球厅-15号,17:00-18:00,0,1,可预约,￥5.0,多云,22,21,3,0.0,68,35
2026-05-21 13:00:43,2026-05-21,2,乒乓球厅-15号,17:00-18:00,0,1,可预约,￥5.0,多云,24,22,4,0.0,66,35
2026-05-21 13:30:43,2026-05-21,2,乒乓球厅-15号,17:00-18:00,0,1,可预约,￥5.0,多云,24,22,4,0.0,66,36
2026-05-21 14:00:48,2026-05-21,2,乒乓球厅-15号,17:00-18:00,0,1,可预约,￥5.0,多云,25,23,4,0.0,66,36
2026-05-21 14:30:45,2026-05-21,2,乒乓球厅-15号,17:00-18:00,0,1,可预约,￥5.0,晴,25,25,3,0.0,65,39
2026-05-21 15:00:45,2026-05-21,2,乒乓球厅-15号,17:00-18:00,0,1,可预约,￥5.0,晴,25,22,4,0.0,56,39
2026-05-21 15:30:43,2026-05-21,2,乒乓球厅-15号,17:00-18:00,0,1,可预约,￥5.0,晴,25,23,4,0.0,57,40
2026-05-21 16:00:51,2026-05-21,2,乒乓球厅-15号,17:00-18:00,1,1,已售/已满,已售,晴,25,23,4,0.0,57,40
2026-05-21 16:30:48,2026-05-21,2,乒乓球厅-15号,17:00-18:00,1,1,已售/已满,已售,晴,25,24,3,0.0,60,39
2026-05-21 17:00:49,2026-05-21,2,乒乓球厅-15号,17:00-18:00,1,1,已售/已满,已售,晴,25,24,4,0.0,61,39
2026-05-21 17:30:47,2026-05-21,2,乒乓球厅-15号,17:00-18:00,1,1,已售/已满,已售,多云,24,23,3,0.0,64,39
2026-05-21 18:00:50,2026-05-21,2,乒乓球厅-15号,17:00-18:00,1,1,已售/已满,已售,多云,24,23,3,0.0,68,39
2026-05-21 18:30:50,2026-05-21,2,乒乓球厅-15号,17:00-18:00,1,1,已售/已满,已售,阴,24,25,2,0.0,68,40
2026-05-21 19:00:50,2026-05-21,2,乒乓球厅-15号,17:00-18:00,1,1,已售/已满,已售,阴,23,23,3,0.0,76,40
2026-05-21 19:30:46,2026-05-21,2,乒乓球厅-15号,17:00-18:00,1,1,已售/已满,已售,阴,23,24,2,0.0,77,39
2026-05-21 20:00:49,2026-05-21,2,乒乓球厅-15号,17:00-18:00,1,1,已售/已满,已售,雾,22,23,2,0.0,89,39
2026-05-21 20:30:44,2026-05-21,2,乒乓球厅-15号,17:00-18:00,1,1,已售/已满,已售,雾,22,24,2,0.0,93,43
2026-05-21 21:00:56,2026-05-21,2,乒乓球厅-15号,17:00-18:00,1,1,已售/已满,已售,雾,20,21,2,0.0,98,43
2026-05-21 21:30:46,2026-05-21,2,乒乓球厅-15号,17:00-18:00,1,1,已售/已满,已售,雾,20,22,1,0.0,99,41
2026-05-21 22:01:02,2026-05-21,2,乒乓球厅-15号,17:00-18:00,1,1,已售/已满,已售,雾,19,20,2,0.0,93,41
2026-05-21 22:30:47,2026-05-21,2,乒乓球厅-15号,17:00-18:00,1,1,已售/已满,已售,雾,19,19,3,0.0,88,46
2026-05-21 23:00:56,2026-05-21,2,乒乓球厅-15号,17:00-18:00,1,1,已售/已满,已售,多云,18,17,3,0.0,85,46
2026-05-21 23:30:55,2026-05-21,2,乒乓球厅-15号,17:00-18:00,1,1,已售/已满,已售,多云,18,17,3,0.0,85,48
2026-05-21 00:30:49,2026-05-21,2,乒乓球厅-15号,18:30-19:30,0,1,可预约,￥5.0,多云,15,13,3,0.0,100,26
2026-05-21 01:00:55,2026-05-21,2,乒乓球厅-15号,18:30-19:30,0,1,可预约,￥5.0,多云,15,12,4,0.0,100,26
2026-05-21 01:30:47,2026-05-21,2,乒乓球厅-15号,18:30-19:30,0,1,可预约,￥5.0,多云,15,13,4,0.0,100,28
2026-05-21 02:00:53,2026-05-21,2,乒乓球厅-15号,18:30-19:30,0,1,可预约,￥5.0,多云,15,12,4,0.0,100,28
2026-05-21 02:30:49,2026-05-21,2,乒乓球厅-15号,18:30-19:30,0,1,可预约,￥5.0,多云,15,14,3,0.0,100,29
2026-05-21 03:00:55,2026-05-21,2,乒乓球厅-15号,18:30-19:30,0,1,可预约,￥5.0,多云,15,12,4,0.0,100,29
2026-05-21 03:30:49,2026-05-21,2,乒乓球厅-15号,18:30-19:30,0,1,可预约,￥5.0,多云,15,14,3,0.0,100,30
2026-05-21 04:30:45,2026-05-21,2,乒乓球厅-15号,18:30-19:30,0,1,可预约,￥5.0,多云,15,12,4,0.0,100,29
2026-05-21 05:00:52,2026-05-21,2,乒乓球厅-15号,18:30-19:30,0,1,可预约,￥5.0,多云,15,12,4,0.0,100,29
2026-05-21 05:30:49,2026-05-21,2,乒乓球厅-15号,18:30-19:30,0,1,可预约,￥5.0,多云,15,13,3,0.0,100,28
2026-05-21 06:00:50,2026-05-21,2,乒乓球厅-15号,18:30-19:30,0,1,可预约,￥5.0,多云,15,13,4,0.0,99,28
2026-05-21 06:30:38,2026-05-21,2,乒乓球厅-15号,18:30-19:30,0,1,可预约,￥5.0,多云,15,13,3,0.0,97,28
2026-05-21 07:00:43,2026-05-21,2,乒乓球厅-15号,18:30-19:30,0,1,可预约,￥5.0,晴,15,11,5,0.0,93,28
2026-05-21 07:30:39,2026-05-21,2,乒乓球厅-15号,18:30-19:30,0,1,可预约,￥5.0,晴,17,13,4,0.0,89,29
2026-05-21 07:50:40,2026-05-21,2,乒乓球厅-15号,18:30-19:30,0,1,可预约,￥5.0,晴,17,13,4,0.0,88,29
2026-05-21 07:53:31,2026-05-21,2,乒乓球厅-15号,18:30-19:30,0,1,可预约,￥5.0,晴,17,12,5,0.0,86,29
2026-05-21 07:56:31,2026-05-21,2,乒乓球厅-15号,18:30-19:30,0,1,可预约,￥5.0,晴,17,12,5,0.0,86,29
2026-05-21 07:59:26,2026-05-21,2,乒乓球厅-15号,18:30-19:30,0,1,可预约,￥5.0,晴,17,12,5,0.0,86,29
2026-05-21 08:00:45,2026-05-21,2,乒乓球厅-15号,18:30-19:30,0,1,可预约,￥5.0,晴,17,12,5,0.0,86,29
2026-05-21 08:02:30,2026-05-21,2,乒乓球厅-15号,18:30-19:30,0,1,可预约,￥5.0,多云,17,12,5,0.0,87,29
2026-05-21 08:05:36,2026-05-21,2,乒乓球厅-15号,18:30-19:30,0,1,可预约,￥5.0,多云,17,12,5,0.0,86,29
2026-05-21 08:08:31,2026-05-21,2,乒乓球厅-15号,18:30-19:30,0,1,可预约,￥5.0,多云,17,12,5,0.0,86,29
2026-05-21 08:11:30,2026-05-21,2,乒乓球厅-15号,18:30-19:30,0,1,可预约,￥5.0,多云,17,12,5,0.0,86,29
2026-05-21 08:14:31,2026-05-21,2,乒乓球厅-15号,18:30-19:30,0,1,可预约,￥5.0,多云,17,12,5,0.0,86,29
2026-05-21 08:17:30,2026-05-21,2,乒乓球厅-15号,18:30-19:30,0,1,可预约,￥5.0,多云,17,12,5,0.0,86,29
2026-05-21 08:20:35,2026-05-21,2,乒乓球厅-15号,18:30-19:30,0,1,可预约,￥5.0,多云,17,14,4,0.0,85,29
2026-05-21 08:25:32,2026-05-21,2,乒乓球厅-15号,18:30-19:30,0,1,可预约,￥5.0,多云,17,14,4,0.0,85,28
2026-05-21 08:30:42,2026-05-21,2,乒乓球厅-15号,18:30-19:30,0,1,可预约,￥5.0,多云,18,15,4,0.0,84,28
2026-05-21 08:35:31,2026-05-21,2,乒乓球厅-15号,18:30-19:30,0,1,可预约,￥5.0,多云,18,15,4,0.0,84,28
2026-05-21 08:40:38,2026-05-21,2,乒乓球厅-15号,18:30-19:30,0,1,可预约,￥5.0,多云,18,15,4,0.0,82,28
2026-05-21 08:45:33,2026-05-21,2,乒乓球厅-15号,18:30-19:30,0,1,可预约,￥5.0,多云,18,15,4,0.0,82,28
2026-05-21 08:50:36,2026-05-21,2,乒乓球厅-15号,18:30-19:30,0,1,可预约,￥5.0,多云,18,15,4,0.0,82,28
2026-05-21 08:55:34,2026-05-21,2,乒乓球厅-15号,18:30-19:30,0,1,可预约,￥5.0,多云,18,15,4,0.0,84,28
2026-05-21 09:00:51,2026-05-21,2,乒乓球厅-15号,18:30-19:30,0,1,可预约,￥5.0,多云,18,15,4,0.0,84,28
2026-05-21 09:01:59,2026-05-21,2,乒乓球厅-15号,18:30-19:30,0,1,可预约,￥5.0,多云,18,15,4,0.0,83,28
2026-05-21 09:05:33,2026-05-21,2,乒乓球厅-15号,18:30-19:30,0,1,可预约,￥5.0,多云,18,15,4,0.0,83,28
2026-05-21 09:20:38,2026-05-21,2,乒乓球厅-15号,18:30-19:30,0,1,可预约,￥5.0,多云,18,16,3,0.0,81,28
2026-05-21 09:30:46,2026-05-21,2,乒乓球厅-15号,18:30-19:30,0,1,可预约,￥5.0,多云,18,16,3,0.0,81,32
2026-05-21 09:40:36,2026-05-21,2,乒乓球厅-15号,18:30-19:30,0,1,可预约,￥5.0,多云,19,17,3,0.0,79,32
2026-05-21 09:50:42,2026-05-21,2,乒乓球厅-15号,18:30-19:30,0,1,可预约,￥5.0,多云,19,17,4,0.0,81,32
2026-05-21 10:00:46,2026-05-21,2,乒乓球厅-15号,18:30-19:30,0,1,可预约,￥5.0,多云,19,17,4,0.0,79,32
2026-05-21 10:10:40,2026-05-21,2,乒乓球厅-15号,18:30-19:30,0,1,可预约,￥5.0,多云,19,17,4,0.0,79,32
2026-05-21 10:20:38,2026-05-21,2,乒乓球厅-15号,18:30-19:30,0,1,可预约,￥5.0,多云,19,17,4,0.0,79,32
2026-05-21 10:30:41,2026-05-21,2,乒乓球厅-15号,18:30-19:30,0,1,可预约,￥5.0,多云,19,18,3,0.0,78,31
2026-05-21 11:00:44,2026-05-21,2,乒乓球厅-15号,18:30-19:30,0,1,可预约,￥5.0,多云,21,17,5,0.0,74,31
2026-05-21 11:30:38,2026-05-21,2,乒乓球厅-15号,18:30-19:30,0,1,可预约,￥5.0,多云,21,19,3,0.0,72,33
2026-05-21 12:00:46,2026-05-21,2,乒乓球厅-15号,18:30-19:30,0,1,可预约,￥5.0,多云,22,19,4,0.0,70,33
2026-05-21 12:30:42,2026-05-21,2,乒乓球厅-15号,18:30-19:30,0,1,可预约,￥5.0,多云,22,21,3,0.0,68,35
2026-05-21 13:00:43,2026-05-21,2,乒乓球厅-15号,18:30-19:30,0,1,可预约,￥5.0,多云,24,22,4,0.0,66,35
2026-05-21 13:30:43,2026-05-21,2,乒乓球厅-15号,18:30-19:30,0,1,可预约,￥5.0,多云,24,22,4,0.0,66,36
2026-05-21 14:00:48,2026-05-21,2,乒乓球厅-15号,18:30-19:30,0,1,可预约,￥5.0,多云,25,23,4,0.0,66,36
2026-05-21 14:30:45,2026-05-21,2,乒乓球厅-15号,18:30-19:30,0,1,可预约,￥5.0,晴,25,25,3,0.0,65,39
2026-05-21 15:00:45,2026-05-21,2,乒乓球厅-15号,18:30-19:30,0,1,可预约,￥5.0,晴,25,22,4,0.0,56,39
2026-05-21 15:30:43,2026-05-21,2,乒乓球厅-15号,18:30-19:30,0,1,可预约,￥5.0,晴,25,23,4,0.0,57,40
2026-05-21 16:00:51,2026-05-21,2,乒乓球厅-15号,18:30-19:30,0,1,可预约,￥5.0,晴,25,23,4,0.0,57,40
2026-05-21 16:30:48,2026-05-21,2,乒乓球厅-15号,18:30-19:30,0,1,可预约,￥5.0,晴,25,24,3,0.0,60,39
2026-05-21 17:00:49,2026-05-21,2,乒乓球厅-15号,18:30-19:30,0,1,可预约,￥5.0,晴,25,24,4,0.0,61,39
2026-05-21 17:30:47,2026-05-21,2,乒乓球厅-15号,18:30-19:30,0,1,可预约,￥5.0,多云,24,23,3,0.0,64,39
2026-05-21 18:00:50,2026-05-21,2,乒乓球厅-15号,18:30-19:30,0,1,可预约,￥5.0,多云,24,23,3,0.0,68,39
2026-05-21 18:30:50,2026-05-21,2,乒乓球厅-15号,18:30-19:30,0,1,可预约,￥5.0,阴,24,25,2,0.0,68,40
2026-05-21 19:00:50,2026-05-21,2,乒乓球厅-15号,18:30-19:30,0,1,可预约,￥5.0,阴,23,23,3,0.0,76,40
2026-05-21 19:30:46,2026-05-21,2,乒乓球厅-15号,18:30-19:30,0,1,不开放/已过期,,阴,23,24,2,0.0,77,39
2026-05-21 20:00:49,2026-05-21,2,乒乓球厅-15号,18:30-19:30,0,1,不开放/已过期,,雾,22,23,2,0.0,89,39
2026-05-21 20:30:44,2026-05-21,2,乒乓球厅-15号,18:30-19:30,0,1,不开放/已过期,,雾,22,24,2,0.0,93,43
2026-05-21 21:00:56,2026-05-21,2,乒乓球厅-15号,18:30-19:30,0,1,不开放/已过期,,雾,20,21,2,0.0,98,43
2026-05-21 21:30:46,2026-05-21,2,乒乓球厅-15号,18:30-19:30,0,1,不开放/已过期,,雾,20,22,1,0.0,99,41
2026-05-21 22:01:02,2026-05-21,2,乒乓球厅-15号,18:30-19:30,0,1,不开放/已过期,,雾,19,20,2,0.0,93,41
2026-05-21 22:30:47,2026-05-21,2,乒乓球厅-15号,18:30-19:30,0,1,不开放/已过期,,雾,19,19,3,0.0,88,46
2026-05-21 23:00:56,2026-05-21,2,乒乓球厅-15号,18:30-19:30,0,1,不开放/已过期,,多云,18,17,3,0.0,85,46
2026-05-21 23:30:55,2026-05-21,2,乒乓球厅-15号,18:30-19:30,0,1,不开放/已过期,,多云,18,17,3,0.0,85,48
2026-05-21 00:30:49,2026-05-21,2,乒乓球厅-15号,19:30-20:30,0,1,可预约,￥5.0,多云,15,13,3,0.0,100,26
2026-05-21 01:00:55,2026-05-21,2,乒乓球厅-15号,19:30-20:30,0,1,可预约,￥5.0,多云,15,12,4,0.0,100,26
2026-05-21 01:30:47,2026-05-21,2,乒乓球厅-15号,19:30-20:30,0,1,可预约,￥5.0,多云,15,13,4,0.0,100,28
2026-05-21 02:00:53,2026-05-21,2,乒乓球厅-15号,19:30-20:30,0,1,可预约,￥5.0,多云,15,12,4,0.0,100,28
2026-05-21 02:30:49,2026-05-21,2,乒乓球厅-15号,19:30-20:30,0,1,可预约,￥5.0,多云,15,14,3,0.0,100,29
2026-05-21 03:00:55,2026-05-21,2,乒乓球厅-15号,19:30-20:30,0,1,可预约,￥5.0,多云,15,12,4,0.0,100,29
2026-05-21 03:30:49,2026-05-21,2,乒乓球厅-15号,19:30-20:30,0,1,可预约,￥5.0,多云,15,14,3,0.0,100,30
2026-05-21 04:30:45,2026-05-21,2,乒乓球厅-15号,19:30-20:30,0,1,可预约,￥5.0,多云,15,12,4,0.0,100,29
2026-05-21 05:00:52,2026-05-21,2,乒乓球厅-15号,19:30-20:30,0,1,可预约,￥5.0,多云,15,12,4,0.0,100,29
2026-05-21 05:30:49,2026-05-21,2,乒乓球厅-15号,19:30-20:30,0,1,可预约,￥5.0,多云,15,13,3,0.0,100,28
2026-05-21 06:00:50,2026-05-21,2,乒乓球厅-15号,19:30-20:30,0,1,可预约,￥5.0,多云,15,13,4,0.0,99,28
2026-05-21 06:30:38,2026-05-21,2,乒乓球厅-15号,19:30-20:30,0,1,可预约,￥5.0,多云,15,13,3,0.0,97,28
2026-05-21 07:00:43,2026-05-21,2,乒乓球厅-15号,19:30-20:30,0,1,可预约,￥5.0,晴,15,11,5,0.0,93,28
2026-05-21 07:30:39,2026-05-21,2,乒乓球厅-15号,19:30-20:30,0,1,可预约,￥5.0,晴,17,13,4,0.0,89,29
2026-05-21 07:50:40,2026-05-21,2,乒乓球厅-15号,19:30-20:30,0,1,可预约,￥5.0,晴,17,13,4,0.0,88,29
2026-05-21 07:53:31,2026-05-21,2,乒乓球厅-15号,19:30-20:30,0,1,可预约,￥5.0,晴,17,12,5,0.0,86,29
2026-05-21 07:56:31,2026-05-21,2,乒乓球厅-15号,19:30-20:30,0,1,可预约,￥5.0,晴,17,12,5,0.0,86,29
2026-05-21 07:59:26,2026-05-21,2,乒乓球厅-15号,19:30-20:30,0,1,可预约,￥5.0,晴,17,12,5,0.0,86,29
2026-05-21 08:00:45,2026-05-21,2,乒乓球厅-15号,19:30-20:30,0,1,可预约,￥5.0,晴,17,12,5,0.0,86,29
2026-05-21 08:02:30,2026-05-21,2,乒乓球厅-15号,19:30-20:30,0,1,可预约,￥5.0,多云,17,12,5,0.0,87,29
2026-05-21 08:05:36,2026-05-21,2,乒乓球厅-15号,19:30-20:30,0,1,可预约,￥5.0,多云,17,12,5,0.0,86,29
2026-05-21 08:08:31,2026-05-21,2,乒乓球厅-15号,19:30-20:30,0,1,可预约,￥5.0,多云,17,12,5,0.0,86,29
2026-05-21 08:11:30,2026-05-21,2,乒乓球厅-15号,19:30-20:30,0,1,可预约,￥5.0,多云,17,12,5,0.0,86,29
2026-05-21 08:14:31,2026-05-21,2,乒乓球厅-15号,19:30-20:30,0,1,可预约,￥5.0,多云,17,12,5,0.0,86,29
2026-05-21 08:17:30,2026-05-21,2,乒乓球厅-15号,19:30-20:30,0,1,可预约,￥5.0,多云,17,12,5,0.0,86,29
2026-05-21 08:20:35,2026-05-21,2,乒乓球厅-15号,19:30-20:30,0,1,可预约,￥5.0,多云,17,14,4,0.0,85,29
2026-05-21 08:25:32,2026-05-21,2,乒乓球厅-15号,19:30-20:30,0,1,可预约,￥5.0,多云,17,14,4,0.0,85,28
2026-05-21 08:30:42,2026-05-21,2,乒乓球厅-15号,19:30-20:30,0,1,可预约,￥5.0,多云,18,15,4,0.0,84,28
2026-05-21 08:35:31,2026-05-21,2,乒乓球厅-15号,19:30-20:30,0,1,可预约,￥5.0,多云,18,15,4,0.0,84,28
2026-05-21 08:40:38,2026-05-21,2,乒乓球厅-15号,19:30-20:30,0,1,可预约,￥5.0,多云,18,15,4,0.0,82,28
2026-05-21 08:45:33,2026-05-21,2,乒乓球厅-15号,19:30-20:30,0,1,可预约,￥5.0,多云,18,15,4,0.0,82,28
2026-05-21 08:50:36,2026-05-21,2,乒乓球厅-15号,19:30-20:30,0,1,可预约,￥5.0,多云,18,15,4,0.0,82,28
2026-05-21 08:55:34,2026-05-21,2,乒乓球厅-15号,19:30-20:30,0,1,可预约,￥5.0,多云,18,15,4,0.0,84,28
2026-05-21 09:00:51,2026-05-21,2,乒乓球厅-15号,19:30-20:30,0,1,可预约,￥5.0,多云,18,15,4,0.0,84,28
2026-05-21 09:01:59,2026-05-21,2,乒乓球厅-15号,19:30-20:30,0,1,可预约,￥5.0,多云,18,15,4,0.0,83,28
2026-05-21 09:05:33,2026-05-21,2,乒乓球厅-15号,19:30-20:30,0,1,可预约,￥5.0,多云,18,15,4,0.0,83,28
2026-05-21 09:20:38,2026-05-21,2,乒乓球厅-15号,19:30-20:30,0,1,可预约,￥5.0,多云,18,16,3,0.0,81,28
2026-05-21 09:30:46,2026-05-21,2,乒乓球厅-15号,19:30-20:30,0,1,可预约,￥5.0,多云,18,16,3,0.0,81,32
2026-05-21 09:40:36,2026-05-21,2,乒乓球厅-15号,19:30-20:30,0,1,可预约,￥5.0,多云,19,17,3,0.0,79,32
2026-05-21 09:50:42,2026-05-21,2,乒乓球厅-15号,19:30-20:30,0,1,可预约,￥5.0,多云,19,17,4,0.0,81,32
2026-05-21 10:00:46,2026-05-21,2,乒乓球厅-15号,19:30-20:30,0,1,可预约,￥5.0,多云,19,17,4,0.0,79,32
2026-05-21 10:10:40,2026-05-21,2,乒乓球厅-15号,19:30-20:30,0,1,可预约,￥5.0,多云,19,17,4,0.0,79,32
2026-05-21 10:20:38,2026-05-21,2,乒乓球厅-15号,19:30-20:30,0,1,可预约,￥5.0,多云,19,17,4,0.0,79,32
2026-05-21 10:30:41,2026-05-21,2,乒乓球厅-15号,19:30-20:30,0,1,可预约,￥5.0,多云,19,18,3,0.0,78,31
2026-05-21 11:00:44,2026-05-21,2,乒乓球厅-15号,19:30-20:30,0,1,可预约,￥5.0,多云,21,17,5,0.0,74,31
2026-05-21 11:30:38,2026-05-21,2,乒乓球厅-15号,19:30-20:30,0,1,可预约,￥5.0,多云,21,19,3,0.0,72,33
2026-05-21 12:00:46,2026-05-21,2,乒乓球厅-15号,19:30-20:30,0,1,可预约,￥5.0,多云,22,19,4,0.0,70,33
2026-05-21 12:30:42,2026-05-21,2,乒乓球厅-15号,19:30-20:30,0,1,可预约,￥5.0,多云,22,21,3,0.0,68,35
2026-05-21 13:00:43,2026-05-21,2,乒乓球厅-15号,19:30-20:30,0,1,可预约,￥5.0,多云,24,22,4,0.0,66,35
2026-05-21 13:30:43,2026-05-21,2,乒乓球厅-15号,19:30-20:30,0,1,可预约,￥5.0,多云,24,22,4,0.0,66,36
2026-05-21 14:00:48,2026-05-21,2,乒乓球厅-15号,19:30-20:30,0,1,可预约,￥5.0,多云,25,23,4,0.0,66,36
2026-05-21 14:30:45,2026-05-21,2,乒乓球厅-15号,19:30-20:30,0,1,可预约,￥5.0,晴,25,25,3,0.0,65,39
2026-05-21 15:00:45,2026-05-21,2,乒乓球厅-15号,19:30-20:30,0,1,可预约,￥5.0,晴,25,22,4,0.0,56,39
2026-05-21 15:30:43,2026-05-21,2,乒乓球厅-15号,19:30-20:30,0,1,可预约,￥5.0,晴,25,23,4,0.0,57,40
2026-05-21 16:00:51,2026-05-21,2,乒乓球厅-15号,19:30-20:30,0,1,可预约,￥5.0,晴,25,23,4,0.0,57,40
2026-05-21 16:30:48,2026-05-21,2,乒乓球厅-15号,19:30-20:30,0,1,可预约,￥5.0,晴,25,24,3,0.0,60,39
2026-05-21 17:00:49,2026-05-21,2,乒乓球厅-15号,19:30-20:30,0,1,可预约,￥5.0,晴,25,24,4,0.0,61,39
2026-05-21 17:30:47,2026-05-21,2,乒乓球厅-15号,19:30-20:30,0,1,可预约,￥5.0,多云,24,23,3,0.0,64,39
2026-05-21 18:00:50,2026-05-21,2,乒乓球厅-15号,19:30-20:30,0,1,可预约,￥5.0,多云,24,23,3,0.0,68,39
2026-05-21 18:30:50,2026-05-21,2,乒乓球厅-15号,19:30-20:30,0,1,可预约,￥5.0,阴,24,25,2,0.0,68,40
2026-05-21 19:00:50,2026-05-21,2,乒乓球厅-15号,19:30-20:30,0,1,可预约,￥5.0,阴,23,23,3,0.0,76,40
2026-05-21 19:30:46,2026-05-21,2,乒乓球厅-15号,19:30-20:30,0,1,可预约,￥5.0,阴,23,24,2,0.0,77,39
2026-05-21 20:00:49,2026-05-21,2,乒乓球厅-15号,19:30-20:30,0,1,可预约,￥5.0,雾,22,23,2,0.0,89,39
2026-05-21 20:30:44,2026-05-21,2,乒乓球厅-15号,19:30-20:30,0,1,不开放/已过期,,雾,22,24,2,0.0,93,43
2026-05-21 21:00:56,2026-05-21,2,乒乓球厅-15号,19:30-20:30,0,1,不开放/已过期,,雾,20,21,2,0.0,98,43
2026-05-21 21:30:46,2026-05-21,2,乒乓球厅-15号,19:30-20:30,0,1,不开放/已过期,,雾,20,22,1,0.0,99,41
2026-05-21 22:01:02,2026-05-21,2,乒乓球厅-15号,19:30-20:30,0,1,不开放/已过期,,雾,19,20,2,0.0,93,41
2026-05-21 22:30:47,2026-05-21,2,乒乓球厅-15号,19:30-20:30,0,1,不开放/已过期,,雾,19,19,3,0.0,88,46
2026-05-21 23:00:56,2026-05-21,2,乒乓球厅-15号,19:30-20:30,0,1,不开放/已过期,,多云,18,17,3,0.0,85,46
2026-05-21 23:30:55,2026-05-21,2,乒乓球厅-15号,19:30-20:30,0,1,不开放/已过期,,多云,18,17,3,0.0,85,48
2026-05-21 00:30:49,2026-05-21,2,乒乓球厅-15号,20:30-21:30,0,1,可预约,￥5.0,多云,15,13,3,0.0,100,26
2026-05-21 01:00:55,2026-05-21,2,乒乓球厅-15号,20:30-21:30,0,1,可预约,￥5.0,多云,15,12,4,0.0,100,26
2026-05-21 01:30:47,2026-05-21,2,乒乓球厅-15号,20:30-21:30,0,1,可预约,￥5.0,多云,15,13,4,0.0,100,28
2026-05-21 02:00:53,2026-05-21,2,乒乓球厅-15号,20:30-21:30,0,1,可预约,￥5.0,多云,15,12,4,0.0,100,28
2026-05-21 02:30:49,2026-05-21,2,乒乓球厅-15号,20:30-21:30,0,1,可预约,￥5.0,多云,15,14,3,0.0,100,29
2026-05-21 03:00:55,2026-05-21,2,乒乓球厅-15号,20:30-21:30,0,1,可预约,￥5.0,多云,15,12,4,0.0,100,29
2026-05-21 03:30:49,2026-05-21,2,乒乓球厅-15号,20:30-21:30,0,1,可预约,￥5.0,多云,15,14,3,0.0,100,30
2026-05-21 04:30:45,2026-05-21,2,乒乓球厅-15号,20:30-21:30,0,1,可预约,￥5.0,多云,15,12,4,0.0,100,29
2026-05-21 05:00:52,2026-05-21,2,乒乓球厅-15号,20:30-21:30,0,1,可预约,￥5.0,多云,15,12,4,0.0,100,29
2026-05-21 05:30:49,2026-05-21,2,乒乓球厅-15号,20:30-21:30,0,1,可预约,￥5.0,多云,15,13,3,0.0,100,28
2026-05-21 06:00:50,2026-05-21,2,乒乓球厅-15号,20:30-21:30,0,1,可预约,￥5.0,多云,15,13,4,0.0,99,28
2026-05-21 06:30:38,2026-05-21,2,乒乓球厅-15号,20:30-21:30,0,1,可预约,￥5.0,多云,15,13,3,0.0,97,28
2026-05-21 07:00:43,2026-05-21,2,乒乓球厅-15号,20:30-21:30,0,1,可预约,￥5.0,晴,15,11,5,0.0,93,28
2026-05-21 07:30:39,2026-05-21,2,乒乓球厅-15号,20:30-21:30,0,1,可预约,￥5.0,晴,17,13,4,0.0,89,29
2026-05-21 07:50:40,2026-05-21,2,乒乓球厅-15号,20:30-21:30,0,1,可预约,￥5.0,晴,17,13,4,0.0,88,29
2026-05-21 07:53:31,2026-05-21,2,乒乓球厅-15号,20:30-21:30,0,1,可预约,￥5.0,晴,17,12,5,0.0,86,29
2026-05-21 07:56:31,2026-05-21,2,乒乓球厅-15号,20:30-21:30,0,1,可预约,￥5.0,晴,17,12,5,0.0,86,29
2026-05-21 07:59:26,2026-05-21,2,乒乓球厅-15号,20:30-21:30,0,1,可预约,￥5.0,晴,17,12,5,0.0,86,29
2026-05-21 08:00:45,2026-05-21,2,乒乓球厅-15号,20:30-21:30,0,1,可预约,￥5.0,晴,17,12,5,0.0,86,29
2026-05-21 08:02:30,2026-05-21,2,乒乓球厅-15号,20:30-21:30,0,1,可预约,￥5.0,多云,17,12,5,0.0,87,29
2026-05-21 08:05:36,2026-05-21,2,乒乓球厅-15号,20:30-21:30,0,1,可预约,￥5.0,多云,17,12,5,0.0,86,29
2026-05-21 08:08:31,2026-05-21,2,乒乓球厅-15号,20:30-21:30,0,1,可预约,￥5.0,多云,17,12,5,0.0,86,29
2026-05-21 08:11:30,2026-05-21,2,乒乓球厅-15号,20:30-21:30,0,1,可预约,￥5.0,多云,17,12,5,0.0,86,29
2026-05-21 08:14:31,2026-05-21,2,乒乓球厅-15号,20:30-21:30,0,1,可预约,￥5.0,多云,17,12,5,0.0,86,29
2026-05-21 08:17:30,2026-05-21,2,乒乓球厅-15号,20:30-21:30,0,1,可预约,￥5.0,多云,17,12,5,0.0,86,29
2026-05-21 08:20:35,2026-05-21,2,乒乓球厅-15号,20:30-21:30,0,1,可预约,￥5.0,多云,17,14,4,0.0,85,29
2026-05-21 08:25:32,2026-05-21,2,乒乓球厅-15号,20:30-21:30,0,1,可预约,￥5.0,多云,17,14,4,0.0,85,28
2026-05-21 08:30:42,2026-05-21,2,乒乓球厅-15号,20:30-21:30,0,1,可预约,￥5.0,多云,18,15,4,0.0,84,28
2026-05-21 08:35:31,2026-05-21,2,乒乓球厅-15号,20:30-21:30,0,1,可预约,￥5.0,多云,18,15,4,0.0,84,28
2026-05-21 08:40:38,2026-05-21,2,乒乓球厅-15号,20:30-21:30,0,1,可预约,￥5.0,多云,18,15,4,0.0,82,28
2026-05-21 08:45:33,2026-05-21,2,乒乓球厅-15号,20:30-21:30,0,1,可预约,￥5.0,多云,18,15,4,0.0,82,28
2026-05-21 08:50:36,2026-05-21,2,乒乓球厅-15号,20:30-21:30,0,1,可预约,￥5.0,多云,18,15,4,0.0,82,28
2026-05-21 08:55:34,2026-05-21,2,乒乓球厅-15号,20:30-21:30,0,1,可预约,￥5.0,多云,18,15,4,0.0,84,28
2026-05-21 09:00:51,2026-05-21,2,乒乓球厅-15号,20:30-21:30,0,1,可预约,￥5.0,多云,18,15,4,0.0,84,28
2026-05-21 09:01:59,2026-05-21,2,乒乓球厅-15号,20:30-21:30,0,1,可预约,￥5.0,多云,18,15,4,0.0,83,28
2026-05-21 09:05:33,2026-05-21,2,乒乓球厅-15号,20:30-21:30,0,1,可预约,￥5.0,多云,18,15,4,0.0,83,28
2026-05-21 09:20:38,2026-05-21,2,乒乓球厅-15号,20:30-21:30,0,1,可预约,￥5.0,多云,18,16,3,0.0,81,28
2026-05-21 09:30:46,2026-05-21,2,乒乓球厅-15号,20:30-21:30,0,1,可预约,￥5.0,多云,18,16,3,0.0,81,32
2026-05-21 09:40:36,2026-05-21,2,乒乓球厅-15号,20:30-21:30,0,1,可预约,￥5.0,多云,19,17,3,0.0,79,32
2026-05-21 09:50:42,2026-05-21,2,乒乓球厅-15号,20:30-21:30,0,1,可预约,￥5.0,多云,19,17,4,0.0,81,32
2026-05-21 10:00:46,2026-05-21,2,乒乓球厅-15号,20:30-21:30,0,1,可预约,￥5.0,多云,19,17,4,0.0,79,32
2026-05-21 10:10:40,2026-05-21,2,乒乓球厅-15号,20:30-21:30,0,1,可预约,￥5.0,多云,19,17,4,0.0,79,32
2026-05-21 10:20:38,2026-05-21,2,乒乓球厅-15号,20:30-21:30,0,1,可预约,￥5.0,多云,19,17,4,0.0,79,32
2026-05-21 10:30:41,2026-05-21,2,乒乓球厅-15号,20:30-21:30,0,1,可预约,￥5.0,多云,19,18,3,0.0,78,31
2026-05-21 11:00:44,2026-05-21,2,乒乓球厅-15号,20:30-21:30,0,1,可预约,￥5.0,多云,21,17,5,0.0,74,31
2026-05-21 11:30:38,2026-05-21,2,乒乓球厅-15号,20:30-21:30,0,1,可预约,￥5.0,多云,21,19,3,0.0,72,33
2026-05-21 12:00:46,2026-05-21,2,乒乓球厅-15号,20:30-21:30,0,1,可预约,￥5.0,多云,22,19,4,0.0,70,33
2026-05-21 12:30:42,2026-05-21,2,乒乓球厅-15号,20:30-21:30,0,1,可预约,￥5.0,多云,22,21,3,0.0,68,35
2026-05-21 13:00:43,2026-05-21,2,乒乓球厅-15号,20:30-21:30,0,1,可预约,￥5.0,多云,24,22,4,0.0,66,35
2026-05-21 13:30:43,2026-05-21,2,乒乓球厅-15号,20:30-21:30,0,1,可预约,￥5.0,多云,24,22,4,0.0,66,36
2026-05-21 14:00:48,2026-05-21,2,乒乓球厅-15号,20:30-21:30,0,1,可预约,￥5.0,多云,25,23,4,0.0,66,36
2026-05-21 14:30:45,2026-05-21,2,乒乓球厅-15号,20:30-21:30,0,1,可预约,￥5.0,晴,25,25,3,0.0,65,39
2026-05-21 15:00:45,2026-05-21,2,乒乓球厅-15号,20:30-21:30,0,1,可预约,￥5.0,晴,25,22,4,0.0,56,39
2026-05-21 15:30:43,2026-05-21,2,乒乓球厅-15号,20:30-21:30,0,1,可预约,￥5.0,晴,25,23,4,0.0,57,40
2026-05-21 16:00:51,2026-05-21,2,乒乓球厅-15号,20:30-21:30,0,1,可预约,￥5.0,晴,25,23,4,0.0,57,40
2026-05-21 16:30:48,2026-05-21,2,乒乓球厅-15号,20:30-21:30,0,1,可预约,￥5.0,晴,25,24,3,0.0,60,39
2026-05-21 17:00:49,2026-05-21,2,乒乓球厅-15号,20:30-21:30,0,1,可预约,￥5.0,晴,25,24,4,0.0,61,39
2026-05-21 17:30:47,2026-05-21,2,乒乓球厅-15号,20:30-21:30,0,1,可预约,￥5.0,多云,24,23,3,0.0,64,39
2026-05-21 18:00:50,2026-05-21,2,乒乓球厅-15号,20:30-21:30,0,1,可预约,￥5.0,多云,24,23,3,0.0,68,39
2026-05-21 18:30:50,2026-05-21,2,乒乓球厅-15号,20:30-21:30,0,1,可预约,￥5.0,阴,24,25,2,0.0,68,40
2026-05-21 19:00:50,2026-05-21,2,乒乓球厅-15号,20:30-21:30,0,1,可预约,￥5.0,阴,23,23,3,0.0,76,40
2026-05-21 19:30:46,2026-05-21,2,乒乓球厅-15号,20:30-21:30,0,1,可预约,￥5.0,阴,23,24,2,0.0,77,39
2026-05-21 20:00:49,2026-05-21,2,乒乓球厅-15号,20:30-21:30,0,1,可预约,￥5.0,雾,22,23,2,0.0,89,39
2026-05-21 20:30:44,2026-05-21,2,乒乓球厅-15号,20:30-21:30,0,1,可预约,￥5.0,雾,22,24,2,0.0,93,43
2026-05-21 21:00:56,2026-05-21,2,乒乓球厅-15号,20:30-21:30,0,1,可预约,￥5.0,雾,20,21,2,0.0,98,43
2026-05-21 21:30:46,2026-05-21,2,乒乓球厅-15号,20:30-21:30,0,1,不开放/已过期,,雾,20,22,1,0.0,99,41
2026-05-21 22:01:02,2026-05-21,2,乒乓球厅-15号,20:30-21:30,0,1,不开放/已过期,,雾,19,20,2,0.0,93,41
2026-05-21 22:30:47,2026-05-21,2,乒乓球厅-15号,20:30-21:30,0,1,不开放/已过期,,雾,19,19,3,0.0,88,46
2026-05-21 23:00:56,2026-05-21,2,乒乓球厅-15号,20:30-21:30,0,1,不开放/已过期,,多云,18,17,3,0.0,85,46
2026-05-21 23:30:55,2026-05-21,2,乒乓球厅-15号,20:30-21:30,0,1,不开放/已过期,,多云,18,17,3,0.0,85,48
2026-05-21 00:30:49,2026-05-21,2,乒乓球厅-16号,07:00-08:00,0,1,可预约,￥0.0,多云,15,13,3,0.0,100,26
2026-05-21 01:00:55,2026-05-21,2,乒乓球厅-16号,07:00-08:00,0,1,可预约,￥0.0,多云,15,12,4,0.0,100,26
2026-05-21 01:30:47,2026-05-21,2,乒乓球厅-16号,07:00-08:00,0,1,可预约,￥0.0,多云,15,13,4,0.0,100,28
2026-05-21 02:00:53,2026-05-21,2,乒乓球厅-16号,07:00-08:00,0,1,可预约,￥0.0,多云,15,12,4,0.0,100,28
2026-05-21 02:30:49,2026-05-21,2,乒乓球厅-16号,07:00-08:00,0,1,可预约,￥0.0,多云,15,14,3,0.0,100,29
2026-05-21 03:00:55,2026-05-21,2,乒乓球厅-16号,07:00-08:00,0,1,可预约,￥0.0,多云,15,12,4,0.0,100,29
2026-05-21 03:30:49,2026-05-21,2,乒乓球厅-16号,07:00-08:00,0,1,可预约,￥0.0,多云,15,14,3,0.0,100,30
2026-05-21 04:30:45,2026-05-21,2,乒乓球厅-16号,07:00-08:00,0,1,可预约,￥0.0,多云,15,12,4,0.0,100,29
2026-05-21 05:00:52,2026-05-21,2,乒乓球厅-16号,07:00-08:00,0,1,可预约,￥0.0,多云,15,12,4,0.0,100,29
2026-05-21 05:30:49,2026-05-21,2,乒乓球厅-16号,07:00-08:00,0,1,可预约,￥0.0,多云,15,13,3,0.0,100,28
2026-05-21 06:00:50,2026-05-21,2,乒乓球厅-16号,07:00-08:00,0,1,可预约,￥0.0,多云,15,13,4,0.0,99,28
2026-05-21 06:30:38,2026-05-21,2,乒乓球厅-16号,07:00-08:00,0,1,可预约,￥0.0,多云,15,13,3,0.0,97,28
2026-05-21 07:00:43,2026-05-21,2,乒乓球厅-16号,07:00-08:00,0,1,可预约,￥0.0,晴,15,11,5,0.0,93,28
2026-05-21 07:30:39,2026-05-21,2,乒乓球厅-16号,07:00-08:00,0,1,可预约,￥0.0,晴,17,13,4,0.0,89,29
2026-05-21 07:50:40,2026-05-21,2,乒乓球厅-16号,07:00-08:00,0,1,可预约,￥0.0,晴,17,13,4,0.0,88,29
2026-05-21 07:53:31,2026-05-21,2,乒乓球厅-16号,07:00-08:00,0,1,可预约,￥0.0,晴,17,12,5,0.0,86,29
2026-05-21 07:56:31,2026-05-21,2,乒乓球厅-16号,07:00-08:00,0,1,可预约,￥0.0,晴,17,12,5,0.0,86,29
2026-05-21 07:59:26,2026-05-21,2,乒乓球厅-16号,07:00-08:00,0,1,可预约,￥0.0,晴,17,12,5,0.0,86,29
2026-05-21 08:00:45,2026-05-21,2,乒乓球厅-16号,07:00-08:00,0,1,不开放/已过期,,晴,17,12,5,0.0,86,29
2026-05-21 08:02:30,2026-05-21,2,乒乓球厅-16号,07:00-08:00,0,1,不开放/已过期,,多云,17,12,5,0.0,87,29
2026-05-21 08:05:36,2026-05-21,2,乒乓球厅-16号,07:00-08:00,0,1,不开放/已过期,,多云,17,12,5,0.0,86,29
2026-05-21 08:08:31,2026-05-21,2,乒乓球厅-16号,07:00-08:00,0,1,不开放/已过期,,多云,17,12,5,0.0,86,29
2026-05-21 08:11:30,2026-05-21,2,乒乓球厅-16号,07:00-08:00,0,1,不开放/已过期,,多云,17,12,5,0.0,86,29
2026-05-21 08:14:31,2026-05-21,2,乒乓球厅-16号,07:00-08:00,0,1,不开放/已过期,,多云,17,12,5,0.0,86,29
2026-05-21 08:17:30,2026-05-21,2,乒乓球厅-16号,07:00-08:00,0,1,不开放/已过期,,多云,17,12,5,0.0,86,29
2026-05-21 08:20:35,2026-05-21,2,乒乓球厅-16号,07:00-08:00,0,1,不开放/已过期,,多云,17,14,4,0.0,85,29
2026-05-21 08:25:32,2026-05-21,2,乒乓球厅-16号,07:00-08:00,0,1,不开放/已过期,,多云,17,14,4,0.0,85,28
2026-05-21 08:30:42,2026-05-21,2,乒乓球厅-16号,07:00-08:00,0,1,不开放/已过期,,多云,18,15,4,0.0,84,28
2026-05-21 08:35:31,2026-05-21,2,乒乓球厅-16号,07:00-08:00,0,1,不开放/已过期,,多云,18,15,4,0.0,84,28
2026-05-21 08:40:38,2026-05-21,2,乒乓球厅-16号,07:00-08:00,0,1,不开放/已过期,,多云,18,15,4,0.0,82,28
2026-05-21 08:45:33,2026-05-21,2,乒乓球厅-16号,07:00-08:00,0,1,不开放/已过期,,多云,18,15,4,0.0,82,28
2026-05-21 08:50:36,2026-05-21,2,乒乓球厅-16号,07:00-08:00,0,1,不开放/已过期,,多云,18,15,4,0.0,82,28
2026-05-21 08:55:34,2026-05-21,2,乒乓球厅-16号,07:00-08:00,0,1,不开放/已过期,,多云,18,15,4,0.0,84,28
2026-05-21 09:00:51,2026-05-21,2,乒乓球厅-16号,07:00-08:00,0,1,不开放/已过期,,多云,18,15,4,0.0,84,28
2026-05-21 09:01:59,2026-05-21,2,乒乓球厅-16号,07:00-08:00,0,1,不开放/已过期,,多云,18,15,4,0.0,83,28
2026-05-21 09:05:33,2026-05-21,2,乒乓球厅-16号,07:00-08:00,0,1,不开放/已过期,,多云,18,15,4,0.0,83,28
2026-05-21 09:20:38,2026-05-21,2,乒乓球厅-16号,07:00-08:00,0,1,不开放/已过期,,多云,18,16,3,0.0,81,28
2026-05-21 09:30:46,2026-05-21,2,乒乓球厅-16号,07:00-08:00,0,1,不开放/已过期,,多云,18,16,3,0.0,81,32
2026-05-21 09:40:36,2026-05-21,2,乒乓球厅-16号,07:00-08:00,0,1,不开放/已过期,,多云,19,17,3,0.0,79,32
2026-05-21 09:50:42,2026-05-21,2,乒乓球厅-16号,07:00-08:00,0,1,不开放/已过期,,多云,19,17,4,0.0,81,32
2026-05-21 10:00:46,2026-05-21,2,乒乓球厅-16号,07:00-08:00,0,1,不开放/已过期,,多云,19,17,4,0.0,79,32
2026-05-21 10:10:40,2026-05-21,2,乒乓球厅-16号,07:00-08:00,0,1,不开放/已过期,,多云,19,17,4,0.0,79,32
2026-05-21 10:20:38,2026-05-21,2,乒乓球厅-16号,07:00-08:00,0,1,不开放/已过期,,多云,19,17,4,0.0,79,32
2026-05-21 10:30:41,2026-05-21,2,乒乓球厅-16号,07:00-08:00,0,1,不开放/已过期,,多云,19,18,3,0.0,78,31
2026-05-21 11:00:44,2026-05-21,2,乒乓球厅-16号,07:00-08:00,0,1,不开放/已过期,,多云,21,17,5,0.0,74,31
2026-05-21 11:30:38,2026-05-21,2,乒乓球厅-16号,07:00-08:00,0,1,不开放/已过期,,多云,21,19,3,0.0,72,33
2026-05-21 12:00:46,2026-05-21,2,乒乓球厅-16号,07:00-08:00,0,1,不开放/已过期,,多云,22,19,4,0.0,70,33
2026-05-21 12:30:42,2026-05-21,2,乒乓球厅-16号,07:00-08:00,0,1,不开放/已过期,,多云,22,21,3,0.0,68,35
2026-05-21 13:00:43,2026-05-21,2,乒乓球厅-16号,07:00-08:00,0,1,不开放/已过期,,多云,24,22,4,0.0,66,35
2026-05-21 13:30:43,2026-05-21,2,乒乓球厅-16号,07:00-08:00,0,1,不开放/已过期,,多云,24,22,4,0.0,66,36
2026-05-21 14:00:48,2026-05-21,2,乒乓球厅-16号,07:00-08:00,0,1,不开放/已过期,,多云,25,23,4,0.0,66,36
2026-05-21 14:30:45,2026-05-21,2,乒乓球厅-16号,07:00-08:00,0,1,不开放/已过期,,晴,25,25,3,0.0,65,39
2026-05-21 15:00:45,2026-05-21,2,乒乓球厅-16号,07:00-08:00,0,1,不开放/已过期,,晴,25,22,4,0.0,56,39
2026-05-21 15:30:43,2026-05-21,2,乒乓球厅-16号,07:00-08:00,0,1,不开放/已过期,,晴,25,23,4,0.0,57,40
2026-05-21 16:00:51,2026-05-21,2,乒乓球厅-16号,07:00-08:00,0,1,不开放/已过期,,晴,25,23,4,0.0,57,40
2026-05-21 16:30:48,2026-05-21,2,乒乓球厅-16号,07:00-08:00,0,1,不开放/已过期,,晴,25,24,3,0.0,60,39
2026-05-21 17:00:49,2026-05-21,2,乒乓球厅-16号,07:00-08:00,0,1,不开放/已过期,,晴,25,24,4,0.0,61,39
2026-05-21 17:30:47,2026-05-21,2,乒乓球厅-16号,07:00-08:00,0,1,不开放/已过期,,多云,24,23,3,0.0,64,39
2026-05-21 18:00:50,2026-05-21,2,乒乓球厅-16号,07:00-08:00,0,1,不开放/已过期,,多云,24,23,3,0.0,68,39
2026-05-21 18:30:50,2026-05-21,2,乒乓球厅-16号,07:00-08:00,0,1,不开放/已过期,,阴,24,25,2,0.0,68,40
2026-05-21 19:00:50,2026-05-21,2,乒乓球厅-16号,07:00-08:00,0,1,不开放/已过期,,阴,23,23,3,0.0,76,40
2026-05-21 19:30:46,2026-05-21,2,乒乓球厅-16号,07:00-08:00,0,1,不开放/已过期,,阴,23,24,2,0.0,77,39
2026-05-21 20:00:49,2026-05-21,2,乒乓球厅-16号,07:00-08:00,0,1,不开放/已过期,,雾,22,23,2,0.0,89,39
2026-05-21 20:30:44,2026-05-21,2,乒乓球厅-16号,07:00-08:00,0,1,不开放/已过期,,雾,22,24,2,0.0,93,43
2026-05-21 21:00:56,2026-05-21,2,乒乓球厅-16号,07:00-08:00,0,1,不开放/已过期,,雾,20,21,2,0.0,98,43
2026-05-21 21:30:46,2026-05-21,2,乒乓球厅-16号,07:00-08:00,0,1,不开放/已过期,,雾,20,22,1,0.0,99,41
2026-05-21 22:01:02,2026-05-21,2,乒乓球厅-16号,07:00-08:00,0,1,不开放/已过期,,雾,19,20,2,0.0,93,41
2026-05-21 22:30:47,2026-05-21,2,乒乓球厅-16号,07:00-08:00,0,1,不开放/已过期,,雾,19,19,3,0.0,88,46
2026-05-21 23:00:56,2026-05-21,2,乒乓球厅-16号,07:00-08:00,0,1,不开放/已过期,,多云,18,17,3,0.0,85,46
2026-05-21 23:30:55,2026-05-21,2,乒乓球厅-16号,07:00-08:00,0,1,不开放/已过期,,多云,18,17,3,0.0,85,48
2026-05-21 00:30:49,2026-05-21,2,乒乓球厅-16号,08:00-09:00,0,1,可预约,￥0.0,多云,15,13,3,0.0,100,26
2026-05-21 01:00:55,2026-05-21,2,乒乓球厅-16号,08:00-09:00,0,1,可预约,￥0.0,多云,15,12,4,0.0,100,26
2026-05-21 01:30:47,2026-05-21,2,乒乓球厅-16号,08:00-09:00,0,1,可预约,￥0.0,多云,15,13,4,0.0,100,28
2026-05-21 02:00:53,2026-05-21,2,乒乓球厅-16号,08:00-09:00,0,1,可预约,￥0.0,多云,15,12,4,0.0,100,28
2026-05-21 02:30:49,2026-05-21,2,乒乓球厅-16号,08:00-09:00,0,1,可预约,￥0.0,多云,15,14,3,0.0,100,29
2026-05-21 03:00:55,2026-05-21,2,乒乓球厅-16号,08:00-09:00,0,1,可预约,￥0.0,多云,15,12,4,0.0,100,29
2026-05-21 03:30:49,2026-05-21,2,乒乓球厅-16号,08:00-09:00,0,1,可预约,￥0.0,多云,15,14,3,0.0,100,30
2026-05-21 04:30:45,2026-05-21,2,乒乓球厅-16号,08:00-09:00,0,1,可预约,￥0.0,多云,15,12,4,0.0,100,29
2026-05-21 05:00:52,2026-05-21,2,乒乓球厅-16号,08:00-09:00,0,1,可预约,￥0.0,多云,15,12,4,0.0,100,29
2026-05-21 05:30:49,2026-05-21,2,乒乓球厅-16号,08:00-09:00,0,1,可预约,￥0.0,多云,15,13,3,0.0,100,28
2026-05-21 06:00:50,2026-05-21,2,乒乓球厅-16号,08:00-09:00,0,1,可预约,￥0.0,多云,15,13,4,0.0,99,28
2026-05-21 06:30:38,2026-05-21,2,乒乓球厅-16号,08:00-09:00,0,1,可预约,￥0.0,多云,15,13,3,0.0,97,28
2026-05-21 07:00:43,2026-05-21,2,乒乓球厅-16号,08:00-09:00,0,1,可预约,￥0.0,晴,15,11,5,0.0,93,28
2026-05-21 07:30:39,2026-05-21,2,乒乓球厅-16号,08:00-09:00,0,1,可预约,￥0.0,晴,17,13,4,0.0,89,29
2026-05-21 07:50:40,2026-05-21,2,乒乓球厅-16号,08:00-09:00,0,1,可预约,￥0.0,晴,17,13,4,0.0,88,29
2026-05-21 07:53:31,2026-05-21,2,乒乓球厅-16号,08:00-09:00,0,1,可预约,￥0.0,晴,17,12,5,0.0,86,29
2026-05-21 07:56:31,2026-05-21,2,乒乓球厅-16号,08:00-09:00,0,1,可预约,￥0.0,晴,17,12,5,0.0,86,29
2026-05-21 07:59:26,2026-05-21,2,乒乓球厅-16号,08:00-09:00,0,1,可预约,￥0.0,晴,17,12,5,0.0,86,29
2026-05-21 08:00:45,2026-05-21,2,乒乓球厅-16号,08:00-09:00,0,1,可预约,￥0.0,晴,17,12,5,0.0,86,29
2026-05-21 08:02:30,2026-05-21,2,乒乓球厅-16号,08:00-09:00,0,1,可预约,￥0.0,多云,17,12,5,0.0,87,29
2026-05-21 08:05:36,2026-05-21,2,乒乓球厅-16号,08:00-09:00,0,1,可预约,￥0.0,多云,17,12,5,0.0,86,29
2026-05-21 08:08:31,2026-05-21,2,乒乓球厅-16号,08:00-09:00,0,1,可预约,￥0.0,多云,17,12,5,0.0,86,29
2026-05-21 08:11:30,2026-05-21,2,乒乓球厅-16号,08:00-09:00,0,1,可预约,￥0.0,多云,17,12,5,0.0,86,29
2026-05-21 08:14:31,2026-05-21,2,乒乓球厅-16号,08:00-09:00,0,1,可预约,￥0.0,多云,17,12,5,0.0,86,29
2026-05-21 08:17:30,2026-05-21,2,乒乓球厅-16号,08:00-09:00,0,1,可预约,￥0.0,多云,17,12,5,0.0,86,29
2026-05-21 08:20:35,2026-05-21,2,乒乓球厅-16号,08:00-09:00,0,1,可预约,￥0.0,多云,17,14,4,0.0,85,29
2026-05-21 08:25:32,2026-05-21,2,乒乓球厅-16号,08:00-09:00,0,1,可预约,￥0.0,多云,17,14,4,0.0,85,28
2026-05-21 08:30:42,2026-05-21,2,乒乓球厅-16号,08:00-09:00,0,1,可预约,￥0.0,多云,18,15,4,0.0,84,28
2026-05-21 08:35:31,2026-05-21,2,乒乓球厅-16号,08:00-09:00,0,1,可预约,￥0.0,多云,18,15,4,0.0,84,28
2026-05-21 08:40:38,2026-05-21,2,乒乓球厅-16号,08:00-09:00,0,1,可预约,￥0.0,多云,18,15,4,0.0,82,28
2026-05-21 08:45:33,2026-05-21,2,乒乓球厅-16号,08:00-09:00,0,1,可预约,￥0.0,多云,18,15,4,0.0,82,28
2026-05-21 08:50:36,2026-05-21,2,乒乓球厅-16号,08:00-09:00,0,1,可预约,￥0.0,多云,18,15,4,0.0,82,28
2026-05-21 08:55:34,2026-05-21,2,乒乓球厅-16号,08:00-09:00,0,1,可预约,￥0.0,多云,18,15,4,0.0,84,28
2026-05-21 09:00:51,2026-05-21,2,乒乓球厅-16号,08:00-09:00,0,1,不开放/已过期,,多云,18,15,4,0.0,84,28
2026-05-21 09:01:59,2026-05-21,2,乒乓球厅-16号,08:00-09:00,0,1,不开放/已过期,,多云,18,15,4,0.0,83,28
2026-05-21 09:05:33,2026-05-21,2,乒乓球厅-16号,08:00-09:00,0,1,不开放/已过期,,多云,18,15,4,0.0,83,28
2026-05-21 09:20:38,2026-05-21,2,乒乓球厅-16号,08:00-09:00,0,1,不开放/已过期,,多云,18,16,3,0.0,81,28
2026-05-21 09:30:46,2026-05-21,2,乒乓球厅-16号,08:00-09:00,0,1,不开放/已过期,,多云,18,16,3,0.0,81,32
2026-05-21 09:40:36,2026-05-21,2,乒乓球厅-16号,08:00-09:00,0,1,不开放/已过期,,多云,19,17,3,0.0,79,32
2026-05-21 09:50:42,2026-05-21,2,乒乓球厅-16号,08:00-09:00,0,1,不开放/已过期,,多云,19,17,4,0.0,81,32
2026-05-21 10:00:46,2026-05-21,2,乒乓球厅-16号,08:00-09:00,0,1,不开放/已过期,,多云,19,17,4,0.0,79,32
2026-05-21 10:10:40,2026-05-21,2,乒乓球厅-16号,08:00-09:00,0,1,不开放/已过期,,多云,19,17,4,0.0,79,32
2026-05-21 10:20:38,2026-05-21,2,乒乓球厅-16号,08:00-09:00,0,1,不开放/已过期,,多云,19,17,4,0.0,79,32
2026-05-21 10:30:41,2026-05-21,2,乒乓球厅-16号,08:00-09:00,0,1,不开放/已过期,,多云,19,18,3,0.0,78,31
2026-05-21 11:00:44,2026-05-21,2,乒乓球厅-16号,08:00-09:00,0,1,不开放/已过期,,多云,21,17,5,0.0,74,31
2026-05-21 11:30:38,2026-05-21,2,乒乓球厅-16号,08:00-09:00,0,1,不开放/已过期,,多云,21,19,3,0.0,72,33
2026-05-21 12:00:46,2026-05-21,2,乒乓球厅-16号,08:00-09:00,0,1,不开放/已过期,,多云,22,19,4,0.0,70,33
2026-05-21 12:30:42,2026-05-21,2,乒乓球厅-16号,08:00-09:00,0,1,不开放/已过期,,多云,22,21,3,0.0,68,35
2026-05-21 13:00:43,2026-05-21,2,乒乓球厅-16号,08:00-09:00,0,1,不开放/已过期,,多云,24,22,4,0.0,66,35
2026-05-21 13:30:43,2026-05-21,2,乒乓球厅-16号,08:00-09:00,0,1,不开放/已过期,,多云,24,22,4,0.0,66,36
2026-05-21 14:00:48,2026-05-21,2,乒乓球厅-16号,08:00-09:00,0,1,不开放/已过期,,多云,25,23,4,0.0,66,36
2026-05-21 14:30:45,2026-05-21,2,乒乓球厅-16号,08:00-09:00,0,1,不开放/已过期,,晴,25,25,3,0.0,65,39
2026-05-21 15:00:45,2026-05-21,2,乒乓球厅-16号,08:00-09:00,0,1,不开放/已过期,,晴,25,22,4,0.0,56,39
2026-05-21 15:30:43,2026-05-21,2,乒乓球厅-16号,08:00-09:00,0,1,不开放/已过期,,晴,25,23,4,0.0,57,40
2026-05-21 16:00:51,2026-05-21,2,乒乓球厅-16号,08:00-09:00,0,1,不开放/已过期,,晴,25,23,4,0.0,57,40
2026-05-21 16:30:48,2026-05-21,2,乒乓球厅-16号,08:00-09:00,0,1,不开放/已过期,,晴,25,24,3,0.0,60,39
2026-05-21 17:00:49,2026-05-21,2,乒乓球厅-16号,08:00-09:00,0,1,不开放/已过期,,晴,25,24,4,0.0,61,39
2026-05-21 17:30:47,2026-05-21,2,乒乓球厅-16号,08:00-09:00,0,1,不开放/已过期,,多云,24,23,3,0.0,64,39
2026-05-21 18:00:50,2026-05-21,2,乒乓球厅-16号,08:00-09:00,0,1,不开放/已过期,,多云,24,23,3,0.0,68,39
2026-05-21 18:30:50,2026-05-21,2,乒乓球厅-16号,08:00-09:00,0,1,不开放/已过期,,阴,24,25,2,0.0,68,40
2026-05-21 19:00:50,2026-05-21,2,乒乓球厅-16号,08:00-09:00,0,1,不开放/已过期,,阴,23,23,3,0.0,76,40
2026-05-21 19:30:46,2026-05-21,2,乒乓球厅-16号,08:00-09:00,0,1,不开放/已过期,,阴,23,24,2,0.0,77,39
2026-05-21 20:00:49,2026-05-21,2,乒乓球厅-16号,08:00-09:00,0,1,不开放/已过期,,雾,22,23,2,0.0,89,39
2026-05-21 20:30:44,2026-05-21,2,乒乓球厅-16号,08:00-09:00,0,1,不开放/已过期,,雾,22,24,2,0.0,93,43
2026-05-21 21:00:56,2026-05-21,2,乒乓球厅-16号,08:00-09:00,0,1,不开放/已过期,,雾,20,21,2,0.0,98,43
2026-05-21 21:30:46,2026-05-21,2,乒乓球厅-16号,08:00-09:00,0,1,不开放/已过期,,雾,20,22,1,0.0,99,41
2026-05-21 22:01:02,2026-05-21,2,乒乓球厅-16号,08:00-09:00,0,1,不开放/已过期,,雾,19,20,2,0.0,93,41
2026-05-21 22:30:47,2026-05-21,2,乒乓球厅-16号,08:00-09:00,0,1,不开放/已过期,,雾,19,19,3,0.0,88,46
2026-05-21 23:00:56,2026-05-21,2,乒乓球厅-16号,08:00-09:00,0,1,不开放/已过期,,多云,18,17,3,0.0,85,46
2026-05-21 23:30:55,2026-05-21,2,乒乓球厅-16号,08:00-09:00,0,1,不开放/已过期,,多云,18,17,3,0.0,85,48
2026-05-21 00:30:49,2026-05-21,2,乒乓球厅-16号,09:00-10:00,0,1,可预约,￥5.0,多云,15,13,3,0.0,100,26
2026-05-21 01:00:55,2026-05-21,2,乒乓球厅-16号,09:00-10:00,0,1,可预约,￥5.0,多云,15,12,4,0.0,100,26
2026-05-21 01:30:47,2026-05-21,2,乒乓球厅-16号,09:00-10:00,0,1,可预约,￥5.0,多云,15,13,4,0.0,100,28
2026-05-21 02:00:53,2026-05-21,2,乒乓球厅-16号,09:00-10:00,0,1,可预约,￥5.0,多云,15,12,4,0.0,100,28
2026-05-21 02:30:49,2026-05-21,2,乒乓球厅-16号,09:00-10:00,0,1,可预约,￥5.0,多云,15,14,3,0.0,100,29
2026-05-21 03:00:55,2026-05-21,2,乒乓球厅-16号,09:00-10:00,0,1,可预约,￥5.0,多云,15,12,4,0.0,100,29
2026-05-21 03:30:49,2026-05-21,2,乒乓球厅-16号,09:00-10:00,0,1,可预约,￥5.0,多云,15,14,3,0.0,100,30
2026-05-21 04:30:45,2026-05-21,2,乒乓球厅-16号,09:00-10:00,0,1,可预约,￥5.0,多云,15,12,4,0.0,100,29
2026-05-21 05:00:52,2026-05-21,2,乒乓球厅-16号,09:00-10:00,0,1,可预约,￥5.0,多云,15,12,4,0.0,100,29
2026-05-21 05:30:49,2026-05-21,2,乒乓球厅-16号,09:00-10:00,0,1,可预约,￥5.0,多云,15,13,3,0.0,100,28
2026-05-21 06:00:50,2026-05-21,2,乒乓球厅-16号,09:00-10:00,0,1,可预约,￥5.0,多云,15,13,4,0.0,99,28
2026-05-21 06:30:38,2026-05-21,2,乒乓球厅-16号,09:00-10:00,0,1,可预约,￥5.0,多云,15,13,3,0.0,97,28
2026-05-21 07:00:43,2026-05-21,2,乒乓球厅-16号,09:00-10:00,0,1,可预约,￥5.0,晴,15,11,5,0.0,93,28
2026-05-21 07:30:39,2026-05-21,2,乒乓球厅-16号,09:00-10:00,0,1,可预约,￥5.0,晴,17,13,4,0.0,89,29
2026-05-21 07:50:40,2026-05-21,2,乒乓球厅-16号,09:00-10:00,0,1,可预约,￥5.0,晴,17,13,4,0.0,88,29
2026-05-21 07:53:31,2026-05-21,2,乒乓球厅-16号,09:00-10:00,0,1,可预约,￥5.0,晴,17,12,5,0.0,86,29
2026-05-21 07:56:31,2026-05-21,2,乒乓球厅-16号,09:00-10:00,0,1,可预约,￥5.0,晴,17,12,5,0.0,86,29
2026-05-21 07:59:26,2026-05-21,2,乒乓球厅-16号,09:00-10:00,0,1,可预约,￥5.0,晴,17,12,5,0.0,86,29
2026-05-21 08:00:45,2026-05-21,2,乒乓球厅-16号,09:00-10:00,0,1,可预约,￥5.0,晴,17,12,5,0.0,86,29
2026-05-21 08:02:30,2026-05-21,2,乒乓球厅-16号,09:00-10:00,0,1,可预约,￥5.0,多云,17,12,5,0.0,87,29
2026-05-21 08:05:36,2026-05-21,2,乒乓球厅-16号,09:00-10:00,0,1,可预约,￥5.0,多云,17,12,5,0.0,86,29
2026-05-21 08:08:31,2026-05-21,2,乒乓球厅-16号,09:00-10:00,0,1,可预约,￥5.0,多云,17,12,5,0.0,86,29
2026-05-21 08:11:30,2026-05-21,2,乒乓球厅-16号,09:00-10:00,0,1,可预约,￥5.0,多云,17,12,5,0.0,86,29
2026-05-21 08:14:31,2026-05-21,2,乒乓球厅-16号,09:00-10:00,0,1,可预约,￥5.0,多云,17,12,5,0.0,86,29
2026-05-21 08:17:30,2026-05-21,2,乒乓球厅-16号,09:00-10:00,0,1,可预约,￥5.0,多云,17,12,5,0.0,86,29
2026-05-21 08:20:35,2026-05-21,2,乒乓球厅-16号,09:00-10:00,0,1,可预约,￥5.0,多云,17,14,4,0.0,85,29
2026-05-21 08:25:32,2026-05-21,2,乒乓球厅-16号,09:00-10:00,0,1,可预约,￥5.0,多云,17,14,4,0.0,85,28
2026-05-21 08:30:42,2026-05-21,2,乒乓球厅-16号,09:00-10:00,0,1,可预约,￥5.0,多云,18,15,4,0.0,84,28
2026-05-21 08:35:31,2026-05-21,2,乒乓球厅-16号,09:00-10:00,0,1,可预约,￥5.0,多云,18,15,4,0.0,84,28
2026-05-21 08:40:38,2026-05-21,2,乒乓球厅-16号,09:00-10:00,0,1,可预约,￥5.0,多云,18,15,4,0.0,82,28
2026-05-21 08:45:33,2026-05-21,2,乒乓球厅-16号,09:00-10:00,0,1,可预约,￥5.0,多云,18,15,4,0.0,82,28
2026-05-21 08:50:36,2026-05-21,2,乒乓球厅-16号,09:00-10:00,0,1,可预约,￥5.0,多云,18,15,4,0.0,82,28
2026-05-21 08:55:34,2026-05-21,2,乒乓球厅-16号,09:00-10:00,0,1,可预约,￥5.0,多云,18,15,4,0.0,84,28
2026-05-21 09:00:51,2026-05-21,2,乒乓球厅-16号,09:00-10:00,0,1,可预约,￥5.0,多云,18,15,4,0.0,84,28
2026-05-21 09:01:59,2026-05-21,2,乒乓球厅-16号,09:00-10:00,0,1,可预约,￥5.0,多云,18,15,4,0.0,83,28
2026-05-21 09:05:33,2026-05-21,2,乒乓球厅-16号,09:00-10:00,0,1,可预约,￥5.0,多云,18,15,4,0.0,83,28
2026-05-21 09:20:38,2026-05-21,2,乒乓球厅-16号,09:00-10:00,0,1,可预约,￥5.0,多云,18,16,3,0.0,81,28
2026-05-21 09:30:46,2026-05-21,2,乒乓球厅-16号,09:00-10:00,0,1,可预约,￥5.0,多云,18,16,3,0.0,81,32
2026-05-21 09:40:36,2026-05-21,2,乒乓球厅-16号,09:00-10:00,0,1,可预约,￥5.0,多云,19,17,3,0.0,79,32
2026-05-21 09:50:42,2026-05-21,2,乒乓球厅-16号,09:00-10:00,0,1,可预约,￥5.0,多云,19,17,4,0.0,81,32
2026-05-21 10:00:46,2026-05-21,2,乒乓球厅-16号,09:00-10:00,0,1,不开放/已过期,,多云,19,17,4,0.0,79,32
2026-05-21 10:10:40,2026-05-21,2,乒乓球厅-16号,09:00-10:00,0,1,不开放/已过期,,多云,19,17,4,0.0,79,32
2026-05-21 10:20:38,2026-05-21,2,乒乓球厅-16号,09:00-10:00,0,1,不开放/已过期,,多云,19,17,4,0.0,79,32
2026-05-21 10:30:41,2026-05-21,2,乒乓球厅-16号,09:00-10:00,0,1,不开放/已过期,,多云,19,18,3,0.0,78,31
2026-05-21 11:00:44,2026-05-21,2,乒乓球厅-16号,09:00-10:00,0,1,不开放/已过期,,多云,21,17,5,0.0,74,31
2026-05-21 11:30:38,2026-05-21,2,乒乓球厅-16号,09:00-10:00,0,1,不开放/已过期,,多云,21,19,3,0.0,72,33
2026-05-21 12:00:46,2026-05-21,2,乒乓球厅-16号,09:00-10:00,0,1,不开放/已过期,,多云,22,19,4,0.0,70,33
2026-05-21 12:30:42,2026-05-21,2,乒乓球厅-16号,09:00-10:00,0,1,不开放/已过期,,多云,22,21,3,0.0,68,35
2026-05-21 13:00:43,2026-05-21,2,乒乓球厅-16号,09:00-10:00,0,1,不开放/已过期,,多云,24,22,4,0.0,66,35
2026-05-21 13:30:43,2026-05-21,2,乒乓球厅-16号,09:00-10:00,0,1,不开放/已过期,,多云,24,22,4,0.0,66,36
2026-05-21 14:00:48,2026-05-21,2,乒乓球厅-16号,09:00-10:00,0,1,不开放/已过期,,多云,25,23,4,0.0,66,36
2026-05-21 14:30:45,2026-05-21,2,乒乓球厅-16号,09:00-10:00,0,1,不开放/已过期,,晴,25,25,3,0.0,65,39
2026-05-21 15:00:45,2026-05-21,2,乒乓球厅-16号,09:00-10:00,0,1,不开放/已过期,,晴,25,22,4,0.0,56,39
2026-05-21 15:30:43,2026-05-21,2,乒乓球厅-16号,09:00-10:00,0,1,不开放/已过期,,晴,25,23,4,0.0,57,40
2026-05-21 16:00:51,2026-05-21,2,乒乓球厅-16号,09:00-10:00,0,1,不开放/已过期,,晴,25,23,4,0.0,57,40
2026-05-21 16:30:48,2026-05-21,2,乒乓球厅-16号,09:00-10:00,0,1,不开放/已过期,,晴,25,24,3,0.0,60,39
2026-05-21 17:00:49,2026-05-21,2,乒乓球厅-16号,09:00-10:00,0,1,不开放/已过期,,晴,25,24,4,0.0,61,39
2026-05-21 17:30:47,2026-05-21,2,乒乓球厅-16号,09:00-10:00,0,1,不开放/已过期,,多云,24,23,3,0.0,64,39
2026-05-21 18:00:50,2026-05-21,2,乒乓球厅-16号,09:00-10:00,0,1,不开放/已过期,,多云,24,23,3,0.0,68,39
2026-05-21 18:30:50,2026-05-21,2,乒乓球厅-16号,09:00-10:00,0,1,不开放/已过期,,阴,24,25,2,0.0,68,40
2026-05-21 19:00:50,2026-05-21,2,乒乓球厅-16号,09:00-10:00,0,1,不开放/已过期,,阴,23,23,3,0.0,76,40
2026-05-21 19:30:46,2026-05-21,2,乒乓球厅-16号,09:00-10:00,0,1,不开放/已过期,,阴,23,24,2,0.0,77,39
2026-05-21 20:00:49,2026-05-21,2,乒乓球厅-16号,09:00-10:00,0,1,不开放/已过期,,雾,22,23,2,0.0,89,39
2026-05-21 20:30:44,2026-05-21,2,乒乓球厅-16号,09:00-10:00,0,1,不开放/已过期,,雾,22,24,2,0.0,93,43
2026-05-21 21:00:56,2026-05-21,2,乒乓球厅-16号,09:00-10:00,0,1,不开放/已过期,,雾,20,21,2,0.0,98,43
2026-05-21 21:30:46,2026-05-21,2,乒乓球厅-16号,09:00-10:00,0,1,不开放/已过期,,雾,20,22,1,0.0,99,41
2026-05-21 22:01:02,2026-05-21,2,乒乓球厅-16号,09:00-10:00,0,1,不开放/已过期,,雾,19,20,2,0.0,93,41
2026-05-21 22:30:47,2026-05-21,2,乒乓球厅-16号,09:00-10:00,0,1,不开放/已过期,,雾,19,19,3,0.0,88,46
2026-05-21 23:00:56,2026-05-21,2,乒乓球厅-16号,09:00-10:00,0,1,不开放/已过期,,多云,18,17,3,0.0,85,46
2026-05-21 23:30:55,2026-05-21,2,乒乓球厅-16号,09:00-10:00,0,1,不开放/已过期,,多云,18,17,3,0.0,85,48
2026-05-21 00:30:49,2026-05-21,2,乒乓球厅-16号,10:00-11:00,1,1,已售/已满,教学时间,多云,15,13,3,0.0,100,26
2026-05-21 01:00:55,2026-05-21,2,乒乓球厅-16号,10:00-11:00,1,1,已售/已满,教学时间,多云,15,12,4,0.0,100,26
2026-05-21 01:30:47,2026-05-21,2,乒乓球厅-16号,10:00-11:00,1,1,已售/已满,教学时间,多云,15,13,4,0.0,100,28
2026-05-21 02:00:53,2026-05-21,2,乒乓球厅-16号,10:00-11:00,1,1,已售/已满,教学时间,多云,15,12,4,0.0,100,28
2026-05-21 02:30:49,2026-05-21,2,乒乓球厅-16号,10:00-11:00,1,1,已售/已满,教学时间,多云,15,14,3,0.0,100,29
2026-05-21 03:00:55,2026-05-21,2,乒乓球厅-16号,10:00-11:00,1,1,已售/已满,教学时间,多云,15,12,4,0.0,100,29
2026-05-21 03:30:49,2026-05-21,2,乒乓球厅-16号,10:00-11:00,1,1,已售/已满,教学时间,多云,15,14,3,0.0,100,30
2026-05-21 04:30:45,2026-05-21,2,乒乓球厅-16号,10:00-11:00,1,1,已售/已满,教学时间,多云,15,12,4,0.0,100,29
2026-05-21 05:00:52,2026-05-21,2,乒乓球厅-16号,10:00-11:00,1,1,已售/已满,教学时间,多云,15,12,4,0.0,100,29
2026-05-21 05:30:49,2026-05-21,2,乒乓球厅-16号,10:00-11:00,1,1,已售/已满,教学时间,多云,15,13,3,0.0,100,28
2026-05-21 06:00:50,2026-05-21,2,乒乓球厅-16号,10:00-11:00,1,1,已售/已满,教学时间,多云,15,13,4,0.0,99,28
2026-05-21 06:30:38,2026-05-21,2,乒乓球厅-16号,10:00-11:00,1,1,已售/已满,教学时间,多云,15,13,3,0.0,97,28
2026-05-21 07:00:43,2026-05-21,2,乒乓球厅-16号,10:00-11:00,1,1,已售/已满,教学时间,晴,15,11,5,0.0,93,28
2026-05-21 07:30:39,2026-05-21,2,乒乓球厅-16号,10:00-11:00,1,1,已售/已满,教学时间,晴,17,13,4,0.0,89,29
2026-05-21 07:50:40,2026-05-21,2,乒乓球厅-16号,10:00-11:00,1,1,已售/已满,教学时间,晴,17,13,4,0.0,88,29
2026-05-21 07:53:31,2026-05-21,2,乒乓球厅-16号,10:00-11:00,1,1,已售/已满,教学时间,晴,17,12,5,0.0,86,29
2026-05-21 07:56:31,2026-05-21,2,乒乓球厅-16号,10:00-11:00,1,1,已售/已满,教学时间,晴,17,12,5,0.0,86,29
2026-05-21 07:59:26,2026-05-21,2,乒乓球厅-16号,10:00-11:00,1,1,已售/已满,教学时间,晴,17,12,5,0.0,86,29
2026-05-21 08:00:45,2026-05-21,2,乒乓球厅-16号,10:00-11:00,1,1,已售/已满,教学时间,晴,17,12,5,0.0,86,29
2026-05-21 08:02:30,2026-05-21,2,乒乓球厅-16号,10:00-11:00,1,1,已售/已满,教学时间,多云,17,12,5,0.0,87,29
2026-05-21 08:05:36,2026-05-21,2,乒乓球厅-16号,10:00-11:00,1,1,已售/已满,教学时间,多云,17,12,5,0.0,86,29
2026-05-21 08:08:31,2026-05-21,2,乒乓球厅-16号,10:00-11:00,1,1,已售/已满,教学时间,多云,17,12,5,0.0,86,29
2026-05-21 08:11:30,2026-05-21,2,乒乓球厅-16号,10:00-11:00,1,1,已售/已满,教学时间,多云,17,12,5,0.0,86,29
2026-05-21 08:14:31,2026-05-21,2,乒乓球厅-16号,10:00-11:00,1,1,已售/已满,教学时间,多云,17,12,5,0.0,86,29
2026-05-21 08:17:30,2026-05-21,2,乒乓球厅-16号,10:00-11:00,1,1,已售/已满,教学时间,多云,17,12,5,0.0,86,29
2026-05-21 08:20:35,2026-05-21,2,乒乓球厅-16号,10:00-11:00,1,1,已售/已满,教学时间,多云,17,14,4,0.0,85,29
2026-05-21 08:25:32,2026-05-21,2,乒乓球厅-16号,10:00-11:00,1,1,已售/已满,教学时间,多云,17,14,4,0.0,85,28
2026-05-21 08:30:42,2026-05-21,2,乒乓球厅-16号,10:00-11:00,1,1,已售/已满,教学时间,多云,18,15,4,0.0,84,28
2026-05-21 08:35:31,2026-05-21,2,乒乓球厅-16号,10:00-11:00,1,1,已售/已满,教学时间,多云,18,15,4,0.0,84,28
2026-05-21 08:40:38,2026-05-21,2,乒乓球厅-16号,10:00-11:00,1,1,已售/已满,教学时间,多云,18,15,4,0.0,82,28
2026-05-21 08:45:33,2026-05-21,2,乒乓球厅-16号,10:00-11:00,1,1,已售/已满,教学时间,多云,18,15,4,0.0,82,28
2026-05-21 08:50:36,2026-05-21,2,乒乓球厅-16号,10:00-11:00,1,1,已售/已满,教学时间,多云,18,15,4,0.0,82,28
2026-05-21 08:55:34,2026-05-21,2,乒乓球厅-16号,10:00-11:00,1,1,已售/已满,教学时间,多云,18,15,4,0.0,84,28
2026-05-21 09:00:51,2026-05-21,2,乒乓球厅-16号,10:00-11:00,1,1,已售/已满,教学时间,多云,18,15,4,0.0,84,28
2026-05-21 09:01:59,2026-05-21,2,乒乓球厅-16号,10:00-11:00,1,1,已售/已满,教学时间,多云,18,15,4,0.0,83,28
2026-05-21 09:05:33,2026-05-21,2,乒乓球厅-16号,10:00-11:00,1,1,已售/已满,教学时间,多云,18,15,4,0.0,83,28
2026-05-21 09:20:38,2026-05-21,2,乒乓球厅-16号,10:00-11:00,1,1,已售/已满,教学时间,多云,18,16,3,0.0,81,28
2026-05-21 09:30:46,2026-05-21,2,乒乓球厅-16号,10:00-11:00,1,1,已售/已满,教学时间,多云,18,16,3,0.0,81,32
2026-05-21 09:40:36,2026-05-21,2,乒乓球厅-16号,10:00-11:00,1,1,已售/已满,教学时间,多云,19,17,3,0.0,79,32
2026-05-21 09:50:42,2026-05-21,2,乒乓球厅-16号,10:00-11:00,1,1,已售/已满,教学时间,多云,19,17,4,0.0,81,32
2026-05-21 10:00:46,2026-05-21,2,乒乓球厅-16号,10:00-11:00,1,1,已售/已满,教学时间,多云,19,17,4,0.0,79,32
2026-05-21 10:10:40,2026-05-21,2,乒乓球厅-16号,10:00-11:00,1,1,已售/已满,教学时间,多云,19,17,4,0.0,79,32
2026-05-21 10:20:38,2026-05-21,2,乒乓球厅-16号,10:00-11:00,1,1,已售/已满,教学时间,多云,19,17,4,0.0,79,32
2026-05-21 10:30:41,2026-05-21,2,乒乓球厅-16号,10:00-11:00,1,1,已售/已满,教学时间,多云,19,18,3,0.0,78,31
2026-05-21 11:00:44,2026-05-21,2,乒乓球厅-16号,10:00-11:00,1,1,已售/已满,教学时间,多云,21,17,5,0.0,74,31
2026-05-21 11:30:38,2026-05-21,2,乒乓球厅-16号,10:00-11:00,1,1,已售/已满,教学时间,多云,21,19,3,0.0,72,33
2026-05-21 12:00:46,2026-05-21,2,乒乓球厅-16号,10:00-11:00,1,1,已售/已满,教学时间,多云,22,19,4,0.0,70,33
2026-05-21 12:30:42,2026-05-21,2,乒乓球厅-16号,10:00-11:00,1,1,已售/已满,教学时间,多云,22,21,3,0.0,68,35
2026-05-21 13:00:43,2026-05-21,2,乒乓球厅-16号,10:00-11:00,1,1,已售/已满,教学时间,多云,24,22,4,0.0,66,35
2026-05-21 13:30:43,2026-05-21,2,乒乓球厅-16号,10:00-11:00,1,1,已售/已满,教学时间,多云,24,22,4,0.0,66,36
2026-05-21 14:00:48,2026-05-21,2,乒乓球厅-16号,10:00-11:00,1,1,已售/已满,教学时间,多云,25,23,4,0.0,66,36
2026-05-21 14:30:45,2026-05-21,2,乒乓球厅-16号,10:00-11:00,1,1,已售/已满,教学时间,晴,25,25,3,0.0,65,39
2026-05-21 15:00:45,2026-05-21,2,乒乓球厅-16号,10:00-11:00,1,1,已售/已满,教学时间,晴,25,22,4,0.0,56,39
2026-05-21 15:30:43,2026-05-21,2,乒乓球厅-16号,10:00-11:00,1,1,已售/已满,教学时间,晴,25,23,4,0.0,57,40
2026-05-21 16:00:51,2026-05-21,2,乒乓球厅-16号,10:00-11:00,1,1,已售/已满,教学时间,晴,25,23,4,0.0,57,40
2026-05-21 16:30:48,2026-05-21,2,乒乓球厅-16号,10:00-11:00,1,1,已售/已满,教学时间,晴,25,24,3,0.0,60,39
2026-05-21 17:00:49,2026-05-21,2,乒乓球厅-16号,10:00-11:00,1,1,已售/已满,教学时间,晴,25,24,4,0.0,61,39
2026-05-21 17:30:47,2026-05-21,2,乒乓球厅-16号,10:00-11:00,1,1,已售/已满,教学时间,多云,24,23,3,0.0,64,39
2026-05-21 18:00:50,2026-05-21,2,乒乓球厅-16号,10:00-11:00,1,1,已售/已满,教学时间,多云,24,23,3,0.0,68,39
2026-05-21 18:30:50,2026-05-21,2,乒乓球厅-16号,10:00-11:00,1,1,已售/已满,教学时间,阴,24,25,2,0.0,68,40
2026-05-21 19:00:50,2026-05-21,2,乒乓球厅-16号,10:00-11:00,1,1,已售/已满,教学时间,阴,23,23,3,0.0,76,40
2026-05-21 19:30:46,2026-05-21,2,乒乓球厅-16号,10:00-11:00,1,1,已售/已满,教学时间,阴,23,24,2,0.0,77,39
2026-05-21 20:00:49,2026-05-21,2,乒乓球厅-16号,10:00-11:00,1,1,已售/已满,教学时间,雾,22,23,2,0.0,89,39
2026-05-21 20:30:44,2026-05-21,2,乒乓球厅-16号,10:00-11:00,1,1,已售/已满,教学时间,雾,22,24,2,0.0,93,43
2026-05-21 21:00:56,2026-05-21,2,乒乓球厅-16号,10:00-11:00,1,1,已售/已满,教学时间,雾,20,21,2,0.0,98,43
2026-05-21 21:30:46,2026-05-21,2,乒乓球厅-16号,10:00-11:00,1,1,已售/已满,教学时间,雾,20,22,1,0.0,99,41
2026-05-21 22:01:02,2026-05-21,2,乒乓球厅-16号,10:00-11:00,1,1,已售/已满,教学时间,雾,19,20,2,0.0,93,41
2026-05-21 22:30:47,2026-05-21,2,乒乓球厅-16号,10:00-11:00,1,1,已售/已满,教学时间,雾,19,19,3,0.0,88,46
2026-05-21 23:00:56,2026-05-21,2,乒乓球厅-16号,10:00-11:00,1,1,已售/已满,教学时间,多云,18,17,3,0.0,85,46
2026-05-21 23:30:55,2026-05-21,2,乒乓球厅-16号,10:00-11:00,1,1,已售/已满,教学时间,多云,18,17,3,0.0,85,48
2026-05-21 00:30:49,2026-05-21,2,乒乓球厅-16号,11:00-12:00,1,1,已售/已满,教学时间,多云,15,13,3,0.0,100,26
2026-05-21 01:00:55,2026-05-21,2,乒乓球厅-16号,11:00-12:00,1,1,已售/已满,教学时间,多云,15,12,4,0.0,100,26
2026-05-21 01:30:47,2026-05-21,2,乒乓球厅-16号,11:00-12:00,1,1,已售/已满,教学时间,多云,15,13,4,0.0,100,28
2026-05-21 02:00:53,2026-05-21,2,乒乓球厅-16号,11:00-12:00,1,1,已售/已满,教学时间,多云,15,12,4,0.0,100,28
2026-05-21 02:30:49,2026-05-21,2,乒乓球厅-16号,11:00-12:00,1,1,已售/已满,教学时间,多云,15,14,3,0.0,100,29
2026-05-21 03:00:55,2026-05-21,2,乒乓球厅-16号,11:00-12:00,1,1,已售/已满,教学时间,多云,15,12,4,0.0,100,29
2026-05-21 03:30:49,2026-05-21,2,乒乓球厅-16号,11:00-12:00,1,1,已售/已满,教学时间,多云,15,14,3,0.0,100,30
2026-05-21 04:30:45,2026-05-21,2,乒乓球厅-16号,11:00-12:00,1,1,已售/已满,教学时间,多云,15,12,4,0.0,100,29
2026-05-21 05:00:52,2026-05-21,2,乒乓球厅-16号,11:00-12:00,1,1,已售/已满,教学时间,多云,15,12,4,0.0,100,29
2026-05-21 05:30:49,2026-05-21,2,乒乓球厅-16号,11:00-12:00,1,1,已售/已满,教学时间,多云,15,13,3,0.0,100,28
2026-05-21 06:00:50,2026-05-21,2,乒乓球厅-16号,11:00-12:00,1,1,已售/已满,教学时间,多云,15,13,4,0.0,99,28
2026-05-21 06:30:38,2026-05-21,2,乒乓球厅-16号,11:00-12:00,1,1,已售/已满,教学时间,多云,15,13,3,0.0,97,28
2026-05-21 07:00:43,2026-05-21,2,乒乓球厅-16号,11:00-12:00,1,1,已售/已满,教学时间,晴,15,11,5,0.0,93,28
2026-05-21 07:30:39,2026-05-21,2,乒乓球厅-16号,11:00-12:00,1,1,已售/已满,教学时间,晴,17,13,4,0.0,89,29
2026-05-21 07:50:40,2026-05-21,2,乒乓球厅-16号,11:00-12:00,1,1,已售/已满,教学时间,晴,17,13,4,0.0,88,29
2026-05-21 07:53:31,2026-05-21,2,乒乓球厅-16号,11:00-12:00,1,1,已售/已满,教学时间,晴,17,12,5,0.0,86,29
2026-05-21 07:56:31,2026-05-21,2,乒乓球厅-16号,11:00-12:00,1,1,已售/已满,教学时间,晴,17,12,5,0.0,86,29
2026-05-21 07:59:26,2026-05-21,2,乒乓球厅-16号,11:00-12:00,1,1,已售/已满,教学时间,晴,17,12,5,0.0,86,29
2026-05-21 08:00:45,2026-05-21,2,乒乓球厅-16号,11:00-12:00,1,1,已售/已满,教学时间,晴,17,12,5,0.0,86,29
2026-05-21 08:02:30,2026-05-21,2,乒乓球厅-16号,11:00-12:00,1,1,已售/已满,教学时间,多云,17,12,5,0.0,87,29
2026-05-21 08:05:36,2026-05-21,2,乒乓球厅-16号,11:00-12:00,1,1,已售/已满,教学时间,多云,17,12,5,0.0,86,29
2026-05-21 08:08:31,2026-05-21,2,乒乓球厅-16号,11:00-12:00,1,1,已售/已满,教学时间,多云,17,12,5,0.0,86,29
2026-05-21 08:11:30,2026-05-21,2,乒乓球厅-16号,11:00-12:00,1,1,已售/已满,教学时间,多云,17,12,5,0.0,86,29
2026-05-21 08:14:31,2026-05-21,2,乒乓球厅-16号,11:00-12:00,1,1,已售/已满,教学时间,多云,17,12,5,0.0,86,29
2026-05-21 08:17:30,2026-05-21,2,乒乓球厅-16号,11:00-12:00,1,1,已售/已满,教学时间,多云,17,12,5,0.0,86,29
2026-05-21 08:20:35,2026-05-21,2,乒乓球厅-16号,11:00-12:00,1,1,已售/已满,教学时间,多云,17,14,4,0.0,85,29
2026-05-21 08:25:32,2026-05-21,2,乒乓球厅-16号,11:00-12:00,1,1,已售/已满,教学时间,多云,17,14,4,0.0,85,28
2026-05-21 08:30:42,2026-05-21,2,乒乓球厅-16号,11:00-12:00,1,1,已售/已满,教学时间,多云,18,15,4,0.0,84,28
2026-05-21 08:35:31,2026-05-21,2,乒乓球厅-16号,11:00-12:00,1,1,已售/已满,教学时间,多云,18,15,4,0.0,84,28
2026-05-21 08:40:38,2026-05-21,2,乒乓球厅-16号,11:00-12:00,1,1,已售/已满,教学时间,多云,18,15,4,0.0,82,28
2026-05-21 08:45:33,2026-05-21,2,乒乓球厅-16号,11:00-12:00,1,1,已售/已满,教学时间,多云,18,15,4,0.0,82,28
2026-05-21 08:50:36,2026-05-21,2,乒乓球厅-16号,11:00-12:00,1,1,已售/已满,教学时间,多云,18,15,4,0.0,82,28
2026-05-21 08:55:34,2026-05-21,2,乒乓球厅-16号,11:00-12:00,1,1,已售/已满,教学时间,多云,18,15,4,0.0,84,28
2026-05-21 09:00:51,2026-05-21,2,乒乓球厅-16号,11:00-12:00,1,1,已售/已满,教学时间,多云,18,15,4,0.0,84,28
2026-05-21 09:01:59,2026-05-21,2,乒乓球厅-16号,11:00-12:00,1,1,已售/已满,教学时间,多云,18,15,4,0.0,83,28
2026-05-21 09:05:33,2026-05-21,2,乒乓球厅-16号,11:00-12:00,1,1,已售/已满,教学时间,多云,18,15,4,0.0,83,28
2026-05-21 09:20:38,2026-05-21,2,乒乓球厅-16号,11:00-12:00,1,1,已售/已满,教学时间,多云,18,16,3,0.0,81,28
2026-05-21 09:30:46,2026-05-21,2,乒乓球厅-16号,11:00-12:00,1,1,已售/已满,教学时间,多云,18,16,3,0.0,81,32
2026-05-21 09:40:36,2026-05-21,2,乒乓球厅-16号,11:00-12:00,1,1,已售/已满,教学时间,多云,19,17,3,0.0,79,32
2026-05-21 09:50:42,2026-05-21,2,乒乓球厅-16号,11:00-12:00,1,1,已售/已满,教学时间,多云,19,17,4,0.0,81,32
2026-05-21 10:00:46,2026-05-21,2,乒乓球厅-16号,11:00-12:00,1,1,已售/已满,教学时间,多云,19,17,4,0.0,79,32
2026-05-21 10:10:40,2026-05-21,2,乒乓球厅-16号,11:00-12:00,1,1,已售/已满,教学时间,多云,19,17,4,0.0,79,32
2026-05-21 10:20:38,2026-05-21,2,乒乓球厅-16号,11:00-12:00,1,1,已售/已满,教学时间,多云,19,17,4,0.0,79,32
2026-05-21 10:30:41,2026-05-21,2,乒乓球厅-16号,11:00-12:00,1,1,已售/已满,教学时间,多云,19,18,3,0.0,78,31
2026-05-21 11:00:44,2026-05-21,2,乒乓球厅-16号,11:00-12:00,1,1,已售/已满,教学时间,多云,21,17,5,0.0,74,31
2026-05-21 11:30:38,2026-05-21,2,乒乓球厅-16号,11:00-12:00,1,1,已售/已满,教学时间,多云,21,19,3,0.0,72,33
2026-05-21 12:00:46,2026-05-21,2,乒乓球厅-16号,11:00-12:00,1,1,已售/已满,教学时间,多云,22,19,4,0.0,70,33
2026-05-21 12:30:42,2026-05-21,2,乒乓球厅-16号,11:00-12:00,1,1,已售/已满,教学时间,多云,22,21,3,0.0,68,35
2026-05-21 13:00:43,2026-05-21,2,乒乓球厅-16号,11:00-12:00,1,1,已售/已满,教学时间,多云,24,22,4,0.0,66,35
2026-05-21 13:30:43,2026-05-21,2,乒乓球厅-16号,11:00-12:00,1,1,已售/已满,教学时间,多云,24,22,4,0.0,66,36
2026-05-21 14:00:48,2026-05-21,2,乒乓球厅-16号,11:00-12:00,1,1,已售/已满,教学时间,多云,25,23,4,0.0,66,36
2026-05-21 14:30:45,2026-05-21,2,乒乓球厅-16号,11:00-12:00,1,1,已售/已满,教学时间,晴,25,25,3,0.0,65,39
2026-05-21 15:00:45,2026-05-21,2,乒乓球厅-16号,11:00-12:00,1,1,已售/已满,教学时间,晴,25,22,4,0.0,56,39
2026-05-21 15:30:43,2026-05-21,2,乒乓球厅-16号,11:00-12:00,1,1,已售/已满,教学时间,晴,25,23,4,0.0,57,40
2026-05-21 16:00:51,2026-05-21,2,乒乓球厅-16号,11:00-12:00,1,1,已售/已满,教学时间,晴,25,23,4,0.0,57,40
2026-05-21 16:30:48,2026-05-21,2,乒乓球厅-16号,11:00-12:00,1,1,已售/已满,教学时间,晴,25,24,3,0.0,60,39
2026-05-21 17:00:49,2026-05-21,2,乒乓球厅-16号,11:00-12:00,1,1,已售/已满,教学时间,晴,25,24,4,0.0,61,39
2026-05-21 17:30:47,2026-05-21,2,乒乓球厅-16号,11:00-12:00,1,1,已售/已满,教学时间,多云,24,23,3,0.0,64,39
2026-05-21 18:00:50,2026-05-21,2,乒乓球厅-16号,11:00-12:00,1,1,已售/已满,教学时间,多云,24,23,3,0.0,68,39
2026-05-21 18:30:50,2026-05-21,2,乒乓球厅-16号,11:00-12:00,1,1,已售/已满,教学时间,阴,24,25,2,0.0,68,40
2026-05-21 19:00:50,2026-05-21,2,乒乓球厅-16号,11:00-12:00,1,1,已售/已满,教学时间,阴,23,23,3,0.0,76,40
2026-05-21 19:30:46,2026-05-21,2,乒乓球厅-16号,11:00-12:00,1,1,已售/已满,教学时间,阴,23,24,2,0.0,77,39
2026-05-21 20:00:49,2026-05-21,2,乒乓球厅-16号,11:00-12:00,1,1,已售/已满,教学时间,雾,22,23,2,0.0,89,39
2026-05-21 20:30:44,2026-05-21,2,乒乓球厅-16号,11:00-12:00,1,1,已售/已满,教学时间,雾,22,24,2,0.0,93,43
2026-05-21 21:00:56,2026-05-21,2,乒乓球厅-16号,11:00-12:00,1,1,已售/已满,教学时间,雾,20,21,2,0.0,98,43
2026-05-21 21:30:46,2026-05-21,2,乒乓球厅-16号,11:00-12:00,1,1,已售/已满,教学时间,雾,20,22,1,0.0,99,41
2026-05-21 22:01:02,2026-05-21,2,乒乓球厅-16号,11:00-12:00,1,1,已售/已满,教学时间,雾,19,20,2,0.0,93,41
2026-05-21 22:30:47,2026-05-21,2,乒乓球厅-16号,11:00-12:00,1,1,已售/已满,教学时间,雾,19,19,3,0.0,88,46
2026-05-21 23:00:56,2026-05-21,2,乒乓球厅-16号,11:00-12:00,1,1,已售/已满,教学时间,多云,18,17,3,0.0,85,46
2026-05-21 23:30:55,2026-05-21,2,乒乓球厅-16号,11:00-12:00,1,1,已售/已满,教学时间,多云,18,17,3,0.0,85,48
2026-05-21 00:30:49,2026-05-21,2,乒乓球厅-16号,12:00-12:55,0,1,可预约,￥0.0,多云,15,13,3,0.0,100,26
2026-05-21 01:00:55,2026-05-21,2,乒乓球厅-16号,12:00-12:55,0,1,可预约,￥0.0,多云,15,12,4,0.0,100,26
2026-05-21 01:30:47,2026-05-21,2,乒乓球厅-16号,12:00-12:55,0,1,可预约,￥0.0,多云,15,13,4,0.0,100,28
2026-05-21 02:00:53,2026-05-21,2,乒乓球厅-16号,12:00-12:55,0,1,可预约,￥0.0,多云,15,12,4,0.0,100,28
2026-05-21 02:30:49,2026-05-21,2,乒乓球厅-16号,12:00-12:55,0,1,可预约,￥0.0,多云,15,14,3,0.0,100,29
2026-05-21 03:00:55,2026-05-21,2,乒乓球厅-16号,12:00-12:55,0,1,可预约,￥0.0,多云,15,12,4,0.0,100,29
2026-05-21 03:30:49,2026-05-21,2,乒乓球厅-16号,12:00-12:55,0,1,可预约,￥0.0,多云,15,14,3,0.0,100,30
2026-05-21 04:30:45,2026-05-21,2,乒乓球厅-16号,12:00-12:55,0,1,可预约,￥0.0,多云,15,12,4,0.0,100,29
2026-05-21 05:00:52,2026-05-21,2,乒乓球厅-16号,12:00-12:55,0,1,可预约,￥0.0,多云,15,12,4,0.0,100,29
2026-05-21 05:30:49,2026-05-21,2,乒乓球厅-16号,12:00-12:55,0,1,可预约,￥0.0,多云,15,13,3,0.0,100,28
2026-05-21 06:00:50,2026-05-21,2,乒乓球厅-16号,12:00-12:55,0,1,可预约,￥0.0,多云,15,13,4,0.0,99,28
2026-05-21 06:30:38,2026-05-21,2,乒乓球厅-16号,12:00-12:55,0,1,可预约,￥0.0,多云,15,13,3,0.0,97,28
2026-05-21 07:00:43,2026-05-21,2,乒乓球厅-16号,12:00-12:55,0,1,可预约,￥0.0,晴,15,11,5,0.0,93,28
2026-05-21 07:30:39,2026-05-21,2,乒乓球厅-16号,12:00-12:55,0,1,可预约,￥0.0,晴,17,13,4,0.0,89,29
2026-05-21 07:50:40,2026-05-21,2,乒乓球厅-16号,12:00-12:55,0,1,可预约,￥0.0,晴,17,13,4,0.0,88,29
2026-05-21 07:53:31,2026-05-21,2,乒乓球厅-16号,12:00-12:55,0,1,可预约,￥0.0,晴,17,12,5,0.0,86,29
2026-05-21 07:56:31,2026-05-21,2,乒乓球厅-16号,12:00-12:55,0,1,可预约,￥0.0,晴,17,12,5,0.0,86,29
2026-05-21 07:59:26,2026-05-21,2,乒乓球厅-16号,12:00-12:55,0,1,可预约,￥0.0,晴,17,12,5,0.0,86,29
2026-05-21 08:00:45,2026-05-21,2,乒乓球厅-16号,12:00-12:55,0,1,可预约,￥0.0,晴,17,12,5,0.0,86,29
2026-05-21 08:02:30,2026-05-21,2,乒乓球厅-16号,12:00-12:55,0,1,可预约,￥0.0,多云,17,12,5,0.0,87,29
2026-05-21 08:05:36,2026-05-21,2,乒乓球厅-16号,12:00-12:55,0,1,可预约,￥0.0,多云,17,12,5,0.0,86,29
2026-05-21 08:08:31,2026-05-21,2,乒乓球厅-16号,12:00-12:55,0,1,可预约,￥0.0,多云,17,12,5,0.0,86,29
2026-05-21 08:11:30,2026-05-21,2,乒乓球厅-16号,12:00-12:55,0,1,可预约,￥0.0,多云,17,12,5,0.0,86,29
2026-05-21 08:14:31,2026-05-21,2,乒乓球厅-16号,12:00-12:55,0,1,可预约,￥0.0,多云,17,12,5,0.0,86,29
2026-05-21 08:17:30,2026-05-21,2,乒乓球厅-16号,12:00-12:55,0,1,可预约,￥0.0,多云,17,12,5,0.0,86,29
2026-05-21 08:20:35,2026-05-21,2,乒乓球厅-16号,12:00-12:55,0,1,可预约,￥0.0,多云,17,14,4,0.0,85,29
2026-05-21 08:25:32,2026-05-21,2,乒乓球厅-16号,12:00-12:55,0,1,可预约,￥0.0,多云,17,14,4,0.0,85,28
2026-05-21 08:30:42,2026-05-21,2,乒乓球厅-16号,12:00-12:55,0,1,可预约,￥0.0,多云,18,15,4,0.0,84,28
2026-05-21 08:35:31,2026-05-21,2,乒乓球厅-16号,12:00-12:55,0,1,可预约,￥0.0,多云,18,15,4,0.0,84,28
2026-05-21 08:40:38,2026-05-21,2,乒乓球厅-16号,12:00-12:55,0,1,可预约,￥0.0,多云,18,15,4,0.0,82,28
2026-05-21 08:45:33,2026-05-21,2,乒乓球厅-16号,12:00-12:55,0,1,可预约,￥0.0,多云,18,15,4,0.0,82,28
2026-05-21 08:50:36,2026-05-21,2,乒乓球厅-16号,12:00-12:55,0,1,可预约,￥0.0,多云,18,15,4,0.0,82,28
2026-05-21 08:55:34,2026-05-21,2,乒乓球厅-16号,12:00-12:55,0,1,可预约,￥0.0,多云,18,15,4,0.0,84,28
2026-05-21 09:00:51,2026-05-21,2,乒乓球厅-16号,12:00-12:55,0,1,可预约,￥0.0,多云,18,15,4,0.0,84,28
2026-05-21 09:01:59,2026-05-21,2,乒乓球厅-16号,12:00-12:55,0,1,可预约,￥0.0,多云,18,15,4,0.0,83,28
2026-05-21 09:05:33,2026-05-21,2,乒乓球厅-16号,12:00-12:55,0,1,可预约,￥0.0,多云,18,15,4,0.0,83,28
2026-05-21 09:20:38,2026-05-21,2,乒乓球厅-16号,12:00-12:55,0,1,可预约,￥0.0,多云,18,16,3,0.0,81,28
2026-05-21 09:30:46,2026-05-21,2,乒乓球厅-16号,12:00-12:55,0,1,可预约,￥0.0,多云,18,16,3,0.0,81,32
2026-05-21 09:40:36,2026-05-21,2,乒乓球厅-16号,12:00-12:55,0,1,可预约,￥0.0,多云,19,17,3,0.0,79,32
2026-05-21 09:50:42,2026-05-21,2,乒乓球厅-16号,12:00-12:55,0,1,可预约,￥0.0,多云,19,17,4,0.0,81,32
2026-05-21 10:00:46,2026-05-21,2,乒乓球厅-16号,12:00-12:55,0,1,可预约,￥0.0,多云,19,17,4,0.0,79,32
2026-05-21 10:10:40,2026-05-21,2,乒乓球厅-16号,12:00-12:55,0,1,可预约,￥0.0,多云,19,17,4,0.0,79,32
2026-05-21 10:20:38,2026-05-21,2,乒乓球厅-16号,12:00-12:55,0,1,可预约,￥0.0,多云,19,17,4,0.0,79,32
2026-05-21 10:30:41,2026-05-21,2,乒乓球厅-16号,12:00-12:55,0,1,可预约,￥0.0,多云,19,18,3,0.0,78,31
2026-05-21 11:00:44,2026-05-21,2,乒乓球厅-16号,12:00-12:55,0,1,可预约,￥0.0,多云,21,17,5,0.0,74,31
2026-05-21 11:30:38,2026-05-21,2,乒乓球厅-16号,12:00-12:55,0,1,可预约,￥0.0,多云,21,19,3,0.0,72,33
2026-05-21 12:00:46,2026-05-21,2,乒乓球厅-16号,12:00-12:55,0,1,可预约,￥0.0,多云,22,19,4,0.0,70,33
2026-05-21 12:30:42,2026-05-21,2,乒乓球厅-16号,12:00-12:55,0,1,可预约,￥0.0,多云,22,21,3,0.0,68,35
2026-05-21 13:00:43,2026-05-21,2,乒乓球厅-16号,12:00-12:55,0,1,不开放/已过期,,多云,24,22,4,0.0,66,35
2026-05-21 13:30:43,2026-05-21,2,乒乓球厅-16号,12:00-12:55,0,1,不开放/已过期,,多云,24,22,4,0.0,66,36
2026-05-21 14:00:48,2026-05-21,2,乒乓球厅-16号,12:00-12:55,0,1,不开放/已过期,,多云,25,23,4,0.0,66,36
2026-05-21 14:30:45,2026-05-21,2,乒乓球厅-16号,12:00-12:55,0,1,不开放/已过期,,晴,25,25,3,0.0,65,39
2026-05-21 15:00:45,2026-05-21,2,乒乓球厅-16号,12:00-12:55,0,1,不开放/已过期,,晴,25,22,4,0.0,56,39
2026-05-21 15:30:43,2026-05-21,2,乒乓球厅-16号,12:00-12:55,0,1,不开放/已过期,,晴,25,23,4,0.0,57,40
2026-05-21 16:00:51,2026-05-21,2,乒乓球厅-16号,12:00-12:55,0,1,不开放/已过期,,晴,25,23,4,0.0,57,40
2026-05-21 16:30:48,2026-05-21,2,乒乓球厅-16号,12:00-12:55,0,1,不开放/已过期,,晴,25,24,3,0.0,60,39
2026-05-21 17:00:49,2026-05-21,2,乒乓球厅-16号,12:00-12:55,0,1,不开放/已过期,,晴,25,24,4,0.0,61,39
2026-05-21 17:30:47,2026-05-21,2,乒乓球厅-16号,12:00-12:55,0,1,不开放/已过期,,多云,24,23,3,0.0,64,39
2026-05-21 18:00:50,2026-05-21,2,乒乓球厅-16号,12:00-12:55,0,1,不开放/已过期,,多云,24,23,3,0.0,68,39
2026-05-21 18:30:50,2026-05-21,2,乒乓球厅-16号,12:00-12:55,0,1,不开放/已过期,,阴,24,25,2,0.0,68,40
2026-05-21 19:00:50,2026-05-21,2,乒乓球厅-16号,12:00-12:55,0,1,不开放/已过期,,阴,23,23,3,0.0,76,40
2026-05-21 19:30:46,2026-05-21,2,乒乓球厅-16号,12:00-12:55,0,1,不开放/已过期,,阴,23,24,2,0.0,77,39
2026-05-21 20:00:49,2026-05-21,2,乒乓球厅-16号,12:00-12:55,0,1,不开放/已过期,,雾,22,23,2,0.0,89,39
2026-05-21 20:30:44,2026-05-21,2,乒乓球厅-16号,12:00-12:55,0,1,不开放/已过期,,雾,22,24,2,0.0,93,43
2026-05-21 21:00:56,2026-05-21,2,乒乓球厅-16号,12:00-12:55,0,1,不开放/已过期,,雾,20,21,2,0.0,98,43
2026-05-21 21:30:46,2026-05-21,2,乒乓球厅-16号,12:00-12:55,0,1,不开放/已过期,,雾,20,22,1,0.0,99,41
2026-05-21 22:01:02,2026-05-21,2,乒乓球厅-16号,12:00-12:55,0,1,不开放/已过期,,雾,19,20,2,0.0,93,41
2026-05-21 22:30:47,2026-05-21,2,乒乓球厅-16号,12:00-12:55,0,1,不开放/已过期,,雾,19,19,3,0.0,88,46
2026-05-21 23:00:56,2026-05-21,2,乒乓球厅-16号,12:00-12:55,0,1,不开放/已过期,,多云,18,17,3,0.0,85,46
2026-05-21 23:30:55,2026-05-21,2,乒乓球厅-16号,12:00-12:55,0,1,不开放/已过期,,多云,18,17,3,0.0,85,48
2026-05-21 00:30:49,2026-05-21,2,乒乓球厅-16号,12:55-13:50,0,1,可预约,￥0.0,多云,15,13,3,0.0,100,26
2026-05-21 01:00:55,2026-05-21,2,乒乓球厅-16号,12:55-13:50,0,1,可预约,￥0.0,多云,15,12,4,0.0,100,26
2026-05-21 01:30:47,2026-05-21,2,乒乓球厅-16号,12:55-13:50,0,1,可预约,￥0.0,多云,15,13,4,0.0,100,28
2026-05-21 02:00:53,2026-05-21,2,乒乓球厅-16号,12:55-13:50,0,1,可预约,￥0.0,多云,15,12,4,0.0,100,28
2026-05-21 02:30:49,2026-05-21,2,乒乓球厅-16号,12:55-13:50,0,1,可预约,￥0.0,多云,15,14,3,0.0,100,29
2026-05-21 03:00:55,2026-05-21,2,乒乓球厅-16号,12:55-13:50,0,1,可预约,￥0.0,多云,15,12,4,0.0,100,29
2026-05-21 03:30:49,2026-05-21,2,乒乓球厅-16号,12:55-13:50,0,1,可预约,￥0.0,多云,15,14,3,0.0,100,30
2026-05-21 04:30:45,2026-05-21,2,乒乓球厅-16号,12:55-13:50,0,1,可预约,￥0.0,多云,15,12,4,0.0,100,29
2026-05-21 05:00:52,2026-05-21,2,乒乓球厅-16号,12:55-13:50,0,1,可预约,￥0.0,多云,15,12,4,0.0,100,29
2026-05-21 05:30:49,2026-05-21,2,乒乓球厅-16号,12:55-13:50,0,1,可预约,￥0.0,多云,15,13,3,0.0,100,28
2026-05-21 06:00:50,2026-05-21,2,乒乓球厅-16号,12:55-13:50,0,1,可预约,￥0.0,多云,15,13,4,0.0,99,28
2026-05-21 06:30:38,2026-05-21,2,乒乓球厅-16号,12:55-13:50,0,1,可预约,￥0.0,多云,15,13,3,0.0,97,28
2026-05-21 07:00:43,2026-05-21,2,乒乓球厅-16号,12:55-13:50,0,1,可预约,￥0.0,晴,15,11,5,0.0,93,28
2026-05-21 07:30:39,2026-05-21,2,乒乓球厅-16号,12:55-13:50,0,1,可预约,￥0.0,晴,17,13,4,0.0,89,29
2026-05-21 07:50:40,2026-05-21,2,乒乓球厅-16号,12:55-13:50,0,1,可预约,￥0.0,晴,17,13,4,0.0,88,29
2026-05-21 07:53:31,2026-05-21,2,乒乓球厅-16号,12:55-13:50,0,1,可预约,￥0.0,晴,17,12,5,0.0,86,29
2026-05-21 07:56:31,2026-05-21,2,乒乓球厅-16号,12:55-13:50,0,1,可预约,￥0.0,晴,17,12,5,0.0,86,29
2026-05-21 07:59:26,2026-05-21,2,乒乓球厅-16号,12:55-13:50,0,1,可预约,￥0.0,晴,17,12,5,0.0,86,29
2026-05-21 08:00:45,2026-05-21,2,乒乓球厅-16号,12:55-13:50,0,1,可预约,￥0.0,晴,17,12,5,0.0,86,29
2026-05-21 08:02:30,2026-05-21,2,乒乓球厅-16号,12:55-13:50,0,1,可预约,￥0.0,多云,17,12,5,0.0,87,29
2026-05-21 08:05:36,2026-05-21,2,乒乓球厅-16号,12:55-13:50,0,1,可预约,￥0.0,多云,17,12,5,0.0,86,29
2026-05-21 08:08:31,2026-05-21,2,乒乓球厅-16号,12:55-13:50,0,1,可预约,￥0.0,多云,17,12,5,0.0,86,29
2026-05-21 08:11:30,2026-05-21,2,乒乓球厅-16号,12:55-13:50,0,1,可预约,￥0.0,多云,17,12,5,0.0,86,29
2026-05-21 08:14:31,2026-05-21,2,乒乓球厅-16号,12:55-13:50,0,1,可预约,￥0.0,多云,17,12,5,0.0,86,29
2026-05-21 08:17:30,2026-05-21,2,乒乓球厅-16号,12:55-13:50,0,1,可预约,￥0.0,多云,17,12,5,0.0,86,29
2026-05-21 08:20:35,2026-05-21,2,乒乓球厅-16号,12:55-13:50,0,1,可预约,￥0.0,多云,17,14,4,0.0,85,29
2026-05-21 08:25:32,2026-05-21,2,乒乓球厅-16号,12:55-13:50,0,1,可预约,￥0.0,多云,17,14,4,0.0,85,28
2026-05-21 08:30:42,2026-05-21,2,乒乓球厅-16号,12:55-13:50,0,1,可预约,￥0.0,多云,18,15,4,0.0,84,28
2026-05-21 08:35:31,2026-05-21,2,乒乓球厅-16号,12:55-13:50,0,1,可预约,￥0.0,多云,18,15,4,0.0,84,28
2026-05-21 08:40:38,2026-05-21,2,乒乓球厅-16号,12:55-13:50,0,1,可预约,￥0.0,多云,18,15,4,0.0,82,28
2026-05-21 08:45:33,2026-05-21,2,乒乓球厅-16号,12:55-13:50,0,1,可预约,￥0.0,多云,18,15,4,0.0,82,28
2026-05-21 08:50:36,2026-05-21,2,乒乓球厅-16号,12:55-13:50,0,1,可预约,￥0.0,多云,18,15,4,0.0,82,28
2026-05-21 08:55:34,2026-05-21,2,乒乓球厅-16号,12:55-13:50,0,1,可预约,￥0.0,多云,18,15,4,0.0,84,28
2026-05-21 09:00:51,2026-05-21,2,乒乓球厅-16号,12:55-13:50,0,1,可预约,￥0.0,多云,18,15,4,0.0,84,28
2026-05-21 09:01:59,2026-05-21,2,乒乓球厅-16号,12:55-13:50,0,1,可预约,￥0.0,多云,18,15,4,0.0,83,28
2026-05-21 09:05:33,2026-05-21,2,乒乓球厅-16号,12:55-13:50,0,1,可预约,￥0.0,多云,18,15,4,0.0,83,28
2026-05-21 09:20:38,2026-05-21,2,乒乓球厅-16号,12:55-13:50,0,1,可预约,￥0.0,多云,18,16,3,0.0,81,28
2026-05-21 09:30:46,2026-05-21,2,乒乓球厅-16号,12:55-13:50,0,1,可预约,￥0.0,多云,18,16,3,0.0,81,32
2026-05-21 09:40:36,2026-05-21,2,乒乓球厅-16号,12:55-13:50,0,1,可预约,￥0.0,多云,19,17,3,0.0,79,32
2026-05-21 09:50:42,2026-05-21,2,乒乓球厅-16号,12:55-13:50,0,1,可预约,￥0.0,多云,19,17,4,0.0,81,32
2026-05-21 10:00:46,2026-05-21,2,乒乓球厅-16号,12:55-13:50,0,1,可预约,￥0.0,多云,19,17,4,0.0,79,32
2026-05-21 10:10:40,2026-05-21,2,乒乓球厅-16号,12:55-13:50,0,1,可预约,￥0.0,多云,19,17,4,0.0,79,32
2026-05-21 10:20:38,2026-05-21,2,乒乓球厅-16号,12:55-13:50,0,1,可预约,￥0.0,多云,19,17,4,0.0,79,32
2026-05-21 10:30:41,2026-05-21,2,乒乓球厅-16号,12:55-13:50,0,1,可预约,￥0.0,多云,19,18,3,0.0,78,31
2026-05-21 11:00:44,2026-05-21,2,乒乓球厅-16号,12:55-13:50,0,1,可预约,￥0.0,多云,21,17,5,0.0,74,31
2026-05-21 11:30:38,2026-05-21,2,乒乓球厅-16号,12:55-13:50,0,1,可预约,￥0.0,多云,21,19,3,0.0,72,33
2026-05-21 12:00:46,2026-05-21,2,乒乓球厅-16号,12:55-13:50,0,1,可预约,￥0.0,多云,22,19,4,0.0,70,33
2026-05-21 12:30:42,2026-05-21,2,乒乓球厅-16号,12:55-13:50,0,1,可预约,￥0.0,多云,22,21,3,0.0,68,35
2026-05-21 13:00:43,2026-05-21,2,乒乓球厅-16号,12:55-13:50,0,1,可预约,￥0.0,多云,24,22,4,0.0,66,35
2026-05-21 13:30:43,2026-05-21,2,乒乓球厅-16号,12:55-13:50,0,1,可预约,￥0.0,多云,24,22,4,0.0,66,36
2026-05-21 14:00:48,2026-05-21,2,乒乓球厅-16号,12:55-13:50,0,1,不开放/已过期,,多云,25,23,4,0.0,66,36
2026-05-21 14:30:45,2026-05-21,2,乒乓球厅-16号,12:55-13:50,0,1,不开放/已过期,,晴,25,25,3,0.0,65,39
2026-05-21 15:00:45,2026-05-21,2,乒乓球厅-16号,12:55-13:50,0,1,不开放/已过期,,晴,25,22,4,0.0,56,39
2026-05-21 15:30:43,2026-05-21,2,乒乓球厅-16号,12:55-13:50,0,1,不开放/已过期,,晴,25,23,4,0.0,57,40
2026-05-21 16:00:51,2026-05-21,2,乒乓球厅-16号,12:55-13:50,0,1,不开放/已过期,,晴,25,23,4,0.0,57,40
2026-05-21 16:30:48,2026-05-21,2,乒乓球厅-16号,12:55-13:50,0,1,不开放/已过期,,晴,25,24,3,0.0,60,39
2026-05-21 17:00:49,2026-05-21,2,乒乓球厅-16号,12:55-13:50,0,1,不开放/已过期,,晴,25,24,4,0.0,61,39
2026-05-21 17:30:47,2026-05-21,2,乒乓球厅-16号,12:55-13:50,0,1,不开放/已过期,,多云,24,23,3,0.0,64,39
2026-05-21 18:00:50,2026-05-21,2,乒乓球厅-16号,12:55-13:50,0,1,不开放/已过期,,多云,24,23,3,0.0,68,39
2026-05-21 18:30:50,2026-05-21,2,乒乓球厅-16号,12:55-13:50,0,1,不开放/已过期,,阴,24,25,2,0.0,68,40
2026-05-21 19:00:50,2026-05-21,2,乒乓球厅-16号,12:55-13:50,0,1,不开放/已过期,,阴,23,23,3,0.0,76,40
2026-05-21 19:30:46,2026-05-21,2,乒乓球厅-16号,12:55-13:50,0,1,不开放/已过期,,阴,23,24,2,0.0,77,39
2026-05-21 20:00:49,2026-05-21,2,乒乓球厅-16号,12:55-13:50,0,1,不开放/已过期,,雾,22,23,2,0.0,89,39
2026-05-21 20:30:44,2026-05-21,2,乒乓球厅-16号,12:55-13:50,0,1,不开放/已过期,,雾,22,24,2,0.0,93,43
2026-05-21 21:00:56,2026-05-21,2,乒乓球厅-16号,12:55-13:50,0,1,不开放/已过期,,雾,20,21,2,0.0,98,43
2026-05-21 21:30:46,2026-05-21,2,乒乓球厅-16号,12:55-13:50,0,1,不开放/已过期,,雾,20,22,1,0.0,99,41
2026-05-21 22:01:02,2026-05-21,2,乒乓球厅-16号,12:55-13:50,0,1,不开放/已过期,,雾,19,20,2,0.0,93,41
2026-05-21 22:30:47,2026-05-21,2,乒乓球厅-16号,12:55-13:50,0,1,不开放/已过期,,雾,19,19,3,0.0,88,46
2026-05-21 23:00:56,2026-05-21,2,乒乓球厅-16号,12:55-13:50,0,1,不开放/已过期,,多云,18,17,3,0.0,85,46
2026-05-21 23:30:55,2026-05-21,2,乒乓球厅-16号,12:55-13:50,0,1,不开放/已过期,,多云,18,17,3,0.0,85,48
2026-05-21 00:30:49,2026-05-21,2,乒乓球厅-16号,14:00-15:00,0,1,可预约,￥5.0,多云,15,13,3,0.0,100,26
2026-05-21 01:00:55,2026-05-21,2,乒乓球厅-16号,14:00-15:00,0,1,可预约,￥5.0,多云,15,12,4,0.0,100,26
2026-05-21 01:30:47,2026-05-21,2,乒乓球厅-16号,14:00-15:00,0,1,可预约,￥5.0,多云,15,13,4,0.0,100,28
2026-05-21 02:00:53,2026-05-21,2,乒乓球厅-16号,14:00-15:00,0,1,可预约,￥5.0,多云,15,12,4,0.0,100,28
2026-05-21 02:30:49,2026-05-21,2,乒乓球厅-16号,14:00-15:00,0,1,可预约,￥5.0,多云,15,14,3,0.0,100,29
2026-05-21 03:00:55,2026-05-21,2,乒乓球厅-16号,14:00-15:00,0,1,可预约,￥5.0,多云,15,12,4,0.0,100,29
2026-05-21 03:30:49,2026-05-21,2,乒乓球厅-16号,14:00-15:00,0,1,可预约,￥5.0,多云,15,14,3,0.0,100,30
2026-05-21 04:30:45,2026-05-21,2,乒乓球厅-16号,14:00-15:00,0,1,可预约,￥5.0,多云,15,12,4,0.0,100,29
2026-05-21 05:00:52,2026-05-21,2,乒乓球厅-16号,14:00-15:00,0,1,可预约,￥5.0,多云,15,12,4,0.0,100,29
2026-05-21 05:30:49,2026-05-21,2,乒乓球厅-16号,14:00-15:00,0,1,可预约,￥5.0,多云,15,13,3,0.0,100,28
2026-05-21 06:00:50,2026-05-21,2,乒乓球厅-16号,14:00-15:00,0,1,可预约,￥5.0,多云,15,13,4,0.0,99,28
2026-05-21 06:30:38,2026-05-21,2,乒乓球厅-16号,14:00-15:00,0,1,可预约,￥5.0,多云,15,13,3,0.0,97,28
2026-05-21 07:00:43,2026-05-21,2,乒乓球厅-16号,14:00-15:00,0,1,可预约,￥5.0,晴,15,11,5,0.0,93,28
2026-05-21 07:30:39,2026-05-21,2,乒乓球厅-16号,14:00-15:00,0,1,可预约,￥5.0,晴,17,13,4,0.0,89,29
2026-05-21 07:50:40,2026-05-21,2,乒乓球厅-16号,14:00-15:00,0,1,可预约,￥5.0,晴,17,13,4,0.0,88,29
2026-05-21 07:53:31,2026-05-21,2,乒乓球厅-16号,14:00-15:00,0,1,可预约,￥5.0,晴,17,12,5,0.0,86,29
2026-05-21 07:56:31,2026-05-21,2,乒乓球厅-16号,14:00-15:00,0,1,可预约,￥5.0,晴,17,12,5,0.0,86,29
2026-05-21 07:59:26,2026-05-21,2,乒乓球厅-16号,14:00-15:00,0,1,可预约,￥5.0,晴,17,12,5,0.0,86,29
2026-05-21 08:00:45,2026-05-21,2,乒乓球厅-16号,14:00-15:00,0,1,可预约,￥5.0,晴,17,12,5,0.0,86,29
2026-05-21 08:02:30,2026-05-21,2,乒乓球厅-16号,14:00-15:00,0,1,可预约,￥5.0,多云,17,12,5,0.0,87,29
2026-05-21 08:05:36,2026-05-21,2,乒乓球厅-16号,14:00-15:00,0,1,可预约,￥5.0,多云,17,12,5,0.0,86,29
2026-05-21 08:08:31,2026-05-21,2,乒乓球厅-16号,14:00-15:00,0,1,可预约,￥5.0,多云,17,12,5,0.0,86,29
2026-05-21 08:11:30,2026-05-21,2,乒乓球厅-16号,14:00-15:00,0,1,可预约,￥5.0,多云,17,12,5,0.0,86,29
2026-05-21 08:14:31,2026-05-21,2,乒乓球厅-16号,14:00-15:00,0,1,可预约,￥5.0,多云,17,12,5,0.0,86,29
2026-05-21 08:17:30,2026-05-21,2,乒乓球厅-16号,14:00-15:00,0,1,可预约,￥5.0,多云,17,12,5,0.0,86,29
2026-05-21 08:20:35,2026-05-21,2,乒乓球厅-16号,14:00-15:00,0,1,可预约,￥5.0,多云,17,14,4,0.0,85,29
2026-05-21 08:25:32,2026-05-21,2,乒乓球厅-16号,14:00-15:00,0,1,可预约,￥5.0,多云,17,14,4,0.0,85,28
2026-05-21 08:30:42,2026-05-21,2,乒乓球厅-16号,14:00-15:00,0,1,可预约,￥5.0,多云,18,15,4,0.0,84,28
2026-05-21 08:35:31,2026-05-21,2,乒乓球厅-16号,14:00-15:00,0,1,可预约,￥5.0,多云,18,15,4,0.0,84,28
2026-05-21 08:40:38,2026-05-21,2,乒乓球厅-16号,14:00-15:00,0,1,可预约,￥5.0,多云,18,15,4,0.0,82,28
2026-05-21 08:45:33,2026-05-21,2,乒乓球厅-16号,14:00-15:00,0,1,可预约,￥5.0,多云,18,15,4,0.0,82,28
2026-05-21 08:50:36,2026-05-21,2,乒乓球厅-16号,14:00-15:00,0,1,可预约,￥5.0,多云,18,15,4,0.0,82,28
2026-05-21 08:55:34,2026-05-21,2,乒乓球厅-16号,14:00-15:00,0,1,可预约,￥5.0,多云,18,15,4,0.0,84,28
2026-05-21 09:00:51,2026-05-21,2,乒乓球厅-16号,14:00-15:00,0,1,可预约,￥5.0,多云,18,15,4,0.0,84,28
2026-05-21 09:01:59,2026-05-21,2,乒乓球厅-16号,14:00-15:00,0,1,可预约,￥5.0,多云,18,15,4,0.0,83,28
2026-05-21 09:05:33,2026-05-21,2,乒乓球厅-16号,14:00-15:00,0,1,可预约,￥5.0,多云,18,15,4,0.0,83,28
2026-05-21 09:20:38,2026-05-21,2,乒乓球厅-16号,14:00-15:00,0,1,可预约,￥5.0,多云,18,16,3,0.0,81,28
2026-05-21 09:30:46,2026-05-21,2,乒乓球厅-16号,14:00-15:00,0,1,可预约,￥5.0,多云,18,16,3,0.0,81,32
2026-05-21 09:40:36,2026-05-21,2,乒乓球厅-16号,14:00-15:00,0,1,可预约,￥5.0,多云,19,17,3,0.0,79,32
2026-05-21 09:50:42,2026-05-21,2,乒乓球厅-16号,14:00-15:00,0,1,可预约,￥5.0,多云,19,17,4,0.0,81,32
2026-05-21 10:00:46,2026-05-21,2,乒乓球厅-16号,14:00-15:00,0,1,可预约,￥5.0,多云,19,17,4,0.0,79,32
2026-05-21 10:10:40,2026-05-21,2,乒乓球厅-16号,14:00-15:00,0,1,可预约,￥5.0,多云,19,17,4,0.0,79,32
2026-05-21 10:20:38,2026-05-21,2,乒乓球厅-16号,14:00-15:00,0,1,可预约,￥5.0,多云,19,17,4,0.0,79,32
2026-05-21 10:30:41,2026-05-21,2,乒乓球厅-16号,14:00-15:00,0,1,可预约,￥5.0,多云,19,18,3,0.0,78,31
2026-05-21 11:00:44,2026-05-21,2,乒乓球厅-16号,14:00-15:00,0,1,可预约,￥5.0,多云,21,17,5,0.0,74,31
2026-05-21 11:30:38,2026-05-21,2,乒乓球厅-16号,14:00-15:00,0,1,可预约,￥5.0,多云,21,19,3,0.0,72,33
2026-05-21 12:00:46,2026-05-21,2,乒乓球厅-16号,14:00-15:00,0,1,可预约,￥5.0,多云,22,19,4,0.0,70,33
2026-05-21 12:30:42,2026-05-21,2,乒乓球厅-16号,14:00-15:00,0,1,可预约,￥5.0,多云,22,21,3,0.0,68,35
2026-05-21 13:00:43,2026-05-21,2,乒乓球厅-16号,14:00-15:00,0,1,可预约,￥5.0,多云,24,22,4,0.0,66,35
2026-05-21 13:30:43,2026-05-21,2,乒乓球厅-16号,14:00-15:00,0,1,可预约,￥5.0,多云,24,22,4,0.0,66,36
2026-05-21 14:00:48,2026-05-21,2,乒乓球厅-16号,14:00-15:00,0,1,可预约,￥5.0,多云,25,23,4,0.0,66,36
2026-05-21 14:30:45,2026-05-21,2,乒乓球厅-16号,14:00-15:00,0,1,可预约,￥5.0,晴,25,25,3,0.0,65,39
2026-05-21 15:00:45,2026-05-21,2,乒乓球厅-16号,14:00-15:00,0,1,不开放/已过期,,晴,25,22,4,0.0,56,39
2026-05-21 15:30:43,2026-05-21,2,乒乓球厅-16号,14:00-15:00,0,1,不开放/已过期,,晴,25,23,4,0.0,57,40
2026-05-21 16:00:51,2026-05-21,2,乒乓球厅-16号,14:00-15:00,0,1,不开放/已过期,,晴,25,23,4,0.0,57,40
2026-05-21 16:30:48,2026-05-21,2,乒乓球厅-16号,14:00-15:00,0,1,不开放/已过期,,晴,25,24,3,0.0,60,39
2026-05-21 17:00:49,2026-05-21,2,乒乓球厅-16号,14:00-15:00,0,1,不开放/已过期,,晴,25,24,4,0.0,61,39
2026-05-21 17:30:47,2026-05-21,2,乒乓球厅-16号,14:00-15:00,0,1,不开放/已过期,,多云,24,23,3,0.0,64,39
2026-05-21 18:00:50,2026-05-21,2,乒乓球厅-16号,14:00-15:00,0,1,不开放/已过期,,多云,24,23,3,0.0,68,39
2026-05-21 18:30:50,2026-05-21,2,乒乓球厅-16号,14:00-15:00,0,1,不开放/已过期,,阴,24,25,2,0.0,68,40
2026-05-21 19:00:50,2026-05-21,2,乒乓球厅-16号,14:00-15:00,0,1,不开放/已过期,,阴,23,23,3,0.0,76,40
2026-05-21 19:30:46,2026-05-21,2,乒乓球厅-16号,14:00-15:00,0,1,不开放/已过期,,阴,23,24,2,0.0,77,39
2026-05-21 20:00:49,2026-05-21,2,乒乓球厅-16号,14:00-15:00,0,1,不开放/已过期,,雾,22,23,2,0.0,89,39
2026-05-21 20:30:44,2026-05-21,2,乒乓球厅-16号,14:00-15:00,0,1,不开放/已过期,,雾,22,24,2,0.0,93,43
2026-05-21 21:00:56,2026-05-21,2,乒乓球厅-16号,14:00-15:00,0,1,不开放/已过期,,雾,20,21,2,0.0,98,43
2026-05-21 21:30:46,2026-05-21,2,乒乓球厅-16号,14:00-15:00,0,1,不开放/已过期,,雾,20,22,1,0.0,99,41
2026-05-21 22:01:02,2026-05-21,2,乒乓球厅-16号,14:00-15:00,0,1,不开放/已过期,,雾,19,20,2,0.0,93,41
2026-05-21 22:30:47,2026-05-21,2,乒乓球厅-16号,14:00-15:00,0,1,不开放/已过期,,雾,19,19,3,0.0,88,46
2026-05-21 23:00:56,2026-05-21,2,乒乓球厅-16号,14:00-15:00,0,1,不开放/已过期,,多云,18,17,3,0.0,85,46
2026-05-21 23:30:55,2026-05-21,2,乒乓球厅-16号,14:00-15:00,0,1,不开放/已过期,,多云,18,17,3,0.0,85,48
2026-05-21 00:30:49,2026-05-21,2,乒乓球厅-16号,15:00-16:00,0,1,可预约,￥5.0,多云,15,13,3,0.0,100,26
2026-05-21 01:00:55,2026-05-21,2,乒乓球厅-16号,15:00-16:00,0,1,可预约,￥5.0,多云,15,12,4,0.0,100,26
2026-05-21 01:30:47,2026-05-21,2,乒乓球厅-16号,15:00-16:00,0,1,可预约,￥5.0,多云,15,13,4,0.0,100,28
2026-05-21 02:00:53,2026-05-21,2,乒乓球厅-16号,15:00-16:00,0,1,可预约,￥5.0,多云,15,12,4,0.0,100,28
2026-05-21 02:30:49,2026-05-21,2,乒乓球厅-16号,15:00-16:00,0,1,可预约,￥5.0,多云,15,14,3,0.0,100,29
2026-05-21 03:00:55,2026-05-21,2,乒乓球厅-16号,15:00-16:00,0,1,可预约,￥5.0,多云,15,12,4,0.0,100,29
2026-05-21 03:30:49,2026-05-21,2,乒乓球厅-16号,15:00-16:00,0,1,可预约,￥5.0,多云,15,14,3,0.0,100,30
2026-05-21 04:30:45,2026-05-21,2,乒乓球厅-16号,15:00-16:00,0,1,可预约,￥5.0,多云,15,12,4,0.0,100,29
2026-05-21 05:00:52,2026-05-21,2,乒乓球厅-16号,15:00-16:00,0,1,可预约,￥5.0,多云,15,12,4,0.0,100,29
2026-05-21 05:30:49,2026-05-21,2,乒乓球厅-16号,15:00-16:00,0,1,可预约,￥5.0,多云,15,13,3,0.0,100,28
2026-05-21 06:00:50,2026-05-21,2,乒乓球厅-16号,15:00-16:00,0,1,可预约,￥5.0,多云,15,13,4,0.0,99,28
2026-05-21 06:30:38,2026-05-21,2,乒乓球厅-16号,15:00-16:00,0,1,可预约,￥5.0,多云,15,13,3,0.0,97,28
2026-05-21 07:00:43,2026-05-21,2,乒乓球厅-16号,15:00-16:00,0,1,可预约,￥5.0,晴,15,11,5,0.0,93,28
2026-05-21 07:30:39,2026-05-21,2,乒乓球厅-16号,15:00-16:00,0,1,可预约,￥5.0,晴,17,13,4,0.0,89,29
2026-05-21 07:50:40,2026-05-21,2,乒乓球厅-16号,15:00-16:00,0,1,可预约,￥5.0,晴,17,13,4,0.0,88,29
2026-05-21 07:53:31,2026-05-21,2,乒乓球厅-16号,15:00-16:00,0,1,可预约,￥5.0,晴,17,12,5,0.0,86,29
2026-05-21 07:56:31,2026-05-21,2,乒乓球厅-16号,15:00-16:00,0,1,可预约,￥5.0,晴,17,12,5,0.0,86,29
2026-05-21 07:59:26,2026-05-21,2,乒乓球厅-16号,15:00-16:00,0,1,可预约,￥5.0,晴,17,12,5,0.0,86,29
2026-05-21 08:00:45,2026-05-21,2,乒乓球厅-16号,15:00-16:00,0,1,可预约,￥5.0,晴,17,12,5,0.0,86,29
2026-05-21 08:02:30,2026-05-21,2,乒乓球厅-16号,15:00-16:00,0,1,可预约,￥5.0,多云,17,12,5,0.0,87,29
2026-05-21 08:05:36,2026-05-21,2,乒乓球厅-16号,15:00-16:00,0,1,可预约,￥5.0,多云,17,12,5,0.0,86,29
2026-05-21 08:08:31,2026-05-21,2,乒乓球厅-16号,15:00-16:00,0,1,可预约,￥5.0,多云,17,12,5,0.0,86,29
2026-05-21 08:11:30,2026-05-21,2,乒乓球厅-16号,15:00-16:00,0,1,可预约,￥5.0,多云,17,12,5,0.0,86,29
2026-05-21 08:14:31,2026-05-21,2,乒乓球厅-16号,15:00-16:00,0,1,可预约,￥5.0,多云,17,12,5,0.0,86,29
2026-05-21 08:17:30,2026-05-21,2,乒乓球厅-16号,15:00-16:00,0,1,可预约,￥5.0,多云,17,12,5,0.0,86,29
2026-05-21 08:20:35,2026-05-21,2,乒乓球厅-16号,15:00-16:00,0,1,可预约,￥5.0,多云,17,14,4,0.0,85,29
2026-05-21 08:25:32,2026-05-21,2,乒乓球厅-16号,15:00-16:00,0,1,可预约,￥5.0,多云,17,14,4,0.0,85,28
2026-05-21 08:30:42,2026-05-21,2,乒乓球厅-16号,15:00-16:00,0,1,可预约,￥5.0,多云,18,15,4,0.0,84,28
2026-05-21 08:35:31,2026-05-21,2,乒乓球厅-16号,15:00-16:00,0,1,可预约,￥5.0,多云,18,15,4,0.0,84,28
2026-05-21 08:40:38,2026-05-21,2,乒乓球厅-16号,15:00-16:00,0,1,可预约,￥5.0,多云,18,15,4,0.0,82,28
2026-05-21 08:45:33,2026-05-21,2,乒乓球厅-16号,15:00-16:00,0,1,可预约,￥5.0,多云,18,15,4,0.0,82,28
2026-05-21 08:50:36,2026-05-21,2,乒乓球厅-16号,15:00-16:00,0,1,可预约,￥5.0,多云,18,15,4,0.0,82,28
2026-05-21 08:55:34,2026-05-21,2,乒乓球厅-16号,15:00-16:00,0,1,可预约,￥5.0,多云,18,15,4,0.0,84,28
2026-05-21 09:00:51,2026-05-21,2,乒乓球厅-16号,15:00-16:00,0,1,可预约,￥5.0,多云,18,15,4,0.0,84,28
2026-05-21 09:01:59,2026-05-21,2,乒乓球厅-16号,15:00-16:00,0,1,可预约,￥5.0,多云,18,15,4,0.0,83,28
2026-05-21 09:05:33,2026-05-21,2,乒乓球厅-16号,15:00-16:00,0,1,可预约,￥5.0,多云,18,15,4,0.0,83,28
2026-05-21 09:20:38,2026-05-21,2,乒乓球厅-16号,15:00-16:00,0,1,可预约,￥5.0,多云,18,16,3,0.0,81,28
2026-05-21 09:30:46,2026-05-21,2,乒乓球厅-16号,15:00-16:00,0,1,可预约,￥5.0,多云,18,16,3,0.0,81,32
2026-05-21 09:40:36,2026-05-21,2,乒乓球厅-16号,15:00-16:00,0,1,可预约,￥5.0,多云,19,17,3,0.0,79,32
2026-05-21 09:50:42,2026-05-21,2,乒乓球厅-16号,15:00-16:00,0,1,可预约,￥5.0,多云,19,17,4,0.0,81,32
2026-05-21 10:00:46,2026-05-21,2,乒乓球厅-16号,15:00-16:00,0,1,可预约,￥5.0,多云,19,17,4,0.0,79,32
2026-05-21 10:10:40,2026-05-21,2,乒乓球厅-16号,15:00-16:00,0,1,可预约,￥5.0,多云,19,17,4,0.0,79,32
2026-05-21 10:20:38,2026-05-21,2,乒乓球厅-16号,15:00-16:00,0,1,可预约,￥5.0,多云,19,17,4,0.0,79,32
2026-05-21 10:30:41,2026-05-21,2,乒乓球厅-16号,15:00-16:00,0,1,可预约,￥5.0,多云,19,18,3,0.0,78,31
2026-05-21 11:00:44,2026-05-21,2,乒乓球厅-16号,15:00-16:00,0,1,可预约,￥5.0,多云,21,17,5,0.0,74,31
2026-05-21 11:30:38,2026-05-21,2,乒乓球厅-16号,15:00-16:00,0,1,可预约,￥5.0,多云,21,19,3,0.0,72,33
2026-05-21 12:00:46,2026-05-21,2,乒乓球厅-16号,15:00-16:00,0,1,可预约,￥5.0,多云,22,19,4,0.0,70,33
2026-05-21 12:30:42,2026-05-21,2,乒乓球厅-16号,15:00-16:00,0,1,可预约,￥5.0,多云,22,21,3,0.0,68,35
2026-05-21 13:00:43,2026-05-21,2,乒乓球厅-16号,15:00-16:00,0,1,可预约,￥5.0,多云,24,22,4,0.0,66,35
2026-05-21 13:30:43,2026-05-21,2,乒乓球厅-16号,15:00-16:00,0,1,可预约,￥5.0,多云,24,22,4,0.0,66,36
2026-05-21 14:00:48,2026-05-21,2,乒乓球厅-16号,15:00-16:00,0,1,可预约,￥5.0,多云,25,23,4,0.0,66,36
2026-05-21 14:30:45,2026-05-21,2,乒乓球厅-16号,15:00-16:00,0,1,可预约,￥5.0,晴,25,25,3,0.0,65,39
2026-05-21 15:00:45,2026-05-21,2,乒乓球厅-16号,15:00-16:00,0,1,可预约,￥5.0,晴,25,22,4,0.0,56,39
2026-05-21 15:30:43,2026-05-21,2,乒乓球厅-16号,15:00-16:00,0,1,可预约,￥5.0,晴,25,23,4,0.0,57,40
2026-05-21 16:00:51,2026-05-21,2,乒乓球厅-16号,15:00-16:00,0,1,不开放/已过期,,晴,25,23,4,0.0,57,40
2026-05-21 16:30:48,2026-05-21,2,乒乓球厅-16号,15:00-16:00,0,1,不开放/已过期,,晴,25,24,3,0.0,60,39
2026-05-21 17:00:49,2026-05-21,2,乒乓球厅-16号,15:00-16:00,0,1,不开放/已过期,,晴,25,24,4,0.0,61,39
2026-05-21 17:30:47,2026-05-21,2,乒乓球厅-16号,15:00-16:00,0,1,不开放/已过期,,多云,24,23,3,0.0,64,39
2026-05-21 18:00:50,2026-05-21,2,乒乓球厅-16号,15:00-16:00,0,1,不开放/已过期,,多云,24,23,3,0.0,68,39
2026-05-21 18:30:50,2026-05-21,2,乒乓球厅-16号,15:00-16:00,0,1,不开放/已过期,,阴,24,25,2,0.0,68,40
2026-05-21 19:00:50,2026-05-21,2,乒乓球厅-16号,15:00-16:00,0,1,不开放/已过期,,阴,23,23,3,0.0,76,40
2026-05-21 19:30:46,2026-05-21,2,乒乓球厅-16号,15:00-16:00,0,1,不开放/已过期,,阴,23,24,2,0.0,77,39
2026-05-21 20:00:49,2026-05-21,2,乒乓球厅-16号,15:00-16:00,0,1,不开放/已过期,,雾,22,23,2,0.0,89,39
2026-05-21 20:30:44,2026-05-21,2,乒乓球厅-16号,15:00-16:00,0,1,不开放/已过期,,雾,22,24,2,0.0,93,43
2026-05-21 21:00:56,2026-05-21,2,乒乓球厅-16号,15:00-16:00,0,1,不开放/已过期,,雾,20,21,2,0.0,98,43
2026-05-21 21:30:46,2026-05-21,2,乒乓球厅-16号,15:00-16:00,0,1,不开放/已过期,,雾,20,22,1,0.0,99,41
2026-05-21 22:01:02,2026-05-21,2,乒乓球厅-16号,15:00-16:00,0,1,不开放/已过期,,雾,19,20,2,0.0,93,41
2026-05-21 22:30:47,2026-05-21,2,乒乓球厅-16号,15:00-16:00,0,1,不开放/已过期,,雾,19,19,3,0.0,88,46
2026-05-21 23:00:56,2026-05-21,2,乒乓球厅-16号,15:00-16:00,0,1,不开放/已过期,,多云,18,17,3,0.0,85,46
2026-05-21 23:30:55,2026-05-21,2,乒乓球厅-16号,15:00-16:00,0,1,不开放/已过期,,多云,18,17,3,0.0,85,48
2026-05-21 00:30:49,2026-05-21,2,乒乓球厅-16号,16:00-17:00,0,1,可预约,￥5.0,多云,15,13,3,0.0,100,26
2026-05-21 01:00:55,2026-05-21,2,乒乓球厅-16号,16:00-17:00,0,1,可预约,￥5.0,多云,15,12,4,0.0,100,26
2026-05-21 01:30:47,2026-05-21,2,乒乓球厅-16号,16:00-17:00,0,1,可预约,￥5.0,多云,15,13,4,0.0,100,28
2026-05-21 02:00:53,2026-05-21,2,乒乓球厅-16号,16:00-17:00,0,1,可预约,￥5.0,多云,15,12,4,0.0,100,28
2026-05-21 02:30:49,2026-05-21,2,乒乓球厅-16号,16:00-17:00,0,1,可预约,￥5.0,多云,15,14,3,0.0,100,29
2026-05-21 03:00:55,2026-05-21,2,乒乓球厅-16号,16:00-17:00,0,1,可预约,￥5.0,多云,15,12,4,0.0,100,29
2026-05-21 03:30:49,2026-05-21,2,乒乓球厅-16号,16:00-17:00,0,1,可预约,￥5.0,多云,15,14,3,0.0,100,30
2026-05-21 04:30:45,2026-05-21,2,乒乓球厅-16号,16:00-17:00,0,1,可预约,￥5.0,多云,15,12,4,0.0,100,29
2026-05-21 05:00:52,2026-05-21,2,乒乓球厅-16号,16:00-17:00,0,1,可预约,￥5.0,多云,15,12,4,0.0,100,29
2026-05-21 05:30:49,2026-05-21,2,乒乓球厅-16号,16:00-17:00,0,1,可预约,￥5.0,多云,15,13,3,0.0,100,28
2026-05-21 06:00:50,2026-05-21,2,乒乓球厅-16号,16:00-17:00,0,1,可预约,￥5.0,多云,15,13,4,0.0,99,28
2026-05-21 06:30:38,2026-05-21,2,乒乓球厅-16号,16:00-17:00,0,1,可预约,￥5.0,多云,15,13,3,0.0,97,28
2026-05-21 07:00:43,2026-05-21,2,乒乓球厅-16号,16:00-17:00,0,1,可预约,￥5.0,晴,15,11,5,0.0,93,28
2026-05-21 07:30:39,2026-05-21,2,乒乓球厅-16号,16:00-17:00,0,1,可预约,￥5.0,晴,17,13,4,0.0,89,29
2026-05-21 07:50:40,2026-05-21,2,乒乓球厅-16号,16:00-17:00,0,1,可预约,￥5.0,晴,17,13,4,0.0,88,29
2026-05-21 07:53:31,2026-05-21,2,乒乓球厅-16号,16:00-17:00,0,1,可预约,￥5.0,晴,17,12,5,0.0,86,29
2026-05-21 07:56:31,2026-05-21,2,乒乓球厅-16号,16:00-17:00,0,1,可预约,￥5.0,晴,17,12,5,0.0,86,29
2026-05-21 07:59:26,2026-05-21,2,乒乓球厅-16号,16:00-17:00,0,1,可预约,￥5.0,晴,17,12,5,0.0,86,29
2026-05-21 08:00:45,2026-05-21,2,乒乓球厅-16号,16:00-17:00,0,1,可预约,￥5.0,晴,17,12,5,0.0,86,29
2026-05-21 08:02:30,2026-05-21,2,乒乓球厅-16号,16:00-17:00,0,1,可预约,￥5.0,多云,17,12,5,0.0,87,29
2026-05-21 08:05:36,2026-05-21,2,乒乓球厅-16号,16:00-17:00,0,1,可预约,￥5.0,多云,17,12,5,0.0,86,29
2026-05-21 08:08:31,2026-05-21,2,乒乓球厅-16号,16:00-17:00,0,1,可预约,￥5.0,多云,17,12,5,0.0,86,29
2026-05-21 08:11:30,2026-05-21,2,乒乓球厅-16号,16:00-17:00,0,1,可预约,￥5.0,多云,17,12,5,0.0,86,29
2026-05-21 08:14:31,2026-05-21,2,乒乓球厅-16号,16:00-17:00,0,1,可预约,￥5.0,多云,17,12,5,0.0,86,29
2026-05-21 08:17:30,2026-05-21,2,乒乓球厅-16号,16:00-17:00,0,1,可预约,￥5.0,多云,17,12,5,0.0,86,29
2026-05-21 08:20:35,2026-05-21,2,乒乓球厅-16号,16:00-17:00,0,1,可预约,￥5.0,多云,17,14,4,0.0,85,29
2026-05-21 08:25:32,2026-05-21,2,乒乓球厅-16号,16:00-17:00,0,1,可预约,￥5.0,多云,17,14,4,0.0,85,28
2026-05-21 08:30:42,2026-05-21,2,乒乓球厅-16号,16:00-17:00,0,1,可预约,￥5.0,多云,18,15,4,0.0,84,28
2026-05-21 08:35:31,2026-05-21,2,乒乓球厅-16号,16:00-17:00,0,1,可预约,￥5.0,多云,18,15,4,0.0,84,28
2026-05-21 08:40:38,2026-05-21,2,乒乓球厅-16号,16:00-17:00,0,1,可预约,￥5.0,多云,18,15,4,0.0,82,28
2026-05-21 08:45:33,2026-05-21,2,乒乓球厅-16号,16:00-17:00,0,1,可预约,￥5.0,多云,18,15,4,0.0,82,28
2026-05-21 08:50:36,2026-05-21,2,乒乓球厅-16号,16:00-17:00,0,1,可预约,￥5.0,多云,18,15,4,0.0,82,28
2026-05-21 08:55:34,2026-05-21,2,乒乓球厅-16号,16:00-17:00,0,1,可预约,￥5.0,多云,18,15,4,0.0,84,28
2026-05-21 09:00:51,2026-05-21,2,乒乓球厅-16号,16:00-17:00,0,1,可预约,￥5.0,多云,18,15,4,0.0,84,28
2026-05-21 09:01:59,2026-05-21,2,乒乓球厅-16号,16:00-17:00,0,1,可预约,￥5.0,多云,18,15,4,0.0,83,28
2026-05-21 09:05:33,2026-05-21,2,乒乓球厅-16号,16:00-17:00,0,1,可预约,￥5.0,多云,18,15,4,0.0,83,28
2026-05-21 09:20:38,2026-05-21,2,乒乓球厅-16号,16:00-17:00,0,1,可预约,￥5.0,多云,18,16,3,0.0,81,28
2026-05-21 09:30:46,2026-05-21,2,乒乓球厅-16号,16:00-17:00,0,1,可预约,￥5.0,多云,18,16,3,0.0,81,32
2026-05-21 09:40:36,2026-05-21,2,乒乓球厅-16号,16:00-17:00,0,1,可预约,￥5.0,多云,19,17,3,0.0,79,32
2026-05-21 09:50:42,2026-05-21,2,乒乓球厅-16号,16:00-17:00,0,1,可预约,￥5.0,多云,19,17,4,0.0,81,32
2026-05-21 10:00:46,2026-05-21,2,乒乓球厅-16号,16:00-17:00,0,1,可预约,￥5.0,多云,19,17,4,0.0,79,32
2026-05-21 10:10:40,2026-05-21,2,乒乓球厅-16号,16:00-17:00,0,1,可预约,￥5.0,多云,19,17,4,0.0,79,32
2026-05-21 10:20:38,2026-05-21,2,乒乓球厅-16号,16:00-17:00,0,1,可预约,￥5.0,多云,19,17,4,0.0,79,32
2026-05-21 10:30:41,2026-05-21,2,乒乓球厅-16号,16:00-17:00,0,1,可预约,￥5.0,多云,19,18,3,0.0,78,31
2026-05-21 11:00:44,2026-05-21,2,乒乓球厅-16号,16:00-17:00,0,1,可预约,￥5.0,多云,21,17,5,0.0,74,31
2026-05-21 11:30:38,2026-05-21,2,乒乓球厅-16号,16:00-17:00,0,1,可预约,￥5.0,多云,21,19,3,0.0,72,33
2026-05-21 12:00:46,2026-05-21,2,乒乓球厅-16号,16:00-17:00,0,1,可预约,￥5.0,多云,22,19,4,0.0,70,33
2026-05-21 12:30:42,2026-05-21,2,乒乓球厅-16号,16:00-17:00,0,1,可预约,￥5.0,多云,22,21,3,0.0,68,35
2026-05-21 13:00:43,2026-05-21,2,乒乓球厅-16号,16:00-17:00,0,1,可预约,￥5.0,多云,24,22,4,0.0,66,35
2026-05-21 13:30:43,2026-05-21,2,乒乓球厅-16号,16:00-17:00,0,1,可预约,￥5.0,多云,24,22,4,0.0,66,36
2026-05-21 14:00:48,2026-05-21,2,乒乓球厅-16号,16:00-17:00,0,1,可预约,￥5.0,多云,25,23,4,0.0,66,36
2026-05-21 14:30:45,2026-05-21,2,乒乓球厅-16号,16:00-17:00,0,1,可预约,￥5.0,晴,25,25,3,0.0,65,39
2026-05-21 15:00:45,2026-05-21,2,乒乓球厅-16号,16:00-17:00,0,1,可预约,￥5.0,晴,25,22,4,0.0,56,39
2026-05-21 15:30:43,2026-05-21,2,乒乓球厅-16号,16:00-17:00,0,1,可预约,￥5.0,晴,25,23,4,0.0,57,40
2026-05-21 16:00:51,2026-05-21,2,乒乓球厅-16号,16:00-17:00,0,1,可预约,￥5.0,晴,25,23,4,0.0,57,40
2026-05-21 16:30:48,2026-05-21,2,乒乓球厅-16号,16:00-17:00,0,1,可预约,￥5.0,晴,25,24,3,0.0,60,39
2026-05-21 17:00:49,2026-05-21,2,乒乓球厅-16号,16:00-17:00,0,1,不开放/已过期,,晴,25,24,4,0.0,61,39
2026-05-21 17:30:47,2026-05-21,2,乒乓球厅-16号,16:00-17:00,0,1,不开放/已过期,,多云,24,23,3,0.0,64,39
2026-05-21 18:00:50,2026-05-21,2,乒乓球厅-16号,16:00-17:00,0,1,不开放/已过期,,多云,24,23,3,0.0,68,39
2026-05-21 18:30:50,2026-05-21,2,乒乓球厅-16号,16:00-17:00,0,1,不开放/已过期,,阴,24,25,2,0.0,68,40
2026-05-21 19:00:50,2026-05-21,2,乒乓球厅-16号,16:00-17:00,0,1,不开放/已过期,,阴,23,23,3,0.0,76,40
2026-05-21 19:30:46,2026-05-21,2,乒乓球厅-16号,16:00-17:00,0,1,不开放/已过期,,阴,23,24,2,0.0,77,39
2026-05-21 20:00:49,2026-05-21,2,乒乓球厅-16号,16:00-17:00,0,1,不开放/已过期,,雾,22,23,2,0.0,89,39
2026-05-21 20:30:44,2026-05-21,2,乒乓球厅-16号,16:00-17:00,0,1,不开放/已过期,,雾,22,24,2,0.0,93,43
2026-05-21 21:00:56,2026-05-21,2,乒乓球厅-16号,16:00-17:00,0,1,不开放/已过期,,雾,20,21,2,0.0,98,43
2026-05-21 21:30:46,2026-05-21,2,乒乓球厅-16号,16:00-17:00,0,1,不开放/已过期,,雾,20,22,1,0.0,99,41
2026-05-21 22:01:02,2026-05-21,2,乒乓球厅-16号,16:00-17:00,0,1,不开放/已过期,,雾,19,20,2,0.0,93,41
2026-05-21 22:30:47,2026-05-21,2,乒乓球厅-16号,16:00-17:00,0,1,不开放/已过期,,雾,19,19,3,0.0,88,46
2026-05-21 23:00:56,2026-05-21,2,乒乓球厅-16号,16:00-17:00,0,1,不开放/已过期,,多云,18,17,3,0.0,85,46
2026-05-21 23:30:55,2026-05-21,2,乒乓球厅-16号,16:00-17:00,0,1,不开放/已过期,,多云,18,17,3,0.0,85,48
2026-05-21 00:30:49,2026-05-21,2,乒乓球厅-16号,17:00-18:00,0,1,可预约,￥5.0,多云,15,13,3,0.0,100,26
2026-05-21 01:00:55,2026-05-21,2,乒乓球厅-16号,17:00-18:00,0,1,可预约,￥5.0,多云,15,12,4,0.0,100,26
2026-05-21 01:30:47,2026-05-21,2,乒乓球厅-16号,17:00-18:00,0,1,可预约,￥5.0,多云,15,13,4,0.0,100,28
2026-05-21 02:00:53,2026-05-21,2,乒乓球厅-16号,17:00-18:00,0,1,可预约,￥5.0,多云,15,12,4,0.0,100,28
2026-05-21 02:30:49,2026-05-21,2,乒乓球厅-16号,17:00-18:00,0,1,可预约,￥5.0,多云,15,14,3,0.0,100,29
2026-05-21 03:00:55,2026-05-21,2,乒乓球厅-16号,17:00-18:00,0,1,可预约,￥5.0,多云,15,12,4,0.0,100,29
2026-05-21 03:30:49,2026-05-21,2,乒乓球厅-16号,17:00-18:00,0,1,可预约,￥5.0,多云,15,14,3,0.0,100,30
2026-05-21 04:30:45,2026-05-21,2,乒乓球厅-16号,17:00-18:00,0,1,可预约,￥5.0,多云,15,12,4,0.0,100,29
2026-05-21 05:00:52,2026-05-21,2,乒乓球厅-16号,17:00-18:00,0,1,可预约,￥5.0,多云,15,12,4,0.0,100,29
2026-05-21 05:30:49,2026-05-21,2,乒乓球厅-16号,17:00-18:00,0,1,可预约,￥5.0,多云,15,13,3,0.0,100,28
2026-05-21 06:00:50,2026-05-21,2,乒乓球厅-16号,17:00-18:00,0,1,可预约,￥5.0,多云,15,13,4,0.0,99,28
2026-05-21 06:30:38,2026-05-21,2,乒乓球厅-16号,17:00-18:00,0,1,可预约,￥5.0,多云,15,13,3,0.0,97,28
2026-05-21 07:00:43,2026-05-21,2,乒乓球厅-16号,17:00-18:00,0,1,可预约,￥5.0,晴,15,11,5,0.0,93,28
2026-05-21 07:30:39,2026-05-21,2,乒乓球厅-16号,17:00-18:00,0,1,可预约,￥5.0,晴,17,13,4,0.0,89,29
2026-05-21 07:50:40,2026-05-21,2,乒乓球厅-16号,17:00-18:00,0,1,可预约,￥5.0,晴,17,13,4,0.0,88,29
2026-05-21 07:53:31,2026-05-21,2,乒乓球厅-16号,17:00-18:00,0,1,可预约,￥5.0,晴,17,12,5,0.0,86,29
2026-05-21 07:56:31,2026-05-21,2,乒乓球厅-16号,17:00-18:00,0,1,可预约,￥5.0,晴,17,12,5,0.0,86,29
2026-05-21 07:59:26,2026-05-21,2,乒乓球厅-16号,17:00-18:00,0,1,可预约,￥5.0,晴,17,12,5,0.0,86,29
2026-05-21 08:00:45,2026-05-21,2,乒乓球厅-16号,17:00-18:00,0,1,可预约,￥5.0,晴,17,12,5,0.0,86,29
2026-05-21 08:02:30,2026-05-21,2,乒乓球厅-16号,17:00-18:00,0,1,可预约,￥5.0,多云,17,12,5,0.0,87,29
2026-05-21 08:05:36,2026-05-21,2,乒乓球厅-16号,17:00-18:00,0,1,可预约,￥5.0,多云,17,12,5,0.0,86,29
2026-05-21 08:08:31,2026-05-21,2,乒乓球厅-16号,17:00-18:00,0,1,可预约,￥5.0,多云,17,12,5,0.0,86,29
2026-05-21 08:11:30,2026-05-21,2,乒乓球厅-16号,17:00-18:00,0,1,可预约,￥5.0,多云,17,12,5,0.0,86,29
2026-05-21 08:14:31,2026-05-21,2,乒乓球厅-16号,17:00-18:00,0,1,可预约,￥5.0,多云,17,12,5,0.0,86,29
2026-05-21 08:17:30,2026-05-21,2,乒乓球厅-16号,17:00-18:00,0,1,可预约,￥5.0,多云,17,12,5,0.0,86,29
2026-05-21 08:20:35,2026-05-21,2,乒乓球厅-16号,17:00-18:00,0,1,可预约,￥5.0,多云,17,14,4,0.0,85,29
2026-05-21 08:25:32,2026-05-21,2,乒乓球厅-16号,17:00-18:00,0,1,可预约,￥5.0,多云,17,14,4,0.0,85,28
2026-05-21 08:30:42,2026-05-21,2,乒乓球厅-16号,17:00-18:00,0,1,可预约,￥5.0,多云,18,15,4,0.0,84,28
2026-05-21 08:35:31,2026-05-21,2,乒乓球厅-16号,17:00-18:00,0,1,可预约,￥5.0,多云,18,15,4,0.0,84,28
2026-05-21 08:40:38,2026-05-21,2,乒乓球厅-16号,17:00-18:00,0,1,可预约,￥5.0,多云,18,15,4,0.0,82,28
2026-05-21 08:45:33,2026-05-21,2,乒乓球厅-16号,17:00-18:00,0,1,可预约,￥5.0,多云,18,15,4,0.0,82,28
2026-05-21 08:50:36,2026-05-21,2,乒乓球厅-16号,17:00-18:00,0,1,可预约,￥5.0,多云,18,15,4,0.0,82,28
2026-05-21 08:55:34,2026-05-21,2,乒乓球厅-16号,17:00-18:00,0,1,可预约,￥5.0,多云,18,15,4,0.0,84,28
2026-05-21 09:00:51,2026-05-21,2,乒乓球厅-16号,17:00-18:00,0,1,可预约,￥5.0,多云,18,15,4,0.0,84,28
2026-05-21 09:01:59,2026-05-21,2,乒乓球厅-16号,17:00-18:00,0,1,可预约,￥5.0,多云,18,15,4,0.0,83,28
2026-05-21 09:05:33,2026-05-21,2,乒乓球厅-16号,17:00-18:00,0,1,可预约,￥5.0,多云,18,15,4,0.0,83,28
2026-05-21 09:20:38,2026-05-21,2,乒乓球厅-16号,17:00-18:00,0,1,可预约,￥5.0,多云,18,16,3,0.0,81,28
2026-05-21 09:30:46,2026-05-21,2,乒乓球厅-16号,17:00-18:00,0,1,可预约,￥5.0,多云,18,16,3,0.0,81,32
2026-05-21 09:40:36,2026-05-21,2,乒乓球厅-16号,17:00-18:00,0,1,可预约,￥5.0,多云,19,17,3,0.0,79,32
2026-05-21 09:50:42,2026-05-21,2,乒乓球厅-16号,17:00-18:00,0,1,可预约,￥5.0,多云,19,17,4,0.0,81,32
2026-05-21 10:00:46,2026-05-21,2,乒乓球厅-16号,17:00-18:00,0,1,可预约,￥5.0,多云,19,17,4,0.0,79,32
2026-05-21 10:10:40,2026-05-21,2,乒乓球厅-16号,17:00-18:00,0,1,可预约,￥5.0,多云,19,17,4,0.0,79,32
2026-05-21 10:20:38,2026-05-21,2,乒乓球厅-16号,17:00-18:00,0,1,可预约,￥5.0,多云,19,17,4,0.0,79,32
2026-05-21 10:30:41,2026-05-21,2,乒乓球厅-16号,17:00-18:00,0,1,可预约,￥5.0,多云,19,18,3,0.0,78,31
2026-05-21 11:00:44,2026-05-21,2,乒乓球厅-16号,17:00-18:00,0,1,可预约,￥5.0,多云,21,17,5,0.0,74,31
2026-05-21 11:30:38,2026-05-21,2,乒乓球厅-16号,17:00-18:00,0,1,可预约,￥5.0,多云,21,19,3,0.0,72,33
2026-05-21 12:00:46,2026-05-21,2,乒乓球厅-16号,17:00-18:00,0,1,可预约,￥5.0,多云,22,19,4,0.0,70,33
2026-05-21 12:30:42,2026-05-21,2,乒乓球厅-16号,17:00-18:00,0,1,可预约,￥5.0,多云,22,21,3,0.0,68,35
2026-05-21 13:00:43,2026-05-21,2,乒乓球厅-16号,17:00-18:00,0,1,可预约,￥5.0,多云,24,22,4,0.0,66,35
2026-05-21 13:30:43,2026-05-21,2,乒乓球厅-16号,17:00-18:00,0,1,可预约,￥5.0,多云,24,22,4,0.0,66,36
2026-05-21 14:00:48,2026-05-21,2,乒乓球厅-16号,17:00-18:00,0,1,可预约,￥5.0,多云,25,23,4,0.0,66,36
2026-05-21 14:30:45,2026-05-21,2,乒乓球厅-16号,17:00-18:00,0,1,可预约,￥5.0,晴,25,25,3,0.0,65,39
2026-05-21 15:00:45,2026-05-21,2,乒乓球厅-16号,17:00-18:00,0,1,可预约,￥5.0,晴,25,22,4,0.0,56,39
2026-05-21 15:30:43,2026-05-21,2,乒乓球厅-16号,17:00-18:00,0,1,可预约,￥5.0,晴,25,23,4,0.0,57,40
2026-05-21 16:00:51,2026-05-21,2,乒乓球厅-16号,17:00-18:00,0,1,可预约,￥5.0,晴,25,23,4,0.0,57,40
2026-05-21 16:30:48,2026-05-21,2,乒乓球厅-16号,17:00-18:00,0,1,可预约,￥5.0,晴,25,24,3,0.0,60,39
2026-05-21 17:00:49,2026-05-21,2,乒乓球厅-16号,17:00-18:00,0,1,可预约,￥5.0,晴,25,24,4,0.0,61,39
2026-05-21 17:30:47,2026-05-21,2,乒乓球厅-16号,17:00-18:00,0,1,可预约,￥5.0,多云,24,23,3,0.0,64,39
2026-05-21 18:00:50,2026-05-21,2,乒乓球厅-16号,17:00-18:00,0,1,不开放/已过期,,多云,24,23,3,0.0,68,39
2026-05-21 18:30:50,2026-05-21,2,乒乓球厅-16号,17:00-18:00,0,1,不开放/已过期,,阴,24,25,2,0.0,68,40
2026-05-21 19:00:50,2026-05-21,2,乒乓球厅-16号,17:00-18:00,0,1,不开放/已过期,,阴,23,23,3,0.0,76,40
2026-05-21 19:30:46,2026-05-21,2,乒乓球厅-16号,17:00-18:00,0,1,不开放/已过期,,阴,23,24,2,0.0,77,39
2026-05-21 20:00:49,2026-05-21,2,乒乓球厅-16号,17:00-18:00,0,1,不开放/已过期,,雾,22,23,2,0.0,89,39
2026-05-21 20:30:44,2026-05-21,2,乒乓球厅-16号,17:00-18:00,0,1,不开放/已过期,,雾,22,24,2,0.0,93,43
2026-05-21 21:00:56,2026-05-21,2,乒乓球厅-16号,17:00-18:00,0,1,不开放/已过期,,雾,20,21,2,0.0,98,43
2026-05-21 21:30:46,2026-05-21,2,乒乓球厅-16号,17:00-18:00,0,1,不开放/已过期,,雾,20,22,1,0.0,99,41
2026-05-21 22:01:02,2026-05-21,2,乒乓球厅-16号,17:00-18:00,0,1,不开放/已过期,,雾,19,20,2,0.0,93,41
2026-05-21 22:30:47,2026-05-21,2,乒乓球厅-16号,17:00-18:00,0,1,不开放/已过期,,雾,19,19,3,0.0,88,46
2026-05-21 23:00:56,2026-05-21,2,乒乓球厅-16号,17:00-18:00,0,1,不开放/已过期,,多云,18,17,3,0.0,85,46
2026-05-21 23:30:55,2026-05-21,2,乒乓球厅-16号,17:00-18:00,0,1,不开放/已过期,,多云,18,17,3,0.0,85,48
2026-05-21 00:30:49,2026-05-21,2,乒乓球厅-16号,18:30-19:30,0,1,可预约,￥5.0,多云,15,13,3,0.0,100,26
2026-05-21 01:00:55,2026-05-21,2,乒乓球厅-16号,18:30-19:30,0,1,可预约,￥5.0,多云,15,12,4,0.0,100,26
2026-05-21 01:30:47,2026-05-21,2,乒乓球厅-16号,18:30-19:30,0,1,可预约,￥5.0,多云,15,13,4,0.0,100,28
2026-05-21 02:00:53,2026-05-21,2,乒乓球厅-16号,18:30-19:30,0,1,可预约,￥5.0,多云,15,12,4,0.0,100,28
2026-05-21 02:30:49,2026-05-21,2,乒乓球厅-16号,18:30-19:30,0,1,可预约,￥5.0,多云,15,14,3,0.0,100,29
2026-05-21 03:00:55,2026-05-21,2,乒乓球厅-16号,18:30-19:30,0,1,可预约,￥5.0,多云,15,12,4,0.0,100,29
2026-05-21 03:30:49,2026-05-21,2,乒乓球厅-16号,18:30-19:30,0,1,可预约,￥5.0,多云,15,14,3,0.0,100,30
2026-05-21 04:30:45,2026-05-21,2,乒乓球厅-16号,18:30-19:30,0,1,可预约,￥5.0,多云,15,12,4,0.0,100,29
2026-05-21 05:00:52,2026-05-21,2,乒乓球厅-16号,18:30-19:30,0,1,可预约,￥5.0,多云,15,12,4,0.0,100,29
2026-05-21 05:30:49,2026-05-21,2,乒乓球厅-16号,18:30-19:30,0,1,可预约,￥5.0,多云,15,13,3,0.0,100,28
2026-05-21 06:00:50,2026-05-21,2,乒乓球厅-16号,18:30-19:30,0,1,可预约,￥5.0,多云,15,13,4,0.0,99,28
2026-05-21 06:30:38,2026-05-21,2,乒乓球厅-16号,18:30-19:30,0,1,可预约,￥5.0,多云,15,13,3,0.0,97,28
2026-05-21 07:00:43,2026-05-21,2,乒乓球厅-16号,18:30-19:30,0,1,可预约,￥5.0,晴,15,11,5,0.0,93,28
2026-05-21 07:30:39,2026-05-21,2,乒乓球厅-16号,18:30-19:30,0,1,可预约,￥5.0,晴,17,13,4,0.0,89,29
2026-05-21 07:50:40,2026-05-21,2,乒乓球厅-16号,18:30-19:30,0,1,可预约,￥5.0,晴,17,13,4,0.0,88,29
2026-05-21 07:53:31,2026-05-21,2,乒乓球厅-16号,18:30-19:30,0,1,可预约,￥5.0,晴,17,12,5,0.0,86,29
2026-05-21 07:56:31,2026-05-21,2,乒乓球厅-16号,18:30-19:30,0,1,可预约,￥5.0,晴,17,12,5,0.0,86,29
2026-05-21 07:59:26,2026-05-21,2,乒乓球厅-16号,18:30-19:30,0,1,可预约,￥5.0,晴,17,12,5,0.0,86,29
2026-05-21 08:00:45,2026-05-21,2,乒乓球厅-16号,18:30-19:30,0,1,可预约,￥5.0,晴,17,12,5,0.0,86,29
2026-05-21 08:02:30,2026-05-21,2,乒乓球厅-16号,18:30-19:30,0,1,可预约,￥5.0,多云,17,12,5,0.0,87,29
2026-05-21 08:05:36,2026-05-21,2,乒乓球厅-16号,18:30-19:30,0,1,可预约,￥5.0,多云,17,12,5,0.0,86,29
2026-05-21 08:08:31,2026-05-21,2,乒乓球厅-16号,18:30-19:30,0,1,可预约,￥5.0,多云,17,12,5,0.0,86,29
2026-05-21 08:11:30,2026-05-21,2,乒乓球厅-16号,18:30-19:30,0,1,可预约,￥5.0,多云,17,12,5,0.0,86,29
2026-05-21 08:14:31,2026-05-21,2,乒乓球厅-16号,18:30-19:30,0,1,可预约,￥5.0,多云,17,12,5,0.0,86,29
2026-05-21 08:17:30,2026-05-21,2,乒乓球厅-16号,18:30-19:30,0,1,可预约,￥5.0,多云,17,12,5,0.0,86,29
2026-05-21 08:20:35,2026-05-21,2,乒乓球厅-16号,18:30-19:30,0,1,可预约,￥5.0,多云,17,14,4,0.0,85,29
2026-05-21 08:25:32,2026-05-21,2,乒乓球厅-16号,18:30-19:30,0,1,可预约,￥5.0,多云,17,14,4,0.0,85,28
2026-05-21 08:30:42,2026-05-21,2,乒乓球厅-16号,18:30-19:30,0,1,可预约,￥5.0,多云,18,15,4,0.0,84,28
2026-05-21 08:35:31,2026-05-21,2,乒乓球厅-16号,18:30-19:30,0,1,可预约,￥5.0,多云,18,15,4,0.0,84,28
2026-05-21 08:40:38,2026-05-21,2,乒乓球厅-16号,18:30-19:30,0,1,可预约,￥5.0,多云,18,15,4,0.0,82,28
2026-05-21 08:45:33,2026-05-21,2,乒乓球厅-16号,18:30-19:30,0,1,可预约,￥5.0,多云,18,15,4,0.0,82,28
2026-05-21 08:50:36,2026-05-21,2,乒乓球厅-16号,18:30-19:30,0,1,可预约,￥5.0,多云,18,15,4,0.0,82,28
2026-05-21 08:55:34,2026-05-21,2,乒乓球厅-16号,18:30-19:30,0,1,可预约,￥5.0,多云,18,15,4,0.0,84,28
2026-05-21 09:00:51,2026-05-21,2,乒乓球厅-16号,18:30-19:30,0,1,可预约,￥5.0,多云,18,15,4,0.0,84,28
2026-05-21 09:01:59,2026-05-21,2,乒乓球厅-16号,18:30-19:30,0,1,可预约,￥5.0,多云,18,15,4,0.0,83,28
2026-05-21 09:05:33,2026-05-21,2,乒乓球厅-16号,18:30-19:30,0,1,可预约,￥5.0,多云,18,15,4,0.0,83,28
2026-05-21 09:20:38,2026-05-21,2,乒乓球厅-16号,18:30-19:30,0,1,可预约,￥5.0,多云,18,16,3,0.0,81,28
2026-05-21 09:30:46,2026-05-21,2,乒乓球厅-16号,18:30-19:30,0,1,可预约,￥5.0,多云,18,16,3,0.0,81,32
2026-05-21 09:40:36,2026-05-21,2,乒乓球厅-16号,18:30-19:30,0,1,可预约,￥5.0,多云,19,17,3,0.0,79,32
2026-05-21 09:50:42,2026-05-21,2,乒乓球厅-16号,18:30-19:30,0,1,可预约,￥5.0,多云,19,17,4,0.0,81,32
2026-05-21 10:00:46,2026-05-21,2,乒乓球厅-16号,18:30-19:30,0,1,可预约,￥5.0,多云,19,17,4,0.0,79,32
2026-05-21 10:10:40,2026-05-21,2,乒乓球厅-16号,18:30-19:30,0,1,可预约,￥5.0,多云,19,17,4,0.0,79,32
2026-05-21 10:20:38,2026-05-21,2,乒乓球厅-16号,18:30-19:30,0,1,可预约,￥5.0,多云,19,17,4,0.0,79,32
2026-05-21 10:30:41,2026-05-21,2,乒乓球厅-16号,18:30-19:30,0,1,可预约,￥5.0,多云,19,18,3,0.0,78,31
2026-05-21 11:00:44,2026-05-21,2,乒乓球厅-16号,18:30-19:30,0,1,可预约,￥5.0,多云,21,17,5,0.0,74,31
2026-05-21 11:30:38,2026-05-21,2,乒乓球厅-16号,18:30-19:30,0,1,可预约,￥5.0,多云,21,19,3,0.0,72,33
2026-05-21 12:00:46,2026-05-21,2,乒乓球厅-16号,18:30-19:30,0,1,可预约,￥5.0,多云,22,19,4,0.0,70,33
2026-05-21 12:30:42,2026-05-21,2,乒乓球厅-16号,18:30-19:30,0,1,可预约,￥5.0,多云,22,21,3,0.0,68,35
2026-05-21 13:00:43,2026-05-21,2,乒乓球厅-16号,18:30-19:30,0,1,可预约,￥5.0,多云,24,22,4,0.0,66,35
2026-05-21 13:30:43,2026-05-21,2,乒乓球厅-16号,18:30-19:30,0,1,可预约,￥5.0,多云,24,22,4,0.0,66,36
2026-05-21 14:00:48,2026-05-21,2,乒乓球厅-16号,18:30-19:30,0,1,可预约,￥5.0,多云,25,23,4,0.0,66,36
2026-05-21 14:30:45,2026-05-21,2,乒乓球厅-16号,18:30-19:30,0,1,可预约,￥5.0,晴,25,25,3,0.0,65,39
2026-05-21 15:00:45,2026-05-21,2,乒乓球厅-16号,18:30-19:30,0,1,可预约,￥5.0,晴,25,22,4,0.0,56,39
2026-05-21 15:30:43,2026-05-21,2,乒乓球厅-16号,18:30-19:30,0,1,可预约,￥5.0,晴,25,23,4,0.0,57,40
2026-05-21 16:00:51,2026-05-21,2,乒乓球厅-16号,18:30-19:30,0,1,可预约,￥5.0,晴,25,23,4,0.0,57,40
2026-05-21 16:30:48,2026-05-21,2,乒乓球厅-16号,18:30-19:30,0,1,可预约,￥5.0,晴,25,24,3,0.0,60,39
2026-05-21 17:00:49,2026-05-21,2,乒乓球厅-16号,18:30-19:30,0,1,可预约,￥5.0,晴,25,24,4,0.0,61,39
2026-05-21 17:30:47,2026-05-21,2,乒乓球厅-16号,18:30-19:30,0,1,可预约,￥5.0,多云,24,23,3,0.0,64,39
2026-05-21 18:00:50,2026-05-21,2,乒乓球厅-16号,18:30-19:30,0,1,可预约,￥5.0,多云,24,23,3,0.0,68,39
2026-05-21 18:30:50,2026-05-21,2,乒乓球厅-16号,18:30-19:30,0,1,可预约,￥5.0,阴,24,25,2,0.0,68,40
2026-05-21 19:00:50,2026-05-21,2,乒乓球厅-16号,18:30-19:30,0,1,可预约,￥5.0,阴,23,23,3,0.0,76,40
2026-05-21 19:30:46,2026-05-21,2,乒乓球厅-16号,18:30-19:30,0,1,不开放/已过期,,阴,23,24,2,0.0,77,39
2026-05-21 20:00:49,2026-05-21,2,乒乓球厅-16号,18:30-19:30,0,1,不开放/已过期,,雾,22,23,2,0.0,89,39
2026-05-21 20:30:44,2026-05-21,2,乒乓球厅-16号,18:30-19:30,0,1,不开放/已过期,,雾,22,24,2,0.0,93,43
2026-05-21 21:00:56,2026-05-21,2,乒乓球厅-16号,18:30-19:30,0,1,不开放/已过期,,雾,20,21,2,0.0,98,43
2026-05-21 21:30:46,2026-05-21,2,乒乓球厅-16号,18:30-19:30,0,1,不开放/已过期,,雾,20,22,1,0.0,99,41
2026-05-21 22:01:02,2026-05-21,2,乒乓球厅-16号,18:30-19:30,0,1,不开放/已过期,,雾,19,20,2,0.0,93,41
2026-05-21 22:30:47,2026-05-21,2,乒乓球厅-16号,18:30-19:30,0,1,不开放/已过期,,雾,19,19,3,0.0,88,46
2026-05-21 23:00:56,2026-05-21,2,乒乓球厅-16号,18:30-19:30,0,1,不开放/已过期,,多云,18,17,3,0.0,85,46
2026-05-21 23:30:55,2026-05-21,2,乒乓球厅-16号,18:30-19:30,0,1,不开放/已过期,,多云,18,17,3,0.0,85,48
2026-05-21 00:30:49,2026-05-21,2,乒乓球厅-16号,19:30-20:30,0,1,可预约,￥5.0,多云,15,13,3,0.0,100,26
2026-05-21 01:00:55,2026-05-21,2,乒乓球厅-16号,19:30-20:30,0,1,可预约,￥5.0,多云,15,12,4,0.0,100,26
2026-05-21 01:30:47,2026-05-21,2,乒乓球厅-16号,19:30-20:30,0,1,可预约,￥5.0,多云,15,13,4,0.0,100,28
2026-05-21 02:00:53,2026-05-21,2,乒乓球厅-16号,19:30-20:30,0,1,可预约,￥5.0,多云,15,12,4,0.0,100,28
2026-05-21 02:30:49,2026-05-21,2,乒乓球厅-16号,19:30-20:30,0,1,可预约,￥5.0,多云,15,14,3,0.0,100,29
2026-05-21 03:00:55,2026-05-21,2,乒乓球厅-16号,19:30-20:30,0,1,可预约,￥5.0,多云,15,12,4,0.0,100,29
2026-05-21 03:30:49,2026-05-21,2,乒乓球厅-16号,19:30-20:30,0,1,可预约,￥5.0,多云,15,14,3,0.0,100,30
2026-05-21 04:30:45,2026-05-21,2,乒乓球厅-16号,19:30-20:30,0,1,可预约,￥5.0,多云,15,12,4,0.0,100,29
2026-05-21 05:00:52,2026-05-21,2,乒乓球厅-16号,19:30-20:30,0,1,可预约,￥5.0,多云,15,12,4,0.0,100,29
2026-05-21 05:30:49,2026-05-21,2,乒乓球厅-16号,19:30-20:30,0,1,可预约,￥5.0,多云,15,13,3,0.0,100,28
2026-05-21 06:00:50,2026-05-21,2,乒乓球厅-16号,19:30-20:30,0,1,可预约,￥5.0,多云,15,13,4,0.0,99,28
2026-05-21 06:30:38,2026-05-21,2,乒乓球厅-16号,19:30-20:30,0,1,可预约,￥5.0,多云,15,13,3,0.0,97,28
2026-05-21 07:00:43,2026-05-21,2,乒乓球厅-16号,19:30-20:30,0,1,可预约,￥5.0,晴,15,11,5,0.0,93,28
2026-05-21 07:30:39,2026-05-21,2,乒乓球厅-16号,19:30-20:30,0,1,可预约,￥5.0,晴,17,13,4,0.0,89,29
2026-05-21 07:50:40,2026-05-21,2,乒乓球厅-16号,19:30-20:30,0,1,可预约,￥5.0,晴,17,13,4,0.0,88,29
2026-05-21 07:53:31,2026-05-21,2,乒乓球厅-16号,19:30-20:30,0,1,可预约,￥5.0,晴,17,12,5,0.0,86,29
2026-05-21 07:56:31,2026-05-21,2,乒乓球厅-16号,19:30-20:30,0,1,可预约,￥5.0,晴,17,12,5,0.0,86,29
2026-05-21 07:59:26,2026-05-21,2,乒乓球厅-16号,19:30-20:30,0,1,可预约,￥5.0,晴,17,12,5,0.0,86,29
2026-05-21 08:00:45,2026-05-21,2,乒乓球厅-16号,19:30-20:30,0,1,可预约,￥5.0,晴,17,12,5,0.0,86,29
2026-05-21 08:02:30,2026-05-21,2,乒乓球厅-16号,19:30-20:30,0,1,可预约,￥5.0,多云,17,12,5,0.0,87,29
2026-05-21 08:05:36,2026-05-21,2,乒乓球厅-16号,19:30-20:30,0,1,可预约,￥5.0,多云,17,12,5,0.0,86,29
2026-05-21 08:08:31,2026-05-21,2,乒乓球厅-16号,19:30-20:30,0,1,可预约,￥5.0,多云,17,12,5,0.0,86,29
2026-05-21 08:11:30,2026-05-21,2,乒乓球厅-16号,19:30-20:30,0,1,可预约,￥5.0,多云,17,12,5,0.0,86,29
2026-05-21 08:14:31,2026-05-21,2,乒乓球厅-16号,19:30-20:30,0,1,可预约,￥5.0,多云,17,12,5,0.0,86,29
2026-05-21 08:17:30,2026-05-21,2,乒乓球厅-16号,19:30-20:30,0,1,可预约,￥5.0,多云,17,12,5,0.0,86,29
2026-05-21 08:20:35,2026-05-21,2,乒乓球厅-16号,19:30-20:30,0,1,可预约,￥5.0,多云,17,14,4,0.0,85,29
2026-05-21 08:25:32,2026-05-21,2,乒乓球厅-16号,19:30-20:30,0,1,可预约,￥5.0,多云,17,14,4,0.0,85,28
2026-05-21 08:30:42,2026-05-21,2,乒乓球厅-16号,19:30-20:30,0,1,可预约,￥5.0,多云,18,15,4,0.0,84,28
2026-05-21 08:35:31,2026-05-21,2,乒乓球厅-16号,19:30-20:30,0,1,可预约,￥5.0,多云,18,15,4,0.0,84,28
2026-05-21 08:40:38,2026-05-21,2,乒乓球厅-16号,19:30-20:30,0,1,可预约,￥5.0,多云,18,15,4,0.0,82,28
2026-05-21 08:45:33,2026-05-21,2,乒乓球厅-16号,19:30-20:30,0,1,可预约,￥5.0,多云,18,15,4,0.0,82,28
2026-05-21 08:50:36,2026-05-21,2,乒乓球厅-16号,19:30-20:30,0,1,可预约,￥5.0,多云,18,15,4,0.0,82,28
2026-05-21 08:55:34,2026-05-21,2,乒乓球厅-16号,19:30-20:30,0,1,可预约,￥5.0,多云,18,15,4,0.0,84,28
2026-05-21 09:00:51,2026-05-21,2,乒乓球厅-16号,19:30-20:30,0,1,可预约,￥5.0,多云,18,15,4,0.0,84,28
2026-05-21 09:01:59,2026-05-21,2,乒乓球厅-16号,19:30-20:30,0,1,可预约,￥5.0,多云,18,15,4,0.0,83,28
2026-05-21 09:05:33,2026-05-21,2,乒乓球厅-16号,19:30-20:30,0,1,可预约,￥5.0,多云,18,15,4,0.0,83,28
2026-05-21 09:20:38,2026-05-21,2,乒乓球厅-16号,19:30-20:30,0,1,可预约,￥5.0,多云,18,16,3,0.0,81,28
2026-05-21 09:30:46,2026-05-21,2,乒乓球厅-16号,19:30-20:30,0,1,可预约,￥5.0,多云,18,16,3,0.0,81,32
2026-05-21 09:40:36,2026-05-21,2,乒乓球厅-16号,19:30-20:30,0,1,可预约,￥5.0,多云,19,17,3,0.0,79,32
2026-05-21 09:50:42,2026-05-21,2,乒乓球厅-16号,19:30-20:30,0,1,可预约,￥5.0,多云,19,17,4,0.0,81,32
2026-05-21 10:00:46,2026-05-21,2,乒乓球厅-16号,19:30-20:30,0,1,可预约,￥5.0,多云,19,17,4,0.0,79,32
2026-05-21 10:10:40,2026-05-21,2,乒乓球厅-16号,19:30-20:30,0,1,可预约,￥5.0,多云,19,17,4,0.0,79,32
2026-05-21 10:20:38,2026-05-21,2,乒乓球厅-16号,19:30-20:30,0,1,可预约,￥5.0,多云,19,17,4,0.0,79,32
2026-05-21 10:30:41,2026-05-21,2,乒乓球厅-16号,19:30-20:30,0,1,可预约,￥5.0,多云,19,18,3,0.0,78,31
2026-05-21 11:00:44,2026-05-21,2,乒乓球厅-16号,19:30-20:30,0,1,可预约,￥5.0,多云,21,17,5,0.0,74,31
2026-05-21 11:30:38,2026-05-21,2,乒乓球厅-16号,19:30-20:30,0,1,可预约,￥5.0,多云,21,19,3,0.0,72,33
2026-05-21 12:00:46,2026-05-21,2,乒乓球厅-16号,19:30-20:30,0,1,可预约,￥5.0,多云,22,19,4,0.0,70,33
2026-05-21 12:30:42,2026-05-21,2,乒乓球厅-16号,19:30-20:30,0,1,可预约,￥5.0,多云,22,21,3,0.0,68,35
2026-05-21 13:00:43,2026-05-21,2,乒乓球厅-16号,19:30-20:30,0,1,可预约,￥5.0,多云,24,22,4,0.0,66,35
2026-05-21 13:30:43,2026-05-21,2,乒乓球厅-16号,19:30-20:30,0,1,可预约,￥5.0,多云,24,22,4,0.0,66,36
2026-05-21 14:00:48,2026-05-21,2,乒乓球厅-16号,19:30-20:30,0,1,可预约,￥5.0,多云,25,23,4,0.0,66,36
2026-05-21 14:30:45,2026-05-21,2,乒乓球厅-16号,19:30-20:30,0,1,可预约,￥5.0,晴,25,25,3,0.0,65,39
2026-05-21 15:00:45,2026-05-21,2,乒乓球厅-16号,19:30-20:30,0,1,可预约,￥5.0,晴,25,22,4,0.0,56,39
2026-05-21 15:30:43,2026-05-21,2,乒乓球厅-16号,19:30-20:30,0,1,可预约,￥5.0,晴,25,23,4,0.0,57,40
2026-05-21 16:00:51,2026-05-21,2,乒乓球厅-16号,19:30-20:30,0,1,可预约,￥5.0,晴,25,23,4,0.0,57,40
2026-05-21 16:30:48,2026-05-21,2,乒乓球厅-16号,19:30-20:30,0,1,可预约,￥5.0,晴,25,24,3,0.0,60,39
2026-05-21 17:00:49,2026-05-21,2,乒乓球厅-16号,19:30-20:30,0,1,可预约,￥5.0,晴,25,24,4,0.0,61,39
2026-05-21 17:30:47,2026-05-21,2,乒乓球厅-16号,19:30-20:30,0,1,可预约,￥5.0,多云,24,23,3,0.0,64,39
2026-05-21 18:00:50,2026-05-21,2,乒乓球厅-16号,19:30-20:30,0,1,可预约,￥5.0,多云,24,23,3,0.0,68,39
2026-05-21 18:30:50,2026-05-21,2,乒乓球厅-16号,19:30-20:30,0,1,可预约,￥5.0,阴,24,25,2,0.0,68,40
2026-05-21 19:00:50,2026-05-21,2,乒乓球厅-16号,19:30-20:30,0,1,可预约,￥5.0,阴,23,23,3,0.0,76,40
2026-05-21 19:30:46,2026-05-21,2,乒乓球厅-16号,19:30-20:30,0,1,可预约,￥5.0,阴,23,24,2,0.0,77,39
2026-05-21 20:00:49,2026-05-21,2,乒乓球厅-16号,19:30-20:30,0,1,可预约,￥5.0,雾,22,23,2,0.0,89,39
2026-05-21 20:30:44,2026-05-21,2,乒乓球厅-16号,19:30-20:30,0,1,不开放/已过期,,雾,22,24,2,0.0,93,43
2026-05-21 21:00:56,2026-05-21,2,乒乓球厅-16号,19:30-20:30,0,1,不开放/已过期,,雾,20,21,2,0.0,98,43
2026-05-21 21:30:46,2026-05-21,2,乒乓球厅-16号,19:30-20:30,0,1,不开放/已过期,,雾,20,22,1,0.0,99,41
2026-05-21 22:01:02,2026-05-21,2,乒乓球厅-16号,19:30-20:30,0,1,不开放/已过期,,雾,19,20,2,0.0,93,41
2026-05-21 22:30:47,2026-05-21,2,乒乓球厅-16号,19:30-20:30,0,1,不开放/已过期,,雾,19,19,3,0.0,88,46
2026-05-21 23:00:56,2026-05-21,2,乒乓球厅-16号,19:30-20:30,0,1,不开放/已过期,,多云,18,17,3,0.0,85,46
2026-05-21 23:30:55,2026-05-21,2,乒乓球厅-16号,19:30-20:30,0,1,不开放/已过期,,多云,18,17,3,0.0,85,48
2026-05-21 00:30:49,2026-05-21,2,乒乓球厅-16号,20:30-21:30,0,1,可预约,￥5.0,多云,15,13,3,0.0,100,26
2026-05-21 01:00:55,2026-05-21,2,乒乓球厅-16号,20:30-21:30,0,1,可预约,￥5.0,多云,15,12,4,0.0,100,26
2026-05-21 01:30:47,2026-05-21,2,乒乓球厅-16号,20:30-21:30,0,1,可预约,￥5.0,多云,15,13,4,0.0,100,28
2026-05-21 02:00:53,2026-05-21,2,乒乓球厅-16号,20:30-21:30,0,1,可预约,￥5.0,多云,15,12,4,0.0,100,28
2026-05-21 02:30:49,2026-05-21,2,乒乓球厅-16号,20:30-21:30,0,1,可预约,￥5.0,多云,15,14,3,0.0,100,29
2026-05-21 03:00:55,2026-05-21,2,乒乓球厅-16号,20:30-21:30,0,1,可预约,￥5.0,多云,15,12,4,0.0,100,29
2026-05-21 03:30:49,2026-05-21,2,乒乓球厅-16号,20:30-21:30,0,1,可预约,￥5.0,多云,15,14,3,0.0,100,30
2026-05-21 04:30:45,2026-05-21,2,乒乓球厅-16号,20:30-21:30,0,1,可预约,￥5.0,多云,15,12,4,0.0,100,29
2026-05-21 05:00:52,2026-05-21,2,乒乓球厅-16号,20:30-21:30,0,1,可预约,￥5.0,多云,15,12,4,0.0,100,29
2026-05-21 05:30:49,2026-05-21,2,乒乓球厅-16号,20:30-21:30,0,1,可预约,￥5.0,多云,15,13,3,0.0,100,28
2026-05-21 06:00:50,2026-05-21,2,乒乓球厅-16号,20:30-21:30,0,1,可预约,￥5.0,多云,15,13,4,0.0,99,28
2026-05-21 06:30:38,2026-05-21,2,乒乓球厅-16号,20:30-21:30,0,1,可预约,￥5.0,多云,15,13,3,0.0,97,28
2026-05-21 07:00:43,2026-05-21,2,乒乓球厅-16号,20:30-21:30,0,1,可预约,￥5.0,晴,15,11,5,0.0,93,28
2026-05-21 07:30:39,2026-05-21,2,乒乓球厅-16号,20:30-21:30,0,1,可预约,￥5.0,晴,17,13,4,0.0,89,29
2026-05-21 07:50:40,2026-05-21,2,乒乓球厅-16号,20:30-21:30,0,1,可预约,￥5.0,晴,17,13,4,0.0,88,29
2026-05-21 07:53:31,2026-05-21,2,乒乓球厅-16号,20:30-21:30,0,1,可预约,￥5.0,晴,17,12,5,0.0,86,29
2026-05-21 07:56:31,2026-05-21,2,乒乓球厅-16号,20:30-21:30,0,1,可预约,￥5.0,晴,17,12,5,0.0,86,29
2026-05-21 07:59:26,2026-05-21,2,乒乓球厅-16号,20:30-21:30,0,1,可预约,￥5.0,晴,17,12,5,0.0,86,29
2026-05-21 08:00:45,2026-05-21,2,乒乓球厅-16号,20:30-21:30,0,1,可预约,￥5.0,晴,17,12,5,0.0,86,29
2026-05-21 08:02:30,2026-05-21,2,乒乓球厅-16号,20:30-21:30,0,1,可预约,￥5.0,多云,17,12,5,0.0,87,29
2026-05-21 08:05:36,2026-05-21,2,乒乓球厅-16号,20:30-21:30,0,1,可预约,￥5.0,多云,17,12,5,0.0,86,29
2026-05-21 08:08:31,2026-05-21,2,乒乓球厅-16号,20:30-21:30,0,1,可预约,￥5.0,多云,17,12,5,0.0,86,29
2026-05-21 08:11:30,2026-05-21,2,乒乓球厅-16号,20:30-21:30,0,1,可预约,￥5.0,多云,17,12,5,0.0,86,29
2026-05-21 08:14:31,2026-05-21,2,乒乓球厅-16号,20:30-21:30,0,1,可预约,￥5.0,多云,17,12,5,0.0,86,29
2026-05-21 08:17:30,2026-05-21,2,乒乓球厅-16号,20:30-21:30,0,1,可预约,￥5.0,多云,17,12,5,0.0,86,29
2026-05-21 08:20:35,2026-05-21,2,乒乓球厅-16号,20:30-21:30,0,1,可预约,￥5.0,多云,17,14,4,0.0,85,29
2026-05-21 08:25:32,2026-05-21,2,乒乓球厅-16号,20:30-21:30,0,1,可预约,￥5.0,多云,17,14,4,0.0,85,28
2026-05-21 08:30:42,2026-05-21,2,乒乓球厅-16号,20:30-21:30,0,1,可预约,￥5.0,多云,18,15,4,0.0,84,28
2026-05-21 08:35:31,2026-05-21,2,乒乓球厅-16号,20:30-21:30,0,1,可预约,￥5.0,多云,18,15,4,0.0,84,28
2026-05-21 08:40:38,2026-05-21,2,乒乓球厅-16号,20:30-21:30,0,1,可预约,￥5.0,多云,18,15,4,0.0,82,28
2026-05-21 08:45:33,2026-05-21,2,乒乓球厅-16号,20:30-21:30,0,1,可预约,￥5.0,多云,18,15,4,0.0,82,28
2026-05-21 08:50:36,2026-05-21,2,乒乓球厅-16号,20:30-21:30,0,1,可预约,￥5.0,多云,18,15,4,0.0,82,28
2026-05-21 08:55:34,2026-05-21,2,乒乓球厅-16号,20:30-21:30,0,1,可预约,￥5.0,多云,18,15,4,0.0,84,28
2026-05-21 09:00:51,2026-05-21,2,乒乓球厅-16号,20:30-21:30,0,1,可预约,￥5.0,多云,18,15,4,0.0,84,28
2026-05-21 09:01:59,2026-05-21,2,乒乓球厅-16号,20:30-21:30,0,1,可预约,￥5.0,多云,18,15,4,0.0,83,28
2026-05-21 09:05:33,2026-05-21,2,乒乓球厅-16号,20:30-21:30,0,1,可预约,￥5.0,多云,18,15,4,0.0,83,28
2026-05-21 09:20:38,2026-05-21,2,乒乓球厅-16号,20:30-21:30,0,1,可预约,￥5.0,多云,18,16,3,0.0,81,28
2026-05-21 09:30:46,2026-05-21,2,乒乓球厅-16号,20:30-21:30,0,1,可预约,￥5.0,多云,18,16,3,0.0,81,32
2026-05-21 09:40:36,2026-05-21,2,乒乓球厅-16号,20:30-21:30,0,1,可预约,￥5.0,多云,19,17,3,0.0,79,32
2026-05-21 09:50:42,2026-05-21,2,乒乓球厅-16号,20:30-21:30,0,1,可预约,￥5.0,多云,19,17,4,0.0,81,32
2026-05-21 10:00:46,2026-05-21,2,乒乓球厅-16号,20:30-21:30,0,1,可预约,￥5.0,多云,19,17,4,0.0,79,32
2026-05-21 10:10:40,2026-05-21,2,乒乓球厅-16号,20:30-21:30,0,1,可预约,￥5.0,多云,19,17,4,0.0,79,32
2026-05-21 10:20:38,2026-05-21,2,乒乓球厅-16号,20:30-21:30,0,1,可预约,￥5.0,多云,19,17,4,0.0,79,32
2026-05-21 10:30:41,2026-05-21,2,乒乓球厅-16号,20:30-21:30,0,1,可预约,￥5.0,多云,19,18,3,0.0,78,31
2026-05-21 11:00:44,2026-05-21,2,乒乓球厅-16号,20:30-21:30,0,1,可预约,￥5.0,多云,21,17,5,0.0,74,31
2026-05-21 11:30:38,2026-05-21,2,乒乓球厅-16号,20:30-21:30,0,1,可预约,￥5.0,多云,21,19,3,0.0,72,33
2026-05-21 12:00:46,2026-05-21,2,乒乓球厅-16号,20:30-21:30,0,1,可预约,￥5.0,多云,22,19,4,0.0,70,33
2026-05-21 12:30:42,2026-05-21,2,乒乓球厅-16号,20:30-21:30,0,1,可预约,￥5.0,多云,22,21,3,0.0,68,35
2026-05-21 13:00:43,2026-05-21,2,乒乓球厅-16号,20:30-21:30,0,1,可预约,￥5.0,多云,24,22,4,0.0,66,35
2026-05-21 13:30:43,2026-05-21,2,乒乓球厅-16号,20:30-21:30,0,1,可预约,￥5.0,多云,24,22,4,0.0,66,36
2026-05-21 14:00:48,2026-05-21,2,乒乓球厅-16号,20:30-21:30,0,1,可预约,￥5.0,多云,25,23,4,0.0,66,36
2026-05-21 14:30:45,2026-05-21,2,乒乓球厅-16号,20:30-21:30,0,1,可预约,￥5.0,晴,25,25,3,0.0,65,39
2026-05-21 15:00:45,2026-05-21,2,乒乓球厅-16号,20:30-21:30,0,1,可预约,￥5.0,晴,25,22,4,0.0,56,39
2026-05-21 15:30:43,2026-05-21,2,乒乓球厅-16号,20:30-21:30,0,1,可预约,￥5.0,晴,25,23,4,0.0,57,40
2026-05-21 16:00:51,2026-05-21,2,乒乓球厅-16号,20:30-21:30,0,1,可预约,￥5.0,晴,25,23,4,0.0,57,40
2026-05-21 16:30:48,2026-05-21,2,乒乓球厅-16号,20:30-21:30,0,1,可预约,￥5.0,晴,25,24,3,0.0,60,39
2026-05-21 17:00:49,2026-05-21,2,乒乓球厅-16号,20:30-21:30,0,1,可预约,￥5.0,晴,25,24,4,0.0,61,39
2026-05-21 17:30:47,2026-05-21,2,乒乓球厅-16号,20:30-21:30,0,1,可预约,￥5.0,多云,24,23,3,0.0,64,39
2026-05-21 18:00:50,2026-05-21,2,乒乓球厅-16号,20:30-21:30,0,1,可预约,￥5.0,多云,24,23,3,0.0,68,39
2026-05-21 18:30:50,2026-05-21,2,乒乓球厅-16号,20:30-21:30,0,1,可预约,￥5.0,阴,24,25,2,0.0,68,40
2026-05-21 19:00:50,2026-05-21,2,乒乓球厅-16号,20:30-21:30,0,1,可预约,￥5.0,阴,23,23,3,0.0,76,40
2026-05-21 19:30:46,2026-05-21,2,乒乓球厅-16号,20:30-21:30,0,1,可预约,￥5.0,阴,23,24,2,0.0,77,39
2026-05-21 20:00:49,2026-05-21,2,乒乓球厅-16号,20:30-21:30,1,1,已售/已满,已售,雾,22,23,2,0.0,89,39
2026-05-21 20:30:44,2026-05-21,2,乒乓球厅-16号,20:30-21:30,1,1,已售/已满,已售,雾,22,24,2,0.0,93,43
2026-05-21 21:00:56,2026-05-21,2,乒乓球厅-16号,20:30-21:30,1,1,已售/已满,已售,雾,20,21,2,0.0,98,43
2026-05-21 21:30:46,2026-05-21,2,乒乓球厅-16号,20:30-21:30,1,1,已售/已满,已售,雾,20,22,1,0.0,99,41
2026-05-21 22:01:02,2026-05-21,2,乒乓球厅-16号,20:30-21:30,1,1,已售/已满,已售,雾,19,20,2,0.0,93,41
2026-05-21 22:30:47,2026-05-21,2,乒乓球厅-16号,20:30-21:30,1,1,已售/已满,已售,雾,19,19,3,0.0,88,46
2026-05-21 23:00:56,2026-05-21,2,乒乓球厅-16号,20:30-21:30,1,1,已售/已满,已售,多云,18,17,3,0.0,85,46
2026-05-21 23:30:55,2026-05-21,2,乒乓球厅-16号,20:30-21:30,1,1,已售/已满,已售,多云,18,17,3,0.0,85,48
2026-05-21 00:30:49,2026-05-21,2,乒乓球厅-1号,07:00-08:00,0,1,可预约,￥0.0,多云,15,13,3,0.0,100,26
2026-05-21 01:00:55,2026-05-21,2,乒乓球厅-1号,07:00-08:00,0,1,可预约,￥0.0,多云,15,12,4,0.0,100,26
2026-05-21 01:30:47,2026-05-21,2,乒乓球厅-1号,07:00-08:00,0,1,可预约,￥0.0,多云,15,13,4,0.0,100,28
2026-05-21 02:00:53,2026-05-21,2,乒乓球厅-1号,07:00-08:00,0,1,可预约,￥0.0,多云,15,12,4,0.0,100,28
2026-05-21 02:30:49,2026-05-21,2,乒乓球厅-1号,07:00-08:00,0,1,可预约,￥0.0,多云,15,14,3,0.0,100,29
2026-05-21 03:00:55,2026-05-21,2,乒乓球厅-1号,07:00-08:00,0,1,可预约,￥0.0,多云,15,12,4,0.0,100,29
2026-05-21 03:30:49,2026-05-21,2,乒乓球厅-1号,07:00-08:00,0,1,可预约,￥0.0,多云,15,14,3,0.0,100,30
2026-05-21 04:30:45,2026-05-21,2,乒乓球厅-1号,07:00-08:00,0,1,可预约,￥0.0,多云,15,12,4,0.0,100,29
2026-05-21 05:00:52,2026-05-21,2,乒乓球厅-1号,07:00-08:00,0,1,可预约,￥0.0,多云,15,12,4,0.0,100,29
2026-05-21 05:30:49,2026-05-21,2,乒乓球厅-1号,07:00-08:00,0,1,可预约,￥0.0,多云,15,13,3,0.0,100,28
2026-05-21 06:00:50,2026-05-21,2,乒乓球厅-1号,07:00-08:00,0,1,可预约,￥0.0,多云,15,13,4,0.0,99,28
2026-05-21 06:30:38,2026-05-21,2,乒乓球厅-1号,07:00-08:00,0,1,可预约,￥0.0,多云,15,13,3,0.0,97,28
2026-05-21 07:00:43,2026-05-21,2,乒乓球厅-1号,07:00-08:00,0,1,可预约,￥0.0,晴,15,11,5,0.0,93,28
2026-05-21 07:30:39,2026-05-21,2,乒乓球厅-1号,07:00-08:00,0,1,可预约,￥0.0,晴,17,13,4,0.0,89,29
2026-05-21 07:50:40,2026-05-21,2,乒乓球厅-1号,07:00-08:00,0,1,可预约,￥0.0,晴,17,13,4,0.0,88,29
2026-05-21 07:53:31,2026-05-21,2,乒乓球厅-1号,07:00-08:00,0,1,可预约,￥0.0,晴,17,12,5,0.0,86,29
2026-05-21 07:56:31,2026-05-21,2,乒乓球厅-1号,07:00-08:00,0,1,可预约,￥0.0,晴,17,12,5,0.0,86,29
2026-05-21 07:59:26,2026-05-21,2,乒乓球厅-1号,07:00-08:00,0,1,可预约,￥0.0,晴,17,12,5,0.0,86,29
2026-05-21 08:00:45,2026-05-21,2,乒乓球厅-1号,07:00-08:00,0,1,不开放/已过期,,晴,17,12,5,0.0,86,29
2026-05-21 08:02:30,2026-05-21,2,乒乓球厅-1号,07:00-08:00,0,1,不开放/已过期,,多云,17,12,5,0.0,87,29
2026-05-21 08:05:36,2026-05-21,2,乒乓球厅-1号,07:00-08:00,0,1,不开放/已过期,,多云,17,12,5,0.0,86,29
2026-05-21 08:08:31,2026-05-21,2,乒乓球厅-1号,07:00-08:00,0,1,不开放/已过期,,多云,17,12,5,0.0,86,29
2026-05-21 08:11:30,2026-05-21,2,乒乓球厅-1号,07:00-08:00,0,1,不开放/已过期,,多云,17,12,5,0.0,86,29
2026-05-21 08:14:31,2026-05-21,2,乒乓球厅-1号,07:00-08:00,0,1,不开放/已过期,,多云,17,12,5,0.0,86,29
2026-05-21 08:17:30,2026-05-21,2,乒乓球厅-1号,07:00-08:00,0,1,不开放/已过期,,多云,17,12,5,0.0,86,29
2026-05-21 08:20:35,2026-05-21,2,乒乓球厅-1号,07:00-08:00,0,1,不开放/已过期,,多云,17,14,4,0.0,85,29
2026-05-21 08:25:32,2026-05-21,2,乒乓球厅-1号,07:00-08:00,0,1,不开放/已过期,,多云,17,14,4,0.0,85,28
2026-05-21 08:30:42,2026-05-21,2,乒乓球厅-1号,07:00-08:00,0,1,不开放/已过期,,多云,18,15,4,0.0,84,28
2026-05-21 08:35:31,2026-05-21,2,乒乓球厅-1号,07:00-08:00,0,1,不开放/已过期,,多云,18,15,4,0.0,84,28
2026-05-21 08:40:38,2026-05-21,2,乒乓球厅-1号,07:00-08:00,0,1,不开放/已过期,,多云,18,15,4,0.0,82,28
2026-05-21 08:45:33,2026-05-21,2,乒乓球厅-1号,07:00-08:00,0,1,不开放/已过期,,多云,18,15,4,0.0,82,28
2026-05-21 08:50:36,2026-05-21,2,乒乓球厅-1号,07:00-08:00,0,1,不开放/已过期,,多云,18,15,4,0.0,82,28
2026-05-21 08:55:34,2026-05-21,2,乒乓球厅-1号,07:00-08:00,0,1,不开放/已过期,,多云,18,15,4,0.0,84,28
2026-05-21 09:00:51,2026-05-21,2,乒乓球厅-1号,07:00-08:00,0,1,不开放/已过期,,多云,18,15,4,0.0,84,28
2026-05-21 09:01:59,2026-05-21,2,乒乓球厅-1号,07:00-08:00,0,1,不开放/已过期,,多云,18,15,4,0.0,83,28
2026-05-21 09:05:33,2026-05-21,2,乒乓球厅-1号,07:00-08:00,0,1,不开放/已过期,,多云,18,15,4,0.0,83,28
2026-05-21 09:20:38,2026-05-21,2,乒乓球厅-1号,07:00-08:00,0,1,不开放/已过期,,多云,18,16,3,0.0,81,28
2026-05-21 09:30:46,2026-05-21,2,乒乓球厅-1号,07:00-08:00,0,1,不开放/已过期,,多云,18,16,3,0.0,81,32
2026-05-21 09:40:36,2026-05-21,2,乒乓球厅-1号,07:00-08:00,0,1,不开放/已过期,,多云,19,17,3,0.0,79,32
2026-05-21 09:50:42,2026-05-21,2,乒乓球厅-1号,07:00-08:00,0,1,不开放/已过期,,多云,19,17,4,0.0,81,32
2026-05-21 10:00:46,2026-05-21,2,乒乓球厅-1号,07:00-08:00,0,1,不开放/已过期,,多云,19,17,4,0.0,79,32
2026-05-21 10:10:40,2026-05-21,2,乒乓球厅-1号,07:00-08:00,0,1,不开放/已过期,,多云,19,17,4,0.0,79,32
2026-05-21 10:20:38,2026-05-21,2,乒乓球厅-1号,07:00-08:00,0,1,不开放/已过期,,多云,19,17,4,0.0,79,32
2026-05-21 10:30:41,2026-05-21,2,乒乓球厅-1号,07:00-08:00,0,1,不开放/已过期,,多云,19,18,3,0.0,78,31
2026-05-21 11:00:44,2026-05-21,2,乒乓球厅-1号,07:00-08:00,0,1,不开放/已过期,,多云,21,17,5,0.0,74,31
2026-05-21 11:30:38,2026-05-21,2,乒乓球厅-1号,07:00-08:00,0,1,不开放/已过期,,多云,21,19,3,0.0,72,33
2026-05-21 12:00:46,2026-05-21,2,乒乓球厅-1号,07:00-08:00,0,1,不开放/已过期,,多云,22,19,4,0.0,70,33
2026-05-21 12:30:42,2026-05-21,2,乒乓球厅-1号,07:00-08:00,0,1,不开放/已过期,,多云,22,21,3,0.0,68,35
2026-05-21 13:00:43,2026-05-21,2,乒乓球厅-1号,07:00-08:00,0,1,不开放/已过期,,多云,24,22,4,0.0,66,35
2026-05-21 13:30:43,2026-05-21,2,乒乓球厅-1号,07:00-08:00,0,1,不开放/已过期,,多云,24,22,4,0.0,66,36
2026-05-21 14:00:48,2026-05-21,2,乒乓球厅-1号,07:00-08:00,0,1,不开放/已过期,,多云,25,23,4,0.0,66,36
2026-05-21 14:30:45,2026-05-21,2,乒乓球厅-1号,07:00-08:00,0,1,不开放/已过期,,晴,25,25,3,0.0,65,39
2026-05-21 15:00:45,2026-05-21,2,乒乓球厅-1号,07:00-08:00,0,1,不开放/已过期,,晴,25,22,4,0.0,56,39
2026-05-21 15:30:43,2026-05-21,2,乒乓球厅-1号,07:00-08:00,0,1,不开放/已过期,,晴,25,23,4,0.0,57,40
2026-05-21 16:00:51,2026-05-21,2,乒乓球厅-1号,07:00-08:00,0,1,不开放/已过期,,晴,25,23,4,0.0,57,40
2026-05-21 16:30:48,2026-05-21,2,乒乓球厅-1号,07:00-08:00,0,1,不开放/已过期,,晴,25,24,3,0.0,60,39
2026-05-21 17:00:49,2026-05-21,2,乒乓球厅-1号,07:00-08:00,0,1,不开放/已过期,,晴,25,24,4,0.0,61,39
2026-05-21 17:30:47,2026-05-21,2,乒乓球厅-1号,07:00-08:00,0,1,不开放/已过期,,多云,24,23,3,0.0,64,39
2026-05-21 18:00:50,2026-05-21,2,乒乓球厅-1号,07:00-08:00,0,1,不开放/已过期,,多云,24,23,3,0.0,68,39
2026-05-21 18:30:50,2026-05-21,2,乒乓球厅-1号,07:00-08:00,0,1,不开放/已过期,,阴,24,25,2,0.0,68,40
2026-05-21 19:00:50,2026-05-21,2,乒乓球厅-1号,07:00-08:00,0,1,不开放/已过期,,阴,23,23,3,0.0,76,40
2026-05-21 19:30:46,2026-05-21,2,乒乓球厅-1号,07:00-08:00,0,1,不开放/已过期,,阴,23,24,2,0.0,77,39
2026-05-21 20:00:49,2026-05-21,2,乒乓球厅-1号,07:00-08:00,0,1,不开放/已过期,,雾,22,23,2,0.0,89,39
2026-05-21 20:30:44,2026-05-21,2,乒乓球厅-1号,07:00-08:00,0,1,不开放/已过期,,雾,22,24,2,0.0,93,43
2026-05-21 21:00:56,2026-05-21,2,乒乓球厅-1号,07:00-08:00,0,1,不开放/已过期,,雾,20,21,2,0.0,98,43
2026-05-21 21:30:46,2026-05-21,2,乒乓球厅-1号,07:00-08:00,0,1,不开放/已过期,,雾,20,22,1,0.0,99,41
2026-05-21 22:01:02,2026-05-21,2,乒乓球厅-1号,07:00-08:00,0,1,不开放/已过期,,雾,19,20,2,0.0,93,41
2026-05-21 22:30:47,2026-05-21,2,乒乓球厅-1号,07:00-08:00,0,1,不开放/已过期,,雾,19,19,3,0.0,88,46
2026-05-21 23:00:56,2026-05-21,2,乒乓球厅-1号,07:00-08:00,0,1,不开放/已过期,,多云,18,17,3,0.0,85,46
2026-05-21 23:30:55,2026-05-21,2,乒乓球厅-1号,07:00-08:00,0,1,不开放/已过期,,多云,18,17,3,0.0,85,48
2026-05-21 00:30:49,2026-05-21,2,乒乓球厅-1号,08:00-09:00,0,1,可预约,￥0.0,多云,15,13,3,0.0,100,26
2026-05-21 01:00:55,2026-05-21,2,乒乓球厅-1号,08:00-09:00,0,1,可预约,￥0.0,多云,15,12,4,0.0,100,26
2026-05-21 01:30:47,2026-05-21,2,乒乓球厅-1号,08:00-09:00,0,1,可预约,￥0.0,多云,15,13,4,0.0,100,28
2026-05-21 02:00:53,2026-05-21,2,乒乓球厅-1号,08:00-09:00,0,1,可预约,￥0.0,多云,15,12,4,0.0,100,28
2026-05-21 02:30:49,2026-05-21,2,乒乓球厅-1号,08:00-09:00,0,1,可预约,￥0.0,多云,15,14,3,0.0,100,29
2026-05-21 03:00:55,2026-05-21,2,乒乓球厅-1号,08:00-09:00,0,1,可预约,￥0.0,多云,15,12,4,0.0,100,29
2026-05-21 03:30:49,2026-05-21,2,乒乓球厅-1号,08:00-09:00,0,1,可预约,￥0.0,多云,15,14,3,0.0,100,30
2026-05-21 04:30:45,2026-05-21,2,乒乓球厅-1号,08:00-09:00,0,1,可预约,￥0.0,多云,15,12,4,0.0,100,29
2026-05-21 05:00:52,2026-05-21,2,乒乓球厅-1号,08:00-09:00,0,1,可预约,￥0.0,多云,15,12,4,0.0,100,29
2026-05-21 05:30:49,2026-05-21,2,乒乓球厅-1号,08:00-09:00,0,1,可预约,￥0.0,多云,15,13,3,0.0,100,28
2026-05-21 06:00:50,2026-05-21,2,乒乓球厅-1号,08:00-09:00,0,1,可预约,￥0.0,多云,15,13,4,0.0,99,28
2026-05-21 06:30:38,2026-05-21,2,乒乓球厅-1号,08:00-09:00,0,1,可预约,￥0.0,多云,15,13,3,0.0,97,28
2026-05-21 07:00:43,2026-05-21,2,乒乓球厅-1号,08:00-09:00,0,1,可预约,￥0.0,晴,15,11,5,0.0,93,28
2026-05-21 07:30:39,2026-05-21,2,乒乓球厅-1号,08:00-09:00,0,1,可预约,￥0.0,晴,17,13,4,0.0,89,29
2026-05-21 07:50:40,2026-05-21,2,乒乓球厅-1号,08:00-09:00,0,1,可预约,￥0.0,晴,17,13,4,0.0,88,29
2026-05-21 07:53:31,2026-05-21,2,乒乓球厅-1号,08:00-09:00,0,1,可预约,￥0.0,晴,17,12,5,0.0,86,29
2026-05-21 07:56:31,2026-05-21,2,乒乓球厅-1号,08:00-09:00,0,1,可预约,￥0.0,晴,17,12,5,0.0,86,29
2026-05-21 07:59:26,2026-05-21,2,乒乓球厅-1号,08:00-09:00,0,1,可预约,￥0.0,晴,17,12,5,0.0,86,29
2026-05-21 08:00:45,2026-05-21,2,乒乓球厅-1号,08:00-09:00,0,1,可预约,￥0.0,晴,17,12,5,0.0,86,29
2026-05-21 08:02:30,2026-05-21,2,乒乓球厅-1号,08:00-09:00,0,1,可预约,￥0.0,多云,17,12,5,0.0,87,29
2026-05-21 08:05:36,2026-05-21,2,乒乓球厅-1号,08:00-09:00,0,1,可预约,￥0.0,多云,17,12,5,0.0,86,29
2026-05-21 08:08:31,2026-05-21,2,乒乓球厅-1号,08:00-09:00,0,1,可预约,￥0.0,多云,17,12,5,0.0,86,29
2026-05-21 08:11:30,2026-05-21,2,乒乓球厅-1号,08:00-09:00,0,1,可预约,￥0.0,多云,17,12,5,0.0,86,29
2026-05-21 08:14:31,2026-05-21,2,乒乓球厅-1号,08:00-09:00,0,1,可预约,￥0.0,多云,17,12,5,0.0,86,29
2026-05-21 08:17:30,2026-05-21,2,乒乓球厅-1号,08:00-09:00,0,1,可预约,￥0.0,多云,17,12,5,0.0,86,29
2026-05-21 08:20:35,2026-05-21,2,乒乓球厅-1号,08:00-09:00,0,1,可预约,￥0.0,多云,17,14,4,0.0,85,29
2026-05-21 08:25:32,2026-05-21,2,乒乓球厅-1号,08:00-09:00,0,1,可预约,￥0.0,多云,17,14,4,0.0,85,28
2026-05-21 08:30:42,2026-05-21,2,乒乓球厅-1号,08:00-09:00,0,1,可预约,￥0.0,多云,18,15,4,0.0,84,28
2026-05-21 08:35:31,2026-05-21,2,乒乓球厅-1号,08:00-09:00,0,1,可预约,￥0.0,多云,18,15,4,0.0,84,28
2026-05-21 08:40:38,2026-05-21,2,乒乓球厅-1号,08:00-09:00,0,1,可预约,￥0.0,多云,18,15,4,0.0,82,28
2026-05-21 08:45:33,2026-05-21,2,乒乓球厅-1号,08:00-09:00,0,1,可预约,￥0.0,多云,18,15,4,0.0,82,28
2026-05-21 08:50:36,2026-05-21,2,乒乓球厅-1号,08:00-09:00,0,1,可预约,￥0.0,多云,18,15,4,0.0,82,28
2026-05-21 08:55:34,2026-05-21,2,乒乓球厅-1号,08:00-09:00,0,1,可预约,￥0.0,多云,18,15,4,0.0,84,28
2026-05-21 09:00:51,2026-05-21,2,乒乓球厅-1号,08:00-09:00,0,1,不开放/已过期,,多云,18,15,4,0.0,84,28
2026-05-21 09:01:59,2026-05-21,2,乒乓球厅-1号,08:00-09:00,0,1,不开放/已过期,,多云,18,15,4,0.0,83,28
2026-05-21 09:05:33,2026-05-21,2,乒乓球厅-1号,08:00-09:00,0,1,不开放/已过期,,多云,18,15,4,0.0,83,28
2026-05-21 09:20:38,2026-05-21,2,乒乓球厅-1号,08:00-09:00,0,1,不开放/已过期,,多云,18,16,3,0.0,81,28
2026-05-21 09:30:46,2026-05-21,2,乒乓球厅-1号,08:00-09:00,0,1,不开放/已过期,,多云,18,16,3,0.0,81,32
2026-05-21 09:40:36,2026-05-21,2,乒乓球厅-1号,08:00-09:00,0,1,不开放/已过期,,多云,19,17,3,0.0,79,32
2026-05-21 09:50:42,2026-05-21,2,乒乓球厅-1号,08:00-09:00,0,1,不开放/已过期,,多云,19,17,4,0.0,81,32
2026-05-21 10:00:46,2026-05-21,2,乒乓球厅-1号,08:00-09:00,0,1,不开放/已过期,,多云,19,17,4,0.0,79,32
2026-05-21 10:10:40,2026-05-21,2,乒乓球厅-1号,08:00-09:00,0,1,不开放/已过期,,多云,19,17,4,0.0,79,32
2026-05-21 10:20:38,2026-05-21,2,乒乓球厅-1号,08:00-09:00,0,1,不开放/已过期,,多云,19,17,4,0.0,79,32
2026-05-21 10:30:41,2026-05-21,2,乒乓球厅-1号,08:00-09:00,0,1,不开放/已过期,,多云,19,18,3,0.0,78,31
2026-05-21 11:00:44,2026-05-21,2,乒乓球厅-1号,08:00-09:00,0,1,不开放/已过期,,多云,21,17,5,0.0,74,31
2026-05-21 11:30:38,2026-05-21,2,乒乓球厅-1号,08:00-09:00,0,1,不开放/已过期,,多云,21,19,3,0.0,72,33
2026-05-21 12:00:46,2026-05-21,2,乒乓球厅-1号,08:00-09:00,0,1,不开放/已过期,,多云,22,19,4,0.0,70,33
2026-05-21 12:30:42,2026-05-21,2,乒乓球厅-1号,08:00-09:00,0,1,不开放/已过期,,多云,22,21,3,0.0,68,35
2026-05-21 13:00:43,2026-05-21,2,乒乓球厅-1号,08:00-09:00,0,1,不开放/已过期,,多云,24,22,4,0.0,66,35
2026-05-21 13:30:43,2026-05-21,2,乒乓球厅-1号,08:00-09:00,0,1,不开放/已过期,,多云,24,22,4,0.0,66,36
2026-05-21 14:00:48,2026-05-21,2,乒乓球厅-1号,08:00-09:00,0,1,不开放/已过期,,多云,25,23,4,0.0,66,36
2026-05-21 14:30:45,2026-05-21,2,乒乓球厅-1号,08:00-09:00,0,1,不开放/已过期,,晴,25,25,3,0.0,65,39
2026-05-21 15:00:45,2026-05-21,2,乒乓球厅-1号,08:00-09:00,0,1,不开放/已过期,,晴,25,22,4,0.0,56,39
2026-05-21 15:30:43,2026-05-21,2,乒乓球厅-1号,08:00-09:00,0,1,不开放/已过期,,晴,25,23,4,0.0,57,40
2026-05-21 16:00:51,2026-05-21,2,乒乓球厅-1号,08:00-09:00,0,1,不开放/已过期,,晴,25,23,4,0.0,57,40
2026-05-21 16:30:48,2026-05-21,2,乒乓球厅-1号,08:00-09:00,0,1,不开放/已过期,,晴,25,24,3,0.0,60,39
2026-05-21 17:00:49,2026-05-21,2,乒乓球厅-1号,08:00-09:00,0,1,不开放/已过期,,晴,25,24,4,0.0,61,39
2026-05-21 17:30:47,2026-05-21,2,乒乓球厅-1号,08:00-09:00,0,1,不开放/已过期,,多云,24,23,3,0.0,64,39
2026-05-21 18:00:50,2026-05-21,2,乒乓球厅-1号,08:00-09:00,0,1,不开放/已过期,,多云,24,23,3,0.0,68,39
2026-05-21 18:30:50,2026-05-21,2,乒乓球厅-1号,08:00-09:00,0,1,不开放/已过期,,阴,24,25,2,0.0,68,40
2026-05-21 19:00:50,2026-05-21,2,乒乓球厅-1号,08:00-09:00,0,1,不开放/已过期,,阴,23,23,3,0.0,76,40
2026-05-21 19:30:46,2026-05-21,2,乒乓球厅-1号,08:00-09:00,0,1,不开放/已过期,,阴,23,24,2,0.0,77,39
2026-05-21 20:00:49,2026-05-21,2,乒乓球厅-1号,08:00-09:00,0,1,不开放/已过期,,雾,22,23,2,0.0,89,39
2026-05-21 20:30:44,2026-05-21,2,乒乓球厅-1号,08:00-09:00,0,1,不开放/已过期,,雾,22,24,2,0.0,93,43
2026-05-21 21:00:56,2026-05-21,2,乒乓球厅-1号,08:00-09:00,0,1,不开放/已过期,,雾,20,21,2,0.0,98,43
2026-05-21 21:30:46,2026-05-21,2,乒乓球厅-1号,08:00-09:00,0,1,不开放/已过期,,雾,20,22,1,0.0,99,41
2026-05-21 22:01:02,2026-05-21,2,乒乓球厅-1号,08:00-09:00,0,1,不开放/已过期,,雾,19,20,2,0.0,93,41
2026-05-21 22:30:47,2026-05-21,2,乒乓球厅-1号,08:00-09:00,0,1,不开放/已过期,,雾,19,19,3,0.0,88,46
2026-05-21 23:00:56,2026-05-21,2,乒乓球厅-1号,08:00-09:00,0,1,不开放/已过期,,多云,18,17,3,0.0,85,46
2026-05-21 23:30:55,2026-05-21,2,乒乓球厅-1号,08:00-09:00,0,1,不开放/已过期,,多云,18,17,3,0.0,85,48
2026-05-21 00:30:49,2026-05-21,2,乒乓球厅-1号,09:00-10:00,0,1,可预约,￥5.0,多云,15,13,3,0.0,100,26
2026-05-21 01:00:55,2026-05-21,2,乒乓球厅-1号,09:00-10:00,0,1,可预约,￥5.0,多云,15,12,4,0.0,100,26
2026-05-21 01:30:47,2026-05-21,2,乒乓球厅-1号,09:00-10:00,0,1,可预约,￥5.0,多云,15,13,4,0.0,100,28
2026-05-21 02:00:53,2026-05-21,2,乒乓球厅-1号,09:00-10:00,0,1,可预约,￥5.0,多云,15,12,4,0.0,100,28
2026-05-21 02:30:49,2026-05-21,2,乒乓球厅-1号,09:00-10:00,0,1,可预约,￥5.0,多云,15,14,3,0.0,100,29
2026-05-21 03:00:55,2026-05-21,2,乒乓球厅-1号,09:00-10:00,0,1,可预约,￥5.0,多云,15,12,4,0.0,100,29
2026-05-21 03:30:49,2026-05-21,2,乒乓球厅-1号,09:00-10:00,0,1,可预约,￥5.0,多云,15,14,3,0.0,100,30
2026-05-21 04:30:45,2026-05-21,2,乒乓球厅-1号,09:00-10:00,0,1,可预约,￥5.0,多云,15,12,4,0.0,100,29
2026-05-21 05:00:52,2026-05-21,2,乒乓球厅-1号,09:00-10:00,0,1,可预约,￥5.0,多云,15,12,4,0.0,100,29
2026-05-21 05:30:49,2026-05-21,2,乒乓球厅-1号,09:00-10:00,0,1,可预约,￥5.0,多云,15,13,3,0.0,100,28
2026-05-21 06:00:50,2026-05-21,2,乒乓球厅-1号,09:00-10:00,0,1,可预约,￥5.0,多云,15,13,4,0.0,99,28
2026-05-21 06:30:38,2026-05-21,2,乒乓球厅-1号,09:00-10:00,0,1,可预约,￥5.0,多云,15,13,3,0.0,97,28
2026-05-21 07:00:43,2026-05-21,2,乒乓球厅-1号,09:00-10:00,0,1,可预约,￥5.0,晴,15,11,5,0.0,93,28
2026-05-21 07:30:39,2026-05-21,2,乒乓球厅-1号,09:00-10:00,0,1,可预约,￥5.0,晴,17,13,4,0.0,89,29
2026-05-21 07:50:40,2026-05-21,2,乒乓球厅-1号,09:00-10:00,0,1,可预约,￥5.0,晴,17,13,4,0.0,88,29
2026-05-21 07:53:31,2026-05-21,2,乒乓球厅-1号,09:00-10:00,0,1,可预约,￥5.0,晴,17,12,5,0.0,86,29
2026-05-21 07:56:31,2026-05-21,2,乒乓球厅-1号,09:00-10:00,0,1,可预约,￥5.0,晴,17,12,5,0.0,86,29
2026-05-21 07:59:26,2026-05-21,2,乒乓球厅-1号,09:00-10:00,0,1,可预约,￥5.0,晴,17,12,5,0.0,86,29
2026-05-21 08:00:45,2026-05-21,2,乒乓球厅-1号,09:00-10:00,0,1,可预约,￥5.0,晴,17,12,5,0.0,86,29
2026-05-21 08:02:30,2026-05-21,2,乒乓球厅-1号,09:00-10:00,0,1,可预约,￥5.0,多云,17,12,5,0.0,87,29
2026-05-21 08:05:36,2026-05-21,2,乒乓球厅-1号,09:00-10:00,0,1,可预约,￥5.0,多云,17,12,5,0.0,86,29
2026-05-21 08:08:31,2026-05-21,2,乒乓球厅-1号,09:00-10:00,0,1,可预约,￥5.0,多云,17,12,5,0.0,86,29
2026-05-21 08:11:30,2026-05-21,2,乒乓球厅-1号,09:00-10:00,0,1,可预约,￥5.0,多云,17,12,5,0.0,86,29
2026-05-21 08:14:31,2026-05-21,2,乒乓球厅-1号,09:00-10:00,0,1,可预约,￥5.0,多云,17,12,5,0.0,86,29
2026-05-21 08:17:30,2026-05-21,2,乒乓球厅-1号,09:00-10:00,0,1,可预约,￥5.0,多云,17,12,5,0.0,86,29
2026-05-21 08:20:35,2026-05-21,2,乒乓球厅-1号,09:00-10:00,0,1,可预约,￥5.0,多云,17,14,4,0.0,85,29
2026-05-21 08:25:32,2026-05-21,2,乒乓球厅-1号,09:00-10:00,0,1,可预约,￥5.0,多云,17,14,4,0.0,85,28
2026-05-21 08:30:42,2026-05-21,2,乒乓球厅-1号,09:00-10:00,0,1,可预约,￥5.0,多云,18,15,4,0.0,84,28
2026-05-21 08:35:31,2026-05-21,2,乒乓球厅-1号,09:00-10:00,0,1,可预约,￥5.0,多云,18,15,4,0.0,84,28
2026-05-21 08:40:38,2026-05-21,2,乒乓球厅-1号,09:00-10:00,0,1,可预约,￥5.0,多云,18,15,4,0.0,82,28
2026-05-21 08:45:33,2026-05-21,2,乒乓球厅-1号,09:00-10:00,0,1,可预约,￥5.0,多云,18,15,4,0.0,82,28
2026-05-21 08:50:36,2026-05-21,2,乒乓球厅-1号,09:00-10:00,0,1,可预约,￥5.0,多云,18,15,4,0.0,82,28
2026-05-21 08:55:34,2026-05-21,2,乒乓球厅-1号,09:00-10:00,0,1,可预约,￥5.0,多云,18,15,4,0.0,84,28
2026-05-21 09:00:51,2026-05-21,2,乒乓球厅-1号,09:00-10:00,0,1,可预约,￥5.0,多云,18,15,4,0.0,84,28
2026-05-21 09:01:59,2026-05-21,2,乒乓球厅-1号,09:00-10:00,0,1,可预约,￥5.0,多云,18,15,4,0.0,83,28
2026-05-21 09:05:33,2026-05-21,2,乒乓球厅-1号,09:00-10:00,0,1,可预约,￥5.0,多云,18,15,4,0.0,83,28
2026-05-21 09:20:38,2026-05-21,2,乒乓球厅-1号,09:00-10:00,0,1,可预约,￥5.0,多云,18,16,3,0.0,81,28
2026-05-21 09:30:46,2026-05-21,2,乒乓球厅-1号,09:00-10:00,0,1,可预约,￥5.0,多云,18,16,3,0.0,81,32
2026-05-21 09:40:36,2026-05-21,2,乒乓球厅-1号,09:00-10:00,0,1,可预约,￥5.0,多云,19,17,3,0.0,79,32
2026-05-21 09:50:42,2026-05-21,2,乒乓球厅-1号,09:00-10:00,0,1,可预约,￥5.0,多云,19,17,4,0.0,81,32
2026-05-21 10:00:46,2026-05-21,2,乒乓球厅-1号,09:00-10:00,0,1,不开放/已过期,,多云,19,17,4,0.0,79,32
2026-05-21 10:10:40,2026-05-21,2,乒乓球厅-1号,09:00-10:00,0,1,不开放/已过期,,多云,19,17,4,0.0,79,32
2026-05-21 10:20:38,2026-05-21,2,乒乓球厅-1号,09:00-10:00,0,1,不开放/已过期,,多云,19,17,4,0.0,79,32
2026-05-21 10:30:41,2026-05-21,2,乒乓球厅-1号,09:00-10:00,0,1,不开放/已过期,,多云,19,18,3,0.0,78,31
2026-05-21 11:00:44,2026-05-21,2,乒乓球厅-1号,09:00-10:00,0,1,不开放/已过期,,多云,21,17,5,0.0,74,31
2026-05-21 11:30:38,2026-05-21,2,乒乓球厅-1号,09:00-10:00,0,1,不开放/已过期,,多云,21,19,3,0.0,72,33
2026-05-21 12:00:46,2026-05-21,2,乒乓球厅-1号,09:00-10:00,0,1,不开放/已过期,,多云,22,19,4,0.0,70,33
2026-05-21 12:30:42,2026-05-21,2,乒乓球厅-1号,09:00-10:00,0,1,不开放/已过期,,多云,22,21,3,0.0,68,35
2026-05-21 13:00:43,2026-05-21,2,乒乓球厅-1号,09:00-10:00,0,1,不开放/已过期,,多云,24,22,4,0.0,66,35
2026-05-21 13:30:43,2026-05-21,2,乒乓球厅-1号,09:00-10:00,0,1,不开放/已过期,,多云,24,22,4,0.0,66,36
2026-05-21 14:00:48,2026-05-21,2,乒乓球厅-1号,09:00-10:00,0,1,不开放/已过期,,多云,25,23,4,0.0,66,36
2026-05-21 14:30:45,2026-05-21,2,乒乓球厅-1号,09:00-10:00,0,1,不开放/已过期,,晴,25,25,3,0.0,65,39
2026-05-21 15:00:45,2026-05-21,2,乒乓球厅-1号,09:00-10:00,0,1,不开放/已过期,,晴,25,22,4,0.0,56,39
2026-05-21 15:30:43,2026-05-21,2,乒乓球厅-1号,09:00-10:00,0,1,不开放/已过期,,晴,25,23,4,0.0,57,40
2026-05-21 16:00:51,2026-05-21,2,乒乓球厅-1号,09:00-10:00,0,1,不开放/已过期,,晴,25,23,4,0.0,57,40
2026-05-21 16:30:48,2026-05-21,2,乒乓球厅-1号,09:00-10:00,0,1,不开放/已过期,,晴,25,24,3,0.0,60,39
2026-05-21 17:00:49,2026-05-21,2,乒乓球厅-1号,09:00-10:00,0,1,不开放/已过期,,晴,25,24,4,0.0,61,39
2026-05-21 17:30:47,2026-05-21,2,乒乓球厅-1号,09:00-10:00,0,1,不开放/已过期,,多云,24,23,3,0.0,64,39
2026-05-21 18:00:50,2026-05-21,2,乒乓球厅-1号,09:00-10:00,0,1,不开放/已过期,,多云,24,23,3,0.0,68,39
2026-05-21 18:30:50,2026-05-21,2,乒乓球厅-1号,09:00-10:00,0,1,不开放/已过期,,阴,24,25,2,0.0,68,40
2026-05-21 19:00:50,2026-05-21,2,乒乓球厅-1号,09:00-10:00,0,1,不开放/已过期,,阴,23,23,3,0.0,76,40
2026-05-21 19:30:46,2026-05-21,2,乒乓球厅-1号,09:00-10:00,0,1,不开放/已过期,,阴,23,24,2,0.0,77,39
2026-05-21 20:00:49,2026-05-21,2,乒乓球厅-1号,09:00-10:00,0,1,不开放/已过期,,雾,22,23,2,0.0,89,39
2026-05-21 20:30:44,2026-05-21,2,乒乓球厅-1号,09:00-10:00,0,1,不开放/已过期,,雾,22,24,2,0.0,93,43
2026-05-21 21:00:56,2026-05-21,2,乒乓球厅-1号,09:00-10:00,0,1,不开放/已过期,,雾,20,21,2,0.0,98,43
2026-05-21 21:30:46,2026-05-21,2,乒乓球厅-1号,09:00-10:00,0,1,不开放/已过期,,雾,20,22,1,0.0,99,41
2026-05-21 22:01:02,2026-05-21,2,乒乓球厅-1号,09:00-10:00,0,1,不开放/已过期,,雾,19,20,2,0.0,93,41
2026-05-21 22:30:47,2026-05-21,2,乒乓球厅-1号,09:00-10:00,0,1,不开放/已过期,,雾,19,19,3,0.0,88,46
2026-05-21 23:00:56,2026-05-21,2,乒乓球厅-1号,09:00-10:00,0,1,不开放/已过期,,多云,18,17,3,0.0,85,46
2026-05-21 23:30:55,2026-05-21,2,乒乓球厅-1号,09:00-10:00,0,1,不开放/已过期,,多云,18,17,3,0.0,85,48
2026-05-21 00:30:49,2026-05-21,2,乒乓球厅-1号,10:00-11:00,1,1,已售/已满,教学时间,多云,15,13,3,0.0,100,26
2026-05-21 01:00:55,2026-05-21,2,乒乓球厅-1号,10:00-11:00,1,1,已售/已满,教学时间,多云,15,12,4,0.0,100,26
2026-05-21 01:30:47,2026-05-21,2,乒乓球厅-1号,10:00-11:00,1,1,已售/已满,教学时间,多云,15,13,4,0.0,100,28
2026-05-21 02:00:53,2026-05-21,2,乒乓球厅-1号,10:00-11:00,1,1,已售/已满,教学时间,多云,15,12,4,0.0,100,28
2026-05-21 02:30:49,2026-05-21,2,乒乓球厅-1号,10:00-11:00,1,1,已售/已满,教学时间,多云,15,14,3,0.0,100,29
2026-05-21 03:00:55,2026-05-21,2,乒乓球厅-1号,10:00-11:00,1,1,已售/已满,教学时间,多云,15,12,4,0.0,100,29
2026-05-21 03:30:49,2026-05-21,2,乒乓球厅-1号,10:00-11:00,1,1,已售/已满,教学时间,多云,15,14,3,0.0,100,30
2026-05-21 04:30:45,2026-05-21,2,乒乓球厅-1号,10:00-11:00,1,1,已售/已满,教学时间,多云,15,12,4,0.0,100,29
2026-05-21 05:00:52,2026-05-21,2,乒乓球厅-1号,10:00-11:00,1,1,已售/已满,教学时间,多云,15,12,4,0.0,100,29
2026-05-21 05:30:49,2026-05-21,2,乒乓球厅-1号,10:00-11:00,1,1,已售/已满,教学时间,多云,15,13,3,0.0,100,28
2026-05-21 06:00:50,2026-05-21,2,乒乓球厅-1号,10:00-11:00,1,1,已售/已满,教学时间,多云,15,13,4,0.0,99,28
2026-05-21 06:30:38,2026-05-21,2,乒乓球厅-1号,10:00-11:00,1,1,已售/已满,教学时间,多云,15,13,3,0.0,97,28
2026-05-21 07:00:43,2026-05-21,2,乒乓球厅-1号,10:00-11:00,1,1,已售/已满,教学时间,晴,15,11,5,0.0,93,28
2026-05-21 07:30:39,2026-05-21,2,乒乓球厅-1号,10:00-11:00,1,1,已售/已满,教学时间,晴,17,13,4,0.0,89,29
2026-05-21 07:50:40,2026-05-21,2,乒乓球厅-1号,10:00-11:00,1,1,已售/已满,教学时间,晴,17,13,4,0.0,88,29
2026-05-21 07:53:31,2026-05-21,2,乒乓球厅-1号,10:00-11:00,1,1,已售/已满,教学时间,晴,17,12,5,0.0,86,29
2026-05-21 07:56:31,2026-05-21,2,乒乓球厅-1号,10:00-11:00,1,1,已售/已满,教学时间,晴,17,12,5,0.0,86,29
2026-05-21 07:59:26,2026-05-21,2,乒乓球厅-1号,10:00-11:00,1,1,已售/已满,教学时间,晴,17,12,5,0.0,86,29
2026-05-21 08:00:45,2026-05-21,2,乒乓球厅-1号,10:00-11:00,1,1,已售/已满,教学时间,晴,17,12,5,0.0,86,29
2026-05-21 08:02:30,2026-05-21,2,乒乓球厅-1号,10:00-11:00,1,1,已售/已满,教学时间,多云,17,12,5,0.0,87,29
2026-05-21 08:05:36,2026-05-21,2,乒乓球厅-1号,10:00-11:00,1,1,已售/已满,教学时间,多云,17,12,5,0.0,86,29
2026-05-21 08:08:31,2026-05-21,2,乒乓球厅-1号,10:00-11:00,1,1,已售/已满,教学时间,多云,17,12,5,0.0,86,29
2026-05-21 08:11:30,2026-05-21,2,乒乓球厅-1号,10:00-11:00,1,1,已售/已满,教学时间,多云,17,12,5,0.0,86,29
2026-05-21 08:14:31,2026-05-21,2,乒乓球厅-1号,10:00-11:00,1,1,已售/已满,教学时间,多云,17,12,5,0.0,86,29
2026-05-21 08:17:30,2026-05-21,2,乒乓球厅-1号,10:00-11:00,1,1,已售/已满,教学时间,多云,17,12,5,0.0,86,29
2026-05-21 08:20:35,2026-05-21,2,乒乓球厅-1号,10:00-11:00,1,1,已售/已满,教学时间,多云,17,14,4,0.0,85,29
2026-05-21 08:25:32,2026-05-21,2,乒乓球厅-1号,10:00-11:00,1,1,已售/已满,教学时间,多云,17,14,4,0.0,85,28
2026-05-21 08:30:42,2026-05-21,2,乒乓球厅-1号,10:00-11:00,1,1,已售/已满,教学时间,多云,18,15,4,0.0,84,28
2026-05-21 08:35:31,2026-05-21,2,乒乓球厅-1号,10:00-11:00,1,1,已售/已满,教学时间,多云,18,15,4,0.0,84,28
2026-05-21 08:40:38,2026-05-21,2,乒乓球厅-1号,10:00-11:00,1,1,已售/已满,教学时间,多云,18,15,4,0.0,82,28
2026-05-21 08:45:33,2026-05-21,2,乒乓球厅-1号,10:00-11:00,1,1,已售/已满,教学时间,多云,18,15,4,0.0,82,28
2026-05-21 08:50:36,2026-05-21,2,乒乓球厅-1号,10:00-11:00,1,1,已售/已满,教学时间,多云,18,15,4,0.0,82,28
2026-05-21 08:55:34,2026-05-21,2,乒乓球厅-1号,10:00-11:00,1,1,已售/已满,教学时间,多云,18,15,4,0.0,84,28
2026-05-21 09:00:51,2026-05-21,2,乒乓球厅-1号,10:00-11:00,1,1,已售/已满,教学时间,多云,18,15,4,0.0,84,28
2026-05-21 09:01:59,2026-05-21,2,乒乓球厅-1号,10:00-11:00,1,1,已售/已满,教学时间,多云,18,15,4,0.0,83,28
2026-05-21 09:05:33,2026-05-21,2,乒乓球厅-1号,10:00-11:00,1,1,已售/已满,教学时间,多云,18,15,4,0.0,83,28
2026-05-21 09:20:38,2026-05-21,2,乒乓球厅-1号,10:00-11:00,1,1,已售/已满,教学时间,多云,18,16,3,0.0,81,28
2026-05-21 09:30:46,2026-05-21,2,乒乓球厅-1号,10:00-11:00,1,1,已售/已满,教学时间,多云,18,16,3,0.0,81,32
2026-05-21 09:40:36,2026-05-21,2,乒乓球厅-1号,10:00-11:00,1,1,已售/已满,教学时间,多云,19,17,3,0.0,79,32
2026-05-21 09:50:42,2026-05-21,2,乒乓球厅-1号,10:00-11:00,1,1,已售/已满,教学时间,多云,19,17,4,0.0,81,32
2026-05-21 10:00:46,2026-05-21,2,乒乓球厅-1号,10:00-11:00,1,1,已售/已满,教学时间,多云,19,17,4,0.0,79,32
2026-05-21 10:10:40,2026-05-21,2,乒乓球厅-1号,10:00-11:00,1,1,已售/已满,教学时间,多云,19,17,4,0.0,79,32
2026-05-21 10:20:38,2026-05-21,2,乒乓球厅-1号,10:00-11:00,1,1,已售/已满,教学时间,多云,19,17,4,0.0,79,32
2026-05-21 10:30:41,2026-05-21,2,乒乓球厅-1号,10:00-11:00,1,1,已售/已满,教学时间,多云,19,18,3,0.0,78,31
2026-05-21 11:00:44,2026-05-21,2,乒乓球厅-1号,10:00-11:00,1,1,已售/已满,教学时间,多云,21,17,5,0.0,74,31
2026-05-21 11:30:38,2026-05-21,2,乒乓球厅-1号,10:00-11:00,1,1,已售/已满,教学时间,多云,21,19,3,0.0,72,33
2026-05-21 12:00:46,2026-05-21,2,乒乓球厅-1号,10:00-11:00,1,1,已售/已满,教学时间,多云,22,19,4,0.0,70,33
2026-05-21 12:30:42,2026-05-21,2,乒乓球厅-1号,10:00-11:00,1,1,已售/已满,教学时间,多云,22,21,3,0.0,68,35
2026-05-21 13:00:43,2026-05-21,2,乒乓球厅-1号,10:00-11:00,1,1,已售/已满,教学时间,多云,24,22,4,0.0,66,35
2026-05-21 13:30:43,2026-05-21,2,乒乓球厅-1号,10:00-11:00,1,1,已售/已满,教学时间,多云,24,22,4,0.0,66,36
2026-05-21 14:00:48,2026-05-21,2,乒乓球厅-1号,10:00-11:00,1,1,已售/已满,教学时间,多云,25,23,4,0.0,66,36
2026-05-21 14:30:45,2026-05-21,2,乒乓球厅-1号,10:00-11:00,1,1,已售/已满,教学时间,晴,25,25,3,0.0,65,39
2026-05-21 15:00:45,2026-05-21,2,乒乓球厅-1号,10:00-11:00,1,1,已售/已满,教学时间,晴,25,22,4,0.0,56,39
2026-05-21 15:30:43,2026-05-21,2,乒乓球厅-1号,10:00-11:00,1,1,已售/已满,教学时间,晴,25,23,4,0.0,57,40
2026-05-21 16:00:51,2026-05-21,2,乒乓球厅-1号,10:00-11:00,1,1,已售/已满,教学时间,晴,25,23,4,0.0,57,40
2026-05-21 16:30:48,2026-05-21,2,乒乓球厅-1号,10:00-11:00,1,1,已售/已满,教学时间,晴,25,24,3,0.0,60,39
2026-05-21 17:00:49,2026-05-21,2,乒乓球厅-1号,10:00-11:00,1,1,已售/已满,教学时间,晴,25,24,4,0.0,61,39
2026-05-21 17:30:47,2026-05-21,2,乒乓球厅-1号,10:00-11:00,1,1,已售/已满,教学时间,多云,24,23,3,0.0,64,39
2026-05-21 18:00:50,2026-05-21,2,乒乓球厅-1号,10:00-11:00,1,1,已售/已满,教学时间,多云,24,23,3,0.0,68,39
2026-05-21 18:30:50,2026-05-21,2,乒乓球厅-1号,10:00-11:00,1,1,已售/已满,教学时间,阴,24,25,2,0.0,68,40
2026-05-21 19:00:50,2026-05-21,2,乒乓球厅-1号,10:00-11:00,1,1,已售/已满,教学时间,阴,23,23,3,0.0,76,40
2026-05-21 19:30:46,2026-05-21,2,乒乓球厅-1号,10:00-11:00,1,1,已售/已满,教学时间,阴,23,24,2,0.0,77,39
2026-05-21 20:00:49,2026-05-21,2,乒乓球厅-1号,10:00-11:00,1,1,已售/已满,教学时间,雾,22,23,2,0.0,89,39
2026-05-21 20:30:44,2026-05-21,2,乒乓球厅-1号,10:00-11:00,1,1,已售/已满,教学时间,雾,22,24,2,0.0,93,43
2026-05-21 21:00:56,2026-05-21,2,乒乓球厅-1号,10:00-11:00,1,1,已售/已满,教学时间,雾,20,21,2,0.0,98,43
2026-05-21 21:30:46,2026-05-21,2,乒乓球厅-1号,10:00-11:00,1,1,已售/已满,教学时间,雾,20,22,1,0.0,99,41
2026-05-21 22:01:02,2026-05-21,2,乒乓球厅-1号,10:00-11:00,1,1,已售/已满,教学时间,雾,19,20,2,0.0,93,41
2026-05-21 22:30:47,2026-05-21,2,乒乓球厅-1号,10:00-11:00,1,1,已售/已满,教学时间,雾,19,19,3,0.0,88,46
2026-05-21 23:00:56,2026-05-21,2,乒乓球厅-1号,10:00-11:00,1,1,已售/已满,教学时间,多云,18,17,3,0.0,85,46
2026-05-21 23:30:55,2026-05-21,2,乒乓球厅-1号,10:00-11:00,1,1,已售/已满,教学时间,多云,18,17,3,0.0,85,48
2026-05-21 00:30:49,2026-05-21,2,乒乓球厅-1号,11:00-12:00,1,1,已售/已满,教学时间,多云,15,13,3,0.0,100,26
2026-05-21 01:00:55,2026-05-21,2,乒乓球厅-1号,11:00-12:00,1,1,已售/已满,教学时间,多云,15,12,4,0.0,100,26
2026-05-21 01:30:47,2026-05-21,2,乒乓球厅-1号,11:00-12:00,1,1,已售/已满,教学时间,多云,15,13,4,0.0,100,28
2026-05-21 02:00:53,2026-05-21,2,乒乓球厅-1号,11:00-12:00,1,1,已售/已满,教学时间,多云,15,12,4,0.0,100,28
2026-05-21 02:30:49,2026-05-21,2,乒乓球厅-1号,11:00-12:00,1,1,已售/已满,教学时间,多云,15,14,3,0.0,100,29
2026-05-21 03:00:55,2026-05-21,2,乒乓球厅-1号,11:00-12:00,1,1,已售/已满,教学时间,多云,15,12,4,0.0,100,29
2026-05-21 03:30:49,2026-05-21,2,乒乓球厅-1号,11:00-12:00,1,1,已售/已满,教学时间,多云,15,14,3,0.0,100,30
2026-05-21 04:30:45,2026-05-21,2,乒乓球厅-1号,11:00-12:00,1,1,已售/已满,教学时间,多云,15,12,4,0.0,100,29
2026-05-21 05:00:52,2026-05-21,2,乒乓球厅-1号,11:00-12:00,1,1,已售/已满,教学时间,多云,15,12,4,0.0,100,29
2026-05-21 05:30:49,2026-05-21,2,乒乓球厅-1号,11:00-12:00,1,1,已售/已满,教学时间,多云,15,13,3,0.0,100,28
2026-05-21 06:00:50,2026-05-21,2,乒乓球厅-1号,11:00-12:00,1,1,已售/已满,教学时间,多云,15,13,4,0.0,99,28
2026-05-21 06:30:38,2026-05-21,2,乒乓球厅-1号,11:00-12:00,1,1,已售/已满,教学时间,多云,15,13,3,0.0,97,28
2026-05-21 07:00:43,2026-05-21,2,乒乓球厅-1号,11:00-12:00,1,1,已售/已满,教学时间,晴,15,11,5,0.0,93,28
2026-05-21 07:30:39,2026-05-21,2,乒乓球厅-1号,11:00-12:00,1,1,已售/已满,教学时间,晴,17,13,4,0.0,89,29
2026-05-21 07:50:40,2026-05-21,2,乒乓球厅-1号,11:00-12:00,1,1,已售/已满,教学时间,晴,17,13,4,0.0,88,29
2026-05-21 07:53:31,2026-05-21,2,乒乓球厅-1号,11:00-12:00,1,1,已售/已满,教学时间,晴,17,12,5,0.0,86,29
2026-05-21 07:56:31,2026-05-21,2,乒乓球厅-1号,11:00-12:00,1,1,已售/已满,教学时间,晴,17,12,5,0.0,86,29
2026-05-21 07:59:26,2026-05-21,2,乒乓球厅-1号,11:00-12:00,1,1,已售/已满,教学时间,晴,17,12,5,0.0,86,29
2026-05-21 08:00:45,2026-05-21,2,乒乓球厅-1号,11:00-12:00,1,1,已售/已满,教学时间,晴,17,12,5,0.0,86,29
2026-05-21 08:02:30,2026-05-21,2,乒乓球厅-1号,11:00-12:00,1,1,已售/已满,教学时间,多云,17,12,5,0.0,87,29
2026-05-21 08:05:36,2026-05-21,2,乒乓球厅-1号,11:00-12:00,1,1,已售/已满,教学时间,多云,17,12,5,0.0,86,29
2026-05-21 08:08:31,2026-05-21,2,乒乓球厅-1号,11:00-12:00,1,1,已售/已满,教学时间,多云,17,12,5,0.0,86,29
2026-05-21 08:11:30,2026-05-21,2,乒乓球厅-1号,11:00-12:00,1,1,已售/已满,教学时间,多云,17,12,5,0.0,86,29
2026-05-21 08:14:31,2026-05-21,2,乒乓球厅-1号,11:00-12:00,1,1,已售/已满,教学时间,多云,17,12,5,0.0,86,29
2026-05-21 08:17:30,2026-05-21,2,乒乓球厅-1号,11:00-12:00,1,1,已售/已满,教学时间,多云,17,12,5,0.0,86,29
2026-05-21 08:20:35,2026-05-21,2,乒乓球厅-1号,11:00-12:00,1,1,已售/已满,教学时间,多云,17,14,4,0.0,85,29
2026-05-21 08:25:32,2026-05-21,2,乒乓球厅-1号,11:00-12:00,1,1,已售/已满,教学时间,多云,17,14,4,0.0,85,28
2026-05-21 08:30:42,2026-05-21,2,乒乓球厅-1号,11:00-12:00,1,1,已售/已满,教学时间,多云,18,15,4,0.0,84,28
2026-05-21 08:35:31,2026-05-21,2,乒乓球厅-1号,11:00-12:00,1,1,已售/已满,教学时间,多云,18,15,4,0.0,84,28
2026-05-21 08:40:38,2026-05-21,2,乒乓球厅-1号,11:00-12:00,1,1,已售/已满,教学时间,多云,18,15,4,0.0,82,28
2026-05-21 08:45:33,2026-05-21,2,乒乓球厅-1号,11:00-12:00,1,1,已售/已满,教学时间,多云,18,15,4,0.0,82,28
2026-05-21 08:50:36,2026-05-21,2,乒乓球厅-1号,11:00-12:00,1,1,已售/已满,教学时间,多云,18,15,4,0.0,82,28
2026-05-21 08:55:34,2026-05-21,2,乒乓球厅-1号,11:00-12:00,1,1,已售/已满,教学时间,多云,18,15,4,0.0,84,28
2026-05-21 09:00:51,2026-05-21,2,乒乓球厅-1号,11:00-12:00,1,1,已售/已满,教学时间,多云,18,15,4,0.0,84,28
2026-05-21 09:01:59,2026-05-21,2,乒乓球厅-1号,11:00-12:00,1,1,已售/已满,教学时间,多云,18,15,4,0.0,83,28
2026-05-21 09:05:33,2026-05-21,2,乒乓球厅-1号,11:00-12:00,1,1,已售/已满,教学时间,多云,18,15,4,0.0,83,28
2026-05-21 09:20:38,2026-05-21,2,乒乓球厅-1号,11:00-12:00,1,1,已售/已满,教学时间,多云,18,16,3,0.0,81,28
2026-05-21 09:30:46,2026-05-21,2,乒乓球厅-1号,11:00-12:00,1,1,已售/已满,教学时间,多云,18,16,3,0.0,81,32
2026-05-21 09:40:36,2026-05-21,2,乒乓球厅-1号,11:00-12:00,1,1,已售/已满,教学时间,多云,19,17,3,0.0,79,32
2026-05-21 09:50:42,2026-05-21,2,乒乓球厅-1号,11:00-12:00,1,1,已售/已满,教学时间,多云,19,17,4,0.0,81,32
2026-05-21 10:00:46,2026-05-21,2,乒乓球厅-1号,11:00-12:00,1,1,已售/已满,教学时间,多云,19,17,4,0.0,79,32
2026-05-21 10:10:40,2026-05-21,2,乒乓球厅-1号,11:00-12:00,1,1,已售/已满,教学时间,多云,19,17,4,0.0,79,32
2026-05-21 10:20:38,2026-05-21,2,乒乓球厅-1号,11:00-12:00,1,1,已售/已满,教学时间,多云,19,17,4,0.0,79,32
2026-05-21 10:30:41,2026-05-21,2,乒乓球厅-1号,11:00-12:00,1,1,已售/已满,教学时间,多云,19,18,3,0.0,78,31
2026-05-21 11:00:44,2026-05-21,2,乒乓球厅-1号,11:00-12:00,1,1,已售/已满,教学时间,多云,21,17,5,0.0,74,31
2026-05-21 11:30:38,2026-05-21,2,乒乓球厅-1号,11:00-12:00,1,1,已售/已满,教学时间,多云,21,19,3,0.0,72,33
2026-05-21 12:00:46,2026-05-21,2,乒乓球厅-1号,11:00-12:00,1,1,已售/已满,教学时间,多云,22,19,4,0.0,70,33
2026-05-21 12:30:42,2026-05-21,2,乒乓球厅-1号,11:00-12:00,1,1,已售/已满,教学时间,多云,22,21,3,0.0,68,35
2026-05-21 13:00:43,2026-05-21,2,乒乓球厅-1号,11:00-12:00,1,1,已售/已满,教学时间,多云,24,22,4,0.0,66,35
2026-05-21 13:30:43,2026-05-21,2,乒乓球厅-1号,11:00-12:00,1,1,已售/已满,教学时间,多云,24,22,4,0.0,66,36
2026-05-21 14:00:48,2026-05-21,2,乒乓球厅-1号,11:00-12:00,1,1,已售/已满,教学时间,多云,25,23,4,0.0,66,36
2026-05-21 14:30:45,2026-05-21,2,乒乓球厅-1号,11:00-12:00,1,1,已售/已满,教学时间,晴,25,25,3,0.0,65,39
2026-05-21 15:00:45,2026-05-21,2,乒乓球厅-1号,11:00-12:00,1,1,已售/已满,教学时间,晴,25,22,4,0.0,56,39
2026-05-21 15:30:43,2026-05-21,2,乒乓球厅-1号,11:00-12:00,1,1,已售/已满,教学时间,晴,25,23,4,0.0,57,40
2026-05-21 16:00:51,2026-05-21,2,乒乓球厅-1号,11:00-12:00,1,1,已售/已满,教学时间,晴,25,23,4,0.0,57,40
2026-05-21 16:30:48,2026-05-21,2,乒乓球厅-1号,11:00-12:00,1,1,已售/已满,教学时间,晴,25,24,3,0.0,60,39
2026-05-21 17:00:49,2026-05-21,2,乒乓球厅-1号,11:00-12:00,1,1,已售/已满,教学时间,晴,25,24,4,0.0,61,39
2026-05-21 17:30:47,2026-05-21,2,乒乓球厅-1号,11:00-12:00,1,1,已售/已满,教学时间,多云,24,23,3,0.0,64,39
2026-05-21 18:00:50,2026-05-21,2,乒乓球厅-1号,11:00-12:00,1,1,已售/已满,教学时间,多云,24,23,3,0.0,68,39
2026-05-21 18:30:50,2026-05-21,2,乒乓球厅-1号,11:00-12:00,1,1,已售/已满,教学时间,阴,24,25,2,0.0,68,40
2026-05-21 19:00:50,2026-05-21,2,乒乓球厅-1号,11:00-12:00,1,1,已售/已满,教学时间,阴,23,23,3,0.0,76,40
2026-05-21 19:30:46,2026-05-21,2,乒乓球厅-1号,11:00-12:00,1,1,已售/已满,教学时间,阴,23,24,2,0.0,77,39
2026-05-21 20:00:49,2026-05-21,2,乒乓球厅-1号,11:00-12:00,1,1,已售/已满,教学时间,雾,22,23,2,0.0,89,39
2026-05-21 20:30:44,2026-05-21,2,乒乓球厅-1号,11:00-12:00,1,1,已售/已满,教学时间,雾,22,24,2,0.0,93,43
2026-05-21 21:00:56,2026-05-21,2,乒乓球厅-1号,11:00-12:00,1,1,已售/已满,教学时间,雾,20,21,2,0.0,98,43
2026-05-21 21:30:46,2026-05-21,2,乒乓球厅-1号,11:00-12:00,1,1,已售/已满,教学时间,雾,20,22,1,0.0,99,41
2026-05-21 22:01:02,2026-05-21,2,乒乓球厅-1号,11:00-12:00,1,1,已售/已满,教学时间,雾,19,20,2,0.0,93,41
2026-05-21 22:30:47,2026-05-21,2,乒乓球厅-1号,11:00-12:00,1,1,已售/已满,教学时间,雾,19,19,3,0.0,88,46
2026-05-21 23:00:56,2026-05-21,2,乒乓球厅-1号,11:00-12:00,1,1,已售/已满,教学时间,多云,18,17,3,0.0,85,46
2026-05-21 23:30:55,2026-05-21,2,乒乓球厅-1号,11:00-12:00,1,1,已售/已满,教学时间,多云,18,17,3,0.0,85,48
2026-05-21 00:30:49,2026-05-21,2,乒乓球厅-1号,12:00-12:55,0,1,可预约,￥0.0,多云,15,13,3,0.0,100,26
2026-05-21 01:00:55,2026-05-21,2,乒乓球厅-1号,12:00-12:55,0,1,可预约,￥0.0,多云,15,12,4,0.0,100,26
2026-05-21 01:30:47,2026-05-21,2,乒乓球厅-1号,12:00-12:55,0,1,可预约,￥0.0,多云,15,13,4,0.0,100,28
2026-05-21 02:00:53,2026-05-21,2,乒乓球厅-1号,12:00-12:55,0,1,可预约,￥0.0,多云,15,12,4,0.0,100,28
2026-05-21 02:30:49,2026-05-21,2,乒乓球厅-1号,12:00-12:55,0,1,可预约,￥0.0,多云,15,14,3,0.0,100,29
2026-05-21 03:00:55,2026-05-21,2,乒乓球厅-1号,12:00-12:55,0,1,可预约,￥0.0,多云,15,12,4,0.0,100,29
2026-05-21 03:30:49,2026-05-21,2,乒乓球厅-1号,12:00-12:55,0,1,可预约,￥0.0,多云,15,14,3,0.0,100,30
2026-05-21 04:30:45,2026-05-21,2,乒乓球厅-1号,12:00-12:55,0,1,可预约,￥0.0,多云,15,12,4,0.0,100,29
2026-05-21 05:00:52,2026-05-21,2,乒乓球厅-1号,12:00-12:55,0,1,可预约,￥0.0,多云,15,12,4,0.0,100,29
2026-05-21 05:30:49,2026-05-21,2,乒乓球厅-1号,12:00-12:55,0,1,可预约,￥0.0,多云,15,13,3,0.0,100,28
2026-05-21 06:00:50,2026-05-21,2,乒乓球厅-1号,12:00-12:55,0,1,可预约,￥0.0,多云,15,13,4,0.0,99,28
2026-05-21 06:30:38,2026-05-21,2,乒乓球厅-1号,12:00-12:55,0,1,可预约,￥0.0,多云,15,13,3,0.0,97,28
2026-05-21 07:00:43,2026-05-21,2,乒乓球厅-1号,12:00-12:55,0,1,可预约,￥0.0,晴,15,11,5,0.0,93,28
2026-05-21 07:30:39,2026-05-21,2,乒乓球厅-1号,12:00-12:55,0,1,可预约,￥0.0,晴,17,13,4,0.0,89,29
2026-05-21 07:50:40,2026-05-21,2,乒乓球厅-1号,12:00-12:55,0,1,可预约,￥0.0,晴,17,13,4,0.0,88,29
2026-05-21 07:53:31,2026-05-21,2,乒乓球厅-1号,12:00-12:55,0,1,可预约,￥0.0,晴,17,12,5,0.0,86,29
2026-05-21 07:56:31,2026-05-21,2,乒乓球厅-1号,12:00-12:55,0,1,可预约,￥0.0,晴,17,12,5,0.0,86,29
2026-05-21 07:59:26,2026-05-21,2,乒乓球厅-1号,12:00-12:55,0,1,可预约,￥0.0,晴,17,12,5,0.0,86,29
2026-05-21 08:00:45,2026-05-21,2,乒乓球厅-1号,12:00-12:55,0,1,可预约,￥0.0,晴,17,12,5,0.0,86,29
2026-05-21 08:02:30,2026-05-21,2,乒乓球厅-1号,12:00-12:55,0,1,可预约,￥0.0,多云,17,12,5,0.0,87,29
2026-05-21 08:05:36,2026-05-21,2,乒乓球厅-1号,12:00-12:55,0,1,可预约,￥0.0,多云,17,12,5,0.0,86,29
2026-05-21 08:08:31,2026-05-21,2,乒乓球厅-1号,12:00-12:55,0,1,可预约,￥0.0,多云,17,12,5,0.0,86,29
2026-05-21 08:11:30,2026-05-21,2,乒乓球厅-1号,12:00-12:55,0,1,可预约,￥0.0,多云,17,12,5,0.0,86,29
2026-05-21 08:14:31,2026-05-21,2,乒乓球厅-1号,12:00-12:55,0,1,可预约,￥0.0,多云,17,12,5,0.0,86,29
2026-05-21 08:17:30,2026-05-21,2,乒乓球厅-1号,12:00-12:55,0,1,可预约,￥0.0,多云,17,12,5,0.0,86,29
2026-05-21 08:20:35,2026-05-21,2,乒乓球厅-1号,12:00-12:55,0,1,可预约,￥0.0,多云,17,14,4,0.0,85,29
2026-05-21 08:25:32,2026-05-21,2,乒乓球厅-1号,12:00-12:55,0,1,可预约,￥0.0,多云,17,14,4,0.0,85,28
2026-05-21 08:30:42,2026-05-21,2,乒乓球厅-1号,12:00-12:55,0,1,可预约,￥0.0,多云,18,15,4,0.0,84,28
2026-05-21 08:35:31,2026-05-21,2,乒乓球厅-1号,12:00-12:55,0,1,可预约,￥0.0,多云,18,15,4,0.0,84,28
2026-05-21 08:40:38,2026-05-21,2,乒乓球厅-1号,12:00-12:55,0,1,可预约,￥0.0,多云,18,15,4,0.0,82,28
2026-05-21 08:45:33,2026-05-21,2,乒乓球厅-1号,12:00-12:55,0,1,可预约,￥0.0,多云,18,15,4,0.0,82,28
2026-05-21 08:50:36,2026-05-21,2,乒乓球厅-1号,12:00-12:55,0,1,可预约,￥0.0,多云,18,15,4,0.0,82,28
2026-05-21 08:55:34,2026-05-21,2,乒乓球厅-1号,12:00-12:55,0,1,可预约,￥0.0,多云,18,15,4,0.0,84,28
2026-05-21 09:00:51,2026-05-21,2,乒乓球厅-1号,12:00-12:55,0,1,可预约,￥0.0,多云,18,15,4,0.0,84,28
2026-05-21 09:01:59,2026-05-21,2,乒乓球厅-1号,12:00-12:55,0,1,可预约,￥0.0,多云,18,15,4,0.0,83,28
2026-05-21 09:05:33,2026-05-21,2,乒乓球厅-1号,12:00-12:55,0,1,可预约,￥0.0,多云,18,15,4,0.0,83,28
2026-05-21 09:20:38,2026-05-21,2,乒乓球厅-1号,12:00-12:55,0,1,可预约,￥0.0,多云,18,16,3,0.0,81,28
2026-05-21 09:30:46,2026-05-21,2,乒乓球厅-1号,12:00-12:55,0,1,可预约,￥0.0,多云,18,16,3,0.0,81,32
2026-05-21 09:40:36,2026-05-21,2,乒乓球厅-1号,12:00-12:55,0,1,可预约,￥0.0,多云,19,17,3,0.0,79,32
2026-05-21 09:50:42,2026-05-21,2,乒乓球厅-1号,12:00-12:55,0,1,可预约,￥0.0,多云,19,17,4,0.0,81,32
2026-05-21 10:00:46,2026-05-21,2,乒乓球厅-1号,12:00-12:55,0,1,可预约,￥0.0,多云,19,17,4,0.0,79,32
2026-05-21 10:10:40,2026-05-21,2,乒乓球厅-1号,12:00-12:55,0,1,可预约,￥0.0,多云,19,17,4,0.0,79,32
2026-05-21 10:20:38,2026-05-21,2,乒乓球厅-1号,12:00-12:55,0,1,可预约,￥0.0,多云,19,17,4,0.0,79,32
2026-05-21 10:30:41,2026-05-21,2,乒乓球厅-1号,12:00-12:55,0,1,可预约,￥0.0,多云,19,18,3,0.0,78,31
2026-05-21 11:00:44,2026-05-21,2,乒乓球厅-1号,12:00-12:55,0,1,可预约,￥0.0,多云,21,17,5,0.0,74,31
2026-05-21 11:30:38,2026-05-21,2,乒乓球厅-1号,12:00-12:55,0,1,可预约,￥0.0,多云,21,19,3,0.0,72,33
2026-05-21 12:00:46,2026-05-21,2,乒乓球厅-1号,12:00-12:55,0,1,可预约,￥0.0,多云,22,19,4,0.0,70,33
2026-05-21 12:30:42,2026-05-21,2,乒乓球厅-1号,12:00-12:55,0,1,可预约,￥0.0,多云,22,21,3,0.0,68,35
2026-05-21 13:00:43,2026-05-21,2,乒乓球厅-1号,12:00-12:55,0,1,不开放/已过期,,多云,24,22,4,0.0,66,35
2026-05-21 13:30:43,2026-05-21,2,乒乓球厅-1号,12:00-12:55,0,1,不开放/已过期,,多云,24,22,4,0.0,66,36
2026-05-21 14:00:48,2026-05-21,2,乒乓球厅-1号,12:00-12:55,0,1,不开放/已过期,,多云,25,23,4,0.0,66,36
2026-05-21 14:30:45,2026-05-21,2,乒乓球厅-1号,12:00-12:55,0,1,不开放/已过期,,晴,25,25,3,0.0,65,39
2026-05-21 15:00:45,2026-05-21,2,乒乓球厅-1号,12:00-12:55,0,1,不开放/已过期,,晴,25,22,4,0.0,56,39
2026-05-21 15:30:43,2026-05-21,2,乒乓球厅-1号,12:00-12:55,0,1,不开放/已过期,,晴,25,23,4,0.0,57,40
2026-05-21 16:00:51,2026-05-21,2,乒乓球厅-1号,12:00-12:55,0,1,不开放/已过期,,晴,25,23,4,0.0,57,40
2026-05-21 16:30:48,2026-05-21,2,乒乓球厅-1号,12:00-12:55,0,1,不开放/已过期,,晴,25,24,3,0.0,60,39
2026-05-21 17:00:49,2026-05-21,2,乒乓球厅-1号,12:00-12:55,0,1,不开放/已过期,,晴,25,24,4,0.0,61,39
2026-05-21 17:30:47,2026-05-21,2,乒乓球厅-1号,12:00-12:55,0,1,不开放/已过期,,多云,24,23,3,0.0,64,39
2026-05-21 18:00:50,2026-05-21,2,乒乓球厅-1号,12:00-12:55,0,1,不开放/已过期,,多云,24,23,3,0.0,68,39
2026-05-21 18:30:50,2026-05-21,2,乒乓球厅-1号,12:00-12:55,0,1,不开放/已过期,,阴,24,25,2,0.0,68,40
2026-05-21 19:00:50,2026-05-21,2,乒乓球厅-1号,12:00-12:55,0,1,不开放/已过期,,阴,23,23,3,0.0,76,40
2026-05-21 19:30:46,2026-05-21,2,乒乓球厅-1号,12:00-12:55,0,1,不开放/已过期,,阴,23,24,2,0.0,77,39
2026-05-21 20:00:49,2026-05-21,2,乒乓球厅-1号,12:00-12:55,0,1,不开放/已过期,,雾,22,23,2,0.0,89,39
2026-05-21 20:30:44,2026-05-21,2,乒乓球厅-1号,12:00-12:55,0,1,不开放/已过期,,雾,22,24,2,0.0,93,43
2026-05-21 21:00:56,2026-05-21,2,乒乓球厅-1号,12:00-12:55,0,1,不开放/已过期,,雾,20,21,2,0.0,98,43
2026-05-21 21:30:46,2026-05-21,2,乒乓球厅-1号,12:00-12:55,0,1,不开放/已过期,,雾,20,22,1,0.0,99,41
2026-05-21 22:01:02,2026-05-21,2,乒乓球厅-1号,12:00-12:55,0,1,不开放/已过期,,雾,19,20,2,0.0,93,41
2026-05-21 22:30:47,2026-05-21,2,乒乓球厅-1号,12:00-12:55,0,1,不开放/已过期,,雾,19,19,3,0.0,88,46
2026-05-21 23:00:56,2026-05-21,2,乒乓球厅-1号,12:00-12:55,0,1,不开放/已过期,,多云,18,17,3,0.0,85,46
2026-05-21 23:30:55,2026-05-21,2,乒乓球厅-1号,12:00-12:55,0,1,不开放/已过期,,多云,18,17,3,0.0,85,48
2026-05-21 00:30:49,2026-05-21,2,乒乓球厅-1号,12:55-13:50,0,1,可预约,￥0.0,多云,15,13,3,0.0,100,26
2026-05-21 01:00:55,2026-05-21,2,乒乓球厅-1号,12:55-13:50,0,1,可预约,￥0.0,多云,15,12,4,0.0,100,26
2026-05-21 01:30:47,2026-05-21,2,乒乓球厅-1号,12:55-13:50,0,1,可预约,￥0.0,多云,15,13,4,0.0,100,28
2026-05-21 02:00:53,2026-05-21,2,乒乓球厅-1号,12:55-13:50,0,1,可预约,￥0.0,多云,15,12,4,0.0,100,28
2026-05-21 02:30:49,2026-05-21,2,乒乓球厅-1号,12:55-13:50,0,1,可预约,￥0.0,多云,15,14,3,0.0,100,29
2026-05-21 03:00:55,2026-05-21,2,乒乓球厅-1号,12:55-13:50,0,1,可预约,￥0.0,多云,15,12,4,0.0,100,29
2026-05-21 03:30:49,2026-05-21,2,乒乓球厅-1号,12:55-13:50,0,1,可预约,￥0.0,多云,15,14,3,0.0,100,30
2026-05-21 04:30:45,2026-05-21,2,乒乓球厅-1号,12:55-13:50,0,1,可预约,￥0.0,多云,15,12,4,0.0,100,29
2026-05-21 05:00:52,2026-05-21,2,乒乓球厅-1号,12:55-13:50,0,1,可预约,￥0.0,多云,15,12,4,0.0,100,29
2026-05-21 05:30:49,2026-05-21,2,乒乓球厅-1号,12:55-13:50,0,1,可预约,￥0.0,多云,15,13,3,0.0,100,28
2026-05-21 06:00:50,2026-05-21,2,乒乓球厅-1号,12:55-13:50,0,1,可预约,￥0.0,多云,15,13,4,0.0,99,28
2026-05-21 06:30:38,2026-05-21,2,乒乓球厅-1号,12:55-13:50,0,1,可预约,￥0.0,多云,15,13,3,0.0,97,28
2026-05-21 07:00:43,2026-05-21,2,乒乓球厅-1号,12:55-13:50,0,1,可预约,￥0.0,晴,15,11,5,0.0,93,28
2026-05-21 07:30:39,2026-05-21,2,乒乓球厅-1号,12:55-13:50,0,1,可预约,￥0.0,晴,17,13,4,0.0,89,29
2026-05-21 07:50:40,2026-05-21,2,乒乓球厅-1号,12:55-13:50,0,1,可预约,￥0.0,晴,17,13,4,0.0,88,29
2026-05-21 07:53:31,2026-05-21,2,乒乓球厅-1号,12:55-13:50,0,1,可预约,￥0.0,晴,17,12,5,0.0,86,29
2026-05-21 07:56:31,2026-05-21,2,乒乓球厅-1号,12:55-13:50,0,1,可预约,￥0.0,晴,17,12,5,0.0,86,29
2026-05-21 07:59:26,2026-05-21,2,乒乓球厅-1号,12:55-13:50,0,1,可预约,￥0.0,晴,17,12,5,0.0,86,29
2026-05-21 08:00:45,2026-05-21,2,乒乓球厅-1号,12:55-13:50,0,1,可预约,￥0.0,晴,17,12,5,0.0,86,29
2026-05-21 08:02:30,2026-05-21,2,乒乓球厅-1号,12:55-13:50,0,1,可预约,￥0.0,多云,17,12,5,0.0,87,29
2026-05-21 08:05:36,2026-05-21,2,乒乓球厅-1号,12:55-13:50,0,1,可预约,￥0.0,多云,17,12,5,0.0,86,29
2026-05-21 08:08:31,2026-05-21,2,乒乓球厅-1号,12:55-13:50,0,1,可预约,￥0.0,多云,17,12,5,0.0,86,29
2026-05-21 08:11:30,2026-05-21,2,乒乓球厅-1号,12:55-13:50,0,1,可预约,￥0.0,多云,17,12,5,0.0,86,29
2026-05-21 08:14:31,2026-05-21,2,乒乓球厅-1号,12:55-13:50,0,1,可预约,￥0.0,多云,17,12,5,0.0,86,29
2026-05-21 08:17:30,2026-05-21,2,乒乓球厅-1号,12:55-13:50,0,1,可预约,￥0.0,多云,17,12,5,0.0,86,29
2026-05-21 08:20:35,2026-05-21,2,乒乓球厅-1号,12:55-13:50,0,1,可预约,￥0.0,多云,17,14,4,0.0,85,29
2026-05-21 08:25:32,2026-05-21,2,乒乓球厅-1号,12:55-13:50,0,1,可预约,￥0.0,多云,17,14,4,0.0,85,28
2026-05-21 08:30:42,2026-05-21,2,乒乓球厅-1号,12:55-13:50,0,1,可预约,￥0.0,多云,18,15,4,0.0,84,28
2026-05-21 08:35:31,2026-05-21,2,乒乓球厅-1号,12:55-13:50,0,1,可预约,￥0.0,多云,18,15,4,0.0,84,28
2026-05-21 08:40:38,2026-05-21,2,乒乓球厅-1号,12:55-13:50,0,1,可预约,￥0.0,多云,18,15,4,0.0,82,28
2026-05-21 08:45:33,2026-05-21,2,乒乓球厅-1号,12:55-13:50,0,1,可预约,￥0.0,多云,18,15,4,0.0,82,28
2026-05-21 08:50:36,2026-05-21,2,乒乓球厅-1号,12:55-13:50,0,1,可预约,￥0.0,多云,18,15,4,0.0,82,28
2026-05-21 08:55:34,2026-05-21,2,乒乓球厅-1号,12:55-13:50,0,1,可预约,￥0.0,多云,18,15,4,0.0,84,28
2026-05-21 09:00:51,2026-05-21,2,乒乓球厅-1号,12:55-13:50,0,1,可预约,￥0.0,多云,18,15,4,0.0,84,28
2026-05-21 09:01:59,2026-05-21,2,乒乓球厅-1号,12:55-13:50,0,1,可预约,￥0.0,多云,18,15,4,0.0,83,28
2026-05-21 09:05:33,2026-05-21,2,乒乓球厅-1号,12:55-13:50,0,1,可预约,￥0.0,多云,18,15,4,0.0,83,28
2026-05-21 09:20:38,2026-05-21,2,乒乓球厅-1号,12:55-13:50,0,1,可预约,￥0.0,多云,18,16,3,0.0,81,28
2026-05-21 09:30:46,2026-05-21,2,乒乓球厅-1号,12:55-13:50,0,1,可预约,￥0.0,多云,18,16,3,0.0,81,32
2026-05-21 09:40:36,2026-05-21,2,乒乓球厅-1号,12:55-13:50,0,1,可预约,￥0.0,多云,19,17,3,0.0,79,32
2026-05-21 09:50:42,2026-05-21,2,乒乓球厅-1号,12:55-13:50,0,1,可预约,￥0.0,多云,19,17,4,0.0,81,32
2026-05-21 10:00:46,2026-05-21,2,乒乓球厅-1号,12:55-13:50,0,1,可预约,￥0.0,多云,19,17,4,0.0,79,32
2026-05-21 10:10:40,2026-05-21,2,乒乓球厅-1号,12:55-13:50,0,1,可预约,￥0.0,多云,19,17,4,0.0,79,32
2026-05-21 10:20:38,2026-05-21,2,乒乓球厅-1号,12:55-13:50,0,1,可预约,￥0.0,多云,19,17,4,0.0,79,32
2026-05-21 10:30:41,2026-05-21,2,乒乓球厅-1号,12:55-13:50,0,1,可预约,￥0.0,多云,19,18,3,0.0,78,31
2026-05-21 11:00:44,2026-05-21,2,乒乓球厅-1号,12:55-13:50,0,1,可预约,￥0.0,多云,21,17,5,0.0,74,31
2026-05-21 11:30:38,2026-05-21,2,乒乓球厅-1号,12:55-13:50,0,1,可预约,￥0.0,多云,21,19,3,0.0,72,33
2026-05-21 12:00:46,2026-05-21,2,乒乓球厅-1号,12:55-13:50,0,1,可预约,￥0.0,多云,22,19,4,0.0,70,33
2026-05-21 12:30:42,2026-05-21,2,乒乓球厅-1号,12:55-13:50,0,1,可预约,￥0.0,多云,22,21,3,0.0,68,35
2026-05-21 13:00:43,2026-05-21,2,乒乓球厅-1号,12:55-13:50,0,1,可预约,￥0.0,多云,24,22,4,0.0,66,35
2026-05-21 13:30:43,2026-05-21,2,乒乓球厅-1号,12:55-13:50,0,1,可预约,￥0.0,多云,24,22,4,0.0,66,36
2026-05-21 14:00:48,2026-05-21,2,乒乓球厅-1号,12:55-13:50,0,1,不开放/已过期,,多云,25,23,4,0.0,66,36
2026-05-21 14:30:45,2026-05-21,2,乒乓球厅-1号,12:55-13:50,0,1,不开放/已过期,,晴,25,25,3,0.0,65,39
2026-05-21 15:00:45,2026-05-21,2,乒乓球厅-1号,12:55-13:50,0,1,不开放/已过期,,晴,25,22,4,0.0,56,39
2026-05-21 15:30:43,2026-05-21,2,乒乓球厅-1号,12:55-13:50,0,1,不开放/已过期,,晴,25,23,4,0.0,57,40
2026-05-21 16:00:51,2026-05-21,2,乒乓球厅-1号,12:55-13:50,0,1,不开放/已过期,,晴,25,23,4,0.0,57,40
2026-05-21 16:30:48,2026-05-21,2,乒乓球厅-1号,12:55-13:50,0,1,不开放/已过期,,晴,25,24,3,0.0,60,39
2026-05-21 17:00:49,2026-05-21,2,乒乓球厅-1号,12:55-13:50,0,1,不开放/已过期,,晴,25,24,4,0.0,61,39
2026-05-21 17:30:47,2026-05-21,2,乒乓球厅-1号,12:55-13:50,0,1,不开放/已过期,,多云,24,23,3,0.0,64,39
2026-05-21 18:00:50,2026-05-21,2,乒乓球厅-1号,12:55-13:50,0,1,不开放/已过期,,多云,24,23,3,0.0,68,39
2026-05-21 18:30:50,2026-05-21,2,乒乓球厅-1号,12:55-13:50,0,1,不开放/已过期,,阴,24,25,2,0.0,68,40
2026-05-21 19:00:50,2026-05-21,2,乒乓球厅-1号,12:55-13:50,0,1,不开放/已过期,,阴,23,23,3,0.0,76,40
2026-05-21 19:30:46,2026-05-21,2,乒乓球厅-1号,12:55-13:50,0,1,不开放/已过期,,阴,23,24,2,0.0,77,39
2026-05-21 20:00:49,2026-05-21,2,乒乓球厅-1号,12:55-13:50,0,1,不开放/已过期,,雾,22,23,2,0.0,89,39
2026-05-21 20:30:44,2026-05-21,2,乒乓球厅-1号,12:55-13:50,0,1,不开放/已过期,,雾,22,24,2,0.0,93,43
2026-05-21 21:00:56,2026-05-21,2,乒乓球厅-1号,12:55-13:50,0,1,不开放/已过期,,雾,20,21,2,0.0,98,43
2026-05-21 21:30:46,2026-05-21,2,乒乓球厅-1号,12:55-13:50,0,1,不开放/已过期,,雾,20,22,1,0.0,99,41
2026-05-21 22:01:02,2026-05-21,2,乒乓球厅-1号,12:55-13:50,0,1,不开放/已过期,,雾,19,20,2,0.0,93,41
2026-05-21 22:30:47,2026-05-21,2,乒乓球厅-1号,12:55-13:50,0,1,不开放/已过期,,雾,19,19,3,0.0,88,46
2026-05-21 23:00:56,2026-05-21,2,乒乓球厅-1号,12:55-13:50,0,1,不开放/已过期,,多云,18,17,3,0.0,85,46
2026-05-21 23:30:55,2026-05-21,2,乒乓球厅-1号,12:55-13:50,0,1,不开放/已过期,,多云,18,17,3,0.0,85,48
2026-05-21 00:30:49,2026-05-21,2,乒乓球厅-1号,14:00-15:00,0,1,可预约,￥5.0,多云,15,13,3,0.0,100,26
2026-05-21 01:00:55,2026-05-21,2,乒乓球厅-1号,14:00-15:00,0,1,可预约,￥5.0,多云,15,12,4,0.0,100,26
2026-05-21 01:30:47,2026-05-21,2,乒乓球厅-1号,14:00-15:00,0,1,可预约,￥5.0,多云,15,13,4,0.0,100,28
2026-05-21 02:00:53,2026-05-21,2,乒乓球厅-1号,14:00-15:00,0,1,可预约,￥5.0,多云,15,12,4,0.0,100,28
2026-05-21 02:30:49,2026-05-21,2,乒乓球厅-1号,14:00-15:00,0,1,可预约,￥5.0,多云,15,14,3,0.0,100,29
2026-05-21 03:00:55,2026-05-21,2,乒乓球厅-1号,14:00-15:00,0,1,可预约,￥5.0,多云,15,12,4,0.0,100,29
2026-05-21 03:30:49,2026-05-21,2,乒乓球厅-1号,14:00-15:00,0,1,可预约,￥5.0,多云,15,14,3,0.0,100,30
2026-05-21 04:30:45,2026-05-21,2,乒乓球厅-1号,14:00-15:00,0,1,可预约,￥5.0,多云,15,12,4,0.0,100,29
2026-05-21 05:00:52,2026-05-21,2,乒乓球厅-1号,14:00-15:00,0,1,可预约,￥5.0,多云,15,12,4,0.0,100,29
2026-05-21 05:30:49,2026-05-21,2,乒乓球厅-1号,14:00-15:00,0,1,可预约,￥5.0,多云,15,13,3,0.0,100,28
2026-05-21 06:00:50,2026-05-21,2,乒乓球厅-1号,14:00-15:00,0,1,可预约,￥5.0,多云,15,13,4,0.0,99,28
2026-05-21 06:30:38,2026-05-21,2,乒乓球厅-1号,14:00-15:00,0,1,可预约,￥5.0,多云,15,13,3,0.0,97,28
2026-05-21 07:00:43,2026-05-21,2,乒乓球厅-1号,14:00-15:00,0,1,可预约,￥5.0,晴,15,11,5,0.0,93,28
2026-05-21 07:30:39,2026-05-21,2,乒乓球厅-1号,14:00-15:00,0,1,可预约,￥5.0,晴,17,13,4,0.0,89,29
2026-05-21 07:50:40,2026-05-21,2,乒乓球厅-1号,14:00-15:00,0,1,可预约,￥5.0,晴,17,13,4,0.0,88,29
2026-05-21 07:53:31,2026-05-21,2,乒乓球厅-1号,14:00-15:00,0,1,可预约,￥5.0,晴,17,12,5,0.0,86,29
2026-05-21 07:56:31,2026-05-21,2,乒乓球厅-1号,14:00-15:00,0,1,可预约,￥5.0,晴,17,12,5,0.0,86,29
2026-05-21 07:59:26,2026-05-21,2,乒乓球厅-1号,14:00-15:00,0,1,可预约,￥5.0,晴,17,12,5,0.0,86,29
2026-05-21 08:00:45,2026-05-21,2,乒乓球厅-1号,14:00-15:00,0,1,可预约,￥5.0,晴,17,12,5,0.0,86,29
2026-05-21 08:02:30,2026-05-21,2,乒乓球厅-1号,14:00-15:00,0,1,可预约,￥5.0,多云,17,12,5,0.0,87,29
2026-05-21 08:05:36,2026-05-21,2,乒乓球厅-1号,14:00-15:00,0,1,可预约,￥5.0,多云,17,12,5,0.0,86,29
2026-05-21 08:08:31,2026-05-21,2,乒乓球厅-1号,14:00-15:00,0,1,可预约,￥5.0,多云,17,12,5,0.0,86,29
2026-05-21 08:11:30,2026-05-21,2,乒乓球厅-1号,14:00-15:00,0,1,可预约,￥5.0,多云,17,12,5,0.0,86,29
2026-05-21 08:14:31,2026-05-21,2,乒乓球厅-1号,14:00-15:00,0,1,可预约,￥5.0,多云,17,12,5,0.0,86,29
2026-05-21 08:17:30,2026-05-21,2,乒乓球厅-1号,14:00-15:00,0,1,可预约,￥5.0,多云,17,12,5,0.0,86,29
2026-05-21 08:20:35,2026-05-21,2,乒乓球厅-1号,14:00-15:00,0,1,可预约,￥5.0,多云,17,14,4,0.0,85,29
2026-05-21 08:25:32,2026-05-21,2,乒乓球厅-1号,14:00-15:00,0,1,可预约,￥5.0,多云,17,14,4,0.0,85,28
2026-05-21 08:30:42,2026-05-21,2,乒乓球厅-1号,14:00-15:00,0,1,可预约,￥5.0,多云,18,15,4,0.0,84,28
2026-05-21 08:35:31,2026-05-21,2,乒乓球厅-1号,14:00-15:00,0,1,可预约,￥5.0,多云,18,15,4,0.0,84,28
2026-05-21 08:40:38,2026-05-21,2,乒乓球厅-1号,14:00-15:00,0,1,可预约,￥5.0,多云,18,15,4,0.0,82,28
2026-05-21 08:45:33,2026-05-21,2,乒乓球厅-1号,14:00-15:00,0,1,可预约,￥5.0,多云,18,15,4,0.0,82,28
2026-05-21 08:50:36,2026-05-21,2,乒乓球厅-1号,14:00-15:00,0,1,可预约,￥5.0,多云,18,15,4,0.0,82,28
2026-05-21 08:55:34,2026-05-21,2,乒乓球厅-1号,14:00-15:00,0,1,可预约,￥5.0,多云,18,15,4,0.0,84,28
2026-05-21 09:00:51,2026-05-21,2,乒乓球厅-1号,14:00-15:00,0,1,可预约,￥5.0,多云,18,15,4,0.0,84,28
2026-05-21 09:01:59,2026-05-21,2,乒乓球厅-1号,14:00-15:00,0,1,可预约,￥5.0,多云,18,15,4,0.0,83,28
2026-05-21 09:05:33,2026-05-21,2,乒乓球厅-1号,14:00-15:00,0,1,可预约,￥5.0,多云,18,15,4,0.0,83,28
2026-05-21 09:20:38,2026-05-21,2,乒乓球厅-1号,14:00-15:00,0,1,可预约,￥5.0,多云,18,16,3,0.0,81,28
2026-05-21 09:30:46,2026-05-21,2,乒乓球厅-1号,14:00-15:00,0,1,可预约,￥5.0,多云,18,16,3,0.0,81,32
2026-05-21 09:40:36,2026-05-21,2,乒乓球厅-1号,14:00-15:00,0,1,可预约,￥5.0,多云,19,17,3,0.0,79,32
2026-05-21 09:50:42,2026-05-21,2,乒乓球厅-1号,14:00-15:00,0,1,可预约,￥5.0,多云,19,17,4,0.0,81,32
2026-05-21 10:00:46,2026-05-21,2,乒乓球厅-1号,14:00-15:00,0,1,可预约,￥5.0,多云,19,17,4,0.0,79,32
2026-05-21 10:10:40,2026-05-21,2,乒乓球厅-1号,14:00-15:00,0,1,可预约,￥5.0,多云,19,17,4,0.0,79,32
2026-05-21 10:20:38,2026-05-21,2,乒乓球厅-1号,14:00-15:00,0,1,可预约,￥5.0,多云,19,17,4,0.0,79,32
2026-05-21 10:30:41,2026-05-21,2,乒乓球厅-1号,14:00-15:00,0,1,可预约,￥5.0,多云,19,18,3,0.0,78,31
2026-05-21 11:00:44,2026-05-21,2,乒乓球厅-1号,14:00-15:00,0,1,可预约,￥5.0,多云,21,17,5,0.0,74,31
2026-05-21 11:30:38,2026-05-21,2,乒乓球厅-1号,14:00-15:00,0,1,可预约,￥5.0,多云,21,19,3,0.0,72,33
2026-05-21 12:00:46,2026-05-21,2,乒乓球厅-1号,14:00-15:00,0,1,可预约,￥5.0,多云,22,19,4,0.0,70,33
2026-05-21 12:30:42,2026-05-21,2,乒乓球厅-1号,14:00-15:00,0,1,可预约,￥5.0,多云,22,21,3,0.0,68,35
2026-05-21 13:00:43,2026-05-21,2,乒乓球厅-1号,14:00-15:00,0,1,可预约,￥5.0,多云,24,22,4,0.0,66,35
2026-05-21 13:30:43,2026-05-21,2,乒乓球厅-1号,14:00-15:00,0,1,可预约,￥5.0,多云,24,22,4,0.0,66,36
2026-05-21 14:00:48,2026-05-21,2,乒乓球厅-1号,14:00-15:00,0,1,可预约,￥5.0,多云,25,23,4,0.0,66,36
2026-05-21 14:30:45,2026-05-21,2,乒乓球厅-1号,14:00-15:00,0,1,可预约,￥5.0,晴,25,25,3,0.0,65,39
2026-05-21 15:00:45,2026-05-21,2,乒乓球厅-1号,14:00-15:00,0,1,不开放/已过期,,晴,25,22,4,0.0,56,39
2026-05-21 15:30:43,2026-05-21,2,乒乓球厅-1号,14:00-15:00,0,1,不开放/已过期,,晴,25,23,4,0.0,57,40
2026-05-21 16:00:51,2026-05-21,2,乒乓球厅-1号,14:00-15:00,0,1,不开放/已过期,,晴,25,23,4,0.0,57,40
2026-05-21 16:30:48,2026-05-21,2,乒乓球厅-1号,14:00-15:00,0,1,不开放/已过期,,晴,25,24,3,0.0,60,39
2026-05-21 17:00:49,2026-05-21,2,乒乓球厅-1号,14:00-15:00,0,1,不开放/已过期,,晴,25,24,4,0.0,61,39
2026-05-21 17:30:47,2026-05-21,2,乒乓球厅-1号,14:00-15:00,0,1,不开放/已过期,,多云,24,23,3,0.0,64,39
2026-05-21 18:00:50,2026-05-21,2,乒乓球厅-1号,14:00-15:00,0,1,不开放/已过期,,多云,24,23,3,0.0,68,39
2026-05-21 18:30:50,2026-05-21,2,乒乓球厅-1号,14:00-15:00,0,1,不开放/已过期,,阴,24,25,2,0.0,68,40
2026-05-21 19:00:50,2026-05-21,2,乒乓球厅-1号,14:00-15:00,0,1,不开放/已过期,,阴,23,23,3,0.0,76,40
2026-05-21 19:30:46,2026-05-21,2,乒乓球厅-1号,14:00-15:00,0,1,不开放/已过期,,阴,23,24,2,0.0,77,39
2026-05-21 20:00:49,2026-05-21,2,乒乓球厅-1号,14:00-15:00,0,1,不开放/已过期,,雾,22,23,2,0.0,89,39
2026-05-21 20:30:44,2026-05-21,2,乒乓球厅-1号,14:00-15:00,0,1,不开放/已过期,,雾,22,24,2,0.0,93,43
2026-05-21 21:00:56,2026-05-21,2,乒乓球厅-1号,14:00-15:00,0,1,不开放/已过期,,雾,20,21,2,0.0,98,43
2026-05-21 21:30:46,2026-05-21,2,乒乓球厅-1号,14:00-15:00,0,1,不开放/已过期,,雾,20,22,1,0.0,99,41
2026-05-21 22:01:02,2026-05-21,2,乒乓球厅-1号,14:00-15:00,0,1,不开放/已过期,,雾,19,20,2,0.0,93,41
2026-05-21 22:30:47,2026-05-21,2,乒乓球厅-1号,14:00-15:00,0,1,不开放/已过期,,雾,19,19,3,0.0,88,46
2026-05-21 23:00:56,2026-05-21,2,乒乓球厅-1号,14:00-15:00,0,1,不开放/已过期,,多云,18,17,3,0.0,85,46
2026-05-21 23:30:55,2026-05-21,2,乒乓球厅-1号,14:00-15:00,0,1,不开放/已过期,,多云,18,17,3,0.0,85,48
2026-05-21 00:30:49,2026-05-21,2,乒乓球厅-1号,15:00-16:00,0,1,可预约,￥5.0,多云,15,13,3,0.0,100,26
2026-05-21 01:00:55,2026-05-21,2,乒乓球厅-1号,15:00-16:00,0,1,可预约,￥5.0,多云,15,12,4,0.0,100,26
2026-05-21 01:30:47,2026-05-21,2,乒乓球厅-1号,15:00-16:00,0,1,可预约,￥5.0,多云,15,13,4,0.0,100,28
2026-05-21 02:00:53,2026-05-21,2,乒乓球厅-1号,15:00-16:00,0,1,可预约,￥5.0,多云,15,12,4,0.0,100,28
2026-05-21 02:30:49,2026-05-21,2,乒乓球厅-1号,15:00-16:00,0,1,可预约,￥5.0,多云,15,14,3,0.0,100,29
2026-05-21 03:00:55,2026-05-21,2,乒乓球厅-1号,15:00-16:00,0,1,可预约,￥5.0,多云,15,12,4,0.0,100,29
2026-05-21 03:30:49,2026-05-21,2,乒乓球厅-1号,15:00-16:00,0,1,可预约,￥5.0,多云,15,14,3,0.0,100,30
2026-05-21 04:30:45,2026-05-21,2,乒乓球厅-1号,15:00-16:00,0,1,可预约,￥5.0,多云,15,12,4,0.0,100,29
2026-05-21 05:00:52,2026-05-21,2,乒乓球厅-1号,15:00-16:00,0,1,可预约,￥5.0,多云,15,12,4,0.0,100,29
2026-05-21 05:30:49,2026-05-21,2,乒乓球厅-1号,15:00-16:00,0,1,可预约,￥5.0,多云,15,13,3,0.0,100,28
2026-05-21 06:00:50,2026-05-21,2,乒乓球厅-1号,15:00-16:00,0,1,可预约,￥5.0,多云,15,13,4,0.0,99,28
2026-05-21 06:30:38,2026-05-21,2,乒乓球厅-1号,15:00-16:00,0,1,可预约,￥5.0,多云,15,13,3,0.0,97,28
2026-05-21 07:00:43,2026-05-21,2,乒乓球厅-1号,15:00-16:00,0,1,可预约,￥5.0,晴,15,11,5,0.0,93,28
2026-05-21 07:30:39,2026-05-21,2,乒乓球厅-1号,15:00-16:00,0,1,可预约,￥5.0,晴,17,13,4,0.0,89,29
2026-05-21 07:50:40,2026-05-21,2,乒乓球厅-1号,15:00-16:00,0,1,可预约,￥5.0,晴,17,13,4,0.0,88,29
2026-05-21 07:53:31,2026-05-21,2,乒乓球厅-1号,15:00-16:00,0,1,可预约,￥5.0,晴,17,12,5,0.0,86,29
2026-05-21 07:56:31,2026-05-21,2,乒乓球厅-1号,15:00-16:00,0,1,可预约,￥5.0,晴,17,12,5,0.0,86,29
2026-05-21 07:59:26,2026-05-21,2,乒乓球厅-1号,15:00-16:00,0,1,可预约,￥5.0,晴,17,12,5,0.0,86,29
2026-05-21 08:00:45,2026-05-21,2,乒乓球厅-1号,15:00-16:00,0,1,可预约,￥5.0,晴,17,12,5,0.0,86,29
2026-05-21 08:02:30,2026-05-21,2,乒乓球厅-1号,15:00-16:00,0,1,可预约,￥5.0,多云,17,12,5,0.0,87,29
2026-05-21 08:05:36,2026-05-21,2,乒乓球厅-1号,15:00-16:00,0,1,可预约,￥5.0,多云,17,12,5,0.0,86,29
2026-05-21 08:08:31,2026-05-21,2,乒乓球厅-1号,15:00-16:00,0,1,可预约,￥5.0,多云,17,12,5,0.0,86,29
2026-05-21 08:11:30,2026-05-21,2,乒乓球厅-1号,15:00-16:00,0,1,可预约,￥5.0,多云,17,12,5,0.0,86,29
2026-05-21 08:14:31,2026-05-21,2,乒乓球厅-1号,15:00-16:00,0,1,可预约,￥5.0,多云,17,12,5,0.0,86,29
2026-05-21 08:17:30,2026-05-21,2,乒乓球厅-1号,15:00-16:00,0,1,可预约,￥5.0,多云,17,12,5,0.0,86,29
2026-05-21 08:20:35,2026-05-21,2,乒乓球厅-1号,15:00-16:00,0,1,可预约,￥5.0,多云,17,14,4,0.0,85,29
2026-05-21 08:25:32,2026-05-21,2,乒乓球厅-1号,15:00-16:00,0,1,可预约,￥5.0,多云,17,14,4,0.0,85,28
2026-05-21 08:30:42,2026-05-21,2,乒乓球厅-1号,15:00-16:00,0,1,可预约,￥5.0,多云,18,15,4,0.0,84,28
2026-05-21 08:35:31,2026-05-21,2,乒乓球厅-1号,15:00-16:00,0,1,可预约,￥5.0,多云,18,15,4,0.0,84,28
2026-05-21 08:40:38,2026-05-21,2,乒乓球厅-1号,15:00-16:00,0,1,可预约,￥5.0,多云,18,15,4,0.0,82,28
2026-05-21 08:45:33,2026-05-21,2,乒乓球厅-1号,15:00-16:00,0,1,可预约,￥5.0,多云,18,15,4,0.0,82,28
2026-05-21 08:50:36,2026-05-21,2,乒乓球厅-1号,15:00-16:00,0,1,可预约,￥5.0,多云,18,15,4,0.0,82,28
2026-05-21 08:55:34,2026-05-21,2,乒乓球厅-1号,15:00-16:00,0,1,可预约,￥5.0,多云,18,15,4,0.0,84,28
2026-05-21 09:00:51,2026-05-21,2,乒乓球厅-1号,15:00-16:00,0,1,可预约,￥5.0,多云,18,15,4,0.0,84,28
2026-05-21 09:01:59,2026-05-21,2,乒乓球厅-1号,15:00-16:00,0,1,可预约,￥5.0,多云,18,15,4,0.0,83,28
2026-05-21 09:05:33,2026-05-21,2,乒乓球厅-1号,15:00-16:00,0,1,可预约,￥5.0,多云,18,15,4,0.0,83,28
2026-05-21 09:20:38,2026-05-21,2,乒乓球厅-1号,15:00-16:00,0,1,可预约,￥5.0,多云,18,16,3,0.0,81,28
2026-05-21 09:30:46,2026-05-21,2,乒乓球厅-1号,15:00-16:00,0,1,可预约,￥5.0,多云,18,16,3,0.0,81,32
2026-05-21 09:40:36,2026-05-21,2,乒乓球厅-1号,15:00-16:00,0,1,可预约,￥5.0,多云,19,17,3,0.0,79,32
2026-05-21 09:50:42,2026-05-21,2,乒乓球厅-1号,15:00-16:00,0,1,可预约,￥5.0,多云,19,17,4,0.0,81,32
2026-05-21 10:00:46,2026-05-21,2,乒乓球厅-1号,15:00-16:00,0,1,可预约,￥5.0,多云,19,17,4,0.0,79,32
2026-05-21 10:10:40,2026-05-21,2,乒乓球厅-1号,15:00-16:00,0,1,可预约,￥5.0,多云,19,17,4,0.0,79,32
2026-05-21 10:20:38,2026-05-21,2,乒乓球厅-1号,15:00-16:00,0,1,可预约,￥5.0,多云,19,17,4,0.0,79,32
2026-05-21 10:30:41,2026-05-21,2,乒乓球厅-1号,15:00-16:00,0,1,可预约,￥5.0,多云,19,18,3,0.0,78,31
2026-05-21 11:00:44,2026-05-21,2,乒乓球厅-1号,15:00-16:00,0,1,可预约,￥5.0,多云,21,17,5,0.0,74,31
2026-05-21 11:30:38,2026-05-21,2,乒乓球厅-1号,15:00-16:00,0,1,可预约,￥5.0,多云,21,19,3,0.0,72,33
2026-05-21 12:00:46,2026-05-21,2,乒乓球厅-1号,15:00-16:00,1,1,已售/已满,已售,多云,22,19,4,0.0,70,33
2026-05-21 12:30:42,2026-05-21,2,乒乓球厅-1号,15:00-16:00,1,1,已售/已满,已售,多云,22,21,3,0.0,68,35
2026-05-21 13:00:43,2026-05-21,2,乒乓球厅-1号,15:00-16:00,1,1,已售/已满,已售,多云,24,22,4,0.0,66,35
2026-05-21 13:30:43,2026-05-21,2,乒乓球厅-1号,15:00-16:00,1,1,已售/已满,已售,多云,24,22,4,0.0,66,36
2026-05-21 14:00:48,2026-05-21,2,乒乓球厅-1号,15:00-16:00,1,1,已售/已满,已售,多云,25,23,4,0.0,66,36
2026-05-21 14:30:45,2026-05-21,2,乒乓球厅-1号,15:00-16:00,1,1,已售/已满,已售,晴,25,25,3,0.0,65,39
2026-05-21 15:00:45,2026-05-21,2,乒乓球厅-1号,15:00-16:00,1,1,已售/已满,已售,晴,25,22,4,0.0,56,39
2026-05-21 15:30:43,2026-05-21,2,乒乓球厅-1号,15:00-16:00,1,1,已售/已满,已售,晴,25,23,4,0.0,57,40
2026-05-21 16:00:51,2026-05-21,2,乒乓球厅-1号,15:00-16:00,1,1,已售/已满,已售,晴,25,23,4,0.0,57,40
2026-05-21 16:30:48,2026-05-21,2,乒乓球厅-1号,15:00-16:00,1,1,已售/已满,已售,晴,25,24,3,0.0,60,39
2026-05-21 17:00:49,2026-05-21,2,乒乓球厅-1号,15:00-16:00,1,1,已售/已满,已售,晴,25,24,4,0.0,61,39
2026-05-21 17:30:47,2026-05-21,2,乒乓球厅-1号,15:00-16:00,1,1,已售/已满,已售,多云,24,23,3,0.0,64,39
2026-05-21 18:00:50,2026-05-21,2,乒乓球厅-1号,15:00-16:00,1,1,已售/已满,已售,多云,24,23,3,0.0,68,39
2026-05-21 18:30:50,2026-05-21,2,乒乓球厅-1号,15:00-16:00,1,1,已售/已满,已售,阴,24,25,2,0.0,68,40
2026-05-21 19:00:50,2026-05-21,2,乒乓球厅-1号,15:00-16:00,1,1,已售/已满,已售,阴,23,23,3,0.0,76,40
2026-05-21 19:30:46,2026-05-21,2,乒乓球厅-1号,15:00-16:00,1,1,已售/已满,已售,阴,23,24,2,0.0,77,39
2026-05-21 20:00:49,2026-05-21,2,乒乓球厅-1号,15:00-16:00,1,1,已售/已满,已售,雾,22,23,2,0.0,89,39
2026-05-21 20:30:44,2026-05-21,2,乒乓球厅-1号,15:00-16:00,1,1,已售/已满,已售,雾,22,24,2,0.0,93,43
2026-05-21 21:00:56,2026-05-21,2,乒乓球厅-1号,15:00-16:00,1,1,已售/已满,已售,雾,20,21,2,0.0,98,43
2026-05-21 21:30:46,2026-05-21,2,乒乓球厅-1号,15:00-16:00,1,1,已售/已满,已售,雾,20,22,1,0.0,99,41
2026-05-21 22:01:02,2026-05-21,2,乒乓球厅-1号,15:00-16:00,1,1,已售/已满,已售,雾,19,20,2,0.0,93,41
2026-05-21 22:30:47,2026-05-21,2,乒乓球厅-1号,15:00-16:00,1,1,已售/已满,已售,雾,19,19,3,0.0,88,46
2026-05-21 23:00:56,2026-05-21,2,乒乓球厅-1号,15:00-16:00,1,1,已售/已满,已售,多云,18,17,3,0.0,85,46
2026-05-21 23:30:55,2026-05-21,2,乒乓球厅-1号,15:00-16:00,1,1,已售/已满,已售,多云,18,17,3,0.0,85,48
2026-05-21 00:30:49,2026-05-21,2,乒乓球厅-1号,16:00-17:00,0,1,可预约,￥5.0,多云,15,13,3,0.0,100,26
2026-05-21 01:00:55,2026-05-21,2,乒乓球厅-1号,16:00-17:00,0,1,可预约,￥5.0,多云,15,12,4,0.0,100,26
2026-05-21 01:30:47,2026-05-21,2,乒乓球厅-1号,16:00-17:00,0,1,可预约,￥5.0,多云,15,13,4,0.0,100,28
2026-05-21 02:00:53,2026-05-21,2,乒乓球厅-1号,16:00-17:00,0,1,可预约,￥5.0,多云,15,12,4,0.0,100,28
2026-05-21 02:30:49,2026-05-21,2,乒乓球厅-1号,16:00-17:00,0,1,可预约,￥5.0,多云,15,14,3,0.0,100,29
2026-05-21 03:00:55,2026-05-21,2,乒乓球厅-1号,16:00-17:00,0,1,可预约,￥5.0,多云,15,12,4,0.0,100,29
2026-05-21 03:30:49,2026-05-21,2,乒乓球厅-1号,16:00-17:00,0,1,可预约,￥5.0,多云,15,14,3,0.0,100,30
2026-05-21 04:30:45,2026-05-21,2,乒乓球厅-1号,16:00-17:00,0,1,可预约,￥5.0,多云,15,12,4,0.0,100,29
2026-05-21 05:00:52,2026-05-21,2,乒乓球厅-1号,16:00-17:00,0,1,可预约,￥5.0,多云,15,12,4,0.0,100,29
2026-05-21 05:30:49,2026-05-21,2,乒乓球厅-1号,16:00-17:00,0,1,可预约,￥5.0,多云,15,13,3,0.0,100,28
2026-05-21 06:00:50,2026-05-21,2,乒乓球厅-1号,16:00-17:00,0,1,可预约,￥5.0,多云,15,13,4,0.0,99,28
2026-05-21 06:30:38,2026-05-21,2,乒乓球厅-1号,16:00-17:00,0,1,可预约,￥5.0,多云,15,13,3,0.0,97,28
2026-05-21 07:00:43,2026-05-21,2,乒乓球厅-1号,16:00-17:00,0,1,可预约,￥5.0,晴,15,11,5,0.0,93,28
2026-05-21 07:30:39,2026-05-21,2,乒乓球厅-1号,16:00-17:00,0,1,可预约,￥5.0,晴,17,13,4,0.0,89,29
2026-05-21 07:50:40,2026-05-21,2,乒乓球厅-1号,16:00-17:00,0,1,可预约,￥5.0,晴,17,13,4,0.0,88,29
2026-05-21 07:53:31,2026-05-21,2,乒乓球厅-1号,16:00-17:00,0,1,可预约,￥5.0,晴,17,12,5,0.0,86,29
2026-05-21 07:56:31,2026-05-21,2,乒乓球厅-1号,16:00-17:00,0,1,可预约,￥5.0,晴,17,12,5,0.0,86,29
2026-05-21 07:59:26,2026-05-21,2,乒乓球厅-1号,16:00-17:00,0,1,可预约,￥5.0,晴,17,12,5,0.0,86,29
2026-05-21 08:00:45,2026-05-21,2,乒乓球厅-1号,16:00-17:00,0,1,可预约,￥5.0,晴,17,12,5,0.0,86,29
2026-05-21 08:02:30,2026-05-21,2,乒乓球厅-1号,16:00-17:00,0,1,可预约,￥5.0,多云,17,12,5,0.0,87,29
2026-05-21 08:05:36,2026-05-21,2,乒乓球厅-1号,16:00-17:00,0,1,可预约,￥5.0,多云,17,12,5,0.0,86,29
2026-05-21 08:08:31,2026-05-21,2,乒乓球厅-1号,16:00-17:00,0,1,可预约,￥5.0,多云,17,12,5,0.0,86,29
2026-05-21 08:11:30,2026-05-21,2,乒乓球厅-1号,16:00-17:00,0,1,可预约,￥5.0,多云,17,12,5,0.0,86,29
2026-05-21 08:14:31,2026-05-21,2,乒乓球厅-1号,16:00-17:00,0,1,可预约,￥5.0,多云,17,12,5,0.0,86,29
2026-05-21 08:17:30,2026-05-21,2,乒乓球厅-1号,16:00-17:00,0,1,可预约,￥5.0,多云,17,12,5,0.0,86,29
2026-05-21 08:20:35,2026-05-21,2,乒乓球厅-1号,16:00-17:00,0,1,可预约,￥5.0,多云,17,14,4,0.0,85,29
2026-05-21 08:25:32,2026-05-21,2,乒乓球厅-1号,16:00-17:00,0,1,可预约,￥5.0,多云,17,14,4,0.0,85,28
2026-05-21 08:30:42,2026-05-21,2,乒乓球厅-1号,16:00-17:00,0,1,可预约,￥5.0,多云,18,15,4,0.0,84,28
2026-05-21 08:35:31,2026-05-21,2,乒乓球厅-1号,16:00-17:00,0,1,可预约,￥5.0,多云,18,15,4,0.0,84,28
2026-05-21 08:40:38,2026-05-21,2,乒乓球厅-1号,16:00-17:00,0,1,可预约,￥5.0,多云,18,15,4,0.0,82,28
2026-05-21 08:45:33,2026-05-21,2,乒乓球厅-1号,16:00-17:00,0,1,可预约,￥5.0,多云,18,15,4,0.0,82,28
2026-05-21 08:50:36,2026-05-21,2,乒乓球厅-1号,16:00-17:00,0,1,可预约,￥5.0,多云,18,15,4,0.0,82,28
2026-05-21 08:55:34,2026-05-21,2,乒乓球厅-1号,16:00-17:00,0,1,可预约,￥5.0,多云,18,15,4,0.0,84,28
2026-05-21 09:00:51,2026-05-21,2,乒乓球厅-1号,16:00-17:00,0,1,可预约,￥5.0,多云,18,15,4,0.0,84,28
2026-05-21 09:01:59,2026-05-21,2,乒乓球厅-1号,16:00-17:00,0,1,可预约,￥5.0,多云,18,15,4,0.0,83,28
2026-05-21 09:05:33,2026-05-21,2,乒乓球厅-1号,16:00-17:00,0,1,可预约,￥5.0,多云,18,15,4,0.0,83,28
2026-05-21 09:20:38,2026-05-21,2,乒乓球厅-1号,16:00-17:00,0,1,可预约,￥5.0,多云,18,16,3,0.0,81,28
2026-05-21 09:30:46,2026-05-21,2,乒乓球厅-1号,16:00-17:00,0,1,可预约,￥5.0,多云,18,16,3,0.0,81,32
2026-05-21 09:40:36,2026-05-21,2,乒乓球厅-1号,16:00-17:00,0,1,可预约,￥5.0,多云,19,17,3,0.0,79,32
2026-05-21 09:50:42,2026-05-21,2,乒乓球厅-1号,16:00-17:00,0,1,可预约,￥5.0,多云,19,17,4,0.0,81,32
2026-05-21 10:00:46,2026-05-21,2,乒乓球厅-1号,16:00-17:00,0,1,可预约,￥5.0,多云,19,17,4,0.0,79,32
2026-05-21 10:10:40,2026-05-21,2,乒乓球厅-1号,16:00-17:00,0,1,可预约,￥5.0,多云,19,17,4,0.0,79,32
2026-05-21 10:20:38,2026-05-21,2,乒乓球厅-1号,16:00-17:00,0,1,可预约,￥5.0,多云,19,17,4,0.0,79,32
2026-05-21 10:30:41,2026-05-21,2,乒乓球厅-1号,16:00-17:00,0,1,可预约,￥5.0,多云,19,18,3,0.0,78,31
2026-05-21 11:00:44,2026-05-21,2,乒乓球厅-1号,16:00-17:00,0,1,可预约,￥5.0,多云,21,17,5,0.0,74,31
2026-05-21 11:30:38,2026-05-21,2,乒乓球厅-1号,16:00-17:00,0,1,可预约,￥5.0,多云,21,19,3,0.0,72,33
2026-05-21 12:00:46,2026-05-21,2,乒乓球厅-1号,16:00-17:00,0,1,可预约,￥5.0,多云,22,19,4,0.0,70,33
2026-05-21 12:30:42,2026-05-21,2,乒乓球厅-1号,16:00-17:00,0,1,可预约,￥5.0,多云,22,21,3,0.0,68,35
2026-05-21 13:00:43,2026-05-21,2,乒乓球厅-1号,16:00-17:00,0,1,可预约,￥5.0,多云,24,22,4,0.0,66,35
2026-05-21 13:30:43,2026-05-21,2,乒乓球厅-1号,16:00-17:00,0,1,可预约,￥5.0,多云,24,22,4,0.0,66,36
2026-05-21 14:00:48,2026-05-21,2,乒乓球厅-1号,16:00-17:00,0,1,可预约,￥5.0,多云,25,23,4,0.0,66,36
2026-05-21 14:30:45,2026-05-21,2,乒乓球厅-1号,16:00-17:00,0,1,可预约,￥5.0,晴,25,25,3,0.0,65,39
2026-05-21 15:00:45,2026-05-21,2,乒乓球厅-1号,16:00-17:00,0,1,可预约,￥5.0,晴,25,22,4,0.0,56,39
2026-05-21 15:30:43,2026-05-21,2,乒乓球厅-1号,16:00-17:00,0,1,可预约,￥5.0,晴,25,23,4,0.0,57,40
2026-05-21 16:00:51,2026-05-21,2,乒乓球厅-1号,16:00-17:00,0,1,可预约,￥5.0,晴,25,23,4,0.0,57,40
2026-05-21 16:30:48,2026-05-21,2,乒乓球厅-1号,16:00-17:00,0,1,可预约,￥5.0,晴,25,24,3,0.0,60,39
2026-05-21 17:00:49,2026-05-21,2,乒乓球厅-1号,16:00-17:00,0,1,不开放/已过期,,晴,25,24,4,0.0,61,39
2026-05-21 17:30:47,2026-05-21,2,乒乓球厅-1号,16:00-17:00,0,1,不开放/已过期,,多云,24,23,3,0.0,64,39
2026-05-21 18:00:50,2026-05-21,2,乒乓球厅-1号,16:00-17:00,0,1,不开放/已过期,,多云,24,23,3,0.0,68,39
2026-05-21 18:30:50,2026-05-21,2,乒乓球厅-1号,16:00-17:00,0,1,不开放/已过期,,阴,24,25,2,0.0,68,40
2026-05-21 19:00:50,2026-05-21,2,乒乓球厅-1号,16:00-17:00,0,1,不开放/已过期,,阴,23,23,3,0.0,76,40
2026-05-21 19:30:46,2026-05-21,2,乒乓球厅-1号,16:00-17:00,0,1,不开放/已过期,,阴,23,24,2,0.0,77,39
2026-05-21 20:00:49,2026-05-21,2,乒乓球厅-1号,16:00-17:00,0,1,不开放/已过期,,雾,22,23,2,0.0,89,39
2026-05-21 20:30:44,2026-05-21,2,乒乓球厅-1号,16:00-17:00,0,1,不开放/已过期,,雾,22,24,2,0.0,93,43
2026-05-21 21:00:56,2026-05-21,2,乒乓球厅-1号,16:00-17:00,0,1,不开放/已过期,,雾,20,21,2,0.0,98,43
2026-05-21 21:30:46,2026-05-21,2,乒乓球厅-1号,16:00-17:00,0,1,不开放/已过期,,雾,20,22,1,0.0,99,41
2026-05-21 22:01:02,2026-05-21,2,乒乓球厅-1号,16:00-17:00,0,1,不开放/已过期,,雾,19,20,2,0.0,93,41
2026-05-21 22:30:47,2026-05-21,2,乒乓球厅-1号,16:00-17:00,0,1,不开放/已过期,,雾,19,19,3,0.0,88,46
2026-05-21 23:00:56,2026-05-21,2,乒乓球厅-1号,16:00-17:00,0,1,不开放/已过期,,多云,18,17,3,0.0,85,46
2026-05-21 23:30:55,2026-05-21,2,乒乓球厅-1号,16:00-17:00,0,1,不开放/已过期,,多云,18,17,3,0.0,85,48
2026-05-21 00:30:49,2026-05-21,2,乒乓球厅-1号,17:00-18:00,0,1,可预约,￥5.0,多云,15,13,3,0.0,100,26
2026-05-21 01:00:55,2026-05-21,2,乒乓球厅-1号,17:00-18:00,0,1,可预约,￥5.0,多云,15,12,4,0.0,100,26
2026-05-21 01:30:47,2026-05-21,2,乒乓球厅-1号,17:00-18:00,0,1,可预约,￥5.0,多云,15,13,4,0.0,100,28
2026-05-21 02:00:53,2026-05-21,2,乒乓球厅-1号,17:00-18:00,0,1,可预约,￥5.0,多云,15,12,4,0.0,100,28
2026-05-21 02:30:49,2026-05-21,2,乒乓球厅-1号,17:00-18:00,0,1,可预约,￥5.0,多云,15,14,3,0.0,100,29
2026-05-21 03:00:55,2026-05-21,2,乒乓球厅-1号,17:00-18:00,0,1,可预约,￥5.0,多云,15,12,4,0.0,100,29
2026-05-21 03:30:49,2026-05-21,2,乒乓球厅-1号,17:00-18:00,0,1,可预约,￥5.0,多云,15,14,3,0.0,100,30
2026-05-21 04:30:45,2026-05-21,2,乒乓球厅-1号,17:00-18:00,0,1,可预约,￥5.0,多云,15,12,4,0.0,100,29
2026-05-21 05:00:52,2026-05-21,2,乒乓球厅-1号,17:00-18:00,0,1,可预约,￥5.0,多云,15,12,4,0.0,100,29
2026-05-21 05:30:49,2026-05-21,2,乒乓球厅-1号,17:00-18:00,0,1,可预约,￥5.0,多云,15,13,3,0.0,100,28
2026-05-21 06:00:50,2026-05-21,2,乒乓球厅-1号,17:00-18:00,0,1,可预约,￥5.0,多云,15,13,4,0.0,99,28
2026-05-21 06:30:38,2026-05-21,2,乒乓球厅-1号,17:00-18:00,0,1,可预约,￥5.0,多云,15,13,3,0.0,97,28
2026-05-21 07:00:43,2026-05-21,2,乒乓球厅-1号,17:00-18:00,0,1,可预约,￥5.0,晴,15,11,5,0.0,93,28
2026-05-21 07:30:39,2026-05-21,2,乒乓球厅-1号,17:00-18:00,0,1,可预约,￥5.0,晴,17,13,4,0.0,89,29
2026-05-21 07:50:40,2026-05-21,2,乒乓球厅-1号,17:00-18:00,0,1,可预约,￥5.0,晴,17,13,4,0.0,88,29
2026-05-21 07:53:31,2026-05-21,2,乒乓球厅-1号,17:00-18:00,0,1,可预约,￥5.0,晴,17,12,5,0.0,86,29
2026-05-21 07:56:31,2026-05-21,2,乒乓球厅-1号,17:00-18:00,0,1,可预约,￥5.0,晴,17,12,5,0.0,86,29
2026-05-21 07:59:26,2026-05-21,2,乒乓球厅-1号,17:00-18:00,0,1,可预约,￥5.0,晴,17,12,5,0.0,86,29
2026-05-21 08:00:45,2026-05-21,2,乒乓球厅-1号,17:00-18:00,0,1,可预约,￥5.0,晴,17,12,5,0.0,86,29
2026-05-21 08:02:30,2026-05-21,2,乒乓球厅-1号,17:00-18:00,0,1,可预约,￥5.0,多云,17,12,5,0.0,87,29
2026-05-21 08:05:36,2026-05-21,2,乒乓球厅-1号,17:00-18:00,0,1,可预约,￥5.0,多云,17,12,5,0.0,86,29
2026-05-21 08:08:31,2026-05-21,2,乒乓球厅-1号,17:00-18:00,0,1,可预约,￥5.0,多云,17,12,5,0.0,86,29
2026-05-21 08:11:30,2026-05-21,2,乒乓球厅-1号,17:00-18:00,0,1,可预约,￥5.0,多云,17,12,5,0.0,86,29
2026-05-21 08:14:31,2026-05-21,2,乒乓球厅-1号,17:00-18:00,0,1,可预约,￥5.0,多云,17,12,5,0.0,86,29
2026-05-21 08:17:30,2026-05-21,2,乒乓球厅-1号,17:00-18:00,0,1,可预约,￥5.0,多云,17,12,5,0.0,86,29
2026-05-21 08:20:35,2026-05-21,2,乒乓球厅-1号,17:00-18:00,0,1,可预约,￥5.0,多云,17,14,4,0.0,85,29
2026-05-21 08:25:32,2026-05-21,2,乒乓球厅-1号,17:00-18:00,0,1,可预约,￥5.0,多云,17,14,4,0.0,85,28
2026-05-21 08:30:42,2026-05-21,2,乒乓球厅-1号,17:00-18:00,0,1,可预约,￥5.0,多云,18,15,4,0.0,84,28
2026-05-21 08:35:31,2026-05-21,2,乒乓球厅-1号,17:00-18:00,0,1,可预约,￥5.0,多云,18,15,4,0.0,84,28
2026-05-21 08:40:38,2026-05-21,2,乒乓球厅-1号,17:00-18:00,0,1,可预约,￥5.0,多云,18,15,4,0.0,82,28
2026-05-21 08:45:33,2026-05-21,2,乒乓球厅-1号,17:00-18:00,0,1,可预约,￥5.0,多云,18,15,4,0.0,82,28
2026-05-21 08:50:36,2026-05-21,2,乒乓球厅-1号,17:00-18:00,0,1,可预约,￥5.0,多云,18,15,4,0.0,82,28
2026-05-21 08:55:34,2026-05-21,2,乒乓球厅-1号,17:00-18:00,0,1,可预约,￥5.0,多云,18,15,4,0.0,84,28
2026-05-21 09:00:51,2026-05-21,2,乒乓球厅-1号,17:00-18:00,0,1,可预约,￥5.0,多云,18,15,4,0.0,84,28
2026-05-21 09:01:59,2026-05-21,2,乒乓球厅-1号,17:00-18:00,0,1,可预约,￥5.0,多云,18,15,4,0.0,83,28
2026-05-21 09:05:33,2026-05-21,2,乒乓球厅-1号,17:00-18:00,0,1,可预约,￥5.0,多云,18,15,4,0.0,83,28
2026-05-21 09:20:38,2026-05-21,2,乒乓球厅-1号,17:00-18:00,0,1,可预约,￥5.0,多云,18,16,3,0.0,81,28
2026-05-21 09:30:46,2026-05-21,2,乒乓球厅-1号,17:00-18:00,0,1,可预约,￥5.0,多云,18,16,3,0.0,81,32
2026-05-21 09:40:36,2026-05-21,2,乒乓球厅-1号,17:00-18:00,0,1,可预约,￥5.0,多云,19,17,3,0.0,79,32
2026-05-21 09:50:42,2026-05-21,2,乒乓球厅-1号,17:00-18:00,0,1,可预约,￥5.0,多云,19,17,4,0.0,81,32
2026-05-21 10:00:46,2026-05-21,2,乒乓球厅-1号,17:00-18:00,0,1,可预约,￥5.0,多云,19,17,4,0.0,79,32
2026-05-21 10:10:40,2026-05-21,2,乒乓球厅-1号,17:00-18:00,0,1,可预约,￥5.0,多云,19,17,4,0.0,79,32
2026-05-21 10:20:38,2026-05-21,2,乒乓球厅-1号,17:00-18:00,0,1,可预约,￥5.0,多云,19,17,4,0.0,79,32
2026-05-21 10:30:41,2026-05-21,2,乒乓球厅-1号,17:00-18:00,0,1,可预约,￥5.0,多云,19,18,3,0.0,78,31
2026-05-21 11:00:44,2026-05-21,2,乒乓球厅-1号,17:00-18:00,0,1,可预约,￥5.0,多云,21,17,5,0.0,74,31
2026-05-21 11:30:38,2026-05-21,2,乒乓球厅-1号,17:00-18:00,0,1,可预约,￥5.0,多云,21,19,3,0.0,72,33
2026-05-21 12:00:46,2026-05-21,2,乒乓球厅-1号,17:00-18:00,0,1,可预约,￥5.0,多云,22,19,4,0.0,70,33
2026-05-21 12:30:42,2026-05-21,2,乒乓球厅-1号,17:00-18:00,0,1,可预约,￥5.0,多云,22,21,3,0.0,68,35
2026-05-21 13:00:43,2026-05-21,2,乒乓球厅-1号,17:00-18:00,0,1,可预约,￥5.0,多云,24,22,4,0.0,66,35
2026-05-21 13:30:43,2026-05-21,2,乒乓球厅-1号,17:00-18:00,0,1,可预约,￥5.0,多云,24,22,4,0.0,66,36
2026-05-21 14:00:48,2026-05-21,2,乒乓球厅-1号,17:00-18:00,0,1,可预约,￥5.0,多云,25,23,4,0.0,66,36
2026-05-21 14:30:45,2026-05-21,2,乒乓球厅-1号,17:00-18:00,0,1,可预约,￥5.0,晴,25,25,3,0.0,65,39
2026-05-21 15:00:45,2026-05-21,2,乒乓球厅-1号,17:00-18:00,0,1,可预约,￥5.0,晴,25,22,4,0.0,56,39
2026-05-21 15:30:43,2026-05-21,2,乒乓球厅-1号,17:00-18:00,0,1,可预约,￥5.0,晴,25,23,4,0.0,57,40
2026-05-21 16:00:51,2026-05-21,2,乒乓球厅-1号,17:00-18:00,0,1,可预约,￥5.0,晴,25,23,4,0.0,57,40
2026-05-21 16:30:48,2026-05-21,2,乒乓球厅-1号,17:00-18:00,0,1,可预约,￥5.0,晴,25,24,3,0.0,60,39
2026-05-21 17:00:49,2026-05-21,2,乒乓球厅-1号,17:00-18:00,0,1,可预约,￥5.0,晴,25,24,4,0.0,61,39
2026-05-21 17:30:47,2026-05-21,2,乒乓球厅-1号,17:00-18:00,0,1,可预约,￥5.0,多云,24,23,3,0.0,64,39
2026-05-21 18:00:50,2026-05-21,2,乒乓球厅-1号,17:00-18:00,0,1,不开放/已过期,,多云,24,23,3,0.0,68,39
2026-05-21 18:30:50,2026-05-21,2,乒乓球厅-1号,17:00-18:00,0,1,不开放/已过期,,阴,24,25,2,0.0,68,40
2026-05-21 19:00:50,2026-05-21,2,乒乓球厅-1号,17:00-18:00,0,1,不开放/已过期,,阴,23,23,3,0.0,76,40
2026-05-21 19:30:46,2026-05-21,2,乒乓球厅-1号,17:00-18:00,0,1,不开放/已过期,,阴,23,24,2,0.0,77,39
2026-05-21 20:00:49,2026-05-21,2,乒乓球厅-1号,17:00-18:00,0,1,不开放/已过期,,雾,22,23,2,0.0,89,39
2026-05-21 20:30:44,2026-05-21,2,乒乓球厅-1号,17:00-18:00,0,1,不开放/已过期,,雾,22,24,2,0.0,93,43
2026-05-21 21:00:56,2026-05-21,2,乒乓球厅-1号,17:00-18:00,0,1,不开放/已过期,,雾,20,21,2,0.0,98,43
2026-05-21 21:30:46,2026-05-21,2,乒乓球厅-1号,17:00-18:00,0,1,不开放/已过期,,雾,20,22,1,0.0,99,41
2026-05-21 22:01:02,2026-05-21,2,乒乓球厅-1号,17:00-18:00,0,1,不开放/已过期,,雾,19,20,2,0.0,93,41
2026-05-21 22:30:47,2026-05-21,2,乒乓球厅-1号,17:00-18:00,0,1,不开放/已过期,,雾,19,19,3,0.0,88,46
2026-05-21 23:00:56,2026-05-21,2,乒乓球厅-1号,17:00-18:00,0,1,不开放/已过期,,多云,18,17,3,0.0,85,46
2026-05-21 23:30:55,2026-05-21,2,乒乓球厅-1号,17:00-18:00,0,1,不开放/已过期,,多云,18,17,3,0.0,85,48
2026-05-21 00:30:49,2026-05-21,2,乒乓球厅-1号,18:30-19:30,0,1,可预约,￥5.0,多云,15,13,3,0.0,100,26
2026-05-21 01:00:55,2026-05-21,2,乒乓球厅-1号,18:30-19:30,0,1,可预约,￥5.0,多云,15,12,4,0.0,100,26
2026-05-21 01:30:47,2026-05-21,2,乒乓球厅-1号,18:30-19:30,0,1,可预约,￥5.0,多云,15,13,4,0.0,100,28
2026-05-21 02:00:53,2026-05-21,2,乒乓球厅-1号,18:30-19:30,0,1,可预约,￥5.0,多云,15,12,4,0.0,100,28
2026-05-21 02:30:49,2026-05-21,2,乒乓球厅-1号,18:30-19:30,0,1,可预约,￥5.0,多云,15,14,3,0.0,100,29
2026-05-21 03:00:55,2026-05-21,2,乒乓球厅-1号,18:30-19:30,0,1,可预约,￥5.0,多云,15,12,4,0.0,100,29
2026-05-21 03:30:49,2026-05-21,2,乒乓球厅-1号,18:30-19:30,0,1,可预约,￥5.0,多云,15,14,3,0.0,100,30
2026-05-21 04:30:45,2026-05-21,2,乒乓球厅-1号,18:30-19:30,0,1,可预约,￥5.0,多云,15,12,4,0.0,100,29
2026-05-21 05:00:52,2026-05-21,2,乒乓球厅-1号,18:30-19:30,0,1,可预约,￥5.0,多云,15,12,4,0.0,100,29
2026-05-21 05:30:49,2026-05-21,2,乒乓球厅-1号,18:30-19:30,0,1,可预约,￥5.0,多云,15,13,3,0.0,100,28
2026-05-21 06:00:50,2026-05-21,2,乒乓球厅-1号,18:30-19:30,0,1,可预约,￥5.0,多云,15,13,4,0.0,99,28
2026-05-21 06:30:38,2026-05-21,2,乒乓球厅-1号,18:30-19:30,0,1,可预约,￥5.0,多云,15,13,3,0.0,97,28
2026-05-21 07:00:43,2026-05-21,2,乒乓球厅-1号,18:30-19:30,0,1,可预约,￥5.0,晴,15,11,5,0.0,93,28
2026-05-21 07:30:39,2026-05-21,2,乒乓球厅-1号,18:30-19:30,0,1,可预约,￥5.0,晴,17,13,4,0.0,89,29
2026-05-21 07:50:40,2026-05-21,2,乒乓球厅-1号,18:30-19:30,0,1,可预约,￥5.0,晴,17,13,4,0.0,88,29
2026-05-21 07:53:31,2026-05-21,2,乒乓球厅-1号,18:30-19:30,0,1,可预约,￥5.0,晴,17,12,5,0.0,86,29
2026-05-21 07:56:31,2026-05-21,2,乒乓球厅-1号,18:30-19:30,0,1,可预约,￥5.0,晴,17,12,5,0.0,86,29
2026-05-21 07:59:26,2026-05-21,2,乒乓球厅-1号,18:30-19:30,0,1,可预约,￥5.0,晴,17,12,5,0.0,86,29
2026-05-21 08:00:45,2026-05-21,2,乒乓球厅-1号,18:30-19:30,0,1,可预约,￥5.0,晴,17,12,5,0.0,86,29
2026-05-21 08:02:30,2026-05-21,2,乒乓球厅-1号,18:30-19:30,0,1,可预约,￥5.0,多云,17,12,5,0.0,87,29
2026-05-21 08:05:36,2026-05-21,2,乒乓球厅-1号,18:30-19:30,0,1,可预约,￥5.0,多云,17,12,5,0.0,86,29
2026-05-21 08:08:31,2026-05-21,2,乒乓球厅-1号,18:30-19:30,0,1,可预约,￥5.0,多云,17,12,5,0.0,86,29
2026-05-21 08:11:30,2026-05-21,2,乒乓球厅-1号,18:30-19:30,0,1,可预约,￥5.0,多云,17,12,5,0.0,86,29
2026-05-21 08:14:31,2026-05-21,2,乒乓球厅-1号,18:30-19:30,0,1,可预约,￥5.0,多云,17,12,5,0.0,86,29
2026-05-21 08:17:30,2026-05-21,2,乒乓球厅-1号,18:30-19:30,0,1,可预约,￥5.0,多云,17,12,5,0.0,86,29
2026-05-21 08:20:35,2026-05-21,2,乒乓球厅-1号,18:30-19:30,0,1,可预约,￥5.0,多云,17,14,4,0.0,85,29
2026-05-21 08:25:32,2026-05-21,2,乒乓球厅-1号,18:30-19:30,0,1,可预约,￥5.0,多云,17,14,4,0.0,85,28
2026-05-21 08:30:42,2026-05-21,2,乒乓球厅-1号,18:30-19:30,0,1,可预约,￥5.0,多云,18,15,4,0.0,84,28
2026-05-21 08:35:31,2026-05-21,2,乒乓球厅-1号,18:30-19:30,0,1,可预约,￥5.0,多云,18,15,4,0.0,84,28
2026-05-21 08:40:38,2026-05-21,2,乒乓球厅-1号,18:30-19:30,0,1,可预约,￥5.0,多云,18,15,4,0.0,82,28
2026-05-21 08:45:33,2026-05-21,2,乒乓球厅-1号,18:30-19:30,0,1,可预约,￥5.0,多云,18,15,4,0.0,82,28
2026-05-21 08:50:36,2026-05-21,2,乒乓球厅-1号,18:30-19:30,0,1,可预约,￥5.0,多云,18,15,4,0.0,82,28
2026-05-21 08:55:34,2026-05-21,2,乒乓球厅-1号,18:30-19:30,0,1,可预约,￥5.0,多云,18,15,4,0.0,84,28
2026-05-21 09:00:51,2026-05-21,2,乒乓球厅-1号,18:30-19:30,0,1,可预约,￥5.0,多云,18,15,4,0.0,84,28
2026-05-21 09:01:59,2026-05-21,2,乒乓球厅-1号,18:30-19:30,0,1,可预约,￥5.0,多云,18,15,4,0.0,83,28
2026-05-21 09:05:33,2026-05-21,2,乒乓球厅-1号,18:30-19:30,0,1,可预约,￥5.0,多云,18,15,4,0.0,83,28
2026-05-21 09:20:38,2026-05-21,2,乒乓球厅-1号,18:30-19:30,0,1,可预约,￥5.0,多云,18,16,3,0.0,81,28
2026-05-21 09:30:46,2026-05-21,2,乒乓球厅-1号,18:30-19:30,0,1,可预约,￥5.0,多云,18,16,3,0.0,81,32
2026-05-21 09:40:36,2026-05-21,2,乒乓球厅-1号,18:30-19:30,0,1,可预约,￥5.0,多云,19,17,3,0.0,79,32
2026-05-21 09:50:42,2026-05-21,2,乒乓球厅-1号,18:30-19:30,0,1,可预约,￥5.0,多云,19,17,4,0.0,81,32
2026-05-21 10:00:46,2026-05-21,2,乒乓球厅-1号,18:30-19:30,0,1,可预约,￥5.0,多云,19,17,4,0.0,79,32
2026-05-21 10:10:40,2026-05-21,2,乒乓球厅-1号,18:30-19:30,0,1,可预约,￥5.0,多云,19,17,4,0.0,79,32
2026-05-21 10:20:38,2026-05-21,2,乒乓球厅-1号,18:30-19:30,0,1,可预约,￥5.0,多云,19,17,4,0.0,79,32
2026-05-21 10:30:41,2026-05-21,2,乒乓球厅-1号,18:30-19:30,0,1,可预约,￥5.0,多云,19,18,3,0.0,78,31
2026-05-21 11:00:44,2026-05-21,2,乒乓球厅-1号,18:30-19:30,0,1,可预约,￥5.0,多云,21,17,5,0.0,74,31
2026-05-21 11:30:38,2026-05-21,2,乒乓球厅-1号,18:30-19:30,0,1,可预约,￥5.0,多云,21,19,3,0.0,72,33
2026-05-21 12:00:46,2026-05-21,2,乒乓球厅-1号,18:30-19:30,0,1,可预约,￥5.0,多云,22,19,4,0.0,70,33
2026-05-21 12:30:42,2026-05-21,2,乒乓球厅-1号,18:30-19:30,0,1,可预约,￥5.0,多云,22,21,3,0.0,68,35
2026-05-21 13:00:43,2026-05-21,2,乒乓球厅-1号,18:30-19:30,0,1,可预约,￥5.0,多云,24,22,4,0.0,66,35
2026-05-21 13:30:43,2026-05-21,2,乒乓球厅-1号,18:30-19:30,0,1,可预约,￥5.0,多云,24,22,4,0.0,66,36
2026-05-21 14:00:48,2026-05-21,2,乒乓球厅-1号,18:30-19:30,0,1,可预约,￥5.0,多云,25,23,4,0.0,66,36
2026-05-21 14:30:45,2026-05-21,2,乒乓球厅-1号,18:30-19:30,0,1,可预约,￥5.0,晴,25,25,3,0.0,65,39
2026-05-21 15:00:45,2026-05-21,2,乒乓球厅-1号,18:30-19:30,0,1,可预约,￥5.0,晴,25,22,4,0.0,56,39
2026-05-21 15:30:43,2026-05-21,2,乒乓球厅-1号,18:30-19:30,0,1,可预约,￥5.0,晴,25,23,4,0.0,57,40
2026-05-21 16:00:51,2026-05-21,2,乒乓球厅-1号,18:30-19:30,0,1,可预约,￥5.0,晴,25,23,4,0.0,57,40
2026-05-21 16:30:48,2026-05-21,2,乒乓球厅-1号,18:30-19:30,0,1,可预约,￥5.0,晴,25,24,3,0.0,60,39
2026-05-21 17:00:49,2026-05-21,2,乒乓球厅-1号,18:30-19:30,0,1,可预约,￥5.0,晴,25,24,4,0.0,61,39
2026-05-21 17:30:47,2026-05-21,2,乒乓球厅-1号,18:30-19:30,0,1,可预约,￥5.0,多云,24,23,3,0.0,64,39
2026-05-21 18:00:50,2026-05-21,2,乒乓球厅-1号,18:30-19:30,0,1,可预约,￥5.0,多云,24,23,3,0.0,68,39
2026-05-21 18:30:50,2026-05-21,2,乒乓球厅-1号,18:30-19:30,0,1,可预约,￥5.0,阴,24,25,2,0.0,68,40
2026-05-21 19:00:50,2026-05-21,2,乒乓球厅-1号,18:30-19:30,0,1,可预约,￥5.0,阴,23,23,3,0.0,76,40
2026-05-21 19:30:46,2026-05-21,2,乒乓球厅-1号,18:30-19:30,0,1,不开放/已过期,,阴,23,24,2,0.0,77,39
2026-05-21 20:00:49,2026-05-21,2,乒乓球厅-1号,18:30-19:30,0,1,不开放/已过期,,雾,22,23,2,0.0,89,39
2026-05-21 20:30:44,2026-05-21,2,乒乓球厅-1号,18:30-19:30,0,1,不开放/已过期,,雾,22,24,2,0.0,93,43
2026-05-21 21:00:56,2026-05-21,2,乒乓球厅-1号,18:30-19:30,0,1,不开放/已过期,,雾,20,21,2,0.0,98,43
2026-05-21 21:30:46,2026-05-21,2,乒乓球厅-1号,18:30-19:30,0,1,不开放/已过期,,雾,20,22,1,0.0,99,41
2026-05-21 22:01:02,2026-05-21,2,乒乓球厅-1号,18:30-19:30,0,1,不开放/已过期,,雾,19,20,2,0.0,93,41
2026-05-21 22:30:47,2026-05-21,2,乒乓球厅-1号,18:30-19:30,0,1,不开放/已过期,,雾,19,19,3,0.0,88,46
2026-05-21 23:00:56,2026-05-21,2,乒乓球厅-1号,18:30-19:30,0,1,不开放/已过期,,多云,18,17,3,0.0,85,46
2026-05-21 23:30:55,2026-05-21,2,乒乓球厅-1号,18:30-19:30,0,1,不开放/已过期,,多云,18,17,3,0.0,85,48
2026-05-21 00:30:49,2026-05-21,2,乒乓球厅-1号,19:30-20:30,0,1,可预约,￥5.0,多云,15,13,3,0.0,100,26
2026-05-21 01:00:55,2026-05-21,2,乒乓球厅-1号,19:30-20:30,0,1,可预约,￥5.0,多云,15,12,4,0.0,100,26
2026-05-21 01:30:47,2026-05-21,2,乒乓球厅-1号,19:30-20:30,0,1,可预约,￥5.0,多云,15,13,4,0.0,100,28
2026-05-21 02:00:53,2026-05-21,2,乒乓球厅-1号,19:30-20:30,0,1,可预约,￥5.0,多云,15,12,4,0.0,100,28
2026-05-21 02:30:49,2026-05-21,2,乒乓球厅-1号,19:30-20:30,0,1,可预约,￥5.0,多云,15,14,3,0.0,100,29
2026-05-21 03:00:55,2026-05-21,2,乒乓球厅-1号,19:30-20:30,0,1,可预约,￥5.0,多云,15,12,4,0.0,100,29
2026-05-21 03:30:49,2026-05-21,2,乒乓球厅-1号,19:30-20:30,0,1,可预约,￥5.0,多云,15,14,3,0.0,100,30
2026-05-21 04:30:45,2026-05-21,2,乒乓球厅-1号,19:30-20:30,0,1,可预约,￥5.0,多云,15,12,4,0.0,100,29
2026-05-21 05:00:52,2026-05-21,2,乒乓球厅-1号,19:30-20:30,0,1,可预约,￥5.0,多云,15,12,4,0.0,100,29
2026-05-21 05:30:49,2026-05-21,2,乒乓球厅-1号,19:30-20:30,0,1,可预约,￥5.0,多云,15,13,3,0.0,100,28
2026-05-21 06:00:50,2026-05-21,2,乒乓球厅-1号,19:30-20:30,0,1,可预约,￥5.0,多云,15,13,4,0.0,99,28
2026-05-21 06:30:38,2026-05-21,2,乒乓球厅-1号,19:30-20:30,0,1,可预约,￥5.0,多云,15,13,3,0.0,97,28
2026-05-21 07:00:43,2026-05-21,2,乒乓球厅-1号,19:30-20:30,0,1,可预约,￥5.0,晴,15,11,5,0.0,93,28
2026-05-21 07:30:39,2026-05-21,2,乒乓球厅-1号,19:30-20:30,0,1,可预约,￥5.0,晴,17,13,4,0.0,89,29
2026-05-21 07:50:40,2026-05-21,2,乒乓球厅-1号,19:30-20:30,0,1,可预约,￥5.0,晴,17,13,4,0.0,88,29
2026-05-21 07:53:31,2026-05-21,2,乒乓球厅-1号,19:30-20:30,0,1,可预约,￥5.0,晴,17,12,5,0.0,86,29
2026-05-21 07:56:31,2026-05-21,2,乒乓球厅-1号,19:30-20:30,0,1,可预约,￥5.0,晴,17,12,5,0.0,86,29
2026-05-21 07:59:26,2026-05-21,2,乒乓球厅-1号,19:30-20:30,0,1,可预约,￥5.0,晴,17,12,5,0.0,86,29
2026-05-21 08:00:45,2026-05-21,2,乒乓球厅-1号,19:30-20:30,0,1,可预约,￥5.0,晴,17,12,5,0.0,86,29
2026-05-21 08:02:30,2026-05-21,2,乒乓球厅-1号,19:30-20:30,0,1,可预约,￥5.0,多云,17,12,5,0.0,87,29
2026-05-21 08:05:36,2026-05-21,2,乒乓球厅-1号,19:30-20:30,0,1,可预约,￥5.0,多云,17,12,5,0.0,86,29
2026-05-21 08:08:31,2026-05-21,2,乒乓球厅-1号,19:30-20:30,0,1,可预约,￥5.0,多云,17,12,5,0.0,86,29
2026-05-21 08:11:30,2026-05-21,2,乒乓球厅-1号,19:30-20:30,0,1,可预约,￥5.0,多云,17,12,5,0.0,86,29
2026-05-21 08:14:31,2026-05-21,2,乒乓球厅-1号,19:30-20:30,0,1,可预约,￥5.0,多云,17,12,5,0.0,86,29
2026-05-21 08:17:30,2026-05-21,2,乒乓球厅-1号,19:30-20:30,0,1,可预约,￥5.0,多云,17,12,5,0.0,86,29
2026-05-21 08:20:35,2026-05-21,2,乒乓球厅-1号,19:30-20:30,0,1,可预约,￥5.0,多云,17,14,4,0.0,85,29
2026-05-21 08:25:32,2026-05-21,2,乒乓球厅-1号,19:30-20:30,0,1,可预约,￥5.0,多云,17,14,4,0.0,85,28
2026-05-21 08:30:42,2026-05-21,2,乒乓球厅-1号,19:30-20:30,0,1,可预约,￥5.0,多云,18,15,4,0.0,84,28
2026-05-21 08:35:31,2026-05-21,2,乒乓球厅-1号,19:30-20:30,0,1,可预约,￥5.0,多云,18,15,4,0.0,84,28
2026-05-21 08:40:38,2026-05-21,2,乒乓球厅-1号,19:30-20:30,0,1,可预约,￥5.0,多云,18,15,4,0.0,82,28
2026-05-21 08:45:33,2026-05-21,2,乒乓球厅-1号,19:30-20:30,0,1,可预约,￥5.0,多云,18,15,4,0.0,82,28
2026-05-21 08:50:36,2026-05-21,2,乒乓球厅-1号,19:30-20:30,0,1,可预约,￥5.0,多云,18,15,4,0.0,82,28
2026-05-21 08:55:34,2026-05-21,2,乒乓球厅-1号,19:30-20:30,0,1,可预约,￥5.0,多云,18,15,4,0.0,84,28
2026-05-21 09:00:51,2026-05-21,2,乒乓球厅-1号,19:30-20:30,0,1,可预约,￥5.0,多云,18,15,4,0.0,84,28
2026-05-21 09:01:59,2026-05-21,2,乒乓球厅-1号,19:30-20:30,0,1,可预约,￥5.0,多云,18,15,4,0.0,83,28
2026-05-21 09:05:33,2026-05-21,2,乒乓球厅-1号,19:30-20:30,0,1,可预约,￥5.0,多云,18,15,4,0.0,83,28
2026-05-21 09:20:38,2026-05-21,2,乒乓球厅-1号,19:30-20:30,0,1,可预约,￥5.0,多云,18,16,3,0.0,81,28
2026-05-21 09:30:46,2026-05-21,2,乒乓球厅-1号,19:30-20:30,0,1,可预约,￥5.0,多云,18,16,3,0.0,81,32
2026-05-21 09:40:36,2026-05-21,2,乒乓球厅-1号,19:30-20:30,0,1,可预约,￥5.0,多云,19,17,3,0.0,79,32
2026-05-21 09:50:42,2026-05-21,2,乒乓球厅-1号,19:30-20:30,0,1,可预约,￥5.0,多云,19,17,4,0.0,81,32
2026-05-21 10:00:46,2026-05-21,2,乒乓球厅-1号,19:30-20:30,0,1,可预约,￥5.0,多云,19,17,4,0.0,79,32
2026-05-21 10:10:40,2026-05-21,2,乒乓球厅-1号,19:30-20:30,0,1,可预约,￥5.0,多云,19,17,4,0.0,79,32
2026-05-21 10:20:38,2026-05-21,2,乒乓球厅-1号,19:30-20:30,0,1,可预约,￥5.0,多云,19,17,4,0.0,79,32
2026-05-21 10:30:41,2026-05-21,2,乒乓球厅-1号,19:30-20:30,0,1,可预约,￥5.0,多云,19,18,3,0.0,78,31
2026-05-21 11:00:44,2026-05-21,2,乒乓球厅-1号,19:30-20:30,0,1,可预约,￥5.0,多云,21,17,5,0.0,74,31
2026-05-21 11:30:38,2026-05-21,2,乒乓球厅-1号,19:30-20:30,0,1,可预约,￥5.0,多云,21,19,3,0.0,72,33
2026-05-21 12:00:46,2026-05-21,2,乒乓球厅-1号,19:30-20:30,0,1,可预约,￥5.0,多云,22,19,4,0.0,70,33
2026-05-21 12:30:42,2026-05-21,2,乒乓球厅-1号,19:30-20:30,0,1,可预约,￥5.0,多云,22,21,3,0.0,68,35
2026-05-21 13:00:43,2026-05-21,2,乒乓球厅-1号,19:30-20:30,0,1,可预约,￥5.0,多云,24,22,4,0.0,66,35
2026-05-21 13:30:43,2026-05-21,2,乒乓球厅-1号,19:30-20:30,0,1,可预约,￥5.0,多云,24,22,4,0.0,66,36
2026-05-21 14:00:48,2026-05-21,2,乒乓球厅-1号,19:30-20:30,0,1,可预约,￥5.0,多云,25,23,4,0.0,66,36
2026-05-21 14:30:45,2026-05-21,2,乒乓球厅-1号,19:30-20:30,0,1,可预约,￥5.0,晴,25,25,3,0.0,65,39
2026-05-21 15:00:45,2026-05-21,2,乒乓球厅-1号,19:30-20:30,0,1,可预约,￥5.0,晴,25,22,4,0.0,56,39
2026-05-21 15:30:43,2026-05-21,2,乒乓球厅-1号,19:30-20:30,0,1,可预约,￥5.0,晴,25,23,4,0.0,57,40
2026-05-21 16:00:51,2026-05-21,2,乒乓球厅-1号,19:30-20:30,0,1,可预约,￥5.0,晴,25,23,4,0.0,57,40
2026-05-21 16:30:48,2026-05-21,2,乒乓球厅-1号,19:30-20:30,0,1,可预约,￥5.0,晴,25,24,3,0.0,60,39
2026-05-21 17:00:49,2026-05-21,2,乒乓球厅-1号,19:30-20:30,0,1,可预约,￥5.0,晴,25,24,4,0.0,61,39
2026-05-21 17:30:47,2026-05-21,2,乒乓球厅-1号,19:30-20:30,0,1,可预约,￥5.0,多云,24,23,3,0.0,64,39
2026-05-21 18:00:50,2026-05-21,2,乒乓球厅-1号,19:30-20:30,0,1,可预约,￥5.0,多云,24,23,3,0.0,68,39
2026-05-21 18:30:50,2026-05-21,2,乒乓球厅-1号,19:30-20:30,0,1,可预约,￥5.0,阴,24,25,2,0.0,68,40
2026-05-21 19:00:50,2026-05-21,2,乒乓球厅-1号,19:30-20:30,0,1,可预约,￥5.0,阴,23,23,3,0.0,76,40
2026-05-21 19:30:46,2026-05-21,2,乒乓球厅-1号,19:30-20:30,0,1,可预约,￥5.0,阴,23,24,2,0.0,77,39
2026-05-21 20:00:49,2026-05-21,2,乒乓球厅-1号,19:30-20:30,0,1,可预约,￥5.0,雾,22,23,2,0.0,89,39
2026-05-21 20:30:44,2026-05-21,2,乒乓球厅-1号,19:30-20:30,0,1,不开放/已过期,,雾,22,24,2,0.0,93,43
2026-05-21 21:00:56,2026-05-21,2,乒乓球厅-1号,19:30-20:30,0,1,不开放/已过期,,雾,20,21,2,0.0,98,43
2026-05-21 21:30:46,2026-05-21,2,乒乓球厅-1号,19:30-20:30,0,1,不开放/已过期,,雾,20,22,1,0.0,99,41
2026-05-21 22:01:02,2026-05-21,2,乒乓球厅-1号,19:30-20:30,0,1,不开放/已过期,,雾,19,20,2,0.0,93,41
2026-05-21 22:30:47,2026-05-21,2,乒乓球厅-1号,19:30-20:30,0,1,不开放/已过期,,雾,19,19,3,0.0,88,46
2026-05-21 23:00:56,2026-05-21,2,乒乓球厅-1号,19:30-20:30,0,1,不开放/已过期,,多云,18,17,3,0.0,85,46
2026-05-21 23:30:55,2026-05-21,2,乒乓球厅-1号,19:30-20:30,0,1,不开放/已过期,,多云,18,17,3,0.0,85,48
2026-05-21 00:30:49,2026-05-21,2,乒乓球厅-1号,20:30-21:30,0,1,可预约,￥5.0,多云,15,13,3,0.0,100,26
2026-05-21 01:00:55,2026-05-21,2,乒乓球厅-1号,20:30-21:30,0,1,可预约,￥5.0,多云,15,12,4,0.0,100,26
2026-05-21 01:30:47,2026-05-21,2,乒乓球厅-1号,20:30-21:30,0,1,可预约,￥5.0,多云,15,13,4,0.0,100,28
2026-05-21 02:00:53,2026-05-21,2,乒乓球厅-1号,20:30-21:30,0,1,可预约,￥5.0,多云,15,12,4,0.0,100,28
2026-05-21 02:30:49,2026-05-21,2,乒乓球厅-1号,20:30-21:30,0,1,可预约,￥5.0,多云,15,14,3,0.0,100,29
2026-05-21 03:00:55,2026-05-21,2,乒乓球厅-1号,20:30-21:30,0,1,可预约,￥5.0,多云,15,12,4,0.0,100,29
2026-05-21 03:30:49,2026-05-21,2,乒乓球厅-1号,20:30-21:30,0,1,可预约,￥5.0,多云,15,14,3,0.0,100,30
2026-05-21 04:30:45,2026-05-21,2,乒乓球厅-1号,20:30-21:30,0,1,可预约,￥5.0,多云,15,12,4,0.0,100,29
2026-05-21 05:00:52,2026-05-21,2,乒乓球厅-1号,20:30-21:30,0,1,可预约,￥5.0,多云,15,12,4,0.0,100,29
2026-05-21 05:30:49,2026-05-21,2,乒乓球厅-1号,20:30-21:30,0,1,可预约,￥5.0,多云,15,13,3,0.0,100,28
2026-05-21 06:00:50,2026-05-21,2,乒乓球厅-1号,20:30-21:30,0,1,可预约,￥5.0,多云,15,13,4,0.0,99,28
2026-05-21 06:30:38,2026-05-21,2,乒乓球厅-1号,20:30-21:30,0,1,可预约,￥5.0,多云,15,13,3,0.0,97,28
2026-05-21 07:00:43,2026-05-21,2,乒乓球厅-1号,20:30-21:30,0,1,可预约,￥5.0,晴,15,11,5,0.0,93,28
2026-05-21 07:30:39,2026-05-21,2,乒乓球厅-1号,20:30-21:30,0,1,可预约,￥5.0,晴,17,13,4,0.0,89,29
2026-05-21 07:50:40,2026-05-21,2,乒乓球厅-1号,20:30-21:30,0,1,可预约,￥5.0,晴,17,13,4,0.0,88,29
2026-05-21 07:53:31,2026-05-21,2,乒乓球厅-1号,20:30-21:30,0,1,可预约,￥5.0,晴,17,12,5,0.0,86,29
2026-05-21 07:56:31,2026-05-21,2,乒乓球厅-1号,20:30-21:30,0,1,可预约,￥5.0,晴,17,12,5,0.0,86,29
2026-05-21 07:59:26,2026-05-21,2,乒乓球厅-1号,20:30-21:30,0,1,可预约,￥5.0,晴,17,12,5,0.0,86,29
2026-05-21 08:00:45,2026-05-21,2,乒乓球厅-1号,20:30-21:30,0,1,可预约,￥5.0,晴,17,12,5,0.0,86,29
2026-05-21 08:02:30,2026-05-21,2,乒乓球厅-1号,20:30-21:30,0,1,可预约,￥5.0,多云,17,12,5,0.0,87,29
2026-05-21 08:05:36,2026-05-21,2,乒乓球厅-1号,20:30-21:30,0,1,可预约,￥5.0,多云,17,12,5,0.0,86,29
2026-05-21 08:08:31,2026-05-21,2,乒乓球厅-1号,20:30-21:30,0,1,可预约,￥5.0,多云,17,12,5,0.0,86,29
2026-05-21 08:11:30,2026-05-21,2,乒乓球厅-1号,20:30-21:30,0,1,可预约,￥5.0,多云,17,12,5,0.0,86,29
2026-05-21 08:14:31,2026-05-21,2,乒乓球厅-1号,20:30-21:30,0,1,可预约,￥5.0,多云,17,12,5,0.0,86,29
2026-05-21 08:17:30,2026-05-21,2,乒乓球厅-1号,20:30-21:30,0,1,可预约,￥5.0,多云,17,12,5,0.0,86,29
2026-05-21 08:20:35,2026-05-21,2,乒乓球厅-1号,20:30-21:30,0,1,可预约,￥5.0,多云,17,14,4,0.0,85,29
2026-05-21 08:25:32,2026-05-21,2,乒乓球厅-1号,20:30-21:30,0,1,可预约,￥5.0,多云,17,14,4,0.0,85,28
2026-05-21 08:30:42,2026-05-21,2,乒乓球厅-1号,20:30-21:30,0,1,可预约,￥5.0,多云,18,15,4,0.0,84,28
2026-05-21 08:35:31,2026-05-21,2,乒乓球厅-1号,20:30-21:30,0,1,可预约,￥5.0,多云,18,15,4,0.0,84,28
2026-05-21 08:40:38,2026-05-21,2,乒乓球厅-1号,20:30-21:30,0,1,可预约,￥5.0,多云,18,15,4,0.0,82,28
2026-05-21 08:45:33,2026-05-21,2,乒乓球厅-1号,20:30-21:30,0,1,可预约,￥5.0,多云,18,15,4,0.0,82,28
2026-05-21 08:50:36,2026-05-21,2,乒乓球厅-1号,20:30-21:30,0,1,可预约,￥5.0,多云,18,15,4,0.0,82,28
2026-05-21 08:55:34,2026-05-21,2,乒乓球厅-1号,20:30-21:30,0,1,可预约,￥5.0,多云,18,15,4,0.0,84,28
2026-05-21 09:00:51,2026-05-21,2,乒乓球厅-1号,20:30-21:30,0,1,可预约,￥5.0,多云,18,15,4,0.0,84,28
2026-05-21 09:01:59,2026-05-21,2,乒乓球厅-1号,20:30-21:30,0,1,可预约,￥5.0,多云,18,15,4,0.0,83,28
2026-05-21 09:05:33,2026-05-21,2,乒乓球厅-1号,20:30-21:30,0,1,可预约,￥5.0,多云,18,15,4,0.0,83,28
2026-05-21 09:20:38,2026-05-21,2,乒乓球厅-1号,20:30-21:30,0,1,可预约,￥5.0,多云,18,16,3,0.0,81,28
2026-05-21 09:30:46,2026-05-21,2,乒乓球厅-1号,20:30-21:30,0,1,可预约,￥5.0,多云,18,16,3,0.0,81,32
2026-05-21 09:40:36,2026-05-21,2,乒乓球厅-1号,20:30-21:30,0,1,可预约,￥5.0,多云,19,17,3,0.0,79,32
2026-05-21 09:50:42,2026-05-21,2,乒乓球厅-1号,20:30-21:30,0,1,可预约,￥5.0,多云,19,17,4,0.0,81,32
2026-05-21 10:00:46,2026-05-21,2,乒乓球厅-1号,20:30-21:30,0,1,可预约,￥5.0,多云,19,17,4,0.0,79,32
2026-05-21 10:10:40,2026-05-21,2,乒乓球厅-1号,20:30-21:30,0,1,可预约,￥5.0,多云,19,17,4,0.0,79,32
2026-05-21 10:20:38,2026-05-21,2,乒乓球厅-1号,20:30-21:30,0,1,可预约,￥5.0,多云,19,17,4,0.0,79,32
2026-05-21 10:30:41,2026-05-21,2,乒乓球厅-1号,20:30-21:30,0,1,可预约,￥5.0,多云,19,18,3,0.0,78,31
2026-05-21 11:00:44,2026-05-21,2,乒乓球厅-1号,20:30-21:30,0,1,可预约,￥5.0,多云,21,17,5,0.0,74,31
2026-05-21 11:30:38,2026-05-21,2,乒乓球厅-1号,20:30-21:30,0,1,可预约,￥5.0,多云,21,19,3,0.0,72,33
2026-05-21 12:00:46,2026-05-21,2,乒乓球厅-1号,20:30-21:30,0,1,可预约,￥5.0,多云,22,19,4,0.0,70,33
2026-05-21 12:30:42,2026-05-21,2,乒乓球厅-1号,20:30-21:30,0,1,可预约,￥5.0,多云,22,21,3,0.0,68,35
2026-05-21 13:00:43,2026-05-21,2,乒乓球厅-1号,20:30-21:30,0,1,可预约,￥5.0,多云,24,22,4,0.0,66,35
2026-05-21 13:30:43,2026-05-21,2,乒乓球厅-1号,20:30-21:30,0,1,可预约,￥5.0,多云,24,22,4,0.0,66,36
2026-05-21 14:00:48,2026-05-21,2,乒乓球厅-1号,20:30-21:30,0,1,可预约,￥5.0,多云,25,23,4,0.0,66,36
2026-05-21 14:30:45,2026-05-21,2,乒乓球厅-1号,20:30-21:30,0,1,可预约,￥5.0,晴,25,25,3,0.0,65,39
2026-05-21 15:00:45,2026-05-21,2,乒乓球厅-1号,20:30-21:30,0,1,可预约,￥5.0,晴,25,22,4,0.0,56,39
2026-05-21 15:30:43,2026-05-21,2,乒乓球厅-1号,20:30-21:30,0,1,可预约,￥5.0,晴,25,23,4,0.0,57,40
2026-05-21 16:00:51,2026-05-21,2,乒乓球厅-1号,20:30-21:30,0,1,可预约,￥5.0,晴,25,23,4,0.0,57,40
2026-05-21 16:30:48,2026-05-21,2,乒乓球厅-1号,20:30-21:30,0,1,可预约,￥5.0,晴,25,24,3,0.0,60,39
2026-05-21 17:00:49,2026-05-21,2,乒乓球厅-1号,20:30-21:30,0,1,可预约,￥5.0,晴,25,24,4,0.0,61,39
2026-05-21 17:30:47,2026-05-21,2,乒乓球厅-1号,20:30-21:30,0,1,可预约,￥5.0,多云,24,23,3,0.0,64,39
2026-05-21 18:00:50,2026-05-21,2,乒乓球厅-1号,20:30-21:30,0,1,可预约,￥5.0,多云,24,23,3,0.0,68,39
2026-05-21 18:30:50,2026-05-21,2,乒乓球厅-1号,20:30-21:30,0,1,可预约,￥5.0,阴,24,25,2,0.0,68,40
2026-05-21 19:00:50,2026-05-21,2,乒乓球厅-1号,20:30-21:30,0,1,可预约,￥5.0,阴,23,23,3,0.0,76,40
2026-05-21 19:30:46,2026-05-21,2,乒乓球厅-1号,20:30-21:30,0,1,可预约,￥5.0,阴,23,24,2,0.0,77,39
2026-05-21 20:00:49,2026-05-21,2,乒乓球厅-1号,20:30-21:30,0,1,可预约,￥5.0,雾,22,23,2,0.0,89,39
2026-05-21 20:30:44,2026-05-21,2,乒乓球厅-1号,20:30-21:30,0,1,可预约,￥5.0,雾,22,24,2,0.0,93,43
2026-05-21 21:00:56,2026-05-21,2,乒乓球厅-1号,20:30-21:30,0,1,可预约,￥5.0,雾,20,21,2,0.0,98,43
2026-05-21 21:30:46,2026-05-21,2,乒乓球厅-1号,20:30-21:30,0,1,不开放/已过期,,雾,20,22,1,0.0,99,41
2026-05-21 22:01:02,2026-05-21,2,乒乓球厅-1号,20:30-21:30,0,1,不开放/已过期,,雾,19,20,2,0.0,93,41
2026-05-21 22:30:47,2026-05-21,2,乒乓球厅-1号,20:30-21:30,0,1,不开放/已过期,,雾,19,19,3,0.0,88,46
2026-05-21 23:00:56,2026-05-21,2,乒乓球厅-1号,20:30-21:30,0,1,不开放/已过期,,多云,18,17,3,0.0,85,46
2026-05-21 23:30:55,2026-05-21,2,乒乓球厅-1号,20:30-21:30,0,1,不开放/已过期,,多云,18,17,3,0.0,85,48
2026-05-21 00:30:49,2026-05-21,2,乒乓球厅-2号,07:00-08:00,0,1,可预约,￥0.0,多云,15,13,3,0.0,100,26
2026-05-21 01:00:55,2026-05-21,2,乒乓球厅-2号,07:00-08:00,0,1,可预约,￥0.0,多云,15,12,4,0.0,100,26
2026-05-21 01:30:47,2026-05-21,2,乒乓球厅-2号,07:00-08:00,0,1,可预约,￥0.0,多云,15,13,4,0.0,100,28
2026-05-21 02:00:53,2026-05-21,2,乒乓球厅-2号,07:00-08:00,0,1,可预约,￥0.0,多云,15,12,4,0.0,100,28
2026-05-21 02:30:49,2026-05-21,2,乒乓球厅-2号,07:00-08:00,0,1,可预约,￥0.0,多云,15,14,3,0.0,100,29
2026-05-21 03:00:55,2026-05-21,2,乒乓球厅-2号,07:00-08:00,0,1,可预约,￥0.0,多云,15,12,4,0.0,100,29
2026-05-21 03:30:49,2026-05-21,2,乒乓球厅-2号,07:00-08:00,0,1,可预约,￥0.0,多云,15,14,3,0.0,100,30
2026-05-21 04:30:45,2026-05-21,2,乒乓球厅-2号,07:00-08:00,0,1,可预约,￥0.0,多云,15,12,4,0.0,100,29
2026-05-21 05:00:52,2026-05-21,2,乒乓球厅-2号,07:00-08:00,0,1,可预约,￥0.0,多云,15,12,4,0.0,100,29
2026-05-21 05:30:49,2026-05-21,2,乒乓球厅-2号,07:00-08:00,0,1,可预约,￥0.0,多云,15,13,3,0.0,100,28
2026-05-21 06:00:50,2026-05-21,2,乒乓球厅-2号,07:00-08:00,0,1,可预约,￥0.0,多云,15,13,4,0.0,99,28
2026-05-21 06:30:38,2026-05-21,2,乒乓球厅-2号,07:00-08:00,0,1,可预约,￥0.0,多云,15,13,3,0.0,97,28
2026-05-21 07:00:43,2026-05-21,2,乒乓球厅-2号,07:00-08:00,0,1,可预约,￥0.0,晴,15,11,5,0.0,93,28
2026-05-21 07:30:39,2026-05-21,2,乒乓球厅-2号,07:00-08:00,0,1,可预约,￥0.0,晴,17,13,4,0.0,89,29
2026-05-21 07:50:40,2026-05-21,2,乒乓球厅-2号,07:00-08:00,0,1,可预约,￥0.0,晴,17,13,4,0.0,88,29
2026-05-21 07:53:31,2026-05-21,2,乒乓球厅-2号,07:00-08:00,0,1,可预约,￥0.0,晴,17,12,5,0.0,86,29
2026-05-21 07:56:31,2026-05-21,2,乒乓球厅-2号,07:00-08:00,0,1,可预约,￥0.0,晴,17,12,5,0.0,86,29
2026-05-21 07:59:26,2026-05-21,2,乒乓球厅-2号,07:00-08:00,0,1,可预约,￥0.0,晴,17,12,5,0.0,86,29
2026-05-21 08:00:45,2026-05-21,2,乒乓球厅-2号,07:00-08:00,0,1,不开放/已过期,,晴,17,12,5,0.0,86,29
2026-05-21 08:02:30,2026-05-21,2,乒乓球厅-2号,07:00-08:00,0,1,不开放/已过期,,多云,17,12,5,0.0,87,29
2026-05-21 08:05:36,2026-05-21,2,乒乓球厅-2号,07:00-08:00,0,1,不开放/已过期,,多云,17,12,5,0.0,86,29
2026-05-21 08:08:31,2026-05-21,2,乒乓球厅-2号,07:00-08:00,0,1,不开放/已过期,,多云,17,12,5,0.0,86,29
2026-05-21 08:11:30,2026-05-21,2,乒乓球厅-2号,07:00-08:00,0,1,不开放/已过期,,多云,17,12,5,0.0,86,29
2026-05-21 08:14:31,2026-05-21,2,乒乓球厅-2号,07:00-08:00,0,1,不开放/已过期,,多云,17,12,5,0.0,86,29
2026-05-21 08:17:30,2026-05-21,2,乒乓球厅-2号,07:00-08:00,0,1,不开放/已过期,,多云,17,12,5,0.0,86,29
2026-05-21 08:20:35,2026-05-21,2,乒乓球厅-2号,07:00-08:00,0,1,不开放/已过期,,多云,17,14,4,0.0,85,29
2026-05-21 08:25:32,2026-05-21,2,乒乓球厅-2号,07:00-08:00,0,1,不开放/已过期,,多云,17,14,4,0.0,85,28
2026-05-21 08:30:42,2026-05-21,2,乒乓球厅-2号,07:00-08:00,0,1,不开放/已过期,,多云,18,15,4,0.0,84,28
2026-05-21 08:35:31,2026-05-21,2,乒乓球厅-2号,07:00-08:00,0,1,不开放/已过期,,多云,18,15,4,0.0,84,28
2026-05-21 08:40:38,2026-05-21,2,乒乓球厅-2号,07:00-08:00,0,1,不开放/已过期,,多云,18,15,4,0.0,82,28
2026-05-21 08:45:33,2026-05-21,2,乒乓球厅-2号,07:00-08:00,0,1,不开放/已过期,,多云,18,15,4,0.0,82,28
2026-05-21 08:50:36,2026-05-21,2,乒乓球厅-2号,07:00-08:00,0,1,不开放/已过期,,多云,18,15,4,0.0,82,28
2026-05-21 08:55:34,2026-05-21,2,乒乓球厅-2号,07:00-08:00,0,1,不开放/已过期,,多云,18,15,4,0.0,84,28
2026-05-21 09:00:51,2026-05-21,2,乒乓球厅-2号,07:00-08:00,0,1,不开放/已过期,,多云,18,15,4,0.0,84,28
2026-05-21 09:01:59,2026-05-21,2,乒乓球厅-2号,07:00-08:00,0,1,不开放/已过期,,多云,18,15,4,0.0,83,28
2026-05-21 09:05:33,2026-05-21,2,乒乓球厅-2号,07:00-08:00,0,1,不开放/已过期,,多云,18,15,4,0.0,83,28
2026-05-21 09:20:38,2026-05-21,2,乒乓球厅-2号,07:00-08:00,0,1,不开放/已过期,,多云,18,16,3,0.0,81,28
2026-05-21 09:30:46,2026-05-21,2,乒乓球厅-2号,07:00-08:00,0,1,不开放/已过期,,多云,18,16,3,0.0,81,32
2026-05-21 09:40:36,2026-05-21,2,乒乓球厅-2号,07:00-08:00,0,1,不开放/已过期,,多云,19,17,3,0.0,79,32
2026-05-21 09:50:42,2026-05-21,2,乒乓球厅-2号,07:00-08:00,0,1,不开放/已过期,,多云,19,17,4,0.0,81,32
2026-05-21 10:00:46,2026-05-21,2,乒乓球厅-2号,07:00-08:00,0,1,不开放/已过期,,多云,19,17,4,0.0,79,32
2026-05-21 10:10:40,2026-05-21,2,乒乓球厅-2号,07:00-08:00,0,1,不开放/已过期,,多云,19,17,4,0.0,79,32
2026-05-21 10:20:38,2026-05-21,2,乒乓球厅-2号,07:00-08:00,0,1,不开放/已过期,,多云,19,17,4,0.0,79,32
2026-05-21 10:30:41,2026-05-21,2,乒乓球厅-2号,07:00-08:00,0,1,不开放/已过期,,多云,19,18,3,0.0,78,31
2026-05-21 11:00:44,2026-05-21,2,乒乓球厅-2号,07:00-08:00,0,1,不开放/已过期,,多云,21,17,5,0.0,74,31
2026-05-21 11:30:38,2026-05-21,2,乒乓球厅-2号,07:00-08:00,0,1,不开放/已过期,,多云,21,19,3,0.0,72,33
2026-05-21 12:00:46,2026-05-21,2,乒乓球厅-2号,07:00-08:00,0,1,不开放/已过期,,多云,22,19,4,0.0,70,33
2026-05-21 12:30:42,2026-05-21,2,乒乓球厅-2号,07:00-08:00,0,1,不开放/已过期,,多云,22,21,3,0.0,68,35
2026-05-21 13:00:43,2026-05-21,2,乒乓球厅-2号,07:00-08:00,0,1,不开放/已过期,,多云,24,22,4,0.0,66,35
2026-05-21 13:30:43,2026-05-21,2,乒乓球厅-2号,07:00-08:00,0,1,不开放/已过期,,多云,24,22,4,0.0,66,36
2026-05-21 14:00:48,2026-05-21,2,乒乓球厅-2号,07:00-08:00,0,1,不开放/已过期,,多云,25,23,4,0.0,66,36
2026-05-21 14:30:45,2026-05-21,2,乒乓球厅-2号,07:00-08:00,0,1,不开放/已过期,,晴,25,25,3,0.0,65,39
2026-05-21 15:00:45,2026-05-21,2,乒乓球厅-2号,07:00-08:00,0,1,不开放/已过期,,晴,25,22,4,0.0,56,39
2026-05-21 15:30:43,2026-05-21,2,乒乓球厅-2号,07:00-08:00,0,1,不开放/已过期,,晴,25,23,4,0.0,57,40
2026-05-21 16:00:51,2026-05-21,2,乒乓球厅-2号,07:00-08:00,0,1,不开放/已过期,,晴,25,23,4,0.0,57,40
2026-05-21 16:30:48,2026-05-21,2,乒乓球厅-2号,07:00-08:00,0,1,不开放/已过期,,晴,25,24,3,0.0,60,39
2026-05-21 17:00:49,2026-05-21,2,乒乓球厅-2号,07:00-08:00,0,1,不开放/已过期,,晴,25,24,4,0.0,61,39
2026-05-21 17:30:47,2026-05-21,2,乒乓球厅-2号,07:00-08:00,0,1,不开放/已过期,,多云,24,23,3,0.0,64,39
2026-05-21 18:00:50,2026-05-21,2,乒乓球厅-2号,07:00-08:00,0,1,不开放/已过期,,多云,24,23,3,0.0,68,39
2026-05-21 18:30:50,2026-05-21,2,乒乓球厅-2号,07:00-08:00,0,1,不开放/已过期,,阴,24,25,2,0.0,68,40
2026-05-21 19:00:50,2026-05-21,2,乒乓球厅-2号,07:00-08:00,0,1,不开放/已过期,,阴,23,23,3,0.0,76,40
2026-05-21 19:30:46,2026-05-21,2,乒乓球厅-2号,07:00-08:00,0,1,不开放/已过期,,阴,23,24,2,0.0,77,39
2026-05-21 20:00:49,2026-05-21,2,乒乓球厅-2号,07:00-08:00,0,1,不开放/已过期,,雾,22,23,2,0.0,89,39
2026-05-21 20:30:44,2026-05-21,2,乒乓球厅-2号,07:00-08:00,0,1,不开放/已过期,,雾,22,24,2,0.0,93,43
2026-05-21 21:00:56,2026-05-21,2,乒乓球厅-2号,07:00-08:00,0,1,不开放/已过期,,雾,20,21,2,0.0,98,43
2026-05-21 21:30:46,2026-05-21,2,乒乓球厅-2号,07:00-08:00,0,1,不开放/已过期,,雾,20,22,1,0.0,99,41
2026-05-21 22:01:02,2026-05-21,2,乒乓球厅-2号,07:00-08:00,0,1,不开放/已过期,,雾,19,20,2,0.0,93,41
2026-05-21 22:30:47,2026-05-21,2,乒乓球厅-2号,07:00-08:00,0,1,不开放/已过期,,雾,19,19,3,0.0,88,46
2026-05-21 23:00:56,2026-05-21,2,乒乓球厅-2号,07:00-08:00,0,1,不开放/已过期,,多云,18,17,3,0.0,85,46
2026-05-21 23:30:55,2026-05-21,2,乒乓球厅-2号,07:00-08:00,0,1,不开放/已过期,,多云,18,17,3,0.0,85,48
2026-05-21 00:30:49,2026-05-21,2,乒乓球厅-2号,08:00-09:00,0,1,可预约,￥0.0,多云,15,13,3,0.0,100,26
2026-05-21 01:00:55,2026-05-21,2,乒乓球厅-2号,08:00-09:00,0,1,可预约,￥0.0,多云,15,12,4,0.0,100,26
2026-05-21 01:30:47,2026-05-21,2,乒乓球厅-2号,08:00-09:00,0,1,可预约,￥0.0,多云,15,13,4,0.0,100,28
2026-05-21 02:00:53,2026-05-21,2,乒乓球厅-2号,08:00-09:00,0,1,可预约,￥0.0,多云,15,12,4,0.0,100,28
2026-05-21 02:30:49,2026-05-21,2,乒乓球厅-2号,08:00-09:00,0,1,可预约,￥0.0,多云,15,14,3,0.0,100,29
2026-05-21 03:00:55,2026-05-21,2,乒乓球厅-2号,08:00-09:00,0,1,可预约,￥0.0,多云,15,12,4,0.0,100,29
2026-05-21 03:30:49,2026-05-21,2,乒乓球厅-2号,08:00-09:00,0,1,可预约,￥0.0,多云,15,14,3,0.0,100,30
2026-05-21 04:30:45,2026-05-21,2,乒乓球厅-2号,08:00-09:00,0,1,可预约,￥0.0,多云,15,12,4,0.0,100,29
2026-05-21 05:00:52,2026-05-21,2,乒乓球厅-2号,08:00-09:00,0,1,可预约,￥0.0,多云,15,12,4,0.0,100,29
2026-05-21 05:30:49,2026-05-21,2,乒乓球厅-2号,08:00-09:00,0,1,可预约,￥0.0,多云,15,13,3,0.0,100,28
2026-05-21 06:00:50,2026-05-21,2,乒乓球厅-2号,08:00-09:00,0,1,可预约,￥0.0,多云,15,13,4,0.0,99,28
2026-05-21 06:30:38,2026-05-21,2,乒乓球厅-2号,08:00-09:00,0,1,可预约,￥0.0,多云,15,13,3,0.0,97,28
2026-05-21 07:00:43,2026-05-21,2,乒乓球厅-2号,08:00-09:00,0,1,可预约,￥0.0,晴,15,11,5,0.0,93,28
2026-05-21 07:30:39,2026-05-21,2,乒乓球厅-2号,08:00-09:00,0,1,可预约,￥0.0,晴,17,13,4,0.0,89,29
2026-05-21 07:50:40,2026-05-21,2,乒乓球厅-2号,08:00-09:00,0,1,可预约,￥0.0,晴,17,13,4,0.0,88,29
2026-05-21 07:53:31,2026-05-21,2,乒乓球厅-2号,08:00-09:00,0,1,可预约,￥0.0,晴,17,12,5,0.0,86,29
2026-05-21 07:56:31,2026-05-21,2,乒乓球厅-2号,08:00-09:00,0,1,可预约,￥0.0,晴,17,12,5,0.0,86,29
2026-05-21 07:59:26,2026-05-21,2,乒乓球厅-2号,08:00-09:00,0,1,可预约,￥0.0,晴,17,12,5,0.0,86,29
2026-05-21 08:00:45,2026-05-21,2,乒乓球厅-2号,08:00-09:00,0,1,可预约,￥0.0,晴,17,12,5,0.0,86,29
2026-05-21 08:02:30,2026-05-21,2,乒乓球厅-2号,08:00-09:00,0,1,可预约,￥0.0,多云,17,12,5,0.0,87,29
2026-05-21 08:05:36,2026-05-21,2,乒乓球厅-2号,08:00-09:00,0,1,可预约,￥0.0,多云,17,12,5,0.0,86,29
2026-05-21 08:08:31,2026-05-21,2,乒乓球厅-2号,08:00-09:00,0,1,可预约,￥0.0,多云,17,12,5,0.0,86,29
2026-05-21 08:11:30,2026-05-21,2,乒乓球厅-2号,08:00-09:00,0,1,可预约,￥0.0,多云,17,12,5,0.0,86,29
2026-05-21 08:14:31,2026-05-21,2,乒乓球厅-2号,08:00-09:00,0,1,可预约,￥0.0,多云,17,12,5,0.0,86,29
2026-05-21 08:17:30,2026-05-21,2,乒乓球厅-2号,08:00-09:00,0,1,可预约,￥0.0,多云,17,12,5,0.0,86,29
2026-05-21 08:20:35,2026-05-21,2,乒乓球厅-2号,08:00-09:00,0,1,可预约,￥0.0,多云,17,14,4,0.0,85,29
2026-05-21 08:25:32,2026-05-21,2,乒乓球厅-2号,08:00-09:00,0,1,可预约,￥0.0,多云,17,14,4,0.0,85,28
2026-05-21 08:30:42,2026-05-21,2,乒乓球厅-2号,08:00-09:00,0,1,可预约,￥0.0,多云,18,15,4,0.0,84,28
2026-05-21 08:35:31,2026-05-21,2,乒乓球厅-2号,08:00-09:00,0,1,可预约,￥0.0,多云,18,15,4,0.0,84,28
2026-05-21 08:40:38,2026-05-21,2,乒乓球厅-2号,08:00-09:00,0,1,可预约,￥0.0,多云,18,15,4,0.0,82,28
2026-05-21 08:45:33,2026-05-21,2,乒乓球厅-2号,08:00-09:00,0,1,可预约,￥0.0,多云,18,15,4,0.0,82,28
2026-05-21 08:50:36,2026-05-21,2,乒乓球厅-2号,08:00-09:00,0,1,可预约,￥0.0,多云,18,15,4,0.0,82,28
2026-05-21 08:55:34,2026-05-21,2,乒乓球厅-2号,08:00-09:00,0,1,可预约,￥0.0,多云,18,15,4,0.0,84,28
2026-05-21 09:00:51,2026-05-21,2,乒乓球厅-2号,08:00-09:00,0,1,不开放/已过期,,多云,18,15,4,0.0,84,28
2026-05-21 09:01:59,2026-05-21,2,乒乓球厅-2号,08:00-09:00,0,1,不开放/已过期,,多云,18,15,4,0.0,83,28
2026-05-21 09:05:33,2026-05-21,2,乒乓球厅-2号,08:00-09:00,0,1,不开放/已过期,,多云,18,15,4,0.0,83,28
2026-05-21 09:20:38,2026-05-21,2,乒乓球厅-2号,08:00-09:00,0,1,不开放/已过期,,多云,18,16,3,0.0,81,28
2026-05-21 09:30:46,2026-05-21,2,乒乓球厅-2号,08:00-09:00,0,1,不开放/已过期,,多云,18,16,3,0.0,81,32
2026-05-21 09:40:36,2026-05-21,2,乒乓球厅-2号,08:00-09:00,0,1,不开放/已过期,,多云,19,17,3,0.0,79,32
2026-05-21 09:50:42,2026-05-21,2,乒乓球厅-2号,08:00-09:00,0,1,不开放/已过期,,多云,19,17,4,0.0,81,32
2026-05-21 10:00:46,2026-05-21,2,乒乓球厅-2号,08:00-09:00,0,1,不开放/已过期,,多云,19,17,4,0.0,79,32
2026-05-21 10:10:40,2026-05-21,2,乒乓球厅-2号,08:00-09:00,0,1,不开放/已过期,,多云,19,17,4,0.0,79,32
2026-05-21 10:20:38,2026-05-21,2,乒乓球厅-2号,08:00-09:00,0,1,不开放/已过期,,多云,19,17,4,0.0,79,32
2026-05-21 10:30:41,2026-05-21,2,乒乓球厅-2号,08:00-09:00,0,1,不开放/已过期,,多云,19,18,3,0.0,78,31
2026-05-21 11:00:44,2026-05-21,2,乒乓球厅-2号,08:00-09:00,0,1,不开放/已过期,,多云,21,17,5,0.0,74,31
2026-05-21 11:30:38,2026-05-21,2,乒乓球厅-2号,08:00-09:00,0,1,不开放/已过期,,多云,21,19,3,0.0,72,33
2026-05-21 12:00:46,2026-05-21,2,乒乓球厅-2号,08:00-09:00,0,1,不开放/已过期,,多云,22,19,4,0.0,70,33
2026-05-21 12:30:42,2026-05-21,2,乒乓球厅-2号,08:00-09:00,0,1,不开放/已过期,,多云,22,21,3,0.0,68,35
2026-05-21 13:00:43,2026-05-21,2,乒乓球厅-2号,08:00-09:00,0,1,不开放/已过期,,多云,24,22,4,0.0,66,35
2026-05-21 13:30:43,2026-05-21,2,乒乓球厅-2号,08:00-09:00,0,1,不开放/已过期,,多云,24,22,4,0.0,66,36
2026-05-21 14:00:48,2026-05-21,2,乒乓球厅-2号,08:00-09:00,0,1,不开放/已过期,,多云,25,23,4,0.0,66,36
2026-05-21 14:30:45,2026-05-21,2,乒乓球厅-2号,08:00-09:00,0,1,不开放/已过期,,晴,25,25,3,0.0,65,39
2026-05-21 15:00:45,2026-05-21,2,乒乓球厅-2号,08:00-09:00,0,1,不开放/已过期,,晴,25,22,4,0.0,56,39
2026-05-21 15:30:43,2026-05-21,2,乒乓球厅-2号,08:00-09:00,0,1,不开放/已过期,,晴,25,23,4,0.0,57,40
2026-05-21 16:00:51,2026-05-21,2,乒乓球厅-2号,08:00-09:00,0,1,不开放/已过期,,晴,25,23,4,0.0,57,40
2026-05-21 16:30:48,2026-05-21,2,乒乓球厅-2号,08:00-09:00,0,1,不开放/已过期,,晴,25,24,3,0.0,60,39
2026-05-21 17:00:49,2026-05-21,2,乒乓球厅-2号,08:00-09:00,0,1,不开放/已过期,,晴,25,24,4,0.0,61,39
2026-05-21 17:30:47,2026-05-21,2,乒乓球厅-2号,08:00-09:00,0,1,不开放/已过期,,多云,24,23,3,0.0,64,39
2026-05-21 18:00:50,2026-05-21,2,乒乓球厅-2号,08:00-09:00,0,1,不开放/已过期,,多云,24,23,3,0.0,68,39
2026-05-21 18:30:50,2026-05-21,2,乒乓球厅-2号,08:00-09:00,0,1,不开放/已过期,,阴,24,25,2,0.0,68,40
2026-05-21 19:00:50,2026-05-21,2,乒乓球厅-2号,08:00-09:00,0,1,不开放/已过期,,阴,23,23,3,0.0,76,40
2026-05-21 19:30:46,2026-05-21,2,乒乓球厅-2号,08:00-09:00,0,1,不开放/已过期,,阴,23,24,2,0.0,77,39
2026-05-21 20:00:49,2026-05-21,2,乒乓球厅-2号,08:00-09:00,0,1,不开放/已过期,,雾,22,23,2,0.0,89,39
2026-05-21 20:30:44,2026-05-21,2,乒乓球厅-2号,08:00-09:00,0,1,不开放/已过期,,雾,22,24,2,0.0,93,43
2026-05-21 21:00:56,2026-05-21,2,乒乓球厅-2号,08:00-09:00,0,1,不开放/已过期,,雾,20,21,2,0.0,98,43
2026-05-21 21:30:46,2026-05-21,2,乒乓球厅-2号,08:00-09:00,0,1,不开放/已过期,,雾,20,22,1,0.0,99,41
2026-05-21 22:01:02,2026-05-21,2,乒乓球厅-2号,08:00-09:00,0,1,不开放/已过期,,雾,19,20,2,0.0,93,41
2026-05-21 22:30:47,2026-05-21,2,乒乓球厅-2号,08:00-09:00,0,1,不开放/已过期,,雾,19,19,3,0.0,88,46
2026-05-21 23:00:56,2026-05-21,2,乒乓球厅-2号,08:00-09:00,0,1,不开放/已过期,,多云,18,17,3,0.0,85,46
2026-05-21 23:30:55,2026-05-21,2,乒乓球厅-2号,08:00-09:00,0,1,不开放/已过期,,多云,18,17,3,0.0,85,48
2026-05-21 00:30:49,2026-05-21,2,乒乓球厅-2号,09:00-10:00,0,1,可预约,￥5.0,多云,15,13,3,0.0,100,26
2026-05-21 01:00:55,2026-05-21,2,乒乓球厅-2号,09:00-10:00,0,1,可预约,￥5.0,多云,15,12,4,0.0,100,26
2026-05-21 01:30:47,2026-05-21,2,乒乓球厅-2号,09:00-10:00,0,1,可预约,￥5.0,多云,15,13,4,0.0,100,28
2026-05-21 02:00:53,2026-05-21,2,乒乓球厅-2号,09:00-10:00,0,1,可预约,￥5.0,多云,15,12,4,0.0,100,28
2026-05-21 02:30:49,2026-05-21,2,乒乓球厅-2号,09:00-10:00,0,1,可预约,￥5.0,多云,15,14,3,0.0,100,29
2026-05-21 03:00:55,2026-05-21,2,乒乓球厅-2号,09:00-10:00,0,1,可预约,￥5.0,多云,15,12,4,0.0,100,29
2026-05-21 03:30:49,2026-05-21,2,乒乓球厅-2号,09:00-10:00,0,1,可预约,￥5.0,多云,15,14,3,0.0,100,30
2026-05-21 04:30:45,2026-05-21,2,乒乓球厅-2号,09:00-10:00,0,1,可预约,￥5.0,多云,15,12,4,0.0,100,29
2026-05-21 05:00:52,2026-05-21,2,乒乓球厅-2号,09:00-10:00,0,1,可预约,￥5.0,多云,15,12,4,0.0,100,29
2026-05-21 05:30:49,2026-05-21,2,乒乓球厅-2号,09:00-10:00,0,1,可预约,￥5.0,多云,15,13,3,0.0,100,28
2026-05-21 06:00:50,2026-05-21,2,乒乓球厅-2号,09:00-10:00,0,1,可预约,￥5.0,多云,15,13,4,0.0,99,28
2026-05-21 06:30:38,2026-05-21,2,乒乓球厅-2号,09:00-10:00,0,1,可预约,￥5.0,多云,15,13,3,0.0,97,28
2026-05-21 07:00:43,2026-05-21,2,乒乓球厅-2号,09:00-10:00,0,1,可预约,￥5.0,晴,15,11,5,0.0,93,28
2026-05-21 07:30:39,2026-05-21,2,乒乓球厅-2号,09:00-10:00,0,1,可预约,￥5.0,晴,17,13,4,0.0,89,29
2026-05-21 07:50:40,2026-05-21,2,乒乓球厅-2号,09:00-10:00,0,1,可预约,￥5.0,晴,17,13,4,0.0,88,29
2026-05-21 07:53:31,2026-05-21,2,乒乓球厅-2号,09:00-10:00,0,1,可预约,￥5.0,晴,17,12,5,0.0,86,29
2026-05-21 07:56:31,2026-05-21,2,乒乓球厅-2号,09:00-10:00,0,1,可预约,￥5.0,晴,17,12,5,0.0,86,29
2026-05-21 07:59:26,2026-05-21,2,乒乓球厅-2号,09:00-10:00,0,1,可预约,￥5.0,晴,17,12,5,0.0,86,29
2026-05-21 08:00:45,2026-05-21,2,乒乓球厅-2号,09:00-10:00,0,1,可预约,￥5.0,晴,17,12,5,0.0,86,29
2026-05-21 08:02:30,2026-05-21,2,乒乓球厅-2号,09:00-10:00,0,1,可预约,￥5.0,多云,17,12,5,0.0,87,29
2026-05-21 08:05:36,2026-05-21,2,乒乓球厅-2号,09:00-10:00,0,1,可预约,￥5.0,多云,17,12,5,0.0,86,29
2026-05-21 08:08:31,2026-05-21,2,乒乓球厅-2号,09:00-10:00,0,1,可预约,￥5.0,多云,17,12,5,0.0,86,29
2026-05-21 08:11:30,2026-05-21,2,乒乓球厅-2号,09:00-10:00,0,1,可预约,￥5.0,多云,17,12,5,0.0,86,29
2026-05-21 08:14:31,2026-05-21,2,乒乓球厅-2号,09:00-10:00,0,1,可预约,￥5.0,多云,17,12,5,0.0,86,29
2026-05-21 08:17:30,2026-05-21,2,乒乓球厅-2号,09:00-10:00,0,1,可预约,￥5.0,多云,17,12,5,0.0,86,29
2026-05-21 08:20:35,2026-05-21,2,乒乓球厅-2号,09:00-10:00,0,1,可预约,￥5.0,多云,17,14,4,0.0,85,29
2026-05-21 08:25:32,2026-05-21,2,乒乓球厅-2号,09:00-10:00,0,1,可预约,￥5.0,多云,17,14,4,0.0,85,28
2026-05-21 08:30:42,2026-05-21,2,乒乓球厅-2号,09:00-10:00,0,1,可预约,￥5.0,多云,18,15,4,0.0,84,28
2026-05-21 08:35:31,2026-05-21,2,乒乓球厅-2号,09:00-10:00,0,1,可预约,￥5.0,多云,18,15,4,0.0,84,28
2026-05-21 08:40:38,2026-05-21,2,乒乓球厅-2号,09:00-10:00,0,1,可预约,￥5.0,多云,18,15,4,0.0,82,28
2026-05-21 08:45:33,2026-05-21,2,乒乓球厅-2号,09:00-10:00,0,1,可预约,￥5.0,多云,18,15,4,0.0,82,28
2026-05-21 08:50:36,2026-05-21,2,乒乓球厅-2号,09:00-10:00,0,1,可预约,￥5.0,多云,18,15,4,0.0,82,28
2026-05-21 08:55:34,2026-05-21,2,乒乓球厅-2号,09:00-10:00,0,1,可预约,￥5.0,多云,18,15,4,0.0,84,28
2026-05-21 09:00:51,2026-05-21,2,乒乓球厅-2号,09:00-10:00,0,1,可预约,￥5.0,多云,18,15,4,0.0,84,28
2026-05-21 09:01:59,2026-05-21,2,乒乓球厅-2号,09:00-10:00,0,1,可预约,￥5.0,多云,18,15,4,0.0,83,28
2026-05-21 09:05:33,2026-05-21,2,乒乓球厅-2号,09:00-10:00,0,1,可预约,￥5.0,多云,18,15,4,0.0,83,28
2026-05-21 09:20:38,2026-05-21,2,乒乓球厅-2号,09:00-10:00,0,1,可预约,￥5.0,多云,18,16,3,0.0,81,28
2026-05-21 09:30:46,2026-05-21,2,乒乓球厅-2号,09:00-10:00,0,1,可预约,￥5.0,多云,18,16,3,0.0,81,32
2026-05-21 09:40:36,2026-05-21,2,乒乓球厅-2号,09:00-10:00,0,1,可预约,￥5.0,多云,19,17,3,0.0,79,32
2026-05-21 09:50:42,2026-05-21,2,乒乓球厅-2号,09:00-10:00,0,1,可预约,￥5.0,多云,19,17,4,0.0,81,32
2026-05-21 10:00:46,2026-05-21,2,乒乓球厅-2号,09:00-10:00,0,1,不开放/已过期,,多云,19,17,4,0.0,79,32
2026-05-21 10:10:40,2026-05-21,2,乒乓球厅-2号,09:00-10:00,0,1,不开放/已过期,,多云,19,17,4,0.0,79,32
2026-05-21 10:20:38,2026-05-21,2,乒乓球厅-2号,09:00-10:00,0,1,不开放/已过期,,多云,19,17,4,0.0,79,32
2026-05-21 10:30:41,2026-05-21,2,乒乓球厅-2号,09:00-10:00,0,1,不开放/已过期,,多云,19,18,3,0.0,78,31
2026-05-21 11:00:44,2026-05-21,2,乒乓球厅-2号,09:00-10:00,0,1,不开放/已过期,,多云,21,17,5,0.0,74,31
2026-05-21 11:30:38,2026-05-21,2,乒乓球厅-2号,09:00-10:00,0,1,不开放/已过期,,多云,21,19,3,0.0,72,33
2026-05-21 12:00:46,2026-05-21,2,乒乓球厅-2号,09:00-10:00,0,1,不开放/已过期,,多云,22,19,4,0.0,70,33
2026-05-21 12:30:42,2026-05-21,2,乒乓球厅-2号,09:00-10:00,0,1,不开放/已过期,,多云,22,21,3,0.0,68,35
2026-05-21 13:00:43,2026-05-21,2,乒乓球厅-2号,09:00-10:00,0,1,不开放/已过期,,多云,24,22,4,0.0,66,35
2026-05-21 13:30:43,2026-05-21,2,乒乓球厅-2号,09:00-10:00,0,1,不开放/已过期,,多云,24,22,4,0.0,66,36
2026-05-21 14:00:48,2026-05-21,2,乒乓球厅-2号,09:00-10:00,0,1,不开放/已过期,,多云,25,23,4,0.0,66,36
2026-05-21 14:30:45,2026-05-21,2,乒乓球厅-2号,09:00-10:00,0,1,不开放/已过期,,晴,25,25,3,0.0,65,39
2026-05-21 15:00:45,2026-05-21,2,乒乓球厅-2号,09:00-10:00,0,1,不开放/已过期,,晴,25,22,4,0.0,56,39
2026-05-21 15:30:43,2026-05-21,2,乒乓球厅-2号,09:00-10:00,0,1,不开放/已过期,,晴,25,23,4,0.0,57,40
2026-05-21 16:00:51,2026-05-21,2,乒乓球厅-2号,09:00-10:00,0,1,不开放/已过期,,晴,25,23,4,0.0,57,40
2026-05-21 16:30:48,2026-05-21,2,乒乓球厅-2号,09:00-10:00,0,1,不开放/已过期,,晴,25,24,3,0.0,60,39
2026-05-21 17:00:49,2026-05-21,2,乒乓球厅-2号,09:00-10:00,0,1,不开放/已过期,,晴,25,24,4,0.0,61,39
2026-05-21 17:30:47,2026-05-21,2,乒乓球厅-2号,09:00-10:00,0,1,不开放/已过期,,多云,24,23,3,0.0,64,39
2026-05-21 18:00:50,2026-05-21,2,乒乓球厅-2号,09:00-10:00,0,1,不开放/已过期,,多云,24,23,3,0.0,68,39
2026-05-21 18:30:50,2026-05-21,2,乒乓球厅-2号,09:00-10:00,0,1,不开放/已过期,,阴,24,25,2,0.0,68,40
2026-05-21 19:00:50,2026-05-21,2,乒乓球厅-2号,09:00-10:00,0,1,不开放/已过期,,阴,23,23,3,0.0,76,40
2026-05-21 19:30:46,2026-05-21,2,乒乓球厅-2号,09:00-10:00,0,1,不开放/已过期,,阴,23,24,2,0.0,77,39
2026-05-21 20:00:49,2026-05-21,2,乒乓球厅-2号,09:00-10:00,0,1,不开放/已过期,,雾,22,23,2,0.0,89,39
2026-05-21 20:30:44,2026-05-21,2,乒乓球厅-2号,09:00-10:00,0,1,不开放/已过期,,雾,22,24,2,0.0,93,43
2026-05-21 21:00:56,2026-05-21,2,乒乓球厅-2号,09:00-10:00,0,1,不开放/已过期,,雾,20,21,2,0.0,98,43
2026-05-21 21:30:46,2026-05-21,2,乒乓球厅-2号,09:00-10:00,0,1,不开放/已过期,,雾,20,22,1,0.0,99,41
2026-05-21 22:01:02,2026-05-21,2,乒乓球厅-2号,09:00-10:00,0,1,不开放/已过期,,雾,19,20,2,0.0,93,41
2026-05-21 22:30:47,2026-05-21,2,乒乓球厅-2号,09:00-10:00,0,1,不开放/已过期,,雾,19,19,3,0.0,88,46
2026-05-21 23:00:56,2026-05-21,2,乒乓球厅-2号,09:00-10:00,0,1,不开放/已过期,,多云,18,17,3,0.0,85,46
2026-05-21 23:30:55,2026-05-21,2,乒乓球厅-2号,09:00-10:00,0,1,不开放/已过期,,多云,18,17,3,0.0,85,48
2026-05-21 00:30:49,2026-05-21,2,乒乓球厅-2号,10:00-11:00,1,1,已售/已满,教学时间,多云,15,13,3,0.0,100,26
2026-05-21 01:00:55,2026-05-21,2,乒乓球厅-2号,10:00-11:00,1,1,已售/已满,教学时间,多云,15,12,4,0.0,100,26
2026-05-21 01:30:47,2026-05-21,2,乒乓球厅-2号,10:00-11:00,1,1,已售/已满,教学时间,多云,15,13,4,0.0,100,28
2026-05-21 02:00:53,2026-05-21,2,乒乓球厅-2号,10:00-11:00,1,1,已售/已满,教学时间,多云,15,12,4,0.0,100,28
2026-05-21 02:30:49,2026-05-21,2,乒乓球厅-2号,10:00-11:00,1,1,已售/已满,教学时间,多云,15,14,3,0.0,100,29
2026-05-21 03:00:55,2026-05-21,2,乒乓球厅-2号,10:00-11:00,1,1,已售/已满,教学时间,多云,15,12,4,0.0,100,29
2026-05-21 03:30:49,2026-05-21,2,乒乓球厅-2号,10:00-11:00,1,1,已售/已满,教学时间,多云,15,14,3,0.0,100,30
2026-05-21 04:30:45,2026-05-21,2,乒乓球厅-2号,10:00-11:00,1,1,已售/已满,教学时间,多云,15,12,4,0.0,100,29
2026-05-21 05:00:52,2026-05-21,2,乒乓球厅-2号,10:00-11:00,1,1,已售/已满,教学时间,多云,15,12,4,0.0,100,29
2026-05-21 05:30:49,2026-05-21,2,乒乓球厅-2号,10:00-11:00,1,1,已售/已满,教学时间,多云,15,13,3,0.0,100,28
2026-05-21 06:00:50,2026-05-21,2,乒乓球厅-2号,10:00-11:00,1,1,已售/已满,教学时间,多云,15,13,4,0.0,99,28
2026-05-21 06:30:38,2026-05-21,2,乒乓球厅-2号,10:00-11:00,1,1,已售/已满,教学时间,多云,15,13,3,0.0,97,28
2026-05-21 07:00:43,2026-05-21,2,乒乓球厅-2号,10:00-11:00,1,1,已售/已满,教学时间,晴,15,11,5,0.0,93,28
2026-05-21 07:30:39,2026-05-21,2,乒乓球厅-2号,10:00-11:00,1,1,已售/已满,教学时间,晴,17,13,4,0.0,89,29
2026-05-21 07:50:40,2026-05-21,2,乒乓球厅-2号,10:00-11:00,1,1,已售/已满,教学时间,晴,17,13,4,0.0,88,29
2026-05-21 07:53:31,2026-05-21,2,乒乓球厅-2号,10:00-11:00,1,1,已售/已满,教学时间,晴,17,12,5,0.0,86,29
2026-05-21 07:56:31,2026-05-21,2,乒乓球厅-2号,10:00-11:00,1,1,已售/已满,教学时间,晴,17,12,5,0.0,86,29
2026-05-21 07:59:26,2026-05-21,2,乒乓球厅-2号,10:00-11:00,1,1,已售/已满,教学时间,晴,17,12,5,0.0,86,29
2026-05-21 08:00:45,2026-05-21,2,乒乓球厅-2号,10:00-11:00,1,1,已售/已满,教学时间,晴,17,12,5,0.0,86,29
2026-05-21 08:02:30,2026-05-21,2,乒乓球厅-2号,10:00-11:00,1,1,已售/已满,教学时间,多云,17,12,5,0.0,87,29
2026-05-21 08:05:36,2026-05-21,2,乒乓球厅-2号,10:00-11:00,1,1,已售/已满,教学时间,多云,17,12,5,0.0,86,29
2026-05-21 08:08:31,2026-05-21,2,乒乓球厅-2号,10:00-11:00,1,1,已售/已满,教学时间,多云,17,12,5,0.0,86,29
2026-05-21 08:11:30,2026-05-21,2,乒乓球厅-2号,10:00-11:00,1,1,已售/已满,教学时间,多云,17,12,5,0.0,86,29
2026-05-21 08:14:31,2026-05-21,2,乒乓球厅-2号,10:00-11:00,1,1,已售/已满,教学时间,多云,17,12,5,0.0,86,29
2026-05-21 08:17:30,2026-05-21,2,乒乓球厅-2号,10:00-11:00,1,1,已售/已满,教学时间,多云,17,12,5,0.0,86,29
2026-05-21 08:20:35,2026-05-21,2,乒乓球厅-2号,10:00-11:00,1,1,已售/已满,教学时间,多云,17,14,4,0.0,85,29
2026-05-21 08:25:32,2026-05-21,2,乒乓球厅-2号,10:00-11:00,1,1,已售/已满,教学时间,多云,17,14,4,0.0,85,28
2026-05-21 08:30:42,2026-05-21,2,乒乓球厅-2号,10:00-11:00,1,1,已售/已满,教学时间,多云,18,15,4,0.0,84,28
2026-05-21 08:35:31,2026-05-21,2,乒乓球厅-2号,10:00-11:00,1,1,已售/已满,教学时间,多云,18,15,4,0.0,84,28
2026-05-21 08:40:38,2026-05-21,2,乒乓球厅-2号,10:00-11:00,1,1,已售/已满,教学时间,多云,18,15,4,0.0,82,28
2026-05-21 08:45:33,2026-05-21,2,乒乓球厅-2号,10:00-11:00,1,1,已售/已满,教学时间,多云,18,15,4,0.0,82,28
2026-05-21 08:50:36,2026-05-21,2,乒乓球厅-2号,10:00-11:00,1,1,已售/已满,教学时间,多云,18,15,4,0.0,82,28
2026-05-21 08:55:34,2026-05-21,2,乒乓球厅-2号,10:00-11:00,1,1,已售/已满,教学时间,多云,18,15,4,0.0,84,28
2026-05-21 09:00:51,2026-05-21,2,乒乓球厅-2号,10:00-11:00,1,1,已售/已满,教学时间,多云,18,15,4,0.0,84,28
2026-05-21 09:01:59,2026-05-21,2,乒乓球厅-2号,10:00-11:00,1,1,已售/已满,教学时间,多云,18,15,4,0.0,83,28
2026-05-21 09:05:33,2026-05-21,2,乒乓球厅-2号,10:00-11:00,1,1,已售/已满,教学时间,多云,18,15,4,0.0,83,28
2026-05-21 09:20:38,2026-05-21,2,乒乓球厅-2号,10:00-11:00,1,1,已售/已满,教学时间,多云,18,16,3,0.0,81,28
2026-05-21 09:30:46,2026-05-21,2,乒乓球厅-2号,10:00-11:00,1,1,已售/已满,教学时间,多云,18,16,3,0.0,81,32
2026-05-21 09:40:36,2026-05-21,2,乒乓球厅-2号,10:00-11:00,1,1,已售/已满,教学时间,多云,19,17,3,0.0,79,32
2026-05-21 09:50:42,2026-05-21,2,乒乓球厅-2号,10:00-11:00,1,1,已售/已满,教学时间,多云,19,17,4,0.0,81,32
2026-05-21 10:00:46,2026-05-21,2,乒乓球厅-2号,10:00-11:00,1,1,已售/已满,教学时间,多云,19,17,4,0.0,79,32
2026-05-21 10:10:40,2026-05-21,2,乒乓球厅-2号,10:00-11:00,1,1,已售/已满,教学时间,多云,19,17,4,0.0,79,32
2026-05-21 10:20:38,2026-05-21,2,乒乓球厅-2号,10:00-11:00,1,1,已售/已满,教学时间,多云,19,17,4,0.0,79,32
2026-05-21 10:30:41,2026-05-21,2,乒乓球厅-2号,10:00-11:00,1,1,已售/已满,教学时间,多云,19,18,3,0.0,78,31
2026-05-21 11:00:44,2026-05-21,2,乒乓球厅-2号,10:00-11:00,1,1,已售/已满,教学时间,多云,21,17,5,0.0,74,31
2026-05-21 11:30:38,2026-05-21,2,乒乓球厅-2号,10:00-11:00,1,1,已售/已满,教学时间,多云,21,19,3,0.0,72,33
2026-05-21 12:00:46,2026-05-21,2,乒乓球厅-2号,10:00-11:00,1,1,已售/已满,教学时间,多云,22,19,4,0.0,70,33
2026-05-21 12:30:42,2026-05-21,2,乒乓球厅-2号,10:00-11:00,1,1,已售/已满,教学时间,多云,22,21,3,0.0,68,35
2026-05-21 13:00:43,2026-05-21,2,乒乓球厅-2号,10:00-11:00,1,1,已售/已满,教学时间,多云,24,22,4,0.0,66,35
2026-05-21 13:30:43,2026-05-21,2,乒乓球厅-2号,10:00-11:00,1,1,已售/已满,教学时间,多云,24,22,4,0.0,66,36
2026-05-21 14:00:48,2026-05-21,2,乒乓球厅-2号,10:00-11:00,1,1,已售/已满,教学时间,多云,25,23,4,0.0,66,36
2026-05-21 14:30:45,2026-05-21,2,乒乓球厅-2号,10:00-11:00,1,1,已售/已满,教学时间,晴,25,25,3,0.0,65,39
2026-05-21 15:00:45,2026-05-21,2,乒乓球厅-2号,10:00-11:00,1,1,已售/已满,教学时间,晴,25,22,4,0.0,56,39
2026-05-21 15:30:43,2026-05-21,2,乒乓球厅-2号,10:00-11:00,1,1,已售/已满,教学时间,晴,25,23,4,0.0,57,40
2026-05-21 16:00:51,2026-05-21,2,乒乓球厅-2号,10:00-11:00,1,1,已售/已满,教学时间,晴,25,23,4,0.0,57,40
2026-05-21 16:30:48,2026-05-21,2,乒乓球厅-2号,10:00-11:00,1,1,已售/已满,教学时间,晴,25,24,3,0.0,60,39
2026-05-21 17:00:49,2026-05-21,2,乒乓球厅-2号,10:00-11:00,1,1,已售/已满,教学时间,晴,25,24,4,0.0,61,39
2026-05-21 17:30:47,2026-05-21,2,乒乓球厅-2号,10:00-11:00,1,1,已售/已满,教学时间,多云,24,23,3,0.0,64,39
2026-05-21 18:00:50,2026-05-21,2,乒乓球厅-2号,10:00-11:00,1,1,已售/已满,教学时间,多云,24,23,3,0.0,68,39
2026-05-21 18:30:50,2026-05-21,2,乒乓球厅-2号,10:00-11:00,1,1,已售/已满,教学时间,阴,24,25,2,0.0,68,40
2026-05-21 19:00:50,2026-05-21,2,乒乓球厅-2号,10:00-11:00,1,1,已售/已满,教学时间,阴,23,23,3,0.0,76,40
2026-05-21 19:30:46,2026-05-21,2,乒乓球厅-2号,10:00-11:00,1,1,已售/已满,教学时间,阴,23,24,2,0.0,77,39
2026-05-21 20:00:49,2026-05-21,2,乒乓球厅-2号,10:00-11:00,1,1,已售/已满,教学时间,雾,22,23,2,0.0,89,39
2026-05-21 20:30:44,2026-05-21,2,乒乓球厅-2号,10:00-11:00,1,1,已售/已满,教学时间,雾,22,24,2,0.0,93,43
2026-05-21 21:00:56,2026-05-21,2,乒乓球厅-2号,10:00-11:00,1,1,已售/已满,教学时间,雾,20,21,2,0.0,98,43
2026-05-21 21:30:46,2026-05-21,2,乒乓球厅-2号,10:00-11:00,1,1,已售/已满,教学时间,雾,20,22,1,0.0,99,41
2026-05-21 22:01:02,2026-05-21,2,乒乓球厅-2号,10:00-11:00,1,1,已售/已满,教学时间,雾,19,20,2,0.0,93,41
2026-05-21 22:30:47,2026-05-21,2,乒乓球厅-2号,10:00-11:00,1,1,已售/已满,教学时间,雾,19,19,3,0.0,88,46
2026-05-21 23:00:56,2026-05-21,2,乒乓球厅-2号,10:00-11:00,1,1,已售/已满,教学时间,多云,18,17,3,0.0,85,46
2026-05-21 23:30:55,2026-05-21,2,乒乓球厅-2号,10:00-11:00,1,1,已售/已满,教学时间,多云,18,17,3,0.0,85,48
2026-05-21 00:30:49,2026-05-21,2,乒乓球厅-2号,11:00-12:00,1,1,已售/已满,教学时间,多云,15,13,3,0.0,100,26
2026-05-21 01:00:55,2026-05-21,2,乒乓球厅-2号,11:00-12:00,1,1,已售/已满,教学时间,多云,15,12,4,0.0,100,26
2026-05-21 01:30:47,2026-05-21,2,乒乓球厅-2号,11:00-12:00,1,1,已售/已满,教学时间,多云,15,13,4,0.0,100,28
2026-05-21 02:00:53,2026-05-21,2,乒乓球厅-2号,11:00-12:00,1,1,已售/已满,教学时间,多云,15,12,4,0.0,100,28
2026-05-21 02:30:49,2026-05-21,2,乒乓球厅-2号,11:00-12:00,1,1,已售/已满,教学时间,多云,15,14,3,0.0,100,29
2026-05-21 03:00:55,2026-05-21,2,乒乓球厅-2号,11:00-12:00,1,1,已售/已满,教学时间,多云,15,12,4,0.0,100,29
2026-05-21 03:30:49,2026-05-21,2,乒乓球厅-2号,11:00-12:00,1,1,已售/已满,教学时间,多云,15,14,3,0.0,100,30
2026-05-21 04:30:45,2026-05-21,2,乒乓球厅-2号,11:00-12:00,1,1,已售/已满,教学时间,多云,15,12,4,0.0,100,29
2026-05-21 05:00:52,2026-05-21,2,乒乓球厅-2号,11:00-12:00,1,1,已售/已满,教学时间,多云,15,12,4,0.0,100,29
2026-05-21 05:30:49,2026-05-21,2,乒乓球厅-2号,11:00-12:00,1,1,已售/已满,教学时间,多云,15,13,3,0.0,100,28
2026-05-21 06:00:50,2026-05-21,2,乒乓球厅-2号,11:00-12:00,1,1,已售/已满,教学时间,多云,15,13,4,0.0,99,28
2026-05-21 06:30:38,2026-05-21,2,乒乓球厅-2号,11:00-12:00,1,1,已售/已满,教学时间,多云,15,13,3,0.0,97,28
2026-05-21 07:00:43,2026-05-21,2,乒乓球厅-2号,11:00-12:00,1,1,已售/已满,教学时间,晴,15,11,5,0.0,93,28
2026-05-21 07:30:39,2026-05-21,2,乒乓球厅-2号,11:00-12:00,1,1,已售/已满,教学时间,晴,17,13,4,0.0,89,29
2026-05-21 07:50:40,2026-05-21,2,乒乓球厅-2号,11:00-12:00,1,1,已售/已满,教学时间,晴,17,13,4,0.0,88,29
2026-05-21 07:53:31,2026-05-21,2,乒乓球厅-2号,11:00-12:00,1,1,已售/已满,教学时间,晴,17,12,5,0.0,86,29
2026-05-21 07:56:31,2026-05-21,2,乒乓球厅-2号,11:00-12:00,1,1,已售/已满,教学时间,晴,17,12,5,0.0,86,29
2026-05-21 07:59:26,2026-05-21,2,乒乓球厅-2号,11:00-12:00,1,1,已售/已满,教学时间,晴,17,12,5,0.0,86,29
2026-05-21 08:00:45,2026-05-21,2,乒乓球厅-2号,11:00-12:00,1,1,已售/已满,教学时间,晴,17,12,5,0.0,86,29
2026-05-21 08:02:30,2026-05-21,2,乒乓球厅-2号,11:00-12:00,1,1,已售/已满,教学时间,多云,17,12,5,0.0,87,29
2026-05-21 08:05:36,2026-05-21,2,乒乓球厅-2号,11:00-12:00,1,1,已售/已满,教学时间,多云,17,12,5,0.0,86,29
2026-05-21 08:08:31,2026-05-21,2,乒乓球厅-2号,11:00-12:00,1,1,已售/已满,教学时间,多云,17,12,5,0.0,86,29
2026-05-21 08:11:30,2026-05-21,2,乒乓球厅-2号,11:00-12:00,1,1,已售/已满,教学时间,多云,17,12,5,0.0,86,29
2026-05-21 08:14:31,2026-05-21,2,乒乓球厅-2号,11:00-12:00,1,1,已售/已满,教学时间,多云,17,12,5,0.0,86,29
2026-05-21 08:17:30,2026-05-21,2,乒乓球厅-2号,11:00-12:00,1,1,已售/已满,教学时间,多云,17,12,5,0.0,86,29
2026-05-21 08:20:35,2026-05-21,2,乒乓球厅-2号,11:00-12:00,1,1,已售/已满,教学时间,多云,17,14,4,0.0,85,29
2026-05-21 08:25:32,2026-05-21,2,乒乓球厅-2号,11:00-12:00,1,1,已售/已满,教学时间,多云,17,14,4,0.0,85,28
2026-05-21 08:30:42,2026-05-21,2,乒乓球厅-2号,11:00-12:00,1,1,已售/已满,教学时间,多云,18,15,4,0.0,84,28
2026-05-21 08:35:31,2026-05-21,2,乒乓球厅-2号,11:00-12:00,1,1,已售/已满,教学时间,多云,18,15,4,0.0,84,28
2026-05-21 08:40:38,2026-05-21,2,乒乓球厅-2号,11:00-12:00,1,1,已售/已满,教学时间,多云,18,15,4,0.0,82,28
2026-05-21 08:45:33,2026-05-21,2,乒乓球厅-2号,11:00-12:00,1,1,已售/已满,教学时间,多云,18,15,4,0.0,82,28
2026-05-21 08:50:36,2026-05-21,2,乒乓球厅-2号,11:00-12:00,1,1,已售/已满,教学时间,多云,18,15,4,0.0,82,28
2026-05-21 08:55:34,2026-05-21,2,乒乓球厅-2号,11:00-12:00,1,1,已售/已满,教学时间,多云,18,15,4,0.0,84,28
2026-05-21 09:00:51,2026-05-21,2,乒乓球厅-2号,11:00-12:00,1,1,已售/已满,教学时间,多云,18,15,4,0.0,84,28
2026-05-21 09:01:59,2026-05-21,2,乒乓球厅-2号,11:00-12:00,1,1,已售/已满,教学时间,多云,18,15,4,0.0,83,28
2026-05-21 09:05:33,2026-05-21,2,乒乓球厅-2号,11:00-12:00,1,1,已售/已满,教学时间,多云,18,15,4,0.0,83,28
2026-05-21 09:20:38,2026-05-21,2,乒乓球厅-2号,11:00-12:00,1,1,已售/已满,教学时间,多云,18,16,3,0.0,81,28
2026-05-21 09:30:46,2026-05-21,2,乒乓球厅-2号,11:00-12:00,1,1,已售/已满,教学时间,多云,18,16,3,0.0,81,32
2026-05-21 09:40:36,2026-05-21,2,乒乓球厅-2号,11:00-12:00,1,1,已售/已满,教学时间,多云,19,17,3,0.0,79,32
2026-05-21 09:50:42,2026-05-21,2,乒乓球厅-2号,11:00-12:00,1,1,已售/已满,教学时间,多云,19,17,4,0.0,81,32
2026-05-21 10:00:46,2026-05-21,2,乒乓球厅-2号,11:00-12:00,1,1,已售/已满,教学时间,多云,19,17,4,0.0,79,32
2026-05-21 10:10:40,2026-05-21,2,乒乓球厅-2号,11:00-12:00,1,1,已售/已满,教学时间,多云,19,17,4,0.0,79,32
2026-05-21 10:20:38,2026-05-21,2,乒乓球厅-2号,11:00-12:00,1,1,已售/已满,教学时间,多云,19,17,4,0.0,79,32
2026-05-21 10:30:41,2026-05-21,2,乒乓球厅-2号,11:00-12:00,1,1,已售/已满,教学时间,多云,19,18,3,0.0,78,31
2026-05-21 11:00:44,2026-05-21,2,乒乓球厅-2号,11:00-12:00,1,1,已售/已满,教学时间,多云,21,17,5,0.0,74,31
2026-05-21 11:30:38,2026-05-21,2,乒乓球厅-2号,11:00-12:00,1,1,已售/已满,教学时间,多云,21,19,3,0.0,72,33
2026-05-21 12:00:46,2026-05-21,2,乒乓球厅-2号,11:00-12:00,1,1,已售/已满,教学时间,多云,22,19,4,0.0,70,33
2026-05-21 12:30:42,2026-05-21,2,乒乓球厅-2号,11:00-12:00,1,1,已售/已满,教学时间,多云,22,21,3,0.0,68,35
2026-05-21 13:00:43,2026-05-21,2,乒乓球厅-2号,11:00-12:00,1,1,已售/已满,教学时间,多云,24,22,4,0.0,66,35
2026-05-21 13:30:43,2026-05-21,2,乒乓球厅-2号,11:00-12:00,1,1,已售/已满,教学时间,多云,24,22,4,0.0,66,36
2026-05-21 14:00:48,2026-05-21,2,乒乓球厅-2号,11:00-12:00,1,1,已售/已满,教学时间,多云,25,23,4,0.0,66,36
2026-05-21 14:30:45,2026-05-21,2,乒乓球厅-2号,11:00-12:00,1,1,已售/已满,教学时间,晴,25,25,3,0.0,65,39
2026-05-21 15:00:45,2026-05-21,2,乒乓球厅-2号,11:00-12:00,1,1,已售/已满,教学时间,晴,25,22,4,0.0,56,39
2026-05-21 15:30:43,2026-05-21,2,乒乓球厅-2号,11:00-12:00,1,1,已售/已满,教学时间,晴,25,23,4,0.0,57,40
2026-05-21 16:00:51,2026-05-21,2,乒乓球厅-2号,11:00-12:00,1,1,已售/已满,教学时间,晴,25,23,4,0.0,57,40
2026-05-21 16:30:48,2026-05-21,2,乒乓球厅-2号,11:00-12:00,1,1,已售/已满,教学时间,晴,25,24,3,0.0,60,39
2026-05-21 17:00:49,2026-05-21,2,乒乓球厅-2号,11:00-12:00,1,1,已售/已满,教学时间,晴,25,24,4,0.0,61,39
2026-05-21 17:30:47,2026-05-21,2,乒乓球厅-2号,11:00-12:00,1,1,已售/已满,教学时间,多云,24,23,3,0.0,64,39
2026-05-21 18:00:50,2026-05-21,2,乒乓球厅-2号,11:00-12:00,1,1,已售/已满,教学时间,多云,24,23,3,0.0,68,39
2026-05-21 18:30:50,2026-05-21,2,乒乓球厅-2号,11:00-12:00,1,1,已售/已满,教学时间,阴,24,25,2,0.0,68,40
2026-05-21 19:00:50,2026-05-21,2,乒乓球厅-2号,11:00-12:00,1,1,已售/已满,教学时间,阴,23,23,3,0.0,76,40
2026-05-21 19:30:46,2026-05-21,2,乒乓球厅-2号,11:00-12:00,1,1,已售/已满,教学时间,阴,23,24,2,0.0,77,39
2026-05-21 20:00:49,2026-05-21,2,乒乓球厅-2号,11:00-12:00,1,1,已售/已满,教学时间,雾,22,23,2,0.0,89,39
2026-05-21 20:30:44,2026-05-21,2,乒乓球厅-2号,11:00-12:00,1,1,已售/已满,教学时间,雾,22,24,2,0.0,93,43
2026-05-21 21:00:56,2026-05-21,2,乒乓球厅-2号,11:00-12:00,1,1,已售/已满,教学时间,雾,20,21,2,0.0,98,43
2026-05-21 21:30:46,2026-05-21,2,乒乓球厅-2号,11:00-12:00,1,1,已售/已满,教学时间,雾,20,22,1,0.0,99,41
2026-05-21 22:01:02,2026-05-21,2,乒乓球厅-2号,11:00-12:00,1,1,已售/已满,教学时间,雾,19,20,2,0.0,93,41
2026-05-21 22:30:47,2026-05-21,2,乒乓球厅-2号,11:00-12:00,1,1,已售/已满,教学时间,雾,19,19,3,0.0,88,46
2026-05-21 23:00:56,2026-05-21,2,乒乓球厅-2号,11:00-12:00,1,1,已售/已满,教学时间,多云,18,17,3,0.0,85,46
2026-05-21 23:30:55,2026-05-21,2,乒乓球厅-2号,11:00-12:00,1,1,已售/已满,教学时间,多云,18,17,3,0.0,85,48
2026-05-21 00:30:49,2026-05-21,2,乒乓球厅-2号,12:00-12:55,0,1,可预约,￥0.0,多云,15,13,3,0.0,100,26
2026-05-21 01:00:55,2026-05-21,2,乒乓球厅-2号,12:00-12:55,0,1,可预约,￥0.0,多云,15,12,4,0.0,100,26
2026-05-21 01:30:47,2026-05-21,2,乒乓球厅-2号,12:00-12:55,0,1,可预约,￥0.0,多云,15,13,4,0.0,100,28
2026-05-21 02:00:53,2026-05-21,2,乒乓球厅-2号,12:00-12:55,0,1,可预约,￥0.0,多云,15,12,4,0.0,100,28
2026-05-21 02:30:49,2026-05-21,2,乒乓球厅-2号,12:00-12:55,0,1,可预约,￥0.0,多云,15,14,3,0.0,100,29
2026-05-21 03:00:55,2026-05-21,2,乒乓球厅-2号,12:00-12:55,0,1,可预约,￥0.0,多云,15,12,4,0.0,100,29
2026-05-21 03:30:49,2026-05-21,2,乒乓球厅-2号,12:00-12:55,0,1,可预约,￥0.0,多云,15,14,3,0.0,100,30
2026-05-21 04:30:45,2026-05-21,2,乒乓球厅-2号,12:00-12:55,0,1,可预约,￥0.0,多云,15,12,4,0.0,100,29
2026-05-21 05:00:52,2026-05-21,2,乒乓球厅-2号,12:00-12:55,0,1,可预约,￥0.0,多云,15,12,4,0.0,100,29
2026-05-21 05:30:49,2026-05-21,2,乒乓球厅-2号,12:00-12:55,0,1,可预约,￥0.0,多云,15,13,3,0.0,100,28
2026-05-21 06:00:50,2026-05-21,2,乒乓球厅-2号,12:00-12:55,0,1,可预约,￥0.0,多云,15,13,4,0.0,99,28
2026-05-21 06:30:38,2026-05-21,2,乒乓球厅-2号,12:00-12:55,0,1,可预约,￥0.0,多云,15,13,3,0.0,97,28
2026-05-21 07:00:43,2026-05-21,2,乒乓球厅-2号,12:00-12:55,0,1,可预约,￥0.0,晴,15,11,5,0.0,93,28
2026-05-21 07:30:39,2026-05-21,2,乒乓球厅-2号,12:00-12:55,0,1,可预约,￥0.0,晴,17,13,4,0.0,89,29
2026-05-21 07:50:40,2026-05-21,2,乒乓球厅-2号,12:00-12:55,0,1,可预约,￥0.0,晴,17,13,4,0.0,88,29
2026-05-21 07:53:31,2026-05-21,2,乒乓球厅-2号,12:00-12:55,0,1,可预约,￥0.0,晴,17,12,5,0.0,86,29
2026-05-21 07:56:31,2026-05-21,2,乒乓球厅-2号,12:00-12:55,0,1,可预约,￥0.0,晴,17,12,5,0.0,86,29
2026-05-21 07:59:26,2026-05-21,2,乒乓球厅-2号,12:00-12:55,0,1,可预约,￥0.0,晴,17,12,5,0.0,86,29
2026-05-21 08:00:45,2026-05-21,2,乒乓球厅-2号,12:00-12:55,0,1,可预约,￥0.0,晴,17,12,5,0.0,86,29
2026-05-21 08:02:30,2026-05-21,2,乒乓球厅-2号,12:00-12:55,0,1,可预约,￥0.0,多云,17,12,5,0.0,87,29
2026-05-21 08:05:36,2026-05-21,2,乒乓球厅-2号,12:00-12:55,0,1,可预约,￥0.0,多云,17,12,5,0.0,86,29
2026-05-21 08:08:31,2026-05-21,2,乒乓球厅-2号,12:00-12:55,0,1,可预约,￥0.0,多云,17,12,5,0.0,86,29
2026-05-21 08:11:30,2026-05-21,2,乒乓球厅-2号,12:00-12:55,0,1,可预约,￥0.0,多云,17,12,5,0.0,86,29
2026-05-21 08:14:31,2026-05-21,2,乒乓球厅-2号,12:00-12:55,0,1,可预约,￥0.0,多云,17,12,5,0.0,86,29
2026-05-21 08:17:30,2026-05-21,2,乒乓球厅-2号,12:00-12:55,0,1,可预约,￥0.0,多云,17,12,5,0.0,86,29
2026-05-21 08:20:35,2026-05-21,2,乒乓球厅-2号,12:00-12:55,0,1,可预约,￥0.0,多云,17,14,4,0.0,85,29
2026-05-21 08:25:32,2026-05-21,2,乒乓球厅-2号,12:00-12:55,0,1,可预约,￥0.0,多云,17,14,4,0.0,85,28
2026-05-21 08:30:42,2026-05-21,2,乒乓球厅-2号,12:00-12:55,0,1,可预约,￥0.0,多云,18,15,4,0.0,84,28
2026-05-21 08:35:31,2026-05-21,2,乒乓球厅-2号,12:00-12:55,0,1,可预约,￥0.0,多云,18,15,4,0.0,84,28
2026-05-21 08:40:38,2026-05-21,2,乒乓球厅-2号,12:00-12:55,0,1,可预约,￥0.0,多云,18,15,4,0.0,82,28
2026-05-21 08:45:33,2026-05-21,2,乒乓球厅-2号,12:00-12:55,0,1,可预约,￥0.0,多云,18,15,4,0.0,82,28
2026-05-21 08:50:36,2026-05-21,2,乒乓球厅-2号,12:00-12:55,0,1,可预约,￥0.0,多云,18,15,4,0.0,82,28
2026-05-21 08:55:34,2026-05-21,2,乒乓球厅-2号,12:00-12:55,0,1,可预约,￥0.0,多云,18,15,4,0.0,84,28
2026-05-21 09:00:51,2026-05-21,2,乒乓球厅-2号,12:00-12:55,0,1,可预约,￥0.0,多云,18,15,4,0.0,84,28
2026-05-21 09:01:59,2026-05-21,2,乒乓球厅-2号,12:00-12:55,0,1,可预约,￥0.0,多云,18,15,4,0.0,83,28
2026-05-21 09:05:33,2026-05-21,2,乒乓球厅-2号,12:00-12:55,0,1,可预约,￥0.0,多云,18,15,4,0.0,83,28
2026-05-21 09:20:38,2026-05-21,2,乒乓球厅-2号,12:00-12:55,0,1,可预约,￥0.0,多云,18,16,3,0.0,81,28
2026-05-21 09:30:46,2026-05-21,2,乒乓球厅-2号,12:00-12:55,0,1,可预约,￥0.0,多云,18,16,3,0.0,81,32
2026-05-21 09:40:36,2026-05-21,2,乒乓球厅-2号,12:00-12:55,0,1,可预约,￥0.0,多云,19,17,3,0.0,79,32
2026-05-21 09:50:42,2026-05-21,2,乒乓球厅-2号,12:00-12:55,0,1,可预约,￥0.0,多云,19,17,4,0.0,81,32
2026-05-21 10:00:46,2026-05-21,2,乒乓球厅-2号,12:00-12:55,0,1,可预约,￥0.0,多云,19,17,4,0.0,79,32
2026-05-21 10:10:40,2026-05-21,2,乒乓球厅-2号,12:00-12:55,0,1,可预约,￥0.0,多云,19,17,4,0.0,79,32
2026-05-21 10:20:38,2026-05-21,2,乒乓球厅-2号,12:00-12:55,0,1,可预约,￥0.0,多云,19,17,4,0.0,79,32
2026-05-21 10:30:41,2026-05-21,2,乒乓球厅-2号,12:00-12:55,0,1,可预约,￥0.0,多云,19,18,3,0.0,78,31
2026-05-21 11:00:44,2026-05-21,2,乒乓球厅-2号,12:00-12:55,0,1,可预约,￥0.0,多云,21,17,5,0.0,74,31
2026-05-21 11:30:38,2026-05-21,2,乒乓球厅-2号,12:00-12:55,0,1,可预约,￥0.0,多云,21,19,3,0.0,72,33
2026-05-21 12:00:46,2026-05-21,2,乒乓球厅-2号,12:00-12:55,0,1,可预约,￥0.0,多云,22,19,4,0.0,70,33
2026-05-21 12:30:42,2026-05-21,2,乒乓球厅-2号,12:00-12:55,0,1,可预约,￥0.0,多云,22,21,3,0.0,68,35
2026-05-21 13:00:43,2026-05-21,2,乒乓球厅-2号,12:00-12:55,0,1,不开放/已过期,,多云,24,22,4,0.0,66,35
2026-05-21 13:30:43,2026-05-21,2,乒乓球厅-2号,12:00-12:55,0,1,不开放/已过期,,多云,24,22,4,0.0,66,36
2026-05-21 14:00:48,2026-05-21,2,乒乓球厅-2号,12:00-12:55,0,1,不开放/已过期,,多云,25,23,4,0.0,66,36
2026-05-21 14:30:45,2026-05-21,2,乒乓球厅-2号,12:00-12:55,0,1,不开放/已过期,,晴,25,25,3,0.0,65,39
2026-05-21 15:00:45,2026-05-21,2,乒乓球厅-2号,12:00-12:55,0,1,不开放/已过期,,晴,25,22,4,0.0,56,39
2026-05-21 15:30:43,2026-05-21,2,乒乓球厅-2号,12:00-12:55,0,1,不开放/已过期,,晴,25,23,4,0.0,57,40
2026-05-21 16:00:51,2026-05-21,2,乒乓球厅-2号,12:00-12:55,0,1,不开放/已过期,,晴,25,23,4,0.0,57,40
2026-05-21 16:30:48,2026-05-21,2,乒乓球厅-2号,12:00-12:55,0,1,不开放/已过期,,晴,25,24,3,0.0,60,39
2026-05-21 17:00:49,2026-05-21,2,乒乓球厅-2号,12:00-12:55,0,1,不开放/已过期,,晴,25,24,4,0.0,61,39
2026-05-21 17:30:47,2026-05-21,2,乒乓球厅-2号,12:00-12:55,0,1,不开放/已过期,,多云,24,23,3,0.0,64,39
2026-05-21 18:00:50,2026-05-21,2,乒乓球厅-2号,12:00-12:55,0,1,不开放/已过期,,多云,24,23,3,0.0,68,39
2026-05-21 18:30:50,2026-05-21,2,乒乓球厅-2号,12:00-12:55,0,1,不开放/已过期,,阴,24,25,2,0.0,68,40
2026-05-21 19:00:50,2026-05-21,2,乒乓球厅-2号,12:00-12:55,0,1,不开放/已过期,,阴,23,23,3,0.0,76,40
2026-05-21 19:30:46,2026-05-21,2,乒乓球厅-2号,12:00-12:55,0,1,不开放/已过期,,阴,23,24,2,0.0,77,39
2026-05-21 20:00:49,2026-05-21,2,乒乓球厅-2号,12:00-12:55,0,1,不开放/已过期,,雾,22,23,2,0.0,89,39
2026-05-21 20:30:44,2026-05-21,2,乒乓球厅-2号,12:00-12:55,0,1,不开放/已过期,,雾,22,24,2,0.0,93,43
2026-05-21 21:00:56,2026-05-21,2,乒乓球厅-2号,12:00-12:55,0,1,不开放/已过期,,雾,20,21,2,0.0,98,43
2026-05-21 21:30:46,2026-05-21,2,乒乓球厅-2号,12:00-12:55,0,1,不开放/已过期,,雾,20,22,1,0.0,99,41
2026-05-21 22:01:02,2026-05-21,2,乒乓球厅-2号,12:00-12:55,0,1,不开放/已过期,,雾,19,20,2,0.0,93,41
2026-05-21 22:30:47,2026-05-21,2,乒乓球厅-2号,12:00-12:55,0,1,不开放/已过期,,雾,19,19,3,0.0,88,46
2026-05-21 23:00:56,2026-05-21,2,乒乓球厅-2号,12:00-12:55,0,1,不开放/已过期,,多云,18,17,3,0.0,85,46
2026-05-21 23:30:55,2026-05-21,2,乒乓球厅-2号,12:00-12:55,0,1,不开放/已过期,,多云,18,17,3,0.0,85,48
2026-05-21 00:30:49,2026-05-21,2,乒乓球厅-2号,12:55-13:50,0,1,可预约,￥0.0,多云,15,13,3,0.0,100,26
2026-05-21 01:00:55,2026-05-21,2,乒乓球厅-2号,12:55-13:50,0,1,可预约,￥0.0,多云,15,12,4,0.0,100,26
2026-05-21 01:30:47,2026-05-21,2,乒乓球厅-2号,12:55-13:50,0,1,可预约,￥0.0,多云,15,13,4,0.0,100,28
2026-05-21 02:00:53,2026-05-21,2,乒乓球厅-2号,12:55-13:50,0,1,可预约,￥0.0,多云,15,12,4,0.0,100,28
2026-05-21 02:30:49,2026-05-21,2,乒乓球厅-2号,12:55-13:50,0,1,可预约,￥0.0,多云,15,14,3,0.0,100,29
2026-05-21 03:00:55,2026-05-21,2,乒乓球厅-2号,12:55-13:50,0,1,可预约,￥0.0,多云,15,12,4,0.0,100,29
2026-05-21 03:30:49,2026-05-21,2,乒乓球厅-2号,12:55-13:50,0,1,可预约,￥0.0,多云,15,14,3,0.0,100,30
2026-05-21 04:30:45,2026-05-21,2,乒乓球厅-2号,12:55-13:50,0,1,可预约,￥0.0,多云,15,12,4,0.0,100,29
2026-05-21 05:00:52,2026-05-21,2,乒乓球厅-2号,12:55-13:50,0,1,可预约,￥0.0,多云,15,12,4,0.0,100,29
2026-05-21 05:30:49,2026-05-21,2,乒乓球厅-2号,12:55-13:50,0,1,可预约,￥0.0,多云,15,13,3,0.0,100,28
2026-05-21 06:00:50,2026-05-21,2,乒乓球厅-2号,12:55-13:50,0,1,可预约,￥0.0,多云,15,13,4,0.0,99,28
2026-05-21 06:30:38,2026-05-21,2,乒乓球厅-2号,12:55-13:50,0,1,可预约,￥0.0,多云,15,13,3,0.0,97,28
2026-05-21 07:00:43,2026-05-21,2,乒乓球厅-2号,12:55-13:50,0,1,可预约,￥0.0,晴,15,11,5,0.0,93,28
2026-05-21 07:30:39,2026-05-21,2,乒乓球厅-2号,12:55-13:50,0,1,可预约,￥0.0,晴,17,13,4,0.0,89,29
2026-05-21 07:50:40,2026-05-21,2,乒乓球厅-2号,12:55-13:50,0,1,可预约,￥0.0,晴,17,13,4,0.0,88,29
2026-05-21 07:53:31,2026-05-21,2,乒乓球厅-2号,12:55-13:50,0,1,可预约,￥0.0,晴,17,12,5,0.0,86,29
2026-05-21 07:56:31,2026-05-21,2,乒乓球厅-2号,12:55-13:50,0,1,可预约,￥0.0,晴,17,12,5,0.0,86,29
2026-05-21 07:59:26,2026-05-21,2,乒乓球厅-2号,12:55-13:50,0,1,可预约,￥0.0,晴,17,12,5,0.0,86,29
2026-05-21 08:00:45,2026-05-21,2,乒乓球厅-2号,12:55-13:50,0,1,可预约,￥0.0,晴,17,12,5,0.0,86,29
2026-05-21 08:02:30,2026-05-21,2,乒乓球厅-2号,12:55-13:50,0,1,可预约,￥0.0,多云,17,12,5,0.0,87,29
2026-05-21 08:05:36,2026-05-21,2,乒乓球厅-2号,12:55-13:50,0,1,可预约,￥0.0,多云,17,12,5,0.0,86,29
2026-05-21 08:08:31,2026-05-21,2,乒乓球厅-2号,12:55-13:50,0,1,可预约,￥0.0,多云,17,12,5,0.0,86,29
2026-05-21 08:11:30,2026-05-21,2,乒乓球厅-2号,12:55-13:50,0,1,可预约,￥0.0,多云,17,12,5,0.0,86,29
2026-05-21 08:14:31,2026-05-21,2,乒乓球厅-2号,12:55-13:50,0,1,可预约,￥0.0,多云,17,12,5,0.0,86,29
2026-05-21 08:17:30,2026-05-21,2,乒乓球厅-2号,12:55-13:50,0,1,可预约,￥0.0,多云,17,12,5,0.0,86,29
2026-05-21 08:20:35,2026-05-21,2,乒乓球厅-2号,12:55-13:50,0,1,可预约,￥0.0,多云,17,14,4,0.0,85,29
2026-05-21 08:25:32,2026-05-21,2,乒乓球厅-2号,12:55-13:50,0,1,可预约,￥0.0,多云,17,14,4,0.0,85,28
2026-05-21 08:30:42,2026-05-21,2,乒乓球厅-2号,12:55-13:50,0,1,可预约,￥0.0,多云,18,15,4,0.0,84,28
2026-05-21 08:35:31,2026-05-21,2,乒乓球厅-2号,12:55-13:50,0,1,可预约,￥0.0,多云,18,15,4,0.0,84,28
2026-05-21 08:40:38,2026-05-21,2,乒乓球厅-2号,12:55-13:50,0,1,可预约,￥0.0,多云,18,15,4,0.0,82,28
2026-05-21 08:45:33,2026-05-21,2,乒乓球厅-2号,12:55-13:50,0,1,可预约,￥0.0,多云,18,15,4,0.0,82,28
2026-05-21 08:50:36,2026-05-21,2,乒乓球厅-2号,12:55-13:50,0,1,可预约,￥0.0,多云,18,15,4,0.0,82,28
2026-05-21 08:55:34,2026-05-21,2,乒乓球厅-2号,12:55-13:50,0,1,可预约,￥0.0,多云,18,15,4,0.0,84,28
2026-05-21 09:00:51,2026-05-21,2,乒乓球厅-2号,12:55-13:50,0,1,可预约,￥0.0,多云,18,15,4,0.0,84,28
2026-05-21 09:01:59,2026-05-21,2,乒乓球厅-2号,12:55-13:50,0,1,可预约,￥0.0,多云,18,15,4,0.0,83,28
2026-05-21 09:05:33,2026-05-21,2,乒乓球厅-2号,12:55-13:50,0,1,可预约,￥0.0,多云,18,15,4,0.0,83,28
2026-05-21 09:20:38,2026-05-21,2,乒乓球厅-2号,12:55-13:50,0,1,可预约,￥0.0,多云,18,16,3,0.0,81,28
2026-05-21 09:30:46,2026-05-21,2,乒乓球厅-2号,12:55-13:50,0,1,可预约,￥0.0,多云,18,16,3,0.0,81,32
2026-05-21 09:40:36,2026-05-21,2,乒乓球厅-2号,12:55-13:50,0,1,可预约,￥0.0,多云,19,17,3,0.0,79,32
2026-05-21 09:50:42,2026-05-21,2,乒乓球厅-2号,12:55-13:50,0,1,可预约,￥0.0,多云,19,17,4,0.0,81,32
2026-05-21 10:00:46,2026-05-21,2,乒乓球厅-2号,12:55-13:50,0,1,可预约,￥0.0,多云,19,17,4,0.0,79,32
2026-05-21 10:10:40,2026-05-21,2,乒乓球厅-2号,12:55-13:50,0,1,可预约,￥0.0,多云,19,17,4,0.0,79,32
2026-05-21 10:20:38,2026-05-21,2,乒乓球厅-2号,12:55-13:50,0,1,可预约,￥0.0,多云,19,17,4,0.0,79,32
2026-05-21 10:30:41,2026-05-21,2,乒乓球厅-2号,12:55-13:50,0,1,可预约,￥0.0,多云,19,18,3,0.0,78,31
2026-05-21 11:00:44,2026-05-21,2,乒乓球厅-2号,12:55-13:50,0,1,可预约,￥0.0,多云,21,17,5,0.0,74,31
2026-05-21 11:30:38,2026-05-21,2,乒乓球厅-2号,12:55-13:50,0,1,可预约,￥0.0,多云,21,19,3,0.0,72,33
2026-05-21 12:00:46,2026-05-21,2,乒乓球厅-2号,12:55-13:50,0,1,可预约,￥0.0,多云,22,19,4,0.0,70,33
2026-05-21 12:30:42,2026-05-21,2,乒乓球厅-2号,12:55-13:50,0,1,可预约,￥0.0,多云,22,21,3,0.0,68,35
2026-05-21 13:00:43,2026-05-21,2,乒乓球厅-2号,12:55-13:50,0,1,可预约,￥0.0,多云,24,22,4,0.0,66,35
2026-05-21 13:30:43,2026-05-21,2,乒乓球厅-2号,12:55-13:50,0,1,可预约,￥0.0,多云,24,22,4,0.0,66,36
2026-05-21 14:00:48,2026-05-21,2,乒乓球厅-2号,12:55-13:50,0,1,不开放/已过期,,多云,25,23,4,0.0,66,36
2026-05-21 14:30:45,2026-05-21,2,乒乓球厅-2号,12:55-13:50,0,1,不开放/已过期,,晴,25,25,3,0.0,65,39
2026-05-21 15:00:45,2026-05-21,2,乒乓球厅-2号,12:55-13:50,0,1,不开放/已过期,,晴,25,22,4,0.0,56,39
2026-05-21 15:30:43,2026-05-21,2,乒乓球厅-2号,12:55-13:50,0,1,不开放/已过期,,晴,25,23,4,0.0,57,40
2026-05-21 16:00:51,2026-05-21,2,乒乓球厅-2号,12:55-13:50,0,1,不开放/已过期,,晴,25,23,4,0.0,57,40
2026-05-21 16:30:48,2026-05-21,2,乒乓球厅-2号,12:55-13:50,0,1,不开放/已过期,,晴,25,24,3,0.0,60,39
2026-05-21 17:00:49,2026-05-21,2,乒乓球厅-2号,12:55-13:50,0,1,不开放/已过期,,晴,25,24,4,0.0,61,39
2026-05-21 17:30:47,2026-05-21,2,乒乓球厅-2号,12:55-13:50,0,1,不开放/已过期,,多云,24,23,3,0.0,64,39
2026-05-21 18:00:50,2026-05-21,2,乒乓球厅-2号,12:55-13:50,0,1,不开放/已过期,,多云,24,23,3,0.0,68,39
2026-05-21 18:30:50,2026-05-21,2,乒乓球厅-2号,12:55-13:50,0,1,不开放/已过期,,阴,24,25,2,0.0,68,40
2026-05-21 19:00:50,2026-05-21,2,乒乓球厅-2号,12:55-13:50,0,1,不开放/已过期,,阴,23,23,3,0.0,76,40
2026-05-21 19:30:46,2026-05-21,2,乒乓球厅-2号,12:55-13:50,0,1,不开放/已过期,,阴,23,24,2,0.0,77,39
2026-05-21 20:00:49,2026-05-21,2,乒乓球厅-2号,12:55-13:50,0,1,不开放/已过期,,雾,22,23,2,0.0,89,39
2026-05-21 20:30:44,2026-05-21,2,乒乓球厅-2号,12:55-13:50,0,1,不开放/已过期,,雾,22,24,2,0.0,93,43
2026-05-21 21:00:56,2026-05-21,2,乒乓球厅-2号,12:55-13:50,0,1,不开放/已过期,,雾,20,21,2,0.0,98,43
2026-05-21 21:30:46,2026-05-21,2,乒乓球厅-2号,12:55-13:50,0,1,不开放/已过期,,雾,20,22,1,0.0,99,41
2026-05-21 22:01:02,2026-05-21,2,乒乓球厅-2号,12:55-13:50,0,1,不开放/已过期,,雾,19,20,2,0.0,93,41
2026-05-21 22:30:47,2026-05-21,2,乒乓球厅-2号,12:55-13:50,0,1,不开放/已过期,,雾,19,19,3,0.0,88,46
2026-05-21 23:00:56,2026-05-21,2,乒乓球厅-2号,12:55-13:50,0,1,不开放/已过期,,多云,18,17,3,0.0,85,46
2026-05-21 23:30:55,2026-05-21,2,乒乓球厅-2号,12:55-13:50,0,1,不开放/已过期,,多云,18,17,3,0.0,85,48
2026-05-21 00:30:49,2026-05-21,2,乒乓球厅-2号,14:00-15:00,0,1,可预约,￥5.0,多云,15,13,3,0.0,100,26
2026-05-21 01:00:55,2026-05-21,2,乒乓球厅-2号,14:00-15:00,0,1,可预约,￥5.0,多云,15,12,4,0.0,100,26
2026-05-21 01:30:47,2026-05-21,2,乒乓球厅-2号,14:00-15:00,0,1,可预约,￥5.0,多云,15,13,4,0.0,100,28
2026-05-21 02:00:53,2026-05-21,2,乒乓球厅-2号,14:00-15:00,0,1,可预约,￥5.0,多云,15,12,4,0.0,100,28
2026-05-21 02:30:49,2026-05-21,2,乒乓球厅-2号,14:00-15:00,0,1,可预约,￥5.0,多云,15,14,3,0.0,100,29
2026-05-21 03:00:55,2026-05-21,2,乒乓球厅-2号,14:00-15:00,0,1,可预约,￥5.0,多云,15,12,4,0.0,100,29
2026-05-21 03:30:49,2026-05-21,2,乒乓球厅-2号,14:00-15:00,0,1,可预约,￥5.0,多云,15,14,3,0.0,100,30
2026-05-21 04:30:45,2026-05-21,2,乒乓球厅-2号,14:00-15:00,0,1,可预约,￥5.0,多云,15,12,4,0.0,100,29
2026-05-21 05:00:52,2026-05-21,2,乒乓球厅-2号,14:00-15:00,0,1,可预约,￥5.0,多云,15,12,4,0.0,100,29
2026-05-21 05:30:49,2026-05-21,2,乒乓球厅-2号,14:00-15:00,0,1,可预约,￥5.0,多云,15,13,3,0.0,100,28
2026-05-21 06:00:50,2026-05-21,2,乒乓球厅-2号,14:00-15:00,0,1,可预约,￥5.0,多云,15,13,4,0.0,99,28
2026-05-21 06:30:38,2026-05-21,2,乒乓球厅-2号,14:00-15:00,0,1,可预约,￥5.0,多云,15,13,3,0.0,97,28
2026-05-21 07:00:43,2026-05-21,2,乒乓球厅-2号,14:00-15:00,0,1,可预约,￥5.0,晴,15,11,5,0.0,93,28
2026-05-21 07:30:39,2026-05-21,2,乒乓球厅-2号,14:00-15:00,0,1,可预约,￥5.0,晴,17,13,4,0.0,89,29
2026-05-21 07:50:40,2026-05-21,2,乒乓球厅-2号,14:00-15:00,0,1,可预约,￥5.0,晴,17,13,4,0.0,88,29
2026-05-21 07:53:31,2026-05-21,2,乒乓球厅-2号,14:00-15:00,0,1,可预约,￥5.0,晴,17,12,5,0.0,86,29
2026-05-21 07:56:31,2026-05-21,2,乒乓球厅-2号,14:00-15:00,0,1,可预约,￥5.0,晴,17,12,5,0.0,86,29
2026-05-21 07:59:26,2026-05-21,2,乒乓球厅-2号,14:00-15:00,0,1,可预约,￥5.0,晴,17,12,5,0.0,86,29
2026-05-21 08:00:45,2026-05-21,2,乒乓球厅-2号,14:00-15:00,0,1,可预约,￥5.0,晴,17,12,5,0.0,86,29
2026-05-21 08:02:30,2026-05-21,2,乒乓球厅-2号,14:00-15:00,0,1,可预约,￥5.0,多云,17,12,5,0.0,87,29
2026-05-21 08:05:36,2026-05-21,2,乒乓球厅-2号,14:00-15:00,0,1,可预约,￥5.0,多云,17,12,5,0.0,86,29
2026-05-21 08:08:31,2026-05-21,2,乒乓球厅-2号,14:00-15:00,0,1,可预约,￥5.0,多云,17,12,5,0.0,86,29
2026-05-21 08:11:30,2026-05-21,2,乒乓球厅-2号,14:00-15:00,0,1,可预约,￥5.0,多云,17,12,5,0.0,86,29
2026-05-21 08:14:31,2026-05-21,2,乒乓球厅-2号,14:00-15:00,0,1,可预约,￥5.0,多云,17,12,5,0.0,86,29
2026-05-21 08:17:30,2026-05-21,2,乒乓球厅-2号,14:00-15:00,0,1,可预约,￥5.0,多云,17,12,5,0.0,86,29
2026-05-21 08:20:35,2026-05-21,2,乒乓球厅-2号,14:00-15:00,0,1,可预约,￥5.0,多云,17,14,4,0.0,85,29
2026-05-21 08:25:32,2026-05-21,2,乒乓球厅-2号,14:00-15:00,0,1,可预约,￥5.0,多云,17,14,4,0.0,85,28
2026-05-21 08:30:42,2026-05-21,2,乒乓球厅-2号,14:00-15:00,0,1,可预约,￥5.0,多云,18,15,4,0.0,84,28
2026-05-21 08:35:31,2026-05-21,2,乒乓球厅-2号,14:00-15:00,0,1,可预约,￥5.0,多云,18,15,4,0.0,84,28
2026-05-21 08:40:38,2026-05-21,2,乒乓球厅-2号,14:00-15:00,0,1,可预约,￥5.0,多云,18,15,4,0.0,82,28
2026-05-21 08:45:33,2026-05-21,2,乒乓球厅-2号,14:00-15:00,0,1,可预约,￥5.0,多云,18,15,4,0.0,82,28
2026-05-21 08:50:36,2026-05-21,2,乒乓球厅-2号,14:00-15:00,0,1,可预约,￥5.0,多云,18,15,4,0.0,82,28
2026-05-21 08:55:34,2026-05-21,2,乒乓球厅-2号,14:00-15:00,0,1,可预约,￥5.0,多云,18,15,4,0.0,84,28
2026-05-21 09:00:51,2026-05-21,2,乒乓球厅-2号,14:00-15:00,0,1,可预约,￥5.0,多云,18,15,4,0.0,84,28
2026-05-21 09:01:59,2026-05-21,2,乒乓球厅-2号,14:00-15:00,0,1,可预约,￥5.0,多云,18,15,4,0.0,83,28
2026-05-21 09:05:33,2026-05-21,2,乒乓球厅-2号,14:00-15:00,0,1,可预约,￥5.0,多云,18,15,4,0.0,83,28
2026-05-21 09:20:38,2026-05-21,2,乒乓球厅-2号,14:00-15:00,0,1,可预约,￥5.0,多云,18,16,3,0.0,81,28
2026-05-21 09:30:46,2026-05-21,2,乒乓球厅-2号,14:00-15:00,0,1,可预约,￥5.0,多云,18,16,3,0.0,81,32
2026-05-21 09:40:36,2026-05-21,2,乒乓球厅-2号,14:00-15:00,0,1,可预约,￥5.0,多云,19,17,3,0.0,79,32
2026-05-21 09:50:42,2026-05-21,2,乒乓球厅-2号,14:00-15:00,0,1,可预约,￥5.0,多云,19,17,4,0.0,81,32
2026-05-21 10:00:46,2026-05-21,2,乒乓球厅-2号,14:00-15:00,0,1,可预约,￥5.0,多云,19,17,4,0.0,79,32
2026-05-21 10:10:40,2026-05-21,2,乒乓球厅-2号,14:00-15:00,0,1,可预约,￥5.0,多云,19,17,4,0.0,79,32
2026-05-21 10:20:38,2026-05-21,2,乒乓球厅-2号,14:00-15:00,0,1,可预约,￥5.0,多云,19,17,4,0.0,79,32
2026-05-21 10:30:41,2026-05-21,2,乒乓球厅-2号,14:00-15:00,0,1,可预约,￥5.0,多云,19,18,3,0.0,78,31
2026-05-21 11:00:44,2026-05-21,2,乒乓球厅-2号,14:00-15:00,0,1,可预约,￥5.0,多云,21,17,5,0.0,74,31
2026-05-21 11:30:38,2026-05-21,2,乒乓球厅-2号,14:00-15:00,0,1,可预约,￥5.0,多云,21,19,3,0.0,72,33
2026-05-21 12:00:46,2026-05-21,2,乒乓球厅-2号,14:00-15:00,0,1,可预约,￥5.0,多云,22,19,4,0.0,70,33
2026-05-21 12:30:42,2026-05-21,2,乒乓球厅-2号,14:00-15:00,0,1,可预约,￥5.0,多云,22,21,3,0.0,68,35
2026-05-21 13:00:43,2026-05-21,2,乒乓球厅-2号,14:00-15:00,0,1,可预约,￥5.0,多云,24,22,4,0.0,66,35
2026-05-21 13:30:43,2026-05-21,2,乒乓球厅-2号,14:00-15:00,0,1,可预约,￥5.0,多云,24,22,4,0.0,66,36
2026-05-21 14:00:48,2026-05-21,2,乒乓球厅-2号,14:00-15:00,0,1,可预约,￥5.0,多云,25,23,4,0.0,66,36
2026-05-21 14:30:45,2026-05-21,2,乒乓球厅-2号,14:00-15:00,0,1,可预约,￥5.0,晴,25,25,3,0.0,65,39
2026-05-21 15:00:45,2026-05-21,2,乒乓球厅-2号,14:00-15:00,0,1,不开放/已过期,,晴,25,22,4,0.0,56,39
2026-05-21 15:30:43,2026-05-21,2,乒乓球厅-2号,14:00-15:00,0,1,不开放/已过期,,晴,25,23,4,0.0,57,40
2026-05-21 16:00:51,2026-05-21,2,乒乓球厅-2号,14:00-15:00,0,1,不开放/已过期,,晴,25,23,4,0.0,57,40
2026-05-21 16:30:48,2026-05-21,2,乒乓球厅-2号,14:00-15:00,0,1,不开放/已过期,,晴,25,24,3,0.0,60,39
2026-05-21 17:00:49,2026-05-21,2,乒乓球厅-2号,14:00-15:00,0,1,不开放/已过期,,晴,25,24,4,0.0,61,39
2026-05-21 17:30:47,2026-05-21,2,乒乓球厅-2号,14:00-15:00,0,1,不开放/已过期,,多云,24,23,3,0.0,64,39
2026-05-21 18:00:50,2026-05-21,2,乒乓球厅-2号,14:00-15:00,0,1,不开放/已过期,,多云,24,23,3,0.0,68,39
2026-05-21 18:30:50,2026-05-21,2,乒乓球厅-2号,14:00-15:00,0,1,不开放/已过期,,阴,24,25,2,0.0,68,40
2026-05-21 19:00:50,2026-05-21,2,乒乓球厅-2号,14:00-15:00,0,1,不开放/已过期,,阴,23,23,3,0.0,76,40
2026-05-21 19:30:46,2026-05-21,2,乒乓球厅-2号,14:00-15:00,0,1,不开放/已过期,,阴,23,24,2,0.0,77,39
2026-05-21 20:00:49,2026-05-21,2,乒乓球厅-2号,14:00-15:00,0,1,不开放/已过期,,雾,22,23,2,0.0,89,39
2026-05-21 20:30:44,2026-05-21,2,乒乓球厅-2号,14:00-15:00,0,1,不开放/已过期,,雾,22,24,2,0.0,93,43
2026-05-21 21:00:56,2026-05-21,2,乒乓球厅-2号,14:00-15:00,0,1,不开放/已过期,,雾,20,21,2,0.0,98,43
2026-05-21 21:30:46,2026-05-21,2,乒乓球厅-2号,14:00-15:00,0,1,不开放/已过期,,雾,20,22,1,0.0,99,41
2026-05-21 22:01:02,2026-05-21,2,乒乓球厅-2号,14:00-15:00,0,1,不开放/已过期,,雾,19,20,2,0.0,93,41
2026-05-21 22:30:47,2026-05-21,2,乒乓球厅-2号,14:00-15:00,0,1,不开放/已过期,,雾,19,19,3,0.0,88,46
2026-05-21 23:00:56,2026-05-21,2,乒乓球厅-2号,14:00-15:00,0,1,不开放/已过期,,多云,18,17,3,0.0,85,46
2026-05-21 23:30:55,2026-05-21,2,乒乓球厅-2号,14:00-15:00,0,1,不开放/已过期,,多云,18,17,3,0.0,85,48
2026-05-21 00:30:49,2026-05-21,2,乒乓球厅-2号,15:00-16:00,0,1,可预约,￥5.0,多云,15,13,3,0.0,100,26
2026-05-21 01:00:55,2026-05-21,2,乒乓球厅-2号,15:00-16:00,0,1,可预约,￥5.0,多云,15,12,4,0.0,100,26
2026-05-21 01:30:47,2026-05-21,2,乒乓球厅-2号,15:00-16:00,0,1,可预约,￥5.0,多云,15,13,4,0.0,100,28
2026-05-21 02:00:53,2026-05-21,2,乒乓球厅-2号,15:00-16:00,0,1,可预约,￥5.0,多云,15,12,4,0.0,100,28
2026-05-21 02:30:49,2026-05-21,2,乒乓球厅-2号,15:00-16:00,0,1,可预约,￥5.0,多云,15,14,3,0.0,100,29
2026-05-21 03:00:55,2026-05-21,2,乒乓球厅-2号,15:00-16:00,0,1,可预约,￥5.0,多云,15,12,4,0.0,100,29
2026-05-21 03:30:49,2026-05-21,2,乒乓球厅-2号,15:00-16:00,0,1,可预约,￥5.0,多云,15,14,3,0.0,100,30
2026-05-21 04:30:45,2026-05-21,2,乒乓球厅-2号,15:00-16:00,0,1,可预约,￥5.0,多云,15,12,4,0.0,100,29
2026-05-21 05:00:52,2026-05-21,2,乒乓球厅-2号,15:00-16:00,0,1,可预约,￥5.0,多云,15,12,4,0.0,100,29
2026-05-21 05:30:49,2026-05-21,2,乒乓球厅-2号,15:00-16:00,0,1,可预约,￥5.0,多云,15,13,3,0.0,100,28
2026-05-21 06:00:50,2026-05-21,2,乒乓球厅-2号,15:00-16:00,0,1,可预约,￥5.0,多云,15,13,4,0.0,99,28
2026-05-21 06:30:38,2026-05-21,2,乒乓球厅-2号,15:00-16:00,0,1,可预约,￥5.0,多云,15,13,3,0.0,97,28
2026-05-21 07:00:43,2026-05-21,2,乒乓球厅-2号,15:00-16:00,0,1,可预约,￥5.0,晴,15,11,5,0.0,93,28
2026-05-21 07:30:39,2026-05-21,2,乒乓球厅-2号,15:00-16:00,0,1,可预约,￥5.0,晴,17,13,4,0.0,89,29
2026-05-21 07:50:40,2026-05-21,2,乒乓球厅-2号,15:00-16:00,0,1,可预约,￥5.0,晴,17,13,4,0.0,88,29
2026-05-21 07:53:31,2026-05-21,2,乒乓球厅-2号,15:00-16:00,0,1,可预约,￥5.0,晴,17,12,5,0.0,86,29
2026-05-21 07:56:31,2026-05-21,2,乒乓球厅-2号,15:00-16:00,0,1,可预约,￥5.0,晴,17,12,5,0.0,86,29
2026-05-21 07:59:26,2026-05-21,2,乒乓球厅-2号,15:00-16:00,0,1,可预约,￥5.0,晴,17,12,5,0.0,86,29
2026-05-21 08:00:45,2026-05-21,2,乒乓球厅-2号,15:00-16:00,0,1,可预约,￥5.0,晴,17,12,5,0.0,86,29
2026-05-21 08:02:30,2026-05-21,2,乒乓球厅-2号,15:00-16:00,0,1,可预约,￥5.0,多云,17,12,5,0.0,87,29
2026-05-21 08:05:36,2026-05-21,2,乒乓球厅-2号,15:00-16:00,0,1,可预约,￥5.0,多云,17,12,5,0.0,86,29
2026-05-21 08:08:31,2026-05-21,2,乒乓球厅-2号,15:00-16:00,0,1,可预约,￥5.0,多云,17,12,5,0.0,86,29
2026-05-21 08:11:30,2026-05-21,2,乒乓球厅-2号,15:00-16:00,0,1,可预约,￥5.0,多云,17,12,5,0.0,86,29
2026-05-21 08:14:31,2026-05-21,2,乒乓球厅-2号,15:00-16:00,0,1,可预约,￥5.0,多云,17,12,5,0.0,86,29
2026-05-21 08:17:30,2026-05-21,2,乒乓球厅-2号,15:00-16:00,0,1,可预约,￥5.0,多云,17,12,5,0.0,86,29
2026-05-21 08:20:35,2026-05-21,2,乒乓球厅-2号,15:00-16:00,0,1,可预约,￥5.0,多云,17,14,4,0.0,85,29
2026-05-21 08:25:32,2026-05-21,2,乒乓球厅-2号,15:00-16:00,0,1,可预约,￥5.0,多云,17,14,4,0.0,85,28
2026-05-21 08:30:42,2026-05-21,2,乒乓球厅-2号,15:00-16:00,0,1,可预约,￥5.0,多云,18,15,4,0.0,84,28
2026-05-21 08:35:31,2026-05-21,2,乒乓球厅-2号,15:00-16:00,0,1,可预约,￥5.0,多云,18,15,4,0.0,84,28
2026-05-21 08:40:38,2026-05-21,2,乒乓球厅-2号,15:00-16:00,0,1,可预约,￥5.0,多云,18,15,4,0.0,82,28
2026-05-21 08:45:33,2026-05-21,2,乒乓球厅-2号,15:00-16:00,0,1,可预约,￥5.0,多云,18,15,4,0.0,82,28
2026-05-21 08:50:36,2026-05-21,2,乒乓球厅-2号,15:00-16:00,0,1,可预约,￥5.0,多云,18,15,4,0.0,82,28
2026-05-21 08:55:34,2026-05-21,2,乒乓球厅-2号,15:00-16:00,0,1,可预约,￥5.0,多云,18,15,4,0.0,84,28
2026-05-21 09:00:51,2026-05-21,2,乒乓球厅-2号,15:00-16:00,0,1,可预约,￥5.0,多云,18,15,4,0.0,84,28
2026-05-21 09:01:59,2026-05-21,2,乒乓球厅-2号,15:00-16:00,0,1,可预约,￥5.0,多云,18,15,4,0.0,83,28
2026-05-21 09:05:33,2026-05-21,2,乒乓球厅-2号,15:00-16:00,0,1,可预约,￥5.0,多云,18,15,4,0.0,83,28
2026-05-21 09:20:38,2026-05-21,2,乒乓球厅-2号,15:00-16:00,0,1,可预约,￥5.0,多云,18,16,3,0.0,81,28
2026-05-21 09:30:46,2026-05-21,2,乒乓球厅-2号,15:00-16:00,0,1,可预约,￥5.0,多云,18,16,3,0.0,81,32
2026-05-21 09:40:36,2026-05-21,2,乒乓球厅-2号,15:00-16:00,0,1,可预约,￥5.0,多云,19,17,3,0.0,79,32
2026-05-21 09:50:42,2026-05-21,2,乒乓球厅-2号,15:00-16:00,0,1,可预约,￥5.0,多云,19,17,4,0.0,81,32
2026-05-21 10:00:46,2026-05-21,2,乒乓球厅-2号,15:00-16:00,0,1,可预约,￥5.0,多云,19,17,4,0.0,79,32
2026-05-21 10:10:40,2026-05-21,2,乒乓球厅-2号,15:00-16:00,0,1,可预约,￥5.0,多云,19,17,4,0.0,79,32
2026-05-21 10:20:38,2026-05-21,2,乒乓球厅-2号,15:00-16:00,0,1,可预约,￥5.0,多云,19,17,4,0.0,79,32
2026-05-21 10:30:41,2026-05-21,2,乒乓球厅-2号,15:00-16:00,0,1,可预约,￥5.0,多云,19,18,3,0.0,78,31
2026-05-21 11:00:44,2026-05-21,2,乒乓球厅-2号,15:00-16:00,0,1,可预约,￥5.0,多云,21,17,5,0.0,74,31
2026-05-21 11:30:38,2026-05-21,2,乒乓球厅-2号,15:00-16:00,0,1,可预约,￥5.0,多云,21,19,3,0.0,72,33
2026-05-21 12:00:46,2026-05-21,2,乒乓球厅-2号,15:00-16:00,0,1,可预约,￥5.0,多云,22,19,4,0.0,70,33
2026-05-21 12:30:42,2026-05-21,2,乒乓球厅-2号,15:00-16:00,0,1,可预约,￥5.0,多云,22,21,3,0.0,68,35
2026-05-21 13:00:43,2026-05-21,2,乒乓球厅-2号,15:00-16:00,0,1,可预约,￥5.0,多云,24,22,4,0.0,66,35
2026-05-21 13:30:43,2026-05-21,2,乒乓球厅-2号,15:00-16:00,0,1,可预约,￥5.0,多云,24,22,4,0.0,66,36
2026-05-21 14:00:48,2026-05-21,2,乒乓球厅-2号,15:00-16:00,0,1,可预约,￥5.0,多云,25,23,4,0.0,66,36
2026-05-21 14:30:45,2026-05-21,2,乒乓球厅-2号,15:00-16:00,0,1,可预约,￥5.0,晴,25,25,3,0.0,65,39
2026-05-21 15:00:45,2026-05-21,2,乒乓球厅-2号,15:00-16:00,0,1,可预约,￥5.0,晴,25,22,4,0.0,56,39
2026-05-21 15:30:43,2026-05-21,2,乒乓球厅-2号,15:00-16:00,0,1,可预约,￥5.0,晴,25,23,4,0.0,57,40
2026-05-21 16:00:51,2026-05-21,2,乒乓球厅-2号,15:00-16:00,0,1,不开放/已过期,,晴,25,23,4,0.0,57,40
2026-05-21 16:30:48,2026-05-21,2,乒乓球厅-2号,15:00-16:00,0,1,不开放/已过期,,晴,25,24,3,0.0,60,39
2026-05-21 17:00:49,2026-05-21,2,乒乓球厅-2号,15:00-16:00,0,1,不开放/已过期,,晴,25,24,4,0.0,61,39
2026-05-21 17:30:47,2026-05-21,2,乒乓球厅-2号,15:00-16:00,0,1,不开放/已过期,,多云,24,23,3,0.0,64,39
2026-05-21 18:00:50,2026-05-21,2,乒乓球厅-2号,15:00-16:00,0,1,不开放/已过期,,多云,24,23,3,0.0,68,39
2026-05-21 18:30:50,2026-05-21,2,乒乓球厅-2号,15:00-16:00,0,1,不开放/已过期,,阴,24,25,2,0.0,68,40
2026-05-21 19:00:50,2026-05-21,2,乒乓球厅-2号,15:00-16:00,0,1,不开放/已过期,,阴,23,23,3,0.0,76,40
2026-05-21 19:30:46,2026-05-21,2,乒乓球厅-2号,15:00-16:00,0,1,不开放/已过期,,阴,23,24,2,0.0,77,39
2026-05-21 20:00:49,2026-05-21,2,乒乓球厅-2号,15:00-16:00,0,1,不开放/已过期,,雾,22,23,2,0.0,89,39
2026-05-21 20:30:44,2026-05-21,2,乒乓球厅-2号,15:00-16:00,0,1,不开放/已过期,,雾,22,24,2,0.0,93,43
2026-05-21 21:00:56,2026-05-21,2,乒乓球厅-2号,15:00-16:00,0,1,不开放/已过期,,雾,20,21,2,0.0,98,43
2026-05-21 21:30:46,2026-05-21,2,乒乓球厅-2号,15:00-16:00,0,1,不开放/已过期,,雾,20,22,1,0.0,99,41
2026-05-21 22:01:02,2026-05-21,2,乒乓球厅-2号,15:00-16:00,0,1,不开放/已过期,,雾,19,20,2,0.0,93,41
2026-05-21 22:30:47,2026-05-21,2,乒乓球厅-2号,15:00-16:00,0,1,不开放/已过期,,雾,19,19,3,0.0,88,46
2026-05-21 23:00:56,2026-05-21,2,乒乓球厅-2号,15:00-16:00,0,1,不开放/已过期,,多云,18,17,3,0.0,85,46
2026-05-21 23:30:55,2026-05-21,2,乒乓球厅-2号,15:00-16:00,0,1,不开放/已过期,,多云,18,17,3,0.0,85,48
2026-05-21 00:30:49,2026-05-21,2,乒乓球厅-2号,16:00-17:00,0,1,可预约,￥5.0,多云,15,13,3,0.0,100,26
2026-05-21 01:00:55,2026-05-21,2,乒乓球厅-2号,16:00-17:00,0,1,可预约,￥5.0,多云,15,12,4,0.0,100,26
2026-05-21 01:30:47,2026-05-21,2,乒乓球厅-2号,16:00-17:00,0,1,可预约,￥5.0,多云,15,13,4,0.0,100,28
2026-05-21 02:00:53,2026-05-21,2,乒乓球厅-2号,16:00-17:00,0,1,可预约,￥5.0,多云,15,12,4,0.0,100,28
2026-05-21 02:30:49,2026-05-21,2,乒乓球厅-2号,16:00-17:00,0,1,可预约,￥5.0,多云,15,14,3,0.0,100,29
2026-05-21 03:00:55,2026-05-21,2,乒乓球厅-2号,16:00-17:00,0,1,可预约,￥5.0,多云,15,12,4,0.0,100,29
2026-05-21 03:30:49,2026-05-21,2,乒乓球厅-2号,16:00-17:00,0,1,可预约,￥5.0,多云,15,14,3,0.0,100,30
2026-05-21 04:30:45,2026-05-21,2,乒乓球厅-2号,16:00-17:00,0,1,可预约,￥5.0,多云,15,12,4,0.0,100,29
2026-05-21 05:00:52,2026-05-21,2,乒乓球厅-2号,16:00-17:00,0,1,可预约,￥5.0,多云,15,12,4,0.0,100,29
2026-05-21 05:30:49,2026-05-21,2,乒乓球厅-2号,16:00-17:00,0,1,可预约,￥5.0,多云,15,13,3,0.0,100,28
2026-05-21 06:00:50,2026-05-21,2,乒乓球厅-2号,16:00-17:00,0,1,可预约,￥5.0,多云,15,13,4,0.0,99,28
2026-05-21 06:30:38,2026-05-21,2,乒乓球厅-2号,16:00-17:00,0,1,可预约,￥5.0,多云,15,13,3,0.0,97,28
2026-05-21 07:00:43,2026-05-21,2,乒乓球厅-2号,16:00-17:00,0,1,可预约,￥5.0,晴,15,11,5,0.0,93,28
2026-05-21 07:30:39,2026-05-21,2,乒乓球厅-2号,16:00-17:00,0,1,可预约,￥5.0,晴,17,13,4,0.0,89,29
2026-05-21 07:50:40,2026-05-21,2,乒乓球厅-2号,16:00-17:00,0,1,可预约,￥5.0,晴,17,13,4,0.0,88,29
2026-05-21 07:53:31,2026-05-21,2,乒乓球厅-2号,16:00-17:00,0,1,可预约,￥5.0,晴,17,12,5,0.0,86,29
2026-05-21 07:56:31,2026-05-21,2,乒乓球厅-2号,16:00-17:00,0,1,可预约,￥5.0,晴,17,12,5,0.0,86,29
2026-05-21 07:59:26,2026-05-21,2,乒乓球厅-2号,16:00-17:00,0,1,可预约,￥5.0,晴,17,12,5,0.0,86,29
2026-05-21 08:00:45,2026-05-21,2,乒乓球厅-2号,16:00-17:00,0,1,可预约,￥5.0,晴,17,12,5,0.0,86,29
2026-05-21 08:02:30,2026-05-21,2,乒乓球厅-2号,16:00-17:00,0,1,可预约,￥5.0,多云,17,12,5,0.0,87,29
2026-05-21 08:05:36,2026-05-21,2,乒乓球厅-2号,16:00-17:00,0,1,可预约,￥5.0,多云,17,12,5,0.0,86,29
2026-05-21 08:08:31,2026-05-21,2,乒乓球厅-2号,16:00-17:00,0,1,可预约,￥5.0,多云,17,12,5,0.0,86,29
2026-05-21 08:11:30,2026-05-21,2,乒乓球厅-2号,16:00-17:00,0,1,可预约,￥5.0,多云,17,12,5,0.0,86,29
2026-05-21 08:14:31,2026-05-21,2,乒乓球厅-2号,16:00-17:00,0,1,可预约,￥5.0,多云,17,12,5,0.0,86,29
2026-05-21 08:17:30,2026-05-21,2,乒乓球厅-2号,16:00-17:00,0,1,可预约,￥5.0,多云,17,12,5,0.0,86,29
2026-05-21 08:20:35,2026-05-21,2,乒乓球厅-2号,16:00-17:00,0,1,可预约,￥5.0,多云,17,14,4,0.0,85,29
2026-05-21 08:25:32,2026-05-21,2,乒乓球厅-2号,16:00-17:00,0,1,可预约,￥5.0,多云,17,14,4,0.0,85,28
2026-05-21 08:30:42,2026-05-21,2,乒乓球厅-2号,16:00-17:00,0,1,可预约,￥5.0,多云,18,15,4,0.0,84,28
2026-05-21 08:35:31,2026-05-21,2,乒乓球厅-2号,16:00-17:00,0,1,可预约,￥5.0,多云,18,15,4,0.0,84,28
2026-05-21 08:40:38,2026-05-21,2,乒乓球厅-2号,16:00-17:00,0,1,可预约,￥5.0,多云,18,15,4,0.0,82,28
2026-05-21 08:45:33,2026-05-21,2,乒乓球厅-2号,16:00-17:00,0,1,可预约,￥5.0,多云,18,15,4,0.0,82,28
2026-05-21 08:50:36,2026-05-21,2,乒乓球厅-2号,16:00-17:00,0,1,可预约,￥5.0,多云,18,15,4,0.0,82,28
2026-05-21 08:55:34,2026-05-21,2,乒乓球厅-2号,16:00-17:00,0,1,可预约,￥5.0,多云,18,15,4,0.0,84,28
2026-05-21 09:00:51,2026-05-21,2,乒乓球厅-2号,16:00-17:00,0,1,可预约,￥5.0,多云,18,15,4,0.0,84,28
2026-05-21 09:01:59,2026-05-21,2,乒乓球厅-2号,16:00-17:00,0,1,可预约,￥5.0,多云,18,15,4,0.0,83,28
2026-05-21 09:05:33,2026-05-21,2,乒乓球厅-2号,16:00-17:00,0,1,可预约,￥5.0,多云,18,15,4,0.0,83,28
2026-05-21 09:20:38,2026-05-21,2,乒乓球厅-2号,16:00-17:00,0,1,可预约,￥5.0,多云,18,16,3,0.0,81,28
2026-05-21 09:30:46,2026-05-21,2,乒乓球厅-2号,16:00-17:00,0,1,可预约,￥5.0,多云,18,16,3,0.0,81,32
2026-05-21 09:40:36,2026-05-21,2,乒乓球厅-2号,16:00-17:00,0,1,可预约,￥5.0,多云,19,17,3,0.0,79,32
2026-05-21 09:50:42,2026-05-21,2,乒乓球厅-2号,16:00-17:00,0,1,可预约,￥5.0,多云,19,17,4,0.0,81,32
2026-05-21 10:00:46,2026-05-21,2,乒乓球厅-2号,16:00-17:00,0,1,可预约,￥5.0,多云,19,17,4,0.0,79,32
2026-05-21 10:10:40,2026-05-21,2,乒乓球厅-2号,16:00-17:00,0,1,可预约,￥5.0,多云,19,17,4,0.0,79,32
2026-05-21 10:20:38,2026-05-21,2,乒乓球厅-2号,16:00-17:00,0,1,可预约,￥5.0,多云,19,17,4,0.0,79,32
2026-05-21 10:30:41,2026-05-21,2,乒乓球厅-2号,16:00-17:00,0,1,可预约,￥5.0,多云,19,18,3,0.0,78,31
2026-05-21 11:00:44,2026-05-21,2,乒乓球厅-2号,16:00-17:00,0,1,可预约,￥5.0,多云,21,17,5,0.0,74,31
2026-05-21 11:30:38,2026-05-21,2,乒乓球厅-2号,16:00-17:00,0,1,可预约,￥5.0,多云,21,19,3,0.0,72,33
2026-05-21 12:00:46,2026-05-21,2,乒乓球厅-2号,16:00-17:00,0,1,可预约,￥5.0,多云,22,19,4,0.0,70,33
2026-05-21 12:30:42,2026-05-21,2,乒乓球厅-2号,16:00-17:00,0,1,可预约,￥5.0,多云,22,21,3,0.0,68,35
2026-05-21 13:00:43,2026-05-21,2,乒乓球厅-2号,16:00-17:00,0,1,可预约,￥5.0,多云,24,22,4,0.0,66,35
2026-05-21 13:30:43,2026-05-21,2,乒乓球厅-2号,16:00-17:00,0,1,可预约,￥5.0,多云,24,22,4,0.0,66,36
2026-05-21 14:00:48,2026-05-21,2,乒乓球厅-2号,16:00-17:00,0,1,可预约,￥5.0,多云,25,23,4,0.0,66,36
2026-05-21 14:30:45,2026-05-21,2,乒乓球厅-2号,16:00-17:00,0,1,可预约,￥5.0,晴,25,25,3,0.0,65,39
2026-05-21 15:00:45,2026-05-21,2,乒乓球厅-2号,16:00-17:00,0,1,可预约,￥5.0,晴,25,22,4,0.0,56,39
2026-05-21 15:30:43,2026-05-21,2,乒乓球厅-2号,16:00-17:00,0,1,可预约,￥5.0,晴,25,23,4,0.0,57,40
2026-05-21 16:00:51,2026-05-21,2,乒乓球厅-2号,16:00-17:00,0,1,可预约,￥5.0,晴,25,23,4,0.0,57,40
2026-05-21 16:30:48,2026-05-21,2,乒乓球厅-2号,16:00-17:00,0,1,可预约,￥5.0,晴,25,24,3,0.0,60,39
2026-05-21 17:00:49,2026-05-21,2,乒乓球厅-2号,16:00-17:00,0,1,不开放/已过期,,晴,25,24,4,0.0,61,39
2026-05-21 17:30:47,2026-05-21,2,乒乓球厅-2号,16:00-17:00,0,1,不开放/已过期,,多云,24,23,3,0.0,64,39
2026-05-21 18:00:50,2026-05-21,2,乒乓球厅-2号,16:00-17:00,0,1,不开放/已过期,,多云,24,23,3,0.0,68,39
2026-05-21 18:30:50,2026-05-21,2,乒乓球厅-2号,16:00-17:00,0,1,不开放/已过期,,阴,24,25,2,0.0,68,40
2026-05-21 19:00:50,2026-05-21,2,乒乓球厅-2号,16:00-17:00,0,1,不开放/已过期,,阴,23,23,3,0.0,76,40
2026-05-21 19:30:46,2026-05-21,2,乒乓球厅-2号,16:00-17:00,0,1,不开放/已过期,,阴,23,24,2,0.0,77,39
2026-05-21 20:00:49,2026-05-21,2,乒乓球厅-2号,16:00-17:00,0,1,不开放/已过期,,雾,22,23,2,0.0,89,39
2026-05-21 20:30:44,2026-05-21,2,乒乓球厅-2号,16:00-17:00,0,1,不开放/已过期,,雾,22,24,2,0.0,93,43
2026-05-21 21:00:56,2026-05-21,2,乒乓球厅-2号,16:00-17:00,0,1,不开放/已过期,,雾,20,21,2,0.0,98,43
2026-05-21 21:30:46,2026-05-21,2,乒乓球厅-2号,16:00-17:00,0,1,不开放/已过期,,雾,20,22,1,0.0,99,41
2026-05-21 22:01:02,2026-05-21,2,乒乓球厅-2号,16:00-17:00,0,1,不开放/已过期,,雾,19,20,2,0.0,93,41
2026-05-21 22:30:47,2026-05-21,2,乒乓球厅-2号,16:00-17:00,0,1,不开放/已过期,,雾,19,19,3,0.0,88,46
2026-05-21 23:00:56,2026-05-21,2,乒乓球厅-2号,16:00-17:00,0,1,不开放/已过期,,多云,18,17,3,0.0,85,46
2026-05-21 23:30:55,2026-05-21,2,乒乓球厅-2号,16:00-17:00,0,1,不开放/已过期,,多云,18,17,3,0.0,85,48
2026-05-21 00:30:49,2026-05-21,2,乒乓球厅-2号,17:00-18:00,0,1,可预约,￥5.0,多云,15,13,3,0.0,100,26
2026-05-21 01:00:55,2026-05-21,2,乒乓球厅-2号,17:00-18:00,0,1,可预约,￥5.0,多云,15,12,4,0.0,100,26
2026-05-21 01:30:47,2026-05-21,2,乒乓球厅-2号,17:00-18:00,0,1,可预约,￥5.0,多云,15,13,4,0.0,100,28
2026-05-21 02:00:53,2026-05-21,2,乒乓球厅-2号,17:00-18:00,0,1,可预约,￥5.0,多云,15,12,4,0.0,100,28
2026-05-21 02:30:49,2026-05-21,2,乒乓球厅-2号,17:00-18:00,0,1,可预约,￥5.0,多云,15,14,3,0.0,100,29
2026-05-21 03:00:55,2026-05-21,2,乒乓球厅-2号,17:00-18:00,0,1,可预约,￥5.0,多云,15,12,4,0.0,100,29
2026-05-21 03:30:49,2026-05-21,2,乒乓球厅-2号,17:00-18:00,0,1,可预约,￥5.0,多云,15,14,3,0.0,100,30
2026-05-21 04:30:45,2026-05-21,2,乒乓球厅-2号,17:00-18:00,0,1,可预约,￥5.0,多云,15,12,4,0.0,100,29
2026-05-21 05:00:52,2026-05-21,2,乒乓球厅-2号,17:00-18:00,0,1,可预约,￥5.0,多云,15,12,4,0.0,100,29
2026-05-21 05:30:49,2026-05-21,2,乒乓球厅-2号,17:00-18:00,0,1,可预约,￥5.0,多云,15,13,3,0.0,100,28
2026-05-21 06:00:50,2026-05-21,2,乒乓球厅-2号,17:00-18:00,0,1,可预约,￥5.0,多云,15,13,4,0.0,99,28
2026-05-21 06:30:38,2026-05-21,2,乒乓球厅-2号,17:00-18:00,0,1,可预约,￥5.0,多云,15,13,3,0.0,97,28
2026-05-21 07:00:43,2026-05-21,2,乒乓球厅-2号,17:00-18:00,0,1,可预约,￥5.0,晴,15,11,5,0.0,93,28
2026-05-21 07:30:39,2026-05-21,2,乒乓球厅-2号,17:00-18:00,0,1,可预约,￥5.0,晴,17,13,4,0.0,89,29
2026-05-21 07:50:40,2026-05-21,2,乒乓球厅-2号,17:00-18:00,0,1,可预约,￥5.0,晴,17,13,4,0.0,88,29
2026-05-21 07:53:31,2026-05-21,2,乒乓球厅-2号,17:00-18:00,0,1,可预约,￥5.0,晴,17,12,5,0.0,86,29
2026-05-21 07:56:31,2026-05-21,2,乒乓球厅-2号,17:00-18:00,0,1,可预约,￥5.0,晴,17,12,5,0.0,86,29
2026-05-21 07:59:26,2026-05-21,2,乒乓球厅-2号,17:00-18:00,0,1,可预约,￥5.0,晴,17,12,5,0.0,86,29
2026-05-21 08:00:45,2026-05-21,2,乒乓球厅-2号,17:00-18:00,0,1,可预约,￥5.0,晴,17,12,5,0.0,86,29
2026-05-21 08:02:30,2026-05-21,2,乒乓球厅-2号,17:00-18:00,0,1,可预约,￥5.0,多云,17,12,5,0.0,87,29
2026-05-21 08:05:36,2026-05-21,2,乒乓球厅-2号,17:00-18:00,0,1,可预约,￥5.0,多云,17,12,5,0.0,86,29
2026-05-21 08:08:31,2026-05-21,2,乒乓球厅-2号,17:00-18:00,0,1,可预约,￥5.0,多云,17,12,5,0.0,86,29
2026-05-21 08:11:30,2026-05-21,2,乒乓球厅-2号,17:00-18:00,0,1,可预约,￥5.0,多云,17,12,5,0.0,86,29
2026-05-21 08:14:31,2026-05-21,2,乒乓球厅-2号,17:00-18:00,0,1,可预约,￥5.0,多云,17,12,5,0.0,86,29
2026-05-21 08:17:30,2026-05-21,2,乒乓球厅-2号,17:00-18:00,0,1,可预约,￥5.0,多云,17,12,5,0.0,86,29
2026-05-21 08:20:35,2026-05-21,2,乒乓球厅-2号,17:00-18:00,0,1,可预约,￥5.0,多云,17,14,4,0.0,85,29
2026-05-21 08:25:32,2026-05-21,2,乒乓球厅-2号,17:00-18:00,0,1,可预约,￥5.0,多云,17,14,4,0.0,85,28
2026-05-21 08:30:42,2026-05-21,2,乒乓球厅-2号,17:00-18:00,0,1,可预约,￥5.0,多云,18,15,4,0.0,84,28
2026-05-21 08:35:31,2026-05-21,2,乒乓球厅-2号,17:00-18:00,0,1,可预约,￥5.0,多云,18,15,4,0.0,84,28
2026-05-21 08:40:38,2026-05-21,2,乒乓球厅-2号,17:00-18:00,0,1,可预约,￥5.0,多云,18,15,4,0.0,82,28
2026-05-21 08:45:33,2026-05-21,2,乒乓球厅-2号,17:00-18:00,0,1,可预约,￥5.0,多云,18,15,4,0.0,82,28
2026-05-21 08:50:36,2026-05-21,2,乒乓球厅-2号,17:00-18:00,0,1,可预约,￥5.0,多云,18,15,4,0.0,82,28
2026-05-21 08:55:34,2026-05-21,2,乒乓球厅-2号,17:00-18:00,0,1,可预约,￥5.0,多云,18,15,4,0.0,84,28
2026-05-21 09:00:51,2026-05-21,2,乒乓球厅-2号,17:00-18:00,0,1,可预约,￥5.0,多云,18,15,4,0.0,84,28
2026-05-21 09:01:59,2026-05-21,2,乒乓球厅-2号,17:00-18:00,0,1,可预约,￥5.0,多云,18,15,4,0.0,83,28
2026-05-21 09:05:33,2026-05-21,2,乒乓球厅-2号,17:00-18:00,0,1,可预约,￥5.0,多云,18,15,4,0.0,83,28
2026-05-21 09:20:38,2026-05-21,2,乒乓球厅-2号,17:00-18:00,0,1,可预约,￥5.0,多云,18,16,3,0.0,81,28
2026-05-21 09:30:46,2026-05-21,2,乒乓球厅-2号,17:00-18:00,0,1,可预约,￥5.0,多云,18,16,3,0.0,81,32
2026-05-21 09:40:36,2026-05-21,2,乒乓球厅-2号,17:00-18:00,0,1,可预约,￥5.0,多云,19,17,3,0.0,79,32
2026-05-21 09:50:42,2026-05-21,2,乒乓球厅-2号,17:00-18:00,0,1,可预约,￥5.0,多云,19,17,4,0.0,81,32
2026-05-21 10:00:46,2026-05-21,2,乒乓球厅-2号,17:00-18:00,0,1,可预约,￥5.0,多云,19,17,4,0.0,79,32
2026-05-21 10:10:40,2026-05-21,2,乒乓球厅-2号,17:00-18:00,0,1,可预约,￥5.0,多云,19,17,4,0.0,79,32
2026-05-21 10:20:38,2026-05-21,2,乒乓球厅-2号,17:00-18:00,0,1,可预约,￥5.0,多云,19,17,4,0.0,79,32
2026-05-21 10:30:41,2026-05-21,2,乒乓球厅-2号,17:00-18:00,0,1,可预约,￥5.0,多云,19,18,3,0.0,78,31
2026-05-21 11:00:44,2026-05-21,2,乒乓球厅-2号,17:00-18:00,0,1,可预约,￥5.0,多云,21,17,5,0.0,74,31
2026-05-21 11:30:38,2026-05-21,2,乒乓球厅-2号,17:00-18:00,0,1,可预约,￥5.0,多云,21,19,3,0.0,72,33
2026-05-21 12:00:46,2026-05-21,2,乒乓球厅-2号,17:00-18:00,0,1,可预约,￥5.0,多云,22,19,4,0.0,70,33
2026-05-21 12:30:42,2026-05-21,2,乒乓球厅-2号,17:00-18:00,0,1,可预约,￥5.0,多云,22,21,3,0.0,68,35
2026-05-21 13:00:43,2026-05-21,2,乒乓球厅-2号,17:00-18:00,0,1,可预约,￥5.0,多云,24,22,4,0.0,66,35
2026-05-21 13:30:43,2026-05-21,2,乒乓球厅-2号,17:00-18:00,0,1,可预约,￥5.0,多云,24,22,4,0.0,66,36
2026-05-21 14:00:48,2026-05-21,2,乒乓球厅-2号,17:00-18:00,0,1,可预约,￥5.0,多云,25,23,4,0.0,66,36
2026-05-21 14:30:45,2026-05-21,2,乒乓球厅-2号,17:00-18:00,0,1,可预约,￥5.0,晴,25,25,3,0.0,65,39
2026-05-21 15:00:45,2026-05-21,2,乒乓球厅-2号,17:00-18:00,0,1,可预约,￥5.0,晴,25,22,4,0.0,56,39
2026-05-21 15:30:43,2026-05-21,2,乒乓球厅-2号,17:00-18:00,0,1,可预约,￥5.0,晴,25,23,4,0.0,57,40
2026-05-21 16:00:51,2026-05-21,2,乒乓球厅-2号,17:00-18:00,0,1,可预约,￥5.0,晴,25,23,4,0.0,57,40
2026-05-21 16:30:48,2026-05-21,2,乒乓球厅-2号,17:00-18:00,0,1,可预约,￥5.0,晴,25,24,3,0.0,60,39
2026-05-21 17:00:49,2026-05-21,2,乒乓球厅-2号,17:00-18:00,0,1,可预约,￥5.0,晴,25,24,4,0.0,61,39
2026-05-21 17:30:47,2026-05-21,2,乒乓球厅-2号,17:00-18:00,0,1,可预约,￥5.0,多云,24,23,3,0.0,64,39
2026-05-21 18:00:50,2026-05-21,2,乒乓球厅-2号,17:00-18:00,0,1,不开放/已过期,,多云,24,23,3,0.0,68,39
2026-05-21 18:30:50,2026-05-21,2,乒乓球厅-2号,17:00-18:00,0,1,不开放/已过期,,阴,24,25,2,0.0,68,40
2026-05-21 19:00:50,2026-05-21,2,乒乓球厅-2号,17:00-18:00,0,1,不开放/已过期,,阴,23,23,3,0.0,76,40
2026-05-21 19:30:46,2026-05-21,2,乒乓球厅-2号,17:00-18:00,0,1,不开放/已过期,,阴,23,24,2,0.0,77,39
2026-05-21 20:00:49,2026-05-21,2,乒乓球厅-2号,17:00-18:00,0,1,不开放/已过期,,雾,22,23,2,0.0,89,39
2026-05-21 20:30:44,2026-05-21,2,乒乓球厅-2号,17:00-18:00,0,1,不开放/已过期,,雾,22,24,2,0.0,93,43
2026-05-21 21:00:56,2026-05-21,2,乒乓球厅-2号,17:00-18:00,0,1,不开放/已过期,,雾,20,21,2,0.0,98,43
2026-05-21 21:30:46,2026-05-21,2,乒乓球厅-2号,17:00-18:00,0,1,不开放/已过期,,雾,20,22,1,0.0,99,41
2026-05-21 22:01:02,2026-05-21,2,乒乓球厅-2号,17:00-18:00,0,1,不开放/已过期,,雾,19,20,2,0.0,93,41
2026-05-21 22:30:47,2026-05-21,2,乒乓球厅-2号,17:00-18:00,0,1,不开放/已过期,,雾,19,19,3,0.0,88,46
2026-05-21 23:00:56,2026-05-21,2,乒乓球厅-2号,17:00-18:00,0,1,不开放/已过期,,多云,18,17,3,0.0,85,46
2026-05-21 23:30:55,2026-05-21,2,乒乓球厅-2号,17:00-18:00,0,1,不开放/已过期,,多云,18,17,3,0.0,85,48
2026-05-21 00:30:49,2026-05-21,2,乒乓球厅-2号,18:30-19:30,0,1,可预约,￥5.0,多云,15,13,3,0.0,100,26
2026-05-21 01:00:55,2026-05-21,2,乒乓球厅-2号,18:30-19:30,0,1,可预约,￥5.0,多云,15,12,4,0.0,100,26
2026-05-21 01:30:47,2026-05-21,2,乒乓球厅-2号,18:30-19:30,0,1,可预约,￥5.0,多云,15,13,4,0.0,100,28
2026-05-21 02:00:53,2026-05-21,2,乒乓球厅-2号,18:30-19:30,0,1,可预约,￥5.0,多云,15,12,4,0.0,100,28
2026-05-21 02:30:49,2026-05-21,2,乒乓球厅-2号,18:30-19:30,0,1,可预约,￥5.0,多云,15,14,3,0.0,100,29
2026-05-21 03:00:55,2026-05-21,2,乒乓球厅-2号,18:30-19:30,0,1,可预约,￥5.0,多云,15,12,4,0.0,100,29
2026-05-21 03:30:49,2026-05-21,2,乒乓球厅-2号,18:30-19:30,0,1,可预约,￥5.0,多云,15,14,3,0.0,100,30
2026-05-21 04:30:45,2026-05-21,2,乒乓球厅-2号,18:30-19:30,0,1,可预约,￥5.0,多云,15,12,4,0.0,100,29
2026-05-21 05:00:52,2026-05-21,2,乒乓球厅-2号,18:30-19:30,0,1,可预约,￥5.0,多云,15,12,4,0.0,100,29
2026-05-21 05:30:49,2026-05-21,2,乒乓球厅-2号,18:30-19:30,0,1,可预约,￥5.0,多云,15,13,3,0.0,100,28
2026-05-21 06:00:50,2026-05-21,2,乒乓球厅-2号,18:30-19:30,0,1,可预约,￥5.0,多云,15,13,4,0.0,99,28
2026-05-21 06:30:38,2026-05-21,2,乒乓球厅-2号,18:30-19:30,0,1,可预约,￥5.0,多云,15,13,3,0.0,97,28
2026-05-21 07:00:43,2026-05-21,2,乒乓球厅-2号,18:30-19:30,0,1,可预约,￥5.0,晴,15,11,5,0.0,93,28
2026-05-21 07:30:39,2026-05-21,2,乒乓球厅-2号,18:30-19:30,0,1,可预约,￥5.0,晴,17,13,4,0.0,89,29
2026-05-21 07:50:40,2026-05-21,2,乒乓球厅-2号,18:30-19:30,0,1,可预约,￥5.0,晴,17,13,4,0.0,88,29
2026-05-21 07:53:31,2026-05-21,2,乒乓球厅-2号,18:30-19:30,0,1,可预约,￥5.0,晴,17,12,5,0.0,86,29
2026-05-21 07:56:31,2026-05-21,2,乒乓球厅-2号,18:30-19:30,0,1,可预约,￥5.0,晴,17,12,5,0.0,86,29
2026-05-21 07:59:26,2026-05-21,2,乒乓球厅-2号,18:30-19:30,0,1,可预约,￥5.0,晴,17,12,5,0.0,86,29
2026-05-21 08:00:45,2026-05-21,2,乒乓球厅-2号,18:30-19:30,0,1,可预约,￥5.0,晴,17,12,5,0.0,86,29
2026-05-21 08:02:30,2026-05-21,2,乒乓球厅-2号,18:30-19:30,0,1,可预约,￥5.0,多云,17,12,5,0.0,87,29
2026-05-21 08:05:36,2026-05-21,2,乒乓球厅-2号,18:30-19:30,0,1,可预约,￥5.0,多云,17,12,5,0.0,86,29
2026-05-21 08:08:31,2026-05-21,2,乒乓球厅-2号,18:30-19:30,0,1,可预约,￥5.0,多云,17,12,5,0.0,86,29
2026-05-21 08:11:30,2026-05-21,2,乒乓球厅-2号,18:30-19:30,0,1,可预约,￥5.0,多云,17,12,5,0.0,86,29
2026-05-21 08:14:31,2026-05-21,2,乒乓球厅-2号,18:30-19:30,0,1,可预约,￥5.0,多云,17,12,5,0.0,86,29
2026-05-21 08:17:30,2026-05-21,2,乒乓球厅-2号,18:30-19:30,0,1,可预约,￥5.0,多云,17,12,5,0.0,86,29
2026-05-21 08:20:35,2026-05-21,2,乒乓球厅-2号,18:30-19:30,0,1,可预约,￥5.0,多云,17,14,4,0.0,85,29
2026-05-21 08:25:32,2026-05-21,2,乒乓球厅-2号,18:30-19:30,0,1,可预约,￥5.0,多云,17,14,4,0.0,85,28
2026-05-21 08:30:42,2026-05-21,2,乒乓球厅-2号,18:30-19:30,0,1,可预约,￥5.0,多云,18,15,4,0.0,84,28
2026-05-21 08:35:31,2026-05-21,2,乒乓球厅-2号,18:30-19:30,0,1,可预约,￥5.0,多云,18,15,4,0.0,84,28
2026-05-21 08:40:38,2026-05-21,2,乒乓球厅-2号,18:30-19:30,0,1,可预约,￥5.0,多云,18,15,4,0.0,82,28
2026-05-21 08:45:33,2026-05-21,2,乒乓球厅-2号,18:30-19:30,0,1,可预约,￥5.0,多云,18,15,4,0.0,82,28
2026-05-21 08:50:36,2026-05-21,2,乒乓球厅-2号,18:30-19:30,0,1,可预约,￥5.0,多云,18,15,4,0.0,82,28
2026-05-21 08:55:34,2026-05-21,2,乒乓球厅-2号,18:30-19:30,0,1,可预约,￥5.0,多云,18,15,4,0.0,84,28
2026-05-21 09:00:51,2026-05-21,2,乒乓球厅-2号,18:30-19:30,0,1,可预约,￥5.0,多云,18,15,4,0.0,84,28
2026-05-21 09:01:59,2026-05-21,2,乒乓球厅-2号,18:30-19:30,0,1,可预约,￥5.0,多云,18,15,4,0.0,83,28
2026-05-21 09:05:33,2026-05-21,2,乒乓球厅-2号,18:30-19:30,0,1,可预约,￥5.0,多云,18,15,4,0.0,83,28
2026-05-21 09:20:38,2026-05-21,2,乒乓球厅-2号,18:30-19:30,0,1,可预约,￥5.0,多云,18,16,3,0.0,81,28
2026-05-21 09:30:46,2026-05-21,2,乒乓球厅-2号,18:30-19:30,0,1,可预约,￥5.0,多云,18,16,3,0.0,81,32
2026-05-21 09:40:36,2026-05-21,2,乒乓球厅-2号,18:30-19:30,0,1,可预约,￥5.0,多云,19,17,3,0.0,79,32
2026-05-21 09:50:42,2026-05-21,2,乒乓球厅-2号,18:30-19:30,0,1,可预约,￥5.0,多云,19,17,4,0.0,81,32
2026-05-21 10:00:46,2026-05-21,2,乒乓球厅-2号,18:30-19:30,0,1,可预约,￥5.0,多云,19,17,4,0.0,79,32
2026-05-21 10:10:40,2026-05-21,2,乒乓球厅-2号,18:30-19:30,0,1,可预约,￥5.0,多云,19,17,4,0.0,79,32
2026-05-21 10:20:38,2026-05-21,2,乒乓球厅-2号,18:30-19:30,0,1,可预约,￥5.0,多云,19,17,4,0.0,79,32
2026-05-21 10:30:41,2026-05-21,2,乒乓球厅-2号,18:30-19:30,0,1,可预约,￥5.0,多云,19,18,3,0.0,78,31
2026-05-21 11:00:44,2026-05-21,2,乒乓球厅-2号,18:30-19:30,0,1,可预约,￥5.0,多云,21,17,5,0.0,74,31
2026-05-21 11:30:38,2026-05-21,2,乒乓球厅-2号,18:30-19:30,0,1,可预约,￥5.0,多云,21,19,3,0.0,72,33
2026-05-21 12:00:46,2026-05-21,2,乒乓球厅-2号,18:30-19:30,0,1,可预约,￥5.0,多云,22,19,4,0.0,70,33
2026-05-21 12:30:42,2026-05-21,2,乒乓球厅-2号,18:30-19:30,0,1,可预约,￥5.0,多云,22,21,3,0.0,68,35
2026-05-21 13:00:43,2026-05-21,2,乒乓球厅-2号,18:30-19:30,0,1,可预约,￥5.0,多云,24,22,4,0.0,66,35
2026-05-21 13:30:43,2026-05-21,2,乒乓球厅-2号,18:30-19:30,0,1,可预约,￥5.0,多云,24,22,4,0.0,66,36
2026-05-21 14:00:48,2026-05-21,2,乒乓球厅-2号,18:30-19:30,0,1,可预约,￥5.0,多云,25,23,4,0.0,66,36
2026-05-21 14:30:45,2026-05-21,2,乒乓球厅-2号,18:30-19:30,0,1,可预约,￥5.0,晴,25,25,3,0.0,65,39
2026-05-21 15:00:45,2026-05-21,2,乒乓球厅-2号,18:30-19:30,0,1,可预约,￥5.0,晴,25,22,4,0.0,56,39
2026-05-21 15:30:43,2026-05-21,2,乒乓球厅-2号,18:30-19:30,0,1,可预约,￥5.0,晴,25,23,4,0.0,57,40
2026-05-21 16:00:51,2026-05-21,2,乒乓球厅-2号,18:30-19:30,0,1,可预约,￥5.0,晴,25,23,4,0.0,57,40
2026-05-21 16:30:48,2026-05-21,2,乒乓球厅-2号,18:30-19:30,0,1,可预约,￥5.0,晴,25,24,3,0.0,60,39
2026-05-21 17:00:49,2026-05-21,2,乒乓球厅-2号,18:30-19:30,0,1,可预约,￥5.0,晴,25,24,4,0.0,61,39
2026-05-21 17:30:47,2026-05-21,2,乒乓球厅-2号,18:30-19:30,0,1,可预约,￥5.0,多云,24,23,3,0.0,64,39
2026-05-21 18:00:50,2026-05-21,2,乒乓球厅-2号,18:30-19:30,0,1,可预约,￥5.0,多云,24,23,3,0.0,68,39
2026-05-21 18:30:50,2026-05-21,2,乒乓球厅-2号,18:30-19:30,0,1,可预约,￥5.0,阴,24,25,2,0.0,68,40
2026-05-21 19:00:50,2026-05-21,2,乒乓球厅-2号,18:30-19:30,0,1,可预约,￥5.0,阴,23,23,3,0.0,76,40
2026-05-21 19:30:46,2026-05-21,2,乒乓球厅-2号,18:30-19:30,0,1,不开放/已过期,,阴,23,24,2,0.0,77,39
2026-05-21 20:00:49,2026-05-21,2,乒乓球厅-2号,18:30-19:30,0,1,不开放/已过期,,雾,22,23,2,0.0,89,39
2026-05-21 20:30:44,2026-05-21,2,乒乓球厅-2号,18:30-19:30,0,1,不开放/已过期,,雾,22,24,2,0.0,93,43
2026-05-21 21:00:56,2026-05-21,2,乒乓球厅-2号,18:30-19:30,0,1,不开放/已过期,,雾,20,21,2,0.0,98,43
2026-05-21 21:30:46,2026-05-21,2,乒乓球厅-2号,18:30-19:30,0,1,不开放/已过期,,雾,20,22,1,0.0,99,41
2026-05-21 22:01:02,2026-05-21,2,乒乓球厅-2号,18:30-19:30,0,1,不开放/已过期,,雾,19,20,2,0.0,93,41
2026-05-21 22:30:47,2026-05-21,2,乒乓球厅-2号,18:30-19:30,0,1,不开放/已过期,,雾,19,19,3,0.0,88,46
2026-05-21 23:00:56,2026-05-21,2,乒乓球厅-2号,18:30-19:30,0,1,不开放/已过期,,多云,18,17,3,0.0,85,46
2026-05-21 23:30:55,2026-05-21,2,乒乓球厅-2号,18:30-19:30,0,1,不开放/已过期,,多云,18,17,3,0.0,85,48
2026-05-21 00:30:49,2026-05-21,2,乒乓球厅-2号,19:30-20:30,0,1,可预约,￥5.0,多云,15,13,3,0.0,100,26
2026-05-21 01:00:55,2026-05-21,2,乒乓球厅-2号,19:30-20:30,0,1,可预约,￥5.0,多云,15,12,4,0.0,100,26
2026-05-21 01:30:47,2026-05-21,2,乒乓球厅-2号,19:30-20:30,0,1,可预约,￥5.0,多云,15,13,4,0.0,100,28
2026-05-21 02:00:53,2026-05-21,2,乒乓球厅-2号,19:30-20:30,0,1,可预约,￥5.0,多云,15,12,4,0.0,100,28
2026-05-21 02:30:49,2026-05-21,2,乒乓球厅-2号,19:30-20:30,0,1,可预约,￥5.0,多云,15,14,3,0.0,100,29
2026-05-21 03:00:55,2026-05-21,2,乒乓球厅-2号,19:30-20:30,0,1,可预约,￥5.0,多云,15,12,4,0.0,100,29
2026-05-21 03:30:49,2026-05-21,2,乒乓球厅-2号,19:30-20:30,0,1,可预约,￥5.0,多云,15,14,3,0.0,100,30
2026-05-21 04:30:45,2026-05-21,2,乒乓球厅-2号,19:30-20:30,0,1,可预约,￥5.0,多云,15,12,4,0.0,100,29
2026-05-21 05:00:52,2026-05-21,2,乒乓球厅-2号,19:30-20:30,0,1,可预约,￥5.0,多云,15,12,4,0.0,100,29
2026-05-21 05:30:49,2026-05-21,2,乒乓球厅-2号,19:30-20:30,0,1,可预约,￥5.0,多云,15,13,3,0.0,100,28
2026-05-21 06:00:50,2026-05-21,2,乒乓球厅-2号,19:30-20:30,0,1,可预约,￥5.0,多云,15,13,4,0.0,99,28
2026-05-21 06:30:38,2026-05-21,2,乒乓球厅-2号,19:30-20:30,0,1,可预约,￥5.0,多云,15,13,3,0.0,97,28
2026-05-21 07:00:43,2026-05-21,2,乒乓球厅-2号,19:30-20:30,0,1,可预约,￥5.0,晴,15,11,5,0.0,93,28
2026-05-21 07:30:39,2026-05-21,2,乒乓球厅-2号,19:30-20:30,0,1,可预约,￥5.0,晴,17,13,4,0.0,89,29
2026-05-21 07:50:40,2026-05-21,2,乒乓球厅-2号,19:30-20:30,0,1,可预约,￥5.0,晴,17,13,4,0.0,88,29
2026-05-21 07:53:31,2026-05-21,2,乒乓球厅-2号,19:30-20:30,0,1,可预约,￥5.0,晴,17,12,5,0.0,86,29
2026-05-21 07:56:31,2026-05-21,2,乒乓球厅-2号,19:30-20:30,0,1,可预约,￥5.0,晴,17,12,5,0.0,86,29
2026-05-21 07:59:26,2026-05-21,2,乒乓球厅-2号,19:30-20:30,0,1,可预约,￥5.0,晴,17,12,5,0.0,86,29
2026-05-21 08:00:45,2026-05-21,2,乒乓球厅-2号,19:30-20:30,0,1,可预约,￥5.0,晴,17,12,5,0.0,86,29
2026-05-21 08:02:30,2026-05-21,2,乒乓球厅-2号,19:30-20:30,0,1,可预约,￥5.0,多云,17,12,5,0.0,87,29
2026-05-21 08:05:36,2026-05-21,2,乒乓球厅-2号,19:30-20:30,0,1,可预约,￥5.0,多云,17,12,5,0.0,86,29
2026-05-21 08:08:31,2026-05-21,2,乒乓球厅-2号,19:30-20:30,0,1,可预约,￥5.0,多云,17,12,5,0.0,86,29
2026-05-21 08:11:30,2026-05-21,2,乒乓球厅-2号,19:30-20:30,0,1,可预约,￥5.0,多云,17,12,5,0.0,86,29
2026-05-21 08:14:31,2026-05-21,2,乒乓球厅-2号,19:30-20:30,0,1,可预约,￥5.0,多云,17,12,5,0.0,86,29
2026-05-21 08:17:30,2026-05-21,2,乒乓球厅-2号,19:30-20:30,0,1,可预约,￥5.0,多云,17,12,5,0.0,86,29
2026-05-21 08:20:35,2026-05-21,2,乒乓球厅-2号,19:30-20:30,0,1,可预约,￥5.0,多云,17,14,4,0.0,85,29
2026-05-21 08:25:32,2026-05-21,2,乒乓球厅-2号,19:30-20:30,0,1,可预约,￥5.0,多云,17,14,4,0.0,85,28
2026-05-21 08:30:42,2026-05-21,2,乒乓球厅-2号,19:30-20:30,0,1,可预约,￥5.0,多云,18,15,4,0.0,84,28
2026-05-21 08:35:31,2026-05-21,2,乒乓球厅-2号,19:30-20:30,0,1,可预约,￥5.0,多云,18,15,4,0.0,84,28
2026-05-21 08:40:38,2026-05-21,2,乒乓球厅-2号,19:30-20:30,0,1,可预约,￥5.0,多云,18,15,4,0.0,82,28
2026-05-21 08:45:33,2026-05-21,2,乒乓球厅-2号,19:30-20:30,0,1,可预约,￥5.0,多云,18,15,4,0.0,82,28
2026-05-21 08:50:36,2026-05-21,2,乒乓球厅-2号,19:30-20:30,0,1,可预约,￥5.0,多云,18,15,4,0.0,82,28
2026-05-21 08:55:34,2026-05-21,2,乒乓球厅-2号,19:30-20:30,0,1,可预约,￥5.0,多云,18,15,4,0.0,84,28
2026-05-21 09:00:51,2026-05-21,2,乒乓球厅-2号,19:30-20:30,0,1,可预约,￥5.0,多云,18,15,4,0.0,84,28
2026-05-21 09:01:59,2026-05-21,2,乒乓球厅-2号,19:30-20:30,0,1,可预约,￥5.0,多云,18,15,4,0.0,83,28
2026-05-21 09:05:33,2026-05-21,2,乒乓球厅-2号,19:30-20:30,0,1,可预约,￥5.0,多云,18,15,4,0.0,83,28
2026-05-21 09:20:38,2026-05-21,2,乒乓球厅-2号,19:30-20:30,0,1,可预约,￥5.0,多云,18,16,3,0.0,81,28
2026-05-21 09:30:46,2026-05-21,2,乒乓球厅-2号,19:30-20:30,0,1,可预约,￥5.0,多云,18,16,3,0.0,81,32
2026-05-21 09:40:36,2026-05-21,2,乒乓球厅-2号,19:30-20:30,0,1,可预约,￥5.0,多云,19,17,3,0.0,79,32
2026-05-21 09:50:42,2026-05-21,2,乒乓球厅-2号,19:30-20:30,0,1,可预约,￥5.0,多云,19,17,4,0.0,81,32
2026-05-21 10:00:46,2026-05-21,2,乒乓球厅-2号,19:30-20:30,0,1,可预约,￥5.0,多云,19,17,4,0.0,79,32
2026-05-21 10:10:40,2026-05-21,2,乒乓球厅-2号,19:30-20:30,0,1,可预约,￥5.0,多云,19,17,4,0.0,79,32
2026-05-21 10:20:38,2026-05-21,2,乒乓球厅-2号,19:30-20:30,0,1,可预约,￥5.0,多云,19,17,4,0.0,79,32
2026-05-21 10:30:41,2026-05-21,2,乒乓球厅-2号,19:30-20:30,0,1,可预约,￥5.0,多云,19,18,3,0.0,78,31
2026-05-21 11:00:44,2026-05-21,2,乒乓球厅-2号,19:30-20:30,0,1,可预约,￥5.0,多云,21,17,5,0.0,74,31
2026-05-21 11:30:38,2026-05-21,2,乒乓球厅-2号,19:30-20:30,0,1,可预约,￥5.0,多云,21,19,3,0.0,72,33
2026-05-21 12:00:46,2026-05-21,2,乒乓球厅-2号,19:30-20:30,0,1,可预约,￥5.0,多云,22,19,4,0.0,70,33
2026-05-21 12:30:42,2026-05-21,2,乒乓球厅-2号,19:30-20:30,0,1,可预约,￥5.0,多云,22,21,3,0.0,68,35
2026-05-21 13:00:43,2026-05-21,2,乒乓球厅-2号,19:30-20:30,0,1,可预约,￥5.0,多云,24,22,4,0.0,66,35
2026-05-21 13:30:43,2026-05-21,2,乒乓球厅-2号,19:30-20:30,0,1,可预约,￥5.0,多云,24,22,4,0.0,66,36
2026-05-21 14:00:48,2026-05-21,2,乒乓球厅-2号,19:30-20:30,0,1,可预约,￥5.0,多云,25,23,4,0.0,66,36
2026-05-21 14:30:45,2026-05-21,2,乒乓球厅-2号,19:30-20:30,0,1,可预约,￥5.0,晴,25,25,3,0.0,65,39
2026-05-21 15:00:45,2026-05-21,2,乒乓球厅-2号,19:30-20:30,0,1,可预约,￥5.0,晴,25,22,4,0.0,56,39
2026-05-21 15:30:43,2026-05-21,2,乒乓球厅-2号,19:30-20:30,0,1,可预约,￥5.0,晴,25,23,4,0.0,57,40
2026-05-21 16:00:51,2026-05-21,2,乒乓球厅-2号,19:30-20:30,0,1,可预约,￥5.0,晴,25,23,4,0.0,57,40
2026-05-21 16:30:48,2026-05-21,2,乒乓球厅-2号,19:30-20:30,0,1,可预约,￥5.0,晴,25,24,3,0.0,60,39
2026-05-21 17:00:49,2026-05-21,2,乒乓球厅-2号,19:30-20:30,0,1,可预约,￥5.0,晴,25,24,4,0.0,61,39
2026-05-21 17:30:47,2026-05-21,2,乒乓球厅-2号,19:30-20:30,0,1,可预约,￥5.0,多云,24,23,3,0.0,64,39
2026-05-21 18:00:50,2026-05-21,2,乒乓球厅-2号,19:30-20:30,0,1,可预约,￥5.0,多云,24,23,3,0.0,68,39
2026-05-21 18:30:50,2026-05-21,2,乒乓球厅-2号,19:30-20:30,0,1,可预约,￥5.0,阴,24,25,2,0.0,68,40
2026-05-21 19:00:50,2026-05-21,2,乒乓球厅-2号,19:30-20:30,0,1,可预约,￥5.0,阴,23,23,3,0.0,76,40
2026-05-21 19:30:46,2026-05-21,2,乒乓球厅-2号,19:30-20:30,0,1,可预约,￥5.0,阴,23,24,2,0.0,77,39
2026-05-21 20:00:49,2026-05-21,2,乒乓球厅-2号,19:30-20:30,0,1,可预约,￥5.0,雾,22,23,2,0.0,89,39
2026-05-21 20:30:44,2026-05-21,2,乒乓球厅-2号,19:30-20:30,0,1,不开放/已过期,,雾,22,24,2,0.0,93,43
2026-05-21 21:00:56,2026-05-21,2,乒乓球厅-2号,19:30-20:30,0,1,不开放/已过期,,雾,20,21,2,0.0,98,43
2026-05-21 21:30:46,2026-05-21,2,乒乓球厅-2号,19:30-20:30,0,1,不开放/已过期,,雾,20,22,1,0.0,99,41
2026-05-21 22:01:02,2026-05-21,2,乒乓球厅-2号,19:30-20:30,0,1,不开放/已过期,,雾,19,20,2,0.0,93,41
2026-05-21 22:30:47,2026-05-21,2,乒乓球厅-2号,19:30-20:30,0,1,不开放/已过期,,雾,19,19,3,0.0,88,46
2026-05-21 23:00:56,2026-05-21,2,乒乓球厅-2号,19:30-20:30,0,1,不开放/已过期,,多云,18,17,3,0.0,85,46
2026-05-21 23:30:55,2026-05-21,2,乒乓球厅-2号,19:30-20:30,0,1,不开放/已过期,,多云,18,17,3,0.0,85,48
2026-05-21 00:30:49,2026-05-21,2,乒乓球厅-2号,20:30-21:30,0,1,可预约,￥5.0,多云,15,13,3,0.0,100,26
2026-05-21 01:00:55,2026-05-21,2,乒乓球厅-2号,20:30-21:30,0,1,可预约,￥5.0,多云,15,12,4,0.0,100,26
2026-05-21 01:30:47,2026-05-21,2,乒乓球厅-2号,20:30-21:30,0,1,可预约,￥5.0,多云,15,13,4,0.0,100,28
2026-05-21 02:00:53,2026-05-21,2,乒乓球厅-2号,20:30-21:30,0,1,可预约,￥5.0,多云,15,12,4,0.0,100,28
2026-05-21 02:30:49,2026-05-21,2,乒乓球厅-2号,20:30-21:30,0,1,可预约,￥5.0,多云,15,14,3,0.0,100,29
2026-05-21 03:00:55,2026-05-21,2,乒乓球厅-2号,20:30-21:30,0,1,可预约,￥5.0,多云,15,12,4,0.0,100,29
2026-05-21 03:30:49,2026-05-21,2,乒乓球厅-2号,20:30-21:30,0,1,可预约,￥5.0,多云,15,14,3,0.0,100,30
2026-05-21 04:30:45,2026-05-21,2,乒乓球厅-2号,20:30-21:30,0,1,可预约,￥5.0,多云,15,12,4,0.0,100,29
2026-05-21 05:00:52,2026-05-21,2,乒乓球厅-2号,20:30-21:30,0,1,可预约,￥5.0,多云,15,12,4,0.0,100,29
2026-05-21 05:30:49,2026-05-21,2,乒乓球厅-2号,20:30-21:30,0,1,可预约,￥5.0,多云,15,13,3,0.0,100,28
2026-05-21 06:00:50,2026-05-21,2,乒乓球厅-2号,20:30-21:30,0,1,可预约,￥5.0,多云,15,13,4,0.0,99,28
2026-05-21 06:30:38,2026-05-21,2,乒乓球厅-2号,20:30-21:30,0,1,可预约,￥5.0,多云,15,13,3,0.0,97,28
2026-05-21 07:00:43,2026-05-21,2,乒乓球厅-2号,20:30-21:30,0,1,可预约,￥5.0,晴,15,11,5,0.0,93,28
2026-05-21 07:30:39,2026-05-21,2,乒乓球厅-2号,20:30-21:30,0,1,可预约,￥5.0,晴,17,13,4,0.0,89,29
2026-05-21 07:50:40,2026-05-21,2,乒乓球厅-2号,20:30-21:30,0,1,可预约,￥5.0,晴,17,13,4,0.0,88,29
2026-05-21 07:53:31,2026-05-21,2,乒乓球厅-2号,20:30-21:30,0,1,可预约,￥5.0,晴,17,12,5,0.0,86,29
2026-05-21 07:56:31,2026-05-21,2,乒乓球厅-2号,20:30-21:30,0,1,可预约,￥5.0,晴,17,12,5,0.0,86,29
2026-05-21 07:59:26,2026-05-21,2,乒乓球厅-2号,20:30-21:30,0,1,可预约,￥5.0,晴,17,12,5,0.0,86,29
2026-05-21 08:00:45,2026-05-21,2,乒乓球厅-2号,20:30-21:30,0,1,可预约,￥5.0,晴,17,12,5,0.0,86,29
2026-05-21 08:02:30,2026-05-21,2,乒乓球厅-2号,20:30-21:30,0,1,可预约,￥5.0,多云,17,12,5,0.0,87,29
2026-05-21 08:05:36,2026-05-21,2,乒乓球厅-2号,20:30-21:30,0,1,可预约,￥5.0,多云,17,12,5,0.0,86,29
2026-05-21 08:08:31,2026-05-21,2,乒乓球厅-2号,20:30-21:30,0,1,可预约,￥5.0,多云,17,12,5,0.0,86,29
2026-05-21 08:11:30,2026-05-21,2,乒乓球厅-2号,20:30-21:30,0,1,可预约,￥5.0,多云,17,12,5,0.0,86,29
2026-05-21 08:14:31,2026-05-21,2,乒乓球厅-2号,20:30-21:30,0,1,可预约,￥5.0,多云,17,12,5,0.0,86,29
2026-05-21 08:17:30,2026-05-21,2,乒乓球厅-2号,20:30-21:30,0,1,可预约,￥5.0,多云,17,12,5,0.0,86,29
2026-05-21 08:20:35,2026-05-21,2,乒乓球厅-2号,20:30-21:30,0,1,可预约,￥5.0,多云,17,14,4,0.0,85,29
2026-05-21 08:25:32,2026-05-21,2,乒乓球厅-2号,20:30-21:30,0,1,可预约,￥5.0,多云,17,14,4,0.0,85,28
2026-05-21 08:30:42,2026-05-21,2,乒乓球厅-2号,20:30-21:30,0,1,可预约,￥5.0,多云,18,15,4,0.0,84,28
2026-05-21 08:35:31,2026-05-21,2,乒乓球厅-2号,20:30-21:30,0,1,可预约,￥5.0,多云,18,15,4,0.0,84,28
2026-05-21 08:40:38,2026-05-21,2,乒乓球厅-2号,20:30-21:30,0,1,可预约,￥5.0,多云,18,15,4,0.0,82,28
2026-05-21 08:45:33,2026-05-21,2,乒乓球厅-2号,20:30-21:30,0,1,可预约,￥5.0,多云,18,15,4,0.0,82,28
2026-05-21 08:50:36,2026-05-21,2,乒乓球厅-2号,20:30-21:30,0,1,可预约,￥5.0,多云,18,15,4,0.0,82,28
2026-05-21 08:55:34,2026-05-21,2,乒乓球厅-2号,20:30-21:30,0,1,可预约,￥5.0,多云,18,15,4,0.0,84,28
2026-05-21 09:00:51,2026-05-21,2,乒乓球厅-2号,20:30-21:30,0,1,可预约,￥5.0,多云,18,15,4,0.0,84,28
2026-05-21 09:01:59,2026-05-21,2,乒乓球厅-2号,20:30-21:30,0,1,可预约,￥5.0,多云,18,15,4,0.0,83,28
2026-05-21 09:05:33,2026-05-21,2,乒乓球厅-2号,20:30-21:30,0,1,可预约,￥5.0,多云,18,15,4,0.0,83,28
2026-05-21 09:20:38,2026-05-21,2,乒乓球厅-2号,20:30-21:30,0,1,可预约,￥5.0,多云,18,16,3,0.0,81,28
2026-05-21 09:30:46,2026-05-21,2,乒乓球厅-2号,20:30-21:30,0,1,可预约,￥5.0,多云,18,16,3,0.0,81,32
2026-05-21 09:40:36,2026-05-21,2,乒乓球厅-2号,20:30-21:30,0,1,可预约,￥5.0,多云,19,17,3,0.0,79,32
2026-05-21 09:50:42,2026-05-21,2,乒乓球厅-2号,20:30-21:30,0,1,可预约,￥5.0,多云,19,17,4,0.0,81,32
2026-05-21 10:00:46,2026-05-21,2,乒乓球厅-2号,20:30-21:30,0,1,可预约,￥5.0,多云,19,17,4,0.0,79,32
2026-05-21 10:10:40,2026-05-21,2,乒乓球厅-2号,20:30-21:30,0,1,可预约,￥5.0,多云,19,17,4,0.0,79,32
2026-05-21 10:20:38,2026-05-21,2,乒乓球厅-2号,20:30-21:30,0,1,可预约,￥5.0,多云,19,17,4,0.0,79,32
2026-05-21 10:30:41,2026-05-21,2,乒乓球厅-2号,20:30-21:30,0,1,可预约,￥5.0,多云,19,18,3,0.0,78,31
2026-05-21 11:00:44,2026-05-21,2,乒乓球厅-2号,20:30-21:30,0,1,可预约,￥5.0,多云,21,17,5,0.0,74,31
2026-05-21 11:30:38,2026-05-21,2,乒乓球厅-2号,20:30-21:30,0,1,可预约,￥5.0,多云,21,19,3,0.0,72,33
2026-05-21 12:00:46,2026-05-21,2,乒乓球厅-2号,20:30-21:30,0,1,可预约,￥5.0,多云,22,19,4,0.0,70,33
2026-05-21 12:30:42,2026-05-21,2,乒乓球厅-2号,20:30-21:30,0,1,可预约,￥5.0,多云,22,21,3,0.0,68,35
2026-05-21 13:00:43,2026-05-21,2,乒乓球厅-2号,20:30-21:30,0,1,可预约,￥5.0,多云,24,22,4,0.0,66,35
2026-05-21 13:30:43,2026-05-21,2,乒乓球厅-2号,20:30-21:30,0,1,可预约,￥5.0,多云,24,22,4,0.0,66,36
2026-05-21 14:00:48,2026-05-21,2,乒乓球厅-2号,20:30-21:30,0,1,可预约,￥5.0,多云,25,23,4,0.0,66,36
2026-05-21 14:30:45,2026-05-21,2,乒乓球厅-2号,20:30-21:30,0,1,可预约,￥5.0,晴,25,25,3,0.0,65,39
2026-05-21 15:00:45,2026-05-21,2,乒乓球厅-2号,20:30-21:30,0,1,可预约,￥5.0,晴,25,22,4,0.0,56,39
2026-05-21 15:30:43,2026-05-21,2,乒乓球厅-2号,20:30-21:30,0,1,可预约,￥5.0,晴,25,23,4,0.0,57,40
2026-05-21 16:00:51,2026-05-21,2,乒乓球厅-2号,20:30-21:30,0,1,可预约,￥5.0,晴,25,23,4,0.0,57,40
2026-05-21 16:30:48,2026-05-21,2,乒乓球厅-2号,20:30-21:30,0,1,可预约,￥5.0,晴,25,24,3,0.0,60,39
2026-05-21 17:00:49,2026-05-21,2,乒乓球厅-2号,20:30-21:30,0,1,可预约,￥5.0,晴,25,24,4,0.0,61,39
2026-05-21 17:30:47,2026-05-21,2,乒乓球厅-2号,20:30-21:30,0,1,可预约,￥5.0,多云,24,23,3,0.0,64,39
2026-05-21 18:00:50,2026-05-21,2,乒乓球厅-2号,20:30-21:30,0,1,可预约,￥5.0,多云,24,23,3,0.0,68,39
2026-05-21 18:30:50,2026-05-21,2,乒乓球厅-2号,20:30-21:30,0,1,可预约,￥5.0,阴,24,25,2,0.0,68,40
2026-05-21 19:00:50,2026-05-21,2,乒乓球厅-2号,20:30-21:30,0,1,可预约,￥5.0,阴,23,23,3,0.0,76,40
2026-05-21 19:30:46,2026-05-21,2,乒乓球厅-2号,20:30-21:30,0,1,可预约,￥5.0,阴,23,24,2,0.0,77,39
2026-05-21 20:00:49,2026-05-21,2,乒乓球厅-2号,20:30-21:30,0,1,可预约,￥5.0,雾,22,23,2,0.0,89,39
2026-05-21 20:30:44,2026-05-21,2,乒乓球厅-2号,20:30-21:30,0,1,可预约,￥5.0,雾,22,24,2,0.0,93,43
2026-05-21 21:00:56,2026-05-21,2,乒乓球厅-2号,20:30-21:30,0,1,可预约,￥5.0,雾,20,21,2,0.0,98,43
2026-05-21 21:30:46,2026-05-21,2,乒乓球厅-2号,20:30-21:30,0,1,不开放/已过期,,雾,20,22,1,0.0,99,41
2026-05-21 22:01:02,2026-05-21,2,乒乓球厅-2号,20:30-21:30,0,1,不开放/已过期,,雾,19,20,2,0.0,93,41
2026-05-21 22:30:47,2026-05-21,2,乒乓球厅-2号,20:30-21:30,0,1,不开放/已过期,,雾,19,19,3,0.0,88,46
2026-05-21 23:00:56,2026-05-21,2,乒乓球厅-2号,20:30-21:30,0,1,不开放/已过期,,多云,18,17,3,0.0,85,46
2026-05-21 23:30:55,2026-05-21,2,乒乓球厅-2号,20:30-21:30,0,1,不开放/已过期,,多云,18,17,3,0.0,85,48
2026-05-21 00:30:49,2026-05-21,2,乒乓球厅-3号,07:00-08:00,0,1,可预约,￥0.0,多云,15,13,3,0.0,100,26
2026-05-21 01:00:55,2026-05-21,2,乒乓球厅-3号,07:00-08:00,0,1,可预约,￥0.0,多云,15,12,4,0.0,100,26
2026-05-21 01:30:47,2026-05-21,2,乒乓球厅-3号,07:00-08:00,0,1,可预约,￥0.0,多云,15,13,4,0.0,100,28
2026-05-21 02:00:53,2026-05-21,2,乒乓球厅-3号,07:00-08:00,0,1,可预约,￥0.0,多云,15,12,4,0.0,100,28
2026-05-21 02:30:49,2026-05-21,2,乒乓球厅-3号,07:00-08:00,0,1,可预约,￥0.0,多云,15,14,3,0.0,100,29
2026-05-21 03:00:55,2026-05-21,2,乒乓球厅-3号,07:00-08:00,0,1,可预约,￥0.0,多云,15,12,4,0.0,100,29
2026-05-21 03:30:49,2026-05-21,2,乒乓球厅-3号,07:00-08:00,0,1,可预约,￥0.0,多云,15,14,3,0.0,100,30
2026-05-21 04:30:45,2026-05-21,2,乒乓球厅-3号,07:00-08:00,0,1,可预约,￥0.0,多云,15,12,4,0.0,100,29
2026-05-21 05:00:52,2026-05-21,2,乒乓球厅-3号,07:00-08:00,0,1,可预约,￥0.0,多云,15,12,4,0.0,100,29
2026-05-21 05:30:49,2026-05-21,2,乒乓球厅-3号,07:00-08:00,0,1,可预约,￥0.0,多云,15,13,3,0.0,100,28
2026-05-21 06:00:50,2026-05-21,2,乒乓球厅-3号,07:00-08:00,0,1,可预约,￥0.0,多云,15,13,4,0.0,99,28
2026-05-21 06:30:38,2026-05-21,2,乒乓球厅-3号,07:00-08:00,0,1,可预约,￥0.0,多云,15,13,3,0.0,97,28
2026-05-21 07:00:43,2026-05-21,2,乒乓球厅-3号,07:00-08:00,0,1,可预约,￥0.0,晴,15,11,5,0.0,93,28
2026-05-21 07:30:39,2026-05-21,2,乒乓球厅-3号,07:00-08:00,0,1,可预约,￥0.0,晴,17,13,4,0.0,89,29
2026-05-21 07:50:40,2026-05-21,2,乒乓球厅-3号,07:00-08:00,0,1,可预约,￥0.0,晴,17,13,4,0.0,88,29
2026-05-21 07:53:31,2026-05-21,2,乒乓球厅-3号,07:00-08:00,0,1,可预约,￥0.0,晴,17,12,5,0.0,86,29
2026-05-21 07:56:31,2026-05-21,2,乒乓球厅-3号,07:00-08:00,0,1,可预约,￥0.0,晴,17,12,5,0.0,86,29
2026-05-21 07:59:26,2026-05-21,2,乒乓球厅-3号,07:00-08:00,0,1,可预约,￥0.0,晴,17,12,5,0.0,86,29
2026-05-21 08:00:45,2026-05-21,2,乒乓球厅-3号,07:00-08:00,0,1,不开放/已过期,,晴,17,12,5,0.0,86,29
2026-05-21 08:02:30,2026-05-21,2,乒乓球厅-3号,07:00-08:00,0,1,不开放/已过期,,多云,17,12,5,0.0,87,29
2026-05-21 08:05:36,2026-05-21,2,乒乓球厅-3号,07:00-08:00,0,1,不开放/已过期,,多云,17,12,5,0.0,86,29
2026-05-21 08:08:31,2026-05-21,2,乒乓球厅-3号,07:00-08:00,0,1,不开放/已过期,,多云,17,12,5,0.0,86,29
2026-05-21 08:11:30,2026-05-21,2,乒乓球厅-3号,07:00-08:00,0,1,不开放/已过期,,多云,17,12,5,0.0,86,29
2026-05-21 08:14:31,2026-05-21,2,乒乓球厅-3号,07:00-08:00,0,1,不开放/已过期,,多云,17,12,5,0.0,86,29
2026-05-21 08:17:30,2026-05-21,2,乒乓球厅-3号,07:00-08:00,0,1,不开放/已过期,,多云,17,12,5,0.0,86,29
2026-05-21 08:20:35,2026-05-21,2,乒乓球厅-3号,07:00-08:00,0,1,不开放/已过期,,多云,17,14,4,0.0,85,29
2026-05-21 08:25:32,2026-05-21,2,乒乓球厅-3号,07:00-08:00,0,1,不开放/已过期,,多云,17,14,4,0.0,85,28
2026-05-21 08:30:42,2026-05-21,2,乒乓球厅-3号,07:00-08:00,0,1,不开放/已过期,,多云,18,15,4,0.0,84,28
2026-05-21 08:35:31,2026-05-21,2,乒乓球厅-3号,07:00-08:00,0,1,不开放/已过期,,多云,18,15,4,0.0,84,28
2026-05-21 08:40:38,2026-05-21,2,乒乓球厅-3号,07:00-08:00,0,1,不开放/已过期,,多云,18,15,4,0.0,82,28
2026-05-21 08:45:33,2026-05-21,2,乒乓球厅-3号,07:00-08:00,0,1,不开放/已过期,,多云,18,15,4,0.0,82,28
2026-05-21 08:50:36,2026-05-21,2,乒乓球厅-3号,07:00-08:00,0,1,不开放/已过期,,多云,18,15,4,0.0,82,28
2026-05-21 08:55:34,2026-05-21,2,乒乓球厅-3号,07:00-08:00,0,1,不开放/已过期,,多云,18,15,4,0.0,84,28
2026-05-21 09:00:51,2026-05-21,2,乒乓球厅-3号,07:00-08:00,0,1,不开放/已过期,,多云,18,15,4,0.0,84,28
2026-05-21 09:01:59,2026-05-21,2,乒乓球厅-3号,07:00-08:00,0,1,不开放/已过期,,多云,18,15,4,0.0,83,28
2026-05-21 09:05:33,2026-05-21,2,乒乓球厅-3号,07:00-08:00,0,1,不开放/已过期,,多云,18,15,4,0.0,83,28
2026-05-21 09:20:38,2026-05-21,2,乒乓球厅-3号,07:00-08:00,0,1,不开放/已过期,,多云,18,16,3,0.0,81,28
2026-05-21 09:30:46,2026-05-21,2,乒乓球厅-3号,07:00-08:00,0,1,不开放/已过期,,多云,18,16,3,0.0,81,32
2026-05-21 09:40:36,2026-05-21,2,乒乓球厅-3号,07:00-08:00,0,1,不开放/已过期,,多云,19,17,3,0.0,79,32
2026-05-21 09:50:42,2026-05-21,2,乒乓球厅-3号,07:00-08:00,0,1,不开放/已过期,,多云,19,17,4,0.0,81,32
2026-05-21 10:00:46,2026-05-21,2,乒乓球厅-3号,07:00-08:00,0,1,不开放/已过期,,多云,19,17,4,0.0,79,32
2026-05-21 10:10:40,2026-05-21,2,乒乓球厅-3号,07:00-08:00,0,1,不开放/已过期,,多云,19,17,4,0.0,79,32
2026-05-21 10:20:38,2026-05-21,2,乒乓球厅-3号,07:00-08:00,0,1,不开放/已过期,,多云,19,17,4,0.0,79,32
2026-05-21 10:30:41,2026-05-21,2,乒乓球厅-3号,07:00-08:00,0,1,不开放/已过期,,多云,19,18,3,0.0,78,31
2026-05-21 11:00:44,2026-05-21,2,乒乓球厅-3号,07:00-08:00,0,1,不开放/已过期,,多云,21,17,5,0.0,74,31
2026-05-21 11:30:38,2026-05-21,2,乒乓球厅-3号,07:00-08:00,0,1,不开放/已过期,,多云,21,19,3,0.0,72,33
2026-05-21 12:00:46,2026-05-21,2,乒乓球厅-3号,07:00-08:00,0,1,不开放/已过期,,多云,22,19,4,0.0,70,33
2026-05-21 12:30:42,2026-05-21,2,乒乓球厅-3号,07:00-08:00,0,1,不开放/已过期,,多云,22,21,3,0.0,68,35
2026-05-21 13:00:43,2026-05-21,2,乒乓球厅-3号,07:00-08:00,0,1,不开放/已过期,,多云,24,22,4,0.0,66,35
2026-05-21 13:30:43,2026-05-21,2,乒乓球厅-3号,07:00-08:00,0,1,不开放/已过期,,多云,24,22,4,0.0,66,36
2026-05-21 14:00:48,2026-05-21,2,乒乓球厅-3号,07:00-08:00,0,1,不开放/已过期,,多云,25,23,4,0.0,66,36
2026-05-21 14:30:45,2026-05-21,2,乒乓球厅-3号,07:00-08:00,0,1,不开放/已过期,,晴,25,25,3,0.0,65,39
2026-05-21 15:00:45,2026-05-21,2,乒乓球厅-3号,07:00-08:00,0,1,不开放/已过期,,晴,25,22,4,0.0,56,39
2026-05-21 15:30:43,2026-05-21,2,乒乓球厅-3号,07:00-08:00,0,1,不开放/已过期,,晴,25,23,4,0.0,57,40
2026-05-21 16:00:51,2026-05-21,2,乒乓球厅-3号,07:00-08:00,0,1,不开放/已过期,,晴,25,23,4,0.0,57,40
2026-05-21 16:30:48,2026-05-21,2,乒乓球厅-3号,07:00-08:00,0,1,不开放/已过期,,晴,25,24,3,0.0,60,39
2026-05-21 17:00:49,2026-05-21,2,乒乓球厅-3号,07:00-08:00,0,1,不开放/已过期,,晴,25,24,4,0.0,61,39
2026-05-21 17:30:47,2026-05-21,2,乒乓球厅-3号,07:00-08:00,0,1,不开放/已过期,,多云,24,23,3,0.0,64,39
2026-05-21 18:00:50,2026-05-21,2,乒乓球厅-3号,07:00-08:00,0,1,不开放/已过期,,多云,24,23,3,0.0,68,39
2026-05-21 18:30:50,2026-05-21,2,乒乓球厅-3号,07:00-08:00,0,1,不开放/已过期,,阴,24,25,2,0.0,68,40
2026-05-21 19:00:50,2026-05-21,2,乒乓球厅-3号,07:00-08:00,0,1,不开放/已过期,,阴,23,23,3,0.0,76,40
2026-05-21 19:30:46,2026-05-21,2,乒乓球厅-3号,07:00-08:00,0,1,不开放/已过期,,阴,23,24,2,0.0,77,39
2026-05-21 20:00:49,2026-05-21,2,乒乓球厅-3号,07:00-08:00,0,1,不开放/已过期,,雾,22,23,2,0.0,89,39
2026-05-21 20:30:44,2026-05-21,2,乒乓球厅-3号,07:00-08:00,0,1,不开放/已过期,,雾,22,24,2,0.0,93,43
2026-05-21 21:00:56,2026-05-21,2,乒乓球厅-3号,07:00-08:00,0,1,不开放/已过期,,雾,20,21,2,0.0,98,43
2026-05-21 21:30:46,2026-05-21,2,乒乓球厅-3号,07:00-08:00,0,1,不开放/已过期,,雾,20,22,1,0.0,99,41
2026-05-21 22:01:02,2026-05-21,2,乒乓球厅-3号,07:00-08:00,0,1,不开放/已过期,,雾,19,20,2,0.0,93,41
2026-05-21 22:30:47,2026-05-21,2,乒乓球厅-3号,07:00-08:00,0,1,不开放/已过期,,雾,19,19,3,0.0,88,46
2026-05-21 23:00:56,2026-05-21,2,乒乓球厅-3号,07:00-08:00,0,1,不开放/已过期,,多云,18,17,3,0.0,85,46
2026-05-21 23:30:55,2026-05-21,2,乒乓球厅-3号,07:00-08:00,0,1,不开放/已过期,,多云,18,17,3,0.0,85,48
2026-05-21 00:30:49,2026-05-21,2,乒乓球厅-3号,08:00-09:00,0,1,可预约,￥0.0,多云,15,13,3,0.0,100,26
2026-05-21 01:00:55,2026-05-21,2,乒乓球厅-3号,08:00-09:00,0,1,可预约,￥0.0,多云,15,12,4,0.0,100,26
2026-05-21 01:30:47,2026-05-21,2,乒乓球厅-3号,08:00-09:00,0,1,可预约,￥0.0,多云,15,13,4,0.0,100,28
2026-05-21 02:00:53,2026-05-21,2,乒乓球厅-3号,08:00-09:00,0,1,可预约,￥0.0,多云,15,12,4,0.0,100,28
2026-05-21 02:30:49,2026-05-21,2,乒乓球厅-3号,08:00-09:00,0,1,可预约,￥0.0,多云,15,14,3,0.0,100,29
2026-05-21 03:00:55,2026-05-21,2,乒乓球厅-3号,08:00-09:00,0,1,可预约,￥0.0,多云,15,12,4,0.0,100,29
2026-05-21 03:30:49,2026-05-21,2,乒乓球厅-3号,08:00-09:00,0,1,可预约,￥0.0,多云,15,14,3,0.0,100,30
2026-05-21 04:30:45,2026-05-21,2,乒乓球厅-3号,08:00-09:00,0,1,可预约,￥0.0,多云,15,12,4,0.0,100,29
2026-05-21 05:00:52,2026-05-21,2,乒乓球厅-3号,08:00-09:00,0,1,可预约,￥0.0,多云,15,12,4,0.0,100,29
2026-05-21 05:30:49,2026-05-21,2,乒乓球厅-3号,08:00-09:00,0,1,可预约,￥0.0,多云,15,13,3,0.0,100,28
2026-05-21 06:00:50,2026-05-21,2,乒乓球厅-3号,08:00-09:00,0,1,可预约,￥0.0,多云,15,13,4,0.0,99,28
2026-05-21 06:30:38,2026-05-21,2,乒乓球厅-3号,08:00-09:00,0,1,可预约,￥0.0,多云,15,13,3,0.0,97,28
2026-05-21 07:00:43,2026-05-21,2,乒乓球厅-3号,08:00-09:00,0,1,可预约,￥0.0,晴,15,11,5,0.0,93,28
2026-05-21 07:30:39,2026-05-21,2,乒乓球厅-3号,08:00-09:00,0,1,可预约,￥0.0,晴,17,13,4,0.0,89,29
2026-05-21 07:50:40,2026-05-21,2,乒乓球厅-3号,08:00-09:00,0,1,可预约,￥0.0,晴,17,13,4,0.0,88,29
2026-05-21 07:53:31,2026-05-21,2,乒乓球厅-3号,08:00-09:00,0,1,可预约,￥0.0,晴,17,12,5,0.0,86,29
2026-05-21 07:56:31,2026-05-21,2,乒乓球厅-3号,08:00-09:00,0,1,可预约,￥0.0,晴,17,12,5,0.0,86,29
2026-05-21 07:59:26,2026-05-21,2,乒乓球厅-3号,08:00-09:00,0,1,可预约,￥0.0,晴,17,12,5,0.0,86,29
2026-05-21 08:00:45,2026-05-21,2,乒乓球厅-3号,08:00-09:00,0,1,可预约,￥0.0,晴,17,12,5,0.0,86,29
2026-05-21 08:02:30,2026-05-21,2,乒乓球厅-3号,08:00-09:00,0,1,可预约,￥0.0,多云,17,12,5,0.0,87,29
2026-05-21 08:05:36,2026-05-21,2,乒乓球厅-3号,08:00-09:00,0,1,可预约,￥0.0,多云,17,12,5,0.0,86,29
2026-05-21 08:08:31,2026-05-21,2,乒乓球厅-3号,08:00-09:00,0,1,可预约,￥0.0,多云,17,12,5,0.0,86,29
2026-05-21 08:11:30,2026-05-21,2,乒乓球厅-3号,08:00-09:00,0,1,可预约,￥0.0,多云,17,12,5,0.0,86,29
2026-05-21 08:14:31,2026-05-21,2,乒乓球厅-3号,08:00-09:00,0,1,可预约,￥0.0,多云,17,12,5,0.0,86,29
2026-05-21 08:17:30,2026-05-21,2,乒乓球厅-3号,08:00-09:00,0,1,可预约,￥0.0,多云,17,12,5,0.0,86,29
2026-05-21 08:20:35,2026-05-21,2,乒乓球厅-3号,08:00-09:00,0,1,可预约,￥0.0,多云,17,14,4,0.0,85,29
2026-05-21 08:25:32,2026-05-21,2,乒乓球厅-3号,08:00-09:00,0,1,可预约,￥0.0,多云,17,14,4,0.0,85,28
2026-05-21 08:30:42,2026-05-21,2,乒乓球厅-3号,08:00-09:00,0,1,可预约,￥0.0,多云,18,15,4,0.0,84,28
2026-05-21 08:35:31,2026-05-21,2,乒乓球厅-3号,08:00-09:00,0,1,可预约,￥0.0,多云,18,15,4,0.0,84,28
2026-05-21 08:40:38,2026-05-21,2,乒乓球厅-3号,08:00-09:00,0,1,可预约,￥0.0,多云,18,15,4,0.0,82,28
2026-05-21 08:45:33,2026-05-21,2,乒乓球厅-3号,08:00-09:00,0,1,可预约,￥0.0,多云,18,15,4,0.0,82,28
2026-05-21 08:50:36,2026-05-21,2,乒乓球厅-3号,08:00-09:00,0,1,可预约,￥0.0,多云,18,15,4,0.0,82,28
2026-05-21 08:55:34,2026-05-21,2,乒乓球厅-3号,08:00-09:00,0,1,可预约,￥0.0,多云,18,15,4,0.0,84,28
2026-05-21 09:00:51,2026-05-21,2,乒乓球厅-3号,08:00-09:00,0,1,不开放/已过期,,多云,18,15,4,0.0,84,28
2026-05-21 09:01:59,2026-05-21,2,乒乓球厅-3号,08:00-09:00,0,1,不开放/已过期,,多云,18,15,4,0.0,83,28
2026-05-21 09:05:33,2026-05-21,2,乒乓球厅-3号,08:00-09:00,0,1,不开放/已过期,,多云,18,15,4,0.0,83,28
2026-05-21 09:20:38,2026-05-21,2,乒乓球厅-3号,08:00-09:00,0,1,不开放/已过期,,多云,18,16,3,0.0,81,28
2026-05-21 09:30:46,2026-05-21,2,乒乓球厅-3号,08:00-09:00,0,1,不开放/已过期,,多云,18,16,3,0.0,81,32
2026-05-21 09:40:36,2026-05-21,2,乒乓球厅-3号,08:00-09:00,0,1,不开放/已过期,,多云,19,17,3,0.0,79,32
2026-05-21 09:50:42,2026-05-21,2,乒乓球厅-3号,08:00-09:00,0,1,不开放/已过期,,多云,19,17,4,0.0,81,32
2026-05-21 10:00:46,2026-05-21,2,乒乓球厅-3号,08:00-09:00,0,1,不开放/已过期,,多云,19,17,4,0.0,79,32
2026-05-21 10:10:40,2026-05-21,2,乒乓球厅-3号,08:00-09:00,0,1,不开放/已过期,,多云,19,17,4,0.0,79,32
2026-05-21 10:20:38,2026-05-21,2,乒乓球厅-3号,08:00-09:00,0,1,不开放/已过期,,多云,19,17,4,0.0,79,32
2026-05-21 10:30:41,2026-05-21,2,乒乓球厅-3号,08:00-09:00,0,1,不开放/已过期,,多云,19,18,3,0.0,78,31
2026-05-21 11:00:44,2026-05-21,2,乒乓球厅-3号,08:00-09:00,0,1,不开放/已过期,,多云,21,17,5,0.0,74,31
2026-05-21 11:30:38,2026-05-21,2,乒乓球厅-3号,08:00-09:00,0,1,不开放/已过期,,多云,21,19,3,0.0,72,33
2026-05-21 12:00:46,2026-05-21,2,乒乓球厅-3号,08:00-09:00,0,1,不开放/已过期,,多云,22,19,4,0.0,70,33
2026-05-21 12:30:42,2026-05-21,2,乒乓球厅-3号,08:00-09:00,0,1,不开放/已过期,,多云,22,21,3,0.0,68,35
2026-05-21 13:00:43,2026-05-21,2,乒乓球厅-3号,08:00-09:00,0,1,不开放/已过期,,多云,24,22,4,0.0,66,35
2026-05-21 13:30:43,2026-05-21,2,乒乓球厅-3号,08:00-09:00,0,1,不开放/已过期,,多云,24,22,4,0.0,66,36
2026-05-21 14:00:48,2026-05-21,2,乒乓球厅-3号,08:00-09:00,0,1,不开放/已过期,,多云,25,23,4,0.0,66,36
2026-05-21 14:30:45,2026-05-21,2,乒乓球厅-3号,08:00-09:00,0,1,不开放/已过期,,晴,25,25,3,0.0,65,39
2026-05-21 15:00:45,2026-05-21,2,乒乓球厅-3号,08:00-09:00,0,1,不开放/已过期,,晴,25,22,4,0.0,56,39
2026-05-21 15:30:43,2026-05-21,2,乒乓球厅-3号,08:00-09:00,0,1,不开放/已过期,,晴,25,23,4,0.0,57,40
2026-05-21 16:00:51,2026-05-21,2,乒乓球厅-3号,08:00-09:00,0,1,不开放/已过期,,晴,25,23,4,0.0,57,40
2026-05-21 16:30:48,2026-05-21,2,乒乓球厅-3号,08:00-09:00,0,1,不开放/已过期,,晴,25,24,3,0.0,60,39
2026-05-21 17:00:49,2026-05-21,2,乒乓球厅-3号,08:00-09:00,0,1,不开放/已过期,,晴,25,24,4,0.0,61,39
2026-05-21 17:30:47,2026-05-21,2,乒乓球厅-3号,08:00-09:00,0,1,不开放/已过期,,多云,24,23,3,0.0,64,39
2026-05-21 18:00:50,2026-05-21,2,乒乓球厅-3号,08:00-09:00,0,1,不开放/已过期,,多云,24,23,3,0.0,68,39
2026-05-21 18:30:50,2026-05-21,2,乒乓球厅-3号,08:00-09:00,0,1,不开放/已过期,,阴,24,25,2,0.0,68,40
2026-05-21 19:00:50,2026-05-21,2,乒乓球厅-3号,08:00-09:00,0,1,不开放/已过期,,阴,23,23,3,0.0,76,40
2026-05-21 19:30:46,2026-05-21,2,乒乓球厅-3号,08:00-09:00,0,1,不开放/已过期,,阴,23,24,2,0.0,77,39
2026-05-21 20:00:49,2026-05-21,2,乒乓球厅-3号,08:00-09:00,0,1,不开放/已过期,,雾,22,23,2,0.0,89,39
2026-05-21 20:30:44,2026-05-21,2,乒乓球厅-3号,08:00-09:00,0,1,不开放/已过期,,雾,22,24,2,0.0,93,43
2026-05-21 21:00:56,2026-05-21,2,乒乓球厅-3号,08:00-09:00,0,1,不开放/已过期,,雾,20,21,2,0.0,98,43
2026-05-21 21:30:46,2026-05-21,2,乒乓球厅-3号,08:00-09:00,0,1,不开放/已过期,,雾,20,22,1,0.0,99,41
2026-05-21 22:01:02,2026-05-21,2,乒乓球厅-3号,08:00-09:00,0,1,不开放/已过期,,雾,19,20,2,0.0,93,41
2026-05-21 22:30:47,2026-05-21,2,乒乓球厅-3号,08:00-09:00,0,1,不开放/已过期,,雾,19,19,3,0.0,88,46
2026-05-21 23:00:56,2026-05-21,2,乒乓球厅-3号,08:00-09:00,0,1,不开放/已过期,,多云,18,17,3,0.0,85,46
2026-05-21 23:30:55,2026-05-21,2,乒乓球厅-3号,08:00-09:00,0,1,不开放/已过期,,多云,18,17,3,0.0,85,48
2026-05-21 00:30:49,2026-05-21,2,乒乓球厅-3号,09:00-10:00,0,1,可预约,￥5.0,多云,15,13,3,0.0,100,26
2026-05-21 01:00:55,2026-05-21,2,乒乓球厅-3号,09:00-10:00,0,1,可预约,￥5.0,多云,15,12,4,0.0,100,26
2026-05-21 01:30:47,2026-05-21,2,乒乓球厅-3号,09:00-10:00,0,1,可预约,￥5.0,多云,15,13,4,0.0,100,28
2026-05-21 02:00:53,2026-05-21,2,乒乓球厅-3号,09:00-10:00,0,1,可预约,￥5.0,多云,15,12,4,0.0,100,28
2026-05-21 02:30:49,2026-05-21,2,乒乓球厅-3号,09:00-10:00,0,1,可预约,￥5.0,多云,15,14,3,0.0,100,29
2026-05-21 03:00:55,2026-05-21,2,乒乓球厅-3号,09:00-10:00,0,1,可预约,￥5.0,多云,15,12,4,0.0,100,29
2026-05-21 03:30:49,2026-05-21,2,乒乓球厅-3号,09:00-10:00,0,1,可预约,￥5.0,多云,15,14,3,0.0,100,30
2026-05-21 04:30:45,2026-05-21,2,乒乓球厅-3号,09:00-10:00,0,1,可预约,￥5.0,多云,15,12,4,0.0,100,29
2026-05-21 05:00:52,2026-05-21,2,乒乓球厅-3号,09:00-10:00,0,1,可预约,￥5.0,多云,15,12,4,0.0,100,29
2026-05-21 05:30:49,2026-05-21,2,乒乓球厅-3号,09:00-10:00,0,1,可预约,￥5.0,多云,15,13,3,0.0,100,28
2026-05-21 06:00:50,2026-05-21,2,乒乓球厅-3号,09:00-10:00,0,1,可预约,￥5.0,多云,15,13,4,0.0,99,28
2026-05-21 06:30:38,2026-05-21,2,乒乓球厅-3号,09:00-10:00,0,1,可预约,￥5.0,多云,15,13,3,0.0,97,28
2026-05-21 07:00:43,2026-05-21,2,乒乓球厅-3号,09:00-10:00,0,1,可预约,￥5.0,晴,15,11,5,0.0,93,28
2026-05-21 07:30:39,2026-05-21,2,乒乓球厅-3号,09:00-10:00,0,1,可预约,￥5.0,晴,17,13,4,0.0,89,29
2026-05-21 07:50:40,2026-05-21,2,乒乓球厅-3号,09:00-10:00,0,1,可预约,￥5.0,晴,17,13,4,0.0,88,29
2026-05-21 07:53:31,2026-05-21,2,乒乓球厅-3号,09:00-10:00,0,1,可预约,￥5.0,晴,17,12,5,0.0,86,29
2026-05-21 07:56:31,2026-05-21,2,乒乓球厅-3号,09:00-10:00,0,1,可预约,￥5.0,晴,17,12,5,0.0,86,29
2026-05-21 07:59:26,2026-05-21,2,乒乓球厅-3号,09:00-10:00,0,1,可预约,￥5.0,晴,17,12,5,0.0,86,29
2026-05-21 08:00:45,2026-05-21,2,乒乓球厅-3号,09:00-10:00,0,1,可预约,￥5.0,晴,17,12,5,0.0,86,29
2026-05-21 08:02:30,2026-05-21,2,乒乓球厅-3号,09:00-10:00,0,1,可预约,￥5.0,多云,17,12,5,0.0,87,29
2026-05-21 08:05:36,2026-05-21,2,乒乓球厅-3号,09:00-10:00,0,1,可预约,￥5.0,多云,17,12,5,0.0,86,29
2026-05-21 08:08:31,2026-05-21,2,乒乓球厅-3号,09:00-10:00,0,1,可预约,￥5.0,多云,17,12,5,0.0,86,29
2026-05-21 08:11:30,2026-05-21,2,乒乓球厅-3号,09:00-10:00,0,1,可预约,￥5.0,多云,17,12,5,0.0,86,29
2026-05-21 08:14:31,2026-05-21,2,乒乓球厅-3号,09:00-10:00,0,1,可预约,￥5.0,多云,17,12,5,0.0,86,29
2026-05-21 08:17:30,2026-05-21,2,乒乓球厅-3号,09:00-10:00,0,1,可预约,￥5.0,多云,17,12,5,0.0,86,29
2026-05-21 08:20:35,2026-05-21,2,乒乓球厅-3号,09:00-10:00,0,1,可预约,￥5.0,多云,17,14,4,0.0,85,29
2026-05-21 08:25:32,2026-05-21,2,乒乓球厅-3号,09:00-10:00,0,1,可预约,￥5.0,多云,17,14,4,0.0,85,28
2026-05-21 08:30:42,2026-05-21,2,乒乓球厅-3号,09:00-10:00,0,1,可预约,￥5.0,多云,18,15,4,0.0,84,28
2026-05-21 08:35:31,2026-05-21,2,乒乓球厅-3号,09:00-10:00,0,1,可预约,￥5.0,多云,18,15,4,0.0,84,28
2026-05-21 08:40:38,2026-05-21,2,乒乓球厅-3号,09:00-10:00,0,1,可预约,￥5.0,多云,18,15,4,0.0,82,28
2026-05-21 08:45:33,2026-05-21,2,乒乓球厅-3号,09:00-10:00,0,1,可预约,￥5.0,多云,18,15,4,0.0,82,28
2026-05-21 08:50:36,2026-05-21,2,乒乓球厅-3号,09:00-10:00,0,1,可预约,￥5.0,多云,18,15,4,0.0,82,28
2026-05-21 08:55:34,2026-05-21,2,乒乓球厅-3号,09:00-10:00,0,1,可预约,￥5.0,多云,18,15,4,0.0,84,28
2026-05-21 09:00:51,2026-05-21,2,乒乓球厅-3号,09:00-10:00,0,1,可预约,￥5.0,多云,18,15,4,0.0,84,28
2026-05-21 09:01:59,2026-05-21,2,乒乓球厅-3号,09:00-10:00,0,1,可预约,￥5.0,多云,18,15,4,0.0,83,28
2026-05-21 09:05:33,2026-05-21,2,乒乓球厅-3号,09:00-10:00,0,1,可预约,￥5.0,多云,18,15,4,0.0,83,28
2026-05-21 09:20:38,2026-05-21,2,乒乓球厅-3号,09:00-10:00,0,1,可预约,￥5.0,多云,18,16,3,0.0,81,28
2026-05-21 09:30:46,2026-05-21,2,乒乓球厅-3号,09:00-10:00,0,1,可预约,￥5.0,多云,18,16,3,0.0,81,32
2026-05-21 09:40:36,2026-05-21,2,乒乓球厅-3号,09:00-10:00,0,1,可预约,￥5.0,多云,19,17,3,0.0,79,32
2026-05-21 09:50:42,2026-05-21,2,乒乓球厅-3号,09:00-10:00,0,1,可预约,￥5.0,多云,19,17,4,0.0,81,32
2026-05-21 10:00:46,2026-05-21,2,乒乓球厅-3号,09:00-10:00,0,1,不开放/已过期,,多云,19,17,4,0.0,79,32
2026-05-21 10:10:40,2026-05-21,2,乒乓球厅-3号,09:00-10:00,0,1,不开放/已过期,,多云,19,17,4,0.0,79,32
2026-05-21 10:20:38,2026-05-21,2,乒乓球厅-3号,09:00-10:00,0,1,不开放/已过期,,多云,19,17,4,0.0,79,32
2026-05-21 10:30:41,2026-05-21,2,乒乓球厅-3号,09:00-10:00,0,1,不开放/已过期,,多云,19,18,3,0.0,78,31
2026-05-21 11:00:44,2026-05-21,2,乒乓球厅-3号,09:00-10:00,0,1,不开放/已过期,,多云,21,17,5,0.0,74,31
2026-05-21 11:30:38,2026-05-21,2,乒乓球厅-3号,09:00-10:00,0,1,不开放/已过期,,多云,21,19,3,0.0,72,33
2026-05-21 12:00:46,2026-05-21,2,乒乓球厅-3号,09:00-10:00,0,1,不开放/已过期,,多云,22,19,4,0.0,70,33
2026-05-21 12:30:42,2026-05-21,2,乒乓球厅-3号,09:00-10:00,0,1,不开放/已过期,,多云,22,21,3,0.0,68,35
2026-05-21 13:00:43,2026-05-21,2,乒乓球厅-3号,09:00-10:00,0,1,不开放/已过期,,多云,24,22,4,0.0,66,35
2026-05-21 13:30:43,2026-05-21,2,乒乓球厅-3号,09:00-10:00,0,1,不开放/已过期,,多云,24,22,4,0.0,66,36
2026-05-21 14:00:48,2026-05-21,2,乒乓球厅-3号,09:00-10:00,0,1,不开放/已过期,,多云,25,23,4,0.0,66,36
2026-05-21 14:30:45,2026-05-21,2,乒乓球厅-3号,09:00-10:00,0,1,不开放/已过期,,晴,25,25,3,0.0,65,39
2026-05-21 15:00:45,2026-05-21,2,乒乓球厅-3号,09:00-10:00,0,1,不开放/已过期,,晴,25,22,4,0.0,56,39
2026-05-21 15:30:43,2026-05-21,2,乒乓球厅-3号,09:00-10:00,0,1,不开放/已过期,,晴,25,23,4,0.0,57,40
2026-05-21 16:00:51,2026-05-21,2,乒乓球厅-3号,09:00-10:00,0,1,不开放/已过期,,晴,25,23,4,0.0,57,40
2026-05-21 16:30:48,2026-05-21,2,乒乓球厅-3号,09:00-10:00,0,1,不开放/已过期,,晴,25,24,3,0.0,60,39
2026-05-21 17:00:49,2026-05-21,2,乒乓球厅-3号,09:00-10:00,0,1,不开放/已过期,,晴,25,24,4,0.0,61,39
2026-05-21 17:30:47,2026-05-21,2,乒乓球厅-3号,09:00-10:00,0,1,不开放/已过期,,多云,24,23,3,0.0,64,39
2026-05-21 18:00:50,2026-05-21,2,乒乓球厅-3号,09:00-10:00,0,1,不开放/已过期,,多云,24,23,3,0.0,68,39
2026-05-21 18:30:50,2026-05-21,2,乒乓球厅-3号,09:00-10:00,0,1,不开放/已过期,,阴,24,25,2,0.0,68,40
2026-05-21 19:00:50,2026-05-21,2,乒乓球厅-3号,09:00-10:00,0,1,不开放/已过期,,阴,23,23,3,0.0,76,40
2026-05-21 19:30:46,2026-05-21,2,乒乓球厅-3号,09:00-10:00,0,1,不开放/已过期,,阴,23,24,2,0.0,77,39
2026-05-21 20:00:49,2026-05-21,2,乒乓球厅-3号,09:00-10:00,0,1,不开放/已过期,,雾,22,23,2,0.0,89,39
2026-05-21 20:30:44,2026-05-21,2,乒乓球厅-3号,09:00-10:00,0,1,不开放/已过期,,雾,22,24,2,0.0,93,43
2026-05-21 21:00:56,2026-05-21,2,乒乓球厅-3号,09:00-10:00,0,1,不开放/已过期,,雾,20,21,2,0.0,98,43
2026-05-21 21:30:46,2026-05-21,2,乒乓球厅-3号,09:00-10:00,0,1,不开放/已过期,,雾,20,22,1,0.0,99,41
2026-05-21 22:01:02,2026-05-21,2,乒乓球厅-3号,09:00-10:00,0,1,不开放/已过期,,雾,19,20,2,0.0,93,41
2026-05-21 22:30:47,2026-05-21,2,乒乓球厅-3号,09:00-10:00,0,1,不开放/已过期,,雾,19,19,3,0.0,88,46
2026-05-21 23:00:56,2026-05-21,2,乒乓球厅-3号,09:00-10:00,0,1,不开放/已过期,,多云,18,17,3,0.0,85,46
2026-05-21 23:30:55,2026-05-21,2,乒乓球厅-3号,09:00-10:00,0,1,不开放/已过期,,多云,18,17,3,0.0,85,48
2026-05-21 00:30:49,2026-05-21,2,乒乓球厅-3号,10:00-11:00,1,1,已售/已满,教学时间,多云,15,13,3,0.0,100,26
2026-05-21 01:00:55,2026-05-21,2,乒乓球厅-3号,10:00-11:00,1,1,已售/已满,教学时间,多云,15,12,4,0.0,100,26
2026-05-21 01:30:47,2026-05-21,2,乒乓球厅-3号,10:00-11:00,1,1,已售/已满,教学时间,多云,15,13,4,0.0,100,28
2026-05-21 02:00:53,2026-05-21,2,乒乓球厅-3号,10:00-11:00,1,1,已售/已满,教学时间,多云,15,12,4,0.0,100,28
2026-05-21 02:30:49,2026-05-21,2,乒乓球厅-3号,10:00-11:00,1,1,已售/已满,教学时间,多云,15,14,3,0.0,100,29
2026-05-21 03:00:55,2026-05-21,2,乒乓球厅-3号,10:00-11:00,1,1,已售/已满,教学时间,多云,15,12,4,0.0,100,29
2026-05-21 03:30:49,2026-05-21,2,乒乓球厅-3号,10:00-11:00,1,1,已售/已满,教学时间,多云,15,14,3,0.0,100,30
2026-05-21 04:30:45,2026-05-21,2,乒乓球厅-3号,10:00-11:00,1,1,已售/已满,教学时间,多云,15,12,4,0.0,100,29
2026-05-21 05:00:52,2026-05-21,2,乒乓球厅-3号,10:00-11:00,1,1,已售/已满,教学时间,多云,15,12,4,0.0,100,29
2026-05-21 05:30:49,2026-05-21,2,乒乓球厅-3号,10:00-11:00,1,1,已售/已满,教学时间,多云,15,13,3,0.0,100,28
2026-05-21 06:00:50,2026-05-21,2,乒乓球厅-3号,10:00-11:00,1,1,已售/已满,教学时间,多云,15,13,4,0.0,99,28
2026-05-21 06:30:38,2026-05-21,2,乒乓球厅-3号,10:00-11:00,1,1,已售/已满,教学时间,多云,15,13,3,0.0,97,28
2026-05-21 07:00:43,2026-05-21,2,乒乓球厅-3号,10:00-11:00,1,1,已售/已满,教学时间,晴,15,11,5,0.0,93,28
2026-05-21 07:30:39,2026-05-21,2,乒乓球厅-3号,10:00-11:00,1,1,已售/已满,教学时间,晴,17,13,4,0.0,89,29
2026-05-21 07:50:40,2026-05-21,2,乒乓球厅-3号,10:00-11:00,1,1,已售/已满,教学时间,晴,17,13,4,0.0,88,29
2026-05-21 07:53:31,2026-05-21,2,乒乓球厅-3号,10:00-11:00,1,1,已售/已满,教学时间,晴,17,12,5,0.0,86,29
2026-05-21 07:56:31,2026-05-21,2,乒乓球厅-3号,10:00-11:00,1,1,已售/已满,教学时间,晴,17,12,5,0.0,86,29
2026-05-21 07:59:26,2026-05-21,2,乒乓球厅-3号,10:00-11:00,1,1,已售/已满,教学时间,晴,17,12,5,0.0,86,29
2026-05-21 08:00:45,2026-05-21,2,乒乓球厅-3号,10:00-11:00,1,1,已售/已满,教学时间,晴,17,12,5,0.0,86,29
2026-05-21 08:02:30,2026-05-21,2,乒乓球厅-3号,10:00-11:00,1,1,已售/已满,教学时间,多云,17,12,5,0.0,87,29
2026-05-21 08:05:36,2026-05-21,2,乒乓球厅-3号,10:00-11:00,1,1,已售/已满,教学时间,多云,17,12,5,0.0,86,29
2026-05-21 08:08:31,2026-05-21,2,乒乓球厅-3号,10:00-11:00,1,1,已售/已满,教学时间,多云,17,12,5,0.0,86,29
2026-05-21 08:11:30,2026-05-21,2,乒乓球厅-3号,10:00-11:00,1,1,已售/已满,教学时间,多云,17,12,5,0.0,86,29
2026-05-21 08:14:31,2026-05-21,2,乒乓球厅-3号,10:00-11:00,1,1,已售/已满,教学时间,多云,17,12,5,0.0,86,29
2026-05-21 08:17:30,2026-05-21,2,乒乓球厅-3号,10:00-11:00,1,1,已售/已满,教学时间,多云,17,12,5,0.0,86,29
2026-05-21 08:20:35,2026-05-21,2,乒乓球厅-3号,10:00-11:00,1,1,已售/已满,教学时间,多云,17,14,4,0.0,85,29
2026-05-21 08:25:32,2026-05-21,2,乒乓球厅-3号,10:00-11:00,1,1,已售/已满,教学时间,多云,17,14,4,0.0,85,28
2026-05-21 08:30:42,2026-05-21,2,乒乓球厅-3号,10:00-11:00,1,1,已售/已满,教学时间,多云,18,15,4,0.0,84,28
2026-05-21 08:35:31,2026-05-21,2,乒乓球厅-3号,10:00-11:00,1,1,已售/已满,教学时间,多云,18,15,4,0.0,84,28
2026-05-21 08:40:38,2026-05-21,2,乒乓球厅-3号,10:00-11:00,1,1,已售/已满,教学时间,多云,18,15,4,0.0,82,28
2026-05-21 08:45:33,2026-05-21,2,乒乓球厅-3号,10:00-11:00,1,1,已售/已满,教学时间,多云,18,15,4,0.0,82,28
2026-05-21 08:50:36,2026-05-21,2,乒乓球厅-3号,10:00-11:00,1,1,已售/已满,教学时间,多云,18,15,4,0.0,82,28
2026-05-21 08:55:34,2026-05-21,2,乒乓球厅-3号,10:00-11:00,1,1,已售/已满,教学时间,多云,18,15,4,0.0,84,28
2026-05-21 09:00:51,2026-05-21,2,乒乓球厅-3号,10:00-11:00,1,1,已售/已满,教学时间,多云,18,15,4,0.0,84,28
2026-05-21 09:01:59,2026-05-21,2,乒乓球厅-3号,10:00-11:00,1,1,已售/已满,教学时间,多云,18,15,4,0.0,83,28
2026-05-21 09:05:33,2026-05-21,2,乒乓球厅-3号,10:00-11:00,1,1,已售/已满,教学时间,多云,18,15,4,0.0,83,28
2026-05-21 09:20:38,2026-05-21,2,乒乓球厅-3号,10:00-11:00,1,1,已售/已满,教学时间,多云,18,16,3,0.0,81,28
2026-05-21 09:30:46,2026-05-21,2,乒乓球厅-3号,10:00-11:00,1,1,已售/已满,教学时间,多云,18,16,3,0.0,81,32
2026-05-21 09:40:36,2026-05-21,2,乒乓球厅-3号,10:00-11:00,1,1,已售/已满,教学时间,多云,19,17,3,0.0,79,32
2026-05-21 09:50:42,2026-05-21,2,乒乓球厅-3号,10:00-11:00,1,1,已售/已满,教学时间,多云,19,17,4,0.0,81,32
2026-05-21 10:00:46,2026-05-21,2,乒乓球厅-3号,10:00-11:00,1,1,已售/已满,教学时间,多云,19,17,4,0.0,79,32
2026-05-21 10:10:40,2026-05-21,2,乒乓球厅-3号,10:00-11:00,1,1,已售/已满,教学时间,多云,19,17,4,0.0,79,32
2026-05-21 10:20:38,2026-05-21,2,乒乓球厅-3号,10:00-11:00,1,1,已售/已满,教学时间,多云,19,17,4,0.0,79,32
2026-05-21 10:30:41,2026-05-21,2,乒乓球厅-3号,10:00-11:00,1,1,已售/已满,教学时间,多云,19,18,3,0.0,78,31
2026-05-21 11:00:44,2026-05-21,2,乒乓球厅-3号,10:00-11:00,1,1,已售/已满,教学时间,多云,21,17,5,0.0,74,31
2026-05-21 11:30:38,2026-05-21,2,乒乓球厅-3号,10:00-11:00,1,1,已售/已满,教学时间,多云,21,19,3,0.0,72,33
2026-05-21 12:00:46,2026-05-21,2,乒乓球厅-3号,10:00-11:00,1,1,已售/已满,教学时间,多云,22,19,4,0.0,70,33
2026-05-21 12:30:42,2026-05-21,2,乒乓球厅-3号,10:00-11:00,1,1,已售/已满,教学时间,多云,22,21,3,0.0,68,35
2026-05-21 13:00:43,2026-05-21,2,乒乓球厅-3号,10:00-11:00,1,1,已售/已满,教学时间,多云,24,22,4,0.0,66,35
2026-05-21 13:30:43,2026-05-21,2,乒乓球厅-3号,10:00-11:00,1,1,已售/已满,教学时间,多云,24,22,4,0.0,66,36
2026-05-21 14:00:48,2026-05-21,2,乒乓球厅-3号,10:00-11:00,1,1,已售/已满,教学时间,多云,25,23,4,0.0,66,36
2026-05-21 14:30:45,2026-05-21,2,乒乓球厅-3号,10:00-11:00,1,1,已售/已满,教学时间,晴,25,25,3,0.0,65,39
2026-05-21 15:00:45,2026-05-21,2,乒乓球厅-3号,10:00-11:00,1,1,已售/已满,教学时间,晴,25,22,4,0.0,56,39
2026-05-21 15:30:43,2026-05-21,2,乒乓球厅-3号,10:00-11:00,1,1,已售/已满,教学时间,晴,25,23,4,0.0,57,40
2026-05-21 16:00:51,2026-05-21,2,乒乓球厅-3号,10:00-11:00,1,1,已售/已满,教学时间,晴,25,23,4,0.0,57,40
2026-05-21 16:30:48,2026-05-21,2,乒乓球厅-3号,10:00-11:00,1,1,已售/已满,教学时间,晴,25,24,3,0.0,60,39
2026-05-21 17:00:49,2026-05-21,2,乒乓球厅-3号,10:00-11:00,1,1,已售/已满,教学时间,晴,25,24,4,0.0,61,39
2026-05-21 17:30:47,2026-05-21,2,乒乓球厅-3号,10:00-11:00,1,1,已售/已满,教学时间,多云,24,23,3,0.0,64,39
2026-05-21 18:00:50,2026-05-21,2,乒乓球厅-3号,10:00-11:00,1,1,已售/已满,教学时间,多云,24,23,3,0.0,68,39
2026-05-21 18:30:50,2026-05-21,2,乒乓球厅-3号,10:00-11:00,1,1,已售/已满,教学时间,阴,24,25,2,0.0,68,40
2026-05-21 19:00:50,2026-05-21,2,乒乓球厅-3号,10:00-11:00,1,1,已售/已满,教学时间,阴,23,23,3,0.0,76,40
2026-05-21 19:30:46,2026-05-21,2,乒乓球厅-3号,10:00-11:00,1,1,已售/已满,教学时间,阴,23,24,2,0.0,77,39
2026-05-21 20:00:49,2026-05-21,2,乒乓球厅-3号,10:00-11:00,1,1,已售/已满,教学时间,雾,22,23,2,0.0,89,39
2026-05-21 20:30:44,2026-05-21,2,乒乓球厅-3号,10:00-11:00,1,1,已售/已满,教学时间,雾,22,24,2,0.0,93,43
2026-05-21 21:00:56,2026-05-21,2,乒乓球厅-3号,10:00-11:00,1,1,已售/已满,教学时间,雾,20,21,2,0.0,98,43
2026-05-21 21:30:46,2026-05-21,2,乒乓球厅-3号,10:00-11:00,1,1,已售/已满,教学时间,雾,20,22,1,0.0,99,41
2026-05-21 22:01:02,2026-05-21,2,乒乓球厅-3号,10:00-11:00,1,1,已售/已满,教学时间,雾,19,20,2,0.0,93,41
2026-05-21 22:30:47,2026-05-21,2,乒乓球厅-3号,10:00-11:00,1,1,已售/已满,教学时间,雾,19,19,3,0.0,88,46
2026-05-21 23:00:56,2026-05-21,2,乒乓球厅-3号,10:00-11:00,1,1,已售/已满,教学时间,多云,18,17,3,0.0,85,46
2026-05-21 23:30:55,2026-05-21,2,乒乓球厅-3号,10:00-11:00,1,1,已售/已满,教学时间,多云,18,17,3,0.0,85,48
2026-05-21 00:30:49,2026-05-21,2,乒乓球厅-3号,11:00-12:00,1,1,已售/已满,教学时间,多云,15,13,3,0.0,100,26
2026-05-21 01:00:55,2026-05-21,2,乒乓球厅-3号,11:00-12:00,1,1,已售/已满,教学时间,多云,15,12,4,0.0,100,26
2026-05-21 01:30:47,2026-05-21,2,乒乓球厅-3号,11:00-12:00,1,1,已售/已满,教学时间,多云,15,13,4,0.0,100,28
2026-05-21 02:00:53,2026-05-21,2,乒乓球厅-3号,11:00-12:00,1,1,已售/已满,教学时间,多云,15,12,4,0.0,100,28
2026-05-21 02:30:49,2026-05-21,2,乒乓球厅-3号,11:00-12:00,1,1,已售/已满,教学时间,多云,15,14,3,0.0,100,29
2026-05-21 03:00:55,2026-05-21,2,乒乓球厅-3号,11:00-12:00,1,1,已售/已满,教学时间,多云,15,12,4,0.0,100,29
2026-05-21 03:30:49,2026-05-21,2,乒乓球厅-3号,11:00-12:00,1,1,已售/已满,教学时间,多云,15,14,3,0.0,100,30
2026-05-21 04:30:45,2026-05-21,2,乒乓球厅-3号,11:00-12:00,1,1,已售/已满,教学时间,多云,15,12,4,0.0,100,29
2026-05-21 05:00:52,2026-05-21,2,乒乓球厅-3号,11:00-12:00,1,1,已售/已满,教学时间,多云,15,12,4,0.0,100,29
2026-05-21 05:30:49,2026-05-21,2,乒乓球厅-3号,11:00-12:00,1,1,已售/已满,教学时间,多云,15,13,3,0.0,100,28
2026-05-21 06:00:50,2026-05-21,2,乒乓球厅-3号,11:00-12:00,1,1,已售/已满,教学时间,多云,15,13,4,0.0,99,28
2026-05-21 06:30:38,2026-05-21,2,乒乓球厅-3号,11:00-12:00,1,1,已售/已满,教学时间,多云,15,13,3,0.0,97,28
2026-05-21 07:00:43,2026-05-21,2,乒乓球厅-3号,11:00-12:00,1,1,已售/已满,教学时间,晴,15,11,5,0.0,93,28
2026-05-21 07:30:39,2026-05-21,2,乒乓球厅-3号,11:00-12:00,1,1,已售/已满,教学时间,晴,17,13,4,0.0,89,29
2026-05-21 07:50:40,2026-05-21,2,乒乓球厅-3号,11:00-12:00,1,1,已售/已满,教学时间,晴,17,13,4,0.0,88,29
2026-05-21 07:53:31,2026-05-21,2,乒乓球厅-3号,11:00-12:00,1,1,已售/已满,教学时间,晴,17,12,5,0.0,86,29
2026-05-21 07:56:31,2026-05-21,2,乒乓球厅-3号,11:00-12:00,1,1,已售/已满,教学时间,晴,17,12,5,0.0,86,29
2026-05-21 07:59:26,2026-05-21,2,乒乓球厅-3号,11:00-12:00,1,1,已售/已满,教学时间,晴,17,12,5,0.0,86,29
2026-05-21 08:00:45,2026-05-21,2,乒乓球厅-3号,11:00-12:00,1,1,已售/已满,教学时间,晴,17,12,5,0.0,86,29
2026-05-21 08:02:30,2026-05-21,2,乒乓球厅-3号,11:00-12:00,1,1,已售/已满,教学时间,多云,17,12,5,0.0,87,29
2026-05-21 08:05:36,2026-05-21,2,乒乓球厅-3号,11:00-12:00,1,1,已售/已满,教学时间,多云,17,12,5,0.0,86,29
2026-05-21 08:08:31,2026-05-21,2,乒乓球厅-3号,11:00-12:00,1,1,已售/已满,教学时间,多云,17,12,5,0.0,86,29
2026-05-21 08:11:30,2026-05-21,2,乒乓球厅-3号,11:00-12:00,1,1,已售/已满,教学时间,多云,17,12,5,0.0,86,29
2026-05-21 08:14:31,2026-05-21,2,乒乓球厅-3号,11:00-12:00,1,1,已售/已满,教学时间,多云,17,12,5,0.0,86,29
2026-05-21 08:17:30,2026-05-21,2,乒乓球厅-3号,11:00-12:00,1,1,已售/已满,教学时间,多云,17,12,5,0.0,86,29
2026-05-21 08:20:35,2026-05-21,2,乒乓球厅-3号,11:00-12:00,1,1,已售/已满,教学时间,多云,17,14,4,0.0,85,29
2026-05-21 08:25:32,2026-05-21,2,乒乓球厅-3号,11:00-12:00,1,1,已售/已满,教学时间,多云,17,14,4,0.0,85,28
2026-05-21 08:30:42,2026-05-21,2,乒乓球厅-3号,11:00-12:00,1,1,已售/已满,教学时间,多云,18,15,4,0.0,84,28
2026-05-21 08:35:31,2026-05-21,2,乒乓球厅-3号,11:00-12:00,1,1,已售/已满,教学时间,多云,18,15,4,0.0,84,28
2026-05-21 08:40:38,2026-05-21,2,乒乓球厅-3号,11:00-12:00,1,1,已售/已满,教学时间,多云,18,15,4,0.0,82,28
2026-05-21 08:45:33,2026-05-21,2,乒乓球厅-3号,11:00-12:00,1,1,已售/已满,教学时间,多云,18,15,4,0.0,82,28
2026-05-21 08:50:36,2026-05-21,2,乒乓球厅-3号,11:00-12:00,1,1,已售/已满,教学时间,多云,18,15,4,0.0,82,28
2026-05-21 08:55:34,2026-05-21,2,乒乓球厅-3号,11:00-12:00,1,1,已售/已满,教学时间,多云,18,15,4,0.0,84,28
2026-05-21 09:00:51,2026-05-21,2,乒乓球厅-3号,11:00-12:00,1,1,已售/已满,教学时间,多云,18,15,4,0.0,84,28
2026-05-21 09:01:59,2026-05-21,2,乒乓球厅-3号,11:00-12:00,1,1,已售/已满,教学时间,多云,18,15,4,0.0,83,28
2026-05-21 09:05:33,2026-05-21,2,乒乓球厅-3号,11:00-12:00,1,1,已售/已满,教学时间,多云,18,15,4,0.0,83,28
2026-05-21 09:20:38,2026-05-21,2,乒乓球厅-3号,11:00-12:00,1,1,已售/已满,教学时间,多云,18,16,3,0.0,81,28
2026-05-21 09:30:46,2026-05-21,2,乒乓球厅-3号,11:00-12:00,1,1,已售/已满,教学时间,多云,18,16,3,0.0,81,32
2026-05-21 09:40:36,2026-05-21,2,乒乓球厅-3号,11:00-12:00,1,1,已售/已满,教学时间,多云,19,17,3,0.0,79,32
2026-05-21 09:50:42,2026-05-21,2,乒乓球厅-3号,11:00-12:00,1,1,已售/已满,教学时间,多云,19,17,4,0.0,81,32
2026-05-21 10:00:46,2026-05-21,2,乒乓球厅-3号,11:00-12:00,1,1,已售/已满,教学时间,多云,19,17,4,0.0,79,32
2026-05-21 10:10:40,2026-05-21,2,乒乓球厅-3号,11:00-12:00,1,1,已售/已满,教学时间,多云,19,17,4,0.0,79,32
2026-05-21 10:20:38,2026-05-21,2,乒乓球厅-3号,11:00-12:00,1,1,已售/已满,教学时间,多云,19,17,4,0.0,79,32
2026-05-21 10:30:41,2026-05-21,2,乒乓球厅-3号,11:00-12:00,1,1,已售/已满,教学时间,多云,19,18,3,0.0,78,31
2026-05-21 11:00:44,2026-05-21,2,乒乓球厅-3号,11:00-12:00,1,1,已售/已满,教学时间,多云,21,17,5,0.0,74,31
2026-05-21 11:30:38,2026-05-21,2,乒乓球厅-3号,11:00-12:00,1,1,已售/已满,教学时间,多云,21,19,3,0.0,72,33
2026-05-21 12:00:46,2026-05-21,2,乒乓球厅-3号,11:00-12:00,1,1,已售/已满,教学时间,多云,22,19,4,0.0,70,33
2026-05-21 12:30:42,2026-05-21,2,乒乓球厅-3号,11:00-12:00,1,1,已售/已满,教学时间,多云,22,21,3,0.0,68,35
2026-05-21 13:00:43,2026-05-21,2,乒乓球厅-3号,11:00-12:00,1,1,已售/已满,教学时间,多云,24,22,4,0.0,66,35
2026-05-21 13:30:43,2026-05-21,2,乒乓球厅-3号,11:00-12:00,1,1,已售/已满,教学时间,多云,24,22,4,0.0,66,36
2026-05-21 14:00:48,2026-05-21,2,乒乓球厅-3号,11:00-12:00,1,1,已售/已满,教学时间,多云,25,23,4,0.0,66,36
2026-05-21 14:30:45,2026-05-21,2,乒乓球厅-3号,11:00-12:00,1,1,已售/已满,教学时间,晴,25,25,3,0.0,65,39
2026-05-21 15:00:45,2026-05-21,2,乒乓球厅-3号,11:00-12:00,1,1,已售/已满,教学时间,晴,25,22,4,0.0,56,39
2026-05-21 15:30:43,2026-05-21,2,乒乓球厅-3号,11:00-12:00,1,1,已售/已满,教学时间,晴,25,23,4,0.0,57,40
2026-05-21 16:00:51,2026-05-21,2,乒乓球厅-3号,11:00-12:00,1,1,已售/已满,教学时间,晴,25,23,4,0.0,57,40
2026-05-21 16:30:48,2026-05-21,2,乒乓球厅-3号,11:00-12:00,1,1,已售/已满,教学时间,晴,25,24,3,0.0,60,39
2026-05-21 17:00:49,2026-05-21,2,乒乓球厅-3号,11:00-12:00,1,1,已售/已满,教学时间,晴,25,24,4,0.0,61,39
2026-05-21 17:30:47,2026-05-21,2,乒乓球厅-3号,11:00-12:00,1,1,已售/已满,教学时间,多云,24,23,3,0.0,64,39
2026-05-21 18:00:50,2026-05-21,2,乒乓球厅-3号,11:00-12:00,1,1,已售/已满,教学时间,多云,24,23,3,0.0,68,39
2026-05-21 18:30:50,2026-05-21,2,乒乓球厅-3号,11:00-12:00,1,1,已售/已满,教学时间,阴,24,25,2,0.0,68,40
2026-05-21 19:00:50,2026-05-21,2,乒乓球厅-3号,11:00-12:00,1,1,已售/已满,教学时间,阴,23,23,3,0.0,76,40
2026-05-21 19:30:46,2026-05-21,2,乒乓球厅-3号,11:00-12:00,1,1,已售/已满,教学时间,阴,23,24,2,0.0,77,39
2026-05-21 20:00:49,2026-05-21,2,乒乓球厅-3号,11:00-12:00,1,1,已售/已满,教学时间,雾,22,23,2,0.0,89,39
2026-05-21 20:30:44,2026-05-21,2,乒乓球厅-3号,11:00-12:00,1,1,已售/已满,教学时间,雾,22,24,2,0.0,93,43
2026-05-21 21:00:56,2026-05-21,2,乒乓球厅-3号,11:00-12:00,1,1,已售/已满,教学时间,雾,20,21,2,0.0,98,43
2026-05-21 21:30:46,2026-05-21,2,乒乓球厅-3号,11:00-12:00,1,1,已售/已满,教学时间,雾,20,22,1,0.0,99,41
2026-05-21 22:01:02,2026-05-21,2,乒乓球厅-3号,11:00-12:00,1,1,已售/已满,教学时间,雾,19,20,2,0.0,93,41
2026-05-21 22:30:47,2026-05-21,2,乒乓球厅-3号,11:00-12:00,1,1,已售/已满,教学时间,雾,19,19,3,0.0,88,46
2026-05-21 23:00:56,2026-05-21,2,乒乓球厅-3号,11:00-12:00,1,1,已售/已满,教学时间,多云,18,17,3,0.0,85,46
2026-05-21 23:30:55,2026-05-21,2,乒乓球厅-3号,11:00-12:00,1,1,已售/已满,教学时间,多云,18,17,3,0.0,85,48
2026-05-21 00:30:49,2026-05-21,2,乒乓球厅-3号,12:00-12:55,0,1,可预约,￥0.0,多云,15,13,3,0.0,100,26
2026-05-21 01:00:55,2026-05-21,2,乒乓球厅-3号,12:00-12:55,0,1,可预约,￥0.0,多云,15,12,4,0.0,100,26
2026-05-21 01:30:47,2026-05-21,2,乒乓球厅-3号,12:00-12:55,0,1,可预约,￥0.0,多云,15,13,4,0.0,100,28
2026-05-21 02:00:53,2026-05-21,2,乒乓球厅-3号,12:00-12:55,0,1,可预约,￥0.0,多云,15,12,4,0.0,100,28
2026-05-21 02:30:49,2026-05-21,2,乒乓球厅-3号,12:00-12:55,0,1,可预约,￥0.0,多云,15,14,3,0.0,100,29
2026-05-21 03:00:55,2026-05-21,2,乒乓球厅-3号,12:00-12:55,0,1,可预约,￥0.0,多云,15,12,4,0.0,100,29
2026-05-21 03:30:49,2026-05-21,2,乒乓球厅-3号,12:00-12:55,0,1,可预约,￥0.0,多云,15,14,3,0.0,100,30
2026-05-21 04:30:45,2026-05-21,2,乒乓球厅-3号,12:00-12:55,0,1,可预约,￥0.0,多云,15,12,4,0.0,100,29
2026-05-21 05:00:52,2026-05-21,2,乒乓球厅-3号,12:00-12:55,0,1,可预约,￥0.0,多云,15,12,4,0.0,100,29
2026-05-21 05:30:49,2026-05-21,2,乒乓球厅-3号,12:00-12:55,0,1,可预约,￥0.0,多云,15,13,3,0.0,100,28
2026-05-21 06:00:50,2026-05-21,2,乒乓球厅-3号,12:00-12:55,0,1,可预约,￥0.0,多云,15,13,4,0.0,99,28
2026-05-21 06:30:38,2026-05-21,2,乒乓球厅-3号,12:00-12:55,0,1,可预约,￥0.0,多云,15,13,3,0.0,97,28
2026-05-21 07:00:43,2026-05-21,2,乒乓球厅-3号,12:00-12:55,0,1,可预约,￥0.0,晴,15,11,5,0.0,93,28
2026-05-21 07:30:39,2026-05-21,2,乒乓球厅-3号,12:00-12:55,0,1,可预约,￥0.0,晴,17,13,4,0.0,89,29
2026-05-21 07:50:40,2026-05-21,2,乒乓球厅-3号,12:00-12:55,0,1,可预约,￥0.0,晴,17,13,4,0.0,88,29
2026-05-21 07:53:31,2026-05-21,2,乒乓球厅-3号,12:00-12:55,0,1,可预约,￥0.0,晴,17,12,5,0.0,86,29
2026-05-21 07:56:31,2026-05-21,2,乒乓球厅-3号,12:00-12:55,0,1,可预约,￥0.0,晴,17,12,5,0.0,86,29
2026-05-21 07:59:26,2026-05-21,2,乒乓球厅-3号,12:00-12:55,0,1,可预约,￥0.0,晴,17,12,5,0.0,86,29
2026-05-21 08:00:45,2026-05-21,2,乒乓球厅-3号,12:00-12:55,0,1,可预约,￥0.0,晴,17,12,5,0.0,86,29
2026-05-21 08:02:30,2026-05-21,2,乒乓球厅-3号,12:00-12:55,0,1,可预约,￥0.0,多云,17,12,5,0.0,87,29
2026-05-21 08:05:36,2026-05-21,2,乒乓球厅-3号,12:00-12:55,0,1,可预约,￥0.0,多云,17,12,5,0.0,86,29
2026-05-21 08:08:31,2026-05-21,2,乒乓球厅-3号,12:00-12:55,0,1,可预约,￥0.0,多云,17,12,5,0.0,86,29
2026-05-21 08:11:30,2026-05-21,2,乒乓球厅-3号,12:00-12:55,0,1,可预约,￥0.0,多云,17,12,5,0.0,86,29
2026-05-21 08:14:31,2026-05-21,2,乒乓球厅-3号,12:00-12:55,0,1,可预约,￥0.0,多云,17,12,5,0.0,86,29
2026-05-21 08:17:30,2026-05-21,2,乒乓球厅-3号,12:00-12:55,0,1,可预约,￥0.0,多云,17,12,5,0.0,86,29
2026-05-21 08:20:35,2026-05-21,2,乒乓球厅-3号,12:00-12:55,0,1,可预约,￥0.0,多云,17,14,4,0.0,85,29
2026-05-21 08:25:32,2026-05-21,2,乒乓球厅-3号,12:00-12:55,0,1,可预约,￥0.0,多云,17,14,4,0.0,85,28
2026-05-21 08:30:42,2026-05-21,2,乒乓球厅-3号,12:00-12:55,0,1,可预约,￥0.0,多云,18,15,4,0.0,84,28
2026-05-21 08:35:31,2026-05-21,2,乒乓球厅-3号,12:00-12:55,0,1,可预约,￥0.0,多云,18,15,4,0.0,84,28
2026-05-21 08:40:38,2026-05-21,2,乒乓球厅-3号,12:00-12:55,0,1,可预约,￥0.0,多云,18,15,4,0.0,82,28
2026-05-21 08:45:33,2026-05-21,2,乒乓球厅-3号,12:00-12:55,0,1,可预约,￥0.0,多云,18,15,4,0.0,82,28
2026-05-21 08:50:36,2026-05-21,2,乒乓球厅-3号,12:00-12:55,0,1,可预约,￥0.0,多云,18,15,4,0.0,82,28
2026-05-21 08:55:34,2026-05-21,2,乒乓球厅-3号,12:00-12:55,0,1,可预约,￥0.0,多云,18,15,4,0.0,84,28
2026-05-21 09:00:51,2026-05-21,2,乒乓球厅-3号,12:00-12:55,0,1,可预约,￥0.0,多云,18,15,4,0.0,84,28
2026-05-21 09:01:59,2026-05-21,2,乒乓球厅-3号,12:00-12:55,0,1,可预约,￥0.0,多云,18,15,4,0.0,83,28
2026-05-21 09:05:33,2026-05-21,2,乒乓球厅-3号,12:00-12:55,0,1,可预约,￥0.0,多云,18,15,4,0.0,83,28
2026-05-21 09:20:38,2026-05-21,2,乒乓球厅-3号,12:00-12:55,0,1,可预约,￥0.0,多云,18,16,3,0.0,81,28
2026-05-21 09:30:46,2026-05-21,2,乒乓球厅-3号,12:00-12:55,0,1,可预约,￥0.0,多云,18,16,3,0.0,81,32
2026-05-21 09:40:36,2026-05-21,2,乒乓球厅-3号,12:00-12:55,0,1,可预约,￥0.0,多云,19,17,3,0.0,79,32
2026-05-21 09:50:42,2026-05-21,2,乒乓球厅-3号,12:00-12:55,0,1,可预约,￥0.0,多云,19,17,4,0.0,81,32
2026-05-21 10:00:46,2026-05-21,2,乒乓球厅-3号,12:00-12:55,0,1,可预约,￥0.0,多云,19,17,4,0.0,79,32
2026-05-21 10:10:40,2026-05-21,2,乒乓球厅-3号,12:00-12:55,0,1,可预约,￥0.0,多云,19,17,4,0.0,79,32
2026-05-21 10:20:38,2026-05-21,2,乒乓球厅-3号,12:00-12:55,0,1,可预约,￥0.0,多云,19,17,4,0.0,79,32
2026-05-21 10:30:41,2026-05-21,2,乒乓球厅-3号,12:00-12:55,0,1,可预约,￥0.0,多云,19,18,3,0.0,78,31
2026-05-21 11:00:44,2026-05-21,2,乒乓球厅-3号,12:00-12:55,0,1,可预约,￥0.0,多云,21,17,5,0.0,74,31
2026-05-21 11:30:38,2026-05-21,2,乒乓球厅-3号,12:00-12:55,0,1,可预约,￥0.0,多云,21,19,3,0.0,72,33
2026-05-21 12:00:46,2026-05-21,2,乒乓球厅-3号,12:00-12:55,0,1,可预约,￥0.0,多云,22,19,4,0.0,70,33
2026-05-21 12:30:42,2026-05-21,2,乒乓球厅-3号,12:00-12:55,0,1,可预约,￥0.0,多云,22,21,3,0.0,68,35
2026-05-21 13:00:43,2026-05-21,2,乒乓球厅-3号,12:00-12:55,0,1,不开放/已过期,,多云,24,22,4,0.0,66,35
2026-05-21 13:30:43,2026-05-21,2,乒乓球厅-3号,12:00-12:55,0,1,不开放/已过期,,多云,24,22,4,0.0,66,36
2026-05-21 14:00:48,2026-05-21,2,乒乓球厅-3号,12:00-12:55,0,1,不开放/已过期,,多云,25,23,4,0.0,66,36
2026-05-21 14:30:45,2026-05-21,2,乒乓球厅-3号,12:00-12:55,0,1,不开放/已过期,,晴,25,25,3,0.0,65,39
2026-05-21 15:00:45,2026-05-21,2,乒乓球厅-3号,12:00-12:55,0,1,不开放/已过期,,晴,25,22,4,0.0,56,39
2026-05-21 15:30:43,2026-05-21,2,乒乓球厅-3号,12:00-12:55,0,1,不开放/已过期,,晴,25,23,4,0.0,57,40
2026-05-21 16:00:51,2026-05-21,2,乒乓球厅-3号,12:00-12:55,0,1,不开放/已过期,,晴,25,23,4,0.0,57,40
2026-05-21 16:30:48,2026-05-21,2,乒乓球厅-3号,12:00-12:55,0,1,不开放/已过期,,晴,25,24,3,0.0,60,39
2026-05-21 17:00:49,2026-05-21,2,乒乓球厅-3号,12:00-12:55,0,1,不开放/已过期,,晴,25,24,4,0.0,61,39
2026-05-21 17:30:47,2026-05-21,2,乒乓球厅-3号,12:00-12:55,0,1,不开放/已过期,,多云,24,23,3,0.0,64,39
2026-05-21 18:00:50,2026-05-21,2,乒乓球厅-3号,12:00-12:55,0,1,不开放/已过期,,多云,24,23,3,0.0,68,39
2026-05-21 18:30:50,2026-05-21,2,乒乓球厅-3号,12:00-12:55,0,1,不开放/已过期,,阴,24,25,2,0.0,68,40
2026-05-21 19:00:50,2026-05-21,2,乒乓球厅-3号,12:00-12:55,0,1,不开放/已过期,,阴,23,23,3,0.0,76,40
2026-05-21 19:30:46,2026-05-21,2,乒乓球厅-3号,12:00-12:55,0,1,不开放/已过期,,阴,23,24,2,0.0,77,39
2026-05-21 20:00:49,2026-05-21,2,乒乓球厅-3号,12:00-12:55,0,1,不开放/已过期,,雾,22,23,2,0.0,89,39
2026-05-21 20:30:44,2026-05-21,2,乒乓球厅-3号,12:00-12:55,0,1,不开放/已过期,,雾,22,24,2,0.0,93,43
2026-05-21 21:00:56,2026-05-21,2,乒乓球厅-3号,12:00-12:55,0,1,不开放/已过期,,雾,20,21,2,0.0,98,43
2026-05-21 21:30:46,2026-05-21,2,乒乓球厅-3号,12:00-12:55,0,1,不开放/已过期,,雾,20,22,1,0.0,99,41
2026-05-21 22:01:02,2026-05-21,2,乒乓球厅-3号,12:00-12:55,0,1,不开放/已过期,,雾,19,20,2,0.0,93,41
2026-05-21 22:30:47,2026-05-21,2,乒乓球厅-3号,12:00-12:55,0,1,不开放/已过期,,雾,19,19,3,0.0,88,46
2026-05-21 23:00:56,2026-05-21,2,乒乓球厅-3号,12:00-12:55,0,1,不开放/已过期,,多云,18,17,3,0.0,85,46
2026-05-21 23:30:55,2026-05-21,2,乒乓球厅-3号,12:00-12:55,0,1,不开放/已过期,,多云,18,17,3,0.0,85,48
2026-05-21 00:30:49,2026-05-21,2,乒乓球厅-3号,12:55-13:50,0,1,可预约,￥0.0,多云,15,13,3,0.0,100,26
2026-05-21 01:00:55,2026-05-21,2,乒乓球厅-3号,12:55-13:50,0,1,可预约,￥0.0,多云,15,12,4,0.0,100,26
2026-05-21 01:30:47,2026-05-21,2,乒乓球厅-3号,12:55-13:50,0,1,可预约,￥0.0,多云,15,13,4,0.0,100,28
2026-05-21 02:00:53,2026-05-21,2,乒乓球厅-3号,12:55-13:50,0,1,可预约,￥0.0,多云,15,12,4,0.0,100,28
2026-05-21 02:30:49,2026-05-21,2,乒乓球厅-3号,12:55-13:50,0,1,可预约,￥0.0,多云,15,14,3,0.0,100,29
2026-05-21 03:00:55,2026-05-21,2,乒乓球厅-3号,12:55-13:50,0,1,可预约,￥0.0,多云,15,12,4,0.0,100,29
2026-05-21 03:30:49,2026-05-21,2,乒乓球厅-3号,12:55-13:50,0,1,可预约,￥0.0,多云,15,14,3,0.0,100,30
2026-05-21 04:30:45,2026-05-21,2,乒乓球厅-3号,12:55-13:50,0,1,可预约,￥0.0,多云,15,12,4,0.0,100,29
2026-05-21 05:00:52,2026-05-21,2,乒乓球厅-3号,12:55-13:50,0,1,可预约,￥0.0,多云,15,12,4,0.0,100,29
2026-05-21 05:30:49,2026-05-21,2,乒乓球厅-3号,12:55-13:50,0,1,可预约,￥0.0,多云,15,13,3,0.0,100,28
2026-05-21 06:00:50,2026-05-21,2,乒乓球厅-3号,12:55-13:50,0,1,可预约,￥0.0,多云,15,13,4,0.0,99,28
2026-05-21 06:30:38,2026-05-21,2,乒乓球厅-3号,12:55-13:50,0,1,可预约,￥0.0,多云,15,13,3,0.0,97,28
2026-05-21 07:00:43,2026-05-21,2,乒乓球厅-3号,12:55-13:50,0,1,可预约,￥0.0,晴,15,11,5,0.0,93,28
2026-05-21 07:30:39,2026-05-21,2,乒乓球厅-3号,12:55-13:50,0,1,可预约,￥0.0,晴,17,13,4,0.0,89,29
2026-05-21 07:50:40,2026-05-21,2,乒乓球厅-3号,12:55-13:50,0,1,可预约,￥0.0,晴,17,13,4,0.0,88,29
2026-05-21 07:53:31,2026-05-21,2,乒乓球厅-3号,12:55-13:50,0,1,可预约,￥0.0,晴,17,12,5,0.0,86,29
2026-05-21 07:56:31,2026-05-21,2,乒乓球厅-3号,12:55-13:50,0,1,可预约,￥0.0,晴,17,12,5,0.0,86,29
2026-05-21 07:59:26,2026-05-21,2,乒乓球厅-3号,12:55-13:50,0,1,可预约,￥0.0,晴,17,12,5,0.0,86,29
2026-05-21 08:00:45,2026-05-21,2,乒乓球厅-3号,12:55-13:50,0,1,可预约,￥0.0,晴,17,12,5,0.0,86,29
2026-05-21 08:02:30,2026-05-21,2,乒乓球厅-3号,12:55-13:50,0,1,可预约,￥0.0,多云,17,12,5,0.0,87,29
2026-05-21 08:05:36,2026-05-21,2,乒乓球厅-3号,12:55-13:50,0,1,可预约,￥0.0,多云,17,12,5,0.0,86,29
2026-05-21 08:08:31,2026-05-21,2,乒乓球厅-3号,12:55-13:50,0,1,可预约,￥0.0,多云,17,12,5,0.0,86,29
2026-05-21 08:11:30,2026-05-21,2,乒乓球厅-3号,12:55-13:50,0,1,可预约,￥0.0,多云,17,12,5,0.0,86,29
2026-05-21 08:14:31,2026-05-21,2,乒乓球厅-3号,12:55-13:50,0,1,可预约,￥0.0,多云,17,12,5,0.0,86,29
2026-05-21 08:17:30,2026-05-21,2,乒乓球厅-3号,12:55-13:50,0,1,可预约,￥0.0,多云,17,12,5,0.0,86,29
2026-05-21 08:20:35,2026-05-21,2,乒乓球厅-3号,12:55-13:50,0,1,可预约,￥0.0,多云,17,14,4,0.0,85,29
2026-05-21 08:25:32,2026-05-21,2,乒乓球厅-3号,12:55-13:50,0,1,可预约,￥0.0,多云,17,14,4,0.0,85,28
2026-05-21 08:30:42,2026-05-21,2,乒乓球厅-3号,12:55-13:50,0,1,可预约,￥0.0,多云,18,15,4,0.0,84,28
2026-05-21 08:35:31,2026-05-21,2,乒乓球厅-3号,12:55-13:50,0,1,可预约,￥0.0,多云,18,15,4,0.0,84,28
2026-05-21 08:40:38,2026-05-21,2,乒乓球厅-3号,12:55-13:50,0,1,可预约,￥0.0,多云,18,15,4,0.0,82,28
2026-05-21 08:45:33,2026-05-21,2,乒乓球厅-3号,12:55-13:50,0,1,可预约,￥0.0,多云,18,15,4,0.0,82,28
2026-05-21 08:50:36,2026-05-21,2,乒乓球厅-3号,12:55-13:50,0,1,可预约,￥0.0,多云,18,15,4,0.0,82,28
2026-05-21 08:55:34,2026-05-21,2,乒乓球厅-3号,12:55-13:50,0,1,可预约,￥0.0,多云,18,15,4,0.0,84,28
2026-05-21 09:00:51,2026-05-21,2,乒乓球厅-3号,12:55-13:50,0,1,可预约,￥0.0,多云,18,15,4,0.0,84,28
2026-05-21 09:01:59,2026-05-21,2,乒乓球厅-3号,12:55-13:50,0,1,可预约,￥0.0,多云,18,15,4,0.0,83,28
2026-05-21 09:05:33,2026-05-21,2,乒乓球厅-3号,12:55-13:50,0,1,可预约,￥0.0,多云,18,15,4,0.0,83,28
2026-05-21 09:20:38,2026-05-21,2,乒乓球厅-3号,12:55-13:50,0,1,可预约,￥0.0,多云,18,16,3,0.0,81,28
2026-05-21 09:30:46,2026-05-21,2,乒乓球厅-3号,12:55-13:50,0,1,可预约,￥0.0,多云,18,16,3,0.0,81,32
2026-05-21 09:40:36,2026-05-21,2,乒乓球厅-3号,12:55-13:50,0,1,可预约,￥0.0,多云,19,17,3,0.0,79,32
2026-05-21 09:50:42,2026-05-21,2,乒乓球厅-3号,12:55-13:50,0,1,可预约,￥0.0,多云,19,17,4,0.0,81,32
2026-05-21 10:00:46,2026-05-21,2,乒乓球厅-3号,12:55-13:50,0,1,可预约,￥0.0,多云,19,17,4,0.0,79,32
2026-05-21 10:10:40,2026-05-21,2,乒乓球厅-3号,12:55-13:50,0,1,可预约,￥0.0,多云,19,17,4,0.0,79,32
2026-05-21 10:20:38,2026-05-21,2,乒乓球厅-3号,12:55-13:50,0,1,可预约,￥0.0,多云,19,17,4,0.0,79,32
2026-05-21 10:30:41,2026-05-21,2,乒乓球厅-3号,12:55-13:50,0,1,可预约,￥0.0,多云,19,18,3,0.0,78,31
2026-05-21 11:00:44,2026-05-21,2,乒乓球厅-3号,12:55-13:50,0,1,可预约,￥0.0,多云,21,17,5,0.0,74,31
2026-05-21 11:30:38,2026-05-21,2,乒乓球厅-3号,12:55-13:50,0,1,可预约,￥0.0,多云,21,19,3,0.0,72,33
2026-05-21 12:00:46,2026-05-21,2,乒乓球厅-3号,12:55-13:50,0,1,可预约,￥0.0,多云,22,19,4,0.0,70,33
2026-05-21 12:30:42,2026-05-21,2,乒乓球厅-3号,12:55-13:50,0,1,可预约,￥0.0,多云,22,21,3,0.0,68,35
2026-05-21 13:00:43,2026-05-21,2,乒乓球厅-3号,12:55-13:50,0,1,可预约,￥0.0,多云,24,22,4,0.0,66,35
2026-05-21 13:30:43,2026-05-21,2,乒乓球厅-3号,12:55-13:50,0,1,可预约,￥0.0,多云,24,22,4,0.0,66,36
2026-05-21 14:00:48,2026-05-21,2,乒乓球厅-3号,12:55-13:50,0,1,不开放/已过期,,多云,25,23,4,0.0,66,36
2026-05-21 14:30:45,2026-05-21,2,乒乓球厅-3号,12:55-13:50,0,1,不开放/已过期,,晴,25,25,3,0.0,65,39
2026-05-21 15:00:45,2026-05-21,2,乒乓球厅-3号,12:55-13:50,0,1,不开放/已过期,,晴,25,22,4,0.0,56,39
2026-05-21 15:30:43,2026-05-21,2,乒乓球厅-3号,12:55-13:50,0,1,不开放/已过期,,晴,25,23,4,0.0,57,40
2026-05-21 16:00:51,2026-05-21,2,乒乓球厅-3号,12:55-13:50,0,1,不开放/已过期,,晴,25,23,4,0.0,57,40
2026-05-21 16:30:48,2026-05-21,2,乒乓球厅-3号,12:55-13:50,0,1,不开放/已过期,,晴,25,24,3,0.0,60,39
2026-05-21 17:00:49,2026-05-21,2,乒乓球厅-3号,12:55-13:50,0,1,不开放/已过期,,晴,25,24,4,0.0,61,39
2026-05-21 17:30:47,2026-05-21,2,乒乓球厅-3号,12:55-13:50,0,1,不开放/已过期,,多云,24,23,3,0.0,64,39
2026-05-21 18:00:50,2026-05-21,2,乒乓球厅-3号,12:55-13:50,0,1,不开放/已过期,,多云,24,23,3,0.0,68,39
2026-05-21 18:30:50,2026-05-21,2,乒乓球厅-3号,12:55-13:50,0,1,不开放/已过期,,阴,24,25,2,0.0,68,40
2026-05-21 19:00:50,2026-05-21,2,乒乓球厅-3号,12:55-13:50,0,1,不开放/已过期,,阴,23,23,3,0.0,76,40
2026-05-21 19:30:46,2026-05-21,2,乒乓球厅-3号,12:55-13:50,0,1,不开放/已过期,,阴,23,24,2,0.0,77,39
2026-05-21 20:00:49,2026-05-21,2,乒乓球厅-3号,12:55-13:50,0,1,不开放/已过期,,雾,22,23,2,0.0,89,39
2026-05-21 20:30:44,2026-05-21,2,乒乓球厅-3号,12:55-13:50,0,1,不开放/已过期,,雾,22,24,2,0.0,93,43
2026-05-21 21:00:56,2026-05-21,2,乒乓球厅-3号,12:55-13:50,0,1,不开放/已过期,,雾,20,21,2,0.0,98,43
2026-05-21 21:30:46,2026-05-21,2,乒乓球厅-3号,12:55-13:50,0,1,不开放/已过期,,雾,20,22,1,0.0,99,41
2026-05-21 22:01:02,2026-05-21,2,乒乓球厅-3号,12:55-13:50,0,1,不开放/已过期,,雾,19,20,2,0.0,93,41
2026-05-21 22:30:47,2026-05-21,2,乒乓球厅-3号,12:55-13:50,0,1,不开放/已过期,,雾,19,19,3,0.0,88,46
2026-05-21 23:00:56,2026-05-21,2,乒乓球厅-3号,12:55-13:50,0,1,不开放/已过期,,多云,18,17,3,0.0,85,46
2026-05-21 23:30:55,2026-05-21,2,乒乓球厅-3号,12:55-13:50,0,1,不开放/已过期,,多云,18,17,3,0.0,85,48
2026-05-21 00:30:49,2026-05-21,2,乒乓球厅-3号,14:00-15:00,0,1,可预约,￥5.0,多云,15,13,3,0.0,100,26
2026-05-21 01:00:55,2026-05-21,2,乒乓球厅-3号,14:00-15:00,0,1,可预约,￥5.0,多云,15,12,4,0.0,100,26
2026-05-21 01:30:47,2026-05-21,2,乒乓球厅-3号,14:00-15:00,0,1,可预约,￥5.0,多云,15,13,4,0.0,100,28
2026-05-21 02:00:53,2026-05-21,2,乒乓球厅-3号,14:00-15:00,0,1,可预约,￥5.0,多云,15,12,4,0.0,100,28
2026-05-21 02:30:49,2026-05-21,2,乒乓球厅-3号,14:00-15:00,0,1,可预约,￥5.0,多云,15,14,3,0.0,100,29
2026-05-21 03:00:55,2026-05-21,2,乒乓球厅-3号,14:00-15:00,0,1,可预约,￥5.0,多云,15,12,4,0.0,100,29
2026-05-21 03:30:49,2026-05-21,2,乒乓球厅-3号,14:00-15:00,0,1,可预约,￥5.0,多云,15,14,3,0.0,100,30
2026-05-21 04:30:45,2026-05-21,2,乒乓球厅-3号,14:00-15:00,0,1,可预约,￥5.0,多云,15,12,4,0.0,100,29
2026-05-21 05:00:52,2026-05-21,2,乒乓球厅-3号,14:00-15:00,0,1,可预约,￥5.0,多云,15,12,4,0.0,100,29
2026-05-21 05:30:49,2026-05-21,2,乒乓球厅-3号,14:00-15:00,0,1,可预约,￥5.0,多云,15,13,3,0.0,100,28
2026-05-21 06:00:50,2026-05-21,2,乒乓球厅-3号,14:00-15:00,0,1,可预约,￥5.0,多云,15,13,4,0.0,99,28
2026-05-21 06:30:38,2026-05-21,2,乒乓球厅-3号,14:00-15:00,0,1,可预约,￥5.0,多云,15,13,3,0.0,97,28
2026-05-21 07:00:43,2026-05-21,2,乒乓球厅-3号,14:00-15:00,0,1,可预约,￥5.0,晴,15,11,5,0.0,93,28
2026-05-21 07:30:39,2026-05-21,2,乒乓球厅-3号,14:00-15:00,0,1,可预约,￥5.0,晴,17,13,4,0.0,89,29
2026-05-21 07:50:40,2026-05-21,2,乒乓球厅-3号,14:00-15:00,0,1,可预约,￥5.0,晴,17,13,4,0.0,88,29
2026-05-21 07:53:31,2026-05-21,2,乒乓球厅-3号,14:00-15:00,0,1,可预约,￥5.0,晴,17,12,5,0.0,86,29
2026-05-21 07:56:31,2026-05-21,2,乒乓球厅-3号,14:00-15:00,0,1,可预约,￥5.0,晴,17,12,5,0.0,86,29
2026-05-21 07:59:26,2026-05-21,2,乒乓球厅-3号,14:00-15:00,0,1,可预约,￥5.0,晴,17,12,5,0.0,86,29
2026-05-21 08:00:45,2026-05-21,2,乒乓球厅-3号,14:00-15:00,0,1,可预约,￥5.0,晴,17,12,5,0.0,86,29
2026-05-21 08:02:30,2026-05-21,2,乒乓球厅-3号,14:00-15:00,0,1,可预约,￥5.0,多云,17,12,5,0.0,87,29
2026-05-21 08:05:36,2026-05-21,2,乒乓球厅-3号,14:00-15:00,0,1,可预约,￥5.0,多云,17,12,5,0.0,86,29
2026-05-21 08:08:31,2026-05-21,2,乒乓球厅-3号,14:00-15:00,0,1,可预约,￥5.0,多云,17,12,5,0.0,86,29
2026-05-21 08:11:30,2026-05-21,2,乒乓球厅-3号,14:00-15:00,0,1,可预约,￥5.0,多云,17,12,5,0.0,86,29
2026-05-21 08:14:31,2026-05-21,2,乒乓球厅-3号,14:00-15:00,0,1,可预约,￥5.0,多云,17,12,5,0.0,86,29
2026-05-21 08:17:30,2026-05-21,2,乒乓球厅-3号,14:00-15:00,0,1,可预约,￥5.0,多云,17,12,5,0.0,86,29
2026-05-21 08:20:35,2026-05-21,2,乒乓球厅-3号,14:00-15:00,0,1,可预约,￥5.0,多云,17,14,4,0.0,85,29
2026-05-21 08:25:32,2026-05-21,2,乒乓球厅-3号,14:00-15:00,0,1,可预约,￥5.0,多云,17,14,4,0.0,85,28
2026-05-21 08:30:42,2026-05-21,2,乒乓球厅-3号,14:00-15:00,0,1,可预约,￥5.0,多云,18,15,4,0.0,84,28
2026-05-21 08:35:31,2026-05-21,2,乒乓球厅-3号,14:00-15:00,0,1,可预约,￥5.0,多云,18,15,4,0.0,84,28
2026-05-21 08:40:38,2026-05-21,2,乒乓球厅-3号,14:00-15:00,0,1,可预约,￥5.0,多云,18,15,4,0.0,82,28
2026-05-21 08:45:33,2026-05-21,2,乒乓球厅-3号,14:00-15:00,0,1,可预约,￥5.0,多云,18,15,4,0.0,82,28
2026-05-21 08:50:36,2026-05-21,2,乒乓球厅-3号,14:00-15:00,0,1,可预约,￥5.0,多云,18,15,4,0.0,82,28
2026-05-21 08:55:34,2026-05-21,2,乒乓球厅-3号,14:00-15:00,0,1,可预约,￥5.0,多云,18,15,4,0.0,84,28
2026-05-21 09:00:51,2026-05-21,2,乒乓球厅-3号,14:00-15:00,0,1,可预约,￥5.0,多云,18,15,4,0.0,84,28
2026-05-21 09:01:59,2026-05-21,2,乒乓球厅-3号,14:00-15:00,0,1,可预约,￥5.0,多云,18,15,4,0.0,83,28
2026-05-21 09:05:33,2026-05-21,2,乒乓球厅-3号,14:00-15:00,0,1,可预约,￥5.0,多云,18,15,4,0.0,83,28
2026-05-21 09:20:38,2026-05-21,2,乒乓球厅-3号,14:00-15:00,0,1,可预约,￥5.0,多云,18,16,3,0.0,81,28
2026-05-21 09:30:46,2026-05-21,2,乒乓球厅-3号,14:00-15:00,0,1,可预约,￥5.0,多云,18,16,3,0.0,81,32
2026-05-21 09:40:36,2026-05-21,2,乒乓球厅-3号,14:00-15:00,0,1,可预约,￥5.0,多云,19,17,3,0.0,79,32
2026-05-21 09:50:42,2026-05-21,2,乒乓球厅-3号,14:00-15:00,0,1,可预约,￥5.0,多云,19,17,4,0.0,81,32
2026-05-21 10:00:46,2026-05-21,2,乒乓球厅-3号,14:00-15:00,0,1,可预约,￥5.0,多云,19,17,4,0.0,79,32
2026-05-21 10:10:40,2026-05-21,2,乒乓球厅-3号,14:00-15:00,0,1,可预约,￥5.0,多云,19,17,4,0.0,79,32
2026-05-21 10:20:38,2026-05-21,2,乒乓球厅-3号,14:00-15:00,0,1,可预约,￥5.0,多云,19,17,4,0.0,79,32
2026-05-21 10:30:41,2026-05-21,2,乒乓球厅-3号,14:00-15:00,0,1,可预约,￥5.0,多云,19,18,3,0.0,78,31
2026-05-21 11:00:44,2026-05-21,2,乒乓球厅-3号,14:00-15:00,0,1,可预约,￥5.0,多云,21,17,5,0.0,74,31
2026-05-21 11:30:38,2026-05-21,2,乒乓球厅-3号,14:00-15:00,0,1,可预约,￥5.0,多云,21,19,3,0.0,72,33
2026-05-21 12:00:46,2026-05-21,2,乒乓球厅-3号,14:00-15:00,0,1,可预约,￥5.0,多云,22,19,4,0.0,70,33
2026-05-21 12:30:42,2026-05-21,2,乒乓球厅-3号,14:00-15:00,0,1,可预约,￥5.0,多云,22,21,3,0.0,68,35
2026-05-21 13:00:43,2026-05-21,2,乒乓球厅-3号,14:00-15:00,0,1,可预约,￥5.0,多云,24,22,4,0.0,66,35
2026-05-21 13:30:43,2026-05-21,2,乒乓球厅-3号,14:00-15:00,0,1,可预约,￥5.0,多云,24,22,4,0.0,66,36
2026-05-21 14:00:48,2026-05-21,2,乒乓球厅-3号,14:00-15:00,0,1,可预约,￥5.0,多云,25,23,4,0.0,66,36
2026-05-21 14:30:45,2026-05-21,2,乒乓球厅-3号,14:00-15:00,0,1,可预约,￥5.0,晴,25,25,3,0.0,65,39
2026-05-21 15:00:45,2026-05-21,2,乒乓球厅-3号,14:00-15:00,0,1,不开放/已过期,,晴,25,22,4,0.0,56,39
2026-05-21 15:30:43,2026-05-21,2,乒乓球厅-3号,14:00-15:00,0,1,不开放/已过期,,晴,25,23,4,0.0,57,40
2026-05-21 16:00:51,2026-05-21,2,乒乓球厅-3号,14:00-15:00,0,1,不开放/已过期,,晴,25,23,4,0.0,57,40
2026-05-21 16:30:48,2026-05-21,2,乒乓球厅-3号,14:00-15:00,0,1,不开放/已过期,,晴,25,24,3,0.0,60,39
2026-05-21 17:00:49,2026-05-21,2,乒乓球厅-3号,14:00-15:00,0,1,不开放/已过期,,晴,25,24,4,0.0,61,39
2026-05-21 17:30:47,2026-05-21,2,乒乓球厅-3号,14:00-15:00,0,1,不开放/已过期,,多云,24,23,3,0.0,64,39
2026-05-21 18:00:50,2026-05-21,2,乒乓球厅-3号,14:00-15:00,0,1,不开放/已过期,,多云,24,23,3,0.0,68,39
2026-05-21 18:30:50,2026-05-21,2,乒乓球厅-3号,14:00-15:00,0,1,不开放/已过期,,阴,24,25,2,0.0,68,40
2026-05-21 19:00:50,2026-05-21,2,乒乓球厅-3号,14:00-15:00,0,1,不开放/已过期,,阴,23,23,3,0.0,76,40
2026-05-21 19:30:46,2026-05-21,2,乒乓球厅-3号,14:00-15:00,0,1,不开放/已过期,,阴,23,24,2,0.0,77,39
2026-05-21 20:00:49,2026-05-21,2,乒乓球厅-3号,14:00-15:00,0,1,不开放/已过期,,雾,22,23,2,0.0,89,39
2026-05-21 20:30:44,2026-05-21,2,乒乓球厅-3号,14:00-15:00,0,1,不开放/已过期,,雾,22,24,2,0.0,93,43
2026-05-21 21:00:56,2026-05-21,2,乒乓球厅-3号,14:00-15:00,0,1,不开放/已过期,,雾,20,21,2,0.0,98,43
2026-05-21 21:30:46,2026-05-21,2,乒乓球厅-3号,14:00-15:00,0,1,不开放/已过期,,雾,20,22,1,0.0,99,41
2026-05-21 22:01:02,2026-05-21,2,乒乓球厅-3号,14:00-15:00,0,1,不开放/已过期,,雾,19,20,2,0.0,93,41
2026-05-21 22:30:47,2026-05-21,2,乒乓球厅-3号,14:00-15:00,0,1,不开放/已过期,,雾,19,19,3,0.0,88,46
2026-05-21 23:00:56,2026-05-21,2,乒乓球厅-3号,14:00-15:00,0,1,不开放/已过期,,多云,18,17,3,0.0,85,46
2026-05-21 23:30:55,2026-05-21,2,乒乓球厅-3号,14:00-15:00,0,1,不开放/已过期,,多云,18,17,3,0.0,85,48
2026-05-21 00:30:49,2026-05-21,2,乒乓球厅-3号,15:00-16:00,0,1,可预约,￥5.0,多云,15,13,3,0.0,100,26
2026-05-21 01:00:55,2026-05-21,2,乒乓球厅-3号,15:00-16:00,0,1,可预约,￥5.0,多云,15,12,4,0.0,100,26
2026-05-21 01:30:47,2026-05-21,2,乒乓球厅-3号,15:00-16:00,0,1,可预约,￥5.0,多云,15,13,4,0.0,100,28
2026-05-21 02:00:53,2026-05-21,2,乒乓球厅-3号,15:00-16:00,0,1,可预约,￥5.0,多云,15,12,4,0.0,100,28
2026-05-21 02:30:49,2026-05-21,2,乒乓球厅-3号,15:00-16:00,0,1,可预约,￥5.0,多云,15,14,3,0.0,100,29
2026-05-21 03:00:55,2026-05-21,2,乒乓球厅-3号,15:00-16:00,0,1,可预约,￥5.0,多云,15,12,4,0.0,100,29
2026-05-21 03:30:49,2026-05-21,2,乒乓球厅-3号,15:00-16:00,0,1,可预约,￥5.0,多云,15,14,3,0.0,100,30
2026-05-21 04:30:45,2026-05-21,2,乒乓球厅-3号,15:00-16:00,0,1,可预约,￥5.0,多云,15,12,4,0.0,100,29
2026-05-21 05:00:52,2026-05-21,2,乒乓球厅-3号,15:00-16:00,0,1,可预约,￥5.0,多云,15,12,4,0.0,100,29
2026-05-21 05:30:49,2026-05-21,2,乒乓球厅-3号,15:00-16:00,0,1,可预约,￥5.0,多云,15,13,3,0.0,100,28
2026-05-21 06:00:50,2026-05-21,2,乒乓球厅-3号,15:00-16:00,0,1,可预约,￥5.0,多云,15,13,4,0.0,99,28
2026-05-21 06:30:38,2026-05-21,2,乒乓球厅-3号,15:00-16:00,0,1,可预约,￥5.0,多云,15,13,3,0.0,97,28
2026-05-21 07:00:43,2026-05-21,2,乒乓球厅-3号,15:00-16:00,0,1,可预约,￥5.0,晴,15,11,5,0.0,93,28
2026-05-21 07:30:39,2026-05-21,2,乒乓球厅-3号,15:00-16:00,0,1,可预约,￥5.0,晴,17,13,4,0.0,89,29
2026-05-21 07:50:40,2026-05-21,2,乒乓球厅-3号,15:00-16:00,0,1,可预约,￥5.0,晴,17,13,4,0.0,88,29
2026-05-21 07:53:31,2026-05-21,2,乒乓球厅-3号,15:00-16:00,0,1,可预约,￥5.0,晴,17,12,5,0.0,86,29
2026-05-21 07:56:31,2026-05-21,2,乒乓球厅-3号,15:00-16:00,0,1,可预约,￥5.0,晴,17,12,5,0.0,86,29
2026-05-21 07:59:26,2026-05-21,2,乒乓球厅-3号,15:00-16:00,0,1,可预约,￥5.0,晴,17,12,5,0.0,86,29
2026-05-21 08:00:45,2026-05-21,2,乒乓球厅-3号,15:00-16:00,0,1,可预约,￥5.0,晴,17,12,5,0.0,86,29
2026-05-21 08:02:30,2026-05-21,2,乒乓球厅-3号,15:00-16:00,0,1,可预约,￥5.0,多云,17,12,5,0.0,87,29
2026-05-21 08:05:36,2026-05-21,2,乒乓球厅-3号,15:00-16:00,0,1,可预约,￥5.0,多云,17,12,5,0.0,86,29
2026-05-21 08:08:31,2026-05-21,2,乒乓球厅-3号,15:00-16:00,0,1,可预约,￥5.0,多云,17,12,5,0.0,86,29
2026-05-21 08:11:30,2026-05-21,2,乒乓球厅-3号,15:00-16:00,0,1,可预约,￥5.0,多云,17,12,5,0.0,86,29
2026-05-21 08:14:31,2026-05-21,2,乒乓球厅-3号,15:00-16:00,0,1,可预约,￥5.0,多云,17,12,5,0.0,86,29
2026-05-21 08:17:30,2026-05-21,2,乒乓球厅-3号,15:00-16:00,0,1,可预约,￥5.0,多云,17,12,5,0.0,86,29
2026-05-21 08:20:35,2026-05-21,2,乒乓球厅-3号,15:00-16:00,0,1,可预约,￥5.0,多云,17,14,4,0.0,85,29
2026-05-21 08:25:32,2026-05-21,2,乒乓球厅-3号,15:00-16:00,0,1,可预约,￥5.0,多云,17,14,4,0.0,85,28
2026-05-21 08:30:42,2026-05-21,2,乒乓球厅-3号,15:00-16:00,0,1,可预约,￥5.0,多云,18,15,4,0.0,84,28
2026-05-21 08:35:31,2026-05-21,2,乒乓球厅-3号,15:00-16:00,0,1,可预约,￥5.0,多云,18,15,4,0.0,84,28
2026-05-21 08:40:38,2026-05-21,2,乒乓球厅-3号,15:00-16:00,0,1,可预约,￥5.0,多云,18,15,4,0.0,82,28
2026-05-21 08:45:33,2026-05-21,2,乒乓球厅-3号,15:00-16:00,0,1,可预约,￥5.0,多云,18,15,4,0.0,82,28
2026-05-21 08:50:36,2026-05-21,2,乒乓球厅-3号,15:00-16:00,0,1,可预约,￥5.0,多云,18,15,4,0.0,82,28
2026-05-21 08:55:34,2026-05-21,2,乒乓球厅-3号,15:00-16:00,0,1,可预约,￥5.0,多云,18,15,4,0.0,84,28
2026-05-21 09:00:51,2026-05-21,2,乒乓球厅-3号,15:00-16:00,0,1,可预约,￥5.0,多云,18,15,4,0.0,84,28
2026-05-21 09:01:59,2026-05-21,2,乒乓球厅-3号,15:00-16:00,0,1,可预约,￥5.0,多云,18,15,4,0.0,83,28
2026-05-21 09:05:33,2026-05-21,2,乒乓球厅-3号,15:00-16:00,0,1,可预约,￥5.0,多云,18,15,4,0.0,83,28
2026-05-21 09:20:38,2026-05-21,2,乒乓球厅-3号,15:00-16:00,0,1,可预约,￥5.0,多云,18,16,3,0.0,81,28
2026-05-21 09:30:46,2026-05-21,2,乒乓球厅-3号,15:00-16:00,0,1,可预约,￥5.0,多云,18,16,3,0.0,81,32
2026-05-21 09:40:36,2026-05-21,2,乒乓球厅-3号,15:00-16:00,0,1,可预约,￥5.0,多云,19,17,3,0.0,79,32
2026-05-21 09:50:42,2026-05-21,2,乒乓球厅-3号,15:00-16:00,0,1,可预约,￥5.0,多云,19,17,4,0.0,81,32
2026-05-21 10:00:46,2026-05-21,2,乒乓球厅-3号,15:00-16:00,0,1,可预约,￥5.0,多云,19,17,4,0.0,79,32
2026-05-21 10:10:40,2026-05-21,2,乒乓球厅-3号,15:00-16:00,0,1,可预约,￥5.0,多云,19,17,4,0.0,79,32
2026-05-21 10:20:38,2026-05-21,2,乒乓球厅-3号,15:00-16:00,0,1,可预约,￥5.0,多云,19,17,4,0.0,79,32
2026-05-21 10:30:41,2026-05-21,2,乒乓球厅-3号,15:00-16:00,0,1,可预约,￥5.0,多云,19,18,3,0.0,78,31
2026-05-21 11:00:44,2026-05-21,2,乒乓球厅-3号,15:00-16:00,0,1,可预约,￥5.0,多云,21,17,5,0.0,74,31
2026-05-21 11:30:38,2026-05-21,2,乒乓球厅-3号,15:00-16:00,0,1,可预约,￥5.0,多云,21,19,3,0.0,72,33
2026-05-21 12:00:46,2026-05-21,2,乒乓球厅-3号,15:00-16:00,0,1,可预约,￥5.0,多云,22,19,4,0.0,70,33
2026-05-21 12:30:42,2026-05-21,2,乒乓球厅-3号,15:00-16:00,0,1,可预约,￥5.0,多云,22,21,3,0.0,68,35
2026-05-21 13:00:43,2026-05-21,2,乒乓球厅-3号,15:00-16:00,0,1,可预约,￥5.0,多云,24,22,4,0.0,66,35
2026-05-21 13:30:43,2026-05-21,2,乒乓球厅-3号,15:00-16:00,0,1,可预约,￥5.0,多云,24,22,4,0.0,66,36
2026-05-21 14:00:48,2026-05-21,2,乒乓球厅-3号,15:00-16:00,0,1,可预约,￥5.0,多云,25,23,4,0.0,66,36
2026-05-21 14:30:45,2026-05-21,2,乒乓球厅-3号,15:00-16:00,0,1,可预约,￥5.0,晴,25,25,3,0.0,65,39
2026-05-21 15:00:45,2026-05-21,2,乒乓球厅-3号,15:00-16:00,0,1,可预约,￥5.0,晴,25,22,4,0.0,56,39
2026-05-21 15:30:43,2026-05-21,2,乒乓球厅-3号,15:00-16:00,0,1,可预约,￥5.0,晴,25,23,4,0.0,57,40
2026-05-21 16:00:51,2026-05-21,2,乒乓球厅-3号,15:00-16:00,0,1,不开放/已过期,,晴,25,23,4,0.0,57,40
2026-05-21 16:30:48,2026-05-21,2,乒乓球厅-3号,15:00-16:00,0,1,不开放/已过期,,晴,25,24,3,0.0,60,39
2026-05-21 17:00:49,2026-05-21,2,乒乓球厅-3号,15:00-16:00,0,1,不开放/已过期,,晴,25,24,4,0.0,61,39
2026-05-21 17:30:47,2026-05-21,2,乒乓球厅-3号,15:00-16:00,0,1,不开放/已过期,,多云,24,23,3,0.0,64,39
2026-05-21 18:00:50,2026-05-21,2,乒乓球厅-3号,15:00-16:00,0,1,不开放/已过期,,多云,24,23,3,0.0,68,39
2026-05-21 18:30:50,2026-05-21,2,乒乓球厅-3号,15:00-16:00,0,1,不开放/已过期,,阴,24,25,2,0.0,68,40
2026-05-21 19:00:50,2026-05-21,2,乒乓球厅-3号,15:00-16:00,0,1,不开放/已过期,,阴,23,23,3,0.0,76,40
2026-05-21 19:30:46,2026-05-21,2,乒乓球厅-3号,15:00-16:00,0,1,不开放/已过期,,阴,23,24,2,0.0,77,39
2026-05-21 20:00:49,2026-05-21,2,乒乓球厅-3号,15:00-16:00,0,1,不开放/已过期,,雾,22,23,2,0.0,89,39
2026-05-21 20:30:44,2026-05-21,2,乒乓球厅-3号,15:00-16:00,0,1,不开放/已过期,,雾,22,24,2,0.0,93,43
2026-05-21 21:00:56,2026-05-21,2,乒乓球厅-3号,15:00-16:00,0,1,不开放/已过期,,雾,20,21,2,0.0,98,43
2026-05-21 21:30:46,2026-05-21,2,乒乓球厅-3号,15:00-16:00,0,1,不开放/已过期,,雾,20,22,1,0.0,99,41
2026-05-21 22:01:02,2026-05-21,2,乒乓球厅-3号,15:00-16:00,0,1,不开放/已过期,,雾,19,20,2,0.0,93,41
2026-05-21 22:30:47,2026-05-21,2,乒乓球厅-3号,15:00-16:00,0,1,不开放/已过期,,雾,19,19,3,0.0,88,46
2026-05-21 23:00:56,2026-05-21,2,乒乓球厅-3号,15:00-16:00,0,1,不开放/已过期,,多云,18,17,3,0.0,85,46
2026-05-21 23:30:55,2026-05-21,2,乒乓球厅-3号,15:00-16:00,0,1,不开放/已过期,,多云,18,17,3,0.0,85,48
2026-05-21 00:30:49,2026-05-21,2,乒乓球厅-3号,16:00-17:00,0,1,可预约,￥5.0,多云,15,13,3,0.0,100,26
2026-05-21 01:00:55,2026-05-21,2,乒乓球厅-3号,16:00-17:00,0,1,可预约,￥5.0,多云,15,12,4,0.0,100,26
2026-05-21 01:30:47,2026-05-21,2,乒乓球厅-3号,16:00-17:00,0,1,可预约,￥5.0,多云,15,13,4,0.0,100,28
2026-05-21 02:00:53,2026-05-21,2,乒乓球厅-3号,16:00-17:00,0,1,可预约,￥5.0,多云,15,12,4,0.0,100,28
2026-05-21 02:30:49,2026-05-21,2,乒乓球厅-3号,16:00-17:00,0,1,可预约,￥5.0,多云,15,14,3,0.0,100,29
2026-05-21 03:00:55,2026-05-21,2,乒乓球厅-3号,16:00-17:00,0,1,可预约,￥5.0,多云,15,12,4,0.0,100,29
2026-05-21 03:30:49,2026-05-21,2,乒乓球厅-3号,16:00-17:00,0,1,可预约,￥5.0,多云,15,14,3,0.0,100,30
2026-05-21 04:30:45,2026-05-21,2,乒乓球厅-3号,16:00-17:00,0,1,可预约,￥5.0,多云,15,12,4,0.0,100,29
2026-05-21 05:00:52,2026-05-21,2,乒乓球厅-3号,16:00-17:00,0,1,可预约,￥5.0,多云,15,12,4,0.0,100,29
2026-05-21 05:30:49,2026-05-21,2,乒乓球厅-3号,16:00-17:00,0,1,可预约,￥5.0,多云,15,13,3,0.0,100,28
2026-05-21 06:00:50,2026-05-21,2,乒乓球厅-3号,16:00-17:00,0,1,可预约,￥5.0,多云,15,13,4,0.0,99,28
2026-05-21 06:30:38,2026-05-21,2,乒乓球厅-3号,16:00-17:00,0,1,可预约,￥5.0,多云,15,13,3,0.0,97,28
2026-05-21 07:00:43,2026-05-21,2,乒乓球厅-3号,16:00-17:00,0,1,可预约,￥5.0,晴,15,11,5,0.0,93,28
2026-05-21 07:30:39,2026-05-21,2,乒乓球厅-3号,16:00-17:00,0,1,可预约,￥5.0,晴,17,13,4,0.0,89,29
2026-05-21 07:50:40,2026-05-21,2,乒乓球厅-3号,16:00-17:00,0,1,可预约,￥5.0,晴,17,13,4,0.0,88,29
2026-05-21 07:53:31,2026-05-21,2,乒乓球厅-3号,16:00-17:00,0,1,可预约,￥5.0,晴,17,12,5,0.0,86,29
2026-05-21 07:56:31,2026-05-21,2,乒乓球厅-3号,16:00-17:00,0,1,可预约,￥5.0,晴,17,12,5,0.0,86,29
2026-05-21 07:59:26,2026-05-21,2,乒乓球厅-3号,16:00-17:00,0,1,可预约,￥5.0,晴,17,12,5,0.0,86,29
2026-05-21 08:00:45,2026-05-21,2,乒乓球厅-3号,16:00-17:00,0,1,可预约,￥5.0,晴,17,12,5,0.0,86,29
2026-05-21 08:02:30,2026-05-21,2,乒乓球厅-3号,16:00-17:00,0,1,可预约,￥5.0,多云,17,12,5,0.0,87,29
2026-05-21 08:05:36,2026-05-21,2,乒乓球厅-3号,16:00-17:00,0,1,可预约,￥5.0,多云,17,12,5,0.0,86,29
2026-05-21 08:08:31,2026-05-21,2,乒乓球厅-3号,16:00-17:00,0,1,可预约,￥5.0,多云,17,12,5,0.0,86,29
2026-05-21 08:11:30,2026-05-21,2,乒乓球厅-3号,16:00-17:00,0,1,可预约,￥5.0,多云,17,12,5,0.0,86,29
2026-05-21 08:14:31,2026-05-21,2,乒乓球厅-3号,16:00-17:00,0,1,可预约,￥5.0,多云,17,12,5,0.0,86,29
2026-05-21 08:17:30,2026-05-21,2,乒乓球厅-3号,16:00-17:00,0,1,可预约,￥5.0,多云,17,12,5,0.0,86,29
2026-05-21 08:20:35,2026-05-21,2,乒乓球厅-3号,16:00-17:00,0,1,可预约,￥5.0,多云,17,14,4,0.0,85,29
2026-05-21 08:25:32,2026-05-21,2,乒乓球厅-3号,16:00-17:00,0,1,可预约,￥5.0,多云,17,14,4,0.0,85,28
2026-05-21 08:30:42,2026-05-21,2,乒乓球厅-3号,16:00-17:00,0,1,可预约,￥5.0,多云,18,15,4,0.0,84,28
2026-05-21 08:35:31,2026-05-21,2,乒乓球厅-3号,16:00-17:00,0,1,可预约,￥5.0,多云,18,15,4,0.0,84,28
2026-05-21 08:40:38,2026-05-21,2,乒乓球厅-3号,16:00-17:00,0,1,可预约,￥5.0,多云,18,15,4,0.0,82,28
2026-05-21 08:45:33,2026-05-21,2,乒乓球厅-3号,16:00-17:00,0,1,可预约,￥5.0,多云,18,15,4,0.0,82,28
2026-05-21 08:50:36,2026-05-21,2,乒乓球厅-3号,16:00-17:00,0,1,可预约,￥5.0,多云,18,15,4,0.0,82,28
2026-05-21 08:55:34,2026-05-21,2,乒乓球厅-3号,16:00-17:00,0,1,可预约,￥5.0,多云,18,15,4,0.0,84,28
2026-05-21 09:00:51,2026-05-21,2,乒乓球厅-3号,16:00-17:00,0,1,可预约,￥5.0,多云,18,15,4,0.0,84,28
2026-05-21 09:01:59,2026-05-21,2,乒乓球厅-3号,16:00-17:00,0,1,可预约,￥5.0,多云,18,15,4,0.0,83,28
2026-05-21 09:05:33,2026-05-21,2,乒乓球厅-3号,16:00-17:00,0,1,可预约,￥5.0,多云,18,15,4,0.0,83,28
2026-05-21 09:20:38,2026-05-21,2,乒乓球厅-3号,16:00-17:00,0,1,可预约,￥5.0,多云,18,16,3,0.0,81,28
2026-05-21 09:30:46,2026-05-21,2,乒乓球厅-3号,16:00-17:00,0,1,可预约,￥5.0,多云,18,16,3,0.0,81,32
2026-05-21 09:40:36,2026-05-21,2,乒乓球厅-3号,16:00-17:00,0,1,可预约,￥5.0,多云,19,17,3,0.0,79,32
2026-05-21 09:50:42,2026-05-21,2,乒乓球厅-3号,16:00-17:00,0,1,可预约,￥5.0,多云,19,17,4,0.0,81,32
2026-05-21 10:00:46,2026-05-21,2,乒乓球厅-3号,16:00-17:00,0,1,可预约,￥5.0,多云,19,17,4,0.0,79,32
2026-05-21 10:10:40,2026-05-21,2,乒乓球厅-3号,16:00-17:00,0,1,可预约,￥5.0,多云,19,17,4,0.0,79,32
2026-05-21 10:20:38,2026-05-21,2,乒乓球厅-3号,16:00-17:00,0,1,可预约,￥5.0,多云,19,17,4,0.0,79,32
2026-05-21 10:30:41,2026-05-21,2,乒乓球厅-3号,16:00-17:00,0,1,可预约,￥5.0,多云,19,18,3,0.0,78,31
2026-05-21 11:00:44,2026-05-21,2,乒乓球厅-3号,16:00-17:00,0,1,可预约,￥5.0,多云,21,17,5,0.0,74,31
2026-05-21 11:30:38,2026-05-21,2,乒乓球厅-3号,16:00-17:00,0,1,可预约,￥5.0,多云,21,19,3,0.0,72,33
2026-05-21 12:00:46,2026-05-21,2,乒乓球厅-3号,16:00-17:00,0,1,可预约,￥5.0,多云,22,19,4,0.0,70,33
2026-05-21 12:30:42,2026-05-21,2,乒乓球厅-3号,16:00-17:00,0,1,可预约,￥5.0,多云,22,21,3,0.0,68,35
2026-05-21 13:00:43,2026-05-21,2,乒乓球厅-3号,16:00-17:00,0,1,可预约,￥5.0,多云,24,22,4,0.0,66,35
2026-05-21 13:30:43,2026-05-21,2,乒乓球厅-3号,16:00-17:00,0,1,可预约,￥5.0,多云,24,22,4,0.0,66,36
2026-05-21 14:00:48,2026-05-21,2,乒乓球厅-3号,16:00-17:00,0,1,可预约,￥5.0,多云,25,23,4,0.0,66,36
2026-05-21 14:30:45,2026-05-21,2,乒乓球厅-3号,16:00-17:00,0,1,可预约,￥5.0,晴,25,25,3,0.0,65,39
2026-05-21 15:00:45,2026-05-21,2,乒乓球厅-3号,16:00-17:00,0,1,可预约,￥5.0,晴,25,22,4,0.0,56,39
2026-05-21 15:30:43,2026-05-21,2,乒乓球厅-3号,16:00-17:00,0,1,可预约,￥5.0,晴,25,23,4,0.0,57,40
2026-05-21 16:00:51,2026-05-21,2,乒乓球厅-3号,16:00-17:00,0,1,可预约,￥5.0,晴,25,23,4,0.0,57,40
2026-05-21 16:30:48,2026-05-21,2,乒乓球厅-3号,16:00-17:00,0,1,可预约,￥5.0,晴,25,24,3,0.0,60,39
2026-05-21 17:00:49,2026-05-21,2,乒乓球厅-3号,16:00-17:00,0,1,不开放/已过期,,晴,25,24,4,0.0,61,39
2026-05-21 17:30:47,2026-05-21,2,乒乓球厅-3号,16:00-17:00,0,1,不开放/已过期,,多云,24,23,3,0.0,64,39
2026-05-21 18:00:50,2026-05-21,2,乒乓球厅-3号,16:00-17:00,0,1,不开放/已过期,,多云,24,23,3,0.0,68,39
2026-05-21 18:30:50,2026-05-21,2,乒乓球厅-3号,16:00-17:00,0,1,不开放/已过期,,阴,24,25,2,0.0,68,40
2026-05-21 19:00:50,2026-05-21,2,乒乓球厅-3号,16:00-17:00,0,1,不开放/已过期,,阴,23,23,3,0.0,76,40
2026-05-21 19:30:46,2026-05-21,2,乒乓球厅-3号,16:00-17:00,0,1,不开放/已过期,,阴,23,24,2,0.0,77,39
2026-05-21 20:00:49,2026-05-21,2,乒乓球厅-3号,16:00-17:00,0,1,不开放/已过期,,雾,22,23,2,0.0,89,39
2026-05-21 20:30:44,2026-05-21,2,乒乓球厅-3号,16:00-17:00,0,1,不开放/已过期,,雾,22,24,2,0.0,93,43
2026-05-21 21:00:56,2026-05-21,2,乒乓球厅-3号,16:00-17:00,0,1,不开放/已过期,,雾,20,21,2,0.0,98,43
2026-05-21 21:30:46,2026-05-21,2,乒乓球厅-3号,16:00-17:00,0,1,不开放/已过期,,雾,20,22,1,0.0,99,41
2026-05-21 22:01:02,2026-05-21,2,乒乓球厅-3号,16:00-17:00,0,1,不开放/已过期,,雾,19,20,2,0.0,93,41
2026-05-21 22:30:47,2026-05-21,2,乒乓球厅-3号,16:00-17:00,0,1,不开放/已过期,,雾,19,19,3,0.0,88,46
2026-05-21 23:00:56,2026-05-21,2,乒乓球厅-3号,16:00-17:00,0,1,不开放/已过期,,多云,18,17,3,0.0,85,46
2026-05-21 23:30:55,2026-05-21,2,乒乓球厅-3号,16:00-17:00,0,1,不开放/已过期,,多云,18,17,3,0.0,85,48
2026-05-21 00:30:49,2026-05-21,2,乒乓球厅-3号,17:00-18:00,0,1,可预约,￥5.0,多云,15,13,3,0.0,100,26
2026-05-21 01:00:55,2026-05-21,2,乒乓球厅-3号,17:00-18:00,0,1,可预约,￥5.0,多云,15,12,4,0.0,100,26
2026-05-21 01:30:47,2026-05-21,2,乒乓球厅-3号,17:00-18:00,0,1,可预约,￥5.0,多云,15,13,4,0.0,100,28
2026-05-21 02:00:53,2026-05-21,2,乒乓球厅-3号,17:00-18:00,0,1,可预约,￥5.0,多云,15,12,4,0.0,100,28
2026-05-21 02:30:49,2026-05-21,2,乒乓球厅-3号,17:00-18:00,0,1,可预约,￥5.0,多云,15,14,3,0.0,100,29
2026-05-21 03:00:55,2026-05-21,2,乒乓球厅-3号,17:00-18:00,0,1,可预约,￥5.0,多云,15,12,4,0.0,100,29
2026-05-21 03:30:49,2026-05-21,2,乒乓球厅-3号,17:00-18:00,0,1,可预约,￥5.0,多云,15,14,3,0.0,100,30
2026-05-21 04:30:45,2026-05-21,2,乒乓球厅-3号,17:00-18:00,0,1,可预约,￥5.0,多云,15,12,4,0.0,100,29
2026-05-21 05:00:52,2026-05-21,2,乒乓球厅-3号,17:00-18:00,0,1,可预约,￥5.0,多云,15,12,4,0.0,100,29
2026-05-21 05:30:49,2026-05-21,2,乒乓球厅-3号,17:00-18:00,0,1,可预约,￥5.0,多云,15,13,3,0.0,100,28
2026-05-21 06:00:50,2026-05-21,2,乒乓球厅-3号,17:00-18:00,0,1,可预约,￥5.0,多云,15,13,4,0.0,99,28
2026-05-21 06:30:38,2026-05-21,2,乒乓球厅-3号,17:00-18:00,0,1,可预约,￥5.0,多云,15,13,3,0.0,97,28
2026-05-21 07:00:43,2026-05-21,2,乒乓球厅-3号,17:00-18:00,0,1,可预约,￥5.0,晴,15,11,5,0.0,93,28
2026-05-21 07:30:39,2026-05-21,2,乒乓球厅-3号,17:00-18:00,0,1,可预约,￥5.0,晴,17,13,4,0.0,89,29
2026-05-21 07:50:40,2026-05-21,2,乒乓球厅-3号,17:00-18:00,0,1,可预约,￥5.0,晴,17,13,4,0.0,88,29
2026-05-21 07:53:31,2026-05-21,2,乒乓球厅-3号,17:00-18:00,0,1,可预约,￥5.0,晴,17,12,5,0.0,86,29
2026-05-21 07:56:31,2026-05-21,2,乒乓球厅-3号,17:00-18:00,0,1,可预约,￥5.0,晴,17,12,5,0.0,86,29
2026-05-21 07:59:26,2026-05-21,2,乒乓球厅-3号,17:00-18:00,0,1,可预约,￥5.0,晴,17,12,5,0.0,86,29
2026-05-21 08:00:45,2026-05-21,2,乒乓球厅-3号,17:00-18:00,0,1,可预约,￥5.0,晴,17,12,5,0.0,86,29
2026-05-21 08:02:30,2026-05-21,2,乒乓球厅-3号,17:00-18:00,0,1,可预约,￥5.0,多云,17,12,5,0.0,87,29
2026-05-21 08:05:36,2026-05-21,2,乒乓球厅-3号,17:00-18:00,0,1,可预约,￥5.0,多云,17,12,5,0.0,86,29
2026-05-21 08:08:31,2026-05-21,2,乒乓球厅-3号,17:00-18:00,0,1,可预约,￥5.0,多云,17,12,5,0.0,86,29
2026-05-21 08:11:30,2026-05-21,2,乒乓球厅-3号,17:00-18:00,0,1,可预约,￥5.0,多云,17,12,5,0.0,86,29
2026-05-21 08:14:31,2026-05-21,2,乒乓球厅-3号,17:00-18:00,0,1,可预约,￥5.0,多云,17,12,5,0.0,86,29
2026-05-21 08:17:30,2026-05-21,2,乒乓球厅-3号,17:00-18:00,0,1,可预约,￥5.0,多云,17,12,5,0.0,86,29
2026-05-21 08:20:35,2026-05-21,2,乒乓球厅-3号,17:00-18:00,0,1,可预约,￥5.0,多云,17,14,4,0.0,85,29
2026-05-21 08:25:32,2026-05-21,2,乒乓球厅-3号,17:00-18:00,0,1,可预约,￥5.0,多云,17,14,4,0.0,85,28
2026-05-21 08:30:42,2026-05-21,2,乒乓球厅-3号,17:00-18:00,0,1,可预约,￥5.0,多云,18,15,4,0.0,84,28
2026-05-21 08:35:31,2026-05-21,2,乒乓球厅-3号,17:00-18:00,0,1,可预约,￥5.0,多云,18,15,4,0.0,84,28
2026-05-21 08:40:38,2026-05-21,2,乒乓球厅-3号,17:00-18:00,0,1,可预约,￥5.0,多云,18,15,4,0.0,82,28
2026-05-21 08:45:33,2026-05-21,2,乒乓球厅-3号,17:00-18:00,0,1,可预约,￥5.0,多云,18,15,4,0.0,82,28
2026-05-21 08:50:36,2026-05-21,2,乒乓球厅-3号,17:00-18:00,0,1,可预约,￥5.0,多云,18,15,4,0.0,82,28
2026-05-21 08:55:34,2026-05-21,2,乒乓球厅-3号,17:00-18:00,0,1,可预约,￥5.0,多云,18,15,4,0.0,84,28
2026-05-21 09:00:51,2026-05-21,2,乒乓球厅-3号,17:00-18:00,0,1,可预约,￥5.0,多云,18,15,4,0.0,84,28
2026-05-21 09:01:59,2026-05-21,2,乒乓球厅-3号,17:00-18:00,0,1,可预约,￥5.0,多云,18,15,4,0.0,83,28
2026-05-21 09:05:33,2026-05-21,2,乒乓球厅-3号,17:00-18:00,0,1,可预约,￥5.0,多云,18,15,4,0.0,83,28
2026-05-21 09:20:38,2026-05-21,2,乒乓球厅-3号,17:00-18:00,0,1,可预约,￥5.0,多云,18,16,3,0.0,81,28
2026-05-21 09:30:46,2026-05-21,2,乒乓球厅-3号,17:00-18:00,0,1,可预约,￥5.0,多云,18,16,3,0.0,81,32
2026-05-21 09:40:36,2026-05-21,2,乒乓球厅-3号,17:00-18:00,0,1,可预约,￥5.0,多云,19,17,3,0.0,79,32
2026-05-21 09:50:42,2026-05-21,2,乒乓球厅-3号,17:00-18:00,0,1,可预约,￥5.0,多云,19,17,4,0.0,81,32
2026-05-21 10:00:46,2026-05-21,2,乒乓球厅-3号,17:00-18:00,0,1,可预约,￥5.0,多云,19,17,4,0.0,79,32
2026-05-21 10:10:40,2026-05-21,2,乒乓球厅-3号,17:00-18:00,0,1,可预约,￥5.0,多云,19,17,4,0.0,79,32
2026-05-21 10:20:38,2026-05-21,2,乒乓球厅-3号,17:00-18:00,0,1,可预约,￥5.0,多云,19,17,4,0.0,79,32
2026-05-21 10:30:41,2026-05-21,2,乒乓球厅-3号,17:00-18:00,0,1,可预约,￥5.0,多云,19,18,3,0.0,78,31
2026-05-21 11:00:44,2026-05-21,2,乒乓球厅-3号,17:00-18:00,0,1,可预约,￥5.0,多云,21,17,5,0.0,74,31
2026-05-21 11:30:38,2026-05-21,2,乒乓球厅-3号,17:00-18:00,0,1,可预约,￥5.0,多云,21,19,3,0.0,72,33
2026-05-21 12:00:46,2026-05-21,2,乒乓球厅-3号,17:00-18:00,0,1,可预约,￥5.0,多云,22,19,4,0.0,70,33
2026-05-21 12:30:42,2026-05-21,2,乒乓球厅-3号,17:00-18:00,0,1,可预约,￥5.0,多云,22,21,3,0.0,68,35
2026-05-21 13:00:43,2026-05-21,2,乒乓球厅-3号,17:00-18:00,0,1,可预约,￥5.0,多云,24,22,4,0.0,66,35
2026-05-21 13:30:43,2026-05-21,2,乒乓球厅-3号,17:00-18:00,0,1,可预约,￥5.0,多云,24,22,4,0.0,66,36
2026-05-21 14:00:48,2026-05-21,2,乒乓球厅-3号,17:00-18:00,0,1,可预约,￥5.0,多云,25,23,4,0.0,66,36
2026-05-21 14:30:45,2026-05-21,2,乒乓球厅-3号,17:00-18:00,0,1,可预约,￥5.0,晴,25,25,3,0.0,65,39
2026-05-21 15:00:45,2026-05-21,2,乒乓球厅-3号,17:00-18:00,0,1,可预约,￥5.0,晴,25,22,4,0.0,56,39
2026-05-21 15:30:43,2026-05-21,2,乒乓球厅-3号,17:00-18:00,0,1,可预约,￥5.0,晴,25,23,4,0.0,57,40
2026-05-21 16:00:51,2026-05-21,2,乒乓球厅-3号,17:00-18:00,0,1,可预约,￥5.0,晴,25,23,4,0.0,57,40
2026-05-21 16:30:48,2026-05-21,2,乒乓球厅-3号,17:00-18:00,0,1,可预约,￥5.0,晴,25,24,3,0.0,60,39
2026-05-21 17:00:49,2026-05-21,2,乒乓球厅-3号,17:00-18:00,0,1,可预约,￥5.0,晴,25,24,4,0.0,61,39
2026-05-21 17:30:47,2026-05-21,2,乒乓球厅-3号,17:00-18:00,0,1,可预约,￥5.0,多云,24,23,3,0.0,64,39
2026-05-21 18:00:50,2026-05-21,2,乒乓球厅-3号,17:00-18:00,0,1,不开放/已过期,,多云,24,23,3,0.0,68,39
2026-05-21 18:30:50,2026-05-21,2,乒乓球厅-3号,17:00-18:00,0,1,不开放/已过期,,阴,24,25,2,0.0,68,40
2026-05-21 19:00:50,2026-05-21,2,乒乓球厅-3号,17:00-18:00,0,1,不开放/已过期,,阴,23,23,3,0.0,76,40
2026-05-21 19:30:46,2026-05-21,2,乒乓球厅-3号,17:00-18:00,0,1,不开放/已过期,,阴,23,24,2,0.0,77,39
2026-05-21 20:00:49,2026-05-21,2,乒乓球厅-3号,17:00-18:00,0,1,不开放/已过期,,雾,22,23,2,0.0,89,39
2026-05-21 20:30:44,2026-05-21,2,乒乓球厅-3号,17:00-18:00,0,1,不开放/已过期,,雾,22,24,2,0.0,93,43
2026-05-21 21:00:56,2026-05-21,2,乒乓球厅-3号,17:00-18:00,0,1,不开放/已过期,,雾,20,21,2,0.0,98,43
2026-05-21 21:30:46,2026-05-21,2,乒乓球厅-3号,17:00-18:00,0,1,不开放/已过期,,雾,20,22,1,0.0,99,41
2026-05-21 22:01:02,2026-05-21,2,乒乓球厅-3号,17:00-18:00,0,1,不开放/已过期,,雾,19,20,2,0.0,93,41
2026-05-21 22:30:47,2026-05-21,2,乒乓球厅-3号,17:00-18:00,0,1,不开放/已过期,,雾,19,19,3,0.0,88,46
2026-05-21 23:00:56,2026-05-21,2,乒乓球厅-3号,17:00-18:00,0,1,不开放/已过期,,多云,18,17,3,0.0,85,46
2026-05-21 23:30:55,2026-05-21,2,乒乓球厅-3号,17:00-18:00,0,1,不开放/已过期,,多云,18,17,3,0.0,85,48
2026-05-21 00:30:49,2026-05-21,2,乒乓球厅-3号,18:30-19:30,0,1,可预约,￥5.0,多云,15,13,3,0.0,100,26
2026-05-21 01:00:55,2026-05-21,2,乒乓球厅-3号,18:30-19:30,0,1,可预约,￥5.0,多云,15,12,4,0.0,100,26
2026-05-21 01:30:47,2026-05-21,2,乒乓球厅-3号,18:30-19:30,0,1,可预约,￥5.0,多云,15,13,4,0.0,100,28
2026-05-21 02:00:53,2026-05-21,2,乒乓球厅-3号,18:30-19:30,0,1,可预约,￥5.0,多云,15,12,4,0.0,100,28
2026-05-21 02:30:49,2026-05-21,2,乒乓球厅-3号,18:30-19:30,0,1,可预约,￥5.0,多云,15,14,3,0.0,100,29
2026-05-21 03:00:55,2026-05-21,2,乒乓球厅-3号,18:30-19:30,0,1,可预约,￥5.0,多云,15,12,4,0.0,100,29
2026-05-21 03:30:49,2026-05-21,2,乒乓球厅-3号,18:30-19:30,0,1,可预约,￥5.0,多云,15,14,3,0.0,100,30
2026-05-21 04:30:45,2026-05-21,2,乒乓球厅-3号,18:30-19:30,0,1,可预约,￥5.0,多云,15,12,4,0.0,100,29
2026-05-21 05:00:52,2026-05-21,2,乒乓球厅-3号,18:30-19:30,0,1,可预约,￥5.0,多云,15,12,4,0.0,100,29
2026-05-21 05:30:49,2026-05-21,2,乒乓球厅-3号,18:30-19:30,0,1,可预约,￥5.0,多云,15,13,3,0.0,100,28
2026-05-21 06:00:50,2026-05-21,2,乒乓球厅-3号,18:30-19:30,0,1,可预约,￥5.0,多云,15,13,4,0.0,99,28
2026-05-21 06:30:38,2026-05-21,2,乒乓球厅-3号,18:30-19:30,0,1,可预约,￥5.0,多云,15,13,3,0.0,97,28
2026-05-21 07:00:43,2026-05-21,2,乒乓球厅-3号,18:30-19:30,0,1,可预约,￥5.0,晴,15,11,5,0.0,93,28
2026-05-21 07:30:39,2026-05-21,2,乒乓球厅-3号,18:30-19:30,0,1,可预约,￥5.0,晴,17,13,4,0.0,89,29
2026-05-21 07:50:40,2026-05-21,2,乒乓球厅-3号,18:30-19:30,0,1,可预约,￥5.0,晴,17,13,4,0.0,88,29
2026-05-21 07:53:31,2026-05-21,2,乒乓球厅-3号,18:30-19:30,0,1,可预约,￥5.0,晴,17,12,5,0.0,86,29
2026-05-21 07:56:31,2026-05-21,2,乒乓球厅-3号,18:30-19:30,0,1,可预约,￥5.0,晴,17,12,5,0.0,86,29
2026-05-21 07:59:26,2026-05-21,2,乒乓球厅-3号,18:30-19:30,0,1,可预约,￥5.0,晴,17,12,5,0.0,86,29
2026-05-21 08:00:45,2026-05-21,2,乒乓球厅-3号,18:30-19:30,0,1,可预约,￥5.0,晴,17,12,5,0.0,86,29
2026-05-21 08:02:30,2026-05-21,2,乒乓球厅-3号,18:30-19:30,0,1,可预约,￥5.0,多云,17,12,5,0.0,87,29
2026-05-21 08:05:36,2026-05-21,2,乒乓球厅-3号,18:30-19:30,0,1,可预约,￥5.0,多云,17,12,5,0.0,86,29
2026-05-21 08:08:31,2026-05-21,2,乒乓球厅-3号,18:30-19:30,0,1,可预约,￥5.0,多云,17,12,5,0.0,86,29
2026-05-21 08:11:30,2026-05-21,2,乒乓球厅-3号,18:30-19:30,0,1,可预约,￥5.0,多云,17,12,5,0.0,86,29
2026-05-21 08:14:31,2026-05-21,2,乒乓球厅-3号,18:30-19:30,0,1,可预约,￥5.0,多云,17,12,5,0.0,86,29
2026-05-21 08:17:30,2026-05-21,2,乒乓球厅-3号,18:30-19:30,0,1,可预约,￥5.0,多云,17,12,5,0.0,86,29
2026-05-21 08:20:35,2026-05-21,2,乒乓球厅-3号,18:30-19:30,0,1,可预约,￥5.0,多云,17,14,4,0.0,85,29
2026-05-21 08:25:32,2026-05-21,2,乒乓球厅-3号,18:30-19:30,0,1,可预约,￥5.0,多云,17,14,4,0.0,85,28
2026-05-21 08:30:42,2026-05-21,2,乒乓球厅-3号,18:30-19:30,0,1,可预约,￥5.0,多云,18,15,4,0.0,84,28
2026-05-21 08:35:31,2026-05-21,2,乒乓球厅-3号,18:30-19:30,0,1,可预约,￥5.0,多云,18,15,4,0.0,84,28
2026-05-21 08:40:38,2026-05-21,2,乒乓球厅-3号,18:30-19:30,0,1,可预约,￥5.0,多云,18,15,4,0.0,82,28
2026-05-21 08:45:33,2026-05-21,2,乒乓球厅-3号,18:30-19:30,0,1,可预约,￥5.0,多云,18,15,4,0.0,82,28
2026-05-21 08:50:36,2026-05-21,2,乒乓球厅-3号,18:30-19:30,0,1,可预约,￥5.0,多云,18,15,4,0.0,82,28
2026-05-21 08:55:34,2026-05-21,2,乒乓球厅-3号,18:30-19:30,0,1,可预约,￥5.0,多云,18,15,4,0.0,84,28
2026-05-21 09:00:51,2026-05-21,2,乒乓球厅-3号,18:30-19:30,0,1,可预约,￥5.0,多云,18,15,4,0.0,84,28
2026-05-21 09:01:59,2026-05-21,2,乒乓球厅-3号,18:30-19:30,0,1,可预约,￥5.0,多云,18,15,4,0.0,83,28
2026-05-21 09:05:33,2026-05-21,2,乒乓球厅-3号,18:30-19:30,0,1,可预约,￥5.0,多云,18,15,4,0.0,83,28
2026-05-21 09:20:38,2026-05-21,2,乒乓球厅-3号,18:30-19:30,0,1,可预约,￥5.0,多云,18,16,3,0.0,81,28
2026-05-21 09:30:46,2026-05-21,2,乒乓球厅-3号,18:30-19:30,0,1,可预约,￥5.0,多云,18,16,3,0.0,81,32
2026-05-21 09:40:36,2026-05-21,2,乒乓球厅-3号,18:30-19:30,0,1,可预约,￥5.0,多云,19,17,3,0.0,79,32
2026-05-21 09:50:42,2026-05-21,2,乒乓球厅-3号,18:30-19:30,0,1,可预约,￥5.0,多云,19,17,4,0.0,81,32
2026-05-21 10:00:46,2026-05-21,2,乒乓球厅-3号,18:30-19:30,0,1,可预约,￥5.0,多云,19,17,4,0.0,79,32
2026-05-21 10:10:40,2026-05-21,2,乒乓球厅-3号,18:30-19:30,0,1,可预约,￥5.0,多云,19,17,4,0.0,79,32
2026-05-21 10:20:38,2026-05-21,2,乒乓球厅-3号,18:30-19:30,0,1,可预约,￥5.0,多云,19,17,4,0.0,79,32
2026-05-21 10:30:41,2026-05-21,2,乒乓球厅-3号,18:30-19:30,0,1,可预约,￥5.0,多云,19,18,3,0.0,78,31
2026-05-21 11:00:44,2026-05-21,2,乒乓球厅-3号,18:30-19:30,0,1,可预约,￥5.0,多云,21,17,5,0.0,74,31
2026-05-21 11:30:38,2026-05-21,2,乒乓球厅-3号,18:30-19:30,0,1,可预约,￥5.0,多云,21,19,3,0.0,72,33
2026-05-21 12:00:46,2026-05-21,2,乒乓球厅-3号,18:30-19:30,0,1,可预约,￥5.0,多云,22,19,4,0.0,70,33
2026-05-21 12:30:42,2026-05-21,2,乒乓球厅-3号,18:30-19:30,0,1,可预约,￥5.0,多云,22,21,3,0.0,68,35
2026-05-21 13:00:43,2026-05-21,2,乒乓球厅-3号,18:30-19:30,0,1,可预约,￥5.0,多云,24,22,4,0.0,66,35
2026-05-21 13:30:43,2026-05-21,2,乒乓球厅-3号,18:30-19:30,0,1,可预约,￥5.0,多云,24,22,4,0.0,66,36
2026-05-21 14:00:48,2026-05-21,2,乒乓球厅-3号,18:30-19:30,0,1,可预约,￥5.0,多云,25,23,4,0.0,66,36
2026-05-21 14:30:45,2026-05-21,2,乒乓球厅-3号,18:30-19:30,0,1,可预约,￥5.0,晴,25,25,3,0.0,65,39
2026-05-21 15:00:45,2026-05-21,2,乒乓球厅-3号,18:30-19:30,0,1,可预约,￥5.0,晴,25,22,4,0.0,56,39
2026-05-21 15:30:43,2026-05-21,2,乒乓球厅-3号,18:30-19:30,0,1,可预约,￥5.0,晴,25,23,4,0.0,57,40
2026-05-21 16:00:51,2026-05-21,2,乒乓球厅-3号,18:30-19:30,0,1,可预约,￥5.0,晴,25,23,4,0.0,57,40
2026-05-21 16:30:48,2026-05-21,2,乒乓球厅-3号,18:30-19:30,0,1,可预约,￥5.0,晴,25,24,3,0.0,60,39
2026-05-21 17:00:49,2026-05-21,2,乒乓球厅-3号,18:30-19:30,0,1,可预约,￥5.0,晴,25,24,4,0.0,61,39
2026-05-21 17:30:47,2026-05-21,2,乒乓球厅-3号,18:30-19:30,0,1,可预约,￥5.0,多云,24,23,3,0.0,64,39
2026-05-21 18:00:50,2026-05-21,2,乒乓球厅-3号,18:30-19:30,0,1,可预约,￥5.0,多云,24,23,3,0.0,68,39
2026-05-21 18:30:50,2026-05-21,2,乒乓球厅-3号,18:30-19:30,0,1,可预约,￥5.0,阴,24,25,2,0.0,68,40
2026-05-21 19:00:50,2026-05-21,2,乒乓球厅-3号,18:30-19:30,0,1,可预约,￥5.0,阴,23,23,3,0.0,76,40
2026-05-21 19:30:46,2026-05-21,2,乒乓球厅-3号,18:30-19:30,0,1,不开放/已过期,,阴,23,24,2,0.0,77,39
2026-05-21 20:00:49,2026-05-21,2,乒乓球厅-3号,18:30-19:30,0,1,不开放/已过期,,雾,22,23,2,0.0,89,39
2026-05-21 20:30:44,2026-05-21,2,乒乓球厅-3号,18:30-19:30,0,1,不开放/已过期,,雾,22,24,2,0.0,93,43
2026-05-21 21:00:56,2026-05-21,2,乒乓球厅-3号,18:30-19:30,0,1,不开放/已过期,,雾,20,21,2,0.0,98,43
2026-05-21 21:30:46,2026-05-21,2,乒乓球厅-3号,18:30-19:30,0,1,不开放/已过期,,雾,20,22,1,0.0,99,41
2026-05-21 22:01:02,2026-05-21,2,乒乓球厅-3号,18:30-19:30,0,1,不开放/已过期,,雾,19,20,2,0.0,93,41
2026-05-21 22:30:47,2026-05-21,2,乒乓球厅-3号,18:30-19:30,0,1,不开放/已过期,,雾,19,19,3,0.0,88,46
2026-05-21 23:00:56,2026-05-21,2,乒乓球厅-3号,18:30-19:30,0,1,不开放/已过期,,多云,18,17,3,0.0,85,46
2026-05-21 23:30:55,2026-05-21,2,乒乓球厅-3号,18:30-19:30,0,1,不开放/已过期,,多云,18,17,3,0.0,85,48
2026-05-21 00:30:49,2026-05-21,2,乒乓球厅-3号,19:30-20:30,0,1,可预约,￥5.0,多云,15,13,3,0.0,100,26
2026-05-21 01:00:55,2026-05-21,2,乒乓球厅-3号,19:30-20:30,0,1,可预约,￥5.0,多云,15,12,4,0.0,100,26
2026-05-21 01:30:47,2026-05-21,2,乒乓球厅-3号,19:30-20:30,0,1,可预约,￥5.0,多云,15,13,4,0.0,100,28
2026-05-21 02:00:53,2026-05-21,2,乒乓球厅-3号,19:30-20:30,0,1,可预约,￥5.0,多云,15,12,4,0.0,100,28
2026-05-21 02:30:49,2026-05-21,2,乒乓球厅-3号,19:30-20:30,0,1,可预约,￥5.0,多云,15,14,3,0.0,100,29
2026-05-21 03:00:55,2026-05-21,2,乒乓球厅-3号,19:30-20:30,0,1,可预约,￥5.0,多云,15,12,4,0.0,100,29
2026-05-21 03:30:49,2026-05-21,2,乒乓球厅-3号,19:30-20:30,0,1,可预约,￥5.0,多云,15,14,3,0.0,100,30
2026-05-21 04:30:45,2026-05-21,2,乒乓球厅-3号,19:30-20:30,0,1,可预约,￥5.0,多云,15,12,4,0.0,100,29
2026-05-21 05:00:52,2026-05-21,2,乒乓球厅-3号,19:30-20:30,0,1,可预约,￥5.0,多云,15,12,4,0.0,100,29
2026-05-21 05:30:49,2026-05-21,2,乒乓球厅-3号,19:30-20:30,0,1,可预约,￥5.0,多云,15,13,3,0.0,100,28
2026-05-21 06:00:50,2026-05-21,2,乒乓球厅-3号,19:30-20:30,0,1,可预约,￥5.0,多云,15,13,4,0.0,99,28
2026-05-21 06:30:38,2026-05-21,2,乒乓球厅-3号,19:30-20:30,0,1,可预约,￥5.0,多云,15,13,3,0.0,97,28
2026-05-21 07:00:43,2026-05-21,2,乒乓球厅-3号,19:30-20:30,0,1,可预约,￥5.0,晴,15,11,5,0.0,93,28
2026-05-21 07:30:39,2026-05-21,2,乒乓球厅-3号,19:30-20:30,0,1,可预约,￥5.0,晴,17,13,4,0.0,89,29
2026-05-21 07:50:40,2026-05-21,2,乒乓球厅-3号,19:30-20:30,0,1,可预约,￥5.0,晴,17,13,4,0.0,88,29
2026-05-21 07:53:31,2026-05-21,2,乒乓球厅-3号,19:30-20:30,0,1,可预约,￥5.0,晴,17,12,5,0.0,86,29
2026-05-21 07:56:31,2026-05-21,2,乒乓球厅-3号,19:30-20:30,0,1,可预约,￥5.0,晴,17,12,5,0.0,86,29
2026-05-21 07:59:26,2026-05-21,2,乒乓球厅-3号,19:30-20:30,0,1,可预约,￥5.0,晴,17,12,5,0.0,86,29
2026-05-21 08:00:45,2026-05-21,2,乒乓球厅-3号,19:30-20:30,0,1,可预约,￥5.0,晴,17,12,5,0.0,86,29
2026-05-21 08:02:30,2026-05-21,2,乒乓球厅-3号,19:30-20:30,0,1,可预约,￥5.0,多云,17,12,5,0.0,87,29
2026-05-21 08:05:36,2026-05-21,2,乒乓球厅-3号,19:30-20:30,0,1,可预约,￥5.0,多云,17,12,5,0.0,86,29
2026-05-21 08:08:31,2026-05-21,2,乒乓球厅-3号,19:30-20:30,0,1,可预约,￥5.0,多云,17,12,5,0.0,86,29
2026-05-21 08:11:30,2026-05-21,2,乒乓球厅-3号,19:30-20:30,0,1,可预约,￥5.0,多云,17,12,5,0.0,86,29
2026-05-21 08:14:31,2026-05-21,2,乒乓球厅-3号,19:30-20:30,0,1,可预约,￥5.0,多云,17,12,5,0.0,86,29
2026-05-21 08:17:30,2026-05-21,2,乒乓球厅-3号,19:30-20:30,0,1,可预约,￥5.0,多云,17,12,5,0.0,86,29
2026-05-21 08:20:35,2026-05-21,2,乒乓球厅-3号,19:30-20:30,0,1,可预约,￥5.0,多云,17,14,4,0.0,85,29
2026-05-21 08:25:32,2026-05-21,2,乒乓球厅-3号,19:30-20:30,0,1,可预约,￥5.0,多云,17,14,4,0.0,85,28
2026-05-21 08:30:42,2026-05-21,2,乒乓球厅-3号,19:30-20:30,0,1,可预约,￥5.0,多云,18,15,4,0.0,84,28
2026-05-21 08:35:31,2026-05-21,2,乒乓球厅-3号,19:30-20:30,0,1,可预约,￥5.0,多云,18,15,4,0.0,84,28
2026-05-21 08:40:38,2026-05-21,2,乒乓球厅-3号,19:30-20:30,0,1,可预约,￥5.0,多云,18,15,4,0.0,82,28
2026-05-21 08:45:33,2026-05-21,2,乒乓球厅-3号,19:30-20:30,0,1,可预约,￥5.0,多云,18,15,4,0.0,82,28
2026-05-21 08:50:36,2026-05-21,2,乒乓球厅-3号,19:30-20:30,0,1,可预约,￥5.0,多云,18,15,4,0.0,82,28
2026-05-21 08:55:34,2026-05-21,2,乒乓球厅-3号,19:30-20:30,0,1,可预约,￥5.0,多云,18,15,4,0.0,84,28
2026-05-21 09:00:51,2026-05-21,2,乒乓球厅-3号,19:30-20:30,0,1,可预约,￥5.0,多云,18,15,4,0.0,84,28
2026-05-21 09:01:59,2026-05-21,2,乒乓球厅-3号,19:30-20:30,0,1,可预约,￥5.0,多云,18,15,4,0.0,83,28
2026-05-21 09:05:33,2026-05-21,2,乒乓球厅-3号,19:30-20:30,0,1,可预约,￥5.0,多云,18,15,4,0.0,83,28
2026-05-21 09:20:38,2026-05-21,2,乒乓球厅-3号,19:30-20:30,0,1,可预约,￥5.0,多云,18,16,3,0.0,81,28
2026-05-21 09:30:46,2026-05-21,2,乒乓球厅-3号,19:30-20:30,0,1,可预约,￥5.0,多云,18,16,3,0.0,81,32
2026-05-21 09:40:36,2026-05-21,2,乒乓球厅-3号,19:30-20:30,0,1,可预约,￥5.0,多云,19,17,3,0.0,79,32
2026-05-21 09:50:42,2026-05-21,2,乒乓球厅-3号,19:30-20:30,0,1,可预约,￥5.0,多云,19,17,4,0.0,81,32
2026-05-21 10:00:46,2026-05-21,2,乒乓球厅-3号,19:30-20:30,0,1,可预约,￥5.0,多云,19,17,4,0.0,79,32
2026-05-21 10:10:40,2026-05-21,2,乒乓球厅-3号,19:30-20:30,0,1,可预约,￥5.0,多云,19,17,4,0.0,79,32
2026-05-21 10:20:38,2026-05-21,2,乒乓球厅-3号,19:30-20:30,0,1,可预约,￥5.0,多云,19,17,4,0.0,79,32
2026-05-21 10:30:41,2026-05-21,2,乒乓球厅-3号,19:30-20:30,0,1,可预约,￥5.0,多云,19,18,3,0.0,78,31
2026-05-21 11:00:44,2026-05-21,2,乒乓球厅-3号,19:30-20:30,0,1,可预约,￥5.0,多云,21,17,5,0.0,74,31
2026-05-21 11:30:38,2026-05-21,2,乒乓球厅-3号,19:30-20:30,0,1,可预约,￥5.0,多云,21,19,3,0.0,72,33
2026-05-21 12:00:46,2026-05-21,2,乒乓球厅-3号,19:30-20:30,0,1,可预约,￥5.0,多云,22,19,4,0.0,70,33
2026-05-21 12:30:42,2026-05-21,2,乒乓球厅-3号,19:30-20:30,0,1,可预约,￥5.0,多云,22,21,3,0.0,68,35
2026-05-21 13:00:43,2026-05-21,2,乒乓球厅-3号,19:30-20:30,0,1,可预约,￥5.0,多云,24,22,4,0.0,66,35
2026-05-21 13:30:43,2026-05-21,2,乒乓球厅-3号,19:30-20:30,0,1,可预约,￥5.0,多云,24,22,4,0.0,66,36
2026-05-21 14:00:48,2026-05-21,2,乒乓球厅-3号,19:30-20:30,0,1,可预约,￥5.0,多云,25,23,4,0.0,66,36
2026-05-21 14:30:45,2026-05-21,2,乒乓球厅-3号,19:30-20:30,0,1,可预约,￥5.0,晴,25,25,3,0.0,65,39
2026-05-21 15:00:45,2026-05-21,2,乒乓球厅-3号,19:30-20:30,0,1,可预约,￥5.0,晴,25,22,4,0.0,56,39
2026-05-21 15:30:43,2026-05-21,2,乒乓球厅-3号,19:30-20:30,0,1,可预约,￥5.0,晴,25,23,4,0.0,57,40
2026-05-21 16:00:51,2026-05-21,2,乒乓球厅-3号,19:30-20:30,0,1,可预约,￥5.0,晴,25,23,4,0.0,57,40
2026-05-21 16:30:48,2026-05-21,2,乒乓球厅-3号,19:30-20:30,0,1,可预约,￥5.0,晴,25,24,3,0.0,60,39
2026-05-21 17:00:49,2026-05-21,2,乒乓球厅-3号,19:30-20:30,0,1,可预约,￥5.0,晴,25,24,4,0.0,61,39
2026-05-21 17:30:47,2026-05-21,2,乒乓球厅-3号,19:30-20:30,0,1,可预约,￥5.0,多云,24,23,3,0.0,64,39
2026-05-21 18:00:50,2026-05-21,2,乒乓球厅-3号,19:30-20:30,0,1,可预约,￥5.0,多云,24,23,3,0.0,68,39
2026-05-21 18:30:50,2026-05-21,2,乒乓球厅-3号,19:30-20:30,0,1,可预约,￥5.0,阴,24,25,2,0.0,68,40
2026-05-21 19:00:50,2026-05-21,2,乒乓球厅-3号,19:30-20:30,0,1,可预约,￥5.0,阴,23,23,3,0.0,76,40
2026-05-21 19:30:46,2026-05-21,2,乒乓球厅-3号,19:30-20:30,0,1,可预约,￥5.0,阴,23,24,2,0.0,77,39
2026-05-21 20:00:49,2026-05-21,2,乒乓球厅-3号,19:30-20:30,0,1,可预约,￥5.0,雾,22,23,2,0.0,89,39
2026-05-21 20:30:44,2026-05-21,2,乒乓球厅-3号,19:30-20:30,0,1,不开放/已过期,,雾,22,24,2,0.0,93,43
2026-05-21 21:00:56,2026-05-21,2,乒乓球厅-3号,19:30-20:30,0,1,不开放/已过期,,雾,20,21,2,0.0,98,43
2026-05-21 21:30:46,2026-05-21,2,乒乓球厅-3号,19:30-20:30,0,1,不开放/已过期,,雾,20,22,1,0.0,99,41
2026-05-21 22:01:02,2026-05-21,2,乒乓球厅-3号,19:30-20:30,0,1,不开放/已过期,,雾,19,20,2,0.0,93,41
2026-05-21 22:30:47,2026-05-21,2,乒乓球厅-3号,19:30-20:30,0,1,不开放/已过期,,雾,19,19,3,0.0,88,46
2026-05-21 23:00:56,2026-05-21,2,乒乓球厅-3号,19:30-20:30,0,1,不开放/已过期,,多云,18,17,3,0.0,85,46
2026-05-21 23:30:55,2026-05-21,2,乒乓球厅-3号,19:30-20:30,0,1,不开放/已过期,,多云,18,17,3,0.0,85,48
2026-05-21 00:30:49,2026-05-21,2,乒乓球厅-3号,20:30-21:30,0,1,可预约,￥5.0,多云,15,13,3,0.0,100,26
2026-05-21 01:00:55,2026-05-21,2,乒乓球厅-3号,20:30-21:30,0,1,可预约,￥5.0,多云,15,12,4,0.0,100,26
2026-05-21 01:30:47,2026-05-21,2,乒乓球厅-3号,20:30-21:30,0,1,可预约,￥5.0,多云,15,13,4,0.0,100,28
2026-05-21 02:00:53,2026-05-21,2,乒乓球厅-3号,20:30-21:30,0,1,可预约,￥5.0,多云,15,12,4,0.0,100,28
2026-05-21 02:30:49,2026-05-21,2,乒乓球厅-3号,20:30-21:30,0,1,可预约,￥5.0,多云,15,14,3,0.0,100,29
2026-05-21 03:00:55,2026-05-21,2,乒乓球厅-3号,20:30-21:30,0,1,可预约,￥5.0,多云,15,12,4,0.0,100,29
2026-05-21 03:30:49,2026-05-21,2,乒乓球厅-3号,20:30-21:30,0,1,可预约,￥5.0,多云,15,14,3,0.0,100,30
2026-05-21 04:30:45,2026-05-21,2,乒乓球厅-3号,20:30-21:30,0,1,可预约,￥5.0,多云,15,12,4,0.0,100,29
2026-05-21 05:00:52,2026-05-21,2,乒乓球厅-3号,20:30-21:30,0,1,可预约,￥5.0,多云,15,12,4,0.0,100,29
2026-05-21 05:30:49,2026-05-21,2,乒乓球厅-3号,20:30-21:30,0,1,可预约,￥5.0,多云,15,13,3,0.0,100,28
2026-05-21 06:00:50,2026-05-21,2,乒乓球厅-3号,20:30-21:30,0,1,可预约,￥5.0,多云,15,13,4,0.0,99,28
2026-05-21 06:30:38,2026-05-21,2,乒乓球厅-3号,20:30-21:30,0,1,可预约,￥5.0,多云,15,13,3,0.0,97,28
2026-05-21 07:00:43,2026-05-21,2,乒乓球厅-3号,20:30-21:30,0,1,可预约,￥5.0,晴,15,11,5,0.0,93,28
2026-05-21 07:30:39,2026-05-21,2,乒乓球厅-3号,20:30-21:30,0,1,可预约,￥5.0,晴,17,13,4,0.0,89,29
2026-05-21 07:50:40,2026-05-21,2,乒乓球厅-3号,20:30-21:30,0,1,可预约,￥5.0,晴,17,13,4,0.0,88,29
2026-05-21 07:53:31,2026-05-21,2,乒乓球厅-3号,20:30-21:30,0,1,可预约,￥5.0,晴,17,12,5,0.0,86,29
2026-05-21 07:56:31,2026-05-21,2,乒乓球厅-3号,20:30-21:30,0,1,可预约,￥5.0,晴,17,12,5,0.0,86,29
2026-05-21 07:59:26,2026-05-21,2,乒乓球厅-3号,20:30-21:30,0,1,可预约,￥5.0,晴,17,12,5,0.0,86,29
2026-05-21 08:00:45,2026-05-21,2,乒乓球厅-3号,20:30-21:30,0,1,可预约,￥5.0,晴,17,12,5,0.0,86,29
2026-05-21 08:02:30,2026-05-21,2,乒乓球厅-3号,20:30-21:30,0,1,可预约,￥5.0,多云,17,12,5,0.0,87,29
2026-05-21 08:05:36,2026-05-21,2,乒乓球厅-3号,20:30-21:30,0,1,可预约,￥5.0,多云,17,12,5,0.0,86,29
2026-05-21 08:08:31,2026-05-21,2,乒乓球厅-3号,20:30-21:30,0,1,可预约,￥5.0,多云,17,12,5,0.0,86,29
2026-05-21 08:11:30,2026-05-21,2,乒乓球厅-3号,20:30-21:30,0,1,可预约,￥5.0,多云,17,12,5,0.0,86,29
2026-05-21 08:14:31,2026-05-21,2,乒乓球厅-3号,20:30-21:30,0,1,可预约,￥5.0,多云,17,12,5,0.0,86,29
2026-05-21 08:17:30,2026-05-21,2,乒乓球厅-3号,20:30-21:30,0,1,可预约,￥5.0,多云,17,12,5,0.0,86,29
2026-05-21 08:20:35,2026-05-21,2,乒乓球厅-3号,20:30-21:30,0,1,可预约,￥5.0,多云,17,14,4,0.0,85,29
2026-05-21 08:25:32,2026-05-21,2,乒乓球厅-3号,20:30-21:30,0,1,可预约,￥5.0,多云,17,14,4,0.0,85,28
2026-05-21 08:30:42,2026-05-21,2,乒乓球厅-3号,20:30-21:30,0,1,可预约,￥5.0,多云,18,15,4,0.0,84,28
2026-05-21 08:35:31,2026-05-21,2,乒乓球厅-3号,20:30-21:30,0,1,可预约,￥5.0,多云,18,15,4,0.0,84,28
2026-05-21 08:40:38,2026-05-21,2,乒乓球厅-3号,20:30-21:30,0,1,可预约,￥5.0,多云,18,15,4,0.0,82,28
2026-05-21 08:45:33,2026-05-21,2,乒乓球厅-3号,20:30-21:30,0,1,可预约,￥5.0,多云,18,15,4,0.0,82,28
2026-05-21 08:50:36,2026-05-21,2,乒乓球厅-3号,20:30-21:30,0,1,可预约,￥5.0,多云,18,15,4,0.0,82,28
2026-05-21 08:55:34,2026-05-21,2,乒乓球厅-3号,20:30-21:30,0,1,可预约,￥5.0,多云,18,15,4,0.0,84,28
2026-05-21 09:00:51,2026-05-21,2,乒乓球厅-3号,20:30-21:30,0,1,可预约,￥5.0,多云,18,15,4,0.0,84,28
2026-05-21 09:01:59,2026-05-21,2,乒乓球厅-3号,20:30-21:30,0,1,可预约,￥5.0,多云,18,15,4,0.0,83,28
2026-05-21 09:05:33,2026-05-21,2,乒乓球厅-3号,20:30-21:30,0,1,可预约,￥5.0,多云,18,15,4,0.0,83,28
2026-05-21 09:20:38,2026-05-21,2,乒乓球厅-3号,20:30-21:30,0,1,可预约,￥5.0,多云,18,16,3,0.0,81,28
2026-05-21 09:30:46,2026-05-21,2,乒乓球厅-3号,20:30-21:30,0,1,可预约,￥5.0,多云,18,16,3,0.0,81,32
2026-05-21 09:40:36,2026-05-21,2,乒乓球厅-3号,20:30-21:30,0,1,可预约,￥5.0,多云,19,17,3,0.0,79,32
2026-05-21 09:50:42,2026-05-21,2,乒乓球厅-3号,20:30-21:30,0,1,可预约,￥5.0,多云,19,17,4,0.0,81,32
2026-05-21 10:00:46,2026-05-21,2,乒乓球厅-3号,20:30-21:30,0,1,可预约,￥5.0,多云,19,17,4,0.0,79,32
2026-05-21 10:10:40,2026-05-21,2,乒乓球厅-3号,20:30-21:30,0,1,可预约,￥5.0,多云,19,17,4,0.0,79,32
2026-05-21 10:20:38,2026-05-21,2,乒乓球厅-3号,20:30-21:30,0,1,可预约,￥5.0,多云,19,17,4,0.0,79,32
2026-05-21 10:30:41,2026-05-21,2,乒乓球厅-3号,20:30-21:30,0,1,可预约,￥5.0,多云,19,18,3,0.0,78,31
2026-05-21 11:00:44,2026-05-21,2,乒乓球厅-3号,20:30-21:30,0,1,可预约,￥5.0,多云,21,17,5,0.0,74,31
2026-05-21 11:30:38,2026-05-21,2,乒乓球厅-3号,20:30-21:30,0,1,可预约,￥5.0,多云,21,19,3,0.0,72,33
2026-05-21 12:00:46,2026-05-21,2,乒乓球厅-3号,20:30-21:30,0,1,可预约,￥5.0,多云,22,19,4,0.0,70,33
2026-05-21 12:30:42,2026-05-21,2,乒乓球厅-3号,20:30-21:30,0,1,可预约,￥5.0,多云,22,21,3,0.0,68,35
2026-05-21 13:00:43,2026-05-21,2,乒乓球厅-3号,20:30-21:30,0,1,可预约,￥5.0,多云,24,22,4,0.0,66,35
2026-05-21 13:30:43,2026-05-21,2,乒乓球厅-3号,20:30-21:30,0,1,可预约,￥5.0,多云,24,22,4,0.0,66,36
2026-05-21 14:00:48,2026-05-21,2,乒乓球厅-3号,20:30-21:30,0,1,可预约,￥5.0,多云,25,23,4,0.0,66,36
2026-05-21 14:30:45,2026-05-21,2,乒乓球厅-3号,20:30-21:30,0,1,可预约,￥5.0,晴,25,25,3,0.0,65,39
2026-05-21 15:00:45,2026-05-21,2,乒乓球厅-3号,20:30-21:30,0,1,可预约,￥5.0,晴,25,22,4,0.0,56,39
2026-05-21 15:30:43,2026-05-21,2,乒乓球厅-3号,20:30-21:30,0,1,可预约,￥5.0,晴,25,23,4,0.0,57,40
2026-05-21 16:00:51,2026-05-21,2,乒乓球厅-3号,20:30-21:30,0,1,可预约,￥5.0,晴,25,23,4,0.0,57,40
2026-05-21 16:30:48,2026-05-21,2,乒乓球厅-3号,20:30-21:30,0,1,可预约,￥5.0,晴,25,24,3,0.0,60,39
2026-05-21 17:00:49,2026-05-21,2,乒乓球厅-3号,20:30-21:30,0,1,可预约,￥5.0,晴,25,24,4,0.0,61,39
2026-05-21 17:30:47,2026-05-21,2,乒乓球厅-3号,20:30-21:30,0,1,可预约,￥5.0,多云,24,23,3,0.0,64,39
2026-05-21 18:00:50,2026-05-21,2,乒乓球厅-3号,20:30-21:30,0,1,可预约,￥5.0,多云,24,23,3,0.0,68,39
2026-05-21 18:30:50,2026-05-21,2,乒乓球厅-3号,20:30-21:30,0,1,可预约,￥5.0,阴,24,25,2,0.0,68,40
2026-05-21 19:00:50,2026-05-21,2,乒乓球厅-3号,20:30-21:30,0,1,可预约,￥5.0,阴,23,23,3,0.0,76,40
2026-05-21 19:30:46,2026-05-21,2,乒乓球厅-3号,20:30-21:30,0,1,可预约,￥5.0,阴,23,24,2,0.0,77,39
2026-05-21 20:00:49,2026-05-21,2,乒乓球厅-3号,20:30-21:30,0,1,可预约,￥5.0,雾,22,23,2,0.0,89,39
2026-05-21 20:30:44,2026-05-21,2,乒乓球厅-3号,20:30-21:30,0,1,可预约,￥5.0,雾,22,24,2,0.0,93,43
2026-05-21 21:00:56,2026-05-21,2,乒乓球厅-3号,20:30-21:30,0,1,可预约,￥5.0,雾,20,21,2,0.0,98,43
2026-05-21 21:30:46,2026-05-21,2,乒乓球厅-3号,20:30-21:30,0,1,不开放/已过期,,雾,20,22,1,0.0,99,41
2026-05-21 22:01:02,2026-05-21,2,乒乓球厅-3号,20:30-21:30,0,1,不开放/已过期,,雾,19,20,2,0.0,93,41
2026-05-21 22:30:47,2026-05-21,2,乒乓球厅-3号,20:30-21:30,0,1,不开放/已过期,,雾,19,19,3,0.0,88,46
2026-05-21 23:00:56,2026-05-21,2,乒乓球厅-3号,20:30-21:30,0,1,不开放/已过期,,多云,18,17,3,0.0,85,46
2026-05-21 23:30:55,2026-05-21,2,乒乓球厅-3号,20:30-21:30,0,1,不开放/已过期,,多云,18,17,3,0.0,85,48
2026-05-21 00:30:49,2026-05-21,2,乒乓球厅-4号,07:00-08:00,0,1,可预约,￥0.0,多云,15,13,3,0.0,100,26
2026-05-21 01:00:55,2026-05-21,2,乒乓球厅-4号,07:00-08:00,0,1,可预约,￥0.0,多云,15,12,4,0.0,100,26
2026-05-21 01:30:47,2026-05-21,2,乒乓球厅-4号,07:00-08:00,0,1,可预约,￥0.0,多云,15,13,4,0.0,100,28
2026-05-21 02:00:53,2026-05-21,2,乒乓球厅-4号,07:00-08:00,0,1,可预约,￥0.0,多云,15,12,4,0.0,100,28
2026-05-21 02:30:49,2026-05-21,2,乒乓球厅-4号,07:00-08:00,0,1,可预约,￥0.0,多云,15,14,3,0.0,100,29
2026-05-21 03:00:55,2026-05-21,2,乒乓球厅-4号,07:00-08:00,0,1,可预约,￥0.0,多云,15,12,4,0.0,100,29
2026-05-21 03:30:49,2026-05-21,2,乒乓球厅-4号,07:00-08:00,0,1,可预约,￥0.0,多云,15,14,3,0.0,100,30
2026-05-21 04:30:45,2026-05-21,2,乒乓球厅-4号,07:00-08:00,0,1,可预约,￥0.0,多云,15,12,4,0.0,100,29
2026-05-21 05:00:52,2026-05-21,2,乒乓球厅-4号,07:00-08:00,0,1,可预约,￥0.0,多云,15,12,4,0.0,100,29
2026-05-21 05:30:49,2026-05-21,2,乒乓球厅-4号,07:00-08:00,0,1,可预约,￥0.0,多云,15,13,3,0.0,100,28
2026-05-21 06:00:50,2026-05-21,2,乒乓球厅-4号,07:00-08:00,0,1,可预约,￥0.0,多云,15,13,4,0.0,99,28
2026-05-21 06:30:38,2026-05-21,2,乒乓球厅-4号,07:00-08:00,0,1,可预约,￥0.0,多云,15,13,3,0.0,97,28
2026-05-21 07:00:43,2026-05-21,2,乒乓球厅-4号,07:00-08:00,0,1,可预约,￥0.0,晴,15,11,5,0.0,93,28
2026-05-21 07:30:39,2026-05-21,2,乒乓球厅-4号,07:00-08:00,0,1,可预约,￥0.0,晴,17,13,4,0.0,89,29
2026-05-21 07:50:40,2026-05-21,2,乒乓球厅-4号,07:00-08:00,0,1,可预约,￥0.0,晴,17,13,4,0.0,88,29
2026-05-21 07:53:31,2026-05-21,2,乒乓球厅-4号,07:00-08:00,0,1,可预约,￥0.0,晴,17,12,5,0.0,86,29
2026-05-21 07:56:31,2026-05-21,2,乒乓球厅-4号,07:00-08:00,0,1,可预约,￥0.0,晴,17,12,5,0.0,86,29
2026-05-21 07:59:26,2026-05-21,2,乒乓球厅-4号,07:00-08:00,0,1,可预约,￥0.0,晴,17,12,5,0.0,86,29
2026-05-21 08:00:45,2026-05-21,2,乒乓球厅-4号,07:00-08:00,0,1,不开放/已过期,,晴,17,12,5,0.0,86,29
2026-05-21 08:02:30,2026-05-21,2,乒乓球厅-4号,07:00-08:00,0,1,不开放/已过期,,多云,17,12,5,0.0,87,29
2026-05-21 08:05:36,2026-05-21,2,乒乓球厅-4号,07:00-08:00,0,1,不开放/已过期,,多云,17,12,5,0.0,86,29
2026-05-21 08:08:31,2026-05-21,2,乒乓球厅-4号,07:00-08:00,0,1,不开放/已过期,,多云,17,12,5,0.0,86,29
2026-05-21 08:11:30,2026-05-21,2,乒乓球厅-4号,07:00-08:00,0,1,不开放/已过期,,多云,17,12,5,0.0,86,29
2026-05-21 08:14:31,2026-05-21,2,乒乓球厅-4号,07:00-08:00,0,1,不开放/已过期,,多云,17,12,5,0.0,86,29
2026-05-21 08:17:30,2026-05-21,2,乒乓球厅-4号,07:00-08:00,0,1,不开放/已过期,,多云,17,12,5,0.0,86,29
2026-05-21 08:20:35,2026-05-21,2,乒乓球厅-4号,07:00-08:00,0,1,不开放/已过期,,多云,17,14,4,0.0,85,29
2026-05-21 08:25:32,2026-05-21,2,乒乓球厅-4号,07:00-08:00,0,1,不开放/已过期,,多云,17,14,4,0.0,85,28
2026-05-21 08:30:42,2026-05-21,2,乒乓球厅-4号,07:00-08:00,0,1,不开放/已过期,,多云,18,15,4,0.0,84,28
2026-05-21 08:35:31,2026-05-21,2,乒乓球厅-4号,07:00-08:00,0,1,不开放/已过期,,多云,18,15,4,0.0,84,28
2026-05-21 08:40:38,2026-05-21,2,乒乓球厅-4号,07:00-08:00,0,1,不开放/已过期,,多云,18,15,4,0.0,82,28
2026-05-21 08:45:33,2026-05-21,2,乒乓球厅-4号,07:00-08:00,0,1,不开放/已过期,,多云,18,15,4,0.0,82,28
2026-05-21 08:50:36,2026-05-21,2,乒乓球厅-4号,07:00-08:00,0,1,不开放/已过期,,多云,18,15,4,0.0,82,28
2026-05-21 08:55:34,2026-05-21,2,乒乓球厅-4号,07:00-08:00,0,1,不开放/已过期,,多云,18,15,4,0.0,84,28
2026-05-21 09:00:51,2026-05-21,2,乒乓球厅-4号,07:00-08:00,0,1,不开放/已过期,,多云,18,15,4,0.0,84,28
2026-05-21 09:01:59,2026-05-21,2,乒乓球厅-4号,07:00-08:00,0,1,不开放/已过期,,多云,18,15,4,0.0,83,28
2026-05-21 09:05:33,2026-05-21,2,乒乓球厅-4号,07:00-08:00,0,1,不开放/已过期,,多云,18,15,4,0.0,83,28
2026-05-21 09:20:38,2026-05-21,2,乒乓球厅-4号,07:00-08:00,0,1,不开放/已过期,,多云,18,16,3,0.0,81,28
2026-05-21 09:30:46,2026-05-21,2,乒乓球厅-4号,07:00-08:00,0,1,不开放/已过期,,多云,18,16,3,0.0,81,32
2026-05-21 09:40:36,2026-05-21,2,乒乓球厅-4号,07:00-08:00,0,1,不开放/已过期,,多云,19,17,3,0.0,79,32
2026-05-21 09:50:42,2026-05-21,2,乒乓球厅-4号,07:00-08:00,0,1,不开放/已过期,,多云,19,17,4,0.0,81,32
2026-05-21 10:00:46,2026-05-21,2,乒乓球厅-4号,07:00-08:00,0,1,不开放/已过期,,多云,19,17,4,0.0,79,32
2026-05-21 10:10:40,2026-05-21,2,乒乓球厅-4号,07:00-08:00,0,1,不开放/已过期,,多云,19,17,4,0.0,79,32
2026-05-21 10:20:38,2026-05-21,2,乒乓球厅-4号,07:00-08:00,0,1,不开放/已过期,,多云,19,17,4,0.0,79,32
2026-05-21 10:30:41,2026-05-21,2,乒乓球厅-4号,07:00-08:00,0,1,不开放/已过期,,多云,19,18,3,0.0,78,31
2026-05-21 11:00:44,2026-05-21,2,乒乓球厅-4号,07:00-08:00,0,1,不开放/已过期,,多云,21,17,5,0.0,74,31
2026-05-21 11:30:38,2026-05-21,2,乒乓球厅-4号,07:00-08:00,0,1,不开放/已过期,,多云,21,19,3,0.0,72,33
2026-05-21 12:00:46,2026-05-21,2,乒乓球厅-4号,07:00-08:00,0,1,不开放/已过期,,多云,22,19,4,0.0,70,33
2026-05-21 12:30:42,2026-05-21,2,乒乓球厅-4号,07:00-08:00,0,1,不开放/已过期,,多云,22,21,3,0.0,68,35
2026-05-21 13:00:43,2026-05-21,2,乒乓球厅-4号,07:00-08:00,0,1,不开放/已过期,,多云,24,22,4,0.0,66,35
2026-05-21 13:30:43,2026-05-21,2,乒乓球厅-4号,07:00-08:00,0,1,不开放/已过期,,多云,24,22,4,0.0,66,36
2026-05-21 14:00:48,2026-05-21,2,乒乓球厅-4号,07:00-08:00,0,1,不开放/已过期,,多云,25,23,4,0.0,66,36
2026-05-21 14:30:45,2026-05-21,2,乒乓球厅-4号,07:00-08:00,0,1,不开放/已过期,,晴,25,25,3,0.0,65,39
2026-05-21 15:00:45,2026-05-21,2,乒乓球厅-4号,07:00-08:00,0,1,不开放/已过期,,晴,25,22,4,0.0,56,39
2026-05-21 15:30:43,2026-05-21,2,乒乓球厅-4号,07:00-08:00,0,1,不开放/已过期,,晴,25,23,4,0.0,57,40
2026-05-21 16:00:51,2026-05-21,2,乒乓球厅-4号,07:00-08:00,0,1,不开放/已过期,,晴,25,23,4,0.0,57,40
2026-05-21 16:30:48,2026-05-21,2,乒乓球厅-4号,07:00-08:00,0,1,不开放/已过期,,晴,25,24,3,0.0,60,39
2026-05-21 17:00:49,2026-05-21,2,乒乓球厅-4号,07:00-08:00,0,1,不开放/已过期,,晴,25,24,4,0.0,61,39
2026-05-21 17:30:47,2026-05-21,2,乒乓球厅-4号,07:00-08:00,0,1,不开放/已过期,,多云,24,23,3,0.0,64,39
2026-05-21 18:00:50,2026-05-21,2,乒乓球厅-4号,07:00-08:00,0,1,不开放/已过期,,多云,24,23,3,0.0,68,39
2026-05-21 18:30:50,2026-05-21,2,乒乓球厅-4号,07:00-08:00,0,1,不开放/已过期,,阴,24,25,2,0.0,68,40
2026-05-21 19:00:50,2026-05-21,2,乒乓球厅-4号,07:00-08:00,0,1,不开放/已过期,,阴,23,23,3,0.0,76,40
2026-05-21 19:30:46,2026-05-21,2,乒乓球厅-4号,07:00-08:00,0,1,不开放/已过期,,阴,23,24,2,0.0,77,39
2026-05-21 20:00:49,2026-05-21,2,乒乓球厅-4号,07:00-08:00,0,1,不开放/已过期,,雾,22,23,2,0.0,89,39
2026-05-21 20:30:44,2026-05-21,2,乒乓球厅-4号,07:00-08:00,0,1,不开放/已过期,,雾,22,24,2,0.0,93,43
2026-05-21 21:00:56,2026-05-21,2,乒乓球厅-4号,07:00-08:00,0,1,不开放/已过期,,雾,20,21,2,0.0,98,43
2026-05-21 21:30:46,2026-05-21,2,乒乓球厅-4号,07:00-08:00,0,1,不开放/已过期,,雾,20,22,1,0.0,99,41
2026-05-21 22:01:02,2026-05-21,2,乒乓球厅-4号,07:00-08:00,0,1,不开放/已过期,,雾,19,20,2,0.0,93,41
2026-05-21 22:30:47,2026-05-21,2,乒乓球厅-4号,07:00-08:00,0,1,不开放/已过期,,雾,19,19,3,0.0,88,46
2026-05-21 23:00:56,2026-05-21,2,乒乓球厅-4号,07:00-08:00,0,1,不开放/已过期,,多云,18,17,3,0.0,85,46
2026-05-21 23:30:55,2026-05-21,2,乒乓球厅-4号,07:00-08:00,0,1,不开放/已过期,,多云,18,17,3,0.0,85,48
2026-05-21 00:30:49,2026-05-21,2,乒乓球厅-4号,08:00-09:00,0,1,可预约,￥0.0,多云,15,13,3,0.0,100,26
2026-05-21 01:00:55,2026-05-21,2,乒乓球厅-4号,08:00-09:00,0,1,可预约,￥0.0,多云,15,12,4,0.0,100,26
2026-05-21 01:30:47,2026-05-21,2,乒乓球厅-4号,08:00-09:00,0,1,可预约,￥0.0,多云,15,13,4,0.0,100,28
2026-05-21 02:00:53,2026-05-21,2,乒乓球厅-4号,08:00-09:00,0,1,可预约,￥0.0,多云,15,12,4,0.0,100,28
2026-05-21 02:30:49,2026-05-21,2,乒乓球厅-4号,08:00-09:00,0,1,可预约,￥0.0,多云,15,14,3,0.0,100,29
2026-05-21 03:00:55,2026-05-21,2,乒乓球厅-4号,08:00-09:00,0,1,可预约,￥0.0,多云,15,12,4,0.0,100,29
2026-05-21 03:30:49,2026-05-21,2,乒乓球厅-4号,08:00-09:00,0,1,可预约,￥0.0,多云,15,14,3,0.0,100,30
2026-05-21 04:30:45,2026-05-21,2,乒乓球厅-4号,08:00-09:00,0,1,可预约,￥0.0,多云,15,12,4,0.0,100,29
2026-05-21 05:00:52,2026-05-21,2,乒乓球厅-4号,08:00-09:00,0,1,可预约,￥0.0,多云,15,12,4,0.0,100,29
2026-05-21 05:30:49,2026-05-21,2,乒乓球厅-4号,08:00-09:00,0,1,可预约,￥0.0,多云,15,13,3,0.0,100,28
2026-05-21 06:00:50,2026-05-21,2,乒乓球厅-4号,08:00-09:00,0,1,可预约,￥0.0,多云,15,13,4,0.0,99,28
2026-05-21 06:30:38,2026-05-21,2,乒乓球厅-4号,08:00-09:00,0,1,可预约,￥0.0,多云,15,13,3,0.0,97,28
2026-05-21 07:00:43,2026-05-21,2,乒乓球厅-4号,08:00-09:00,0,1,可预约,￥0.0,晴,15,11,5,0.0,93,28
2026-05-21 07:30:39,2026-05-21,2,乒乓球厅-4号,08:00-09:00,0,1,可预约,￥0.0,晴,17,13,4,0.0,89,29
2026-05-21 07:50:40,2026-05-21,2,乒乓球厅-4号,08:00-09:00,0,1,可预约,￥0.0,晴,17,13,4,0.0,88,29
2026-05-21 07:53:31,2026-05-21,2,乒乓球厅-4号,08:00-09:00,0,1,可预约,￥0.0,晴,17,12,5,0.0,86,29
2026-05-21 07:56:31,2026-05-21,2,乒乓球厅-4号,08:00-09:00,0,1,可预约,￥0.0,晴,17,12,5,0.0,86,29
2026-05-21 07:59:26,2026-05-21,2,乒乓球厅-4号,08:00-09:00,0,1,可预约,￥0.0,晴,17,12,5,0.0,86,29
2026-05-21 08:00:45,2026-05-21,2,乒乓球厅-4号,08:00-09:00,0,1,可预约,￥0.0,晴,17,12,5,0.0,86,29
2026-05-21 08:02:30,2026-05-21,2,乒乓球厅-4号,08:00-09:00,0,1,可预约,￥0.0,多云,17,12,5,0.0,87,29
2026-05-21 08:05:36,2026-05-21,2,乒乓球厅-4号,08:00-09:00,0,1,可预约,￥0.0,多云,17,12,5,0.0,86,29
2026-05-21 08:08:31,2026-05-21,2,乒乓球厅-4号,08:00-09:00,0,1,可预约,￥0.0,多云,17,12,5,0.0,86,29
2026-05-21 08:11:30,2026-05-21,2,乒乓球厅-4号,08:00-09:00,0,1,可预约,￥0.0,多云,17,12,5,0.0,86,29
2026-05-21 08:14:31,2026-05-21,2,乒乓球厅-4号,08:00-09:00,0,1,可预约,￥0.0,多云,17,12,5,0.0,86,29
2026-05-21 08:17:30,2026-05-21,2,乒乓球厅-4号,08:00-09:00,0,1,可预约,￥0.0,多云,17,12,5,0.0,86,29
2026-05-21 08:20:35,2026-05-21,2,乒乓球厅-4号,08:00-09:00,0,1,可预约,￥0.0,多云,17,14,4,0.0,85,29
2026-05-21 08:25:32,2026-05-21,2,乒乓球厅-4号,08:00-09:00,0,1,可预约,￥0.0,多云,17,14,4,0.0,85,28
2026-05-21 08:30:42,2026-05-21,2,乒乓球厅-4号,08:00-09:00,0,1,可预约,￥0.0,多云,18,15,4,0.0,84,28
2026-05-21 08:35:31,2026-05-21,2,乒乓球厅-4号,08:00-09:00,0,1,可预约,￥0.0,多云,18,15,4,0.0,84,28
2026-05-21 08:40:38,2026-05-21,2,乒乓球厅-4号,08:00-09:00,0,1,可预约,￥0.0,多云,18,15,4,0.0,82,28
2026-05-21 08:45:33,2026-05-21,2,乒乓球厅-4号,08:00-09:00,0,1,可预约,￥0.0,多云,18,15,4,0.0,82,28
2026-05-21 08:50:36,2026-05-21,2,乒乓球厅-4号,08:00-09:00,0,1,可预约,￥0.0,多云,18,15,4,0.0,82,28
2026-05-21 08:55:34,2026-05-21,2,乒乓球厅-4号,08:00-09:00,0,1,可预约,￥0.0,多云,18,15,4,0.0,84,28
2026-05-21 09:00:51,2026-05-21,2,乒乓球厅-4号,08:00-09:00,0,1,不开放/已过期,,多云,18,15,4,0.0,84,28
2026-05-21 09:01:59,2026-05-21,2,乒乓球厅-4号,08:00-09:00,0,1,不开放/已过期,,多云,18,15,4,0.0,83,28
2026-05-21 09:05:33,2026-05-21,2,乒乓球厅-4号,08:00-09:00,0,1,不开放/已过期,,多云,18,15,4,0.0,83,28
2026-05-21 09:20:38,2026-05-21,2,乒乓球厅-4号,08:00-09:00,0,1,不开放/已过期,,多云,18,16,3,0.0,81,28
2026-05-21 09:30:46,2026-05-21,2,乒乓球厅-4号,08:00-09:00,0,1,不开放/已过期,,多云,18,16,3,0.0,81,32
2026-05-21 09:40:36,2026-05-21,2,乒乓球厅-4号,08:00-09:00,0,1,不开放/已过期,,多云,19,17,3,0.0,79,32
2026-05-21 09:50:42,2026-05-21,2,乒乓球厅-4号,08:00-09:00,0,1,不开放/已过期,,多云,19,17,4,0.0,81,32
2026-05-21 10:00:46,2026-05-21,2,乒乓球厅-4号,08:00-09:00,0,1,不开放/已过期,,多云,19,17,4,0.0,79,32
2026-05-21 10:10:40,2026-05-21,2,乒乓球厅-4号,08:00-09:00,0,1,不开放/已过期,,多云,19,17,4,0.0,79,32
2026-05-21 10:20:38,2026-05-21,2,乒乓球厅-4号,08:00-09:00,0,1,不开放/已过期,,多云,19,17,4,0.0,79,32
2026-05-21 10:30:41,2026-05-21,2,乒乓球厅-4号,08:00-09:00,0,1,不开放/已过期,,多云,19,18,3,0.0,78,31
2026-05-21 11:00:44,2026-05-21,2,乒乓球厅-4号,08:00-09:00,0,1,不开放/已过期,,多云,21,17,5,0.0,74,31
2026-05-21 11:30:38,2026-05-21,2,乒乓球厅-4号,08:00-09:00,0,1,不开放/已过期,,多云,21,19,3,0.0,72,33
2026-05-21 12:00:46,2026-05-21,2,乒乓球厅-4号,08:00-09:00,0,1,不开放/已过期,,多云,22,19,4,0.0,70,33
2026-05-21 12:30:42,2026-05-21,2,乒乓球厅-4号,08:00-09:00,0,1,不开放/已过期,,多云,22,21,3,0.0,68,35
2026-05-21 13:00:43,2026-05-21,2,乒乓球厅-4号,08:00-09:00,0,1,不开放/已过期,,多云,24,22,4,0.0,66,35
2026-05-21 13:30:43,2026-05-21,2,乒乓球厅-4号,08:00-09:00,0,1,不开放/已过期,,多云,24,22,4,0.0,66,36
2026-05-21 14:00:48,2026-05-21,2,乒乓球厅-4号,08:00-09:00,0,1,不开放/已过期,,多云,25,23,4,0.0,66,36
2026-05-21 14:30:45,2026-05-21,2,乒乓球厅-4号,08:00-09:00,0,1,不开放/已过期,,晴,25,25,3,0.0,65,39
2026-05-21 15:00:45,2026-05-21,2,乒乓球厅-4号,08:00-09:00,0,1,不开放/已过期,,晴,25,22,4,0.0,56,39
2026-05-21 15:30:43,2026-05-21,2,乒乓球厅-4号,08:00-09:00,0,1,不开放/已过期,,晴,25,23,4,0.0,57,40
2026-05-21 16:00:51,2026-05-21,2,乒乓球厅-4号,08:00-09:00,0,1,不开放/已过期,,晴,25,23,4,0.0,57,40
2026-05-21 16:30:48,2026-05-21,2,乒乓球厅-4号,08:00-09:00,0,1,不开放/已过期,,晴,25,24,3,0.0,60,39
2026-05-21 17:00:49,2026-05-21,2,乒乓球厅-4号,08:00-09:00,0,1,不开放/已过期,,晴,25,24,4,0.0,61,39
2026-05-21 17:30:47,2026-05-21,2,乒乓球厅-4号,08:00-09:00,0,1,不开放/已过期,,多云,24,23,3,0.0,64,39
2026-05-21 18:00:50,2026-05-21,2,乒乓球厅-4号,08:00-09:00,0,1,不开放/已过期,,多云,24,23,3,0.0,68,39
2026-05-21 18:30:50,2026-05-21,2,乒乓球厅-4号,08:00-09:00,0,1,不开放/已过期,,阴,24,25,2,0.0,68,40
2026-05-21 19:00:50,2026-05-21,2,乒乓球厅-4号,08:00-09:00,0,1,不开放/已过期,,阴,23,23,3,0.0,76,40
2026-05-21 19:30:46,2026-05-21,2,乒乓球厅-4号,08:00-09:00,0,1,不开放/已过期,,阴,23,24,2,0.0,77,39
2026-05-21 20:00:49,2026-05-21,2,乒乓球厅-4号,08:00-09:00,0,1,不开放/已过期,,雾,22,23,2,0.0,89,39
2026-05-21 20:30:44,2026-05-21,2,乒乓球厅-4号,08:00-09:00,0,1,不开放/已过期,,雾,22,24,2,0.0,93,43
2026-05-21 21:00:56,2026-05-21,2,乒乓球厅-4号,08:00-09:00,0,1,不开放/已过期,,雾,20,21,2,0.0,98,43
2026-05-21 21:30:46,2026-05-21,2,乒乓球厅-4号,08:00-09:00,0,1,不开放/已过期,,雾,20,22,1,0.0,99,41
2026-05-21 22:01:02,2026-05-21,2,乒乓球厅-4号,08:00-09:00,0,1,不开放/已过期,,雾,19,20,2,0.0,93,41
2026-05-21 22:30:47,2026-05-21,2,乒乓球厅-4号,08:00-09:00,0,1,不开放/已过期,,雾,19,19,3,0.0,88,46
2026-05-21 23:00:56,2026-05-21,2,乒乓球厅-4号,08:00-09:00,0,1,不开放/已过期,,多云,18,17,3,0.0,85,46
2026-05-21 23:30:55,2026-05-21,2,乒乓球厅-4号,08:00-09:00,0,1,不开放/已过期,,多云,18,17,3,0.0,85,48
2026-05-21 00:30:49,2026-05-21,2,乒乓球厅-4号,09:00-10:00,0,1,可预约,￥5.0,多云,15,13,3,0.0,100,26
2026-05-21 01:00:55,2026-05-21,2,乒乓球厅-4号,09:00-10:00,0,1,可预约,￥5.0,多云,15,12,4,0.0,100,26
2026-05-21 01:30:47,2026-05-21,2,乒乓球厅-4号,09:00-10:00,0,1,可预约,￥5.0,多云,15,13,4,0.0,100,28
2026-05-21 02:00:53,2026-05-21,2,乒乓球厅-4号,09:00-10:00,0,1,可预约,￥5.0,多云,15,12,4,0.0,100,28
2026-05-21 02:30:49,2026-05-21,2,乒乓球厅-4号,09:00-10:00,0,1,可预约,￥5.0,多云,15,14,3,0.0,100,29
2026-05-21 03:00:55,2026-05-21,2,乒乓球厅-4号,09:00-10:00,0,1,可预约,￥5.0,多云,15,12,4,0.0,100,29
2026-05-21 03:30:49,2026-05-21,2,乒乓球厅-4号,09:00-10:00,0,1,可预约,￥5.0,多云,15,14,3,0.0,100,30
2026-05-21 04:30:45,2026-05-21,2,乒乓球厅-4号,09:00-10:00,0,1,可预约,￥5.0,多云,15,12,4,0.0,100,29
2026-05-21 05:00:52,2026-05-21,2,乒乓球厅-4号,09:00-10:00,0,1,可预约,￥5.0,多云,15,12,4,0.0,100,29
2026-05-21 05:30:49,2026-05-21,2,乒乓球厅-4号,09:00-10:00,0,1,可预约,￥5.0,多云,15,13,3,0.0,100,28
2026-05-21 06:00:50,2026-05-21,2,乒乓球厅-4号,09:00-10:00,0,1,可预约,￥5.0,多云,15,13,4,0.0,99,28
2026-05-21 06:30:38,2026-05-21,2,乒乓球厅-4号,09:00-10:00,0,1,可预约,￥5.0,多云,15,13,3,0.0,97,28
2026-05-21 07:00:43,2026-05-21,2,乒乓球厅-4号,09:00-10:00,0,1,可预约,￥5.0,晴,15,11,5,0.0,93,28
2026-05-21 07:30:39,2026-05-21,2,乒乓球厅-4号,09:00-10:00,0,1,可预约,￥5.0,晴,17,13,4,0.0,89,29
2026-05-21 07:50:40,2026-05-21,2,乒乓球厅-4号,09:00-10:00,0,1,可预约,￥5.0,晴,17,13,4,0.0,88,29
2026-05-21 07:53:31,2026-05-21,2,乒乓球厅-4号,09:00-10:00,0,1,可预约,￥5.0,晴,17,12,5,0.0,86,29
2026-05-21 07:56:31,2026-05-21,2,乒乓球厅-4号,09:00-10:00,0,1,可预约,￥5.0,晴,17,12,5,0.0,86,29
2026-05-21 07:59:26,2026-05-21,2,乒乓球厅-4号,09:00-10:00,0,1,可预约,￥5.0,晴,17,12,5,0.0,86,29
2026-05-21 08:00:45,2026-05-21,2,乒乓球厅-4号,09:00-10:00,0,1,可预约,￥5.0,晴,17,12,5,0.0,86,29
2026-05-21 08:02:30,2026-05-21,2,乒乓球厅-4号,09:00-10:00,0,1,可预约,￥5.0,多云,17,12,5,0.0,87,29
2026-05-21 08:05:36,2026-05-21,2,乒乓球厅-4号,09:00-10:00,0,1,可预约,￥5.0,多云,17,12,5,0.0,86,29
2026-05-21 08:08:31,2026-05-21,2,乒乓球厅-4号,09:00-10:00,0,1,可预约,￥5.0,多云,17,12,5,0.0,86,29
2026-05-21 08:11:30,2026-05-21,2,乒乓球厅-4号,09:00-10:00,0,1,可预约,￥5.0,多云,17,12,5,0.0,86,29
2026-05-21 08:14:31,2026-05-21,2,乒乓球厅-4号,09:00-10:00,0,1,可预约,￥5.0,多云,17,12,5,0.0,86,29
2026-05-21 08:17:30,2026-05-21,2,乒乓球厅-4号,09:00-10:00,0,1,可预约,￥5.0,多云,17,12,5,0.0,86,29
2026-05-21 08:20:35,2026-05-21,2,乒乓球厅-4号,09:00-10:00,0,1,可预约,￥5.0,多云,17,14,4,0.0,85,29
2026-05-21 08:25:32,2026-05-21,2,乒乓球厅-4号,09:00-10:00,0,1,可预约,￥5.0,多云,17,14,4,0.0,85,28
2026-05-21 08:30:42,2026-05-21,2,乒乓球厅-4号,09:00-10:00,0,1,可预约,￥5.0,多云,18,15,4,0.0,84,28
2026-05-21 08:35:31,2026-05-21,2,乒乓球厅-4号,09:00-10:00,0,1,可预约,￥5.0,多云,18,15,4,0.0,84,28
2026-05-21 08:40:38,2026-05-21,2,乒乓球厅-4号,09:00-10:00,0,1,可预约,￥5.0,多云,18,15,4,0.0,82,28
2026-05-21 08:45:33,2026-05-21,2,乒乓球厅-4号,09:00-10:00,0,1,可预约,￥5.0,多云,18,15,4,0.0,82,28
2026-05-21 08:50:36,2026-05-21,2,乒乓球厅-4号,09:00-10:00,0,1,可预约,￥5.0,多云,18,15,4,0.0,82,28
2026-05-21 08:55:34,2026-05-21,2,乒乓球厅-4号,09:00-10:00,0,1,可预约,￥5.0,多云,18,15,4,0.0,84,28
2026-05-21 09:00:51,2026-05-21,2,乒乓球厅-4号,09:00-10:00,0,1,可预约,￥5.0,多云,18,15,4,0.0,84,28
2026-05-21 09:01:59,2026-05-21,2,乒乓球厅-4号,09:00-10:00,0,1,可预约,￥5.0,多云,18,15,4,0.0,83,28
2026-05-21 09:05:33,2026-05-21,2,乒乓球厅-4号,09:00-10:00,0,1,可预约,￥5.0,多云,18,15,4,0.0,83,28
2026-05-21 09:20:38,2026-05-21,2,乒乓球厅-4号,09:00-10:00,0,1,可预约,￥5.0,多云,18,16,3,0.0,81,28
2026-05-21 09:30:46,2026-05-21,2,乒乓球厅-4号,09:00-10:00,0,1,可预约,￥5.0,多云,18,16,3,0.0,81,32
2026-05-21 09:40:36,2026-05-21,2,乒乓球厅-4号,09:00-10:00,0,1,可预约,￥5.0,多云,19,17,3,0.0,79,32
2026-05-21 09:50:42,2026-05-21,2,乒乓球厅-4号,09:00-10:00,0,1,可预约,￥5.0,多云,19,17,4,0.0,81,32
2026-05-21 10:00:46,2026-05-21,2,乒乓球厅-4号,09:00-10:00,0,1,不开放/已过期,,多云,19,17,4,0.0,79,32
2026-05-21 10:10:40,2026-05-21,2,乒乓球厅-4号,09:00-10:00,0,1,不开放/已过期,,多云,19,17,4,0.0,79,32
2026-05-21 10:20:38,2026-05-21,2,乒乓球厅-4号,09:00-10:00,0,1,不开放/已过期,,多云,19,17,4,0.0,79,32
2026-05-21 10:30:41,2026-05-21,2,乒乓球厅-4号,09:00-10:00,0,1,不开放/已过期,,多云,19,18,3,0.0,78,31
2026-05-21 11:00:44,2026-05-21,2,乒乓球厅-4号,09:00-10:00,0,1,不开放/已过期,,多云,21,17,5,0.0,74,31
2026-05-21 11:30:38,2026-05-21,2,乒乓球厅-4号,09:00-10:00,0,1,不开放/已过期,,多云,21,19,3,0.0,72,33
2026-05-21 12:00:46,2026-05-21,2,乒乓球厅-4号,09:00-10:00,0,1,不开放/已过期,,多云,22,19,4,0.0,70,33
2026-05-21 12:30:42,2026-05-21,2,乒乓球厅-4号,09:00-10:00,0,1,不开放/已过期,,多云,22,21,3,0.0,68,35
2026-05-21 13:00:43,2026-05-21,2,乒乓球厅-4号,09:00-10:00,0,1,不开放/已过期,,多云,24,22,4,0.0,66,35
2026-05-21 13:30:43,2026-05-21,2,乒乓球厅-4号,09:00-10:00,0,1,不开放/已过期,,多云,24,22,4,0.0,66,36
2026-05-21 14:00:48,2026-05-21,2,乒乓球厅-4号,09:00-10:00,0,1,不开放/已过期,,多云,25,23,4,0.0,66,36
2026-05-21 14:30:45,2026-05-21,2,乒乓球厅-4号,09:00-10:00,0,1,不开放/已过期,,晴,25,25,3,0.0,65,39
2026-05-21 15:00:45,2026-05-21,2,乒乓球厅-4号,09:00-10:00,0,1,不开放/已过期,,晴,25,22,4,0.0,56,39
2026-05-21 15:30:43,2026-05-21,2,乒乓球厅-4号,09:00-10:00,0,1,不开放/已过期,,晴,25,23,4,0.0,57,40
2026-05-21 16:00:51,2026-05-21,2,乒乓球厅-4号,09:00-10:00,0,1,不开放/已过期,,晴,25,23,4,0.0,57,40
2026-05-21 16:30:48,2026-05-21,2,乒乓球厅-4号,09:00-10:00,0,1,不开放/已过期,,晴,25,24,3,0.0,60,39
2026-05-21 17:00:49,2026-05-21,2,乒乓球厅-4号,09:00-10:00,0,1,不开放/已过期,,晴,25,24,4,0.0,61,39
2026-05-21 17:30:47,2026-05-21,2,乒乓球厅-4号,09:00-10:00,0,1,不开放/已过期,,多云,24,23,3,0.0,64,39
2026-05-21 18:00:50,2026-05-21,2,乒乓球厅-4号,09:00-10:00,0,1,不开放/已过期,,多云,24,23,3,0.0,68,39
2026-05-21 18:30:50,2026-05-21,2,乒乓球厅-4号,09:00-10:00,0,1,不开放/已过期,,阴,24,25,2,0.0,68,40
2026-05-21 19:00:50,2026-05-21,2,乒乓球厅-4号,09:00-10:00,0,1,不开放/已过期,,阴,23,23,3,0.0,76,40
2026-05-21 19:30:46,2026-05-21,2,乒乓球厅-4号,09:00-10:00,0,1,不开放/已过期,,阴,23,24,2,0.0,77,39
2026-05-21 20:00:49,2026-05-21,2,乒乓球厅-4号,09:00-10:00,0,1,不开放/已过期,,雾,22,23,2,0.0,89,39
2026-05-21 20:30:44,2026-05-21,2,乒乓球厅-4号,09:00-10:00,0,1,不开放/已过期,,雾,22,24,2,0.0,93,43
2026-05-21 21:00:56,2026-05-21,2,乒乓球厅-4号,09:00-10:00,0,1,不开放/已过期,,雾,20,21,2,0.0,98,43
2026-05-21 21:30:46,2026-05-21,2,乒乓球厅-4号,09:00-10:00,0,1,不开放/已过期,,雾,20,22,1,0.0,99,41
2026-05-21 22:01:02,2026-05-21,2,乒乓球厅-4号,09:00-10:00,0,1,不开放/已过期,,雾,19,20,2,0.0,93,41
2026-05-21 22:30:47,2026-05-21,2,乒乓球厅-4号,09:00-10:00,0,1,不开放/已过期,,雾,19,19,3,0.0,88,46
2026-05-21 23:00:56,2026-05-21,2,乒乓球厅-4号,09:00-10:00,0,1,不开放/已过期,,多云,18,17,3,0.0,85,46
2026-05-21 23:30:55,2026-05-21,2,乒乓球厅-4号,09:00-10:00,0,1,不开放/已过期,,多云,18,17,3,0.0,85,48
2026-05-21 00:30:49,2026-05-21,2,乒乓球厅-4号,10:00-11:00,1,1,已售/已满,教学时间,多云,15,13,3,0.0,100,26
2026-05-21 01:00:55,2026-05-21,2,乒乓球厅-4号,10:00-11:00,1,1,已售/已满,教学时间,多云,15,12,4,0.0,100,26
2026-05-21 01:30:47,2026-05-21,2,乒乓球厅-4号,10:00-11:00,1,1,已售/已满,教学时间,多云,15,13,4,0.0,100,28
2026-05-21 02:00:53,2026-05-21,2,乒乓球厅-4号,10:00-11:00,1,1,已售/已满,教学时间,多云,15,12,4,0.0,100,28
2026-05-21 02:30:49,2026-05-21,2,乒乓球厅-4号,10:00-11:00,1,1,已售/已满,教学时间,多云,15,14,3,0.0,100,29
2026-05-21 03:00:55,2026-05-21,2,乒乓球厅-4号,10:00-11:00,1,1,已售/已满,教学时间,多云,15,12,4,0.0,100,29
2026-05-21 03:30:49,2026-05-21,2,乒乓球厅-4号,10:00-11:00,1,1,已售/已满,教学时间,多云,15,14,3,0.0,100,30
2026-05-21 04:30:45,2026-05-21,2,乒乓球厅-4号,10:00-11:00,1,1,已售/已满,教学时间,多云,15,12,4,0.0,100,29
2026-05-21 05:00:52,2026-05-21,2,乒乓球厅-4号,10:00-11:00,1,1,已售/已满,教学时间,多云,15,12,4,0.0,100,29
2026-05-21 05:30:49,2026-05-21,2,乒乓球厅-4号,10:00-11:00,1,1,已售/已满,教学时间,多云,15,13,3,0.0,100,28
2026-05-21 06:00:50,2026-05-21,2,乒乓球厅-4号,10:00-11:00,1,1,已售/已满,教学时间,多云,15,13,4,0.0,99,28
2026-05-21 06:30:38,2026-05-21,2,乒乓球厅-4号,10:00-11:00,1,1,已售/已满,教学时间,多云,15,13,3,0.0,97,28
2026-05-21 07:00:43,2026-05-21,2,乒乓球厅-4号,10:00-11:00,1,1,已售/已满,教学时间,晴,15,11,5,0.0,93,28
2026-05-21 07:30:39,2026-05-21,2,乒乓球厅-4号,10:00-11:00,1,1,已售/已满,教学时间,晴,17,13,4,0.0,89,29
2026-05-21 07:50:40,2026-05-21,2,乒乓球厅-4号,10:00-11:00,1,1,已售/已满,教学时间,晴,17,13,4,0.0,88,29
2026-05-21 07:53:31,2026-05-21,2,乒乓球厅-4号,10:00-11:00,1,1,已售/已满,教学时间,晴,17,12,5,0.0,86,29
2026-05-21 07:56:31,2026-05-21,2,乒乓球厅-4号,10:00-11:00,1,1,已售/已满,教学时间,晴,17,12,5,0.0,86,29
2026-05-21 07:59:26,2026-05-21,2,乒乓球厅-4号,10:00-11:00,1,1,已售/已满,教学时间,晴,17,12,5,0.0,86,29
2026-05-21 08:00:45,2026-05-21,2,乒乓球厅-4号,10:00-11:00,1,1,已售/已满,教学时间,晴,17,12,5,0.0,86,29
2026-05-21 08:02:30,2026-05-21,2,乒乓球厅-4号,10:00-11:00,1,1,已售/已满,教学时间,多云,17,12,5,0.0,87,29
2026-05-21 08:05:36,2026-05-21,2,乒乓球厅-4号,10:00-11:00,1,1,已售/已满,教学时间,多云,17,12,5,0.0,86,29
2026-05-21 08:08:31,2026-05-21,2,乒乓球厅-4号,10:00-11:00,1,1,已售/已满,教学时间,多云,17,12,5,0.0,86,29
2026-05-21 08:11:30,2026-05-21,2,乒乓球厅-4号,10:00-11:00,1,1,已售/已满,教学时间,多云,17,12,5,0.0,86,29
2026-05-21 08:14:31,2026-05-21,2,乒乓球厅-4号,10:00-11:00,1,1,已售/已满,教学时间,多云,17,12,5,0.0,86,29
2026-05-21 08:17:30,2026-05-21,2,乒乓球厅-4号,10:00-11:00,1,1,已售/已满,教学时间,多云,17,12,5,0.0,86,29
2026-05-21 08:20:35,2026-05-21,2,乒乓球厅-4号,10:00-11:00,1,1,已售/已满,教学时间,多云,17,14,4,0.0,85,29
2026-05-21 08:25:32,2026-05-21,2,乒乓球厅-4号,10:00-11:00,1,1,已售/已满,教学时间,多云,17,14,4,0.0,85,28
2026-05-21 08:30:42,2026-05-21,2,乒乓球厅-4号,10:00-11:00,1,1,已售/已满,教学时间,多云,18,15,4,0.0,84,28
2026-05-21 08:35:31,2026-05-21,2,乒乓球厅-4号,10:00-11:00,1,1,已售/已满,教学时间,多云,18,15,4,0.0,84,28
2026-05-21 08:40:38,2026-05-21,2,乒乓球厅-4号,10:00-11:00,1,1,已售/已满,教学时间,多云,18,15,4,0.0,82,28
2026-05-21 08:45:33,2026-05-21,2,乒乓球厅-4号,10:00-11:00,1,1,已售/已满,教学时间,多云,18,15,4,0.0,82,28
2026-05-21 08:50:36,2026-05-21,2,乒乓球厅-4号,10:00-11:00,1,1,已售/已满,教学时间,多云,18,15,4,0.0,82,28
2026-05-21 08:55:34,2026-05-21,2,乒乓球厅-4号,10:00-11:00,1,1,已售/已满,教学时间,多云,18,15,4,0.0,84,28
2026-05-21 09:00:51,2026-05-21,2,乒乓球厅-4号,10:00-11:00,1,1,已售/已满,教学时间,多云,18,15,4,0.0,84,28
2026-05-21 09:01:59,2026-05-21,2,乒乓球厅-4号,10:00-11:00,1,1,已售/已满,教学时间,多云,18,15,4,0.0,83,28
2026-05-21 09:05:33,2026-05-21,2,乒乓球厅-4号,10:00-11:00,1,1,已售/已满,教学时间,多云,18,15,4,0.0,83,28
2026-05-21 09:20:38,2026-05-21,2,乒乓球厅-4号,10:00-11:00,1,1,已售/已满,教学时间,多云,18,16,3,0.0,81,28
2026-05-21 09:30:46,2026-05-21,2,乒乓球厅-4号,10:00-11:00,1,1,已售/已满,教学时间,多云,18,16,3,0.0,81,32
2026-05-21 09:40:36,2026-05-21,2,乒乓球厅-4号,10:00-11:00,1,1,已售/已满,教学时间,多云,19,17,3,0.0,79,32
2026-05-21 09:50:42,2026-05-21,2,乒乓球厅-4号,10:00-11:00,1,1,已售/已满,教学时间,多云,19,17,4,0.0,81,32
2026-05-21 10:00:46,2026-05-21,2,乒乓球厅-4号,10:00-11:00,1,1,已售/已满,教学时间,多云,19,17,4,0.0,79,32
2026-05-21 10:10:40,2026-05-21,2,乒乓球厅-4号,10:00-11:00,1,1,已售/已满,教学时间,多云,19,17,4,0.0,79,32
2026-05-21 10:20:38,2026-05-21,2,乒乓球厅-4号,10:00-11:00,1,1,已售/已满,教学时间,多云,19,17,4,0.0,79,32
2026-05-21 10:30:41,2026-05-21,2,乒乓球厅-4号,10:00-11:00,1,1,已售/已满,教学时间,多云,19,18,3,0.0,78,31
2026-05-21 11:00:44,2026-05-21,2,乒乓球厅-4号,10:00-11:00,1,1,已售/已满,教学时间,多云,21,17,5,0.0,74,31
2026-05-21 11:30:38,2026-05-21,2,乒乓球厅-4号,10:00-11:00,1,1,已售/已满,教学时间,多云,21,19,3,0.0,72,33
2026-05-21 12:00:46,2026-05-21,2,乒乓球厅-4号,10:00-11:00,1,1,已售/已满,教学时间,多云,22,19,4,0.0,70,33
2026-05-21 12:30:42,2026-05-21,2,乒乓球厅-4号,10:00-11:00,1,1,已售/已满,教学时间,多云,22,21,3,0.0,68,35
2026-05-21 13:00:43,2026-05-21,2,乒乓球厅-4号,10:00-11:00,1,1,已售/已满,教学时间,多云,24,22,4,0.0,66,35
2026-05-21 13:30:43,2026-05-21,2,乒乓球厅-4号,10:00-11:00,1,1,已售/已满,教学时间,多云,24,22,4,0.0,66,36
2026-05-21 14:00:48,2026-05-21,2,乒乓球厅-4号,10:00-11:00,1,1,已售/已满,教学时间,多云,25,23,4,0.0,66,36
2026-05-21 14:30:45,2026-05-21,2,乒乓球厅-4号,10:00-11:00,1,1,已售/已满,教学时间,晴,25,25,3,0.0,65,39
2026-05-21 15:00:45,2026-05-21,2,乒乓球厅-4号,10:00-11:00,1,1,已售/已满,教学时间,晴,25,22,4,0.0,56,39
2026-05-21 15:30:43,2026-05-21,2,乒乓球厅-4号,10:00-11:00,1,1,已售/已满,教学时间,晴,25,23,4,0.0,57,40
2026-05-21 16:00:51,2026-05-21,2,乒乓球厅-4号,10:00-11:00,1,1,已售/已满,教学时间,晴,25,23,4,0.0,57,40
2026-05-21 16:30:48,2026-05-21,2,乒乓球厅-4号,10:00-11:00,1,1,已售/已满,教学时间,晴,25,24,3,0.0,60,39
2026-05-21 17:00:49,2026-05-21,2,乒乓球厅-4号,10:00-11:00,1,1,已售/已满,教学时间,晴,25,24,4,0.0,61,39
2026-05-21 17:30:47,2026-05-21,2,乒乓球厅-4号,10:00-11:00,1,1,已售/已满,教学时间,多云,24,23,3,0.0,64,39
2026-05-21 18:00:50,2026-05-21,2,乒乓球厅-4号,10:00-11:00,1,1,已售/已满,教学时间,多云,24,23,3,0.0,68,39
2026-05-21 18:30:50,2026-05-21,2,乒乓球厅-4号,10:00-11:00,1,1,已售/已满,教学时间,阴,24,25,2,0.0,68,40
2026-05-21 19:00:50,2026-05-21,2,乒乓球厅-4号,10:00-11:00,1,1,已售/已满,教学时间,阴,23,23,3,0.0,76,40
2026-05-21 19:30:46,2026-05-21,2,乒乓球厅-4号,10:00-11:00,1,1,已售/已满,教学时间,阴,23,24,2,0.0,77,39
2026-05-21 20:00:49,2026-05-21,2,乒乓球厅-4号,10:00-11:00,1,1,已售/已满,教学时间,雾,22,23,2,0.0,89,39
2026-05-21 20:30:44,2026-05-21,2,乒乓球厅-4号,10:00-11:00,1,1,已售/已满,教学时间,雾,22,24,2,0.0,93,43
2026-05-21 21:00:56,2026-05-21,2,乒乓球厅-4号,10:00-11:00,1,1,已售/已满,教学时间,雾,20,21,2,0.0,98,43
2026-05-21 21:30:46,2026-05-21,2,乒乓球厅-4号,10:00-11:00,1,1,已售/已满,教学时间,雾,20,22,1,0.0,99,41
2026-05-21 22:01:02,2026-05-21,2,乒乓球厅-4号,10:00-11:00,1,1,已售/已满,教学时间,雾,19,20,2,0.0,93,41
2026-05-21 22:30:47,2026-05-21,2,乒乓球厅-4号,10:00-11:00,1,1,已售/已满,教学时间,雾,19,19,3,0.0,88,46
2026-05-21 23:00:56,2026-05-21,2,乒乓球厅-4号,10:00-11:00,1,1,已售/已满,教学时间,多云,18,17,3,0.0,85,46
2026-05-21 23:30:55,2026-05-21,2,乒乓球厅-4号,10:00-11:00,1,1,已售/已满,教学时间,多云,18,17,3,0.0,85,48
2026-05-21 00:30:49,2026-05-21,2,乒乓球厅-4号,11:00-12:00,1,1,已售/已满,教学时间,多云,15,13,3,0.0,100,26
2026-05-21 01:00:55,2026-05-21,2,乒乓球厅-4号,11:00-12:00,1,1,已售/已满,教学时间,多云,15,12,4,0.0,100,26
2026-05-21 01:30:47,2026-05-21,2,乒乓球厅-4号,11:00-12:00,1,1,已售/已满,教学时间,多云,15,13,4,0.0,100,28
2026-05-21 02:00:53,2026-05-21,2,乒乓球厅-4号,11:00-12:00,1,1,已售/已满,教学时间,多云,15,12,4,0.0,100,28
2026-05-21 02:30:49,2026-05-21,2,乒乓球厅-4号,11:00-12:00,1,1,已售/已满,教学时间,多云,15,14,3,0.0,100,29
2026-05-21 03:00:55,2026-05-21,2,乒乓球厅-4号,11:00-12:00,1,1,已售/已满,教学时间,多云,15,12,4,0.0,100,29
2026-05-21 03:30:49,2026-05-21,2,乒乓球厅-4号,11:00-12:00,1,1,已售/已满,教学时间,多云,15,14,3,0.0,100,30
2026-05-21 04:30:45,2026-05-21,2,乒乓球厅-4号,11:00-12:00,1,1,已售/已满,教学时间,多云,15,12,4,0.0,100,29
2026-05-21 05:00:52,2026-05-21,2,乒乓球厅-4号,11:00-12:00,1,1,已售/已满,教学时间,多云,15,12,4,0.0,100,29
2026-05-21 05:30:49,2026-05-21,2,乒乓球厅-4号,11:00-12:00,1,1,已售/已满,教学时间,多云,15,13,3,0.0,100,28
2026-05-21 06:00:50,2026-05-21,2,乒乓球厅-4号,11:00-12:00,1,1,已售/已满,教学时间,多云,15,13,4,0.0,99,28
2026-05-21 06:30:38,2026-05-21,2,乒乓球厅-4号,11:00-12:00,1,1,已售/已满,教学时间,多云,15,13,3,0.0,97,28
2026-05-21 07:00:43,2026-05-21,2,乒乓球厅-4号,11:00-12:00,1,1,已售/已满,教学时间,晴,15,11,5,0.0,93,28
2026-05-21 07:30:39,2026-05-21,2,乒乓球厅-4号,11:00-12:00,1,1,已售/已满,教学时间,晴,17,13,4,0.0,89,29
2026-05-21 07:50:40,2026-05-21,2,乒乓球厅-4号,11:00-12:00,1,1,已售/已满,教学时间,晴,17,13,4,0.0,88,29
2026-05-21 07:53:31,2026-05-21,2,乒乓球厅-4号,11:00-12:00,1,1,已售/已满,教学时间,晴,17,12,5,0.0,86,29
2026-05-21 07:56:31,2026-05-21,2,乒乓球厅-4号,11:00-12:00,1,1,已售/已满,教学时间,晴,17,12,5,0.0,86,29
2026-05-21 07:59:26,2026-05-21,2,乒乓球厅-4号,11:00-12:00,1,1,已售/已满,教学时间,晴,17,12,5,0.0,86,29
2026-05-21 08:00:45,2026-05-21,2,乒乓球厅-4号,11:00-12:00,1,1,已售/已满,教学时间,晴,17,12,5,0.0,86,29
2026-05-21 08:02:30,2026-05-21,2,乒乓球厅-4号,11:00-12:00,1,1,已售/已满,教学时间,多云,17,12,5,0.0,87,29
2026-05-21 08:05:36,2026-05-21,2,乒乓球厅-4号,11:00-12:00,1,1,已售/已满,教学时间,多云,17,12,5,0.0,86,29
2026-05-21 08:08:31,2026-05-21,2,乒乓球厅-4号,11:00-12:00,1,1,已售/已满,教学时间,多云,17,12,5,0.0,86,29
2026-05-21 08:11:30,2026-05-21,2,乒乓球厅-4号,11:00-12:00,1,1,已售/已满,教学时间,多云,17,12,5,0.0,86,29
2026-05-21 08:14:31,2026-05-21,2,乒乓球厅-4号,11:00-12:00,1,1,已售/已满,教学时间,多云,17,12,5,0.0,86,29
2026-05-21 08:17:30,2026-05-21,2,乒乓球厅-4号,11:00-12:00,1,1,已售/已满,教学时间,多云,17,12,5,0.0,86,29
2026-05-21 08:20:35,2026-05-21,2,乒乓球厅-4号,11:00-12:00,1,1,已售/已满,教学时间,多云,17,14,4,0.0,85,29
2026-05-21 08:25:32,2026-05-21,2,乒乓球厅-4号,11:00-12:00,1,1,已售/已满,教学时间,多云,17,14,4,0.0,85,28
2026-05-21 08:30:42,2026-05-21,2,乒乓球厅-4号,11:00-12:00,1,1,已售/已满,教学时间,多云,18,15,4,0.0,84,28
2026-05-21 08:35:31,2026-05-21,2,乒乓球厅-4号,11:00-12:00,1,1,已售/已满,教学时间,多云,18,15,4,0.0,84,28
2026-05-21 08:40:38,2026-05-21,2,乒乓球厅-4号,11:00-12:00,1,1,已售/已满,教学时间,多云,18,15,4,0.0,82,28
2026-05-21 08:45:33,2026-05-21,2,乒乓球厅-4号,11:00-12:00,1,1,已售/已满,教学时间,多云,18,15,4,0.0,82,28
2026-05-21 08:50:36,2026-05-21,2,乒乓球厅-4号,11:00-12:00,1,1,已售/已满,教学时间,多云,18,15,4,0.0,82,28
2026-05-21 08:55:34,2026-05-21,2,乒乓球厅-4号,11:00-12:00,1,1,已售/已满,教学时间,多云,18,15,4,0.0,84,28
2026-05-21 09:00:51,2026-05-21,2,乒乓球厅-4号,11:00-12:00,1,1,已售/已满,教学时间,多云,18,15,4,0.0,84,28
2026-05-21 09:01:59,2026-05-21,2,乒乓球厅-4号,11:00-12:00,1,1,已售/已满,教学时间,多云,18,15,4,0.0,83,28
2026-05-21 09:05:33,2026-05-21,2,乒乓球厅-4号,11:00-12:00,1,1,已售/已满,教学时间,多云,18,15,4,0.0,83,28
2026-05-21 09:20:38,2026-05-21,2,乒乓球厅-4号,11:00-12:00,1,1,已售/已满,教学时间,多云,18,16,3,0.0,81,28
2026-05-21 09:30:46,2026-05-21,2,乒乓球厅-4号,11:00-12:00,1,1,已售/已满,教学时间,多云,18,16,3,0.0,81,32
2026-05-21 09:40:36,2026-05-21,2,乒乓球厅-4号,11:00-12:00,1,1,已售/已满,教学时间,多云,19,17,3,0.0,79,32
2026-05-21 09:50:42,2026-05-21,2,乒乓球厅-4号,11:00-12:00,1,1,已售/已满,教学时间,多云,19,17,4,0.0,81,32
2026-05-21 10:00:46,2026-05-21,2,乒乓球厅-4号,11:00-12:00,1,1,已售/已满,教学时间,多云,19,17,4,0.0,79,32
2026-05-21 10:10:40,2026-05-21,2,乒乓球厅-4号,11:00-12:00,1,1,已售/已满,教学时间,多云,19,17,4,0.0,79,32
2026-05-21 10:20:38,2026-05-21,2,乒乓球厅-4号,11:00-12:00,1,1,已售/已满,教学时间,多云,19,17,4,0.0,79,32
2026-05-21 10:30:41,2026-05-21,2,乒乓球厅-4号,11:00-12:00,1,1,已售/已满,教学时间,多云,19,18,3,0.0,78,31
2026-05-21 11:00:44,2026-05-21,2,乒乓球厅-4号,11:00-12:00,1,1,已售/已满,教学时间,多云,21,17,5,0.0,74,31
2026-05-21 11:30:38,2026-05-21,2,乒乓球厅-4号,11:00-12:00,1,1,已售/已满,教学时间,多云,21,19,3,0.0,72,33
2026-05-21 12:00:46,2026-05-21,2,乒乓球厅-4号,11:00-12:00,1,1,已售/已满,教学时间,多云,22,19,4,0.0,70,33
2026-05-21 12:30:42,2026-05-21,2,乒乓球厅-4号,11:00-12:00,1,1,已售/已满,教学时间,多云,22,21,3,0.0,68,35
2026-05-21 13:00:43,2026-05-21,2,乒乓球厅-4号,11:00-12:00,1,1,已售/已满,教学时间,多云,24,22,4,0.0,66,35
2026-05-21 13:30:43,2026-05-21,2,乒乓球厅-4号,11:00-12:00,1,1,已售/已满,教学时间,多云,24,22,4,0.0,66,36
2026-05-21 14:00:48,2026-05-21,2,乒乓球厅-4号,11:00-12:00,1,1,已售/已满,教学时间,多云,25,23,4,0.0,66,36
2026-05-21 14:30:45,2026-05-21,2,乒乓球厅-4号,11:00-12:00,1,1,已售/已满,教学时间,晴,25,25,3,0.0,65,39
2026-05-21 15:00:45,2026-05-21,2,乒乓球厅-4号,11:00-12:00,1,1,已售/已满,教学时间,晴,25,22,4,0.0,56,39
2026-05-21 15:30:43,2026-05-21,2,乒乓球厅-4号,11:00-12:00,1,1,已售/已满,教学时间,晴,25,23,4,0.0,57,40
2026-05-21 16:00:51,2026-05-21,2,乒乓球厅-4号,11:00-12:00,1,1,已售/已满,教学时间,晴,25,23,4,0.0,57,40
2026-05-21 16:30:48,2026-05-21,2,乒乓球厅-4号,11:00-12:00,1,1,已售/已满,教学时间,晴,25,24,3,0.0,60,39
2026-05-21 17:00:49,2026-05-21,2,乒乓球厅-4号,11:00-12:00,1,1,已售/已满,教学时间,晴,25,24,4,0.0,61,39
2026-05-21 17:30:47,2026-05-21,2,乒乓球厅-4号,11:00-12:00,1,1,已售/已满,教学时间,多云,24,23,3,0.0,64,39
2026-05-21 18:00:50,2026-05-21,2,乒乓球厅-4号,11:00-12:00,1,1,已售/已满,教学时间,多云,24,23,3,0.0,68,39
2026-05-21 18:30:50,2026-05-21,2,乒乓球厅-4号,11:00-12:00,1,1,已售/已满,教学时间,阴,24,25,2,0.0,68,40
2026-05-21 19:00:50,2026-05-21,2,乒乓球厅-4号,11:00-12:00,1,1,已售/已满,教学时间,阴,23,23,3,0.0,76,40
2026-05-21 19:30:46,2026-05-21,2,乒乓球厅-4号,11:00-12:00,1,1,已售/已满,教学时间,阴,23,24,2,0.0,77,39
2026-05-21 20:00:49,2026-05-21,2,乒乓球厅-4号,11:00-12:00,1,1,已售/已满,教学时间,雾,22,23,2,0.0,89,39
2026-05-21 20:30:44,2026-05-21,2,乒乓球厅-4号,11:00-12:00,1,1,已售/已满,教学时间,雾,22,24,2,0.0,93,43
2026-05-21 21:00:56,2026-05-21,2,乒乓球厅-4号,11:00-12:00,1,1,已售/已满,教学时间,雾,20,21,2,0.0,98,43
2026-05-21 21:30:46,2026-05-21,2,乒乓球厅-4号,11:00-12:00,1,1,已售/已满,教学时间,雾,20,22,1,0.0,99,41
2026-05-21 22:01:02,2026-05-21,2,乒乓球厅-4号,11:00-12:00,1,1,已售/已满,教学时间,雾,19,20,2,0.0,93,41
2026-05-21 22:30:47,2026-05-21,2,乒乓球厅-4号,11:00-12:00,1,1,已售/已满,教学时间,雾,19,19,3,0.0,88,46
2026-05-21 23:00:56,2026-05-21,2,乒乓球厅-4号,11:00-12:00,1,1,已售/已满,教学时间,多云,18,17,3,0.0,85,46
2026-05-21 23:30:55,2026-05-21,2,乒乓球厅-4号,11:00-12:00,1,1,已售/已满,教学时间,多云,18,17,3,0.0,85,48
2026-05-21 00:30:49,2026-05-21,2,乒乓球厅-4号,12:00-12:55,0,1,可预约,￥0.0,多云,15,13,3,0.0,100,26
2026-05-21 01:00:55,2026-05-21,2,乒乓球厅-4号,12:00-12:55,0,1,可预约,￥0.0,多云,15,12,4,0.0,100,26
2026-05-21 01:30:47,2026-05-21,2,乒乓球厅-4号,12:00-12:55,0,1,可预约,￥0.0,多云,15,13,4,0.0,100,28
2026-05-21 02:00:53,2026-05-21,2,乒乓球厅-4号,12:00-12:55,0,1,可预约,￥0.0,多云,15,12,4,0.0,100,28
2026-05-21 02:30:49,2026-05-21,2,乒乓球厅-4号,12:00-12:55,0,1,可预约,￥0.0,多云,15,14,3,0.0,100,29
2026-05-21 03:00:55,2026-05-21,2,乒乓球厅-4号,12:00-12:55,0,1,可预约,￥0.0,多云,15,12,4,0.0,100,29
2026-05-21 03:30:49,2026-05-21,2,乒乓球厅-4号,12:00-12:55,0,1,可预约,￥0.0,多云,15,14,3,0.0,100,30
2026-05-21 04:30:45,2026-05-21,2,乒乓球厅-4号,12:00-12:55,0,1,可预约,￥0.0,多云,15,12,4,0.0,100,29
2026-05-21 05:00:52,2026-05-21,2,乒乓球厅-4号,12:00-12:55,0,1,可预约,￥0.0,多云,15,12,4,0.0,100,29
2026-05-21 05:30:49,2026-05-21,2,乒乓球厅-4号,12:00-12:55,0,1,可预约,￥0.0,多云,15,13,3,0.0,100,28
2026-05-21 06:00:50,2026-05-21,2,乒乓球厅-4号,12:00-12:55,0,1,可预约,￥0.0,多云,15,13,4,0.0,99,28
2026-05-21 06:30:38,2026-05-21,2,乒乓球厅-4号,12:00-12:55,0,1,可预约,￥0.0,多云,15,13,3,0.0,97,28
2026-05-21 07:00:43,2026-05-21,2,乒乓球厅-4号,12:00-12:55,0,1,可预约,￥0.0,晴,15,11,5,0.0,93,28
2026-05-21 07:30:39,2026-05-21,2,乒乓球厅-4号,12:00-12:55,0,1,可预约,￥0.0,晴,17,13,4,0.0,89,29
2026-05-21 07:50:40,2026-05-21,2,乒乓球厅-4号,12:00-12:55,0,1,可预约,￥0.0,晴,17,13,4,0.0,88,29
2026-05-21 07:53:31,2026-05-21,2,乒乓球厅-4号,12:00-12:55,0,1,可预约,￥0.0,晴,17,12,5,0.0,86,29
2026-05-21 07:56:31,2026-05-21,2,乒乓球厅-4号,12:00-12:55,0,1,可预约,￥0.0,晴,17,12,5,0.0,86,29
2026-05-21 07:59:26,2026-05-21,2,乒乓球厅-4号,12:00-12:55,0,1,可预约,￥0.0,晴,17,12,5,0.0,86,29
2026-05-21 08:00:45,2026-05-21,2,乒乓球厅-4号,12:00-12:55,0,1,可预约,￥0.0,晴,17,12,5,0.0,86,29
2026-05-21 08:02:30,2026-05-21,2,乒乓球厅-4号,12:00-12:55,0,1,可预约,￥0.0,多云,17,12,5,0.0,87,29
2026-05-21 08:05:36,2026-05-21,2,乒乓球厅-4号,12:00-12:55,0,1,可预约,￥0.0,多云,17,12,5,0.0,86,29
2026-05-21 08:08:31,2026-05-21,2,乒乓球厅-4号,12:00-12:55,0,1,可预约,￥0.0,多云,17,12,5,0.0,86,29
2026-05-21 08:11:30,2026-05-21,2,乒乓球厅-4号,12:00-12:55,0,1,可预约,￥0.0,多云,17,12,5,0.0,86,29
2026-05-21 08:14:31,2026-05-21,2,乒乓球厅-4号,12:00-12:55,0,1,可预约,￥0.0,多云,17,12,5,0.0,86,29
2026-05-21 08:17:30,2026-05-21,2,乒乓球厅-4号,12:00-12:55,0,1,可预约,￥0.0,多云,17,12,5,0.0,86,29
2026-05-21 08:20:35,2026-05-21,2,乒乓球厅-4号,12:00-12:55,0,1,可预约,￥0.0,多云,17,14,4,0.0,85,29
2026-05-21 08:25:32,2026-05-21,2,乒乓球厅-4号,12:00-12:55,0,1,可预约,￥0.0,多云,17,14,4,0.0,85,28
2026-05-21 08:30:42,2026-05-21,2,乒乓球厅-4号,12:00-12:55,0,1,可预约,￥0.0,多云,18,15,4,0.0,84,28
2026-05-21 08:35:31,2026-05-21,2,乒乓球厅-4号,12:00-12:55,0,1,可预约,￥0.0,多云,18,15,4,0.0,84,28
2026-05-21 08:40:38,2026-05-21,2,乒乓球厅-4号,12:00-12:55,0,1,可预约,￥0.0,多云,18,15,4,0.0,82,28
2026-05-21 08:45:33,2026-05-21,2,乒乓球厅-4号,12:00-12:55,0,1,可预约,￥0.0,多云,18,15,4,0.0,82,28
2026-05-21 08:50:36,2026-05-21,2,乒乓球厅-4号,12:00-12:55,0,1,可预约,￥0.0,多云,18,15,4,0.0,82,28
2026-05-21 08:55:34,2026-05-21,2,乒乓球厅-4号,12:00-12:55,0,1,可预约,￥0.0,多云,18,15,4,0.0,84,28
2026-05-21 09:00:51,2026-05-21,2,乒乓球厅-4号,12:00-12:55,0,1,可预约,￥0.0,多云,18,15,4,0.0,84,28
2026-05-21 09:01:59,2026-05-21,2,乒乓球厅-4号,12:00-12:55,0,1,可预约,￥0.0,多云,18,15,4,0.0,83,28
2026-05-21 09:05:33,2026-05-21,2,乒乓球厅-4号,12:00-12:55,0,1,可预约,￥0.0,多云,18,15,4,0.0,83,28
2026-05-21 09:20:38,2026-05-21,2,乒乓球厅-4号,12:00-12:55,0,1,可预约,￥0.0,多云,18,16,3,0.0,81,28
2026-05-21 09:30:46,2026-05-21,2,乒乓球厅-4号,12:00-12:55,0,1,可预约,￥0.0,多云,18,16,3,0.0,81,32
2026-05-21 09:40:36,2026-05-21,2,乒乓球厅-4号,12:00-12:55,0,1,可预约,￥0.0,多云,19,17,3,0.0,79,32
2026-05-21 09:50:42,2026-05-21,2,乒乓球厅-4号,12:00-12:55,0,1,可预约,￥0.0,多云,19,17,4,0.0,81,32
2026-05-21 10:00:46,2026-05-21,2,乒乓球厅-4号,12:00-12:55,0,1,可预约,￥0.0,多云,19,17,4,0.0,79,32
2026-05-21 10:10:40,2026-05-21,2,乒乓球厅-4号,12:00-12:55,0,1,可预约,￥0.0,多云,19,17,4,0.0,79,32
2026-05-21 10:20:38,2026-05-21,2,乒乓球厅-4号,12:00-12:55,0,1,可预约,￥0.0,多云,19,17,4,0.0,79,32
2026-05-21 10:30:41,2026-05-21,2,乒乓球厅-4号,12:00-12:55,0,1,可预约,￥0.0,多云,19,18,3,0.0,78,31
2026-05-21 11:00:44,2026-05-21,2,乒乓球厅-4号,12:00-12:55,0,1,可预约,￥0.0,多云,21,17,5,0.0,74,31
2026-05-21 11:30:38,2026-05-21,2,乒乓球厅-4号,12:00-12:55,0,1,可预约,￥0.0,多云,21,19,3,0.0,72,33
2026-05-21 12:00:46,2026-05-21,2,乒乓球厅-4号,12:00-12:55,0,1,可预约,￥0.0,多云,22,19,4,0.0,70,33
2026-05-21 12:30:42,2026-05-21,2,乒乓球厅-4号,12:00-12:55,1,1,已售/已满,已售,多云,22,21,3,0.0,68,35
2026-05-21 13:00:43,2026-05-21,2,乒乓球厅-4号,12:00-12:55,1,1,已售/已满,已售,多云,24,22,4,0.0,66,35
2026-05-21 13:30:43,2026-05-21,2,乒乓球厅-4号,12:00-12:55,1,1,已售/已满,已售,多云,24,22,4,0.0,66,36
2026-05-21 14:00:48,2026-05-21,2,乒乓球厅-4号,12:00-12:55,1,1,已售/已满,已售,多云,25,23,4,0.0,66,36
2026-05-21 14:30:45,2026-05-21,2,乒乓球厅-4号,12:00-12:55,1,1,已售/已满,已售,晴,25,25,3,0.0,65,39
2026-05-21 15:00:45,2026-05-21,2,乒乓球厅-4号,12:00-12:55,1,1,已售/已满,已售,晴,25,22,4,0.0,56,39
2026-05-21 15:30:43,2026-05-21,2,乒乓球厅-4号,12:00-12:55,1,1,已售/已满,已售,晴,25,23,4,0.0,57,40
2026-05-21 16:00:51,2026-05-21,2,乒乓球厅-4号,12:00-12:55,1,1,已售/已满,已售,晴,25,23,4,0.0,57,40
2026-05-21 16:30:48,2026-05-21,2,乒乓球厅-4号,12:00-12:55,1,1,已售/已满,已售,晴,25,24,3,0.0,60,39
2026-05-21 17:00:49,2026-05-21,2,乒乓球厅-4号,12:00-12:55,1,1,已售/已满,已售,晴,25,24,4,0.0,61,39
2026-05-21 17:30:47,2026-05-21,2,乒乓球厅-4号,12:00-12:55,1,1,已售/已满,已售,多云,24,23,3,0.0,64,39
2026-05-21 18:00:50,2026-05-21,2,乒乓球厅-4号,12:00-12:55,1,1,已售/已满,已售,多云,24,23,3,0.0,68,39
2026-05-21 18:30:50,2026-05-21,2,乒乓球厅-4号,12:00-12:55,1,1,已售/已满,已售,阴,24,25,2,0.0,68,40
2026-05-21 19:00:50,2026-05-21,2,乒乓球厅-4号,12:00-12:55,1,1,已售/已满,已售,阴,23,23,3,0.0,76,40
2026-05-21 19:30:46,2026-05-21,2,乒乓球厅-4号,12:00-12:55,1,1,已售/已满,已售,阴,23,24,2,0.0,77,39
2026-05-21 20:00:49,2026-05-21,2,乒乓球厅-4号,12:00-12:55,1,1,已售/已满,已售,雾,22,23,2,0.0,89,39
2026-05-21 20:30:44,2026-05-21,2,乒乓球厅-4号,12:00-12:55,1,1,已售/已满,已售,雾,22,24,2,0.0,93,43
2026-05-21 21:00:56,2026-05-21,2,乒乓球厅-4号,12:00-12:55,1,1,已售/已满,已售,雾,20,21,2,0.0,98,43
2026-05-21 21:30:46,2026-05-21,2,乒乓球厅-4号,12:00-12:55,1,1,已售/已满,已售,雾,20,22,1,0.0,99,41
2026-05-21 22:01:02,2026-05-21,2,乒乓球厅-4号,12:00-12:55,1,1,已售/已满,已售,雾,19,20,2,0.0,93,41
2026-05-21 22:30:47,2026-05-21,2,乒乓球厅-4号,12:00-12:55,1,1,已售/已满,已售,雾,19,19,3,0.0,88,46
2026-05-21 23:00:56,2026-05-21,2,乒乓球厅-4号,12:00-12:55,1,1,已售/已满,已售,多云,18,17,3,0.0,85,46
2026-05-21 23:30:55,2026-05-21,2,乒乓球厅-4号,12:00-12:55,1,1,已售/已满,已售,多云,18,17,3,0.0,85,48
2026-05-21 00:30:49,2026-05-21,2,乒乓球厅-4号,12:55-13:50,0,1,可预约,￥0.0,多云,15,13,3,0.0,100,26
2026-05-21 01:00:55,2026-05-21,2,乒乓球厅-4号,12:55-13:50,0,1,可预约,￥0.0,多云,15,12,4,0.0,100,26
2026-05-21 01:30:47,2026-05-21,2,乒乓球厅-4号,12:55-13:50,0,1,可预约,￥0.0,多云,15,13,4,0.0,100,28
2026-05-21 02:00:53,2026-05-21,2,乒乓球厅-4号,12:55-13:50,0,1,可预约,￥0.0,多云,15,12,4,0.0,100,28
2026-05-21 02:30:49,2026-05-21,2,乒乓球厅-4号,12:55-13:50,0,1,可预约,￥0.0,多云,15,14,3,0.0,100,29
2026-05-21 03:00:55,2026-05-21,2,乒乓球厅-4号,12:55-13:50,0,1,可预约,￥0.0,多云,15,12,4,0.0,100,29
2026-05-21 03:30:49,2026-05-21,2,乒乓球厅-4号,12:55-13:50,0,1,可预约,￥0.0,多云,15,14,3,0.0,100,30
2026-05-21 04:30:45,2026-05-21,2,乒乓球厅-4号,12:55-13:50,0,1,可预约,￥0.0,多云,15,12,4,0.0,100,29
2026-05-21 05:00:52,2026-05-21,2,乒乓球厅-4号,12:55-13:50,0,1,可预约,￥0.0,多云,15,12,4,0.0,100,29
2026-05-21 05:30:49,2026-05-21,2,乒乓球厅-4号,12:55-13:50,0,1,可预约,￥0.0,多云,15,13,3,0.0,100,28
2026-05-21 06:00:50,2026-05-21,2,乒乓球厅-4号,12:55-13:50,0,1,可预约,￥0.0,多云,15,13,4,0.0,99,28
2026-05-21 06:30:38,2026-05-21,2,乒乓球厅-4号,12:55-13:50,0,1,可预约,￥0.0,多云,15,13,3,0.0,97,28
2026-05-21 07:00:43,2026-05-21,2,乒乓球厅-4号,12:55-13:50,0,1,可预约,￥0.0,晴,15,11,5,0.0,93,28
2026-05-21 07:30:39,2026-05-21,2,乒乓球厅-4号,12:55-13:50,0,1,可预约,￥0.0,晴,17,13,4,0.0,89,29
2026-05-21 07:50:40,2026-05-21,2,乒乓球厅-4号,12:55-13:50,0,1,可预约,￥0.0,晴,17,13,4,0.0,88,29
2026-05-21 07:53:31,2026-05-21,2,乒乓球厅-4号,12:55-13:50,0,1,可预约,￥0.0,晴,17,12,5,0.0,86,29
2026-05-21 07:56:31,2026-05-21,2,乒乓球厅-4号,12:55-13:50,0,1,可预约,￥0.0,晴,17,12,5,0.0,86,29
2026-05-21 07:59:26,2026-05-21,2,乒乓球厅-4号,12:55-13:50,0,1,可预约,￥0.0,晴,17,12,5,0.0,86,29
2026-05-21 08:00:45,2026-05-21,2,乒乓球厅-4号,12:55-13:50,0,1,可预约,￥0.0,晴,17,12,5,0.0,86,29
2026-05-21 08:02:30,2026-05-21,2,乒乓球厅-4号,12:55-13:50,0,1,可预约,￥0.0,多云,17,12,5,0.0,87,29
2026-05-21 08:05:36,2026-05-21,2,乒乓球厅-4号,12:55-13:50,0,1,可预约,￥0.0,多云,17,12,5,0.0,86,29
2026-05-21 08:08:31,2026-05-21,2,乒乓球厅-4号,12:55-13:50,0,1,可预约,￥0.0,多云,17,12,5,0.0,86,29
2026-05-21 08:11:30,2026-05-21,2,乒乓球厅-4号,12:55-13:50,0,1,可预约,￥0.0,多云,17,12,5,0.0,86,29
2026-05-21 08:14:31,2026-05-21,2,乒乓球厅-4号,12:55-13:50,0,1,可预约,￥0.0,多云,17,12,5,0.0,86,29
2026-05-21 08:17:30,2026-05-21,2,乒乓球厅-4号,12:55-13:50,0,1,可预约,￥0.0,多云,17,12,5,0.0,86,29
2026-05-21 08:20:35,2026-05-21,2,乒乓球厅-4号,12:55-13:50,0,1,可预约,￥0.0,多云,17,14,4,0.0,85,29
2026-05-21 08:25:32,2026-05-21,2,乒乓球厅-4号,12:55-13:50,0,1,可预约,￥0.0,多云,17,14,4,0.0,85,28
2026-05-21 08:30:42,2026-05-21,2,乒乓球厅-4号,12:55-13:50,0,1,可预约,￥0.0,多云,18,15,4,0.0,84,28
2026-05-21 08:35:31,2026-05-21,2,乒乓球厅-4号,12:55-13:50,0,1,可预约,￥0.0,多云,18,15,4,0.0,84,28
2026-05-21 08:40:38,2026-05-21,2,乒乓球厅-4号,12:55-13:50,0,1,可预约,￥0.0,多云,18,15,4,0.0,82,28
2026-05-21 08:45:33,2026-05-21,2,乒乓球厅-4号,12:55-13:50,0,1,可预约,￥0.0,多云,18,15,4,0.0,82,28
2026-05-21 08:50:36,2026-05-21,2,乒乓球厅-4号,12:55-13:50,0,1,可预约,￥0.0,多云,18,15,4,0.0,82,28
2026-05-21 08:55:34,2026-05-21,2,乒乓球厅-4号,12:55-13:50,0,1,可预约,￥0.0,多云,18,15,4,0.0,84,28
2026-05-21 09:00:51,2026-05-21,2,乒乓球厅-4号,12:55-13:50,0,1,可预约,￥0.0,多云,18,15,4,0.0,84,28
2026-05-21 09:01:59,2026-05-21,2,乒乓球厅-4号,12:55-13:50,0,1,可预约,￥0.0,多云,18,15,4,0.0,83,28
2026-05-21 09:05:33,2026-05-21,2,乒乓球厅-4号,12:55-13:50,0,1,可预约,￥0.0,多云,18,15,4,0.0,83,28
2026-05-21 09:20:38,2026-05-21,2,乒乓球厅-4号,12:55-13:50,0,1,可预约,￥0.0,多云,18,16,3,0.0,81,28
2026-05-21 09:30:46,2026-05-21,2,乒乓球厅-4号,12:55-13:50,0,1,可预约,￥0.0,多云,18,16,3,0.0,81,32
2026-05-21 09:40:36,2026-05-21,2,乒乓球厅-4号,12:55-13:50,0,1,可预约,￥0.0,多云,19,17,3,0.0,79,32
2026-05-21 09:50:42,2026-05-21,2,乒乓球厅-4号,12:55-13:50,0,1,可预约,￥0.0,多云,19,17,4,0.0,81,32
2026-05-21 10:00:46,2026-05-21,2,乒乓球厅-4号,12:55-13:50,0,1,可预约,￥0.0,多云,19,17,4,0.0,79,32
2026-05-21 10:10:40,2026-05-21,2,乒乓球厅-4号,12:55-13:50,0,1,可预约,￥0.0,多云,19,17,4,0.0,79,32
2026-05-21 10:20:38,2026-05-21,2,乒乓球厅-4号,12:55-13:50,0,1,可预约,￥0.0,多云,19,17,4,0.0,79,32
2026-05-21 10:30:41,2026-05-21,2,乒乓球厅-4号,12:55-13:50,0,1,可预约,￥0.0,多云,19,18,3,0.0,78,31
2026-05-21 11:00:44,2026-05-21,2,乒乓球厅-4号,12:55-13:50,0,1,可预约,￥0.0,多云,21,17,5,0.0,74,31
2026-05-21 11:30:38,2026-05-21,2,乒乓球厅-4号,12:55-13:50,0,1,可预约,￥0.0,多云,21,19,3,0.0,72,33
2026-05-21 12:00:46,2026-05-21,2,乒乓球厅-4号,12:55-13:50,0,1,可预约,￥0.0,多云,22,19,4,0.0,70,33
2026-05-21 12:30:42,2026-05-21,2,乒乓球厅-4号,12:55-13:50,0,1,可预约,￥0.0,多云,22,21,3,0.0,68,35
2026-05-21 13:00:43,2026-05-21,2,乒乓球厅-4号,12:55-13:50,0,1,可预约,￥0.0,多云,24,22,4,0.0,66,35
2026-05-21 13:30:43,2026-05-21,2,乒乓球厅-4号,12:55-13:50,0,1,可预约,￥0.0,多云,24,22,4,0.0,66,36
2026-05-21 14:00:48,2026-05-21,2,乒乓球厅-4号,12:55-13:50,0,1,不开放/已过期,,多云,25,23,4,0.0,66,36
2026-05-21 14:30:45,2026-05-21,2,乒乓球厅-4号,12:55-13:50,0,1,不开放/已过期,,晴,25,25,3,0.0,65,39
2026-05-21 15:00:45,2026-05-21,2,乒乓球厅-4号,12:55-13:50,0,1,不开放/已过期,,晴,25,22,4,0.0,56,39
2026-05-21 15:30:43,2026-05-21,2,乒乓球厅-4号,12:55-13:50,0,1,不开放/已过期,,晴,25,23,4,0.0,57,40
2026-05-21 16:00:51,2026-05-21,2,乒乓球厅-4号,12:55-13:50,0,1,不开放/已过期,,晴,25,23,4,0.0,57,40
2026-05-21 16:30:48,2026-05-21,2,乒乓球厅-4号,12:55-13:50,0,1,不开放/已过期,,晴,25,24,3,0.0,60,39
2026-05-21 17:00:49,2026-05-21,2,乒乓球厅-4号,12:55-13:50,0,1,不开放/已过期,,晴,25,24,4,0.0,61,39
2026-05-21 17:30:47,2026-05-21,2,乒乓球厅-4号,12:55-13:50,0,1,不开放/已过期,,多云,24,23,3,0.0,64,39
2026-05-21 18:00:50,2026-05-21,2,乒乓球厅-4号,12:55-13:50,0,1,不开放/已过期,,多云,24,23,3,0.0,68,39
2026-05-21 18:30:50,2026-05-21,2,乒乓球厅-4号,12:55-13:50,0,1,不开放/已过期,,阴,24,25,2,0.0,68,40
2026-05-21 19:00:50,2026-05-21,2,乒乓球厅-4号,12:55-13:50,0,1,不开放/已过期,,阴,23,23,3,0.0,76,40
2026-05-21 19:30:46,2026-05-21,2,乒乓球厅-4号,12:55-13:50,0,1,不开放/已过期,,阴,23,24,2,0.0,77,39
2026-05-21 20:00:49,2026-05-21,2,乒乓球厅-4号,12:55-13:50,0,1,不开放/已过期,,雾,22,23,2,0.0,89,39
2026-05-21 20:30:44,2026-05-21,2,乒乓球厅-4号,12:55-13:50,0,1,不开放/已过期,,雾,22,24,2,0.0,93,43
2026-05-21 21:00:56,2026-05-21,2,乒乓球厅-4号,12:55-13:50,0,1,不开放/已过期,,雾,20,21,2,0.0,98,43
2026-05-21 21:30:46,2026-05-21,2,乒乓球厅-4号,12:55-13:50,0,1,不开放/已过期,,雾,20,22,1,0.0,99,41
2026-05-21 22:01:02,2026-05-21,2,乒乓球厅-4号,12:55-13:50,0,1,不开放/已过期,,雾,19,20,2,0.0,93,41
2026-05-21 22:30:47,2026-05-21,2,乒乓球厅-4号,12:55-13:50,0,1,不开放/已过期,,雾,19,19,3,0.0,88,46
2026-05-21 23:00:56,2026-05-21,2,乒乓球厅-4号,12:55-13:50,0,1,不开放/已过期,,多云,18,17,3,0.0,85,46
2026-05-21 23:30:55,2026-05-21,2,乒乓球厅-4号,12:55-13:50,0,1,不开放/已过期,,多云,18,17,3,0.0,85,48
2026-05-21 00:30:49,2026-05-21,2,乒乓球厅-4号,14:00-15:00,0,1,可预约,￥5.0,多云,15,13,3,0.0,100,26
2026-05-21 01:00:55,2026-05-21,2,乒乓球厅-4号,14:00-15:00,0,1,可预约,￥5.0,多云,15,12,4,0.0,100,26
2026-05-21 01:30:47,2026-05-21,2,乒乓球厅-4号,14:00-15:00,0,1,可预约,￥5.0,多云,15,13,4,0.0,100,28
2026-05-21 02:00:53,2026-05-21,2,乒乓球厅-4号,14:00-15:00,0,1,可预约,￥5.0,多云,15,12,4,0.0,100,28
2026-05-21 02:30:49,2026-05-21,2,乒乓球厅-4号,14:00-15:00,0,1,可预约,￥5.0,多云,15,14,3,0.0,100,29
2026-05-21 03:00:55,2026-05-21,2,乒乓球厅-4号,14:00-15:00,0,1,可预约,￥5.0,多云,15,12,4,0.0,100,29
2026-05-21 03:30:49,2026-05-21,2,乒乓球厅-4号,14:00-15:00,0,1,可预约,￥5.0,多云,15,14,3,0.0,100,30
2026-05-21 04:30:45,2026-05-21,2,乒乓球厅-4号,14:00-15:00,0,1,可预约,￥5.0,多云,15,12,4,0.0,100,29
2026-05-21 05:00:52,2026-05-21,2,乒乓球厅-4号,14:00-15:00,0,1,可预约,￥5.0,多云,15,12,4,0.0,100,29
2026-05-21 05:30:49,2026-05-21,2,乒乓球厅-4号,14:00-15:00,0,1,可预约,￥5.0,多云,15,13,3,0.0,100,28
2026-05-21 06:00:50,2026-05-21,2,乒乓球厅-4号,14:00-15:00,0,1,可预约,￥5.0,多云,15,13,4,0.0,99,28
2026-05-21 06:30:38,2026-05-21,2,乒乓球厅-4号,14:00-15:00,0,1,可预约,￥5.0,多云,15,13,3,0.0,97,28
2026-05-21 07:00:43,2026-05-21,2,乒乓球厅-4号,14:00-15:00,0,1,可预约,￥5.0,晴,15,11,5,0.0,93,28
2026-05-21 07:30:39,2026-05-21,2,乒乓球厅-4号,14:00-15:00,0,1,可预约,￥5.0,晴,17,13,4,0.0,89,29
2026-05-21 07:50:40,2026-05-21,2,乒乓球厅-4号,14:00-15:00,0,1,可预约,￥5.0,晴,17,13,4,0.0,88,29
2026-05-21 07:53:31,2026-05-21,2,乒乓球厅-4号,14:00-15:00,0,1,可预约,￥5.0,晴,17,12,5,0.0,86,29
2026-05-21 07:56:31,2026-05-21,2,乒乓球厅-4号,14:00-15:00,0,1,可预约,￥5.0,晴,17,12,5,0.0,86,29
2026-05-21 07:59:26,2026-05-21,2,乒乓球厅-4号,14:00-15:00,0,1,可预约,￥5.0,晴,17,12,5,0.0,86,29
2026-05-21 08:00:45,2026-05-21,2,乒乓球厅-4号,14:00-15:00,0,1,可预约,￥5.0,晴,17,12,5,0.0,86,29
2026-05-21 08:02:30,2026-05-21,2,乒乓球厅-4号,14:00-15:00,0,1,可预约,￥5.0,多云,17,12,5,0.0,87,29
2026-05-21 08:05:36,2026-05-21,2,乒乓球厅-4号,14:00-15:00,0,1,可预约,￥5.0,多云,17,12,5,0.0,86,29
2026-05-21 08:08:31,2026-05-21,2,乒乓球厅-4号,14:00-15:00,0,1,可预约,￥5.0,多云,17,12,5,0.0,86,29
2026-05-21 08:11:30,2026-05-21,2,乒乓球厅-4号,14:00-15:00,0,1,可预约,￥5.0,多云,17,12,5,0.0,86,29
2026-05-21 08:14:31,2026-05-21,2,乒乓球厅-4号,14:00-15:00,0,1,可预约,￥5.0,多云,17,12,5,0.0,86,29
2026-05-21 08:17:30,2026-05-21,2,乒乓球厅-4号,14:00-15:00,0,1,可预约,￥5.0,多云,17,12,5,0.0,86,29
2026-05-21 08:20:35,2026-05-21,2,乒乓球厅-4号,14:00-15:00,0,1,可预约,￥5.0,多云,17,14,4,0.0,85,29
2026-05-21 08:25:32,2026-05-21,2,乒乓球厅-4号,14:00-15:00,0,1,可预约,￥5.0,多云,17,14,4,0.0,85,28
2026-05-21 08:30:42,2026-05-21,2,乒乓球厅-4号,14:00-15:00,0,1,可预约,￥5.0,多云,18,15,4,0.0,84,28
2026-05-21 08:35:31,2026-05-21,2,乒乓球厅-4号,14:00-15:00,0,1,可预约,￥5.0,多云,18,15,4,0.0,84,28
2026-05-21 08:40:38,2026-05-21,2,乒乓球厅-4号,14:00-15:00,0,1,可预约,￥5.0,多云,18,15,4,0.0,82,28
2026-05-21 08:45:33,2026-05-21,2,乒乓球厅-4号,14:00-15:00,0,1,可预约,￥5.0,多云,18,15,4,0.0,82,28
2026-05-21 08:50:36,2026-05-21,2,乒乓球厅-4号,14:00-15:00,0,1,可预约,￥5.0,多云,18,15,4,0.0,82,28
2026-05-21 08:55:34,2026-05-21,2,乒乓球厅-4号,14:00-15:00,0,1,可预约,￥5.0,多云,18,15,4,0.0,84,28
2026-05-21 09:00:51,2026-05-21,2,乒乓球厅-4号,14:00-15:00,0,1,可预约,￥5.0,多云,18,15,4,0.0,84,28
2026-05-21 09:01:59,2026-05-21,2,乒乓球厅-4号,14:00-15:00,0,1,可预约,￥5.0,多云,18,15,4,0.0,83,28
2026-05-21 09:05:33,2026-05-21,2,乒乓球厅-4号,14:00-15:00,0,1,可预约,￥5.0,多云,18,15,4,0.0,83,28
2026-05-21 09:20:38,2026-05-21,2,乒乓球厅-4号,14:00-15:00,0,1,可预约,￥5.0,多云,18,16,3,0.0,81,28
2026-05-21 09:30:46,2026-05-21,2,乒乓球厅-4号,14:00-15:00,0,1,可预约,￥5.0,多云,18,16,3,0.0,81,32
2026-05-21 09:40:36,2026-05-21,2,乒乓球厅-4号,14:00-15:00,0,1,可预约,￥5.0,多云,19,17,3,0.0,79,32
2026-05-21 09:50:42,2026-05-21,2,乒乓球厅-4号,14:00-15:00,0,1,可预约,￥5.0,多云,19,17,4,0.0,81,32
2026-05-21 10:00:46,2026-05-21,2,乒乓球厅-4号,14:00-15:00,0,1,可预约,￥5.0,多云,19,17,4,0.0,79,32
2026-05-21 10:10:40,2026-05-21,2,乒乓球厅-4号,14:00-15:00,0,1,可预约,￥5.0,多云,19,17,4,0.0,79,32
2026-05-21 10:20:38,2026-05-21,2,乒乓球厅-4号,14:00-15:00,0,1,可预约,￥5.0,多云,19,17,4,0.0,79,32
2026-05-21 10:30:41,2026-05-21,2,乒乓球厅-4号,14:00-15:00,0,1,可预约,￥5.0,多云,19,18,3,0.0,78,31
2026-05-21 11:00:44,2026-05-21,2,乒乓球厅-4号,14:00-15:00,0,1,可预约,￥5.0,多云,21,17,5,0.0,74,31
2026-05-21 11:30:38,2026-05-21,2,乒乓球厅-4号,14:00-15:00,0,1,可预约,￥5.0,多云,21,19,3,0.0,72,33
2026-05-21 12:00:46,2026-05-21,2,乒乓球厅-4号,14:00-15:00,0,1,可预约,￥5.0,多云,22,19,4,0.0,70,33
2026-05-21 12:30:42,2026-05-21,2,乒乓球厅-4号,14:00-15:00,0,1,可预约,￥5.0,多云,22,21,3,0.0,68,35
2026-05-21 13:00:43,2026-05-21,2,乒乓球厅-4号,14:00-15:00,0,1,可预约,￥5.0,多云,24,22,4,0.0,66,35
2026-05-21 13:30:43,2026-05-21,2,乒乓球厅-4号,14:00-15:00,0,1,可预约,￥5.0,多云,24,22,4,0.0,66,36
2026-05-21 14:00:48,2026-05-21,2,乒乓球厅-4号,14:00-15:00,0,1,可预约,￥5.0,多云,25,23,4,0.0,66,36
2026-05-21 14:30:45,2026-05-21,2,乒乓球厅-4号,14:00-15:00,0,1,可预约,￥5.0,晴,25,25,3,0.0,65,39
2026-05-21 15:00:45,2026-05-21,2,乒乓球厅-4号,14:00-15:00,0,1,不开放/已过期,,晴,25,22,4,0.0,56,39
2026-05-21 15:30:43,2026-05-21,2,乒乓球厅-4号,14:00-15:00,0,1,不开放/已过期,,晴,25,23,4,0.0,57,40
2026-05-21 16:00:51,2026-05-21,2,乒乓球厅-4号,14:00-15:00,0,1,不开放/已过期,,晴,25,23,4,0.0,57,40
2026-05-21 16:30:48,2026-05-21,2,乒乓球厅-4号,14:00-15:00,0,1,不开放/已过期,,晴,25,24,3,0.0,60,39
2026-05-21 17:00:49,2026-05-21,2,乒乓球厅-4号,14:00-15:00,0,1,不开放/已过期,,晴,25,24,4,0.0,61,39
2026-05-21 17:30:47,2026-05-21,2,乒乓球厅-4号,14:00-15:00,0,1,不开放/已过期,,多云,24,23,3,0.0,64,39
2026-05-21 18:00:50,2026-05-21,2,乒乓球厅-4号,14:00-15:00,0,1,不开放/已过期,,多云,24,23,3,0.0,68,39
2026-05-21 18:30:50,2026-05-21,2,乒乓球厅-4号,14:00-15:00,0,1,不开放/已过期,,阴,24,25,2,0.0,68,40
2026-05-21 19:00:50,2026-05-21,2,乒乓球厅-4号,14:00-15:00,0,1,不开放/已过期,,阴,23,23,3,0.0,76,40
2026-05-21 19:30:46,2026-05-21,2,乒乓球厅-4号,14:00-15:00,0,1,不开放/已过期,,阴,23,24,2,0.0,77,39
2026-05-21 20:00:49,2026-05-21,2,乒乓球厅-4号,14:00-15:00,0,1,不开放/已过期,,雾,22,23,2,0.0,89,39
2026-05-21 20:30:44,2026-05-21,2,乒乓球厅-4号,14:00-15:00,0,1,不开放/已过期,,雾,22,24,2,0.0,93,43
2026-05-21 21:00:56,2026-05-21,2,乒乓球厅-4号,14:00-15:00,0,1,不开放/已过期,,雾,20,21,2,0.0,98,43
2026-05-21 21:30:46,2026-05-21,2,乒乓球厅-4号,14:00-15:00,0,1,不开放/已过期,,雾,20,22,1,0.0,99,41
2026-05-21 22:01:02,2026-05-21,2,乒乓球厅-4号,14:00-15:00,0,1,不开放/已过期,,雾,19,20,2,0.0,93,41
2026-05-21 22:30:47,2026-05-21,2,乒乓球厅-4号,14:00-15:00,0,1,不开放/已过期,,雾,19,19,3,0.0,88,46
2026-05-21 23:00:56,2026-05-21,2,乒乓球厅-4号,14:00-15:00,0,1,不开放/已过期,,多云,18,17,3,0.0,85,46
2026-05-21 23:30:55,2026-05-21,2,乒乓球厅-4号,14:00-15:00,0,1,不开放/已过期,,多云,18,17,3,0.0,85,48
2026-05-21 00:30:49,2026-05-21,2,乒乓球厅-4号,15:00-16:00,0,1,可预约,￥5.0,多云,15,13,3,0.0,100,26
2026-05-21 01:00:55,2026-05-21,2,乒乓球厅-4号,15:00-16:00,0,1,可预约,￥5.0,多云,15,12,4,0.0,100,26
2026-05-21 01:30:47,2026-05-21,2,乒乓球厅-4号,15:00-16:00,0,1,可预约,￥5.0,多云,15,13,4,0.0,100,28
2026-05-21 02:00:53,2026-05-21,2,乒乓球厅-4号,15:00-16:00,0,1,可预约,￥5.0,多云,15,12,4,0.0,100,28
2026-05-21 02:30:49,2026-05-21,2,乒乓球厅-4号,15:00-16:00,0,1,可预约,￥5.0,多云,15,14,3,0.0,100,29
2026-05-21 03:00:55,2026-05-21,2,乒乓球厅-4号,15:00-16:00,0,1,可预约,￥5.0,多云,15,12,4,0.0,100,29
2026-05-21 03:30:49,2026-05-21,2,乒乓球厅-4号,15:00-16:00,0,1,可预约,￥5.0,多云,15,14,3,0.0,100,30
2026-05-21 04:30:45,2026-05-21,2,乒乓球厅-4号,15:00-16:00,0,1,可预约,￥5.0,多云,15,12,4,0.0,100,29
2026-05-21 05:00:52,2026-05-21,2,乒乓球厅-4号,15:00-16:00,0,1,可预约,￥5.0,多云,15,12,4,0.0,100,29
2026-05-21 05:30:49,2026-05-21,2,乒乓球厅-4号,15:00-16:00,0,1,可预约,￥5.0,多云,15,13,3,0.0,100,28
2026-05-21 06:00:50,2026-05-21,2,乒乓球厅-4号,15:00-16:00,0,1,可预约,￥5.0,多云,15,13,4,0.0,99,28
2026-05-21 06:30:38,2026-05-21,2,乒乓球厅-4号,15:00-16:00,0,1,可预约,￥5.0,多云,15,13,3,0.0,97,28
2026-05-21 07:00:43,2026-05-21,2,乒乓球厅-4号,15:00-16:00,0,1,可预约,￥5.0,晴,15,11,5,0.0,93,28
2026-05-21 07:30:39,2026-05-21,2,乒乓球厅-4号,15:00-16:00,0,1,可预约,￥5.0,晴,17,13,4,0.0,89,29
2026-05-21 07:50:40,2026-05-21,2,乒乓球厅-4号,15:00-16:00,0,1,可预约,￥5.0,晴,17,13,4,0.0,88,29
2026-05-21 07:53:31,2026-05-21,2,乒乓球厅-4号,15:00-16:00,0,1,可预约,￥5.0,晴,17,12,5,0.0,86,29
2026-05-21 07:56:31,2026-05-21,2,乒乓球厅-4号,15:00-16:00,0,1,可预约,￥5.0,晴,17,12,5,0.0,86,29
2026-05-21 07:59:26,2026-05-21,2,乒乓球厅-4号,15:00-16:00,0,1,可预约,￥5.0,晴,17,12,5,0.0,86,29
2026-05-21 08:00:45,2026-05-21,2,乒乓球厅-4号,15:00-16:00,0,1,可预约,￥5.0,晴,17,12,5,0.0,86,29
2026-05-21 08:02:30,2026-05-21,2,乒乓球厅-4号,15:00-16:00,0,1,可预约,￥5.0,多云,17,12,5,0.0,87,29
2026-05-21 08:05:36,2026-05-21,2,乒乓球厅-4号,15:00-16:00,0,1,可预约,￥5.0,多云,17,12,5,0.0,86,29
2026-05-21 08:08:31,2026-05-21,2,乒乓球厅-4号,15:00-16:00,0,1,可预约,￥5.0,多云,17,12,5,0.0,86,29
2026-05-21 08:11:30,2026-05-21,2,乒乓球厅-4号,15:00-16:00,0,1,可预约,￥5.0,多云,17,12,5,0.0,86,29
2026-05-21 08:14:31,2026-05-21,2,乒乓球厅-4号,15:00-16:00,0,1,可预约,￥5.0,多云,17,12,5,0.0,86,29
2026-05-21 08:17:30,2026-05-21,2,乒乓球厅-4号,15:00-16:00,0,1,可预约,￥5.0,多云,17,12,5,0.0,86,29
2026-05-21 08:20:35,2026-05-21,2,乒乓球厅-4号,15:00-16:00,0,1,可预约,￥5.0,多云,17,14,4,0.0,85,29
2026-05-21 08:25:32,2026-05-21,2,乒乓球厅-4号,15:00-16:00,0,1,可预约,￥5.0,多云,17,14,4,0.0,85,28
2026-05-21 08:30:42,2026-05-21,2,乒乓球厅-4号,15:00-16:00,0,1,可预约,￥5.0,多云,18,15,4,0.0,84,28
2026-05-21 08:35:31,2026-05-21,2,乒乓球厅-4号,15:00-16:00,0,1,可预约,￥5.0,多云,18,15,4,0.0,84,28
2026-05-21 08:40:38,2026-05-21,2,乒乓球厅-4号,15:00-16:00,0,1,可预约,￥5.0,多云,18,15,4,0.0,82,28
2026-05-21 08:45:33,2026-05-21,2,乒乓球厅-4号,15:00-16:00,0,1,可预约,￥5.0,多云,18,15,4,0.0,82,28
2026-05-21 08:50:36,2026-05-21,2,乒乓球厅-4号,15:00-16:00,0,1,可预约,￥5.0,多云,18,15,4,0.0,82,28
2026-05-21 08:55:34,2026-05-21,2,乒乓球厅-4号,15:00-16:00,0,1,可预约,￥5.0,多云,18,15,4,0.0,84,28
2026-05-21 09:00:51,2026-05-21,2,乒乓球厅-4号,15:00-16:00,0,1,可预约,￥5.0,多云,18,15,4,0.0,84,28
2026-05-21 09:01:59,2026-05-21,2,乒乓球厅-4号,15:00-16:00,0,1,可预约,￥5.0,多云,18,15,4,0.0,83,28
2026-05-21 09:05:33,2026-05-21,2,乒乓球厅-4号,15:00-16:00,0,1,可预约,￥5.0,多云,18,15,4,0.0,83,28
2026-05-21 09:20:38,2026-05-21,2,乒乓球厅-4号,15:00-16:00,0,1,可预约,￥5.0,多云,18,16,3,0.0,81,28
2026-05-21 09:30:46,2026-05-21,2,乒乓球厅-4号,15:00-16:00,0,1,可预约,￥5.0,多云,18,16,3,0.0,81,32
2026-05-21 09:40:36,2026-05-21,2,乒乓球厅-4号,15:00-16:00,0,1,可预约,￥5.0,多云,19,17,3,0.0,79,32
2026-05-21 09:50:42,2026-05-21,2,乒乓球厅-4号,15:00-16:00,0,1,可预约,￥5.0,多云,19,17,4,0.0,81,32
2026-05-21 10:00:46,2026-05-21,2,乒乓球厅-4号,15:00-16:00,0,1,可预约,￥5.0,多云,19,17,4,0.0,79,32
2026-05-21 10:10:40,2026-05-21,2,乒乓球厅-4号,15:00-16:00,0,1,可预约,￥5.0,多云,19,17,4,0.0,79,32
2026-05-21 10:20:38,2026-05-21,2,乒乓球厅-4号,15:00-16:00,0,1,可预约,￥5.0,多云,19,17,4,0.0,79,32
2026-05-21 10:30:41,2026-05-21,2,乒乓球厅-4号,15:00-16:00,0,1,可预约,￥5.0,多云,19,18,3,0.0,78,31
2026-05-21 11:00:44,2026-05-21,2,乒乓球厅-4号,15:00-16:00,0,1,可预约,￥5.0,多云,21,17,5,0.0,74,31
2026-05-21 11:30:38,2026-05-21,2,乒乓球厅-4号,15:00-16:00,0,1,可预约,￥5.0,多云,21,19,3,0.0,72,33
2026-05-21 12:00:46,2026-05-21,2,乒乓球厅-4号,15:00-16:00,0,1,可预约,￥5.0,多云,22,19,4,0.0,70,33
2026-05-21 12:30:42,2026-05-21,2,乒乓球厅-4号,15:00-16:00,0,1,可预约,￥5.0,多云,22,21,3,0.0,68,35
2026-05-21 13:00:43,2026-05-21,2,乒乓球厅-4号,15:00-16:00,0,1,可预约,￥5.0,多云,24,22,4,0.0,66,35
2026-05-21 13:30:43,2026-05-21,2,乒乓球厅-4号,15:00-16:00,0,1,可预约,￥5.0,多云,24,22,4,0.0,66,36
2026-05-21 14:00:48,2026-05-21,2,乒乓球厅-4号,15:00-16:00,0,1,可预约,￥5.0,多云,25,23,4,0.0,66,36
2026-05-21 14:30:45,2026-05-21,2,乒乓球厅-4号,15:00-16:00,0,1,可预约,￥5.0,晴,25,25,3,0.0,65,39
2026-05-21 15:00:45,2026-05-21,2,乒乓球厅-4号,15:00-16:00,0,1,可预约,￥5.0,晴,25,22,4,0.0,56,39
2026-05-21 15:30:43,2026-05-21,2,乒乓球厅-4号,15:00-16:00,0,1,可预约,￥5.0,晴,25,23,4,0.0,57,40
2026-05-21 16:00:51,2026-05-21,2,乒乓球厅-4号,15:00-16:00,0,1,不开放/已过期,,晴,25,23,4,0.0,57,40
2026-05-21 16:30:48,2026-05-21,2,乒乓球厅-4号,15:00-16:00,0,1,不开放/已过期,,晴,25,24,3,0.0,60,39
2026-05-21 17:00:49,2026-05-21,2,乒乓球厅-4号,15:00-16:00,0,1,不开放/已过期,,晴,25,24,4,0.0,61,39
2026-05-21 17:30:47,2026-05-21,2,乒乓球厅-4号,15:00-16:00,0,1,不开放/已过期,,多云,24,23,3,0.0,64,39
2026-05-21 18:00:50,2026-05-21,2,乒乓球厅-4号,15:00-16:00,0,1,不开放/已过期,,多云,24,23,3,0.0,68,39
2026-05-21 18:30:50,2026-05-21,2,乒乓球厅-4号,15:00-16:00,0,1,不开放/已过期,,阴,24,25,2,0.0,68,40
2026-05-21 19:00:50,2026-05-21,2,乒乓球厅-4号,15:00-16:00,0,1,不开放/已过期,,阴,23,23,3,0.0,76,40
2026-05-21 19:30:46,2026-05-21,2,乒乓球厅-4号,15:00-16:00,0,1,不开放/已过期,,阴,23,24,2,0.0,77,39
2026-05-21 20:00:49,2026-05-21,2,乒乓球厅-4号,15:00-16:00,0,1,不开放/已过期,,雾,22,23,2,0.0,89,39
2026-05-21 20:30:44,2026-05-21,2,乒乓球厅-4号,15:00-16:00,0,1,不开放/已过期,,雾,22,24,2,0.0,93,43
2026-05-21 21:00:56,2026-05-21,2,乒乓球厅-4号,15:00-16:00,0,1,不开放/已过期,,雾,20,21,2,0.0,98,43
2026-05-21 21:30:46,2026-05-21,2,乒乓球厅-4号,15:00-16:00,0,1,不开放/已过期,,雾,20,22,1,0.0,99,41
2026-05-21 22:01:02,2026-05-21,2,乒乓球厅-4号,15:00-16:00,0,1,不开放/已过期,,雾,19,20,2,0.0,93,41
2026-05-21 22:30:47,2026-05-21,2,乒乓球厅-4号,15:00-16:00,0,1,不开放/已过期,,雾,19,19,3,0.0,88,46
2026-05-21 23:00:56,2026-05-21,2,乒乓球厅-4号,15:00-16:00,0,1,不开放/已过期,,多云,18,17,3,0.0,85,46
2026-05-21 23:30:55,2026-05-21,2,乒乓球厅-4号,15:00-16:00,0,1,不开放/已过期,,多云,18,17,3,0.0,85,48
2026-05-21 00:30:49,2026-05-21,2,乒乓球厅-4号,16:00-17:00,0,1,可预约,￥5.0,多云,15,13,3,0.0,100,26
2026-05-21 01:00:55,2026-05-21,2,乒乓球厅-4号,16:00-17:00,0,1,可预约,￥5.0,多云,15,12,4,0.0,100,26
2026-05-21 01:30:47,2026-05-21,2,乒乓球厅-4号,16:00-17:00,0,1,可预约,￥5.0,多云,15,13,4,0.0,100,28
2026-05-21 02:00:53,2026-05-21,2,乒乓球厅-4号,16:00-17:00,0,1,可预约,￥5.0,多云,15,12,4,0.0,100,28
2026-05-21 02:30:49,2026-05-21,2,乒乓球厅-4号,16:00-17:00,0,1,可预约,￥5.0,多云,15,14,3,0.0,100,29
2026-05-21 03:00:55,2026-05-21,2,乒乓球厅-4号,16:00-17:00,0,1,可预约,￥5.0,多云,15,12,4,0.0,100,29
2026-05-21 03:30:49,2026-05-21,2,乒乓球厅-4号,16:00-17:00,0,1,可预约,￥5.0,多云,15,14,3,0.0,100,30
2026-05-21 04:30:45,2026-05-21,2,乒乓球厅-4号,16:00-17:00,0,1,可预约,￥5.0,多云,15,12,4,0.0,100,29
2026-05-21 05:00:52,2026-05-21,2,乒乓球厅-4号,16:00-17:00,0,1,可预约,￥5.0,多云,15,12,4,0.0,100,29
2026-05-21 05:30:49,2026-05-21,2,乒乓球厅-4号,16:00-17:00,0,1,可预约,￥5.0,多云,15,13,3,0.0,100,28
2026-05-21 06:00:50,2026-05-21,2,乒乓球厅-4号,16:00-17:00,0,1,可预约,￥5.0,多云,15,13,4,0.0,99,28
2026-05-21 06:30:38,2026-05-21,2,乒乓球厅-4号,16:00-17:00,0,1,可预约,￥5.0,多云,15,13,3,0.0,97,28
2026-05-21 07:00:43,2026-05-21,2,乒乓球厅-4号,16:00-17:00,0,1,可预约,￥5.0,晴,15,11,5,0.0,93,28
2026-05-21 07:30:39,2026-05-21,2,乒乓球厅-4号,16:00-17:00,0,1,可预约,￥5.0,晴,17,13,4,0.0,89,29
2026-05-21 07:50:40,2026-05-21,2,乒乓球厅-4号,16:00-17:00,0,1,可预约,￥5.0,晴,17,13,4,0.0,88,29
2026-05-21 07:53:31,2026-05-21,2,乒乓球厅-4号,16:00-17:00,0,1,可预约,￥5.0,晴,17,12,5,0.0,86,29
2026-05-21 07:56:31,2026-05-21,2,乒乓球厅-4号,16:00-17:00,0,1,可预约,￥5.0,晴,17,12,5,0.0,86,29
2026-05-21 07:59:26,2026-05-21,2,乒乓球厅-4号,16:00-17:00,0,1,可预约,￥5.0,晴,17,12,5,0.0,86,29
2026-05-21 08:00:45,2026-05-21,2,乒乓球厅-4号,16:00-17:00,0,1,可预约,￥5.0,晴,17,12,5,0.0,86,29
2026-05-21 08:02:30,2026-05-21,2,乒乓球厅-4号,16:00-17:00,0,1,可预约,￥5.0,多云,17,12,5,0.0,87,29
2026-05-21 08:05:36,2026-05-21,2,乒乓球厅-4号,16:00-17:00,0,1,可预约,￥5.0,多云,17,12,5,0.0,86,29
2026-05-21 08:08:31,2026-05-21,2,乒乓球厅-4号,16:00-17:00,0,1,可预约,￥5.0,多云,17,12,5,0.0,86,29
2026-05-21 08:11:30,2026-05-21,2,乒乓球厅-4号,16:00-17:00,0,1,可预约,￥5.0,多云,17,12,5,0.0,86,29
2026-05-21 08:14:31,2026-05-21,2,乒乓球厅-4号,16:00-17:00,0,1,可预约,￥5.0,多云,17,12,5,0.0,86,29
2026-05-21 08:17:30,2026-05-21,2,乒乓球厅-4号,16:00-17:00,0,1,可预约,￥5.0,多云,17,12,5,0.0,86,29
2026-05-21 08:20:35,2026-05-21,2,乒乓球厅-4号,16:00-17:00,0,1,可预约,￥5.0,多云,17,14,4,0.0,85,29
2026-05-21 08:25:32,2026-05-21,2,乒乓球厅-4号,16:00-17:00,0,1,可预约,￥5.0,多云,17,14,4,0.0,85,28
2026-05-21 08:30:42,2026-05-21,2,乒乓球厅-4号,16:00-17:00,0,1,可预约,￥5.0,多云,18,15,4,0.0,84,28
2026-05-21 08:35:31,2026-05-21,2,乒乓球厅-4号,16:00-17:00,0,1,可预约,￥5.0,多云,18,15,4,0.0,84,28
2026-05-21 08:40:38,2026-05-21,2,乒乓球厅-4号,16:00-17:00,0,1,可预约,￥5.0,多云,18,15,4,0.0,82,28
2026-05-21 08:45:33,2026-05-21,2,乒乓球厅-4号,16:00-17:00,0,1,可预约,￥5.0,多云,18,15,4,0.0,82,28
2026-05-21 08:50:36,2026-05-21,2,乒乓球厅-4号,16:00-17:00,0,1,可预约,￥5.0,多云,18,15,4,0.0,82,28
2026-05-21 08:55:34,2026-05-21,2,乒乓球厅-4号,16:00-17:00,0,1,可预约,￥5.0,多云,18,15,4,0.0,84,28
2026-05-21 09:00:51,2026-05-21,2,乒乓球厅-4号,16:00-17:00,0,1,可预约,￥5.0,多云,18,15,4,0.0,84,28
2026-05-21 09:01:59,2026-05-21,2,乒乓球厅-4号,16:00-17:00,0,1,可预约,￥5.0,多云,18,15,4,0.0,83,28
2026-05-21 09:05:33,2026-05-21,2,乒乓球厅-4号,16:00-17:00,0,1,可预约,￥5.0,多云,18,15,4,0.0,83,28
2026-05-21 09:20:38,2026-05-21,2,乒乓球厅-4号,16:00-17:00,0,1,可预约,￥5.0,多云,18,16,3,0.0,81,28
2026-05-21 09:30:46,2026-05-21,2,乒乓球厅-4号,16:00-17:00,0,1,可预约,￥5.0,多云,18,16,3,0.0,81,32
2026-05-21 09:40:36,2026-05-21,2,乒乓球厅-4号,16:00-17:00,0,1,可预约,￥5.0,多云,19,17,3,0.0,79,32
2026-05-21 09:50:42,2026-05-21,2,乒乓球厅-4号,16:00-17:00,0,1,可预约,￥5.0,多云,19,17,4,0.0,81,32
2026-05-21 10:00:46,2026-05-21,2,乒乓球厅-4号,16:00-17:00,0,1,可预约,￥5.0,多云,19,17,4,0.0,79,32
2026-05-21 10:10:40,2026-05-21,2,乒乓球厅-4号,16:00-17:00,0,1,可预约,￥5.0,多云,19,17,4,0.0,79,32
2026-05-21 10:20:38,2026-05-21,2,乒乓球厅-4号,16:00-17:00,0,1,可预约,￥5.0,多云,19,17,4,0.0,79,32
2026-05-21 10:30:41,2026-05-21,2,乒乓球厅-4号,16:00-17:00,0,1,可预约,￥5.0,多云,19,18,3,0.0,78,31
2026-05-21 11:00:44,2026-05-21,2,乒乓球厅-4号,16:00-17:00,0,1,可预约,￥5.0,多云,21,17,5,0.0,74,31
2026-05-21 11:30:38,2026-05-21,2,乒乓球厅-4号,16:00-17:00,0,1,可预约,￥5.0,多云,21,19,3,0.0,72,33
2026-05-21 12:00:46,2026-05-21,2,乒乓球厅-4号,16:00-17:00,0,1,可预约,￥5.0,多云,22,19,4,0.0,70,33
2026-05-21 12:30:42,2026-05-21,2,乒乓球厅-4号,16:00-17:00,0,1,可预约,￥5.0,多云,22,21,3,0.0,68,35
2026-05-21 13:00:43,2026-05-21,2,乒乓球厅-4号,16:00-17:00,0,1,可预约,￥5.0,多云,24,22,4,0.0,66,35
2026-05-21 13:30:43,2026-05-21,2,乒乓球厅-4号,16:00-17:00,0,1,可预约,￥5.0,多云,24,22,4,0.0,66,36
2026-05-21 14:00:48,2026-05-21,2,乒乓球厅-4号,16:00-17:00,0,1,可预约,￥5.0,多云,25,23,4,0.0,66,36
2026-05-21 14:30:45,2026-05-21,2,乒乓球厅-4号,16:00-17:00,0,1,可预约,￥5.0,晴,25,25,3,0.0,65,39
2026-05-21 15:00:45,2026-05-21,2,乒乓球厅-4号,16:00-17:00,0,1,可预约,￥5.0,晴,25,22,4,0.0,56,39
2026-05-21 15:30:43,2026-05-21,2,乒乓球厅-4号,16:00-17:00,0,1,可预约,￥5.0,晴,25,23,4,0.0,57,40
2026-05-21 16:00:51,2026-05-21,2,乒乓球厅-4号,16:00-17:00,0,1,可预约,￥5.0,晴,25,23,4,0.0,57,40
2026-05-21 16:30:48,2026-05-21,2,乒乓球厅-4号,16:00-17:00,0,1,可预约,￥5.0,晴,25,24,3,0.0,60,39
2026-05-21 17:00:49,2026-05-21,2,乒乓球厅-4号,16:00-17:00,0,1,不开放/已过期,,晴,25,24,4,0.0,61,39
2026-05-21 17:30:47,2026-05-21,2,乒乓球厅-4号,16:00-17:00,0,1,不开放/已过期,,多云,24,23,3,0.0,64,39
2026-05-21 18:00:50,2026-05-21,2,乒乓球厅-4号,16:00-17:00,0,1,不开放/已过期,,多云,24,23,3,0.0,68,39
2026-05-21 18:30:50,2026-05-21,2,乒乓球厅-4号,16:00-17:00,0,1,不开放/已过期,,阴,24,25,2,0.0,68,40
2026-05-21 19:00:50,2026-05-21,2,乒乓球厅-4号,16:00-17:00,0,1,不开放/已过期,,阴,23,23,3,0.0,76,40
2026-05-21 19:30:46,2026-05-21,2,乒乓球厅-4号,16:00-17:00,0,1,不开放/已过期,,阴,23,24,2,0.0,77,39
2026-05-21 20:00:49,2026-05-21,2,乒乓球厅-4号,16:00-17:00,0,1,不开放/已过期,,雾,22,23,2,0.0,89,39
2026-05-21 20:30:44,2026-05-21,2,乒乓球厅-4号,16:00-17:00,0,1,不开放/已过期,,雾,22,24,2,0.0,93,43
2026-05-21 21:00:56,2026-05-21,2,乒乓球厅-4号,16:00-17:00,0,1,不开放/已过期,,雾,20,21,2,0.0,98,43
2026-05-21 21:30:46,2026-05-21,2,乒乓球厅-4号,16:00-17:00,0,1,不开放/已过期,,雾,20,22,1,0.0,99,41
2026-05-21 22:01:02,2026-05-21,2,乒乓球厅-4号,16:00-17:00,0,1,不开放/已过期,,雾,19,20,2,0.0,93,41
2026-05-21 22:30:47,2026-05-21,2,乒乓球厅-4号,16:00-17:00,0,1,不开放/已过期,,雾,19,19,3,0.0,88,46
2026-05-21 23:00:56,2026-05-21,2,乒乓球厅-4号,16:00-17:00,0,1,不开放/已过期,,多云,18,17,3,0.0,85,46
2026-05-21 23:30:55,2026-05-21,2,乒乓球厅-4号,16:00-17:00,0,1,不开放/已过期,,多云,18,17,3,0.0,85,48
2026-05-21 00:30:49,2026-05-21,2,乒乓球厅-4号,17:00-18:00,0,1,可预约,￥5.0,多云,15,13,3,0.0,100,26
2026-05-21 01:00:55,2026-05-21,2,乒乓球厅-4号,17:00-18:00,0,1,可预约,￥5.0,多云,15,12,4,0.0,100,26
2026-05-21 01:30:47,2026-05-21,2,乒乓球厅-4号,17:00-18:00,0,1,可预约,￥5.0,多云,15,13,4,0.0,100,28
2026-05-21 02:00:53,2026-05-21,2,乒乓球厅-4号,17:00-18:00,0,1,可预约,￥5.0,多云,15,12,4,0.0,100,28
2026-05-21 02:30:49,2026-05-21,2,乒乓球厅-4号,17:00-18:00,0,1,可预约,￥5.0,多云,15,14,3,0.0,100,29
2026-05-21 03:00:55,2026-05-21,2,乒乓球厅-4号,17:00-18:00,0,1,可预约,￥5.0,多云,15,12,4,0.0,100,29
2026-05-21 03:30:49,2026-05-21,2,乒乓球厅-4号,17:00-18:00,0,1,可预约,￥5.0,多云,15,14,3,0.0,100,30
2026-05-21 04:30:45,2026-05-21,2,乒乓球厅-4号,17:00-18:00,0,1,可预约,￥5.0,多云,15,12,4,0.0,100,29
2026-05-21 05:00:52,2026-05-21,2,乒乓球厅-4号,17:00-18:00,0,1,可预约,￥5.0,多云,15,12,4,0.0,100,29
2026-05-21 05:30:49,2026-05-21,2,乒乓球厅-4号,17:00-18:00,0,1,可预约,￥5.0,多云,15,13,3,0.0,100,28
2026-05-21 06:00:50,2026-05-21,2,乒乓球厅-4号,17:00-18:00,0,1,可预约,￥5.0,多云,15,13,4,0.0,99,28
2026-05-21 06:30:38,2026-05-21,2,乒乓球厅-4号,17:00-18:00,0,1,可预约,￥5.0,多云,15,13,3,0.0,97,28
2026-05-21 07:00:43,2026-05-21,2,乒乓球厅-4号,17:00-18:00,0,1,可预约,￥5.0,晴,15,11,5,0.0,93,28
2026-05-21 07:30:39,2026-05-21,2,乒乓球厅-4号,17:00-18:00,0,1,可预约,￥5.0,晴,17,13,4,0.0,89,29
2026-05-21 07:50:40,2026-05-21,2,乒乓球厅-4号,17:00-18:00,0,1,可预约,￥5.0,晴,17,13,4,0.0,88,29
2026-05-21 07:53:31,2026-05-21,2,乒乓球厅-4号,17:00-18:00,0,1,可预约,￥5.0,晴,17,12,5,0.0,86,29
2026-05-21 07:56:31,2026-05-21,2,乒乓球厅-4号,17:00-18:00,0,1,可预约,￥5.0,晴,17,12,5,0.0,86,29
2026-05-21 07:59:26,2026-05-21,2,乒乓球厅-4号,17:00-18:00,0,1,可预约,￥5.0,晴,17,12,5,0.0,86,29
2026-05-21 08:00:45,2026-05-21,2,乒乓球厅-4号,17:00-18:00,0,1,可预约,￥5.0,晴,17,12,5,0.0,86,29
2026-05-21 08:02:30,2026-05-21,2,乒乓球厅-4号,17:00-18:00,0,1,可预约,￥5.0,多云,17,12,5,0.0,87,29
2026-05-21 08:05:36,2026-05-21,2,乒乓球厅-4号,17:00-18:00,0,1,可预约,￥5.0,多云,17,12,5,0.0,86,29
2026-05-21 08:08:31,2026-05-21,2,乒乓球厅-4号,17:00-18:00,0,1,可预约,￥5.0,多云,17,12,5,0.0,86,29
2026-05-21 08:11:30,2026-05-21,2,乒乓球厅-4号,17:00-18:00,0,1,可预约,￥5.0,多云,17,12,5,0.0,86,29
2026-05-21 08:14:31,2026-05-21,2,乒乓球厅-4号,17:00-18:00,0,1,可预约,￥5.0,多云,17,12,5,0.0,86,29
2026-05-21 08:17:30,2026-05-21,2,乒乓球厅-4号,17:00-18:00,0,1,可预约,￥5.0,多云,17,12,5,0.0,86,29
2026-05-21 08:20:35,2026-05-21,2,乒乓球厅-4号,17:00-18:00,0,1,可预约,￥5.0,多云,17,14,4,0.0,85,29
2026-05-21 08:25:32,2026-05-21,2,乒乓球厅-4号,17:00-18:00,0,1,可预约,￥5.0,多云,17,14,4,0.0,85,28
2026-05-21 08:30:42,2026-05-21,2,乒乓球厅-4号,17:00-18:00,0,1,可预约,￥5.0,多云,18,15,4,0.0,84,28
2026-05-21 08:35:31,2026-05-21,2,乒乓球厅-4号,17:00-18:00,0,1,可预约,￥5.0,多云,18,15,4,0.0,84,28
2026-05-21 08:40:38,2026-05-21,2,乒乓球厅-4号,17:00-18:00,0,1,可预约,￥5.0,多云,18,15,4,0.0,82,28
2026-05-21 08:45:33,2026-05-21,2,乒乓球厅-4号,17:00-18:00,0,1,可预约,￥5.0,多云,18,15,4,0.0,82,28
2026-05-21 08:50:36,2026-05-21,2,乒乓球厅-4号,17:00-18:00,0,1,可预约,￥5.0,多云,18,15,4,0.0,82,28
2026-05-21 08:55:34,2026-05-21,2,乒乓球厅-4号,17:00-18:00,0,1,可预约,￥5.0,多云,18,15,4,0.0,84,28
2026-05-21 09:00:51,2026-05-21,2,乒乓球厅-4号,17:00-18:00,0,1,可预约,￥5.0,多云,18,15,4,0.0,84,28
2026-05-21 09:01:59,2026-05-21,2,乒乓球厅-4号,17:00-18:00,0,1,可预约,￥5.0,多云,18,15,4,0.0,83,28
2026-05-21 09:05:33,2026-05-21,2,乒乓球厅-4号,17:00-18:00,0,1,可预约,￥5.0,多云,18,15,4,0.0,83,28
2026-05-21 09:20:38,2026-05-21,2,乒乓球厅-4号,17:00-18:00,0,1,可预约,￥5.0,多云,18,16,3,0.0,81,28
2026-05-21 09:30:46,2026-05-21,2,乒乓球厅-4号,17:00-18:00,0,1,可预约,￥5.0,多云,18,16,3,0.0,81,32
2026-05-21 09:40:36,2026-05-21,2,乒乓球厅-4号,17:00-18:00,0,1,可预约,￥5.0,多云,19,17,3,0.0,79,32
2026-05-21 09:50:42,2026-05-21,2,乒乓球厅-4号,17:00-18:00,0,1,可预约,￥5.0,多云,19,17,4,0.0,81,32
2026-05-21 10:00:46,2026-05-21,2,乒乓球厅-4号,17:00-18:00,0,1,可预约,￥5.0,多云,19,17,4,0.0,79,32
2026-05-21 10:10:40,2026-05-21,2,乒乓球厅-4号,17:00-18:00,0,1,可预约,￥5.0,多云,19,17,4,0.0,79,32
2026-05-21 10:20:38,2026-05-21,2,乒乓球厅-4号,17:00-18:00,0,1,可预约,￥5.0,多云,19,17,4,0.0,79,32
2026-05-21 10:30:41,2026-05-21,2,乒乓球厅-4号,17:00-18:00,0,1,可预约,￥5.0,多云,19,18,3,0.0,78,31
2026-05-21 11:00:44,2026-05-21,2,乒乓球厅-4号,17:00-18:00,0,1,可预约,￥5.0,多云,21,17,5,0.0,74,31
2026-05-21 11:30:38,2026-05-21,2,乒乓球厅-4号,17:00-18:00,0,1,可预约,￥5.0,多云,21,19,3,0.0,72,33
2026-05-21 12:00:46,2026-05-21,2,乒乓球厅-4号,17:00-18:00,0,1,可预约,￥5.0,多云,22,19,4,0.0,70,33
2026-05-21 12:30:42,2026-05-21,2,乒乓球厅-4号,17:00-18:00,0,1,可预约,￥5.0,多云,22,21,3,0.0,68,35
2026-05-21 13:00:43,2026-05-21,2,乒乓球厅-4号,17:00-18:00,0,1,可预约,￥5.0,多云,24,22,4,0.0,66,35
2026-05-21 13:30:43,2026-05-21,2,乒乓球厅-4号,17:00-18:00,0,1,可预约,￥5.0,多云,24,22,4,0.0,66,36
2026-05-21 14:00:48,2026-05-21,2,乒乓球厅-4号,17:00-18:00,0,1,可预约,￥5.0,多云,25,23,4,0.0,66,36
2026-05-21 14:30:45,2026-05-21,2,乒乓球厅-4号,17:00-18:00,0,1,可预约,￥5.0,晴,25,25,3,0.0,65,39
2026-05-21 15:00:45,2026-05-21,2,乒乓球厅-4号,17:00-18:00,0,1,可预约,￥5.0,晴,25,22,4,0.0,56,39
2026-05-21 15:30:43,2026-05-21,2,乒乓球厅-4号,17:00-18:00,0,1,可预约,￥5.0,晴,25,23,4,0.0,57,40
2026-05-21 16:00:51,2026-05-21,2,乒乓球厅-4号,17:00-18:00,0,1,可预约,￥5.0,晴,25,23,4,0.0,57,40
2026-05-21 16:30:48,2026-05-21,2,乒乓球厅-4号,17:00-18:00,0,1,可预约,￥5.0,晴,25,24,3,0.0,60,39
2026-05-21 17:00:49,2026-05-21,2,乒乓球厅-4号,17:00-18:00,0,1,可预约,￥5.0,晴,25,24,4,0.0,61,39
2026-05-21 17:30:47,2026-05-21,2,乒乓球厅-4号,17:00-18:00,0,1,可预约,￥5.0,多云,24,23,3,0.0,64,39
2026-05-21 18:00:50,2026-05-21,2,乒乓球厅-4号,17:00-18:00,0,1,不开放/已过期,,多云,24,23,3,0.0,68,39
2026-05-21 18:30:50,2026-05-21,2,乒乓球厅-4号,17:00-18:00,0,1,不开放/已过期,,阴,24,25,2,0.0,68,40
2026-05-21 19:00:50,2026-05-21,2,乒乓球厅-4号,17:00-18:00,0,1,不开放/已过期,,阴,23,23,3,0.0,76,40
2026-05-21 19:30:46,2026-05-21,2,乒乓球厅-4号,17:00-18:00,0,1,不开放/已过期,,阴,23,24,2,0.0,77,39
2026-05-21 20:00:49,2026-05-21,2,乒乓球厅-4号,17:00-18:00,0,1,不开放/已过期,,雾,22,23,2,0.0,89,39
2026-05-21 20:30:44,2026-05-21,2,乒乓球厅-4号,17:00-18:00,0,1,不开放/已过期,,雾,22,24,2,0.0,93,43
2026-05-21 21:00:56,2026-05-21,2,乒乓球厅-4号,17:00-18:00,0,1,不开放/已过期,,雾,20,21,2,0.0,98,43
2026-05-21 21:30:46,2026-05-21,2,乒乓球厅-4号,17:00-18:00,0,1,不开放/已过期,,雾,20,22,1,0.0,99,41
2026-05-21 22:01:02,2026-05-21,2,乒乓球厅-4号,17:00-18:00,0,1,不开放/已过期,,雾,19,20,2,0.0,93,41
2026-05-21 22:30:47,2026-05-21,2,乒乓球厅-4号,17:00-18:00,0,1,不开放/已过期,,雾,19,19,3,0.0,88,46
2026-05-21 23:00:56,2026-05-21,2,乒乓球厅-4号,17:00-18:00,0,1,不开放/已过期,,多云,18,17,3,0.0,85,46
2026-05-21 23:30:55,2026-05-21,2,乒乓球厅-4号,17:00-18:00,0,1,不开放/已过期,,多云,18,17,3,0.0,85,48
2026-05-21 00:30:49,2026-05-21,2,乒乓球厅-4号,18:30-19:30,0,1,可预约,￥5.0,多云,15,13,3,0.0,100,26
2026-05-21 01:00:55,2026-05-21,2,乒乓球厅-4号,18:30-19:30,0,1,可预约,￥5.0,多云,15,12,4,0.0,100,26
2026-05-21 01:30:47,2026-05-21,2,乒乓球厅-4号,18:30-19:30,0,1,可预约,￥5.0,多云,15,13,4,0.0,100,28
2026-05-21 02:00:53,2026-05-21,2,乒乓球厅-4号,18:30-19:30,0,1,可预约,￥5.0,多云,15,12,4,0.0,100,28
2026-05-21 02:30:49,2026-05-21,2,乒乓球厅-4号,18:30-19:30,0,1,可预约,￥5.0,多云,15,14,3,0.0,100,29
2026-05-21 03:00:55,2026-05-21,2,乒乓球厅-4号,18:30-19:30,0,1,可预约,￥5.0,多云,15,12,4,0.0,100,29
2026-05-21 03:30:49,2026-05-21,2,乒乓球厅-4号,18:30-19:30,0,1,可预约,￥5.0,多云,15,14,3,0.0,100,30
2026-05-21 04:30:45,2026-05-21,2,乒乓球厅-4号,18:30-19:30,0,1,可预约,￥5.0,多云,15,12,4,0.0,100,29
2026-05-21 05:00:52,2026-05-21,2,乒乓球厅-4号,18:30-19:30,0,1,可预约,￥5.0,多云,15,12,4,0.0,100,29
2026-05-21 05:30:49,2026-05-21,2,乒乓球厅-4号,18:30-19:30,0,1,可预约,￥5.0,多云,15,13,3,0.0,100,28
2026-05-21 06:00:50,2026-05-21,2,乒乓球厅-4号,18:30-19:30,0,1,可预约,￥5.0,多云,15,13,4,0.0,99,28
2026-05-21 06:30:38,2026-05-21,2,乒乓球厅-4号,18:30-19:30,0,1,可预约,￥5.0,多云,15,13,3,0.0,97,28
2026-05-21 07:00:43,2026-05-21,2,乒乓球厅-4号,18:30-19:30,0,1,可预约,￥5.0,晴,15,11,5,0.0,93,28
2026-05-21 07:30:39,2026-05-21,2,乒乓球厅-4号,18:30-19:30,0,1,可预约,￥5.0,晴,17,13,4,0.0,89,29
2026-05-21 07:50:40,2026-05-21,2,乒乓球厅-4号,18:30-19:30,0,1,可预约,￥5.0,晴,17,13,4,0.0,88,29
2026-05-21 07:53:31,2026-05-21,2,乒乓球厅-4号,18:30-19:30,0,1,可预约,￥5.0,晴,17,12,5,0.0,86,29
2026-05-21 07:56:31,2026-05-21,2,乒乓球厅-4号,18:30-19:30,0,1,可预约,￥5.0,晴,17,12,5,0.0,86,29
2026-05-21 07:59:26,2026-05-21,2,乒乓球厅-4号,18:30-19:30,0,1,可预约,￥5.0,晴,17,12,5,0.0,86,29
2026-05-21 08:00:45,2026-05-21,2,乒乓球厅-4号,18:30-19:30,0,1,可预约,￥5.0,晴,17,12,5,0.0,86,29
2026-05-21 08:02:30,2026-05-21,2,乒乓球厅-4号,18:30-19:30,0,1,可预约,￥5.0,多云,17,12,5,0.0,87,29
2026-05-21 08:05:36,2026-05-21,2,乒乓球厅-4号,18:30-19:30,0,1,可预约,￥5.0,多云,17,12,5,0.0,86,29
2026-05-21 08:08:31,2026-05-21,2,乒乓球厅-4号,18:30-19:30,0,1,可预约,￥5.0,多云,17,12,5,0.0,86,29
2026-05-21 08:11:30,2026-05-21,2,乒乓球厅-4号,18:30-19:30,0,1,可预约,￥5.0,多云,17,12,5,0.0,86,29
2026-05-21 08:14:31,2026-05-21,2,乒乓球厅-4号,18:30-19:30,0,1,可预约,￥5.0,多云,17,12,5,0.0,86,29
2026-05-21 08:17:30,2026-05-21,2,乒乓球厅-4号,18:30-19:30,0,1,可预约,￥5.0,多云,17,12,5,0.0,86,29
2026-05-21 08:20:35,2026-05-21,2,乒乓球厅-4号,18:30-19:30,0,1,可预约,￥5.0,多云,17,14,4,0.0,85,29
2026-05-21 08:25:32,2026-05-21,2,乒乓球厅-4号,18:30-19:30,0,1,可预约,￥5.0,多云,17,14,4,0.0,85,28
2026-05-21 08:30:42,2026-05-21,2,乒乓球厅-4号,18:30-19:30,0,1,可预约,￥5.0,多云,18,15,4,0.0,84,28
2026-05-21 08:35:31,2026-05-21,2,乒乓球厅-4号,18:30-19:30,0,1,可预约,￥5.0,多云,18,15,4,0.0,84,28
2026-05-21 08:40:38,2026-05-21,2,乒乓球厅-4号,18:30-19:30,0,1,可预约,￥5.0,多云,18,15,4,0.0,82,28
2026-05-21 08:45:33,2026-05-21,2,乒乓球厅-4号,18:30-19:30,0,1,可预约,￥5.0,多云,18,15,4,0.0,82,28
2026-05-21 08:50:36,2026-05-21,2,乒乓球厅-4号,18:30-19:30,0,1,可预约,￥5.0,多云,18,15,4,0.0,82,28
2026-05-21 08:55:34,2026-05-21,2,乒乓球厅-4号,18:30-19:30,0,1,可预约,￥5.0,多云,18,15,4,0.0,84,28
2026-05-21 09:00:51,2026-05-21,2,乒乓球厅-4号,18:30-19:30,0,1,可预约,￥5.0,多云,18,15,4,0.0,84,28
2026-05-21 09:01:59,2026-05-21,2,乒乓球厅-4号,18:30-19:30,0,1,可预约,￥5.0,多云,18,15,4,0.0,83,28
2026-05-21 09:05:33,2026-05-21,2,乒乓球厅-4号,18:30-19:30,0,1,可预约,￥5.0,多云,18,15,4,0.0,83,28
2026-05-21 09:20:38,2026-05-21,2,乒乓球厅-4号,18:30-19:30,0,1,可预约,￥5.0,多云,18,16,3,0.0,81,28
2026-05-21 09:30:46,2026-05-21,2,乒乓球厅-4号,18:30-19:30,0,1,可预约,￥5.0,多云,18,16,3,0.0,81,32
2026-05-21 09:40:36,2026-05-21,2,乒乓球厅-4号,18:30-19:30,0,1,可预约,￥5.0,多云,19,17,3,0.0,79,32
2026-05-21 09:50:42,2026-05-21,2,乒乓球厅-4号,18:30-19:30,0,1,可预约,￥5.0,多云,19,17,4,0.0,81,32
2026-05-21 10:00:46,2026-05-21,2,乒乓球厅-4号,18:30-19:30,0,1,可预约,￥5.0,多云,19,17,4,0.0,79,32
2026-05-21 10:10:40,2026-05-21,2,乒乓球厅-4号,18:30-19:30,0,1,可预约,￥5.0,多云,19,17,4,0.0,79,32
2026-05-21 10:20:38,2026-05-21,2,乒乓球厅-4号,18:30-19:30,0,1,可预约,￥5.0,多云,19,17,4,0.0,79,32
2026-05-21 10:30:41,2026-05-21,2,乒乓球厅-4号,18:30-19:30,0,1,可预约,￥5.0,多云,19,18,3,0.0,78,31
2026-05-21 11:00:44,2026-05-21,2,乒乓球厅-4号,18:30-19:30,0,1,可预约,￥5.0,多云,21,17,5,0.0,74,31
2026-05-21 11:30:38,2026-05-21,2,乒乓球厅-4号,18:30-19:30,0,1,可预约,￥5.0,多云,21,19,3,0.0,72,33
2026-05-21 12:00:46,2026-05-21,2,乒乓球厅-4号,18:30-19:30,0,1,可预约,￥5.0,多云,22,19,4,0.0,70,33
2026-05-21 12:30:42,2026-05-21,2,乒乓球厅-4号,18:30-19:30,0,1,可预约,￥5.0,多云,22,21,3,0.0,68,35
2026-05-21 13:00:43,2026-05-21,2,乒乓球厅-4号,18:30-19:30,0,1,可预约,￥5.0,多云,24,22,4,0.0,66,35
2026-05-21 13:30:43,2026-05-21,2,乒乓球厅-4号,18:30-19:30,0,1,可预约,￥5.0,多云,24,22,4,0.0,66,36
2026-05-21 14:00:48,2026-05-21,2,乒乓球厅-4号,18:30-19:30,0,1,可预约,￥5.0,多云,25,23,4,0.0,66,36
2026-05-21 14:30:45,2026-05-21,2,乒乓球厅-4号,18:30-19:30,0,1,可预约,￥5.0,晴,25,25,3,0.0,65,39
2026-05-21 15:00:45,2026-05-21,2,乒乓球厅-4号,18:30-19:30,0,1,可预约,￥5.0,晴,25,22,4,0.0,56,39
2026-05-21 15:30:43,2026-05-21,2,乒乓球厅-4号,18:30-19:30,0,1,可预约,￥5.0,晴,25,23,4,0.0,57,40
2026-05-21 16:00:51,2026-05-21,2,乒乓球厅-4号,18:30-19:30,0,1,可预约,￥5.0,晴,25,23,4,0.0,57,40
2026-05-21 16:30:48,2026-05-21,2,乒乓球厅-4号,18:30-19:30,0,1,可预约,￥5.0,晴,25,24,3,0.0,60,39
2026-05-21 17:00:49,2026-05-21,2,乒乓球厅-4号,18:30-19:30,0,1,可预约,￥5.0,晴,25,24,4,0.0,61,39
2026-05-21 17:30:47,2026-05-21,2,乒乓球厅-4号,18:30-19:30,0,1,可预约,￥5.0,多云,24,23,3,0.0,64,39
2026-05-21 18:00:50,2026-05-21,2,乒乓球厅-4号,18:30-19:30,0,1,可预约,￥5.0,多云,24,23,3,0.0,68,39
2026-05-21 18:30:50,2026-05-21,2,乒乓球厅-4号,18:30-19:30,0,1,可预约,￥5.0,阴,24,25,2,0.0,68,40
2026-05-21 19:00:50,2026-05-21,2,乒乓球厅-4号,18:30-19:30,0,1,可预约,￥5.0,阴,23,23,3,0.0,76,40
2026-05-21 19:30:46,2026-05-21,2,乒乓球厅-4号,18:30-19:30,0,1,不开放/已过期,,阴,23,24,2,0.0,77,39
2026-05-21 20:00:49,2026-05-21,2,乒乓球厅-4号,18:30-19:30,0,1,不开放/已过期,,雾,22,23,2,0.0,89,39
2026-05-21 20:30:44,2026-05-21,2,乒乓球厅-4号,18:30-19:30,0,1,不开放/已过期,,雾,22,24,2,0.0,93,43
2026-05-21 21:00:56,2026-05-21,2,乒乓球厅-4号,18:30-19:30,0,1,不开放/已过期,,雾,20,21,2,0.0,98,43
2026-05-21 21:30:46,2026-05-21,2,乒乓球厅-4号,18:30-19:30,0,1,不开放/已过期,,雾,20,22,1,0.0,99,41
2026-05-21 22:01:02,2026-05-21,2,乒乓球厅-4号,18:30-19:30,0,1,不开放/已过期,,雾,19,20,2,0.0,93,41
2026-05-21 22:30:47,2026-05-21,2,乒乓球厅-4号,18:30-19:30,0,1,不开放/已过期,,雾,19,19,3,0.0,88,46
2026-05-21 23:00:56,2026-05-21,2,乒乓球厅-4号,18:30-19:30,0,1,不开放/已过期,,多云,18,17,3,0.0,85,46
2026-05-21 23:30:55,2026-05-21,2,乒乓球厅-4号,18:30-19:30,0,1,不开放/已过期,,多云,18,17,3,0.0,85,48
2026-05-21 00:30:49,2026-05-21,2,乒乓球厅-4号,19:30-20:30,0,1,可预约,￥5.0,多云,15,13,3,0.0,100,26
2026-05-21 01:00:55,2026-05-21,2,乒乓球厅-4号,19:30-20:30,0,1,可预约,￥5.0,多云,15,12,4,0.0,100,26
2026-05-21 01:30:47,2026-05-21,2,乒乓球厅-4号,19:30-20:30,0,1,可预约,￥5.0,多云,15,13,4,0.0,100,28
2026-05-21 02:00:53,2026-05-21,2,乒乓球厅-4号,19:30-20:30,0,1,可预约,￥5.0,多云,15,12,4,0.0,100,28
2026-05-21 02:30:49,2026-05-21,2,乒乓球厅-4号,19:30-20:30,0,1,可预约,￥5.0,多云,15,14,3,0.0,100,29
2026-05-21 03:00:55,2026-05-21,2,乒乓球厅-4号,19:30-20:30,0,1,可预约,￥5.0,多云,15,12,4,0.0,100,29
2026-05-21 03:30:49,2026-05-21,2,乒乓球厅-4号,19:30-20:30,0,1,可预约,￥5.0,多云,15,14,3,0.0,100,30
2026-05-21 04:30:45,2026-05-21,2,乒乓球厅-4号,19:30-20:30,0,1,可预约,￥5.0,多云,15,12,4,0.0,100,29
2026-05-21 05:00:52,2026-05-21,2,乒乓球厅-4号,19:30-20:30,0,1,可预约,￥5.0,多云,15,12,4,0.0,100,29
2026-05-21 05:30:49,2026-05-21,2,乒乓球厅-4号,19:30-20:30,0,1,可预约,￥5.0,多云,15,13,3,0.0,100,28
2026-05-21 06:00:50,2026-05-21,2,乒乓球厅-4号,19:30-20:30,0,1,可预约,￥5.0,多云,15,13,4,0.0,99,28
2026-05-21 06:30:38,2026-05-21,2,乒乓球厅-4号,19:30-20:30,0,1,可预约,￥5.0,多云,15,13,3,0.0,97,28
2026-05-21 07:00:43,2026-05-21,2,乒乓球厅-4号,19:30-20:30,0,1,可预约,￥5.0,晴,15,11,5,0.0,93,28
2026-05-21 07:30:39,2026-05-21,2,乒乓球厅-4号,19:30-20:30,0,1,可预约,￥5.0,晴,17,13,4,0.0,89,29
2026-05-21 07:50:40,2026-05-21,2,乒乓球厅-4号,19:30-20:30,0,1,可预约,￥5.0,晴,17,13,4,0.0,88,29
2026-05-21 07:53:31,2026-05-21,2,乒乓球厅-4号,19:30-20:30,0,1,可预约,￥5.0,晴,17,12,5,0.0,86,29
2026-05-21 07:56:31,2026-05-21,2,乒乓球厅-4号,19:30-20:30,0,1,可预约,￥5.0,晴,17,12,5,0.0,86,29
2026-05-21 07:59:26,2026-05-21,2,乒乓球厅-4号,19:30-20:30,0,1,可预约,￥5.0,晴,17,12,5,0.0,86,29
2026-05-21 08:00:45,2026-05-21,2,乒乓球厅-4号,19:30-20:30,0,1,可预约,￥5.0,晴,17,12,5,0.0,86,29
2026-05-21 08:02:30,2026-05-21,2,乒乓球厅-4号,19:30-20:30,0,1,可预约,￥5.0,多云,17,12,5,0.0,87,29
2026-05-21 08:05:36,2026-05-21,2,乒乓球厅-4号,19:30-20:30,0,1,可预约,￥5.0,多云,17,12,5,0.0,86,29
2026-05-21 08:08:31,2026-05-21,2,乒乓球厅-4号,19:30-20:30,0,1,可预约,￥5.0,多云,17,12,5,0.0,86,29
2026-05-21 08:11:30,2026-05-21,2,乒乓球厅-4号,19:30-20:30,0,1,可预约,￥5.0,多云,17,12,5,0.0,86,29
2026-05-21 08:14:31,2026-05-21,2,乒乓球厅-4号,19:30-20:30,0,1,可预约,￥5.0,多云,17,12,5,0.0,86,29
2026-05-21 08:17:30,2026-05-21,2,乒乓球厅-4号,19:30-20:30,0,1,可预约,￥5.0,多云,17,12,5,0.0,86,29
2026-05-21 08:20:35,2026-05-21,2,乒乓球厅-4号,19:30-20:30,0,1,可预约,￥5.0,多云,17,14,4,0.0,85,29
2026-05-21 08:25:32,2026-05-21,2,乒乓球厅-4号,19:30-20:30,0,1,可预约,￥5.0,多云,17,14,4,0.0,85,28
2026-05-21 08:30:42,2026-05-21,2,乒乓球厅-4号,19:30-20:30,0,1,可预约,￥5.0,多云,18,15,4,0.0,84,28
2026-05-21 08:35:31,2026-05-21,2,乒乓球厅-4号,19:30-20:30,0,1,可预约,￥5.0,多云,18,15,4,0.0,84,28
2026-05-21 08:40:38,2026-05-21,2,乒乓球厅-4号,19:30-20:30,0,1,可预约,￥5.0,多云,18,15,4,0.0,82,28
2026-05-21 08:45:33,2026-05-21,2,乒乓球厅-4号,19:30-20:30,0,1,可预约,￥5.0,多云,18,15,4,0.0,82,28
2026-05-21 08:50:36,2026-05-21,2,乒乓球厅-4号,19:30-20:30,0,1,可预约,￥5.0,多云,18,15,4,0.0,82,28
2026-05-21 08:55:34,2026-05-21,2,乒乓球厅-4号,19:30-20:30,0,1,可预约,￥5.0,多云,18,15,4,0.0,84,28
2026-05-21 09:00:51,2026-05-21,2,乒乓球厅-4号,19:30-20:30,0,1,可预约,￥5.0,多云,18,15,4,0.0,84,28
2026-05-21 09:01:59,2026-05-21,2,乒乓球厅-4号,19:30-20:30,0,1,可预约,￥5.0,多云,18,15,4,0.0,83,28
2026-05-21 09:05:33,2026-05-21,2,乒乓球厅-4号,19:30-20:30,0,1,可预约,￥5.0,多云,18,15,4,0.0,83,28
2026-05-21 09:20:38,2026-05-21,2,乒乓球厅-4号,19:30-20:30,0,1,可预约,￥5.0,多云,18,16,3,0.0,81,28
2026-05-21 09:30:46,2026-05-21,2,乒乓球厅-4号,19:30-20:30,0,1,可预约,￥5.0,多云,18,16,3,0.0,81,32
2026-05-21 09:40:36,2026-05-21,2,乒乓球厅-4号,19:30-20:30,0,1,可预约,￥5.0,多云,19,17,3,0.0,79,32
2026-05-21 09:50:42,2026-05-21,2,乒乓球厅-4号,19:30-20:30,0,1,可预约,￥5.0,多云,19,17,4,0.0,81,32
2026-05-21 10:00:46,2026-05-21,2,乒乓球厅-4号,19:30-20:30,0,1,可预约,￥5.0,多云,19,17,4,0.0,79,32
2026-05-21 10:10:40,2026-05-21,2,乒乓球厅-4号,19:30-20:30,0,1,可预约,￥5.0,多云,19,17,4,0.0,79,32
2026-05-21 10:20:38,2026-05-21,2,乒乓球厅-4号,19:30-20:30,0,1,可预约,￥5.0,多云,19,17,4,0.0,79,32
2026-05-21 10:30:41,2026-05-21,2,乒乓球厅-4号,19:30-20:30,0,1,可预约,￥5.0,多云,19,18,3,0.0,78,31
2026-05-21 11:00:44,2026-05-21,2,乒乓球厅-4号,19:30-20:30,0,1,可预约,￥5.0,多云,21,17,5,0.0,74,31
2026-05-21 11:30:38,2026-05-21,2,乒乓球厅-4号,19:30-20:30,0,1,可预约,￥5.0,多云,21,19,3,0.0,72,33
2026-05-21 12:00:46,2026-05-21,2,乒乓球厅-4号,19:30-20:30,0,1,可预约,￥5.0,多云,22,19,4,0.0,70,33
2026-05-21 12:30:42,2026-05-21,2,乒乓球厅-4号,19:30-20:30,0,1,可预约,￥5.0,多云,22,21,3,0.0,68,35
2026-05-21 13:00:43,2026-05-21,2,乒乓球厅-4号,19:30-20:30,0,1,可预约,￥5.0,多云,24,22,4,0.0,66,35
2026-05-21 13:30:43,2026-05-21,2,乒乓球厅-4号,19:30-20:30,0,1,可预约,￥5.0,多云,24,22,4,0.0,66,36
2026-05-21 14:00:48,2026-05-21,2,乒乓球厅-4号,19:30-20:30,0,1,可预约,￥5.0,多云,25,23,4,0.0,66,36
2026-05-21 14:30:45,2026-05-21,2,乒乓球厅-4号,19:30-20:30,0,1,可预约,￥5.0,晴,25,25,3,0.0,65,39
2026-05-21 15:00:45,2026-05-21,2,乒乓球厅-4号,19:30-20:30,0,1,可预约,￥5.0,晴,25,22,4,0.0,56,39
2026-05-21 15:30:43,2026-05-21,2,乒乓球厅-4号,19:30-20:30,0,1,可预约,￥5.0,晴,25,23,4,0.0,57,40
2026-05-21 16:00:51,2026-05-21,2,乒乓球厅-4号,19:30-20:30,0,1,可预约,￥5.0,晴,25,23,4,0.0,57,40
2026-05-21 16:30:48,2026-05-21,2,乒乓球厅-4号,19:30-20:30,0,1,可预约,￥5.0,晴,25,24,3,0.0,60,39
2026-05-21 17:00:49,2026-05-21,2,乒乓球厅-4号,19:30-20:30,0,1,可预约,￥5.0,晴,25,24,4,0.0,61,39
2026-05-21 17:30:47,2026-05-21,2,乒乓球厅-4号,19:30-20:30,0,1,可预约,￥5.0,多云,24,23,3,0.0,64,39
2026-05-21 18:00:50,2026-05-21,2,乒乓球厅-4号,19:30-20:30,0,1,可预约,￥5.0,多云,24,23,3,0.0,68,39
2026-05-21 18:30:50,2026-05-21,2,乒乓球厅-4号,19:30-20:30,0,1,可预约,￥5.0,阴,24,25,2,0.0,68,40
2026-05-21 19:00:50,2026-05-21,2,乒乓球厅-4号,19:30-20:30,0,1,可预约,￥5.0,阴,23,23,3,0.0,76,40
2026-05-21 19:30:46,2026-05-21,2,乒乓球厅-4号,19:30-20:30,0,1,可预约,￥5.0,阴,23,24,2,0.0,77,39
2026-05-21 20:00:49,2026-05-21,2,乒乓球厅-4号,19:30-20:30,0,1,可预约,￥5.0,雾,22,23,2,0.0,89,39
2026-05-21 20:30:44,2026-05-21,2,乒乓球厅-4号,19:30-20:30,0,1,不开放/已过期,,雾,22,24,2,0.0,93,43
2026-05-21 21:00:56,2026-05-21,2,乒乓球厅-4号,19:30-20:30,0,1,不开放/已过期,,雾,20,21,2,0.0,98,43
2026-05-21 21:30:46,2026-05-21,2,乒乓球厅-4号,19:30-20:30,0,1,不开放/已过期,,雾,20,22,1,0.0,99,41
2026-05-21 22:01:02,2026-05-21,2,乒乓球厅-4号,19:30-20:30,0,1,不开放/已过期,,雾,19,20,2,0.0,93,41
2026-05-21 22:30:47,2026-05-21,2,乒乓球厅-4号,19:30-20:30,0,1,不开放/已过期,,雾,19,19,3,0.0,88,46
2026-05-21 23:00:56,2026-05-21,2,乒乓球厅-4号,19:30-20:30,0,1,不开放/已过期,,多云,18,17,3,0.0,85,46
2026-05-21 23:30:55,2026-05-21,2,乒乓球厅-4号,19:30-20:30,0,1,不开放/已过期,,多云,18,17,3,0.0,85,48
2026-05-21 00:30:49,2026-05-21,2,乒乓球厅-4号,20:30-21:30,0,1,可预约,￥5.0,多云,15,13,3,0.0,100,26
2026-05-21 01:00:55,2026-05-21,2,乒乓球厅-4号,20:30-21:30,0,1,可预约,￥5.0,多云,15,12,4,0.0,100,26
2026-05-21 01:30:47,2026-05-21,2,乒乓球厅-4号,20:30-21:30,0,1,可预约,￥5.0,多云,15,13,4,0.0,100,28
2026-05-21 02:00:53,2026-05-21,2,乒乓球厅-4号,20:30-21:30,0,1,可预约,￥5.0,多云,15,12,4,0.0,100,28
2026-05-21 02:30:49,2026-05-21,2,乒乓球厅-4号,20:30-21:30,0,1,可预约,￥5.0,多云,15,14,3,0.0,100,29
2026-05-21 03:00:55,2026-05-21,2,乒乓球厅-4号,20:30-21:30,0,1,可预约,￥5.0,多云,15,12,4,0.0,100,29
2026-05-21 03:30:49,2026-05-21,2,乒乓球厅-4号,20:30-21:30,0,1,可预约,￥5.0,多云,15,14,3,0.0,100,30
2026-05-21 04:30:45,2026-05-21,2,乒乓球厅-4号,20:30-21:30,0,1,可预约,￥5.0,多云,15,12,4,0.0,100,29
2026-05-21 05:00:52,2026-05-21,2,乒乓球厅-4号,20:30-21:30,0,1,可预约,￥5.0,多云,15,12,4,0.0,100,29
2026-05-21 05:30:49,2026-05-21,2,乒乓球厅-4号,20:30-21:30,0,1,可预约,￥5.0,多云,15,13,3,0.0,100,28
2026-05-21 06:00:50,2026-05-21,2,乒乓球厅-4号,20:30-21:30,0,1,可预约,￥5.0,多云,15,13,4,0.0,99,28
2026-05-21 06:30:38,2026-05-21,2,乒乓球厅-4号,20:30-21:30,0,1,可预约,￥5.0,多云,15,13,3,0.0,97,28
2026-05-21 07:00:43,2026-05-21,2,乒乓球厅-4号,20:30-21:30,0,1,可预约,￥5.0,晴,15,11,5,0.0,93,28
2026-05-21 07:30:39,2026-05-21,2,乒乓球厅-4号,20:30-21:30,0,1,可预约,￥5.0,晴,17,13,4,0.0,89,29
2026-05-21 07:50:40,2026-05-21,2,乒乓球厅-4号,20:30-21:30,0,1,可预约,￥5.0,晴,17,13,4,0.0,88,29
2026-05-21 07:53:31,2026-05-21,2,乒乓球厅-4号,20:30-21:30,0,1,可预约,￥5.0,晴,17,12,5,0.0,86,29
2026-05-21 07:56:31,2026-05-21,2,乒乓球厅-4号,20:30-21:30,0,1,可预约,￥5.0,晴,17,12,5,0.0,86,29
2026-05-21 07:59:26,2026-05-21,2,乒乓球厅-4号,20:30-21:30,0,1,可预约,￥5.0,晴,17,12,5,0.0,86,29
2026-05-21 08:00:45,2026-05-21,2,乒乓球厅-4号,20:30-21:30,0,1,可预约,￥5.0,晴,17,12,5,0.0,86,29
2026-05-21 08:02:30,2026-05-21,2,乒乓球厅-4号,20:30-21:30,0,1,可预约,￥5.0,多云,17,12,5,0.0,87,29
2026-05-21 08:05:36,2026-05-21,2,乒乓球厅-4号,20:30-21:30,0,1,可预约,￥5.0,多云,17,12,5,0.0,86,29
2026-05-21 08:08:31,2026-05-21,2,乒乓球厅-4号,20:30-21:30,0,1,可预约,￥5.0,多云,17,12,5,0.0,86,29
2026-05-21 08:11:30,2026-05-21,2,乒乓球厅-4号,20:30-21:30,0,1,可预约,￥5.0,多云,17,12,5,0.0,86,29
2026-05-21 08:14:31,2026-05-21,2,乒乓球厅-4号,20:30-21:30,0,1,可预约,￥5.0,多云,17,12,5,0.0,86,29
2026-05-21 08:17:30,2026-05-21,2,乒乓球厅-4号,20:30-21:30,0,1,可预约,￥5.0,多云,17,12,5,0.0,86,29
2026-05-21 08:20:35,2026-05-21,2,乒乓球厅-4号,20:30-21:30,0,1,可预约,￥5.0,多云,17,14,4,0.0,85,29
2026-05-21 08:25:32,2026-05-21,2,乒乓球厅-4号,20:30-21:30,0,1,可预约,￥5.0,多云,17,14,4,0.0,85,28
2026-05-21 08:30:42,2026-05-21,2,乒乓球厅-4号,20:30-21:30,0,1,可预约,￥5.0,多云,18,15,4,0.0,84,28
2026-05-21 08:35:31,2026-05-21,2,乒乓球厅-4号,20:30-21:30,0,1,可预约,￥5.0,多云,18,15,4,0.0,84,28
2026-05-21 08:40:38,2026-05-21,2,乒乓球厅-4号,20:30-21:30,0,1,可预约,￥5.0,多云,18,15,4,0.0,82,28
2026-05-21 08:45:33,2026-05-21,2,乒乓球厅-4号,20:30-21:30,0,1,可预约,￥5.0,多云,18,15,4,0.0,82,28
2026-05-21 08:50:36,2026-05-21,2,乒乓球厅-4号,20:30-21:30,0,1,可预约,￥5.0,多云,18,15,4,0.0,82,28
2026-05-21 08:55:34,2026-05-21,2,乒乓球厅-4号,20:30-21:30,0,1,可预约,￥5.0,多云,18,15,4,0.0,84,28
2026-05-21 09:00:51,2026-05-21,2,乒乓球厅-4号,20:30-21:30,0,1,可预约,￥5.0,多云,18,15,4,0.0,84,28
2026-05-21 09:01:59,2026-05-21,2,乒乓球厅-4号,20:30-21:30,0,1,可预约,￥5.0,多云,18,15,4,0.0,83,28
2026-05-21 09:05:33,2026-05-21,2,乒乓球厅-4号,20:30-21:30,0,1,可预约,￥5.0,多云,18,15,4,0.0,83,28
2026-05-21 09:20:38,2026-05-21,2,乒乓球厅-4号,20:30-21:30,0,1,可预约,￥5.0,多云,18,16,3,0.0,81,28
2026-05-21 09:30:46,2026-05-21,2,乒乓球厅-4号,20:30-21:30,0,1,可预约,￥5.0,多云,18,16,3,0.0,81,32
2026-05-21 09:40:36,2026-05-21,2,乒乓球厅-4号,20:30-21:30,0,1,可预约,￥5.0,多云,19,17,3,0.0,79,32
2026-05-21 09:50:42,2026-05-21,2,乒乓球厅-4号,20:30-21:30,0,1,可预约,￥5.0,多云,19,17,4,0.0,81,32
2026-05-21 10:00:46,2026-05-21,2,乒乓球厅-4号,20:30-21:30,0,1,可预约,￥5.0,多云,19,17,4,0.0,79,32
2026-05-21 10:10:40,2026-05-21,2,乒乓球厅-4号,20:30-21:30,0,1,可预约,￥5.0,多云,19,17,4,0.0,79,32
2026-05-21 10:20:38,2026-05-21,2,乒乓球厅-4号,20:30-21:30,0,1,可预约,￥5.0,多云,19,17,4,0.0,79,32
2026-05-21 10:30:41,2026-05-21,2,乒乓球厅-4号,20:30-21:30,0,1,可预约,￥5.0,多云,19,18,3,0.0,78,31
2026-05-21 11:00:44,2026-05-21,2,乒乓球厅-4号,20:30-21:30,0,1,可预约,￥5.0,多云,21,17,5,0.0,74,31
2026-05-21 11:30:38,2026-05-21,2,乒乓球厅-4号,20:30-21:30,0,1,可预约,￥5.0,多云,21,19,3,0.0,72,33
2026-05-21 12:00:46,2026-05-21,2,乒乓球厅-4号,20:30-21:30,0,1,可预约,￥5.0,多云,22,19,4,0.0,70,33
2026-05-21 12:30:42,2026-05-21,2,乒乓球厅-4号,20:30-21:30,0,1,可预约,￥5.0,多云,22,21,3,0.0,68,35
2026-05-21 13:00:43,2026-05-21,2,乒乓球厅-4号,20:30-21:30,0,1,可预约,￥5.0,多云,24,22,4,0.0,66,35
2026-05-21 13:30:43,2026-05-21,2,乒乓球厅-4号,20:30-21:30,0,1,可预约,￥5.0,多云,24,22,4,0.0,66,36
2026-05-21 14:00:48,2026-05-21,2,乒乓球厅-4号,20:30-21:30,0,1,可预约,￥5.0,多云,25,23,4,0.0,66,36
2026-05-21 14:30:45,2026-05-21,2,乒乓球厅-4号,20:30-21:30,0,1,可预约,￥5.0,晴,25,25,3,0.0,65,39
2026-05-21 15:00:45,2026-05-21,2,乒乓球厅-4号,20:30-21:30,0,1,可预约,￥5.0,晴,25,22,4,0.0,56,39
2026-05-21 15:30:43,2026-05-21,2,乒乓球厅-4号,20:30-21:30,0,1,可预约,￥5.0,晴,25,23,4,0.0,57,40
2026-05-21 16:00:51,2026-05-21,2,乒乓球厅-4号,20:30-21:30,0,1,可预约,￥5.0,晴,25,23,4,0.0,57,40
2026-05-21 16:30:48,2026-05-21,2,乒乓球厅-4号,20:30-21:30,0,1,可预约,￥5.0,晴,25,24,3,0.0,60,39
2026-05-21 17:00:49,2026-05-21,2,乒乓球厅-4号,20:30-21:30,0,1,可预约,￥5.0,晴,25,24,4,0.0,61,39
2026-05-21 17:30:47,2026-05-21,2,乒乓球厅-4号,20:30-21:30,0,1,可预约,￥5.0,多云,24,23,3,0.0,64,39
2026-05-21 18:00:50,2026-05-21,2,乒乓球厅-4号,20:30-21:30,0,1,可预约,￥5.0,多云,24,23,3,0.0,68,39
2026-05-21 18:30:50,2026-05-21,2,乒乓球厅-4号,20:30-21:30,0,1,可预约,￥5.0,阴,24,25,2,0.0,68,40
2026-05-21 19:00:50,2026-05-21,2,乒乓球厅-4号,20:30-21:30,0,1,可预约,￥5.0,阴,23,23,3,0.0,76,40
2026-05-21 19:30:46,2026-05-21,2,乒乓球厅-4号,20:30-21:30,0,1,可预约,￥5.0,阴,23,24,2,0.0,77,39
2026-05-21 20:00:49,2026-05-21,2,乒乓球厅-4号,20:30-21:30,0,1,可预约,￥5.0,雾,22,23,2,0.0,89,39
2026-05-21 20:30:44,2026-05-21,2,乒乓球厅-4号,20:30-21:30,0,1,可预约,￥5.0,雾,22,24,2,0.0,93,43
2026-05-21 21:00:56,2026-05-21,2,乒乓球厅-4号,20:30-21:30,0,1,可预约,￥5.0,雾,20,21,2,0.0,98,43
2026-05-21 21:30:46,2026-05-21,2,乒乓球厅-4号,20:30-21:30,0,1,不开放/已过期,,雾,20,22,1,0.0,99,41
2026-05-21 22:01:02,2026-05-21,2,乒乓球厅-4号,20:30-21:30,0,1,不开放/已过期,,雾,19,20,2,0.0,93,41
2026-05-21 22:30:47,2026-05-21,2,乒乓球厅-4号,20:30-21:30,0,1,不开放/已过期,,雾,19,19,3,0.0,88,46
2026-05-21 23:00:56,2026-05-21,2,乒乓球厅-4号,20:30-21:30,0,1,不开放/已过期,,多云,18,17,3,0.0,85,46
2026-05-21 23:30:55,2026-05-21,2,乒乓球厅-4号,20:30-21:30,0,1,不开放/已过期,,多云,18,17,3,0.0,85,48
2026-05-21 00:30:49,2026-05-21,2,乒乓球厅-5号,07:00-08:00,0,1,可预约,￥0.0,多云,15,13,3,0.0,100,26
2026-05-21 01:00:55,2026-05-21,2,乒乓球厅-5号,07:00-08:00,0,1,可预约,￥0.0,多云,15,12,4,0.0,100,26
2026-05-21 01:30:47,2026-05-21,2,乒乓球厅-5号,07:00-08:00,0,1,可预约,￥0.0,多云,15,13,4,0.0,100,28
2026-05-21 02:00:53,2026-05-21,2,乒乓球厅-5号,07:00-08:00,0,1,可预约,￥0.0,多云,15,12,4,0.0,100,28
2026-05-21 02:30:49,2026-05-21,2,乒乓球厅-5号,07:00-08:00,0,1,可预约,￥0.0,多云,15,14,3,0.0,100,29
2026-05-21 03:00:55,2026-05-21,2,乒乓球厅-5号,07:00-08:00,0,1,可预约,￥0.0,多云,15,12,4,0.0,100,29
2026-05-21 03:30:49,2026-05-21,2,乒乓球厅-5号,07:00-08:00,0,1,可预约,￥0.0,多云,15,14,3,0.0,100,30
2026-05-21 04:30:45,2026-05-21,2,乒乓球厅-5号,07:00-08:00,0,1,可预约,￥0.0,多云,15,12,4,0.0,100,29
2026-05-21 05:00:52,2026-05-21,2,乒乓球厅-5号,07:00-08:00,0,1,可预约,￥0.0,多云,15,12,4,0.0,100,29
2026-05-21 05:30:49,2026-05-21,2,乒乓球厅-5号,07:00-08:00,0,1,可预约,￥0.0,多云,15,13,3,0.0,100,28
2026-05-21 06:00:50,2026-05-21,2,乒乓球厅-5号,07:00-08:00,0,1,可预约,￥0.0,多云,15,13,4,0.0,99,28
2026-05-21 06:30:38,2026-05-21,2,乒乓球厅-5号,07:00-08:00,0,1,可预约,￥0.0,多云,15,13,3,0.0,97,28
2026-05-21 07:00:43,2026-05-21,2,乒乓球厅-5号,07:00-08:00,0,1,可预约,￥0.0,晴,15,11,5,0.0,93,28
2026-05-21 07:30:39,2026-05-21,2,乒乓球厅-5号,07:00-08:00,0,1,可预约,￥0.0,晴,17,13,4,0.0,89,29
2026-05-21 07:50:40,2026-05-21,2,乒乓球厅-5号,07:00-08:00,0,1,可预约,￥0.0,晴,17,13,4,0.0,88,29
2026-05-21 07:53:31,2026-05-21,2,乒乓球厅-5号,07:00-08:00,0,1,可预约,￥0.0,晴,17,12,5,0.0,86,29
2026-05-21 07:56:31,2026-05-21,2,乒乓球厅-5号,07:00-08:00,0,1,可预约,￥0.0,晴,17,12,5,0.0,86,29
2026-05-21 07:59:26,2026-05-21,2,乒乓球厅-5号,07:00-08:00,0,1,可预约,￥0.0,晴,17,12,5,0.0,86,29
2026-05-21 08:00:45,2026-05-21,2,乒乓球厅-5号,07:00-08:00,0,1,不开放/已过期,,晴,17,12,5,0.0,86,29
2026-05-21 08:02:30,2026-05-21,2,乒乓球厅-5号,07:00-08:00,0,1,不开放/已过期,,多云,17,12,5,0.0,87,29
2026-05-21 08:05:36,2026-05-21,2,乒乓球厅-5号,07:00-08:00,0,1,不开放/已过期,,多云,17,12,5,0.0,86,29
2026-05-21 08:08:31,2026-05-21,2,乒乓球厅-5号,07:00-08:00,0,1,不开放/已过期,,多云,17,12,5,0.0,86,29
2026-05-21 08:11:30,2026-05-21,2,乒乓球厅-5号,07:00-08:00,0,1,不开放/已过期,,多云,17,12,5,0.0,86,29
2026-05-21 08:14:31,2026-05-21,2,乒乓球厅-5号,07:00-08:00,0,1,不开放/已过期,,多云,17,12,5,0.0,86,29
2026-05-21 08:17:30,2026-05-21,2,乒乓球厅-5号,07:00-08:00,0,1,不开放/已过期,,多云,17,12,5,0.0,86,29
2026-05-21 08:20:35,2026-05-21,2,乒乓球厅-5号,07:00-08:00,0,1,不开放/已过期,,多云,17,14,4,0.0,85,29
2026-05-21 08:25:32,2026-05-21,2,乒乓球厅-5号,07:00-08:00,0,1,不开放/已过期,,多云,17,14,4,0.0,85,28
2026-05-21 08:30:42,2026-05-21,2,乒乓球厅-5号,07:00-08:00,0,1,不开放/已过期,,多云,18,15,4,0.0,84,28
2026-05-21 08:35:31,2026-05-21,2,乒乓球厅-5号,07:00-08:00,0,1,不开放/已过期,,多云,18,15,4,0.0,84,28
2026-05-21 08:40:38,2026-05-21,2,乒乓球厅-5号,07:00-08:00,0,1,不开放/已过期,,多云,18,15,4,0.0,82,28
2026-05-21 08:45:33,2026-05-21,2,乒乓球厅-5号,07:00-08:00,0,1,不开放/已过期,,多云,18,15,4,0.0,82,28
2026-05-21 08:50:36,2026-05-21,2,乒乓球厅-5号,07:00-08:00,0,1,不开放/已过期,,多云,18,15,4,0.0,82,28
2026-05-21 08:55:34,2026-05-21,2,乒乓球厅-5号,07:00-08:00,0,1,不开放/已过期,,多云,18,15,4,0.0,84,28
2026-05-21 09:00:51,2026-05-21,2,乒乓球厅-5号,07:00-08:00,0,1,不开放/已过期,,多云,18,15,4,0.0,84,28
2026-05-21 09:01:59,2026-05-21,2,乒乓球厅-5号,07:00-08:00,0,1,不开放/已过期,,多云,18,15,4,0.0,83,28
2026-05-21 09:05:33,2026-05-21,2,乒乓球厅-5号,07:00-08:00,0,1,不开放/已过期,,多云,18,15,4,0.0,83,28
2026-05-21 09:20:38,2026-05-21,2,乒乓球厅-5号,07:00-08:00,0,1,不开放/已过期,,多云,18,16,3,0.0,81,28
2026-05-21 09:30:46,2026-05-21,2,乒乓球厅-5号,07:00-08:00,0,1,不开放/已过期,,多云,18,16,3,0.0,81,32
2026-05-21 09:40:36,2026-05-21,2,乒乓球厅-5号,07:00-08:00,0,1,不开放/已过期,,多云,19,17,3,0.0,79,32
2026-05-21 09:50:42,2026-05-21,2,乒乓球厅-5号,07:00-08:00,0,1,不开放/已过期,,多云,19,17,4,0.0,81,32
2026-05-21 10:00:46,2026-05-21,2,乒乓球厅-5号,07:00-08:00,0,1,不开放/已过期,,多云,19,17,4,0.0,79,32
2026-05-21 10:10:40,2026-05-21,2,乒乓球厅-5号,07:00-08:00,0,1,不开放/已过期,,多云,19,17,4,0.0,79,32
2026-05-21 10:20:38,2026-05-21,2,乒乓球厅-5号,07:00-08:00,0,1,不开放/已过期,,多云,19,17,4,0.0,79,32
2026-05-21 10:30:41,2026-05-21,2,乒乓球厅-5号,07:00-08:00,0,1,不开放/已过期,,多云,19,18,3,0.0,78,31
2026-05-21 11:00:44,2026-05-21,2,乒乓球厅-5号,07:00-08:00,0,1,不开放/已过期,,多云,21,17,5,0.0,74,31
2026-05-21 11:30:38,2026-05-21,2,乒乓球厅-5号,07:00-08:00,0,1,不开放/已过期,,多云,21,19,3,0.0,72,33
2026-05-21 12:00:46,2026-05-21,2,乒乓球厅-5号,07:00-08:00,0,1,不开放/已过期,,多云,22,19,4,0.0,70,33
2026-05-21 12:30:42,2026-05-21,2,乒乓球厅-5号,07:00-08:00,0,1,不开放/已过期,,多云,22,21,3,0.0,68,35
2026-05-21 13:00:43,2026-05-21,2,乒乓球厅-5号,07:00-08:00,0,1,不开放/已过期,,多云,24,22,4,0.0,66,35
2026-05-21 13:30:43,2026-05-21,2,乒乓球厅-5号,07:00-08:00,0,1,不开放/已过期,,多云,24,22,4,0.0,66,36
2026-05-21 14:00:48,2026-05-21,2,乒乓球厅-5号,07:00-08:00,0,1,不开放/已过期,,多云,25,23,4,0.0,66,36
2026-05-21 14:30:45,2026-05-21,2,乒乓球厅-5号,07:00-08:00,0,1,不开放/已过期,,晴,25,25,3,0.0,65,39
2026-05-21 15:00:45,2026-05-21,2,乒乓球厅-5号,07:00-08:00,0,1,不开放/已过期,,晴,25,22,4,0.0,56,39
2026-05-21 15:30:43,2026-05-21,2,乒乓球厅-5号,07:00-08:00,0,1,不开放/已过期,,晴,25,23,4,0.0,57,40
2026-05-21 16:00:51,2026-05-21,2,乒乓球厅-5号,07:00-08:00,0,1,不开放/已过期,,晴,25,23,4,0.0,57,40
2026-05-21 16:30:48,2026-05-21,2,乒乓球厅-5号,07:00-08:00,0,1,不开放/已过期,,晴,25,24,3,0.0,60,39
2026-05-21 17:00:49,2026-05-21,2,乒乓球厅-5号,07:00-08:00,0,1,不开放/已过期,,晴,25,24,4,0.0,61,39
2026-05-21 17:30:47,2026-05-21,2,乒乓球厅-5号,07:00-08:00,0,1,不开放/已过期,,多云,24,23,3,0.0,64,39
2026-05-21 18:00:50,2026-05-21,2,乒乓球厅-5号,07:00-08:00,0,1,不开放/已过期,,多云,24,23,3,0.0,68,39
2026-05-21 18:30:50,2026-05-21,2,乒乓球厅-5号,07:00-08:00,0,1,不开放/已过期,,阴,24,25,2,0.0,68,40
2026-05-21 19:00:50,2026-05-21,2,乒乓球厅-5号,07:00-08:00,0,1,不开放/已过期,,阴,23,23,3,0.0,76,40
2026-05-21 19:30:46,2026-05-21,2,乒乓球厅-5号,07:00-08:00,0,1,不开放/已过期,,阴,23,24,2,0.0,77,39
2026-05-21 20:00:49,2026-05-21,2,乒乓球厅-5号,07:00-08:00,0,1,不开放/已过期,,雾,22,23,2,0.0,89,39
2026-05-21 20:30:44,2026-05-21,2,乒乓球厅-5号,07:00-08:00,0,1,不开放/已过期,,雾,22,24,2,0.0,93,43
2026-05-21 21:00:56,2026-05-21,2,乒乓球厅-5号,07:00-08:00,0,1,不开放/已过期,,雾,20,21,2,0.0,98,43
2026-05-21 21:30:46,2026-05-21,2,乒乓球厅-5号,07:00-08:00,0,1,不开放/已过期,,雾,20,22,1,0.0,99,41
2026-05-21 22:01:02,2026-05-21,2,乒乓球厅-5号,07:00-08:00,0,1,不开放/已过期,,雾,19,20,2,0.0,93,41
2026-05-21 22:30:47,2026-05-21,2,乒乓球厅-5号,07:00-08:00,0,1,不开放/已过期,,雾,19,19,3,0.0,88,46
2026-05-21 23:00:56,2026-05-21,2,乒乓球厅-5号,07:00-08:00,0,1,不开放/已过期,,多云,18,17,3,0.0,85,46
2026-05-21 23:30:55,2026-05-21,2,乒乓球厅-5号,07:00-08:00,0,1,不开放/已过期,,多云,18,17,3,0.0,85,48
2026-05-21 00:30:49,2026-05-21,2,乒乓球厅-5号,08:00-09:00,0,1,可预约,￥0.0,多云,15,13,3,0.0,100,26
2026-05-21 01:00:55,2026-05-21,2,乒乓球厅-5号,08:00-09:00,0,1,可预约,￥0.0,多云,15,12,4,0.0,100,26
2026-05-21 01:30:47,2026-05-21,2,乒乓球厅-5号,08:00-09:00,0,1,可预约,￥0.0,多云,15,13,4,0.0,100,28
2026-05-21 02:00:53,2026-05-21,2,乒乓球厅-5号,08:00-09:00,0,1,可预约,￥0.0,多云,15,12,4,0.0,100,28
2026-05-21 02:30:49,2026-05-21,2,乒乓球厅-5号,08:00-09:00,0,1,可预约,￥0.0,多云,15,14,3,0.0,100,29
2026-05-21 03:00:55,2026-05-21,2,乒乓球厅-5号,08:00-09:00,0,1,可预约,￥0.0,多云,15,12,4,0.0,100,29
2026-05-21 03:30:49,2026-05-21,2,乒乓球厅-5号,08:00-09:00,0,1,可预约,￥0.0,多云,15,14,3,0.0,100,30
2026-05-21 04:30:45,2026-05-21,2,乒乓球厅-5号,08:00-09:00,0,1,可预约,￥0.0,多云,15,12,4,0.0,100,29
2026-05-21 05:00:52,2026-05-21,2,乒乓球厅-5号,08:00-09:00,0,1,可预约,￥0.0,多云,15,12,4,0.0,100,29
2026-05-21 05:30:49,2026-05-21,2,乒乓球厅-5号,08:00-09:00,0,1,可预约,￥0.0,多云,15,13,3,0.0,100,28
2026-05-21 06:00:50,2026-05-21,2,乒乓球厅-5号,08:00-09:00,0,1,可预约,￥0.0,多云,15,13,4,0.0,99,28
2026-05-21 06:30:38,2026-05-21,2,乒乓球厅-5号,08:00-09:00,0,1,可预约,￥0.0,多云,15,13,3,0.0,97,28
2026-05-21 07:00:43,2026-05-21,2,乒乓球厅-5号,08:00-09:00,0,1,可预约,￥0.0,晴,15,11,5,0.0,93,28
2026-05-21 07:30:39,2026-05-21,2,乒乓球厅-5号,08:00-09:00,0,1,可预约,￥0.0,晴,17,13,4,0.0,89,29
2026-05-21 07:50:40,2026-05-21,2,乒乓球厅-5号,08:00-09:00,0,1,可预约,￥0.0,晴,17,13,4,0.0,88,29
2026-05-21 07:53:31,2026-05-21,2,乒乓球厅-5号,08:00-09:00,0,1,可预约,￥0.0,晴,17,12,5,0.0,86,29
2026-05-21 07:56:31,2026-05-21,2,乒乓球厅-5号,08:00-09:00,0,1,可预约,￥0.0,晴,17,12,5,0.0,86,29
2026-05-21 07:59:26,2026-05-21,2,乒乓球厅-5号,08:00-09:00,0,1,可预约,￥0.0,晴,17,12,5,0.0,86,29
2026-05-21 08:00:45,2026-05-21,2,乒乓球厅-5号,08:00-09:00,0,1,可预约,￥0.0,晴,17,12,5,0.0,86,29
2026-05-21 08:02:30,2026-05-21,2,乒乓球厅-5号,08:00-09:00,0,1,可预约,￥0.0,多云,17,12,5,0.0,87,29
2026-05-21 08:05:36,2026-05-21,2,乒乓球厅-5号,08:00-09:00,0,1,可预约,￥0.0,多云,17,12,5,0.0,86,29
2026-05-21 08:08:31,2026-05-21,2,乒乓球厅-5号,08:00-09:00,0,1,可预约,￥0.0,多云,17,12,5,0.0,86,29
2026-05-21 08:11:30,2026-05-21,2,乒乓球厅-5号,08:00-09:00,0,1,可预约,￥0.0,多云,17,12,5,0.0,86,29
2026-05-21 08:14:31,2026-05-21,2,乒乓球厅-5号,08:00-09:00,0,1,可预约,￥0.0,多云,17,12,5,0.0,86,29
2026-05-21 08:17:30,2026-05-21,2,乒乓球厅-5号,08:00-09:00,0,1,可预约,￥0.0,多云,17,12,5,0.0,86,29
2026-05-21 08:20:35,2026-05-21,2,乒乓球厅-5号,08:00-09:00,0,1,可预约,￥0.0,多云,17,14,4,0.0,85,29
2026-05-21 08:25:32,2026-05-21,2,乒乓球厅-5号,08:00-09:00,0,1,可预约,￥0.0,多云,17,14,4,0.0,85,28
2026-05-21 08:30:42,2026-05-21,2,乒乓球厅-5号,08:00-09:00,0,1,可预约,￥0.0,多云,18,15,4,0.0,84,28
2026-05-21 08:35:31,2026-05-21,2,乒乓球厅-5号,08:00-09:00,0,1,可预约,￥0.0,多云,18,15,4,0.0,84,28
2026-05-21 08:40:38,2026-05-21,2,乒乓球厅-5号,08:00-09:00,0,1,可预约,￥0.0,多云,18,15,4,0.0,82,28
2026-05-21 08:45:33,2026-05-21,2,乒乓球厅-5号,08:00-09:00,0,1,可预约,￥0.0,多云,18,15,4,0.0,82,28
2026-05-21 08:50:36,2026-05-21,2,乒乓球厅-5号,08:00-09:00,0,1,可预约,￥0.0,多云,18,15,4,0.0,82,28
2026-05-21 08:55:34,2026-05-21,2,乒乓球厅-5号,08:00-09:00,0,1,可预约,￥0.0,多云,18,15,4,0.0,84,28
2026-05-21 09:00:51,2026-05-21,2,乒乓球厅-5号,08:00-09:00,0,1,不开放/已过期,,多云,18,15,4,0.0,84,28
2026-05-21 09:01:59,2026-05-21,2,乒乓球厅-5号,08:00-09:00,0,1,不开放/已过期,,多云,18,15,4,0.0,83,28
2026-05-21 09:05:33,2026-05-21,2,乒乓球厅-5号,08:00-09:00,0,1,不开放/已过期,,多云,18,15,4,0.0,83,28
2026-05-21 09:20:38,2026-05-21,2,乒乓球厅-5号,08:00-09:00,0,1,不开放/已过期,,多云,18,16,3,0.0,81,28
2026-05-21 09:30:46,2026-05-21,2,乒乓球厅-5号,08:00-09:00,0,1,不开放/已过期,,多云,18,16,3,0.0,81,32
2026-05-21 09:40:36,2026-05-21,2,乒乓球厅-5号,08:00-09:00,0,1,不开放/已过期,,多云,19,17,3,0.0,79,32
2026-05-21 09:50:42,2026-05-21,2,乒乓球厅-5号,08:00-09:00,0,1,不开放/已过期,,多云,19,17,4,0.0,81,32
2026-05-21 10:00:46,2026-05-21,2,乒乓球厅-5号,08:00-09:00,0,1,不开放/已过期,,多云,19,17,4,0.0,79,32
2026-05-21 10:10:40,2026-05-21,2,乒乓球厅-5号,08:00-09:00,0,1,不开放/已过期,,多云,19,17,4,0.0,79,32
2026-05-21 10:20:38,2026-05-21,2,乒乓球厅-5号,08:00-09:00,0,1,不开放/已过期,,多云,19,17,4,0.0,79,32
2026-05-21 10:30:41,2026-05-21,2,乒乓球厅-5号,08:00-09:00,0,1,不开放/已过期,,多云,19,18,3,0.0,78,31
2026-05-21 11:00:44,2026-05-21,2,乒乓球厅-5号,08:00-09:00,0,1,不开放/已过期,,多云,21,17,5,0.0,74,31
2026-05-21 11:30:38,2026-05-21,2,乒乓球厅-5号,08:00-09:00,0,1,不开放/已过期,,多云,21,19,3,0.0,72,33
2026-05-21 12:00:46,2026-05-21,2,乒乓球厅-5号,08:00-09:00,0,1,不开放/已过期,,多云,22,19,4,0.0,70,33
2026-05-21 12:30:42,2026-05-21,2,乒乓球厅-5号,08:00-09:00,0,1,不开放/已过期,,多云,22,21,3,0.0,68,35
2026-05-21 13:00:43,2026-05-21,2,乒乓球厅-5号,08:00-09:00,0,1,不开放/已过期,,多云,24,22,4,0.0,66,35
2026-05-21 13:30:43,2026-05-21,2,乒乓球厅-5号,08:00-09:00,0,1,不开放/已过期,,多云,24,22,4,0.0,66,36
2026-05-21 14:00:48,2026-05-21,2,乒乓球厅-5号,08:00-09:00,0,1,不开放/已过期,,多云,25,23,4,0.0,66,36
2026-05-21 14:30:45,2026-05-21,2,乒乓球厅-5号,08:00-09:00,0,1,不开放/已过期,,晴,25,25,3,0.0,65,39
2026-05-21 15:00:45,2026-05-21,2,乒乓球厅-5号,08:00-09:00,0,1,不开放/已过期,,晴,25,22,4,0.0,56,39
2026-05-21 15:30:43,2026-05-21,2,乒乓球厅-5号,08:00-09:00,0,1,不开放/已过期,,晴,25,23,4,0.0,57,40
2026-05-21 16:00:51,2026-05-21,2,乒乓球厅-5号,08:00-09:00,0,1,不开放/已过期,,晴,25,23,4,0.0,57,40
2026-05-21 16:30:48,2026-05-21,2,乒乓球厅-5号,08:00-09:00,0,1,不开放/已过期,,晴,25,24,3,0.0,60,39
2026-05-21 17:00:49,2026-05-21,2,乒乓球厅-5号,08:00-09:00,0,1,不开放/已过期,,晴,25,24,4,0.0,61,39
2026-05-21 17:30:47,2026-05-21,2,乒乓球厅-5号,08:00-09:00,0,1,不开放/已过期,,多云,24,23,3,0.0,64,39
2026-05-21 18:00:50,2026-05-21,2,乒乓球厅-5号,08:00-09:00,0,1,不开放/已过期,,多云,24,23,3,0.0,68,39
2026-05-21 18:30:50,2026-05-21,2,乒乓球厅-5号,08:00-09:00,0,1,不开放/已过期,,阴,24,25,2,0.0,68,40
2026-05-21 19:00:50,2026-05-21,2,乒乓球厅-5号,08:00-09:00,0,1,不开放/已过期,,阴,23,23,3,0.0,76,40
2026-05-21 19:30:46,2026-05-21,2,乒乓球厅-5号,08:00-09:00,0,1,不开放/已过期,,阴,23,24,2,0.0,77,39
2026-05-21 20:00:49,2026-05-21,2,乒乓球厅-5号,08:00-09:00,0,1,不开放/已过期,,雾,22,23,2,0.0,89,39
2026-05-21 20:30:44,2026-05-21,2,乒乓球厅-5号,08:00-09:00,0,1,不开放/已过期,,雾,22,24,2,0.0,93,43
2026-05-21 21:00:56,2026-05-21,2,乒乓球厅-5号,08:00-09:00,0,1,不开放/已过期,,雾,20,21,2,0.0,98,43
2026-05-21 21:30:46,2026-05-21,2,乒乓球厅-5号,08:00-09:00,0,1,不开放/已过期,,雾,20,22,1,0.0,99,41
2026-05-21 22:01:02,2026-05-21,2,乒乓球厅-5号,08:00-09:00,0,1,不开放/已过期,,雾,19,20,2,0.0,93,41
2026-05-21 22:30:47,2026-05-21,2,乒乓球厅-5号,08:00-09:00,0,1,不开放/已过期,,雾,19,19,3,0.0,88,46
2026-05-21 23:00:56,2026-05-21,2,乒乓球厅-5号,08:00-09:00,0,1,不开放/已过期,,多云,18,17,3,0.0,85,46
2026-05-21 23:30:55,2026-05-21,2,乒乓球厅-5号,08:00-09:00,0,1,不开放/已过期,,多云,18,17,3,0.0,85,48
2026-05-21 00:30:49,2026-05-21,2,乒乓球厅-5号,09:00-10:00,0,1,可预约,￥5.0,多云,15,13,3,0.0,100,26
2026-05-21 01:00:55,2026-05-21,2,乒乓球厅-5号,09:00-10:00,0,1,可预约,￥5.0,多云,15,12,4,0.0,100,26
2026-05-21 01:30:47,2026-05-21,2,乒乓球厅-5号,09:00-10:00,0,1,可预约,￥5.0,多云,15,13,4,0.0,100,28
2026-05-21 02:00:53,2026-05-21,2,乒乓球厅-5号,09:00-10:00,0,1,可预约,￥5.0,多云,15,12,4,0.0,100,28
2026-05-21 02:30:49,2026-05-21,2,乒乓球厅-5号,09:00-10:00,0,1,可预约,￥5.0,多云,15,14,3,0.0,100,29
2026-05-21 03:00:55,2026-05-21,2,乒乓球厅-5号,09:00-10:00,0,1,可预约,￥5.0,多云,15,12,4,0.0,100,29
2026-05-21 03:30:49,2026-05-21,2,乒乓球厅-5号,09:00-10:00,0,1,可预约,￥5.0,多云,15,14,3,0.0,100,30
2026-05-21 04:30:45,2026-05-21,2,乒乓球厅-5号,09:00-10:00,0,1,可预约,￥5.0,多云,15,12,4,0.0,100,29
2026-05-21 05:00:52,2026-05-21,2,乒乓球厅-5号,09:00-10:00,0,1,可预约,￥5.0,多云,15,12,4,0.0,100,29
2026-05-21 05:30:49,2026-05-21,2,乒乓球厅-5号,09:00-10:00,0,1,可预约,￥5.0,多云,15,13,3,0.0,100,28
2026-05-21 06:00:50,2026-05-21,2,乒乓球厅-5号,09:00-10:00,0,1,可预约,￥5.0,多云,15,13,4,0.0,99,28
2026-05-21 06:30:38,2026-05-21,2,乒乓球厅-5号,09:00-10:00,0,1,可预约,￥5.0,多云,15,13,3,0.0,97,28
2026-05-21 07:00:43,2026-05-21,2,乒乓球厅-5号,09:00-10:00,0,1,可预约,￥5.0,晴,15,11,5,0.0,93,28
2026-05-21 07:30:39,2026-05-21,2,乒乓球厅-5号,09:00-10:00,0,1,可预约,￥5.0,晴,17,13,4,0.0,89,29
2026-05-21 07:50:40,2026-05-21,2,乒乓球厅-5号,09:00-10:00,0,1,可预约,￥5.0,晴,17,13,4,0.0,88,29
2026-05-21 07:53:31,2026-05-21,2,乒乓球厅-5号,09:00-10:00,0,1,可预约,￥5.0,晴,17,12,5,0.0,86,29
2026-05-21 07:56:31,2026-05-21,2,乒乓球厅-5号,09:00-10:00,0,1,可预约,￥5.0,晴,17,12,5,0.0,86,29
2026-05-21 07:59:26,2026-05-21,2,乒乓球厅-5号,09:00-10:00,0,1,可预约,￥5.0,晴,17,12,5,0.0,86,29
2026-05-21 08:00:45,2026-05-21,2,乒乓球厅-5号,09:00-10:00,0,1,可预约,￥5.0,晴,17,12,5,0.0,86,29
2026-05-21 08:02:30,2026-05-21,2,乒乓球厅-5号,09:00-10:00,0,1,可预约,￥5.0,多云,17,12,5,0.0,87,29
2026-05-21 08:05:36,2026-05-21,2,乒乓球厅-5号,09:00-10:00,0,1,可预约,￥5.0,多云,17,12,5,0.0,86,29
2026-05-21 08:08:31,2026-05-21,2,乒乓球厅-5号,09:00-10:00,0,1,可预约,￥5.0,多云,17,12,5,0.0,86,29
2026-05-21 08:11:30,2026-05-21,2,乒乓球厅-5号,09:00-10:00,0,1,可预约,￥5.0,多云,17,12,5,0.0,86,29
2026-05-21 08:14:31,2026-05-21,2,乒乓球厅-5号,09:00-10:00,0,1,可预约,￥5.0,多云,17,12,5,0.0,86,29
2026-05-21 08:17:30,2026-05-21,2,乒乓球厅-5号,09:00-10:00,0,1,可预约,￥5.0,多云,17,12,5,0.0,86,29
2026-05-21 08:20:35,2026-05-21,2,乒乓球厅-5号,09:00-10:00,0,1,可预约,￥5.0,多云,17,14,4,0.0,85,29
2026-05-21 08:25:32,2026-05-21,2,乒乓球厅-5号,09:00-10:00,0,1,可预约,￥5.0,多云,17,14,4,0.0,85,28
2026-05-21 08:30:42,2026-05-21,2,乒乓球厅-5号,09:00-10:00,0,1,可预约,￥5.0,多云,18,15,4,0.0,84,28
2026-05-21 08:35:31,2026-05-21,2,乒乓球厅-5号,09:00-10:00,0,1,可预约,￥5.0,多云,18,15,4,0.0,84,28
2026-05-21 08:40:38,2026-05-21,2,乒乓球厅-5号,09:00-10:00,0,1,可预约,￥5.0,多云,18,15,4,0.0,82,28
2026-05-21 08:45:33,2026-05-21,2,乒乓球厅-5号,09:00-10:00,0,1,可预约,￥5.0,多云,18,15,4,0.0,82,28
2026-05-21 08:50:36,2026-05-21,2,乒乓球厅-5号,09:00-10:00,0,1,可预约,￥5.0,多云,18,15,4,0.0,82,28
2026-05-21 08:55:34,2026-05-21,2,乒乓球厅-5号,09:00-10:00,0,1,可预约,￥5.0,多云,18,15,4,0.0,84,28
2026-05-21 09:00:51,2026-05-21,2,乒乓球厅-5号,09:00-10:00,0,1,可预约,￥5.0,多云,18,15,4,0.0,84,28
2026-05-21 09:01:59,2026-05-21,2,乒乓球厅-5号,09:00-10:00,0,1,可预约,￥5.0,多云,18,15,4,0.0,83,28
2026-05-21 09:05:33,2026-05-21,2,乒乓球厅-5号,09:00-10:00,0,1,可预约,￥5.0,多云,18,15,4,0.0,83,28
2026-05-21 09:20:38,2026-05-21,2,乒乓球厅-5号,09:00-10:00,0,1,可预约,￥5.0,多云,18,16,3,0.0,81,28
2026-05-21 09:30:46,2026-05-21,2,乒乓球厅-5号,09:00-10:00,0,1,可预约,￥5.0,多云,18,16,3,0.0,81,32
2026-05-21 09:40:36,2026-05-21,2,乒乓球厅-5号,09:00-10:00,0,1,可预约,￥5.0,多云,19,17,3,0.0,79,32
2026-05-21 09:50:42,2026-05-21,2,乒乓球厅-5号,09:00-10:00,0,1,可预约,￥5.0,多云,19,17,4,0.0,81,32
2026-05-21 10:00:46,2026-05-21,2,乒乓球厅-5号,09:00-10:00,0,1,不开放/已过期,,多云,19,17,4,0.0,79,32
2026-05-21 10:10:40,2026-05-21,2,乒乓球厅-5号,09:00-10:00,0,1,不开放/已过期,,多云,19,17,4,0.0,79,32
2026-05-21 10:20:38,2026-05-21,2,乒乓球厅-5号,09:00-10:00,0,1,不开放/已过期,,多云,19,17,4,0.0,79,32
2026-05-21 10:30:41,2026-05-21,2,乒乓球厅-5号,09:00-10:00,0,1,不开放/已过期,,多云,19,18,3,0.0,78,31
2026-05-21 11:00:44,2026-05-21,2,乒乓球厅-5号,09:00-10:00,0,1,不开放/已过期,,多云,21,17,5,0.0,74,31
2026-05-21 11:30:38,2026-05-21,2,乒乓球厅-5号,09:00-10:00,0,1,不开放/已过期,,多云,21,19,3,0.0,72,33
2026-05-21 12:00:46,2026-05-21,2,乒乓球厅-5号,09:00-10:00,0,1,不开放/已过期,,多云,22,19,4,0.0,70,33
2026-05-21 12:30:42,2026-05-21,2,乒乓球厅-5号,09:00-10:00,0,1,不开放/已过期,,多云,22,21,3,0.0,68,35
2026-05-21 13:00:43,2026-05-21,2,乒乓球厅-5号,09:00-10:00,0,1,不开放/已过期,,多云,24,22,4,0.0,66,35
2026-05-21 13:30:43,2026-05-21,2,乒乓球厅-5号,09:00-10:00,0,1,不开放/已过期,,多云,24,22,4,0.0,66,36
2026-05-21 14:00:48,2026-05-21,2,乒乓球厅-5号,09:00-10:00,0,1,不开放/已过期,,多云,25,23,4,0.0,66,36
2026-05-21 14:30:45,2026-05-21,2,乒乓球厅-5号,09:00-10:00,0,1,不开放/已过期,,晴,25,25,3,0.0,65,39
2026-05-21 15:00:45,2026-05-21,2,乒乓球厅-5号,09:00-10:00,0,1,不开放/已过期,,晴,25,22,4,0.0,56,39
2026-05-21 15:30:43,2026-05-21,2,乒乓球厅-5号,09:00-10:00,0,1,不开放/已过期,,晴,25,23,4,0.0,57,40
2026-05-21 16:00:51,2026-05-21,2,乒乓球厅-5号,09:00-10:00,0,1,不开放/已过期,,晴,25,23,4,0.0,57,40
2026-05-21 16:30:48,2026-05-21,2,乒乓球厅-5号,09:00-10:00,0,1,不开放/已过期,,晴,25,24,3,0.0,60,39
2026-05-21 17:00:49,2026-05-21,2,乒乓球厅-5号,09:00-10:00,0,1,不开放/已过期,,晴,25,24,4,0.0,61,39
2026-05-21 17:30:47,2026-05-21,2,乒乓球厅-5号,09:00-10:00,0,1,不开放/已过期,,多云,24,23,3,0.0,64,39
2026-05-21 18:00:50,2026-05-21,2,乒乓球厅-5号,09:00-10:00,0,1,不开放/已过期,,多云,24,23,3,0.0,68,39
2026-05-21 18:30:50,2026-05-21,2,乒乓球厅-5号,09:00-10:00,0,1,不开放/已过期,,阴,24,25,2,0.0,68,40
2026-05-21 19:00:50,2026-05-21,2,乒乓球厅-5号,09:00-10:00,0,1,不开放/已过期,,阴,23,23,3,0.0,76,40
2026-05-21 19:30:46,2026-05-21,2,乒乓球厅-5号,09:00-10:00,0,1,不开放/已过期,,阴,23,24,2,0.0,77,39
2026-05-21 20:00:49,2026-05-21,2,乒乓球厅-5号,09:00-10:00,0,1,不开放/已过期,,雾,22,23,2,0.0,89,39
2026-05-21 20:30:44,2026-05-21,2,乒乓球厅-5号,09:00-10:00,0,1,不开放/已过期,,雾,22,24,2,0.0,93,43
2026-05-21 21:00:56,2026-05-21,2,乒乓球厅-5号,09:00-10:00,0,1,不开放/已过期,,雾,20,21,2,0.0,98,43
2026-05-21 21:30:46,2026-05-21,2,乒乓球厅-5号,09:00-10:00,0,1,不开放/已过期,,雾,20,22,1,0.0,99,41
2026-05-21 22:01:02,2026-05-21,2,乒乓球厅-5号,09:00-10:00,0,1,不开放/已过期,,雾,19,20,2,0.0,93,41
2026-05-21 22:30:47,2026-05-21,2,乒乓球厅-5号,09:00-10:00,0,1,不开放/已过期,,雾,19,19,3,0.0,88,46
2026-05-21 23:00:56,2026-05-21,2,乒乓球厅-5号,09:00-10:00,0,1,不开放/已过期,,多云,18,17,3,0.0,85,46
2026-05-21 23:30:55,2026-05-21,2,乒乓球厅-5号,09:00-10:00,0,1,不开放/已过期,,多云,18,17,3,0.0,85,48
2026-05-21 00:30:49,2026-05-21,2,乒乓球厅-5号,10:00-11:00,1,1,已售/已满,教学时间,多云,15,13,3,0.0,100,26
2026-05-21 01:00:55,2026-05-21,2,乒乓球厅-5号,10:00-11:00,1,1,已售/已满,教学时间,多云,15,12,4,0.0,100,26
2026-05-21 01:30:47,2026-05-21,2,乒乓球厅-5号,10:00-11:00,1,1,已售/已满,教学时间,多云,15,13,4,0.0,100,28
2026-05-21 02:00:53,2026-05-21,2,乒乓球厅-5号,10:00-11:00,1,1,已售/已满,教学时间,多云,15,12,4,0.0,100,28
2026-05-21 02:30:49,2026-05-21,2,乒乓球厅-5号,10:00-11:00,1,1,已售/已满,教学时间,多云,15,14,3,0.0,100,29
2026-05-21 03:00:55,2026-05-21,2,乒乓球厅-5号,10:00-11:00,1,1,已售/已满,教学时间,多云,15,12,4,0.0,100,29
2026-05-21 03:30:49,2026-05-21,2,乒乓球厅-5号,10:00-11:00,1,1,已售/已满,教学时间,多云,15,14,3,0.0,100,30
2026-05-21 04:30:45,2026-05-21,2,乒乓球厅-5号,10:00-11:00,1,1,已售/已满,教学时间,多云,15,12,4,0.0,100,29
2026-05-21 05:00:52,2026-05-21,2,乒乓球厅-5号,10:00-11:00,1,1,已售/已满,教学时间,多云,15,12,4,0.0,100,29
2026-05-21 05:30:49,2026-05-21,2,乒乓球厅-5号,10:00-11:00,1,1,已售/已满,教学时间,多云,15,13,3,0.0,100,28
2026-05-21 06:00:50,2026-05-21,2,乒乓球厅-5号,10:00-11:00,1,1,已售/已满,教学时间,多云,15,13,4,0.0,99,28
2026-05-21 06:30:38,2026-05-21,2,乒乓球厅-5号,10:00-11:00,1,1,已售/已满,教学时间,多云,15,13,3,0.0,97,28
2026-05-21 07:00:43,2026-05-21,2,乒乓球厅-5号,10:00-11:00,1,1,已售/已满,教学时间,晴,15,11,5,0.0,93,28
2026-05-21 07:30:39,2026-05-21,2,乒乓球厅-5号,10:00-11:00,1,1,已售/已满,教学时间,晴,17,13,4,0.0,89,29
2026-05-21 07:50:40,2026-05-21,2,乒乓球厅-5号,10:00-11:00,1,1,已售/已满,教学时间,晴,17,13,4,0.0,88,29
2026-05-21 07:53:31,2026-05-21,2,乒乓球厅-5号,10:00-11:00,1,1,已售/已满,教学时间,晴,17,12,5,0.0,86,29
2026-05-21 07:56:31,2026-05-21,2,乒乓球厅-5号,10:00-11:00,1,1,已售/已满,教学时间,晴,17,12,5,0.0,86,29
2026-05-21 07:59:26,2026-05-21,2,乒乓球厅-5号,10:00-11:00,1,1,已售/已满,教学时间,晴,17,12,5,0.0,86,29
2026-05-21 08:00:45,2026-05-21,2,乒乓球厅-5号,10:00-11:00,1,1,已售/已满,教学时间,晴,17,12,5,0.0,86,29
2026-05-21 08:02:30,2026-05-21,2,乒乓球厅-5号,10:00-11:00,1,1,已售/已满,教学时间,多云,17,12,5,0.0,87,29
2026-05-21 08:05:36,2026-05-21,2,乒乓球厅-5号,10:00-11:00,1,1,已售/已满,教学时间,多云,17,12,5,0.0,86,29
2026-05-21 08:08:31,2026-05-21,2,乒乓球厅-5号,10:00-11:00,1,1,已售/已满,教学时间,多云,17,12,5,0.0,86,29
2026-05-21 08:11:30,2026-05-21,2,乒乓球厅-5号,10:00-11:00,1,1,已售/已满,教学时间,多云,17,12,5,0.0,86,29
2026-05-21 08:14:31,2026-05-21,2,乒乓球厅-5号,10:00-11:00,1,1,已售/已满,教学时间,多云,17,12,5,0.0,86,29
2026-05-21 08:17:30,2026-05-21,2,乒乓球厅-5号,10:00-11:00,1,1,已售/已满,教学时间,多云,17,12,5,0.0,86,29
2026-05-21 08:20:35,2026-05-21,2,乒乓球厅-5号,10:00-11:00,1,1,已售/已满,教学时间,多云,17,14,4,0.0,85,29
2026-05-21 08:25:32,2026-05-21,2,乒乓球厅-5号,10:00-11:00,1,1,已售/已满,教学时间,多云,17,14,4,0.0,85,28
2026-05-21 08:30:42,2026-05-21,2,乒乓球厅-5号,10:00-11:00,1,1,已售/已满,教学时间,多云,18,15,4,0.0,84,28
2026-05-21 08:35:31,2026-05-21,2,乒乓球厅-5号,10:00-11:00,1,1,已售/已满,教学时间,多云,18,15,4,0.0,84,28
2026-05-21 08:40:38,2026-05-21,2,乒乓球厅-5号,10:00-11:00,1,1,已售/已满,教学时间,多云,18,15,4,0.0,82,28
2026-05-21 08:45:33,2026-05-21,2,乒乓球厅-5号,10:00-11:00,1,1,已售/已满,教学时间,多云,18,15,4,0.0,82,28
2026-05-21 08:50:36,2026-05-21,2,乒乓球厅-5号,10:00-11:00,1,1,已售/已满,教学时间,多云,18,15,4,0.0,82,28
2026-05-21 08:55:34,2026-05-21,2,乒乓球厅-5号,10:00-11:00,1,1,已售/已满,教学时间,多云,18,15,4,0.0,84,28
2026-05-21 09:00:51,2026-05-21,2,乒乓球厅-5号,10:00-11:00,1,1,已售/已满,教学时间,多云,18,15,4,0.0,84,28
2026-05-21 09:01:59,2026-05-21,2,乒乓球厅-5号,10:00-11:00,1,1,已售/已满,教学时间,多云,18,15,4,0.0,83,28
2026-05-21 09:05:33,2026-05-21,2,乒乓球厅-5号,10:00-11:00,1,1,已售/已满,教学时间,多云,18,15,4,0.0,83,28
2026-05-21 09:20:38,2026-05-21,2,乒乓球厅-5号,10:00-11:00,1,1,已售/已满,教学时间,多云,18,16,3,0.0,81,28
2026-05-21 09:30:46,2026-05-21,2,乒乓球厅-5号,10:00-11:00,1,1,已售/已满,教学时间,多云,18,16,3,0.0,81,32
2026-05-21 09:40:36,2026-05-21,2,乒乓球厅-5号,10:00-11:00,1,1,已售/已满,教学时间,多云,19,17,3,0.0,79,32
2026-05-21 09:50:42,2026-05-21,2,乒乓球厅-5号,10:00-11:00,1,1,已售/已满,教学时间,多云,19,17,4,0.0,81,32
2026-05-21 10:00:46,2026-05-21,2,乒乓球厅-5号,10:00-11:00,1,1,已售/已满,教学时间,多云,19,17,4,0.0,79,32
2026-05-21 10:10:40,2026-05-21,2,乒乓球厅-5号,10:00-11:00,1,1,已售/已满,教学时间,多云,19,17,4,0.0,79,32
2026-05-21 10:20:38,2026-05-21,2,乒乓球厅-5号,10:00-11:00,1,1,已售/已满,教学时间,多云,19,17,4,0.0,79,32
2026-05-21 10:30:41,2026-05-21,2,乒乓球厅-5号,10:00-11:00,1,1,已售/已满,教学时间,多云,19,18,3,0.0,78,31
2026-05-21 11:00:44,2026-05-21,2,乒乓球厅-5号,10:00-11:00,1,1,已售/已满,教学时间,多云,21,17,5,0.0,74,31
2026-05-21 11:30:38,2026-05-21,2,乒乓球厅-5号,10:00-11:00,1,1,已售/已满,教学时间,多云,21,19,3,0.0,72,33
2026-05-21 12:00:46,2026-05-21,2,乒乓球厅-5号,10:00-11:00,1,1,已售/已满,教学时间,多云,22,19,4,0.0,70,33
2026-05-21 12:30:42,2026-05-21,2,乒乓球厅-5号,10:00-11:00,1,1,已售/已满,教学时间,多云,22,21,3,0.0,68,35
2026-05-21 13:00:43,2026-05-21,2,乒乓球厅-5号,10:00-11:00,1,1,已售/已满,教学时间,多云,24,22,4,0.0,66,35
2026-05-21 13:30:43,2026-05-21,2,乒乓球厅-5号,10:00-11:00,1,1,已售/已满,教学时间,多云,24,22,4,0.0,66,36
2026-05-21 14:00:48,2026-05-21,2,乒乓球厅-5号,10:00-11:00,1,1,已售/已满,教学时间,多云,25,23,4,0.0,66,36
2026-05-21 14:30:45,2026-05-21,2,乒乓球厅-5号,10:00-11:00,1,1,已售/已满,教学时间,晴,25,25,3,0.0,65,39
2026-05-21 15:00:45,2026-05-21,2,乒乓球厅-5号,10:00-11:00,1,1,已售/已满,教学时间,晴,25,22,4,0.0,56,39
2026-05-21 15:30:43,2026-05-21,2,乒乓球厅-5号,10:00-11:00,1,1,已售/已满,教学时间,晴,25,23,4,0.0,57,40
2026-05-21 16:00:51,2026-05-21,2,乒乓球厅-5号,10:00-11:00,1,1,已售/已满,教学时间,晴,25,23,4,0.0,57,40
2026-05-21 16:30:48,2026-05-21,2,乒乓球厅-5号,10:00-11:00,1,1,已售/已满,教学时间,晴,25,24,3,0.0,60,39
2026-05-21 17:00:49,2026-05-21,2,乒乓球厅-5号,10:00-11:00,1,1,已售/已满,教学时间,晴,25,24,4,0.0,61,39
2026-05-21 17:30:47,2026-05-21,2,乒乓球厅-5号,10:00-11:00,1,1,已售/已满,教学时间,多云,24,23,3,0.0,64,39
2026-05-21 18:00:50,2026-05-21,2,乒乓球厅-5号,10:00-11:00,1,1,已售/已满,教学时间,多云,24,23,3,0.0,68,39
2026-05-21 18:30:50,2026-05-21,2,乒乓球厅-5号,10:00-11:00,1,1,已售/已满,教学时间,阴,24,25,2,0.0,68,40
2026-05-21 19:00:50,2026-05-21,2,乒乓球厅-5号,10:00-11:00,1,1,已售/已满,教学时间,阴,23,23,3,0.0,76,40
2026-05-21 19:30:46,2026-05-21,2,乒乓球厅-5号,10:00-11:00,1,1,已售/已满,教学时间,阴,23,24,2,0.0,77,39
2026-05-21 20:00:49,2026-05-21,2,乒乓球厅-5号,10:00-11:00,1,1,已售/已满,教学时间,雾,22,23,2,0.0,89,39
2026-05-21 20:30:44,2026-05-21,2,乒乓球厅-5号,10:00-11:00,1,1,已售/已满,教学时间,雾,22,24,2,0.0,93,43
2026-05-21 21:00:56,2026-05-21,2,乒乓球厅-5号,10:00-11:00,1,1,已售/已满,教学时间,雾,20,21,2,0.0,98,43
2026-05-21 21:30:46,2026-05-21,2,乒乓球厅-5号,10:00-11:00,1,1,已售/已满,教学时间,雾,20,22,1,0.0,99,41
2026-05-21 22:01:02,2026-05-21,2,乒乓球厅-5号,10:00-11:00,1,1,已售/已满,教学时间,雾,19,20,2,0.0,93,41
2026-05-21 22:30:47,2026-05-21,2,乒乓球厅-5号,10:00-11:00,1,1,已售/已满,教学时间,雾,19,19,3,0.0,88,46
2026-05-21 23:00:56,2026-05-21,2,乒乓球厅-5号,10:00-11:00,1,1,已售/已满,教学时间,多云,18,17,3,0.0,85,46
2026-05-21 23:30:55,2026-05-21,2,乒乓球厅-5号,10:00-11:00,1,1,已售/已满,教学时间,多云,18,17,3,0.0,85,48
2026-05-21 00:30:49,2026-05-21,2,乒乓球厅-5号,11:00-12:00,1,1,已售/已满,教学时间,多云,15,13,3,0.0,100,26
2026-05-21 01:00:55,2026-05-21,2,乒乓球厅-5号,11:00-12:00,1,1,已售/已满,教学时间,多云,15,12,4,0.0,100,26
2026-05-21 01:30:47,2026-05-21,2,乒乓球厅-5号,11:00-12:00,1,1,已售/已满,教学时间,多云,15,13,4,0.0,100,28
2026-05-21 02:00:53,2026-05-21,2,乒乓球厅-5号,11:00-12:00,1,1,已售/已满,教学时间,多云,15,12,4,0.0,100,28
2026-05-21 02:30:49,2026-05-21,2,乒乓球厅-5号,11:00-12:00,1,1,已售/已满,教学时间,多云,15,14,3,0.0,100,29
2026-05-21 03:00:55,2026-05-21,2,乒乓球厅-5号,11:00-12:00,1,1,已售/已满,教学时间,多云,15,12,4,0.0,100,29
2026-05-21 03:30:49,2026-05-21,2,乒乓球厅-5号,11:00-12:00,1,1,已售/已满,教学时间,多云,15,14,3,0.0,100,30
2026-05-21 04:30:45,2026-05-21,2,乒乓球厅-5号,11:00-12:00,1,1,已售/已满,教学时间,多云,15,12,4,0.0,100,29
2026-05-21 05:00:52,2026-05-21,2,乒乓球厅-5号,11:00-12:00,1,1,已售/已满,教学时间,多云,15,12,4,0.0,100,29
2026-05-21 05:30:49,2026-05-21,2,乒乓球厅-5号,11:00-12:00,1,1,已售/已满,教学时间,多云,15,13,3,0.0,100,28
2026-05-21 06:00:50,2026-05-21,2,乒乓球厅-5号,11:00-12:00,1,1,已售/已满,教学时间,多云,15,13,4,0.0,99,28
2026-05-21 06:30:38,2026-05-21,2,乒乓球厅-5号,11:00-12:00,1,1,已售/已满,教学时间,多云,15,13,3,0.0,97,28
2026-05-21 07:00:43,2026-05-21,2,乒乓球厅-5号,11:00-12:00,1,1,已售/已满,教学时间,晴,15,11,5,0.0,93,28
2026-05-21 07:30:39,2026-05-21,2,乒乓球厅-5号,11:00-12:00,1,1,已售/已满,教学时间,晴,17,13,4,0.0,89,29
2026-05-21 07:50:40,2026-05-21,2,乒乓球厅-5号,11:00-12:00,1,1,已售/已满,教学时间,晴,17,13,4,0.0,88,29
2026-05-21 07:53:31,2026-05-21,2,乒乓球厅-5号,11:00-12:00,1,1,已售/已满,教学时间,晴,17,12,5,0.0,86,29
2026-05-21 07:56:31,2026-05-21,2,乒乓球厅-5号,11:00-12:00,1,1,已售/已满,教学时间,晴,17,12,5,0.0,86,29
2026-05-21 07:59:26,2026-05-21,2,乒乓球厅-5号,11:00-12:00,1,1,已售/已满,教学时间,晴,17,12,5,0.0,86,29
2026-05-21 08:00:45,2026-05-21,2,乒乓球厅-5号,11:00-12:00,1,1,已售/已满,教学时间,晴,17,12,5,0.0,86,29
2026-05-21 08:02:30,2026-05-21,2,乒乓球厅-5号,11:00-12:00,1,1,已售/已满,教学时间,多云,17,12,5,0.0,87,29
2026-05-21 08:05:36,2026-05-21,2,乒乓球厅-5号,11:00-12:00,1,1,已售/已满,教学时间,多云,17,12,5,0.0,86,29
2026-05-21 08:08:31,2026-05-21,2,乒乓球厅-5号,11:00-12:00,1,1,已售/已满,教学时间,多云,17,12,5,0.0,86,29
2026-05-21 08:11:30,2026-05-21,2,乒乓球厅-5号,11:00-12:00,1,1,已售/已满,教学时间,多云,17,12,5,0.0,86,29
2026-05-21 08:14:31,2026-05-21,2,乒乓球厅-5号,11:00-12:00,1,1,已售/已满,教学时间,多云,17,12,5,0.0,86,29
2026-05-21 08:17:30,2026-05-21,2,乒乓球厅-5号,11:00-12:00,1,1,已售/已满,教学时间,多云,17,12,5,0.0,86,29
2026-05-21 08:20:35,2026-05-21,2,乒乓球厅-5号,11:00-12:00,1,1,已售/已满,教学时间,多云,17,14,4,0.0,85,29
2026-05-21 08:25:32,2026-05-21,2,乒乓球厅-5号,11:00-12:00,1,1,已售/已满,教学时间,多云,17,14,4,0.0,85,28
2026-05-21 08:30:42,2026-05-21,2,乒乓球厅-5号,11:00-12:00,1,1,已售/已满,教学时间,多云,18,15,4,0.0,84,28
2026-05-21 08:35:31,2026-05-21,2,乒乓球厅-5号,11:00-12:00,1,1,已售/已满,教学时间,多云,18,15,4,0.0,84,28
2026-05-21 08:40:38,2026-05-21,2,乒乓球厅-5号,11:00-12:00,1,1,已售/已满,教学时间,多云,18,15,4,0.0,82,28
2026-05-21 08:45:33,2026-05-21,2,乒乓球厅-5号,11:00-12:00,1,1,已售/已满,教学时间,多云,18,15,4,0.0,82,28
2026-05-21 08:50:36,2026-05-21,2,乒乓球厅-5号,11:00-12:00,1,1,已售/已满,教学时间,多云,18,15,4,0.0,82,28
2026-05-21 08:55:34,2026-05-21,2,乒乓球厅-5号,11:00-12:00,1,1,已售/已满,教学时间,多云,18,15,4,0.0,84,28
2026-05-21 09:00:51,2026-05-21,2,乒乓球厅-5号,11:00-12:00,1,1,已售/已满,教学时间,多云,18,15,4,0.0,84,28
2026-05-21 09:01:59,2026-05-21,2,乒乓球厅-5号,11:00-12:00,1,1,已售/已满,教学时间,多云,18,15,4,0.0,83,28
2026-05-21 09:05:33,2026-05-21,2,乒乓球厅-5号,11:00-12:00,1,1,已售/已满,教学时间,多云,18,15,4,0.0,83,28
2026-05-21 09:20:38,2026-05-21,2,乒乓球厅-5号,11:00-12:00,1,1,已售/已满,教学时间,多云,18,16,3,0.0,81,28
2026-05-21 09:30:46,2026-05-21,2,乒乓球厅-5号,11:00-12:00,1,1,已售/已满,教学时间,多云,18,16,3,0.0,81,32
2026-05-21 09:40:36,2026-05-21,2,乒乓球厅-5号,11:00-12:00,1,1,已售/已满,教学时间,多云,19,17,3,0.0,79,32
2026-05-21 09:50:42,2026-05-21,2,乒乓球厅-5号,11:00-12:00,1,1,已售/已满,教学时间,多云,19,17,4,0.0,81,32
2026-05-21 10:00:46,2026-05-21,2,乒乓球厅-5号,11:00-12:00,1,1,已售/已满,教学时间,多云,19,17,4,0.0,79,32
2026-05-21 10:10:40,2026-05-21,2,乒乓球厅-5号,11:00-12:00,1,1,已售/已满,教学时间,多云,19,17,4,0.0,79,32
2026-05-21 10:20:38,2026-05-21,2,乒乓球厅-5号,11:00-12:00,1,1,已售/已满,教学时间,多云,19,17,4,0.0,79,32
2026-05-21 10:30:41,2026-05-21,2,乒乓球厅-5号,11:00-12:00,1,1,已售/已满,教学时间,多云,19,18,3,0.0,78,31
2026-05-21 11:00:44,2026-05-21,2,乒乓球厅-5号,11:00-12:00,1,1,已售/已满,教学时间,多云,21,17,5,0.0,74,31
2026-05-21 11:30:38,2026-05-21,2,乒乓球厅-5号,11:00-12:00,1,1,已售/已满,教学时间,多云,21,19,3,0.0,72,33
2026-05-21 12:00:46,2026-05-21,2,乒乓球厅-5号,11:00-12:00,1,1,已售/已满,教学时间,多云,22,19,4,0.0,70,33
2026-05-21 12:30:42,2026-05-21,2,乒乓球厅-5号,11:00-12:00,1,1,已售/已满,教学时间,多云,22,21,3,0.0,68,35
2026-05-21 13:00:43,2026-05-21,2,乒乓球厅-5号,11:00-12:00,1,1,已售/已满,教学时间,多云,24,22,4,0.0,66,35
2026-05-21 13:30:43,2026-05-21,2,乒乓球厅-5号,11:00-12:00,1,1,已售/已满,教学时间,多云,24,22,4,0.0,66,36
2026-05-21 14:00:48,2026-05-21,2,乒乓球厅-5号,11:00-12:00,1,1,已售/已满,教学时间,多云,25,23,4,0.0,66,36
2026-05-21 14:30:45,2026-05-21,2,乒乓球厅-5号,11:00-12:00,1,1,已售/已满,教学时间,晴,25,25,3,0.0,65,39
2026-05-21 15:00:45,2026-05-21,2,乒乓球厅-5号,11:00-12:00,1,1,已售/已满,教学时间,晴,25,22,4,0.0,56,39
2026-05-21 15:30:43,2026-05-21,2,乒乓球厅-5号,11:00-12:00,1,1,已售/已满,教学时间,晴,25,23,4,0.0,57,40
2026-05-21 16:00:51,2026-05-21,2,乒乓球厅-5号,11:00-12:00,1,1,已售/已满,教学时间,晴,25,23,4,0.0,57,40
2026-05-21 16:30:48,2026-05-21,2,乒乓球厅-5号,11:00-12:00,1,1,已售/已满,教学时间,晴,25,24,3,0.0,60,39
2026-05-21 17:00:49,2026-05-21,2,乒乓球厅-5号,11:00-12:00,1,1,已售/已满,教学时间,晴,25,24,4,0.0,61,39
2026-05-21 17:30:47,2026-05-21,2,乒乓球厅-5号,11:00-12:00,1,1,已售/已满,教学时间,多云,24,23,3,0.0,64,39
2026-05-21 18:00:50,2026-05-21,2,乒乓球厅-5号,11:00-12:00,1,1,已售/已满,教学时间,多云,24,23,3,0.0,68,39
2026-05-21 18:30:50,2026-05-21,2,乒乓球厅-5号,11:00-12:00,1,1,已售/已满,教学时间,阴,24,25,2,0.0,68,40
2026-05-21 19:00:50,2026-05-21,2,乒乓球厅-5号,11:00-12:00,1,1,已售/已满,教学时间,阴,23,23,3,0.0,76,40
2026-05-21 19:30:46,2026-05-21,2,乒乓球厅-5号,11:00-12:00,1,1,已售/已满,教学时间,阴,23,24,2,0.0,77,39
2026-05-21 20:00:49,2026-05-21,2,乒乓球厅-5号,11:00-12:00,1,1,已售/已满,教学时间,雾,22,23,2,0.0,89,39
2026-05-21 20:30:44,2026-05-21,2,乒乓球厅-5号,11:00-12:00,1,1,已售/已满,教学时间,雾,22,24,2,0.0,93,43
2026-05-21 21:00:56,2026-05-21,2,乒乓球厅-5号,11:00-12:00,1,1,已售/已满,教学时间,雾,20,21,2,0.0,98,43
2026-05-21 21:30:46,2026-05-21,2,乒乓球厅-5号,11:00-12:00,1,1,已售/已满,教学时间,雾,20,22,1,0.0,99,41
2026-05-21 22:01:02,2026-05-21,2,乒乓球厅-5号,11:00-12:00,1,1,已售/已满,教学时间,雾,19,20,2,0.0,93,41
2026-05-21 22:30:47,2026-05-21,2,乒乓球厅-5号,11:00-12:00,1,1,已售/已满,教学时间,雾,19,19,3,0.0,88,46
2026-05-21 23:00:56,2026-05-21,2,乒乓球厅-5号,11:00-12:00,1,1,已售/已满,教学时间,多云,18,17,3,0.0,85,46
2026-05-21 23:30:55,2026-05-21,2,乒乓球厅-5号,11:00-12:00,1,1,已售/已满,教学时间,多云,18,17,3,0.0,85,48
2026-05-21 00:30:49,2026-05-21,2,乒乓球厅-5号,12:00-12:55,1,1,已售/已满,已售,多云,15,13,3,0.0,100,26
2026-05-21 01:00:55,2026-05-21,2,乒乓球厅-5号,12:00-12:55,1,1,已售/已满,已售,多云,15,12,4,0.0,100,26
2026-05-21 01:30:47,2026-05-21,2,乒乓球厅-5号,12:00-12:55,1,1,已售/已满,已售,多云,15,13,4,0.0,100,28
2026-05-21 02:00:53,2026-05-21,2,乒乓球厅-5号,12:00-12:55,1,1,已售/已满,已售,多云,15,12,4,0.0,100,28
2026-05-21 02:30:49,2026-05-21,2,乒乓球厅-5号,12:00-12:55,1,1,已售/已满,已售,多云,15,14,3,0.0,100,29
2026-05-21 03:00:55,2026-05-21,2,乒乓球厅-5号,12:00-12:55,1,1,已售/已满,已售,多云,15,12,4,0.0,100,29
2026-05-21 03:30:49,2026-05-21,2,乒乓球厅-5号,12:00-12:55,1,1,已售/已满,已售,多云,15,14,3,0.0,100,30
2026-05-21 04:30:45,2026-05-21,2,乒乓球厅-5号,12:00-12:55,1,1,已售/已满,已售,多云,15,12,4,0.0,100,29
2026-05-21 05:00:52,2026-05-21,2,乒乓球厅-5号,12:00-12:55,1,1,已售/已满,已售,多云,15,12,4,0.0,100,29
2026-05-21 05:30:49,2026-05-21,2,乒乓球厅-5号,12:00-12:55,1,1,已售/已满,已售,多云,15,13,3,0.0,100,28
2026-05-21 06:00:50,2026-05-21,2,乒乓球厅-5号,12:00-12:55,1,1,已售/已满,已售,多云,15,13,4,0.0,99,28
2026-05-21 06:30:38,2026-05-21,2,乒乓球厅-5号,12:00-12:55,1,1,已售/已满,已售,多云,15,13,3,0.0,97,28
2026-05-21 07:00:43,2026-05-21,2,乒乓球厅-5号,12:00-12:55,1,1,已售/已满,已售,晴,15,11,5,0.0,93,28
2026-05-21 07:30:39,2026-05-21,2,乒乓球厅-5号,12:00-12:55,1,1,已售/已满,已售,晴,17,13,4,0.0,89,29
2026-05-21 07:50:40,2026-05-21,2,乒乓球厅-5号,12:00-12:55,1,1,已售/已满,已售,晴,17,13,4,0.0,88,29
2026-05-21 07:53:31,2026-05-21,2,乒乓球厅-5号,12:00-12:55,1,1,已售/已满,已售,晴,17,12,5,0.0,86,29
2026-05-21 07:56:31,2026-05-21,2,乒乓球厅-5号,12:00-12:55,1,1,已售/已满,已售,晴,17,12,5,0.0,86,29
2026-05-21 07:59:26,2026-05-21,2,乒乓球厅-5号,12:00-12:55,1,1,已售/已满,已售,晴,17,12,5,0.0,86,29
2026-05-21 08:00:45,2026-05-21,2,乒乓球厅-5号,12:00-12:55,1,1,已售/已满,已售,晴,17,12,5,0.0,86,29
2026-05-21 08:02:30,2026-05-21,2,乒乓球厅-5号,12:00-12:55,1,1,已售/已满,已售,多云,17,12,5,0.0,87,29
2026-05-21 08:05:36,2026-05-21,2,乒乓球厅-5号,12:00-12:55,1,1,已售/已满,已售,多云,17,12,5,0.0,86,29
2026-05-21 08:08:31,2026-05-21,2,乒乓球厅-5号,12:00-12:55,1,1,已售/已满,已售,多云,17,12,5,0.0,86,29
2026-05-21 08:11:30,2026-05-21,2,乒乓球厅-5号,12:00-12:55,1,1,已售/已满,已售,多云,17,12,5,0.0,86,29
2026-05-21 08:14:31,2026-05-21,2,乒乓球厅-5号,12:00-12:55,1,1,已售/已满,已售,多云,17,12,5,0.0,86,29
2026-05-21 08:17:30,2026-05-21,2,乒乓球厅-5号,12:00-12:55,1,1,已售/已满,已售,多云,17,12,5,0.0,86,29
2026-05-21 08:20:35,2026-05-21,2,乒乓球厅-5号,12:00-12:55,1,1,已售/已满,已售,多云,17,14,4,0.0,85,29
2026-05-21 08:25:32,2026-05-21,2,乒乓球厅-5号,12:00-12:55,1,1,已售/已满,已售,多云,17,14,4,0.0,85,28
2026-05-21 08:30:42,2026-05-21,2,乒乓球厅-5号,12:00-12:55,1,1,已售/已满,已售,多云,18,15,4,0.0,84,28
2026-05-21 08:35:31,2026-05-21,2,乒乓球厅-5号,12:00-12:55,1,1,已售/已满,已售,多云,18,15,4,0.0,84,28
2026-05-21 08:40:38,2026-05-21,2,乒乓球厅-5号,12:00-12:55,1,1,已售/已满,已售,多云,18,15,4,0.0,82,28
2026-05-21 08:45:33,2026-05-21,2,乒乓球厅-5号,12:00-12:55,1,1,已售/已满,已售,多云,18,15,4,0.0,82,28
2026-05-21 08:50:36,2026-05-21,2,乒乓球厅-5号,12:00-12:55,1,1,已售/已满,已售,多云,18,15,4,0.0,82,28
2026-05-21 08:55:34,2026-05-21,2,乒乓球厅-5号,12:00-12:55,1,1,已售/已满,已售,多云,18,15,4,0.0,84,28
2026-05-21 09:00:51,2026-05-21,2,乒乓球厅-5号,12:00-12:55,1,1,已售/已满,已售,多云,18,15,4,0.0,84,28
2026-05-21 09:01:59,2026-05-21,2,乒乓球厅-5号,12:00-12:55,1,1,已售/已满,已售,多云,18,15,4,0.0,83,28
2026-05-21 09:05:33,2026-05-21,2,乒乓球厅-5号,12:00-12:55,1,1,已售/已满,已售,多云,18,15,4,0.0,83,28
2026-05-21 09:20:38,2026-05-21,2,乒乓球厅-5号,12:00-12:55,1,1,已售/已满,已售,多云,18,16,3,0.0,81,28
2026-05-21 09:30:46,2026-05-21,2,乒乓球厅-5号,12:00-12:55,1,1,已售/已满,已售,多云,18,16,3,0.0,81,32
2026-05-21 09:40:36,2026-05-21,2,乒乓球厅-5号,12:00-12:55,1,1,已售/已满,已售,多云,19,17,3,0.0,79,32
2026-05-21 09:50:42,2026-05-21,2,乒乓球厅-5号,12:00-12:55,1,1,已售/已满,已售,多云,19,17,4,0.0,81,32
2026-05-21 10:00:46,2026-05-21,2,乒乓球厅-5号,12:00-12:55,1,1,已售/已满,已售,多云,19,17,4,0.0,79,32
2026-05-21 10:10:40,2026-05-21,2,乒乓球厅-5号,12:00-12:55,1,1,已售/已满,已售,多云,19,17,4,0.0,79,32
2026-05-21 10:20:38,2026-05-21,2,乒乓球厅-5号,12:00-12:55,1,1,已售/已满,已售,多云,19,17,4,0.0,79,32
2026-05-21 10:30:41,2026-05-21,2,乒乓球厅-5号,12:00-12:55,1,1,已售/已满,已售,多云,19,18,3,0.0,78,31
2026-05-21 11:00:44,2026-05-21,2,乒乓球厅-5号,12:00-12:55,1,1,已售/已满,已售,多云,21,17,5,0.0,74,31
2026-05-21 11:30:38,2026-05-21,2,乒乓球厅-5号,12:00-12:55,1,1,已售/已满,已售,多云,21,19,3,0.0,72,33
2026-05-21 12:00:46,2026-05-21,2,乒乓球厅-5号,12:00-12:55,1,1,已售/已满,已售,多云,22,19,4,0.0,70,33
2026-05-21 12:30:42,2026-05-21,2,乒乓球厅-5号,12:00-12:55,1,1,已售/已满,已售,多云,22,21,3,0.0,68,35
2026-05-21 13:00:43,2026-05-21,2,乒乓球厅-5号,12:00-12:55,1,1,已售/已满,已售,多云,24,22,4,0.0,66,35
2026-05-21 13:30:43,2026-05-21,2,乒乓球厅-5号,12:00-12:55,1,1,已售/已满,已售,多云,24,22,4,0.0,66,36
2026-05-21 14:00:48,2026-05-21,2,乒乓球厅-5号,12:00-12:55,1,1,已售/已满,已售,多云,25,23,4,0.0,66,36
2026-05-21 14:30:45,2026-05-21,2,乒乓球厅-5号,12:00-12:55,1,1,已售/已满,已售,晴,25,25,3,0.0,65,39
2026-05-21 15:00:45,2026-05-21,2,乒乓球厅-5号,12:00-12:55,1,1,已售/已满,已售,晴,25,22,4,0.0,56,39
2026-05-21 15:30:43,2026-05-21,2,乒乓球厅-5号,12:00-12:55,1,1,已售/已满,已售,晴,25,23,4,0.0,57,40
2026-05-21 16:00:51,2026-05-21,2,乒乓球厅-5号,12:00-12:55,1,1,已售/已满,已售,晴,25,23,4,0.0,57,40
2026-05-21 16:30:48,2026-05-21,2,乒乓球厅-5号,12:00-12:55,1,1,已售/已满,已售,晴,25,24,3,0.0,60,39
2026-05-21 17:00:49,2026-05-21,2,乒乓球厅-5号,12:00-12:55,1,1,已售/已满,已售,晴,25,24,4,0.0,61,39
2026-05-21 17:30:47,2026-05-21,2,乒乓球厅-5号,12:00-12:55,1,1,已售/已满,已售,多云,24,23,3,0.0,64,39
2026-05-21 18:00:50,2026-05-21,2,乒乓球厅-5号,12:00-12:55,1,1,已售/已满,已售,多云,24,23,3,0.0,68,39
2026-05-21 18:30:50,2026-05-21,2,乒乓球厅-5号,12:00-12:55,1,1,已售/已满,已售,阴,24,25,2,0.0,68,40
2026-05-21 19:00:50,2026-05-21,2,乒乓球厅-5号,12:00-12:55,1,1,已售/已满,已售,阴,23,23,3,0.0,76,40
2026-05-21 19:30:46,2026-05-21,2,乒乓球厅-5号,12:00-12:55,1,1,已售/已满,已售,阴,23,24,2,0.0,77,39
2026-05-21 20:00:49,2026-05-21,2,乒乓球厅-5号,12:00-12:55,1,1,已售/已满,已售,雾,22,23,2,0.0,89,39
2026-05-21 20:30:44,2026-05-21,2,乒乓球厅-5号,12:00-12:55,1,1,已售/已满,已售,雾,22,24,2,0.0,93,43
2026-05-21 21:00:56,2026-05-21,2,乒乓球厅-5号,12:00-12:55,1,1,已售/已满,已售,雾,20,21,2,0.0,98,43
2026-05-21 21:30:46,2026-05-21,2,乒乓球厅-5号,12:00-12:55,1,1,已售/已满,已售,雾,20,22,1,0.0,99,41
2026-05-21 22:01:02,2026-05-21,2,乒乓球厅-5号,12:00-12:55,1,1,已售/已满,已售,雾,19,20,2,0.0,93,41
2026-05-21 22:30:47,2026-05-21,2,乒乓球厅-5号,12:00-12:55,1,1,已售/已满,已售,雾,19,19,3,0.0,88,46
2026-05-21 23:00:56,2026-05-21,2,乒乓球厅-5号,12:00-12:55,1,1,已售/已满,已售,多云,18,17,3,0.0,85,46
2026-05-21 23:30:55,2026-05-21,2,乒乓球厅-5号,12:00-12:55,1,1,已售/已满,已售,多云,18,17,3,0.0,85,48
2026-05-21 00:30:49,2026-05-21,2,乒乓球厅-5号,12:55-13:50,1,1,已售/已满,已售,多云,15,13,3,0.0,100,26
2026-05-21 01:00:55,2026-05-21,2,乒乓球厅-5号,12:55-13:50,1,1,已售/已满,已售,多云,15,12,4,0.0,100,26
2026-05-21 01:30:47,2026-05-21,2,乒乓球厅-5号,12:55-13:50,1,1,已售/已满,已售,多云,15,13,4,0.0,100,28
2026-05-21 02:00:53,2026-05-21,2,乒乓球厅-5号,12:55-13:50,1,1,已售/已满,已售,多云,15,12,4,0.0,100,28
2026-05-21 02:30:49,2026-05-21,2,乒乓球厅-5号,12:55-13:50,1,1,已售/已满,已售,多云,15,14,3,0.0,100,29
2026-05-21 03:00:55,2026-05-21,2,乒乓球厅-5号,12:55-13:50,1,1,已售/已满,已售,多云,15,12,4,0.0,100,29
2026-05-21 03:30:49,2026-05-21,2,乒乓球厅-5号,12:55-13:50,1,1,已售/已满,已售,多云,15,14,3,0.0,100,30
2026-05-21 04:30:45,2026-05-21,2,乒乓球厅-5号,12:55-13:50,1,1,已售/已满,已售,多云,15,12,4,0.0,100,29
2026-05-21 05:00:52,2026-05-21,2,乒乓球厅-5号,12:55-13:50,1,1,已售/已满,已售,多云,15,12,4,0.0,100,29
2026-05-21 05:30:49,2026-05-21,2,乒乓球厅-5号,12:55-13:50,1,1,已售/已满,已售,多云,15,13,3,0.0,100,28
2026-05-21 06:00:50,2026-05-21,2,乒乓球厅-5号,12:55-13:50,1,1,已售/已满,已售,多云,15,13,4,0.0,99,28
2026-05-21 06:30:38,2026-05-21,2,乒乓球厅-5号,12:55-13:50,1,1,已售/已满,已售,多云,15,13,3,0.0,97,28
2026-05-21 07:00:43,2026-05-21,2,乒乓球厅-5号,12:55-13:50,1,1,已售/已满,已售,晴,15,11,5,0.0,93,28
2026-05-21 07:30:39,2026-05-21,2,乒乓球厅-5号,12:55-13:50,1,1,已售/已满,已售,晴,17,13,4,0.0,89,29
2026-05-21 07:50:40,2026-05-21,2,乒乓球厅-5号,12:55-13:50,1,1,已售/已满,已售,晴,17,13,4,0.0,88,29
2026-05-21 07:53:31,2026-05-21,2,乒乓球厅-5号,12:55-13:50,1,1,已售/已满,已售,晴,17,12,5,0.0,86,29
2026-05-21 07:56:31,2026-05-21,2,乒乓球厅-5号,12:55-13:50,1,1,已售/已满,已售,晴,17,12,5,0.0,86,29
2026-05-21 07:59:26,2026-05-21,2,乒乓球厅-5号,12:55-13:50,1,1,已售/已满,已售,晴,17,12,5,0.0,86,29
2026-05-21 08:00:45,2026-05-21,2,乒乓球厅-5号,12:55-13:50,1,1,已售/已满,已售,晴,17,12,5,0.0,86,29
2026-05-21 08:02:30,2026-05-21,2,乒乓球厅-5号,12:55-13:50,1,1,已售/已满,已售,多云,17,12,5,0.0,87,29
2026-05-21 08:05:36,2026-05-21,2,乒乓球厅-5号,12:55-13:50,1,1,已售/已满,已售,多云,17,12,5,0.0,86,29
2026-05-21 08:08:31,2026-05-21,2,乒乓球厅-5号,12:55-13:50,1,1,已售/已满,已售,多云,17,12,5,0.0,86,29
2026-05-21 08:11:30,2026-05-21,2,乒乓球厅-5号,12:55-13:50,1,1,已售/已满,已售,多云,17,12,5,0.0,86,29
2026-05-21 08:14:31,2026-05-21,2,乒乓球厅-5号,12:55-13:50,1,1,已售/已满,已售,多云,17,12,5,0.0,86,29
2026-05-21 08:17:30,2026-05-21,2,乒乓球厅-5号,12:55-13:50,1,1,已售/已满,已售,多云,17,12,5,0.0,86,29
2026-05-21 08:20:35,2026-05-21,2,乒乓球厅-5号,12:55-13:50,1,1,已售/已满,已售,多云,17,14,4,0.0,85,29
2026-05-21 08:25:32,2026-05-21,2,乒乓球厅-5号,12:55-13:50,1,1,已售/已满,已售,多云,17,14,4,0.0,85,28
2026-05-21 08:30:42,2026-05-21,2,乒乓球厅-5号,12:55-13:50,1,1,已售/已满,已售,多云,18,15,4,0.0,84,28
2026-05-21 08:35:31,2026-05-21,2,乒乓球厅-5号,12:55-13:50,1,1,已售/已满,已售,多云,18,15,4,0.0,84,28
2026-05-21 08:40:38,2026-05-21,2,乒乓球厅-5号,12:55-13:50,1,1,已售/已满,已售,多云,18,15,4,0.0,82,28
2026-05-21 08:45:33,2026-05-21,2,乒乓球厅-5号,12:55-13:50,1,1,已售/已满,已售,多云,18,15,4,0.0,82,28
2026-05-21 08:50:36,2026-05-21,2,乒乓球厅-5号,12:55-13:50,1,1,已售/已满,已售,多云,18,15,4,0.0,82,28
2026-05-21 08:55:34,2026-05-21,2,乒乓球厅-5号,12:55-13:50,1,1,已售/已满,已售,多云,18,15,4,0.0,84,28
2026-05-21 09:00:51,2026-05-21,2,乒乓球厅-5号,12:55-13:50,1,1,已售/已满,已售,多云,18,15,4,0.0,84,28
2026-05-21 09:01:59,2026-05-21,2,乒乓球厅-5号,12:55-13:50,1,1,已售/已满,已售,多云,18,15,4,0.0,83,28
2026-05-21 09:05:33,2026-05-21,2,乒乓球厅-5号,12:55-13:50,1,1,已售/已满,已售,多云,18,15,4,0.0,83,28
2026-05-21 09:20:38,2026-05-21,2,乒乓球厅-5号,12:55-13:50,1,1,已售/已满,已售,多云,18,16,3,0.0,81,28
2026-05-21 09:30:46,2026-05-21,2,乒乓球厅-5号,12:55-13:50,1,1,已售/已满,已售,多云,18,16,3,0.0,81,32
2026-05-21 09:40:36,2026-05-21,2,乒乓球厅-5号,12:55-13:50,1,1,已售/已满,已售,多云,19,17,3,0.0,79,32
2026-05-21 09:50:42,2026-05-21,2,乒乓球厅-5号,12:55-13:50,1,1,已售/已满,已售,多云,19,17,4,0.0,81,32
2026-05-21 10:00:46,2026-05-21,2,乒乓球厅-5号,12:55-13:50,1,1,已售/已满,已售,多云,19,17,4,0.0,79,32
2026-05-21 10:10:40,2026-05-21,2,乒乓球厅-5号,12:55-13:50,1,1,已售/已满,已售,多云,19,17,4,0.0,79,32
2026-05-21 10:20:38,2026-05-21,2,乒乓球厅-5号,12:55-13:50,1,1,已售/已满,已售,多云,19,17,4,0.0,79,32
2026-05-21 10:30:41,2026-05-21,2,乒乓球厅-5号,12:55-13:50,1,1,已售/已满,已售,多云,19,18,3,0.0,78,31
2026-05-21 11:00:44,2026-05-21,2,乒乓球厅-5号,12:55-13:50,1,1,已售/已满,已售,多云,21,17,5,0.0,74,31
2026-05-21 11:30:38,2026-05-21,2,乒乓球厅-5号,12:55-13:50,1,1,已售/已满,已售,多云,21,19,3,0.0,72,33
2026-05-21 12:00:46,2026-05-21,2,乒乓球厅-5号,12:55-13:50,1,1,已售/已满,已售,多云,22,19,4,0.0,70,33
2026-05-21 12:30:42,2026-05-21,2,乒乓球厅-5号,12:55-13:50,1,1,已售/已满,已售,多云,22,21,3,0.0,68,35
2026-05-21 13:00:43,2026-05-21,2,乒乓球厅-5号,12:55-13:50,1,1,已售/已满,已售,多云,24,22,4,0.0,66,35
2026-05-21 13:30:43,2026-05-21,2,乒乓球厅-5号,12:55-13:50,1,1,已售/已满,已售,多云,24,22,4,0.0,66,36
2026-05-21 14:00:48,2026-05-21,2,乒乓球厅-5号,12:55-13:50,1,1,已售/已满,已售,多云,25,23,4,0.0,66,36
2026-05-21 14:30:45,2026-05-21,2,乒乓球厅-5号,12:55-13:50,1,1,已售/已满,已售,晴,25,25,3,0.0,65,39
2026-05-21 15:00:45,2026-05-21,2,乒乓球厅-5号,12:55-13:50,1,1,已售/已满,已售,晴,25,22,4,0.0,56,39
2026-05-21 15:30:43,2026-05-21,2,乒乓球厅-5号,12:55-13:50,1,1,已售/已满,已售,晴,25,23,4,0.0,57,40
2026-05-21 16:00:51,2026-05-21,2,乒乓球厅-5号,12:55-13:50,1,1,已售/已满,已售,晴,25,23,4,0.0,57,40
2026-05-21 16:30:48,2026-05-21,2,乒乓球厅-5号,12:55-13:50,1,1,已售/已满,已售,晴,25,24,3,0.0,60,39
2026-05-21 17:00:49,2026-05-21,2,乒乓球厅-5号,12:55-13:50,1,1,已售/已满,已售,晴,25,24,4,0.0,61,39
2026-05-21 17:30:47,2026-05-21,2,乒乓球厅-5号,12:55-13:50,1,1,已售/已满,已售,多云,24,23,3,0.0,64,39
2026-05-21 18:00:50,2026-05-21,2,乒乓球厅-5号,12:55-13:50,1,1,已售/已满,已售,多云,24,23,3,0.0,68,39
2026-05-21 18:30:50,2026-05-21,2,乒乓球厅-5号,12:55-13:50,1,1,已售/已满,已售,阴,24,25,2,0.0,68,40
2026-05-21 19:00:50,2026-05-21,2,乒乓球厅-5号,12:55-13:50,1,1,已售/已满,已售,阴,23,23,3,0.0,76,40
2026-05-21 19:30:46,2026-05-21,2,乒乓球厅-5号,12:55-13:50,1,1,已售/已满,已售,阴,23,24,2,0.0,77,39
2026-05-21 20:00:49,2026-05-21,2,乒乓球厅-5号,12:55-13:50,1,1,已售/已满,已售,雾,22,23,2,0.0,89,39
2026-05-21 20:30:44,2026-05-21,2,乒乓球厅-5号,12:55-13:50,1,1,已售/已满,已售,雾,22,24,2,0.0,93,43
2026-05-21 21:00:56,2026-05-21,2,乒乓球厅-5号,12:55-13:50,1,1,已售/已满,已售,雾,20,21,2,0.0,98,43
2026-05-21 21:30:46,2026-05-21,2,乒乓球厅-5号,12:55-13:50,1,1,已售/已满,已售,雾,20,22,1,0.0,99,41
2026-05-21 22:01:02,2026-05-21,2,乒乓球厅-5号,12:55-13:50,1,1,已售/已满,已售,雾,19,20,2,0.0,93,41
2026-05-21 22:30:47,2026-05-21,2,乒乓球厅-5号,12:55-13:50,1,1,已售/已满,已售,雾,19,19,3,0.0,88,46
2026-05-21 23:00:56,2026-05-21,2,乒乓球厅-5号,12:55-13:50,1,1,已售/已满,已售,多云,18,17,3,0.0,85,46
2026-05-21 23:30:55,2026-05-21,2,乒乓球厅-5号,12:55-13:50,1,1,已售/已满,已售,多云,18,17,3,0.0,85,48
2026-05-21 00:30:49,2026-05-21,2,乒乓球厅-5号,14:00-15:00,0,1,可预约,￥5.0,多云,15,13,3,0.0,100,26
2026-05-21 01:00:55,2026-05-21,2,乒乓球厅-5号,14:00-15:00,0,1,可预约,￥5.0,多云,15,12,4,0.0,100,26
2026-05-21 01:30:47,2026-05-21,2,乒乓球厅-5号,14:00-15:00,0,1,可预约,￥5.0,多云,15,13,4,0.0,100,28
2026-05-21 02:00:53,2026-05-21,2,乒乓球厅-5号,14:00-15:00,0,1,可预约,￥5.0,多云,15,12,4,0.0,100,28
2026-05-21 02:30:49,2026-05-21,2,乒乓球厅-5号,14:00-15:00,0,1,可预约,￥5.0,多云,15,14,3,0.0,100,29
2026-05-21 03:00:55,2026-05-21,2,乒乓球厅-5号,14:00-15:00,0,1,可预约,￥5.0,多云,15,12,4,0.0,100,29
2026-05-21 03:30:49,2026-05-21,2,乒乓球厅-5号,14:00-15:00,0,1,可预约,￥5.0,多云,15,14,3,0.0,100,30
2026-05-21 04:30:45,2026-05-21,2,乒乓球厅-5号,14:00-15:00,0,1,可预约,￥5.0,多云,15,12,4,0.0,100,29
2026-05-21 05:00:52,2026-05-21,2,乒乓球厅-5号,14:00-15:00,0,1,可预约,￥5.0,多云,15,12,4,0.0,100,29
2026-05-21 05:30:49,2026-05-21,2,乒乓球厅-5号,14:00-15:00,0,1,可预约,￥5.0,多云,15,13,3,0.0,100,28
2026-05-21 06:00:50,2026-05-21,2,乒乓球厅-5号,14:00-15:00,0,1,可预约,￥5.0,多云,15,13,4,0.0,99,28
2026-05-21 06:30:38,2026-05-21,2,乒乓球厅-5号,14:00-15:00,0,1,可预约,￥5.0,多云,15,13,3,0.0,97,28
2026-05-21 07:00:43,2026-05-21,2,乒乓球厅-5号,14:00-15:00,0,1,可预约,￥5.0,晴,15,11,5,0.0,93,28
2026-05-21 07:30:39,2026-05-21,2,乒乓球厅-5号,14:00-15:00,0,1,可预约,￥5.0,晴,17,13,4,0.0,89,29
2026-05-21 07:50:40,2026-05-21,2,乒乓球厅-5号,14:00-15:00,0,1,可预约,￥5.0,晴,17,13,4,0.0,88,29
2026-05-21 07:53:31,2026-05-21,2,乒乓球厅-5号,14:00-15:00,0,1,可预约,￥5.0,晴,17,12,5,0.0,86,29
2026-05-21 07:56:31,2026-05-21,2,乒乓球厅-5号,14:00-15:00,0,1,可预约,￥5.0,晴,17,12,5,0.0,86,29
2026-05-21 07:59:26,2026-05-21,2,乒乓球厅-5号,14:00-15:00,0,1,可预约,￥5.0,晴,17,12,5,0.0,86,29
2026-05-21 08:00:45,2026-05-21,2,乒乓球厅-5号,14:00-15:00,0,1,可预约,￥5.0,晴,17,12,5,0.0,86,29
2026-05-21 08:02:30,2026-05-21,2,乒乓球厅-5号,14:00-15:00,0,1,可预约,￥5.0,多云,17,12,5,0.0,87,29
2026-05-21 08:05:36,2026-05-21,2,乒乓球厅-5号,14:00-15:00,0,1,可预约,￥5.0,多云,17,12,5,0.0,86,29
2026-05-21 08:08:31,2026-05-21,2,乒乓球厅-5号,14:00-15:00,0,1,可预约,￥5.0,多云,17,12,5,0.0,86,29
2026-05-21 08:11:30,2026-05-21,2,乒乓球厅-5号,14:00-15:00,0,1,可预约,￥5.0,多云,17,12,5,0.0,86,29
2026-05-21 08:14:31,2026-05-21,2,乒乓球厅-5号,14:00-15:00,0,1,可预约,￥5.0,多云,17,12,5,0.0,86,29
2026-05-21 08:17:30,2026-05-21,2,乒乓球厅-5号,14:00-15:00,0,1,可预约,￥5.0,多云,17,12,5,0.0,86,29
2026-05-21 08:20:35,2026-05-21,2,乒乓球厅-5号,14:00-15:00,0,1,可预约,￥5.0,多云,17,14,4,0.0,85,29
2026-05-21 08:25:32,2026-05-21,2,乒乓球厅-5号,14:00-15:00,0,1,可预约,￥5.0,多云,17,14,4,0.0,85,28
2026-05-21 08:30:42,2026-05-21,2,乒乓球厅-5号,14:00-15:00,0,1,可预约,￥5.0,多云,18,15,4,0.0,84,28
2026-05-21 08:35:31,2026-05-21,2,乒乓球厅-5号,14:00-15:00,0,1,可预约,￥5.0,多云,18,15,4,0.0,84,28
2026-05-21 08:40:38,2026-05-21,2,乒乓球厅-5号,14:00-15:00,0,1,可预约,￥5.0,多云,18,15,4,0.0,82,28
2026-05-21 08:45:33,2026-05-21,2,乒乓球厅-5号,14:00-15:00,0,1,可预约,￥5.0,多云,18,15,4,0.0,82,28
2026-05-21 08:50:36,2026-05-21,2,乒乓球厅-5号,14:00-15:00,0,1,可预约,￥5.0,多云,18,15,4,0.0,82,28
2026-05-21 08:55:34,2026-05-21,2,乒乓球厅-5号,14:00-15:00,0,1,可预约,￥5.0,多云,18,15,4,0.0,84,28
2026-05-21 09:00:51,2026-05-21,2,乒乓球厅-5号,14:00-15:00,0,1,可预约,￥5.0,多云,18,15,4,0.0,84,28
2026-05-21 09:01:59,2026-05-21,2,乒乓球厅-5号,14:00-15:00,0,1,可预约,￥5.0,多云,18,15,4,0.0,83,28
2026-05-21 09:05:33,2026-05-21,2,乒乓球厅-5号,14:00-15:00,0,1,可预约,￥5.0,多云,18,15,4,0.0,83,28
2026-05-21 09:20:38,2026-05-21,2,乒乓球厅-5号,14:00-15:00,0,1,可预约,￥5.0,多云,18,16,3,0.0,81,28
2026-05-21 09:30:46,2026-05-21,2,乒乓球厅-5号,14:00-15:00,0,1,可预约,￥5.0,多云,18,16,3,0.0,81,32
2026-05-21 09:40:36,2026-05-21,2,乒乓球厅-5号,14:00-15:00,0,1,可预约,￥5.0,多云,19,17,3,0.0,79,32
2026-05-21 09:50:42,2026-05-21,2,乒乓球厅-5号,14:00-15:00,0,1,可预约,￥5.0,多云,19,17,4,0.0,81,32
2026-05-21 10:00:46,2026-05-21,2,乒乓球厅-5号,14:00-15:00,0,1,可预约,￥5.0,多云,19,17,4,0.0,79,32
2026-05-21 10:10:40,2026-05-21,2,乒乓球厅-5号,14:00-15:00,0,1,可预约,￥5.0,多云,19,17,4,0.0,79,32
2026-05-21 10:20:38,2026-05-21,2,乒乓球厅-5号,14:00-15:00,0,1,可预约,￥5.0,多云,19,17,4,0.0,79,32
2026-05-21 10:30:41,2026-05-21,2,乒乓球厅-5号,14:00-15:00,0,1,可预约,￥5.0,多云,19,18,3,0.0,78,31
2026-05-21 11:00:44,2026-05-21,2,乒乓球厅-5号,14:00-15:00,0,1,可预约,￥5.0,多云,21,17,5,0.0,74,31
2026-05-21 11:30:38,2026-05-21,2,乒乓球厅-5号,14:00-15:00,0,1,可预约,￥5.0,多云,21,19,3,0.0,72,33
2026-05-21 12:00:46,2026-05-21,2,乒乓球厅-5号,14:00-15:00,0,1,可预约,￥5.0,多云,22,19,4,0.0,70,33
2026-05-21 12:30:42,2026-05-21,2,乒乓球厅-5号,14:00-15:00,0,1,可预约,￥5.0,多云,22,21,3,0.0,68,35
2026-05-21 13:00:43,2026-05-21,2,乒乓球厅-5号,14:00-15:00,0,1,可预约,￥5.0,多云,24,22,4,0.0,66,35
2026-05-21 13:30:43,2026-05-21,2,乒乓球厅-5号,14:00-15:00,0,1,可预约,￥5.0,多云,24,22,4,0.0,66,36
2026-05-21 14:00:48,2026-05-21,2,乒乓球厅-5号,14:00-15:00,0,1,可预约,￥5.0,多云,25,23,4,0.0,66,36
2026-05-21 14:30:45,2026-05-21,2,乒乓球厅-5号,14:00-15:00,0,1,可预约,￥5.0,晴,25,25,3,0.0,65,39
2026-05-21 15:00:45,2026-05-21,2,乒乓球厅-5号,14:00-15:00,0,1,不开放/已过期,,晴,25,22,4,0.0,56,39
2026-05-21 15:30:43,2026-05-21,2,乒乓球厅-5号,14:00-15:00,0,1,不开放/已过期,,晴,25,23,4,0.0,57,40
2026-05-21 16:00:51,2026-05-21,2,乒乓球厅-5号,14:00-15:00,0,1,不开放/已过期,,晴,25,23,4,0.0,57,40
2026-05-21 16:30:48,2026-05-21,2,乒乓球厅-5号,14:00-15:00,0,1,不开放/已过期,,晴,25,24,3,0.0,60,39
2026-05-21 17:00:49,2026-05-21,2,乒乓球厅-5号,14:00-15:00,0,1,不开放/已过期,,晴,25,24,4,0.0,61,39
2026-05-21 17:30:47,2026-05-21,2,乒乓球厅-5号,14:00-15:00,0,1,不开放/已过期,,多云,24,23,3,0.0,64,39
2026-05-21 18:00:50,2026-05-21,2,乒乓球厅-5号,14:00-15:00,0,1,不开放/已过期,,多云,24,23,3,0.0,68,39
2026-05-21 18:30:50,2026-05-21,2,乒乓球厅-5号,14:00-15:00,0,1,不开放/已过期,,阴,24,25,2,0.0,68,40
2026-05-21 19:00:50,2026-05-21,2,乒乓球厅-5号,14:00-15:00,0,1,不开放/已过期,,阴,23,23,3,0.0,76,40
2026-05-21 19:30:46,2026-05-21,2,乒乓球厅-5号,14:00-15:00,0,1,不开放/已过期,,阴,23,24,2,0.0,77,39
2026-05-21 20:00:49,2026-05-21,2,乒乓球厅-5号,14:00-15:00,0,1,不开放/已过期,,雾,22,23,2,0.0,89,39
2026-05-21 20:30:44,2026-05-21,2,乒乓球厅-5号,14:00-15:00,0,1,不开放/已过期,,雾,22,24,2,0.0,93,43
2026-05-21 21:00:56,2026-05-21,2,乒乓球厅-5号,14:00-15:00,0,1,不开放/已过期,,雾,20,21,2,0.0,98,43
2026-05-21 21:30:46,2026-05-21,2,乒乓球厅-5号,14:00-15:00,0,1,不开放/已过期,,雾,20,22,1,0.0,99,41
2026-05-21 22:01:02,2026-05-21,2,乒乓球厅-5号,14:00-15:00,0,1,不开放/已过期,,雾,19,20,2,0.0,93,41
2026-05-21 22:30:47,2026-05-21,2,乒乓球厅-5号,14:00-15:00,0,1,不开放/已过期,,雾,19,19,3,0.0,88,46
2026-05-21 23:00:56,2026-05-21,2,乒乓球厅-5号,14:00-15:00,0,1,不开放/已过期,,多云,18,17,3,0.0,85,46
2026-05-21 23:30:55,2026-05-21,2,乒乓球厅-5号,14:00-15:00,0,1,不开放/已过期,,多云,18,17,3,0.0,85,48
2026-05-21 00:30:49,2026-05-21,2,乒乓球厅-5号,15:00-16:00,0,1,可预约,￥5.0,多云,15,13,3,0.0,100,26
2026-05-21 01:00:55,2026-05-21,2,乒乓球厅-5号,15:00-16:00,0,1,可预约,￥5.0,多云,15,12,4,0.0,100,26
2026-05-21 01:30:47,2026-05-21,2,乒乓球厅-5号,15:00-16:00,0,1,可预约,￥5.0,多云,15,13,4,0.0,100,28
2026-05-21 02:00:53,2026-05-21,2,乒乓球厅-5号,15:00-16:00,0,1,可预约,￥5.0,多云,15,12,4,0.0,100,28
2026-05-21 02:30:49,2026-05-21,2,乒乓球厅-5号,15:00-16:00,0,1,可预约,￥5.0,多云,15,14,3,0.0,100,29
2026-05-21 03:00:55,2026-05-21,2,乒乓球厅-5号,15:00-16:00,0,1,可预约,￥5.0,多云,15,12,4,0.0,100,29
2026-05-21 03:30:49,2026-05-21,2,乒乓球厅-5号,15:00-16:00,0,1,可预约,￥5.0,多云,15,14,3,0.0,100,30
2026-05-21 04:30:45,2026-05-21,2,乒乓球厅-5号,15:00-16:00,0,1,可预约,￥5.0,多云,15,12,4,0.0,100,29
2026-05-21 05:00:52,2026-05-21,2,乒乓球厅-5号,15:00-16:00,0,1,可预约,￥5.0,多云,15,12,4,0.0,100,29
2026-05-21 05:30:49,2026-05-21,2,乒乓球厅-5号,15:00-16:00,0,1,可预约,￥5.0,多云,15,13,3,0.0,100,28
2026-05-21 06:00:50,2026-05-21,2,乒乓球厅-5号,15:00-16:00,0,1,可预约,￥5.0,多云,15,13,4,0.0,99,28
2026-05-21 06:30:38,2026-05-21,2,乒乓球厅-5号,15:00-16:00,0,1,可预约,￥5.0,多云,15,13,3,0.0,97,28
2026-05-21 07:00:43,2026-05-21,2,乒乓球厅-5号,15:00-16:00,0,1,可预约,￥5.0,晴,15,11,5,0.0,93,28
2026-05-21 07:30:39,2026-05-21,2,乒乓球厅-5号,15:00-16:00,0,1,可预约,￥5.0,晴,17,13,4,0.0,89,29
2026-05-21 07:50:40,2026-05-21,2,乒乓球厅-5号,15:00-16:00,0,1,可预约,￥5.0,晴,17,13,4,0.0,88,29
2026-05-21 07:53:31,2026-05-21,2,乒乓球厅-5号,15:00-16:00,0,1,可预约,￥5.0,晴,17,12,5,0.0,86,29
2026-05-21 07:56:31,2026-05-21,2,乒乓球厅-5号,15:00-16:00,0,1,可预约,￥5.0,晴,17,12,5,0.0,86,29
2026-05-21 07:59:26,2026-05-21,2,乒乓球厅-5号,15:00-16:00,0,1,可预约,￥5.0,晴,17,12,5,0.0,86,29
2026-05-21 08:00:45,2026-05-21,2,乒乓球厅-5号,15:00-16:00,0,1,可预约,￥5.0,晴,17,12,5,0.0,86,29
2026-05-21 08:02:30,2026-05-21,2,乒乓球厅-5号,15:00-16:00,0,1,可预约,￥5.0,多云,17,12,5,0.0,87,29
2026-05-21 08:05:36,2026-05-21,2,乒乓球厅-5号,15:00-16:00,0,1,可预约,￥5.0,多云,17,12,5,0.0,86,29
2026-05-21 08:08:31,2026-05-21,2,乒乓球厅-5号,15:00-16:00,0,1,可预约,￥5.0,多云,17,12,5,0.0,86,29
2026-05-21 08:11:30,2026-05-21,2,乒乓球厅-5号,15:00-16:00,0,1,可预约,￥5.0,多云,17,12,5,0.0,86,29
2026-05-21 08:14:31,2026-05-21,2,乒乓球厅-5号,15:00-16:00,0,1,可预约,￥5.0,多云,17,12,5,0.0,86,29
2026-05-21 08:17:30,2026-05-21,2,乒乓球厅-5号,15:00-16:00,0,1,可预约,￥5.0,多云,17,12,5,0.0,86,29
2026-05-21 08:20:35,2026-05-21,2,乒乓球厅-5号,15:00-16:00,0,1,可预约,￥5.0,多云,17,14,4,0.0,85,29
2026-05-21 08:25:32,2026-05-21,2,乒乓球厅-5号,15:00-16:00,0,1,可预约,￥5.0,多云,17,14,4,0.0,85,28
2026-05-21 08:30:42,2026-05-21,2,乒乓球厅-5号,15:00-16:00,0,1,可预约,￥5.0,多云,18,15,4,0.0,84,28
2026-05-21 08:35:31,2026-05-21,2,乒乓球厅-5号,15:00-16:00,0,1,可预约,￥5.0,多云,18,15,4,0.0,84,28
2026-05-21 08:40:38,2026-05-21,2,乒乓球厅-5号,15:00-16:00,0,1,可预约,￥5.0,多云,18,15,4,0.0,82,28
2026-05-21 08:45:33,2026-05-21,2,乒乓球厅-5号,15:00-16:00,0,1,可预约,￥5.0,多云,18,15,4,0.0,82,28
2026-05-21 08:50:36,2026-05-21,2,乒乓球厅-5号,15:00-16:00,0,1,可预约,￥5.0,多云,18,15,4,0.0,82,28
2026-05-21 08:55:34,2026-05-21,2,乒乓球厅-5号,15:00-16:00,0,1,可预约,￥5.0,多云,18,15,4,0.0,84,28
2026-05-21 09:00:51,2026-05-21,2,乒乓球厅-5号,15:00-16:00,0,1,可预约,￥5.0,多云,18,15,4,0.0,84,28
2026-05-21 09:01:59,2026-05-21,2,乒乓球厅-5号,15:00-16:00,0,1,可预约,￥5.0,多云,18,15,4,0.0,83,28
2026-05-21 09:05:33,2026-05-21,2,乒乓球厅-5号,15:00-16:00,0,1,可预约,￥5.0,多云,18,15,4,0.0,83,28
2026-05-21 09:20:38,2026-05-21,2,乒乓球厅-5号,15:00-16:00,0,1,可预约,￥5.0,多云,18,16,3,0.0,81,28
2026-05-21 09:30:46,2026-05-21,2,乒乓球厅-5号,15:00-16:00,0,1,可预约,￥5.0,多云,18,16,3,0.0,81,32
2026-05-21 09:40:36,2026-05-21,2,乒乓球厅-5号,15:00-16:00,0,1,可预约,￥5.0,多云,19,17,3,0.0,79,32
2026-05-21 09:50:42,2026-05-21,2,乒乓球厅-5号,15:00-16:00,0,1,可预约,￥5.0,多云,19,17,4,0.0,81,32
2026-05-21 10:00:46,2026-05-21,2,乒乓球厅-5号,15:00-16:00,0,1,可预约,￥5.0,多云,19,17,4,0.0,79,32
2026-05-21 10:10:40,2026-05-21,2,乒乓球厅-5号,15:00-16:00,0,1,可预约,￥5.0,多云,19,17,4,0.0,79,32
2026-05-21 10:20:38,2026-05-21,2,乒乓球厅-5号,15:00-16:00,0,1,可预约,￥5.0,多云,19,17,4,0.0,79,32
2026-05-21 10:30:41,2026-05-21,2,乒乓球厅-5号,15:00-16:00,0,1,可预约,￥5.0,多云,19,18,3,0.0,78,31
2026-05-21 11:00:44,2026-05-21,2,乒乓球厅-5号,15:00-16:00,0,1,可预约,￥5.0,多云,21,17,5,0.0,74,31
2026-05-21 11:30:38,2026-05-21,2,乒乓球厅-5号,15:00-16:00,0,1,可预约,￥5.0,多云,21,19,3,0.0,72,33
2026-05-21 12:00:46,2026-05-21,2,乒乓球厅-5号,15:00-16:00,0,1,可预约,￥5.0,多云,22,19,4,0.0,70,33
2026-05-21 12:30:42,2026-05-21,2,乒乓球厅-5号,15:00-16:00,0,1,可预约,￥5.0,多云,22,21,3,0.0,68,35
2026-05-21 13:00:43,2026-05-21,2,乒乓球厅-5号,15:00-16:00,0,1,可预约,￥5.0,多云,24,22,4,0.0,66,35
2026-05-21 13:30:43,2026-05-21,2,乒乓球厅-5号,15:00-16:00,0,1,可预约,￥5.0,多云,24,22,4,0.0,66,36
2026-05-21 14:00:48,2026-05-21,2,乒乓球厅-5号,15:00-16:00,0,1,可预约,￥5.0,多云,25,23,4,0.0,66,36
2026-05-21 14:30:45,2026-05-21,2,乒乓球厅-5号,15:00-16:00,0,1,可预约,￥5.0,晴,25,25,3,0.0,65,39
2026-05-21 15:00:45,2026-05-21,2,乒乓球厅-5号,15:00-16:00,0,1,可预约,￥5.0,晴,25,22,4,0.0,56,39
2026-05-21 15:30:43,2026-05-21,2,乒乓球厅-5号,15:00-16:00,0,1,可预约,￥5.0,晴,25,23,4,0.0,57,40
2026-05-21 16:00:51,2026-05-21,2,乒乓球厅-5号,15:00-16:00,0,1,不开放/已过期,,晴,25,23,4,0.0,57,40
2026-05-21 16:30:48,2026-05-21,2,乒乓球厅-5号,15:00-16:00,0,1,不开放/已过期,,晴,25,24,3,0.0,60,39
2026-05-21 17:00:49,2026-05-21,2,乒乓球厅-5号,15:00-16:00,0,1,不开放/已过期,,晴,25,24,4,0.0,61,39
2026-05-21 17:30:47,2026-05-21,2,乒乓球厅-5号,15:00-16:00,0,1,不开放/已过期,,多云,24,23,3,0.0,64,39
2026-05-21 18:00:50,2026-05-21,2,乒乓球厅-5号,15:00-16:00,0,1,不开放/已过期,,多云,24,23,3,0.0,68,39
2026-05-21 18:30:50,2026-05-21,2,乒乓球厅-5号,15:00-16:00,0,1,不开放/已过期,,阴,24,25,2,0.0,68,40
2026-05-21 19:00:50,2026-05-21,2,乒乓球厅-5号,15:00-16:00,0,1,不开放/已过期,,阴,23,23,3,0.0,76,40
2026-05-21 19:30:46,2026-05-21,2,乒乓球厅-5号,15:00-16:00,0,1,不开放/已过期,,阴,23,24,2,0.0,77,39
2026-05-21 20:00:49,2026-05-21,2,乒乓球厅-5号,15:00-16:00,0,1,不开放/已过期,,雾,22,23,2,0.0,89,39
2026-05-21 20:30:44,2026-05-21,2,乒乓球厅-5号,15:00-16:00,0,1,不开放/已过期,,雾,22,24,2,0.0,93,43
2026-05-21 21:00:56,2026-05-21,2,乒乓球厅-5号,15:00-16:00,0,1,不开放/已过期,,雾,20,21,2,0.0,98,43
2026-05-21 21:30:46,2026-05-21,2,乒乓球厅-5号,15:00-16:00,0,1,不开放/已过期,,雾,20,22,1,0.0,99,41
2026-05-21 22:01:02,2026-05-21,2,乒乓球厅-5号,15:00-16:00,0,1,不开放/已过期,,雾,19,20,2,0.0,93,41
2026-05-21 22:30:47,2026-05-21,2,乒乓球厅-5号,15:00-16:00,0,1,不开放/已过期,,雾,19,19,3,0.0,88,46
2026-05-21 23:00:56,2026-05-21,2,乒乓球厅-5号,15:00-16:00,0,1,不开放/已过期,,多云,18,17,3,0.0,85,46
2026-05-21 23:30:55,2026-05-21,2,乒乓球厅-5号,15:00-16:00,0,1,不开放/已过期,,多云,18,17,3,0.0,85,48
2026-05-21 00:30:49,2026-05-21,2,乒乓球厅-5号,16:00-17:00,0,1,可预约,￥5.0,多云,15,13,3,0.0,100,26
2026-05-21 01:00:55,2026-05-21,2,乒乓球厅-5号,16:00-17:00,0,1,可预约,￥5.0,多云,15,12,4,0.0,100,26
2026-05-21 01:30:47,2026-05-21,2,乒乓球厅-5号,16:00-17:00,0,1,可预约,￥5.0,多云,15,13,4,0.0,100,28
2026-05-21 02:00:53,2026-05-21,2,乒乓球厅-5号,16:00-17:00,0,1,可预约,￥5.0,多云,15,12,4,0.0,100,28
2026-05-21 02:30:49,2026-05-21,2,乒乓球厅-5号,16:00-17:00,0,1,可预约,￥5.0,多云,15,14,3,0.0,100,29
2026-05-21 03:00:55,2026-05-21,2,乒乓球厅-5号,16:00-17:00,0,1,可预约,￥5.0,多云,15,12,4,0.0,100,29
2026-05-21 03:30:49,2026-05-21,2,乒乓球厅-5号,16:00-17:00,0,1,可预约,￥5.0,多云,15,14,3,0.0,100,30
2026-05-21 04:30:45,2026-05-21,2,乒乓球厅-5号,16:00-17:00,0,1,可预约,￥5.0,多云,15,12,4,0.0,100,29
2026-05-21 05:00:52,2026-05-21,2,乒乓球厅-5号,16:00-17:00,0,1,可预约,￥5.0,多云,15,12,4,0.0,100,29
2026-05-21 05:30:49,2026-05-21,2,乒乓球厅-5号,16:00-17:00,0,1,可预约,￥5.0,多云,15,13,3,0.0,100,28
2026-05-21 06:00:50,2026-05-21,2,乒乓球厅-5号,16:00-17:00,0,1,可预约,￥5.0,多云,15,13,4,0.0,99,28
2026-05-21 06:30:38,2026-05-21,2,乒乓球厅-5号,16:00-17:00,0,1,可预约,￥5.0,多云,15,13,3,0.0,97,28
2026-05-21 07:00:43,2026-05-21,2,乒乓球厅-5号,16:00-17:00,0,1,可预约,￥5.0,晴,15,11,5,0.0,93,28
2026-05-21 07:30:39,2026-05-21,2,乒乓球厅-5号,16:00-17:00,0,1,可预约,￥5.0,晴,17,13,4,0.0,89,29
2026-05-21 07:50:40,2026-05-21,2,乒乓球厅-5号,16:00-17:00,0,1,可预约,￥5.0,晴,17,13,4,0.0,88,29
2026-05-21 07:53:31,2026-05-21,2,乒乓球厅-5号,16:00-17:00,0,1,可预约,￥5.0,晴,17,12,5,0.0,86,29
2026-05-21 07:56:31,2026-05-21,2,乒乓球厅-5号,16:00-17:00,0,1,可预约,￥5.0,晴,17,12,5,0.0,86,29
2026-05-21 07:59:26,2026-05-21,2,乒乓球厅-5号,16:00-17:00,0,1,可预约,￥5.0,晴,17,12,5,0.0,86,29
2026-05-21 08:00:45,2026-05-21,2,乒乓球厅-5号,16:00-17:00,0,1,可预约,￥5.0,晴,17,12,5,0.0,86,29
2026-05-21 08:02:30,2026-05-21,2,乒乓球厅-5号,16:00-17:00,0,1,可预约,￥5.0,多云,17,12,5,0.0,87,29
2026-05-21 08:05:36,2026-05-21,2,乒乓球厅-5号,16:00-17:00,0,1,可预约,￥5.0,多云,17,12,5,0.0,86,29
2026-05-21 08:08:31,2026-05-21,2,乒乓球厅-5号,16:00-17:00,0,1,可预约,￥5.0,多云,17,12,5,0.0,86,29
2026-05-21 08:11:30,2026-05-21,2,乒乓球厅-5号,16:00-17:00,0,1,可预约,￥5.0,多云,17,12,5,0.0,86,29
2026-05-21 08:14:31,2026-05-21,2,乒乓球厅-5号,16:00-17:00,0,1,可预约,￥5.0,多云,17,12,5,0.0,86,29
2026-05-21 08:17:30,2026-05-21,2,乒乓球厅-5号,16:00-17:00,0,1,可预约,￥5.0,多云,17,12,5,0.0,86,29
2026-05-21 08:20:35,2026-05-21,2,乒乓球厅-5号,16:00-17:00,0,1,可预约,￥5.0,多云,17,14,4,0.0,85,29
2026-05-21 08:25:32,2026-05-21,2,乒乓球厅-5号,16:00-17:00,0,1,可预约,￥5.0,多云,17,14,4,0.0,85,28
2026-05-21 08:30:42,2026-05-21,2,乒乓球厅-5号,16:00-17:00,0,1,可预约,￥5.0,多云,18,15,4,0.0,84,28
2026-05-21 08:35:31,2026-05-21,2,乒乓球厅-5号,16:00-17:00,0,1,可预约,￥5.0,多云,18,15,4,0.0,84,28
2026-05-21 08:40:38,2026-05-21,2,乒乓球厅-5号,16:00-17:00,0,1,可预约,￥5.0,多云,18,15,4,0.0,82,28
2026-05-21 08:45:33,2026-05-21,2,乒乓球厅-5号,16:00-17:00,0,1,可预约,￥5.0,多云,18,15,4,0.0,82,28
2026-05-21 08:50:36,2026-05-21,2,乒乓球厅-5号,16:00-17:00,0,1,可预约,￥5.0,多云,18,15,4,0.0,82,28
2026-05-21 08:55:34,2026-05-21,2,乒乓球厅-5号,16:00-17:00,0,1,可预约,￥5.0,多云,18,15,4,0.0,84,28
2026-05-21 09:00:51,2026-05-21,2,乒乓球厅-5号,16:00-17:00,0,1,可预约,￥5.0,多云,18,15,4,0.0,84,28
2026-05-21 09:01:59,2026-05-21,2,乒乓球厅-5号,16:00-17:00,0,1,可预约,￥5.0,多云,18,15,4,0.0,83,28
2026-05-21 09:05:33,2026-05-21,2,乒乓球厅-5号,16:00-17:00,0,1,可预约,￥5.0,多云,18,15,4,0.0,83,28
2026-05-21 09:20:38,2026-05-21,2,乒乓球厅-5号,16:00-17:00,0,1,可预约,￥5.0,多云,18,16,3,0.0,81,28
2026-05-21 09:30:46,2026-05-21,2,乒乓球厅-5号,16:00-17:00,0,1,可预约,￥5.0,多云,18,16,3,0.0,81,32
2026-05-21 09:40:36,2026-05-21,2,乒乓球厅-5号,16:00-17:00,0,1,可预约,￥5.0,多云,19,17,3,0.0,79,32
2026-05-21 09:50:42,2026-05-21,2,乒乓球厅-5号,16:00-17:00,0,1,可预约,￥5.0,多云,19,17,4,0.0,81,32
2026-05-21 10:00:46,2026-05-21,2,乒乓球厅-5号,16:00-17:00,0,1,可预约,￥5.0,多云,19,17,4,0.0,79,32
2026-05-21 10:10:40,2026-05-21,2,乒乓球厅-5号,16:00-17:00,0,1,可预约,￥5.0,多云,19,17,4,0.0,79,32
2026-05-21 10:20:38,2026-05-21,2,乒乓球厅-5号,16:00-17:00,0,1,可预约,￥5.0,多云,19,17,4,0.0,79,32
2026-05-21 10:30:41,2026-05-21,2,乒乓球厅-5号,16:00-17:00,0,1,可预约,￥5.0,多云,19,18,3,0.0,78,31
2026-05-21 11:00:44,2026-05-21,2,乒乓球厅-5号,16:00-17:00,0,1,可预约,￥5.0,多云,21,17,5,0.0,74,31
2026-05-21 11:30:38,2026-05-21,2,乒乓球厅-5号,16:00-17:00,0,1,可预约,￥5.0,多云,21,19,3,0.0,72,33
2026-05-21 12:00:46,2026-05-21,2,乒乓球厅-5号,16:00-17:00,0,1,可预约,￥5.0,多云,22,19,4,0.0,70,33
2026-05-21 12:30:42,2026-05-21,2,乒乓球厅-5号,16:00-17:00,0,1,可预约,￥5.0,多云,22,21,3,0.0,68,35
2026-05-21 13:00:43,2026-05-21,2,乒乓球厅-5号,16:00-17:00,0,1,可预约,￥5.0,多云,24,22,4,0.0,66,35
2026-05-21 13:30:43,2026-05-21,2,乒乓球厅-5号,16:00-17:00,0,1,可预约,￥5.0,多云,24,22,4,0.0,66,36
2026-05-21 14:00:48,2026-05-21,2,乒乓球厅-5号,16:00-17:00,0,1,可预约,￥5.0,多云,25,23,4,0.0,66,36
2026-05-21 14:30:45,2026-05-21,2,乒乓球厅-5号,16:00-17:00,0,1,可预约,￥5.0,晴,25,25,3,0.0,65,39
2026-05-21 15:00:45,2026-05-21,2,乒乓球厅-5号,16:00-17:00,0,1,可预约,￥5.0,晴,25,22,4,0.0,56,39
2026-05-21 15:30:43,2026-05-21,2,乒乓球厅-5号,16:00-17:00,0,1,可预约,￥5.0,晴,25,23,4,0.0,57,40
2026-05-21 16:00:51,2026-05-21,2,乒乓球厅-5号,16:00-17:00,0,1,可预约,￥5.0,晴,25,23,4,0.0,57,40
2026-05-21 16:30:48,2026-05-21,2,乒乓球厅-5号,16:00-17:00,0,1,可预约,￥5.0,晴,25,24,3,0.0,60,39
2026-05-21 17:00:49,2026-05-21,2,乒乓球厅-5号,16:00-17:00,0,1,不开放/已过期,,晴,25,24,4,0.0,61,39
2026-05-21 17:30:47,2026-05-21,2,乒乓球厅-5号,16:00-17:00,0,1,不开放/已过期,,多云,24,23,3,0.0,64,39
2026-05-21 18:00:50,2026-05-21,2,乒乓球厅-5号,16:00-17:00,0,1,不开放/已过期,,多云,24,23,3,0.0,68,39
2026-05-21 18:30:50,2026-05-21,2,乒乓球厅-5号,16:00-17:00,0,1,不开放/已过期,,阴,24,25,2,0.0,68,40
2026-05-21 19:00:50,2026-05-21,2,乒乓球厅-5号,16:00-17:00,0,1,不开放/已过期,,阴,23,23,3,0.0,76,40
2026-05-21 19:30:46,2026-05-21,2,乒乓球厅-5号,16:00-17:00,0,1,不开放/已过期,,阴,23,24,2,0.0,77,39
2026-05-21 20:00:49,2026-05-21,2,乒乓球厅-5号,16:00-17:00,0,1,不开放/已过期,,雾,22,23,2,0.0,89,39
2026-05-21 20:30:44,2026-05-21,2,乒乓球厅-5号,16:00-17:00,0,1,不开放/已过期,,雾,22,24,2,0.0,93,43
2026-05-21 21:00:56,2026-05-21,2,乒乓球厅-5号,16:00-17:00,0,1,不开放/已过期,,雾,20,21,2,0.0,98,43
2026-05-21 21:30:46,2026-05-21,2,乒乓球厅-5号,16:00-17:00,0,1,不开放/已过期,,雾,20,22,1,0.0,99,41
2026-05-21 22:01:02,2026-05-21,2,乒乓球厅-5号,16:00-17:00,0,1,不开放/已过期,,雾,19,20,2,0.0,93,41
2026-05-21 22:30:47,2026-05-21,2,乒乓球厅-5号,16:00-17:00,0,1,不开放/已过期,,雾,19,19,3,0.0,88,46
2026-05-21 23:00:56,2026-05-21,2,乒乓球厅-5号,16:00-17:00,0,1,不开放/已过期,,多云,18,17,3,0.0,85,46
2026-05-21 23:30:55,2026-05-21,2,乒乓球厅-5号,16:00-17:00,0,1,不开放/已过期,,多云,18,17,3,0.0,85,48
2026-05-21 00:30:49,2026-05-21,2,乒乓球厅-5号,17:00-18:00,0,1,可预约,￥5.0,多云,15,13,3,0.0,100,26
2026-05-21 01:00:55,2026-05-21,2,乒乓球厅-5号,17:00-18:00,0,1,可预约,￥5.0,多云,15,12,4,0.0,100,26
2026-05-21 01:30:47,2026-05-21,2,乒乓球厅-5号,17:00-18:00,0,1,可预约,￥5.0,多云,15,13,4,0.0,100,28
2026-05-21 02:00:53,2026-05-21,2,乒乓球厅-5号,17:00-18:00,0,1,可预约,￥5.0,多云,15,12,4,0.0,100,28
2026-05-21 02:30:49,2026-05-21,2,乒乓球厅-5号,17:00-18:00,0,1,可预约,￥5.0,多云,15,14,3,0.0,100,29
2026-05-21 03:00:55,2026-05-21,2,乒乓球厅-5号,17:00-18:00,0,1,可预约,￥5.0,多云,15,12,4,0.0,100,29
2026-05-21 03:30:49,2026-05-21,2,乒乓球厅-5号,17:00-18:00,0,1,可预约,￥5.0,多云,15,14,3,0.0,100,30
2026-05-21 04:30:45,2026-05-21,2,乒乓球厅-5号,17:00-18:00,0,1,可预约,￥5.0,多云,15,12,4,0.0,100,29
2026-05-21 05:00:52,2026-05-21,2,乒乓球厅-5号,17:00-18:00,0,1,可预约,￥5.0,多云,15,12,4,0.0,100,29
2026-05-21 05:30:49,2026-05-21,2,乒乓球厅-5号,17:00-18:00,0,1,可预约,￥5.0,多云,15,13,3,0.0,100,28
2026-05-21 06:00:50,2026-05-21,2,乒乓球厅-5号,17:00-18:00,0,1,可预约,￥5.0,多云,15,13,4,0.0,99,28
2026-05-21 06:30:38,2026-05-21,2,乒乓球厅-5号,17:00-18:00,0,1,可预约,￥5.0,多云,15,13,3,0.0,97,28
2026-05-21 07:00:43,2026-05-21,2,乒乓球厅-5号,17:00-18:00,0,1,可预约,￥5.0,晴,15,11,5,0.0,93,28
2026-05-21 07:30:39,2026-05-21,2,乒乓球厅-5号,17:00-18:00,0,1,可预约,￥5.0,晴,17,13,4,0.0,89,29
2026-05-21 07:50:40,2026-05-21,2,乒乓球厅-5号,17:00-18:00,0,1,可预约,￥5.0,晴,17,13,4,0.0,88,29
2026-05-21 07:53:31,2026-05-21,2,乒乓球厅-5号,17:00-18:00,0,1,可预约,￥5.0,晴,17,12,5,0.0,86,29
2026-05-21 07:56:31,2026-05-21,2,乒乓球厅-5号,17:00-18:00,0,1,可预约,￥5.0,晴,17,12,5,0.0,86,29
2026-05-21 07:59:26,2026-05-21,2,乒乓球厅-5号,17:00-18:00,0,1,可预约,￥5.0,晴,17,12,5,0.0,86,29
2026-05-21 08:00:45,2026-05-21,2,乒乓球厅-5号,17:00-18:00,0,1,可预约,￥5.0,晴,17,12,5,0.0,86,29
2026-05-21 08:02:30,2026-05-21,2,乒乓球厅-5号,17:00-18:00,0,1,可预约,￥5.0,多云,17,12,5,0.0,87,29
2026-05-21 08:05:36,2026-05-21,2,乒乓球厅-5号,17:00-18:00,0,1,可预约,￥5.0,多云,17,12,5,0.0,86,29
2026-05-21 08:08:31,2026-05-21,2,乒乓球厅-5号,17:00-18:00,0,1,可预约,￥5.0,多云,17,12,5,0.0,86,29
2026-05-21 08:11:30,2026-05-21,2,乒乓球厅-5号,17:00-18:00,0,1,可预约,￥5.0,多云,17,12,5,0.0,86,29
2026-05-21 08:14:31,2026-05-21,2,乒乓球厅-5号,17:00-18:00,0,1,可预约,￥5.0,多云,17,12,5,0.0,86,29
2026-05-21 08:17:30,2026-05-21,2,乒乓球厅-5号,17:00-18:00,0,1,可预约,￥5.0,多云,17,12,5,0.0,86,29
2026-05-21 08:20:35,2026-05-21,2,乒乓球厅-5号,17:00-18:00,0,1,可预约,￥5.0,多云,17,14,4,0.0,85,29
2026-05-21 08:25:32,2026-05-21,2,乒乓球厅-5号,17:00-18:00,0,1,可预约,￥5.0,多云,17,14,4,0.0,85,28
2026-05-21 08:30:42,2026-05-21,2,乒乓球厅-5号,17:00-18:00,0,1,可预约,￥5.0,多云,18,15,4,0.0,84,28
2026-05-21 08:35:31,2026-05-21,2,乒乓球厅-5号,17:00-18:00,0,1,可预约,￥5.0,多云,18,15,4,0.0,84,28
2026-05-21 08:40:38,2026-05-21,2,乒乓球厅-5号,17:00-18:00,0,1,可预约,￥5.0,多云,18,15,4,0.0,82,28
2026-05-21 08:45:33,2026-05-21,2,乒乓球厅-5号,17:00-18:00,0,1,可预约,￥5.0,多云,18,15,4,0.0,82,28
2026-05-21 08:50:36,2026-05-21,2,乒乓球厅-5号,17:00-18:00,0,1,可预约,￥5.0,多云,18,15,4,0.0,82,28
2026-05-21 08:55:34,2026-05-21,2,乒乓球厅-5号,17:00-18:00,0,1,可预约,￥5.0,多云,18,15,4,0.0,84,28
2026-05-21 09:00:51,2026-05-21,2,乒乓球厅-5号,17:00-18:00,0,1,可预约,￥5.0,多云,18,15,4,0.0,84,28
2026-05-21 09:01:59,2026-05-21,2,乒乓球厅-5号,17:00-18:00,0,1,可预约,￥5.0,多云,18,15,4,0.0,83,28
2026-05-21 09:05:33,2026-05-21,2,乒乓球厅-5号,17:00-18:00,0,1,可预约,￥5.0,多云,18,15,4,0.0,83,28
2026-05-21 09:20:38,2026-05-21,2,乒乓球厅-5号,17:00-18:00,0,1,可预约,￥5.0,多云,18,16,3,0.0,81,28
2026-05-21 09:30:46,2026-05-21,2,乒乓球厅-5号,17:00-18:00,0,1,可预约,￥5.0,多云,18,16,3,0.0,81,32
2026-05-21 09:40:36,2026-05-21,2,乒乓球厅-5号,17:00-18:00,0,1,可预约,￥5.0,多云,19,17,3,0.0,79,32
2026-05-21 09:50:42,2026-05-21,2,乒乓球厅-5号,17:00-18:00,0,1,可预约,￥5.0,多云,19,17,4,0.0,81,32
2026-05-21 10:00:46,2026-05-21,2,乒乓球厅-5号,17:00-18:00,0,1,可预约,￥5.0,多云,19,17,4,0.0,79,32
2026-05-21 10:10:40,2026-05-21,2,乒乓球厅-5号,17:00-18:00,0,1,可预约,￥5.0,多云,19,17,4,0.0,79,32
2026-05-21 10:20:38,2026-05-21,2,乒乓球厅-5号,17:00-18:00,0,1,可预约,￥5.0,多云,19,17,4,0.0,79,32
2026-05-21 10:30:41,2026-05-21,2,乒乓球厅-5号,17:00-18:00,0,1,可预约,￥5.0,多云,19,18,3,0.0,78,31
2026-05-21 11:00:44,2026-05-21,2,乒乓球厅-5号,17:00-18:00,0,1,可预约,￥5.0,多云,21,17,5,0.0,74,31
2026-05-21 11:30:38,2026-05-21,2,乒乓球厅-5号,17:00-18:00,0,1,可预约,￥5.0,多云,21,19,3,0.0,72,33
2026-05-21 12:00:46,2026-05-21,2,乒乓球厅-5号,17:00-18:00,0,1,可预约,￥5.0,多云,22,19,4,0.0,70,33
2026-05-21 12:30:42,2026-05-21,2,乒乓球厅-5号,17:00-18:00,0,1,可预约,￥5.0,多云,22,21,3,0.0,68,35
2026-05-21 13:00:43,2026-05-21,2,乒乓球厅-5号,17:00-18:00,0,1,可预约,￥5.0,多云,24,22,4,0.0,66,35
2026-05-21 13:30:43,2026-05-21,2,乒乓球厅-5号,17:00-18:00,0,1,可预约,￥5.0,多云,24,22,4,0.0,66,36
2026-05-21 14:00:48,2026-05-21,2,乒乓球厅-5号,17:00-18:00,0,1,可预约,￥5.0,多云,25,23,4,0.0,66,36
2026-05-21 14:30:45,2026-05-21,2,乒乓球厅-5号,17:00-18:00,0,1,可预约,￥5.0,晴,25,25,3,0.0,65,39
2026-05-21 15:00:45,2026-05-21,2,乒乓球厅-5号,17:00-18:00,0,1,可预约,￥5.0,晴,25,22,4,0.0,56,39
2026-05-21 15:30:43,2026-05-21,2,乒乓球厅-5号,17:00-18:00,0,1,可预约,￥5.0,晴,25,23,4,0.0,57,40
2026-05-21 16:00:51,2026-05-21,2,乒乓球厅-5号,17:00-18:00,0,1,可预约,￥5.0,晴,25,23,4,0.0,57,40
2026-05-21 16:30:48,2026-05-21,2,乒乓球厅-5号,17:00-18:00,0,1,可预约,￥5.0,晴,25,24,3,0.0,60,39
2026-05-21 17:00:49,2026-05-21,2,乒乓球厅-5号,17:00-18:00,0,1,可预约,￥5.0,晴,25,24,4,0.0,61,39
2026-05-21 17:30:47,2026-05-21,2,乒乓球厅-5号,17:00-18:00,0,1,可预约,￥5.0,多云,24,23,3,0.0,64,39
2026-05-21 18:00:50,2026-05-21,2,乒乓球厅-5号,17:00-18:00,0,1,不开放/已过期,,多云,24,23,3,0.0,68,39
2026-05-21 18:30:50,2026-05-21,2,乒乓球厅-5号,17:00-18:00,0,1,不开放/已过期,,阴,24,25,2,0.0,68,40
2026-05-21 19:00:50,2026-05-21,2,乒乓球厅-5号,17:00-18:00,0,1,不开放/已过期,,阴,23,23,3,0.0,76,40
2026-05-21 19:30:46,2026-05-21,2,乒乓球厅-5号,17:00-18:00,0,1,不开放/已过期,,阴,23,24,2,0.0,77,39
2026-05-21 20:00:49,2026-05-21,2,乒乓球厅-5号,17:00-18:00,0,1,不开放/已过期,,雾,22,23,2,0.0,89,39
2026-05-21 20:30:44,2026-05-21,2,乒乓球厅-5号,17:00-18:00,0,1,不开放/已过期,,雾,22,24,2,0.0,93,43
2026-05-21 21:00:56,2026-05-21,2,乒乓球厅-5号,17:00-18:00,0,1,不开放/已过期,,雾,20,21,2,0.0,98,43
2026-05-21 21:30:46,2026-05-21,2,乒乓球厅-5号,17:00-18:00,0,1,不开放/已过期,,雾,20,22,1,0.0,99,41
2026-05-21 22:01:02,2026-05-21,2,乒乓球厅-5号,17:00-18:00,0,1,不开放/已过期,,雾,19,20,2,0.0,93,41
2026-05-21 22:30:47,2026-05-21,2,乒乓球厅-5号,17:00-18:00,0,1,不开放/已过期,,雾,19,19,3,0.0,88,46
2026-05-21 23:00:56,2026-05-21,2,乒乓球厅-5号,17:00-18:00,0,1,不开放/已过期,,多云,18,17,3,0.0,85,46
2026-05-21 23:30:55,2026-05-21,2,乒乓球厅-5号,17:00-18:00,0,1,不开放/已过期,,多云,18,17,3,0.0,85,48
2026-05-21 00:30:49,2026-05-21,2,乒乓球厅-5号,18:30-19:30,0,1,可预约,￥5.0,多云,15,13,3,0.0,100,26
2026-05-21 01:00:55,2026-05-21,2,乒乓球厅-5号,18:30-19:30,0,1,可预约,￥5.0,多云,15,12,4,0.0,100,26
2026-05-21 01:30:47,2026-05-21,2,乒乓球厅-5号,18:30-19:30,0,1,可预约,￥5.0,多云,15,13,4,0.0,100,28
2026-05-21 02:00:53,2026-05-21,2,乒乓球厅-5号,18:30-19:30,0,1,可预约,￥5.0,多云,15,12,4,0.0,100,28
2026-05-21 02:30:49,2026-05-21,2,乒乓球厅-5号,18:30-19:30,0,1,可预约,￥5.0,多云,15,14,3,0.0,100,29
2026-05-21 03:00:55,2026-05-21,2,乒乓球厅-5号,18:30-19:30,0,1,可预约,￥5.0,多云,15,12,4,0.0,100,29
2026-05-21 03:30:49,2026-05-21,2,乒乓球厅-5号,18:30-19:30,0,1,可预约,￥5.0,多云,15,14,3,0.0,100,30
2026-05-21 04:30:45,2026-05-21,2,乒乓球厅-5号,18:30-19:30,0,1,可预约,￥5.0,多云,15,12,4,0.0,100,29
2026-05-21 05:00:52,2026-05-21,2,乒乓球厅-5号,18:30-19:30,0,1,可预约,￥5.0,多云,15,12,4,0.0,100,29
2026-05-21 05:30:49,2026-05-21,2,乒乓球厅-5号,18:30-19:30,0,1,可预约,￥5.0,多云,15,13,3,0.0,100,28
2026-05-21 06:00:50,2026-05-21,2,乒乓球厅-5号,18:30-19:30,0,1,可预约,￥5.0,多云,15,13,4,0.0,99,28
2026-05-21 06:30:38,2026-05-21,2,乒乓球厅-5号,18:30-19:30,0,1,可预约,￥5.0,多云,15,13,3,0.0,97,28
2026-05-21 07:00:43,2026-05-21,2,乒乓球厅-5号,18:30-19:30,0,1,可预约,￥5.0,晴,15,11,5,0.0,93,28
2026-05-21 07:30:39,2026-05-21,2,乒乓球厅-5号,18:30-19:30,0,1,可预约,￥5.0,晴,17,13,4,0.0,89,29
2026-05-21 07:50:40,2026-05-21,2,乒乓球厅-5号,18:30-19:30,0,1,可预约,￥5.0,晴,17,13,4,0.0,88,29
2026-05-21 07:53:31,2026-05-21,2,乒乓球厅-5号,18:30-19:30,0,1,可预约,￥5.0,晴,17,12,5,0.0,86,29
2026-05-21 07:56:31,2026-05-21,2,乒乓球厅-5号,18:30-19:30,0,1,可预约,￥5.0,晴,17,12,5,0.0,86,29
2026-05-21 07:59:26,2026-05-21,2,乒乓球厅-5号,18:30-19:30,0,1,可预约,￥5.0,晴,17,12,5,0.0,86,29
2026-05-21 08:00:45,2026-05-21,2,乒乓球厅-5号,18:30-19:30,0,1,可预约,￥5.0,晴,17,12,5,0.0,86,29
2026-05-21 08:02:30,2026-05-21,2,乒乓球厅-5号,18:30-19:30,0,1,可预约,￥5.0,多云,17,12,5,0.0,87,29
2026-05-21 08:05:36,2026-05-21,2,乒乓球厅-5号,18:30-19:30,0,1,可预约,￥5.0,多云,17,12,5,0.0,86,29
2026-05-21 08:08:31,2026-05-21,2,乒乓球厅-5号,18:30-19:30,0,1,可预约,￥5.0,多云,17,12,5,0.0,86,29
2026-05-21 08:11:30,2026-05-21,2,乒乓球厅-5号,18:30-19:30,0,1,可预约,￥5.0,多云,17,12,5,0.0,86,29
2026-05-21 08:14:31,2026-05-21,2,乒乓球厅-5号,18:30-19:30,0,1,可预约,￥5.0,多云,17,12,5,0.0,86,29
2026-05-21 08:17:30,2026-05-21,2,乒乓球厅-5号,18:30-19:30,0,1,可预约,￥5.0,多云,17,12,5,0.0,86,29
2026-05-21 08:20:35,2026-05-21,2,乒乓球厅-5号,18:30-19:30,0,1,可预约,￥5.0,多云,17,14,4,0.0,85,29
2026-05-21 08:25:32,2026-05-21,2,乒乓球厅-5号,18:30-19:30,0,1,可预约,￥5.0,多云,17,14,4,0.0,85,28
2026-05-21 08:30:42,2026-05-21,2,乒乓球厅-5号,18:30-19:30,0,1,可预约,￥5.0,多云,18,15,4,0.0,84,28
2026-05-21 08:35:31,2026-05-21,2,乒乓球厅-5号,18:30-19:30,0,1,可预约,￥5.0,多云,18,15,4,0.0,84,28
2026-05-21 08:40:38,2026-05-21,2,乒乓球厅-5号,18:30-19:30,0,1,可预约,￥5.0,多云,18,15,4,0.0,82,28
2026-05-21 08:45:33,2026-05-21,2,乒乓球厅-5号,18:30-19:30,0,1,可预约,￥5.0,多云,18,15,4,0.0,82,28
2026-05-21 08:50:36,2026-05-21,2,乒乓球厅-5号,18:30-19:30,0,1,可预约,￥5.0,多云,18,15,4,0.0,82,28
2026-05-21 08:55:34,2026-05-21,2,乒乓球厅-5号,18:30-19:30,0,1,可预约,￥5.0,多云,18,15,4,0.0,84,28
2026-05-21 09:00:51,2026-05-21,2,乒乓球厅-5号,18:30-19:30,0,1,可预约,￥5.0,多云,18,15,4,0.0,84,28
2026-05-21 09:01:59,2026-05-21,2,乒乓球厅-5号,18:30-19:30,0,1,可预约,￥5.0,多云,18,15,4,0.0,83,28
2026-05-21 09:05:33,2026-05-21,2,乒乓球厅-5号,18:30-19:30,0,1,可预约,￥5.0,多云,18,15,4,0.0,83,28
2026-05-21 09:20:38,2026-05-21,2,乒乓球厅-5号,18:30-19:30,0,1,可预约,￥5.0,多云,18,16,3,0.0,81,28
2026-05-21 09:30:46,2026-05-21,2,乒乓球厅-5号,18:30-19:30,0,1,可预约,￥5.0,多云,18,16,3,0.0,81,32
2026-05-21 09:40:36,2026-05-21,2,乒乓球厅-5号,18:30-19:30,0,1,可预约,￥5.0,多云,19,17,3,0.0,79,32
2026-05-21 09:50:42,2026-05-21,2,乒乓球厅-5号,18:30-19:30,0,1,可预约,￥5.0,多云,19,17,4,0.0,81,32
2026-05-21 10:00:46,2026-05-21,2,乒乓球厅-5号,18:30-19:30,0,1,可预约,￥5.0,多云,19,17,4,0.0,79,32
2026-05-21 10:10:40,2026-05-21,2,乒乓球厅-5号,18:30-19:30,0,1,可预约,￥5.0,多云,19,17,4,0.0,79,32
2026-05-21 10:20:38,2026-05-21,2,乒乓球厅-5号,18:30-19:30,0,1,可预约,￥5.0,多云,19,17,4,0.0,79,32
2026-05-21 10:30:41,2026-05-21,2,乒乓球厅-5号,18:30-19:30,0,1,可预约,￥5.0,多云,19,18,3,0.0,78,31
2026-05-21 11:00:44,2026-05-21,2,乒乓球厅-5号,18:30-19:30,0,1,可预约,￥5.0,多云,21,17,5,0.0,74,31
2026-05-21 11:30:38,2026-05-21,2,乒乓球厅-5号,18:30-19:30,0,1,可预约,￥5.0,多云,21,19,3,0.0,72,33
2026-05-21 12:00:46,2026-05-21,2,乒乓球厅-5号,18:30-19:30,0,1,可预约,￥5.0,多云,22,19,4,0.0,70,33
2026-05-21 12:30:42,2026-05-21,2,乒乓球厅-5号,18:30-19:30,0,1,可预约,￥5.0,多云,22,21,3,0.0,68,35
2026-05-21 13:00:43,2026-05-21,2,乒乓球厅-5号,18:30-19:30,0,1,可预约,￥5.0,多云,24,22,4,0.0,66,35
2026-05-21 13:30:43,2026-05-21,2,乒乓球厅-5号,18:30-19:30,0,1,可预约,￥5.0,多云,24,22,4,0.0,66,36
2026-05-21 14:00:48,2026-05-21,2,乒乓球厅-5号,18:30-19:30,0,1,可预约,￥5.0,多云,25,23,4,0.0,66,36
2026-05-21 14:30:45,2026-05-21,2,乒乓球厅-5号,18:30-19:30,0,1,可预约,￥5.0,晴,25,25,3,0.0,65,39
2026-05-21 15:00:45,2026-05-21,2,乒乓球厅-5号,18:30-19:30,0,1,可预约,￥5.0,晴,25,22,4,0.0,56,39
2026-05-21 15:30:43,2026-05-21,2,乒乓球厅-5号,18:30-19:30,0,1,可预约,￥5.0,晴,25,23,4,0.0,57,40
2026-05-21 16:00:51,2026-05-21,2,乒乓球厅-5号,18:30-19:30,0,1,可预约,￥5.0,晴,25,23,4,0.0,57,40
2026-05-21 16:30:48,2026-05-21,2,乒乓球厅-5号,18:30-19:30,0,1,可预约,￥5.0,晴,25,24,3,0.0,60,39
2026-05-21 17:00:49,2026-05-21,2,乒乓球厅-5号,18:30-19:30,0,1,可预约,￥5.0,晴,25,24,4,0.0,61,39
2026-05-21 17:30:47,2026-05-21,2,乒乓球厅-5号,18:30-19:30,0,1,可预约,￥5.0,多云,24,23,3,0.0,64,39
2026-05-21 18:00:50,2026-05-21,2,乒乓球厅-5号,18:30-19:30,0,1,可预约,￥5.0,多云,24,23,3,0.0,68,39
2026-05-21 18:30:50,2026-05-21,2,乒乓球厅-5号,18:30-19:30,0,1,可预约,￥5.0,阴,24,25,2,0.0,68,40
2026-05-21 19:00:50,2026-05-21,2,乒乓球厅-5号,18:30-19:30,0,1,可预约,￥5.0,阴,23,23,3,0.0,76,40
2026-05-21 19:30:46,2026-05-21,2,乒乓球厅-5号,18:30-19:30,0,1,不开放/已过期,,阴,23,24,2,0.0,77,39
2026-05-21 20:00:49,2026-05-21,2,乒乓球厅-5号,18:30-19:30,0,1,不开放/已过期,,雾,22,23,2,0.0,89,39
2026-05-21 20:30:44,2026-05-21,2,乒乓球厅-5号,18:30-19:30,0,1,不开放/已过期,,雾,22,24,2,0.0,93,43
2026-05-21 21:00:56,2026-05-21,2,乒乓球厅-5号,18:30-19:30,0,1,不开放/已过期,,雾,20,21,2,0.0,98,43
2026-05-21 21:30:46,2026-05-21,2,乒乓球厅-5号,18:30-19:30,0,1,不开放/已过期,,雾,20,22,1,0.0,99,41
2026-05-21 22:01:02,2026-05-21,2,乒乓球厅-5号,18:30-19:30,0,1,不开放/已过期,,雾,19,20,2,0.0,93,41
2026-05-21 22:30:47,2026-05-21,2,乒乓球厅-5号,18:30-19:30,0,1,不开放/已过期,,雾,19,19,3,0.0,88,46
2026-05-21 23:00:56,2026-05-21,2,乒乓球厅-5号,18:30-19:30,0,1,不开放/已过期,,多云,18,17,3,0.0,85,46
2026-05-21 23:30:55,2026-05-21,2,乒乓球厅-5号,18:30-19:30,0,1,不开放/已过期,,多云,18,17,3,0.0,85,48
2026-05-21 00:30:49,2026-05-21,2,乒乓球厅-5号,19:30-20:30,0,1,可预约,￥5.0,多云,15,13,3,0.0,100,26
2026-05-21 01:00:55,2026-05-21,2,乒乓球厅-5号,19:30-20:30,0,1,可预约,￥5.0,多云,15,12,4,0.0,100,26
2026-05-21 01:30:47,2026-05-21,2,乒乓球厅-5号,19:30-20:30,0,1,可预约,￥5.0,多云,15,13,4,0.0,100,28
2026-05-21 02:00:53,2026-05-21,2,乒乓球厅-5号,19:30-20:30,0,1,可预约,￥5.0,多云,15,12,4,0.0,100,28
2026-05-21 02:30:49,2026-05-21,2,乒乓球厅-5号,19:30-20:30,0,1,可预约,￥5.0,多云,15,14,3,0.0,100,29
2026-05-21 03:00:55,2026-05-21,2,乒乓球厅-5号,19:30-20:30,0,1,可预约,￥5.0,多云,15,12,4,0.0,100,29
2026-05-21 03:30:49,2026-05-21,2,乒乓球厅-5号,19:30-20:30,0,1,可预约,￥5.0,多云,15,14,3,0.0,100,30
2026-05-21 04:30:45,2026-05-21,2,乒乓球厅-5号,19:30-20:30,0,1,可预约,￥5.0,多云,15,12,4,0.0,100,29
2026-05-21 05:00:52,2026-05-21,2,乒乓球厅-5号,19:30-20:30,0,1,可预约,￥5.0,多云,15,12,4,0.0,100,29
2026-05-21 05:30:49,2026-05-21,2,乒乓球厅-5号,19:30-20:30,0,1,可预约,￥5.0,多云,15,13,3,0.0,100,28
2026-05-21 06:00:50,2026-05-21,2,乒乓球厅-5号,19:30-20:30,0,1,可预约,￥5.0,多云,15,13,4,0.0,99,28
2026-05-21 06:30:38,2026-05-21,2,乒乓球厅-5号,19:30-20:30,0,1,可预约,￥5.0,多云,15,13,3,0.0,97,28
2026-05-21 07:00:43,2026-05-21,2,乒乓球厅-5号,19:30-20:30,0,1,可预约,￥5.0,晴,15,11,5,0.0,93,28
2026-05-21 07:30:39,2026-05-21,2,乒乓球厅-5号,19:30-20:30,0,1,可预约,￥5.0,晴,17,13,4,0.0,89,29
2026-05-21 07:50:40,2026-05-21,2,乒乓球厅-5号,19:30-20:30,0,1,可预约,￥5.0,晴,17,13,4,0.0,88,29
2026-05-21 07:53:31,2026-05-21,2,乒乓球厅-5号,19:30-20:30,0,1,可预约,￥5.0,晴,17,12,5,0.0,86,29
2026-05-21 07:56:31,2026-05-21,2,乒乓球厅-5号,19:30-20:30,0,1,可预约,￥5.0,晴,17,12,5,0.0,86,29
2026-05-21 07:59:26,2026-05-21,2,乒乓球厅-5号,19:30-20:30,0,1,可预约,￥5.0,晴,17,12,5,0.0,86,29
2026-05-21 08:00:45,2026-05-21,2,乒乓球厅-5号,19:30-20:30,0,1,可预约,￥5.0,晴,17,12,5,0.0,86,29
2026-05-21 08:02:30,2026-05-21,2,乒乓球厅-5号,19:30-20:30,0,1,可预约,￥5.0,多云,17,12,5,0.0,87,29
2026-05-21 08:05:36,2026-05-21,2,乒乓球厅-5号,19:30-20:30,0,1,可预约,￥5.0,多云,17,12,5,0.0,86,29
2026-05-21 08:08:31,2026-05-21,2,乒乓球厅-5号,19:30-20:30,0,1,可预约,￥5.0,多云,17,12,5,0.0,86,29
2026-05-21 08:11:30,2026-05-21,2,乒乓球厅-5号,19:30-20:30,0,1,可预约,￥5.0,多云,17,12,5,0.0,86,29
2026-05-21 08:14:31,2026-05-21,2,乒乓球厅-5号,19:30-20:30,0,1,可预约,￥5.0,多云,17,12,5,0.0,86,29
2026-05-21 08:17:30,2026-05-21,2,乒乓球厅-5号,19:30-20:30,0,1,可预约,￥5.0,多云,17,12,5,0.0,86,29
2026-05-21 08:20:35,2026-05-21,2,乒乓球厅-5号,19:30-20:30,0,1,可预约,￥5.0,多云,17,14,4,0.0,85,29
2026-05-21 08:25:32,2026-05-21,2,乒乓球厅-5号,19:30-20:30,0,1,可预约,￥5.0,多云,17,14,4,0.0,85,28
2026-05-21 08:30:42,2026-05-21,2,乒乓球厅-5号,19:30-20:30,0,1,可预约,￥5.0,多云,18,15,4,0.0,84,28
2026-05-21 08:35:31,2026-05-21,2,乒乓球厅-5号,19:30-20:30,0,1,可预约,￥5.0,多云,18,15,4,0.0,84,28
2026-05-21 08:40:38,2026-05-21,2,乒乓球厅-5号,19:30-20:30,0,1,可预约,￥5.0,多云,18,15,4,0.0,82,28
2026-05-21 08:45:33,2026-05-21,2,乒乓球厅-5号,19:30-20:30,0,1,可预约,￥5.0,多云,18,15,4,0.0,82,28
2026-05-21 08:50:36,2026-05-21,2,乒乓球厅-5号,19:30-20:30,0,1,可预约,￥5.0,多云,18,15,4,0.0,82,28
2026-05-21 08:55:34,2026-05-21,2,乒乓球厅-5号,19:30-20:30,0,1,可预约,￥5.0,多云,18,15,4,0.0,84,28
2026-05-21 09:00:51,2026-05-21,2,乒乓球厅-5号,19:30-20:30,0,1,可预约,￥5.0,多云,18,15,4,0.0,84,28
2026-05-21 09:01:59,2026-05-21,2,乒乓球厅-5号,19:30-20:30,0,1,可预约,￥5.0,多云,18,15,4,0.0,83,28
2026-05-21 09:05:33,2026-05-21,2,乒乓球厅-5号,19:30-20:30,0,1,可预约,￥5.0,多云,18,15,4,0.0,83,28
2026-05-21 09:20:38,2026-05-21,2,乒乓球厅-5号,19:30-20:30,0,1,可预约,￥5.0,多云,18,16,3,0.0,81,28
2026-05-21 09:30:46,2026-05-21,2,乒乓球厅-5号,19:30-20:30,0,1,可预约,￥5.0,多云,18,16,3,0.0,81,32
2026-05-21 09:40:36,2026-05-21,2,乒乓球厅-5号,19:30-20:30,0,1,可预约,￥5.0,多云,19,17,3,0.0,79,32
2026-05-21 09:50:42,2026-05-21,2,乒乓球厅-5号,19:30-20:30,0,1,可预约,￥5.0,多云,19,17,4,0.0,81,32
2026-05-21 10:00:46,2026-05-21,2,乒乓球厅-5号,19:30-20:30,0,1,可预约,￥5.0,多云,19,17,4,0.0,79,32
2026-05-21 10:10:40,2026-05-21,2,乒乓球厅-5号,19:30-20:30,0,1,可预约,￥5.0,多云,19,17,4,0.0,79,32
2026-05-21 10:20:38,2026-05-21,2,乒乓球厅-5号,19:30-20:30,0,1,可预约,￥5.0,多云,19,17,4,0.0,79,32
2026-05-21 10:30:41,2026-05-21,2,乒乓球厅-5号,19:30-20:30,0,1,可预约,￥5.0,多云,19,18,3,0.0,78,31
2026-05-21 11:00:44,2026-05-21,2,乒乓球厅-5号,19:30-20:30,0,1,可预约,￥5.0,多云,21,17,5,0.0,74,31
2026-05-21 11:30:38,2026-05-21,2,乒乓球厅-5号,19:30-20:30,0,1,可预约,￥5.0,多云,21,19,3,0.0,72,33
2026-05-21 12:00:46,2026-05-21,2,乒乓球厅-5号,19:30-20:30,0,1,可预约,￥5.0,多云,22,19,4,0.0,70,33
2026-05-21 12:30:42,2026-05-21,2,乒乓球厅-5号,19:30-20:30,0,1,可预约,￥5.0,多云,22,21,3,0.0,68,35
2026-05-21 13:00:43,2026-05-21,2,乒乓球厅-5号,19:30-20:30,0,1,可预约,￥5.0,多云,24,22,4,0.0,66,35
2026-05-21 13:30:43,2026-05-21,2,乒乓球厅-5号,19:30-20:30,0,1,可预约,￥5.0,多云,24,22,4,0.0,66,36
2026-05-21 14:00:48,2026-05-21,2,乒乓球厅-5号,19:30-20:30,0,1,可预约,￥5.0,多云,25,23,4,0.0,66,36
2026-05-21 14:30:45,2026-05-21,2,乒乓球厅-5号,19:30-20:30,0,1,可预约,￥5.0,晴,25,25,3,0.0,65,39
2026-05-21 15:00:45,2026-05-21,2,乒乓球厅-5号,19:30-20:30,0,1,可预约,￥5.0,晴,25,22,4,0.0,56,39
2026-05-21 15:30:43,2026-05-21,2,乒乓球厅-5号,19:30-20:30,0,1,可预约,￥5.0,晴,25,23,4,0.0,57,40
2026-05-21 16:00:51,2026-05-21,2,乒乓球厅-5号,19:30-20:30,0,1,可预约,￥5.0,晴,25,23,4,0.0,57,40
2026-05-21 16:30:48,2026-05-21,2,乒乓球厅-5号,19:30-20:30,0,1,可预约,￥5.0,晴,25,24,3,0.0,60,39
2026-05-21 17:00:49,2026-05-21,2,乒乓球厅-5号,19:30-20:30,0,1,可预约,￥5.0,晴,25,24,4,0.0,61,39
2026-05-21 17:30:47,2026-05-21,2,乒乓球厅-5号,19:30-20:30,1,1,已售/已满,已售,多云,24,23,3,0.0,64,39
2026-05-21 18:00:50,2026-05-21,2,乒乓球厅-5号,19:30-20:30,1,1,已售/已满,已售,多云,24,23,3,0.0,68,39
2026-05-21 18:30:50,2026-05-21,2,乒乓球厅-5号,19:30-20:30,1,1,已售/已满,已售,阴,24,25,2,0.0,68,40
2026-05-21 19:00:50,2026-05-21,2,乒乓球厅-5号,19:30-20:30,1,1,已售/已满,已售,阴,23,23,3,0.0,76,40
2026-05-21 19:30:46,2026-05-21,2,乒乓球厅-5号,19:30-20:30,1,1,已售/已满,已售,阴,23,24,2,0.0,77,39
2026-05-21 20:00:49,2026-05-21,2,乒乓球厅-5号,19:30-20:30,1,1,已售/已满,已售,雾,22,23,2,0.0,89,39
2026-05-21 20:30:44,2026-05-21,2,乒乓球厅-5号,19:30-20:30,1,1,已售/已满,已售,雾,22,24,2,0.0,93,43
2026-05-21 21:00:56,2026-05-21,2,乒乓球厅-5号,19:30-20:30,1,1,已售/已满,已售,雾,20,21,2,0.0,98,43
2026-05-21 21:30:46,2026-05-21,2,乒乓球厅-5号,19:30-20:30,1,1,已售/已满,已售,雾,20,22,1,0.0,99,41
2026-05-21 22:01:02,2026-05-21,2,乒乓球厅-5号,19:30-20:30,1,1,已售/已满,已售,雾,19,20,2,0.0,93,41
2026-05-21 22:30:47,2026-05-21,2,乒乓球厅-5号,19:30-20:30,1,1,已售/已满,已售,雾,19,19,3,0.0,88,46
2026-05-21 23:00:56,2026-05-21,2,乒乓球厅-5号,19:30-20:30,1,1,已售/已满,已售,多云,18,17,3,0.0,85,46
2026-05-21 23:30:55,2026-05-21,2,乒乓球厅-5号,19:30-20:30,1,1,已售/已满,已售,多云,18,17,3,0.0,85,48
2026-05-21 00:30:49,2026-05-21,2,乒乓球厅-5号,20:30-21:30,0,1,可预约,￥5.0,多云,15,13,3,0.0,100,26
2026-05-21 01:00:55,2026-05-21,2,乒乓球厅-5号,20:30-21:30,0,1,可预约,￥5.0,多云,15,12,4,0.0,100,26
2026-05-21 01:30:47,2026-05-21,2,乒乓球厅-5号,20:30-21:30,0,1,可预约,￥5.0,多云,15,13,4,0.0,100,28
2026-05-21 02:00:53,2026-05-21,2,乒乓球厅-5号,20:30-21:30,0,1,可预约,￥5.0,多云,15,12,4,0.0,100,28
2026-05-21 02:30:49,2026-05-21,2,乒乓球厅-5号,20:30-21:30,0,1,可预约,￥5.0,多云,15,14,3,0.0,100,29
2026-05-21 03:00:55,2026-05-21,2,乒乓球厅-5号,20:30-21:30,0,1,可预约,￥5.0,多云,15,12,4,0.0,100,29
2026-05-21 03:30:49,2026-05-21,2,乒乓球厅-5号,20:30-21:30,0,1,可预约,￥5.0,多云,15,14,3,0.0,100,30
2026-05-21 04:30:45,2026-05-21,2,乒乓球厅-5号,20:30-21:30,0,1,可预约,￥5.0,多云,15,12,4,0.0,100,29
2026-05-21 05:00:52,2026-05-21,2,乒乓球厅-5号,20:30-21:30,0,1,可预约,￥5.0,多云,15,12,4,0.0,100,29
2026-05-21 05:30:49,2026-05-21,2,乒乓球厅-5号,20:30-21:30,0,1,可预约,￥5.0,多云,15,13,3,0.0,100,28
2026-05-21 06:00:50,2026-05-21,2,乒乓球厅-5号,20:30-21:30,0,1,可预约,￥5.0,多云,15,13,4,0.0,99,28
2026-05-21 06:30:38,2026-05-21,2,乒乓球厅-5号,20:30-21:30,0,1,可预约,￥5.0,多云,15,13,3,0.0,97,28
2026-05-21 07:00:43,2026-05-21,2,乒乓球厅-5号,20:30-21:30,0,1,可预约,￥5.0,晴,15,11,5,0.0,93,28
2026-05-21 07:30:39,2026-05-21,2,乒乓球厅-5号,20:30-21:30,0,1,可预约,￥5.0,晴,17,13,4,0.0,89,29
2026-05-21 07:50:40,2026-05-21,2,乒乓球厅-5号,20:30-21:30,0,1,可预约,￥5.0,晴,17,13,4,0.0,88,29
2026-05-21 07:53:31,2026-05-21,2,乒乓球厅-5号,20:30-21:30,0,1,可预约,￥5.0,晴,17,12,5,0.0,86,29
2026-05-21 07:56:31,2026-05-21,2,乒乓球厅-5号,20:30-21:30,0,1,可预约,￥5.0,晴,17,12,5,0.0,86,29
2026-05-21 07:59:26,2026-05-21,2,乒乓球厅-5号,20:30-21:30,0,1,可预约,￥5.0,晴,17,12,5,0.0,86,29
2026-05-21 08:00:45,2026-05-21,2,乒乓球厅-5号,20:30-21:30,0,1,可预约,￥5.0,晴,17,12,5,0.0,86,29
2026-05-21 08:02:30,2026-05-21,2,乒乓球厅-5号,20:30-21:30,0,1,可预约,￥5.0,多云,17,12,5,0.0,87,29
2026-05-21 08:05:36,2026-05-21,2,乒乓球厅-5号,20:30-21:30,0,1,可预约,￥5.0,多云,17,12,5,0.0,86,29
2026-05-21 08:08:31,2026-05-21,2,乒乓球厅-5号,20:30-21:30,0,1,可预约,￥5.0,多云,17,12,5,0.0,86,29
2026-05-21 08:11:30,2026-05-21,2,乒乓球厅-5号,20:30-21:30,0,1,可预约,￥5.0,多云,17,12,5,0.0,86,29
2026-05-21 08:14:31,2026-05-21,2,乒乓球厅-5号,20:30-21:30,0,1,可预约,￥5.0,多云,17,12,5,0.0,86,29
2026-05-21 08:17:30,2026-05-21,2,乒乓球厅-5号,20:30-21:30,0,1,可预约,￥5.0,多云,17,12,5,0.0,86,29
2026-05-21 08:20:35,2026-05-21,2,乒乓球厅-5号,20:30-21:30,0,1,可预约,￥5.0,多云,17,14,4,0.0,85,29
2026-05-21 08:25:32,2026-05-21,2,乒乓球厅-5号,20:30-21:30,0,1,可预约,￥5.0,多云,17,14,4,0.0,85,28
2026-05-21 08:30:42,2026-05-21,2,乒乓球厅-5号,20:30-21:30,0,1,可预约,￥5.0,多云,18,15,4,0.0,84,28
2026-05-21 08:35:31,2026-05-21,2,乒乓球厅-5号,20:30-21:30,0,1,可预约,￥5.0,多云,18,15,4,0.0,84,28
2026-05-21 08:40:38,2026-05-21,2,乒乓球厅-5号,20:30-21:30,0,1,可预约,￥5.0,多云,18,15,4,0.0,82,28
2026-05-21 08:45:33,2026-05-21,2,乒乓球厅-5号,20:30-21:30,0,1,可预约,￥5.0,多云,18,15,4,0.0,82,28
2026-05-21 08:50:36,2026-05-21,2,乒乓球厅-5号,20:30-21:30,0,1,可预约,￥5.0,多云,18,15,4,0.0,82,28
2026-05-21 08:55:34,2026-05-21,2,乒乓球厅-5号,20:30-21:30,0,1,可预约,￥5.0,多云,18,15,4,0.0,84,28
2026-05-21 09:00:51,2026-05-21,2,乒乓球厅-5号,20:30-21:30,0,1,可预约,￥5.0,多云,18,15,4,0.0,84,28
2026-05-21 09:01:59,2026-05-21,2,乒乓球厅-5号,20:30-21:30,0,1,可预约,￥5.0,多云,18,15,4,0.0,83,28
2026-05-21 09:05:33,2026-05-21,2,乒乓球厅-5号,20:30-21:30,0,1,可预约,￥5.0,多云,18,15,4,0.0,83,28
2026-05-21 09:20:38,2026-05-21,2,乒乓球厅-5号,20:30-21:30,0,1,可预约,￥5.0,多云,18,16,3,0.0,81,28
2026-05-21 09:30:46,2026-05-21,2,乒乓球厅-5号,20:30-21:30,0,1,可预约,￥5.0,多云,18,16,3,0.0,81,32
2026-05-21 09:40:36,2026-05-21,2,乒乓球厅-5号,20:30-21:30,0,1,可预约,￥5.0,多云,19,17,3,0.0,79,32
2026-05-21 09:50:42,2026-05-21,2,乒乓球厅-5号,20:30-21:30,0,1,可预约,￥5.0,多云,19,17,4,0.0,81,32
2026-05-21 10:00:46,2026-05-21,2,乒乓球厅-5号,20:30-21:30,0,1,可预约,￥5.0,多云,19,17,4,0.0,79,32
2026-05-21 10:10:40,2026-05-21,2,乒乓球厅-5号,20:30-21:30,0,1,可预约,￥5.0,多云,19,17,4,0.0,79,32
2026-05-21 10:20:38,2026-05-21,2,乒乓球厅-5号,20:30-21:30,0,1,可预约,￥5.0,多云,19,17,4,0.0,79,32
2026-05-21 10:30:41,2026-05-21,2,乒乓球厅-5号,20:30-21:30,0,1,可预约,￥5.0,多云,19,18,3,0.0,78,31
2026-05-21 11:00:44,2026-05-21,2,乒乓球厅-5号,20:30-21:30,0,1,可预约,￥5.0,多云,21,17,5,0.0,74,31
2026-05-21 11:30:38,2026-05-21,2,乒乓球厅-5号,20:30-21:30,0,1,可预约,￥5.0,多云,21,19,3,0.0,72,33
2026-05-21 12:00:46,2026-05-21,2,乒乓球厅-5号,20:30-21:30,0,1,可预约,￥5.0,多云,22,19,4,0.0,70,33
2026-05-21 12:30:42,2026-05-21,2,乒乓球厅-5号,20:30-21:30,0,1,可预约,￥5.0,多云,22,21,3,0.0,68,35
2026-05-21 13:00:43,2026-05-21,2,乒乓球厅-5号,20:30-21:30,0,1,可预约,￥5.0,多云,24,22,4,0.0,66,35
2026-05-21 13:30:43,2026-05-21,2,乒乓球厅-5号,20:30-21:30,0,1,可预约,￥5.0,多云,24,22,4,0.0,66,36
2026-05-21 14:00:48,2026-05-21,2,乒乓球厅-5号,20:30-21:30,0,1,可预约,￥5.0,多云,25,23,4,0.0,66,36
2026-05-21 14:30:45,2026-05-21,2,乒乓球厅-5号,20:30-21:30,0,1,可预约,￥5.0,晴,25,25,3,0.0,65,39
2026-05-21 15:00:45,2026-05-21,2,乒乓球厅-5号,20:30-21:30,0,1,可预约,￥5.0,晴,25,22,4,0.0,56,39
2026-05-21 15:30:43,2026-05-21,2,乒乓球厅-5号,20:30-21:30,0,1,可预约,￥5.0,晴,25,23,4,0.0,57,40
2026-05-21 16:00:51,2026-05-21,2,乒乓球厅-5号,20:30-21:30,0,1,可预约,￥5.0,晴,25,23,4,0.0,57,40
2026-05-21 16:30:48,2026-05-21,2,乒乓球厅-5号,20:30-21:30,0,1,可预约,￥5.0,晴,25,24,3,0.0,60,39
2026-05-21 17:00:49,2026-05-21,2,乒乓球厅-5号,20:30-21:30,0,1,可预约,￥5.0,晴,25,24,4,0.0,61,39
2026-05-21 17:30:47,2026-05-21,2,乒乓球厅-5号,20:30-21:30,0,1,可预约,￥5.0,多云,24,23,3,0.0,64,39
2026-05-21 18:00:50,2026-05-21,2,乒乓球厅-5号,20:30-21:30,0,1,可预约,￥5.0,多云,24,23,3,0.0,68,39
2026-05-21 18:30:50,2026-05-21,2,乒乓球厅-5号,20:30-21:30,0,1,可预约,￥5.0,阴,24,25,2,0.0,68,40
2026-05-21 19:00:50,2026-05-21,2,乒乓球厅-5号,20:30-21:30,0,1,可预约,￥5.0,阴,23,23,3,0.0,76,40
2026-05-21 19:30:46,2026-05-21,2,乒乓球厅-5号,20:30-21:30,0,1,可预约,￥5.0,阴,23,24,2,0.0,77,39
2026-05-21 20:00:49,2026-05-21,2,乒乓球厅-5号,20:30-21:30,0,1,可预约,￥5.0,雾,22,23,2,0.0,89,39
2026-05-21 20:30:44,2026-05-21,2,乒乓球厅-5号,20:30-21:30,0,1,可预约,￥5.0,雾,22,24,2,0.0,93,43
2026-05-21 21:00:56,2026-05-21,2,乒乓球厅-5号,20:30-21:30,0,1,可预约,￥5.0,雾,20,21,2,0.0,98,43
2026-05-21 21:30:46,2026-05-21,2,乒乓球厅-5号,20:30-21:30,0,1,不开放/已过期,,雾,20,22,1,0.0,99,41
2026-05-21 22:01:02,2026-05-21,2,乒乓球厅-5号,20:30-21:30,0,1,不开放/已过期,,雾,19,20,2,0.0,93,41
2026-05-21 22:30:47,2026-05-21,2,乒乓球厅-5号,20:30-21:30,0,1,不开放/已过期,,雾,19,19,3,0.0,88,46
2026-05-21 23:00:56,2026-05-21,2,乒乓球厅-5号,20:30-21:30,0,1,不开放/已过期,,多云,18,17,3,0.0,85,46
2026-05-21 23:30:55,2026-05-21,2,乒乓球厅-5号,20:30-21:30,0,1,不开放/已过期,,多云,18,17,3,0.0,85,48
2026-05-21 00:30:49,2026-05-21,2,乒乓球厅-6号,07:00-08:00,0,1,可预约,￥0.0,多云,15,13,3,0.0,100,26
2026-05-21 01:00:55,2026-05-21,2,乒乓球厅-6号,07:00-08:00,0,1,可预约,￥0.0,多云,15,12,4,0.0,100,26
2026-05-21 01:30:47,2026-05-21,2,乒乓球厅-6号,07:00-08:00,0,1,可预约,￥0.0,多云,15,13,4,0.0,100,28
2026-05-21 02:00:53,2026-05-21,2,乒乓球厅-6号,07:00-08:00,0,1,可预约,￥0.0,多云,15,12,4,0.0,100,28
2026-05-21 02:30:49,2026-05-21,2,乒乓球厅-6号,07:00-08:00,0,1,可预约,￥0.0,多云,15,14,3,0.0,100,29
2026-05-21 03:00:55,2026-05-21,2,乒乓球厅-6号,07:00-08:00,0,1,可预约,￥0.0,多云,15,12,4,0.0,100,29
2026-05-21 03:30:49,2026-05-21,2,乒乓球厅-6号,07:00-08:00,0,1,可预约,￥0.0,多云,15,14,3,0.0,100,30
2026-05-21 04:30:45,2026-05-21,2,乒乓球厅-6号,07:00-08:00,0,1,可预约,￥0.0,多云,15,12,4,0.0,100,29
2026-05-21 05:00:52,2026-05-21,2,乒乓球厅-6号,07:00-08:00,0,1,可预约,￥0.0,多云,15,12,4,0.0,100,29
2026-05-21 05:30:49,2026-05-21,2,乒乓球厅-6号,07:00-08:00,0,1,可预约,￥0.0,多云,15,13,3,0.0,100,28
2026-05-21 06:00:50,2026-05-21,2,乒乓球厅-6号,07:00-08:00,0,1,可预约,￥0.0,多云,15,13,4,0.0,99,28
2026-05-21 06:30:38,2026-05-21,2,乒乓球厅-6号,07:00-08:00,0,1,可预约,￥0.0,多云,15,13,3,0.0,97,28
2026-05-21 07:00:43,2026-05-21,2,乒乓球厅-6号,07:00-08:00,0,1,可预约,￥0.0,晴,15,11,5,0.0,93,28
2026-05-21 07:30:39,2026-05-21,2,乒乓球厅-6号,07:00-08:00,0,1,可预约,￥0.0,晴,17,13,4,0.0,89,29
2026-05-21 07:50:40,2026-05-21,2,乒乓球厅-6号,07:00-08:00,0,1,可预约,￥0.0,晴,17,13,4,0.0,88,29
2026-05-21 07:53:31,2026-05-21,2,乒乓球厅-6号,07:00-08:00,0,1,可预约,￥0.0,晴,17,12,5,0.0,86,29
2026-05-21 07:56:31,2026-05-21,2,乒乓球厅-6号,07:00-08:00,0,1,可预约,￥0.0,晴,17,12,5,0.0,86,29
2026-05-21 07:59:26,2026-05-21,2,乒乓球厅-6号,07:00-08:00,0,1,可预约,￥0.0,晴,17,12,5,0.0,86,29
2026-05-21 08:00:45,2026-05-21,2,乒乓球厅-6号,07:00-08:00,0,1,不开放/已过期,,晴,17,12,5,0.0,86,29
2026-05-21 08:02:30,2026-05-21,2,乒乓球厅-6号,07:00-08:00,0,1,不开放/已过期,,多云,17,12,5,0.0,87,29
2026-05-21 08:05:36,2026-05-21,2,乒乓球厅-6号,07:00-08:00,0,1,不开放/已过期,,多云,17,12,5,0.0,86,29
2026-05-21 08:08:31,2026-05-21,2,乒乓球厅-6号,07:00-08:00,0,1,不开放/已过期,,多云,17,12,5,0.0,86,29
2026-05-21 08:11:30,2026-05-21,2,乒乓球厅-6号,07:00-08:00,0,1,不开放/已过期,,多云,17,12,5,0.0,86,29
2026-05-21 08:14:31,2026-05-21,2,乒乓球厅-6号,07:00-08:00,0,1,不开放/已过期,,多云,17,12,5,0.0,86,29
2026-05-21 08:17:30,2026-05-21,2,乒乓球厅-6号,07:00-08:00,0,1,不开放/已过期,,多云,17,12,5,0.0,86,29
2026-05-21 08:20:35,2026-05-21,2,乒乓球厅-6号,07:00-08:00,0,1,不开放/已过期,,多云,17,14,4,0.0,85,29
2026-05-21 08:25:32,2026-05-21,2,乒乓球厅-6号,07:00-08:00,0,1,不开放/已过期,,多云,17,14,4,0.0,85,28
2026-05-21 08:30:42,2026-05-21,2,乒乓球厅-6号,07:00-08:00,0,1,不开放/已过期,,多云,18,15,4,0.0,84,28
2026-05-21 08:35:31,2026-05-21,2,乒乓球厅-6号,07:00-08:00,0,1,不开放/已过期,,多云,18,15,4,0.0,84,28
2026-05-21 08:40:38,2026-05-21,2,乒乓球厅-6号,07:00-08:00,0,1,不开放/已过期,,多云,18,15,4,0.0,82,28
2026-05-21 08:45:33,2026-05-21,2,乒乓球厅-6号,07:00-08:00,0,1,不开放/已过期,,多云,18,15,4,0.0,82,28
2026-05-21 08:50:36,2026-05-21,2,乒乓球厅-6号,07:00-08:00,0,1,不开放/已过期,,多云,18,15,4,0.0,82,28
2026-05-21 08:55:34,2026-05-21,2,乒乓球厅-6号,07:00-08:00,0,1,不开放/已过期,,多云,18,15,4,0.0,84,28
2026-05-21 09:00:51,2026-05-21,2,乒乓球厅-6号,07:00-08:00,0,1,不开放/已过期,,多云,18,15,4,0.0,84,28
2026-05-21 09:01:59,2026-05-21,2,乒乓球厅-6号,07:00-08:00,0,1,不开放/已过期,,多云,18,15,4,0.0,83,28
2026-05-21 09:05:33,2026-05-21,2,乒乓球厅-6号,07:00-08:00,0,1,不开放/已过期,,多云,18,15,4,0.0,83,28
2026-05-21 09:20:38,2026-05-21,2,乒乓球厅-6号,07:00-08:00,0,1,不开放/已过期,,多云,18,16,3,0.0,81,28
2026-05-21 09:30:46,2026-05-21,2,乒乓球厅-6号,07:00-08:00,0,1,不开放/已过期,,多云,18,16,3,0.0,81,32
2026-05-21 09:40:36,2026-05-21,2,乒乓球厅-6号,07:00-08:00,0,1,不开放/已过期,,多云,19,17,3,0.0,79,32
2026-05-21 09:50:42,2026-05-21,2,乒乓球厅-6号,07:00-08:00,0,1,不开放/已过期,,多云,19,17,4,0.0,81,32
2026-05-21 10:00:46,2026-05-21,2,乒乓球厅-6号,07:00-08:00,0,1,不开放/已过期,,多云,19,17,4,0.0,79,32
2026-05-21 10:10:40,2026-05-21,2,乒乓球厅-6号,07:00-08:00,0,1,不开放/已过期,,多云,19,17,4,0.0,79,32
2026-05-21 10:20:38,2026-05-21,2,乒乓球厅-6号,07:00-08:00,0,1,不开放/已过期,,多云,19,17,4,0.0,79,32
2026-05-21 10:30:41,2026-05-21,2,乒乓球厅-6号,07:00-08:00,0,1,不开放/已过期,,多云,19,18,3,0.0,78,31
2026-05-21 11:00:44,2026-05-21,2,乒乓球厅-6号,07:00-08:00,0,1,不开放/已过期,,多云,21,17,5,0.0,74,31
2026-05-21 11:30:38,2026-05-21,2,乒乓球厅-6号,07:00-08:00,0,1,不开放/已过期,,多云,21,19,3,0.0,72,33
2026-05-21 12:00:46,2026-05-21,2,乒乓球厅-6号,07:00-08:00,0,1,不开放/已过期,,多云,22,19,4,0.0,70,33
2026-05-21 12:30:42,2026-05-21,2,乒乓球厅-6号,07:00-08:00,0,1,不开放/已过期,,多云,22,21,3,0.0,68,35
2026-05-21 13:00:43,2026-05-21,2,乒乓球厅-6号,07:00-08:00,0,1,不开放/已过期,,多云,24,22,4,0.0,66,35
2026-05-21 13:30:43,2026-05-21,2,乒乓球厅-6号,07:00-08:00,0,1,不开放/已过期,,多云,24,22,4,0.0,66,36
2026-05-21 14:00:48,2026-05-21,2,乒乓球厅-6号,07:00-08:00,0,1,不开放/已过期,,多云,25,23,4,0.0,66,36
2026-05-21 14:30:45,2026-05-21,2,乒乓球厅-6号,07:00-08:00,0,1,不开放/已过期,,晴,25,25,3,0.0,65,39
2026-05-21 15:00:45,2026-05-21,2,乒乓球厅-6号,07:00-08:00,0,1,不开放/已过期,,晴,25,22,4,0.0,56,39
2026-05-21 15:30:43,2026-05-21,2,乒乓球厅-6号,07:00-08:00,0,1,不开放/已过期,,晴,25,23,4,0.0,57,40
2026-05-21 16:00:51,2026-05-21,2,乒乓球厅-6号,07:00-08:00,0,1,不开放/已过期,,晴,25,23,4,0.0,57,40
2026-05-21 16:30:48,2026-05-21,2,乒乓球厅-6号,07:00-08:00,0,1,不开放/已过期,,晴,25,24,3,0.0,60,39
2026-05-21 17:00:49,2026-05-21,2,乒乓球厅-6号,07:00-08:00,0,1,不开放/已过期,,晴,25,24,4,0.0,61,39
2026-05-21 17:30:47,2026-05-21,2,乒乓球厅-6号,07:00-08:00,0,1,不开放/已过期,,多云,24,23,3,0.0,64,39
2026-05-21 18:00:50,2026-05-21,2,乒乓球厅-6号,07:00-08:00,0,1,不开放/已过期,,多云,24,23,3,0.0,68,39
2026-05-21 18:30:50,2026-05-21,2,乒乓球厅-6号,07:00-08:00,0,1,不开放/已过期,,阴,24,25,2,0.0,68,40
2026-05-21 19:00:50,2026-05-21,2,乒乓球厅-6号,07:00-08:00,0,1,不开放/已过期,,阴,23,23,3,0.0,76,40
2026-05-21 19:30:46,2026-05-21,2,乒乓球厅-6号,07:00-08:00,0,1,不开放/已过期,,阴,23,24,2,0.0,77,39
2026-05-21 20:00:49,2026-05-21,2,乒乓球厅-6号,07:00-08:00,0,1,不开放/已过期,,雾,22,23,2,0.0,89,39
2026-05-21 20:30:44,2026-05-21,2,乒乓球厅-6号,07:00-08:00,0,1,不开放/已过期,,雾,22,24,2,0.0,93,43
2026-05-21 21:00:56,2026-05-21,2,乒乓球厅-6号,07:00-08:00,0,1,不开放/已过期,,雾,20,21,2,0.0,98,43
2026-05-21 21:30:46,2026-05-21,2,乒乓球厅-6号,07:00-08:00,0,1,不开放/已过期,,雾,20,22,1,0.0,99,41
2026-05-21 22:01:02,2026-05-21,2,乒乓球厅-6号,07:00-08:00,0,1,不开放/已过期,,雾,19,20,2,0.0,93,41
2026-05-21 22:30:47,2026-05-21,2,乒乓球厅-6号,07:00-08:00,0,1,不开放/已过期,,雾,19,19,3,0.0,88,46
2026-05-21 23:00:56,2026-05-21,2,乒乓球厅-6号,07:00-08:00,0,1,不开放/已过期,,多云,18,17,3,0.0,85,46
2026-05-21 23:30:55,2026-05-21,2,乒乓球厅-6号,07:00-08:00,0,1,不开放/已过期,,多云,18,17,3,0.0,85,48
2026-05-21 00:30:49,2026-05-21,2,乒乓球厅-6号,08:00-09:00,0,1,可预约,￥0.0,多云,15,13,3,0.0,100,26
2026-05-21 01:00:55,2026-05-21,2,乒乓球厅-6号,08:00-09:00,0,1,可预约,￥0.0,多云,15,12,4,0.0,100,26
2026-05-21 01:30:47,2026-05-21,2,乒乓球厅-6号,08:00-09:00,0,1,可预约,￥0.0,多云,15,13,4,0.0,100,28
2026-05-21 02:00:53,2026-05-21,2,乒乓球厅-6号,08:00-09:00,0,1,可预约,￥0.0,多云,15,12,4,0.0,100,28
2026-05-21 02:30:49,2026-05-21,2,乒乓球厅-6号,08:00-09:00,0,1,可预约,￥0.0,多云,15,14,3,0.0,100,29
2026-05-21 03:00:55,2026-05-21,2,乒乓球厅-6号,08:00-09:00,0,1,可预约,￥0.0,多云,15,12,4,0.0,100,29
2026-05-21 03:30:49,2026-05-21,2,乒乓球厅-6号,08:00-09:00,0,1,可预约,￥0.0,多云,15,14,3,0.0,100,30
2026-05-21 04:30:45,2026-05-21,2,乒乓球厅-6号,08:00-09:00,0,1,可预约,￥0.0,多云,15,12,4,0.0,100,29
2026-05-21 05:00:52,2026-05-21,2,乒乓球厅-6号,08:00-09:00,0,1,可预约,￥0.0,多云,15,12,4,0.0,100,29
2026-05-21 05:30:49,2026-05-21,2,乒乓球厅-6号,08:00-09:00,0,1,可预约,￥0.0,多云,15,13,3,0.0,100,28
2026-05-21 06:00:50,2026-05-21,2,乒乓球厅-6号,08:00-09:00,0,1,可预约,￥0.0,多云,15,13,4,0.0,99,28
2026-05-21 06:30:38,2026-05-21,2,乒乓球厅-6号,08:00-09:00,0,1,可预约,￥0.0,多云,15,13,3,0.0,97,28
2026-05-21 07:00:43,2026-05-21,2,乒乓球厅-6号,08:00-09:00,0,1,可预约,￥0.0,晴,15,11,5,0.0,93,28
2026-05-21 07:30:39,2026-05-21,2,乒乓球厅-6号,08:00-09:00,0,1,可预约,￥0.0,晴,17,13,4,0.0,89,29
2026-05-21 07:50:40,2026-05-21,2,乒乓球厅-6号,08:00-09:00,0,1,可预约,￥0.0,晴,17,13,4,0.0,88,29
2026-05-21 07:53:31,2026-05-21,2,乒乓球厅-6号,08:00-09:00,0,1,可预约,￥0.0,晴,17,12,5,0.0,86,29
2026-05-21 07:56:31,2026-05-21,2,乒乓球厅-6号,08:00-09:00,0,1,可预约,￥0.0,晴,17,12,5,0.0,86,29
2026-05-21 07:59:26,2026-05-21,2,乒乓球厅-6号,08:00-09:00,0,1,可预约,￥0.0,晴,17,12,5,0.0,86,29
2026-05-21 08:00:45,2026-05-21,2,乒乓球厅-6号,08:00-09:00,0,1,可预约,￥0.0,晴,17,12,5,0.0,86,29
2026-05-21 08:02:30,2026-05-21,2,乒乓球厅-6号,08:00-09:00,0,1,可预约,￥0.0,多云,17,12,5,0.0,87,29
2026-05-21 08:05:36,2026-05-21,2,乒乓球厅-6号,08:00-09:00,0,1,可预约,￥0.0,多云,17,12,5,0.0,86,29
2026-05-21 08:08:31,2026-05-21,2,乒乓球厅-6号,08:00-09:00,0,1,可预约,￥0.0,多云,17,12,5,0.0,86,29
2026-05-21 08:11:30,2026-05-21,2,乒乓球厅-6号,08:00-09:00,0,1,可预约,￥0.0,多云,17,12,5,0.0,86,29
2026-05-21 08:14:31,2026-05-21,2,乒乓球厅-6号,08:00-09:00,0,1,可预约,￥0.0,多云,17,12,5,0.0,86,29
2026-05-21 08:17:30,2026-05-21,2,乒乓球厅-6号,08:00-09:00,0,1,可预约,￥0.0,多云,17,12,5,0.0,86,29
2026-05-21 08:20:35,2026-05-21,2,乒乓球厅-6号,08:00-09:00,0,1,可预约,￥0.0,多云,17,14,4,0.0,85,29
2026-05-21 08:25:32,2026-05-21,2,乒乓球厅-6号,08:00-09:00,0,1,可预约,￥0.0,多云,17,14,4,0.0,85,28
2026-05-21 08:30:42,2026-05-21,2,乒乓球厅-6号,08:00-09:00,0,1,可预约,￥0.0,多云,18,15,4,0.0,84,28
2026-05-21 08:35:31,2026-05-21,2,乒乓球厅-6号,08:00-09:00,0,1,可预约,￥0.0,多云,18,15,4,0.0,84,28
2026-05-21 08:40:38,2026-05-21,2,乒乓球厅-6号,08:00-09:00,0,1,可预约,￥0.0,多云,18,15,4,0.0,82,28
2026-05-21 08:45:33,2026-05-21,2,乒乓球厅-6号,08:00-09:00,0,1,可预约,￥0.0,多云,18,15,4,0.0,82,28
2026-05-21 08:50:36,2026-05-21,2,乒乓球厅-6号,08:00-09:00,0,1,可预约,￥0.0,多云,18,15,4,0.0,82,28
2026-05-21 08:55:34,2026-05-21,2,乒乓球厅-6号,08:00-09:00,0,1,可预约,￥0.0,多云,18,15,4,0.0,84,28
2026-05-21 09:00:51,2026-05-21,2,乒乓球厅-6号,08:00-09:00,0,1,不开放/已过期,,多云,18,15,4,0.0,84,28
2026-05-21 09:01:59,2026-05-21,2,乒乓球厅-6号,08:00-09:00,0,1,不开放/已过期,,多云,18,15,4,0.0,83,28
2026-05-21 09:05:33,2026-05-21,2,乒乓球厅-6号,08:00-09:00,0,1,不开放/已过期,,多云,18,15,4,0.0,83,28
2026-05-21 09:20:38,2026-05-21,2,乒乓球厅-6号,08:00-09:00,0,1,不开放/已过期,,多云,18,16,3,0.0,81,28
2026-05-21 09:30:46,2026-05-21,2,乒乓球厅-6号,08:00-09:00,0,1,不开放/已过期,,多云,18,16,3,0.0,81,32
2026-05-21 09:40:36,2026-05-21,2,乒乓球厅-6号,08:00-09:00,0,1,不开放/已过期,,多云,19,17,3,0.0,79,32
2026-05-21 09:50:42,2026-05-21,2,乒乓球厅-6号,08:00-09:00,0,1,不开放/已过期,,多云,19,17,4,0.0,81,32
2026-05-21 10:00:46,2026-05-21,2,乒乓球厅-6号,08:00-09:00,0,1,不开放/已过期,,多云,19,17,4,0.0,79,32
2026-05-21 10:10:40,2026-05-21,2,乒乓球厅-6号,08:00-09:00,0,1,不开放/已过期,,多云,19,17,4,0.0,79,32
2026-05-21 10:20:38,2026-05-21,2,乒乓球厅-6号,08:00-09:00,0,1,不开放/已过期,,多云,19,17,4,0.0,79,32
2026-05-21 10:30:41,2026-05-21,2,乒乓球厅-6号,08:00-09:00,0,1,不开放/已过期,,多云,19,18,3,0.0,78,31
2026-05-21 11:00:44,2026-05-21,2,乒乓球厅-6号,08:00-09:00,0,1,不开放/已过期,,多云,21,17,5,0.0,74,31
2026-05-21 11:30:38,2026-05-21,2,乒乓球厅-6号,08:00-09:00,0,1,不开放/已过期,,多云,21,19,3,0.0,72,33
2026-05-21 12:00:46,2026-05-21,2,乒乓球厅-6号,08:00-09:00,0,1,不开放/已过期,,多云,22,19,4,0.0,70,33
2026-05-21 12:30:42,2026-05-21,2,乒乓球厅-6号,08:00-09:00,0,1,不开放/已过期,,多云,22,21,3,0.0,68,35
2026-05-21 13:00:43,2026-05-21,2,乒乓球厅-6号,08:00-09:00,0,1,不开放/已过期,,多云,24,22,4,0.0,66,35
2026-05-21 13:30:43,2026-05-21,2,乒乓球厅-6号,08:00-09:00,0,1,不开放/已过期,,多云,24,22,4,0.0,66,36
2026-05-21 14:00:48,2026-05-21,2,乒乓球厅-6号,08:00-09:00,0,1,不开放/已过期,,多云,25,23,4,0.0,66,36
2026-05-21 14:30:45,2026-05-21,2,乒乓球厅-6号,08:00-09:00,0,1,不开放/已过期,,晴,25,25,3,0.0,65,39
2026-05-21 15:00:45,2026-05-21,2,乒乓球厅-6号,08:00-09:00,0,1,不开放/已过期,,晴,25,22,4,0.0,56,39
2026-05-21 15:30:43,2026-05-21,2,乒乓球厅-6号,08:00-09:00,0,1,不开放/已过期,,晴,25,23,4,0.0,57,40
2026-05-21 16:00:51,2026-05-21,2,乒乓球厅-6号,08:00-09:00,0,1,不开放/已过期,,晴,25,23,4,0.0,57,40
2026-05-21 16:30:48,2026-05-21,2,乒乓球厅-6号,08:00-09:00,0,1,不开放/已过期,,晴,25,24,3,0.0,60,39
2026-05-21 17:00:49,2026-05-21,2,乒乓球厅-6号,08:00-09:00,0,1,不开放/已过期,,晴,25,24,4,0.0,61,39
2026-05-21 17:30:47,2026-05-21,2,乒乓球厅-6号,08:00-09:00,0,1,不开放/已过期,,多云,24,23,3,0.0,64,39
2026-05-21 18:00:50,2026-05-21,2,乒乓球厅-6号,08:00-09:00,0,1,不开放/已过期,,多云,24,23,3,0.0,68,39
2026-05-21 18:30:50,2026-05-21,2,乒乓球厅-6号,08:00-09:00,0,1,不开放/已过期,,阴,24,25,2,0.0,68,40
2026-05-21 19:00:50,2026-05-21,2,乒乓球厅-6号,08:00-09:00,0,1,不开放/已过期,,阴,23,23,3,0.0,76,40
2026-05-21 19:30:46,2026-05-21,2,乒乓球厅-6号,08:00-09:00,0,1,不开放/已过期,,阴,23,24,2,0.0,77,39
2026-05-21 20:00:49,2026-05-21,2,乒乓球厅-6号,08:00-09:00,0,1,不开放/已过期,,雾,22,23,2,0.0,89,39
2026-05-21 20:30:44,2026-05-21,2,乒乓球厅-6号,08:00-09:00,0,1,不开放/已过期,,雾,22,24,2,0.0,93,43
2026-05-21 21:00:56,2026-05-21,2,乒乓球厅-6号,08:00-09:00,0,1,不开放/已过期,,雾,20,21,2,0.0,98,43
2026-05-21 21:30:46,2026-05-21,2,乒乓球厅-6号,08:00-09:00,0,1,不开放/已过期,,雾,20,22,1,0.0,99,41
2026-05-21 22:01:02,2026-05-21,2,乒乓球厅-6号,08:00-09:00,0,1,不开放/已过期,,雾,19,20,2,0.0,93,41
2026-05-21 22:30:47,2026-05-21,2,乒乓球厅-6号,08:00-09:00,0,1,不开放/已过期,,雾,19,19,3,0.0,88,46
2026-05-21 23:00:56,2026-05-21,2,乒乓球厅-6号,08:00-09:00,0,1,不开放/已过期,,多云,18,17,3,0.0,85,46
2026-05-21 23:30:55,2026-05-21,2,乒乓球厅-6号,08:00-09:00,0,1,不开放/已过期,,多云,18,17,3,0.0,85,48
2026-05-21 00:30:49,2026-05-21,2,乒乓球厅-6号,09:00-10:00,0,1,可预约,￥5.0,多云,15,13,3,0.0,100,26
2026-05-21 01:00:55,2026-05-21,2,乒乓球厅-6号,09:00-10:00,0,1,可预约,￥5.0,多云,15,12,4,0.0,100,26
2026-05-21 01:30:47,2026-05-21,2,乒乓球厅-6号,09:00-10:00,0,1,可预约,￥5.0,多云,15,13,4,0.0,100,28
2026-05-21 02:00:53,2026-05-21,2,乒乓球厅-6号,09:00-10:00,0,1,可预约,￥5.0,多云,15,12,4,0.0,100,28
2026-05-21 02:30:49,2026-05-21,2,乒乓球厅-6号,09:00-10:00,0,1,可预约,￥5.0,多云,15,14,3,0.0,100,29
2026-05-21 03:00:55,2026-05-21,2,乒乓球厅-6号,09:00-10:00,0,1,可预约,￥5.0,多云,15,12,4,0.0,100,29
2026-05-21 03:30:49,2026-05-21,2,乒乓球厅-6号,09:00-10:00,0,1,可预约,￥5.0,多云,15,14,3,0.0,100,30
2026-05-21 04:30:45,2026-05-21,2,乒乓球厅-6号,09:00-10:00,0,1,可预约,￥5.0,多云,15,12,4,0.0,100,29
2026-05-21 05:00:52,2026-05-21,2,乒乓球厅-6号,09:00-10:00,0,1,可预约,￥5.0,多云,15,12,4,0.0,100,29
2026-05-21 05:30:49,2026-05-21,2,乒乓球厅-6号,09:00-10:00,0,1,可预约,￥5.0,多云,15,13,3,0.0,100,28
2026-05-21 06:00:50,2026-05-21,2,乒乓球厅-6号,09:00-10:00,0,1,可预约,￥5.0,多云,15,13,4,0.0,99,28
2026-05-21 06:30:38,2026-05-21,2,乒乓球厅-6号,09:00-10:00,0,1,可预约,￥5.0,多云,15,13,3,0.0,97,28
2026-05-21 07:00:43,2026-05-21,2,乒乓球厅-6号,09:00-10:00,0,1,可预约,￥5.0,晴,15,11,5,0.0,93,28
2026-05-21 07:30:39,2026-05-21,2,乒乓球厅-6号,09:00-10:00,0,1,可预约,￥5.0,晴,17,13,4,0.0,89,29
2026-05-21 07:50:40,2026-05-21,2,乒乓球厅-6号,09:00-10:00,0,1,可预约,￥5.0,晴,17,13,4,0.0,88,29
2026-05-21 07:53:31,2026-05-21,2,乒乓球厅-6号,09:00-10:00,0,1,可预约,￥5.0,晴,17,12,5,0.0,86,29
2026-05-21 07:56:31,2026-05-21,2,乒乓球厅-6号,09:00-10:00,0,1,可预约,￥5.0,晴,17,12,5,0.0,86,29
2026-05-21 07:59:26,2026-05-21,2,乒乓球厅-6号,09:00-10:00,0,1,可预约,￥5.0,晴,17,12,5,0.0,86,29
2026-05-21 08:00:45,2026-05-21,2,乒乓球厅-6号,09:00-10:00,0,1,可预约,￥5.0,晴,17,12,5,0.0,86,29
2026-05-21 08:02:30,2026-05-21,2,乒乓球厅-6号,09:00-10:00,0,1,可预约,￥5.0,多云,17,12,5,0.0,87,29
2026-05-21 08:05:36,2026-05-21,2,乒乓球厅-6号,09:00-10:00,0,1,可预约,￥5.0,多云,17,12,5,0.0,86,29
2026-05-21 08:08:31,2026-05-21,2,乒乓球厅-6号,09:00-10:00,0,1,可预约,￥5.0,多云,17,12,5,0.0,86,29
2026-05-21 08:11:30,2026-05-21,2,乒乓球厅-6号,09:00-10:00,0,1,可预约,￥5.0,多云,17,12,5,0.0,86,29
2026-05-21 08:14:31,2026-05-21,2,乒乓球厅-6号,09:00-10:00,0,1,可预约,￥5.0,多云,17,12,5,0.0,86,29
2026-05-21 08:17:30,2026-05-21,2,乒乓球厅-6号,09:00-10:00,0,1,可预约,￥5.0,多云,17,12,5,0.0,86,29
2026-05-21 08:20:35,2026-05-21,2,乒乓球厅-6号,09:00-10:00,0,1,可预约,￥5.0,多云,17,14,4,0.0,85,29
2026-05-21 08:25:32,2026-05-21,2,乒乓球厅-6号,09:00-10:00,0,1,可预约,￥5.0,多云,17,14,4,0.0,85,28
2026-05-21 08:30:42,2026-05-21,2,乒乓球厅-6号,09:00-10:00,0,1,可预约,￥5.0,多云,18,15,4,0.0,84,28
2026-05-21 08:35:31,2026-05-21,2,乒乓球厅-6号,09:00-10:00,0,1,可预约,￥5.0,多云,18,15,4,0.0,84,28
2026-05-21 08:40:38,2026-05-21,2,乒乓球厅-6号,09:00-10:00,0,1,可预约,￥5.0,多云,18,15,4,0.0,82,28
2026-05-21 08:45:33,2026-05-21,2,乒乓球厅-6号,09:00-10:00,0,1,可预约,￥5.0,多云,18,15,4,0.0,82,28
2026-05-21 08:50:36,2026-05-21,2,乒乓球厅-6号,09:00-10:00,0,1,可预约,￥5.0,多云,18,15,4,0.0,82,28
2026-05-21 08:55:34,2026-05-21,2,乒乓球厅-6号,09:00-10:00,0,1,可预约,￥5.0,多云,18,15,4,0.0,84,28
2026-05-21 09:00:51,2026-05-21,2,乒乓球厅-6号,09:00-10:00,0,1,可预约,￥5.0,多云,18,15,4,0.0,84,28
2026-05-21 09:01:59,2026-05-21,2,乒乓球厅-6号,09:00-10:00,0,1,可预约,￥5.0,多云,18,15,4,0.0,83,28
2026-05-21 09:05:33,2026-05-21,2,乒乓球厅-6号,09:00-10:00,0,1,可预约,￥5.0,多云,18,15,4,0.0,83,28
2026-05-21 09:20:38,2026-05-21,2,乒乓球厅-6号,09:00-10:00,0,1,可预约,￥5.0,多云,18,16,3,0.0,81,28
2026-05-21 09:30:46,2026-05-21,2,乒乓球厅-6号,09:00-10:00,0,1,可预约,￥5.0,多云,18,16,3,0.0,81,32
2026-05-21 09:40:36,2026-05-21,2,乒乓球厅-6号,09:00-10:00,0,1,可预约,￥5.0,多云,19,17,3,0.0,79,32
2026-05-21 09:50:42,2026-05-21,2,乒乓球厅-6号,09:00-10:00,0,1,可预约,￥5.0,多云,19,17,4,0.0,81,32
2026-05-21 10:00:46,2026-05-21,2,乒乓球厅-6号,09:00-10:00,0,1,不开放/已过期,,多云,19,17,4,0.0,79,32
2026-05-21 10:10:40,2026-05-21,2,乒乓球厅-6号,09:00-10:00,0,1,不开放/已过期,,多云,19,17,4,0.0,79,32
2026-05-21 10:20:38,2026-05-21,2,乒乓球厅-6号,09:00-10:00,0,1,不开放/已过期,,多云,19,17,4,0.0,79,32
2026-05-21 10:30:41,2026-05-21,2,乒乓球厅-6号,09:00-10:00,0,1,不开放/已过期,,多云,19,18,3,0.0,78,31
2026-05-21 11:00:44,2026-05-21,2,乒乓球厅-6号,09:00-10:00,0,1,不开放/已过期,,多云,21,17,5,0.0,74,31
2026-05-21 11:30:38,2026-05-21,2,乒乓球厅-6号,09:00-10:00,0,1,不开放/已过期,,多云,21,19,3,0.0,72,33
2026-05-21 12:00:46,2026-05-21,2,乒乓球厅-6号,09:00-10:00,0,1,不开放/已过期,,多云,22,19,4,0.0,70,33
2026-05-21 12:30:42,2026-05-21,2,乒乓球厅-6号,09:00-10:00,0,1,不开放/已过期,,多云,22,21,3,0.0,68,35
2026-05-21 13:00:43,2026-05-21,2,乒乓球厅-6号,09:00-10:00,0,1,不开放/已过期,,多云,24,22,4,0.0,66,35
2026-05-21 13:30:43,2026-05-21,2,乒乓球厅-6号,09:00-10:00,0,1,不开放/已过期,,多云,24,22,4,0.0,66,36
2026-05-21 14:00:48,2026-05-21,2,乒乓球厅-6号,09:00-10:00,0,1,不开放/已过期,,多云,25,23,4,0.0,66,36
2026-05-21 14:30:45,2026-05-21,2,乒乓球厅-6号,09:00-10:00,0,1,不开放/已过期,,晴,25,25,3,0.0,65,39
2026-05-21 15:00:45,2026-05-21,2,乒乓球厅-6号,09:00-10:00,0,1,不开放/已过期,,晴,25,22,4,0.0,56,39
2026-05-21 15:30:43,2026-05-21,2,乒乓球厅-6号,09:00-10:00,0,1,不开放/已过期,,晴,25,23,4,0.0,57,40
2026-05-21 16:00:51,2026-05-21,2,乒乓球厅-6号,09:00-10:00,0,1,不开放/已过期,,晴,25,23,4,0.0,57,40
2026-05-21 16:30:48,2026-05-21,2,乒乓球厅-6号,09:00-10:00,0,1,不开放/已过期,,晴,25,24,3,0.0,60,39
2026-05-21 17:00:49,2026-05-21,2,乒乓球厅-6号,09:00-10:00,0,1,不开放/已过期,,晴,25,24,4,0.0,61,39
2026-05-21 17:30:47,2026-05-21,2,乒乓球厅-6号,09:00-10:00,0,1,不开放/已过期,,多云,24,23,3,0.0,64,39
2026-05-21 18:00:50,2026-05-21,2,乒乓球厅-6号,09:00-10:00,0,1,不开放/已过期,,多云,24,23,3,0.0,68,39
2026-05-21 18:30:50,2026-05-21,2,乒乓球厅-6号,09:00-10:00,0,1,不开放/已过期,,阴,24,25,2,0.0,68,40
2026-05-21 19:00:50,2026-05-21,2,乒乓球厅-6号,09:00-10:00,0,1,不开放/已过期,,阴,23,23,3,0.0,76,40
2026-05-21 19:30:46,2026-05-21,2,乒乓球厅-6号,09:00-10:00,0,1,不开放/已过期,,阴,23,24,2,0.0,77,39
2026-05-21 20:00:49,2026-05-21,2,乒乓球厅-6号,09:00-10:00,0,1,不开放/已过期,,雾,22,23,2,0.0,89,39
2026-05-21 20:30:44,2026-05-21,2,乒乓球厅-6号,09:00-10:00,0,1,不开放/已过期,,雾,22,24,2,0.0,93,43
2026-05-21 21:00:56,2026-05-21,2,乒乓球厅-6号,09:00-10:00,0,1,不开放/已过期,,雾,20,21,2,0.0,98,43
2026-05-21 21:30:46,2026-05-21,2,乒乓球厅-6号,09:00-10:00,0,1,不开放/已过期,,雾,20,22,1,0.0,99,41
2026-05-21 22:01:02,2026-05-21,2,乒乓球厅-6号,09:00-10:00,0,1,不开放/已过期,,雾,19,20,2,0.0,93,41
2026-05-21 22:30:47,2026-05-21,2,乒乓球厅-6号,09:00-10:00,0,1,不开放/已过期,,雾,19,19,3,0.0,88,46
2026-05-21 23:00:56,2026-05-21,2,乒乓球厅-6号,09:00-10:00,0,1,不开放/已过期,,多云,18,17,3,0.0,85,46
2026-05-21 23:30:55,2026-05-21,2,乒乓球厅-6号,09:00-10:00,0,1,不开放/已过期,,多云,18,17,3,0.0,85,48
2026-05-21 00:30:49,2026-05-21,2,乒乓球厅-6号,10:00-11:00,1,1,已售/已满,教学时间,多云,15,13,3,0.0,100,26
2026-05-21 01:00:55,2026-05-21,2,乒乓球厅-6号,10:00-11:00,1,1,已售/已满,教学时间,多云,15,12,4,0.0,100,26
2026-05-21 01:30:47,2026-05-21,2,乒乓球厅-6号,10:00-11:00,1,1,已售/已满,教学时间,多云,15,13,4,0.0,100,28
2026-05-21 02:00:53,2026-05-21,2,乒乓球厅-6号,10:00-11:00,1,1,已售/已满,教学时间,多云,15,12,4,0.0,100,28
2026-05-21 02:30:49,2026-05-21,2,乒乓球厅-6号,10:00-11:00,1,1,已售/已满,教学时间,多云,15,14,3,0.0,100,29
2026-05-21 03:00:55,2026-05-21,2,乒乓球厅-6号,10:00-11:00,1,1,已售/已满,教学时间,多云,15,12,4,0.0,100,29
2026-05-21 03:30:49,2026-05-21,2,乒乓球厅-6号,10:00-11:00,1,1,已售/已满,教学时间,多云,15,14,3,0.0,100,30
2026-05-21 04:30:45,2026-05-21,2,乒乓球厅-6号,10:00-11:00,1,1,已售/已满,教学时间,多云,15,12,4,0.0,100,29
2026-05-21 05:00:52,2026-05-21,2,乒乓球厅-6号,10:00-11:00,1,1,已售/已满,教学时间,多云,15,12,4,0.0,100,29
2026-05-21 05:30:49,2026-05-21,2,乒乓球厅-6号,10:00-11:00,1,1,已售/已满,教学时间,多云,15,13,3,0.0,100,28
2026-05-21 06:00:50,2026-05-21,2,乒乓球厅-6号,10:00-11:00,1,1,已售/已满,教学时间,多云,15,13,4,0.0,99,28
2026-05-21 06:30:38,2026-05-21,2,乒乓球厅-6号,10:00-11:00,1,1,已售/已满,教学时间,多云,15,13,3,0.0,97,28
2026-05-21 07:00:43,2026-05-21,2,乒乓球厅-6号,10:00-11:00,1,1,已售/已满,教学时间,晴,15,11,5,0.0,93,28
2026-05-21 07:30:39,2026-05-21,2,乒乓球厅-6号,10:00-11:00,1,1,已售/已满,教学时间,晴,17,13,4,0.0,89,29
2026-05-21 07:50:40,2026-05-21,2,乒乓球厅-6号,10:00-11:00,1,1,已售/已满,教学时间,晴,17,13,4,0.0,88,29
2026-05-21 07:53:31,2026-05-21,2,乒乓球厅-6号,10:00-11:00,1,1,已售/已满,教学时间,晴,17,12,5,0.0,86,29
2026-05-21 07:56:31,2026-05-21,2,乒乓球厅-6号,10:00-11:00,1,1,已售/已满,教学时间,晴,17,12,5,0.0,86,29
2026-05-21 07:59:26,2026-05-21,2,乒乓球厅-6号,10:00-11:00,1,1,已售/已满,教学时间,晴,17,12,5,0.0,86,29
2026-05-21 08:00:45,2026-05-21,2,乒乓球厅-6号,10:00-11:00,1,1,已售/已满,教学时间,晴,17,12,5,0.0,86,29
2026-05-21 08:02:30,2026-05-21,2,乒乓球厅-6号,10:00-11:00,1,1,已售/已满,教学时间,多云,17,12,5,0.0,87,29
2026-05-21 08:05:36,2026-05-21,2,乒乓球厅-6号,10:00-11:00,1,1,已售/已满,教学时间,多云,17,12,5,0.0,86,29
2026-05-21 08:08:31,2026-05-21,2,乒乓球厅-6号,10:00-11:00,1,1,已售/已满,教学时间,多云,17,12,5,0.0,86,29
2026-05-21 08:11:30,2026-05-21,2,乒乓球厅-6号,10:00-11:00,1,1,已售/已满,教学时间,多云,17,12,5,0.0,86,29
2026-05-21 08:14:31,2026-05-21,2,乒乓球厅-6号,10:00-11:00,1,1,已售/已满,教学时间,多云,17,12,5,0.0,86,29
2026-05-21 08:17:30,2026-05-21,2,乒乓球厅-6号,10:00-11:00,1,1,已售/已满,教学时间,多云,17,12,5,0.0,86,29
2026-05-21 08:20:35,2026-05-21,2,乒乓球厅-6号,10:00-11:00,1,1,已售/已满,教学时间,多云,17,14,4,0.0,85,29
2026-05-21 08:25:32,2026-05-21,2,乒乓球厅-6号,10:00-11:00,1,1,已售/已满,教学时间,多云,17,14,4,0.0,85,28
2026-05-21 08:30:42,2026-05-21,2,乒乓球厅-6号,10:00-11:00,1,1,已售/已满,教学时间,多云,18,15,4,0.0,84,28
2026-05-21 08:35:31,2026-05-21,2,乒乓球厅-6号,10:00-11:00,1,1,已售/已满,教学时间,多云,18,15,4,0.0,84,28
2026-05-21 08:40:38,2026-05-21,2,乒乓球厅-6号,10:00-11:00,1,1,已售/已满,教学时间,多云,18,15,4,0.0,82,28
2026-05-21 08:45:33,2026-05-21,2,乒乓球厅-6号,10:00-11:00,1,1,已售/已满,教学时间,多云,18,15,4,0.0,82,28
2026-05-21 08:50:36,2026-05-21,2,乒乓球厅-6号,10:00-11:00,1,1,已售/已满,教学时间,多云,18,15,4,0.0,82,28
2026-05-21 08:55:34,2026-05-21,2,乒乓球厅-6号,10:00-11:00,1,1,已售/已满,教学时间,多云,18,15,4,0.0,84,28
2026-05-21 09:00:51,2026-05-21,2,乒乓球厅-6号,10:00-11:00,1,1,已售/已满,教学时间,多云,18,15,4,0.0,84,28
2026-05-21 09:01:59,2026-05-21,2,乒乓球厅-6号,10:00-11:00,1,1,已售/已满,教学时间,多云,18,15,4,0.0,83,28
2026-05-21 09:05:33,2026-05-21,2,乒乓球厅-6号,10:00-11:00,1,1,已售/已满,教学时间,多云,18,15,4,0.0,83,28
2026-05-21 09:20:38,2026-05-21,2,乒乓球厅-6号,10:00-11:00,1,1,已售/已满,教学时间,多云,18,16,3,0.0,81,28
2026-05-21 09:30:46,2026-05-21,2,乒乓球厅-6号,10:00-11:00,1,1,已售/已满,教学时间,多云,18,16,3,0.0,81,32
2026-05-21 09:40:36,2026-05-21,2,乒乓球厅-6号,10:00-11:00,1,1,已售/已满,教学时间,多云,19,17,3,0.0,79,32
2026-05-21 09:50:42,2026-05-21,2,乒乓球厅-6号,10:00-11:00,1,1,已售/已满,教学时间,多云,19,17,4,0.0,81,32
2026-05-21 10:00:46,2026-05-21,2,乒乓球厅-6号,10:00-11:00,1,1,已售/已满,教学时间,多云,19,17,4,0.0,79,32
2026-05-21 10:10:40,2026-05-21,2,乒乓球厅-6号,10:00-11:00,1,1,已售/已满,教学时间,多云,19,17,4,0.0,79,32
2026-05-21 10:20:38,2026-05-21,2,乒乓球厅-6号,10:00-11:00,1,1,已售/已满,教学时间,多云,19,17,4,0.0,79,32
2026-05-21 10:30:41,2026-05-21,2,乒乓球厅-6号,10:00-11:00,1,1,已售/已满,教学时间,多云,19,18,3,0.0,78,31
2026-05-21 11:00:44,2026-05-21,2,乒乓球厅-6号,10:00-11:00,1,1,已售/已满,教学时间,多云,21,17,5,0.0,74,31
2026-05-21 11:30:38,2026-05-21,2,乒乓球厅-6号,10:00-11:00,1,1,已售/已满,教学时间,多云,21,19,3,0.0,72,33
2026-05-21 12:00:46,2026-05-21,2,乒乓球厅-6号,10:00-11:00,1,1,已售/已满,教学时间,多云,22,19,4,0.0,70,33
2026-05-21 12:30:42,2026-05-21,2,乒乓球厅-6号,10:00-11:00,1,1,已售/已满,教学时间,多云,22,21,3,0.0,68,35
2026-05-21 13:00:43,2026-05-21,2,乒乓球厅-6号,10:00-11:00,1,1,已售/已满,教学时间,多云,24,22,4,0.0,66,35
2026-05-21 13:30:43,2026-05-21,2,乒乓球厅-6号,10:00-11:00,1,1,已售/已满,教学时间,多云,24,22,4,0.0,66,36
2026-05-21 14:00:48,2026-05-21,2,乒乓球厅-6号,10:00-11:00,1,1,已售/已满,教学时间,多云,25,23,4,0.0,66,36
2026-05-21 14:30:45,2026-05-21,2,乒乓球厅-6号,10:00-11:00,1,1,已售/已满,教学时间,晴,25,25,3,0.0,65,39
2026-05-21 15:00:45,2026-05-21,2,乒乓球厅-6号,10:00-11:00,1,1,已售/已满,教学时间,晴,25,22,4,0.0,56,39
2026-05-21 15:30:43,2026-05-21,2,乒乓球厅-6号,10:00-11:00,1,1,已售/已满,教学时间,晴,25,23,4,0.0,57,40
2026-05-21 16:00:51,2026-05-21,2,乒乓球厅-6号,10:00-11:00,1,1,已售/已满,教学时间,晴,25,23,4,0.0,57,40
2026-05-21 16:30:48,2026-05-21,2,乒乓球厅-6号,10:00-11:00,1,1,已售/已满,教学时间,晴,25,24,3,0.0,60,39
2026-05-21 17:00:49,2026-05-21,2,乒乓球厅-6号,10:00-11:00,1,1,已售/已满,教学时间,晴,25,24,4,0.0,61,39
2026-05-21 17:30:47,2026-05-21,2,乒乓球厅-6号,10:00-11:00,1,1,已售/已满,教学时间,多云,24,23,3,0.0,64,39
2026-05-21 18:00:50,2026-05-21,2,乒乓球厅-6号,10:00-11:00,1,1,已售/已满,教学时间,多云,24,23,3,0.0,68,39
2026-05-21 18:30:50,2026-05-21,2,乒乓球厅-6号,10:00-11:00,1,1,已售/已满,教学时间,阴,24,25,2,0.0,68,40
2026-05-21 19:00:50,2026-05-21,2,乒乓球厅-6号,10:00-11:00,1,1,已售/已满,教学时间,阴,23,23,3,0.0,76,40
2026-05-21 19:30:46,2026-05-21,2,乒乓球厅-6号,10:00-11:00,1,1,已售/已满,教学时间,阴,23,24,2,0.0,77,39
2026-05-21 20:00:49,2026-05-21,2,乒乓球厅-6号,10:00-11:00,1,1,已售/已满,教学时间,雾,22,23,2,0.0,89,39
2026-05-21 20:30:44,2026-05-21,2,乒乓球厅-6号,10:00-11:00,1,1,已售/已满,教学时间,雾,22,24,2,0.0,93,43
2026-05-21 21:00:56,2026-05-21,2,乒乓球厅-6号,10:00-11:00,1,1,已售/已满,教学时间,雾,20,21,2,0.0,98,43
2026-05-21 21:30:46,2026-05-21,2,乒乓球厅-6号,10:00-11:00,1,1,已售/已满,教学时间,雾,20,22,1,0.0,99,41
2026-05-21 22:01:02,2026-05-21,2,乒乓球厅-6号,10:00-11:00,1,1,已售/已满,教学时间,雾,19,20,2,0.0,93,41
2026-05-21 22:30:47,2026-05-21,2,乒乓球厅-6号,10:00-11:00,1,1,已售/已满,教学时间,雾,19,19,3,0.0,88,46
2026-05-21 23:00:56,2026-05-21,2,乒乓球厅-6号,10:00-11:00,1,1,已售/已满,教学时间,多云,18,17,3,0.0,85,46
2026-05-21 23:30:55,2026-05-21,2,乒乓球厅-6号,10:00-11:00,1,1,已售/已满,教学时间,多云,18,17,3,0.0,85,48
2026-05-21 00:30:49,2026-05-21,2,乒乓球厅-6号,11:00-12:00,1,1,已售/已满,教学时间,多云,15,13,3,0.0,100,26
2026-05-21 01:00:55,2026-05-21,2,乒乓球厅-6号,11:00-12:00,1,1,已售/已满,教学时间,多云,15,12,4,0.0,100,26
2026-05-21 01:30:47,2026-05-21,2,乒乓球厅-6号,11:00-12:00,1,1,已售/已满,教学时间,多云,15,13,4,0.0,100,28
2026-05-21 02:00:53,2026-05-21,2,乒乓球厅-6号,11:00-12:00,1,1,已售/已满,教学时间,多云,15,12,4,0.0,100,28
2026-05-21 02:30:49,2026-05-21,2,乒乓球厅-6号,11:00-12:00,1,1,已售/已满,教学时间,多云,15,14,3,0.0,100,29
2026-05-21 03:00:55,2026-05-21,2,乒乓球厅-6号,11:00-12:00,1,1,已售/已满,教学时间,多云,15,12,4,0.0,100,29
2026-05-21 03:30:49,2026-05-21,2,乒乓球厅-6号,11:00-12:00,1,1,已售/已满,教学时间,多云,15,14,3,0.0,100,30
2026-05-21 04:30:45,2026-05-21,2,乒乓球厅-6号,11:00-12:00,1,1,已售/已满,教学时间,多云,15,12,4,0.0,100,29
2026-05-21 05:00:52,2026-05-21,2,乒乓球厅-6号,11:00-12:00,1,1,已售/已满,教学时间,多云,15,12,4,0.0,100,29
2026-05-21 05:30:49,2026-05-21,2,乒乓球厅-6号,11:00-12:00,1,1,已售/已满,教学时间,多云,15,13,3,0.0,100,28
2026-05-21 06:00:50,2026-05-21,2,乒乓球厅-6号,11:00-12:00,1,1,已售/已满,教学时间,多云,15,13,4,0.0,99,28
2026-05-21 06:30:38,2026-05-21,2,乒乓球厅-6号,11:00-12:00,1,1,已售/已满,教学时间,多云,15,13,3,0.0,97,28
2026-05-21 07:00:43,2026-05-21,2,乒乓球厅-6号,11:00-12:00,1,1,已售/已满,教学时间,晴,15,11,5,0.0,93,28
2026-05-21 07:30:39,2026-05-21,2,乒乓球厅-6号,11:00-12:00,1,1,已售/已满,教学时间,晴,17,13,4,0.0,89,29
2026-05-21 07:50:40,2026-05-21,2,乒乓球厅-6号,11:00-12:00,1,1,已售/已满,教学时间,晴,17,13,4,0.0,88,29
2026-05-21 07:53:31,2026-05-21,2,乒乓球厅-6号,11:00-12:00,1,1,已售/已满,教学时间,晴,17,12,5,0.0,86,29
2026-05-21 07:56:31,2026-05-21,2,乒乓球厅-6号,11:00-12:00,1,1,已售/已满,教学时间,晴,17,12,5,0.0,86,29
2026-05-21 07:59:26,2026-05-21,2,乒乓球厅-6号,11:00-12:00,1,1,已售/已满,教学时间,晴,17,12,5,0.0,86,29
2026-05-21 08:00:45,2026-05-21,2,乒乓球厅-6号,11:00-12:00,1,1,已售/已满,教学时间,晴,17,12,5,0.0,86,29
2026-05-21 08:02:30,2026-05-21,2,乒乓球厅-6号,11:00-12:00,1,1,已售/已满,教学时间,多云,17,12,5,0.0,87,29
2026-05-21 08:05:36,2026-05-21,2,乒乓球厅-6号,11:00-12:00,1,1,已售/已满,教学时间,多云,17,12,5,0.0,86,29
2026-05-21 08:08:31,2026-05-21,2,乒乓球厅-6号,11:00-12:00,1,1,已售/已满,教学时间,多云,17,12,5,0.0,86,29
2026-05-21 08:11:30,2026-05-21,2,乒乓球厅-6号,11:00-12:00,1,1,已售/已满,教学时间,多云,17,12,5,0.0,86,29
2026-05-21 08:14:31,2026-05-21,2,乒乓球厅-6号,11:00-12:00,1,1,已售/已满,教学时间,多云,17,12,5,0.0,86,29
2026-05-21 08:17:30,2026-05-21,2,乒乓球厅-6号,11:00-12:00,1,1,已售/已满,教学时间,多云,17,12,5,0.0,86,29
2026-05-21 08:20:35,2026-05-21,2,乒乓球厅-6号,11:00-12:00,1,1,已售/已满,教学时间,多云,17,14,4,0.0,85,29
2026-05-21 08:25:32,2026-05-21,2,乒乓球厅-6号,11:00-12:00,1,1,已售/已满,教学时间,多云,17,14,4,0.0,85,28
2026-05-21 08:30:42,2026-05-21,2,乒乓球厅-6号,11:00-12:00,1,1,已售/已满,教学时间,多云,18,15,4,0.0,84,28
2026-05-21 08:35:31,2026-05-21,2,乒乓球厅-6号,11:00-12:00,1,1,已售/已满,教学时间,多云,18,15,4,0.0,84,28
2026-05-21 08:40:38,2026-05-21,2,乒乓球厅-6号,11:00-12:00,1,1,已售/已满,教学时间,多云,18,15,4,0.0,82,28
2026-05-21 08:45:33,2026-05-21,2,乒乓球厅-6号,11:00-12:00,1,1,已售/已满,教学时间,多云,18,15,4,0.0,82,28
2026-05-21 08:50:36,2026-05-21,2,乒乓球厅-6号,11:00-12:00,1,1,已售/已满,教学时间,多云,18,15,4,0.0,82,28
2026-05-21 08:55:34,2026-05-21,2,乒乓球厅-6号,11:00-12:00,1,1,已售/已满,教学时间,多云,18,15,4,0.0,84,28
2026-05-21 09:00:51,2026-05-21,2,乒乓球厅-6号,11:00-12:00,1,1,已售/已满,教学时间,多云,18,15,4,0.0,84,28
2026-05-21 09:01:59,2026-05-21,2,乒乓球厅-6号,11:00-12:00,1,1,已售/已满,教学时间,多云,18,15,4,0.0,83,28
2026-05-21 09:05:33,2026-05-21,2,乒乓球厅-6号,11:00-12:00,1,1,已售/已满,教学时间,多云,18,15,4,0.0,83,28
2026-05-21 09:20:38,2026-05-21,2,乒乓球厅-6号,11:00-12:00,1,1,已售/已满,教学时间,多云,18,16,3,0.0,81,28
2026-05-21 09:30:46,2026-05-21,2,乒乓球厅-6号,11:00-12:00,1,1,已售/已满,教学时间,多云,18,16,3,0.0,81,32
2026-05-21 09:40:36,2026-05-21,2,乒乓球厅-6号,11:00-12:00,1,1,已售/已满,教学时间,多云,19,17,3,0.0,79,32
2026-05-21 09:50:42,2026-05-21,2,乒乓球厅-6号,11:00-12:00,1,1,已售/已满,教学时间,多云,19,17,4,0.0,81,32
2026-05-21 10:00:46,2026-05-21,2,乒乓球厅-6号,11:00-12:00,1,1,已售/已满,教学时间,多云,19,17,4,0.0,79,32
2026-05-21 10:10:40,2026-05-21,2,乒乓球厅-6号,11:00-12:00,1,1,已售/已满,教学时间,多云,19,17,4,0.0,79,32
2026-05-21 10:20:38,2026-05-21,2,乒乓球厅-6号,11:00-12:00,1,1,已售/已满,教学时间,多云,19,17,4,0.0,79,32
2026-05-21 10:30:41,2026-05-21,2,乒乓球厅-6号,11:00-12:00,1,1,已售/已满,教学时间,多云,19,18,3,0.0,78,31
2026-05-21 11:00:44,2026-05-21,2,乒乓球厅-6号,11:00-12:00,1,1,已售/已满,教学时间,多云,21,17,5,0.0,74,31
2026-05-21 11:30:38,2026-05-21,2,乒乓球厅-6号,11:00-12:00,1,1,已售/已满,教学时间,多云,21,19,3,0.0,72,33
2026-05-21 12:00:46,2026-05-21,2,乒乓球厅-6号,11:00-12:00,1,1,已售/已满,教学时间,多云,22,19,4,0.0,70,33
2026-05-21 12:30:42,2026-05-21,2,乒乓球厅-6号,11:00-12:00,1,1,已售/已满,教学时间,多云,22,21,3,0.0,68,35
2026-05-21 13:00:43,2026-05-21,2,乒乓球厅-6号,11:00-12:00,1,1,已售/已满,教学时间,多云,24,22,4,0.0,66,35
2026-05-21 13:30:43,2026-05-21,2,乒乓球厅-6号,11:00-12:00,1,1,已售/已满,教学时间,多云,24,22,4,0.0,66,36
2026-05-21 14:00:48,2026-05-21,2,乒乓球厅-6号,11:00-12:00,1,1,已售/已满,教学时间,多云,25,23,4,0.0,66,36
2026-05-21 14:30:45,2026-05-21,2,乒乓球厅-6号,11:00-12:00,1,1,已售/已满,教学时间,晴,25,25,3,0.0,65,39
2026-05-21 15:00:45,2026-05-21,2,乒乓球厅-6号,11:00-12:00,1,1,已售/已满,教学时间,晴,25,22,4,0.0,56,39
2026-05-21 15:30:43,2026-05-21,2,乒乓球厅-6号,11:00-12:00,1,1,已售/已满,教学时间,晴,25,23,4,0.0,57,40
2026-05-21 16:00:51,2026-05-21,2,乒乓球厅-6号,11:00-12:00,1,1,已售/已满,教学时间,晴,25,23,4,0.0,57,40
2026-05-21 16:30:48,2026-05-21,2,乒乓球厅-6号,11:00-12:00,1,1,已售/已满,教学时间,晴,25,24,3,0.0,60,39
2026-05-21 17:00:49,2026-05-21,2,乒乓球厅-6号,11:00-12:00,1,1,已售/已满,教学时间,晴,25,24,4,0.0,61,39
2026-05-21 17:30:47,2026-05-21,2,乒乓球厅-6号,11:00-12:00,1,1,已售/已满,教学时间,多云,24,23,3,0.0,64,39
2026-05-21 18:00:50,2026-05-21,2,乒乓球厅-6号,11:00-12:00,1,1,已售/已满,教学时间,多云,24,23,3,0.0,68,39
2026-05-21 18:30:50,2026-05-21,2,乒乓球厅-6号,11:00-12:00,1,1,已售/已满,教学时间,阴,24,25,2,0.0,68,40
2026-05-21 19:00:50,2026-05-21,2,乒乓球厅-6号,11:00-12:00,1,1,已售/已满,教学时间,阴,23,23,3,0.0,76,40
2026-05-21 19:30:46,2026-05-21,2,乒乓球厅-6号,11:00-12:00,1,1,已售/已满,教学时间,阴,23,24,2,0.0,77,39
2026-05-21 20:00:49,2026-05-21,2,乒乓球厅-6号,11:00-12:00,1,1,已售/已满,教学时间,雾,22,23,2,0.0,89,39
2026-05-21 20:30:44,2026-05-21,2,乒乓球厅-6号,11:00-12:00,1,1,已售/已满,教学时间,雾,22,24,2,0.0,93,43
2026-05-21 21:00:56,2026-05-21,2,乒乓球厅-6号,11:00-12:00,1,1,已售/已满,教学时间,雾,20,21,2,0.0,98,43
2026-05-21 21:30:46,2026-05-21,2,乒乓球厅-6号,11:00-12:00,1,1,已售/已满,教学时间,雾,20,22,1,0.0,99,41
2026-05-21 22:01:02,2026-05-21,2,乒乓球厅-6号,11:00-12:00,1,1,已售/已满,教学时间,雾,19,20,2,0.0,93,41
2026-05-21 22:30:47,2026-05-21,2,乒乓球厅-6号,11:00-12:00,1,1,已售/已满,教学时间,雾,19,19,3,0.0,88,46
2026-05-21 23:00:56,2026-05-21,2,乒乓球厅-6号,11:00-12:00,1,1,已售/已满,教学时间,多云,18,17,3,0.0,85,46
2026-05-21 23:30:55,2026-05-21,2,乒乓球厅-6号,11:00-12:00,1,1,已售/已满,教学时间,多云,18,17,3,0.0,85,48
2026-05-21 00:30:49,2026-05-21,2,乒乓球厅-6号,12:00-12:55,0,1,可预约,￥0.0,多云,15,13,3,0.0,100,26
2026-05-21 01:00:55,2026-05-21,2,乒乓球厅-6号,12:00-12:55,0,1,可预约,￥0.0,多云,15,12,4,0.0,100,26
2026-05-21 01:30:47,2026-05-21,2,乒乓球厅-6号,12:00-12:55,0,1,可预约,￥0.0,多云,15,13,4,0.0,100,28
2026-05-21 02:00:53,2026-05-21,2,乒乓球厅-6号,12:00-12:55,0,1,可预约,￥0.0,多云,15,12,4,0.0,100,28
2026-05-21 02:30:49,2026-05-21,2,乒乓球厅-6号,12:00-12:55,0,1,可预约,￥0.0,多云,15,14,3,0.0,100,29
2026-05-21 03:00:55,2026-05-21,2,乒乓球厅-6号,12:00-12:55,0,1,可预约,￥0.0,多云,15,12,4,0.0,100,29
2026-05-21 03:30:49,2026-05-21,2,乒乓球厅-6号,12:00-12:55,0,1,可预约,￥0.0,多云,15,14,3,0.0,100,30
2026-05-21 04:30:45,2026-05-21,2,乒乓球厅-6号,12:00-12:55,0,1,可预约,￥0.0,多云,15,12,4,0.0,100,29
2026-05-21 05:00:52,2026-05-21,2,乒乓球厅-6号,12:00-12:55,0,1,可预约,￥0.0,多云,15,12,4,0.0,100,29
2026-05-21 05:30:49,2026-05-21,2,乒乓球厅-6号,12:00-12:55,0,1,可预约,￥0.0,多云,15,13,3,0.0,100,28
2026-05-21 06:00:50,2026-05-21,2,乒乓球厅-6号,12:00-12:55,0,1,可预约,￥0.0,多云,15,13,4,0.0,99,28
2026-05-21 06:30:38,2026-05-21,2,乒乓球厅-6号,12:00-12:55,0,1,可预约,￥0.0,多云,15,13,3,0.0,97,28
2026-05-21 07:00:43,2026-05-21,2,乒乓球厅-6号,12:00-12:55,0,1,可预约,￥0.0,晴,15,11,5,0.0,93,28
2026-05-21 07:30:39,2026-05-21,2,乒乓球厅-6号,12:00-12:55,0,1,可预约,￥0.0,晴,17,13,4,0.0,89,29
2026-05-21 07:50:40,2026-05-21,2,乒乓球厅-6号,12:00-12:55,0,1,可预约,￥0.0,晴,17,13,4,0.0,88,29
2026-05-21 07:53:31,2026-05-21,2,乒乓球厅-6号,12:00-12:55,0,1,可预约,￥0.0,晴,17,12,5,0.0,86,29
2026-05-21 07:56:31,2026-05-21,2,乒乓球厅-6号,12:00-12:55,0,1,可预约,￥0.0,晴,17,12,5,0.0,86,29
2026-05-21 07:59:26,2026-05-21,2,乒乓球厅-6号,12:00-12:55,0,1,可预约,￥0.0,晴,17,12,5,0.0,86,29
2026-05-21 08:00:45,2026-05-21,2,乒乓球厅-6号,12:00-12:55,0,1,可预约,￥0.0,晴,17,12,5,0.0,86,29
2026-05-21 08:02:30,2026-05-21,2,乒乓球厅-6号,12:00-12:55,0,1,可预约,￥0.0,多云,17,12,5,0.0,87,29
2026-05-21 08:05:36,2026-05-21,2,乒乓球厅-6号,12:00-12:55,0,1,可预约,￥0.0,多云,17,12,5,0.0,86,29
2026-05-21 08:08:31,2026-05-21,2,乒乓球厅-6号,12:00-12:55,0,1,可预约,￥0.0,多云,17,12,5,0.0,86,29
2026-05-21 08:11:30,2026-05-21,2,乒乓球厅-6号,12:00-12:55,0,1,可预约,￥0.0,多云,17,12,5,0.0,86,29
2026-05-21 08:14:31,2026-05-21,2,乒乓球厅-6号,12:00-12:55,0,1,可预约,￥0.0,多云,17,12,5,0.0,86,29
2026-05-21 08:17:30,2026-05-21,2,乒乓球厅-6号,12:00-12:55,0,1,可预约,￥0.0,多云,17,12,5,0.0,86,29
2026-05-21 08:20:35,2026-05-21,2,乒乓球厅-6号,12:00-12:55,0,1,可预约,￥0.0,多云,17,14,4,0.0,85,29
2026-05-21 08:25:32,2026-05-21,2,乒乓球厅-6号,12:00-12:55,0,1,可预约,￥0.0,多云,17,14,4,0.0,85,28
2026-05-21 08:30:42,2026-05-21,2,乒乓球厅-6号,12:00-12:55,0,1,可预约,￥0.0,多云,18,15,4,0.0,84,28
2026-05-21 08:35:31,2026-05-21,2,乒乓球厅-6号,12:00-12:55,0,1,可预约,￥0.0,多云,18,15,4,0.0,84,28
2026-05-21 08:40:38,2026-05-21,2,乒乓球厅-6号,12:00-12:55,0,1,可预约,￥0.0,多云,18,15,4,0.0,82,28
2026-05-21 08:45:33,2026-05-21,2,乒乓球厅-6号,12:00-12:55,0,1,可预约,￥0.0,多云,18,15,4,0.0,82,28
2026-05-21 08:50:36,2026-05-21,2,乒乓球厅-6号,12:00-12:55,0,1,可预约,￥0.0,多云,18,15,4,0.0,82,28
2026-05-21 08:55:34,2026-05-21,2,乒乓球厅-6号,12:00-12:55,0,1,可预约,￥0.0,多云,18,15,4,0.0,84,28
2026-05-21 09:00:51,2026-05-21,2,乒乓球厅-6号,12:00-12:55,0,1,可预约,￥0.0,多云,18,15,4,0.0,84,28
2026-05-21 09:01:59,2026-05-21,2,乒乓球厅-6号,12:00-12:55,0,1,可预约,￥0.0,多云,18,15,4,0.0,83,28
2026-05-21 09:05:33,2026-05-21,2,乒乓球厅-6号,12:00-12:55,0,1,可预约,￥0.0,多云,18,15,4,0.0,83,28
2026-05-21 09:20:38,2026-05-21,2,乒乓球厅-6号,12:00-12:55,0,1,可预约,￥0.0,多云,18,16,3,0.0,81,28
2026-05-21 09:30:46,2026-05-21,2,乒乓球厅-6号,12:00-12:55,0,1,可预约,￥0.0,多云,18,16,3,0.0,81,32
2026-05-21 09:40:36,2026-05-21,2,乒乓球厅-6号,12:00-12:55,0,1,可预约,￥0.0,多云,19,17,3,0.0,79,32
2026-05-21 09:50:42,2026-05-21,2,乒乓球厅-6号,12:00-12:55,0,1,可预约,￥0.0,多云,19,17,4,0.0,81,32
2026-05-21 10:00:46,2026-05-21,2,乒乓球厅-6号,12:00-12:55,0,1,可预约,￥0.0,多云,19,17,4,0.0,79,32
2026-05-21 10:10:40,2026-05-21,2,乒乓球厅-6号,12:00-12:55,0,1,可预约,￥0.0,多云,19,17,4,0.0,79,32
2026-05-21 10:20:38,2026-05-21,2,乒乓球厅-6号,12:00-12:55,0,1,可预约,￥0.0,多云,19,17,4,0.0,79,32
2026-05-21 10:30:41,2026-05-21,2,乒乓球厅-6号,12:00-12:55,0,1,可预约,￥0.0,多云,19,18,3,0.0,78,31
2026-05-21 11:00:44,2026-05-21,2,乒乓球厅-6号,12:00-12:55,0,1,可预约,￥0.0,多云,21,17,5,0.0,74,31
2026-05-21 11:30:38,2026-05-21,2,乒乓球厅-6号,12:00-12:55,0,1,可预约,￥0.0,多云,21,19,3,0.0,72,33
2026-05-21 12:00:46,2026-05-21,2,乒乓球厅-6号,12:00-12:55,0,1,可预约,￥0.0,多云,22,19,4,0.0,70,33
2026-05-21 12:30:42,2026-05-21,2,乒乓球厅-6号,12:00-12:55,0,1,可预约,￥0.0,多云,22,21,3,0.0,68,35
2026-05-21 13:00:43,2026-05-21,2,乒乓球厅-6号,12:00-12:55,0,1,不开放/已过期,,多云,24,22,4,0.0,66,35
2026-05-21 13:30:43,2026-05-21,2,乒乓球厅-6号,12:00-12:55,0,1,不开放/已过期,,多云,24,22,4,0.0,66,36
2026-05-21 14:00:48,2026-05-21,2,乒乓球厅-6号,12:00-12:55,0,1,不开放/已过期,,多云,25,23,4,0.0,66,36
2026-05-21 14:30:45,2026-05-21,2,乒乓球厅-6号,12:00-12:55,0,1,不开放/已过期,,晴,25,25,3,0.0,65,39
2026-05-21 15:00:45,2026-05-21,2,乒乓球厅-6号,12:00-12:55,0,1,不开放/已过期,,晴,25,22,4,0.0,56,39
2026-05-21 15:30:43,2026-05-21,2,乒乓球厅-6号,12:00-12:55,0,1,不开放/已过期,,晴,25,23,4,0.0,57,40
2026-05-21 16:00:51,2026-05-21,2,乒乓球厅-6号,12:00-12:55,0,1,不开放/已过期,,晴,25,23,4,0.0,57,40
2026-05-21 16:30:48,2026-05-21,2,乒乓球厅-6号,12:00-12:55,0,1,不开放/已过期,,晴,25,24,3,0.0,60,39
2026-05-21 17:00:49,2026-05-21,2,乒乓球厅-6号,12:00-12:55,0,1,不开放/已过期,,晴,25,24,4,0.0,61,39
2026-05-21 17:30:47,2026-05-21,2,乒乓球厅-6号,12:00-12:55,0,1,不开放/已过期,,多云,24,23,3,0.0,64,39
2026-05-21 18:00:50,2026-05-21,2,乒乓球厅-6号,12:00-12:55,0,1,不开放/已过期,,多云,24,23,3,0.0,68,39
2026-05-21 18:30:50,2026-05-21,2,乒乓球厅-6号,12:00-12:55,0,1,不开放/已过期,,阴,24,25,2,0.0,68,40
2026-05-21 19:00:50,2026-05-21,2,乒乓球厅-6号,12:00-12:55,0,1,不开放/已过期,,阴,23,23,3,0.0,76,40
2026-05-21 19:30:46,2026-05-21,2,乒乓球厅-6号,12:00-12:55,0,1,不开放/已过期,,阴,23,24,2,0.0,77,39
2026-05-21 20:00:49,2026-05-21,2,乒乓球厅-6号,12:00-12:55,0,1,不开放/已过期,,雾,22,23,2,0.0,89,39
2026-05-21 20:30:44,2026-05-21,2,乒乓球厅-6号,12:00-12:55,0,1,不开放/已过期,,雾,22,24,2,0.0,93,43
2026-05-21 21:00:56,2026-05-21,2,乒乓球厅-6号,12:00-12:55,0,1,不开放/已过期,,雾,20,21,2,0.0,98,43
2026-05-21 21:30:46,2026-05-21,2,乒乓球厅-6号,12:00-12:55,0,1,不开放/已过期,,雾,20,22,1,0.0,99,41
2026-05-21 22:01:02,2026-05-21,2,乒乓球厅-6号,12:00-12:55,0,1,不开放/已过期,,雾,19,20,2,0.0,93,41
2026-05-21 22:30:47,2026-05-21,2,乒乓球厅-6号,12:00-12:55,0,1,不开放/已过期,,雾,19,19,3,0.0,88,46
2026-05-21 23:00:56,2026-05-21,2,乒乓球厅-6号,12:00-12:55,0,1,不开放/已过期,,多云,18,17,3,0.0,85,46
2026-05-21 23:30:55,2026-05-21,2,乒乓球厅-6号,12:00-12:55,0,1,不开放/已过期,,多云,18,17,3,0.0,85,48
2026-05-21 00:30:49,2026-05-21,2,乒乓球厅-6号,12:55-13:50,0,1,可预约,￥0.0,多云,15,13,3,0.0,100,26
2026-05-21 01:00:55,2026-05-21,2,乒乓球厅-6号,12:55-13:50,0,1,可预约,￥0.0,多云,15,12,4,0.0,100,26
2026-05-21 01:30:47,2026-05-21,2,乒乓球厅-6号,12:55-13:50,0,1,可预约,￥0.0,多云,15,13,4,0.0,100,28
2026-05-21 02:00:53,2026-05-21,2,乒乓球厅-6号,12:55-13:50,0,1,可预约,￥0.0,多云,15,12,4,0.0,100,28
2026-05-21 02:30:49,2026-05-21,2,乒乓球厅-6号,12:55-13:50,0,1,可预约,￥0.0,多云,15,14,3,0.0,100,29
2026-05-21 03:00:55,2026-05-21,2,乒乓球厅-6号,12:55-13:50,0,1,可预约,￥0.0,多云,15,12,4,0.0,100,29
2026-05-21 03:30:49,2026-05-21,2,乒乓球厅-6号,12:55-13:50,0,1,可预约,￥0.0,多云,15,14,3,0.0,100,30
2026-05-21 04:30:45,2026-05-21,2,乒乓球厅-6号,12:55-13:50,0,1,可预约,￥0.0,多云,15,12,4,0.0,100,29
2026-05-21 05:00:52,2026-05-21,2,乒乓球厅-6号,12:55-13:50,0,1,可预约,￥0.0,多云,15,12,4,0.0,100,29
2026-05-21 05:30:49,2026-05-21,2,乒乓球厅-6号,12:55-13:50,0,1,可预约,￥0.0,多云,15,13,3,0.0,100,28
2026-05-21 06:00:50,2026-05-21,2,乒乓球厅-6号,12:55-13:50,0,1,可预约,￥0.0,多云,15,13,4,0.0,99,28
2026-05-21 06:30:38,2026-05-21,2,乒乓球厅-6号,12:55-13:50,0,1,可预约,￥0.0,多云,15,13,3,0.0,97,28
2026-05-21 07:00:43,2026-05-21,2,乒乓球厅-6号,12:55-13:50,0,1,可预约,￥0.0,晴,15,11,5,0.0,93,28
2026-05-21 07:30:39,2026-05-21,2,乒乓球厅-6号,12:55-13:50,0,1,可预约,￥0.0,晴,17,13,4,0.0,89,29
2026-05-21 07:50:40,2026-05-21,2,乒乓球厅-6号,12:55-13:50,0,1,可预约,￥0.0,晴,17,13,4,0.0,88,29
2026-05-21 07:53:31,2026-05-21,2,乒乓球厅-6号,12:55-13:50,0,1,可预约,￥0.0,晴,17,12,5,0.0,86,29
2026-05-21 07:56:31,2026-05-21,2,乒乓球厅-6号,12:55-13:50,0,1,可预约,￥0.0,晴,17,12,5,0.0,86,29
2026-05-21 07:59:26,2026-05-21,2,乒乓球厅-6号,12:55-13:50,0,1,可预约,￥0.0,晴,17,12,5,0.0,86,29
2026-05-21 08:00:45,2026-05-21,2,乒乓球厅-6号,12:55-13:50,0,1,可预约,￥0.0,晴,17,12,5,0.0,86,29
2026-05-21 08:02:30,2026-05-21,2,乒乓球厅-6号,12:55-13:50,0,1,可预约,￥0.0,多云,17,12,5,0.0,87,29
2026-05-21 08:05:36,2026-05-21,2,乒乓球厅-6号,12:55-13:50,0,1,可预约,￥0.0,多云,17,12,5,0.0,86,29
2026-05-21 08:08:31,2026-05-21,2,乒乓球厅-6号,12:55-13:50,0,1,可预约,￥0.0,多云,17,12,5,0.0,86,29
2026-05-21 08:11:30,2026-05-21,2,乒乓球厅-6号,12:55-13:50,0,1,可预约,￥0.0,多云,17,12,5,0.0,86,29
2026-05-21 08:14:31,2026-05-21,2,乒乓球厅-6号,12:55-13:50,0,1,可预约,￥0.0,多云,17,12,5,0.0,86,29
2026-05-21 08:17:30,2026-05-21,2,乒乓球厅-6号,12:55-13:50,0,1,可预约,￥0.0,多云,17,12,5,0.0,86,29
2026-05-21 08:20:35,2026-05-21,2,乒乓球厅-6号,12:55-13:50,0,1,可预约,￥0.0,多云,17,14,4,0.0,85,29
2026-05-21 08:25:32,2026-05-21,2,乒乓球厅-6号,12:55-13:50,0,1,可预约,￥0.0,多云,17,14,4,0.0,85,28
2026-05-21 08:30:42,2026-05-21,2,乒乓球厅-6号,12:55-13:50,0,1,可预约,￥0.0,多云,18,15,4,0.0,84,28
2026-05-21 08:35:31,2026-05-21,2,乒乓球厅-6号,12:55-13:50,0,1,可预约,￥0.0,多云,18,15,4,0.0,84,28
2026-05-21 08:40:38,2026-05-21,2,乒乓球厅-6号,12:55-13:50,0,1,可预约,￥0.0,多云,18,15,4,0.0,82,28
2026-05-21 08:45:33,2026-05-21,2,乒乓球厅-6号,12:55-13:50,0,1,可预约,￥0.0,多云,18,15,4,0.0,82,28
2026-05-21 08:50:36,2026-05-21,2,乒乓球厅-6号,12:55-13:50,0,1,可预约,￥0.0,多云,18,15,4,0.0,82,28
2026-05-21 08:55:34,2026-05-21,2,乒乓球厅-6号,12:55-13:50,0,1,可预约,￥0.0,多云,18,15,4,0.0,84,28
2026-05-21 09:00:51,2026-05-21,2,乒乓球厅-6号,12:55-13:50,0,1,可预约,￥0.0,多云,18,15,4,0.0,84,28
2026-05-21 09:01:59,2026-05-21,2,乒乓球厅-6号,12:55-13:50,0,1,可预约,￥0.0,多云,18,15,4,0.0,83,28
2026-05-21 09:05:33,2026-05-21,2,乒乓球厅-6号,12:55-13:50,0,1,可预约,￥0.0,多云,18,15,4,0.0,83,28
2026-05-21 09:20:38,2026-05-21,2,乒乓球厅-6号,12:55-13:50,0,1,可预约,￥0.0,多云,18,16,3,0.0,81,28
2026-05-21 09:30:46,2026-05-21,2,乒乓球厅-6号,12:55-13:50,0,1,可预约,￥0.0,多云,18,16,3,0.0,81,32
2026-05-21 09:40:36,2026-05-21,2,乒乓球厅-6号,12:55-13:50,0,1,可预约,￥0.0,多云,19,17,3,0.0,79,32
2026-05-21 09:50:42,2026-05-21,2,乒乓球厅-6号,12:55-13:50,0,1,可预约,￥0.0,多云,19,17,4,0.0,81,32
2026-05-21 10:00:46,2026-05-21,2,乒乓球厅-6号,12:55-13:50,0,1,可预约,￥0.0,多云,19,17,4,0.0,79,32
2026-05-21 10:10:40,2026-05-21,2,乒乓球厅-6号,12:55-13:50,0,1,可预约,￥0.0,多云,19,17,4,0.0,79,32
2026-05-21 10:20:38,2026-05-21,2,乒乓球厅-6号,12:55-13:50,0,1,可预约,￥0.0,多云,19,17,4,0.0,79,32
2026-05-21 10:30:41,2026-05-21,2,乒乓球厅-6号,12:55-13:50,0,1,可预约,￥0.0,多云,19,18,3,0.0,78,31
2026-05-21 11:00:44,2026-05-21,2,乒乓球厅-6号,12:55-13:50,0,1,可预约,￥0.0,多云,21,17,5,0.0,74,31
2026-05-21 11:30:38,2026-05-21,2,乒乓球厅-6号,12:55-13:50,0,1,可预约,￥0.0,多云,21,19,3,0.0,72,33
2026-05-21 12:00:46,2026-05-21,2,乒乓球厅-6号,12:55-13:50,0,1,可预约,￥0.0,多云,22,19,4,0.0,70,33
2026-05-21 12:30:42,2026-05-21,2,乒乓球厅-6号,12:55-13:50,0,1,可预约,￥0.0,多云,22,21,3,0.0,68,35
2026-05-21 13:00:43,2026-05-21,2,乒乓球厅-6号,12:55-13:50,0,1,可预约,￥0.0,多云,24,22,4,0.0,66,35
2026-05-21 13:30:43,2026-05-21,2,乒乓球厅-6号,12:55-13:50,1,1,已售/已满,已售,多云,24,22,4,0.0,66,36
2026-05-21 14:00:48,2026-05-21,2,乒乓球厅-6号,12:55-13:50,1,1,已售/已满,已售,多云,25,23,4,0.0,66,36
2026-05-21 14:30:45,2026-05-21,2,乒乓球厅-6号,12:55-13:50,1,1,已售/已满,已售,晴,25,25,3,0.0,65,39
2026-05-21 15:00:45,2026-05-21,2,乒乓球厅-6号,12:55-13:50,1,1,已售/已满,已售,晴,25,22,4,0.0,56,39
2026-05-21 15:30:43,2026-05-21,2,乒乓球厅-6号,12:55-13:50,1,1,已售/已满,已售,晴,25,23,4,0.0,57,40
2026-05-21 16:00:51,2026-05-21,2,乒乓球厅-6号,12:55-13:50,1,1,已售/已满,已售,晴,25,23,4,0.0,57,40
2026-05-21 16:30:48,2026-05-21,2,乒乓球厅-6号,12:55-13:50,1,1,已售/已满,已售,晴,25,24,3,0.0,60,39
2026-05-21 17:00:49,2026-05-21,2,乒乓球厅-6号,12:55-13:50,1,1,已售/已满,已售,晴,25,24,4,0.0,61,39
2026-05-21 17:30:47,2026-05-21,2,乒乓球厅-6号,12:55-13:50,1,1,已售/已满,已售,多云,24,23,3,0.0,64,39
2026-05-21 18:00:50,2026-05-21,2,乒乓球厅-6号,12:55-13:50,1,1,已售/已满,已售,多云,24,23,3,0.0,68,39
2026-05-21 18:30:50,2026-05-21,2,乒乓球厅-6号,12:55-13:50,1,1,已售/已满,已售,阴,24,25,2,0.0,68,40
2026-05-21 19:00:50,2026-05-21,2,乒乓球厅-6号,12:55-13:50,1,1,已售/已满,已售,阴,23,23,3,0.0,76,40
2026-05-21 19:30:46,2026-05-21,2,乒乓球厅-6号,12:55-13:50,1,1,已售/已满,已售,阴,23,24,2,0.0,77,39
2026-05-21 20:00:49,2026-05-21,2,乒乓球厅-6号,12:55-13:50,1,1,已售/已满,已售,雾,22,23,2,0.0,89,39
2026-05-21 20:30:44,2026-05-21,2,乒乓球厅-6号,12:55-13:50,1,1,已售/已满,已售,雾,22,24,2,0.0,93,43
2026-05-21 21:00:56,2026-05-21,2,乒乓球厅-6号,12:55-13:50,1,1,已售/已满,已售,雾,20,21,2,0.0,98,43
2026-05-21 21:30:46,2026-05-21,2,乒乓球厅-6号,12:55-13:50,1,1,已售/已满,已售,雾,20,22,1,0.0,99,41
2026-05-21 22:01:02,2026-05-21,2,乒乓球厅-6号,12:55-13:50,1,1,已售/已满,已售,雾,19,20,2,0.0,93,41
2026-05-21 22:30:47,2026-05-21,2,乒乓球厅-6号,12:55-13:50,1,1,已售/已满,已售,雾,19,19,3,0.0,88,46
2026-05-21 23:00:56,2026-05-21,2,乒乓球厅-6号,12:55-13:50,1,1,已售/已满,已售,多云,18,17,3,0.0,85,46
2026-05-21 23:30:55,2026-05-21,2,乒乓球厅-6号,12:55-13:50,1,1,已售/已满,已售,多云,18,17,3,0.0,85,48
2026-05-21 00:30:49,2026-05-21,2,乒乓球厅-6号,14:00-15:00,0,1,可预约,￥5.0,多云,15,13,3,0.0,100,26
2026-05-21 01:00:55,2026-05-21,2,乒乓球厅-6号,14:00-15:00,0,1,可预约,￥5.0,多云,15,12,4,0.0,100,26
2026-05-21 01:30:47,2026-05-21,2,乒乓球厅-6号,14:00-15:00,0,1,可预约,￥5.0,多云,15,13,4,0.0,100,28
2026-05-21 02:00:53,2026-05-21,2,乒乓球厅-6号,14:00-15:00,0,1,可预约,￥5.0,多云,15,12,4,0.0,100,28
2026-05-21 02:30:49,2026-05-21,2,乒乓球厅-6号,14:00-15:00,0,1,可预约,￥5.0,多云,15,14,3,0.0,100,29
2026-05-21 03:00:55,2026-05-21,2,乒乓球厅-6号,14:00-15:00,0,1,可预约,￥5.0,多云,15,12,4,0.0,100,29
2026-05-21 03:30:49,2026-05-21,2,乒乓球厅-6号,14:00-15:00,0,1,可预约,￥5.0,多云,15,14,3,0.0,100,30
2026-05-21 04:30:45,2026-05-21,2,乒乓球厅-6号,14:00-15:00,0,1,可预约,￥5.0,多云,15,12,4,0.0,100,29
2026-05-21 05:00:52,2026-05-21,2,乒乓球厅-6号,14:00-15:00,0,1,可预约,￥5.0,多云,15,12,4,0.0,100,29
2026-05-21 05:30:49,2026-05-21,2,乒乓球厅-6号,14:00-15:00,0,1,可预约,￥5.0,多云,15,13,3,0.0,100,28
2026-05-21 06:00:50,2026-05-21,2,乒乓球厅-6号,14:00-15:00,0,1,可预约,￥5.0,多云,15,13,4,0.0,99,28
2026-05-21 06:30:38,2026-05-21,2,乒乓球厅-6号,14:00-15:00,0,1,可预约,￥5.0,多云,15,13,3,0.0,97,28
2026-05-21 07:00:43,2026-05-21,2,乒乓球厅-6号,14:00-15:00,0,1,可预约,￥5.0,晴,15,11,5,0.0,93,28
2026-05-21 07:30:39,2026-05-21,2,乒乓球厅-6号,14:00-15:00,0,1,可预约,￥5.0,晴,17,13,4,0.0,89,29
2026-05-21 07:50:40,2026-05-21,2,乒乓球厅-6号,14:00-15:00,0,1,可预约,￥5.0,晴,17,13,4,0.0,88,29
2026-05-21 07:53:31,2026-05-21,2,乒乓球厅-6号,14:00-15:00,0,1,可预约,￥5.0,晴,17,12,5,0.0,86,29
2026-05-21 07:56:31,2026-05-21,2,乒乓球厅-6号,14:00-15:00,0,1,可预约,￥5.0,晴,17,12,5,0.0,86,29
2026-05-21 07:59:26,2026-05-21,2,乒乓球厅-6号,14:00-15:00,0,1,可预约,￥5.0,晴,17,12,5,0.0,86,29
2026-05-21 08:00:45,2026-05-21,2,乒乓球厅-6号,14:00-15:00,0,1,可预约,￥5.0,晴,17,12,5,0.0,86,29
2026-05-21 08:02:30,2026-05-21,2,乒乓球厅-6号,14:00-15:00,0,1,可预约,￥5.0,多云,17,12,5,0.0,87,29
2026-05-21 08:05:36,2026-05-21,2,乒乓球厅-6号,14:00-15:00,0,1,可预约,￥5.0,多云,17,12,5,0.0,86,29
2026-05-21 08:08:31,2026-05-21,2,乒乓球厅-6号,14:00-15:00,0,1,可预约,￥5.0,多云,17,12,5,0.0,86,29
2026-05-21 08:11:30,2026-05-21,2,乒乓球厅-6号,14:00-15:00,0,1,可预约,￥5.0,多云,17,12,5,0.0,86,29
2026-05-21 08:14:31,2026-05-21,2,乒乓球厅-6号,14:00-15:00,0,1,可预约,￥5.0,多云,17,12,5,0.0,86,29
2026-05-21 08:17:30,2026-05-21,2,乒乓球厅-6号,14:00-15:00,0,1,可预约,￥5.0,多云,17,12,5,0.0,86,29
2026-05-21 08:20:35,2026-05-21,2,乒乓球厅-6号,14:00-15:00,0,1,可预约,￥5.0,多云,17,14,4,0.0,85,29
2026-05-21 08:25:32,2026-05-21,2,乒乓球厅-6号,14:00-15:00,0,1,可预约,￥5.0,多云,17,14,4,0.0,85,28
2026-05-21 08:30:42,2026-05-21,2,乒乓球厅-6号,14:00-15:00,0,1,可预约,￥5.0,多云,18,15,4,0.0,84,28
2026-05-21 08:35:31,2026-05-21,2,乒乓球厅-6号,14:00-15:00,0,1,可预约,￥5.0,多云,18,15,4,0.0,84,28
2026-05-21 08:40:38,2026-05-21,2,乒乓球厅-6号,14:00-15:00,0,1,可预约,￥5.0,多云,18,15,4,0.0,82,28
2026-05-21 08:45:33,2026-05-21,2,乒乓球厅-6号,14:00-15:00,0,1,可预约,￥5.0,多云,18,15,4,0.0,82,28
2026-05-21 08:50:36,2026-05-21,2,乒乓球厅-6号,14:00-15:00,0,1,可预约,￥5.0,多云,18,15,4,0.0,82,28
2026-05-21 08:55:34,2026-05-21,2,乒乓球厅-6号,14:00-15:00,0,1,可预约,￥5.0,多云,18,15,4,0.0,84,28
2026-05-21 09:00:51,2026-05-21,2,乒乓球厅-6号,14:00-15:00,0,1,可预约,￥5.0,多云,18,15,4,0.0,84,28
2026-05-21 09:01:59,2026-05-21,2,乒乓球厅-6号,14:00-15:00,0,1,可预约,￥5.0,多云,18,15,4,0.0,83,28
2026-05-21 09:05:33,2026-05-21,2,乒乓球厅-6号,14:00-15:00,0,1,可预约,￥5.0,多云,18,15,4,0.0,83,28
2026-05-21 09:20:38,2026-05-21,2,乒乓球厅-6号,14:00-15:00,0,1,可预约,￥5.0,多云,18,16,3,0.0,81,28
2026-05-21 09:30:46,2026-05-21,2,乒乓球厅-6号,14:00-15:00,0,1,可预约,￥5.0,多云,18,16,3,0.0,81,32
2026-05-21 09:40:36,2026-05-21,2,乒乓球厅-6号,14:00-15:00,0,1,可预约,￥5.0,多云,19,17,3,0.0,79,32
2026-05-21 09:50:42,2026-05-21,2,乒乓球厅-6号,14:00-15:00,0,1,可预约,￥5.0,多云,19,17,4,0.0,81,32
2026-05-21 10:00:46,2026-05-21,2,乒乓球厅-6号,14:00-15:00,0,1,可预约,￥5.0,多云,19,17,4,0.0,79,32
2026-05-21 10:10:40,2026-05-21,2,乒乓球厅-6号,14:00-15:00,0,1,可预约,￥5.0,多云,19,17,4,0.0,79,32
2026-05-21 10:20:38,2026-05-21,2,乒乓球厅-6号,14:00-15:00,0,1,可预约,￥5.0,多云,19,17,4,0.0,79,32
2026-05-21 10:30:41,2026-05-21,2,乒乓球厅-6号,14:00-15:00,0,1,可预约,￥5.0,多云,19,18,3,0.0,78,31
2026-05-21 11:00:44,2026-05-21,2,乒乓球厅-6号,14:00-15:00,0,1,可预约,￥5.0,多云,21,17,5,0.0,74,31
2026-05-21 11:30:38,2026-05-21,2,乒乓球厅-6号,14:00-15:00,0,1,可预约,￥5.0,多云,21,19,3,0.0,72,33
2026-05-21 12:00:46,2026-05-21,2,乒乓球厅-6号,14:00-15:00,0,1,可预约,￥5.0,多云,22,19,4,0.0,70,33
2026-05-21 12:30:42,2026-05-21,2,乒乓球厅-6号,14:00-15:00,0,1,可预约,￥5.0,多云,22,21,3,0.0,68,35
2026-05-21 13:00:43,2026-05-21,2,乒乓球厅-6号,14:00-15:00,0,1,可预约,￥5.0,多云,24,22,4,0.0,66,35
2026-05-21 13:30:43,2026-05-21,2,乒乓球厅-6号,14:00-15:00,0,1,可预约,￥5.0,多云,24,22,4,0.0,66,36
2026-05-21 14:00:48,2026-05-21,2,乒乓球厅-6号,14:00-15:00,0,1,可预约,￥5.0,多云,25,23,4,0.0,66,36
2026-05-21 14:30:45,2026-05-21,2,乒乓球厅-6号,14:00-15:00,0,1,可预约,￥5.0,晴,25,25,3,0.0,65,39
2026-05-21 15:00:45,2026-05-21,2,乒乓球厅-6号,14:00-15:00,0,1,不开放/已过期,,晴,25,22,4,0.0,56,39
2026-05-21 15:30:43,2026-05-21,2,乒乓球厅-6号,14:00-15:00,0,1,不开放/已过期,,晴,25,23,4,0.0,57,40
2026-05-21 16:00:51,2026-05-21,2,乒乓球厅-6号,14:00-15:00,0,1,不开放/已过期,,晴,25,23,4,0.0,57,40
2026-05-21 16:30:48,2026-05-21,2,乒乓球厅-6号,14:00-15:00,0,1,不开放/已过期,,晴,25,24,3,0.0,60,39
2026-05-21 17:00:49,2026-05-21,2,乒乓球厅-6号,14:00-15:00,0,1,不开放/已过期,,晴,25,24,4,0.0,61,39
2026-05-21 17:30:47,2026-05-21,2,乒乓球厅-6号,14:00-15:00,0,1,不开放/已过期,,多云,24,23,3,0.0,64,39
2026-05-21 18:00:50,2026-05-21,2,乒乓球厅-6号,14:00-15:00,0,1,不开放/已过期,,多云,24,23,3,0.0,68,39
2026-05-21 18:30:50,2026-05-21,2,乒乓球厅-6号,14:00-15:00,0,1,不开放/已过期,,阴,24,25,2,0.0,68,40
2026-05-21 19:00:50,2026-05-21,2,乒乓球厅-6号,14:00-15:00,0,1,不开放/已过期,,阴,23,23,3,0.0,76,40
2026-05-21 19:30:46,2026-05-21,2,乒乓球厅-6号,14:00-15:00,0,1,不开放/已过期,,阴,23,24,2,0.0,77,39
2026-05-21 20:00:49,2026-05-21,2,乒乓球厅-6号,14:00-15:00,0,1,不开放/已过期,,雾,22,23,2,0.0,89,39
2026-05-21 20:30:44,2026-05-21,2,乒乓球厅-6号,14:00-15:00,0,1,不开放/已过期,,雾,22,24,2,0.0,93,43
2026-05-21 21:00:56,2026-05-21,2,乒乓球厅-6号,14:00-15:00,0,1,不开放/已过期,,雾,20,21,2,0.0,98,43
2026-05-21 21:30:46,2026-05-21,2,乒乓球厅-6号,14:00-15:00,0,1,不开放/已过期,,雾,20,22,1,0.0,99,41
2026-05-21 22:01:02,2026-05-21,2,乒乓球厅-6号,14:00-15:00,0,1,不开放/已过期,,雾,19,20,2,0.0,93,41
2026-05-21 22:30:47,2026-05-21,2,乒乓球厅-6号,14:00-15:00,0,1,不开放/已过期,,雾,19,19,3,0.0,88,46
2026-05-21 23:00:56,2026-05-21,2,乒乓球厅-6号,14:00-15:00,0,1,不开放/已过期,,多云,18,17,3,0.0,85,46
2026-05-21 23:30:55,2026-05-21,2,乒乓球厅-6号,14:00-15:00,0,1,不开放/已过期,,多云,18,17,3,0.0,85,48
2026-05-21 00:30:49,2026-05-21,2,乒乓球厅-6号,15:00-16:00,0,1,可预约,￥5.0,多云,15,13,3,0.0,100,26
2026-05-21 01:00:55,2026-05-21,2,乒乓球厅-6号,15:00-16:00,0,1,可预约,￥5.0,多云,15,12,4,0.0,100,26
2026-05-21 01:30:47,2026-05-21,2,乒乓球厅-6号,15:00-16:00,0,1,可预约,￥5.0,多云,15,13,4,0.0,100,28
2026-05-21 02:00:53,2026-05-21,2,乒乓球厅-6号,15:00-16:00,0,1,可预约,￥5.0,多云,15,12,4,0.0,100,28
2026-05-21 02:30:49,2026-05-21,2,乒乓球厅-6号,15:00-16:00,0,1,可预约,￥5.0,多云,15,14,3,0.0,100,29
2026-05-21 03:00:55,2026-05-21,2,乒乓球厅-6号,15:00-16:00,0,1,可预约,￥5.0,多云,15,12,4,0.0,100,29
2026-05-21 03:30:49,2026-05-21,2,乒乓球厅-6号,15:00-16:00,0,1,可预约,￥5.0,多云,15,14,3,0.0,100,30
2026-05-21 04:30:45,2026-05-21,2,乒乓球厅-6号,15:00-16:00,0,1,可预约,￥5.0,多云,15,12,4,0.0,100,29
2026-05-21 05:00:52,2026-05-21,2,乒乓球厅-6号,15:00-16:00,0,1,可预约,￥5.0,多云,15,12,4,0.0,100,29
2026-05-21 05:30:49,2026-05-21,2,乒乓球厅-6号,15:00-16:00,0,1,可预约,￥5.0,多云,15,13,3,0.0,100,28
2026-05-21 06:00:50,2026-05-21,2,乒乓球厅-6号,15:00-16:00,0,1,可预约,￥5.0,多云,15,13,4,0.0,99,28
2026-05-21 06:30:38,2026-05-21,2,乒乓球厅-6号,15:00-16:00,0,1,可预约,￥5.0,多云,15,13,3,0.0,97,28
2026-05-21 07:00:43,2026-05-21,2,乒乓球厅-6号,15:00-16:00,0,1,可预约,￥5.0,晴,15,11,5,0.0,93,28
2026-05-21 07:30:39,2026-05-21,2,乒乓球厅-6号,15:00-16:00,0,1,可预约,￥5.0,晴,17,13,4,0.0,89,29
2026-05-21 07:50:40,2026-05-21,2,乒乓球厅-6号,15:00-16:00,0,1,可预约,￥5.0,晴,17,13,4,0.0,88,29
2026-05-21 07:53:31,2026-05-21,2,乒乓球厅-6号,15:00-16:00,0,1,可预约,￥5.0,晴,17,12,5,0.0,86,29
2026-05-21 07:56:31,2026-05-21,2,乒乓球厅-6号,15:00-16:00,0,1,可预约,￥5.0,晴,17,12,5,0.0,86,29
2026-05-21 07:59:26,2026-05-21,2,乒乓球厅-6号,15:00-16:00,0,1,可预约,￥5.0,晴,17,12,5,0.0,86,29
2026-05-21 08:00:45,2026-05-21,2,乒乓球厅-6号,15:00-16:00,0,1,可预约,￥5.0,晴,17,12,5,0.0,86,29
2026-05-21 08:02:30,2026-05-21,2,乒乓球厅-6号,15:00-16:00,0,1,可预约,￥5.0,多云,17,12,5,0.0,87,29
2026-05-21 08:05:36,2026-05-21,2,乒乓球厅-6号,15:00-16:00,0,1,可预约,￥5.0,多云,17,12,5,0.0,86,29
2026-05-21 08:08:31,2026-05-21,2,乒乓球厅-6号,15:00-16:00,0,1,可预约,￥5.0,多云,17,12,5,0.0,86,29
2026-05-21 08:11:30,2026-05-21,2,乒乓球厅-6号,15:00-16:00,0,1,可预约,￥5.0,多云,17,12,5,0.0,86,29
2026-05-21 08:14:31,2026-05-21,2,乒乓球厅-6号,15:00-16:00,0,1,可预约,￥5.0,多云,17,12,5,0.0,86,29
2026-05-21 08:17:30,2026-05-21,2,乒乓球厅-6号,15:00-16:00,0,1,可预约,￥5.0,多云,17,12,5,0.0,86,29
2026-05-21 08:20:35,2026-05-21,2,乒乓球厅-6号,15:00-16:00,0,1,可预约,￥5.0,多云,17,14,4,0.0,85,29
2026-05-21 08:25:32,2026-05-21,2,乒乓球厅-6号,15:00-16:00,0,1,可预约,￥5.0,多云,17,14,4,0.0,85,28
2026-05-21 08:30:42,2026-05-21,2,乒乓球厅-6号,15:00-16:00,0,1,可预约,￥5.0,多云,18,15,4,0.0,84,28
2026-05-21 08:35:31,2026-05-21,2,乒乓球厅-6号,15:00-16:00,0,1,可预约,￥5.0,多云,18,15,4,0.0,84,28
2026-05-21 08:40:38,2026-05-21,2,乒乓球厅-6号,15:00-16:00,0,1,可预约,￥5.0,多云,18,15,4,0.0,82,28
2026-05-21 08:45:33,2026-05-21,2,乒乓球厅-6号,15:00-16:00,0,1,可预约,￥5.0,多云,18,15,4,0.0,82,28
2026-05-21 08:50:36,2026-05-21,2,乒乓球厅-6号,15:00-16:00,0,1,可预约,￥5.0,多云,18,15,4,0.0,82,28
2026-05-21 08:55:34,2026-05-21,2,乒乓球厅-6号,15:00-16:00,0,1,可预约,￥5.0,多云,18,15,4,0.0,84,28
2026-05-21 09:00:51,2026-05-21,2,乒乓球厅-6号,15:00-16:00,0,1,可预约,￥5.0,多云,18,15,4,0.0,84,28
2026-05-21 09:01:59,2026-05-21,2,乒乓球厅-6号,15:00-16:00,0,1,可预约,￥5.0,多云,18,15,4,0.0,83,28
2026-05-21 09:05:33,2026-05-21,2,乒乓球厅-6号,15:00-16:00,0,1,可预约,￥5.0,多云,18,15,4,0.0,83,28
2026-05-21 09:20:38,2026-05-21,2,乒乓球厅-6号,15:00-16:00,0,1,可预约,￥5.0,多云,18,16,3,0.0,81,28
2026-05-21 09:30:46,2026-05-21,2,乒乓球厅-6号,15:00-16:00,0,1,可预约,￥5.0,多云,18,16,3,0.0,81,32
2026-05-21 09:40:36,2026-05-21,2,乒乓球厅-6号,15:00-16:00,0,1,可预约,￥5.0,多云,19,17,3,0.0,79,32
2026-05-21 09:50:42,2026-05-21,2,乒乓球厅-6号,15:00-16:00,0,1,可预约,￥5.0,多云,19,17,4,0.0,81,32
2026-05-21 10:00:46,2026-05-21,2,乒乓球厅-6号,15:00-16:00,0,1,可预约,￥5.0,多云,19,17,4,0.0,79,32
2026-05-21 10:10:40,2026-05-21,2,乒乓球厅-6号,15:00-16:00,0,1,可预约,￥5.0,多云,19,17,4,0.0,79,32
2026-05-21 10:20:38,2026-05-21,2,乒乓球厅-6号,15:00-16:00,0,1,可预约,￥5.0,多云,19,17,4,0.0,79,32
2026-05-21 10:30:41,2026-05-21,2,乒乓球厅-6号,15:00-16:00,0,1,可预约,￥5.0,多云,19,18,3,0.0,78,31
2026-05-21 11:00:44,2026-05-21,2,乒乓球厅-6号,15:00-16:00,0,1,可预约,￥5.0,多云,21,17,5,0.0,74,31
2026-05-21 11:30:38,2026-05-21,2,乒乓球厅-6号,15:00-16:00,0,1,可预约,￥5.0,多云,21,19,3,0.0,72,33
2026-05-21 12:00:46,2026-05-21,2,乒乓球厅-6号,15:00-16:00,0,1,可预约,￥5.0,多云,22,19,4,0.0,70,33
2026-05-21 12:30:42,2026-05-21,2,乒乓球厅-6号,15:00-16:00,0,1,可预约,￥5.0,多云,22,21,3,0.0,68,35
2026-05-21 13:00:43,2026-05-21,2,乒乓球厅-6号,15:00-16:00,0,1,可预约,￥5.0,多云,24,22,4,0.0,66,35
2026-05-21 13:30:43,2026-05-21,2,乒乓球厅-6号,15:00-16:00,0,1,可预约,￥5.0,多云,24,22,4,0.0,66,36
2026-05-21 14:00:48,2026-05-21,2,乒乓球厅-6号,15:00-16:00,0,1,可预约,￥5.0,多云,25,23,4,0.0,66,36
2026-05-21 14:30:45,2026-05-21,2,乒乓球厅-6号,15:00-16:00,0,1,可预约,￥5.0,晴,25,25,3,0.0,65,39
2026-05-21 15:00:45,2026-05-21,2,乒乓球厅-6号,15:00-16:00,0,1,可预约,￥5.0,晴,25,22,4,0.0,56,39
2026-05-21 15:30:43,2026-05-21,2,乒乓球厅-6号,15:00-16:00,0,1,可预约,￥5.0,晴,25,23,4,0.0,57,40
2026-05-21 16:00:51,2026-05-21,2,乒乓球厅-6号,15:00-16:00,0,1,不开放/已过期,,晴,25,23,4,0.0,57,40
2026-05-21 16:30:48,2026-05-21,2,乒乓球厅-6号,15:00-16:00,0,1,不开放/已过期,,晴,25,24,3,0.0,60,39
2026-05-21 17:00:49,2026-05-21,2,乒乓球厅-6号,15:00-16:00,0,1,不开放/已过期,,晴,25,24,4,0.0,61,39
2026-05-21 17:30:47,2026-05-21,2,乒乓球厅-6号,15:00-16:00,0,1,不开放/已过期,,多云,24,23,3,0.0,64,39
2026-05-21 18:00:50,2026-05-21,2,乒乓球厅-6号,15:00-16:00,0,1,不开放/已过期,,多云,24,23,3,0.0,68,39
2026-05-21 18:30:50,2026-05-21,2,乒乓球厅-6号,15:00-16:00,0,1,不开放/已过期,,阴,24,25,2,0.0,68,40
2026-05-21 19:00:50,2026-05-21,2,乒乓球厅-6号,15:00-16:00,0,1,不开放/已过期,,阴,23,23,3,0.0,76,40
2026-05-21 19:30:46,2026-05-21,2,乒乓球厅-6号,15:00-16:00,0,1,不开放/已过期,,阴,23,24,2,0.0,77,39
2026-05-21 20:00:49,2026-05-21,2,乒乓球厅-6号,15:00-16:00,0,1,不开放/已过期,,雾,22,23,2,0.0,89,39
2026-05-21 20:30:44,2026-05-21,2,乒乓球厅-6号,15:00-16:00,0,1,不开放/已过期,,雾,22,24,2,0.0,93,43
2026-05-21 21:00:56,2026-05-21,2,乒乓球厅-6号,15:00-16:00,0,1,不开放/已过期,,雾,20,21,2,0.0,98,43
2026-05-21 21:30:46,2026-05-21,2,乒乓球厅-6号,15:00-16:00,0,1,不开放/已过期,,雾,20,22,1,0.0,99,41
2026-05-21 22:01:02,2026-05-21,2,乒乓球厅-6号,15:00-16:00,0,1,不开放/已过期,,雾,19,20,2,0.0,93,41
2026-05-21 22:30:47,2026-05-21,2,乒乓球厅-6号,15:00-16:00,0,1,不开放/已过期,,雾,19,19,3,0.0,88,46
2026-05-21 23:00:56,2026-05-21,2,乒乓球厅-6号,15:00-16:00,0,1,不开放/已过期,,多云,18,17,3,0.0,85,46
2026-05-21 23:30:55,2026-05-21,2,乒乓球厅-6号,15:00-16:00,0,1,不开放/已过期,,多云,18,17,3,0.0,85,48
2026-05-21 00:30:49,2026-05-21,2,乒乓球厅-6号,16:00-17:00,0,1,可预约,￥5.0,多云,15,13,3,0.0,100,26
2026-05-21 01:00:55,2026-05-21,2,乒乓球厅-6号,16:00-17:00,0,1,可预约,￥5.0,多云,15,12,4,0.0,100,26
2026-05-21 01:30:47,2026-05-21,2,乒乓球厅-6号,16:00-17:00,0,1,可预约,￥5.0,多云,15,13,4,0.0,100,28
2026-05-21 02:00:53,2026-05-21,2,乒乓球厅-6号,16:00-17:00,0,1,可预约,￥5.0,多云,15,12,4,0.0,100,28
2026-05-21 02:30:49,2026-05-21,2,乒乓球厅-6号,16:00-17:00,0,1,可预约,￥5.0,多云,15,14,3,0.0,100,29
2026-05-21 03:00:55,2026-05-21,2,乒乓球厅-6号,16:00-17:00,0,1,可预约,￥5.0,多云,15,12,4,0.0,100,29
2026-05-21 03:30:49,2026-05-21,2,乒乓球厅-6号,16:00-17:00,0,1,可预约,￥5.0,多云,15,14,3,0.0,100,30
2026-05-21 04:30:45,2026-05-21,2,乒乓球厅-6号,16:00-17:00,0,1,可预约,￥5.0,多云,15,12,4,0.0,100,29
2026-05-21 05:00:52,2026-05-21,2,乒乓球厅-6号,16:00-17:00,0,1,可预约,￥5.0,多云,15,12,4,0.0,100,29
2026-05-21 05:30:49,2026-05-21,2,乒乓球厅-6号,16:00-17:00,0,1,可预约,￥5.0,多云,15,13,3,0.0,100,28
2026-05-21 06:00:50,2026-05-21,2,乒乓球厅-6号,16:00-17:00,0,1,可预约,￥5.0,多云,15,13,4,0.0,99,28
2026-05-21 06:30:38,2026-05-21,2,乒乓球厅-6号,16:00-17:00,0,1,可预约,￥5.0,多云,15,13,3,0.0,97,28
2026-05-21 07:00:43,2026-05-21,2,乒乓球厅-6号,16:00-17:00,0,1,可预约,￥5.0,晴,15,11,5,0.0,93,28
2026-05-21 07:30:39,2026-05-21,2,乒乓球厅-6号,16:00-17:00,0,1,可预约,￥5.0,晴,17,13,4,0.0,89,29
2026-05-21 07:50:40,2026-05-21,2,乒乓球厅-6号,16:00-17:00,0,1,可预约,￥5.0,晴,17,13,4,0.0,88,29
2026-05-21 07:53:31,2026-05-21,2,乒乓球厅-6号,16:00-17:00,0,1,可预约,￥5.0,晴,17,12,5,0.0,86,29
2026-05-21 07:56:31,2026-05-21,2,乒乓球厅-6号,16:00-17:00,0,1,可预约,￥5.0,晴,17,12,5,0.0,86,29
2026-05-21 07:59:26,2026-05-21,2,乒乓球厅-6号,16:00-17:00,0,1,可预约,￥5.0,晴,17,12,5,0.0,86,29
2026-05-21 08:00:45,2026-05-21,2,乒乓球厅-6号,16:00-17:00,0,1,可预约,￥5.0,晴,17,12,5,0.0,86,29
2026-05-21 08:02:30,2026-05-21,2,乒乓球厅-6号,16:00-17:00,0,1,可预约,￥5.0,多云,17,12,5,0.0,87,29
2026-05-21 08:05:36,2026-05-21,2,乒乓球厅-6号,16:00-17:00,0,1,可预约,￥5.0,多云,17,12,5,0.0,86,29
2026-05-21 08:08:31,2026-05-21,2,乒乓球厅-6号,16:00-17:00,0,1,可预约,￥5.0,多云,17,12,5,0.0,86,29
2026-05-21 08:11:30,2026-05-21,2,乒乓球厅-6号,16:00-17:00,0,1,可预约,￥5.0,多云,17,12,5,0.0,86,29
2026-05-21 08:14:31,2026-05-21,2,乒乓球厅-6号,16:00-17:00,0,1,可预约,￥5.0,多云,17,12,5,0.0,86,29
2026-05-21 08:17:30,2026-05-21,2,乒乓球厅-6号,16:00-17:00,0,1,可预约,￥5.0,多云,17,12,5,0.0,86,29
2026-05-21 08:20:35,2026-05-21,2,乒乓球厅-6号,16:00-17:00,0,1,可预约,￥5.0,多云,17,14,4,0.0,85,29
2026-05-21 08:25:32,2026-05-21,2,乒乓球厅-6号,16:00-17:00,0,1,可预约,￥5.0,多云,17,14,4,0.0,85,28
2026-05-21 08:30:42,2026-05-21,2,乒乓球厅-6号,16:00-17:00,0,1,可预约,￥5.0,多云,18,15,4,0.0,84,28
2026-05-21 08:35:31,2026-05-21,2,乒乓球厅-6号,16:00-17:00,0,1,可预约,￥5.0,多云,18,15,4,0.0,84,28
2026-05-21 08:40:38,2026-05-21,2,乒乓球厅-6号,16:00-17:00,0,1,可预约,￥5.0,多云,18,15,4,0.0,82,28
2026-05-21 08:45:33,2026-05-21,2,乒乓球厅-6号,16:00-17:00,0,1,可预约,￥5.0,多云,18,15,4,0.0,82,28
2026-05-21 08:50:36,2026-05-21,2,乒乓球厅-6号,16:00-17:00,0,1,可预约,￥5.0,多云,18,15,4,0.0,82,28
2026-05-21 08:55:34,2026-05-21,2,乒乓球厅-6号,16:00-17:00,0,1,可预约,￥5.0,多云,18,15,4,0.0,84,28
2026-05-21 09:00:51,2026-05-21,2,乒乓球厅-6号,16:00-17:00,0,1,可预约,￥5.0,多云,18,15,4,0.0,84,28
2026-05-21 09:01:59,2026-05-21,2,乒乓球厅-6号,16:00-17:00,0,1,可预约,￥5.0,多云,18,15,4,0.0,83,28
2026-05-21 09:05:33,2026-05-21,2,乒乓球厅-6号,16:00-17:00,0,1,可预约,￥5.0,多云,18,15,4,0.0,83,28
2026-05-21 09:20:38,2026-05-21,2,乒乓球厅-6号,16:00-17:00,0,1,可预约,￥5.0,多云,18,16,3,0.0,81,28
2026-05-21 09:30:46,2026-05-21,2,乒乓球厅-6号,16:00-17:00,0,1,可预约,￥5.0,多云,18,16,3,0.0,81,32
2026-05-21 09:40:36,2026-05-21,2,乒乓球厅-6号,16:00-17:00,0,1,可预约,￥5.0,多云,19,17,3,0.0,79,32
2026-05-21 09:50:42,2026-05-21,2,乒乓球厅-6号,16:00-17:00,0,1,可预约,￥5.0,多云,19,17,4,0.0,81,32
2026-05-21 10:00:46,2026-05-21,2,乒乓球厅-6号,16:00-17:00,0,1,可预约,￥5.0,多云,19,17,4,0.0,79,32
2026-05-21 10:10:40,2026-05-21,2,乒乓球厅-6号,16:00-17:00,0,1,可预约,￥5.0,多云,19,17,4,0.0,79,32
2026-05-21 10:20:38,2026-05-21,2,乒乓球厅-6号,16:00-17:00,0,1,可预约,￥5.0,多云,19,17,4,0.0,79,32
2026-05-21 10:30:41,2026-05-21,2,乒乓球厅-6号,16:00-17:00,0,1,可预约,￥5.0,多云,19,18,3,0.0,78,31
2026-05-21 11:00:44,2026-05-21,2,乒乓球厅-6号,16:00-17:00,0,1,可预约,￥5.0,多云,21,17,5,0.0,74,31
2026-05-21 11:30:38,2026-05-21,2,乒乓球厅-6号,16:00-17:00,0,1,可预约,￥5.0,多云,21,19,3,0.0,72,33
2026-05-21 12:00:46,2026-05-21,2,乒乓球厅-6号,16:00-17:00,0,1,可预约,￥5.0,多云,22,19,4,0.0,70,33
2026-05-21 12:30:42,2026-05-21,2,乒乓球厅-6号,16:00-17:00,0,1,可预约,￥5.0,多云,22,21,3,0.0,68,35
2026-05-21 13:00:43,2026-05-21,2,乒乓球厅-6号,16:00-17:00,0,1,可预约,￥5.0,多云,24,22,4,0.0,66,35
2026-05-21 13:30:43,2026-05-21,2,乒乓球厅-6号,16:00-17:00,0,1,可预约,￥5.0,多云,24,22,4,0.0,66,36
2026-05-21 14:00:48,2026-05-21,2,乒乓球厅-6号,16:00-17:00,0,1,可预约,￥5.0,多云,25,23,4,0.0,66,36
2026-05-21 14:30:45,2026-05-21,2,乒乓球厅-6号,16:00-17:00,0,1,可预约,￥5.0,晴,25,25,3,0.0,65,39
2026-05-21 15:00:45,2026-05-21,2,乒乓球厅-6号,16:00-17:00,0,1,可预约,￥5.0,晴,25,22,4,0.0,56,39
2026-05-21 15:30:43,2026-05-21,2,乒乓球厅-6号,16:00-17:00,0,1,可预约,￥5.0,晴,25,23,4,0.0,57,40
2026-05-21 16:00:51,2026-05-21,2,乒乓球厅-6号,16:00-17:00,0,1,可预约,￥5.0,晴,25,23,4,0.0,57,40
2026-05-21 16:30:48,2026-05-21,2,乒乓球厅-6号,16:00-17:00,0,1,可预约,￥5.0,晴,25,24,3,0.0,60,39
2026-05-21 17:00:49,2026-05-21,2,乒乓球厅-6号,16:00-17:00,0,1,不开放/已过期,,晴,25,24,4,0.0,61,39
2026-05-21 17:30:47,2026-05-21,2,乒乓球厅-6号,16:00-17:00,0,1,不开放/已过期,,多云,24,23,3,0.0,64,39
2026-05-21 18:00:50,2026-05-21,2,乒乓球厅-6号,16:00-17:00,0,1,不开放/已过期,,多云,24,23,3,0.0,68,39
2026-05-21 18:30:50,2026-05-21,2,乒乓球厅-6号,16:00-17:00,0,1,不开放/已过期,,阴,24,25,2,0.0,68,40
2026-05-21 19:00:50,2026-05-21,2,乒乓球厅-6号,16:00-17:00,0,1,不开放/已过期,,阴,23,23,3,0.0,76,40
2026-05-21 19:30:46,2026-05-21,2,乒乓球厅-6号,16:00-17:00,0,1,不开放/已过期,,阴,23,24,2,0.0,77,39
2026-05-21 20:00:49,2026-05-21,2,乒乓球厅-6号,16:00-17:00,0,1,不开放/已过期,,雾,22,23,2,0.0,89,39
2026-05-21 20:30:44,2026-05-21,2,乒乓球厅-6号,16:00-17:00,0,1,不开放/已过期,,雾,22,24,2,0.0,93,43
2026-05-21 21:00:56,2026-05-21,2,乒乓球厅-6号,16:00-17:00,0,1,不开放/已过期,,雾,20,21,2,0.0,98,43
2026-05-21 21:30:46,2026-05-21,2,乒乓球厅-6号,16:00-17:00,0,1,不开放/已过期,,雾,20,22,1,0.0,99,41
2026-05-21 22:01:02,2026-05-21,2,乒乓球厅-6号,16:00-17:00,0,1,不开放/已过期,,雾,19,20,2,0.0,93,41
2026-05-21 22:30:47,2026-05-21,2,乒乓球厅-6号,16:00-17:00,0,1,不开放/已过期,,雾,19,19,3,0.0,88,46
2026-05-21 23:00:56,2026-05-21,2,乒乓球厅-6号,16:00-17:00,0,1,不开放/已过期,,多云,18,17,3,0.0,85,46
2026-05-21 23:30:55,2026-05-21,2,乒乓球厅-6号,16:00-17:00,0,1,不开放/已过期,,多云,18,17,3,0.0,85,48
2026-05-21 00:30:49,2026-05-21,2,乒乓球厅-6号,17:00-18:00,0,1,可预约,￥5.0,多云,15,13,3,0.0,100,26
2026-05-21 01:00:55,2026-05-21,2,乒乓球厅-6号,17:00-18:00,0,1,可预约,￥5.0,多云,15,12,4,0.0,100,26
2026-05-21 01:30:47,2026-05-21,2,乒乓球厅-6号,17:00-18:00,0,1,可预约,￥5.0,多云,15,13,4,0.0,100,28
2026-05-21 02:00:53,2026-05-21,2,乒乓球厅-6号,17:00-18:00,0,1,可预约,￥5.0,多云,15,12,4,0.0,100,28
2026-05-21 02:30:49,2026-05-21,2,乒乓球厅-6号,17:00-18:00,0,1,可预约,￥5.0,多云,15,14,3,0.0,100,29
2026-05-21 03:00:55,2026-05-21,2,乒乓球厅-6号,17:00-18:00,0,1,可预约,￥5.0,多云,15,12,4,0.0,100,29
2026-05-21 03:30:49,2026-05-21,2,乒乓球厅-6号,17:00-18:00,0,1,可预约,￥5.0,多云,15,14,3,0.0,100,30
2026-05-21 04:30:45,2026-05-21,2,乒乓球厅-6号,17:00-18:00,0,1,可预约,￥5.0,多云,15,12,4,0.0,100,29
2026-05-21 05:00:52,2026-05-21,2,乒乓球厅-6号,17:00-18:00,0,1,可预约,￥5.0,多云,15,12,4,0.0,100,29
2026-05-21 05:30:49,2026-05-21,2,乒乓球厅-6号,17:00-18:00,0,1,可预约,￥5.0,多云,15,13,3,0.0,100,28
2026-05-21 06:00:50,2026-05-21,2,乒乓球厅-6号,17:00-18:00,0,1,可预约,￥5.0,多云,15,13,4,0.0,99,28
2026-05-21 06:30:38,2026-05-21,2,乒乓球厅-6号,17:00-18:00,0,1,可预约,￥5.0,多云,15,13,3,0.0,97,28
2026-05-21 07:00:43,2026-05-21,2,乒乓球厅-6号,17:00-18:00,0,1,可预约,￥5.0,晴,15,11,5,0.0,93,28
2026-05-21 07:30:39,2026-05-21,2,乒乓球厅-6号,17:00-18:00,0,1,可预约,￥5.0,晴,17,13,4,0.0,89,29
2026-05-21 07:50:40,2026-05-21,2,乒乓球厅-6号,17:00-18:00,0,1,可预约,￥5.0,晴,17,13,4,0.0,88,29
2026-05-21 07:53:31,2026-05-21,2,乒乓球厅-6号,17:00-18:00,0,1,可预约,￥5.0,晴,17,12,5,0.0,86,29
2026-05-21 07:56:31,2026-05-21,2,乒乓球厅-6号,17:00-18:00,0,1,可预约,￥5.0,晴,17,12,5,0.0,86,29
2026-05-21 07:59:26,2026-05-21,2,乒乓球厅-6号,17:00-18:00,0,1,可预约,￥5.0,晴,17,12,5,0.0,86,29
2026-05-21 08:00:45,2026-05-21,2,乒乓球厅-6号,17:00-18:00,0,1,可预约,￥5.0,晴,17,12,5,0.0,86,29
2026-05-21 08:02:30,2026-05-21,2,乒乓球厅-6号,17:00-18:00,0,1,可预约,￥5.0,多云,17,12,5,0.0,87,29
2026-05-21 08:05:36,2026-05-21,2,乒乓球厅-6号,17:00-18:00,0,1,可预约,￥5.0,多云,17,12,5,0.0,86,29
2026-05-21 08:08:31,2026-05-21,2,乒乓球厅-6号,17:00-18:00,0,1,可预约,￥5.0,多云,17,12,5,0.0,86,29
2026-05-21 08:11:30,2026-05-21,2,乒乓球厅-6号,17:00-18:00,0,1,可预约,￥5.0,多云,17,12,5,0.0,86,29
2026-05-21 08:14:31,2026-05-21,2,乒乓球厅-6号,17:00-18:00,0,1,可预约,￥5.0,多云,17,12,5,0.0,86,29
2026-05-21 08:17:30,2026-05-21,2,乒乓球厅-6号,17:00-18:00,0,1,可预约,￥5.0,多云,17,12,5,0.0,86,29
2026-05-21 08:20:35,2026-05-21,2,乒乓球厅-6号,17:00-18:00,0,1,可预约,￥5.0,多云,17,14,4,0.0,85,29
2026-05-21 08:25:32,2026-05-21,2,乒乓球厅-6号,17:00-18:00,0,1,可预约,￥5.0,多云,17,14,4,0.0,85,28
2026-05-21 08:30:42,2026-05-21,2,乒乓球厅-6号,17:00-18:00,0,1,可预约,￥5.0,多云,18,15,4,0.0,84,28
2026-05-21 08:35:31,2026-05-21,2,乒乓球厅-6号,17:00-18:00,0,1,可预约,￥5.0,多云,18,15,4,0.0,84,28
2026-05-21 08:40:38,2026-05-21,2,乒乓球厅-6号,17:00-18:00,0,1,可预约,￥5.0,多云,18,15,4,0.0,82,28
2026-05-21 08:45:33,2026-05-21,2,乒乓球厅-6号,17:00-18:00,0,1,可预约,￥5.0,多云,18,15,4,0.0,82,28
2026-05-21 08:50:36,2026-05-21,2,乒乓球厅-6号,17:00-18:00,0,1,可预约,￥5.0,多云,18,15,4,0.0,82,28
2026-05-21 08:55:34,2026-05-21,2,乒乓球厅-6号,17:00-18:00,0,1,可预约,￥5.0,多云,18,15,4,0.0,84,28
2026-05-21 09:00:51,2026-05-21,2,乒乓球厅-6号,17:00-18:00,0,1,可预约,￥5.0,多云,18,15,4,0.0,84,28
2026-05-21 09:01:59,2026-05-21,2,乒乓球厅-6号,17:00-18:00,0,1,可预约,￥5.0,多云,18,15,4,0.0,83,28
2026-05-21 09:05:33,2026-05-21,2,乒乓球厅-6号,17:00-18:00,0,1,可预约,￥5.0,多云,18,15,4,0.0,83,28
2026-05-21 09:20:38,2026-05-21,2,乒乓球厅-6号,17:00-18:00,0,1,可预约,￥5.0,多云,18,16,3,0.0,81,28
2026-05-21 09:30:46,2026-05-21,2,乒乓球厅-6号,17:00-18:00,0,1,可预约,￥5.0,多云,18,16,3,0.0,81,32
2026-05-21 09:40:36,2026-05-21,2,乒乓球厅-6号,17:00-18:00,0,1,可预约,￥5.0,多云,19,17,3,0.0,79,32
2026-05-21 09:50:42,2026-05-21,2,乒乓球厅-6号,17:00-18:00,0,1,可预约,￥5.0,多云,19,17,4,0.0,81,32
2026-05-21 10:00:46,2026-05-21,2,乒乓球厅-6号,17:00-18:00,0,1,可预约,￥5.0,多云,19,17,4,0.0,79,32
2026-05-21 10:10:40,2026-05-21,2,乒乓球厅-6号,17:00-18:00,0,1,可预约,￥5.0,多云,19,17,4,0.0,79,32
2026-05-21 10:20:38,2026-05-21,2,乒乓球厅-6号,17:00-18:00,0,1,可预约,￥5.0,多云,19,17,4,0.0,79,32
2026-05-21 10:30:41,2026-05-21,2,乒乓球厅-6号,17:00-18:00,0,1,可预约,￥5.0,多云,19,18,3,0.0,78,31
2026-05-21 11:00:44,2026-05-21,2,乒乓球厅-6号,17:00-18:00,0,1,可预约,￥5.0,多云,21,17,5,0.0,74,31
2026-05-21 11:30:38,2026-05-21,2,乒乓球厅-6号,17:00-18:00,0,1,可预约,￥5.0,多云,21,19,3,0.0,72,33
2026-05-21 12:00:46,2026-05-21,2,乒乓球厅-6号,17:00-18:00,0,1,可预约,￥5.0,多云,22,19,4,0.0,70,33
2026-05-21 12:30:42,2026-05-21,2,乒乓球厅-6号,17:00-18:00,0,1,可预约,￥5.0,多云,22,21,3,0.0,68,35
2026-05-21 13:00:43,2026-05-21,2,乒乓球厅-6号,17:00-18:00,0,1,可预约,￥5.0,多云,24,22,4,0.0,66,35
2026-05-21 13:30:43,2026-05-21,2,乒乓球厅-6号,17:00-18:00,0,1,可预约,￥5.0,多云,24,22,4,0.0,66,36
2026-05-21 14:00:48,2026-05-21,2,乒乓球厅-6号,17:00-18:00,0,1,可预约,￥5.0,多云,25,23,4,0.0,66,36
2026-05-21 14:30:45,2026-05-21,2,乒乓球厅-6号,17:00-18:00,0,1,可预约,￥5.0,晴,25,25,3,0.0,65,39
2026-05-21 15:00:45,2026-05-21,2,乒乓球厅-6号,17:00-18:00,0,1,可预约,￥5.0,晴,25,22,4,0.0,56,39
2026-05-21 15:30:43,2026-05-21,2,乒乓球厅-6号,17:00-18:00,0,1,可预约,￥5.0,晴,25,23,4,0.0,57,40
2026-05-21 16:00:51,2026-05-21,2,乒乓球厅-6号,17:00-18:00,0,1,可预约,￥5.0,晴,25,23,4,0.0,57,40
2026-05-21 16:30:48,2026-05-21,2,乒乓球厅-6号,17:00-18:00,0,1,可预约,￥5.0,晴,25,24,3,0.0,60,39
2026-05-21 17:00:49,2026-05-21,2,乒乓球厅-6号,17:00-18:00,0,1,可预约,￥5.0,晴,25,24,4,0.0,61,39
2026-05-21 17:30:47,2026-05-21,2,乒乓球厅-6号,17:00-18:00,0,1,可预约,￥5.0,多云,24,23,3,0.0,64,39
2026-05-21 18:00:50,2026-05-21,2,乒乓球厅-6号,17:00-18:00,0,1,不开放/已过期,,多云,24,23,3,0.0,68,39
2026-05-21 18:30:50,2026-05-21,2,乒乓球厅-6号,17:00-18:00,0,1,不开放/已过期,,阴,24,25,2,0.0,68,40
2026-05-21 19:00:50,2026-05-21,2,乒乓球厅-6号,17:00-18:00,0,1,不开放/已过期,,阴,23,23,3,0.0,76,40
2026-05-21 19:30:46,2026-05-21,2,乒乓球厅-6号,17:00-18:00,0,1,不开放/已过期,,阴,23,24,2,0.0,77,39
2026-05-21 20:00:49,2026-05-21,2,乒乓球厅-6号,17:00-18:00,0,1,不开放/已过期,,雾,22,23,2,0.0,89,39
2026-05-21 20:30:44,2026-05-21,2,乒乓球厅-6号,17:00-18:00,0,1,不开放/已过期,,雾,22,24,2,0.0,93,43
2026-05-21 21:00:56,2026-05-21,2,乒乓球厅-6号,17:00-18:00,0,1,不开放/已过期,,雾,20,21,2,0.0,98,43
2026-05-21 21:30:46,2026-05-21,2,乒乓球厅-6号,17:00-18:00,0,1,不开放/已过期,,雾,20,22,1,0.0,99,41
2026-05-21 22:01:02,2026-05-21,2,乒乓球厅-6号,17:00-18:00,0,1,不开放/已过期,,雾,19,20,2,0.0,93,41
2026-05-21 22:30:47,2026-05-21,2,乒乓球厅-6号,17:00-18:00,0,1,不开放/已过期,,雾,19,19,3,0.0,88,46
2026-05-21 23:00:56,2026-05-21,2,乒乓球厅-6号,17:00-18:00,0,1,不开放/已过期,,多云,18,17,3,0.0,85,46
2026-05-21 23:30:55,2026-05-21,2,乒乓球厅-6号,17:00-18:00,0,1,不开放/已过期,,多云,18,17,3,0.0,85,48
2026-05-21 00:30:49,2026-05-21,2,乒乓球厅-6号,18:30-19:30,0,1,可预约,￥5.0,多云,15,13,3,0.0,100,26
2026-05-21 01:00:55,2026-05-21,2,乒乓球厅-6号,18:30-19:30,0,1,可预约,￥5.0,多云,15,12,4,0.0,100,26
2026-05-21 01:30:47,2026-05-21,2,乒乓球厅-6号,18:30-19:30,0,1,可预约,￥5.0,多云,15,13,4,0.0,100,28
2026-05-21 02:00:53,2026-05-21,2,乒乓球厅-6号,18:30-19:30,0,1,可预约,￥5.0,多云,15,12,4,0.0,100,28
2026-05-21 02:30:49,2026-05-21,2,乒乓球厅-6号,18:30-19:30,0,1,可预约,￥5.0,多云,15,14,3,0.0,100,29
2026-05-21 03:00:55,2026-05-21,2,乒乓球厅-6号,18:30-19:30,0,1,可预约,￥5.0,多云,15,12,4,0.0,100,29
2026-05-21 03:30:49,2026-05-21,2,乒乓球厅-6号,18:30-19:30,0,1,可预约,￥5.0,多云,15,14,3,0.0,100,30
2026-05-21 04:30:45,2026-05-21,2,乒乓球厅-6号,18:30-19:30,0,1,可预约,￥5.0,多云,15,12,4,0.0,100,29
2026-05-21 05:00:52,2026-05-21,2,乒乓球厅-6号,18:30-19:30,0,1,可预约,￥5.0,多云,15,12,4,0.0,100,29
2026-05-21 05:30:49,2026-05-21,2,乒乓球厅-6号,18:30-19:30,0,1,可预约,￥5.0,多云,15,13,3,0.0,100,28
2026-05-21 06:00:50,2026-05-21,2,乒乓球厅-6号,18:30-19:30,0,1,可预约,￥5.0,多云,15,13,4,0.0,99,28
2026-05-21 06:30:38,2026-05-21,2,乒乓球厅-6号,18:30-19:30,0,1,可预约,￥5.0,多云,15,13,3,0.0,97,28
2026-05-21 07:00:43,2026-05-21,2,乒乓球厅-6号,18:30-19:30,0,1,可预约,￥5.0,晴,15,11,5,0.0,93,28
2026-05-21 07:30:39,2026-05-21,2,乒乓球厅-6号,18:30-19:30,0,1,可预约,￥5.0,晴,17,13,4,0.0,89,29
2026-05-21 07:50:40,2026-05-21,2,乒乓球厅-6号,18:30-19:30,0,1,可预约,￥5.0,晴,17,13,4,0.0,88,29
2026-05-21 07:53:31,2026-05-21,2,乒乓球厅-6号,18:30-19:30,0,1,可预约,￥5.0,晴,17,12,5,0.0,86,29
2026-05-21 07:56:31,2026-05-21,2,乒乓球厅-6号,18:30-19:30,0,1,可预约,￥5.0,晴,17,12,5,0.0,86,29
2026-05-21 07:59:26,2026-05-21,2,乒乓球厅-6号,18:30-19:30,0,1,可预约,￥5.0,晴,17,12,5,0.0,86,29
2026-05-21 08:00:45,2026-05-21,2,乒乓球厅-6号,18:30-19:30,0,1,可预约,￥5.0,晴,17,12,5,0.0,86,29
2026-05-21 08:02:30,2026-05-21,2,乒乓球厅-6号,18:30-19:30,0,1,可预约,￥5.0,多云,17,12,5,0.0,87,29
2026-05-21 08:05:36,2026-05-21,2,乒乓球厅-6号,18:30-19:30,0,1,可预约,￥5.0,多云,17,12,5,0.0,86,29
2026-05-21 08:08:31,2026-05-21,2,乒乓球厅-6号,18:30-19:30,0,1,可预约,￥5.0,多云,17,12,5,0.0,86,29
2026-05-21 08:11:30,2026-05-21,2,乒乓球厅-6号,18:30-19:30,0,1,可预约,￥5.0,多云,17,12,5,0.0,86,29
2026-05-21 08:14:31,2026-05-21,2,乒乓球厅-6号,18:30-19:30,0,1,可预约,￥5.0,多云,17,12,5,0.0,86,29
2026-05-21 08:17:30,2026-05-21,2,乒乓球厅-6号,18:30-19:30,0,1,可预约,￥5.0,多云,17,12,5,0.0,86,29
2026-05-21 08:20:35,2026-05-21,2,乒乓球厅-6号,18:30-19:30,0,1,可预约,￥5.0,多云,17,14,4,0.0,85,29
2026-05-21 08:25:32,2026-05-21,2,乒乓球厅-6号,18:30-19:30,0,1,可预约,￥5.0,多云,17,14,4,0.0,85,28
2026-05-21 08:30:42,2026-05-21,2,乒乓球厅-6号,18:30-19:30,0,1,可预约,￥5.0,多云,18,15,4,0.0,84,28
2026-05-21 08:35:31,2026-05-21,2,乒乓球厅-6号,18:30-19:30,0,1,可预约,￥5.0,多云,18,15,4,0.0,84,28
2026-05-21 08:40:38,2026-05-21,2,乒乓球厅-6号,18:30-19:30,0,1,可预约,￥5.0,多云,18,15,4,0.0,82,28
2026-05-21 08:45:33,2026-05-21,2,乒乓球厅-6号,18:30-19:30,0,1,可预约,￥5.0,多云,18,15,4,0.0,82,28
2026-05-21 08:50:36,2026-05-21,2,乒乓球厅-6号,18:30-19:30,0,1,可预约,￥5.0,多云,18,15,4,0.0,82,28
2026-05-21 08:55:34,2026-05-21,2,乒乓球厅-6号,18:30-19:30,0,1,可预约,￥5.0,多云,18,15,4,0.0,84,28
2026-05-21 09:00:51,2026-05-21,2,乒乓球厅-6号,18:30-19:30,0,1,可预约,￥5.0,多云,18,15,4,0.0,84,28
2026-05-21 09:01:59,2026-05-21,2,乒乓球厅-6号,18:30-19:30,0,1,可预约,￥5.0,多云,18,15,4,0.0,83,28
2026-05-21 09:05:33,2026-05-21,2,乒乓球厅-6号,18:30-19:30,0,1,可预约,￥5.0,多云,18,15,4,0.0,83,28
2026-05-21 09:20:38,2026-05-21,2,乒乓球厅-6号,18:30-19:30,0,1,可预约,￥5.0,多云,18,16,3,0.0,81,28
2026-05-21 09:30:46,2026-05-21,2,乒乓球厅-6号,18:30-19:30,0,1,可预约,￥5.0,多云,18,16,3,0.0,81,32
2026-05-21 09:40:36,2026-05-21,2,乒乓球厅-6号,18:30-19:30,0,1,可预约,￥5.0,多云,19,17,3,0.0,79,32
2026-05-21 09:50:42,2026-05-21,2,乒乓球厅-6号,18:30-19:30,0,1,可预约,￥5.0,多云,19,17,4,0.0,81,32
2026-05-21 10:00:46,2026-05-21,2,乒乓球厅-6号,18:30-19:30,0,1,可预约,￥5.0,多云,19,17,4,0.0,79,32
2026-05-21 10:10:40,2026-05-21,2,乒乓球厅-6号,18:30-19:30,0,1,可预约,￥5.0,多云,19,17,4,0.0,79,32
2026-05-21 10:20:38,2026-05-21,2,乒乓球厅-6号,18:30-19:30,0,1,可预约,￥5.0,多云,19,17,4,0.0,79,32
2026-05-21 10:30:41,2026-05-21,2,乒乓球厅-6号,18:30-19:30,0,1,可预约,￥5.0,多云,19,18,3,0.0,78,31
2026-05-21 11:00:44,2026-05-21,2,乒乓球厅-6号,18:30-19:30,0,1,可预约,￥5.0,多云,21,17,5,0.0,74,31
2026-05-21 11:30:38,2026-05-21,2,乒乓球厅-6号,18:30-19:30,0,1,可预约,￥5.0,多云,21,19,3,0.0,72,33
2026-05-21 12:00:46,2026-05-21,2,乒乓球厅-6号,18:30-19:30,0,1,可预约,￥5.0,多云,22,19,4,0.0,70,33
2026-05-21 12:30:42,2026-05-21,2,乒乓球厅-6号,18:30-19:30,0,1,可预约,￥5.0,多云,22,21,3,0.0,68,35
2026-05-21 13:00:43,2026-05-21,2,乒乓球厅-6号,18:30-19:30,0,1,可预约,￥5.0,多云,24,22,4,0.0,66,35
2026-05-21 13:30:43,2026-05-21,2,乒乓球厅-6号,18:30-19:30,0,1,可预约,￥5.0,多云,24,22,4,0.0,66,36
2026-05-21 14:00:48,2026-05-21,2,乒乓球厅-6号,18:30-19:30,0,1,可预约,￥5.0,多云,25,23,4,0.0,66,36
2026-05-21 14:30:45,2026-05-21,2,乒乓球厅-6号,18:30-19:30,0,1,可预约,￥5.0,晴,25,25,3,0.0,65,39
2026-05-21 15:00:45,2026-05-21,2,乒乓球厅-6号,18:30-19:30,0,1,可预约,￥5.0,晴,25,22,4,0.0,56,39
2026-05-21 15:30:43,2026-05-21,2,乒乓球厅-6号,18:30-19:30,0,1,可预约,￥5.0,晴,25,23,4,0.0,57,40
2026-05-21 16:00:51,2026-05-21,2,乒乓球厅-6号,18:30-19:30,0,1,可预约,￥5.0,晴,25,23,4,0.0,57,40
2026-05-21 16:30:48,2026-05-21,2,乒乓球厅-6号,18:30-19:30,0,1,可预约,￥5.0,晴,25,24,3,0.0,60,39
2026-05-21 17:00:49,2026-05-21,2,乒乓球厅-6号,18:30-19:30,0,1,可预约,￥5.0,晴,25,24,4,0.0,61,39
2026-05-21 17:30:47,2026-05-21,2,乒乓球厅-6号,18:30-19:30,0,1,可预约,￥5.0,多云,24,23,3,0.0,64,39
2026-05-21 18:00:50,2026-05-21,2,乒乓球厅-6号,18:30-19:30,0,1,可预约,￥5.0,多云,24,23,3,0.0,68,39
2026-05-21 18:30:50,2026-05-21,2,乒乓球厅-6号,18:30-19:30,0,1,可预约,￥5.0,阴,24,25,2,0.0,68,40
2026-05-21 19:00:50,2026-05-21,2,乒乓球厅-6号,18:30-19:30,0,1,可预约,￥5.0,阴,23,23,3,0.0,76,40
2026-05-21 19:30:46,2026-05-21,2,乒乓球厅-6号,18:30-19:30,0,1,不开放/已过期,,阴,23,24,2,0.0,77,39
2026-05-21 20:00:49,2026-05-21,2,乒乓球厅-6号,18:30-19:30,0,1,不开放/已过期,,雾,22,23,2,0.0,89,39
2026-05-21 20:30:44,2026-05-21,2,乒乓球厅-6号,18:30-19:30,0,1,不开放/已过期,,雾,22,24,2,0.0,93,43
2026-05-21 21:00:56,2026-05-21,2,乒乓球厅-6号,18:30-19:30,0,1,不开放/已过期,,雾,20,21,2,0.0,98,43
2026-05-21 21:30:46,2026-05-21,2,乒乓球厅-6号,18:30-19:30,0,1,不开放/已过期,,雾,20,22,1,0.0,99,41
2026-05-21 22:01:02,2026-05-21,2,乒乓球厅-6号,18:30-19:30,0,1,不开放/已过期,,雾,19,20,2,0.0,93,41
2026-05-21 22:30:47,2026-05-21,2,乒乓球厅-6号,18:30-19:30,0,1,不开放/已过期,,雾,19,19,3,0.0,88,46
2026-05-21 23:00:56,2026-05-21,2,乒乓球厅-6号,18:30-19:30,0,1,不开放/已过期,,多云,18,17,3,0.0,85,46
2026-05-21 23:30:55,2026-05-21,2,乒乓球厅-6号,18:30-19:30,0,1,不开放/已过期,,多云,18,17,3,0.0,85,48
2026-05-21 00:30:49,2026-05-21,2,乒乓球厅-6号,19:30-20:30,0,1,可预约,￥5.0,多云,15,13,3,0.0,100,26
2026-05-21 01:00:55,2026-05-21,2,乒乓球厅-6号,19:30-20:30,0,1,可预约,￥5.0,多云,15,12,4,0.0,100,26
2026-05-21 01:30:47,2026-05-21,2,乒乓球厅-6号,19:30-20:30,0,1,可预约,￥5.0,多云,15,13,4,0.0,100,28
2026-05-21 02:00:53,2026-05-21,2,乒乓球厅-6号,19:30-20:30,0,1,可预约,￥5.0,多云,15,12,4,0.0,100,28
2026-05-21 02:30:49,2026-05-21,2,乒乓球厅-6号,19:30-20:30,0,1,可预约,￥5.0,多云,15,14,3,0.0,100,29
2026-05-21 03:00:55,2026-05-21,2,乒乓球厅-6号,19:30-20:30,0,1,可预约,￥5.0,多云,15,12,4,0.0,100,29
2026-05-21 03:30:49,2026-05-21,2,乒乓球厅-6号,19:30-20:30,0,1,可预约,￥5.0,多云,15,14,3,0.0,100,30
2026-05-21 04:30:45,2026-05-21,2,乒乓球厅-6号,19:30-20:30,0,1,可预约,￥5.0,多云,15,12,4,0.0,100,29
2026-05-21 05:00:52,2026-05-21,2,乒乓球厅-6号,19:30-20:30,0,1,可预约,￥5.0,多云,15,12,4,0.0,100,29
2026-05-21 05:30:49,2026-05-21,2,乒乓球厅-6号,19:30-20:30,0,1,可预约,￥5.0,多云,15,13,3,0.0,100,28
2026-05-21 06:00:50,2026-05-21,2,乒乓球厅-6号,19:30-20:30,0,1,可预约,￥5.0,多云,15,13,4,0.0,99,28
2026-05-21 06:30:38,2026-05-21,2,乒乓球厅-6号,19:30-20:30,0,1,可预约,￥5.0,多云,15,13,3,0.0,97,28
2026-05-21 07:00:43,2026-05-21,2,乒乓球厅-6号,19:30-20:30,0,1,可预约,￥5.0,晴,15,11,5,0.0,93,28
2026-05-21 07:30:39,2026-05-21,2,乒乓球厅-6号,19:30-20:30,0,1,可预约,￥5.0,晴,17,13,4,0.0,89,29
2026-05-21 07:50:40,2026-05-21,2,乒乓球厅-6号,19:30-20:30,0,1,可预约,￥5.0,晴,17,13,4,0.0,88,29
2026-05-21 07:53:31,2026-05-21,2,乒乓球厅-6号,19:30-20:30,0,1,可预约,￥5.0,晴,17,12,5,0.0,86,29
2026-05-21 07:56:31,2026-05-21,2,乒乓球厅-6号,19:30-20:30,0,1,可预约,￥5.0,晴,17,12,5,0.0,86,29
2026-05-21 07:59:26,2026-05-21,2,乒乓球厅-6号,19:30-20:30,0,1,可预约,￥5.0,晴,17,12,5,0.0,86,29
2026-05-21 08:00:45,2026-05-21,2,乒乓球厅-6号,19:30-20:30,0,1,可预约,￥5.0,晴,17,12,5,0.0,86,29
2026-05-21 08:02:30,2026-05-21,2,乒乓球厅-6号,19:30-20:30,0,1,可预约,￥5.0,多云,17,12,5,0.0,87,29
2026-05-21 08:05:36,2026-05-21,2,乒乓球厅-6号,19:30-20:30,0,1,可预约,￥5.0,多云,17,12,5,0.0,86,29
2026-05-21 08:08:31,2026-05-21,2,乒乓球厅-6号,19:30-20:30,0,1,可预约,￥5.0,多云,17,12,5,0.0,86,29
2026-05-21 08:11:30,2026-05-21,2,乒乓球厅-6号,19:30-20:30,0,1,可预约,￥5.0,多云,17,12,5,0.0,86,29
2026-05-21 08:14:31,2026-05-21,2,乒乓球厅-6号,19:30-20:30,0,1,可预约,￥5.0,多云,17,12,5,0.0,86,29
2026-05-21 08:17:30,2026-05-21,2,乒乓球厅-6号,19:30-20:30,0,1,可预约,￥5.0,多云,17,12,5,0.0,86,29
2026-05-21 08:20:35,2026-05-21,2,乒乓球厅-6号,19:30-20:30,0,1,可预约,￥5.0,多云,17,14,4,0.0,85,29
2026-05-21 08:25:32,2026-05-21,2,乒乓球厅-6号,19:30-20:30,0,1,可预约,￥5.0,多云,17,14,4,0.0,85,28
2026-05-21 08:30:42,2026-05-21,2,乒乓球厅-6号,19:30-20:30,0,1,可预约,￥5.0,多云,18,15,4,0.0,84,28
2026-05-21 08:35:31,2026-05-21,2,乒乓球厅-6号,19:30-20:30,0,1,可预约,￥5.0,多云,18,15,4,0.0,84,28
2026-05-21 08:40:38,2026-05-21,2,乒乓球厅-6号,19:30-20:30,0,1,可预约,￥5.0,多云,18,15,4,0.0,82,28
2026-05-21 08:45:33,2026-05-21,2,乒乓球厅-6号,19:30-20:30,0,1,可预约,￥5.0,多云,18,15,4,0.0,82,28
2026-05-21 08:50:36,2026-05-21,2,乒乓球厅-6号,19:30-20:30,0,1,可预约,￥5.0,多云,18,15,4,0.0,82,28
2026-05-21 08:55:34,2026-05-21,2,乒乓球厅-6号,19:30-20:30,0,1,可预约,￥5.0,多云,18,15,4,0.0,84,28
2026-05-21 09:00:51,2026-05-21,2,乒乓球厅-6号,19:30-20:30,0,1,可预约,￥5.0,多云,18,15,4,0.0,84,28
2026-05-21 09:01:59,2026-05-21,2,乒乓球厅-6号,19:30-20:30,0,1,可预约,￥5.0,多云,18,15,4,0.0,83,28
2026-05-21 09:05:33,2026-05-21,2,乒乓球厅-6号,19:30-20:30,0,1,可预约,￥5.0,多云,18,15,4,0.0,83,28
2026-05-21 09:20:38,2026-05-21,2,乒乓球厅-6号,19:30-20:30,0,1,可预约,￥5.0,多云,18,16,3,0.0,81,28
2026-05-21 09:30:46,2026-05-21,2,乒乓球厅-6号,19:30-20:30,0,1,可预约,￥5.0,多云,18,16,3,0.0,81,32
2026-05-21 09:40:36,2026-05-21,2,乒乓球厅-6号,19:30-20:30,0,1,可预约,￥5.0,多云,19,17,3,0.0,79,32
2026-05-21 09:50:42,2026-05-21,2,乒乓球厅-6号,19:30-20:30,0,1,可预约,￥5.0,多云,19,17,4,0.0,81,32
2026-05-21 10:00:46,2026-05-21,2,乒乓球厅-6号,19:30-20:30,0,1,可预约,￥5.0,多云,19,17,4,0.0,79,32
2026-05-21 10:10:40,2026-05-21,2,乒乓球厅-6号,19:30-20:30,0,1,可预约,￥5.0,多云,19,17,4,0.0,79,32
2026-05-21 10:20:38,2026-05-21,2,乒乓球厅-6号,19:30-20:30,0,1,可预约,￥5.0,多云,19,17,4,0.0,79,32
2026-05-21 10:30:41,2026-05-21,2,乒乓球厅-6号,19:30-20:30,0,1,可预约,￥5.0,多云,19,18,3,0.0,78,31
2026-05-21 11:00:44,2026-05-21,2,乒乓球厅-6号,19:30-20:30,0,1,可预约,￥5.0,多云,21,17,5,0.0,74,31
2026-05-21 11:30:38,2026-05-21,2,乒乓球厅-6号,19:30-20:30,0,1,可预约,￥5.0,多云,21,19,3,0.0,72,33
2026-05-21 12:00:46,2026-05-21,2,乒乓球厅-6号,19:30-20:30,0,1,可预约,￥5.0,多云,22,19,4,0.0,70,33
2026-05-21 12:30:42,2026-05-21,2,乒乓球厅-6号,19:30-20:30,0,1,可预约,￥5.0,多云,22,21,3,0.0,68,35
2026-05-21 13:00:43,2026-05-21,2,乒乓球厅-6号,19:30-20:30,0,1,可预约,￥5.0,多云,24,22,4,0.0,66,35
2026-05-21 13:30:43,2026-05-21,2,乒乓球厅-6号,19:30-20:30,0,1,可预约,￥5.0,多云,24,22,4,0.0,66,36
2026-05-21 14:00:48,2026-05-21,2,乒乓球厅-6号,19:30-20:30,0,1,可预约,￥5.0,多云,25,23,4,0.0,66,36
2026-05-21 14:30:45,2026-05-21,2,乒乓球厅-6号,19:30-20:30,0,1,可预约,￥5.0,晴,25,25,3,0.0,65,39
2026-05-21 15:00:45,2026-05-21,2,乒乓球厅-6号,19:30-20:30,0,1,可预约,￥5.0,晴,25,22,4,0.0,56,39
2026-05-21 15:30:43,2026-05-21,2,乒乓球厅-6号,19:30-20:30,0,1,可预约,￥5.0,晴,25,23,4,0.0,57,40
2026-05-21 16:00:51,2026-05-21,2,乒乓球厅-6号,19:30-20:30,0,1,可预约,￥5.0,晴,25,23,4,0.0,57,40
2026-05-21 16:30:48,2026-05-21,2,乒乓球厅-6号,19:30-20:30,0,1,可预约,￥5.0,晴,25,24,3,0.0,60,39
2026-05-21 17:00:49,2026-05-21,2,乒乓球厅-6号,19:30-20:30,0,1,可预约,￥5.0,晴,25,24,4,0.0,61,39
2026-05-21 17:30:47,2026-05-21,2,乒乓球厅-6号,19:30-20:30,0,1,可预约,￥5.0,多云,24,23,3,0.0,64,39
2026-05-21 18:00:50,2026-05-21,2,乒乓球厅-6号,19:30-20:30,0,1,可预约,￥5.0,多云,24,23,3,0.0,68,39
2026-05-21 18:30:50,2026-05-21,2,乒乓球厅-6号,19:30-20:30,0,1,可预约,￥5.0,阴,24,25,2,0.0,68,40
2026-05-21 19:00:50,2026-05-21,2,乒乓球厅-6号,19:30-20:30,0,1,可预约,￥5.0,阴,23,23,3,0.0,76,40
2026-05-21 19:30:46,2026-05-21,2,乒乓球厅-6号,19:30-20:30,0,1,可预约,￥5.0,阴,23,24,2,0.0,77,39
2026-05-21 20:00:49,2026-05-21,2,乒乓球厅-6号,19:30-20:30,0,1,可预约,￥5.0,雾,22,23,2,0.0,89,39
2026-05-21 20:30:44,2026-05-21,2,乒乓球厅-6号,19:30-20:30,0,1,不开放/已过期,,雾,22,24,2,0.0,93,43
2026-05-21 21:00:56,2026-05-21,2,乒乓球厅-6号,19:30-20:30,0,1,不开放/已过期,,雾,20,21,2,0.0,98,43
2026-05-21 21:30:46,2026-05-21,2,乒乓球厅-6号,19:30-20:30,0,1,不开放/已过期,,雾,20,22,1,0.0,99,41
2026-05-21 22:01:02,2026-05-21,2,乒乓球厅-6号,19:30-20:30,0,1,不开放/已过期,,雾,19,20,2,0.0,93,41
2026-05-21 22:30:47,2026-05-21,2,乒乓球厅-6号,19:30-20:30,0,1,不开放/已过期,,雾,19,19,3,0.0,88,46
2026-05-21 23:00:56,2026-05-21,2,乒乓球厅-6号,19:30-20:30,0,1,不开放/已过期,,多云,18,17,3,0.0,85,46
2026-05-21 23:30:55,2026-05-21,2,乒乓球厅-6号,19:30-20:30,0,1,不开放/已过期,,多云,18,17,3,0.0,85,48
2026-05-21 00:30:49,2026-05-21,2,乒乓球厅-6号,20:30-21:30,0,1,可预约,￥5.0,多云,15,13,3,0.0,100,26
2026-05-21 01:00:55,2026-05-21,2,乒乓球厅-6号,20:30-21:30,0,1,可预约,￥5.0,多云,15,12,4,0.0,100,26
2026-05-21 01:30:47,2026-05-21,2,乒乓球厅-6号,20:30-21:30,0,1,可预约,￥5.0,多云,15,13,4,0.0,100,28
2026-05-21 02:00:53,2026-05-21,2,乒乓球厅-6号,20:30-21:30,0,1,可预约,￥5.0,多云,15,12,4,0.0,100,28
2026-05-21 02:30:49,2026-05-21,2,乒乓球厅-6号,20:30-21:30,0,1,可预约,￥5.0,多云,15,14,3,0.0,100,29
2026-05-21 03:00:55,2026-05-21,2,乒乓球厅-6号,20:30-21:30,0,1,可预约,￥5.0,多云,15,12,4,0.0,100,29
2026-05-21 03:30:49,2026-05-21,2,乒乓球厅-6号,20:30-21:30,0,1,可预约,￥5.0,多云,15,14,3,0.0,100,30
2026-05-21 04:30:45,2026-05-21,2,乒乓球厅-6号,20:30-21:30,0,1,可预约,￥5.0,多云,15,12,4,0.0,100,29
2026-05-21 05:00:52,2026-05-21,2,乒乓球厅-6号,20:30-21:30,0,1,可预约,￥5.0,多云,15,12,4,0.0,100,29
2026-05-21 05:30:49,2026-05-21,2,乒乓球厅-6号,20:30-21:30,0,1,可预约,￥5.0,多云,15,13,3,0.0,100,28
2026-05-21 06:00:50,2026-05-21,2,乒乓球厅-6号,20:30-21:30,0,1,可预约,￥5.0,多云,15,13,4,0.0,99,28
2026-05-21 06:30:38,2026-05-21,2,乒乓球厅-6号,20:30-21:30,0,1,可预约,￥5.0,多云,15,13,3,0.0,97,28
2026-05-21 07:00:43,2026-05-21,2,乒乓球厅-6号,20:30-21:30,0,1,可预约,￥5.0,晴,15,11,5,0.0,93,28
2026-05-21 07:30:39,2026-05-21,2,乒乓球厅-6号,20:30-21:30,0,1,可预约,￥5.0,晴,17,13,4,0.0,89,29
2026-05-21 07:50:40,2026-05-21,2,乒乓球厅-6号,20:30-21:30,0,1,可预约,￥5.0,晴,17,13,4,0.0,88,29
2026-05-21 07:53:31,2026-05-21,2,乒乓球厅-6号,20:30-21:30,0,1,可预约,￥5.0,晴,17,12,5,0.0,86,29
2026-05-21 07:56:31,2026-05-21,2,乒乓球厅-6号,20:30-21:30,0,1,可预约,￥5.0,晴,17,12,5,0.0,86,29
2026-05-21 07:59:26,2026-05-21,2,乒乓球厅-6号,20:30-21:30,0,1,可预约,￥5.0,晴,17,12,5,0.0,86,29
2026-05-21 08:00:45,2026-05-21,2,乒乓球厅-6号,20:30-21:30,0,1,可预约,￥5.0,晴,17,12,5,0.0,86,29
2026-05-21 08:02:30,2026-05-21,2,乒乓球厅-6号,20:30-21:30,0,1,可预约,￥5.0,多云,17,12,5,0.0,87,29
2026-05-21 08:05:36,2026-05-21,2,乒乓球厅-6号,20:30-21:30,0,1,可预约,￥5.0,多云,17,12,5,0.0,86,29
2026-05-21 08:08:31,2026-05-21,2,乒乓球厅-6号,20:30-21:30,0,1,可预约,￥5.0,多云,17,12,5,0.0,86,29
2026-05-21 08:11:30,2026-05-21,2,乒乓球厅-6号,20:30-21:30,0,1,可预约,￥5.0,多云,17,12,5,0.0,86,29
2026-05-21 08:14:31,2026-05-21,2,乒乓球厅-6号,20:30-21:30,0,1,可预约,￥5.0,多云,17,12,5,0.0,86,29
2026-05-21 08:17:30,2026-05-21,2,乒乓球厅-6号,20:30-21:30,0,1,可预约,￥5.0,多云,17,12,5,0.0,86,29
2026-05-21 08:20:35,2026-05-21,2,乒乓球厅-6号,20:30-21:30,0,1,可预约,￥5.0,多云,17,14,4,0.0,85,29
2026-05-21 08:25:32,2026-05-21,2,乒乓球厅-6号,20:30-21:30,0,1,可预约,￥5.0,多云,17,14,4,0.0,85,28
2026-05-21 08:30:42,2026-05-21,2,乒乓球厅-6号,20:30-21:30,0,1,可预约,￥5.0,多云,18,15,4,0.0,84,28
2026-05-21 08:35:31,2026-05-21,2,乒乓球厅-6号,20:30-21:30,0,1,可预约,￥5.0,多云,18,15,4,0.0,84,28
2026-05-21 08:40:38,2026-05-21,2,乒乓球厅-6号,20:30-21:30,0,1,可预约,￥5.0,多云,18,15,4,0.0,82,28
2026-05-21 08:45:33,2026-05-21,2,乒乓球厅-6号,20:30-21:30,0,1,可预约,￥5.0,多云,18,15,4,0.0,82,28
2026-05-21 08:50:36,2026-05-21,2,乒乓球厅-6号,20:30-21:30,0,1,可预约,￥5.0,多云,18,15,4,0.0,82,28
2026-05-21 08:55:34,2026-05-21,2,乒乓球厅-6号,20:30-21:30,0,1,可预约,￥5.0,多云,18,15,4,0.0,84,28
2026-05-21 09:00:51,2026-05-21,2,乒乓球厅-6号,20:30-21:30,0,1,可预约,￥5.0,多云,18,15,4,0.0,84,28
2026-05-21 09:01:59,2026-05-21,2,乒乓球厅-6号,20:30-21:30,0,1,可预约,￥5.0,多云,18,15,4,0.0,83,28
2026-05-21 09:05:33,2026-05-21,2,乒乓球厅-6号,20:30-21:30,0,1,可预约,￥5.0,多云,18,15,4,0.0,83,28
2026-05-21 09:20:38,2026-05-21,2,乒乓球厅-6号,20:30-21:30,0,1,可预约,￥5.0,多云,18,16,3,0.0,81,28
2026-05-21 09:30:46,2026-05-21,2,乒乓球厅-6号,20:30-21:30,0,1,可预约,￥5.0,多云,18,16,3,0.0,81,32
2026-05-21 09:40:36,2026-05-21,2,乒乓球厅-6号,20:30-21:30,0,1,可预约,￥5.0,多云,19,17,3,0.0,79,32
2026-05-21 09:50:42,2026-05-21,2,乒乓球厅-6号,20:30-21:30,0,1,可预约,￥5.0,多云,19,17,4,0.0,81,32
2026-05-21 10:00:46,2026-05-21,2,乒乓球厅-6号,20:30-21:30,0,1,可预约,￥5.0,多云,19,17,4,0.0,79,32
2026-05-21 10:10:40,2026-05-21,2,乒乓球厅-6号,20:30-21:30,0,1,可预约,￥5.0,多云,19,17,4,0.0,79,32
2026-05-21 10:20:38,2026-05-21,2,乒乓球厅-6号,20:30-21:30,0,1,可预约,￥5.0,多云,19,17,4,0.0,79,32
2026-05-21 10:30:41,2026-05-21,2,乒乓球厅-6号,20:30-21:30,0,1,可预约,￥5.0,多云,19,18,3,0.0,78,31
2026-05-21 11:00:44,2026-05-21,2,乒乓球厅-6号,20:30-21:30,0,1,可预约,￥5.0,多云,21,17,5,0.0,74,31
2026-05-21 11:30:38,2026-05-21,2,乒乓球厅-6号,20:30-21:30,0,1,可预约,￥5.0,多云,21,19,3,0.0,72,33
2026-05-21 12:00:46,2026-05-21,2,乒乓球厅-6号,20:30-21:30,0,1,可预约,￥5.0,多云,22,19,4,0.0,70,33
2026-05-21 12:30:42,2026-05-21,2,乒乓球厅-6号,20:30-21:30,0,1,可预约,￥5.0,多云,22,21,3,0.0,68,35
2026-05-21 13:00:43,2026-05-21,2,乒乓球厅-6号,20:30-21:30,0,1,可预约,￥5.0,多云,24,22,4,0.0,66,35
2026-05-21 13:30:43,2026-05-21,2,乒乓球厅-6号,20:30-21:30,0,1,可预约,￥5.0,多云,24,22,4,0.0,66,36
2026-05-21 14:00:48,2026-05-21,2,乒乓球厅-6号,20:30-21:30,0,1,可预约,￥5.0,多云,25,23,4,0.0,66,36
2026-05-21 14:30:45,2026-05-21,2,乒乓球厅-6号,20:30-21:30,0,1,可预约,￥5.0,晴,25,25,3,0.0,65,39
2026-05-21 15:00:45,2026-05-21,2,乒乓球厅-6号,20:30-21:30,0,1,可预约,￥5.0,晴,25,22,4,0.0,56,39
2026-05-21 15:30:43,2026-05-21,2,乒乓球厅-6号,20:30-21:30,0,1,可预约,￥5.0,晴,25,23,4,0.0,57,40
2026-05-21 16:00:51,2026-05-21,2,乒乓球厅-6号,20:30-21:30,0,1,可预约,￥5.0,晴,25,23,4,0.0,57,40
2026-05-21 16:30:48,2026-05-21,2,乒乓球厅-6号,20:30-21:30,0,1,可预约,￥5.0,晴,25,24,3,0.0,60,39
2026-05-21 17:00:49,2026-05-21,2,乒乓球厅-6号,20:30-21:30,0,1,可预约,￥5.0,晴,25,24,4,0.0,61,39
2026-05-21 17:30:47,2026-05-21,2,乒乓球厅-6号,20:30-21:30,0,1,可预约,￥5.0,多云,24,23,3,0.0,64,39
2026-05-21 18:00:50,2026-05-21,2,乒乓球厅-6号,20:30-21:30,0,1,可预约,￥5.0,多云,24,23,3,0.0,68,39
2026-05-21 18:30:50,2026-05-21,2,乒乓球厅-6号,20:30-21:30,0,1,可预约,￥5.0,阴,24,25,2,0.0,68,40
2026-05-21 19:00:50,2026-05-21,2,乒乓球厅-6号,20:30-21:30,0,1,可预约,￥5.0,阴,23,23,3,0.0,76,40
2026-05-21 19:30:46,2026-05-21,2,乒乓球厅-6号,20:30-21:30,0,1,可预约,￥5.0,阴,23,24,2,0.0,77,39
2026-05-21 20:00:49,2026-05-21,2,乒乓球厅-6号,20:30-21:30,0,1,可预约,￥5.0,雾,22,23,2,0.0,89,39
2026-05-21 20:30:44,2026-05-21,2,乒乓球厅-6号,20:30-21:30,0,1,可预约,￥5.0,雾,22,24,2,0.0,93,43
2026-05-21 21:00:56,2026-05-21,2,乒乓球厅-6号,20:30-21:30,0,1,可预约,￥5.0,雾,20,21,2,0.0,98,43
2026-05-21 21:30:46,2026-05-21,2,乒乓球厅-6号,20:30-21:30,0,1,不开放/已过期,,雾,20,22,1,0.0,99,41
2026-05-21 22:01:02,2026-05-21,2,乒乓球厅-6号,20:30-21:30,0,1,不开放/已过期,,雾,19,20,2,0.0,93,41
2026-05-21 22:30:47,2026-05-21,2,乒乓球厅-6号,20:30-21:30,0,1,不开放/已过期,,雾,19,19,3,0.0,88,46
2026-05-21 23:00:56,2026-05-21,2,乒乓球厅-6号,20:30-21:30,0,1,不开放/已过期,,多云,18,17,3,0.0,85,46
2026-05-21 23:30:55,2026-05-21,2,乒乓球厅-6号,20:30-21:30,0,1,不开放/已过期,,多云,18,17,3,0.0,85,48
2026-05-21 00:30:49,2026-05-21,2,乒乓球厅-7号,07:00-08:00,0,1,可预约,￥0.0,多云,15,13,3,0.0,100,26
2026-05-21 01:00:55,2026-05-21,2,乒乓球厅-7号,07:00-08:00,0,1,可预约,￥0.0,多云,15,12,4,0.0,100,26
2026-05-21 01:30:47,2026-05-21,2,乒乓球厅-7号,07:00-08:00,0,1,可预约,￥0.0,多云,15,13,4,0.0,100,28
2026-05-21 02:00:53,2026-05-21,2,乒乓球厅-7号,07:00-08:00,0,1,可预约,￥0.0,多云,15,12,4,0.0,100,28
2026-05-21 02:30:49,2026-05-21,2,乒乓球厅-7号,07:00-08:00,0,1,可预约,￥0.0,多云,15,14,3,0.0,100,29
2026-05-21 03:00:55,2026-05-21,2,乒乓球厅-7号,07:00-08:00,0,1,可预约,￥0.0,多云,15,12,4,0.0,100,29
2026-05-21 03:30:49,2026-05-21,2,乒乓球厅-7号,07:00-08:00,0,1,可预约,￥0.0,多云,15,14,3,0.0,100,30
2026-05-21 04:30:45,2026-05-21,2,乒乓球厅-7号,07:00-08:00,0,1,可预约,￥0.0,多云,15,12,4,0.0,100,29
2026-05-21 05:00:52,2026-05-21,2,乒乓球厅-7号,07:00-08:00,0,1,可预约,￥0.0,多云,15,12,4,0.0,100,29
2026-05-21 05:30:49,2026-05-21,2,乒乓球厅-7号,07:00-08:00,0,1,可预约,￥0.0,多云,15,13,3,0.0,100,28
2026-05-21 06:00:50,2026-05-21,2,乒乓球厅-7号,07:00-08:00,0,1,可预约,￥0.0,多云,15,13,4,0.0,99,28
2026-05-21 06:30:38,2026-05-21,2,乒乓球厅-7号,07:00-08:00,0,1,可预约,￥0.0,多云,15,13,3,0.0,97,28
2026-05-21 07:00:43,2026-05-21,2,乒乓球厅-7号,07:00-08:00,0,1,可预约,￥0.0,晴,15,11,5,0.0,93,28
2026-05-21 07:30:39,2026-05-21,2,乒乓球厅-7号,07:00-08:00,0,1,可预约,￥0.0,晴,17,13,4,0.0,89,29
2026-05-21 07:50:40,2026-05-21,2,乒乓球厅-7号,07:00-08:00,0,1,可预约,￥0.0,晴,17,13,4,0.0,88,29
2026-05-21 07:53:31,2026-05-21,2,乒乓球厅-7号,07:00-08:00,0,1,可预约,￥0.0,晴,17,12,5,0.0,86,29
2026-05-21 07:56:31,2026-05-21,2,乒乓球厅-7号,07:00-08:00,0,1,可预约,￥0.0,晴,17,12,5,0.0,86,29
2026-05-21 07:59:26,2026-05-21,2,乒乓球厅-7号,07:00-08:00,0,1,可预约,￥0.0,晴,17,12,5,0.0,86,29
2026-05-21 08:00:45,2026-05-21,2,乒乓球厅-7号,07:00-08:00,0,1,不开放/已过期,,晴,17,12,5,0.0,86,29
2026-05-21 08:02:30,2026-05-21,2,乒乓球厅-7号,07:00-08:00,0,1,不开放/已过期,,多云,17,12,5,0.0,87,29
2026-05-21 08:05:36,2026-05-21,2,乒乓球厅-7号,07:00-08:00,0,1,不开放/已过期,,多云,17,12,5,0.0,86,29
2026-05-21 08:08:31,2026-05-21,2,乒乓球厅-7号,07:00-08:00,0,1,不开放/已过期,,多云,17,12,5,0.0,86,29
2026-05-21 08:11:30,2026-05-21,2,乒乓球厅-7号,07:00-08:00,0,1,不开放/已过期,,多云,17,12,5,0.0,86,29
2026-05-21 08:14:31,2026-05-21,2,乒乓球厅-7号,07:00-08:00,0,1,不开放/已过期,,多云,17,12,5,0.0,86,29
2026-05-21 08:17:30,2026-05-21,2,乒乓球厅-7号,07:00-08:00,0,1,不开放/已过期,,多云,17,12,5,0.0,86,29
2026-05-21 08:20:35,2026-05-21,2,乒乓球厅-7号,07:00-08:00,0,1,不开放/已过期,,多云,17,14,4,0.0,85,29
2026-05-21 08:25:32,2026-05-21,2,乒乓球厅-7号,07:00-08:00,0,1,不开放/已过期,,多云,17,14,4,0.0,85,28
2026-05-21 08:30:42,2026-05-21,2,乒乓球厅-7号,07:00-08:00,0,1,不开放/已过期,,多云,18,15,4,0.0,84,28
2026-05-21 08:35:31,2026-05-21,2,乒乓球厅-7号,07:00-08:00,0,1,不开放/已过期,,多云,18,15,4,0.0,84,28
2026-05-21 08:40:38,2026-05-21,2,乒乓球厅-7号,07:00-08:00,0,1,不开放/已过期,,多云,18,15,4,0.0,82,28
2026-05-21 08:45:33,2026-05-21,2,乒乓球厅-7号,07:00-08:00,0,1,不开放/已过期,,多云,18,15,4,0.0,82,28
2026-05-21 08:50:36,2026-05-21,2,乒乓球厅-7号,07:00-08:00,0,1,不开放/已过期,,多云,18,15,4,0.0,82,28
2026-05-21 08:55:34,2026-05-21,2,乒乓球厅-7号,07:00-08:00,0,1,不开放/已过期,,多云,18,15,4,0.0,84,28
2026-05-21 09:00:51,2026-05-21,2,乒乓球厅-7号,07:00-08:00,0,1,不开放/已过期,,多云,18,15,4,0.0,84,28
2026-05-21 09:01:59,2026-05-21,2,乒乓球厅-7号,07:00-08:00,0,1,不开放/已过期,,多云,18,15,4,0.0,83,28
2026-05-21 09:05:33,2026-05-21,2,乒乓球厅-7号,07:00-08:00,0,1,不开放/已过期,,多云,18,15,4,0.0,83,28
2026-05-21 09:20:38,2026-05-21,2,乒乓球厅-7号,07:00-08:00,0,1,不开放/已过期,,多云,18,16,3,0.0,81,28
2026-05-21 09:30:46,2026-05-21,2,乒乓球厅-7号,07:00-08:00,0,1,不开放/已过期,,多云,18,16,3,0.0,81,32
2026-05-21 09:40:36,2026-05-21,2,乒乓球厅-7号,07:00-08:00,0,1,不开放/已过期,,多云,19,17,3,0.0,79,32
2026-05-21 09:50:42,2026-05-21,2,乒乓球厅-7号,07:00-08:00,0,1,不开放/已过期,,多云,19,17,4,0.0,81,32
2026-05-21 10:00:46,2026-05-21,2,乒乓球厅-7号,07:00-08:00,0,1,不开放/已过期,,多云,19,17,4,0.0,79,32
2026-05-21 10:10:40,2026-05-21,2,乒乓球厅-7号,07:00-08:00,0,1,不开放/已过期,,多云,19,17,4,0.0,79,32
2026-05-21 10:20:38,2026-05-21,2,乒乓球厅-7号,07:00-08:00,0,1,不开放/已过期,,多云,19,17,4,0.0,79,32
2026-05-21 10:30:41,2026-05-21,2,乒乓球厅-7号,07:00-08:00,0,1,不开放/已过期,,多云,19,18,3,0.0,78,31
2026-05-21 11:00:44,2026-05-21,2,乒乓球厅-7号,07:00-08:00,0,1,不开放/已过期,,多云,21,17,5,0.0,74,31
2026-05-21 11:30:38,2026-05-21,2,乒乓球厅-7号,07:00-08:00,0,1,不开放/已过期,,多云,21,19,3,0.0,72,33
2026-05-21 12:00:46,2026-05-21,2,乒乓球厅-7号,07:00-08:00,0,1,不开放/已过期,,多云,22,19,4,0.0,70,33
2026-05-21 12:30:42,2026-05-21,2,乒乓球厅-7号,07:00-08:00,0,1,不开放/已过期,,多云,22,21,3,0.0,68,35
2026-05-21 13:00:43,2026-05-21,2,乒乓球厅-7号,07:00-08:00,0,1,不开放/已过期,,多云,24,22,4,0.0,66,35
2026-05-21 13:30:43,2026-05-21,2,乒乓球厅-7号,07:00-08:00,0,1,不开放/已过期,,多云,24,22,4,0.0,66,36
2026-05-21 14:00:48,2026-05-21,2,乒乓球厅-7号,07:00-08:00,0,1,不开放/已过期,,多云,25,23,4,0.0,66,36
2026-05-21 14:30:45,2026-05-21,2,乒乓球厅-7号,07:00-08:00,0,1,不开放/已过期,,晴,25,25,3,0.0,65,39
2026-05-21 15:00:45,2026-05-21,2,乒乓球厅-7号,07:00-08:00,0,1,不开放/已过期,,晴,25,22,4,0.0,56,39
2026-05-21 15:30:43,2026-05-21,2,乒乓球厅-7号,07:00-08:00,0,1,不开放/已过期,,晴,25,23,4,0.0,57,40
2026-05-21 16:00:51,2026-05-21,2,乒乓球厅-7号,07:00-08:00,0,1,不开放/已过期,,晴,25,23,4,0.0,57,40
2026-05-21 16:30:48,2026-05-21,2,乒乓球厅-7号,07:00-08:00,0,1,不开放/已过期,,晴,25,24,3,0.0,60,39
2026-05-21 17:00:49,2026-05-21,2,乒乓球厅-7号,07:00-08:00,0,1,不开放/已过期,,晴,25,24,4,0.0,61,39
2026-05-21 17:30:47,2026-05-21,2,乒乓球厅-7号,07:00-08:00,0,1,不开放/已过期,,多云,24,23,3,0.0,64,39
2026-05-21 18:00:50,2026-05-21,2,乒乓球厅-7号,07:00-08:00,0,1,不开放/已过期,,多云,24,23,3,0.0,68,39
2026-05-21 18:30:50,2026-05-21,2,乒乓球厅-7号,07:00-08:00,0,1,不开放/已过期,,阴,24,25,2,0.0,68,40
2026-05-21 19:00:50,2026-05-21,2,乒乓球厅-7号,07:00-08:00,0,1,不开放/已过期,,阴,23,23,3,0.0,76,40
2026-05-21 19:30:46,2026-05-21,2,乒乓球厅-7号,07:00-08:00,0,1,不开放/已过期,,阴,23,24,2,0.0,77,39
2026-05-21 20:00:49,2026-05-21,2,乒乓球厅-7号,07:00-08:00,0,1,不开放/已过期,,雾,22,23,2,0.0,89,39
2026-05-21 20:30:44,2026-05-21,2,乒乓球厅-7号,07:00-08:00,0,1,不开放/已过期,,雾,22,24,2,0.0,93,43
2026-05-21 21:00:56,2026-05-21,2,乒乓球厅-7号,07:00-08:00,0,1,不开放/已过期,,雾,20,21,2,0.0,98,43
2026-05-21 21:30:46,2026-05-21,2,乒乓球厅-7号,07:00-08:00,0,1,不开放/已过期,,雾,20,22,1,0.0,99,41
2026-05-21 22:01:02,2026-05-21,2,乒乓球厅-7号,07:00-08:00,0,1,不开放/已过期,,雾,19,20,2,0.0,93,41
2026-05-21 22:30:47,2026-05-21,2,乒乓球厅-7号,07:00-08:00,0,1,不开放/已过期,,雾,19,19,3,0.0,88,46
2026-05-21 23:00:56,2026-05-21,2,乒乓球厅-7号,07:00-08:00,0,1,不开放/已过期,,多云,18,17,3,0.0,85,46
2026-05-21 23:30:55,2026-05-21,2,乒乓球厅-7号,07:00-08:00,0,1,不开放/已过期,,多云,18,17,3,0.0,85,48
2026-05-21 00:30:49,2026-05-21,2,乒乓球厅-7号,08:00-09:00,0,1,可预约,￥0.0,多云,15,13,3,0.0,100,26
2026-05-21 01:00:55,2026-05-21,2,乒乓球厅-7号,08:00-09:00,0,1,可预约,￥0.0,多云,15,12,4,0.0,100,26
2026-05-21 01:30:47,2026-05-21,2,乒乓球厅-7号,08:00-09:00,0,1,可预约,￥0.0,多云,15,13,4,0.0,100,28
2026-05-21 02:00:53,2026-05-21,2,乒乓球厅-7号,08:00-09:00,0,1,可预约,￥0.0,多云,15,12,4,0.0,100,28
2026-05-21 02:30:49,2026-05-21,2,乒乓球厅-7号,08:00-09:00,0,1,可预约,￥0.0,多云,15,14,3,0.0,100,29
2026-05-21 03:00:55,2026-05-21,2,乒乓球厅-7号,08:00-09:00,0,1,可预约,￥0.0,多云,15,12,4,0.0,100,29
2026-05-21 03:30:49,2026-05-21,2,乒乓球厅-7号,08:00-09:00,0,1,可预约,￥0.0,多云,15,14,3,0.0,100,30
2026-05-21 04:30:45,2026-05-21,2,乒乓球厅-7号,08:00-09:00,0,1,可预约,￥0.0,多云,15,12,4,0.0,100,29
2026-05-21 05:00:52,2026-05-21,2,乒乓球厅-7号,08:00-09:00,0,1,可预约,￥0.0,多云,15,12,4,0.0,100,29
2026-05-21 05:30:49,2026-05-21,2,乒乓球厅-7号,08:00-09:00,0,1,可预约,￥0.0,多云,15,13,3,0.0,100,28
2026-05-21 06:00:50,2026-05-21,2,乒乓球厅-7号,08:00-09:00,0,1,可预约,￥0.0,多云,15,13,4,0.0,99,28
2026-05-21 06:30:38,2026-05-21,2,乒乓球厅-7号,08:00-09:00,0,1,可预约,￥0.0,多云,15,13,3,0.0,97,28
2026-05-21 07:00:43,2026-05-21,2,乒乓球厅-7号,08:00-09:00,0,1,可预约,￥0.0,晴,15,11,5,0.0,93,28
2026-05-21 07:30:39,2026-05-21,2,乒乓球厅-7号,08:00-09:00,0,1,可预约,￥0.0,晴,17,13,4,0.0,89,29
2026-05-21 07:50:40,2026-05-21,2,乒乓球厅-7号,08:00-09:00,0,1,可预约,￥0.0,晴,17,13,4,0.0,88,29
2026-05-21 07:53:31,2026-05-21,2,乒乓球厅-7号,08:00-09:00,0,1,可预约,￥0.0,晴,17,12,5,0.0,86,29
2026-05-21 07:56:31,2026-05-21,2,乒乓球厅-7号,08:00-09:00,0,1,可预约,￥0.0,晴,17,12,5,0.0,86,29
2026-05-21 07:59:26,2026-05-21,2,乒乓球厅-7号,08:00-09:00,0,1,可预约,￥0.0,晴,17,12,5,0.0,86,29
2026-05-21 08:00:45,2026-05-21,2,乒乓球厅-7号,08:00-09:00,0,1,可预约,￥0.0,晴,17,12,5,0.0,86,29
2026-05-21 08:02:30,2026-05-21,2,乒乓球厅-7号,08:00-09:00,0,1,可预约,￥0.0,多云,17,12,5,0.0,87,29
2026-05-21 08:05:36,2026-05-21,2,乒乓球厅-7号,08:00-09:00,0,1,可预约,￥0.0,多云,17,12,5,0.0,86,29
2026-05-21 08:08:31,2026-05-21,2,乒乓球厅-7号,08:00-09:00,0,1,可预约,￥0.0,多云,17,12,5,0.0,86,29
2026-05-21 08:11:30,2026-05-21,2,乒乓球厅-7号,08:00-09:00,0,1,可预约,￥0.0,多云,17,12,5,0.0,86,29
2026-05-21 08:14:31,2026-05-21,2,乒乓球厅-7号,08:00-09:00,0,1,可预约,￥0.0,多云,17,12,5,0.0,86,29
2026-05-21 08:17:30,2026-05-21,2,乒乓球厅-7号,08:00-09:00,0,1,可预约,￥0.0,多云,17,12,5,0.0,86,29
2026-05-21 08:20:35,2026-05-21,2,乒乓球厅-7号,08:00-09:00,0,1,可预约,￥0.0,多云,17,14,4,0.0,85,29
2026-05-21 08:25:32,2026-05-21,2,乒乓球厅-7号,08:00-09:00,0,1,可预约,￥0.0,多云,17,14,4,0.0,85,28
2026-05-21 08:30:42,2026-05-21,2,乒乓球厅-7号,08:00-09:00,0,1,可预约,￥0.0,多云,18,15,4,0.0,84,28
2026-05-21 08:35:31,2026-05-21,2,乒乓球厅-7号,08:00-09:00,0,1,可预约,￥0.0,多云,18,15,4,0.0,84,28
2026-05-21 08:40:38,2026-05-21,2,乒乓球厅-7号,08:00-09:00,0,1,可预约,￥0.0,多云,18,15,4,0.0,82,28
2026-05-21 08:45:33,2026-05-21,2,乒乓球厅-7号,08:00-09:00,0,1,可预约,￥0.0,多云,18,15,4,0.0,82,28
2026-05-21 08:50:36,2026-05-21,2,乒乓球厅-7号,08:00-09:00,0,1,可预约,￥0.0,多云,18,15,4,0.0,82,28
2026-05-21 08:55:34,2026-05-21,2,乒乓球厅-7号,08:00-09:00,0,1,可预约,￥0.0,多云,18,15,4,0.0,84,28
2026-05-21 09:00:51,2026-05-21,2,乒乓球厅-7号,08:00-09:00,0,1,不开放/已过期,,多云,18,15,4,0.0,84,28
2026-05-21 09:01:59,2026-05-21,2,乒乓球厅-7号,08:00-09:00,0,1,不开放/已过期,,多云,18,15,4,0.0,83,28
2026-05-21 09:05:33,2026-05-21,2,乒乓球厅-7号,08:00-09:00,0,1,不开放/已过期,,多云,18,15,4,0.0,83,28
2026-05-21 09:20:38,2026-05-21,2,乒乓球厅-7号,08:00-09:00,0,1,不开放/已过期,,多云,18,16,3,0.0,81,28
2026-05-21 09:30:46,2026-05-21,2,乒乓球厅-7号,08:00-09:00,0,1,不开放/已过期,,多云,18,16,3,0.0,81,32
2026-05-21 09:40:36,2026-05-21,2,乒乓球厅-7号,08:00-09:00,0,1,不开放/已过期,,多云,19,17,3,0.0,79,32
2026-05-21 09:50:42,2026-05-21,2,乒乓球厅-7号,08:00-09:00,0,1,不开放/已过期,,多云,19,17,4,0.0,81,32
2026-05-21 10:00:46,2026-05-21,2,乒乓球厅-7号,08:00-09:00,0,1,不开放/已过期,,多云,19,17,4,0.0,79,32
2026-05-21 10:10:40,2026-05-21,2,乒乓球厅-7号,08:00-09:00,0,1,不开放/已过期,,多云,19,17,4,0.0,79,32
2026-05-21 10:20:38,2026-05-21,2,乒乓球厅-7号,08:00-09:00,0,1,不开放/已过期,,多云,19,17,4,0.0,79,32
2026-05-21 10:30:41,2026-05-21,2,乒乓球厅-7号,08:00-09:00,0,1,不开放/已过期,,多云,19,18,3,0.0,78,31
2026-05-21 11:00:44,2026-05-21,2,乒乓球厅-7号,08:00-09:00,0,1,不开放/已过期,,多云,21,17,5,0.0,74,31
2026-05-21 11:30:38,2026-05-21,2,乒乓球厅-7号,08:00-09:00,0,1,不开放/已过期,,多云,21,19,3,0.0,72,33
2026-05-21 12:00:46,2026-05-21,2,乒乓球厅-7号,08:00-09:00,0,1,不开放/已过期,,多云,22,19,4,0.0,70,33
2026-05-21 12:30:42,2026-05-21,2,乒乓球厅-7号,08:00-09:00,0,1,不开放/已过期,,多云,22,21,3,0.0,68,35
2026-05-21 13:00:43,2026-05-21,2,乒乓球厅-7号,08:00-09:00,0,1,不开放/已过期,,多云,24,22,4,0.0,66,35
2026-05-21 13:30:43,2026-05-21,2,乒乓球厅-7号,08:00-09:00,0,1,不开放/已过期,,多云,24,22,4,0.0,66,36
2026-05-21 14:00:48,2026-05-21,2,乒乓球厅-7号,08:00-09:00,0,1,不开放/已过期,,多云,25,23,4,0.0,66,36
2026-05-21 14:30:45,2026-05-21,2,乒乓球厅-7号,08:00-09:00,0,1,不开放/已过期,,晴,25,25,3,0.0,65,39
2026-05-21 15:00:45,2026-05-21,2,乒乓球厅-7号,08:00-09:00,0,1,不开放/已过期,,晴,25,22,4,0.0,56,39
2026-05-21 15:30:43,2026-05-21,2,乒乓球厅-7号,08:00-09:00,0,1,不开放/已过期,,晴,25,23,4,0.0,57,40
2026-05-21 16:00:51,2026-05-21,2,乒乓球厅-7号,08:00-09:00,0,1,不开放/已过期,,晴,25,23,4,0.0,57,40
2026-05-21 16:30:48,2026-05-21,2,乒乓球厅-7号,08:00-09:00,0,1,不开放/已过期,,晴,25,24,3,0.0,60,39
2026-05-21 17:00:49,2026-05-21,2,乒乓球厅-7号,08:00-09:00,0,1,不开放/已过期,,晴,25,24,4,0.0,61,39
2026-05-21 17:30:47,2026-05-21,2,乒乓球厅-7号,08:00-09:00,0,1,不开放/已过期,,多云,24,23,3,0.0,64,39
2026-05-21 18:00:50,2026-05-21,2,乒乓球厅-7号,08:00-09:00,0,1,不开放/已过期,,多云,24,23,3,0.0,68,39
2026-05-21 18:30:50,2026-05-21,2,乒乓球厅-7号,08:00-09:00,0,1,不开放/已过期,,阴,24,25,2,0.0,68,40
2026-05-21 19:00:50,2026-05-21,2,乒乓球厅-7号,08:00-09:00,0,1,不开放/已过期,,阴,23,23,3,0.0,76,40
2026-05-21 19:30:46,2026-05-21,2,乒乓球厅-7号,08:00-09:00,0,1,不开放/已过期,,阴,23,24,2,0.0,77,39
2026-05-21 20:00:49,2026-05-21,2,乒乓球厅-7号,08:00-09:00,0,1,不开放/已过期,,雾,22,23,2,0.0,89,39
2026-05-21 20:30:44,2026-05-21,2,乒乓球厅-7号,08:00-09:00,0,1,不开放/已过期,,雾,22,24,2,0.0,93,43
2026-05-21 21:00:56,2026-05-21,2,乒乓球厅-7号,08:00-09:00,0,1,不开放/已过期,,雾,20,21,2,0.0,98,43
2026-05-21 21:30:46,2026-05-21,2,乒乓球厅-7号,08:00-09:00,0,1,不开放/已过期,,雾,20,22,1,0.0,99,41
2026-05-21 22:01:02,2026-05-21,2,乒乓球厅-7号,08:00-09:00,0,1,不开放/已过期,,雾,19,20,2,0.0,93,41
2026-05-21 22:30:47,2026-05-21,2,乒乓球厅-7号,08:00-09:00,0,1,不开放/已过期,,雾,19,19,3,0.0,88,46
2026-05-21 23:00:56,2026-05-21,2,乒乓球厅-7号,08:00-09:00,0,1,不开放/已过期,,多云,18,17,3,0.0,85,46
2026-05-21 23:30:55,2026-05-21,2,乒乓球厅-7号,08:00-09:00,0,1,不开放/已过期,,多云,18,17,3,0.0,85,48
2026-05-21 00:30:49,2026-05-21,2,乒乓球厅-7号,09:00-10:00,0,1,可预约,￥5.0,多云,15,13,3,0.0,100,26
2026-05-21 01:00:55,2026-05-21,2,乒乓球厅-7号,09:00-10:00,0,1,可预约,￥5.0,多云,15,12,4,0.0,100,26
2026-05-21 01:30:47,2026-05-21,2,乒乓球厅-7号,09:00-10:00,0,1,可预约,￥5.0,多云,15,13,4,0.0,100,28
2026-05-21 02:00:53,2026-05-21,2,乒乓球厅-7号,09:00-10:00,0,1,可预约,￥5.0,多云,15,12,4,0.0,100,28
2026-05-21 02:30:49,2026-05-21,2,乒乓球厅-7号,09:00-10:00,0,1,可预约,￥5.0,多云,15,14,3,0.0,100,29
2026-05-21 03:00:55,2026-05-21,2,乒乓球厅-7号,09:00-10:00,0,1,可预约,￥5.0,多云,15,12,4,0.0,100,29
2026-05-21 03:30:49,2026-05-21,2,乒乓球厅-7号,09:00-10:00,0,1,可预约,￥5.0,多云,15,14,3,0.0,100,30
2026-05-21 04:30:45,2026-05-21,2,乒乓球厅-7号,09:00-10:00,0,1,可预约,￥5.0,多云,15,12,4,0.0,100,29
2026-05-21 05:00:52,2026-05-21,2,乒乓球厅-7号,09:00-10:00,0,1,可预约,￥5.0,多云,15,12,4,0.0,100,29
2026-05-21 05:30:49,2026-05-21,2,乒乓球厅-7号,09:00-10:00,0,1,可预约,￥5.0,多云,15,13,3,0.0,100,28
2026-05-21 06:00:50,2026-05-21,2,乒乓球厅-7号,09:00-10:00,0,1,可预约,￥5.0,多云,15,13,4,0.0,99,28
2026-05-21 06:30:38,2026-05-21,2,乒乓球厅-7号,09:00-10:00,0,1,可预约,￥5.0,多云,15,13,3,0.0,97,28
2026-05-21 07:00:43,2026-05-21,2,乒乓球厅-7号,09:00-10:00,0,1,可预约,￥5.0,晴,15,11,5,0.0,93,28
2026-05-21 07:30:39,2026-05-21,2,乒乓球厅-7号,09:00-10:00,0,1,可预约,￥5.0,晴,17,13,4,0.0,89,29
2026-05-21 07:50:40,2026-05-21,2,乒乓球厅-7号,09:00-10:00,0,1,可预约,￥5.0,晴,17,13,4,0.0,88,29
2026-05-21 07:53:31,2026-05-21,2,乒乓球厅-7号,09:00-10:00,0,1,可预约,￥5.0,晴,17,12,5,0.0,86,29
2026-05-21 07:56:31,2026-05-21,2,乒乓球厅-7号,09:00-10:00,0,1,可预约,￥5.0,晴,17,12,5,0.0,86,29
2026-05-21 07:59:26,2026-05-21,2,乒乓球厅-7号,09:00-10:00,0,1,可预约,￥5.0,晴,17,12,5,0.0,86,29
2026-05-21 08:00:45,2026-05-21,2,乒乓球厅-7号,09:00-10:00,0,1,可预约,￥5.0,晴,17,12,5,0.0,86,29
2026-05-21 08:02:30,2026-05-21,2,乒乓球厅-7号,09:00-10:00,0,1,可预约,￥5.0,多云,17,12,5,0.0,87,29
2026-05-21 08:05:36,2026-05-21,2,乒乓球厅-7号,09:00-10:00,0,1,可预约,￥5.0,多云,17,12,5,0.0,86,29
2026-05-21 08:08:31,2026-05-21,2,乒乓球厅-7号,09:00-10:00,0,1,可预约,￥5.0,多云,17,12,5,0.0,86,29
2026-05-21 08:11:30,2026-05-21,2,乒乓球厅-7号,09:00-10:00,0,1,可预约,￥5.0,多云,17,12,5,0.0,86,29
2026-05-21 08:14:31,2026-05-21,2,乒乓球厅-7号,09:00-10:00,0,1,可预约,￥5.0,多云,17,12,5,0.0,86,29
2026-05-21 08:17:30,2026-05-21,2,乒乓球厅-7号,09:00-10:00,0,1,可预约,￥5.0,多云,17,12,5,0.0,86,29
2026-05-21 08:20:35,2026-05-21,2,乒乓球厅-7号,09:00-10:00,0,1,可预约,￥5.0,多云,17,14,4,0.0,85,29
2026-05-21 08:25:32,2026-05-21,2,乒乓球厅-7号,09:00-10:00,0,1,可预约,￥5.0,多云,17,14,4,0.0,85,28
2026-05-21 08:30:42,2026-05-21,2,乒乓球厅-7号,09:00-10:00,0,1,可预约,￥5.0,多云,18,15,4,0.0,84,28
2026-05-21 08:35:31,2026-05-21,2,乒乓球厅-7号,09:00-10:00,0,1,可预约,￥5.0,多云,18,15,4,0.0,84,28
2026-05-21 08:40:38,2026-05-21,2,乒乓球厅-7号,09:00-10:00,0,1,可预约,￥5.0,多云,18,15,4,0.0,82,28
2026-05-21 08:45:33,2026-05-21,2,乒乓球厅-7号,09:00-10:00,0,1,可预约,￥5.0,多云,18,15,4,0.0,82,28
2026-05-21 08:50:36,2026-05-21,2,乒乓球厅-7号,09:00-10:00,0,1,可预约,￥5.0,多云,18,15,4,0.0,82,28
2026-05-21 08:55:34,2026-05-21,2,乒乓球厅-7号,09:00-10:00,0,1,可预约,￥5.0,多云,18,15,4,0.0,84,28
2026-05-21 09:00:51,2026-05-21,2,乒乓球厅-7号,09:00-10:00,0,1,可预约,￥5.0,多云,18,15,4,0.0,84,28
2026-05-21 09:01:59,2026-05-21,2,乒乓球厅-7号,09:00-10:00,0,1,可预约,￥5.0,多云,18,15,4,0.0,83,28
2026-05-21 09:05:33,2026-05-21,2,乒乓球厅-7号,09:00-10:00,0,1,可预约,￥5.0,多云,18,15,4,0.0,83,28
2026-05-21 09:20:38,2026-05-21,2,乒乓球厅-7号,09:00-10:00,0,1,可预约,￥5.0,多云,18,16,3,0.0,81,28
2026-05-21 09:30:46,2026-05-21,2,乒乓球厅-7号,09:00-10:00,0,1,可预约,￥5.0,多云,18,16,3,0.0,81,32
2026-05-21 09:40:36,2026-05-21,2,乒乓球厅-7号,09:00-10:00,0,1,可预约,￥5.0,多云,19,17,3,0.0,79,32
2026-05-21 09:50:42,2026-05-21,2,乒乓球厅-7号,09:00-10:00,0,1,可预约,￥5.0,多云,19,17,4,0.0,81,32
2026-05-21 10:00:46,2026-05-21,2,乒乓球厅-7号,09:00-10:00,0,1,不开放/已过期,,多云,19,17,4,0.0,79,32
2026-05-21 10:10:40,2026-05-21,2,乒乓球厅-7号,09:00-10:00,0,1,不开放/已过期,,多云,19,17,4,0.0,79,32
2026-05-21 10:20:38,2026-05-21,2,乒乓球厅-7号,09:00-10:00,0,1,不开放/已过期,,多云,19,17,4,0.0,79,32
2026-05-21 10:30:41,2026-05-21,2,乒乓球厅-7号,09:00-10:00,0,1,不开放/已过期,,多云,19,18,3,0.0,78,31
2026-05-21 11:00:44,2026-05-21,2,乒乓球厅-7号,09:00-10:00,0,1,不开放/已过期,,多云,21,17,5,0.0,74,31
2026-05-21 11:30:38,2026-05-21,2,乒乓球厅-7号,09:00-10:00,0,1,不开放/已过期,,多云,21,19,3,0.0,72,33
2026-05-21 12:00:46,2026-05-21,2,乒乓球厅-7号,09:00-10:00,0,1,不开放/已过期,,多云,22,19,4,0.0,70,33
2026-05-21 12:30:42,2026-05-21,2,乒乓球厅-7号,09:00-10:00,0,1,不开放/已过期,,多云,22,21,3,0.0,68,35
2026-05-21 13:00:43,2026-05-21,2,乒乓球厅-7号,09:00-10:00,0,1,不开放/已过期,,多云,24,22,4,0.0,66,35
2026-05-21 13:30:43,2026-05-21,2,乒乓球厅-7号,09:00-10:00,0,1,不开放/已过期,,多云,24,22,4,0.0,66,36
2026-05-21 14:00:48,2026-05-21,2,乒乓球厅-7号,09:00-10:00,0,1,不开放/已过期,,多云,25,23,4,0.0,66,36
2026-05-21 14:30:45,2026-05-21,2,乒乓球厅-7号,09:00-10:00,0,1,不开放/已过期,,晴,25,25,3,0.0,65,39
2026-05-21 15:00:45,2026-05-21,2,乒乓球厅-7号,09:00-10:00,0,1,不开放/已过期,,晴,25,22,4,0.0,56,39
2026-05-21 15:30:43,2026-05-21,2,乒乓球厅-7号,09:00-10:00,0,1,不开放/已过期,,晴,25,23,4,0.0,57,40
2026-05-21 16:00:51,2026-05-21,2,乒乓球厅-7号,09:00-10:00,0,1,不开放/已过期,,晴,25,23,4,0.0,57,40
2026-05-21 16:30:48,2026-05-21,2,乒乓球厅-7号,09:00-10:00,0,1,不开放/已过期,,晴,25,24,3,0.0,60,39
2026-05-21 17:00:49,2026-05-21,2,乒乓球厅-7号,09:00-10:00,0,1,不开放/已过期,,晴,25,24,4,0.0,61,39
2026-05-21 17:30:47,2026-05-21,2,乒乓球厅-7号,09:00-10:00,0,1,不开放/已过期,,多云,24,23,3,0.0,64,39
2026-05-21 18:00:50,2026-05-21,2,乒乓球厅-7号,09:00-10:00,0,1,不开放/已过期,,多云,24,23,3,0.0,68,39
2026-05-21 18:30:50,2026-05-21,2,乒乓球厅-7号,09:00-10:00,0,1,不开放/已过期,,阴,24,25,2,0.0,68,40
2026-05-21 19:00:50,2026-05-21,2,乒乓球厅-7号,09:00-10:00,0,1,不开放/已过期,,阴,23,23,3,0.0,76,40
2026-05-21 19:30:46,2026-05-21,2,乒乓球厅-7号,09:00-10:00,0,1,不开放/已过期,,阴,23,24,2,0.0,77,39
2026-05-21 20:00:49,2026-05-21,2,乒乓球厅-7号,09:00-10:00,0,1,不开放/已过期,,雾,22,23,2,0.0,89,39
2026-05-21 20:30:44,2026-05-21,2,乒乓球厅-7号,09:00-10:00,0,1,不开放/已过期,,雾,22,24,2,0.0,93,43
2026-05-21 21:00:56,2026-05-21,2,乒乓球厅-7号,09:00-10:00,0,1,不开放/已过期,,雾,20,21,2,0.0,98,43
2026-05-21 21:30:46,2026-05-21,2,乒乓球厅-7号,09:00-10:00,0,1,不开放/已过期,,雾,20,22,1,0.0,99,41
2026-05-21 22:01:02,2026-05-21,2,乒乓球厅-7号,09:00-10:00,0,1,不开放/已过期,,雾,19,20,2,0.0,93,41
2026-05-21 22:30:47,2026-05-21,2,乒乓球厅-7号,09:00-10:00,0,1,不开放/已过期,,雾,19,19,3,0.0,88,46
2026-05-21 23:00:56,2026-05-21,2,乒乓球厅-7号,09:00-10:00,0,1,不开放/已过期,,多云,18,17,3,0.0,85,46
2026-05-21 23:30:55,2026-05-21,2,乒乓球厅-7号,09:00-10:00,0,1,不开放/已过期,,多云,18,17,3,0.0,85,48
2026-05-21 00:30:49,2026-05-21,2,乒乓球厅-7号,10:00-11:00,1,1,已售/已满,教学时间,多云,15,13,3,0.0,100,26
2026-05-21 01:00:55,2026-05-21,2,乒乓球厅-7号,10:00-11:00,1,1,已售/已满,教学时间,多云,15,12,4,0.0,100,26
2026-05-21 01:30:47,2026-05-21,2,乒乓球厅-7号,10:00-11:00,1,1,已售/已满,教学时间,多云,15,13,4,0.0,100,28
2026-05-21 02:00:53,2026-05-21,2,乒乓球厅-7号,10:00-11:00,1,1,已售/已满,教学时间,多云,15,12,4,0.0,100,28
2026-05-21 02:30:49,2026-05-21,2,乒乓球厅-7号,10:00-11:00,1,1,已售/已满,教学时间,多云,15,14,3,0.0,100,29
2026-05-21 03:00:55,2026-05-21,2,乒乓球厅-7号,10:00-11:00,1,1,已售/已满,教学时间,多云,15,12,4,0.0,100,29
2026-05-21 03:30:49,2026-05-21,2,乒乓球厅-7号,10:00-11:00,1,1,已售/已满,教学时间,多云,15,14,3,0.0,100,30
2026-05-21 04:30:45,2026-05-21,2,乒乓球厅-7号,10:00-11:00,1,1,已售/已满,教学时间,多云,15,12,4,0.0,100,29
2026-05-21 05:00:52,2026-05-21,2,乒乓球厅-7号,10:00-11:00,1,1,已售/已满,教学时间,多云,15,12,4,0.0,100,29
2026-05-21 05:30:49,2026-05-21,2,乒乓球厅-7号,10:00-11:00,1,1,已售/已满,教学时间,多云,15,13,3,0.0,100,28
2026-05-21 06:00:50,2026-05-21,2,乒乓球厅-7号,10:00-11:00,1,1,已售/已满,教学时间,多云,15,13,4,0.0,99,28
2026-05-21 06:30:38,2026-05-21,2,乒乓球厅-7号,10:00-11:00,1,1,已售/已满,教学时间,多云,15,13,3,0.0,97,28
2026-05-21 07:00:43,2026-05-21,2,乒乓球厅-7号,10:00-11:00,1,1,已售/已满,教学时间,晴,15,11,5,0.0,93,28
2026-05-21 07:30:39,2026-05-21,2,乒乓球厅-7号,10:00-11:00,1,1,已售/已满,教学时间,晴,17,13,4,0.0,89,29
2026-05-21 07:50:40,2026-05-21,2,乒乓球厅-7号,10:00-11:00,1,1,已售/已满,教学时间,晴,17,13,4,0.0,88,29
2026-05-21 07:53:31,2026-05-21,2,乒乓球厅-7号,10:00-11:00,1,1,已售/已满,教学时间,晴,17,12,5,0.0,86,29
2026-05-21 07:56:31,2026-05-21,2,乒乓球厅-7号,10:00-11:00,1,1,已售/已满,教学时间,晴,17,12,5,0.0,86,29
2026-05-21 07:59:26,2026-05-21,2,乒乓球厅-7号,10:00-11:00,1,1,已售/已满,教学时间,晴,17,12,5,0.0,86,29
2026-05-21 08:00:45,2026-05-21,2,乒乓球厅-7号,10:00-11:00,1,1,已售/已满,教学时间,晴,17,12,5,0.0,86,29
2026-05-21 08:02:30,2026-05-21,2,乒乓球厅-7号,10:00-11:00,1,1,已售/已满,教学时间,多云,17,12,5,0.0,87,29
2026-05-21 08:05:36,2026-05-21,2,乒乓球厅-7号,10:00-11:00,1,1,已售/已满,教学时间,多云,17,12,5,0.0,86,29
2026-05-21 08:08:31,2026-05-21,2,乒乓球厅-7号,10:00-11:00,1,1,已售/已满,教学时间,多云,17,12,5,0.0,86,29
2026-05-21 08:11:30,2026-05-21,2,乒乓球厅-7号,10:00-11:00,1,1,已售/已满,教学时间,多云,17,12,5,0.0,86,29
2026-05-21 08:14:31,2026-05-21,2,乒乓球厅-7号,10:00-11:00,1,1,已售/已满,教学时间,多云,17,12,5,0.0,86,29
2026-05-21 08:17:30,2026-05-21,2,乒乓球厅-7号,10:00-11:00,1,1,已售/已满,教学时间,多云,17,12,5,0.0,86,29
2026-05-21 08:20:35,2026-05-21,2,乒乓球厅-7号,10:00-11:00,1,1,已售/已满,教学时间,多云,17,14,4,0.0,85,29
2026-05-21 08:25:32,2026-05-21,2,乒乓球厅-7号,10:00-11:00,1,1,已售/已满,教学时间,多云,17,14,4,0.0,85,28
2026-05-21 08:30:42,2026-05-21,2,乒乓球厅-7号,10:00-11:00,1,1,已售/已满,教学时间,多云,18,15,4,0.0,84,28
2026-05-21 08:35:31,2026-05-21,2,乒乓球厅-7号,10:00-11:00,1,1,已售/已满,教学时间,多云,18,15,4,0.0,84,28
2026-05-21 08:40:38,2026-05-21,2,乒乓球厅-7号,10:00-11:00,1,1,已售/已满,教学时间,多云,18,15,4,0.0,82,28
2026-05-21 08:45:33,2026-05-21,2,乒乓球厅-7号,10:00-11:00,1,1,已售/已满,教学时间,多云,18,15,4,0.0,82,28
2026-05-21 08:50:36,2026-05-21,2,乒乓球厅-7号,10:00-11:00,1,1,已售/已满,教学时间,多云,18,15,4,0.0,82,28
2026-05-21 08:55:34,2026-05-21,2,乒乓球厅-7号,10:00-11:00,1,1,已售/已满,教学时间,多云,18,15,4,0.0,84,28
2026-05-21 09:00:51,2026-05-21,2,乒乓球厅-7号,10:00-11:00,1,1,已售/已满,教学时间,多云,18,15,4,0.0,84,28
2026-05-21 09:01:59,2026-05-21,2,乒乓球厅-7号,10:00-11:00,1,1,已售/已满,教学时间,多云,18,15,4,0.0,83,28
2026-05-21 09:05:33,2026-05-21,2,乒乓球厅-7号,10:00-11:00,1,1,已售/已满,教学时间,多云,18,15,4,0.0,83,28
2026-05-21 09:20:38,2026-05-21,2,乒乓球厅-7号,10:00-11:00,1,1,已售/已满,教学时间,多云,18,16,3,0.0,81,28
2026-05-21 09:30:46,2026-05-21,2,乒乓球厅-7号,10:00-11:00,1,1,已售/已满,教学时间,多云,18,16,3,0.0,81,32
2026-05-21 09:40:36,2026-05-21,2,乒乓球厅-7号,10:00-11:00,1,1,已售/已满,教学时间,多云,19,17,3,0.0,79,32
2026-05-21 09:50:42,2026-05-21,2,乒乓球厅-7号,10:00-11:00,1,1,已售/已满,教学时间,多云,19,17,4,0.0,81,32
2026-05-21 10:00:46,2026-05-21,2,乒乓球厅-7号,10:00-11:00,1,1,已售/已满,教学时间,多云,19,17,4,0.0,79,32
2026-05-21 10:10:40,2026-05-21,2,乒乓球厅-7号,10:00-11:00,1,1,已售/已满,教学时间,多云,19,17,4,0.0,79,32
2026-05-21 10:20:38,2026-05-21,2,乒乓球厅-7号,10:00-11:00,1,1,已售/已满,教学时间,多云,19,17,4,0.0,79,32
2026-05-21 10:30:41,2026-05-21,2,乒乓球厅-7号,10:00-11:00,1,1,已售/已满,教学时间,多云,19,18,3,0.0,78,31
2026-05-21 11:00:44,2026-05-21,2,乒乓球厅-7号,10:00-11:00,1,1,已售/已满,教学时间,多云,21,17,5,0.0,74,31
2026-05-21 11:30:38,2026-05-21,2,乒乓球厅-7号,10:00-11:00,1,1,已售/已满,教学时间,多云,21,19,3,0.0,72,33
2026-05-21 12:00:46,2026-05-21,2,乒乓球厅-7号,10:00-11:00,1,1,已售/已满,教学时间,多云,22,19,4,0.0,70,33
2026-05-21 12:30:42,2026-05-21,2,乒乓球厅-7号,10:00-11:00,1,1,已售/已满,教学时间,多云,22,21,3,0.0,68,35
2026-05-21 13:00:43,2026-05-21,2,乒乓球厅-7号,10:00-11:00,1,1,已售/已满,教学时间,多云,24,22,4,0.0,66,35
2026-05-21 13:30:43,2026-05-21,2,乒乓球厅-7号,10:00-11:00,1,1,已售/已满,教学时间,多云,24,22,4,0.0,66,36
2026-05-21 14:00:48,2026-05-21,2,乒乓球厅-7号,10:00-11:00,1,1,已售/已满,教学时间,多云,25,23,4,0.0,66,36
2026-05-21 14:30:45,2026-05-21,2,乒乓球厅-7号,10:00-11:00,1,1,已售/已满,教学时间,晴,25,25,3,0.0,65,39
2026-05-21 15:00:45,2026-05-21,2,乒乓球厅-7号,10:00-11:00,1,1,已售/已满,教学时间,晴,25,22,4,0.0,56,39
2026-05-21 15:30:43,2026-05-21,2,乒乓球厅-7号,10:00-11:00,1,1,已售/已满,教学时间,晴,25,23,4,0.0,57,40
2026-05-21 16:00:51,2026-05-21,2,乒乓球厅-7号,10:00-11:00,1,1,已售/已满,教学时间,晴,25,23,4,0.0,57,40
2026-05-21 16:30:48,2026-05-21,2,乒乓球厅-7号,10:00-11:00,1,1,已售/已满,教学时间,晴,25,24,3,0.0,60,39
2026-05-21 17:00:49,2026-05-21,2,乒乓球厅-7号,10:00-11:00,1,1,已售/已满,教学时间,晴,25,24,4,0.0,61,39
2026-05-21 17:30:47,2026-05-21,2,乒乓球厅-7号,10:00-11:00,1,1,已售/已满,教学时间,多云,24,23,3,0.0,64,39
2026-05-21 18:00:50,2026-05-21,2,乒乓球厅-7号,10:00-11:00,1,1,已售/已满,教学时间,多云,24,23,3,0.0,68,39
2026-05-21 18:30:50,2026-05-21,2,乒乓球厅-7号,10:00-11:00,1,1,已售/已满,教学时间,阴,24,25,2,0.0,68,40
2026-05-21 19:00:50,2026-05-21,2,乒乓球厅-7号,10:00-11:00,1,1,已售/已满,教学时间,阴,23,23,3,0.0,76,40
2026-05-21 19:30:46,2026-05-21,2,乒乓球厅-7号,10:00-11:00,1,1,已售/已满,教学时间,阴,23,24,2,0.0,77,39
2026-05-21 20:00:49,2026-05-21,2,乒乓球厅-7号,10:00-11:00,1,1,已售/已满,教学时间,雾,22,23,2,0.0,89,39
2026-05-21 20:30:44,2026-05-21,2,乒乓球厅-7号,10:00-11:00,1,1,已售/已满,教学时间,雾,22,24,2,0.0,93,43
2026-05-21 21:00:56,2026-05-21,2,乒乓球厅-7号,10:00-11:00,1,1,已售/已满,教学时间,雾,20,21,2,0.0,98,43
2026-05-21 21:30:46,2026-05-21,2,乒乓球厅-7号,10:00-11:00,1,1,已售/已满,教学时间,雾,20,22,1,0.0,99,41
2026-05-21 22:01:02,2026-05-21,2,乒乓球厅-7号,10:00-11:00,1,1,已售/已满,教学时间,雾,19,20,2,0.0,93,41
2026-05-21 22:30:47,2026-05-21,2,乒乓球厅-7号,10:00-11:00,1,1,已售/已满,教学时间,雾,19,19,3,0.0,88,46
2026-05-21 23:00:56,2026-05-21,2,乒乓球厅-7号,10:00-11:00,1,1,已售/已满,教学时间,多云,18,17,3,0.0,85,46
2026-05-21 23:30:55,2026-05-21,2,乒乓球厅-7号,10:00-11:00,1,1,已售/已满,教学时间,多云,18,17,3,0.0,85,48
2026-05-21 00:30:49,2026-05-21,2,乒乓球厅-7号,11:00-12:00,1,1,已售/已满,教学时间,多云,15,13,3,0.0,100,26
2026-05-21 01:00:55,2026-05-21,2,乒乓球厅-7号,11:00-12:00,1,1,已售/已满,教学时间,多云,15,12,4,0.0,100,26
2026-05-21 01:30:47,2026-05-21,2,乒乓球厅-7号,11:00-12:00,1,1,已售/已满,教学时间,多云,15,13,4,0.0,100,28
2026-05-21 02:00:53,2026-05-21,2,乒乓球厅-7号,11:00-12:00,1,1,已售/已满,教学时间,多云,15,12,4,0.0,100,28
2026-05-21 02:30:49,2026-05-21,2,乒乓球厅-7号,11:00-12:00,1,1,已售/已满,教学时间,多云,15,14,3,0.0,100,29
2026-05-21 03:00:55,2026-05-21,2,乒乓球厅-7号,11:00-12:00,1,1,已售/已满,教学时间,多云,15,12,4,0.0,100,29
2026-05-21 03:30:49,2026-05-21,2,乒乓球厅-7号,11:00-12:00,1,1,已售/已满,教学时间,多云,15,14,3,0.0,100,30
2026-05-21 04:30:45,2026-05-21,2,乒乓球厅-7号,11:00-12:00,1,1,已售/已满,教学时间,多云,15,12,4,0.0,100,29
2026-05-21 05:00:52,2026-05-21,2,乒乓球厅-7号,11:00-12:00,1,1,已售/已满,教学时间,多云,15,12,4,0.0,100,29
2026-05-21 05:30:49,2026-05-21,2,乒乓球厅-7号,11:00-12:00,1,1,已售/已满,教学时间,多云,15,13,3,0.0,100,28
2026-05-21 06:00:50,2026-05-21,2,乒乓球厅-7号,11:00-12:00,1,1,已售/已满,教学时间,多云,15,13,4,0.0,99,28
2026-05-21 06:30:38,2026-05-21,2,乒乓球厅-7号,11:00-12:00,1,1,已售/已满,教学时间,多云,15,13,3,0.0,97,28
2026-05-21 07:00:43,2026-05-21,2,乒乓球厅-7号,11:00-12:00,1,1,已售/已满,教学时间,晴,15,11,5,0.0,93,28
2026-05-21 07:30:39,2026-05-21,2,乒乓球厅-7号,11:00-12:00,1,1,已售/已满,教学时间,晴,17,13,4,0.0,89,29
2026-05-21 07:50:40,2026-05-21,2,乒乓球厅-7号,11:00-12:00,1,1,已售/已满,教学时间,晴,17,13,4,0.0,88,29
2026-05-21 07:53:31,2026-05-21,2,乒乓球厅-7号,11:00-12:00,1,1,已售/已满,教学时间,晴,17,12,5,0.0,86,29
2026-05-21 07:56:31,2026-05-21,2,乒乓球厅-7号,11:00-12:00,1,1,已售/已满,教学时间,晴,17,12,5,0.0,86,29
2026-05-21 07:59:26,2026-05-21,2,乒乓球厅-7号,11:00-12:00,1,1,已售/已满,教学时间,晴,17,12,5,0.0,86,29
2026-05-21 08:00:45,2026-05-21,2,乒乓球厅-7号,11:00-12:00,1,1,已售/已满,教学时间,晴,17,12,5,0.0,86,29
2026-05-21 08:02:30,2026-05-21,2,乒乓球厅-7号,11:00-12:00,1,1,已售/已满,教学时间,多云,17,12,5,0.0,87,29
2026-05-21 08:05:36,2026-05-21,2,乒乓球厅-7号,11:00-12:00,1,1,已售/已满,教学时间,多云,17,12,5,0.0,86,29
2026-05-21 08:08:31,2026-05-21,2,乒乓球厅-7号,11:00-12:00,1,1,已售/已满,教学时间,多云,17,12,5,0.0,86,29
2026-05-21 08:11:30,2026-05-21,2,乒乓球厅-7号,11:00-12:00,1,1,已售/已满,教学时间,多云,17,12,5,0.0,86,29
2026-05-21 08:14:31,2026-05-21,2,乒乓球厅-7号,11:00-12:00,1,1,已售/已满,教学时间,多云,17,12,5,0.0,86,29
2026-05-21 08:17:30,2026-05-21,2,乒乓球厅-7号,11:00-12:00,1,1,已售/已满,教学时间,多云,17,12,5,0.0,86,29
2026-05-21 08:20:35,2026-05-21,2,乒乓球厅-7号,11:00-12:00,1,1,已售/已满,教学时间,多云,17,14,4,0.0,85,29
2026-05-21 08:25:32,2026-05-21,2,乒乓球厅-7号,11:00-12:00,1,1,已售/已满,教学时间,多云,17,14,4,0.0,85,28
2026-05-21 08:30:42,2026-05-21,2,乒乓球厅-7号,11:00-12:00,1,1,已售/已满,教学时间,多云,18,15,4,0.0,84,28
2026-05-21 08:35:31,2026-05-21,2,乒乓球厅-7号,11:00-12:00,1,1,已售/已满,教学时间,多云,18,15,4,0.0,84,28
2026-05-21 08:40:38,2026-05-21,2,乒乓球厅-7号,11:00-12:00,1,1,已售/已满,教学时间,多云,18,15,4,0.0,82,28
2026-05-21 08:45:33,2026-05-21,2,乒乓球厅-7号,11:00-12:00,1,1,已售/已满,教学时间,多云,18,15,4,0.0,82,28
2026-05-21 08:50:36,2026-05-21,2,乒乓球厅-7号,11:00-12:00,1,1,已售/已满,教学时间,多云,18,15,4,0.0,82,28
2026-05-21 08:55:34,2026-05-21,2,乒乓球厅-7号,11:00-12:00,1,1,已售/已满,教学时间,多云,18,15,4,0.0,84,28
2026-05-21 09:00:51,2026-05-21,2,乒乓球厅-7号,11:00-12:00,1,1,已售/已满,教学时间,多云,18,15,4,0.0,84,28
2026-05-21 09:01:59,2026-05-21,2,乒乓球厅-7号,11:00-12:00,1,1,已售/已满,教学时间,多云,18,15,4,0.0,83,28
2026-05-21 09:05:33,2026-05-21,2,乒乓球厅-7号,11:00-12:00,1,1,已售/已满,教学时间,多云,18,15,4,0.0,83,28
2026-05-21 09:20:38,2026-05-21,2,乒乓球厅-7号,11:00-12:00,1,1,已售/已满,教学时间,多云,18,16,3,0.0,81,28
2026-05-21 09:30:46,2026-05-21,2,乒乓球厅-7号,11:00-12:00,1,1,已售/已满,教学时间,多云,18,16,3,0.0,81,32
2026-05-21 09:40:36,2026-05-21,2,乒乓球厅-7号,11:00-12:00,1,1,已售/已满,教学时间,多云,19,17,3,0.0,79,32
2026-05-21 09:50:42,2026-05-21,2,乒乓球厅-7号,11:00-12:00,1,1,已售/已满,教学时间,多云,19,17,4,0.0,81,32
2026-05-21 10:00:46,2026-05-21,2,乒乓球厅-7号,11:00-12:00,1,1,已售/已满,教学时间,多云,19,17,4,0.0,79,32
2026-05-21 10:10:40,2026-05-21,2,乒乓球厅-7号,11:00-12:00,1,1,已售/已满,教学时间,多云,19,17,4,0.0,79,32
2026-05-21 10:20:38,2026-05-21,2,乒乓球厅-7号,11:00-12:00,1,1,已售/已满,教学时间,多云,19,17,4,0.0,79,32
2026-05-21 10:30:41,2026-05-21,2,乒乓球厅-7号,11:00-12:00,1,1,已售/已满,教学时间,多云,19,18,3,0.0,78,31
2026-05-21 11:00:44,2026-05-21,2,乒乓球厅-7号,11:00-12:00,1,1,已售/已满,教学时间,多云,21,17,5,0.0,74,31
2026-05-21 11:30:38,2026-05-21,2,乒乓球厅-7号,11:00-12:00,1,1,已售/已满,教学时间,多云,21,19,3,0.0,72,33
2026-05-21 12:00:46,2026-05-21,2,乒乓球厅-7号,11:00-12:00,1,1,已售/已满,教学时间,多云,22,19,4,0.0,70,33
2026-05-21 12:30:42,2026-05-21,2,乒乓球厅-7号,11:00-12:00,1,1,已售/已满,教学时间,多云,22,21,3,0.0,68,35
2026-05-21 13:00:43,2026-05-21,2,乒乓球厅-7号,11:00-12:00,1,1,已售/已满,教学时间,多云,24,22,4,0.0,66,35
2026-05-21 13:30:43,2026-05-21,2,乒乓球厅-7号,11:00-12:00,1,1,已售/已满,教学时间,多云,24,22,4,0.0,66,36
2026-05-21 14:00:48,2026-05-21,2,乒乓球厅-7号,11:00-12:00,1,1,已售/已满,教学时间,多云,25,23,4,0.0,66,36
2026-05-21 14:30:45,2026-05-21,2,乒乓球厅-7号,11:00-12:00,1,1,已售/已满,教学时间,晴,25,25,3,0.0,65,39
2026-05-21 15:00:45,2026-05-21,2,乒乓球厅-7号,11:00-12:00,1,1,已售/已满,教学时间,晴,25,22,4,0.0,56,39
2026-05-21 15:30:43,2026-05-21,2,乒乓球厅-7号,11:00-12:00,1,1,已售/已满,教学时间,晴,25,23,4,0.0,57,40
2026-05-21 16:00:51,2026-05-21,2,乒乓球厅-7号,11:00-12:00,1,1,已售/已满,教学时间,晴,25,23,4,0.0,57,40
2026-05-21 16:30:48,2026-05-21,2,乒乓球厅-7号,11:00-12:00,1,1,已售/已满,教学时间,晴,25,24,3,0.0,60,39
2026-05-21 17:00:49,2026-05-21,2,乒乓球厅-7号,11:00-12:00,1,1,已售/已满,教学时间,晴,25,24,4,0.0,61,39
2026-05-21 17:30:47,2026-05-21,2,乒乓球厅-7号,11:00-12:00,1,1,已售/已满,教学时间,多云,24,23,3,0.0,64,39
2026-05-21 18:00:50,2026-05-21,2,乒乓球厅-7号,11:00-12:00,1,1,已售/已满,教学时间,多云,24,23,3,0.0,68,39
2026-05-21 18:30:50,2026-05-21,2,乒乓球厅-7号,11:00-12:00,1,1,已售/已满,教学时间,阴,24,25,2,0.0,68,40
2026-05-21 19:00:50,2026-05-21,2,乒乓球厅-7号,11:00-12:00,1,1,已售/已满,教学时间,阴,23,23,3,0.0,76,40
2026-05-21 19:30:46,2026-05-21,2,乒乓球厅-7号,11:00-12:00,1,1,已售/已满,教学时间,阴,23,24,2,0.0,77,39
2026-05-21 20:00:49,2026-05-21,2,乒乓球厅-7号,11:00-12:00,1,1,已售/已满,教学时间,雾,22,23,2,0.0,89,39
2026-05-21 20:30:44,2026-05-21,2,乒乓球厅-7号,11:00-12:00,1,1,已售/已满,教学时间,雾,22,24,2,0.0,93,43
2026-05-21 21:00:56,2026-05-21,2,乒乓球厅-7号,11:00-12:00,1,1,已售/已满,教学时间,雾,20,21,2,0.0,98,43
2026-05-21 21:30:46,2026-05-21,2,乒乓球厅-7号,11:00-12:00,1,1,已售/已满,教学时间,雾,20,22,1,0.0,99,41
2026-05-21 22:01:02,2026-05-21,2,乒乓球厅-7号,11:00-12:00,1,1,已售/已满,教学时间,雾,19,20,2,0.0,93,41
2026-05-21 22:30:47,2026-05-21,2,乒乓球厅-7号,11:00-12:00,1,1,已售/已满,教学时间,雾,19,19,3,0.0,88,46
2026-05-21 23:00:56,2026-05-21,2,乒乓球厅-7号,11:00-12:00,1,1,已售/已满,教学时间,多云,18,17,3,0.0,85,46
2026-05-21 23:30:55,2026-05-21,2,乒乓球厅-7号,11:00-12:00,1,1,已售/已满,教学时间,多云,18,17,3,0.0,85,48
2026-05-21 00:30:49,2026-05-21,2,乒乓球厅-7号,12:00-12:55,0,1,可预约,￥0.0,多云,15,13,3,0.0,100,26
2026-05-21 01:00:55,2026-05-21,2,乒乓球厅-7号,12:00-12:55,0,1,可预约,￥0.0,多云,15,12,4,0.0,100,26
2026-05-21 01:30:47,2026-05-21,2,乒乓球厅-7号,12:00-12:55,0,1,可预约,￥0.0,多云,15,13,4,0.0,100,28
2026-05-21 02:00:53,2026-05-21,2,乒乓球厅-7号,12:00-12:55,0,1,可预约,￥0.0,多云,15,12,4,0.0,100,28
2026-05-21 02:30:49,2026-05-21,2,乒乓球厅-7号,12:00-12:55,0,1,可预约,￥0.0,多云,15,14,3,0.0,100,29
2026-05-21 03:00:55,2026-05-21,2,乒乓球厅-7号,12:00-12:55,0,1,可预约,￥0.0,多云,15,12,4,0.0,100,29
2026-05-21 03:30:49,2026-05-21,2,乒乓球厅-7号,12:00-12:55,0,1,可预约,￥0.0,多云,15,14,3,0.0,100,30
2026-05-21 04:30:45,2026-05-21,2,乒乓球厅-7号,12:00-12:55,0,1,可预约,￥0.0,多云,15,12,4,0.0,100,29
2026-05-21 05:00:52,2026-05-21,2,乒乓球厅-7号,12:00-12:55,0,1,可预约,￥0.0,多云,15,12,4,0.0,100,29
2026-05-21 05:30:49,2026-05-21,2,乒乓球厅-7号,12:00-12:55,0,1,可预约,￥0.0,多云,15,13,3,0.0,100,28
2026-05-21 06:00:50,2026-05-21,2,乒乓球厅-7号,12:00-12:55,0,1,可预约,￥0.0,多云,15,13,4,0.0,99,28
2026-05-21 06:30:38,2026-05-21,2,乒乓球厅-7号,12:00-12:55,0,1,可预约,￥0.0,多云,15,13,3,0.0,97,28
2026-05-21 07:00:43,2026-05-21,2,乒乓球厅-7号,12:00-12:55,0,1,可预约,￥0.0,晴,15,11,5,0.0,93,28
2026-05-21 07:30:39,2026-05-21,2,乒乓球厅-7号,12:00-12:55,0,1,可预约,￥0.0,晴,17,13,4,0.0,89,29
2026-05-21 07:50:40,2026-05-21,2,乒乓球厅-7号,12:00-12:55,0,1,可预约,￥0.0,晴,17,13,4,0.0,88,29
2026-05-21 07:53:31,2026-05-21,2,乒乓球厅-7号,12:00-12:55,0,1,可预约,￥0.0,晴,17,12,5,0.0,86,29
2026-05-21 07:56:31,2026-05-21,2,乒乓球厅-7号,12:00-12:55,0,1,可预约,￥0.0,晴,17,12,5,0.0,86,29
2026-05-21 07:59:26,2026-05-21,2,乒乓球厅-7号,12:00-12:55,0,1,可预约,￥0.0,晴,17,12,5,0.0,86,29
2026-05-21 08:00:45,2026-05-21,2,乒乓球厅-7号,12:00-12:55,0,1,可预约,￥0.0,晴,17,12,5,0.0,86,29
2026-05-21 08:02:30,2026-05-21,2,乒乓球厅-7号,12:00-12:55,0,1,可预约,￥0.0,多云,17,12,5,0.0,87,29
2026-05-21 08:05:36,2026-05-21,2,乒乓球厅-7号,12:00-12:55,0,1,可预约,￥0.0,多云,17,12,5,0.0,86,29
2026-05-21 08:08:31,2026-05-21,2,乒乓球厅-7号,12:00-12:55,0,1,可预约,￥0.0,多云,17,12,5,0.0,86,29
2026-05-21 08:11:30,2026-05-21,2,乒乓球厅-7号,12:00-12:55,0,1,可预约,￥0.0,多云,17,12,5,0.0,86,29
2026-05-21 08:14:31,2026-05-21,2,乒乓球厅-7号,12:00-12:55,0,1,可预约,￥0.0,多云,17,12,5,0.0,86,29
2026-05-21 08:17:30,2026-05-21,2,乒乓球厅-7号,12:00-12:55,0,1,可预约,￥0.0,多云,17,12,5,0.0,86,29
2026-05-21 08:20:35,2026-05-21,2,乒乓球厅-7号,12:00-12:55,0,1,可预约,￥0.0,多云,17,14,4,0.0,85,29
2026-05-21 08:25:32,2026-05-21,2,乒乓球厅-7号,12:00-12:55,0,1,可预约,￥0.0,多云,17,14,4,0.0,85,28
2026-05-21 08:30:42,2026-05-21,2,乒乓球厅-7号,12:00-12:55,0,1,可预约,￥0.0,多云,18,15,4,0.0,84,28
2026-05-21 08:35:31,2026-05-21,2,乒乓球厅-7号,12:00-12:55,0,1,可预约,￥0.0,多云,18,15,4,0.0,84,28
2026-05-21 08:40:38,2026-05-21,2,乒乓球厅-7号,12:00-12:55,0,1,可预约,￥0.0,多云,18,15,4,0.0,82,28
2026-05-21 08:45:33,2026-05-21,2,乒乓球厅-7号,12:00-12:55,0,1,可预约,￥0.0,多云,18,15,4,0.0,82,28
2026-05-21 08:50:36,2026-05-21,2,乒乓球厅-7号,12:00-12:55,0,1,可预约,￥0.0,多云,18,15,4,0.0,82,28
2026-05-21 08:55:34,2026-05-21,2,乒乓球厅-7号,12:00-12:55,0,1,可预约,￥0.0,多云,18,15,4,0.0,84,28
2026-05-21 09:00:51,2026-05-21,2,乒乓球厅-7号,12:00-12:55,0,1,可预约,￥0.0,多云,18,15,4,0.0,84,28
2026-05-21 09:01:59,2026-05-21,2,乒乓球厅-7号,12:00-12:55,0,1,可预约,￥0.0,多云,18,15,4,0.0,83,28
2026-05-21 09:05:33,2026-05-21,2,乒乓球厅-7号,12:00-12:55,0,1,可预约,￥0.0,多云,18,15,4,0.0,83,28
2026-05-21 09:20:38,2026-05-21,2,乒乓球厅-7号,12:00-12:55,0,1,可预约,￥0.0,多云,18,16,3,0.0,81,28
2026-05-21 09:30:46,2026-05-21,2,乒乓球厅-7号,12:00-12:55,0,1,可预约,￥0.0,多云,18,16,3,0.0,81,32
2026-05-21 09:40:36,2026-05-21,2,乒乓球厅-7号,12:00-12:55,0,1,可预约,￥0.0,多云,19,17,3,0.0,79,32
2026-05-21 09:50:42,2026-05-21,2,乒乓球厅-7号,12:00-12:55,0,1,可预约,￥0.0,多云,19,17,4,0.0,81,32
2026-05-21 10:00:46,2026-05-21,2,乒乓球厅-7号,12:00-12:55,0,1,可预约,￥0.0,多云,19,17,4,0.0,79,32
2026-05-21 10:10:40,2026-05-21,2,乒乓球厅-7号,12:00-12:55,0,1,可预约,￥0.0,多云,19,17,4,0.0,79,32
2026-05-21 10:20:38,2026-05-21,2,乒乓球厅-7号,12:00-12:55,0,1,可预约,￥0.0,多云,19,17,4,0.0,79,32
2026-05-21 10:30:41,2026-05-21,2,乒乓球厅-7号,12:00-12:55,0,1,可预约,￥0.0,多云,19,18,3,0.0,78,31
2026-05-21 11:00:44,2026-05-21,2,乒乓球厅-7号,12:00-12:55,1,1,已售/已满,已售,多云,21,17,5,0.0,74,31
2026-05-21 11:30:38,2026-05-21,2,乒乓球厅-7号,12:00-12:55,1,1,已售/已满,已售,多云,21,19,3,0.0,72,33
2026-05-21 12:00:46,2026-05-21,2,乒乓球厅-7号,12:00-12:55,1,1,已售/已满,已售,多云,22,19,4,0.0,70,33
2026-05-21 12:30:42,2026-05-21,2,乒乓球厅-7号,12:00-12:55,1,1,已售/已满,已售,多云,22,21,3,0.0,68,35
2026-05-21 13:00:43,2026-05-21,2,乒乓球厅-7号,12:00-12:55,1,1,已售/已满,已售,多云,24,22,4,0.0,66,35
2026-05-21 13:30:43,2026-05-21,2,乒乓球厅-7号,12:00-12:55,1,1,已售/已满,已售,多云,24,22,4,0.0,66,36
2026-05-21 14:00:48,2026-05-21,2,乒乓球厅-7号,12:00-12:55,1,1,已售/已满,已售,多云,25,23,4,0.0,66,36
2026-05-21 14:30:45,2026-05-21,2,乒乓球厅-7号,12:00-12:55,1,1,已售/已满,已售,晴,25,25,3,0.0,65,39
2026-05-21 15:00:45,2026-05-21,2,乒乓球厅-7号,12:00-12:55,1,1,已售/已满,已售,晴,25,22,4,0.0,56,39
2026-05-21 15:30:43,2026-05-21,2,乒乓球厅-7号,12:00-12:55,1,1,已售/已满,已售,晴,25,23,4,0.0,57,40
2026-05-21 16:00:51,2026-05-21,2,乒乓球厅-7号,12:00-12:55,1,1,已售/已满,已售,晴,25,23,4,0.0,57,40
2026-05-21 16:30:48,2026-05-21,2,乒乓球厅-7号,12:00-12:55,1,1,已售/已满,已售,晴,25,24,3,0.0,60,39
2026-05-21 17:00:49,2026-05-21,2,乒乓球厅-7号,12:00-12:55,1,1,已售/已满,已售,晴,25,24,4,0.0,61,39
2026-05-21 17:30:47,2026-05-21,2,乒乓球厅-7号,12:00-12:55,1,1,已售/已满,已售,多云,24,23,3,0.0,64,39
2026-05-21 18:00:50,2026-05-21,2,乒乓球厅-7号,12:00-12:55,1,1,已售/已满,已售,多云,24,23,3,0.0,68,39
2026-05-21 18:30:50,2026-05-21,2,乒乓球厅-7号,12:00-12:55,1,1,已售/已满,已售,阴,24,25,2,0.0,68,40
2026-05-21 19:00:50,2026-05-21,2,乒乓球厅-7号,12:00-12:55,1,1,已售/已满,已售,阴,23,23,3,0.0,76,40
2026-05-21 19:30:46,2026-05-21,2,乒乓球厅-7号,12:00-12:55,1,1,已售/已满,已售,阴,23,24,2,0.0,77,39
2026-05-21 20:00:49,2026-05-21,2,乒乓球厅-7号,12:00-12:55,1,1,已售/已满,已售,雾,22,23,2,0.0,89,39
2026-05-21 20:30:44,2026-05-21,2,乒乓球厅-7号,12:00-12:55,1,1,已售/已满,已售,雾,22,24,2,0.0,93,43
2026-05-21 21:00:56,2026-05-21,2,乒乓球厅-7号,12:00-12:55,1,1,已售/已满,已售,雾,20,21,2,0.0,98,43
2026-05-21 21:30:46,2026-05-21,2,乒乓球厅-7号,12:00-12:55,1,1,已售/已满,已售,雾,20,22,1,0.0,99,41
2026-05-21 22:01:02,2026-05-21,2,乒乓球厅-7号,12:00-12:55,1,1,已售/已满,已售,雾,19,20,2,0.0,93,41
2026-05-21 22:30:47,2026-05-21,2,乒乓球厅-7号,12:00-12:55,1,1,已售/已满,已售,雾,19,19,3,0.0,88,46
2026-05-21 23:00:56,2026-05-21,2,乒乓球厅-7号,12:00-12:55,1,1,已售/已满,已售,多云,18,17,3,0.0,85,46
2026-05-21 23:30:55,2026-05-21,2,乒乓球厅-7号,12:00-12:55,1,1,已售/已满,已售,多云,18,17,3,0.0,85,48
2026-05-21 00:30:49,2026-05-21,2,乒乓球厅-7号,12:55-13:50,0,1,可预约,￥0.0,多云,15,13,3,0.0,100,26
2026-05-21 01:00:55,2026-05-21,2,乒乓球厅-7号,12:55-13:50,0,1,可预约,￥0.0,多云,15,12,4,0.0,100,26
2026-05-21 01:30:47,2026-05-21,2,乒乓球厅-7号,12:55-13:50,0,1,可预约,￥0.0,多云,15,13,4,0.0,100,28
2026-05-21 02:00:53,2026-05-21,2,乒乓球厅-7号,12:55-13:50,0,1,可预约,￥0.0,多云,15,12,4,0.0,100,28
2026-05-21 02:30:49,2026-05-21,2,乒乓球厅-7号,12:55-13:50,0,1,可预约,￥0.0,多云,15,14,3,0.0,100,29
2026-05-21 03:00:55,2026-05-21,2,乒乓球厅-7号,12:55-13:50,0,1,可预约,￥0.0,多云,15,12,4,0.0,100,29
2026-05-21 03:30:49,2026-05-21,2,乒乓球厅-7号,12:55-13:50,0,1,可预约,￥0.0,多云,15,14,3,0.0,100,30
2026-05-21 04:30:45,2026-05-21,2,乒乓球厅-7号,12:55-13:50,0,1,可预约,￥0.0,多云,15,12,4,0.0,100,29
2026-05-21 05:00:52,2026-05-21,2,乒乓球厅-7号,12:55-13:50,0,1,可预约,￥0.0,多云,15,12,4,0.0,100,29
2026-05-21 05:30:49,2026-05-21,2,乒乓球厅-7号,12:55-13:50,0,1,可预约,￥0.0,多云,15,13,3,0.0,100,28
2026-05-21 06:00:50,2026-05-21,2,乒乓球厅-7号,12:55-13:50,0,1,可预约,￥0.0,多云,15,13,4,0.0,99,28
2026-05-21 06:30:38,2026-05-21,2,乒乓球厅-7号,12:55-13:50,0,1,可预约,￥0.0,多云,15,13,3,0.0,97,28
2026-05-21 07:00:43,2026-05-21,2,乒乓球厅-7号,12:55-13:50,0,1,可预约,￥0.0,晴,15,11,5,0.0,93,28
2026-05-21 07:30:39,2026-05-21,2,乒乓球厅-7号,12:55-13:50,0,1,可预约,￥0.0,晴,17,13,4,0.0,89,29
2026-05-21 07:50:40,2026-05-21,2,乒乓球厅-7号,12:55-13:50,0,1,可预约,￥0.0,晴,17,13,4,0.0,88,29
2026-05-21 07:53:31,2026-05-21,2,乒乓球厅-7号,12:55-13:50,0,1,可预约,￥0.0,晴,17,12,5,0.0,86,29
2026-05-21 07:56:31,2026-05-21,2,乒乓球厅-7号,12:55-13:50,0,1,可预约,￥0.0,晴,17,12,5,0.0,86,29
2026-05-21 07:59:26,2026-05-21,2,乒乓球厅-7号,12:55-13:50,0,1,可预约,￥0.0,晴,17,12,5,0.0,86,29
2026-05-21 08:00:45,2026-05-21,2,乒乓球厅-7号,12:55-13:50,0,1,可预约,￥0.0,晴,17,12,5,0.0,86,29
2026-05-21 08:02:30,2026-05-21,2,乒乓球厅-7号,12:55-13:50,0,1,可预约,￥0.0,多云,17,12,5,0.0,87,29
2026-05-21 08:05:36,2026-05-21,2,乒乓球厅-7号,12:55-13:50,0,1,可预约,￥0.0,多云,17,12,5,0.0,86,29
2026-05-21 08:08:31,2026-05-21,2,乒乓球厅-7号,12:55-13:50,0,1,可预约,￥0.0,多云,17,12,5,0.0,86,29
2026-05-21 08:11:30,2026-05-21,2,乒乓球厅-7号,12:55-13:50,0,1,可预约,￥0.0,多云,17,12,5,0.0,86,29
2026-05-21 08:14:31,2026-05-21,2,乒乓球厅-7号,12:55-13:50,0,1,可预约,￥0.0,多云,17,12,5,0.0,86,29
2026-05-21 08:17:30,2026-05-21,2,乒乓球厅-7号,12:55-13:50,0,1,可预约,￥0.0,多云,17,12,5,0.0,86,29
2026-05-21 08:20:35,2026-05-21,2,乒乓球厅-7号,12:55-13:50,0,1,可预约,￥0.0,多云,17,14,4,0.0,85,29
2026-05-21 08:25:32,2026-05-21,2,乒乓球厅-7号,12:55-13:50,0,1,可预约,￥0.0,多云,17,14,4,0.0,85,28
2026-05-21 08:30:42,2026-05-21,2,乒乓球厅-7号,12:55-13:50,0,1,可预约,￥0.0,多云,18,15,4,0.0,84,28
2026-05-21 08:35:31,2026-05-21,2,乒乓球厅-7号,12:55-13:50,0,1,可预约,￥0.0,多云,18,15,4,0.0,84,28
2026-05-21 08:40:38,2026-05-21,2,乒乓球厅-7号,12:55-13:50,0,1,可预约,￥0.0,多云,18,15,4,0.0,82,28
2026-05-21 08:45:33,2026-05-21,2,乒乓球厅-7号,12:55-13:50,0,1,可预约,￥0.0,多云,18,15,4,0.0,82,28
2026-05-21 08:50:36,2026-05-21,2,乒乓球厅-7号,12:55-13:50,0,1,可预约,￥0.0,多云,18,15,4,0.0,82,28
2026-05-21 08:55:34,2026-05-21,2,乒乓球厅-7号,12:55-13:50,0,1,可预约,￥0.0,多云,18,15,4,0.0,84,28
2026-05-21 09:00:51,2026-05-21,2,乒乓球厅-7号,12:55-13:50,0,1,可预约,￥0.0,多云,18,15,4,0.0,84,28
2026-05-21 09:01:59,2026-05-21,2,乒乓球厅-7号,12:55-13:50,0,1,可预约,￥0.0,多云,18,15,4,0.0,83,28
2026-05-21 09:05:33,2026-05-21,2,乒乓球厅-7号,12:55-13:50,0,1,可预约,￥0.0,多云,18,15,4,0.0,83,28
2026-05-21 09:20:38,2026-05-21,2,乒乓球厅-7号,12:55-13:50,0,1,可预约,￥0.0,多云,18,16,3,0.0,81,28
2026-05-21 09:30:46,2026-05-21,2,乒乓球厅-7号,12:55-13:50,0,1,可预约,￥0.0,多云,18,16,3,0.0,81,32
2026-05-21 09:40:36,2026-05-21,2,乒乓球厅-7号,12:55-13:50,0,1,可预约,￥0.0,多云,19,17,3,0.0,79,32
2026-05-21 09:50:42,2026-05-21,2,乒乓球厅-7号,12:55-13:50,0,1,可预约,￥0.0,多云,19,17,4,0.0,81,32
2026-05-21 10:00:46,2026-05-21,2,乒乓球厅-7号,12:55-13:50,0,1,可预约,￥0.0,多云,19,17,4,0.0,79,32
2026-05-21 10:10:40,2026-05-21,2,乒乓球厅-7号,12:55-13:50,0,1,可预约,￥0.0,多云,19,17,4,0.0,79,32
2026-05-21 10:20:38,2026-05-21,2,乒乓球厅-7号,12:55-13:50,0,1,可预约,￥0.0,多云,19,17,4,0.0,79,32
2026-05-21 10:30:41,2026-05-21,2,乒乓球厅-7号,12:55-13:50,0,1,可预约,￥0.0,多云,19,18,3,0.0,78,31
2026-05-21 11:00:44,2026-05-21,2,乒乓球厅-7号,12:55-13:50,0,1,可预约,￥0.0,多云,21,17,5,0.0,74,31
2026-05-21 11:30:38,2026-05-21,2,乒乓球厅-7号,12:55-13:50,0,1,可预约,￥0.0,多云,21,19,3,0.0,72,33
2026-05-21 12:00:46,2026-05-21,2,乒乓球厅-7号,12:55-13:50,0,1,可预约,￥0.0,多云,22,19,4,0.0,70,33
2026-05-21 12:30:42,2026-05-21,2,乒乓球厅-7号,12:55-13:50,0,1,可预约,￥0.0,多云,22,21,3,0.0,68,35
2026-05-21 13:00:43,2026-05-21,2,乒乓球厅-7号,12:55-13:50,0,1,可预约,￥0.0,多云,24,22,4,0.0,66,35
2026-05-21 13:30:43,2026-05-21,2,乒乓球厅-7号,12:55-13:50,0,1,可预约,￥0.0,多云,24,22,4,0.0,66,36
2026-05-21 14:00:48,2026-05-21,2,乒乓球厅-7号,12:55-13:50,0,1,不开放/已过期,,多云,25,23,4,0.0,66,36
2026-05-21 14:30:45,2026-05-21,2,乒乓球厅-7号,12:55-13:50,0,1,不开放/已过期,,晴,25,25,3,0.0,65,39
2026-05-21 15:00:45,2026-05-21,2,乒乓球厅-7号,12:55-13:50,0,1,不开放/已过期,,晴,25,22,4,0.0,56,39
2026-05-21 15:30:43,2026-05-21,2,乒乓球厅-7号,12:55-13:50,0,1,不开放/已过期,,晴,25,23,4,0.0,57,40
2026-05-21 16:00:51,2026-05-21,2,乒乓球厅-7号,12:55-13:50,0,1,不开放/已过期,,晴,25,23,4,0.0,57,40
2026-05-21 16:30:48,2026-05-21,2,乒乓球厅-7号,12:55-13:50,0,1,不开放/已过期,,晴,25,24,3,0.0,60,39
2026-05-21 17:00:49,2026-05-21,2,乒乓球厅-7号,12:55-13:50,0,1,不开放/已过期,,晴,25,24,4,0.0,61,39
2026-05-21 17:30:47,2026-05-21,2,乒乓球厅-7号,12:55-13:50,0,1,不开放/已过期,,多云,24,23,3,0.0,64,39
2026-05-21 18:00:50,2026-05-21,2,乒乓球厅-7号,12:55-13:50,0,1,不开放/已过期,,多云,24,23,3,0.0,68,39
2026-05-21 18:30:50,2026-05-21,2,乒乓球厅-7号,12:55-13:50,0,1,不开放/已过期,,阴,24,25,2,0.0,68,40
2026-05-21 19:00:50,2026-05-21,2,乒乓球厅-7号,12:55-13:50,0,1,不开放/已过期,,阴,23,23,3,0.0,76,40
2026-05-21 19:30:46,2026-05-21,2,乒乓球厅-7号,12:55-13:50,0,1,不开放/已过期,,阴,23,24,2,0.0,77,39
2026-05-21 20:00:49,2026-05-21,2,乒乓球厅-7号,12:55-13:50,0,1,不开放/已过期,,雾,22,23,2,0.0,89,39
2026-05-21 20:30:44,2026-05-21,2,乒乓球厅-7号,12:55-13:50,0,1,不开放/已过期,,雾,22,24,2,0.0,93,43
2026-05-21 21:00:56,2026-05-21,2,乒乓球厅-7号,12:55-13:50,0,1,不开放/已过期,,雾,20,21,2,0.0,98,43
2026-05-21 21:30:46,2026-05-21,2,乒乓球厅-7号,12:55-13:50,0,1,不开放/已过期,,雾,20,22,1,0.0,99,41
2026-05-21 22:01:02,2026-05-21,2,乒乓球厅-7号,12:55-13:50,0,1,不开放/已过期,,雾,19,20,2,0.0,93,41
2026-05-21 22:30:47,2026-05-21,2,乒乓球厅-7号,12:55-13:50,0,1,不开放/已过期,,雾,19,19,3,0.0,88,46
2026-05-21 23:00:56,2026-05-21,2,乒乓球厅-7号,12:55-13:50,0,1,不开放/已过期,,多云,18,17,3,0.0,85,46
2026-05-21 23:30:55,2026-05-21,2,乒乓球厅-7号,12:55-13:50,0,1,不开放/已过期,,多云,18,17,3,0.0,85,48
2026-05-21 00:30:49,2026-05-21,2,乒乓球厅-7号,14:00-15:00,0,1,可预约,￥5.0,多云,15,13,3,0.0,100,26
2026-05-21 01:00:55,2026-05-21,2,乒乓球厅-7号,14:00-15:00,0,1,可预约,￥5.0,多云,15,12,4,0.0,100,26
2026-05-21 01:30:47,2026-05-21,2,乒乓球厅-7号,14:00-15:00,0,1,可预约,￥5.0,多云,15,13,4,0.0,100,28
2026-05-21 02:00:53,2026-05-21,2,乒乓球厅-7号,14:00-15:00,0,1,可预约,￥5.0,多云,15,12,4,0.0,100,28
2026-05-21 02:30:49,2026-05-21,2,乒乓球厅-7号,14:00-15:00,0,1,可预约,￥5.0,多云,15,14,3,0.0,100,29
2026-05-21 03:00:55,2026-05-21,2,乒乓球厅-7号,14:00-15:00,0,1,可预约,￥5.0,多云,15,12,4,0.0,100,29
2026-05-21 03:30:49,2026-05-21,2,乒乓球厅-7号,14:00-15:00,0,1,可预约,￥5.0,多云,15,14,3,0.0,100,30
2026-05-21 04:30:45,2026-05-21,2,乒乓球厅-7号,14:00-15:00,0,1,可预约,￥5.0,多云,15,12,4,0.0,100,29
2026-05-21 05:00:52,2026-05-21,2,乒乓球厅-7号,14:00-15:00,0,1,可预约,￥5.0,多云,15,12,4,0.0,100,29
2026-05-21 05:30:49,2026-05-21,2,乒乓球厅-7号,14:00-15:00,0,1,可预约,￥5.0,多云,15,13,3,0.0,100,28
2026-05-21 06:00:50,2026-05-21,2,乒乓球厅-7号,14:00-15:00,0,1,可预约,￥5.0,多云,15,13,4,0.0,99,28
2026-05-21 06:30:38,2026-05-21,2,乒乓球厅-7号,14:00-15:00,0,1,可预约,￥5.0,多云,15,13,3,0.0,97,28
2026-05-21 07:00:43,2026-05-21,2,乒乓球厅-7号,14:00-15:00,0,1,可预约,￥5.0,晴,15,11,5,0.0,93,28
2026-05-21 07:30:39,2026-05-21,2,乒乓球厅-7号,14:00-15:00,0,1,可预约,￥5.0,晴,17,13,4,0.0,89,29
2026-05-21 07:50:40,2026-05-21,2,乒乓球厅-7号,14:00-15:00,0,1,可预约,￥5.0,晴,17,13,4,0.0,88,29
2026-05-21 07:53:31,2026-05-21,2,乒乓球厅-7号,14:00-15:00,0,1,可预约,￥5.0,晴,17,12,5,0.0,86,29
2026-05-21 07:56:31,2026-05-21,2,乒乓球厅-7号,14:00-15:00,0,1,可预约,￥5.0,晴,17,12,5,0.0,86,29
2026-05-21 07:59:26,2026-05-21,2,乒乓球厅-7号,14:00-15:00,0,1,可预约,￥5.0,晴,17,12,5,0.0,86,29
2026-05-21 08:00:45,2026-05-21,2,乒乓球厅-7号,14:00-15:00,0,1,可预约,￥5.0,晴,17,12,5,0.0,86,29
2026-05-21 08:02:30,2026-05-21,2,乒乓球厅-7号,14:00-15:00,0,1,可预约,￥5.0,多云,17,12,5,0.0,87,29
2026-05-21 08:05:36,2026-05-21,2,乒乓球厅-7号,14:00-15:00,0,1,可预约,￥5.0,多云,17,12,5,0.0,86,29
2026-05-21 08:08:31,2026-05-21,2,乒乓球厅-7号,14:00-15:00,0,1,可预约,￥5.0,多云,17,12,5,0.0,86,29
2026-05-21 08:11:30,2026-05-21,2,乒乓球厅-7号,14:00-15:00,0,1,可预约,￥5.0,多云,17,12,5,0.0,86,29
2026-05-21 08:14:31,2026-05-21,2,乒乓球厅-7号,14:00-15:00,0,1,可预约,￥5.0,多云,17,12,5,0.0,86,29
2026-05-21 08:17:30,2026-05-21,2,乒乓球厅-7号,14:00-15:00,0,1,可预约,￥5.0,多云,17,12,5,0.0,86,29
2026-05-21 08:20:35,2026-05-21,2,乒乓球厅-7号,14:00-15:00,0,1,可预约,￥5.0,多云,17,14,4,0.0,85,29
2026-05-21 08:25:32,2026-05-21,2,乒乓球厅-7号,14:00-15:00,0,1,可预约,￥5.0,多云,17,14,4,0.0,85,28
2026-05-21 08:30:42,2026-05-21,2,乒乓球厅-7号,14:00-15:00,0,1,可预约,￥5.0,多云,18,15,4,0.0,84,28
2026-05-21 08:35:31,2026-05-21,2,乒乓球厅-7号,14:00-15:00,0,1,可预约,￥5.0,多云,18,15,4,0.0,84,28
2026-05-21 08:40:38,2026-05-21,2,乒乓球厅-7号,14:00-15:00,0,1,可预约,￥5.0,多云,18,15,4,0.0,82,28
2026-05-21 08:45:33,2026-05-21,2,乒乓球厅-7号,14:00-15:00,0,1,可预约,￥5.0,多云,18,15,4,0.0,82,28
2026-05-21 08:50:36,2026-05-21,2,乒乓球厅-7号,14:00-15:00,0,1,可预约,￥5.0,多云,18,15,4,0.0,82,28
2026-05-21 08:55:34,2026-05-21,2,乒乓球厅-7号,14:00-15:00,0,1,可预约,￥5.0,多云,18,15,4,0.0,84,28
2026-05-21 09:00:51,2026-05-21,2,乒乓球厅-7号,14:00-15:00,0,1,可预约,￥5.0,多云,18,15,4,0.0,84,28
2026-05-21 09:01:59,2026-05-21,2,乒乓球厅-7号,14:00-15:00,0,1,可预约,￥5.0,多云,18,15,4,0.0,83,28
2026-05-21 09:05:33,2026-05-21,2,乒乓球厅-7号,14:00-15:00,0,1,可预约,￥5.0,多云,18,15,4,0.0,83,28
2026-05-21 09:20:38,2026-05-21,2,乒乓球厅-7号,14:00-15:00,0,1,可预约,￥5.0,多云,18,16,3,0.0,81,28
2026-05-21 09:30:46,2026-05-21,2,乒乓球厅-7号,14:00-15:00,0,1,可预约,￥5.0,多云,18,16,3,0.0,81,32
2026-05-21 09:40:36,2026-05-21,2,乒乓球厅-7号,14:00-15:00,0,1,可预约,￥5.0,多云,19,17,3,0.0,79,32
2026-05-21 09:50:42,2026-05-21,2,乒乓球厅-7号,14:00-15:00,0,1,可预约,￥5.0,多云,19,17,4,0.0,81,32
2026-05-21 10:00:46,2026-05-21,2,乒乓球厅-7号,14:00-15:00,0,1,可预约,￥5.0,多云,19,17,4,0.0,79,32
2026-05-21 10:10:40,2026-05-21,2,乒乓球厅-7号,14:00-15:00,0,1,可预约,￥5.0,多云,19,17,4,0.0,79,32
2026-05-21 10:20:38,2026-05-21,2,乒乓球厅-7号,14:00-15:00,0,1,可预约,￥5.0,多云,19,17,4,0.0,79,32
2026-05-21 10:30:41,2026-05-21,2,乒乓球厅-7号,14:00-15:00,0,1,可预约,￥5.0,多云,19,18,3,0.0,78,31
2026-05-21 11:00:44,2026-05-21,2,乒乓球厅-7号,14:00-15:00,0,1,可预约,￥5.0,多云,21,17,5,0.0,74,31
2026-05-21 11:30:38,2026-05-21,2,乒乓球厅-7号,14:00-15:00,0,1,可预约,￥5.0,多云,21,19,3,0.0,72,33
2026-05-21 12:00:46,2026-05-21,2,乒乓球厅-7号,14:00-15:00,0,1,可预约,￥5.0,多云,22,19,4,0.0,70,33
2026-05-21 12:30:42,2026-05-21,2,乒乓球厅-7号,14:00-15:00,0,1,可预约,￥5.0,多云,22,21,3,0.0,68,35
2026-05-21 13:00:43,2026-05-21,2,乒乓球厅-7号,14:00-15:00,0,1,可预约,￥5.0,多云,24,22,4,0.0,66,35
2026-05-21 13:30:43,2026-05-21,2,乒乓球厅-7号,14:00-15:00,0,1,可预约,￥5.0,多云,24,22,4,0.0,66,36
2026-05-21 14:00:48,2026-05-21,2,乒乓球厅-7号,14:00-15:00,0,1,可预约,￥5.0,多云,25,23,4,0.0,66,36
2026-05-21 14:30:45,2026-05-21,2,乒乓球厅-7号,14:00-15:00,0,1,可预约,￥5.0,晴,25,25,3,0.0,65,39
2026-05-21 15:00:45,2026-05-21,2,乒乓球厅-7号,14:00-15:00,0,1,不开放/已过期,,晴,25,22,4,0.0,56,39
2026-05-21 15:30:43,2026-05-21,2,乒乓球厅-7号,14:00-15:00,0,1,不开放/已过期,,晴,25,23,4,0.0,57,40
2026-05-21 16:00:51,2026-05-21,2,乒乓球厅-7号,14:00-15:00,0,1,不开放/已过期,,晴,25,23,4,0.0,57,40
2026-05-21 16:30:48,2026-05-21,2,乒乓球厅-7号,14:00-15:00,0,1,不开放/已过期,,晴,25,24,3,0.0,60,39
2026-05-21 17:00:49,2026-05-21,2,乒乓球厅-7号,14:00-15:00,0,1,不开放/已过期,,晴,25,24,4,0.0,61,39
2026-05-21 17:30:47,2026-05-21,2,乒乓球厅-7号,14:00-15:00,0,1,不开放/已过期,,多云,24,23,3,0.0,64,39
2026-05-21 18:00:50,2026-05-21,2,乒乓球厅-7号,14:00-15:00,0,1,不开放/已过期,,多云,24,23,3,0.0,68,39
2026-05-21 18:30:50,2026-05-21,2,乒乓球厅-7号,14:00-15:00,0,1,不开放/已过期,,阴,24,25,2,0.0,68,40
2026-05-21 19:00:50,2026-05-21,2,乒乓球厅-7号,14:00-15:00,0,1,不开放/已过期,,阴,23,23,3,0.0,76,40
2026-05-21 19:30:46,2026-05-21,2,乒乓球厅-7号,14:00-15:00,0,1,不开放/已过期,,阴,23,24,2,0.0,77,39
2026-05-21 20:00:49,2026-05-21,2,乒乓球厅-7号,14:00-15:00,0,1,不开放/已过期,,雾,22,23,2,0.0,89,39
2026-05-21 20:30:44,2026-05-21,2,乒乓球厅-7号,14:00-15:00,0,1,不开放/已过期,,雾,22,24,2,0.0,93,43
2026-05-21 21:00:56,2026-05-21,2,乒乓球厅-7号,14:00-15:00,0,1,不开放/已过期,,雾,20,21,2,0.0,98,43
2026-05-21 21:30:46,2026-05-21,2,乒乓球厅-7号,14:00-15:00,0,1,不开放/已过期,,雾,20,22,1,0.0,99,41
2026-05-21 22:01:02,2026-05-21,2,乒乓球厅-7号,14:00-15:00,0,1,不开放/已过期,,雾,19,20,2,0.0,93,41
2026-05-21 22:30:47,2026-05-21,2,乒乓球厅-7号,14:00-15:00,0,1,不开放/已过期,,雾,19,19,3,0.0,88,46
2026-05-21 23:00:56,2026-05-21,2,乒乓球厅-7号,14:00-15:00,0,1,不开放/已过期,,多云,18,17,3,0.0,85,46
2026-05-21 23:30:55,2026-05-21,2,乒乓球厅-7号,14:00-15:00,0,1,不开放/已过期,,多云,18,17,3,0.0,85,48
2026-05-21 00:30:49,2026-05-21,2,乒乓球厅-7号,15:00-16:00,0,1,可预约,￥5.0,多云,15,13,3,0.0,100,26
2026-05-21 01:00:55,2026-05-21,2,乒乓球厅-7号,15:00-16:00,0,1,可预约,￥5.0,多云,15,12,4,0.0,100,26
2026-05-21 01:30:47,2026-05-21,2,乒乓球厅-7号,15:00-16:00,0,1,可预约,￥5.0,多云,15,13,4,0.0,100,28
2026-05-21 02:00:53,2026-05-21,2,乒乓球厅-7号,15:00-16:00,0,1,可预约,￥5.0,多云,15,12,4,0.0,100,28
2026-05-21 02:30:49,2026-05-21,2,乒乓球厅-7号,15:00-16:00,0,1,可预约,￥5.0,多云,15,14,3,0.0,100,29
2026-05-21 03:00:55,2026-05-21,2,乒乓球厅-7号,15:00-16:00,0,1,可预约,￥5.0,多云,15,12,4,0.0,100,29
2026-05-21 03:30:49,2026-05-21,2,乒乓球厅-7号,15:00-16:00,0,1,可预约,￥5.0,多云,15,14,3,0.0,100,30
2026-05-21 04:30:45,2026-05-21,2,乒乓球厅-7号,15:00-16:00,0,1,可预约,￥5.0,多云,15,12,4,0.0,100,29
2026-05-21 05:00:52,2026-05-21,2,乒乓球厅-7号,15:00-16:00,0,1,可预约,￥5.0,多云,15,12,4,0.0,100,29
2026-05-21 05:30:49,2026-05-21,2,乒乓球厅-7号,15:00-16:00,0,1,可预约,￥5.0,多云,15,13,3,0.0,100,28
2026-05-21 06:00:50,2026-05-21,2,乒乓球厅-7号,15:00-16:00,0,1,可预约,￥5.0,多云,15,13,4,0.0,99,28
2026-05-21 06:30:38,2026-05-21,2,乒乓球厅-7号,15:00-16:00,0,1,可预约,￥5.0,多云,15,13,3,0.0,97,28
2026-05-21 07:00:43,2026-05-21,2,乒乓球厅-7号,15:00-16:00,0,1,可预约,￥5.0,晴,15,11,5,0.0,93,28
2026-05-21 07:30:39,2026-05-21,2,乒乓球厅-7号,15:00-16:00,0,1,可预约,￥5.0,晴,17,13,4,0.0,89,29
2026-05-21 07:50:40,2026-05-21,2,乒乓球厅-7号,15:00-16:00,0,1,可预约,￥5.0,晴,17,13,4,0.0,88,29
2026-05-21 07:53:31,2026-05-21,2,乒乓球厅-7号,15:00-16:00,0,1,可预约,￥5.0,晴,17,12,5,0.0,86,29
2026-05-21 07:56:31,2026-05-21,2,乒乓球厅-7号,15:00-16:00,0,1,可预约,￥5.0,晴,17,12,5,0.0,86,29
2026-05-21 07:59:26,2026-05-21,2,乒乓球厅-7号,15:00-16:00,0,1,可预约,￥5.0,晴,17,12,5,0.0,86,29
2026-05-21 08:00:45,2026-05-21,2,乒乓球厅-7号,15:00-16:00,0,1,可预约,￥5.0,晴,17,12,5,0.0,86,29
2026-05-21 08:02:30,2026-05-21,2,乒乓球厅-7号,15:00-16:00,0,1,可预约,￥5.0,多云,17,12,5,0.0,87,29
2026-05-21 08:05:36,2026-05-21,2,乒乓球厅-7号,15:00-16:00,0,1,可预约,￥5.0,多云,17,12,5,0.0,86,29
2026-05-21 08:08:31,2026-05-21,2,乒乓球厅-7号,15:00-16:00,0,1,可预约,￥5.0,多云,17,12,5,0.0,86,29
2026-05-21 08:11:30,2026-05-21,2,乒乓球厅-7号,15:00-16:00,0,1,可预约,￥5.0,多云,17,12,5,0.0,86,29
2026-05-21 08:14:31,2026-05-21,2,乒乓球厅-7号,15:00-16:00,0,1,可预约,￥5.0,多云,17,12,5,0.0,86,29
2026-05-21 08:17:30,2026-05-21,2,乒乓球厅-7号,15:00-16:00,0,1,可预约,￥5.0,多云,17,12,5,0.0,86,29
2026-05-21 08:20:35,2026-05-21,2,乒乓球厅-7号,15:00-16:00,0,1,可预约,￥5.0,多云,17,14,4,0.0,85,29
2026-05-21 08:25:32,2026-05-21,2,乒乓球厅-7号,15:00-16:00,0,1,可预约,￥5.0,多云,17,14,4,0.0,85,28
2026-05-21 08:30:42,2026-05-21,2,乒乓球厅-7号,15:00-16:00,0,1,可预约,￥5.0,多云,18,15,4,0.0,84,28
2026-05-21 08:35:31,2026-05-21,2,乒乓球厅-7号,15:00-16:00,0,1,可预约,￥5.0,多云,18,15,4,0.0,84,28
2026-05-21 08:40:38,2026-05-21,2,乒乓球厅-7号,15:00-16:00,0,1,可预约,￥5.0,多云,18,15,4,0.0,82,28
2026-05-21 08:45:33,2026-05-21,2,乒乓球厅-7号,15:00-16:00,0,1,可预约,￥5.0,多云,18,15,4,0.0,82,28
2026-05-21 08:50:36,2026-05-21,2,乒乓球厅-7号,15:00-16:00,0,1,可预约,￥5.0,多云,18,15,4,0.0,82,28
2026-05-21 08:55:34,2026-05-21,2,乒乓球厅-7号,15:00-16:00,0,1,可预约,￥5.0,多云,18,15,4,0.0,84,28
2026-05-21 09:00:51,2026-05-21,2,乒乓球厅-7号,15:00-16:00,0,1,可预约,￥5.0,多云,18,15,4,0.0,84,28
2026-05-21 09:01:59,2026-05-21,2,乒乓球厅-7号,15:00-16:00,0,1,可预约,￥5.0,多云,18,15,4,0.0,83,28
2026-05-21 09:05:33,2026-05-21,2,乒乓球厅-7号,15:00-16:00,0,1,可预约,￥5.0,多云,18,15,4,0.0,83,28
2026-05-21 09:20:38,2026-05-21,2,乒乓球厅-7号,15:00-16:00,0,1,可预约,￥5.0,多云,18,16,3,0.0,81,28
2026-05-21 09:30:46,2026-05-21,2,乒乓球厅-7号,15:00-16:00,0,1,可预约,￥5.0,多云,18,16,3,0.0,81,32
2026-05-21 09:40:36,2026-05-21,2,乒乓球厅-7号,15:00-16:00,0,1,可预约,￥5.0,多云,19,17,3,0.0,79,32
2026-05-21 09:50:42,2026-05-21,2,乒乓球厅-7号,15:00-16:00,0,1,可预约,￥5.0,多云,19,17,4,0.0,81,32
2026-05-21 10:00:46,2026-05-21,2,乒乓球厅-7号,15:00-16:00,0,1,可预约,￥5.0,多云,19,17,4,0.0,79,32
2026-05-21 10:10:40,2026-05-21,2,乒乓球厅-7号,15:00-16:00,0,1,可预约,￥5.0,多云,19,17,4,0.0,79,32
2026-05-21 10:20:38,2026-05-21,2,乒乓球厅-7号,15:00-16:00,0,1,可预约,￥5.0,多云,19,17,4,0.0,79,32
2026-05-21 10:30:41,2026-05-21,2,乒乓球厅-7号,15:00-16:00,0,1,可预约,￥5.0,多云,19,18,3,0.0,78,31
2026-05-21 11:00:44,2026-05-21,2,乒乓球厅-7号,15:00-16:00,0,1,可预约,￥5.0,多云,21,17,5,0.0,74,31
2026-05-21 11:30:38,2026-05-21,2,乒乓球厅-7号,15:00-16:00,0,1,可预约,￥5.0,多云,21,19,3,0.0,72,33
2026-05-21 12:00:46,2026-05-21,2,乒乓球厅-7号,15:00-16:00,0,1,可预约,￥5.0,多云,22,19,4,0.0,70,33
2026-05-21 12:30:42,2026-05-21,2,乒乓球厅-7号,15:00-16:00,0,1,可预约,￥5.0,多云,22,21,3,0.0,68,35
2026-05-21 13:00:43,2026-05-21,2,乒乓球厅-7号,15:00-16:00,0,1,可预约,￥5.0,多云,24,22,4,0.0,66,35
2026-05-21 13:30:43,2026-05-21,2,乒乓球厅-7号,15:00-16:00,0,1,可预约,￥5.0,多云,24,22,4,0.0,66,36
2026-05-21 14:00:48,2026-05-21,2,乒乓球厅-7号,15:00-16:00,0,1,可预约,￥5.0,多云,25,23,4,0.0,66,36
2026-05-21 14:30:45,2026-05-21,2,乒乓球厅-7号,15:00-16:00,0,1,可预约,￥5.0,晴,25,25,3,0.0,65,39
2026-05-21 15:00:45,2026-05-21,2,乒乓球厅-7号,15:00-16:00,0,1,可预约,￥5.0,晴,25,22,4,0.0,56,39
2026-05-21 15:30:43,2026-05-21,2,乒乓球厅-7号,15:00-16:00,0,1,可预约,￥5.0,晴,25,23,4,0.0,57,40
2026-05-21 16:00:51,2026-05-21,2,乒乓球厅-7号,15:00-16:00,0,1,不开放/已过期,,晴,25,23,4,0.0,57,40
2026-05-21 16:30:48,2026-05-21,2,乒乓球厅-7号,15:00-16:00,0,1,不开放/已过期,,晴,25,24,3,0.0,60,39
2026-05-21 17:00:49,2026-05-21,2,乒乓球厅-7号,15:00-16:00,0,1,不开放/已过期,,晴,25,24,4,0.0,61,39
2026-05-21 17:30:47,2026-05-21,2,乒乓球厅-7号,15:00-16:00,0,1,不开放/已过期,,多云,24,23,3,0.0,64,39
2026-05-21 18:00:50,2026-05-21,2,乒乓球厅-7号,15:00-16:00,0,1,不开放/已过期,,多云,24,23,3,0.0,68,39
2026-05-21 18:30:50,2026-05-21,2,乒乓球厅-7号,15:00-16:00,0,1,不开放/已过期,,阴,24,25,2,0.0,68,40
2026-05-21 19:00:50,2026-05-21,2,乒乓球厅-7号,15:00-16:00,0,1,不开放/已过期,,阴,23,23,3,0.0,76,40
2026-05-21 19:30:46,2026-05-21,2,乒乓球厅-7号,15:00-16:00,0,1,不开放/已过期,,阴,23,24,2,0.0,77,39
2026-05-21 20:00:49,2026-05-21,2,乒乓球厅-7号,15:00-16:00,0,1,不开放/已过期,,雾,22,23,2,0.0,89,39
2026-05-21 20:30:44,2026-05-21,2,乒乓球厅-7号,15:00-16:00,0,1,不开放/已过期,,雾,22,24,2,0.0,93,43
2026-05-21 21:00:56,2026-05-21,2,乒乓球厅-7号,15:00-16:00,0,1,不开放/已过期,,雾,20,21,2,0.0,98,43
2026-05-21 21:30:46,2026-05-21,2,乒乓球厅-7号,15:00-16:00,0,1,不开放/已过期,,雾,20,22,1,0.0,99,41
2026-05-21 22:01:02,2026-05-21,2,乒乓球厅-7号,15:00-16:00,0,1,不开放/已过期,,雾,19,20,2,0.0,93,41
2026-05-21 22:30:47,2026-05-21,2,乒乓球厅-7号,15:00-16:00,0,1,不开放/已过期,,雾,19,19,3,0.0,88,46
2026-05-21 23:00:56,2026-05-21,2,乒乓球厅-7号,15:00-16:00,0,1,不开放/已过期,,多云,18,17,3,0.0,85,46
2026-05-21 23:30:55,2026-05-21,2,乒乓球厅-7号,15:00-16:00,0,1,不开放/已过期,,多云,18,17,3,0.0,85,48
2026-05-21 00:30:49,2026-05-21,2,乒乓球厅-7号,16:00-17:00,0,1,可预约,￥5.0,多云,15,13,3,0.0,100,26
2026-05-21 01:00:55,2026-05-21,2,乒乓球厅-7号,16:00-17:00,0,1,可预约,￥5.0,多云,15,12,4,0.0,100,26
2026-05-21 01:30:47,2026-05-21,2,乒乓球厅-7号,16:00-17:00,0,1,可预约,￥5.0,多云,15,13,4,0.0,100,28
2026-05-21 02:00:53,2026-05-21,2,乒乓球厅-7号,16:00-17:00,0,1,可预约,￥5.0,多云,15,12,4,0.0,100,28
2026-05-21 02:30:49,2026-05-21,2,乒乓球厅-7号,16:00-17:00,0,1,可预约,￥5.0,多云,15,14,3,0.0,100,29
2026-05-21 03:00:55,2026-05-21,2,乒乓球厅-7号,16:00-17:00,0,1,可预约,￥5.0,多云,15,12,4,0.0,100,29
2026-05-21 03:30:49,2026-05-21,2,乒乓球厅-7号,16:00-17:00,0,1,可预约,￥5.0,多云,15,14,3,0.0,100,30
2026-05-21 04:30:45,2026-05-21,2,乒乓球厅-7号,16:00-17:00,0,1,可预约,￥5.0,多云,15,12,4,0.0,100,29
2026-05-21 05:00:52,2026-05-21,2,乒乓球厅-7号,16:00-17:00,0,1,可预约,￥5.0,多云,15,12,4,0.0,100,29
2026-05-21 05:30:49,2026-05-21,2,乒乓球厅-7号,16:00-17:00,0,1,可预约,￥5.0,多云,15,13,3,0.0,100,28
2026-05-21 06:00:50,2026-05-21,2,乒乓球厅-7号,16:00-17:00,0,1,可预约,￥5.0,多云,15,13,4,0.0,99,28
2026-05-21 06:30:38,2026-05-21,2,乒乓球厅-7号,16:00-17:00,0,1,可预约,￥5.0,多云,15,13,3,0.0,97,28
2026-05-21 07:00:43,2026-05-21,2,乒乓球厅-7号,16:00-17:00,0,1,可预约,￥5.0,晴,15,11,5,0.0,93,28
2026-05-21 07:30:39,2026-05-21,2,乒乓球厅-7号,16:00-17:00,0,1,可预约,￥5.0,晴,17,13,4,0.0,89,29
2026-05-21 07:50:40,2026-05-21,2,乒乓球厅-7号,16:00-17:00,0,1,可预约,￥5.0,晴,17,13,4,0.0,88,29
2026-05-21 07:53:31,2026-05-21,2,乒乓球厅-7号,16:00-17:00,0,1,可预约,￥5.0,晴,17,12,5,0.0,86,29
2026-05-21 07:56:31,2026-05-21,2,乒乓球厅-7号,16:00-17:00,0,1,可预约,￥5.0,晴,17,12,5,0.0,86,29
2026-05-21 07:59:26,2026-05-21,2,乒乓球厅-7号,16:00-17:00,0,1,可预约,￥5.0,晴,17,12,5,0.0,86,29
2026-05-21 08:00:45,2026-05-21,2,乒乓球厅-7号,16:00-17:00,0,1,可预约,￥5.0,晴,17,12,5,0.0,86,29
2026-05-21 08:02:30,2026-05-21,2,乒乓球厅-7号,16:00-17:00,0,1,可预约,￥5.0,多云,17,12,5,0.0,87,29
2026-05-21 08:05:36,2026-05-21,2,乒乓球厅-7号,16:00-17:00,0,1,可预约,￥5.0,多云,17,12,5,0.0,86,29
2026-05-21 08:08:31,2026-05-21,2,乒乓球厅-7号,16:00-17:00,0,1,可预约,￥5.0,多云,17,12,5,0.0,86,29
2026-05-21 08:11:30,2026-05-21,2,乒乓球厅-7号,16:00-17:00,0,1,可预约,￥5.0,多云,17,12,5,0.0,86,29
2026-05-21 08:14:31,2026-05-21,2,乒乓球厅-7号,16:00-17:00,0,1,可预约,￥5.0,多云,17,12,5,0.0,86,29
2026-05-21 08:17:30,2026-05-21,2,乒乓球厅-7号,16:00-17:00,0,1,可预约,￥5.0,多云,17,12,5,0.0,86,29
2026-05-21 08:20:35,2026-05-21,2,乒乓球厅-7号,16:00-17:00,0,1,可预约,￥5.0,多云,17,14,4,0.0,85,29
2026-05-21 08:25:32,2026-05-21,2,乒乓球厅-7号,16:00-17:00,0,1,可预约,￥5.0,多云,17,14,4,0.0,85,28
2026-05-21 08:30:42,2026-05-21,2,乒乓球厅-7号,16:00-17:00,0,1,可预约,￥5.0,多云,18,15,4,0.0,84,28
2026-05-21 08:35:31,2026-05-21,2,乒乓球厅-7号,16:00-17:00,0,1,可预约,￥5.0,多云,18,15,4,0.0,84,28
2026-05-21 08:40:38,2026-05-21,2,乒乓球厅-7号,16:00-17:00,0,1,可预约,￥5.0,多云,18,15,4,0.0,82,28
2026-05-21 08:45:33,2026-05-21,2,乒乓球厅-7号,16:00-17:00,0,1,可预约,￥5.0,多云,18,15,4,0.0,82,28
2026-05-21 08:50:36,2026-05-21,2,乒乓球厅-7号,16:00-17:00,0,1,可预约,￥5.0,多云,18,15,4,0.0,82,28
2026-05-21 08:55:34,2026-05-21,2,乒乓球厅-7号,16:00-17:00,0,1,可预约,￥5.0,多云,18,15,4,0.0,84,28
2026-05-21 09:00:51,2026-05-21,2,乒乓球厅-7号,16:00-17:00,0,1,可预约,￥5.0,多云,18,15,4,0.0,84,28
2026-05-21 09:01:59,2026-05-21,2,乒乓球厅-7号,16:00-17:00,0,1,可预约,￥5.0,多云,18,15,4,0.0,83,28
2026-05-21 09:05:33,2026-05-21,2,乒乓球厅-7号,16:00-17:00,0,1,可预约,￥5.0,多云,18,15,4,0.0,83,28
2026-05-21 09:20:38,2026-05-21,2,乒乓球厅-7号,16:00-17:00,0,1,可预约,￥5.0,多云,18,16,3,0.0,81,28
2026-05-21 09:30:46,2026-05-21,2,乒乓球厅-7号,16:00-17:00,0,1,可预约,￥5.0,多云,18,16,3,0.0,81,32
2026-05-21 09:40:36,2026-05-21,2,乒乓球厅-7号,16:00-17:00,0,1,可预约,￥5.0,多云,19,17,3,0.0,79,32
2026-05-21 09:50:42,2026-05-21,2,乒乓球厅-7号,16:00-17:00,0,1,可预约,￥5.0,多云,19,17,4,0.0,81,32
2026-05-21 10:00:46,2026-05-21,2,乒乓球厅-7号,16:00-17:00,0,1,可预约,￥5.0,多云,19,17,4,0.0,79,32
2026-05-21 10:10:40,2026-05-21,2,乒乓球厅-7号,16:00-17:00,0,1,可预约,￥5.0,多云,19,17,4,0.0,79,32
2026-05-21 10:20:38,2026-05-21,2,乒乓球厅-7号,16:00-17:00,0,1,可预约,￥5.0,多云,19,17,4,0.0,79,32
2026-05-21 10:30:41,2026-05-21,2,乒乓球厅-7号,16:00-17:00,0,1,可预约,￥5.0,多云,19,18,3,0.0,78,31
2026-05-21 11:00:44,2026-05-21,2,乒乓球厅-7号,16:00-17:00,0,1,可预约,￥5.0,多云,21,17,5,0.0,74,31
2026-05-21 11:30:38,2026-05-21,2,乒乓球厅-7号,16:00-17:00,0,1,可预约,￥5.0,多云,21,19,3,0.0,72,33
2026-05-21 12:00:46,2026-05-21,2,乒乓球厅-7号,16:00-17:00,0,1,可预约,￥5.0,多云,22,19,4,0.0,70,33
2026-05-21 12:30:42,2026-05-21,2,乒乓球厅-7号,16:00-17:00,0,1,可预约,￥5.0,多云,22,21,3,0.0,68,35
2026-05-21 13:00:43,2026-05-21,2,乒乓球厅-7号,16:00-17:00,0,1,可预约,￥5.0,多云,24,22,4,0.0,66,35
2026-05-21 13:30:43,2026-05-21,2,乒乓球厅-7号,16:00-17:00,0,1,可预约,￥5.0,多云,24,22,4,0.0,66,36
2026-05-21 14:00:48,2026-05-21,2,乒乓球厅-7号,16:00-17:00,0,1,可预约,￥5.0,多云,25,23,4,0.0,66,36
2026-05-21 14:30:45,2026-05-21,2,乒乓球厅-7号,16:00-17:00,0,1,可预约,￥5.0,晴,25,25,3,0.0,65,39
2026-05-21 15:00:45,2026-05-21,2,乒乓球厅-7号,16:00-17:00,0,1,可预约,￥5.0,晴,25,22,4,0.0,56,39
2026-05-21 15:30:43,2026-05-21,2,乒乓球厅-7号,16:00-17:00,0,1,可预约,￥5.0,晴,25,23,4,0.0,57,40
2026-05-21 16:00:51,2026-05-21,2,乒乓球厅-7号,16:00-17:00,0,1,可预约,￥5.0,晴,25,23,4,0.0,57,40
2026-05-21 16:30:48,2026-05-21,2,乒乓球厅-7号,16:00-17:00,0,1,可预约,￥5.0,晴,25,24,3,0.0,60,39
2026-05-21 17:00:49,2026-05-21,2,乒乓球厅-7号,16:00-17:00,0,1,不开放/已过期,,晴,25,24,4,0.0,61,39
2026-05-21 17:30:47,2026-05-21,2,乒乓球厅-7号,16:00-17:00,0,1,不开放/已过期,,多云,24,23,3,0.0,64,39
2026-05-21 18:00:50,2026-05-21,2,乒乓球厅-7号,16:00-17:00,0,1,不开放/已过期,,多云,24,23,3,0.0,68,39
2026-05-21 18:30:50,2026-05-21,2,乒乓球厅-7号,16:00-17:00,0,1,不开放/已过期,,阴,24,25,2,0.0,68,40
2026-05-21 19:00:50,2026-05-21,2,乒乓球厅-7号,16:00-17:00,0,1,不开放/已过期,,阴,23,23,3,0.0,76,40
2026-05-21 19:30:46,2026-05-21,2,乒乓球厅-7号,16:00-17:00,0,1,不开放/已过期,,阴,23,24,2,0.0,77,39
2026-05-21 20:00:49,2026-05-21,2,乒乓球厅-7号,16:00-17:00,0,1,不开放/已过期,,雾,22,23,2,0.0,89,39
2026-05-21 20:30:44,2026-05-21,2,乒乓球厅-7号,16:00-17:00,0,1,不开放/已过期,,雾,22,24,2,0.0,93,43
2026-05-21 21:00:56,2026-05-21,2,乒乓球厅-7号,16:00-17:00,0,1,不开放/已过期,,雾,20,21,2,0.0,98,43
2026-05-21 21:30:46,2026-05-21,2,乒乓球厅-7号,16:00-17:00,0,1,不开放/已过期,,雾,20,22,1,0.0,99,41
2026-05-21 22:01:02,2026-05-21,2,乒乓球厅-7号,16:00-17:00,0,1,不开放/已过期,,雾,19,20,2,0.0,93,41
2026-05-21 22:30:47,2026-05-21,2,乒乓球厅-7号,16:00-17:00,0,1,不开放/已过期,,雾,19,19,3,0.0,88,46
2026-05-21 23:00:56,2026-05-21,2,乒乓球厅-7号,16:00-17:00,0,1,不开放/已过期,,多云,18,17,3,0.0,85,46
2026-05-21 23:30:55,2026-05-21,2,乒乓球厅-7号,16:00-17:00,0,1,不开放/已过期,,多云,18,17,3,0.0,85,48
2026-05-21 00:30:49,2026-05-21,2,乒乓球厅-7号,17:00-18:00,0,1,可预约,￥5.0,多云,15,13,3,0.0,100,26
2026-05-21 01:00:55,2026-05-21,2,乒乓球厅-7号,17:00-18:00,0,1,可预约,￥5.0,多云,15,12,4,0.0,100,26
2026-05-21 01:30:47,2026-05-21,2,乒乓球厅-7号,17:00-18:00,0,1,可预约,￥5.0,多云,15,13,4,0.0,100,28
2026-05-21 02:00:53,2026-05-21,2,乒乓球厅-7号,17:00-18:00,0,1,可预约,￥5.0,多云,15,12,4,0.0,100,28
2026-05-21 02:30:49,2026-05-21,2,乒乓球厅-7号,17:00-18:00,0,1,可预约,￥5.0,多云,15,14,3,0.0,100,29
2026-05-21 03:00:55,2026-05-21,2,乒乓球厅-7号,17:00-18:00,0,1,可预约,￥5.0,多云,15,12,4,0.0,100,29
2026-05-21 03:30:49,2026-05-21,2,乒乓球厅-7号,17:00-18:00,0,1,可预约,￥5.0,多云,15,14,3,0.0,100,30
2026-05-21 04:30:45,2026-05-21,2,乒乓球厅-7号,17:00-18:00,0,1,可预约,￥5.0,多云,15,12,4,0.0,100,29
2026-05-21 05:00:52,2026-05-21,2,乒乓球厅-7号,17:00-18:00,0,1,可预约,￥5.0,多云,15,12,4,0.0,100,29
2026-05-21 05:30:49,2026-05-21,2,乒乓球厅-7号,17:00-18:00,0,1,可预约,￥5.0,多云,15,13,3,0.0,100,28
2026-05-21 06:00:50,2026-05-21,2,乒乓球厅-7号,17:00-18:00,0,1,可预约,￥5.0,多云,15,13,4,0.0,99,28
2026-05-21 06:30:38,2026-05-21,2,乒乓球厅-7号,17:00-18:00,0,1,可预约,￥5.0,多云,15,13,3,0.0,97,28
2026-05-21 07:00:43,2026-05-21,2,乒乓球厅-7号,17:00-18:00,0,1,可预约,￥5.0,晴,15,11,5,0.0,93,28
2026-05-21 07:30:39,2026-05-21,2,乒乓球厅-7号,17:00-18:00,0,1,可预约,￥5.0,晴,17,13,4,0.0,89,29
2026-05-21 07:50:40,2026-05-21,2,乒乓球厅-7号,17:00-18:00,0,1,可预约,￥5.0,晴,17,13,4,0.0,88,29
2026-05-21 07:53:31,2026-05-21,2,乒乓球厅-7号,17:00-18:00,0,1,可预约,￥5.0,晴,17,12,5,0.0,86,29
2026-05-21 07:56:31,2026-05-21,2,乒乓球厅-7号,17:00-18:00,0,1,可预约,￥5.0,晴,17,12,5,0.0,86,29
2026-05-21 07:59:26,2026-05-21,2,乒乓球厅-7号,17:00-18:00,0,1,可预约,￥5.0,晴,17,12,5,0.0,86,29
2026-05-21 08:00:45,2026-05-21,2,乒乓球厅-7号,17:00-18:00,0,1,可预约,￥5.0,晴,17,12,5,0.0,86,29
2026-05-21 08:02:30,2026-05-21,2,乒乓球厅-7号,17:00-18:00,0,1,可预约,￥5.0,多云,17,12,5,0.0,87,29
2026-05-21 08:05:36,2026-05-21,2,乒乓球厅-7号,17:00-18:00,0,1,可预约,￥5.0,多云,17,12,5,0.0,86,29
2026-05-21 08:08:31,2026-05-21,2,乒乓球厅-7号,17:00-18:00,0,1,可预约,￥5.0,多云,17,12,5,0.0,86,29
2026-05-21 08:11:30,2026-05-21,2,乒乓球厅-7号,17:00-18:00,0,1,可预约,￥5.0,多云,17,12,5,0.0,86,29
2026-05-21 08:14:31,2026-05-21,2,乒乓球厅-7号,17:00-18:00,0,1,可预约,￥5.0,多云,17,12,5,0.0,86,29
2026-05-21 08:17:30,2026-05-21,2,乒乓球厅-7号,17:00-18:00,0,1,可预约,￥5.0,多云,17,12,5,0.0,86,29
2026-05-21 08:20:35,2026-05-21,2,乒乓球厅-7号,17:00-18:00,0,1,可预约,￥5.0,多云,17,14,4,0.0,85,29
2026-05-21 08:25:32,2026-05-21,2,乒乓球厅-7号,17:00-18:00,0,1,可预约,￥5.0,多云,17,14,4,0.0,85,28
2026-05-21 08:30:42,2026-05-21,2,乒乓球厅-7号,17:00-18:00,0,1,可预约,￥5.0,多云,18,15,4,0.0,84,28
2026-05-21 08:35:31,2026-05-21,2,乒乓球厅-7号,17:00-18:00,0,1,可预约,￥5.0,多云,18,15,4,0.0,84,28
2026-05-21 08:40:38,2026-05-21,2,乒乓球厅-7号,17:00-18:00,0,1,可预约,￥5.0,多云,18,15,4,0.0,82,28
2026-05-21 08:45:33,2026-05-21,2,乒乓球厅-7号,17:00-18:00,0,1,可预约,￥5.0,多云,18,15,4,0.0,82,28
2026-05-21 08:50:36,2026-05-21,2,乒乓球厅-7号,17:00-18:00,0,1,可预约,￥5.0,多云,18,15,4,0.0,82,28
2026-05-21 08:55:34,2026-05-21,2,乒乓球厅-7号,17:00-18:00,0,1,可预约,￥5.0,多云,18,15,4,0.0,84,28
2026-05-21 09:00:51,2026-05-21,2,乒乓球厅-7号,17:00-18:00,0,1,可预约,￥5.0,多云,18,15,4,0.0,84,28
2026-05-21 09:01:59,2026-05-21,2,乒乓球厅-7号,17:00-18:00,0,1,可预约,￥5.0,多云,18,15,4,0.0,83,28
2026-05-21 09:05:33,2026-05-21,2,乒乓球厅-7号,17:00-18:00,0,1,可预约,￥5.0,多云,18,15,4,0.0,83,28
2026-05-21 09:20:38,2026-05-21,2,乒乓球厅-7号,17:00-18:00,0,1,可预约,￥5.0,多云,18,16,3,0.0,81,28
2026-05-21 09:30:46,2026-05-21,2,乒乓球厅-7号,17:00-18:00,0,1,可预约,￥5.0,多云,18,16,3,0.0,81,32
2026-05-21 09:40:36,2026-05-21,2,乒乓球厅-7号,17:00-18:00,0,1,可预约,￥5.0,多云,19,17,3,0.0,79,32
2026-05-21 09:50:42,2026-05-21,2,乒乓球厅-7号,17:00-18:00,0,1,可预约,￥5.0,多云,19,17,4,0.0,81,32
2026-05-21 10:00:46,2026-05-21,2,乒乓球厅-7号,17:00-18:00,0,1,可预约,￥5.0,多云,19,17,4,0.0,79,32
2026-05-21 10:10:40,2026-05-21,2,乒乓球厅-7号,17:00-18:00,0,1,可预约,￥5.0,多云,19,17,4,0.0,79,32
2026-05-21 10:20:38,2026-05-21,2,乒乓球厅-7号,17:00-18:00,0,1,可预约,￥5.0,多云,19,17,4,0.0,79,32
2026-05-21 10:30:41,2026-05-21,2,乒乓球厅-7号,17:00-18:00,0,1,可预约,￥5.0,多云,19,18,3,0.0,78,31
2026-05-21 11:00:44,2026-05-21,2,乒乓球厅-7号,17:00-18:00,0,1,可预约,￥5.0,多云,21,17,5,0.0,74,31
2026-05-21 11:30:38,2026-05-21,2,乒乓球厅-7号,17:00-18:00,0,1,可预约,￥5.0,多云,21,19,3,0.0,72,33
2026-05-21 12:00:46,2026-05-21,2,乒乓球厅-7号,17:00-18:00,0,1,可预约,￥5.0,多云,22,19,4,0.0,70,33
2026-05-21 12:30:42,2026-05-21,2,乒乓球厅-7号,17:00-18:00,0,1,可预约,￥5.0,多云,22,21,3,0.0,68,35
2026-05-21 13:00:43,2026-05-21,2,乒乓球厅-7号,17:00-18:00,0,1,可预约,￥5.0,多云,24,22,4,0.0,66,35
2026-05-21 13:30:43,2026-05-21,2,乒乓球厅-7号,17:00-18:00,0,1,可预约,￥5.0,多云,24,22,4,0.0,66,36
2026-05-21 14:00:48,2026-05-21,2,乒乓球厅-7号,17:00-18:00,0,1,可预约,￥5.0,多云,25,23,4,0.0,66,36
2026-05-21 14:30:45,2026-05-21,2,乒乓球厅-7号,17:00-18:00,0,1,可预约,￥5.0,晴,25,25,3,0.0,65,39
2026-05-21 15:00:45,2026-05-21,2,乒乓球厅-7号,17:00-18:00,0,1,可预约,￥5.0,晴,25,22,4,0.0,56,39
2026-05-21 15:30:43,2026-05-21,2,乒乓球厅-7号,17:00-18:00,0,1,可预约,￥5.0,晴,25,23,4,0.0,57,40
2026-05-21 16:00:51,2026-05-21,2,乒乓球厅-7号,17:00-18:00,0,1,可预约,￥5.0,晴,25,23,4,0.0,57,40
2026-05-21 16:30:48,2026-05-21,2,乒乓球厅-7号,17:00-18:00,0,1,可预约,￥5.0,晴,25,24,3,0.0,60,39
2026-05-21 17:00:49,2026-05-21,2,乒乓球厅-7号,17:00-18:00,0,1,可预约,￥5.0,晴,25,24,4,0.0,61,39
2026-05-21 17:30:47,2026-05-21,2,乒乓球厅-7号,17:00-18:00,1,1,已售/已满,已售,多云,24,23,3,0.0,64,39
2026-05-21 18:00:50,2026-05-21,2,乒乓球厅-7号,17:00-18:00,1,1,已售/已满,已售,多云,24,23,3,0.0,68,39
2026-05-21 18:30:50,2026-05-21,2,乒乓球厅-7号,17:00-18:00,1,1,已售/已满,已售,阴,24,25,2,0.0,68,40
2026-05-21 19:00:50,2026-05-21,2,乒乓球厅-7号,17:00-18:00,1,1,已售/已满,已售,阴,23,23,3,0.0,76,40
2026-05-21 19:30:46,2026-05-21,2,乒乓球厅-7号,17:00-18:00,1,1,已售/已满,已售,阴,23,24,2,0.0,77,39
2026-05-21 20:00:49,2026-05-21,2,乒乓球厅-7号,17:00-18:00,1,1,已售/已满,已售,雾,22,23,2,0.0,89,39
2026-05-21 20:30:44,2026-05-21,2,乒乓球厅-7号,17:00-18:00,1,1,已售/已满,已售,雾,22,24,2,0.0,93,43
2026-05-21 21:00:56,2026-05-21,2,乒乓球厅-7号,17:00-18:00,1,1,已售/已满,已售,雾,20,21,2,0.0,98,43
2026-05-21 21:30:46,2026-05-21,2,乒乓球厅-7号,17:00-18:00,1,1,已售/已满,已售,雾,20,22,1,0.0,99,41
2026-05-21 22:01:02,2026-05-21,2,乒乓球厅-7号,17:00-18:00,1,1,已售/已满,已售,雾,19,20,2,0.0,93,41
2026-05-21 22:30:47,2026-05-21,2,乒乓球厅-7号,17:00-18:00,1,1,已售/已满,已售,雾,19,19,3,0.0,88,46
2026-05-21 23:00:56,2026-05-21,2,乒乓球厅-7号,17:00-18:00,1,1,已售/已满,已售,多云,18,17,3,0.0,85,46
2026-05-21 23:30:55,2026-05-21,2,乒乓球厅-7号,17:00-18:00,1,1,已售/已满,已售,多云,18,17,3,0.0,85,48
2026-05-21 00:30:49,2026-05-21,2,乒乓球厅-7号,18:30-19:30,0,1,可预约,￥5.0,多云,15,13,3,0.0,100,26
2026-05-21 01:00:55,2026-05-21,2,乒乓球厅-7号,18:30-19:30,0,1,可预约,￥5.0,多云,15,12,4,0.0,100,26
2026-05-21 01:30:47,2026-05-21,2,乒乓球厅-7号,18:30-19:30,0,1,可预约,￥5.0,多云,15,13,4,0.0,100,28
2026-05-21 02:00:53,2026-05-21,2,乒乓球厅-7号,18:30-19:30,0,1,可预约,￥5.0,多云,15,12,4,0.0,100,28
2026-05-21 02:30:49,2026-05-21,2,乒乓球厅-7号,18:30-19:30,0,1,可预约,￥5.0,多云,15,14,3,0.0,100,29
2026-05-21 03:00:55,2026-05-21,2,乒乓球厅-7号,18:30-19:30,0,1,可预约,￥5.0,多云,15,12,4,0.0,100,29
2026-05-21 03:30:49,2026-05-21,2,乒乓球厅-7号,18:30-19:30,0,1,可预约,￥5.0,多云,15,14,3,0.0,100,30
2026-05-21 04:30:45,2026-05-21,2,乒乓球厅-7号,18:30-19:30,0,1,可预约,￥5.0,多云,15,12,4,0.0,100,29
2026-05-21 05:00:52,2026-05-21,2,乒乓球厅-7号,18:30-19:30,0,1,可预约,￥5.0,多云,15,12,4,0.0,100,29
2026-05-21 05:30:49,2026-05-21,2,乒乓球厅-7号,18:30-19:30,0,1,可预约,￥5.0,多云,15,13,3,0.0,100,28
2026-05-21 06:00:50,2026-05-21,2,乒乓球厅-7号,18:30-19:30,0,1,可预约,￥5.0,多云,15,13,4,0.0,99,28
2026-05-21 06:30:38,2026-05-21,2,乒乓球厅-7号,18:30-19:30,0,1,可预约,￥5.0,多云,15,13,3,0.0,97,28
2026-05-21 07:00:43,2026-05-21,2,乒乓球厅-7号,18:30-19:30,0,1,可预约,￥5.0,晴,15,11,5,0.0,93,28
2026-05-21 07:30:39,2026-05-21,2,乒乓球厅-7号,18:30-19:30,0,1,可预约,￥5.0,晴,17,13,4,0.0,89,29
2026-05-21 07:50:40,2026-05-21,2,乒乓球厅-7号,18:30-19:30,0,1,可预约,￥5.0,晴,17,13,4,0.0,88,29
2026-05-21 07:53:31,2026-05-21,2,乒乓球厅-7号,18:30-19:30,0,1,可预约,￥5.0,晴,17,12,5,0.0,86,29
2026-05-21 07:56:31,2026-05-21,2,乒乓球厅-7号,18:30-19:30,0,1,可预约,￥5.0,晴,17,12,5,0.0,86,29
2026-05-21 07:59:26,2026-05-21,2,乒乓球厅-7号,18:30-19:30,0,1,可预约,￥5.0,晴,17,12,5,0.0,86,29
2026-05-21 08:00:45,2026-05-21,2,乒乓球厅-7号,18:30-19:30,0,1,可预约,￥5.0,晴,17,12,5,0.0,86,29
2026-05-21 08:02:30,2026-05-21,2,乒乓球厅-7号,18:30-19:30,0,1,可预约,￥5.0,多云,17,12,5,0.0,87,29
2026-05-21 08:05:36,2026-05-21,2,乒乓球厅-7号,18:30-19:30,0,1,可预约,￥5.0,多云,17,12,5,0.0,86,29
2026-05-21 08:08:31,2026-05-21,2,乒乓球厅-7号,18:30-19:30,0,1,可预约,￥5.0,多云,17,12,5,0.0,86,29
2026-05-21 08:11:30,2026-05-21,2,乒乓球厅-7号,18:30-19:30,0,1,可预约,￥5.0,多云,17,12,5,0.0,86,29
2026-05-21 08:14:31,2026-05-21,2,乒乓球厅-7号,18:30-19:30,0,1,可预约,￥5.0,多云,17,12,5,0.0,86,29
2026-05-21 08:17:30,2026-05-21,2,乒乓球厅-7号,18:30-19:30,0,1,可预约,￥5.0,多云,17,12,5,0.0,86,29
2026-05-21 08:20:35,2026-05-21,2,乒乓球厅-7号,18:30-19:30,0,1,可预约,￥5.0,多云,17,14,4,0.0,85,29
2026-05-21 08:25:32,2026-05-21,2,乒乓球厅-7号,18:30-19:30,0,1,可预约,￥5.0,多云,17,14,4,0.0,85,28
2026-05-21 08:30:42,2026-05-21,2,乒乓球厅-7号,18:30-19:30,0,1,可预约,￥5.0,多云,18,15,4,0.0,84,28
2026-05-21 08:35:31,2026-05-21,2,乒乓球厅-7号,18:30-19:30,0,1,可预约,￥5.0,多云,18,15,4,0.0,84,28
2026-05-21 08:40:38,2026-05-21,2,乒乓球厅-7号,18:30-19:30,0,1,可预约,￥5.0,多云,18,15,4,0.0,82,28
2026-05-21 08:45:33,2026-05-21,2,乒乓球厅-7号,18:30-19:30,0,1,可预约,￥5.0,多云,18,15,4,0.0,82,28
2026-05-21 08:50:36,2026-05-21,2,乒乓球厅-7号,18:30-19:30,0,1,可预约,￥5.0,多云,18,15,4,0.0,82,28
2026-05-21 08:55:34,2026-05-21,2,乒乓球厅-7号,18:30-19:30,0,1,可预约,￥5.0,多云,18,15,4,0.0,84,28
2026-05-21 09:00:51,2026-05-21,2,乒乓球厅-7号,18:30-19:30,0,1,可预约,￥5.0,多云,18,15,4,0.0,84,28
2026-05-21 09:01:59,2026-05-21,2,乒乓球厅-7号,18:30-19:30,0,1,可预约,￥5.0,多云,18,15,4,0.0,83,28
2026-05-21 09:05:33,2026-05-21,2,乒乓球厅-7号,18:30-19:30,0,1,可预约,￥5.0,多云,18,15,4,0.0,83,28
2026-05-21 09:20:38,2026-05-21,2,乒乓球厅-7号,18:30-19:30,0,1,可预约,￥5.0,多云,18,16,3,0.0,81,28
2026-05-21 09:30:46,2026-05-21,2,乒乓球厅-7号,18:30-19:30,0,1,可预约,￥5.0,多云,18,16,3,0.0,81,32
2026-05-21 09:40:36,2026-05-21,2,乒乓球厅-7号,18:30-19:30,0,1,可预约,￥5.0,多云,19,17,3,0.0,79,32
2026-05-21 09:50:42,2026-05-21,2,乒乓球厅-7号,18:30-19:30,0,1,可预约,￥5.0,多云,19,17,4,0.0,81,32
2026-05-21 10:00:46,2026-05-21,2,乒乓球厅-7号,18:30-19:30,0,1,可预约,￥5.0,多云,19,17,4,0.0,79,32
2026-05-21 10:10:40,2026-05-21,2,乒乓球厅-7号,18:30-19:30,0,1,可预约,￥5.0,多云,19,17,4,0.0,79,32
2026-05-21 10:20:38,2026-05-21,2,乒乓球厅-7号,18:30-19:30,0,1,可预约,￥5.0,多云,19,17,4,0.0,79,32
2026-05-21 10:30:41,2026-05-21,2,乒乓球厅-7号,18:30-19:30,0,1,可预约,￥5.0,多云,19,18,3,0.0,78,31
2026-05-21 11:00:44,2026-05-21,2,乒乓球厅-7号,18:30-19:30,0,1,可预约,￥5.0,多云,21,17,5,0.0,74,31
2026-05-21 11:30:38,2026-05-21,2,乒乓球厅-7号,18:30-19:30,0,1,可预约,￥5.0,多云,21,19,3,0.0,72,33
2026-05-21 12:00:46,2026-05-21,2,乒乓球厅-7号,18:30-19:30,0,1,可预约,￥5.0,多云,22,19,4,0.0,70,33
2026-05-21 12:30:42,2026-05-21,2,乒乓球厅-7号,18:30-19:30,0,1,可预约,￥5.0,多云,22,21,3,0.0,68,35
2026-05-21 13:00:43,2026-05-21,2,乒乓球厅-7号,18:30-19:30,0,1,可预约,￥5.0,多云,24,22,4,0.0,66,35
2026-05-21 13:30:43,2026-05-21,2,乒乓球厅-7号,18:30-19:30,0,1,可预约,￥5.0,多云,24,22,4,0.0,66,36
2026-05-21 14:00:48,2026-05-21,2,乒乓球厅-7号,18:30-19:30,0,1,可预约,￥5.0,多云,25,23,4,0.0,66,36
2026-05-21 14:30:45,2026-05-21,2,乒乓球厅-7号,18:30-19:30,0,1,可预约,￥5.0,晴,25,25,3,0.0,65,39
2026-05-21 15:00:45,2026-05-21,2,乒乓球厅-7号,18:30-19:30,0,1,可预约,￥5.0,晴,25,22,4,0.0,56,39
2026-05-21 15:30:43,2026-05-21,2,乒乓球厅-7号,18:30-19:30,0,1,可预约,￥5.0,晴,25,23,4,0.0,57,40
2026-05-21 16:00:51,2026-05-21,2,乒乓球厅-7号,18:30-19:30,0,1,可预约,￥5.0,晴,25,23,4,0.0,57,40
2026-05-21 16:30:48,2026-05-21,2,乒乓球厅-7号,18:30-19:30,0,1,可预约,￥5.0,晴,25,24,3,0.0,60,39
2026-05-21 17:00:49,2026-05-21,2,乒乓球厅-7号,18:30-19:30,0,1,可预约,￥5.0,晴,25,24,4,0.0,61,39
2026-05-21 17:30:47,2026-05-21,2,乒乓球厅-7号,18:30-19:30,0,1,可预约,￥5.0,多云,24,23,3,0.0,64,39
2026-05-21 18:00:50,2026-05-21,2,乒乓球厅-7号,18:30-19:30,0,1,可预约,￥5.0,多云,24,23,3,0.0,68,39
2026-05-21 18:30:50,2026-05-21,2,乒乓球厅-7号,18:30-19:30,0,1,可预约,￥5.0,阴,24,25,2,0.0,68,40
2026-05-21 19:00:50,2026-05-21,2,乒乓球厅-7号,18:30-19:30,0,1,可预约,￥5.0,阴,23,23,3,0.0,76,40
2026-05-21 19:30:46,2026-05-21,2,乒乓球厅-7号,18:30-19:30,0,1,不开放/已过期,,阴,23,24,2,0.0,77,39
2026-05-21 20:00:49,2026-05-21,2,乒乓球厅-7号,18:30-19:30,0,1,不开放/已过期,,雾,22,23,2,0.0,89,39
2026-05-21 20:30:44,2026-05-21,2,乒乓球厅-7号,18:30-19:30,0,1,不开放/已过期,,雾,22,24,2,0.0,93,43
2026-05-21 21:00:56,2026-05-21,2,乒乓球厅-7号,18:30-19:30,0,1,不开放/已过期,,雾,20,21,2,0.0,98,43
2026-05-21 21:30:46,2026-05-21,2,乒乓球厅-7号,18:30-19:30,0,1,不开放/已过期,,雾,20,22,1,0.0,99,41
2026-05-21 22:01:02,2026-05-21,2,乒乓球厅-7号,18:30-19:30,0,1,不开放/已过期,,雾,19,20,2,0.0,93,41
2026-05-21 22:30:47,2026-05-21,2,乒乓球厅-7号,18:30-19:30,0,1,不开放/已过期,,雾,19,19,3,0.0,88,46
2026-05-21 23:00:56,2026-05-21,2,乒乓球厅-7号,18:30-19:30,0,1,不开放/已过期,,多云,18,17,3,0.0,85,46
2026-05-21 23:30:55,2026-05-21,2,乒乓球厅-7号,18:30-19:30,0,1,不开放/已过期,,多云,18,17,3,0.0,85,48
2026-05-21 00:30:49,2026-05-21,2,乒乓球厅-7号,19:30-20:30,0,1,可预约,￥5.0,多云,15,13,3,0.0,100,26
2026-05-21 01:00:55,2026-05-21,2,乒乓球厅-7号,19:30-20:30,0,1,可预约,￥5.0,多云,15,12,4,0.0,100,26
2026-05-21 01:30:47,2026-05-21,2,乒乓球厅-7号,19:30-20:30,0,1,可预约,￥5.0,多云,15,13,4,0.0,100,28
2026-05-21 02:00:53,2026-05-21,2,乒乓球厅-7号,19:30-20:30,0,1,可预约,￥5.0,多云,15,12,4,0.0,100,28
2026-05-21 02:30:49,2026-05-21,2,乒乓球厅-7号,19:30-20:30,0,1,可预约,￥5.0,多云,15,14,3,0.0,100,29
2026-05-21 03:00:55,2026-05-21,2,乒乓球厅-7号,19:30-20:30,0,1,可预约,￥5.0,多云,15,12,4,0.0,100,29
2026-05-21 03:30:49,2026-05-21,2,乒乓球厅-7号,19:30-20:30,0,1,可预约,￥5.0,多云,15,14,3,0.0,100,30
2026-05-21 04:30:45,2026-05-21,2,乒乓球厅-7号,19:30-20:30,0,1,可预约,￥5.0,多云,15,12,4,0.0,100,29
2026-05-21 05:00:52,2026-05-21,2,乒乓球厅-7号,19:30-20:30,0,1,可预约,￥5.0,多云,15,12,4,0.0,100,29
2026-05-21 05:30:49,2026-05-21,2,乒乓球厅-7号,19:30-20:30,0,1,可预约,￥5.0,多云,15,13,3,0.0,100,28
2026-05-21 06:00:50,2026-05-21,2,乒乓球厅-7号,19:30-20:30,0,1,可预约,￥5.0,多云,15,13,4,0.0,99,28
2026-05-21 06:30:38,2026-05-21,2,乒乓球厅-7号,19:30-20:30,0,1,可预约,￥5.0,多云,15,13,3,0.0,97,28
2026-05-21 07:00:43,2026-05-21,2,乒乓球厅-7号,19:30-20:30,0,1,可预约,￥5.0,晴,15,11,5,0.0,93,28
2026-05-21 07:30:39,2026-05-21,2,乒乓球厅-7号,19:30-20:30,0,1,可预约,￥5.0,晴,17,13,4,0.0,89,29
2026-05-21 07:50:40,2026-05-21,2,乒乓球厅-7号,19:30-20:30,0,1,可预约,￥5.0,晴,17,13,4,0.0,88,29
2026-05-21 07:53:31,2026-05-21,2,乒乓球厅-7号,19:30-20:30,0,1,可预约,￥5.0,晴,17,12,5,0.0,86,29
2026-05-21 07:56:31,2026-05-21,2,乒乓球厅-7号,19:30-20:30,0,1,可预约,￥5.0,晴,17,12,5,0.0,86,29
2026-05-21 07:59:26,2026-05-21,2,乒乓球厅-7号,19:30-20:30,0,1,可预约,￥5.0,晴,17,12,5,0.0,86,29
2026-05-21 08:00:45,2026-05-21,2,乒乓球厅-7号,19:30-20:30,0,1,可预约,￥5.0,晴,17,12,5,0.0,86,29
2026-05-21 08:02:30,2026-05-21,2,乒乓球厅-7号,19:30-20:30,0,1,可预约,￥5.0,多云,17,12,5,0.0,87,29
2026-05-21 08:05:36,2026-05-21,2,乒乓球厅-7号,19:30-20:30,0,1,可预约,￥5.0,多云,17,12,5,0.0,86,29
2026-05-21 08:08:31,2026-05-21,2,乒乓球厅-7号,19:30-20:30,0,1,可预约,￥5.0,多云,17,12,5,0.0,86,29
2026-05-21 08:11:30,2026-05-21,2,乒乓球厅-7号,19:30-20:30,0,1,可预约,￥5.0,多云,17,12,5,0.0,86,29
2026-05-21 08:14:31,2026-05-21,2,乒乓球厅-7号,19:30-20:30,0,1,可预约,￥5.0,多云,17,12,5,0.0,86,29
2026-05-21 08:17:30,2026-05-21,2,乒乓球厅-7号,19:30-20:30,0,1,可预约,￥5.0,多云,17,12,5,0.0,86,29
2026-05-21 08:20:35,2026-05-21,2,乒乓球厅-7号,19:30-20:30,0,1,可预约,￥5.0,多云,17,14,4,0.0,85,29
2026-05-21 08:25:32,2026-05-21,2,乒乓球厅-7号,19:30-20:30,0,1,可预约,￥5.0,多云,17,14,4,0.0,85,28
2026-05-21 08:30:42,2026-05-21,2,乒乓球厅-7号,19:30-20:30,0,1,可预约,￥5.0,多云,18,15,4,0.0,84,28
2026-05-21 08:35:31,2026-05-21,2,乒乓球厅-7号,19:30-20:30,0,1,可预约,￥5.0,多云,18,15,4,0.0,84,28
2026-05-21 08:40:38,2026-05-21,2,乒乓球厅-7号,19:30-20:30,0,1,可预约,￥5.0,多云,18,15,4,0.0,82,28
2026-05-21 08:45:33,2026-05-21,2,乒乓球厅-7号,19:30-20:30,0,1,可预约,￥5.0,多云,18,15,4,0.0,82,28
2026-05-21 08:50:36,2026-05-21,2,乒乓球厅-7号,19:30-20:30,0,1,可预约,￥5.0,多云,18,15,4,0.0,82,28
2026-05-21 08:55:34,2026-05-21,2,乒乓球厅-7号,19:30-20:30,0,1,可预约,￥5.0,多云,18,15,4,0.0,84,28
2026-05-21 09:00:51,2026-05-21,2,乒乓球厅-7号,19:30-20:30,0,1,可预约,￥5.0,多云,18,15,4,0.0,84,28
2026-05-21 09:01:59,2026-05-21,2,乒乓球厅-7号,19:30-20:30,0,1,可预约,￥5.0,多云,18,15,4,0.0,83,28
2026-05-21 09:05:33,2026-05-21,2,乒乓球厅-7号,19:30-20:30,0,1,可预约,￥5.0,多云,18,15,4,0.0,83,28
2026-05-21 09:20:38,2026-05-21,2,乒乓球厅-7号,19:30-20:30,0,1,可预约,￥5.0,多云,18,16,3,0.0,81,28
2026-05-21 09:30:46,2026-05-21,2,乒乓球厅-7号,19:30-20:30,0,1,可预约,￥5.0,多云,18,16,3,0.0,81,32
2026-05-21 09:40:36,2026-05-21,2,乒乓球厅-7号,19:30-20:30,0,1,可预约,￥5.0,多云,19,17,3,0.0,79,32
2026-05-21 09:50:42,2026-05-21,2,乒乓球厅-7号,19:30-20:30,0,1,可预约,￥5.0,多云,19,17,4,0.0,81,32
2026-05-21 10:00:46,2026-05-21,2,乒乓球厅-7号,19:30-20:30,0,1,可预约,￥5.0,多云,19,17,4,0.0,79,32
2026-05-21 10:10:40,2026-05-21,2,乒乓球厅-7号,19:30-20:30,0,1,可预约,￥5.0,多云,19,17,4,0.0,79,32
2026-05-21 10:20:38,2026-05-21,2,乒乓球厅-7号,19:30-20:30,0,1,可预约,￥5.0,多云,19,17,4,0.0,79,32
2026-05-21 10:30:41,2026-05-21,2,乒乓球厅-7号,19:30-20:30,0,1,可预约,￥5.0,多云,19,18,3,0.0,78,31
2026-05-21 11:00:44,2026-05-21,2,乒乓球厅-7号,19:30-20:30,0,1,可预约,￥5.0,多云,21,17,5,0.0,74,31
2026-05-21 11:30:38,2026-05-21,2,乒乓球厅-7号,19:30-20:30,0,1,可预约,￥5.0,多云,21,19,3,0.0,72,33
2026-05-21 12:00:46,2026-05-21,2,乒乓球厅-7号,19:30-20:30,0,1,可预约,￥5.0,多云,22,19,4,0.0,70,33
2026-05-21 12:30:42,2026-05-21,2,乒乓球厅-7号,19:30-20:30,0,1,可预约,￥5.0,多云,22,21,3,0.0,68,35
2026-05-21 13:00:43,2026-05-21,2,乒乓球厅-7号,19:30-20:30,0,1,可预约,￥5.0,多云,24,22,4,0.0,66,35
2026-05-21 13:30:43,2026-05-21,2,乒乓球厅-7号,19:30-20:30,0,1,可预约,￥5.0,多云,24,22,4,0.0,66,36
2026-05-21 14:00:48,2026-05-21,2,乒乓球厅-7号,19:30-20:30,0,1,可预约,￥5.0,多云,25,23,4,0.0,66,36
2026-05-21 14:30:45,2026-05-21,2,乒乓球厅-7号,19:30-20:30,0,1,可预约,￥5.0,晴,25,25,3,0.0,65,39
2026-05-21 15:00:45,2026-05-21,2,乒乓球厅-7号,19:30-20:30,0,1,可预约,￥5.0,晴,25,22,4,0.0,56,39
2026-05-21 15:30:43,2026-05-21,2,乒乓球厅-7号,19:30-20:30,0,1,可预约,￥5.0,晴,25,23,4,0.0,57,40
2026-05-21 16:00:51,2026-05-21,2,乒乓球厅-7号,19:30-20:30,0,1,可预约,￥5.0,晴,25,23,4,0.0,57,40
2026-05-21 16:30:48,2026-05-21,2,乒乓球厅-7号,19:30-20:30,0,1,可预约,￥5.0,晴,25,24,3,0.0,60,39
2026-05-21 17:00:49,2026-05-21,2,乒乓球厅-7号,19:30-20:30,0,1,可预约,￥5.0,晴,25,24,4,0.0,61,39
2026-05-21 17:30:47,2026-05-21,2,乒乓球厅-7号,19:30-20:30,0,1,可预约,￥5.0,多云,24,23,3,0.0,64,39
2026-05-21 18:00:50,2026-05-21,2,乒乓球厅-7号,19:30-20:30,0,1,可预约,￥5.0,多云,24,23,3,0.0,68,39
2026-05-21 18:30:50,2026-05-21,2,乒乓球厅-7号,19:30-20:30,0,1,可预约,￥5.0,阴,24,25,2,0.0,68,40
2026-05-21 19:00:50,2026-05-21,2,乒乓球厅-7号,19:30-20:30,0,1,可预约,￥5.0,阴,23,23,3,0.0,76,40
2026-05-21 19:30:46,2026-05-21,2,乒乓球厅-7号,19:30-20:30,0,1,可预约,￥5.0,阴,23,24,2,0.0,77,39
2026-05-21 20:00:49,2026-05-21,2,乒乓球厅-7号,19:30-20:30,0,1,可预约,￥5.0,雾,22,23,2,0.0,89,39
2026-05-21 20:30:44,2026-05-21,2,乒乓球厅-7号,19:30-20:30,0,1,不开放/已过期,,雾,22,24,2,0.0,93,43
2026-05-21 21:00:56,2026-05-21,2,乒乓球厅-7号,19:30-20:30,0,1,不开放/已过期,,雾,20,21,2,0.0,98,43
2026-05-21 21:30:46,2026-05-21,2,乒乓球厅-7号,19:30-20:30,0,1,不开放/已过期,,雾,20,22,1,0.0,99,41
2026-05-21 22:01:02,2026-05-21,2,乒乓球厅-7号,19:30-20:30,0,1,不开放/已过期,,雾,19,20,2,0.0,93,41
2026-05-21 22:30:47,2026-05-21,2,乒乓球厅-7号,19:30-20:30,0,1,不开放/已过期,,雾,19,19,3,0.0,88,46
2026-05-21 23:00:56,2026-05-21,2,乒乓球厅-7号,19:30-20:30,0,1,不开放/已过期,,多云,18,17,3,0.0,85,46
2026-05-21 23:30:55,2026-05-21,2,乒乓球厅-7号,19:30-20:30,0,1,不开放/已过期,,多云,18,17,3,0.0,85,48
2026-05-21 00:30:49,2026-05-21,2,乒乓球厅-7号,20:30-21:30,0,1,可预约,￥5.0,多云,15,13,3,0.0,100,26
2026-05-21 01:00:55,2026-05-21,2,乒乓球厅-7号,20:30-21:30,0,1,可预约,￥5.0,多云,15,12,4,0.0,100,26
2026-05-21 01:30:47,2026-05-21,2,乒乓球厅-7号,20:30-21:30,0,1,可预约,￥5.0,多云,15,13,4,0.0,100,28
2026-05-21 02:00:53,2026-05-21,2,乒乓球厅-7号,20:30-21:30,0,1,可预约,￥5.0,多云,15,12,4,0.0,100,28
2026-05-21 02:30:49,2026-05-21,2,乒乓球厅-7号,20:30-21:30,0,1,可预约,￥5.0,多云,15,14,3,0.0,100,29
2026-05-21 03:00:55,2026-05-21,2,乒乓球厅-7号,20:30-21:30,0,1,可预约,￥5.0,多云,15,12,4,0.0,100,29
2026-05-21 03:30:49,2026-05-21,2,乒乓球厅-7号,20:30-21:30,0,1,可预约,￥5.0,多云,15,14,3,0.0,100,30
2026-05-21 04:30:45,2026-05-21,2,乒乓球厅-7号,20:30-21:30,0,1,可预约,￥5.0,多云,15,12,4,0.0,100,29
2026-05-21 05:00:52,2026-05-21,2,乒乓球厅-7号,20:30-21:30,0,1,可预约,￥5.0,多云,15,12,4,0.0,100,29
2026-05-21 05:30:49,2026-05-21,2,乒乓球厅-7号,20:30-21:30,0,1,可预约,￥5.0,多云,15,13,3,0.0,100,28
2026-05-21 06:00:50,2026-05-21,2,乒乓球厅-7号,20:30-21:30,0,1,可预约,￥5.0,多云,15,13,4,0.0,99,28
2026-05-21 06:30:38,2026-05-21,2,乒乓球厅-7号,20:30-21:30,0,1,可预约,￥5.0,多云,15,13,3,0.0,97,28
2026-05-21 07:00:43,2026-05-21,2,乒乓球厅-7号,20:30-21:30,0,1,可预约,￥5.0,晴,15,11,5,0.0,93,28
2026-05-21 07:30:39,2026-05-21,2,乒乓球厅-7号,20:30-21:30,0,1,可预约,￥5.0,晴,17,13,4,0.0,89,29
2026-05-21 07:50:40,2026-05-21,2,乒乓球厅-7号,20:30-21:30,0,1,可预约,￥5.0,晴,17,13,4,0.0,88,29
2026-05-21 07:53:31,2026-05-21,2,乒乓球厅-7号,20:30-21:30,0,1,可预约,￥5.0,晴,17,12,5,0.0,86,29
2026-05-21 07:56:31,2026-05-21,2,乒乓球厅-7号,20:30-21:30,0,1,可预约,￥5.0,晴,17,12,5,0.0,86,29
2026-05-21 07:59:26,2026-05-21,2,乒乓球厅-7号,20:30-21:30,0,1,可预约,￥5.0,晴,17,12,5,0.0,86,29
2026-05-21 08:00:45,2026-05-21,2,乒乓球厅-7号,20:30-21:30,0,1,可预约,￥5.0,晴,17,12,5,0.0,86,29
2026-05-21 08:02:30,2026-05-21,2,乒乓球厅-7号,20:30-21:30,0,1,可预约,￥5.0,多云,17,12,5,0.0,87,29
2026-05-21 08:05:36,2026-05-21,2,乒乓球厅-7号,20:30-21:30,0,1,可预约,￥5.0,多云,17,12,5,0.0,86,29
2026-05-21 08:08:31,2026-05-21,2,乒乓球厅-7号,20:30-21:30,0,1,可预约,￥5.0,多云,17,12,5,0.0,86,29
2026-05-21 08:11:30,2026-05-21,2,乒乓球厅-7号,20:30-21:30,0,1,可预约,￥5.0,多云,17,12,5,0.0,86,29
2026-05-21 08:14:31,2026-05-21,2,乒乓球厅-7号,20:30-21:30,0,1,可预约,￥5.0,多云,17,12,5,0.0,86,29
2026-05-21 08:17:30,2026-05-21,2,乒乓球厅-7号,20:30-21:30,0,1,可预约,￥5.0,多云,17,12,5,0.0,86,29
2026-05-21 08:20:35,2026-05-21,2,乒乓球厅-7号,20:30-21:30,0,1,可预约,￥5.0,多云,17,14,4,0.0,85,29
2026-05-21 08:25:32,2026-05-21,2,乒乓球厅-7号,20:30-21:30,0,1,可预约,￥5.0,多云,17,14,4,0.0,85,28
2026-05-21 08:30:42,2026-05-21,2,乒乓球厅-7号,20:30-21:30,0,1,可预约,￥5.0,多云,18,15,4,0.0,84,28
2026-05-21 08:35:31,2026-05-21,2,乒乓球厅-7号,20:30-21:30,0,1,可预约,￥5.0,多云,18,15,4,0.0,84,28
2026-05-21 08:40:38,2026-05-21,2,乒乓球厅-7号,20:30-21:30,0,1,可预约,￥5.0,多云,18,15,4,0.0,82,28
2026-05-21 08:45:33,2026-05-21,2,乒乓球厅-7号,20:30-21:30,0,1,可预约,￥5.0,多云,18,15,4,0.0,82,28
2026-05-21 08:50:36,2026-05-21,2,乒乓球厅-7号,20:30-21:30,0,1,可预约,￥5.0,多云,18,15,4,0.0,82,28
2026-05-21 08:55:34,2026-05-21,2,乒乓球厅-7号,20:30-21:30,0,1,可预约,￥5.0,多云,18,15,4,0.0,84,28
2026-05-21 09:00:51,2026-05-21,2,乒乓球厅-7号,20:30-21:30,0,1,可预约,￥5.0,多云,18,15,4,0.0,84,28
2026-05-21 09:01:59,2026-05-21,2,乒乓球厅-7号,20:30-21:30,0,1,可预约,￥5.0,多云,18,15,4,0.0,83,28
2026-05-21 09:05:33,2026-05-21,2,乒乓球厅-7号,20:30-21:30,0,1,可预约,￥5.0,多云,18,15,4,0.0,83,28
2026-05-21 09:20:38,2026-05-21,2,乒乓球厅-7号,20:30-21:30,0,1,可预约,￥5.0,多云,18,16,3,0.0,81,28
2026-05-21 09:30:46,2026-05-21,2,乒乓球厅-7号,20:30-21:30,0,1,可预约,￥5.0,多云,18,16,3,0.0,81,32
2026-05-21 09:40:36,2026-05-21,2,乒乓球厅-7号,20:30-21:30,0,1,可预约,￥5.0,多云,19,17,3,0.0,79,32
2026-05-21 09:50:42,2026-05-21,2,乒乓球厅-7号,20:30-21:30,0,1,可预约,￥5.0,多云,19,17,4,0.0,81,32
2026-05-21 10:00:46,2026-05-21,2,乒乓球厅-7号,20:30-21:30,0,1,可预约,￥5.0,多云,19,17,4,0.0,79,32
2026-05-21 10:10:40,2026-05-21,2,乒乓球厅-7号,20:30-21:30,0,1,可预约,￥5.0,多云,19,17,4,0.0,79,32
2026-05-21 10:20:38,2026-05-21,2,乒乓球厅-7号,20:30-21:30,0,1,可预约,￥5.0,多云,19,17,4,0.0,79,32
2026-05-21 10:30:41,2026-05-21,2,乒乓球厅-7号,20:30-21:30,0,1,可预约,￥5.0,多云,19,18,3,0.0,78,31
2026-05-21 11:00:44,2026-05-21,2,乒乓球厅-7号,20:30-21:30,0,1,可预约,￥5.0,多云,21,17,5,0.0,74,31
2026-05-21 11:30:38,2026-05-21,2,乒乓球厅-7号,20:30-21:30,0,1,可预约,￥5.0,多云,21,19,3,0.0,72,33
2026-05-21 12:00:46,2026-05-21,2,乒乓球厅-7号,20:30-21:30,0,1,可预约,￥5.0,多云,22,19,4,0.0,70,33
2026-05-21 12:30:42,2026-05-21,2,乒乓球厅-7号,20:30-21:30,0,1,可预约,￥5.0,多云,22,21,3,0.0,68,35
2026-05-21 13:00:43,2026-05-21,2,乒乓球厅-7号,20:30-21:30,0,1,可预约,￥5.0,多云,24,22,4,0.0,66,35
2026-05-21 13:30:43,2026-05-21,2,乒乓球厅-7号,20:30-21:30,0,1,可预约,￥5.0,多云,24,22,4,0.0,66,36
2026-05-21 14:00:48,2026-05-21,2,乒乓球厅-7号,20:30-21:30,0,1,可预约,￥5.0,多云,25,23,4,0.0,66,36
2026-05-21 14:30:45,2026-05-21,2,乒乓球厅-7号,20:30-21:30,0,1,可预约,￥5.0,晴,25,25,3,0.0,65,39
2026-05-21 15:00:45,2026-05-21,2,乒乓球厅-7号,20:30-21:30,0,1,可预约,￥5.0,晴,25,22,4,0.0,56,39
2026-05-21 15:30:43,2026-05-21,2,乒乓球厅-7号,20:30-21:30,0,1,可预约,￥5.0,晴,25,23,4,0.0,57,40
2026-05-21 16:00:51,2026-05-21,2,乒乓球厅-7号,20:30-21:30,0,1,可预约,￥5.0,晴,25,23,4,0.0,57,40
2026-05-21 16:30:48,2026-05-21,2,乒乓球厅-7号,20:30-21:30,0,1,可预约,￥5.0,晴,25,24,3,0.0,60,39
2026-05-21 17:00:49,2026-05-21,2,乒乓球厅-7号,20:30-21:30,0,1,可预约,￥5.0,晴,25,24,4,0.0,61,39
2026-05-21 17:30:47,2026-05-21,2,乒乓球厅-7号,20:30-21:30,0,1,可预约,￥5.0,多云,24,23,3,0.0,64,39
2026-05-21 18:00:50,2026-05-21,2,乒乓球厅-7号,20:30-21:30,0,1,可预约,￥5.0,多云,24,23,3,0.0,68,39
2026-05-21 18:30:50,2026-05-21,2,乒乓球厅-7号,20:30-21:30,0,1,可预约,￥5.0,阴,24,25,2,0.0,68,40
2026-05-21 19:00:50,2026-05-21,2,乒乓球厅-7号,20:30-21:30,0,1,可预约,￥5.0,阴,23,23,3,0.0,76,40
2026-05-21 19:30:46,2026-05-21,2,乒乓球厅-7号,20:30-21:30,0,1,可预约,￥5.0,阴,23,24,2,0.0,77,39
2026-05-21 20:00:49,2026-05-21,2,乒乓球厅-7号,20:30-21:30,0,1,可预约,￥5.0,雾,22,23,2,0.0,89,39
2026-05-21 20:30:44,2026-05-21,2,乒乓球厅-7号,20:30-21:30,0,1,可预约,￥5.0,雾,22,24,2,0.0,93,43
2026-05-21 21:00:56,2026-05-21,2,乒乓球厅-7号,20:30-21:30,0,1,可预约,￥5.0,雾,20,21,2,0.0,98,43
2026-05-21 21:30:46,2026-05-21,2,乒乓球厅-7号,20:30-21:30,0,1,不开放/已过期,,雾,20,22,1,0.0,99,41
2026-05-21 22:01:02,2026-05-21,2,乒乓球厅-7号,20:30-21:30,0,1,不开放/已过期,,雾,19,20,2,0.0,93,41
2026-05-21 22:30:47,2026-05-21,2,乒乓球厅-7号,20:30-21:30,0,1,不开放/已过期,,雾,19,19,3,0.0,88,46
2026-05-21 23:00:56,2026-05-21,2,乒乓球厅-7号,20:30-21:30,0,1,不开放/已过期,,多云,18,17,3,0.0,85,46
2026-05-21 23:30:55,2026-05-21,2,乒乓球厅-7号,20:30-21:30,0,1,不开放/已过期,,多云,18,17,3,0.0,85,48
2026-05-21 00:30:49,2026-05-21,2,乒乓球厅-8号,07:00-08:00,0,1,可预约,￥0.0,多云,15,13,3,0.0,100,26
2026-05-21 01:00:55,2026-05-21,2,乒乓球厅-8号,07:00-08:00,0,1,可预约,￥0.0,多云,15,12,4,0.0,100,26
2026-05-21 01:30:47,2026-05-21,2,乒乓球厅-8号,07:00-08:00,0,1,可预约,￥0.0,多云,15,13,4,0.0,100,28
2026-05-21 02:00:53,2026-05-21,2,乒乓球厅-8号,07:00-08:00,0,1,可预约,￥0.0,多云,15,12,4,0.0,100,28
2026-05-21 02:30:49,2026-05-21,2,乒乓球厅-8号,07:00-08:00,0,1,可预约,￥0.0,多云,15,14,3,0.0,100,29
2026-05-21 03:00:55,2026-05-21,2,乒乓球厅-8号,07:00-08:00,0,1,可预约,￥0.0,多云,15,12,4,0.0,100,29
2026-05-21 03:30:49,2026-05-21,2,乒乓球厅-8号,07:00-08:00,0,1,可预约,￥0.0,多云,15,14,3,0.0,100,30
2026-05-21 04:30:45,2026-05-21,2,乒乓球厅-8号,07:00-08:00,0,1,可预约,￥0.0,多云,15,12,4,0.0,100,29
2026-05-21 05:00:52,2026-05-21,2,乒乓球厅-8号,07:00-08:00,0,1,可预约,￥0.0,多云,15,12,4,0.0,100,29
2026-05-21 05:30:49,2026-05-21,2,乒乓球厅-8号,07:00-08:00,0,1,可预约,￥0.0,多云,15,13,3,0.0,100,28
2026-05-21 06:00:50,2026-05-21,2,乒乓球厅-8号,07:00-08:00,0,1,可预约,￥0.0,多云,15,13,4,0.0,99,28
2026-05-21 06:30:38,2026-05-21,2,乒乓球厅-8号,07:00-08:00,0,1,可预约,￥0.0,多云,15,13,3,0.0,97,28
2026-05-21 07:00:43,2026-05-21,2,乒乓球厅-8号,07:00-08:00,0,1,可预约,￥0.0,晴,15,11,5,0.0,93,28
2026-05-21 07:30:39,2026-05-21,2,乒乓球厅-8号,07:00-08:00,0,1,可预约,￥0.0,晴,17,13,4,0.0,89,29
2026-05-21 07:50:40,2026-05-21,2,乒乓球厅-8号,07:00-08:00,0,1,可预约,￥0.0,晴,17,13,4,0.0,88,29
2026-05-21 07:53:31,2026-05-21,2,乒乓球厅-8号,07:00-08:00,0,1,可预约,￥0.0,晴,17,12,5,0.0,86,29
2026-05-21 07:56:31,2026-05-21,2,乒乓球厅-8号,07:00-08:00,0,1,可预约,￥0.0,晴,17,12,5,0.0,86,29
2026-05-21 07:59:26,2026-05-21,2,乒乓球厅-8号,07:00-08:00,0,1,可预约,￥0.0,晴,17,12,5,0.0,86,29
2026-05-21 08:00:45,2026-05-21,2,乒乓球厅-8号,07:00-08:00,0,1,不开放/已过期,,晴,17,12,5,0.0,86,29
2026-05-21 08:02:30,2026-05-21,2,乒乓球厅-8号,07:00-08:00,0,1,不开放/已过期,,多云,17,12,5,0.0,87,29
2026-05-21 08:05:36,2026-05-21,2,乒乓球厅-8号,07:00-08:00,0,1,不开放/已过期,,多云,17,12,5,0.0,86,29
2026-05-21 08:08:31,2026-05-21,2,乒乓球厅-8号,07:00-08:00,0,1,不开放/已过期,,多云,17,12,5,0.0,86,29
2026-05-21 08:11:30,2026-05-21,2,乒乓球厅-8号,07:00-08:00,0,1,不开放/已过期,,多云,17,12,5,0.0,86,29
2026-05-21 08:14:31,2026-05-21,2,乒乓球厅-8号,07:00-08:00,0,1,不开放/已过期,,多云,17,12,5,0.0,86,29
2026-05-21 08:17:30,2026-05-21,2,乒乓球厅-8号,07:00-08:00,0,1,不开放/已过期,,多云,17,12,5,0.0,86,29
2026-05-21 08:20:35,2026-05-21,2,乒乓球厅-8号,07:00-08:00,0,1,不开放/已过期,,多云,17,14,4,0.0,85,29
2026-05-21 08:25:32,2026-05-21,2,乒乓球厅-8号,07:00-08:00,0,1,不开放/已过期,,多云,17,14,4,0.0,85,28
2026-05-21 08:30:42,2026-05-21,2,乒乓球厅-8号,07:00-08:00,0,1,不开放/已过期,,多云,18,15,4,0.0,84,28
2026-05-21 08:35:31,2026-05-21,2,乒乓球厅-8号,07:00-08:00,0,1,不开放/已过期,,多云,18,15,4,0.0,84,28
2026-05-21 08:40:38,2026-05-21,2,乒乓球厅-8号,07:00-08:00,0,1,不开放/已过期,,多云,18,15,4,0.0,82,28
2026-05-21 08:45:33,2026-05-21,2,乒乓球厅-8号,07:00-08:00,0,1,不开放/已过期,,多云,18,15,4,0.0,82,28
2026-05-21 08:50:36,2026-05-21,2,乒乓球厅-8号,07:00-08:00,0,1,不开放/已过期,,多云,18,15,4,0.0,82,28
2026-05-21 08:55:34,2026-05-21,2,乒乓球厅-8号,07:00-08:00,0,1,不开放/已过期,,多云,18,15,4,0.0,84,28
2026-05-21 09:00:51,2026-05-21,2,乒乓球厅-8号,07:00-08:00,0,1,不开放/已过期,,多云,18,15,4,0.0,84,28
2026-05-21 09:01:59,2026-05-21,2,乒乓球厅-8号,07:00-08:00,0,1,不开放/已过期,,多云,18,15,4,0.0,83,28
2026-05-21 09:05:33,2026-05-21,2,乒乓球厅-8号,07:00-08:00,0,1,不开放/已过期,,多云,18,15,4,0.0,83,28
2026-05-21 09:20:38,2026-05-21,2,乒乓球厅-8号,07:00-08:00,0,1,不开放/已过期,,多云,18,16,3,0.0,81,28
2026-05-21 09:30:46,2026-05-21,2,乒乓球厅-8号,07:00-08:00,0,1,不开放/已过期,,多云,18,16,3,0.0,81,32
2026-05-21 09:40:36,2026-05-21,2,乒乓球厅-8号,07:00-08:00,0,1,不开放/已过期,,多云,19,17,3,0.0,79,32
2026-05-21 09:50:42,2026-05-21,2,乒乓球厅-8号,07:00-08:00,0,1,不开放/已过期,,多云,19,17,4,0.0,81,32
2026-05-21 10:00:46,2026-05-21,2,乒乓球厅-8号,07:00-08:00,0,1,不开放/已过期,,多云,19,17,4,0.0,79,32
2026-05-21 10:10:40,2026-05-21,2,乒乓球厅-8号,07:00-08:00,0,1,不开放/已过期,,多云,19,17,4,0.0,79,32
2026-05-21 10:20:38,2026-05-21,2,乒乓球厅-8号,07:00-08:00,0,1,不开放/已过期,,多云,19,17,4,0.0,79,32
2026-05-21 10:30:41,2026-05-21,2,乒乓球厅-8号,07:00-08:00,0,1,不开放/已过期,,多云,19,18,3,0.0,78,31
2026-05-21 11:00:44,2026-05-21,2,乒乓球厅-8号,07:00-08:00,0,1,不开放/已过期,,多云,21,17,5,0.0,74,31
2026-05-21 11:30:38,2026-05-21,2,乒乓球厅-8号,07:00-08:00,0,1,不开放/已过期,,多云,21,19,3,0.0,72,33
2026-05-21 12:00:46,2026-05-21,2,乒乓球厅-8号,07:00-08:00,0,1,不开放/已过期,,多云,22,19,4,0.0,70,33
2026-05-21 12:30:42,2026-05-21,2,乒乓球厅-8号,07:00-08:00,0,1,不开放/已过期,,多云,22,21,3,0.0,68,35
2026-05-21 13:00:43,2026-05-21,2,乒乓球厅-8号,07:00-08:00,0,1,不开放/已过期,,多云,24,22,4,0.0,66,35
2026-05-21 13:30:43,2026-05-21,2,乒乓球厅-8号,07:00-08:00,0,1,不开放/已过期,,多云,24,22,4,0.0,66,36
2026-05-21 14:00:48,2026-05-21,2,乒乓球厅-8号,07:00-08:00,0,1,不开放/已过期,,多云,25,23,4,0.0,66,36
2026-05-21 14:30:45,2026-05-21,2,乒乓球厅-8号,07:00-08:00,0,1,不开放/已过期,,晴,25,25,3,0.0,65,39
2026-05-21 15:00:45,2026-05-21,2,乒乓球厅-8号,07:00-08:00,0,1,不开放/已过期,,晴,25,22,4,0.0,56,39
2026-05-21 15:30:43,2026-05-21,2,乒乓球厅-8号,07:00-08:00,0,1,不开放/已过期,,晴,25,23,4,0.0,57,40
2026-05-21 16:00:51,2026-05-21,2,乒乓球厅-8号,07:00-08:00,0,1,不开放/已过期,,晴,25,23,4,0.0,57,40
2026-05-21 16:30:48,2026-05-21,2,乒乓球厅-8号,07:00-08:00,0,1,不开放/已过期,,晴,25,24,3,0.0,60,39
2026-05-21 17:00:49,2026-05-21,2,乒乓球厅-8号,07:00-08:00,0,1,不开放/已过期,,晴,25,24,4,0.0,61,39
2026-05-21 17:30:47,2026-05-21,2,乒乓球厅-8号,07:00-08:00,0,1,不开放/已过期,,多云,24,23,3,0.0,64,39
2026-05-21 18:00:50,2026-05-21,2,乒乓球厅-8号,07:00-08:00,0,1,不开放/已过期,,多云,24,23,3,0.0,68,39
2026-05-21 18:30:50,2026-05-21,2,乒乓球厅-8号,07:00-08:00,0,1,不开放/已过期,,阴,24,25,2,0.0,68,40
2026-05-21 19:00:50,2026-05-21,2,乒乓球厅-8号,07:00-08:00,0,1,不开放/已过期,,阴,23,23,3,0.0,76,40
2026-05-21 19:30:46,2026-05-21,2,乒乓球厅-8号,07:00-08:00,0,1,不开放/已过期,,阴,23,24,2,0.0,77,39
2026-05-21 20:00:49,2026-05-21,2,乒乓球厅-8号,07:00-08:00,0,1,不开放/已过期,,雾,22,23,2,0.0,89,39
2026-05-21 20:30:44,2026-05-21,2,乒乓球厅-8号,07:00-08:00,0,1,不开放/已过期,,雾,22,24,2,0.0,93,43
2026-05-21 21:00:56,2026-05-21,2,乒乓球厅-8号,07:00-08:00,0,1,不开放/已过期,,雾,20,21,2,0.0,98,43
2026-05-21 21:30:46,2026-05-21,2,乒乓球厅-8号,07:00-08:00,0,1,不开放/已过期,,雾,20,22,1,0.0,99,41
2026-05-21 22:01:02,2026-05-21,2,乒乓球厅-8号,07:00-08:00,0,1,不开放/已过期,,雾,19,20,2,0.0,93,41
2026-05-21 22:30:47,2026-05-21,2,乒乓球厅-8号,07:00-08:00,0,1,不开放/已过期,,雾,19,19,3,0.0,88,46
2026-05-21 23:00:56,2026-05-21,2,乒乓球厅-8号,07:00-08:00,0,1,不开放/已过期,,多云,18,17,3,0.0,85,46
2026-05-21 23:30:55,2026-05-21,2,乒乓球厅-8号,07:00-08:00,0,1,不开放/已过期,,多云,18,17,3,0.0,85,48
2026-05-21 00:30:49,2026-05-21,2,乒乓球厅-8号,08:00-09:00,0,1,可预约,￥0.0,多云,15,13,3,0.0,100,26
2026-05-21 01:00:55,2026-05-21,2,乒乓球厅-8号,08:00-09:00,0,1,可预约,￥0.0,多云,15,12,4,0.0,100,26
2026-05-21 01:30:47,2026-05-21,2,乒乓球厅-8号,08:00-09:00,0,1,可预约,￥0.0,多云,15,13,4,0.0,100,28
2026-05-21 02:00:53,2026-05-21,2,乒乓球厅-8号,08:00-09:00,0,1,可预约,￥0.0,多云,15,12,4,0.0,100,28
2026-05-21 02:30:49,2026-05-21,2,乒乓球厅-8号,08:00-09:00,0,1,可预约,￥0.0,多云,15,14,3,0.0,100,29
2026-05-21 03:00:55,2026-05-21,2,乒乓球厅-8号,08:00-09:00,0,1,可预约,￥0.0,多云,15,12,4,0.0,100,29
2026-05-21 03:30:49,2026-05-21,2,乒乓球厅-8号,08:00-09:00,0,1,可预约,￥0.0,多云,15,14,3,0.0,100,30
2026-05-21 04:30:45,2026-05-21,2,乒乓球厅-8号,08:00-09:00,0,1,可预约,￥0.0,多云,15,12,4,0.0,100,29
2026-05-21 05:00:52,2026-05-21,2,乒乓球厅-8号,08:00-09:00,0,1,可预约,￥0.0,多云,15,12,4,0.0,100,29
2026-05-21 05:30:49,2026-05-21,2,乒乓球厅-8号,08:00-09:00,0,1,可预约,￥0.0,多云,15,13,3,0.0,100,28
2026-05-21 06:00:50,2026-05-21,2,乒乓球厅-8号,08:00-09:00,0,1,可预约,￥0.0,多云,15,13,4,0.0,99,28
2026-05-21 06:30:38,2026-05-21,2,乒乓球厅-8号,08:00-09:00,0,1,可预约,￥0.0,多云,15,13,3,0.0,97,28
2026-05-21 07:00:43,2026-05-21,2,乒乓球厅-8号,08:00-09:00,0,1,可预约,￥0.0,晴,15,11,5,0.0,93,28
2026-05-21 07:30:39,2026-05-21,2,乒乓球厅-8号,08:00-09:00,0,1,可预约,￥0.0,晴,17,13,4,0.0,89,29
2026-05-21 07:50:40,2026-05-21,2,乒乓球厅-8号,08:00-09:00,0,1,可预约,￥0.0,晴,17,13,4,0.0,88,29
2026-05-21 07:53:31,2026-05-21,2,乒乓球厅-8号,08:00-09:00,0,1,可预约,￥0.0,晴,17,12,5,0.0,86,29
2026-05-21 07:56:31,2026-05-21,2,乒乓球厅-8号,08:00-09:00,0,1,可预约,￥0.0,晴,17,12,5,0.0,86,29
2026-05-21 07:59:26,2026-05-21,2,乒乓球厅-8号,08:00-09:00,0,1,可预约,￥0.0,晴,17,12,5,0.0,86,29
2026-05-21 08:00:45,2026-05-21,2,乒乓球厅-8号,08:00-09:00,0,1,可预约,￥0.0,晴,17,12,5,0.0,86,29
2026-05-21 08:02:30,2026-05-21,2,乒乓球厅-8号,08:00-09:00,0,1,可预约,￥0.0,多云,17,12,5,0.0,87,29
2026-05-21 08:05:36,2026-05-21,2,乒乓球厅-8号,08:00-09:00,0,1,可预约,￥0.0,多云,17,12,5,0.0,86,29
2026-05-21 08:08:31,2026-05-21,2,乒乓球厅-8号,08:00-09:00,0,1,可预约,￥0.0,多云,17,12,5,0.0,86,29
2026-05-21 08:11:30,2026-05-21,2,乒乓球厅-8号,08:00-09:00,0,1,可预约,￥0.0,多云,17,12,5,0.0,86,29
2026-05-21 08:14:31,2026-05-21,2,乒乓球厅-8号,08:00-09:00,0,1,可预约,￥0.0,多云,17,12,5,0.0,86,29
2026-05-21 08:17:30,2026-05-21,2,乒乓球厅-8号,08:00-09:00,0,1,可预约,￥0.0,多云,17,12,5,0.0,86,29
2026-05-21 08:20:35,2026-05-21,2,乒乓球厅-8号,08:00-09:00,0,1,可预约,￥0.0,多云,17,14,4,0.0,85,29
2026-05-21 08:25:32,2026-05-21,2,乒乓球厅-8号,08:00-09:00,0,1,可预约,￥0.0,多云,17,14,4,0.0,85,28
2026-05-21 08:30:42,2026-05-21,2,乒乓球厅-8号,08:00-09:00,0,1,可预约,￥0.0,多云,18,15,4,0.0,84,28
2026-05-21 08:35:31,2026-05-21,2,乒乓球厅-8号,08:00-09:00,0,1,可预约,￥0.0,多云,18,15,4,0.0,84,28
2026-05-21 08:40:38,2026-05-21,2,乒乓球厅-8号,08:00-09:00,0,1,可预约,￥0.0,多云,18,15,4,0.0,82,28
2026-05-21 08:45:33,2026-05-21,2,乒乓球厅-8号,08:00-09:00,0,1,可预约,￥0.0,多云,18,15,4,0.0,82,28
2026-05-21 08:50:36,2026-05-21,2,乒乓球厅-8号,08:00-09:00,0,1,可预约,￥0.0,多云,18,15,4,0.0,82,28
2026-05-21 08:55:34,2026-05-21,2,乒乓球厅-8号,08:00-09:00,0,1,可预约,￥0.0,多云,18,15,4,0.0,84,28
2026-05-21 09:00:51,2026-05-21,2,乒乓球厅-8号,08:00-09:00,0,1,不开放/已过期,,多云,18,15,4,0.0,84,28
2026-05-21 09:01:59,2026-05-21,2,乒乓球厅-8号,08:00-09:00,0,1,不开放/已过期,,多云,18,15,4,0.0,83,28
2026-05-21 09:05:33,2026-05-21,2,乒乓球厅-8号,08:00-09:00,0,1,不开放/已过期,,多云,18,15,4,0.0,83,28
2026-05-21 09:20:38,2026-05-21,2,乒乓球厅-8号,08:00-09:00,0,1,不开放/已过期,,多云,18,16,3,0.0,81,28
2026-05-21 09:30:46,2026-05-21,2,乒乓球厅-8号,08:00-09:00,0,1,不开放/已过期,,多云,18,16,3,0.0,81,32
2026-05-21 09:40:36,2026-05-21,2,乒乓球厅-8号,08:00-09:00,0,1,不开放/已过期,,多云,19,17,3,0.0,79,32
2026-05-21 09:50:42,2026-05-21,2,乒乓球厅-8号,08:00-09:00,0,1,不开放/已过期,,多云,19,17,4,0.0,81,32
2026-05-21 10:00:46,2026-05-21,2,乒乓球厅-8号,08:00-09:00,0,1,不开放/已过期,,多云,19,17,4,0.0,79,32
2026-05-21 10:10:40,2026-05-21,2,乒乓球厅-8号,08:00-09:00,0,1,不开放/已过期,,多云,19,17,4,0.0,79,32
2026-05-21 10:20:38,2026-05-21,2,乒乓球厅-8号,08:00-09:00,0,1,不开放/已过期,,多云,19,17,4,0.0,79,32
2026-05-21 10:30:41,2026-05-21,2,乒乓球厅-8号,08:00-09:00,0,1,不开放/已过期,,多云,19,18,3,0.0,78,31
2026-05-21 11:00:44,2026-05-21,2,乒乓球厅-8号,08:00-09:00,0,1,不开放/已过期,,多云,21,17,5,0.0,74,31
2026-05-21 11:30:38,2026-05-21,2,乒乓球厅-8号,08:00-09:00,0,1,不开放/已过期,,多云,21,19,3,0.0,72,33
2026-05-21 12:00:46,2026-05-21,2,乒乓球厅-8号,08:00-09:00,0,1,不开放/已过期,,多云,22,19,4,0.0,70,33
2026-05-21 12:30:42,2026-05-21,2,乒乓球厅-8号,08:00-09:00,0,1,不开放/已过期,,多云,22,21,3,0.0,68,35
2026-05-21 13:00:43,2026-05-21,2,乒乓球厅-8号,08:00-09:00,0,1,不开放/已过期,,多云,24,22,4,0.0,66,35
2026-05-21 13:30:43,2026-05-21,2,乒乓球厅-8号,08:00-09:00,0,1,不开放/已过期,,多云,24,22,4,0.0,66,36
2026-05-21 14:00:48,2026-05-21,2,乒乓球厅-8号,08:00-09:00,0,1,不开放/已过期,,多云,25,23,4,0.0,66,36
2026-05-21 14:30:45,2026-05-21,2,乒乓球厅-8号,08:00-09:00,0,1,不开放/已过期,,晴,25,25,3,0.0,65,39
2026-05-21 15:00:45,2026-05-21,2,乒乓球厅-8号,08:00-09:00,0,1,不开放/已过期,,晴,25,22,4,0.0,56,39
2026-05-21 15:30:43,2026-05-21,2,乒乓球厅-8号,08:00-09:00,0,1,不开放/已过期,,晴,25,23,4,0.0,57,40
2026-05-21 16:00:51,2026-05-21,2,乒乓球厅-8号,08:00-09:00,0,1,不开放/已过期,,晴,25,23,4,0.0,57,40
2026-05-21 16:30:48,2026-05-21,2,乒乓球厅-8号,08:00-09:00,0,1,不开放/已过期,,晴,25,24,3,0.0,60,39
2026-05-21 17:00:49,2026-05-21,2,乒乓球厅-8号,08:00-09:00,0,1,不开放/已过期,,晴,25,24,4,0.0,61,39
2026-05-21 17:30:47,2026-05-21,2,乒乓球厅-8号,08:00-09:00,0,1,不开放/已过期,,多云,24,23,3,0.0,64,39
2026-05-21 18:00:50,2026-05-21,2,乒乓球厅-8号,08:00-09:00,0,1,不开放/已过期,,多云,24,23,3,0.0,68,39
2026-05-21 18:30:50,2026-05-21,2,乒乓球厅-8号,08:00-09:00,0,1,不开放/已过期,,阴,24,25,2,0.0,68,40
2026-05-21 19:00:50,2026-05-21,2,乒乓球厅-8号,08:00-09:00,0,1,不开放/已过期,,阴,23,23,3,0.0,76,40
2026-05-21 19:30:46,2026-05-21,2,乒乓球厅-8号,08:00-09:00,0,1,不开放/已过期,,阴,23,24,2,0.0,77,39
2026-05-21 20:00:49,2026-05-21,2,乒乓球厅-8号,08:00-09:00,0,1,不开放/已过期,,雾,22,23,2,0.0,89,39
2026-05-21 20:30:44,2026-05-21,2,乒乓球厅-8号,08:00-09:00,0,1,不开放/已过期,,雾,22,24,2,0.0,93,43
2026-05-21 21:00:56,2026-05-21,2,乒乓球厅-8号,08:00-09:00,0,1,不开放/已过期,,雾,20,21,2,0.0,98,43
2026-05-21 21:30:46,2026-05-21,2,乒乓球厅-8号,08:00-09:00,0,1,不开放/已过期,,雾,20,22,1,0.0,99,41
2026-05-21 22:01:02,2026-05-21,2,乒乓球厅-8号,08:00-09:00,0,1,不开放/已过期,,雾,19,20,2,0.0,93,41
2026-05-21 22:30:47,2026-05-21,2,乒乓球厅-8号,08:00-09:00,0,1,不开放/已过期,,雾,19,19,3,0.0,88,46
2026-05-21 23:00:56,2026-05-21,2,乒乓球厅-8号,08:00-09:00,0,1,不开放/已过期,,多云,18,17,3,0.0,85,46
2026-05-21 23:30:55,2026-05-21,2,乒乓球厅-8号,08:00-09:00,0,1,不开放/已过期,,多云,18,17,3,0.0,85,48
2026-05-21 00:30:49,2026-05-21,2,乒乓球厅-8号,09:00-10:00,0,1,可预约,￥5.0,多云,15,13,3,0.0,100,26
2026-05-21 01:00:55,2026-05-21,2,乒乓球厅-8号,09:00-10:00,0,1,可预约,￥5.0,多云,15,12,4,0.0,100,26
2026-05-21 01:30:47,2026-05-21,2,乒乓球厅-8号,09:00-10:00,0,1,可预约,￥5.0,多云,15,13,4,0.0,100,28
2026-05-21 02:00:53,2026-05-21,2,乒乓球厅-8号,09:00-10:00,0,1,可预约,￥5.0,多云,15,12,4,0.0,100,28
2026-05-21 02:30:49,2026-05-21,2,乒乓球厅-8号,09:00-10:00,0,1,可预约,￥5.0,多云,15,14,3,0.0,100,29
2026-05-21 03:00:55,2026-05-21,2,乒乓球厅-8号,09:00-10:00,0,1,可预约,￥5.0,多云,15,12,4,0.0,100,29
2026-05-21 03:30:49,2026-05-21,2,乒乓球厅-8号,09:00-10:00,0,1,可预约,￥5.0,多云,15,14,3,0.0,100,30
2026-05-21 04:30:45,2026-05-21,2,乒乓球厅-8号,09:00-10:00,0,1,可预约,￥5.0,多云,15,12,4,0.0,100,29
2026-05-21 05:00:52,2026-05-21,2,乒乓球厅-8号,09:00-10:00,0,1,可预约,￥5.0,多云,15,12,4,0.0,100,29
2026-05-21 05:30:49,2026-05-21,2,乒乓球厅-8号,09:00-10:00,0,1,可预约,￥5.0,多云,15,13,3,0.0,100,28
2026-05-21 06:00:50,2026-05-21,2,乒乓球厅-8号,09:00-10:00,0,1,可预约,￥5.0,多云,15,13,4,0.0,99,28
2026-05-21 06:30:38,2026-05-21,2,乒乓球厅-8号,09:00-10:00,0,1,可预约,￥5.0,多云,15,13,3,0.0,97,28
2026-05-21 07:00:43,2026-05-21,2,乒乓球厅-8号,09:00-10:00,0,1,可预约,￥5.0,晴,15,11,5,0.0,93,28
2026-05-21 07:30:39,2026-05-21,2,乒乓球厅-8号,09:00-10:00,0,1,可预约,￥5.0,晴,17,13,4,0.0,89,29
2026-05-21 07:50:40,2026-05-21,2,乒乓球厅-8号,09:00-10:00,0,1,可预约,￥5.0,晴,17,13,4,0.0,88,29
2026-05-21 07:53:31,2026-05-21,2,乒乓球厅-8号,09:00-10:00,0,1,可预约,￥5.0,晴,17,12,5,0.0,86,29
2026-05-21 07:56:31,2026-05-21,2,乒乓球厅-8号,09:00-10:00,0,1,可预约,￥5.0,晴,17,12,5,0.0,86,29
2026-05-21 07:59:26,2026-05-21,2,乒乓球厅-8号,09:00-10:00,0,1,可预约,￥5.0,晴,17,12,5,0.0,86,29
2026-05-21 08:00:45,2026-05-21,2,乒乓球厅-8号,09:00-10:00,0,1,可预约,￥5.0,晴,17,12,5,0.0,86,29
2026-05-21 08:02:30,2026-05-21,2,乒乓球厅-8号,09:00-10:00,0,1,可预约,￥5.0,多云,17,12,5,0.0,87,29
2026-05-21 08:05:36,2026-05-21,2,乒乓球厅-8号,09:00-10:00,0,1,可预约,￥5.0,多云,17,12,5,0.0,86,29
2026-05-21 08:08:31,2026-05-21,2,乒乓球厅-8号,09:00-10:00,0,1,可预约,￥5.0,多云,17,12,5,0.0,86,29
2026-05-21 08:11:30,2026-05-21,2,乒乓球厅-8号,09:00-10:00,0,1,可预约,￥5.0,多云,17,12,5,0.0,86,29
2026-05-21 08:14:31,2026-05-21,2,乒乓球厅-8号,09:00-10:00,0,1,可预约,￥5.0,多云,17,12,5,0.0,86,29
2026-05-21 08:17:30,2026-05-21,2,乒乓球厅-8号,09:00-10:00,0,1,可预约,￥5.0,多云,17,12,5,0.0,86,29
2026-05-21 08:20:35,2026-05-21,2,乒乓球厅-8号,09:00-10:00,0,1,可预约,￥5.0,多云,17,14,4,0.0,85,29
2026-05-21 08:25:32,2026-05-21,2,乒乓球厅-8号,09:00-10:00,0,1,可预约,￥5.0,多云,17,14,4,0.0,85,28
2026-05-21 08:30:42,2026-05-21,2,乒乓球厅-8号,09:00-10:00,0,1,可预约,￥5.0,多云,18,15,4,0.0,84,28
2026-05-21 08:35:31,2026-05-21,2,乒乓球厅-8号,09:00-10:00,0,1,可预约,￥5.0,多云,18,15,4,0.0,84,28
2026-05-21 08:40:38,2026-05-21,2,乒乓球厅-8号,09:00-10:00,0,1,可预约,￥5.0,多云,18,15,4,0.0,82,28
2026-05-21 08:45:33,2026-05-21,2,乒乓球厅-8号,09:00-10:00,0,1,可预约,￥5.0,多云,18,15,4,0.0,82,28
2026-05-21 08:50:36,2026-05-21,2,乒乓球厅-8号,09:00-10:00,0,1,可预约,￥5.0,多云,18,15,4,0.0,82,28
2026-05-21 08:55:34,2026-05-21,2,乒乓球厅-8号,09:00-10:00,0,1,可预约,￥5.0,多云,18,15,4,0.0,84,28
2026-05-21 09:00:51,2026-05-21,2,乒乓球厅-8号,09:00-10:00,0,1,可预约,￥5.0,多云,18,15,4,0.0,84,28
2026-05-21 09:01:59,2026-05-21,2,乒乓球厅-8号,09:00-10:00,0,1,可预约,￥5.0,多云,18,15,4,0.0,83,28
2026-05-21 09:05:33,2026-05-21,2,乒乓球厅-8号,09:00-10:00,0,1,可预约,￥5.0,多云,18,15,4,0.0,83,28
2026-05-21 09:20:38,2026-05-21,2,乒乓球厅-8号,09:00-10:00,0,1,可预约,￥5.0,多云,18,16,3,0.0,81,28
2026-05-21 09:30:46,2026-05-21,2,乒乓球厅-8号,09:00-10:00,0,1,可预约,￥5.0,多云,18,16,3,0.0,81,32
2026-05-21 09:40:36,2026-05-21,2,乒乓球厅-8号,09:00-10:00,0,1,可预约,￥5.0,多云,19,17,3,0.0,79,32
2026-05-21 09:50:42,2026-05-21,2,乒乓球厅-8号,09:00-10:00,0,1,可预约,￥5.0,多云,19,17,4,0.0,81,32
2026-05-21 10:00:46,2026-05-21,2,乒乓球厅-8号,09:00-10:00,0,1,不开放/已过期,,多云,19,17,4,0.0,79,32
2026-05-21 10:10:40,2026-05-21,2,乒乓球厅-8号,09:00-10:00,0,1,不开放/已过期,,多云,19,17,4,0.0,79,32
2026-05-21 10:20:38,2026-05-21,2,乒乓球厅-8号,09:00-10:00,0,1,不开放/已过期,,多云,19,17,4,0.0,79,32
2026-05-21 10:30:41,2026-05-21,2,乒乓球厅-8号,09:00-10:00,0,1,不开放/已过期,,多云,19,18,3,0.0,78,31
2026-05-21 11:00:44,2026-05-21,2,乒乓球厅-8号,09:00-10:00,0,1,不开放/已过期,,多云,21,17,5,0.0,74,31
2026-05-21 11:30:38,2026-05-21,2,乒乓球厅-8号,09:00-10:00,0,1,不开放/已过期,,多云,21,19,3,0.0,72,33
2026-05-21 12:00:46,2026-05-21,2,乒乓球厅-8号,09:00-10:00,0,1,不开放/已过期,,多云,22,19,4,0.0,70,33
2026-05-21 12:30:42,2026-05-21,2,乒乓球厅-8号,09:00-10:00,0,1,不开放/已过期,,多云,22,21,3,0.0,68,35
2026-05-21 13:00:43,2026-05-21,2,乒乓球厅-8号,09:00-10:00,0,1,不开放/已过期,,多云,24,22,4,0.0,66,35
2026-05-21 13:30:43,2026-05-21,2,乒乓球厅-8号,09:00-10:00,0,1,不开放/已过期,,多云,24,22,4,0.0,66,36
2026-05-21 14:00:48,2026-05-21,2,乒乓球厅-8号,09:00-10:00,0,1,不开放/已过期,,多云,25,23,4,0.0,66,36
2026-05-21 14:30:45,2026-05-21,2,乒乓球厅-8号,09:00-10:00,0,1,不开放/已过期,,晴,25,25,3,0.0,65,39
2026-05-21 15:00:45,2026-05-21,2,乒乓球厅-8号,09:00-10:00,0,1,不开放/已过期,,晴,25,22,4,0.0,56,39
2026-05-21 15:30:43,2026-05-21,2,乒乓球厅-8号,09:00-10:00,0,1,不开放/已过期,,晴,25,23,4,0.0,57,40
2026-05-21 16:00:51,2026-05-21,2,乒乓球厅-8号,09:00-10:00,0,1,不开放/已过期,,晴,25,23,4,0.0,57,40
2026-05-21 16:30:48,2026-05-21,2,乒乓球厅-8号,09:00-10:00,0,1,不开放/已过期,,晴,25,24,3,0.0,60,39
2026-05-21 17:00:49,2026-05-21,2,乒乓球厅-8号,09:00-10:00,0,1,不开放/已过期,,晴,25,24,4,0.0,61,39
2026-05-21 17:30:47,2026-05-21,2,乒乓球厅-8号,09:00-10:00,0,1,不开放/已过期,,多云,24,23,3,0.0,64,39
2026-05-21 18:00:50,2026-05-21,2,乒乓球厅-8号,09:00-10:00,0,1,不开放/已过期,,多云,24,23,3,0.0,68,39
2026-05-21 18:30:50,2026-05-21,2,乒乓球厅-8号,09:00-10:00,0,1,不开放/已过期,,阴,24,25,2,0.0,68,40
2026-05-21 19:00:50,2026-05-21,2,乒乓球厅-8号,09:00-10:00,0,1,不开放/已过期,,阴,23,23,3,0.0,76,40
2026-05-21 19:30:46,2026-05-21,2,乒乓球厅-8号,09:00-10:00,0,1,不开放/已过期,,阴,23,24,2,0.0,77,39
2026-05-21 20:00:49,2026-05-21,2,乒乓球厅-8号,09:00-10:00,0,1,不开放/已过期,,雾,22,23,2,0.0,89,39
2026-05-21 20:30:44,2026-05-21,2,乒乓球厅-8号,09:00-10:00,0,1,不开放/已过期,,雾,22,24,2,0.0,93,43
2026-05-21 21:00:56,2026-05-21,2,乒乓球厅-8号,09:00-10:00,0,1,不开放/已过期,,雾,20,21,2,0.0,98,43
2026-05-21 21:30:46,2026-05-21,2,乒乓球厅-8号,09:00-10:00,0,1,不开放/已过期,,雾,20,22,1,0.0,99,41
2026-05-21 22:01:02,2026-05-21,2,乒乓球厅-8号,09:00-10:00,0,1,不开放/已过期,,雾,19,20,2,0.0,93,41
2026-05-21 22:30:47,2026-05-21,2,乒乓球厅-8号,09:00-10:00,0,1,不开放/已过期,,雾,19,19,3,0.0,88,46
2026-05-21 23:00:56,2026-05-21,2,乒乓球厅-8号,09:00-10:00,0,1,不开放/已过期,,多云,18,17,3,0.0,85,46
2026-05-21 23:30:55,2026-05-21,2,乒乓球厅-8号,09:00-10:00,0,1,不开放/已过期,,多云,18,17,3,0.0,85,48
2026-05-21 00:30:49,2026-05-21,2,乒乓球厅-8号,10:00-11:00,1,1,已售/已满,教学时间,多云,15,13,3,0.0,100,26
2026-05-21 01:00:55,2026-05-21,2,乒乓球厅-8号,10:00-11:00,1,1,已售/已满,教学时间,多云,15,12,4,0.0,100,26
2026-05-21 01:30:47,2026-05-21,2,乒乓球厅-8号,10:00-11:00,1,1,已售/已满,教学时间,多云,15,13,4,0.0,100,28
2026-05-21 02:00:53,2026-05-21,2,乒乓球厅-8号,10:00-11:00,1,1,已售/已满,教学时间,多云,15,12,4,0.0,100,28
2026-05-21 02:30:49,2026-05-21,2,乒乓球厅-8号,10:00-11:00,1,1,已售/已满,教学时间,多云,15,14,3,0.0,100,29
2026-05-21 03:00:55,2026-05-21,2,乒乓球厅-8号,10:00-11:00,1,1,已售/已满,教学时间,多云,15,12,4,0.0,100,29
2026-05-21 03:30:49,2026-05-21,2,乒乓球厅-8号,10:00-11:00,1,1,已售/已满,教学时间,多云,15,14,3,0.0,100,30
2026-05-21 04:30:45,2026-05-21,2,乒乓球厅-8号,10:00-11:00,1,1,已售/已满,教学时间,多云,15,12,4,0.0,100,29
2026-05-21 05:00:52,2026-05-21,2,乒乓球厅-8号,10:00-11:00,1,1,已售/已满,教学时间,多云,15,12,4,0.0,100,29
2026-05-21 05:30:49,2026-05-21,2,乒乓球厅-8号,10:00-11:00,1,1,已售/已满,教学时间,多云,15,13,3,0.0,100,28
2026-05-21 06:00:50,2026-05-21,2,乒乓球厅-8号,10:00-11:00,1,1,已售/已满,教学时间,多云,15,13,4,0.0,99,28
2026-05-21 06:30:38,2026-05-21,2,乒乓球厅-8号,10:00-11:00,1,1,已售/已满,教学时间,多云,15,13,3,0.0,97,28
2026-05-21 07:00:43,2026-05-21,2,乒乓球厅-8号,10:00-11:00,1,1,已售/已满,教学时间,晴,15,11,5,0.0,93,28
2026-05-21 07:30:39,2026-05-21,2,乒乓球厅-8号,10:00-11:00,1,1,已售/已满,教学时间,晴,17,13,4,0.0,89,29
2026-05-21 07:50:40,2026-05-21,2,乒乓球厅-8号,10:00-11:00,1,1,已售/已满,教学时间,晴,17,13,4,0.0,88,29
2026-05-21 07:53:31,2026-05-21,2,乒乓球厅-8号,10:00-11:00,1,1,已售/已满,教学时间,晴,17,12,5,0.0,86,29
2026-05-21 07:56:31,2026-05-21,2,乒乓球厅-8号,10:00-11:00,1,1,已售/已满,教学时间,晴,17,12,5,0.0,86,29
2026-05-21 07:59:26,2026-05-21,2,乒乓球厅-8号,10:00-11:00,1,1,已售/已满,教学时间,晴,17,12,5,0.0,86,29
2026-05-21 08:00:45,2026-05-21,2,乒乓球厅-8号,10:00-11:00,1,1,已售/已满,教学时间,晴,17,12,5,0.0,86,29
2026-05-21 08:02:30,2026-05-21,2,乒乓球厅-8号,10:00-11:00,1,1,已售/已满,教学时间,多云,17,12,5,0.0,87,29
2026-05-21 08:05:36,2026-05-21,2,乒乓球厅-8号,10:00-11:00,1,1,已售/已满,教学时间,多云,17,12,5,0.0,86,29
2026-05-21 08:08:31,2026-05-21,2,乒乓球厅-8号,10:00-11:00,1,1,已售/已满,教学时间,多云,17,12,5,0.0,86,29
2026-05-21 08:11:30,2026-05-21,2,乒乓球厅-8号,10:00-11:00,1,1,已售/已满,教学时间,多云,17,12,5,0.0,86,29
2026-05-21 08:14:31,2026-05-21,2,乒乓球厅-8号,10:00-11:00,1,1,已售/已满,教学时间,多云,17,12,5,0.0,86,29
2026-05-21 08:17:30,2026-05-21,2,乒乓球厅-8号,10:00-11:00,1,1,已售/已满,教学时间,多云,17,12,5,0.0,86,29
2026-05-21 08:20:35,2026-05-21,2,乒乓球厅-8号,10:00-11:00,1,1,已售/已满,教学时间,多云,17,14,4,0.0,85,29
2026-05-21 08:25:32,2026-05-21,2,乒乓球厅-8号,10:00-11:00,1,1,已售/已满,教学时间,多云,17,14,4,0.0,85,28
2026-05-21 08:30:42,2026-05-21,2,乒乓球厅-8号,10:00-11:00,1,1,已售/已满,教学时间,多云,18,15,4,0.0,84,28
2026-05-21 08:35:31,2026-05-21,2,乒乓球厅-8号,10:00-11:00,1,1,已售/已满,教学时间,多云,18,15,4,0.0,84,28
2026-05-21 08:40:38,2026-05-21,2,乒乓球厅-8号,10:00-11:00,1,1,已售/已满,教学时间,多云,18,15,4,0.0,82,28
2026-05-21 08:45:33,2026-05-21,2,乒乓球厅-8号,10:00-11:00,1,1,已售/已满,教学时间,多云,18,15,4,0.0,82,28
2026-05-21 08:50:36,2026-05-21,2,乒乓球厅-8号,10:00-11:00,1,1,已售/已满,教学时间,多云,18,15,4,0.0,82,28
2026-05-21 08:55:34,2026-05-21,2,乒乓球厅-8号,10:00-11:00,1,1,已售/已满,教学时间,多云,18,15,4,0.0,84,28
2026-05-21 09:00:51,2026-05-21,2,乒乓球厅-8号,10:00-11:00,1,1,已售/已满,教学时间,多云,18,15,4,0.0,84,28
2026-05-21 09:01:59,2026-05-21,2,乒乓球厅-8号,10:00-11:00,1,1,已售/已满,教学时间,多云,18,15,4,0.0,83,28
2026-05-21 09:05:33,2026-05-21,2,乒乓球厅-8号,10:00-11:00,1,1,已售/已满,教学时间,多云,18,15,4,0.0,83,28
2026-05-21 09:20:38,2026-05-21,2,乒乓球厅-8号,10:00-11:00,1,1,已售/已满,教学时间,多云,18,16,3,0.0,81,28
2026-05-21 09:30:46,2026-05-21,2,乒乓球厅-8号,10:00-11:00,1,1,已售/已满,教学时间,多云,18,16,3,0.0,81,32
2026-05-21 09:40:36,2026-05-21,2,乒乓球厅-8号,10:00-11:00,1,1,已售/已满,教学时间,多云,19,17,3,0.0,79,32
2026-05-21 09:50:42,2026-05-21,2,乒乓球厅-8号,10:00-11:00,1,1,已售/已满,教学时间,多云,19,17,4,0.0,81,32
2026-05-21 10:00:46,2026-05-21,2,乒乓球厅-8号,10:00-11:00,1,1,已售/已满,教学时间,多云,19,17,4,0.0,79,32
2026-05-21 10:10:40,2026-05-21,2,乒乓球厅-8号,10:00-11:00,1,1,已售/已满,教学时间,多云,19,17,4,0.0,79,32
2026-05-21 10:20:38,2026-05-21,2,乒乓球厅-8号,10:00-11:00,1,1,已售/已满,教学时间,多云,19,17,4,0.0,79,32
2026-05-21 10:30:41,2026-05-21,2,乒乓球厅-8号,10:00-11:00,1,1,已售/已满,教学时间,多云,19,18,3,0.0,78,31
2026-05-21 11:00:44,2026-05-21,2,乒乓球厅-8号,10:00-11:00,1,1,已售/已满,教学时间,多云,21,17,5,0.0,74,31
2026-05-21 11:30:38,2026-05-21,2,乒乓球厅-8号,10:00-11:00,1,1,已售/已满,教学时间,多云,21,19,3,0.0,72,33
2026-05-21 12:00:46,2026-05-21,2,乒乓球厅-8号,10:00-11:00,1,1,已售/已满,教学时间,多云,22,19,4,0.0,70,33
2026-05-21 12:30:42,2026-05-21,2,乒乓球厅-8号,10:00-11:00,1,1,已售/已满,教学时间,多云,22,21,3,0.0,68,35
2026-05-21 13:00:43,2026-05-21,2,乒乓球厅-8号,10:00-11:00,1,1,已售/已满,教学时间,多云,24,22,4,0.0,66,35
2026-05-21 13:30:43,2026-05-21,2,乒乓球厅-8号,10:00-11:00,1,1,已售/已满,教学时间,多云,24,22,4,0.0,66,36
2026-05-21 14:00:48,2026-05-21,2,乒乓球厅-8号,10:00-11:00,1,1,已售/已满,教学时间,多云,25,23,4,0.0,66,36
2026-05-21 14:30:45,2026-05-21,2,乒乓球厅-8号,10:00-11:00,1,1,已售/已满,教学时间,晴,25,25,3,0.0,65,39
2026-05-21 15:00:45,2026-05-21,2,乒乓球厅-8号,10:00-11:00,1,1,已售/已满,教学时间,晴,25,22,4,0.0,56,39
2026-05-21 15:30:43,2026-05-21,2,乒乓球厅-8号,10:00-11:00,1,1,已售/已满,教学时间,晴,25,23,4,0.0,57,40
2026-05-21 16:00:51,2026-05-21,2,乒乓球厅-8号,10:00-11:00,1,1,已售/已满,教学时间,晴,25,23,4,0.0,57,40
2026-05-21 16:30:48,2026-05-21,2,乒乓球厅-8号,10:00-11:00,1,1,已售/已满,教学时间,晴,25,24,3,0.0,60,39
2026-05-21 17:00:49,2026-05-21,2,乒乓球厅-8号,10:00-11:00,1,1,已售/已满,教学时间,晴,25,24,4,0.0,61,39
2026-05-21 17:30:47,2026-05-21,2,乒乓球厅-8号,10:00-11:00,1,1,已售/已满,教学时间,多云,24,23,3,0.0,64,39
2026-05-21 18:00:50,2026-05-21,2,乒乓球厅-8号,10:00-11:00,1,1,已售/已满,教学时间,多云,24,23,3,0.0,68,39
2026-05-21 18:30:50,2026-05-21,2,乒乓球厅-8号,10:00-11:00,1,1,已售/已满,教学时间,阴,24,25,2,0.0,68,40
2026-05-21 19:00:50,2026-05-21,2,乒乓球厅-8号,10:00-11:00,1,1,已售/已满,教学时间,阴,23,23,3,0.0,76,40
2026-05-21 19:30:46,2026-05-21,2,乒乓球厅-8号,10:00-11:00,1,1,已售/已满,教学时间,阴,23,24,2,0.0,77,39
2026-05-21 20:00:49,2026-05-21,2,乒乓球厅-8号,10:00-11:00,1,1,已售/已满,教学时间,雾,22,23,2,0.0,89,39
2026-05-21 20:30:44,2026-05-21,2,乒乓球厅-8号,10:00-11:00,1,1,已售/已满,教学时间,雾,22,24,2,0.0,93,43
2026-05-21 21:00:56,2026-05-21,2,乒乓球厅-8号,10:00-11:00,1,1,已售/已满,教学时间,雾,20,21,2,0.0,98,43
2026-05-21 21:30:46,2026-05-21,2,乒乓球厅-8号,10:00-11:00,1,1,已售/已满,教学时间,雾,20,22,1,0.0,99,41
2026-05-21 22:01:02,2026-05-21,2,乒乓球厅-8号,10:00-11:00,1,1,已售/已满,教学时间,雾,19,20,2,0.0,93,41
2026-05-21 22:30:47,2026-05-21,2,乒乓球厅-8号,10:00-11:00,1,1,已售/已满,教学时间,雾,19,19,3,0.0,88,46
2026-05-21 23:00:56,2026-05-21,2,乒乓球厅-8号,10:00-11:00,1,1,已售/已满,教学时间,多云,18,17,3,0.0,85,46
2026-05-21 23:30:55,2026-05-21,2,乒乓球厅-8号,10:00-11:00,1,1,已售/已满,教学时间,多云,18,17,3,0.0,85,48
2026-05-21 00:30:49,2026-05-21,2,乒乓球厅-8号,11:00-12:00,1,1,已售/已满,教学时间,多云,15,13,3,0.0,100,26
2026-05-21 01:00:55,2026-05-21,2,乒乓球厅-8号,11:00-12:00,1,1,已售/已满,教学时间,多云,15,12,4,0.0,100,26
2026-05-21 01:30:47,2026-05-21,2,乒乓球厅-8号,11:00-12:00,1,1,已售/已满,教学时间,多云,15,13,4,0.0,100,28
2026-05-21 02:00:53,2026-05-21,2,乒乓球厅-8号,11:00-12:00,1,1,已售/已满,教学时间,多云,15,12,4,0.0,100,28
2026-05-21 02:30:49,2026-05-21,2,乒乓球厅-8号,11:00-12:00,1,1,已售/已满,教学时间,多云,15,14,3,0.0,100,29
2026-05-21 03:00:55,2026-05-21,2,乒乓球厅-8号,11:00-12:00,1,1,已售/已满,教学时间,多云,15,12,4,0.0,100,29
2026-05-21 03:30:49,2026-05-21,2,乒乓球厅-8号,11:00-12:00,1,1,已售/已满,教学时间,多云,15,14,3,0.0,100,30
2026-05-21 04:30:45,2026-05-21,2,乒乓球厅-8号,11:00-12:00,1,1,已售/已满,教学时间,多云,15,12,4,0.0,100,29
2026-05-21 05:00:52,2026-05-21,2,乒乓球厅-8号,11:00-12:00,1,1,已售/已满,教学时间,多云,15,12,4,0.0,100,29
2026-05-21 05:30:49,2026-05-21,2,乒乓球厅-8号,11:00-12:00,1,1,已售/已满,教学时间,多云,15,13,3,0.0,100,28
2026-05-21 06:00:50,2026-05-21,2,乒乓球厅-8号,11:00-12:00,1,1,已售/已满,教学时间,多云,15,13,4,0.0,99,28
2026-05-21 06:30:38,2026-05-21,2,乒乓球厅-8号,11:00-12:00,1,1,已售/已满,教学时间,多云,15,13,3,0.0,97,28
2026-05-21 07:00:43,2026-05-21,2,乒乓球厅-8号,11:00-12:00,1,1,已售/已满,教学时间,晴,15,11,5,0.0,93,28
2026-05-21 07:30:39,2026-05-21,2,乒乓球厅-8号,11:00-12:00,1,1,已售/已满,教学时间,晴,17,13,4,0.0,89,29
2026-05-21 07:50:40,2026-05-21,2,乒乓球厅-8号,11:00-12:00,1,1,已售/已满,教学时间,晴,17,13,4,0.0,88,29
2026-05-21 07:53:31,2026-05-21,2,乒乓球厅-8号,11:00-12:00,1,1,已售/已满,教学时间,晴,17,12,5,0.0,86,29
2026-05-21 07:56:31,2026-05-21,2,乒乓球厅-8号,11:00-12:00,1,1,已售/已满,教学时间,晴,17,12,5,0.0,86,29
2026-05-21 07:59:26,2026-05-21,2,乒乓球厅-8号,11:00-12:00,1,1,已售/已满,教学时间,晴,17,12,5,0.0,86,29
2026-05-21 08:00:45,2026-05-21,2,乒乓球厅-8号,11:00-12:00,1,1,已售/已满,教学时间,晴,17,12,5,0.0,86,29
2026-05-21 08:02:30,2026-05-21,2,乒乓球厅-8号,11:00-12:00,1,1,已售/已满,教学时间,多云,17,12,5,0.0,87,29
2026-05-21 08:05:36,2026-05-21,2,乒乓球厅-8号,11:00-12:00,1,1,已售/已满,教学时间,多云,17,12,5,0.0,86,29
2026-05-21 08:08:31,2026-05-21,2,乒乓球厅-8号,11:00-12:00,1,1,已售/已满,教学时间,多云,17,12,5,0.0,86,29
2026-05-21 08:11:30,2026-05-21,2,乒乓球厅-8号,11:00-12:00,1,1,已售/已满,教学时间,多云,17,12,5,0.0,86,29
2026-05-21 08:14:31,2026-05-21,2,乒乓球厅-8号,11:00-12:00,1,1,已售/已满,教学时间,多云,17,12,5,0.0,86,29
2026-05-21 08:17:30,2026-05-21,2,乒乓球厅-8号,11:00-12:00,1,1,已售/已满,教学时间,多云,17,12,5,0.0,86,29
2026-05-21 08:20:35,2026-05-21,2,乒乓球厅-8号,11:00-12:00,1,1,已售/已满,教学时间,多云,17,14,4,0.0,85,29
2026-05-21 08:25:32,2026-05-21,2,乒乓球厅-8号,11:00-12:00,1,1,已售/已满,教学时间,多云,17,14,4,0.0,85,28
2026-05-21 08:30:42,2026-05-21,2,乒乓球厅-8号,11:00-12:00,1,1,已售/已满,教学时间,多云,18,15,4,0.0,84,28
2026-05-21 08:35:31,2026-05-21,2,乒乓球厅-8号,11:00-12:00,1,1,已售/已满,教学时间,多云,18,15,4,0.0,84,28
2026-05-21 08:40:38,2026-05-21,2,乒乓球厅-8号,11:00-12:00,1,1,已售/已满,教学时间,多云,18,15,4,0.0,82,28
2026-05-21 08:45:33,2026-05-21,2,乒乓球厅-8号,11:00-12:00,1,1,已售/已满,教学时间,多云,18,15,4,0.0,82,28
2026-05-21 08:50:36,2026-05-21,2,乒乓球厅-8号,11:00-12:00,1,1,已售/已满,教学时间,多云,18,15,4,0.0,82,28
2026-05-21 08:55:34,2026-05-21,2,乒乓球厅-8号,11:00-12:00,1,1,已售/已满,教学时间,多云,18,15,4,0.0,84,28
2026-05-21 09:00:51,2026-05-21,2,乒乓球厅-8号,11:00-12:00,1,1,已售/已满,教学时间,多云,18,15,4,0.0,84,28
2026-05-21 09:01:59,2026-05-21,2,乒乓球厅-8号,11:00-12:00,1,1,已售/已满,教学时间,多云,18,15,4,0.0,83,28
2026-05-21 09:05:33,2026-05-21,2,乒乓球厅-8号,11:00-12:00,1,1,已售/已满,教学时间,多云,18,15,4,0.0,83,28
2026-05-21 09:20:38,2026-05-21,2,乒乓球厅-8号,11:00-12:00,1,1,已售/已满,教学时间,多云,18,16,3,0.0,81,28
2026-05-21 09:30:46,2026-05-21,2,乒乓球厅-8号,11:00-12:00,1,1,已售/已满,教学时间,多云,18,16,3,0.0,81,32
2026-05-21 09:40:36,2026-05-21,2,乒乓球厅-8号,11:00-12:00,1,1,已售/已满,教学时间,多云,19,17,3,0.0,79,32
2026-05-21 09:50:42,2026-05-21,2,乒乓球厅-8号,11:00-12:00,1,1,已售/已满,教学时间,多云,19,17,4,0.0,81,32
2026-05-21 10:00:46,2026-05-21,2,乒乓球厅-8号,11:00-12:00,1,1,已售/已满,教学时间,多云,19,17,4,0.0,79,32
2026-05-21 10:10:40,2026-05-21,2,乒乓球厅-8号,11:00-12:00,1,1,已售/已满,教学时间,多云,19,17,4,0.0,79,32
2026-05-21 10:20:38,2026-05-21,2,乒乓球厅-8号,11:00-12:00,1,1,已售/已满,教学时间,多云,19,17,4,0.0,79,32
2026-05-21 10:30:41,2026-05-21,2,乒乓球厅-8号,11:00-12:00,1,1,已售/已满,教学时间,多云,19,18,3,0.0,78,31
2026-05-21 11:00:44,2026-05-21,2,乒乓球厅-8号,11:00-12:00,1,1,已售/已满,教学时间,多云,21,17,5,0.0,74,31
2026-05-21 11:30:38,2026-05-21,2,乒乓球厅-8号,11:00-12:00,1,1,已售/已满,教学时间,多云,21,19,3,0.0,72,33
2026-05-21 12:00:46,2026-05-21,2,乒乓球厅-8号,11:00-12:00,1,1,已售/已满,教学时间,多云,22,19,4,0.0,70,33
2026-05-21 12:30:42,2026-05-21,2,乒乓球厅-8号,11:00-12:00,1,1,已售/已满,教学时间,多云,22,21,3,0.0,68,35
2026-05-21 13:00:43,2026-05-21,2,乒乓球厅-8号,11:00-12:00,1,1,已售/已满,教学时间,多云,24,22,4,0.0,66,35
2026-05-21 13:30:43,2026-05-21,2,乒乓球厅-8号,11:00-12:00,1,1,已售/已满,教学时间,多云,24,22,4,0.0,66,36
2026-05-21 14:00:48,2026-05-21,2,乒乓球厅-8号,11:00-12:00,1,1,已售/已满,教学时间,多云,25,23,4,0.0,66,36
2026-05-21 14:30:45,2026-05-21,2,乒乓球厅-8号,11:00-12:00,1,1,已售/已满,教学时间,晴,25,25,3,0.0,65,39
2026-05-21 15:00:45,2026-05-21,2,乒乓球厅-8号,11:00-12:00,1,1,已售/已满,教学时间,晴,25,22,4,0.0,56,39
2026-05-21 15:30:43,2026-05-21,2,乒乓球厅-8号,11:00-12:00,1,1,已售/已满,教学时间,晴,25,23,4,0.0,57,40
2026-05-21 16:00:51,2026-05-21,2,乒乓球厅-8号,11:00-12:00,1,1,已售/已满,教学时间,晴,25,23,4,0.0,57,40
2026-05-21 16:30:48,2026-05-21,2,乒乓球厅-8号,11:00-12:00,1,1,已售/已满,教学时间,晴,25,24,3,0.0,60,39
2026-05-21 17:00:49,2026-05-21,2,乒乓球厅-8号,11:00-12:00,1,1,已售/已满,教学时间,晴,25,24,4,0.0,61,39
2026-05-21 17:30:47,2026-05-21,2,乒乓球厅-8号,11:00-12:00,1,1,已售/已满,教学时间,多云,24,23,3,0.0,64,39
2026-05-21 18:00:50,2026-05-21,2,乒乓球厅-8号,11:00-12:00,1,1,已售/已满,教学时间,多云,24,23,3,0.0,68,39
2026-05-21 18:30:50,2026-05-21,2,乒乓球厅-8号,11:00-12:00,1,1,已售/已满,教学时间,阴,24,25,2,0.0,68,40
2026-05-21 19:00:50,2026-05-21,2,乒乓球厅-8号,11:00-12:00,1,1,已售/已满,教学时间,阴,23,23,3,0.0,76,40
2026-05-21 19:30:46,2026-05-21,2,乒乓球厅-8号,11:00-12:00,1,1,已售/已满,教学时间,阴,23,24,2,0.0,77,39
2026-05-21 20:00:49,2026-05-21,2,乒乓球厅-8号,11:00-12:00,1,1,已售/已满,教学时间,雾,22,23,2,0.0,89,39
2026-05-21 20:30:44,2026-05-21,2,乒乓球厅-8号,11:00-12:00,1,1,已售/已满,教学时间,雾,22,24,2,0.0,93,43
2026-05-21 21:00:56,2026-05-21,2,乒乓球厅-8号,11:00-12:00,1,1,已售/已满,教学时间,雾,20,21,2,0.0,98,43
2026-05-21 21:30:46,2026-05-21,2,乒乓球厅-8号,11:00-12:00,1,1,已售/已满,教学时间,雾,20,22,1,0.0,99,41
2026-05-21 22:01:02,2026-05-21,2,乒乓球厅-8号,11:00-12:00,1,1,已售/已满,教学时间,雾,19,20,2,0.0,93,41
2026-05-21 22:30:47,2026-05-21,2,乒乓球厅-8号,11:00-12:00,1,1,已售/已满,教学时间,雾,19,19,3,0.0,88,46
2026-05-21 23:00:56,2026-05-21,2,乒乓球厅-8号,11:00-12:00,1,1,已售/已满,教学时间,多云,18,17,3,0.0,85,46
2026-05-21 23:30:55,2026-05-21,2,乒乓球厅-8号,11:00-12:00,1,1,已售/已满,教学时间,多云,18,17,3,0.0,85,48
2026-05-21 00:30:49,2026-05-21,2,乒乓球厅-8号,12:00-12:55,0,1,可预约,￥0.0,多云,15,13,3,0.0,100,26
2026-05-21 01:00:55,2026-05-21,2,乒乓球厅-8号,12:00-12:55,0,1,可预约,￥0.0,多云,15,12,4,0.0,100,26
2026-05-21 01:30:47,2026-05-21,2,乒乓球厅-8号,12:00-12:55,0,1,可预约,￥0.0,多云,15,13,4,0.0,100,28
2026-05-21 02:00:53,2026-05-21,2,乒乓球厅-8号,12:00-12:55,0,1,可预约,￥0.0,多云,15,12,4,0.0,100,28
2026-05-21 02:30:49,2026-05-21,2,乒乓球厅-8号,12:00-12:55,0,1,可预约,￥0.0,多云,15,14,3,0.0,100,29
2026-05-21 03:00:55,2026-05-21,2,乒乓球厅-8号,12:00-12:55,0,1,可预约,￥0.0,多云,15,12,4,0.0,100,29
2026-05-21 03:30:49,2026-05-21,2,乒乓球厅-8号,12:00-12:55,0,1,可预约,￥0.0,多云,15,14,3,0.0,100,30
2026-05-21 04:30:45,2026-05-21,2,乒乓球厅-8号,12:00-12:55,0,1,可预约,￥0.0,多云,15,12,4,0.0,100,29
2026-05-21 05:00:52,2026-05-21,2,乒乓球厅-8号,12:00-12:55,0,1,可预约,￥0.0,多云,15,12,4,0.0,100,29
2026-05-21 05:30:49,2026-05-21,2,乒乓球厅-8号,12:00-12:55,0,1,可预约,￥0.0,多云,15,13,3,0.0,100,28
2026-05-21 06:00:50,2026-05-21,2,乒乓球厅-8号,12:00-12:55,0,1,可预约,￥0.0,多云,15,13,4,0.0,99,28
2026-05-21 06:30:38,2026-05-21,2,乒乓球厅-8号,12:00-12:55,0,1,可预约,￥0.0,多云,15,13,3,0.0,97,28
2026-05-21 07:00:43,2026-05-21,2,乒乓球厅-8号,12:00-12:55,0,1,可预约,￥0.0,晴,15,11,5,0.0,93,28
2026-05-21 07:30:39,2026-05-21,2,乒乓球厅-8号,12:00-12:55,0,1,可预约,￥0.0,晴,17,13,4,0.0,89,29
2026-05-21 07:50:40,2026-05-21,2,乒乓球厅-8号,12:00-12:55,0,1,可预约,￥0.0,晴,17,13,4,0.0,88,29
2026-05-21 07:53:31,2026-05-21,2,乒乓球厅-8号,12:00-12:55,0,1,可预约,￥0.0,晴,17,12,5,0.0,86,29
2026-05-21 07:56:31,2026-05-21,2,乒乓球厅-8号,12:00-12:55,0,1,可预约,￥0.0,晴,17,12,5,0.0,86,29
2026-05-21 07:59:26,2026-05-21,2,乒乓球厅-8号,12:00-12:55,0,1,可预约,￥0.0,晴,17,12,5,0.0,86,29
2026-05-21 08:00:45,2026-05-21,2,乒乓球厅-8号,12:00-12:55,0,1,可预约,￥0.0,晴,17,12,5,0.0,86,29
2026-05-21 08:02:30,2026-05-21,2,乒乓球厅-8号,12:00-12:55,0,1,可预约,￥0.0,多云,17,12,5,0.0,87,29
2026-05-21 08:05:36,2026-05-21,2,乒乓球厅-8号,12:00-12:55,0,1,可预约,￥0.0,多云,17,12,5,0.0,86,29
2026-05-21 08:08:31,2026-05-21,2,乒乓球厅-8号,12:00-12:55,0,1,可预约,￥0.0,多云,17,12,5,0.0,86,29
2026-05-21 08:11:30,2026-05-21,2,乒乓球厅-8号,12:00-12:55,0,1,可预约,￥0.0,多云,17,12,5,0.0,86,29
2026-05-21 08:14:31,2026-05-21,2,乒乓球厅-8号,12:00-12:55,0,1,可预约,￥0.0,多云,17,12,5,0.0,86,29
2026-05-21 08:17:30,2026-05-21,2,乒乓球厅-8号,12:00-12:55,0,1,可预约,￥0.0,多云,17,12,5,0.0,86,29
2026-05-21 08:20:35,2026-05-21,2,乒乓球厅-8号,12:00-12:55,0,1,可预约,￥0.0,多云,17,14,4,0.0,85,29
2026-05-21 08:25:32,2026-05-21,2,乒乓球厅-8号,12:00-12:55,0,1,可预约,￥0.0,多云,17,14,4,0.0,85,28
2026-05-21 08:30:42,2026-05-21,2,乒乓球厅-8号,12:00-12:55,0,1,可预约,￥0.0,多云,18,15,4,0.0,84,28
2026-05-21 08:35:31,2026-05-21,2,乒乓球厅-8号,12:00-12:55,0,1,可预约,￥0.0,多云,18,15,4,0.0,84,28
2026-05-21 08:40:38,2026-05-21,2,乒乓球厅-8号,12:00-12:55,0,1,可预约,￥0.0,多云,18,15,4,0.0,82,28
2026-05-21 08:45:33,2026-05-21,2,乒乓球厅-8号,12:00-12:55,0,1,可预约,￥0.0,多云,18,15,4,0.0,82,28
2026-05-21 08:50:36,2026-05-21,2,乒乓球厅-8号,12:00-12:55,0,1,可预约,￥0.0,多云,18,15,4,0.0,82,28
2026-05-21 08:55:34,2026-05-21,2,乒乓球厅-8号,12:00-12:55,0,1,可预约,￥0.0,多云,18,15,4,0.0,84,28
2026-05-21 09:00:51,2026-05-21,2,乒乓球厅-8号,12:00-12:55,0,1,可预约,￥0.0,多云,18,15,4,0.0,84,28
2026-05-21 09:01:59,2026-05-21,2,乒乓球厅-8号,12:00-12:55,0,1,可预约,￥0.0,多云,18,15,4,0.0,83,28
2026-05-21 09:05:33,2026-05-21,2,乒乓球厅-8号,12:00-12:55,0,1,可预约,￥0.0,多云,18,15,4,0.0,83,28
2026-05-21 09:20:38,2026-05-21,2,乒乓球厅-8号,12:00-12:55,0,1,可预约,￥0.0,多云,18,16,3,0.0,81,28
2026-05-21 09:30:46,2026-05-21,2,乒乓球厅-8号,12:00-12:55,0,1,可预约,￥0.0,多云,18,16,3,0.0,81,32
2026-05-21 09:40:36,2026-05-21,2,乒乓球厅-8号,12:00-12:55,0,1,可预约,￥0.0,多云,19,17,3,0.0,79,32
2026-05-21 09:50:42,2026-05-21,2,乒乓球厅-8号,12:00-12:55,0,1,可预约,￥0.0,多云,19,17,4,0.0,81,32
2026-05-21 10:00:46,2026-05-21,2,乒乓球厅-8号,12:00-12:55,0,1,可预约,￥0.0,多云,19,17,4,0.0,79,32
2026-05-21 10:10:40,2026-05-21,2,乒乓球厅-8号,12:00-12:55,0,1,可预约,￥0.0,多云,19,17,4,0.0,79,32
2026-05-21 10:20:38,2026-05-21,2,乒乓球厅-8号,12:00-12:55,0,1,可预约,￥0.0,多云,19,17,4,0.0,79,32
2026-05-21 10:30:41,2026-05-21,2,乒乓球厅-8号,12:00-12:55,0,1,可预约,￥0.0,多云,19,18,3,0.0,78,31
2026-05-21 11:00:44,2026-05-21,2,乒乓球厅-8号,12:00-12:55,0,1,可预约,￥0.0,多云,21,17,5,0.0,74,31
2026-05-21 11:30:38,2026-05-21,2,乒乓球厅-8号,12:00-12:55,0,1,可预约,￥0.0,多云,21,19,3,0.0,72,33
2026-05-21 12:00:46,2026-05-21,2,乒乓球厅-8号,12:00-12:55,0,1,可预约,￥0.0,多云,22,19,4,0.0,70,33
2026-05-21 12:30:42,2026-05-21,2,乒乓球厅-8号,12:00-12:55,0,1,可预约,￥0.0,多云,22,21,3,0.0,68,35
2026-05-21 13:00:43,2026-05-21,2,乒乓球厅-8号,12:00-12:55,0,1,不开放/已过期,,多云,24,22,4,0.0,66,35
2026-05-21 13:30:43,2026-05-21,2,乒乓球厅-8号,12:00-12:55,0,1,不开放/已过期,,多云,24,22,4,0.0,66,36
2026-05-21 14:00:48,2026-05-21,2,乒乓球厅-8号,12:00-12:55,0,1,不开放/已过期,,多云,25,23,4,0.0,66,36
2026-05-21 14:30:45,2026-05-21,2,乒乓球厅-8号,12:00-12:55,0,1,不开放/已过期,,晴,25,25,3,0.0,65,39
2026-05-21 15:00:45,2026-05-21,2,乒乓球厅-8号,12:00-12:55,0,1,不开放/已过期,,晴,25,22,4,0.0,56,39
2026-05-21 15:30:43,2026-05-21,2,乒乓球厅-8号,12:00-12:55,0,1,不开放/已过期,,晴,25,23,4,0.0,57,40
2026-05-21 16:00:51,2026-05-21,2,乒乓球厅-8号,12:00-12:55,0,1,不开放/已过期,,晴,25,23,4,0.0,57,40
2026-05-21 16:30:48,2026-05-21,2,乒乓球厅-8号,12:00-12:55,0,1,不开放/已过期,,晴,25,24,3,0.0,60,39
2026-05-21 17:00:49,2026-05-21,2,乒乓球厅-8号,12:00-12:55,0,1,不开放/已过期,,晴,25,24,4,0.0,61,39
2026-05-21 17:30:47,2026-05-21,2,乒乓球厅-8号,12:00-12:55,0,1,不开放/已过期,,多云,24,23,3,0.0,64,39
2026-05-21 18:00:50,2026-05-21,2,乒乓球厅-8号,12:00-12:55,0,1,不开放/已过期,,多云,24,23,3,0.0,68,39
2026-05-21 18:30:50,2026-05-21,2,乒乓球厅-8号,12:00-12:55,0,1,不开放/已过期,,阴,24,25,2,0.0,68,40
2026-05-21 19:00:50,2026-05-21,2,乒乓球厅-8号,12:00-12:55,0,1,不开放/已过期,,阴,23,23,3,0.0,76,40
2026-05-21 19:30:46,2026-05-21,2,乒乓球厅-8号,12:00-12:55,0,1,不开放/已过期,,阴,23,24,2,0.0,77,39
2026-05-21 20:00:49,2026-05-21,2,乒乓球厅-8号,12:00-12:55,0,1,不开放/已过期,,雾,22,23,2,0.0,89,39
2026-05-21 20:30:44,2026-05-21,2,乒乓球厅-8号,12:00-12:55,0,1,不开放/已过期,,雾,22,24,2,0.0,93,43
2026-05-21 21:00:56,2026-05-21,2,乒乓球厅-8号,12:00-12:55,0,1,不开放/已过期,,雾,20,21,2,0.0,98,43
2026-05-21 21:30:46,2026-05-21,2,乒乓球厅-8号,12:00-12:55,0,1,不开放/已过期,,雾,20,22,1,0.0,99,41
2026-05-21 22:01:02,2026-05-21,2,乒乓球厅-8号,12:00-12:55,0,1,不开放/已过期,,雾,19,20,2,0.0,93,41
2026-05-21 22:30:47,2026-05-21,2,乒乓球厅-8号,12:00-12:55,0,1,不开放/已过期,,雾,19,19,3,0.0,88,46
2026-05-21 23:00:56,2026-05-21,2,乒乓球厅-8号,12:00-12:55,0,1,不开放/已过期,,多云,18,17,3,0.0,85,46
2026-05-21 23:30:55,2026-05-21,2,乒乓球厅-8号,12:00-12:55,0,1,不开放/已过期,,多云,18,17,3,0.0,85,48
2026-05-21 00:30:49,2026-05-21,2,乒乓球厅-8号,12:55-13:50,0,1,可预约,￥0.0,多云,15,13,3,0.0,100,26
2026-05-21 01:00:55,2026-05-21,2,乒乓球厅-8号,12:55-13:50,0,1,可预约,￥0.0,多云,15,12,4,0.0,100,26
2026-05-21 01:30:47,2026-05-21,2,乒乓球厅-8号,12:55-13:50,0,1,可预约,￥0.0,多云,15,13,4,0.0,100,28
2026-05-21 02:00:53,2026-05-21,2,乒乓球厅-8号,12:55-13:50,0,1,可预约,￥0.0,多云,15,12,4,0.0,100,28
2026-05-21 02:30:49,2026-05-21,2,乒乓球厅-8号,12:55-13:50,0,1,可预约,￥0.0,多云,15,14,3,0.0,100,29
2026-05-21 03:00:55,2026-05-21,2,乒乓球厅-8号,12:55-13:50,0,1,可预约,￥0.0,多云,15,12,4,0.0,100,29
2026-05-21 03:30:49,2026-05-21,2,乒乓球厅-8号,12:55-13:50,0,1,可预约,￥0.0,多云,15,14,3,0.0,100,30
2026-05-21 04:30:45,2026-05-21,2,乒乓球厅-8号,12:55-13:50,0,1,可预约,￥0.0,多云,15,12,4,0.0,100,29
2026-05-21 05:00:52,2026-05-21,2,乒乓球厅-8号,12:55-13:50,0,1,可预约,￥0.0,多云,15,12,4,0.0,100,29
2026-05-21 05:30:49,2026-05-21,2,乒乓球厅-8号,12:55-13:50,0,1,可预约,￥0.0,多云,15,13,3,0.0,100,28
2026-05-21 06:00:50,2026-05-21,2,乒乓球厅-8号,12:55-13:50,0,1,可预约,￥0.0,多云,15,13,4,0.0,99,28
2026-05-21 06:30:38,2026-05-21,2,乒乓球厅-8号,12:55-13:50,0,1,可预约,￥0.0,多云,15,13,3,0.0,97,28
2026-05-21 07:00:43,2026-05-21,2,乒乓球厅-8号,12:55-13:50,0,1,可预约,￥0.0,晴,15,11,5,0.0,93,28
2026-05-21 07:30:39,2026-05-21,2,乒乓球厅-8号,12:55-13:50,0,1,可预约,￥0.0,晴,17,13,4,0.0,89,29
2026-05-21 07:50:40,2026-05-21,2,乒乓球厅-8号,12:55-13:50,0,1,可预约,￥0.0,晴,17,13,4,0.0,88,29
2026-05-21 07:53:31,2026-05-21,2,乒乓球厅-8号,12:55-13:50,0,1,可预约,￥0.0,晴,17,12,5,0.0,86,29
2026-05-21 07:56:31,2026-05-21,2,乒乓球厅-8号,12:55-13:50,0,1,可预约,￥0.0,晴,17,12,5,0.0,86,29
2026-05-21 07:59:26,2026-05-21,2,乒乓球厅-8号,12:55-13:50,0,1,可预约,￥0.0,晴,17,12,5,0.0,86,29
2026-05-21 08:00:45,2026-05-21,2,乒乓球厅-8号,12:55-13:50,0,1,可预约,￥0.0,晴,17,12,5,0.0,86,29
2026-05-21 08:02:30,2026-05-21,2,乒乓球厅-8号,12:55-13:50,0,1,可预约,￥0.0,多云,17,12,5,0.0,87,29
2026-05-21 08:05:36,2026-05-21,2,乒乓球厅-8号,12:55-13:50,0,1,可预约,￥0.0,多云,17,12,5,0.0,86,29
2026-05-21 08:08:31,2026-05-21,2,乒乓球厅-8号,12:55-13:50,0,1,可预约,￥0.0,多云,17,12,5,0.0,86,29
2026-05-21 08:11:30,2026-05-21,2,乒乓球厅-8号,12:55-13:50,0,1,可预约,￥0.0,多云,17,12,5,0.0,86,29
2026-05-21 08:14:31,2026-05-21,2,乒乓球厅-8号,12:55-13:50,0,1,可预约,￥0.0,多云,17,12,5,0.0,86,29
2026-05-21 08:17:30,2026-05-21,2,乒乓球厅-8号,12:55-13:50,0,1,可预约,￥0.0,多云,17,12,5,0.0,86,29
2026-05-21 08:20:35,2026-05-21,2,乒乓球厅-8号,12:55-13:50,0,1,可预约,￥0.0,多云,17,14,4,0.0,85,29
2026-05-21 08:25:32,2026-05-21,2,乒乓球厅-8号,12:55-13:50,0,1,可预约,￥0.0,多云,17,14,4,0.0,85,28
2026-05-21 08:30:42,2026-05-21,2,乒乓球厅-8号,12:55-13:50,0,1,可预约,￥0.0,多云,18,15,4,0.0,84,28
2026-05-21 08:35:31,2026-05-21,2,乒乓球厅-8号,12:55-13:50,0,1,可预约,￥0.0,多云,18,15,4,0.0,84,28
2026-05-21 08:40:38,2026-05-21,2,乒乓球厅-8号,12:55-13:50,0,1,可预约,￥0.0,多云,18,15,4,0.0,82,28
2026-05-21 08:45:33,2026-05-21,2,乒乓球厅-8号,12:55-13:50,0,1,可预约,￥0.0,多云,18,15,4,0.0,82,28
2026-05-21 08:50:36,2026-05-21,2,乒乓球厅-8号,12:55-13:50,0,1,可预约,￥0.0,多云,18,15,4,0.0,82,28
2026-05-21 08:55:34,2026-05-21,2,乒乓球厅-8号,12:55-13:50,0,1,可预约,￥0.0,多云,18,15,4,0.0,84,28
2026-05-21 09:00:51,2026-05-21,2,乒乓球厅-8号,12:55-13:50,0,1,可预约,￥0.0,多云,18,15,4,0.0,84,28
2026-05-21 09:01:59,2026-05-21,2,乒乓球厅-8号,12:55-13:50,0,1,可预约,￥0.0,多云,18,15,4,0.0,83,28
2026-05-21 09:05:33,2026-05-21,2,乒乓球厅-8号,12:55-13:50,0,1,可预约,￥0.0,多云,18,15,4,0.0,83,28
2026-05-21 09:20:38,2026-05-21,2,乒乓球厅-8号,12:55-13:50,0,1,可预约,￥0.0,多云,18,16,3,0.0,81,28
2026-05-21 09:30:46,2026-05-21,2,乒乓球厅-8号,12:55-13:50,0,1,可预约,￥0.0,多云,18,16,3,0.0,81,32
2026-05-21 09:40:36,2026-05-21,2,乒乓球厅-8号,12:55-13:50,0,1,可预约,￥0.0,多云,19,17,3,0.0,79,32
2026-05-21 09:50:42,2026-05-21,2,乒乓球厅-8号,12:55-13:50,0,1,可预约,￥0.0,多云,19,17,4,0.0,81,32
2026-05-21 10:00:46,2026-05-21,2,乒乓球厅-8号,12:55-13:50,0,1,可预约,￥0.0,多云,19,17,4,0.0,79,32
2026-05-21 10:10:40,2026-05-21,2,乒乓球厅-8号,12:55-13:50,0,1,可预约,￥0.0,多云,19,17,4,0.0,79,32
2026-05-21 10:20:38,2026-05-21,2,乒乓球厅-8号,12:55-13:50,0,1,可预约,￥0.0,多云,19,17,4,0.0,79,32
2026-05-21 10:30:41,2026-05-21,2,乒乓球厅-8号,12:55-13:50,0,1,可预约,￥0.0,多云,19,18,3,0.0,78,31
2026-05-21 11:00:44,2026-05-21,2,乒乓球厅-8号,12:55-13:50,0,1,可预约,￥0.0,多云,21,17,5,0.0,74,31
2026-05-21 11:30:38,2026-05-21,2,乒乓球厅-8号,12:55-13:50,0,1,可预约,￥0.0,多云,21,19,3,0.0,72,33
2026-05-21 12:00:46,2026-05-21,2,乒乓球厅-8号,12:55-13:50,0,1,可预约,￥0.0,多云,22,19,4,0.0,70,33
2026-05-21 12:30:42,2026-05-21,2,乒乓球厅-8号,12:55-13:50,0,1,可预约,￥0.0,多云,22,21,3,0.0,68,35
2026-05-21 13:00:43,2026-05-21,2,乒乓球厅-8号,12:55-13:50,0,1,可预约,￥0.0,多云,24,22,4,0.0,66,35
2026-05-21 13:30:43,2026-05-21,2,乒乓球厅-8号,12:55-13:50,0,1,可预约,￥0.0,多云,24,22,4,0.0,66,36
2026-05-21 14:00:48,2026-05-21,2,乒乓球厅-8号,12:55-13:50,0,1,不开放/已过期,,多云,25,23,4,0.0,66,36
2026-05-21 14:30:45,2026-05-21,2,乒乓球厅-8号,12:55-13:50,0,1,不开放/已过期,,晴,25,25,3,0.0,65,39
2026-05-21 15:00:45,2026-05-21,2,乒乓球厅-8号,12:55-13:50,0,1,不开放/已过期,,晴,25,22,4,0.0,56,39
2026-05-21 15:30:43,2026-05-21,2,乒乓球厅-8号,12:55-13:50,0,1,不开放/已过期,,晴,25,23,4,0.0,57,40
2026-05-21 16:00:51,2026-05-21,2,乒乓球厅-8号,12:55-13:50,0,1,不开放/已过期,,晴,25,23,4,0.0,57,40
2026-05-21 16:30:48,2026-05-21,2,乒乓球厅-8号,12:55-13:50,0,1,不开放/已过期,,晴,25,24,3,0.0,60,39
2026-05-21 17:00:49,2026-05-21,2,乒乓球厅-8号,12:55-13:50,0,1,不开放/已过期,,晴,25,24,4,0.0,61,39
2026-05-21 17:30:47,2026-05-21,2,乒乓球厅-8号,12:55-13:50,0,1,不开放/已过期,,多云,24,23,3,0.0,64,39
2026-05-21 18:00:50,2026-05-21,2,乒乓球厅-8号,12:55-13:50,0,1,不开放/已过期,,多云,24,23,3,0.0,68,39
2026-05-21 18:30:50,2026-05-21,2,乒乓球厅-8号,12:55-13:50,0,1,不开放/已过期,,阴,24,25,2,0.0,68,40
2026-05-21 19:00:50,2026-05-21,2,乒乓球厅-8号,12:55-13:50,0,1,不开放/已过期,,阴,23,23,3,0.0,76,40
2026-05-21 19:30:46,2026-05-21,2,乒乓球厅-8号,12:55-13:50,0,1,不开放/已过期,,阴,23,24,2,0.0,77,39
2026-05-21 20:00:49,2026-05-21,2,乒乓球厅-8号,12:55-13:50,0,1,不开放/已过期,,雾,22,23,2,0.0,89,39
2026-05-21 20:30:44,2026-05-21,2,乒乓球厅-8号,12:55-13:50,0,1,不开放/已过期,,雾,22,24,2,0.0,93,43
2026-05-21 21:00:56,2026-05-21,2,乒乓球厅-8号,12:55-13:50,0,1,不开放/已过期,,雾,20,21,2,0.0,98,43
2026-05-21 21:30:46,2026-05-21,2,乒乓球厅-8号,12:55-13:50,0,1,不开放/已过期,,雾,20,22,1,0.0,99,41
2026-05-21 22:01:02,2026-05-21,2,乒乓球厅-8号,12:55-13:50,0,1,不开放/已过期,,雾,19,20,2,0.0,93,41
2026-05-21 22:30:47,2026-05-21,2,乒乓球厅-8号,12:55-13:50,0,1,不开放/已过期,,雾,19,19,3,0.0,88,46
2026-05-21 23:00:56,2026-05-21,2,乒乓球厅-8号,12:55-13:50,0,1,不开放/已过期,,多云,18,17,3,0.0,85,46
2026-05-21 23:30:55,2026-05-21,2,乒乓球厅-8号,12:55-13:50,0,1,不开放/已过期,,多云,18,17,3,0.0,85,48
2026-05-21 00:30:49,2026-05-21,2,乒乓球厅-8号,14:00-15:00,0,1,可预约,￥5.0,多云,15,13,3,0.0,100,26
2026-05-21 01:00:55,2026-05-21,2,乒乓球厅-8号,14:00-15:00,0,1,可预约,￥5.0,多云,15,12,4,0.0,100,26
2026-05-21 01:30:47,2026-05-21,2,乒乓球厅-8号,14:00-15:00,0,1,可预约,￥5.0,多云,15,13,4,0.0,100,28
2026-05-21 02:00:53,2026-05-21,2,乒乓球厅-8号,14:00-15:00,0,1,可预约,￥5.0,多云,15,12,4,0.0,100,28
2026-05-21 02:30:49,2026-05-21,2,乒乓球厅-8号,14:00-15:00,0,1,可预约,￥5.0,多云,15,14,3,0.0,100,29
2026-05-21 03:00:55,2026-05-21,2,乒乓球厅-8号,14:00-15:00,0,1,可预约,￥5.0,多云,15,12,4,0.0,100,29
2026-05-21 03:30:49,2026-05-21,2,乒乓球厅-8号,14:00-15:00,0,1,可预约,￥5.0,多云,15,14,3,0.0,100,30
2026-05-21 04:30:45,2026-05-21,2,乒乓球厅-8号,14:00-15:00,0,1,可预约,￥5.0,多云,15,12,4,0.0,100,29
2026-05-21 05:00:52,2026-05-21,2,乒乓球厅-8号,14:00-15:00,0,1,可预约,￥5.0,多云,15,12,4,0.0,100,29
2026-05-21 05:30:49,2026-05-21,2,乒乓球厅-8号,14:00-15:00,0,1,可预约,￥5.0,多云,15,13,3,0.0,100,28
2026-05-21 06:00:50,2026-05-21,2,乒乓球厅-8号,14:00-15:00,0,1,可预约,￥5.0,多云,15,13,4,0.0,99,28
2026-05-21 06:30:38,2026-05-21,2,乒乓球厅-8号,14:00-15:00,0,1,可预约,￥5.0,多云,15,13,3,0.0,97,28
2026-05-21 07:00:43,2026-05-21,2,乒乓球厅-8号,14:00-15:00,0,1,可预约,￥5.0,晴,15,11,5,0.0,93,28
2026-05-21 07:30:39,2026-05-21,2,乒乓球厅-8号,14:00-15:00,0,1,可预约,￥5.0,晴,17,13,4,0.0,89,29
2026-05-21 07:50:40,2026-05-21,2,乒乓球厅-8号,14:00-15:00,0,1,可预约,￥5.0,晴,17,13,4,0.0,88,29
2026-05-21 07:53:31,2026-05-21,2,乒乓球厅-8号,14:00-15:00,0,1,可预约,￥5.0,晴,17,12,5,0.0,86,29
2026-05-21 07:56:31,2026-05-21,2,乒乓球厅-8号,14:00-15:00,0,1,可预约,￥5.0,晴,17,12,5,0.0,86,29
2026-05-21 07:59:26,2026-05-21,2,乒乓球厅-8号,14:00-15:00,0,1,可预约,￥5.0,晴,17,12,5,0.0,86,29
2026-05-21 08:00:45,2026-05-21,2,乒乓球厅-8号,14:00-15:00,0,1,可预约,￥5.0,晴,17,12,5,0.0,86,29
2026-05-21 08:02:30,2026-05-21,2,乒乓球厅-8号,14:00-15:00,0,1,可预约,￥5.0,多云,17,12,5,0.0,87,29
2026-05-21 08:05:36,2026-05-21,2,乒乓球厅-8号,14:00-15:00,0,1,可预约,￥5.0,多云,17,12,5,0.0,86,29
2026-05-21 08:08:31,2026-05-21,2,乒乓球厅-8号,14:00-15:00,0,1,可预约,￥5.0,多云,17,12,5,0.0,86,29
2026-05-21 08:11:30,2026-05-21,2,乒乓球厅-8号,14:00-15:00,0,1,可预约,￥5.0,多云,17,12,5,0.0,86,29
2026-05-21 08:14:31,2026-05-21,2,乒乓球厅-8号,14:00-15:00,0,1,可预约,￥5.0,多云,17,12,5,0.0,86,29
2026-05-21 08:17:30,2026-05-21,2,乒乓球厅-8号,14:00-15:00,0,1,可预约,￥5.0,多云,17,12,5,0.0,86,29
2026-05-21 08:20:35,2026-05-21,2,乒乓球厅-8号,14:00-15:00,0,1,可预约,￥5.0,多云,17,14,4,0.0,85,29
2026-05-21 08:25:32,2026-05-21,2,乒乓球厅-8号,14:00-15:00,0,1,可预约,￥5.0,多云,17,14,4,0.0,85,28
2026-05-21 08:30:42,2026-05-21,2,乒乓球厅-8号,14:00-15:00,0,1,可预约,￥5.0,多云,18,15,4,0.0,84,28
2026-05-21 08:35:31,2026-05-21,2,乒乓球厅-8号,14:00-15:00,0,1,可预约,￥5.0,多云,18,15,4,0.0,84,28
2026-05-21 08:40:38,2026-05-21,2,乒乓球厅-8号,14:00-15:00,0,1,可预约,￥5.0,多云,18,15,4,0.0,82,28
2026-05-21 08:45:33,2026-05-21,2,乒乓球厅-8号,14:00-15:00,0,1,可预约,￥5.0,多云,18,15,4,0.0,82,28
2026-05-21 08:50:36,2026-05-21,2,乒乓球厅-8号,14:00-15:00,0,1,可预约,￥5.0,多云,18,15,4,0.0,82,28
2026-05-21 08:55:34,2026-05-21,2,乒乓球厅-8号,14:00-15:00,0,1,可预约,￥5.0,多云,18,15,4,0.0,84,28
2026-05-21 09:00:51,2026-05-21,2,乒乓球厅-8号,14:00-15:00,0,1,可预约,￥5.0,多云,18,15,4,0.0,84,28
2026-05-21 09:01:59,2026-05-21,2,乒乓球厅-8号,14:00-15:00,0,1,可预约,￥5.0,多云,18,15,4,0.0,83,28
2026-05-21 09:05:33,2026-05-21,2,乒乓球厅-8号,14:00-15:00,0,1,可预约,￥5.0,多云,18,15,4,0.0,83,28
2026-05-21 09:20:38,2026-05-21,2,乒乓球厅-8号,14:00-15:00,0,1,可预约,￥5.0,多云,18,16,3,0.0,81,28
2026-05-21 09:30:46,2026-05-21,2,乒乓球厅-8号,14:00-15:00,0,1,可预约,￥5.0,多云,18,16,3,0.0,81,32
2026-05-21 09:40:36,2026-05-21,2,乒乓球厅-8号,14:00-15:00,0,1,可预约,￥5.0,多云,19,17,3,0.0,79,32
2026-05-21 09:50:42,2026-05-21,2,乒乓球厅-8号,14:00-15:00,0,1,可预约,￥5.0,多云,19,17,4,0.0,81,32
2026-05-21 10:00:46,2026-05-21,2,乒乓球厅-8号,14:00-15:00,0,1,可预约,￥5.0,多云,19,17,4,0.0,79,32
2026-05-21 10:10:40,2026-05-21,2,乒乓球厅-8号,14:00-15:00,0,1,可预约,￥5.0,多云,19,17,4,0.0,79,32
2026-05-21 10:20:38,2026-05-21,2,乒乓球厅-8号,14:00-15:00,0,1,可预约,￥5.0,多云,19,17,4,0.0,79,32
2026-05-21 10:30:41,2026-05-21,2,乒乓球厅-8号,14:00-15:00,0,1,可预约,￥5.0,多云,19,18,3,0.0,78,31
2026-05-21 11:00:44,2026-05-21,2,乒乓球厅-8号,14:00-15:00,0,1,可预约,￥5.0,多云,21,17,5,0.0,74,31
2026-05-21 11:30:38,2026-05-21,2,乒乓球厅-8号,14:00-15:00,0,1,可预约,￥5.0,多云,21,19,3,0.0,72,33
2026-05-21 12:00:46,2026-05-21,2,乒乓球厅-8号,14:00-15:00,0,1,可预约,￥5.0,多云,22,19,4,0.0,70,33
2026-05-21 12:30:42,2026-05-21,2,乒乓球厅-8号,14:00-15:00,0,1,可预约,￥5.0,多云,22,21,3,0.0,68,35
2026-05-21 13:00:43,2026-05-21,2,乒乓球厅-8号,14:00-15:00,0,1,可预约,￥5.0,多云,24,22,4,0.0,66,35
2026-05-21 13:30:43,2026-05-21,2,乒乓球厅-8号,14:00-15:00,0,1,可预约,￥5.0,多云,24,22,4,0.0,66,36
2026-05-21 14:00:48,2026-05-21,2,乒乓球厅-8号,14:00-15:00,0,1,可预约,￥5.0,多云,25,23,4,0.0,66,36
2026-05-21 14:30:45,2026-05-21,2,乒乓球厅-8号,14:00-15:00,0,1,可预约,￥5.0,晴,25,25,3,0.0,65,39
2026-05-21 15:00:45,2026-05-21,2,乒乓球厅-8号,14:00-15:00,0,1,不开放/已过期,,晴,25,22,4,0.0,56,39
2026-05-21 15:30:43,2026-05-21,2,乒乓球厅-8号,14:00-15:00,0,1,不开放/已过期,,晴,25,23,4,0.0,57,40
2026-05-21 16:00:51,2026-05-21,2,乒乓球厅-8号,14:00-15:00,0,1,不开放/已过期,,晴,25,23,4,0.0,57,40
2026-05-21 16:30:48,2026-05-21,2,乒乓球厅-8号,14:00-15:00,0,1,不开放/已过期,,晴,25,24,3,0.0,60,39
2026-05-21 17:00:49,2026-05-21,2,乒乓球厅-8号,14:00-15:00,0,1,不开放/已过期,,晴,25,24,4,0.0,61,39
2026-05-21 17:30:47,2026-05-21,2,乒乓球厅-8号,14:00-15:00,0,1,不开放/已过期,,多云,24,23,3,0.0,64,39
2026-05-21 18:00:50,2026-05-21,2,乒乓球厅-8号,14:00-15:00,0,1,不开放/已过期,,多云,24,23,3,0.0,68,39
2026-05-21 18:30:50,2026-05-21,2,乒乓球厅-8号,14:00-15:00,0,1,不开放/已过期,,阴,24,25,2,0.0,68,40
2026-05-21 19:00:50,2026-05-21,2,乒乓球厅-8号,14:00-15:00,0,1,不开放/已过期,,阴,23,23,3,0.0,76,40
2026-05-21 19:30:46,2026-05-21,2,乒乓球厅-8号,14:00-15:00,0,1,不开放/已过期,,阴,23,24,2,0.0,77,39
2026-05-21 20:00:49,2026-05-21,2,乒乓球厅-8号,14:00-15:00,0,1,不开放/已过期,,雾,22,23,2,0.0,89,39
2026-05-21 20:30:44,2026-05-21,2,乒乓球厅-8号,14:00-15:00,0,1,不开放/已过期,,雾,22,24,2,0.0,93,43
2026-05-21 21:00:56,2026-05-21,2,乒乓球厅-8号,14:00-15:00,0,1,不开放/已过期,,雾,20,21,2,0.0,98,43
2026-05-21 21:30:46,2026-05-21,2,乒乓球厅-8号,14:00-15:00,0,1,不开放/已过期,,雾,20,22,1,0.0,99,41
2026-05-21 22:01:02,2026-05-21,2,乒乓球厅-8号,14:00-15:00,0,1,不开放/已过期,,雾,19,20,2,0.0,93,41
2026-05-21 22:30:47,2026-05-21,2,乒乓球厅-8号,14:00-15:00,0,1,不开放/已过期,,雾,19,19,3,0.0,88,46
2026-05-21 23:00:56,2026-05-21,2,乒乓球厅-8号,14:00-15:00,0,1,不开放/已过期,,多云,18,17,3,0.0,85,46
2026-05-21 23:30:55,2026-05-21,2,乒乓球厅-8号,14:00-15:00,0,1,不开放/已过期,,多云,18,17,3,0.0,85,48
2026-05-21 00:30:49,2026-05-21,2,乒乓球厅-8号,15:00-16:00,0,1,可预约,￥5.0,多云,15,13,3,0.0,100,26
2026-05-21 01:00:55,2026-05-21,2,乒乓球厅-8号,15:00-16:00,0,1,可预约,￥5.0,多云,15,12,4,0.0,100,26
2026-05-21 01:30:47,2026-05-21,2,乒乓球厅-8号,15:00-16:00,0,1,可预约,￥5.0,多云,15,13,4,0.0,100,28
2026-05-21 02:00:53,2026-05-21,2,乒乓球厅-8号,15:00-16:00,0,1,可预约,￥5.0,多云,15,12,4,0.0,100,28
2026-05-21 02:30:49,2026-05-21,2,乒乓球厅-8号,15:00-16:00,0,1,可预约,￥5.0,多云,15,14,3,0.0,100,29
2026-05-21 03:00:55,2026-05-21,2,乒乓球厅-8号,15:00-16:00,0,1,可预约,￥5.0,多云,15,12,4,0.0,100,29
2026-05-21 03:30:49,2026-05-21,2,乒乓球厅-8号,15:00-16:00,0,1,可预约,￥5.0,多云,15,14,3,0.0,100,30
2026-05-21 04:30:45,2026-05-21,2,乒乓球厅-8号,15:00-16:00,0,1,可预约,￥5.0,多云,15,12,4,0.0,100,29
2026-05-21 05:00:52,2026-05-21,2,乒乓球厅-8号,15:00-16:00,0,1,可预约,￥5.0,多云,15,12,4,0.0,100,29
2026-05-21 05:30:49,2026-05-21,2,乒乓球厅-8号,15:00-16:00,0,1,可预约,￥5.0,多云,15,13,3,0.0,100,28
2026-05-21 06:00:50,2026-05-21,2,乒乓球厅-8号,15:00-16:00,0,1,可预约,￥5.0,多云,15,13,4,0.0,99,28
2026-05-21 06:30:38,2026-05-21,2,乒乓球厅-8号,15:00-16:00,0,1,可预约,￥5.0,多云,15,13,3,0.0,97,28
2026-05-21 07:00:43,2026-05-21,2,乒乓球厅-8号,15:00-16:00,0,1,可预约,￥5.0,晴,15,11,5,0.0,93,28
2026-05-21 07:30:39,2026-05-21,2,乒乓球厅-8号,15:00-16:00,0,1,可预约,￥5.0,晴,17,13,4,0.0,89,29
2026-05-21 07:50:40,2026-05-21,2,乒乓球厅-8号,15:00-16:00,0,1,可预约,￥5.0,晴,17,13,4,0.0,88,29
2026-05-21 07:53:31,2026-05-21,2,乒乓球厅-8号,15:00-16:00,0,1,可预约,￥5.0,晴,17,12,5,0.0,86,29
2026-05-21 07:56:31,2026-05-21,2,乒乓球厅-8号,15:00-16:00,0,1,可预约,￥5.0,晴,17,12,5,0.0,86,29
2026-05-21 07:59:26,2026-05-21,2,乒乓球厅-8号,15:00-16:00,0,1,可预约,￥5.0,晴,17,12,5,0.0,86,29
2026-05-21 08:00:45,2026-05-21,2,乒乓球厅-8号,15:00-16:00,0,1,可预约,￥5.0,晴,17,12,5,0.0,86,29
2026-05-21 08:02:30,2026-05-21,2,乒乓球厅-8号,15:00-16:00,0,1,可预约,￥5.0,多云,17,12,5,0.0,87,29
2026-05-21 08:05:36,2026-05-21,2,乒乓球厅-8号,15:00-16:00,0,1,可预约,￥5.0,多云,17,12,5,0.0,86,29
2026-05-21 08:08:31,2026-05-21,2,乒乓球厅-8号,15:00-16:00,0,1,可预约,￥5.0,多云,17,12,5,0.0,86,29
2026-05-21 08:11:30,2026-05-21,2,乒乓球厅-8号,15:00-16:00,0,1,可预约,￥5.0,多云,17,12,5,0.0,86,29
2026-05-21 08:14:31,2026-05-21,2,乒乓球厅-8号,15:00-16:00,0,1,可预约,￥5.0,多云,17,12,5,0.0,86,29
2026-05-21 08:17:30,2026-05-21,2,乒乓球厅-8号,15:00-16:00,0,1,可预约,￥5.0,多云,17,12,5,0.0,86,29
2026-05-21 08:20:35,2026-05-21,2,乒乓球厅-8号,15:00-16:00,0,1,可预约,￥5.0,多云,17,14,4,0.0,85,29
2026-05-21 08:25:32,2026-05-21,2,乒乓球厅-8号,15:00-16:00,0,1,可预约,￥5.0,多云,17,14,4,0.0,85,28
2026-05-21 08:30:42,2026-05-21,2,乒乓球厅-8号,15:00-16:00,0,1,可预约,￥5.0,多云,18,15,4,0.0,84,28
2026-05-21 08:35:31,2026-05-21,2,乒乓球厅-8号,15:00-16:00,0,1,可预约,￥5.0,多云,18,15,4,0.0,84,28
2026-05-21 08:40:38,2026-05-21,2,乒乓球厅-8号,15:00-16:00,0,1,可预约,￥5.0,多云,18,15,4,0.0,82,28
2026-05-21 08:45:33,2026-05-21,2,乒乓球厅-8号,15:00-16:00,0,1,可预约,￥5.0,多云,18,15,4,0.0,82,28
2026-05-21 08:50:36,2026-05-21,2,乒乓球厅-8号,15:00-16:00,0,1,可预约,￥5.0,多云,18,15,4,0.0,82,28
2026-05-21 08:55:34,2026-05-21,2,乒乓球厅-8号,15:00-16:00,0,1,可预约,￥5.0,多云,18,15,4,0.0,84,28
2026-05-21 09:00:51,2026-05-21,2,乒乓球厅-8号,15:00-16:00,0,1,可预约,￥5.0,多云,18,15,4,0.0,84,28
2026-05-21 09:01:59,2026-05-21,2,乒乓球厅-8号,15:00-16:00,0,1,可预约,￥5.0,多云,18,15,4,0.0,83,28
2026-05-21 09:05:33,2026-05-21,2,乒乓球厅-8号,15:00-16:00,0,1,可预约,￥5.0,多云,18,15,4,0.0,83,28
2026-05-21 09:20:38,2026-05-21,2,乒乓球厅-8号,15:00-16:00,0,1,可预约,￥5.0,多云,18,16,3,0.0,81,28
2026-05-21 09:30:46,2026-05-21,2,乒乓球厅-8号,15:00-16:00,0,1,可预约,￥5.0,多云,18,16,3,0.0,81,32
2026-05-21 09:40:36,2026-05-21,2,乒乓球厅-8号,15:00-16:00,0,1,可预约,￥5.0,多云,19,17,3,0.0,79,32
2026-05-21 09:50:42,2026-05-21,2,乒乓球厅-8号,15:00-16:00,0,1,可预约,￥5.0,多云,19,17,4,0.0,81,32
2026-05-21 10:00:46,2026-05-21,2,乒乓球厅-8号,15:00-16:00,0,1,可预约,￥5.0,多云,19,17,4,0.0,79,32
2026-05-21 10:10:40,2026-05-21,2,乒乓球厅-8号,15:00-16:00,0,1,可预约,￥5.0,多云,19,17,4,0.0,79,32
2026-05-21 10:20:38,2026-05-21,2,乒乓球厅-8号,15:00-16:00,0,1,可预约,￥5.0,多云,19,17,4,0.0,79,32
2026-05-21 10:30:41,2026-05-21,2,乒乓球厅-8号,15:00-16:00,0,1,可预约,￥5.0,多云,19,18,3,0.0,78,31
2026-05-21 11:00:44,2026-05-21,2,乒乓球厅-8号,15:00-16:00,0,1,可预约,￥5.0,多云,21,17,5,0.0,74,31
2026-05-21 11:30:38,2026-05-21,2,乒乓球厅-8号,15:00-16:00,0,1,可预约,￥5.0,多云,21,19,3,0.0,72,33
2026-05-21 12:00:46,2026-05-21,2,乒乓球厅-8号,15:00-16:00,0,1,可预约,￥5.0,多云,22,19,4,0.0,70,33
2026-05-21 12:30:42,2026-05-21,2,乒乓球厅-8号,15:00-16:00,0,1,可预约,￥5.0,多云,22,21,3,0.0,68,35
2026-05-21 13:00:43,2026-05-21,2,乒乓球厅-8号,15:00-16:00,0,1,可预约,￥5.0,多云,24,22,4,0.0,66,35
2026-05-21 13:30:43,2026-05-21,2,乒乓球厅-8号,15:00-16:00,0,1,可预约,￥5.0,多云,24,22,4,0.0,66,36
2026-05-21 14:00:48,2026-05-21,2,乒乓球厅-8号,15:00-16:00,0,1,可预约,￥5.0,多云,25,23,4,0.0,66,36
2026-05-21 14:30:45,2026-05-21,2,乒乓球厅-8号,15:00-16:00,0,1,可预约,￥5.0,晴,25,25,3,0.0,65,39
2026-05-21 15:00:45,2026-05-21,2,乒乓球厅-8号,15:00-16:00,0,1,可预约,￥5.0,晴,25,22,4,0.0,56,39
2026-05-21 15:30:43,2026-05-21,2,乒乓球厅-8号,15:00-16:00,0,1,可预约,￥5.0,晴,25,23,4,0.0,57,40
2026-05-21 16:00:51,2026-05-21,2,乒乓球厅-8号,15:00-16:00,0,1,不开放/已过期,,晴,25,23,4,0.0,57,40
2026-05-21 16:30:48,2026-05-21,2,乒乓球厅-8号,15:00-16:00,0,1,不开放/已过期,,晴,25,24,3,0.0,60,39
2026-05-21 17:00:49,2026-05-21,2,乒乓球厅-8号,15:00-16:00,0,1,不开放/已过期,,晴,25,24,4,0.0,61,39
2026-05-21 17:30:47,2026-05-21,2,乒乓球厅-8号,15:00-16:00,0,1,不开放/已过期,,多云,24,23,3,0.0,64,39
2026-05-21 18:00:50,2026-05-21,2,乒乓球厅-8号,15:00-16:00,0,1,不开放/已过期,,多云,24,23,3,0.0,68,39
2026-05-21 18:30:50,2026-05-21,2,乒乓球厅-8号,15:00-16:00,0,1,不开放/已过期,,阴,24,25,2,0.0,68,40
2026-05-21 19:00:50,2026-05-21,2,乒乓球厅-8号,15:00-16:00,0,1,不开放/已过期,,阴,23,23,3,0.0,76,40
2026-05-21 19:30:46,2026-05-21,2,乒乓球厅-8号,15:00-16:00,0,1,不开放/已过期,,阴,23,24,2,0.0,77,39
2026-05-21 20:00:49,2026-05-21,2,乒乓球厅-8号,15:00-16:00,0,1,不开放/已过期,,雾,22,23,2,0.0,89,39
2026-05-21 20:30:44,2026-05-21,2,乒乓球厅-8号,15:00-16:00,0,1,不开放/已过期,,雾,22,24,2,0.0,93,43
2026-05-21 21:00:56,2026-05-21,2,乒乓球厅-8号,15:00-16:00,0,1,不开放/已过期,,雾,20,21,2,0.0,98,43
2026-05-21 21:30:46,2026-05-21,2,乒乓球厅-8号,15:00-16:00,0,1,不开放/已过期,,雾,20,22,1,0.0,99,41
2026-05-21 22:01:02,2026-05-21,2,乒乓球厅-8号,15:00-16:00,0,1,不开放/已过期,,雾,19,20,2,0.0,93,41
2026-05-21 22:30:47,2026-05-21,2,乒乓球厅-8号,15:00-16:00,0,1,不开放/已过期,,雾,19,19,3,0.0,88,46
2026-05-21 23:00:56,2026-05-21,2,乒乓球厅-8号,15:00-16:00,0,1,不开放/已过期,,多云,18,17,3,0.0,85,46
2026-05-21 23:30:55,2026-05-21,2,乒乓球厅-8号,15:00-16:00,0,1,不开放/已过期,,多云,18,17,3,0.0,85,48
2026-05-21 00:30:49,2026-05-21,2,乒乓球厅-8号,16:00-17:00,0,1,可预约,￥5.0,多云,15,13,3,0.0,100,26
2026-05-21 01:00:55,2026-05-21,2,乒乓球厅-8号,16:00-17:00,0,1,可预约,￥5.0,多云,15,12,4,0.0,100,26
2026-05-21 01:30:47,2026-05-21,2,乒乓球厅-8号,16:00-17:00,0,1,可预约,￥5.0,多云,15,13,4,0.0,100,28
2026-05-21 02:00:53,2026-05-21,2,乒乓球厅-8号,16:00-17:00,0,1,可预约,￥5.0,多云,15,12,4,0.0,100,28
2026-05-21 02:30:49,2026-05-21,2,乒乓球厅-8号,16:00-17:00,0,1,可预约,￥5.0,多云,15,14,3,0.0,100,29
2026-05-21 03:00:55,2026-05-21,2,乒乓球厅-8号,16:00-17:00,0,1,可预约,￥5.0,多云,15,12,4,0.0,100,29
2026-05-21 03:30:49,2026-05-21,2,乒乓球厅-8号,16:00-17:00,0,1,可预约,￥5.0,多云,15,14,3,0.0,100,30
2026-05-21 04:30:45,2026-05-21,2,乒乓球厅-8号,16:00-17:00,0,1,可预约,￥5.0,多云,15,12,4,0.0,100,29
2026-05-21 05:00:52,2026-05-21,2,乒乓球厅-8号,16:00-17:00,0,1,可预约,￥5.0,多云,15,12,4,0.0,100,29
2026-05-21 05:30:49,2026-05-21,2,乒乓球厅-8号,16:00-17:00,0,1,可预约,￥5.0,多云,15,13,3,0.0,100,28
2026-05-21 06:00:50,2026-05-21,2,乒乓球厅-8号,16:00-17:00,0,1,可预约,￥5.0,多云,15,13,4,0.0,99,28
2026-05-21 06:30:38,2026-05-21,2,乒乓球厅-8号,16:00-17:00,0,1,可预约,￥5.0,多云,15,13,3,0.0,97,28
2026-05-21 07:00:43,2026-05-21,2,乒乓球厅-8号,16:00-17:00,0,1,可预约,￥5.0,晴,15,11,5,0.0,93,28
2026-05-21 07:30:39,2026-05-21,2,乒乓球厅-8号,16:00-17:00,0,1,可预约,￥5.0,晴,17,13,4,0.0,89,29
2026-05-21 07:50:40,2026-05-21,2,乒乓球厅-8号,16:00-17:00,0,1,可预约,￥5.0,晴,17,13,4,0.0,88,29
2026-05-21 07:53:31,2026-05-21,2,乒乓球厅-8号,16:00-17:00,0,1,可预约,￥5.0,晴,17,12,5,0.0,86,29
2026-05-21 07:56:31,2026-05-21,2,乒乓球厅-8号,16:00-17:00,0,1,可预约,￥5.0,晴,17,12,5,0.0,86,29
2026-05-21 07:59:26,2026-05-21,2,乒乓球厅-8号,16:00-17:00,0,1,可预约,￥5.0,晴,17,12,5,0.0,86,29
2026-05-21 08:00:45,2026-05-21,2,乒乓球厅-8号,16:00-17:00,0,1,可预约,￥5.0,晴,17,12,5,0.0,86,29
2026-05-21 08:02:30,2026-05-21,2,乒乓球厅-8号,16:00-17:00,0,1,可预约,￥5.0,多云,17,12,5,0.0,87,29
2026-05-21 08:05:36,2026-05-21,2,乒乓球厅-8号,16:00-17:00,0,1,可预约,￥5.0,多云,17,12,5,0.0,86,29
2026-05-21 08:08:31,2026-05-21,2,乒乓球厅-8号,16:00-17:00,0,1,可预约,￥5.0,多云,17,12,5,0.0,86,29
2026-05-21 08:11:30,2026-05-21,2,乒乓球厅-8号,16:00-17:00,0,1,可预约,￥5.0,多云,17,12,5,0.0,86,29
2026-05-21 08:14:31,2026-05-21,2,乒乓球厅-8号,16:00-17:00,0,1,可预约,￥5.0,多云,17,12,5,0.0,86,29
2026-05-21 08:17:30,2026-05-21,2,乒乓球厅-8号,16:00-17:00,0,1,可预约,￥5.0,多云,17,12,5,0.0,86,29
2026-05-21 08:20:35,2026-05-21,2,乒乓球厅-8号,16:00-17:00,0,1,可预约,￥5.0,多云,17,14,4,0.0,85,29
2026-05-21 08:25:32,2026-05-21,2,乒乓球厅-8号,16:00-17:00,0,1,可预约,￥5.0,多云,17,14,4,0.0,85,28
2026-05-21 08:30:42,2026-05-21,2,乒乓球厅-8号,16:00-17:00,0,1,可预约,￥5.0,多云,18,15,4,0.0,84,28
2026-05-21 08:35:31,2026-05-21,2,乒乓球厅-8号,16:00-17:00,0,1,可预约,￥5.0,多云,18,15,4,0.0,84,28
2026-05-21 08:40:38,2026-05-21,2,乒乓球厅-8号,16:00-17:00,0,1,可预约,￥5.0,多云,18,15,4,0.0,82,28
2026-05-21 08:45:33,2026-05-21,2,乒乓球厅-8号,16:00-17:00,0,1,可预约,￥5.0,多云,18,15,4,0.0,82,28
2026-05-21 08:50:36,2026-05-21,2,乒乓球厅-8号,16:00-17:00,0,1,可预约,￥5.0,多云,18,15,4,0.0,82,28
2026-05-21 08:55:34,2026-05-21,2,乒乓球厅-8号,16:00-17:00,0,1,可预约,￥5.0,多云,18,15,4,0.0,84,28
2026-05-21 09:00:51,2026-05-21,2,乒乓球厅-8号,16:00-17:00,0,1,可预约,￥5.0,多云,18,15,4,0.0,84,28
2026-05-21 09:01:59,2026-05-21,2,乒乓球厅-8号,16:00-17:00,0,1,可预约,￥5.0,多云,18,15,4,0.0,83,28
2026-05-21 09:05:33,2026-05-21,2,乒乓球厅-8号,16:00-17:00,0,1,可预约,￥5.0,多云,18,15,4,0.0,83,28
2026-05-21 09:20:38,2026-05-21,2,乒乓球厅-8号,16:00-17:00,0,1,可预约,￥5.0,多云,18,16,3,0.0,81,28
2026-05-21 09:30:46,2026-05-21,2,乒乓球厅-8号,16:00-17:00,0,1,可预约,￥5.0,多云,18,16,3,0.0,81,32
2026-05-21 09:40:36,2026-05-21,2,乒乓球厅-8号,16:00-17:00,0,1,可预约,￥5.0,多云,19,17,3,0.0,79,32
2026-05-21 09:50:42,2026-05-21,2,乒乓球厅-8号,16:00-17:00,0,1,可预约,￥5.0,多云,19,17,4,0.0,81,32
2026-05-21 10:00:46,2026-05-21,2,乒乓球厅-8号,16:00-17:00,0,1,可预约,￥5.0,多云,19,17,4,0.0,79,32
2026-05-21 10:10:40,2026-05-21,2,乒乓球厅-8号,16:00-17:00,0,1,可预约,￥5.0,多云,19,17,4,0.0,79,32
2026-05-21 10:20:38,2026-05-21,2,乒乓球厅-8号,16:00-17:00,0,1,可预约,￥5.0,多云,19,17,4,0.0,79,32
2026-05-21 10:30:41,2026-05-21,2,乒乓球厅-8号,16:00-17:00,0,1,可预约,￥5.0,多云,19,18,3,0.0,78,31
2026-05-21 11:00:44,2026-05-21,2,乒乓球厅-8号,16:00-17:00,0,1,可预约,￥5.0,多云,21,17,5,0.0,74,31
2026-05-21 11:30:38,2026-05-21,2,乒乓球厅-8号,16:00-17:00,0,1,可预约,￥5.0,多云,21,19,3,0.0,72,33
2026-05-21 12:00:46,2026-05-21,2,乒乓球厅-8号,16:00-17:00,0,1,可预约,￥5.0,多云,22,19,4,0.0,70,33
2026-05-21 12:30:42,2026-05-21,2,乒乓球厅-8号,16:00-17:00,0,1,可预约,￥5.0,多云,22,21,3,0.0,68,35
2026-05-21 13:00:43,2026-05-21,2,乒乓球厅-8号,16:00-17:00,0,1,可预约,￥5.0,多云,24,22,4,0.0,66,35
2026-05-21 13:30:43,2026-05-21,2,乒乓球厅-8号,16:00-17:00,0,1,可预约,￥5.0,多云,24,22,4,0.0,66,36
2026-05-21 14:00:48,2026-05-21,2,乒乓球厅-8号,16:00-17:00,0,1,可预约,￥5.0,多云,25,23,4,0.0,66,36
2026-05-21 14:30:45,2026-05-21,2,乒乓球厅-8号,16:00-17:00,0,1,可预约,￥5.0,晴,25,25,3,0.0,65,39
2026-05-21 15:00:45,2026-05-21,2,乒乓球厅-8号,16:00-17:00,0,1,可预约,￥5.0,晴,25,22,4,0.0,56,39
2026-05-21 15:30:43,2026-05-21,2,乒乓球厅-8号,16:00-17:00,0,1,可预约,￥5.0,晴,25,23,4,0.0,57,40
2026-05-21 16:00:51,2026-05-21,2,乒乓球厅-8号,16:00-17:00,0,1,可预约,￥5.0,晴,25,23,4,0.0,57,40
2026-05-21 16:30:48,2026-05-21,2,乒乓球厅-8号,16:00-17:00,0,1,可预约,￥5.0,晴,25,24,3,0.0,60,39
2026-05-21 17:00:49,2026-05-21,2,乒乓球厅-8号,16:00-17:00,0,1,不开放/已过期,,晴,25,24,4,0.0,61,39
2026-05-21 17:30:47,2026-05-21,2,乒乓球厅-8号,16:00-17:00,0,1,不开放/已过期,,多云,24,23,3,0.0,64,39
2026-05-21 18:00:50,2026-05-21,2,乒乓球厅-8号,16:00-17:00,0,1,不开放/已过期,,多云,24,23,3,0.0,68,39
2026-05-21 18:30:50,2026-05-21,2,乒乓球厅-8号,16:00-17:00,0,1,不开放/已过期,,阴,24,25,2,0.0,68,40
2026-05-21 19:00:50,2026-05-21,2,乒乓球厅-8号,16:00-17:00,0,1,不开放/已过期,,阴,23,23,3,0.0,76,40
2026-05-21 19:30:46,2026-05-21,2,乒乓球厅-8号,16:00-17:00,0,1,不开放/已过期,,阴,23,24,2,0.0,77,39
2026-05-21 20:00:49,2026-05-21,2,乒乓球厅-8号,16:00-17:00,0,1,不开放/已过期,,雾,22,23,2,0.0,89,39
2026-05-21 20:30:44,2026-05-21,2,乒乓球厅-8号,16:00-17:00,0,1,不开放/已过期,,雾,22,24,2,0.0,93,43
2026-05-21 21:00:56,2026-05-21,2,乒乓球厅-8号,16:00-17:00,0,1,不开放/已过期,,雾,20,21,2,0.0,98,43
2026-05-21 21:30:46,2026-05-21,2,乒乓球厅-8号,16:00-17:00,0,1,不开放/已过期,,雾,20,22,1,0.0,99,41
2026-05-21 22:01:02,2026-05-21,2,乒乓球厅-8号,16:00-17:00,0,1,不开放/已过期,,雾,19,20,2,0.0,93,41
2026-05-21 22:30:47,2026-05-21,2,乒乓球厅-8号,16:00-17:00,0,1,不开放/已过期,,雾,19,19,3,0.0,88,46
2026-05-21 23:00:56,2026-05-21,2,乒乓球厅-8号,16:00-17:00,0,1,不开放/已过期,,多云,18,17,3,0.0,85,46
2026-05-21 23:30:55,2026-05-21,2,乒乓球厅-8号,16:00-17:00,0,1,不开放/已过期,,多云,18,17,3,0.0,85,48
2026-05-21 00:30:49,2026-05-21,2,乒乓球厅-8号,17:00-18:00,0,1,可预约,￥5.0,多云,15,13,3,0.0,100,26
2026-05-21 01:00:55,2026-05-21,2,乒乓球厅-8号,17:00-18:00,0,1,可预约,￥5.0,多云,15,12,4,0.0,100,26
2026-05-21 01:30:47,2026-05-21,2,乒乓球厅-8号,17:00-18:00,0,1,可预约,￥5.0,多云,15,13,4,0.0,100,28
2026-05-21 02:00:53,2026-05-21,2,乒乓球厅-8号,17:00-18:00,0,1,可预约,￥5.0,多云,15,12,4,0.0,100,28
2026-05-21 02:30:49,2026-05-21,2,乒乓球厅-8号,17:00-18:00,0,1,可预约,￥5.0,多云,15,14,3,0.0,100,29
2026-05-21 03:00:55,2026-05-21,2,乒乓球厅-8号,17:00-18:00,0,1,可预约,￥5.0,多云,15,12,4,0.0,100,29
2026-05-21 03:30:49,2026-05-21,2,乒乓球厅-8号,17:00-18:00,0,1,可预约,￥5.0,多云,15,14,3,0.0,100,30
2026-05-21 04:30:45,2026-05-21,2,乒乓球厅-8号,17:00-18:00,0,1,可预约,￥5.0,多云,15,12,4,0.0,100,29
2026-05-21 05:00:52,2026-05-21,2,乒乓球厅-8号,17:00-18:00,0,1,可预约,￥5.0,多云,15,12,4,0.0,100,29
2026-05-21 05:30:49,2026-05-21,2,乒乓球厅-8号,17:00-18:00,0,1,可预约,￥5.0,多云,15,13,3,0.0,100,28
2026-05-21 06:00:50,2026-05-21,2,乒乓球厅-8号,17:00-18:00,0,1,可预约,￥5.0,多云,15,13,4,0.0,99,28
2026-05-21 06:30:38,2026-05-21,2,乒乓球厅-8号,17:00-18:00,0,1,可预约,￥5.0,多云,15,13,3,0.0,97,28
2026-05-21 07:00:43,2026-05-21,2,乒乓球厅-8号,17:00-18:00,0,1,可预约,￥5.0,晴,15,11,5,0.0,93,28
2026-05-21 07:30:39,2026-05-21,2,乒乓球厅-8号,17:00-18:00,0,1,可预约,￥5.0,晴,17,13,4,0.0,89,29
2026-05-21 07:50:40,2026-05-21,2,乒乓球厅-8号,17:00-18:00,0,1,可预约,￥5.0,晴,17,13,4,0.0,88,29
2026-05-21 07:53:31,2026-05-21,2,乒乓球厅-8号,17:00-18:00,0,1,可预约,￥5.0,晴,17,12,5,0.0,86,29
2026-05-21 07:56:31,2026-05-21,2,乒乓球厅-8号,17:00-18:00,0,1,可预约,￥5.0,晴,17,12,5,0.0,86,29
2026-05-21 07:59:26,2026-05-21,2,乒乓球厅-8号,17:00-18:00,0,1,可预约,￥5.0,晴,17,12,5,0.0,86,29
2026-05-21 08:00:45,2026-05-21,2,乒乓球厅-8号,17:00-18:00,0,1,可预约,￥5.0,晴,17,12,5,0.0,86,29
2026-05-21 08:02:30,2026-05-21,2,乒乓球厅-8号,17:00-18:00,0,1,可预约,￥5.0,多云,17,12,5,0.0,87,29
2026-05-21 08:05:36,2026-05-21,2,乒乓球厅-8号,17:00-18:00,0,1,可预约,￥5.0,多云,17,12,5,0.0,86,29
2026-05-21 08:08:31,2026-05-21,2,乒乓球厅-8号,17:00-18:00,0,1,可预约,￥5.0,多云,17,12,5,0.0,86,29
2026-05-21 08:11:30,2026-05-21,2,乒乓球厅-8号,17:00-18:00,0,1,可预约,￥5.0,多云,17,12,5,0.0,86,29
2026-05-21 08:14:31,2026-05-21,2,乒乓球厅-8号,17:00-18:00,0,1,可预约,￥5.0,多云,17,12,5,0.0,86,29
2026-05-21 08:17:30,2026-05-21,2,乒乓球厅-8号,17:00-18:00,0,1,可预约,￥5.0,多云,17,12,5,0.0,86,29
2026-05-21 08:20:35,2026-05-21,2,乒乓球厅-8号,17:00-18:00,0,1,可预约,￥5.0,多云,17,14,4,0.0,85,29
2026-05-21 08:25:32,2026-05-21,2,乒乓球厅-8号,17:00-18:00,0,1,可预约,￥5.0,多云,17,14,4,0.0,85,28
2026-05-21 08:30:42,2026-05-21,2,乒乓球厅-8号,17:00-18:00,0,1,可预约,￥5.0,多云,18,15,4,0.0,84,28
2026-05-21 08:35:31,2026-05-21,2,乒乓球厅-8号,17:00-18:00,0,1,可预约,￥5.0,多云,18,15,4,0.0,84,28
2026-05-21 08:40:38,2026-05-21,2,乒乓球厅-8号,17:00-18:00,0,1,可预约,￥5.0,多云,18,15,4,0.0,82,28
2026-05-21 08:45:33,2026-05-21,2,乒乓球厅-8号,17:00-18:00,0,1,可预约,￥5.0,多云,18,15,4,0.0,82,28
2026-05-21 08:50:36,2026-05-21,2,乒乓球厅-8号,17:00-18:00,0,1,可预约,￥5.0,多云,18,15,4,0.0,82,28
2026-05-21 08:55:34,2026-05-21,2,乒乓球厅-8号,17:00-18:00,0,1,可预约,￥5.0,多云,18,15,4,0.0,84,28
2026-05-21 09:00:51,2026-05-21,2,乒乓球厅-8号,17:00-18:00,0,1,可预约,￥5.0,多云,18,15,4,0.0,84,28
2026-05-21 09:01:59,2026-05-21,2,乒乓球厅-8号,17:00-18:00,0,1,可预约,￥5.0,多云,18,15,4,0.0,83,28
2026-05-21 09:05:33,2026-05-21,2,乒乓球厅-8号,17:00-18:00,0,1,可预约,￥5.0,多云,18,15,4,0.0,83,28
2026-05-21 09:20:38,2026-05-21,2,乒乓球厅-8号,17:00-18:00,0,1,可预约,￥5.0,多云,18,16,3,0.0,81,28
2026-05-21 09:30:46,2026-05-21,2,乒乓球厅-8号,17:00-18:00,0,1,可预约,￥5.0,多云,18,16,3,0.0,81,32
2026-05-21 09:40:36,2026-05-21,2,乒乓球厅-8号,17:00-18:00,0,1,可预约,￥5.0,多云,19,17,3,0.0,79,32
2026-05-21 09:50:42,2026-05-21,2,乒乓球厅-8号,17:00-18:00,0,1,可预约,￥5.0,多云,19,17,4,0.0,81,32
2026-05-21 10:00:46,2026-05-21,2,乒乓球厅-8号,17:00-18:00,0,1,可预约,￥5.0,多云,19,17,4,0.0,79,32
2026-05-21 10:10:40,2026-05-21,2,乒乓球厅-8号,17:00-18:00,0,1,可预约,￥5.0,多云,19,17,4,0.0,79,32
2026-05-21 10:20:38,2026-05-21,2,乒乓球厅-8号,17:00-18:00,0,1,可预约,￥5.0,多云,19,17,4,0.0,79,32
2026-05-21 10:30:41,2026-05-21,2,乒乓球厅-8号,17:00-18:00,0,1,可预约,￥5.0,多云,19,18,3,0.0,78,31
2026-05-21 11:00:44,2026-05-21,2,乒乓球厅-8号,17:00-18:00,0,1,可预约,￥5.0,多云,21,17,5,0.0,74,31
2026-05-21 11:30:38,2026-05-21,2,乒乓球厅-8号,17:00-18:00,0,1,可预约,￥5.0,多云,21,19,3,0.0,72,33
2026-05-21 12:00:46,2026-05-21,2,乒乓球厅-8号,17:00-18:00,0,1,可预约,￥5.0,多云,22,19,4,0.0,70,33
2026-05-21 12:30:42,2026-05-21,2,乒乓球厅-8号,17:00-18:00,0,1,可预约,￥5.0,多云,22,21,3,0.0,68,35
2026-05-21 13:00:43,2026-05-21,2,乒乓球厅-8号,17:00-18:00,0,1,可预约,￥5.0,多云,24,22,4,0.0,66,35
2026-05-21 13:30:43,2026-05-21,2,乒乓球厅-8号,17:00-18:00,0,1,可预约,￥5.0,多云,24,22,4,0.0,66,36
2026-05-21 14:00:48,2026-05-21,2,乒乓球厅-8号,17:00-18:00,0,1,可预约,￥5.0,多云,25,23,4,0.0,66,36
2026-05-21 14:30:45,2026-05-21,2,乒乓球厅-8号,17:00-18:00,0,1,可预约,￥5.0,晴,25,25,3,0.0,65,39
2026-05-21 15:00:45,2026-05-21,2,乒乓球厅-8号,17:00-18:00,0,1,可预约,￥5.0,晴,25,22,4,0.0,56,39
2026-05-21 15:30:43,2026-05-21,2,乒乓球厅-8号,17:00-18:00,0,1,可预约,￥5.0,晴,25,23,4,0.0,57,40
2026-05-21 16:00:51,2026-05-21,2,乒乓球厅-8号,17:00-18:00,0,1,可预约,￥5.0,晴,25,23,4,0.0,57,40
2026-05-21 16:30:48,2026-05-21,2,乒乓球厅-8号,17:00-18:00,0,1,可预约,￥5.0,晴,25,24,3,0.0,60,39
2026-05-21 17:00:49,2026-05-21,2,乒乓球厅-8号,17:00-18:00,0,1,可预约,￥5.0,晴,25,24,4,0.0,61,39
2026-05-21 17:30:47,2026-05-21,2,乒乓球厅-8号,17:00-18:00,0,1,可预约,￥5.0,多云,24,23,3,0.0,64,39
2026-05-21 18:00:50,2026-05-21,2,乒乓球厅-8号,17:00-18:00,0,1,不开放/已过期,,多云,24,23,3,0.0,68,39
2026-05-21 18:30:50,2026-05-21,2,乒乓球厅-8号,17:00-18:00,0,1,不开放/已过期,,阴,24,25,2,0.0,68,40
2026-05-21 19:00:50,2026-05-21,2,乒乓球厅-8号,17:00-18:00,0,1,不开放/已过期,,阴,23,23,3,0.0,76,40
2026-05-21 19:30:46,2026-05-21,2,乒乓球厅-8号,17:00-18:00,0,1,不开放/已过期,,阴,23,24,2,0.0,77,39
2026-05-21 20:00:49,2026-05-21,2,乒乓球厅-8号,17:00-18:00,0,1,不开放/已过期,,雾,22,23,2,0.0,89,39
2026-05-21 20:30:44,2026-05-21,2,乒乓球厅-8号,17:00-18:00,0,1,不开放/已过期,,雾,22,24,2,0.0,93,43
2026-05-21 21:00:56,2026-05-21,2,乒乓球厅-8号,17:00-18:00,0,1,不开放/已过期,,雾,20,21,2,0.0,98,43
2026-05-21 21:30:46,2026-05-21,2,乒乓球厅-8号,17:00-18:00,0,1,不开放/已过期,,雾,20,22,1,0.0,99,41
2026-05-21 22:01:02,2026-05-21,2,乒乓球厅-8号,17:00-18:00,0,1,不开放/已过期,,雾,19,20,2,0.0,93,41
2026-05-21 22:30:47,2026-05-21,2,乒乓球厅-8号,17:00-18:00,0,1,不开放/已过期,,雾,19,19,3,0.0,88,46
2026-05-21 23:00:56,2026-05-21,2,乒乓球厅-8号,17:00-18:00,0,1,不开放/已过期,,多云,18,17,3,0.0,85,46
2026-05-21 23:30:55,2026-05-21,2,乒乓球厅-8号,17:00-18:00,0,1,不开放/已过期,,多云,18,17,3,0.0,85,48
2026-05-21 00:30:49,2026-05-21,2,乒乓球厅-8号,18:30-19:30,0,1,可预约,￥5.0,多云,15,13,3,0.0,100,26
2026-05-21 01:00:55,2026-05-21,2,乒乓球厅-8号,18:30-19:30,0,1,可预约,￥5.0,多云,15,12,4,0.0,100,26
2026-05-21 01:30:47,2026-05-21,2,乒乓球厅-8号,18:30-19:30,0,1,可预约,￥5.0,多云,15,13,4,0.0,100,28
2026-05-21 02:00:53,2026-05-21,2,乒乓球厅-8号,18:30-19:30,0,1,可预约,￥5.0,多云,15,12,4,0.0,100,28
2026-05-21 02:30:49,2026-05-21,2,乒乓球厅-8号,18:30-19:30,0,1,可预约,￥5.0,多云,15,14,3,0.0,100,29
2026-05-21 03:00:55,2026-05-21,2,乒乓球厅-8号,18:30-19:30,0,1,可预约,￥5.0,多云,15,12,4,0.0,100,29
2026-05-21 03:30:49,2026-05-21,2,乒乓球厅-8号,18:30-19:30,0,1,可预约,￥5.0,多云,15,14,3,0.0,100,30
2026-05-21 04:30:45,2026-05-21,2,乒乓球厅-8号,18:30-19:30,0,1,可预约,￥5.0,多云,15,12,4,0.0,100,29
2026-05-21 05:00:52,2026-05-21,2,乒乓球厅-8号,18:30-19:30,0,1,可预约,￥5.0,多云,15,12,4,0.0,100,29
2026-05-21 05:30:49,2026-05-21,2,乒乓球厅-8号,18:30-19:30,0,1,可预约,￥5.0,多云,15,13,3,0.0,100,28
2026-05-21 06:00:50,2026-05-21,2,乒乓球厅-8号,18:30-19:30,0,1,可预约,￥5.0,多云,15,13,4,0.0,99,28
2026-05-21 06:30:38,2026-05-21,2,乒乓球厅-8号,18:30-19:30,0,1,可预约,￥5.0,多云,15,13,3,0.0,97,28
2026-05-21 07:00:43,2026-05-21,2,乒乓球厅-8号,18:30-19:30,0,1,可预约,￥5.0,晴,15,11,5,0.0,93,28
2026-05-21 07:30:39,2026-05-21,2,乒乓球厅-8号,18:30-19:30,0,1,可预约,￥5.0,晴,17,13,4,0.0,89,29
2026-05-21 07:50:40,2026-05-21,2,乒乓球厅-8号,18:30-19:30,0,1,可预约,￥5.0,晴,17,13,4,0.0,88,29
2026-05-21 07:53:31,2026-05-21,2,乒乓球厅-8号,18:30-19:30,0,1,可预约,￥5.0,晴,17,12,5,0.0,86,29
2026-05-21 07:56:31,2026-05-21,2,乒乓球厅-8号,18:30-19:30,0,1,可预约,￥5.0,晴,17,12,5,0.0,86,29
2026-05-21 07:59:26,2026-05-21,2,乒乓球厅-8号,18:30-19:30,0,1,可预约,￥5.0,晴,17,12,5,0.0,86,29
2026-05-21 08:00:45,2026-05-21,2,乒乓球厅-8号,18:30-19:30,0,1,可预约,￥5.0,晴,17,12,5,0.0,86,29
2026-05-21 08:02:30,2026-05-21,2,乒乓球厅-8号,18:30-19:30,0,1,可预约,￥5.0,多云,17,12,5,0.0,87,29
2026-05-21 08:05:36,2026-05-21,2,乒乓球厅-8号,18:30-19:30,0,1,可预约,￥5.0,多云,17,12,5,0.0,86,29
2026-05-21 08:08:31,2026-05-21,2,乒乓球厅-8号,18:30-19:30,0,1,可预约,￥5.0,多云,17,12,5,0.0,86,29
2026-05-21 08:11:30,2026-05-21,2,乒乓球厅-8号,18:30-19:30,0,1,可预约,￥5.0,多云,17,12,5,0.0,86,29
2026-05-21 08:14:31,2026-05-21,2,乒乓球厅-8号,18:30-19:30,0,1,可预约,￥5.0,多云,17,12,5,0.0,86,29
2026-05-21 08:17:30,2026-05-21,2,乒乓球厅-8号,18:30-19:30,0,1,可预约,￥5.0,多云,17,12,5,0.0,86,29
2026-05-21 08:20:35,2026-05-21,2,乒乓球厅-8号,18:30-19:30,0,1,可预约,￥5.0,多云,17,14,4,0.0,85,29
2026-05-21 08:25:32,2026-05-21,2,乒乓球厅-8号,18:30-19:30,0,1,可预约,￥5.0,多云,17,14,4,0.0,85,28
2026-05-21 08:30:42,2026-05-21,2,乒乓球厅-8号,18:30-19:30,0,1,可预约,￥5.0,多云,18,15,4,0.0,84,28
2026-05-21 08:35:31,2026-05-21,2,乒乓球厅-8号,18:30-19:30,0,1,可预约,￥5.0,多云,18,15,4,0.0,84,28
2026-05-21 08:40:38,2026-05-21,2,乒乓球厅-8号,18:30-19:30,0,1,可预约,￥5.0,多云,18,15,4,0.0,82,28
2026-05-21 08:45:33,2026-05-21,2,乒乓球厅-8号,18:30-19:30,0,1,可预约,￥5.0,多云,18,15,4,0.0,82,28
2026-05-21 08:50:36,2026-05-21,2,乒乓球厅-8号,18:30-19:30,0,1,可预约,￥5.0,多云,18,15,4,0.0,82,28
2026-05-21 08:55:34,2026-05-21,2,乒乓球厅-8号,18:30-19:30,0,1,可预约,￥5.0,多云,18,15,4,0.0,84,28
2026-05-21 09:00:51,2026-05-21,2,乒乓球厅-8号,18:30-19:30,0,1,可预约,￥5.0,多云,18,15,4,0.0,84,28
2026-05-21 09:01:59,2026-05-21,2,乒乓球厅-8号,18:30-19:30,0,1,可预约,￥5.0,多云,18,15,4,0.0,83,28
2026-05-21 09:05:33,2026-05-21,2,乒乓球厅-8号,18:30-19:30,0,1,可预约,￥5.0,多云,18,15,4,0.0,83,28
2026-05-21 09:20:38,2026-05-21,2,乒乓球厅-8号,18:30-19:30,0,1,可预约,￥5.0,多云,18,16,3,0.0,81,28
2026-05-21 09:30:46,2026-05-21,2,乒乓球厅-8号,18:30-19:30,0,1,可预约,￥5.0,多云,18,16,3,0.0,81,32
2026-05-21 09:40:36,2026-05-21,2,乒乓球厅-8号,18:30-19:30,0,1,可预约,￥5.0,多云,19,17,3,0.0,79,32
2026-05-21 09:50:42,2026-05-21,2,乒乓球厅-8号,18:30-19:30,0,1,可预约,￥5.0,多云,19,17,4,0.0,81,32
2026-05-21 10:00:46,2026-05-21,2,乒乓球厅-8号,18:30-19:30,0,1,可预约,￥5.0,多云,19,17,4,0.0,79,32
2026-05-21 10:10:40,2026-05-21,2,乒乓球厅-8号,18:30-19:30,0,1,可预约,￥5.0,多云,19,17,4,0.0,79,32
2026-05-21 10:20:38,2026-05-21,2,乒乓球厅-8号,18:30-19:30,0,1,可预约,￥5.0,多云,19,17,4,0.0,79,32
2026-05-21 10:30:41,2026-05-21,2,乒乓球厅-8号,18:30-19:30,0,1,可预约,￥5.0,多云,19,18,3,0.0,78,31
2026-05-21 11:00:44,2026-05-21,2,乒乓球厅-8号,18:30-19:30,0,1,可预约,￥5.0,多云,21,17,5,0.0,74,31
2026-05-21 11:30:38,2026-05-21,2,乒乓球厅-8号,18:30-19:30,0,1,可预约,￥5.0,多云,21,19,3,0.0,72,33
2026-05-21 12:00:46,2026-05-21,2,乒乓球厅-8号,18:30-19:30,0,1,可预约,￥5.0,多云,22,19,4,0.0,70,33
2026-05-21 12:30:42,2026-05-21,2,乒乓球厅-8号,18:30-19:30,0,1,可预约,￥5.0,多云,22,21,3,0.0,68,35
2026-05-21 13:00:43,2026-05-21,2,乒乓球厅-8号,18:30-19:30,0,1,可预约,￥5.0,多云,24,22,4,0.0,66,35
2026-05-21 13:30:43,2026-05-21,2,乒乓球厅-8号,18:30-19:30,0,1,可预约,￥5.0,多云,24,22,4,0.0,66,36
2026-05-21 14:00:48,2026-05-21,2,乒乓球厅-8号,18:30-19:30,0,1,可预约,￥5.0,多云,25,23,4,0.0,66,36
2026-05-21 14:30:45,2026-05-21,2,乒乓球厅-8号,18:30-19:30,0,1,可预约,￥5.0,晴,25,25,3,0.0,65,39
2026-05-21 15:00:45,2026-05-21,2,乒乓球厅-8号,18:30-19:30,0,1,可预约,￥5.0,晴,25,22,4,0.0,56,39
2026-05-21 15:30:43,2026-05-21,2,乒乓球厅-8号,18:30-19:30,0,1,可预约,￥5.0,晴,25,23,4,0.0,57,40
2026-05-21 16:00:51,2026-05-21,2,乒乓球厅-8号,18:30-19:30,0,1,可预约,￥5.0,晴,25,23,4,0.0,57,40
2026-05-21 16:30:48,2026-05-21,2,乒乓球厅-8号,18:30-19:30,0,1,可预约,￥5.0,晴,25,24,3,0.0,60,39
2026-05-21 17:00:49,2026-05-21,2,乒乓球厅-8号,18:30-19:30,0,1,可预约,￥5.0,晴,25,24,4,0.0,61,39
2026-05-21 17:30:47,2026-05-21,2,乒乓球厅-8号,18:30-19:30,0,1,可预约,￥5.0,多云,24,23,3,0.0,64,39
2026-05-21 18:00:50,2026-05-21,2,乒乓球厅-8号,18:30-19:30,0,1,可预约,￥5.0,多云,24,23,3,0.0,68,39
2026-05-21 18:30:50,2026-05-21,2,乒乓球厅-8号,18:30-19:30,0,1,可预约,￥5.0,阴,24,25,2,0.0,68,40
2026-05-21 19:00:50,2026-05-21,2,乒乓球厅-8号,18:30-19:30,0,1,可预约,￥5.0,阴,23,23,3,0.0,76,40
2026-05-21 19:30:46,2026-05-21,2,乒乓球厅-8号,18:30-19:30,0,1,不开放/已过期,,阴,23,24,2,0.0,77,39
2026-05-21 20:00:49,2026-05-21,2,乒乓球厅-8号,18:30-19:30,0,1,不开放/已过期,,雾,22,23,2,0.0,89,39
2026-05-21 20:30:44,2026-05-21,2,乒乓球厅-8号,18:30-19:30,0,1,不开放/已过期,,雾,22,24,2,0.0,93,43
2026-05-21 21:00:56,2026-05-21,2,乒乓球厅-8号,18:30-19:30,0,1,不开放/已过期,,雾,20,21,2,0.0,98,43
2026-05-21 21:30:46,2026-05-21,2,乒乓球厅-8号,18:30-19:30,0,1,不开放/已过期,,雾,20,22,1,0.0,99,41
2026-05-21 22:01:02,2026-05-21,2,乒乓球厅-8号,18:30-19:30,0,1,不开放/已过期,,雾,19,20,2,0.0,93,41
2026-05-21 22:30:47,2026-05-21,2,乒乓球厅-8号,18:30-19:30,0,1,不开放/已过期,,雾,19,19,3,0.0,88,46
2026-05-21 23:00:56,2026-05-21,2,乒乓球厅-8号,18:30-19:30,0,1,不开放/已过期,,多云,18,17,3,0.0,85,46
2026-05-21 23:30:55,2026-05-21,2,乒乓球厅-8号,18:30-19:30,0,1,不开放/已过期,,多云,18,17,3,0.0,85,48
2026-05-21 00:30:49,2026-05-21,2,乒乓球厅-8号,19:30-20:30,0,1,可预约,￥5.0,多云,15,13,3,0.0,100,26
2026-05-21 01:00:55,2026-05-21,2,乒乓球厅-8号,19:30-20:30,0,1,可预约,￥5.0,多云,15,12,4,0.0,100,26
2026-05-21 01:30:47,2026-05-21,2,乒乓球厅-8号,19:30-20:30,0,1,可预约,￥5.0,多云,15,13,4,0.0,100,28
2026-05-21 02:00:53,2026-05-21,2,乒乓球厅-8号,19:30-20:30,0,1,可预约,￥5.0,多云,15,12,4,0.0,100,28
2026-05-21 02:30:49,2026-05-21,2,乒乓球厅-8号,19:30-20:30,0,1,可预约,￥5.0,多云,15,14,3,0.0,100,29
2026-05-21 03:00:55,2026-05-21,2,乒乓球厅-8号,19:30-20:30,0,1,可预约,￥5.0,多云,15,12,4,0.0,100,29
2026-05-21 03:30:49,2026-05-21,2,乒乓球厅-8号,19:30-20:30,0,1,可预约,￥5.0,多云,15,14,3,0.0,100,30
2026-05-21 04:30:45,2026-05-21,2,乒乓球厅-8号,19:30-20:30,0,1,可预约,￥5.0,多云,15,12,4,0.0,100,29
2026-05-21 05:00:52,2026-05-21,2,乒乓球厅-8号,19:30-20:30,0,1,可预约,￥5.0,多云,15,12,4,0.0,100,29
2026-05-21 05:30:49,2026-05-21,2,乒乓球厅-8号,19:30-20:30,0,1,可预约,￥5.0,多云,15,13,3,0.0,100,28
2026-05-21 06:00:50,2026-05-21,2,乒乓球厅-8号,19:30-20:30,0,1,可预约,￥5.0,多云,15,13,4,0.0,99,28
2026-05-21 06:30:38,2026-05-21,2,乒乓球厅-8号,19:30-20:30,0,1,可预约,￥5.0,多云,15,13,3,0.0,97,28
2026-05-21 07:00:43,2026-05-21,2,乒乓球厅-8号,19:30-20:30,0,1,可预约,￥5.0,晴,15,11,5,0.0,93,28
2026-05-21 07:30:39,2026-05-21,2,乒乓球厅-8号,19:30-20:30,0,1,可预约,￥5.0,晴,17,13,4,0.0,89,29
2026-05-21 07:50:40,2026-05-21,2,乒乓球厅-8号,19:30-20:30,0,1,可预约,￥5.0,晴,17,13,4,0.0,88,29
2026-05-21 07:53:31,2026-05-21,2,乒乓球厅-8号,19:30-20:30,0,1,可预约,￥5.0,晴,17,12,5,0.0,86,29
2026-05-21 07:56:31,2026-05-21,2,乒乓球厅-8号,19:30-20:30,0,1,可预约,￥5.0,晴,17,12,5,0.0,86,29
2026-05-21 07:59:26,2026-05-21,2,乒乓球厅-8号,19:30-20:30,0,1,可预约,￥5.0,晴,17,12,5,0.0,86,29
2026-05-21 08:00:45,2026-05-21,2,乒乓球厅-8号,19:30-20:30,0,1,可预约,￥5.0,晴,17,12,5,0.0,86,29
2026-05-21 08:02:30,2026-05-21,2,乒乓球厅-8号,19:30-20:30,0,1,可预约,￥5.0,多云,17,12,5,0.0,87,29
2026-05-21 08:05:36,2026-05-21,2,乒乓球厅-8号,19:30-20:30,0,1,可预约,￥5.0,多云,17,12,5,0.0,86,29
2026-05-21 08:08:31,2026-05-21,2,乒乓球厅-8号,19:30-20:30,0,1,可预约,￥5.0,多云,17,12,5,0.0,86,29
2026-05-21 08:11:30,2026-05-21,2,乒乓球厅-8号,19:30-20:30,0,1,可预约,￥5.0,多云,17,12,5,0.0,86,29
2026-05-21 08:14:31,2026-05-21,2,乒乓球厅-8号,19:30-20:30,0,1,可预约,￥5.0,多云,17,12,5,0.0,86,29
2026-05-21 08:17:30,2026-05-21,2,乒乓球厅-8号,19:30-20:30,0,1,可预约,￥5.0,多云,17,12,5,0.0,86,29
2026-05-21 08:20:35,2026-05-21,2,乒乓球厅-8号,19:30-20:30,0,1,可预约,￥5.0,多云,17,14,4,0.0,85,29
2026-05-21 08:25:32,2026-05-21,2,乒乓球厅-8号,19:30-20:30,0,1,可预约,￥5.0,多云,17,14,4,0.0,85,28
2026-05-21 08:30:42,2026-05-21,2,乒乓球厅-8号,19:30-20:30,0,1,可预约,￥5.0,多云,18,15,4,0.0,84,28
2026-05-21 08:35:31,2026-05-21,2,乒乓球厅-8号,19:30-20:30,0,1,可预约,￥5.0,多云,18,15,4,0.0,84,28
2026-05-21 08:40:38,2026-05-21,2,乒乓球厅-8号,19:30-20:30,0,1,可预约,￥5.0,多云,18,15,4,0.0,82,28
2026-05-21 08:45:33,2026-05-21,2,乒乓球厅-8号,19:30-20:30,0,1,可预约,￥5.0,多云,18,15,4,0.0,82,28
2026-05-21 08:50:36,2026-05-21,2,乒乓球厅-8号,19:30-20:30,0,1,可预约,￥5.0,多云,18,15,4,0.0,82,28
2026-05-21 08:55:34,2026-05-21,2,乒乓球厅-8号,19:30-20:30,0,1,可预约,￥5.0,多云,18,15,4,0.0,84,28
2026-05-21 09:00:51,2026-05-21,2,乒乓球厅-8号,19:30-20:30,0,1,可预约,￥5.0,多云,18,15,4,0.0,84,28
2026-05-21 09:01:59,2026-05-21,2,乒乓球厅-8号,19:30-20:30,0,1,可预约,￥5.0,多云,18,15,4,0.0,83,28
2026-05-21 09:05:33,2026-05-21,2,乒乓球厅-8号,19:30-20:30,0,1,可预约,￥5.0,多云,18,15,4,0.0,83,28
2026-05-21 09:20:38,2026-05-21,2,乒乓球厅-8号,19:30-20:30,0,1,可预约,￥5.0,多云,18,16,3,0.0,81,28
2026-05-21 09:30:46,2026-05-21,2,乒乓球厅-8号,19:30-20:30,0,1,可预约,￥5.0,多云,18,16,3,0.0,81,32
2026-05-21 09:40:36,2026-05-21,2,乒乓球厅-8号,19:30-20:30,0,1,可预约,￥5.0,多云,19,17,3,0.0,79,32
2026-05-21 09:50:42,2026-05-21,2,乒乓球厅-8号,19:30-20:30,0,1,可预约,￥5.0,多云,19,17,4,0.0,81,32
2026-05-21 10:00:46,2026-05-21,2,乒乓球厅-8号,19:30-20:30,0,1,可预约,￥5.0,多云,19,17,4,0.0,79,32
2026-05-21 10:10:40,2026-05-21,2,乒乓球厅-8号,19:30-20:30,0,1,可预约,￥5.0,多云,19,17,4,0.0,79,32
2026-05-21 10:20:38,2026-05-21,2,乒乓球厅-8号,19:30-20:30,0,1,可预约,￥5.0,多云,19,17,4,0.0,79,32
2026-05-21 10:30:41,2026-05-21,2,乒乓球厅-8号,19:30-20:30,0,1,可预约,￥5.0,多云,19,18,3,0.0,78,31
2026-05-21 11:00:44,2026-05-21,2,乒乓球厅-8号,19:30-20:30,0,1,可预约,￥5.0,多云,21,17,5,0.0,74,31
2026-05-21 11:30:38,2026-05-21,2,乒乓球厅-8号,19:30-20:30,0,1,可预约,￥5.0,多云,21,19,3,0.0,72,33
2026-05-21 12:00:46,2026-05-21,2,乒乓球厅-8号,19:30-20:30,0,1,可预约,￥5.0,多云,22,19,4,0.0,70,33
2026-05-21 12:30:42,2026-05-21,2,乒乓球厅-8号,19:30-20:30,0,1,可预约,￥5.0,多云,22,21,3,0.0,68,35
2026-05-21 13:00:43,2026-05-21,2,乒乓球厅-8号,19:30-20:30,0,1,可预约,￥5.0,多云,24,22,4,0.0,66,35
2026-05-21 13:30:43,2026-05-21,2,乒乓球厅-8号,19:30-20:30,0,1,可预约,￥5.0,多云,24,22,4,0.0,66,36
2026-05-21 14:00:48,2026-05-21,2,乒乓球厅-8号,19:30-20:30,0,1,可预约,￥5.0,多云,25,23,4,0.0,66,36
2026-05-21 14:30:45,2026-05-21,2,乒乓球厅-8号,19:30-20:30,0,1,可预约,￥5.0,晴,25,25,3,0.0,65,39
2026-05-21 15:00:45,2026-05-21,2,乒乓球厅-8号,19:30-20:30,0,1,可预约,￥5.0,晴,25,22,4,0.0,56,39
2026-05-21 15:30:43,2026-05-21,2,乒乓球厅-8号,19:30-20:30,0,1,可预约,￥5.0,晴,25,23,4,0.0,57,40
2026-05-21 16:00:51,2026-05-21,2,乒乓球厅-8号,19:30-20:30,0,1,可预约,￥5.0,晴,25,23,4,0.0,57,40
2026-05-21 16:30:48,2026-05-21,2,乒乓球厅-8号,19:30-20:30,0,1,可预约,￥5.0,晴,25,24,3,0.0,60,39
2026-05-21 17:00:49,2026-05-21,2,乒乓球厅-8号,19:30-20:30,0,1,可预约,￥5.0,晴,25,24,4,0.0,61,39
2026-05-21 17:30:47,2026-05-21,2,乒乓球厅-8号,19:30-20:30,0,1,可预约,￥5.0,多云,24,23,3,0.0,64,39
2026-05-21 18:00:50,2026-05-21,2,乒乓球厅-8号,19:30-20:30,0,1,可预约,￥5.0,多云,24,23,3,0.0,68,39
2026-05-21 18:30:50,2026-05-21,2,乒乓球厅-8号,19:30-20:30,0,1,可预约,￥5.0,阴,24,25,2,0.0,68,40
2026-05-21 19:00:50,2026-05-21,2,乒乓球厅-8号,19:30-20:30,0,1,可预约,￥5.0,阴,23,23,3,0.0,76,40
2026-05-21 19:30:46,2026-05-21,2,乒乓球厅-8号,19:30-20:30,0,1,可预约,￥5.0,阴,23,24,2,0.0,77,39
2026-05-21 20:00:49,2026-05-21,2,乒乓球厅-8号,19:30-20:30,0,1,可预约,￥5.0,雾,22,23,2,0.0,89,39
2026-05-21 20:30:44,2026-05-21,2,乒乓球厅-8号,19:30-20:30,0,1,不开放/已过期,,雾,22,24,2,0.0,93,43
2026-05-21 21:00:56,2026-05-21,2,乒乓球厅-8号,19:30-20:30,0,1,不开放/已过期,,雾,20,21,2,0.0,98,43
2026-05-21 21:30:46,2026-05-21,2,乒乓球厅-8号,19:30-20:30,0,1,不开放/已过期,,雾,20,22,1,0.0,99,41
2026-05-21 22:01:02,2026-05-21,2,乒乓球厅-8号,19:30-20:30,0,1,不开放/已过期,,雾,19,20,2,0.0,93,41
2026-05-21 22:30:47,2026-05-21,2,乒乓球厅-8号,19:30-20:30,0,1,不开放/已过期,,雾,19,19,3,0.0,88,46
2026-05-21 23:00:56,2026-05-21,2,乒乓球厅-8号,19:30-20:30,0,1,不开放/已过期,,多云,18,17,3,0.0,85,46
2026-05-21 23:30:55,2026-05-21,2,乒乓球厅-8号,19:30-20:30,0,1,不开放/已过期,,多云,18,17,3,0.0,85,48
2026-05-21 00:30:49,2026-05-21,2,乒乓球厅-8号,20:30-21:30,0,1,可预约,￥5.0,多云,15,13,3,0.0,100,26
2026-05-21 01:00:55,2026-05-21,2,乒乓球厅-8号,20:30-21:30,0,1,可预约,￥5.0,多云,15,12,4,0.0,100,26
2026-05-21 01:30:47,2026-05-21,2,乒乓球厅-8号,20:30-21:30,0,1,可预约,￥5.0,多云,15,13,4,0.0,100,28
2026-05-21 02:00:53,2026-05-21,2,乒乓球厅-8号,20:30-21:30,0,1,可预约,￥5.0,多云,15,12,4,0.0,100,28
2026-05-21 02:30:49,2026-05-21,2,乒乓球厅-8号,20:30-21:30,0,1,可预约,￥5.0,多云,15,14,3,0.0,100,29
2026-05-21 03:00:55,2026-05-21,2,乒乓球厅-8号,20:30-21:30,0,1,可预约,￥5.0,多云,15,12,4,0.0,100,29
2026-05-21 03:30:49,2026-05-21,2,乒乓球厅-8号,20:30-21:30,0,1,可预约,￥5.0,多云,15,14,3,0.0,100,30
2026-05-21 04:30:45,2026-05-21,2,乒乓球厅-8号,20:30-21:30,0,1,可预约,￥5.0,多云,15,12,4,0.0,100,29
2026-05-21 05:00:52,2026-05-21,2,乒乓球厅-8号,20:30-21:30,0,1,可预约,￥5.0,多云,15,12,4,0.0,100,29
2026-05-21 05:30:49,2026-05-21,2,乒乓球厅-8号,20:30-21:30,0,1,可预约,￥5.0,多云,15,13,3,0.0,100,28
2026-05-21 06:00:50,2026-05-21,2,乒乓球厅-8号,20:30-21:30,0,1,可预约,￥5.0,多云,15,13,4,0.0,99,28
2026-05-21 06:30:38,2026-05-21,2,乒乓球厅-8号,20:30-21:30,0,1,可预约,￥5.0,多云,15,13,3,0.0,97,28
2026-05-21 07:00:43,2026-05-21,2,乒乓球厅-8号,20:30-21:30,0,1,可预约,￥5.0,晴,15,11,5,0.0,93,28
2026-05-21 07:30:39,2026-05-21,2,乒乓球厅-8号,20:30-21:30,0,1,可预约,￥5.0,晴,17,13,4,0.0,89,29
2026-05-21 07:50:40,2026-05-21,2,乒乓球厅-8号,20:30-21:30,0,1,可预约,￥5.0,晴,17,13,4,0.0,88,29
2026-05-21 07:53:31,2026-05-21,2,乒乓球厅-8号,20:30-21:30,0,1,可预约,￥5.0,晴,17,12,5,0.0,86,29
2026-05-21 07:56:31,2026-05-21,2,乒乓球厅-8号,20:30-21:30,0,1,可预约,￥5.0,晴,17,12,5,0.0,86,29
2026-05-21 07:59:26,2026-05-21,2,乒乓球厅-8号,20:30-21:30,0,1,可预约,￥5.0,晴,17,12,5,0.0,86,29
2026-05-21 08:00:45,2026-05-21,2,乒乓球厅-8号,20:30-21:30,0,1,可预约,￥5.0,晴,17,12,5,0.0,86,29
2026-05-21 08:02:30,2026-05-21,2,乒乓球厅-8号,20:30-21:30,0,1,可预约,￥5.0,多云,17,12,5,0.0,87,29
2026-05-21 08:05:36,2026-05-21,2,乒乓球厅-8号,20:30-21:30,0,1,可预约,￥5.0,多云,17,12,5,0.0,86,29
2026-05-21 08:08:31,2026-05-21,2,乒乓球厅-8号,20:30-21:30,0,1,可预约,￥5.0,多云,17,12,5,0.0,86,29
2026-05-21 08:11:30,2026-05-21,2,乒乓球厅-8号,20:30-21:30,0,1,可预约,￥5.0,多云,17,12,5,0.0,86,29
2026-05-21 08:14:31,2026-05-21,2,乒乓球厅-8号,20:30-21:30,0,1,可预约,￥5.0,多云,17,12,5,0.0,86,29
2026-05-21 08:17:30,2026-05-21,2,乒乓球厅-8号,20:30-21:30,0,1,可预约,￥5.0,多云,17,12,5,0.0,86,29
2026-05-21 08:20:35,2026-05-21,2,乒乓球厅-8号,20:30-21:30,0,1,可预约,￥5.0,多云,17,14,4,0.0,85,29
2026-05-21 08:25:32,2026-05-21,2,乒乓球厅-8号,20:30-21:30,0,1,可预约,￥5.0,多云,17,14,4,0.0,85,28
2026-05-21 08:30:42,2026-05-21,2,乒乓球厅-8号,20:30-21:30,0,1,可预约,￥5.0,多云,18,15,4,0.0,84,28
2026-05-21 08:35:31,2026-05-21,2,乒乓球厅-8号,20:30-21:30,0,1,可预约,￥5.0,多云,18,15,4,0.0,84,28
2026-05-21 08:40:38,2026-05-21,2,乒乓球厅-8号,20:30-21:30,0,1,可预约,￥5.0,多云,18,15,4,0.0,82,28
2026-05-21 08:45:33,2026-05-21,2,乒乓球厅-8号,20:30-21:30,0,1,可预约,￥5.0,多云,18,15,4,0.0,82,28
2026-05-21 08:50:36,2026-05-21,2,乒乓球厅-8号,20:30-21:30,0,1,可预约,￥5.0,多云,18,15,4,0.0,82,28
2026-05-21 08:55:34,2026-05-21,2,乒乓球厅-8号,20:30-21:30,0,1,可预约,￥5.0,多云,18,15,4,0.0,84,28
2026-05-21 09:00:51,2026-05-21,2,乒乓球厅-8号,20:30-21:30,0,1,可预约,￥5.0,多云,18,15,4,0.0,84,28
2026-05-21 09:01:59,2026-05-21,2,乒乓球厅-8号,20:30-21:30,0,1,可预约,￥5.0,多云,18,15,4,0.0,83,28
2026-05-21 09:05:33,2026-05-21,2,乒乓球厅-8号,20:30-21:30,0,1,可预约,￥5.0,多云,18,15,4,0.0,83,28
2026-05-21 09:20:38,2026-05-21,2,乒乓球厅-8号,20:30-21:30,0,1,可预约,￥5.0,多云,18,16,3,0.0,81,28
2026-05-21 09:30:46,2026-05-21,2,乒乓球厅-8号,20:30-21:30,0,1,可预约,￥5.0,多云,18,16,3,0.0,81,32
2026-05-21 09:40:36,2026-05-21,2,乒乓球厅-8号,20:30-21:30,0,1,可预约,￥5.0,多云,19,17,3,0.0,79,32
2026-05-21 09:50:42,2026-05-21,2,乒乓球厅-8号,20:30-21:30,0,1,可预约,￥5.0,多云,19,17,4,0.0,81,32
2026-05-21 10:00:46,2026-05-21,2,乒乓球厅-8号,20:30-21:30,0,1,可预约,￥5.0,多云,19,17,4,0.0,79,32
2026-05-21 10:10:40,2026-05-21,2,乒乓球厅-8号,20:30-21:30,0,1,可预约,￥5.0,多云,19,17,4,0.0,79,32
2026-05-21 10:20:38,2026-05-21,2,乒乓球厅-8号,20:30-21:30,0,1,可预约,￥5.0,多云,19,17,4,0.0,79,32
2026-05-21 10:30:41,2026-05-21,2,乒乓球厅-8号,20:30-21:30,0,1,可预约,￥5.0,多云,19,18,3,0.0,78,31
2026-05-21 11:00:44,2026-05-21,2,乒乓球厅-8号,20:30-21:30,0,1,可预约,￥5.0,多云,21,17,5,0.0,74,31
2026-05-21 11:30:38,2026-05-21,2,乒乓球厅-8号,20:30-21:30,0,1,可预约,￥5.0,多云,21,19,3,0.0,72,33
2026-05-21 12:00:46,2026-05-21,2,乒乓球厅-8号,20:30-21:30,0,1,可预约,￥5.0,多云,22,19,4,0.0,70,33
2026-05-21 12:30:42,2026-05-21,2,乒乓球厅-8号,20:30-21:30,0,1,可预约,￥5.0,多云,22,21,3,0.0,68,35
2026-05-21 13:00:43,2026-05-21,2,乒乓球厅-8号,20:30-21:30,0,1,可预约,￥5.0,多云,24,22,4,0.0,66,35
2026-05-21 13:30:43,2026-05-21,2,乒乓球厅-8号,20:30-21:30,0,1,可预约,￥5.0,多云,24,22,4,0.0,66,36
2026-05-21 14:00:48,2026-05-21,2,乒乓球厅-8号,20:30-21:30,0,1,可预约,￥5.0,多云,25,23,4,0.0,66,36
2026-05-21 14:30:45,2026-05-21,2,乒乓球厅-8号,20:30-21:30,0,1,可预约,￥5.0,晴,25,25,3,0.0,65,39
2026-05-21 15:00:45,2026-05-21,2,乒乓球厅-8号,20:30-21:30,0,1,可预约,￥5.0,晴,25,22,4,0.0,56,39
2026-05-21 15:30:43,2026-05-21,2,乒乓球厅-8号,20:30-21:30,0,1,可预约,￥5.0,晴,25,23,4,0.0,57,40
2026-05-21 16:00:51,2026-05-21,2,乒乓球厅-8号,20:30-21:30,0,1,可预约,￥5.0,晴,25,23,4,0.0,57,40
2026-05-21 16:30:48,2026-05-21,2,乒乓球厅-8号,20:30-21:30,0,1,可预约,￥5.0,晴,25,24,3,0.0,60,39
2026-05-21 17:00:49,2026-05-21,2,乒乓球厅-8号,20:30-21:30,0,1,可预约,￥5.0,晴,25,24,4,0.0,61,39
2026-05-21 17:30:47,2026-05-21,2,乒乓球厅-8号,20:30-21:30,0,1,可预约,￥5.0,多云,24,23,3,0.0,64,39
2026-05-21 18:00:50,2026-05-21,2,乒乓球厅-8号,20:30-21:30,0,1,可预约,￥5.0,多云,24,23,3,0.0,68,39
2026-05-21 18:30:50,2026-05-21,2,乒乓球厅-8号,20:30-21:30,0,1,可预约,￥5.0,阴,24,25,2,0.0,68,40
2026-05-21 19:00:50,2026-05-21,2,乒乓球厅-8号,20:30-21:30,0,1,可预约,￥5.0,阴,23,23,3,0.0,76,40
2026-05-21 19:30:46,2026-05-21,2,乒乓球厅-8号,20:30-21:30,0,1,可预约,￥5.0,阴,23,24,2,0.0,77,39
2026-05-21 20:00:49,2026-05-21,2,乒乓球厅-8号,20:30-21:30,0,1,可预约,￥5.0,雾,22,23,2,0.0,89,39
2026-05-21 20:30:44,2026-05-21,2,乒乓球厅-8号,20:30-21:30,0,1,可预约,￥5.0,雾,22,24,2,0.0,93,43
2026-05-21 21:00:56,2026-05-21,2,乒乓球厅-8号,20:30-21:30,0,1,可预约,￥5.0,雾,20,21,2,0.0,98,43
2026-05-21 21:30:46,2026-05-21,2,乒乓球厅-8号,20:30-21:30,0,1,不开放/已过期,,雾,20,22,1,0.0,99,41
2026-05-21 22:01:02,2026-05-21,2,乒乓球厅-8号,20:30-21:30,0,1,不开放/已过期,,雾,19,20,2,0.0,93,41
2026-05-21 22:30:47,2026-05-21,2,乒乓球厅-8号,20:30-21:30,0,1,不开放/已过期,,雾,19,19,3,0.0,88,46
2026-05-21 23:00:56,2026-05-21,2,乒乓球厅-8号,20:30-21:30,0,1,不开放/已过期,,多云,18,17,3,0.0,85,46
2026-05-21 23:30:55,2026-05-21,2,乒乓球厅-8号,20:30-21:30,0,1,不开放/已过期,,多云,18,17,3,0.0,85,48
2026-05-21 00:30:49,2026-05-21,2,乒乓球厅-9号,07:00-08:00,0,1,可预约,￥0.0,多云,15,13,3,0.0,100,26
2026-05-21 01:00:55,2026-05-21,2,乒乓球厅-9号,07:00-08:00,0,1,可预约,￥0.0,多云,15,12,4,0.0,100,26
2026-05-21 01:30:47,2026-05-21,2,乒乓球厅-9号,07:00-08:00,0,1,可预约,￥0.0,多云,15,13,4,0.0,100,28
2026-05-21 02:00:53,2026-05-21,2,乒乓球厅-9号,07:00-08:00,0,1,可预约,￥0.0,多云,15,12,4,0.0,100,28
2026-05-21 02:30:49,2026-05-21,2,乒乓球厅-9号,07:00-08:00,0,1,可预约,￥0.0,多云,15,14,3,0.0,100,29
2026-05-21 03:00:55,2026-05-21,2,乒乓球厅-9号,07:00-08:00,0,1,可预约,￥0.0,多云,15,12,4,0.0,100,29
2026-05-21 03:30:49,2026-05-21,2,乒乓球厅-9号,07:00-08:00,0,1,可预约,￥0.0,多云,15,14,3,0.0,100,30
2026-05-21 04:30:45,2026-05-21,2,乒乓球厅-9号,07:00-08:00,0,1,可预约,￥0.0,多云,15,12,4,0.0,100,29
2026-05-21 05:00:52,2026-05-21,2,乒乓球厅-9号,07:00-08:00,0,1,可预约,￥0.0,多云,15,12,4,0.0,100,29
2026-05-21 05:30:49,2026-05-21,2,乒乓球厅-9号,07:00-08:00,0,1,可预约,￥0.0,多云,15,13,3,0.0,100,28
2026-05-21 06:00:50,2026-05-21,2,乒乓球厅-9号,07:00-08:00,0,1,可预约,￥0.0,多云,15,13,4,0.0,99,28
2026-05-21 06:30:38,2026-05-21,2,乒乓球厅-9号,07:00-08:00,0,1,可预约,￥0.0,多云,15,13,3,0.0,97,28
2026-05-21 07:00:43,2026-05-21,2,乒乓球厅-9号,07:00-08:00,0,1,可预约,￥0.0,晴,15,11,5,0.0,93,28
2026-05-21 07:30:39,2026-05-21,2,乒乓球厅-9号,07:00-08:00,0,1,可预约,￥0.0,晴,17,13,4,0.0,89,29
2026-05-21 07:50:40,2026-05-21,2,乒乓球厅-9号,07:00-08:00,0,1,可预约,￥0.0,晴,17,13,4,0.0,88,29
2026-05-21 07:53:31,2026-05-21,2,乒乓球厅-9号,07:00-08:00,0,1,可预约,￥0.0,晴,17,12,5,0.0,86,29
2026-05-21 07:56:31,2026-05-21,2,乒乓球厅-9号,07:00-08:00,0,1,可预约,￥0.0,晴,17,12,5,0.0,86,29
2026-05-21 07:59:26,2026-05-21,2,乒乓球厅-9号,07:00-08:00,0,1,可预约,￥0.0,晴,17,12,5,0.0,86,29
2026-05-21 08:00:45,2026-05-21,2,乒乓球厅-9号,07:00-08:00,0,1,不开放/已过期,,晴,17,12,5,0.0,86,29
2026-05-21 08:02:30,2026-05-21,2,乒乓球厅-9号,07:00-08:00,0,1,不开放/已过期,,多云,17,12,5,0.0,87,29
2026-05-21 08:05:36,2026-05-21,2,乒乓球厅-9号,07:00-08:00,0,1,不开放/已过期,,多云,17,12,5,0.0,86,29
2026-05-21 08:08:31,2026-05-21,2,乒乓球厅-9号,07:00-08:00,0,1,不开放/已过期,,多云,17,12,5,0.0,86,29
2026-05-21 08:11:30,2026-05-21,2,乒乓球厅-9号,07:00-08:00,0,1,不开放/已过期,,多云,17,12,5,0.0,86,29
2026-05-21 08:14:31,2026-05-21,2,乒乓球厅-9号,07:00-08:00,0,1,不开放/已过期,,多云,17,12,5,0.0,86,29
2026-05-21 08:17:30,2026-05-21,2,乒乓球厅-9号,07:00-08:00,0,1,不开放/已过期,,多云,17,12,5,0.0,86,29
2026-05-21 08:20:35,2026-05-21,2,乒乓球厅-9号,07:00-08:00,0,1,不开放/已过期,,多云,17,14,4,0.0,85,29
2026-05-21 08:25:32,2026-05-21,2,乒乓球厅-9号,07:00-08:00,0,1,不开放/已过期,,多云,17,14,4,0.0,85,28
2026-05-21 08:30:42,2026-05-21,2,乒乓球厅-9号,07:00-08:00,0,1,不开放/已过期,,多云,18,15,4,0.0,84,28
2026-05-21 08:35:31,2026-05-21,2,乒乓球厅-9号,07:00-08:00,0,1,不开放/已过期,,多云,18,15,4,0.0,84,28
2026-05-21 08:40:38,2026-05-21,2,乒乓球厅-9号,07:00-08:00,0,1,不开放/已过期,,多云,18,15,4,0.0,82,28
2026-05-21 08:45:33,2026-05-21,2,乒乓球厅-9号,07:00-08:00,0,1,不开放/已过期,,多云,18,15,4,0.0,82,28
2026-05-21 08:50:36,2026-05-21,2,乒乓球厅-9号,07:00-08:00,0,1,不开放/已过期,,多云,18,15,4,0.0,82,28
2026-05-21 08:55:34,2026-05-21,2,乒乓球厅-9号,07:00-08:00,0,1,不开放/已过期,,多云,18,15,4,0.0,84,28
2026-05-21 09:00:51,2026-05-21,2,乒乓球厅-9号,07:00-08:00,0,1,不开放/已过期,,多云,18,15,4,0.0,84,28
2026-05-21 09:01:59,2026-05-21,2,乒乓球厅-9号,07:00-08:00,0,1,不开放/已过期,,多云,18,15,4,0.0,83,28
2026-05-21 09:05:33,2026-05-21,2,乒乓球厅-9号,07:00-08:00,0,1,不开放/已过期,,多云,18,15,4,0.0,83,28
2026-05-21 09:20:38,2026-05-21,2,乒乓球厅-9号,07:00-08:00,0,1,不开放/已过期,,多云,18,16,3,0.0,81,28
2026-05-21 09:30:46,2026-05-21,2,乒乓球厅-9号,07:00-08:00,0,1,不开放/已过期,,多云,18,16,3,0.0,81,32
2026-05-21 09:40:36,2026-05-21,2,乒乓球厅-9号,07:00-08:00,0,1,不开放/已过期,,多云,19,17,3,0.0,79,32
2026-05-21 09:50:42,2026-05-21,2,乒乓球厅-9号,07:00-08:00,0,1,不开放/已过期,,多云,19,17,4,0.0,81,32
2026-05-21 10:00:46,2026-05-21,2,乒乓球厅-9号,07:00-08:00,0,1,不开放/已过期,,多云,19,17,4,0.0,79,32
2026-05-21 10:10:40,2026-05-21,2,乒乓球厅-9号,07:00-08:00,0,1,不开放/已过期,,多云,19,17,4,0.0,79,32
2026-05-21 10:20:38,2026-05-21,2,乒乓球厅-9号,07:00-08:00,0,1,不开放/已过期,,多云,19,17,4,0.0,79,32
2026-05-21 10:30:41,2026-05-21,2,乒乓球厅-9号,07:00-08:00,0,1,不开放/已过期,,多云,19,18,3,0.0,78,31
2026-05-21 11:00:44,2026-05-21,2,乒乓球厅-9号,07:00-08:00,0,1,不开放/已过期,,多云,21,17,5,0.0,74,31
2026-05-21 11:30:38,2026-05-21,2,乒乓球厅-9号,07:00-08:00,0,1,不开放/已过期,,多云,21,19,3,0.0,72,33
2026-05-21 12:00:46,2026-05-21,2,乒乓球厅-9号,07:00-08:00,0,1,不开放/已过期,,多云,22,19,4,0.0,70,33
2026-05-21 12:30:42,2026-05-21,2,乒乓球厅-9号,07:00-08:00,0,1,不开放/已过期,,多云,22,21,3,0.0,68,35
2026-05-21 13:00:43,2026-05-21,2,乒乓球厅-9号,07:00-08:00,0,1,不开放/已过期,,多云,24,22,4,0.0,66,35
2026-05-21 13:30:43,2026-05-21,2,乒乓球厅-9号,07:00-08:00,0,1,不开放/已过期,,多云,24,22,4,0.0,66,36
2026-05-21 14:00:48,2026-05-21,2,乒乓球厅-9号,07:00-08:00,0,1,不开放/已过期,,多云,25,23,4,0.0,66,36
2026-05-21 14:30:45,2026-05-21,2,乒乓球厅-9号,07:00-08:00,0,1,不开放/已过期,,晴,25,25,3,0.0,65,39
2026-05-21 15:00:45,2026-05-21,2,乒乓球厅-9号,07:00-08:00,0,1,不开放/已过期,,晴,25,22,4,0.0,56,39
2026-05-21 15:30:43,2026-05-21,2,乒乓球厅-9号,07:00-08:00,0,1,不开放/已过期,,晴,25,23,4,0.0,57,40
2026-05-21 16:00:51,2026-05-21,2,乒乓球厅-9号,07:00-08:00,0,1,不开放/已过期,,晴,25,23,4,0.0,57,40
2026-05-21 16:30:48,2026-05-21,2,乒乓球厅-9号,07:00-08:00,0,1,不开放/已过期,,晴,25,24,3,0.0,60,39
2026-05-21 17:00:49,2026-05-21,2,乒乓球厅-9号,07:00-08:00,0,1,不开放/已过期,,晴,25,24,4,0.0,61,39
2026-05-21 17:30:47,2026-05-21,2,乒乓球厅-9号,07:00-08:00,0,1,不开放/已过期,,多云,24,23,3,0.0,64,39
2026-05-21 18:00:50,2026-05-21,2,乒乓球厅-9号,07:00-08:00,0,1,不开放/已过期,,多云,24,23,3,0.0,68,39
2026-05-21 18:30:50,2026-05-21,2,乒乓球厅-9号,07:00-08:00,0,1,不开放/已过期,,阴,24,25,2,0.0,68,40
2026-05-21 19:00:50,2026-05-21,2,乒乓球厅-9号,07:00-08:00,0,1,不开放/已过期,,阴,23,23,3,0.0,76,40
2026-05-21 19:30:46,2026-05-21,2,乒乓球厅-9号,07:00-08:00,0,1,不开放/已过期,,阴,23,24,2,0.0,77,39
2026-05-21 20:00:49,2026-05-21,2,乒乓球厅-9号,07:00-08:00,0,1,不开放/已过期,,雾,22,23,2,0.0,89,39
2026-05-21 20:30:44,2026-05-21,2,乒乓球厅-9号,07:00-08:00,0,1,不开放/已过期,,雾,22,24,2,0.0,93,43
2026-05-21 21:00:56,2026-05-21,2,乒乓球厅-9号,07:00-08:00,0,1,不开放/已过期,,雾,20,21,2,0.0,98,43
2026-05-21 21:30:46,2026-05-21,2,乒乓球厅-9号,07:00-08:00,0,1,不开放/已过期,,雾,20,22,1,0.0,99,41
2026-05-21 22:01:02,2026-05-21,2,乒乓球厅-9号,07:00-08:00,0,1,不开放/已过期,,雾,19,20,2,0.0,93,41
2026-05-21 22:30:47,2026-05-21,2,乒乓球厅-9号,07:00-08:00,0,1,不开放/已过期,,雾,19,19,3,0.0,88,46
2026-05-21 23:00:56,2026-05-21,2,乒乓球厅-9号,07:00-08:00,0,1,不开放/已过期,,多云,18,17,3,0.0,85,46
2026-05-21 23:30:55,2026-05-21,2,乒乓球厅-9号,07:00-08:00,0,1,不开放/已过期,,多云,18,17,3,0.0,85,48
2026-05-21 00:30:49,2026-05-21,2,乒乓球厅-9号,08:00-09:00,0,1,可预约,￥0.0,多云,15,13,3,0.0,100,26
2026-05-21 01:00:55,2026-05-21,2,乒乓球厅-9号,08:00-09:00,0,1,可预约,￥0.0,多云,15,12,4,0.0,100,26
2026-05-21 01:30:47,2026-05-21,2,乒乓球厅-9号,08:00-09:00,0,1,可预约,￥0.0,多云,15,13,4,0.0,100,28
2026-05-21 02:00:53,2026-05-21,2,乒乓球厅-9号,08:00-09:00,0,1,可预约,￥0.0,多云,15,12,4,0.0,100,28
2026-05-21 02:30:49,2026-05-21,2,乒乓球厅-9号,08:00-09:00,0,1,可预约,￥0.0,多云,15,14,3,0.0,100,29
2026-05-21 03:00:55,2026-05-21,2,乒乓球厅-9号,08:00-09:00,0,1,可预约,￥0.0,多云,15,12,4,0.0,100,29
2026-05-21 03:30:49,2026-05-21,2,乒乓球厅-9号,08:00-09:00,0,1,可预约,￥0.0,多云,15,14,3,0.0,100,30
2026-05-21 04:30:45,2026-05-21,2,乒乓球厅-9号,08:00-09:00,0,1,可预约,￥0.0,多云,15,12,4,0.0,100,29
2026-05-21 05:00:52,2026-05-21,2,乒乓球厅-9号,08:00-09:00,0,1,可预约,￥0.0,多云,15,12,4,0.0,100,29
2026-05-21 05:30:49,2026-05-21,2,乒乓球厅-9号,08:00-09:00,0,1,可预约,￥0.0,多云,15,13,3,0.0,100,28
2026-05-21 06:00:50,2026-05-21,2,乒乓球厅-9号,08:00-09:00,0,1,可预约,￥0.0,多云,15,13,4,0.0,99,28
2026-05-21 06:30:38,2026-05-21,2,乒乓球厅-9号,08:00-09:00,0,1,可预约,￥0.0,多云,15,13,3,0.0,97,28
2026-05-21 07:00:43,2026-05-21,2,乒乓球厅-9号,08:00-09:00,0,1,可预约,￥0.0,晴,15,11,5,0.0,93,28
2026-05-21 07:30:39,2026-05-21,2,乒乓球厅-9号,08:00-09:00,0,1,可预约,￥0.0,晴,17,13,4,0.0,89,29
2026-05-21 07:50:40,2026-05-21,2,乒乓球厅-9号,08:00-09:00,0,1,可预约,￥0.0,晴,17,13,4,0.0,88,29
2026-05-21 07:53:31,2026-05-21,2,乒乓球厅-9号,08:00-09:00,0,1,可预约,￥0.0,晴,17,12,5,0.0,86,29
2026-05-21 07:56:31,2026-05-21,2,乒乓球厅-9号,08:00-09:00,0,1,可预约,￥0.0,晴,17,12,5,0.0,86,29
2026-05-21 07:59:26,2026-05-21,2,乒乓球厅-9号,08:00-09:00,0,1,可预约,￥0.0,晴,17,12,5,0.0,86,29
2026-05-21 08:00:45,2026-05-21,2,乒乓球厅-9号,08:00-09:00,0,1,可预约,￥0.0,晴,17,12,5,0.0,86,29
2026-05-21 08:02:30,2026-05-21,2,乒乓球厅-9号,08:00-09:00,0,1,可预约,￥0.0,多云,17,12,5,0.0,87,29
2026-05-21 08:05:36,2026-05-21,2,乒乓球厅-9号,08:00-09:00,0,1,可预约,￥0.0,多云,17,12,5,0.0,86,29
2026-05-21 08:08:31,2026-05-21,2,乒乓球厅-9号,08:00-09:00,0,1,可预约,￥0.0,多云,17,12,5,0.0,86,29
2026-05-21 08:11:30,2026-05-21,2,乒乓球厅-9号,08:00-09:00,0,1,可预约,￥0.0,多云,17,12,5,0.0,86,29
2026-05-21 08:14:31,2026-05-21,2,乒乓球厅-9号,08:00-09:00,0,1,可预约,￥0.0,多云,17,12,5,0.0,86,29
2026-05-21 08:17:30,2026-05-21,2,乒乓球厅-9号,08:00-09:00,0,1,可预约,￥0.0,多云,17,12,5,0.0,86,29
2026-05-21 08:20:35,2026-05-21,2,乒乓球厅-9号,08:00-09:00,0,1,可预约,￥0.0,多云,17,14,4,0.0,85,29
2026-05-21 08:25:32,2026-05-21,2,乒乓球厅-9号,08:00-09:00,0,1,可预约,￥0.0,多云,17,14,4,0.0,85,28
2026-05-21 08:30:42,2026-05-21,2,乒乓球厅-9号,08:00-09:00,0,1,可预约,￥0.0,多云,18,15,4,0.0,84,28
2026-05-21 08:35:31,2026-05-21,2,乒乓球厅-9号,08:00-09:00,0,1,可预约,￥0.0,多云,18,15,4,0.0,84,28
2026-05-21 08:40:38,2026-05-21,2,乒乓球厅-9号,08:00-09:00,0,1,可预约,￥0.0,多云,18,15,4,0.0,82,28
2026-05-21 08:45:33,2026-05-21,2,乒乓球厅-9号,08:00-09:00,0,1,可预约,￥0.0,多云,18,15,4,0.0,82,28
2026-05-21 08:50:36,2026-05-21,2,乒乓球厅-9号,08:00-09:00,0,1,可预约,￥0.0,多云,18,15,4,0.0,82,28
2026-05-21 08:55:34,2026-05-21,2,乒乓球厅-9号,08:00-09:00,0,1,可预约,￥0.0,多云,18,15,4,0.0,84,28
2026-05-21 09:00:51,2026-05-21,2,乒乓球厅-9号,08:00-09:00,0,1,不开放/已过期,,多云,18,15,4,0.0,84,28
2026-05-21 09:01:59,2026-05-21,2,乒乓球厅-9号,08:00-09:00,0,1,不开放/已过期,,多云,18,15,4,0.0,83,28
2026-05-21 09:05:33,2026-05-21,2,乒乓球厅-9号,08:00-09:00,0,1,不开放/已过期,,多云,18,15,4,0.0,83,28
2026-05-21 09:20:38,2026-05-21,2,乒乓球厅-9号,08:00-09:00,0,1,不开放/已过期,,多云,18,16,3,0.0,81,28
2026-05-21 09:30:46,2026-05-21,2,乒乓球厅-9号,08:00-09:00,0,1,不开放/已过期,,多云,18,16,3,0.0,81,32
2026-05-21 09:40:36,2026-05-21,2,乒乓球厅-9号,08:00-09:00,0,1,不开放/已过期,,多云,19,17,3,0.0,79,32
2026-05-21 09:50:42,2026-05-21,2,乒乓球厅-9号,08:00-09:00,0,1,不开放/已过期,,多云,19,17,4,0.0,81,32
2026-05-21 10:00:46,2026-05-21,2,乒乓球厅-9号,08:00-09:00,0,1,不开放/已过期,,多云,19,17,4,0.0,79,32
2026-05-21 10:10:40,2026-05-21,2,乒乓球厅-9号,08:00-09:00,0,1,不开放/已过期,,多云,19,17,4,0.0,79,32
2026-05-21 10:20:38,2026-05-21,2,乒乓球厅-9号,08:00-09:00,0,1,不开放/已过期,,多云,19,17,4,0.0,79,32
2026-05-21 10:30:41,2026-05-21,2,乒乓球厅-9号,08:00-09:00,0,1,不开放/已过期,,多云,19,18,3,0.0,78,31
2026-05-21 11:00:44,2026-05-21,2,乒乓球厅-9号,08:00-09:00,0,1,不开放/已过期,,多云,21,17,5,0.0,74,31
2026-05-21 11:30:38,2026-05-21,2,乒乓球厅-9号,08:00-09:00,0,1,不开放/已过期,,多云,21,19,3,0.0,72,33
2026-05-21 12:00:46,2026-05-21,2,乒乓球厅-9号,08:00-09:00,0,1,不开放/已过期,,多云,22,19,4,0.0,70,33
2026-05-21 12:30:42,2026-05-21,2,乒乓球厅-9号,08:00-09:00,0,1,不开放/已过期,,多云,22,21,3,0.0,68,35
2026-05-21 13:00:43,2026-05-21,2,乒乓球厅-9号,08:00-09:00,0,1,不开放/已过期,,多云,24,22,4,0.0,66,35
2026-05-21 13:30:43,2026-05-21,2,乒乓球厅-9号,08:00-09:00,0,1,不开放/已过期,,多云,24,22,4,0.0,66,36
2026-05-21 14:00:48,2026-05-21,2,乒乓球厅-9号,08:00-09:00,0,1,不开放/已过期,,多云,25,23,4,0.0,66,36
2026-05-21 14:30:45,2026-05-21,2,乒乓球厅-9号,08:00-09:00,0,1,不开放/已过期,,晴,25,25,3,0.0,65,39
2026-05-21 15:00:45,2026-05-21,2,乒乓球厅-9号,08:00-09:00,0,1,不开放/已过期,,晴,25,22,4,0.0,56,39
2026-05-21 15:30:43,2026-05-21,2,乒乓球厅-9号,08:00-09:00,0,1,不开放/已过期,,晴,25,23,4,0.0,57,40
2026-05-21 16:00:51,2026-05-21,2,乒乓球厅-9号,08:00-09:00,0,1,不开放/已过期,,晴,25,23,4,0.0,57,40
2026-05-21 16:30:48,2026-05-21,2,乒乓球厅-9号,08:00-09:00,0,1,不开放/已过期,,晴,25,24,3,0.0,60,39
2026-05-21 17:00:49,2026-05-21,2,乒乓球厅-9号,08:00-09:00,0,1,不开放/已过期,,晴,25,24,4,0.0,61,39
2026-05-21 17:30:47,2026-05-21,2,乒乓球厅-9号,08:00-09:00,0,1,不开放/已过期,,多云,24,23,3,0.0,64,39
2026-05-21 18:00:50,2026-05-21,2,乒乓球厅-9号,08:00-09:00,0,1,不开放/已过期,,多云,24,23,3,0.0,68,39
2026-05-21 18:30:50,2026-05-21,2,乒乓球厅-9号,08:00-09:00,0,1,不开放/已过期,,阴,24,25,2,0.0,68,40
2026-05-21 19:00:50,2026-05-21,2,乒乓球厅-9号,08:00-09:00,0,1,不开放/已过期,,阴,23,23,3,0.0,76,40
2026-05-21 19:30:46,2026-05-21,2,乒乓球厅-9号,08:00-09:00,0,1,不开放/已过期,,阴,23,24,2,0.0,77,39
2026-05-21 20:00:49,2026-05-21,2,乒乓球厅-9号,08:00-09:00,0,1,不开放/已过期,,雾,22,23,2,0.0,89,39
2026-05-21 20:30:44,2026-05-21,2,乒乓球厅-9号,08:00-09:00,0,1,不开放/已过期,,雾,22,24,2,0.0,93,43
2026-05-21 21:00:56,2026-05-21,2,乒乓球厅-9号,08:00-09:00,0,1,不开放/已过期,,雾,20,21,2,0.0,98,43
2026-05-21 21:30:46,2026-05-21,2,乒乓球厅-9号,08:00-09:00,0,1,不开放/已过期,,雾,20,22,1,0.0,99,41
2026-05-21 22:01:02,2026-05-21,2,乒乓球厅-9号,08:00-09:00,0,1,不开放/已过期,,雾,19,20,2,0.0,93,41
2026-05-21 22:30:47,2026-05-21,2,乒乓球厅-9号,08:00-09:00,0,1,不开放/已过期,,雾,19,19,3,0.0,88,46
2026-05-21 23:00:56,2026-05-21,2,乒乓球厅-9号,08:00-09:00,0,1,不开放/已过期,,多云,18,17,3,0.0,85,46
2026-05-21 23:30:55,2026-05-21,2,乒乓球厅-9号,08:00-09:00,0,1,不开放/已过期,,多云,18,17,3,0.0,85,48
2026-05-21 00:30:49,2026-05-21,2,乒乓球厅-9号,09:00-10:00,0,1,可预约,￥5.0,多云,15,13,3,0.0,100,26
2026-05-21 01:00:55,2026-05-21,2,乒乓球厅-9号,09:00-10:00,0,1,可预约,￥5.0,多云,15,12,4,0.0,100,26
2026-05-21 01:30:47,2026-05-21,2,乒乓球厅-9号,09:00-10:00,0,1,可预约,￥5.0,多云,15,13,4,0.0,100,28
2026-05-21 02:00:53,2026-05-21,2,乒乓球厅-9号,09:00-10:00,0,1,可预约,￥5.0,多云,15,12,4,0.0,100,28
2026-05-21 02:30:49,2026-05-21,2,乒乓球厅-9号,09:00-10:00,0,1,可预约,￥5.0,多云,15,14,3,0.0,100,29
2026-05-21 03:00:55,2026-05-21,2,乒乓球厅-9号,09:00-10:00,0,1,可预约,￥5.0,多云,15,12,4,0.0,100,29
2026-05-21 03:30:49,2026-05-21,2,乒乓球厅-9号,09:00-10:00,0,1,可预约,￥5.0,多云,15,14,3,0.0,100,30
2026-05-21 04:30:45,2026-05-21,2,乒乓球厅-9号,09:00-10:00,0,1,可预约,￥5.0,多云,15,12,4,0.0,100,29
2026-05-21 05:00:52,2026-05-21,2,乒乓球厅-9号,09:00-10:00,0,1,可预约,￥5.0,多云,15,12,4,0.0,100,29
2026-05-21 05:30:49,2026-05-21,2,乒乓球厅-9号,09:00-10:00,0,1,可预约,￥5.0,多云,15,13,3,0.0,100,28
2026-05-21 06:00:50,2026-05-21,2,乒乓球厅-9号,09:00-10:00,0,1,可预约,￥5.0,多云,15,13,4,0.0,99,28
2026-05-21 06:30:38,2026-05-21,2,乒乓球厅-9号,09:00-10:00,0,1,可预约,￥5.0,多云,15,13,3,0.0,97,28
2026-05-21 07:00:43,2026-05-21,2,乒乓球厅-9号,09:00-10:00,0,1,可预约,￥5.0,晴,15,11,5,0.0,93,28
2026-05-21 07:30:39,2026-05-21,2,乒乓球厅-9号,09:00-10:00,0,1,可预约,￥5.0,晴,17,13,4,0.0,89,29
2026-05-21 07:50:40,2026-05-21,2,乒乓球厅-9号,09:00-10:00,0,1,可预约,￥5.0,晴,17,13,4,0.0,88,29
2026-05-21 07:53:31,2026-05-21,2,乒乓球厅-9号,09:00-10:00,0,1,可预约,￥5.0,晴,17,12,5,0.0,86,29
2026-05-21 07:56:31,2026-05-21,2,乒乓球厅-9号,09:00-10:00,0,1,可预约,￥5.0,晴,17,12,5,0.0,86,29
2026-05-21 07:59:26,2026-05-21,2,乒乓球厅-9号,09:00-10:00,0,1,可预约,￥5.0,晴,17,12,5,0.0,86,29
2026-05-21 08:00:45,2026-05-21,2,乒乓球厅-9号,09:00-10:00,0,1,可预约,￥5.0,晴,17,12,5,0.0,86,29
2026-05-21 08:02:30,2026-05-21,2,乒乓球厅-9号,09:00-10:00,0,1,可预约,￥5.0,多云,17,12,5,0.0,87,29
2026-05-21 08:05:36,2026-05-21,2,乒乓球厅-9号,09:00-10:00,0,1,可预约,￥5.0,多云,17,12,5,0.0,86,29
2026-05-21 08:08:31,2026-05-21,2,乒乓球厅-9号,09:00-10:00,0,1,可预约,￥5.0,多云,17,12,5,0.0,86,29
2026-05-21 08:11:30,2026-05-21,2,乒乓球厅-9号,09:00-10:00,0,1,可预约,￥5.0,多云,17,12,5,0.0,86,29
2026-05-21 08:14:31,2026-05-21,2,乒乓球厅-9号,09:00-10:00,0,1,可预约,￥5.0,多云,17,12,5,0.0,86,29
2026-05-21 08:17:30,2026-05-21,2,乒乓球厅-9号,09:00-10:00,0,1,可预约,￥5.0,多云,17,12,5,0.0,86,29
2026-05-21 08:20:35,2026-05-21,2,乒乓球厅-9号,09:00-10:00,0,1,可预约,￥5.0,多云,17,14,4,0.0,85,29
2026-05-21 08:25:32,2026-05-21,2,乒乓球厅-9号,09:00-10:00,0,1,可预约,￥5.0,多云,17,14,4,0.0,85,28
2026-05-21 08:30:42,2026-05-21,2,乒乓球厅-9号,09:00-10:00,0,1,可预约,￥5.0,多云,18,15,4,0.0,84,28
2026-05-21 08:35:31,2026-05-21,2,乒乓球厅-9号,09:00-10:00,0,1,可预约,￥5.0,多云,18,15,4,0.0,84,28
2026-05-21 08:40:38,2026-05-21,2,乒乓球厅-9号,09:00-10:00,0,1,可预约,￥5.0,多云,18,15,4,0.0,82,28
2026-05-21 08:45:33,2026-05-21,2,乒乓球厅-9号,09:00-10:00,0,1,可预约,￥5.0,多云,18,15,4,0.0,82,28
2026-05-21 08:50:36,2026-05-21,2,乒乓球厅-9号,09:00-10:00,0,1,可预约,￥5.0,多云,18,15,4,0.0,82,28
2026-05-21 08:55:34,2026-05-21,2,乒乓球厅-9号,09:00-10:00,0,1,可预约,￥5.0,多云,18,15,4,0.0,84,28
2026-05-21 09:00:51,2026-05-21,2,乒乓球厅-9号,09:00-10:00,0,1,可预约,￥5.0,多云,18,15,4,0.0,84,28
2026-05-21 09:01:59,2026-05-21,2,乒乓球厅-9号,09:00-10:00,0,1,可预约,￥5.0,多云,18,15,4,0.0,83,28
2026-05-21 09:05:33,2026-05-21,2,乒乓球厅-9号,09:00-10:00,0,1,可预约,￥5.0,多云,18,15,4,0.0,83,28
2026-05-21 09:20:38,2026-05-21,2,乒乓球厅-9号,09:00-10:00,0,1,可预约,￥5.0,多云,18,16,3,0.0,81,28
2026-05-21 09:30:46,2026-05-21,2,乒乓球厅-9号,09:00-10:00,0,1,可预约,￥5.0,多云,18,16,3,0.0,81,32
2026-05-21 09:40:36,2026-05-21,2,乒乓球厅-9号,09:00-10:00,0,1,可预约,￥5.0,多云,19,17,3,0.0,79,32
2026-05-21 09:50:42,2026-05-21,2,乒乓球厅-9号,09:00-10:00,0,1,可预约,￥5.0,多云,19,17,4,0.0,81,32
2026-05-21 10:00:46,2026-05-21,2,乒乓球厅-9号,09:00-10:00,0,1,不开放/已过期,,多云,19,17,4,0.0,79,32
2026-05-21 10:10:40,2026-05-21,2,乒乓球厅-9号,09:00-10:00,0,1,不开放/已过期,,多云,19,17,4,0.0,79,32
2026-05-21 10:20:38,2026-05-21,2,乒乓球厅-9号,09:00-10:00,0,1,不开放/已过期,,多云,19,17,4,0.0,79,32
2026-05-21 10:30:41,2026-05-21,2,乒乓球厅-9号,09:00-10:00,0,1,不开放/已过期,,多云,19,18,3,0.0,78,31
2026-05-21 11:00:44,2026-05-21,2,乒乓球厅-9号,09:00-10:00,0,1,不开放/已过期,,多云,21,17,5,0.0,74,31
2026-05-21 11:30:38,2026-05-21,2,乒乓球厅-9号,09:00-10:00,0,1,不开放/已过期,,多云,21,19,3,0.0,72,33
2026-05-21 12:00:46,2026-05-21,2,乒乓球厅-9号,09:00-10:00,0,1,不开放/已过期,,多云,22,19,4,0.0,70,33
2026-05-21 12:30:42,2026-05-21,2,乒乓球厅-9号,09:00-10:00,0,1,不开放/已过期,,多云,22,21,3,0.0,68,35
2026-05-21 13:00:43,2026-05-21,2,乒乓球厅-9号,09:00-10:00,0,1,不开放/已过期,,多云,24,22,4,0.0,66,35
2026-05-21 13:30:43,2026-05-21,2,乒乓球厅-9号,09:00-10:00,0,1,不开放/已过期,,多云,24,22,4,0.0,66,36
2026-05-21 14:00:48,2026-05-21,2,乒乓球厅-9号,09:00-10:00,0,1,不开放/已过期,,多云,25,23,4,0.0,66,36
2026-05-21 14:30:45,2026-05-21,2,乒乓球厅-9号,09:00-10:00,0,1,不开放/已过期,,晴,25,25,3,0.0,65,39
2026-05-21 15:00:45,2026-05-21,2,乒乓球厅-9号,09:00-10:00,0,1,不开放/已过期,,晴,25,22,4,0.0,56,39
2026-05-21 15:30:43,2026-05-21,2,乒乓球厅-9号,09:00-10:00,0,1,不开放/已过期,,晴,25,23,4,0.0,57,40
2026-05-21 16:00:51,2026-05-21,2,乒乓球厅-9号,09:00-10:00,0,1,不开放/已过期,,晴,25,23,4,0.0,57,40
2026-05-21 16:30:48,2026-05-21,2,乒乓球厅-9号,09:00-10:00,0,1,不开放/已过期,,晴,25,24,3,0.0,60,39
2026-05-21 17:00:49,2026-05-21,2,乒乓球厅-9号,09:00-10:00,0,1,不开放/已过期,,晴,25,24,4,0.0,61,39
2026-05-21 17:30:47,2026-05-21,2,乒乓球厅-9号,09:00-10:00,0,1,不开放/已过期,,多云,24,23,3,0.0,64,39
2026-05-21 18:00:50,2026-05-21,2,乒乓球厅-9号,09:00-10:00,0,1,不开放/已过期,,多云,24,23,3,0.0,68,39
2026-05-21 18:30:50,2026-05-21,2,乒乓球厅-9号,09:00-10:00,0,1,不开放/已过期,,阴,24,25,2,0.0,68,40
2026-05-21 19:00:50,2026-05-21,2,乒乓球厅-9号,09:00-10:00,0,1,不开放/已过期,,阴,23,23,3,0.0,76,40
2026-05-21 19:30:46,2026-05-21,2,乒乓球厅-9号,09:00-10:00,0,1,不开放/已过期,,阴,23,24,2,0.0,77,39
2026-05-21 20:00:49,2026-05-21,2,乒乓球厅-9号,09:00-10:00,0,1,不开放/已过期,,雾,22,23,2,0.0,89,39
2026-05-21 20:30:44,2026-05-21,2,乒乓球厅-9号,09:00-10:00,0,1,不开放/已过期,,雾,22,24,2,0.0,93,43
2026-05-21 21:00:56,2026-05-21,2,乒乓球厅-9号,09:00-10:00,0,1,不开放/已过期,,雾,20,21,2,0.0,98,43
2026-05-21 21:30:46,2026-05-21,2,乒乓球厅-9号,09:00-10:00,0,1,不开放/已过期,,雾,20,22,1,0.0,99,41
2026-05-21 22:01:02,2026-05-21,2,乒乓球厅-9号,09:00-10:00,0,1,不开放/已过期,,雾,19,20,2,0.0,93,41
2026-05-21 22:30:47,2026-05-21,2,乒乓球厅-9号,09:00-10:00,0,1,不开放/已过期,,雾,19,19,3,0.0,88,46
2026-05-21 23:00:56,2026-05-21,2,乒乓球厅-9号,09:00-10:00,0,1,不开放/已过期,,多云,18,17,3,0.0,85,46
2026-05-21 23:30:55,2026-05-21,2,乒乓球厅-9号,09:00-10:00,0,1,不开放/已过期,,多云,18,17,3,0.0,85,48
2026-05-21 00:30:49,2026-05-21,2,乒乓球厅-9号,10:00-11:00,1,1,已售/已满,教学时间,多云,15,13,3,0.0,100,26
2026-05-21 01:00:55,2026-05-21,2,乒乓球厅-9号,10:00-11:00,1,1,已售/已满,教学时间,多云,15,12,4,0.0,100,26
2026-05-21 01:30:47,2026-05-21,2,乒乓球厅-9号,10:00-11:00,1,1,已售/已满,教学时间,多云,15,13,4,0.0,100,28
2026-05-21 02:00:53,2026-05-21,2,乒乓球厅-9号,10:00-11:00,1,1,已售/已满,教学时间,多云,15,12,4,0.0,100,28
2026-05-21 02:30:49,2026-05-21,2,乒乓球厅-9号,10:00-11:00,1,1,已售/已满,教学时间,多云,15,14,3,0.0,100,29
2026-05-21 03:00:55,2026-05-21,2,乒乓球厅-9号,10:00-11:00,1,1,已售/已满,教学时间,多云,15,12,4,0.0,100,29
2026-05-21 03:30:49,2026-05-21,2,乒乓球厅-9号,10:00-11:00,1,1,已售/已满,教学时间,多云,15,14,3,0.0,100,30
2026-05-21 04:30:45,2026-05-21,2,乒乓球厅-9号,10:00-11:00,1,1,已售/已满,教学时间,多云,15,12,4,0.0,100,29
2026-05-21 05:00:52,2026-05-21,2,乒乓球厅-9号,10:00-11:00,1,1,已售/已满,教学时间,多云,15,12,4,0.0,100,29
2026-05-21 05:30:49,2026-05-21,2,乒乓球厅-9号,10:00-11:00,1,1,已售/已满,教学时间,多云,15,13,3,0.0,100,28
2026-05-21 06:00:50,2026-05-21,2,乒乓球厅-9号,10:00-11:00,1,1,已售/已满,教学时间,多云,15,13,4,0.0,99,28
2026-05-21 06:30:38,2026-05-21,2,乒乓球厅-9号,10:00-11:00,1,1,已售/已满,教学时间,多云,15,13,3,0.0,97,28
2026-05-21 07:00:43,2026-05-21,2,乒乓球厅-9号,10:00-11:00,1,1,已售/已满,教学时间,晴,15,11,5,0.0,93,28
2026-05-21 07:30:39,2026-05-21,2,乒乓球厅-9号,10:00-11:00,1,1,已售/已满,教学时间,晴,17,13,4,0.0,89,29
2026-05-21 07:50:40,2026-05-21,2,乒乓球厅-9号,10:00-11:00,1,1,已售/已满,教学时间,晴,17,13,4,0.0,88,29
2026-05-21 07:53:31,2026-05-21,2,乒乓球厅-9号,10:00-11:00,1,1,已售/已满,教学时间,晴,17,12,5,0.0,86,29
2026-05-21 07:56:31,2026-05-21,2,乒乓球厅-9号,10:00-11:00,1,1,已售/已满,教学时间,晴,17,12,5,0.0,86,29
2026-05-21 07:59:26,2026-05-21,2,乒乓球厅-9号,10:00-11:00,1,1,已售/已满,教学时间,晴,17,12,5,0.0,86,29
2026-05-21 08:00:45,2026-05-21,2,乒乓球厅-9号,10:00-11:00,1,1,已售/已满,教学时间,晴,17,12,5,0.0,86,29
2026-05-21 08:02:30,2026-05-21,2,乒乓球厅-9号,10:00-11:00,1,1,已售/已满,教学时间,多云,17,12,5,0.0,87,29
2026-05-21 08:05:36,2026-05-21,2,乒乓球厅-9号,10:00-11:00,1,1,已售/已满,教学时间,多云,17,12,5,0.0,86,29
2026-05-21 08:08:31,2026-05-21,2,乒乓球厅-9号,10:00-11:00,1,1,已售/已满,教学时间,多云,17,12,5,0.0,86,29
2026-05-21 08:11:30,2026-05-21,2,乒乓球厅-9号,10:00-11:00,1,1,已售/已满,教学时间,多云,17,12,5,0.0,86,29
2026-05-21 08:14:31,2026-05-21,2,乒乓球厅-9号,10:00-11:00,1,1,已售/已满,教学时间,多云,17,12,5,0.0,86,29
2026-05-21 08:17:30,2026-05-21,2,乒乓球厅-9号,10:00-11:00,1,1,已售/已满,教学时间,多云,17,12,5,0.0,86,29
2026-05-21 08:20:35,2026-05-21,2,乒乓球厅-9号,10:00-11:00,1,1,已售/已满,教学时间,多云,17,14,4,0.0,85,29
2026-05-21 08:25:32,2026-05-21,2,乒乓球厅-9号,10:00-11:00,1,1,已售/已满,教学时间,多云,17,14,4,0.0,85,28
2026-05-21 08:30:42,2026-05-21,2,乒乓球厅-9号,10:00-11:00,1,1,已售/已满,教学时间,多云,18,15,4,0.0,84,28
2026-05-21 08:35:31,2026-05-21,2,乒乓球厅-9号,10:00-11:00,1,1,已售/已满,教学时间,多云,18,15,4,0.0,84,28
2026-05-21 08:40:38,2026-05-21,2,乒乓球厅-9号,10:00-11:00,1,1,已售/已满,教学时间,多云,18,15,4,0.0,82,28
2026-05-21 08:45:33,2026-05-21,2,乒乓球厅-9号,10:00-11:00,1,1,已售/已满,教学时间,多云,18,15,4,0.0,82,28
2026-05-21 08:50:36,2026-05-21,2,乒乓球厅-9号,10:00-11:00,1,1,已售/已满,教学时间,多云,18,15,4,0.0,82,28
2026-05-21 08:55:34,2026-05-21,2,乒乓球厅-9号,10:00-11:00,1,1,已售/已满,教学时间,多云,18,15,4,0.0,84,28
2026-05-21 09:00:51,2026-05-21,2,乒乓球厅-9号,10:00-11:00,1,1,已售/已满,教学时间,多云,18,15,4,0.0,84,28
2026-05-21 09:01:59,2026-05-21,2,乒乓球厅-9号,10:00-11:00,1,1,已售/已满,教学时间,多云,18,15,4,0.0,83,28
2026-05-21 09:05:33,2026-05-21,2,乒乓球厅-9号,10:00-11:00,1,1,已售/已满,教学时间,多云,18,15,4,0.0,83,28
2026-05-21 09:20:38,2026-05-21,2,乒乓球厅-9号,10:00-11:00,1,1,已售/已满,教学时间,多云,18,16,3,0.0,81,28
2026-05-21 09:30:46,2026-05-21,2,乒乓球厅-9号,10:00-11:00,1,1,已售/已满,教学时间,多云,18,16,3,0.0,81,32
2026-05-21 09:40:36,2026-05-21,2,乒乓球厅-9号,10:00-11:00,1,1,已售/已满,教学时间,多云,19,17,3,0.0,79,32
2026-05-21 09:50:42,2026-05-21,2,乒乓球厅-9号,10:00-11:00,1,1,已售/已满,教学时间,多云,19,17,4,0.0,81,32
2026-05-21 10:00:46,2026-05-21,2,乒乓球厅-9号,10:00-11:00,1,1,已售/已满,教学时间,多云,19,17,4,0.0,79,32
2026-05-21 10:10:40,2026-05-21,2,乒乓球厅-9号,10:00-11:00,1,1,已售/已满,教学时间,多云,19,17,4,0.0,79,32
2026-05-21 10:20:38,2026-05-21,2,乒乓球厅-9号,10:00-11:00,1,1,已售/已满,教学时间,多云,19,17,4,0.0,79,32
2026-05-21 10:30:41,2026-05-21,2,乒乓球厅-9号,10:00-11:00,1,1,已售/已满,教学时间,多云,19,18,3,0.0,78,31
2026-05-21 11:00:44,2026-05-21,2,乒乓球厅-9号,10:00-11:00,1,1,已售/已满,教学时间,多云,21,17,5,0.0,74,31
2026-05-21 11:30:38,2026-05-21,2,乒乓球厅-9号,10:00-11:00,1,1,已售/已满,教学时间,多云,21,19,3,0.0,72,33
2026-05-21 12:00:46,2026-05-21,2,乒乓球厅-9号,10:00-11:00,1,1,已售/已满,教学时间,多云,22,19,4,0.0,70,33
2026-05-21 12:30:42,2026-05-21,2,乒乓球厅-9号,10:00-11:00,1,1,已售/已满,教学时间,多云,22,21,3,0.0,68,35
2026-05-21 13:00:43,2026-05-21,2,乒乓球厅-9号,10:00-11:00,1,1,已售/已满,教学时间,多云,24,22,4,0.0,66,35
2026-05-21 13:30:43,2026-05-21,2,乒乓球厅-9号,10:00-11:00,1,1,已售/已满,教学时间,多云,24,22,4,0.0,66,36
2026-05-21 14:00:48,2026-05-21,2,乒乓球厅-9号,10:00-11:00,1,1,已售/已满,教学时间,多云,25,23,4,0.0,66,36
2026-05-21 14:30:45,2026-05-21,2,乒乓球厅-9号,10:00-11:00,1,1,已售/已满,教学时间,晴,25,25,3,0.0,65,39
2026-05-21 15:00:45,2026-05-21,2,乒乓球厅-9号,10:00-11:00,1,1,已售/已满,教学时间,晴,25,22,4,0.0,56,39
2026-05-21 15:30:43,2026-05-21,2,乒乓球厅-9号,10:00-11:00,1,1,已售/已满,教学时间,晴,25,23,4,0.0,57,40
2026-05-21 16:00:51,2026-05-21,2,乒乓球厅-9号,10:00-11:00,1,1,已售/已满,教学时间,晴,25,23,4,0.0,57,40
2026-05-21 16:30:48,2026-05-21,2,乒乓球厅-9号,10:00-11:00,1,1,已售/已满,教学时间,晴,25,24,3,0.0,60,39
2026-05-21 17:00:49,2026-05-21,2,乒乓球厅-9号,10:00-11:00,1,1,已售/已满,教学时间,晴,25,24,4,0.0,61,39
2026-05-21 17:30:47,2026-05-21,2,乒乓球厅-9号,10:00-11:00,1,1,已售/已满,教学时间,多云,24,23,3,0.0,64,39
2026-05-21 18:00:50,2026-05-21,2,乒乓球厅-9号,10:00-11:00,1,1,已售/已满,教学时间,多云,24,23,3,0.0,68,39
2026-05-21 18:30:50,2026-05-21,2,乒乓球厅-9号,10:00-11:00,1,1,已售/已满,教学时间,阴,24,25,2,0.0,68,40
2026-05-21 19:00:50,2026-05-21,2,乒乓球厅-9号,10:00-11:00,1,1,已售/已满,教学时间,阴,23,23,3,0.0,76,40
2026-05-21 19:30:46,2026-05-21,2,乒乓球厅-9号,10:00-11:00,1,1,已售/已满,教学时间,阴,23,24,2,0.0,77,39
2026-05-21 20:00:49,2026-05-21,2,乒乓球厅-9号,10:00-11:00,1,1,已售/已满,教学时间,雾,22,23,2,0.0,89,39
2026-05-21 20:30:44,2026-05-21,2,乒乓球厅-9号,10:00-11:00,1,1,已售/已满,教学时间,雾,22,24,2,0.0,93,43
2026-05-21 21:00:56,2026-05-21,2,乒乓球厅-9号,10:00-11:00,1,1,已售/已满,教学时间,雾,20,21,2,0.0,98,43
2026-05-21 21:30:46,2026-05-21,2,乒乓球厅-9号,10:00-11:00,1,1,已售/已满,教学时间,雾,20,22,1,0.0,99,41
2026-05-21 22:01:02,2026-05-21,2,乒乓球厅-9号,10:00-11:00,1,1,已售/已满,教学时间,雾,19,20,2,0.0,93,41
2026-05-21 22:30:47,2026-05-21,2,乒乓球厅-9号,10:00-11:00,1,1,已售/已满,教学时间,雾,19,19,3,0.0,88,46
2026-05-21 23:00:56,2026-05-21,2,乒乓球厅-9号,10:00-11:00,1,1,已售/已满,教学时间,多云,18,17,3,0.0,85,46
2026-05-21 23:30:55,2026-05-21,2,乒乓球厅-9号,10:00-11:00,1,1,已售/已满,教学时间,多云,18,17,3,0.0,85,48
2026-05-21 00:30:49,2026-05-21,2,乒乓球厅-9号,11:00-12:00,1,1,已售/已满,教学时间,多云,15,13,3,0.0,100,26
2026-05-21 01:00:55,2026-05-21,2,乒乓球厅-9号,11:00-12:00,1,1,已售/已满,教学时间,多云,15,12,4,0.0,100,26
2026-05-21 01:30:47,2026-05-21,2,乒乓球厅-9号,11:00-12:00,1,1,已售/已满,教学时间,多云,15,13,4,0.0,100,28
2026-05-21 02:00:53,2026-05-21,2,乒乓球厅-9号,11:00-12:00,1,1,已售/已满,教学时间,多云,15,12,4,0.0,100,28
2026-05-21 02:30:49,2026-05-21,2,乒乓球厅-9号,11:00-12:00,1,1,已售/已满,教学时间,多云,15,14,3,0.0,100,29
2026-05-21 03:00:55,2026-05-21,2,乒乓球厅-9号,11:00-12:00,1,1,已售/已满,教学时间,多云,15,12,4,0.0,100,29
2026-05-21 03:30:49,2026-05-21,2,乒乓球厅-9号,11:00-12:00,1,1,已售/已满,教学时间,多云,15,14,3,0.0,100,30
2026-05-21 04:30:45,2026-05-21,2,乒乓球厅-9号,11:00-12:00,1,1,已售/已满,教学时间,多云,15,12,4,0.0,100,29
2026-05-21 05:00:52,2026-05-21,2,乒乓球厅-9号,11:00-12:00,1,1,已售/已满,教学时间,多云,15,12,4,0.0,100,29
2026-05-21 05:30:49,2026-05-21,2,乒乓球厅-9号,11:00-12:00,1,1,已售/已满,教学时间,多云,15,13,3,0.0,100,28
2026-05-21 06:00:50,2026-05-21,2,乒乓球厅-9号,11:00-12:00,1,1,已售/已满,教学时间,多云,15,13,4,0.0,99,28
2026-05-21 06:30:38,2026-05-21,2,乒乓球厅-9号,11:00-12:00,1,1,已售/已满,教学时间,多云,15,13,3,0.0,97,28
2026-05-21 07:00:43,2026-05-21,2,乒乓球厅-9号,11:00-12:00,1,1,已售/已满,教学时间,晴,15,11,5,0.0,93,28
2026-05-21 07:30:39,2026-05-21,2,乒乓球厅-9号,11:00-12:00,1,1,已售/已满,教学时间,晴,17,13,4,0.0,89,29
2026-05-21 07:50:40,2026-05-21,2,乒乓球厅-9号,11:00-12:00,1,1,已售/已满,教学时间,晴,17,13,4,0.0,88,29
2026-05-21 07:53:31,2026-05-21,2,乒乓球厅-9号,11:00-12:00,1,1,已售/已满,教学时间,晴,17,12,5,0.0,86,29
2026-05-21 07:56:31,2026-05-21,2,乒乓球厅-9号,11:00-12:00,1,1,已售/已满,教学时间,晴,17,12,5,0.0,86,29
2026-05-21 07:59:26,2026-05-21,2,乒乓球厅-9号,11:00-12:00,1,1,已售/已满,教学时间,晴,17,12,5,0.0,86,29
2026-05-21 08:00:45,2026-05-21,2,乒乓球厅-9号,11:00-12:00,1,1,已售/已满,教学时间,晴,17,12,5,0.0,86,29
2026-05-21 08:02:30,2026-05-21,2,乒乓球厅-9号,11:00-12:00,1,1,已售/已满,教学时间,多云,17,12,5,0.0,87,29
2026-05-21 08:05:36,2026-05-21,2,乒乓球厅-9号,11:00-12:00,1,1,已售/已满,教学时间,多云,17,12,5,0.0,86,29
2026-05-21 08:08:31,2026-05-21,2,乒乓球厅-9号,11:00-12:00,1,1,已售/已满,教学时间,多云,17,12,5,0.0,86,29
2026-05-21 08:11:30,2026-05-21,2,乒乓球厅-9号,11:00-12:00,1,1,已售/已满,教学时间,多云,17,12,5,0.0,86,29
2026-05-21 08:14:31,2026-05-21,2,乒乓球厅-9号,11:00-12:00,1,1,已售/已满,教学时间,多云,17,12,5,0.0,86,29
2026-05-21 08:17:30,2026-05-21,2,乒乓球厅-9号,11:00-12:00,1,1,已售/已满,教学时间,多云,17,12,5,0.0,86,29
2026-05-21 08:20:35,2026-05-21,2,乒乓球厅-9号,11:00-12:00,1,1,已售/已满,教学时间,多云,17,14,4,0.0,85,29
2026-05-21 08:25:32,2026-05-21,2,乒乓球厅-9号,11:00-12:00,1,1,已售/已满,教学时间,多云,17,14,4,0.0,85,28
2026-05-21 08:30:42,2026-05-21,2,乒乓球厅-9号,11:00-12:00,1,1,已售/已满,教学时间,多云,18,15,4,0.0,84,28
2026-05-21 08:35:31,2026-05-21,2,乒乓球厅-9号,11:00-12:00,1,1,已售/已满,教学时间,多云,18,15,4,0.0,84,28
2026-05-21 08:40:38,2026-05-21,2,乒乓球厅-9号,11:00-12:00,1,1,已售/已满,教学时间,多云,18,15,4,0.0,82,28
2026-05-21 08:45:33,2026-05-21,2,乒乓球厅-9号,11:00-12:00,1,1,已售/已满,教学时间,多云,18,15,4,0.0,82,28
2026-05-21 08:50:36,2026-05-21,2,乒乓球厅-9号,11:00-12:00,1,1,已售/已满,教学时间,多云,18,15,4,0.0,82,28
2026-05-21 08:55:34,2026-05-21,2,乒乓球厅-9号,11:00-12:00,1,1,已售/已满,教学时间,多云,18,15,4,0.0,84,28
2026-05-21 09:00:51,2026-05-21,2,乒乓球厅-9号,11:00-12:00,1,1,已售/已满,教学时间,多云,18,15,4,0.0,84,28
2026-05-21 09:01:59,2026-05-21,2,乒乓球厅-9号,11:00-12:00,1,1,已售/已满,教学时间,多云,18,15,4,0.0,83,28
2026-05-21 09:05:33,2026-05-21,2,乒乓球厅-9号,11:00-12:00,1,1,已售/已满,教学时间,多云,18,15,4,0.0,83,28
2026-05-21 09:20:38,2026-05-21,2,乒乓球厅-9号,11:00-12:00,1,1,已售/已满,教学时间,多云,18,16,3,0.0,81,28
2026-05-21 09:30:46,2026-05-21,2,乒乓球厅-9号,11:00-12:00,1,1,已售/已满,教学时间,多云,18,16,3,0.0,81,32
2026-05-21 09:40:36,2026-05-21,2,乒乓球厅-9号,11:00-12:00,1,1,已售/已满,教学时间,多云,19,17,3,0.0,79,32
2026-05-21 09:50:42,2026-05-21,2,乒乓球厅-9号,11:00-12:00,1,1,已售/已满,教学时间,多云,19,17,4,0.0,81,32
2026-05-21 10:00:46,2026-05-21,2,乒乓球厅-9号,11:00-12:00,1,1,已售/已满,教学时间,多云,19,17,4,0.0,79,32
2026-05-21 10:10:40,2026-05-21,2,乒乓球厅-9号,11:00-12:00,1,1,已售/已满,教学时间,多云,19,17,4,0.0,79,32
2026-05-21 10:20:38,2026-05-21,2,乒乓球厅-9号,11:00-12:00,1,1,已售/已满,教学时间,多云,19,17,4,0.0,79,32
2026-05-21 10:30:41,2026-05-21,2,乒乓球厅-9号,11:00-12:00,1,1,已售/已满,教学时间,多云,19,18,3,0.0,78,31
2026-05-21 11:00:44,2026-05-21,2,乒乓球厅-9号,11:00-12:00,1,1,已售/已满,教学时间,多云,21,17,5,0.0,74,31
2026-05-21 11:30:38,2026-05-21,2,乒乓球厅-9号,11:00-12:00,1,1,已售/已满,教学时间,多云,21,19,3,0.0,72,33
2026-05-21 12:00:46,2026-05-21,2,乒乓球厅-9号,11:00-12:00,1,1,已售/已满,教学时间,多云,22,19,4,0.0,70,33
2026-05-21 12:30:42,2026-05-21,2,乒乓球厅-9号,11:00-12:00,1,1,已售/已满,教学时间,多云,22,21,3,0.0,68,35
2026-05-21 13:00:43,2026-05-21,2,乒乓球厅-9号,11:00-12:00,1,1,已售/已满,教学时间,多云,24,22,4,0.0,66,35
2026-05-21 13:30:43,2026-05-21,2,乒乓球厅-9号,11:00-12:00,1,1,已售/已满,教学时间,多云,24,22,4,0.0,66,36
2026-05-21 14:00:48,2026-05-21,2,乒乓球厅-9号,11:00-12:00,1,1,已售/已满,教学时间,多云,25,23,4,0.0,66,36
2026-05-21 14:30:45,2026-05-21,2,乒乓球厅-9号,11:00-12:00,1,1,已售/已满,教学时间,晴,25,25,3,0.0,65,39
2026-05-21 15:00:45,2026-05-21,2,乒乓球厅-9号,11:00-12:00,1,1,已售/已满,教学时间,晴,25,22,4,0.0,56,39
2026-05-21 15:30:43,2026-05-21,2,乒乓球厅-9号,11:00-12:00,1,1,已售/已满,教学时间,晴,25,23,4,0.0,57,40
2026-05-21 16:00:51,2026-05-21,2,乒乓球厅-9号,11:00-12:00,1,1,已售/已满,教学时间,晴,25,23,4,0.0,57,40
2026-05-21 16:30:48,2026-05-21,2,乒乓球厅-9号,11:00-12:00,1,1,已售/已满,教学时间,晴,25,24,3,0.0,60,39
2026-05-21 17:00:49,2026-05-21,2,乒乓球厅-9号,11:00-12:00,1,1,已售/已满,教学时间,晴,25,24,4,0.0,61,39
2026-05-21 17:30:47,2026-05-21,2,乒乓球厅-9号,11:00-12:00,1,1,已售/已满,教学时间,多云,24,23,3,0.0,64,39
2026-05-21 18:00:50,2026-05-21,2,乒乓球厅-9号,11:00-12:00,1,1,已售/已满,教学时间,多云,24,23,3,0.0,68,39
2026-05-21 18:30:50,2026-05-21,2,乒乓球厅-9号,11:00-12:00,1,1,已售/已满,教学时间,阴,24,25,2,0.0,68,40
2026-05-21 19:00:50,2026-05-21,2,乒乓球厅-9号,11:00-12:00,1,1,已售/已满,教学时间,阴,23,23,3,0.0,76,40
2026-05-21 19:30:46,2026-05-21,2,乒乓球厅-9号,11:00-12:00,1,1,已售/已满,教学时间,阴,23,24,2,0.0,77,39
2026-05-21 20:00:49,2026-05-21,2,乒乓球厅-9号,11:00-12:00,1,1,已售/已满,教学时间,雾,22,23,2,0.0,89,39
2026-05-21 20:30:44,2026-05-21,2,乒乓球厅-9号,11:00-12:00,1,1,已售/已满,教学时间,雾,22,24,2,0.0,93,43
2026-05-21 21:00:56,2026-05-21,2,乒乓球厅-9号,11:00-12:00,1,1,已售/已满,教学时间,雾,20,21,2,0.0,98,43
2026-05-21 21:30:46,2026-05-21,2,乒乓球厅-9号,11:00-12:00,1,1,已售/已满,教学时间,雾,20,22,1,0.0,99,41
2026-05-21 22:01:02,2026-05-21,2,乒乓球厅-9号,11:00-12:00,1,1,已售/已满,教学时间,雾,19,20,2,0.0,93,41
2026-05-21 22:30:47,2026-05-21,2,乒乓球厅-9号,11:00-12:00,1,1,已售/已满,教学时间,雾,19,19,3,0.0,88,46
2026-05-21 23:00:56,2026-05-21,2,乒乓球厅-9号,11:00-12:00,1,1,已售/已满,教学时间,多云,18,17,3,0.0,85,46
2026-05-21 23:30:55,2026-05-21,2,乒乓球厅-9号,11:00-12:00,1,1,已售/已满,教学时间,多云,18,17,3,0.0,85,48
2026-05-21 00:30:49,2026-05-21,2,乒乓球厅-9号,12:00-12:55,0,1,可预约,￥0.0,多云,15,13,3,0.0,100,26
2026-05-21 01:00:55,2026-05-21,2,乒乓球厅-9号,12:00-12:55,0,1,可预约,￥0.0,多云,15,12,4,0.0,100,26
2026-05-21 01:30:47,2026-05-21,2,乒乓球厅-9号,12:00-12:55,0,1,可预约,￥0.0,多云,15,13,4,0.0,100,28
2026-05-21 02:00:53,2026-05-21,2,乒乓球厅-9号,12:00-12:55,0,1,可预约,￥0.0,多云,15,12,4,0.0,100,28
2026-05-21 02:30:49,2026-05-21,2,乒乓球厅-9号,12:00-12:55,0,1,可预约,￥0.0,多云,15,14,3,0.0,100,29
2026-05-21 03:00:55,2026-05-21,2,乒乓球厅-9号,12:00-12:55,0,1,可预约,￥0.0,多云,15,12,4,0.0,100,29
2026-05-21 03:30:49,2026-05-21,2,乒乓球厅-9号,12:00-12:55,0,1,可预约,￥0.0,多云,15,14,3,0.0,100,30
2026-05-21 04:30:45,2026-05-21,2,乒乓球厅-9号,12:00-12:55,0,1,可预约,￥0.0,多云,15,12,4,0.0,100,29
2026-05-21 05:00:52,2026-05-21,2,乒乓球厅-9号,12:00-12:55,0,1,可预约,￥0.0,多云,15,12,4,0.0,100,29
2026-05-21 05:30:49,2026-05-21,2,乒乓球厅-9号,12:00-12:55,0,1,可预约,￥0.0,多云,15,13,3,0.0,100,28
2026-05-21 06:00:50,2026-05-21,2,乒乓球厅-9号,12:00-12:55,0,1,可预约,￥0.0,多云,15,13,4,0.0,99,28
2026-05-21 06:30:38,2026-05-21,2,乒乓球厅-9号,12:00-12:55,0,1,可预约,￥0.0,多云,15,13,3,0.0,97,28
2026-05-21 07:00:43,2026-05-21,2,乒乓球厅-9号,12:00-12:55,0,1,可预约,￥0.0,晴,15,11,5,0.0,93,28
2026-05-21 07:30:39,2026-05-21,2,乒乓球厅-9号,12:00-12:55,0,1,可预约,￥0.0,晴,17,13,4,0.0,89,29
2026-05-21 07:50:40,2026-05-21,2,乒乓球厅-9号,12:00-12:55,0,1,可预约,￥0.0,晴,17,13,4,0.0,88,29
2026-05-21 07:53:31,2026-05-21,2,乒乓球厅-9号,12:00-12:55,0,1,可预约,￥0.0,晴,17,12,5,0.0,86,29
2026-05-21 07:56:31,2026-05-21,2,乒乓球厅-9号,12:00-12:55,0,1,可预约,￥0.0,晴,17,12,5,0.0,86,29
2026-05-21 07:59:26,2026-05-21,2,乒乓球厅-9号,12:00-12:55,0,1,可预约,￥0.0,晴,17,12,5,0.0,86,29
2026-05-21 08:00:45,2026-05-21,2,乒乓球厅-9号,12:00-12:55,0,1,可预约,￥0.0,晴,17,12,5,0.0,86,29
2026-05-21 08:02:30,2026-05-21,2,乒乓球厅-9号,12:00-12:55,0,1,可预约,￥0.0,多云,17,12,5,0.0,87,29
2026-05-21 08:05:36,2026-05-21,2,乒乓球厅-9号,12:00-12:55,0,1,可预约,￥0.0,多云,17,12,5,0.0,86,29
2026-05-21 08:08:31,2026-05-21,2,乒乓球厅-9号,12:00-12:55,0,1,可预约,￥0.0,多云,17,12,5,0.0,86,29
2026-05-21 08:11:30,2026-05-21,2,乒乓球厅-9号,12:00-12:55,0,1,可预约,￥0.0,多云,17,12,5,0.0,86,29
2026-05-21 08:14:31,2026-05-21,2,乒乓球厅-9号,12:00-12:55,0,1,可预约,￥0.0,多云,17,12,5,0.0,86,29
2026-05-21 08:17:30,2026-05-21,2,乒乓球厅-9号,12:00-12:55,0,1,可预约,￥0.0,多云,17,12,5,0.0,86,29
2026-05-21 08:20:35,2026-05-21,2,乒乓球厅-9号,12:00-12:55,0,1,可预约,￥0.0,多云,17,14,4,0.0,85,29
2026-05-21 08:25:32,2026-05-21,2,乒乓球厅-9号,12:00-12:55,0,1,可预约,￥0.0,多云,17,14,4,0.0,85,28
2026-05-21 08:30:42,2026-05-21,2,乒乓球厅-9号,12:00-12:55,0,1,可预约,￥0.0,多云,18,15,4,0.0,84,28
2026-05-21 08:35:31,2026-05-21,2,乒乓球厅-9号,12:00-12:55,0,1,可预约,￥0.0,多云,18,15,4,0.0,84,28
2026-05-21 08:40:38,2026-05-21,2,乒乓球厅-9号,12:00-12:55,0,1,可预约,￥0.0,多云,18,15,4,0.0,82,28
2026-05-21 08:45:33,2026-05-21,2,乒乓球厅-9号,12:00-12:55,0,1,可预约,￥0.0,多云,18,15,4,0.0,82,28
2026-05-21 08:50:36,2026-05-21,2,乒乓球厅-9号,12:00-12:55,0,1,可预约,￥0.0,多云,18,15,4,0.0,82,28
2026-05-21 08:55:34,2026-05-21,2,乒乓球厅-9号,12:00-12:55,0,1,可预约,￥0.0,多云,18,15,4,0.0,84,28
2026-05-21 09:00:51,2026-05-21,2,乒乓球厅-9号,12:00-12:55,0,1,可预约,￥0.0,多云,18,15,4,0.0,84,28
2026-05-21 09:01:59,2026-05-21,2,乒乓球厅-9号,12:00-12:55,0,1,可预约,￥0.0,多云,18,15,4,0.0,83,28
2026-05-21 09:05:33,2026-05-21,2,乒乓球厅-9号,12:00-12:55,0,1,可预约,￥0.0,多云,18,15,4,0.0,83,28
2026-05-21 09:20:38,2026-05-21,2,乒乓球厅-9号,12:00-12:55,0,1,可预约,￥0.0,多云,18,16,3,0.0,81,28
2026-05-21 09:30:46,2026-05-21,2,乒乓球厅-9号,12:00-12:55,0,1,可预约,￥0.0,多云,18,16,3,0.0,81,32
2026-05-21 09:40:36,2026-05-21,2,乒乓球厅-9号,12:00-12:55,0,1,可预约,￥0.0,多云,19,17,3,0.0,79,32
2026-05-21 09:50:42,2026-05-21,2,乒乓球厅-9号,12:00-12:55,0,1,可预约,￥0.0,多云,19,17,4,0.0,81,32
2026-05-21 10:00:46,2026-05-21,2,乒乓球厅-9号,12:00-12:55,0,1,可预约,￥0.0,多云,19,17,4,0.0,79,32
2026-05-21 10:10:40,2026-05-21,2,乒乓球厅-9号,12:00-12:55,0,1,可预约,￥0.0,多云,19,17,4,0.0,79,32
2026-05-21 10:20:38,2026-05-21,2,乒乓球厅-9号,12:00-12:55,0,1,可预约,￥0.0,多云,19,17,4,0.0,79,32
2026-05-21 10:30:41,2026-05-21,2,乒乓球厅-9号,12:00-12:55,0,1,可预约,￥0.0,多云,19,18,3,0.0,78,31
2026-05-21 11:00:44,2026-05-21,2,乒乓球厅-9号,12:00-12:55,0,1,可预约,￥0.0,多云,21,17,5,0.0,74,31
2026-05-21 11:30:38,2026-05-21,2,乒乓球厅-9号,12:00-12:55,0,1,可预约,￥0.0,多云,21,19,3,0.0,72,33
2026-05-21 12:00:46,2026-05-21,2,乒乓球厅-9号,12:00-12:55,0,1,可预约,￥0.0,多云,22,19,4,0.0,70,33
2026-05-21 12:30:42,2026-05-21,2,乒乓球厅-9号,12:00-12:55,0,1,可预约,￥0.0,多云,22,21,3,0.0,68,35
2026-05-21 13:00:43,2026-05-21,2,乒乓球厅-9号,12:00-12:55,0,1,不开放/已过期,,多云,24,22,4,0.0,66,35
2026-05-21 13:30:43,2026-05-21,2,乒乓球厅-9号,12:00-12:55,0,1,不开放/已过期,,多云,24,22,4,0.0,66,36
2026-05-21 14:00:48,2026-05-21,2,乒乓球厅-9号,12:00-12:55,0,1,不开放/已过期,,多云,25,23,4,0.0,66,36
2026-05-21 14:30:45,2026-05-21,2,乒乓球厅-9号,12:00-12:55,0,1,不开放/已过期,,晴,25,25,3,0.0,65,39
2026-05-21 15:00:45,2026-05-21,2,乒乓球厅-9号,12:00-12:55,0,1,不开放/已过期,,晴,25,22,4,0.0,56,39
2026-05-21 15:30:43,2026-05-21,2,乒乓球厅-9号,12:00-12:55,0,1,不开放/已过期,,晴,25,23,4,0.0,57,40
2026-05-21 16:00:51,2026-05-21,2,乒乓球厅-9号,12:00-12:55,0,1,不开放/已过期,,晴,25,23,4,0.0,57,40
2026-05-21 16:30:48,2026-05-21,2,乒乓球厅-9号,12:00-12:55,0,1,不开放/已过期,,晴,25,24,3,0.0,60,39
2026-05-21 17:00:49,2026-05-21,2,乒乓球厅-9号,12:00-12:55,0,1,不开放/已过期,,晴,25,24,4,0.0,61,39
2026-05-21 17:30:47,2026-05-21,2,乒乓球厅-9号,12:00-12:55,0,1,不开放/已过期,,多云,24,23,3,0.0,64,39
2026-05-21 18:00:50,2026-05-21,2,乒乓球厅-9号,12:00-12:55,0,1,不开放/已过期,,多云,24,23,3,0.0,68,39
2026-05-21 18:30:50,2026-05-21,2,乒乓球厅-9号,12:00-12:55,0,1,不开放/已过期,,阴,24,25,2,0.0,68,40
2026-05-21 19:00:50,2026-05-21,2,乒乓球厅-9号,12:00-12:55,0,1,不开放/已过期,,阴,23,23,3,0.0,76,40
2026-05-21 19:30:46,2026-05-21,2,乒乓球厅-9号,12:00-12:55,0,1,不开放/已过期,,阴,23,24,2,0.0,77,39
2026-05-21 20:00:49,2026-05-21,2,乒乓球厅-9号,12:00-12:55,0,1,不开放/已过期,,雾,22,23,2,0.0,89,39
2026-05-21 20:30:44,2026-05-21,2,乒乓球厅-9号,12:00-12:55,0,1,不开放/已过期,,雾,22,24,2,0.0,93,43
2026-05-21 21:00:56,2026-05-21,2,乒乓球厅-9号,12:00-12:55,0,1,不开放/已过期,,雾,20,21,2,0.0,98,43
2026-05-21 21:30:46,2026-05-21,2,乒乓球厅-9号,12:00-12:55,0,1,不开放/已过期,,雾,20,22,1,0.0,99,41
2026-05-21 22:01:02,2026-05-21,2,乒乓球厅-9号,12:00-12:55,0,1,不开放/已过期,,雾,19,20,2,0.0,93,41
2026-05-21 22:30:47,2026-05-21,2,乒乓球厅-9号,12:00-12:55,0,1,不开放/已过期,,雾,19,19,3,0.0,88,46
2026-05-21 23:00:56,2026-05-21,2,乒乓球厅-9号,12:00-12:55,0,1,不开放/已过期,,多云,18,17,3,0.0,85,46
2026-05-21 23:30:55,2026-05-21,2,乒乓球厅-9号,12:00-12:55,0,1,不开放/已过期,,多云,18,17,3,0.0,85,48
2026-05-21 00:30:49,2026-05-21,2,乒乓球厅-9号,12:55-13:50,0,1,可预约,￥0.0,多云,15,13,3,0.0,100,26
2026-05-21 01:00:55,2026-05-21,2,乒乓球厅-9号,12:55-13:50,0,1,可预约,￥0.0,多云,15,12,4,0.0,100,26
2026-05-21 01:30:47,2026-05-21,2,乒乓球厅-9号,12:55-13:50,0,1,可预约,￥0.0,多云,15,13,4,0.0,100,28
2026-05-21 02:00:53,2026-05-21,2,乒乓球厅-9号,12:55-13:50,0,1,可预约,￥0.0,多云,15,12,4,0.0,100,28
2026-05-21 02:30:49,2026-05-21,2,乒乓球厅-9号,12:55-13:50,0,1,可预约,￥0.0,多云,15,14,3,0.0,100,29
2026-05-21 03:00:55,2026-05-21,2,乒乓球厅-9号,12:55-13:50,0,1,可预约,￥0.0,多云,15,12,4,0.0,100,29
2026-05-21 03:30:49,2026-05-21,2,乒乓球厅-9号,12:55-13:50,0,1,可预约,￥0.0,多云,15,14,3,0.0,100,30
2026-05-21 04:30:45,2026-05-21,2,乒乓球厅-9号,12:55-13:50,0,1,可预约,￥0.0,多云,15,12,4,0.0,100,29
2026-05-21 05:00:52,2026-05-21,2,乒乓球厅-9号,12:55-13:50,0,1,可预约,￥0.0,多云,15,12,4,0.0,100,29
2026-05-21 05:30:49,2026-05-21,2,乒乓球厅-9号,12:55-13:50,0,1,可预约,￥0.0,多云,15,13,3,0.0,100,28
2026-05-21 06:00:50,2026-05-21,2,乒乓球厅-9号,12:55-13:50,0,1,可预约,￥0.0,多云,15,13,4,0.0,99,28
2026-05-21 06:30:38,2026-05-21,2,乒乓球厅-9号,12:55-13:50,0,1,可预约,￥0.0,多云,15,13,3,0.0,97,28
2026-05-21 07:00:43,2026-05-21,2,乒乓球厅-9号,12:55-13:50,0,1,可预约,￥0.0,晴,15,11,5,0.0,93,28
2026-05-21 07:30:39,2026-05-21,2,乒乓球厅-9号,12:55-13:50,0,1,可预约,￥0.0,晴,17,13,4,0.0,89,29
2026-05-21 07:50:40,2026-05-21,2,乒乓球厅-9号,12:55-13:50,0,1,可预约,￥0.0,晴,17,13,4,0.0,88,29
2026-05-21 07:53:31,2026-05-21,2,乒乓球厅-9号,12:55-13:50,0,1,可预约,￥0.0,晴,17,12,5,0.0,86,29
2026-05-21 07:56:31,2026-05-21,2,乒乓球厅-9号,12:55-13:50,0,1,可预约,￥0.0,晴,17,12,5,0.0,86,29
2026-05-21 07:59:26,2026-05-21,2,乒乓球厅-9号,12:55-13:50,0,1,可预约,￥0.0,晴,17,12,5,0.0,86,29
2026-05-21 08:00:45,2026-05-21,2,乒乓球厅-9号,12:55-13:50,0,1,可预约,￥0.0,晴,17,12,5,0.0,86,29
2026-05-21 08:02:30,2026-05-21,2,乒乓球厅-9号,12:55-13:50,0,1,可预约,￥0.0,多云,17,12,5,0.0,87,29
2026-05-21 08:05:36,2026-05-21,2,乒乓球厅-9号,12:55-13:50,0,1,可预约,￥0.0,多云,17,12,5,0.0,86,29
2026-05-21 08:08:31,2026-05-21,2,乒乓球厅-9号,12:55-13:50,0,1,可预约,￥0.0,多云,17,12,5,0.0,86,29
2026-05-21 08:11:30,2026-05-21,2,乒乓球厅-9号,12:55-13:50,0,1,可预约,￥0.0,多云,17,12,5,0.0,86,29
2026-05-21 08:14:31,2026-05-21,2,乒乓球厅-9号,12:55-13:50,0,1,可预约,￥0.0,多云,17,12,5,0.0,86,29
2026-05-21 08:17:30,2026-05-21,2,乒乓球厅-9号,12:55-13:50,0,1,可预约,￥0.0,多云,17,12,5,0.0,86,29
2026-05-21 08:20:35,2026-05-21,2,乒乓球厅-9号,12:55-13:50,0,1,可预约,￥0.0,多云,17,14,4,0.0,85,29
2026-05-21 08:25:32,2026-05-21,2,乒乓球厅-9号,12:55-13:50,0,1,可预约,￥0.0,多云,17,14,4,0.0,85,28
2026-05-21 08:30:42,2026-05-21,2,乒乓球厅-9号,12:55-13:50,0,1,可预约,￥0.0,多云,18,15,4,0.0,84,28
2026-05-21 08:35:31,2026-05-21,2,乒乓球厅-9号,12:55-13:50,0,1,可预约,￥0.0,多云,18,15,4,0.0,84,28
2026-05-21 08:40:38,2026-05-21,2,乒乓球厅-9号,12:55-13:50,0,1,可预约,￥0.0,多云,18,15,4,0.0,82,28
2026-05-21 08:45:33,2026-05-21,2,乒乓球厅-9号,12:55-13:50,0,1,可预约,￥0.0,多云,18,15,4,0.0,82,28
2026-05-21 08:50:36,2026-05-21,2,乒乓球厅-9号,12:55-13:50,0,1,可预约,￥0.0,多云,18,15,4,0.0,82,28
2026-05-21 08:55:34,2026-05-21,2,乒乓球厅-9号,12:55-13:50,0,1,可预约,￥0.0,多云,18,15,4,0.0,84,28
2026-05-21 09:00:51,2026-05-21,2,乒乓球厅-9号,12:55-13:50,0,1,可预约,￥0.0,多云,18,15,4,0.0,84,28
2026-05-21 09:01:59,2026-05-21,2,乒乓球厅-9号,12:55-13:50,0,1,可预约,￥0.0,多云,18,15,4,0.0,83,28
2026-05-21 09:05:33,2026-05-21,2,乒乓球厅-9号,12:55-13:50,0,1,可预约,￥0.0,多云,18,15,4,0.0,83,28
2026-05-21 09:20:38,2026-05-21,2,乒乓球厅-9号,12:55-13:50,0,1,可预约,￥0.0,多云,18,16,3,0.0,81,28
2026-05-21 09:30:46,2026-05-21,2,乒乓球厅-9号,12:55-13:50,0,1,可预约,￥0.0,多云,18,16,3,0.0,81,32
2026-05-21 09:40:36,2026-05-21,2,乒乓球厅-9号,12:55-13:50,0,1,可预约,￥0.0,多云,19,17,3,0.0,79,32
2026-05-21 09:50:42,2026-05-21,2,乒乓球厅-9号,12:55-13:50,0,1,可预约,￥0.0,多云,19,17,4,0.0,81,32
2026-05-21 10:00:46,2026-05-21,2,乒乓球厅-9号,12:55-13:50,0,1,可预约,￥0.0,多云,19,17,4,0.0,79,32
2026-05-21 10:10:40,2026-05-21,2,乒乓球厅-9号,12:55-13:50,0,1,可预约,￥0.0,多云,19,17,4,0.0,79,32
2026-05-21 10:20:38,2026-05-21,2,乒乓球厅-9号,12:55-13:50,0,1,可预约,￥0.0,多云,19,17,4,0.0,79,32
2026-05-21 10:30:41,2026-05-21,2,乒乓球厅-9号,12:55-13:50,0,1,可预约,￥0.0,多云,19,18,3,0.0,78,31
2026-05-21 11:00:44,2026-05-21,2,乒乓球厅-9号,12:55-13:50,0,1,可预约,￥0.0,多云,21,17,5,0.0,74,31
2026-05-21 11:30:38,2026-05-21,2,乒乓球厅-9号,12:55-13:50,0,1,可预约,￥0.0,多云,21,19,3,0.0,72,33
2026-05-21 12:00:46,2026-05-21,2,乒乓球厅-9号,12:55-13:50,0,1,可预约,￥0.0,多云,22,19,4,0.0,70,33
2026-05-21 12:30:42,2026-05-21,2,乒乓球厅-9号,12:55-13:50,0,1,可预约,￥0.0,多云,22,21,3,0.0,68,35
2026-05-21 13:00:43,2026-05-21,2,乒乓球厅-9号,12:55-13:50,0,1,可预约,￥0.0,多云,24,22,4,0.0,66,35
2026-05-21 13:30:43,2026-05-21,2,乒乓球厅-9号,12:55-13:50,0,1,可预约,￥0.0,多云,24,22,4,0.0,66,36
2026-05-21 14:00:48,2026-05-21,2,乒乓球厅-9号,12:55-13:50,0,1,不开放/已过期,,多云,25,23,4,0.0,66,36
2026-05-21 14:30:45,2026-05-21,2,乒乓球厅-9号,12:55-13:50,0,1,不开放/已过期,,晴,25,25,3,0.0,65,39
2026-05-21 15:00:45,2026-05-21,2,乒乓球厅-9号,12:55-13:50,0,1,不开放/已过期,,晴,25,22,4,0.0,56,39
2026-05-21 15:30:43,2026-05-21,2,乒乓球厅-9号,12:55-13:50,0,1,不开放/已过期,,晴,25,23,4,0.0,57,40
2026-05-21 16:00:51,2026-05-21,2,乒乓球厅-9号,12:55-13:50,0,1,不开放/已过期,,晴,25,23,4,0.0,57,40
2026-05-21 16:30:48,2026-05-21,2,乒乓球厅-9号,12:55-13:50,0,1,不开放/已过期,,晴,25,24,3,0.0,60,39
2026-05-21 17:00:49,2026-05-21,2,乒乓球厅-9号,12:55-13:50,0,1,不开放/已过期,,晴,25,24,4,0.0,61,39
2026-05-21 17:30:47,2026-05-21,2,乒乓球厅-9号,12:55-13:50,0,1,不开放/已过期,,多云,24,23,3,0.0,64,39
2026-05-21 18:00:50,2026-05-21,2,乒乓球厅-9号,12:55-13:50,0,1,不开放/已过期,,多云,24,23,3,0.0,68,39
2026-05-21 18:30:50,2026-05-21,2,乒乓球厅-9号,12:55-13:50,0,1,不开放/已过期,,阴,24,25,2,0.0,68,40
2026-05-21 19:00:50,2026-05-21,2,乒乓球厅-9号,12:55-13:50,0,1,不开放/已过期,,阴,23,23,3,0.0,76,40
2026-05-21 19:30:46,2026-05-21,2,乒乓球厅-9号,12:55-13:50,0,1,不开放/已过期,,阴,23,24,2,0.0,77,39
2026-05-21 20:00:49,2026-05-21,2,乒乓球厅-9号,12:55-13:50,0,1,不开放/已过期,,雾,22,23,2,0.0,89,39
2026-05-21 20:30:44,2026-05-21,2,乒乓球厅-9号,12:55-13:50,0,1,不开放/已过期,,雾,22,24,2,0.0,93,43
2026-05-21 21:00:56,2026-05-21,2,乒乓球厅-9号,12:55-13:50,0,1,不开放/已过期,,雾,20,21,2,0.0,98,43
2026-05-21 21:30:46,2026-05-21,2,乒乓球厅-9号,12:55-13:50,0,1,不开放/已过期,,雾,20,22,1,0.0,99,41
2026-05-21 22:01:02,2026-05-21,2,乒乓球厅-9号,12:55-13:50,0,1,不开放/已过期,,雾,19,20,2,0.0,93,41
2026-05-21 22:30:47,2026-05-21,2,乒乓球厅-9号,12:55-13:50,0,1,不开放/已过期,,雾,19,19,3,0.0,88,46
2026-05-21 23:00:56,2026-05-21,2,乒乓球厅-9号,12:55-13:50,0,1,不开放/已过期,,多云,18,17,3,0.0,85,46
2026-05-21 23:30:55,2026-05-21,2,乒乓球厅-9号,12:55-13:50,0,1,不开放/已过期,,多云,18,17,3,0.0,85,48
2026-05-21 00:30:49,2026-05-21,2,乒乓球厅-9号,14:00-15:00,0,1,可预约,￥5.0,多云,15,13,3,0.0,100,26
2026-05-21 01:00:55,2026-05-21,2,乒乓球厅-9号,14:00-15:00,0,1,可预约,￥5.0,多云,15,12,4,0.0,100,26
2026-05-21 01:30:47,2026-05-21,2,乒乓球厅-9号,14:00-15:00,0,1,可预约,￥5.0,多云,15,13,4,0.0,100,28
2026-05-21 02:00:53,2026-05-21,2,乒乓球厅-9号,14:00-15:00,0,1,可预约,￥5.0,多云,15,12,4,0.0,100,28
2026-05-21 02:30:49,2026-05-21,2,乒乓球厅-9号,14:00-15:00,0,1,可预约,￥5.0,多云,15,14,3,0.0,100,29
2026-05-21 03:00:55,2026-05-21,2,乒乓球厅-9号,14:00-15:00,0,1,可预约,￥5.0,多云,15,12,4,0.0,100,29
2026-05-21 03:30:49,2026-05-21,2,乒乓球厅-9号,14:00-15:00,0,1,可预约,￥5.0,多云,15,14,3,0.0,100,30
2026-05-21 04:30:45,2026-05-21,2,乒乓球厅-9号,14:00-15:00,0,1,可预约,￥5.0,多云,15,12,4,0.0,100,29
2026-05-21 05:00:52,2026-05-21,2,乒乓球厅-9号,14:00-15:00,0,1,可预约,￥5.0,多云,15,12,4,0.0,100,29
2026-05-21 05:30:49,2026-05-21,2,乒乓球厅-9号,14:00-15:00,0,1,可预约,￥5.0,多云,15,13,3,0.0,100,28
2026-05-21 06:00:50,2026-05-21,2,乒乓球厅-9号,14:00-15:00,0,1,可预约,￥5.0,多云,15,13,4,0.0,99,28
2026-05-21 06:30:38,2026-05-21,2,乒乓球厅-9号,14:00-15:00,0,1,可预约,￥5.0,多云,15,13,3,0.0,97,28
2026-05-21 07:00:43,2026-05-21,2,乒乓球厅-9号,14:00-15:00,0,1,可预约,￥5.0,晴,15,11,5,0.0,93,28
2026-05-21 07:30:39,2026-05-21,2,乒乓球厅-9号,14:00-15:00,0,1,可预约,￥5.0,晴,17,13,4,0.0,89,29
2026-05-21 07:50:40,2026-05-21,2,乒乓球厅-9号,14:00-15:00,0,1,可预约,￥5.0,晴,17,13,4,0.0,88,29
2026-05-21 07:53:31,2026-05-21,2,乒乓球厅-9号,14:00-15:00,0,1,可预约,￥5.0,晴,17,12,5,0.0,86,29
2026-05-21 07:56:31,2026-05-21,2,乒乓球厅-9号,14:00-15:00,0,1,可预约,￥5.0,晴,17,12,5,0.0,86,29
2026-05-21 07:59:26,2026-05-21,2,乒乓球厅-9号,14:00-15:00,0,1,可预约,￥5.0,晴,17,12,5,0.0,86,29
2026-05-21 08:00:45,2026-05-21,2,乒乓球厅-9号,14:00-15:00,0,1,可预约,￥5.0,晴,17,12,5,0.0,86,29
2026-05-21 08:02:30,2026-05-21,2,乒乓球厅-9号,14:00-15:00,0,1,可预约,￥5.0,多云,17,12,5,0.0,87,29
2026-05-21 08:05:36,2026-05-21,2,乒乓球厅-9号,14:00-15:00,0,1,可预约,￥5.0,多云,17,12,5,0.0,86,29
2026-05-21 08:08:31,2026-05-21,2,乒乓球厅-9号,14:00-15:00,0,1,可预约,￥5.0,多云,17,12,5,0.0,86,29
2026-05-21 08:11:30,2026-05-21,2,乒乓球厅-9号,14:00-15:00,0,1,可预约,￥5.0,多云,17,12,5,0.0,86,29
2026-05-21 08:14:31,2026-05-21,2,乒乓球厅-9号,14:00-15:00,0,1,可预约,￥5.0,多云,17,12,5,0.0,86,29
2026-05-21 08:17:30,2026-05-21,2,乒乓球厅-9号,14:00-15:00,0,1,可预约,￥5.0,多云,17,12,5,0.0,86,29
2026-05-21 08:20:35,2026-05-21,2,乒乓球厅-9号,14:00-15:00,0,1,可预约,￥5.0,多云,17,14,4,0.0,85,29
2026-05-21 08:25:32,2026-05-21,2,乒乓球厅-9号,14:00-15:00,0,1,可预约,￥5.0,多云,17,14,4,0.0,85,28
2026-05-21 08:30:42,2026-05-21,2,乒乓球厅-9号,14:00-15:00,0,1,可预约,￥5.0,多云,18,15,4,0.0,84,28
2026-05-21 08:35:31,2026-05-21,2,乒乓球厅-9号,14:00-15:00,0,1,可预约,￥5.0,多云,18,15,4,0.0,84,28
2026-05-21 08:40:38,2026-05-21,2,乒乓球厅-9号,14:00-15:00,0,1,可预约,￥5.0,多云,18,15,4,0.0,82,28
2026-05-21 08:45:33,2026-05-21,2,乒乓球厅-9号,14:00-15:00,0,1,可预约,￥5.0,多云,18,15,4,0.0,82,28
2026-05-21 08:50:36,2026-05-21,2,乒乓球厅-9号,14:00-15:00,0,1,可预约,￥5.0,多云,18,15,4,0.0,82,28
2026-05-21 08:55:34,2026-05-21,2,乒乓球厅-9号,14:00-15:00,0,1,可预约,￥5.0,多云,18,15,4,0.0,84,28
2026-05-21 09:00:51,2026-05-21,2,乒乓球厅-9号,14:00-15:00,0,1,可预约,￥5.0,多云,18,15,4,0.0,84,28
2026-05-21 09:01:59,2026-05-21,2,乒乓球厅-9号,14:00-15:00,0,1,可预约,￥5.0,多云,18,15,4,0.0,83,28
2026-05-21 09:05:33,2026-05-21,2,乒乓球厅-9号,14:00-15:00,0,1,可预约,￥5.0,多云,18,15,4,0.0,83,28
2026-05-21 09:20:38,2026-05-21,2,乒乓球厅-9号,14:00-15:00,0,1,可预约,￥5.0,多云,18,16,3,0.0,81,28
2026-05-21 09:30:46,2026-05-21,2,乒乓球厅-9号,14:00-15:00,0,1,可预约,￥5.0,多云,18,16,3,0.0,81,32
2026-05-21 09:40:36,2026-05-21,2,乒乓球厅-9号,14:00-15:00,0,1,可预约,￥5.0,多云,19,17,3,0.0,79,32
2026-05-21 09:50:42,2026-05-21,2,乒乓球厅-9号,14:00-15:00,0,1,可预约,￥5.0,多云,19,17,4,0.0,81,32
2026-05-21 10:00:46,2026-05-21,2,乒乓球厅-9号,14:00-15:00,0,1,可预约,￥5.0,多云,19,17,4,0.0,79,32
2026-05-21 10:10:40,2026-05-21,2,乒乓球厅-9号,14:00-15:00,0,1,可预约,￥5.0,多云,19,17,4,0.0,79,32
2026-05-21 10:20:38,2026-05-21,2,乒乓球厅-9号,14:00-15:00,0,1,可预约,￥5.0,多云,19,17,4,0.0,79,32
2026-05-21 10:30:41,2026-05-21,2,乒乓球厅-9号,14:00-15:00,0,1,可预约,￥5.0,多云,19,18,3,0.0,78,31
2026-05-21 11:00:44,2026-05-21,2,乒乓球厅-9号,14:00-15:00,0,1,可预约,￥5.0,多云,21,17,5,0.0,74,31
2026-05-21 11:30:38,2026-05-21,2,乒乓球厅-9号,14:00-15:00,0,1,可预约,￥5.0,多云,21,19,3,0.0,72,33
2026-05-21 12:00:46,2026-05-21,2,乒乓球厅-9号,14:00-15:00,0,1,可预约,￥5.0,多云,22,19,4,0.0,70,33
2026-05-21 12:30:42,2026-05-21,2,乒乓球厅-9号,14:00-15:00,0,1,可预约,￥5.0,多云,22,21,3,0.0,68,35
2026-05-21 13:00:43,2026-05-21,2,乒乓球厅-9号,14:00-15:00,0,1,可预约,￥5.0,多云,24,22,4,0.0,66,35
2026-05-21 13:30:43,2026-05-21,2,乒乓球厅-9号,14:00-15:00,0,1,可预约,￥5.0,多云,24,22,4,0.0,66,36
2026-05-21 14:00:48,2026-05-21,2,乒乓球厅-9号,14:00-15:00,0,1,可预约,￥5.0,多云,25,23,4,0.0,66,36
2026-05-21 14:30:45,2026-05-21,2,乒乓球厅-9号,14:00-15:00,0,1,可预约,￥5.0,晴,25,25,3,0.0,65,39
2026-05-21 15:00:45,2026-05-21,2,乒乓球厅-9号,14:00-15:00,0,1,不开放/已过期,,晴,25,22,4,0.0,56,39
2026-05-21 15:30:43,2026-05-21,2,乒乓球厅-9号,14:00-15:00,0,1,不开放/已过期,,晴,25,23,4,0.0,57,40
2026-05-21 16:00:51,2026-05-21,2,乒乓球厅-9号,14:00-15:00,0,1,不开放/已过期,,晴,25,23,4,0.0,57,40
2026-05-21 16:30:48,2026-05-21,2,乒乓球厅-9号,14:00-15:00,0,1,不开放/已过期,,晴,25,24,3,0.0,60,39
2026-05-21 17:00:49,2026-05-21,2,乒乓球厅-9号,14:00-15:00,0,1,不开放/已过期,,晴,25,24,4,0.0,61,39
2026-05-21 17:30:47,2026-05-21,2,乒乓球厅-9号,14:00-15:00,0,1,不开放/已过期,,多云,24,23,3,0.0,64,39
2026-05-21 18:00:50,2026-05-21,2,乒乓球厅-9号,14:00-15:00,0,1,不开放/已过期,,多云,24,23,3,0.0,68,39
2026-05-21 18:30:50,2026-05-21,2,乒乓球厅-9号,14:00-15:00,0,1,不开放/已过期,,阴,24,25,2,0.0,68,40
2026-05-21 19:00:50,2026-05-21,2,乒乓球厅-9号,14:00-15:00,0,1,不开放/已过期,,阴,23,23,3,0.0,76,40
2026-05-21 19:30:46,2026-05-21,2,乒乓球厅-9号,14:00-15:00,0,1,不开放/已过期,,阴,23,24,2,0.0,77,39
2026-05-21 20:00:49,2026-05-21,2,乒乓球厅-9号,14:00-15:00,0,1,不开放/已过期,,雾,22,23,2,0.0,89,39
2026-05-21 20:30:44,2026-05-21,2,乒乓球厅-9号,14:00-15:00,0,1,不开放/已过期,,雾,22,24,2,0.0,93,43
2026-05-21 21:00:56,2026-05-21,2,乒乓球厅-9号,14:00-15:00,0,1,不开放/已过期,,雾,20,21,2,0.0,98,43
2026-05-21 21:30:46,2026-05-21,2,乒乓球厅-9号,14:00-15:00,0,1,不开放/已过期,,雾,20,22,1,0.0,99,41
2026-05-21 22:01:02,2026-05-21,2,乒乓球厅-9号,14:00-15:00,0,1,不开放/已过期,,雾,19,20,2,0.0,93,41
2026-05-21 22:30:47,2026-05-21,2,乒乓球厅-9号,14:00-15:00,0,1,不开放/已过期,,雾,19,19,3,0.0,88,46
2026-05-21 23:00:56,2026-05-21,2,乒乓球厅-9号,14:00-15:00,0,1,不开放/已过期,,多云,18,17,3,0.0,85,46
2026-05-21 23:30:55,2026-05-21,2,乒乓球厅-9号,14:00-15:00,0,1,不开放/已过期,,多云,18,17,3,0.0,85,48
2026-05-21 00:30:49,2026-05-21,2,乒乓球厅-9号,15:00-16:00,0,1,可预约,￥5.0,多云,15,13,3,0.0,100,26
2026-05-21 01:00:55,2026-05-21,2,乒乓球厅-9号,15:00-16:00,0,1,可预约,￥5.0,多云,15,12,4,0.0,100,26
2026-05-21 01:30:47,2026-05-21,2,乒乓球厅-9号,15:00-16:00,0,1,可预约,￥5.0,多云,15,13,4,0.0,100,28
2026-05-21 02:00:53,2026-05-21,2,乒乓球厅-9号,15:00-16:00,0,1,可预约,￥5.0,多云,15,12,4,0.0,100,28
2026-05-21 02:30:49,2026-05-21,2,乒乓球厅-9号,15:00-16:00,0,1,可预约,￥5.0,多云,15,14,3,0.0,100,29
2026-05-21 03:00:55,2026-05-21,2,乒乓球厅-9号,15:00-16:00,0,1,可预约,￥5.0,多云,15,12,4,0.0,100,29
2026-05-21 03:30:49,2026-05-21,2,乒乓球厅-9号,15:00-16:00,0,1,可预约,￥5.0,多云,15,14,3,0.0,100,30
2026-05-21 04:30:45,2026-05-21,2,乒乓球厅-9号,15:00-16:00,0,1,可预约,￥5.0,多云,15,12,4,0.0,100,29
2026-05-21 05:00:52,2026-05-21,2,乒乓球厅-9号,15:00-16:00,0,1,可预约,￥5.0,多云,15,12,4,0.0,100,29
2026-05-21 05:30:49,2026-05-21,2,乒乓球厅-9号,15:00-16:00,0,1,可预约,￥5.0,多云,15,13,3,0.0,100,28
2026-05-21 06:00:50,2026-05-21,2,乒乓球厅-9号,15:00-16:00,0,1,可预约,￥5.0,多云,15,13,4,0.0,99,28
2026-05-21 06:30:38,2026-05-21,2,乒乓球厅-9号,15:00-16:00,0,1,可预约,￥5.0,多云,15,13,3,0.0,97,28
2026-05-21 07:00:43,2026-05-21,2,乒乓球厅-9号,15:00-16:00,0,1,可预约,￥5.0,晴,15,11,5,0.0,93,28
2026-05-21 07:30:39,2026-05-21,2,乒乓球厅-9号,15:00-16:00,0,1,可预约,￥5.0,晴,17,13,4,0.0,89,29
2026-05-21 07:50:40,2026-05-21,2,乒乓球厅-9号,15:00-16:00,0,1,可预约,￥5.0,晴,17,13,4,0.0,88,29
2026-05-21 07:53:31,2026-05-21,2,乒乓球厅-9号,15:00-16:00,0,1,可预约,￥5.0,晴,17,12,5,0.0,86,29
2026-05-21 07:56:31,2026-05-21,2,乒乓球厅-9号,15:00-16:00,0,1,可预约,￥5.0,晴,17,12,5,0.0,86,29
2026-05-21 07:59:26,2026-05-21,2,乒乓球厅-9号,15:00-16:00,0,1,可预约,￥5.0,晴,17,12,5,0.0,86,29
2026-05-21 08:00:45,2026-05-21,2,乒乓球厅-9号,15:00-16:00,0,1,可预约,￥5.0,晴,17,12,5,0.0,86,29
2026-05-21 08:02:30,2026-05-21,2,乒乓球厅-9号,15:00-16:00,0,1,可预约,￥5.0,多云,17,12,5,0.0,87,29
2026-05-21 08:05:36,2026-05-21,2,乒乓球厅-9号,15:00-16:00,0,1,可预约,￥5.0,多云,17,12,5,0.0,86,29
2026-05-21 08:08:31,2026-05-21,2,乒乓球厅-9号,15:00-16:00,0,1,可预约,￥5.0,多云,17,12,5,0.0,86,29
2026-05-21 08:11:30,2026-05-21,2,乒乓球厅-9号,15:00-16:00,0,1,可预约,￥5.0,多云,17,12,5,0.0,86,29
2026-05-21 08:14:31,2026-05-21,2,乒乓球厅-9号,15:00-16:00,0,1,可预约,￥5.0,多云,17,12,5,0.0,86,29
2026-05-21 08:17:30,2026-05-21,2,乒乓球厅-9号,15:00-16:00,0,1,可预约,￥5.0,多云,17,12,5,0.0,86,29
2026-05-21 08:20:35,2026-05-21,2,乒乓球厅-9号,15:00-16:00,0,1,可预约,￥5.0,多云,17,14,4,0.0,85,29
2026-05-21 08:25:32,2026-05-21,2,乒乓球厅-9号,15:00-16:00,0,1,可预约,￥5.0,多云,17,14,4,0.0,85,28
2026-05-21 08:30:42,2026-05-21,2,乒乓球厅-9号,15:00-16:00,0,1,可预约,￥5.0,多云,18,15,4,0.0,84,28
2026-05-21 08:35:31,2026-05-21,2,乒乓球厅-9号,15:00-16:00,0,1,可预约,￥5.0,多云,18,15,4,0.0,84,28
2026-05-21 08:40:38,2026-05-21,2,乒乓球厅-9号,15:00-16:00,0,1,可预约,￥5.0,多云,18,15,4,0.0,82,28
2026-05-21 08:45:33,2026-05-21,2,乒乓球厅-9号,15:00-16:00,0,1,可预约,￥5.0,多云,18,15,4,0.0,82,28
2026-05-21 08:50:36,2026-05-21,2,乒乓球厅-9号,15:00-16:00,0,1,可预约,￥5.0,多云,18,15,4,0.0,82,28
2026-05-21 08:55:34,2026-05-21,2,乒乓球厅-9号,15:00-16:00,0,1,可预约,￥5.0,多云,18,15,4,0.0,84,28
2026-05-21 09:00:51,2026-05-21,2,乒乓球厅-9号,15:00-16:00,0,1,可预约,￥5.0,多云,18,15,4,0.0,84,28
2026-05-21 09:01:59,2026-05-21,2,乒乓球厅-9号,15:00-16:00,0,1,可预约,￥5.0,多云,18,15,4,0.0,83,28
2026-05-21 09:05:33,2026-05-21,2,乒乓球厅-9号,15:00-16:00,0,1,可预约,￥5.0,多云,18,15,4,0.0,83,28
2026-05-21 09:20:38,2026-05-21,2,乒乓球厅-9号,15:00-16:00,0,1,可预约,￥5.0,多云,18,16,3,0.0,81,28
2026-05-21 09:30:46,2026-05-21,2,乒乓球厅-9号,15:00-16:00,0,1,可预约,￥5.0,多云,18,16,3,0.0,81,32
2026-05-21 09:40:36,2026-05-21,2,乒乓球厅-9号,15:00-16:00,0,1,可预约,￥5.0,多云,19,17,3,0.0,79,32
2026-05-21 09:50:42,2026-05-21,2,乒乓球厅-9号,15:00-16:00,0,1,可预约,￥5.0,多云,19,17,4,0.0,81,32
2026-05-21 10:00:46,2026-05-21,2,乒乓球厅-9号,15:00-16:00,0,1,可预约,￥5.0,多云,19,17,4,0.0,79,32
2026-05-21 10:10:40,2026-05-21,2,乒乓球厅-9号,15:00-16:00,0,1,可预约,￥5.0,多云,19,17,4,0.0,79,32
2026-05-21 10:20:38,2026-05-21,2,乒乓球厅-9号,15:00-16:00,0,1,可预约,￥5.0,多云,19,17,4,0.0,79,32
2026-05-21 10:30:41,2026-05-21,2,乒乓球厅-9号,15:00-16:00,0,1,可预约,￥5.0,多云,19,18,3,0.0,78,31
2026-05-21 11:00:44,2026-05-21,2,乒乓球厅-9号,15:00-16:00,0,1,可预约,￥5.0,多云,21,17,5,0.0,74,31
2026-05-21 11:30:38,2026-05-21,2,乒乓球厅-9号,15:00-16:00,0,1,可预约,￥5.0,多云,21,19,3,0.0,72,33
2026-05-21 12:00:46,2026-05-21,2,乒乓球厅-9号,15:00-16:00,0,1,可预约,￥5.0,多云,22,19,4,0.0,70,33
2026-05-21 12:30:42,2026-05-21,2,乒乓球厅-9号,15:00-16:00,0,1,可预约,￥5.0,多云,22,21,3,0.0,68,35
2026-05-21 13:00:43,2026-05-21,2,乒乓球厅-9号,15:00-16:00,0,1,可预约,￥5.0,多云,24,22,4,0.0,66,35
2026-05-21 13:30:43,2026-05-21,2,乒乓球厅-9号,15:00-16:00,0,1,可预约,￥5.0,多云,24,22,4,0.0,66,36
2026-05-21 14:00:48,2026-05-21,2,乒乓球厅-9号,15:00-16:00,0,1,可预约,￥5.0,多云,25,23,4,0.0,66,36
2026-05-21 14:30:45,2026-05-21,2,乒乓球厅-9号,15:00-16:00,0,1,可预约,￥5.0,晴,25,25,3,0.0,65,39
2026-05-21 15:00:45,2026-05-21,2,乒乓球厅-9号,15:00-16:00,0,1,可预约,￥5.0,晴,25,22,4,0.0,56,39
2026-05-21 15:30:43,2026-05-21,2,乒乓球厅-9号,15:00-16:00,0,1,可预约,￥5.0,晴,25,23,4,0.0,57,40
2026-05-21 16:00:51,2026-05-21,2,乒乓球厅-9号,15:00-16:00,0,1,不开放/已过期,,晴,25,23,4,0.0,57,40
2026-05-21 16:30:48,2026-05-21,2,乒乓球厅-9号,15:00-16:00,0,1,不开放/已过期,,晴,25,24,3,0.0,60,39
2026-05-21 17:00:49,2026-05-21,2,乒乓球厅-9号,15:00-16:00,0,1,不开放/已过期,,晴,25,24,4,0.0,61,39
2026-05-21 17:30:47,2026-05-21,2,乒乓球厅-9号,15:00-16:00,0,1,不开放/已过期,,多云,24,23,3,0.0,64,39
2026-05-21 18:00:50,2026-05-21,2,乒乓球厅-9号,15:00-16:00,0,1,不开放/已过期,,多云,24,23,3,0.0,68,39
2026-05-21 18:30:50,2026-05-21,2,乒乓球厅-9号,15:00-16:00,0,1,不开放/已过期,,阴,24,25,2,0.0,68,40
2026-05-21 19:00:50,2026-05-21,2,乒乓球厅-9号,15:00-16:00,0,1,不开放/已过期,,阴,23,23,3,0.0,76,40
2026-05-21 19:30:46,2026-05-21,2,乒乓球厅-9号,15:00-16:00,0,1,不开放/已过期,,阴,23,24,2,0.0,77,39
2026-05-21 20:00:49,2026-05-21,2,乒乓球厅-9号,15:00-16:00,0,1,不开放/已过期,,雾,22,23,2,0.0,89,39
2026-05-21 20:30:44,2026-05-21,2,乒乓球厅-9号,15:00-16:00,0,1,不开放/已过期,,雾,22,24,2,0.0,93,43
2026-05-21 21:00:56,2026-05-21,2,乒乓球厅-9号,15:00-16:00,0,1,不开放/已过期,,雾,20,21,2,0.0,98,43
2026-05-21 21:30:46,2026-05-21,2,乒乓球厅-9号,15:00-16:00,0,1,不开放/已过期,,雾,20,22,1,0.0,99,41
2026-05-21 22:01:02,2026-05-21,2,乒乓球厅-9号,15:00-16:00,0,1,不开放/已过期,,雾,19,20,2,0.0,93,41
2026-05-21 22:30:47,2026-05-21,2,乒乓球厅-9号,15:00-16:00,0,1,不开放/已过期,,雾,19,19,3,0.0,88,46
2026-05-21 23:00:56,2026-05-21,2,乒乓球厅-9号,15:00-16:00,0,1,不开放/已过期,,多云,18,17,3,0.0,85,46
2026-05-21 23:30:55,2026-05-21,2,乒乓球厅-9号,15:00-16:00,0,1,不开放/已过期,,多云,18,17,3,0.0,85,48
2026-05-21 00:30:49,2026-05-21,2,乒乓球厅-9号,16:00-17:00,0,1,可预约,￥5.0,多云,15,13,3,0.0,100,26
2026-05-21 01:00:55,2026-05-21,2,乒乓球厅-9号,16:00-17:00,0,1,可预约,￥5.0,多云,15,12,4,0.0,100,26
2026-05-21 01:30:47,2026-05-21,2,乒乓球厅-9号,16:00-17:00,0,1,可预约,￥5.0,多云,15,13,4,0.0,100,28
2026-05-21 02:00:53,2026-05-21,2,乒乓球厅-9号,16:00-17:00,0,1,可预约,￥5.0,多云,15,12,4,0.0,100,28
2026-05-21 02:30:49,2026-05-21,2,乒乓球厅-9号,16:00-17:00,0,1,可预约,￥5.0,多云,15,14,3,0.0,100,29
2026-05-21 03:00:55,2026-05-21,2,乒乓球厅-9号,16:00-17:00,0,1,可预约,￥5.0,多云,15,12,4,0.0,100,29
2026-05-21 03:30:49,2026-05-21,2,乒乓球厅-9号,16:00-17:00,0,1,可预约,￥5.0,多云,15,14,3,0.0,100,30
2026-05-21 04:30:45,2026-05-21,2,乒乓球厅-9号,16:00-17:00,0,1,可预约,￥5.0,多云,15,12,4,0.0,100,29
2026-05-21 05:00:52,2026-05-21,2,乒乓球厅-9号,16:00-17:00,0,1,可预约,￥5.0,多云,15,12,4,0.0,100,29
2026-05-21 05:30:49,2026-05-21,2,乒乓球厅-9号,16:00-17:00,0,1,可预约,￥5.0,多云,15,13,3,0.0,100,28
2026-05-21 06:00:50,2026-05-21,2,乒乓球厅-9号,16:00-17:00,0,1,可预约,￥5.0,多云,15,13,4,0.0,99,28
2026-05-21 06:30:38,2026-05-21,2,乒乓球厅-9号,16:00-17:00,0,1,可预约,￥5.0,多云,15,13,3,0.0,97,28
2026-05-21 07:00:43,2026-05-21,2,乒乓球厅-9号,16:00-17:00,0,1,可预约,￥5.0,晴,15,11,5,0.0,93,28
2026-05-21 07:30:39,2026-05-21,2,乒乓球厅-9号,16:00-17:00,0,1,可预约,￥5.0,晴,17,13,4,0.0,89,29
2026-05-21 07:50:40,2026-05-21,2,乒乓球厅-9号,16:00-17:00,0,1,可预约,￥5.0,晴,17,13,4,0.0,88,29
2026-05-21 07:53:31,2026-05-21,2,乒乓球厅-9号,16:00-17:00,0,1,可预约,￥5.0,晴,17,12,5,0.0,86,29
2026-05-21 07:56:31,2026-05-21,2,乒乓球厅-9号,16:00-17:00,0,1,可预约,￥5.0,晴,17,12,5,0.0,86,29
2026-05-21 07:59:26,2026-05-21,2,乒乓球厅-9号,16:00-17:00,0,1,可预约,￥5.0,晴,17,12,5,0.0,86,29
2026-05-21 08:00:45,2026-05-21,2,乒乓球厅-9号,16:00-17:00,0,1,可预约,￥5.0,晴,17,12,5,0.0,86,29
2026-05-21 08:02:30,2026-05-21,2,乒乓球厅-9号,16:00-17:00,0,1,可预约,￥5.0,多云,17,12,5,0.0,87,29
2026-05-21 08:05:36,2026-05-21,2,乒乓球厅-9号,16:00-17:00,0,1,可预约,￥5.0,多云,17,12,5,0.0,86,29
2026-05-21 08:08:31,2026-05-21,2,乒乓球厅-9号,16:00-17:00,0,1,可预约,￥5.0,多云,17,12,5,0.0,86,29
2026-05-21 08:11:30,2026-05-21,2,乒乓球厅-9号,16:00-17:00,0,1,可预约,￥5.0,多云,17,12,5,0.0,86,29
2026-05-21 08:14:31,2026-05-21,2,乒乓球厅-9号,16:00-17:00,0,1,可预约,￥5.0,多云,17,12,5,0.0,86,29
2026-05-21 08:17:30,2026-05-21,2,乒乓球厅-9号,16:00-17:00,0,1,可预约,￥5.0,多云,17,12,5,0.0,86,29
2026-05-21 08:20:35,2026-05-21,2,乒乓球厅-9号,16:00-17:00,0,1,可预约,￥5.0,多云,17,14,4,0.0,85,29
2026-05-21 08:25:32,2026-05-21,2,乒乓球厅-9号,16:00-17:00,0,1,可预约,￥5.0,多云,17,14,4,0.0,85,28
2026-05-21 08:30:42,2026-05-21,2,乒乓球厅-9号,16:00-17:00,0,1,可预约,￥5.0,多云,18,15,4,0.0,84,28
2026-05-21 08:35:31,2026-05-21,2,乒乓球厅-9号,16:00-17:00,0,1,可预约,￥5.0,多云,18,15,4,0.0,84,28
2026-05-21 08:40:38,2026-05-21,2,乒乓球厅-9号,16:00-17:00,0,1,可预约,￥5.0,多云,18,15,4,0.0,82,28
2026-05-21 08:45:33,2026-05-21,2,乒乓球厅-9号,16:00-17:00,0,1,可预约,￥5.0,多云,18,15,4,0.0,82,28
2026-05-21 08:50:36,2026-05-21,2,乒乓球厅-9号,16:00-17:00,0,1,可预约,￥5.0,多云,18,15,4,0.0,82,28
2026-05-21 08:55:34,2026-05-21,2,乒乓球厅-9号,16:00-17:00,0,1,可预约,￥5.0,多云,18,15,4,0.0,84,28
2026-05-21 09:00:51,2026-05-21,2,乒乓球厅-9号,16:00-17:00,0,1,可预约,￥5.0,多云,18,15,4,0.0,84,28
2026-05-21 09:01:59,2026-05-21,2,乒乓球厅-9号,16:00-17:00,0,1,可预约,￥5.0,多云,18,15,4,0.0,83,28
2026-05-21 09:05:33,2026-05-21,2,乒乓球厅-9号,16:00-17:00,0,1,可预约,￥5.0,多云,18,15,4,0.0,83,28
2026-05-21 09:20:38,2026-05-21,2,乒乓球厅-9号,16:00-17:00,0,1,可预约,￥5.0,多云,18,16,3,0.0,81,28
2026-05-21 09:30:46,2026-05-21,2,乒乓球厅-9号,16:00-17:00,0,1,可预约,￥5.0,多云,18,16,3,0.0,81,32
2026-05-21 09:40:36,2026-05-21,2,乒乓球厅-9号,16:00-17:00,0,1,可预约,￥5.0,多云,19,17,3,0.0,79,32
2026-05-21 09:50:42,2026-05-21,2,乒乓球厅-9号,16:00-17:00,0,1,可预约,￥5.0,多云,19,17,4,0.0,81,32
2026-05-21 10:00:46,2026-05-21,2,乒乓球厅-9号,16:00-17:00,0,1,可预约,￥5.0,多云,19,17,4,0.0,79,32
2026-05-21 10:10:40,2026-05-21,2,乒乓球厅-9号,16:00-17:00,0,1,可预约,￥5.0,多云,19,17,4,0.0,79,32
2026-05-21 10:20:38,2026-05-21,2,乒乓球厅-9号,16:00-17:00,0,1,可预约,￥5.0,多云,19,17,4,0.0,79,32
2026-05-21 10:30:41,2026-05-21,2,乒乓球厅-9号,16:00-17:00,0,1,可预约,￥5.0,多云,19,18,3,0.0,78,31
2026-05-21 11:00:44,2026-05-21,2,乒乓球厅-9号,16:00-17:00,0,1,可预约,￥5.0,多云,21,17,5,0.0,74,31
2026-05-21 11:30:38,2026-05-21,2,乒乓球厅-9号,16:00-17:00,0,1,可预约,￥5.0,多云,21,19,3,0.0,72,33
2026-05-21 12:00:46,2026-05-21,2,乒乓球厅-9号,16:00-17:00,0,1,可预约,￥5.0,多云,22,19,4,0.0,70,33
2026-05-21 12:30:42,2026-05-21,2,乒乓球厅-9号,16:00-17:00,0,1,可预约,￥5.0,多云,22,21,3,0.0,68,35
2026-05-21 13:00:43,2026-05-21,2,乒乓球厅-9号,16:00-17:00,0,1,可预约,￥5.0,多云,24,22,4,0.0,66,35
2026-05-21 13:30:43,2026-05-21,2,乒乓球厅-9号,16:00-17:00,0,1,可预约,￥5.0,多云,24,22,4,0.0,66,36
2026-05-21 14:00:48,2026-05-21,2,乒乓球厅-9号,16:00-17:00,0,1,可预约,￥5.0,多云,25,23,4,0.0,66,36
2026-05-21 14:30:45,2026-05-21,2,乒乓球厅-9号,16:00-17:00,0,1,可预约,￥5.0,晴,25,25,3,0.0,65,39
2026-05-21 15:00:45,2026-05-21,2,乒乓球厅-9号,16:00-17:00,0,1,可预约,￥5.0,晴,25,22,4,0.0,56,39
2026-05-21 15:30:43,2026-05-21,2,乒乓球厅-9号,16:00-17:00,0,1,可预约,￥5.0,晴,25,23,4,0.0,57,40
2026-05-21 16:00:51,2026-05-21,2,乒乓球厅-9号,16:00-17:00,0,1,可预约,￥5.0,晴,25,23,4,0.0,57,40
2026-05-21 16:30:48,2026-05-21,2,乒乓球厅-9号,16:00-17:00,0,1,可预约,￥5.0,晴,25,24,3,0.0,60,39
2026-05-21 17:00:49,2026-05-21,2,乒乓球厅-9号,16:00-17:00,0,1,不开放/已过期,,晴,25,24,4,0.0,61,39
2026-05-21 17:30:47,2026-05-21,2,乒乓球厅-9号,16:00-17:00,0,1,不开放/已过期,,多云,24,23,3,0.0,64,39
2026-05-21 18:00:50,2026-05-21,2,乒乓球厅-9号,16:00-17:00,0,1,不开放/已过期,,多云,24,23,3,0.0,68,39
2026-05-21 18:30:50,2026-05-21,2,乒乓球厅-9号,16:00-17:00,0,1,不开放/已过期,,阴,24,25,2,0.0,68,40
2026-05-21 19:00:50,2026-05-21,2,乒乓球厅-9号,16:00-17:00,0,1,不开放/已过期,,阴,23,23,3,0.0,76,40
2026-05-21 19:30:46,2026-05-21,2,乒乓球厅-9号,16:00-17:00,0,1,不开放/已过期,,阴,23,24,2,0.0,77,39
2026-05-21 20:00:49,2026-05-21,2,乒乓球厅-9号,16:00-17:00,0,1,不开放/已过期,,雾,22,23,2,0.0,89,39
2026-05-21 20:30:44,2026-05-21,2,乒乓球厅-9号,16:00-17:00,0,1,不开放/已过期,,雾,22,24,2,0.0,93,43
2026-05-21 21:00:56,2026-05-21,2,乒乓球厅-9号,16:00-17:00,0,1,不开放/已过期,,雾,20,21,2,0.0,98,43
2026-05-21 21:30:46,2026-05-21,2,乒乓球厅-9号,16:00-17:00,0,1,不开放/已过期,,雾,20,22,1,0.0,99,41
2026-05-21 22:01:02,2026-05-21,2,乒乓球厅-9号,16:00-17:00,0,1,不开放/已过期,,雾,19,20,2,0.0,93,41
2026-05-21 22:30:47,2026-05-21,2,乒乓球厅-9号,16:00-17:00,0,1,不开放/已过期,,雾,19,19,3,0.0,88,46
2026-05-21 23:00:56,2026-05-21,2,乒乓球厅-9号,16:00-17:00,0,1,不开放/已过期,,多云,18,17,3,0.0,85,46
2026-05-21 23:30:55,2026-05-21,2,乒乓球厅-9号,16:00-17:00,0,1,不开放/已过期,,多云,18,17,3,0.0,85,48
2026-05-21 00:30:49,2026-05-21,2,乒乓球厅-9号,17:00-18:00,0,1,可预约,￥5.0,多云,15,13,3,0.0,100,26
2026-05-21 01:00:55,2026-05-21,2,乒乓球厅-9号,17:00-18:00,0,1,可预约,￥5.0,多云,15,12,4,0.0,100,26
2026-05-21 01:30:47,2026-05-21,2,乒乓球厅-9号,17:00-18:00,0,1,可预约,￥5.0,多云,15,13,4,0.0,100,28
2026-05-21 02:00:53,2026-05-21,2,乒乓球厅-9号,17:00-18:00,0,1,可预约,￥5.0,多云,15,12,4,0.0,100,28
2026-05-21 02:30:49,2026-05-21,2,乒乓球厅-9号,17:00-18:00,0,1,可预约,￥5.0,多云,15,14,3,0.0,100,29
2026-05-21 03:00:55,2026-05-21,2,乒乓球厅-9号,17:00-18:00,0,1,可预约,￥5.0,多云,15,12,4,0.0,100,29
2026-05-21 03:30:49,2026-05-21,2,乒乓球厅-9号,17:00-18:00,0,1,可预约,￥5.0,多云,15,14,3,0.0,100,30
2026-05-21 04:30:45,2026-05-21,2,乒乓球厅-9号,17:00-18:00,0,1,可预约,￥5.0,多云,15,12,4,0.0,100,29
2026-05-21 05:00:52,2026-05-21,2,乒乓球厅-9号,17:00-18:00,0,1,可预约,￥5.0,多云,15,12,4,0.0,100,29
2026-05-21 05:30:49,2026-05-21,2,乒乓球厅-9号,17:00-18:00,0,1,可预约,￥5.0,多云,15,13,3,0.0,100,28
2026-05-21 06:00:50,2026-05-21,2,乒乓球厅-9号,17:00-18:00,0,1,可预约,￥5.0,多云,15,13,4,0.0,99,28
2026-05-21 06:30:38,2026-05-21,2,乒乓球厅-9号,17:00-18:00,0,1,可预约,￥5.0,多云,15,13,3,0.0,97,28
2026-05-21 07:00:43,2026-05-21,2,乒乓球厅-9号,17:00-18:00,0,1,可预约,￥5.0,晴,15,11,5,0.0,93,28
2026-05-21 07:30:39,2026-05-21,2,乒乓球厅-9号,17:00-18:00,0,1,可预约,￥5.0,晴,17,13,4,0.0,89,29
2026-05-21 07:50:40,2026-05-21,2,乒乓球厅-9号,17:00-18:00,0,1,可预约,￥5.0,晴,17,13,4,0.0,88,29
2026-05-21 07:53:31,2026-05-21,2,乒乓球厅-9号,17:00-18:00,0,1,可预约,￥5.0,晴,17,12,5,0.0,86,29
2026-05-21 07:56:31,2026-05-21,2,乒乓球厅-9号,17:00-18:00,0,1,可预约,￥5.0,晴,17,12,5,0.0,86,29
2026-05-21 07:59:26,2026-05-21,2,乒乓球厅-9号,17:00-18:00,0,1,可预约,￥5.0,晴,17,12,5,0.0,86,29
2026-05-21 08:00:45,2026-05-21,2,乒乓球厅-9号,17:00-18:00,0,1,可预约,￥5.0,晴,17,12,5,0.0,86,29
2026-05-21 08:02:30,2026-05-21,2,乒乓球厅-9号,17:00-18:00,0,1,可预约,￥5.0,多云,17,12,5,0.0,87,29
2026-05-21 08:05:36,2026-05-21,2,乒乓球厅-9号,17:00-18:00,0,1,可预约,￥5.0,多云,17,12,5,0.0,86,29
2026-05-21 08:08:31,2026-05-21,2,乒乓球厅-9号,17:00-18:00,0,1,可预约,￥5.0,多云,17,12,5,0.0,86,29
2026-05-21 08:11:30,2026-05-21,2,乒乓球厅-9号,17:00-18:00,0,1,可预约,￥5.0,多云,17,12,5,0.0,86,29
2026-05-21 08:14:31,2026-05-21,2,乒乓球厅-9号,17:00-18:00,0,1,可预约,￥5.0,多云,17,12,5,0.0,86,29
2026-05-21 08:17:30,2026-05-21,2,乒乓球厅-9号,17:00-18:00,0,1,可预约,￥5.0,多云,17,12,5,0.0,86,29
2026-05-21 08:20:35,2026-05-21,2,乒乓球厅-9号,17:00-18:00,0,1,可预约,￥5.0,多云,17,14,4,0.0,85,29
2026-05-21 08:25:32,2026-05-21,2,乒乓球厅-9号,17:00-18:00,0,1,可预约,￥5.0,多云,17,14,4,0.0,85,28
2026-05-21 08:30:42,2026-05-21,2,乒乓球厅-9号,17:00-18:00,0,1,可预约,￥5.0,多云,18,15,4,0.0,84,28
2026-05-21 08:35:31,2026-05-21,2,乒乓球厅-9号,17:00-18:00,0,1,可预约,￥5.0,多云,18,15,4,0.0,84,28
2026-05-21 08:40:38,2026-05-21,2,乒乓球厅-9号,17:00-18:00,0,1,可预约,￥5.0,多云,18,15,4,0.0,82,28
2026-05-21 08:45:33,2026-05-21,2,乒乓球厅-9号,17:00-18:00,0,1,可预约,￥5.0,多云,18,15,4,0.0,82,28
2026-05-21 08:50:36,2026-05-21,2,乒乓球厅-9号,17:00-18:00,0,1,可预约,￥5.0,多云,18,15,4,0.0,82,28
2026-05-21 08:55:34,2026-05-21,2,乒乓球厅-9号,17:00-18:00,0,1,可预约,￥5.0,多云,18,15,4,0.0,84,28
2026-05-21 09:00:51,2026-05-21,2,乒乓球厅-9号,17:00-18:00,0,1,可预约,￥5.0,多云,18,15,4,0.0,84,28
2026-05-21 09:01:59,2026-05-21,2,乒乓球厅-9号,17:00-18:00,0,1,可预约,￥5.0,多云,18,15,4,0.0,83,28
2026-05-21 09:05:33,2026-05-21,2,乒乓球厅-9号,17:00-18:00,0,1,可预约,￥5.0,多云,18,15,4,0.0,83,28
2026-05-21 09:20:38,2026-05-21,2,乒乓球厅-9号,17:00-18:00,0,1,可预约,￥5.0,多云,18,16,3,0.0,81,28
2026-05-21 09:30:46,2026-05-21,2,乒乓球厅-9号,17:00-18:00,0,1,可预约,￥5.0,多云,18,16,3,0.0,81,32
2026-05-21 09:40:36,2026-05-21,2,乒乓球厅-9号,17:00-18:00,0,1,可预约,￥5.0,多云,19,17,3,0.0,79,32
2026-05-21 09:50:42,2026-05-21,2,乒乓球厅-9号,17:00-18:00,0,1,可预约,￥5.0,多云,19,17,4,0.0,81,32
2026-05-21 10:00:46,2026-05-21,2,乒乓球厅-9号,17:00-18:00,0,1,可预约,￥5.0,多云,19,17,4,0.0,79,32
2026-05-21 10:10:40,2026-05-21,2,乒乓球厅-9号,17:00-18:00,0,1,可预约,￥5.0,多云,19,17,4,0.0,79,32
2026-05-21 10:20:38,2026-05-21,2,乒乓球厅-9号,17:00-18:00,0,1,可预约,￥5.0,多云,19,17,4,0.0,79,32
2026-05-21 10:30:41,2026-05-21,2,乒乓球厅-9号,17:00-18:00,0,1,可预约,￥5.0,多云,19,18,3,0.0,78,31
2026-05-21 11:00:44,2026-05-21,2,乒乓球厅-9号,17:00-18:00,0,1,可预约,￥5.0,多云,21,17,5,0.0,74,31
2026-05-21 11:30:38,2026-05-21,2,乒乓球厅-9号,17:00-18:00,0,1,可预约,￥5.0,多云,21,19,3,0.0,72,33
2026-05-21 12:00:46,2026-05-21,2,乒乓球厅-9号,17:00-18:00,0,1,可预约,￥5.0,多云,22,19,4,0.0,70,33
2026-05-21 12:30:42,2026-05-21,2,乒乓球厅-9号,17:00-18:00,0,1,可预约,￥5.0,多云,22,21,3,0.0,68,35
2026-05-21 13:00:43,2026-05-21,2,乒乓球厅-9号,17:00-18:00,0,1,可预约,￥5.0,多云,24,22,4,0.0,66,35
2026-05-21 13:30:43,2026-05-21,2,乒乓球厅-9号,17:00-18:00,0,1,可预约,￥5.0,多云,24,22,4,0.0,66,36
2026-05-21 14:00:48,2026-05-21,2,乒乓球厅-9号,17:00-18:00,0,1,可预约,￥5.0,多云,25,23,4,0.0,66,36
2026-05-21 14:30:45,2026-05-21,2,乒乓球厅-9号,17:00-18:00,0,1,可预约,￥5.0,晴,25,25,3,0.0,65,39
2026-05-21 15:00:45,2026-05-21,2,乒乓球厅-9号,17:00-18:00,0,1,可预约,￥5.0,晴,25,22,4,0.0,56,39
2026-05-21 15:30:43,2026-05-21,2,乒乓球厅-9号,17:00-18:00,0,1,可预约,￥5.0,晴,25,23,4,0.0,57,40
2026-05-21 16:00:51,2026-05-21,2,乒乓球厅-9号,17:00-18:00,0,1,可预约,￥5.0,晴,25,23,4,0.0,57,40
2026-05-21 16:30:48,2026-05-21,2,乒乓球厅-9号,17:00-18:00,0,1,可预约,￥5.0,晴,25,24,3,0.0,60,39
2026-05-21 17:00:49,2026-05-21,2,乒乓球厅-9号,17:00-18:00,0,1,可预约,￥5.0,晴,25,24,4,0.0,61,39
2026-05-21 17:30:47,2026-05-21,2,乒乓球厅-9号,17:00-18:00,0,1,可预约,￥5.0,多云,24,23,3,0.0,64,39
2026-05-21 18:00:50,2026-05-21,2,乒乓球厅-9号,17:00-18:00,0,1,不开放/已过期,,多云,24,23,3,0.0,68,39
2026-05-21 18:30:50,2026-05-21,2,乒乓球厅-9号,17:00-18:00,0,1,不开放/已过期,,阴,24,25,2,0.0,68,40
2026-05-21 19:00:50,2026-05-21,2,乒乓球厅-9号,17:00-18:00,0,1,不开放/已过期,,阴,23,23,3,0.0,76,40
2026-05-21 19:30:46,2026-05-21,2,乒乓球厅-9号,17:00-18:00,0,1,不开放/已过期,,阴,23,24,2,0.0,77,39
2026-05-21 20:00:49,2026-05-21,2,乒乓球厅-9号,17:00-18:00,0,1,不开放/已过期,,雾,22,23,2,0.0,89,39
2026-05-21 20:30:44,2026-05-21,2,乒乓球厅-9号,17:00-18:00,0,1,不开放/已过期,,雾,22,24,2,0.0,93,43
2026-05-21 21:00:56,2026-05-21,2,乒乓球厅-9号,17:00-18:00,0,1,不开放/已过期,,雾,20,21,2,0.0,98,43
2026-05-21 21:30:46,2026-05-21,2,乒乓球厅-9号,17:00-18:00,0,1,不开放/已过期,,雾,20,22,1,0.0,99,41
2026-05-21 22:01:02,2026-05-21,2,乒乓球厅-9号,17:00-18:00,0,1,不开放/已过期,,雾,19,20,2,0.0,93,41
2026-05-21 22:30:47,2026-05-21,2,乒乓球厅-9号,17:00-18:00,0,1,不开放/已过期,,雾,19,19,3,0.0,88,46
2026-05-21 23:00:56,2026-05-21,2,乒乓球厅-9号,17:00-18:00,0,1,不开放/已过期,,多云,18,17,3,0.0,85,46
2026-05-21 23:30:55,2026-05-21,2,乒乓球厅-9号,17:00-18:00,0,1,不开放/已过期,,多云,18,17,3,0.0,85,48
2026-05-21 00:30:49,2026-05-21,2,乒乓球厅-9号,18:30-19:30,0,1,可预约,￥5.0,多云,15,13,3,0.0,100,26
2026-05-21 01:00:55,2026-05-21,2,乒乓球厅-9号,18:30-19:30,0,1,可预约,￥5.0,多云,15,12,4,0.0,100,26
2026-05-21 01:30:47,2026-05-21,2,乒乓球厅-9号,18:30-19:30,0,1,可预约,￥5.0,多云,15,13,4,0.0,100,28
2026-05-21 02:00:53,2026-05-21,2,乒乓球厅-9号,18:30-19:30,0,1,可预约,￥5.0,多云,15,12,4,0.0,100,28
2026-05-21 02:30:49,2026-05-21,2,乒乓球厅-9号,18:30-19:30,0,1,可预约,￥5.0,多云,15,14,3,0.0,100,29
2026-05-21 03:00:55,2026-05-21,2,乒乓球厅-9号,18:30-19:30,0,1,可预约,￥5.0,多云,15,12,4,0.0,100,29
2026-05-21 03:30:49,2026-05-21,2,乒乓球厅-9号,18:30-19:30,0,1,可预约,￥5.0,多云,15,14,3,0.0,100,30
2026-05-21 04:30:45,2026-05-21,2,乒乓球厅-9号,18:30-19:30,0,1,可预约,￥5.0,多云,15,12,4,0.0,100,29
2026-05-21 05:00:52,2026-05-21,2,乒乓球厅-9号,18:30-19:30,0,1,可预约,￥5.0,多云,15,12,4,0.0,100,29
2026-05-21 05:30:49,2026-05-21,2,乒乓球厅-9号,18:30-19:30,0,1,可预约,￥5.0,多云,15,13,3,0.0,100,28
2026-05-21 06:00:50,2026-05-21,2,乒乓球厅-9号,18:30-19:30,0,1,可预约,￥5.0,多云,15,13,4,0.0,99,28
2026-05-21 06:30:38,2026-05-21,2,乒乓球厅-9号,18:30-19:30,0,1,可预约,￥5.0,多云,15,13,3,0.0,97,28
2026-05-21 07:00:43,2026-05-21,2,乒乓球厅-9号,18:30-19:30,0,1,可预约,￥5.0,晴,15,11,5,0.0,93,28
2026-05-21 07:30:39,2026-05-21,2,乒乓球厅-9号,18:30-19:30,0,1,可预约,￥5.0,晴,17,13,4,0.0,89,29
2026-05-21 07:50:40,2026-05-21,2,乒乓球厅-9号,18:30-19:30,0,1,可预约,￥5.0,晴,17,13,4,0.0,88,29
2026-05-21 07:53:31,2026-05-21,2,乒乓球厅-9号,18:30-19:30,0,1,可预约,￥5.0,晴,17,12,5,0.0,86,29
2026-05-21 07:56:31,2026-05-21,2,乒乓球厅-9号,18:30-19:30,0,1,可预约,￥5.0,晴,17,12,5,0.0,86,29
2026-05-21 07:59:26,2026-05-21,2,乒乓球厅-9号,18:30-19:30,0,1,可预约,￥5.0,晴,17,12,5,0.0,86,29
2026-05-21 08:00:45,2026-05-21,2,乒乓球厅-9号,18:30-19:30,0,1,可预约,￥5.0,晴,17,12,5,0.0,86,29
2026-05-21 08:02:30,2026-05-21,2,乒乓球厅-9号,18:30-19:30,0,1,可预约,￥5.0,多云,17,12,5,0.0,87,29
2026-05-21 08:05:36,2026-05-21,2,乒乓球厅-9号,18:30-19:30,0,1,可预约,￥5.0,多云,17,12,5,0.0,86,29
2026-05-21 08:08:31,2026-05-21,2,乒乓球厅-9号,18:30-19:30,0,1,可预约,￥5.0,多云,17,12,5,0.0,86,29
2026-05-21 08:11:30,2026-05-21,2,乒乓球厅-9号,18:30-19:30,0,1,可预约,￥5.0,多云,17,12,5,0.0,86,29
2026-05-21 08:14:31,2026-05-21,2,乒乓球厅-9号,18:30-19:30,0,1,可预约,￥5.0,多云,17,12,5,0.0,86,29
2026-05-21 08:17:30,2026-05-21,2,乒乓球厅-9号,18:30-19:30,0,1,可预约,￥5.0,多云,17,12,5,0.0,86,29
2026-05-21 08:20:35,2026-05-21,2,乒乓球厅-9号,18:30-19:30,0,1,可预约,￥5.0,多云,17,14,4,0.0,85,29
2026-05-21 08:25:32,2026-05-21,2,乒乓球厅-9号,18:30-19:30,0,1,可预约,￥5.0,多云,17,14,4,0.0,85,28
2026-05-21 08:30:42,2026-05-21,2,乒乓球厅-9号,18:30-19:30,0,1,可预约,￥5.0,多云,18,15,4,0.0,84,28
2026-05-21 08:35:31,2026-05-21,2,乒乓球厅-9号,18:30-19:30,0,1,可预约,￥5.0,多云,18,15,4,0.0,84,28
2026-05-21 08:40:38,2026-05-21,2,乒乓球厅-9号,18:30-19:30,0,1,可预约,￥5.0,多云,18,15,4,0.0,82,28
2026-05-21 08:45:33,2026-05-21,2,乒乓球厅-9号,18:30-19:30,0,1,可预约,￥5.0,多云,18,15,4,0.0,82,28
2026-05-21 08:50:36,2026-05-21,2,乒乓球厅-9号,18:30-19:30,0,1,可预约,￥5.0,多云,18,15,4,0.0,82,28
2026-05-21 08:55:34,2026-05-21,2,乒乓球厅-9号,18:30-19:30,0,1,可预约,￥5.0,多云,18,15,4,0.0,84,28
2026-05-21 09:00:51,2026-05-21,2,乒乓球厅-9号,18:30-19:30,0,1,可预约,￥5.0,多云,18,15,4,0.0,84,28
2026-05-21 09:01:59,2026-05-21,2,乒乓球厅-9号,18:30-19:30,0,1,可预约,￥5.0,多云,18,15,4,0.0,83,28
2026-05-21 09:05:33,2026-05-21,2,乒乓球厅-9号,18:30-19:30,0,1,可预约,￥5.0,多云,18,15,4,0.0,83,28
2026-05-21 09:20:38,2026-05-21,2,乒乓球厅-9号,18:30-19:30,0,1,可预约,￥5.0,多云,18,16,3,0.0,81,28
2026-05-21 09:30:46,2026-05-21,2,乒乓球厅-9号,18:30-19:30,0,1,可预约,￥5.0,多云,18,16,3,0.0,81,32
2026-05-21 09:40:36,2026-05-21,2,乒乓球厅-9号,18:30-19:30,0,1,可预约,￥5.0,多云,19,17,3,0.0,79,32
2026-05-21 09:50:42,2026-05-21,2,乒乓球厅-9号,18:30-19:30,0,1,可预约,￥5.0,多云,19,17,4,0.0,81,32
2026-05-21 10:00:46,2026-05-21,2,乒乓球厅-9号,18:30-19:30,0,1,可预约,￥5.0,多云,19,17,4,0.0,79,32
2026-05-21 10:10:40,2026-05-21,2,乒乓球厅-9号,18:30-19:30,0,1,可预约,￥5.0,多云,19,17,4,0.0,79,32
2026-05-21 10:20:38,2026-05-21,2,乒乓球厅-9号,18:30-19:30,0,1,可预约,￥5.0,多云,19,17,4,0.0,79,32
2026-05-21 10:30:41,2026-05-21,2,乒乓球厅-9号,18:30-19:30,0,1,可预约,￥5.0,多云,19,18,3,0.0,78,31
2026-05-21 11:00:44,2026-05-21,2,乒乓球厅-9号,18:30-19:30,0,1,可预约,￥5.0,多云,21,17,5,0.0,74,31
2026-05-21 11:30:38,2026-05-21,2,乒乓球厅-9号,18:30-19:30,0,1,可预约,￥5.0,多云,21,19,3,0.0,72,33
2026-05-21 12:00:46,2026-05-21,2,乒乓球厅-9号,18:30-19:30,0,1,可预约,￥5.0,多云,22,19,4,0.0,70,33
2026-05-21 12:30:42,2026-05-21,2,乒乓球厅-9号,18:30-19:30,0,1,可预约,￥5.0,多云,22,21,3,0.0,68,35
2026-05-21 13:00:43,2026-05-21,2,乒乓球厅-9号,18:30-19:30,0,1,可预约,￥5.0,多云,24,22,4,0.0,66,35
2026-05-21 13:30:43,2026-05-21,2,乒乓球厅-9号,18:30-19:30,0,1,可预约,￥5.0,多云,24,22,4,0.0,66,36
2026-05-21 14:00:48,2026-05-21,2,乒乓球厅-9号,18:30-19:30,0,1,可预约,￥5.0,多云,25,23,4,0.0,66,36
2026-05-21 14:30:45,2026-05-21,2,乒乓球厅-9号,18:30-19:30,0,1,可预约,￥5.0,晴,25,25,3,0.0,65,39
2026-05-21 15:00:45,2026-05-21,2,乒乓球厅-9号,18:30-19:30,0,1,可预约,￥5.0,晴,25,22,4,0.0,56,39
2026-05-21 15:30:43,2026-05-21,2,乒乓球厅-9号,18:30-19:30,0,1,可预约,￥5.0,晴,25,23,4,0.0,57,40
2026-05-21 16:00:51,2026-05-21,2,乒乓球厅-9号,18:30-19:30,0,1,可预约,￥5.0,晴,25,23,4,0.0,57,40
2026-05-21 16:30:48,2026-05-21,2,乒乓球厅-9号,18:30-19:30,0,1,可预约,￥5.0,晴,25,24,3,0.0,60,39
2026-05-21 17:00:49,2026-05-21,2,乒乓球厅-9号,18:30-19:30,0,1,可预约,￥5.0,晴,25,24,4,0.0,61,39
2026-05-21 17:30:47,2026-05-21,2,乒乓球厅-9号,18:30-19:30,0,1,可预约,￥5.0,多云,24,23,3,0.0,64,39
2026-05-21 18:00:50,2026-05-21,2,乒乓球厅-9号,18:30-19:30,0,1,可预约,￥5.0,多云,24,23,3,0.0,68,39
2026-05-21 18:30:50,2026-05-21,2,乒乓球厅-9号,18:30-19:30,0,1,可预约,￥5.0,阴,24,25,2,0.0,68,40
2026-05-21 19:00:50,2026-05-21,2,乒乓球厅-9号,18:30-19:30,0,1,可预约,￥5.0,阴,23,23,3,0.0,76,40
2026-05-21 19:30:46,2026-05-21,2,乒乓球厅-9号,18:30-19:30,0,1,不开放/已过期,,阴,23,24,2,0.0,77,39
2026-05-21 20:00:49,2026-05-21,2,乒乓球厅-9号,18:30-19:30,0,1,不开放/已过期,,雾,22,23,2,0.0,89,39
2026-05-21 20:30:44,2026-05-21,2,乒乓球厅-9号,18:30-19:30,0,1,不开放/已过期,,雾,22,24,2,0.0,93,43
2026-05-21 21:00:56,2026-05-21,2,乒乓球厅-9号,18:30-19:30,0,1,不开放/已过期,,雾,20,21,2,0.0,98,43
2026-05-21 21:30:46,2026-05-21,2,乒乓球厅-9号,18:30-19:30,0,1,不开放/已过期,,雾,20,22,1,0.0,99,41
2026-05-21 22:01:02,2026-05-21,2,乒乓球厅-9号,18:30-19:30,0,1,不开放/已过期,,雾,19,20,2,0.0,93,41
2026-05-21 22:30:47,2026-05-21,2,乒乓球厅-9号,18:30-19:30,0,1,不开放/已过期,,雾,19,19,3,0.0,88,46
2026-05-21 23:00:56,2026-05-21,2,乒乓球厅-9号,18:30-19:30,0,1,不开放/已过期,,多云,18,17,3,0.0,85,46
2026-05-21 23:30:55,2026-05-21,2,乒乓球厅-9号,18:30-19:30,0,1,不开放/已过期,,多云,18,17,3,0.0,85,48
2026-05-21 00:30:49,2026-05-21,2,乒乓球厅-9号,19:30-20:30,0,1,可预约,￥5.0,多云,15,13,3,0.0,100,26
2026-05-21 01:00:55,2026-05-21,2,乒乓球厅-9号,19:30-20:30,0,1,可预约,￥5.0,多云,15,12,4,0.0,100,26
2026-05-21 01:30:47,2026-05-21,2,乒乓球厅-9号,19:30-20:30,0,1,可预约,￥5.0,多云,15,13,4,0.0,100,28
2026-05-21 02:00:53,2026-05-21,2,乒乓球厅-9号,19:30-20:30,0,1,可预约,￥5.0,多云,15,12,4,0.0,100,28
2026-05-21 02:30:49,2026-05-21,2,乒乓球厅-9号,19:30-20:30,0,1,可预约,￥5.0,多云,15,14,3,0.0,100,29
2026-05-21 03:00:55,2026-05-21,2,乒乓球厅-9号,19:30-20:30,0,1,可预约,￥5.0,多云,15,12,4,0.0,100,29
2026-05-21 03:30:49,2026-05-21,2,乒乓球厅-9号,19:30-20:30,0,1,可预约,￥5.0,多云,15,14,3,0.0,100,30
2026-05-21 04:30:45,2026-05-21,2,乒乓球厅-9号,19:30-20:30,0,1,可预约,￥5.0,多云,15,12,4,0.0,100,29
2026-05-21 05:00:52,2026-05-21,2,乒乓球厅-9号,19:30-20:30,0,1,可预约,￥5.0,多云,15,12,4,0.0,100,29
2026-05-21 05:30:49,2026-05-21,2,乒乓球厅-9号,19:30-20:30,0,1,可预约,￥5.0,多云,15,13,3,0.0,100,28
2026-05-21 06:00:50,2026-05-21,2,乒乓球厅-9号,19:30-20:30,0,1,可预约,￥5.0,多云,15,13,4,0.0,99,28
2026-05-21 06:30:38,2026-05-21,2,乒乓球厅-9号,19:30-20:30,0,1,可预约,￥5.0,多云,15,13,3,0.0,97,28
2026-05-21 07:00:43,2026-05-21,2,乒乓球厅-9号,19:30-20:30,0,1,可预约,￥5.0,晴,15,11,5,0.0,93,28
2026-05-21 07:30:39,2026-05-21,2,乒乓球厅-9号,19:30-20:30,0,1,可预约,￥5.0,晴,17,13,4,0.0,89,29
2026-05-21 07:50:40,2026-05-21,2,乒乓球厅-9号,19:30-20:30,0,1,可预约,￥5.0,晴,17,13,4,0.0,88,29
2026-05-21 07:53:31,2026-05-21,2,乒乓球厅-9号,19:30-20:30,0,1,可预约,￥5.0,晴,17,12,5,0.0,86,29
2026-05-21 07:56:31,2026-05-21,2,乒乓球厅-9号,19:30-20:30,0,1,可预约,￥5.0,晴,17,12,5,0.0,86,29
2026-05-21 07:59:26,2026-05-21,2,乒乓球厅-9号,19:30-20:30,0,1,可预约,￥5.0,晴,17,12,5,0.0,86,29
2026-05-21 08:00:45,2026-05-21,2,乒乓球厅-9号,19:30-20:30,0,1,可预约,￥5.0,晴,17,12,5,0.0,86,29
2026-05-21 08:02:30,2026-05-21,2,乒乓球厅-9号,19:30-20:30,0,1,可预约,￥5.0,多云,17,12,5,0.0,87,29
2026-05-21 08:05:36,2026-05-21,2,乒乓球厅-9号,19:30-20:30,0,1,可预约,￥5.0,多云,17,12,5,0.0,86,29
2026-05-21 08:08:31,2026-05-21,2,乒乓球厅-9号,19:30-20:30,0,1,可预约,￥5.0,多云,17,12,5,0.0,86,29
2026-05-21 08:11:30,2026-05-21,2,乒乓球厅-9号,19:30-20:30,0,1,可预约,￥5.0,多云,17,12,5,0.0,86,29
2026-05-21 08:14:31,2026-05-21,2,乒乓球厅-9号,19:30-20:30,0,1,可预约,￥5.0,多云,17,12,5,0.0,86,29
2026-05-21 08:17:30,2026-05-21,2,乒乓球厅-9号,19:30-20:30,0,1,可预约,￥5.0,多云,17,12,5,0.0,86,29
2026-05-21 08:20:35,2026-05-21,2,乒乓球厅-9号,19:30-20:30,0,1,可预约,￥5.0,多云,17,14,4,0.0,85,29
2026-05-21 08:25:32,2026-05-21,2,乒乓球厅-9号,19:30-20:30,0,1,可预约,￥5.0,多云,17,14,4,0.0,85,28
2026-05-21 08:30:42,2026-05-21,2,乒乓球厅-9号,19:30-20:30,0,1,可预约,￥5.0,多云,18,15,4,0.0,84,28
2026-05-21 08:35:31,2026-05-21,2,乒乓球厅-9号,19:30-20:30,0,1,可预约,￥5.0,多云,18,15,4,0.0,84,28
2026-05-21 08:40:38,2026-05-21,2,乒乓球厅-9号,19:30-20:30,0,1,可预约,￥5.0,多云,18,15,4,0.0,82,28
2026-05-21 08:45:33,2026-05-21,2,乒乓球厅-9号,19:30-20:30,0,1,可预约,￥5.0,多云,18,15,4,0.0,82,28
2026-05-21 08:50:36,2026-05-21,2,乒乓球厅-9号,19:30-20:30,0,1,可预约,￥5.0,多云,18,15,4,0.0,82,28
2026-05-21 08:55:34,2026-05-21,2,乒乓球厅-9号,19:30-20:30,0,1,可预约,￥5.0,多云,18,15,4,0.0,84,28
2026-05-21 09:00:51,2026-05-21,2,乒乓球厅-9号,19:30-20:30,0,1,可预约,￥5.0,多云,18,15,4,0.0,84,28
2026-05-21 09:01:59,2026-05-21,2,乒乓球厅-9号,19:30-20:30,0,1,可预约,￥5.0,多云,18,15,4,0.0,83,28
2026-05-21 09:05:33,2026-05-21,2,乒乓球厅-9号,19:30-20:30,0,1,可预约,￥5.0,多云,18,15,4,0.0,83,28
2026-05-21 09:20:38,2026-05-21,2,乒乓球厅-9号,19:30-20:30,0,1,可预约,￥5.0,多云,18,16,3,0.0,81,28
2026-05-21 09:30:46,2026-05-21,2,乒乓球厅-9号,19:30-20:30,0,1,可预约,￥5.0,多云,18,16,3,0.0,81,32
2026-05-21 09:40:36,2026-05-21,2,乒乓球厅-9号,19:30-20:30,0,1,可预约,￥5.0,多云,19,17,3,0.0,79,32
2026-05-21 09:50:42,2026-05-21,2,乒乓球厅-9号,19:30-20:30,0,1,可预约,￥5.0,多云,19,17,4,0.0,81,32
2026-05-21 10:00:46,2026-05-21,2,乒乓球厅-9号,19:30-20:30,0,1,可预约,￥5.0,多云,19,17,4,0.0,79,32
2026-05-21 10:10:40,2026-05-21,2,乒乓球厅-9号,19:30-20:30,0,1,可预约,￥5.0,多云,19,17,4,0.0,79,32
2026-05-21 10:20:38,2026-05-21,2,乒乓球厅-9号,19:30-20:30,0,1,可预约,￥5.0,多云,19,17,4,0.0,79,32
2026-05-21 10:30:41,2026-05-21,2,乒乓球厅-9号,19:30-20:30,0,1,可预约,￥5.0,多云,19,18,3,0.0,78,31
2026-05-21 11:00:44,2026-05-21,2,乒乓球厅-9号,19:30-20:30,0,1,可预约,￥5.0,多云,21,17,5,0.0,74,31
2026-05-21 11:30:38,2026-05-21,2,乒乓球厅-9号,19:30-20:30,0,1,可预约,￥5.0,多云,21,19,3,0.0,72,33
2026-05-21 12:00:46,2026-05-21,2,乒乓球厅-9号,19:30-20:30,0,1,可预约,￥5.0,多云,22,19,4,0.0,70,33
2026-05-21 12:30:42,2026-05-21,2,乒乓球厅-9号,19:30-20:30,0,1,可预约,￥5.0,多云,22,21,3,0.0,68,35
2026-05-21 13:00:43,2026-05-21,2,乒乓球厅-9号,19:30-20:30,0,1,可预约,￥5.0,多云,24,22,4,0.0,66,35
2026-05-21 13:30:43,2026-05-21,2,乒乓球厅-9号,19:30-20:30,0,1,可预约,￥5.0,多云,24,22,4,0.0,66,36
2026-05-21 14:00:48,2026-05-21,2,乒乓球厅-9号,19:30-20:30,0,1,可预约,￥5.0,多云,25,23,4,0.0,66,36
2026-05-21 14:30:45,2026-05-21,2,乒乓球厅-9号,19:30-20:30,0,1,可预约,￥5.0,晴,25,25,3,0.0,65,39
2026-05-21 15:00:45,2026-05-21,2,乒乓球厅-9号,19:30-20:30,0,1,可预约,￥5.0,晴,25,22,4,0.0,56,39
2026-05-21 15:30:43,2026-05-21,2,乒乓球厅-9号,19:30-20:30,0,1,可预约,￥5.0,晴,25,23,4,0.0,57,40
2026-05-21 16:00:51,2026-05-21,2,乒乓球厅-9号,19:30-20:30,0,1,可预约,￥5.0,晴,25,23,4,0.0,57,40
2026-05-21 16:30:48,2026-05-21,2,乒乓球厅-9号,19:30-20:30,0,1,可预约,￥5.0,晴,25,24,3,0.0,60,39
2026-05-21 17:00:49,2026-05-21,2,乒乓球厅-9号,19:30-20:30,0,1,可预约,￥5.0,晴,25,24,4,0.0,61,39
2026-05-21 17:30:47,2026-05-21,2,乒乓球厅-9号,19:30-20:30,0,1,可预约,￥5.0,多云,24,23,3,0.0,64,39
2026-05-21 18:00:50,2026-05-21,2,乒乓球厅-9号,19:30-20:30,0,1,可预约,￥5.0,多云,24,23,3,0.0,68,39
2026-05-21 18:30:50,2026-05-21,2,乒乓球厅-9号,19:30-20:30,0,1,可预约,￥5.0,阴,24,25,2,0.0,68,40
2026-05-21 19:00:50,2026-05-21,2,乒乓球厅-9号,19:30-20:30,0,1,可预约,￥5.0,阴,23,23,3,0.0,76,40
2026-05-21 19:30:46,2026-05-21,2,乒乓球厅-9号,19:30-20:30,0,1,可预约,￥5.0,阴,23,24,2,0.0,77,39
2026-05-21 20:00:49,2026-05-21,2,乒乓球厅-9号,19:30-20:30,0,1,可预约,￥5.0,雾,22,23,2,0.0,89,39
2026-05-21 20:30:44,2026-05-21,2,乒乓球厅-9号,19:30-20:30,0,1,不开放/已过期,,雾,22,24,2,0.0,93,43
2026-05-21 21:00:56,2026-05-21,2,乒乓球厅-9号,19:30-20:30,0,1,不开放/已过期,,雾,20,21,2,0.0,98,43
2026-05-21 21:30:46,2026-05-21,2,乒乓球厅-9号,19:30-20:30,0,1,不开放/已过期,,雾,20,22,1,0.0,99,41
2026-05-21 22:01:02,2026-05-21,2,乒乓球厅-9号,19:30-20:30,0,1,不开放/已过期,,雾,19,20,2,0.0,93,41
2026-05-21 22:30:47,2026-05-21,2,乒乓球厅-9号,19:30-20:30,0,1,不开放/已过期,,雾,19,19,3,0.0,88,46
2026-05-21 23:00:56,2026-05-21,2,乒乓球厅-9号,19:30-20:30,0,1,不开放/已过期,,多云,18,17,3,0.0,85,46
2026-05-21 23:30:55,2026-05-21,2,乒乓球厅-9号,19:30-20:30,0,1,不开放/已过期,,多云,18,17,3,0.0,85,48
2026-05-21 00:30:49,2026-05-21,2,乒乓球厅-9号,20:30-21:30,0,1,可预约,￥5.0,多云,15,13,3,0.0,100,26
2026-05-21 01:00:55,2026-05-21,2,乒乓球厅-9号,20:30-21:30,0,1,可预约,￥5.0,多云,15,12,4,0.0,100,26
2026-05-21 01:30:47,2026-05-21,2,乒乓球厅-9号,20:30-21:30,0,1,可预约,￥5.0,多云,15,13,4,0.0,100,28
2026-05-21 02:00:53,2026-05-21,2,乒乓球厅-9号,20:30-21:30,0,1,可预约,￥5.0,多云,15,12,4,0.0,100,28
2026-05-21 02:30:49,2026-05-21,2,乒乓球厅-9号,20:30-21:30,0,1,可预约,￥5.0,多云,15,14,3,0.0,100,29
2026-05-21 03:00:55,2026-05-21,2,乒乓球厅-9号,20:30-21:30,0,1,可预约,￥5.0,多云,15,12,4,0.0,100,29
2026-05-21 03:30:49,2026-05-21,2,乒乓球厅-9号,20:30-21:30,0,1,可预约,￥5.0,多云,15,14,3,0.0,100,30
2026-05-21 04:30:45,2026-05-21,2,乒乓球厅-9号,20:30-21:30,0,1,可预约,￥5.0,多云,15,12,4,0.0,100,29
2026-05-21 05:00:52,2026-05-21,2,乒乓球厅-9号,20:30-21:30,0,1,可预约,￥5.0,多云,15,12,4,0.0,100,29
2026-05-21 05:30:49,2026-05-21,2,乒乓球厅-9号,20:30-21:30,0,1,可预约,￥5.0,多云,15,13,3,0.0,100,28
2026-05-21 06:00:50,2026-05-21,2,乒乓球厅-9号,20:30-21:30,0,1,可预约,￥5.0,多云,15,13,4,0.0,99,28
2026-05-21 06:30:38,2026-05-21,2,乒乓球厅-9号,20:30-21:30,0,1,可预约,￥5.0,多云,15,13,3,0.0,97,28
2026-05-21 07:00:43,2026-05-21,2,乒乓球厅-9号,20:30-21:30,0,1,可预约,￥5.0,晴,15,11,5,0.0,93,28
2026-05-21 07:30:39,2026-05-21,2,乒乓球厅-9号,20:30-21:30,0,1,可预约,￥5.0,晴,17,13,4,0.0,89,29
2026-05-21 07:50:40,2026-05-21,2,乒乓球厅-9号,20:30-21:30,0,1,可预约,￥5.0,晴,17,13,4,0.0,88,29
2026-05-21 07:53:31,2026-05-21,2,乒乓球厅-9号,20:30-21:30,0,1,可预约,￥5.0,晴,17,12,5,0.0,86,29
2026-05-21 07:56:31,2026-05-21,2,乒乓球厅-9号,20:30-21:30,0,1,可预约,￥5.0,晴,17,12,5,0.0,86,29
2026-05-21 07:59:26,2026-05-21,2,乒乓球厅-9号,20:30-21:30,0,1,可预约,￥5.0,晴,17,12,5,0.0,86,29
2026-05-21 08:00:45,2026-05-21,2,乒乓球厅-9号,20:30-21:30,0,1,可预约,￥5.0,晴,17,12,5,0.0,86,29
2026-05-21 08:02:30,2026-05-21,2,乒乓球厅-9号,20:30-21:30,0,1,可预约,￥5.0,多云,17,12,5,0.0,87,29
2026-05-21 08:05:36,2026-05-21,2,乒乓球厅-9号,20:30-21:30,0,1,可预约,￥5.0,多云,17,12,5,0.0,86,29
2026-05-21 08:08:31,2026-05-21,2,乒乓球厅-9号,20:30-21:30,0,1,可预约,￥5.0,多云,17,12,5,0.0,86,29
2026-05-21 08:11:30,2026-05-21,2,乒乓球厅-9号,20:30-21:30,0,1,可预约,￥5.0,多云,17,12,5,0.0,86,29
2026-05-21 08:14:31,2026-05-21,2,乒乓球厅-9号,20:30-21:30,0,1,可预约,￥5.0,多云,17,12,5,0.0,86,29
2026-05-21 08:17:30,2026-05-21,2,乒乓球厅-9号,20:30-21:30,0,1,可预约,￥5.0,多云,17,12,5,0.0,86,29
2026-05-21 08:20:35,2026-05-21,2,乒乓球厅-9号,20:30-21:30,0,1,可预约,￥5.0,多云,17,14,4,0.0,85,29
2026-05-21 08:25:32,2026-05-21,2,乒乓球厅-9号,20:30-21:30,0,1,可预约,￥5.0,多云,17,14,4,0.0,85,28
2026-05-21 08:30:42,2026-05-21,2,乒乓球厅-9号,20:30-21:30,0,1,可预约,￥5.0,多云,18,15,4,0.0,84,28
2026-05-21 08:35:31,2026-05-21,2,乒乓球厅-9号,20:30-21:30,0,1,可预约,￥5.0,多云,18,15,4,0.0,84,28
2026-05-21 08:40:38,2026-05-21,2,乒乓球厅-9号,20:30-21:30,0,1,可预约,￥5.0,多云,18,15,4,0.0,82,28
2026-05-21 08:45:33,2026-05-21,2,乒乓球厅-9号,20:30-21:30,0,1,可预约,￥5.0,多云,18,15,4,0.0,82,28
2026-05-21 08:50:36,2026-05-21,2,乒乓球厅-9号,20:30-21:30,0,1,可预约,￥5.0,多云,18,15,4,0.0,82,28
2026-05-21 08:55:34,2026-05-21,2,乒乓球厅-9号,20:30-21:30,0,1,可预约,￥5.0,多云,18,15,4,0.0,84,28
2026-05-21 09:00:51,2026-05-21,2,乒乓球厅-9号,20:30-21:30,0,1,可预约,￥5.0,多云,18,15,4,0.0,84,28
2026-05-21 09:01:59,2026-05-21,2,乒乓球厅-9号,20:30-21:30,0,1,可预约,￥5.0,多云,18,15,4,0.0,83,28
2026-05-21 09:05:33,2026-05-21,2,乒乓球厅-9号,20:30-21:30,0,1,可预约,￥5.0,多云,18,15,4,0.0,83,28
2026-05-21 09:20:38,2026-05-21,2,乒乓球厅-9号,20:30-21:30,0,1,可预约,￥5.0,多云,18,16,3,0.0,81,28
2026-05-21 09:30:46,2026-05-21,2,乒乓球厅-9号,20:30-21:30,0,1,可预约,￥5.0,多云,18,16,3,0.0,81,32
2026-05-21 09:40:36,2026-05-21,2,乒乓球厅-9号,20:30-21:30,0,1,可预约,￥5.0,多云,19,17,3,0.0,79,32
2026-05-21 09:50:42,2026-05-21,2,乒乓球厅-9号,20:30-21:30,0,1,可预约,￥5.0,多云,19,17,4,0.0,81,32
2026-05-21 10:00:46,2026-05-21,2,乒乓球厅-9号,20:30-21:30,0,1,可预约,￥5.0,多云,19,17,4,0.0,79,32
2026-05-21 10:10:40,2026-05-21,2,乒乓球厅-9号,20:30-21:30,0,1,可预约,￥5.0,多云,19,17,4,0.0,79,32
2026-05-21 10:20:38,2026-05-21,2,乒乓球厅-9号,20:30-21:30,0,1,可预约,￥5.0,多云,19,17,4,0.0,79,32
2026-05-21 10:30:41,2026-05-21,2,乒乓球厅-9号,20:30-21:30,0,1,可预约,￥5.0,多云,19,18,3,0.0,78,31
2026-05-21 11:00:44,2026-05-21,2,乒乓球厅-9号,20:30-21:30,0,1,可预约,￥5.0,多云,21,17,5,0.0,74,31
2026-05-21 11:30:38,2026-05-21,2,乒乓球厅-9号,20:30-21:30,0,1,可预约,￥5.0,多云,21,19,3,0.0,72,33
2026-05-21 12:00:46,2026-05-21,2,乒乓球厅-9号,20:30-21:30,0,1,可预约,￥5.0,多云,22,19,4,0.0,70,33
2026-05-21 12:30:42,2026-05-21,2,乒乓球厅-9号,20:30-21:30,0,1,可预约,￥5.0,多云,22,21,3,0.0,68,35
2026-05-21 13:00:43,2026-05-21,2,乒乓球厅-9号,20:30-21:30,0,1,可预约,￥5.0,多云,24,22,4,0.0,66,35
2026-05-21 13:30:43,2026-05-21,2,乒乓球厅-9号,20:30-21:30,0,1,可预约,￥5.0,多云,24,22,4,0.0,66,36
2026-05-21 14:00:48,2026-05-21,2,乒乓球厅-9号,20:30-21:30,0,1,可预约,￥5.0,多云,25,23,4,0.0,66,36
2026-05-21 14:30:45,2026-05-21,2,乒乓球厅-9号,20:30-21:30,0,1,可预约,￥5.0,晴,25,25,3,0.0,65,39
2026-05-21 15:00:45,2026-05-21,2,乒乓球厅-9号,20:30-21:30,0,1,可预约,￥5.0,晴,25,22,4,0.0,56,39
2026-05-21 15:30:43,2026-05-21,2,乒乓球厅-9号,20:30-21:30,0,1,可预约,￥5.0,晴,25,23,4,0.0,57,40
2026-05-21 16:00:51,2026-05-21,2,乒乓球厅-9号,20:30-21:30,0,1,可预约,￥5.0,晴,25,23,4,0.0,57,40
2026-05-21 16:30:48,2026-05-21,2,乒乓球厅-9号,20:30-21:30,0,1,可预约,￥5.0,晴,25,24,3,0.0,60,39
2026-05-21 17:00:49,2026-05-21,2,乒乓球厅-9号,20:30-21:30,0,1,可预约,￥5.0,晴,25,24,4,0.0,61,39
2026-05-21 17:30:47,2026-05-21,2,乒乓球厅-9号,20:30-21:30,0,1,可预约,￥5.0,多云,24,23,3,0.0,64,39
2026-05-21 18:00:50,2026-05-21,2,乒乓球厅-9号,20:30-21:30,0,1,可预约,￥5.0,多云,24,23,3,0.0,68,39
2026-05-21 18:30:50,2026-05-21,2,乒乓球厅-9号,20:30-21:30,0,1,可预约,￥5.0,阴,24,25,2,0.0,68,40
2026-05-21 19:00:50,2026-05-21,2,乒乓球厅-9号,20:30-21:30,0,1,可预约,￥5.0,阴,23,23,3,0.0,76,40
2026-05-21 19:30:46,2026-05-21,2,乒乓球厅-9号,20:30-21:30,0,1,可预约,￥5.0,阴,23,24,2,0.0,77,39
2026-05-21 20:00:49,2026-05-21,2,乒乓球厅-9号,20:30-21:30,0,1,可预约,￥5.0,雾,22,23,2,0.0,89,39
2026-05-21 20:30:44,2026-05-21,2,乒乓球厅-9号,20:30-21:30,0,1,可预约,￥5.0,雾,22,24,2,0.0,93,43
2026-05-21 21:00:56,2026-05-21,2,乒乓球厅-9号,20:30-21:30,0,1,可预约,￥5.0,雾,20,21,2,0.0,98,43
2026-05-21 21:30:46,2026-05-21,2,乒乓球厅-9号,20:30-21:30,0,1,不开放/已过期,,雾,20,22,1,0.0,99,41
2026-05-21 22:01:02,2026-05-21,2,乒乓球厅-9号,20:30-21:30,0,1,不开放/已过期,,雾,19,20,2,0.0,93,41
2026-05-21 22:30:47,2026-05-21,2,乒乓球厅-9号,20:30-21:30,0,1,不开放/已过期,,雾,19,19,3,0.0,88,46
2026-05-21 23:00:56,2026-05-21,2,乒乓球厅-9号,20:30-21:30,0,1,不开放/已过期,,多云,18,17,3,0.0,85,46
2026-05-21 23:30:55,2026-05-21,2,乒乓球厅-9号,20:30-21:30,0,1,不开放/已过期,,多云,18,17,3,0.0,85,48
2026-05-21 00:30:49,2026-05-21,3,篮球场-1号北半场,09:00-10:00,0,1,可预约,￥75.0,多云,15,13,3,0.0,100,26
2026-05-21 01:00:55,2026-05-21,3,篮球场-1号北半场,09:00-10:00,0,1,可预约,￥75.0,多云,15,12,4,0.0,100,26
2026-05-21 01:30:47,2026-05-21,3,篮球场-1号北半场,09:00-10:00,0,1,可预约,￥75.0,多云,15,13,4,0.0,100,28
2026-05-21 02:00:53,2026-05-21,3,篮球场-1号北半场,09:00-10:00,0,1,可预约,￥75.0,多云,15,12,4,0.0,100,28
2026-05-21 02:30:49,2026-05-21,3,篮球场-1号北半场,09:00-10:00,0,1,可预约,￥75.0,多云,15,14,3,0.0,100,29
2026-05-21 03:00:55,2026-05-21,3,篮球场-1号北半场,09:00-10:00,0,1,可预约,￥75.0,多云,15,12,4,0.0,100,29
2026-05-21 03:30:49,2026-05-21,3,篮球场-1号北半场,09:00-10:00,0,1,可预约,￥75.0,多云,15,14,3,0.0,100,30
2026-05-21 04:30:45,2026-05-21,3,篮球场-1号北半场,09:00-10:00,0,1,可预约,￥75.0,多云,15,12,4,0.0,100,29
2026-05-21 05:00:52,2026-05-21,3,篮球场-1号北半场,09:00-10:00,0,1,可预约,￥75.0,多云,15,12,4,0.0,100,29
2026-05-21 05:30:49,2026-05-21,3,篮球场-1号北半场,09:00-10:00,0,1,可预约,￥75.0,多云,15,13,3,0.0,100,28
2026-05-21 06:00:50,2026-05-21,3,篮球场-1号北半场,09:00-10:00,0,1,可预约,￥75.0,多云,15,13,4,0.0,99,28
2026-05-21 06:30:38,2026-05-21,3,篮球场-1号北半场,09:00-10:00,0,1,可预约,￥75.0,多云,15,13,3,0.0,97,28
2026-05-21 07:00:43,2026-05-21,3,篮球场-1号北半场,09:00-10:00,0,1,可预约,￥75.0,晴,15,11,5,0.0,93,28
2026-05-21 07:30:39,2026-05-21,3,篮球场-1号北半场,09:00-10:00,0,1,可预约,￥75.0,晴,17,13,4,0.0,89,29
2026-05-21 07:50:40,2026-05-21,3,篮球场-1号北半场,09:00-10:00,0,1,可预约,￥75.0,晴,17,13,4,0.0,88,29
2026-05-21 07:53:31,2026-05-21,3,篮球场-1号北半场,09:00-10:00,0,1,可预约,￥75.0,晴,17,12,5,0.0,86,29
2026-05-21 07:56:31,2026-05-21,3,篮球场-1号北半场,09:00-10:00,0,1,可预约,￥75.0,晴,17,12,5,0.0,86,29
2026-05-21 07:59:26,2026-05-21,3,篮球场-1号北半场,09:00-10:00,0,1,可预约,￥75.0,晴,17,12,5,0.0,86,29
2026-05-21 08:00:45,2026-05-21,3,篮球场-1号北半场,09:00-10:00,0,1,可预约,￥75.0,晴,17,12,5,0.0,86,29
2026-05-21 08:02:30,2026-05-21,3,篮球场-1号北半场,09:00-10:00,0,1,可预约,￥75.0,多云,17,12,5,0.0,87,29
2026-05-21 08:05:36,2026-05-21,3,篮球场-1号北半场,09:00-10:00,0,1,可预约,￥75.0,多云,17,12,5,0.0,86,29
2026-05-21 08:08:31,2026-05-21,3,篮球场-1号北半场,09:00-10:00,0,1,可预约,￥75.0,多云,17,12,5,0.0,86,29
2026-05-21 08:11:30,2026-05-21,3,篮球场-1号北半场,09:00-10:00,0,1,可预约,￥75.0,多云,17,12,5,0.0,86,29
2026-05-21 08:14:31,2026-05-21,3,篮球场-1号北半场,09:00-10:00,0,1,可预约,￥75.0,多云,17,12,5,0.0,86,29
2026-05-21 08:17:30,2026-05-21,3,篮球场-1号北半场,09:00-10:00,0,1,可预约,￥75.0,多云,17,12,5,0.0,86,29
2026-05-21 08:20:35,2026-05-21,3,篮球场-1号北半场,09:00-10:00,0,1,可预约,￥75.0,多云,17,14,4,0.0,85,29
2026-05-21 08:25:32,2026-05-21,3,篮球场-1号北半场,09:00-10:00,0,1,可预约,￥75.0,多云,17,14,4,0.0,85,28
2026-05-21 08:30:42,2026-05-21,3,篮球场-1号北半场,09:00-10:00,0,1,可预约,￥75.0,多云,18,15,4,0.0,84,28
2026-05-21 08:35:31,2026-05-21,3,篮球场-1号北半场,09:00-10:00,0,1,可预约,￥75.0,多云,18,15,4,0.0,84,28
2026-05-21 08:40:38,2026-05-21,3,篮球场-1号北半场,09:00-10:00,0,1,可预约,￥75.0,多云,18,15,4,0.0,82,28
2026-05-21 08:45:33,2026-05-21,3,篮球场-1号北半场,09:00-10:00,0,1,可预约,￥75.0,多云,18,15,4,0.0,82,28
2026-05-21 08:50:36,2026-05-21,3,篮球场-1号北半场,09:00-10:00,0,1,可预约,￥75.0,多云,18,15,4,0.0,82,28
2026-05-21 08:55:34,2026-05-21,3,篮球场-1号北半场,09:00-10:00,0,1,可预约,￥75.0,多云,18,15,4,0.0,84,28
2026-05-21 09:00:51,2026-05-21,3,篮球场-1号北半场,09:00-10:00,0,1,可预约,￥75.0,多云,18,15,4,0.0,84,28
2026-05-21 09:01:59,2026-05-21,3,篮球场-1号北半场,09:00-10:00,0,1,可预约,￥75.0,多云,18,15,4,0.0,83,28
2026-05-21 09:05:33,2026-05-21,3,篮球场-1号北半场,09:00-10:00,0,1,可预约,￥75.0,多云,18,15,4,0.0,83,28
2026-05-21 09:20:38,2026-05-21,3,篮球场-1号北半场,09:00-10:00,0,1,可预约,￥75.0,多云,18,16,3,0.0,81,28
2026-05-21 09:30:46,2026-05-21,3,篮球场-1号北半场,09:00-10:00,0,1,可预约,￥75.0,多云,18,16,3,0.0,81,32
2026-05-21 09:40:36,2026-05-21,3,篮球场-1号北半场,09:00-10:00,0,1,可预约,￥75.0,多云,19,17,3,0.0,79,32
2026-05-21 09:50:42,2026-05-21,3,篮球场-1号北半场,09:00-10:00,0,1,可预约,￥75.0,多云,19,17,4,0.0,81,32
2026-05-21 10:00:46,2026-05-21,3,篮球场-1号北半场,09:00-10:00,0,1,不开放/已过期,,多云,19,17,4,0.0,79,32
2026-05-21 10:10:40,2026-05-21,3,篮球场-1号北半场,09:00-10:00,0,1,不开放/已过期,,多云,19,17,4,0.0,79,32
2026-05-21 10:20:38,2026-05-21,3,篮球场-1号北半场,09:00-10:00,0,1,不开放/已过期,,多云,19,17,4,0.0,79,32
2026-05-21 10:30:41,2026-05-21,3,篮球场-1号北半场,09:00-10:00,0,1,不开放/已过期,,多云,19,18,3,0.0,78,31
2026-05-21 11:00:44,2026-05-21,3,篮球场-1号北半场,09:00-10:00,0,1,不开放/已过期,,多云,21,17,5,0.0,74,31
2026-05-21 11:30:38,2026-05-21,3,篮球场-1号北半场,09:00-10:00,0,1,不开放/已过期,,多云,21,19,3,0.0,72,33
2026-05-21 12:00:46,2026-05-21,3,篮球场-1号北半场,09:00-10:00,0,1,不开放/已过期,,多云,22,19,4,0.0,70,33
2026-05-21 12:30:42,2026-05-21,3,篮球场-1号北半场,09:00-10:00,0,1,不开放/已过期,,多云,22,21,3,0.0,68,35
2026-05-21 13:00:43,2026-05-21,3,篮球场-1号北半场,09:00-10:00,0,1,不开放/已过期,,多云,24,22,4,0.0,66,35
2026-05-21 13:30:43,2026-05-21,3,篮球场-1号北半场,09:00-10:00,0,1,不开放/已过期,,多云,24,22,4,0.0,66,36
2026-05-21 14:00:48,2026-05-21,3,篮球场-1号北半场,09:00-10:00,0,1,不开放/已过期,,多云,25,23,4,0.0,66,36
2026-05-21 14:30:45,2026-05-21,3,篮球场-1号北半场,09:00-10:00,0,1,不开放/已过期,,晴,25,25,3,0.0,65,39
2026-05-21 15:00:45,2026-05-21,3,篮球场-1号北半场,09:00-10:00,0,1,不开放/已过期,,晴,25,22,4,0.0,56,39
2026-05-21 15:30:43,2026-05-21,3,篮球场-1号北半场,09:00-10:00,0,1,不开放/已过期,,晴,25,23,4,0.0,57,40
2026-05-21 16:00:51,2026-05-21,3,篮球场-1号北半场,09:00-10:00,0,1,不开放/已过期,,晴,25,23,4,0.0,57,40
2026-05-21 16:30:48,2026-05-21,3,篮球场-1号北半场,09:00-10:00,0,1,不开放/已过期,,晴,25,24,3,0.0,60,39
2026-05-21 17:00:49,2026-05-21,3,篮球场-1号北半场,09:00-10:00,0,1,不开放/已过期,,晴,25,24,4,0.0,61,39
2026-05-21 17:30:47,2026-05-21,3,篮球场-1号北半场,09:00-10:00,0,1,不开放/已过期,,多云,24,23,3,0.0,64,39
2026-05-21 18:00:50,2026-05-21,3,篮球场-1号北半场,09:00-10:00,0,1,不开放/已过期,,多云,24,23,3,0.0,68,39
2026-05-21 18:30:50,2026-05-21,3,篮球场-1号北半场,09:00-10:00,0,1,不开放/已过期,,阴,24,25,2,0.0,68,40
2026-05-21 19:00:50,2026-05-21,3,篮球场-1号北半场,09:00-10:00,0,1,不开放/已过期,,阴,23,23,3,0.0,76,40
2026-05-21 19:30:46,2026-05-21,3,篮球场-1号北半场,09:00-10:00,0,1,不开放/已过期,,阴,23,24,2,0.0,77,39
2026-05-21 20:00:49,2026-05-21,3,篮球场-1号北半场,09:00-10:00,0,1,不开放/已过期,,雾,22,23,2,0.0,89,39
2026-05-21 20:30:44,2026-05-21,3,篮球场-1号北半场,09:00-10:00,0,1,不开放/已过期,,雾,22,24,2,0.0,93,43
2026-05-21 21:00:56,2026-05-21,3,篮球场-1号北半场,09:00-10:00,0,1,不开放/已过期,,雾,20,21,2,0.0,98,43
2026-05-21 21:30:46,2026-05-21,3,篮球场-1号北半场,09:00-10:00,0,1,不开放/已过期,,雾,20,22,1,0.0,99,41
2026-05-21 22:01:02,2026-05-21,3,篮球场-1号北半场,09:00-10:00,0,1,不开放/已过期,,雾,19,20,2,0.0,93,41
2026-05-21 22:30:47,2026-05-21,3,篮球场-1号北半场,09:00-10:00,0,1,不开放/已过期,,雾,19,19,3,0.0,88,46
2026-05-21 23:00:56,2026-05-21,3,篮球场-1号北半场,09:00-10:00,0,1,不开放/已过期,,多云,18,17,3,0.0,85,46
2026-05-21 23:30:55,2026-05-21,3,篮球场-1号北半场,09:00-10:00,0,1,不开放/已过期,,多云,18,17,3,0.0,85,48
2026-05-21 00:30:49,2026-05-21,3,篮球场-1号北半场,10:30-11:30,1,1,已售/已满,教学时间,多云,15,13,3,0.0,100,26
2026-05-21 01:00:55,2026-05-21,3,篮球场-1号北半场,10:30-11:30,1,1,已售/已满,教学时间,多云,15,12,4,0.0,100,26
2026-05-21 01:30:47,2026-05-21,3,篮球场-1号北半场,10:30-11:30,1,1,已售/已满,教学时间,多云,15,13,4,0.0,100,28
2026-05-21 02:00:53,2026-05-21,3,篮球场-1号北半场,10:30-11:30,1,1,已售/已满,教学时间,多云,15,12,4,0.0,100,28
2026-05-21 02:30:49,2026-05-21,3,篮球场-1号北半场,10:30-11:30,1,1,已售/已满,教学时间,多云,15,14,3,0.0,100,29
2026-05-21 03:00:55,2026-05-21,3,篮球场-1号北半场,10:30-11:30,1,1,已售/已满,教学时间,多云,15,12,4,0.0,100,29
2026-05-21 03:30:49,2026-05-21,3,篮球场-1号北半场,10:30-11:30,1,1,已售/已满,教学时间,多云,15,14,3,0.0,100,30
2026-05-21 04:30:45,2026-05-21,3,篮球场-1号北半场,10:30-11:30,1,1,已售/已满,教学时间,多云,15,12,4,0.0,100,29
2026-05-21 05:00:52,2026-05-21,3,篮球场-1号北半场,10:30-11:30,1,1,已售/已满,教学时间,多云,15,12,4,0.0,100,29
2026-05-21 05:30:49,2026-05-21,3,篮球场-1号北半场,10:30-11:30,1,1,已售/已满,教学时间,多云,15,13,3,0.0,100,28
2026-05-21 06:00:50,2026-05-21,3,篮球场-1号北半场,10:30-11:30,1,1,已售/已满,教学时间,多云,15,13,4,0.0,99,28
2026-05-21 06:30:38,2026-05-21,3,篮球场-1号北半场,10:30-11:30,1,1,已售/已满,教学时间,多云,15,13,3,0.0,97,28
2026-05-21 07:00:43,2026-05-21,3,篮球场-1号北半场,10:30-11:30,1,1,已售/已满,教学时间,晴,15,11,5,0.0,93,28
2026-05-21 07:30:39,2026-05-21,3,篮球场-1号北半场,10:30-11:30,1,1,已售/已满,教学时间,晴,17,13,4,0.0,89,29
2026-05-21 07:50:40,2026-05-21,3,篮球场-1号北半场,10:30-11:30,1,1,已售/已满,教学时间,晴,17,13,4,0.0,88,29
2026-05-21 07:53:31,2026-05-21,3,篮球场-1号北半场,10:30-11:30,1,1,已售/已满,教学时间,晴,17,12,5,0.0,86,29
2026-05-21 07:56:31,2026-05-21,3,篮球场-1号北半场,10:30-11:30,1,1,已售/已满,教学时间,晴,17,12,5,0.0,86,29
2026-05-21 07:59:26,2026-05-21,3,篮球场-1号北半场,10:30-11:30,1,1,已售/已满,教学时间,晴,17,12,5,0.0,86,29
2026-05-21 08:00:45,2026-05-21,3,篮球场-1号北半场,10:30-11:30,1,1,已售/已满,教学时间,晴,17,12,5,0.0,86,29
2026-05-21 08:02:30,2026-05-21,3,篮球场-1号北半场,10:30-11:30,1,1,已售/已满,教学时间,多云,17,12,5,0.0,87,29
2026-05-21 08:05:36,2026-05-21,3,篮球场-1号北半场,10:30-11:30,1,1,已售/已满,教学时间,多云,17,12,5,0.0,86,29
2026-05-21 08:08:31,2026-05-21,3,篮球场-1号北半场,10:30-11:30,1,1,已售/已满,教学时间,多云,17,12,5,0.0,86,29
2026-05-21 08:11:30,2026-05-21,3,篮球场-1号北半场,10:30-11:30,1,1,已售/已满,教学时间,多云,17,12,5,0.0,86,29
2026-05-21 08:14:31,2026-05-21,3,篮球场-1号北半场,10:30-11:30,1,1,已售/已满,教学时间,多云,17,12,5,0.0,86,29
2026-05-21 08:17:30,2026-05-21,3,篮球场-1号北半场,10:30-11:30,1,1,已售/已满,教学时间,多云,17,12,5,0.0,86,29
2026-05-21 08:20:35,2026-05-21,3,篮球场-1号北半场,10:30-11:30,1,1,已售/已满,教学时间,多云,17,14,4,0.0,85,29
2026-05-21 08:25:32,2026-05-21,3,篮球场-1号北半场,10:30-11:30,1,1,已售/已满,教学时间,多云,17,14,4,0.0,85,28
2026-05-21 08:30:42,2026-05-21,3,篮球场-1号北半场,10:30-11:30,1,1,已售/已满,教学时间,多云,18,15,4,0.0,84,28
2026-05-21 08:35:31,2026-05-21,3,篮球场-1号北半场,10:30-11:30,1,1,已售/已满,教学时间,多云,18,15,4,0.0,84,28
2026-05-21 08:40:38,2026-05-21,3,篮球场-1号北半场,10:30-11:30,1,1,已售/已满,教学时间,多云,18,15,4,0.0,82,28
2026-05-21 08:45:33,2026-05-21,3,篮球场-1号北半场,10:30-11:30,1,1,已售/已满,教学时间,多云,18,15,4,0.0,82,28
2026-05-21 08:50:36,2026-05-21,3,篮球场-1号北半场,10:30-11:30,1,1,已售/已满,教学时间,多云,18,15,4,0.0,82,28
2026-05-21 08:55:34,2026-05-21,3,篮球场-1号北半场,10:30-11:30,1,1,已售/已满,教学时间,多云,18,15,4,0.0,84,28
2026-05-21 09:00:51,2026-05-21,3,篮球场-1号北半场,10:30-11:30,1,1,已售/已满,教学时间,多云,18,15,4,0.0,84,28
2026-05-21 09:01:59,2026-05-21,3,篮球场-1号北半场,10:30-11:30,1,1,已售/已满,教学时间,多云,18,15,4,0.0,83,28
2026-05-21 09:05:33,2026-05-21,3,篮球场-1号北半场,10:30-11:30,1,1,已售/已满,教学时间,多云,18,15,4,0.0,83,28
2026-05-21 09:20:38,2026-05-21,3,篮球场-1号北半场,10:30-11:30,1,1,已售/已满,教学时间,多云,18,16,3,0.0,81,28
2026-05-21 09:30:46,2026-05-21,3,篮球场-1号北半场,10:30-11:30,1,1,已售/已满,教学时间,多云,18,16,3,0.0,81,32
2026-05-21 09:40:36,2026-05-21,3,篮球场-1号北半场,10:30-11:30,1,1,已售/已满,教学时间,多云,19,17,3,0.0,79,32
2026-05-21 09:50:42,2026-05-21,3,篮球场-1号北半场,10:30-11:30,1,1,已售/已满,教学时间,多云,19,17,4,0.0,81,32
2026-05-21 10:00:46,2026-05-21,3,篮球场-1号北半场,10:30-11:30,1,1,已售/已满,教学时间,多云,19,17,4,0.0,79,32
2026-05-21 10:10:40,2026-05-21,3,篮球场-1号北半场,10:30-11:30,1,1,已售/已满,教学时间,多云,19,17,4,0.0,79,32
2026-05-21 10:20:38,2026-05-21,3,篮球场-1号北半场,10:30-11:30,1,1,已售/已满,教学时间,多云,19,17,4,0.0,79,32
2026-05-21 10:30:41,2026-05-21,3,篮球场-1号北半场,10:30-11:30,1,1,已售/已满,教学时间,多云,19,18,3,0.0,78,31
2026-05-21 11:00:44,2026-05-21,3,篮球场-1号北半场,10:30-11:30,1,1,已售/已满,教学时间,多云,21,17,5,0.0,74,31
2026-05-21 11:30:38,2026-05-21,3,篮球场-1号北半场,10:30-11:30,1,1,已售/已满,教学时间,多云,21,19,3,0.0,72,33
2026-05-21 12:00:46,2026-05-21,3,篮球场-1号北半场,10:30-11:30,1,1,已售/已满,教学时间,多云,22,19,4,0.0,70,33
2026-05-21 12:30:42,2026-05-21,3,篮球场-1号北半场,10:30-11:30,1,1,已售/已满,教学时间,多云,22,21,3,0.0,68,35
2026-05-21 13:00:43,2026-05-21,3,篮球场-1号北半场,10:30-11:30,1,1,已售/已满,教学时间,多云,24,22,4,0.0,66,35
2026-05-21 13:30:43,2026-05-21,3,篮球场-1号北半场,10:30-11:30,1,1,已售/已满,教学时间,多云,24,22,4,0.0,66,36
2026-05-21 14:00:48,2026-05-21,3,篮球场-1号北半场,10:30-11:30,1,1,已售/已满,教学时间,多云,25,23,4,0.0,66,36
2026-05-21 14:30:45,2026-05-21,3,篮球场-1号北半场,10:30-11:30,1,1,已售/已满,教学时间,晴,25,25,3,0.0,65,39
2026-05-21 15:00:45,2026-05-21,3,篮球场-1号北半场,10:30-11:30,1,1,已售/已满,教学时间,晴,25,22,4,0.0,56,39
2026-05-21 15:30:43,2026-05-21,3,篮球场-1号北半场,10:30-11:30,1,1,已售/已满,教学时间,晴,25,23,4,0.0,57,40
2026-05-21 16:00:51,2026-05-21,3,篮球场-1号北半场,10:30-11:30,1,1,已售/已满,教学时间,晴,25,23,4,0.0,57,40
2026-05-21 16:30:48,2026-05-21,3,篮球场-1号北半场,10:30-11:30,1,1,已售/已满,教学时间,晴,25,24,3,0.0,60,39
2026-05-21 17:00:49,2026-05-21,3,篮球场-1号北半场,10:30-11:30,1,1,已售/已满,教学时间,晴,25,24,4,0.0,61,39
2026-05-21 17:30:47,2026-05-21,3,篮球场-1号北半场,10:30-11:30,1,1,已售/已满,教学时间,多云,24,23,3,0.0,64,39
2026-05-21 18:00:50,2026-05-21,3,篮球场-1号北半场,10:30-11:30,1,1,已售/已满,教学时间,多云,24,23,3,0.0,68,39
2026-05-21 18:30:50,2026-05-21,3,篮球场-1号北半场,10:30-11:30,1,1,已售/已满,教学时间,阴,24,25,2,0.0,68,40
2026-05-21 19:00:50,2026-05-21,3,篮球场-1号北半场,10:30-11:30,1,1,已售/已满,教学时间,阴,23,23,3,0.0,76,40
2026-05-21 19:30:46,2026-05-21,3,篮球场-1号北半场,10:30-11:30,1,1,已售/已满,教学时间,阴,23,24,2,0.0,77,39
2026-05-21 20:00:49,2026-05-21,3,篮球场-1号北半场,10:30-11:30,1,1,已售/已满,教学时间,雾,22,23,2,0.0,89,39
2026-05-21 20:30:44,2026-05-21,3,篮球场-1号北半场,10:30-11:30,1,1,已售/已满,教学时间,雾,22,24,2,0.0,93,43
2026-05-21 21:00:56,2026-05-21,3,篮球场-1号北半场,10:30-11:30,1,1,已售/已满,教学时间,雾,20,21,2,0.0,98,43
2026-05-21 21:30:46,2026-05-21,3,篮球场-1号北半场,10:30-11:30,1,1,已售/已满,教学时间,雾,20,22,1,0.0,99,41
2026-05-21 22:01:02,2026-05-21,3,篮球场-1号北半场,10:30-11:30,1,1,已售/已满,教学时间,雾,19,20,2,0.0,93,41
2026-05-21 22:30:47,2026-05-21,3,篮球场-1号北半场,10:30-11:30,1,1,已售/已满,教学时间,雾,19,19,3,0.0,88,46
2026-05-21 23:00:56,2026-05-21,3,篮球场-1号北半场,10:30-11:30,1,1,已售/已满,教学时间,多云,18,17,3,0.0,85,46
2026-05-21 23:30:55,2026-05-21,3,篮球场-1号北半场,10:30-11:30,1,1,已售/已满,教学时间,多云,18,17,3,0.0,85,48
2026-05-21 00:30:49,2026-05-21,3,篮球场-1号北半场,12:00-13:00,0,1,可预约,￥75.0,多云,15,13,3,0.0,100,26
2026-05-21 01:00:55,2026-05-21,3,篮球场-1号北半场,12:00-13:00,0,1,可预约,￥75.0,多云,15,12,4,0.0,100,26
2026-05-21 01:30:47,2026-05-21,3,篮球场-1号北半场,12:00-13:00,0,1,可预约,￥75.0,多云,15,13,4,0.0,100,28
2026-05-21 02:00:53,2026-05-21,3,篮球场-1号北半场,12:00-13:00,0,1,可预约,￥75.0,多云,15,12,4,0.0,100,28
2026-05-21 02:30:49,2026-05-21,3,篮球场-1号北半场,12:00-13:00,0,1,可预约,￥75.0,多云,15,14,3,0.0,100,29
2026-05-21 03:00:55,2026-05-21,3,篮球场-1号北半场,12:00-13:00,0,1,可预约,￥75.0,多云,15,12,4,0.0,100,29
2026-05-21 03:30:49,2026-05-21,3,篮球场-1号北半场,12:00-13:00,0,1,可预约,￥75.0,多云,15,14,3,0.0,100,30
2026-05-21 04:30:45,2026-05-21,3,篮球场-1号北半场,12:00-13:00,0,1,可预约,￥75.0,多云,15,12,4,0.0,100,29
2026-05-21 05:00:52,2026-05-21,3,篮球场-1号北半场,12:00-13:00,0,1,可预约,￥75.0,多云,15,12,4,0.0,100,29
2026-05-21 05:30:49,2026-05-21,3,篮球场-1号北半场,12:00-13:00,0,1,可预约,￥75.0,多云,15,13,3,0.0,100,28
2026-05-21 06:00:50,2026-05-21,3,篮球场-1号北半场,12:00-13:00,0,1,可预约,￥75.0,多云,15,13,4,0.0,99,28
2026-05-21 06:30:38,2026-05-21,3,篮球场-1号北半场,12:00-13:00,0,1,可预约,￥75.0,多云,15,13,3,0.0,97,28
2026-05-21 07:00:43,2026-05-21,3,篮球场-1号北半场,12:00-13:00,0,1,可预约,￥75.0,晴,15,11,5,0.0,93,28
2026-05-21 07:30:39,2026-05-21,3,篮球场-1号北半场,12:00-13:00,0,1,可预约,￥75.0,晴,17,13,4,0.0,89,29
2026-05-21 07:50:40,2026-05-21,3,篮球场-1号北半场,12:00-13:00,0,1,可预约,￥75.0,晴,17,13,4,0.0,88,29
2026-05-21 07:53:31,2026-05-21,3,篮球场-1号北半场,12:00-13:00,0,1,可预约,￥75.0,晴,17,12,5,0.0,86,29
2026-05-21 07:56:31,2026-05-21,3,篮球场-1号北半场,12:00-13:00,0,1,可预约,￥75.0,晴,17,12,5,0.0,86,29
2026-05-21 07:59:26,2026-05-21,3,篮球场-1号北半场,12:00-13:00,0,1,可预约,￥75.0,晴,17,12,5,0.0,86,29
2026-05-21 08:00:45,2026-05-21,3,篮球场-1号北半场,12:00-13:00,0,1,可预约,￥75.0,晴,17,12,5,0.0,86,29
2026-05-21 08:02:30,2026-05-21,3,篮球场-1号北半场,12:00-13:00,0,1,可预约,￥75.0,多云,17,12,5,0.0,87,29
2026-05-21 08:05:36,2026-05-21,3,篮球场-1号北半场,12:00-13:00,0,1,可预约,￥75.0,多云,17,12,5,0.0,86,29
2026-05-21 08:08:31,2026-05-21,3,篮球场-1号北半场,12:00-13:00,0,1,可预约,￥75.0,多云,17,12,5,0.0,86,29
2026-05-21 08:11:30,2026-05-21,3,篮球场-1号北半场,12:00-13:00,0,1,可预约,￥75.0,多云,17,12,5,0.0,86,29
2026-05-21 08:14:31,2026-05-21,3,篮球场-1号北半场,12:00-13:00,0,1,可预约,￥75.0,多云,17,12,5,0.0,86,29
2026-05-21 08:17:30,2026-05-21,3,篮球场-1号北半场,12:00-13:00,0,1,可预约,￥75.0,多云,17,12,5,0.0,86,29
2026-05-21 08:20:35,2026-05-21,3,篮球场-1号北半场,12:00-13:00,0,1,可预约,￥75.0,多云,17,14,4,0.0,85,29
2026-05-21 08:25:32,2026-05-21,3,篮球场-1号北半场,12:00-13:00,0,1,可预约,￥75.0,多云,17,14,4,0.0,85,28
2026-05-21 08:30:42,2026-05-21,3,篮球场-1号北半场,12:00-13:00,0,1,可预约,￥75.0,多云,18,15,4,0.0,84,28
2026-05-21 08:35:31,2026-05-21,3,篮球场-1号北半场,12:00-13:00,0,1,可预约,￥75.0,多云,18,15,4,0.0,84,28
2026-05-21 08:40:38,2026-05-21,3,篮球场-1号北半场,12:00-13:00,0,1,可预约,￥75.0,多云,18,15,4,0.0,82,28
2026-05-21 08:45:33,2026-05-21,3,篮球场-1号北半场,12:00-13:00,0,1,可预约,￥75.0,多云,18,15,4,0.0,82,28
2026-05-21 08:50:36,2026-05-21,3,篮球场-1号北半场,12:00-13:00,0,1,可预约,￥75.0,多云,18,15,4,0.0,82,28
2026-05-21 08:55:34,2026-05-21,3,篮球场-1号北半场,12:00-13:00,0,1,可预约,￥75.0,多云,18,15,4,0.0,84,28
2026-05-21 09:00:51,2026-05-21,3,篮球场-1号北半场,12:00-13:00,0,1,可预约,￥75.0,多云,18,15,4,0.0,84,28
2026-05-21 09:01:59,2026-05-21,3,篮球场-1号北半场,12:00-13:00,0,1,可预约,￥75.0,多云,18,15,4,0.0,83,28
2026-05-21 09:05:33,2026-05-21,3,篮球场-1号北半场,12:00-13:00,0,1,可预约,￥75.0,多云,18,15,4,0.0,83,28
2026-05-21 09:20:38,2026-05-21,3,篮球场-1号北半场,12:00-13:00,0,1,可预约,￥75.0,多云,18,16,3,0.0,81,28
2026-05-21 09:30:46,2026-05-21,3,篮球场-1号北半场,12:00-13:00,0,1,可预约,￥75.0,多云,18,16,3,0.0,81,32
2026-05-21 09:40:36,2026-05-21,3,篮球场-1号北半场,12:00-13:00,0,1,可预约,￥75.0,多云,19,17,3,0.0,79,32
2026-05-21 09:50:42,2026-05-21,3,篮球场-1号北半场,12:00-13:00,0,1,可预约,￥75.0,多云,19,17,4,0.0,81,32
2026-05-21 10:00:46,2026-05-21,3,篮球场-1号北半场,12:00-13:00,0,1,可预约,￥75.0,多云,19,17,4,0.0,79,32
2026-05-21 10:10:40,2026-05-21,3,篮球场-1号北半场,12:00-13:00,0,1,可预约,￥75.0,多云,19,17,4,0.0,79,32
2026-05-21 10:20:38,2026-05-21,3,篮球场-1号北半场,12:00-13:00,0,1,可预约,￥75.0,多云,19,17,4,0.0,79,32
2026-05-21 10:30:41,2026-05-21,3,篮球场-1号北半场,12:00-13:00,0,1,可预约,￥75.0,多云,19,18,3,0.0,78,31
2026-05-21 11:00:44,2026-05-21,3,篮球场-1号北半场,12:00-13:00,0,1,可预约,￥75.0,多云,21,17,5,0.0,74,31
2026-05-21 11:30:38,2026-05-21,3,篮球场-1号北半场,12:00-13:00,0,1,可预约,￥75.0,多云,21,19,3,0.0,72,33
2026-05-21 12:00:46,2026-05-21,3,篮球场-1号北半场,12:00-13:00,0,1,可预约,￥75.0,多云,22,19,4,0.0,70,33
2026-05-21 12:30:42,2026-05-21,3,篮球场-1号北半场,12:00-13:00,0,1,可预约,￥75.0,多云,22,21,3,0.0,68,35
2026-05-21 13:00:43,2026-05-21,3,篮球场-1号北半场,12:00-13:00,0,1,不开放/已过期,,多云,24,22,4,0.0,66,35
2026-05-21 13:30:43,2026-05-21,3,篮球场-1号北半场,12:00-13:00,0,1,不开放/已过期,,多云,24,22,4,0.0,66,36
2026-05-21 14:00:48,2026-05-21,3,篮球场-1号北半场,12:00-13:00,0,1,不开放/已过期,,多云,25,23,4,0.0,66,36
2026-05-21 14:30:45,2026-05-21,3,篮球场-1号北半场,12:00-13:00,0,1,不开放/已过期,,晴,25,25,3,0.0,65,39
2026-05-21 15:00:45,2026-05-21,3,篮球场-1号北半场,12:00-13:00,0,1,不开放/已过期,,晴,25,22,4,0.0,56,39
2026-05-21 15:30:43,2026-05-21,3,篮球场-1号北半场,12:00-13:00,0,1,不开放/已过期,,晴,25,23,4,0.0,57,40
2026-05-21 16:00:51,2026-05-21,3,篮球场-1号北半场,12:00-13:00,0,1,不开放/已过期,,晴,25,23,4,0.0,57,40
2026-05-21 16:30:48,2026-05-21,3,篮球场-1号北半场,12:00-13:00,0,1,不开放/已过期,,晴,25,24,3,0.0,60,39
2026-05-21 17:00:49,2026-05-21,3,篮球场-1号北半场,12:00-13:00,0,1,不开放/已过期,,晴,25,24,4,0.0,61,39
2026-05-21 17:30:47,2026-05-21,3,篮球场-1号北半场,12:00-13:00,0,1,不开放/已过期,,多云,24,23,3,0.0,64,39
2026-05-21 18:00:50,2026-05-21,3,篮球场-1号北半场,12:00-13:00,0,1,不开放/已过期,,多云,24,23,3,0.0,68,39
2026-05-21 18:30:50,2026-05-21,3,篮球场-1号北半场,12:00-13:00,0,1,不开放/已过期,,阴,24,25,2,0.0,68,40
2026-05-21 19:00:50,2026-05-21,3,篮球场-1号北半场,12:00-13:00,0,1,不开放/已过期,,阴,23,23,3,0.0,76,40
2026-05-21 19:30:46,2026-05-21,3,篮球场-1号北半场,12:00-13:00,0,1,不开放/已过期,,阴,23,24,2,0.0,77,39
2026-05-21 20:00:49,2026-05-21,3,篮球场-1号北半场,12:00-13:00,0,1,不开放/已过期,,雾,22,23,2,0.0,89,39
2026-05-21 20:30:44,2026-05-21,3,篮球场-1号北半场,12:00-13:00,0,1,不开放/已过期,,雾,22,24,2,0.0,93,43
2026-05-21 21:00:56,2026-05-21,3,篮球场-1号北半场,12:00-13:00,0,1,不开放/已过期,,雾,20,21,2,0.0,98,43
2026-05-21 21:30:46,2026-05-21,3,篮球场-1号北半场,12:00-13:00,0,1,不开放/已过期,,雾,20,22,1,0.0,99,41
2026-05-21 22:01:02,2026-05-21,3,篮球场-1号北半场,12:00-13:00,0,1,不开放/已过期,,雾,19,20,2,0.0,93,41
2026-05-21 22:30:47,2026-05-21,3,篮球场-1号北半场,12:00-13:00,0,1,不开放/已过期,,雾,19,19,3,0.0,88,46
2026-05-21 23:00:56,2026-05-21,3,篮球场-1号北半场,12:00-13:00,0,1,不开放/已过期,,多云,18,17,3,0.0,85,46
2026-05-21 23:30:55,2026-05-21,3,篮球场-1号北半场,12:00-13:00,0,1,不开放/已过期,,多云,18,17,3,0.0,85,48
2026-05-21 00:30:49,2026-05-21,3,篮球场-1号北半场,14:00-15:00,1,1,已售/已满,教学时间,多云,15,13,3,0.0,100,26
2026-05-21 01:00:55,2026-05-21,3,篮球场-1号北半场,14:00-15:00,1,1,已售/已满,教学时间,多云,15,12,4,0.0,100,26
2026-05-21 01:30:47,2026-05-21,3,篮球场-1号北半场,14:00-15:00,1,1,已售/已满,教学时间,多云,15,13,4,0.0,100,28
2026-05-21 02:00:53,2026-05-21,3,篮球场-1号北半场,14:00-15:00,1,1,已售/已满,教学时间,多云,15,12,4,0.0,100,28
2026-05-21 02:30:49,2026-05-21,3,篮球场-1号北半场,14:00-15:00,1,1,已售/已满,教学时间,多云,15,14,3,0.0,100,29
2026-05-21 03:00:55,2026-05-21,3,篮球场-1号北半场,14:00-15:00,1,1,已售/已满,教学时间,多云,15,12,4,0.0,100,29
2026-05-21 03:30:49,2026-05-21,3,篮球场-1号北半场,14:00-15:00,1,1,已售/已满,教学时间,多云,15,14,3,0.0,100,30
2026-05-21 04:30:45,2026-05-21,3,篮球场-1号北半场,14:00-15:00,1,1,已售/已满,教学时间,多云,15,12,4,0.0,100,29
2026-05-21 05:00:52,2026-05-21,3,篮球场-1号北半场,14:00-15:00,1,1,已售/已满,教学时间,多云,15,12,4,0.0,100,29
2026-05-21 05:30:49,2026-05-21,3,篮球场-1号北半场,14:00-15:00,1,1,已售/已满,教学时间,多云,15,13,3,0.0,100,28
2026-05-21 06:00:50,2026-05-21,3,篮球场-1号北半场,14:00-15:00,1,1,已售/已满,教学时间,多云,15,13,4,0.0,99,28
2026-05-21 06:30:38,2026-05-21,3,篮球场-1号北半场,14:00-15:00,1,1,已售/已满,教学时间,多云,15,13,3,0.0,97,28
2026-05-21 07:00:43,2026-05-21,3,篮球场-1号北半场,14:00-15:00,1,1,已售/已满,教学时间,晴,15,11,5,0.0,93,28
2026-05-21 07:30:39,2026-05-21,3,篮球场-1号北半场,14:00-15:00,1,1,已售/已满,教学时间,晴,17,13,4,0.0,89,29
2026-05-21 07:50:40,2026-05-21,3,篮球场-1号北半场,14:00-15:00,1,1,已售/已满,教学时间,晴,17,13,4,0.0,88,29
2026-05-21 07:53:31,2026-05-21,3,篮球场-1号北半场,14:00-15:00,1,1,已售/已满,教学时间,晴,17,12,5,0.0,86,29
2026-05-21 07:56:31,2026-05-21,3,篮球场-1号北半场,14:00-15:00,1,1,已售/已满,教学时间,晴,17,12,5,0.0,86,29
2026-05-21 07:59:26,2026-05-21,3,篮球场-1号北半场,14:00-15:00,1,1,已售/已满,教学时间,晴,17,12,5,0.0,86,29
2026-05-21 08:00:45,2026-05-21,3,篮球场-1号北半场,14:00-15:00,1,1,已售/已满,教学时间,晴,17,12,5,0.0,86,29
2026-05-21 08:02:30,2026-05-21,3,篮球场-1号北半场,14:00-15:00,1,1,已售/已满,教学时间,多云,17,12,5,0.0,87,29
2026-05-21 08:05:36,2026-05-21,3,篮球场-1号北半场,14:00-15:00,1,1,已售/已满,教学时间,多云,17,12,5,0.0,86,29
2026-05-21 08:08:31,2026-05-21,3,篮球场-1号北半场,14:00-15:00,1,1,已售/已满,教学时间,多云,17,12,5,0.0,86,29
2026-05-21 08:11:30,2026-05-21,3,篮球场-1号北半场,14:00-15:00,1,1,已售/已满,教学时间,多云,17,12,5,0.0,86,29
2026-05-21 08:14:31,2026-05-21,3,篮球场-1号北半场,14:00-15:00,1,1,已售/已满,教学时间,多云,17,12,5,0.0,86,29
2026-05-21 08:17:30,2026-05-21,3,篮球场-1号北半场,14:00-15:00,1,1,已售/已满,教学时间,多云,17,12,5,0.0,86,29
2026-05-21 08:20:35,2026-05-21,3,篮球场-1号北半场,14:00-15:00,1,1,已售/已满,教学时间,多云,17,14,4,0.0,85,29
2026-05-21 08:25:32,2026-05-21,3,篮球场-1号北半场,14:00-15:00,1,1,已售/已满,教学时间,多云,17,14,4,0.0,85,28
2026-05-21 08:30:42,2026-05-21,3,篮球场-1号北半场,14:00-15:00,1,1,已售/已满,教学时间,多云,18,15,4,0.0,84,28
2026-05-21 08:35:31,2026-05-21,3,篮球场-1号北半场,14:00-15:00,1,1,已售/已满,教学时间,多云,18,15,4,0.0,84,28
2026-05-21 08:40:38,2026-05-21,3,篮球场-1号北半场,14:00-15:00,1,1,已售/已满,教学时间,多云,18,15,4,0.0,82,28
2026-05-21 08:45:33,2026-05-21,3,篮球场-1号北半场,14:00-15:00,1,1,已售/已满,教学时间,多云,18,15,4,0.0,82,28
2026-05-21 08:50:36,2026-05-21,3,篮球场-1号北半场,14:00-15:00,1,1,已售/已满,教学时间,多云,18,15,4,0.0,82,28
2026-05-21 08:55:34,2026-05-21,3,篮球场-1号北半场,14:00-15:00,1,1,已售/已满,教学时间,多云,18,15,4,0.0,84,28
2026-05-21 09:00:51,2026-05-21,3,篮球场-1号北半场,14:00-15:00,1,1,已售/已满,教学时间,多云,18,15,4,0.0,84,28
2026-05-21 09:01:59,2026-05-21,3,篮球场-1号北半场,14:00-15:00,1,1,已售/已满,教学时间,多云,18,15,4,0.0,83,28
2026-05-21 09:05:33,2026-05-21,3,篮球场-1号北半场,14:00-15:00,1,1,已售/已满,教学时间,多云,18,15,4,0.0,83,28
2026-05-21 09:20:38,2026-05-21,3,篮球场-1号北半场,14:00-15:00,1,1,已售/已满,教学时间,多云,18,16,3,0.0,81,28
2026-05-21 09:30:46,2026-05-21,3,篮球场-1号北半场,14:00-15:00,1,1,已售/已满,教学时间,多云,18,16,3,0.0,81,32
2026-05-21 09:40:36,2026-05-21,3,篮球场-1号北半场,14:00-15:00,1,1,已售/已满,教学时间,多云,19,17,3,0.0,79,32
2026-05-21 09:50:42,2026-05-21,3,篮球场-1号北半场,14:00-15:00,1,1,已售/已满,教学时间,多云,19,17,4,0.0,81,32
2026-05-21 10:00:46,2026-05-21,3,篮球场-1号北半场,14:00-15:00,1,1,已售/已满,教学时间,多云,19,17,4,0.0,79,32
2026-05-21 10:10:40,2026-05-21,3,篮球场-1号北半场,14:00-15:00,1,1,已售/已满,教学时间,多云,19,17,4,0.0,79,32
2026-05-21 10:20:38,2026-05-21,3,篮球场-1号北半场,14:00-15:00,1,1,已售/已满,教学时间,多云,19,17,4,0.0,79,32
2026-05-21 10:30:41,2026-05-21,3,篮球场-1号北半场,14:00-15:00,1,1,已售/已满,教学时间,多云,19,18,3,0.0,78,31
2026-05-21 11:00:44,2026-05-21,3,篮球场-1号北半场,14:00-15:00,1,1,已售/已满,教学时间,多云,21,17,5,0.0,74,31
2026-05-21 11:30:38,2026-05-21,3,篮球场-1号北半场,14:00-15:00,1,1,已售/已满,教学时间,多云,21,19,3,0.0,72,33
2026-05-21 12:00:46,2026-05-21,3,篮球场-1号北半场,14:00-15:00,1,1,已售/已满,教学时间,多云,22,19,4,0.0,70,33
2026-05-21 12:30:42,2026-05-21,3,篮球场-1号北半场,14:00-15:00,1,1,已售/已满,教学时间,多云,22,21,3,0.0,68,35
2026-05-21 13:00:43,2026-05-21,3,篮球场-1号北半场,14:00-15:00,1,1,已售/已满,教学时间,多云,24,22,4,0.0,66,35
2026-05-21 13:30:43,2026-05-21,3,篮球场-1号北半场,14:00-15:00,1,1,已售/已满,教学时间,多云,24,22,4,0.0,66,36
2026-05-21 14:00:48,2026-05-21,3,篮球场-1号北半场,14:00-15:00,1,1,已售/已满,教学时间,多云,25,23,4,0.0,66,36
2026-05-21 14:30:45,2026-05-21,3,篮球场-1号北半场,14:00-15:00,1,1,已售/已满,教学时间,晴,25,25,3,0.0,65,39
2026-05-21 15:00:45,2026-05-21,3,篮球场-1号北半场,14:00-15:00,1,1,已售/已满,教学时间,晴,25,22,4,0.0,56,39
2026-05-21 15:30:43,2026-05-21,3,篮球场-1号北半场,14:00-15:00,1,1,已售/已满,教学时间,晴,25,23,4,0.0,57,40
2026-05-21 16:00:51,2026-05-21,3,篮球场-1号北半场,14:00-15:00,1,1,已售/已满,教学时间,晴,25,23,4,0.0,57,40
2026-05-21 16:30:48,2026-05-21,3,篮球场-1号北半场,14:00-15:00,1,1,已售/已满,教学时间,晴,25,24,3,0.0,60,39
2026-05-21 17:00:49,2026-05-21,3,篮球场-1号北半场,14:00-15:00,1,1,已售/已满,教学时间,晴,25,24,4,0.0,61,39
2026-05-21 17:30:47,2026-05-21,3,篮球场-1号北半场,14:00-15:00,1,1,已售/已满,教学时间,多云,24,23,3,0.0,64,39
2026-05-21 18:00:50,2026-05-21,3,篮球场-1号北半场,14:00-15:00,1,1,已售/已满,教学时间,多云,24,23,3,0.0,68,39
2026-05-21 18:30:50,2026-05-21,3,篮球场-1号北半场,14:00-15:00,1,1,已售/已满,教学时间,阴,24,25,2,0.0,68,40
2026-05-21 19:00:50,2026-05-21,3,篮球场-1号北半场,14:00-15:00,1,1,已售/已满,教学时间,阴,23,23,3,0.0,76,40
2026-05-21 19:30:46,2026-05-21,3,篮球场-1号北半场,14:00-15:00,1,1,已售/已满,教学时间,阴,23,24,2,0.0,77,39
2026-05-21 20:00:49,2026-05-21,3,篮球场-1号北半场,14:00-15:00,1,1,已售/已满,教学时间,雾,22,23,2,0.0,89,39
2026-05-21 20:30:44,2026-05-21,3,篮球场-1号北半场,14:00-15:00,1,1,已售/已满,教学时间,雾,22,24,2,0.0,93,43
2026-05-21 21:00:56,2026-05-21,3,篮球场-1号北半场,14:00-15:00,1,1,已售/已满,教学时间,雾,20,21,2,0.0,98,43
2026-05-21 21:30:46,2026-05-21,3,篮球场-1号北半场,14:00-15:00,1,1,已售/已满,教学时间,雾,20,22,1,0.0,99,41
2026-05-21 22:01:02,2026-05-21,3,篮球场-1号北半场,14:00-15:00,1,1,已售/已满,教学时间,雾,19,20,2,0.0,93,41
2026-05-21 22:30:47,2026-05-21,3,篮球场-1号北半场,14:00-15:00,1,1,已售/已满,教学时间,雾,19,19,3,0.0,88,46
2026-05-21 23:00:56,2026-05-21,3,篮球场-1号北半场,14:00-15:00,1,1,已售/已满,教学时间,多云,18,17,3,0.0,85,46
2026-05-21 23:30:55,2026-05-21,3,篮球场-1号北半场,14:00-15:00,1,1,已售/已满,教学时间,多云,18,17,3,0.0,85,48
2026-05-21 00:30:49,2026-05-21,3,篮球场-1号北半场,15:00-16:00,1,1,已售/已满,教学时间,多云,15,13,3,0.0,100,26
2026-05-21 01:00:55,2026-05-21,3,篮球场-1号北半场,15:00-16:00,1,1,已售/已满,教学时间,多云,15,12,4,0.0,100,26
2026-05-21 01:30:47,2026-05-21,3,篮球场-1号北半场,15:00-16:00,1,1,已售/已满,教学时间,多云,15,13,4,0.0,100,28
2026-05-21 02:00:53,2026-05-21,3,篮球场-1号北半场,15:00-16:00,1,1,已售/已满,教学时间,多云,15,12,4,0.0,100,28
2026-05-21 02:30:49,2026-05-21,3,篮球场-1号北半场,15:00-16:00,1,1,已售/已满,教学时间,多云,15,14,3,0.0,100,29
2026-05-21 03:00:55,2026-05-21,3,篮球场-1号北半场,15:00-16:00,1,1,已售/已满,教学时间,多云,15,12,4,0.0,100,29
2026-05-21 03:30:49,2026-05-21,3,篮球场-1号北半场,15:00-16:00,1,1,已售/已满,教学时间,多云,15,14,3,0.0,100,30
2026-05-21 04:30:45,2026-05-21,3,篮球场-1号北半场,15:00-16:00,1,1,已售/已满,教学时间,多云,15,12,4,0.0,100,29
2026-05-21 05:00:52,2026-05-21,3,篮球场-1号北半场,15:00-16:00,1,1,已售/已满,教学时间,多云,15,12,4,0.0,100,29
2026-05-21 05:30:49,2026-05-21,3,篮球场-1号北半场,15:00-16:00,1,1,已售/已满,教学时间,多云,15,13,3,0.0,100,28
2026-05-21 06:00:50,2026-05-21,3,篮球场-1号北半场,15:00-16:00,1,1,已售/已满,教学时间,多云,15,13,4,0.0,99,28
2026-05-21 06:30:38,2026-05-21,3,篮球场-1号北半场,15:00-16:00,1,1,已售/已满,教学时间,多云,15,13,3,0.0,97,28
2026-05-21 07:00:43,2026-05-21,3,篮球场-1号北半场,15:00-16:00,1,1,已售/已满,教学时间,晴,15,11,5,0.0,93,28
2026-05-21 07:30:39,2026-05-21,3,篮球场-1号北半场,15:00-16:00,1,1,已售/已满,教学时间,晴,17,13,4,0.0,89,29
2026-05-21 07:50:40,2026-05-21,3,篮球场-1号北半场,15:00-16:00,1,1,已售/已满,教学时间,晴,17,13,4,0.0,88,29
2026-05-21 07:53:31,2026-05-21,3,篮球场-1号北半场,15:00-16:00,1,1,已售/已满,教学时间,晴,17,12,5,0.0,86,29
2026-05-21 07:56:31,2026-05-21,3,篮球场-1号北半场,15:00-16:00,1,1,已售/已满,教学时间,晴,17,12,5,0.0,86,29
2026-05-21 07:59:26,2026-05-21,3,篮球场-1号北半场,15:00-16:00,1,1,已售/已满,教学时间,晴,17,12,5,0.0,86,29
2026-05-21 08:00:45,2026-05-21,3,篮球场-1号北半场,15:00-16:00,1,1,已售/已满,教学时间,晴,17,12,5,0.0,86,29
2026-05-21 08:02:30,2026-05-21,3,篮球场-1号北半场,15:00-16:00,1,1,已售/已满,教学时间,多云,17,12,5,0.0,87,29
2026-05-21 08:05:36,2026-05-21,3,篮球场-1号北半场,15:00-16:00,1,1,已售/已满,教学时间,多云,17,12,5,0.0,86,29
2026-05-21 08:08:31,2026-05-21,3,篮球场-1号北半场,15:00-16:00,1,1,已售/已满,教学时间,多云,17,12,5,0.0,86,29
2026-05-21 08:11:30,2026-05-21,3,篮球场-1号北半场,15:00-16:00,1,1,已售/已满,教学时间,多云,17,12,5,0.0,86,29
2026-05-21 08:14:31,2026-05-21,3,篮球场-1号北半场,15:00-16:00,1,1,已售/已满,教学时间,多云,17,12,5,0.0,86,29
2026-05-21 08:17:30,2026-05-21,3,篮球场-1号北半场,15:00-16:00,1,1,已售/已满,教学时间,多云,17,12,5,0.0,86,29
2026-05-21 08:20:35,2026-05-21,3,篮球场-1号北半场,15:00-16:00,1,1,已售/已满,教学时间,多云,17,14,4,0.0,85,29
2026-05-21 08:25:32,2026-05-21,3,篮球场-1号北半场,15:00-16:00,1,1,已售/已满,教学时间,多云,17,14,4,0.0,85,28
2026-05-21 08:30:42,2026-05-21,3,篮球场-1号北半场,15:00-16:00,1,1,已售/已满,教学时间,多云,18,15,4,0.0,84,28
2026-05-21 08:35:31,2026-05-21,3,篮球场-1号北半场,15:00-16:00,1,1,已售/已满,教学时间,多云,18,15,4,0.0,84,28
2026-05-21 08:40:38,2026-05-21,3,篮球场-1号北半场,15:00-16:00,1,1,已售/已满,教学时间,多云,18,15,4,0.0,82,28
2026-05-21 08:45:33,2026-05-21,3,篮球场-1号北半场,15:00-16:00,1,1,已售/已满,教学时间,多云,18,15,4,0.0,82,28
2026-05-21 08:50:36,2026-05-21,3,篮球场-1号北半场,15:00-16:00,1,1,已售/已满,教学时间,多云,18,15,4,0.0,82,28
2026-05-21 08:55:34,2026-05-21,3,篮球场-1号北半场,15:00-16:00,1,1,已售/已满,教学时间,多云,18,15,4,0.0,84,28
2026-05-21 09:00:51,2026-05-21,3,篮球场-1号北半场,15:00-16:00,1,1,已售/已满,教学时间,多云,18,15,4,0.0,84,28
2026-05-21 09:01:59,2026-05-21,3,篮球场-1号北半场,15:00-16:00,1,1,已售/已满,教学时间,多云,18,15,4,0.0,83,28
2026-05-21 09:05:33,2026-05-21,3,篮球场-1号北半场,15:00-16:00,1,1,已售/已满,教学时间,多云,18,15,4,0.0,83,28
2026-05-21 09:20:38,2026-05-21,3,篮球场-1号北半场,15:00-16:00,1,1,已售/已满,教学时间,多云,18,16,3,0.0,81,28
2026-05-21 09:30:46,2026-05-21,3,篮球场-1号北半场,15:00-16:00,1,1,已售/已满,教学时间,多云,18,16,3,0.0,81,32
2026-05-21 09:40:36,2026-05-21,3,篮球场-1号北半场,15:00-16:00,1,1,已售/已满,教学时间,多云,19,17,3,0.0,79,32
2026-05-21 09:50:42,2026-05-21,3,篮球场-1号北半场,15:00-16:00,1,1,已售/已满,教学时间,多云,19,17,4,0.0,81,32
2026-05-21 10:00:46,2026-05-21,3,篮球场-1号北半场,15:00-16:00,1,1,已售/已满,教学时间,多云,19,17,4,0.0,79,32
2026-05-21 10:10:40,2026-05-21,3,篮球场-1号北半场,15:00-16:00,1,1,已售/已满,教学时间,多云,19,17,4,0.0,79,32
2026-05-21 10:20:38,2026-05-21,3,篮球场-1号北半场,15:00-16:00,1,1,已售/已满,教学时间,多云,19,17,4,0.0,79,32
2026-05-21 10:30:41,2026-05-21,3,篮球场-1号北半场,15:00-16:00,1,1,已售/已满,教学时间,多云,19,18,3,0.0,78,31
2026-05-21 11:00:44,2026-05-21,3,篮球场-1号北半场,15:00-16:00,1,1,已售/已满,教学时间,多云,21,17,5,0.0,74,31
2026-05-21 11:30:38,2026-05-21,3,篮球场-1号北半场,15:00-16:00,1,1,已售/已满,教学时间,多云,21,19,3,0.0,72,33
2026-05-21 12:00:46,2026-05-21,3,篮球场-1号北半场,15:00-16:00,1,1,已售/已满,教学时间,多云,22,19,4,0.0,70,33
2026-05-21 12:30:42,2026-05-21,3,篮球场-1号北半场,15:00-16:00,1,1,已售/已满,教学时间,多云,22,21,3,0.0,68,35
2026-05-21 13:00:43,2026-05-21,3,篮球场-1号北半场,15:00-16:00,1,1,已售/已满,教学时间,多云,24,22,4,0.0,66,35
2026-05-21 13:30:43,2026-05-21,3,篮球场-1号北半场,15:00-16:00,1,1,已售/已满,教学时间,多云,24,22,4,0.0,66,36
2026-05-21 14:00:48,2026-05-21,3,篮球场-1号北半场,15:00-16:00,1,1,已售/已满,教学时间,多云,25,23,4,0.0,66,36
2026-05-21 14:30:45,2026-05-21,3,篮球场-1号北半场,15:00-16:00,1,1,已售/已满,教学时间,晴,25,25,3,0.0,65,39
2026-05-21 15:00:45,2026-05-21,3,篮球场-1号北半场,15:00-16:00,1,1,已售/已满,教学时间,晴,25,22,4,0.0,56,39
2026-05-21 15:30:43,2026-05-21,3,篮球场-1号北半场,15:00-16:00,1,1,已售/已满,教学时间,晴,25,23,4,0.0,57,40
2026-05-21 16:00:51,2026-05-21,3,篮球场-1号北半场,15:00-16:00,1,1,已售/已满,教学时间,晴,25,23,4,0.0,57,40
2026-05-21 16:30:48,2026-05-21,3,篮球场-1号北半场,15:00-16:00,1,1,已售/已满,教学时间,晴,25,24,3,0.0,60,39
2026-05-21 17:00:49,2026-05-21,3,篮球场-1号北半场,15:00-16:00,1,1,已售/已满,教学时间,晴,25,24,4,0.0,61,39
2026-05-21 17:30:47,2026-05-21,3,篮球场-1号北半场,15:00-16:00,1,1,已售/已满,教学时间,多云,24,23,3,0.0,64,39
2026-05-21 18:00:50,2026-05-21,3,篮球场-1号北半场,15:00-16:00,1,1,已售/已满,教学时间,多云,24,23,3,0.0,68,39
2026-05-21 18:30:50,2026-05-21,3,篮球场-1号北半场,15:00-16:00,1,1,已售/已满,教学时间,阴,24,25,2,0.0,68,40
2026-05-21 19:00:50,2026-05-21,3,篮球场-1号北半场,15:00-16:00,1,1,已售/已满,教学时间,阴,23,23,3,0.0,76,40
2026-05-21 19:30:46,2026-05-21,3,篮球场-1号北半场,15:00-16:00,1,1,已售/已满,教学时间,阴,23,24,2,0.0,77,39
2026-05-21 20:00:49,2026-05-21,3,篮球场-1号北半场,15:00-16:00,1,1,已售/已满,教学时间,雾,22,23,2,0.0,89,39
2026-05-21 20:30:44,2026-05-21,3,篮球场-1号北半场,15:00-16:00,1,1,已售/已满,教学时间,雾,22,24,2,0.0,93,43
2026-05-21 21:00:56,2026-05-21,3,篮球场-1号北半场,15:00-16:00,1,1,已售/已满,教学时间,雾,20,21,2,0.0,98,43
2026-05-21 21:30:46,2026-05-21,3,篮球场-1号北半场,15:00-16:00,1,1,已售/已满,教学时间,雾,20,22,1,0.0,99,41
2026-05-21 22:01:02,2026-05-21,3,篮球场-1号北半场,15:00-16:00,1,1,已售/已满,教学时间,雾,19,20,2,0.0,93,41
2026-05-21 22:30:47,2026-05-21,3,篮球场-1号北半场,15:00-16:00,1,1,已售/已满,教学时间,雾,19,19,3,0.0,88,46
2026-05-21 23:00:56,2026-05-21,3,篮球场-1号北半场,15:00-16:00,1,1,已售/已满,教学时间,多云,18,17,3,0.0,85,46
2026-05-21 23:30:55,2026-05-21,3,篮球场-1号北半场,15:00-16:00,1,1,已售/已满,教学时间,多云,18,17,3,0.0,85,48
2026-05-21 00:30:49,2026-05-21,3,篮球场-1号北半场,16:00-17:00,0,1,可预约,￥75.0,多云,15,13,3,0.0,100,26
2026-05-21 01:00:55,2026-05-21,3,篮球场-1号北半场,16:00-17:00,0,1,可预约,￥75.0,多云,15,12,4,0.0,100,26
2026-05-21 01:30:47,2026-05-21,3,篮球场-1号北半场,16:00-17:00,0,1,可预约,￥75.0,多云,15,13,4,0.0,100,28
2026-05-21 02:00:53,2026-05-21,3,篮球场-1号北半场,16:00-17:00,0,1,可预约,￥75.0,多云,15,12,4,0.0,100,28
2026-05-21 02:30:49,2026-05-21,3,篮球场-1号北半场,16:00-17:00,0,1,可预约,￥75.0,多云,15,14,3,0.0,100,29
2026-05-21 03:00:55,2026-05-21,3,篮球场-1号北半场,16:00-17:00,0,1,可预约,￥75.0,多云,15,12,4,0.0,100,29
2026-05-21 03:30:49,2026-05-21,3,篮球场-1号北半场,16:00-17:00,0,1,可预约,￥75.0,多云,15,14,3,0.0,100,30
2026-05-21 04:30:45,2026-05-21,3,篮球场-1号北半场,16:00-17:00,0,1,可预约,￥75.0,多云,15,12,4,0.0,100,29
2026-05-21 05:00:52,2026-05-21,3,篮球场-1号北半场,16:00-17:00,0,1,可预约,￥75.0,多云,15,12,4,0.0,100,29
2026-05-21 05:30:49,2026-05-21,3,篮球场-1号北半场,16:00-17:00,0,1,可预约,￥75.0,多云,15,13,3,0.0,100,28
2026-05-21 06:00:50,2026-05-21,3,篮球场-1号北半场,16:00-17:00,0,1,可预约,￥75.0,多云,15,13,4,0.0,99,28
2026-05-21 06:30:38,2026-05-21,3,篮球场-1号北半场,16:00-17:00,0,1,可预约,￥75.0,多云,15,13,3,0.0,97,28
2026-05-21 07:00:43,2026-05-21,3,篮球场-1号北半场,16:00-17:00,0,1,可预约,￥75.0,晴,15,11,5,0.0,93,28
2026-05-21 07:30:39,2026-05-21,3,篮球场-1号北半场,16:00-17:00,0,1,可预约,￥75.0,晴,17,13,4,0.0,89,29
2026-05-21 07:50:40,2026-05-21,3,篮球场-1号北半场,16:00-17:00,0,1,可预约,￥75.0,晴,17,13,4,0.0,88,29
2026-05-21 07:53:31,2026-05-21,3,篮球场-1号北半场,16:00-17:00,0,1,可预约,￥75.0,晴,17,12,5,0.0,86,29
2026-05-21 07:56:31,2026-05-21,3,篮球场-1号北半场,16:00-17:00,0,1,可预约,￥75.0,晴,17,12,5,0.0,86,29
2026-05-21 07:59:26,2026-05-21,3,篮球场-1号北半场,16:00-17:00,0,1,可预约,￥75.0,晴,17,12,5,0.0,86,29
2026-05-21 08:00:45,2026-05-21,3,篮球场-1号北半场,16:00-17:00,0,1,可预约,￥75.0,晴,17,12,5,0.0,86,29
2026-05-21 08:02:30,2026-05-21,3,篮球场-1号北半场,16:00-17:00,0,1,可预约,￥75.0,多云,17,12,5,0.0,87,29
2026-05-21 08:05:36,2026-05-21,3,篮球场-1号北半场,16:00-17:00,0,1,可预约,￥75.0,多云,17,12,5,0.0,86,29
2026-05-21 08:08:31,2026-05-21,3,篮球场-1号北半场,16:00-17:00,0,1,可预约,￥75.0,多云,17,12,5,0.0,86,29
2026-05-21 08:11:30,2026-05-21,3,篮球场-1号北半场,16:00-17:00,0,1,可预约,￥75.0,多云,17,12,5,0.0,86,29
2026-05-21 08:14:31,2026-05-21,3,篮球场-1号北半场,16:00-17:00,0,1,可预约,￥75.0,多云,17,12,5,0.0,86,29
2026-05-21 08:17:30,2026-05-21,3,篮球场-1号北半场,16:00-17:00,0,1,可预约,￥75.0,多云,17,12,5,0.0,86,29
2026-05-21 08:20:35,2026-05-21,3,篮球场-1号北半场,16:00-17:00,0,1,可预约,￥75.0,多云,17,14,4,0.0,85,29
2026-05-21 08:25:32,2026-05-21,3,篮球场-1号北半场,16:00-17:00,0,1,可预约,￥75.0,多云,17,14,4,0.0,85,28
2026-05-21 08:30:42,2026-05-21,3,篮球场-1号北半场,16:00-17:00,0,1,可预约,￥75.0,多云,18,15,4,0.0,84,28
2026-05-21 08:35:31,2026-05-21,3,篮球场-1号北半场,16:00-17:00,0,1,可预约,￥75.0,多云,18,15,4,0.0,84,28
2026-05-21 08:40:38,2026-05-21,3,篮球场-1号北半场,16:00-17:00,0,1,可预约,￥75.0,多云,18,15,4,0.0,82,28
2026-05-21 08:45:33,2026-05-21,3,篮球场-1号北半场,16:00-17:00,0,1,可预约,￥75.0,多云,18,15,4,0.0,82,28
2026-05-21 08:50:36,2026-05-21,3,篮球场-1号北半场,16:00-17:00,0,1,可预约,￥75.0,多云,18,15,4,0.0,82,28
2026-05-21 08:55:34,2026-05-21,3,篮球场-1号北半场,16:00-17:00,0,1,可预约,￥75.0,多云,18,15,4,0.0,84,28
2026-05-21 09:00:51,2026-05-21,3,篮球场-1号北半场,16:00-17:00,0,1,可预约,￥75.0,多云,18,15,4,0.0,84,28
2026-05-21 09:01:59,2026-05-21,3,篮球场-1号北半场,16:00-17:00,0,1,可预约,￥75.0,多云,18,15,4,0.0,83,28
2026-05-21 09:05:33,2026-05-21,3,篮球场-1号北半场,16:00-17:00,0,1,可预约,￥75.0,多云,18,15,4,0.0,83,28
2026-05-21 09:20:38,2026-05-21,3,篮球场-1号北半场,16:00-17:00,0,1,可预约,￥75.0,多云,18,16,3,0.0,81,28
2026-05-21 09:30:46,2026-05-21,3,篮球场-1号北半场,16:00-17:00,0,1,可预约,￥75.0,多云,18,16,3,0.0,81,32
2026-05-21 09:40:36,2026-05-21,3,篮球场-1号北半场,16:00-17:00,0,1,可预约,￥75.0,多云,19,17,3,0.0,79,32
2026-05-21 09:50:42,2026-05-21,3,篮球场-1号北半场,16:00-17:00,0,1,可预约,￥75.0,多云,19,17,4,0.0,81,32
2026-05-21 10:00:46,2026-05-21,3,篮球场-1号北半场,16:00-17:00,0,1,可预约,￥75.0,多云,19,17,4,0.0,79,32
2026-05-21 10:10:40,2026-05-21,3,篮球场-1号北半场,16:00-17:00,0,1,可预约,￥75.0,多云,19,17,4,0.0,79,32
2026-05-21 10:20:38,2026-05-21,3,篮球场-1号北半场,16:00-17:00,0,1,可预约,￥75.0,多云,19,17,4,0.0,79,32
2026-05-21 10:30:41,2026-05-21,3,篮球场-1号北半场,16:00-17:00,0,1,可预约,￥75.0,多云,19,18,3,0.0,78,31
2026-05-21 11:00:44,2026-05-21,3,篮球场-1号北半场,16:00-17:00,0,1,可预约,￥75.0,多云,21,17,5,0.0,74,31
2026-05-21 11:30:38,2026-05-21,3,篮球场-1号北半场,16:00-17:00,0,1,可预约,￥75.0,多云,21,19,3,0.0,72,33
2026-05-21 12:00:46,2026-05-21,3,篮球场-1号北半场,16:00-17:00,0,1,可预约,￥75.0,多云,22,19,4,0.0,70,33
2026-05-21 12:30:42,2026-05-21,3,篮球场-1号北半场,16:00-17:00,0,1,可预约,￥75.0,多云,22,21,3,0.0,68,35
2026-05-21 13:00:43,2026-05-21,3,篮球场-1号北半场,16:00-17:00,0,1,可预约,￥75.0,多云,24,22,4,0.0,66,35
2026-05-21 13:30:43,2026-05-21,3,篮球场-1号北半场,16:00-17:00,0,1,可预约,￥75.0,多云,24,22,4,0.0,66,36
2026-05-21 14:00:48,2026-05-21,3,篮球场-1号北半场,16:00-17:00,0,1,可预约,￥75.0,多云,25,23,4,0.0,66,36
2026-05-21 14:30:45,2026-05-21,3,篮球场-1号北半场,16:00-17:00,0,1,可预约,￥75.0,晴,25,25,3,0.0,65,39
2026-05-21 15:00:45,2026-05-21,3,篮球场-1号北半场,16:00-17:00,0,1,可预约,￥75.0,晴,25,22,4,0.0,56,39
2026-05-21 15:30:43,2026-05-21,3,篮球场-1号北半场,16:00-17:00,0,1,可预约,￥75.0,晴,25,23,4,0.0,57,40
2026-05-21 16:00:51,2026-05-21,3,篮球场-1号北半场,16:00-17:00,0,1,可预约,￥75.0,晴,25,23,4,0.0,57,40
2026-05-21 16:30:48,2026-05-21,3,篮球场-1号北半场,16:00-17:00,0,1,可预约,￥75.0,晴,25,24,3,0.0,60,39
2026-05-21 17:00:49,2026-05-21,3,篮球场-1号北半场,16:00-17:00,0,1,不开放/已过期,,晴,25,24,4,0.0,61,39
2026-05-21 17:30:47,2026-05-21,3,篮球场-1号北半场,16:00-17:00,0,1,不开放/已过期,,多云,24,23,3,0.0,64,39
2026-05-21 18:00:50,2026-05-21,3,篮球场-1号北半场,16:00-17:00,0,1,不开放/已过期,,多云,24,23,3,0.0,68,39
2026-05-21 18:30:50,2026-05-21,3,篮球场-1号北半场,16:00-17:00,0,1,不开放/已过期,,阴,24,25,2,0.0,68,40
2026-05-21 19:00:50,2026-05-21,3,篮球场-1号北半场,16:00-17:00,0,1,不开放/已过期,,阴,23,23,3,0.0,76,40
2026-05-21 19:30:46,2026-05-21,3,篮球场-1号北半场,16:00-17:00,0,1,不开放/已过期,,阴,23,24,2,0.0,77,39
2026-05-21 20:00:49,2026-05-21,3,篮球场-1号北半场,16:00-17:00,0,1,不开放/已过期,,雾,22,23,2,0.0,89,39
2026-05-21 20:30:44,2026-05-21,3,篮球场-1号北半场,16:00-17:00,0,1,不开放/已过期,,雾,22,24,2,0.0,93,43
2026-05-21 21:00:56,2026-05-21,3,篮球场-1号北半场,16:00-17:00,0,1,不开放/已过期,,雾,20,21,2,0.0,98,43
2026-05-21 21:30:46,2026-05-21,3,篮球场-1号北半场,16:00-17:00,0,1,不开放/已过期,,雾,20,22,1,0.0,99,41
2026-05-21 22:01:02,2026-05-21,3,篮球场-1号北半场,16:00-17:00,0,1,不开放/已过期,,雾,19,20,2,0.0,93,41
2026-05-21 22:30:47,2026-05-21,3,篮球场-1号北半场,16:00-17:00,0,1,不开放/已过期,,雾,19,19,3,0.0,88,46
2026-05-21 23:00:56,2026-05-21,3,篮球场-1号北半场,16:00-17:00,0,1,不开放/已过期,,多云,18,17,3,0.0,85,46
2026-05-21 23:30:55,2026-05-21,3,篮球场-1号北半场,16:00-17:00,0,1,不开放/已过期,,多云,18,17,3,0.0,85,48
2026-05-21 00:30:49,2026-05-21,3,篮球场-1号北半场,19:00-20:00,0,1,可预约,￥75.0,多云,15,13,3,0.0,100,26
2026-05-21 01:00:55,2026-05-21,3,篮球场-1号北半场,19:00-20:00,0,1,可预约,￥75.0,多云,15,12,4,0.0,100,26
2026-05-21 01:30:47,2026-05-21,3,篮球场-1号北半场,19:00-20:00,0,1,可预约,￥75.0,多云,15,13,4,0.0,100,28
2026-05-21 02:00:53,2026-05-21,3,篮球场-1号北半场,19:00-20:00,0,1,可预约,￥75.0,多云,15,12,4,0.0,100,28
2026-05-21 02:30:49,2026-05-21,3,篮球场-1号北半场,19:00-20:00,0,1,可预约,￥75.0,多云,15,14,3,0.0,100,29
2026-05-21 03:00:55,2026-05-21,3,篮球场-1号北半场,19:00-20:00,0,1,可预约,￥75.0,多云,15,12,4,0.0,100,29
2026-05-21 03:30:49,2026-05-21,3,篮球场-1号北半场,19:00-20:00,0,1,可预约,￥75.0,多云,15,14,3,0.0,100,30
2026-05-21 04:30:45,2026-05-21,3,篮球场-1号北半场,19:00-20:00,0,1,可预约,￥75.0,多云,15,12,4,0.0,100,29
2026-05-21 05:00:52,2026-05-21,3,篮球场-1号北半场,19:00-20:00,0,1,可预约,￥75.0,多云,15,12,4,0.0,100,29
2026-05-21 05:30:49,2026-05-21,3,篮球场-1号北半场,19:00-20:00,0,1,可预约,￥75.0,多云,15,13,3,0.0,100,28
2026-05-21 06:00:50,2026-05-21,3,篮球场-1号北半场,19:00-20:00,0,1,可预约,￥75.0,多云,15,13,4,0.0,99,28
2026-05-21 06:30:38,2026-05-21,3,篮球场-1号北半场,19:00-20:00,0,1,可预约,￥75.0,多云,15,13,3,0.0,97,28
2026-05-21 07:00:43,2026-05-21,3,篮球场-1号北半场,19:00-20:00,0,1,可预约,￥75.0,晴,15,11,5,0.0,93,28
2026-05-21 07:30:39,2026-05-21,3,篮球场-1号北半场,19:00-20:00,0,1,可预约,￥75.0,晴,17,13,4,0.0,89,29
2026-05-21 07:50:40,2026-05-21,3,篮球场-1号北半场,19:00-20:00,0,1,可预约,￥75.0,晴,17,13,4,0.0,88,29
2026-05-21 07:53:31,2026-05-21,3,篮球场-1号北半场,19:00-20:00,0,1,可预约,￥75.0,晴,17,12,5,0.0,86,29
2026-05-21 07:56:31,2026-05-21,3,篮球场-1号北半场,19:00-20:00,0,1,可预约,￥75.0,晴,17,12,5,0.0,86,29
2026-05-21 07:59:26,2026-05-21,3,篮球场-1号北半场,19:00-20:00,0,1,可预约,￥75.0,晴,17,12,5,0.0,86,29
2026-05-21 08:00:45,2026-05-21,3,篮球场-1号北半场,19:00-20:00,0,1,可预约,￥75.0,晴,17,12,5,0.0,86,29
2026-05-21 08:02:30,2026-05-21,3,篮球场-1号北半场,19:00-20:00,0,1,可预约,￥75.0,多云,17,12,5,0.0,87,29
2026-05-21 08:05:36,2026-05-21,3,篮球场-1号北半场,19:00-20:00,0,1,可预约,￥75.0,多云,17,12,5,0.0,86,29
2026-05-21 08:08:31,2026-05-21,3,篮球场-1号北半场,19:00-20:00,0,1,可预约,￥75.0,多云,17,12,5,0.0,86,29
2026-05-21 08:11:30,2026-05-21,3,篮球场-1号北半场,19:00-20:00,0,1,可预约,￥75.0,多云,17,12,5,0.0,86,29
2026-05-21 08:14:31,2026-05-21,3,篮球场-1号北半场,19:00-20:00,0,1,可预约,￥75.0,多云,17,12,5,0.0,86,29
2026-05-21 08:17:30,2026-05-21,3,篮球场-1号北半场,19:00-20:00,0,1,可预约,￥75.0,多云,17,12,5,0.0,86,29
2026-05-21 08:20:35,2026-05-21,3,篮球场-1号北半场,19:00-20:00,0,1,可预约,￥75.0,多云,17,14,4,0.0,85,29
2026-05-21 08:25:32,2026-05-21,3,篮球场-1号北半场,19:00-20:00,0,1,可预约,￥75.0,多云,17,14,4,0.0,85,28
2026-05-21 08:30:42,2026-05-21,3,篮球场-1号北半场,19:00-20:00,0,1,可预约,￥75.0,多云,18,15,4,0.0,84,28
2026-05-21 08:35:31,2026-05-21,3,篮球场-1号北半场,19:00-20:00,0,1,可预约,￥75.0,多云,18,15,4,0.0,84,28
2026-05-21 08:40:38,2026-05-21,3,篮球场-1号北半场,19:00-20:00,0,1,可预约,￥75.0,多云,18,15,4,0.0,82,28
2026-05-21 08:45:33,2026-05-21,3,篮球场-1号北半场,19:00-20:00,0,1,可预约,￥75.0,多云,18,15,4,0.0,82,28
2026-05-21 08:50:36,2026-05-21,3,篮球场-1号北半场,19:00-20:00,0,1,可预约,￥75.0,多云,18,15,4,0.0,82,28
2026-05-21 08:55:34,2026-05-21,3,篮球场-1号北半场,19:00-20:00,0,1,可预约,￥75.0,多云,18,15,4,0.0,84,28
2026-05-21 09:00:51,2026-05-21,3,篮球场-1号北半场,19:00-20:00,0,1,可预约,￥75.0,多云,18,15,4,0.0,84,28
2026-05-21 09:01:59,2026-05-21,3,篮球场-1号北半场,19:00-20:00,0,1,可预约,￥75.0,多云,18,15,4,0.0,83,28
2026-05-21 09:05:33,2026-05-21,3,篮球场-1号北半场,19:00-20:00,0,1,可预约,￥75.0,多云,18,15,4,0.0,83,28
2026-05-21 09:20:38,2026-05-21,3,篮球场-1号北半场,19:00-20:00,0,1,可预约,￥75.0,多云,18,16,3,0.0,81,28
2026-05-21 09:30:46,2026-05-21,3,篮球场-1号北半场,19:00-20:00,0,1,可预约,￥75.0,多云,18,16,3,0.0,81,32
2026-05-21 09:40:36,2026-05-21,3,篮球场-1号北半场,19:00-20:00,0,1,可预约,￥75.0,多云,19,17,3,0.0,79,32
2026-05-21 09:50:42,2026-05-21,3,篮球场-1号北半场,19:00-20:00,0,1,可预约,￥75.0,多云,19,17,4,0.0,81,32
2026-05-21 10:00:46,2026-05-21,3,篮球场-1号北半场,19:00-20:00,0,1,可预约,￥75.0,多云,19,17,4,0.0,79,32
2026-05-21 10:10:40,2026-05-21,3,篮球场-1号北半场,19:00-20:00,0,1,可预约,￥75.0,多云,19,17,4,0.0,79,32
2026-05-21 10:20:38,2026-05-21,3,篮球场-1号北半场,19:00-20:00,0,1,可预约,￥75.0,多云,19,17,4,0.0,79,32
2026-05-21 10:30:41,2026-05-21,3,篮球场-1号北半场,19:00-20:00,0,1,可预约,￥75.0,多云,19,18,3,0.0,78,31
2026-05-21 11:00:44,2026-05-21,3,篮球场-1号北半场,19:00-20:00,0,1,可预约,￥75.0,多云,21,17,5,0.0,74,31
2026-05-21 11:30:38,2026-05-21,3,篮球场-1号北半场,19:00-20:00,0,1,可预约,￥75.0,多云,21,19,3,0.0,72,33
2026-05-21 12:00:46,2026-05-21,3,篮球场-1号北半场,19:00-20:00,0,1,可预约,￥75.0,多云,22,19,4,0.0,70,33
2026-05-21 12:30:42,2026-05-21,3,篮球场-1号北半场,19:00-20:00,0,1,可预约,￥75.0,多云,22,21,3,0.0,68,35
2026-05-21 13:00:43,2026-05-21,3,篮球场-1号北半场,19:00-20:00,0,1,可预约,￥75.0,多云,24,22,4,0.0,66,35
2026-05-21 13:30:43,2026-05-21,3,篮球场-1号北半场,19:00-20:00,0,1,可预约,￥75.0,多云,24,22,4,0.0,66,36
2026-05-21 14:00:48,2026-05-21,3,篮球场-1号北半场,19:00-20:00,0,1,可预约,￥75.0,多云,25,23,4,0.0,66,36
2026-05-21 14:30:45,2026-05-21,3,篮球场-1号北半场,19:00-20:00,0,1,可预约,￥75.0,晴,25,25,3,0.0,65,39
2026-05-21 15:00:45,2026-05-21,3,篮球场-1号北半场,19:00-20:00,0,1,可预约,￥75.0,晴,25,22,4,0.0,56,39
2026-05-21 15:30:43,2026-05-21,3,篮球场-1号北半场,19:00-20:00,0,1,可预约,￥75.0,晴,25,23,4,0.0,57,40
2026-05-21 16:00:51,2026-05-21,3,篮球场-1号北半场,19:00-20:00,0,1,可预约,￥75.0,晴,25,23,4,0.0,57,40
2026-05-21 16:30:48,2026-05-21,3,篮球场-1号北半场,19:00-20:00,0,1,可预约,￥75.0,晴,25,24,3,0.0,60,39
2026-05-21 17:00:49,2026-05-21,3,篮球场-1号北半场,19:00-20:00,0,1,可预约,￥75.0,晴,25,24,4,0.0,61,39
2026-05-21 17:30:47,2026-05-21,3,篮球场-1号北半场,19:00-20:00,0,1,可预约,￥75.0,多云,24,23,3,0.0,64,39
2026-05-21 18:00:50,2026-05-21,3,篮球场-1号北半场,19:00-20:00,0,1,可预约,￥75.0,多云,24,23,3,0.0,68,39
2026-05-21 18:30:50,2026-05-21,3,篮球场-1号北半场,19:00-20:00,0,1,可预约,￥75.0,阴,24,25,2,0.0,68,40
2026-05-21 19:00:50,2026-05-21,3,篮球场-1号北半场,19:00-20:00,0,1,可预约,￥75.0,阴,23,23,3,0.0,76,40
2026-05-21 19:30:46,2026-05-21,3,篮球场-1号北半场,19:00-20:00,0,1,可预约,￥75.0,阴,23,24,2,0.0,77,39
2026-05-21 20:00:49,2026-05-21,3,篮球场-1号北半场,19:00-20:00,0,1,不开放/已过期,,雾,22,23,2,0.0,89,39
2026-05-21 20:30:44,2026-05-21,3,篮球场-1号北半场,19:00-20:00,0,1,不开放/已过期,,雾,22,24,2,0.0,93,43
2026-05-21 21:00:56,2026-05-21,3,篮球场-1号北半场,19:00-20:00,0,1,不开放/已过期,,雾,20,21,2,0.0,98,43
2026-05-21 21:30:46,2026-05-21,3,篮球场-1号北半场,19:00-20:00,0,1,不开放/已过期,,雾,20,22,1,0.0,99,41
2026-05-21 22:01:02,2026-05-21,3,篮球场-1号北半场,19:00-20:00,0,1,不开放/已过期,,雾,19,20,2,0.0,93,41
2026-05-21 22:30:47,2026-05-21,3,篮球场-1号北半场,19:00-20:00,0,1,不开放/已过期,,雾,19,19,3,0.0,88,46
2026-05-21 23:00:56,2026-05-21,3,篮球场-1号北半场,19:00-20:00,0,1,不开放/已过期,,多云,18,17,3,0.0,85,46
2026-05-21 23:30:55,2026-05-21,3,篮球场-1号北半场,19:00-20:00,0,1,不开放/已过期,,多云,18,17,3,0.0,85,48
2026-05-21 00:30:49,2026-05-21,3,篮球场-1号北半场,20:30-21:30,0,1,可预约,￥75.0,多云,15,13,3,0.0,100,26
2026-05-21 01:00:55,2026-05-21,3,篮球场-1号北半场,20:30-21:30,0,1,可预约,￥75.0,多云,15,12,4,0.0,100,26
2026-05-21 01:30:47,2026-05-21,3,篮球场-1号北半场,20:30-21:30,0,1,可预约,￥75.0,多云,15,13,4,0.0,100,28
2026-05-21 02:00:53,2026-05-21,3,篮球场-1号北半场,20:30-21:30,0,1,可预约,￥75.0,多云,15,12,4,0.0,100,28
2026-05-21 02:30:49,2026-05-21,3,篮球场-1号北半场,20:30-21:30,0,1,可预约,￥75.0,多云,15,14,3,0.0,100,29
2026-05-21 03:00:55,2026-05-21,3,篮球场-1号北半场,20:30-21:30,0,1,可预约,￥75.0,多云,15,12,4,0.0,100,29
2026-05-21 03:30:49,2026-05-21,3,篮球场-1号北半场,20:30-21:30,0,1,可预约,￥75.0,多云,15,14,3,0.0,100,30
2026-05-21 04:30:45,2026-05-21,3,篮球场-1号北半场,20:30-21:30,0,1,可预约,￥75.0,多云,15,12,4,0.0,100,29
2026-05-21 05:00:52,2026-05-21,3,篮球场-1号北半场,20:30-21:30,0,1,可预约,￥75.0,多云,15,12,4,0.0,100,29
2026-05-21 05:30:49,2026-05-21,3,篮球场-1号北半场,20:30-21:30,0,1,可预约,￥75.0,多云,15,13,3,0.0,100,28
2026-05-21 06:00:50,2026-05-21,3,篮球场-1号北半场,20:30-21:30,0,1,可预约,￥75.0,多云,15,13,4,0.0,99,28
2026-05-21 06:30:38,2026-05-21,3,篮球场-1号北半场,20:30-21:30,0,1,可预约,￥75.0,多云,15,13,3,0.0,97,28
2026-05-21 07:00:43,2026-05-21,3,篮球场-1号北半场,20:30-21:30,0,1,可预约,￥75.0,晴,15,11,5,0.0,93,28
2026-05-21 07:30:39,2026-05-21,3,篮球场-1号北半场,20:30-21:30,0,1,可预约,￥75.0,晴,17,13,4,0.0,89,29
2026-05-21 07:50:40,2026-05-21,3,篮球场-1号北半场,20:30-21:30,0,1,可预约,￥75.0,晴,17,13,4,0.0,88,29
2026-05-21 07:53:31,2026-05-21,3,篮球场-1号北半场,20:30-21:30,0,1,可预约,￥75.0,晴,17,12,5,0.0,86,29
2026-05-21 07:56:31,2026-05-21,3,篮球场-1号北半场,20:30-21:30,0,1,可预约,￥75.0,晴,17,12,5,0.0,86,29
2026-05-21 07:59:26,2026-05-21,3,篮球场-1号北半场,20:30-21:30,0,1,可预约,￥75.0,晴,17,12,5,0.0,86,29
2026-05-21 08:00:45,2026-05-21,3,篮球场-1号北半场,20:30-21:30,0,1,可预约,￥75.0,晴,17,12,5,0.0,86,29
2026-05-21 08:02:30,2026-05-21,3,篮球场-1号北半场,20:30-21:30,0,1,可预约,￥75.0,多云,17,12,5,0.0,87,29
2026-05-21 08:05:36,2026-05-21,3,篮球场-1号北半场,20:30-21:30,0,1,可预约,￥75.0,多云,17,12,5,0.0,86,29
2026-05-21 08:08:31,2026-05-21,3,篮球场-1号北半场,20:30-21:30,0,1,可预约,￥75.0,多云,17,12,5,0.0,86,29
2026-05-21 08:11:30,2026-05-21,3,篮球场-1号北半场,20:30-21:30,0,1,可预约,￥75.0,多云,17,12,5,0.0,86,29
2026-05-21 08:14:31,2026-05-21,3,篮球场-1号北半场,20:30-21:30,0,1,可预约,￥75.0,多云,17,12,5,0.0,86,29
2026-05-21 08:17:30,2026-05-21,3,篮球场-1号北半场,20:30-21:30,0,1,可预约,￥75.0,多云,17,12,5,0.0,86,29
2026-05-21 08:20:35,2026-05-21,3,篮球场-1号北半场,20:30-21:30,0,1,可预约,￥75.0,多云,17,14,4,0.0,85,29
2026-05-21 08:25:32,2026-05-21,3,篮球场-1号北半场,20:30-21:30,0,1,可预约,￥75.0,多云,17,14,4,0.0,85,28
2026-05-21 08:30:42,2026-05-21,3,篮球场-1号北半场,20:30-21:30,0,1,可预约,￥75.0,多云,18,15,4,0.0,84,28
2026-05-21 08:35:31,2026-05-21,3,篮球场-1号北半场,20:30-21:30,0,1,可预约,￥75.0,多云,18,15,4,0.0,84,28
2026-05-21 08:40:38,2026-05-21,3,篮球场-1号北半场,20:30-21:30,0,1,可预约,￥75.0,多云,18,15,4,0.0,82,28
2026-05-21 08:45:33,2026-05-21,3,篮球场-1号北半场,20:30-21:30,0,1,可预约,￥75.0,多云,18,15,4,0.0,82,28
2026-05-21 08:50:36,2026-05-21,3,篮球场-1号北半场,20:30-21:30,0,1,可预约,￥75.0,多云,18,15,4,0.0,82,28
2026-05-21 08:55:34,2026-05-21,3,篮球场-1号北半场,20:30-21:30,0,1,可预约,￥75.0,多云,18,15,4,0.0,84,28
2026-05-21 09:00:51,2026-05-21,3,篮球场-1号北半场,20:30-21:30,0,1,可预约,￥75.0,多云,18,15,4,0.0,84,28
2026-05-21 09:01:59,2026-05-21,3,篮球场-1号北半场,20:30-21:30,0,1,可预约,￥75.0,多云,18,15,4,0.0,83,28
2026-05-21 09:05:33,2026-05-21,3,篮球场-1号北半场,20:30-21:30,0,1,可预约,￥75.0,多云,18,15,4,0.0,83,28
2026-05-21 09:20:38,2026-05-21,3,篮球场-1号北半场,20:30-21:30,0,1,可预约,￥75.0,多云,18,16,3,0.0,81,28
2026-05-21 09:30:46,2026-05-21,3,篮球场-1号北半场,20:30-21:30,0,1,可预约,￥75.0,多云,18,16,3,0.0,81,32
2026-05-21 09:40:36,2026-05-21,3,篮球场-1号北半场,20:30-21:30,0,1,可预约,￥75.0,多云,19,17,3,0.0,79,32
2026-05-21 09:50:42,2026-05-21,3,篮球场-1号北半场,20:30-21:30,0,1,可预约,￥75.0,多云,19,17,4,0.0,81,32
2026-05-21 10:00:46,2026-05-21,3,篮球场-1号北半场,20:30-21:30,0,1,可预约,￥75.0,多云,19,17,4,0.0,79,32
2026-05-21 10:10:40,2026-05-21,3,篮球场-1号北半场,20:30-21:30,0,1,可预约,￥75.0,多云,19,17,4,0.0,79,32
2026-05-21 10:20:38,2026-05-21,3,篮球场-1号北半场,20:30-21:30,0,1,可预约,￥75.0,多云,19,17,4,0.0,79,32
2026-05-21 10:30:41,2026-05-21,3,篮球场-1号北半场,20:30-21:30,0,1,可预约,￥75.0,多云,19,18,3,0.0,78,31
2026-05-21 11:00:44,2026-05-21,3,篮球场-1号北半场,20:30-21:30,0,1,可预约,￥75.0,多云,21,17,5,0.0,74,31
2026-05-21 11:30:38,2026-05-21,3,篮球场-1号北半场,20:30-21:30,0,1,可预约,￥75.0,多云,21,19,3,0.0,72,33
2026-05-21 12:00:46,2026-05-21,3,篮球场-1号北半场,20:30-21:30,0,1,可预约,￥75.0,多云,22,19,4,0.0,70,33
2026-05-21 12:30:42,2026-05-21,3,篮球场-1号北半场,20:30-21:30,0,1,可预约,￥75.0,多云,22,21,3,0.0,68,35
2026-05-21 13:00:43,2026-05-21,3,篮球场-1号北半场,20:30-21:30,0,1,可预约,￥75.0,多云,24,22,4,0.0,66,35
2026-05-21 13:30:43,2026-05-21,3,篮球场-1号北半场,20:30-21:30,0,1,可预约,￥75.0,多云,24,22,4,0.0,66,36
2026-05-21 14:00:48,2026-05-21,3,篮球场-1号北半场,20:30-21:30,0,1,可预约,￥75.0,多云,25,23,4,0.0,66,36
2026-05-21 14:30:45,2026-05-21,3,篮球场-1号北半场,20:30-21:30,0,1,可预约,￥75.0,晴,25,25,3,0.0,65,39
2026-05-21 15:00:45,2026-05-21,3,篮球场-1号北半场,20:30-21:30,0,1,可预约,￥75.0,晴,25,22,4,0.0,56,39
2026-05-21 15:30:43,2026-05-21,3,篮球场-1号北半场,20:30-21:30,0,1,可预约,￥75.0,晴,25,23,4,0.0,57,40
2026-05-21 16:00:51,2026-05-21,3,篮球场-1号北半场,20:30-21:30,0,1,可预约,￥75.0,晴,25,23,4,0.0,57,40
2026-05-21 16:30:48,2026-05-21,3,篮球场-1号北半场,20:30-21:30,0,1,可预约,￥75.0,晴,25,24,3,0.0,60,39
2026-05-21 17:00:49,2026-05-21,3,篮球场-1号北半场,20:30-21:30,0,1,可预约,￥75.0,晴,25,24,4,0.0,61,39
2026-05-21 17:30:47,2026-05-21,3,篮球场-1号北半场,20:30-21:30,0,1,可预约,￥75.0,多云,24,23,3,0.0,64,39
2026-05-21 18:00:50,2026-05-21,3,篮球场-1号北半场,20:30-21:30,0,1,可预约,￥75.0,多云,24,23,3,0.0,68,39
2026-05-21 18:30:50,2026-05-21,3,篮球场-1号北半场,20:30-21:30,0,1,可预约,￥75.0,阴,24,25,2,0.0,68,40
2026-05-21 19:00:50,2026-05-21,3,篮球场-1号北半场,20:30-21:30,0,1,可预约,￥75.0,阴,23,23,3,0.0,76,40
2026-05-21 19:30:46,2026-05-21,3,篮球场-1号北半场,20:30-21:30,0,1,可预约,￥75.0,阴,23,24,2,0.0,77,39
2026-05-21 20:00:49,2026-05-21,3,篮球场-1号北半场,20:30-21:30,0,1,可预约,￥75.0,雾,22,23,2,0.0,89,39
2026-05-21 20:30:44,2026-05-21,3,篮球场-1号北半场,20:30-21:30,0,1,可预约,￥75.0,雾,22,24,2,0.0,93,43
2026-05-21 21:00:56,2026-05-21,3,篮球场-1号北半场,20:30-21:30,0,1,可预约,￥75.0,雾,20,21,2,0.0,98,43
2026-05-21 21:30:46,2026-05-21,3,篮球场-1号北半场,20:30-21:30,0,1,不开放/已过期,,雾,20,22,1,0.0,99,41
2026-05-21 22:01:02,2026-05-21,3,篮球场-1号北半场,20:30-21:30,0,1,不开放/已过期,,雾,19,20,2,0.0,93,41
2026-05-21 22:30:47,2026-05-21,3,篮球场-1号北半场,20:30-21:30,0,1,不开放/已过期,,雾,19,19,3,0.0,88,46
2026-05-21 23:00:56,2026-05-21,3,篮球场-1号北半场,20:30-21:30,0,1,不开放/已过期,,多云,18,17,3,0.0,85,46
2026-05-21 23:30:55,2026-05-21,3,篮球场-1号北半场,20:30-21:30,0,1,不开放/已过期,,多云,18,17,3,0.0,85,48
2026-05-21 00:30:49,2026-05-21,3,篮球场-1号南半场,09:00-10:00,0,1,可预约,￥75.0,多云,15,13,3,0.0,100,26
2026-05-21 01:00:55,2026-05-21,3,篮球场-1号南半场,09:00-10:00,0,1,可预约,￥75.0,多云,15,12,4,0.0,100,26
2026-05-21 01:30:47,2026-05-21,3,篮球场-1号南半场,09:00-10:00,0,1,可预约,￥75.0,多云,15,13,4,0.0,100,28
2026-05-21 02:00:53,2026-05-21,3,篮球场-1号南半场,09:00-10:00,0,1,可预约,￥75.0,多云,15,12,4,0.0,100,28
2026-05-21 02:30:49,2026-05-21,3,篮球场-1号南半场,09:00-10:00,0,1,可预约,￥75.0,多云,15,14,3,0.0,100,29
2026-05-21 03:00:55,2026-05-21,3,篮球场-1号南半场,09:00-10:00,0,1,可预约,￥75.0,多云,15,12,4,0.0,100,29
2026-05-21 03:30:49,2026-05-21,3,篮球场-1号南半场,09:00-10:00,0,1,可预约,￥75.0,多云,15,14,3,0.0,100,30
2026-05-21 04:30:45,2026-05-21,3,篮球场-1号南半场,09:00-10:00,0,1,可预约,￥75.0,多云,15,12,4,0.0,100,29
2026-05-21 05:00:52,2026-05-21,3,篮球场-1号南半场,09:00-10:00,0,1,可预约,￥75.0,多云,15,12,4,0.0,100,29
2026-05-21 05:30:49,2026-05-21,3,篮球场-1号南半场,09:00-10:00,0,1,可预约,￥75.0,多云,15,13,3,0.0,100,28
2026-05-21 06:00:50,2026-05-21,3,篮球场-1号南半场,09:00-10:00,0,1,可预约,￥75.0,多云,15,13,4,0.0,99,28
2026-05-21 06:30:38,2026-05-21,3,篮球场-1号南半场,09:00-10:00,0,1,可预约,￥75.0,多云,15,13,3,0.0,97,28
2026-05-21 07:00:43,2026-05-21,3,篮球场-1号南半场,09:00-10:00,0,1,可预约,￥75.0,晴,15,11,5,0.0,93,28
2026-05-21 07:30:39,2026-05-21,3,篮球场-1号南半场,09:00-10:00,0,1,可预约,￥75.0,晴,17,13,4,0.0,89,29
2026-05-21 07:50:40,2026-05-21,3,篮球场-1号南半场,09:00-10:00,0,1,可预约,￥75.0,晴,17,13,4,0.0,88,29
2026-05-21 07:53:31,2026-05-21,3,篮球场-1号南半场,09:00-10:00,0,1,可预约,￥75.0,晴,17,12,5,0.0,86,29
2026-05-21 07:56:31,2026-05-21,3,篮球场-1号南半场,09:00-10:00,0,1,可预约,￥75.0,晴,17,12,5,0.0,86,29
2026-05-21 07:59:26,2026-05-21,3,篮球场-1号南半场,09:00-10:00,0,1,可预约,￥75.0,晴,17,12,5,0.0,86,29
2026-05-21 08:00:45,2026-05-21,3,篮球场-1号南半场,09:00-10:00,0,1,可预约,￥75.0,晴,17,12,5,0.0,86,29
2026-05-21 08:02:30,2026-05-21,3,篮球场-1号南半场,09:00-10:00,0,1,可预约,￥75.0,多云,17,12,5,0.0,87,29
2026-05-21 08:05:36,2026-05-21,3,篮球场-1号南半场,09:00-10:00,0,1,可预约,￥75.0,多云,17,12,5,0.0,86,29
2026-05-21 08:08:31,2026-05-21,3,篮球场-1号南半场,09:00-10:00,0,1,可预约,￥75.0,多云,17,12,5,0.0,86,29
2026-05-21 08:11:30,2026-05-21,3,篮球场-1号南半场,09:00-10:00,0,1,可预约,￥75.0,多云,17,12,5,0.0,86,29
2026-05-21 08:14:31,2026-05-21,3,篮球场-1号南半场,09:00-10:00,0,1,可预约,￥75.0,多云,17,12,5,0.0,86,29
2026-05-21 08:17:30,2026-05-21,3,篮球场-1号南半场,09:00-10:00,0,1,可预约,￥75.0,多云,17,12,5,0.0,86,29
2026-05-21 08:20:35,2026-05-21,3,篮球场-1号南半场,09:00-10:00,0,1,可预约,￥75.0,多云,17,14,4,0.0,85,29
2026-05-21 08:25:32,2026-05-21,3,篮球场-1号南半场,09:00-10:00,0,1,可预约,￥75.0,多云,17,14,4,0.0,85,28
2026-05-21 08:30:42,2026-05-21,3,篮球场-1号南半场,09:00-10:00,0,1,可预约,￥75.0,多云,18,15,4,0.0,84,28
2026-05-21 08:35:31,2026-05-21,3,篮球场-1号南半场,09:00-10:00,0,1,可预约,￥75.0,多云,18,15,4,0.0,84,28
2026-05-21 08:40:38,2026-05-21,3,篮球场-1号南半场,09:00-10:00,0,1,可预约,￥75.0,多云,18,15,4,0.0,82,28
2026-05-21 08:45:33,2026-05-21,3,篮球场-1号南半场,09:00-10:00,0,1,可预约,￥75.0,多云,18,15,4,0.0,82,28
2026-05-21 08:50:36,2026-05-21,3,篮球场-1号南半场,09:00-10:00,0,1,可预约,￥75.0,多云,18,15,4,0.0,82,28
2026-05-21 08:55:34,2026-05-21,3,篮球场-1号南半场,09:00-10:00,0,1,可预约,￥75.0,多云,18,15,4,0.0,84,28
2026-05-21 09:00:51,2026-05-21,3,篮球场-1号南半场,09:00-10:00,0,1,可预约,￥75.0,多云,18,15,4,0.0,84,28
2026-05-21 09:01:59,2026-05-21,3,篮球场-1号南半场,09:00-10:00,0,1,可预约,￥75.0,多云,18,15,4,0.0,83,28
2026-05-21 09:05:33,2026-05-21,3,篮球场-1号南半场,09:00-10:00,0,1,可预约,￥75.0,多云,18,15,4,0.0,83,28
2026-05-21 09:20:38,2026-05-21,3,篮球场-1号南半场,09:00-10:00,0,1,可预约,￥75.0,多云,18,16,3,0.0,81,28
2026-05-21 09:30:46,2026-05-21,3,篮球场-1号南半场,09:00-10:00,0,1,可预约,￥75.0,多云,18,16,3,0.0,81,32
2026-05-21 09:40:36,2026-05-21,3,篮球场-1号南半场,09:00-10:00,0,1,可预约,￥75.0,多云,19,17,3,0.0,79,32
2026-05-21 09:50:42,2026-05-21,3,篮球场-1号南半场,09:00-10:00,0,1,可预约,￥75.0,多云,19,17,4,0.0,81,32
2026-05-21 10:00:46,2026-05-21,3,篮球场-1号南半场,09:00-10:00,0,1,不开放/已过期,,多云,19,17,4,0.0,79,32
2026-05-21 10:10:40,2026-05-21,3,篮球场-1号南半场,09:00-10:00,0,1,不开放/已过期,,多云,19,17,4,0.0,79,32
2026-05-21 10:20:38,2026-05-21,3,篮球场-1号南半场,09:00-10:00,0,1,不开放/已过期,,多云,19,17,4,0.0,79,32
2026-05-21 10:30:41,2026-05-21,3,篮球场-1号南半场,09:00-10:00,0,1,不开放/已过期,,多云,19,18,3,0.0,78,31
2026-05-21 11:00:44,2026-05-21,3,篮球场-1号南半场,09:00-10:00,0,1,不开放/已过期,,多云,21,17,5,0.0,74,31
2026-05-21 11:30:38,2026-05-21,3,篮球场-1号南半场,09:00-10:00,0,1,不开放/已过期,,多云,21,19,3,0.0,72,33
2026-05-21 12:00:46,2026-05-21,3,篮球场-1号南半场,09:00-10:00,0,1,不开放/已过期,,多云,22,19,4,0.0,70,33
2026-05-21 12:30:42,2026-05-21,3,篮球场-1号南半场,09:00-10:00,0,1,不开放/已过期,,多云,22,21,3,0.0,68,35
2026-05-21 13:00:43,2026-05-21,3,篮球场-1号南半场,09:00-10:00,0,1,不开放/已过期,,多云,24,22,4,0.0,66,35
2026-05-21 13:30:43,2026-05-21,3,篮球场-1号南半场,09:00-10:00,0,1,不开放/已过期,,多云,24,22,4,0.0,66,36
2026-05-21 14:00:48,2026-05-21,3,篮球场-1号南半场,09:00-10:00,0,1,不开放/已过期,,多云,25,23,4,0.0,66,36
2026-05-21 14:30:45,2026-05-21,3,篮球场-1号南半场,09:00-10:00,0,1,不开放/已过期,,晴,25,25,3,0.0,65,39
2026-05-21 15:00:45,2026-05-21,3,篮球场-1号南半场,09:00-10:00,0,1,不开放/已过期,,晴,25,22,4,0.0,56,39
2026-05-21 15:30:43,2026-05-21,3,篮球场-1号南半场,09:00-10:00,0,1,不开放/已过期,,晴,25,23,4,0.0,57,40
2026-05-21 16:00:51,2026-05-21,3,篮球场-1号南半场,09:00-10:00,0,1,不开放/已过期,,晴,25,23,4,0.0,57,40
2026-05-21 16:30:48,2026-05-21,3,篮球场-1号南半场,09:00-10:00,0,1,不开放/已过期,,晴,25,24,3,0.0,60,39
2026-05-21 17:00:49,2026-05-21,3,篮球场-1号南半场,09:00-10:00,0,1,不开放/已过期,,晴,25,24,4,0.0,61,39
2026-05-21 17:30:47,2026-05-21,3,篮球场-1号南半场,09:00-10:00,0,1,不开放/已过期,,多云,24,23,3,0.0,64,39
2026-05-21 18:00:50,2026-05-21,3,篮球场-1号南半场,09:00-10:00,0,1,不开放/已过期,,多云,24,23,3,0.0,68,39
2026-05-21 18:30:50,2026-05-21,3,篮球场-1号南半场,09:00-10:00,0,1,不开放/已过期,,阴,24,25,2,0.0,68,40
2026-05-21 19:00:50,2026-05-21,3,篮球场-1号南半场,09:00-10:00,0,1,不开放/已过期,,阴,23,23,3,0.0,76,40
2026-05-21 19:30:46,2026-05-21,3,篮球场-1号南半场,09:00-10:00,0,1,不开放/已过期,,阴,23,24,2,0.0,77,39
2026-05-21 20:00:49,2026-05-21,3,篮球场-1号南半场,09:00-10:00,0,1,不开放/已过期,,雾,22,23,2,0.0,89,39
2026-05-21 20:30:44,2026-05-21,3,篮球场-1号南半场,09:00-10:00,0,1,不开放/已过期,,雾,22,24,2,0.0,93,43
2026-05-21 21:00:56,2026-05-21,3,篮球场-1号南半场,09:00-10:00,0,1,不开放/已过期,,雾,20,21,2,0.0,98,43
2026-05-21 21:30:46,2026-05-21,3,篮球场-1号南半场,09:00-10:00,0,1,不开放/已过期,,雾,20,22,1,0.0,99,41
2026-05-21 22:01:02,2026-05-21,3,篮球场-1号南半场,09:00-10:00,0,1,不开放/已过期,,雾,19,20,2,0.0,93,41
2026-05-21 22:30:47,2026-05-21,3,篮球场-1号南半场,09:00-10:00,0,1,不开放/已过期,,雾,19,19,3,0.0,88,46
2026-05-21 23:00:56,2026-05-21,3,篮球场-1号南半场,09:00-10:00,0,1,不开放/已过期,,多云,18,17,3,0.0,85,46
2026-05-21 23:30:55,2026-05-21,3,篮球场-1号南半场,09:00-10:00,0,1,不开放/已过期,,多云,18,17,3,0.0,85,48
2026-05-21 00:30:49,2026-05-21,3,篮球场-1号南半场,10:30-11:30,1,1,已售/已满,教学时间,多云,15,13,3,0.0,100,26
2026-05-21 01:00:55,2026-05-21,3,篮球场-1号南半场,10:30-11:30,1,1,已售/已满,教学时间,多云,15,12,4,0.0,100,26
2026-05-21 01:30:47,2026-05-21,3,篮球场-1号南半场,10:30-11:30,1,1,已售/已满,教学时间,多云,15,13,4,0.0,100,28
2026-05-21 02:00:53,2026-05-21,3,篮球场-1号南半场,10:30-11:30,1,1,已售/已满,教学时间,多云,15,12,4,0.0,100,28
2026-05-21 02:30:49,2026-05-21,3,篮球场-1号南半场,10:30-11:30,1,1,已售/已满,教学时间,多云,15,14,3,0.0,100,29
2026-05-21 03:00:55,2026-05-21,3,篮球场-1号南半场,10:30-11:30,1,1,已售/已满,教学时间,多云,15,12,4,0.0,100,29
2026-05-21 03:30:49,2026-05-21,3,篮球场-1号南半场,10:30-11:30,1,1,已售/已满,教学时间,多云,15,14,3,0.0,100,30
2026-05-21 04:30:45,2026-05-21,3,篮球场-1号南半场,10:30-11:30,1,1,已售/已满,教学时间,多云,15,12,4,0.0,100,29
2026-05-21 05:00:52,2026-05-21,3,篮球场-1号南半场,10:30-11:30,1,1,已售/已满,教学时间,多云,15,12,4,0.0,100,29
2026-05-21 05:30:49,2026-05-21,3,篮球场-1号南半场,10:30-11:30,1,1,已售/已满,教学时间,多云,15,13,3,0.0,100,28
2026-05-21 06:00:50,2026-05-21,3,篮球场-1号南半场,10:30-11:30,1,1,已售/已满,教学时间,多云,15,13,4,0.0,99,28
2026-05-21 06:30:38,2026-05-21,3,篮球场-1号南半场,10:30-11:30,1,1,已售/已满,教学时间,多云,15,13,3,0.0,97,28
2026-05-21 07:00:43,2026-05-21,3,篮球场-1号南半场,10:30-11:30,1,1,已售/已满,教学时间,晴,15,11,5,0.0,93,28
2026-05-21 07:30:39,2026-05-21,3,篮球场-1号南半场,10:30-11:30,1,1,已售/已满,教学时间,晴,17,13,4,0.0,89,29
2026-05-21 07:50:40,2026-05-21,3,篮球场-1号南半场,10:30-11:30,1,1,已售/已满,教学时间,晴,17,13,4,0.0,88,29
2026-05-21 07:53:31,2026-05-21,3,篮球场-1号南半场,10:30-11:30,1,1,已售/已满,教学时间,晴,17,12,5,0.0,86,29
2026-05-21 07:56:31,2026-05-21,3,篮球场-1号南半场,10:30-11:30,1,1,已售/已满,教学时间,晴,17,12,5,0.0,86,29
2026-05-21 07:59:26,2026-05-21,3,篮球场-1号南半场,10:30-11:30,1,1,已售/已满,教学时间,晴,17,12,5,0.0,86,29
2026-05-21 08:00:45,2026-05-21,3,篮球场-1号南半场,10:30-11:30,1,1,已售/已满,教学时间,晴,17,12,5,0.0,86,29
2026-05-21 08:02:30,2026-05-21,3,篮球场-1号南半场,10:30-11:30,1,1,已售/已满,教学时间,多云,17,12,5,0.0,87,29
2026-05-21 08:05:36,2026-05-21,3,篮球场-1号南半场,10:30-11:30,1,1,已售/已满,教学时间,多云,17,12,5,0.0,86,29
2026-05-21 08:08:31,2026-05-21,3,篮球场-1号南半场,10:30-11:30,1,1,已售/已满,教学时间,多云,17,12,5,0.0,86,29
2026-05-21 08:11:30,2026-05-21,3,篮球场-1号南半场,10:30-11:30,1,1,已售/已满,教学时间,多云,17,12,5,0.0,86,29
2026-05-21 08:14:31,2026-05-21,3,篮球场-1号南半场,10:30-11:30,1,1,已售/已满,教学时间,多云,17,12,5,0.0,86,29
2026-05-21 08:17:30,2026-05-21,3,篮球场-1号南半场,10:30-11:30,1,1,已售/已满,教学时间,多云,17,12,5,0.0,86,29
2026-05-21 08:20:35,2026-05-21,3,篮球场-1号南半场,10:30-11:30,1,1,已售/已满,教学时间,多云,17,14,4,0.0,85,29
2026-05-21 08:25:32,2026-05-21,3,篮球场-1号南半场,10:30-11:30,1,1,已售/已满,教学时间,多云,17,14,4,0.0,85,28
2026-05-21 08:30:42,2026-05-21,3,篮球场-1号南半场,10:30-11:30,1,1,已售/已满,教学时间,多云,18,15,4,0.0,84,28
2026-05-21 08:35:31,2026-05-21,3,篮球场-1号南半场,10:30-11:30,1,1,已售/已满,教学时间,多云,18,15,4,0.0,84,28
2026-05-21 08:40:38,2026-05-21,3,篮球场-1号南半场,10:30-11:30,1,1,已售/已满,教学时间,多云,18,15,4,0.0,82,28
2026-05-21 08:45:33,2026-05-21,3,篮球场-1号南半场,10:30-11:30,1,1,已售/已满,教学时间,多云,18,15,4,0.0,82,28
2026-05-21 08:50:36,2026-05-21,3,篮球场-1号南半场,10:30-11:30,1,1,已售/已满,教学时间,多云,18,15,4,0.0,82,28
2026-05-21 08:55:34,2026-05-21,3,篮球场-1号南半场,10:30-11:30,1,1,已售/已满,教学时间,多云,18,15,4,0.0,84,28
2026-05-21 09:00:51,2026-05-21,3,篮球场-1号南半场,10:30-11:30,1,1,已售/已满,教学时间,多云,18,15,4,0.0,84,28
2026-05-21 09:01:59,2026-05-21,3,篮球场-1号南半场,10:30-11:30,1,1,已售/已满,教学时间,多云,18,15,4,0.0,83,28
2026-05-21 09:05:33,2026-05-21,3,篮球场-1号南半场,10:30-11:30,1,1,已售/已满,教学时间,多云,18,15,4,0.0,83,28
2026-05-21 09:20:38,2026-05-21,3,篮球场-1号南半场,10:30-11:30,1,1,已售/已满,教学时间,多云,18,16,3,0.0,81,28
2026-05-21 09:30:46,2026-05-21,3,篮球场-1号南半场,10:30-11:30,1,1,已售/已满,教学时间,多云,18,16,3,0.0,81,32
2026-05-21 09:40:36,2026-05-21,3,篮球场-1号南半场,10:30-11:30,1,1,已售/已满,教学时间,多云,19,17,3,0.0,79,32
2026-05-21 09:50:42,2026-05-21,3,篮球场-1号南半场,10:30-11:30,1,1,已售/已满,教学时间,多云,19,17,4,0.0,81,32
2026-05-21 10:00:46,2026-05-21,3,篮球场-1号南半场,10:30-11:30,1,1,已售/已满,教学时间,多云,19,17,4,0.0,79,32
2026-05-21 10:10:40,2026-05-21,3,篮球场-1号南半场,10:30-11:30,1,1,已售/已满,教学时间,多云,19,17,4,0.0,79,32
2026-05-21 10:20:38,2026-05-21,3,篮球场-1号南半场,10:30-11:30,1,1,已售/已满,教学时间,多云,19,17,4,0.0,79,32
2026-05-21 10:30:41,2026-05-21,3,篮球场-1号南半场,10:30-11:30,1,1,已售/已满,教学时间,多云,19,18,3,0.0,78,31
2026-05-21 11:00:44,2026-05-21,3,篮球场-1号南半场,10:30-11:30,1,1,已售/已满,教学时间,多云,21,17,5,0.0,74,31
2026-05-21 11:30:38,2026-05-21,3,篮球场-1号南半场,10:30-11:30,1,1,已售/已满,教学时间,多云,21,19,3,0.0,72,33
2026-05-21 12:00:46,2026-05-21,3,篮球场-1号南半场,10:30-11:30,1,1,已售/已满,教学时间,多云,22,19,4,0.0,70,33
2026-05-21 12:30:42,2026-05-21,3,篮球场-1号南半场,10:30-11:30,1,1,已售/已满,教学时间,多云,22,21,3,0.0,68,35
2026-05-21 13:00:43,2026-05-21,3,篮球场-1号南半场,10:30-11:30,1,1,已售/已满,教学时间,多云,24,22,4,0.0,66,35
2026-05-21 13:30:43,2026-05-21,3,篮球场-1号南半场,10:30-11:30,1,1,已售/已满,教学时间,多云,24,22,4,0.0,66,36
2026-05-21 14:00:48,2026-05-21,3,篮球场-1号南半场,10:30-11:30,1,1,已售/已满,教学时间,多云,25,23,4,0.0,66,36
2026-05-21 14:30:45,2026-05-21,3,篮球场-1号南半场,10:30-11:30,1,1,已售/已满,教学时间,晴,25,25,3,0.0,65,39
2026-05-21 15:00:45,2026-05-21,3,篮球场-1号南半场,10:30-11:30,1,1,已售/已满,教学时间,晴,25,22,4,0.0,56,39
2026-05-21 15:30:43,2026-05-21,3,篮球场-1号南半场,10:30-11:30,1,1,已售/已满,教学时间,晴,25,23,4,0.0,57,40
2026-05-21 16:00:51,2026-05-21,3,篮球场-1号南半场,10:30-11:30,1,1,已售/已满,教学时间,晴,25,23,4,0.0,57,40
2026-05-21 16:30:48,2026-05-21,3,篮球场-1号南半场,10:30-11:30,1,1,已售/已满,教学时间,晴,25,24,3,0.0,60,39
2026-05-21 17:00:49,2026-05-21,3,篮球场-1号南半场,10:30-11:30,1,1,已售/已满,教学时间,晴,25,24,4,0.0,61,39
2026-05-21 17:30:47,2026-05-21,3,篮球场-1号南半场,10:30-11:30,1,1,已售/已满,教学时间,多云,24,23,3,0.0,64,39
2026-05-21 18:00:50,2026-05-21,3,篮球场-1号南半场,10:30-11:30,1,1,已售/已满,教学时间,多云,24,23,3,0.0,68,39
2026-05-21 18:30:50,2026-05-21,3,篮球场-1号南半场,10:30-11:30,1,1,已售/已满,教学时间,阴,24,25,2,0.0,68,40
2026-05-21 19:00:50,2026-05-21,3,篮球场-1号南半场,10:30-11:30,1,1,已售/已满,教学时间,阴,23,23,3,0.0,76,40
2026-05-21 19:30:46,2026-05-21,3,篮球场-1号南半场,10:30-11:30,1,1,已售/已满,教学时间,阴,23,24,2,0.0,77,39
2026-05-21 20:00:49,2026-05-21,3,篮球场-1号南半场,10:30-11:30,1,1,已售/已满,教学时间,雾,22,23,2,0.0,89,39
2026-05-21 20:30:44,2026-05-21,3,篮球场-1号南半场,10:30-11:30,1,1,已售/已满,教学时间,雾,22,24,2,0.0,93,43
2026-05-21 21:00:56,2026-05-21,3,篮球场-1号南半场,10:30-11:30,1,1,已售/已满,教学时间,雾,20,21,2,0.0,98,43
2026-05-21 21:30:46,2026-05-21,3,篮球场-1号南半场,10:30-11:30,1,1,已售/已满,教学时间,雾,20,22,1,0.0,99,41
2026-05-21 22:01:02,2026-05-21,3,篮球场-1号南半场,10:30-11:30,1,1,已售/已满,教学时间,雾,19,20,2,0.0,93,41
2026-05-21 22:30:47,2026-05-21,3,篮球场-1号南半场,10:30-11:30,1,1,已售/已满,教学时间,雾,19,19,3,0.0,88,46
2026-05-21 23:00:56,2026-05-21,3,篮球场-1号南半场,10:30-11:30,1,1,已售/已满,教学时间,多云,18,17,3,0.0,85,46
2026-05-21 23:30:55,2026-05-21,3,篮球场-1号南半场,10:30-11:30,1,1,已售/已满,教学时间,多云,18,17,3,0.0,85,48
2026-05-21 00:30:49,2026-05-21,3,篮球场-1号南半场,12:00-13:00,1,1,已售/已满,已售,多云,15,13,3,0.0,100,26
2026-05-21 01:00:55,2026-05-21,3,篮球场-1号南半场,12:00-13:00,1,1,已售/已满,已售,多云,15,12,4,0.0,100,26
2026-05-21 01:30:47,2026-05-21,3,篮球场-1号南半场,12:00-13:00,1,1,已售/已满,已售,多云,15,13,4,0.0,100,28
2026-05-21 02:00:53,2026-05-21,3,篮球场-1号南半场,12:00-13:00,1,1,已售/已满,已售,多云,15,12,4,0.0,100,28
2026-05-21 02:30:49,2026-05-21,3,篮球场-1号南半场,12:00-13:00,1,1,已售/已满,已售,多云,15,14,3,0.0,100,29
2026-05-21 03:00:55,2026-05-21,3,篮球场-1号南半场,12:00-13:00,1,1,已售/已满,已售,多云,15,12,4,0.0,100,29
2026-05-21 03:30:49,2026-05-21,3,篮球场-1号南半场,12:00-13:00,1,1,已售/已满,已售,多云,15,14,3,0.0,100,30
2026-05-21 04:30:45,2026-05-21,3,篮球场-1号南半场,12:00-13:00,1,1,已售/已满,已售,多云,15,12,4,0.0,100,29
2026-05-21 05:00:52,2026-05-21,3,篮球场-1号南半场,12:00-13:00,1,1,已售/已满,已售,多云,15,12,4,0.0,100,29
2026-05-21 05:30:49,2026-05-21,3,篮球场-1号南半场,12:00-13:00,1,1,已售/已满,已售,多云,15,13,3,0.0,100,28
2026-05-21 06:00:50,2026-05-21,3,篮球场-1号南半场,12:00-13:00,1,1,已售/已满,已售,多云,15,13,4,0.0,99,28
2026-05-21 06:30:38,2026-05-21,3,篮球场-1号南半场,12:00-13:00,1,1,已售/已满,已售,多云,15,13,3,0.0,97,28
2026-05-21 07:00:43,2026-05-21,3,篮球场-1号南半场,12:00-13:00,1,1,已售/已满,已售,晴,15,11,5,0.0,93,28
2026-05-21 07:30:39,2026-05-21,3,篮球场-1号南半场,12:00-13:00,1,1,已售/已满,已售,晴,17,13,4,0.0,89,29
2026-05-21 07:50:40,2026-05-21,3,篮球场-1号南半场,12:00-13:00,1,1,已售/已满,已售,晴,17,13,4,0.0,88,29
2026-05-21 07:53:31,2026-05-21,3,篮球场-1号南半场,12:00-13:00,1,1,已售/已满,已售,晴,17,12,5,0.0,86,29
2026-05-21 07:56:31,2026-05-21,3,篮球场-1号南半场,12:00-13:00,1,1,已售/已满,已售,晴,17,12,5,0.0,86,29
2026-05-21 07:59:26,2026-05-21,3,篮球场-1号南半场,12:00-13:00,1,1,已售/已满,已售,晴,17,12,5,0.0,86,29
2026-05-21 08:00:45,2026-05-21,3,篮球场-1号南半场,12:00-13:00,1,1,已售/已满,已售,晴,17,12,5,0.0,86,29
2026-05-21 08:02:30,2026-05-21,3,篮球场-1号南半场,12:00-13:00,1,1,已售/已满,已售,多云,17,12,5,0.0,87,29
2026-05-21 08:05:36,2026-05-21,3,篮球场-1号南半场,12:00-13:00,1,1,已售/已满,已售,多云,17,12,5,0.0,86,29
2026-05-21 08:08:31,2026-05-21,3,篮球场-1号南半场,12:00-13:00,1,1,已售/已满,已售,多云,17,12,5,0.0,86,29
2026-05-21 08:11:30,2026-05-21,3,篮球场-1号南半场,12:00-13:00,1,1,已售/已满,已售,多云,17,12,5,0.0,86,29
2026-05-21 08:14:31,2026-05-21,3,篮球场-1号南半场,12:00-13:00,1,1,已售/已满,已售,多云,17,12,5,0.0,86,29
2026-05-21 08:17:30,2026-05-21,3,篮球场-1号南半场,12:00-13:00,1,1,已售/已满,已售,多云,17,12,5,0.0,86,29
2026-05-21 08:20:35,2026-05-21,3,篮球场-1号南半场,12:00-13:00,1,1,已售/已满,已售,多云,17,14,4,0.0,85,29
2026-05-21 08:25:32,2026-05-21,3,篮球场-1号南半场,12:00-13:00,1,1,已售/已满,已售,多云,17,14,4,0.0,85,28
2026-05-21 08:30:42,2026-05-21,3,篮球场-1号南半场,12:00-13:00,1,1,已售/已满,已售,多云,18,15,4,0.0,84,28
2026-05-21 08:35:31,2026-05-21,3,篮球场-1号南半场,12:00-13:00,1,1,已售/已满,已售,多云,18,15,4,0.0,84,28
2026-05-21 08:40:38,2026-05-21,3,篮球场-1号南半场,12:00-13:00,1,1,已售/已满,已售,多云,18,15,4,0.0,82,28
2026-05-21 08:45:33,2026-05-21,3,篮球场-1号南半场,12:00-13:00,1,1,已售/已满,已售,多云,18,15,4,0.0,82,28
2026-05-21 08:50:36,2026-05-21,3,篮球场-1号南半场,12:00-13:00,1,1,已售/已满,已售,多云,18,15,4,0.0,82,28
2026-05-21 08:55:34,2026-05-21,3,篮球场-1号南半场,12:00-13:00,1,1,已售/已满,已售,多云,18,15,4,0.0,84,28
2026-05-21 09:00:51,2026-05-21,3,篮球场-1号南半场,12:00-13:00,1,1,已售/已满,已售,多云,18,15,4,0.0,84,28
2026-05-21 09:01:59,2026-05-21,3,篮球场-1号南半场,12:00-13:00,1,1,已售/已满,已售,多云,18,15,4,0.0,83,28
2026-05-21 09:05:33,2026-05-21,3,篮球场-1号南半场,12:00-13:00,1,1,已售/已满,已售,多云,18,15,4,0.0,83,28
2026-05-21 09:20:38,2026-05-21,3,篮球场-1号南半场,12:00-13:00,1,1,已售/已满,已售,多云,18,16,3,0.0,81,28
2026-05-21 09:30:46,2026-05-21,3,篮球场-1号南半场,12:00-13:00,1,1,已售/已满,已售,多云,18,16,3,0.0,81,32
2026-05-21 09:40:36,2026-05-21,3,篮球场-1号南半场,12:00-13:00,1,1,已售/已满,已售,多云,19,17,3,0.0,79,32
2026-05-21 09:50:42,2026-05-21,3,篮球场-1号南半场,12:00-13:00,1,1,已售/已满,已售,多云,19,17,4,0.0,81,32
2026-05-21 10:00:46,2026-05-21,3,篮球场-1号南半场,12:00-13:00,1,1,已售/已满,已售,多云,19,17,4,0.0,79,32
2026-05-21 10:10:40,2026-05-21,3,篮球场-1号南半场,12:00-13:00,1,1,已售/已满,已售,多云,19,17,4,0.0,79,32
2026-05-21 10:20:38,2026-05-21,3,篮球场-1号南半场,12:00-13:00,1,1,已售/已满,已售,多云,19,17,4,0.0,79,32
2026-05-21 10:30:41,2026-05-21,3,篮球场-1号南半场,12:00-13:00,1,1,已售/已满,已售,多云,19,18,3,0.0,78,31
2026-05-21 11:00:44,2026-05-21,3,篮球场-1号南半场,12:00-13:00,1,1,已售/已满,已售,多云,21,17,5,0.0,74,31
2026-05-21 11:30:38,2026-05-21,3,篮球场-1号南半场,12:00-13:00,1,1,已售/已满,已售,多云,21,19,3,0.0,72,33
2026-05-21 12:00:46,2026-05-21,3,篮球场-1号南半场,12:00-13:00,1,1,已售/已满,已售,多云,22,19,4,0.0,70,33
2026-05-21 12:30:42,2026-05-21,3,篮球场-1号南半场,12:00-13:00,1,1,已售/已满,已售,多云,22,21,3,0.0,68,35
2026-05-21 13:00:43,2026-05-21,3,篮球场-1号南半场,12:00-13:00,1,1,已售/已满,已售,多云,24,22,4,0.0,66,35
2026-05-21 13:30:43,2026-05-21,3,篮球场-1号南半场,12:00-13:00,1,1,已售/已满,已售,多云,24,22,4,0.0,66,36
2026-05-21 14:00:48,2026-05-21,3,篮球场-1号南半场,12:00-13:00,1,1,已售/已满,已售,多云,25,23,4,0.0,66,36
2026-05-21 14:30:45,2026-05-21,3,篮球场-1号南半场,12:00-13:00,1,1,已售/已满,已售,晴,25,25,3,0.0,65,39
2026-05-21 15:00:45,2026-05-21,3,篮球场-1号南半场,12:00-13:00,1,1,已售/已满,已售,晴,25,22,4,0.0,56,39
2026-05-21 15:30:43,2026-05-21,3,篮球场-1号南半场,12:00-13:00,1,1,已售/已满,已售,晴,25,23,4,0.0,57,40
2026-05-21 16:00:51,2026-05-21,3,篮球场-1号南半场,12:00-13:00,1,1,已售/已满,已售,晴,25,23,4,0.0,57,40
2026-05-21 16:30:48,2026-05-21,3,篮球场-1号南半场,12:00-13:00,1,1,已售/已满,已售,晴,25,24,3,0.0,60,39
2026-05-21 17:00:49,2026-05-21,3,篮球场-1号南半场,12:00-13:00,1,1,已售/已满,已售,晴,25,24,4,0.0,61,39
2026-05-21 17:30:47,2026-05-21,3,篮球场-1号南半场,12:00-13:00,1,1,已售/已满,已售,多云,24,23,3,0.0,64,39
2026-05-21 18:00:50,2026-05-21,3,篮球场-1号南半场,12:00-13:00,1,1,已售/已满,已售,多云,24,23,3,0.0,68,39
2026-05-21 18:30:50,2026-05-21,3,篮球场-1号南半场,12:00-13:00,1,1,已售/已满,已售,阴,24,25,2,0.0,68,40
2026-05-21 19:00:50,2026-05-21,3,篮球场-1号南半场,12:00-13:00,1,1,已售/已满,已售,阴,23,23,3,0.0,76,40
2026-05-21 19:30:46,2026-05-21,3,篮球场-1号南半场,12:00-13:00,1,1,已售/已满,已售,阴,23,24,2,0.0,77,39
2026-05-21 20:00:49,2026-05-21,3,篮球场-1号南半场,12:00-13:00,1,1,已售/已满,已售,雾,22,23,2,0.0,89,39
2026-05-21 20:30:44,2026-05-21,3,篮球场-1号南半场,12:00-13:00,1,1,已售/已满,已售,雾,22,24,2,0.0,93,43
2026-05-21 21:00:56,2026-05-21,3,篮球场-1号南半场,12:00-13:00,1,1,已售/已满,已售,雾,20,21,2,0.0,98,43
2026-05-21 21:30:46,2026-05-21,3,篮球场-1号南半场,12:00-13:00,1,1,已售/已满,已售,雾,20,22,1,0.0,99,41
2026-05-21 22:01:02,2026-05-21,3,篮球场-1号南半场,12:00-13:00,1,1,已售/已满,已售,雾,19,20,2,0.0,93,41
2026-05-21 22:30:47,2026-05-21,3,篮球场-1号南半场,12:00-13:00,1,1,已售/已满,已售,雾,19,19,3,0.0,88,46
2026-05-21 23:00:56,2026-05-21,3,篮球场-1号南半场,12:00-13:00,1,1,已售/已满,已售,多云,18,17,3,0.0,85,46
2026-05-21 23:30:55,2026-05-21,3,篮球场-1号南半场,12:00-13:00,1,1,已售/已满,已售,多云,18,17,3,0.0,85,48
2026-05-21 00:30:49,2026-05-21,3,篮球场-1号南半场,14:00-15:00,1,1,已售/已满,教学时间,多云,15,13,3,0.0,100,26
2026-05-21 01:00:55,2026-05-21,3,篮球场-1号南半场,14:00-15:00,1,1,已售/已满,教学时间,多云,15,12,4,0.0,100,26
2026-05-21 01:30:47,2026-05-21,3,篮球场-1号南半场,14:00-15:00,1,1,已售/已满,教学时间,多云,15,13,4,0.0,100,28
2026-05-21 02:00:53,2026-05-21,3,篮球场-1号南半场,14:00-15:00,1,1,已售/已满,教学时间,多云,15,12,4,0.0,100,28
2026-05-21 02:30:49,2026-05-21,3,篮球场-1号南半场,14:00-15:00,1,1,已售/已满,教学时间,多云,15,14,3,0.0,100,29
2026-05-21 03:00:55,2026-05-21,3,篮球场-1号南半场,14:00-15:00,1,1,已售/已满,教学时间,多云,15,12,4,0.0,100,29
2026-05-21 03:30:49,2026-05-21,3,篮球场-1号南半场,14:00-15:00,1,1,已售/已满,教学时间,多云,15,14,3,0.0,100,30
2026-05-21 04:30:45,2026-05-21,3,篮球场-1号南半场,14:00-15:00,1,1,已售/已满,教学时间,多云,15,12,4,0.0,100,29
2026-05-21 05:00:52,2026-05-21,3,篮球场-1号南半场,14:00-15:00,1,1,已售/已满,教学时间,多云,15,12,4,0.0,100,29
2026-05-21 05:30:49,2026-05-21,3,篮球场-1号南半场,14:00-15:00,1,1,已售/已满,教学时间,多云,15,13,3,0.0,100,28
2026-05-21 06:00:50,2026-05-21,3,篮球场-1号南半场,14:00-15:00,1,1,已售/已满,教学时间,多云,15,13,4,0.0,99,28
2026-05-21 06:30:38,2026-05-21,3,篮球场-1号南半场,14:00-15:00,1,1,已售/已满,教学时间,多云,15,13,3,0.0,97,28
2026-05-21 07:00:43,2026-05-21,3,篮球场-1号南半场,14:00-15:00,1,1,已售/已满,教学时间,晴,15,11,5,0.0,93,28
2026-05-21 07:30:39,2026-05-21,3,篮球场-1号南半场,14:00-15:00,1,1,已售/已满,教学时间,晴,17,13,4,0.0,89,29
2026-05-21 07:50:40,2026-05-21,3,篮球场-1号南半场,14:00-15:00,1,1,已售/已满,教学时间,晴,17,13,4,0.0,88,29
2026-05-21 07:53:31,2026-05-21,3,篮球场-1号南半场,14:00-15:00,1,1,已售/已满,教学时间,晴,17,12,5,0.0,86,29
2026-05-21 07:56:31,2026-05-21,3,篮球场-1号南半场,14:00-15:00,1,1,已售/已满,教学时间,晴,17,12,5,0.0,86,29
2026-05-21 07:59:26,2026-05-21,3,篮球场-1号南半场,14:00-15:00,1,1,已售/已满,教学时间,晴,17,12,5,0.0,86,29
2026-05-21 08:00:45,2026-05-21,3,篮球场-1号南半场,14:00-15:00,1,1,已售/已满,教学时间,晴,17,12,5,0.0,86,29
2026-05-21 08:02:30,2026-05-21,3,篮球场-1号南半场,14:00-15:00,1,1,已售/已满,教学时间,多云,17,12,5,0.0,87,29
2026-05-21 08:05:36,2026-05-21,3,篮球场-1号南半场,14:00-15:00,1,1,已售/已满,教学时间,多云,17,12,5,0.0,86,29
2026-05-21 08:08:31,2026-05-21,3,篮球场-1号南半场,14:00-15:00,1,1,已售/已满,教学时间,多云,17,12,5,0.0,86,29
2026-05-21 08:11:30,2026-05-21,3,篮球场-1号南半场,14:00-15:00,1,1,已售/已满,教学时间,多云,17,12,5,0.0,86,29
2026-05-21 08:14:31,2026-05-21,3,篮球场-1号南半场,14:00-15:00,1,1,已售/已满,教学时间,多云,17,12,5,0.0,86,29
2026-05-21 08:17:30,2026-05-21,3,篮球场-1号南半场,14:00-15:00,1,1,已售/已满,教学时间,多云,17,12,5,0.0,86,29
2026-05-21 08:20:35,2026-05-21,3,篮球场-1号南半场,14:00-15:00,1,1,已售/已满,教学时间,多云,17,14,4,0.0,85,29
2026-05-21 08:25:32,2026-05-21,3,篮球场-1号南半场,14:00-15:00,1,1,已售/已满,教学时间,多云,17,14,4,0.0,85,28
2026-05-21 08:30:42,2026-05-21,3,篮球场-1号南半场,14:00-15:00,1,1,已售/已满,教学时间,多云,18,15,4,0.0,84,28
2026-05-21 08:35:31,2026-05-21,3,篮球场-1号南半场,14:00-15:00,1,1,已售/已满,教学时间,多云,18,15,4,0.0,84,28
2026-05-21 08:40:38,2026-05-21,3,篮球场-1号南半场,14:00-15:00,1,1,已售/已满,教学时间,多云,18,15,4,0.0,82,28
2026-05-21 08:45:33,2026-05-21,3,篮球场-1号南半场,14:00-15:00,1,1,已售/已满,教学时间,多云,18,15,4,0.0,82,28
2026-05-21 08:50:36,2026-05-21,3,篮球场-1号南半场,14:00-15:00,1,1,已售/已满,教学时间,多云,18,15,4,0.0,82,28
2026-05-21 08:55:34,2026-05-21,3,篮球场-1号南半场,14:00-15:00,1,1,已售/已满,教学时间,多云,18,15,4,0.0,84,28
2026-05-21 09:00:51,2026-05-21,3,篮球场-1号南半场,14:00-15:00,1,1,已售/已满,教学时间,多云,18,15,4,0.0,84,28
2026-05-21 09:01:59,2026-05-21,3,篮球场-1号南半场,14:00-15:00,1,1,已售/已满,教学时间,多云,18,15,4,0.0,83,28
2026-05-21 09:05:33,2026-05-21,3,篮球场-1号南半场,14:00-15:00,1,1,已售/已满,教学时间,多云,18,15,4,0.0,83,28
2026-05-21 09:20:38,2026-05-21,3,篮球场-1号南半场,14:00-15:00,1,1,已售/已满,教学时间,多云,18,16,3,0.0,81,28
2026-05-21 09:30:46,2026-05-21,3,篮球场-1号南半场,14:00-15:00,1,1,已售/已满,教学时间,多云,18,16,3,0.0,81,32
2026-05-21 09:40:36,2026-05-21,3,篮球场-1号南半场,14:00-15:00,1,1,已售/已满,教学时间,多云,19,17,3,0.0,79,32
2026-05-21 09:50:42,2026-05-21,3,篮球场-1号南半场,14:00-15:00,1,1,已售/已满,教学时间,多云,19,17,4,0.0,81,32
2026-05-21 10:00:46,2026-05-21,3,篮球场-1号南半场,14:00-15:00,1,1,已售/已满,教学时间,多云,19,17,4,0.0,79,32
2026-05-21 10:10:40,2026-05-21,3,篮球场-1号南半场,14:00-15:00,1,1,已售/已满,教学时间,多云,19,17,4,0.0,79,32
2026-05-21 10:20:38,2026-05-21,3,篮球场-1号南半场,14:00-15:00,1,1,已售/已满,教学时间,多云,19,17,4,0.0,79,32
2026-05-21 10:30:41,2026-05-21,3,篮球场-1号南半场,14:00-15:00,1,1,已售/已满,教学时间,多云,19,18,3,0.0,78,31
2026-05-21 11:00:44,2026-05-21,3,篮球场-1号南半场,14:00-15:00,1,1,已售/已满,教学时间,多云,21,17,5,0.0,74,31
2026-05-21 11:30:38,2026-05-21,3,篮球场-1号南半场,14:00-15:00,1,1,已售/已满,教学时间,多云,21,19,3,0.0,72,33
2026-05-21 12:00:46,2026-05-21,3,篮球场-1号南半场,14:00-15:00,1,1,已售/已满,教学时间,多云,22,19,4,0.0,70,33
2026-05-21 12:30:42,2026-05-21,3,篮球场-1号南半场,14:00-15:00,1,1,已售/已满,教学时间,多云,22,21,3,0.0,68,35
2026-05-21 13:00:43,2026-05-21,3,篮球场-1号南半场,14:00-15:00,1,1,已售/已满,教学时间,多云,24,22,4,0.0,66,35
2026-05-21 13:30:43,2026-05-21,3,篮球场-1号南半场,14:00-15:00,1,1,已售/已满,教学时间,多云,24,22,4,0.0,66,36
2026-05-21 14:00:48,2026-05-21,3,篮球场-1号南半场,14:00-15:00,1,1,已售/已满,教学时间,多云,25,23,4,0.0,66,36
2026-05-21 14:30:45,2026-05-21,3,篮球场-1号南半场,14:00-15:00,1,1,已售/已满,教学时间,晴,25,25,3,0.0,65,39
2026-05-21 15:00:45,2026-05-21,3,篮球场-1号南半场,14:00-15:00,1,1,已售/已满,教学时间,晴,25,22,4,0.0,56,39
2026-05-21 15:30:43,2026-05-21,3,篮球场-1号南半场,14:00-15:00,1,1,已售/已满,教学时间,晴,25,23,4,0.0,57,40
2026-05-21 16:00:51,2026-05-21,3,篮球场-1号南半场,14:00-15:00,1,1,已售/已满,教学时间,晴,25,23,4,0.0,57,40
2026-05-21 16:30:48,2026-05-21,3,篮球场-1号南半场,14:00-15:00,1,1,已售/已满,教学时间,晴,25,24,3,0.0,60,39
2026-05-21 17:00:49,2026-05-21,3,篮球场-1号南半场,14:00-15:00,1,1,已售/已满,教学时间,晴,25,24,4,0.0,61,39
2026-05-21 17:30:47,2026-05-21,3,篮球场-1号南半场,14:00-15:00,1,1,已售/已满,教学时间,多云,24,23,3,0.0,64,39
2026-05-21 18:00:50,2026-05-21,3,篮球场-1号南半场,14:00-15:00,1,1,已售/已满,教学时间,多云,24,23,3,0.0,68,39
2026-05-21 18:30:50,2026-05-21,3,篮球场-1号南半场,14:00-15:00,1,1,已售/已满,教学时间,阴,24,25,2,0.0,68,40
2026-05-21 19:00:50,2026-05-21,3,篮球场-1号南半场,14:00-15:00,1,1,已售/已满,教学时间,阴,23,23,3,0.0,76,40
2026-05-21 19:30:46,2026-05-21,3,篮球场-1号南半场,14:00-15:00,1,1,已售/已满,教学时间,阴,23,24,2,0.0,77,39
2026-05-21 20:00:49,2026-05-21,3,篮球场-1号南半场,14:00-15:00,1,1,已售/已满,教学时间,雾,22,23,2,0.0,89,39
2026-05-21 20:30:44,2026-05-21,3,篮球场-1号南半场,14:00-15:00,1,1,已售/已满,教学时间,雾,22,24,2,0.0,93,43
2026-05-21 21:00:56,2026-05-21,3,篮球场-1号南半场,14:00-15:00,1,1,已售/已满,教学时间,雾,20,21,2,0.0,98,43
2026-05-21 21:30:46,2026-05-21,3,篮球场-1号南半场,14:00-15:00,1,1,已售/已满,教学时间,雾,20,22,1,0.0,99,41
2026-05-21 22:01:02,2026-05-21,3,篮球场-1号南半场,14:00-15:00,1,1,已售/已满,教学时间,雾,19,20,2,0.0,93,41
2026-05-21 22:30:47,2026-05-21,3,篮球场-1号南半场,14:00-15:00,1,1,已售/已满,教学时间,雾,19,19,3,0.0,88,46
2026-05-21 23:00:56,2026-05-21,3,篮球场-1号南半场,14:00-15:00,1,1,已售/已满,教学时间,多云,18,17,3,0.0,85,46
2026-05-21 23:30:55,2026-05-21,3,篮球场-1号南半场,14:00-15:00,1,1,已售/已满,教学时间,多云,18,17,3,0.0,85,48
2026-05-21 00:30:49,2026-05-21,3,篮球场-1号南半场,15:00-16:00,1,1,已售/已满,教学时间,多云,15,13,3,0.0,100,26
2026-05-21 01:00:55,2026-05-21,3,篮球场-1号南半场,15:00-16:00,1,1,已售/已满,教学时间,多云,15,12,4,0.0,100,26
2026-05-21 01:30:47,2026-05-21,3,篮球场-1号南半场,15:00-16:00,1,1,已售/已满,教学时间,多云,15,13,4,0.0,100,28
2026-05-21 02:00:53,2026-05-21,3,篮球场-1号南半场,15:00-16:00,1,1,已售/已满,教学时间,多云,15,12,4,0.0,100,28
2026-05-21 02:30:49,2026-05-21,3,篮球场-1号南半场,15:00-16:00,1,1,已售/已满,教学时间,多云,15,14,3,0.0,100,29
2026-05-21 03:00:55,2026-05-21,3,篮球场-1号南半场,15:00-16:00,1,1,已售/已满,教学时间,多云,15,12,4,0.0,100,29
2026-05-21 03:30:49,2026-05-21,3,篮球场-1号南半场,15:00-16:00,1,1,已售/已满,教学时间,多云,15,14,3,0.0,100,30
2026-05-21 04:30:45,2026-05-21,3,篮球场-1号南半场,15:00-16:00,1,1,已售/已满,教学时间,多云,15,12,4,0.0,100,29
2026-05-21 05:00:52,2026-05-21,3,篮球场-1号南半场,15:00-16:00,1,1,已售/已满,教学时间,多云,15,12,4,0.0,100,29
2026-05-21 05:30:49,2026-05-21,3,篮球场-1号南半场,15:00-16:00,1,1,已售/已满,教学时间,多云,15,13,3,0.0,100,28
2026-05-21 06:00:50,2026-05-21,3,篮球场-1号南半场,15:00-16:00,1,1,已售/已满,教学时间,多云,15,13,4,0.0,99,28
2026-05-21 06:30:38,2026-05-21,3,篮球场-1号南半场,15:00-16:00,1,1,已售/已满,教学时间,多云,15,13,3,0.0,97,28
2026-05-21 07:00:43,2026-05-21,3,篮球场-1号南半场,15:00-16:00,1,1,已售/已满,教学时间,晴,15,11,5,0.0,93,28
2026-05-21 07:30:39,2026-05-21,3,篮球场-1号南半场,15:00-16:00,1,1,已售/已满,教学时间,晴,17,13,4,0.0,89,29
2026-05-21 07:50:40,2026-05-21,3,篮球场-1号南半场,15:00-16:00,1,1,已售/已满,教学时间,晴,17,13,4,0.0,88,29
2026-05-21 07:53:31,2026-05-21,3,篮球场-1号南半场,15:00-16:00,1,1,已售/已满,教学时间,晴,17,12,5,0.0,86,29
2026-05-21 07:56:31,2026-05-21,3,篮球场-1号南半场,15:00-16:00,1,1,已售/已满,教学时间,晴,17,12,5,0.0,86,29
2026-05-21 07:59:26,2026-05-21,3,篮球场-1号南半场,15:00-16:00,1,1,已售/已满,教学时间,晴,17,12,5,0.0,86,29
2026-05-21 08:00:45,2026-05-21,3,篮球场-1号南半场,15:00-16:00,1,1,已售/已满,教学时间,晴,17,12,5,0.0,86,29
2026-05-21 08:02:30,2026-05-21,3,篮球场-1号南半场,15:00-16:00,1,1,已售/已满,教学时间,多云,17,12,5,0.0,87,29
2026-05-21 08:05:36,2026-05-21,3,篮球场-1号南半场,15:00-16:00,1,1,已售/已满,教学时间,多云,17,12,5,0.0,86,29
2026-05-21 08:08:31,2026-05-21,3,篮球场-1号南半场,15:00-16:00,1,1,已售/已满,教学时间,多云,17,12,5,0.0,86,29
2026-05-21 08:11:30,2026-05-21,3,篮球场-1号南半场,15:00-16:00,1,1,已售/已满,教学时间,多云,17,12,5,0.0,86,29
2026-05-21 08:14:31,2026-05-21,3,篮球场-1号南半场,15:00-16:00,1,1,已售/已满,教学时间,多云,17,12,5,0.0,86,29
2026-05-21 08:17:30,2026-05-21,3,篮球场-1号南半场,15:00-16:00,1,1,已售/已满,教学时间,多云,17,12,5,0.0,86,29
2026-05-21 08:20:35,2026-05-21,3,篮球场-1号南半场,15:00-16:00,1,1,已售/已满,教学时间,多云,17,14,4,0.0,85,29
2026-05-21 08:25:32,2026-05-21,3,篮球场-1号南半场,15:00-16:00,1,1,已售/已满,教学时间,多云,17,14,4,0.0,85,28
2026-05-21 08:30:42,2026-05-21,3,篮球场-1号南半场,15:00-16:00,1,1,已售/已满,教学时间,多云,18,15,4,0.0,84,28
2026-05-21 08:35:31,2026-05-21,3,篮球场-1号南半场,15:00-16:00,1,1,已售/已满,教学时间,多云,18,15,4,0.0,84,28
2026-05-21 08:40:38,2026-05-21,3,篮球场-1号南半场,15:00-16:00,1,1,已售/已满,教学时间,多云,18,15,4,0.0,82,28
2026-05-21 08:45:33,2026-05-21,3,篮球场-1号南半场,15:00-16:00,1,1,已售/已满,教学时间,多云,18,15,4,0.0,82,28
2026-05-21 08:50:36,2026-05-21,3,篮球场-1号南半场,15:00-16:00,1,1,已售/已满,教学时间,多云,18,15,4,0.0,82,28
2026-05-21 08:55:34,2026-05-21,3,篮球场-1号南半场,15:00-16:00,1,1,已售/已满,教学时间,多云,18,15,4,0.0,84,28
2026-05-21 09:00:51,2026-05-21,3,篮球场-1号南半场,15:00-16:00,1,1,已售/已满,教学时间,多云,18,15,4,0.0,84,28
2026-05-21 09:01:59,2026-05-21,3,篮球场-1号南半场,15:00-16:00,1,1,已售/已满,教学时间,多云,18,15,4,0.0,83,28
2026-05-21 09:05:33,2026-05-21,3,篮球场-1号南半场,15:00-16:00,1,1,已售/已满,教学时间,多云,18,15,4,0.0,83,28
2026-05-21 09:20:38,2026-05-21,3,篮球场-1号南半场,15:00-16:00,1,1,已售/已满,教学时间,多云,18,16,3,0.0,81,28
2026-05-21 09:30:46,2026-05-21,3,篮球场-1号南半场,15:00-16:00,1,1,已售/已满,教学时间,多云,18,16,3,0.0,81,32
2026-05-21 09:40:36,2026-05-21,3,篮球场-1号南半场,15:00-16:00,1,1,已售/已满,教学时间,多云,19,17,3,0.0,79,32
2026-05-21 09:50:42,2026-05-21,3,篮球场-1号南半场,15:00-16:00,1,1,已售/已满,教学时间,多云,19,17,4,0.0,81,32
2026-05-21 10:00:46,2026-05-21,3,篮球场-1号南半场,15:00-16:00,1,1,已售/已满,教学时间,多云,19,17,4,0.0,79,32
2026-05-21 10:10:40,2026-05-21,3,篮球场-1号南半场,15:00-16:00,1,1,已售/已满,教学时间,多云,19,17,4,0.0,79,32
2026-05-21 10:20:38,2026-05-21,3,篮球场-1号南半场,15:00-16:00,1,1,已售/已满,教学时间,多云,19,17,4,0.0,79,32
2026-05-21 10:30:41,2026-05-21,3,篮球场-1号南半场,15:00-16:00,1,1,已售/已满,教学时间,多云,19,18,3,0.0,78,31
2026-05-21 11:00:44,2026-05-21,3,篮球场-1号南半场,15:00-16:00,1,1,已售/已满,教学时间,多云,21,17,5,0.0,74,31
2026-05-21 11:30:38,2026-05-21,3,篮球场-1号南半场,15:00-16:00,1,1,已售/已满,教学时间,多云,21,19,3,0.0,72,33
2026-05-21 12:00:46,2026-05-21,3,篮球场-1号南半场,15:00-16:00,1,1,已售/已满,教学时间,多云,22,19,4,0.0,70,33
2026-05-21 12:30:42,2026-05-21,3,篮球场-1号南半场,15:00-16:00,1,1,已售/已满,教学时间,多云,22,21,3,0.0,68,35
2026-05-21 13:00:43,2026-05-21,3,篮球场-1号南半场,15:00-16:00,1,1,已售/已满,教学时间,多云,24,22,4,0.0,66,35
2026-05-21 13:30:43,2026-05-21,3,篮球场-1号南半场,15:00-16:00,1,1,已售/已满,教学时间,多云,24,22,4,0.0,66,36
2026-05-21 14:00:48,2026-05-21,3,篮球场-1号南半场,15:00-16:00,1,1,已售/已满,教学时间,多云,25,23,4,0.0,66,36
2026-05-21 14:30:45,2026-05-21,3,篮球场-1号南半场,15:00-16:00,1,1,已售/已满,教学时间,晴,25,25,3,0.0,65,39
2026-05-21 15:00:45,2026-05-21,3,篮球场-1号南半场,15:00-16:00,1,1,已售/已满,教学时间,晴,25,22,4,0.0,56,39
2026-05-21 15:30:43,2026-05-21,3,篮球场-1号南半场,15:00-16:00,1,1,已售/已满,教学时间,晴,25,23,4,0.0,57,40
2026-05-21 16:00:51,2026-05-21,3,篮球场-1号南半场,15:00-16:00,1,1,已售/已满,教学时间,晴,25,23,4,0.0,57,40
2026-05-21 16:30:48,2026-05-21,3,篮球场-1号南半场,15:00-16:00,1,1,已售/已满,教学时间,晴,25,24,3,0.0,60,39
2026-05-21 17:00:49,2026-05-21,3,篮球场-1号南半场,15:00-16:00,1,1,已售/已满,教学时间,晴,25,24,4,0.0,61,39
2026-05-21 17:30:47,2026-05-21,3,篮球场-1号南半场,15:00-16:00,1,1,已售/已满,教学时间,多云,24,23,3,0.0,64,39
2026-05-21 18:00:50,2026-05-21,3,篮球场-1号南半场,15:00-16:00,1,1,已售/已满,教学时间,多云,24,23,3,0.0,68,39
2026-05-21 18:30:50,2026-05-21,3,篮球场-1号南半场,15:00-16:00,1,1,已售/已满,教学时间,阴,24,25,2,0.0,68,40
2026-05-21 19:00:50,2026-05-21,3,篮球场-1号南半场,15:00-16:00,1,1,已售/已满,教学时间,阴,23,23,3,0.0,76,40
2026-05-21 19:30:46,2026-05-21,3,篮球场-1号南半场,15:00-16:00,1,1,已售/已满,教学时间,阴,23,24,2,0.0,77,39
2026-05-21 20:00:49,2026-05-21,3,篮球场-1号南半场,15:00-16:00,1,1,已售/已满,教学时间,雾,22,23,2,0.0,89,39
2026-05-21 20:30:44,2026-05-21,3,篮球场-1号南半场,15:00-16:00,1,1,已售/已满,教学时间,雾,22,24,2,0.0,93,43
2026-05-21 21:00:56,2026-05-21,3,篮球场-1号南半场,15:00-16:00,1,1,已售/已满,教学时间,雾,20,21,2,0.0,98,43
2026-05-21 21:30:46,2026-05-21,3,篮球场-1号南半场,15:00-16:00,1,1,已售/已满,教学时间,雾,20,22,1,0.0,99,41
2026-05-21 22:01:02,2026-05-21,3,篮球场-1号南半场,15:00-16:00,1,1,已售/已满,教学时间,雾,19,20,2,0.0,93,41
2026-05-21 22:30:47,2026-05-21,3,篮球场-1号南半场,15:00-16:00,1,1,已售/已满,教学时间,雾,19,19,3,0.0,88,46
2026-05-21 23:00:56,2026-05-21,3,篮球场-1号南半场,15:00-16:00,1,1,已售/已满,教学时间,多云,18,17,3,0.0,85,46
2026-05-21 23:30:55,2026-05-21,3,篮球场-1号南半场,15:00-16:00,1,1,已售/已满,教学时间,多云,18,17,3,0.0,85,48
2026-05-21 00:30:49,2026-05-21,3,篮球场-1号南半场,16:00-17:00,0,1,可预约,￥75.0,多云,15,13,3,0.0,100,26
2026-05-21 01:00:55,2026-05-21,3,篮球场-1号南半场,16:00-17:00,0,1,可预约,￥75.0,多云,15,12,4,0.0,100,26
2026-05-21 01:30:47,2026-05-21,3,篮球场-1号南半场,16:00-17:00,0,1,可预约,￥75.0,多云,15,13,4,0.0,100,28
2026-05-21 02:00:53,2026-05-21,3,篮球场-1号南半场,16:00-17:00,0,1,可预约,￥75.0,多云,15,12,4,0.0,100,28
2026-05-21 02:30:49,2026-05-21,3,篮球场-1号南半场,16:00-17:00,0,1,可预约,￥75.0,多云,15,14,3,0.0,100,29
2026-05-21 03:00:55,2026-05-21,3,篮球场-1号南半场,16:00-17:00,0,1,可预约,￥75.0,多云,15,12,4,0.0,100,29
2026-05-21 03:30:49,2026-05-21,3,篮球场-1号南半场,16:00-17:00,0,1,可预约,￥75.0,多云,15,14,3,0.0,100,30
2026-05-21 04:30:45,2026-05-21,3,篮球场-1号南半场,16:00-17:00,0,1,可预约,￥75.0,多云,15,12,4,0.0,100,29
2026-05-21 05:00:52,2026-05-21,3,篮球场-1号南半场,16:00-17:00,0,1,可预约,￥75.0,多云,15,12,4,0.0,100,29
2026-05-21 05:30:49,2026-05-21,3,篮球场-1号南半场,16:00-17:00,0,1,可预约,￥75.0,多云,15,13,3,0.0,100,28
2026-05-21 06:00:50,2026-05-21,3,篮球场-1号南半场,16:00-17:00,0,1,可预约,￥75.0,多云,15,13,4,0.0,99,28
2026-05-21 06:30:38,2026-05-21,3,篮球场-1号南半场,16:00-17:00,0,1,可预约,￥75.0,多云,15,13,3,0.0,97,28
2026-05-21 07:00:43,2026-05-21,3,篮球场-1号南半场,16:00-17:00,0,1,可预约,￥75.0,晴,15,11,5,0.0,93,28
2026-05-21 07:30:39,2026-05-21,3,篮球场-1号南半场,16:00-17:00,0,1,可预约,￥75.0,晴,17,13,4,0.0,89,29
2026-05-21 07:50:40,2026-05-21,3,篮球场-1号南半场,16:00-17:00,0,1,可预约,￥75.0,晴,17,13,4,0.0,88,29
2026-05-21 07:53:31,2026-05-21,3,篮球场-1号南半场,16:00-17:00,0,1,可预约,￥75.0,晴,17,12,5,0.0,86,29
2026-05-21 07:56:31,2026-05-21,3,篮球场-1号南半场,16:00-17:00,0,1,可预约,￥75.0,晴,17,12,5,0.0,86,29
2026-05-21 07:59:26,2026-05-21,3,篮球场-1号南半场,16:00-17:00,0,1,可预约,￥75.0,晴,17,12,5,0.0,86,29
2026-05-21 08:00:45,2026-05-21,3,篮球场-1号南半场,16:00-17:00,0,1,可预约,￥75.0,晴,17,12,5,0.0,86,29
2026-05-21 08:02:30,2026-05-21,3,篮球场-1号南半场,16:00-17:00,0,1,可预约,￥75.0,多云,17,12,5,0.0,87,29
2026-05-21 08:05:36,2026-05-21,3,篮球场-1号南半场,16:00-17:00,0,1,可预约,￥75.0,多云,17,12,5,0.0,86,29
2026-05-21 08:08:31,2026-05-21,3,篮球场-1号南半场,16:00-17:00,0,1,可预约,￥75.0,多云,17,12,5,0.0,86,29
2026-05-21 08:11:30,2026-05-21,3,篮球场-1号南半场,16:00-17:00,0,1,可预约,￥75.0,多云,17,12,5,0.0,86,29
2026-05-21 08:14:31,2026-05-21,3,篮球场-1号南半场,16:00-17:00,0,1,可预约,￥75.0,多云,17,12,5,0.0,86,29
2026-05-21 08:17:30,2026-05-21,3,篮球场-1号南半场,16:00-17:00,0,1,可预约,￥75.0,多云,17,12,5,0.0,86,29
2026-05-21 08:20:35,2026-05-21,3,篮球场-1号南半场,16:00-17:00,0,1,可预约,￥75.0,多云,17,14,4,0.0,85,29
2026-05-21 08:25:32,2026-05-21,3,篮球场-1号南半场,16:00-17:00,0,1,可预约,￥75.0,多云,17,14,4,0.0,85,28
2026-05-21 08:30:42,2026-05-21,3,篮球场-1号南半场,16:00-17:00,0,1,可预约,￥75.0,多云,18,15,4,0.0,84,28
2026-05-21 08:35:31,2026-05-21,3,篮球场-1号南半场,16:00-17:00,0,1,可预约,￥75.0,多云,18,15,4,0.0,84,28
2026-05-21 08:40:38,2026-05-21,3,篮球场-1号南半场,16:00-17:00,0,1,可预约,￥75.0,多云,18,15,4,0.0,82,28
2026-05-21 08:45:33,2026-05-21,3,篮球场-1号南半场,16:00-17:00,0,1,可预约,￥75.0,多云,18,15,4,0.0,82,28
2026-05-21 08:50:36,2026-05-21,3,篮球场-1号南半场,16:00-17:00,0,1,可预约,￥75.0,多云,18,15,4,0.0,82,28
2026-05-21 08:55:34,2026-05-21,3,篮球场-1号南半场,16:00-17:00,0,1,可预约,￥75.0,多云,18,15,4,0.0,84,28
2026-05-21 09:00:51,2026-05-21,3,篮球场-1号南半场,16:00-17:00,0,1,可预约,￥75.0,多云,18,15,4,0.0,84,28
2026-05-21 09:01:59,2026-05-21,3,篮球场-1号南半场,16:00-17:00,0,1,可预约,￥75.0,多云,18,15,4,0.0,83,28
2026-05-21 09:05:33,2026-05-21,3,篮球场-1号南半场,16:00-17:00,0,1,可预约,￥75.0,多云,18,15,4,0.0,83,28
2026-05-21 09:20:38,2026-05-21,3,篮球场-1号南半场,16:00-17:00,0,1,可预约,￥75.0,多云,18,16,3,0.0,81,28
2026-05-21 09:30:46,2026-05-21,3,篮球场-1号南半场,16:00-17:00,0,1,可预约,￥75.0,多云,18,16,3,0.0,81,32
2026-05-21 09:40:36,2026-05-21,3,篮球场-1号南半场,16:00-17:00,0,1,可预约,￥75.0,多云,19,17,3,0.0,79,32
2026-05-21 09:50:42,2026-05-21,3,篮球场-1号南半场,16:00-17:00,0,1,可预约,￥75.0,多云,19,17,4,0.0,81,32
2026-05-21 10:00:46,2026-05-21,3,篮球场-1号南半场,16:00-17:00,0,1,可预约,￥75.0,多云,19,17,4,0.0,79,32
2026-05-21 10:10:40,2026-05-21,3,篮球场-1号南半场,16:00-17:00,0,1,可预约,￥75.0,多云,19,17,4,0.0,79,32
2026-05-21 10:20:38,2026-05-21,3,篮球场-1号南半场,16:00-17:00,0,1,可预约,￥75.0,多云,19,17,4,0.0,79,32
2026-05-21 10:30:41,2026-05-21,3,篮球场-1号南半场,16:00-17:00,0,1,可预约,￥75.0,多云,19,18,3,0.0,78,31
2026-05-21 11:00:44,2026-05-21,3,篮球场-1号南半场,16:00-17:00,0,1,可预约,￥75.0,多云,21,17,5,0.0,74,31
2026-05-21 11:30:38,2026-05-21,3,篮球场-1号南半场,16:00-17:00,0,1,可预约,￥75.0,多云,21,19,3,0.0,72,33
2026-05-21 12:00:46,2026-05-21,3,篮球场-1号南半场,16:00-17:00,0,1,可预约,￥75.0,多云,22,19,4,0.0,70,33
2026-05-21 12:30:42,2026-05-21,3,篮球场-1号南半场,16:00-17:00,0,1,可预约,￥75.0,多云,22,21,3,0.0,68,35
2026-05-21 13:00:43,2026-05-21,3,篮球场-1号南半场,16:00-17:00,0,1,可预约,￥75.0,多云,24,22,4,0.0,66,35
2026-05-21 13:30:43,2026-05-21,3,篮球场-1号南半场,16:00-17:00,0,1,可预约,￥75.0,多云,24,22,4,0.0,66,36
2026-05-21 14:00:48,2026-05-21,3,篮球场-1号南半场,16:00-17:00,0,1,可预约,￥75.0,多云,25,23,4,0.0,66,36
2026-05-21 14:30:45,2026-05-21,3,篮球场-1号南半场,16:00-17:00,0,1,可预约,￥75.0,晴,25,25,3,0.0,65,39
2026-05-21 15:00:45,2026-05-21,3,篮球场-1号南半场,16:00-17:00,0,1,可预约,￥75.0,晴,25,22,4,0.0,56,39
2026-05-21 15:30:43,2026-05-21,3,篮球场-1号南半场,16:00-17:00,0,1,可预约,￥75.0,晴,25,23,4,0.0,57,40
2026-05-21 16:00:51,2026-05-21,3,篮球场-1号南半场,16:00-17:00,0,1,可预约,￥75.0,晴,25,23,4,0.0,57,40
2026-05-21 16:30:48,2026-05-21,3,篮球场-1号南半场,16:00-17:00,0,1,可预约,￥75.0,晴,25,24,3,0.0,60,39
2026-05-21 17:00:49,2026-05-21,3,篮球场-1号南半场,16:00-17:00,0,1,不开放/已过期,,晴,25,24,4,0.0,61,39
2026-05-21 17:30:47,2026-05-21,3,篮球场-1号南半场,16:00-17:00,0,1,不开放/已过期,,多云,24,23,3,0.0,64,39
2026-05-21 18:00:50,2026-05-21,3,篮球场-1号南半场,16:00-17:00,0,1,不开放/已过期,,多云,24,23,3,0.0,68,39
2026-05-21 18:30:50,2026-05-21,3,篮球场-1号南半场,16:00-17:00,0,1,不开放/已过期,,阴,24,25,2,0.0,68,40
2026-05-21 19:00:50,2026-05-21,3,篮球场-1号南半场,16:00-17:00,0,1,不开放/已过期,,阴,23,23,3,0.0,76,40
2026-05-21 19:30:46,2026-05-21,3,篮球场-1号南半场,16:00-17:00,0,1,不开放/已过期,,阴,23,24,2,0.0,77,39
2026-05-21 20:00:49,2026-05-21,3,篮球场-1号南半场,16:00-17:00,0,1,不开放/已过期,,雾,22,23,2,0.0,89,39
2026-05-21 20:30:44,2026-05-21,3,篮球场-1号南半场,16:00-17:00,0,1,不开放/已过期,,雾,22,24,2,0.0,93,43
2026-05-21 21:00:56,2026-05-21,3,篮球场-1号南半场,16:00-17:00,0,1,不开放/已过期,,雾,20,21,2,0.0,98,43
2026-05-21 21:30:46,2026-05-21,3,篮球场-1号南半场,16:00-17:00,0,1,不开放/已过期,,雾,20,22,1,0.0,99,41
2026-05-21 22:01:02,2026-05-21,3,篮球场-1号南半场,16:00-17:00,0,1,不开放/已过期,,雾,19,20,2,0.0,93,41
2026-05-21 22:30:47,2026-05-21,3,篮球场-1号南半场,16:00-17:00,0,1,不开放/已过期,,雾,19,19,3,0.0,88,46
2026-05-21 23:00:56,2026-05-21,3,篮球场-1号南半场,16:00-17:00,0,1,不开放/已过期,,多云,18,17,3,0.0,85,46
2026-05-21 23:30:55,2026-05-21,3,篮球场-1号南半场,16:00-17:00,0,1,不开放/已过期,,多云,18,17,3,0.0,85,48
2026-05-21 00:30:49,2026-05-21,3,篮球场-1号南半场,19:00-20:00,1,1,已售/已满,已售,多云,15,13,3,0.0,100,26
2026-05-21 01:00:55,2026-05-21,3,篮球场-1号南半场,19:00-20:00,1,1,已售/已满,已售,多云,15,12,4,0.0,100,26
2026-05-21 01:30:47,2026-05-21,3,篮球场-1号南半场,19:00-20:00,1,1,已售/已满,已售,多云,15,13,4,0.0,100,28
2026-05-21 02:00:53,2026-05-21,3,篮球场-1号南半场,19:00-20:00,1,1,已售/已满,已售,多云,15,12,4,0.0,100,28
2026-05-21 02:30:49,2026-05-21,3,篮球场-1号南半场,19:00-20:00,1,1,已售/已满,已售,多云,15,14,3,0.0,100,29
2026-05-21 03:00:55,2026-05-21,3,篮球场-1号南半场,19:00-20:00,1,1,已售/已满,已售,多云,15,12,4,0.0,100,29
2026-05-21 03:30:49,2026-05-21,3,篮球场-1号南半场,19:00-20:00,1,1,已售/已满,已售,多云,15,14,3,0.0,100,30
2026-05-21 04:30:45,2026-05-21,3,篮球场-1号南半场,19:00-20:00,1,1,已售/已满,已售,多云,15,12,4,0.0,100,29
2026-05-21 05:00:52,2026-05-21,3,篮球场-1号南半场,19:00-20:00,1,1,已售/已满,已售,多云,15,12,4,0.0,100,29
2026-05-21 05:30:49,2026-05-21,3,篮球场-1号南半场,19:00-20:00,1,1,已售/已满,已售,多云,15,13,3,0.0,100,28
2026-05-21 06:00:50,2026-05-21,3,篮球场-1号南半场,19:00-20:00,1,1,已售/已满,已售,多云,15,13,4,0.0,99,28
2026-05-21 06:30:38,2026-05-21,3,篮球场-1号南半场,19:00-20:00,1,1,已售/已满,已售,多云,15,13,3,0.0,97,28
2026-05-21 07:00:43,2026-05-21,3,篮球场-1号南半场,19:00-20:00,1,1,已售/已满,已售,晴,15,11,5,0.0,93,28
2026-05-21 07:30:39,2026-05-21,3,篮球场-1号南半场,19:00-20:00,1,1,已售/已满,已售,晴,17,13,4,0.0,89,29
2026-05-21 07:50:40,2026-05-21,3,篮球场-1号南半场,19:00-20:00,1,1,已售/已满,已售,晴,17,13,4,0.0,88,29
2026-05-21 07:53:31,2026-05-21,3,篮球场-1号南半场,19:00-20:00,1,1,已售/已满,已售,晴,17,12,5,0.0,86,29
2026-05-21 07:56:31,2026-05-21,3,篮球场-1号南半场,19:00-20:00,1,1,已售/已满,已售,晴,17,12,5,0.0,86,29
2026-05-21 07:59:26,2026-05-21,3,篮球场-1号南半场,19:00-20:00,1,1,已售/已满,已售,晴,17,12,5,0.0,86,29
2026-05-21 08:00:45,2026-05-21,3,篮球场-1号南半场,19:00-20:00,1,1,已售/已满,已售,晴,17,12,5,0.0,86,29
2026-05-21 08:02:30,2026-05-21,3,篮球场-1号南半场,19:00-20:00,1,1,已售/已满,已售,多云,17,12,5,0.0,87,29
2026-05-21 08:05:36,2026-05-21,3,篮球场-1号南半场,19:00-20:00,1,1,已售/已满,已售,多云,17,12,5,0.0,86,29
2026-05-21 08:08:31,2026-05-21,3,篮球场-1号南半场,19:00-20:00,1,1,已售/已满,已售,多云,17,12,5,0.0,86,29
2026-05-21 08:11:30,2026-05-21,3,篮球场-1号南半场,19:00-20:00,1,1,已售/已满,已售,多云,17,12,5,0.0,86,29
2026-05-21 08:14:31,2026-05-21,3,篮球场-1号南半场,19:00-20:00,1,1,已售/已满,已售,多云,17,12,5,0.0,86,29
2026-05-21 08:17:30,2026-05-21,3,篮球场-1号南半场,19:00-20:00,1,1,已售/已满,已售,多云,17,12,5,0.0,86,29
2026-05-21 08:20:35,2026-05-21,3,篮球场-1号南半场,19:00-20:00,1,1,已售/已满,已售,多云,17,14,4,0.0,85,29
2026-05-21 08:25:32,2026-05-21,3,篮球场-1号南半场,19:00-20:00,1,1,已售/已满,已售,多云,17,14,4,0.0,85,28
2026-05-21 08:30:42,2026-05-21,3,篮球场-1号南半场,19:00-20:00,1,1,已售/已满,已售,多云,18,15,4,0.0,84,28
2026-05-21 08:35:31,2026-05-21,3,篮球场-1号南半场,19:00-20:00,1,1,已售/已满,已售,多云,18,15,4,0.0,84,28
2026-05-21 08:40:38,2026-05-21,3,篮球场-1号南半场,19:00-20:00,1,1,已售/已满,已售,多云,18,15,4,0.0,82,28
2026-05-21 08:45:33,2026-05-21,3,篮球场-1号南半场,19:00-20:00,1,1,已售/已满,已售,多云,18,15,4,0.0,82,28
2026-05-21 08:50:36,2026-05-21,3,篮球场-1号南半场,19:00-20:00,1,1,已售/已满,已售,多云,18,15,4,0.0,82,28
2026-05-21 08:55:34,2026-05-21,3,篮球场-1号南半场,19:00-20:00,1,1,已售/已满,已售,多云,18,15,4,0.0,84,28
2026-05-21 09:00:51,2026-05-21,3,篮球场-1号南半场,19:00-20:00,1,1,已售/已满,已售,多云,18,15,4,0.0,84,28
2026-05-21 09:01:59,2026-05-21,3,篮球场-1号南半场,19:00-20:00,1,1,已售/已满,已售,多云,18,15,4,0.0,83,28
2026-05-21 09:05:33,2026-05-21,3,篮球场-1号南半场,19:00-20:00,1,1,已售/已满,已售,多云,18,15,4,0.0,83,28
2026-05-21 09:20:38,2026-05-21,3,篮球场-1号南半场,19:00-20:00,1,1,已售/已满,已售,多云,18,16,3,0.0,81,28
2026-05-21 09:30:46,2026-05-21,3,篮球场-1号南半场,19:00-20:00,1,1,已售/已满,已售,多云,18,16,3,0.0,81,32
2026-05-21 09:40:36,2026-05-21,3,篮球场-1号南半场,19:00-20:00,1,1,已售/已满,已售,多云,19,17,3,0.0,79,32
2026-05-21 09:50:42,2026-05-21,3,篮球场-1号南半场,19:00-20:00,1,1,已售/已满,已售,多云,19,17,4,0.0,81,32
2026-05-21 10:00:46,2026-05-21,3,篮球场-1号南半场,19:00-20:00,1,1,已售/已满,已售,多云,19,17,4,0.0,79,32
2026-05-21 10:10:40,2026-05-21,3,篮球场-1号南半场,19:00-20:00,1,1,已售/已满,已售,多云,19,17,4,0.0,79,32
2026-05-21 10:20:38,2026-05-21,3,篮球场-1号南半场,19:00-20:00,1,1,已售/已满,已售,多云,19,17,4,0.0,79,32
2026-05-21 10:30:41,2026-05-21,3,篮球场-1号南半场,19:00-20:00,1,1,已售/已满,已售,多云,19,18,3,0.0,78,31
2026-05-21 11:00:44,2026-05-21,3,篮球场-1号南半场,19:00-20:00,1,1,已售/已满,已售,多云,21,17,5,0.0,74,31
2026-05-21 11:30:38,2026-05-21,3,篮球场-1号南半场,19:00-20:00,1,1,已售/已满,已售,多云,21,19,3,0.0,72,33
2026-05-21 12:00:46,2026-05-21,3,篮球场-1号南半场,19:00-20:00,1,1,已售/已满,已售,多云,22,19,4,0.0,70,33
2026-05-21 12:30:42,2026-05-21,3,篮球场-1号南半场,19:00-20:00,1,1,已售/已满,已售,多云,22,21,3,0.0,68,35
2026-05-21 13:00:43,2026-05-21,3,篮球场-1号南半场,19:00-20:00,1,1,已售/已满,已售,多云,24,22,4,0.0,66,35
2026-05-21 13:30:43,2026-05-21,3,篮球场-1号南半场,19:00-20:00,1,1,已售/已满,已售,多云,24,22,4,0.0,66,36
2026-05-21 14:00:48,2026-05-21,3,篮球场-1号南半场,19:00-20:00,1,1,已售/已满,已售,多云,25,23,4,0.0,66,36
2026-05-21 14:30:45,2026-05-21,3,篮球场-1号南半场,19:00-20:00,1,1,已售/已满,已售,晴,25,25,3,0.0,65,39
2026-05-21 15:00:45,2026-05-21,3,篮球场-1号南半场,19:00-20:00,1,1,已售/已满,已售,晴,25,22,4,0.0,56,39
2026-05-21 15:30:43,2026-05-21,3,篮球场-1号南半场,19:00-20:00,1,1,已售/已满,已售,晴,25,23,4,0.0,57,40
2026-05-21 16:00:51,2026-05-21,3,篮球场-1号南半场,19:00-20:00,1,1,已售/已满,已售,晴,25,23,4,0.0,57,40
2026-05-21 16:30:48,2026-05-21,3,篮球场-1号南半场,19:00-20:00,1,1,已售/已满,已售,晴,25,24,3,0.0,60,39
2026-05-21 17:00:49,2026-05-21,3,篮球场-1号南半场,19:00-20:00,1,1,已售/已满,已售,晴,25,24,4,0.0,61,39
2026-05-21 17:30:47,2026-05-21,3,篮球场-1号南半场,19:00-20:00,1,1,已售/已满,已售,多云,24,23,3,0.0,64,39
2026-05-21 18:00:50,2026-05-21,3,篮球场-1号南半场,19:00-20:00,1,1,已售/已满,已售,多云,24,23,3,0.0,68,39
2026-05-21 18:30:50,2026-05-21,3,篮球场-1号南半场,19:00-20:00,1,1,已售/已满,已售,阴,24,25,2,0.0,68,40
2026-05-21 19:00:50,2026-05-21,3,篮球场-1号南半场,19:00-20:00,1,1,已售/已满,已售,阴,23,23,3,0.0,76,40
2026-05-21 19:30:46,2026-05-21,3,篮球场-1号南半场,19:00-20:00,1,1,已售/已满,已售,阴,23,24,2,0.0,77,39
2026-05-21 20:00:49,2026-05-21,3,篮球场-1号南半场,19:00-20:00,1,1,已售/已满,已售,雾,22,23,2,0.0,89,39
2026-05-21 20:30:44,2026-05-21,3,篮球场-1号南半场,19:00-20:00,1,1,已售/已满,已售,雾,22,24,2,0.0,93,43
2026-05-21 21:00:56,2026-05-21,3,篮球场-1号南半场,19:00-20:00,1,1,已售/已满,已售,雾,20,21,2,0.0,98,43
2026-05-21 21:30:46,2026-05-21,3,篮球场-1号南半场,19:00-20:00,1,1,已售/已满,已售,雾,20,22,1,0.0,99,41
2026-05-21 22:01:02,2026-05-21,3,篮球场-1号南半场,19:00-20:00,1,1,已售/已满,已售,雾,19,20,2,0.0,93,41
2026-05-21 22:30:47,2026-05-21,3,篮球场-1号南半场,19:00-20:00,1,1,已售/已满,已售,雾,19,19,3,0.0,88,46
2026-05-21 23:00:56,2026-05-21,3,篮球场-1号南半场,19:00-20:00,1,1,已售/已满,已售,多云,18,17,3,0.0,85,46
2026-05-21 23:30:55,2026-05-21,3,篮球场-1号南半场,19:00-20:00,1,1,已售/已满,已售,多云,18,17,3,0.0,85,48
2026-05-21 00:30:49,2026-05-21,3,篮球场-1号南半场,20:30-21:30,1,1,已售/已满,已售,多云,15,13,3,0.0,100,26
2026-05-21 01:00:55,2026-05-21,3,篮球场-1号南半场,20:30-21:30,1,1,已售/已满,已售,多云,15,12,4,0.0,100,26
2026-05-21 01:30:47,2026-05-21,3,篮球场-1号南半场,20:30-21:30,1,1,已售/已满,已售,多云,15,13,4,0.0,100,28
2026-05-21 02:00:53,2026-05-21,3,篮球场-1号南半场,20:30-21:30,1,1,已售/已满,已售,多云,15,12,4,0.0,100,28
2026-05-21 02:30:49,2026-05-21,3,篮球场-1号南半场,20:30-21:30,1,1,已售/已满,已售,多云,15,14,3,0.0,100,29
2026-05-21 03:00:55,2026-05-21,3,篮球场-1号南半场,20:30-21:30,1,1,已售/已满,已售,多云,15,12,4,0.0,100,29
2026-05-21 03:30:49,2026-05-21,3,篮球场-1号南半场,20:30-21:30,1,1,已售/已满,已售,多云,15,14,3,0.0,100,30
2026-05-21 04:30:45,2026-05-21,3,篮球场-1号南半场,20:30-21:30,1,1,已售/已满,已售,多云,15,12,4,0.0,100,29
2026-05-21 05:00:52,2026-05-21,3,篮球场-1号南半场,20:30-21:30,1,1,已售/已满,已售,多云,15,12,4,0.0,100,29
2026-05-21 05:30:49,2026-05-21,3,篮球场-1号南半场,20:30-21:30,1,1,已售/已满,已售,多云,15,13,3,0.0,100,28
2026-05-21 06:00:50,2026-05-21,3,篮球场-1号南半场,20:30-21:30,1,1,已售/已满,已售,多云,15,13,4,0.0,99,28
2026-05-21 06:30:38,2026-05-21,3,篮球场-1号南半场,20:30-21:30,1,1,已售/已满,已售,多云,15,13,3,0.0,97,28
2026-05-21 07:00:43,2026-05-21,3,篮球场-1号南半场,20:30-21:30,1,1,已售/已满,已售,晴,15,11,5,0.0,93,28
2026-05-21 07:30:39,2026-05-21,3,篮球场-1号南半场,20:30-21:30,1,1,已售/已满,已售,晴,17,13,4,0.0,89,29
2026-05-21 07:50:40,2026-05-21,3,篮球场-1号南半场,20:30-21:30,1,1,已售/已满,已售,晴,17,13,4,0.0,88,29
2026-05-21 07:53:31,2026-05-21,3,篮球场-1号南半场,20:30-21:30,1,1,已售/已满,已售,晴,17,12,5,0.0,86,29
2026-05-21 07:56:31,2026-05-21,3,篮球场-1号南半场,20:30-21:30,1,1,已售/已满,已售,晴,17,12,5,0.0,86,29
2026-05-21 07:59:26,2026-05-21,3,篮球场-1号南半场,20:30-21:30,1,1,已售/已满,已售,晴,17,12,5,0.0,86,29
2026-05-21 08:00:45,2026-05-21,3,篮球场-1号南半场,20:30-21:30,1,1,已售/已满,已售,晴,17,12,5,0.0,86,29
2026-05-21 08:02:30,2026-05-21,3,篮球场-1号南半场,20:30-21:30,1,1,已售/已满,已售,多云,17,12,5,0.0,87,29
2026-05-21 08:05:36,2026-05-21,3,篮球场-1号南半场,20:30-21:30,1,1,已售/已满,已售,多云,17,12,5,0.0,86,29
2026-05-21 08:08:31,2026-05-21,3,篮球场-1号南半场,20:30-21:30,1,1,已售/已满,已售,多云,17,12,5,0.0,86,29
2026-05-21 08:11:30,2026-05-21,3,篮球场-1号南半场,20:30-21:30,1,1,已售/已满,已售,多云,17,12,5,0.0,86,29
2026-05-21 08:14:31,2026-05-21,3,篮球场-1号南半场,20:30-21:30,1,1,已售/已满,已售,多云,17,12,5,0.0,86,29
2026-05-21 08:17:30,2026-05-21,3,篮球场-1号南半场,20:30-21:30,1,1,已售/已满,已售,多云,17,12,5,0.0,86,29
2026-05-21 08:20:35,2026-05-21,3,篮球场-1号南半场,20:30-21:30,1,1,已售/已满,已售,多云,17,14,4,0.0,85,29
2026-05-21 08:25:32,2026-05-21,3,篮球场-1号南半场,20:30-21:30,1,1,已售/已满,已售,多云,17,14,4,0.0,85,28
2026-05-21 08:30:42,2026-05-21,3,篮球场-1号南半场,20:30-21:30,1,1,已售/已满,已售,多云,18,15,4,0.0,84,28
2026-05-21 08:35:31,2026-05-21,3,篮球场-1号南半场,20:30-21:30,1,1,已售/已满,已售,多云,18,15,4,0.0,84,28
2026-05-21 08:40:38,2026-05-21,3,篮球场-1号南半场,20:30-21:30,1,1,已售/已满,已售,多云,18,15,4,0.0,82,28
2026-05-21 08:45:33,2026-05-21,3,篮球场-1号南半场,20:30-21:30,1,1,已售/已满,已售,多云,18,15,4,0.0,82,28
2026-05-21 08:50:36,2026-05-21,3,篮球场-1号南半场,20:30-21:30,1,1,已售/已满,已售,多云,18,15,4,0.0,82,28
2026-05-21 08:55:34,2026-05-21,3,篮球场-1号南半场,20:30-21:30,1,1,已售/已满,已售,多云,18,15,4,0.0,84,28
2026-05-21 09:00:51,2026-05-21,3,篮球场-1号南半场,20:30-21:30,1,1,已售/已满,已售,多云,18,15,4,0.0,84,28
2026-05-21 09:01:59,2026-05-21,3,篮球场-1号南半场,20:30-21:30,1,1,已售/已满,已售,多云,18,15,4,0.0,83,28
2026-05-21 09:05:33,2026-05-21,3,篮球场-1号南半场,20:30-21:30,1,1,已售/已满,已售,多云,18,15,4,0.0,83,28
2026-05-21 09:20:38,2026-05-21,3,篮球场-1号南半场,20:30-21:30,1,1,已售/已满,已售,多云,18,16,3,0.0,81,28
2026-05-21 09:30:46,2026-05-21,3,篮球场-1号南半场,20:30-21:30,1,1,已售/已满,已售,多云,18,16,3,0.0,81,32
2026-05-21 09:40:36,2026-05-21,3,篮球场-1号南半场,20:30-21:30,1,1,已售/已满,已售,多云,19,17,3,0.0,79,32
2026-05-21 09:50:42,2026-05-21,3,篮球场-1号南半场,20:30-21:30,1,1,已售/已满,已售,多云,19,17,4,0.0,81,32
2026-05-21 10:00:46,2026-05-21,3,篮球场-1号南半场,20:30-21:30,1,1,已售/已满,已售,多云,19,17,4,0.0,79,32
2026-05-21 10:10:40,2026-05-21,3,篮球场-1号南半场,20:30-21:30,1,1,已售/已满,已售,多云,19,17,4,0.0,79,32
2026-05-21 10:20:38,2026-05-21,3,篮球场-1号南半场,20:30-21:30,1,1,已售/已满,已售,多云,19,17,4,0.0,79,32
2026-05-21 10:30:41,2026-05-21,3,篮球场-1号南半场,20:30-21:30,1,1,已售/已满,已售,多云,19,18,3,0.0,78,31
2026-05-21 11:00:44,2026-05-21,3,篮球场-1号南半场,20:30-21:30,1,1,已售/已满,已售,多云,21,17,5,0.0,74,31
2026-05-21 11:30:38,2026-05-21,3,篮球场-1号南半场,20:30-21:30,1,1,已售/已满,已售,多云,21,19,3,0.0,72,33
2026-05-21 12:00:46,2026-05-21,3,篮球场-1号南半场,20:30-21:30,1,1,已售/已满,已售,多云,22,19,4,0.0,70,33
2026-05-21 12:30:42,2026-05-21,3,篮球场-1号南半场,20:30-21:30,1,1,已售/已满,已售,多云,22,21,3,0.0,68,35
2026-05-21 13:00:43,2026-05-21,3,篮球场-1号南半场,20:30-21:30,1,1,已售/已满,已售,多云,24,22,4,0.0,66,35
2026-05-21 13:30:43,2026-05-21,3,篮球场-1号南半场,20:30-21:30,1,1,已售/已满,已售,多云,24,22,4,0.0,66,36
2026-05-21 14:00:48,2026-05-21,3,篮球场-1号南半场,20:30-21:30,1,1,已售/已满,已售,多云,25,23,4,0.0,66,36
2026-05-21 14:30:45,2026-05-21,3,篮球场-1号南半场,20:30-21:30,1,1,已售/已满,已售,晴,25,25,3,0.0,65,39
2026-05-21 15:00:45,2026-05-21,3,篮球场-1号南半场,20:30-21:30,1,1,已售/已满,已售,晴,25,22,4,0.0,56,39
2026-05-21 15:30:43,2026-05-21,3,篮球场-1号南半场,20:30-21:30,1,1,已售/已满,已售,晴,25,23,4,0.0,57,40
2026-05-21 16:00:51,2026-05-21,3,篮球场-1号南半场,20:30-21:30,1,1,已售/已满,已售,晴,25,23,4,0.0,57,40
2026-05-21 16:30:48,2026-05-21,3,篮球场-1号南半场,20:30-21:30,1,1,已售/已满,已售,晴,25,24,3,0.0,60,39
2026-05-21 17:00:49,2026-05-21,3,篮球场-1号南半场,20:30-21:30,1,1,已售/已满,已售,晴,25,24,4,0.0,61,39
2026-05-21 17:30:47,2026-05-21,3,篮球场-1号南半场,20:30-21:30,1,1,已售/已满,已售,多云,24,23,3,0.0,64,39
2026-05-21 18:00:50,2026-05-21,3,篮球场-1号南半场,20:30-21:30,1,1,已售/已满,已售,多云,24,23,3,0.0,68,39
2026-05-21 18:30:50,2026-05-21,3,篮球场-1号南半场,20:30-21:30,1,1,已售/已满,已售,阴,24,25,2,0.0,68,40
2026-05-21 19:00:50,2026-05-21,3,篮球场-1号南半场,20:30-21:30,1,1,已售/已满,已售,阴,23,23,3,0.0,76,40
2026-05-21 19:30:46,2026-05-21,3,篮球场-1号南半场,20:30-21:30,1,1,已售/已满,已售,阴,23,24,2,0.0,77,39
2026-05-21 20:00:49,2026-05-21,3,篮球场-1号南半场,20:30-21:30,1,1,已售/已满,已售,雾,22,23,2,0.0,89,39
2026-05-21 20:30:44,2026-05-21,3,篮球场-1号南半场,20:30-21:30,1,1,已售/已满,已售,雾,22,24,2,0.0,93,43
2026-05-21 21:00:56,2026-05-21,3,篮球场-1号南半场,20:30-21:30,1,1,已售/已满,已售,雾,20,21,2,0.0,98,43
2026-05-21 21:30:46,2026-05-21,3,篮球场-1号南半场,20:30-21:30,1,1,已售/已满,已售,雾,20,22,1,0.0,99,41
2026-05-21 22:01:02,2026-05-21,3,篮球场-1号南半场,20:30-21:30,1,1,已售/已满,已售,雾,19,20,2,0.0,93,41
2026-05-21 22:30:47,2026-05-21,3,篮球场-1号南半场,20:30-21:30,1,1,已售/已满,已售,雾,19,19,3,0.0,88,46
2026-05-21 23:00:56,2026-05-21,3,篮球场-1号南半场,20:30-21:30,1,1,已售/已满,已售,多云,18,17,3,0.0,85,46
2026-05-21 23:30:55,2026-05-21,3,篮球场-1号南半场,20:30-21:30,1,1,已售/已满,已售,多云,18,17,3,0.0,85,48
2026-05-21 00:30:49,2026-05-21,3,篮球场-2号北半场,09:00-10:00,0,1,可预约,￥75.0,多云,15,13,3,0.0,100,26
2026-05-21 01:00:55,2026-05-21,3,篮球场-2号北半场,09:00-10:00,0,1,可预约,￥75.0,多云,15,12,4,0.0,100,26
2026-05-21 01:30:47,2026-05-21,3,篮球场-2号北半场,09:00-10:00,0,1,可预约,￥75.0,多云,15,13,4,0.0,100,28
2026-05-21 02:00:53,2026-05-21,3,篮球场-2号北半场,09:00-10:00,0,1,可预约,￥75.0,多云,15,12,4,0.0,100,28
2026-05-21 02:30:49,2026-05-21,3,篮球场-2号北半场,09:00-10:00,0,1,可预约,￥75.0,多云,15,14,3,0.0,100,29
2026-05-21 03:00:55,2026-05-21,3,篮球场-2号北半场,09:00-10:00,0,1,可预约,￥75.0,多云,15,12,4,0.0,100,29
2026-05-21 03:30:49,2026-05-21,3,篮球场-2号北半场,09:00-10:00,0,1,可预约,￥75.0,多云,15,14,3,0.0,100,30
2026-05-21 04:30:45,2026-05-21,3,篮球场-2号北半场,09:00-10:00,0,1,可预约,￥75.0,多云,15,12,4,0.0,100,29
2026-05-21 05:00:52,2026-05-21,3,篮球场-2号北半场,09:00-10:00,0,1,可预约,￥75.0,多云,15,12,4,0.0,100,29
2026-05-21 05:30:49,2026-05-21,3,篮球场-2号北半场,09:00-10:00,0,1,可预约,￥75.0,多云,15,13,3,0.0,100,28
2026-05-21 06:00:50,2026-05-21,3,篮球场-2号北半场,09:00-10:00,0,1,可预约,￥75.0,多云,15,13,4,0.0,99,28
2026-05-21 06:30:38,2026-05-21,3,篮球场-2号北半场,09:00-10:00,0,1,可预约,￥75.0,多云,15,13,3,0.0,97,28
2026-05-21 07:00:43,2026-05-21,3,篮球场-2号北半场,09:00-10:00,0,1,可预约,￥75.0,晴,15,11,5,0.0,93,28
2026-05-21 07:30:39,2026-05-21,3,篮球场-2号北半场,09:00-10:00,0,1,可预约,￥75.0,晴,17,13,4,0.0,89,29
2026-05-21 07:50:40,2026-05-21,3,篮球场-2号北半场,09:00-10:00,0,1,可预约,￥75.0,晴,17,13,4,0.0,88,29
2026-05-21 07:53:31,2026-05-21,3,篮球场-2号北半场,09:00-10:00,0,1,可预约,￥75.0,晴,17,12,5,0.0,86,29
2026-05-21 07:56:31,2026-05-21,3,篮球场-2号北半场,09:00-10:00,0,1,可预约,￥75.0,晴,17,12,5,0.0,86,29
2026-05-21 07:59:26,2026-05-21,3,篮球场-2号北半场,09:00-10:00,0,1,可预约,￥75.0,晴,17,12,5,0.0,86,29
2026-05-21 08:00:45,2026-05-21,3,篮球场-2号北半场,09:00-10:00,0,1,可预约,￥75.0,晴,17,12,5,0.0,86,29
2026-05-21 08:02:30,2026-05-21,3,篮球场-2号北半场,09:00-10:00,0,1,可预约,￥75.0,多云,17,12,5,0.0,87,29
2026-05-21 08:05:36,2026-05-21,3,篮球场-2号北半场,09:00-10:00,0,1,可预约,￥75.0,多云,17,12,5,0.0,86,29
2026-05-21 08:08:31,2026-05-21,3,篮球场-2号北半场,09:00-10:00,0,1,可预约,￥75.0,多云,17,12,5,0.0,86,29
2026-05-21 08:11:30,2026-05-21,3,篮球场-2号北半场,09:00-10:00,0,1,可预约,￥75.0,多云,17,12,5,0.0,86,29
2026-05-21 08:14:31,2026-05-21,3,篮球场-2号北半场,09:00-10:00,0,1,可预约,￥75.0,多云,17,12,5,0.0,86,29
2026-05-21 08:17:30,2026-05-21,3,篮球场-2号北半场,09:00-10:00,0,1,可预约,￥75.0,多云,17,12,5,0.0,86,29
2026-05-21 08:20:35,2026-05-21,3,篮球场-2号北半场,09:00-10:00,0,1,可预约,￥75.0,多云,17,14,4,0.0,85,29
2026-05-21 08:25:32,2026-05-21,3,篮球场-2号北半场,09:00-10:00,0,1,可预约,￥75.0,多云,17,14,4,0.0,85,28
2026-05-21 08:30:42,2026-05-21,3,篮球场-2号北半场,09:00-10:00,0,1,可预约,￥75.0,多云,18,15,4,0.0,84,28
2026-05-21 08:35:31,2026-05-21,3,篮球场-2号北半场,09:00-10:00,0,1,可预约,￥75.0,多云,18,15,4,0.0,84,28
2026-05-21 08:40:38,2026-05-21,3,篮球场-2号北半场,09:00-10:00,0,1,可预约,￥75.0,多云,18,15,4,0.0,82,28
2026-05-21 08:45:33,2026-05-21,3,篮球场-2号北半场,09:00-10:00,0,1,可预约,￥75.0,多云,18,15,4,0.0,82,28
2026-05-21 08:50:36,2026-05-21,3,篮球场-2号北半场,09:00-10:00,0,1,可预约,￥75.0,多云,18,15,4,0.0,82,28
2026-05-21 08:55:34,2026-05-21,3,篮球场-2号北半场,09:00-10:00,0,1,可预约,￥75.0,多云,18,15,4,0.0,84,28
2026-05-21 09:00:51,2026-05-21,3,篮球场-2号北半场,09:00-10:00,0,1,可预约,￥75.0,多云,18,15,4,0.0,84,28
2026-05-21 09:01:59,2026-05-21,3,篮球场-2号北半场,09:00-10:00,0,1,可预约,￥75.0,多云,18,15,4,0.0,83,28
2026-05-21 09:05:33,2026-05-21,3,篮球场-2号北半场,09:00-10:00,0,1,可预约,￥75.0,多云,18,15,4,0.0,83,28
2026-05-21 09:20:38,2026-05-21,3,篮球场-2号北半场,09:00-10:00,0,1,可预约,￥75.0,多云,18,16,3,0.0,81,28
2026-05-21 09:30:46,2026-05-21,3,篮球场-2号北半场,09:00-10:00,0,1,可预约,￥75.0,多云,18,16,3,0.0,81,32
2026-05-21 09:40:36,2026-05-21,3,篮球场-2号北半场,09:00-10:00,0,1,可预约,￥75.0,多云,19,17,3,0.0,79,32
2026-05-21 09:50:42,2026-05-21,3,篮球场-2号北半场,09:00-10:00,0,1,可预约,￥75.0,多云,19,17,4,0.0,81,32
2026-05-21 10:00:46,2026-05-21,3,篮球场-2号北半场,09:00-10:00,0,1,不开放/已过期,,多云,19,17,4,0.0,79,32
2026-05-21 10:10:40,2026-05-21,3,篮球场-2号北半场,09:00-10:00,0,1,不开放/已过期,,多云,19,17,4,0.0,79,32
2026-05-21 10:20:38,2026-05-21,3,篮球场-2号北半场,09:00-10:00,0,1,不开放/已过期,,多云,19,17,4,0.0,79,32
2026-05-21 10:30:41,2026-05-21,3,篮球场-2号北半场,09:00-10:00,0,1,不开放/已过期,,多云,19,18,3,0.0,78,31
2026-05-21 11:00:44,2026-05-21,3,篮球场-2号北半场,09:00-10:00,0,1,不开放/已过期,,多云,21,17,5,0.0,74,31
2026-05-21 11:30:38,2026-05-21,3,篮球场-2号北半场,09:00-10:00,0,1,不开放/已过期,,多云,21,19,3,0.0,72,33
2026-05-21 12:00:46,2026-05-21,3,篮球场-2号北半场,09:00-10:00,0,1,不开放/已过期,,多云,22,19,4,0.0,70,33
2026-05-21 12:30:42,2026-05-21,3,篮球场-2号北半场,09:00-10:00,0,1,不开放/已过期,,多云,22,21,3,0.0,68,35
2026-05-21 13:00:43,2026-05-21,3,篮球场-2号北半场,09:00-10:00,0,1,不开放/已过期,,多云,24,22,4,0.0,66,35
2026-05-21 13:30:43,2026-05-21,3,篮球场-2号北半场,09:00-10:00,0,1,不开放/已过期,,多云,24,22,4,0.0,66,36
2026-05-21 14:00:48,2026-05-21,3,篮球场-2号北半场,09:00-10:00,0,1,不开放/已过期,,多云,25,23,4,0.0,66,36
2026-05-21 14:30:45,2026-05-21,3,篮球场-2号北半场,09:00-10:00,0,1,不开放/已过期,,晴,25,25,3,0.0,65,39
2026-05-21 15:00:45,2026-05-21,3,篮球场-2号北半场,09:00-10:00,0,1,不开放/已过期,,晴,25,22,4,0.0,56,39
2026-05-21 15:30:43,2026-05-21,3,篮球场-2号北半场,09:00-10:00,0,1,不开放/已过期,,晴,25,23,4,0.0,57,40
2026-05-21 16:00:51,2026-05-21,3,篮球场-2号北半场,09:00-10:00,0,1,不开放/已过期,,晴,25,23,4,0.0,57,40
2026-05-21 16:30:48,2026-05-21,3,篮球场-2号北半场,09:00-10:00,0,1,不开放/已过期,,晴,25,24,3,0.0,60,39
2026-05-21 17:00:49,2026-05-21,3,篮球场-2号北半场,09:00-10:00,0,1,不开放/已过期,,晴,25,24,4,0.0,61,39
2026-05-21 17:30:47,2026-05-21,3,篮球场-2号北半场,09:00-10:00,0,1,不开放/已过期,,多云,24,23,3,0.0,64,39
2026-05-21 18:00:50,2026-05-21,3,篮球场-2号北半场,09:00-10:00,0,1,不开放/已过期,,多云,24,23,3,0.0,68,39
2026-05-21 18:30:50,2026-05-21,3,篮球场-2号北半场,09:00-10:00,0,1,不开放/已过期,,阴,24,25,2,0.0,68,40
2026-05-21 19:00:50,2026-05-21,3,篮球场-2号北半场,09:00-10:00,0,1,不开放/已过期,,阴,23,23,3,0.0,76,40
2026-05-21 19:30:46,2026-05-21,3,篮球场-2号北半场,09:00-10:00,0,1,不开放/已过期,,阴,23,24,2,0.0,77,39
2026-05-21 20:00:49,2026-05-21,3,篮球场-2号北半场,09:00-10:00,0,1,不开放/已过期,,雾,22,23,2,0.0,89,39
2026-05-21 20:30:44,2026-05-21,3,篮球场-2号北半场,09:00-10:00,0,1,不开放/已过期,,雾,22,24,2,0.0,93,43
2026-05-21 21:00:56,2026-05-21,3,篮球场-2号北半场,09:00-10:00,0,1,不开放/已过期,,雾,20,21,2,0.0,98,43
2026-05-21 21:30:46,2026-05-21,3,篮球场-2号北半场,09:00-10:00,0,1,不开放/已过期,,雾,20,22,1,0.0,99,41
2026-05-21 22:01:02,2026-05-21,3,篮球场-2号北半场,09:00-10:00,0,1,不开放/已过期,,雾,19,20,2,0.0,93,41
2026-05-21 22:30:47,2026-05-21,3,篮球场-2号北半场,09:00-10:00,0,1,不开放/已过期,,雾,19,19,3,0.0,88,46
2026-05-21 23:00:56,2026-05-21,3,篮球场-2号北半场,09:00-10:00,0,1,不开放/已过期,,多云,18,17,3,0.0,85,46
2026-05-21 23:30:55,2026-05-21,3,篮球场-2号北半场,09:00-10:00,0,1,不开放/已过期,,多云,18,17,3,0.0,85,48
2026-05-21 00:30:49,2026-05-21,3,篮球场-2号北半场,10:30-11:30,1,1,已售/已满,教学时间,多云,15,13,3,0.0,100,26
2026-05-21 01:00:55,2026-05-21,3,篮球场-2号北半场,10:30-11:30,1,1,已售/已满,教学时间,多云,15,12,4,0.0,100,26
2026-05-21 01:30:47,2026-05-21,3,篮球场-2号北半场,10:30-11:30,1,1,已售/已满,教学时间,多云,15,13,4,0.0,100,28
2026-05-21 02:00:53,2026-05-21,3,篮球场-2号北半场,10:30-11:30,1,1,已售/已满,教学时间,多云,15,12,4,0.0,100,28
2026-05-21 02:30:49,2026-05-21,3,篮球场-2号北半场,10:30-11:30,1,1,已售/已满,教学时间,多云,15,14,3,0.0,100,29
2026-05-21 03:00:55,2026-05-21,3,篮球场-2号北半场,10:30-11:30,1,1,已售/已满,教学时间,多云,15,12,4,0.0,100,29
2026-05-21 03:30:49,2026-05-21,3,篮球场-2号北半场,10:30-11:30,1,1,已售/已满,教学时间,多云,15,14,3,0.0,100,30
2026-05-21 04:30:45,2026-05-21,3,篮球场-2号北半场,10:30-11:30,1,1,已售/已满,教学时间,多云,15,12,4,0.0,100,29
2026-05-21 05:00:52,2026-05-21,3,篮球场-2号北半场,10:30-11:30,1,1,已售/已满,教学时间,多云,15,12,4,0.0,100,29
2026-05-21 05:30:49,2026-05-21,3,篮球场-2号北半场,10:30-11:30,1,1,已售/已满,教学时间,多云,15,13,3,0.0,100,28
2026-05-21 06:00:50,2026-05-21,3,篮球场-2号北半场,10:30-11:30,1,1,已售/已满,教学时间,多云,15,13,4,0.0,99,28
2026-05-21 06:30:38,2026-05-21,3,篮球场-2号北半场,10:30-11:30,1,1,已售/已满,教学时间,多云,15,13,3,0.0,97,28
2026-05-21 07:00:43,2026-05-21,3,篮球场-2号北半场,10:30-11:30,1,1,已售/已满,教学时间,晴,15,11,5,0.0,93,28
2026-05-21 07:30:39,2026-05-21,3,篮球场-2号北半场,10:30-11:30,1,1,已售/已满,教学时间,晴,17,13,4,0.0,89,29
2026-05-21 07:50:40,2026-05-21,3,篮球场-2号北半场,10:30-11:30,1,1,已售/已满,教学时间,晴,17,13,4,0.0,88,29
2026-05-21 07:53:31,2026-05-21,3,篮球场-2号北半场,10:30-11:30,1,1,已售/已满,教学时间,晴,17,12,5,0.0,86,29
2026-05-21 07:56:31,2026-05-21,3,篮球场-2号北半场,10:30-11:30,1,1,已售/已满,教学时间,晴,17,12,5,0.0,86,29
2026-05-21 07:59:26,2026-05-21,3,篮球场-2号北半场,10:30-11:30,1,1,已售/已满,教学时间,晴,17,12,5,0.0,86,29
2026-05-21 08:00:45,2026-05-21,3,篮球场-2号北半场,10:30-11:30,1,1,已售/已满,教学时间,晴,17,12,5,0.0,86,29
2026-05-21 08:02:30,2026-05-21,3,篮球场-2号北半场,10:30-11:30,1,1,已售/已满,教学时间,多云,17,12,5,0.0,87,29
2026-05-21 08:05:36,2026-05-21,3,篮球场-2号北半场,10:30-11:30,1,1,已售/已满,教学时间,多云,17,12,5,0.0,86,29
2026-05-21 08:08:31,2026-05-21,3,篮球场-2号北半场,10:30-11:30,1,1,已售/已满,教学时间,多云,17,12,5,0.0,86,29
2026-05-21 08:11:30,2026-05-21,3,篮球场-2号北半场,10:30-11:30,1,1,已售/已满,教学时间,多云,17,12,5,0.0,86,29
2026-05-21 08:14:31,2026-05-21,3,篮球场-2号北半场,10:30-11:30,1,1,已售/已满,教学时间,多云,17,12,5,0.0,86,29
2026-05-21 08:17:30,2026-05-21,3,篮球场-2号北半场,10:30-11:30,1,1,已售/已满,教学时间,多云,17,12,5,0.0,86,29
2026-05-21 08:20:35,2026-05-21,3,篮球场-2号北半场,10:30-11:30,1,1,已售/已满,教学时间,多云,17,14,4,0.0,85,29
2026-05-21 08:25:32,2026-05-21,3,篮球场-2号北半场,10:30-11:30,1,1,已售/已满,教学时间,多云,17,14,4,0.0,85,28
2026-05-21 08:30:42,2026-05-21,3,篮球场-2号北半场,10:30-11:30,1,1,已售/已满,教学时间,多云,18,15,4,0.0,84,28
2026-05-21 08:35:31,2026-05-21,3,篮球场-2号北半场,10:30-11:30,1,1,已售/已满,教学时间,多云,18,15,4,0.0,84,28
2026-05-21 08:40:38,2026-05-21,3,篮球场-2号北半场,10:30-11:30,1,1,已售/已满,教学时间,多云,18,15,4,0.0,82,28
2026-05-21 08:45:33,2026-05-21,3,篮球场-2号北半场,10:30-11:30,1,1,已售/已满,教学时间,多云,18,15,4,0.0,82,28
2026-05-21 08:50:36,2026-05-21,3,篮球场-2号北半场,10:30-11:30,1,1,已售/已满,教学时间,多云,18,15,4,0.0,82,28
2026-05-21 08:55:34,2026-05-21,3,篮球场-2号北半场,10:30-11:30,1,1,已售/已满,教学时间,多云,18,15,4,0.0,84,28
2026-05-21 09:00:51,2026-05-21,3,篮球场-2号北半场,10:30-11:30,1,1,已售/已满,教学时间,多云,18,15,4,0.0,84,28
2026-05-21 09:01:59,2026-05-21,3,篮球场-2号北半场,10:30-11:30,1,1,已售/已满,教学时间,多云,18,15,4,0.0,83,28
2026-05-21 09:05:33,2026-05-21,3,篮球场-2号北半场,10:30-11:30,1,1,已售/已满,教学时间,多云,18,15,4,0.0,83,28
2026-05-21 09:20:38,2026-05-21,3,篮球场-2号北半场,10:30-11:30,1,1,已售/已满,教学时间,多云,18,16,3,0.0,81,28
2026-05-21 09:30:46,2026-05-21,3,篮球场-2号北半场,10:30-11:30,1,1,已售/已满,教学时间,多云,18,16,3,0.0,81,32
2026-05-21 09:40:36,2026-05-21,3,篮球场-2号北半场,10:30-11:30,1,1,已售/已满,教学时间,多云,19,17,3,0.0,79,32
2026-05-21 09:50:42,2026-05-21,3,篮球场-2号北半场,10:30-11:30,1,1,已售/已满,教学时间,多云,19,17,4,0.0,81,32
2026-05-21 10:00:46,2026-05-21,3,篮球场-2号北半场,10:30-11:30,1,1,已售/已满,教学时间,多云,19,17,4,0.0,79,32
2026-05-21 10:10:40,2026-05-21,3,篮球场-2号北半场,10:30-11:30,1,1,已售/已满,教学时间,多云,19,17,4,0.0,79,32
2026-05-21 10:20:38,2026-05-21,3,篮球场-2号北半场,10:30-11:30,1,1,已售/已满,教学时间,多云,19,17,4,0.0,79,32
2026-05-21 10:30:41,2026-05-21,3,篮球场-2号北半场,10:30-11:30,1,1,已售/已满,教学时间,多云,19,18,3,0.0,78,31
2026-05-21 11:00:44,2026-05-21,3,篮球场-2号北半场,10:30-11:30,1,1,已售/已满,教学时间,多云,21,17,5,0.0,74,31
2026-05-21 11:30:38,2026-05-21,3,篮球场-2号北半场,10:30-11:30,1,1,已售/已满,教学时间,多云,21,19,3,0.0,72,33
2026-05-21 12:00:46,2026-05-21,3,篮球场-2号北半场,10:30-11:30,1,1,已售/已满,教学时间,多云,22,19,4,0.0,70,33
2026-05-21 12:30:42,2026-05-21,3,篮球场-2号北半场,10:30-11:30,1,1,已售/已满,教学时间,多云,22,21,3,0.0,68,35
2026-05-21 13:00:43,2026-05-21,3,篮球场-2号北半场,10:30-11:30,1,1,已售/已满,教学时间,多云,24,22,4,0.0,66,35
2026-05-21 13:30:43,2026-05-21,3,篮球场-2号北半场,10:30-11:30,1,1,已售/已满,教学时间,多云,24,22,4,0.0,66,36
2026-05-21 14:00:48,2026-05-21,3,篮球场-2号北半场,10:30-11:30,1,1,已售/已满,教学时间,多云,25,23,4,0.0,66,36
2026-05-21 14:30:45,2026-05-21,3,篮球场-2号北半场,10:30-11:30,1,1,已售/已满,教学时间,晴,25,25,3,0.0,65,39
2026-05-21 15:00:45,2026-05-21,3,篮球场-2号北半场,10:30-11:30,1,1,已售/已满,教学时间,晴,25,22,4,0.0,56,39
2026-05-21 15:30:43,2026-05-21,3,篮球场-2号北半场,10:30-11:30,1,1,已售/已满,教学时间,晴,25,23,4,0.0,57,40
2026-05-21 16:00:51,2026-05-21,3,篮球场-2号北半场,10:30-11:30,1,1,已售/已满,教学时间,晴,25,23,4,0.0,57,40
2026-05-21 16:30:48,2026-05-21,3,篮球场-2号北半场,10:30-11:30,1,1,已售/已满,教学时间,晴,25,24,3,0.0,60,39
2026-05-21 17:00:49,2026-05-21,3,篮球场-2号北半场,10:30-11:30,1,1,已售/已满,教学时间,晴,25,24,4,0.0,61,39
2026-05-21 17:30:47,2026-05-21,3,篮球场-2号北半场,10:30-11:30,1,1,已售/已满,教学时间,多云,24,23,3,0.0,64,39
2026-05-21 18:00:50,2026-05-21,3,篮球场-2号北半场,10:30-11:30,1,1,已售/已满,教学时间,多云,24,23,3,0.0,68,39
2026-05-21 18:30:50,2026-05-21,3,篮球场-2号北半场,10:30-11:30,1,1,已售/已满,教学时间,阴,24,25,2,0.0,68,40
2026-05-21 19:00:50,2026-05-21,3,篮球场-2号北半场,10:30-11:30,1,1,已售/已满,教学时间,阴,23,23,3,0.0,76,40
2026-05-21 19:30:46,2026-05-21,3,篮球场-2号北半场,10:30-11:30,1,1,已售/已满,教学时间,阴,23,24,2,0.0,77,39
2026-05-21 20:00:49,2026-05-21,3,篮球场-2号北半场,10:30-11:30,1,1,已售/已满,教学时间,雾,22,23,2,0.0,89,39
2026-05-21 20:30:44,2026-05-21,3,篮球场-2号北半场,10:30-11:30,1,1,已售/已满,教学时间,雾,22,24,2,0.0,93,43
2026-05-21 21:00:56,2026-05-21,3,篮球场-2号北半场,10:30-11:30,1,1,已售/已满,教学时间,雾,20,21,2,0.0,98,43
2026-05-21 21:30:46,2026-05-21,3,篮球场-2号北半场,10:30-11:30,1,1,已售/已满,教学时间,雾,20,22,1,0.0,99,41
2026-05-21 22:01:02,2026-05-21,3,篮球场-2号北半场,10:30-11:30,1,1,已售/已满,教学时间,雾,19,20,2,0.0,93,41
2026-05-21 22:30:47,2026-05-21,3,篮球场-2号北半场,10:30-11:30,1,1,已售/已满,教学时间,雾,19,19,3,0.0,88,46
2026-05-21 23:00:56,2026-05-21,3,篮球场-2号北半场,10:30-11:30,1,1,已售/已满,教学时间,多云,18,17,3,0.0,85,46
2026-05-21 23:30:55,2026-05-21,3,篮球场-2号北半场,10:30-11:30,1,1,已售/已满,教学时间,多云,18,17,3,0.0,85,48
2026-05-21 00:30:49,2026-05-21,3,篮球场-2号北半场,12:00-13:00,0,1,可预约,￥75.0,多云,15,13,3,0.0,100,26
2026-05-21 01:00:55,2026-05-21,3,篮球场-2号北半场,12:00-13:00,0,1,可预约,￥75.0,多云,15,12,4,0.0,100,26
2026-05-21 01:30:47,2026-05-21,3,篮球场-2号北半场,12:00-13:00,0,1,可预约,￥75.0,多云,15,13,4,0.0,100,28
2026-05-21 02:00:53,2026-05-21,3,篮球场-2号北半场,12:00-13:00,0,1,可预约,￥75.0,多云,15,12,4,0.0,100,28
2026-05-21 02:30:49,2026-05-21,3,篮球场-2号北半场,12:00-13:00,0,1,可预约,￥75.0,多云,15,14,3,0.0,100,29
2026-05-21 03:00:55,2026-05-21,3,篮球场-2号北半场,12:00-13:00,0,1,可预约,￥75.0,多云,15,12,4,0.0,100,29
2026-05-21 03:30:49,2026-05-21,3,篮球场-2号北半场,12:00-13:00,0,1,可预约,￥75.0,多云,15,14,3,0.0,100,30
2026-05-21 04:30:45,2026-05-21,3,篮球场-2号北半场,12:00-13:00,0,1,可预约,￥75.0,多云,15,12,4,0.0,100,29
2026-05-21 05:00:52,2026-05-21,3,篮球场-2号北半场,12:00-13:00,0,1,可预约,￥75.0,多云,15,12,4,0.0,100,29
2026-05-21 05:30:49,2026-05-21,3,篮球场-2号北半场,12:00-13:00,0,1,可预约,￥75.0,多云,15,13,3,0.0,100,28
2026-05-21 06:00:50,2026-05-21,3,篮球场-2号北半场,12:00-13:00,0,1,可预约,￥75.0,多云,15,13,4,0.0,99,28
2026-05-21 06:30:38,2026-05-21,3,篮球场-2号北半场,12:00-13:00,0,1,可预约,￥75.0,多云,15,13,3,0.0,97,28
2026-05-21 07:00:43,2026-05-21,3,篮球场-2号北半场,12:00-13:00,0,1,可预约,￥75.0,晴,15,11,5,0.0,93,28
2026-05-21 07:30:39,2026-05-21,3,篮球场-2号北半场,12:00-13:00,0,1,可预约,￥75.0,晴,17,13,4,0.0,89,29
2026-05-21 07:50:40,2026-05-21,3,篮球场-2号北半场,12:00-13:00,0,1,可预约,￥75.0,晴,17,13,4,0.0,88,29
2026-05-21 07:53:31,2026-05-21,3,篮球场-2号北半场,12:00-13:00,0,1,可预约,￥75.0,晴,17,12,5,0.0,86,29
2026-05-21 07:56:31,2026-05-21,3,篮球场-2号北半场,12:00-13:00,0,1,可预约,￥75.0,晴,17,12,5,0.0,86,29
2026-05-21 07:59:26,2026-05-21,3,篮球场-2号北半场,12:00-13:00,0,1,可预约,￥75.0,晴,17,12,5,0.0,86,29
2026-05-21 08:00:45,2026-05-21,3,篮球场-2号北半场,12:00-13:00,0,1,可预约,￥75.0,晴,17,12,5,0.0,86,29
2026-05-21 08:02:30,2026-05-21,3,篮球场-2号北半场,12:00-13:00,0,1,可预约,￥75.0,多云,17,12,5,0.0,87,29
2026-05-21 08:05:36,2026-05-21,3,篮球场-2号北半场,12:00-13:00,0,1,可预约,￥75.0,多云,17,12,5,0.0,86,29
2026-05-21 08:08:31,2026-05-21,3,篮球场-2号北半场,12:00-13:00,0,1,可预约,￥75.0,多云,17,12,5,0.0,86,29
2026-05-21 08:11:30,2026-05-21,3,篮球场-2号北半场,12:00-13:00,0,1,可预约,￥75.0,多云,17,12,5,0.0,86,29
2026-05-21 08:14:31,2026-05-21,3,篮球场-2号北半场,12:00-13:00,0,1,可预约,￥75.0,多云,17,12,5,0.0,86,29
2026-05-21 08:17:30,2026-05-21,3,篮球场-2号北半场,12:00-13:00,0,1,可预约,￥75.0,多云,17,12,5,0.0,86,29
2026-05-21 08:20:35,2026-05-21,3,篮球场-2号北半场,12:00-13:00,0,1,可预约,￥75.0,多云,17,14,4,0.0,85,29
2026-05-21 08:25:32,2026-05-21,3,篮球场-2号北半场,12:00-13:00,0,1,可预约,￥75.0,多云,17,14,4,0.0,85,28
2026-05-21 08:30:42,2026-05-21,3,篮球场-2号北半场,12:00-13:00,0,1,可预约,￥75.0,多云,18,15,4,0.0,84,28
2026-05-21 08:35:31,2026-05-21,3,篮球场-2号北半场,12:00-13:00,0,1,可预约,￥75.0,多云,18,15,4,0.0,84,28
2026-05-21 08:40:38,2026-05-21,3,篮球场-2号北半场,12:00-13:00,0,1,可预约,￥75.0,多云,18,15,4,0.0,82,28
2026-05-21 08:45:33,2026-05-21,3,篮球场-2号北半场,12:00-13:00,0,1,可预约,￥75.0,多云,18,15,4,0.0,82,28
2026-05-21 08:50:36,2026-05-21,3,篮球场-2号北半场,12:00-13:00,0,1,可预约,￥75.0,多云,18,15,4,0.0,82,28
2026-05-21 08:55:34,2026-05-21,3,篮球场-2号北半场,12:00-13:00,0,1,可预约,￥75.0,多云,18,15,4,0.0,84,28
2026-05-21 09:00:51,2026-05-21,3,篮球场-2号北半场,12:00-13:00,0,1,可预约,￥75.0,多云,18,15,4,0.0,84,28
2026-05-21 09:01:59,2026-05-21,3,篮球场-2号北半场,12:00-13:00,0,1,可预约,￥75.0,多云,18,15,4,0.0,83,28
2026-05-21 09:05:33,2026-05-21,3,篮球场-2号北半场,12:00-13:00,0,1,可预约,￥75.0,多云,18,15,4,0.0,83,28
2026-05-21 09:20:38,2026-05-21,3,篮球场-2号北半场,12:00-13:00,0,1,可预约,￥75.0,多云,18,16,3,0.0,81,28
2026-05-21 09:30:46,2026-05-21,3,篮球场-2号北半场,12:00-13:00,0,1,可预约,￥75.0,多云,18,16,3,0.0,81,32
2026-05-21 09:40:36,2026-05-21,3,篮球场-2号北半场,12:00-13:00,0,1,可预约,￥75.0,多云,19,17,3,0.0,79,32
2026-05-21 09:50:42,2026-05-21,3,篮球场-2号北半场,12:00-13:00,0,1,可预约,￥75.0,多云,19,17,4,0.0,81,32
2026-05-21 10:00:46,2026-05-21,3,篮球场-2号北半场,12:00-13:00,0,1,可预约,￥75.0,多云,19,17,4,0.0,79,32
2026-05-21 10:10:40,2026-05-21,3,篮球场-2号北半场,12:00-13:00,0,1,可预约,￥75.0,多云,19,17,4,0.0,79,32
2026-05-21 10:20:38,2026-05-21,3,篮球场-2号北半场,12:00-13:00,0,1,可预约,￥75.0,多云,19,17,4,0.0,79,32
2026-05-21 10:30:41,2026-05-21,3,篮球场-2号北半场,12:00-13:00,0,1,可预约,￥75.0,多云,19,18,3,0.0,78,31
2026-05-21 11:00:44,2026-05-21,3,篮球场-2号北半场,12:00-13:00,0,1,可预约,￥75.0,多云,21,17,5,0.0,74,31
2026-05-21 11:30:38,2026-05-21,3,篮球场-2号北半场,12:00-13:00,0,1,可预约,￥75.0,多云,21,19,3,0.0,72,33
2026-05-21 12:00:46,2026-05-21,3,篮球场-2号北半场,12:00-13:00,0,1,可预约,￥75.0,多云,22,19,4,0.0,70,33
2026-05-21 12:30:42,2026-05-21,3,篮球场-2号北半场,12:00-13:00,0,1,可预约,￥75.0,多云,22,21,3,0.0,68,35
2026-05-21 13:00:43,2026-05-21,3,篮球场-2号北半场,12:00-13:00,0,1,不开放/已过期,,多云,24,22,4,0.0,66,35
2026-05-21 13:30:43,2026-05-21,3,篮球场-2号北半场,12:00-13:00,0,1,不开放/已过期,,多云,24,22,4,0.0,66,36
2026-05-21 14:00:48,2026-05-21,3,篮球场-2号北半场,12:00-13:00,0,1,不开放/已过期,,多云,25,23,4,0.0,66,36
2026-05-21 14:30:45,2026-05-21,3,篮球场-2号北半场,12:00-13:00,0,1,不开放/已过期,,晴,25,25,3,0.0,65,39
2026-05-21 15:00:45,2026-05-21,3,篮球场-2号北半场,12:00-13:00,0,1,不开放/已过期,,晴,25,22,4,0.0,56,39
2026-05-21 15:30:43,2026-05-21,3,篮球场-2号北半场,12:00-13:00,0,1,不开放/已过期,,晴,25,23,4,0.0,57,40
2026-05-21 16:00:51,2026-05-21,3,篮球场-2号北半场,12:00-13:00,0,1,不开放/已过期,,晴,25,23,4,0.0,57,40
2026-05-21 16:30:48,2026-05-21,3,篮球场-2号北半场,12:00-13:00,0,1,不开放/已过期,,晴,25,24,3,0.0,60,39
2026-05-21 17:00:49,2026-05-21,3,篮球场-2号北半场,12:00-13:00,0,1,不开放/已过期,,晴,25,24,4,0.0,61,39
2026-05-21 17:30:47,2026-05-21,3,篮球场-2号北半场,12:00-13:00,0,1,不开放/已过期,,多云,24,23,3,0.0,64,39
2026-05-21 18:00:50,2026-05-21,3,篮球场-2号北半场,12:00-13:00,0,1,不开放/已过期,,多云,24,23,3,0.0,68,39
2026-05-21 18:30:50,2026-05-21,3,篮球场-2号北半场,12:00-13:00,0,1,不开放/已过期,,阴,24,25,2,0.0,68,40
2026-05-21 19:00:50,2026-05-21,3,篮球场-2号北半场,12:00-13:00,0,1,不开放/已过期,,阴,23,23,3,0.0,76,40
2026-05-21 19:30:46,2026-05-21,3,篮球场-2号北半场,12:00-13:00,0,1,不开放/已过期,,阴,23,24,2,0.0,77,39
2026-05-21 20:00:49,2026-05-21,3,篮球场-2号北半场,12:00-13:00,0,1,不开放/已过期,,雾,22,23,2,0.0,89,39
2026-05-21 20:30:44,2026-05-21,3,篮球场-2号北半场,12:00-13:00,0,1,不开放/已过期,,雾,22,24,2,0.0,93,43
2026-05-21 21:00:56,2026-05-21,3,篮球场-2号北半场,12:00-13:00,0,1,不开放/已过期,,雾,20,21,2,0.0,98,43
2026-05-21 21:30:46,2026-05-21,3,篮球场-2号北半场,12:00-13:00,0,1,不开放/已过期,,雾,20,22,1,0.0,99,41
2026-05-21 22:01:02,2026-05-21,3,篮球场-2号北半场,12:00-13:00,0,1,不开放/已过期,,雾,19,20,2,0.0,93,41
2026-05-21 22:30:47,2026-05-21,3,篮球场-2号北半场,12:00-13:00,0,1,不开放/已过期,,雾,19,19,3,0.0,88,46
2026-05-21 23:00:56,2026-05-21,3,篮球场-2号北半场,12:00-13:00,0,1,不开放/已过期,,多云,18,17,3,0.0,85,46
2026-05-21 23:30:55,2026-05-21,3,篮球场-2号北半场,12:00-13:00,0,1,不开放/已过期,,多云,18,17,3,0.0,85,48
2026-05-21 00:30:49,2026-05-21,3,篮球场-2号北半场,14:00-15:00,1,1,已售/已满,教学时间,多云,15,13,3,0.0,100,26
2026-05-21 01:00:55,2026-05-21,3,篮球场-2号北半场,14:00-15:00,1,1,已售/已满,教学时间,多云,15,12,4,0.0,100,26
2026-05-21 01:30:47,2026-05-21,3,篮球场-2号北半场,14:00-15:00,1,1,已售/已满,教学时间,多云,15,13,4,0.0,100,28
2026-05-21 02:00:53,2026-05-21,3,篮球场-2号北半场,14:00-15:00,1,1,已售/已满,教学时间,多云,15,12,4,0.0,100,28
2026-05-21 02:30:49,2026-05-21,3,篮球场-2号北半场,14:00-15:00,1,1,已售/已满,教学时间,多云,15,14,3,0.0,100,29
2026-05-21 03:00:55,2026-05-21,3,篮球场-2号北半场,14:00-15:00,1,1,已售/已满,教学时间,多云,15,12,4,0.0,100,29
2026-05-21 03:30:49,2026-05-21,3,篮球场-2号北半场,14:00-15:00,1,1,已售/已满,教学时间,多云,15,14,3,0.0,100,30
2026-05-21 04:30:45,2026-05-21,3,篮球场-2号北半场,14:00-15:00,1,1,已售/已满,教学时间,多云,15,12,4,0.0,100,29
2026-05-21 05:00:52,2026-05-21,3,篮球场-2号北半场,14:00-15:00,1,1,已售/已满,教学时间,多云,15,12,4,0.0,100,29
2026-05-21 05:30:49,2026-05-21,3,篮球场-2号北半场,14:00-15:00,1,1,已售/已满,教学时间,多云,15,13,3,0.0,100,28
2026-05-21 06:00:50,2026-05-21,3,篮球场-2号北半场,14:00-15:00,1,1,已售/已满,教学时间,多云,15,13,4,0.0,99,28
2026-05-21 06:30:38,2026-05-21,3,篮球场-2号北半场,14:00-15:00,1,1,已售/已满,教学时间,多云,15,13,3,0.0,97,28
2026-05-21 07:00:43,2026-05-21,3,篮球场-2号北半场,14:00-15:00,1,1,已售/已满,教学时间,晴,15,11,5,0.0,93,28
2026-05-21 07:30:39,2026-05-21,3,篮球场-2号北半场,14:00-15:00,1,1,已售/已满,教学时间,晴,17,13,4,0.0,89,29
2026-05-21 07:50:40,2026-05-21,3,篮球场-2号北半场,14:00-15:00,1,1,已售/已满,教学时间,晴,17,13,4,0.0,88,29
2026-05-21 07:53:31,2026-05-21,3,篮球场-2号北半场,14:00-15:00,1,1,已售/已满,教学时间,晴,17,12,5,0.0,86,29
2026-05-21 07:56:31,2026-05-21,3,篮球场-2号北半场,14:00-15:00,1,1,已售/已满,教学时间,晴,17,12,5,0.0,86,29
2026-05-21 07:59:26,2026-05-21,3,篮球场-2号北半场,14:00-15:00,1,1,已售/已满,教学时间,晴,17,12,5,0.0,86,29
2026-05-21 08:00:45,2026-05-21,3,篮球场-2号北半场,14:00-15:00,1,1,已售/已满,教学时间,晴,17,12,5,0.0,86,29
2026-05-21 08:02:30,2026-05-21,3,篮球场-2号北半场,14:00-15:00,1,1,已售/已满,教学时间,多云,17,12,5,0.0,87,29
2026-05-21 08:05:36,2026-05-21,3,篮球场-2号北半场,14:00-15:00,1,1,已售/已满,教学时间,多云,17,12,5,0.0,86,29
2026-05-21 08:08:31,2026-05-21,3,篮球场-2号北半场,14:00-15:00,1,1,已售/已满,教学时间,多云,17,12,5,0.0,86,29
2026-05-21 08:11:30,2026-05-21,3,篮球场-2号北半场,14:00-15:00,1,1,已售/已满,教学时间,多云,17,12,5,0.0,86,29
2026-05-21 08:14:31,2026-05-21,3,篮球场-2号北半场,14:00-15:00,1,1,已售/已满,教学时间,多云,17,12,5,0.0,86,29
2026-05-21 08:17:30,2026-05-21,3,篮球场-2号北半场,14:00-15:00,1,1,已售/已满,教学时间,多云,17,12,5,0.0,86,29
2026-05-21 08:20:35,2026-05-21,3,篮球场-2号北半场,14:00-15:00,1,1,已售/已满,教学时间,多云,17,14,4,0.0,85,29
2026-05-21 08:25:32,2026-05-21,3,篮球场-2号北半场,14:00-15:00,1,1,已售/已满,教学时间,多云,17,14,4,0.0,85,28
2026-05-21 08:30:42,2026-05-21,3,篮球场-2号北半场,14:00-15:00,1,1,已售/已满,教学时间,多云,18,15,4,0.0,84,28
2026-05-21 08:35:31,2026-05-21,3,篮球场-2号北半场,14:00-15:00,1,1,已售/已满,教学时间,多云,18,15,4,0.0,84,28
2026-05-21 08:40:38,2026-05-21,3,篮球场-2号北半场,14:00-15:00,1,1,已售/已满,教学时间,多云,18,15,4,0.0,82,28
2026-05-21 08:45:33,2026-05-21,3,篮球场-2号北半场,14:00-15:00,1,1,已售/已满,教学时间,多云,18,15,4,0.0,82,28
2026-05-21 08:50:36,2026-05-21,3,篮球场-2号北半场,14:00-15:00,1,1,已售/已满,教学时间,多云,18,15,4,0.0,82,28
2026-05-21 08:55:34,2026-05-21,3,篮球场-2号北半场,14:00-15:00,1,1,已售/已满,教学时间,多云,18,15,4,0.0,84,28
2026-05-21 09:00:51,2026-05-21,3,篮球场-2号北半场,14:00-15:00,1,1,已售/已满,教学时间,多云,18,15,4,0.0,84,28
2026-05-21 09:01:59,2026-05-21,3,篮球场-2号北半场,14:00-15:00,1,1,已售/已满,教学时间,多云,18,15,4,0.0,83,28
2026-05-21 09:05:33,2026-05-21,3,篮球场-2号北半场,14:00-15:00,1,1,已售/已满,教学时间,多云,18,15,4,0.0,83,28
2026-05-21 09:20:38,2026-05-21,3,篮球场-2号北半场,14:00-15:00,1,1,已售/已满,教学时间,多云,18,16,3,0.0,81,28
2026-05-21 09:30:46,2026-05-21,3,篮球场-2号北半场,14:00-15:00,1,1,已售/已满,教学时间,多云,18,16,3,0.0,81,32
2026-05-21 09:40:36,2026-05-21,3,篮球场-2号北半场,14:00-15:00,1,1,已售/已满,教学时间,多云,19,17,3,0.0,79,32
2026-05-21 09:50:42,2026-05-21,3,篮球场-2号北半场,14:00-15:00,1,1,已售/已满,教学时间,多云,19,17,4,0.0,81,32
2026-05-21 10:00:46,2026-05-21,3,篮球场-2号北半场,14:00-15:00,1,1,已售/已满,教学时间,多云,19,17,4,0.0,79,32
2026-05-21 10:10:40,2026-05-21,3,篮球场-2号北半场,14:00-15:00,1,1,已售/已满,教学时间,多云,19,17,4,0.0,79,32
2026-05-21 10:20:38,2026-05-21,3,篮球场-2号北半场,14:00-15:00,1,1,已售/已满,教学时间,多云,19,17,4,0.0,79,32
2026-05-21 10:30:41,2026-05-21,3,篮球场-2号北半场,14:00-15:00,1,1,已售/已满,教学时间,多云,19,18,3,0.0,78,31
2026-05-21 11:00:44,2026-05-21,3,篮球场-2号北半场,14:00-15:00,1,1,已售/已满,教学时间,多云,21,17,5,0.0,74,31
2026-05-21 11:30:38,2026-05-21,3,篮球场-2号北半场,14:00-15:00,1,1,已售/已满,教学时间,多云,21,19,3,0.0,72,33
2026-05-21 12:00:46,2026-05-21,3,篮球场-2号北半场,14:00-15:00,1,1,已售/已满,教学时间,多云,22,19,4,0.0,70,33
2026-05-21 12:30:42,2026-05-21,3,篮球场-2号北半场,14:00-15:00,1,1,已售/已满,教学时间,多云,22,21,3,0.0,68,35
2026-05-21 13:00:43,2026-05-21,3,篮球场-2号北半场,14:00-15:00,1,1,已售/已满,教学时间,多云,24,22,4,0.0,66,35
2026-05-21 13:30:43,2026-05-21,3,篮球场-2号北半场,14:00-15:00,1,1,已售/已满,教学时间,多云,24,22,4,0.0,66,36
2026-05-21 14:00:48,2026-05-21,3,篮球场-2号北半场,14:00-15:00,1,1,已售/已满,教学时间,多云,25,23,4,0.0,66,36
2026-05-21 14:30:45,2026-05-21,3,篮球场-2号北半场,14:00-15:00,1,1,已售/已满,教学时间,晴,25,25,3,0.0,65,39
2026-05-21 15:00:45,2026-05-21,3,篮球场-2号北半场,14:00-15:00,1,1,已售/已满,教学时间,晴,25,22,4,0.0,56,39
2026-05-21 15:30:43,2026-05-21,3,篮球场-2号北半场,14:00-15:00,1,1,已售/已满,教学时间,晴,25,23,4,0.0,57,40
2026-05-21 16:00:51,2026-05-21,3,篮球场-2号北半场,14:00-15:00,1,1,已售/已满,教学时间,晴,25,23,4,0.0,57,40
2026-05-21 16:30:48,2026-05-21,3,篮球场-2号北半场,14:00-15:00,1,1,已售/已满,教学时间,晴,25,24,3,0.0,60,39
2026-05-21 17:00:49,2026-05-21,3,篮球场-2号北半场,14:00-15:00,1,1,已售/已满,教学时间,晴,25,24,4,0.0,61,39
2026-05-21 17:30:47,2026-05-21,3,篮球场-2号北半场,14:00-15:00,1,1,已售/已满,教学时间,多云,24,23,3,0.0,64,39
2026-05-21 18:00:50,2026-05-21,3,篮球场-2号北半场,14:00-15:00,1,1,已售/已满,教学时间,多云,24,23,3,0.0,68,39
2026-05-21 18:30:50,2026-05-21,3,篮球场-2号北半场,14:00-15:00,1,1,已售/已满,教学时间,阴,24,25,2,0.0,68,40
2026-05-21 19:00:50,2026-05-21,3,篮球场-2号北半场,14:00-15:00,1,1,已售/已满,教学时间,阴,23,23,3,0.0,76,40
2026-05-21 19:30:46,2026-05-21,3,篮球场-2号北半场,14:00-15:00,1,1,已售/已满,教学时间,阴,23,24,2,0.0,77,39
2026-05-21 20:00:49,2026-05-21,3,篮球场-2号北半场,14:00-15:00,1,1,已售/已满,教学时间,雾,22,23,2,0.0,89,39
2026-05-21 20:30:44,2026-05-21,3,篮球场-2号北半场,14:00-15:00,1,1,已售/已满,教学时间,雾,22,24,2,0.0,93,43
2026-05-21 21:00:56,2026-05-21,3,篮球场-2号北半场,14:00-15:00,1,1,已售/已满,教学时间,雾,20,21,2,0.0,98,43
2026-05-21 21:30:46,2026-05-21,3,篮球场-2号北半场,14:00-15:00,1,1,已售/已满,教学时间,雾,20,22,1,0.0,99,41
2026-05-21 22:01:02,2026-05-21,3,篮球场-2号北半场,14:00-15:00,1,1,已售/已满,教学时间,雾,19,20,2,0.0,93,41
2026-05-21 22:30:47,2026-05-21,3,篮球场-2号北半场,14:00-15:00,1,1,已售/已满,教学时间,雾,19,19,3,0.0,88,46
2026-05-21 23:00:56,2026-05-21,3,篮球场-2号北半场,14:00-15:00,1,1,已售/已满,教学时间,多云,18,17,3,0.0,85,46
2026-05-21 23:30:55,2026-05-21,3,篮球场-2号北半场,14:00-15:00,1,1,已售/已满,教学时间,多云,18,17,3,0.0,85,48
2026-05-21 00:30:49,2026-05-21,3,篮球场-2号北半场,15:00-16:00,1,1,已售/已满,教学时间,多云,15,13,3,0.0,100,26
2026-05-21 01:00:55,2026-05-21,3,篮球场-2号北半场,15:00-16:00,1,1,已售/已满,教学时间,多云,15,12,4,0.0,100,26
2026-05-21 01:30:47,2026-05-21,3,篮球场-2号北半场,15:00-16:00,1,1,已售/已满,教学时间,多云,15,13,4,0.0,100,28
2026-05-21 02:00:53,2026-05-21,3,篮球场-2号北半场,15:00-16:00,1,1,已售/已满,教学时间,多云,15,12,4,0.0,100,28
2026-05-21 02:30:49,2026-05-21,3,篮球场-2号北半场,15:00-16:00,1,1,已售/已满,教学时间,多云,15,14,3,0.0,100,29
2026-05-21 03:00:55,2026-05-21,3,篮球场-2号北半场,15:00-16:00,1,1,已售/已满,教学时间,多云,15,12,4,0.0,100,29
2026-05-21 03:30:49,2026-05-21,3,篮球场-2号北半场,15:00-16:00,1,1,已售/已满,教学时间,多云,15,14,3,0.0,100,30
2026-05-21 04:30:45,2026-05-21,3,篮球场-2号北半场,15:00-16:00,1,1,已售/已满,教学时间,多云,15,12,4,0.0,100,29
2026-05-21 05:00:52,2026-05-21,3,篮球场-2号北半场,15:00-16:00,1,1,已售/已满,教学时间,多云,15,12,4,0.0,100,29
2026-05-21 05:30:49,2026-05-21,3,篮球场-2号北半场,15:00-16:00,1,1,已售/已满,教学时间,多云,15,13,3,0.0,100,28
2026-05-21 06:00:50,2026-05-21,3,篮球场-2号北半场,15:00-16:00,1,1,已售/已满,教学时间,多云,15,13,4,0.0,99,28
2026-05-21 06:30:38,2026-05-21,3,篮球场-2号北半场,15:00-16:00,1,1,已售/已满,教学时间,多云,15,13,3,0.0,97,28
2026-05-21 07:00:43,2026-05-21,3,篮球场-2号北半场,15:00-16:00,1,1,已售/已满,教学时间,晴,15,11,5,0.0,93,28
2026-05-21 07:30:39,2026-05-21,3,篮球场-2号北半场,15:00-16:00,1,1,已售/已满,教学时间,晴,17,13,4,0.0,89,29
2026-05-21 07:50:40,2026-05-21,3,篮球场-2号北半场,15:00-16:00,1,1,已售/已满,教学时间,晴,17,13,4,0.0,88,29
2026-05-21 07:53:31,2026-05-21,3,篮球场-2号北半场,15:00-16:00,1,1,已售/已满,教学时间,晴,17,12,5,0.0,86,29
2026-05-21 07:56:31,2026-05-21,3,篮球场-2号北半场,15:00-16:00,1,1,已售/已满,教学时间,晴,17,12,5,0.0,86,29
2026-05-21 07:59:26,2026-05-21,3,篮球场-2号北半场,15:00-16:00,1,1,已售/已满,教学时间,晴,17,12,5,0.0,86,29
2026-05-21 08:00:45,2026-05-21,3,篮球场-2号北半场,15:00-16:00,1,1,已售/已满,教学时间,晴,17,12,5,0.0,86,29
2026-05-21 08:02:30,2026-05-21,3,篮球场-2号北半场,15:00-16:00,1,1,已售/已满,教学时间,多云,17,12,5,0.0,87,29
2026-05-21 08:05:36,2026-05-21,3,篮球场-2号北半场,15:00-16:00,1,1,已售/已满,教学时间,多云,17,12,5,0.0,86,29
2026-05-21 08:08:31,2026-05-21,3,篮球场-2号北半场,15:00-16:00,1,1,已售/已满,教学时间,多云,17,12,5,0.0,86,29
2026-05-21 08:11:30,2026-05-21,3,篮球场-2号北半场,15:00-16:00,1,1,已售/已满,教学时间,多云,17,12,5,0.0,86,29
2026-05-21 08:14:31,2026-05-21,3,篮球场-2号北半场,15:00-16:00,1,1,已售/已满,教学时间,多云,17,12,5,0.0,86,29
2026-05-21 08:17:30,2026-05-21,3,篮球场-2号北半场,15:00-16:00,1,1,已售/已满,教学时间,多云,17,12,5,0.0,86,29
2026-05-21 08:20:35,2026-05-21,3,篮球场-2号北半场,15:00-16:00,1,1,已售/已满,教学时间,多云,17,14,4,0.0,85,29
2026-05-21 08:25:32,2026-05-21,3,篮球场-2号北半场,15:00-16:00,1,1,已售/已满,教学时间,多云,17,14,4,0.0,85,28
2026-05-21 08:30:42,2026-05-21,3,篮球场-2号北半场,15:00-16:00,1,1,已售/已满,教学时间,多云,18,15,4,0.0,84,28
2026-05-21 08:35:31,2026-05-21,3,篮球场-2号北半场,15:00-16:00,1,1,已售/已满,教学时间,多云,18,15,4,0.0,84,28
2026-05-21 08:40:38,2026-05-21,3,篮球场-2号北半场,15:00-16:00,1,1,已售/已满,教学时间,多云,18,15,4,0.0,82,28
2026-05-21 08:45:33,2026-05-21,3,篮球场-2号北半场,15:00-16:00,1,1,已售/已满,教学时间,多云,18,15,4,0.0,82,28
2026-05-21 08:50:36,2026-05-21,3,篮球场-2号北半场,15:00-16:00,1,1,已售/已满,教学时间,多云,18,15,4,0.0,82,28
2026-05-21 08:55:34,2026-05-21,3,篮球场-2号北半场,15:00-16:00,1,1,已售/已满,教学时间,多云,18,15,4,0.0,84,28
2026-05-21 09:00:51,2026-05-21,3,篮球场-2号北半场,15:00-16:00,1,1,已售/已满,教学时间,多云,18,15,4,0.0,84,28
2026-05-21 09:01:59,2026-05-21,3,篮球场-2号北半场,15:00-16:00,1,1,已售/已满,教学时间,多云,18,15,4,0.0,83,28
2026-05-21 09:05:33,2026-05-21,3,篮球场-2号北半场,15:00-16:00,1,1,已售/已满,教学时间,多云,18,15,4,0.0,83,28
2026-05-21 09:20:38,2026-05-21,3,篮球场-2号北半场,15:00-16:00,1,1,已售/已满,教学时间,多云,18,16,3,0.0,81,28
2026-05-21 09:30:46,2026-05-21,3,篮球场-2号北半场,15:00-16:00,1,1,已售/已满,教学时间,多云,18,16,3,0.0,81,32
2026-05-21 09:40:36,2026-05-21,3,篮球场-2号北半场,15:00-16:00,1,1,已售/已满,教学时间,多云,19,17,3,0.0,79,32
2026-05-21 09:50:42,2026-05-21,3,篮球场-2号北半场,15:00-16:00,1,1,已售/已满,教学时间,多云,19,17,4,0.0,81,32
2026-05-21 10:00:46,2026-05-21,3,篮球场-2号北半场,15:00-16:00,1,1,已售/已满,教学时间,多云,19,17,4,0.0,79,32
2026-05-21 10:10:40,2026-05-21,3,篮球场-2号北半场,15:00-16:00,1,1,已售/已满,教学时间,多云,19,17,4,0.0,79,32
2026-05-21 10:20:38,2026-05-21,3,篮球场-2号北半场,15:00-16:00,1,1,已售/已满,教学时间,多云,19,17,4,0.0,79,32
2026-05-21 10:30:41,2026-05-21,3,篮球场-2号北半场,15:00-16:00,1,1,已售/已满,教学时间,多云,19,18,3,0.0,78,31
2026-05-21 11:00:44,2026-05-21,3,篮球场-2号北半场,15:00-16:00,1,1,已售/已满,教学时间,多云,21,17,5,0.0,74,31
2026-05-21 11:30:38,2026-05-21,3,篮球场-2号北半场,15:00-16:00,1,1,已售/已满,教学时间,多云,21,19,3,0.0,72,33
2026-05-21 12:00:46,2026-05-21,3,篮球场-2号北半场,15:00-16:00,1,1,已售/已满,教学时间,多云,22,19,4,0.0,70,33
2026-05-21 12:30:42,2026-05-21,3,篮球场-2号北半场,15:00-16:00,1,1,已售/已满,教学时间,多云,22,21,3,0.0,68,35
2026-05-21 13:00:43,2026-05-21,3,篮球场-2号北半场,15:00-16:00,1,1,已售/已满,教学时间,多云,24,22,4,0.0,66,35
2026-05-21 13:30:43,2026-05-21,3,篮球场-2号北半场,15:00-16:00,1,1,已售/已满,教学时间,多云,24,22,4,0.0,66,36
2026-05-21 14:00:48,2026-05-21,3,篮球场-2号北半场,15:00-16:00,1,1,已售/已满,教学时间,多云,25,23,4,0.0,66,36
2026-05-21 14:30:45,2026-05-21,3,篮球场-2号北半场,15:00-16:00,1,1,已售/已满,教学时间,晴,25,25,3,0.0,65,39
2026-05-21 15:00:45,2026-05-21,3,篮球场-2号北半场,15:00-16:00,1,1,已售/已满,教学时间,晴,25,22,4,0.0,56,39
2026-05-21 15:30:43,2026-05-21,3,篮球场-2号北半场,15:00-16:00,1,1,已售/已满,教学时间,晴,25,23,4,0.0,57,40
2026-05-21 16:00:51,2026-05-21,3,篮球场-2号北半场,15:00-16:00,1,1,已售/已满,教学时间,晴,25,23,4,0.0,57,40
2026-05-21 16:30:48,2026-05-21,3,篮球场-2号北半场,15:00-16:00,1,1,已售/已满,教学时间,晴,25,24,3,0.0,60,39
2026-05-21 17:00:49,2026-05-21,3,篮球场-2号北半场,15:00-16:00,1,1,已售/已满,教学时间,晴,25,24,4,0.0,61,39
2026-05-21 17:30:47,2026-05-21,3,篮球场-2号北半场,15:00-16:00,1,1,已售/已满,教学时间,多云,24,23,3,0.0,64,39
2026-05-21 18:00:50,2026-05-21,3,篮球场-2号北半场,15:00-16:00,1,1,已售/已满,教学时间,多云,24,23,3,0.0,68,39
2026-05-21 18:30:50,2026-05-21,3,篮球场-2号北半场,15:00-16:00,1,1,已售/已满,教学时间,阴,24,25,2,0.0,68,40
2026-05-21 19:00:50,2026-05-21,3,篮球场-2号北半场,15:00-16:00,1,1,已售/已满,教学时间,阴,23,23,3,0.0,76,40
2026-05-21 19:30:46,2026-05-21,3,篮球场-2号北半场,15:00-16:00,1,1,已售/已满,教学时间,阴,23,24,2,0.0,77,39
2026-05-21 20:00:49,2026-05-21,3,篮球场-2号北半场,15:00-16:00,1,1,已售/已满,教学时间,雾,22,23,2,0.0,89,39
2026-05-21 20:30:44,2026-05-21,3,篮球场-2号北半场,15:00-16:00,1,1,已售/已满,教学时间,雾,22,24,2,0.0,93,43
2026-05-21 21:00:56,2026-05-21,3,篮球场-2号北半场,15:00-16:00,1,1,已售/已满,教学时间,雾,20,21,2,0.0,98,43
2026-05-21 21:30:46,2026-05-21,3,篮球场-2号北半场,15:00-16:00,1,1,已售/已满,教学时间,雾,20,22,1,0.0,99,41
2026-05-21 22:01:02,2026-05-21,3,篮球场-2号北半场,15:00-16:00,1,1,已售/已满,教学时间,雾,19,20,2,0.0,93,41
2026-05-21 22:30:47,2026-05-21,3,篮球场-2号北半场,15:00-16:00,1,1,已售/已满,教学时间,雾,19,19,3,0.0,88,46
2026-05-21 23:00:56,2026-05-21,3,篮球场-2号北半场,15:00-16:00,1,1,已售/已满,教学时间,多云,18,17,3,0.0,85,46
2026-05-21 23:30:55,2026-05-21,3,篮球场-2号北半场,15:00-16:00,1,1,已售/已满,教学时间,多云,18,17,3,0.0,85,48
2026-05-21 00:30:49,2026-05-21,3,篮球场-2号北半场,16:00-17:00,0,1,可预约,￥75.0,多云,15,13,3,0.0,100,26
2026-05-21 01:00:55,2026-05-21,3,篮球场-2号北半场,16:00-17:00,0,1,可预约,￥75.0,多云,15,12,4,0.0,100,26
2026-05-21 01:30:47,2026-05-21,3,篮球场-2号北半场,16:00-17:00,0,1,可预约,￥75.0,多云,15,13,4,0.0,100,28
2026-05-21 02:00:53,2026-05-21,3,篮球场-2号北半场,16:00-17:00,0,1,可预约,￥75.0,多云,15,12,4,0.0,100,28
2026-05-21 02:30:49,2026-05-21,3,篮球场-2号北半场,16:00-17:00,0,1,可预约,￥75.0,多云,15,14,3,0.0,100,29
2026-05-21 03:00:55,2026-05-21,3,篮球场-2号北半场,16:00-17:00,0,1,可预约,￥75.0,多云,15,12,4,0.0,100,29
2026-05-21 03:30:49,2026-05-21,3,篮球场-2号北半场,16:00-17:00,0,1,可预约,￥75.0,多云,15,14,3,0.0,100,30
2026-05-21 04:30:45,2026-05-21,3,篮球场-2号北半场,16:00-17:00,0,1,可预约,￥75.0,多云,15,12,4,0.0,100,29
2026-05-21 05:00:52,2026-05-21,3,篮球场-2号北半场,16:00-17:00,0,1,可预约,￥75.0,多云,15,12,4,0.0,100,29
2026-05-21 05:30:49,2026-05-21,3,篮球场-2号北半场,16:00-17:00,0,1,可预约,￥75.0,多云,15,13,3,0.0,100,28
2026-05-21 06:00:50,2026-05-21,3,篮球场-2号北半场,16:00-17:00,0,1,可预约,￥75.0,多云,15,13,4,0.0,99,28
2026-05-21 06:30:38,2026-05-21,3,篮球场-2号北半场,16:00-17:00,0,1,可预约,￥75.0,多云,15,13,3,0.0,97,28
2026-05-21 07:00:43,2026-05-21,3,篮球场-2号北半场,16:00-17:00,0,1,可预约,￥75.0,晴,15,11,5,0.0,93,28
2026-05-21 07:30:39,2026-05-21,3,篮球场-2号北半场,16:00-17:00,0,1,可预约,￥75.0,晴,17,13,4,0.0,89,29
2026-05-21 07:50:40,2026-05-21,3,篮球场-2号北半场,16:00-17:00,0,1,可预约,￥75.0,晴,17,13,4,0.0,88,29
2026-05-21 07:53:31,2026-05-21,3,篮球场-2号北半场,16:00-17:00,0,1,可预约,￥75.0,晴,17,12,5,0.0,86,29
2026-05-21 07:56:31,2026-05-21,3,篮球场-2号北半场,16:00-17:00,0,1,可预约,￥75.0,晴,17,12,5,0.0,86,29
2026-05-21 07:59:26,2026-05-21,3,篮球场-2号北半场,16:00-17:00,0,1,可预约,￥75.0,晴,17,12,5,0.0,86,29
2026-05-21 08:00:45,2026-05-21,3,篮球场-2号北半场,16:00-17:00,0,1,可预约,￥75.0,晴,17,12,5,0.0,86,29
2026-05-21 08:02:30,2026-05-21,3,篮球场-2号北半场,16:00-17:00,0,1,可预约,￥75.0,多云,17,12,5,0.0,87,29
2026-05-21 08:05:36,2026-05-21,3,篮球场-2号北半场,16:00-17:00,0,1,可预约,￥75.0,多云,17,12,5,0.0,86,29
2026-05-21 08:08:31,2026-05-21,3,篮球场-2号北半场,16:00-17:00,0,1,可预约,￥75.0,多云,17,12,5,0.0,86,29
2026-05-21 08:11:30,2026-05-21,3,篮球场-2号北半场,16:00-17:00,0,1,可预约,￥75.0,多云,17,12,5,0.0,86,29
2026-05-21 08:14:31,2026-05-21,3,篮球场-2号北半场,16:00-17:00,0,1,可预约,￥75.0,多云,17,12,5,0.0,86,29
2026-05-21 08:17:30,2026-05-21,3,篮球场-2号北半场,16:00-17:00,0,1,可预约,￥75.0,多云,17,12,5,0.0,86,29
2026-05-21 08:20:35,2026-05-21,3,篮球场-2号北半场,16:00-17:00,0,1,可预约,￥75.0,多云,17,14,4,0.0,85,29
2026-05-21 08:25:32,2026-05-21,3,篮球场-2号北半场,16:00-17:00,0,1,可预约,￥75.0,多云,17,14,4,0.0,85,28
2026-05-21 08:30:42,2026-05-21,3,篮球场-2号北半场,16:00-17:00,0,1,可预约,￥75.0,多云,18,15,4,0.0,84,28
2026-05-21 08:35:31,2026-05-21,3,篮球场-2号北半场,16:00-17:00,0,1,可预约,￥75.0,多云,18,15,4,0.0,84,28
2026-05-21 08:40:38,2026-05-21,3,篮球场-2号北半场,16:00-17:00,0,1,可预约,￥75.0,多云,18,15,4,0.0,82,28
2026-05-21 08:45:33,2026-05-21,3,篮球场-2号北半场,16:00-17:00,0,1,可预约,￥75.0,多云,18,15,4,0.0,82,28
2026-05-21 08:50:36,2026-05-21,3,篮球场-2号北半场,16:00-17:00,0,1,可预约,￥75.0,多云,18,15,4,0.0,82,28
2026-05-21 08:55:34,2026-05-21,3,篮球场-2号北半场,16:00-17:00,0,1,可预约,￥75.0,多云,18,15,4,0.0,84,28
2026-05-21 09:00:51,2026-05-21,3,篮球场-2号北半场,16:00-17:00,0,1,可预约,￥75.0,多云,18,15,4,0.0,84,28
2026-05-21 09:01:59,2026-05-21,3,篮球场-2号北半场,16:00-17:00,0,1,可预约,￥75.0,多云,18,15,4,0.0,83,28
2026-05-21 09:05:33,2026-05-21,3,篮球场-2号北半场,16:00-17:00,0,1,可预约,￥75.0,多云,18,15,4,0.0,83,28
2026-05-21 09:20:38,2026-05-21,3,篮球场-2号北半场,16:00-17:00,0,1,可预约,￥75.0,多云,18,16,3,0.0,81,28
2026-05-21 09:30:46,2026-05-21,3,篮球场-2号北半场,16:00-17:00,0,1,可预约,￥75.0,多云,18,16,3,0.0,81,32
2026-05-21 09:40:36,2026-05-21,3,篮球场-2号北半场,16:00-17:00,0,1,可预约,￥75.0,多云,19,17,3,0.0,79,32
2026-05-21 09:50:42,2026-05-21,3,篮球场-2号北半场,16:00-17:00,0,1,可预约,￥75.0,多云,19,17,4,0.0,81,32
2026-05-21 10:00:46,2026-05-21,3,篮球场-2号北半场,16:00-17:00,0,1,可预约,￥75.0,多云,19,17,4,0.0,79,32
2026-05-21 10:10:40,2026-05-21,3,篮球场-2号北半场,16:00-17:00,0,1,可预约,￥75.0,多云,19,17,4,0.0,79,32
2026-05-21 10:20:38,2026-05-21,3,篮球场-2号北半场,16:00-17:00,0,1,可预约,￥75.0,多云,19,17,4,0.0,79,32
2026-05-21 10:30:41,2026-05-21,3,篮球场-2号北半场,16:00-17:00,0,1,可预约,￥75.0,多云,19,18,3,0.0,78,31
2026-05-21 11:00:44,2026-05-21,3,篮球场-2号北半场,16:00-17:00,0,1,可预约,￥75.0,多云,21,17,5,0.0,74,31
2026-05-21 11:30:38,2026-05-21,3,篮球场-2号北半场,16:00-17:00,0,1,可预约,￥75.0,多云,21,19,3,0.0,72,33
2026-05-21 12:00:46,2026-05-21,3,篮球场-2号北半场,16:00-17:00,0,1,可预约,￥75.0,多云,22,19,4,0.0,70,33
2026-05-21 12:30:42,2026-05-21,3,篮球场-2号北半场,16:00-17:00,0,1,可预约,￥75.0,多云,22,21,3,0.0,68,35
2026-05-21 13:00:43,2026-05-21,3,篮球场-2号北半场,16:00-17:00,0,1,可预约,￥75.0,多云,24,22,4,0.0,66,35
2026-05-21 13:30:43,2026-05-21,3,篮球场-2号北半场,16:00-17:00,0,1,可预约,￥75.0,多云,24,22,4,0.0,66,36
2026-05-21 14:00:48,2026-05-21,3,篮球场-2号北半场,16:00-17:00,0,1,可预约,￥75.0,多云,25,23,4,0.0,66,36
2026-05-21 14:30:45,2026-05-21,3,篮球场-2号北半场,16:00-17:00,0,1,可预约,￥75.0,晴,25,25,3,0.0,65,39
2026-05-21 15:00:45,2026-05-21,3,篮球场-2号北半场,16:00-17:00,0,1,可预约,￥75.0,晴,25,22,4,0.0,56,39
2026-05-21 15:30:43,2026-05-21,3,篮球场-2号北半场,16:00-17:00,0,1,可预约,￥75.0,晴,25,23,4,0.0,57,40
2026-05-21 16:00:51,2026-05-21,3,篮球场-2号北半场,16:00-17:00,0,1,可预约,￥75.0,晴,25,23,4,0.0,57,40
2026-05-21 16:30:48,2026-05-21,3,篮球场-2号北半场,16:00-17:00,0,1,可预约,￥75.0,晴,25,24,3,0.0,60,39
2026-05-21 17:00:49,2026-05-21,3,篮球场-2号北半场,16:00-17:00,0,1,不开放/已过期,,晴,25,24,4,0.0,61,39
2026-05-21 17:30:47,2026-05-21,3,篮球场-2号北半场,16:00-17:00,0,1,不开放/已过期,,多云,24,23,3,0.0,64,39
2026-05-21 18:00:50,2026-05-21,3,篮球场-2号北半场,16:00-17:00,0,1,不开放/已过期,,多云,24,23,3,0.0,68,39
2026-05-21 18:30:50,2026-05-21,3,篮球场-2号北半场,16:00-17:00,0,1,不开放/已过期,,阴,24,25,2,0.0,68,40
2026-05-21 19:00:50,2026-05-21,3,篮球场-2号北半场,16:00-17:00,0,1,不开放/已过期,,阴,23,23,3,0.0,76,40
2026-05-21 19:30:46,2026-05-21,3,篮球场-2号北半场,16:00-17:00,0,1,不开放/已过期,,阴,23,24,2,0.0,77,39
2026-05-21 20:00:49,2026-05-21,3,篮球场-2号北半场,16:00-17:00,0,1,不开放/已过期,,雾,22,23,2,0.0,89,39
2026-05-21 20:30:44,2026-05-21,3,篮球场-2号北半场,16:00-17:00,0,1,不开放/已过期,,雾,22,24,2,0.0,93,43
2026-05-21 21:00:56,2026-05-21,3,篮球场-2号北半场,16:00-17:00,0,1,不开放/已过期,,雾,20,21,2,0.0,98,43
2026-05-21 21:30:46,2026-05-21,3,篮球场-2号北半场,16:00-17:00,0,1,不开放/已过期,,雾,20,22,1,0.0,99,41
2026-05-21 22:01:02,2026-05-21,3,篮球场-2号北半场,16:00-17:00,0,1,不开放/已过期,,雾,19,20,2,0.0,93,41
2026-05-21 22:30:47,2026-05-21,3,篮球场-2号北半场,16:00-17:00,0,1,不开放/已过期,,雾,19,19,3,0.0,88,46
2026-05-21 23:00:56,2026-05-21,3,篮球场-2号北半场,16:00-17:00,0,1,不开放/已过期,,多云,18,17,3,0.0,85,46
2026-05-21 23:30:55,2026-05-21,3,篮球场-2号北半场,16:00-17:00,0,1,不开放/已过期,,多云,18,17,3,0.0,85,48
2026-05-21 00:30:49,2026-05-21,3,篮球场-2号北半场,19:00-20:00,0,1,可预约,￥75.0,多云,15,13,3,0.0,100,26
2026-05-21 01:00:55,2026-05-21,3,篮球场-2号北半场,19:00-20:00,0,1,可预约,￥75.0,多云,15,12,4,0.0,100,26
2026-05-21 01:30:47,2026-05-21,3,篮球场-2号北半场,19:00-20:00,0,1,可预约,￥75.0,多云,15,13,4,0.0,100,28
2026-05-21 02:00:53,2026-05-21,3,篮球场-2号北半场,19:00-20:00,0,1,可预约,￥75.0,多云,15,12,4,0.0,100,28
2026-05-21 02:30:49,2026-05-21,3,篮球场-2号北半场,19:00-20:00,0,1,可预约,￥75.0,多云,15,14,3,0.0,100,29
2026-05-21 03:00:55,2026-05-21,3,篮球场-2号北半场,19:00-20:00,0,1,可预约,￥75.0,多云,15,12,4,0.0,100,29
2026-05-21 03:30:49,2026-05-21,3,篮球场-2号北半场,19:00-20:00,0,1,可预约,￥75.0,多云,15,14,3,0.0,100,30
2026-05-21 04:30:45,2026-05-21,3,篮球场-2号北半场,19:00-20:00,0,1,可预约,￥75.0,多云,15,12,4,0.0,100,29
2026-05-21 05:00:52,2026-05-21,3,篮球场-2号北半场,19:00-20:00,0,1,可预约,￥75.0,多云,15,12,4,0.0,100,29
2026-05-21 05:30:49,2026-05-21,3,篮球场-2号北半场,19:00-20:00,0,1,可预约,￥75.0,多云,15,13,3,0.0,100,28
2026-05-21 06:00:50,2026-05-21,3,篮球场-2号北半场,19:00-20:00,0,1,可预约,￥75.0,多云,15,13,4,0.0,99,28
2026-05-21 06:30:38,2026-05-21,3,篮球场-2号北半场,19:00-20:00,0,1,可预约,￥75.0,多云,15,13,3,0.0,97,28
2026-05-21 07:00:43,2026-05-21,3,篮球场-2号北半场,19:00-20:00,0,1,可预约,￥75.0,晴,15,11,5,0.0,93,28
2026-05-21 07:30:39,2026-05-21,3,篮球场-2号北半场,19:00-20:00,0,1,可预约,￥75.0,晴,17,13,4,0.0,89,29
2026-05-21 07:50:40,2026-05-21,3,篮球场-2号北半场,19:00-20:00,0,1,可预约,￥75.0,晴,17,13,4,0.0,88,29
2026-05-21 07:53:31,2026-05-21,3,篮球场-2号北半场,19:00-20:00,0,1,可预约,￥75.0,晴,17,12,5,0.0,86,29
2026-05-21 07:56:31,2026-05-21,3,篮球场-2号北半场,19:00-20:00,0,1,可预约,￥75.0,晴,17,12,5,0.0,86,29
2026-05-21 07:59:26,2026-05-21,3,篮球场-2号北半场,19:00-20:00,0,1,可预约,￥75.0,晴,17,12,5,0.0,86,29
2026-05-21 08:00:45,2026-05-21,3,篮球场-2号北半场,19:00-20:00,0,1,可预约,￥75.0,晴,17,12,5,0.0,86,29
2026-05-21 08:02:30,2026-05-21,3,篮球场-2号北半场,19:00-20:00,0,1,可预约,￥75.0,多云,17,12,5,0.0,87,29
2026-05-21 08:05:36,2026-05-21,3,篮球场-2号北半场,19:00-20:00,0,1,可预约,￥75.0,多云,17,12,5,0.0,86,29
2026-05-21 08:08:31,2026-05-21,3,篮球场-2号北半场,19:00-20:00,0,1,可预约,￥75.0,多云,17,12,5,0.0,86,29
2026-05-21 08:11:30,2026-05-21,3,篮球场-2号北半场,19:00-20:00,0,1,可预约,￥75.0,多云,17,12,5,0.0,86,29
2026-05-21 08:14:31,2026-05-21,3,篮球场-2号北半场,19:00-20:00,0,1,可预约,￥75.0,多云,17,12,5,0.0,86,29
2026-05-21 08:17:30,2026-05-21,3,篮球场-2号北半场,19:00-20:00,0,1,可预约,￥75.0,多云,17,12,5,0.0,86,29
2026-05-21 08:20:35,2026-05-21,3,篮球场-2号北半场,19:00-20:00,0,1,可预约,￥75.0,多云,17,14,4,0.0,85,29
2026-05-21 08:25:32,2026-05-21,3,篮球场-2号北半场,19:00-20:00,0,1,可预约,￥75.0,多云,17,14,4,0.0,85,28
2026-05-21 08:30:42,2026-05-21,3,篮球场-2号北半场,19:00-20:00,0,1,可预约,￥75.0,多云,18,15,4,0.0,84,28
2026-05-21 08:35:31,2026-05-21,3,篮球场-2号北半场,19:00-20:00,0,1,可预约,￥75.0,多云,18,15,4,0.0,84,28
2026-05-21 08:40:38,2026-05-21,3,篮球场-2号北半场,19:00-20:00,0,1,可预约,￥75.0,多云,18,15,4,0.0,82,28
2026-05-21 08:45:33,2026-05-21,3,篮球场-2号北半场,19:00-20:00,0,1,可预约,￥75.0,多云,18,15,4,0.0,82,28
2026-05-21 08:50:36,2026-05-21,3,篮球场-2号北半场,19:00-20:00,0,1,可预约,￥75.0,多云,18,15,4,0.0,82,28
2026-05-21 08:55:34,2026-05-21,3,篮球场-2号北半场,19:00-20:00,0,1,可预约,￥75.0,多云,18,15,4,0.0,84,28
2026-05-21 09:00:51,2026-05-21,3,篮球场-2号北半场,19:00-20:00,0,1,可预约,￥75.0,多云,18,15,4,0.0,84,28
2026-05-21 09:01:59,2026-05-21,3,篮球场-2号北半场,19:00-20:00,0,1,可预约,￥75.0,多云,18,15,4,0.0,83,28
2026-05-21 09:05:33,2026-05-21,3,篮球场-2号北半场,19:00-20:00,0,1,可预约,￥75.0,多云,18,15,4,0.0,83,28
2026-05-21 09:20:38,2026-05-21,3,篮球场-2号北半场,19:00-20:00,0,1,可预约,￥75.0,多云,18,16,3,0.0,81,28
2026-05-21 09:30:46,2026-05-21,3,篮球场-2号北半场,19:00-20:00,0,1,可预约,￥75.0,多云,18,16,3,0.0,81,32
2026-05-21 09:40:36,2026-05-21,3,篮球场-2号北半场,19:00-20:00,0,1,可预约,￥75.0,多云,19,17,3,0.0,79,32
2026-05-21 09:50:42,2026-05-21,3,篮球场-2号北半场,19:00-20:00,0,1,可预约,￥75.0,多云,19,17,4,0.0,81,32
2026-05-21 10:00:46,2026-05-21,3,篮球场-2号北半场,19:00-20:00,0,1,可预约,￥75.0,多云,19,17,4,0.0,79,32
2026-05-21 10:10:40,2026-05-21,3,篮球场-2号北半场,19:00-20:00,0,1,可预约,￥75.0,多云,19,17,4,0.0,79,32
2026-05-21 10:20:38,2026-05-21,3,篮球场-2号北半场,19:00-20:00,0,1,可预约,￥75.0,多云,19,17,4,0.0,79,32
2026-05-21 10:30:41,2026-05-21,3,篮球场-2号北半场,19:00-20:00,0,1,可预约,￥75.0,多云,19,18,3,0.0,78,31
2026-05-21 11:00:44,2026-05-21,3,篮球场-2号北半场,19:00-20:00,0,1,可预约,￥75.0,多云,21,17,5,0.0,74,31
2026-05-21 11:30:38,2026-05-21,3,篮球场-2号北半场,19:00-20:00,0,1,可预约,￥75.0,多云,21,19,3,0.0,72,33
2026-05-21 12:00:46,2026-05-21,3,篮球场-2号北半场,19:00-20:00,0,1,可预约,￥75.0,多云,22,19,4,0.0,70,33
2026-05-21 12:30:42,2026-05-21,3,篮球场-2号北半场,19:00-20:00,0,1,可预约,￥75.0,多云,22,21,3,0.0,68,35
2026-05-21 13:00:43,2026-05-21,3,篮球场-2号北半场,19:00-20:00,0,1,可预约,￥75.0,多云,24,22,4,0.0,66,35
2026-05-21 13:30:43,2026-05-21,3,篮球场-2号北半场,19:00-20:00,0,1,可预约,￥75.0,多云,24,22,4,0.0,66,36
2026-05-21 14:00:48,2026-05-21,3,篮球场-2号北半场,19:00-20:00,0,1,可预约,￥75.0,多云,25,23,4,0.0,66,36
2026-05-21 14:30:45,2026-05-21,3,篮球场-2号北半场,19:00-20:00,0,1,可预约,￥75.0,晴,25,25,3,0.0,65,39
2026-05-21 15:00:45,2026-05-21,3,篮球场-2号北半场,19:00-20:00,0,1,可预约,￥75.0,晴,25,22,4,0.0,56,39
2026-05-21 15:30:43,2026-05-21,3,篮球场-2号北半场,19:00-20:00,0,1,可预约,￥75.0,晴,25,23,4,0.0,57,40
2026-05-21 16:00:51,2026-05-21,3,篮球场-2号北半场,19:00-20:00,0,1,可预约,￥75.0,晴,25,23,4,0.0,57,40
2026-05-21 16:30:48,2026-05-21,3,篮球场-2号北半场,19:00-20:00,0,1,可预约,￥75.0,晴,25,24,3,0.0,60,39
2026-05-21 17:00:49,2026-05-21,3,篮球场-2号北半场,19:00-20:00,0,1,可预约,￥75.0,晴,25,24,4,0.0,61,39
2026-05-21 17:30:47,2026-05-21,3,篮球场-2号北半场,19:00-20:00,0,1,可预约,￥75.0,多云,24,23,3,0.0,64,39
2026-05-21 18:00:50,2026-05-21,3,篮球场-2号北半场,19:00-20:00,0,1,可预约,￥75.0,多云,24,23,3,0.0,68,39
2026-05-21 18:30:50,2026-05-21,3,篮球场-2号北半场,19:00-20:00,0,1,可预约,￥75.0,阴,24,25,2,0.0,68,40
2026-05-21 19:00:50,2026-05-21,3,篮球场-2号北半场,19:00-20:00,0,1,可预约,￥75.0,阴,23,23,3,0.0,76,40
2026-05-21 19:30:46,2026-05-21,3,篮球场-2号北半场,19:00-20:00,0,1,可预约,￥75.0,阴,23,24,2,0.0,77,39
2026-05-21 20:00:49,2026-05-21,3,篮球场-2号北半场,19:00-20:00,0,1,不开放/已过期,,雾,22,23,2,0.0,89,39
2026-05-21 20:30:44,2026-05-21,3,篮球场-2号北半场,19:00-20:00,0,1,不开放/已过期,,雾,22,24,2,0.0,93,43
2026-05-21 21:00:56,2026-05-21,3,篮球场-2号北半场,19:00-20:00,0,1,不开放/已过期,,雾,20,21,2,0.0,98,43
2026-05-21 21:30:46,2026-05-21,3,篮球场-2号北半场,19:00-20:00,0,1,不开放/已过期,,雾,20,22,1,0.0,99,41
2026-05-21 22:01:02,2026-05-21,3,篮球场-2号北半场,19:00-20:00,0,1,不开放/已过期,,雾,19,20,2,0.0,93,41
2026-05-21 22:30:47,2026-05-21,3,篮球场-2号北半场,19:00-20:00,0,1,不开放/已过期,,雾,19,19,3,0.0,88,46
2026-05-21 23:00:56,2026-05-21,3,篮球场-2号北半场,19:00-20:00,0,1,不开放/已过期,,多云,18,17,3,0.0,85,46
2026-05-21 23:30:55,2026-05-21,3,篮球场-2号北半场,19:00-20:00,0,1,不开放/已过期,,多云,18,17,3,0.0,85,48
2026-05-21 00:30:49,2026-05-21,3,篮球场-2号北半场,20:30-21:30,0,1,可预约,￥75.0,多云,15,13,3,0.0,100,26
2026-05-21 01:00:55,2026-05-21,3,篮球场-2号北半场,20:30-21:30,0,1,可预约,￥75.0,多云,15,12,4,0.0,100,26
2026-05-21 01:30:47,2026-05-21,3,篮球场-2号北半场,20:30-21:30,0,1,可预约,￥75.0,多云,15,13,4,0.0,100,28
2026-05-21 02:00:53,2026-05-21,3,篮球场-2号北半场,20:30-21:30,0,1,可预约,￥75.0,多云,15,12,4,0.0,100,28
2026-05-21 02:30:49,2026-05-21,3,篮球场-2号北半场,20:30-21:30,0,1,可预约,￥75.0,多云,15,14,3,0.0,100,29
2026-05-21 03:00:55,2026-05-21,3,篮球场-2号北半场,20:30-21:30,0,1,可预约,￥75.0,多云,15,12,4,0.0,100,29
2026-05-21 03:30:49,2026-05-21,3,篮球场-2号北半场,20:30-21:30,0,1,可预约,￥75.0,多云,15,14,3,0.0,100,30
2026-05-21 04:30:45,2026-05-21,3,篮球场-2号北半场,20:30-21:30,0,1,可预约,￥75.0,多云,15,12,4,0.0,100,29
2026-05-21 05:00:52,2026-05-21,3,篮球场-2号北半场,20:30-21:30,0,1,可预约,￥75.0,多云,15,12,4,0.0,100,29
2026-05-21 05:30:49,2026-05-21,3,篮球场-2号北半场,20:30-21:30,0,1,可预约,￥75.0,多云,15,13,3,0.0,100,28
2026-05-21 06:00:50,2026-05-21,3,篮球场-2号北半场,20:30-21:30,0,1,可预约,￥75.0,多云,15,13,4,0.0,99,28
2026-05-21 06:30:38,2026-05-21,3,篮球场-2号北半场,20:30-21:30,0,1,可预约,￥75.0,多云,15,13,3,0.0,97,28
2026-05-21 07:00:43,2026-05-21,3,篮球场-2号北半场,20:30-21:30,0,1,可预约,￥75.0,晴,15,11,5,0.0,93,28
2026-05-21 07:30:39,2026-05-21,3,篮球场-2号北半场,20:30-21:30,0,1,可预约,￥75.0,晴,17,13,4,0.0,89,29
2026-05-21 07:50:40,2026-05-21,3,篮球场-2号北半场,20:30-21:30,0,1,可预约,￥75.0,晴,17,13,4,0.0,88,29
2026-05-21 07:53:31,2026-05-21,3,篮球场-2号北半场,20:30-21:30,0,1,可预约,￥75.0,晴,17,12,5,0.0,86,29
2026-05-21 07:56:31,2026-05-21,3,篮球场-2号北半场,20:30-21:30,0,1,可预约,￥75.0,晴,17,12,5,0.0,86,29
2026-05-21 07:59:26,2026-05-21,3,篮球场-2号北半场,20:30-21:30,0,1,可预约,￥75.0,晴,17,12,5,0.0,86,29
2026-05-21 08:00:45,2026-05-21,3,篮球场-2号北半场,20:30-21:30,0,1,可预约,￥75.0,晴,17,12,5,0.0,86,29
2026-05-21 08:02:30,2026-05-21,3,篮球场-2号北半场,20:30-21:30,0,1,可预约,￥75.0,多云,17,12,5,0.0,87,29
2026-05-21 08:05:36,2026-05-21,3,篮球场-2号北半场,20:30-21:30,0,1,可预约,￥75.0,多云,17,12,5,0.0,86,29
2026-05-21 08:08:31,2026-05-21,3,篮球场-2号北半场,20:30-21:30,0,1,可预约,￥75.0,多云,17,12,5,0.0,86,29
2026-05-21 08:11:30,2026-05-21,3,篮球场-2号北半场,20:30-21:30,0,1,可预约,￥75.0,多云,17,12,5,0.0,86,29
2026-05-21 08:14:31,2026-05-21,3,篮球场-2号北半场,20:30-21:30,0,1,可预约,￥75.0,多云,17,12,5,0.0,86,29
2026-05-21 08:17:30,2026-05-21,3,篮球场-2号北半场,20:30-21:30,0,1,可预约,￥75.0,多云,17,12,5,0.0,86,29
2026-05-21 08:20:35,2026-05-21,3,篮球场-2号北半场,20:30-21:30,0,1,可预约,￥75.0,多云,17,14,4,0.0,85,29
2026-05-21 08:25:32,2026-05-21,3,篮球场-2号北半场,20:30-21:30,0,1,可预约,￥75.0,多云,17,14,4,0.0,85,28
2026-05-21 08:30:42,2026-05-21,3,篮球场-2号北半场,20:30-21:30,0,1,可预约,￥75.0,多云,18,15,4,0.0,84,28
2026-05-21 08:35:31,2026-05-21,3,篮球场-2号北半场,20:30-21:30,0,1,可预约,￥75.0,多云,18,15,4,0.0,84,28
2026-05-21 08:40:38,2026-05-21,3,篮球场-2号北半场,20:30-21:30,0,1,可预约,￥75.0,多云,18,15,4,0.0,82,28
2026-05-21 08:45:33,2026-05-21,3,篮球场-2号北半场,20:30-21:30,0,1,可预约,￥75.0,多云,18,15,4,0.0,82,28
2026-05-21 08:50:36,2026-05-21,3,篮球场-2号北半场,20:30-21:30,0,1,可预约,￥75.0,多云,18,15,4,0.0,82,28
2026-05-21 08:55:34,2026-05-21,3,篮球场-2号北半场,20:30-21:30,0,1,可预约,￥75.0,多云,18,15,4,0.0,84,28
2026-05-21 09:00:51,2026-05-21,3,篮球场-2号北半场,20:30-21:30,0,1,可预约,￥75.0,多云,18,15,4,0.0,84,28
2026-05-21 09:01:59,2026-05-21,3,篮球场-2号北半场,20:30-21:30,0,1,可预约,￥75.0,多云,18,15,4,0.0,83,28
2026-05-21 09:05:33,2026-05-21,3,篮球场-2号北半场,20:30-21:30,0,1,可预约,￥75.0,多云,18,15,4,0.0,83,28
2026-05-21 09:20:38,2026-05-21,3,篮球场-2号北半场,20:30-21:30,0,1,可预约,￥75.0,多云,18,16,3,0.0,81,28
2026-05-21 09:30:46,2026-05-21,3,篮球场-2号北半场,20:30-21:30,0,1,可预约,￥75.0,多云,18,16,3,0.0,81,32
2026-05-21 09:40:36,2026-05-21,3,篮球场-2号北半场,20:30-21:30,0,1,可预约,￥75.0,多云,19,17,3,0.0,79,32
2026-05-21 09:50:42,2026-05-21,3,篮球场-2号北半场,20:30-21:30,0,1,可预约,￥75.0,多云,19,17,4,0.0,81,32
2026-05-21 10:00:46,2026-05-21,3,篮球场-2号北半场,20:30-21:30,0,1,可预约,￥75.0,多云,19,17,4,0.0,79,32
2026-05-21 10:10:40,2026-05-21,3,篮球场-2号北半场,20:30-21:30,0,1,可预约,￥75.0,多云,19,17,4,0.0,79,32
2026-05-21 10:20:38,2026-05-21,3,篮球场-2号北半场,20:30-21:30,0,1,可预约,￥75.0,多云,19,17,4,0.0,79,32
2026-05-21 10:30:41,2026-05-21,3,篮球场-2号北半场,20:30-21:30,0,1,可预约,￥75.0,多云,19,18,3,0.0,78,31
2026-05-21 11:00:44,2026-05-21,3,篮球场-2号北半场,20:30-21:30,0,1,可预约,￥75.0,多云,21,17,5,0.0,74,31
2026-05-21 11:30:38,2026-05-21,3,篮球场-2号北半场,20:30-21:30,0,1,可预约,￥75.0,多云,21,19,3,0.0,72,33
2026-05-21 12:00:46,2026-05-21,3,篮球场-2号北半场,20:30-21:30,0,1,可预约,￥75.0,多云,22,19,4,0.0,70,33
2026-05-21 12:30:42,2026-05-21,3,篮球场-2号北半场,20:30-21:30,0,1,可预约,￥75.0,多云,22,21,3,0.0,68,35
2026-05-21 13:00:43,2026-05-21,3,篮球场-2号北半场,20:30-21:30,0,1,可预约,￥75.0,多云,24,22,4,0.0,66,35
2026-05-21 13:30:43,2026-05-21,3,篮球场-2号北半场,20:30-21:30,0,1,可预约,￥75.0,多云,24,22,4,0.0,66,36
2026-05-21 14:00:48,2026-05-21,3,篮球场-2号北半场,20:30-21:30,0,1,可预约,￥75.0,多云,25,23,4,0.0,66,36
2026-05-21 14:30:45,2026-05-21,3,篮球场-2号北半场,20:30-21:30,0,1,可预约,￥75.0,晴,25,25,3,0.0,65,39
2026-05-21 15:00:45,2026-05-21,3,篮球场-2号北半场,20:30-21:30,0,1,可预约,￥75.0,晴,25,22,4,0.0,56,39
2026-05-21 15:30:43,2026-05-21,3,篮球场-2号北半场,20:30-21:30,0,1,可预约,￥75.0,晴,25,23,4,0.0,57,40
2026-05-21 16:00:51,2026-05-21,3,篮球场-2号北半场,20:30-21:30,0,1,可预约,￥75.0,晴,25,23,4,0.0,57,40
2026-05-21 16:30:48,2026-05-21,3,篮球场-2号北半场,20:30-21:30,0,1,可预约,￥75.0,晴,25,24,3,0.0,60,39
2026-05-21 17:00:49,2026-05-21,3,篮球场-2号北半场,20:30-21:30,0,1,可预约,￥75.0,晴,25,24,4,0.0,61,39
2026-05-21 17:30:47,2026-05-21,3,篮球场-2号北半场,20:30-21:30,0,1,可预约,￥75.0,多云,24,23,3,0.0,64,39
2026-05-21 18:00:50,2026-05-21,3,篮球场-2号北半场,20:30-21:30,0,1,可预约,￥75.0,多云,24,23,3,0.0,68,39
2026-05-21 18:30:50,2026-05-21,3,篮球场-2号北半场,20:30-21:30,0,1,可预约,￥75.0,阴,24,25,2,0.0,68,40
2026-05-21 19:00:50,2026-05-21,3,篮球场-2号北半场,20:30-21:30,0,1,可预约,￥75.0,阴,23,23,3,0.0,76,40
2026-05-21 19:30:46,2026-05-21,3,篮球场-2号北半场,20:30-21:30,0,1,可预约,￥75.0,阴,23,24,2,0.0,77,39
2026-05-21 20:00:49,2026-05-21,3,篮球场-2号北半场,20:30-21:30,0,1,可预约,￥75.0,雾,22,23,2,0.0,89,39
2026-05-21 20:30:44,2026-05-21,3,篮球场-2号北半场,20:30-21:30,0,1,可预约,￥75.0,雾,22,24,2,0.0,93,43
2026-05-21 21:00:56,2026-05-21,3,篮球场-2号北半场,20:30-21:30,0,1,可预约,￥75.0,雾,20,21,2,0.0,98,43
2026-05-21 21:30:46,2026-05-21,3,篮球场-2号北半场,20:30-21:30,0,1,不开放/已过期,,雾,20,22,1,0.0,99,41
2026-05-21 22:01:02,2026-05-21,3,篮球场-2号北半场,20:30-21:30,0,1,不开放/已过期,,雾,19,20,2,0.0,93,41
2026-05-21 22:30:47,2026-05-21,3,篮球场-2号北半场,20:30-21:30,0,1,不开放/已过期,,雾,19,19,3,0.0,88,46
2026-05-21 23:00:56,2026-05-21,3,篮球场-2号北半场,20:30-21:30,0,1,不开放/已过期,,多云,18,17,3,0.0,85,46
2026-05-21 23:30:55,2026-05-21,3,篮球场-2号北半场,20:30-21:30,0,1,不开放/已过期,,多云,18,17,3,0.0,85,48
2026-05-21 00:30:49,2026-05-21,3,篮球场-2号南半场,09:00-10:00,0,1,可预约,￥75.0,多云,15,13,3,0.0,100,26
2026-05-21 01:00:55,2026-05-21,3,篮球场-2号南半场,09:00-10:00,0,1,可预约,￥75.0,多云,15,12,4,0.0,100,26
2026-05-21 01:30:47,2026-05-21,3,篮球场-2号南半场,09:00-10:00,0,1,可预约,￥75.0,多云,15,13,4,0.0,100,28
2026-05-21 02:00:53,2026-05-21,3,篮球场-2号南半场,09:00-10:00,0,1,可预约,￥75.0,多云,15,12,4,0.0,100,28
2026-05-21 02:30:49,2026-05-21,3,篮球场-2号南半场,09:00-10:00,0,1,可预约,￥75.0,多云,15,14,3,0.0,100,29
2026-05-21 03:00:55,2026-05-21,3,篮球场-2号南半场,09:00-10:00,0,1,可预约,￥75.0,多云,15,12,4,0.0,100,29
2026-05-21 03:30:49,2026-05-21,3,篮球场-2号南半场,09:00-10:00,0,1,可预约,￥75.0,多云,15,14,3,0.0,100,30
2026-05-21 04:30:45,2026-05-21,3,篮球场-2号南半场,09:00-10:00,0,1,可预约,￥75.0,多云,15,12,4,0.0,100,29
2026-05-21 05:00:52,2026-05-21,3,篮球场-2号南半场,09:00-10:00,0,1,可预约,￥75.0,多云,15,12,4,0.0,100,29
2026-05-21 05:30:49,2026-05-21,3,篮球场-2号南半场,09:00-10:00,0,1,可预约,￥75.0,多云,15,13,3,0.0,100,28
2026-05-21 06:00:50,2026-05-21,3,篮球场-2号南半场,09:00-10:00,0,1,可预约,￥75.0,多云,15,13,4,0.0,99,28
2026-05-21 06:30:38,2026-05-21,3,篮球场-2号南半场,09:00-10:00,0,1,可预约,￥75.0,多云,15,13,3,0.0,97,28
2026-05-21 07:00:43,2026-05-21,3,篮球场-2号南半场,09:00-10:00,0,1,可预约,￥75.0,晴,15,11,5,0.0,93,28
2026-05-21 07:30:39,2026-05-21,3,篮球场-2号南半场,09:00-10:00,0,1,可预约,￥75.0,晴,17,13,4,0.0,89,29
2026-05-21 07:50:40,2026-05-21,3,篮球场-2号南半场,09:00-10:00,0,1,可预约,￥75.0,晴,17,13,4,0.0,88,29
2026-05-21 07:53:31,2026-05-21,3,篮球场-2号南半场,09:00-10:00,0,1,可预约,￥75.0,晴,17,12,5,0.0,86,29
2026-05-21 07:56:31,2026-05-21,3,篮球场-2号南半场,09:00-10:00,0,1,可预约,￥75.0,晴,17,12,5,0.0,86,29
2026-05-21 07:59:26,2026-05-21,3,篮球场-2号南半场,09:00-10:00,0,1,可预约,￥75.0,晴,17,12,5,0.0,86,29
2026-05-21 08:00:45,2026-05-21,3,篮球场-2号南半场,09:00-10:00,0,1,可预约,￥75.0,晴,17,12,5,0.0,86,29
2026-05-21 08:02:30,2026-05-21,3,篮球场-2号南半场,09:00-10:00,0,1,可预约,￥75.0,多云,17,12,5,0.0,87,29
2026-05-21 08:05:36,2026-05-21,3,篮球场-2号南半场,09:00-10:00,0,1,可预约,￥75.0,多云,17,12,5,0.0,86,29
2026-05-21 08:08:31,2026-05-21,3,篮球场-2号南半场,09:00-10:00,0,1,可预约,￥75.0,多云,17,12,5,0.0,86,29
2026-05-21 08:11:30,2026-05-21,3,篮球场-2号南半场,09:00-10:00,0,1,可预约,￥75.0,多云,17,12,5,0.0,86,29
2026-05-21 08:14:31,2026-05-21,3,篮球场-2号南半场,09:00-10:00,0,1,可预约,￥75.0,多云,17,12,5,0.0,86,29
2026-05-21 08:17:30,2026-05-21,3,篮球场-2号南半场,09:00-10:00,0,1,可预约,￥75.0,多云,17,12,5,0.0,86,29
2026-05-21 08:20:35,2026-05-21,3,篮球场-2号南半场,09:00-10:00,0,1,可预约,￥75.0,多云,17,14,4,0.0,85,29
2026-05-21 08:25:32,2026-05-21,3,篮球场-2号南半场,09:00-10:00,0,1,可预约,￥75.0,多云,17,14,4,0.0,85,28
2026-05-21 08:30:42,2026-05-21,3,篮球场-2号南半场,09:00-10:00,0,1,可预约,￥75.0,多云,18,15,4,0.0,84,28
2026-05-21 08:35:31,2026-05-21,3,篮球场-2号南半场,09:00-10:00,0,1,可预约,￥75.0,多云,18,15,4,0.0,84,28
2026-05-21 08:40:38,2026-05-21,3,篮球场-2号南半场,09:00-10:00,0,1,可预约,￥75.0,多云,18,15,4,0.0,82,28
2026-05-21 08:45:33,2026-05-21,3,篮球场-2号南半场,09:00-10:00,0,1,可预约,￥75.0,多云,18,15,4,0.0,82,28
2026-05-21 08:50:36,2026-05-21,3,篮球场-2号南半场,09:00-10:00,0,1,可预约,￥75.0,多云,18,15,4,0.0,82,28
2026-05-21 08:55:34,2026-05-21,3,篮球场-2号南半场,09:00-10:00,0,1,可预约,￥75.0,多云,18,15,4,0.0,84,28
2026-05-21 09:00:51,2026-05-21,3,篮球场-2号南半场,09:00-10:00,0,1,可预约,￥75.0,多云,18,15,4,0.0,84,28
2026-05-21 09:01:59,2026-05-21,3,篮球场-2号南半场,09:00-10:00,0,1,可预约,￥75.0,多云,18,15,4,0.0,83,28
2026-05-21 09:05:33,2026-05-21,3,篮球场-2号南半场,09:00-10:00,0,1,可预约,￥75.0,多云,18,15,4,0.0,83,28
2026-05-21 09:20:38,2026-05-21,3,篮球场-2号南半场,09:00-10:00,0,1,可预约,￥75.0,多云,18,16,3,0.0,81,28
2026-05-21 09:30:46,2026-05-21,3,篮球场-2号南半场,09:00-10:00,0,1,可预约,￥75.0,多云,18,16,3,0.0,81,32
2026-05-21 09:40:36,2026-05-21,3,篮球场-2号南半场,09:00-10:00,0,1,可预约,￥75.0,多云,19,17,3,0.0,79,32
2026-05-21 09:50:42,2026-05-21,3,篮球场-2号南半场,09:00-10:00,0,1,可预约,￥75.0,多云,19,17,4,0.0,81,32
2026-05-21 10:00:46,2026-05-21,3,篮球场-2号南半场,09:00-10:00,0,1,不开放/已过期,,多云,19,17,4,0.0,79,32
2026-05-21 10:10:40,2026-05-21,3,篮球场-2号南半场,09:00-10:00,0,1,不开放/已过期,,多云,19,17,4,0.0,79,32
2026-05-21 10:20:38,2026-05-21,3,篮球场-2号南半场,09:00-10:00,0,1,不开放/已过期,,多云,19,17,4,0.0,79,32
2026-05-21 10:30:41,2026-05-21,3,篮球场-2号南半场,09:00-10:00,0,1,不开放/已过期,,多云,19,18,3,0.0,78,31
2026-05-21 11:00:44,2026-05-21,3,篮球场-2号南半场,09:00-10:00,0,1,不开放/已过期,,多云,21,17,5,0.0,74,31
2026-05-21 11:30:38,2026-05-21,3,篮球场-2号南半场,09:00-10:00,0,1,不开放/已过期,,多云,21,19,3,0.0,72,33
2026-05-21 12:00:46,2026-05-21,3,篮球场-2号南半场,09:00-10:00,0,1,不开放/已过期,,多云,22,19,4,0.0,70,33
2026-05-21 12:30:42,2026-05-21,3,篮球场-2号南半场,09:00-10:00,0,1,不开放/已过期,,多云,22,21,3,0.0,68,35
2026-05-21 13:00:43,2026-05-21,3,篮球场-2号南半场,09:00-10:00,0,1,不开放/已过期,,多云,24,22,4,0.0,66,35
2026-05-21 13:30:43,2026-05-21,3,篮球场-2号南半场,09:00-10:00,0,1,不开放/已过期,,多云,24,22,4,0.0,66,36
2026-05-21 14:00:48,2026-05-21,3,篮球场-2号南半场,09:00-10:00,0,1,不开放/已过期,,多云,25,23,4,0.0,66,36
2026-05-21 14:30:45,2026-05-21,3,篮球场-2号南半场,09:00-10:00,0,1,不开放/已过期,,晴,25,25,3,0.0,65,39
2026-05-21 15:00:45,2026-05-21,3,篮球场-2号南半场,09:00-10:00,0,1,不开放/已过期,,晴,25,22,4,0.0,56,39
2026-05-21 15:30:43,2026-05-21,3,篮球场-2号南半场,09:00-10:00,0,1,不开放/已过期,,晴,25,23,4,0.0,57,40
2026-05-21 16:00:51,2026-05-21,3,篮球场-2号南半场,09:00-10:00,0,1,不开放/已过期,,晴,25,23,4,0.0,57,40
2026-05-21 16:30:48,2026-05-21,3,篮球场-2号南半场,09:00-10:00,0,1,不开放/已过期,,晴,25,24,3,0.0,60,39
2026-05-21 17:00:49,2026-05-21,3,篮球场-2号南半场,09:00-10:00,0,1,不开放/已过期,,晴,25,24,4,0.0,61,39
2026-05-21 17:30:47,2026-05-21,3,篮球场-2号南半场,09:00-10:00,0,1,不开放/已过期,,多云,24,23,3,0.0,64,39
2026-05-21 18:00:50,2026-05-21,3,篮球场-2号南半场,09:00-10:00,0,1,不开放/已过期,,多云,24,23,3,0.0,68,39
2026-05-21 18:30:50,2026-05-21,3,篮球场-2号南半场,09:00-10:00,0,1,不开放/已过期,,阴,24,25,2,0.0,68,40
2026-05-21 19:00:50,2026-05-21,3,篮球场-2号南半场,09:00-10:00,0,1,不开放/已过期,,阴,23,23,3,0.0,76,40
2026-05-21 19:30:46,2026-05-21,3,篮球场-2号南半场,09:00-10:00,0,1,不开放/已过期,,阴,23,24,2,0.0,77,39
2026-05-21 20:00:49,2026-05-21,3,篮球场-2号南半场,09:00-10:00,0,1,不开放/已过期,,雾,22,23,2,0.0,89,39
2026-05-21 20:30:44,2026-05-21,3,篮球场-2号南半场,09:00-10:00,0,1,不开放/已过期,,雾,22,24,2,0.0,93,43
2026-05-21 21:00:56,2026-05-21,3,篮球场-2号南半场,09:00-10:00,0,1,不开放/已过期,,雾,20,21,2,0.0,98,43
2026-05-21 21:30:46,2026-05-21,3,篮球场-2号南半场,09:00-10:00,0,1,不开放/已过期,,雾,20,22,1,0.0,99,41
2026-05-21 22:01:02,2026-05-21,3,篮球场-2号南半场,09:00-10:00,0,1,不开放/已过期,,雾,19,20,2,0.0,93,41
2026-05-21 22:30:47,2026-05-21,3,篮球场-2号南半场,09:00-10:00,0,1,不开放/已过期,,雾,19,19,3,0.0,88,46
2026-05-21 23:00:56,2026-05-21,3,篮球场-2号南半场,09:00-10:00,0,1,不开放/已过期,,多云,18,17,3,0.0,85,46
2026-05-21 23:30:55,2026-05-21,3,篮球场-2号南半场,09:00-10:00,0,1,不开放/已过期,,多云,18,17,3,0.0,85,48
2026-05-21 00:30:49,2026-05-21,3,篮球场-2号南半场,10:30-11:30,1,1,已售/已满,教学时间,多云,15,13,3,0.0,100,26
2026-05-21 01:00:55,2026-05-21,3,篮球场-2号南半场,10:30-11:30,1,1,已售/已满,教学时间,多云,15,12,4,0.0,100,26
2026-05-21 01:30:47,2026-05-21,3,篮球场-2号南半场,10:30-11:30,1,1,已售/已满,教学时间,多云,15,13,4,0.0,100,28
2026-05-21 02:00:53,2026-05-21,3,篮球场-2号南半场,10:30-11:30,1,1,已售/已满,教学时间,多云,15,12,4,0.0,100,28
2026-05-21 02:30:49,2026-05-21,3,篮球场-2号南半场,10:30-11:30,1,1,已售/已满,教学时间,多云,15,14,3,0.0,100,29
2026-05-21 03:00:55,2026-05-21,3,篮球场-2号南半场,10:30-11:30,1,1,已售/已满,教学时间,多云,15,12,4,0.0,100,29
2026-05-21 03:30:49,2026-05-21,3,篮球场-2号南半场,10:30-11:30,1,1,已售/已满,教学时间,多云,15,14,3,0.0,100,30
2026-05-21 04:30:45,2026-05-21,3,篮球场-2号南半场,10:30-11:30,1,1,已售/已满,教学时间,多云,15,12,4,0.0,100,29
2026-05-21 05:00:52,2026-05-21,3,篮球场-2号南半场,10:30-11:30,1,1,已售/已满,教学时间,多云,15,12,4,0.0,100,29
2026-05-21 05:30:49,2026-05-21,3,篮球场-2号南半场,10:30-11:30,1,1,已售/已满,教学时间,多云,15,13,3,0.0,100,28
2026-05-21 06:00:50,2026-05-21,3,篮球场-2号南半场,10:30-11:30,1,1,已售/已满,教学时间,多云,15,13,4,0.0,99,28
2026-05-21 06:30:38,2026-05-21,3,篮球场-2号南半场,10:30-11:30,1,1,已售/已满,教学时间,多云,15,13,3,0.0,97,28
2026-05-21 07:00:43,2026-05-21,3,篮球场-2号南半场,10:30-11:30,1,1,已售/已满,教学时间,晴,15,11,5,0.0,93,28
2026-05-21 07:30:39,2026-05-21,3,篮球场-2号南半场,10:30-11:30,1,1,已售/已满,教学时间,晴,17,13,4,0.0,89,29
2026-05-21 07:50:40,2026-05-21,3,篮球场-2号南半场,10:30-11:30,1,1,已售/已满,教学时间,晴,17,13,4,0.0,88,29
2026-05-21 07:53:31,2026-05-21,3,篮球场-2号南半场,10:30-11:30,1,1,已售/已满,教学时间,晴,17,12,5,0.0,86,29
2026-05-21 07:56:31,2026-05-21,3,篮球场-2号南半场,10:30-11:30,1,1,已售/已满,教学时间,晴,17,12,5,0.0,86,29
2026-05-21 07:59:26,2026-05-21,3,篮球场-2号南半场,10:30-11:30,1,1,已售/已满,教学时间,晴,17,12,5,0.0,86,29
2026-05-21 08:00:45,2026-05-21,3,篮球场-2号南半场,10:30-11:30,1,1,已售/已满,教学时间,晴,17,12,5,0.0,86,29
2026-05-21 08:02:30,2026-05-21,3,篮球场-2号南半场,10:30-11:30,1,1,已售/已满,教学时间,多云,17,12,5,0.0,87,29
2026-05-21 08:05:36,2026-05-21,3,篮球场-2号南半场,10:30-11:30,1,1,已售/已满,教学时间,多云,17,12,5,0.0,86,29
2026-05-21 08:08:31,2026-05-21,3,篮球场-2号南半场,10:30-11:30,1,1,已售/已满,教学时间,多云,17,12,5,0.0,86,29
2026-05-21 08:11:30,2026-05-21,3,篮球场-2号南半场,10:30-11:30,1,1,已售/已满,教学时间,多云,17,12,5,0.0,86,29
2026-05-21 08:14:31,2026-05-21,3,篮球场-2号南半场,10:30-11:30,1,1,已售/已满,教学时间,多云,17,12,5,0.0,86,29
2026-05-21 08:17:30,2026-05-21,3,篮球场-2号南半场,10:30-11:30,1,1,已售/已满,教学时间,多云,17,12,5,0.0,86,29
2026-05-21 08:20:35,2026-05-21,3,篮球场-2号南半场,10:30-11:30,1,1,已售/已满,教学时间,多云,17,14,4,0.0,85,29
2026-05-21 08:25:32,2026-05-21,3,篮球场-2号南半场,10:30-11:30,1,1,已售/已满,教学时间,多云,17,14,4,0.0,85,28
2026-05-21 08:30:42,2026-05-21,3,篮球场-2号南半场,10:30-11:30,1,1,已售/已满,教学时间,多云,18,15,4,0.0,84,28
2026-05-21 08:35:31,2026-05-21,3,篮球场-2号南半场,10:30-11:30,1,1,已售/已满,教学时间,多云,18,15,4,0.0,84,28
2026-05-21 08:40:38,2026-05-21,3,篮球场-2号南半场,10:30-11:30,1,1,已售/已满,教学时间,多云,18,15,4,0.0,82,28
2026-05-21 08:45:33,2026-05-21,3,篮球场-2号南半场,10:30-11:30,1,1,已售/已满,教学时间,多云,18,15,4,0.0,82,28
2026-05-21 08:50:36,2026-05-21,3,篮球场-2号南半场,10:30-11:30,1,1,已售/已满,教学时间,多云,18,15,4,0.0,82,28
2026-05-21 08:55:34,2026-05-21,3,篮球场-2号南半场,10:30-11:30,1,1,已售/已满,教学时间,多云,18,15,4,0.0,84,28
2026-05-21 09:00:51,2026-05-21,3,篮球场-2号南半场,10:30-11:30,1,1,已售/已满,教学时间,多云,18,15,4,0.0,84,28
2026-05-21 09:01:59,2026-05-21,3,篮球场-2号南半场,10:30-11:30,1,1,已售/已满,教学时间,多云,18,15,4,0.0,83,28
2026-05-21 09:05:33,2026-05-21,3,篮球场-2号南半场,10:30-11:30,1,1,已售/已满,教学时间,多云,18,15,4,0.0,83,28
2026-05-21 09:20:38,2026-05-21,3,篮球场-2号南半场,10:30-11:30,1,1,已售/已满,教学时间,多云,18,16,3,0.0,81,28
2026-05-21 09:30:46,2026-05-21,3,篮球场-2号南半场,10:30-11:30,1,1,已售/已满,教学时间,多云,18,16,3,0.0,81,32
2026-05-21 09:40:36,2026-05-21,3,篮球场-2号南半场,10:30-11:30,1,1,已售/已满,教学时间,多云,19,17,3,0.0,79,32
2026-05-21 09:50:42,2026-05-21,3,篮球场-2号南半场,10:30-11:30,1,1,已售/已满,教学时间,多云,19,17,4,0.0,81,32
2026-05-21 10:00:46,2026-05-21,3,篮球场-2号南半场,10:30-11:30,1,1,已售/已满,教学时间,多云,19,17,4,0.0,79,32
2026-05-21 10:10:40,2026-05-21,3,篮球场-2号南半场,10:30-11:30,1,1,已售/已满,教学时间,多云,19,17,4,0.0,79,32
2026-05-21 10:20:38,2026-05-21,3,篮球场-2号南半场,10:30-11:30,1,1,已售/已满,教学时间,多云,19,17,4,0.0,79,32
2026-05-21 10:30:41,2026-05-21,3,篮球场-2号南半场,10:30-11:30,1,1,已售/已满,教学时间,多云,19,18,3,0.0,78,31
2026-05-21 11:00:44,2026-05-21,3,篮球场-2号南半场,10:30-11:30,1,1,已售/已满,教学时间,多云,21,17,5,0.0,74,31
2026-05-21 11:30:38,2026-05-21,3,篮球场-2号南半场,10:30-11:30,1,1,已售/已满,教学时间,多云,21,19,3,0.0,72,33
2026-05-21 12:00:46,2026-05-21,3,篮球场-2号南半场,10:30-11:30,1,1,已售/已满,教学时间,多云,22,19,4,0.0,70,33
2026-05-21 12:30:42,2026-05-21,3,篮球场-2号南半场,10:30-11:30,1,1,已售/已满,教学时间,多云,22,21,3,0.0,68,35
2026-05-21 13:00:43,2026-05-21,3,篮球场-2号南半场,10:30-11:30,1,1,已售/已满,教学时间,多云,24,22,4,0.0,66,35
2026-05-21 13:30:43,2026-05-21,3,篮球场-2号南半场,10:30-11:30,1,1,已售/已满,教学时间,多云,24,22,4,0.0,66,36
2026-05-21 14:00:48,2026-05-21,3,篮球场-2号南半场,10:30-11:30,1,1,已售/已满,教学时间,多云,25,23,4,0.0,66,36
2026-05-21 14:30:45,2026-05-21,3,篮球场-2号南半场,10:30-11:30,1,1,已售/已满,教学时间,晴,25,25,3,0.0,65,39
2026-05-21 15:00:45,2026-05-21,3,篮球场-2号南半场,10:30-11:30,1,1,已售/已满,教学时间,晴,25,22,4,0.0,56,39
2026-05-21 15:30:43,2026-05-21,3,篮球场-2号南半场,10:30-11:30,1,1,已售/已满,教学时间,晴,25,23,4,0.0,57,40
2026-05-21 16:00:51,2026-05-21,3,篮球场-2号南半场,10:30-11:30,1,1,已售/已满,教学时间,晴,25,23,4,0.0,57,40
2026-05-21 16:30:48,2026-05-21,3,篮球场-2号南半场,10:30-11:30,1,1,已售/已满,教学时间,晴,25,24,3,0.0,60,39
2026-05-21 17:00:49,2026-05-21,3,篮球场-2号南半场,10:30-11:30,1,1,已售/已满,教学时间,晴,25,24,4,0.0,61,39
2026-05-21 17:30:47,2026-05-21,3,篮球场-2号南半场,10:30-11:30,1,1,已售/已满,教学时间,多云,24,23,3,0.0,64,39
2026-05-21 18:00:50,2026-05-21,3,篮球场-2号南半场,10:30-11:30,1,1,已售/已满,教学时间,多云,24,23,3,0.0,68,39
2026-05-21 18:30:50,2026-05-21,3,篮球场-2号南半场,10:30-11:30,1,1,已售/已满,教学时间,阴,24,25,2,0.0,68,40
2026-05-21 19:00:50,2026-05-21,3,篮球场-2号南半场,10:30-11:30,1,1,已售/已满,教学时间,阴,23,23,3,0.0,76,40
2026-05-21 19:30:46,2026-05-21,3,篮球场-2号南半场,10:30-11:30,1,1,已售/已满,教学时间,阴,23,24,2,0.0,77,39
2026-05-21 20:00:49,2026-05-21,3,篮球场-2号南半场,10:30-11:30,1,1,已售/已满,教学时间,雾,22,23,2,0.0,89,39
2026-05-21 20:30:44,2026-05-21,3,篮球场-2号南半场,10:30-11:30,1,1,已售/已满,教学时间,雾,22,24,2,0.0,93,43
2026-05-21 21:00:56,2026-05-21,3,篮球场-2号南半场,10:30-11:30,1,1,已售/已满,教学时间,雾,20,21,2,0.0,98,43
2026-05-21 21:30:46,2026-05-21,3,篮球场-2号南半场,10:30-11:30,1,1,已售/已满,教学时间,雾,20,22,1,0.0,99,41
2026-05-21 22:01:02,2026-05-21,3,篮球场-2号南半场,10:30-11:30,1,1,已售/已满,教学时间,雾,19,20,2,0.0,93,41
2026-05-21 22:30:47,2026-05-21,3,篮球场-2号南半场,10:30-11:30,1,1,已售/已满,教学时间,雾,19,19,3,0.0,88,46
2026-05-21 23:00:56,2026-05-21,3,篮球场-2号南半场,10:30-11:30,1,1,已售/已满,教学时间,多云,18,17,3,0.0,85,46
2026-05-21 23:30:55,2026-05-21,3,篮球场-2号南半场,10:30-11:30,1,1,已售/已满,教学时间,多云,18,17,3,0.0,85,48
2026-05-21 00:30:49,2026-05-21,3,篮球场-2号南半场,12:00-13:00,0,1,可预约,￥75.0,多云,15,13,3,0.0,100,26
2026-05-21 01:00:55,2026-05-21,3,篮球场-2号南半场,12:00-13:00,0,1,可预约,￥75.0,多云,15,12,4,0.0,100,26
2026-05-21 01:30:47,2026-05-21,3,篮球场-2号南半场,12:00-13:00,0,1,可预约,￥75.0,多云,15,13,4,0.0,100,28
2026-05-21 02:00:53,2026-05-21,3,篮球场-2号南半场,12:00-13:00,0,1,可预约,￥75.0,多云,15,12,4,0.0,100,28
2026-05-21 02:30:49,2026-05-21,3,篮球场-2号南半场,12:00-13:00,0,1,可预约,￥75.0,多云,15,14,3,0.0,100,29
2026-05-21 03:00:55,2026-05-21,3,篮球场-2号南半场,12:00-13:00,0,1,可预约,￥75.0,多云,15,12,4,0.0,100,29
2026-05-21 03:30:49,2026-05-21,3,篮球场-2号南半场,12:00-13:00,0,1,可预约,￥75.0,多云,15,14,3,0.0,100,30
2026-05-21 04:30:45,2026-05-21,3,篮球场-2号南半场,12:00-13:00,0,1,可预约,￥75.0,多云,15,12,4,0.0,100,29
2026-05-21 05:00:52,2026-05-21,3,篮球场-2号南半场,12:00-13:00,0,1,可预约,￥75.0,多云,15,12,4,0.0,100,29
2026-05-21 05:30:49,2026-05-21,3,篮球场-2号南半场,12:00-13:00,0,1,可预约,￥75.0,多云,15,13,3,0.0,100,28
2026-05-21 06:00:50,2026-05-21,3,篮球场-2号南半场,12:00-13:00,0,1,可预约,￥75.0,多云,15,13,4,0.0,99,28
2026-05-21 06:30:38,2026-05-21,3,篮球场-2号南半场,12:00-13:00,0,1,可预约,￥75.0,多云,15,13,3,0.0,97,28
2026-05-21 07:00:43,2026-05-21,3,篮球场-2号南半场,12:00-13:00,0,1,可预约,￥75.0,晴,15,11,5,0.0,93,28
2026-05-21 07:30:39,2026-05-21,3,篮球场-2号南半场,12:00-13:00,0,1,可预约,￥75.0,晴,17,13,4,0.0,89,29
2026-05-21 07:50:40,2026-05-21,3,篮球场-2号南半场,12:00-13:00,0,1,可预约,￥75.0,晴,17,13,4,0.0,88,29
2026-05-21 07:53:31,2026-05-21,3,篮球场-2号南半场,12:00-13:00,0,1,可预约,￥75.0,晴,17,12,5,0.0,86,29
2026-05-21 07:56:31,2026-05-21,3,篮球场-2号南半场,12:00-13:00,0,1,可预约,￥75.0,晴,17,12,5,0.0,86,29
2026-05-21 07:59:26,2026-05-21,3,篮球场-2号南半场,12:00-13:00,0,1,可预约,￥75.0,晴,17,12,5,0.0,86,29
2026-05-21 08:00:45,2026-05-21,3,篮球场-2号南半场,12:00-13:00,0,1,可预约,￥75.0,晴,17,12,5,0.0,86,29
2026-05-21 08:02:30,2026-05-21,3,篮球场-2号南半场,12:00-13:00,0,1,可预约,￥75.0,多云,17,12,5,0.0,87,29
2026-05-21 08:05:36,2026-05-21,3,篮球场-2号南半场,12:00-13:00,0,1,可预约,￥75.0,多云,17,12,5,0.0,86,29
2026-05-21 08:08:31,2026-05-21,3,篮球场-2号南半场,12:00-13:00,0,1,可预约,￥75.0,多云,17,12,5,0.0,86,29
2026-05-21 08:11:30,2026-05-21,3,篮球场-2号南半场,12:00-13:00,0,1,可预约,￥75.0,多云,17,12,5,0.0,86,29
2026-05-21 08:14:31,2026-05-21,3,篮球场-2号南半场,12:00-13:00,0,1,可预约,￥75.0,多云,17,12,5,0.0,86,29
2026-05-21 08:17:30,2026-05-21,3,篮球场-2号南半场,12:00-13:00,0,1,可预约,￥75.0,多云,17,12,5,0.0,86,29
2026-05-21 08:20:35,2026-05-21,3,篮球场-2号南半场,12:00-13:00,0,1,可预约,￥75.0,多云,17,14,4,0.0,85,29
2026-05-21 08:25:32,2026-05-21,3,篮球场-2号南半场,12:00-13:00,0,1,可预约,￥75.0,多云,17,14,4,0.0,85,28
2026-05-21 08:30:42,2026-05-21,3,篮球场-2号南半场,12:00-13:00,0,1,可预约,￥75.0,多云,18,15,4,0.0,84,28
2026-05-21 08:35:31,2026-05-21,3,篮球场-2号南半场,12:00-13:00,0,1,可预约,￥75.0,多云,18,15,4,0.0,84,28
2026-05-21 08:40:38,2026-05-21,3,篮球场-2号南半场,12:00-13:00,0,1,可预约,￥75.0,多云,18,15,4,0.0,82,28
2026-05-21 08:45:33,2026-05-21,3,篮球场-2号南半场,12:00-13:00,0,1,可预约,￥75.0,多云,18,15,4,0.0,82,28
2026-05-21 08:50:36,2026-05-21,3,篮球场-2号南半场,12:00-13:00,0,1,可预约,￥75.0,多云,18,15,4,0.0,82,28
2026-05-21 08:55:34,2026-05-21,3,篮球场-2号南半场,12:00-13:00,0,1,可预约,￥75.0,多云,18,15,4,0.0,84,28
2026-05-21 09:00:51,2026-05-21,3,篮球场-2号南半场,12:00-13:00,0,1,可预约,￥75.0,多云,18,15,4,0.0,84,28
2026-05-21 09:01:59,2026-05-21,3,篮球场-2号南半场,12:00-13:00,0,1,可预约,￥75.0,多云,18,15,4,0.0,83,28
2026-05-21 09:05:33,2026-05-21,3,篮球场-2号南半场,12:00-13:00,0,1,可预约,￥75.0,多云,18,15,4,0.0,83,28
2026-05-21 09:20:38,2026-05-21,3,篮球场-2号南半场,12:00-13:00,0,1,可预约,￥75.0,多云,18,16,3,0.0,81,28
2026-05-21 09:30:46,2026-05-21,3,篮球场-2号南半场,12:00-13:00,0,1,可预约,￥75.0,多云,18,16,3,0.0,81,32
2026-05-21 09:40:36,2026-05-21,3,篮球场-2号南半场,12:00-13:00,0,1,可预约,￥75.0,多云,19,17,3,0.0,79,32
2026-05-21 09:50:42,2026-05-21,3,篮球场-2号南半场,12:00-13:00,0,1,可预约,￥75.0,多云,19,17,4,0.0,81,32
2026-05-21 10:00:46,2026-05-21,3,篮球场-2号南半场,12:00-13:00,0,1,可预约,￥75.0,多云,19,17,4,0.0,79,32
2026-05-21 10:10:40,2026-05-21,3,篮球场-2号南半场,12:00-13:00,0,1,可预约,￥75.0,多云,19,17,4,0.0,79,32
2026-05-21 10:20:38,2026-05-21,3,篮球场-2号南半场,12:00-13:00,0,1,可预约,￥75.0,多云,19,17,4,0.0,79,32
2026-05-21 10:30:41,2026-05-21,3,篮球场-2号南半场,12:00-13:00,0,1,可预约,￥75.0,多云,19,18,3,0.0,78,31
2026-05-21 11:00:44,2026-05-21,3,篮球场-2号南半场,12:00-13:00,0,1,可预约,￥75.0,多云,21,17,5,0.0,74,31
2026-05-21 11:30:38,2026-05-21,3,篮球场-2号南半场,12:00-13:00,0,1,可预约,￥75.0,多云,21,19,3,0.0,72,33
2026-05-21 12:00:46,2026-05-21,3,篮球场-2号南半场,12:00-13:00,0,1,可预约,￥75.0,多云,22,19,4,0.0,70,33
2026-05-21 12:30:42,2026-05-21,3,篮球场-2号南半场,12:00-13:00,0,1,可预约,￥75.0,多云,22,21,3,0.0,68,35
2026-05-21 13:00:43,2026-05-21,3,篮球场-2号南半场,12:00-13:00,0,1,不开放/已过期,,多云,24,22,4,0.0,66,35
2026-05-21 13:30:43,2026-05-21,3,篮球场-2号南半场,12:00-13:00,0,1,不开放/已过期,,多云,24,22,4,0.0,66,36
2026-05-21 14:00:48,2026-05-21,3,篮球场-2号南半场,12:00-13:00,0,1,不开放/已过期,,多云,25,23,4,0.0,66,36
2026-05-21 14:30:45,2026-05-21,3,篮球场-2号南半场,12:00-13:00,0,1,不开放/已过期,,晴,25,25,3,0.0,65,39
2026-05-21 15:00:45,2026-05-21,3,篮球场-2号南半场,12:00-13:00,0,1,不开放/已过期,,晴,25,22,4,0.0,56,39
2026-05-21 15:30:43,2026-05-21,3,篮球场-2号南半场,12:00-13:00,0,1,不开放/已过期,,晴,25,23,4,0.0,57,40
2026-05-21 16:00:51,2026-05-21,3,篮球场-2号南半场,12:00-13:00,0,1,不开放/已过期,,晴,25,23,4,0.0,57,40
2026-05-21 16:30:48,2026-05-21,3,篮球场-2号南半场,12:00-13:00,0,1,不开放/已过期,,晴,25,24,3,0.0,60,39
2026-05-21 17:00:49,2026-05-21,3,篮球场-2号南半场,12:00-13:00,0,1,不开放/已过期,,晴,25,24,4,0.0,61,39
2026-05-21 17:30:47,2026-05-21,3,篮球场-2号南半场,12:00-13:00,0,1,不开放/已过期,,多云,24,23,3,0.0,64,39
2026-05-21 18:00:50,2026-05-21,3,篮球场-2号南半场,12:00-13:00,0,1,不开放/已过期,,多云,24,23,3,0.0,68,39
2026-05-21 18:30:50,2026-05-21,3,篮球场-2号南半场,12:00-13:00,0,1,不开放/已过期,,阴,24,25,2,0.0,68,40
2026-05-21 19:00:50,2026-05-21,3,篮球场-2号南半场,12:00-13:00,0,1,不开放/已过期,,阴,23,23,3,0.0,76,40
2026-05-21 19:30:46,2026-05-21,3,篮球场-2号南半场,12:00-13:00,0,1,不开放/已过期,,阴,23,24,2,0.0,77,39
2026-05-21 20:00:49,2026-05-21,3,篮球场-2号南半场,12:00-13:00,0,1,不开放/已过期,,雾,22,23,2,0.0,89,39
2026-05-21 20:30:44,2026-05-21,3,篮球场-2号南半场,12:00-13:00,0,1,不开放/已过期,,雾,22,24,2,0.0,93,43
2026-05-21 21:00:56,2026-05-21,3,篮球场-2号南半场,12:00-13:00,0,1,不开放/已过期,,雾,20,21,2,0.0,98,43
2026-05-21 21:30:46,2026-05-21,3,篮球场-2号南半场,12:00-13:00,0,1,不开放/已过期,,雾,20,22,1,0.0,99,41
2026-05-21 22:01:02,2026-05-21,3,篮球场-2号南半场,12:00-13:00,0,1,不开放/已过期,,雾,19,20,2,0.0,93,41
2026-05-21 22:30:47,2026-05-21,3,篮球场-2号南半场,12:00-13:00,0,1,不开放/已过期,,雾,19,19,3,0.0,88,46
2026-05-21 23:00:56,2026-05-21,3,篮球场-2号南半场,12:00-13:00,0,1,不开放/已过期,,多云,18,17,3,0.0,85,46
2026-05-21 23:30:55,2026-05-21,3,篮球场-2号南半场,12:00-13:00,0,1,不开放/已过期,,多云,18,17,3,0.0,85,48
2026-05-21 00:30:49,2026-05-21,3,篮球场-2号南半场,14:00-15:00,1,1,已售/已满,教学时间,多云,15,13,3,0.0,100,26
2026-05-21 01:00:55,2026-05-21,3,篮球场-2号南半场,14:00-15:00,1,1,已售/已满,教学时间,多云,15,12,4,0.0,100,26
2026-05-21 01:30:47,2026-05-21,3,篮球场-2号南半场,14:00-15:00,1,1,已售/已满,教学时间,多云,15,13,4,0.0,100,28
2026-05-21 02:00:53,2026-05-21,3,篮球场-2号南半场,14:00-15:00,1,1,已售/已满,教学时间,多云,15,12,4,0.0,100,28
2026-05-21 02:30:49,2026-05-21,3,篮球场-2号南半场,14:00-15:00,1,1,已售/已满,教学时间,多云,15,14,3,0.0,100,29
2026-05-21 03:00:55,2026-05-21,3,篮球场-2号南半场,14:00-15:00,1,1,已售/已满,教学时间,多云,15,12,4,0.0,100,29
2026-05-21 03:30:49,2026-05-21,3,篮球场-2号南半场,14:00-15:00,1,1,已售/已满,教学时间,多云,15,14,3,0.0,100,30
2026-05-21 04:30:45,2026-05-21,3,篮球场-2号南半场,14:00-15:00,1,1,已售/已满,教学时间,多云,15,12,4,0.0,100,29
2026-05-21 05:00:52,2026-05-21,3,篮球场-2号南半场,14:00-15:00,1,1,已售/已满,教学时间,多云,15,12,4,0.0,100,29
2026-05-21 05:30:49,2026-05-21,3,篮球场-2号南半场,14:00-15:00,1,1,已售/已满,教学时间,多云,15,13,3,0.0,100,28
2026-05-21 06:00:50,2026-05-21,3,篮球场-2号南半场,14:00-15:00,1,1,已售/已满,教学时间,多云,15,13,4,0.0,99,28
2026-05-21 06:30:38,2026-05-21,3,篮球场-2号南半场,14:00-15:00,1,1,已售/已满,教学时间,多云,15,13,3,0.0,97,28
2026-05-21 07:00:43,2026-05-21,3,篮球场-2号南半场,14:00-15:00,1,1,已售/已满,教学时间,晴,15,11,5,0.0,93,28
2026-05-21 07:30:39,2026-05-21,3,篮球场-2号南半场,14:00-15:00,1,1,已售/已满,教学时间,晴,17,13,4,0.0,89,29
2026-05-21 07:50:40,2026-05-21,3,篮球场-2号南半场,14:00-15:00,1,1,已售/已满,教学时间,晴,17,13,4,0.0,88,29
2026-05-21 07:53:31,2026-05-21,3,篮球场-2号南半场,14:00-15:00,1,1,已售/已满,教学时间,晴,17,12,5,0.0,86,29
2026-05-21 07:56:31,2026-05-21,3,篮球场-2号南半场,14:00-15:00,1,1,已售/已满,教学时间,晴,17,12,5,0.0,86,29
2026-05-21 07:59:26,2026-05-21,3,篮球场-2号南半场,14:00-15:00,1,1,已售/已满,教学时间,晴,17,12,5,0.0,86,29
2026-05-21 08:00:45,2026-05-21,3,篮球场-2号南半场,14:00-15:00,1,1,已售/已满,教学时间,晴,17,12,5,0.0,86,29
2026-05-21 08:02:30,2026-05-21,3,篮球场-2号南半场,14:00-15:00,1,1,已售/已满,教学时间,多云,17,12,5,0.0,87,29
2026-05-21 08:05:36,2026-05-21,3,篮球场-2号南半场,14:00-15:00,1,1,已售/已满,教学时间,多云,17,12,5,0.0,86,29
2026-05-21 08:08:31,2026-05-21,3,篮球场-2号南半场,14:00-15:00,1,1,已售/已满,教学时间,多云,17,12,5,0.0,86,29
2026-05-21 08:11:30,2026-05-21,3,篮球场-2号南半场,14:00-15:00,1,1,已售/已满,教学时间,多云,17,12,5,0.0,86,29
2026-05-21 08:14:31,2026-05-21,3,篮球场-2号南半场,14:00-15:00,1,1,已售/已满,教学时间,多云,17,12,5,0.0,86,29
2026-05-21 08:17:30,2026-05-21,3,篮球场-2号南半场,14:00-15:00,1,1,已售/已满,教学时间,多云,17,12,5,0.0,86,29
2026-05-21 08:20:35,2026-05-21,3,篮球场-2号南半场,14:00-15:00,1,1,已售/已满,教学时间,多云,17,14,4,0.0,85,29
2026-05-21 08:25:32,2026-05-21,3,篮球场-2号南半场,14:00-15:00,1,1,已售/已满,教学时间,多云,17,14,4,0.0,85,28
2026-05-21 08:30:42,2026-05-21,3,篮球场-2号南半场,14:00-15:00,1,1,已售/已满,教学时间,多云,18,15,4,0.0,84,28
2026-05-21 08:35:31,2026-05-21,3,篮球场-2号南半场,14:00-15:00,1,1,已售/已满,教学时间,多云,18,15,4,0.0,84,28
2026-05-21 08:40:38,2026-05-21,3,篮球场-2号南半场,14:00-15:00,1,1,已售/已满,教学时间,多云,18,15,4,0.0,82,28
2026-05-21 08:45:33,2026-05-21,3,篮球场-2号南半场,14:00-15:00,1,1,已售/已满,教学时间,多云,18,15,4,0.0,82,28
2026-05-21 08:50:36,2026-05-21,3,篮球场-2号南半场,14:00-15:00,1,1,已售/已满,教学时间,多云,18,15,4,0.0,82,28
2026-05-21 08:55:34,2026-05-21,3,篮球场-2号南半场,14:00-15:00,1,1,已售/已满,教学时间,多云,18,15,4,0.0,84,28
2026-05-21 09:00:51,2026-05-21,3,篮球场-2号南半场,14:00-15:00,1,1,已售/已满,教学时间,多云,18,15,4,0.0,84,28
2026-05-21 09:01:59,2026-05-21,3,篮球场-2号南半场,14:00-15:00,1,1,已售/已满,教学时间,多云,18,15,4,0.0,83,28
2026-05-21 09:05:33,2026-05-21,3,篮球场-2号南半场,14:00-15:00,1,1,已售/已满,教学时间,多云,18,15,4,0.0,83,28
2026-05-21 09:20:38,2026-05-21,3,篮球场-2号南半场,14:00-15:00,1,1,已售/已满,教学时间,多云,18,16,3,0.0,81,28
2026-05-21 09:30:46,2026-05-21,3,篮球场-2号南半场,14:00-15:00,1,1,已售/已满,教学时间,多云,18,16,3,0.0,81,32
2026-05-21 09:40:36,2026-05-21,3,篮球场-2号南半场,14:00-15:00,1,1,已售/已满,教学时间,多云,19,17,3,0.0,79,32
2026-05-21 09:50:42,2026-05-21,3,篮球场-2号南半场,14:00-15:00,1,1,已售/已满,教学时间,多云,19,17,4,0.0,81,32
2026-05-21 10:00:46,2026-05-21,3,篮球场-2号南半场,14:00-15:00,1,1,已售/已满,教学时间,多云,19,17,4,0.0,79,32
2026-05-21 10:10:40,2026-05-21,3,篮球场-2号南半场,14:00-15:00,1,1,已售/已满,教学时间,多云,19,17,4,0.0,79,32
2026-05-21 10:20:38,2026-05-21,3,篮球场-2号南半场,14:00-15:00,1,1,已售/已满,教学时间,多云,19,17,4,0.0,79,32
2026-05-21 10:30:41,2026-05-21,3,篮球场-2号南半场,14:00-15:00,1,1,已售/已满,教学时间,多云,19,18,3,0.0,78,31
2026-05-21 11:00:44,2026-05-21,3,篮球场-2号南半场,14:00-15:00,1,1,已售/已满,教学时间,多云,21,17,5,0.0,74,31
2026-05-21 11:30:38,2026-05-21,3,篮球场-2号南半场,14:00-15:00,1,1,已售/已满,教学时间,多云,21,19,3,0.0,72,33
2026-05-21 12:00:46,2026-05-21,3,篮球场-2号南半场,14:00-15:00,1,1,已售/已满,教学时间,多云,22,19,4,0.0,70,33
2026-05-21 12:30:42,2026-05-21,3,篮球场-2号南半场,14:00-15:00,1,1,已售/已满,教学时间,多云,22,21,3,0.0,68,35
2026-05-21 13:00:43,2026-05-21,3,篮球场-2号南半场,14:00-15:00,1,1,已售/已满,教学时间,多云,24,22,4,0.0,66,35
2026-05-21 13:30:43,2026-05-21,3,篮球场-2号南半场,14:00-15:00,1,1,已售/已满,教学时间,多云,24,22,4,0.0,66,36
2026-05-21 14:00:48,2026-05-21,3,篮球场-2号南半场,14:00-15:00,1,1,已售/已满,教学时间,多云,25,23,4,0.0,66,36
2026-05-21 14:30:45,2026-05-21,3,篮球场-2号南半场,14:00-15:00,1,1,已售/已满,教学时间,晴,25,25,3,0.0,65,39
2026-05-21 15:00:45,2026-05-21,3,篮球场-2号南半场,14:00-15:00,1,1,已售/已满,教学时间,晴,25,22,4,0.0,56,39
2026-05-21 15:30:43,2026-05-21,3,篮球场-2号南半场,14:00-15:00,1,1,已售/已满,教学时间,晴,25,23,4,0.0,57,40
2026-05-21 16:00:51,2026-05-21,3,篮球场-2号南半场,14:00-15:00,1,1,已售/已满,教学时间,晴,25,23,4,0.0,57,40
2026-05-21 16:30:48,2026-05-21,3,篮球场-2号南半场,14:00-15:00,1,1,已售/已满,教学时间,晴,25,24,3,0.0,60,39
2026-05-21 17:00:49,2026-05-21,3,篮球场-2号南半场,14:00-15:00,1,1,已售/已满,教学时间,晴,25,24,4,0.0,61,39
2026-05-21 17:30:47,2026-05-21,3,篮球场-2号南半场,14:00-15:00,1,1,已售/已满,教学时间,多云,24,23,3,0.0,64,39
2026-05-21 18:00:50,2026-05-21,3,篮球场-2号南半场,14:00-15:00,1,1,已售/已满,教学时间,多云,24,23,3,0.0,68,39
2026-05-21 18:30:50,2026-05-21,3,篮球场-2号南半场,14:00-15:00,1,1,已售/已满,教学时间,阴,24,25,2,0.0,68,40
2026-05-21 19:00:50,2026-05-21,3,篮球场-2号南半场,14:00-15:00,1,1,已售/已满,教学时间,阴,23,23,3,0.0,76,40
2026-05-21 19:30:46,2026-05-21,3,篮球场-2号南半场,14:00-15:00,1,1,已售/已满,教学时间,阴,23,24,2,0.0,77,39
2026-05-21 20:00:49,2026-05-21,3,篮球场-2号南半场,14:00-15:00,1,1,已售/已满,教学时间,雾,22,23,2,0.0,89,39
2026-05-21 20:30:44,2026-05-21,3,篮球场-2号南半场,14:00-15:00,1,1,已售/已满,教学时间,雾,22,24,2,0.0,93,43
2026-05-21 21:00:56,2026-05-21,3,篮球场-2号南半场,14:00-15:00,1,1,已售/已满,教学时间,雾,20,21,2,0.0,98,43
2026-05-21 21:30:46,2026-05-21,3,篮球场-2号南半场,14:00-15:00,1,1,已售/已满,教学时间,雾,20,22,1,0.0,99,41
2026-05-21 22:01:02,2026-05-21,3,篮球场-2号南半场,14:00-15:00,1,1,已售/已满,教学时间,雾,19,20,2,0.0,93,41
2026-05-21 22:30:47,2026-05-21,3,篮球场-2号南半场,14:00-15:00,1,1,已售/已满,教学时间,雾,19,19,3,0.0,88,46
2026-05-21 23:00:56,2026-05-21,3,篮球场-2号南半场,14:00-15:00,1,1,已售/已满,教学时间,多云,18,17,3,0.0,85,46
2026-05-21 23:30:55,2026-05-21,3,篮球场-2号南半场,14:00-15:00,1,1,已售/已满,教学时间,多云,18,17,3,0.0,85,48
2026-05-21 00:30:49,2026-05-21,3,篮球场-2号南半场,15:00-16:00,1,1,已售/已满,教学时间,多云,15,13,3,0.0,100,26
2026-05-21 01:00:55,2026-05-21,3,篮球场-2号南半场,15:00-16:00,1,1,已售/已满,教学时间,多云,15,12,4,0.0,100,26
2026-05-21 01:30:47,2026-05-21,3,篮球场-2号南半场,15:00-16:00,1,1,已售/已满,教学时间,多云,15,13,4,0.0,100,28
2026-05-21 02:00:53,2026-05-21,3,篮球场-2号南半场,15:00-16:00,1,1,已售/已满,教学时间,多云,15,12,4,0.0,100,28
2026-05-21 02:30:49,2026-05-21,3,篮球场-2号南半场,15:00-16:00,1,1,已售/已满,教学时间,多云,15,14,3,0.0,100,29
2026-05-21 03:00:55,2026-05-21,3,篮球场-2号南半场,15:00-16:00,1,1,已售/已满,教学时间,多云,15,12,4,0.0,100,29
2026-05-21 03:30:49,2026-05-21,3,篮球场-2号南半场,15:00-16:00,1,1,已售/已满,教学时间,多云,15,14,3,0.0,100,30
2026-05-21 04:30:45,2026-05-21,3,篮球场-2号南半场,15:00-16:00,1,1,已售/已满,教学时间,多云,15,12,4,0.0,100,29
2026-05-21 05:00:52,2026-05-21,3,篮球场-2号南半场,15:00-16:00,1,1,已售/已满,教学时间,多云,15,12,4,0.0,100,29
2026-05-21 05:30:49,2026-05-21,3,篮球场-2号南半场,15:00-16:00,1,1,已售/已满,教学时间,多云,15,13,3,0.0,100,28
2026-05-21 06:00:50,2026-05-21,3,篮球场-2号南半场,15:00-16:00,1,1,已售/已满,教学时间,多云,15,13,4,0.0,99,28
2026-05-21 06:30:38,2026-05-21,3,篮球场-2号南半场,15:00-16:00,1,1,已售/已满,教学时间,多云,15,13,3,0.0,97,28
2026-05-21 07:00:43,2026-05-21,3,篮球场-2号南半场,15:00-16:00,1,1,已售/已满,教学时间,晴,15,11,5,0.0,93,28
2026-05-21 07:30:39,2026-05-21,3,篮球场-2号南半场,15:00-16:00,1,1,已售/已满,教学时间,晴,17,13,4,0.0,89,29
2026-05-21 07:50:40,2026-05-21,3,篮球场-2号南半场,15:00-16:00,1,1,已售/已满,教学时间,晴,17,13,4,0.0,88,29
2026-05-21 07:53:31,2026-05-21,3,篮球场-2号南半场,15:00-16:00,1,1,已售/已满,教学时间,晴,17,12,5,0.0,86,29
2026-05-21 07:56:31,2026-05-21,3,篮球场-2号南半场,15:00-16:00,1,1,已售/已满,教学时间,晴,17,12,5,0.0,86,29
2026-05-21 07:59:26,2026-05-21,3,篮球场-2号南半场,15:00-16:00,1,1,已售/已满,教学时间,晴,17,12,5,0.0,86,29
2026-05-21 08:00:45,2026-05-21,3,篮球场-2号南半场,15:00-16:00,1,1,已售/已满,教学时间,晴,17,12,5,0.0,86,29
2026-05-21 08:02:30,2026-05-21,3,篮球场-2号南半场,15:00-16:00,1,1,已售/已满,教学时间,多云,17,12,5,0.0,87,29
2026-05-21 08:05:36,2026-05-21,3,篮球场-2号南半场,15:00-16:00,1,1,已售/已满,教学时间,多云,17,12,5,0.0,86,29
2026-05-21 08:08:31,2026-05-21,3,篮球场-2号南半场,15:00-16:00,1,1,已售/已满,教学时间,多云,17,12,5,0.0,86,29
2026-05-21 08:11:30,2026-05-21,3,篮球场-2号南半场,15:00-16:00,1,1,已售/已满,教学时间,多云,17,12,5,0.0,86,29
2026-05-21 08:14:31,2026-05-21,3,篮球场-2号南半场,15:00-16:00,1,1,已售/已满,教学时间,多云,17,12,5,0.0,86,29
2026-05-21 08:17:30,2026-05-21,3,篮球场-2号南半场,15:00-16:00,1,1,已售/已满,教学时间,多云,17,12,5,0.0,86,29
2026-05-21 08:20:35,2026-05-21,3,篮球场-2号南半场,15:00-16:00,1,1,已售/已满,教学时间,多云,17,14,4,0.0,85,29
2026-05-21 08:25:32,2026-05-21,3,篮球场-2号南半场,15:00-16:00,1,1,已售/已满,教学时间,多云,17,14,4,0.0,85,28
2026-05-21 08:30:42,2026-05-21,3,篮球场-2号南半场,15:00-16:00,1,1,已售/已满,教学时间,多云,18,15,4,0.0,84,28
2026-05-21 08:35:31,2026-05-21,3,篮球场-2号南半场,15:00-16:00,1,1,已售/已满,教学时间,多云,18,15,4,0.0,84,28
2026-05-21 08:40:38,2026-05-21,3,篮球场-2号南半场,15:00-16:00,1,1,已售/已满,教学时间,多云,18,15,4,0.0,82,28
2026-05-21 08:45:33,2026-05-21,3,篮球场-2号南半场,15:00-16:00,1,1,已售/已满,教学时间,多云,18,15,4,0.0,82,28
2026-05-21 08:50:36,2026-05-21,3,篮球场-2号南半场,15:00-16:00,1,1,已售/已满,教学时间,多云,18,15,4,0.0,82,28
2026-05-21 08:55:34,2026-05-21,3,篮球场-2号南半场,15:00-16:00,1,1,已售/已满,教学时间,多云,18,15,4,0.0,84,28
2026-05-21 09:00:51,2026-05-21,3,篮球场-2号南半场,15:00-16:00,1,1,已售/已满,教学时间,多云,18,15,4,0.0,84,28
2026-05-21 09:01:59,2026-05-21,3,篮球场-2号南半场,15:00-16:00,1,1,已售/已满,教学时间,多云,18,15,4,0.0,83,28
2026-05-21 09:05:33,2026-05-21,3,篮球场-2号南半场,15:00-16:00,1,1,已售/已满,教学时间,多云,18,15,4,0.0,83,28
2026-05-21 09:20:38,2026-05-21,3,篮球场-2号南半场,15:00-16:00,1,1,已售/已满,教学时间,多云,18,16,3,0.0,81,28
2026-05-21 09:30:46,2026-05-21,3,篮球场-2号南半场,15:00-16:00,1,1,已售/已满,教学时间,多云,18,16,3,0.0,81,32
2026-05-21 09:40:36,2026-05-21,3,篮球场-2号南半场,15:00-16:00,1,1,已售/已满,教学时间,多云,19,17,3,0.0,79,32
2026-05-21 09:50:42,2026-05-21,3,篮球场-2号南半场,15:00-16:00,1,1,已售/已满,教学时间,多云,19,17,4,0.0,81,32
2026-05-21 10:00:46,2026-05-21,3,篮球场-2号南半场,15:00-16:00,1,1,已售/已满,教学时间,多云,19,17,4,0.0,79,32
2026-05-21 10:10:40,2026-05-21,3,篮球场-2号南半场,15:00-16:00,1,1,已售/已满,教学时间,多云,19,17,4,0.0,79,32
2026-05-21 10:20:38,2026-05-21,3,篮球场-2号南半场,15:00-16:00,1,1,已售/已满,教学时间,多云,19,17,4,0.0,79,32
2026-05-21 10:30:41,2026-05-21,3,篮球场-2号南半场,15:00-16:00,1,1,已售/已满,教学时间,多云,19,18,3,0.0,78,31
2026-05-21 11:00:44,2026-05-21,3,篮球场-2号南半场,15:00-16:00,1,1,已售/已满,教学时间,多云,21,17,5,0.0,74,31
2026-05-21 11:30:38,2026-05-21,3,篮球场-2号南半场,15:00-16:00,1,1,已售/已满,教学时间,多云,21,19,3,0.0,72,33
2026-05-21 12:00:46,2026-05-21,3,篮球场-2号南半场,15:00-16:00,1,1,已售/已满,教学时间,多云,22,19,4,0.0,70,33
2026-05-21 12:30:42,2026-05-21,3,篮球场-2号南半场,15:00-16:00,1,1,已售/已满,教学时间,多云,22,21,3,0.0,68,35
2026-05-21 13:00:43,2026-05-21,3,篮球场-2号南半场,15:00-16:00,1,1,已售/已满,教学时间,多云,24,22,4,0.0,66,35
2026-05-21 13:30:43,2026-05-21,3,篮球场-2号南半场,15:00-16:00,1,1,已售/已满,教学时间,多云,24,22,4,0.0,66,36
2026-05-21 14:00:48,2026-05-21,3,篮球场-2号南半场,15:00-16:00,1,1,已售/已满,教学时间,多云,25,23,4,0.0,66,36
2026-05-21 14:30:45,2026-05-21,3,篮球场-2号南半场,15:00-16:00,1,1,已售/已满,教学时间,晴,25,25,3,0.0,65,39
2026-05-21 15:00:45,2026-05-21,3,篮球场-2号南半场,15:00-16:00,1,1,已售/已满,教学时间,晴,25,22,4,0.0,56,39
2026-05-21 15:30:43,2026-05-21,3,篮球场-2号南半场,15:00-16:00,1,1,已售/已满,教学时间,晴,25,23,4,0.0,57,40
2026-05-21 16:00:51,2026-05-21,3,篮球场-2号南半场,15:00-16:00,1,1,已售/已满,教学时间,晴,25,23,4,0.0,57,40
2026-05-21 16:30:48,2026-05-21,3,篮球场-2号南半场,15:00-16:00,1,1,已售/已满,教学时间,晴,25,24,3,0.0,60,39
2026-05-21 17:00:49,2026-05-21,3,篮球场-2号南半场,15:00-16:00,1,1,已售/已满,教学时间,晴,25,24,4,0.0,61,39
2026-05-21 17:30:47,2026-05-21,3,篮球场-2号南半场,15:00-16:00,1,1,已售/已满,教学时间,多云,24,23,3,0.0,64,39
2026-05-21 18:00:50,2026-05-21,3,篮球场-2号南半场,15:00-16:00,1,1,已售/已满,教学时间,多云,24,23,3,0.0,68,39
2026-05-21 18:30:50,2026-05-21,3,篮球场-2号南半场,15:00-16:00,1,1,已售/已满,教学时间,阴,24,25,2,0.0,68,40
2026-05-21 19:00:50,2026-05-21,3,篮球场-2号南半场,15:00-16:00,1,1,已售/已满,教学时间,阴,23,23,3,0.0,76,40
2026-05-21 19:30:46,2026-05-21,3,篮球场-2号南半场,15:00-16:00,1,1,已售/已满,教学时间,阴,23,24,2,0.0,77,39
2026-05-21 20:00:49,2026-05-21,3,篮球场-2号南半场,15:00-16:00,1,1,已售/已满,教学时间,雾,22,23,2,0.0,89,39
2026-05-21 20:30:44,2026-05-21,3,篮球场-2号南半场,15:00-16:00,1,1,已售/已满,教学时间,雾,22,24,2,0.0,93,43
2026-05-21 21:00:56,2026-05-21,3,篮球场-2号南半场,15:00-16:00,1,1,已售/已满,教学时间,雾,20,21,2,0.0,98,43
2026-05-21 21:30:46,2026-05-21,3,篮球场-2号南半场,15:00-16:00,1,1,已售/已满,教学时间,雾,20,22,1,0.0,99,41
2026-05-21 22:01:02,2026-05-21,3,篮球场-2号南半场,15:00-16:00,1,1,已售/已满,教学时间,雾,19,20,2,0.0,93,41
2026-05-21 22:30:47,2026-05-21,3,篮球场-2号南半场,15:00-16:00,1,1,已售/已满,教学时间,雾,19,19,3,0.0,88,46
2026-05-21 23:00:56,2026-05-21,3,篮球场-2号南半场,15:00-16:00,1,1,已售/已满,教学时间,多云,18,17,3,0.0,85,46
2026-05-21 23:30:55,2026-05-21,3,篮球场-2号南半场,15:00-16:00,1,1,已售/已满,教学时间,多云,18,17,3,0.0,85,48
2026-05-21 00:30:49,2026-05-21,3,篮球场-2号南半场,16:00-17:00,0,1,可预约,￥75.0,多云,15,13,3,0.0,100,26
2026-05-21 01:00:55,2026-05-21,3,篮球场-2号南半场,16:00-17:00,0,1,可预约,￥75.0,多云,15,12,4,0.0,100,26
2026-05-21 01:30:47,2026-05-21,3,篮球场-2号南半场,16:00-17:00,0,1,可预约,￥75.0,多云,15,13,4,0.0,100,28
2026-05-21 02:00:53,2026-05-21,3,篮球场-2号南半场,16:00-17:00,0,1,可预约,￥75.0,多云,15,12,4,0.0,100,28
2026-05-21 02:30:49,2026-05-21,3,篮球场-2号南半场,16:00-17:00,0,1,可预约,￥75.0,多云,15,14,3,0.0,100,29
2026-05-21 03:00:55,2026-05-21,3,篮球场-2号南半场,16:00-17:00,0,1,可预约,￥75.0,多云,15,12,4,0.0,100,29
2026-05-21 03:30:49,2026-05-21,3,篮球场-2号南半场,16:00-17:00,0,1,可预约,￥75.0,多云,15,14,3,0.0,100,30
2026-05-21 04:30:45,2026-05-21,3,篮球场-2号南半场,16:00-17:00,0,1,可预约,￥75.0,多云,15,12,4,0.0,100,29
2026-05-21 05:00:52,2026-05-21,3,篮球场-2号南半场,16:00-17:00,0,1,可预约,￥75.0,多云,15,12,4,0.0,100,29
2026-05-21 05:30:49,2026-05-21,3,篮球场-2号南半场,16:00-17:00,0,1,可预约,￥75.0,多云,15,13,3,0.0,100,28
2026-05-21 06:00:50,2026-05-21,3,篮球场-2号南半场,16:00-17:00,0,1,可预约,￥75.0,多云,15,13,4,0.0,99,28
2026-05-21 06:30:38,2026-05-21,3,篮球场-2号南半场,16:00-17:00,0,1,可预约,￥75.0,多云,15,13,3,0.0,97,28
2026-05-21 07:00:43,2026-05-21,3,篮球场-2号南半场,16:00-17:00,0,1,可预约,￥75.0,晴,15,11,5,0.0,93,28
2026-05-21 07:30:39,2026-05-21,3,篮球场-2号南半场,16:00-17:00,0,1,可预约,￥75.0,晴,17,13,4,0.0,89,29
2026-05-21 07:50:40,2026-05-21,3,篮球场-2号南半场,16:00-17:00,0,1,可预约,￥75.0,晴,17,13,4,0.0,88,29
2026-05-21 07:53:31,2026-05-21,3,篮球场-2号南半场,16:00-17:00,0,1,可预约,￥75.0,晴,17,12,5,0.0,86,29
2026-05-21 07:56:31,2026-05-21,3,篮球场-2号南半场,16:00-17:00,0,1,可预约,￥75.0,晴,17,12,5,0.0,86,29
2026-05-21 07:59:26,2026-05-21,3,篮球场-2号南半场,16:00-17:00,0,1,可预约,￥75.0,晴,17,12,5,0.0,86,29
2026-05-21 08:00:45,2026-05-21,3,篮球场-2号南半场,16:00-17:00,0,1,可预约,￥75.0,晴,17,12,5,0.0,86,29
2026-05-21 08:02:30,2026-05-21,3,篮球场-2号南半场,16:00-17:00,0,1,可预约,￥75.0,多云,17,12,5,0.0,87,29
2026-05-21 08:05:36,2026-05-21,3,篮球场-2号南半场,16:00-17:00,0,1,可预约,￥75.0,多云,17,12,5,0.0,86,29
2026-05-21 08:08:31,2026-05-21,3,篮球场-2号南半场,16:00-17:00,0,1,可预约,￥75.0,多云,17,12,5,0.0,86,29
2026-05-21 08:11:30,2026-05-21,3,篮球场-2号南半场,16:00-17:00,0,1,可预约,￥75.0,多云,17,12,5,0.0,86,29
2026-05-21 08:14:31,2026-05-21,3,篮球场-2号南半场,16:00-17:00,0,1,可预约,￥75.0,多云,17,12,5,0.0,86,29
2026-05-21 08:17:30,2026-05-21,3,篮球场-2号南半场,16:00-17:00,0,1,可预约,￥75.0,多云,17,12,5,0.0,86,29
2026-05-21 08:20:35,2026-05-21,3,篮球场-2号南半场,16:00-17:00,0,1,可预约,￥75.0,多云,17,14,4,0.0,85,29
2026-05-21 08:25:32,2026-05-21,3,篮球场-2号南半场,16:00-17:00,0,1,可预约,￥75.0,多云,17,14,4,0.0,85,28
2026-05-21 08:30:42,2026-05-21,3,篮球场-2号南半场,16:00-17:00,0,1,可预约,￥75.0,多云,18,15,4,0.0,84,28
2026-05-21 08:35:31,2026-05-21,3,篮球场-2号南半场,16:00-17:00,0,1,可预约,￥75.0,多云,18,15,4,0.0,84,28
2026-05-21 08:40:38,2026-05-21,3,篮球场-2号南半场,16:00-17:00,0,1,可预约,￥75.0,多云,18,15,4,0.0,82,28
2026-05-21 08:45:33,2026-05-21,3,篮球场-2号南半场,16:00-17:00,0,1,可预约,￥75.0,多云,18,15,4,0.0,82,28
2026-05-21 08:50:36,2026-05-21,3,篮球场-2号南半场,16:00-17:00,0,1,可预约,￥75.0,多云,18,15,4,0.0,82,28
2026-05-21 08:55:34,2026-05-21,3,篮球场-2号南半场,16:00-17:00,0,1,可预约,￥75.0,多云,18,15,4,0.0,84,28
2026-05-21 09:00:51,2026-05-21,3,篮球场-2号南半场,16:00-17:00,0,1,可预约,￥75.0,多云,18,15,4,0.0,84,28
2026-05-21 09:01:59,2026-05-21,3,篮球场-2号南半场,16:00-17:00,0,1,可预约,￥75.0,多云,18,15,4,0.0,83,28
2026-05-21 09:05:33,2026-05-21,3,篮球场-2号南半场,16:00-17:00,0,1,可预约,￥75.0,多云,18,15,4,0.0,83,28
2026-05-21 09:20:38,2026-05-21,3,篮球场-2号南半场,16:00-17:00,0,1,可预约,￥75.0,多云,18,16,3,0.0,81,28
2026-05-21 09:30:46,2026-05-21,3,篮球场-2号南半场,16:00-17:00,0,1,可预约,￥75.0,多云,18,16,3,0.0,81,32
2026-05-21 09:40:36,2026-05-21,3,篮球场-2号南半场,16:00-17:00,0,1,可预约,￥75.0,多云,19,17,3,0.0,79,32
2026-05-21 09:50:42,2026-05-21,3,篮球场-2号南半场,16:00-17:00,0,1,可预约,￥75.0,多云,19,17,4,0.0,81,32
2026-05-21 10:00:46,2026-05-21,3,篮球场-2号南半场,16:00-17:00,0,1,可预约,￥75.0,多云,19,17,4,0.0,79,32
2026-05-21 10:10:40,2026-05-21,3,篮球场-2号南半场,16:00-17:00,0,1,可预约,￥75.0,多云,19,17,4,0.0,79,32
2026-05-21 10:20:38,2026-05-21,3,篮球场-2号南半场,16:00-17:00,0,1,可预约,￥75.0,多云,19,17,4,0.0,79,32
2026-05-21 10:30:41,2026-05-21,3,篮球场-2号南半场,16:00-17:00,0,1,可预约,￥75.0,多云,19,18,3,0.0,78,31
2026-05-21 11:00:44,2026-05-21,3,篮球场-2号南半场,16:00-17:00,0,1,可预约,￥75.0,多云,21,17,5,0.0,74,31
2026-05-21 11:30:38,2026-05-21,3,篮球场-2号南半场,16:00-17:00,0,1,可预约,￥75.0,多云,21,19,3,0.0,72,33
2026-05-21 12:00:46,2026-05-21,3,篮球场-2号南半场,16:00-17:00,0,1,可预约,￥75.0,多云,22,19,4,0.0,70,33
2026-05-21 12:30:42,2026-05-21,3,篮球场-2号南半场,16:00-17:00,0,1,可预约,￥75.0,多云,22,21,3,0.0,68,35
2026-05-21 13:00:43,2026-05-21,3,篮球场-2号南半场,16:00-17:00,0,1,可预约,￥75.0,多云,24,22,4,0.0,66,35
2026-05-21 13:30:43,2026-05-21,3,篮球场-2号南半场,16:00-17:00,0,1,可预约,￥75.0,多云,24,22,4,0.0,66,36
2026-05-21 14:00:48,2026-05-21,3,篮球场-2号南半场,16:00-17:00,0,1,可预约,￥75.0,多云,25,23,4,0.0,66,36
2026-05-21 14:30:45,2026-05-21,3,篮球场-2号南半场,16:00-17:00,0,1,可预约,￥75.0,晴,25,25,3,0.0,65,39
2026-05-21 15:00:45,2026-05-21,3,篮球场-2号南半场,16:00-17:00,0,1,可预约,￥75.0,晴,25,22,4,0.0,56,39
2026-05-21 15:30:43,2026-05-21,3,篮球场-2号南半场,16:00-17:00,0,1,可预约,￥75.0,晴,25,23,4,0.0,57,40
2026-05-21 16:00:51,2026-05-21,3,篮球场-2号南半场,16:00-17:00,0,1,可预约,￥75.0,晴,25,23,4,0.0,57,40
2026-05-21 16:30:48,2026-05-21,3,篮球场-2号南半场,16:00-17:00,0,1,可预约,￥75.0,晴,25,24,3,0.0,60,39
2026-05-21 17:00:49,2026-05-21,3,篮球场-2号南半场,16:00-17:00,0,1,不开放/已过期,,晴,25,24,4,0.0,61,39
2026-05-21 17:30:47,2026-05-21,3,篮球场-2号南半场,16:00-17:00,0,1,不开放/已过期,,多云,24,23,3,0.0,64,39
2026-05-21 18:00:50,2026-05-21,3,篮球场-2号南半场,16:00-17:00,0,1,不开放/已过期,,多云,24,23,3,0.0,68,39
2026-05-21 18:30:50,2026-05-21,3,篮球场-2号南半场,16:00-17:00,0,1,不开放/已过期,,阴,24,25,2,0.0,68,40
2026-05-21 19:00:50,2026-05-21,3,篮球场-2号南半场,16:00-17:00,0,1,不开放/已过期,,阴,23,23,3,0.0,76,40
2026-05-21 19:30:46,2026-05-21,3,篮球场-2号南半场,16:00-17:00,0,1,不开放/已过期,,阴,23,24,2,0.0,77,39
2026-05-21 20:00:49,2026-05-21,3,篮球场-2号南半场,16:00-17:00,0,1,不开放/已过期,,雾,22,23,2,0.0,89,39
2026-05-21 20:30:44,2026-05-21,3,篮球场-2号南半场,16:00-17:00,0,1,不开放/已过期,,雾,22,24,2,0.0,93,43
2026-05-21 21:00:56,2026-05-21,3,篮球场-2号南半场,16:00-17:00,0,1,不开放/已过期,,雾,20,21,2,0.0,98,43
2026-05-21 21:30:46,2026-05-21,3,篮球场-2号南半场,16:00-17:00,0,1,不开放/已过期,,雾,20,22,1,0.0,99,41
2026-05-21 22:01:02,2026-05-21,3,篮球场-2号南半场,16:00-17:00,0,1,不开放/已过期,,雾,19,20,2,0.0,93,41
2026-05-21 22:30:47,2026-05-21,3,篮球场-2号南半场,16:00-17:00,0,1,不开放/已过期,,雾,19,19,3,0.0,88,46
2026-05-21 23:00:56,2026-05-21,3,篮球场-2号南半场,16:00-17:00,0,1,不开放/已过期,,多云,18,17,3,0.0,85,46
2026-05-21 23:30:55,2026-05-21,3,篮球场-2号南半场,16:00-17:00,0,1,不开放/已过期,,多云,18,17,3,0.0,85,48
2026-05-21 00:30:49,2026-05-21,3,篮球场-2号南半场,19:00-20:00,0,1,可预约,￥75.0,多云,15,13,3,0.0,100,26
2026-05-21 01:00:55,2026-05-21,3,篮球场-2号南半场,19:00-20:00,0,1,可预约,￥75.0,多云,15,12,4,0.0,100,26
2026-05-21 01:30:47,2026-05-21,3,篮球场-2号南半场,19:00-20:00,0,1,可预约,￥75.0,多云,15,13,4,0.0,100,28
2026-05-21 02:00:53,2026-05-21,3,篮球场-2号南半场,19:00-20:00,0,1,可预约,￥75.0,多云,15,12,4,0.0,100,28
2026-05-21 02:30:49,2026-05-21,3,篮球场-2号南半场,19:00-20:00,0,1,可预约,￥75.0,多云,15,14,3,0.0,100,29
2026-05-21 03:00:55,2026-05-21,3,篮球场-2号南半场,19:00-20:00,0,1,可预约,￥75.0,多云,15,12,4,0.0,100,29
2026-05-21 03:30:49,2026-05-21,3,篮球场-2号南半场,19:00-20:00,0,1,可预约,￥75.0,多云,15,14,3,0.0,100,30
2026-05-21 04:30:45,2026-05-21,3,篮球场-2号南半场,19:00-20:00,0,1,可预约,￥75.0,多云,15,12,4,0.0,100,29
2026-05-21 05:00:52,2026-05-21,3,篮球场-2号南半场,19:00-20:00,0,1,可预约,￥75.0,多云,15,12,4,0.0,100,29
2026-05-21 05:30:49,2026-05-21,3,篮球场-2号南半场,19:00-20:00,0,1,可预约,￥75.0,多云,15,13,3,0.0,100,28
2026-05-21 06:00:50,2026-05-21,3,篮球场-2号南半场,19:00-20:00,0,1,可预约,￥75.0,多云,15,13,4,0.0,99,28
2026-05-21 06:30:38,2026-05-21,3,篮球场-2号南半场,19:00-20:00,0,1,可预约,￥75.0,多云,15,13,3,0.0,97,28
2026-05-21 07:00:43,2026-05-21,3,篮球场-2号南半场,19:00-20:00,0,1,可预约,￥75.0,晴,15,11,5,0.0,93,28
2026-05-21 07:30:39,2026-05-21,3,篮球场-2号南半场,19:00-20:00,0,1,可预约,￥75.0,晴,17,13,4,0.0,89,29
2026-05-21 07:50:40,2026-05-21,3,篮球场-2号南半场,19:00-20:00,0,1,可预约,￥75.0,晴,17,13,4,0.0,88,29
2026-05-21 07:53:31,2026-05-21,3,篮球场-2号南半场,19:00-20:00,0,1,可预约,￥75.0,晴,17,12,5,0.0,86,29
2026-05-21 07:56:31,2026-05-21,3,篮球场-2号南半场,19:00-20:00,0,1,可预约,￥75.0,晴,17,12,5,0.0,86,29
2026-05-21 07:59:26,2026-05-21,3,篮球场-2号南半场,19:00-20:00,0,1,可预约,￥75.0,晴,17,12,5,0.0,86,29
2026-05-21 08:00:45,2026-05-21,3,篮球场-2号南半场,19:00-20:00,0,1,可预约,￥75.0,晴,17,12,5,0.0,86,29
2026-05-21 08:02:30,2026-05-21,3,篮球场-2号南半场,19:00-20:00,0,1,可预约,￥75.0,多云,17,12,5,0.0,87,29
2026-05-21 08:05:36,2026-05-21,3,篮球场-2号南半场,19:00-20:00,0,1,可预约,￥75.0,多云,17,12,5,0.0,86,29
2026-05-21 08:08:31,2026-05-21,3,篮球场-2号南半场,19:00-20:00,0,1,可预约,￥75.0,多云,17,12,5,0.0,86,29
2026-05-21 08:11:30,2026-05-21,3,篮球场-2号南半场,19:00-20:00,0,1,可预约,￥75.0,多云,17,12,5,0.0,86,29
2026-05-21 08:14:31,2026-05-21,3,篮球场-2号南半场,19:00-20:00,0,1,可预约,￥75.0,多云,17,12,5,0.0,86,29
2026-05-21 08:17:30,2026-05-21,3,篮球场-2号南半场,19:00-20:00,0,1,可预约,￥75.0,多云,17,12,5,0.0,86,29
2026-05-21 08:20:35,2026-05-21,3,篮球场-2号南半场,19:00-20:00,0,1,可预约,￥75.0,多云,17,14,4,0.0,85,29
2026-05-21 08:25:32,2026-05-21,3,篮球场-2号南半场,19:00-20:00,0,1,可预约,￥75.0,多云,17,14,4,0.0,85,28
2026-05-21 08:30:42,2026-05-21,3,篮球场-2号南半场,19:00-20:00,0,1,可预约,￥75.0,多云,18,15,4,0.0,84,28
2026-05-21 08:35:31,2026-05-21,3,篮球场-2号南半场,19:00-20:00,0,1,可预约,￥75.0,多云,18,15,4,0.0,84,28
2026-05-21 08:40:38,2026-05-21,3,篮球场-2号南半场,19:00-20:00,0,1,可预约,￥75.0,多云,18,15,4,0.0,82,28
2026-05-21 08:45:33,2026-05-21,3,篮球场-2号南半场,19:00-20:00,0,1,可预约,￥75.0,多云,18,15,4,0.0,82,28
2026-05-21 08:50:36,2026-05-21,3,篮球场-2号南半场,19:00-20:00,0,1,可预约,￥75.0,多云,18,15,4,0.0,82,28
2026-05-21 08:55:34,2026-05-21,3,篮球场-2号南半场,19:00-20:00,0,1,可预约,￥75.0,多云,18,15,4,0.0,84,28
2026-05-21 09:00:51,2026-05-21,3,篮球场-2号南半场,19:00-20:00,0,1,可预约,￥75.0,多云,18,15,4,0.0,84,28
2026-05-21 09:01:59,2026-05-21,3,篮球场-2号南半场,19:00-20:00,0,1,可预约,￥75.0,多云,18,15,4,0.0,83,28
2026-05-21 09:05:33,2026-05-21,3,篮球场-2号南半场,19:00-20:00,0,1,可预约,￥75.0,多云,18,15,4,0.0,83,28
2026-05-21 09:20:38,2026-05-21,3,篮球场-2号南半场,19:00-20:00,0,1,可预约,￥75.0,多云,18,16,3,0.0,81,28
2026-05-21 09:30:46,2026-05-21,3,篮球场-2号南半场,19:00-20:00,0,1,可预约,￥75.0,多云,18,16,3,0.0,81,32
2026-05-21 09:40:36,2026-05-21,3,篮球场-2号南半场,19:00-20:00,0,1,可预约,￥75.0,多云,19,17,3,0.0,79,32
2026-05-21 09:50:42,2026-05-21,3,篮球场-2号南半场,19:00-20:00,0,1,可预约,￥75.0,多云,19,17,4,0.0,81,32
2026-05-21 10:00:46,2026-05-21,3,篮球场-2号南半场,19:00-20:00,0,1,可预约,￥75.0,多云,19,17,4,0.0,79,32
2026-05-21 10:10:40,2026-05-21,3,篮球场-2号南半场,19:00-20:00,0,1,可预约,￥75.0,多云,19,17,4,0.0,79,32
2026-05-21 10:20:38,2026-05-21,3,篮球场-2号南半场,19:00-20:00,0,1,可预约,￥75.0,多云,19,17,4,0.0,79,32
2026-05-21 10:30:41,2026-05-21,3,篮球场-2号南半场,19:00-20:00,0,1,可预约,￥75.0,多云,19,18,3,0.0,78,31
2026-05-21 11:00:44,2026-05-21,3,篮球场-2号南半场,19:00-20:00,0,1,可预约,￥75.0,多云,21,17,5,0.0,74,31
2026-05-21 11:30:38,2026-05-21,3,篮球场-2号南半场,19:00-20:00,0,1,可预约,￥75.0,多云,21,19,3,0.0,72,33
2026-05-21 12:00:46,2026-05-21,3,篮球场-2号南半场,19:00-20:00,0,1,可预约,￥75.0,多云,22,19,4,0.0,70,33
2026-05-21 12:30:42,2026-05-21,3,篮球场-2号南半场,19:00-20:00,0,1,可预约,￥75.0,多云,22,21,3,0.0,68,35
2026-05-21 13:00:43,2026-05-21,3,篮球场-2号南半场,19:00-20:00,0,1,可预约,￥75.0,多云,24,22,4,0.0,66,35
2026-05-21 13:30:43,2026-05-21,3,篮球场-2号南半场,19:00-20:00,0,1,可预约,￥75.0,多云,24,22,4,0.0,66,36
2026-05-21 14:00:48,2026-05-21,3,篮球场-2号南半场,19:00-20:00,0,1,可预约,￥75.0,多云,25,23,4,0.0,66,36
2026-05-21 14:30:45,2026-05-21,3,篮球场-2号南半场,19:00-20:00,0,1,可预约,￥75.0,晴,25,25,3,0.0,65,39
2026-05-21 15:00:45,2026-05-21,3,篮球场-2号南半场,19:00-20:00,0,1,可预约,￥75.0,晴,25,22,4,0.0,56,39
2026-05-21 15:30:43,2026-05-21,3,篮球场-2号南半场,19:00-20:00,0,1,可预约,￥75.0,晴,25,23,4,0.0,57,40
2026-05-21 16:00:51,2026-05-21,3,篮球场-2号南半场,19:00-20:00,0,1,可预约,￥75.0,晴,25,23,4,0.0,57,40
2026-05-21 16:30:48,2026-05-21,3,篮球场-2号南半场,19:00-20:00,0,1,可预约,￥75.0,晴,25,24,3,0.0,60,39
2026-05-21 17:00:49,2026-05-21,3,篮球场-2号南半场,19:00-20:00,0,1,可预约,￥75.0,晴,25,24,4,0.0,61,39
2026-05-21 17:30:47,2026-05-21,3,篮球场-2号南半场,19:00-20:00,0,1,可预约,￥75.0,多云,24,23,3,0.0,64,39
2026-05-21 18:00:50,2026-05-21,3,篮球场-2号南半场,19:00-20:00,0,1,可预约,￥75.0,多云,24,23,3,0.0,68,39
2026-05-21 18:30:50,2026-05-21,3,篮球场-2号南半场,19:00-20:00,0,1,可预约,￥75.0,阴,24,25,2,0.0,68,40
2026-05-21 19:00:50,2026-05-21,3,篮球场-2号南半场,19:00-20:00,0,1,可预约,￥75.0,阴,23,23,3,0.0,76,40
2026-05-21 19:30:46,2026-05-21,3,篮球场-2号南半场,19:00-20:00,0,1,可预约,￥75.0,阴,23,24,2,0.0,77,39
2026-05-21 20:00:49,2026-05-21,3,篮球场-2号南半场,19:00-20:00,0,1,不开放/已过期,,雾,22,23,2,0.0,89,39
2026-05-21 20:30:44,2026-05-21,3,篮球场-2号南半场,19:00-20:00,0,1,不开放/已过期,,雾,22,24,2,0.0,93,43
2026-05-21 21:00:56,2026-05-21,3,篮球场-2号南半场,19:00-20:00,0,1,不开放/已过期,,雾,20,21,2,0.0,98,43
2026-05-21 21:30:46,2026-05-21,3,篮球场-2号南半场,19:00-20:00,0,1,不开放/已过期,,雾,20,22,1,0.0,99,41
2026-05-21 22:01:02,2026-05-21,3,篮球场-2号南半场,19:00-20:00,0,1,不开放/已过期,,雾,19,20,2,0.0,93,41
2026-05-21 22:30:47,2026-05-21,3,篮球场-2号南半场,19:00-20:00,0,1,不开放/已过期,,雾,19,19,3,0.0,88,46
2026-05-21 23:00:56,2026-05-21,3,篮球场-2号南半场,19:00-20:00,0,1,不开放/已过期,,多云,18,17,3,0.0,85,46
2026-05-21 23:30:55,2026-05-21,3,篮球场-2号南半场,19:00-20:00,0,1,不开放/已过期,,多云,18,17,3,0.0,85,48
2026-05-21 00:30:49,2026-05-21,3,篮球场-2号南半场,20:30-21:30,0,1,可预约,￥75.0,多云,15,13,3,0.0,100,26
2026-05-21 01:00:55,2026-05-21,3,篮球场-2号南半场,20:30-21:30,0,1,可预约,￥75.0,多云,15,12,4,0.0,100,26
2026-05-21 01:30:47,2026-05-21,3,篮球场-2号南半场,20:30-21:30,0,1,可预约,￥75.0,多云,15,13,4,0.0,100,28
2026-05-21 02:00:53,2026-05-21,3,篮球场-2号南半场,20:30-21:30,0,1,可预约,￥75.0,多云,15,12,4,0.0,100,28
2026-05-21 02:30:49,2026-05-21,3,篮球场-2号南半场,20:30-21:30,0,1,可预约,￥75.0,多云,15,14,3,0.0,100,29
2026-05-21 03:00:55,2026-05-21,3,篮球场-2号南半场,20:30-21:30,0,1,可预约,￥75.0,多云,15,12,4,0.0,100,29
2026-05-21 03:30:49,2026-05-21,3,篮球场-2号南半场,20:30-21:30,0,1,可预约,￥75.0,多云,15,14,3,0.0,100,30
2026-05-21 04:30:45,2026-05-21,3,篮球场-2号南半场,20:30-21:30,0,1,可预约,￥75.0,多云,15,12,4,0.0,100,29
2026-05-21 05:00:52,2026-05-21,3,篮球场-2号南半场,20:30-21:30,0,1,可预约,￥75.0,多云,15,12,4,0.0,100,29
2026-05-21 05:30:49,2026-05-21,3,篮球场-2号南半场,20:30-21:30,0,1,可预约,￥75.0,多云,15,13,3,0.0,100,28
2026-05-21 06:00:50,2026-05-21,3,篮球场-2号南半场,20:30-21:30,0,1,可预约,￥75.0,多云,15,13,4,0.0,99,28
2026-05-21 06:30:38,2026-05-21,3,篮球场-2号南半场,20:30-21:30,0,1,可预约,￥75.0,多云,15,13,3,0.0,97,28
2026-05-21 07:00:43,2026-05-21,3,篮球场-2号南半场,20:30-21:30,0,1,可预约,￥75.0,晴,15,11,5,0.0,93,28
2026-05-21 07:30:39,2026-05-21,3,篮球场-2号南半场,20:30-21:30,0,1,可预约,￥75.0,晴,17,13,4,0.0,89,29
2026-05-21 07:50:40,2026-05-21,3,篮球场-2号南半场,20:30-21:30,0,1,可预约,￥75.0,晴,17,13,4,0.0,88,29
2026-05-21 07:53:31,2026-05-21,3,篮球场-2号南半场,20:30-21:30,0,1,可预约,￥75.0,晴,17,12,5,0.0,86,29
2026-05-21 07:56:31,2026-05-21,3,篮球场-2号南半场,20:30-21:30,0,1,可预约,￥75.0,晴,17,12,5,0.0,86,29
2026-05-21 07:59:26,2026-05-21,3,篮球场-2号南半场,20:30-21:30,0,1,可预约,￥75.0,晴,17,12,5,0.0,86,29
2026-05-21 08:00:45,2026-05-21,3,篮球场-2号南半场,20:30-21:30,0,1,可预约,￥75.0,晴,17,12,5,0.0,86,29
2026-05-21 08:02:30,2026-05-21,3,篮球场-2号南半场,20:30-21:30,0,1,可预约,￥75.0,多云,17,12,5,0.0,87,29
2026-05-21 08:05:36,2026-05-21,3,篮球场-2号南半场,20:30-21:30,0,1,可预约,￥75.0,多云,17,12,5,0.0,86,29
2026-05-21 08:08:31,2026-05-21,3,篮球场-2号南半场,20:30-21:30,0,1,可预约,￥75.0,多云,17,12,5,0.0,86,29
2026-05-21 08:11:30,2026-05-21,3,篮球场-2号南半场,20:30-21:30,0,1,可预约,￥75.0,多云,17,12,5,0.0,86,29
2026-05-21 08:14:31,2026-05-21,3,篮球场-2号南半场,20:30-21:30,0,1,可预约,￥75.0,多云,17,12,5,0.0,86,29
2026-05-21 08:17:30,2026-05-21,3,篮球场-2号南半场,20:30-21:30,0,1,可预约,￥75.0,多云,17,12,5,0.0,86,29
2026-05-21 08:20:35,2026-05-21,3,篮球场-2号南半场,20:30-21:30,0,1,可预约,￥75.0,多云,17,14,4,0.0,85,29
2026-05-21 08:25:32,2026-05-21,3,篮球场-2号南半场,20:30-21:30,0,1,可预约,￥75.0,多云,17,14,4,0.0,85,28
2026-05-21 08:30:42,2026-05-21,3,篮球场-2号南半场,20:30-21:30,0,1,可预约,￥75.0,多云,18,15,4,0.0,84,28
2026-05-21 08:35:31,2026-05-21,3,篮球场-2号南半场,20:30-21:30,0,1,可预约,￥75.0,多云,18,15,4,0.0,84,28
2026-05-21 08:40:38,2026-05-21,3,篮球场-2号南半场,20:30-21:30,0,1,可预约,￥75.0,多云,18,15,4,0.0,82,28
2026-05-21 08:45:33,2026-05-21,3,篮球场-2号南半场,20:30-21:30,0,1,可预约,￥75.0,多云,18,15,4,0.0,82,28
2026-05-21 08:50:36,2026-05-21,3,篮球场-2号南半场,20:30-21:30,0,1,可预约,￥75.0,多云,18,15,4,0.0,82,28
2026-05-21 08:55:34,2026-05-21,3,篮球场-2号南半场,20:30-21:30,0,1,可预约,￥75.0,多云,18,15,4,0.0,84,28
2026-05-21 09:00:51,2026-05-21,3,篮球场-2号南半场,20:30-21:30,0,1,可预约,￥75.0,多云,18,15,4,0.0,84,28
2026-05-21 09:01:59,2026-05-21,3,篮球场-2号南半场,20:30-21:30,0,1,可预约,￥75.0,多云,18,15,4,0.0,83,28
2026-05-21 09:05:33,2026-05-21,3,篮球场-2号南半场,20:30-21:30,0,1,可预约,￥75.0,多云,18,15,4,0.0,83,28
2026-05-21 09:20:38,2026-05-21,3,篮球场-2号南半场,20:30-21:30,0,1,可预约,￥75.0,多云,18,16,3,0.0,81,28
2026-05-21 09:30:46,2026-05-21,3,篮球场-2号南半场,20:30-21:30,0,1,可预约,￥75.0,多云,18,16,3,0.0,81,32
2026-05-21 09:40:36,2026-05-21,3,篮球场-2号南半场,20:30-21:30,0,1,可预约,￥75.0,多云,19,17,3,0.0,79,32
2026-05-21 09:50:42,2026-05-21,3,篮球场-2号南半场,20:30-21:30,0,1,可预约,￥75.0,多云,19,17,4,0.0,81,32
2026-05-21 10:00:46,2026-05-21,3,篮球场-2号南半场,20:30-21:30,0,1,可预约,￥75.0,多云,19,17,4,0.0,79,32
2026-05-21 10:10:40,2026-05-21,3,篮球场-2号南半场,20:30-21:30,0,1,可预约,￥75.0,多云,19,17,4,0.0,79,32
2026-05-21 10:20:38,2026-05-21,3,篮球场-2号南半场,20:30-21:30,0,1,可预约,￥75.0,多云,19,17,4,0.0,79,32
2026-05-21 10:30:41,2026-05-21,3,篮球场-2号南半场,20:30-21:30,0,1,可预约,￥75.0,多云,19,18,3,0.0,78,31
2026-05-21 11:00:44,2026-05-21,3,篮球场-2号南半场,20:30-21:30,0,1,可预约,￥75.0,多云,21,17,5,0.0,74,31
2026-05-21 11:30:38,2026-05-21,3,篮球场-2号南半场,20:30-21:30,0,1,可预约,￥75.0,多云,21,19,3,0.0,72,33
2026-05-21 12:00:46,2026-05-21,3,篮球场-2号南半场,20:30-21:30,0,1,可预约,￥75.0,多云,22,19,4,0.0,70,33
2026-05-21 12:30:42,2026-05-21,3,篮球场-2号南半场,20:30-21:30,0,1,可预约,￥75.0,多云,22,21,3,0.0,68,35
2026-05-21 13:00:43,2026-05-21,3,篮球场-2号南半场,20:30-21:30,0,1,可预约,￥75.0,多云,24,22,4,0.0,66,35
2026-05-21 13:30:43,2026-05-21,3,篮球场-2号南半场,20:30-21:30,0,1,可预约,￥75.0,多云,24,22,4,0.0,66,36
2026-05-21 14:00:48,2026-05-21,3,篮球场-2号南半场,20:30-21:30,0,1,可预约,￥75.0,多云,25,23,4,0.0,66,36
2026-05-21 14:30:45,2026-05-21,3,篮球场-2号南半场,20:30-21:30,0,1,可预约,￥75.0,晴,25,25,3,0.0,65,39
2026-05-21 15:00:45,2026-05-21,3,篮球场-2号南半场,20:30-21:30,0,1,可预约,￥75.0,晴,25,22,4,0.0,56,39
2026-05-21 15:30:43,2026-05-21,3,篮球场-2号南半场,20:30-21:30,0,1,可预约,￥75.0,晴,25,23,4,0.0,57,40
2026-05-21 16:00:51,2026-05-21,3,篮球场-2号南半场,20:30-21:30,0,1,可预约,￥75.0,晴,25,23,4,0.0,57,40
2026-05-21 16:30:48,2026-05-21,3,篮球场-2号南半场,20:30-21:30,0,1,可预约,￥75.0,晴,25,24,3,0.0,60,39
2026-05-21 17:00:49,2026-05-21,3,篮球场-2号南半场,20:30-21:30,0,1,可预约,￥75.0,晴,25,24,4,0.0,61,39
2026-05-21 17:30:47,2026-05-21,3,篮球场-2号南半场,20:30-21:30,0,1,可预约,￥75.0,多云,24,23,3,0.0,64,39
2026-05-21 18:00:50,2026-05-21,3,篮球场-2号南半场,20:30-21:30,0,1,可预约,￥75.0,多云,24,23,3,0.0,68,39
2026-05-21 18:30:50,2026-05-21,3,篮球场-2号南半场,20:30-21:30,0,1,可预约,￥75.0,阴,24,25,2,0.0,68,40
2026-05-21 19:00:50,2026-05-21,3,篮球场-2号南半场,20:30-21:30,0,1,可预约,￥75.0,阴,23,23,3,0.0,76,40
2026-05-21 19:30:46,2026-05-21,3,篮球场-2号南半场,20:30-21:30,0,1,可预约,￥75.0,阴,23,24,2,0.0,77,39
2026-05-21 20:00:49,2026-05-21,3,篮球场-2号南半场,20:30-21:30,0,1,可预约,￥75.0,雾,22,23,2,0.0,89,39
2026-05-21 20:30:44,2026-05-21,3,篮球场-2号南半场,20:30-21:30,0,1,可预约,￥75.0,雾,22,24,2,0.0,93,43
2026-05-21 21:00:56,2026-05-21,3,篮球场-2号南半场,20:30-21:30,0,1,可预约,￥75.0,雾,20,21,2,0.0,98,43
2026-05-21 21:30:46,2026-05-21,3,篮球场-2号南半场,20:30-21:30,0,1,不开放/已过期,,雾,20,22,1,0.0,99,41
2026-05-21 22:01:02,2026-05-21,3,篮球场-2号南半场,20:30-21:30,0,1,不开放/已过期,,雾,19,20,2,0.0,93,41
2026-05-21 22:30:47,2026-05-21,3,篮球场-2号南半场,20:30-21:30,0,1,不开放/已过期,,雾,19,19,3,0.0,88,46
2026-05-21 23:00:56,2026-05-21,3,篮球场-2号南半场,20:30-21:30,0,1,不开放/已过期,,多云,18,17,3,0.0,85,46
2026-05-21 23:30:55,2026-05-21,3,篮球场-2号南半场,20:30-21:30,0,1,不开放/已过期,,多云,18,17,3,0.0,85,48
2026-05-21 00:30:49,2026-05-21,4,羽毛球馆-10号,07:00-08:00,0,1,可预约,￥0.0,多云,15,13,3,0.0,100,26
2026-05-21 01:00:55,2026-05-21,4,羽毛球馆-10号,07:00-08:00,0,1,可预约,￥0.0,多云,15,12,4,0.0,100,26
2026-05-21 01:30:47,2026-05-21,4,羽毛球馆-10号,07:00-08:00,0,1,可预约,￥0.0,多云,15,13,4,0.0,100,28
2026-05-21 02:00:53,2026-05-21,4,羽毛球馆-10号,07:00-08:00,0,1,可预约,￥0.0,多云,15,12,4,0.0,100,28
2026-05-21 02:30:49,2026-05-21,4,羽毛球馆-10号,07:00-08:00,0,1,可预约,￥0.0,多云,15,14,3,0.0,100,29
2026-05-21 03:00:55,2026-05-21,4,羽毛球馆-10号,07:00-08:00,0,1,可预约,￥0.0,多云,15,12,4,0.0,100,29
2026-05-21 03:30:49,2026-05-21,4,羽毛球馆-10号,07:00-08:00,0,1,可预约,￥0.0,多云,15,14,3,0.0,100,30
2026-05-21 04:30:45,2026-05-21,4,羽毛球馆-10号,07:00-08:00,0,1,可预约,￥0.0,多云,15,12,4,0.0,100,29
2026-05-21 05:00:52,2026-05-21,4,羽毛球馆-10号,07:00-08:00,0,1,可预约,￥0.0,多云,15,12,4,0.0,100,29
2026-05-21 05:30:49,2026-05-21,4,羽毛球馆-10号,07:00-08:00,0,1,可预约,￥0.0,多云,15,13,3,0.0,100,28
2026-05-21 06:00:50,2026-05-21,4,羽毛球馆-10号,07:00-08:00,0,1,可预约,￥0.0,多云,15,13,4,0.0,99,28
2026-05-21 06:30:38,2026-05-21,4,羽毛球馆-10号,07:00-08:00,0,1,可预约,￥0.0,多云,15,13,3,0.0,97,28
2026-05-21 07:00:43,2026-05-21,4,羽毛球馆-10号,07:00-08:00,0,1,可预约,￥0.0,晴,15,11,5,0.0,93,28
2026-05-21 07:30:39,2026-05-21,4,羽毛球馆-10号,07:00-08:00,0,1,可预约,￥0.0,晴,17,13,4,0.0,89,29
2026-05-21 07:50:40,2026-05-21,4,羽毛球馆-10号,07:00-08:00,0,1,可预约,￥0.0,晴,17,13,4,0.0,88,29
2026-05-21 07:53:31,2026-05-21,4,羽毛球馆-10号,07:00-08:00,0,1,可预约,￥0.0,晴,17,12,5,0.0,86,29
2026-05-21 07:56:31,2026-05-21,4,羽毛球馆-10号,07:00-08:00,0,1,可预约,￥0.0,晴,17,12,5,0.0,86,29
2026-05-21 07:59:26,2026-05-21,4,羽毛球馆-10号,07:00-08:00,0,1,可预约,￥0.0,晴,17,12,5,0.0,86,29
2026-05-21 08:00:45,2026-05-21,4,羽毛球馆-10号,07:00-08:00,0,1,不开放/已过期,,晴,17,12,5,0.0,86,29
2026-05-21 08:02:30,2026-05-21,4,羽毛球馆-10号,07:00-08:00,0,1,不开放/已过期,,多云,17,12,5,0.0,87,29
2026-05-21 08:05:36,2026-05-21,4,羽毛球馆-10号,07:00-08:00,0,1,不开放/已过期,,多云,17,12,5,0.0,86,29
2026-05-21 08:08:31,2026-05-21,4,羽毛球馆-10号,07:00-08:00,0,1,不开放/已过期,,多云,17,12,5,0.0,86,29
2026-05-21 08:11:30,2026-05-21,4,羽毛球馆-10号,07:00-08:00,0,1,不开放/已过期,,多云,17,12,5,0.0,86,29
2026-05-21 08:14:31,2026-05-21,4,羽毛球馆-10号,07:00-08:00,0,1,不开放/已过期,,多云,17,12,5,0.0,86,29
2026-05-21 08:17:30,2026-05-21,4,羽毛球馆-10号,07:00-08:00,0,1,不开放/已过期,,多云,17,12,5,0.0,86,29
2026-05-21 08:20:35,2026-05-21,4,羽毛球馆-10号,07:00-08:00,0,1,不开放/已过期,,多云,17,14,4,0.0,85,29
2026-05-21 08:25:32,2026-05-21,4,羽毛球馆-10号,07:00-08:00,0,1,不开放/已过期,,多云,17,14,4,0.0,85,28
2026-05-21 08:30:42,2026-05-21,4,羽毛球馆-10号,07:00-08:00,0,1,不开放/已过期,,多云,18,15,4,0.0,84,28
2026-05-21 08:35:31,2026-05-21,4,羽毛球馆-10号,07:00-08:00,0,1,不开放/已过期,,多云,18,15,4,0.0,84,28
2026-05-21 08:40:38,2026-05-21,4,羽毛球馆-10号,07:00-08:00,0,1,不开放/已过期,,多云,18,15,4,0.0,82,28
2026-05-21 08:45:33,2026-05-21,4,羽毛球馆-10号,07:00-08:00,0,1,不开放/已过期,,多云,18,15,4,0.0,82,28
2026-05-21 08:50:36,2026-05-21,4,羽毛球馆-10号,07:00-08:00,0,1,不开放/已过期,,多云,18,15,4,0.0,82,28
2026-05-21 08:55:34,2026-05-21,4,羽毛球馆-10号,07:00-08:00,0,1,不开放/已过期,,多云,18,15,4,0.0,84,28
2026-05-21 09:00:51,2026-05-21,4,羽毛球馆-10号,07:00-08:00,0,1,不开放/已过期,,多云,18,15,4,0.0,84,28
2026-05-21 09:01:59,2026-05-21,4,羽毛球馆-10号,07:00-08:00,0,1,不开放/已过期,,多云,18,15,4,0.0,83,28
2026-05-21 09:05:33,2026-05-21,4,羽毛球馆-10号,07:00-08:00,0,1,不开放/已过期,,多云,18,15,4,0.0,83,28
2026-05-21 09:20:38,2026-05-21,4,羽毛球馆-10号,07:00-08:00,0,1,不开放/已过期,,多云,18,16,3,0.0,81,28
2026-05-21 09:30:46,2026-05-21,4,羽毛球馆-10号,07:00-08:00,0,1,不开放/已过期,,多云,18,16,3,0.0,81,32
2026-05-21 09:40:36,2026-05-21,4,羽毛球馆-10号,07:00-08:00,0,1,不开放/已过期,,多云,19,17,3,0.0,79,32
2026-05-21 09:50:42,2026-05-21,4,羽毛球馆-10号,07:00-08:00,0,1,不开放/已过期,,多云,19,17,4,0.0,81,32
2026-05-21 10:00:46,2026-05-21,4,羽毛球馆-10号,07:00-08:00,0,1,不开放/已过期,,多云,19,17,4,0.0,79,32
2026-05-21 10:10:40,2026-05-21,4,羽毛球馆-10号,07:00-08:00,0,1,不开放/已过期,,多云,19,17,4,0.0,79,32
2026-05-21 10:20:38,2026-05-21,4,羽毛球馆-10号,07:00-08:00,0,1,不开放/已过期,,多云,19,17,4,0.0,79,32
2026-05-21 10:30:41,2026-05-21,4,羽毛球馆-10号,07:00-08:00,0,1,不开放/已过期,,多云,19,18,3,0.0,78,31
2026-05-21 11:00:44,2026-05-21,4,羽毛球馆-10号,07:00-08:00,0,1,不开放/已过期,,多云,21,17,5,0.0,74,31
2026-05-21 11:30:38,2026-05-21,4,羽毛球馆-10号,07:00-08:00,0,1,不开放/已过期,,多云,21,19,3,0.0,72,33
2026-05-21 12:00:46,2026-05-21,4,羽毛球馆-10号,07:00-08:00,0,1,不开放/已过期,,多云,22,19,4,0.0,70,33
2026-05-21 12:30:42,2026-05-21,4,羽毛球馆-10号,07:00-08:00,0,1,不开放/已过期,,多云,22,21,3,0.0,68,35
2026-05-21 13:00:43,2026-05-21,4,羽毛球馆-10号,07:00-08:00,0,1,不开放/已过期,,多云,24,22,4,0.0,66,35
2026-05-21 13:30:43,2026-05-21,4,羽毛球馆-10号,07:00-08:00,0,1,不开放/已过期,,多云,24,22,4,0.0,66,36
2026-05-21 14:00:48,2026-05-21,4,羽毛球馆-10号,07:00-08:00,0,1,不开放/已过期,,多云,25,23,4,0.0,66,36
2026-05-21 14:30:45,2026-05-21,4,羽毛球馆-10号,07:00-08:00,0,1,不开放/已过期,,晴,25,25,3,0.0,65,39
2026-05-21 15:00:45,2026-05-21,4,羽毛球馆-10号,07:00-08:00,0,1,不开放/已过期,,晴,25,22,4,0.0,56,39
2026-05-21 15:30:43,2026-05-21,4,羽毛球馆-10号,07:00-08:00,0,1,不开放/已过期,,晴,25,23,4,0.0,57,40
2026-05-21 16:00:51,2026-05-21,4,羽毛球馆-10号,07:00-08:00,0,1,不开放/已过期,,晴,25,23,4,0.0,57,40
2026-05-21 16:30:48,2026-05-21,4,羽毛球馆-10号,07:00-08:00,0,1,不开放/已过期,,晴,25,24,3,0.0,60,39
2026-05-21 17:00:49,2026-05-21,4,羽毛球馆-10号,07:00-08:00,0,1,不开放/已过期,,晴,25,24,4,0.0,61,39
2026-05-21 17:30:47,2026-05-21,4,羽毛球馆-10号,07:00-08:00,0,1,不开放/已过期,,多云,24,23,3,0.0,64,39
2026-05-21 18:00:50,2026-05-21,4,羽毛球馆-10号,07:00-08:00,0,1,不开放/已过期,,多云,24,23,3,0.0,68,39
2026-05-21 18:30:50,2026-05-21,4,羽毛球馆-10号,07:00-08:00,0,1,不开放/已过期,,阴,24,25,2,0.0,68,40
2026-05-21 19:00:50,2026-05-21,4,羽毛球馆-10号,07:00-08:00,0,1,不开放/已过期,,阴,23,23,3,0.0,76,40
2026-05-21 19:30:46,2026-05-21,4,羽毛球馆-10号,07:00-08:00,0,1,不开放/已过期,,阴,23,24,2,0.0,77,39
2026-05-21 20:00:49,2026-05-21,4,羽毛球馆-10号,07:00-08:00,0,1,不开放/已过期,,雾,22,23,2,0.0,89,39
2026-05-21 20:30:44,2026-05-21,4,羽毛球馆-10号,07:00-08:00,0,1,不开放/已过期,,雾,22,24,2,0.0,93,43
2026-05-21 21:00:56,2026-05-21,4,羽毛球馆-10号,07:00-08:00,0,1,不开放/已过期,,雾,20,21,2,0.0,98,43
2026-05-21 21:30:46,2026-05-21,4,羽毛球馆-10号,07:00-08:00,0,1,不开放/已过期,,雾,20,22,1,0.0,99,41
2026-05-21 22:01:02,2026-05-21,4,羽毛球馆-10号,07:00-08:00,0,1,不开放/已过期,,雾,19,20,2,0.0,93,41
2026-05-21 22:30:47,2026-05-21,4,羽毛球馆-10号,07:00-08:00,0,1,不开放/已过期,,雾,19,19,3,0.0,88,46
2026-05-21 23:00:56,2026-05-21,4,羽毛球馆-10号,07:00-08:00,0,1,不开放/已过期,,多云,18,17,3,0.0,85,46
2026-05-21 23:30:55,2026-05-21,4,羽毛球馆-10号,07:00-08:00,0,1,不开放/已过期,,多云,18,17,3,0.0,85,48
2026-05-21 00:30:49,2026-05-21,4,羽毛球馆-10号,08:00-09:00,1,1,已售/已满,已售,多云,15,13,3,0.0,100,26
2026-05-21 01:00:55,2026-05-21,4,羽毛球馆-10号,08:00-09:00,1,1,已售/已满,已售,多云,15,12,4,0.0,100,26
2026-05-21 01:30:47,2026-05-21,4,羽毛球馆-10号,08:00-09:00,1,1,已售/已满,已售,多云,15,13,4,0.0,100,28
2026-05-21 02:00:53,2026-05-21,4,羽毛球馆-10号,08:00-09:00,1,1,已售/已满,已售,多云,15,12,4,0.0,100,28
2026-05-21 02:30:49,2026-05-21,4,羽毛球馆-10号,08:00-09:00,1,1,已售/已满,已售,多云,15,14,3,0.0,100,29
2026-05-21 03:00:55,2026-05-21,4,羽毛球馆-10号,08:00-09:00,1,1,已售/已满,已售,多云,15,12,4,0.0,100,29
2026-05-21 03:30:49,2026-05-21,4,羽毛球馆-10号,08:00-09:00,1,1,已售/已满,已售,多云,15,14,3,0.0,100,30
2026-05-21 04:30:45,2026-05-21,4,羽毛球馆-10号,08:00-09:00,1,1,已售/已满,已售,多云,15,12,4,0.0,100,29
2026-05-21 05:00:52,2026-05-21,4,羽毛球馆-10号,08:00-09:00,1,1,已售/已满,已售,多云,15,12,4,0.0,100,29
2026-05-21 05:30:49,2026-05-21,4,羽毛球馆-10号,08:00-09:00,1,1,已售/已满,已售,多云,15,13,3,0.0,100,28
2026-05-21 06:00:50,2026-05-21,4,羽毛球馆-10号,08:00-09:00,1,1,已售/已满,已售,多云,15,13,4,0.0,99,28
2026-05-21 06:30:38,2026-05-21,4,羽毛球馆-10号,08:00-09:00,1,1,已售/已满,已售,多云,15,13,3,0.0,97,28
2026-05-21 07:00:43,2026-05-21,4,羽毛球馆-10号,08:00-09:00,1,1,已售/已满,已售,晴,15,11,5,0.0,93,28
2026-05-21 07:30:39,2026-05-21,4,羽毛球馆-10号,08:00-09:00,1,1,已售/已满,已售,晴,17,13,4,0.0,89,29
2026-05-21 07:50:40,2026-05-21,4,羽毛球馆-10号,08:00-09:00,1,1,已售/已满,已售,晴,17,13,4,0.0,88,29
2026-05-21 07:53:31,2026-05-21,4,羽毛球馆-10号,08:00-09:00,1,1,已售/已满,已售,晴,17,12,5,0.0,86,29
2026-05-21 07:56:31,2026-05-21,4,羽毛球馆-10号,08:00-09:00,1,1,已售/已满,已售,晴,17,12,5,0.0,86,29
2026-05-21 07:59:26,2026-05-21,4,羽毛球馆-10号,08:00-09:00,1,1,已售/已满,已售,晴,17,12,5,0.0,86,29
2026-05-21 08:00:45,2026-05-21,4,羽毛球馆-10号,08:00-09:00,1,1,已售/已满,已售,晴,17,12,5,0.0,86,29
2026-05-21 08:02:30,2026-05-21,4,羽毛球馆-10号,08:00-09:00,1,1,已售/已满,已售,多云,17,12,5,0.0,87,29
2026-05-21 08:05:36,2026-05-21,4,羽毛球馆-10号,08:00-09:00,1,1,已售/已满,已售,多云,17,12,5,0.0,86,29
2026-05-21 08:08:31,2026-05-21,4,羽毛球馆-10号,08:00-09:00,1,1,已售/已满,已售,多云,17,12,5,0.0,86,29
2026-05-21 08:11:30,2026-05-21,4,羽毛球馆-10号,08:00-09:00,1,1,已售/已满,已售,多云,17,12,5,0.0,86,29
2026-05-21 08:14:31,2026-05-21,4,羽毛球馆-10号,08:00-09:00,1,1,已售/已满,已售,多云,17,12,5,0.0,86,29
2026-05-21 08:17:30,2026-05-21,4,羽毛球馆-10号,08:00-09:00,1,1,已售/已满,已售,多云,17,12,5,0.0,86,29
2026-05-21 08:20:35,2026-05-21,4,羽毛球馆-10号,08:00-09:00,1,1,已售/已满,已售,多云,17,14,4,0.0,85,29
2026-05-21 08:25:32,2026-05-21,4,羽毛球馆-10号,08:00-09:00,1,1,已售/已满,已售,多云,17,14,4,0.0,85,28
2026-05-21 08:30:42,2026-05-21,4,羽毛球馆-10号,08:00-09:00,1,1,已售/已满,已售,多云,18,15,4,0.0,84,28
2026-05-21 08:35:31,2026-05-21,4,羽毛球馆-10号,08:00-09:00,1,1,已售/已满,已售,多云,18,15,4,0.0,84,28
2026-05-21 08:40:38,2026-05-21,4,羽毛球馆-10号,08:00-09:00,1,1,已售/已满,已售,多云,18,15,4,0.0,82,28
2026-05-21 08:45:33,2026-05-21,4,羽毛球馆-10号,08:00-09:00,1,1,已售/已满,已售,多云,18,15,4,0.0,82,28
2026-05-21 08:50:36,2026-05-21,4,羽毛球馆-10号,08:00-09:00,1,1,已售/已满,已售,多云,18,15,4,0.0,82,28
2026-05-21 08:55:34,2026-05-21,4,羽毛球馆-10号,08:00-09:00,1,1,已售/已满,已售,多云,18,15,4,0.0,84,28
2026-05-21 09:00:51,2026-05-21,4,羽毛球馆-10号,08:00-09:00,1,1,已售/已满,已售,多云,18,15,4,0.0,84,28
2026-05-21 09:01:59,2026-05-21,4,羽毛球馆-10号,08:00-09:00,1,1,已售/已满,已售,多云,18,15,4,0.0,83,28
2026-05-21 09:05:33,2026-05-21,4,羽毛球馆-10号,08:00-09:00,1,1,已售/已满,已售,多云,18,15,4,0.0,83,28
2026-05-21 09:20:38,2026-05-21,4,羽毛球馆-10号,08:00-09:00,1,1,已售/已满,已售,多云,18,16,3,0.0,81,28
2026-05-21 09:30:46,2026-05-21,4,羽毛球馆-10号,08:00-09:00,1,1,已售/已满,已售,多云,18,16,3,0.0,81,32
2026-05-21 09:40:36,2026-05-21,4,羽毛球馆-10号,08:00-09:00,1,1,已售/已满,已售,多云,19,17,3,0.0,79,32
2026-05-21 09:50:42,2026-05-21,4,羽毛球馆-10号,08:00-09:00,1,1,已售/已满,已售,多云,19,17,4,0.0,81,32
2026-05-21 10:00:46,2026-05-21,4,羽毛球馆-10号,08:00-09:00,1,1,已售/已满,已售,多云,19,17,4,0.0,79,32
2026-05-21 10:10:40,2026-05-21,4,羽毛球馆-10号,08:00-09:00,1,1,已售/已满,已售,多云,19,17,4,0.0,79,32
2026-05-21 10:20:38,2026-05-21,4,羽毛球馆-10号,08:00-09:00,1,1,已售/已满,已售,多云,19,17,4,0.0,79,32
2026-05-21 10:30:41,2026-05-21,4,羽毛球馆-10号,08:00-09:00,1,1,已售/已满,已售,多云,19,18,3,0.0,78,31
2026-05-21 11:00:44,2026-05-21,4,羽毛球馆-10号,08:00-09:00,1,1,已售/已满,已售,多云,21,17,5,0.0,74,31
2026-05-21 11:30:38,2026-05-21,4,羽毛球馆-10号,08:00-09:00,1,1,已售/已满,已售,多云,21,19,3,0.0,72,33
2026-05-21 12:00:46,2026-05-21,4,羽毛球馆-10号,08:00-09:00,1,1,已售/已满,已售,多云,22,19,4,0.0,70,33
2026-05-21 12:30:42,2026-05-21,4,羽毛球馆-10号,08:00-09:00,1,1,已售/已满,已售,多云,22,21,3,0.0,68,35
2026-05-21 13:00:43,2026-05-21,4,羽毛球馆-10号,08:00-09:00,1,1,已售/已满,已售,多云,24,22,4,0.0,66,35
2026-05-21 13:30:43,2026-05-21,4,羽毛球馆-10号,08:00-09:00,1,1,已售/已满,已售,多云,24,22,4,0.0,66,36
2026-05-21 14:00:48,2026-05-21,4,羽毛球馆-10号,08:00-09:00,1,1,已售/已满,已售,多云,25,23,4,0.0,66,36
2026-05-21 14:30:45,2026-05-21,4,羽毛球馆-10号,08:00-09:00,1,1,已售/已满,已售,晴,25,25,3,0.0,65,39
2026-05-21 15:00:45,2026-05-21,4,羽毛球馆-10号,08:00-09:00,1,1,已售/已满,已售,晴,25,22,4,0.0,56,39
2026-05-21 15:30:43,2026-05-21,4,羽毛球馆-10号,08:00-09:00,1,1,已售/已满,已售,晴,25,23,4,0.0,57,40
2026-05-21 16:00:51,2026-05-21,4,羽毛球馆-10号,08:00-09:00,1,1,已售/已满,已售,晴,25,23,4,0.0,57,40
2026-05-21 16:30:48,2026-05-21,4,羽毛球馆-10号,08:00-09:00,1,1,已售/已满,已售,晴,25,24,3,0.0,60,39
2026-05-21 17:00:49,2026-05-21,4,羽毛球馆-10号,08:00-09:00,1,1,已售/已满,已售,晴,25,24,4,0.0,61,39
2026-05-21 17:30:47,2026-05-21,4,羽毛球馆-10号,08:00-09:00,1,1,已售/已满,已售,多云,24,23,3,0.0,64,39
2026-05-21 18:00:50,2026-05-21,4,羽毛球馆-10号,08:00-09:00,1,1,已售/已满,已售,多云,24,23,3,0.0,68,39
2026-05-21 18:30:50,2026-05-21,4,羽毛球馆-10号,08:00-09:00,1,1,已售/已满,已售,阴,24,25,2,0.0,68,40
2026-05-21 19:00:50,2026-05-21,4,羽毛球馆-10号,08:00-09:00,1,1,已售/已满,已售,阴,23,23,3,0.0,76,40
2026-05-21 19:30:46,2026-05-21,4,羽毛球馆-10号,08:00-09:00,1,1,已售/已满,已售,阴,23,24,2,0.0,77,39
2026-05-21 20:00:49,2026-05-21,4,羽毛球馆-10号,08:00-09:00,1,1,已售/已满,已售,雾,22,23,2,0.0,89,39
2026-05-21 20:30:44,2026-05-21,4,羽毛球馆-10号,08:00-09:00,1,1,已售/已满,已售,雾,22,24,2,0.0,93,43
2026-05-21 21:00:56,2026-05-21,4,羽毛球馆-10号,08:00-09:00,1,1,已售/已满,已售,雾,20,21,2,0.0,98,43
2026-05-21 21:30:46,2026-05-21,4,羽毛球馆-10号,08:00-09:00,1,1,已售/已满,已售,雾,20,22,1,0.0,99,41
2026-05-21 22:01:02,2026-05-21,4,羽毛球馆-10号,08:00-09:00,1,1,已售/已满,已售,雾,19,20,2,0.0,93,41
2026-05-21 22:30:47,2026-05-21,4,羽毛球馆-10号,08:00-09:00,1,1,已售/已满,已售,雾,19,19,3,0.0,88,46
2026-05-21 23:00:56,2026-05-21,4,羽毛球馆-10号,08:00-09:00,1,1,已售/已满,已售,多云,18,17,3,0.0,85,46
2026-05-21 23:30:55,2026-05-21,4,羽毛球馆-10号,08:00-09:00,1,1,已售/已满,已售,多云,18,17,3,0.0,85,48
2026-05-21 00:30:49,2026-05-21,4,羽毛球馆-10号,09:00-10:00,0,1,可预约,￥12.0,多云,15,13,3,0.0,100,26
2026-05-21 01:00:55,2026-05-21,4,羽毛球馆-10号,09:00-10:00,0,1,可预约,￥12.0,多云,15,12,4,0.0,100,26
2026-05-21 01:30:47,2026-05-21,4,羽毛球馆-10号,09:00-10:00,0,1,可预约,￥12.0,多云,15,13,4,0.0,100,28
2026-05-21 02:00:53,2026-05-21,4,羽毛球馆-10号,09:00-10:00,0,1,可预约,￥12.0,多云,15,12,4,0.0,100,28
2026-05-21 02:30:49,2026-05-21,4,羽毛球馆-10号,09:00-10:00,0,1,可预约,￥12.0,多云,15,14,3,0.0,100,29
2026-05-21 03:00:55,2026-05-21,4,羽毛球馆-10号,09:00-10:00,0,1,可预约,￥12.0,多云,15,12,4,0.0,100,29
2026-05-21 03:30:49,2026-05-21,4,羽毛球馆-10号,09:00-10:00,0,1,可预约,￥12.0,多云,15,14,3,0.0,100,30
2026-05-21 04:30:45,2026-05-21,4,羽毛球馆-10号,09:00-10:00,0,1,可预约,￥12.0,多云,15,12,4,0.0,100,29
2026-05-21 05:00:52,2026-05-21,4,羽毛球馆-10号,09:00-10:00,0,1,可预约,￥12.0,多云,15,12,4,0.0,100,29
2026-05-21 05:30:49,2026-05-21,4,羽毛球馆-10号,09:00-10:00,0,1,可预约,￥12.0,多云,15,13,3,0.0,100,28
2026-05-21 06:00:50,2026-05-21,4,羽毛球馆-10号,09:00-10:00,0,1,可预约,￥12.0,多云,15,13,4,0.0,99,28
2026-05-21 06:30:38,2026-05-21,4,羽毛球馆-10号,09:00-10:00,0,1,可预约,￥12.0,多云,15,13,3,0.0,97,28
2026-05-21 07:00:43,2026-05-21,4,羽毛球馆-10号,09:00-10:00,0,1,可预约,￥12.0,晴,15,11,5,0.0,93,28
2026-05-21 07:30:39,2026-05-21,4,羽毛球馆-10号,09:00-10:00,0,1,可预约,￥12.0,晴,17,13,4,0.0,89,29
2026-05-21 07:50:40,2026-05-21,4,羽毛球馆-10号,09:00-10:00,0,1,可预约,￥12.0,晴,17,13,4,0.0,88,29
2026-05-21 07:53:31,2026-05-21,4,羽毛球馆-10号,09:00-10:00,0,1,可预约,￥12.0,晴,17,12,5,0.0,86,29
2026-05-21 07:56:31,2026-05-21,4,羽毛球馆-10号,09:00-10:00,0,1,可预约,￥12.0,晴,17,12,5,0.0,86,29
2026-05-21 07:59:26,2026-05-21,4,羽毛球馆-10号,09:00-10:00,0,1,可预约,￥12.0,晴,17,12,5,0.0,86,29
2026-05-21 08:00:45,2026-05-21,4,羽毛球馆-10号,09:00-10:00,0,1,可预约,￥12.0,晴,17,12,5,0.0,86,29
2026-05-21 08:02:30,2026-05-21,4,羽毛球馆-10号,09:00-10:00,0,1,可预约,￥12.0,多云,17,12,5,0.0,87,29
2026-05-21 08:05:36,2026-05-21,4,羽毛球馆-10号,09:00-10:00,0,1,可预约,￥12.0,多云,17,12,5,0.0,86,29
2026-05-21 08:08:31,2026-05-21,4,羽毛球馆-10号,09:00-10:00,0,1,可预约,￥12.0,多云,17,12,5,0.0,86,29
2026-05-21 08:11:30,2026-05-21,4,羽毛球馆-10号,09:00-10:00,0,1,可预约,￥12.0,多云,17,12,5,0.0,86,29
2026-05-21 08:14:31,2026-05-21,4,羽毛球馆-10号,09:00-10:00,0,1,可预约,￥12.0,多云,17,12,5,0.0,86,29
2026-05-21 08:17:30,2026-05-21,4,羽毛球馆-10号,09:00-10:00,0,1,可预约,￥12.0,多云,17,12,5,0.0,86,29
2026-05-21 08:20:35,2026-05-21,4,羽毛球馆-10号,09:00-10:00,0,1,可预约,￥12.0,多云,17,14,4,0.0,85,29
2026-05-21 08:25:32,2026-05-21,4,羽毛球馆-10号,09:00-10:00,0,1,可预约,￥12.0,多云,17,14,4,0.0,85,28
2026-05-21 08:30:42,2026-05-21,4,羽毛球馆-10号,09:00-10:00,0,1,可预约,￥12.0,多云,18,15,4,0.0,84,28
2026-05-21 08:35:31,2026-05-21,4,羽毛球馆-10号,09:00-10:00,0,1,可预约,￥12.0,多云,18,15,4,0.0,84,28
2026-05-21 08:40:38,2026-05-21,4,羽毛球馆-10号,09:00-10:00,0,1,可预约,￥12.0,多云,18,15,4,0.0,82,28
2026-05-21 08:45:33,2026-05-21,4,羽毛球馆-10号,09:00-10:00,0,1,可预约,￥12.0,多云,18,15,4,0.0,82,28
2026-05-21 08:50:36,2026-05-21,4,羽毛球馆-10号,09:00-10:00,0,1,可预约,￥12.0,多云,18,15,4,0.0,82,28
2026-05-21 08:55:34,2026-05-21,4,羽毛球馆-10号,09:00-10:00,0,1,可预约,￥12.0,多云,18,15,4,0.0,84,28
2026-05-21 09:00:51,2026-05-21,4,羽毛球馆-10号,09:00-10:00,0,1,可预约,￥12.0,多云,18,15,4,0.0,84,28
2026-05-21 09:01:59,2026-05-21,4,羽毛球馆-10号,09:00-10:00,0,1,可预约,￥12.0,多云,18,15,4,0.0,83,28
2026-05-21 09:05:33,2026-05-21,4,羽毛球馆-10号,09:00-10:00,0,1,可预约,￥12.0,多云,18,15,4,0.0,83,28
2026-05-21 09:20:38,2026-05-21,4,羽毛球馆-10号,09:00-10:00,0,1,可预约,￥12.0,多云,18,16,3,0.0,81,28
2026-05-21 09:30:46,2026-05-21,4,羽毛球馆-10号,09:00-10:00,0,1,可预约,￥12.0,多云,18,16,3,0.0,81,32
2026-05-21 09:40:36,2026-05-21,4,羽毛球馆-10号,09:00-10:00,0,1,可预约,￥12.0,多云,19,17,3,0.0,79,32
2026-05-21 09:50:42,2026-05-21,4,羽毛球馆-10号,09:00-10:00,0,1,可预约,￥12.0,多云,19,17,4,0.0,81,32
2026-05-21 10:00:46,2026-05-21,4,羽毛球馆-10号,09:00-10:00,0,1,不开放/已过期,,多云,19,17,4,0.0,79,32
2026-05-21 10:10:40,2026-05-21,4,羽毛球馆-10号,09:00-10:00,0,1,不开放/已过期,,多云,19,17,4,0.0,79,32
2026-05-21 10:20:38,2026-05-21,4,羽毛球馆-10号,09:00-10:00,0,1,不开放/已过期,,多云,19,17,4,0.0,79,32
2026-05-21 10:30:41,2026-05-21,4,羽毛球馆-10号,09:00-10:00,0,1,不开放/已过期,,多云,19,18,3,0.0,78,31
2026-05-21 11:00:44,2026-05-21,4,羽毛球馆-10号,09:00-10:00,0,1,不开放/已过期,,多云,21,17,5,0.0,74,31
2026-05-21 11:30:38,2026-05-21,4,羽毛球馆-10号,09:00-10:00,0,1,不开放/已过期,,多云,21,19,3,0.0,72,33
2026-05-21 12:00:46,2026-05-21,4,羽毛球馆-10号,09:00-10:00,0,1,不开放/已过期,,多云,22,19,4,0.0,70,33
2026-05-21 12:30:42,2026-05-21,4,羽毛球馆-10号,09:00-10:00,0,1,不开放/已过期,,多云,22,21,3,0.0,68,35
2026-05-21 13:00:43,2026-05-21,4,羽毛球馆-10号,09:00-10:00,0,1,不开放/已过期,,多云,24,22,4,0.0,66,35
2026-05-21 13:30:43,2026-05-21,4,羽毛球馆-10号,09:00-10:00,0,1,不开放/已过期,,多云,24,22,4,0.0,66,36
2026-05-21 14:00:48,2026-05-21,4,羽毛球馆-10号,09:00-10:00,0,1,不开放/已过期,,多云,25,23,4,0.0,66,36
2026-05-21 14:30:45,2026-05-21,4,羽毛球馆-10号,09:00-10:00,0,1,不开放/已过期,,晴,25,25,3,0.0,65,39
2026-05-21 15:00:45,2026-05-21,4,羽毛球馆-10号,09:00-10:00,0,1,不开放/已过期,,晴,25,22,4,0.0,56,39
2026-05-21 15:30:43,2026-05-21,4,羽毛球馆-10号,09:00-10:00,0,1,不开放/已过期,,晴,25,23,4,0.0,57,40
2026-05-21 16:00:51,2026-05-21,4,羽毛球馆-10号,09:00-10:00,0,1,不开放/已过期,,晴,25,23,4,0.0,57,40
2026-05-21 16:30:48,2026-05-21,4,羽毛球馆-10号,09:00-10:00,0,1,不开放/已过期,,晴,25,24,3,0.0,60,39
2026-05-21 17:00:49,2026-05-21,4,羽毛球馆-10号,09:00-10:00,0,1,不开放/已过期,,晴,25,24,4,0.0,61,39
2026-05-21 17:30:47,2026-05-21,4,羽毛球馆-10号,09:00-10:00,0,1,不开放/已过期,,多云,24,23,3,0.0,64,39
2026-05-21 18:00:50,2026-05-21,4,羽毛球馆-10号,09:00-10:00,0,1,不开放/已过期,,多云,24,23,3,0.0,68,39
2026-05-21 18:30:50,2026-05-21,4,羽毛球馆-10号,09:00-10:00,0,1,不开放/已过期,,阴,24,25,2,0.0,68,40
2026-05-21 19:00:50,2026-05-21,4,羽毛球馆-10号,09:00-10:00,0,1,不开放/已过期,,阴,23,23,3,0.0,76,40
2026-05-21 19:30:46,2026-05-21,4,羽毛球馆-10号,09:00-10:00,0,1,不开放/已过期,,阴,23,24,2,0.0,77,39
2026-05-21 20:00:49,2026-05-21,4,羽毛球馆-10号,09:00-10:00,0,1,不开放/已过期,,雾,22,23,2,0.0,89,39
2026-05-21 20:30:44,2026-05-21,4,羽毛球馆-10号,09:00-10:00,0,1,不开放/已过期,,雾,22,24,2,0.0,93,43
2026-05-21 21:00:56,2026-05-21,4,羽毛球馆-10号,09:00-10:00,0,1,不开放/已过期,,雾,20,21,2,0.0,98,43
2026-05-21 21:30:46,2026-05-21,4,羽毛球馆-10号,09:00-10:00,0,1,不开放/已过期,,雾,20,22,1,0.0,99,41
2026-05-21 22:01:02,2026-05-21,4,羽毛球馆-10号,09:00-10:00,0,1,不开放/已过期,,雾,19,20,2,0.0,93,41
2026-05-21 22:30:47,2026-05-21,4,羽毛球馆-10号,09:00-10:00,0,1,不开放/已过期,,雾,19,19,3,0.0,88,46
2026-05-21 23:00:56,2026-05-21,4,羽毛球馆-10号,09:00-10:00,0,1,不开放/已过期,,多云,18,17,3,0.0,85,46
2026-05-21 23:30:55,2026-05-21,4,羽毛球馆-10号,09:00-10:00,0,1,不开放/已过期,,多云,18,17,3,0.0,85,48
2026-05-21 00:30:49,2026-05-21,4,羽毛球馆-10号,10:00-11:00,1,1,已售/已满,教学时间,多云,15,13,3,0.0,100,26
2026-05-21 01:00:55,2026-05-21,4,羽毛球馆-10号,10:00-11:00,1,1,已售/已满,教学时间,多云,15,12,4,0.0,100,26
2026-05-21 01:30:47,2026-05-21,4,羽毛球馆-10号,10:00-11:00,1,1,已售/已满,教学时间,多云,15,13,4,0.0,100,28
2026-05-21 02:00:53,2026-05-21,4,羽毛球馆-10号,10:00-11:00,1,1,已售/已满,教学时间,多云,15,12,4,0.0,100,28
2026-05-21 02:30:49,2026-05-21,4,羽毛球馆-10号,10:00-11:00,1,1,已售/已满,教学时间,多云,15,14,3,0.0,100,29
2026-05-21 03:00:55,2026-05-21,4,羽毛球馆-10号,10:00-11:00,1,1,已售/已满,教学时间,多云,15,12,4,0.0,100,29
2026-05-21 03:30:49,2026-05-21,4,羽毛球馆-10号,10:00-11:00,1,1,已售/已满,教学时间,多云,15,14,3,0.0,100,30
2026-05-21 04:30:45,2026-05-21,4,羽毛球馆-10号,10:00-11:00,1,1,已售/已满,教学时间,多云,15,12,4,0.0,100,29
2026-05-21 05:00:52,2026-05-21,4,羽毛球馆-10号,10:00-11:00,1,1,已售/已满,教学时间,多云,15,12,4,0.0,100,29
2026-05-21 05:30:49,2026-05-21,4,羽毛球馆-10号,10:00-11:00,1,1,已售/已满,教学时间,多云,15,13,3,0.0,100,28
2026-05-21 06:00:50,2026-05-21,4,羽毛球馆-10号,10:00-11:00,1,1,已售/已满,教学时间,多云,15,13,4,0.0,99,28
2026-05-21 06:30:38,2026-05-21,4,羽毛球馆-10号,10:00-11:00,1,1,已售/已满,教学时间,多云,15,13,3,0.0,97,28
2026-05-21 07:00:43,2026-05-21,4,羽毛球馆-10号,10:00-11:00,1,1,已售/已满,教学时间,晴,15,11,5,0.0,93,28
2026-05-21 07:30:39,2026-05-21,4,羽毛球馆-10号,10:00-11:00,1,1,已售/已满,教学时间,晴,17,13,4,0.0,89,29
2026-05-21 07:50:40,2026-05-21,4,羽毛球馆-10号,10:00-11:00,1,1,已售/已满,教学时间,晴,17,13,4,0.0,88,29
2026-05-21 07:53:31,2026-05-21,4,羽毛球馆-10号,10:00-11:00,1,1,已售/已满,教学时间,晴,17,12,5,0.0,86,29
2026-05-21 07:56:31,2026-05-21,4,羽毛球馆-10号,10:00-11:00,1,1,已售/已满,教学时间,晴,17,12,5,0.0,86,29
2026-05-21 07:59:26,2026-05-21,4,羽毛球馆-10号,10:00-11:00,1,1,已售/已满,教学时间,晴,17,12,5,0.0,86,29
2026-05-21 08:00:45,2026-05-21,4,羽毛球馆-10号,10:00-11:00,1,1,已售/已满,教学时间,晴,17,12,5,0.0,86,29
2026-05-21 08:02:30,2026-05-21,4,羽毛球馆-10号,10:00-11:00,1,1,已售/已满,教学时间,多云,17,12,5,0.0,87,29
2026-05-21 08:05:36,2026-05-21,4,羽毛球馆-10号,10:00-11:00,1,1,已售/已满,教学时间,多云,17,12,5,0.0,86,29
2026-05-21 08:08:31,2026-05-21,4,羽毛球馆-10号,10:00-11:00,1,1,已售/已满,教学时间,多云,17,12,5,0.0,86,29
2026-05-21 08:11:30,2026-05-21,4,羽毛球馆-10号,10:00-11:00,1,1,已售/已满,教学时间,多云,17,12,5,0.0,86,29
2026-05-21 08:14:31,2026-05-21,4,羽毛球馆-10号,10:00-11:00,1,1,已售/已满,教学时间,多云,17,12,5,0.0,86,29
2026-05-21 08:17:30,2026-05-21,4,羽毛球馆-10号,10:00-11:00,1,1,已售/已满,教学时间,多云,17,12,5,0.0,86,29
2026-05-21 08:20:35,2026-05-21,4,羽毛球馆-10号,10:00-11:00,1,1,已售/已满,教学时间,多云,17,14,4,0.0,85,29
2026-05-21 08:25:32,2026-05-21,4,羽毛球馆-10号,10:00-11:00,1,1,已售/已满,教学时间,多云,17,14,4,0.0,85,28
2026-05-21 08:30:42,2026-05-21,4,羽毛球馆-10号,10:00-11:00,1,1,已售/已满,教学时间,多云,18,15,4,0.0,84,28
2026-05-21 08:35:31,2026-05-21,4,羽毛球馆-10号,10:00-11:00,1,1,已售/已满,教学时间,多云,18,15,4,0.0,84,28
2026-05-21 08:40:38,2026-05-21,4,羽毛球馆-10号,10:00-11:00,1,1,已售/已满,教学时间,多云,18,15,4,0.0,82,28
2026-05-21 08:45:33,2026-05-21,4,羽毛球馆-10号,10:00-11:00,1,1,已售/已满,教学时间,多云,18,15,4,0.0,82,28
2026-05-21 08:50:36,2026-05-21,4,羽毛球馆-10号,10:00-11:00,1,1,已售/已满,教学时间,多云,18,15,4,0.0,82,28
2026-05-21 08:55:34,2026-05-21,4,羽毛球馆-10号,10:00-11:00,1,1,已售/已满,教学时间,多云,18,15,4,0.0,84,28
2026-05-21 09:00:51,2026-05-21,4,羽毛球馆-10号,10:00-11:00,1,1,已售/已满,教学时间,多云,18,15,4,0.0,84,28
2026-05-21 09:01:59,2026-05-21,4,羽毛球馆-10号,10:00-11:00,1,1,已售/已满,教学时间,多云,18,15,4,0.0,83,28
2026-05-21 09:05:33,2026-05-21,4,羽毛球馆-10号,10:00-11:00,1,1,已售/已满,教学时间,多云,18,15,4,0.0,83,28
2026-05-21 09:20:38,2026-05-21,4,羽毛球馆-10号,10:00-11:00,1,1,已售/已满,教学时间,多云,18,16,3,0.0,81,28
2026-05-21 09:30:46,2026-05-21,4,羽毛球馆-10号,10:00-11:00,1,1,已售/已满,教学时间,多云,18,16,3,0.0,81,32
2026-05-21 09:40:36,2026-05-21,4,羽毛球馆-10号,10:00-11:00,1,1,已售/已满,教学时间,多云,19,17,3,0.0,79,32
2026-05-21 09:50:42,2026-05-21,4,羽毛球馆-10号,10:00-11:00,1,1,已售/已满,教学时间,多云,19,17,4,0.0,81,32
2026-05-21 10:00:46,2026-05-21,4,羽毛球馆-10号,10:00-11:00,1,1,已售/已满,教学时间,多云,19,17,4,0.0,79,32
2026-05-21 10:10:40,2026-05-21,4,羽毛球馆-10号,10:00-11:00,1,1,已售/已满,教学时间,多云,19,17,4,0.0,79,32
2026-05-21 10:20:38,2026-05-21,4,羽毛球馆-10号,10:00-11:00,1,1,已售/已满,教学时间,多云,19,17,4,0.0,79,32
2026-05-21 10:30:41,2026-05-21,4,羽毛球馆-10号,10:00-11:00,1,1,已售/已满,教学时间,多云,19,18,3,0.0,78,31
2026-05-21 11:00:44,2026-05-21,4,羽毛球馆-10号,10:00-11:00,1,1,已售/已满,教学时间,多云,21,17,5,0.0,74,31
2026-05-21 11:30:38,2026-05-21,4,羽毛球馆-10号,10:00-11:00,1,1,已售/已满,教学时间,多云,21,19,3,0.0,72,33
2026-05-21 12:00:46,2026-05-21,4,羽毛球馆-10号,10:00-11:00,1,1,已售/已满,教学时间,多云,22,19,4,0.0,70,33
2026-05-21 12:30:42,2026-05-21,4,羽毛球馆-10号,10:00-11:00,1,1,已售/已满,教学时间,多云,22,21,3,0.0,68,35
2026-05-21 13:00:43,2026-05-21,4,羽毛球馆-10号,10:00-11:00,1,1,已售/已满,教学时间,多云,24,22,4,0.0,66,35
2026-05-21 13:30:43,2026-05-21,4,羽毛球馆-10号,10:00-11:00,1,1,已售/已满,教学时间,多云,24,22,4,0.0,66,36
2026-05-21 14:00:48,2026-05-21,4,羽毛球馆-10号,10:00-11:00,1,1,已售/已满,教学时间,多云,25,23,4,0.0,66,36
2026-05-21 14:30:45,2026-05-21,4,羽毛球馆-10号,10:00-11:00,1,1,已售/已满,教学时间,晴,25,25,3,0.0,65,39
2026-05-21 15:00:45,2026-05-21,4,羽毛球馆-10号,10:00-11:00,1,1,已售/已满,教学时间,晴,25,22,4,0.0,56,39
2026-05-21 15:30:43,2026-05-21,4,羽毛球馆-10号,10:00-11:00,1,1,已售/已满,教学时间,晴,25,23,4,0.0,57,40
2026-05-21 16:00:51,2026-05-21,4,羽毛球馆-10号,10:00-11:00,1,1,已售/已满,教学时间,晴,25,23,4,0.0,57,40
2026-05-21 16:30:48,2026-05-21,4,羽毛球馆-10号,10:00-11:00,1,1,已售/已满,教学时间,晴,25,24,3,0.0,60,39
2026-05-21 17:00:49,2026-05-21,4,羽毛球馆-10号,10:00-11:00,1,1,已售/已满,教学时间,晴,25,24,4,0.0,61,39
2026-05-21 17:30:47,2026-05-21,4,羽毛球馆-10号,10:00-11:00,1,1,已售/已满,教学时间,多云,24,23,3,0.0,64,39
2026-05-21 18:00:50,2026-05-21,4,羽毛球馆-10号,10:00-11:00,1,1,已售/已满,教学时间,多云,24,23,3,0.0,68,39
2026-05-21 18:30:50,2026-05-21,4,羽毛球馆-10号,10:00-11:00,1,1,已售/已满,教学时间,阴,24,25,2,0.0,68,40
2026-05-21 19:00:50,2026-05-21,4,羽毛球馆-10号,10:00-11:00,1,1,已售/已满,教学时间,阴,23,23,3,0.0,76,40
2026-05-21 19:30:46,2026-05-21,4,羽毛球馆-10号,10:00-11:00,1,1,已售/已满,教学时间,阴,23,24,2,0.0,77,39
2026-05-21 20:00:49,2026-05-21,4,羽毛球馆-10号,10:00-11:00,1,1,已售/已满,教学时间,雾,22,23,2,0.0,89,39
2026-05-21 20:30:44,2026-05-21,4,羽毛球馆-10号,10:00-11:00,1,1,已售/已满,教学时间,雾,22,24,2,0.0,93,43
2026-05-21 21:00:56,2026-05-21,4,羽毛球馆-10号,10:00-11:00,1,1,已售/已满,教学时间,雾,20,21,2,0.0,98,43
2026-05-21 21:30:46,2026-05-21,4,羽毛球馆-10号,10:00-11:00,1,1,已售/已满,教学时间,雾,20,22,1,0.0,99,41
2026-05-21 22:01:02,2026-05-21,4,羽毛球馆-10号,10:00-11:00,1,1,已售/已满,教学时间,雾,19,20,2,0.0,93,41
2026-05-21 22:30:47,2026-05-21,4,羽毛球馆-10号,10:00-11:00,1,1,已售/已满,教学时间,雾,19,19,3,0.0,88,46
2026-05-21 23:00:56,2026-05-21,4,羽毛球馆-10号,10:00-11:00,1,1,已售/已满,教学时间,多云,18,17,3,0.0,85,46
2026-05-21 23:30:55,2026-05-21,4,羽毛球馆-10号,10:00-11:00,1,1,已售/已满,教学时间,多云,18,17,3,0.0,85,48
2026-05-21 00:30:49,2026-05-21,4,羽毛球馆-10号,11:00-12:00,1,1,已售/已满,教学时间,多云,15,13,3,0.0,100,26
2026-05-21 01:00:55,2026-05-21,4,羽毛球馆-10号,11:00-12:00,1,1,已售/已满,教学时间,多云,15,12,4,0.0,100,26
2026-05-21 01:30:47,2026-05-21,4,羽毛球馆-10号,11:00-12:00,1,1,已售/已满,教学时间,多云,15,13,4,0.0,100,28
2026-05-21 02:00:53,2026-05-21,4,羽毛球馆-10号,11:00-12:00,1,1,已售/已满,教学时间,多云,15,12,4,0.0,100,28
2026-05-21 02:30:49,2026-05-21,4,羽毛球馆-10号,11:00-12:00,1,1,已售/已满,教学时间,多云,15,14,3,0.0,100,29
2026-05-21 03:00:55,2026-05-21,4,羽毛球馆-10号,11:00-12:00,1,1,已售/已满,教学时间,多云,15,12,4,0.0,100,29
2026-05-21 03:30:49,2026-05-21,4,羽毛球馆-10号,11:00-12:00,1,1,已售/已满,教学时间,多云,15,14,3,0.0,100,30
2026-05-21 04:30:45,2026-05-21,4,羽毛球馆-10号,11:00-12:00,1,1,已售/已满,教学时间,多云,15,12,4,0.0,100,29
2026-05-21 05:00:52,2026-05-21,4,羽毛球馆-10号,11:00-12:00,1,1,已售/已满,教学时间,多云,15,12,4,0.0,100,29
2026-05-21 05:30:49,2026-05-21,4,羽毛球馆-10号,11:00-12:00,1,1,已售/已满,教学时间,多云,15,13,3,0.0,100,28
2026-05-21 06:00:50,2026-05-21,4,羽毛球馆-10号,11:00-12:00,1,1,已售/已满,教学时间,多云,15,13,4,0.0,99,28
2026-05-21 06:30:38,2026-05-21,4,羽毛球馆-10号,11:00-12:00,1,1,已售/已满,教学时间,多云,15,13,3,0.0,97,28
2026-05-21 07:00:43,2026-05-21,4,羽毛球馆-10号,11:00-12:00,1,1,已售/已满,教学时间,晴,15,11,5,0.0,93,28
2026-05-21 07:30:39,2026-05-21,4,羽毛球馆-10号,11:00-12:00,1,1,已售/已满,教学时间,晴,17,13,4,0.0,89,29
2026-05-21 07:50:40,2026-05-21,4,羽毛球馆-10号,11:00-12:00,1,1,已售/已满,教学时间,晴,17,13,4,0.0,88,29
2026-05-21 07:53:31,2026-05-21,4,羽毛球馆-10号,11:00-12:00,1,1,已售/已满,教学时间,晴,17,12,5,0.0,86,29
2026-05-21 07:56:31,2026-05-21,4,羽毛球馆-10号,11:00-12:00,1,1,已售/已满,教学时间,晴,17,12,5,0.0,86,29
2026-05-21 07:59:26,2026-05-21,4,羽毛球馆-10号,11:00-12:00,1,1,已售/已满,教学时间,晴,17,12,5,0.0,86,29
2026-05-21 08:00:45,2026-05-21,4,羽毛球馆-10号,11:00-12:00,1,1,已售/已满,教学时间,晴,17,12,5,0.0,86,29
2026-05-21 08:02:30,2026-05-21,4,羽毛球馆-10号,11:00-12:00,1,1,已售/已满,教学时间,多云,17,12,5,0.0,87,29
2026-05-21 08:05:36,2026-05-21,4,羽毛球馆-10号,11:00-12:00,1,1,已售/已满,教学时间,多云,17,12,5,0.0,86,29
2026-05-21 08:08:31,2026-05-21,4,羽毛球馆-10号,11:00-12:00,1,1,已售/已满,教学时间,多云,17,12,5,0.0,86,29
2026-05-21 08:11:30,2026-05-21,4,羽毛球馆-10号,11:00-12:00,1,1,已售/已满,教学时间,多云,17,12,5,0.0,86,29
2026-05-21 08:14:31,2026-05-21,4,羽毛球馆-10号,11:00-12:00,1,1,已售/已满,教学时间,多云,17,12,5,0.0,86,29
2026-05-21 08:17:30,2026-05-21,4,羽毛球馆-10号,11:00-12:00,1,1,已售/已满,教学时间,多云,17,12,5,0.0,86,29
2026-05-21 08:20:35,2026-05-21,4,羽毛球馆-10号,11:00-12:00,1,1,已售/已满,教学时间,多云,17,14,4,0.0,85,29
2026-05-21 08:25:32,2026-05-21,4,羽毛球馆-10号,11:00-12:00,1,1,已售/已满,教学时间,多云,17,14,4,0.0,85,28
2026-05-21 08:30:42,2026-05-21,4,羽毛球馆-10号,11:00-12:00,1,1,已售/已满,教学时间,多云,18,15,4,0.0,84,28
2026-05-21 08:35:31,2026-05-21,4,羽毛球馆-10号,11:00-12:00,1,1,已售/已满,教学时间,多云,18,15,4,0.0,84,28
2026-05-21 08:40:38,2026-05-21,4,羽毛球馆-10号,11:00-12:00,1,1,已售/已满,教学时间,多云,18,15,4,0.0,82,28
2026-05-21 08:45:33,2026-05-21,4,羽毛球馆-10号,11:00-12:00,1,1,已售/已满,教学时间,多云,18,15,4,0.0,82,28
2026-05-21 08:50:36,2026-05-21,4,羽毛球馆-10号,11:00-12:00,1,1,已售/已满,教学时间,多云,18,15,4,0.0,82,28
2026-05-21 08:55:34,2026-05-21,4,羽毛球馆-10号,11:00-12:00,1,1,已售/已满,教学时间,多云,18,15,4,0.0,84,28
2026-05-21 09:00:51,2026-05-21,4,羽毛球馆-10号,11:00-12:00,1,1,已售/已满,教学时间,多云,18,15,4,0.0,84,28
2026-05-21 09:01:59,2026-05-21,4,羽毛球馆-10号,11:00-12:00,1,1,已售/已满,教学时间,多云,18,15,4,0.0,83,28
2026-05-21 09:05:33,2026-05-21,4,羽毛球馆-10号,11:00-12:00,1,1,已售/已满,教学时间,多云,18,15,4,0.0,83,28
2026-05-21 09:20:38,2026-05-21,4,羽毛球馆-10号,11:00-12:00,1,1,已售/已满,教学时间,多云,18,16,3,0.0,81,28
2026-05-21 09:30:46,2026-05-21,4,羽毛球馆-10号,11:00-12:00,1,1,已售/已满,教学时间,多云,18,16,3,0.0,81,32
2026-05-21 09:40:36,2026-05-21,4,羽毛球馆-10号,11:00-12:00,1,1,已售/已满,教学时间,多云,19,17,3,0.0,79,32
2026-05-21 09:50:42,2026-05-21,4,羽毛球馆-10号,11:00-12:00,1,1,已售/已满,教学时间,多云,19,17,4,0.0,81,32
2026-05-21 10:00:46,2026-05-21,4,羽毛球馆-10号,11:00-12:00,1,1,已售/已满,教学时间,多云,19,17,4,0.0,79,32
2026-05-21 10:10:40,2026-05-21,4,羽毛球馆-10号,11:00-12:00,1,1,已售/已满,教学时间,多云,19,17,4,0.0,79,32
2026-05-21 10:20:38,2026-05-21,4,羽毛球馆-10号,11:00-12:00,1,1,已售/已满,教学时间,多云,19,17,4,0.0,79,32
2026-05-21 10:30:41,2026-05-21,4,羽毛球馆-10号,11:00-12:00,1,1,已售/已满,教学时间,多云,19,18,3,0.0,78,31
2026-05-21 11:00:44,2026-05-21,4,羽毛球馆-10号,11:00-12:00,1,1,已售/已满,教学时间,多云,21,17,5,0.0,74,31
2026-05-21 11:30:38,2026-05-21,4,羽毛球馆-10号,11:00-12:00,1,1,已售/已满,教学时间,多云,21,19,3,0.0,72,33
2026-05-21 12:00:46,2026-05-21,4,羽毛球馆-10号,11:00-12:00,1,1,已售/已满,教学时间,多云,22,19,4,0.0,70,33
2026-05-21 12:30:42,2026-05-21,4,羽毛球馆-10号,11:00-12:00,1,1,已售/已满,教学时间,多云,22,21,3,0.0,68,35
2026-05-21 13:00:43,2026-05-21,4,羽毛球馆-10号,11:00-12:00,1,1,已售/已满,教学时间,多云,24,22,4,0.0,66,35
2026-05-21 13:30:43,2026-05-21,4,羽毛球馆-10号,11:00-12:00,1,1,已售/已满,教学时间,多云,24,22,4,0.0,66,36
2026-05-21 14:00:48,2026-05-21,4,羽毛球馆-10号,11:00-12:00,1,1,已售/已满,教学时间,多云,25,23,4,0.0,66,36
2026-05-21 14:30:45,2026-05-21,4,羽毛球馆-10号,11:00-12:00,1,1,已售/已满,教学时间,晴,25,25,3,0.0,65,39
2026-05-21 15:00:45,2026-05-21,4,羽毛球馆-10号,11:00-12:00,1,1,已售/已满,教学时间,晴,25,22,4,0.0,56,39
2026-05-21 15:30:43,2026-05-21,4,羽毛球馆-10号,11:00-12:00,1,1,已售/已满,教学时间,晴,25,23,4,0.0,57,40
2026-05-21 16:00:51,2026-05-21,4,羽毛球馆-10号,11:00-12:00,1,1,已售/已满,教学时间,晴,25,23,4,0.0,57,40
2026-05-21 16:30:48,2026-05-21,4,羽毛球馆-10号,11:00-12:00,1,1,已售/已满,教学时间,晴,25,24,3,0.0,60,39
2026-05-21 17:00:49,2026-05-21,4,羽毛球馆-10号,11:00-12:00,1,1,已售/已满,教学时间,晴,25,24,4,0.0,61,39
2026-05-21 17:30:47,2026-05-21,4,羽毛球馆-10号,11:00-12:00,1,1,已售/已满,教学时间,多云,24,23,3,0.0,64,39
2026-05-21 18:00:50,2026-05-21,4,羽毛球馆-10号,11:00-12:00,1,1,已售/已满,教学时间,多云,24,23,3,0.0,68,39
2026-05-21 18:30:50,2026-05-21,4,羽毛球馆-10号,11:00-12:00,1,1,已售/已满,教学时间,阴,24,25,2,0.0,68,40
2026-05-21 19:00:50,2026-05-21,4,羽毛球馆-10号,11:00-12:00,1,1,已售/已满,教学时间,阴,23,23,3,0.0,76,40
2026-05-21 19:30:46,2026-05-21,4,羽毛球馆-10号,11:00-12:00,1,1,已售/已满,教学时间,阴,23,24,2,0.0,77,39
2026-05-21 20:00:49,2026-05-21,4,羽毛球馆-10号,11:00-12:00,1,1,已售/已满,教学时间,雾,22,23,2,0.0,89,39
2026-05-21 20:30:44,2026-05-21,4,羽毛球馆-10号,11:00-12:00,1,1,已售/已满,教学时间,雾,22,24,2,0.0,93,43
2026-05-21 21:00:56,2026-05-21,4,羽毛球馆-10号,11:00-12:00,1,1,已售/已满,教学时间,雾,20,21,2,0.0,98,43
2026-05-21 21:30:46,2026-05-21,4,羽毛球馆-10号,11:00-12:00,1,1,已售/已满,教学时间,雾,20,22,1,0.0,99,41
2026-05-21 22:01:02,2026-05-21,4,羽毛球馆-10号,11:00-12:00,1,1,已售/已满,教学时间,雾,19,20,2,0.0,93,41
2026-05-21 22:30:47,2026-05-21,4,羽毛球馆-10号,11:00-12:00,1,1,已售/已满,教学时间,雾,19,19,3,0.0,88,46
2026-05-21 23:00:56,2026-05-21,4,羽毛球馆-10号,11:00-12:00,1,1,已售/已满,教学时间,多云,18,17,3,0.0,85,46
2026-05-21 23:30:55,2026-05-21,4,羽毛球馆-10号,11:00-12:00,1,1,已售/已满,教学时间,多云,18,17,3,0.0,85,48
2026-05-21 00:30:49,2026-05-21,4,羽毛球馆-10号,12:00-12:55,1,1,已售/已满,已售,多云,15,13,3,0.0,100,26
2026-05-21 01:00:55,2026-05-21,4,羽毛球馆-10号,12:00-12:55,1,1,已售/已满,已售,多云,15,12,4,0.0,100,26
2026-05-21 01:30:47,2026-05-21,4,羽毛球馆-10号,12:00-12:55,1,1,已售/已满,已售,多云,15,13,4,0.0,100,28
2026-05-21 02:00:53,2026-05-21,4,羽毛球馆-10号,12:00-12:55,1,1,已售/已满,已售,多云,15,12,4,0.0,100,28
2026-05-21 02:30:49,2026-05-21,4,羽毛球馆-10号,12:00-12:55,1,1,已售/已满,已售,多云,15,14,3,0.0,100,29
2026-05-21 03:00:55,2026-05-21,4,羽毛球馆-10号,12:00-12:55,1,1,已售/已满,已售,多云,15,12,4,0.0,100,29
2026-05-21 03:30:49,2026-05-21,4,羽毛球馆-10号,12:00-12:55,1,1,已售/已满,已售,多云,15,14,3,0.0,100,30
2026-05-21 04:30:45,2026-05-21,4,羽毛球馆-10号,12:00-12:55,1,1,已售/已满,已售,多云,15,12,4,0.0,100,29
2026-05-21 05:00:52,2026-05-21,4,羽毛球馆-10号,12:00-12:55,1,1,已售/已满,已售,多云,15,12,4,0.0,100,29
2026-05-21 05:30:49,2026-05-21,4,羽毛球馆-10号,12:00-12:55,1,1,已售/已满,已售,多云,15,13,3,0.0,100,28
2026-05-21 06:00:50,2026-05-21,4,羽毛球馆-10号,12:00-12:55,1,1,已售/已满,已售,多云,15,13,4,0.0,99,28
2026-05-21 06:30:38,2026-05-21,4,羽毛球馆-10号,12:00-12:55,1,1,已售/已满,已售,多云,15,13,3,0.0,97,28
2026-05-21 07:00:43,2026-05-21,4,羽毛球馆-10号,12:00-12:55,1,1,已售/已满,已售,晴,15,11,5,0.0,93,28
2026-05-21 07:30:39,2026-05-21,4,羽毛球馆-10号,12:00-12:55,1,1,已售/已满,已售,晴,17,13,4,0.0,89,29
2026-05-21 07:50:40,2026-05-21,4,羽毛球馆-10号,12:00-12:55,1,1,已售/已满,已售,晴,17,13,4,0.0,88,29
2026-05-21 07:53:31,2026-05-21,4,羽毛球馆-10号,12:00-12:55,1,1,已售/已满,已售,晴,17,12,5,0.0,86,29
2026-05-21 07:56:31,2026-05-21,4,羽毛球馆-10号,12:00-12:55,1,1,已售/已满,已售,晴,17,12,5,0.0,86,29
2026-05-21 07:59:26,2026-05-21,4,羽毛球馆-10号,12:00-12:55,1,1,已售/已满,已售,晴,17,12,5,0.0,86,29
2026-05-21 08:00:45,2026-05-21,4,羽毛球馆-10号,12:00-12:55,1,1,已售/已满,已售,晴,17,12,5,0.0,86,29
2026-05-21 08:02:30,2026-05-21,4,羽毛球馆-10号,12:00-12:55,1,1,已售/已满,已售,多云,17,12,5,0.0,87,29
2026-05-21 08:05:36,2026-05-21,4,羽毛球馆-10号,12:00-12:55,1,1,已售/已满,已售,多云,17,12,5,0.0,86,29
2026-05-21 08:08:31,2026-05-21,4,羽毛球馆-10号,12:00-12:55,1,1,已售/已满,已售,多云,17,12,5,0.0,86,29
2026-05-21 08:11:30,2026-05-21,4,羽毛球馆-10号,12:00-12:55,1,1,已售/已满,已售,多云,17,12,5,0.0,86,29
2026-05-21 08:14:31,2026-05-21,4,羽毛球馆-10号,12:00-12:55,1,1,已售/已满,已售,多云,17,12,5,0.0,86,29
2026-05-21 08:17:30,2026-05-21,4,羽毛球馆-10号,12:00-12:55,1,1,已售/已满,已售,多云,17,12,5,0.0,86,29
2026-05-21 08:20:35,2026-05-21,4,羽毛球馆-10号,12:00-12:55,1,1,已售/已满,已售,多云,17,14,4,0.0,85,29
2026-05-21 08:25:32,2026-05-21,4,羽毛球馆-10号,12:00-12:55,1,1,已售/已满,已售,多云,17,14,4,0.0,85,28
2026-05-21 08:30:42,2026-05-21,4,羽毛球馆-10号,12:00-12:55,1,1,已售/已满,已售,多云,18,15,4,0.0,84,28
2026-05-21 08:35:31,2026-05-21,4,羽毛球馆-10号,12:00-12:55,1,1,已售/已满,已售,多云,18,15,4,0.0,84,28
2026-05-21 08:40:38,2026-05-21,4,羽毛球馆-10号,12:00-12:55,1,1,已售/已满,已售,多云,18,15,4,0.0,82,28
2026-05-21 08:45:33,2026-05-21,4,羽毛球馆-10号,12:00-12:55,1,1,已售/已满,已售,多云,18,15,4,0.0,82,28
2026-05-21 08:50:36,2026-05-21,4,羽毛球馆-10号,12:00-12:55,1,1,已售/已满,已售,多云,18,15,4,0.0,82,28
2026-05-21 08:55:34,2026-05-21,4,羽毛球馆-10号,12:00-12:55,1,1,已售/已满,已售,多云,18,15,4,0.0,84,28
2026-05-21 09:00:51,2026-05-21,4,羽毛球馆-10号,12:00-12:55,1,1,已售/已满,已售,多云,18,15,4,0.0,84,28
2026-05-21 09:01:59,2026-05-21,4,羽毛球馆-10号,12:00-12:55,1,1,已售/已满,已售,多云,18,15,4,0.0,83,28
2026-05-21 09:05:33,2026-05-21,4,羽毛球馆-10号,12:00-12:55,1,1,已售/已满,已售,多云,18,15,4,0.0,83,28
2026-05-21 09:20:38,2026-05-21,4,羽毛球馆-10号,12:00-12:55,1,1,已售/已满,已售,多云,18,16,3,0.0,81,28
2026-05-21 09:30:46,2026-05-21,4,羽毛球馆-10号,12:00-12:55,1,1,已售/已满,已售,多云,18,16,3,0.0,81,32
2026-05-21 09:40:36,2026-05-21,4,羽毛球馆-10号,12:00-12:55,1,1,已售/已满,已售,多云,19,17,3,0.0,79,32
2026-05-21 09:50:42,2026-05-21,4,羽毛球馆-10号,12:00-12:55,1,1,已售/已满,已售,多云,19,17,4,0.0,81,32
2026-05-21 10:00:46,2026-05-21,4,羽毛球馆-10号,12:00-12:55,1,1,已售/已满,已售,多云,19,17,4,0.0,79,32
2026-05-21 10:10:40,2026-05-21,4,羽毛球馆-10号,12:00-12:55,1,1,已售/已满,已售,多云,19,17,4,0.0,79,32
2026-05-21 10:20:38,2026-05-21,4,羽毛球馆-10号,12:00-12:55,1,1,已售/已满,已售,多云,19,17,4,0.0,79,32
2026-05-21 10:30:41,2026-05-21,4,羽毛球馆-10号,12:00-12:55,1,1,已售/已满,已售,多云,19,18,3,0.0,78,31
2026-05-21 11:00:44,2026-05-21,4,羽毛球馆-10号,12:00-12:55,1,1,已售/已满,已售,多云,21,17,5,0.0,74,31
2026-05-21 11:30:38,2026-05-21,4,羽毛球馆-10号,12:00-12:55,1,1,已售/已满,已售,多云,21,19,3,0.0,72,33
2026-05-21 12:00:46,2026-05-21,4,羽毛球馆-10号,12:00-12:55,1,1,已售/已满,已售,多云,22,19,4,0.0,70,33
2026-05-21 12:30:42,2026-05-21,4,羽毛球馆-10号,12:00-12:55,1,1,已售/已满,已售,多云,22,21,3,0.0,68,35
2026-05-21 13:00:43,2026-05-21,4,羽毛球馆-10号,12:00-12:55,1,1,已售/已满,已售,多云,24,22,4,0.0,66,35
2026-05-21 13:30:43,2026-05-21,4,羽毛球馆-10号,12:00-12:55,1,1,已售/已满,已售,多云,24,22,4,0.0,66,36
2026-05-21 14:00:48,2026-05-21,4,羽毛球馆-10号,12:00-12:55,1,1,已售/已满,已售,多云,25,23,4,0.0,66,36
2026-05-21 14:30:45,2026-05-21,4,羽毛球馆-10号,12:00-12:55,1,1,已售/已满,已售,晴,25,25,3,0.0,65,39
2026-05-21 15:00:45,2026-05-21,4,羽毛球馆-10号,12:00-12:55,1,1,已售/已满,已售,晴,25,22,4,0.0,56,39
2026-05-21 15:30:43,2026-05-21,4,羽毛球馆-10号,12:00-12:55,1,1,已售/已满,已售,晴,25,23,4,0.0,57,40
2026-05-21 16:00:51,2026-05-21,4,羽毛球馆-10号,12:00-12:55,1,1,已售/已满,已售,晴,25,23,4,0.0,57,40
2026-05-21 16:30:48,2026-05-21,4,羽毛球馆-10号,12:00-12:55,1,1,已售/已满,已售,晴,25,24,3,0.0,60,39
2026-05-21 17:00:49,2026-05-21,4,羽毛球馆-10号,12:00-12:55,1,1,已售/已满,已售,晴,25,24,4,0.0,61,39
2026-05-21 17:30:47,2026-05-21,4,羽毛球馆-10号,12:00-12:55,1,1,已售/已满,已售,多云,24,23,3,0.0,64,39
2026-05-21 18:00:50,2026-05-21,4,羽毛球馆-10号,12:00-12:55,1,1,已售/已满,已售,多云,24,23,3,0.0,68,39
2026-05-21 18:30:50,2026-05-21,4,羽毛球馆-10号,12:00-12:55,1,1,已售/已满,已售,阴,24,25,2,0.0,68,40
2026-05-21 19:00:50,2026-05-21,4,羽毛球馆-10号,12:00-12:55,1,1,已售/已满,已售,阴,23,23,3,0.0,76,40
2026-05-21 19:30:46,2026-05-21,4,羽毛球馆-10号,12:00-12:55,1,1,已售/已满,已售,阴,23,24,2,0.0,77,39
2026-05-21 20:00:49,2026-05-21,4,羽毛球馆-10号,12:00-12:55,1,1,已售/已满,已售,雾,22,23,2,0.0,89,39
2026-05-21 20:30:44,2026-05-21,4,羽毛球馆-10号,12:00-12:55,1,1,已售/已满,已售,雾,22,24,2,0.0,93,43
2026-05-21 21:00:56,2026-05-21,4,羽毛球馆-10号,12:00-12:55,1,1,已售/已满,已售,雾,20,21,2,0.0,98,43
2026-05-21 21:30:46,2026-05-21,4,羽毛球馆-10号,12:00-12:55,1,1,已售/已满,已售,雾,20,22,1,0.0,99,41
2026-05-21 22:01:02,2026-05-21,4,羽毛球馆-10号,12:00-12:55,1,1,已售/已满,已售,雾,19,20,2,0.0,93,41
2026-05-21 22:30:47,2026-05-21,4,羽毛球馆-10号,12:00-12:55,1,1,已售/已满,已售,雾,19,19,3,0.0,88,46
2026-05-21 23:00:56,2026-05-21,4,羽毛球馆-10号,12:00-12:55,1,1,已售/已满,已售,多云,18,17,3,0.0,85,46
2026-05-21 23:30:55,2026-05-21,4,羽毛球馆-10号,12:00-12:55,1,1,已售/已满,已售,多云,18,17,3,0.0,85,48
2026-05-21 00:30:49,2026-05-21,4,羽毛球馆-10号,12:55-13:50,1,1,已售/已满,已售,多云,15,13,3,0.0,100,26
2026-05-21 01:00:55,2026-05-21,4,羽毛球馆-10号,12:55-13:50,1,1,已售/已满,已售,多云,15,12,4,0.0,100,26
2026-05-21 01:30:47,2026-05-21,4,羽毛球馆-10号,12:55-13:50,1,1,已售/已满,已售,多云,15,13,4,0.0,100,28
2026-05-21 02:00:53,2026-05-21,4,羽毛球馆-10号,12:55-13:50,1,1,已售/已满,已售,多云,15,12,4,0.0,100,28
2026-05-21 02:30:49,2026-05-21,4,羽毛球馆-10号,12:55-13:50,1,1,已售/已满,已售,多云,15,14,3,0.0,100,29
2026-05-21 03:00:55,2026-05-21,4,羽毛球馆-10号,12:55-13:50,1,1,已售/已满,已售,多云,15,12,4,0.0,100,29
2026-05-21 03:30:49,2026-05-21,4,羽毛球馆-10号,12:55-13:50,1,1,已售/已满,已售,多云,15,14,3,0.0,100,30
2026-05-21 04:30:45,2026-05-21,4,羽毛球馆-10号,12:55-13:50,1,1,已售/已满,已售,多云,15,12,4,0.0,100,29
2026-05-21 05:00:52,2026-05-21,4,羽毛球馆-10号,12:55-13:50,1,1,已售/已满,已售,多云,15,12,4,0.0,100,29
2026-05-21 05:30:49,2026-05-21,4,羽毛球馆-10号,12:55-13:50,1,1,已售/已满,已售,多云,15,13,3,0.0,100,28
2026-05-21 06:00:50,2026-05-21,4,羽毛球馆-10号,12:55-13:50,1,1,已售/已满,已售,多云,15,13,4,0.0,99,28
2026-05-21 06:30:38,2026-05-21,4,羽毛球馆-10号,12:55-13:50,1,1,已售/已满,已售,多云,15,13,3,0.0,97,28
2026-05-21 07:00:43,2026-05-21,4,羽毛球馆-10号,12:55-13:50,1,1,已售/已满,已售,晴,15,11,5,0.0,93,28
2026-05-21 07:30:39,2026-05-21,4,羽毛球馆-10号,12:55-13:50,1,1,已售/已满,已售,晴,17,13,4,0.0,89,29
2026-05-21 07:50:40,2026-05-21,4,羽毛球馆-10号,12:55-13:50,1,1,已售/已满,已售,晴,17,13,4,0.0,88,29
2026-05-21 07:53:31,2026-05-21,4,羽毛球馆-10号,12:55-13:50,1,1,已售/已满,已售,晴,17,12,5,0.0,86,29
2026-05-21 07:56:31,2026-05-21,4,羽毛球馆-10号,12:55-13:50,1,1,已售/已满,已售,晴,17,12,5,0.0,86,29
2026-05-21 07:59:26,2026-05-21,4,羽毛球馆-10号,12:55-13:50,1,1,已售/已满,已售,晴,17,12,5,0.0,86,29
2026-05-21 08:00:45,2026-05-21,4,羽毛球馆-10号,12:55-13:50,1,1,已售/已满,已售,晴,17,12,5,0.0,86,29
2026-05-21 08:02:30,2026-05-21,4,羽毛球馆-10号,12:55-13:50,1,1,已售/已满,已售,多云,17,12,5,0.0,87,29
2026-05-21 08:05:36,2026-05-21,4,羽毛球馆-10号,12:55-13:50,1,1,已售/已满,已售,多云,17,12,5,0.0,86,29
2026-05-21 08:08:31,2026-05-21,4,羽毛球馆-10号,12:55-13:50,1,1,已售/已满,已售,多云,17,12,5,0.0,86,29
2026-05-21 08:11:30,2026-05-21,4,羽毛球馆-10号,12:55-13:50,1,1,已售/已满,已售,多云,17,12,5,0.0,86,29
2026-05-21 08:14:31,2026-05-21,4,羽毛球馆-10号,12:55-13:50,1,1,已售/已满,已售,多云,17,12,5,0.0,86,29
2026-05-21 08:17:30,2026-05-21,4,羽毛球馆-10号,12:55-13:50,1,1,已售/已满,已售,多云,17,12,5,0.0,86,29
2026-05-21 08:20:35,2026-05-21,4,羽毛球馆-10号,12:55-13:50,1,1,已售/已满,已售,多云,17,14,4,0.0,85,29
2026-05-21 08:25:32,2026-05-21,4,羽毛球馆-10号,12:55-13:50,1,1,已售/已满,已售,多云,17,14,4,0.0,85,28
2026-05-21 08:30:42,2026-05-21,4,羽毛球馆-10号,12:55-13:50,1,1,已售/已满,已售,多云,18,15,4,0.0,84,28
2026-05-21 08:35:31,2026-05-21,4,羽毛球馆-10号,12:55-13:50,1,1,已售/已满,已售,多云,18,15,4,0.0,84,28
2026-05-21 08:40:38,2026-05-21,4,羽毛球馆-10号,12:55-13:50,1,1,已售/已满,已售,多云,18,15,4,0.0,82,28
2026-05-21 08:45:33,2026-05-21,4,羽毛球馆-10号,12:55-13:50,1,1,已售/已满,已售,多云,18,15,4,0.0,82,28
2026-05-21 08:50:36,2026-05-21,4,羽毛球馆-10号,12:55-13:50,1,1,已售/已满,已售,多云,18,15,4,0.0,82,28
2026-05-21 08:55:34,2026-05-21,4,羽毛球馆-10号,12:55-13:50,1,1,已售/已满,已售,多云,18,15,4,0.0,84,28
2026-05-21 09:00:51,2026-05-21,4,羽毛球馆-10号,12:55-13:50,1,1,已售/已满,已售,多云,18,15,4,0.0,84,28
2026-05-21 09:01:59,2026-05-21,4,羽毛球馆-10号,12:55-13:50,1,1,已售/已满,已售,多云,18,15,4,0.0,83,28
2026-05-21 09:05:33,2026-05-21,4,羽毛球馆-10号,12:55-13:50,1,1,已售/已满,已售,多云,18,15,4,0.0,83,28
2026-05-21 09:20:38,2026-05-21,4,羽毛球馆-10号,12:55-13:50,1,1,已售/已满,已售,多云,18,16,3,0.0,81,28
2026-05-21 09:30:46,2026-05-21,4,羽毛球馆-10号,12:55-13:50,1,1,已售/已满,已售,多云,18,16,3,0.0,81,32
2026-05-21 09:40:36,2026-05-21,4,羽毛球馆-10号,12:55-13:50,1,1,已售/已满,已售,多云,19,17,3,0.0,79,32
2026-05-21 09:50:42,2026-05-21,4,羽毛球馆-10号,12:55-13:50,1,1,已售/已满,已售,多云,19,17,4,0.0,81,32
2026-05-21 10:00:46,2026-05-21,4,羽毛球馆-10号,12:55-13:50,1,1,已售/已满,已售,多云,19,17,4,0.0,79,32
2026-05-21 10:10:40,2026-05-21,4,羽毛球馆-10号,12:55-13:50,1,1,已售/已满,已售,多云,19,17,4,0.0,79,32
2026-05-21 10:20:38,2026-05-21,4,羽毛球馆-10号,12:55-13:50,1,1,已售/已满,已售,多云,19,17,4,0.0,79,32
2026-05-21 10:30:41,2026-05-21,4,羽毛球馆-10号,12:55-13:50,1,1,已售/已满,已售,多云,19,18,3,0.0,78,31
2026-05-21 11:00:44,2026-05-21,4,羽毛球馆-10号,12:55-13:50,1,1,已售/已满,已售,多云,21,17,5,0.0,74,31
2026-05-21 11:30:38,2026-05-21,4,羽毛球馆-10号,12:55-13:50,1,1,已售/已满,已售,多云,21,19,3,0.0,72,33
2026-05-21 12:00:46,2026-05-21,4,羽毛球馆-10号,12:55-13:50,1,1,已售/已满,已售,多云,22,19,4,0.0,70,33
2026-05-21 12:30:42,2026-05-21,4,羽毛球馆-10号,12:55-13:50,1,1,已售/已满,已售,多云,22,21,3,0.0,68,35
2026-05-21 13:00:43,2026-05-21,4,羽毛球馆-10号,12:55-13:50,1,1,已售/已满,已售,多云,24,22,4,0.0,66,35
2026-05-21 13:30:43,2026-05-21,4,羽毛球馆-10号,12:55-13:50,1,1,已售/已满,已售,多云,24,22,4,0.0,66,36
2026-05-21 14:00:48,2026-05-21,4,羽毛球馆-10号,12:55-13:50,1,1,已售/已满,已售,多云,25,23,4,0.0,66,36
2026-05-21 14:30:45,2026-05-21,4,羽毛球馆-10号,12:55-13:50,1,1,已售/已满,已售,晴,25,25,3,0.0,65,39
2026-05-21 15:00:45,2026-05-21,4,羽毛球馆-10号,12:55-13:50,1,1,已售/已满,已售,晴,25,22,4,0.0,56,39
2026-05-21 15:30:43,2026-05-21,4,羽毛球馆-10号,12:55-13:50,1,1,已售/已满,已售,晴,25,23,4,0.0,57,40
2026-05-21 16:00:51,2026-05-21,4,羽毛球馆-10号,12:55-13:50,1,1,已售/已满,已售,晴,25,23,4,0.0,57,40
2026-05-21 16:30:48,2026-05-21,4,羽毛球馆-10号,12:55-13:50,1,1,已售/已满,已售,晴,25,24,3,0.0,60,39
2026-05-21 17:00:49,2026-05-21,4,羽毛球馆-10号,12:55-13:50,1,1,已售/已满,已售,晴,25,24,4,0.0,61,39
2026-05-21 17:30:47,2026-05-21,4,羽毛球馆-10号,12:55-13:50,1,1,已售/已满,已售,多云,24,23,3,0.0,64,39
2026-05-21 18:00:50,2026-05-21,4,羽毛球馆-10号,12:55-13:50,1,1,已售/已满,已售,多云,24,23,3,0.0,68,39
2026-05-21 18:30:50,2026-05-21,4,羽毛球馆-10号,12:55-13:50,1,1,已售/已满,已售,阴,24,25,2,0.0,68,40
2026-05-21 19:00:50,2026-05-21,4,羽毛球馆-10号,12:55-13:50,1,1,已售/已满,已售,阴,23,23,3,0.0,76,40
2026-05-21 19:30:46,2026-05-21,4,羽毛球馆-10号,12:55-13:50,1,1,已售/已满,已售,阴,23,24,2,0.0,77,39
2026-05-21 20:00:49,2026-05-21,4,羽毛球馆-10号,12:55-13:50,1,1,已售/已满,已售,雾,22,23,2,0.0,89,39
2026-05-21 20:30:44,2026-05-21,4,羽毛球馆-10号,12:55-13:50,1,1,已售/已满,已售,雾,22,24,2,0.0,93,43
2026-05-21 21:00:56,2026-05-21,4,羽毛球馆-10号,12:55-13:50,1,1,已售/已满,已售,雾,20,21,2,0.0,98,43
2026-05-21 21:30:46,2026-05-21,4,羽毛球馆-10号,12:55-13:50,1,1,已售/已满,已售,雾,20,22,1,0.0,99,41
2026-05-21 22:01:02,2026-05-21,4,羽毛球馆-10号,12:55-13:50,1,1,已售/已满,已售,雾,19,20,2,0.0,93,41
2026-05-21 22:30:47,2026-05-21,4,羽毛球馆-10号,12:55-13:50,1,1,已售/已满,已售,雾,19,19,3,0.0,88,46
2026-05-21 23:00:56,2026-05-21,4,羽毛球馆-10号,12:55-13:50,1,1,已售/已满,已售,多云,18,17,3,0.0,85,46
2026-05-21 23:30:55,2026-05-21,4,羽毛球馆-10号,12:55-13:50,1,1,已售/已满,已售,多云,18,17,3,0.0,85,48
2026-05-21 00:30:49,2026-05-21,4,羽毛球馆-10号,14:00-15:00,0,1,可预约,￥12.0,多云,15,13,3,0.0,100,26
2026-05-21 01:00:55,2026-05-21,4,羽毛球馆-10号,14:00-15:00,1,1,已售/已满,已售,多云,15,12,4,0.0,100,26
2026-05-21 01:30:47,2026-05-21,4,羽毛球馆-10号,14:00-15:00,1,1,已售/已满,已售,多云,15,13,4,0.0,100,28
2026-05-21 02:00:53,2026-05-21,4,羽毛球馆-10号,14:00-15:00,1,1,已售/已满,已售,多云,15,12,4,0.0,100,28
2026-05-21 02:30:49,2026-05-21,4,羽毛球馆-10号,14:00-15:00,1,1,已售/已满,已售,多云,15,14,3,0.0,100,29
2026-05-21 03:00:55,2026-05-21,4,羽毛球馆-10号,14:00-15:00,1,1,已售/已满,已售,多云,15,12,4,0.0,100,29
2026-05-21 03:30:49,2026-05-21,4,羽毛球馆-10号,14:00-15:00,1,1,已售/已满,已售,多云,15,14,3,0.0,100,30
2026-05-21 04:30:45,2026-05-21,4,羽毛球馆-10号,14:00-15:00,1,1,已售/已满,已售,多云,15,12,4,0.0,100,29
2026-05-21 05:00:52,2026-05-21,4,羽毛球馆-10号,14:00-15:00,1,1,已售/已满,已售,多云,15,12,4,0.0,100,29
2026-05-21 05:30:49,2026-05-21,4,羽毛球馆-10号,14:00-15:00,1,1,已售/已满,已售,多云,15,13,3,0.0,100,28
2026-05-21 06:00:50,2026-05-21,4,羽毛球馆-10号,14:00-15:00,1,1,已售/已满,已售,多云,15,13,4,0.0,99,28
2026-05-21 06:30:38,2026-05-21,4,羽毛球馆-10号,14:00-15:00,1,1,已售/已满,已售,多云,15,13,3,0.0,97,28
2026-05-21 07:00:43,2026-05-21,4,羽毛球馆-10号,14:00-15:00,1,1,已售/已满,已售,晴,15,11,5,0.0,93,28
2026-05-21 07:30:39,2026-05-21,4,羽毛球馆-10号,14:00-15:00,1,1,已售/已满,已售,晴,17,13,4,0.0,89,29
2026-05-21 07:50:40,2026-05-21,4,羽毛球馆-10号,14:00-15:00,1,1,已售/已满,已售,晴,17,13,4,0.0,88,29
2026-05-21 07:53:31,2026-05-21,4,羽毛球馆-10号,14:00-15:00,1,1,已售/已满,已售,晴,17,12,5,0.0,86,29
2026-05-21 07:56:31,2026-05-21,4,羽毛球馆-10号,14:00-15:00,1,1,已售/已满,已售,晴,17,12,5,0.0,86,29
2026-05-21 07:59:26,2026-05-21,4,羽毛球馆-10号,14:00-15:00,1,1,已售/已满,已售,晴,17,12,5,0.0,86,29
2026-05-21 08:00:45,2026-05-21,4,羽毛球馆-10号,14:00-15:00,1,1,已售/已满,已售,晴,17,12,5,0.0,86,29
2026-05-21 08:02:30,2026-05-21,4,羽毛球馆-10号,14:00-15:00,1,1,已售/已满,已售,多云,17,12,5,0.0,87,29
2026-05-21 08:05:36,2026-05-21,4,羽毛球馆-10号,14:00-15:00,1,1,已售/已满,已售,多云,17,12,5,0.0,86,29
2026-05-21 08:08:31,2026-05-21,4,羽毛球馆-10号,14:00-15:00,1,1,已售/已满,已售,多云,17,12,5,0.0,86,29
2026-05-21 08:11:30,2026-05-21,4,羽毛球馆-10号,14:00-15:00,1,1,已售/已满,已售,多云,17,12,5,0.0,86,29
2026-05-21 08:14:31,2026-05-21,4,羽毛球馆-10号,14:00-15:00,1,1,已售/已满,已售,多云,17,12,5,0.0,86,29
2026-05-21 08:17:30,2026-05-21,4,羽毛球馆-10号,14:00-15:00,1,1,已售/已满,已售,多云,17,12,5,0.0,86,29
2026-05-21 08:20:35,2026-05-21,4,羽毛球馆-10号,14:00-15:00,1,1,已售/已满,已售,多云,17,14,4,0.0,85,29
2026-05-21 08:25:32,2026-05-21,4,羽毛球馆-10号,14:00-15:00,1,1,已售/已满,已售,多云,17,14,4,0.0,85,28
2026-05-21 08:30:42,2026-05-21,4,羽毛球馆-10号,14:00-15:00,1,1,已售/已满,已售,多云,18,15,4,0.0,84,28
2026-05-21 08:35:31,2026-05-21,4,羽毛球馆-10号,14:00-15:00,1,1,已售/已满,已售,多云,18,15,4,0.0,84,28
2026-05-21 08:40:38,2026-05-21,4,羽毛球馆-10号,14:00-15:00,1,1,已售/已满,已售,多云,18,15,4,0.0,82,28
2026-05-21 08:45:33,2026-05-21,4,羽毛球馆-10号,14:00-15:00,1,1,已售/已满,已售,多云,18,15,4,0.0,82,28
2026-05-21 08:50:36,2026-05-21,4,羽毛球馆-10号,14:00-15:00,1,1,已售/已满,已售,多云,18,15,4,0.0,82,28
2026-05-21 08:55:34,2026-05-21,4,羽毛球馆-10号,14:00-15:00,1,1,已售/已满,已售,多云,18,15,4,0.0,84,28
2026-05-21 09:00:51,2026-05-21,4,羽毛球馆-10号,14:00-15:00,1,1,已售/已满,已售,多云,18,15,4,0.0,84,28
2026-05-21 09:01:59,2026-05-21,4,羽毛球馆-10号,14:00-15:00,1,1,已售/已满,已售,多云,18,15,4,0.0,83,28
2026-05-21 09:05:33,2026-05-21,4,羽毛球馆-10号,14:00-15:00,1,1,已售/已满,已售,多云,18,15,4,0.0,83,28
2026-05-21 09:20:38,2026-05-21,4,羽毛球馆-10号,14:00-15:00,1,1,已售/已满,已售,多云,18,16,3,0.0,81,28
2026-05-21 09:30:46,2026-05-21,4,羽毛球馆-10号,14:00-15:00,1,1,已售/已满,已售,多云,18,16,3,0.0,81,32
2026-05-21 09:40:36,2026-05-21,4,羽毛球馆-10号,14:00-15:00,1,1,已售/已满,已售,多云,19,17,3,0.0,79,32
2026-05-21 09:50:42,2026-05-21,4,羽毛球馆-10号,14:00-15:00,1,1,已售/已满,已售,多云,19,17,4,0.0,81,32
2026-05-21 10:00:46,2026-05-21,4,羽毛球馆-10号,14:00-15:00,1,1,已售/已满,已售,多云,19,17,4,0.0,79,32
2026-05-21 10:10:40,2026-05-21,4,羽毛球馆-10号,14:00-15:00,1,1,已售/已满,已售,多云,19,17,4,0.0,79,32
2026-05-21 10:20:38,2026-05-21,4,羽毛球馆-10号,14:00-15:00,1,1,已售/已满,已售,多云,19,17,4,0.0,79,32
2026-05-21 10:30:41,2026-05-21,4,羽毛球馆-10号,14:00-15:00,1,1,已售/已满,已售,多云,19,18,3,0.0,78,31
2026-05-21 11:00:44,2026-05-21,4,羽毛球馆-10号,14:00-15:00,0,1,可预约,￥12.0,多云,21,17,5,0.0,74,31
2026-05-21 11:30:38,2026-05-21,4,羽毛球馆-10号,14:00-15:00,0,1,可预约,￥12.0,多云,21,19,3,0.0,72,33
2026-05-21 12:00:46,2026-05-21,4,羽毛球馆-10号,14:00-15:00,0,1,可预约,￥12.0,多云,22,19,4,0.0,70,33
2026-05-21 12:30:42,2026-05-21,4,羽毛球馆-10号,14:00-15:00,0,1,可预约,￥12.0,多云,22,21,3,0.0,68,35
2026-05-21 13:00:43,2026-05-21,4,羽毛球馆-10号,14:00-15:00,0,1,可预约,￥12.0,多云,24,22,4,0.0,66,35
2026-05-21 13:30:43,2026-05-21,4,羽毛球馆-10号,14:00-15:00,0,1,可预约,￥12.0,多云,24,22,4,0.0,66,36
2026-05-21 14:00:48,2026-05-21,4,羽毛球馆-10号,14:00-15:00,0,1,可预约,￥12.0,多云,25,23,4,0.0,66,36
2026-05-21 14:30:45,2026-05-21,4,羽毛球馆-10号,14:00-15:00,0,1,可预约,￥12.0,晴,25,25,3,0.0,65,39
2026-05-21 15:00:45,2026-05-21,4,羽毛球馆-10号,14:00-15:00,0,1,不开放/已过期,,晴,25,22,4,0.0,56,39
2026-05-21 15:30:43,2026-05-21,4,羽毛球馆-10号,14:00-15:00,0,1,不开放/已过期,,晴,25,23,4,0.0,57,40
2026-05-21 16:00:51,2026-05-21,4,羽毛球馆-10号,14:00-15:00,0,1,不开放/已过期,,晴,25,23,4,0.0,57,40
2026-05-21 16:30:48,2026-05-21,4,羽毛球馆-10号,14:00-15:00,0,1,不开放/已过期,,晴,25,24,3,0.0,60,39
2026-05-21 17:00:49,2026-05-21,4,羽毛球馆-10号,14:00-15:00,0,1,不开放/已过期,,晴,25,24,4,0.0,61,39
2026-05-21 17:30:47,2026-05-21,4,羽毛球馆-10号,14:00-15:00,0,1,不开放/已过期,,多云,24,23,3,0.0,64,39
2026-05-21 18:00:50,2026-05-21,4,羽毛球馆-10号,14:00-15:00,0,1,不开放/已过期,,多云,24,23,3,0.0,68,39
2026-05-21 18:30:50,2026-05-21,4,羽毛球馆-10号,14:00-15:00,0,1,不开放/已过期,,阴,24,25,2,0.0,68,40
2026-05-21 19:00:50,2026-05-21,4,羽毛球馆-10号,14:00-15:00,0,1,不开放/已过期,,阴,23,23,3,0.0,76,40
2026-05-21 19:30:46,2026-05-21,4,羽毛球馆-10号,14:00-15:00,0,1,不开放/已过期,,阴,23,24,2,0.0,77,39
2026-05-21 20:00:49,2026-05-21,4,羽毛球馆-10号,14:00-15:00,0,1,不开放/已过期,,雾,22,23,2,0.0,89,39
2026-05-21 20:30:44,2026-05-21,4,羽毛球馆-10号,14:00-15:00,0,1,不开放/已过期,,雾,22,24,2,0.0,93,43
2026-05-21 21:00:56,2026-05-21,4,羽毛球馆-10号,14:00-15:00,0,1,不开放/已过期,,雾,20,21,2,0.0,98,43
2026-05-21 21:30:46,2026-05-21,4,羽毛球馆-10号,14:00-15:00,0,1,不开放/已过期,,雾,20,22,1,0.0,99,41
2026-05-21 22:01:02,2026-05-21,4,羽毛球馆-10号,14:00-15:00,0,1,不开放/已过期,,雾,19,20,2,0.0,93,41
2026-05-21 22:30:47,2026-05-21,4,羽毛球馆-10号,14:00-15:00,0,1,不开放/已过期,,雾,19,19,3,0.0,88,46
2026-05-21 23:00:56,2026-05-21,4,羽毛球馆-10号,14:00-15:00,0,1,不开放/已过期,,多云,18,17,3,0.0,85,46
2026-05-21 23:30:55,2026-05-21,4,羽毛球馆-10号,14:00-15:00,0,1,不开放/已过期,,多云,18,17,3,0.0,85,48
2026-05-21 00:30:49,2026-05-21,4,羽毛球馆-10号,15:00-16:00,0,1,可预约,￥12.0,多云,15,13,3,0.0,100,26
2026-05-21 01:00:55,2026-05-21,4,羽毛球馆-10号,15:00-16:00,1,1,已售/已满,已售,多云,15,12,4,0.0,100,26
2026-05-21 01:30:47,2026-05-21,4,羽毛球馆-10号,15:00-16:00,1,1,已售/已满,已售,多云,15,13,4,0.0,100,28
2026-05-21 02:00:53,2026-05-21,4,羽毛球馆-10号,15:00-16:00,1,1,已售/已满,已售,多云,15,12,4,0.0,100,28
2026-05-21 02:30:49,2026-05-21,4,羽毛球馆-10号,15:00-16:00,1,1,已售/已满,已售,多云,15,14,3,0.0,100,29
2026-05-21 03:00:55,2026-05-21,4,羽毛球馆-10号,15:00-16:00,1,1,已售/已满,已售,多云,15,12,4,0.0,100,29
2026-05-21 03:30:49,2026-05-21,4,羽毛球馆-10号,15:00-16:00,1,1,已售/已满,已售,多云,15,14,3,0.0,100,30
2026-05-21 04:30:45,2026-05-21,4,羽毛球馆-10号,15:00-16:00,1,1,已售/已满,已售,多云,15,12,4,0.0,100,29
2026-05-21 05:00:52,2026-05-21,4,羽毛球馆-10号,15:00-16:00,1,1,已售/已满,已售,多云,15,12,4,0.0,100,29
2026-05-21 05:30:49,2026-05-21,4,羽毛球馆-10号,15:00-16:00,1,1,已售/已满,已售,多云,15,13,3,0.0,100,28
2026-05-21 06:00:50,2026-05-21,4,羽毛球馆-10号,15:00-16:00,1,1,已售/已满,已售,多云,15,13,4,0.0,99,28
2026-05-21 06:30:38,2026-05-21,4,羽毛球馆-10号,15:00-16:00,1,1,已售/已满,已售,多云,15,13,3,0.0,97,28
2026-05-21 07:00:43,2026-05-21,4,羽毛球馆-10号,15:00-16:00,1,1,已售/已满,已售,晴,15,11,5,0.0,93,28
2026-05-21 07:30:39,2026-05-21,4,羽毛球馆-10号,15:00-16:00,1,1,已售/已满,已售,晴,17,13,4,0.0,89,29
2026-05-21 07:50:40,2026-05-21,4,羽毛球馆-10号,15:00-16:00,1,1,已售/已满,已售,晴,17,13,4,0.0,88,29
2026-05-21 07:53:31,2026-05-21,4,羽毛球馆-10号,15:00-16:00,1,1,已售/已满,已售,晴,17,12,5,0.0,86,29
2026-05-21 07:56:31,2026-05-21,4,羽毛球馆-10号,15:00-16:00,1,1,已售/已满,已售,晴,17,12,5,0.0,86,29
2026-05-21 07:59:26,2026-05-21,4,羽毛球馆-10号,15:00-16:00,1,1,已售/已满,已售,晴,17,12,5,0.0,86,29
2026-05-21 08:00:45,2026-05-21,4,羽毛球馆-10号,15:00-16:00,1,1,已售/已满,已售,晴,17,12,5,0.0,86,29
2026-05-21 08:02:30,2026-05-21,4,羽毛球馆-10号,15:00-16:00,1,1,已售/已满,已售,多云,17,12,5,0.0,87,29
2026-05-21 08:05:36,2026-05-21,4,羽毛球馆-10号,15:00-16:00,1,1,已售/已满,已售,多云,17,12,5,0.0,86,29
2026-05-21 08:08:31,2026-05-21,4,羽毛球馆-10号,15:00-16:00,1,1,已售/已满,已售,多云,17,12,5,0.0,86,29
2026-05-21 08:11:30,2026-05-21,4,羽毛球馆-10号,15:00-16:00,1,1,已售/已满,已售,多云,17,12,5,0.0,86,29
2026-05-21 08:14:31,2026-05-21,4,羽毛球馆-10号,15:00-16:00,1,1,已售/已满,已售,多云,17,12,5,0.0,86,29
2026-05-21 08:17:30,2026-05-21,4,羽毛球馆-10号,15:00-16:00,1,1,已售/已满,已售,多云,17,12,5,0.0,86,29
2026-05-21 08:20:35,2026-05-21,4,羽毛球馆-10号,15:00-16:00,1,1,已售/已满,已售,多云,17,14,4,0.0,85,29
2026-05-21 08:25:32,2026-05-21,4,羽毛球馆-10号,15:00-16:00,1,1,已售/已满,已售,多云,17,14,4,0.0,85,28
2026-05-21 08:30:42,2026-05-21,4,羽毛球馆-10号,15:00-16:00,1,1,已售/已满,已售,多云,18,15,4,0.0,84,28
2026-05-21 08:35:31,2026-05-21,4,羽毛球馆-10号,15:00-16:00,1,1,已售/已满,已售,多云,18,15,4,0.0,84,28
2026-05-21 08:40:38,2026-05-21,4,羽毛球馆-10号,15:00-16:00,1,1,已售/已满,已售,多云,18,15,4,0.0,82,28
2026-05-21 08:45:33,2026-05-21,4,羽毛球馆-10号,15:00-16:00,1,1,已售/已满,已售,多云,18,15,4,0.0,82,28
2026-05-21 08:50:36,2026-05-21,4,羽毛球馆-10号,15:00-16:00,1,1,已售/已满,已售,多云,18,15,4,0.0,82,28
2026-05-21 08:55:34,2026-05-21,4,羽毛球馆-10号,15:00-16:00,1,1,已售/已满,已售,多云,18,15,4,0.0,84,28
2026-05-21 09:00:51,2026-05-21,4,羽毛球馆-10号,15:00-16:00,1,1,已售/已满,已售,多云,18,15,4,0.0,84,28
2026-05-21 09:01:59,2026-05-21,4,羽毛球馆-10号,15:00-16:00,1,1,已售/已满,已售,多云,18,15,4,0.0,83,28
2026-05-21 09:05:33,2026-05-21,4,羽毛球馆-10号,15:00-16:00,1,1,已售/已满,已售,多云,18,15,4,0.0,83,28
2026-05-21 09:20:38,2026-05-21,4,羽毛球馆-10号,15:00-16:00,1,1,已售/已满,已售,多云,18,16,3,0.0,81,28
2026-05-21 09:30:46,2026-05-21,4,羽毛球馆-10号,15:00-16:00,1,1,已售/已满,已售,多云,18,16,3,0.0,81,32
2026-05-21 09:40:36,2026-05-21,4,羽毛球馆-10号,15:00-16:00,1,1,已售/已满,已售,多云,19,17,3,0.0,79,32
2026-05-21 09:50:42,2026-05-21,4,羽毛球馆-10号,15:00-16:00,1,1,已售/已满,已售,多云,19,17,4,0.0,81,32
2026-05-21 10:00:46,2026-05-21,4,羽毛球馆-10号,15:00-16:00,1,1,已售/已满,已售,多云,19,17,4,0.0,79,32
2026-05-21 10:10:40,2026-05-21,4,羽毛球馆-10号,15:00-16:00,1,1,已售/已满,已售,多云,19,17,4,0.0,79,32
2026-05-21 10:20:38,2026-05-21,4,羽毛球馆-10号,15:00-16:00,1,1,已售/已满,已售,多云,19,17,4,0.0,79,32
2026-05-21 10:30:41,2026-05-21,4,羽毛球馆-10号,15:00-16:00,1,1,已售/已满,已售,多云,19,18,3,0.0,78,31
2026-05-21 11:00:44,2026-05-21,4,羽毛球馆-10号,15:00-16:00,1,1,已售/已满,已售,多云,21,17,5,0.0,74,31
2026-05-21 11:30:38,2026-05-21,4,羽毛球馆-10号,15:00-16:00,1,1,已售/已满,已售,多云,21,19,3,0.0,72,33
2026-05-21 12:00:46,2026-05-21,4,羽毛球馆-10号,15:00-16:00,1,1,已售/已满,已售,多云,22,19,4,0.0,70,33
2026-05-21 12:30:42,2026-05-21,4,羽毛球馆-10号,15:00-16:00,1,1,已售/已满,已售,多云,22,21,3,0.0,68,35
2026-05-21 13:00:43,2026-05-21,4,羽毛球馆-10号,15:00-16:00,1,1,已售/已满,已售,多云,24,22,4,0.0,66,35
2026-05-21 13:30:43,2026-05-21,4,羽毛球馆-10号,15:00-16:00,1,1,已售/已满,已售,多云,24,22,4,0.0,66,36
2026-05-21 14:00:48,2026-05-21,4,羽毛球馆-10号,15:00-16:00,1,1,已售/已满,已售,多云,25,23,4,0.0,66,36
2026-05-21 14:30:45,2026-05-21,4,羽毛球馆-10号,15:00-16:00,1,1,已售/已满,已售,晴,25,25,3,0.0,65,39
2026-05-21 15:00:45,2026-05-21,4,羽毛球馆-10号,15:00-16:00,1,1,已售/已满,已售,晴,25,22,4,0.0,56,39
2026-05-21 15:30:43,2026-05-21,4,羽毛球馆-10号,15:00-16:00,1,1,已售/已满,已售,晴,25,23,4,0.0,57,40
2026-05-21 16:00:51,2026-05-21,4,羽毛球馆-10号,15:00-16:00,1,1,已售/已满,已售,晴,25,23,4,0.0,57,40
2026-05-21 16:30:48,2026-05-21,4,羽毛球馆-10号,15:00-16:00,1,1,已售/已满,已售,晴,25,24,3,0.0,60,39
2026-05-21 17:00:49,2026-05-21,4,羽毛球馆-10号,15:00-16:00,1,1,已售/已满,已售,晴,25,24,4,0.0,61,39
2026-05-21 17:30:47,2026-05-21,4,羽毛球馆-10号,15:00-16:00,1,1,已售/已满,已售,多云,24,23,3,0.0,64,39
2026-05-21 18:00:50,2026-05-21,4,羽毛球馆-10号,15:00-16:00,1,1,已售/已满,已售,多云,24,23,3,0.0,68,39
2026-05-21 18:30:50,2026-05-21,4,羽毛球馆-10号,15:00-16:00,1,1,已售/已满,已售,阴,24,25,2,0.0,68,40
2026-05-21 19:00:50,2026-05-21,4,羽毛球馆-10号,15:00-16:00,1,1,已售/已满,已售,阴,23,23,3,0.0,76,40
2026-05-21 19:30:46,2026-05-21,4,羽毛球馆-10号,15:00-16:00,1,1,已售/已满,已售,阴,23,24,2,0.0,77,39
2026-05-21 20:00:49,2026-05-21,4,羽毛球馆-10号,15:00-16:00,1,1,已售/已满,已售,雾,22,23,2,0.0,89,39
2026-05-21 20:30:44,2026-05-21,4,羽毛球馆-10号,15:00-16:00,1,1,已售/已满,已售,雾,22,24,2,0.0,93,43
2026-05-21 21:00:56,2026-05-21,4,羽毛球馆-10号,15:00-16:00,1,1,已售/已满,已售,雾,20,21,2,0.0,98,43
2026-05-21 21:30:46,2026-05-21,4,羽毛球馆-10号,15:00-16:00,1,1,已售/已满,已售,雾,20,22,1,0.0,99,41
2026-05-21 22:01:02,2026-05-21,4,羽毛球馆-10号,15:00-16:00,1,1,已售/已满,已售,雾,19,20,2,0.0,93,41
2026-05-21 22:30:47,2026-05-21,4,羽毛球馆-10号,15:00-16:00,1,1,已售/已满,已售,雾,19,19,3,0.0,88,46
2026-05-21 23:00:56,2026-05-21,4,羽毛球馆-10号,15:00-16:00,1,1,已售/已满,已售,多云,18,17,3,0.0,85,46
2026-05-21 23:30:55,2026-05-21,4,羽毛球馆-10号,15:00-16:00,1,1,已售/已满,已售,多云,18,17,3,0.0,85,48
2026-05-21 00:30:49,2026-05-21,4,羽毛球馆-10号,16:00-17:00,1,1,已售/已满,已售,多云,15,13,3,0.0,100,26
2026-05-21 01:00:55,2026-05-21,4,羽毛球馆-10号,16:00-17:00,1,1,已售/已满,已售,多云,15,12,4,0.0,100,26
2026-05-21 01:30:47,2026-05-21,4,羽毛球馆-10号,16:00-17:00,1,1,已售/已满,已售,多云,15,13,4,0.0,100,28
2026-05-21 02:00:53,2026-05-21,4,羽毛球馆-10号,16:00-17:00,1,1,已售/已满,已售,多云,15,12,4,0.0,100,28
2026-05-21 02:30:49,2026-05-21,4,羽毛球馆-10号,16:00-17:00,1,1,已售/已满,已售,多云,15,14,3,0.0,100,29
2026-05-21 03:00:55,2026-05-21,4,羽毛球馆-10号,16:00-17:00,1,1,已售/已满,已售,多云,15,12,4,0.0,100,29
2026-05-21 03:30:49,2026-05-21,4,羽毛球馆-10号,16:00-17:00,1,1,已售/已满,已售,多云,15,14,3,0.0,100,30
2026-05-21 04:30:45,2026-05-21,4,羽毛球馆-10号,16:00-17:00,1,1,已售/已满,已售,多云,15,12,4,0.0,100,29
2026-05-21 05:00:52,2026-05-21,4,羽毛球馆-10号,16:00-17:00,1,1,已售/已满,已售,多云,15,12,4,0.0,100,29
2026-05-21 05:30:49,2026-05-21,4,羽毛球馆-10号,16:00-17:00,1,1,已售/已满,已售,多云,15,13,3,0.0,100,28
2026-05-21 06:00:50,2026-05-21,4,羽毛球馆-10号,16:00-17:00,1,1,已售/已满,已售,多云,15,13,4,0.0,99,28
2026-05-21 06:30:38,2026-05-21,4,羽毛球馆-10号,16:00-17:00,1,1,已售/已满,已售,多云,15,13,3,0.0,97,28
2026-05-21 07:00:43,2026-05-21,4,羽毛球馆-10号,16:00-17:00,1,1,已售/已满,已售,晴,15,11,5,0.0,93,28
2026-05-21 07:30:39,2026-05-21,4,羽毛球馆-10号,16:00-17:00,1,1,已售/已满,已售,晴,17,13,4,0.0,89,29
2026-05-21 07:50:40,2026-05-21,4,羽毛球馆-10号,16:00-17:00,1,1,已售/已满,已售,晴,17,13,4,0.0,88,29
2026-05-21 07:53:31,2026-05-21,4,羽毛球馆-10号,16:00-17:00,1,1,已售/已满,已售,晴,17,12,5,0.0,86,29
2026-05-21 07:56:31,2026-05-21,4,羽毛球馆-10号,16:00-17:00,1,1,已售/已满,已售,晴,17,12,5,0.0,86,29
2026-05-21 07:59:26,2026-05-21,4,羽毛球馆-10号,16:00-17:00,1,1,已售/已满,已售,晴,17,12,5,0.0,86,29
2026-05-21 08:00:45,2026-05-21,4,羽毛球馆-10号,16:00-17:00,1,1,已售/已满,已售,晴,17,12,5,0.0,86,29
2026-05-21 08:02:30,2026-05-21,4,羽毛球馆-10号,16:00-17:00,1,1,已售/已满,已售,多云,17,12,5,0.0,87,29
2026-05-21 08:05:36,2026-05-21,4,羽毛球馆-10号,16:00-17:00,1,1,已售/已满,已售,多云,17,12,5,0.0,86,29
2026-05-21 08:08:31,2026-05-21,4,羽毛球馆-10号,16:00-17:00,1,1,已售/已满,已售,多云,17,12,5,0.0,86,29
2026-05-21 08:11:30,2026-05-21,4,羽毛球馆-10号,16:00-17:00,1,1,已售/已满,已售,多云,17,12,5,0.0,86,29
2026-05-21 08:14:31,2026-05-21,4,羽毛球馆-10号,16:00-17:00,1,1,已售/已满,已售,多云,17,12,5,0.0,86,29
2026-05-21 08:17:30,2026-05-21,4,羽毛球馆-10号,16:00-17:00,1,1,已售/已满,已售,多云,17,12,5,0.0,86,29
2026-05-21 08:20:35,2026-05-21,4,羽毛球馆-10号,16:00-17:00,1,1,已售/已满,已售,多云,17,14,4,0.0,85,29
2026-05-21 08:25:32,2026-05-21,4,羽毛球馆-10号,16:00-17:00,1,1,已售/已满,已售,多云,17,14,4,0.0,85,28
2026-05-21 08:30:42,2026-05-21,4,羽毛球馆-10号,16:00-17:00,1,1,已售/已满,已售,多云,18,15,4,0.0,84,28
2026-05-21 08:35:31,2026-05-21,4,羽毛球馆-10号,16:00-17:00,1,1,已售/已满,已售,多云,18,15,4,0.0,84,28
2026-05-21 08:40:38,2026-05-21,4,羽毛球馆-10号,16:00-17:00,1,1,已售/已满,已售,多云,18,15,4,0.0,82,28
2026-05-21 08:45:33,2026-05-21,4,羽毛球馆-10号,16:00-17:00,1,1,已售/已满,已售,多云,18,15,4,0.0,82,28
2026-05-21 08:50:36,2026-05-21,4,羽毛球馆-10号,16:00-17:00,1,1,已售/已满,已售,多云,18,15,4,0.0,82,28
2026-05-21 08:55:34,2026-05-21,4,羽毛球馆-10号,16:00-17:00,1,1,已售/已满,已售,多云,18,15,4,0.0,84,28
2026-05-21 09:00:51,2026-05-21,4,羽毛球馆-10号,16:00-17:00,1,1,已售/已满,已售,多云,18,15,4,0.0,84,28
2026-05-21 09:01:59,2026-05-21,4,羽毛球馆-10号,16:00-17:00,1,1,已售/已满,已售,多云,18,15,4,0.0,83,28
2026-05-21 09:05:33,2026-05-21,4,羽毛球馆-10号,16:00-17:00,1,1,已售/已满,已售,多云,18,15,4,0.0,83,28
2026-05-21 09:20:38,2026-05-21,4,羽毛球馆-10号,16:00-17:00,1,1,已售/已满,已售,多云,18,16,3,0.0,81,28
2026-05-21 09:30:46,2026-05-21,4,羽毛球馆-10号,16:00-17:00,1,1,已售/已满,已售,多云,18,16,3,0.0,81,32
2026-05-21 09:40:36,2026-05-21,4,羽毛球馆-10号,16:00-17:00,1,1,已售/已满,已售,多云,19,17,3,0.0,79,32
2026-05-21 09:50:42,2026-05-21,4,羽毛球馆-10号,16:00-17:00,1,1,已售/已满,已售,多云,19,17,4,0.0,81,32
2026-05-21 10:00:46,2026-05-21,4,羽毛球馆-10号,16:00-17:00,1,1,已售/已满,已售,多云,19,17,4,0.0,79,32
2026-05-21 10:10:40,2026-05-21,4,羽毛球馆-10号,16:00-17:00,1,1,已售/已满,已售,多云,19,17,4,0.0,79,32
2026-05-21 10:20:38,2026-05-21,4,羽毛球馆-10号,16:00-17:00,1,1,已售/已满,已售,多云,19,17,4,0.0,79,32
2026-05-21 10:30:41,2026-05-21,4,羽毛球馆-10号,16:00-17:00,1,1,已售/已满,已售,多云,19,18,3,0.0,78,31
2026-05-21 11:00:44,2026-05-21,4,羽毛球馆-10号,16:00-17:00,1,1,已售/已满,已售,多云,21,17,5,0.0,74,31
2026-05-21 11:30:38,2026-05-21,4,羽毛球馆-10号,16:00-17:00,1,1,已售/已满,已售,多云,21,19,3,0.0,72,33
2026-05-21 12:00:46,2026-05-21,4,羽毛球馆-10号,16:00-17:00,1,1,已售/已满,已售,多云,22,19,4,0.0,70,33
2026-05-21 12:30:42,2026-05-21,4,羽毛球馆-10号,16:00-17:00,1,1,已售/已满,已售,多云,22,21,3,0.0,68,35
2026-05-21 13:00:43,2026-05-21,4,羽毛球馆-10号,16:00-17:00,1,1,已售/已满,已售,多云,24,22,4,0.0,66,35
2026-05-21 13:30:43,2026-05-21,4,羽毛球馆-10号,16:00-17:00,1,1,已售/已满,已售,多云,24,22,4,0.0,66,36
2026-05-21 14:00:48,2026-05-21,4,羽毛球馆-10号,16:00-17:00,1,1,已售/已满,已售,多云,25,23,4,0.0,66,36
2026-05-21 14:30:45,2026-05-21,4,羽毛球馆-10号,16:00-17:00,1,1,已售/已满,已售,晴,25,25,3,0.0,65,39
2026-05-21 15:00:45,2026-05-21,4,羽毛球馆-10号,16:00-17:00,1,1,已售/已满,已售,晴,25,22,4,0.0,56,39
2026-05-21 15:30:43,2026-05-21,4,羽毛球馆-10号,16:00-17:00,1,1,已售/已满,已售,晴,25,23,4,0.0,57,40
2026-05-21 16:00:51,2026-05-21,4,羽毛球馆-10号,16:00-17:00,1,1,已售/已满,已售,晴,25,23,4,0.0,57,40
2026-05-21 16:30:48,2026-05-21,4,羽毛球馆-10号,16:00-17:00,1,1,已售/已满,已售,晴,25,24,3,0.0,60,39
2026-05-21 17:00:49,2026-05-21,4,羽毛球馆-10号,16:00-17:00,1,1,已售/已满,已售,晴,25,24,4,0.0,61,39
2026-05-21 17:30:47,2026-05-21,4,羽毛球馆-10号,16:00-17:00,1,1,已售/已满,已售,多云,24,23,3,0.0,64,39
2026-05-21 18:00:50,2026-05-21,4,羽毛球馆-10号,16:00-17:00,1,1,已售/已满,已售,多云,24,23,3,0.0,68,39
2026-05-21 18:30:50,2026-05-21,4,羽毛球馆-10号,16:00-17:00,1,1,已售/已满,已售,阴,24,25,2,0.0,68,40
2026-05-21 19:00:50,2026-05-21,4,羽毛球馆-10号,16:00-17:00,1,1,已售/已满,已售,阴,23,23,3,0.0,76,40
2026-05-21 19:30:46,2026-05-21,4,羽毛球馆-10号,16:00-17:00,1,1,已售/已满,已售,阴,23,24,2,0.0,77,39
2026-05-21 20:00:49,2026-05-21,4,羽毛球馆-10号,16:00-17:00,1,1,已售/已满,已售,雾,22,23,2,0.0,89,39
2026-05-21 20:30:44,2026-05-21,4,羽毛球馆-10号,16:00-17:00,1,1,已售/已满,已售,雾,22,24,2,0.0,93,43
2026-05-21 21:00:56,2026-05-21,4,羽毛球馆-10号,16:00-17:00,1,1,已售/已满,已售,雾,20,21,2,0.0,98,43
2026-05-21 21:30:46,2026-05-21,4,羽毛球馆-10号,16:00-17:00,1,1,已售/已满,已售,雾,20,22,1,0.0,99,41
2026-05-21 22:01:02,2026-05-21,4,羽毛球馆-10号,16:00-17:00,1,1,已售/已满,已售,雾,19,20,2,0.0,93,41
2026-05-21 22:30:47,2026-05-21,4,羽毛球馆-10号,16:00-17:00,1,1,已售/已满,已售,雾,19,19,3,0.0,88,46
2026-05-21 23:00:56,2026-05-21,4,羽毛球馆-10号,16:00-17:00,1,1,已售/已满,已售,多云,18,17,3,0.0,85,46
2026-05-21 23:30:55,2026-05-21,4,羽毛球馆-10号,16:00-17:00,1,1,已售/已满,已售,多云,18,17,3,0.0,85,48
2026-05-21 00:30:49,2026-05-21,4,羽毛球馆-10号,17:00-18:00,1,1,已售/已满,已售,多云,15,13,3,0.0,100,26
2026-05-21 01:00:55,2026-05-21,4,羽毛球馆-10号,17:00-18:00,1,1,已售/已满,已售,多云,15,12,4,0.0,100,26
2026-05-21 01:30:47,2026-05-21,4,羽毛球馆-10号,17:00-18:00,1,1,已售/已满,已售,多云,15,13,4,0.0,100,28
2026-05-21 02:00:53,2026-05-21,4,羽毛球馆-10号,17:00-18:00,1,1,已售/已满,已售,多云,15,12,4,0.0,100,28
2026-05-21 02:30:49,2026-05-21,4,羽毛球馆-10号,17:00-18:00,1,1,已售/已满,已售,多云,15,14,3,0.0,100,29
2026-05-21 03:00:55,2026-05-21,4,羽毛球馆-10号,17:00-18:00,1,1,已售/已满,已售,多云,15,12,4,0.0,100,29
2026-05-21 03:30:49,2026-05-21,4,羽毛球馆-10号,17:00-18:00,1,1,已售/已满,已售,多云,15,14,3,0.0,100,30
2026-05-21 04:30:45,2026-05-21,4,羽毛球馆-10号,17:00-18:00,1,1,已售/已满,已售,多云,15,12,4,0.0,100,29
2026-05-21 05:00:52,2026-05-21,4,羽毛球馆-10号,17:00-18:00,1,1,已售/已满,已售,多云,15,12,4,0.0,100,29
2026-05-21 05:30:49,2026-05-21,4,羽毛球馆-10号,17:00-18:00,1,1,已售/已满,已售,多云,15,13,3,0.0,100,28
2026-05-21 06:00:50,2026-05-21,4,羽毛球馆-10号,17:00-18:00,1,1,已售/已满,已售,多云,15,13,4,0.0,99,28
2026-05-21 06:30:38,2026-05-21,4,羽毛球馆-10号,17:00-18:00,1,1,已售/已满,已售,多云,15,13,3,0.0,97,28
2026-05-21 07:00:43,2026-05-21,4,羽毛球馆-10号,17:00-18:00,1,1,已售/已满,已售,晴,15,11,5,0.0,93,28
2026-05-21 07:30:39,2026-05-21,4,羽毛球馆-10号,17:00-18:00,1,1,已售/已满,已售,晴,17,13,4,0.0,89,29
2026-05-21 07:50:40,2026-05-21,4,羽毛球馆-10号,17:00-18:00,1,1,已售/已满,已售,晴,17,13,4,0.0,88,29
2026-05-21 07:53:31,2026-05-21,4,羽毛球馆-10号,17:00-18:00,1,1,已售/已满,已售,晴,17,12,5,0.0,86,29
2026-05-21 07:56:31,2026-05-21,4,羽毛球馆-10号,17:00-18:00,1,1,已售/已满,已售,晴,17,12,5,0.0,86,29
2026-05-21 07:59:26,2026-05-21,4,羽毛球馆-10号,17:00-18:00,1,1,已售/已满,已售,晴,17,12,5,0.0,86,29
2026-05-21 08:00:45,2026-05-21,4,羽毛球馆-10号,17:00-18:00,1,1,已售/已满,已售,晴,17,12,5,0.0,86,29
2026-05-21 08:02:30,2026-05-21,4,羽毛球馆-10号,17:00-18:00,1,1,已售/已满,已售,多云,17,12,5,0.0,87,29
2026-05-21 08:05:36,2026-05-21,4,羽毛球馆-10号,17:00-18:00,1,1,已售/已满,已售,多云,17,12,5,0.0,86,29
2026-05-21 08:08:31,2026-05-21,4,羽毛球馆-10号,17:00-18:00,1,1,已售/已满,已售,多云,17,12,5,0.0,86,29
2026-05-21 08:11:30,2026-05-21,4,羽毛球馆-10号,17:00-18:00,1,1,已售/已满,已售,多云,17,12,5,0.0,86,29
2026-05-21 08:14:31,2026-05-21,4,羽毛球馆-10号,17:00-18:00,1,1,已售/已满,已售,多云,17,12,5,0.0,86,29
2026-05-21 08:17:30,2026-05-21,4,羽毛球馆-10号,17:00-18:00,1,1,已售/已满,已售,多云,17,12,5,0.0,86,29
2026-05-21 08:20:35,2026-05-21,4,羽毛球馆-10号,17:00-18:00,1,1,已售/已满,已售,多云,17,14,4,0.0,85,29
2026-05-21 08:25:32,2026-05-21,4,羽毛球馆-10号,17:00-18:00,1,1,已售/已满,已售,多云,17,14,4,0.0,85,28
2026-05-21 08:30:42,2026-05-21,4,羽毛球馆-10号,17:00-18:00,1,1,已售/已满,已售,多云,18,15,4,0.0,84,28
2026-05-21 08:35:31,2026-05-21,4,羽毛球馆-10号,17:00-18:00,1,1,已售/已满,已售,多云,18,15,4,0.0,84,28
2026-05-21 08:40:38,2026-05-21,4,羽毛球馆-10号,17:00-18:00,1,1,已售/已满,已售,多云,18,15,4,0.0,82,28
2026-05-21 08:45:33,2026-05-21,4,羽毛球馆-10号,17:00-18:00,1,1,已售/已满,已售,多云,18,15,4,0.0,82,28
2026-05-21 08:50:36,2026-05-21,4,羽毛球馆-10号,17:00-18:00,1,1,已售/已满,已售,多云,18,15,4,0.0,82,28
2026-05-21 08:55:34,2026-05-21,4,羽毛球馆-10号,17:00-18:00,1,1,已售/已满,已售,多云,18,15,4,0.0,84,28
2026-05-21 09:00:51,2026-05-21,4,羽毛球馆-10号,17:00-18:00,1,1,已售/已满,已售,多云,18,15,4,0.0,84,28
2026-05-21 09:01:59,2026-05-21,4,羽毛球馆-10号,17:00-18:00,1,1,已售/已满,已售,多云,18,15,4,0.0,83,28
2026-05-21 09:05:33,2026-05-21,4,羽毛球馆-10号,17:00-18:00,1,1,已售/已满,已售,多云,18,15,4,0.0,83,28
2026-05-21 09:20:38,2026-05-21,4,羽毛球馆-10号,17:00-18:00,1,1,已售/已满,已售,多云,18,16,3,0.0,81,28
2026-05-21 09:30:46,2026-05-21,4,羽毛球馆-10号,17:00-18:00,1,1,已售/已满,已售,多云,18,16,3,0.0,81,32
2026-05-21 09:40:36,2026-05-21,4,羽毛球馆-10号,17:00-18:00,1,1,已售/已满,已售,多云,19,17,3,0.0,79,32
2026-05-21 09:50:42,2026-05-21,4,羽毛球馆-10号,17:00-18:00,1,1,已售/已满,已售,多云,19,17,4,0.0,81,32
2026-05-21 10:00:46,2026-05-21,4,羽毛球馆-10号,17:00-18:00,1,1,已售/已满,已售,多云,19,17,4,0.0,79,32
2026-05-21 10:10:40,2026-05-21,4,羽毛球馆-10号,17:00-18:00,1,1,已售/已满,已售,多云,19,17,4,0.0,79,32
2026-05-21 10:20:38,2026-05-21,4,羽毛球馆-10号,17:00-18:00,1,1,已售/已满,已售,多云,19,17,4,0.0,79,32
2026-05-21 10:30:41,2026-05-21,4,羽毛球馆-10号,17:00-18:00,1,1,已售/已满,已售,多云,19,18,3,0.0,78,31
2026-05-21 11:00:44,2026-05-21,4,羽毛球馆-10号,17:00-18:00,1,1,已售/已满,已售,多云,21,17,5,0.0,74,31
2026-05-21 11:30:38,2026-05-21,4,羽毛球馆-10号,17:00-18:00,1,1,已售/已满,已售,多云,21,19,3,0.0,72,33
2026-05-21 12:00:46,2026-05-21,4,羽毛球馆-10号,17:00-18:00,1,1,已售/已满,已售,多云,22,19,4,0.0,70,33
2026-05-21 12:30:42,2026-05-21,4,羽毛球馆-10号,17:00-18:00,1,1,已售/已满,已售,多云,22,21,3,0.0,68,35
2026-05-21 13:00:43,2026-05-21,4,羽毛球馆-10号,17:00-18:00,0,1,可预约,￥12.0,多云,24,22,4,0.0,66,35
2026-05-21 13:30:43,2026-05-21,4,羽毛球馆-10号,17:00-18:00,1,1,已售/已满,已售,多云,24,22,4,0.0,66,36
2026-05-21 14:00:48,2026-05-21,4,羽毛球馆-10号,17:00-18:00,1,1,已售/已满,已售,多云,25,23,4,0.0,66,36
2026-05-21 14:30:45,2026-05-21,4,羽毛球馆-10号,17:00-18:00,1,1,已售/已满,已售,晴,25,25,3,0.0,65,39
2026-05-21 15:00:45,2026-05-21,4,羽毛球馆-10号,17:00-18:00,1,1,已售/已满,已售,晴,25,22,4,0.0,56,39
2026-05-21 15:30:43,2026-05-21,4,羽毛球馆-10号,17:00-18:00,1,1,已售/已满,已售,晴,25,23,4,0.0,57,40
2026-05-21 16:00:51,2026-05-21,4,羽毛球馆-10号,17:00-18:00,1,1,已售/已满,已售,晴,25,23,4,0.0,57,40
2026-05-21 16:30:48,2026-05-21,4,羽毛球馆-10号,17:00-18:00,1,1,已售/已满,已售,晴,25,24,3,0.0,60,39
2026-05-21 17:00:49,2026-05-21,4,羽毛球馆-10号,17:00-18:00,1,1,已售/已满,已售,晴,25,24,4,0.0,61,39
2026-05-21 17:30:47,2026-05-21,4,羽毛球馆-10号,17:00-18:00,1,1,已售/已满,已售,多云,24,23,3,0.0,64,39
2026-05-21 18:00:50,2026-05-21,4,羽毛球馆-10号,17:00-18:00,1,1,已售/已满,已售,多云,24,23,3,0.0,68,39
2026-05-21 18:30:50,2026-05-21,4,羽毛球馆-10号,17:00-18:00,1,1,已售/已满,已售,阴,24,25,2,0.0,68,40
2026-05-21 19:00:50,2026-05-21,4,羽毛球馆-10号,17:00-18:00,1,1,已售/已满,已售,阴,23,23,3,0.0,76,40
2026-05-21 19:30:46,2026-05-21,4,羽毛球馆-10号,17:00-18:00,1,1,已售/已满,已售,阴,23,24,2,0.0,77,39
2026-05-21 20:00:49,2026-05-21,4,羽毛球馆-10号,17:00-18:00,1,1,已售/已满,已售,雾,22,23,2,0.0,89,39
2026-05-21 20:30:44,2026-05-21,4,羽毛球馆-10号,17:00-18:00,1,1,已售/已满,已售,雾,22,24,2,0.0,93,43
2026-05-21 21:00:56,2026-05-21,4,羽毛球馆-10号,17:00-18:00,1,1,已售/已满,已售,雾,20,21,2,0.0,98,43
2026-05-21 21:30:46,2026-05-21,4,羽毛球馆-10号,17:00-18:00,1,1,已售/已满,已售,雾,20,22,1,0.0,99,41
2026-05-21 22:01:02,2026-05-21,4,羽毛球馆-10号,17:00-18:00,1,1,已售/已满,已售,雾,19,20,2,0.0,93,41
2026-05-21 22:30:47,2026-05-21,4,羽毛球馆-10号,17:00-18:00,1,1,已售/已满,已售,雾,19,19,3,0.0,88,46
2026-05-21 23:00:56,2026-05-21,4,羽毛球馆-10号,17:00-18:00,1,1,已售/已满,已售,多云,18,17,3,0.0,85,46
2026-05-21 23:30:55,2026-05-21,4,羽毛球馆-10号,17:00-18:00,1,1,已售/已满,已售,多云,18,17,3,0.0,85,48
2026-05-21 00:30:49,2026-05-21,4,羽毛球馆-10号,18:30-19:30,1,1,已售/已满,已售,多云,15,13,3,0.0,100,26
2026-05-21 01:00:55,2026-05-21,4,羽毛球馆-10号,18:30-19:30,1,1,已售/已满,已售,多云,15,12,4,0.0,100,26
2026-05-21 01:30:47,2026-05-21,4,羽毛球馆-10号,18:30-19:30,1,1,已售/已满,已售,多云,15,13,4,0.0,100,28
2026-05-21 02:00:53,2026-05-21,4,羽毛球馆-10号,18:30-19:30,1,1,已售/已满,已售,多云,15,12,4,0.0,100,28
2026-05-21 02:30:49,2026-05-21,4,羽毛球馆-10号,18:30-19:30,1,1,已售/已满,已售,多云,15,14,3,0.0,100,29
2026-05-21 03:00:55,2026-05-21,4,羽毛球馆-10号,18:30-19:30,1,1,已售/已满,已售,多云,15,12,4,0.0,100,29
2026-05-21 03:30:49,2026-05-21,4,羽毛球馆-10号,18:30-19:30,1,1,已售/已满,已售,多云,15,14,3,0.0,100,30
2026-05-21 04:30:45,2026-05-21,4,羽毛球馆-10号,18:30-19:30,1,1,已售/已满,已售,多云,15,12,4,0.0,100,29
2026-05-21 05:00:52,2026-05-21,4,羽毛球馆-10号,18:30-19:30,1,1,已售/已满,已售,多云,15,12,4,0.0,100,29
2026-05-21 05:30:49,2026-05-21,4,羽毛球馆-10号,18:30-19:30,1,1,已售/已满,已售,多云,15,13,3,0.0,100,28
2026-05-21 06:00:50,2026-05-21,4,羽毛球馆-10号,18:30-19:30,1,1,已售/已满,已售,多云,15,13,4,0.0,99,28
2026-05-21 06:30:38,2026-05-21,4,羽毛球馆-10号,18:30-19:30,1,1,已售/已满,已售,多云,15,13,3,0.0,97,28
2026-05-21 07:00:43,2026-05-21,4,羽毛球馆-10号,18:30-19:30,1,1,已售/已满,已售,晴,15,11,5,0.0,93,28
2026-05-21 07:30:39,2026-05-21,4,羽毛球馆-10号,18:30-19:30,1,1,已售/已满,已售,晴,17,13,4,0.0,89,29
2026-05-21 07:50:40,2026-05-21,4,羽毛球馆-10号,18:30-19:30,1,1,已售/已满,已售,晴,17,13,4,0.0,88,29
2026-05-21 07:53:31,2026-05-21,4,羽毛球馆-10号,18:30-19:30,1,1,已售/已满,已售,晴,17,12,5,0.0,86,29
2026-05-21 07:56:31,2026-05-21,4,羽毛球馆-10号,18:30-19:30,1,1,已售/已满,已售,晴,17,12,5,0.0,86,29
2026-05-21 07:59:26,2026-05-21,4,羽毛球馆-10号,18:30-19:30,1,1,已售/已满,已售,晴,17,12,5,0.0,86,29
2026-05-21 08:00:45,2026-05-21,4,羽毛球馆-10号,18:30-19:30,1,1,已售/已满,已售,晴,17,12,5,0.0,86,29
2026-05-21 08:02:30,2026-05-21,4,羽毛球馆-10号,18:30-19:30,1,1,已售/已满,已售,多云,17,12,5,0.0,87,29
2026-05-21 08:05:36,2026-05-21,4,羽毛球馆-10号,18:30-19:30,1,1,已售/已满,已售,多云,17,12,5,0.0,86,29
2026-05-21 08:08:31,2026-05-21,4,羽毛球馆-10号,18:30-19:30,1,1,已售/已满,已售,多云,17,12,5,0.0,86,29
2026-05-21 08:11:30,2026-05-21,4,羽毛球馆-10号,18:30-19:30,1,1,已售/已满,已售,多云,17,12,5,0.0,86,29
2026-05-21 08:14:31,2026-05-21,4,羽毛球馆-10号,18:30-19:30,1,1,已售/已满,已售,多云,17,12,5,0.0,86,29
2026-05-21 08:17:30,2026-05-21,4,羽毛球馆-10号,18:30-19:30,1,1,已售/已满,已售,多云,17,12,5,0.0,86,29
2026-05-21 08:20:35,2026-05-21,4,羽毛球馆-10号,18:30-19:30,1,1,已售/已满,已售,多云,17,14,4,0.0,85,29
2026-05-21 08:25:32,2026-05-21,4,羽毛球馆-10号,18:30-19:30,1,1,已售/已满,已售,多云,17,14,4,0.0,85,28
2026-05-21 08:30:42,2026-05-21,4,羽毛球馆-10号,18:30-19:30,1,1,已售/已满,已售,多云,18,15,4,0.0,84,28
2026-05-21 08:35:31,2026-05-21,4,羽毛球馆-10号,18:30-19:30,1,1,已售/已满,已售,多云,18,15,4,0.0,84,28
2026-05-21 08:40:38,2026-05-21,4,羽毛球馆-10号,18:30-19:30,1,1,已售/已满,已售,多云,18,15,4,0.0,82,28
2026-05-21 08:45:33,2026-05-21,4,羽毛球馆-10号,18:30-19:30,1,1,已售/已满,已售,多云,18,15,4,0.0,82,28
2026-05-21 08:50:36,2026-05-21,4,羽毛球馆-10号,18:30-19:30,1,1,已售/已满,已售,多云,18,15,4,0.0,82,28
2026-05-21 08:55:34,2026-05-21,4,羽毛球馆-10号,18:30-19:30,1,1,已售/已满,已售,多云,18,15,4,0.0,84,28
2026-05-21 09:00:51,2026-05-21,4,羽毛球馆-10号,18:30-19:30,1,1,已售/已满,已售,多云,18,15,4,0.0,84,28
2026-05-21 09:01:59,2026-05-21,4,羽毛球馆-10号,18:30-19:30,1,1,已售/已满,已售,多云,18,15,4,0.0,83,28
2026-05-21 09:05:33,2026-05-21,4,羽毛球馆-10号,18:30-19:30,1,1,已售/已满,已售,多云,18,15,4,0.0,83,28
2026-05-21 09:20:38,2026-05-21,4,羽毛球馆-10号,18:30-19:30,1,1,已售/已满,已售,多云,18,16,3,0.0,81,28
2026-05-21 09:30:46,2026-05-21,4,羽毛球馆-10号,18:30-19:30,1,1,已售/已满,已售,多云,18,16,3,0.0,81,32
2026-05-21 09:40:36,2026-05-21,4,羽毛球馆-10号,18:30-19:30,1,1,已售/已满,已售,多云,19,17,3,0.0,79,32
2026-05-21 09:50:42,2026-05-21,4,羽毛球馆-10号,18:30-19:30,1,1,已售/已满,已售,多云,19,17,4,0.0,81,32
2026-05-21 10:00:46,2026-05-21,4,羽毛球馆-10号,18:30-19:30,1,1,已售/已满,已售,多云,19,17,4,0.0,79,32
2026-05-21 10:10:40,2026-05-21,4,羽毛球馆-10号,18:30-19:30,1,1,已售/已满,已售,多云,19,17,4,0.0,79,32
2026-05-21 10:20:38,2026-05-21,4,羽毛球馆-10号,18:30-19:30,1,1,已售/已满,已售,多云,19,17,4,0.0,79,32
2026-05-21 10:30:41,2026-05-21,4,羽毛球馆-10号,18:30-19:30,1,1,已售/已满,已售,多云,19,18,3,0.0,78,31
2026-05-21 11:00:44,2026-05-21,4,羽毛球馆-10号,18:30-19:30,1,1,已售/已满,已售,多云,21,17,5,0.0,74,31
2026-05-21 11:30:38,2026-05-21,4,羽毛球馆-10号,18:30-19:30,1,1,已售/已满,已售,多云,21,19,3,0.0,72,33
2026-05-21 12:00:46,2026-05-21,4,羽毛球馆-10号,18:30-19:30,1,1,已售/已满,已售,多云,22,19,4,0.0,70,33
2026-05-21 12:30:42,2026-05-21,4,羽毛球馆-10号,18:30-19:30,1,1,已售/已满,已售,多云,22,21,3,0.0,68,35
2026-05-21 13:00:43,2026-05-21,4,羽毛球馆-10号,18:30-19:30,1,1,已售/已满,已售,多云,24,22,4,0.0,66,35
2026-05-21 13:30:43,2026-05-21,4,羽毛球馆-10号,18:30-19:30,1,1,已售/已满,已售,多云,24,22,4,0.0,66,36
2026-05-21 14:00:48,2026-05-21,4,羽毛球馆-10号,18:30-19:30,1,1,已售/已满,已售,多云,25,23,4,0.0,66,36
2026-05-21 14:30:45,2026-05-21,4,羽毛球馆-10号,18:30-19:30,1,1,已售/已满,已售,晴,25,25,3,0.0,65,39
2026-05-21 15:00:45,2026-05-21,4,羽毛球馆-10号,18:30-19:30,1,1,已售/已满,已售,晴,25,22,4,0.0,56,39
2026-05-21 15:30:43,2026-05-21,4,羽毛球馆-10号,18:30-19:30,1,1,已售/已满,已售,晴,25,23,4,0.0,57,40
2026-05-21 16:00:51,2026-05-21,4,羽毛球馆-10号,18:30-19:30,1,1,已售/已满,已售,晴,25,23,4,0.0,57,40
2026-05-21 16:30:48,2026-05-21,4,羽毛球馆-10号,18:30-19:30,1,1,已售/已满,已售,晴,25,24,3,0.0,60,39
2026-05-21 17:00:49,2026-05-21,4,羽毛球馆-10号,18:30-19:30,1,1,已售/已满,已售,晴,25,24,4,0.0,61,39
2026-05-21 17:30:47,2026-05-21,4,羽毛球馆-10号,18:30-19:30,1,1,已售/已满,已售,多云,24,23,3,0.0,64,39
2026-05-21 18:00:50,2026-05-21,4,羽毛球馆-10号,18:30-19:30,1,1,已售/已满,已售,多云,24,23,3,0.0,68,39
2026-05-21 18:30:50,2026-05-21,4,羽毛球馆-10号,18:30-19:30,1,1,已售/已满,已售,阴,24,25,2,0.0,68,40
2026-05-21 19:00:50,2026-05-21,4,羽毛球馆-10号,18:30-19:30,1,1,已售/已满,已售,阴,23,23,3,0.0,76,40
2026-05-21 19:30:46,2026-05-21,4,羽毛球馆-10号,18:30-19:30,1,1,已售/已满,已售,阴,23,24,2,0.0,77,39
2026-05-21 20:00:49,2026-05-21,4,羽毛球馆-10号,18:30-19:30,1,1,已售/已满,已售,雾,22,23,2,0.0,89,39
2026-05-21 20:30:44,2026-05-21,4,羽毛球馆-10号,18:30-19:30,1,1,已售/已满,已售,雾,22,24,2,0.0,93,43
2026-05-21 21:00:56,2026-05-21,4,羽毛球馆-10号,18:30-19:30,1,1,已售/已满,已售,雾,20,21,2,0.0,98,43
2026-05-21 21:30:46,2026-05-21,4,羽毛球馆-10号,18:30-19:30,1,1,已售/已满,已售,雾,20,22,1,0.0,99,41
2026-05-21 22:01:02,2026-05-21,4,羽毛球馆-10号,18:30-19:30,1,1,已售/已满,已售,雾,19,20,2,0.0,93,41
2026-05-21 22:30:47,2026-05-21,4,羽毛球馆-10号,18:30-19:30,1,1,已售/已满,已售,雾,19,19,3,0.0,88,46
2026-05-21 23:00:56,2026-05-21,4,羽毛球馆-10号,18:30-19:30,1,1,已售/已满,已售,多云,18,17,3,0.0,85,46
2026-05-21 23:30:55,2026-05-21,4,羽毛球馆-10号,18:30-19:30,1,1,已售/已满,已售,多云,18,17,3,0.0,85,48
2026-05-21 00:30:49,2026-05-21,4,羽毛球馆-10号,19:30-20:30,1,1,已售/已满,已售,多云,15,13,3,0.0,100,26
2026-05-21 01:00:55,2026-05-21,4,羽毛球馆-10号,19:30-20:30,1,1,已售/已满,已售,多云,15,12,4,0.0,100,26
2026-05-21 01:30:47,2026-05-21,4,羽毛球馆-10号,19:30-20:30,1,1,已售/已满,已售,多云,15,13,4,0.0,100,28
2026-05-21 02:00:53,2026-05-21,4,羽毛球馆-10号,19:30-20:30,1,1,已售/已满,已售,多云,15,12,4,0.0,100,28
2026-05-21 02:30:49,2026-05-21,4,羽毛球馆-10号,19:30-20:30,1,1,已售/已满,已售,多云,15,14,3,0.0,100,29
2026-05-21 03:00:55,2026-05-21,4,羽毛球馆-10号,19:30-20:30,1,1,已售/已满,已售,多云,15,12,4,0.0,100,29
2026-05-21 03:30:49,2026-05-21,4,羽毛球馆-10号,19:30-20:30,1,1,已售/已满,已售,多云,15,14,3,0.0,100,30
2026-05-21 04:30:45,2026-05-21,4,羽毛球馆-10号,19:30-20:30,1,1,已售/已满,已售,多云,15,12,4,0.0,100,29
2026-05-21 05:00:52,2026-05-21,4,羽毛球馆-10号,19:30-20:30,1,1,已售/已满,已售,多云,15,12,4,0.0,100,29
2026-05-21 05:30:49,2026-05-21,4,羽毛球馆-10号,19:30-20:30,1,1,已售/已满,已售,多云,15,13,3,0.0,100,28
2026-05-21 06:00:50,2026-05-21,4,羽毛球馆-10号,19:30-20:30,1,1,已售/已满,已售,多云,15,13,4,0.0,99,28
2026-05-21 06:30:38,2026-05-21,4,羽毛球馆-10号,19:30-20:30,1,1,已售/已满,已售,多云,15,13,3,0.0,97,28
2026-05-21 07:00:43,2026-05-21,4,羽毛球馆-10号,19:30-20:30,1,1,已售/已满,已售,晴,15,11,5,0.0,93,28
2026-05-21 07:30:39,2026-05-21,4,羽毛球馆-10号,19:30-20:30,1,1,已售/已满,已售,晴,17,13,4,0.0,89,29
2026-05-21 07:50:40,2026-05-21,4,羽毛球馆-10号,19:30-20:30,1,1,已售/已满,已售,晴,17,13,4,0.0,88,29
2026-05-21 07:53:31,2026-05-21,4,羽毛球馆-10号,19:30-20:30,1,1,已售/已满,已售,晴,17,12,5,0.0,86,29
2026-05-21 07:56:31,2026-05-21,4,羽毛球馆-10号,19:30-20:30,1,1,已售/已满,已售,晴,17,12,5,0.0,86,29
2026-05-21 07:59:26,2026-05-21,4,羽毛球馆-10号,19:30-20:30,1,1,已售/已满,已售,晴,17,12,5,0.0,86,29
2026-05-21 08:00:45,2026-05-21,4,羽毛球馆-10号,19:30-20:30,1,1,已售/已满,已售,晴,17,12,5,0.0,86,29
2026-05-21 08:02:30,2026-05-21,4,羽毛球馆-10号,19:30-20:30,1,1,已售/已满,已售,多云,17,12,5,0.0,87,29
2026-05-21 08:05:36,2026-05-21,4,羽毛球馆-10号,19:30-20:30,1,1,已售/已满,已售,多云,17,12,5,0.0,86,29
2026-05-21 08:08:31,2026-05-21,4,羽毛球馆-10号,19:30-20:30,1,1,已售/已满,已售,多云,17,12,5,0.0,86,29
2026-05-21 08:11:30,2026-05-21,4,羽毛球馆-10号,19:30-20:30,1,1,已售/已满,已售,多云,17,12,5,0.0,86,29
2026-05-21 08:14:31,2026-05-21,4,羽毛球馆-10号,19:30-20:30,1,1,已售/已满,已售,多云,17,12,5,0.0,86,29
2026-05-21 08:17:30,2026-05-21,4,羽毛球馆-10号,19:30-20:30,1,1,已售/已满,已售,多云,17,12,5,0.0,86,29
2026-05-21 08:20:35,2026-05-21,4,羽毛球馆-10号,19:30-20:30,1,1,已售/已满,已售,多云,17,14,4,0.0,85,29
2026-05-21 08:25:32,2026-05-21,4,羽毛球馆-10号,19:30-20:30,1,1,已售/已满,已售,多云,17,14,4,0.0,85,28
2026-05-21 08:30:42,2026-05-21,4,羽毛球馆-10号,19:30-20:30,1,1,已售/已满,已售,多云,18,15,4,0.0,84,28
2026-05-21 08:35:31,2026-05-21,4,羽毛球馆-10号,19:30-20:30,1,1,已售/已满,已售,多云,18,15,4,0.0,84,28
2026-05-21 08:40:38,2026-05-21,4,羽毛球馆-10号,19:30-20:30,1,1,已售/已满,已售,多云,18,15,4,0.0,82,28
2026-05-21 08:45:33,2026-05-21,4,羽毛球馆-10号,19:30-20:30,1,1,已售/已满,已售,多云,18,15,4,0.0,82,28
2026-05-21 08:50:36,2026-05-21,4,羽毛球馆-10号,19:30-20:30,1,1,已售/已满,已售,多云,18,15,4,0.0,82,28
2026-05-21 08:55:34,2026-05-21,4,羽毛球馆-10号,19:30-20:30,1,1,已售/已满,已售,多云,18,15,4,0.0,84,28
2026-05-21 09:00:51,2026-05-21,4,羽毛球馆-10号,19:30-20:30,1,1,已售/已满,已售,多云,18,15,4,0.0,84,28
2026-05-21 09:01:59,2026-05-21,4,羽毛球馆-10号,19:30-20:30,1,1,已售/已满,已售,多云,18,15,4,0.0,83,28
2026-05-21 09:05:33,2026-05-21,4,羽毛球馆-10号,19:30-20:30,1,1,已售/已满,已售,多云,18,15,4,0.0,83,28
2026-05-21 09:20:38,2026-05-21,4,羽毛球馆-10号,19:30-20:30,1,1,已售/已满,已售,多云,18,16,3,0.0,81,28
2026-05-21 09:30:46,2026-05-21,4,羽毛球馆-10号,19:30-20:30,1,1,已售/已满,已售,多云,18,16,3,0.0,81,32
2026-05-21 09:40:36,2026-05-21,4,羽毛球馆-10号,19:30-20:30,1,1,已售/已满,已售,多云,19,17,3,0.0,79,32
2026-05-21 09:50:42,2026-05-21,4,羽毛球馆-10号,19:30-20:30,1,1,已售/已满,已售,多云,19,17,4,0.0,81,32
2026-05-21 10:00:46,2026-05-21,4,羽毛球馆-10号,19:30-20:30,1,1,已售/已满,已售,多云,19,17,4,0.0,79,32
2026-05-21 10:10:40,2026-05-21,4,羽毛球馆-10号,19:30-20:30,1,1,已售/已满,已售,多云,19,17,4,0.0,79,32
2026-05-21 10:20:38,2026-05-21,4,羽毛球馆-10号,19:30-20:30,1,1,已售/已满,已售,多云,19,17,4,0.0,79,32
2026-05-21 10:30:41,2026-05-21,4,羽毛球馆-10号,19:30-20:30,1,1,已售/已满,已售,多云,19,18,3,0.0,78,31
2026-05-21 11:00:44,2026-05-21,4,羽毛球馆-10号,19:30-20:30,1,1,已售/已满,已售,多云,21,17,5,0.0,74,31
2026-05-21 11:30:38,2026-05-21,4,羽毛球馆-10号,19:30-20:30,1,1,已售/已满,已售,多云,21,19,3,0.0,72,33
2026-05-21 12:00:46,2026-05-21,4,羽毛球馆-10号,19:30-20:30,1,1,已售/已满,已售,多云,22,19,4,0.0,70,33
2026-05-21 12:30:42,2026-05-21,4,羽毛球馆-10号,19:30-20:30,1,1,已售/已满,已售,多云,22,21,3,0.0,68,35
2026-05-21 13:00:43,2026-05-21,4,羽毛球馆-10号,19:30-20:30,1,1,已售/已满,已售,多云,24,22,4,0.0,66,35
2026-05-21 13:30:43,2026-05-21,4,羽毛球馆-10号,19:30-20:30,1,1,已售/已满,已售,多云,24,22,4,0.0,66,36
2026-05-21 14:00:48,2026-05-21,4,羽毛球馆-10号,19:30-20:30,1,1,已售/已满,已售,多云,25,23,4,0.0,66,36
2026-05-21 14:30:45,2026-05-21,4,羽毛球馆-10号,19:30-20:30,1,1,已售/已满,已售,晴,25,25,3,0.0,65,39
2026-05-21 15:00:45,2026-05-21,4,羽毛球馆-10号,19:30-20:30,1,1,已售/已满,已售,晴,25,22,4,0.0,56,39
2026-05-21 15:30:43,2026-05-21,4,羽毛球馆-10号,19:30-20:30,1,1,已售/已满,已售,晴,25,23,4,0.0,57,40
2026-05-21 16:00:51,2026-05-21,4,羽毛球馆-10号,19:30-20:30,1,1,已售/已满,已售,晴,25,23,4,0.0,57,40
2026-05-21 16:30:48,2026-05-21,4,羽毛球馆-10号,19:30-20:30,1,1,已售/已满,已售,晴,25,24,3,0.0,60,39
2026-05-21 17:00:49,2026-05-21,4,羽毛球馆-10号,19:30-20:30,1,1,已售/已满,已售,晴,25,24,4,0.0,61,39
2026-05-21 17:30:47,2026-05-21,4,羽毛球馆-10号,19:30-20:30,1,1,已售/已满,已售,多云,24,23,3,0.0,64,39
2026-05-21 18:00:50,2026-05-21,4,羽毛球馆-10号,19:30-20:30,1,1,已售/已满,已售,多云,24,23,3,0.0,68,39
2026-05-21 18:30:50,2026-05-21,4,羽毛球馆-10号,19:30-20:30,1,1,已售/已满,已售,阴,24,25,2,0.0,68,40
2026-05-21 19:00:50,2026-05-21,4,羽毛球馆-10号,19:30-20:30,1,1,已售/已满,已售,阴,23,23,3,0.0,76,40
2026-05-21 19:30:46,2026-05-21,4,羽毛球馆-10号,19:30-20:30,1,1,已售/已满,已售,阴,23,24,2,0.0,77,39
2026-05-21 20:00:49,2026-05-21,4,羽毛球馆-10号,19:30-20:30,1,1,已售/已满,已售,雾,22,23,2,0.0,89,39
2026-05-21 20:30:44,2026-05-21,4,羽毛球馆-10号,19:30-20:30,1,1,已售/已满,已售,雾,22,24,2,0.0,93,43
2026-05-21 21:00:56,2026-05-21,4,羽毛球馆-10号,19:30-20:30,1,1,已售/已满,已售,雾,20,21,2,0.0,98,43
2026-05-21 21:30:46,2026-05-21,4,羽毛球馆-10号,19:30-20:30,1,1,已售/已满,已售,雾,20,22,1,0.0,99,41
2026-05-21 22:01:02,2026-05-21,4,羽毛球馆-10号,19:30-20:30,1,1,已售/已满,已售,雾,19,20,2,0.0,93,41
2026-05-21 22:30:47,2026-05-21,4,羽毛球馆-10号,19:30-20:30,1,1,已售/已满,已售,雾,19,19,3,0.0,88,46
2026-05-21 23:00:56,2026-05-21,4,羽毛球馆-10号,19:30-20:30,1,1,已售/已满,已售,多云,18,17,3,0.0,85,46
2026-05-21 23:30:55,2026-05-21,4,羽毛球馆-10号,19:30-20:30,1,1,已售/已满,已售,多云,18,17,3,0.0,85,48
2026-05-21 00:30:49,2026-05-21,4,羽毛球馆-10号,20:30-21:30,1,1,已售/已满,已售,多云,15,13,3,0.0,100,26
2026-05-21 01:00:55,2026-05-21,4,羽毛球馆-10号,20:30-21:30,1,1,已售/已满,已售,多云,15,12,4,0.0,100,26
2026-05-21 01:30:47,2026-05-21,4,羽毛球馆-10号,20:30-21:30,1,1,已售/已满,已售,多云,15,13,4,0.0,100,28
2026-05-21 02:00:53,2026-05-21,4,羽毛球馆-10号,20:30-21:30,1,1,已售/已满,已售,多云,15,12,4,0.0,100,28
2026-05-21 02:30:49,2026-05-21,4,羽毛球馆-10号,20:30-21:30,1,1,已售/已满,已售,多云,15,14,3,0.0,100,29
2026-05-21 03:00:55,2026-05-21,4,羽毛球馆-10号,20:30-21:30,1,1,已售/已满,已售,多云,15,12,4,0.0,100,29
2026-05-21 03:30:49,2026-05-21,4,羽毛球馆-10号,20:30-21:30,1,1,已售/已满,已售,多云,15,14,3,0.0,100,30
2026-05-21 04:30:45,2026-05-21,4,羽毛球馆-10号,20:30-21:30,1,1,已售/已满,已售,多云,15,12,4,0.0,100,29
2026-05-21 05:00:52,2026-05-21,4,羽毛球馆-10号,20:30-21:30,1,1,已售/已满,已售,多云,15,12,4,0.0,100,29
2026-05-21 05:30:49,2026-05-21,4,羽毛球馆-10号,20:30-21:30,1,1,已售/已满,已售,多云,15,13,3,0.0,100,28
2026-05-21 06:00:50,2026-05-21,4,羽毛球馆-10号,20:30-21:30,1,1,已售/已满,已售,多云,15,13,4,0.0,99,28
2026-05-21 06:30:38,2026-05-21,4,羽毛球馆-10号,20:30-21:30,1,1,已售/已满,已售,多云,15,13,3,0.0,97,28
2026-05-21 07:00:43,2026-05-21,4,羽毛球馆-10号,20:30-21:30,1,1,已售/已满,已售,晴,15,11,5,0.0,93,28
2026-05-21 07:30:39,2026-05-21,4,羽毛球馆-10号,20:30-21:30,1,1,已售/已满,已售,晴,17,13,4,0.0,89,29
2026-05-21 07:50:40,2026-05-21,4,羽毛球馆-10号,20:30-21:30,1,1,已售/已满,已售,晴,17,13,4,0.0,88,29
2026-05-21 07:53:31,2026-05-21,4,羽毛球馆-10号,20:30-21:30,1,1,已售/已满,已售,晴,17,12,5,0.0,86,29
2026-05-21 07:56:31,2026-05-21,4,羽毛球馆-10号,20:30-21:30,1,1,已售/已满,已售,晴,17,12,5,0.0,86,29
2026-05-21 07:59:26,2026-05-21,4,羽毛球馆-10号,20:30-21:30,1,1,已售/已满,已售,晴,17,12,5,0.0,86,29
2026-05-21 08:00:45,2026-05-21,4,羽毛球馆-10号,20:30-21:30,1,1,已售/已满,已售,晴,17,12,5,0.0,86,29
2026-05-21 08:02:30,2026-05-21,4,羽毛球馆-10号,20:30-21:30,1,1,已售/已满,已售,多云,17,12,5,0.0,87,29
2026-05-21 08:05:36,2026-05-21,4,羽毛球馆-10号,20:30-21:30,1,1,已售/已满,已售,多云,17,12,5,0.0,86,29
2026-05-21 08:08:31,2026-05-21,4,羽毛球馆-10号,20:30-21:30,1,1,已售/已满,已售,多云,17,12,5,0.0,86,29
2026-05-21 08:11:30,2026-05-21,4,羽毛球馆-10号,20:30-21:30,1,1,已售/已满,已售,多云,17,12,5,0.0,86,29
2026-05-21 08:14:31,2026-05-21,4,羽毛球馆-10号,20:30-21:30,1,1,已售/已满,已售,多云,17,12,5,0.0,86,29
2026-05-21 08:17:30,2026-05-21,4,羽毛球馆-10号,20:30-21:30,1,1,已售/已满,已售,多云,17,12,5,0.0,86,29
2026-05-21 08:20:35,2026-05-21,4,羽毛球馆-10号,20:30-21:30,1,1,已售/已满,已售,多云,17,14,4,0.0,85,29
2026-05-21 08:25:32,2026-05-21,4,羽毛球馆-10号,20:30-21:30,1,1,已售/已满,已售,多云,17,14,4,0.0,85,28
2026-05-21 08:30:42,2026-05-21,4,羽毛球馆-10号,20:30-21:30,1,1,已售/已满,已售,多云,18,15,4,0.0,84,28
2026-05-21 08:35:31,2026-05-21,4,羽毛球馆-10号,20:30-21:30,1,1,已售/已满,已售,多云,18,15,4,0.0,84,28
2026-05-21 08:40:38,2026-05-21,4,羽毛球馆-10号,20:30-21:30,1,1,已售/已满,已售,多云,18,15,4,0.0,82,28
2026-05-21 08:45:33,2026-05-21,4,羽毛球馆-10号,20:30-21:30,1,1,已售/已满,已售,多云,18,15,4,0.0,82,28
2026-05-21 08:50:36,2026-05-21,4,羽毛球馆-10号,20:30-21:30,1,1,已售/已满,已售,多云,18,15,4,0.0,82,28
2026-05-21 08:55:34,2026-05-21,4,羽毛球馆-10号,20:30-21:30,1,1,已售/已满,已售,多云,18,15,4,0.0,84,28
2026-05-21 09:00:51,2026-05-21,4,羽毛球馆-10号,20:30-21:30,1,1,已售/已满,已售,多云,18,15,4,0.0,84,28
2026-05-21 09:01:59,2026-05-21,4,羽毛球馆-10号,20:30-21:30,1,1,已售/已满,已售,多云,18,15,4,0.0,83,28
2026-05-21 09:05:33,2026-05-21,4,羽毛球馆-10号,20:30-21:30,1,1,已售/已满,已售,多云,18,15,4,0.0,83,28
2026-05-21 09:20:38,2026-05-21,4,羽毛球馆-10号,20:30-21:30,1,1,已售/已满,已售,多云,18,16,3,0.0,81,28
2026-05-21 09:30:46,2026-05-21,4,羽毛球馆-10号,20:30-21:30,1,1,已售/已满,已售,多云,18,16,3,0.0,81,32
2026-05-21 09:40:36,2026-05-21,4,羽毛球馆-10号,20:30-21:30,1,1,已售/已满,已售,多云,19,17,3,0.0,79,32
2026-05-21 09:50:42,2026-05-21,4,羽毛球馆-10号,20:30-21:30,1,1,已售/已满,已售,多云,19,17,4,0.0,81,32
2026-05-21 10:00:46,2026-05-21,4,羽毛球馆-10号,20:30-21:30,1,1,已售/已满,已售,多云,19,17,4,0.0,79,32
2026-05-21 10:10:40,2026-05-21,4,羽毛球馆-10号,20:30-21:30,1,1,已售/已满,已售,多云,19,17,4,0.0,79,32
2026-05-21 10:20:38,2026-05-21,4,羽毛球馆-10号,20:30-21:30,1,1,已售/已满,已售,多云,19,17,4,0.0,79,32
2026-05-21 10:30:41,2026-05-21,4,羽毛球馆-10号,20:30-21:30,1,1,已售/已满,已售,多云,19,18,3,0.0,78,31
2026-05-21 11:00:44,2026-05-21,4,羽毛球馆-10号,20:30-21:30,1,1,已售/已满,已售,多云,21,17,5,0.0,74,31
2026-05-21 11:30:38,2026-05-21,4,羽毛球馆-10号,20:30-21:30,1,1,已售/已满,已售,多云,21,19,3,0.0,72,33
2026-05-21 12:00:46,2026-05-21,4,羽毛球馆-10号,20:30-21:30,1,1,已售/已满,已售,多云,22,19,4,0.0,70,33
2026-05-21 12:30:42,2026-05-21,4,羽毛球馆-10号,20:30-21:30,1,1,已售/已满,已售,多云,22,21,3,0.0,68,35
2026-05-21 13:00:43,2026-05-21,4,羽毛球馆-10号,20:30-21:30,1,1,已售/已满,已售,多云,24,22,4,0.0,66,35
2026-05-21 13:30:43,2026-05-21,4,羽毛球馆-10号,20:30-21:30,1,1,已售/已满,已售,多云,24,22,4,0.0,66,36
2026-05-21 14:00:48,2026-05-21,4,羽毛球馆-10号,20:30-21:30,1,1,已售/已满,已售,多云,25,23,4,0.0,66,36
2026-05-21 14:30:45,2026-05-21,4,羽毛球馆-10号,20:30-21:30,1,1,已售/已满,已售,晴,25,25,3,0.0,65,39
2026-05-21 15:00:45,2026-05-21,4,羽毛球馆-10号,20:30-21:30,1,1,已售/已满,已售,晴,25,22,4,0.0,56,39
2026-05-21 15:30:43,2026-05-21,4,羽毛球馆-10号,20:30-21:30,1,1,已售/已满,已售,晴,25,23,4,0.0,57,40
2026-05-21 16:00:51,2026-05-21,4,羽毛球馆-10号,20:30-21:30,1,1,已售/已满,已售,晴,25,23,4,0.0,57,40
2026-05-21 16:30:48,2026-05-21,4,羽毛球馆-10号,20:30-21:30,1,1,已售/已满,已售,晴,25,24,3,0.0,60,39
2026-05-21 17:00:49,2026-05-21,4,羽毛球馆-10号,20:30-21:30,1,1,已售/已满,已售,晴,25,24,4,0.0,61,39
2026-05-21 17:30:47,2026-05-21,4,羽毛球馆-10号,20:30-21:30,1,1,已售/已满,已售,多云,24,23,3,0.0,64,39
2026-05-21 18:00:50,2026-05-21,4,羽毛球馆-10号,20:30-21:30,1,1,已售/已满,已售,多云,24,23,3,0.0,68,39
2026-05-21 18:30:50,2026-05-21,4,羽毛球馆-10号,20:30-21:30,1,1,已售/已满,已售,阴,24,25,2,0.0,68,40
2026-05-21 19:00:50,2026-05-21,4,羽毛球馆-10号,20:30-21:30,1,1,已售/已满,已售,阴,23,23,3,0.0,76,40
2026-05-21 19:30:46,2026-05-21,4,羽毛球馆-10号,20:30-21:30,1,1,已售/已满,已售,阴,23,24,2,0.0,77,39
2026-05-21 20:00:49,2026-05-21,4,羽毛球馆-10号,20:30-21:30,1,1,已售/已满,已售,雾,22,23,2,0.0,89,39
2026-05-21 20:30:44,2026-05-21,4,羽毛球馆-10号,20:30-21:30,1,1,已售/已满,已售,雾,22,24,2,0.0,93,43
2026-05-21 21:00:56,2026-05-21,4,羽毛球馆-10号,20:30-21:30,1,1,已售/已满,已售,雾,20,21,2,0.0,98,43
2026-05-21 21:30:46,2026-05-21,4,羽毛球馆-10号,20:30-21:30,1,1,已售/已满,已售,雾,20,22,1,0.0,99,41
2026-05-21 22:01:02,2026-05-21,4,羽毛球馆-10号,20:30-21:30,1,1,已售/已满,已售,雾,19,20,2,0.0,93,41
2026-05-21 22:30:47,2026-05-21,4,羽毛球馆-10号,20:30-21:30,1,1,已售/已满,已售,雾,19,19,3,0.0,88,46
2026-05-21 23:00:56,2026-05-21,4,羽毛球馆-10号,20:30-21:30,1,1,已售/已满,已售,多云,18,17,3,0.0,85,46
2026-05-21 23:30:55,2026-05-21,4,羽毛球馆-10号,20:30-21:30,1,1,已售/已满,已售,多云,18,17,3,0.0,85,48
2026-05-21 00:30:49,2026-05-21,4,羽毛球馆-11号,07:00-08:00,0,1,可预约,￥0.0,多云,15,13,3,0.0,100,26
2026-05-21 01:00:55,2026-05-21,4,羽毛球馆-11号,07:00-08:00,0,1,可预约,￥0.0,多云,15,12,4,0.0,100,26
2026-05-21 01:30:47,2026-05-21,4,羽毛球馆-11号,07:00-08:00,0,1,可预约,￥0.0,多云,15,13,4,0.0,100,28
2026-05-21 02:00:53,2026-05-21,4,羽毛球馆-11号,07:00-08:00,0,1,可预约,￥0.0,多云,15,12,4,0.0,100,28
2026-05-21 02:30:49,2026-05-21,4,羽毛球馆-11号,07:00-08:00,0,1,可预约,￥0.0,多云,15,14,3,0.0,100,29
2026-05-21 03:00:55,2026-05-21,4,羽毛球馆-11号,07:00-08:00,0,1,可预约,￥0.0,多云,15,12,4,0.0,100,29
2026-05-21 03:30:49,2026-05-21,4,羽毛球馆-11号,07:00-08:00,0,1,可预约,￥0.0,多云,15,14,3,0.0,100,30
2026-05-21 04:30:45,2026-05-21,4,羽毛球馆-11号,07:00-08:00,0,1,可预约,￥0.0,多云,15,12,4,0.0,100,29
2026-05-21 05:00:52,2026-05-21,4,羽毛球馆-11号,07:00-08:00,0,1,可预约,￥0.0,多云,15,12,4,0.0,100,29
2026-05-21 05:30:49,2026-05-21,4,羽毛球馆-11号,07:00-08:00,0,1,可预约,￥0.0,多云,15,13,3,0.0,100,28
2026-05-21 06:00:50,2026-05-21,4,羽毛球馆-11号,07:00-08:00,0,1,可预约,￥0.0,多云,15,13,4,0.0,99,28
2026-05-21 06:30:38,2026-05-21,4,羽毛球馆-11号,07:00-08:00,0,1,可预约,￥0.0,多云,15,13,3,0.0,97,28
2026-05-21 07:00:43,2026-05-21,4,羽毛球馆-11号,07:00-08:00,0,1,可预约,￥0.0,晴,15,11,5,0.0,93,28
2026-05-21 07:30:39,2026-05-21,4,羽毛球馆-11号,07:00-08:00,0,1,可预约,￥0.0,晴,17,13,4,0.0,89,29
2026-05-21 07:50:40,2026-05-21,4,羽毛球馆-11号,07:00-08:00,0,1,可预约,￥0.0,晴,17,13,4,0.0,88,29
2026-05-21 07:53:31,2026-05-21,4,羽毛球馆-11号,07:00-08:00,0,1,可预约,￥0.0,晴,17,12,5,0.0,86,29
2026-05-21 07:56:31,2026-05-21,4,羽毛球馆-11号,07:00-08:00,0,1,可预约,￥0.0,晴,17,12,5,0.0,86,29
2026-05-21 07:59:26,2026-05-21,4,羽毛球馆-11号,07:00-08:00,0,1,可预约,￥0.0,晴,17,12,5,0.0,86,29
2026-05-21 08:00:45,2026-05-21,4,羽毛球馆-11号,07:00-08:00,0,1,不开放/已过期,,晴,17,12,5,0.0,86,29
2026-05-21 08:02:30,2026-05-21,4,羽毛球馆-11号,07:00-08:00,0,1,不开放/已过期,,多云,17,12,5,0.0,87,29
2026-05-21 08:05:36,2026-05-21,4,羽毛球馆-11号,07:00-08:00,0,1,不开放/已过期,,多云,17,12,5,0.0,86,29
2026-05-21 08:08:31,2026-05-21,4,羽毛球馆-11号,07:00-08:00,0,1,不开放/已过期,,多云,17,12,5,0.0,86,29
2026-05-21 08:11:30,2026-05-21,4,羽毛球馆-11号,07:00-08:00,0,1,不开放/已过期,,多云,17,12,5,0.0,86,29
2026-05-21 08:14:31,2026-05-21,4,羽毛球馆-11号,07:00-08:00,0,1,不开放/已过期,,多云,17,12,5,0.0,86,29
2026-05-21 08:17:30,2026-05-21,4,羽毛球馆-11号,07:00-08:00,0,1,不开放/已过期,,多云,17,12,5,0.0,86,29
2026-05-21 08:20:35,2026-05-21,4,羽毛球馆-11号,07:00-08:00,0,1,不开放/已过期,,多云,17,14,4,0.0,85,29
2026-05-21 08:25:32,2026-05-21,4,羽毛球馆-11号,07:00-08:00,0,1,不开放/已过期,,多云,17,14,4,0.0,85,28
2026-05-21 08:30:42,2026-05-21,4,羽毛球馆-11号,07:00-08:00,0,1,不开放/已过期,,多云,18,15,4,0.0,84,28
2026-05-21 08:35:31,2026-05-21,4,羽毛球馆-11号,07:00-08:00,0,1,不开放/已过期,,多云,18,15,4,0.0,84,28
2026-05-21 08:40:38,2026-05-21,4,羽毛球馆-11号,07:00-08:00,0,1,不开放/已过期,,多云,18,15,4,0.0,82,28
2026-05-21 08:45:33,2026-05-21,4,羽毛球馆-11号,07:00-08:00,0,1,不开放/已过期,,多云,18,15,4,0.0,82,28
2026-05-21 08:50:36,2026-05-21,4,羽毛球馆-11号,07:00-08:00,0,1,不开放/已过期,,多云,18,15,4,0.0,82,28
2026-05-21 08:55:34,2026-05-21,4,羽毛球馆-11号,07:00-08:00,0,1,不开放/已过期,,多云,18,15,4,0.0,84,28
2026-05-21 09:00:51,2026-05-21,4,羽毛球馆-11号,07:00-08:00,0,1,不开放/已过期,,多云,18,15,4,0.0,84,28
2026-05-21 09:01:59,2026-05-21,4,羽毛球馆-11号,07:00-08:00,0,1,不开放/已过期,,多云,18,15,4,0.0,83,28
2026-05-21 09:05:33,2026-05-21,4,羽毛球馆-11号,07:00-08:00,0,1,不开放/已过期,,多云,18,15,4,0.0,83,28
2026-05-21 09:20:38,2026-05-21,4,羽毛球馆-11号,07:00-08:00,0,1,不开放/已过期,,多云,18,16,3,0.0,81,28
2026-05-21 09:30:46,2026-05-21,4,羽毛球馆-11号,07:00-08:00,0,1,不开放/已过期,,多云,18,16,3,0.0,81,32
2026-05-21 09:40:36,2026-05-21,4,羽毛球馆-11号,07:00-08:00,0,1,不开放/已过期,,多云,19,17,3,0.0,79,32
2026-05-21 09:50:42,2026-05-21,4,羽毛球馆-11号,07:00-08:00,0,1,不开放/已过期,,多云,19,17,4,0.0,81,32
2026-05-21 10:00:46,2026-05-21,4,羽毛球馆-11号,07:00-08:00,0,1,不开放/已过期,,多云,19,17,4,0.0,79,32
2026-05-21 10:10:40,2026-05-21,4,羽毛球馆-11号,07:00-08:00,0,1,不开放/已过期,,多云,19,17,4,0.0,79,32
2026-05-21 10:20:38,2026-05-21,4,羽毛球馆-11号,07:00-08:00,0,1,不开放/已过期,,多云,19,17,4,0.0,79,32
2026-05-21 10:30:41,2026-05-21,4,羽毛球馆-11号,07:00-08:00,0,1,不开放/已过期,,多云,19,18,3,0.0,78,31
2026-05-21 11:00:44,2026-05-21,4,羽毛球馆-11号,07:00-08:00,0,1,不开放/已过期,,多云,21,17,5,0.0,74,31
2026-05-21 11:30:38,2026-05-21,4,羽毛球馆-11号,07:00-08:00,0,1,不开放/已过期,,多云,21,19,3,0.0,72,33
2026-05-21 12:00:46,2026-05-21,4,羽毛球馆-11号,07:00-08:00,0,1,不开放/已过期,,多云,22,19,4,0.0,70,33
2026-05-21 12:30:42,2026-05-21,4,羽毛球馆-11号,07:00-08:00,0,1,不开放/已过期,,多云,22,21,3,0.0,68,35
2026-05-21 13:00:43,2026-05-21,4,羽毛球馆-11号,07:00-08:00,0,1,不开放/已过期,,多云,24,22,4,0.0,66,35
2026-05-21 13:30:43,2026-05-21,4,羽毛球馆-11号,07:00-08:00,0,1,不开放/已过期,,多云,24,22,4,0.0,66,36
2026-05-21 14:00:48,2026-05-21,4,羽毛球馆-11号,07:00-08:00,0,1,不开放/已过期,,多云,25,23,4,0.0,66,36
2026-05-21 14:30:45,2026-05-21,4,羽毛球馆-11号,07:00-08:00,0,1,不开放/已过期,,晴,25,25,3,0.0,65,39
2026-05-21 15:00:45,2026-05-21,4,羽毛球馆-11号,07:00-08:00,0,1,不开放/已过期,,晴,25,22,4,0.0,56,39
2026-05-21 15:30:43,2026-05-21,4,羽毛球馆-11号,07:00-08:00,0,1,不开放/已过期,,晴,25,23,4,0.0,57,40
2026-05-21 16:00:51,2026-05-21,4,羽毛球馆-11号,07:00-08:00,0,1,不开放/已过期,,晴,25,23,4,0.0,57,40
2026-05-21 16:30:48,2026-05-21,4,羽毛球馆-11号,07:00-08:00,0,1,不开放/已过期,,晴,25,24,3,0.0,60,39
2026-05-21 17:00:49,2026-05-21,4,羽毛球馆-11号,07:00-08:00,0,1,不开放/已过期,,晴,25,24,4,0.0,61,39
2026-05-21 17:30:47,2026-05-21,4,羽毛球馆-11号,07:00-08:00,0,1,不开放/已过期,,多云,24,23,3,0.0,64,39
2026-05-21 18:00:50,2026-05-21,4,羽毛球馆-11号,07:00-08:00,0,1,不开放/已过期,,多云,24,23,3,0.0,68,39
2026-05-21 18:30:50,2026-05-21,4,羽毛球馆-11号,07:00-08:00,0,1,不开放/已过期,,阴,24,25,2,0.0,68,40
2026-05-21 19:00:50,2026-05-21,4,羽毛球馆-11号,07:00-08:00,0,1,不开放/已过期,,阴,23,23,3,0.0,76,40
2026-05-21 19:30:46,2026-05-21,4,羽毛球馆-11号,07:00-08:00,0,1,不开放/已过期,,阴,23,24,2,0.0,77,39
2026-05-21 20:00:49,2026-05-21,4,羽毛球馆-11号,07:00-08:00,0,1,不开放/已过期,,雾,22,23,2,0.0,89,39
2026-05-21 20:30:44,2026-05-21,4,羽毛球馆-11号,07:00-08:00,0,1,不开放/已过期,,雾,22,24,2,0.0,93,43
2026-05-21 21:00:56,2026-05-21,4,羽毛球馆-11号,07:00-08:00,0,1,不开放/已过期,,雾,20,21,2,0.0,98,43
2026-05-21 21:30:46,2026-05-21,4,羽毛球馆-11号,07:00-08:00,0,1,不开放/已过期,,雾,20,22,1,0.0,99,41
2026-05-21 22:01:02,2026-05-21,4,羽毛球馆-11号,07:00-08:00,0,1,不开放/已过期,,雾,19,20,2,0.0,93,41
2026-05-21 22:30:47,2026-05-21,4,羽毛球馆-11号,07:00-08:00,0,1,不开放/已过期,,雾,19,19,3,0.0,88,46
2026-05-21 23:00:56,2026-05-21,4,羽毛球馆-11号,07:00-08:00,0,1,不开放/已过期,,多云,18,17,3,0.0,85,46
2026-05-21 23:30:55,2026-05-21,4,羽毛球馆-11号,07:00-08:00,0,1,不开放/已过期,,多云,18,17,3,0.0,85,48
2026-05-21 00:30:49,2026-05-21,4,羽毛球馆-11号,08:00-09:00,0,1,可预约,￥0.0,多云,15,13,3,0.0,100,26
2026-05-21 01:00:55,2026-05-21,4,羽毛球馆-11号,08:00-09:00,0,1,可预约,￥0.0,多云,15,12,4,0.0,100,26
2026-05-21 01:30:47,2026-05-21,4,羽毛球馆-11号,08:00-09:00,0,1,可预约,￥0.0,多云,15,13,4,0.0,100,28
2026-05-21 02:00:53,2026-05-21,4,羽毛球馆-11号,08:00-09:00,0,1,可预约,￥0.0,多云,15,12,4,0.0,100,28
2026-05-21 02:30:49,2026-05-21,4,羽毛球馆-11号,08:00-09:00,0,1,可预约,￥0.0,多云,15,14,3,0.0,100,29
2026-05-21 03:00:55,2026-05-21,4,羽毛球馆-11号,08:00-09:00,0,1,可预约,￥0.0,多云,15,12,4,0.0,100,29
2026-05-21 03:30:49,2026-05-21,4,羽毛球馆-11号,08:00-09:00,0,1,可预约,￥0.0,多云,15,14,3,0.0,100,30
2026-05-21 04:30:45,2026-05-21,4,羽毛球馆-11号,08:00-09:00,0,1,可预约,￥0.0,多云,15,12,4,0.0,100,29
2026-05-21 05:00:52,2026-05-21,4,羽毛球馆-11号,08:00-09:00,0,1,可预约,￥0.0,多云,15,12,4,0.0,100,29
2026-05-21 05:30:49,2026-05-21,4,羽毛球馆-11号,08:00-09:00,0,1,可预约,￥0.0,多云,15,13,3,0.0,100,28
2026-05-21 06:00:50,2026-05-21,4,羽毛球馆-11号,08:00-09:00,0,1,可预约,￥0.0,多云,15,13,4,0.0,99,28
2026-05-21 06:30:38,2026-05-21,4,羽毛球馆-11号,08:00-09:00,0,1,可预约,￥0.0,多云,15,13,3,0.0,97,28
2026-05-21 07:00:43,2026-05-21,4,羽毛球馆-11号,08:00-09:00,0,1,可预约,￥0.0,晴,15,11,5,0.0,93,28
2026-05-21 07:30:39,2026-05-21,4,羽毛球馆-11号,08:00-09:00,0,1,可预约,￥0.0,晴,17,13,4,0.0,89,29
2026-05-21 07:50:40,2026-05-21,4,羽毛球馆-11号,08:00-09:00,0,1,可预约,￥0.0,晴,17,13,4,0.0,88,29
2026-05-21 07:53:31,2026-05-21,4,羽毛球馆-11号,08:00-09:00,0,1,可预约,￥0.0,晴,17,12,5,0.0,86,29
2026-05-21 07:56:31,2026-05-21,4,羽毛球馆-11号,08:00-09:00,0,1,可预约,￥0.0,晴,17,12,5,0.0,86,29
2026-05-21 07:59:26,2026-05-21,4,羽毛球馆-11号,08:00-09:00,0,1,可预约,￥0.0,晴,17,12,5,0.0,86,29
2026-05-21 08:00:45,2026-05-21,4,羽毛球馆-11号,08:00-09:00,0,1,可预约,￥0.0,晴,17,12,5,0.0,86,29
2026-05-21 08:02:30,2026-05-21,4,羽毛球馆-11号,08:00-09:00,0,1,可预约,￥0.0,多云,17,12,5,0.0,87,29
2026-05-21 08:05:36,2026-05-21,4,羽毛球馆-11号,08:00-09:00,0,1,可预约,￥0.0,多云,17,12,5,0.0,86,29
2026-05-21 08:08:31,2026-05-21,4,羽毛球馆-11号,08:00-09:00,0,1,可预约,￥0.0,多云,17,12,5,0.0,86,29
2026-05-21 08:11:30,2026-05-21,4,羽毛球馆-11号,08:00-09:00,0,1,可预约,￥0.0,多云,17,12,5,0.0,86,29
2026-05-21 08:14:31,2026-05-21,4,羽毛球馆-11号,08:00-09:00,0,1,可预约,￥0.0,多云,17,12,5,0.0,86,29
2026-05-21 08:17:30,2026-05-21,4,羽毛球馆-11号,08:00-09:00,0,1,可预约,￥0.0,多云,17,12,5,0.0,86,29
2026-05-21 08:20:35,2026-05-21,4,羽毛球馆-11号,08:00-09:00,0,1,可预约,￥0.0,多云,17,14,4,0.0,85,29
2026-05-21 08:25:32,2026-05-21,4,羽毛球馆-11号,08:00-09:00,0,1,可预约,￥0.0,多云,17,14,4,0.0,85,28
2026-05-21 08:30:42,2026-05-21,4,羽毛球馆-11号,08:00-09:00,0,1,可预约,￥0.0,多云,18,15,4,0.0,84,28
2026-05-21 08:35:31,2026-05-21,4,羽毛球馆-11号,08:00-09:00,0,1,可预约,￥0.0,多云,18,15,4,0.0,84,28
2026-05-21 08:40:38,2026-05-21,4,羽毛球馆-11号,08:00-09:00,0,1,可预约,￥0.0,多云,18,15,4,0.0,82,28
2026-05-21 08:45:33,2026-05-21,4,羽毛球馆-11号,08:00-09:00,0,1,可预约,￥0.0,多云,18,15,4,0.0,82,28
2026-05-21 08:50:36,2026-05-21,4,羽毛球馆-11号,08:00-09:00,0,1,可预约,￥0.0,多云,18,15,4,0.0,82,28
2026-05-21 08:55:34,2026-05-21,4,羽毛球馆-11号,08:00-09:00,0,1,可预约,￥0.0,多云,18,15,4,0.0,84,28
2026-05-21 09:00:51,2026-05-21,4,羽毛球馆-11号,08:00-09:00,0,1,不开放/已过期,,多云,18,15,4,0.0,84,28
2026-05-21 09:01:59,2026-05-21,4,羽毛球馆-11号,08:00-09:00,0,1,不开放/已过期,,多云,18,15,4,0.0,83,28
2026-05-21 09:05:33,2026-05-21,4,羽毛球馆-11号,08:00-09:00,0,1,不开放/已过期,,多云,18,15,4,0.0,83,28
2026-05-21 09:20:38,2026-05-21,4,羽毛球馆-11号,08:00-09:00,0,1,不开放/已过期,,多云,18,16,3,0.0,81,28
2026-05-21 09:30:46,2026-05-21,4,羽毛球馆-11号,08:00-09:00,0,1,不开放/已过期,,多云,18,16,3,0.0,81,32
2026-05-21 09:40:36,2026-05-21,4,羽毛球馆-11号,08:00-09:00,0,1,不开放/已过期,,多云,19,17,3,0.0,79,32
2026-05-21 09:50:42,2026-05-21,4,羽毛球馆-11号,08:00-09:00,0,1,不开放/已过期,,多云,19,17,4,0.0,81,32
2026-05-21 10:00:46,2026-05-21,4,羽毛球馆-11号,08:00-09:00,0,1,不开放/已过期,,多云,19,17,4,0.0,79,32
2026-05-21 10:10:40,2026-05-21,4,羽毛球馆-11号,08:00-09:00,0,1,不开放/已过期,,多云,19,17,4,0.0,79,32
2026-05-21 10:20:38,2026-05-21,4,羽毛球馆-11号,08:00-09:00,0,1,不开放/已过期,,多云,19,17,4,0.0,79,32
2026-05-21 10:30:41,2026-05-21,4,羽毛球馆-11号,08:00-09:00,0,1,不开放/已过期,,多云,19,18,3,0.0,78,31
2026-05-21 11:00:44,2026-05-21,4,羽毛球馆-11号,08:00-09:00,0,1,不开放/已过期,,多云,21,17,5,0.0,74,31
2026-05-21 11:30:38,2026-05-21,4,羽毛球馆-11号,08:00-09:00,0,1,不开放/已过期,,多云,21,19,3,0.0,72,33
2026-05-21 12:00:46,2026-05-21,4,羽毛球馆-11号,08:00-09:00,0,1,不开放/已过期,,多云,22,19,4,0.0,70,33
2026-05-21 12:30:42,2026-05-21,4,羽毛球馆-11号,08:00-09:00,0,1,不开放/已过期,,多云,22,21,3,0.0,68,35
2026-05-21 13:00:43,2026-05-21,4,羽毛球馆-11号,08:00-09:00,0,1,不开放/已过期,,多云,24,22,4,0.0,66,35
2026-05-21 13:30:43,2026-05-21,4,羽毛球馆-11号,08:00-09:00,0,1,不开放/已过期,,多云,24,22,4,0.0,66,36
2026-05-21 14:00:48,2026-05-21,4,羽毛球馆-11号,08:00-09:00,0,1,不开放/已过期,,多云,25,23,4,0.0,66,36
2026-05-21 14:30:45,2026-05-21,4,羽毛球馆-11号,08:00-09:00,0,1,不开放/已过期,,晴,25,25,3,0.0,65,39
2026-05-21 15:00:45,2026-05-21,4,羽毛球馆-11号,08:00-09:00,0,1,不开放/已过期,,晴,25,22,4,0.0,56,39
2026-05-21 15:30:43,2026-05-21,4,羽毛球馆-11号,08:00-09:00,0,1,不开放/已过期,,晴,25,23,4,0.0,57,40
2026-05-21 16:00:51,2026-05-21,4,羽毛球馆-11号,08:00-09:00,0,1,不开放/已过期,,晴,25,23,4,0.0,57,40
2026-05-21 16:30:48,2026-05-21,4,羽毛球馆-11号,08:00-09:00,0,1,不开放/已过期,,晴,25,24,3,0.0,60,39
2026-05-21 17:00:49,2026-05-21,4,羽毛球馆-11号,08:00-09:00,0,1,不开放/已过期,,晴,25,24,4,0.0,61,39
2026-05-21 17:30:47,2026-05-21,4,羽毛球馆-11号,08:00-09:00,0,1,不开放/已过期,,多云,24,23,3,0.0,64,39
2026-05-21 18:00:50,2026-05-21,4,羽毛球馆-11号,08:00-09:00,0,1,不开放/已过期,,多云,24,23,3,0.0,68,39
2026-05-21 18:30:50,2026-05-21,4,羽毛球馆-11号,08:00-09:00,0,1,不开放/已过期,,阴,24,25,2,0.0,68,40
2026-05-21 19:00:50,2026-05-21,4,羽毛球馆-11号,08:00-09:00,0,1,不开放/已过期,,阴,23,23,3,0.0,76,40
2026-05-21 19:30:46,2026-05-21,4,羽毛球馆-11号,08:00-09:00,0,1,不开放/已过期,,阴,23,24,2,0.0,77,39
2026-05-21 20:00:49,2026-05-21,4,羽毛球馆-11号,08:00-09:00,0,1,不开放/已过期,,雾,22,23,2,0.0,89,39
2026-05-21 20:30:44,2026-05-21,4,羽毛球馆-11号,08:00-09:00,0,1,不开放/已过期,,雾,22,24,2,0.0,93,43
2026-05-21 21:00:56,2026-05-21,4,羽毛球馆-11号,08:00-09:00,0,1,不开放/已过期,,雾,20,21,2,0.0,98,43
2026-05-21 21:30:46,2026-05-21,4,羽毛球馆-11号,08:00-09:00,0,1,不开放/已过期,,雾,20,22,1,0.0,99,41
2026-05-21 22:01:02,2026-05-21,4,羽毛球馆-11号,08:00-09:00,0,1,不开放/已过期,,雾,19,20,2,0.0,93,41
2026-05-21 22:30:47,2026-05-21,4,羽毛球馆-11号,08:00-09:00,0,1,不开放/已过期,,雾,19,19,3,0.0,88,46
2026-05-21 23:00:56,2026-05-21,4,羽毛球馆-11号,08:00-09:00,0,1,不开放/已过期,,多云,18,17,3,0.0,85,46
2026-05-21 23:30:55,2026-05-21,4,羽毛球馆-11号,08:00-09:00,0,1,不开放/已过期,,多云,18,17,3,0.0,85,48
2026-05-21 00:30:49,2026-05-21,4,羽毛球馆-11号,09:00-10:00,0,1,可预约,￥12.0,多云,15,13,3,0.0,100,26
2026-05-21 01:00:55,2026-05-21,4,羽毛球馆-11号,09:00-10:00,0,1,可预约,￥12.0,多云,15,12,4,0.0,100,26
2026-05-21 01:30:47,2026-05-21,4,羽毛球馆-11号,09:00-10:00,0,1,可预约,￥12.0,多云,15,13,4,0.0,100,28
2026-05-21 02:00:53,2026-05-21,4,羽毛球馆-11号,09:00-10:00,0,1,可预约,￥12.0,多云,15,12,4,0.0,100,28
2026-05-21 02:30:49,2026-05-21,4,羽毛球馆-11号,09:00-10:00,0,1,可预约,￥12.0,多云,15,14,3,0.0,100,29
2026-05-21 03:00:55,2026-05-21,4,羽毛球馆-11号,09:00-10:00,0,1,可预约,￥12.0,多云,15,12,4,0.0,100,29
2026-05-21 03:30:49,2026-05-21,4,羽毛球馆-11号,09:00-10:00,0,1,可预约,￥12.0,多云,15,14,3,0.0,100,30
2026-05-21 04:30:45,2026-05-21,4,羽毛球馆-11号,09:00-10:00,0,1,可预约,￥12.0,多云,15,12,4,0.0,100,29
2026-05-21 05:00:52,2026-05-21,4,羽毛球馆-11号,09:00-10:00,0,1,可预约,￥12.0,多云,15,12,4,0.0,100,29
2026-05-21 05:30:49,2026-05-21,4,羽毛球馆-11号,09:00-10:00,0,1,可预约,￥12.0,多云,15,13,3,0.0,100,28
2026-05-21 06:00:50,2026-05-21,4,羽毛球馆-11号,09:00-10:00,0,1,可预约,￥12.0,多云,15,13,4,0.0,99,28
2026-05-21 06:30:38,2026-05-21,4,羽毛球馆-11号,09:00-10:00,0,1,可预约,￥12.0,多云,15,13,3,0.0,97,28
2026-05-21 07:00:43,2026-05-21,4,羽毛球馆-11号,09:00-10:00,0,1,可预约,￥12.0,晴,15,11,5,0.0,93,28
2026-05-21 07:30:39,2026-05-21,4,羽毛球馆-11号,09:00-10:00,0,1,可预约,￥12.0,晴,17,13,4,0.0,89,29
2026-05-21 07:50:40,2026-05-21,4,羽毛球馆-11号,09:00-10:00,0,1,可预约,￥12.0,晴,17,13,4,0.0,88,29
2026-05-21 07:53:31,2026-05-21,4,羽毛球馆-11号,09:00-10:00,0,1,可预约,￥12.0,晴,17,12,5,0.0,86,29
2026-05-21 07:56:31,2026-05-21,4,羽毛球馆-11号,09:00-10:00,0,1,可预约,￥12.0,晴,17,12,5,0.0,86,29
2026-05-21 07:59:26,2026-05-21,4,羽毛球馆-11号,09:00-10:00,0,1,可预约,￥12.0,晴,17,12,5,0.0,86,29
2026-05-21 08:00:45,2026-05-21,4,羽毛球馆-11号,09:00-10:00,0,1,可预约,￥12.0,晴,17,12,5,0.0,86,29
2026-05-21 08:02:30,2026-05-21,4,羽毛球馆-11号,09:00-10:00,0,1,可预约,￥12.0,多云,17,12,5,0.0,87,29
2026-05-21 08:05:36,2026-05-21,4,羽毛球馆-11号,09:00-10:00,0,1,可预约,￥12.0,多云,17,12,5,0.0,86,29
2026-05-21 08:08:31,2026-05-21,4,羽毛球馆-11号,09:00-10:00,0,1,可预约,￥12.0,多云,17,12,5,0.0,86,29
2026-05-21 08:11:30,2026-05-21,4,羽毛球馆-11号,09:00-10:00,0,1,可预约,￥12.0,多云,17,12,5,0.0,86,29
2026-05-21 08:14:31,2026-05-21,4,羽毛球馆-11号,09:00-10:00,0,1,可预约,￥12.0,多云,17,12,5,0.0,86,29
2026-05-21 08:17:30,2026-05-21,4,羽毛球馆-11号,09:00-10:00,0,1,可预约,￥12.0,多云,17,12,5,0.0,86,29
2026-05-21 08:20:35,2026-05-21,4,羽毛球馆-11号,09:00-10:00,0,1,可预约,￥12.0,多云,17,14,4,0.0,85,29
2026-05-21 08:25:32,2026-05-21,4,羽毛球馆-11号,09:00-10:00,0,1,可预约,￥12.0,多云,17,14,4,0.0,85,28
2026-05-21 08:30:42,2026-05-21,4,羽毛球馆-11号,09:00-10:00,0,1,可预约,￥12.0,多云,18,15,4,0.0,84,28
2026-05-21 08:35:31,2026-05-21,4,羽毛球馆-11号,09:00-10:00,0,1,可预约,￥12.0,多云,18,15,4,0.0,84,28
2026-05-21 08:40:38,2026-05-21,4,羽毛球馆-11号,09:00-10:00,0,1,可预约,￥12.0,多云,18,15,4,0.0,82,28
2026-05-21 08:45:33,2026-05-21,4,羽毛球馆-11号,09:00-10:00,0,1,可预约,￥12.0,多云,18,15,4,0.0,82,28
2026-05-21 08:50:36,2026-05-21,4,羽毛球馆-11号,09:00-10:00,0,1,可预约,￥12.0,多云,18,15,4,0.0,82,28
2026-05-21 08:55:34,2026-05-21,4,羽毛球馆-11号,09:00-10:00,0,1,可预约,￥12.0,多云,18,15,4,0.0,84,28
2026-05-21 09:00:51,2026-05-21,4,羽毛球馆-11号,09:00-10:00,0,1,可预约,￥12.0,多云,18,15,4,0.0,84,28
2026-05-21 09:01:59,2026-05-21,4,羽毛球馆-11号,09:00-10:00,0,1,可预约,￥12.0,多云,18,15,4,0.0,83,28
2026-05-21 09:05:33,2026-05-21,4,羽毛球馆-11号,09:00-10:00,0,1,可预约,￥12.0,多云,18,15,4,0.0,83,28
2026-05-21 09:20:38,2026-05-21,4,羽毛球馆-11号,09:00-10:00,0,1,可预约,￥12.0,多云,18,16,3,0.0,81,28
2026-05-21 09:30:46,2026-05-21,4,羽毛球馆-11号,09:00-10:00,0,1,可预约,￥12.0,多云,18,16,3,0.0,81,32
2026-05-21 09:40:36,2026-05-21,4,羽毛球馆-11号,09:00-10:00,0,1,可预约,￥12.0,多云,19,17,3,0.0,79,32
2026-05-21 09:50:42,2026-05-21,4,羽毛球馆-11号,09:00-10:00,0,1,可预约,￥12.0,多云,19,17,4,0.0,81,32
2026-05-21 10:00:46,2026-05-21,4,羽毛球馆-11号,09:00-10:00,0,1,不开放/已过期,,多云,19,17,4,0.0,79,32
2026-05-21 10:10:40,2026-05-21,4,羽毛球馆-11号,09:00-10:00,0,1,不开放/已过期,,多云,19,17,4,0.0,79,32
2026-05-21 10:20:38,2026-05-21,4,羽毛球馆-11号,09:00-10:00,0,1,不开放/已过期,,多云,19,17,4,0.0,79,32
2026-05-21 10:30:41,2026-05-21,4,羽毛球馆-11号,09:00-10:00,0,1,不开放/已过期,,多云,19,18,3,0.0,78,31
2026-05-21 11:00:44,2026-05-21,4,羽毛球馆-11号,09:00-10:00,0,1,不开放/已过期,,多云,21,17,5,0.0,74,31
2026-05-21 11:30:38,2026-05-21,4,羽毛球馆-11号,09:00-10:00,0,1,不开放/已过期,,多云,21,19,3,0.0,72,33
2026-05-21 12:00:46,2026-05-21,4,羽毛球馆-11号,09:00-10:00,0,1,不开放/已过期,,多云,22,19,4,0.0,70,33
2026-05-21 12:30:42,2026-05-21,4,羽毛球馆-11号,09:00-10:00,0,1,不开放/已过期,,多云,22,21,3,0.0,68,35
2026-05-21 13:00:43,2026-05-21,4,羽毛球馆-11号,09:00-10:00,0,1,不开放/已过期,,多云,24,22,4,0.0,66,35
2026-05-21 13:30:43,2026-05-21,4,羽毛球馆-11号,09:00-10:00,0,1,不开放/已过期,,多云,24,22,4,0.0,66,36
2026-05-21 14:00:48,2026-05-21,4,羽毛球馆-11号,09:00-10:00,0,1,不开放/已过期,,多云,25,23,4,0.0,66,36
2026-05-21 14:30:45,2026-05-21,4,羽毛球馆-11号,09:00-10:00,0,1,不开放/已过期,,晴,25,25,3,0.0,65,39
2026-05-21 15:00:45,2026-05-21,4,羽毛球馆-11号,09:00-10:00,0,1,不开放/已过期,,晴,25,22,4,0.0,56,39
2026-05-21 15:30:43,2026-05-21,4,羽毛球馆-11号,09:00-10:00,0,1,不开放/已过期,,晴,25,23,4,0.0,57,40
2026-05-21 16:00:51,2026-05-21,4,羽毛球馆-11号,09:00-10:00,0,1,不开放/已过期,,晴,25,23,4,0.0,57,40
2026-05-21 16:30:48,2026-05-21,4,羽毛球馆-11号,09:00-10:00,0,1,不开放/已过期,,晴,25,24,3,0.0,60,39
2026-05-21 17:00:49,2026-05-21,4,羽毛球馆-11号,09:00-10:00,0,1,不开放/已过期,,晴,25,24,4,0.0,61,39
2026-05-21 17:30:47,2026-05-21,4,羽毛球馆-11号,09:00-10:00,0,1,不开放/已过期,,多云,24,23,3,0.0,64,39
2026-05-21 18:00:50,2026-05-21,4,羽毛球馆-11号,09:00-10:00,0,1,不开放/已过期,,多云,24,23,3,0.0,68,39
2026-05-21 18:30:50,2026-05-21,4,羽毛球馆-11号,09:00-10:00,0,1,不开放/已过期,,阴,24,25,2,0.0,68,40
2026-05-21 19:00:50,2026-05-21,4,羽毛球馆-11号,09:00-10:00,0,1,不开放/已过期,,阴,23,23,3,0.0,76,40
2026-05-21 19:30:46,2026-05-21,4,羽毛球馆-11号,09:00-10:00,0,1,不开放/已过期,,阴,23,24,2,0.0,77,39
2026-05-21 20:00:49,2026-05-21,4,羽毛球馆-11号,09:00-10:00,0,1,不开放/已过期,,雾,22,23,2,0.0,89,39
2026-05-21 20:30:44,2026-05-21,4,羽毛球馆-11号,09:00-10:00,0,1,不开放/已过期,,雾,22,24,2,0.0,93,43
2026-05-21 21:00:56,2026-05-21,4,羽毛球馆-11号,09:00-10:00,0,1,不开放/已过期,,雾,20,21,2,0.0,98,43
2026-05-21 21:30:46,2026-05-21,4,羽毛球馆-11号,09:00-10:00,0,1,不开放/已过期,,雾,20,22,1,0.0,99,41
2026-05-21 22:01:02,2026-05-21,4,羽毛球馆-11号,09:00-10:00,0,1,不开放/已过期,,雾,19,20,2,0.0,93,41
2026-05-21 22:30:47,2026-05-21,4,羽毛球馆-11号,09:00-10:00,0,1,不开放/已过期,,雾,19,19,3,0.0,88,46
2026-05-21 23:00:56,2026-05-21,4,羽毛球馆-11号,09:00-10:00,0,1,不开放/已过期,,多云,18,17,3,0.0,85,46
2026-05-21 23:30:55,2026-05-21,4,羽毛球馆-11号,09:00-10:00,0,1,不开放/已过期,,多云,18,17,3,0.0,85,48
2026-05-21 00:30:49,2026-05-21,4,羽毛球馆-11号,10:00-11:00,1,1,已售/已满,教学时间,多云,15,13,3,0.0,100,26
2026-05-21 01:00:55,2026-05-21,4,羽毛球馆-11号,10:00-11:00,1,1,已售/已满,教学时间,多云,15,12,4,0.0,100,26
2026-05-21 01:30:47,2026-05-21,4,羽毛球馆-11号,10:00-11:00,1,1,已售/已满,教学时间,多云,15,13,4,0.0,100,28
2026-05-21 02:00:53,2026-05-21,4,羽毛球馆-11号,10:00-11:00,1,1,已售/已满,教学时间,多云,15,12,4,0.0,100,28
2026-05-21 02:30:49,2026-05-21,4,羽毛球馆-11号,10:00-11:00,1,1,已售/已满,教学时间,多云,15,14,3,0.0,100,29
2026-05-21 03:00:55,2026-05-21,4,羽毛球馆-11号,10:00-11:00,1,1,已售/已满,教学时间,多云,15,12,4,0.0,100,29
2026-05-21 03:30:49,2026-05-21,4,羽毛球馆-11号,10:00-11:00,1,1,已售/已满,教学时间,多云,15,14,3,0.0,100,30
2026-05-21 04:30:45,2026-05-21,4,羽毛球馆-11号,10:00-11:00,1,1,已售/已满,教学时间,多云,15,12,4,0.0,100,29
2026-05-21 05:00:52,2026-05-21,4,羽毛球馆-11号,10:00-11:00,1,1,已售/已满,教学时间,多云,15,12,4,0.0,100,29
2026-05-21 05:30:49,2026-05-21,4,羽毛球馆-11号,10:00-11:00,1,1,已售/已满,教学时间,多云,15,13,3,0.0,100,28
2026-05-21 06:00:50,2026-05-21,4,羽毛球馆-11号,10:00-11:00,1,1,已售/已满,教学时间,多云,15,13,4,0.0,99,28
2026-05-21 06:30:38,2026-05-21,4,羽毛球馆-11号,10:00-11:00,1,1,已售/已满,教学时间,多云,15,13,3,0.0,97,28
2026-05-21 07:00:43,2026-05-21,4,羽毛球馆-11号,10:00-11:00,1,1,已售/已满,教学时间,晴,15,11,5,0.0,93,28
2026-05-21 07:30:39,2026-05-21,4,羽毛球馆-11号,10:00-11:00,1,1,已售/已满,教学时间,晴,17,13,4,0.0,89,29
2026-05-21 07:50:40,2026-05-21,4,羽毛球馆-11号,10:00-11:00,1,1,已售/已满,教学时间,晴,17,13,4,0.0,88,29
2026-05-21 07:53:31,2026-05-21,4,羽毛球馆-11号,10:00-11:00,1,1,已售/已满,教学时间,晴,17,12,5,0.0,86,29
2026-05-21 07:56:31,2026-05-21,4,羽毛球馆-11号,10:00-11:00,1,1,已售/已满,教学时间,晴,17,12,5,0.0,86,29
2026-05-21 07:59:26,2026-05-21,4,羽毛球馆-11号,10:00-11:00,1,1,已售/已满,教学时间,晴,17,12,5,0.0,86,29
2026-05-21 08:00:45,2026-05-21,4,羽毛球馆-11号,10:00-11:00,1,1,已售/已满,教学时间,晴,17,12,5,0.0,86,29
2026-05-21 08:02:30,2026-05-21,4,羽毛球馆-11号,10:00-11:00,1,1,已售/已满,教学时间,多云,17,12,5,0.0,87,29
2026-05-21 08:05:36,2026-05-21,4,羽毛球馆-11号,10:00-11:00,1,1,已售/已满,教学时间,多云,17,12,5,0.0,86,29
2026-05-21 08:08:31,2026-05-21,4,羽毛球馆-11号,10:00-11:00,1,1,已售/已满,教学时间,多云,17,12,5,0.0,86,29
2026-05-21 08:11:30,2026-05-21,4,羽毛球馆-11号,10:00-11:00,1,1,已售/已满,教学时间,多云,17,12,5,0.0,86,29
2026-05-21 08:14:31,2026-05-21,4,羽毛球馆-11号,10:00-11:00,1,1,已售/已满,教学时间,多云,17,12,5,0.0,86,29
2026-05-21 08:17:30,2026-05-21,4,羽毛球馆-11号,10:00-11:00,1,1,已售/已满,教学时间,多云,17,12,5,0.0,86,29
2026-05-21 08:20:35,2026-05-21,4,羽毛球馆-11号,10:00-11:00,1,1,已售/已满,教学时间,多云,17,14,4,0.0,85,29
2026-05-21 08:25:32,2026-05-21,4,羽毛球馆-11号,10:00-11:00,1,1,已售/已满,教学时间,多云,17,14,4,0.0,85,28
2026-05-21 08:30:42,2026-05-21,4,羽毛球馆-11号,10:00-11:00,1,1,已售/已满,教学时间,多云,18,15,4,0.0,84,28
2026-05-21 08:35:31,2026-05-21,4,羽毛球馆-11号,10:00-11:00,1,1,已售/已满,教学时间,多云,18,15,4,0.0,84,28
2026-05-21 08:40:38,2026-05-21,4,羽毛球馆-11号,10:00-11:00,1,1,已售/已满,教学时间,多云,18,15,4,0.0,82,28
2026-05-21 08:45:33,2026-05-21,4,羽毛球馆-11号,10:00-11:00,1,1,已售/已满,教学时间,多云,18,15,4,0.0,82,28
2026-05-21 08:50:36,2026-05-21,4,羽毛球馆-11号,10:00-11:00,1,1,已售/已满,教学时间,多云,18,15,4,0.0,82,28
2026-05-21 08:55:34,2026-05-21,4,羽毛球馆-11号,10:00-11:00,1,1,已售/已满,教学时间,多云,18,15,4,0.0,84,28
2026-05-21 09:00:51,2026-05-21,4,羽毛球馆-11号,10:00-11:00,1,1,已售/已满,教学时间,多云,18,15,4,0.0,84,28
2026-05-21 09:01:59,2026-05-21,4,羽毛球馆-11号,10:00-11:00,1,1,已售/已满,教学时间,多云,18,15,4,0.0,83,28
2026-05-21 09:05:33,2026-05-21,4,羽毛球馆-11号,10:00-11:00,1,1,已售/已满,教学时间,多云,18,15,4,0.0,83,28
2026-05-21 09:20:38,2026-05-21,4,羽毛球馆-11号,10:00-11:00,1,1,已售/已满,教学时间,多云,18,16,3,0.0,81,28
2026-05-21 09:30:46,2026-05-21,4,羽毛球馆-11号,10:00-11:00,1,1,已售/已满,教学时间,多云,18,16,3,0.0,81,32
2026-05-21 09:40:36,2026-05-21,4,羽毛球馆-11号,10:00-11:00,1,1,已售/已满,教学时间,多云,19,17,3,0.0,79,32
2026-05-21 09:50:42,2026-05-21,4,羽毛球馆-11号,10:00-11:00,1,1,已售/已满,教学时间,多云,19,17,4,0.0,81,32
2026-05-21 10:00:46,2026-05-21,4,羽毛球馆-11号,10:00-11:00,1,1,已售/已满,教学时间,多云,19,17,4,0.0,79,32
2026-05-21 10:10:40,2026-05-21,4,羽毛球馆-11号,10:00-11:00,1,1,已售/已满,教学时间,多云,19,17,4,0.0,79,32
2026-05-21 10:20:38,2026-05-21,4,羽毛球馆-11号,10:00-11:00,1,1,已售/已满,教学时间,多云,19,17,4,0.0,79,32
2026-05-21 10:30:41,2026-05-21,4,羽毛球馆-11号,10:00-11:00,1,1,已售/已满,教学时间,多云,19,18,3,0.0,78,31
2026-05-21 11:00:44,2026-05-21,4,羽毛球馆-11号,10:00-11:00,1,1,已售/已满,教学时间,多云,21,17,5,0.0,74,31
2026-05-21 11:30:38,2026-05-21,4,羽毛球馆-11号,10:00-11:00,1,1,已售/已满,教学时间,多云,21,19,3,0.0,72,33
2026-05-21 12:00:46,2026-05-21,4,羽毛球馆-11号,10:00-11:00,1,1,已售/已满,教学时间,多云,22,19,4,0.0,70,33
2026-05-21 12:30:42,2026-05-21,4,羽毛球馆-11号,10:00-11:00,1,1,已售/已满,教学时间,多云,22,21,3,0.0,68,35
2026-05-21 13:00:43,2026-05-21,4,羽毛球馆-11号,10:00-11:00,1,1,已售/已满,教学时间,多云,24,22,4,0.0,66,35
2026-05-21 13:30:43,2026-05-21,4,羽毛球馆-11号,10:00-11:00,1,1,已售/已满,教学时间,多云,24,22,4,0.0,66,36
2026-05-21 14:00:48,2026-05-21,4,羽毛球馆-11号,10:00-11:00,1,1,已售/已满,教学时间,多云,25,23,4,0.0,66,36
2026-05-21 14:30:45,2026-05-21,4,羽毛球馆-11号,10:00-11:00,1,1,已售/已满,教学时间,晴,25,25,3,0.0,65,39
2026-05-21 15:00:45,2026-05-21,4,羽毛球馆-11号,10:00-11:00,1,1,已售/已满,教学时间,晴,25,22,4,0.0,56,39
2026-05-21 15:30:43,2026-05-21,4,羽毛球馆-11号,10:00-11:00,1,1,已售/已满,教学时间,晴,25,23,4,0.0,57,40
2026-05-21 16:00:51,2026-05-21,4,羽毛球馆-11号,10:00-11:00,1,1,已售/已满,教学时间,晴,25,23,4,0.0,57,40
2026-05-21 16:30:48,2026-05-21,4,羽毛球馆-11号,10:00-11:00,1,1,已售/已满,教学时间,晴,25,24,3,0.0,60,39
2026-05-21 17:00:49,2026-05-21,4,羽毛球馆-11号,10:00-11:00,1,1,已售/已满,教学时间,晴,25,24,4,0.0,61,39
2026-05-21 17:30:47,2026-05-21,4,羽毛球馆-11号,10:00-11:00,1,1,已售/已满,教学时间,多云,24,23,3,0.0,64,39
2026-05-21 18:00:50,2026-05-21,4,羽毛球馆-11号,10:00-11:00,1,1,已售/已满,教学时间,多云,24,23,3,0.0,68,39
2026-05-21 18:30:50,2026-05-21,4,羽毛球馆-11号,10:00-11:00,1,1,已售/已满,教学时间,阴,24,25,2,0.0,68,40
2026-05-21 19:00:50,2026-05-21,4,羽毛球馆-11号,10:00-11:00,1,1,已售/已满,教学时间,阴,23,23,3,0.0,76,40
2026-05-21 19:30:46,2026-05-21,4,羽毛球馆-11号,10:00-11:00,1,1,已售/已满,教学时间,阴,23,24,2,0.0,77,39
2026-05-21 20:00:49,2026-05-21,4,羽毛球馆-11号,10:00-11:00,1,1,已售/已满,教学时间,雾,22,23,2,0.0,89,39
2026-05-21 20:30:44,2026-05-21,4,羽毛球馆-11号,10:00-11:00,1,1,已售/已满,教学时间,雾,22,24,2,0.0,93,43
2026-05-21 21:00:56,2026-05-21,4,羽毛球馆-11号,10:00-11:00,1,1,已售/已满,教学时间,雾,20,21,2,0.0,98,43
2026-05-21 21:30:46,2026-05-21,4,羽毛球馆-11号,10:00-11:00,1,1,已售/已满,教学时间,雾,20,22,1,0.0,99,41
2026-05-21 22:01:02,2026-05-21,4,羽毛球馆-11号,10:00-11:00,1,1,已售/已满,教学时间,雾,19,20,2,0.0,93,41
2026-05-21 22:30:47,2026-05-21,4,羽毛球馆-11号,10:00-11:00,1,1,已售/已满,教学时间,雾,19,19,3,0.0,88,46
2026-05-21 23:00:56,2026-05-21,4,羽毛球馆-11号,10:00-11:00,1,1,已售/已满,教学时间,多云,18,17,3,0.0,85,46
2026-05-21 23:30:55,2026-05-21,4,羽毛球馆-11号,10:00-11:00,1,1,已售/已满,教学时间,多云,18,17,3,0.0,85,48
2026-05-21 00:30:49,2026-05-21,4,羽毛球馆-11号,11:00-12:00,1,1,已售/已满,教学时间,多云,15,13,3,0.0,100,26
2026-05-21 01:00:55,2026-05-21,4,羽毛球馆-11号,11:00-12:00,1,1,已售/已满,教学时间,多云,15,12,4,0.0,100,26
2026-05-21 01:30:47,2026-05-21,4,羽毛球馆-11号,11:00-12:00,1,1,已售/已满,教学时间,多云,15,13,4,0.0,100,28
2026-05-21 02:00:53,2026-05-21,4,羽毛球馆-11号,11:00-12:00,1,1,已售/已满,教学时间,多云,15,12,4,0.0,100,28
2026-05-21 02:30:49,2026-05-21,4,羽毛球馆-11号,11:00-12:00,1,1,已售/已满,教学时间,多云,15,14,3,0.0,100,29
2026-05-21 03:00:55,2026-05-21,4,羽毛球馆-11号,11:00-12:00,1,1,已售/已满,教学时间,多云,15,12,4,0.0,100,29
2026-05-21 03:30:49,2026-05-21,4,羽毛球馆-11号,11:00-12:00,1,1,已售/已满,教学时间,多云,15,14,3,0.0,100,30
2026-05-21 04:30:45,2026-05-21,4,羽毛球馆-11号,11:00-12:00,1,1,已售/已满,教学时间,多云,15,12,4,0.0,100,29
2026-05-21 05:00:52,2026-05-21,4,羽毛球馆-11号,11:00-12:00,1,1,已售/已满,教学时间,多云,15,12,4,0.0,100,29
2026-05-21 05:30:49,2026-05-21,4,羽毛球馆-11号,11:00-12:00,1,1,已售/已满,教学时间,多云,15,13,3,0.0,100,28
2026-05-21 06:00:50,2026-05-21,4,羽毛球馆-11号,11:00-12:00,1,1,已售/已满,教学时间,多云,15,13,4,0.0,99,28
2026-05-21 06:30:38,2026-05-21,4,羽毛球馆-11号,11:00-12:00,1,1,已售/已满,教学时间,多云,15,13,3,0.0,97,28
2026-05-21 07:00:43,2026-05-21,4,羽毛球馆-11号,11:00-12:00,1,1,已售/已满,教学时间,晴,15,11,5,0.0,93,28
2026-05-21 07:30:39,2026-05-21,4,羽毛球馆-11号,11:00-12:00,1,1,已售/已满,教学时间,晴,17,13,4,0.0,89,29
2026-05-21 07:50:40,2026-05-21,4,羽毛球馆-11号,11:00-12:00,1,1,已售/已满,教学时间,晴,17,13,4,0.0,88,29
2026-05-21 07:53:31,2026-05-21,4,羽毛球馆-11号,11:00-12:00,1,1,已售/已满,教学时间,晴,17,12,5,0.0,86,29
2026-05-21 07:56:31,2026-05-21,4,羽毛球馆-11号,11:00-12:00,1,1,已售/已满,教学时间,晴,17,12,5,0.0,86,29
2026-05-21 07:59:26,2026-05-21,4,羽毛球馆-11号,11:00-12:00,1,1,已售/已满,教学时间,晴,17,12,5,0.0,86,29
2026-05-21 08:00:45,2026-05-21,4,羽毛球馆-11号,11:00-12:00,1,1,已售/已满,教学时间,晴,17,12,5,0.0,86,29
2026-05-21 08:02:30,2026-05-21,4,羽毛球馆-11号,11:00-12:00,1,1,已售/已满,教学时间,多云,17,12,5,0.0,87,29
2026-05-21 08:05:36,2026-05-21,4,羽毛球馆-11号,11:00-12:00,1,1,已售/已满,教学时间,多云,17,12,5,0.0,86,29
2026-05-21 08:08:31,2026-05-21,4,羽毛球馆-11号,11:00-12:00,1,1,已售/已满,教学时间,多云,17,12,5,0.0,86,29
2026-05-21 08:11:30,2026-05-21,4,羽毛球馆-11号,11:00-12:00,1,1,已售/已满,教学时间,多云,17,12,5,0.0,86,29
2026-05-21 08:14:31,2026-05-21,4,羽毛球馆-11号,11:00-12:00,1,1,已售/已满,教学时间,多云,17,12,5,0.0,86,29
2026-05-21 08:17:30,2026-05-21,4,羽毛球馆-11号,11:00-12:00,1,1,已售/已满,教学时间,多云,17,12,5,0.0,86,29
2026-05-21 08:20:35,2026-05-21,4,羽毛球馆-11号,11:00-12:00,1,1,已售/已满,教学时间,多云,17,14,4,0.0,85,29
2026-05-21 08:25:32,2026-05-21,4,羽毛球馆-11号,11:00-12:00,1,1,已售/已满,教学时间,多云,17,14,4,0.0,85,28
2026-05-21 08:30:42,2026-05-21,4,羽毛球馆-11号,11:00-12:00,1,1,已售/已满,教学时间,多云,18,15,4,0.0,84,28
2026-05-21 08:35:31,2026-05-21,4,羽毛球馆-11号,11:00-12:00,1,1,已售/已满,教学时间,多云,18,15,4,0.0,84,28
2026-05-21 08:40:38,2026-05-21,4,羽毛球馆-11号,11:00-12:00,1,1,已售/已满,教学时间,多云,18,15,4,0.0,82,28
2026-05-21 08:45:33,2026-05-21,4,羽毛球馆-11号,11:00-12:00,1,1,已售/已满,教学时间,多云,18,15,4,0.0,82,28
2026-05-21 08:50:36,2026-05-21,4,羽毛球馆-11号,11:00-12:00,1,1,已售/已满,教学时间,多云,18,15,4,0.0,82,28
2026-05-21 08:55:34,2026-05-21,4,羽毛球馆-11号,11:00-12:00,1,1,已售/已满,教学时间,多云,18,15,4,0.0,84,28
2026-05-21 09:00:51,2026-05-21,4,羽毛球馆-11号,11:00-12:00,1,1,已售/已满,教学时间,多云,18,15,4,0.0,84,28
2026-05-21 09:01:59,2026-05-21,4,羽毛球馆-11号,11:00-12:00,1,1,已售/已满,教学时间,多云,18,15,4,0.0,83,28
2026-05-21 09:05:33,2026-05-21,4,羽毛球馆-11号,11:00-12:00,1,1,已售/已满,教学时间,多云,18,15,4,0.0,83,28
2026-05-21 09:20:38,2026-05-21,4,羽毛球馆-11号,11:00-12:00,1,1,已售/已满,教学时间,多云,18,16,3,0.0,81,28
2026-05-21 09:30:46,2026-05-21,4,羽毛球馆-11号,11:00-12:00,1,1,已售/已满,教学时间,多云,18,16,3,0.0,81,32
2026-05-21 09:40:36,2026-05-21,4,羽毛球馆-11号,11:00-12:00,1,1,已售/已满,教学时间,多云,19,17,3,0.0,79,32
2026-05-21 09:50:42,2026-05-21,4,羽毛球馆-11号,11:00-12:00,1,1,已售/已满,教学时间,多云,19,17,4,0.0,81,32
2026-05-21 10:00:46,2026-05-21,4,羽毛球馆-11号,11:00-12:00,1,1,已售/已满,教学时间,多云,19,17,4,0.0,79,32
2026-05-21 10:10:40,2026-05-21,4,羽毛球馆-11号,11:00-12:00,1,1,已售/已满,教学时间,多云,19,17,4,0.0,79,32
2026-05-21 10:20:38,2026-05-21,4,羽毛球馆-11号,11:00-12:00,1,1,已售/已满,教学时间,多云,19,17,4,0.0,79,32
2026-05-21 10:30:41,2026-05-21,4,羽毛球馆-11号,11:00-12:00,1,1,已售/已满,教学时间,多云,19,18,3,0.0,78,31
2026-05-21 11:00:44,2026-05-21,4,羽毛球馆-11号,11:00-12:00,1,1,已售/已满,教学时间,多云,21,17,5,0.0,74,31
2026-05-21 11:30:38,2026-05-21,4,羽毛球馆-11号,11:00-12:00,1,1,已售/已满,教学时间,多云,21,19,3,0.0,72,33
2026-05-21 12:00:46,2026-05-21,4,羽毛球馆-11号,11:00-12:00,1,1,已售/已满,教学时间,多云,22,19,4,0.0,70,33
2026-05-21 12:30:42,2026-05-21,4,羽毛球馆-11号,11:00-12:00,1,1,已售/已满,教学时间,多云,22,21,3,0.0,68,35
2026-05-21 13:00:43,2026-05-21,4,羽毛球馆-11号,11:00-12:00,1,1,已售/已满,教学时间,多云,24,22,4,0.0,66,35
2026-05-21 13:30:43,2026-05-21,4,羽毛球馆-11号,11:00-12:00,1,1,已售/已满,教学时间,多云,24,22,4,0.0,66,36
2026-05-21 14:00:48,2026-05-21,4,羽毛球馆-11号,11:00-12:00,1,1,已售/已满,教学时间,多云,25,23,4,0.0,66,36
2026-05-21 14:30:45,2026-05-21,4,羽毛球馆-11号,11:00-12:00,1,1,已售/已满,教学时间,晴,25,25,3,0.0,65,39
2026-05-21 15:00:45,2026-05-21,4,羽毛球馆-11号,11:00-12:00,1,1,已售/已满,教学时间,晴,25,22,4,0.0,56,39
2026-05-21 15:30:43,2026-05-21,4,羽毛球馆-11号,11:00-12:00,1,1,已售/已满,教学时间,晴,25,23,4,0.0,57,40
2026-05-21 16:00:51,2026-05-21,4,羽毛球馆-11号,11:00-12:00,1,1,已售/已满,教学时间,晴,25,23,4,0.0,57,40
2026-05-21 16:30:48,2026-05-21,4,羽毛球馆-11号,11:00-12:00,1,1,已售/已满,教学时间,晴,25,24,3,0.0,60,39
2026-05-21 17:00:49,2026-05-21,4,羽毛球馆-11号,11:00-12:00,1,1,已售/已满,教学时间,晴,25,24,4,0.0,61,39
2026-05-21 17:30:47,2026-05-21,4,羽毛球馆-11号,11:00-12:00,1,1,已售/已满,教学时间,多云,24,23,3,0.0,64,39
2026-05-21 18:00:50,2026-05-21,4,羽毛球馆-11号,11:00-12:00,1,1,已售/已满,教学时间,多云,24,23,3,0.0,68,39
2026-05-21 18:30:50,2026-05-21,4,羽毛球馆-11号,11:00-12:00,1,1,已售/已满,教学时间,阴,24,25,2,0.0,68,40
2026-05-21 19:00:50,2026-05-21,4,羽毛球馆-11号,11:00-12:00,1,1,已售/已满,教学时间,阴,23,23,3,0.0,76,40
2026-05-21 19:30:46,2026-05-21,4,羽毛球馆-11号,11:00-12:00,1,1,已售/已满,教学时间,阴,23,24,2,0.0,77,39
2026-05-21 20:00:49,2026-05-21,4,羽毛球馆-11号,11:00-12:00,1,1,已售/已满,教学时间,雾,22,23,2,0.0,89,39
2026-05-21 20:30:44,2026-05-21,4,羽毛球馆-11号,11:00-12:00,1,1,已售/已满,教学时间,雾,22,24,2,0.0,93,43
2026-05-21 21:00:56,2026-05-21,4,羽毛球馆-11号,11:00-12:00,1,1,已售/已满,教学时间,雾,20,21,2,0.0,98,43
2026-05-21 21:30:46,2026-05-21,4,羽毛球馆-11号,11:00-12:00,1,1,已售/已满,教学时间,雾,20,22,1,0.0,99,41
2026-05-21 22:01:02,2026-05-21,4,羽毛球馆-11号,11:00-12:00,1,1,已售/已满,教学时间,雾,19,20,2,0.0,93,41
2026-05-21 22:30:47,2026-05-21,4,羽毛球馆-11号,11:00-12:00,1,1,已售/已满,教学时间,雾,19,19,3,0.0,88,46
2026-05-21 23:00:56,2026-05-21,4,羽毛球馆-11号,11:00-12:00,1,1,已售/已满,教学时间,多云,18,17,3,0.0,85,46
2026-05-21 23:30:55,2026-05-21,4,羽毛球馆-11号,11:00-12:00,1,1,已售/已满,教学时间,多云,18,17,3,0.0,85,48
2026-05-21 00:30:49,2026-05-21,4,羽毛球馆-11号,12:00-12:55,1,1,已售/已满,已售,多云,15,13,3,0.0,100,26
2026-05-21 01:00:55,2026-05-21,4,羽毛球馆-11号,12:00-12:55,1,1,已售/已满,已售,多云,15,12,4,0.0,100,26
2026-05-21 01:30:47,2026-05-21,4,羽毛球馆-11号,12:00-12:55,1,1,已售/已满,已售,多云,15,13,4,0.0,100,28
2026-05-21 02:00:53,2026-05-21,4,羽毛球馆-11号,12:00-12:55,1,1,已售/已满,已售,多云,15,12,4,0.0,100,28
2026-05-21 02:30:49,2026-05-21,4,羽毛球馆-11号,12:00-12:55,1,1,已售/已满,已售,多云,15,14,3,0.0,100,29
2026-05-21 03:00:55,2026-05-21,4,羽毛球馆-11号,12:00-12:55,1,1,已售/已满,已售,多云,15,12,4,0.0,100,29
2026-05-21 03:30:49,2026-05-21,4,羽毛球馆-11号,12:00-12:55,1,1,已售/已满,已售,多云,15,14,3,0.0,100,30
2026-05-21 04:30:45,2026-05-21,4,羽毛球馆-11号,12:00-12:55,1,1,已售/已满,已售,多云,15,12,4,0.0,100,29
2026-05-21 05:00:52,2026-05-21,4,羽毛球馆-11号,12:00-12:55,1,1,已售/已满,已售,多云,15,12,4,0.0,100,29
2026-05-21 05:30:49,2026-05-21,4,羽毛球馆-11号,12:00-12:55,1,1,已售/已满,已售,多云,15,13,3,0.0,100,28
2026-05-21 06:00:50,2026-05-21,4,羽毛球馆-11号,12:00-12:55,1,1,已售/已满,已售,多云,15,13,4,0.0,99,28
2026-05-21 06:30:38,2026-05-21,4,羽毛球馆-11号,12:00-12:55,1,1,已售/已满,已售,多云,15,13,3,0.0,97,28
2026-05-21 07:00:43,2026-05-21,4,羽毛球馆-11号,12:00-12:55,1,1,已售/已满,已售,晴,15,11,5,0.0,93,28
2026-05-21 07:30:39,2026-05-21,4,羽毛球馆-11号,12:00-12:55,1,1,已售/已满,已售,晴,17,13,4,0.0,89,29
2026-05-21 07:50:40,2026-05-21,4,羽毛球馆-11号,12:00-12:55,1,1,已售/已满,已售,晴,17,13,4,0.0,88,29
2026-05-21 07:53:31,2026-05-21,4,羽毛球馆-11号,12:00-12:55,1,1,已售/已满,已售,晴,17,12,5,0.0,86,29
2026-05-21 07:56:31,2026-05-21,4,羽毛球馆-11号,12:00-12:55,1,1,已售/已满,已售,晴,17,12,5,0.0,86,29
2026-05-21 07:59:26,2026-05-21,4,羽毛球馆-11号,12:00-12:55,1,1,已售/已满,已售,晴,17,12,5,0.0,86,29
2026-05-21 08:00:45,2026-05-21,4,羽毛球馆-11号,12:00-12:55,1,1,已售/已满,已售,晴,17,12,5,0.0,86,29
2026-05-21 08:02:30,2026-05-21,4,羽毛球馆-11号,12:00-12:55,1,1,已售/已满,已售,多云,17,12,5,0.0,87,29
2026-05-21 08:05:36,2026-05-21,4,羽毛球馆-11号,12:00-12:55,1,1,已售/已满,已售,多云,17,12,5,0.0,86,29
2026-05-21 08:08:31,2026-05-21,4,羽毛球馆-11号,12:00-12:55,1,1,已售/已满,已售,多云,17,12,5,0.0,86,29
2026-05-21 08:11:30,2026-05-21,4,羽毛球馆-11号,12:00-12:55,1,1,已售/已满,已售,多云,17,12,5,0.0,86,29
2026-05-21 08:14:31,2026-05-21,4,羽毛球馆-11号,12:00-12:55,1,1,已售/已满,已售,多云,17,12,5,0.0,86,29
2026-05-21 08:17:30,2026-05-21,4,羽毛球馆-11号,12:00-12:55,1,1,已售/已满,已售,多云,17,12,5,0.0,86,29
2026-05-21 08:20:35,2026-05-21,4,羽毛球馆-11号,12:00-12:55,1,1,已售/已满,已售,多云,17,14,4,0.0,85,29
2026-05-21 08:25:32,2026-05-21,4,羽毛球馆-11号,12:00-12:55,1,1,已售/已满,已售,多云,17,14,4,0.0,85,28
2026-05-21 08:30:42,2026-05-21,4,羽毛球馆-11号,12:00-12:55,1,1,已售/已满,已售,多云,18,15,4,0.0,84,28
2026-05-21 08:35:31,2026-05-21,4,羽毛球馆-11号,12:00-12:55,1,1,已售/已满,已售,多云,18,15,4,0.0,84,28
2026-05-21 08:40:38,2026-05-21,4,羽毛球馆-11号,12:00-12:55,1,1,已售/已满,已售,多云,18,15,4,0.0,82,28
2026-05-21 08:45:33,2026-05-21,4,羽毛球馆-11号,12:00-12:55,1,1,已售/已满,已售,多云,18,15,4,0.0,82,28
2026-05-21 08:50:36,2026-05-21,4,羽毛球馆-11号,12:00-12:55,1,1,已售/已满,已售,多云,18,15,4,0.0,82,28
2026-05-21 08:55:34,2026-05-21,4,羽毛球馆-11号,12:00-12:55,1,1,已售/已满,已售,多云,18,15,4,0.0,84,28
2026-05-21 09:00:51,2026-05-21,4,羽毛球馆-11号,12:00-12:55,1,1,已售/已满,已售,多云,18,15,4,0.0,84,28
2026-05-21 09:01:59,2026-05-21,4,羽毛球馆-11号,12:00-12:55,1,1,已售/已满,已售,多云,18,15,4,0.0,83,28
2026-05-21 09:05:33,2026-05-21,4,羽毛球馆-11号,12:00-12:55,1,1,已售/已满,已售,多云,18,15,4,0.0,83,28
2026-05-21 09:20:38,2026-05-21,4,羽毛球馆-11号,12:00-12:55,1,1,已售/已满,已售,多云,18,16,3,0.0,81,28
2026-05-21 09:30:46,2026-05-21,4,羽毛球馆-11号,12:00-12:55,1,1,已售/已满,已售,多云,18,16,3,0.0,81,32
2026-05-21 09:40:36,2026-05-21,4,羽毛球馆-11号,12:00-12:55,1,1,已售/已满,已售,多云,19,17,3,0.0,79,32
2026-05-21 09:50:42,2026-05-21,4,羽毛球馆-11号,12:00-12:55,1,1,已售/已满,已售,多云,19,17,4,0.0,81,32
2026-05-21 10:00:46,2026-05-21,4,羽毛球馆-11号,12:00-12:55,1,1,已售/已满,已售,多云,19,17,4,0.0,79,32
2026-05-21 10:10:40,2026-05-21,4,羽毛球馆-11号,12:00-12:55,1,1,已售/已满,已售,多云,19,17,4,0.0,79,32
2026-05-21 10:20:38,2026-05-21,4,羽毛球馆-11号,12:00-12:55,1,1,已售/已满,已售,多云,19,17,4,0.0,79,32
2026-05-21 10:30:41,2026-05-21,4,羽毛球馆-11号,12:00-12:55,1,1,已售/已满,已售,多云,19,18,3,0.0,78,31
2026-05-21 11:00:44,2026-05-21,4,羽毛球馆-11号,12:00-12:55,1,1,已售/已满,已售,多云,21,17,5,0.0,74,31
2026-05-21 11:30:38,2026-05-21,4,羽毛球馆-11号,12:00-12:55,1,1,已售/已满,已售,多云,21,19,3,0.0,72,33
2026-05-21 12:00:46,2026-05-21,4,羽毛球馆-11号,12:00-12:55,1,1,已售/已满,已售,多云,22,19,4,0.0,70,33
2026-05-21 12:30:42,2026-05-21,4,羽毛球馆-11号,12:00-12:55,1,1,已售/已满,已售,多云,22,21,3,0.0,68,35
2026-05-21 13:00:43,2026-05-21,4,羽毛球馆-11号,12:00-12:55,1,1,已售/已满,已售,多云,24,22,4,0.0,66,35
2026-05-21 13:30:43,2026-05-21,4,羽毛球馆-11号,12:00-12:55,1,1,已售/已满,已售,多云,24,22,4,0.0,66,36
2026-05-21 14:00:48,2026-05-21,4,羽毛球馆-11号,12:00-12:55,1,1,已售/已满,已售,多云,25,23,4,0.0,66,36
2026-05-21 14:30:45,2026-05-21,4,羽毛球馆-11号,12:00-12:55,1,1,已售/已满,已售,晴,25,25,3,0.0,65,39
2026-05-21 15:00:45,2026-05-21,4,羽毛球馆-11号,12:00-12:55,1,1,已售/已满,已售,晴,25,22,4,0.0,56,39
2026-05-21 15:30:43,2026-05-21,4,羽毛球馆-11号,12:00-12:55,1,1,已售/已满,已售,晴,25,23,4,0.0,57,40
2026-05-21 16:00:51,2026-05-21,4,羽毛球馆-11号,12:00-12:55,1,1,已售/已满,已售,晴,25,23,4,0.0,57,40
2026-05-21 16:30:48,2026-05-21,4,羽毛球馆-11号,12:00-12:55,1,1,已售/已满,已售,晴,25,24,3,0.0,60,39
2026-05-21 17:00:49,2026-05-21,4,羽毛球馆-11号,12:00-12:55,1,1,已售/已满,已售,晴,25,24,4,0.0,61,39
2026-05-21 17:30:47,2026-05-21,4,羽毛球馆-11号,12:00-12:55,1,1,已售/已满,已售,多云,24,23,3,0.0,64,39
2026-05-21 18:00:50,2026-05-21,4,羽毛球馆-11号,12:00-12:55,1,1,已售/已满,已售,多云,24,23,3,0.0,68,39
2026-05-21 18:30:50,2026-05-21,4,羽毛球馆-11号,12:00-12:55,1,1,已售/已满,已售,阴,24,25,2,0.0,68,40
2026-05-21 19:00:50,2026-05-21,4,羽毛球馆-11号,12:00-12:55,1,1,已售/已满,已售,阴,23,23,3,0.0,76,40
2026-05-21 19:30:46,2026-05-21,4,羽毛球馆-11号,12:00-12:55,1,1,已售/已满,已售,阴,23,24,2,0.0,77,39
2026-05-21 20:00:49,2026-05-21,4,羽毛球馆-11号,12:00-12:55,1,1,已售/已满,已售,雾,22,23,2,0.0,89,39
2026-05-21 20:30:44,2026-05-21,4,羽毛球馆-11号,12:00-12:55,1,1,已售/已满,已售,雾,22,24,2,0.0,93,43
2026-05-21 21:00:56,2026-05-21,4,羽毛球馆-11号,12:00-12:55,1,1,已售/已满,已售,雾,20,21,2,0.0,98,43
2026-05-21 21:30:46,2026-05-21,4,羽毛球馆-11号,12:00-12:55,1,1,已售/已满,已售,雾,20,22,1,0.0,99,41
2026-05-21 22:01:02,2026-05-21,4,羽毛球馆-11号,12:00-12:55,1,1,已售/已满,已售,雾,19,20,2,0.0,93,41
2026-05-21 22:30:47,2026-05-21,4,羽毛球馆-11号,12:00-12:55,1,1,已售/已满,已售,雾,19,19,3,0.0,88,46
2026-05-21 23:00:56,2026-05-21,4,羽毛球馆-11号,12:00-12:55,1,1,已售/已满,已售,多云,18,17,3,0.0,85,46
2026-05-21 23:30:55,2026-05-21,4,羽毛球馆-11号,12:00-12:55,1,1,已售/已满,已售,多云,18,17,3,0.0,85,48
2026-05-21 00:30:49,2026-05-21,4,羽毛球馆-11号,12:55-13:50,1,1,已售/已满,已售,多云,15,13,3,0.0,100,26
2026-05-21 01:00:55,2026-05-21,4,羽毛球馆-11号,12:55-13:50,1,1,已售/已满,已售,多云,15,12,4,0.0,100,26
2026-05-21 01:30:47,2026-05-21,4,羽毛球馆-11号,12:55-13:50,1,1,已售/已满,已售,多云,15,13,4,0.0,100,28
2026-05-21 02:00:53,2026-05-21,4,羽毛球馆-11号,12:55-13:50,1,1,已售/已满,已售,多云,15,12,4,0.0,100,28
2026-05-21 02:30:49,2026-05-21,4,羽毛球馆-11号,12:55-13:50,1,1,已售/已满,已售,多云,15,14,3,0.0,100,29
2026-05-21 03:00:55,2026-05-21,4,羽毛球馆-11号,12:55-13:50,1,1,已售/已满,已售,多云,15,12,4,0.0,100,29
2026-05-21 03:30:49,2026-05-21,4,羽毛球馆-11号,12:55-13:50,1,1,已售/已满,已售,多云,15,14,3,0.0,100,30
2026-05-21 04:30:45,2026-05-21,4,羽毛球馆-11号,12:55-13:50,1,1,已售/已满,已售,多云,15,12,4,0.0,100,29
2026-05-21 05:00:52,2026-05-21,4,羽毛球馆-11号,12:55-13:50,1,1,已售/已满,已售,多云,15,12,4,0.0,100,29
2026-05-21 05:30:49,2026-05-21,4,羽毛球馆-11号,12:55-13:50,1,1,已售/已满,已售,多云,15,13,3,0.0,100,28
2026-05-21 06:00:50,2026-05-21,4,羽毛球馆-11号,12:55-13:50,1,1,已售/已满,已售,多云,15,13,4,0.0,99,28
2026-05-21 06:30:38,2026-05-21,4,羽毛球馆-11号,12:55-13:50,1,1,已售/已满,已售,多云,15,13,3,0.0,97,28
2026-05-21 07:00:43,2026-05-21,4,羽毛球馆-11号,12:55-13:50,1,1,已售/已满,已售,晴,15,11,5,0.0,93,28
2026-05-21 07:30:39,2026-05-21,4,羽毛球馆-11号,12:55-13:50,1,1,已售/已满,已售,晴,17,13,4,0.0,89,29
2026-05-21 07:50:40,2026-05-21,4,羽毛球馆-11号,12:55-13:50,1,1,已售/已满,已售,晴,17,13,4,0.0,88,29
2026-05-21 07:53:31,2026-05-21,4,羽毛球馆-11号,12:55-13:50,1,1,已售/已满,已售,晴,17,12,5,0.0,86,29
2026-05-21 07:56:31,2026-05-21,4,羽毛球馆-11号,12:55-13:50,1,1,已售/已满,已售,晴,17,12,5,0.0,86,29
2026-05-21 07:59:26,2026-05-21,4,羽毛球馆-11号,12:55-13:50,1,1,已售/已满,已售,晴,17,12,5,0.0,86,29
2026-05-21 08:00:45,2026-05-21,4,羽毛球馆-11号,12:55-13:50,1,1,已售/已满,已售,晴,17,12,5,0.0,86,29
2026-05-21 08:02:30,2026-05-21,4,羽毛球馆-11号,12:55-13:50,1,1,已售/已满,已售,多云,17,12,5,0.0,87,29
2026-05-21 08:05:36,2026-05-21,4,羽毛球馆-11号,12:55-13:50,1,1,已售/已满,已售,多云,17,12,5,0.0,86,29
2026-05-21 08:08:31,2026-05-21,4,羽毛球馆-11号,12:55-13:50,1,1,已售/已满,已售,多云,17,12,5,0.0,86,29
2026-05-21 08:11:30,2026-05-21,4,羽毛球馆-11号,12:55-13:50,1,1,已售/已满,已售,多云,17,12,5,0.0,86,29
2026-05-21 08:14:31,2026-05-21,4,羽毛球馆-11号,12:55-13:50,1,1,已售/已满,已售,多云,17,12,5,0.0,86,29
2026-05-21 08:17:30,2026-05-21,4,羽毛球馆-11号,12:55-13:50,1,1,已售/已满,已售,多云,17,12,5,0.0,86,29
2026-05-21 08:20:35,2026-05-21,4,羽毛球馆-11号,12:55-13:50,1,1,已售/已满,已售,多云,17,14,4,0.0,85,29
2026-05-21 08:25:32,2026-05-21,4,羽毛球馆-11号,12:55-13:50,1,1,已售/已满,已售,多云,17,14,4,0.0,85,28
2026-05-21 08:30:42,2026-05-21,4,羽毛球馆-11号,12:55-13:50,1,1,已售/已满,已售,多云,18,15,4,0.0,84,28
2026-05-21 08:35:31,2026-05-21,4,羽毛球馆-11号,12:55-13:50,1,1,已售/已满,已售,多云,18,15,4,0.0,84,28
2026-05-21 08:40:38,2026-05-21,4,羽毛球馆-11号,12:55-13:50,1,1,已售/已满,已售,多云,18,15,4,0.0,82,28
2026-05-21 08:45:33,2026-05-21,4,羽毛球馆-11号,12:55-13:50,1,1,已售/已满,已售,多云,18,15,4,0.0,82,28
2026-05-21 08:50:36,2026-05-21,4,羽毛球馆-11号,12:55-13:50,1,1,已售/已满,已售,多云,18,15,4,0.0,82,28
2026-05-21 08:55:34,2026-05-21,4,羽毛球馆-11号,12:55-13:50,1,1,已售/已满,已售,多云,18,15,4,0.0,84,28
2026-05-21 09:00:51,2026-05-21,4,羽毛球馆-11号,12:55-13:50,1,1,已售/已满,已售,多云,18,15,4,0.0,84,28
2026-05-21 09:01:59,2026-05-21,4,羽毛球馆-11号,12:55-13:50,1,1,已售/已满,已售,多云,18,15,4,0.0,83,28
2026-05-21 09:05:33,2026-05-21,4,羽毛球馆-11号,12:55-13:50,1,1,已售/已满,已售,多云,18,15,4,0.0,83,28
2026-05-21 09:20:38,2026-05-21,4,羽毛球馆-11号,12:55-13:50,1,1,已售/已满,已售,多云,18,16,3,0.0,81,28
2026-05-21 09:30:46,2026-05-21,4,羽毛球馆-11号,12:55-13:50,1,1,已售/已满,已售,多云,18,16,3,0.0,81,32
2026-05-21 09:40:36,2026-05-21,4,羽毛球馆-11号,12:55-13:50,1,1,已售/已满,已售,多云,19,17,3,0.0,79,32
2026-05-21 09:50:42,2026-05-21,4,羽毛球馆-11号,12:55-13:50,1,1,已售/已满,已售,多云,19,17,4,0.0,81,32
2026-05-21 10:00:46,2026-05-21,4,羽毛球馆-11号,12:55-13:50,1,1,已售/已满,已售,多云,19,17,4,0.0,79,32
2026-05-21 10:10:40,2026-05-21,4,羽毛球馆-11号,12:55-13:50,1,1,已售/已满,已售,多云,19,17,4,0.0,79,32
2026-05-21 10:20:38,2026-05-21,4,羽毛球馆-11号,12:55-13:50,1,1,已售/已满,已售,多云,19,17,4,0.0,79,32
2026-05-21 10:30:41,2026-05-21,4,羽毛球馆-11号,12:55-13:50,1,1,已售/已满,已售,多云,19,18,3,0.0,78,31
2026-05-21 11:00:44,2026-05-21,4,羽毛球馆-11号,12:55-13:50,1,1,已售/已满,已售,多云,21,17,5,0.0,74,31
2026-05-21 11:30:38,2026-05-21,4,羽毛球馆-11号,12:55-13:50,1,1,已售/已满,已售,多云,21,19,3,0.0,72,33
2026-05-21 12:00:46,2026-05-21,4,羽毛球馆-11号,12:55-13:50,1,1,已售/已满,已售,多云,22,19,4,0.0,70,33
2026-05-21 12:30:42,2026-05-21,4,羽毛球馆-11号,12:55-13:50,1,1,已售/已满,已售,多云,22,21,3,0.0,68,35
2026-05-21 13:00:43,2026-05-21,4,羽毛球馆-11号,12:55-13:50,1,1,已售/已满,已售,多云,24,22,4,0.0,66,35
2026-05-21 13:30:43,2026-05-21,4,羽毛球馆-11号,12:55-13:50,1,1,已售/已满,已售,多云,24,22,4,0.0,66,36
2026-05-21 14:00:48,2026-05-21,4,羽毛球馆-11号,12:55-13:50,1,1,已售/已满,已售,多云,25,23,4,0.0,66,36
2026-05-21 14:30:45,2026-05-21,4,羽毛球馆-11号,12:55-13:50,1,1,已售/已满,已售,晴,25,25,3,0.0,65,39
2026-05-21 15:00:45,2026-05-21,4,羽毛球馆-11号,12:55-13:50,1,1,已售/已满,已售,晴,25,22,4,0.0,56,39
2026-05-21 15:30:43,2026-05-21,4,羽毛球馆-11号,12:55-13:50,1,1,已售/已满,已售,晴,25,23,4,0.0,57,40
2026-05-21 16:00:51,2026-05-21,4,羽毛球馆-11号,12:55-13:50,1,1,已售/已满,已售,晴,25,23,4,0.0,57,40
2026-05-21 16:30:48,2026-05-21,4,羽毛球馆-11号,12:55-13:50,1,1,已售/已满,已售,晴,25,24,3,0.0,60,39
2026-05-21 17:00:49,2026-05-21,4,羽毛球馆-11号,12:55-13:50,1,1,已售/已满,已售,晴,25,24,4,0.0,61,39
2026-05-21 17:30:47,2026-05-21,4,羽毛球馆-11号,12:55-13:50,1,1,已售/已满,已售,多云,24,23,3,0.0,64,39
2026-05-21 18:00:50,2026-05-21,4,羽毛球馆-11号,12:55-13:50,1,1,已售/已满,已售,多云,24,23,3,0.0,68,39
2026-05-21 18:30:50,2026-05-21,4,羽毛球馆-11号,12:55-13:50,1,1,已售/已满,已售,阴,24,25,2,0.0,68,40
2026-05-21 19:00:50,2026-05-21,4,羽毛球馆-11号,12:55-13:50,1,1,已售/已满,已售,阴,23,23,3,0.0,76,40
2026-05-21 19:30:46,2026-05-21,4,羽毛球馆-11号,12:55-13:50,1,1,已售/已满,已售,阴,23,24,2,0.0,77,39
2026-05-21 20:00:49,2026-05-21,4,羽毛球馆-11号,12:55-13:50,1,1,已售/已满,已售,雾,22,23,2,0.0,89,39
2026-05-21 20:30:44,2026-05-21,4,羽毛球馆-11号,12:55-13:50,1,1,已售/已满,已售,雾,22,24,2,0.0,93,43
2026-05-21 21:00:56,2026-05-21,4,羽毛球馆-11号,12:55-13:50,1,1,已售/已满,已售,雾,20,21,2,0.0,98,43
2026-05-21 21:30:46,2026-05-21,4,羽毛球馆-11号,12:55-13:50,1,1,已售/已满,已售,雾,20,22,1,0.0,99,41
2026-05-21 22:01:02,2026-05-21,4,羽毛球馆-11号,12:55-13:50,1,1,已售/已满,已售,雾,19,20,2,0.0,93,41
2026-05-21 22:30:47,2026-05-21,4,羽毛球馆-11号,12:55-13:50,1,1,已售/已满,已售,雾,19,19,3,0.0,88,46
2026-05-21 23:00:56,2026-05-21,4,羽毛球馆-11号,12:55-13:50,1,1,已售/已满,已售,多云,18,17,3,0.0,85,46
2026-05-21 23:30:55,2026-05-21,4,羽毛球馆-11号,12:55-13:50,1,1,已售/已满,已售,多云,18,17,3,0.0,85,48
2026-05-21 00:30:49,2026-05-21,4,羽毛球馆-11号,14:00-15:00,1,1,已售/已满,已售,多云,15,13,3,0.0,100,26
2026-05-21 01:00:55,2026-05-21,4,羽毛球馆-11号,14:00-15:00,1,1,已售/已满,已售,多云,15,12,4,0.0,100,26
2026-05-21 01:30:47,2026-05-21,4,羽毛球馆-11号,14:00-15:00,1,1,已售/已满,已售,多云,15,13,4,0.0,100,28
2026-05-21 02:00:53,2026-05-21,4,羽毛球馆-11号,14:00-15:00,1,1,已售/已满,已售,多云,15,12,4,0.0,100,28
2026-05-21 02:30:49,2026-05-21,4,羽毛球馆-11号,14:00-15:00,1,1,已售/已满,已售,多云,15,14,3,0.0,100,29
2026-05-21 03:00:55,2026-05-21,4,羽毛球馆-11号,14:00-15:00,1,1,已售/已满,已售,多云,15,12,4,0.0,100,29
2026-05-21 03:30:49,2026-05-21,4,羽毛球馆-11号,14:00-15:00,1,1,已售/已满,已售,多云,15,14,3,0.0,100,30
2026-05-21 04:30:45,2026-05-21,4,羽毛球馆-11号,14:00-15:00,1,1,已售/已满,已售,多云,15,12,4,0.0,100,29
2026-05-21 05:00:52,2026-05-21,4,羽毛球馆-11号,14:00-15:00,1,1,已售/已满,已售,多云,15,12,4,0.0,100,29
2026-05-21 05:30:49,2026-05-21,4,羽毛球馆-11号,14:00-15:00,1,1,已售/已满,已售,多云,15,13,3,0.0,100,28
2026-05-21 06:00:50,2026-05-21,4,羽毛球馆-11号,14:00-15:00,1,1,已售/已满,已售,多云,15,13,4,0.0,99,28
2026-05-21 06:30:38,2026-05-21,4,羽毛球馆-11号,14:00-15:00,1,1,已售/已满,已售,多云,15,13,3,0.0,97,28
2026-05-21 07:00:43,2026-05-21,4,羽毛球馆-11号,14:00-15:00,1,1,已售/已满,已售,晴,15,11,5,0.0,93,28
2026-05-21 07:30:39,2026-05-21,4,羽毛球馆-11号,14:00-15:00,1,1,已售/已满,已售,晴,17,13,4,0.0,89,29
2026-05-21 07:50:40,2026-05-21,4,羽毛球馆-11号,14:00-15:00,1,1,已售/已满,已售,晴,17,13,4,0.0,88,29
2026-05-21 07:53:31,2026-05-21,4,羽毛球馆-11号,14:00-15:00,1,1,已售/已满,已售,晴,17,12,5,0.0,86,29
2026-05-21 07:56:31,2026-05-21,4,羽毛球馆-11号,14:00-15:00,1,1,已售/已满,已售,晴,17,12,5,0.0,86,29
2026-05-21 07:59:26,2026-05-21,4,羽毛球馆-11号,14:00-15:00,1,1,已售/已满,已售,晴,17,12,5,0.0,86,29
2026-05-21 08:00:45,2026-05-21,4,羽毛球馆-11号,14:00-15:00,1,1,已售/已满,已售,晴,17,12,5,0.0,86,29
2026-05-21 08:02:30,2026-05-21,4,羽毛球馆-11号,14:00-15:00,1,1,已售/已满,已售,多云,17,12,5,0.0,87,29
2026-05-21 08:05:36,2026-05-21,4,羽毛球馆-11号,14:00-15:00,1,1,已售/已满,已售,多云,17,12,5,0.0,86,29
2026-05-21 08:08:31,2026-05-21,4,羽毛球馆-11号,14:00-15:00,1,1,已售/已满,已售,多云,17,12,5,0.0,86,29
2026-05-21 08:11:30,2026-05-21,4,羽毛球馆-11号,14:00-15:00,1,1,已售/已满,已售,多云,17,12,5,0.0,86,29
2026-05-21 08:14:31,2026-05-21,4,羽毛球馆-11号,14:00-15:00,1,1,已售/已满,已售,多云,17,12,5,0.0,86,29
2026-05-21 08:17:30,2026-05-21,4,羽毛球馆-11号,14:00-15:00,1,1,已售/已满,已售,多云,17,12,5,0.0,86,29
2026-05-21 08:20:35,2026-05-21,4,羽毛球馆-11号,14:00-15:00,1,1,已售/已满,已售,多云,17,14,4,0.0,85,29
2026-05-21 08:25:32,2026-05-21,4,羽毛球馆-11号,14:00-15:00,1,1,已售/已满,已售,多云,17,14,4,0.0,85,28
2026-05-21 08:30:42,2026-05-21,4,羽毛球馆-11号,14:00-15:00,1,1,已售/已满,已售,多云,18,15,4,0.0,84,28
2026-05-21 08:35:31,2026-05-21,4,羽毛球馆-11号,14:00-15:00,1,1,已售/已满,已售,多云,18,15,4,0.0,84,28
2026-05-21 08:40:38,2026-05-21,4,羽毛球馆-11号,14:00-15:00,1,1,已售/已满,已售,多云,18,15,4,0.0,82,28
2026-05-21 08:45:33,2026-05-21,4,羽毛球馆-11号,14:00-15:00,1,1,已售/已满,已售,多云,18,15,4,0.0,82,28
2026-05-21 08:50:36,2026-05-21,4,羽毛球馆-11号,14:00-15:00,1,1,已售/已满,已售,多云,18,15,4,0.0,82,28
2026-05-21 08:55:34,2026-05-21,4,羽毛球馆-11号,14:00-15:00,1,1,已售/已满,已售,多云,18,15,4,0.0,84,28
2026-05-21 09:00:51,2026-05-21,4,羽毛球馆-11号,14:00-15:00,1,1,已售/已满,已售,多云,18,15,4,0.0,84,28
2026-05-21 09:01:59,2026-05-21,4,羽毛球馆-11号,14:00-15:00,1,1,已售/已满,已售,多云,18,15,4,0.0,83,28
2026-05-21 09:05:33,2026-05-21,4,羽毛球馆-11号,14:00-15:00,1,1,已售/已满,已售,多云,18,15,4,0.0,83,28
2026-05-21 09:20:38,2026-05-21,4,羽毛球馆-11号,14:00-15:00,1,1,已售/已满,已售,多云,18,16,3,0.0,81,28
2026-05-21 09:30:46,2026-05-21,4,羽毛球馆-11号,14:00-15:00,1,1,已售/已满,已售,多云,18,16,3,0.0,81,32
2026-05-21 09:40:36,2026-05-21,4,羽毛球馆-11号,14:00-15:00,1,1,已售/已满,已售,多云,19,17,3,0.0,79,32
2026-05-21 09:50:42,2026-05-21,4,羽毛球馆-11号,14:00-15:00,1,1,已售/已满,已售,多云,19,17,4,0.0,81,32
2026-05-21 10:00:46,2026-05-21,4,羽毛球馆-11号,14:00-15:00,1,1,已售/已满,已售,多云,19,17,4,0.0,79,32
2026-05-21 10:10:40,2026-05-21,4,羽毛球馆-11号,14:00-15:00,1,1,已售/已满,已售,多云,19,17,4,0.0,79,32
2026-05-21 10:20:38,2026-05-21,4,羽毛球馆-11号,14:00-15:00,1,1,已售/已满,已售,多云,19,17,4,0.0,79,32
2026-05-21 10:30:41,2026-05-21,4,羽毛球馆-11号,14:00-15:00,1,1,已售/已满,已售,多云,19,18,3,0.0,78,31
2026-05-21 11:00:44,2026-05-21,4,羽毛球馆-11号,14:00-15:00,1,1,已售/已满,已售,多云,21,17,5,0.0,74,31
2026-05-21 11:30:38,2026-05-21,4,羽毛球馆-11号,14:00-15:00,1,1,已售/已满,已售,多云,21,19,3,0.0,72,33
2026-05-21 12:00:46,2026-05-21,4,羽毛球馆-11号,14:00-15:00,1,1,已售/已满,已售,多云,22,19,4,0.0,70,33
2026-05-21 12:30:42,2026-05-21,4,羽毛球馆-11号,14:00-15:00,1,1,已售/已满,已售,多云,22,21,3,0.0,68,35
2026-05-21 13:00:43,2026-05-21,4,羽毛球馆-11号,14:00-15:00,1,1,已售/已满,已售,多云,24,22,4,0.0,66,35
2026-05-21 13:30:43,2026-05-21,4,羽毛球馆-11号,14:00-15:00,1,1,已售/已满,已售,多云,24,22,4,0.0,66,36
2026-05-21 14:00:48,2026-05-21,4,羽毛球馆-11号,14:00-15:00,1,1,已售/已满,已售,多云,25,23,4,0.0,66,36
2026-05-21 14:30:45,2026-05-21,4,羽毛球馆-11号,14:00-15:00,1,1,已售/已满,已售,晴,25,25,3,0.0,65,39
2026-05-21 15:00:45,2026-05-21,4,羽毛球馆-11号,14:00-15:00,1,1,已售/已满,已售,晴,25,22,4,0.0,56,39
2026-05-21 15:30:43,2026-05-21,4,羽毛球馆-11号,14:00-15:00,1,1,已售/已满,已售,晴,25,23,4,0.0,57,40
2026-05-21 16:00:51,2026-05-21,4,羽毛球馆-11号,14:00-15:00,1,1,已售/已满,已售,晴,25,23,4,0.0,57,40
2026-05-21 16:30:48,2026-05-21,4,羽毛球馆-11号,14:00-15:00,1,1,已售/已满,已售,晴,25,24,3,0.0,60,39
2026-05-21 17:00:49,2026-05-21,4,羽毛球馆-11号,14:00-15:00,1,1,已售/已满,已售,晴,25,24,4,0.0,61,39
2026-05-21 17:30:47,2026-05-21,4,羽毛球馆-11号,14:00-15:00,1,1,已售/已满,已售,多云,24,23,3,0.0,64,39
2026-05-21 18:00:50,2026-05-21,4,羽毛球馆-11号,14:00-15:00,1,1,已售/已满,已售,多云,24,23,3,0.0,68,39
2026-05-21 18:30:50,2026-05-21,4,羽毛球馆-11号,14:00-15:00,1,1,已售/已满,已售,阴,24,25,2,0.0,68,40
2026-05-21 19:00:50,2026-05-21,4,羽毛球馆-11号,14:00-15:00,1,1,已售/已满,已售,阴,23,23,3,0.0,76,40
2026-05-21 19:30:46,2026-05-21,4,羽毛球馆-11号,14:00-15:00,1,1,已售/已满,已售,阴,23,24,2,0.0,77,39
2026-05-21 20:00:49,2026-05-21,4,羽毛球馆-11号,14:00-15:00,1,1,已售/已满,已售,雾,22,23,2,0.0,89,39
2026-05-21 20:30:44,2026-05-21,4,羽毛球馆-11号,14:00-15:00,1,1,已售/已满,已售,雾,22,24,2,0.0,93,43
2026-05-21 21:00:56,2026-05-21,4,羽毛球馆-11号,14:00-15:00,1,1,已售/已满,已售,雾,20,21,2,0.0,98,43
2026-05-21 21:30:46,2026-05-21,4,羽毛球馆-11号,14:00-15:00,1,1,已售/已满,已售,雾,20,22,1,0.0,99,41
2026-05-21 22:01:02,2026-05-21,4,羽毛球馆-11号,14:00-15:00,1,1,已售/已满,已售,雾,19,20,2,0.0,93,41
2026-05-21 22:30:47,2026-05-21,4,羽毛球馆-11号,14:00-15:00,1,1,已售/已满,已售,雾,19,19,3,0.0,88,46
2026-05-21 23:00:56,2026-05-21,4,羽毛球馆-11号,14:00-15:00,1,1,已售/已满,已售,多云,18,17,3,0.0,85,46
2026-05-21 23:30:55,2026-05-21,4,羽毛球馆-11号,14:00-15:00,1,1,已售/已满,已售,多云,18,17,3,0.0,85,48
2026-05-21 00:30:49,2026-05-21,4,羽毛球馆-11号,15:00-16:00,1,1,已售/已满,已售,多云,15,13,3,0.0,100,26
2026-05-21 01:00:55,2026-05-21,4,羽毛球馆-11号,15:00-16:00,1,1,已售/已满,已售,多云,15,12,4,0.0,100,26
2026-05-21 01:30:47,2026-05-21,4,羽毛球馆-11号,15:00-16:00,1,1,已售/已满,已售,多云,15,13,4,0.0,100,28
2026-05-21 02:00:53,2026-05-21,4,羽毛球馆-11号,15:00-16:00,1,1,已售/已满,已售,多云,15,12,4,0.0,100,28
2026-05-21 02:30:49,2026-05-21,4,羽毛球馆-11号,15:00-16:00,1,1,已售/已满,已售,多云,15,14,3,0.0,100,29
2026-05-21 03:00:55,2026-05-21,4,羽毛球馆-11号,15:00-16:00,1,1,已售/已满,已售,多云,15,12,4,0.0,100,29
2026-05-21 03:30:49,2026-05-21,4,羽毛球馆-11号,15:00-16:00,1,1,已售/已满,已售,多云,15,14,3,0.0,100,30
2026-05-21 04:30:45,2026-05-21,4,羽毛球馆-11号,15:00-16:00,1,1,已售/已满,已售,多云,15,12,4,0.0,100,29
2026-05-21 05:00:52,2026-05-21,4,羽毛球馆-11号,15:00-16:00,1,1,已售/已满,已售,多云,15,12,4,0.0,100,29
2026-05-21 05:30:49,2026-05-21,4,羽毛球馆-11号,15:00-16:00,1,1,已售/已满,已售,多云,15,13,3,0.0,100,28
2026-05-21 06:00:50,2026-05-21,4,羽毛球馆-11号,15:00-16:00,1,1,已售/已满,已售,多云,15,13,4,0.0,99,28
2026-05-21 06:30:38,2026-05-21,4,羽毛球馆-11号,15:00-16:00,1,1,已售/已满,已售,多云,15,13,3,0.0,97,28
2026-05-21 07:00:43,2026-05-21,4,羽毛球馆-11号,15:00-16:00,1,1,已售/已满,已售,晴,15,11,5,0.0,93,28
2026-05-21 07:30:39,2026-05-21,4,羽毛球馆-11号,15:00-16:00,1,1,已售/已满,已售,晴,17,13,4,0.0,89,29
2026-05-21 07:50:40,2026-05-21,4,羽毛球馆-11号,15:00-16:00,1,1,已售/已满,已售,晴,17,13,4,0.0,88,29
2026-05-21 07:53:31,2026-05-21,4,羽毛球馆-11号,15:00-16:00,1,1,已售/已满,已售,晴,17,12,5,0.0,86,29
2026-05-21 07:56:31,2026-05-21,4,羽毛球馆-11号,15:00-16:00,1,1,已售/已满,已售,晴,17,12,5,0.0,86,29
2026-05-21 07:59:26,2026-05-21,4,羽毛球馆-11号,15:00-16:00,1,1,已售/已满,已售,晴,17,12,5,0.0,86,29
2026-05-21 08:00:45,2026-05-21,4,羽毛球馆-11号,15:00-16:00,1,1,已售/已满,已售,晴,17,12,5,0.0,86,29
2026-05-21 08:02:30,2026-05-21,4,羽毛球馆-11号,15:00-16:00,1,1,已售/已满,已售,多云,17,12,5,0.0,87,29
2026-05-21 08:05:36,2026-05-21,4,羽毛球馆-11号,15:00-16:00,1,1,已售/已满,已售,多云,17,12,5,0.0,86,29
2026-05-21 08:08:31,2026-05-21,4,羽毛球馆-11号,15:00-16:00,1,1,已售/已满,已售,多云,17,12,5,0.0,86,29
2026-05-21 08:11:30,2026-05-21,4,羽毛球馆-11号,15:00-16:00,1,1,已售/已满,已售,多云,17,12,5,0.0,86,29
2026-05-21 08:14:31,2026-05-21,4,羽毛球馆-11号,15:00-16:00,1,1,已售/已满,已售,多云,17,12,5,0.0,86,29
2026-05-21 08:17:30,2026-05-21,4,羽毛球馆-11号,15:00-16:00,1,1,已售/已满,已售,多云,17,12,5,0.0,86,29
2026-05-21 08:20:35,2026-05-21,4,羽毛球馆-11号,15:00-16:00,1,1,已售/已满,已售,多云,17,14,4,0.0,85,29
2026-05-21 08:25:32,2026-05-21,4,羽毛球馆-11号,15:00-16:00,1,1,已售/已满,已售,多云,17,14,4,0.0,85,28
2026-05-21 08:30:42,2026-05-21,4,羽毛球馆-11号,15:00-16:00,1,1,已售/已满,已售,多云,18,15,4,0.0,84,28
2026-05-21 08:35:31,2026-05-21,4,羽毛球馆-11号,15:00-16:00,1,1,已售/已满,已售,多云,18,15,4,0.0,84,28
2026-05-21 08:40:38,2026-05-21,4,羽毛球馆-11号,15:00-16:00,1,1,已售/已满,已售,多云,18,15,4,0.0,82,28
2026-05-21 08:45:33,2026-05-21,4,羽毛球馆-11号,15:00-16:00,1,1,已售/已满,已售,多云,18,15,4,0.0,82,28
2026-05-21 08:50:36,2026-05-21,4,羽毛球馆-11号,15:00-16:00,1,1,已售/已满,已售,多云,18,15,4,0.0,82,28
2026-05-21 08:55:34,2026-05-21,4,羽毛球馆-11号,15:00-16:00,1,1,已售/已满,已售,多云,18,15,4,0.0,84,28
2026-05-21 09:00:51,2026-05-21,4,羽毛球馆-11号,15:00-16:00,1,1,已售/已满,已售,多云,18,15,4,0.0,84,28
2026-05-21 09:01:59,2026-05-21,4,羽毛球馆-11号,15:00-16:00,1,1,已售/已满,已售,多云,18,15,4,0.0,83,28
2026-05-21 09:05:33,2026-05-21,4,羽毛球馆-11号,15:00-16:00,1,1,已售/已满,已售,多云,18,15,4,0.0,83,28
2026-05-21 09:20:38,2026-05-21,4,羽毛球馆-11号,15:00-16:00,1,1,已售/已满,已售,多云,18,16,3,0.0,81,28
2026-05-21 09:30:46,2026-05-21,4,羽毛球馆-11号,15:00-16:00,1,1,已售/已满,已售,多云,18,16,3,0.0,81,32
2026-05-21 09:40:36,2026-05-21,4,羽毛球馆-11号,15:00-16:00,1,1,已售/已满,已售,多云,19,17,3,0.0,79,32
2026-05-21 09:50:42,2026-05-21,4,羽毛球馆-11号,15:00-16:00,1,1,已售/已满,已售,多云,19,17,4,0.0,81,32
2026-05-21 10:00:46,2026-05-21,4,羽毛球馆-11号,15:00-16:00,1,1,已售/已满,已售,多云,19,17,4,0.0,79,32
2026-05-21 10:10:40,2026-05-21,4,羽毛球馆-11号,15:00-16:00,1,1,已售/已满,已售,多云,19,17,4,0.0,79,32
2026-05-21 10:20:38,2026-05-21,4,羽毛球馆-11号,15:00-16:00,1,1,已售/已满,已售,多云,19,17,4,0.0,79,32
2026-05-21 10:30:41,2026-05-21,4,羽毛球馆-11号,15:00-16:00,1,1,已售/已满,已售,多云,19,18,3,0.0,78,31
2026-05-21 11:00:44,2026-05-21,4,羽毛球馆-11号,15:00-16:00,1,1,已售/已满,已售,多云,21,17,5,0.0,74,31
2026-05-21 11:30:38,2026-05-21,4,羽毛球馆-11号,15:00-16:00,1,1,已售/已满,已售,多云,21,19,3,0.0,72,33
2026-05-21 12:00:46,2026-05-21,4,羽毛球馆-11号,15:00-16:00,1,1,已售/已满,已售,多云,22,19,4,0.0,70,33
2026-05-21 12:30:42,2026-05-21,4,羽毛球馆-11号,15:00-16:00,1,1,已售/已满,已售,多云,22,21,3,0.0,68,35
2026-05-21 13:00:43,2026-05-21,4,羽毛球馆-11号,15:00-16:00,1,1,已售/已满,已售,多云,24,22,4,0.0,66,35
2026-05-21 13:30:43,2026-05-21,4,羽毛球馆-11号,15:00-16:00,1,1,已售/已满,已售,多云,24,22,4,0.0,66,36
2026-05-21 14:00:48,2026-05-21,4,羽毛球馆-11号,15:00-16:00,1,1,已售/已满,已售,多云,25,23,4,0.0,66,36
2026-05-21 14:30:45,2026-05-21,4,羽毛球馆-11号,15:00-16:00,1,1,已售/已满,已售,晴,25,25,3,0.0,65,39
2026-05-21 15:00:45,2026-05-21,4,羽毛球馆-11号,15:00-16:00,1,1,已售/已满,已售,晴,25,22,4,0.0,56,39
2026-05-21 15:30:43,2026-05-21,4,羽毛球馆-11号,15:00-16:00,1,1,已售/已满,已售,晴,25,23,4,0.0,57,40
2026-05-21 16:00:51,2026-05-21,4,羽毛球馆-11号,15:00-16:00,1,1,已售/已满,已售,晴,25,23,4,0.0,57,40
2026-05-21 16:30:48,2026-05-21,4,羽毛球馆-11号,15:00-16:00,1,1,已售/已满,已售,晴,25,24,3,0.0,60,39
2026-05-21 17:00:49,2026-05-21,4,羽毛球馆-11号,15:00-16:00,1,1,已售/已满,已售,晴,25,24,4,0.0,61,39
2026-05-21 17:30:47,2026-05-21,4,羽毛球馆-11号,15:00-16:00,1,1,已售/已满,已售,多云,24,23,3,0.0,64,39
2026-05-21 18:00:50,2026-05-21,4,羽毛球馆-11号,15:00-16:00,1,1,已售/已满,已售,多云,24,23,3,0.0,68,39
2026-05-21 18:30:50,2026-05-21,4,羽毛球馆-11号,15:00-16:00,1,1,已售/已满,已售,阴,24,25,2,0.0,68,40
2026-05-21 19:00:50,2026-05-21,4,羽毛球馆-11号,15:00-16:00,1,1,已售/已满,已售,阴,23,23,3,0.0,76,40
2026-05-21 19:30:46,2026-05-21,4,羽毛球馆-11号,15:00-16:00,1,1,已售/已满,已售,阴,23,24,2,0.0,77,39
2026-05-21 20:00:49,2026-05-21,4,羽毛球馆-11号,15:00-16:00,1,1,已售/已满,已售,雾,22,23,2,0.0,89,39
2026-05-21 20:30:44,2026-05-21,4,羽毛球馆-11号,15:00-16:00,1,1,已售/已满,已售,雾,22,24,2,0.0,93,43
2026-05-21 21:00:56,2026-05-21,4,羽毛球馆-11号,15:00-16:00,1,1,已售/已满,已售,雾,20,21,2,0.0,98,43
2026-05-21 21:30:46,2026-05-21,4,羽毛球馆-11号,15:00-16:00,1,1,已售/已满,已售,雾,20,22,1,0.0,99,41
2026-05-21 22:01:02,2026-05-21,4,羽毛球馆-11号,15:00-16:00,1,1,已售/已满,已售,雾,19,20,2,0.0,93,41
2026-05-21 22:30:47,2026-05-21,4,羽毛球馆-11号,15:00-16:00,1,1,已售/已满,已售,雾,19,19,3,0.0,88,46
2026-05-21 23:00:56,2026-05-21,4,羽毛球馆-11号,15:00-16:00,1,1,已售/已满,已售,多云,18,17,3,0.0,85,46
2026-05-21 23:30:55,2026-05-21,4,羽毛球馆-11号,15:00-16:00,1,1,已售/已满,已售,多云,18,17,3,0.0,85,48
2026-05-21 00:30:49,2026-05-21,4,羽毛球馆-11号,16:00-17:00,1,1,已售/已满,已售,多云,15,13,3,0.0,100,26
2026-05-21 01:00:55,2026-05-21,4,羽毛球馆-11号,16:00-17:00,1,1,已售/已满,已售,多云,15,12,4,0.0,100,26
2026-05-21 01:30:47,2026-05-21,4,羽毛球馆-11号,16:00-17:00,1,1,已售/已满,已售,多云,15,13,4,0.0,100,28
2026-05-21 02:00:53,2026-05-21,4,羽毛球馆-11号,16:00-17:00,1,1,已售/已满,已售,多云,15,12,4,0.0,100,28
2026-05-21 02:30:49,2026-05-21,4,羽毛球馆-11号,16:00-17:00,1,1,已售/已满,已售,多云,15,14,3,0.0,100,29
2026-05-21 03:00:55,2026-05-21,4,羽毛球馆-11号,16:00-17:00,1,1,已售/已满,已售,多云,15,12,4,0.0,100,29
2026-05-21 03:30:49,2026-05-21,4,羽毛球馆-11号,16:00-17:00,1,1,已售/已满,已售,多云,15,14,3,0.0,100,30
2026-05-21 04:30:45,2026-05-21,4,羽毛球馆-11号,16:00-17:00,1,1,已售/已满,已售,多云,15,12,4,0.0,100,29
2026-05-21 05:00:52,2026-05-21,4,羽毛球馆-11号,16:00-17:00,1,1,已售/已满,已售,多云,15,12,4,0.0,100,29
2026-05-21 05:30:49,2026-05-21,4,羽毛球馆-11号,16:00-17:00,1,1,已售/已满,已售,多云,15,13,3,0.0,100,28
2026-05-21 06:00:50,2026-05-21,4,羽毛球馆-11号,16:00-17:00,1,1,已售/已满,已售,多云,15,13,4,0.0,99,28
2026-05-21 06:30:38,2026-05-21,4,羽毛球馆-11号,16:00-17:00,1,1,已售/已满,已售,多云,15,13,3,0.0,97,28
2026-05-21 07:00:43,2026-05-21,4,羽毛球馆-11号,16:00-17:00,1,1,已售/已满,已售,晴,15,11,5,0.0,93,28
2026-05-21 07:30:39,2026-05-21,4,羽毛球馆-11号,16:00-17:00,1,1,已售/已满,已售,晴,17,13,4,0.0,89,29
2026-05-21 07:50:40,2026-05-21,4,羽毛球馆-11号,16:00-17:00,1,1,已售/已满,已售,晴,17,13,4,0.0,88,29
2026-05-21 07:53:31,2026-05-21,4,羽毛球馆-11号,16:00-17:00,1,1,已售/已满,已售,晴,17,12,5,0.0,86,29
2026-05-21 07:56:31,2026-05-21,4,羽毛球馆-11号,16:00-17:00,1,1,已售/已满,已售,晴,17,12,5,0.0,86,29
2026-05-21 07:59:26,2026-05-21,4,羽毛球馆-11号,16:00-17:00,1,1,已售/已满,已售,晴,17,12,5,0.0,86,29
2026-05-21 08:00:45,2026-05-21,4,羽毛球馆-11号,16:00-17:00,1,1,已售/已满,已售,晴,17,12,5,0.0,86,29
2026-05-21 08:02:30,2026-05-21,4,羽毛球馆-11号,16:00-17:00,1,1,已售/已满,已售,多云,17,12,5,0.0,87,29
2026-05-21 08:05:36,2026-05-21,4,羽毛球馆-11号,16:00-17:00,1,1,已售/已满,已售,多云,17,12,5,0.0,86,29
2026-05-21 08:08:31,2026-05-21,4,羽毛球馆-11号,16:00-17:00,1,1,已售/已满,已售,多云,17,12,5,0.0,86,29
2026-05-21 08:11:30,2026-05-21,4,羽毛球馆-11号,16:00-17:00,1,1,已售/已满,已售,多云,17,12,5,0.0,86,29
2026-05-21 08:14:31,2026-05-21,4,羽毛球馆-11号,16:00-17:00,1,1,已售/已满,已售,多云,17,12,5,0.0,86,29
2026-05-21 08:17:30,2026-05-21,4,羽毛球馆-11号,16:00-17:00,1,1,已售/已满,已售,多云,17,12,5,0.0,86,29
2026-05-21 08:20:35,2026-05-21,4,羽毛球馆-11号,16:00-17:00,1,1,已售/已满,已售,多云,17,14,4,0.0,85,29
2026-05-21 08:25:32,2026-05-21,4,羽毛球馆-11号,16:00-17:00,1,1,已售/已满,已售,多云,17,14,4,0.0,85,28
2026-05-21 08:30:42,2026-05-21,4,羽毛球馆-11号,16:00-17:00,1,1,已售/已满,已售,多云,18,15,4,0.0,84,28
2026-05-21 08:35:31,2026-05-21,4,羽毛球馆-11号,16:00-17:00,1,1,已售/已满,已售,多云,18,15,4,0.0,84,28
2026-05-21 08:40:38,2026-05-21,4,羽毛球馆-11号,16:00-17:00,1,1,已售/已满,已售,多云,18,15,4,0.0,82,28
2026-05-21 08:45:33,2026-05-21,4,羽毛球馆-11号,16:00-17:00,1,1,已售/已满,已售,多云,18,15,4,0.0,82,28
2026-05-21 08:50:36,2026-05-21,4,羽毛球馆-11号,16:00-17:00,1,1,已售/已满,已售,多云,18,15,4,0.0,82,28
2026-05-21 08:55:34,2026-05-21,4,羽毛球馆-11号,16:00-17:00,1,1,已售/已满,已售,多云,18,15,4,0.0,84,28
2026-05-21 09:00:51,2026-05-21,4,羽毛球馆-11号,16:00-17:00,1,1,已售/已满,已售,多云,18,15,4,0.0,84,28
2026-05-21 09:01:59,2026-05-21,4,羽毛球馆-11号,16:00-17:00,1,1,已售/已满,已售,多云,18,15,4,0.0,83,28
2026-05-21 09:05:33,2026-05-21,4,羽毛球馆-11号,16:00-17:00,1,1,已售/已满,已售,多云,18,15,4,0.0,83,28
2026-05-21 09:20:38,2026-05-21,4,羽毛球馆-11号,16:00-17:00,1,1,已售/已满,已售,多云,18,16,3,0.0,81,28
2026-05-21 09:30:46,2026-05-21,4,羽毛球馆-11号,16:00-17:00,1,1,已售/已满,已售,多云,18,16,3,0.0,81,32
2026-05-21 09:40:36,2026-05-21,4,羽毛球馆-11号,16:00-17:00,1,1,已售/已满,已售,多云,19,17,3,0.0,79,32
2026-05-21 09:50:42,2026-05-21,4,羽毛球馆-11号,16:00-17:00,1,1,已售/已满,已售,多云,19,17,4,0.0,81,32
2026-05-21 10:00:46,2026-05-21,4,羽毛球馆-11号,16:00-17:00,1,1,已售/已满,已售,多云,19,17,4,0.0,79,32
2026-05-21 10:10:40,2026-05-21,4,羽毛球馆-11号,16:00-17:00,1,1,已售/已满,已售,多云,19,17,4,0.0,79,32
2026-05-21 10:20:38,2026-05-21,4,羽毛球馆-11号,16:00-17:00,1,1,已售/已满,已售,多云,19,17,4,0.0,79,32
2026-05-21 10:30:41,2026-05-21,4,羽毛球馆-11号,16:00-17:00,1,1,已售/已满,已售,多云,19,18,3,0.0,78,31
2026-05-21 11:00:44,2026-05-21,4,羽毛球馆-11号,16:00-17:00,1,1,已售/已满,已售,多云,21,17,5,0.0,74,31
2026-05-21 11:30:38,2026-05-21,4,羽毛球馆-11号,16:00-17:00,1,1,已售/已满,已售,多云,21,19,3,0.0,72,33
2026-05-21 12:00:46,2026-05-21,4,羽毛球馆-11号,16:00-17:00,1,1,已售/已满,已售,多云,22,19,4,0.0,70,33
2026-05-21 12:30:42,2026-05-21,4,羽毛球馆-11号,16:00-17:00,1,1,已售/已满,已售,多云,22,21,3,0.0,68,35
2026-05-21 13:00:43,2026-05-21,4,羽毛球馆-11号,16:00-17:00,1,1,已售/已满,已售,多云,24,22,4,0.0,66,35
2026-05-21 13:30:43,2026-05-21,4,羽毛球馆-11号,16:00-17:00,1,1,已售/已满,已售,多云,24,22,4,0.0,66,36
2026-05-21 14:00:48,2026-05-21,4,羽毛球馆-11号,16:00-17:00,1,1,已售/已满,已售,多云,25,23,4,0.0,66,36
2026-05-21 14:30:45,2026-05-21,4,羽毛球馆-11号,16:00-17:00,1,1,已售/已满,已售,晴,25,25,3,0.0,65,39
2026-05-21 15:00:45,2026-05-21,4,羽毛球馆-11号,16:00-17:00,1,1,已售/已满,已售,晴,25,22,4,0.0,56,39
2026-05-21 15:30:43,2026-05-21,4,羽毛球馆-11号,16:00-17:00,1,1,已售/已满,已售,晴,25,23,4,0.0,57,40
2026-05-21 16:00:51,2026-05-21,4,羽毛球馆-11号,16:00-17:00,1,1,已售/已满,已售,晴,25,23,4,0.0,57,40
2026-05-21 16:30:48,2026-05-21,4,羽毛球馆-11号,16:00-17:00,1,1,已售/已满,已售,晴,25,24,3,0.0,60,39
2026-05-21 17:00:49,2026-05-21,4,羽毛球馆-11号,16:00-17:00,1,1,已售/已满,已售,晴,25,24,4,0.0,61,39
2026-05-21 17:30:47,2026-05-21,4,羽毛球馆-11号,16:00-17:00,1,1,已售/已满,已售,多云,24,23,3,0.0,64,39
2026-05-21 18:00:50,2026-05-21,4,羽毛球馆-11号,16:00-17:00,1,1,已售/已满,已售,多云,24,23,3,0.0,68,39
2026-05-21 18:30:50,2026-05-21,4,羽毛球馆-11号,16:00-17:00,1,1,已售/已满,已售,阴,24,25,2,0.0,68,40
2026-05-21 19:00:50,2026-05-21,4,羽毛球馆-11号,16:00-17:00,1,1,已售/已满,已售,阴,23,23,3,0.0,76,40
2026-05-21 19:30:46,2026-05-21,4,羽毛球馆-11号,16:00-17:00,1,1,已售/已满,已售,阴,23,24,2,0.0,77,39
2026-05-21 20:00:49,2026-05-21,4,羽毛球馆-11号,16:00-17:00,1,1,已售/已满,已售,雾,22,23,2,0.0,89,39
2026-05-21 20:30:44,2026-05-21,4,羽毛球馆-11号,16:00-17:00,1,1,已售/已满,已售,雾,22,24,2,0.0,93,43
2026-05-21 21:00:56,2026-05-21,4,羽毛球馆-11号,16:00-17:00,1,1,已售/已满,已售,雾,20,21,2,0.0,98,43
2026-05-21 21:30:46,2026-05-21,4,羽毛球馆-11号,16:00-17:00,1,1,已售/已满,已售,雾,20,22,1,0.0,99,41
2026-05-21 22:01:02,2026-05-21,4,羽毛球馆-11号,16:00-17:00,1,1,已售/已满,已售,雾,19,20,2,0.0,93,41
2026-05-21 22:30:47,2026-05-21,4,羽毛球馆-11号,16:00-17:00,1,1,已售/已满,已售,雾,19,19,3,0.0,88,46
2026-05-21 23:00:56,2026-05-21,4,羽毛球馆-11号,16:00-17:00,1,1,已售/已满,已售,多云,18,17,3,0.0,85,46
2026-05-21 23:30:55,2026-05-21,4,羽毛球馆-11号,16:00-17:00,1,1,已售/已满,已售,多云,18,17,3,0.0,85,48
2026-05-21 00:30:49,2026-05-21,4,羽毛球馆-11号,17:00-18:00,1,1,已售/已满,已售,多云,15,13,3,0.0,100,26
2026-05-21 01:00:55,2026-05-21,4,羽毛球馆-11号,17:00-18:00,1,1,已售/已满,已售,多云,15,12,4,0.0,100,26
2026-05-21 01:30:47,2026-05-21,4,羽毛球馆-11号,17:00-18:00,1,1,已售/已满,已售,多云,15,13,4,0.0,100,28
2026-05-21 02:00:53,2026-05-21,4,羽毛球馆-11号,17:00-18:00,1,1,已售/已满,已售,多云,15,12,4,0.0,100,28
2026-05-21 02:30:49,2026-05-21,4,羽毛球馆-11号,17:00-18:00,1,1,已售/已满,已售,多云,15,14,3,0.0,100,29
2026-05-21 03:00:55,2026-05-21,4,羽毛球馆-11号,17:00-18:00,1,1,已售/已满,已售,多云,15,12,4,0.0,100,29
2026-05-21 03:30:49,2026-05-21,4,羽毛球馆-11号,17:00-18:00,1,1,已售/已满,已售,多云,15,14,3,0.0,100,30
2026-05-21 04:30:45,2026-05-21,4,羽毛球馆-11号,17:00-18:00,1,1,已售/已满,已售,多云,15,12,4,0.0,100,29
2026-05-21 05:00:52,2026-05-21,4,羽毛球馆-11号,17:00-18:00,1,1,已售/已满,已售,多云,15,12,4,0.0,100,29
2026-05-21 05:30:49,2026-05-21,4,羽毛球馆-11号,17:00-18:00,1,1,已售/已满,已售,多云,15,13,3,0.0,100,28
2026-05-21 06:00:50,2026-05-21,4,羽毛球馆-11号,17:00-18:00,1,1,已售/已满,已售,多云,15,13,4,0.0,99,28
2026-05-21 06:30:38,2026-05-21,4,羽毛球馆-11号,17:00-18:00,1,1,已售/已满,已售,多云,15,13,3,0.0,97,28
2026-05-21 07:00:43,2026-05-21,4,羽毛球馆-11号,17:00-18:00,1,1,已售/已满,已售,晴,15,11,5,0.0,93,28
2026-05-21 07:30:39,2026-05-21,4,羽毛球馆-11号,17:00-18:00,1,1,已售/已满,已售,晴,17,13,4,0.0,89,29
2026-05-21 07:50:40,2026-05-21,4,羽毛球馆-11号,17:00-18:00,1,1,已售/已满,已售,晴,17,13,4,0.0,88,29
2026-05-21 07:53:31,2026-05-21,4,羽毛球馆-11号,17:00-18:00,1,1,已售/已满,已售,晴,17,12,5,0.0,86,29
2026-05-21 07:56:31,2026-05-21,4,羽毛球馆-11号,17:00-18:00,1,1,已售/已满,已售,晴,17,12,5,0.0,86,29
2026-05-21 07:59:26,2026-05-21,4,羽毛球馆-11号,17:00-18:00,1,1,已售/已满,已售,晴,17,12,5,0.0,86,29
2026-05-21 08:00:45,2026-05-21,4,羽毛球馆-11号,17:00-18:00,1,1,已售/已满,已售,晴,17,12,5,0.0,86,29
2026-05-21 08:02:30,2026-05-21,4,羽毛球馆-11号,17:00-18:00,1,1,已售/已满,已售,多云,17,12,5,0.0,87,29
2026-05-21 08:05:36,2026-05-21,4,羽毛球馆-11号,17:00-18:00,1,1,已售/已满,已售,多云,17,12,5,0.0,86,29
2026-05-21 08:08:31,2026-05-21,4,羽毛球馆-11号,17:00-18:00,1,1,已售/已满,已售,多云,17,12,5,0.0,86,29
2026-05-21 08:11:30,2026-05-21,4,羽毛球馆-11号,17:00-18:00,1,1,已售/已满,已售,多云,17,12,5,0.0,86,29
2026-05-21 08:14:31,2026-05-21,4,羽毛球馆-11号,17:00-18:00,1,1,已售/已满,已售,多云,17,12,5,0.0,86,29
2026-05-21 08:17:30,2026-05-21,4,羽毛球馆-11号,17:00-18:00,1,1,已售/已满,已售,多云,17,12,5,0.0,86,29
2026-05-21 08:20:35,2026-05-21,4,羽毛球馆-11号,17:00-18:00,1,1,已售/已满,已售,多云,17,14,4,0.0,85,29
2026-05-21 08:25:32,2026-05-21,4,羽毛球馆-11号,17:00-18:00,1,1,已售/已满,已售,多云,17,14,4,0.0,85,28
2026-05-21 08:30:42,2026-05-21,4,羽毛球馆-11号,17:00-18:00,1,1,已售/已满,已售,多云,18,15,4,0.0,84,28
2026-05-21 08:35:31,2026-05-21,4,羽毛球馆-11号,17:00-18:00,1,1,已售/已满,已售,多云,18,15,4,0.0,84,28
2026-05-21 08:40:38,2026-05-21,4,羽毛球馆-11号,17:00-18:00,1,1,已售/已满,已售,多云,18,15,4,0.0,82,28
2026-05-21 08:45:33,2026-05-21,4,羽毛球馆-11号,17:00-18:00,1,1,已售/已满,已售,多云,18,15,4,0.0,82,28
2026-05-21 08:50:36,2026-05-21,4,羽毛球馆-11号,17:00-18:00,1,1,已售/已满,已售,多云,18,15,4,0.0,82,28
2026-05-21 08:55:34,2026-05-21,4,羽毛球馆-11号,17:00-18:00,1,1,已售/已满,已售,多云,18,15,4,0.0,84,28
2026-05-21 09:00:51,2026-05-21,4,羽毛球馆-11号,17:00-18:00,1,1,已售/已满,已售,多云,18,15,4,0.0,84,28
2026-05-21 09:01:59,2026-05-21,4,羽毛球馆-11号,17:00-18:00,1,1,已售/已满,已售,多云,18,15,4,0.0,83,28
2026-05-21 09:05:33,2026-05-21,4,羽毛球馆-11号,17:00-18:00,1,1,已售/已满,已售,多云,18,15,4,0.0,83,28
2026-05-21 09:20:38,2026-05-21,4,羽毛球馆-11号,17:00-18:00,1,1,已售/已满,已售,多云,18,16,3,0.0,81,28
2026-05-21 09:30:46,2026-05-21,4,羽毛球馆-11号,17:00-18:00,1,1,已售/已满,已售,多云,18,16,3,0.0,81,32
2026-05-21 09:40:36,2026-05-21,4,羽毛球馆-11号,17:00-18:00,1,1,已售/已满,已售,多云,19,17,3,0.0,79,32
2026-05-21 09:50:42,2026-05-21,4,羽毛球馆-11号,17:00-18:00,1,1,已售/已满,已售,多云,19,17,4,0.0,81,32
2026-05-21 10:00:46,2026-05-21,4,羽毛球馆-11号,17:00-18:00,1,1,已售/已满,已售,多云,19,17,4,0.0,79,32
2026-05-21 10:10:40,2026-05-21,4,羽毛球馆-11号,17:00-18:00,1,1,已售/已满,已售,多云,19,17,4,0.0,79,32
2026-05-21 10:20:38,2026-05-21,4,羽毛球馆-11号,17:00-18:00,1,1,已售/已满,已售,多云,19,17,4,0.0,79,32
2026-05-21 10:30:41,2026-05-21,4,羽毛球馆-11号,17:00-18:00,1,1,已售/已满,已售,多云,19,18,3,0.0,78,31
2026-05-21 11:00:44,2026-05-21,4,羽毛球馆-11号,17:00-18:00,1,1,已售/已满,已售,多云,21,17,5,0.0,74,31
2026-05-21 11:30:38,2026-05-21,4,羽毛球馆-11号,17:00-18:00,1,1,已售/已满,已售,多云,21,19,3,0.0,72,33
2026-05-21 12:00:46,2026-05-21,4,羽毛球馆-11号,17:00-18:00,1,1,已售/已满,已售,多云,22,19,4,0.0,70,33
2026-05-21 12:30:42,2026-05-21,4,羽毛球馆-11号,17:00-18:00,1,1,已售/已满,已售,多云,22,21,3,0.0,68,35
2026-05-21 13:00:43,2026-05-21,4,羽毛球馆-11号,17:00-18:00,1,1,已售/已满,已售,多云,24,22,4,0.0,66,35
2026-05-21 13:30:43,2026-05-21,4,羽毛球馆-11号,17:00-18:00,1,1,已售/已满,已售,多云,24,22,4,0.0,66,36
2026-05-21 14:00:48,2026-05-21,4,羽毛球馆-11号,17:00-18:00,1,1,已售/已满,已售,多云,25,23,4,0.0,66,36
2026-05-21 14:30:45,2026-05-21,4,羽毛球馆-11号,17:00-18:00,1,1,已售/已满,已售,晴,25,25,3,0.0,65,39
2026-05-21 15:00:45,2026-05-21,4,羽毛球馆-11号,17:00-18:00,1,1,已售/已满,已售,晴,25,22,4,0.0,56,39
2026-05-21 15:30:43,2026-05-21,4,羽毛球馆-11号,17:00-18:00,1,1,已售/已满,已售,晴,25,23,4,0.0,57,40
2026-05-21 16:00:51,2026-05-21,4,羽毛球馆-11号,17:00-18:00,1,1,已售/已满,已售,晴,25,23,4,0.0,57,40
2026-05-21 16:30:48,2026-05-21,4,羽毛球馆-11号,17:00-18:00,1,1,已售/已满,已售,晴,25,24,3,0.0,60,39
2026-05-21 17:00:49,2026-05-21,4,羽毛球馆-11号,17:00-18:00,1,1,已售/已满,已售,晴,25,24,4,0.0,61,39
2026-05-21 17:30:47,2026-05-21,4,羽毛球馆-11号,17:00-18:00,1,1,已售/已满,已售,多云,24,23,3,0.0,64,39
2026-05-21 18:00:50,2026-05-21,4,羽毛球馆-11号,17:00-18:00,1,1,已售/已满,已售,多云,24,23,3,0.0,68,39
2026-05-21 18:30:50,2026-05-21,4,羽毛球馆-11号,17:00-18:00,1,1,已售/已满,已售,阴,24,25,2,0.0,68,40
2026-05-21 19:00:50,2026-05-21,4,羽毛球馆-11号,17:00-18:00,1,1,已售/已满,已售,阴,23,23,3,0.0,76,40
2026-05-21 19:30:46,2026-05-21,4,羽毛球馆-11号,17:00-18:00,1,1,已售/已满,已售,阴,23,24,2,0.0,77,39
2026-05-21 20:00:49,2026-05-21,4,羽毛球馆-11号,17:00-18:00,1,1,已售/已满,已售,雾,22,23,2,0.0,89,39
2026-05-21 20:30:44,2026-05-21,4,羽毛球馆-11号,17:00-18:00,1,1,已售/已满,已售,雾,22,24,2,0.0,93,43
2026-05-21 21:00:56,2026-05-21,4,羽毛球馆-11号,17:00-18:00,1,1,已售/已满,已售,雾,20,21,2,0.0,98,43
2026-05-21 21:30:46,2026-05-21,4,羽毛球馆-11号,17:00-18:00,1,1,已售/已满,已售,雾,20,22,1,0.0,99,41
2026-05-21 22:01:02,2026-05-21,4,羽毛球馆-11号,17:00-18:00,1,1,已售/已满,已售,雾,19,20,2,0.0,93,41
2026-05-21 22:30:47,2026-05-21,4,羽毛球馆-11号,17:00-18:00,1,1,已售/已满,已售,雾,19,19,3,0.0,88,46
2026-05-21 23:00:56,2026-05-21,4,羽毛球馆-11号,17:00-18:00,1,1,已售/已满,已售,多云,18,17,3,0.0,85,46
2026-05-21 23:30:55,2026-05-21,4,羽毛球馆-11号,17:00-18:00,1,1,已售/已满,已售,多云,18,17,3,0.0,85,48
2026-05-21 00:30:49,2026-05-21,4,羽毛球馆-11号,18:30-19:30,1,1,已售/已满,教工羽毛球赛,多云,15,13,3,0.0,100,26
2026-05-21 01:00:55,2026-05-21,4,羽毛球馆-11号,18:30-19:30,1,1,已售/已满,教工羽毛球赛,多云,15,12,4,0.0,100,26
2026-05-21 01:30:47,2026-05-21,4,羽毛球馆-11号,18:30-19:30,1,1,已售/已满,教工羽毛球赛,多云,15,13,4,0.0,100,28
2026-05-21 02:00:53,2026-05-21,4,羽毛球馆-11号,18:30-19:30,1,1,已售/已满,教工羽毛球赛,多云,15,12,4,0.0,100,28
2026-05-21 02:30:49,2026-05-21,4,羽毛球馆-11号,18:30-19:30,1,1,已售/已满,教工羽毛球赛,多云,15,14,3,0.0,100,29
2026-05-21 03:00:55,2026-05-21,4,羽毛球馆-11号,18:30-19:30,1,1,已售/已满,教工羽毛球赛,多云,15,12,4,0.0,100,29
2026-05-21 03:30:49,2026-05-21,4,羽毛球馆-11号,18:30-19:30,1,1,已售/已满,教工羽毛球赛,多云,15,14,3,0.0,100,30
2026-05-21 04:30:45,2026-05-21,4,羽毛球馆-11号,18:30-19:30,1,1,已售/已满,教工羽毛球赛,多云,15,12,4,0.0,100,29
2026-05-21 05:00:52,2026-05-21,4,羽毛球馆-11号,18:30-19:30,1,1,已售/已满,教工羽毛球赛,多云,15,12,4,0.0,100,29
2026-05-21 05:30:49,2026-05-21,4,羽毛球馆-11号,18:30-19:30,1,1,已售/已满,教工羽毛球赛,多云,15,13,3,0.0,100,28
2026-05-21 06:00:50,2026-05-21,4,羽毛球馆-11号,18:30-19:30,1,1,已售/已满,教工羽毛球赛,多云,15,13,4,0.0,99,28
2026-05-21 06:30:38,2026-05-21,4,羽毛球馆-11号,18:30-19:30,1,1,已售/已满,教工羽毛球赛,多云,15,13,3,0.0,97,28
2026-05-21 07:00:43,2026-05-21,4,羽毛球馆-11号,18:30-19:30,1,1,已售/已满,教工羽毛球赛,晴,15,11,5,0.0,93,28
2026-05-21 07:30:39,2026-05-21,4,羽毛球馆-11号,18:30-19:30,1,1,已售/已满,教工羽毛球赛,晴,17,13,4,0.0,89,29
2026-05-21 07:50:40,2026-05-21,4,羽毛球馆-11号,18:30-19:30,1,1,已售/已满,教工羽毛球赛,晴,17,13,4,0.0,88,29
2026-05-21 07:53:31,2026-05-21,4,羽毛球馆-11号,18:30-19:30,1,1,已售/已满,教工羽毛球赛,晴,17,12,5,0.0,86,29
2026-05-21 07:56:31,2026-05-21,4,羽毛球馆-11号,18:30-19:30,1,1,已售/已满,教工羽毛球赛,晴,17,12,5,0.0,86,29
2026-05-21 07:59:26,2026-05-21,4,羽毛球馆-11号,18:30-19:30,1,1,已售/已满,教工羽毛球赛,晴,17,12,5,0.0,86,29
2026-05-21 08:00:45,2026-05-21,4,羽毛球馆-11号,18:30-19:30,1,1,已售/已满,教工羽毛球赛,晴,17,12,5,0.0,86,29
2026-05-21 08:02:30,2026-05-21,4,羽毛球馆-11号,18:30-19:30,1,1,已售/已满,教工羽毛球赛,多云,17,12,5,0.0,87,29
2026-05-21 08:05:36,2026-05-21,4,羽毛球馆-11号,18:30-19:30,1,1,已售/已满,教工羽毛球赛,多云,17,12,5,0.0,86,29
2026-05-21 08:08:31,2026-05-21,4,羽毛球馆-11号,18:30-19:30,1,1,已售/已满,教工羽毛球赛,多云,17,12,5,0.0,86,29
2026-05-21 08:11:30,2026-05-21,4,羽毛球馆-11号,18:30-19:30,1,1,已售/已满,教工羽毛球赛,多云,17,12,5,0.0,86,29
2026-05-21 08:14:31,2026-05-21,4,羽毛球馆-11号,18:30-19:30,1,1,已售/已满,教工羽毛球赛,多云,17,12,5,0.0,86,29
2026-05-21 08:17:30,2026-05-21,4,羽毛球馆-11号,18:30-19:30,1,1,已售/已满,教工羽毛球赛,多云,17,12,5,0.0,86,29
2026-05-21 08:20:35,2026-05-21,4,羽毛球馆-11号,18:30-19:30,1,1,已售/已满,教工羽毛球赛,多云,17,14,4,0.0,85,29
2026-05-21 08:25:32,2026-05-21,4,羽毛球馆-11号,18:30-19:30,1,1,已售/已满,教工羽毛球赛,多云,17,14,4,0.0,85,28
2026-05-21 08:30:42,2026-05-21,4,羽毛球馆-11号,18:30-19:30,1,1,已售/已满,教工羽毛球赛,多云,18,15,4,0.0,84,28
2026-05-21 08:35:31,2026-05-21,4,羽毛球馆-11号,18:30-19:30,1,1,已售/已满,教工羽毛球赛,多云,18,15,4,0.0,84,28
2026-05-21 08:40:38,2026-05-21,4,羽毛球馆-11号,18:30-19:30,1,1,已售/已满,教工羽毛球赛,多云,18,15,4,0.0,82,28
2026-05-21 08:45:33,2026-05-21,4,羽毛球馆-11号,18:30-19:30,1,1,已售/已满,教工羽毛球赛,多云,18,15,4,0.0,82,28
2026-05-21 08:50:36,2026-05-21,4,羽毛球馆-11号,18:30-19:30,1,1,已售/已满,教工羽毛球赛,多云,18,15,4,0.0,82,28
2026-05-21 08:55:34,2026-05-21,4,羽毛球馆-11号,18:30-19:30,1,1,已售/已满,教工羽毛球赛,多云,18,15,4,0.0,84,28
2026-05-21 09:00:51,2026-05-21,4,羽毛球馆-11号,18:30-19:30,1,1,已售/已满,教工羽毛球赛,多云,18,15,4,0.0,84,28
2026-05-21 09:01:59,2026-05-21,4,羽毛球馆-11号,18:30-19:30,1,1,已售/已满,教工羽毛球赛,多云,18,15,4,0.0,83,28
2026-05-21 09:05:33,2026-05-21,4,羽毛球馆-11号,18:30-19:30,1,1,已售/已满,教工羽毛球赛,多云,18,15,4,0.0,83,28
2026-05-21 09:20:38,2026-05-21,4,羽毛球馆-11号,18:30-19:30,1,1,已售/已满,教工羽毛球赛,多云,18,16,3,0.0,81,28
2026-05-21 09:30:46,2026-05-21,4,羽毛球馆-11号,18:30-19:30,1,1,已售/已满,教工羽毛球赛,多云,18,16,3,0.0,81,32
2026-05-21 09:40:36,2026-05-21,4,羽毛球馆-11号,18:30-19:30,1,1,已售/已满,教工羽毛球赛,多云,19,17,3,0.0,79,32
2026-05-21 09:50:42,2026-05-21,4,羽毛球馆-11号,18:30-19:30,1,1,已售/已满,教工羽毛球赛,多云,19,17,4,0.0,81,32
2026-05-21 10:00:46,2026-05-21,4,羽毛球馆-11号,18:30-19:30,1,1,已售/已满,教工羽毛球赛,多云,19,17,4,0.0,79,32
2026-05-21 10:10:40,2026-05-21,4,羽毛球馆-11号,18:30-19:30,1,1,已售/已满,教工羽毛球赛,多云,19,17,4,0.0,79,32
2026-05-21 10:20:38,2026-05-21,4,羽毛球馆-11号,18:30-19:30,1,1,已售/已满,教工羽毛球赛,多云,19,17,4,0.0,79,32
2026-05-21 10:30:41,2026-05-21,4,羽毛球馆-11号,18:30-19:30,1,1,已售/已满,教工羽毛球赛,多云,19,18,3,0.0,78,31
2026-05-21 11:00:44,2026-05-21,4,羽毛球馆-11号,18:30-19:30,1,1,已售/已满,教工羽毛球赛,多云,21,17,5,0.0,74,31
2026-05-21 11:30:38,2026-05-21,4,羽毛球馆-11号,18:30-19:30,1,1,已售/已满,教工羽毛球赛,多云,21,19,3,0.0,72,33
2026-05-21 12:00:46,2026-05-21,4,羽毛球馆-11号,18:30-19:30,1,1,已售/已满,教工羽毛球赛,多云,22,19,4,0.0,70,33
2026-05-21 12:30:42,2026-05-21,4,羽毛球馆-11号,18:30-19:30,1,1,已售/已满,教工羽毛球赛,多云,22,21,3,0.0,68,35
2026-05-21 13:00:43,2026-05-21,4,羽毛球馆-11号,18:30-19:30,1,1,已售/已满,教工羽毛球赛,多云,24,22,4,0.0,66,35
2026-05-21 13:30:43,2026-05-21,4,羽毛球馆-11号,18:30-19:30,1,1,已售/已满,教工羽毛球赛,多云,24,22,4,0.0,66,36
2026-05-21 14:00:48,2026-05-21,4,羽毛球馆-11号,18:30-19:30,1,1,已售/已满,教工羽毛球赛,多云,25,23,4,0.0,66,36
2026-05-21 14:30:45,2026-05-21,4,羽毛球馆-11号,18:30-19:30,1,1,已售/已满,教工羽毛球赛,晴,25,25,3,0.0,65,39
2026-05-21 15:00:45,2026-05-21,4,羽毛球馆-11号,18:30-19:30,1,1,已售/已满,教工羽毛球赛,晴,25,22,4,0.0,56,39
2026-05-21 15:30:43,2026-05-21,4,羽毛球馆-11号,18:30-19:30,1,1,已售/已满,教工羽毛球赛,晴,25,23,4,0.0,57,40
2026-05-21 16:00:51,2026-05-21,4,羽毛球馆-11号,18:30-19:30,1,1,已售/已满,教工羽毛球赛,晴,25,23,4,0.0,57,40
2026-05-21 16:30:48,2026-05-21,4,羽毛球馆-11号,18:30-19:30,1,1,已售/已满,教工羽毛球赛,晴,25,24,3,0.0,60,39
2026-05-21 17:00:49,2026-05-21,4,羽毛球馆-11号,18:30-19:30,1,1,已售/已满,教工羽毛球赛,晴,25,24,4,0.0,61,39
2026-05-21 17:30:47,2026-05-21,4,羽毛球馆-11号,18:30-19:30,1,1,已售/已满,教工羽毛球赛,多云,24,23,3,0.0,64,39
2026-05-21 18:00:50,2026-05-21,4,羽毛球馆-11号,18:30-19:30,1,1,已售/已满,教工羽毛球赛,多云,24,23,3,0.0,68,39
2026-05-21 18:30:50,2026-05-21,4,羽毛球馆-11号,18:30-19:30,1,1,已售/已满,教工羽毛球赛,阴,24,25,2,0.0,68,40
2026-05-21 19:00:50,2026-05-21,4,羽毛球馆-11号,18:30-19:30,1,1,已售/已满,教工羽毛球赛,阴,23,23,3,0.0,76,40
2026-05-21 19:30:46,2026-05-21,4,羽毛球馆-11号,18:30-19:30,1,1,已售/已满,教工羽毛球赛,阴,23,24,2,0.0,77,39
2026-05-21 20:00:49,2026-05-21,4,羽毛球馆-11号,18:30-19:30,1,1,已售/已满,教工羽毛球赛,雾,22,23,2,0.0,89,39
2026-05-21 20:30:44,2026-05-21,4,羽毛球馆-11号,18:30-19:30,1,1,已售/已满,教工羽毛球赛,雾,22,24,2,0.0,93,43
2026-05-21 21:00:56,2026-05-21,4,羽毛球馆-11号,18:30-19:30,1,1,已售/已满,教工羽毛球赛,雾,20,21,2,0.0,98,43
2026-05-21 21:30:46,2026-05-21,4,羽毛球馆-11号,18:30-19:30,1,1,已售/已满,教工羽毛球赛,雾,20,22,1,0.0,99,41
2026-05-21 22:01:02,2026-05-21,4,羽毛球馆-11号,18:30-19:30,1,1,已售/已满,教工羽毛球赛,雾,19,20,2,0.0,93,41
2026-05-21 22:30:47,2026-05-21,4,羽毛球馆-11号,18:30-19:30,1,1,已售/已满,教工羽毛球赛,雾,19,19,3,0.0,88,46
2026-05-21 23:00:56,2026-05-21,4,羽毛球馆-11号,18:30-19:30,1,1,已售/已满,教工羽毛球赛,多云,18,17,3,0.0,85,46
2026-05-21 23:30:55,2026-05-21,4,羽毛球馆-11号,18:30-19:30,1,1,已售/已满,教工羽毛球赛,多云,18,17,3,0.0,85,48
2026-05-21 00:30:49,2026-05-21,4,羽毛球馆-11号,19:30-20:30,1,1,已售/已满,教工羽毛球赛,多云,15,13,3,0.0,100,26
2026-05-21 01:00:55,2026-05-21,4,羽毛球馆-11号,19:30-20:30,1,1,已售/已满,教工羽毛球赛,多云,15,12,4,0.0,100,26
2026-05-21 01:30:47,2026-05-21,4,羽毛球馆-11号,19:30-20:30,1,1,已售/已满,教工羽毛球赛,多云,15,13,4,0.0,100,28
2026-05-21 02:00:53,2026-05-21,4,羽毛球馆-11号,19:30-20:30,1,1,已售/已满,教工羽毛球赛,多云,15,12,4,0.0,100,28
2026-05-21 02:30:49,2026-05-21,4,羽毛球馆-11号,19:30-20:30,1,1,已售/已满,教工羽毛球赛,多云,15,14,3,0.0,100,29
2026-05-21 03:00:55,2026-05-21,4,羽毛球馆-11号,19:30-20:30,1,1,已售/已满,教工羽毛球赛,多云,15,12,4,0.0,100,29
2026-05-21 03:30:49,2026-05-21,4,羽毛球馆-11号,19:30-20:30,1,1,已售/已满,教工羽毛球赛,多云,15,14,3,0.0,100,30
2026-05-21 04:30:45,2026-05-21,4,羽毛球馆-11号,19:30-20:30,1,1,已售/已满,教工羽毛球赛,多云,15,12,4,0.0,100,29
2026-05-21 05:00:52,2026-05-21,4,羽毛球馆-11号,19:30-20:30,1,1,已售/已满,教工羽毛球赛,多云,15,12,4,0.0,100,29
2026-05-21 05:30:49,2026-05-21,4,羽毛球馆-11号,19:30-20:30,1,1,已售/已满,教工羽毛球赛,多云,15,13,3,0.0,100,28
2026-05-21 06:00:50,2026-05-21,4,羽毛球馆-11号,19:30-20:30,1,1,已售/已满,教工羽毛球赛,多云,15,13,4,0.0,99,28
2026-05-21 06:30:38,2026-05-21,4,羽毛球馆-11号,19:30-20:30,1,1,已售/已满,教工羽毛球赛,多云,15,13,3,0.0,97,28
2026-05-21 07:00:43,2026-05-21,4,羽毛球馆-11号,19:30-20:30,1,1,已售/已满,教工羽毛球赛,晴,15,11,5,0.0,93,28
2026-05-21 07:30:39,2026-05-21,4,羽毛球馆-11号,19:30-20:30,1,1,已售/已满,教工羽毛球赛,晴,17,13,4,0.0,89,29
2026-05-21 07:50:40,2026-05-21,4,羽毛球馆-11号,19:30-20:30,1,1,已售/已满,教工羽毛球赛,晴,17,13,4,0.0,88,29
2026-05-21 07:53:31,2026-05-21,4,羽毛球馆-11号,19:30-20:30,1,1,已售/已满,教工羽毛球赛,晴,17,12,5,0.0,86,29
2026-05-21 07:56:31,2026-05-21,4,羽毛球馆-11号,19:30-20:30,1,1,已售/已满,教工羽毛球赛,晴,17,12,5,0.0,86,29
2026-05-21 07:59:26,2026-05-21,4,羽毛球馆-11号,19:30-20:30,1,1,已售/已满,教工羽毛球赛,晴,17,12,5,0.0,86,29
2026-05-21 08:00:45,2026-05-21,4,羽毛球馆-11号,19:30-20:30,1,1,已售/已满,教工羽毛球赛,晴,17,12,5,0.0,86,29
2026-05-21 08:02:30,2026-05-21,4,羽毛球馆-11号,19:30-20:30,1,1,已售/已满,教工羽毛球赛,多云,17,12,5,0.0,87,29
2026-05-21 08:05:36,2026-05-21,4,羽毛球馆-11号,19:30-20:30,1,1,已售/已满,教工羽毛球赛,多云,17,12,5,0.0,86,29
2026-05-21 08:08:31,2026-05-21,4,羽毛球馆-11号,19:30-20:30,1,1,已售/已满,教工羽毛球赛,多云,17,12,5,0.0,86,29
2026-05-21 08:11:30,2026-05-21,4,羽毛球馆-11号,19:30-20:30,1,1,已售/已满,教工羽毛球赛,多云,17,12,5,0.0,86,29
2026-05-21 08:14:31,2026-05-21,4,羽毛球馆-11号,19:30-20:30,1,1,已售/已满,教工羽毛球赛,多云,17,12,5,0.0,86,29
2026-05-21 08:17:30,2026-05-21,4,羽毛球馆-11号,19:30-20:30,1,1,已售/已满,教工羽毛球赛,多云,17,12,5,0.0,86,29
2026-05-21 08:20:35,2026-05-21,4,羽毛球馆-11号,19:30-20:30,1,1,已售/已满,教工羽毛球赛,多云,17,14,4,0.0,85,29
2026-05-21 08:25:32,2026-05-21,4,羽毛球馆-11号,19:30-20:30,1,1,已售/已满,教工羽毛球赛,多云,17,14,4,0.0,85,28
2026-05-21 08:30:42,2026-05-21,4,羽毛球馆-11号,19:30-20:30,1,1,已售/已满,教工羽毛球赛,多云,18,15,4,0.0,84,28
2026-05-21 08:35:31,2026-05-21,4,羽毛球馆-11号,19:30-20:30,1,1,已售/已满,教工羽毛球赛,多云,18,15,4,0.0,84,28
2026-05-21 08:40:38,2026-05-21,4,羽毛球馆-11号,19:30-20:30,1,1,已售/已满,教工羽毛球赛,多云,18,15,4,0.0,82,28
2026-05-21 08:45:33,2026-05-21,4,羽毛球馆-11号,19:30-20:30,1,1,已售/已满,教工羽毛球赛,多云,18,15,4,0.0,82,28
2026-05-21 08:50:36,2026-05-21,4,羽毛球馆-11号,19:30-20:30,1,1,已售/已满,教工羽毛球赛,多云,18,15,4,0.0,82,28
2026-05-21 08:55:34,2026-05-21,4,羽毛球馆-11号,19:30-20:30,1,1,已售/已满,教工羽毛球赛,多云,18,15,4,0.0,84,28
2026-05-21 09:00:51,2026-05-21,4,羽毛球馆-11号,19:30-20:30,1,1,已售/已满,教工羽毛球赛,多云,18,15,4,0.0,84,28
2026-05-21 09:01:59,2026-05-21,4,羽毛球馆-11号,19:30-20:30,1,1,已售/已满,教工羽毛球赛,多云,18,15,4,0.0,83,28
2026-05-21 09:05:33,2026-05-21,4,羽毛球馆-11号,19:30-20:30,1,1,已售/已满,教工羽毛球赛,多云,18,15,4,0.0,83,28
2026-05-21 09:20:38,2026-05-21,4,羽毛球馆-11号,19:30-20:30,1,1,已售/已满,教工羽毛球赛,多云,18,16,3,0.0,81,28
2026-05-21 09:30:46,2026-05-21,4,羽毛球馆-11号,19:30-20:30,1,1,已售/已满,教工羽毛球赛,多云,18,16,3,0.0,81,32
2026-05-21 09:40:36,2026-05-21,4,羽毛球馆-11号,19:30-20:30,1,1,已售/已满,教工羽毛球赛,多云,19,17,3,0.0,79,32
2026-05-21 09:50:42,2026-05-21,4,羽毛球馆-11号,19:30-20:30,1,1,已售/已满,教工羽毛球赛,多云,19,17,4,0.0,81,32
2026-05-21 10:00:46,2026-05-21,4,羽毛球馆-11号,19:30-20:30,1,1,已售/已满,教工羽毛球赛,多云,19,17,4,0.0,79,32
2026-05-21 10:10:40,2026-05-21,4,羽毛球馆-11号,19:30-20:30,1,1,已售/已满,教工羽毛球赛,多云,19,17,4,0.0,79,32
2026-05-21 10:20:38,2026-05-21,4,羽毛球馆-11号,19:30-20:30,1,1,已售/已满,教工羽毛球赛,多云,19,17,4,0.0,79,32
2026-05-21 10:30:41,2026-05-21,4,羽毛球馆-11号,19:30-20:30,1,1,已售/已满,教工羽毛球赛,多云,19,18,3,0.0,78,31
2026-05-21 11:00:44,2026-05-21,4,羽毛球馆-11号,19:30-20:30,1,1,已售/已满,教工羽毛球赛,多云,21,17,5,0.0,74,31
2026-05-21 11:30:38,2026-05-21,4,羽毛球馆-11号,19:30-20:30,1,1,已售/已满,教工羽毛球赛,多云,21,19,3,0.0,72,33
2026-05-21 12:00:46,2026-05-21,4,羽毛球馆-11号,19:30-20:30,1,1,已售/已满,教工羽毛球赛,多云,22,19,4,0.0,70,33
2026-05-21 12:30:42,2026-05-21,4,羽毛球馆-11号,19:30-20:30,1,1,已售/已满,教工羽毛球赛,多云,22,21,3,0.0,68,35
2026-05-21 13:00:43,2026-05-21,4,羽毛球馆-11号,19:30-20:30,1,1,已售/已满,教工羽毛球赛,多云,24,22,4,0.0,66,35
2026-05-21 13:30:43,2026-05-21,4,羽毛球馆-11号,19:30-20:30,1,1,已售/已满,教工羽毛球赛,多云,24,22,4,0.0,66,36
2026-05-21 14:00:48,2026-05-21,4,羽毛球馆-11号,19:30-20:30,1,1,已售/已满,教工羽毛球赛,多云,25,23,4,0.0,66,36
2026-05-21 14:30:45,2026-05-21,4,羽毛球馆-11号,19:30-20:30,1,1,已售/已满,教工羽毛球赛,晴,25,25,3,0.0,65,39
2026-05-21 15:00:45,2026-05-21,4,羽毛球馆-11号,19:30-20:30,1,1,已售/已满,教工羽毛球赛,晴,25,22,4,0.0,56,39
2026-05-21 15:30:43,2026-05-21,4,羽毛球馆-11号,19:30-20:30,1,1,已售/已满,教工羽毛球赛,晴,25,23,4,0.0,57,40
2026-05-21 16:00:51,2026-05-21,4,羽毛球馆-11号,19:30-20:30,1,1,已售/已满,教工羽毛球赛,晴,25,23,4,0.0,57,40
2026-05-21 16:30:48,2026-05-21,4,羽毛球馆-11号,19:30-20:30,1,1,已售/已满,教工羽毛球赛,晴,25,24,3,0.0,60,39
2026-05-21 17:00:49,2026-05-21,4,羽毛球馆-11号,19:30-20:30,1,1,已售/已满,教工羽毛球赛,晴,25,24,4,0.0,61,39
2026-05-21 17:30:47,2026-05-21,4,羽毛球馆-11号,19:30-20:30,1,1,已售/已满,教工羽毛球赛,多云,24,23,3,0.0,64,39
2026-05-21 18:00:50,2026-05-21,4,羽毛球馆-11号,19:30-20:30,1,1,已售/已满,教工羽毛球赛,多云,24,23,3,0.0,68,39
2026-05-21 18:30:50,2026-05-21,4,羽毛球馆-11号,19:30-20:30,1,1,已售/已满,教工羽毛球赛,阴,24,25,2,0.0,68,40
2026-05-21 19:00:50,2026-05-21,4,羽毛球馆-11号,19:30-20:30,1,1,已售/已满,教工羽毛球赛,阴,23,23,3,0.0,76,40
2026-05-21 19:30:46,2026-05-21,4,羽毛球馆-11号,19:30-20:30,1,1,已售/已满,教工羽毛球赛,阴,23,24,2,0.0,77,39
2026-05-21 20:00:49,2026-05-21,4,羽毛球馆-11号,19:30-20:30,1,1,已售/已满,教工羽毛球赛,雾,22,23,2,0.0,89,39
2026-05-21 20:30:44,2026-05-21,4,羽毛球馆-11号,19:30-20:30,1,1,已售/已满,教工羽毛球赛,雾,22,24,2,0.0,93,43
2026-05-21 21:00:56,2026-05-21,4,羽毛球馆-11号,19:30-20:30,1,1,已售/已满,教工羽毛球赛,雾,20,21,2,0.0,98,43
2026-05-21 21:30:46,2026-05-21,4,羽毛球馆-11号,19:30-20:30,1,1,已售/已满,教工羽毛球赛,雾,20,22,1,0.0,99,41
2026-05-21 22:01:02,2026-05-21,4,羽毛球馆-11号,19:30-20:30,1,1,已售/已满,教工羽毛球赛,雾,19,20,2,0.0,93,41
2026-05-21 22:30:47,2026-05-21,4,羽毛球馆-11号,19:30-20:30,1,1,已售/已满,教工羽毛球赛,雾,19,19,3,0.0,88,46
2026-05-21 23:00:56,2026-05-21,4,羽毛球馆-11号,19:30-20:30,1,1,已售/已满,教工羽毛球赛,多云,18,17,3,0.0,85,46
2026-05-21 23:30:55,2026-05-21,4,羽毛球馆-11号,19:30-20:30,1,1,已售/已满,教工羽毛球赛,多云,18,17,3,0.0,85,48
2026-05-21 00:30:49,2026-05-21,4,羽毛球馆-11号,20:30-21:30,1,1,已售/已满,教工羽毛球赛,多云,15,13,3,0.0,100,26
2026-05-21 01:00:55,2026-05-21,4,羽毛球馆-11号,20:30-21:30,1,1,已售/已满,教工羽毛球赛,多云,15,12,4,0.0,100,26
2026-05-21 01:30:47,2026-05-21,4,羽毛球馆-11号,20:30-21:30,1,1,已售/已满,教工羽毛球赛,多云,15,13,4,0.0,100,28
2026-05-21 02:00:53,2026-05-21,4,羽毛球馆-11号,20:30-21:30,1,1,已售/已满,教工羽毛球赛,多云,15,12,4,0.0,100,28
2026-05-21 02:30:49,2026-05-21,4,羽毛球馆-11号,20:30-21:30,1,1,已售/已满,教工羽毛球赛,多云,15,14,3,0.0,100,29
2026-05-21 03:00:55,2026-05-21,4,羽毛球馆-11号,20:30-21:30,1,1,已售/已满,教工羽毛球赛,多云,15,12,4,0.0,100,29
2026-05-21 03:30:49,2026-05-21,4,羽毛球馆-11号,20:30-21:30,1,1,已售/已满,教工羽毛球赛,多云,15,14,3,0.0,100,30
2026-05-21 04:30:45,2026-05-21,4,羽毛球馆-11号,20:30-21:30,1,1,已售/已满,教工羽毛球赛,多云,15,12,4,0.0,100,29
2026-05-21 05:00:52,2026-05-21,4,羽毛球馆-11号,20:30-21:30,1,1,已售/已满,教工羽毛球赛,多云,15,12,4,0.0,100,29
2026-05-21 05:30:49,2026-05-21,4,羽毛球馆-11号,20:30-21:30,1,1,已售/已满,教工羽毛球赛,多云,15,13,3,0.0,100,28
2026-05-21 06:00:50,2026-05-21,4,羽毛球馆-11号,20:30-21:30,1,1,已售/已满,教工羽毛球赛,多云,15,13,4,0.0,99,28
2026-05-21 06:30:38,2026-05-21,4,羽毛球馆-11号,20:30-21:30,1,1,已售/已满,教工羽毛球赛,多云,15,13,3,0.0,97,28
2026-05-21 07:00:43,2026-05-21,4,羽毛球馆-11号,20:30-21:30,1,1,已售/已满,教工羽毛球赛,晴,15,11,5,0.0,93,28
2026-05-21 07:30:39,2026-05-21,4,羽毛球馆-11号,20:30-21:30,1,1,已售/已满,教工羽毛球赛,晴,17,13,4,0.0,89,29
2026-05-21 07:50:40,2026-05-21,4,羽毛球馆-11号,20:30-21:30,1,1,已售/已满,教工羽毛球赛,晴,17,13,4,0.0,88,29
2026-05-21 07:53:31,2026-05-21,4,羽毛球馆-11号,20:30-21:30,1,1,已售/已满,教工羽毛球赛,晴,17,12,5,0.0,86,29
2026-05-21 07:56:31,2026-05-21,4,羽毛球馆-11号,20:30-21:30,1,1,已售/已满,教工羽毛球赛,晴,17,12,5,0.0,86,29
2026-05-21 07:59:26,2026-05-21,4,羽毛球馆-11号,20:30-21:30,1,1,已售/已满,教工羽毛球赛,晴,17,12,5,0.0,86,29
2026-05-21 08:00:45,2026-05-21,4,羽毛球馆-11号,20:30-21:30,1,1,已售/已满,教工羽毛球赛,晴,17,12,5,0.0,86,29
2026-05-21 08:02:30,2026-05-21,4,羽毛球馆-11号,20:30-21:30,1,1,已售/已满,教工羽毛球赛,多云,17,12,5,0.0,87,29
2026-05-21 08:05:36,2026-05-21,4,羽毛球馆-11号,20:30-21:30,1,1,已售/已满,教工羽毛球赛,多云,17,12,5,0.0,86,29
2026-05-21 08:08:31,2026-05-21,4,羽毛球馆-11号,20:30-21:30,1,1,已售/已满,教工羽毛球赛,多云,17,12,5,0.0,86,29
2026-05-21 08:11:30,2026-05-21,4,羽毛球馆-11号,20:30-21:30,1,1,已售/已满,教工羽毛球赛,多云,17,12,5,0.0,86,29
2026-05-21 08:14:31,2026-05-21,4,羽毛球馆-11号,20:30-21:30,1,1,已售/已满,教工羽毛球赛,多云,17,12,5,0.0,86,29
2026-05-21 08:17:30,2026-05-21,4,羽毛球馆-11号,20:30-21:30,1,1,已售/已满,教工羽毛球赛,多云,17,12,5,0.0,86,29
2026-05-21 08:20:35,2026-05-21,4,羽毛球馆-11号,20:30-21:30,1,1,已售/已满,教工羽毛球赛,多云,17,14,4,0.0,85,29
2026-05-21 08:25:32,2026-05-21,4,羽毛球馆-11号,20:30-21:30,1,1,已售/已满,教工羽毛球赛,多云,17,14,4,0.0,85,28
2026-05-21 08:30:42,2026-05-21,4,羽毛球馆-11号,20:30-21:30,1,1,已售/已满,教工羽毛球赛,多云,18,15,4,0.0,84,28
2026-05-21 08:35:31,2026-05-21,4,羽毛球馆-11号,20:30-21:30,1,1,已售/已满,教工羽毛球赛,多云,18,15,4,0.0,84,28
2026-05-21 08:40:38,2026-05-21,4,羽毛球馆-11号,20:30-21:30,1,1,已售/已满,教工羽毛球赛,多云,18,15,4,0.0,82,28
2026-05-21 08:45:33,2026-05-21,4,羽毛球馆-11号,20:30-21:30,1,1,已售/已满,教工羽毛球赛,多云,18,15,4,0.0,82,28
2026-05-21 08:50:36,2026-05-21,4,羽毛球馆-11号,20:30-21:30,1,1,已售/已满,教工羽毛球赛,多云,18,15,4,0.0,82,28
2026-05-21 08:55:34,2026-05-21,4,羽毛球馆-11号,20:30-21:30,1,1,已售/已满,教工羽毛球赛,多云,18,15,4,0.0,84,28
2026-05-21 09:00:51,2026-05-21,4,羽毛球馆-11号,20:30-21:30,1,1,已售/已满,教工羽毛球赛,多云,18,15,4,0.0,84,28
2026-05-21 09:01:59,2026-05-21,4,羽毛球馆-11号,20:30-21:30,1,1,已售/已满,教工羽毛球赛,多云,18,15,4,0.0,83,28
2026-05-21 09:05:33,2026-05-21,4,羽毛球馆-11号,20:30-21:30,1,1,已售/已满,教工羽毛球赛,多云,18,15,4,0.0,83,28
2026-05-21 09:20:38,2026-05-21,4,羽毛球馆-11号,20:30-21:30,1,1,已售/已满,教工羽毛球赛,多云,18,16,3,0.0,81,28
2026-05-21 09:30:46,2026-05-21,4,羽毛球馆-11号,20:30-21:30,1,1,已售/已满,教工羽毛球赛,多云,18,16,3,0.0,81,32
2026-05-21 09:40:36,2026-05-21,4,羽毛球馆-11号,20:30-21:30,1,1,已售/已满,教工羽毛球赛,多云,19,17,3,0.0,79,32
2026-05-21 09:50:42,2026-05-21,4,羽毛球馆-11号,20:30-21:30,1,1,已售/已满,教工羽毛球赛,多云,19,17,4,0.0,81,32
2026-05-21 10:00:46,2026-05-21,4,羽毛球馆-11号,20:30-21:30,1,1,已售/已满,教工羽毛球赛,多云,19,17,4,0.0,79,32
2026-05-21 10:10:40,2026-05-21,4,羽毛球馆-11号,20:30-21:30,1,1,已售/已满,教工羽毛球赛,多云,19,17,4,0.0,79,32
2026-05-21 10:20:38,2026-05-21,4,羽毛球馆-11号,20:30-21:30,1,1,已售/已满,教工羽毛球赛,多云,19,17,4,0.0,79,32
2026-05-21 10:30:41,2026-05-21,4,羽毛球馆-11号,20:30-21:30,1,1,已售/已满,教工羽毛球赛,多云,19,18,3,0.0,78,31
2026-05-21 11:00:44,2026-05-21,4,羽毛球馆-11号,20:30-21:30,1,1,已售/已满,教工羽毛球赛,多云,21,17,5,0.0,74,31
2026-05-21 11:30:38,2026-05-21,4,羽毛球馆-11号,20:30-21:30,1,1,已售/已满,教工羽毛球赛,多云,21,19,3,0.0,72,33
2026-05-21 12:00:46,2026-05-21,4,羽毛球馆-11号,20:30-21:30,1,1,已售/已满,教工羽毛球赛,多云,22,19,4,0.0,70,33
2026-05-21 12:30:42,2026-05-21,4,羽毛球馆-11号,20:30-21:30,1,1,已售/已满,教工羽毛球赛,多云,22,21,3,0.0,68,35
2026-05-21 13:00:43,2026-05-21,4,羽毛球馆-11号,20:30-21:30,1,1,已售/已满,教工羽毛球赛,多云,24,22,4,0.0,66,35
2026-05-21 13:30:43,2026-05-21,4,羽毛球馆-11号,20:30-21:30,1,1,已售/已满,教工羽毛球赛,多云,24,22,4,0.0,66,36
2026-05-21 14:00:48,2026-05-21,4,羽毛球馆-11号,20:30-21:30,1,1,已售/已满,教工羽毛球赛,多云,25,23,4,0.0,66,36
2026-05-21 14:30:45,2026-05-21,4,羽毛球馆-11号,20:30-21:30,1,1,已售/已满,教工羽毛球赛,晴,25,25,3,0.0,65,39
2026-05-21 15:00:45,2026-05-21,4,羽毛球馆-11号,20:30-21:30,1,1,已售/已满,教工羽毛球赛,晴,25,22,4,0.0,56,39
2026-05-21 15:30:43,2026-05-21,4,羽毛球馆-11号,20:30-21:30,1,1,已售/已满,教工羽毛球赛,晴,25,23,4,0.0,57,40
2026-05-21 16:00:51,2026-05-21,4,羽毛球馆-11号,20:30-21:30,1,1,已售/已满,教工羽毛球赛,晴,25,23,4,0.0,57,40
2026-05-21 16:30:48,2026-05-21,4,羽毛球馆-11号,20:30-21:30,1,1,已售/已满,教工羽毛球赛,晴,25,24,3,0.0,60,39
2026-05-21 17:00:49,2026-05-21,4,羽毛球馆-11号,20:30-21:30,1,1,已售/已满,教工羽毛球赛,晴,25,24,4,0.0,61,39
2026-05-21 17:30:47,2026-05-21,4,羽毛球馆-11号,20:30-21:30,1,1,已售/已满,教工羽毛球赛,多云,24,23,3,0.0,64,39
2026-05-21 18:00:50,2026-05-21,4,羽毛球馆-11号,20:30-21:30,1,1,已售/已满,教工羽毛球赛,多云,24,23,3,0.0,68,39
2026-05-21 18:30:50,2026-05-21,4,羽毛球馆-11号,20:30-21:30,1,1,已售/已满,教工羽毛球赛,阴,24,25,2,0.0,68,40
2026-05-21 19:00:50,2026-05-21,4,羽毛球馆-11号,20:30-21:30,1,1,已售/已满,教工羽毛球赛,阴,23,23,3,0.0,76,40
2026-05-21 19:30:46,2026-05-21,4,羽毛球馆-11号,20:30-21:30,1,1,已售/已满,教工羽毛球赛,阴,23,24,2,0.0,77,39
2026-05-21 20:00:49,2026-05-21,4,羽毛球馆-11号,20:30-21:30,1,1,已售/已满,教工羽毛球赛,雾,22,23,2,0.0,89,39
2026-05-21 20:30:44,2026-05-21,4,羽毛球馆-11号,20:30-21:30,1,1,已售/已满,教工羽毛球赛,雾,22,24,2,0.0,93,43
2026-05-21 21:00:56,2026-05-21,4,羽毛球馆-11号,20:30-21:30,1,1,已售/已满,教工羽毛球赛,雾,20,21,2,0.0,98,43
2026-05-21 21:30:46,2026-05-21,4,羽毛球馆-11号,20:30-21:30,1,1,已售/已满,教工羽毛球赛,雾,20,22,1,0.0,99,41
2026-05-21 22:01:02,2026-05-21,4,羽毛球馆-11号,20:30-21:30,1,1,已售/已满,教工羽毛球赛,雾,19,20,2,0.0,93,41
2026-05-21 22:30:47,2026-05-21,4,羽毛球馆-11号,20:30-21:30,1,1,已售/已满,教工羽毛球赛,雾,19,19,3,0.0,88,46
2026-05-21 23:00:56,2026-05-21,4,羽毛球馆-11号,20:30-21:30,1,1,已售/已满,教工羽毛球赛,多云,18,17,3,0.0,85,46
2026-05-21 23:30:55,2026-05-21,4,羽毛球馆-11号,20:30-21:30,1,1,已售/已满,教工羽毛球赛,多云,18,17,3,0.0,85,48
2026-05-21 00:30:49,2026-05-21,4,羽毛球馆-12号,07:00-08:00,0,1,可预约,￥0.0,多云,15,13,3,0.0,100,26
2026-05-21 01:00:55,2026-05-21,4,羽毛球馆-12号,07:00-08:00,0,1,可预约,￥0.0,多云,15,12,4,0.0,100,26
2026-05-21 01:30:47,2026-05-21,4,羽毛球馆-12号,07:00-08:00,0,1,可预约,￥0.0,多云,15,13,4,0.0,100,28
2026-05-21 02:00:53,2026-05-21,4,羽毛球馆-12号,07:00-08:00,0,1,可预约,￥0.0,多云,15,12,4,0.0,100,28
2026-05-21 02:30:49,2026-05-21,4,羽毛球馆-12号,07:00-08:00,0,1,可预约,￥0.0,多云,15,14,3,0.0,100,29
2026-05-21 03:00:55,2026-05-21,4,羽毛球馆-12号,07:00-08:00,0,1,可预约,￥0.0,多云,15,12,4,0.0,100,29
2026-05-21 03:30:49,2026-05-21,4,羽毛球馆-12号,07:00-08:00,0,1,可预约,￥0.0,多云,15,14,3,0.0,100,30
2026-05-21 04:30:45,2026-05-21,4,羽毛球馆-12号,07:00-08:00,0,1,可预约,￥0.0,多云,15,12,4,0.0,100,29
2026-05-21 05:00:52,2026-05-21,4,羽毛球馆-12号,07:00-08:00,0,1,可预约,￥0.0,多云,15,12,4,0.0,100,29
2026-05-21 05:30:49,2026-05-21,4,羽毛球馆-12号,07:00-08:00,0,1,可预约,￥0.0,多云,15,13,3,0.0,100,28
2026-05-21 06:00:50,2026-05-21,4,羽毛球馆-12号,07:00-08:00,0,1,可预约,￥0.0,多云,15,13,4,0.0,99,28
2026-05-21 06:30:38,2026-05-21,4,羽毛球馆-12号,07:00-08:00,0,1,可预约,￥0.0,多云,15,13,3,0.0,97,28
2026-05-21 07:00:43,2026-05-21,4,羽毛球馆-12号,07:00-08:00,0,1,可预约,￥0.0,晴,15,11,5,0.0,93,28
2026-05-21 07:30:39,2026-05-21,4,羽毛球馆-12号,07:00-08:00,0,1,可预约,￥0.0,晴,17,13,4,0.0,89,29
2026-05-21 07:50:40,2026-05-21,4,羽毛球馆-12号,07:00-08:00,0,1,可预约,￥0.0,晴,17,13,4,0.0,88,29
2026-05-21 07:53:31,2026-05-21,4,羽毛球馆-12号,07:00-08:00,0,1,可预约,￥0.0,晴,17,12,5,0.0,86,29
2026-05-21 07:56:31,2026-05-21,4,羽毛球馆-12号,07:00-08:00,0,1,可预约,￥0.0,晴,17,12,5,0.0,86,29
2026-05-21 07:59:26,2026-05-21,4,羽毛球馆-12号,07:00-08:00,0,1,可预约,￥0.0,晴,17,12,5,0.0,86,29
2026-05-21 08:00:45,2026-05-21,4,羽毛球馆-12号,07:00-08:00,0,1,不开放/已过期,,晴,17,12,5,0.0,86,29
2026-05-21 08:02:30,2026-05-21,4,羽毛球馆-12号,07:00-08:00,0,1,不开放/已过期,,多云,17,12,5,0.0,87,29
2026-05-21 08:05:36,2026-05-21,4,羽毛球馆-12号,07:00-08:00,0,1,不开放/已过期,,多云,17,12,5,0.0,86,29
2026-05-21 08:08:31,2026-05-21,4,羽毛球馆-12号,07:00-08:00,0,1,不开放/已过期,,多云,17,12,5,0.0,86,29
2026-05-21 08:11:30,2026-05-21,4,羽毛球馆-12号,07:00-08:00,0,1,不开放/已过期,,多云,17,12,5,0.0,86,29
2026-05-21 08:14:31,2026-05-21,4,羽毛球馆-12号,07:00-08:00,0,1,不开放/已过期,,多云,17,12,5,0.0,86,29
2026-05-21 08:17:30,2026-05-21,4,羽毛球馆-12号,07:00-08:00,0,1,不开放/已过期,,多云,17,12,5,0.0,86,29
2026-05-21 08:20:35,2026-05-21,4,羽毛球馆-12号,07:00-08:00,0,1,不开放/已过期,,多云,17,14,4,0.0,85,29
2026-05-21 08:25:32,2026-05-21,4,羽毛球馆-12号,07:00-08:00,0,1,不开放/已过期,,多云,17,14,4,0.0,85,28
2026-05-21 08:30:42,2026-05-21,4,羽毛球馆-12号,07:00-08:00,0,1,不开放/已过期,,多云,18,15,4,0.0,84,28
2026-05-21 08:35:31,2026-05-21,4,羽毛球馆-12号,07:00-08:00,0,1,不开放/已过期,,多云,18,15,4,0.0,84,28
2026-05-21 08:40:38,2026-05-21,4,羽毛球馆-12号,07:00-08:00,0,1,不开放/已过期,,多云,18,15,4,0.0,82,28
2026-05-21 08:45:33,2026-05-21,4,羽毛球馆-12号,07:00-08:00,0,1,不开放/已过期,,多云,18,15,4,0.0,82,28
2026-05-21 08:50:36,2026-05-21,4,羽毛球馆-12号,07:00-08:00,0,1,不开放/已过期,,多云,18,15,4,0.0,82,28
2026-05-21 08:55:34,2026-05-21,4,羽毛球馆-12号,07:00-08:00,0,1,不开放/已过期,,多云,18,15,4,0.0,84,28
2026-05-21 09:00:51,2026-05-21,4,羽毛球馆-12号,07:00-08:00,0,1,不开放/已过期,,多云,18,15,4,0.0,84,28
2026-05-21 09:01:59,2026-05-21,4,羽毛球馆-12号,07:00-08:00,0,1,不开放/已过期,,多云,18,15,4,0.0,83,28
2026-05-21 09:05:33,2026-05-21,4,羽毛球馆-12号,07:00-08:00,0,1,不开放/已过期,,多云,18,15,4,0.0,83,28
2026-05-21 09:20:38,2026-05-21,4,羽毛球馆-12号,07:00-08:00,0,1,不开放/已过期,,多云,18,16,3,0.0,81,28
2026-05-21 09:30:46,2026-05-21,4,羽毛球馆-12号,07:00-08:00,0,1,不开放/已过期,,多云,18,16,3,0.0,81,32
2026-05-21 09:40:36,2026-05-21,4,羽毛球馆-12号,07:00-08:00,0,1,不开放/已过期,,多云,19,17,3,0.0,79,32
2026-05-21 09:50:42,2026-05-21,4,羽毛球馆-12号,07:00-08:00,0,1,不开放/已过期,,多云,19,17,4,0.0,81,32
2026-05-21 10:00:46,2026-05-21,4,羽毛球馆-12号,07:00-08:00,0,1,不开放/已过期,,多云,19,17,4,0.0,79,32
2026-05-21 10:10:40,2026-05-21,4,羽毛球馆-12号,07:00-08:00,0,1,不开放/已过期,,多云,19,17,4,0.0,79,32
2026-05-21 10:20:38,2026-05-21,4,羽毛球馆-12号,07:00-08:00,0,1,不开放/已过期,,多云,19,17,4,0.0,79,32
2026-05-21 10:30:41,2026-05-21,4,羽毛球馆-12号,07:00-08:00,0,1,不开放/已过期,,多云,19,18,3,0.0,78,31
2026-05-21 11:00:44,2026-05-21,4,羽毛球馆-12号,07:00-08:00,0,1,不开放/已过期,,多云,21,17,5,0.0,74,31
2026-05-21 11:30:38,2026-05-21,4,羽毛球馆-12号,07:00-08:00,0,1,不开放/已过期,,多云,21,19,3,0.0,72,33
2026-05-21 12:00:46,2026-05-21,4,羽毛球馆-12号,07:00-08:00,0,1,不开放/已过期,,多云,22,19,4,0.0,70,33
2026-05-21 12:30:42,2026-05-21,4,羽毛球馆-12号,07:00-08:00,0,1,不开放/已过期,,多云,22,21,3,0.0,68,35
2026-05-21 13:00:43,2026-05-21,4,羽毛球馆-12号,07:00-08:00,0,1,不开放/已过期,,多云,24,22,4,0.0,66,35
2026-05-21 13:30:43,2026-05-21,4,羽毛球馆-12号,07:00-08:00,0,1,不开放/已过期,,多云,24,22,4,0.0,66,36
2026-05-21 14:00:48,2026-05-21,4,羽毛球馆-12号,07:00-08:00,0,1,不开放/已过期,,多云,25,23,4,0.0,66,36
2026-05-21 14:30:45,2026-05-21,4,羽毛球馆-12号,07:00-08:00,0,1,不开放/已过期,,晴,25,25,3,0.0,65,39
2026-05-21 15:00:45,2026-05-21,4,羽毛球馆-12号,07:00-08:00,0,1,不开放/已过期,,晴,25,22,4,0.0,56,39
2026-05-21 15:30:43,2026-05-21,4,羽毛球馆-12号,07:00-08:00,0,1,不开放/已过期,,晴,25,23,4,0.0,57,40
2026-05-21 16:00:51,2026-05-21,4,羽毛球馆-12号,07:00-08:00,0,1,不开放/已过期,,晴,25,23,4,0.0,57,40
2026-05-21 16:30:48,2026-05-21,4,羽毛球馆-12号,07:00-08:00,0,1,不开放/已过期,,晴,25,24,3,0.0,60,39
2026-05-21 17:00:49,2026-05-21,4,羽毛球馆-12号,07:00-08:00,0,1,不开放/已过期,,晴,25,24,4,0.0,61,39
2026-05-21 17:30:47,2026-05-21,4,羽毛球馆-12号,07:00-08:00,0,1,不开放/已过期,,多云,24,23,3,0.0,64,39
2026-05-21 18:00:50,2026-05-21,4,羽毛球馆-12号,07:00-08:00,0,1,不开放/已过期,,多云,24,23,3,0.0,68,39
2026-05-21 18:30:50,2026-05-21,4,羽毛球馆-12号,07:00-08:00,0,1,不开放/已过期,,阴,24,25,2,0.0,68,40
2026-05-21 19:00:50,2026-05-21,4,羽毛球馆-12号,07:00-08:00,0,1,不开放/已过期,,阴,23,23,3,0.0,76,40
2026-05-21 19:30:46,2026-05-21,4,羽毛球馆-12号,07:00-08:00,0,1,不开放/已过期,,阴,23,24,2,0.0,77,39
2026-05-21 20:00:49,2026-05-21,4,羽毛球馆-12号,07:00-08:00,0,1,不开放/已过期,,雾,22,23,2,0.0,89,39
2026-05-21 20:30:44,2026-05-21,4,羽毛球馆-12号,07:00-08:00,0,1,不开放/已过期,,雾,22,24,2,0.0,93,43
2026-05-21 21:00:56,2026-05-21,4,羽毛球馆-12号,07:00-08:00,0,1,不开放/已过期,,雾,20,21,2,0.0,98,43
2026-05-21 21:30:46,2026-05-21,4,羽毛球馆-12号,07:00-08:00,0,1,不开放/已过期,,雾,20,22,1,0.0,99,41
2026-05-21 22:01:02,2026-05-21,4,羽毛球馆-12号,07:00-08:00,0,1,不开放/已过期,,雾,19,20,2,0.0,93,41
2026-05-21 22:30:47,2026-05-21,4,羽毛球馆-12号,07:00-08:00,0,1,不开放/已过期,,雾,19,19,3,0.0,88,46
2026-05-21 23:00:56,2026-05-21,4,羽毛球馆-12号,07:00-08:00,0,1,不开放/已过期,,多云,18,17,3,0.0,85,46
2026-05-21 23:30:55,2026-05-21,4,羽毛球馆-12号,07:00-08:00,0,1,不开放/已过期,,多云,18,17,3,0.0,85,48
2026-05-21 00:30:49,2026-05-21,4,羽毛球馆-12号,08:00-09:00,1,1,已售/已满,已售,多云,15,13,3,0.0,100,26
2026-05-21 01:00:55,2026-05-21,4,羽毛球馆-12号,08:00-09:00,1,1,已售/已满,已售,多云,15,12,4,0.0,100,26
2026-05-21 01:30:47,2026-05-21,4,羽毛球馆-12号,08:00-09:00,1,1,已售/已满,已售,多云,15,13,4,0.0,100,28
2026-05-21 02:00:53,2026-05-21,4,羽毛球馆-12号,08:00-09:00,1,1,已售/已满,已售,多云,15,12,4,0.0,100,28
2026-05-21 02:30:49,2026-05-21,4,羽毛球馆-12号,08:00-09:00,1,1,已售/已满,已售,多云,15,14,3,0.0,100,29
2026-05-21 03:00:55,2026-05-21,4,羽毛球馆-12号,08:00-09:00,1,1,已售/已满,已售,多云,15,12,4,0.0,100,29
2026-05-21 03:30:49,2026-05-21,4,羽毛球馆-12号,08:00-09:00,1,1,已售/已满,已售,多云,15,14,3,0.0,100,30
2026-05-21 04:30:45,2026-05-21,4,羽毛球馆-12号,08:00-09:00,1,1,已售/已满,已售,多云,15,12,4,0.0,100,29
2026-05-21 05:00:52,2026-05-21,4,羽毛球馆-12号,08:00-09:00,1,1,已售/已满,已售,多云,15,12,4,0.0,100,29
2026-05-21 05:30:49,2026-05-21,4,羽毛球馆-12号,08:00-09:00,1,1,已售/已满,已售,多云,15,13,3,0.0,100,28
2026-05-21 06:00:50,2026-05-21,4,羽毛球馆-12号,08:00-09:00,1,1,已售/已满,已售,多云,15,13,4,0.0,99,28
2026-05-21 06:30:38,2026-05-21,4,羽毛球馆-12号,08:00-09:00,1,1,已售/已满,已售,多云,15,13,3,0.0,97,28
2026-05-21 07:00:43,2026-05-21,4,羽毛球馆-12号,08:00-09:00,1,1,已售/已满,已售,晴,15,11,5,0.0,93,28
2026-05-21 07:30:39,2026-05-21,4,羽毛球馆-12号,08:00-09:00,1,1,已售/已满,已售,晴,17,13,4,0.0,89,29
2026-05-21 07:50:40,2026-05-21,4,羽毛球馆-12号,08:00-09:00,1,1,已售/已满,已售,晴,17,13,4,0.0,88,29
2026-05-21 07:53:31,2026-05-21,4,羽毛球馆-12号,08:00-09:00,1,1,已售/已满,已售,晴,17,12,5,0.0,86,29
2026-05-21 07:56:31,2026-05-21,4,羽毛球馆-12号,08:00-09:00,1,1,已售/已满,已售,晴,17,12,5,0.0,86,29
2026-05-21 07:59:26,2026-05-21,4,羽毛球馆-12号,08:00-09:00,1,1,已售/已满,已售,晴,17,12,5,0.0,86,29
2026-05-21 08:00:45,2026-05-21,4,羽毛球馆-12号,08:00-09:00,1,1,已售/已满,已售,晴,17,12,5,0.0,86,29
2026-05-21 08:02:30,2026-05-21,4,羽毛球馆-12号,08:00-09:00,1,1,已售/已满,已售,多云,17,12,5,0.0,87,29
2026-05-21 08:05:36,2026-05-21,4,羽毛球馆-12号,08:00-09:00,1,1,已售/已满,已售,多云,17,12,5,0.0,86,29
2026-05-21 08:08:31,2026-05-21,4,羽毛球馆-12号,08:00-09:00,1,1,已售/已满,已售,多云,17,12,5,0.0,86,29
2026-05-21 08:11:30,2026-05-21,4,羽毛球馆-12号,08:00-09:00,1,1,已售/已满,已售,多云,17,12,5,0.0,86,29
2026-05-21 08:14:31,2026-05-21,4,羽毛球馆-12号,08:00-09:00,1,1,已售/已满,已售,多云,17,12,5,0.0,86,29
2026-05-21 08:17:30,2026-05-21,4,羽毛球馆-12号,08:00-09:00,1,1,已售/已满,已售,多云,17,12,5,0.0,86,29
2026-05-21 08:20:35,2026-05-21,4,羽毛球馆-12号,08:00-09:00,1,1,已售/已满,已售,多云,17,14,4,0.0,85,29
2026-05-21 08:25:32,2026-05-21,4,羽毛球馆-12号,08:00-09:00,1,1,已售/已满,已售,多云,17,14,4,0.0,85,28
2026-05-21 08:30:42,2026-05-21,4,羽毛球馆-12号,08:00-09:00,1,1,已售/已满,已售,多云,18,15,4,0.0,84,28
2026-05-21 08:35:31,2026-05-21,4,羽毛球馆-12号,08:00-09:00,1,1,已售/已满,已售,多云,18,15,4,0.0,84,28
2026-05-21 08:40:38,2026-05-21,4,羽毛球馆-12号,08:00-09:00,1,1,已售/已满,已售,多云,18,15,4,0.0,82,28
2026-05-21 08:45:33,2026-05-21,4,羽毛球馆-12号,08:00-09:00,1,1,已售/已满,已售,多云,18,15,4,0.0,82,28
2026-05-21 08:50:36,2026-05-21,4,羽毛球馆-12号,08:00-09:00,1,1,已售/已满,已售,多云,18,15,4,0.0,82,28
2026-05-21 08:55:34,2026-05-21,4,羽毛球馆-12号,08:00-09:00,1,1,已售/已满,已售,多云,18,15,4,0.0,84,28
2026-05-21 09:00:51,2026-05-21,4,羽毛球馆-12号,08:00-09:00,1,1,已售/已满,已售,多云,18,15,4,0.0,84,28
2026-05-21 09:01:59,2026-05-21,4,羽毛球馆-12号,08:00-09:00,1,1,已售/已满,已售,多云,18,15,4,0.0,83,28
2026-05-21 09:05:33,2026-05-21,4,羽毛球馆-12号,08:00-09:00,1,1,已售/已满,已售,多云,18,15,4,0.0,83,28
2026-05-21 09:20:38,2026-05-21,4,羽毛球馆-12号,08:00-09:00,1,1,已售/已满,已售,多云,18,16,3,0.0,81,28
2026-05-21 09:30:46,2026-05-21,4,羽毛球馆-12号,08:00-09:00,1,1,已售/已满,已售,多云,18,16,3,0.0,81,32
2026-05-21 09:40:36,2026-05-21,4,羽毛球馆-12号,08:00-09:00,1,1,已售/已满,已售,多云,19,17,3,0.0,79,32
2026-05-21 09:50:42,2026-05-21,4,羽毛球馆-12号,08:00-09:00,1,1,已售/已满,已售,多云,19,17,4,0.0,81,32
2026-05-21 10:00:46,2026-05-21,4,羽毛球馆-12号,08:00-09:00,1,1,已售/已满,已售,多云,19,17,4,0.0,79,32
2026-05-21 10:10:40,2026-05-21,4,羽毛球馆-12号,08:00-09:00,1,1,已售/已满,已售,多云,19,17,4,0.0,79,32
2026-05-21 10:20:38,2026-05-21,4,羽毛球馆-12号,08:00-09:00,1,1,已售/已满,已售,多云,19,17,4,0.0,79,32
2026-05-21 10:30:41,2026-05-21,4,羽毛球馆-12号,08:00-09:00,1,1,已售/已满,已售,多云,19,18,3,0.0,78,31
2026-05-21 11:00:44,2026-05-21,4,羽毛球馆-12号,08:00-09:00,1,1,已售/已满,已售,多云,21,17,5,0.0,74,31
2026-05-21 11:30:38,2026-05-21,4,羽毛球馆-12号,08:00-09:00,1,1,已售/已满,已售,多云,21,19,3,0.0,72,33
2026-05-21 12:00:46,2026-05-21,4,羽毛球馆-12号,08:00-09:00,1,1,已售/已满,已售,多云,22,19,4,0.0,70,33
2026-05-21 12:30:42,2026-05-21,4,羽毛球馆-12号,08:00-09:00,1,1,已售/已满,已售,多云,22,21,3,0.0,68,35
2026-05-21 13:00:43,2026-05-21,4,羽毛球馆-12号,08:00-09:00,1,1,已售/已满,已售,多云,24,22,4,0.0,66,35
2026-05-21 13:30:43,2026-05-21,4,羽毛球馆-12号,08:00-09:00,1,1,已售/已满,已售,多云,24,22,4,0.0,66,36
2026-05-21 14:00:48,2026-05-21,4,羽毛球馆-12号,08:00-09:00,1,1,已售/已满,已售,多云,25,23,4,0.0,66,36
2026-05-21 14:30:45,2026-05-21,4,羽毛球馆-12号,08:00-09:00,1,1,已售/已满,已售,晴,25,25,3,0.0,65,39
2026-05-21 15:00:45,2026-05-21,4,羽毛球馆-12号,08:00-09:00,1,1,已售/已满,已售,晴,25,22,4,0.0,56,39
2026-05-21 15:30:43,2026-05-21,4,羽毛球馆-12号,08:00-09:00,1,1,已售/已满,已售,晴,25,23,4,0.0,57,40
2026-05-21 16:00:51,2026-05-21,4,羽毛球馆-12号,08:00-09:00,1,1,已售/已满,已售,晴,25,23,4,0.0,57,40
2026-05-21 16:30:48,2026-05-21,4,羽毛球馆-12号,08:00-09:00,1,1,已售/已满,已售,晴,25,24,3,0.0,60,39
2026-05-21 17:00:49,2026-05-21,4,羽毛球馆-12号,08:00-09:00,1,1,已售/已满,已售,晴,25,24,4,0.0,61,39
2026-05-21 17:30:47,2026-05-21,4,羽毛球馆-12号,08:00-09:00,1,1,已售/已满,已售,多云,24,23,3,0.0,64,39
2026-05-21 18:00:50,2026-05-21,4,羽毛球馆-12号,08:00-09:00,1,1,已售/已满,已售,多云,24,23,3,0.0,68,39
2026-05-21 18:30:50,2026-05-21,4,羽毛球馆-12号,08:00-09:00,1,1,已售/已满,已售,阴,24,25,2,0.0,68,40
2026-05-21 19:00:50,2026-05-21,4,羽毛球馆-12号,08:00-09:00,1,1,已售/已满,已售,阴,23,23,3,0.0,76,40
2026-05-21 19:30:46,2026-05-21,4,羽毛球馆-12号,08:00-09:00,1,1,已售/已满,已售,阴,23,24,2,0.0,77,39
2026-05-21 20:00:49,2026-05-21,4,羽毛球馆-12号,08:00-09:00,1,1,已售/已满,已售,雾,22,23,2,0.0,89,39
2026-05-21 20:30:44,2026-05-21,4,羽毛球馆-12号,08:00-09:00,1,1,已售/已满,已售,雾,22,24,2,0.0,93,43
2026-05-21 21:00:56,2026-05-21,4,羽毛球馆-12号,08:00-09:00,1,1,已售/已满,已售,雾,20,21,2,0.0,98,43
2026-05-21 21:30:46,2026-05-21,4,羽毛球馆-12号,08:00-09:00,1,1,已售/已满,已售,雾,20,22,1,0.0,99,41
2026-05-21 22:01:02,2026-05-21,4,羽毛球馆-12号,08:00-09:00,1,1,已售/已满,已售,雾,19,20,2,0.0,93,41
2026-05-21 22:30:47,2026-05-21,4,羽毛球馆-12号,08:00-09:00,1,1,已售/已满,已售,雾,19,19,3,0.0,88,46
2026-05-21 23:00:56,2026-05-21,4,羽毛球馆-12号,08:00-09:00,1,1,已售/已满,已售,多云,18,17,3,0.0,85,46
2026-05-21 23:30:55,2026-05-21,4,羽毛球馆-12号,08:00-09:00,1,1,已售/已满,已售,多云,18,17,3,0.0,85,48
2026-05-21 00:30:49,2026-05-21,4,羽毛球馆-12号,09:00-10:00,0,1,可预约,￥12.0,多云,15,13,3,0.0,100,26
2026-05-21 01:00:55,2026-05-21,4,羽毛球馆-12号,09:00-10:00,0,1,可预约,￥12.0,多云,15,12,4,0.0,100,26
2026-05-21 01:30:47,2026-05-21,4,羽毛球馆-12号,09:00-10:00,0,1,可预约,￥12.0,多云,15,13,4,0.0,100,28
2026-05-21 02:00:53,2026-05-21,4,羽毛球馆-12号,09:00-10:00,0,1,可预约,￥12.0,多云,15,12,4,0.0,100,28
2026-05-21 02:30:49,2026-05-21,4,羽毛球馆-12号,09:00-10:00,0,1,可预约,￥12.0,多云,15,14,3,0.0,100,29
2026-05-21 03:00:55,2026-05-21,4,羽毛球馆-12号,09:00-10:00,0,1,可预约,￥12.0,多云,15,12,4,0.0,100,29
2026-05-21 03:30:49,2026-05-21,4,羽毛球馆-12号,09:00-10:00,0,1,可预约,￥12.0,多云,15,14,3,0.0,100,30
2026-05-21 04:30:45,2026-05-21,4,羽毛球馆-12号,09:00-10:00,0,1,可预约,￥12.0,多云,15,12,4,0.0,100,29
2026-05-21 05:00:52,2026-05-21,4,羽毛球馆-12号,09:00-10:00,0,1,可预约,￥12.0,多云,15,12,4,0.0,100,29
2026-05-21 05:30:49,2026-05-21,4,羽毛球馆-12号,09:00-10:00,0,1,可预约,￥12.0,多云,15,13,3,0.0,100,28
2026-05-21 06:00:50,2026-05-21,4,羽毛球馆-12号,09:00-10:00,0,1,可预约,￥12.0,多云,15,13,4,0.0,99,28
2026-05-21 06:30:38,2026-05-21,4,羽毛球馆-12号,09:00-10:00,0,1,可预约,￥12.0,多云,15,13,3,0.0,97,28
2026-05-21 07:00:43,2026-05-21,4,羽毛球馆-12号,09:00-10:00,0,1,可预约,￥12.0,晴,15,11,5,0.0,93,28
2026-05-21 07:30:39,2026-05-21,4,羽毛球馆-12号,09:00-10:00,0,1,可预约,￥12.0,晴,17,13,4,0.0,89,29
2026-05-21 07:50:40,2026-05-21,4,羽毛球馆-12号,09:00-10:00,0,1,可预约,￥12.0,晴,17,13,4,0.0,88,29
2026-05-21 07:53:31,2026-05-21,4,羽毛球馆-12号,09:00-10:00,0,1,可预约,￥12.0,晴,17,12,5,0.0,86,29
2026-05-21 07:56:31,2026-05-21,4,羽毛球馆-12号,09:00-10:00,0,1,可预约,￥12.0,晴,17,12,5,0.0,86,29
2026-05-21 07:59:26,2026-05-21,4,羽毛球馆-12号,09:00-10:00,0,1,可预约,￥12.0,晴,17,12,5,0.0,86,29
2026-05-21 08:00:45,2026-05-21,4,羽毛球馆-12号,09:00-10:00,0,1,可预约,￥12.0,晴,17,12,5,0.0,86,29
2026-05-21 08:02:30,2026-05-21,4,羽毛球馆-12号,09:00-10:00,0,1,可预约,￥12.0,多云,17,12,5,0.0,87,29
2026-05-21 08:05:36,2026-05-21,4,羽毛球馆-12号,09:00-10:00,0,1,可预约,￥12.0,多云,17,12,5,0.0,86,29
2026-05-21 08:08:31,2026-05-21,4,羽毛球馆-12号,09:00-10:00,0,1,可预约,￥12.0,多云,17,12,5,0.0,86,29
2026-05-21 08:11:30,2026-05-21,4,羽毛球馆-12号,09:00-10:00,0,1,可预约,￥12.0,多云,17,12,5,0.0,86,29
2026-05-21 08:14:31,2026-05-21,4,羽毛球馆-12号,09:00-10:00,0,1,可预约,￥12.0,多云,17,12,5,0.0,86,29
2026-05-21 08:17:30,2026-05-21,4,羽毛球馆-12号,09:00-10:00,0,1,可预约,￥12.0,多云,17,12,5,0.0,86,29
2026-05-21 08:20:35,2026-05-21,4,羽毛球馆-12号,09:00-10:00,0,1,可预约,￥12.0,多云,17,14,4,0.0,85,29
2026-05-21 08:25:32,2026-05-21,4,羽毛球馆-12号,09:00-10:00,0,1,可预约,￥12.0,多云,17,14,4,0.0,85,28
2026-05-21 08:30:42,2026-05-21,4,羽毛球馆-12号,09:00-10:00,0,1,可预约,￥12.0,多云,18,15,4,0.0,84,28
2026-05-21 08:35:31,2026-05-21,4,羽毛球馆-12号,09:00-10:00,0,1,可预约,￥12.0,多云,18,15,4,0.0,84,28
2026-05-21 08:40:38,2026-05-21,4,羽毛球馆-12号,09:00-10:00,0,1,可预约,￥12.0,多云,18,15,4,0.0,82,28
2026-05-21 08:45:33,2026-05-21,4,羽毛球馆-12号,09:00-10:00,0,1,可预约,￥12.0,多云,18,15,4,0.0,82,28
2026-05-21 08:50:36,2026-05-21,4,羽毛球馆-12号,09:00-10:00,0,1,可预约,￥12.0,多云,18,15,4,0.0,82,28
2026-05-21 08:55:34,2026-05-21,4,羽毛球馆-12号,09:00-10:00,0,1,可预约,￥12.0,多云,18,15,4,0.0,84,28
2026-05-21 09:00:51,2026-05-21,4,羽毛球馆-12号,09:00-10:00,0,1,可预约,￥12.0,多云,18,15,4,0.0,84,28
2026-05-21 09:01:59,2026-05-21,4,羽毛球馆-12号,09:00-10:00,0,1,可预约,￥12.0,多云,18,15,4,0.0,83,28
2026-05-21 09:05:33,2026-05-21,4,羽毛球馆-12号,09:00-10:00,0,1,可预约,￥12.0,多云,18,15,4,0.0,83,28
2026-05-21 09:20:38,2026-05-21,4,羽毛球馆-12号,09:00-10:00,0,1,可预约,￥12.0,多云,18,16,3,0.0,81,28
2026-05-21 09:30:46,2026-05-21,4,羽毛球馆-12号,09:00-10:00,0,1,可预约,￥12.0,多云,18,16,3,0.0,81,32
2026-05-21 09:40:36,2026-05-21,4,羽毛球馆-12号,09:00-10:00,0,1,可预约,￥12.0,多云,19,17,3,0.0,79,32
2026-05-21 09:50:42,2026-05-21,4,羽毛球馆-12号,09:00-10:00,0,1,可预约,￥12.0,多云,19,17,4,0.0,81,32
2026-05-21 10:00:46,2026-05-21,4,羽毛球馆-12号,09:00-10:00,0,1,不开放/已过期,,多云,19,17,4,0.0,79,32
2026-05-21 10:10:40,2026-05-21,4,羽毛球馆-12号,09:00-10:00,0,1,不开放/已过期,,多云,19,17,4,0.0,79,32
2026-05-21 10:20:38,2026-05-21,4,羽毛球馆-12号,09:00-10:00,0,1,不开放/已过期,,多云,19,17,4,0.0,79,32
2026-05-21 10:30:41,2026-05-21,4,羽毛球馆-12号,09:00-10:00,0,1,不开放/已过期,,多云,19,18,3,0.0,78,31
2026-05-21 11:00:44,2026-05-21,4,羽毛球馆-12号,09:00-10:00,0,1,不开放/已过期,,多云,21,17,5,0.0,74,31
2026-05-21 11:30:38,2026-05-21,4,羽毛球馆-12号,09:00-10:00,0,1,不开放/已过期,,多云,21,19,3,0.0,72,33
2026-05-21 12:00:46,2026-05-21,4,羽毛球馆-12号,09:00-10:00,0,1,不开放/已过期,,多云,22,19,4,0.0,70,33
2026-05-21 12:30:42,2026-05-21,4,羽毛球馆-12号,09:00-10:00,0,1,不开放/已过期,,多云,22,21,3,0.0,68,35
2026-05-21 13:00:43,2026-05-21,4,羽毛球馆-12号,09:00-10:00,0,1,不开放/已过期,,多云,24,22,4,0.0,66,35
2026-05-21 13:30:43,2026-05-21,4,羽毛球馆-12号,09:00-10:00,0,1,不开放/已过期,,多云,24,22,4,0.0,66,36
2026-05-21 14:00:48,2026-05-21,4,羽毛球馆-12号,09:00-10:00,0,1,不开放/已过期,,多云,25,23,4,0.0,66,36
2026-05-21 14:30:45,2026-05-21,4,羽毛球馆-12号,09:00-10:00,0,1,不开放/已过期,,晴,25,25,3,0.0,65,39
2026-05-21 15:00:45,2026-05-21,4,羽毛球馆-12号,09:00-10:00,0,1,不开放/已过期,,晴,25,22,4,0.0,56,39
2026-05-21 15:30:43,2026-05-21,4,羽毛球馆-12号,09:00-10:00,0,1,不开放/已过期,,晴,25,23,4,0.0,57,40
2026-05-21 16:00:51,2026-05-21,4,羽毛球馆-12号,09:00-10:00,0,1,不开放/已过期,,晴,25,23,4,0.0,57,40
2026-05-21 16:30:48,2026-05-21,4,羽毛球馆-12号,09:00-10:00,0,1,不开放/已过期,,晴,25,24,3,0.0,60,39
2026-05-21 17:00:49,2026-05-21,4,羽毛球馆-12号,09:00-10:00,0,1,不开放/已过期,,晴,25,24,4,0.0,61,39
2026-05-21 17:30:47,2026-05-21,4,羽毛球馆-12号,09:00-10:00,0,1,不开放/已过期,,多云,24,23,3,0.0,64,39
2026-05-21 18:00:50,2026-05-21,4,羽毛球馆-12号,09:00-10:00,0,1,不开放/已过期,,多云,24,23,3,0.0,68,39
2026-05-21 18:30:50,2026-05-21,4,羽毛球馆-12号,09:00-10:00,0,1,不开放/已过期,,阴,24,25,2,0.0,68,40
2026-05-21 19:00:50,2026-05-21,4,羽毛球馆-12号,09:00-10:00,0,1,不开放/已过期,,阴,23,23,3,0.0,76,40
2026-05-21 19:30:46,2026-05-21,4,羽毛球馆-12号,09:00-10:00,0,1,不开放/已过期,,阴,23,24,2,0.0,77,39
2026-05-21 20:00:49,2026-05-21,4,羽毛球馆-12号,09:00-10:00,0,1,不开放/已过期,,雾,22,23,2,0.0,89,39
2026-05-21 20:30:44,2026-05-21,4,羽毛球馆-12号,09:00-10:00,0,1,不开放/已过期,,雾,22,24,2,0.0,93,43
2026-05-21 21:00:56,2026-05-21,4,羽毛球馆-12号,09:00-10:00,0,1,不开放/已过期,,雾,20,21,2,0.0,98,43
2026-05-21 21:30:46,2026-05-21,4,羽毛球馆-12号,09:00-10:00,0,1,不开放/已过期,,雾,20,22,1,0.0,99,41
2026-05-21 22:01:02,2026-05-21,4,羽毛球馆-12号,09:00-10:00,0,1,不开放/已过期,,雾,19,20,2,0.0,93,41
2026-05-21 22:30:47,2026-05-21,4,羽毛球馆-12号,09:00-10:00,0,1,不开放/已过期,,雾,19,19,3,0.0,88,46
2026-05-21 23:00:56,2026-05-21,4,羽毛球馆-12号,09:00-10:00,0,1,不开放/已过期,,多云,18,17,3,0.0,85,46
2026-05-21 23:30:55,2026-05-21,4,羽毛球馆-12号,09:00-10:00,0,1,不开放/已过期,,多云,18,17,3,0.0,85,48
2026-05-21 00:30:49,2026-05-21,4,羽毛球馆-12号,10:00-11:00,1,1,已售/已满,教学时间,多云,15,13,3,0.0,100,26
2026-05-21 01:00:55,2026-05-21,4,羽毛球馆-12号,10:00-11:00,1,1,已售/已满,教学时间,多云,15,12,4,0.0,100,26
2026-05-21 01:30:47,2026-05-21,4,羽毛球馆-12号,10:00-11:00,1,1,已售/已满,教学时间,多云,15,13,4,0.0,100,28
2026-05-21 02:00:53,2026-05-21,4,羽毛球馆-12号,10:00-11:00,1,1,已售/已满,教学时间,多云,15,12,4,0.0,100,28
2026-05-21 02:30:49,2026-05-21,4,羽毛球馆-12号,10:00-11:00,1,1,已售/已满,教学时间,多云,15,14,3,0.0,100,29
2026-05-21 03:00:55,2026-05-21,4,羽毛球馆-12号,10:00-11:00,1,1,已售/已满,教学时间,多云,15,12,4,0.0,100,29
2026-05-21 03:30:49,2026-05-21,4,羽毛球馆-12号,10:00-11:00,1,1,已售/已满,教学时间,多云,15,14,3,0.0,100,30
2026-05-21 04:30:45,2026-05-21,4,羽毛球馆-12号,10:00-11:00,1,1,已售/已满,教学时间,多云,15,12,4,0.0,100,29
2026-05-21 05:00:52,2026-05-21,4,羽毛球馆-12号,10:00-11:00,1,1,已售/已满,教学时间,多云,15,12,4,0.0,100,29
2026-05-21 05:30:49,2026-05-21,4,羽毛球馆-12号,10:00-11:00,1,1,已售/已满,教学时间,多云,15,13,3,0.0,100,28
2026-05-21 06:00:50,2026-05-21,4,羽毛球馆-12号,10:00-11:00,1,1,已售/已满,教学时间,多云,15,13,4,0.0,99,28
2026-05-21 06:30:38,2026-05-21,4,羽毛球馆-12号,10:00-11:00,1,1,已售/已满,教学时间,多云,15,13,3,0.0,97,28
2026-05-21 07:00:43,2026-05-21,4,羽毛球馆-12号,10:00-11:00,1,1,已售/已满,教学时间,晴,15,11,5,0.0,93,28
2026-05-21 07:30:39,2026-05-21,4,羽毛球馆-12号,10:00-11:00,1,1,已售/已满,教学时间,晴,17,13,4,0.0,89,29
2026-05-21 07:50:40,2026-05-21,4,羽毛球馆-12号,10:00-11:00,1,1,已售/已满,教学时间,晴,17,13,4,0.0,88,29
2026-05-21 07:53:31,2026-05-21,4,羽毛球馆-12号,10:00-11:00,1,1,已售/已满,教学时间,晴,17,12,5,0.0,86,29
2026-05-21 07:56:31,2026-05-21,4,羽毛球馆-12号,10:00-11:00,1,1,已售/已满,教学时间,晴,17,12,5,0.0,86,29
2026-05-21 07:59:26,2026-05-21,4,羽毛球馆-12号,10:00-11:00,1,1,已售/已满,教学时间,晴,17,12,5,0.0,86,29
2026-05-21 08:00:45,2026-05-21,4,羽毛球馆-12号,10:00-11:00,1,1,已售/已满,教学时间,晴,17,12,5,0.0,86,29
2026-05-21 08:02:30,2026-05-21,4,羽毛球馆-12号,10:00-11:00,1,1,已售/已满,教学时间,多云,17,12,5,0.0,87,29
2026-05-21 08:05:36,2026-05-21,4,羽毛球馆-12号,10:00-11:00,1,1,已售/已满,教学时间,多云,17,12,5,0.0,86,29
2026-05-21 08:08:31,2026-05-21,4,羽毛球馆-12号,10:00-11:00,1,1,已售/已满,教学时间,多云,17,12,5,0.0,86,29
2026-05-21 08:11:30,2026-05-21,4,羽毛球馆-12号,10:00-11:00,1,1,已售/已满,教学时间,多云,17,12,5,0.0,86,29
2026-05-21 08:14:31,2026-05-21,4,羽毛球馆-12号,10:00-11:00,1,1,已售/已满,教学时间,多云,17,12,5,0.0,86,29
2026-05-21 08:17:30,2026-05-21,4,羽毛球馆-12号,10:00-11:00,1,1,已售/已满,教学时间,多云,17,12,5,0.0,86,29
2026-05-21 08:20:35,2026-05-21,4,羽毛球馆-12号,10:00-11:00,1,1,已售/已满,教学时间,多云,17,14,4,0.0,85,29
2026-05-21 08:25:32,2026-05-21,4,羽毛球馆-12号,10:00-11:00,1,1,已售/已满,教学时间,多云,17,14,4,0.0,85,28
2026-05-21 08:30:42,2026-05-21,4,羽毛球馆-12号,10:00-11:00,1,1,已售/已满,教学时间,多云,18,15,4,0.0,84,28
2026-05-21 08:35:31,2026-05-21,4,羽毛球馆-12号,10:00-11:00,1,1,已售/已满,教学时间,多云,18,15,4,0.0,84,28
2026-05-21 08:40:38,2026-05-21,4,羽毛球馆-12号,10:00-11:00,1,1,已售/已满,教学时间,多云,18,15,4,0.0,82,28
2026-05-21 08:45:33,2026-05-21,4,羽毛球馆-12号,10:00-11:00,1,1,已售/已满,教学时间,多云,18,15,4,0.0,82,28
2026-05-21 08:50:36,2026-05-21,4,羽毛球馆-12号,10:00-11:00,1,1,已售/已满,教学时间,多云,18,15,4,0.0,82,28
2026-05-21 08:55:34,2026-05-21,4,羽毛球馆-12号,10:00-11:00,1,1,已售/已满,教学时间,多云,18,15,4,0.0,84,28
2026-05-21 09:00:51,2026-05-21,4,羽毛球馆-12号,10:00-11:00,1,1,已售/已满,教学时间,多云,18,15,4,0.0,84,28
2026-05-21 09:01:59,2026-05-21,4,羽毛球馆-12号,10:00-11:00,1,1,已售/已满,教学时间,多云,18,15,4,0.0,83,28
2026-05-21 09:05:33,2026-05-21,4,羽毛球馆-12号,10:00-11:00,1,1,已售/已满,教学时间,多云,18,15,4,0.0,83,28
2026-05-21 09:20:38,2026-05-21,4,羽毛球馆-12号,10:00-11:00,1,1,已售/已满,教学时间,多云,18,16,3,0.0,81,28
2026-05-21 09:30:46,2026-05-21,4,羽毛球馆-12号,10:00-11:00,1,1,已售/已满,教学时间,多云,18,16,3,0.0,81,32
2026-05-21 09:40:36,2026-05-21,4,羽毛球馆-12号,10:00-11:00,1,1,已售/已满,教学时间,多云,19,17,3,0.0,79,32
2026-05-21 09:50:42,2026-05-21,4,羽毛球馆-12号,10:00-11:00,1,1,已售/已满,教学时间,多云,19,17,4,0.0,81,32
2026-05-21 10:00:46,2026-05-21,4,羽毛球馆-12号,10:00-11:00,1,1,已售/已满,教学时间,多云,19,17,4,0.0,79,32
2026-05-21 10:10:40,2026-05-21,4,羽毛球馆-12号,10:00-11:00,1,1,已售/已满,教学时间,多云,19,17,4,0.0,79,32
2026-05-21 10:20:38,2026-05-21,4,羽毛球馆-12号,10:00-11:00,1,1,已售/已满,教学时间,多云,19,17,4,0.0,79,32
2026-05-21 10:30:41,2026-05-21,4,羽毛球馆-12号,10:00-11:00,1,1,已售/已满,教学时间,多云,19,18,3,0.0,78,31
2026-05-21 11:00:44,2026-05-21,4,羽毛球馆-12号,10:00-11:00,1,1,已售/已满,教学时间,多云,21,17,5,0.0,74,31
2026-05-21 11:30:38,2026-05-21,4,羽毛球馆-12号,10:00-11:00,1,1,已售/已满,教学时间,多云,21,19,3,0.0,72,33
2026-05-21 12:00:46,2026-05-21,4,羽毛球馆-12号,10:00-11:00,1,1,已售/已满,教学时间,多云,22,19,4,0.0,70,33
2026-05-21 12:30:42,2026-05-21,4,羽毛球馆-12号,10:00-11:00,1,1,已售/已满,教学时间,多云,22,21,3,0.0,68,35
2026-05-21 13:00:43,2026-05-21,4,羽毛球馆-12号,10:00-11:00,1,1,已售/已满,教学时间,多云,24,22,4,0.0,66,35
2026-05-21 13:30:43,2026-05-21,4,羽毛球馆-12号,10:00-11:00,1,1,已售/已满,教学时间,多云,24,22,4,0.0,66,36
2026-05-21 14:00:48,2026-05-21,4,羽毛球馆-12号,10:00-11:00,1,1,已售/已满,教学时间,多云,25,23,4,0.0,66,36
2026-05-21 14:30:45,2026-05-21,4,羽毛球馆-12号,10:00-11:00,1,1,已售/已满,教学时间,晴,25,25,3,0.0,65,39
2026-05-21 15:00:45,2026-05-21,4,羽毛球馆-12号,10:00-11:00,1,1,已售/已满,教学时间,晴,25,22,4,0.0,56,39
2026-05-21 15:30:43,2026-05-21,4,羽毛球馆-12号,10:00-11:00,1,1,已售/已满,教学时间,晴,25,23,4,0.0,57,40
2026-05-21 16:00:51,2026-05-21,4,羽毛球馆-12号,10:00-11:00,1,1,已售/已满,教学时间,晴,25,23,4,0.0,57,40
2026-05-21 16:30:48,2026-05-21,4,羽毛球馆-12号,10:00-11:00,1,1,已售/已满,教学时间,晴,25,24,3,0.0,60,39
2026-05-21 17:00:49,2026-05-21,4,羽毛球馆-12号,10:00-11:00,1,1,已售/已满,教学时间,晴,25,24,4,0.0,61,39
2026-05-21 17:30:47,2026-05-21,4,羽毛球馆-12号,10:00-11:00,1,1,已售/已满,教学时间,多云,24,23,3,0.0,64,39
2026-05-21 18:00:50,2026-05-21,4,羽毛球馆-12号,10:00-11:00,1,1,已售/已满,教学时间,多云,24,23,3,0.0,68,39
2026-05-21 18:30:50,2026-05-21,4,羽毛球馆-12号,10:00-11:00,1,1,已售/已满,教学时间,阴,24,25,2,0.0,68,40
2026-05-21 19:00:50,2026-05-21,4,羽毛球馆-12号,10:00-11:00,1,1,已售/已满,教学时间,阴,23,23,3,0.0,76,40
2026-05-21 19:30:46,2026-05-21,4,羽毛球馆-12号,10:00-11:00,1,1,已售/已满,教学时间,阴,23,24,2,0.0,77,39
2026-05-21 20:00:49,2026-05-21,4,羽毛球馆-12号,10:00-11:00,1,1,已售/已满,教学时间,雾,22,23,2,0.0,89,39
2026-05-21 20:30:44,2026-05-21,4,羽毛球馆-12号,10:00-11:00,1,1,已售/已满,教学时间,雾,22,24,2,0.0,93,43
2026-05-21 21:00:56,2026-05-21,4,羽毛球馆-12号,10:00-11:00,1,1,已售/已满,教学时间,雾,20,21,2,0.0,98,43
2026-05-21 21:30:46,2026-05-21,4,羽毛球馆-12号,10:00-11:00,1,1,已售/已满,教学时间,雾,20,22,1,0.0,99,41
2026-05-21 22:01:02,2026-05-21,4,羽毛球馆-12号,10:00-11:00,1,1,已售/已满,教学时间,雾,19,20,2,0.0,93,41
2026-05-21 22:30:47,2026-05-21,4,羽毛球馆-12号,10:00-11:00,1,1,已售/已满,教学时间,雾,19,19,3,0.0,88,46
2026-05-21 23:00:56,2026-05-21,4,羽毛球馆-12号,10:00-11:00,1,1,已售/已满,教学时间,多云,18,17,3,0.0,85,46
2026-05-21 23:30:55,2026-05-21,4,羽毛球馆-12号,10:00-11:00,1,1,已售/已满,教学时间,多云,18,17,3,0.0,85,48
2026-05-21 00:30:49,2026-05-21,4,羽毛球馆-12号,11:00-12:00,1,1,已售/已满,教学时间,多云,15,13,3,0.0,100,26
2026-05-21 01:00:55,2026-05-21,4,羽毛球馆-12号,11:00-12:00,1,1,已售/已满,教学时间,多云,15,12,4,0.0,100,26
2026-05-21 01:30:47,2026-05-21,4,羽毛球馆-12号,11:00-12:00,1,1,已售/已满,教学时间,多云,15,13,4,0.0,100,28
2026-05-21 02:00:53,2026-05-21,4,羽毛球馆-12号,11:00-12:00,1,1,已售/已满,教学时间,多云,15,12,4,0.0,100,28
2026-05-21 02:30:49,2026-05-21,4,羽毛球馆-12号,11:00-12:00,1,1,已售/已满,教学时间,多云,15,14,3,0.0,100,29
2026-05-21 03:00:55,2026-05-21,4,羽毛球馆-12号,11:00-12:00,1,1,已售/已满,教学时间,多云,15,12,4,0.0,100,29
2026-05-21 03:30:49,2026-05-21,4,羽毛球馆-12号,11:00-12:00,1,1,已售/已满,教学时间,多云,15,14,3,0.0,100,30
2026-05-21 04:30:45,2026-05-21,4,羽毛球馆-12号,11:00-12:00,1,1,已售/已满,教学时间,多云,15,12,4,0.0,100,29
2026-05-21 05:00:52,2026-05-21,4,羽毛球馆-12号,11:00-12:00,1,1,已售/已满,教学时间,多云,15,12,4,0.0,100,29
2026-05-21 05:30:49,2026-05-21,4,羽毛球馆-12号,11:00-12:00,1,1,已售/已满,教学时间,多云,15,13,3,0.0,100,28
2026-05-21 06:00:50,2026-05-21,4,羽毛球馆-12号,11:00-12:00,1,1,已售/已满,教学时间,多云,15,13,4,0.0,99,28
2026-05-21 06:30:38,2026-05-21,4,羽毛球馆-12号,11:00-12:00,1,1,已售/已满,教学时间,多云,15,13,3,0.0,97,28
2026-05-21 07:00:43,2026-05-21,4,羽毛球馆-12号,11:00-12:00,1,1,已售/已满,教学时间,晴,15,11,5,0.0,93,28
2026-05-21 07:30:39,2026-05-21,4,羽毛球馆-12号,11:00-12:00,1,1,已售/已满,教学时间,晴,17,13,4,0.0,89,29
2026-05-21 07:50:40,2026-05-21,4,羽毛球馆-12号,11:00-12:00,1,1,已售/已满,教学时间,晴,17,13,4,0.0,88,29
2026-05-21 07:53:31,2026-05-21,4,羽毛球馆-12号,11:00-12:00,1,1,已售/已满,教学时间,晴,17,12,5,0.0,86,29
2026-05-21 07:56:31,2026-05-21,4,羽毛球馆-12号,11:00-12:00,1,1,已售/已满,教学时间,晴,17,12,5,0.0,86,29
2026-05-21 07:59:26,2026-05-21,4,羽毛球馆-12号,11:00-12:00,1,1,已售/已满,教学时间,晴,17,12,5,0.0,86,29
2026-05-21 08:00:45,2026-05-21,4,羽毛球馆-12号,11:00-12:00,1,1,已售/已满,教学时间,晴,17,12,5,0.0,86,29
2026-05-21 08:02:30,2026-05-21,4,羽毛球馆-12号,11:00-12:00,1,1,已售/已满,教学时间,多云,17,12,5,0.0,87,29
2026-05-21 08:05:36,2026-05-21,4,羽毛球馆-12号,11:00-12:00,1,1,已售/已满,教学时间,多云,17,12,5,0.0,86,29
2026-05-21 08:08:31,2026-05-21,4,羽毛球馆-12号,11:00-12:00,1,1,已售/已满,教学时间,多云,17,12,5,0.0,86,29
2026-05-21 08:11:30,2026-05-21,4,羽毛球馆-12号,11:00-12:00,1,1,已售/已满,教学时间,多云,17,12,5,0.0,86,29
2026-05-21 08:14:31,2026-05-21,4,羽毛球馆-12号,11:00-12:00,1,1,已售/已满,教学时间,多云,17,12,5,0.0,86,29
2026-05-21 08:17:30,2026-05-21,4,羽毛球馆-12号,11:00-12:00,1,1,已售/已满,教学时间,多云,17,12,5,0.0,86,29
2026-05-21 08:20:35,2026-05-21,4,羽毛球馆-12号,11:00-12:00,1,1,已售/已满,教学时间,多云,17,14,4,0.0,85,29
2026-05-21 08:25:32,2026-05-21,4,羽毛球馆-12号,11:00-12:00,1,1,已售/已满,教学时间,多云,17,14,4,0.0,85,28
2026-05-21 08:30:42,2026-05-21,4,羽毛球馆-12号,11:00-12:00,1,1,已售/已满,教学时间,多云,18,15,4,0.0,84,28
2026-05-21 08:35:31,2026-05-21,4,羽毛球馆-12号,11:00-12:00,1,1,已售/已满,教学时间,多云,18,15,4,0.0,84,28
2026-05-21 08:40:38,2026-05-21,4,羽毛球馆-12号,11:00-12:00,1,1,已售/已满,教学时间,多云,18,15,4,0.0,82,28
2026-05-21 08:45:33,2026-05-21,4,羽毛球馆-12号,11:00-12:00,1,1,已售/已满,教学时间,多云,18,15,4,0.0,82,28
2026-05-21 08:50:36,2026-05-21,4,羽毛球馆-12号,11:00-12:00,1,1,已售/已满,教学时间,多云,18,15,4,0.0,82,28
2026-05-21 08:55:34,2026-05-21,4,羽毛球馆-12号,11:00-12:00,1,1,已售/已满,教学时间,多云,18,15,4,0.0,84,28
2026-05-21 09:00:51,2026-05-21,4,羽毛球馆-12号,11:00-12:00,1,1,已售/已满,教学时间,多云,18,15,4,0.0,84,28
2026-05-21 09:01:59,2026-05-21,4,羽毛球馆-12号,11:00-12:00,1,1,已售/已满,教学时间,多云,18,15,4,0.0,83,28
2026-05-21 09:05:33,2026-05-21,4,羽毛球馆-12号,11:00-12:00,1,1,已售/已满,教学时间,多云,18,15,4,0.0,83,28
2026-05-21 09:20:38,2026-05-21,4,羽毛球馆-12号,11:00-12:00,1,1,已售/已满,教学时间,多云,18,16,3,0.0,81,28
2026-05-21 09:30:46,2026-05-21,4,羽毛球馆-12号,11:00-12:00,1,1,已售/已满,教学时间,多云,18,16,3,0.0,81,32
2026-05-21 09:40:36,2026-05-21,4,羽毛球馆-12号,11:00-12:00,1,1,已售/已满,教学时间,多云,19,17,3,0.0,79,32
2026-05-21 09:50:42,2026-05-21,4,羽毛球馆-12号,11:00-12:00,1,1,已售/已满,教学时间,多云,19,17,4,0.0,81,32
2026-05-21 10:00:46,2026-05-21,4,羽毛球馆-12号,11:00-12:00,1,1,已售/已满,教学时间,多云,19,17,4,0.0,79,32
2026-05-21 10:10:40,2026-05-21,4,羽毛球馆-12号,11:00-12:00,1,1,已售/已满,教学时间,多云,19,17,4,0.0,79,32
2026-05-21 10:20:38,2026-05-21,4,羽毛球馆-12号,11:00-12:00,1,1,已售/已满,教学时间,多云,19,17,4,0.0,79,32
2026-05-21 10:30:41,2026-05-21,4,羽毛球馆-12号,11:00-12:00,1,1,已售/已满,教学时间,多云,19,18,3,0.0,78,31
2026-05-21 11:00:44,2026-05-21,4,羽毛球馆-12号,11:00-12:00,1,1,已售/已满,教学时间,多云,21,17,5,0.0,74,31
2026-05-21 11:30:38,2026-05-21,4,羽毛球馆-12号,11:00-12:00,1,1,已售/已满,教学时间,多云,21,19,3,0.0,72,33
2026-05-21 12:00:46,2026-05-21,4,羽毛球馆-12号,11:00-12:00,1,1,已售/已满,教学时间,多云,22,19,4,0.0,70,33
2026-05-21 12:30:42,2026-05-21,4,羽毛球馆-12号,11:00-12:00,1,1,已售/已满,教学时间,多云,22,21,3,0.0,68,35
2026-05-21 13:00:43,2026-05-21,4,羽毛球馆-12号,11:00-12:00,1,1,已售/已满,教学时间,多云,24,22,4,0.0,66,35
2026-05-21 13:30:43,2026-05-21,4,羽毛球馆-12号,11:00-12:00,1,1,已售/已满,教学时间,多云,24,22,4,0.0,66,36
2026-05-21 14:00:48,2026-05-21,4,羽毛球馆-12号,11:00-12:00,1,1,已售/已满,教学时间,多云,25,23,4,0.0,66,36
2026-05-21 14:30:45,2026-05-21,4,羽毛球馆-12号,11:00-12:00,1,1,已售/已满,教学时间,晴,25,25,3,0.0,65,39
2026-05-21 15:00:45,2026-05-21,4,羽毛球馆-12号,11:00-12:00,1,1,已售/已满,教学时间,晴,25,22,4,0.0,56,39
2026-05-21 15:30:43,2026-05-21,4,羽毛球馆-12号,11:00-12:00,1,1,已售/已满,教学时间,晴,25,23,4,0.0,57,40
2026-05-21 16:00:51,2026-05-21,4,羽毛球馆-12号,11:00-12:00,1,1,已售/已满,教学时间,晴,25,23,4,0.0,57,40
2026-05-21 16:30:48,2026-05-21,4,羽毛球馆-12号,11:00-12:00,1,1,已售/已满,教学时间,晴,25,24,3,0.0,60,39
2026-05-21 17:00:49,2026-05-21,4,羽毛球馆-12号,11:00-12:00,1,1,已售/已满,教学时间,晴,25,24,4,0.0,61,39
2026-05-21 17:30:47,2026-05-21,4,羽毛球馆-12号,11:00-12:00,1,1,已售/已满,教学时间,多云,24,23,3,0.0,64,39
2026-05-21 18:00:50,2026-05-21,4,羽毛球馆-12号,11:00-12:00,1,1,已售/已满,教学时间,多云,24,23,3,0.0,68,39
2026-05-21 18:30:50,2026-05-21,4,羽毛球馆-12号,11:00-12:00,1,1,已售/已满,教学时间,阴,24,25,2,0.0,68,40
2026-05-21 19:00:50,2026-05-21,4,羽毛球馆-12号,11:00-12:00,1,1,已售/已满,教学时间,阴,23,23,3,0.0,76,40
2026-05-21 19:30:46,2026-05-21,4,羽毛球馆-12号,11:00-12:00,1,1,已售/已满,教学时间,阴,23,24,2,0.0,77,39
2026-05-21 20:00:49,2026-05-21,4,羽毛球馆-12号,11:00-12:00,1,1,已售/已满,教学时间,雾,22,23,2,0.0,89,39
2026-05-21 20:30:44,2026-05-21,4,羽毛球馆-12号,11:00-12:00,1,1,已售/已满,教学时间,雾,22,24,2,0.0,93,43
2026-05-21 21:00:56,2026-05-21,4,羽毛球馆-12号,11:00-12:00,1,1,已售/已满,教学时间,雾,20,21,2,0.0,98,43
2026-05-21 21:30:46,2026-05-21,4,羽毛球馆-12号,11:00-12:00,1,1,已售/已满,教学时间,雾,20,22,1,0.0,99,41
2026-05-21 22:01:02,2026-05-21,4,羽毛球馆-12号,11:00-12:00,1,1,已售/已满,教学时间,雾,19,20,2,0.0,93,41
2026-05-21 22:30:47,2026-05-21,4,羽毛球馆-12号,11:00-12:00,1,1,已售/已满,教学时间,雾,19,19,3,0.0,88,46
2026-05-21 23:00:56,2026-05-21,4,羽毛球馆-12号,11:00-12:00,1,1,已售/已满,教学时间,多云,18,17,3,0.0,85,46
2026-05-21 23:30:55,2026-05-21,4,羽毛球馆-12号,11:00-12:00,1,1,已售/已满,教学时间,多云,18,17,3,0.0,85,48
2026-05-21 00:30:49,2026-05-21,4,羽毛球馆-12号,12:00-12:55,1,1,已售/已满,已售,多云,15,13,3,0.0,100,26
2026-05-21 01:00:55,2026-05-21,4,羽毛球馆-12号,12:00-12:55,1,1,已售/已满,已售,多云,15,12,4,0.0,100,26
2026-05-21 01:30:47,2026-05-21,4,羽毛球馆-12号,12:00-12:55,1,1,已售/已满,已售,多云,15,13,4,0.0,100,28
2026-05-21 02:00:53,2026-05-21,4,羽毛球馆-12号,12:00-12:55,1,1,已售/已满,已售,多云,15,12,4,0.0,100,28
2026-05-21 02:30:49,2026-05-21,4,羽毛球馆-12号,12:00-12:55,1,1,已售/已满,已售,多云,15,14,3,0.0,100,29
2026-05-21 03:00:55,2026-05-21,4,羽毛球馆-12号,12:00-12:55,1,1,已售/已满,已售,多云,15,12,4,0.0,100,29
2026-05-21 03:30:49,2026-05-21,4,羽毛球馆-12号,12:00-12:55,1,1,已售/已满,已售,多云,15,14,3,0.0,100,30
2026-05-21 04:30:45,2026-05-21,4,羽毛球馆-12号,12:00-12:55,1,1,已售/已满,已售,多云,15,12,4,0.0,100,29
2026-05-21 05:00:52,2026-05-21,4,羽毛球馆-12号,12:00-12:55,1,1,已售/已满,已售,多云,15,12,4,0.0,100,29
2026-05-21 05:30:49,2026-05-21,4,羽毛球馆-12号,12:00-12:55,1,1,已售/已满,已售,多云,15,13,3,0.0,100,28
2026-05-21 06:00:50,2026-05-21,4,羽毛球馆-12号,12:00-12:55,1,1,已售/已满,已售,多云,15,13,4,0.0,99,28
2026-05-21 06:30:38,2026-05-21,4,羽毛球馆-12号,12:00-12:55,1,1,已售/已满,已售,多云,15,13,3,0.0,97,28
2026-05-21 07:00:43,2026-05-21,4,羽毛球馆-12号,12:00-12:55,1,1,已售/已满,已售,晴,15,11,5,0.0,93,28
2026-05-21 07:30:39,2026-05-21,4,羽毛球馆-12号,12:00-12:55,1,1,已售/已满,已售,晴,17,13,4,0.0,89,29
2026-05-21 07:50:40,2026-05-21,4,羽毛球馆-12号,12:00-12:55,1,1,已售/已满,已售,晴,17,13,4,0.0,88,29
2026-05-21 07:53:31,2026-05-21,4,羽毛球馆-12号,12:00-12:55,1,1,已售/已满,已售,晴,17,12,5,0.0,86,29
2026-05-21 07:56:31,2026-05-21,4,羽毛球馆-12号,12:00-12:55,1,1,已售/已满,已售,晴,17,12,5,0.0,86,29
2026-05-21 07:59:26,2026-05-21,4,羽毛球馆-12号,12:00-12:55,1,1,已售/已满,已售,晴,17,12,5,0.0,86,29
2026-05-21 08:00:45,2026-05-21,4,羽毛球馆-12号,12:00-12:55,1,1,已售/已满,已售,晴,17,12,5,0.0,86,29
2026-05-21 08:02:30,2026-05-21,4,羽毛球馆-12号,12:00-12:55,1,1,已售/已满,已售,多云,17,12,5,0.0,87,29
2026-05-21 08:05:36,2026-05-21,4,羽毛球馆-12号,12:00-12:55,1,1,已售/已满,已售,多云,17,12,5,0.0,86,29
2026-05-21 08:08:31,2026-05-21,4,羽毛球馆-12号,12:00-12:55,1,1,已售/已满,已售,多云,17,12,5,0.0,86,29
2026-05-21 08:11:30,2026-05-21,4,羽毛球馆-12号,12:00-12:55,1,1,已售/已满,已售,多云,17,12,5,0.0,86,29
2026-05-21 08:14:31,2026-05-21,4,羽毛球馆-12号,12:00-12:55,1,1,已售/已满,已售,多云,17,12,5,0.0,86,29
2026-05-21 08:17:30,2026-05-21,4,羽毛球馆-12号,12:00-12:55,1,1,已售/已满,已售,多云,17,12,5,0.0,86,29
2026-05-21 08:20:35,2026-05-21,4,羽毛球馆-12号,12:00-12:55,1,1,已售/已满,已售,多云,17,14,4,0.0,85,29
2026-05-21 08:25:32,2026-05-21,4,羽毛球馆-12号,12:00-12:55,1,1,已售/已满,已售,多云,17,14,4,0.0,85,28
2026-05-21 08:30:42,2026-05-21,4,羽毛球馆-12号,12:00-12:55,1,1,已售/已满,已售,多云,18,15,4,0.0,84,28
2026-05-21 08:35:31,2026-05-21,4,羽毛球馆-12号,12:00-12:55,1,1,已售/已满,已售,多云,18,15,4,0.0,84,28
2026-05-21 08:40:38,2026-05-21,4,羽毛球馆-12号,12:00-12:55,1,1,已售/已满,已售,多云,18,15,4,0.0,82,28
2026-05-21 08:45:33,2026-05-21,4,羽毛球馆-12号,12:00-12:55,1,1,已售/已满,已售,多云,18,15,4,0.0,82,28
2026-05-21 08:50:36,2026-05-21,4,羽毛球馆-12号,12:00-12:55,1,1,已售/已满,已售,多云,18,15,4,0.0,82,28
2026-05-21 08:55:34,2026-05-21,4,羽毛球馆-12号,12:00-12:55,1,1,已售/已满,已售,多云,18,15,4,0.0,84,28
2026-05-21 09:00:51,2026-05-21,4,羽毛球馆-12号,12:00-12:55,1,1,已售/已满,已售,多云,18,15,4,0.0,84,28
2026-05-21 09:01:59,2026-05-21,4,羽毛球馆-12号,12:00-12:55,1,1,已售/已满,已售,多云,18,15,4,0.0,83,28
2026-05-21 09:05:33,2026-05-21,4,羽毛球馆-12号,12:00-12:55,1,1,已售/已满,已售,多云,18,15,4,0.0,83,28
2026-05-21 09:20:38,2026-05-21,4,羽毛球馆-12号,12:00-12:55,1,1,已售/已满,已售,多云,18,16,3,0.0,81,28
2026-05-21 09:30:46,2026-05-21,4,羽毛球馆-12号,12:00-12:55,1,1,已售/已满,已售,多云,18,16,3,0.0,81,32
2026-05-21 09:40:36,2026-05-21,4,羽毛球馆-12号,12:00-12:55,1,1,已售/已满,已售,多云,19,17,3,0.0,79,32
2026-05-21 09:50:42,2026-05-21,4,羽毛球馆-12号,12:00-12:55,1,1,已售/已满,已售,多云,19,17,4,0.0,81,32
2026-05-21 10:00:46,2026-05-21,4,羽毛球馆-12号,12:00-12:55,1,1,已售/已满,已售,多云,19,17,4,0.0,79,32
2026-05-21 10:10:40,2026-05-21,4,羽毛球馆-12号,12:00-12:55,1,1,已售/已满,已售,多云,19,17,4,0.0,79,32
2026-05-21 10:20:38,2026-05-21,4,羽毛球馆-12号,12:00-12:55,1,1,已售/已满,已售,多云,19,17,4,0.0,79,32
2026-05-21 10:30:41,2026-05-21,4,羽毛球馆-12号,12:00-12:55,1,1,已售/已满,已售,多云,19,18,3,0.0,78,31
2026-05-21 11:00:44,2026-05-21,4,羽毛球馆-12号,12:00-12:55,1,1,已售/已满,已售,多云,21,17,5,0.0,74,31
2026-05-21 11:30:38,2026-05-21,4,羽毛球馆-12号,12:00-12:55,1,1,已售/已满,已售,多云,21,19,3,0.0,72,33
2026-05-21 12:00:46,2026-05-21,4,羽毛球馆-12号,12:00-12:55,1,1,已售/已满,已售,多云,22,19,4,0.0,70,33
2026-05-21 12:30:42,2026-05-21,4,羽毛球馆-12号,12:00-12:55,1,1,已售/已满,已售,多云,22,21,3,0.0,68,35
2026-05-21 13:00:43,2026-05-21,4,羽毛球馆-12号,12:00-12:55,1,1,已售/已满,已售,多云,24,22,4,0.0,66,35
2026-05-21 13:30:43,2026-05-21,4,羽毛球馆-12号,12:00-12:55,1,1,已售/已满,已售,多云,24,22,4,0.0,66,36
2026-05-21 14:00:48,2026-05-21,4,羽毛球馆-12号,12:00-12:55,1,1,已售/已满,已售,多云,25,23,4,0.0,66,36
2026-05-21 14:30:45,2026-05-21,4,羽毛球馆-12号,12:00-12:55,1,1,已售/已满,已售,晴,25,25,3,0.0,65,39
2026-05-21 15:00:45,2026-05-21,4,羽毛球馆-12号,12:00-12:55,1,1,已售/已满,已售,晴,25,22,4,0.0,56,39
2026-05-21 15:30:43,2026-05-21,4,羽毛球馆-12号,12:00-12:55,1,1,已售/已满,已售,晴,25,23,4,0.0,57,40
2026-05-21 16:00:51,2026-05-21,4,羽毛球馆-12号,12:00-12:55,1,1,已售/已满,已售,晴,25,23,4,0.0,57,40
2026-05-21 16:30:48,2026-05-21,4,羽毛球馆-12号,12:00-12:55,1,1,已售/已满,已售,晴,25,24,3,0.0,60,39
2026-05-21 17:00:49,2026-05-21,4,羽毛球馆-12号,12:00-12:55,1,1,已售/已满,已售,晴,25,24,4,0.0,61,39
2026-05-21 17:30:47,2026-05-21,4,羽毛球馆-12号,12:00-12:55,1,1,已售/已满,已售,多云,24,23,3,0.0,64,39
2026-05-21 18:00:50,2026-05-21,4,羽毛球馆-12号,12:00-12:55,1,1,已售/已满,已售,多云,24,23,3,0.0,68,39
2026-05-21 18:30:50,2026-05-21,4,羽毛球馆-12号,12:00-12:55,1,1,已售/已满,已售,阴,24,25,2,0.0,68,40
2026-05-21 19:00:50,2026-05-21,4,羽毛球馆-12号,12:00-12:55,1,1,已售/已满,已售,阴,23,23,3,0.0,76,40
2026-05-21 19:30:46,2026-05-21,4,羽毛球馆-12号,12:00-12:55,1,1,已售/已满,已售,阴,23,24,2,0.0,77,39
2026-05-21 20:00:49,2026-05-21,4,羽毛球馆-12号,12:00-12:55,1,1,已售/已满,已售,雾,22,23,2,0.0,89,39
2026-05-21 20:30:44,2026-05-21,4,羽毛球馆-12号,12:00-12:55,1,1,已售/已满,已售,雾,22,24,2,0.0,93,43
2026-05-21 21:00:56,2026-05-21,4,羽毛球馆-12号,12:00-12:55,1,1,已售/已满,已售,雾,20,21,2,0.0,98,43
2026-05-21 21:30:46,2026-05-21,4,羽毛球馆-12号,12:00-12:55,1,1,已售/已满,已售,雾,20,22,1,0.0,99,41
2026-05-21 22:01:02,2026-05-21,4,羽毛球馆-12号,12:00-12:55,1,1,已售/已满,已售,雾,19,20,2,0.0,93,41
2026-05-21 22:30:47,2026-05-21,4,羽毛球馆-12号,12:00-12:55,1,1,已售/已满,已售,雾,19,19,3,0.0,88,46
2026-05-21 23:00:56,2026-05-21,4,羽毛球馆-12号,12:00-12:55,1,1,已售/已满,已售,多云,18,17,3,0.0,85,46
2026-05-21 23:30:55,2026-05-21,4,羽毛球馆-12号,12:00-12:55,1,1,已售/已满,已售,多云,18,17,3,0.0,85,48
2026-05-21 00:30:49,2026-05-21,4,羽毛球馆-12号,12:55-13:50,1,1,已售/已满,已售,多云,15,13,3,0.0,100,26
2026-05-21 01:00:55,2026-05-21,4,羽毛球馆-12号,12:55-13:50,1,1,已售/已满,已售,多云,15,12,4,0.0,100,26
2026-05-21 01:30:47,2026-05-21,4,羽毛球馆-12号,12:55-13:50,1,1,已售/已满,已售,多云,15,13,4,0.0,100,28
2026-05-21 02:00:53,2026-05-21,4,羽毛球馆-12号,12:55-13:50,1,1,已售/已满,已售,多云,15,12,4,0.0,100,28
2026-05-21 02:30:49,2026-05-21,4,羽毛球馆-12号,12:55-13:50,1,1,已售/已满,已售,多云,15,14,3,0.0,100,29
2026-05-21 03:00:55,2026-05-21,4,羽毛球馆-12号,12:55-13:50,1,1,已售/已满,已售,多云,15,12,4,0.0,100,29
2026-05-21 03:30:49,2026-05-21,4,羽毛球馆-12号,12:55-13:50,1,1,已售/已满,已售,多云,15,14,3,0.0,100,30
2026-05-21 04:30:45,2026-05-21,4,羽毛球馆-12号,12:55-13:50,1,1,已售/已满,已售,多云,15,12,4,0.0,100,29
2026-05-21 05:00:52,2026-05-21,4,羽毛球馆-12号,12:55-13:50,1,1,已售/已满,已售,多云,15,12,4,0.0,100,29
2026-05-21 05:30:49,2026-05-21,4,羽毛球馆-12号,12:55-13:50,1,1,已售/已满,已售,多云,15,13,3,0.0,100,28
2026-05-21 06:00:50,2026-05-21,4,羽毛球馆-12号,12:55-13:50,1,1,已售/已满,已售,多云,15,13,4,0.0,99,28
2026-05-21 06:30:38,2026-05-21,4,羽毛球馆-12号,12:55-13:50,1,1,已售/已满,已售,多云,15,13,3,0.0,97,28
2026-05-21 07:00:43,2026-05-21,4,羽毛球馆-12号,12:55-13:50,1,1,已售/已满,已售,晴,15,11,5,0.0,93,28
2026-05-21 07:30:39,2026-05-21,4,羽毛球馆-12号,12:55-13:50,1,1,已售/已满,已售,晴,17,13,4,0.0,89,29
2026-05-21 07:50:40,2026-05-21,4,羽毛球馆-12号,12:55-13:50,1,1,已售/已满,已售,晴,17,13,4,0.0,88,29
2026-05-21 07:53:31,2026-05-21,4,羽毛球馆-12号,12:55-13:50,1,1,已售/已满,已售,晴,17,12,5,0.0,86,29
2026-05-21 07:56:31,2026-05-21,4,羽毛球馆-12号,12:55-13:50,1,1,已售/已满,已售,晴,17,12,5,0.0,86,29
2026-05-21 07:59:26,2026-05-21,4,羽毛球馆-12号,12:55-13:50,1,1,已售/已满,已售,晴,17,12,5,0.0,86,29
2026-05-21 08:00:45,2026-05-21,4,羽毛球馆-12号,12:55-13:50,1,1,已售/已满,已售,晴,17,12,5,0.0,86,29
2026-05-21 08:02:30,2026-05-21,4,羽毛球馆-12号,12:55-13:50,1,1,已售/已满,已售,多云,17,12,5,0.0,87,29
2026-05-21 08:05:36,2026-05-21,4,羽毛球馆-12号,12:55-13:50,1,1,已售/已满,已售,多云,17,12,5,0.0,86,29
2026-05-21 08:08:31,2026-05-21,4,羽毛球馆-12号,12:55-13:50,1,1,已售/已满,已售,多云,17,12,5,0.0,86,29
2026-05-21 08:11:30,2026-05-21,4,羽毛球馆-12号,12:55-13:50,1,1,已售/已满,已售,多云,17,12,5,0.0,86,29
2026-05-21 08:14:31,2026-05-21,4,羽毛球馆-12号,12:55-13:50,1,1,已售/已满,已售,多云,17,12,5,0.0,86,29
2026-05-21 08:17:30,2026-05-21,4,羽毛球馆-12号,12:55-13:50,1,1,已售/已满,已售,多云,17,12,5,0.0,86,29
2026-05-21 08:20:35,2026-05-21,4,羽毛球馆-12号,12:55-13:50,1,1,已售/已满,已售,多云,17,14,4,0.0,85,29
2026-05-21 08:25:32,2026-05-21,4,羽毛球馆-12号,12:55-13:50,1,1,已售/已满,已售,多云,17,14,4,0.0,85,28
2026-05-21 08:30:42,2026-05-21,4,羽毛球馆-12号,12:55-13:50,1,1,已售/已满,已售,多云,18,15,4,0.0,84,28
2026-05-21 08:35:31,2026-05-21,4,羽毛球馆-12号,12:55-13:50,1,1,已售/已满,已售,多云,18,15,4,0.0,84,28
2026-05-21 08:40:38,2026-05-21,4,羽毛球馆-12号,12:55-13:50,1,1,已售/已满,已售,多云,18,15,4,0.0,82,28
2026-05-21 08:45:33,2026-05-21,4,羽毛球馆-12号,12:55-13:50,1,1,已售/已满,已售,多云,18,15,4,0.0,82,28
2026-05-21 08:50:36,2026-05-21,4,羽毛球馆-12号,12:55-13:50,1,1,已售/已满,已售,多云,18,15,4,0.0,82,28
2026-05-21 08:55:34,2026-05-21,4,羽毛球馆-12号,12:55-13:50,1,1,已售/已满,已售,多云,18,15,4,0.0,84,28
2026-05-21 09:00:51,2026-05-21,4,羽毛球馆-12号,12:55-13:50,1,1,已售/已满,已售,多云,18,15,4,0.0,84,28
2026-05-21 09:01:59,2026-05-21,4,羽毛球馆-12号,12:55-13:50,1,1,已售/已满,已售,多云,18,15,4,0.0,83,28
2026-05-21 09:05:33,2026-05-21,4,羽毛球馆-12号,12:55-13:50,1,1,已售/已满,已售,多云,18,15,4,0.0,83,28
2026-05-21 09:20:38,2026-05-21,4,羽毛球馆-12号,12:55-13:50,1,1,已售/已满,已售,多云,18,16,3,0.0,81,28
2026-05-21 09:30:46,2026-05-21,4,羽毛球馆-12号,12:55-13:50,1,1,已售/已满,已售,多云,18,16,3,0.0,81,32
2026-05-21 09:40:36,2026-05-21,4,羽毛球馆-12号,12:55-13:50,1,1,已售/已满,已售,多云,19,17,3,0.0,79,32
2026-05-21 09:50:42,2026-05-21,4,羽毛球馆-12号,12:55-13:50,1,1,已售/已满,已售,多云,19,17,4,0.0,81,32
2026-05-21 10:00:46,2026-05-21,4,羽毛球馆-12号,12:55-13:50,1,1,已售/已满,已售,多云,19,17,4,0.0,79,32
2026-05-21 10:10:40,2026-05-21,4,羽毛球馆-12号,12:55-13:50,1,1,已售/已满,已售,多云,19,17,4,0.0,79,32
2026-05-21 10:20:38,2026-05-21,4,羽毛球馆-12号,12:55-13:50,1,1,已售/已满,已售,多云,19,17,4,0.0,79,32
2026-05-21 10:30:41,2026-05-21,4,羽毛球馆-12号,12:55-13:50,1,1,已售/已满,已售,多云,19,18,3,0.0,78,31
2026-05-21 11:00:44,2026-05-21,4,羽毛球馆-12号,12:55-13:50,1,1,已售/已满,已售,多云,21,17,5,0.0,74,31
2026-05-21 11:30:38,2026-05-21,4,羽毛球馆-12号,12:55-13:50,1,1,已售/已满,已售,多云,21,19,3,0.0,72,33
2026-05-21 12:00:46,2026-05-21,4,羽毛球馆-12号,12:55-13:50,1,1,已售/已满,已售,多云,22,19,4,0.0,70,33
2026-05-21 12:30:42,2026-05-21,4,羽毛球馆-12号,12:55-13:50,1,1,已售/已满,已售,多云,22,21,3,0.0,68,35
2026-05-21 13:00:43,2026-05-21,4,羽毛球馆-12号,12:55-13:50,1,1,已售/已满,已售,多云,24,22,4,0.0,66,35
2026-05-21 13:30:43,2026-05-21,4,羽毛球馆-12号,12:55-13:50,1,1,已售/已满,已售,多云,24,22,4,0.0,66,36
2026-05-21 14:00:48,2026-05-21,4,羽毛球馆-12号,12:55-13:50,1,1,已售/已满,已售,多云,25,23,4,0.0,66,36
2026-05-21 14:30:45,2026-05-21,4,羽毛球馆-12号,12:55-13:50,1,1,已售/已满,已售,晴,25,25,3,0.0,65,39
2026-05-21 15:00:45,2026-05-21,4,羽毛球馆-12号,12:55-13:50,1,1,已售/已满,已售,晴,25,22,4,0.0,56,39
2026-05-21 15:30:43,2026-05-21,4,羽毛球馆-12号,12:55-13:50,1,1,已售/已满,已售,晴,25,23,4,0.0,57,40
2026-05-21 16:00:51,2026-05-21,4,羽毛球馆-12号,12:55-13:50,1,1,已售/已满,已售,晴,25,23,4,0.0,57,40
2026-05-21 16:30:48,2026-05-21,4,羽毛球馆-12号,12:55-13:50,1,1,已售/已满,已售,晴,25,24,3,0.0,60,39
2026-05-21 17:00:49,2026-05-21,4,羽毛球馆-12号,12:55-13:50,1,1,已售/已满,已售,晴,25,24,4,0.0,61,39
2026-05-21 17:30:47,2026-05-21,4,羽毛球馆-12号,12:55-13:50,1,1,已售/已满,已售,多云,24,23,3,0.0,64,39
2026-05-21 18:00:50,2026-05-21,4,羽毛球馆-12号,12:55-13:50,1,1,已售/已满,已售,多云,24,23,3,0.0,68,39
2026-05-21 18:30:50,2026-05-21,4,羽毛球馆-12号,12:55-13:50,1,1,已售/已满,已售,阴,24,25,2,0.0,68,40
2026-05-21 19:00:50,2026-05-21,4,羽毛球馆-12号,12:55-13:50,1,1,已售/已满,已售,阴,23,23,3,0.0,76,40
2026-05-21 19:30:46,2026-05-21,4,羽毛球馆-12号,12:55-13:50,1,1,已售/已满,已售,阴,23,24,2,0.0,77,39
2026-05-21 20:00:49,2026-05-21,4,羽毛球馆-12号,12:55-13:50,1,1,已售/已满,已售,雾,22,23,2,0.0,89,39
2026-05-21 20:30:44,2026-05-21,4,羽毛球馆-12号,12:55-13:50,1,1,已售/已满,已售,雾,22,24,2,0.0,93,43
2026-05-21 21:00:56,2026-05-21,4,羽毛球馆-12号,12:55-13:50,1,1,已售/已满,已售,雾,20,21,2,0.0,98,43
2026-05-21 21:30:46,2026-05-21,4,羽毛球馆-12号,12:55-13:50,1,1,已售/已满,已售,雾,20,22,1,0.0,99,41
2026-05-21 22:01:02,2026-05-21,4,羽毛球馆-12号,12:55-13:50,1,1,已售/已满,已售,雾,19,20,2,0.0,93,41
2026-05-21 22:30:47,2026-05-21,4,羽毛球馆-12号,12:55-13:50,1,1,已售/已满,已售,雾,19,19,3,0.0,88,46
2026-05-21 23:00:56,2026-05-21,4,羽毛球馆-12号,12:55-13:50,1,1,已售/已满,已售,多云,18,17,3,0.0,85,46
2026-05-21 23:30:55,2026-05-21,4,羽毛球馆-12号,12:55-13:50,1,1,已售/已满,已售,多云,18,17,3,0.0,85,48
2026-05-21 00:30:49,2026-05-21,4,羽毛球馆-12号,14:00-15:00,1,1,已售/已满,已售,多云,15,13,3,0.0,100,26
2026-05-21 01:00:55,2026-05-21,4,羽毛球馆-12号,14:00-15:00,1,1,已售/已满,已售,多云,15,12,4,0.0,100,26
2026-05-21 01:30:47,2026-05-21,4,羽毛球馆-12号,14:00-15:00,1,1,已售/已满,已售,多云,15,13,4,0.0,100,28
2026-05-21 02:00:53,2026-05-21,4,羽毛球馆-12号,14:00-15:00,1,1,已售/已满,已售,多云,15,12,4,0.0,100,28
2026-05-21 02:30:49,2026-05-21,4,羽毛球馆-12号,14:00-15:00,1,1,已售/已满,已售,多云,15,14,3,0.0,100,29
2026-05-21 03:00:55,2026-05-21,4,羽毛球馆-12号,14:00-15:00,1,1,已售/已满,已售,多云,15,12,4,0.0,100,29
2026-05-21 03:30:49,2026-05-21,4,羽毛球馆-12号,14:00-15:00,1,1,已售/已满,已售,多云,15,14,3,0.0,100,30
2026-05-21 04:30:45,2026-05-21,4,羽毛球馆-12号,14:00-15:00,1,1,已售/已满,已售,多云,15,12,4,0.0,100,29
2026-05-21 05:00:52,2026-05-21,4,羽毛球馆-12号,14:00-15:00,1,1,已售/已满,已售,多云,15,12,4,0.0,100,29
2026-05-21 05:30:49,2026-05-21,4,羽毛球馆-12号,14:00-15:00,1,1,已售/已满,已售,多云,15,13,3,0.0,100,28
2026-05-21 06:00:50,2026-05-21,4,羽毛球馆-12号,14:00-15:00,1,1,已售/已满,已售,多云,15,13,4,0.0,99,28
2026-05-21 06:30:38,2026-05-21,4,羽毛球馆-12号,14:00-15:00,1,1,已售/已满,已售,多云,15,13,3,0.0,97,28
2026-05-21 07:00:43,2026-05-21,4,羽毛球馆-12号,14:00-15:00,1,1,已售/已满,已售,晴,15,11,5,0.0,93,28
2026-05-21 07:30:39,2026-05-21,4,羽毛球馆-12号,14:00-15:00,1,1,已售/已满,已售,晴,17,13,4,0.0,89,29
2026-05-21 07:50:40,2026-05-21,4,羽毛球馆-12号,14:00-15:00,1,1,已售/已满,已售,晴,17,13,4,0.0,88,29
2026-05-21 07:53:31,2026-05-21,4,羽毛球馆-12号,14:00-15:00,1,1,已售/已满,已售,晴,17,12,5,0.0,86,29
2026-05-21 07:56:31,2026-05-21,4,羽毛球馆-12号,14:00-15:00,1,1,已售/已满,已售,晴,17,12,5,0.0,86,29
2026-05-21 07:59:26,2026-05-21,4,羽毛球馆-12号,14:00-15:00,1,1,已售/已满,已售,晴,17,12,5,0.0,86,29
2026-05-21 08:00:45,2026-05-21,4,羽毛球馆-12号,14:00-15:00,1,1,已售/已满,已售,晴,17,12,5,0.0,86,29
2026-05-21 08:02:30,2026-05-21,4,羽毛球馆-12号,14:00-15:00,1,1,已售/已满,已售,多云,17,12,5,0.0,87,29
2026-05-21 08:05:36,2026-05-21,4,羽毛球馆-12号,14:00-15:00,1,1,已售/已满,已售,多云,17,12,5,0.0,86,29
2026-05-21 08:08:31,2026-05-21,4,羽毛球馆-12号,14:00-15:00,1,1,已售/已满,已售,多云,17,12,5,0.0,86,29
2026-05-21 08:11:30,2026-05-21,4,羽毛球馆-12号,14:00-15:00,1,1,已售/已满,已售,多云,17,12,5,0.0,86,29
2026-05-21 08:14:31,2026-05-21,4,羽毛球馆-12号,14:00-15:00,1,1,已售/已满,已售,多云,17,12,5,0.0,86,29
2026-05-21 08:17:30,2026-05-21,4,羽毛球馆-12号,14:00-15:00,1,1,已售/已满,已售,多云,17,12,5,0.0,86,29
2026-05-21 08:20:35,2026-05-21,4,羽毛球馆-12号,14:00-15:00,1,1,已售/已满,已售,多云,17,14,4,0.0,85,29
2026-05-21 08:25:32,2026-05-21,4,羽毛球馆-12号,14:00-15:00,1,1,已售/已满,已售,多云,17,14,4,0.0,85,28
2026-05-21 08:30:42,2026-05-21,4,羽毛球馆-12号,14:00-15:00,1,1,已售/已满,已售,多云,18,15,4,0.0,84,28
2026-05-21 08:35:31,2026-05-21,4,羽毛球馆-12号,14:00-15:00,1,1,已售/已满,已售,多云,18,15,4,0.0,84,28
2026-05-21 08:40:38,2026-05-21,4,羽毛球馆-12号,14:00-15:00,1,1,已售/已满,已售,多云,18,15,4,0.0,82,28
2026-05-21 08:45:33,2026-05-21,4,羽毛球馆-12号,14:00-15:00,1,1,已售/已满,已售,多云,18,15,4,0.0,82,28
2026-05-21 08:50:36,2026-05-21,4,羽毛球馆-12号,14:00-15:00,1,1,已售/已满,已售,多云,18,15,4,0.0,82,28
2026-05-21 08:55:34,2026-05-21,4,羽毛球馆-12号,14:00-15:00,1,1,已售/已满,已售,多云,18,15,4,0.0,84,28
2026-05-21 09:00:51,2026-05-21,4,羽毛球馆-12号,14:00-15:00,1,1,已售/已满,已售,多云,18,15,4,0.0,84,28
2026-05-21 09:01:59,2026-05-21,4,羽毛球馆-12号,14:00-15:00,1,1,已售/已满,已售,多云,18,15,4,0.0,83,28
2026-05-21 09:05:33,2026-05-21,4,羽毛球馆-12号,14:00-15:00,1,1,已售/已满,已售,多云,18,15,4,0.0,83,28
2026-05-21 09:20:38,2026-05-21,4,羽毛球馆-12号,14:00-15:00,1,1,已售/已满,已售,多云,18,16,3,0.0,81,28
2026-05-21 09:30:46,2026-05-21,4,羽毛球馆-12号,14:00-15:00,1,1,已售/已满,已售,多云,18,16,3,0.0,81,32
2026-05-21 09:40:36,2026-05-21,4,羽毛球馆-12号,14:00-15:00,1,1,已售/已满,已售,多云,19,17,3,0.0,79,32
2026-05-21 09:50:42,2026-05-21,4,羽毛球馆-12号,14:00-15:00,1,1,已售/已满,已售,多云,19,17,4,0.0,81,32
2026-05-21 10:00:46,2026-05-21,4,羽毛球馆-12号,14:00-15:00,1,1,已售/已满,已售,多云,19,17,4,0.0,79,32
2026-05-21 10:10:40,2026-05-21,4,羽毛球馆-12号,14:00-15:00,1,1,已售/已满,已售,多云,19,17,4,0.0,79,32
2026-05-21 10:20:38,2026-05-21,4,羽毛球馆-12号,14:00-15:00,1,1,已售/已满,已售,多云,19,17,4,0.0,79,32
2026-05-21 10:30:41,2026-05-21,4,羽毛球馆-12号,14:00-15:00,1,1,已售/已满,已售,多云,19,18,3,0.0,78,31
2026-05-21 11:00:44,2026-05-21,4,羽毛球馆-12号,14:00-15:00,1,1,已售/已满,已售,多云,21,17,5,0.0,74,31
2026-05-21 11:30:38,2026-05-21,4,羽毛球馆-12号,14:00-15:00,1,1,已售/已满,已售,多云,21,19,3,0.0,72,33
2026-05-21 12:00:46,2026-05-21,4,羽毛球馆-12号,14:00-15:00,1,1,已售/已满,已售,多云,22,19,4,0.0,70,33
2026-05-21 12:30:42,2026-05-21,4,羽毛球馆-12号,14:00-15:00,1,1,已售/已满,已售,多云,22,21,3,0.0,68,35
2026-05-21 13:00:43,2026-05-21,4,羽毛球馆-12号,14:00-15:00,1,1,已售/已满,已售,多云,24,22,4,0.0,66,35
2026-05-21 13:30:43,2026-05-21,4,羽毛球馆-12号,14:00-15:00,1,1,已售/已满,已售,多云,24,22,4,0.0,66,36
2026-05-21 14:00:48,2026-05-21,4,羽毛球馆-12号,14:00-15:00,1,1,已售/已满,已售,多云,25,23,4,0.0,66,36
2026-05-21 14:30:45,2026-05-21,4,羽毛球馆-12号,14:00-15:00,1,1,已售/已满,已售,晴,25,25,3,0.0,65,39
2026-05-21 15:00:45,2026-05-21,4,羽毛球馆-12号,14:00-15:00,1,1,已售/已满,已售,晴,25,22,4,0.0,56,39
2026-05-21 15:30:43,2026-05-21,4,羽毛球馆-12号,14:00-15:00,1,1,已售/已满,已售,晴,25,23,4,0.0,57,40
2026-05-21 16:00:51,2026-05-21,4,羽毛球馆-12号,14:00-15:00,1,1,已售/已满,已售,晴,25,23,4,0.0,57,40
2026-05-21 16:30:48,2026-05-21,4,羽毛球馆-12号,14:00-15:00,1,1,已售/已满,已售,晴,25,24,3,0.0,60,39
2026-05-21 17:00:49,2026-05-21,4,羽毛球馆-12号,14:00-15:00,1,1,已售/已满,已售,晴,25,24,4,0.0,61,39
2026-05-21 17:30:47,2026-05-21,4,羽毛球馆-12号,14:00-15:00,1,1,已售/已满,已售,多云,24,23,3,0.0,64,39
2026-05-21 18:00:50,2026-05-21,4,羽毛球馆-12号,14:00-15:00,1,1,已售/已满,已售,多云,24,23,3,0.0,68,39
2026-05-21 18:30:50,2026-05-21,4,羽毛球馆-12号,14:00-15:00,1,1,已售/已满,已售,阴,24,25,2,0.0,68,40
2026-05-21 19:00:50,2026-05-21,4,羽毛球馆-12号,14:00-15:00,1,1,已售/已满,已售,阴,23,23,3,0.0,76,40
2026-05-21 19:30:46,2026-05-21,4,羽毛球馆-12号,14:00-15:00,1,1,已售/已满,已售,阴,23,24,2,0.0,77,39
2026-05-21 20:00:49,2026-05-21,4,羽毛球馆-12号,14:00-15:00,1,1,已售/已满,已售,雾,22,23,2,0.0,89,39
2026-05-21 20:30:44,2026-05-21,4,羽毛球馆-12号,14:00-15:00,1,1,已售/已满,已售,雾,22,24,2,0.0,93,43
2026-05-21 21:00:56,2026-05-21,4,羽毛球馆-12号,14:00-15:00,1,1,已售/已满,已售,雾,20,21,2,0.0,98,43
2026-05-21 21:30:46,2026-05-21,4,羽毛球馆-12号,14:00-15:00,1,1,已售/已满,已售,雾,20,22,1,0.0,99,41
2026-05-21 22:01:02,2026-05-21,4,羽毛球馆-12号,14:00-15:00,1,1,已售/已满,已售,雾,19,20,2,0.0,93,41
2026-05-21 22:30:47,2026-05-21,4,羽毛球馆-12号,14:00-15:00,1,1,已售/已满,已售,雾,19,19,3,0.0,88,46
2026-05-21 23:00:56,2026-05-21,4,羽毛球馆-12号,14:00-15:00,1,1,已售/已满,已售,多云,18,17,3,0.0,85,46
2026-05-21 23:30:55,2026-05-21,4,羽毛球馆-12号,14:00-15:00,1,1,已售/已满,已售,多云,18,17,3,0.0,85,48
2026-05-21 00:30:49,2026-05-21,4,羽毛球馆-12号,15:00-16:00,1,1,已售/已满,已售,多云,15,13,3,0.0,100,26
2026-05-21 01:00:55,2026-05-21,4,羽毛球馆-12号,15:00-16:00,1,1,已售/已满,已售,多云,15,12,4,0.0,100,26
2026-05-21 01:30:47,2026-05-21,4,羽毛球馆-12号,15:00-16:00,1,1,已售/已满,已售,多云,15,13,4,0.0,100,28
2026-05-21 02:00:53,2026-05-21,4,羽毛球馆-12号,15:00-16:00,1,1,已售/已满,已售,多云,15,12,4,0.0,100,28
2026-05-21 02:30:49,2026-05-21,4,羽毛球馆-12号,15:00-16:00,1,1,已售/已满,已售,多云,15,14,3,0.0,100,29
2026-05-21 03:00:55,2026-05-21,4,羽毛球馆-12号,15:00-16:00,1,1,已售/已满,已售,多云,15,12,4,0.0,100,29
2026-05-21 03:30:49,2026-05-21,4,羽毛球馆-12号,15:00-16:00,1,1,已售/已满,已售,多云,15,14,3,0.0,100,30
2026-05-21 04:30:45,2026-05-21,4,羽毛球馆-12号,15:00-16:00,1,1,已售/已满,已售,多云,15,12,4,0.0,100,29
2026-05-21 05:00:52,2026-05-21,4,羽毛球馆-12号,15:00-16:00,1,1,已售/已满,已售,多云,15,12,4,0.0,100,29
2026-05-21 05:30:49,2026-05-21,4,羽毛球馆-12号,15:00-16:00,1,1,已售/已满,已售,多云,15,13,3,0.0,100,28
2026-05-21 06:00:50,2026-05-21,4,羽毛球馆-12号,15:00-16:00,1,1,已售/已满,已售,多云,15,13,4,0.0,99,28
2026-05-21 06:30:38,2026-05-21,4,羽毛球馆-12号,15:00-16:00,1,1,已售/已满,已售,多云,15,13,3,0.0,97,28
2026-05-21 07:00:43,2026-05-21,4,羽毛球馆-12号,15:00-16:00,1,1,已售/已满,已售,晴,15,11,5,0.0,93,28
2026-05-21 07:30:39,2026-05-21,4,羽毛球馆-12号,15:00-16:00,1,1,已售/已满,已售,晴,17,13,4,0.0,89,29
2026-05-21 07:50:40,2026-05-21,4,羽毛球馆-12号,15:00-16:00,1,1,已售/已满,已售,晴,17,13,4,0.0,88,29
2026-05-21 07:53:31,2026-05-21,4,羽毛球馆-12号,15:00-16:00,1,1,已售/已满,已售,晴,17,12,5,0.0,86,29
2026-05-21 07:56:31,2026-05-21,4,羽毛球馆-12号,15:00-16:00,1,1,已售/已满,已售,晴,17,12,5,0.0,86,29
2026-05-21 07:59:26,2026-05-21,4,羽毛球馆-12号,15:00-16:00,1,1,已售/已满,已售,晴,17,12,5,0.0,86,29
2026-05-21 08:00:45,2026-05-21,4,羽毛球馆-12号,15:00-16:00,1,1,已售/已满,已售,晴,17,12,5,0.0,86,29
2026-05-21 08:02:30,2026-05-21,4,羽毛球馆-12号,15:00-16:00,1,1,已售/已满,已售,多云,17,12,5,0.0,87,29
2026-05-21 08:05:36,2026-05-21,4,羽毛球馆-12号,15:00-16:00,1,1,已售/已满,已售,多云,17,12,5,0.0,86,29
2026-05-21 08:08:31,2026-05-21,4,羽毛球馆-12号,15:00-16:00,1,1,已售/已满,已售,多云,17,12,5,0.0,86,29
2026-05-21 08:11:30,2026-05-21,4,羽毛球馆-12号,15:00-16:00,1,1,已售/已满,已售,多云,17,12,5,0.0,86,29
2026-05-21 08:14:31,2026-05-21,4,羽毛球馆-12号,15:00-16:00,1,1,已售/已满,已售,多云,17,12,5,0.0,86,29
2026-05-21 08:17:30,2026-05-21,4,羽毛球馆-12号,15:00-16:00,1,1,已售/已满,已售,多云,17,12,5,0.0,86,29
2026-05-21 08:20:35,2026-05-21,4,羽毛球馆-12号,15:00-16:00,1,1,已售/已满,已售,多云,17,14,4,0.0,85,29
2026-05-21 08:25:32,2026-05-21,4,羽毛球馆-12号,15:00-16:00,1,1,已售/已满,已售,多云,17,14,4,0.0,85,28
2026-05-21 08:30:42,2026-05-21,4,羽毛球馆-12号,15:00-16:00,1,1,已售/已满,已售,多云,18,15,4,0.0,84,28
2026-05-21 08:35:31,2026-05-21,4,羽毛球馆-12号,15:00-16:00,1,1,已售/已满,已售,多云,18,15,4,0.0,84,28
2026-05-21 08:40:38,2026-05-21,4,羽毛球馆-12号,15:00-16:00,1,1,已售/已满,已售,多云,18,15,4,0.0,82,28
2026-05-21 08:45:33,2026-05-21,4,羽毛球馆-12号,15:00-16:00,1,1,已售/已满,已售,多云,18,15,4,0.0,82,28
2026-05-21 08:50:36,2026-05-21,4,羽毛球馆-12号,15:00-16:00,1,1,已售/已满,已售,多云,18,15,4,0.0,82,28
2026-05-21 08:55:34,2026-05-21,4,羽毛球馆-12号,15:00-16:00,1,1,已售/已满,已售,多云,18,15,4,0.0,84,28
2026-05-21 09:00:51,2026-05-21,4,羽毛球馆-12号,15:00-16:00,1,1,已售/已满,已售,多云,18,15,4,0.0,84,28
2026-05-21 09:01:59,2026-05-21,4,羽毛球馆-12号,15:00-16:00,1,1,已售/已满,已售,多云,18,15,4,0.0,83,28
2026-05-21 09:05:33,2026-05-21,4,羽毛球馆-12号,15:00-16:00,1,1,已售/已满,已售,多云,18,15,4,0.0,83,28
2026-05-21 09:20:38,2026-05-21,4,羽毛球馆-12号,15:00-16:00,1,1,已售/已满,已售,多云,18,16,3,0.0,81,28
2026-05-21 09:30:46,2026-05-21,4,羽毛球馆-12号,15:00-16:00,1,1,已售/已满,已售,多云,18,16,3,0.0,81,32
2026-05-21 09:40:36,2026-05-21,4,羽毛球馆-12号,15:00-16:00,1,1,已售/已满,已售,多云,19,17,3,0.0,79,32
2026-05-21 09:50:42,2026-05-21,4,羽毛球馆-12号,15:00-16:00,1,1,已售/已满,已售,多云,19,17,4,0.0,81,32
2026-05-21 10:00:46,2026-05-21,4,羽毛球馆-12号,15:00-16:00,1,1,已售/已满,已售,多云,19,17,4,0.0,79,32
2026-05-21 10:10:40,2026-05-21,4,羽毛球馆-12号,15:00-16:00,1,1,已售/已满,已售,多云,19,17,4,0.0,79,32
2026-05-21 10:20:38,2026-05-21,4,羽毛球馆-12号,15:00-16:00,1,1,已售/已满,已售,多云,19,17,4,0.0,79,32
2026-05-21 10:30:41,2026-05-21,4,羽毛球馆-12号,15:00-16:00,1,1,已售/已满,已售,多云,19,18,3,0.0,78,31
2026-05-21 11:00:44,2026-05-21,4,羽毛球馆-12号,15:00-16:00,1,1,已售/已满,已售,多云,21,17,5,0.0,74,31
2026-05-21 11:30:38,2026-05-21,4,羽毛球馆-12号,15:00-16:00,1,1,已售/已满,已售,多云,21,19,3,0.0,72,33
2026-05-21 12:00:46,2026-05-21,4,羽毛球馆-12号,15:00-16:00,1,1,已售/已满,已售,多云,22,19,4,0.0,70,33
2026-05-21 12:30:42,2026-05-21,4,羽毛球馆-12号,15:00-16:00,1,1,已售/已满,已售,多云,22,21,3,0.0,68,35
2026-05-21 13:00:43,2026-05-21,4,羽毛球馆-12号,15:00-16:00,1,1,已售/已满,已售,多云,24,22,4,0.0,66,35
2026-05-21 13:30:43,2026-05-21,4,羽毛球馆-12号,15:00-16:00,1,1,已售/已满,已售,多云,24,22,4,0.0,66,36
2026-05-21 14:00:48,2026-05-21,4,羽毛球馆-12号,15:00-16:00,1,1,已售/已满,已售,多云,25,23,4,0.0,66,36
2026-05-21 14:30:45,2026-05-21,4,羽毛球馆-12号,15:00-16:00,1,1,已售/已满,已售,晴,25,25,3,0.0,65,39
2026-05-21 15:00:45,2026-05-21,4,羽毛球馆-12号,15:00-16:00,1,1,已售/已满,已售,晴,25,22,4,0.0,56,39
2026-05-21 15:30:43,2026-05-21,4,羽毛球馆-12号,15:00-16:00,1,1,已售/已满,已售,晴,25,23,4,0.0,57,40
2026-05-21 16:00:51,2026-05-21,4,羽毛球馆-12号,15:00-16:00,1,1,已售/已满,已售,晴,25,23,4,0.0,57,40
2026-05-21 16:30:48,2026-05-21,4,羽毛球馆-12号,15:00-16:00,1,1,已售/已满,已售,晴,25,24,3,0.0,60,39
2026-05-21 17:00:49,2026-05-21,4,羽毛球馆-12号,15:00-16:00,1,1,已售/已满,已售,晴,25,24,4,0.0,61,39
2026-05-21 17:30:47,2026-05-21,4,羽毛球馆-12号,15:00-16:00,1,1,已售/已满,已售,多云,24,23,3,0.0,64,39
2026-05-21 18:00:50,2026-05-21,4,羽毛球馆-12号,15:00-16:00,1,1,已售/已满,已售,多云,24,23,3,0.0,68,39
2026-05-21 18:30:50,2026-05-21,4,羽毛球馆-12号,15:00-16:00,1,1,已售/已满,已售,阴,24,25,2,0.0,68,40
2026-05-21 19:00:50,2026-05-21,4,羽毛球馆-12号,15:00-16:00,1,1,已售/已满,已售,阴,23,23,3,0.0,76,40
2026-05-21 19:30:46,2026-05-21,4,羽毛球馆-12号,15:00-16:00,1,1,已售/已满,已售,阴,23,24,2,0.0,77,39
2026-05-21 20:00:49,2026-05-21,4,羽毛球馆-12号,15:00-16:00,1,1,已售/已满,已售,雾,22,23,2,0.0,89,39
2026-05-21 20:30:44,2026-05-21,4,羽毛球馆-12号,15:00-16:00,1,1,已售/已满,已售,雾,22,24,2,0.0,93,43
2026-05-21 21:00:56,2026-05-21,4,羽毛球馆-12号,15:00-16:00,1,1,已售/已满,已售,雾,20,21,2,0.0,98,43
2026-05-21 21:30:46,2026-05-21,4,羽毛球馆-12号,15:00-16:00,1,1,已售/已满,已售,雾,20,22,1,0.0,99,41
2026-05-21 22:01:02,2026-05-21,4,羽毛球馆-12号,15:00-16:00,1,1,已售/已满,已售,雾,19,20,2,0.0,93,41
2026-05-21 22:30:47,2026-05-21,4,羽毛球馆-12号,15:00-16:00,1,1,已售/已满,已售,雾,19,19,3,0.0,88,46
2026-05-21 23:00:56,2026-05-21,4,羽毛球馆-12号,15:00-16:00,1,1,已售/已满,已售,多云,18,17,3,0.0,85,46
2026-05-21 23:30:55,2026-05-21,4,羽毛球馆-12号,15:00-16:00,1,1,已售/已满,已售,多云,18,17,3,0.0,85,48
2026-05-21 00:30:49,2026-05-21,4,羽毛球馆-12号,16:00-17:00,1,1,已售/已满,已售,多云,15,13,3,0.0,100,26
2026-05-21 01:00:55,2026-05-21,4,羽毛球馆-12号,16:00-17:00,1,1,已售/已满,已售,多云,15,12,4,0.0,100,26
2026-05-21 01:30:47,2026-05-21,4,羽毛球馆-12号,16:00-17:00,1,1,已售/已满,已售,多云,15,13,4,0.0,100,28
2026-05-21 02:00:53,2026-05-21,4,羽毛球馆-12号,16:00-17:00,1,1,已售/已满,已售,多云,15,12,4,0.0,100,28
2026-05-21 02:30:49,2026-05-21,4,羽毛球馆-12号,16:00-17:00,1,1,已售/已满,已售,多云,15,14,3,0.0,100,29
2026-05-21 03:00:55,2026-05-21,4,羽毛球馆-12号,16:00-17:00,1,1,已售/已满,已售,多云,15,12,4,0.0,100,29
2026-05-21 03:30:49,2026-05-21,4,羽毛球馆-12号,16:00-17:00,1,1,已售/已满,已售,多云,15,14,3,0.0,100,30
2026-05-21 04:30:45,2026-05-21,4,羽毛球馆-12号,16:00-17:00,1,1,已售/已满,已售,多云,15,12,4,0.0,100,29
2026-05-21 05:00:52,2026-05-21,4,羽毛球馆-12号,16:00-17:00,1,1,已售/已满,已售,多云,15,12,4,0.0,100,29
2026-05-21 05:30:49,2026-05-21,4,羽毛球馆-12号,16:00-17:00,1,1,已售/已满,已售,多云,15,13,3,0.0,100,28
2026-05-21 06:00:50,2026-05-21,4,羽毛球馆-12号,16:00-17:00,1,1,已售/已满,已售,多云,15,13,4,0.0,99,28
2026-05-21 06:30:38,2026-05-21,4,羽毛球馆-12号,16:00-17:00,1,1,已售/已满,已售,多云,15,13,3,0.0,97,28
2026-05-21 07:00:43,2026-05-21,4,羽毛球馆-12号,16:00-17:00,1,1,已售/已满,已售,晴,15,11,5,0.0,93,28
2026-05-21 07:30:39,2026-05-21,4,羽毛球馆-12号,16:00-17:00,1,1,已售/已满,已售,晴,17,13,4,0.0,89,29
2026-05-21 07:50:40,2026-05-21,4,羽毛球馆-12号,16:00-17:00,1,1,已售/已满,已售,晴,17,13,4,0.0,88,29
2026-05-21 07:53:31,2026-05-21,4,羽毛球馆-12号,16:00-17:00,1,1,已售/已满,已售,晴,17,12,5,0.0,86,29
2026-05-21 07:56:31,2026-05-21,4,羽毛球馆-12号,16:00-17:00,1,1,已售/已满,已售,晴,17,12,5,0.0,86,29
2026-05-21 07:59:26,2026-05-21,4,羽毛球馆-12号,16:00-17:00,1,1,已售/已满,已售,晴,17,12,5,0.0,86,29
2026-05-21 08:00:45,2026-05-21,4,羽毛球馆-12号,16:00-17:00,1,1,已售/已满,已售,晴,17,12,5,0.0,86,29
2026-05-21 08:02:30,2026-05-21,4,羽毛球馆-12号,16:00-17:00,1,1,已售/已满,已售,多云,17,12,5,0.0,87,29
2026-05-21 08:05:36,2026-05-21,4,羽毛球馆-12号,16:00-17:00,1,1,已售/已满,已售,多云,17,12,5,0.0,86,29
2026-05-21 08:08:31,2026-05-21,4,羽毛球馆-12号,16:00-17:00,1,1,已售/已满,已售,多云,17,12,5,0.0,86,29
2026-05-21 08:11:30,2026-05-21,4,羽毛球馆-12号,16:00-17:00,1,1,已售/已满,已售,多云,17,12,5,0.0,86,29
2026-05-21 08:14:31,2026-05-21,4,羽毛球馆-12号,16:00-17:00,1,1,已售/已满,已售,多云,17,12,5,0.0,86,29
2026-05-21 08:17:30,2026-05-21,4,羽毛球馆-12号,16:00-17:00,1,1,已售/已满,已售,多云,17,12,5,0.0,86,29
2026-05-21 08:20:35,2026-05-21,4,羽毛球馆-12号,16:00-17:00,1,1,已售/已满,已售,多云,17,14,4,0.0,85,29
2026-05-21 08:25:32,2026-05-21,4,羽毛球馆-12号,16:00-17:00,1,1,已售/已满,已售,多云,17,14,4,0.0,85,28
2026-05-21 08:30:42,2026-05-21,4,羽毛球馆-12号,16:00-17:00,1,1,已售/已满,已售,多云,18,15,4,0.0,84,28
2026-05-21 08:35:31,2026-05-21,4,羽毛球馆-12号,16:00-17:00,1,1,已售/已满,已售,多云,18,15,4,0.0,84,28
2026-05-21 08:40:38,2026-05-21,4,羽毛球馆-12号,16:00-17:00,1,1,已售/已满,已售,多云,18,15,4,0.0,82,28
2026-05-21 08:45:33,2026-05-21,4,羽毛球馆-12号,16:00-17:00,1,1,已售/已满,已售,多云,18,15,4,0.0,82,28
2026-05-21 08:50:36,2026-05-21,4,羽毛球馆-12号,16:00-17:00,1,1,已售/已满,已售,多云,18,15,4,0.0,82,28
2026-05-21 08:55:34,2026-05-21,4,羽毛球馆-12号,16:00-17:00,1,1,已售/已满,已售,多云,18,15,4,0.0,84,28
2026-05-21 09:00:51,2026-05-21,4,羽毛球馆-12号,16:00-17:00,1,1,已售/已满,已售,多云,18,15,4,0.0,84,28
2026-05-21 09:01:59,2026-05-21,4,羽毛球馆-12号,16:00-17:00,1,1,已售/已满,已售,多云,18,15,4,0.0,83,28
2026-05-21 09:05:33,2026-05-21,4,羽毛球馆-12号,16:00-17:00,1,1,已售/已满,已售,多云,18,15,4,0.0,83,28
2026-05-21 09:20:38,2026-05-21,4,羽毛球馆-12号,16:00-17:00,1,1,已售/已满,已售,多云,18,16,3,0.0,81,28
2026-05-21 09:30:46,2026-05-21,4,羽毛球馆-12号,16:00-17:00,1,1,已售/已满,已售,多云,18,16,3,0.0,81,32
2026-05-21 09:40:36,2026-05-21,4,羽毛球馆-12号,16:00-17:00,1,1,已售/已满,已售,多云,19,17,3,0.0,79,32
2026-05-21 09:50:42,2026-05-21,4,羽毛球馆-12号,16:00-17:00,1,1,已售/已满,已售,多云,19,17,4,0.0,81,32
2026-05-21 10:00:46,2026-05-21,4,羽毛球馆-12号,16:00-17:00,1,1,已售/已满,已售,多云,19,17,4,0.0,79,32
2026-05-21 10:10:40,2026-05-21,4,羽毛球馆-12号,16:00-17:00,1,1,已售/已满,已售,多云,19,17,4,0.0,79,32
2026-05-21 10:20:38,2026-05-21,4,羽毛球馆-12号,16:00-17:00,1,1,已售/已满,已售,多云,19,17,4,0.0,79,32
2026-05-21 10:30:41,2026-05-21,4,羽毛球馆-12号,16:00-17:00,1,1,已售/已满,已售,多云,19,18,3,0.0,78,31
2026-05-21 11:00:44,2026-05-21,4,羽毛球馆-12号,16:00-17:00,1,1,已售/已满,已售,多云,21,17,5,0.0,74,31
2026-05-21 11:30:38,2026-05-21,4,羽毛球馆-12号,16:00-17:00,1,1,已售/已满,已售,多云,21,19,3,0.0,72,33
2026-05-21 12:00:46,2026-05-21,4,羽毛球馆-12号,16:00-17:00,1,1,已售/已满,已售,多云,22,19,4,0.0,70,33
2026-05-21 12:30:42,2026-05-21,4,羽毛球馆-12号,16:00-17:00,1,1,已售/已满,已售,多云,22,21,3,0.0,68,35
2026-05-21 13:00:43,2026-05-21,4,羽毛球馆-12号,16:00-17:00,1,1,已售/已满,已售,多云,24,22,4,0.0,66,35
2026-05-21 13:30:43,2026-05-21,4,羽毛球馆-12号,16:00-17:00,1,1,已售/已满,已售,多云,24,22,4,0.0,66,36
2026-05-21 14:00:48,2026-05-21,4,羽毛球馆-12号,16:00-17:00,1,1,已售/已满,已售,多云,25,23,4,0.0,66,36
2026-05-21 14:30:45,2026-05-21,4,羽毛球馆-12号,16:00-17:00,1,1,已售/已满,已售,晴,25,25,3,0.0,65,39
2026-05-21 15:00:45,2026-05-21,4,羽毛球馆-12号,16:00-17:00,1,1,已售/已满,已售,晴,25,22,4,0.0,56,39
2026-05-21 15:30:43,2026-05-21,4,羽毛球馆-12号,16:00-17:00,1,1,已售/已满,已售,晴,25,23,4,0.0,57,40
2026-05-21 16:00:51,2026-05-21,4,羽毛球馆-12号,16:00-17:00,1,1,已售/已满,已售,晴,25,23,4,0.0,57,40
2026-05-21 16:30:48,2026-05-21,4,羽毛球馆-12号,16:00-17:00,1,1,已售/已满,已售,晴,25,24,3,0.0,60,39
2026-05-21 17:00:49,2026-05-21,4,羽毛球馆-12号,16:00-17:00,1,1,已售/已满,已售,晴,25,24,4,0.0,61,39
2026-05-21 17:30:47,2026-05-21,4,羽毛球馆-12号,16:00-17:00,1,1,已售/已满,已售,多云,24,23,3,0.0,64,39
2026-05-21 18:00:50,2026-05-21,4,羽毛球馆-12号,16:00-17:00,1,1,已售/已满,已售,多云,24,23,3,0.0,68,39
2026-05-21 18:30:50,2026-05-21,4,羽毛球馆-12号,16:00-17:00,1,1,已售/已满,已售,阴,24,25,2,0.0,68,40
2026-05-21 19:00:50,2026-05-21,4,羽毛球馆-12号,16:00-17:00,1,1,已售/已满,已售,阴,23,23,3,0.0,76,40
2026-05-21 19:30:46,2026-05-21,4,羽毛球馆-12号,16:00-17:00,1,1,已售/已满,已售,阴,23,24,2,0.0,77,39
2026-05-21 20:00:49,2026-05-21,4,羽毛球馆-12号,16:00-17:00,1,1,已售/已满,已售,雾,22,23,2,0.0,89,39
2026-05-21 20:30:44,2026-05-21,4,羽毛球馆-12号,16:00-17:00,1,1,已售/已满,已售,雾,22,24,2,0.0,93,43
2026-05-21 21:00:56,2026-05-21,4,羽毛球馆-12号,16:00-17:00,1,1,已售/已满,已售,雾,20,21,2,0.0,98,43
2026-05-21 21:30:46,2026-05-21,4,羽毛球馆-12号,16:00-17:00,1,1,已售/已满,已售,雾,20,22,1,0.0,99,41
2026-05-21 22:01:02,2026-05-21,4,羽毛球馆-12号,16:00-17:00,1,1,已售/已满,已售,雾,19,20,2,0.0,93,41
2026-05-21 22:30:47,2026-05-21,4,羽毛球馆-12号,16:00-17:00,1,1,已售/已满,已售,雾,19,19,3,0.0,88,46
2026-05-21 23:00:56,2026-05-21,4,羽毛球馆-12号,16:00-17:00,1,1,已售/已满,已售,多云,18,17,3,0.0,85,46
2026-05-21 23:30:55,2026-05-21,4,羽毛球馆-12号,16:00-17:00,1,1,已售/已满,已售,多云,18,17,3,0.0,85,48
2026-05-21 00:30:49,2026-05-21,4,羽毛球馆-12号,17:00-18:00,1,1,已售/已满,已售,多云,15,13,3,0.0,100,26
2026-05-21 01:00:55,2026-05-21,4,羽毛球馆-12号,17:00-18:00,1,1,已售/已满,已售,多云,15,12,4,0.0,100,26
2026-05-21 01:30:47,2026-05-21,4,羽毛球馆-12号,17:00-18:00,1,1,已售/已满,已售,多云,15,13,4,0.0,100,28
2026-05-21 02:00:53,2026-05-21,4,羽毛球馆-12号,17:00-18:00,1,1,已售/已满,已售,多云,15,12,4,0.0,100,28
2026-05-21 02:30:49,2026-05-21,4,羽毛球馆-12号,17:00-18:00,1,1,已售/已满,已售,多云,15,14,3,0.0,100,29
2026-05-21 03:00:55,2026-05-21,4,羽毛球馆-12号,17:00-18:00,1,1,已售/已满,已售,多云,15,12,4,0.0,100,29
2026-05-21 03:30:49,2026-05-21,4,羽毛球馆-12号,17:00-18:00,1,1,已售/已满,已售,多云,15,14,3,0.0,100,30
2026-05-21 04:30:45,2026-05-21,4,羽毛球馆-12号,17:00-18:00,1,1,已售/已满,已售,多云,15,12,4,0.0,100,29
2026-05-21 05:00:52,2026-05-21,4,羽毛球馆-12号,17:00-18:00,1,1,已售/已满,已售,多云,15,12,4,0.0,100,29
2026-05-21 05:30:49,2026-05-21,4,羽毛球馆-12号,17:00-18:00,1,1,已售/已满,已售,多云,15,13,3,0.0,100,28
2026-05-21 06:00:50,2026-05-21,4,羽毛球馆-12号,17:00-18:00,1,1,已售/已满,已售,多云,15,13,4,0.0,99,28
2026-05-21 06:30:38,2026-05-21,4,羽毛球馆-12号,17:00-18:00,1,1,已售/已满,已售,多云,15,13,3,0.0,97,28
2026-05-21 07:00:43,2026-05-21,4,羽毛球馆-12号,17:00-18:00,1,1,已售/已满,已售,晴,15,11,5,0.0,93,28
2026-05-21 07:30:39,2026-05-21,4,羽毛球馆-12号,17:00-18:00,1,1,已售/已满,已售,晴,17,13,4,0.0,89,29
2026-05-21 07:50:40,2026-05-21,4,羽毛球馆-12号,17:00-18:00,1,1,已售/已满,已售,晴,17,13,4,0.0,88,29
2026-05-21 07:53:31,2026-05-21,4,羽毛球馆-12号,17:00-18:00,1,1,已售/已满,已售,晴,17,12,5,0.0,86,29
2026-05-21 07:56:31,2026-05-21,4,羽毛球馆-12号,17:00-18:00,1,1,已售/已满,已售,晴,17,12,5,0.0,86,29
2026-05-21 07:59:26,2026-05-21,4,羽毛球馆-12号,17:00-18:00,1,1,已售/已满,已售,晴,17,12,5,0.0,86,29
2026-05-21 08:00:45,2026-05-21,4,羽毛球馆-12号,17:00-18:00,1,1,已售/已满,已售,晴,17,12,5,0.0,86,29
2026-05-21 08:02:30,2026-05-21,4,羽毛球馆-12号,17:00-18:00,1,1,已售/已满,已售,多云,17,12,5,0.0,87,29
2026-05-21 08:05:36,2026-05-21,4,羽毛球馆-12号,17:00-18:00,1,1,已售/已满,已售,多云,17,12,5,0.0,86,29
2026-05-21 08:08:31,2026-05-21,4,羽毛球馆-12号,17:00-18:00,1,1,已售/已满,已售,多云,17,12,5,0.0,86,29
2026-05-21 08:11:30,2026-05-21,4,羽毛球馆-12号,17:00-18:00,1,1,已售/已满,已售,多云,17,12,5,0.0,86,29
2026-05-21 08:14:31,2026-05-21,4,羽毛球馆-12号,17:00-18:00,1,1,已售/已满,已售,多云,17,12,5,0.0,86,29
2026-05-21 08:17:30,2026-05-21,4,羽毛球馆-12号,17:00-18:00,1,1,已售/已满,已售,多云,17,12,5,0.0,86,29
2026-05-21 08:20:35,2026-05-21,4,羽毛球馆-12号,17:00-18:00,1,1,已售/已满,已售,多云,17,14,4,0.0,85,29
2026-05-21 08:25:32,2026-05-21,4,羽毛球馆-12号,17:00-18:00,1,1,已售/已满,已售,多云,17,14,4,0.0,85,28
2026-05-21 08:30:42,2026-05-21,4,羽毛球馆-12号,17:00-18:00,1,1,已售/已满,已售,多云,18,15,4,0.0,84,28
2026-05-21 08:35:31,2026-05-21,4,羽毛球馆-12号,17:00-18:00,1,1,已售/已满,已售,多云,18,15,4,0.0,84,28
2026-05-21 08:40:38,2026-05-21,4,羽毛球馆-12号,17:00-18:00,1,1,已售/已满,已售,多云,18,15,4,0.0,82,28
2026-05-21 08:45:33,2026-05-21,4,羽毛球馆-12号,17:00-18:00,1,1,已售/已满,已售,多云,18,15,4,0.0,82,28
2026-05-21 08:50:36,2026-05-21,4,羽毛球馆-12号,17:00-18:00,1,1,已售/已满,已售,多云,18,15,4,0.0,82,28
2026-05-21 08:55:34,2026-05-21,4,羽毛球馆-12号,17:00-18:00,1,1,已售/已满,已售,多云,18,15,4,0.0,84,28
2026-05-21 09:00:51,2026-05-21,4,羽毛球馆-12号,17:00-18:00,1,1,已售/已满,已售,多云,18,15,4,0.0,84,28
2026-05-21 09:01:59,2026-05-21,4,羽毛球馆-12号,17:00-18:00,1,1,已售/已满,已售,多云,18,15,4,0.0,83,28
2026-05-21 09:05:33,2026-05-21,4,羽毛球馆-12号,17:00-18:00,1,1,已售/已满,已售,多云,18,15,4,0.0,83,28
2026-05-21 09:20:38,2026-05-21,4,羽毛球馆-12号,17:00-18:00,1,1,已售/已满,已售,多云,18,16,3,0.0,81,28
2026-05-21 09:30:46,2026-05-21,4,羽毛球馆-12号,17:00-18:00,1,1,已售/已满,已售,多云,18,16,3,0.0,81,32
2026-05-21 09:40:36,2026-05-21,4,羽毛球馆-12号,17:00-18:00,1,1,已售/已满,已售,多云,19,17,3,0.0,79,32
2026-05-21 09:50:42,2026-05-21,4,羽毛球馆-12号,17:00-18:00,1,1,已售/已满,已售,多云,19,17,4,0.0,81,32
2026-05-21 10:00:46,2026-05-21,4,羽毛球馆-12号,17:00-18:00,1,1,已售/已满,已售,多云,19,17,4,0.0,79,32
2026-05-21 10:10:40,2026-05-21,4,羽毛球馆-12号,17:00-18:00,1,1,已售/已满,已售,多云,19,17,4,0.0,79,32
2026-05-21 10:20:38,2026-05-21,4,羽毛球馆-12号,17:00-18:00,1,1,已售/已满,已售,多云,19,17,4,0.0,79,32
2026-05-21 10:30:41,2026-05-21,4,羽毛球馆-12号,17:00-18:00,1,1,已售/已满,已售,多云,19,18,3,0.0,78,31
2026-05-21 11:00:44,2026-05-21,4,羽毛球馆-12号,17:00-18:00,1,1,已售/已满,已售,多云,21,17,5,0.0,74,31
2026-05-21 11:30:38,2026-05-21,4,羽毛球馆-12号,17:00-18:00,1,1,已售/已满,已售,多云,21,19,3,0.0,72,33
2026-05-21 12:00:46,2026-05-21,4,羽毛球馆-12号,17:00-18:00,1,1,已售/已满,已售,多云,22,19,4,0.0,70,33
2026-05-21 12:30:42,2026-05-21,4,羽毛球馆-12号,17:00-18:00,1,1,已售/已满,已售,多云,22,21,3,0.0,68,35
2026-05-21 13:00:43,2026-05-21,4,羽毛球馆-12号,17:00-18:00,1,1,已售/已满,已售,多云,24,22,4,0.0,66,35
2026-05-21 13:30:43,2026-05-21,4,羽毛球馆-12号,17:00-18:00,1,1,已售/已满,已售,多云,24,22,4,0.0,66,36
2026-05-21 14:00:48,2026-05-21,4,羽毛球馆-12号,17:00-18:00,1,1,已售/已满,已售,多云,25,23,4,0.0,66,36
2026-05-21 14:30:45,2026-05-21,4,羽毛球馆-12号,17:00-18:00,1,1,已售/已满,已售,晴,25,25,3,0.0,65,39
2026-05-21 15:00:45,2026-05-21,4,羽毛球馆-12号,17:00-18:00,1,1,已售/已满,已售,晴,25,22,4,0.0,56,39
2026-05-21 15:30:43,2026-05-21,4,羽毛球馆-12号,17:00-18:00,1,1,已售/已满,已售,晴,25,23,4,0.0,57,40
2026-05-21 16:00:51,2026-05-21,4,羽毛球馆-12号,17:00-18:00,1,1,已售/已满,已售,晴,25,23,4,0.0,57,40
2026-05-21 16:30:48,2026-05-21,4,羽毛球馆-12号,17:00-18:00,1,1,已售/已满,已售,晴,25,24,3,0.0,60,39
2026-05-21 17:00:49,2026-05-21,4,羽毛球馆-12号,17:00-18:00,1,1,已售/已满,已售,晴,25,24,4,0.0,61,39
2026-05-21 17:30:47,2026-05-21,4,羽毛球馆-12号,17:00-18:00,1,1,已售/已满,已售,多云,24,23,3,0.0,64,39
2026-05-21 18:00:50,2026-05-21,4,羽毛球馆-12号,17:00-18:00,1,1,已售/已满,已售,多云,24,23,3,0.0,68,39
2026-05-21 18:30:50,2026-05-21,4,羽毛球馆-12号,17:00-18:00,1,1,已售/已满,已售,阴,24,25,2,0.0,68,40
2026-05-21 19:00:50,2026-05-21,4,羽毛球馆-12号,17:00-18:00,1,1,已售/已满,已售,阴,23,23,3,0.0,76,40
2026-05-21 19:30:46,2026-05-21,4,羽毛球馆-12号,17:00-18:00,1,1,已售/已满,已售,阴,23,24,2,0.0,77,39
2026-05-21 20:00:49,2026-05-21,4,羽毛球馆-12号,17:00-18:00,1,1,已售/已满,已售,雾,22,23,2,0.0,89,39
2026-05-21 20:30:44,2026-05-21,4,羽毛球馆-12号,17:00-18:00,1,1,已售/已满,已售,雾,22,24,2,0.0,93,43
2026-05-21 21:00:56,2026-05-21,4,羽毛球馆-12号,17:00-18:00,1,1,已售/已满,已售,雾,20,21,2,0.0,98,43
2026-05-21 21:30:46,2026-05-21,4,羽毛球馆-12号,17:00-18:00,1,1,已售/已满,已售,雾,20,22,1,0.0,99,41
2026-05-21 22:01:02,2026-05-21,4,羽毛球馆-12号,17:00-18:00,1,1,已售/已满,已售,雾,19,20,2,0.0,93,41
2026-05-21 22:30:47,2026-05-21,4,羽毛球馆-12号,17:00-18:00,1,1,已售/已满,已售,雾,19,19,3,0.0,88,46
2026-05-21 23:00:56,2026-05-21,4,羽毛球馆-12号,17:00-18:00,1,1,已售/已满,已售,多云,18,17,3,0.0,85,46
2026-05-21 23:30:55,2026-05-21,4,羽毛球馆-12号,17:00-18:00,1,1,已售/已满,已售,多云,18,17,3,0.0,85,48
2026-05-21 00:30:49,2026-05-21,4,羽毛球馆-12号,18:30-19:30,1,1,已售/已满,教工羽毛球赛,多云,15,13,3,0.0,100,26
2026-05-21 01:00:55,2026-05-21,4,羽毛球馆-12号,18:30-19:30,1,1,已售/已满,教工羽毛球赛,多云,15,12,4,0.0,100,26
2026-05-21 01:30:47,2026-05-21,4,羽毛球馆-12号,18:30-19:30,1,1,已售/已满,教工羽毛球赛,多云,15,13,4,0.0,100,28
2026-05-21 02:00:53,2026-05-21,4,羽毛球馆-12号,18:30-19:30,1,1,已售/已满,教工羽毛球赛,多云,15,12,4,0.0,100,28
2026-05-21 02:30:49,2026-05-21,4,羽毛球馆-12号,18:30-19:30,1,1,已售/已满,教工羽毛球赛,多云,15,14,3,0.0,100,29
2026-05-21 03:00:55,2026-05-21,4,羽毛球馆-12号,18:30-19:30,1,1,已售/已满,教工羽毛球赛,多云,15,12,4,0.0,100,29
2026-05-21 03:30:49,2026-05-21,4,羽毛球馆-12号,18:30-19:30,1,1,已售/已满,教工羽毛球赛,多云,15,14,3,0.0,100,30
2026-05-21 04:30:45,2026-05-21,4,羽毛球馆-12号,18:30-19:30,1,1,已售/已满,教工羽毛球赛,多云,15,12,4,0.0,100,29
2026-05-21 05:00:52,2026-05-21,4,羽毛球馆-12号,18:30-19:30,1,1,已售/已满,教工羽毛球赛,多云,15,12,4,0.0,100,29
2026-05-21 05:30:49,2026-05-21,4,羽毛球馆-12号,18:30-19:30,1,1,已售/已满,教工羽毛球赛,多云,15,13,3,0.0,100,28
2026-05-21 06:00:50,2026-05-21,4,羽毛球馆-12号,18:30-19:30,1,1,已售/已满,教工羽毛球赛,多云,15,13,4,0.0,99,28
2026-05-21 06:30:38,2026-05-21,4,羽毛球馆-12号,18:30-19:30,1,1,已售/已满,教工羽毛球赛,多云,15,13,3,0.0,97,28
2026-05-21 07:00:43,2026-05-21,4,羽毛球馆-12号,18:30-19:30,1,1,已售/已满,教工羽毛球赛,晴,15,11,5,0.0,93,28
2026-05-21 07:30:39,2026-05-21,4,羽毛球馆-12号,18:30-19:30,1,1,已售/已满,教工羽毛球赛,晴,17,13,4,0.0,89,29
2026-05-21 07:50:40,2026-05-21,4,羽毛球馆-12号,18:30-19:30,1,1,已售/已满,教工羽毛球赛,晴,17,13,4,0.0,88,29
2026-05-21 07:53:31,2026-05-21,4,羽毛球馆-12号,18:30-19:30,1,1,已售/已满,教工羽毛球赛,晴,17,12,5,0.0,86,29
2026-05-21 07:56:31,2026-05-21,4,羽毛球馆-12号,18:30-19:30,1,1,已售/已满,教工羽毛球赛,晴,17,12,5,0.0,86,29
2026-05-21 07:59:26,2026-05-21,4,羽毛球馆-12号,18:30-19:30,1,1,已售/已满,教工羽毛球赛,晴,17,12,5,0.0,86,29
2026-05-21 08:00:45,2026-05-21,4,羽毛球馆-12号,18:30-19:30,1,1,已售/已满,教工羽毛球赛,晴,17,12,5,0.0,86,29
2026-05-21 08:02:30,2026-05-21,4,羽毛球馆-12号,18:30-19:30,1,1,已售/已满,教工羽毛球赛,多云,17,12,5,0.0,87,29
2026-05-21 08:05:36,2026-05-21,4,羽毛球馆-12号,18:30-19:30,1,1,已售/已满,教工羽毛球赛,多云,17,12,5,0.0,86,29
2026-05-21 08:08:31,2026-05-21,4,羽毛球馆-12号,18:30-19:30,1,1,已售/已满,教工羽毛球赛,多云,17,12,5,0.0,86,29
2026-05-21 08:11:30,2026-05-21,4,羽毛球馆-12号,18:30-19:30,1,1,已售/已满,教工羽毛球赛,多云,17,12,5,0.0,86,29
2026-05-21 08:14:31,2026-05-21,4,羽毛球馆-12号,18:30-19:30,1,1,已售/已满,教工羽毛球赛,多云,17,12,5,0.0,86,29
2026-05-21 08:17:30,2026-05-21,4,羽毛球馆-12号,18:30-19:30,1,1,已售/已满,教工羽毛球赛,多云,17,12,5,0.0,86,29
2026-05-21 08:20:35,2026-05-21,4,羽毛球馆-12号,18:30-19:30,1,1,已售/已满,教工羽毛球赛,多云,17,14,4,0.0,85,29
2026-05-21 08:25:32,2026-05-21,4,羽毛球馆-12号,18:30-19:30,1,1,已售/已满,教工羽毛球赛,多云,17,14,4,0.0,85,28
2026-05-21 08:30:42,2026-05-21,4,羽毛球馆-12号,18:30-19:30,1,1,已售/已满,教工羽毛球赛,多云,18,15,4,0.0,84,28
2026-05-21 08:35:31,2026-05-21,4,羽毛球馆-12号,18:30-19:30,1,1,已售/已满,教工羽毛球赛,多云,18,15,4,0.0,84,28
2026-05-21 08:40:38,2026-05-21,4,羽毛球馆-12号,18:30-19:30,1,1,已售/已满,教工羽毛球赛,多云,18,15,4,0.0,82,28
2026-05-21 08:45:33,2026-05-21,4,羽毛球馆-12号,18:30-19:30,1,1,已售/已满,教工羽毛球赛,多云,18,15,4,0.0,82,28
2026-05-21 08:50:36,2026-05-21,4,羽毛球馆-12号,18:30-19:30,1,1,已售/已满,教工羽毛球赛,多云,18,15,4,0.0,82,28
2026-05-21 08:55:34,2026-05-21,4,羽毛球馆-12号,18:30-19:30,1,1,已售/已满,教工羽毛球赛,多云,18,15,4,0.0,84,28
2026-05-21 09:00:51,2026-05-21,4,羽毛球馆-12号,18:30-19:30,1,1,已售/已满,教工羽毛球赛,多云,18,15,4,0.0,84,28
2026-05-21 09:01:59,2026-05-21,4,羽毛球馆-12号,18:30-19:30,1,1,已售/已满,教工羽毛球赛,多云,18,15,4,0.0,83,28
2026-05-21 09:05:33,2026-05-21,4,羽毛球馆-12号,18:30-19:30,1,1,已售/已满,教工羽毛球赛,多云,18,15,4,0.0,83,28
2026-05-21 09:20:38,2026-05-21,4,羽毛球馆-12号,18:30-19:30,1,1,已售/已满,教工羽毛球赛,多云,18,16,3,0.0,81,28
2026-05-21 09:30:46,2026-05-21,4,羽毛球馆-12号,18:30-19:30,1,1,已售/已满,教工羽毛球赛,多云,18,16,3,0.0,81,32
2026-05-21 09:40:36,2026-05-21,4,羽毛球馆-12号,18:30-19:30,1,1,已售/已满,教工羽毛球赛,多云,19,17,3,0.0,79,32
2026-05-21 09:50:42,2026-05-21,4,羽毛球馆-12号,18:30-19:30,1,1,已售/已满,教工羽毛球赛,多云,19,17,4,0.0,81,32
2026-05-21 10:00:46,2026-05-21,4,羽毛球馆-12号,18:30-19:30,1,1,已售/已满,教工羽毛球赛,多云,19,17,4,0.0,79,32
2026-05-21 10:10:40,2026-05-21,4,羽毛球馆-12号,18:30-19:30,1,1,已售/已满,教工羽毛球赛,多云,19,17,4,0.0,79,32
2026-05-21 10:20:38,2026-05-21,4,羽毛球馆-12号,18:30-19:30,1,1,已售/已满,教工羽毛球赛,多云,19,17,4,0.0,79,32
2026-05-21 10:30:41,2026-05-21,4,羽毛球馆-12号,18:30-19:30,1,1,已售/已满,教工羽毛球赛,多云,19,18,3,0.0,78,31
2026-05-21 11:00:44,2026-05-21,4,羽毛球馆-12号,18:30-19:30,1,1,已售/已满,教工羽毛球赛,多云,21,17,5,0.0,74,31
2026-05-21 11:30:38,2026-05-21,4,羽毛球馆-12号,18:30-19:30,1,1,已售/已满,教工羽毛球赛,多云,21,19,3,0.0,72,33
2026-05-21 12:00:46,2026-05-21,4,羽毛球馆-12号,18:30-19:30,1,1,已售/已满,教工羽毛球赛,多云,22,19,4,0.0,70,33
2026-05-21 12:30:42,2026-05-21,4,羽毛球馆-12号,18:30-19:30,1,1,已售/已满,教工羽毛球赛,多云,22,21,3,0.0,68,35
2026-05-21 13:00:43,2026-05-21,4,羽毛球馆-12号,18:30-19:30,1,1,已售/已满,教工羽毛球赛,多云,24,22,4,0.0,66,35
2026-05-21 13:30:43,2026-05-21,4,羽毛球馆-12号,18:30-19:30,1,1,已售/已满,教工羽毛球赛,多云,24,22,4,0.0,66,36
2026-05-21 14:00:48,2026-05-21,4,羽毛球馆-12号,18:30-19:30,1,1,已售/已满,教工羽毛球赛,多云,25,23,4,0.0,66,36
2026-05-21 14:30:45,2026-05-21,4,羽毛球馆-12号,18:30-19:30,1,1,已售/已满,教工羽毛球赛,晴,25,25,3,0.0,65,39
2026-05-21 15:00:45,2026-05-21,4,羽毛球馆-12号,18:30-19:30,1,1,已售/已满,教工羽毛球赛,晴,25,22,4,0.0,56,39
2026-05-21 15:30:43,2026-05-21,4,羽毛球馆-12号,18:30-19:30,1,1,已售/已满,教工羽毛球赛,晴,25,23,4,0.0,57,40
2026-05-21 16:00:51,2026-05-21,4,羽毛球馆-12号,18:30-19:30,1,1,已售/已满,教工羽毛球赛,晴,25,23,4,0.0,57,40
2026-05-21 16:30:48,2026-05-21,4,羽毛球馆-12号,18:30-19:30,1,1,已售/已满,教工羽毛球赛,晴,25,24,3,0.0,60,39
2026-05-21 17:00:49,2026-05-21,4,羽毛球馆-12号,18:30-19:30,1,1,已售/已满,教工羽毛球赛,晴,25,24,4,0.0,61,39
2026-05-21 17:30:47,2026-05-21,4,羽毛球馆-12号,18:30-19:30,1,1,已售/已满,教工羽毛球赛,多云,24,23,3,0.0,64,39
2026-05-21 18:00:50,2026-05-21,4,羽毛球馆-12号,18:30-19:30,1,1,已售/已满,教工羽毛球赛,多云,24,23,3,0.0,68,39
2026-05-21 18:30:50,2026-05-21,4,羽毛球馆-12号,18:30-19:30,1,1,已售/已满,教工羽毛球赛,阴,24,25,2,0.0,68,40
2026-05-21 19:00:50,2026-05-21,4,羽毛球馆-12号,18:30-19:30,1,1,已售/已满,教工羽毛球赛,阴,23,23,3,0.0,76,40
2026-05-21 19:30:46,2026-05-21,4,羽毛球馆-12号,18:30-19:30,1,1,已售/已满,教工羽毛球赛,阴,23,24,2,0.0,77,39
2026-05-21 20:00:49,2026-05-21,4,羽毛球馆-12号,18:30-19:30,1,1,已售/已满,教工羽毛球赛,雾,22,23,2,0.0,89,39
2026-05-21 20:30:44,2026-05-21,4,羽毛球馆-12号,18:30-19:30,1,1,已售/已满,教工羽毛球赛,雾,22,24,2,0.0,93,43
2026-05-21 21:00:56,2026-05-21,4,羽毛球馆-12号,18:30-19:30,1,1,已售/已满,教工羽毛球赛,雾,20,21,2,0.0,98,43
2026-05-21 21:30:46,2026-05-21,4,羽毛球馆-12号,18:30-19:30,1,1,已售/已满,教工羽毛球赛,雾,20,22,1,0.0,99,41
2026-05-21 22:01:02,2026-05-21,4,羽毛球馆-12号,18:30-19:30,1,1,已售/已满,教工羽毛球赛,雾,19,20,2,0.0,93,41
2026-05-21 22:30:47,2026-05-21,4,羽毛球馆-12号,18:30-19:30,1,1,已售/已满,教工羽毛球赛,雾,19,19,3,0.0,88,46
2026-05-21 23:00:56,2026-05-21,4,羽毛球馆-12号,18:30-19:30,1,1,已售/已满,教工羽毛球赛,多云,18,17,3,0.0,85,46
2026-05-21 23:30:55,2026-05-21,4,羽毛球馆-12号,18:30-19:30,1,1,已售/已满,教工羽毛球赛,多云,18,17,3,0.0,85,48
2026-05-21 00:30:49,2026-05-21,4,羽毛球馆-12号,19:30-20:30,1,1,已售/已满,教工羽毛球赛,多云,15,13,3,0.0,100,26
2026-05-21 01:00:55,2026-05-21,4,羽毛球馆-12号,19:30-20:30,1,1,已售/已满,教工羽毛球赛,多云,15,12,4,0.0,100,26
2026-05-21 01:30:47,2026-05-21,4,羽毛球馆-12号,19:30-20:30,1,1,已售/已满,教工羽毛球赛,多云,15,13,4,0.0,100,28
2026-05-21 02:00:53,2026-05-21,4,羽毛球馆-12号,19:30-20:30,1,1,已售/已满,教工羽毛球赛,多云,15,12,4,0.0,100,28
2026-05-21 02:30:49,2026-05-21,4,羽毛球馆-12号,19:30-20:30,1,1,已售/已满,教工羽毛球赛,多云,15,14,3,0.0,100,29
2026-05-21 03:00:55,2026-05-21,4,羽毛球馆-12号,19:30-20:30,1,1,已售/已满,教工羽毛球赛,多云,15,12,4,0.0,100,29
2026-05-21 03:30:49,2026-05-21,4,羽毛球馆-12号,19:30-20:30,1,1,已售/已满,教工羽毛球赛,多云,15,14,3,0.0,100,30
2026-05-21 04:30:45,2026-05-21,4,羽毛球馆-12号,19:30-20:30,1,1,已售/已满,教工羽毛球赛,多云,15,12,4,0.0,100,29
2026-05-21 05:00:52,2026-05-21,4,羽毛球馆-12号,19:30-20:30,1,1,已售/已满,教工羽毛球赛,多云,15,12,4,0.0,100,29
2026-05-21 05:30:49,2026-05-21,4,羽毛球馆-12号,19:30-20:30,1,1,已售/已满,教工羽毛球赛,多云,15,13,3,0.0,100,28
2026-05-21 06:00:50,2026-05-21,4,羽毛球馆-12号,19:30-20:30,1,1,已售/已满,教工羽毛球赛,多云,15,13,4,0.0,99,28
2026-05-21 06:30:38,2026-05-21,4,羽毛球馆-12号,19:30-20:30,1,1,已售/已满,教工羽毛球赛,多云,15,13,3,0.0,97,28
2026-05-21 07:00:43,2026-05-21,4,羽毛球馆-12号,19:30-20:30,1,1,已售/已满,教工羽毛球赛,晴,15,11,5,0.0,93,28
2026-05-21 07:30:39,2026-05-21,4,羽毛球馆-12号,19:30-20:30,1,1,已售/已满,教工羽毛球赛,晴,17,13,4,0.0,89,29
2026-05-21 07:50:40,2026-05-21,4,羽毛球馆-12号,19:30-20:30,1,1,已售/已满,教工羽毛球赛,晴,17,13,4,0.0,88,29
2026-05-21 07:53:31,2026-05-21,4,羽毛球馆-12号,19:30-20:30,1,1,已售/已满,教工羽毛球赛,晴,17,12,5,0.0,86,29
2026-05-21 07:56:31,2026-05-21,4,羽毛球馆-12号,19:30-20:30,1,1,已售/已满,教工羽毛球赛,晴,17,12,5,0.0,86,29
2026-05-21 07:59:26,2026-05-21,4,羽毛球馆-12号,19:30-20:30,1,1,已售/已满,教工羽毛球赛,晴,17,12,5,0.0,86,29
2026-05-21 08:00:45,2026-05-21,4,羽毛球馆-12号,19:30-20:30,1,1,已售/已满,教工羽毛球赛,晴,17,12,5,0.0,86,29
2026-05-21 08:02:30,2026-05-21,4,羽毛球馆-12号,19:30-20:30,1,1,已售/已满,教工羽毛球赛,多云,17,12,5,0.0,87,29
2026-05-21 08:05:36,2026-05-21,4,羽毛球馆-12号,19:30-20:30,1,1,已售/已满,教工羽毛球赛,多云,17,12,5,0.0,86,29
2026-05-21 08:08:31,2026-05-21,4,羽毛球馆-12号,19:30-20:30,1,1,已售/已满,教工羽毛球赛,多云,17,12,5,0.0,86,29
2026-05-21 08:11:30,2026-05-21,4,羽毛球馆-12号,19:30-20:30,1,1,已售/已满,教工羽毛球赛,多云,17,12,5,0.0,86,29
2026-05-21 08:14:31,2026-05-21,4,羽毛球馆-12号,19:30-20:30,1,1,已售/已满,教工羽毛球赛,多云,17,12,5,0.0,86,29
2026-05-21 08:17:30,2026-05-21,4,羽毛球馆-12号,19:30-20:30,1,1,已售/已满,教工羽毛球赛,多云,17,12,5,0.0,86,29
2026-05-21 08:20:35,2026-05-21,4,羽毛球馆-12号,19:30-20:30,1,1,已售/已满,教工羽毛球赛,多云,17,14,4,0.0,85,29
2026-05-21 08:25:32,2026-05-21,4,羽毛球馆-12号,19:30-20:30,1,1,已售/已满,教工羽毛球赛,多云,17,14,4,0.0,85,28
2026-05-21 08:30:42,2026-05-21,4,羽毛球馆-12号,19:30-20:30,1,1,已售/已满,教工羽毛球赛,多云,18,15,4,0.0,84,28
2026-05-21 08:35:31,2026-05-21,4,羽毛球馆-12号,19:30-20:30,1,1,已售/已满,教工羽毛球赛,多云,18,15,4,0.0,84,28
2026-05-21 08:40:38,2026-05-21,4,羽毛球馆-12号,19:30-20:30,1,1,已售/已满,教工羽毛球赛,多云,18,15,4,0.0,82,28
2026-05-21 08:45:33,2026-05-21,4,羽毛球馆-12号,19:30-20:30,1,1,已售/已满,教工羽毛球赛,多云,18,15,4,0.0,82,28
2026-05-21 08:50:36,2026-05-21,4,羽毛球馆-12号,19:30-20:30,1,1,已售/已满,教工羽毛球赛,多云,18,15,4,0.0,82,28
2026-05-21 08:55:34,2026-05-21,4,羽毛球馆-12号,19:30-20:30,1,1,已售/已满,教工羽毛球赛,多云,18,15,4,0.0,84,28
2026-05-21 09:00:51,2026-05-21,4,羽毛球馆-12号,19:30-20:30,1,1,已售/已满,教工羽毛球赛,多云,18,15,4,0.0,84,28
2026-05-21 09:01:59,2026-05-21,4,羽毛球馆-12号,19:30-20:30,1,1,已售/已满,教工羽毛球赛,多云,18,15,4,0.0,83,28
2026-05-21 09:05:33,2026-05-21,4,羽毛球馆-12号,19:30-20:30,1,1,已售/已满,教工羽毛球赛,多云,18,15,4,0.0,83,28
2026-05-21 09:20:38,2026-05-21,4,羽毛球馆-12号,19:30-20:30,1,1,已售/已满,教工羽毛球赛,多云,18,16,3,0.0,81,28
2026-05-21 09:30:46,2026-05-21,4,羽毛球馆-12号,19:30-20:30,1,1,已售/已满,教工羽毛球赛,多云,18,16,3,0.0,81,32
2026-05-21 09:40:36,2026-05-21,4,羽毛球馆-12号,19:30-20:30,1,1,已售/已满,教工羽毛球赛,多云,19,17,3,0.0,79,32
2026-05-21 09:50:42,2026-05-21,4,羽毛球馆-12号,19:30-20:30,1,1,已售/已满,教工羽毛球赛,多云,19,17,4,0.0,81,32
2026-05-21 10:00:46,2026-05-21,4,羽毛球馆-12号,19:30-20:30,1,1,已售/已满,教工羽毛球赛,多云,19,17,4,0.0,79,32
2026-05-21 10:10:40,2026-05-21,4,羽毛球馆-12号,19:30-20:30,1,1,已售/已满,教工羽毛球赛,多云,19,17,4,0.0,79,32
2026-05-21 10:20:38,2026-05-21,4,羽毛球馆-12号,19:30-20:30,1,1,已售/已满,教工羽毛球赛,多云,19,17,4,0.0,79,32
2026-05-21 10:30:41,2026-05-21,4,羽毛球馆-12号,19:30-20:30,1,1,已售/已满,教工羽毛球赛,多云,19,18,3,0.0,78,31
2026-05-21 11:00:44,2026-05-21,4,羽毛球馆-12号,19:30-20:30,1,1,已售/已满,教工羽毛球赛,多云,21,17,5,0.0,74,31
2026-05-21 11:30:38,2026-05-21,4,羽毛球馆-12号,19:30-20:30,1,1,已售/已满,教工羽毛球赛,多云,21,19,3,0.0,72,33
2026-05-21 12:00:46,2026-05-21,4,羽毛球馆-12号,19:30-20:30,1,1,已售/已满,教工羽毛球赛,多云,22,19,4,0.0,70,33
2026-05-21 12:30:42,2026-05-21,4,羽毛球馆-12号,19:30-20:30,1,1,已售/已满,教工羽毛球赛,多云,22,21,3,0.0,68,35
2026-05-21 13:00:43,2026-05-21,4,羽毛球馆-12号,19:30-20:30,1,1,已售/已满,教工羽毛球赛,多云,24,22,4,0.0,66,35
2026-05-21 13:30:43,2026-05-21,4,羽毛球馆-12号,19:30-20:30,1,1,已售/已满,教工羽毛球赛,多云,24,22,4,0.0,66,36
2026-05-21 14:00:48,2026-05-21,4,羽毛球馆-12号,19:30-20:30,1,1,已售/已满,教工羽毛球赛,多云,25,23,4,0.0,66,36
2026-05-21 14:30:45,2026-05-21,4,羽毛球馆-12号,19:30-20:30,1,1,已售/已满,教工羽毛球赛,晴,25,25,3,0.0,65,39
2026-05-21 15:00:45,2026-05-21,4,羽毛球馆-12号,19:30-20:30,1,1,已售/已满,教工羽毛球赛,晴,25,22,4,0.0,56,39
2026-05-21 15:30:43,2026-05-21,4,羽毛球馆-12号,19:30-20:30,1,1,已售/已满,教工羽毛球赛,晴,25,23,4,0.0,57,40
2026-05-21 16:00:51,2026-05-21,4,羽毛球馆-12号,19:30-20:30,1,1,已售/已满,教工羽毛球赛,晴,25,23,4,0.0,57,40
2026-05-21 16:30:48,2026-05-21,4,羽毛球馆-12号,19:30-20:30,1,1,已售/已满,教工羽毛球赛,晴,25,24,3,0.0,60,39
2026-05-21 17:00:49,2026-05-21,4,羽毛球馆-12号,19:30-20:30,1,1,已售/已满,教工羽毛球赛,晴,25,24,4,0.0,61,39
2026-05-21 17:30:47,2026-05-21,4,羽毛球馆-12号,19:30-20:30,1,1,已售/已满,教工羽毛球赛,多云,24,23,3,0.0,64,39
2026-05-21 18:00:50,2026-05-21,4,羽毛球馆-12号,19:30-20:30,1,1,已售/已满,教工羽毛球赛,多云,24,23,3,0.0,68,39
2026-05-21 18:30:50,2026-05-21,4,羽毛球馆-12号,19:30-20:30,1,1,已售/已满,教工羽毛球赛,阴,24,25,2,0.0,68,40
2026-05-21 19:00:50,2026-05-21,4,羽毛球馆-12号,19:30-20:30,1,1,已售/已满,教工羽毛球赛,阴,23,23,3,0.0,76,40
2026-05-21 19:30:46,2026-05-21,4,羽毛球馆-12号,19:30-20:30,1,1,已售/已满,教工羽毛球赛,阴,23,24,2,0.0,77,39
2026-05-21 20:00:49,2026-05-21,4,羽毛球馆-12号,19:30-20:30,1,1,已售/已满,教工羽毛球赛,雾,22,23,2,0.0,89,39
2026-05-21 20:30:44,2026-05-21,4,羽毛球馆-12号,19:30-20:30,1,1,已售/已满,教工羽毛球赛,雾,22,24,2,0.0,93,43
2026-05-21 21:00:56,2026-05-21,4,羽毛球馆-12号,19:30-20:30,1,1,已售/已满,教工羽毛球赛,雾,20,21,2,0.0,98,43
2026-05-21 21:30:46,2026-05-21,4,羽毛球馆-12号,19:30-20:30,1,1,已售/已满,教工羽毛球赛,雾,20,22,1,0.0,99,41
2026-05-21 22:01:02,2026-05-21,4,羽毛球馆-12号,19:30-20:30,1,1,已售/已满,教工羽毛球赛,雾,19,20,2,0.0,93,41
2026-05-21 22:30:47,2026-05-21,4,羽毛球馆-12号,19:30-20:30,1,1,已售/已满,教工羽毛球赛,雾,19,19,3,0.0,88,46
2026-05-21 23:00:56,2026-05-21,4,羽毛球馆-12号,19:30-20:30,1,1,已售/已满,教工羽毛球赛,多云,18,17,3,0.0,85,46
2026-05-21 23:30:55,2026-05-21,4,羽毛球馆-12号,19:30-20:30,1,1,已售/已满,教工羽毛球赛,多云,18,17,3,0.0,85,48
2026-05-21 00:30:49,2026-05-21,4,羽毛球馆-12号,20:30-21:30,1,1,已售/已满,教工羽毛球赛,多云,15,13,3,0.0,100,26
2026-05-21 01:00:55,2026-05-21,4,羽毛球馆-12号,20:30-21:30,1,1,已售/已满,教工羽毛球赛,多云,15,12,4,0.0,100,26
2026-05-21 01:30:47,2026-05-21,4,羽毛球馆-12号,20:30-21:30,1,1,已售/已满,教工羽毛球赛,多云,15,13,4,0.0,100,28
2026-05-21 02:00:53,2026-05-21,4,羽毛球馆-12号,20:30-21:30,1,1,已售/已满,教工羽毛球赛,多云,15,12,4,0.0,100,28
2026-05-21 02:30:49,2026-05-21,4,羽毛球馆-12号,20:30-21:30,1,1,已售/已满,教工羽毛球赛,多云,15,14,3,0.0,100,29
2026-05-21 03:00:55,2026-05-21,4,羽毛球馆-12号,20:30-21:30,1,1,已售/已满,教工羽毛球赛,多云,15,12,4,0.0,100,29
2026-05-21 03:30:49,2026-05-21,4,羽毛球馆-12号,20:30-21:30,1,1,已售/已满,教工羽毛球赛,多云,15,14,3,0.0,100,30
2026-05-21 04:30:45,2026-05-21,4,羽毛球馆-12号,20:30-21:30,1,1,已售/已满,教工羽毛球赛,多云,15,12,4,0.0,100,29
2026-05-21 05:00:52,2026-05-21,4,羽毛球馆-12号,20:30-21:30,1,1,已售/已满,教工羽毛球赛,多云,15,12,4,0.0,100,29
2026-05-21 05:30:49,2026-05-21,4,羽毛球馆-12号,20:30-21:30,1,1,已售/已满,教工羽毛球赛,多云,15,13,3,0.0,100,28
2026-05-21 06:00:50,2026-05-21,4,羽毛球馆-12号,20:30-21:30,1,1,已售/已满,教工羽毛球赛,多云,15,13,4,0.0,99,28
2026-05-21 06:30:38,2026-05-21,4,羽毛球馆-12号,20:30-21:30,1,1,已售/已满,教工羽毛球赛,多云,15,13,3,0.0,97,28
2026-05-21 07:00:43,2026-05-21,4,羽毛球馆-12号,20:30-21:30,1,1,已售/已满,教工羽毛球赛,晴,15,11,5,0.0,93,28
2026-05-21 07:30:39,2026-05-21,4,羽毛球馆-12号,20:30-21:30,1,1,已售/已满,教工羽毛球赛,晴,17,13,4,0.0,89,29
2026-05-21 07:50:40,2026-05-21,4,羽毛球馆-12号,20:30-21:30,1,1,已售/已满,教工羽毛球赛,晴,17,13,4,0.0,88,29
2026-05-21 07:53:31,2026-05-21,4,羽毛球馆-12号,20:30-21:30,1,1,已售/已满,教工羽毛球赛,晴,17,12,5,0.0,86,29
2026-05-21 07:56:31,2026-05-21,4,羽毛球馆-12号,20:30-21:30,1,1,已售/已满,教工羽毛球赛,晴,17,12,5,0.0,86,29
2026-05-21 07:59:26,2026-05-21,4,羽毛球馆-12号,20:30-21:30,1,1,已售/已满,教工羽毛球赛,晴,17,12,5,0.0,86,29
2026-05-21 08:00:45,2026-05-21,4,羽毛球馆-12号,20:30-21:30,1,1,已售/已满,教工羽毛球赛,晴,17,12,5,0.0,86,29
2026-05-21 08:02:30,2026-05-21,4,羽毛球馆-12号,20:30-21:30,1,1,已售/已满,教工羽毛球赛,多云,17,12,5,0.0,87,29
2026-05-21 08:05:36,2026-05-21,4,羽毛球馆-12号,20:30-21:30,1,1,已售/已满,教工羽毛球赛,多云,17,12,5,0.0,86,29
2026-05-21 08:08:31,2026-05-21,4,羽毛球馆-12号,20:30-21:30,1,1,已售/已满,教工羽毛球赛,多云,17,12,5,0.0,86,29
2026-05-21 08:11:30,2026-05-21,4,羽毛球馆-12号,20:30-21:30,1,1,已售/已满,教工羽毛球赛,多云,17,12,5,0.0,86,29
2026-05-21 08:14:31,2026-05-21,4,羽毛球馆-12号,20:30-21:30,1,1,已售/已满,教工羽毛球赛,多云,17,12,5,0.0,86,29
2026-05-21 08:17:30,2026-05-21,4,羽毛球馆-12号,20:30-21:30,1,1,已售/已满,教工羽毛球赛,多云,17,12,5,0.0,86,29
2026-05-21 08:20:35,2026-05-21,4,羽毛球馆-12号,20:30-21:30,1,1,已售/已满,教工羽毛球赛,多云,17,14,4,0.0,85,29
2026-05-21 08:25:32,2026-05-21,4,羽毛球馆-12号,20:30-21:30,1,1,已售/已满,教工羽毛球赛,多云,17,14,4,0.0,85,28
2026-05-21 08:30:42,2026-05-21,4,羽毛球馆-12号,20:30-21:30,1,1,已售/已满,教工羽毛球赛,多云,18,15,4,0.0,84,28
2026-05-21 08:35:31,2026-05-21,4,羽毛球馆-12号,20:30-21:30,1,1,已售/已满,教工羽毛球赛,多云,18,15,4,0.0,84,28
2026-05-21 08:40:38,2026-05-21,4,羽毛球馆-12号,20:30-21:30,1,1,已售/已满,教工羽毛球赛,多云,18,15,4,0.0,82,28
2026-05-21 08:45:33,2026-05-21,4,羽毛球馆-12号,20:30-21:30,1,1,已售/已满,教工羽毛球赛,多云,18,15,4,0.0,82,28
2026-05-21 08:50:36,2026-05-21,4,羽毛球馆-12号,20:30-21:30,1,1,已售/已满,教工羽毛球赛,多云,18,15,4,0.0,82,28
2026-05-21 08:55:34,2026-05-21,4,羽毛球馆-12号,20:30-21:30,1,1,已售/已满,教工羽毛球赛,多云,18,15,4,0.0,84,28
2026-05-21 09:00:51,2026-05-21,4,羽毛球馆-12号,20:30-21:30,1,1,已售/已满,教工羽毛球赛,多云,18,15,4,0.0,84,28
2026-05-21 09:01:59,2026-05-21,4,羽毛球馆-12号,20:30-21:30,1,1,已售/已满,教工羽毛球赛,多云,18,15,4,0.0,83,28
2026-05-21 09:05:33,2026-05-21,4,羽毛球馆-12号,20:30-21:30,1,1,已售/已满,教工羽毛球赛,多云,18,15,4,0.0,83,28
2026-05-21 09:20:38,2026-05-21,4,羽毛球馆-12号,20:30-21:30,1,1,已售/已满,教工羽毛球赛,多云,18,16,3,0.0,81,28
2026-05-21 09:30:46,2026-05-21,4,羽毛球馆-12号,20:30-21:30,1,1,已售/已满,教工羽毛球赛,多云,18,16,3,0.0,81,32
2026-05-21 09:40:36,2026-05-21,4,羽毛球馆-12号,20:30-21:30,1,1,已售/已满,教工羽毛球赛,多云,19,17,3,0.0,79,32
2026-05-21 09:50:42,2026-05-21,4,羽毛球馆-12号,20:30-21:30,1,1,已售/已满,教工羽毛球赛,多云,19,17,4,0.0,81,32
2026-05-21 10:00:46,2026-05-21,4,羽毛球馆-12号,20:30-21:30,1,1,已售/已满,教工羽毛球赛,多云,19,17,4,0.0,79,32
2026-05-21 10:10:40,2026-05-21,4,羽毛球馆-12号,20:30-21:30,1,1,已售/已满,教工羽毛球赛,多云,19,17,4,0.0,79,32
2026-05-21 10:20:38,2026-05-21,4,羽毛球馆-12号,20:30-21:30,1,1,已售/已满,教工羽毛球赛,多云,19,17,4,0.0,79,32
2026-05-21 10:30:41,2026-05-21,4,羽毛球馆-12号,20:30-21:30,1,1,已售/已满,教工羽毛球赛,多云,19,18,3,0.0,78,31
2026-05-21 11:00:44,2026-05-21,4,羽毛球馆-12号,20:30-21:30,1,1,已售/已满,教工羽毛球赛,多云,21,17,5,0.0,74,31
2026-05-21 11:30:38,2026-05-21,4,羽毛球馆-12号,20:30-21:30,1,1,已售/已满,教工羽毛球赛,多云,21,19,3,0.0,72,33
2026-05-21 12:00:46,2026-05-21,4,羽毛球馆-12号,20:30-21:30,1,1,已售/已满,教工羽毛球赛,多云,22,19,4,0.0,70,33
2026-05-21 12:30:42,2026-05-21,4,羽毛球馆-12号,20:30-21:30,1,1,已售/已满,教工羽毛球赛,多云,22,21,3,0.0,68,35
2026-05-21 13:00:43,2026-05-21,4,羽毛球馆-12号,20:30-21:30,1,1,已售/已满,教工羽毛球赛,多云,24,22,4,0.0,66,35
2026-05-21 13:30:43,2026-05-21,4,羽毛球馆-12号,20:30-21:30,1,1,已售/已满,教工羽毛球赛,多云,24,22,4,0.0,66,36
2026-05-21 14:00:48,2026-05-21,4,羽毛球馆-12号,20:30-21:30,1,1,已售/已满,教工羽毛球赛,多云,25,23,4,0.0,66,36
2026-05-21 14:30:45,2026-05-21,4,羽毛球馆-12号,20:30-21:30,1,1,已售/已满,教工羽毛球赛,晴,25,25,3,0.0,65,39
2026-05-21 15:00:45,2026-05-21,4,羽毛球馆-12号,20:30-21:30,1,1,已售/已满,教工羽毛球赛,晴,25,22,4,0.0,56,39
2026-05-21 15:30:43,2026-05-21,4,羽毛球馆-12号,20:30-21:30,1,1,已售/已满,教工羽毛球赛,晴,25,23,4,0.0,57,40
2026-05-21 16:00:51,2026-05-21,4,羽毛球馆-12号,20:30-21:30,1,1,已售/已满,教工羽毛球赛,晴,25,23,4,0.0,57,40
2026-05-21 16:30:48,2026-05-21,4,羽毛球馆-12号,20:30-21:30,1,1,已售/已满,教工羽毛球赛,晴,25,24,3,0.0,60,39
2026-05-21 17:00:49,2026-05-21,4,羽毛球馆-12号,20:30-21:30,1,1,已售/已满,教工羽毛球赛,晴,25,24,4,0.0,61,39
2026-05-21 17:30:47,2026-05-21,4,羽毛球馆-12号,20:30-21:30,1,1,已售/已满,教工羽毛球赛,多云,24,23,3,0.0,64,39
2026-05-21 18:00:50,2026-05-21,4,羽毛球馆-12号,20:30-21:30,1,1,已售/已满,教工羽毛球赛,多云,24,23,3,0.0,68,39
2026-05-21 18:30:50,2026-05-21,4,羽毛球馆-12号,20:30-21:30,1,1,已售/已满,教工羽毛球赛,阴,24,25,2,0.0,68,40
2026-05-21 19:00:50,2026-05-21,4,羽毛球馆-12号,20:30-21:30,1,1,已售/已满,教工羽毛球赛,阴,23,23,3,0.0,76,40
2026-05-21 19:30:46,2026-05-21,4,羽毛球馆-12号,20:30-21:30,1,1,已售/已满,教工羽毛球赛,阴,23,24,2,0.0,77,39
2026-05-21 20:00:49,2026-05-21,4,羽毛球馆-12号,20:30-21:30,1,1,已售/已满,教工羽毛球赛,雾,22,23,2,0.0,89,39
2026-05-21 20:30:44,2026-05-21,4,羽毛球馆-12号,20:30-21:30,1,1,已售/已满,教工羽毛球赛,雾,22,24,2,0.0,93,43
2026-05-21 21:00:56,2026-05-21,4,羽毛球馆-12号,20:30-21:30,1,1,已售/已满,教工羽毛球赛,雾,20,21,2,0.0,98,43
2026-05-21 21:30:46,2026-05-21,4,羽毛球馆-12号,20:30-21:30,1,1,已售/已满,教工羽毛球赛,雾,20,22,1,0.0,99,41
2026-05-21 22:01:02,2026-05-21,4,羽毛球馆-12号,20:30-21:30,1,1,已售/已满,教工羽毛球赛,雾,19,20,2,0.0,93,41
2026-05-21 22:30:47,2026-05-21,4,羽毛球馆-12号,20:30-21:30,1,1,已售/已满,教工羽毛球赛,雾,19,19,3,0.0,88,46
2026-05-21 23:00:56,2026-05-21,4,羽毛球馆-12号,20:30-21:30,1,1,已售/已满,教工羽毛球赛,多云,18,17,3,0.0,85,46
2026-05-21 23:30:55,2026-05-21,4,羽毛球馆-12号,20:30-21:30,1,1,已售/已满,教工羽毛球赛,多云,18,17,3,0.0,85,48
2026-05-21 00:30:49,2026-05-21,4,羽毛球馆-13号,07:00-08:00,0,1,可预约,￥0.0,多云,15,13,3,0.0,100,26
2026-05-21 01:00:55,2026-05-21,4,羽毛球馆-13号,07:00-08:00,0,1,可预约,￥0.0,多云,15,12,4,0.0,100,26
2026-05-21 01:30:47,2026-05-21,4,羽毛球馆-13号,07:00-08:00,0,1,可预约,￥0.0,多云,15,13,4,0.0,100,28
2026-05-21 02:00:53,2026-05-21,4,羽毛球馆-13号,07:00-08:00,0,1,可预约,￥0.0,多云,15,12,4,0.0,100,28
2026-05-21 02:30:49,2026-05-21,4,羽毛球馆-13号,07:00-08:00,0,1,可预约,￥0.0,多云,15,14,3,0.0,100,29
2026-05-21 03:00:55,2026-05-21,4,羽毛球馆-13号,07:00-08:00,0,1,可预约,￥0.0,多云,15,12,4,0.0,100,29
2026-05-21 03:30:49,2026-05-21,4,羽毛球馆-13号,07:00-08:00,0,1,可预约,￥0.0,多云,15,14,3,0.0,100,30
2026-05-21 04:30:45,2026-05-21,4,羽毛球馆-13号,07:00-08:00,0,1,可预约,￥0.0,多云,15,12,4,0.0,100,29
2026-05-21 05:00:52,2026-05-21,4,羽毛球馆-13号,07:00-08:00,0,1,可预约,￥0.0,多云,15,12,4,0.0,100,29
2026-05-21 05:30:49,2026-05-21,4,羽毛球馆-13号,07:00-08:00,0,1,可预约,￥0.0,多云,15,13,3,0.0,100,28
2026-05-21 06:00:50,2026-05-21,4,羽毛球馆-13号,07:00-08:00,0,1,可预约,￥0.0,多云,15,13,4,0.0,99,28
2026-05-21 06:30:38,2026-05-21,4,羽毛球馆-13号,07:00-08:00,0,1,可预约,￥0.0,多云,15,13,3,0.0,97,28
2026-05-21 07:00:43,2026-05-21,4,羽毛球馆-13号,07:00-08:00,0,1,可预约,￥0.0,晴,15,11,5,0.0,93,28
2026-05-21 07:30:39,2026-05-21,4,羽毛球馆-13号,07:00-08:00,0,1,可预约,￥0.0,晴,17,13,4,0.0,89,29
2026-05-21 07:50:40,2026-05-21,4,羽毛球馆-13号,07:00-08:00,0,1,可预约,￥0.0,晴,17,13,4,0.0,88,29
2026-05-21 07:53:31,2026-05-21,4,羽毛球馆-13号,07:00-08:00,0,1,可预约,￥0.0,晴,17,12,5,0.0,86,29
2026-05-21 07:56:31,2026-05-21,4,羽毛球馆-13号,07:00-08:00,0,1,可预约,￥0.0,晴,17,12,5,0.0,86,29
2026-05-21 07:59:26,2026-05-21,4,羽毛球馆-13号,07:00-08:00,0,1,可预约,￥0.0,晴,17,12,5,0.0,86,29
2026-05-21 08:00:45,2026-05-21,4,羽毛球馆-13号,07:00-08:00,0,1,不开放/已过期,,晴,17,12,5,0.0,86,29
2026-05-21 08:02:30,2026-05-21,4,羽毛球馆-13号,07:00-08:00,0,1,不开放/已过期,,多云,17,12,5,0.0,87,29
2026-05-21 08:05:36,2026-05-21,4,羽毛球馆-13号,07:00-08:00,0,1,不开放/已过期,,多云,17,12,5,0.0,86,29
2026-05-21 08:08:31,2026-05-21,4,羽毛球馆-13号,07:00-08:00,0,1,不开放/已过期,,多云,17,12,5,0.0,86,29
2026-05-21 08:11:30,2026-05-21,4,羽毛球馆-13号,07:00-08:00,0,1,不开放/已过期,,多云,17,12,5,0.0,86,29
2026-05-21 08:14:31,2026-05-21,4,羽毛球馆-13号,07:00-08:00,0,1,不开放/已过期,,多云,17,12,5,0.0,86,29
2026-05-21 08:17:30,2026-05-21,4,羽毛球馆-13号,07:00-08:00,0,1,不开放/已过期,,多云,17,12,5,0.0,86,29
2026-05-21 08:20:35,2026-05-21,4,羽毛球馆-13号,07:00-08:00,0,1,不开放/已过期,,多云,17,14,4,0.0,85,29
2026-05-21 08:25:32,2026-05-21,4,羽毛球馆-13号,07:00-08:00,0,1,不开放/已过期,,多云,17,14,4,0.0,85,28
2026-05-21 08:30:42,2026-05-21,4,羽毛球馆-13号,07:00-08:00,0,1,不开放/已过期,,多云,18,15,4,0.0,84,28
2026-05-21 08:35:31,2026-05-21,4,羽毛球馆-13号,07:00-08:00,0,1,不开放/已过期,,多云,18,15,4,0.0,84,28
2026-05-21 08:40:38,2026-05-21,4,羽毛球馆-13号,07:00-08:00,0,1,不开放/已过期,,多云,18,15,4,0.0,82,28
2026-05-21 08:45:33,2026-05-21,4,羽毛球馆-13号,07:00-08:00,0,1,不开放/已过期,,多云,18,15,4,0.0,82,28
2026-05-21 08:50:36,2026-05-21,4,羽毛球馆-13号,07:00-08:00,0,1,不开放/已过期,,多云,18,15,4,0.0,82,28
2026-05-21 08:55:34,2026-05-21,4,羽毛球馆-13号,07:00-08:00,0,1,不开放/已过期,,多云,18,15,4,0.0,84,28
2026-05-21 09:00:51,2026-05-21,4,羽毛球馆-13号,07:00-08:00,0,1,不开放/已过期,,多云,18,15,4,0.0,84,28
2026-05-21 09:01:59,2026-05-21,4,羽毛球馆-13号,07:00-08:00,0,1,不开放/已过期,,多云,18,15,4,0.0,83,28
2026-05-21 09:05:33,2026-05-21,4,羽毛球馆-13号,07:00-08:00,0,1,不开放/已过期,,多云,18,15,4,0.0,83,28
2026-05-21 09:20:38,2026-05-21,4,羽毛球馆-13号,07:00-08:00,0,1,不开放/已过期,,多云,18,16,3,0.0,81,28
2026-05-21 09:30:46,2026-05-21,4,羽毛球馆-13号,07:00-08:00,0,1,不开放/已过期,,多云,18,16,3,0.0,81,32
2026-05-21 09:40:36,2026-05-21,4,羽毛球馆-13号,07:00-08:00,0,1,不开放/已过期,,多云,19,17,3,0.0,79,32
2026-05-21 09:50:42,2026-05-21,4,羽毛球馆-13号,07:00-08:00,0,1,不开放/已过期,,多云,19,17,4,0.0,81,32
2026-05-21 10:00:46,2026-05-21,4,羽毛球馆-13号,07:00-08:00,0,1,不开放/已过期,,多云,19,17,4,0.0,79,32
2026-05-21 10:10:40,2026-05-21,4,羽毛球馆-13号,07:00-08:00,0,1,不开放/已过期,,多云,19,17,4,0.0,79,32
2026-05-21 10:20:38,2026-05-21,4,羽毛球馆-13号,07:00-08:00,0,1,不开放/已过期,,多云,19,17,4,0.0,79,32
2026-05-21 10:30:41,2026-05-21,4,羽毛球馆-13号,07:00-08:00,0,1,不开放/已过期,,多云,19,18,3,0.0,78,31
2026-05-21 11:00:44,2026-05-21,4,羽毛球馆-13号,07:00-08:00,0,1,不开放/已过期,,多云,21,17,5,0.0,74,31
2026-05-21 11:30:38,2026-05-21,4,羽毛球馆-13号,07:00-08:00,0,1,不开放/已过期,,多云,21,19,3,0.0,72,33
2026-05-21 12:00:46,2026-05-21,4,羽毛球馆-13号,07:00-08:00,0,1,不开放/已过期,,多云,22,19,4,0.0,70,33
2026-05-21 12:30:42,2026-05-21,4,羽毛球馆-13号,07:00-08:00,0,1,不开放/已过期,,多云,22,21,3,0.0,68,35
2026-05-21 13:00:43,2026-05-21,4,羽毛球馆-13号,07:00-08:00,0,1,不开放/已过期,,多云,24,22,4,0.0,66,35
2026-05-21 13:30:43,2026-05-21,4,羽毛球馆-13号,07:00-08:00,0,1,不开放/已过期,,多云,24,22,4,0.0,66,36
2026-05-21 14:00:48,2026-05-21,4,羽毛球馆-13号,07:00-08:00,0,1,不开放/已过期,,多云,25,23,4,0.0,66,36
2026-05-21 14:30:45,2026-05-21,4,羽毛球馆-13号,07:00-08:00,0,1,不开放/已过期,,晴,25,25,3,0.0,65,39
2026-05-21 15:00:45,2026-05-21,4,羽毛球馆-13号,07:00-08:00,0,1,不开放/已过期,,晴,25,22,4,0.0,56,39
2026-05-21 15:30:43,2026-05-21,4,羽毛球馆-13号,07:00-08:00,0,1,不开放/已过期,,晴,25,23,4,0.0,57,40
2026-05-21 16:00:51,2026-05-21,4,羽毛球馆-13号,07:00-08:00,0,1,不开放/已过期,,晴,25,23,4,0.0,57,40
2026-05-21 16:30:48,2026-05-21,4,羽毛球馆-13号,07:00-08:00,0,1,不开放/已过期,,晴,25,24,3,0.0,60,39
2026-05-21 17:00:49,2026-05-21,4,羽毛球馆-13号,07:00-08:00,0,1,不开放/已过期,,晴,25,24,4,0.0,61,39
2026-05-21 17:30:47,2026-05-21,4,羽毛球馆-13号,07:00-08:00,0,1,不开放/已过期,,多云,24,23,3,0.0,64,39
2026-05-21 18:00:50,2026-05-21,4,羽毛球馆-13号,07:00-08:00,0,1,不开放/已过期,,多云,24,23,3,0.0,68,39
2026-05-21 18:30:50,2026-05-21,4,羽毛球馆-13号,07:00-08:00,0,1,不开放/已过期,,阴,24,25,2,0.0,68,40
2026-05-21 19:00:50,2026-05-21,4,羽毛球馆-13号,07:00-08:00,0,1,不开放/已过期,,阴,23,23,3,0.0,76,40
2026-05-21 19:30:46,2026-05-21,4,羽毛球馆-13号,07:00-08:00,0,1,不开放/已过期,,阴,23,24,2,0.0,77,39
2026-05-21 20:00:49,2026-05-21,4,羽毛球馆-13号,07:00-08:00,0,1,不开放/已过期,,雾,22,23,2,0.0,89,39
2026-05-21 20:30:44,2026-05-21,4,羽毛球馆-13号,07:00-08:00,0,1,不开放/已过期,,雾,22,24,2,0.0,93,43
2026-05-21 21:00:56,2026-05-21,4,羽毛球馆-13号,07:00-08:00,0,1,不开放/已过期,,雾,20,21,2,0.0,98,43
2026-05-21 21:30:46,2026-05-21,4,羽毛球馆-13号,07:00-08:00,0,1,不开放/已过期,,雾,20,22,1,0.0,99,41
2026-05-21 22:01:02,2026-05-21,4,羽毛球馆-13号,07:00-08:00,0,1,不开放/已过期,,雾,19,20,2,0.0,93,41
2026-05-21 22:30:47,2026-05-21,4,羽毛球馆-13号,07:00-08:00,0,1,不开放/已过期,,雾,19,19,3,0.0,88,46
2026-05-21 23:00:56,2026-05-21,4,羽毛球馆-13号,07:00-08:00,0,1,不开放/已过期,,多云,18,17,3,0.0,85,46
2026-05-21 23:30:55,2026-05-21,4,羽毛球馆-13号,07:00-08:00,0,1,不开放/已过期,,多云,18,17,3,0.0,85,48
2026-05-21 00:30:49,2026-05-21,4,羽毛球馆-13号,08:00-09:00,1,1,已售/已满,已售,多云,15,13,3,0.0,100,26
2026-05-21 01:00:55,2026-05-21,4,羽毛球馆-13号,08:00-09:00,1,1,已售/已满,已售,多云,15,12,4,0.0,100,26
2026-05-21 01:30:47,2026-05-21,4,羽毛球馆-13号,08:00-09:00,1,1,已售/已满,已售,多云,15,13,4,0.0,100,28
2026-05-21 02:00:53,2026-05-21,4,羽毛球馆-13号,08:00-09:00,1,1,已售/已满,已售,多云,15,12,4,0.0,100,28
2026-05-21 02:30:49,2026-05-21,4,羽毛球馆-13号,08:00-09:00,1,1,已售/已满,已售,多云,15,14,3,0.0,100,29
2026-05-21 03:00:55,2026-05-21,4,羽毛球馆-13号,08:00-09:00,1,1,已售/已满,已售,多云,15,12,4,0.0,100,29
2026-05-21 03:30:49,2026-05-21,4,羽毛球馆-13号,08:00-09:00,1,1,已售/已满,已售,多云,15,14,3,0.0,100,30
2026-05-21 04:30:45,2026-05-21,4,羽毛球馆-13号,08:00-09:00,1,1,已售/已满,已售,多云,15,12,4,0.0,100,29
2026-05-21 05:00:52,2026-05-21,4,羽毛球馆-13号,08:00-09:00,1,1,已售/已满,已售,多云,15,12,4,0.0,100,29
2026-05-21 05:30:49,2026-05-21,4,羽毛球馆-13号,08:00-09:00,1,1,已售/已满,已售,多云,15,13,3,0.0,100,28
2026-05-21 06:00:50,2026-05-21,4,羽毛球馆-13号,08:00-09:00,1,1,已售/已满,已售,多云,15,13,4,0.0,99,28
2026-05-21 06:30:38,2026-05-21,4,羽毛球馆-13号,08:00-09:00,1,1,已售/已满,已售,多云,15,13,3,0.0,97,28
2026-05-21 07:00:43,2026-05-21,4,羽毛球馆-13号,08:00-09:00,1,1,已售/已满,已售,晴,15,11,5,0.0,93,28
2026-05-21 07:30:39,2026-05-21,4,羽毛球馆-13号,08:00-09:00,1,1,已售/已满,已售,晴,17,13,4,0.0,89,29
2026-05-21 07:50:40,2026-05-21,4,羽毛球馆-13号,08:00-09:00,1,1,已售/已满,已售,晴,17,13,4,0.0,88,29
2026-05-21 07:53:31,2026-05-21,4,羽毛球馆-13号,08:00-09:00,1,1,已售/已满,已售,晴,17,12,5,0.0,86,29
2026-05-21 07:56:31,2026-05-21,4,羽毛球馆-13号,08:00-09:00,1,1,已售/已满,已售,晴,17,12,5,0.0,86,29
2026-05-21 07:59:26,2026-05-21,4,羽毛球馆-13号,08:00-09:00,1,1,已售/已满,已售,晴,17,12,5,0.0,86,29
2026-05-21 08:00:45,2026-05-21,4,羽毛球馆-13号,08:00-09:00,1,1,已售/已满,已售,晴,17,12,5,0.0,86,29
2026-05-21 08:02:30,2026-05-21,4,羽毛球馆-13号,08:00-09:00,1,1,已售/已满,已售,多云,17,12,5,0.0,87,29
2026-05-21 08:05:36,2026-05-21,4,羽毛球馆-13号,08:00-09:00,1,1,已售/已满,已售,多云,17,12,5,0.0,86,29
2026-05-21 08:08:31,2026-05-21,4,羽毛球馆-13号,08:00-09:00,1,1,已售/已满,已售,多云,17,12,5,0.0,86,29
2026-05-21 08:11:30,2026-05-21,4,羽毛球馆-13号,08:00-09:00,1,1,已售/已满,已售,多云,17,12,5,0.0,86,29
2026-05-21 08:14:31,2026-05-21,4,羽毛球馆-13号,08:00-09:00,1,1,已售/已满,已售,多云,17,12,5,0.0,86,29
2026-05-21 08:17:30,2026-05-21,4,羽毛球馆-13号,08:00-09:00,1,1,已售/已满,已售,多云,17,12,5,0.0,86,29
2026-05-21 08:20:35,2026-05-21,4,羽毛球馆-13号,08:00-09:00,1,1,已售/已满,已售,多云,17,14,4,0.0,85,29
2026-05-21 08:25:32,2026-05-21,4,羽毛球馆-13号,08:00-09:00,1,1,已售/已满,已售,多云,17,14,4,0.0,85,28
2026-05-21 08:30:42,2026-05-21,4,羽毛球馆-13号,08:00-09:00,1,1,已售/已满,已售,多云,18,15,4,0.0,84,28
2026-05-21 08:35:31,2026-05-21,4,羽毛球馆-13号,08:00-09:00,1,1,已售/已满,已售,多云,18,15,4,0.0,84,28
2026-05-21 08:40:38,2026-05-21,4,羽毛球馆-13号,08:00-09:00,1,1,已售/已满,已售,多云,18,15,4,0.0,82,28
2026-05-21 08:45:33,2026-05-21,4,羽毛球馆-13号,08:00-09:00,1,1,已售/已满,已售,多云,18,15,4,0.0,82,28
2026-05-21 08:50:36,2026-05-21,4,羽毛球馆-13号,08:00-09:00,1,1,已售/已满,已售,多云,18,15,4,0.0,82,28
2026-05-21 08:55:34,2026-05-21,4,羽毛球馆-13号,08:00-09:00,1,1,已售/已满,已售,多云,18,15,4,0.0,84,28
2026-05-21 09:00:51,2026-05-21,4,羽毛球馆-13号,08:00-09:00,1,1,已售/已满,已售,多云,18,15,4,0.0,84,28
2026-05-21 09:01:59,2026-05-21,4,羽毛球馆-13号,08:00-09:00,1,1,已售/已满,已售,多云,18,15,4,0.0,83,28
2026-05-21 09:05:33,2026-05-21,4,羽毛球馆-13号,08:00-09:00,1,1,已售/已满,已售,多云,18,15,4,0.0,83,28
2026-05-21 09:20:38,2026-05-21,4,羽毛球馆-13号,08:00-09:00,1,1,已售/已满,已售,多云,18,16,3,0.0,81,28
2026-05-21 09:30:46,2026-05-21,4,羽毛球馆-13号,08:00-09:00,1,1,已售/已满,已售,多云,18,16,3,0.0,81,32
2026-05-21 09:40:36,2026-05-21,4,羽毛球馆-13号,08:00-09:00,1,1,已售/已满,已售,多云,19,17,3,0.0,79,32
2026-05-21 09:50:42,2026-05-21,4,羽毛球馆-13号,08:00-09:00,1,1,已售/已满,已售,多云,19,17,4,0.0,81,32
2026-05-21 10:00:46,2026-05-21,4,羽毛球馆-13号,08:00-09:00,1,1,已售/已满,已售,多云,19,17,4,0.0,79,32
2026-05-21 10:10:40,2026-05-21,4,羽毛球馆-13号,08:00-09:00,1,1,已售/已满,已售,多云,19,17,4,0.0,79,32
2026-05-21 10:20:38,2026-05-21,4,羽毛球馆-13号,08:00-09:00,1,1,已售/已满,已售,多云,19,17,4,0.0,79,32
2026-05-21 10:30:41,2026-05-21,4,羽毛球馆-13号,08:00-09:00,1,1,已售/已满,已售,多云,19,18,3,0.0,78,31
2026-05-21 11:00:44,2026-05-21,4,羽毛球馆-13号,08:00-09:00,1,1,已售/已满,已售,多云,21,17,5,0.0,74,31
2026-05-21 11:30:38,2026-05-21,4,羽毛球馆-13号,08:00-09:00,1,1,已售/已满,已售,多云,21,19,3,0.0,72,33
2026-05-21 12:00:46,2026-05-21,4,羽毛球馆-13号,08:00-09:00,1,1,已售/已满,已售,多云,22,19,4,0.0,70,33
2026-05-21 12:30:42,2026-05-21,4,羽毛球馆-13号,08:00-09:00,1,1,已售/已满,已售,多云,22,21,3,0.0,68,35
2026-05-21 13:00:43,2026-05-21,4,羽毛球馆-13号,08:00-09:00,1,1,已售/已满,已售,多云,24,22,4,0.0,66,35
2026-05-21 13:30:43,2026-05-21,4,羽毛球馆-13号,08:00-09:00,1,1,已售/已满,已售,多云,24,22,4,0.0,66,36
2026-05-21 14:00:48,2026-05-21,4,羽毛球馆-13号,08:00-09:00,1,1,已售/已满,已售,多云,25,23,4,0.0,66,36
2026-05-21 14:30:45,2026-05-21,4,羽毛球馆-13号,08:00-09:00,1,1,已售/已满,已售,晴,25,25,3,0.0,65,39
2026-05-21 15:00:45,2026-05-21,4,羽毛球馆-13号,08:00-09:00,1,1,已售/已满,已售,晴,25,22,4,0.0,56,39
2026-05-21 15:30:43,2026-05-21,4,羽毛球馆-13号,08:00-09:00,1,1,已售/已满,已售,晴,25,23,4,0.0,57,40
2026-05-21 16:00:51,2026-05-21,4,羽毛球馆-13号,08:00-09:00,1,1,已售/已满,已售,晴,25,23,4,0.0,57,40
2026-05-21 16:30:48,2026-05-21,4,羽毛球馆-13号,08:00-09:00,1,1,已售/已满,已售,晴,25,24,3,0.0,60,39
2026-05-21 17:00:49,2026-05-21,4,羽毛球馆-13号,08:00-09:00,1,1,已售/已满,已售,晴,25,24,4,0.0,61,39
2026-05-21 17:30:47,2026-05-21,4,羽毛球馆-13号,08:00-09:00,1,1,已售/已满,已售,多云,24,23,3,0.0,64,39
2026-05-21 18:00:50,2026-05-21,4,羽毛球馆-13号,08:00-09:00,1,1,已售/已满,已售,多云,24,23,3,0.0,68,39
2026-05-21 18:30:50,2026-05-21,4,羽毛球馆-13号,08:00-09:00,1,1,已售/已满,已售,阴,24,25,2,0.0,68,40
2026-05-21 19:00:50,2026-05-21,4,羽毛球馆-13号,08:00-09:00,1,1,已售/已满,已售,阴,23,23,3,0.0,76,40
2026-05-21 19:30:46,2026-05-21,4,羽毛球馆-13号,08:00-09:00,1,1,已售/已满,已售,阴,23,24,2,0.0,77,39
2026-05-21 20:00:49,2026-05-21,4,羽毛球馆-13号,08:00-09:00,1,1,已售/已满,已售,雾,22,23,2,0.0,89,39
2026-05-21 20:30:44,2026-05-21,4,羽毛球馆-13号,08:00-09:00,1,1,已售/已满,已售,雾,22,24,2,0.0,93,43
2026-05-21 21:00:56,2026-05-21,4,羽毛球馆-13号,08:00-09:00,1,1,已售/已满,已售,雾,20,21,2,0.0,98,43
2026-05-21 21:30:46,2026-05-21,4,羽毛球馆-13号,08:00-09:00,1,1,已售/已满,已售,雾,20,22,1,0.0,99,41
2026-05-21 22:01:02,2026-05-21,4,羽毛球馆-13号,08:00-09:00,1,1,已售/已满,已售,雾,19,20,2,0.0,93,41
2026-05-21 22:30:47,2026-05-21,4,羽毛球馆-13号,08:00-09:00,1,1,已售/已满,已售,雾,19,19,3,0.0,88,46
2026-05-21 23:00:56,2026-05-21,4,羽毛球馆-13号,08:00-09:00,1,1,已售/已满,已售,多云,18,17,3,0.0,85,46
2026-05-21 23:30:55,2026-05-21,4,羽毛球馆-13号,08:00-09:00,1,1,已售/已满,已售,多云,18,17,3,0.0,85,48
2026-05-21 00:30:49,2026-05-21,4,羽毛球馆-13号,09:00-10:00,0,1,可预约,￥12.0,多云,15,13,3,0.0,100,26
2026-05-21 01:00:55,2026-05-21,4,羽毛球馆-13号,09:00-10:00,0,1,可预约,￥12.0,多云,15,12,4,0.0,100,26
2026-05-21 01:30:47,2026-05-21,4,羽毛球馆-13号,09:00-10:00,0,1,可预约,￥12.0,多云,15,13,4,0.0,100,28
2026-05-21 02:00:53,2026-05-21,4,羽毛球馆-13号,09:00-10:00,0,1,可预约,￥12.0,多云,15,12,4,0.0,100,28
2026-05-21 02:30:49,2026-05-21,4,羽毛球馆-13号,09:00-10:00,0,1,可预约,￥12.0,多云,15,14,3,0.0,100,29
2026-05-21 03:00:55,2026-05-21,4,羽毛球馆-13号,09:00-10:00,0,1,可预约,￥12.0,多云,15,12,4,0.0,100,29
2026-05-21 03:30:49,2026-05-21,4,羽毛球馆-13号,09:00-10:00,0,1,可预约,￥12.0,多云,15,14,3,0.0,100,30
2026-05-21 04:30:45,2026-05-21,4,羽毛球馆-13号,09:00-10:00,0,1,可预约,￥12.0,多云,15,12,4,0.0,100,29
2026-05-21 05:00:52,2026-05-21,4,羽毛球馆-13号,09:00-10:00,0,1,可预约,￥12.0,多云,15,12,4,0.0,100,29
2026-05-21 05:30:49,2026-05-21,4,羽毛球馆-13号,09:00-10:00,0,1,可预约,￥12.0,多云,15,13,3,0.0,100,28
2026-05-21 06:00:50,2026-05-21,4,羽毛球馆-13号,09:00-10:00,0,1,可预约,￥12.0,多云,15,13,4,0.0,99,28
2026-05-21 06:30:38,2026-05-21,4,羽毛球馆-13号,09:00-10:00,0,1,可预约,￥12.0,多云,15,13,3,0.0,97,28
2026-05-21 07:00:43,2026-05-21,4,羽毛球馆-13号,09:00-10:00,0,1,可预约,￥12.0,晴,15,11,5,0.0,93,28
2026-05-21 07:30:39,2026-05-21,4,羽毛球馆-13号,09:00-10:00,0,1,可预约,￥12.0,晴,17,13,4,0.0,89,29
2026-05-21 07:50:40,2026-05-21,4,羽毛球馆-13号,09:00-10:00,0,1,可预约,￥12.0,晴,17,13,4,0.0,88,29
2026-05-21 07:53:31,2026-05-21,4,羽毛球馆-13号,09:00-10:00,0,1,可预约,￥12.0,晴,17,12,5,0.0,86,29
2026-05-21 07:56:31,2026-05-21,4,羽毛球馆-13号,09:00-10:00,0,1,可预约,￥12.0,晴,17,12,5,0.0,86,29
2026-05-21 07:59:26,2026-05-21,4,羽毛球馆-13号,09:00-10:00,0,1,可预约,￥12.0,晴,17,12,5,0.0,86,29
2026-05-21 08:00:45,2026-05-21,4,羽毛球馆-13号,09:00-10:00,0,1,可预约,￥12.0,晴,17,12,5,0.0,86,29
2026-05-21 08:02:30,2026-05-21,4,羽毛球馆-13号,09:00-10:00,0,1,可预约,￥12.0,多云,17,12,5,0.0,87,29
2026-05-21 08:05:36,2026-05-21,4,羽毛球馆-13号,09:00-10:00,0,1,可预约,￥12.0,多云,17,12,5,0.0,86,29
2026-05-21 08:08:31,2026-05-21,4,羽毛球馆-13号,09:00-10:00,0,1,可预约,￥12.0,多云,17,12,5,0.0,86,29
2026-05-21 08:11:30,2026-05-21,4,羽毛球馆-13号,09:00-10:00,0,1,可预约,￥12.0,多云,17,12,5,0.0,86,29
2026-05-21 08:14:31,2026-05-21,4,羽毛球馆-13号,09:00-10:00,0,1,可预约,￥12.0,多云,17,12,5,0.0,86,29
2026-05-21 08:17:30,2026-05-21,4,羽毛球馆-13号,09:00-10:00,0,1,可预约,￥12.0,多云,17,12,5,0.0,86,29
2026-05-21 08:20:35,2026-05-21,4,羽毛球馆-13号,09:00-10:00,0,1,可预约,￥12.0,多云,17,14,4,0.0,85,29
2026-05-21 08:25:32,2026-05-21,4,羽毛球馆-13号,09:00-10:00,0,1,可预约,￥12.0,多云,17,14,4,0.0,85,28
2026-05-21 08:30:42,2026-05-21,4,羽毛球馆-13号,09:00-10:00,0,1,可预约,￥12.0,多云,18,15,4,0.0,84,28
2026-05-21 08:35:31,2026-05-21,4,羽毛球馆-13号,09:00-10:00,0,1,可预约,￥12.0,多云,18,15,4,0.0,84,28
2026-05-21 08:40:38,2026-05-21,4,羽毛球馆-13号,09:00-10:00,0,1,可预约,￥12.0,多云,18,15,4,0.0,82,28
2026-05-21 08:45:33,2026-05-21,4,羽毛球馆-13号,09:00-10:00,0,1,可预约,￥12.0,多云,18,15,4,0.0,82,28
2026-05-21 08:50:36,2026-05-21,4,羽毛球馆-13号,09:00-10:00,0,1,可预约,￥12.0,多云,18,15,4,0.0,82,28
2026-05-21 08:55:34,2026-05-21,4,羽毛球馆-13号,09:00-10:00,0,1,可预约,￥12.0,多云,18,15,4,0.0,84,28
2026-05-21 09:00:51,2026-05-21,4,羽毛球馆-13号,09:00-10:00,0,1,可预约,￥12.0,多云,18,15,4,0.0,84,28
2026-05-21 09:01:59,2026-05-21,4,羽毛球馆-13号,09:00-10:00,0,1,可预约,￥12.0,多云,18,15,4,0.0,83,28
2026-05-21 09:05:33,2026-05-21,4,羽毛球馆-13号,09:00-10:00,0,1,可预约,￥12.0,多云,18,15,4,0.0,83,28
2026-05-21 09:20:38,2026-05-21,4,羽毛球馆-13号,09:00-10:00,0,1,可预约,￥12.0,多云,18,16,3,0.0,81,28
2026-05-21 09:30:46,2026-05-21,4,羽毛球馆-13号,09:00-10:00,0,1,可预约,￥12.0,多云,18,16,3,0.0,81,32
2026-05-21 09:40:36,2026-05-21,4,羽毛球馆-13号,09:00-10:00,0,1,可预约,￥12.0,多云,19,17,3,0.0,79,32
2026-05-21 09:50:42,2026-05-21,4,羽毛球馆-13号,09:00-10:00,0,1,可预约,￥12.0,多云,19,17,4,0.0,81,32
2026-05-21 10:00:46,2026-05-21,4,羽毛球馆-13号,09:00-10:00,0,1,不开放/已过期,,多云,19,17,4,0.0,79,32
2026-05-21 10:10:40,2026-05-21,4,羽毛球馆-13号,09:00-10:00,0,1,不开放/已过期,,多云,19,17,4,0.0,79,32
2026-05-21 10:20:38,2026-05-21,4,羽毛球馆-13号,09:00-10:00,0,1,不开放/已过期,,多云,19,17,4,0.0,79,32
2026-05-21 10:30:41,2026-05-21,4,羽毛球馆-13号,09:00-10:00,0,1,不开放/已过期,,多云,19,18,3,0.0,78,31
2026-05-21 11:00:44,2026-05-21,4,羽毛球馆-13号,09:00-10:00,0,1,不开放/已过期,,多云,21,17,5,0.0,74,31
2026-05-21 11:30:38,2026-05-21,4,羽毛球馆-13号,09:00-10:00,0,1,不开放/已过期,,多云,21,19,3,0.0,72,33
2026-05-21 12:00:46,2026-05-21,4,羽毛球馆-13号,09:00-10:00,0,1,不开放/已过期,,多云,22,19,4,0.0,70,33
2026-05-21 12:30:42,2026-05-21,4,羽毛球馆-13号,09:00-10:00,0,1,不开放/已过期,,多云,22,21,3,0.0,68,35
2026-05-21 13:00:43,2026-05-21,4,羽毛球馆-13号,09:00-10:00,0,1,不开放/已过期,,多云,24,22,4,0.0,66,35
2026-05-21 13:30:43,2026-05-21,4,羽毛球馆-13号,09:00-10:00,0,1,不开放/已过期,,多云,24,22,4,0.0,66,36
2026-05-21 14:00:48,2026-05-21,4,羽毛球馆-13号,09:00-10:00,0,1,不开放/已过期,,多云,25,23,4,0.0,66,36
2026-05-21 14:30:45,2026-05-21,4,羽毛球馆-13号,09:00-10:00,0,1,不开放/已过期,,晴,25,25,3,0.0,65,39
2026-05-21 15:00:45,2026-05-21,4,羽毛球馆-13号,09:00-10:00,0,1,不开放/已过期,,晴,25,22,4,0.0,56,39
2026-05-21 15:30:43,2026-05-21,4,羽毛球馆-13号,09:00-10:00,0,1,不开放/已过期,,晴,25,23,4,0.0,57,40
2026-05-21 16:00:51,2026-05-21,4,羽毛球馆-13号,09:00-10:00,0,1,不开放/已过期,,晴,25,23,4,0.0,57,40
2026-05-21 16:30:48,2026-05-21,4,羽毛球馆-13号,09:00-10:00,0,1,不开放/已过期,,晴,25,24,3,0.0,60,39
2026-05-21 17:00:49,2026-05-21,4,羽毛球馆-13号,09:00-10:00,0,1,不开放/已过期,,晴,25,24,4,0.0,61,39
2026-05-21 17:30:47,2026-05-21,4,羽毛球馆-13号,09:00-10:00,0,1,不开放/已过期,,多云,24,23,3,0.0,64,39
2026-05-21 18:00:50,2026-05-21,4,羽毛球馆-13号,09:00-10:00,0,1,不开放/已过期,,多云,24,23,3,0.0,68,39
2026-05-21 18:30:50,2026-05-21,4,羽毛球馆-13号,09:00-10:00,0,1,不开放/已过期,,阴,24,25,2,0.0,68,40
2026-05-21 19:00:50,2026-05-21,4,羽毛球馆-13号,09:00-10:00,0,1,不开放/已过期,,阴,23,23,3,0.0,76,40
2026-05-21 19:30:46,2026-05-21,4,羽毛球馆-13号,09:00-10:00,0,1,不开放/已过期,,阴,23,24,2,0.0,77,39
2026-05-21 20:00:49,2026-05-21,4,羽毛球馆-13号,09:00-10:00,0,1,不开放/已过期,,雾,22,23,2,0.0,89,39
2026-05-21 20:30:44,2026-05-21,4,羽毛球馆-13号,09:00-10:00,0,1,不开放/已过期,,雾,22,24,2,0.0,93,43
2026-05-21 21:00:56,2026-05-21,4,羽毛球馆-13号,09:00-10:00,0,1,不开放/已过期,,雾,20,21,2,0.0,98,43
2026-05-21 21:30:46,2026-05-21,4,羽毛球馆-13号,09:00-10:00,0,1,不开放/已过期,,雾,20,22,1,0.0,99,41
2026-05-21 22:01:02,2026-05-21,4,羽毛球馆-13号,09:00-10:00,0,1,不开放/已过期,,雾,19,20,2,0.0,93,41
2026-05-21 22:30:47,2026-05-21,4,羽毛球馆-13号,09:00-10:00,0,1,不开放/已过期,,雾,19,19,3,0.0,88,46
2026-05-21 23:00:56,2026-05-21,4,羽毛球馆-13号,09:00-10:00,0,1,不开放/已过期,,多云,18,17,3,0.0,85,46
2026-05-21 23:30:55,2026-05-21,4,羽毛球馆-13号,09:00-10:00,0,1,不开放/已过期,,多云,18,17,3,0.0,85,48
2026-05-21 00:30:49,2026-05-21,4,羽毛球馆-13号,10:00-11:00,1,1,已售/已满,教学时间,多云,15,13,3,0.0,100,26
2026-05-21 01:00:55,2026-05-21,4,羽毛球馆-13号,10:00-11:00,1,1,已售/已满,教学时间,多云,15,12,4,0.0,100,26
2026-05-21 01:30:47,2026-05-21,4,羽毛球馆-13号,10:00-11:00,1,1,已售/已满,教学时间,多云,15,13,4,0.0,100,28
2026-05-21 02:00:53,2026-05-21,4,羽毛球馆-13号,10:00-11:00,1,1,已售/已满,教学时间,多云,15,12,4,0.0,100,28
2026-05-21 02:30:49,2026-05-21,4,羽毛球馆-13号,10:00-11:00,1,1,已售/已满,教学时间,多云,15,14,3,0.0,100,29
2026-05-21 03:00:55,2026-05-21,4,羽毛球馆-13号,10:00-11:00,1,1,已售/已满,教学时间,多云,15,12,4,0.0,100,29
2026-05-21 03:30:49,2026-05-21,4,羽毛球馆-13号,10:00-11:00,1,1,已售/已满,教学时间,多云,15,14,3,0.0,100,30
2026-05-21 04:30:45,2026-05-21,4,羽毛球馆-13号,10:00-11:00,1,1,已售/已满,教学时间,多云,15,12,4,0.0,100,29
2026-05-21 05:00:52,2026-05-21,4,羽毛球馆-13号,10:00-11:00,1,1,已售/已满,教学时间,多云,15,12,4,0.0,100,29
2026-05-21 05:30:49,2026-05-21,4,羽毛球馆-13号,10:00-11:00,1,1,已售/已满,教学时间,多云,15,13,3,0.0,100,28
2026-05-21 06:00:50,2026-05-21,4,羽毛球馆-13号,10:00-11:00,1,1,已售/已满,教学时间,多云,15,13,4,0.0,99,28
2026-05-21 06:30:38,2026-05-21,4,羽毛球馆-13号,10:00-11:00,1,1,已售/已满,教学时间,多云,15,13,3,0.0,97,28
2026-05-21 07:00:43,2026-05-21,4,羽毛球馆-13号,10:00-11:00,1,1,已售/已满,教学时间,晴,15,11,5,0.0,93,28
2026-05-21 07:30:39,2026-05-21,4,羽毛球馆-13号,10:00-11:00,1,1,已售/已满,教学时间,晴,17,13,4,0.0,89,29
2026-05-21 07:50:40,2026-05-21,4,羽毛球馆-13号,10:00-11:00,1,1,已售/已满,教学时间,晴,17,13,4,0.0,88,29
2026-05-21 07:53:31,2026-05-21,4,羽毛球馆-13号,10:00-11:00,1,1,已售/已满,教学时间,晴,17,12,5,0.0,86,29
2026-05-21 07:56:31,2026-05-21,4,羽毛球馆-13号,10:00-11:00,1,1,已售/已满,教学时间,晴,17,12,5,0.0,86,29
2026-05-21 07:59:26,2026-05-21,4,羽毛球馆-13号,10:00-11:00,1,1,已售/已满,教学时间,晴,17,12,5,0.0,86,29
2026-05-21 08:00:45,2026-05-21,4,羽毛球馆-13号,10:00-11:00,1,1,已售/已满,教学时间,晴,17,12,5,0.0,86,29
2026-05-21 08:02:30,2026-05-21,4,羽毛球馆-13号,10:00-11:00,1,1,已售/已满,教学时间,多云,17,12,5,0.0,87,29
2026-05-21 08:05:36,2026-05-21,4,羽毛球馆-13号,10:00-11:00,1,1,已售/已满,教学时间,多云,17,12,5,0.0,86,29
2026-05-21 08:08:31,2026-05-21,4,羽毛球馆-13号,10:00-11:00,1,1,已售/已满,教学时间,多云,17,12,5,0.0,86,29
2026-05-21 08:11:30,2026-05-21,4,羽毛球馆-13号,10:00-11:00,1,1,已售/已满,教学时间,多云,17,12,5,0.0,86,29
2026-05-21 08:14:31,2026-05-21,4,羽毛球馆-13号,10:00-11:00,1,1,已售/已满,教学时间,多云,17,12,5,0.0,86,29
2026-05-21 08:17:30,2026-05-21,4,羽毛球馆-13号,10:00-11:00,1,1,已售/已满,教学时间,多云,17,12,5,0.0,86,29
2026-05-21 08:20:35,2026-05-21,4,羽毛球馆-13号,10:00-11:00,1,1,已售/已满,教学时间,多云,17,14,4,0.0,85,29
2026-05-21 08:25:32,2026-05-21,4,羽毛球馆-13号,10:00-11:00,1,1,已售/已满,教学时间,多云,17,14,4,0.0,85,28
2026-05-21 08:30:42,2026-05-21,4,羽毛球馆-13号,10:00-11:00,1,1,已售/已满,教学时间,多云,18,15,4,0.0,84,28
2026-05-21 08:35:31,2026-05-21,4,羽毛球馆-13号,10:00-11:00,1,1,已售/已满,教学时间,多云,18,15,4,0.0,84,28
2026-05-21 08:40:38,2026-05-21,4,羽毛球馆-13号,10:00-11:00,1,1,已售/已满,教学时间,多云,18,15,4,0.0,82,28
2026-05-21 08:45:33,2026-05-21,4,羽毛球馆-13号,10:00-11:00,1,1,已售/已满,教学时间,多云,18,15,4,0.0,82,28
2026-05-21 08:50:36,2026-05-21,4,羽毛球馆-13号,10:00-11:00,1,1,已售/已满,教学时间,多云,18,15,4,0.0,82,28
2026-05-21 08:55:34,2026-05-21,4,羽毛球馆-13号,10:00-11:00,1,1,已售/已满,教学时间,多云,18,15,4,0.0,84,28
2026-05-21 09:00:51,2026-05-21,4,羽毛球馆-13号,10:00-11:00,1,1,已售/已满,教学时间,多云,18,15,4,0.0,84,28
2026-05-21 09:01:59,2026-05-21,4,羽毛球馆-13号,10:00-11:00,1,1,已售/已满,教学时间,多云,18,15,4,0.0,83,28
2026-05-21 09:05:33,2026-05-21,4,羽毛球馆-13号,10:00-11:00,1,1,已售/已满,教学时间,多云,18,15,4,0.0,83,28
2026-05-21 09:20:38,2026-05-21,4,羽毛球馆-13号,10:00-11:00,1,1,已售/已满,教学时间,多云,18,16,3,0.0,81,28
2026-05-21 09:30:46,2026-05-21,4,羽毛球馆-13号,10:00-11:00,1,1,已售/已满,教学时间,多云,18,16,3,0.0,81,32
2026-05-21 09:40:36,2026-05-21,4,羽毛球馆-13号,10:00-11:00,1,1,已售/已满,教学时间,多云,19,17,3,0.0,79,32
2026-05-21 09:50:42,2026-05-21,4,羽毛球馆-13号,10:00-11:00,1,1,已售/已满,教学时间,多云,19,17,4,0.0,81,32
2026-05-21 10:00:46,2026-05-21,4,羽毛球馆-13号,10:00-11:00,1,1,已售/已满,教学时间,多云,19,17,4,0.0,79,32
2026-05-21 10:10:40,2026-05-21,4,羽毛球馆-13号,10:00-11:00,1,1,已售/已满,教学时间,多云,19,17,4,0.0,79,32
2026-05-21 10:20:38,2026-05-21,4,羽毛球馆-13号,10:00-11:00,1,1,已售/已满,教学时间,多云,19,17,4,0.0,79,32
2026-05-21 10:30:41,2026-05-21,4,羽毛球馆-13号,10:00-11:00,1,1,已售/已满,教学时间,多云,19,18,3,0.0,78,31
2026-05-21 11:00:44,2026-05-21,4,羽毛球馆-13号,10:00-11:00,1,1,已售/已满,教学时间,多云,21,17,5,0.0,74,31
2026-05-21 11:30:38,2026-05-21,4,羽毛球馆-13号,10:00-11:00,1,1,已售/已满,教学时间,多云,21,19,3,0.0,72,33
2026-05-21 12:00:46,2026-05-21,4,羽毛球馆-13号,10:00-11:00,1,1,已售/已满,教学时间,多云,22,19,4,0.0,70,33
2026-05-21 12:30:42,2026-05-21,4,羽毛球馆-13号,10:00-11:00,1,1,已售/已满,教学时间,多云,22,21,3,0.0,68,35
2026-05-21 13:00:43,2026-05-21,4,羽毛球馆-13号,10:00-11:00,1,1,已售/已满,教学时间,多云,24,22,4,0.0,66,35
2026-05-21 13:30:43,2026-05-21,4,羽毛球馆-13号,10:00-11:00,1,1,已售/已满,教学时间,多云,24,22,4,0.0,66,36
2026-05-21 14:00:48,2026-05-21,4,羽毛球馆-13号,10:00-11:00,1,1,已售/已满,教学时间,多云,25,23,4,0.0,66,36
2026-05-21 14:30:45,2026-05-21,4,羽毛球馆-13号,10:00-11:00,1,1,已售/已满,教学时间,晴,25,25,3,0.0,65,39
2026-05-21 15:00:45,2026-05-21,4,羽毛球馆-13号,10:00-11:00,1,1,已售/已满,教学时间,晴,25,22,4,0.0,56,39
2026-05-21 15:30:43,2026-05-21,4,羽毛球馆-13号,10:00-11:00,1,1,已售/已满,教学时间,晴,25,23,4,0.0,57,40
2026-05-21 16:00:51,2026-05-21,4,羽毛球馆-13号,10:00-11:00,1,1,已售/已满,教学时间,晴,25,23,4,0.0,57,40
2026-05-21 16:30:48,2026-05-21,4,羽毛球馆-13号,10:00-11:00,1,1,已售/已满,教学时间,晴,25,24,3,0.0,60,39
2026-05-21 17:00:49,2026-05-21,4,羽毛球馆-13号,10:00-11:00,1,1,已售/已满,教学时间,晴,25,24,4,0.0,61,39
2026-05-21 17:30:47,2026-05-21,4,羽毛球馆-13号,10:00-11:00,1,1,已售/已满,教学时间,多云,24,23,3,0.0,64,39
2026-05-21 18:00:50,2026-05-21,4,羽毛球馆-13号,10:00-11:00,1,1,已售/已满,教学时间,多云,24,23,3,0.0,68,39
2026-05-21 18:30:50,2026-05-21,4,羽毛球馆-13号,10:00-11:00,1,1,已售/已满,教学时间,阴,24,25,2,0.0,68,40
2026-05-21 19:00:50,2026-05-21,4,羽毛球馆-13号,10:00-11:00,1,1,已售/已满,教学时间,阴,23,23,3,0.0,76,40
2026-05-21 19:30:46,2026-05-21,4,羽毛球馆-13号,10:00-11:00,1,1,已售/已满,教学时间,阴,23,24,2,0.0,77,39
2026-05-21 20:00:49,2026-05-21,4,羽毛球馆-13号,10:00-11:00,1,1,已售/已满,教学时间,雾,22,23,2,0.0,89,39
2026-05-21 20:30:44,2026-05-21,4,羽毛球馆-13号,10:00-11:00,1,1,已售/已满,教学时间,雾,22,24,2,0.0,93,43
2026-05-21 21:00:56,2026-05-21,4,羽毛球馆-13号,10:00-11:00,1,1,已售/已满,教学时间,雾,20,21,2,0.0,98,43
2026-05-21 21:30:46,2026-05-21,4,羽毛球馆-13号,10:00-11:00,1,1,已售/已满,教学时间,雾,20,22,1,0.0,99,41
2026-05-21 22:01:02,2026-05-21,4,羽毛球馆-13号,10:00-11:00,1,1,已售/已满,教学时间,雾,19,20,2,0.0,93,41
2026-05-21 22:30:47,2026-05-21,4,羽毛球馆-13号,10:00-11:00,1,1,已售/已满,教学时间,雾,19,19,3,0.0,88,46
2026-05-21 23:00:56,2026-05-21,4,羽毛球馆-13号,10:00-11:00,1,1,已售/已满,教学时间,多云,18,17,3,0.0,85,46
2026-05-21 23:30:55,2026-05-21,4,羽毛球馆-13号,10:00-11:00,1,1,已售/已满,教学时间,多云,18,17,3,0.0,85,48
2026-05-21 00:30:49,2026-05-21,4,羽毛球馆-13号,11:00-12:00,1,1,已售/已满,教学时间,多云,15,13,3,0.0,100,26
2026-05-21 01:00:55,2026-05-21,4,羽毛球馆-13号,11:00-12:00,1,1,已售/已满,教学时间,多云,15,12,4,0.0,100,26
2026-05-21 01:30:47,2026-05-21,4,羽毛球馆-13号,11:00-12:00,1,1,已售/已满,教学时间,多云,15,13,4,0.0,100,28
2026-05-21 02:00:53,2026-05-21,4,羽毛球馆-13号,11:00-12:00,1,1,已售/已满,教学时间,多云,15,12,4,0.0,100,28
2026-05-21 02:30:49,2026-05-21,4,羽毛球馆-13号,11:00-12:00,1,1,已售/已满,教学时间,多云,15,14,3,0.0,100,29
2026-05-21 03:00:55,2026-05-21,4,羽毛球馆-13号,11:00-12:00,1,1,已售/已满,教学时间,多云,15,12,4,0.0,100,29
2026-05-21 03:30:49,2026-05-21,4,羽毛球馆-13号,11:00-12:00,1,1,已售/已满,教学时间,多云,15,14,3,0.0,100,30
2026-05-21 04:30:45,2026-05-21,4,羽毛球馆-13号,11:00-12:00,1,1,已售/已满,教学时间,多云,15,12,4,0.0,100,29
2026-05-21 05:00:52,2026-05-21,4,羽毛球馆-13号,11:00-12:00,1,1,已售/已满,教学时间,多云,15,12,4,0.0,100,29
2026-05-21 05:30:49,2026-05-21,4,羽毛球馆-13号,11:00-12:00,1,1,已售/已满,教学时间,多云,15,13,3,0.0,100,28
2026-05-21 06:00:50,2026-05-21,4,羽毛球馆-13号,11:00-12:00,1,1,已售/已满,教学时间,多云,15,13,4,0.0,99,28
2026-05-21 06:30:38,2026-05-21,4,羽毛球馆-13号,11:00-12:00,1,1,已售/已满,教学时间,多云,15,13,3,0.0,97,28
2026-05-21 07:00:43,2026-05-21,4,羽毛球馆-13号,11:00-12:00,1,1,已售/已满,教学时间,晴,15,11,5,0.0,93,28
2026-05-21 07:30:39,2026-05-21,4,羽毛球馆-13号,11:00-12:00,1,1,已售/已满,教学时间,晴,17,13,4,0.0,89,29
2026-05-21 07:50:40,2026-05-21,4,羽毛球馆-13号,11:00-12:00,1,1,已售/已满,教学时间,晴,17,13,4,0.0,88,29
2026-05-21 07:53:31,2026-05-21,4,羽毛球馆-13号,11:00-12:00,1,1,已售/已满,教学时间,晴,17,12,5,0.0,86,29
2026-05-21 07:56:31,2026-05-21,4,羽毛球馆-13号,11:00-12:00,1,1,已售/已满,教学时间,晴,17,12,5,0.0,86,29
2026-05-21 07:59:26,2026-05-21,4,羽毛球馆-13号,11:00-12:00,1,1,已售/已满,教学时间,晴,17,12,5,0.0,86,29
2026-05-21 08:00:45,2026-05-21,4,羽毛球馆-13号,11:00-12:00,1,1,已售/已满,教学时间,晴,17,12,5,0.0,86,29
2026-05-21 08:02:30,2026-05-21,4,羽毛球馆-13号,11:00-12:00,1,1,已售/已满,教学时间,多云,17,12,5,0.0,87,29
2026-05-21 08:05:36,2026-05-21,4,羽毛球馆-13号,11:00-12:00,1,1,已售/已满,教学时间,多云,17,12,5,0.0,86,29
2026-05-21 08:08:31,2026-05-21,4,羽毛球馆-13号,11:00-12:00,1,1,已售/已满,教学时间,多云,17,12,5,0.0,86,29
2026-05-21 08:11:30,2026-05-21,4,羽毛球馆-13号,11:00-12:00,1,1,已售/已满,教学时间,多云,17,12,5,0.0,86,29
2026-05-21 08:14:31,2026-05-21,4,羽毛球馆-13号,11:00-12:00,1,1,已售/已满,教学时间,多云,17,12,5,0.0,86,29
2026-05-21 08:17:30,2026-05-21,4,羽毛球馆-13号,11:00-12:00,1,1,已售/已满,教学时间,多云,17,12,5,0.0,86,29
2026-05-21 08:20:35,2026-05-21,4,羽毛球馆-13号,11:00-12:00,1,1,已售/已满,教学时间,多云,17,14,4,0.0,85,29
2026-05-21 08:25:32,2026-05-21,4,羽毛球馆-13号,11:00-12:00,1,1,已售/已满,教学时间,多云,17,14,4,0.0,85,28
2026-05-21 08:30:42,2026-05-21,4,羽毛球馆-13号,11:00-12:00,1,1,已售/已满,教学时间,多云,18,15,4,0.0,84,28
2026-05-21 08:35:31,2026-05-21,4,羽毛球馆-13号,11:00-12:00,1,1,已售/已满,教学时间,多云,18,15,4,0.0,84,28
2026-05-21 08:40:38,2026-05-21,4,羽毛球馆-13号,11:00-12:00,1,1,已售/已满,教学时间,多云,18,15,4,0.0,82,28
2026-05-21 08:45:33,2026-05-21,4,羽毛球馆-13号,11:00-12:00,1,1,已售/已满,教学时间,多云,18,15,4,0.0,82,28
2026-05-21 08:50:36,2026-05-21,4,羽毛球馆-13号,11:00-12:00,1,1,已售/已满,教学时间,多云,18,15,4,0.0,82,28
2026-05-21 08:55:34,2026-05-21,4,羽毛球馆-13号,11:00-12:00,1,1,已售/已满,教学时间,多云,18,15,4,0.0,84,28
2026-05-21 09:00:51,2026-05-21,4,羽毛球馆-13号,11:00-12:00,1,1,已售/已满,教学时间,多云,18,15,4,0.0,84,28
2026-05-21 09:01:59,2026-05-21,4,羽毛球馆-13号,11:00-12:00,1,1,已售/已满,教学时间,多云,18,15,4,0.0,83,28
2026-05-21 09:05:33,2026-05-21,4,羽毛球馆-13号,11:00-12:00,1,1,已售/已满,教学时间,多云,18,15,4,0.0,83,28
2026-05-21 09:20:38,2026-05-21,4,羽毛球馆-13号,11:00-12:00,1,1,已售/已满,教学时间,多云,18,16,3,0.0,81,28
2026-05-21 09:30:46,2026-05-21,4,羽毛球馆-13号,11:00-12:00,1,1,已售/已满,教学时间,多云,18,16,3,0.0,81,32
2026-05-21 09:40:36,2026-05-21,4,羽毛球馆-13号,11:00-12:00,1,1,已售/已满,教学时间,多云,19,17,3,0.0,79,32
2026-05-21 09:50:42,2026-05-21,4,羽毛球馆-13号,11:00-12:00,1,1,已售/已满,教学时间,多云,19,17,4,0.0,81,32
2026-05-21 10:00:46,2026-05-21,4,羽毛球馆-13号,11:00-12:00,1,1,已售/已满,教学时间,多云,19,17,4,0.0,79,32
2026-05-21 10:10:40,2026-05-21,4,羽毛球馆-13号,11:00-12:00,1,1,已售/已满,教学时间,多云,19,17,4,0.0,79,32
2026-05-21 10:20:38,2026-05-21,4,羽毛球馆-13号,11:00-12:00,1,1,已售/已满,教学时间,多云,19,17,4,0.0,79,32
2026-05-21 10:30:41,2026-05-21,4,羽毛球馆-13号,11:00-12:00,1,1,已售/已满,教学时间,多云,19,18,3,0.0,78,31
2026-05-21 11:00:44,2026-05-21,4,羽毛球馆-13号,11:00-12:00,1,1,已售/已满,教学时间,多云,21,17,5,0.0,74,31
2026-05-21 11:30:38,2026-05-21,4,羽毛球馆-13号,11:00-12:00,1,1,已售/已满,教学时间,多云,21,19,3,0.0,72,33
2026-05-21 12:00:46,2026-05-21,4,羽毛球馆-13号,11:00-12:00,1,1,已售/已满,教学时间,多云,22,19,4,0.0,70,33
2026-05-21 12:30:42,2026-05-21,4,羽毛球馆-13号,11:00-12:00,1,1,已售/已满,教学时间,多云,22,21,3,0.0,68,35
2026-05-21 13:00:43,2026-05-21,4,羽毛球馆-13号,11:00-12:00,1,1,已售/已满,教学时间,多云,24,22,4,0.0,66,35
2026-05-21 13:30:43,2026-05-21,4,羽毛球馆-13号,11:00-12:00,1,1,已售/已满,教学时间,多云,24,22,4,0.0,66,36
2026-05-21 14:00:48,2026-05-21,4,羽毛球馆-13号,11:00-12:00,1,1,已售/已满,教学时间,多云,25,23,4,0.0,66,36
2026-05-21 14:30:45,2026-05-21,4,羽毛球馆-13号,11:00-12:00,1,1,已售/已满,教学时间,晴,25,25,3,0.0,65,39
2026-05-21 15:00:45,2026-05-21,4,羽毛球馆-13号,11:00-12:00,1,1,已售/已满,教学时间,晴,25,22,4,0.0,56,39
2026-05-21 15:30:43,2026-05-21,4,羽毛球馆-13号,11:00-12:00,1,1,已售/已满,教学时间,晴,25,23,4,0.0,57,40
2026-05-21 16:00:51,2026-05-21,4,羽毛球馆-13号,11:00-12:00,1,1,已售/已满,教学时间,晴,25,23,4,0.0,57,40
2026-05-21 16:30:48,2026-05-21,4,羽毛球馆-13号,11:00-12:00,1,1,已售/已满,教学时间,晴,25,24,3,0.0,60,39
2026-05-21 17:00:49,2026-05-21,4,羽毛球馆-13号,11:00-12:00,1,1,已售/已满,教学时间,晴,25,24,4,0.0,61,39
2026-05-21 17:30:47,2026-05-21,4,羽毛球馆-13号,11:00-12:00,1,1,已售/已满,教学时间,多云,24,23,3,0.0,64,39
2026-05-21 18:00:50,2026-05-21,4,羽毛球馆-13号,11:00-12:00,1,1,已售/已满,教学时间,多云,24,23,3,0.0,68,39
2026-05-21 18:30:50,2026-05-21,4,羽毛球馆-13号,11:00-12:00,1,1,已售/已满,教学时间,阴,24,25,2,0.0,68,40
2026-05-21 19:00:50,2026-05-21,4,羽毛球馆-13号,11:00-12:00,1,1,已售/已满,教学时间,阴,23,23,3,0.0,76,40
2026-05-21 19:30:46,2026-05-21,4,羽毛球馆-13号,11:00-12:00,1,1,已售/已满,教学时间,阴,23,24,2,0.0,77,39
2026-05-21 20:00:49,2026-05-21,4,羽毛球馆-13号,11:00-12:00,1,1,已售/已满,教学时间,雾,22,23,2,0.0,89,39
2026-05-21 20:30:44,2026-05-21,4,羽毛球馆-13号,11:00-12:00,1,1,已售/已满,教学时间,雾,22,24,2,0.0,93,43
2026-05-21 21:00:56,2026-05-21,4,羽毛球馆-13号,11:00-12:00,1,1,已售/已满,教学时间,雾,20,21,2,0.0,98,43
2026-05-21 21:30:46,2026-05-21,4,羽毛球馆-13号,11:00-12:00,1,1,已售/已满,教学时间,雾,20,22,1,0.0,99,41
2026-05-21 22:01:02,2026-05-21,4,羽毛球馆-13号,11:00-12:00,1,1,已售/已满,教学时间,雾,19,20,2,0.0,93,41
2026-05-21 22:30:47,2026-05-21,4,羽毛球馆-13号,11:00-12:00,1,1,已售/已满,教学时间,雾,19,19,3,0.0,88,46
2026-05-21 23:00:56,2026-05-21,4,羽毛球馆-13号,11:00-12:00,1,1,已售/已满,教学时间,多云,18,17,3,0.0,85,46
2026-05-21 23:30:55,2026-05-21,4,羽毛球馆-13号,11:00-12:00,1,1,已售/已满,教学时间,多云,18,17,3,0.0,85,48
2026-05-21 00:30:49,2026-05-21,4,羽毛球馆-13号,12:00-12:55,1,1,已售/已满,已售,多云,15,13,3,0.0,100,26
2026-05-21 01:00:55,2026-05-21,4,羽毛球馆-13号,12:00-12:55,1,1,已售/已满,已售,多云,15,12,4,0.0,100,26
2026-05-21 01:30:47,2026-05-21,4,羽毛球馆-13号,12:00-12:55,1,1,已售/已满,已售,多云,15,13,4,0.0,100,28
2026-05-21 02:00:53,2026-05-21,4,羽毛球馆-13号,12:00-12:55,1,1,已售/已满,已售,多云,15,12,4,0.0,100,28
2026-05-21 02:30:49,2026-05-21,4,羽毛球馆-13号,12:00-12:55,1,1,已售/已满,已售,多云,15,14,3,0.0,100,29
2026-05-21 03:00:55,2026-05-21,4,羽毛球馆-13号,12:00-12:55,1,1,已售/已满,已售,多云,15,12,4,0.0,100,29
2026-05-21 03:30:49,2026-05-21,4,羽毛球馆-13号,12:00-12:55,1,1,已售/已满,已售,多云,15,14,3,0.0,100,30
2026-05-21 04:30:45,2026-05-21,4,羽毛球馆-13号,12:00-12:55,1,1,已售/已满,已售,多云,15,12,4,0.0,100,29
2026-05-21 05:00:52,2026-05-21,4,羽毛球馆-13号,12:00-12:55,1,1,已售/已满,已售,多云,15,12,4,0.0,100,29
2026-05-21 05:30:49,2026-05-21,4,羽毛球馆-13号,12:00-12:55,1,1,已售/已满,已售,多云,15,13,3,0.0,100,28
2026-05-21 06:00:50,2026-05-21,4,羽毛球馆-13号,12:00-12:55,1,1,已售/已满,已售,多云,15,13,4,0.0,99,28
2026-05-21 06:30:38,2026-05-21,4,羽毛球馆-13号,12:00-12:55,1,1,已售/已满,已售,多云,15,13,3,0.0,97,28
2026-05-21 07:00:43,2026-05-21,4,羽毛球馆-13号,12:00-12:55,1,1,已售/已满,已售,晴,15,11,5,0.0,93,28
2026-05-21 07:30:39,2026-05-21,4,羽毛球馆-13号,12:00-12:55,1,1,已售/已满,已售,晴,17,13,4,0.0,89,29
2026-05-21 07:50:40,2026-05-21,4,羽毛球馆-13号,12:00-12:55,1,1,已售/已满,已售,晴,17,13,4,0.0,88,29
2026-05-21 07:53:31,2026-05-21,4,羽毛球馆-13号,12:00-12:55,1,1,已售/已满,已售,晴,17,12,5,0.0,86,29
2026-05-21 07:56:31,2026-05-21,4,羽毛球馆-13号,12:00-12:55,1,1,已售/已满,已售,晴,17,12,5,0.0,86,29
2026-05-21 07:59:26,2026-05-21,4,羽毛球馆-13号,12:00-12:55,1,1,已售/已满,已售,晴,17,12,5,0.0,86,29
2026-05-21 08:00:45,2026-05-21,4,羽毛球馆-13号,12:00-12:55,1,1,已售/已满,已售,晴,17,12,5,0.0,86,29
2026-05-21 08:02:30,2026-05-21,4,羽毛球馆-13号,12:00-12:55,1,1,已售/已满,已售,多云,17,12,5,0.0,87,29
2026-05-21 08:05:36,2026-05-21,4,羽毛球馆-13号,12:00-12:55,1,1,已售/已满,已售,多云,17,12,5,0.0,86,29
2026-05-21 08:08:31,2026-05-21,4,羽毛球馆-13号,12:00-12:55,1,1,已售/已满,已售,多云,17,12,5,0.0,86,29
2026-05-21 08:11:30,2026-05-21,4,羽毛球馆-13号,12:00-12:55,1,1,已售/已满,已售,多云,17,12,5,0.0,86,29
2026-05-21 08:14:31,2026-05-21,4,羽毛球馆-13号,12:00-12:55,1,1,已售/已满,已售,多云,17,12,5,0.0,86,29
2026-05-21 08:17:30,2026-05-21,4,羽毛球馆-13号,12:00-12:55,1,1,已售/已满,已售,多云,17,12,5,0.0,86,29
2026-05-21 08:20:35,2026-05-21,4,羽毛球馆-13号,12:00-12:55,1,1,已售/已满,已售,多云,17,14,4,0.0,85,29
2026-05-21 08:25:32,2026-05-21,4,羽毛球馆-13号,12:00-12:55,1,1,已售/已满,已售,多云,17,14,4,0.0,85,28
2026-05-21 08:30:42,2026-05-21,4,羽毛球馆-13号,12:00-12:55,1,1,已售/已满,已售,多云,18,15,4,0.0,84,28
2026-05-21 08:35:31,2026-05-21,4,羽毛球馆-13号,12:00-12:55,1,1,已售/已满,已售,多云,18,15,4,0.0,84,28
2026-05-21 08:40:38,2026-05-21,4,羽毛球馆-13号,12:00-12:55,1,1,已售/已满,已售,多云,18,15,4,0.0,82,28
2026-05-21 08:45:33,2026-05-21,4,羽毛球馆-13号,12:00-12:55,1,1,已售/已满,已售,多云,18,15,4,0.0,82,28
2026-05-21 08:50:36,2026-05-21,4,羽毛球馆-13号,12:00-12:55,1,1,已售/已满,已售,多云,18,15,4,0.0,82,28
2026-05-21 08:55:34,2026-05-21,4,羽毛球馆-13号,12:00-12:55,1,1,已售/已满,已售,多云,18,15,4,0.0,84,28
2026-05-21 09:00:51,2026-05-21,4,羽毛球馆-13号,12:00-12:55,1,1,已售/已满,已售,多云,18,15,4,0.0,84,28
2026-05-21 09:01:59,2026-05-21,4,羽毛球馆-13号,12:00-12:55,1,1,已售/已满,已售,多云,18,15,4,0.0,83,28
2026-05-21 09:05:33,2026-05-21,4,羽毛球馆-13号,12:00-12:55,1,1,已售/已满,已售,多云,18,15,4,0.0,83,28
2026-05-21 09:20:38,2026-05-21,4,羽毛球馆-13号,12:00-12:55,1,1,已售/已满,已售,多云,18,16,3,0.0,81,28
2026-05-21 09:30:46,2026-05-21,4,羽毛球馆-13号,12:00-12:55,1,1,已售/已满,已售,多云,18,16,3,0.0,81,32
2026-05-21 09:40:36,2026-05-21,4,羽毛球馆-13号,12:00-12:55,1,1,已售/已满,已售,多云,19,17,3,0.0,79,32
2026-05-21 09:50:42,2026-05-21,4,羽毛球馆-13号,12:00-12:55,1,1,已售/已满,已售,多云,19,17,4,0.0,81,32
2026-05-21 10:00:46,2026-05-21,4,羽毛球馆-13号,12:00-12:55,1,1,已售/已满,已售,多云,19,17,4,0.0,79,32
2026-05-21 10:10:40,2026-05-21,4,羽毛球馆-13号,12:00-12:55,1,1,已售/已满,已售,多云,19,17,4,0.0,79,32
2026-05-21 10:20:38,2026-05-21,4,羽毛球馆-13号,12:00-12:55,1,1,已售/已满,已售,多云,19,17,4,0.0,79,32
2026-05-21 10:30:41,2026-05-21,4,羽毛球馆-13号,12:00-12:55,1,1,已售/已满,已售,多云,19,18,3,0.0,78,31
2026-05-21 11:00:44,2026-05-21,4,羽毛球馆-13号,12:00-12:55,1,1,已售/已满,已售,多云,21,17,5,0.0,74,31
2026-05-21 11:30:38,2026-05-21,4,羽毛球馆-13号,12:00-12:55,1,1,已售/已满,已售,多云,21,19,3,0.0,72,33
2026-05-21 12:00:46,2026-05-21,4,羽毛球馆-13号,12:00-12:55,1,1,已售/已满,已售,多云,22,19,4,0.0,70,33
2026-05-21 12:30:42,2026-05-21,4,羽毛球馆-13号,12:00-12:55,1,1,已售/已满,已售,多云,22,21,3,0.0,68,35
2026-05-21 13:00:43,2026-05-21,4,羽毛球馆-13号,12:00-12:55,1,1,已售/已满,已售,多云,24,22,4,0.0,66,35
2026-05-21 13:30:43,2026-05-21,4,羽毛球馆-13号,12:00-12:55,1,1,已售/已满,已售,多云,24,22,4,0.0,66,36
2026-05-21 14:00:48,2026-05-21,4,羽毛球馆-13号,12:00-12:55,1,1,已售/已满,已售,多云,25,23,4,0.0,66,36
2026-05-21 14:30:45,2026-05-21,4,羽毛球馆-13号,12:00-12:55,1,1,已售/已满,已售,晴,25,25,3,0.0,65,39
2026-05-21 15:00:45,2026-05-21,4,羽毛球馆-13号,12:00-12:55,1,1,已售/已满,已售,晴,25,22,4,0.0,56,39
2026-05-21 15:30:43,2026-05-21,4,羽毛球馆-13号,12:00-12:55,1,1,已售/已满,已售,晴,25,23,4,0.0,57,40
2026-05-21 16:00:51,2026-05-21,4,羽毛球馆-13号,12:00-12:55,1,1,已售/已满,已售,晴,25,23,4,0.0,57,40
2026-05-21 16:30:48,2026-05-21,4,羽毛球馆-13号,12:00-12:55,1,1,已售/已满,已售,晴,25,24,3,0.0,60,39
2026-05-21 17:00:49,2026-05-21,4,羽毛球馆-13号,12:00-12:55,1,1,已售/已满,已售,晴,25,24,4,0.0,61,39
2026-05-21 17:30:47,2026-05-21,4,羽毛球馆-13号,12:00-12:55,1,1,已售/已满,已售,多云,24,23,3,0.0,64,39
2026-05-21 18:00:50,2026-05-21,4,羽毛球馆-13号,12:00-12:55,1,1,已售/已满,已售,多云,24,23,3,0.0,68,39
2026-05-21 18:30:50,2026-05-21,4,羽毛球馆-13号,12:00-12:55,1,1,已售/已满,已售,阴,24,25,2,0.0,68,40
2026-05-21 19:00:50,2026-05-21,4,羽毛球馆-13号,12:00-12:55,1,1,已售/已满,已售,阴,23,23,3,0.0,76,40
2026-05-21 19:30:46,2026-05-21,4,羽毛球馆-13号,12:00-12:55,1,1,已售/已满,已售,阴,23,24,2,0.0,77,39
2026-05-21 20:00:49,2026-05-21,4,羽毛球馆-13号,12:00-12:55,1,1,已售/已满,已售,雾,22,23,2,0.0,89,39
2026-05-21 20:30:44,2026-05-21,4,羽毛球馆-13号,12:00-12:55,1,1,已售/已满,已售,雾,22,24,2,0.0,93,43
2026-05-21 21:00:56,2026-05-21,4,羽毛球馆-13号,12:00-12:55,1,1,已售/已满,已售,雾,20,21,2,0.0,98,43
2026-05-21 21:30:46,2026-05-21,4,羽毛球馆-13号,12:00-12:55,1,1,已售/已满,已售,雾,20,22,1,0.0,99,41
2026-05-21 22:01:02,2026-05-21,4,羽毛球馆-13号,12:00-12:55,1,1,已售/已满,已售,雾,19,20,2,0.0,93,41
2026-05-21 22:30:47,2026-05-21,4,羽毛球馆-13号,12:00-12:55,1,1,已售/已满,已售,雾,19,19,3,0.0,88,46
2026-05-21 23:00:56,2026-05-21,4,羽毛球馆-13号,12:00-12:55,1,1,已售/已满,已售,多云,18,17,3,0.0,85,46
2026-05-21 23:30:55,2026-05-21,4,羽毛球馆-13号,12:00-12:55,1,1,已售/已满,已售,多云,18,17,3,0.0,85,48
2026-05-21 00:30:49,2026-05-21,4,羽毛球馆-13号,12:55-13:50,1,1,已售/已满,已售,多云,15,13,3,0.0,100,26
2026-05-21 01:00:55,2026-05-21,4,羽毛球馆-13号,12:55-13:50,1,1,已售/已满,已售,多云,15,12,4,0.0,100,26
2026-05-21 01:30:47,2026-05-21,4,羽毛球馆-13号,12:55-13:50,1,1,已售/已满,已售,多云,15,13,4,0.0,100,28
2026-05-21 02:00:53,2026-05-21,4,羽毛球馆-13号,12:55-13:50,1,1,已售/已满,已售,多云,15,12,4,0.0,100,28
2026-05-21 02:30:49,2026-05-21,4,羽毛球馆-13号,12:55-13:50,1,1,已售/已满,已售,多云,15,14,3,0.0,100,29
2026-05-21 03:00:55,2026-05-21,4,羽毛球馆-13号,12:55-13:50,1,1,已售/已满,已售,多云,15,12,4,0.0,100,29
2026-05-21 03:30:49,2026-05-21,4,羽毛球馆-13号,12:55-13:50,1,1,已售/已满,已售,多云,15,14,3,0.0,100,30
2026-05-21 04:30:45,2026-05-21,4,羽毛球馆-13号,12:55-13:50,1,1,已售/已满,已售,多云,15,12,4,0.0,100,29
2026-05-21 05:00:52,2026-05-21,4,羽毛球馆-13号,12:55-13:50,1,1,已售/已满,已售,多云,15,12,4,0.0,100,29
2026-05-21 05:30:49,2026-05-21,4,羽毛球馆-13号,12:55-13:50,1,1,已售/已满,已售,多云,15,13,3,0.0,100,28
2026-05-21 06:00:50,2026-05-21,4,羽毛球馆-13号,12:55-13:50,1,1,已售/已满,已售,多云,15,13,4,0.0,99,28
2026-05-21 06:30:38,2026-05-21,4,羽毛球馆-13号,12:55-13:50,1,1,已售/已满,已售,多云,15,13,3,0.0,97,28
2026-05-21 07:00:43,2026-05-21,4,羽毛球馆-13号,12:55-13:50,1,1,已售/已满,已售,晴,15,11,5,0.0,93,28
2026-05-21 07:30:39,2026-05-21,4,羽毛球馆-13号,12:55-13:50,1,1,已售/已满,已售,晴,17,13,4,0.0,89,29
2026-05-21 07:50:40,2026-05-21,4,羽毛球馆-13号,12:55-13:50,1,1,已售/已满,已售,晴,17,13,4,0.0,88,29
2026-05-21 07:53:31,2026-05-21,4,羽毛球馆-13号,12:55-13:50,1,1,已售/已满,已售,晴,17,12,5,0.0,86,29
2026-05-21 07:56:31,2026-05-21,4,羽毛球馆-13号,12:55-13:50,1,1,已售/已满,已售,晴,17,12,5,0.0,86,29
2026-05-21 07:59:26,2026-05-21,4,羽毛球馆-13号,12:55-13:50,1,1,已售/已满,已售,晴,17,12,5,0.0,86,29
2026-05-21 08:00:45,2026-05-21,4,羽毛球馆-13号,12:55-13:50,1,1,已售/已满,已售,晴,17,12,5,0.0,86,29
2026-05-21 08:02:30,2026-05-21,4,羽毛球馆-13号,12:55-13:50,1,1,已售/已满,已售,多云,17,12,5,0.0,87,29
2026-05-21 08:05:36,2026-05-21,4,羽毛球馆-13号,12:55-13:50,1,1,已售/已满,已售,多云,17,12,5,0.0,86,29
2026-05-21 08:08:31,2026-05-21,4,羽毛球馆-13号,12:55-13:50,1,1,已售/已满,已售,多云,17,12,5,0.0,86,29
2026-05-21 08:11:30,2026-05-21,4,羽毛球馆-13号,12:55-13:50,1,1,已售/已满,已售,多云,17,12,5,0.0,86,29
2026-05-21 08:14:31,2026-05-21,4,羽毛球馆-13号,12:55-13:50,1,1,已售/已满,已售,多云,17,12,5,0.0,86,29
2026-05-21 08:17:30,2026-05-21,4,羽毛球馆-13号,12:55-13:50,1,1,已售/已满,已售,多云,17,12,5,0.0,86,29
2026-05-21 08:20:35,2026-05-21,4,羽毛球馆-13号,12:55-13:50,1,1,已售/已满,已售,多云,17,14,4,0.0,85,29
2026-05-21 08:25:32,2026-05-21,4,羽毛球馆-13号,12:55-13:50,1,1,已售/已满,已售,多云,17,14,4,0.0,85,28
2026-05-21 08:30:42,2026-05-21,4,羽毛球馆-13号,12:55-13:50,1,1,已售/已满,已售,多云,18,15,4,0.0,84,28
2026-05-21 08:35:31,2026-05-21,4,羽毛球馆-13号,12:55-13:50,1,1,已售/已满,已售,多云,18,15,4,0.0,84,28
2026-05-21 08:40:38,2026-05-21,4,羽毛球馆-13号,12:55-13:50,1,1,已售/已满,已售,多云,18,15,4,0.0,82,28
2026-05-21 08:45:33,2026-05-21,4,羽毛球馆-13号,12:55-13:50,1,1,已售/已满,已售,多云,18,15,4,0.0,82,28
2026-05-21 08:50:36,2026-05-21,4,羽毛球馆-13号,12:55-13:50,1,1,已售/已满,已售,多云,18,15,4,0.0,82,28
2026-05-21 08:55:34,2026-05-21,4,羽毛球馆-13号,12:55-13:50,1,1,已售/已满,已售,多云,18,15,4,0.0,84,28
2026-05-21 09:00:51,2026-05-21,4,羽毛球馆-13号,12:55-13:50,1,1,已售/已满,已售,多云,18,15,4,0.0,84,28
2026-05-21 09:01:59,2026-05-21,4,羽毛球馆-13号,12:55-13:50,1,1,已售/已满,已售,多云,18,15,4,0.0,83,28
2026-05-21 09:05:33,2026-05-21,4,羽毛球馆-13号,12:55-13:50,1,1,已售/已满,已售,多云,18,15,4,0.0,83,28
2026-05-21 09:20:38,2026-05-21,4,羽毛球馆-13号,12:55-13:50,1,1,已售/已满,已售,多云,18,16,3,0.0,81,28
2026-05-21 09:30:46,2026-05-21,4,羽毛球馆-13号,12:55-13:50,1,1,已售/已满,已售,多云,18,16,3,0.0,81,32
2026-05-21 09:40:36,2026-05-21,4,羽毛球馆-13号,12:55-13:50,1,1,已售/已满,已售,多云,19,17,3,0.0,79,32
2026-05-21 09:50:42,2026-05-21,4,羽毛球馆-13号,12:55-13:50,1,1,已售/已满,已售,多云,19,17,4,0.0,81,32
2026-05-21 10:00:46,2026-05-21,4,羽毛球馆-13号,12:55-13:50,1,1,已售/已满,已售,多云,19,17,4,0.0,79,32
2026-05-21 10:10:40,2026-05-21,4,羽毛球馆-13号,12:55-13:50,1,1,已售/已满,已售,多云,19,17,4,0.0,79,32
2026-05-21 10:20:38,2026-05-21,4,羽毛球馆-13号,12:55-13:50,1,1,已售/已满,已售,多云,19,17,4,0.0,79,32
2026-05-21 10:30:41,2026-05-21,4,羽毛球馆-13号,12:55-13:50,1,1,已售/已满,已售,多云,19,18,3,0.0,78,31
2026-05-21 11:00:44,2026-05-21,4,羽毛球馆-13号,12:55-13:50,1,1,已售/已满,已售,多云,21,17,5,0.0,74,31
2026-05-21 11:30:38,2026-05-21,4,羽毛球馆-13号,12:55-13:50,1,1,已售/已满,已售,多云,21,19,3,0.0,72,33
2026-05-21 12:00:46,2026-05-21,4,羽毛球馆-13号,12:55-13:50,1,1,已售/已满,已售,多云,22,19,4,0.0,70,33
2026-05-21 12:30:42,2026-05-21,4,羽毛球馆-13号,12:55-13:50,1,1,已售/已满,已售,多云,22,21,3,0.0,68,35
2026-05-21 13:00:43,2026-05-21,4,羽毛球馆-13号,12:55-13:50,1,1,已售/已满,已售,多云,24,22,4,0.0,66,35
2026-05-21 13:30:43,2026-05-21,4,羽毛球馆-13号,12:55-13:50,1,1,已售/已满,已售,多云,24,22,4,0.0,66,36
2026-05-21 14:00:48,2026-05-21,4,羽毛球馆-13号,12:55-13:50,1,1,已售/已满,已售,多云,25,23,4,0.0,66,36
2026-05-21 14:30:45,2026-05-21,4,羽毛球馆-13号,12:55-13:50,1,1,已售/已满,已售,晴,25,25,3,0.0,65,39
2026-05-21 15:00:45,2026-05-21,4,羽毛球馆-13号,12:55-13:50,1,1,已售/已满,已售,晴,25,22,4,0.0,56,39
2026-05-21 15:30:43,2026-05-21,4,羽毛球馆-13号,12:55-13:50,1,1,已售/已满,已售,晴,25,23,4,0.0,57,40
2026-05-21 16:00:51,2026-05-21,4,羽毛球馆-13号,12:55-13:50,1,1,已售/已满,已售,晴,25,23,4,0.0,57,40
2026-05-21 16:30:48,2026-05-21,4,羽毛球馆-13号,12:55-13:50,1,1,已售/已满,已售,晴,25,24,3,0.0,60,39
2026-05-21 17:00:49,2026-05-21,4,羽毛球馆-13号,12:55-13:50,1,1,已售/已满,已售,晴,25,24,4,0.0,61,39
2026-05-21 17:30:47,2026-05-21,4,羽毛球馆-13号,12:55-13:50,1,1,已售/已满,已售,多云,24,23,3,0.0,64,39
2026-05-21 18:00:50,2026-05-21,4,羽毛球馆-13号,12:55-13:50,1,1,已售/已满,已售,多云,24,23,3,0.0,68,39
2026-05-21 18:30:50,2026-05-21,4,羽毛球馆-13号,12:55-13:50,1,1,已售/已满,已售,阴,24,25,2,0.0,68,40
2026-05-21 19:00:50,2026-05-21,4,羽毛球馆-13号,12:55-13:50,1,1,已售/已满,已售,阴,23,23,3,0.0,76,40
2026-05-21 19:30:46,2026-05-21,4,羽毛球馆-13号,12:55-13:50,1,1,已售/已满,已售,阴,23,24,2,0.0,77,39
2026-05-21 20:00:49,2026-05-21,4,羽毛球馆-13号,12:55-13:50,1,1,已售/已满,已售,雾,22,23,2,0.0,89,39
2026-05-21 20:30:44,2026-05-21,4,羽毛球馆-13号,12:55-13:50,1,1,已售/已满,已售,雾,22,24,2,0.0,93,43
2026-05-21 21:00:56,2026-05-21,4,羽毛球馆-13号,12:55-13:50,1,1,已售/已满,已售,雾,20,21,2,0.0,98,43
2026-05-21 21:30:46,2026-05-21,4,羽毛球馆-13号,12:55-13:50,1,1,已售/已满,已售,雾,20,22,1,0.0,99,41
2026-05-21 22:01:02,2026-05-21,4,羽毛球馆-13号,12:55-13:50,1,1,已售/已满,已售,雾,19,20,2,0.0,93,41
2026-05-21 22:30:47,2026-05-21,4,羽毛球馆-13号,12:55-13:50,1,1,已售/已满,已售,雾,19,19,3,0.0,88,46
2026-05-21 23:00:56,2026-05-21,4,羽毛球馆-13号,12:55-13:50,1,1,已售/已满,已售,多云,18,17,3,0.0,85,46
2026-05-21 23:30:55,2026-05-21,4,羽毛球馆-13号,12:55-13:50,1,1,已售/已满,已售,多云,18,17,3,0.0,85,48
2026-05-21 00:30:49,2026-05-21,4,羽毛球馆-13号,14:00-15:00,1,1,已售/已满,已售,多云,15,13,3,0.0,100,26
2026-05-21 01:00:55,2026-05-21,4,羽毛球馆-13号,14:00-15:00,1,1,已售/已满,已售,多云,15,12,4,0.0,100,26
2026-05-21 01:30:47,2026-05-21,4,羽毛球馆-13号,14:00-15:00,1,1,已售/已满,已售,多云,15,13,4,0.0,100,28
2026-05-21 02:00:53,2026-05-21,4,羽毛球馆-13号,14:00-15:00,1,1,已售/已满,已售,多云,15,12,4,0.0,100,28
2026-05-21 02:30:49,2026-05-21,4,羽毛球馆-13号,14:00-15:00,1,1,已售/已满,已售,多云,15,14,3,0.0,100,29
2026-05-21 03:00:55,2026-05-21,4,羽毛球馆-13号,14:00-15:00,1,1,已售/已满,已售,多云,15,12,4,0.0,100,29
2026-05-21 03:30:49,2026-05-21,4,羽毛球馆-13号,14:00-15:00,1,1,已售/已满,已售,多云,15,14,3,0.0,100,30
2026-05-21 04:30:45,2026-05-21,4,羽毛球馆-13号,14:00-15:00,1,1,已售/已满,已售,多云,15,12,4,0.0,100,29
2026-05-21 05:00:52,2026-05-21,4,羽毛球馆-13号,14:00-15:00,1,1,已售/已满,已售,多云,15,12,4,0.0,100,29
2026-05-21 05:30:49,2026-05-21,4,羽毛球馆-13号,14:00-15:00,1,1,已售/已满,已售,多云,15,13,3,0.0,100,28
2026-05-21 06:00:50,2026-05-21,4,羽毛球馆-13号,14:00-15:00,1,1,已售/已满,已售,多云,15,13,4,0.0,99,28
2026-05-21 06:30:38,2026-05-21,4,羽毛球馆-13号,14:00-15:00,1,1,已售/已满,已售,多云,15,13,3,0.0,97,28
2026-05-21 07:00:43,2026-05-21,4,羽毛球馆-13号,14:00-15:00,1,1,已售/已满,已售,晴,15,11,5,0.0,93,28
2026-05-21 07:30:39,2026-05-21,4,羽毛球馆-13号,14:00-15:00,1,1,已售/已满,已售,晴,17,13,4,0.0,89,29
2026-05-21 07:50:40,2026-05-21,4,羽毛球馆-13号,14:00-15:00,1,1,已售/已满,已售,晴,17,13,4,0.0,88,29
2026-05-21 07:53:31,2026-05-21,4,羽毛球馆-13号,14:00-15:00,1,1,已售/已满,已售,晴,17,12,5,0.0,86,29
2026-05-21 07:56:31,2026-05-21,4,羽毛球馆-13号,14:00-15:00,1,1,已售/已满,已售,晴,17,12,5,0.0,86,29
2026-05-21 07:59:26,2026-05-21,4,羽毛球馆-13号,14:00-15:00,1,1,已售/已满,已售,晴,17,12,5,0.0,86,29
2026-05-21 08:00:45,2026-05-21,4,羽毛球馆-13号,14:00-15:00,1,1,已售/已满,已售,晴,17,12,5,0.0,86,29
2026-05-21 08:02:30,2026-05-21,4,羽毛球馆-13号,14:00-15:00,1,1,已售/已满,已售,多云,17,12,5,0.0,87,29
2026-05-21 08:05:36,2026-05-21,4,羽毛球馆-13号,14:00-15:00,1,1,已售/已满,已售,多云,17,12,5,0.0,86,29
2026-05-21 08:08:31,2026-05-21,4,羽毛球馆-13号,14:00-15:00,1,1,已售/已满,已售,多云,17,12,5,0.0,86,29
2026-05-21 08:11:30,2026-05-21,4,羽毛球馆-13号,14:00-15:00,1,1,已售/已满,已售,多云,17,12,5,0.0,86,29
2026-05-21 08:14:31,2026-05-21,4,羽毛球馆-13号,14:00-15:00,1,1,已售/已满,已售,多云,17,12,5,0.0,86,29
2026-05-21 08:17:30,2026-05-21,4,羽毛球馆-13号,14:00-15:00,1,1,已售/已满,已售,多云,17,12,5,0.0,86,29
2026-05-21 08:20:35,2026-05-21,4,羽毛球馆-13号,14:00-15:00,1,1,已售/已满,已售,多云,17,14,4,0.0,85,29
2026-05-21 08:25:32,2026-05-21,4,羽毛球馆-13号,14:00-15:00,1,1,已售/已满,已售,多云,17,14,4,0.0,85,28
2026-05-21 08:30:42,2026-05-21,4,羽毛球馆-13号,14:00-15:00,1,1,已售/已满,已售,多云,18,15,4,0.0,84,28
2026-05-21 08:35:31,2026-05-21,4,羽毛球馆-13号,14:00-15:00,1,1,已售/已满,已售,多云,18,15,4,0.0,84,28
2026-05-21 08:40:38,2026-05-21,4,羽毛球馆-13号,14:00-15:00,1,1,已售/已满,已售,多云,18,15,4,0.0,82,28
2026-05-21 08:45:33,2026-05-21,4,羽毛球馆-13号,14:00-15:00,1,1,已售/已满,已售,多云,18,15,4,0.0,82,28
2026-05-21 08:50:36,2026-05-21,4,羽毛球馆-13号,14:00-15:00,1,1,已售/已满,已售,多云,18,15,4,0.0,82,28
2026-05-21 08:55:34,2026-05-21,4,羽毛球馆-13号,14:00-15:00,1,1,已售/已满,已售,多云,18,15,4,0.0,84,28
2026-05-21 09:00:51,2026-05-21,4,羽毛球馆-13号,14:00-15:00,1,1,已售/已满,已售,多云,18,15,4,0.0,84,28
2026-05-21 09:01:59,2026-05-21,4,羽毛球馆-13号,14:00-15:00,1,1,已售/已满,已售,多云,18,15,4,0.0,83,28
2026-05-21 09:05:33,2026-05-21,4,羽毛球馆-13号,14:00-15:00,1,1,已售/已满,已售,多云,18,15,4,0.0,83,28
2026-05-21 09:20:38,2026-05-21,4,羽毛球馆-13号,14:00-15:00,1,1,已售/已满,已售,多云,18,16,3,0.0,81,28
2026-05-21 09:30:46,2026-05-21,4,羽毛球馆-13号,14:00-15:00,1,1,已售/已满,已售,多云,18,16,3,0.0,81,32
2026-05-21 09:40:36,2026-05-21,4,羽毛球馆-13号,14:00-15:00,1,1,已售/已满,已售,多云,19,17,3,0.0,79,32
2026-05-21 09:50:42,2026-05-21,4,羽毛球馆-13号,14:00-15:00,1,1,已售/已满,已售,多云,19,17,4,0.0,81,32
2026-05-21 10:00:46,2026-05-21,4,羽毛球馆-13号,14:00-15:00,1,1,已售/已满,已售,多云,19,17,4,0.0,79,32
2026-05-21 10:10:40,2026-05-21,4,羽毛球馆-13号,14:00-15:00,1,1,已售/已满,已售,多云,19,17,4,0.0,79,32
2026-05-21 10:20:38,2026-05-21,4,羽毛球馆-13号,14:00-15:00,1,1,已售/已满,已售,多云,19,17,4,0.0,79,32
2026-05-21 10:30:41,2026-05-21,4,羽毛球馆-13号,14:00-15:00,1,1,已售/已满,已售,多云,19,18,3,0.0,78,31
2026-05-21 11:00:44,2026-05-21,4,羽毛球馆-13号,14:00-15:00,1,1,已售/已满,已售,多云,21,17,5,0.0,74,31
2026-05-21 11:30:38,2026-05-21,4,羽毛球馆-13号,14:00-15:00,1,1,已售/已满,已售,多云,21,19,3,0.0,72,33
2026-05-21 12:00:46,2026-05-21,4,羽毛球馆-13号,14:00-15:00,1,1,已售/已满,已售,多云,22,19,4,0.0,70,33
2026-05-21 12:30:42,2026-05-21,4,羽毛球馆-13号,14:00-15:00,1,1,已售/已满,已售,多云,22,21,3,0.0,68,35
2026-05-21 13:00:43,2026-05-21,4,羽毛球馆-13号,14:00-15:00,1,1,已售/已满,已售,多云,24,22,4,0.0,66,35
2026-05-21 13:30:43,2026-05-21,4,羽毛球馆-13号,14:00-15:00,1,1,已售/已满,已售,多云,24,22,4,0.0,66,36
2026-05-21 14:00:48,2026-05-21,4,羽毛球馆-13号,14:00-15:00,1,1,已售/已满,已售,多云,25,23,4,0.0,66,36
2026-05-21 14:30:45,2026-05-21,4,羽毛球馆-13号,14:00-15:00,1,1,已售/已满,已售,晴,25,25,3,0.0,65,39
2026-05-21 15:00:45,2026-05-21,4,羽毛球馆-13号,14:00-15:00,1,1,已售/已满,已售,晴,25,22,4,0.0,56,39
2026-05-21 15:30:43,2026-05-21,4,羽毛球馆-13号,14:00-15:00,1,1,已售/已满,已售,晴,25,23,4,0.0,57,40
2026-05-21 16:00:51,2026-05-21,4,羽毛球馆-13号,14:00-15:00,1,1,已售/已满,已售,晴,25,23,4,0.0,57,40
2026-05-21 16:30:48,2026-05-21,4,羽毛球馆-13号,14:00-15:00,1,1,已售/已满,已售,晴,25,24,3,0.0,60,39
2026-05-21 17:00:49,2026-05-21,4,羽毛球馆-13号,14:00-15:00,1,1,已售/已满,已售,晴,25,24,4,0.0,61,39
2026-05-21 17:30:47,2026-05-21,4,羽毛球馆-13号,14:00-15:00,1,1,已售/已满,已售,多云,24,23,3,0.0,64,39
2026-05-21 18:00:50,2026-05-21,4,羽毛球馆-13号,14:00-15:00,1,1,已售/已满,已售,多云,24,23,3,0.0,68,39
2026-05-21 18:30:50,2026-05-21,4,羽毛球馆-13号,14:00-15:00,1,1,已售/已满,已售,阴,24,25,2,0.0,68,40
2026-05-21 19:00:50,2026-05-21,4,羽毛球馆-13号,14:00-15:00,1,1,已售/已满,已售,阴,23,23,3,0.0,76,40
2026-05-21 19:30:46,2026-05-21,4,羽毛球馆-13号,14:00-15:00,1,1,已售/已满,已售,阴,23,24,2,0.0,77,39
2026-05-21 20:00:49,2026-05-21,4,羽毛球馆-13号,14:00-15:00,1,1,已售/已满,已售,雾,22,23,2,0.0,89,39
2026-05-21 20:30:44,2026-05-21,4,羽毛球馆-13号,14:00-15:00,1,1,已售/已满,已售,雾,22,24,2,0.0,93,43
2026-05-21 21:00:56,2026-05-21,4,羽毛球馆-13号,14:00-15:00,1,1,已售/已满,已售,雾,20,21,2,0.0,98,43
2026-05-21 21:30:46,2026-05-21,4,羽毛球馆-13号,14:00-15:00,1,1,已售/已满,已售,雾,20,22,1,0.0,99,41
2026-05-21 22:01:02,2026-05-21,4,羽毛球馆-13号,14:00-15:00,1,1,已售/已满,已售,雾,19,20,2,0.0,93,41
2026-05-21 22:30:47,2026-05-21,4,羽毛球馆-13号,14:00-15:00,1,1,已售/已满,已售,雾,19,19,3,0.0,88,46
2026-05-21 23:00:56,2026-05-21,4,羽毛球馆-13号,14:00-15:00,1,1,已售/已满,已售,多云,18,17,3,0.0,85,46
2026-05-21 23:30:55,2026-05-21,4,羽毛球馆-13号,14:00-15:00,1,1,已售/已满,已售,多云,18,17,3,0.0,85,48
2026-05-21 00:30:49,2026-05-21,4,羽毛球馆-13号,15:00-16:00,1,1,已售/已满,已售,多云,15,13,3,0.0,100,26
2026-05-21 01:00:55,2026-05-21,4,羽毛球馆-13号,15:00-16:00,1,1,已售/已满,已售,多云,15,12,4,0.0,100,26
2026-05-21 01:30:47,2026-05-21,4,羽毛球馆-13号,15:00-16:00,1,1,已售/已满,已售,多云,15,13,4,0.0,100,28
2026-05-21 02:00:53,2026-05-21,4,羽毛球馆-13号,15:00-16:00,1,1,已售/已满,已售,多云,15,12,4,0.0,100,28
2026-05-21 02:30:49,2026-05-21,4,羽毛球馆-13号,15:00-16:00,1,1,已售/已满,已售,多云,15,14,3,0.0,100,29
2026-05-21 03:00:55,2026-05-21,4,羽毛球馆-13号,15:00-16:00,1,1,已售/已满,已售,多云,15,12,4,0.0,100,29
2026-05-21 03:30:49,2026-05-21,4,羽毛球馆-13号,15:00-16:00,1,1,已售/已满,已售,多云,15,14,3,0.0,100,30
2026-05-21 04:30:45,2026-05-21,4,羽毛球馆-13号,15:00-16:00,1,1,已售/已满,已售,多云,15,12,4,0.0,100,29
2026-05-21 05:00:52,2026-05-21,4,羽毛球馆-13号,15:00-16:00,1,1,已售/已满,已售,多云,15,12,4,0.0,100,29
2026-05-21 05:30:49,2026-05-21,4,羽毛球馆-13号,15:00-16:00,1,1,已售/已满,已售,多云,15,13,3,0.0,100,28
2026-05-21 06:00:50,2026-05-21,4,羽毛球馆-13号,15:00-16:00,1,1,已售/已满,已售,多云,15,13,4,0.0,99,28
2026-05-21 06:30:38,2026-05-21,4,羽毛球馆-13号,15:00-16:00,1,1,已售/已满,已售,多云,15,13,3,0.0,97,28
2026-05-21 07:00:43,2026-05-21,4,羽毛球馆-13号,15:00-16:00,1,1,已售/已满,已售,晴,15,11,5,0.0,93,28
2026-05-21 07:30:39,2026-05-21,4,羽毛球馆-13号,15:00-16:00,1,1,已售/已满,已售,晴,17,13,4,0.0,89,29
2026-05-21 07:50:40,2026-05-21,4,羽毛球馆-13号,15:00-16:00,1,1,已售/已满,已售,晴,17,13,4,0.0,88,29
2026-05-21 07:53:31,2026-05-21,4,羽毛球馆-13号,15:00-16:00,1,1,已售/已满,已售,晴,17,12,5,0.0,86,29
2026-05-21 07:56:31,2026-05-21,4,羽毛球馆-13号,15:00-16:00,1,1,已售/已满,已售,晴,17,12,5,0.0,86,29
2026-05-21 07:59:26,2026-05-21,4,羽毛球馆-13号,15:00-16:00,1,1,已售/已满,已售,晴,17,12,5,0.0,86,29
2026-05-21 08:00:45,2026-05-21,4,羽毛球馆-13号,15:00-16:00,1,1,已售/已满,已售,晴,17,12,5,0.0,86,29
2026-05-21 08:02:30,2026-05-21,4,羽毛球馆-13号,15:00-16:00,1,1,已售/已满,已售,多云,17,12,5,0.0,87,29
2026-05-21 08:05:36,2026-05-21,4,羽毛球馆-13号,15:00-16:00,1,1,已售/已满,已售,多云,17,12,5,0.0,86,29
2026-05-21 08:08:31,2026-05-21,4,羽毛球馆-13号,15:00-16:00,1,1,已售/已满,已售,多云,17,12,5,0.0,86,29
2026-05-21 08:11:30,2026-05-21,4,羽毛球馆-13号,15:00-16:00,1,1,已售/已满,已售,多云,17,12,5,0.0,86,29
2026-05-21 08:14:31,2026-05-21,4,羽毛球馆-13号,15:00-16:00,1,1,已售/已满,已售,多云,17,12,5,0.0,86,29
2026-05-21 08:17:30,2026-05-21,4,羽毛球馆-13号,15:00-16:00,1,1,已售/已满,已售,多云,17,12,5,0.0,86,29
2026-05-21 08:20:35,2026-05-21,4,羽毛球馆-13号,15:00-16:00,1,1,已售/已满,已售,多云,17,14,4,0.0,85,29
2026-05-21 08:25:32,2026-05-21,4,羽毛球馆-13号,15:00-16:00,1,1,已售/已满,已售,多云,17,14,4,0.0,85,28
2026-05-21 08:30:42,2026-05-21,4,羽毛球馆-13号,15:00-16:00,1,1,已售/已满,已售,多云,18,15,4,0.0,84,28
2026-05-21 08:35:31,2026-05-21,4,羽毛球馆-13号,15:00-16:00,1,1,已售/已满,已售,多云,18,15,4,0.0,84,28
2026-05-21 08:40:38,2026-05-21,4,羽毛球馆-13号,15:00-16:00,1,1,已售/已满,已售,多云,18,15,4,0.0,82,28
2026-05-21 08:45:33,2026-05-21,4,羽毛球馆-13号,15:00-16:00,1,1,已售/已满,已售,多云,18,15,4,0.0,82,28
2026-05-21 08:50:36,2026-05-21,4,羽毛球馆-13号,15:00-16:00,1,1,已售/已满,已售,多云,18,15,4,0.0,82,28
2026-05-21 08:55:34,2026-05-21,4,羽毛球馆-13号,15:00-16:00,1,1,已售/已满,已售,多云,18,15,4,0.0,84,28
2026-05-21 09:00:51,2026-05-21,4,羽毛球馆-13号,15:00-16:00,1,1,已售/已满,已售,多云,18,15,4,0.0,84,28
2026-05-21 09:01:59,2026-05-21,4,羽毛球馆-13号,15:00-16:00,1,1,已售/已满,已售,多云,18,15,4,0.0,83,28
2026-05-21 09:05:33,2026-05-21,4,羽毛球馆-13号,15:00-16:00,1,1,已售/已满,已售,多云,18,15,4,0.0,83,28
2026-05-21 09:20:38,2026-05-21,4,羽毛球馆-13号,15:00-16:00,1,1,已售/已满,已售,多云,18,16,3,0.0,81,28
2026-05-21 09:30:46,2026-05-21,4,羽毛球馆-13号,15:00-16:00,1,1,已售/已满,已售,多云,18,16,3,0.0,81,32
2026-05-21 09:40:36,2026-05-21,4,羽毛球馆-13号,15:00-16:00,1,1,已售/已满,已售,多云,19,17,3,0.0,79,32
2026-05-21 09:50:42,2026-05-21,4,羽毛球馆-13号,15:00-16:00,1,1,已售/已满,已售,多云,19,17,4,0.0,81,32
2026-05-21 10:00:46,2026-05-21,4,羽毛球馆-13号,15:00-16:00,1,1,已售/已满,已售,多云,19,17,4,0.0,79,32
2026-05-21 10:10:40,2026-05-21,4,羽毛球馆-13号,15:00-16:00,1,1,已售/已满,已售,多云,19,17,4,0.0,79,32
2026-05-21 10:20:38,2026-05-21,4,羽毛球馆-13号,15:00-16:00,1,1,已售/已满,已售,多云,19,17,4,0.0,79,32
2026-05-21 10:30:41,2026-05-21,4,羽毛球馆-13号,15:00-16:00,1,1,已售/已满,已售,多云,19,18,3,0.0,78,31
2026-05-21 11:00:44,2026-05-21,4,羽毛球馆-13号,15:00-16:00,1,1,已售/已满,已售,多云,21,17,5,0.0,74,31
2026-05-21 11:30:38,2026-05-21,4,羽毛球馆-13号,15:00-16:00,1,1,已售/已满,已售,多云,21,19,3,0.0,72,33
2026-05-21 12:00:46,2026-05-21,4,羽毛球馆-13号,15:00-16:00,1,1,已售/已满,已售,多云,22,19,4,0.0,70,33
2026-05-21 12:30:42,2026-05-21,4,羽毛球馆-13号,15:00-16:00,1,1,已售/已满,已售,多云,22,21,3,0.0,68,35
2026-05-21 13:00:43,2026-05-21,4,羽毛球馆-13号,15:00-16:00,1,1,已售/已满,已售,多云,24,22,4,0.0,66,35
2026-05-21 13:30:43,2026-05-21,4,羽毛球馆-13号,15:00-16:00,1,1,已售/已满,已售,多云,24,22,4,0.0,66,36
2026-05-21 14:00:48,2026-05-21,4,羽毛球馆-13号,15:00-16:00,1,1,已售/已满,已售,多云,25,23,4,0.0,66,36
2026-05-21 14:30:45,2026-05-21,4,羽毛球馆-13号,15:00-16:00,1,1,已售/已满,已售,晴,25,25,3,0.0,65,39
2026-05-21 15:00:45,2026-05-21,4,羽毛球馆-13号,15:00-16:00,1,1,已售/已满,已售,晴,25,22,4,0.0,56,39
2026-05-21 15:30:43,2026-05-21,4,羽毛球馆-13号,15:00-16:00,1,1,已售/已满,已售,晴,25,23,4,0.0,57,40
2026-05-21 16:00:51,2026-05-21,4,羽毛球馆-13号,15:00-16:00,1,1,已售/已满,已售,晴,25,23,4,0.0,57,40
2026-05-21 16:30:48,2026-05-21,4,羽毛球馆-13号,15:00-16:00,1,1,已售/已满,已售,晴,25,24,3,0.0,60,39
2026-05-21 17:00:49,2026-05-21,4,羽毛球馆-13号,15:00-16:00,1,1,已售/已满,已售,晴,25,24,4,0.0,61,39
2026-05-21 17:30:47,2026-05-21,4,羽毛球馆-13号,15:00-16:00,1,1,已售/已满,已售,多云,24,23,3,0.0,64,39
2026-05-21 18:00:50,2026-05-21,4,羽毛球馆-13号,15:00-16:00,1,1,已售/已满,已售,多云,24,23,3,0.0,68,39
2026-05-21 18:30:50,2026-05-21,4,羽毛球馆-13号,15:00-16:00,1,1,已售/已满,已售,阴,24,25,2,0.0,68,40
2026-05-21 19:00:50,2026-05-21,4,羽毛球馆-13号,15:00-16:00,1,1,已售/已满,已售,阴,23,23,3,0.0,76,40
2026-05-21 19:30:46,2026-05-21,4,羽毛球馆-13号,15:00-16:00,1,1,已售/已满,已售,阴,23,24,2,0.0,77,39
2026-05-21 20:00:49,2026-05-21,4,羽毛球馆-13号,15:00-16:00,1,1,已售/已满,已售,雾,22,23,2,0.0,89,39
2026-05-21 20:30:44,2026-05-21,4,羽毛球馆-13号,15:00-16:00,1,1,已售/已满,已售,雾,22,24,2,0.0,93,43
2026-05-21 21:00:56,2026-05-21,4,羽毛球馆-13号,15:00-16:00,1,1,已售/已满,已售,雾,20,21,2,0.0,98,43
2026-05-21 21:30:46,2026-05-21,4,羽毛球馆-13号,15:00-16:00,1,1,已售/已满,已售,雾,20,22,1,0.0,99,41
2026-05-21 22:01:02,2026-05-21,4,羽毛球馆-13号,15:00-16:00,1,1,已售/已满,已售,雾,19,20,2,0.0,93,41
2026-05-21 22:30:47,2026-05-21,4,羽毛球馆-13号,15:00-16:00,1,1,已售/已满,已售,雾,19,19,3,0.0,88,46
2026-05-21 23:00:56,2026-05-21,4,羽毛球馆-13号,15:00-16:00,1,1,已售/已满,已售,多云,18,17,3,0.0,85,46
2026-05-21 23:30:55,2026-05-21,4,羽毛球馆-13号,15:00-16:00,1,1,已售/已满,已售,多云,18,17,3,0.0,85,48
2026-05-21 00:30:49,2026-05-21,4,羽毛球馆-13号,16:00-17:00,1,1,已售/已满,已售,多云,15,13,3,0.0,100,26
2026-05-21 01:00:55,2026-05-21,4,羽毛球馆-13号,16:00-17:00,1,1,已售/已满,已售,多云,15,12,4,0.0,100,26
2026-05-21 01:30:47,2026-05-21,4,羽毛球馆-13号,16:00-17:00,1,1,已售/已满,已售,多云,15,13,4,0.0,100,28
2026-05-21 02:00:53,2026-05-21,4,羽毛球馆-13号,16:00-17:00,1,1,已售/已满,已售,多云,15,12,4,0.0,100,28
2026-05-21 02:30:49,2026-05-21,4,羽毛球馆-13号,16:00-17:00,1,1,已售/已满,已售,多云,15,14,3,0.0,100,29
2026-05-21 03:00:55,2026-05-21,4,羽毛球馆-13号,16:00-17:00,1,1,已售/已满,已售,多云,15,12,4,0.0,100,29
2026-05-21 03:30:49,2026-05-21,4,羽毛球馆-13号,16:00-17:00,1,1,已售/已满,已售,多云,15,14,3,0.0,100,30
2026-05-21 04:30:45,2026-05-21,4,羽毛球馆-13号,16:00-17:00,1,1,已售/已满,已售,多云,15,12,4,0.0,100,29
2026-05-21 05:00:52,2026-05-21,4,羽毛球馆-13号,16:00-17:00,1,1,已售/已满,已售,多云,15,12,4,0.0,100,29
2026-05-21 05:30:49,2026-05-21,4,羽毛球馆-13号,16:00-17:00,1,1,已售/已满,已售,多云,15,13,3,0.0,100,28
2026-05-21 06:00:50,2026-05-21,4,羽毛球馆-13号,16:00-17:00,1,1,已售/已满,已售,多云,15,13,4,0.0,99,28
2026-05-21 06:30:38,2026-05-21,4,羽毛球馆-13号,16:00-17:00,1,1,已售/已满,已售,多云,15,13,3,0.0,97,28
2026-05-21 07:00:43,2026-05-21,4,羽毛球馆-13号,16:00-17:00,1,1,已售/已满,已售,晴,15,11,5,0.0,93,28
2026-05-21 07:30:39,2026-05-21,4,羽毛球馆-13号,16:00-17:00,0,1,可预约,￥12.0,晴,17,13,4,0.0,89,29
2026-05-21 07:50:40,2026-05-21,4,羽毛球馆-13号,16:00-17:00,0,1,可预约,￥12.0,晴,17,13,4,0.0,88,29
2026-05-21 07:53:31,2026-05-21,4,羽毛球馆-13号,16:00-17:00,0,1,可预约,￥12.0,晴,17,12,5,0.0,86,29
2026-05-21 07:56:31,2026-05-21,4,羽毛球馆-13号,16:00-17:00,0,1,可预约,￥12.0,晴,17,12,5,0.0,86,29
2026-05-21 07:59:26,2026-05-21,4,羽毛球馆-13号,16:00-17:00,0,1,可预约,￥12.0,晴,17,12,5,0.0,86,29
2026-05-21 08:00:45,2026-05-21,4,羽毛球馆-13号,16:00-17:00,0,1,可预约,￥12.0,晴,17,12,5,0.0,86,29
2026-05-21 08:02:30,2026-05-21,4,羽毛球馆-13号,16:00-17:00,0,1,可预约,￥12.0,多云,17,12,5,0.0,87,29
2026-05-21 08:05:36,2026-05-21,4,羽毛球馆-13号,16:00-17:00,0,1,可预约,￥12.0,多云,17,12,5,0.0,86,29
2026-05-21 08:08:31,2026-05-21,4,羽毛球馆-13号,16:00-17:00,0,1,可预约,￥12.0,多云,17,12,5,0.0,86,29
2026-05-21 08:11:30,2026-05-21,4,羽毛球馆-13号,16:00-17:00,0,1,可预约,￥12.0,多云,17,12,5,0.0,86,29
2026-05-21 08:14:31,2026-05-21,4,羽毛球馆-13号,16:00-17:00,0,1,可预约,￥12.0,多云,17,12,5,0.0,86,29
2026-05-21 08:17:30,2026-05-21,4,羽毛球馆-13号,16:00-17:00,0,1,可预约,￥12.0,多云,17,12,5,0.0,86,29
2026-05-21 08:20:35,2026-05-21,4,羽毛球馆-13号,16:00-17:00,0,1,可预约,￥12.0,多云,17,14,4,0.0,85,29
2026-05-21 08:25:32,2026-05-21,4,羽毛球馆-13号,16:00-17:00,0,1,可预约,￥12.0,多云,17,14,4,0.0,85,28
2026-05-21 08:30:42,2026-05-21,4,羽毛球馆-13号,16:00-17:00,0,1,可预约,￥12.0,多云,18,15,4,0.0,84,28
2026-05-21 08:35:31,2026-05-21,4,羽毛球馆-13号,16:00-17:00,0,1,可预约,￥12.0,多云,18,15,4,0.0,84,28
2026-05-21 08:40:38,2026-05-21,4,羽毛球馆-13号,16:00-17:00,0,1,可预约,￥12.0,多云,18,15,4,0.0,82,28
2026-05-21 08:45:33,2026-05-21,4,羽毛球馆-13号,16:00-17:00,0,1,可预约,￥12.0,多云,18,15,4,0.0,82,28
2026-05-21 08:50:36,2026-05-21,4,羽毛球馆-13号,16:00-17:00,0,1,可预约,￥12.0,多云,18,15,4,0.0,82,28
2026-05-21 08:55:34,2026-05-21,4,羽毛球馆-13号,16:00-17:00,0,1,可预约,￥12.0,多云,18,15,4,0.0,84,28
2026-05-21 09:00:51,2026-05-21,4,羽毛球馆-13号,16:00-17:00,0,1,可预约,￥12.0,多云,18,15,4,0.0,84,28
2026-05-21 09:01:59,2026-05-21,4,羽毛球馆-13号,16:00-17:00,0,1,可预约,￥12.0,多云,18,15,4,0.0,83,28
2026-05-21 09:05:33,2026-05-21,4,羽毛球馆-13号,16:00-17:00,0,1,可预约,￥12.0,多云,18,15,4,0.0,83,28
2026-05-21 09:20:38,2026-05-21,4,羽毛球馆-13号,16:00-17:00,0,1,可预约,￥12.0,多云,18,16,3,0.0,81,28
2026-05-21 09:30:46,2026-05-21,4,羽毛球馆-13号,16:00-17:00,0,1,可预约,￥12.0,多云,18,16,3,0.0,81,32
2026-05-21 09:40:36,2026-05-21,4,羽毛球馆-13号,16:00-17:00,0,1,可预约,￥12.0,多云,19,17,3,0.0,79,32
2026-05-21 09:50:42,2026-05-21,4,羽毛球馆-13号,16:00-17:00,0,1,可预约,￥12.0,多云,19,17,4,0.0,81,32
2026-05-21 10:00:46,2026-05-21,4,羽毛球馆-13号,16:00-17:00,1,1,已售/已满,已售,多云,19,17,4,0.0,79,32
2026-05-21 10:10:40,2026-05-21,4,羽毛球馆-13号,16:00-17:00,1,1,已售/已满,已售,多云,19,17,4,0.0,79,32
2026-05-21 10:20:38,2026-05-21,4,羽毛球馆-13号,16:00-17:00,1,1,已售/已满,已售,多云,19,17,4,0.0,79,32
2026-05-21 10:30:41,2026-05-21,4,羽毛球馆-13号,16:00-17:00,1,1,已售/已满,已售,多云,19,18,3,0.0,78,31
2026-05-21 11:00:44,2026-05-21,4,羽毛球馆-13号,16:00-17:00,1,1,已售/已满,已售,多云,21,17,5,0.0,74,31
2026-05-21 11:30:38,2026-05-21,4,羽毛球馆-13号,16:00-17:00,1,1,已售/已满,已售,多云,21,19,3,0.0,72,33
2026-05-21 12:00:46,2026-05-21,4,羽毛球馆-13号,16:00-17:00,1,1,已售/已满,已售,多云,22,19,4,0.0,70,33
2026-05-21 12:30:42,2026-05-21,4,羽毛球馆-13号,16:00-17:00,1,1,已售/已满,已售,多云,22,21,3,0.0,68,35
2026-05-21 13:00:43,2026-05-21,4,羽毛球馆-13号,16:00-17:00,1,1,已售/已满,已售,多云,24,22,4,0.0,66,35
2026-05-21 13:30:43,2026-05-21,4,羽毛球馆-13号,16:00-17:00,1,1,已售/已满,已售,多云,24,22,4,0.0,66,36
2026-05-21 14:00:48,2026-05-21,4,羽毛球馆-13号,16:00-17:00,1,1,已售/已满,已售,多云,25,23,4,0.0,66,36
2026-05-21 14:30:45,2026-05-21,4,羽毛球馆-13号,16:00-17:00,1,1,已售/已满,已售,晴,25,25,3,0.0,65,39
2026-05-21 15:00:45,2026-05-21,4,羽毛球馆-13号,16:00-17:00,1,1,已售/已满,已售,晴,25,22,4,0.0,56,39
2026-05-21 15:30:43,2026-05-21,4,羽毛球馆-13号,16:00-17:00,1,1,已售/已满,已售,晴,25,23,4,0.0,57,40
2026-05-21 16:00:51,2026-05-21,4,羽毛球馆-13号,16:00-17:00,1,1,已售/已满,已售,晴,25,23,4,0.0,57,40
2026-05-21 16:30:48,2026-05-21,4,羽毛球馆-13号,16:00-17:00,1,1,已售/已满,已售,晴,25,24,3,0.0,60,39
2026-05-21 17:00:49,2026-05-21,4,羽毛球馆-13号,16:00-17:00,1,1,已售/已满,已售,晴,25,24,4,0.0,61,39
2026-05-21 17:30:47,2026-05-21,4,羽毛球馆-13号,16:00-17:00,1,1,已售/已满,已售,多云,24,23,3,0.0,64,39
2026-05-21 18:00:50,2026-05-21,4,羽毛球馆-13号,16:00-17:00,1,1,已售/已满,已售,多云,24,23,3,0.0,68,39
2026-05-21 18:30:50,2026-05-21,4,羽毛球馆-13号,16:00-17:00,1,1,已售/已满,已售,阴,24,25,2,0.0,68,40
2026-05-21 19:00:50,2026-05-21,4,羽毛球馆-13号,16:00-17:00,1,1,已售/已满,已售,阴,23,23,3,0.0,76,40
2026-05-21 19:30:46,2026-05-21,4,羽毛球馆-13号,16:00-17:00,1,1,已售/已满,已售,阴,23,24,2,0.0,77,39
2026-05-21 20:00:49,2026-05-21,4,羽毛球馆-13号,16:00-17:00,1,1,已售/已满,已售,雾,22,23,2,0.0,89,39
2026-05-21 20:30:44,2026-05-21,4,羽毛球馆-13号,16:00-17:00,1,1,已售/已满,已售,雾,22,24,2,0.0,93,43
2026-05-21 21:00:56,2026-05-21,4,羽毛球馆-13号,16:00-17:00,1,1,已售/已满,已售,雾,20,21,2,0.0,98,43
2026-05-21 21:30:46,2026-05-21,4,羽毛球馆-13号,16:00-17:00,1,1,已售/已满,已售,雾,20,22,1,0.0,99,41
2026-05-21 22:01:02,2026-05-21,4,羽毛球馆-13号,16:00-17:00,1,1,已售/已满,已售,雾,19,20,2,0.0,93,41
2026-05-21 22:30:47,2026-05-21,4,羽毛球馆-13号,16:00-17:00,1,1,已售/已满,已售,雾,19,19,3,0.0,88,46
2026-05-21 23:00:56,2026-05-21,4,羽毛球馆-13号,16:00-17:00,1,1,已售/已满,已售,多云,18,17,3,0.0,85,46
2026-05-21 23:30:55,2026-05-21,4,羽毛球馆-13号,16:00-17:00,1,1,已售/已满,已售,多云,18,17,3,0.0,85,48
2026-05-21 00:30:49,2026-05-21,4,羽毛球馆-13号,17:00-18:00,1,1,已售/已满,已售,多云,15,13,3,0.0,100,26
2026-05-21 01:00:55,2026-05-21,4,羽毛球馆-13号,17:00-18:00,1,1,已售/已满,已售,多云,15,12,4,0.0,100,26
2026-05-21 01:30:47,2026-05-21,4,羽毛球馆-13号,17:00-18:00,1,1,已售/已满,已售,多云,15,13,4,0.0,100,28
2026-05-21 02:00:53,2026-05-21,4,羽毛球馆-13号,17:00-18:00,1,1,已售/已满,已售,多云,15,12,4,0.0,100,28
2026-05-21 02:30:49,2026-05-21,4,羽毛球馆-13号,17:00-18:00,1,1,已售/已满,已售,多云,15,14,3,0.0,100,29
2026-05-21 03:00:55,2026-05-21,4,羽毛球馆-13号,17:00-18:00,1,1,已售/已满,已售,多云,15,12,4,0.0,100,29
2026-05-21 03:30:49,2026-05-21,4,羽毛球馆-13号,17:00-18:00,1,1,已售/已满,已售,多云,15,14,3,0.0,100,30
2026-05-21 04:30:45,2026-05-21,4,羽毛球馆-13号,17:00-18:00,1,1,已售/已满,已售,多云,15,12,4,0.0,100,29
2026-05-21 05:00:52,2026-05-21,4,羽毛球馆-13号,17:00-18:00,1,1,已售/已满,已售,多云,15,12,4,0.0,100,29
2026-05-21 05:30:49,2026-05-21,4,羽毛球馆-13号,17:00-18:00,1,1,已售/已满,已售,多云,15,13,3,0.0,100,28
2026-05-21 06:00:50,2026-05-21,4,羽毛球馆-13号,17:00-18:00,1,1,已售/已满,已售,多云,15,13,4,0.0,99,28
2026-05-21 06:30:38,2026-05-21,4,羽毛球馆-13号,17:00-18:00,1,1,已售/已满,已售,多云,15,13,3,0.0,97,28
2026-05-21 07:00:43,2026-05-21,4,羽毛球馆-13号,17:00-18:00,1,1,已售/已满,已售,晴,15,11,5,0.0,93,28
2026-05-21 07:30:39,2026-05-21,4,羽毛球馆-13号,17:00-18:00,1,1,已售/已满,已售,晴,17,13,4,0.0,89,29
2026-05-21 07:50:40,2026-05-21,4,羽毛球馆-13号,17:00-18:00,1,1,已售/已满,已售,晴,17,13,4,0.0,88,29
2026-05-21 07:53:31,2026-05-21,4,羽毛球馆-13号,17:00-18:00,1,1,已售/已满,已售,晴,17,12,5,0.0,86,29
2026-05-21 07:56:31,2026-05-21,4,羽毛球馆-13号,17:00-18:00,1,1,已售/已满,已售,晴,17,12,5,0.0,86,29
2026-05-21 07:59:26,2026-05-21,4,羽毛球馆-13号,17:00-18:00,1,1,已售/已满,已售,晴,17,12,5,0.0,86,29
2026-05-21 08:00:45,2026-05-21,4,羽毛球馆-13号,17:00-18:00,1,1,已售/已满,已售,晴,17,12,5,0.0,86,29
2026-05-21 08:02:30,2026-05-21,4,羽毛球馆-13号,17:00-18:00,1,1,已售/已满,已售,多云,17,12,5,0.0,87,29
2026-05-21 08:05:36,2026-05-21,4,羽毛球馆-13号,17:00-18:00,1,1,已售/已满,已售,多云,17,12,5,0.0,86,29
2026-05-21 08:08:31,2026-05-21,4,羽毛球馆-13号,17:00-18:00,1,1,已售/已满,已售,多云,17,12,5,0.0,86,29
2026-05-21 08:11:30,2026-05-21,4,羽毛球馆-13号,17:00-18:00,1,1,已售/已满,已售,多云,17,12,5,0.0,86,29
2026-05-21 08:14:31,2026-05-21,4,羽毛球馆-13号,17:00-18:00,1,1,已售/已满,已售,多云,17,12,5,0.0,86,29
2026-05-21 08:17:30,2026-05-21,4,羽毛球馆-13号,17:00-18:00,1,1,已售/已满,已售,多云,17,12,5,0.0,86,29
2026-05-21 08:20:35,2026-05-21,4,羽毛球馆-13号,17:00-18:00,1,1,已售/已满,已售,多云,17,14,4,0.0,85,29
2026-05-21 08:25:32,2026-05-21,4,羽毛球馆-13号,17:00-18:00,1,1,已售/已满,已售,多云,17,14,4,0.0,85,28
2026-05-21 08:30:42,2026-05-21,4,羽毛球馆-13号,17:00-18:00,1,1,已售/已满,已售,多云,18,15,4,0.0,84,28
2026-05-21 08:35:31,2026-05-21,4,羽毛球馆-13号,17:00-18:00,1,1,已售/已满,已售,多云,18,15,4,0.0,84,28
2026-05-21 08:40:38,2026-05-21,4,羽毛球馆-13号,17:00-18:00,1,1,已售/已满,已售,多云,18,15,4,0.0,82,28
2026-05-21 08:45:33,2026-05-21,4,羽毛球馆-13号,17:00-18:00,1,1,已售/已满,已售,多云,18,15,4,0.0,82,28
2026-05-21 08:50:36,2026-05-21,4,羽毛球馆-13号,17:00-18:00,1,1,已售/已满,已售,多云,18,15,4,0.0,82,28
2026-05-21 08:55:34,2026-05-21,4,羽毛球馆-13号,17:00-18:00,1,1,已售/已满,已售,多云,18,15,4,0.0,84,28
2026-05-21 09:00:51,2026-05-21,4,羽毛球馆-13号,17:00-18:00,1,1,已售/已满,已售,多云,18,15,4,0.0,84,28
2026-05-21 09:01:59,2026-05-21,4,羽毛球馆-13号,17:00-18:00,1,1,已售/已满,已售,多云,18,15,4,0.0,83,28
2026-05-21 09:05:33,2026-05-21,4,羽毛球馆-13号,17:00-18:00,1,1,已售/已满,已售,多云,18,15,4,0.0,83,28
2026-05-21 09:20:38,2026-05-21,4,羽毛球馆-13号,17:00-18:00,1,1,已售/已满,已售,多云,18,16,3,0.0,81,28
2026-05-21 09:30:46,2026-05-21,4,羽毛球馆-13号,17:00-18:00,1,1,已售/已满,已售,多云,18,16,3,0.0,81,32
2026-05-21 09:40:36,2026-05-21,4,羽毛球馆-13号,17:00-18:00,1,1,已售/已满,已售,多云,19,17,3,0.0,79,32
2026-05-21 09:50:42,2026-05-21,4,羽毛球馆-13号,17:00-18:00,1,1,已售/已满,已售,多云,19,17,4,0.0,81,32
2026-05-21 10:00:46,2026-05-21,4,羽毛球馆-13号,17:00-18:00,1,1,已售/已满,已售,多云,19,17,4,0.0,79,32
2026-05-21 10:10:40,2026-05-21,4,羽毛球馆-13号,17:00-18:00,1,1,已售/已满,已售,多云,19,17,4,0.0,79,32
2026-05-21 10:20:38,2026-05-21,4,羽毛球馆-13号,17:00-18:00,1,1,已售/已满,已售,多云,19,17,4,0.0,79,32
2026-05-21 10:30:41,2026-05-21,4,羽毛球馆-13号,17:00-18:00,1,1,已售/已满,已售,多云,19,18,3,0.0,78,31
2026-05-21 11:00:44,2026-05-21,4,羽毛球馆-13号,17:00-18:00,1,1,已售/已满,已售,多云,21,17,5,0.0,74,31
2026-05-21 11:30:38,2026-05-21,4,羽毛球馆-13号,17:00-18:00,1,1,已售/已满,已售,多云,21,19,3,0.0,72,33
2026-05-21 12:00:46,2026-05-21,4,羽毛球馆-13号,17:00-18:00,1,1,已售/已满,已售,多云,22,19,4,0.0,70,33
2026-05-21 12:30:42,2026-05-21,4,羽毛球馆-13号,17:00-18:00,1,1,已售/已满,已售,多云,22,21,3,0.0,68,35
2026-05-21 13:00:43,2026-05-21,4,羽毛球馆-13号,17:00-18:00,1,1,已售/已满,已售,多云,24,22,4,0.0,66,35
2026-05-21 13:30:43,2026-05-21,4,羽毛球馆-13号,17:00-18:00,1,1,已售/已满,已售,多云,24,22,4,0.0,66,36
2026-05-21 14:00:48,2026-05-21,4,羽毛球馆-13号,17:00-18:00,1,1,已售/已满,已售,多云,25,23,4,0.0,66,36
2026-05-21 14:30:45,2026-05-21,4,羽毛球馆-13号,17:00-18:00,1,1,已售/已满,已售,晴,25,25,3,0.0,65,39
2026-05-21 15:00:45,2026-05-21,4,羽毛球馆-13号,17:00-18:00,1,1,已售/已满,已售,晴,25,22,4,0.0,56,39
2026-05-21 15:30:43,2026-05-21,4,羽毛球馆-13号,17:00-18:00,1,1,已售/已满,已售,晴,25,23,4,0.0,57,40
2026-05-21 16:00:51,2026-05-21,4,羽毛球馆-13号,17:00-18:00,1,1,已售/已满,已售,晴,25,23,4,0.0,57,40
2026-05-21 16:30:48,2026-05-21,4,羽毛球馆-13号,17:00-18:00,1,1,已售/已满,已售,晴,25,24,3,0.0,60,39
2026-05-21 17:00:49,2026-05-21,4,羽毛球馆-13号,17:00-18:00,1,1,已售/已满,已售,晴,25,24,4,0.0,61,39
2026-05-21 17:30:47,2026-05-21,4,羽毛球馆-13号,17:00-18:00,1,1,已售/已满,已售,多云,24,23,3,0.0,64,39
2026-05-21 18:00:50,2026-05-21,4,羽毛球馆-13号,17:00-18:00,1,1,已售/已满,已售,多云,24,23,3,0.0,68,39
2026-05-21 18:30:50,2026-05-21,4,羽毛球馆-13号,17:00-18:00,1,1,已售/已满,已售,阴,24,25,2,0.0,68,40
2026-05-21 19:00:50,2026-05-21,4,羽毛球馆-13号,17:00-18:00,1,1,已售/已满,已售,阴,23,23,3,0.0,76,40
2026-05-21 19:30:46,2026-05-21,4,羽毛球馆-13号,17:00-18:00,1,1,已售/已满,已售,阴,23,24,2,0.0,77,39
2026-05-21 20:00:49,2026-05-21,4,羽毛球馆-13号,17:00-18:00,1,1,已售/已满,已售,雾,22,23,2,0.0,89,39
2026-05-21 20:30:44,2026-05-21,4,羽毛球馆-13号,17:00-18:00,1,1,已售/已满,已售,雾,22,24,2,0.0,93,43
2026-05-21 21:00:56,2026-05-21,4,羽毛球馆-13号,17:00-18:00,1,1,已售/已满,已售,雾,20,21,2,0.0,98,43
2026-05-21 21:30:46,2026-05-21,4,羽毛球馆-13号,17:00-18:00,1,1,已售/已满,已售,雾,20,22,1,0.0,99,41
2026-05-21 22:01:02,2026-05-21,4,羽毛球馆-13号,17:00-18:00,1,1,已售/已满,已售,雾,19,20,2,0.0,93,41
2026-05-21 22:30:47,2026-05-21,4,羽毛球馆-13号,17:00-18:00,1,1,已售/已满,已售,雾,19,19,3,0.0,88,46
2026-05-21 23:00:56,2026-05-21,4,羽毛球馆-13号,17:00-18:00,1,1,已售/已满,已售,多云,18,17,3,0.0,85,46
2026-05-21 23:30:55,2026-05-21,4,羽毛球馆-13号,17:00-18:00,1,1,已售/已满,已售,多云,18,17,3,0.0,85,48
2026-05-21 00:30:49,2026-05-21,4,羽毛球馆-13号,18:30-19:30,1,1,已售/已满,教工羽毛球赛,多云,15,13,3,0.0,100,26
2026-05-21 01:00:55,2026-05-21,4,羽毛球馆-13号,18:30-19:30,1,1,已售/已满,教工羽毛球赛,多云,15,12,4,0.0,100,26
2026-05-21 01:30:47,2026-05-21,4,羽毛球馆-13号,18:30-19:30,1,1,已售/已满,教工羽毛球赛,多云,15,13,4,0.0,100,28
2026-05-21 02:00:53,2026-05-21,4,羽毛球馆-13号,18:30-19:30,1,1,已售/已满,教工羽毛球赛,多云,15,12,4,0.0,100,28
2026-05-21 02:30:49,2026-05-21,4,羽毛球馆-13号,18:30-19:30,1,1,已售/已满,教工羽毛球赛,多云,15,14,3,0.0,100,29
2026-05-21 03:00:55,2026-05-21,4,羽毛球馆-13号,18:30-19:30,1,1,已售/已满,教工羽毛球赛,多云,15,12,4,0.0,100,29
2026-05-21 03:30:49,2026-05-21,4,羽毛球馆-13号,18:30-19:30,1,1,已售/已满,教工羽毛球赛,多云,15,14,3,0.0,100,30
2026-05-21 04:30:45,2026-05-21,4,羽毛球馆-13号,18:30-19:30,1,1,已售/已满,教工羽毛球赛,多云,15,12,4,0.0,100,29
2026-05-21 05:00:52,2026-05-21,4,羽毛球馆-13号,18:30-19:30,1,1,已售/已满,教工羽毛球赛,多云,15,12,4,0.0,100,29
2026-05-21 05:30:49,2026-05-21,4,羽毛球馆-13号,18:30-19:30,1,1,已售/已满,教工羽毛球赛,多云,15,13,3,0.0,100,28
2026-05-21 06:00:50,2026-05-21,4,羽毛球馆-13号,18:30-19:30,1,1,已售/已满,教工羽毛球赛,多云,15,13,4,0.0,99,28
2026-05-21 06:30:38,2026-05-21,4,羽毛球馆-13号,18:30-19:30,1,1,已售/已满,教工羽毛球赛,多云,15,13,3,0.0,97,28
2026-05-21 07:00:43,2026-05-21,4,羽毛球馆-13号,18:30-19:30,1,1,已售/已满,教工羽毛球赛,晴,15,11,5,0.0,93,28
2026-05-21 07:30:39,2026-05-21,4,羽毛球馆-13号,18:30-19:30,1,1,已售/已满,教工羽毛球赛,晴,17,13,4,0.0,89,29
2026-05-21 07:50:40,2026-05-21,4,羽毛球馆-13号,18:30-19:30,1,1,已售/已满,教工羽毛球赛,晴,17,13,4,0.0,88,29
2026-05-21 07:53:31,2026-05-21,4,羽毛球馆-13号,18:30-19:30,1,1,已售/已满,教工羽毛球赛,晴,17,12,5,0.0,86,29
2026-05-21 07:56:31,2026-05-21,4,羽毛球馆-13号,18:30-19:30,1,1,已售/已满,教工羽毛球赛,晴,17,12,5,0.0,86,29
2026-05-21 07:59:26,2026-05-21,4,羽毛球馆-13号,18:30-19:30,1,1,已售/已满,教工羽毛球赛,晴,17,12,5,0.0,86,29
2026-05-21 08:00:45,2026-05-21,4,羽毛球馆-13号,18:30-19:30,1,1,已售/已满,教工羽毛球赛,晴,17,12,5,0.0,86,29
2026-05-21 08:02:30,2026-05-21,4,羽毛球馆-13号,18:30-19:30,1,1,已售/已满,教工羽毛球赛,多云,17,12,5,0.0,87,29
2026-05-21 08:05:36,2026-05-21,4,羽毛球馆-13号,18:30-19:30,1,1,已售/已满,教工羽毛球赛,多云,17,12,5,0.0,86,29
2026-05-21 08:08:31,2026-05-21,4,羽毛球馆-13号,18:30-19:30,1,1,已售/已满,教工羽毛球赛,多云,17,12,5,0.0,86,29
2026-05-21 08:11:30,2026-05-21,4,羽毛球馆-13号,18:30-19:30,1,1,已售/已满,教工羽毛球赛,多云,17,12,5,0.0,86,29
2026-05-21 08:14:31,2026-05-21,4,羽毛球馆-13号,18:30-19:30,1,1,已售/已满,教工羽毛球赛,多云,17,12,5,0.0,86,29
2026-05-21 08:17:30,2026-05-21,4,羽毛球馆-13号,18:30-19:30,1,1,已售/已满,教工羽毛球赛,多云,17,12,5,0.0,86,29
2026-05-21 08:20:35,2026-05-21,4,羽毛球馆-13号,18:30-19:30,1,1,已售/已满,教工羽毛球赛,多云,17,14,4,0.0,85,29
2026-05-21 08:25:32,2026-05-21,4,羽毛球馆-13号,18:30-19:30,1,1,已售/已满,教工羽毛球赛,多云,17,14,4,0.0,85,28
2026-05-21 08:30:42,2026-05-21,4,羽毛球馆-13号,18:30-19:30,1,1,已售/已满,教工羽毛球赛,多云,18,15,4,0.0,84,28
2026-05-21 08:35:31,2026-05-21,4,羽毛球馆-13号,18:30-19:30,1,1,已售/已满,教工羽毛球赛,多云,18,15,4,0.0,84,28
2026-05-21 08:40:38,2026-05-21,4,羽毛球馆-13号,18:30-19:30,1,1,已售/已满,教工羽毛球赛,多云,18,15,4,0.0,82,28
2026-05-21 08:45:33,2026-05-21,4,羽毛球馆-13号,18:30-19:30,1,1,已售/已满,教工羽毛球赛,多云,18,15,4,0.0,82,28
2026-05-21 08:50:36,2026-05-21,4,羽毛球馆-13号,18:30-19:30,1,1,已售/已满,教工羽毛球赛,多云,18,15,4,0.0,82,28
2026-05-21 08:55:34,2026-05-21,4,羽毛球馆-13号,18:30-19:30,1,1,已售/已满,教工羽毛球赛,多云,18,15,4,0.0,84,28
2026-05-21 09:00:51,2026-05-21,4,羽毛球馆-13号,18:30-19:30,1,1,已售/已满,教工羽毛球赛,多云,18,15,4,0.0,84,28
2026-05-21 09:01:59,2026-05-21,4,羽毛球馆-13号,18:30-19:30,1,1,已售/已满,教工羽毛球赛,多云,18,15,4,0.0,83,28
2026-05-21 09:05:33,2026-05-21,4,羽毛球馆-13号,18:30-19:30,1,1,已售/已满,教工羽毛球赛,多云,18,15,4,0.0,83,28
2026-05-21 09:20:38,2026-05-21,4,羽毛球馆-13号,18:30-19:30,1,1,已售/已满,教工羽毛球赛,多云,18,16,3,0.0,81,28
2026-05-21 09:30:46,2026-05-21,4,羽毛球馆-13号,18:30-19:30,1,1,已售/已满,教工羽毛球赛,多云,18,16,3,0.0,81,32
2026-05-21 09:40:36,2026-05-21,4,羽毛球馆-13号,18:30-19:30,1,1,已售/已满,教工羽毛球赛,多云,19,17,3,0.0,79,32
2026-05-21 09:50:42,2026-05-21,4,羽毛球馆-13号,18:30-19:30,1,1,已售/已满,教工羽毛球赛,多云,19,17,4,0.0,81,32
2026-05-21 10:00:46,2026-05-21,4,羽毛球馆-13号,18:30-19:30,1,1,已售/已满,教工羽毛球赛,多云,19,17,4,0.0,79,32
2026-05-21 10:10:40,2026-05-21,4,羽毛球馆-13号,18:30-19:30,1,1,已售/已满,教工羽毛球赛,多云,19,17,4,0.0,79,32
2026-05-21 10:20:38,2026-05-21,4,羽毛球馆-13号,18:30-19:30,1,1,已售/已满,教工羽毛球赛,多云,19,17,4,0.0,79,32
2026-05-21 10:30:41,2026-05-21,4,羽毛球馆-13号,18:30-19:30,1,1,已售/已满,教工羽毛球赛,多云,19,18,3,0.0,78,31
2026-05-21 11:00:44,2026-05-21,4,羽毛球馆-13号,18:30-19:30,1,1,已售/已满,教工羽毛球赛,多云,21,17,5,0.0,74,31
2026-05-21 11:30:38,2026-05-21,4,羽毛球馆-13号,18:30-19:30,1,1,已售/已满,教工羽毛球赛,多云,21,19,3,0.0,72,33
2026-05-21 12:00:46,2026-05-21,4,羽毛球馆-13号,18:30-19:30,1,1,已售/已满,教工羽毛球赛,多云,22,19,4,0.0,70,33
2026-05-21 12:30:42,2026-05-21,4,羽毛球馆-13号,18:30-19:30,1,1,已售/已满,教工羽毛球赛,多云,22,21,3,0.0,68,35
2026-05-21 13:00:43,2026-05-21,4,羽毛球馆-13号,18:30-19:30,1,1,已售/已满,教工羽毛球赛,多云,24,22,4,0.0,66,35
2026-05-21 13:30:43,2026-05-21,4,羽毛球馆-13号,18:30-19:30,1,1,已售/已满,教工羽毛球赛,多云,24,22,4,0.0,66,36
2026-05-21 14:00:48,2026-05-21,4,羽毛球馆-13号,18:30-19:30,1,1,已售/已满,教工羽毛球赛,多云,25,23,4,0.0,66,36
2026-05-21 14:30:45,2026-05-21,4,羽毛球馆-13号,18:30-19:30,1,1,已售/已满,教工羽毛球赛,晴,25,25,3,0.0,65,39
2026-05-21 15:00:45,2026-05-21,4,羽毛球馆-13号,18:30-19:30,1,1,已售/已满,教工羽毛球赛,晴,25,22,4,0.0,56,39
2026-05-21 15:30:43,2026-05-21,4,羽毛球馆-13号,18:30-19:30,1,1,已售/已满,教工羽毛球赛,晴,25,23,4,0.0,57,40
2026-05-21 16:00:51,2026-05-21,4,羽毛球馆-13号,18:30-19:30,1,1,已售/已满,教工羽毛球赛,晴,25,23,4,0.0,57,40
2026-05-21 16:30:48,2026-05-21,4,羽毛球馆-13号,18:30-19:30,1,1,已售/已满,教工羽毛球赛,晴,25,24,3,0.0,60,39
2026-05-21 17:00:49,2026-05-21,4,羽毛球馆-13号,18:30-19:30,1,1,已售/已满,教工羽毛球赛,晴,25,24,4,0.0,61,39
2026-05-21 17:30:47,2026-05-21,4,羽毛球馆-13号,18:30-19:30,1,1,已售/已满,教工羽毛球赛,多云,24,23,3,0.0,64,39
2026-05-21 18:00:50,2026-05-21,4,羽毛球馆-13号,18:30-19:30,1,1,已售/已满,教工羽毛球赛,多云,24,23,3,0.0,68,39
2026-05-21 18:30:50,2026-05-21,4,羽毛球馆-13号,18:30-19:30,1,1,已售/已满,教工羽毛球赛,阴,24,25,2,0.0,68,40
2026-05-21 19:00:50,2026-05-21,4,羽毛球馆-13号,18:30-19:30,1,1,已售/已满,教工羽毛球赛,阴,23,23,3,0.0,76,40
2026-05-21 19:30:46,2026-05-21,4,羽毛球馆-13号,18:30-19:30,1,1,已售/已满,教工羽毛球赛,阴,23,24,2,0.0,77,39
2026-05-21 20:00:49,2026-05-21,4,羽毛球馆-13号,18:30-19:30,1,1,已售/已满,教工羽毛球赛,雾,22,23,2,0.0,89,39
2026-05-21 20:30:44,2026-05-21,4,羽毛球馆-13号,18:30-19:30,1,1,已售/已满,教工羽毛球赛,雾,22,24,2,0.0,93,43
2026-05-21 21:00:56,2026-05-21,4,羽毛球馆-13号,18:30-19:30,1,1,已售/已满,教工羽毛球赛,雾,20,21,2,0.0,98,43
2026-05-21 21:30:46,2026-05-21,4,羽毛球馆-13号,18:30-19:30,1,1,已售/已满,教工羽毛球赛,雾,20,22,1,0.0,99,41
2026-05-21 22:01:02,2026-05-21,4,羽毛球馆-13号,18:30-19:30,1,1,已售/已满,教工羽毛球赛,雾,19,20,2,0.0,93,41
2026-05-21 22:30:47,2026-05-21,4,羽毛球馆-13号,18:30-19:30,1,1,已售/已满,教工羽毛球赛,雾,19,19,3,0.0,88,46
2026-05-21 23:00:56,2026-05-21,4,羽毛球馆-13号,18:30-19:30,1,1,已售/已满,教工羽毛球赛,多云,18,17,3,0.0,85,46
2026-05-21 23:30:55,2026-05-21,4,羽毛球馆-13号,18:30-19:30,1,1,已售/已满,教工羽毛球赛,多云,18,17,3,0.0,85,48
2026-05-21 00:30:49,2026-05-21,4,羽毛球馆-13号,19:30-20:30,1,1,已售/已满,教工羽毛球赛,多云,15,13,3,0.0,100,26
2026-05-21 01:00:55,2026-05-21,4,羽毛球馆-13号,19:30-20:30,1,1,已售/已满,教工羽毛球赛,多云,15,12,4,0.0,100,26
2026-05-21 01:30:47,2026-05-21,4,羽毛球馆-13号,19:30-20:30,1,1,已售/已满,教工羽毛球赛,多云,15,13,4,0.0,100,28
2026-05-21 02:00:53,2026-05-21,4,羽毛球馆-13号,19:30-20:30,1,1,已售/已满,教工羽毛球赛,多云,15,12,4,0.0,100,28
2026-05-21 02:30:49,2026-05-21,4,羽毛球馆-13号,19:30-20:30,1,1,已售/已满,教工羽毛球赛,多云,15,14,3,0.0,100,29
2026-05-21 03:00:55,2026-05-21,4,羽毛球馆-13号,19:30-20:30,1,1,已售/已满,教工羽毛球赛,多云,15,12,4,0.0,100,29
2026-05-21 03:30:49,2026-05-21,4,羽毛球馆-13号,19:30-20:30,1,1,已售/已满,教工羽毛球赛,多云,15,14,3,0.0,100,30
2026-05-21 04:30:45,2026-05-21,4,羽毛球馆-13号,19:30-20:30,1,1,已售/已满,教工羽毛球赛,多云,15,12,4,0.0,100,29
2026-05-21 05:00:52,2026-05-21,4,羽毛球馆-13号,19:30-20:30,1,1,已售/已满,教工羽毛球赛,多云,15,12,4,0.0,100,29
2026-05-21 05:30:49,2026-05-21,4,羽毛球馆-13号,19:30-20:30,1,1,已售/已满,教工羽毛球赛,多云,15,13,3,0.0,100,28
2026-05-21 06:00:50,2026-05-21,4,羽毛球馆-13号,19:30-20:30,1,1,已售/已满,教工羽毛球赛,多云,15,13,4,0.0,99,28
2026-05-21 06:30:38,2026-05-21,4,羽毛球馆-13号,19:30-20:30,1,1,已售/已满,教工羽毛球赛,多云,15,13,3,0.0,97,28
2026-05-21 07:00:43,2026-05-21,4,羽毛球馆-13号,19:30-20:30,1,1,已售/已满,教工羽毛球赛,晴,15,11,5,0.0,93,28
2026-05-21 07:30:39,2026-05-21,4,羽毛球馆-13号,19:30-20:30,1,1,已售/已满,教工羽毛球赛,晴,17,13,4,0.0,89,29
2026-05-21 07:50:40,2026-05-21,4,羽毛球馆-13号,19:30-20:30,1,1,已售/已满,教工羽毛球赛,晴,17,13,4,0.0,88,29
2026-05-21 07:53:31,2026-05-21,4,羽毛球馆-13号,19:30-20:30,1,1,已售/已满,教工羽毛球赛,晴,17,12,5,0.0,86,29
2026-05-21 07:56:31,2026-05-21,4,羽毛球馆-13号,19:30-20:30,1,1,已售/已满,教工羽毛球赛,晴,17,12,5,0.0,86,29
2026-05-21 07:59:26,2026-05-21,4,羽毛球馆-13号,19:30-20:30,1,1,已售/已满,教工羽毛球赛,晴,17,12,5,0.0,86,29
2026-05-21 08:00:45,2026-05-21,4,羽毛球馆-13号,19:30-20:30,1,1,已售/已满,教工羽毛球赛,晴,17,12,5,0.0,86,29
2026-05-21 08:02:30,2026-05-21,4,羽毛球馆-13号,19:30-20:30,1,1,已售/已满,教工羽毛球赛,多云,17,12,5,0.0,87,29
2026-05-21 08:05:36,2026-05-21,4,羽毛球馆-13号,19:30-20:30,1,1,已售/已满,教工羽毛球赛,多云,17,12,5,0.0,86,29
2026-05-21 08:08:31,2026-05-21,4,羽毛球馆-13号,19:30-20:30,1,1,已售/已满,教工羽毛球赛,多云,17,12,5,0.0,86,29
2026-05-21 08:11:30,2026-05-21,4,羽毛球馆-13号,19:30-20:30,1,1,已售/已满,教工羽毛球赛,多云,17,12,5,0.0,86,29
2026-05-21 08:14:31,2026-05-21,4,羽毛球馆-13号,19:30-20:30,1,1,已售/已满,教工羽毛球赛,多云,17,12,5,0.0,86,29
2026-05-21 08:17:30,2026-05-21,4,羽毛球馆-13号,19:30-20:30,1,1,已售/已满,教工羽毛球赛,多云,17,12,5,0.0,86,29
2026-05-21 08:20:35,2026-05-21,4,羽毛球馆-13号,19:30-20:30,1,1,已售/已满,教工羽毛球赛,多云,17,14,4,0.0,85,29
2026-05-21 08:25:32,2026-05-21,4,羽毛球馆-13号,19:30-20:30,1,1,已售/已满,教工羽毛球赛,多云,17,14,4,0.0,85,28
2026-05-21 08:30:42,2026-05-21,4,羽毛球馆-13号,19:30-20:30,1,1,已售/已满,教工羽毛球赛,多云,18,15,4,0.0,84,28
2026-05-21 08:35:31,2026-05-21,4,羽毛球馆-13号,19:30-20:30,1,1,已售/已满,教工羽毛球赛,多云,18,15,4,0.0,84,28
2026-05-21 08:40:38,2026-05-21,4,羽毛球馆-13号,19:30-20:30,1,1,已售/已满,教工羽毛球赛,多云,18,15,4,0.0,82,28
2026-05-21 08:45:33,2026-05-21,4,羽毛球馆-13号,19:30-20:30,1,1,已售/已满,教工羽毛球赛,多云,18,15,4,0.0,82,28
2026-05-21 08:50:36,2026-05-21,4,羽毛球馆-13号,19:30-20:30,1,1,已售/已满,教工羽毛球赛,多云,18,15,4,0.0,82,28
2026-05-21 08:55:34,2026-05-21,4,羽毛球馆-13号,19:30-20:30,1,1,已售/已满,教工羽毛球赛,多云,18,15,4,0.0,84,28
2026-05-21 09:00:51,2026-05-21,4,羽毛球馆-13号,19:30-20:30,1,1,已售/已满,教工羽毛球赛,多云,18,15,4,0.0,84,28
2026-05-21 09:01:59,2026-05-21,4,羽毛球馆-13号,19:30-20:30,1,1,已售/已满,教工羽毛球赛,多云,18,15,4,0.0,83,28
2026-05-21 09:05:33,2026-05-21,4,羽毛球馆-13号,19:30-20:30,1,1,已售/已满,教工羽毛球赛,多云,18,15,4,0.0,83,28
2026-05-21 09:20:38,2026-05-21,4,羽毛球馆-13号,19:30-20:30,1,1,已售/已满,教工羽毛球赛,多云,18,16,3,0.0,81,28
2026-05-21 09:30:46,2026-05-21,4,羽毛球馆-13号,19:30-20:30,1,1,已售/已满,教工羽毛球赛,多云,18,16,3,0.0,81,32
2026-05-21 09:40:36,2026-05-21,4,羽毛球馆-13号,19:30-20:30,1,1,已售/已满,教工羽毛球赛,多云,19,17,3,0.0,79,32
2026-05-21 09:50:42,2026-05-21,4,羽毛球馆-13号,19:30-20:30,1,1,已售/已满,教工羽毛球赛,多云,19,17,4,0.0,81,32
2026-05-21 10:00:46,2026-05-21,4,羽毛球馆-13号,19:30-20:30,1,1,已售/已满,教工羽毛球赛,多云,19,17,4,0.0,79,32
2026-05-21 10:10:40,2026-05-21,4,羽毛球馆-13号,19:30-20:30,1,1,已售/已满,教工羽毛球赛,多云,19,17,4,0.0,79,32
2026-05-21 10:20:38,2026-05-21,4,羽毛球馆-13号,19:30-20:30,1,1,已售/已满,教工羽毛球赛,多云,19,17,4,0.0,79,32
2026-05-21 10:30:41,2026-05-21,4,羽毛球馆-13号,19:30-20:30,1,1,已售/已满,教工羽毛球赛,多云,19,18,3,0.0,78,31
2026-05-21 11:00:44,2026-05-21,4,羽毛球馆-13号,19:30-20:30,1,1,已售/已满,教工羽毛球赛,多云,21,17,5,0.0,74,31
2026-05-21 11:30:38,2026-05-21,4,羽毛球馆-13号,19:30-20:30,1,1,已售/已满,教工羽毛球赛,多云,21,19,3,0.0,72,33
2026-05-21 12:00:46,2026-05-21,4,羽毛球馆-13号,19:30-20:30,1,1,已售/已满,教工羽毛球赛,多云,22,19,4,0.0,70,33
2026-05-21 12:30:42,2026-05-21,4,羽毛球馆-13号,19:30-20:30,1,1,已售/已满,教工羽毛球赛,多云,22,21,3,0.0,68,35
2026-05-21 13:00:43,2026-05-21,4,羽毛球馆-13号,19:30-20:30,1,1,已售/已满,教工羽毛球赛,多云,24,22,4,0.0,66,35
2026-05-21 13:30:43,2026-05-21,4,羽毛球馆-13号,19:30-20:30,1,1,已售/已满,教工羽毛球赛,多云,24,22,4,0.0,66,36
2026-05-21 14:00:48,2026-05-21,4,羽毛球馆-13号,19:30-20:30,1,1,已售/已满,教工羽毛球赛,多云,25,23,4,0.0,66,36
2026-05-21 14:30:45,2026-05-21,4,羽毛球馆-13号,19:30-20:30,1,1,已售/已满,教工羽毛球赛,晴,25,25,3,0.0,65,39
2026-05-21 15:00:45,2026-05-21,4,羽毛球馆-13号,19:30-20:30,1,1,已售/已满,教工羽毛球赛,晴,25,22,4,0.0,56,39
2026-05-21 15:30:43,2026-05-21,4,羽毛球馆-13号,19:30-20:30,1,1,已售/已满,教工羽毛球赛,晴,25,23,4,0.0,57,40
2026-05-21 16:00:51,2026-05-21,4,羽毛球馆-13号,19:30-20:30,1,1,已售/已满,教工羽毛球赛,晴,25,23,4,0.0,57,40
2026-05-21 16:30:48,2026-05-21,4,羽毛球馆-13号,19:30-20:30,1,1,已售/已满,教工羽毛球赛,晴,25,24,3,0.0,60,39
2026-05-21 17:00:49,2026-05-21,4,羽毛球馆-13号,19:30-20:30,1,1,已售/已满,教工羽毛球赛,晴,25,24,4,0.0,61,39
2026-05-21 17:30:47,2026-05-21,4,羽毛球馆-13号,19:30-20:30,1,1,已售/已满,教工羽毛球赛,多云,24,23,3,0.0,64,39
2026-05-21 18:00:50,2026-05-21,4,羽毛球馆-13号,19:30-20:30,1,1,已售/已满,教工羽毛球赛,多云,24,23,3,0.0,68,39
2026-05-21 18:30:50,2026-05-21,4,羽毛球馆-13号,19:30-20:30,1,1,已售/已满,教工羽毛球赛,阴,24,25,2,0.0,68,40
2026-05-21 19:00:50,2026-05-21,4,羽毛球馆-13号,19:30-20:30,1,1,已售/已满,教工羽毛球赛,阴,23,23,3,0.0,76,40
2026-05-21 19:30:46,2026-05-21,4,羽毛球馆-13号,19:30-20:30,1,1,已售/已满,教工羽毛球赛,阴,23,24,2,0.0,77,39
2026-05-21 20:00:49,2026-05-21,4,羽毛球馆-13号,19:30-20:30,1,1,已售/已满,教工羽毛球赛,雾,22,23,2,0.0,89,39
2026-05-21 20:30:44,2026-05-21,4,羽毛球馆-13号,19:30-20:30,1,1,已售/已满,教工羽毛球赛,雾,22,24,2,0.0,93,43
2026-05-21 21:00:56,2026-05-21,4,羽毛球馆-13号,19:30-20:30,1,1,已售/已满,教工羽毛球赛,雾,20,21,2,0.0,98,43
2026-05-21 21:30:46,2026-05-21,4,羽毛球馆-13号,19:30-20:30,1,1,已售/已满,教工羽毛球赛,雾,20,22,1,0.0,99,41
2026-05-21 22:01:02,2026-05-21,4,羽毛球馆-13号,19:30-20:30,1,1,已售/已满,教工羽毛球赛,雾,19,20,2,0.0,93,41
2026-05-21 22:30:47,2026-05-21,4,羽毛球馆-13号,19:30-20:30,1,1,已售/已满,教工羽毛球赛,雾,19,19,3,0.0,88,46
2026-05-21 23:00:56,2026-05-21,4,羽毛球馆-13号,19:30-20:30,1,1,已售/已满,教工羽毛球赛,多云,18,17,3,0.0,85,46
2026-05-21 23:30:55,2026-05-21,4,羽毛球馆-13号,19:30-20:30,1,1,已售/已满,教工羽毛球赛,多云,18,17,3,0.0,85,48
2026-05-21 00:30:49,2026-05-21,4,羽毛球馆-13号,20:30-21:30,1,1,已售/已满,教工羽毛球赛,多云,15,13,3,0.0,100,26
2026-05-21 01:00:55,2026-05-21,4,羽毛球馆-13号,20:30-21:30,1,1,已售/已满,教工羽毛球赛,多云,15,12,4,0.0,100,26
2026-05-21 01:30:47,2026-05-21,4,羽毛球馆-13号,20:30-21:30,1,1,已售/已满,教工羽毛球赛,多云,15,13,4,0.0,100,28
2026-05-21 02:00:53,2026-05-21,4,羽毛球馆-13号,20:30-21:30,1,1,已售/已满,教工羽毛球赛,多云,15,12,4,0.0,100,28
2026-05-21 02:30:49,2026-05-21,4,羽毛球馆-13号,20:30-21:30,1,1,已售/已满,教工羽毛球赛,多云,15,14,3,0.0,100,29
2026-05-21 03:00:55,2026-05-21,4,羽毛球馆-13号,20:30-21:30,1,1,已售/已满,教工羽毛球赛,多云,15,12,4,0.0,100,29
2026-05-21 03:30:49,2026-05-21,4,羽毛球馆-13号,20:30-21:30,1,1,已售/已满,教工羽毛球赛,多云,15,14,3,0.0,100,30
2026-05-21 04:30:45,2026-05-21,4,羽毛球馆-13号,20:30-21:30,1,1,已售/已满,教工羽毛球赛,多云,15,12,4,0.0,100,29
2026-05-21 05:00:52,2026-05-21,4,羽毛球馆-13号,20:30-21:30,1,1,已售/已满,教工羽毛球赛,多云,15,12,4,0.0,100,29
2026-05-21 05:30:49,2026-05-21,4,羽毛球馆-13号,20:30-21:30,1,1,已售/已满,教工羽毛球赛,多云,15,13,3,0.0,100,28
2026-05-21 06:00:50,2026-05-21,4,羽毛球馆-13号,20:30-21:30,1,1,已售/已满,教工羽毛球赛,多云,15,13,4,0.0,99,28
2026-05-21 06:30:38,2026-05-21,4,羽毛球馆-13号,20:30-21:30,1,1,已售/已满,教工羽毛球赛,多云,15,13,3,0.0,97,28
2026-05-21 07:00:43,2026-05-21,4,羽毛球馆-13号,20:30-21:30,1,1,已售/已满,教工羽毛球赛,晴,15,11,5,0.0,93,28
2026-05-21 07:30:39,2026-05-21,4,羽毛球馆-13号,20:30-21:30,1,1,已售/已满,教工羽毛球赛,晴,17,13,4,0.0,89,29
2026-05-21 07:50:40,2026-05-21,4,羽毛球馆-13号,20:30-21:30,1,1,已售/已满,教工羽毛球赛,晴,17,13,4,0.0,88,29
2026-05-21 07:53:31,2026-05-21,4,羽毛球馆-13号,20:30-21:30,1,1,已售/已满,教工羽毛球赛,晴,17,12,5,0.0,86,29
2026-05-21 07:56:31,2026-05-21,4,羽毛球馆-13号,20:30-21:30,1,1,已售/已满,教工羽毛球赛,晴,17,12,5,0.0,86,29
2026-05-21 07:59:26,2026-05-21,4,羽毛球馆-13号,20:30-21:30,1,1,已售/已满,教工羽毛球赛,晴,17,12,5,0.0,86,29
2026-05-21 08:00:45,2026-05-21,4,羽毛球馆-13号,20:30-21:30,1,1,已售/已满,教工羽毛球赛,晴,17,12,5,0.0,86,29
2026-05-21 08:02:30,2026-05-21,4,羽毛球馆-13号,20:30-21:30,1,1,已售/已满,教工羽毛球赛,多云,17,12,5,0.0,87,29
2026-05-21 08:05:36,2026-05-21,4,羽毛球馆-13号,20:30-21:30,1,1,已售/已满,教工羽毛球赛,多云,17,12,5,0.0,86,29
2026-05-21 08:08:31,2026-05-21,4,羽毛球馆-13号,20:30-21:30,1,1,已售/已满,教工羽毛球赛,多云,17,12,5,0.0,86,29
2026-05-21 08:11:30,2026-05-21,4,羽毛球馆-13号,20:30-21:30,1,1,已售/已满,教工羽毛球赛,多云,17,12,5,0.0,86,29
2026-05-21 08:14:31,2026-05-21,4,羽毛球馆-13号,20:30-21:30,1,1,已售/已满,教工羽毛球赛,多云,17,12,5,0.0,86,29
2026-05-21 08:17:30,2026-05-21,4,羽毛球馆-13号,20:30-21:30,1,1,已售/已满,教工羽毛球赛,多云,17,12,5,0.0,86,29
2026-05-21 08:20:35,2026-05-21,4,羽毛球馆-13号,20:30-21:30,1,1,已售/已满,教工羽毛球赛,多云,17,14,4,0.0,85,29
2026-05-21 08:25:32,2026-05-21,4,羽毛球馆-13号,20:30-21:30,1,1,已售/已满,教工羽毛球赛,多云,17,14,4,0.0,85,28
2026-05-21 08:30:42,2026-05-21,4,羽毛球馆-13号,20:30-21:30,1,1,已售/已满,教工羽毛球赛,多云,18,15,4,0.0,84,28
2026-05-21 08:35:31,2026-05-21,4,羽毛球馆-13号,20:30-21:30,1,1,已售/已满,教工羽毛球赛,多云,18,15,4,0.0,84,28
2026-05-21 08:40:38,2026-05-21,4,羽毛球馆-13号,20:30-21:30,1,1,已售/已满,教工羽毛球赛,多云,18,15,4,0.0,82,28
2026-05-21 08:45:33,2026-05-21,4,羽毛球馆-13号,20:30-21:30,1,1,已售/已满,教工羽毛球赛,多云,18,15,4,0.0,82,28
2026-05-21 08:50:36,2026-05-21,4,羽毛球馆-13号,20:30-21:30,1,1,已售/已满,教工羽毛球赛,多云,18,15,4,0.0,82,28
2026-05-21 08:55:34,2026-05-21,4,羽毛球馆-13号,20:30-21:30,1,1,已售/已满,教工羽毛球赛,多云,18,15,4,0.0,84,28
2026-05-21 09:00:51,2026-05-21,4,羽毛球馆-13号,20:30-21:30,1,1,已售/已满,教工羽毛球赛,多云,18,15,4,0.0,84,28
2026-05-21 09:01:59,2026-05-21,4,羽毛球馆-13号,20:30-21:30,1,1,已售/已满,教工羽毛球赛,多云,18,15,4,0.0,83,28
2026-05-21 09:05:33,2026-05-21,4,羽毛球馆-13号,20:30-21:30,1,1,已售/已满,教工羽毛球赛,多云,18,15,4,0.0,83,28
2026-05-21 09:20:38,2026-05-21,4,羽毛球馆-13号,20:30-21:30,1,1,已售/已满,教工羽毛球赛,多云,18,16,3,0.0,81,28
2026-05-21 09:30:46,2026-05-21,4,羽毛球馆-13号,20:30-21:30,1,1,已售/已满,教工羽毛球赛,多云,18,16,3,0.0,81,32
2026-05-21 09:40:36,2026-05-21,4,羽毛球馆-13号,20:30-21:30,1,1,已售/已满,教工羽毛球赛,多云,19,17,3,0.0,79,32
2026-05-21 09:50:42,2026-05-21,4,羽毛球馆-13号,20:30-21:30,1,1,已售/已满,教工羽毛球赛,多云,19,17,4,0.0,81,32
2026-05-21 10:00:46,2026-05-21,4,羽毛球馆-13号,20:30-21:30,1,1,已售/已满,教工羽毛球赛,多云,19,17,4,0.0,79,32
2026-05-21 10:10:40,2026-05-21,4,羽毛球馆-13号,20:30-21:30,1,1,已售/已满,教工羽毛球赛,多云,19,17,4,0.0,79,32
2026-05-21 10:20:38,2026-05-21,4,羽毛球馆-13号,20:30-21:30,1,1,已售/已满,教工羽毛球赛,多云,19,17,4,0.0,79,32
2026-05-21 10:30:41,2026-05-21,4,羽毛球馆-13号,20:30-21:30,1,1,已售/已满,教工羽毛球赛,多云,19,18,3,0.0,78,31
2026-05-21 11:00:44,2026-05-21,4,羽毛球馆-13号,20:30-21:30,1,1,已售/已满,教工羽毛球赛,多云,21,17,5,0.0,74,31
2026-05-21 11:30:38,2026-05-21,4,羽毛球馆-13号,20:30-21:30,1,1,已售/已满,教工羽毛球赛,多云,21,19,3,0.0,72,33
2026-05-21 12:00:46,2026-05-21,4,羽毛球馆-13号,20:30-21:30,1,1,已售/已满,教工羽毛球赛,多云,22,19,4,0.0,70,33
2026-05-21 12:30:42,2026-05-21,4,羽毛球馆-13号,20:30-21:30,1,1,已售/已满,教工羽毛球赛,多云,22,21,3,0.0,68,35
2026-05-21 13:00:43,2026-05-21,4,羽毛球馆-13号,20:30-21:30,1,1,已售/已满,教工羽毛球赛,多云,24,22,4,0.0,66,35
2026-05-21 13:30:43,2026-05-21,4,羽毛球馆-13号,20:30-21:30,1,1,已售/已满,教工羽毛球赛,多云,24,22,4,0.0,66,36
2026-05-21 14:00:48,2026-05-21,4,羽毛球馆-13号,20:30-21:30,1,1,已售/已满,教工羽毛球赛,多云,25,23,4,0.0,66,36
2026-05-21 14:30:45,2026-05-21,4,羽毛球馆-13号,20:30-21:30,1,1,已售/已满,教工羽毛球赛,晴,25,25,3,0.0,65,39
2026-05-21 15:00:45,2026-05-21,4,羽毛球馆-13号,20:30-21:30,1,1,已售/已满,教工羽毛球赛,晴,25,22,4,0.0,56,39
2026-05-21 15:30:43,2026-05-21,4,羽毛球馆-13号,20:30-21:30,1,1,已售/已满,教工羽毛球赛,晴,25,23,4,0.0,57,40
2026-05-21 16:00:51,2026-05-21,4,羽毛球馆-13号,20:30-21:30,1,1,已售/已满,教工羽毛球赛,晴,25,23,4,0.0,57,40
2026-05-21 16:30:48,2026-05-21,4,羽毛球馆-13号,20:30-21:30,1,1,已售/已满,教工羽毛球赛,晴,25,24,3,0.0,60,39
2026-05-21 17:00:49,2026-05-21,4,羽毛球馆-13号,20:30-21:30,1,1,已售/已满,教工羽毛球赛,晴,25,24,4,0.0,61,39
2026-05-21 17:30:47,2026-05-21,4,羽毛球馆-13号,20:30-21:30,1,1,已售/已满,教工羽毛球赛,多云,24,23,3,0.0,64,39
2026-05-21 18:00:50,2026-05-21,4,羽毛球馆-13号,20:30-21:30,1,1,已售/已满,教工羽毛球赛,多云,24,23,3,0.0,68,39
2026-05-21 18:30:50,2026-05-21,4,羽毛球馆-13号,20:30-21:30,1,1,已售/已满,教工羽毛球赛,阴,24,25,2,0.0,68,40
2026-05-21 19:00:50,2026-05-21,4,羽毛球馆-13号,20:30-21:30,1,1,已售/已满,教工羽毛球赛,阴,23,23,3,0.0,76,40
2026-05-21 19:30:46,2026-05-21,4,羽毛球馆-13号,20:30-21:30,1,1,已售/已满,教工羽毛球赛,阴,23,24,2,0.0,77,39
2026-05-21 20:00:49,2026-05-21,4,羽毛球馆-13号,20:30-21:30,1,1,已售/已满,教工羽毛球赛,雾,22,23,2,0.0,89,39
2026-05-21 20:30:44,2026-05-21,4,羽毛球馆-13号,20:30-21:30,1,1,已售/已满,教工羽毛球赛,雾,22,24,2,0.0,93,43
2026-05-21 21:00:56,2026-05-21,4,羽毛球馆-13号,20:30-21:30,1,1,已售/已满,教工羽毛球赛,雾,20,21,2,0.0,98,43
2026-05-21 21:30:46,2026-05-21,4,羽毛球馆-13号,20:30-21:30,1,1,已售/已满,教工羽毛球赛,雾,20,22,1,0.0,99,41
2026-05-21 22:01:02,2026-05-21,4,羽毛球馆-13号,20:30-21:30,1,1,已售/已满,教工羽毛球赛,雾,19,20,2,0.0,93,41
2026-05-21 22:30:47,2026-05-21,4,羽毛球馆-13号,20:30-21:30,1,1,已售/已满,教工羽毛球赛,雾,19,19,3,0.0,88,46
2026-05-21 23:00:56,2026-05-21,4,羽毛球馆-13号,20:30-21:30,1,1,已售/已满,教工羽毛球赛,多云,18,17,3,0.0,85,46
2026-05-21 23:30:55,2026-05-21,4,羽毛球馆-13号,20:30-21:30,1,1,已售/已满,教工羽毛球赛,多云,18,17,3,0.0,85,48
2026-05-21 00:30:49,2026-05-21,4,羽毛球馆-14号,07:00-08:00,0,1,可预约,￥0.0,多云,15,13,3,0.0,100,26
2026-05-21 01:00:55,2026-05-21,4,羽毛球馆-14号,07:00-08:00,0,1,可预约,￥0.0,多云,15,12,4,0.0,100,26
2026-05-21 01:30:47,2026-05-21,4,羽毛球馆-14号,07:00-08:00,0,1,可预约,￥0.0,多云,15,13,4,0.0,100,28
2026-05-21 02:00:53,2026-05-21,4,羽毛球馆-14号,07:00-08:00,0,1,可预约,￥0.0,多云,15,12,4,0.0,100,28
2026-05-21 02:30:49,2026-05-21,4,羽毛球馆-14号,07:00-08:00,0,1,可预约,￥0.0,多云,15,14,3,0.0,100,29
2026-05-21 03:00:55,2026-05-21,4,羽毛球馆-14号,07:00-08:00,0,1,可预约,￥0.0,多云,15,12,4,0.0,100,29
2026-05-21 03:30:49,2026-05-21,4,羽毛球馆-14号,07:00-08:00,0,1,可预约,￥0.0,多云,15,14,3,0.0,100,30
2026-05-21 04:30:45,2026-05-21,4,羽毛球馆-14号,07:00-08:00,0,1,可预约,￥0.0,多云,15,12,4,0.0,100,29
2026-05-21 05:00:52,2026-05-21,4,羽毛球馆-14号,07:00-08:00,0,1,可预约,￥0.0,多云,15,12,4,0.0,100,29
2026-05-21 05:30:49,2026-05-21,4,羽毛球馆-14号,07:00-08:00,0,1,可预约,￥0.0,多云,15,13,3,0.0,100,28
2026-05-21 06:00:50,2026-05-21,4,羽毛球馆-14号,07:00-08:00,0,1,可预约,￥0.0,多云,15,13,4,0.0,99,28
2026-05-21 06:30:38,2026-05-21,4,羽毛球馆-14号,07:00-08:00,0,1,可预约,￥0.0,多云,15,13,3,0.0,97,28
2026-05-21 07:00:43,2026-05-21,4,羽毛球馆-14号,07:00-08:00,0,1,可预约,￥0.0,晴,15,11,5,0.0,93,28
2026-05-21 07:30:39,2026-05-21,4,羽毛球馆-14号,07:00-08:00,0,1,可预约,￥0.0,晴,17,13,4,0.0,89,29
2026-05-21 07:50:40,2026-05-21,4,羽毛球馆-14号,07:00-08:00,0,1,可预约,￥0.0,晴,17,13,4,0.0,88,29
2026-05-21 07:53:31,2026-05-21,4,羽毛球馆-14号,07:00-08:00,0,1,可预约,￥0.0,晴,17,12,5,0.0,86,29
2026-05-21 07:56:31,2026-05-21,4,羽毛球馆-14号,07:00-08:00,0,1,可预约,￥0.0,晴,17,12,5,0.0,86,29
2026-05-21 07:59:26,2026-05-21,4,羽毛球馆-14号,07:00-08:00,0,1,可预约,￥0.0,晴,17,12,5,0.0,86,29
2026-05-21 08:00:45,2026-05-21,4,羽毛球馆-14号,07:00-08:00,0,1,不开放/已过期,,晴,17,12,5,0.0,86,29
2026-05-21 08:02:30,2026-05-21,4,羽毛球馆-14号,07:00-08:00,0,1,不开放/已过期,,多云,17,12,5,0.0,87,29
2026-05-21 08:05:36,2026-05-21,4,羽毛球馆-14号,07:00-08:00,0,1,不开放/已过期,,多云,17,12,5,0.0,86,29
2026-05-21 08:08:31,2026-05-21,4,羽毛球馆-14号,07:00-08:00,0,1,不开放/已过期,,多云,17,12,5,0.0,86,29
2026-05-21 08:11:30,2026-05-21,4,羽毛球馆-14号,07:00-08:00,0,1,不开放/已过期,,多云,17,12,5,0.0,86,29
2026-05-21 08:14:31,2026-05-21,4,羽毛球馆-14号,07:00-08:00,0,1,不开放/已过期,,多云,17,12,5,0.0,86,29
2026-05-21 08:17:30,2026-05-21,4,羽毛球馆-14号,07:00-08:00,0,1,不开放/已过期,,多云,17,12,5,0.0,86,29
2026-05-21 08:20:35,2026-05-21,4,羽毛球馆-14号,07:00-08:00,0,1,不开放/已过期,,多云,17,14,4,0.0,85,29
2026-05-21 08:25:32,2026-05-21,4,羽毛球馆-14号,07:00-08:00,0,1,不开放/已过期,,多云,17,14,4,0.0,85,28
2026-05-21 08:30:42,2026-05-21,4,羽毛球馆-14号,07:00-08:00,0,1,不开放/已过期,,多云,18,15,4,0.0,84,28
2026-05-21 08:35:31,2026-05-21,4,羽毛球馆-14号,07:00-08:00,0,1,不开放/已过期,,多云,18,15,4,0.0,84,28
2026-05-21 08:40:38,2026-05-21,4,羽毛球馆-14号,07:00-08:00,0,1,不开放/已过期,,多云,18,15,4,0.0,82,28
2026-05-21 08:45:33,2026-05-21,4,羽毛球馆-14号,07:00-08:00,0,1,不开放/已过期,,多云,18,15,4,0.0,82,28
2026-05-21 08:50:36,2026-05-21,4,羽毛球馆-14号,07:00-08:00,0,1,不开放/已过期,,多云,18,15,4,0.0,82,28
2026-05-21 08:55:34,2026-05-21,4,羽毛球馆-14号,07:00-08:00,0,1,不开放/已过期,,多云,18,15,4,0.0,84,28
2026-05-21 09:00:51,2026-05-21,4,羽毛球馆-14号,07:00-08:00,0,1,不开放/已过期,,多云,18,15,4,0.0,84,28
2026-05-21 09:01:59,2026-05-21,4,羽毛球馆-14号,07:00-08:00,0,1,不开放/已过期,,多云,18,15,4,0.0,83,28
2026-05-21 09:05:33,2026-05-21,4,羽毛球馆-14号,07:00-08:00,0,1,不开放/已过期,,多云,18,15,4,0.0,83,28
2026-05-21 09:20:38,2026-05-21,4,羽毛球馆-14号,07:00-08:00,0,1,不开放/已过期,,多云,18,16,3,0.0,81,28
2026-05-21 09:30:46,2026-05-21,4,羽毛球馆-14号,07:00-08:00,0,1,不开放/已过期,,多云,18,16,3,0.0,81,32
2026-05-21 09:40:36,2026-05-21,4,羽毛球馆-14号,07:00-08:00,0,1,不开放/已过期,,多云,19,17,3,0.0,79,32
2026-05-21 09:50:42,2026-05-21,4,羽毛球馆-14号,07:00-08:00,0,1,不开放/已过期,,多云,19,17,4,0.0,81,32
2026-05-21 10:00:46,2026-05-21,4,羽毛球馆-14号,07:00-08:00,0,1,不开放/已过期,,多云,19,17,4,0.0,79,32
2026-05-21 10:10:40,2026-05-21,4,羽毛球馆-14号,07:00-08:00,0,1,不开放/已过期,,多云,19,17,4,0.0,79,32
2026-05-21 10:20:38,2026-05-21,4,羽毛球馆-14号,07:00-08:00,0,1,不开放/已过期,,多云,19,17,4,0.0,79,32
2026-05-21 10:30:41,2026-05-21,4,羽毛球馆-14号,07:00-08:00,0,1,不开放/已过期,,多云,19,18,3,0.0,78,31
2026-05-21 11:00:44,2026-05-21,4,羽毛球馆-14号,07:00-08:00,0,1,不开放/已过期,,多云,21,17,5,0.0,74,31
2026-05-21 11:30:38,2026-05-21,4,羽毛球馆-14号,07:00-08:00,0,1,不开放/已过期,,多云,21,19,3,0.0,72,33
2026-05-21 12:00:46,2026-05-21,4,羽毛球馆-14号,07:00-08:00,0,1,不开放/已过期,,多云,22,19,4,0.0,70,33
2026-05-21 12:30:42,2026-05-21,4,羽毛球馆-14号,07:00-08:00,0,1,不开放/已过期,,多云,22,21,3,0.0,68,35
2026-05-21 13:00:43,2026-05-21,4,羽毛球馆-14号,07:00-08:00,0,1,不开放/已过期,,多云,24,22,4,0.0,66,35
2026-05-21 13:30:43,2026-05-21,4,羽毛球馆-14号,07:00-08:00,0,1,不开放/已过期,,多云,24,22,4,0.0,66,36
2026-05-21 14:00:48,2026-05-21,4,羽毛球馆-14号,07:00-08:00,0,1,不开放/已过期,,多云,25,23,4,0.0,66,36
2026-05-21 14:30:45,2026-05-21,4,羽毛球馆-14号,07:00-08:00,0,1,不开放/已过期,,晴,25,25,3,0.0,65,39
2026-05-21 15:00:45,2026-05-21,4,羽毛球馆-14号,07:00-08:00,0,1,不开放/已过期,,晴,25,22,4,0.0,56,39
2026-05-21 15:30:43,2026-05-21,4,羽毛球馆-14号,07:00-08:00,0,1,不开放/已过期,,晴,25,23,4,0.0,57,40
2026-05-21 16:00:51,2026-05-21,4,羽毛球馆-14号,07:00-08:00,0,1,不开放/已过期,,晴,25,23,4,0.0,57,40
2026-05-21 16:30:48,2026-05-21,4,羽毛球馆-14号,07:00-08:00,0,1,不开放/已过期,,晴,25,24,3,0.0,60,39
2026-05-21 17:00:49,2026-05-21,4,羽毛球馆-14号,07:00-08:00,0,1,不开放/已过期,,晴,25,24,4,0.0,61,39
2026-05-21 17:30:47,2026-05-21,4,羽毛球馆-14号,07:00-08:00,0,1,不开放/已过期,,多云,24,23,3,0.0,64,39
2026-05-21 18:00:50,2026-05-21,4,羽毛球馆-14号,07:00-08:00,0,1,不开放/已过期,,多云,24,23,3,0.0,68,39
2026-05-21 18:30:50,2026-05-21,4,羽毛球馆-14号,07:00-08:00,0,1,不开放/已过期,,阴,24,25,2,0.0,68,40
2026-05-21 19:00:50,2026-05-21,4,羽毛球馆-14号,07:00-08:00,0,1,不开放/已过期,,阴,23,23,3,0.0,76,40
2026-05-21 19:30:46,2026-05-21,4,羽毛球馆-14号,07:00-08:00,0,1,不开放/已过期,,阴,23,24,2,0.0,77,39
2026-05-21 20:00:49,2026-05-21,4,羽毛球馆-14号,07:00-08:00,0,1,不开放/已过期,,雾,22,23,2,0.0,89,39
2026-05-21 20:30:44,2026-05-21,4,羽毛球馆-14号,07:00-08:00,0,1,不开放/已过期,,雾,22,24,2,0.0,93,43
2026-05-21 21:00:56,2026-05-21,4,羽毛球馆-14号,07:00-08:00,0,1,不开放/已过期,,雾,20,21,2,0.0,98,43
2026-05-21 21:30:46,2026-05-21,4,羽毛球馆-14号,07:00-08:00,0,1,不开放/已过期,,雾,20,22,1,0.0,99,41
2026-05-21 22:01:02,2026-05-21,4,羽毛球馆-14号,07:00-08:00,0,1,不开放/已过期,,雾,19,20,2,0.0,93,41
2026-05-21 22:30:47,2026-05-21,4,羽毛球馆-14号,07:00-08:00,0,1,不开放/已过期,,雾,19,19,3,0.0,88,46
2026-05-21 23:00:56,2026-05-21,4,羽毛球馆-14号,07:00-08:00,0,1,不开放/已过期,,多云,18,17,3,0.0,85,46
2026-05-21 23:30:55,2026-05-21,4,羽毛球馆-14号,07:00-08:00,0,1,不开放/已过期,,多云,18,17,3,0.0,85,48
2026-05-21 00:30:49,2026-05-21,4,羽毛球馆-14号,08:00-09:00,0,1,可预约,￥0.0,多云,15,13,3,0.0,100,26
2026-05-21 01:00:55,2026-05-21,4,羽毛球馆-14号,08:00-09:00,0,1,可预约,￥0.0,多云,15,12,4,0.0,100,26
2026-05-21 01:30:47,2026-05-21,4,羽毛球馆-14号,08:00-09:00,0,1,可预约,￥0.0,多云,15,13,4,0.0,100,28
2026-05-21 02:00:53,2026-05-21,4,羽毛球馆-14号,08:00-09:00,0,1,可预约,￥0.0,多云,15,12,4,0.0,100,28
2026-05-21 02:30:49,2026-05-21,4,羽毛球馆-14号,08:00-09:00,0,1,可预约,￥0.0,多云,15,14,3,0.0,100,29
2026-05-21 03:00:55,2026-05-21,4,羽毛球馆-14号,08:00-09:00,0,1,可预约,￥0.0,多云,15,12,4,0.0,100,29
2026-05-21 03:30:49,2026-05-21,4,羽毛球馆-14号,08:00-09:00,0,1,可预约,￥0.0,多云,15,14,3,0.0,100,30
2026-05-21 04:30:45,2026-05-21,4,羽毛球馆-14号,08:00-09:00,0,1,可预约,￥0.0,多云,15,12,4,0.0,100,29
2026-05-21 05:00:52,2026-05-21,4,羽毛球馆-14号,08:00-09:00,0,1,可预约,￥0.0,多云,15,12,4,0.0,100,29
2026-05-21 05:30:49,2026-05-21,4,羽毛球馆-14号,08:00-09:00,0,1,可预约,￥0.0,多云,15,13,3,0.0,100,28
2026-05-21 06:00:50,2026-05-21,4,羽毛球馆-14号,08:00-09:00,0,1,可预约,￥0.0,多云,15,13,4,0.0,99,28
2026-05-21 06:30:38,2026-05-21,4,羽毛球馆-14号,08:00-09:00,0,1,可预约,￥0.0,多云,15,13,3,0.0,97,28
2026-05-21 07:00:43,2026-05-21,4,羽毛球馆-14号,08:00-09:00,0,1,可预约,￥0.0,晴,15,11,5,0.0,93,28
2026-05-21 07:30:39,2026-05-21,4,羽毛球馆-14号,08:00-09:00,0,1,可预约,￥0.0,晴,17,13,4,0.0,89,29
2026-05-21 07:50:40,2026-05-21,4,羽毛球馆-14号,08:00-09:00,0,1,可预约,￥0.0,晴,17,13,4,0.0,88,29
2026-05-21 07:53:31,2026-05-21,4,羽毛球馆-14号,08:00-09:00,0,1,可预约,￥0.0,晴,17,12,5,0.0,86,29
2026-05-21 07:56:31,2026-05-21,4,羽毛球馆-14号,08:00-09:00,0,1,可预约,￥0.0,晴,17,12,5,0.0,86,29
2026-05-21 07:59:26,2026-05-21,4,羽毛球馆-14号,08:00-09:00,0,1,可预约,￥0.0,晴,17,12,5,0.0,86,29
2026-05-21 08:00:45,2026-05-21,4,羽毛球馆-14号,08:00-09:00,0,1,可预约,￥0.0,晴,17,12,5,0.0,86,29
2026-05-21 08:02:30,2026-05-21,4,羽毛球馆-14号,08:00-09:00,0,1,可预约,￥0.0,多云,17,12,5,0.0,87,29
2026-05-21 08:05:36,2026-05-21,4,羽毛球馆-14号,08:00-09:00,0,1,可预约,￥0.0,多云,17,12,5,0.0,86,29
2026-05-21 08:08:31,2026-05-21,4,羽毛球馆-14号,08:00-09:00,0,1,可预约,￥0.0,多云,17,12,5,0.0,86,29
2026-05-21 08:11:30,2026-05-21,4,羽毛球馆-14号,08:00-09:00,0,1,可预约,￥0.0,多云,17,12,5,0.0,86,29
2026-05-21 08:14:31,2026-05-21,4,羽毛球馆-14号,08:00-09:00,0,1,可预约,￥0.0,多云,17,12,5,0.0,86,29
2026-05-21 08:17:30,2026-05-21,4,羽毛球馆-14号,08:00-09:00,0,1,可预约,￥0.0,多云,17,12,5,0.0,86,29
2026-05-21 08:20:35,2026-05-21,4,羽毛球馆-14号,08:00-09:00,0,1,可预约,￥0.0,多云,17,14,4,0.0,85,29
2026-05-21 08:25:32,2026-05-21,4,羽毛球馆-14号,08:00-09:00,0,1,可预约,￥0.0,多云,17,14,4,0.0,85,28
2026-05-21 08:30:42,2026-05-21,4,羽毛球馆-14号,08:00-09:00,0,1,可预约,￥0.0,多云,18,15,4,0.0,84,28
2026-05-21 08:35:31,2026-05-21,4,羽毛球馆-14号,08:00-09:00,0,1,可预约,￥0.0,多云,18,15,4,0.0,84,28
2026-05-21 08:40:38,2026-05-21,4,羽毛球馆-14号,08:00-09:00,0,1,可预约,￥0.0,多云,18,15,4,0.0,82,28
2026-05-21 08:45:33,2026-05-21,4,羽毛球馆-14号,08:00-09:00,0,1,可预约,￥0.0,多云,18,15,4,0.0,82,28
2026-05-21 08:50:36,2026-05-21,4,羽毛球馆-14号,08:00-09:00,0,1,可预约,￥0.0,多云,18,15,4,0.0,82,28
2026-05-21 08:55:34,2026-05-21,4,羽毛球馆-14号,08:00-09:00,0,1,可预约,￥0.0,多云,18,15,4,0.0,84,28
2026-05-21 09:00:51,2026-05-21,4,羽毛球馆-14号,08:00-09:00,0,1,不开放/已过期,,多云,18,15,4,0.0,84,28
2026-05-21 09:01:59,2026-05-21,4,羽毛球馆-14号,08:00-09:00,0,1,不开放/已过期,,多云,18,15,4,0.0,83,28
2026-05-21 09:05:33,2026-05-21,4,羽毛球馆-14号,08:00-09:00,0,1,不开放/已过期,,多云,18,15,4,0.0,83,28
2026-05-21 09:20:38,2026-05-21,4,羽毛球馆-14号,08:00-09:00,0,1,不开放/已过期,,多云,18,16,3,0.0,81,28
2026-05-21 09:30:46,2026-05-21,4,羽毛球馆-14号,08:00-09:00,0,1,不开放/已过期,,多云,18,16,3,0.0,81,32
2026-05-21 09:40:36,2026-05-21,4,羽毛球馆-14号,08:00-09:00,0,1,不开放/已过期,,多云,19,17,3,0.0,79,32
2026-05-21 09:50:42,2026-05-21,4,羽毛球馆-14号,08:00-09:00,0,1,不开放/已过期,,多云,19,17,4,0.0,81,32
2026-05-21 10:00:46,2026-05-21,4,羽毛球馆-14号,08:00-09:00,0,1,不开放/已过期,,多云,19,17,4,0.0,79,32
2026-05-21 10:10:40,2026-05-21,4,羽毛球馆-14号,08:00-09:00,0,1,不开放/已过期,,多云,19,17,4,0.0,79,32
2026-05-21 10:20:38,2026-05-21,4,羽毛球馆-14号,08:00-09:00,0,1,不开放/已过期,,多云,19,17,4,0.0,79,32
2026-05-21 10:30:41,2026-05-21,4,羽毛球馆-14号,08:00-09:00,0,1,不开放/已过期,,多云,19,18,3,0.0,78,31
2026-05-21 11:00:44,2026-05-21,4,羽毛球馆-14号,08:00-09:00,0,1,不开放/已过期,,多云,21,17,5,0.0,74,31
2026-05-21 11:30:38,2026-05-21,4,羽毛球馆-14号,08:00-09:00,0,1,不开放/已过期,,多云,21,19,3,0.0,72,33
2026-05-21 12:00:46,2026-05-21,4,羽毛球馆-14号,08:00-09:00,0,1,不开放/已过期,,多云,22,19,4,0.0,70,33
2026-05-21 12:30:42,2026-05-21,4,羽毛球馆-14号,08:00-09:00,0,1,不开放/已过期,,多云,22,21,3,0.0,68,35
2026-05-21 13:00:43,2026-05-21,4,羽毛球馆-14号,08:00-09:00,0,1,不开放/已过期,,多云,24,22,4,0.0,66,35
2026-05-21 13:30:43,2026-05-21,4,羽毛球馆-14号,08:00-09:00,0,1,不开放/已过期,,多云,24,22,4,0.0,66,36
2026-05-21 14:00:48,2026-05-21,4,羽毛球馆-14号,08:00-09:00,0,1,不开放/已过期,,多云,25,23,4,0.0,66,36
2026-05-21 14:30:45,2026-05-21,4,羽毛球馆-14号,08:00-09:00,0,1,不开放/已过期,,晴,25,25,3,0.0,65,39
2026-05-21 15:00:45,2026-05-21,4,羽毛球馆-14号,08:00-09:00,0,1,不开放/已过期,,晴,25,22,4,0.0,56,39
2026-05-21 15:30:43,2026-05-21,4,羽毛球馆-14号,08:00-09:00,0,1,不开放/已过期,,晴,25,23,4,0.0,57,40
2026-05-21 16:00:51,2026-05-21,4,羽毛球馆-14号,08:00-09:00,0,1,不开放/已过期,,晴,25,23,4,0.0,57,40
2026-05-21 16:30:48,2026-05-21,4,羽毛球馆-14号,08:00-09:00,0,1,不开放/已过期,,晴,25,24,3,0.0,60,39
2026-05-21 17:00:49,2026-05-21,4,羽毛球馆-14号,08:00-09:00,0,1,不开放/已过期,,晴,25,24,4,0.0,61,39
2026-05-21 17:30:47,2026-05-21,4,羽毛球馆-14号,08:00-09:00,0,1,不开放/已过期,,多云,24,23,3,0.0,64,39
2026-05-21 18:00:50,2026-05-21,4,羽毛球馆-14号,08:00-09:00,0,1,不开放/已过期,,多云,24,23,3,0.0,68,39
2026-05-21 18:30:50,2026-05-21,4,羽毛球馆-14号,08:00-09:00,0,1,不开放/已过期,,阴,24,25,2,0.0,68,40
2026-05-21 19:00:50,2026-05-21,4,羽毛球馆-14号,08:00-09:00,0,1,不开放/已过期,,阴,23,23,3,0.0,76,40
2026-05-21 19:30:46,2026-05-21,4,羽毛球馆-14号,08:00-09:00,0,1,不开放/已过期,,阴,23,24,2,0.0,77,39
2026-05-21 20:00:49,2026-05-21,4,羽毛球馆-14号,08:00-09:00,0,1,不开放/已过期,,雾,22,23,2,0.0,89,39
2026-05-21 20:30:44,2026-05-21,4,羽毛球馆-14号,08:00-09:00,0,1,不开放/已过期,,雾,22,24,2,0.0,93,43
2026-05-21 21:00:56,2026-05-21,4,羽毛球馆-14号,08:00-09:00,0,1,不开放/已过期,,雾,20,21,2,0.0,98,43
2026-05-21 21:30:46,2026-05-21,4,羽毛球馆-14号,08:00-09:00,0,1,不开放/已过期,,雾,20,22,1,0.0,99,41
2026-05-21 22:01:02,2026-05-21,4,羽毛球馆-14号,08:00-09:00,0,1,不开放/已过期,,雾,19,20,2,0.0,93,41
2026-05-21 22:30:47,2026-05-21,4,羽毛球馆-14号,08:00-09:00,0,1,不开放/已过期,,雾,19,19,3,0.0,88,46
2026-05-21 23:00:56,2026-05-21,4,羽毛球馆-14号,08:00-09:00,0,1,不开放/已过期,,多云,18,17,3,0.0,85,46
2026-05-21 23:30:55,2026-05-21,4,羽毛球馆-14号,08:00-09:00,0,1,不开放/已过期,,多云,18,17,3,0.0,85,48
2026-05-21 00:30:49,2026-05-21,4,羽毛球馆-14号,09:00-10:00,0,1,可预约,￥12.0,多云,15,13,3,0.0,100,26
2026-05-21 01:00:55,2026-05-21,4,羽毛球馆-14号,09:00-10:00,0,1,可预约,￥12.0,多云,15,12,4,0.0,100,26
2026-05-21 01:30:47,2026-05-21,4,羽毛球馆-14号,09:00-10:00,0,1,可预约,￥12.0,多云,15,13,4,0.0,100,28
2026-05-21 02:00:53,2026-05-21,4,羽毛球馆-14号,09:00-10:00,0,1,可预约,￥12.0,多云,15,12,4,0.0,100,28
2026-05-21 02:30:49,2026-05-21,4,羽毛球馆-14号,09:00-10:00,0,1,可预约,￥12.0,多云,15,14,3,0.0,100,29
2026-05-21 03:00:55,2026-05-21,4,羽毛球馆-14号,09:00-10:00,0,1,可预约,￥12.0,多云,15,12,4,0.0,100,29
2026-05-21 03:30:49,2026-05-21,4,羽毛球馆-14号,09:00-10:00,0,1,可预约,￥12.0,多云,15,14,3,0.0,100,30
2026-05-21 04:30:45,2026-05-21,4,羽毛球馆-14号,09:00-10:00,0,1,可预约,￥12.0,多云,15,12,4,0.0,100,29
2026-05-21 05:00:52,2026-05-21,4,羽毛球馆-14号,09:00-10:00,0,1,可预约,￥12.0,多云,15,12,4,0.0,100,29
2026-05-21 05:30:49,2026-05-21,4,羽毛球馆-14号,09:00-10:00,0,1,可预约,￥12.0,多云,15,13,3,0.0,100,28
2026-05-21 06:00:50,2026-05-21,4,羽毛球馆-14号,09:00-10:00,0,1,可预约,￥12.0,多云,15,13,4,0.0,99,28
2026-05-21 06:30:38,2026-05-21,4,羽毛球馆-14号,09:00-10:00,0,1,可预约,￥12.0,多云,15,13,3,0.0,97,28
2026-05-21 07:00:43,2026-05-21,4,羽毛球馆-14号,09:00-10:00,0,1,可预约,￥12.0,晴,15,11,5,0.0,93,28
2026-05-21 07:30:39,2026-05-21,4,羽毛球馆-14号,09:00-10:00,0,1,可预约,￥12.0,晴,17,13,4,0.0,89,29
2026-05-21 07:50:40,2026-05-21,4,羽毛球馆-14号,09:00-10:00,0,1,可预约,￥12.0,晴,17,13,4,0.0,88,29
2026-05-21 07:53:31,2026-05-21,4,羽毛球馆-14号,09:00-10:00,0,1,可预约,￥12.0,晴,17,12,5,0.0,86,29
2026-05-21 07:56:31,2026-05-21,4,羽毛球馆-14号,09:00-10:00,0,1,可预约,￥12.0,晴,17,12,5,0.0,86,29
2026-05-21 07:59:26,2026-05-21,4,羽毛球馆-14号,09:00-10:00,0,1,可预约,￥12.0,晴,17,12,5,0.0,86,29
2026-05-21 08:00:45,2026-05-21,4,羽毛球馆-14号,09:00-10:00,0,1,可预约,￥12.0,晴,17,12,5,0.0,86,29
2026-05-21 08:02:30,2026-05-21,4,羽毛球馆-14号,09:00-10:00,0,1,可预约,￥12.0,多云,17,12,5,0.0,87,29
2026-05-21 08:05:36,2026-05-21,4,羽毛球馆-14号,09:00-10:00,0,1,可预约,￥12.0,多云,17,12,5,0.0,86,29
2026-05-21 08:08:31,2026-05-21,4,羽毛球馆-14号,09:00-10:00,0,1,可预约,￥12.0,多云,17,12,5,0.0,86,29
2026-05-21 08:11:30,2026-05-21,4,羽毛球馆-14号,09:00-10:00,0,1,可预约,￥12.0,多云,17,12,5,0.0,86,29
2026-05-21 08:14:31,2026-05-21,4,羽毛球馆-14号,09:00-10:00,0,1,可预约,￥12.0,多云,17,12,5,0.0,86,29
2026-05-21 08:17:30,2026-05-21,4,羽毛球馆-14号,09:00-10:00,0,1,可预约,￥12.0,多云,17,12,5,0.0,86,29
2026-05-21 08:20:35,2026-05-21,4,羽毛球馆-14号,09:00-10:00,0,1,可预约,￥12.0,多云,17,14,4,0.0,85,29
2026-05-21 08:25:32,2026-05-21,4,羽毛球馆-14号,09:00-10:00,0,1,可预约,￥12.0,多云,17,14,4,0.0,85,28
2026-05-21 08:30:42,2026-05-21,4,羽毛球馆-14号,09:00-10:00,0,1,可预约,￥12.0,多云,18,15,4,0.0,84,28
2026-05-21 08:35:31,2026-05-21,4,羽毛球馆-14号,09:00-10:00,0,1,可预约,￥12.0,多云,18,15,4,0.0,84,28
2026-05-21 08:40:38,2026-05-21,4,羽毛球馆-14号,09:00-10:00,0,1,可预约,￥12.0,多云,18,15,4,0.0,82,28
2026-05-21 08:45:33,2026-05-21,4,羽毛球馆-14号,09:00-10:00,0,1,可预约,￥12.0,多云,18,15,4,0.0,82,28
2026-05-21 08:50:36,2026-05-21,4,羽毛球馆-14号,09:00-10:00,0,1,可预约,￥12.0,多云,18,15,4,0.0,82,28
2026-05-21 08:55:34,2026-05-21,4,羽毛球馆-14号,09:00-10:00,0,1,可预约,￥12.0,多云,18,15,4,0.0,84,28
2026-05-21 09:00:51,2026-05-21,4,羽毛球馆-14号,09:00-10:00,0,1,可预约,￥12.0,多云,18,15,4,0.0,84,28
2026-05-21 09:01:59,2026-05-21,4,羽毛球馆-14号,09:00-10:00,0,1,可预约,￥12.0,多云,18,15,4,0.0,83,28
2026-05-21 09:05:33,2026-05-21,4,羽毛球馆-14号,09:00-10:00,0,1,可预约,￥12.0,多云,18,15,4,0.0,83,28
2026-05-21 09:20:38,2026-05-21,4,羽毛球馆-14号,09:00-10:00,0,1,可预约,￥12.0,多云,18,16,3,0.0,81,28
2026-05-21 09:30:46,2026-05-21,4,羽毛球馆-14号,09:00-10:00,0,1,可预约,￥12.0,多云,18,16,3,0.0,81,32
2026-05-21 09:40:36,2026-05-21,4,羽毛球馆-14号,09:00-10:00,0,1,可预约,￥12.0,多云,19,17,3,0.0,79,32
2026-05-21 09:50:42,2026-05-21,4,羽毛球馆-14号,09:00-10:00,0,1,可预约,￥12.0,多云,19,17,4,0.0,81,32
2026-05-21 10:00:46,2026-05-21,4,羽毛球馆-14号,09:00-10:00,0,1,不开放/已过期,,多云,19,17,4,0.0,79,32
2026-05-21 10:10:40,2026-05-21,4,羽毛球馆-14号,09:00-10:00,0,1,不开放/已过期,,多云,19,17,4,0.0,79,32
2026-05-21 10:20:38,2026-05-21,4,羽毛球馆-14号,09:00-10:00,0,1,不开放/已过期,,多云,19,17,4,0.0,79,32
2026-05-21 10:30:41,2026-05-21,4,羽毛球馆-14号,09:00-10:00,0,1,不开放/已过期,,多云,19,18,3,0.0,78,31
2026-05-21 11:00:44,2026-05-21,4,羽毛球馆-14号,09:00-10:00,0,1,不开放/已过期,,多云,21,17,5,0.0,74,31
2026-05-21 11:30:38,2026-05-21,4,羽毛球馆-14号,09:00-10:00,0,1,不开放/已过期,,多云,21,19,3,0.0,72,33
2026-05-21 12:00:46,2026-05-21,4,羽毛球馆-14号,09:00-10:00,0,1,不开放/已过期,,多云,22,19,4,0.0,70,33
2026-05-21 12:30:42,2026-05-21,4,羽毛球馆-14号,09:00-10:00,0,1,不开放/已过期,,多云,22,21,3,0.0,68,35
2026-05-21 13:00:43,2026-05-21,4,羽毛球馆-14号,09:00-10:00,0,1,不开放/已过期,,多云,24,22,4,0.0,66,35
2026-05-21 13:30:43,2026-05-21,4,羽毛球馆-14号,09:00-10:00,0,1,不开放/已过期,,多云,24,22,4,0.0,66,36
2026-05-21 14:00:48,2026-05-21,4,羽毛球馆-14号,09:00-10:00,0,1,不开放/已过期,,多云,25,23,4,0.0,66,36
2026-05-21 14:30:45,2026-05-21,4,羽毛球馆-14号,09:00-10:00,0,1,不开放/已过期,,晴,25,25,3,0.0,65,39
2026-05-21 15:00:45,2026-05-21,4,羽毛球馆-14号,09:00-10:00,0,1,不开放/已过期,,晴,25,22,4,0.0,56,39
2026-05-21 15:30:43,2026-05-21,4,羽毛球馆-14号,09:00-10:00,0,1,不开放/已过期,,晴,25,23,4,0.0,57,40
2026-05-21 16:00:51,2026-05-21,4,羽毛球馆-14号,09:00-10:00,0,1,不开放/已过期,,晴,25,23,4,0.0,57,40
2026-05-21 16:30:48,2026-05-21,4,羽毛球馆-14号,09:00-10:00,0,1,不开放/已过期,,晴,25,24,3,0.0,60,39
2026-05-21 17:00:49,2026-05-21,4,羽毛球馆-14号,09:00-10:00,0,1,不开放/已过期,,晴,25,24,4,0.0,61,39
2026-05-21 17:30:47,2026-05-21,4,羽毛球馆-14号,09:00-10:00,0,1,不开放/已过期,,多云,24,23,3,0.0,64,39
2026-05-21 18:00:50,2026-05-21,4,羽毛球馆-14号,09:00-10:00,0,1,不开放/已过期,,多云,24,23,3,0.0,68,39
2026-05-21 18:30:50,2026-05-21,4,羽毛球馆-14号,09:00-10:00,0,1,不开放/已过期,,阴,24,25,2,0.0,68,40
2026-05-21 19:00:50,2026-05-21,4,羽毛球馆-14号,09:00-10:00,0,1,不开放/已过期,,阴,23,23,3,0.0,76,40
2026-05-21 19:30:46,2026-05-21,4,羽毛球馆-14号,09:00-10:00,0,1,不开放/已过期,,阴,23,24,2,0.0,77,39
2026-05-21 20:00:49,2026-05-21,4,羽毛球馆-14号,09:00-10:00,0,1,不开放/已过期,,雾,22,23,2,0.0,89,39
2026-05-21 20:30:44,2026-05-21,4,羽毛球馆-14号,09:00-10:00,0,1,不开放/已过期,,雾,22,24,2,0.0,93,43
2026-05-21 21:00:56,2026-05-21,4,羽毛球馆-14号,09:00-10:00,0,1,不开放/已过期,,雾,20,21,2,0.0,98,43
2026-05-21 21:30:46,2026-05-21,4,羽毛球馆-14号,09:00-10:00,0,1,不开放/已过期,,雾,20,22,1,0.0,99,41
2026-05-21 22:01:02,2026-05-21,4,羽毛球馆-14号,09:00-10:00,0,1,不开放/已过期,,雾,19,20,2,0.0,93,41
2026-05-21 22:30:47,2026-05-21,4,羽毛球馆-14号,09:00-10:00,0,1,不开放/已过期,,雾,19,19,3,0.0,88,46
2026-05-21 23:00:56,2026-05-21,4,羽毛球馆-14号,09:00-10:00,0,1,不开放/已过期,,多云,18,17,3,0.0,85,46
2026-05-21 23:30:55,2026-05-21,4,羽毛球馆-14号,09:00-10:00,0,1,不开放/已过期,,多云,18,17,3,0.0,85,48
2026-05-21 00:30:49,2026-05-21,4,羽毛球馆-14号,10:00-11:00,1,1,已售/已满,教学时间,多云,15,13,3,0.0,100,26
2026-05-21 01:00:55,2026-05-21,4,羽毛球馆-14号,10:00-11:00,1,1,已售/已满,教学时间,多云,15,12,4,0.0,100,26
2026-05-21 01:30:47,2026-05-21,4,羽毛球馆-14号,10:00-11:00,1,1,已售/已满,教学时间,多云,15,13,4,0.0,100,28
2026-05-21 02:00:53,2026-05-21,4,羽毛球馆-14号,10:00-11:00,1,1,已售/已满,教学时间,多云,15,12,4,0.0,100,28
2026-05-21 02:30:49,2026-05-21,4,羽毛球馆-14号,10:00-11:00,1,1,已售/已满,教学时间,多云,15,14,3,0.0,100,29
2026-05-21 03:00:55,2026-05-21,4,羽毛球馆-14号,10:00-11:00,1,1,已售/已满,教学时间,多云,15,12,4,0.0,100,29
2026-05-21 03:30:49,2026-05-21,4,羽毛球馆-14号,10:00-11:00,1,1,已售/已满,教学时间,多云,15,14,3,0.0,100,30
2026-05-21 04:30:45,2026-05-21,4,羽毛球馆-14号,10:00-11:00,1,1,已售/已满,教学时间,多云,15,12,4,0.0,100,29
2026-05-21 05:00:52,2026-05-21,4,羽毛球馆-14号,10:00-11:00,1,1,已售/已满,教学时间,多云,15,12,4,0.0,100,29
2026-05-21 05:30:49,2026-05-21,4,羽毛球馆-14号,10:00-11:00,1,1,已售/已满,教学时间,多云,15,13,3,0.0,100,28
2026-05-21 06:00:50,2026-05-21,4,羽毛球馆-14号,10:00-11:00,1,1,已售/已满,教学时间,多云,15,13,4,0.0,99,28
2026-05-21 06:30:38,2026-05-21,4,羽毛球馆-14号,10:00-11:00,1,1,已售/已满,教学时间,多云,15,13,3,0.0,97,28
2026-05-21 07:00:43,2026-05-21,4,羽毛球馆-14号,10:00-11:00,1,1,已售/已满,教学时间,晴,15,11,5,0.0,93,28
2026-05-21 07:30:39,2026-05-21,4,羽毛球馆-14号,10:00-11:00,1,1,已售/已满,教学时间,晴,17,13,4,0.0,89,29
2026-05-21 07:50:40,2026-05-21,4,羽毛球馆-14号,10:00-11:00,1,1,已售/已满,教学时间,晴,17,13,4,0.0,88,29
2026-05-21 07:53:31,2026-05-21,4,羽毛球馆-14号,10:00-11:00,1,1,已售/已满,教学时间,晴,17,12,5,0.0,86,29
2026-05-21 07:56:31,2026-05-21,4,羽毛球馆-14号,10:00-11:00,1,1,已售/已满,教学时间,晴,17,12,5,0.0,86,29
2026-05-21 07:59:26,2026-05-21,4,羽毛球馆-14号,10:00-11:00,1,1,已售/已满,教学时间,晴,17,12,5,0.0,86,29
2026-05-21 08:00:45,2026-05-21,4,羽毛球馆-14号,10:00-11:00,1,1,已售/已满,教学时间,晴,17,12,5,0.0,86,29
2026-05-21 08:02:30,2026-05-21,4,羽毛球馆-14号,10:00-11:00,1,1,已售/已满,教学时间,多云,17,12,5,0.0,87,29
2026-05-21 08:05:36,2026-05-21,4,羽毛球馆-14号,10:00-11:00,1,1,已售/已满,教学时间,多云,17,12,5,0.0,86,29
2026-05-21 08:08:31,2026-05-21,4,羽毛球馆-14号,10:00-11:00,1,1,已售/已满,教学时间,多云,17,12,5,0.0,86,29
2026-05-21 08:11:30,2026-05-21,4,羽毛球馆-14号,10:00-11:00,1,1,已售/已满,教学时间,多云,17,12,5,0.0,86,29
2026-05-21 08:14:31,2026-05-21,4,羽毛球馆-14号,10:00-11:00,1,1,已售/已满,教学时间,多云,17,12,5,0.0,86,29
2026-05-21 08:17:30,2026-05-21,4,羽毛球馆-14号,10:00-11:00,1,1,已售/已满,教学时间,多云,17,12,5,0.0,86,29
2026-05-21 08:20:35,2026-05-21,4,羽毛球馆-14号,10:00-11:00,1,1,已售/已满,教学时间,多云,17,14,4,0.0,85,29
2026-05-21 08:25:32,2026-05-21,4,羽毛球馆-14号,10:00-11:00,1,1,已售/已满,教学时间,多云,17,14,4,0.0,85,28
2026-05-21 08:30:42,2026-05-21,4,羽毛球馆-14号,10:00-11:00,1,1,已售/已满,教学时间,多云,18,15,4,0.0,84,28
2026-05-21 08:35:31,2026-05-21,4,羽毛球馆-14号,10:00-11:00,1,1,已售/已满,教学时间,多云,18,15,4,0.0,84,28
2026-05-21 08:40:38,2026-05-21,4,羽毛球馆-14号,10:00-11:00,1,1,已售/已满,教学时间,多云,18,15,4,0.0,82,28
2026-05-21 08:45:33,2026-05-21,4,羽毛球馆-14号,10:00-11:00,1,1,已售/已满,教学时间,多云,18,15,4,0.0,82,28
2026-05-21 08:50:36,2026-05-21,4,羽毛球馆-14号,10:00-11:00,1,1,已售/已满,教学时间,多云,18,15,4,0.0,82,28
2026-05-21 08:55:34,2026-05-21,4,羽毛球馆-14号,10:00-11:00,1,1,已售/已满,教学时间,多云,18,15,4,0.0,84,28
2026-05-21 09:00:51,2026-05-21,4,羽毛球馆-14号,10:00-11:00,1,1,已售/已满,教学时间,多云,18,15,4,0.0,84,28
2026-05-21 09:01:59,2026-05-21,4,羽毛球馆-14号,10:00-11:00,1,1,已售/已满,教学时间,多云,18,15,4,0.0,83,28
2026-05-21 09:05:33,2026-05-21,4,羽毛球馆-14号,10:00-11:00,1,1,已售/已满,教学时间,多云,18,15,4,0.0,83,28
2026-05-21 09:20:38,2026-05-21,4,羽毛球馆-14号,10:00-11:00,1,1,已售/已满,教学时间,多云,18,16,3,0.0,81,28
2026-05-21 09:30:46,2026-05-21,4,羽毛球馆-14号,10:00-11:00,1,1,已售/已满,教学时间,多云,18,16,3,0.0,81,32
2026-05-21 09:40:36,2026-05-21,4,羽毛球馆-14号,10:00-11:00,1,1,已售/已满,教学时间,多云,19,17,3,0.0,79,32
2026-05-21 09:50:42,2026-05-21,4,羽毛球馆-14号,10:00-11:00,1,1,已售/已满,教学时间,多云,19,17,4,0.0,81,32
2026-05-21 10:00:46,2026-05-21,4,羽毛球馆-14号,10:00-11:00,1,1,已售/已满,教学时间,多云,19,17,4,0.0,79,32
2026-05-21 10:10:40,2026-05-21,4,羽毛球馆-14号,10:00-11:00,1,1,已售/已满,教学时间,多云,19,17,4,0.0,79,32
2026-05-21 10:20:38,2026-05-21,4,羽毛球馆-14号,10:00-11:00,1,1,已售/已满,教学时间,多云,19,17,4,0.0,79,32
2026-05-21 10:30:41,2026-05-21,4,羽毛球馆-14号,10:00-11:00,1,1,已售/已满,教学时间,多云,19,18,3,0.0,78,31
2026-05-21 11:00:44,2026-05-21,4,羽毛球馆-14号,10:00-11:00,1,1,已售/已满,教学时间,多云,21,17,5,0.0,74,31
2026-05-21 11:30:38,2026-05-21,4,羽毛球馆-14号,10:00-11:00,1,1,已售/已满,教学时间,多云,21,19,3,0.0,72,33
2026-05-21 12:00:46,2026-05-21,4,羽毛球馆-14号,10:00-11:00,1,1,已售/已满,教学时间,多云,22,19,4,0.0,70,33
2026-05-21 12:30:42,2026-05-21,4,羽毛球馆-14号,10:00-11:00,1,1,已售/已满,教学时间,多云,22,21,3,0.0,68,35
2026-05-21 13:00:43,2026-05-21,4,羽毛球馆-14号,10:00-11:00,1,1,已售/已满,教学时间,多云,24,22,4,0.0,66,35
2026-05-21 13:30:43,2026-05-21,4,羽毛球馆-14号,10:00-11:00,1,1,已售/已满,教学时间,多云,24,22,4,0.0,66,36
2026-05-21 14:00:48,2026-05-21,4,羽毛球馆-14号,10:00-11:00,1,1,已售/已满,教学时间,多云,25,23,4,0.0,66,36
2026-05-21 14:30:45,2026-05-21,4,羽毛球馆-14号,10:00-11:00,1,1,已售/已满,教学时间,晴,25,25,3,0.0,65,39
2026-05-21 15:00:45,2026-05-21,4,羽毛球馆-14号,10:00-11:00,1,1,已售/已满,教学时间,晴,25,22,4,0.0,56,39
2026-05-21 15:30:43,2026-05-21,4,羽毛球馆-14号,10:00-11:00,1,1,已售/已满,教学时间,晴,25,23,4,0.0,57,40
2026-05-21 16:00:51,2026-05-21,4,羽毛球馆-14号,10:00-11:00,1,1,已售/已满,教学时间,晴,25,23,4,0.0,57,40
2026-05-21 16:30:48,2026-05-21,4,羽毛球馆-14号,10:00-11:00,1,1,已售/已满,教学时间,晴,25,24,3,0.0,60,39
2026-05-21 17:00:49,2026-05-21,4,羽毛球馆-14号,10:00-11:00,1,1,已售/已满,教学时间,晴,25,24,4,0.0,61,39
2026-05-21 17:30:47,2026-05-21,4,羽毛球馆-14号,10:00-11:00,1,1,已售/已满,教学时间,多云,24,23,3,0.0,64,39
2026-05-21 18:00:50,2026-05-21,4,羽毛球馆-14号,10:00-11:00,1,1,已售/已满,教学时间,多云,24,23,3,0.0,68,39
2026-05-21 18:30:50,2026-05-21,4,羽毛球馆-14号,10:00-11:00,1,1,已售/已满,教学时间,阴,24,25,2,0.0,68,40
2026-05-21 19:00:50,2026-05-21,4,羽毛球馆-14号,10:00-11:00,1,1,已售/已满,教学时间,阴,23,23,3,0.0,76,40
2026-05-21 19:30:46,2026-05-21,4,羽毛球馆-14号,10:00-11:00,1,1,已售/已满,教学时间,阴,23,24,2,0.0,77,39
2026-05-21 20:00:49,2026-05-21,4,羽毛球馆-14号,10:00-11:00,1,1,已售/已满,教学时间,雾,22,23,2,0.0,89,39
2026-05-21 20:30:44,2026-05-21,4,羽毛球馆-14号,10:00-11:00,1,1,已售/已满,教学时间,雾,22,24,2,0.0,93,43
2026-05-21 21:00:56,2026-05-21,4,羽毛球馆-14号,10:00-11:00,1,1,已售/已满,教学时间,雾,20,21,2,0.0,98,43
2026-05-21 21:30:46,2026-05-21,4,羽毛球馆-14号,10:00-11:00,1,1,已售/已满,教学时间,雾,20,22,1,0.0,99,41
2026-05-21 22:01:02,2026-05-21,4,羽毛球馆-14号,10:00-11:00,1,1,已售/已满,教学时间,雾,19,20,2,0.0,93,41
2026-05-21 22:30:47,2026-05-21,4,羽毛球馆-14号,10:00-11:00,1,1,已售/已满,教学时间,雾,19,19,3,0.0,88,46
2026-05-21 23:00:56,2026-05-21,4,羽毛球馆-14号,10:00-11:00,1,1,已售/已满,教学时间,多云,18,17,3,0.0,85,46
2026-05-21 23:30:55,2026-05-21,4,羽毛球馆-14号,10:00-11:00,1,1,已售/已满,教学时间,多云,18,17,3,0.0,85,48
2026-05-21 00:30:49,2026-05-21,4,羽毛球馆-14号,11:00-12:00,1,1,已售/已满,教学时间,多云,15,13,3,0.0,100,26
2026-05-21 01:00:55,2026-05-21,4,羽毛球馆-14号,11:00-12:00,1,1,已售/已满,教学时间,多云,15,12,4,0.0,100,26
2026-05-21 01:30:47,2026-05-21,4,羽毛球馆-14号,11:00-12:00,1,1,已售/已满,教学时间,多云,15,13,4,0.0,100,28
2026-05-21 02:00:53,2026-05-21,4,羽毛球馆-14号,11:00-12:00,1,1,已售/已满,教学时间,多云,15,12,4,0.0,100,28
2026-05-21 02:30:49,2026-05-21,4,羽毛球馆-14号,11:00-12:00,1,1,已售/已满,教学时间,多云,15,14,3,0.0,100,29
2026-05-21 03:00:55,2026-05-21,4,羽毛球馆-14号,11:00-12:00,1,1,已售/已满,教学时间,多云,15,12,4,0.0,100,29
2026-05-21 03:30:49,2026-05-21,4,羽毛球馆-14号,11:00-12:00,1,1,已售/已满,教学时间,多云,15,14,3,0.0,100,30
2026-05-21 04:30:45,2026-05-21,4,羽毛球馆-14号,11:00-12:00,1,1,已售/已满,教学时间,多云,15,12,4,0.0,100,29
2026-05-21 05:00:52,2026-05-21,4,羽毛球馆-14号,11:00-12:00,1,1,已售/已满,教学时间,多云,15,12,4,0.0,100,29
2026-05-21 05:30:49,2026-05-21,4,羽毛球馆-14号,11:00-12:00,1,1,已售/已满,教学时间,多云,15,13,3,0.0,100,28
2026-05-21 06:00:50,2026-05-21,4,羽毛球馆-14号,11:00-12:00,1,1,已售/已满,教学时间,多云,15,13,4,0.0,99,28
2026-05-21 06:30:38,2026-05-21,4,羽毛球馆-14号,11:00-12:00,1,1,已售/已满,教学时间,多云,15,13,3,0.0,97,28
2026-05-21 07:00:43,2026-05-21,4,羽毛球馆-14号,11:00-12:00,1,1,已售/已满,教学时间,晴,15,11,5,0.0,93,28
2026-05-21 07:30:39,2026-05-21,4,羽毛球馆-14号,11:00-12:00,1,1,已售/已满,教学时间,晴,17,13,4,0.0,89,29
2026-05-21 07:50:40,2026-05-21,4,羽毛球馆-14号,11:00-12:00,1,1,已售/已满,教学时间,晴,17,13,4,0.0,88,29
2026-05-21 07:53:31,2026-05-21,4,羽毛球馆-14号,11:00-12:00,1,1,已售/已满,教学时间,晴,17,12,5,0.0,86,29
2026-05-21 07:56:31,2026-05-21,4,羽毛球馆-14号,11:00-12:00,1,1,已售/已满,教学时间,晴,17,12,5,0.0,86,29
2026-05-21 07:59:26,2026-05-21,4,羽毛球馆-14号,11:00-12:00,1,1,已售/已满,教学时间,晴,17,12,5,0.0,86,29
2026-05-21 08:00:45,2026-05-21,4,羽毛球馆-14号,11:00-12:00,1,1,已售/已满,教学时间,晴,17,12,5,0.0,86,29
2026-05-21 08:02:30,2026-05-21,4,羽毛球馆-14号,11:00-12:00,1,1,已售/已满,教学时间,多云,17,12,5,0.0,87,29
2026-05-21 08:05:36,2026-05-21,4,羽毛球馆-14号,11:00-12:00,1,1,已售/已满,教学时间,多云,17,12,5,0.0,86,29
2026-05-21 08:08:31,2026-05-21,4,羽毛球馆-14号,11:00-12:00,1,1,已售/已满,教学时间,多云,17,12,5,0.0,86,29
2026-05-21 08:11:30,2026-05-21,4,羽毛球馆-14号,11:00-12:00,1,1,已售/已满,教学时间,多云,17,12,5,0.0,86,29
2026-05-21 08:14:31,2026-05-21,4,羽毛球馆-14号,11:00-12:00,1,1,已售/已满,教学时间,多云,17,12,5,0.0,86,29
2026-05-21 08:17:30,2026-05-21,4,羽毛球馆-14号,11:00-12:00,1,1,已售/已满,教学时间,多云,17,12,5,0.0,86,29
2026-05-21 08:20:35,2026-05-21,4,羽毛球馆-14号,11:00-12:00,1,1,已售/已满,教学时间,多云,17,14,4,0.0,85,29
2026-05-21 08:25:32,2026-05-21,4,羽毛球馆-14号,11:00-12:00,1,1,已售/已满,教学时间,多云,17,14,4,0.0,85,28
2026-05-21 08:30:42,2026-05-21,4,羽毛球馆-14号,11:00-12:00,1,1,已售/已满,教学时间,多云,18,15,4,0.0,84,28
2026-05-21 08:35:31,2026-05-21,4,羽毛球馆-14号,11:00-12:00,1,1,已售/已满,教学时间,多云,18,15,4,0.0,84,28
2026-05-21 08:40:38,2026-05-21,4,羽毛球馆-14号,11:00-12:00,1,1,已售/已满,教学时间,多云,18,15,4,0.0,82,28
2026-05-21 08:45:33,2026-05-21,4,羽毛球馆-14号,11:00-12:00,1,1,已售/已满,教学时间,多云,18,15,4,0.0,82,28
2026-05-21 08:50:36,2026-05-21,4,羽毛球馆-14号,11:00-12:00,1,1,已售/已满,教学时间,多云,18,15,4,0.0,82,28
2026-05-21 08:55:34,2026-05-21,4,羽毛球馆-14号,11:00-12:00,1,1,已售/已满,教学时间,多云,18,15,4,0.0,84,28
2026-05-21 09:00:51,2026-05-21,4,羽毛球馆-14号,11:00-12:00,1,1,已售/已满,教学时间,多云,18,15,4,0.0,84,28
2026-05-21 09:01:59,2026-05-21,4,羽毛球馆-14号,11:00-12:00,1,1,已售/已满,教学时间,多云,18,15,4,0.0,83,28
2026-05-21 09:05:33,2026-05-21,4,羽毛球馆-14号,11:00-12:00,1,1,已售/已满,教学时间,多云,18,15,4,0.0,83,28
2026-05-21 09:20:38,2026-05-21,4,羽毛球馆-14号,11:00-12:00,1,1,已售/已满,教学时间,多云,18,16,3,0.0,81,28
2026-05-21 09:30:46,2026-05-21,4,羽毛球馆-14号,11:00-12:00,1,1,已售/已满,教学时间,多云,18,16,3,0.0,81,32
2026-05-21 09:40:36,2026-05-21,4,羽毛球馆-14号,11:00-12:00,1,1,已售/已满,教学时间,多云,19,17,3,0.0,79,32
2026-05-21 09:50:42,2026-05-21,4,羽毛球馆-14号,11:00-12:00,1,1,已售/已满,教学时间,多云,19,17,4,0.0,81,32
2026-05-21 10:00:46,2026-05-21,4,羽毛球馆-14号,11:00-12:00,1,1,已售/已满,教学时间,多云,19,17,4,0.0,79,32
2026-05-21 10:10:40,2026-05-21,4,羽毛球馆-14号,11:00-12:00,1,1,已售/已满,教学时间,多云,19,17,4,0.0,79,32
2026-05-21 10:20:38,2026-05-21,4,羽毛球馆-14号,11:00-12:00,1,1,已售/已满,教学时间,多云,19,17,4,0.0,79,32
2026-05-21 10:30:41,2026-05-21,4,羽毛球馆-14号,11:00-12:00,1,1,已售/已满,教学时间,多云,19,18,3,0.0,78,31
2026-05-21 11:00:44,2026-05-21,4,羽毛球馆-14号,11:00-12:00,1,1,已售/已满,教学时间,多云,21,17,5,0.0,74,31
2026-05-21 11:30:38,2026-05-21,4,羽毛球馆-14号,11:00-12:00,1,1,已售/已满,教学时间,多云,21,19,3,0.0,72,33
2026-05-21 12:00:46,2026-05-21,4,羽毛球馆-14号,11:00-12:00,1,1,已售/已满,教学时间,多云,22,19,4,0.0,70,33
2026-05-21 12:30:42,2026-05-21,4,羽毛球馆-14号,11:00-12:00,1,1,已售/已满,教学时间,多云,22,21,3,0.0,68,35
2026-05-21 13:00:43,2026-05-21,4,羽毛球馆-14号,11:00-12:00,1,1,已售/已满,教学时间,多云,24,22,4,0.0,66,35
2026-05-21 13:30:43,2026-05-21,4,羽毛球馆-14号,11:00-12:00,1,1,已售/已满,教学时间,多云,24,22,4,0.0,66,36
2026-05-21 14:00:48,2026-05-21,4,羽毛球馆-14号,11:00-12:00,1,1,已售/已满,教学时间,多云,25,23,4,0.0,66,36
2026-05-21 14:30:45,2026-05-21,4,羽毛球馆-14号,11:00-12:00,1,1,已售/已满,教学时间,晴,25,25,3,0.0,65,39
2026-05-21 15:00:45,2026-05-21,4,羽毛球馆-14号,11:00-12:00,1,1,已售/已满,教学时间,晴,25,22,4,0.0,56,39
2026-05-21 15:30:43,2026-05-21,4,羽毛球馆-14号,11:00-12:00,1,1,已售/已满,教学时间,晴,25,23,4,0.0,57,40
2026-05-21 16:00:51,2026-05-21,4,羽毛球馆-14号,11:00-12:00,1,1,已售/已满,教学时间,晴,25,23,4,0.0,57,40
2026-05-21 16:30:48,2026-05-21,4,羽毛球馆-14号,11:00-12:00,1,1,已售/已满,教学时间,晴,25,24,3,0.0,60,39
2026-05-21 17:00:49,2026-05-21,4,羽毛球馆-14号,11:00-12:00,1,1,已售/已满,教学时间,晴,25,24,4,0.0,61,39
2026-05-21 17:30:47,2026-05-21,4,羽毛球馆-14号,11:00-12:00,1,1,已售/已满,教学时间,多云,24,23,3,0.0,64,39
2026-05-21 18:00:50,2026-05-21,4,羽毛球馆-14号,11:00-12:00,1,1,已售/已满,教学时间,多云,24,23,3,0.0,68,39
2026-05-21 18:30:50,2026-05-21,4,羽毛球馆-14号,11:00-12:00,1,1,已售/已满,教学时间,阴,24,25,2,0.0,68,40
2026-05-21 19:00:50,2026-05-21,4,羽毛球馆-14号,11:00-12:00,1,1,已售/已满,教学时间,阴,23,23,3,0.0,76,40
2026-05-21 19:30:46,2026-05-21,4,羽毛球馆-14号,11:00-12:00,1,1,已售/已满,教学时间,阴,23,24,2,0.0,77,39
2026-05-21 20:00:49,2026-05-21,4,羽毛球馆-14号,11:00-12:00,1,1,已售/已满,教学时间,雾,22,23,2,0.0,89,39
2026-05-21 20:30:44,2026-05-21,4,羽毛球馆-14号,11:00-12:00,1,1,已售/已满,教学时间,雾,22,24,2,0.0,93,43
2026-05-21 21:00:56,2026-05-21,4,羽毛球馆-14号,11:00-12:00,1,1,已售/已满,教学时间,雾,20,21,2,0.0,98,43
2026-05-21 21:30:46,2026-05-21,4,羽毛球馆-14号,11:00-12:00,1,1,已售/已满,教学时间,雾,20,22,1,0.0,99,41
2026-05-21 22:01:02,2026-05-21,4,羽毛球馆-14号,11:00-12:00,1,1,已售/已满,教学时间,雾,19,20,2,0.0,93,41
2026-05-21 22:30:47,2026-05-21,4,羽毛球馆-14号,11:00-12:00,1,1,已售/已满,教学时间,雾,19,19,3,0.0,88,46
2026-05-21 23:00:56,2026-05-21,4,羽毛球馆-14号,11:00-12:00,1,1,已售/已满,教学时间,多云,18,17,3,0.0,85,46
2026-05-21 23:30:55,2026-05-21,4,羽毛球馆-14号,11:00-12:00,1,1,已售/已满,教学时间,多云,18,17,3,0.0,85,48
2026-05-21 00:30:49,2026-05-21,4,羽毛球馆-14号,12:00-12:55,1,1,已售/已满,已售,多云,15,13,3,0.0,100,26
2026-05-21 01:00:55,2026-05-21,4,羽毛球馆-14号,12:00-12:55,1,1,已售/已满,已售,多云,15,12,4,0.0,100,26
2026-05-21 01:30:47,2026-05-21,4,羽毛球馆-14号,12:00-12:55,1,1,已售/已满,已售,多云,15,13,4,0.0,100,28
2026-05-21 02:00:53,2026-05-21,4,羽毛球馆-14号,12:00-12:55,1,1,已售/已满,已售,多云,15,12,4,0.0,100,28
2026-05-21 02:30:49,2026-05-21,4,羽毛球馆-14号,12:00-12:55,1,1,已售/已满,已售,多云,15,14,3,0.0,100,29
2026-05-21 03:00:55,2026-05-21,4,羽毛球馆-14号,12:00-12:55,1,1,已售/已满,已售,多云,15,12,4,0.0,100,29
2026-05-21 03:30:49,2026-05-21,4,羽毛球馆-14号,12:00-12:55,1,1,已售/已满,已售,多云,15,14,3,0.0,100,30
2026-05-21 04:30:45,2026-05-21,4,羽毛球馆-14号,12:00-12:55,1,1,已售/已满,已售,多云,15,12,4,0.0,100,29
2026-05-21 05:00:52,2026-05-21,4,羽毛球馆-14号,12:00-12:55,1,1,已售/已满,已售,多云,15,12,4,0.0,100,29
2026-05-21 05:30:49,2026-05-21,4,羽毛球馆-14号,12:00-12:55,1,1,已售/已满,已售,多云,15,13,3,0.0,100,28
2026-05-21 06:00:50,2026-05-21,4,羽毛球馆-14号,12:00-12:55,1,1,已售/已满,已售,多云,15,13,4,0.0,99,28
2026-05-21 06:30:38,2026-05-21,4,羽毛球馆-14号,12:00-12:55,1,1,已售/已满,已售,多云,15,13,3,0.0,97,28
2026-05-21 07:00:43,2026-05-21,4,羽毛球馆-14号,12:00-12:55,1,1,已售/已满,已售,晴,15,11,5,0.0,93,28
2026-05-21 07:30:39,2026-05-21,4,羽毛球馆-14号,12:00-12:55,1,1,已售/已满,已售,晴,17,13,4,0.0,89,29
2026-05-21 07:50:40,2026-05-21,4,羽毛球馆-14号,12:00-12:55,1,1,已售/已满,已售,晴,17,13,4,0.0,88,29
2026-05-21 07:53:31,2026-05-21,4,羽毛球馆-14号,12:00-12:55,1,1,已售/已满,已售,晴,17,12,5,0.0,86,29
2026-05-21 07:56:31,2026-05-21,4,羽毛球馆-14号,12:00-12:55,1,1,已售/已满,已售,晴,17,12,5,0.0,86,29
2026-05-21 07:59:26,2026-05-21,4,羽毛球馆-14号,12:00-12:55,1,1,已售/已满,已售,晴,17,12,5,0.0,86,29
2026-05-21 08:00:45,2026-05-21,4,羽毛球馆-14号,12:00-12:55,1,1,已售/已满,已售,晴,17,12,5,0.0,86,29
2026-05-21 08:02:30,2026-05-21,4,羽毛球馆-14号,12:00-12:55,1,1,已售/已满,已售,多云,17,12,5,0.0,87,29
2026-05-21 08:05:36,2026-05-21,4,羽毛球馆-14号,12:00-12:55,1,1,已售/已满,已售,多云,17,12,5,0.0,86,29
2026-05-21 08:08:31,2026-05-21,4,羽毛球馆-14号,12:00-12:55,1,1,已售/已满,已售,多云,17,12,5,0.0,86,29
2026-05-21 08:11:30,2026-05-21,4,羽毛球馆-14号,12:00-12:55,1,1,已售/已满,已售,多云,17,12,5,0.0,86,29
2026-05-21 08:14:31,2026-05-21,4,羽毛球馆-14号,12:00-12:55,1,1,已售/已满,已售,多云,17,12,5,0.0,86,29
2026-05-21 08:17:30,2026-05-21,4,羽毛球馆-14号,12:00-12:55,1,1,已售/已满,已售,多云,17,12,5,0.0,86,29
2026-05-21 08:20:35,2026-05-21,4,羽毛球馆-14号,12:00-12:55,1,1,已售/已满,已售,多云,17,14,4,0.0,85,29
2026-05-21 08:25:32,2026-05-21,4,羽毛球馆-14号,12:00-12:55,1,1,已售/已满,已售,多云,17,14,4,0.0,85,28
2026-05-21 08:30:42,2026-05-21,4,羽毛球馆-14号,12:00-12:55,1,1,已售/已满,已售,多云,18,15,4,0.0,84,28
2026-05-21 08:35:31,2026-05-21,4,羽毛球馆-14号,12:00-12:55,1,1,已售/已满,已售,多云,18,15,4,0.0,84,28
2026-05-21 08:40:38,2026-05-21,4,羽毛球馆-14号,12:00-12:55,1,1,已售/已满,已售,多云,18,15,4,0.0,82,28
2026-05-21 08:45:33,2026-05-21,4,羽毛球馆-14号,12:00-12:55,1,1,已售/已满,已售,多云,18,15,4,0.0,82,28
2026-05-21 08:50:36,2026-05-21,4,羽毛球馆-14号,12:00-12:55,1,1,已售/已满,已售,多云,18,15,4,0.0,82,28
2026-05-21 08:55:34,2026-05-21,4,羽毛球馆-14号,12:00-12:55,1,1,已售/已满,已售,多云,18,15,4,0.0,84,28
2026-05-21 09:00:51,2026-05-21,4,羽毛球馆-14号,12:00-12:55,1,1,已售/已满,已售,多云,18,15,4,0.0,84,28
2026-05-21 09:01:59,2026-05-21,4,羽毛球馆-14号,12:00-12:55,1,1,已售/已满,已售,多云,18,15,4,0.0,83,28
2026-05-21 09:05:33,2026-05-21,4,羽毛球馆-14号,12:00-12:55,1,1,已售/已满,已售,多云,18,15,4,0.0,83,28
2026-05-21 09:20:38,2026-05-21,4,羽毛球馆-14号,12:00-12:55,1,1,已售/已满,已售,多云,18,16,3,0.0,81,28
2026-05-21 09:30:46,2026-05-21,4,羽毛球馆-14号,12:00-12:55,1,1,已售/已满,已售,多云,18,16,3,0.0,81,32
2026-05-21 09:40:36,2026-05-21,4,羽毛球馆-14号,12:00-12:55,1,1,已售/已满,已售,多云,19,17,3,0.0,79,32
2026-05-21 09:50:42,2026-05-21,4,羽毛球馆-14号,12:00-12:55,1,1,已售/已满,已售,多云,19,17,4,0.0,81,32
2026-05-21 10:00:46,2026-05-21,4,羽毛球馆-14号,12:00-12:55,1,1,已售/已满,已售,多云,19,17,4,0.0,79,32
2026-05-21 10:10:40,2026-05-21,4,羽毛球馆-14号,12:00-12:55,1,1,已售/已满,已售,多云,19,17,4,0.0,79,32
2026-05-21 10:20:38,2026-05-21,4,羽毛球馆-14号,12:00-12:55,1,1,已售/已满,已售,多云,19,17,4,0.0,79,32
2026-05-21 10:30:41,2026-05-21,4,羽毛球馆-14号,12:00-12:55,1,1,已售/已满,已售,多云,19,18,3,0.0,78,31
2026-05-21 11:00:44,2026-05-21,4,羽毛球馆-14号,12:00-12:55,1,1,已售/已满,已售,多云,21,17,5,0.0,74,31
2026-05-21 11:30:38,2026-05-21,4,羽毛球馆-14号,12:00-12:55,1,1,已售/已满,已售,多云,21,19,3,0.0,72,33
2026-05-21 12:00:46,2026-05-21,4,羽毛球馆-14号,12:00-12:55,1,1,已售/已满,已售,多云,22,19,4,0.0,70,33
2026-05-21 12:30:42,2026-05-21,4,羽毛球馆-14号,12:00-12:55,1,1,已售/已满,已售,多云,22,21,3,0.0,68,35
2026-05-21 13:00:43,2026-05-21,4,羽毛球馆-14号,12:00-12:55,1,1,已售/已满,已售,多云,24,22,4,0.0,66,35
2026-05-21 13:30:43,2026-05-21,4,羽毛球馆-14号,12:00-12:55,1,1,已售/已满,已售,多云,24,22,4,0.0,66,36
2026-05-21 14:00:48,2026-05-21,4,羽毛球馆-14号,12:00-12:55,1,1,已售/已满,已售,多云,25,23,4,0.0,66,36
2026-05-21 14:30:45,2026-05-21,4,羽毛球馆-14号,12:00-12:55,1,1,已售/已满,已售,晴,25,25,3,0.0,65,39
2026-05-21 15:00:45,2026-05-21,4,羽毛球馆-14号,12:00-12:55,1,1,已售/已满,已售,晴,25,22,4,0.0,56,39
2026-05-21 15:30:43,2026-05-21,4,羽毛球馆-14号,12:00-12:55,1,1,已售/已满,已售,晴,25,23,4,0.0,57,40
2026-05-21 16:00:51,2026-05-21,4,羽毛球馆-14号,12:00-12:55,1,1,已售/已满,已售,晴,25,23,4,0.0,57,40
2026-05-21 16:30:48,2026-05-21,4,羽毛球馆-14号,12:00-12:55,1,1,已售/已满,已售,晴,25,24,3,0.0,60,39
2026-05-21 17:00:49,2026-05-21,4,羽毛球馆-14号,12:00-12:55,1,1,已售/已满,已售,晴,25,24,4,0.0,61,39
2026-05-21 17:30:47,2026-05-21,4,羽毛球馆-14号,12:00-12:55,1,1,已售/已满,已售,多云,24,23,3,0.0,64,39
2026-05-21 18:00:50,2026-05-21,4,羽毛球馆-14号,12:00-12:55,1,1,已售/已满,已售,多云,24,23,3,0.0,68,39
2026-05-21 18:30:50,2026-05-21,4,羽毛球馆-14号,12:00-12:55,1,1,已售/已满,已售,阴,24,25,2,0.0,68,40
2026-05-21 19:00:50,2026-05-21,4,羽毛球馆-14号,12:00-12:55,1,1,已售/已满,已售,阴,23,23,3,0.0,76,40
2026-05-21 19:30:46,2026-05-21,4,羽毛球馆-14号,12:00-12:55,1,1,已售/已满,已售,阴,23,24,2,0.0,77,39
2026-05-21 20:00:49,2026-05-21,4,羽毛球馆-14号,12:00-12:55,1,1,已售/已满,已售,雾,22,23,2,0.0,89,39
2026-05-21 20:30:44,2026-05-21,4,羽毛球馆-14号,12:00-12:55,1,1,已售/已满,已售,雾,22,24,2,0.0,93,43
2026-05-21 21:00:56,2026-05-21,4,羽毛球馆-14号,12:00-12:55,1,1,已售/已满,已售,雾,20,21,2,0.0,98,43
2026-05-21 21:30:46,2026-05-21,4,羽毛球馆-14号,12:00-12:55,1,1,已售/已满,已售,雾,20,22,1,0.0,99,41
2026-05-21 22:01:02,2026-05-21,4,羽毛球馆-14号,12:00-12:55,1,1,已售/已满,已售,雾,19,20,2,0.0,93,41
2026-05-21 22:30:47,2026-05-21,4,羽毛球馆-14号,12:00-12:55,1,1,已售/已满,已售,雾,19,19,3,0.0,88,46
2026-05-21 23:00:56,2026-05-21,4,羽毛球馆-14号,12:00-12:55,1,1,已售/已满,已售,多云,18,17,3,0.0,85,46
2026-05-21 23:30:55,2026-05-21,4,羽毛球馆-14号,12:00-12:55,1,1,已售/已满,已售,多云,18,17,3,0.0,85,48
2026-05-21 00:30:49,2026-05-21,4,羽毛球馆-14号,12:55-13:50,1,1,已售/已满,已售,多云,15,13,3,0.0,100,26
2026-05-21 01:00:55,2026-05-21,4,羽毛球馆-14号,12:55-13:50,1,1,已售/已满,已售,多云,15,12,4,0.0,100,26
2026-05-21 01:30:47,2026-05-21,4,羽毛球馆-14号,12:55-13:50,1,1,已售/已满,已售,多云,15,13,4,0.0,100,28
2026-05-21 02:00:53,2026-05-21,4,羽毛球馆-14号,12:55-13:50,1,1,已售/已满,已售,多云,15,12,4,0.0,100,28
2026-05-21 02:30:49,2026-05-21,4,羽毛球馆-14号,12:55-13:50,1,1,已售/已满,已售,多云,15,14,3,0.0,100,29
2026-05-21 03:00:55,2026-05-21,4,羽毛球馆-14号,12:55-13:50,1,1,已售/已满,已售,多云,15,12,4,0.0,100,29
2026-05-21 03:30:49,2026-05-21,4,羽毛球馆-14号,12:55-13:50,1,1,已售/已满,已售,多云,15,14,3,0.0,100,30
2026-05-21 04:30:45,2026-05-21,4,羽毛球馆-14号,12:55-13:50,1,1,已售/已满,已售,多云,15,12,4,0.0,100,29
2026-05-21 05:00:52,2026-05-21,4,羽毛球馆-14号,12:55-13:50,1,1,已售/已满,已售,多云,15,12,4,0.0,100,29
2026-05-21 05:30:49,2026-05-21,4,羽毛球馆-14号,12:55-13:50,1,1,已售/已满,已售,多云,15,13,3,0.0,100,28
2026-05-21 06:00:50,2026-05-21,4,羽毛球馆-14号,12:55-13:50,1,1,已售/已满,已售,多云,15,13,4,0.0,99,28
2026-05-21 06:30:38,2026-05-21,4,羽毛球馆-14号,12:55-13:50,1,1,已售/已满,已售,多云,15,13,3,0.0,97,28
2026-05-21 07:00:43,2026-05-21,4,羽毛球馆-14号,12:55-13:50,1,1,已售/已满,已售,晴,15,11,5,0.0,93,28
2026-05-21 07:30:39,2026-05-21,4,羽毛球馆-14号,12:55-13:50,1,1,已售/已满,已售,晴,17,13,4,0.0,89,29
2026-05-21 07:50:40,2026-05-21,4,羽毛球馆-14号,12:55-13:50,1,1,已售/已满,已售,晴,17,13,4,0.0,88,29
2026-05-21 07:53:31,2026-05-21,4,羽毛球馆-14号,12:55-13:50,1,1,已售/已满,已售,晴,17,12,5,0.0,86,29
2026-05-21 07:56:31,2026-05-21,4,羽毛球馆-14号,12:55-13:50,1,1,已售/已满,已售,晴,17,12,5,0.0,86,29
2026-05-21 07:59:26,2026-05-21,4,羽毛球馆-14号,12:55-13:50,1,1,已售/已满,已售,晴,17,12,5,0.0,86,29
2026-05-21 08:00:45,2026-05-21,4,羽毛球馆-14号,12:55-13:50,1,1,已售/已满,已售,晴,17,12,5,0.0,86,29
2026-05-21 08:02:30,2026-05-21,4,羽毛球馆-14号,12:55-13:50,1,1,已售/已满,已售,多云,17,12,5,0.0,87,29
2026-05-21 08:05:36,2026-05-21,4,羽毛球馆-14号,12:55-13:50,1,1,已售/已满,已售,多云,17,12,5,0.0,86,29
2026-05-21 08:08:31,2026-05-21,4,羽毛球馆-14号,12:55-13:50,1,1,已售/已满,已售,多云,17,12,5,0.0,86,29
2026-05-21 08:11:30,2026-05-21,4,羽毛球馆-14号,12:55-13:50,1,1,已售/已满,已售,多云,17,12,5,0.0,86,29
2026-05-21 08:14:31,2026-05-21,4,羽毛球馆-14号,12:55-13:50,1,1,已售/已满,已售,多云,17,12,5,0.0,86,29
2026-05-21 08:17:30,2026-05-21,4,羽毛球馆-14号,12:55-13:50,1,1,已售/已满,已售,多云,17,12,5,0.0,86,29
2026-05-21 08:20:35,2026-05-21,4,羽毛球馆-14号,12:55-13:50,1,1,已售/已满,已售,多云,17,14,4,0.0,85,29
2026-05-21 08:25:32,2026-05-21,4,羽毛球馆-14号,12:55-13:50,1,1,已售/已满,已售,多云,17,14,4,0.0,85,28
2026-05-21 08:30:42,2026-05-21,4,羽毛球馆-14号,12:55-13:50,1,1,已售/已满,已售,多云,18,15,4,0.0,84,28
2026-05-21 08:35:31,2026-05-21,4,羽毛球馆-14号,12:55-13:50,1,1,已售/已满,已售,多云,18,15,4,0.0,84,28
2026-05-21 08:40:38,2026-05-21,4,羽毛球馆-14号,12:55-13:50,1,1,已售/已满,已售,多云,18,15,4,0.0,82,28
2026-05-21 08:45:33,2026-05-21,4,羽毛球馆-14号,12:55-13:50,1,1,已售/已满,已售,多云,18,15,4,0.0,82,28
2026-05-21 08:50:36,2026-05-21,4,羽毛球馆-14号,12:55-13:50,1,1,已售/已满,已售,多云,18,15,4,0.0,82,28
2026-05-21 08:55:34,2026-05-21,4,羽毛球馆-14号,12:55-13:50,1,1,已售/已满,已售,多云,18,15,4,0.0,84,28
2026-05-21 09:00:51,2026-05-21,4,羽毛球馆-14号,12:55-13:50,1,1,已售/已满,已售,多云,18,15,4,0.0,84,28
2026-05-21 09:01:59,2026-05-21,4,羽毛球馆-14号,12:55-13:50,1,1,已售/已满,已售,多云,18,15,4,0.0,83,28
2026-05-21 09:05:33,2026-05-21,4,羽毛球馆-14号,12:55-13:50,1,1,已售/已满,已售,多云,18,15,4,0.0,83,28
2026-05-21 09:20:38,2026-05-21,4,羽毛球馆-14号,12:55-13:50,1,1,已售/已满,已售,多云,18,16,3,0.0,81,28
2026-05-21 09:30:46,2026-05-21,4,羽毛球馆-14号,12:55-13:50,1,1,已售/已满,已售,多云,18,16,3,0.0,81,32
2026-05-21 09:40:36,2026-05-21,4,羽毛球馆-14号,12:55-13:50,1,1,已售/已满,已售,多云,19,17,3,0.0,79,32
2026-05-21 09:50:42,2026-05-21,4,羽毛球馆-14号,12:55-13:50,1,1,已售/已满,已售,多云,19,17,4,0.0,81,32
2026-05-21 10:00:46,2026-05-21,4,羽毛球馆-14号,12:55-13:50,1,1,已售/已满,已售,多云,19,17,4,0.0,79,32
2026-05-21 10:10:40,2026-05-21,4,羽毛球馆-14号,12:55-13:50,1,1,已售/已满,已售,多云,19,17,4,0.0,79,32
2026-05-21 10:20:38,2026-05-21,4,羽毛球馆-14号,12:55-13:50,1,1,已售/已满,已售,多云,19,17,4,0.0,79,32
2026-05-21 10:30:41,2026-05-21,4,羽毛球馆-14号,12:55-13:50,1,1,已售/已满,已售,多云,19,18,3,0.0,78,31
2026-05-21 11:00:44,2026-05-21,4,羽毛球馆-14号,12:55-13:50,1,1,已售/已满,已售,多云,21,17,5,0.0,74,31
2026-05-21 11:30:38,2026-05-21,4,羽毛球馆-14号,12:55-13:50,1,1,已售/已满,已售,多云,21,19,3,0.0,72,33
2026-05-21 12:00:46,2026-05-21,4,羽毛球馆-14号,12:55-13:50,1,1,已售/已满,已售,多云,22,19,4,0.0,70,33
2026-05-21 12:30:42,2026-05-21,4,羽毛球馆-14号,12:55-13:50,1,1,已售/已满,已售,多云,22,21,3,0.0,68,35
2026-05-21 13:00:43,2026-05-21,4,羽毛球馆-14号,12:55-13:50,1,1,已售/已满,已售,多云,24,22,4,0.0,66,35
2026-05-21 13:30:43,2026-05-21,4,羽毛球馆-14号,12:55-13:50,1,1,已售/已满,已售,多云,24,22,4,0.0,66,36
2026-05-21 14:00:48,2026-05-21,4,羽毛球馆-14号,12:55-13:50,1,1,已售/已满,已售,多云,25,23,4,0.0,66,36
2026-05-21 14:30:45,2026-05-21,4,羽毛球馆-14号,12:55-13:50,1,1,已售/已满,已售,晴,25,25,3,0.0,65,39
2026-05-21 15:00:45,2026-05-21,4,羽毛球馆-14号,12:55-13:50,1,1,已售/已满,已售,晴,25,22,4,0.0,56,39
2026-05-21 15:30:43,2026-05-21,4,羽毛球馆-14号,12:55-13:50,1,1,已售/已满,已售,晴,25,23,4,0.0,57,40
2026-05-21 16:00:51,2026-05-21,4,羽毛球馆-14号,12:55-13:50,1,1,已售/已满,已售,晴,25,23,4,0.0,57,40
2026-05-21 16:30:48,2026-05-21,4,羽毛球馆-14号,12:55-13:50,1,1,已售/已满,已售,晴,25,24,3,0.0,60,39
2026-05-21 17:00:49,2026-05-21,4,羽毛球馆-14号,12:55-13:50,1,1,已售/已满,已售,晴,25,24,4,0.0,61,39
2026-05-21 17:30:47,2026-05-21,4,羽毛球馆-14号,12:55-13:50,1,1,已售/已满,已售,多云,24,23,3,0.0,64,39
2026-05-21 18:00:50,2026-05-21,4,羽毛球馆-14号,12:55-13:50,1,1,已售/已满,已售,多云,24,23,3,0.0,68,39
2026-05-21 18:30:50,2026-05-21,4,羽毛球馆-14号,12:55-13:50,1,1,已售/已满,已售,阴,24,25,2,0.0,68,40
2026-05-21 19:00:50,2026-05-21,4,羽毛球馆-14号,12:55-13:50,1,1,已售/已满,已售,阴,23,23,3,0.0,76,40
2026-05-21 19:30:46,2026-05-21,4,羽毛球馆-14号,12:55-13:50,1,1,已售/已满,已售,阴,23,24,2,0.0,77,39
2026-05-21 20:00:49,2026-05-21,4,羽毛球馆-14号,12:55-13:50,1,1,已售/已满,已售,雾,22,23,2,0.0,89,39
2026-05-21 20:30:44,2026-05-21,4,羽毛球馆-14号,12:55-13:50,1,1,已售/已满,已售,雾,22,24,2,0.0,93,43
2026-05-21 21:00:56,2026-05-21,4,羽毛球馆-14号,12:55-13:50,1,1,已售/已满,已售,雾,20,21,2,0.0,98,43
2026-05-21 21:30:46,2026-05-21,4,羽毛球馆-14号,12:55-13:50,1,1,已售/已满,已售,雾,20,22,1,0.0,99,41
2026-05-21 22:01:02,2026-05-21,4,羽毛球馆-14号,12:55-13:50,1,1,已售/已满,已售,雾,19,20,2,0.0,93,41
2026-05-21 22:30:47,2026-05-21,4,羽毛球馆-14号,12:55-13:50,1,1,已售/已满,已售,雾,19,19,3,0.0,88,46
2026-05-21 23:00:56,2026-05-21,4,羽毛球馆-14号,12:55-13:50,1,1,已售/已满,已售,多云,18,17,3,0.0,85,46
2026-05-21 23:30:55,2026-05-21,4,羽毛球馆-14号,12:55-13:50,1,1,已售/已满,已售,多云,18,17,3,0.0,85,48
2026-05-21 00:30:49,2026-05-21,4,羽毛球馆-14号,14:00-15:00,1,1,已售/已满,已售,多云,15,13,3,0.0,100,26
2026-05-21 01:00:55,2026-05-21,4,羽毛球馆-14号,14:00-15:00,1,1,已售/已满,已售,多云,15,12,4,0.0,100,26
2026-05-21 01:30:47,2026-05-21,4,羽毛球馆-14号,14:00-15:00,1,1,已售/已满,已售,多云,15,13,4,0.0,100,28
2026-05-21 02:00:53,2026-05-21,4,羽毛球馆-14号,14:00-15:00,1,1,已售/已满,已售,多云,15,12,4,0.0,100,28
2026-05-21 02:30:49,2026-05-21,4,羽毛球馆-14号,14:00-15:00,1,1,已售/已满,已售,多云,15,14,3,0.0,100,29
2026-05-21 03:00:55,2026-05-21,4,羽毛球馆-14号,14:00-15:00,1,1,已售/已满,已售,多云,15,12,4,0.0,100,29
2026-05-21 03:30:49,2026-05-21,4,羽毛球馆-14号,14:00-15:00,1,1,已售/已满,已售,多云,15,14,3,0.0,100,30
2026-05-21 04:30:45,2026-05-21,4,羽毛球馆-14号,14:00-15:00,1,1,已售/已满,已售,多云,15,12,4,0.0,100,29
2026-05-21 05:00:52,2026-05-21,4,羽毛球馆-14号,14:00-15:00,1,1,已售/已满,已售,多云,15,12,4,0.0,100,29
2026-05-21 05:30:49,2026-05-21,4,羽毛球馆-14号,14:00-15:00,1,1,已售/已满,已售,多云,15,13,3,0.0,100,28
2026-05-21 06:00:50,2026-05-21,4,羽毛球馆-14号,14:00-15:00,1,1,已售/已满,已售,多云,15,13,4,0.0,99,28
2026-05-21 06:30:38,2026-05-21,4,羽毛球馆-14号,14:00-15:00,1,1,已售/已满,已售,多云,15,13,3,0.0,97,28
2026-05-21 07:00:43,2026-05-21,4,羽毛球馆-14号,14:00-15:00,1,1,已售/已满,已售,晴,15,11,5,0.0,93,28
2026-05-21 07:30:39,2026-05-21,4,羽毛球馆-14号,14:00-15:00,1,1,已售/已满,已售,晴,17,13,4,0.0,89,29
2026-05-21 07:50:40,2026-05-21,4,羽毛球馆-14号,14:00-15:00,1,1,已售/已满,已售,晴,17,13,4,0.0,88,29
2026-05-21 07:53:31,2026-05-21,4,羽毛球馆-14号,14:00-15:00,1,1,已售/已满,已售,晴,17,12,5,0.0,86,29
2026-05-21 07:56:31,2026-05-21,4,羽毛球馆-14号,14:00-15:00,1,1,已售/已满,已售,晴,17,12,5,0.0,86,29
2026-05-21 07:59:26,2026-05-21,4,羽毛球馆-14号,14:00-15:00,1,1,已售/已满,已售,晴,17,12,5,0.0,86,29
2026-05-21 08:00:45,2026-05-21,4,羽毛球馆-14号,14:00-15:00,1,1,已售/已满,已售,晴,17,12,5,0.0,86,29
2026-05-21 08:02:30,2026-05-21,4,羽毛球馆-14号,14:00-15:00,1,1,已售/已满,已售,多云,17,12,5,0.0,87,29
2026-05-21 08:05:36,2026-05-21,4,羽毛球馆-14号,14:00-15:00,1,1,已售/已满,已售,多云,17,12,5,0.0,86,29
2026-05-21 08:08:31,2026-05-21,4,羽毛球馆-14号,14:00-15:00,1,1,已售/已满,已售,多云,17,12,5,0.0,86,29
2026-05-21 08:11:30,2026-05-21,4,羽毛球馆-14号,14:00-15:00,1,1,已售/已满,已售,多云,17,12,5,0.0,86,29
2026-05-21 08:14:31,2026-05-21,4,羽毛球馆-14号,14:00-15:00,1,1,已售/已满,已售,多云,17,12,5,0.0,86,29
2026-05-21 08:17:30,2026-05-21,4,羽毛球馆-14号,14:00-15:00,1,1,已售/已满,已售,多云,17,12,5,0.0,86,29
2026-05-21 08:20:35,2026-05-21,4,羽毛球馆-14号,14:00-15:00,1,1,已售/已满,已售,多云,17,14,4,0.0,85,29
2026-05-21 08:25:32,2026-05-21,4,羽毛球馆-14号,14:00-15:00,1,1,已售/已满,已售,多云,17,14,4,0.0,85,28
2026-05-21 08:30:42,2026-05-21,4,羽毛球馆-14号,14:00-15:00,1,1,已售/已满,已售,多云,18,15,4,0.0,84,28
2026-05-21 08:35:31,2026-05-21,4,羽毛球馆-14号,14:00-15:00,1,1,已售/已满,已售,多云,18,15,4,0.0,84,28
2026-05-21 08:40:38,2026-05-21,4,羽毛球馆-14号,14:00-15:00,1,1,已售/已满,已售,多云,18,15,4,0.0,82,28
2026-05-21 08:45:33,2026-05-21,4,羽毛球馆-14号,14:00-15:00,1,1,已售/已满,已售,多云,18,15,4,0.0,82,28
2026-05-21 08:50:36,2026-05-21,4,羽毛球馆-14号,14:00-15:00,1,1,已售/已满,已售,多云,18,15,4,0.0,82,28
2026-05-21 08:55:34,2026-05-21,4,羽毛球馆-14号,14:00-15:00,1,1,已售/已满,已售,多云,18,15,4,0.0,84,28
2026-05-21 09:00:51,2026-05-21,4,羽毛球馆-14号,14:00-15:00,1,1,已售/已满,已售,多云,18,15,4,0.0,84,28
2026-05-21 09:01:59,2026-05-21,4,羽毛球馆-14号,14:00-15:00,1,1,已售/已满,已售,多云,18,15,4,0.0,83,28
2026-05-21 09:05:33,2026-05-21,4,羽毛球馆-14号,14:00-15:00,1,1,已售/已满,已售,多云,18,15,4,0.0,83,28
2026-05-21 09:20:38,2026-05-21,4,羽毛球馆-14号,14:00-15:00,1,1,已售/已满,已售,多云,18,16,3,0.0,81,28
2026-05-21 09:30:46,2026-05-21,4,羽毛球馆-14号,14:00-15:00,1,1,已售/已满,已售,多云,18,16,3,0.0,81,32
2026-05-21 09:40:36,2026-05-21,4,羽毛球馆-14号,14:00-15:00,1,1,已售/已满,已售,多云,19,17,3,0.0,79,32
2026-05-21 09:50:42,2026-05-21,4,羽毛球馆-14号,14:00-15:00,1,1,已售/已满,已售,多云,19,17,4,0.0,81,32
2026-05-21 10:00:46,2026-05-21,4,羽毛球馆-14号,14:00-15:00,1,1,已售/已满,已售,多云,19,17,4,0.0,79,32
2026-05-21 10:10:40,2026-05-21,4,羽毛球馆-14号,14:00-15:00,1,1,已售/已满,已售,多云,19,17,4,0.0,79,32
2026-05-21 10:20:38,2026-05-21,4,羽毛球馆-14号,14:00-15:00,1,1,已售/已满,已售,多云,19,17,4,0.0,79,32
2026-05-21 10:30:41,2026-05-21,4,羽毛球馆-14号,14:00-15:00,1,1,已售/已满,已售,多云,19,18,3,0.0,78,31
2026-05-21 11:00:44,2026-05-21,4,羽毛球馆-14号,14:00-15:00,1,1,已售/已满,已售,多云,21,17,5,0.0,74,31
2026-05-21 11:30:38,2026-05-21,4,羽毛球馆-14号,14:00-15:00,1,1,已售/已满,已售,多云,21,19,3,0.0,72,33
2026-05-21 12:00:46,2026-05-21,4,羽毛球馆-14号,14:00-15:00,1,1,已售/已满,已售,多云,22,19,4,0.0,70,33
2026-05-21 12:30:42,2026-05-21,4,羽毛球馆-14号,14:00-15:00,1,1,已售/已满,已售,多云,22,21,3,0.0,68,35
2026-05-21 13:00:43,2026-05-21,4,羽毛球馆-14号,14:00-15:00,1,1,已售/已满,已售,多云,24,22,4,0.0,66,35
2026-05-21 13:30:43,2026-05-21,4,羽毛球馆-14号,14:00-15:00,1,1,已售/已满,已售,多云,24,22,4,0.0,66,36
2026-05-21 14:00:48,2026-05-21,4,羽毛球馆-14号,14:00-15:00,1,1,已售/已满,已售,多云,25,23,4,0.0,66,36
2026-05-21 14:30:45,2026-05-21,4,羽毛球馆-14号,14:00-15:00,1,1,已售/已满,已售,晴,25,25,3,0.0,65,39
2026-05-21 15:00:45,2026-05-21,4,羽毛球馆-14号,14:00-15:00,1,1,已售/已满,已售,晴,25,22,4,0.0,56,39
2026-05-21 15:30:43,2026-05-21,4,羽毛球馆-14号,14:00-15:00,1,1,已售/已满,已售,晴,25,23,4,0.0,57,40
2026-05-21 16:00:51,2026-05-21,4,羽毛球馆-14号,14:00-15:00,1,1,已售/已满,已售,晴,25,23,4,0.0,57,40
2026-05-21 16:30:48,2026-05-21,4,羽毛球馆-14号,14:00-15:00,1,1,已售/已满,已售,晴,25,24,3,0.0,60,39
2026-05-21 17:00:49,2026-05-21,4,羽毛球馆-14号,14:00-15:00,1,1,已售/已满,已售,晴,25,24,4,0.0,61,39
2026-05-21 17:30:47,2026-05-21,4,羽毛球馆-14号,14:00-15:00,1,1,已售/已满,已售,多云,24,23,3,0.0,64,39
2026-05-21 18:00:50,2026-05-21,4,羽毛球馆-14号,14:00-15:00,1,1,已售/已满,已售,多云,24,23,3,0.0,68,39
2026-05-21 18:30:50,2026-05-21,4,羽毛球馆-14号,14:00-15:00,1,1,已售/已满,已售,阴,24,25,2,0.0,68,40
2026-05-21 19:00:50,2026-05-21,4,羽毛球馆-14号,14:00-15:00,1,1,已售/已满,已售,阴,23,23,3,0.0,76,40
2026-05-21 19:30:46,2026-05-21,4,羽毛球馆-14号,14:00-15:00,1,1,已售/已满,已售,阴,23,24,2,0.0,77,39
2026-05-21 20:00:49,2026-05-21,4,羽毛球馆-14号,14:00-15:00,1,1,已售/已满,已售,雾,22,23,2,0.0,89,39
2026-05-21 20:30:44,2026-05-21,4,羽毛球馆-14号,14:00-15:00,1,1,已售/已满,已售,雾,22,24,2,0.0,93,43
2026-05-21 21:00:56,2026-05-21,4,羽毛球馆-14号,14:00-15:00,1,1,已售/已满,已售,雾,20,21,2,0.0,98,43
2026-05-21 21:30:46,2026-05-21,4,羽毛球馆-14号,14:00-15:00,1,1,已售/已满,已售,雾,20,22,1,0.0,99,41
2026-05-21 22:01:02,2026-05-21,4,羽毛球馆-14号,14:00-15:00,1,1,已售/已满,已售,雾,19,20,2,0.0,93,41
2026-05-21 22:30:47,2026-05-21,4,羽毛球馆-14号,14:00-15:00,1,1,已售/已满,已售,雾,19,19,3,0.0,88,46
2026-05-21 23:00:56,2026-05-21,4,羽毛球馆-14号,14:00-15:00,1,1,已售/已满,已售,多云,18,17,3,0.0,85,46
2026-05-21 23:30:55,2026-05-21,4,羽毛球馆-14号,14:00-15:00,1,1,已售/已满,已售,多云,18,17,3,0.0,85,48
2026-05-21 00:30:49,2026-05-21,4,羽毛球馆-14号,15:00-16:00,1,1,已售/已满,已售,多云,15,13,3,0.0,100,26
2026-05-21 01:00:55,2026-05-21,4,羽毛球馆-14号,15:00-16:00,1,1,已售/已满,已售,多云,15,12,4,0.0,100,26
2026-05-21 01:30:47,2026-05-21,4,羽毛球馆-14号,15:00-16:00,1,1,已售/已满,已售,多云,15,13,4,0.0,100,28
2026-05-21 02:00:53,2026-05-21,4,羽毛球馆-14号,15:00-16:00,1,1,已售/已满,已售,多云,15,12,4,0.0,100,28
2026-05-21 02:30:49,2026-05-21,4,羽毛球馆-14号,15:00-16:00,1,1,已售/已满,已售,多云,15,14,3,0.0,100,29
2026-05-21 03:00:55,2026-05-21,4,羽毛球馆-14号,15:00-16:00,1,1,已售/已满,已售,多云,15,12,4,0.0,100,29
2026-05-21 03:30:49,2026-05-21,4,羽毛球馆-14号,15:00-16:00,1,1,已售/已满,已售,多云,15,14,3,0.0,100,30
2026-05-21 04:30:45,2026-05-21,4,羽毛球馆-14号,15:00-16:00,1,1,已售/已满,已售,多云,15,12,4,0.0,100,29
2026-05-21 05:00:52,2026-05-21,4,羽毛球馆-14号,15:00-16:00,1,1,已售/已满,已售,多云,15,12,4,0.0,100,29
2026-05-21 05:30:49,2026-05-21,4,羽毛球馆-14号,15:00-16:00,1,1,已售/已满,已售,多云,15,13,3,0.0,100,28
2026-05-21 06:00:50,2026-05-21,4,羽毛球馆-14号,15:00-16:00,1,1,已售/已满,已售,多云,15,13,4,0.0,99,28
2026-05-21 06:30:38,2026-05-21,4,羽毛球馆-14号,15:00-16:00,1,1,已售/已满,已售,多云,15,13,3,0.0,97,28
2026-05-21 07:00:43,2026-05-21,4,羽毛球馆-14号,15:00-16:00,1,1,已售/已满,已售,晴,15,11,5,0.0,93,28
2026-05-21 07:30:39,2026-05-21,4,羽毛球馆-14号,15:00-16:00,1,1,已售/已满,已售,晴,17,13,4,0.0,89,29
2026-05-21 07:50:40,2026-05-21,4,羽毛球馆-14号,15:00-16:00,1,1,已售/已满,已售,晴,17,13,4,0.0,88,29
2026-05-21 07:53:31,2026-05-21,4,羽毛球馆-14号,15:00-16:00,1,1,已售/已满,已售,晴,17,12,5,0.0,86,29
2026-05-21 07:56:31,2026-05-21,4,羽毛球馆-14号,15:00-16:00,1,1,已售/已满,已售,晴,17,12,5,0.0,86,29
2026-05-21 07:59:26,2026-05-21,4,羽毛球馆-14号,15:00-16:00,1,1,已售/已满,已售,晴,17,12,5,0.0,86,29
2026-05-21 08:00:45,2026-05-21,4,羽毛球馆-14号,15:00-16:00,1,1,已售/已满,已售,晴,17,12,5,0.0,86,29
2026-05-21 08:02:30,2026-05-21,4,羽毛球馆-14号,15:00-16:00,1,1,已售/已满,已售,多云,17,12,5,0.0,87,29
2026-05-21 08:05:36,2026-05-21,4,羽毛球馆-14号,15:00-16:00,1,1,已售/已满,已售,多云,17,12,5,0.0,86,29
2026-05-21 08:08:31,2026-05-21,4,羽毛球馆-14号,15:00-16:00,1,1,已售/已满,已售,多云,17,12,5,0.0,86,29
2026-05-21 08:11:30,2026-05-21,4,羽毛球馆-14号,15:00-16:00,1,1,已售/已满,已售,多云,17,12,5,0.0,86,29
2026-05-21 08:14:31,2026-05-21,4,羽毛球馆-14号,15:00-16:00,1,1,已售/已满,已售,多云,17,12,5,0.0,86,29
2026-05-21 08:17:30,2026-05-21,4,羽毛球馆-14号,15:00-16:00,1,1,已售/已满,已售,多云,17,12,5,0.0,86,29
2026-05-21 08:20:35,2026-05-21,4,羽毛球馆-14号,15:00-16:00,1,1,已售/已满,已售,多云,17,14,4,0.0,85,29
2026-05-21 08:25:32,2026-05-21,4,羽毛球馆-14号,15:00-16:00,1,1,已售/已满,已售,多云,17,14,4,0.0,85,28
2026-05-21 08:30:42,2026-05-21,4,羽毛球馆-14号,15:00-16:00,1,1,已售/已满,已售,多云,18,15,4,0.0,84,28
2026-05-21 08:35:31,2026-05-21,4,羽毛球馆-14号,15:00-16:00,1,1,已售/已满,已售,多云,18,15,4,0.0,84,28
2026-05-21 08:40:38,2026-05-21,4,羽毛球馆-14号,15:00-16:00,1,1,已售/已满,已售,多云,18,15,4,0.0,82,28
2026-05-21 08:45:33,2026-05-21,4,羽毛球馆-14号,15:00-16:00,1,1,已售/已满,已售,多云,18,15,4,0.0,82,28
2026-05-21 08:50:36,2026-05-21,4,羽毛球馆-14号,15:00-16:00,1,1,已售/已满,已售,多云,18,15,4,0.0,82,28
2026-05-21 08:55:34,2026-05-21,4,羽毛球馆-14号,15:00-16:00,1,1,已售/已满,已售,多云,18,15,4,0.0,84,28
2026-05-21 09:00:51,2026-05-21,4,羽毛球馆-14号,15:00-16:00,1,1,已售/已满,已售,多云,18,15,4,0.0,84,28
2026-05-21 09:01:59,2026-05-21,4,羽毛球馆-14号,15:00-16:00,1,1,已售/已满,已售,多云,18,15,4,0.0,83,28
2026-05-21 09:05:33,2026-05-21,4,羽毛球馆-14号,15:00-16:00,1,1,已售/已满,已售,多云,18,15,4,0.0,83,28
2026-05-21 09:20:38,2026-05-21,4,羽毛球馆-14号,15:00-16:00,1,1,已售/已满,已售,多云,18,16,3,0.0,81,28
2026-05-21 09:30:46,2026-05-21,4,羽毛球馆-14号,15:00-16:00,1,1,已售/已满,已售,多云,18,16,3,0.0,81,32
2026-05-21 09:40:36,2026-05-21,4,羽毛球馆-14号,15:00-16:00,1,1,已售/已满,已售,多云,19,17,3,0.0,79,32
2026-05-21 09:50:42,2026-05-21,4,羽毛球馆-14号,15:00-16:00,1,1,已售/已满,已售,多云,19,17,4,0.0,81,32
2026-05-21 10:00:46,2026-05-21,4,羽毛球馆-14号,15:00-16:00,1,1,已售/已满,已售,多云,19,17,4,0.0,79,32
2026-05-21 10:10:40,2026-05-21,4,羽毛球馆-14号,15:00-16:00,1,1,已售/已满,已售,多云,19,17,4,0.0,79,32
2026-05-21 10:20:38,2026-05-21,4,羽毛球馆-14号,15:00-16:00,1,1,已售/已满,已售,多云,19,17,4,0.0,79,32
2026-05-21 10:30:41,2026-05-21,4,羽毛球馆-14号,15:00-16:00,1,1,已售/已满,已售,多云,19,18,3,0.0,78,31
2026-05-21 11:00:44,2026-05-21,4,羽毛球馆-14号,15:00-16:00,1,1,已售/已满,已售,多云,21,17,5,0.0,74,31
2026-05-21 11:30:38,2026-05-21,4,羽毛球馆-14号,15:00-16:00,1,1,已售/已满,已售,多云,21,19,3,0.0,72,33
2026-05-21 12:00:46,2026-05-21,4,羽毛球馆-14号,15:00-16:00,1,1,已售/已满,已售,多云,22,19,4,0.0,70,33
2026-05-21 12:30:42,2026-05-21,4,羽毛球馆-14号,15:00-16:00,1,1,已售/已满,已售,多云,22,21,3,0.0,68,35
2026-05-21 13:00:43,2026-05-21,4,羽毛球馆-14号,15:00-16:00,1,1,已售/已满,已售,多云,24,22,4,0.0,66,35
2026-05-21 13:30:43,2026-05-21,4,羽毛球馆-14号,15:00-16:00,1,1,已售/已满,已售,多云,24,22,4,0.0,66,36
2026-05-21 14:00:48,2026-05-21,4,羽毛球馆-14号,15:00-16:00,1,1,已售/已满,已售,多云,25,23,4,0.0,66,36
2026-05-21 14:30:45,2026-05-21,4,羽毛球馆-14号,15:00-16:00,1,1,已售/已满,已售,晴,25,25,3,0.0,65,39
2026-05-21 15:00:45,2026-05-21,4,羽毛球馆-14号,15:00-16:00,1,1,已售/已满,已售,晴,25,22,4,0.0,56,39
2026-05-21 15:30:43,2026-05-21,4,羽毛球馆-14号,15:00-16:00,1,1,已售/已满,已售,晴,25,23,4,0.0,57,40
2026-05-21 16:00:51,2026-05-21,4,羽毛球馆-14号,15:00-16:00,1,1,已售/已满,已售,晴,25,23,4,0.0,57,40
2026-05-21 16:30:48,2026-05-21,4,羽毛球馆-14号,15:00-16:00,1,1,已售/已满,已售,晴,25,24,3,0.0,60,39
2026-05-21 17:00:49,2026-05-21,4,羽毛球馆-14号,15:00-16:00,1,1,已售/已满,已售,晴,25,24,4,0.0,61,39
2026-05-21 17:30:47,2026-05-21,4,羽毛球馆-14号,15:00-16:00,1,1,已售/已满,已售,多云,24,23,3,0.0,64,39
2026-05-21 18:00:50,2026-05-21,4,羽毛球馆-14号,15:00-16:00,1,1,已售/已满,已售,多云,24,23,3,0.0,68,39
2026-05-21 18:30:50,2026-05-21,4,羽毛球馆-14号,15:00-16:00,1,1,已售/已满,已售,阴,24,25,2,0.0,68,40
2026-05-21 19:00:50,2026-05-21,4,羽毛球馆-14号,15:00-16:00,1,1,已售/已满,已售,阴,23,23,3,0.0,76,40
2026-05-21 19:30:46,2026-05-21,4,羽毛球馆-14号,15:00-16:00,1,1,已售/已满,已售,阴,23,24,2,0.0,77,39
2026-05-21 20:00:49,2026-05-21,4,羽毛球馆-14号,15:00-16:00,1,1,已售/已满,已售,雾,22,23,2,0.0,89,39
2026-05-21 20:30:44,2026-05-21,4,羽毛球馆-14号,15:00-16:00,1,1,已售/已满,已售,雾,22,24,2,0.0,93,43
2026-05-21 21:00:56,2026-05-21,4,羽毛球馆-14号,15:00-16:00,1,1,已售/已满,已售,雾,20,21,2,0.0,98,43
2026-05-21 21:30:46,2026-05-21,4,羽毛球馆-14号,15:00-16:00,1,1,已售/已满,已售,雾,20,22,1,0.0,99,41
2026-05-21 22:01:02,2026-05-21,4,羽毛球馆-14号,15:00-16:00,1,1,已售/已满,已售,雾,19,20,2,0.0,93,41
2026-05-21 22:30:47,2026-05-21,4,羽毛球馆-14号,15:00-16:00,1,1,已售/已满,已售,雾,19,19,3,0.0,88,46
2026-05-21 23:00:56,2026-05-21,4,羽毛球馆-14号,15:00-16:00,1,1,已售/已满,已售,多云,18,17,3,0.0,85,46
2026-05-21 23:30:55,2026-05-21,4,羽毛球馆-14号,15:00-16:00,1,1,已售/已满,已售,多云,18,17,3,0.0,85,48
2026-05-21 00:30:49,2026-05-21,4,羽毛球馆-14号,16:00-17:00,1,1,已售/已满,已售,多云,15,13,3,0.0,100,26
2026-05-21 01:00:55,2026-05-21,4,羽毛球馆-14号,16:00-17:00,1,1,已售/已满,已售,多云,15,12,4,0.0,100,26
2026-05-21 01:30:47,2026-05-21,4,羽毛球馆-14号,16:00-17:00,1,1,已售/已满,已售,多云,15,13,4,0.0,100,28
2026-05-21 02:00:53,2026-05-21,4,羽毛球馆-14号,16:00-17:00,1,1,已售/已满,已售,多云,15,12,4,0.0,100,28
2026-05-21 02:30:49,2026-05-21,4,羽毛球馆-14号,16:00-17:00,1,1,已售/已满,已售,多云,15,14,3,0.0,100,29
2026-05-21 03:00:55,2026-05-21,4,羽毛球馆-14号,16:00-17:00,1,1,已售/已满,已售,多云,15,12,4,0.0,100,29
2026-05-21 03:30:49,2026-05-21,4,羽毛球馆-14号,16:00-17:00,1,1,已售/已满,已售,多云,15,14,3,0.0,100,30
2026-05-21 04:30:45,2026-05-21,4,羽毛球馆-14号,16:00-17:00,1,1,已售/已满,已售,多云,15,12,4,0.0,100,29
2026-05-21 05:00:52,2026-05-21,4,羽毛球馆-14号,16:00-17:00,1,1,已售/已满,已售,多云,15,12,4,0.0,100,29
2026-05-21 05:30:49,2026-05-21,4,羽毛球馆-14号,16:00-17:00,1,1,已售/已满,已售,多云,15,13,3,0.0,100,28
2026-05-21 06:00:50,2026-05-21,4,羽毛球馆-14号,16:00-17:00,1,1,已售/已满,已售,多云,15,13,4,0.0,99,28
2026-05-21 06:30:38,2026-05-21,4,羽毛球馆-14号,16:00-17:00,1,1,已售/已满,已售,多云,15,13,3,0.0,97,28
2026-05-21 07:00:43,2026-05-21,4,羽毛球馆-14号,16:00-17:00,1,1,已售/已满,已售,晴,15,11,5,0.0,93,28
2026-05-21 07:30:39,2026-05-21,4,羽毛球馆-14号,16:00-17:00,1,1,已售/已满,已售,晴,17,13,4,0.0,89,29
2026-05-21 07:50:40,2026-05-21,4,羽毛球馆-14号,16:00-17:00,1,1,已售/已满,已售,晴,17,13,4,0.0,88,29
2026-05-21 07:53:31,2026-05-21,4,羽毛球馆-14号,16:00-17:00,1,1,已售/已满,已售,晴,17,12,5,0.0,86,29
2026-05-21 07:56:31,2026-05-21,4,羽毛球馆-14号,16:00-17:00,1,1,已售/已满,已售,晴,17,12,5,0.0,86,29
2026-05-21 07:59:26,2026-05-21,4,羽毛球馆-14号,16:00-17:00,1,1,已售/已满,已售,晴,17,12,5,0.0,86,29
2026-05-21 08:00:45,2026-05-21,4,羽毛球馆-14号,16:00-17:00,1,1,已售/已满,已售,晴,17,12,5,0.0,86,29
2026-05-21 08:02:30,2026-05-21,4,羽毛球馆-14号,16:00-17:00,1,1,已售/已满,已售,多云,17,12,5,0.0,87,29
2026-05-21 08:05:36,2026-05-21,4,羽毛球馆-14号,16:00-17:00,1,1,已售/已满,已售,多云,17,12,5,0.0,86,29
2026-05-21 08:08:31,2026-05-21,4,羽毛球馆-14号,16:00-17:00,1,1,已售/已满,已售,多云,17,12,5,0.0,86,29
2026-05-21 08:11:30,2026-05-21,4,羽毛球馆-14号,16:00-17:00,1,1,已售/已满,已售,多云,17,12,5,0.0,86,29
2026-05-21 08:14:31,2026-05-21,4,羽毛球馆-14号,16:00-17:00,1,1,已售/已满,已售,多云,17,12,5,0.0,86,29
2026-05-21 08:17:30,2026-05-21,4,羽毛球馆-14号,16:00-17:00,1,1,已售/已满,已售,多云,17,12,5,0.0,86,29
2026-05-21 08:20:35,2026-05-21,4,羽毛球馆-14号,16:00-17:00,1,1,已售/已满,已售,多云,17,14,4,0.0,85,29
2026-05-21 08:25:32,2026-05-21,4,羽毛球馆-14号,16:00-17:00,1,1,已售/已满,已售,多云,17,14,4,0.0,85,28
2026-05-21 08:30:42,2026-05-21,4,羽毛球馆-14号,16:00-17:00,1,1,已售/已满,已售,多云,18,15,4,0.0,84,28
2026-05-21 08:35:31,2026-05-21,4,羽毛球馆-14号,16:00-17:00,1,1,已售/已满,已售,多云,18,15,4,0.0,84,28
2026-05-21 08:40:38,2026-05-21,4,羽毛球馆-14号,16:00-17:00,1,1,已售/已满,已售,多云,18,15,4,0.0,82,28
2026-05-21 08:45:33,2026-05-21,4,羽毛球馆-14号,16:00-17:00,1,1,已售/已满,已售,多云,18,15,4,0.0,82,28
2026-05-21 08:50:36,2026-05-21,4,羽毛球馆-14号,16:00-17:00,1,1,已售/已满,已售,多云,18,15,4,0.0,82,28
2026-05-21 08:55:34,2026-05-21,4,羽毛球馆-14号,16:00-17:00,1,1,已售/已满,已售,多云,18,15,4,0.0,84,28
2026-05-21 09:00:51,2026-05-21,4,羽毛球馆-14号,16:00-17:00,1,1,已售/已满,已售,多云,18,15,4,0.0,84,28
2026-05-21 09:01:59,2026-05-21,4,羽毛球馆-14号,16:00-17:00,1,1,已售/已满,已售,多云,18,15,4,0.0,83,28
2026-05-21 09:05:33,2026-05-21,4,羽毛球馆-14号,16:00-17:00,1,1,已售/已满,已售,多云,18,15,4,0.0,83,28
2026-05-21 09:20:38,2026-05-21,4,羽毛球馆-14号,16:00-17:00,1,1,已售/已满,已售,多云,18,16,3,0.0,81,28
2026-05-21 09:30:46,2026-05-21,4,羽毛球馆-14号,16:00-17:00,1,1,已售/已满,已售,多云,18,16,3,0.0,81,32
2026-05-21 09:40:36,2026-05-21,4,羽毛球馆-14号,16:00-17:00,1,1,已售/已满,已售,多云,19,17,3,0.0,79,32
2026-05-21 09:50:42,2026-05-21,4,羽毛球馆-14号,16:00-17:00,1,1,已售/已满,已售,多云,19,17,4,0.0,81,32
2026-05-21 10:00:46,2026-05-21,4,羽毛球馆-14号,16:00-17:00,1,1,已售/已满,已售,多云,19,17,4,0.0,79,32
2026-05-21 10:10:40,2026-05-21,4,羽毛球馆-14号,16:00-17:00,1,1,已售/已满,已售,多云,19,17,4,0.0,79,32
2026-05-21 10:20:38,2026-05-21,4,羽毛球馆-14号,16:00-17:00,1,1,已售/已满,已售,多云,19,17,4,0.0,79,32
2026-05-21 10:30:41,2026-05-21,4,羽毛球馆-14号,16:00-17:00,1,1,已售/已满,已售,多云,19,18,3,0.0,78,31
2026-05-21 11:00:44,2026-05-21,4,羽毛球馆-14号,16:00-17:00,1,1,已售/已满,已售,多云,21,17,5,0.0,74,31
2026-05-21 11:30:38,2026-05-21,4,羽毛球馆-14号,16:00-17:00,1,1,已售/已满,已售,多云,21,19,3,0.0,72,33
2026-05-21 12:00:46,2026-05-21,4,羽毛球馆-14号,16:00-17:00,1,1,已售/已满,已售,多云,22,19,4,0.0,70,33
2026-05-21 12:30:42,2026-05-21,4,羽毛球馆-14号,16:00-17:00,1,1,已售/已满,已售,多云,22,21,3,0.0,68,35
2026-05-21 13:00:43,2026-05-21,4,羽毛球馆-14号,16:00-17:00,1,1,已售/已满,已售,多云,24,22,4,0.0,66,35
2026-05-21 13:30:43,2026-05-21,4,羽毛球馆-14号,16:00-17:00,1,1,已售/已满,已售,多云,24,22,4,0.0,66,36
2026-05-21 14:00:48,2026-05-21,4,羽毛球馆-14号,16:00-17:00,1,1,已售/已满,已售,多云,25,23,4,0.0,66,36
2026-05-21 14:30:45,2026-05-21,4,羽毛球馆-14号,16:00-17:00,1,1,已售/已满,已售,晴,25,25,3,0.0,65,39
2026-05-21 15:00:45,2026-05-21,4,羽毛球馆-14号,16:00-17:00,1,1,已售/已满,已售,晴,25,22,4,0.0,56,39
2026-05-21 15:30:43,2026-05-21,4,羽毛球馆-14号,16:00-17:00,1,1,已售/已满,已售,晴,25,23,4,0.0,57,40
2026-05-21 16:00:51,2026-05-21,4,羽毛球馆-14号,16:00-17:00,1,1,已售/已满,已售,晴,25,23,4,0.0,57,40
2026-05-21 16:30:48,2026-05-21,4,羽毛球馆-14号,16:00-17:00,1,1,已售/已满,已售,晴,25,24,3,0.0,60,39
2026-05-21 17:00:49,2026-05-21,4,羽毛球馆-14号,16:00-17:00,1,1,已售/已满,已售,晴,25,24,4,0.0,61,39
2026-05-21 17:30:47,2026-05-21,4,羽毛球馆-14号,16:00-17:00,1,1,已售/已满,已售,多云,24,23,3,0.0,64,39
2026-05-21 18:00:50,2026-05-21,4,羽毛球馆-14号,16:00-17:00,1,1,已售/已满,已售,多云,24,23,3,0.0,68,39
2026-05-21 18:30:50,2026-05-21,4,羽毛球馆-14号,16:00-17:00,1,1,已售/已满,已售,阴,24,25,2,0.0,68,40
2026-05-21 19:00:50,2026-05-21,4,羽毛球馆-14号,16:00-17:00,1,1,已售/已满,已售,阴,23,23,3,0.0,76,40
2026-05-21 19:30:46,2026-05-21,4,羽毛球馆-14号,16:00-17:00,1,1,已售/已满,已售,阴,23,24,2,0.0,77,39
2026-05-21 20:00:49,2026-05-21,4,羽毛球馆-14号,16:00-17:00,1,1,已售/已满,已售,雾,22,23,2,0.0,89,39
2026-05-21 20:30:44,2026-05-21,4,羽毛球馆-14号,16:00-17:00,1,1,已售/已满,已售,雾,22,24,2,0.0,93,43
2026-05-21 21:00:56,2026-05-21,4,羽毛球馆-14号,16:00-17:00,1,1,已售/已满,已售,雾,20,21,2,0.0,98,43
2026-05-21 21:30:46,2026-05-21,4,羽毛球馆-14号,16:00-17:00,1,1,已售/已满,已售,雾,20,22,1,0.0,99,41
2026-05-21 22:01:02,2026-05-21,4,羽毛球馆-14号,16:00-17:00,1,1,已售/已满,已售,雾,19,20,2,0.0,93,41
2026-05-21 22:30:47,2026-05-21,4,羽毛球馆-14号,16:00-17:00,1,1,已售/已满,已售,雾,19,19,3,0.0,88,46
2026-05-21 23:00:56,2026-05-21,4,羽毛球馆-14号,16:00-17:00,1,1,已售/已满,已售,多云,18,17,3,0.0,85,46
2026-05-21 23:30:55,2026-05-21,4,羽毛球馆-14号,16:00-17:00,1,1,已售/已满,已售,多云,18,17,3,0.0,85,48
2026-05-21 00:30:49,2026-05-21,4,羽毛球馆-14号,17:00-18:00,1,1,已售/已满,已售,多云,15,13,3,0.0,100,26
2026-05-21 01:00:55,2026-05-21,4,羽毛球馆-14号,17:00-18:00,1,1,已售/已满,已售,多云,15,12,4,0.0,100,26
2026-05-21 01:30:47,2026-05-21,4,羽毛球馆-14号,17:00-18:00,1,1,已售/已满,已售,多云,15,13,4,0.0,100,28
2026-05-21 02:00:53,2026-05-21,4,羽毛球馆-14号,17:00-18:00,1,1,已售/已满,已售,多云,15,12,4,0.0,100,28
2026-05-21 02:30:49,2026-05-21,4,羽毛球馆-14号,17:00-18:00,1,1,已售/已满,已售,多云,15,14,3,0.0,100,29
2026-05-21 03:00:55,2026-05-21,4,羽毛球馆-14号,17:00-18:00,1,1,已售/已满,已售,多云,15,12,4,0.0,100,29
2026-05-21 03:30:49,2026-05-21,4,羽毛球馆-14号,17:00-18:00,1,1,已售/已满,已售,多云,15,14,3,0.0,100,30
2026-05-21 04:30:45,2026-05-21,4,羽毛球馆-14号,17:00-18:00,1,1,已售/已满,已售,多云,15,12,4,0.0,100,29
2026-05-21 05:00:52,2026-05-21,4,羽毛球馆-14号,17:00-18:00,1,1,已售/已满,已售,多云,15,12,4,0.0,100,29
2026-05-21 05:30:49,2026-05-21,4,羽毛球馆-14号,17:00-18:00,1,1,已售/已满,已售,多云,15,13,3,0.0,100,28
2026-05-21 06:00:50,2026-05-21,4,羽毛球馆-14号,17:00-18:00,1,1,已售/已满,已售,多云,15,13,4,0.0,99,28
2026-05-21 06:30:38,2026-05-21,4,羽毛球馆-14号,17:00-18:00,1,1,已售/已满,已售,多云,15,13,3,0.0,97,28
2026-05-21 07:00:43,2026-05-21,4,羽毛球馆-14号,17:00-18:00,1,1,已售/已满,已售,晴,15,11,5,0.0,93,28
2026-05-21 07:30:39,2026-05-21,4,羽毛球馆-14号,17:00-18:00,1,1,已售/已满,已售,晴,17,13,4,0.0,89,29
2026-05-21 07:50:40,2026-05-21,4,羽毛球馆-14号,17:00-18:00,1,1,已售/已满,已售,晴,17,13,4,0.0,88,29
2026-05-21 07:53:31,2026-05-21,4,羽毛球馆-14号,17:00-18:00,1,1,已售/已满,已售,晴,17,12,5,0.0,86,29
2026-05-21 07:56:31,2026-05-21,4,羽毛球馆-14号,17:00-18:00,1,1,已售/已满,已售,晴,17,12,5,0.0,86,29
2026-05-21 07:59:26,2026-05-21,4,羽毛球馆-14号,17:00-18:00,1,1,已售/已满,已售,晴,17,12,5,0.0,86,29
2026-05-21 08:00:45,2026-05-21,4,羽毛球馆-14号,17:00-18:00,1,1,已售/已满,已售,晴,17,12,5,0.0,86,29
2026-05-21 08:02:30,2026-05-21,4,羽毛球馆-14号,17:00-18:00,1,1,已售/已满,已售,多云,17,12,5,0.0,87,29
2026-05-21 08:05:36,2026-05-21,4,羽毛球馆-14号,17:00-18:00,1,1,已售/已满,已售,多云,17,12,5,0.0,86,29
2026-05-21 08:08:31,2026-05-21,4,羽毛球馆-14号,17:00-18:00,1,1,已售/已满,已售,多云,17,12,5,0.0,86,29
2026-05-21 08:11:30,2026-05-21,4,羽毛球馆-14号,17:00-18:00,1,1,已售/已满,已售,多云,17,12,5,0.0,86,29
2026-05-21 08:14:31,2026-05-21,4,羽毛球馆-14号,17:00-18:00,1,1,已售/已满,已售,多云,17,12,5,0.0,86,29
2026-05-21 08:17:30,2026-05-21,4,羽毛球馆-14号,17:00-18:00,1,1,已售/已满,已售,多云,17,12,5,0.0,86,29
2026-05-21 08:20:35,2026-05-21,4,羽毛球馆-14号,17:00-18:00,1,1,已售/已满,已售,多云,17,14,4,0.0,85,29
2026-05-21 08:25:32,2026-05-21,4,羽毛球馆-14号,17:00-18:00,1,1,已售/已满,已售,多云,17,14,4,0.0,85,28
2026-05-21 08:30:42,2026-05-21,4,羽毛球馆-14号,17:00-18:00,1,1,已售/已满,已售,多云,18,15,4,0.0,84,28
2026-05-21 08:35:31,2026-05-21,4,羽毛球馆-14号,17:00-18:00,1,1,已售/已满,已售,多云,18,15,4,0.0,84,28
2026-05-21 08:40:38,2026-05-21,4,羽毛球馆-14号,17:00-18:00,1,1,已售/已满,已售,多云,18,15,4,0.0,82,28
2026-05-21 08:45:33,2026-05-21,4,羽毛球馆-14号,17:00-18:00,1,1,已售/已满,已售,多云,18,15,4,0.0,82,28
2026-05-21 08:50:36,2026-05-21,4,羽毛球馆-14号,17:00-18:00,1,1,已售/已满,已售,多云,18,15,4,0.0,82,28
2026-05-21 08:55:34,2026-05-21,4,羽毛球馆-14号,17:00-18:00,1,1,已售/已满,已售,多云,18,15,4,0.0,84,28
2026-05-21 09:00:51,2026-05-21,4,羽毛球馆-14号,17:00-18:00,1,1,已售/已满,已售,多云,18,15,4,0.0,84,28
2026-05-21 09:01:59,2026-05-21,4,羽毛球馆-14号,17:00-18:00,1,1,已售/已满,已售,多云,18,15,4,0.0,83,28
2026-05-21 09:05:33,2026-05-21,4,羽毛球馆-14号,17:00-18:00,1,1,已售/已满,已售,多云,18,15,4,0.0,83,28
2026-05-21 09:20:38,2026-05-21,4,羽毛球馆-14号,17:00-18:00,1,1,已售/已满,已售,多云,18,16,3,0.0,81,28
2026-05-21 09:30:46,2026-05-21,4,羽毛球馆-14号,17:00-18:00,1,1,已售/已满,已售,多云,18,16,3,0.0,81,32
2026-05-21 09:40:36,2026-05-21,4,羽毛球馆-14号,17:00-18:00,1,1,已售/已满,已售,多云,19,17,3,0.0,79,32
2026-05-21 09:50:42,2026-05-21,4,羽毛球馆-14号,17:00-18:00,1,1,已售/已满,已售,多云,19,17,4,0.0,81,32
2026-05-21 10:00:46,2026-05-21,4,羽毛球馆-14号,17:00-18:00,1,1,已售/已满,已售,多云,19,17,4,0.0,79,32
2026-05-21 10:10:40,2026-05-21,4,羽毛球馆-14号,17:00-18:00,1,1,已售/已满,已售,多云,19,17,4,0.0,79,32
2026-05-21 10:20:38,2026-05-21,4,羽毛球馆-14号,17:00-18:00,1,1,已售/已满,已售,多云,19,17,4,0.0,79,32
2026-05-21 10:30:41,2026-05-21,4,羽毛球馆-14号,17:00-18:00,1,1,已售/已满,已售,多云,19,18,3,0.0,78,31
2026-05-21 11:00:44,2026-05-21,4,羽毛球馆-14号,17:00-18:00,1,1,已售/已满,已售,多云,21,17,5,0.0,74,31
2026-05-21 11:30:38,2026-05-21,4,羽毛球馆-14号,17:00-18:00,1,1,已售/已满,已售,多云,21,19,3,0.0,72,33
2026-05-21 12:00:46,2026-05-21,4,羽毛球馆-14号,17:00-18:00,1,1,已售/已满,已售,多云,22,19,4,0.0,70,33
2026-05-21 12:30:42,2026-05-21,4,羽毛球馆-14号,17:00-18:00,1,1,已售/已满,已售,多云,22,21,3,0.0,68,35
2026-05-21 13:00:43,2026-05-21,4,羽毛球馆-14号,17:00-18:00,1,1,已售/已满,已售,多云,24,22,4,0.0,66,35
2026-05-21 13:30:43,2026-05-21,4,羽毛球馆-14号,17:00-18:00,1,1,已售/已满,已售,多云,24,22,4,0.0,66,36
2026-05-21 14:00:48,2026-05-21,4,羽毛球馆-14号,17:00-18:00,1,1,已售/已满,已售,多云,25,23,4,0.0,66,36
2026-05-21 14:30:45,2026-05-21,4,羽毛球馆-14号,17:00-18:00,1,1,已售/已满,已售,晴,25,25,3,0.0,65,39
2026-05-21 15:00:45,2026-05-21,4,羽毛球馆-14号,17:00-18:00,1,1,已售/已满,已售,晴,25,22,4,0.0,56,39
2026-05-21 15:30:43,2026-05-21,4,羽毛球馆-14号,17:00-18:00,1,1,已售/已满,已售,晴,25,23,4,0.0,57,40
2026-05-21 16:00:51,2026-05-21,4,羽毛球馆-14号,17:00-18:00,1,1,已售/已满,已售,晴,25,23,4,0.0,57,40
2026-05-21 16:30:48,2026-05-21,4,羽毛球馆-14号,17:00-18:00,1,1,已售/已满,已售,晴,25,24,3,0.0,60,39
2026-05-21 17:00:49,2026-05-21,4,羽毛球馆-14号,17:00-18:00,1,1,已售/已满,已售,晴,25,24,4,0.0,61,39
2026-05-21 17:30:47,2026-05-21,4,羽毛球馆-14号,17:00-18:00,1,1,已售/已满,已售,多云,24,23,3,0.0,64,39
2026-05-21 18:00:50,2026-05-21,4,羽毛球馆-14号,17:00-18:00,1,1,已售/已满,已售,多云,24,23,3,0.0,68,39
2026-05-21 18:30:50,2026-05-21,4,羽毛球馆-14号,17:00-18:00,1,1,已售/已满,已售,阴,24,25,2,0.0,68,40
2026-05-21 19:00:50,2026-05-21,4,羽毛球馆-14号,17:00-18:00,1,1,已售/已满,已售,阴,23,23,3,0.0,76,40
2026-05-21 19:30:46,2026-05-21,4,羽毛球馆-14号,17:00-18:00,1,1,已售/已满,已售,阴,23,24,2,0.0,77,39
2026-05-21 20:00:49,2026-05-21,4,羽毛球馆-14号,17:00-18:00,1,1,已售/已满,已售,雾,22,23,2,0.0,89,39
2026-05-21 20:30:44,2026-05-21,4,羽毛球馆-14号,17:00-18:00,1,1,已售/已满,已售,雾,22,24,2,0.0,93,43
2026-05-21 21:00:56,2026-05-21,4,羽毛球馆-14号,17:00-18:00,1,1,已售/已满,已售,雾,20,21,2,0.0,98,43
2026-05-21 21:30:46,2026-05-21,4,羽毛球馆-14号,17:00-18:00,1,1,已售/已满,已售,雾,20,22,1,0.0,99,41
2026-05-21 22:01:02,2026-05-21,4,羽毛球馆-14号,17:00-18:00,1,1,已售/已满,已售,雾,19,20,2,0.0,93,41
2026-05-21 22:30:47,2026-05-21,4,羽毛球馆-14号,17:00-18:00,1,1,已售/已满,已售,雾,19,19,3,0.0,88,46
2026-05-21 23:00:56,2026-05-21,4,羽毛球馆-14号,17:00-18:00,1,1,已售/已满,已售,多云,18,17,3,0.0,85,46
2026-05-21 23:30:55,2026-05-21,4,羽毛球馆-14号,17:00-18:00,1,1,已售/已满,已售,多云,18,17,3,0.0,85,48
2026-05-21 00:30:49,2026-05-21,4,羽毛球馆-14号,18:30-19:30,1,1,已售/已满,教工羽毛球赛,多云,15,13,3,0.0,100,26
2026-05-21 01:00:55,2026-05-21,4,羽毛球馆-14号,18:30-19:30,1,1,已售/已满,教工羽毛球赛,多云,15,12,4,0.0,100,26
2026-05-21 01:30:47,2026-05-21,4,羽毛球馆-14号,18:30-19:30,1,1,已售/已满,教工羽毛球赛,多云,15,13,4,0.0,100,28
2026-05-21 02:00:53,2026-05-21,4,羽毛球馆-14号,18:30-19:30,1,1,已售/已满,教工羽毛球赛,多云,15,12,4,0.0,100,28
2026-05-21 02:30:49,2026-05-21,4,羽毛球馆-14号,18:30-19:30,1,1,已售/已满,教工羽毛球赛,多云,15,14,3,0.0,100,29
2026-05-21 03:00:55,2026-05-21,4,羽毛球馆-14号,18:30-19:30,1,1,已售/已满,教工羽毛球赛,多云,15,12,4,0.0,100,29
2026-05-21 03:30:49,2026-05-21,4,羽毛球馆-14号,18:30-19:30,1,1,已售/已满,教工羽毛球赛,多云,15,14,3,0.0,100,30
2026-05-21 04:30:45,2026-05-21,4,羽毛球馆-14号,18:30-19:30,1,1,已售/已满,教工羽毛球赛,多云,15,12,4,0.0,100,29
2026-05-21 05:00:52,2026-05-21,4,羽毛球馆-14号,18:30-19:30,1,1,已售/已满,教工羽毛球赛,多云,15,12,4,0.0,100,29
2026-05-21 05:30:49,2026-05-21,4,羽毛球馆-14号,18:30-19:30,1,1,已售/已满,教工羽毛球赛,多云,15,13,3,0.0,100,28
2026-05-21 06:00:50,2026-05-21,4,羽毛球馆-14号,18:30-19:30,1,1,已售/已满,教工羽毛球赛,多云,15,13,4,0.0,99,28
2026-05-21 06:30:38,2026-05-21,4,羽毛球馆-14号,18:30-19:30,1,1,已售/已满,教工羽毛球赛,多云,15,13,3,0.0,97,28
2026-05-21 07:00:43,2026-05-21,4,羽毛球馆-14号,18:30-19:30,1,1,已售/已满,教工羽毛球赛,晴,15,11,5,0.0,93,28
2026-05-21 07:30:39,2026-05-21,4,羽毛球馆-14号,18:30-19:30,1,1,已售/已满,教工羽毛球赛,晴,17,13,4,0.0,89,29
2026-05-21 07:50:40,2026-05-21,4,羽毛球馆-14号,18:30-19:30,1,1,已售/已满,教工羽毛球赛,晴,17,13,4,0.0,88,29
2026-05-21 07:53:31,2026-05-21,4,羽毛球馆-14号,18:30-19:30,1,1,已售/已满,教工羽毛球赛,晴,17,12,5,0.0,86,29
2026-05-21 07:56:31,2026-05-21,4,羽毛球馆-14号,18:30-19:30,1,1,已售/已满,教工羽毛球赛,晴,17,12,5,0.0,86,29
2026-05-21 07:59:26,2026-05-21,4,羽毛球馆-14号,18:30-19:30,1,1,已售/已满,教工羽毛球赛,晴,17,12,5,0.0,86,29
2026-05-21 08:00:45,2026-05-21,4,羽毛球馆-14号,18:30-19:30,1,1,已售/已满,教工羽毛球赛,晴,17,12,5,0.0,86,29
2026-05-21 08:02:30,2026-05-21,4,羽毛球馆-14号,18:30-19:30,1,1,已售/已满,教工羽毛球赛,多云,17,12,5,0.0,87,29
2026-05-21 08:05:36,2026-05-21,4,羽毛球馆-14号,18:30-19:30,1,1,已售/已满,教工羽毛球赛,多云,17,12,5,0.0,86,29
2026-05-21 08:08:31,2026-05-21,4,羽毛球馆-14号,18:30-19:30,1,1,已售/已满,教工羽毛球赛,多云,17,12,5,0.0,86,29
2026-05-21 08:11:30,2026-05-21,4,羽毛球馆-14号,18:30-19:30,1,1,已售/已满,教工羽毛球赛,多云,17,12,5,0.0,86,29
2026-05-21 08:14:31,2026-05-21,4,羽毛球馆-14号,18:30-19:30,1,1,已售/已满,教工羽毛球赛,多云,17,12,5,0.0,86,29
2026-05-21 08:17:30,2026-05-21,4,羽毛球馆-14号,18:30-19:30,1,1,已售/已满,教工羽毛球赛,多云,17,12,5,0.0,86,29
2026-05-21 08:20:35,2026-05-21,4,羽毛球馆-14号,18:30-19:30,1,1,已售/已满,教工羽毛球赛,多云,17,14,4,0.0,85,29
2026-05-21 08:25:32,2026-05-21,4,羽毛球馆-14号,18:30-19:30,1,1,已售/已满,教工羽毛球赛,多云,17,14,4,0.0,85,28
2026-05-21 08:30:42,2026-05-21,4,羽毛球馆-14号,18:30-19:30,1,1,已售/已满,教工羽毛球赛,多云,18,15,4,0.0,84,28
2026-05-21 08:35:31,2026-05-21,4,羽毛球馆-14号,18:30-19:30,1,1,已售/已满,教工羽毛球赛,多云,18,15,4,0.0,84,28
2026-05-21 08:40:38,2026-05-21,4,羽毛球馆-14号,18:30-19:30,1,1,已售/已满,教工羽毛球赛,多云,18,15,4,0.0,82,28
2026-05-21 08:45:33,2026-05-21,4,羽毛球馆-14号,18:30-19:30,1,1,已售/已满,教工羽毛球赛,多云,18,15,4,0.0,82,28
2026-05-21 08:50:36,2026-05-21,4,羽毛球馆-14号,18:30-19:30,1,1,已售/已满,教工羽毛球赛,多云,18,15,4,0.0,82,28
2026-05-21 08:55:34,2026-05-21,4,羽毛球馆-14号,18:30-19:30,1,1,已售/已满,教工羽毛球赛,多云,18,15,4,0.0,84,28
2026-05-21 09:00:51,2026-05-21,4,羽毛球馆-14号,18:30-19:30,1,1,已售/已满,教工羽毛球赛,多云,18,15,4,0.0,84,28
2026-05-21 09:01:59,2026-05-21,4,羽毛球馆-14号,18:30-19:30,1,1,已售/已满,教工羽毛球赛,多云,18,15,4,0.0,83,28
2026-05-21 09:05:33,2026-05-21,4,羽毛球馆-14号,18:30-19:30,1,1,已售/已满,教工羽毛球赛,多云,18,15,4,0.0,83,28
2026-05-21 09:20:38,2026-05-21,4,羽毛球馆-14号,18:30-19:30,1,1,已售/已满,教工羽毛球赛,多云,18,16,3,0.0,81,28
2026-05-21 09:30:46,2026-05-21,4,羽毛球馆-14号,18:30-19:30,1,1,已售/已满,教工羽毛球赛,多云,18,16,3,0.0,81,32
2026-05-21 09:40:36,2026-05-21,4,羽毛球馆-14号,18:30-19:30,1,1,已售/已满,教工羽毛球赛,多云,19,17,3,0.0,79,32
2026-05-21 09:50:42,2026-05-21,4,羽毛球馆-14号,18:30-19:30,1,1,已售/已满,教工羽毛球赛,多云,19,17,4,0.0,81,32
2026-05-21 10:00:46,2026-05-21,4,羽毛球馆-14号,18:30-19:30,1,1,已售/已满,教工羽毛球赛,多云,19,17,4,0.0,79,32
2026-05-21 10:10:40,2026-05-21,4,羽毛球馆-14号,18:30-19:30,1,1,已售/已满,教工羽毛球赛,多云,19,17,4,0.0,79,32
2026-05-21 10:20:38,2026-05-21,4,羽毛球馆-14号,18:30-19:30,1,1,已售/已满,教工羽毛球赛,多云,19,17,4,0.0,79,32
2026-05-21 10:30:41,2026-05-21,4,羽毛球馆-14号,18:30-19:30,1,1,已售/已满,教工羽毛球赛,多云,19,18,3,0.0,78,31
2026-05-21 11:00:44,2026-05-21,4,羽毛球馆-14号,18:30-19:30,1,1,已售/已满,教工羽毛球赛,多云,21,17,5,0.0,74,31
2026-05-21 11:30:38,2026-05-21,4,羽毛球馆-14号,18:30-19:30,1,1,已售/已满,教工羽毛球赛,多云,21,19,3,0.0,72,33
2026-05-21 12:00:46,2026-05-21,4,羽毛球馆-14号,18:30-19:30,1,1,已售/已满,教工羽毛球赛,多云,22,19,4,0.0,70,33
2026-05-21 12:30:42,2026-05-21,4,羽毛球馆-14号,18:30-19:30,1,1,已售/已满,教工羽毛球赛,多云,22,21,3,0.0,68,35
2026-05-21 13:00:43,2026-05-21,4,羽毛球馆-14号,18:30-19:30,1,1,已售/已满,教工羽毛球赛,多云,24,22,4,0.0,66,35
2026-05-21 13:30:43,2026-05-21,4,羽毛球馆-14号,18:30-19:30,1,1,已售/已满,教工羽毛球赛,多云,24,22,4,0.0,66,36
2026-05-21 14:00:48,2026-05-21,4,羽毛球馆-14号,18:30-19:30,1,1,已售/已满,教工羽毛球赛,多云,25,23,4,0.0,66,36
2026-05-21 14:30:45,2026-05-21,4,羽毛球馆-14号,18:30-19:30,1,1,已售/已满,教工羽毛球赛,晴,25,25,3,0.0,65,39
2026-05-21 15:00:45,2026-05-21,4,羽毛球馆-14号,18:30-19:30,1,1,已售/已满,教工羽毛球赛,晴,25,22,4,0.0,56,39
2026-05-21 15:30:43,2026-05-21,4,羽毛球馆-14号,18:30-19:30,1,1,已售/已满,教工羽毛球赛,晴,25,23,4,0.0,57,40
2026-05-21 16:00:51,2026-05-21,4,羽毛球馆-14号,18:30-19:30,1,1,已售/已满,教工羽毛球赛,晴,25,23,4,0.0,57,40
2026-05-21 16:30:48,2026-05-21,4,羽毛球馆-14号,18:30-19:30,1,1,已售/已满,教工羽毛球赛,晴,25,24,3,0.0,60,39
2026-05-21 17:00:49,2026-05-21,4,羽毛球馆-14号,18:30-19:30,1,1,已售/已满,教工羽毛球赛,晴,25,24,4,0.0,61,39
2026-05-21 17:30:47,2026-05-21,4,羽毛球馆-14号,18:30-19:30,1,1,已售/已满,教工羽毛球赛,多云,24,23,3,0.0,64,39
2026-05-21 18:00:50,2026-05-21,4,羽毛球馆-14号,18:30-19:30,1,1,已售/已满,教工羽毛球赛,多云,24,23,3,0.0,68,39
2026-05-21 18:30:50,2026-05-21,4,羽毛球馆-14号,18:30-19:30,1,1,已售/已满,教工羽毛球赛,阴,24,25,2,0.0,68,40
2026-05-21 19:00:50,2026-05-21,4,羽毛球馆-14号,18:30-19:30,1,1,已售/已满,教工羽毛球赛,阴,23,23,3,0.0,76,40
2026-05-21 19:30:46,2026-05-21,4,羽毛球馆-14号,18:30-19:30,1,1,已售/已满,教工羽毛球赛,阴,23,24,2,0.0,77,39
2026-05-21 20:00:49,2026-05-21,4,羽毛球馆-14号,18:30-19:30,1,1,已售/已满,教工羽毛球赛,雾,22,23,2,0.0,89,39
2026-05-21 20:30:44,2026-05-21,4,羽毛球馆-14号,18:30-19:30,1,1,已售/已满,教工羽毛球赛,雾,22,24,2,0.0,93,43
2026-05-21 21:00:56,2026-05-21,4,羽毛球馆-14号,18:30-19:30,1,1,已售/已满,教工羽毛球赛,雾,20,21,2,0.0,98,43
2026-05-21 21:30:46,2026-05-21,4,羽毛球馆-14号,18:30-19:30,1,1,已售/已满,教工羽毛球赛,雾,20,22,1,0.0,99,41
2026-05-21 22:01:02,2026-05-21,4,羽毛球馆-14号,18:30-19:30,1,1,已售/已满,教工羽毛球赛,雾,19,20,2,0.0,93,41
2026-05-21 22:30:47,2026-05-21,4,羽毛球馆-14号,18:30-19:30,1,1,已售/已满,教工羽毛球赛,雾,19,19,3,0.0,88,46
2026-05-21 23:00:56,2026-05-21,4,羽毛球馆-14号,18:30-19:30,1,1,已售/已满,教工羽毛球赛,多云,18,17,3,0.0,85,46
2026-05-21 23:30:55,2026-05-21,4,羽毛球馆-14号,18:30-19:30,1,1,已售/已满,教工羽毛球赛,多云,18,17,3,0.0,85,48
2026-05-21 00:30:49,2026-05-21,4,羽毛球馆-14号,19:30-20:30,1,1,已售/已满,教工羽毛球赛,多云,15,13,3,0.0,100,26
2026-05-21 01:00:55,2026-05-21,4,羽毛球馆-14号,19:30-20:30,1,1,已售/已满,教工羽毛球赛,多云,15,12,4,0.0,100,26
2026-05-21 01:30:47,2026-05-21,4,羽毛球馆-14号,19:30-20:30,1,1,已售/已满,教工羽毛球赛,多云,15,13,4,0.0,100,28
2026-05-21 02:00:53,2026-05-21,4,羽毛球馆-14号,19:30-20:30,1,1,已售/已满,教工羽毛球赛,多云,15,12,4,0.0,100,28
2026-05-21 02:30:49,2026-05-21,4,羽毛球馆-14号,19:30-20:30,1,1,已售/已满,教工羽毛球赛,多云,15,14,3,0.0,100,29
2026-05-21 03:00:55,2026-05-21,4,羽毛球馆-14号,19:30-20:30,1,1,已售/已满,教工羽毛球赛,多云,15,12,4,0.0,100,29
2026-05-21 03:30:49,2026-05-21,4,羽毛球馆-14号,19:30-20:30,1,1,已售/已满,教工羽毛球赛,多云,15,14,3,0.0,100,30
2026-05-21 04:30:45,2026-05-21,4,羽毛球馆-14号,19:30-20:30,1,1,已售/已满,教工羽毛球赛,多云,15,12,4,0.0,100,29
2026-05-21 05:00:52,2026-05-21,4,羽毛球馆-14号,19:30-20:30,1,1,已售/已满,教工羽毛球赛,多云,15,12,4,0.0,100,29
2026-05-21 05:30:49,2026-05-21,4,羽毛球馆-14号,19:30-20:30,1,1,已售/已满,教工羽毛球赛,多云,15,13,3,0.0,100,28
2026-05-21 06:00:50,2026-05-21,4,羽毛球馆-14号,19:30-20:30,1,1,已售/已满,教工羽毛球赛,多云,15,13,4,0.0,99,28
2026-05-21 06:30:38,2026-05-21,4,羽毛球馆-14号,19:30-20:30,1,1,已售/已满,教工羽毛球赛,多云,15,13,3,0.0,97,28
2026-05-21 07:00:43,2026-05-21,4,羽毛球馆-14号,19:30-20:30,1,1,已售/已满,教工羽毛球赛,晴,15,11,5,0.0,93,28
2026-05-21 07:30:39,2026-05-21,4,羽毛球馆-14号,19:30-20:30,1,1,已售/已满,教工羽毛球赛,晴,17,13,4,0.0,89,29
2026-05-21 07:50:40,2026-05-21,4,羽毛球馆-14号,19:30-20:30,1,1,已售/已满,教工羽毛球赛,晴,17,13,4,0.0,88,29
2026-05-21 07:53:31,2026-05-21,4,羽毛球馆-14号,19:30-20:30,1,1,已售/已满,教工羽毛球赛,晴,17,12,5,0.0,86,29
2026-05-21 07:56:31,2026-05-21,4,羽毛球馆-14号,19:30-20:30,1,1,已售/已满,教工羽毛球赛,晴,17,12,5,0.0,86,29
2026-05-21 07:59:26,2026-05-21,4,羽毛球馆-14号,19:30-20:30,1,1,已售/已满,教工羽毛球赛,晴,17,12,5,0.0,86,29
2026-05-21 08:00:45,2026-05-21,4,羽毛球馆-14号,19:30-20:30,1,1,已售/已满,教工羽毛球赛,晴,17,12,5,0.0,86,29
2026-05-21 08:02:30,2026-05-21,4,羽毛球馆-14号,19:30-20:30,1,1,已售/已满,教工羽毛球赛,多云,17,12,5,0.0,87,29
2026-05-21 08:05:36,2026-05-21,4,羽毛球馆-14号,19:30-20:30,1,1,已售/已满,教工羽毛球赛,多云,17,12,5,0.0,86,29
2026-05-21 08:08:31,2026-05-21,4,羽毛球馆-14号,19:30-20:30,1,1,已售/已满,教工羽毛球赛,多云,17,12,5,0.0,86,29
2026-05-21 08:11:30,2026-05-21,4,羽毛球馆-14号,19:30-20:30,1,1,已售/已满,教工羽毛球赛,多云,17,12,5,0.0,86,29
2026-05-21 08:14:31,2026-05-21,4,羽毛球馆-14号,19:30-20:30,1,1,已售/已满,教工羽毛球赛,多云,17,12,5,0.0,86,29
2026-05-21 08:17:30,2026-05-21,4,羽毛球馆-14号,19:30-20:30,1,1,已售/已满,教工羽毛球赛,多云,17,12,5,0.0,86,29
2026-05-21 08:20:35,2026-05-21,4,羽毛球馆-14号,19:30-20:30,1,1,已售/已满,教工羽毛球赛,多云,17,14,4,0.0,85,29
2026-05-21 08:25:32,2026-05-21,4,羽毛球馆-14号,19:30-20:30,1,1,已售/已满,教工羽毛球赛,多云,17,14,4,0.0,85,28
2026-05-21 08:30:42,2026-05-21,4,羽毛球馆-14号,19:30-20:30,1,1,已售/已满,教工羽毛球赛,多云,18,15,4,0.0,84,28
2026-05-21 08:35:31,2026-05-21,4,羽毛球馆-14号,19:30-20:30,1,1,已售/已满,教工羽毛球赛,多云,18,15,4,0.0,84,28
2026-05-21 08:40:38,2026-05-21,4,羽毛球馆-14号,19:30-20:30,1,1,已售/已满,教工羽毛球赛,多云,18,15,4,0.0,82,28
2026-05-21 08:45:33,2026-05-21,4,羽毛球馆-14号,19:30-20:30,1,1,已售/已满,教工羽毛球赛,多云,18,15,4,0.0,82,28
2026-05-21 08:50:36,2026-05-21,4,羽毛球馆-14号,19:30-20:30,1,1,已售/已满,教工羽毛球赛,多云,18,15,4,0.0,82,28
2026-05-21 08:55:34,2026-05-21,4,羽毛球馆-14号,19:30-20:30,1,1,已售/已满,教工羽毛球赛,多云,18,15,4,0.0,84,28
2026-05-21 09:00:51,2026-05-21,4,羽毛球馆-14号,19:30-20:30,1,1,已售/已满,教工羽毛球赛,多云,18,15,4,0.0,84,28
2026-05-21 09:01:59,2026-05-21,4,羽毛球馆-14号,19:30-20:30,1,1,已售/已满,教工羽毛球赛,多云,18,15,4,0.0,83,28
2026-05-21 09:05:33,2026-05-21,4,羽毛球馆-14号,19:30-20:30,1,1,已售/已满,教工羽毛球赛,多云,18,15,4,0.0,83,28
2026-05-21 09:20:38,2026-05-21,4,羽毛球馆-14号,19:30-20:30,1,1,已售/已满,教工羽毛球赛,多云,18,16,3,0.0,81,28
2026-05-21 09:30:46,2026-05-21,4,羽毛球馆-14号,19:30-20:30,1,1,已售/已满,教工羽毛球赛,多云,18,16,3,0.0,81,32
2026-05-21 09:40:36,2026-05-21,4,羽毛球馆-14号,19:30-20:30,1,1,已售/已满,教工羽毛球赛,多云,19,17,3,0.0,79,32
2026-05-21 09:50:42,2026-05-21,4,羽毛球馆-14号,19:30-20:30,1,1,已售/已满,教工羽毛球赛,多云,19,17,4,0.0,81,32
2026-05-21 10:00:46,2026-05-21,4,羽毛球馆-14号,19:30-20:30,1,1,已售/已满,教工羽毛球赛,多云,19,17,4,0.0,79,32
2026-05-21 10:10:40,2026-05-21,4,羽毛球馆-14号,19:30-20:30,1,1,已售/已满,教工羽毛球赛,多云,19,17,4,0.0,79,32
2026-05-21 10:20:38,2026-05-21,4,羽毛球馆-14号,19:30-20:30,1,1,已售/已满,教工羽毛球赛,多云,19,17,4,0.0,79,32
2026-05-21 10:30:41,2026-05-21,4,羽毛球馆-14号,19:30-20:30,1,1,已售/已满,教工羽毛球赛,多云,19,18,3,0.0,78,31
2026-05-21 11:00:44,2026-05-21,4,羽毛球馆-14号,19:30-20:30,1,1,已售/已满,教工羽毛球赛,多云,21,17,5,0.0,74,31
2026-05-21 11:30:38,2026-05-21,4,羽毛球馆-14号,19:30-20:30,1,1,已售/已满,教工羽毛球赛,多云,21,19,3,0.0,72,33
2026-05-21 12:00:46,2026-05-21,4,羽毛球馆-14号,19:30-20:30,1,1,已售/已满,教工羽毛球赛,多云,22,19,4,0.0,70,33
2026-05-21 12:30:42,2026-05-21,4,羽毛球馆-14号,19:30-20:30,1,1,已售/已满,教工羽毛球赛,多云,22,21,3,0.0,68,35
2026-05-21 13:00:43,2026-05-21,4,羽毛球馆-14号,19:30-20:30,1,1,已售/已满,教工羽毛球赛,多云,24,22,4,0.0,66,35
2026-05-21 13:30:43,2026-05-21,4,羽毛球馆-14号,19:30-20:30,1,1,已售/已满,教工羽毛球赛,多云,24,22,4,0.0,66,36
2026-05-21 14:00:48,2026-05-21,4,羽毛球馆-14号,19:30-20:30,1,1,已售/已满,教工羽毛球赛,多云,25,23,4,0.0,66,36
2026-05-21 14:30:45,2026-05-21,4,羽毛球馆-14号,19:30-20:30,1,1,已售/已满,教工羽毛球赛,晴,25,25,3,0.0,65,39
2026-05-21 15:00:45,2026-05-21,4,羽毛球馆-14号,19:30-20:30,1,1,已售/已满,教工羽毛球赛,晴,25,22,4,0.0,56,39
2026-05-21 15:30:43,2026-05-21,4,羽毛球馆-14号,19:30-20:30,1,1,已售/已满,教工羽毛球赛,晴,25,23,4,0.0,57,40
2026-05-21 16:00:51,2026-05-21,4,羽毛球馆-14号,19:30-20:30,1,1,已售/已满,教工羽毛球赛,晴,25,23,4,0.0,57,40
2026-05-21 16:30:48,2026-05-21,4,羽毛球馆-14号,19:30-20:30,1,1,已售/已满,教工羽毛球赛,晴,25,24,3,0.0,60,39
2026-05-21 17:00:49,2026-05-21,4,羽毛球馆-14号,19:30-20:30,1,1,已售/已满,教工羽毛球赛,晴,25,24,4,0.0,61,39
2026-05-21 17:30:47,2026-05-21,4,羽毛球馆-14号,19:30-20:30,1,1,已售/已满,教工羽毛球赛,多云,24,23,3,0.0,64,39
2026-05-21 18:00:50,2026-05-21,4,羽毛球馆-14号,19:30-20:30,1,1,已售/已满,教工羽毛球赛,多云,24,23,3,0.0,68,39
2026-05-21 18:30:50,2026-05-21,4,羽毛球馆-14号,19:30-20:30,1,1,已售/已满,教工羽毛球赛,阴,24,25,2,0.0,68,40
2026-05-21 19:00:50,2026-05-21,4,羽毛球馆-14号,19:30-20:30,1,1,已售/已满,教工羽毛球赛,阴,23,23,3,0.0,76,40
2026-05-21 19:30:46,2026-05-21,4,羽毛球馆-14号,19:30-20:30,1,1,已售/已满,教工羽毛球赛,阴,23,24,2,0.0,77,39
2026-05-21 20:00:49,2026-05-21,4,羽毛球馆-14号,19:30-20:30,1,1,已售/已满,教工羽毛球赛,雾,22,23,2,0.0,89,39
2026-05-21 20:30:44,2026-05-21,4,羽毛球馆-14号,19:30-20:30,1,1,已售/已满,教工羽毛球赛,雾,22,24,2,0.0,93,43
2026-05-21 21:00:56,2026-05-21,4,羽毛球馆-14号,19:30-20:30,1,1,已售/已满,教工羽毛球赛,雾,20,21,2,0.0,98,43
2026-05-21 21:30:46,2026-05-21,4,羽毛球馆-14号,19:30-20:30,1,1,已售/已满,教工羽毛球赛,雾,20,22,1,0.0,99,41
2026-05-21 22:01:02,2026-05-21,4,羽毛球馆-14号,19:30-20:30,1,1,已售/已满,教工羽毛球赛,雾,19,20,2,0.0,93,41
2026-05-21 22:30:47,2026-05-21,4,羽毛球馆-14号,19:30-20:30,1,1,已售/已满,教工羽毛球赛,雾,19,19,3,0.0,88,46
2026-05-21 23:00:56,2026-05-21,4,羽毛球馆-14号,19:30-20:30,1,1,已售/已满,教工羽毛球赛,多云,18,17,3,0.0,85,46
2026-05-21 23:30:55,2026-05-21,4,羽毛球馆-14号,19:30-20:30,1,1,已售/已满,教工羽毛球赛,多云,18,17,3,0.0,85,48
2026-05-21 00:30:49,2026-05-21,4,羽毛球馆-14号,20:30-21:30,1,1,已售/已满,教工羽毛球赛,多云,15,13,3,0.0,100,26
2026-05-21 01:00:55,2026-05-21,4,羽毛球馆-14号,20:30-21:30,1,1,已售/已满,教工羽毛球赛,多云,15,12,4,0.0,100,26
2026-05-21 01:30:47,2026-05-21,4,羽毛球馆-14号,20:30-21:30,1,1,已售/已满,教工羽毛球赛,多云,15,13,4,0.0,100,28
2026-05-21 02:00:53,2026-05-21,4,羽毛球馆-14号,20:30-21:30,1,1,已售/已满,教工羽毛球赛,多云,15,12,4,0.0,100,28
2026-05-21 02:30:49,2026-05-21,4,羽毛球馆-14号,20:30-21:30,1,1,已售/已满,教工羽毛球赛,多云,15,14,3,0.0,100,29
2026-05-21 03:00:55,2026-05-21,4,羽毛球馆-14号,20:30-21:30,1,1,已售/已满,教工羽毛球赛,多云,15,12,4,0.0,100,29
2026-05-21 03:30:49,2026-05-21,4,羽毛球馆-14号,20:30-21:30,1,1,已售/已满,教工羽毛球赛,多云,15,14,3,0.0,100,30
2026-05-21 04:30:45,2026-05-21,4,羽毛球馆-14号,20:30-21:30,1,1,已售/已满,教工羽毛球赛,多云,15,12,4,0.0,100,29
2026-05-21 05:00:52,2026-05-21,4,羽毛球馆-14号,20:30-21:30,1,1,已售/已满,教工羽毛球赛,多云,15,12,4,0.0,100,29
2026-05-21 05:30:49,2026-05-21,4,羽毛球馆-14号,20:30-21:30,1,1,已售/已满,教工羽毛球赛,多云,15,13,3,0.0,100,28
2026-05-21 06:00:50,2026-05-21,4,羽毛球馆-14号,20:30-21:30,1,1,已售/已满,教工羽毛球赛,多云,15,13,4,0.0,99,28
2026-05-21 06:30:38,2026-05-21,4,羽毛球馆-14号,20:30-21:30,1,1,已售/已满,教工羽毛球赛,多云,15,13,3,0.0,97,28
2026-05-21 07:00:43,2026-05-21,4,羽毛球馆-14号,20:30-21:30,1,1,已售/已满,教工羽毛球赛,晴,15,11,5,0.0,93,28
2026-05-21 07:30:39,2026-05-21,4,羽毛球馆-14号,20:30-21:30,1,1,已售/已满,教工羽毛球赛,晴,17,13,4,0.0,89,29
2026-05-21 07:50:40,2026-05-21,4,羽毛球馆-14号,20:30-21:30,1,1,已售/已满,教工羽毛球赛,晴,17,13,4,0.0,88,29
2026-05-21 07:53:31,2026-05-21,4,羽毛球馆-14号,20:30-21:30,1,1,已售/已满,教工羽毛球赛,晴,17,12,5,0.0,86,29
2026-05-21 07:56:31,2026-05-21,4,羽毛球馆-14号,20:30-21:30,1,1,已售/已满,教工羽毛球赛,晴,17,12,5,0.0,86,29
2026-05-21 07:59:26,2026-05-21,4,羽毛球馆-14号,20:30-21:30,1,1,已售/已满,教工羽毛球赛,晴,17,12,5,0.0,86,29
2026-05-21 08:00:45,2026-05-21,4,羽毛球馆-14号,20:30-21:30,1,1,已售/已满,教工羽毛球赛,晴,17,12,5,0.0,86,29
2026-05-21 08:02:30,2026-05-21,4,羽毛球馆-14号,20:30-21:30,1,1,已售/已满,教工羽毛球赛,多云,17,12,5,0.0,87,29
2026-05-21 08:05:36,2026-05-21,4,羽毛球馆-14号,20:30-21:30,1,1,已售/已满,教工羽毛球赛,多云,17,12,5,0.0,86,29
2026-05-21 08:08:31,2026-05-21,4,羽毛球馆-14号,20:30-21:30,1,1,已售/已满,教工羽毛球赛,多云,17,12,5,0.0,86,29
2026-05-21 08:11:30,2026-05-21,4,羽毛球馆-14号,20:30-21:30,1,1,已售/已满,教工羽毛球赛,多云,17,12,5,0.0,86,29
2026-05-21 08:14:31,2026-05-21,4,羽毛球馆-14号,20:30-21:30,1,1,已售/已满,教工羽毛球赛,多云,17,12,5,0.0,86,29
2026-05-21 08:17:30,2026-05-21,4,羽毛球馆-14号,20:30-21:30,1,1,已售/已满,教工羽毛球赛,多云,17,12,5,0.0,86,29
2026-05-21 08:20:35,2026-05-21,4,羽毛球馆-14号,20:30-21:30,1,1,已售/已满,教工羽毛球赛,多云,17,14,4,0.0,85,29
2026-05-21 08:25:32,2026-05-21,4,羽毛球馆-14号,20:30-21:30,1,1,已售/已满,教工羽毛球赛,多云,17,14,4,0.0,85,28
2026-05-21 08:30:42,2026-05-21,4,羽毛球馆-14号,20:30-21:30,1,1,已售/已满,教工羽毛球赛,多云,18,15,4,0.0,84,28
2026-05-21 08:35:31,2026-05-21,4,羽毛球馆-14号,20:30-21:30,1,1,已售/已满,教工羽毛球赛,多云,18,15,4,0.0,84,28
2026-05-21 08:40:38,2026-05-21,4,羽毛球馆-14号,20:30-21:30,1,1,已售/已满,教工羽毛球赛,多云,18,15,4,0.0,82,28
2026-05-21 08:45:33,2026-05-21,4,羽毛球馆-14号,20:30-21:30,1,1,已售/已满,教工羽毛球赛,多云,18,15,4,0.0,82,28
2026-05-21 08:50:36,2026-05-21,4,羽毛球馆-14号,20:30-21:30,1,1,已售/已满,教工羽毛球赛,多云,18,15,4,0.0,82,28
2026-05-21 08:55:34,2026-05-21,4,羽毛球馆-14号,20:30-21:30,1,1,已售/已满,教工羽毛球赛,多云,18,15,4,0.0,84,28
2026-05-21 09:00:51,2026-05-21,4,羽毛球馆-14号,20:30-21:30,1,1,已售/已满,教工羽毛球赛,多云,18,15,4,0.0,84,28
2026-05-21 09:01:59,2026-05-21,4,羽毛球馆-14号,20:30-21:30,1,1,已售/已满,教工羽毛球赛,多云,18,15,4,0.0,83,28
2026-05-21 09:05:33,2026-05-21,4,羽毛球馆-14号,20:30-21:30,1,1,已售/已满,教工羽毛球赛,多云,18,15,4,0.0,83,28
2026-05-21 09:20:38,2026-05-21,4,羽毛球馆-14号,20:30-21:30,1,1,已售/已满,教工羽毛球赛,多云,18,16,3,0.0,81,28
2026-05-21 09:30:46,2026-05-21,4,羽毛球馆-14号,20:30-21:30,1,1,已售/已满,教工羽毛球赛,多云,18,16,3,0.0,81,32
2026-05-21 09:40:36,2026-05-21,4,羽毛球馆-14号,20:30-21:30,1,1,已售/已满,教工羽毛球赛,多云,19,17,3,0.0,79,32
2026-05-21 09:50:42,2026-05-21,4,羽毛球馆-14号,20:30-21:30,1,1,已售/已满,教工羽毛球赛,多云,19,17,4,0.0,81,32
2026-05-21 10:00:46,2026-05-21,4,羽毛球馆-14号,20:30-21:30,1,1,已售/已满,教工羽毛球赛,多云,19,17,4,0.0,79,32
2026-05-21 10:10:40,2026-05-21,4,羽毛球馆-14号,20:30-21:30,1,1,已售/已满,教工羽毛球赛,多云,19,17,4,0.0,79,32
2026-05-21 10:20:38,2026-05-21,4,羽毛球馆-14号,20:30-21:30,1,1,已售/已满,教工羽毛球赛,多云,19,17,4,0.0,79,32
2026-05-21 10:30:41,2026-05-21,4,羽毛球馆-14号,20:30-21:30,1,1,已售/已满,教工羽毛球赛,多云,19,18,3,0.0,78,31
2026-05-21 11:00:44,2026-05-21,4,羽毛球馆-14号,20:30-21:30,1,1,已售/已满,教工羽毛球赛,多云,21,17,5,0.0,74,31
2026-05-21 11:30:38,2026-05-21,4,羽毛球馆-14号,20:30-21:30,1,1,已售/已满,教工羽毛球赛,多云,21,19,3,0.0,72,33
2026-05-21 12:00:46,2026-05-21,4,羽毛球馆-14号,20:30-21:30,1,1,已售/已满,教工羽毛球赛,多云,22,19,4,0.0,70,33
2026-05-21 12:30:42,2026-05-21,4,羽毛球馆-14号,20:30-21:30,1,1,已售/已满,教工羽毛球赛,多云,22,21,3,0.0,68,35
2026-05-21 13:00:43,2026-05-21,4,羽毛球馆-14号,20:30-21:30,1,1,已售/已满,教工羽毛球赛,多云,24,22,4,0.0,66,35
2026-05-21 13:30:43,2026-05-21,4,羽毛球馆-14号,20:30-21:30,1,1,已售/已满,教工羽毛球赛,多云,24,22,4,0.0,66,36
2026-05-21 14:00:48,2026-05-21,4,羽毛球馆-14号,20:30-21:30,1,1,已售/已满,教工羽毛球赛,多云,25,23,4,0.0,66,36
2026-05-21 14:30:45,2026-05-21,4,羽毛球馆-14号,20:30-21:30,1,1,已售/已满,教工羽毛球赛,晴,25,25,3,0.0,65,39
2026-05-21 15:00:45,2026-05-21,4,羽毛球馆-14号,20:30-21:30,1,1,已售/已满,教工羽毛球赛,晴,25,22,4,0.0,56,39
2026-05-21 15:30:43,2026-05-21,4,羽毛球馆-14号,20:30-21:30,1,1,已售/已满,教工羽毛球赛,晴,25,23,4,0.0,57,40
2026-05-21 16:00:51,2026-05-21,4,羽毛球馆-14号,20:30-21:30,1,1,已售/已满,教工羽毛球赛,晴,25,23,4,0.0,57,40
2026-05-21 16:30:48,2026-05-21,4,羽毛球馆-14号,20:30-21:30,1,1,已售/已满,教工羽毛球赛,晴,25,24,3,0.0,60,39
2026-05-21 17:00:49,2026-05-21,4,羽毛球馆-14号,20:30-21:30,1,1,已售/已满,教工羽毛球赛,晴,25,24,4,0.0,61,39
2026-05-21 17:30:47,2026-05-21,4,羽毛球馆-14号,20:30-21:30,1,1,已售/已满,教工羽毛球赛,多云,24,23,3,0.0,64,39
2026-05-21 18:00:50,2026-05-21,4,羽毛球馆-14号,20:30-21:30,1,1,已售/已满,教工羽毛球赛,多云,24,23,3,0.0,68,39
2026-05-21 18:30:50,2026-05-21,4,羽毛球馆-14号,20:30-21:30,1,1,已售/已满,教工羽毛球赛,阴,24,25,2,0.0,68,40
2026-05-21 19:00:50,2026-05-21,4,羽毛球馆-14号,20:30-21:30,1,1,已售/已满,教工羽毛球赛,阴,23,23,3,0.0,76,40
2026-05-21 19:30:46,2026-05-21,4,羽毛球馆-14号,20:30-21:30,1,1,已售/已满,教工羽毛球赛,阴,23,24,2,0.0,77,39
2026-05-21 20:00:49,2026-05-21,4,羽毛球馆-14号,20:30-21:30,1,1,已售/已满,教工羽毛球赛,雾,22,23,2,0.0,89,39
2026-05-21 20:30:44,2026-05-21,4,羽毛球馆-14号,20:30-21:30,1,1,已售/已满,教工羽毛球赛,雾,22,24,2,0.0,93,43
2026-05-21 21:00:56,2026-05-21,4,羽毛球馆-14号,20:30-21:30,1,1,已售/已满,教工羽毛球赛,雾,20,21,2,0.0,98,43
2026-05-21 21:30:46,2026-05-21,4,羽毛球馆-14号,20:30-21:30,1,1,已售/已满,教工羽毛球赛,雾,20,22,1,0.0,99,41
2026-05-21 22:01:02,2026-05-21,4,羽毛球馆-14号,20:30-21:30,1,1,已售/已满,教工羽毛球赛,雾,19,20,2,0.0,93,41
2026-05-21 22:30:47,2026-05-21,4,羽毛球馆-14号,20:30-21:30,1,1,已售/已满,教工羽毛球赛,雾,19,19,3,0.0,88,46
2026-05-21 23:00:56,2026-05-21,4,羽毛球馆-14号,20:30-21:30,1,1,已售/已满,教工羽毛球赛,多云,18,17,3,0.0,85,46
2026-05-21 23:30:55,2026-05-21,4,羽毛球馆-14号,20:30-21:30,1,1,已售/已满,教工羽毛球赛,多云,18,17,3,0.0,85,48
2026-05-21 00:30:49,2026-05-21,4,羽毛球馆-15号,07:00-08:00,0,1,可预约,￥0.0,多云,15,13,3,0.0,100,26
2026-05-21 01:00:55,2026-05-21,4,羽毛球馆-15号,07:00-08:00,0,1,可预约,￥0.0,多云,15,12,4,0.0,100,26
2026-05-21 01:30:47,2026-05-21,4,羽毛球馆-15号,07:00-08:00,0,1,可预约,￥0.0,多云,15,13,4,0.0,100,28
2026-05-21 02:00:53,2026-05-21,4,羽毛球馆-15号,07:00-08:00,0,1,可预约,￥0.0,多云,15,12,4,0.0,100,28
2026-05-21 02:30:49,2026-05-21,4,羽毛球馆-15号,07:00-08:00,0,1,可预约,￥0.0,多云,15,14,3,0.0,100,29
2026-05-21 03:00:55,2026-05-21,4,羽毛球馆-15号,07:00-08:00,0,1,可预约,￥0.0,多云,15,12,4,0.0,100,29
2026-05-21 03:30:49,2026-05-21,4,羽毛球馆-15号,07:00-08:00,0,1,可预约,￥0.0,多云,15,14,3,0.0,100,30
2026-05-21 04:30:45,2026-05-21,4,羽毛球馆-15号,07:00-08:00,0,1,可预约,￥0.0,多云,15,12,4,0.0,100,29
2026-05-21 05:00:52,2026-05-21,4,羽毛球馆-15号,07:00-08:00,0,1,可预约,￥0.0,多云,15,12,4,0.0,100,29
2026-05-21 05:30:49,2026-05-21,4,羽毛球馆-15号,07:00-08:00,0,1,可预约,￥0.0,多云,15,13,3,0.0,100,28
2026-05-21 06:00:50,2026-05-21,4,羽毛球馆-15号,07:00-08:00,0,1,可预约,￥0.0,多云,15,13,4,0.0,99,28
2026-05-21 06:30:38,2026-05-21,4,羽毛球馆-15号,07:00-08:00,0,1,可预约,￥0.0,多云,15,13,3,0.0,97,28
2026-05-21 07:00:43,2026-05-21,4,羽毛球馆-15号,07:00-08:00,0,1,可预约,￥0.0,晴,15,11,5,0.0,93,28
2026-05-21 07:30:39,2026-05-21,4,羽毛球馆-15号,07:00-08:00,0,1,可预约,￥0.0,晴,17,13,4,0.0,89,29
2026-05-21 07:50:40,2026-05-21,4,羽毛球馆-15号,07:00-08:00,0,1,可预约,￥0.0,晴,17,13,4,0.0,88,29
2026-05-21 07:53:31,2026-05-21,4,羽毛球馆-15号,07:00-08:00,0,1,可预约,￥0.0,晴,17,12,5,0.0,86,29
2026-05-21 07:56:31,2026-05-21,4,羽毛球馆-15号,07:00-08:00,0,1,可预约,￥0.0,晴,17,12,5,0.0,86,29
2026-05-21 07:59:26,2026-05-21,4,羽毛球馆-15号,07:00-08:00,0,1,可预约,￥0.0,晴,17,12,5,0.0,86,29
2026-05-21 08:00:45,2026-05-21,4,羽毛球馆-15号,07:00-08:00,0,1,不开放/已过期,,晴,17,12,5,0.0,86,29
2026-05-21 08:02:30,2026-05-21,4,羽毛球馆-15号,07:00-08:00,0,1,不开放/已过期,,多云,17,12,5,0.0,87,29
2026-05-21 08:05:36,2026-05-21,4,羽毛球馆-15号,07:00-08:00,0,1,不开放/已过期,,多云,17,12,5,0.0,86,29
2026-05-21 08:08:31,2026-05-21,4,羽毛球馆-15号,07:00-08:00,0,1,不开放/已过期,,多云,17,12,5,0.0,86,29
2026-05-21 08:11:30,2026-05-21,4,羽毛球馆-15号,07:00-08:00,0,1,不开放/已过期,,多云,17,12,5,0.0,86,29
2026-05-21 08:14:31,2026-05-21,4,羽毛球馆-15号,07:00-08:00,0,1,不开放/已过期,,多云,17,12,5,0.0,86,29
2026-05-21 08:17:30,2026-05-21,4,羽毛球馆-15号,07:00-08:00,0,1,不开放/已过期,,多云,17,12,5,0.0,86,29
2026-05-21 08:20:35,2026-05-21,4,羽毛球馆-15号,07:00-08:00,0,1,不开放/已过期,,多云,17,14,4,0.0,85,29
2026-05-21 08:25:32,2026-05-21,4,羽毛球馆-15号,07:00-08:00,0,1,不开放/已过期,,多云,17,14,4,0.0,85,28
2026-05-21 08:30:42,2026-05-21,4,羽毛球馆-15号,07:00-08:00,0,1,不开放/已过期,,多云,18,15,4,0.0,84,28
2026-05-21 08:35:31,2026-05-21,4,羽毛球馆-15号,07:00-08:00,0,1,不开放/已过期,,多云,18,15,4,0.0,84,28
2026-05-21 08:40:38,2026-05-21,4,羽毛球馆-15号,07:00-08:00,0,1,不开放/已过期,,多云,18,15,4,0.0,82,28
2026-05-21 08:45:33,2026-05-21,4,羽毛球馆-15号,07:00-08:00,0,1,不开放/已过期,,多云,18,15,4,0.0,82,28
2026-05-21 08:50:36,2026-05-21,4,羽毛球馆-15号,07:00-08:00,0,1,不开放/已过期,,多云,18,15,4,0.0,82,28
2026-05-21 08:55:34,2026-05-21,4,羽毛球馆-15号,07:00-08:00,0,1,不开放/已过期,,多云,18,15,4,0.0,84,28
2026-05-21 09:00:51,2026-05-21,4,羽毛球馆-15号,07:00-08:00,0,1,不开放/已过期,,多云,18,15,4,0.0,84,28
2026-05-21 09:01:59,2026-05-21,4,羽毛球馆-15号,07:00-08:00,0,1,不开放/已过期,,多云,18,15,4,0.0,83,28
2026-05-21 09:05:33,2026-05-21,4,羽毛球馆-15号,07:00-08:00,0,1,不开放/已过期,,多云,18,15,4,0.0,83,28
2026-05-21 09:20:38,2026-05-21,4,羽毛球馆-15号,07:00-08:00,0,1,不开放/已过期,,多云,18,16,3,0.0,81,28
2026-05-21 09:30:46,2026-05-21,4,羽毛球馆-15号,07:00-08:00,0,1,不开放/已过期,,多云,18,16,3,0.0,81,32
2026-05-21 09:40:36,2026-05-21,4,羽毛球馆-15号,07:00-08:00,0,1,不开放/已过期,,多云,19,17,3,0.0,79,32
2026-05-21 09:50:42,2026-05-21,4,羽毛球馆-15号,07:00-08:00,0,1,不开放/已过期,,多云,19,17,4,0.0,81,32
2026-05-21 10:00:46,2026-05-21,4,羽毛球馆-15号,07:00-08:00,0,1,不开放/已过期,,多云,19,17,4,0.0,79,32
2026-05-21 10:10:40,2026-05-21,4,羽毛球馆-15号,07:00-08:00,0,1,不开放/已过期,,多云,19,17,4,0.0,79,32
2026-05-21 10:20:38,2026-05-21,4,羽毛球馆-15号,07:00-08:00,0,1,不开放/已过期,,多云,19,17,4,0.0,79,32
2026-05-21 10:30:41,2026-05-21,4,羽毛球馆-15号,07:00-08:00,0,1,不开放/已过期,,多云,19,18,3,0.0,78,31
2026-05-21 11:00:44,2026-05-21,4,羽毛球馆-15号,07:00-08:00,0,1,不开放/已过期,,多云,21,17,5,0.0,74,31
2026-05-21 11:30:38,2026-05-21,4,羽毛球馆-15号,07:00-08:00,0,1,不开放/已过期,,多云,21,19,3,0.0,72,33
2026-05-21 12:00:46,2026-05-21,4,羽毛球馆-15号,07:00-08:00,0,1,不开放/已过期,,多云,22,19,4,0.0,70,33
2026-05-21 12:30:42,2026-05-21,4,羽毛球馆-15号,07:00-08:00,0,1,不开放/已过期,,多云,22,21,3,0.0,68,35
2026-05-21 13:00:43,2026-05-21,4,羽毛球馆-15号,07:00-08:00,0,1,不开放/已过期,,多云,24,22,4,0.0,66,35
2026-05-21 13:30:43,2026-05-21,4,羽毛球馆-15号,07:00-08:00,0,1,不开放/已过期,,多云,24,22,4,0.0,66,36
2026-05-21 14:00:48,2026-05-21,4,羽毛球馆-15号,07:00-08:00,0,1,不开放/已过期,,多云,25,23,4,0.0,66,36
2026-05-21 14:30:45,2026-05-21,4,羽毛球馆-15号,07:00-08:00,0,1,不开放/已过期,,晴,25,25,3,0.0,65,39
2026-05-21 15:00:45,2026-05-21,4,羽毛球馆-15号,07:00-08:00,0,1,不开放/已过期,,晴,25,22,4,0.0,56,39
2026-05-21 15:30:43,2026-05-21,4,羽毛球馆-15号,07:00-08:00,0,1,不开放/已过期,,晴,25,23,4,0.0,57,40
2026-05-21 16:00:51,2026-05-21,4,羽毛球馆-15号,07:00-08:00,0,1,不开放/已过期,,晴,25,23,4,0.0,57,40
2026-05-21 16:30:48,2026-05-21,4,羽毛球馆-15号,07:00-08:00,0,1,不开放/已过期,,晴,25,24,3,0.0,60,39
2026-05-21 17:00:49,2026-05-21,4,羽毛球馆-15号,07:00-08:00,0,1,不开放/已过期,,晴,25,24,4,0.0,61,39
2026-05-21 17:30:47,2026-05-21,4,羽毛球馆-15号,07:00-08:00,0,1,不开放/已过期,,多云,24,23,3,0.0,64,39
2026-05-21 18:00:50,2026-05-21,4,羽毛球馆-15号,07:00-08:00,0,1,不开放/已过期,,多云,24,23,3,0.0,68,39
2026-05-21 18:30:50,2026-05-21,4,羽毛球馆-15号,07:00-08:00,0,1,不开放/已过期,,阴,24,25,2,0.0,68,40
2026-05-21 19:00:50,2026-05-21,4,羽毛球馆-15号,07:00-08:00,0,1,不开放/已过期,,阴,23,23,3,0.0,76,40
2026-05-21 19:30:46,2026-05-21,4,羽毛球馆-15号,07:00-08:00,0,1,不开放/已过期,,阴,23,24,2,0.0,77,39
2026-05-21 20:00:49,2026-05-21,4,羽毛球馆-15号,07:00-08:00,0,1,不开放/已过期,,雾,22,23,2,0.0,89,39
2026-05-21 20:30:44,2026-05-21,4,羽毛球馆-15号,07:00-08:00,0,1,不开放/已过期,,雾,22,24,2,0.0,93,43
2026-05-21 21:00:56,2026-05-21,4,羽毛球馆-15号,07:00-08:00,0,1,不开放/已过期,,雾,20,21,2,0.0,98,43
2026-05-21 21:30:46,2026-05-21,4,羽毛球馆-15号,07:00-08:00,0,1,不开放/已过期,,雾,20,22,1,0.0,99,41
2026-05-21 22:01:02,2026-05-21,4,羽毛球馆-15号,07:00-08:00,0,1,不开放/已过期,,雾,19,20,2,0.0,93,41
2026-05-21 22:30:47,2026-05-21,4,羽毛球馆-15号,07:00-08:00,0,1,不开放/已过期,,雾,19,19,3,0.0,88,46
2026-05-21 23:00:56,2026-05-21,4,羽毛球馆-15号,07:00-08:00,0,1,不开放/已过期,,多云,18,17,3,0.0,85,46
2026-05-21 23:30:55,2026-05-21,4,羽毛球馆-15号,07:00-08:00,0,1,不开放/已过期,,多云,18,17,3,0.0,85,48
2026-05-21 00:30:49,2026-05-21,4,羽毛球馆-15号,08:00-09:00,1,1,已售/已满,已售,多云,15,13,3,0.0,100,26
2026-05-21 01:00:55,2026-05-21,4,羽毛球馆-15号,08:00-09:00,1,1,已售/已满,已售,多云,15,12,4,0.0,100,26
2026-05-21 01:30:47,2026-05-21,4,羽毛球馆-15号,08:00-09:00,1,1,已售/已满,已售,多云,15,13,4,0.0,100,28
2026-05-21 02:00:53,2026-05-21,4,羽毛球馆-15号,08:00-09:00,1,1,已售/已满,已售,多云,15,12,4,0.0,100,28
2026-05-21 02:30:49,2026-05-21,4,羽毛球馆-15号,08:00-09:00,1,1,已售/已满,已售,多云,15,14,3,0.0,100,29
2026-05-21 03:00:55,2026-05-21,4,羽毛球馆-15号,08:00-09:00,1,1,已售/已满,已售,多云,15,12,4,0.0,100,29
2026-05-21 03:30:49,2026-05-21,4,羽毛球馆-15号,08:00-09:00,1,1,已售/已满,已售,多云,15,14,3,0.0,100,30
2026-05-21 04:30:45,2026-05-21,4,羽毛球馆-15号,08:00-09:00,1,1,已售/已满,已售,多云,15,12,4,0.0,100,29
2026-05-21 05:00:52,2026-05-21,4,羽毛球馆-15号,08:00-09:00,1,1,已售/已满,已售,多云,15,12,4,0.0,100,29
2026-05-21 05:30:49,2026-05-21,4,羽毛球馆-15号,08:00-09:00,1,1,已售/已满,已售,多云,15,13,3,0.0,100,28
2026-05-21 06:00:50,2026-05-21,4,羽毛球馆-15号,08:00-09:00,1,1,已售/已满,已售,多云,15,13,4,0.0,99,28
2026-05-21 06:30:38,2026-05-21,4,羽毛球馆-15号,08:00-09:00,1,1,已售/已满,已售,多云,15,13,3,0.0,97,28
2026-05-21 07:00:43,2026-05-21,4,羽毛球馆-15号,08:00-09:00,1,1,已售/已满,已售,晴,15,11,5,0.0,93,28
2026-05-21 07:30:39,2026-05-21,4,羽毛球馆-15号,08:00-09:00,1,1,已售/已满,已售,晴,17,13,4,0.0,89,29
2026-05-21 07:50:40,2026-05-21,4,羽毛球馆-15号,08:00-09:00,1,1,已售/已满,已售,晴,17,13,4,0.0,88,29
2026-05-21 07:53:31,2026-05-21,4,羽毛球馆-15号,08:00-09:00,1,1,已售/已满,已售,晴,17,12,5,0.0,86,29
2026-05-21 07:56:31,2026-05-21,4,羽毛球馆-15号,08:00-09:00,1,1,已售/已满,已售,晴,17,12,5,0.0,86,29
2026-05-21 07:59:26,2026-05-21,4,羽毛球馆-15号,08:00-09:00,1,1,已售/已满,已售,晴,17,12,5,0.0,86,29
2026-05-21 08:00:45,2026-05-21,4,羽毛球馆-15号,08:00-09:00,1,1,已售/已满,已售,晴,17,12,5,0.0,86,29
2026-05-21 08:02:30,2026-05-21,4,羽毛球馆-15号,08:00-09:00,1,1,已售/已满,已售,多云,17,12,5,0.0,87,29
2026-05-21 08:05:36,2026-05-21,4,羽毛球馆-15号,08:00-09:00,1,1,已售/已满,已售,多云,17,12,5,0.0,86,29
2026-05-21 08:08:31,2026-05-21,4,羽毛球馆-15号,08:00-09:00,1,1,已售/已满,已售,多云,17,12,5,0.0,86,29
2026-05-21 08:11:30,2026-05-21,4,羽毛球馆-15号,08:00-09:00,1,1,已售/已满,已售,多云,17,12,5,0.0,86,29
2026-05-21 08:14:31,2026-05-21,4,羽毛球馆-15号,08:00-09:00,1,1,已售/已满,已售,多云,17,12,5,0.0,86,29
2026-05-21 08:17:30,2026-05-21,4,羽毛球馆-15号,08:00-09:00,1,1,已售/已满,已售,多云,17,12,5,0.0,86,29
2026-05-21 08:20:35,2026-05-21,4,羽毛球馆-15号,08:00-09:00,1,1,已售/已满,已售,多云,17,14,4,0.0,85,29
2026-05-21 08:25:32,2026-05-21,4,羽毛球馆-15号,08:00-09:00,1,1,已售/已满,已售,多云,17,14,4,0.0,85,28
2026-05-21 08:30:42,2026-05-21,4,羽毛球馆-15号,08:00-09:00,1,1,已售/已满,已售,多云,18,15,4,0.0,84,28
2026-05-21 08:35:31,2026-05-21,4,羽毛球馆-15号,08:00-09:00,1,1,已售/已满,已售,多云,18,15,4,0.0,84,28
2026-05-21 08:40:38,2026-05-21,4,羽毛球馆-15号,08:00-09:00,1,1,已售/已满,已售,多云,18,15,4,0.0,82,28
2026-05-21 08:45:33,2026-05-21,4,羽毛球馆-15号,08:00-09:00,1,1,已售/已满,已售,多云,18,15,4,0.0,82,28
2026-05-21 08:50:36,2026-05-21,4,羽毛球馆-15号,08:00-09:00,1,1,已售/已满,已售,多云,18,15,4,0.0,82,28
2026-05-21 08:55:34,2026-05-21,4,羽毛球馆-15号,08:00-09:00,1,1,已售/已满,已售,多云,18,15,4,0.0,84,28
2026-05-21 09:00:51,2026-05-21,4,羽毛球馆-15号,08:00-09:00,1,1,已售/已满,已售,多云,18,15,4,0.0,84,28
2026-05-21 09:01:59,2026-05-21,4,羽毛球馆-15号,08:00-09:00,1,1,已售/已满,已售,多云,18,15,4,0.0,83,28
2026-05-21 09:05:33,2026-05-21,4,羽毛球馆-15号,08:00-09:00,1,1,已售/已满,已售,多云,18,15,4,0.0,83,28
2026-05-21 09:20:38,2026-05-21,4,羽毛球馆-15号,08:00-09:00,1,1,已售/已满,已售,多云,18,16,3,0.0,81,28
2026-05-21 09:30:46,2026-05-21,4,羽毛球馆-15号,08:00-09:00,1,1,已售/已满,已售,多云,18,16,3,0.0,81,32
2026-05-21 09:40:36,2026-05-21,4,羽毛球馆-15号,08:00-09:00,1,1,已售/已满,已售,多云,19,17,3,0.0,79,32
2026-05-21 09:50:42,2026-05-21,4,羽毛球馆-15号,08:00-09:00,1,1,已售/已满,已售,多云,19,17,4,0.0,81,32
2026-05-21 10:00:46,2026-05-21,4,羽毛球馆-15号,08:00-09:00,1,1,已售/已满,已售,多云,19,17,4,0.0,79,32
2026-05-21 10:10:40,2026-05-21,4,羽毛球馆-15号,08:00-09:00,1,1,已售/已满,已售,多云,19,17,4,0.0,79,32
2026-05-21 10:20:38,2026-05-21,4,羽毛球馆-15号,08:00-09:00,1,1,已售/已满,已售,多云,19,17,4,0.0,79,32
2026-05-21 10:30:41,2026-05-21,4,羽毛球馆-15号,08:00-09:00,1,1,已售/已满,已售,多云,19,18,3,0.0,78,31
2026-05-21 11:00:44,2026-05-21,4,羽毛球馆-15号,08:00-09:00,1,1,已售/已满,已售,多云,21,17,5,0.0,74,31
2026-05-21 11:30:38,2026-05-21,4,羽毛球馆-15号,08:00-09:00,1,1,已售/已满,已售,多云,21,19,3,0.0,72,33
2026-05-21 12:00:46,2026-05-21,4,羽毛球馆-15号,08:00-09:00,1,1,已售/已满,已售,多云,22,19,4,0.0,70,33
2026-05-21 12:30:42,2026-05-21,4,羽毛球馆-15号,08:00-09:00,1,1,已售/已满,已售,多云,22,21,3,0.0,68,35
2026-05-21 13:00:43,2026-05-21,4,羽毛球馆-15号,08:00-09:00,1,1,已售/已满,已售,多云,24,22,4,0.0,66,35
2026-05-21 13:30:43,2026-05-21,4,羽毛球馆-15号,08:00-09:00,1,1,已售/已满,已售,多云,24,22,4,0.0,66,36
2026-05-21 14:00:48,2026-05-21,4,羽毛球馆-15号,08:00-09:00,1,1,已售/已满,已售,多云,25,23,4,0.0,66,36
2026-05-21 14:30:45,2026-05-21,4,羽毛球馆-15号,08:00-09:00,1,1,已售/已满,已售,晴,25,25,3,0.0,65,39
2026-05-21 15:00:45,2026-05-21,4,羽毛球馆-15号,08:00-09:00,1,1,已售/已满,已售,晴,25,22,4,0.0,56,39
2026-05-21 15:30:43,2026-05-21,4,羽毛球馆-15号,08:00-09:00,1,1,已售/已满,已售,晴,25,23,4,0.0,57,40
2026-05-21 16:00:51,2026-05-21,4,羽毛球馆-15号,08:00-09:00,1,1,已售/已满,已售,晴,25,23,4,0.0,57,40
2026-05-21 16:30:48,2026-05-21,4,羽毛球馆-15号,08:00-09:00,1,1,已售/已满,已售,晴,25,24,3,0.0,60,39
2026-05-21 17:00:49,2026-05-21,4,羽毛球馆-15号,08:00-09:00,1,1,已售/已满,已售,晴,25,24,4,0.0,61,39
2026-05-21 17:30:47,2026-05-21,4,羽毛球馆-15号,08:00-09:00,1,1,已售/已满,已售,多云,24,23,3,0.0,64,39
2026-05-21 18:00:50,2026-05-21,4,羽毛球馆-15号,08:00-09:00,1,1,已售/已满,已售,多云,24,23,3,0.0,68,39
2026-05-21 18:30:50,2026-05-21,4,羽毛球馆-15号,08:00-09:00,1,1,已售/已满,已售,阴,24,25,2,0.0,68,40
2026-05-21 19:00:50,2026-05-21,4,羽毛球馆-15号,08:00-09:00,1,1,已售/已满,已售,阴,23,23,3,0.0,76,40
2026-05-21 19:30:46,2026-05-21,4,羽毛球馆-15号,08:00-09:00,1,1,已售/已满,已售,阴,23,24,2,0.0,77,39
2026-05-21 20:00:49,2026-05-21,4,羽毛球馆-15号,08:00-09:00,1,1,已售/已满,已售,雾,22,23,2,0.0,89,39
2026-05-21 20:30:44,2026-05-21,4,羽毛球馆-15号,08:00-09:00,1,1,已售/已满,已售,雾,22,24,2,0.0,93,43
2026-05-21 21:00:56,2026-05-21,4,羽毛球馆-15号,08:00-09:00,1,1,已售/已满,已售,雾,20,21,2,0.0,98,43
2026-05-21 21:30:46,2026-05-21,4,羽毛球馆-15号,08:00-09:00,1,1,已售/已满,已售,雾,20,22,1,0.0,99,41
2026-05-21 22:01:02,2026-05-21,4,羽毛球馆-15号,08:00-09:00,1,1,已售/已满,已售,雾,19,20,2,0.0,93,41
2026-05-21 22:30:47,2026-05-21,4,羽毛球馆-15号,08:00-09:00,1,1,已售/已满,已售,雾,19,19,3,0.0,88,46
2026-05-21 23:00:56,2026-05-21,4,羽毛球馆-15号,08:00-09:00,1,1,已售/已满,已售,多云,18,17,3,0.0,85,46
2026-05-21 23:30:55,2026-05-21,4,羽毛球馆-15号,08:00-09:00,1,1,已售/已满,已售,多云,18,17,3,0.0,85,48
2026-05-21 00:30:49,2026-05-21,4,羽毛球馆-15号,09:00-10:00,0,1,可预约,￥12.0,多云,15,13,3,0.0,100,26
2026-05-21 01:00:55,2026-05-21,4,羽毛球馆-15号,09:00-10:00,0,1,可预约,￥12.0,多云,15,12,4,0.0,100,26
2026-05-21 01:30:47,2026-05-21,4,羽毛球馆-15号,09:00-10:00,0,1,可预约,￥12.0,多云,15,13,4,0.0,100,28
2026-05-21 02:00:53,2026-05-21,4,羽毛球馆-15号,09:00-10:00,0,1,可预约,￥12.0,多云,15,12,4,0.0,100,28
2026-05-21 02:30:49,2026-05-21,4,羽毛球馆-15号,09:00-10:00,0,1,可预约,￥12.0,多云,15,14,3,0.0,100,29
2026-05-21 03:00:55,2026-05-21,4,羽毛球馆-15号,09:00-10:00,0,1,可预约,￥12.0,多云,15,12,4,0.0,100,29
2026-05-21 03:30:49,2026-05-21,4,羽毛球馆-15号,09:00-10:00,0,1,可预约,￥12.0,多云,15,14,3,0.0,100,30
2026-05-21 04:30:45,2026-05-21,4,羽毛球馆-15号,09:00-10:00,0,1,可预约,￥12.0,多云,15,12,4,0.0,100,29
2026-05-21 05:00:52,2026-05-21,4,羽毛球馆-15号,09:00-10:00,0,1,可预约,￥12.0,多云,15,12,4,0.0,100,29
2026-05-21 05:30:49,2026-05-21,4,羽毛球馆-15号,09:00-10:00,0,1,可预约,￥12.0,多云,15,13,3,0.0,100,28
2026-05-21 06:00:50,2026-05-21,4,羽毛球馆-15号,09:00-10:00,0,1,可预约,￥12.0,多云,15,13,4,0.0,99,28
2026-05-21 06:30:38,2026-05-21,4,羽毛球馆-15号,09:00-10:00,0,1,可预约,￥12.0,多云,15,13,3,0.0,97,28
2026-05-21 07:00:43,2026-05-21,4,羽毛球馆-15号,09:00-10:00,0,1,可预约,￥12.0,晴,15,11,5,0.0,93,28
2026-05-21 07:30:39,2026-05-21,4,羽毛球馆-15号,09:00-10:00,0,1,可预约,￥12.0,晴,17,13,4,0.0,89,29
2026-05-21 07:50:40,2026-05-21,4,羽毛球馆-15号,09:00-10:00,0,1,可预约,￥12.0,晴,17,13,4,0.0,88,29
2026-05-21 07:53:31,2026-05-21,4,羽毛球馆-15号,09:00-10:00,0,1,可预约,￥12.0,晴,17,12,5,0.0,86,29
2026-05-21 07:56:31,2026-05-21,4,羽毛球馆-15号,09:00-10:00,0,1,可预约,￥12.0,晴,17,12,5,0.0,86,29
2026-05-21 07:59:26,2026-05-21,4,羽毛球馆-15号,09:00-10:00,0,1,可预约,￥12.0,晴,17,12,5,0.0,86,29
2026-05-21 08:00:45,2026-05-21,4,羽毛球馆-15号,09:00-10:00,0,1,可预约,￥12.0,晴,17,12,5,0.0,86,29
2026-05-21 08:02:30,2026-05-21,4,羽毛球馆-15号,09:00-10:00,0,1,可预约,￥12.0,多云,17,12,5,0.0,87,29
2026-05-21 08:05:36,2026-05-21,4,羽毛球馆-15号,09:00-10:00,0,1,可预约,￥12.0,多云,17,12,5,0.0,86,29
2026-05-21 08:08:31,2026-05-21,4,羽毛球馆-15号,09:00-10:00,0,1,可预约,￥12.0,多云,17,12,5,0.0,86,29
2026-05-21 08:11:30,2026-05-21,4,羽毛球馆-15号,09:00-10:00,0,1,可预约,￥12.0,多云,17,12,5,0.0,86,29
2026-05-21 08:14:31,2026-05-21,4,羽毛球馆-15号,09:00-10:00,0,1,可预约,￥12.0,多云,17,12,5,0.0,86,29
2026-05-21 08:17:30,2026-05-21,4,羽毛球馆-15号,09:00-10:00,0,1,可预约,￥12.0,多云,17,12,5,0.0,86,29
2026-05-21 08:20:35,2026-05-21,4,羽毛球馆-15号,09:00-10:00,0,1,可预约,￥12.0,多云,17,14,4,0.0,85,29
2026-05-21 08:25:32,2026-05-21,4,羽毛球馆-15号,09:00-10:00,0,1,可预约,￥12.0,多云,17,14,4,0.0,85,28
2026-05-21 08:30:42,2026-05-21,4,羽毛球馆-15号,09:00-10:00,0,1,可预约,￥12.0,多云,18,15,4,0.0,84,28
2026-05-21 08:35:31,2026-05-21,4,羽毛球馆-15号,09:00-10:00,0,1,可预约,￥12.0,多云,18,15,4,0.0,84,28
2026-05-21 08:40:38,2026-05-21,4,羽毛球馆-15号,09:00-10:00,0,1,可预约,￥12.0,多云,18,15,4,0.0,82,28
2026-05-21 08:45:33,2026-05-21,4,羽毛球馆-15号,09:00-10:00,0,1,可预约,￥12.0,多云,18,15,4,0.0,82,28
2026-05-21 08:50:36,2026-05-21,4,羽毛球馆-15号,09:00-10:00,0,1,可预约,￥12.0,多云,18,15,4,0.0,82,28
2026-05-21 08:55:34,2026-05-21,4,羽毛球馆-15号,09:00-10:00,0,1,可预约,￥12.0,多云,18,15,4,0.0,84,28
2026-05-21 09:00:51,2026-05-21,4,羽毛球馆-15号,09:00-10:00,0,1,可预约,￥12.0,多云,18,15,4,0.0,84,28
2026-05-21 09:01:59,2026-05-21,4,羽毛球馆-15号,09:00-10:00,0,1,可预约,￥12.0,多云,18,15,4,0.0,83,28
2026-05-21 09:05:33,2026-05-21,4,羽毛球馆-15号,09:00-10:00,0,1,可预约,￥12.0,多云,18,15,4,0.0,83,28
2026-05-21 09:20:38,2026-05-21,4,羽毛球馆-15号,09:00-10:00,0,1,可预约,￥12.0,多云,18,16,3,0.0,81,28
2026-05-21 09:30:46,2026-05-21,4,羽毛球馆-15号,09:00-10:00,0,1,可预约,￥12.0,多云,18,16,3,0.0,81,32
2026-05-21 09:40:36,2026-05-21,4,羽毛球馆-15号,09:00-10:00,0,1,可预约,￥12.0,多云,19,17,3,0.0,79,32
2026-05-21 09:50:42,2026-05-21,4,羽毛球馆-15号,09:00-10:00,0,1,可预约,￥12.0,多云,19,17,4,0.0,81,32
2026-05-21 10:00:46,2026-05-21,4,羽毛球馆-15号,09:00-10:00,0,1,不开放/已过期,,多云,19,17,4,0.0,79,32
2026-05-21 10:10:40,2026-05-21,4,羽毛球馆-15号,09:00-10:00,0,1,不开放/已过期,,多云,19,17,4,0.0,79,32
2026-05-21 10:20:38,2026-05-21,4,羽毛球馆-15号,09:00-10:00,0,1,不开放/已过期,,多云,19,17,4,0.0,79,32
2026-05-21 10:30:41,2026-05-21,4,羽毛球馆-15号,09:00-10:00,0,1,不开放/已过期,,多云,19,18,3,0.0,78,31
2026-05-21 11:00:44,2026-05-21,4,羽毛球馆-15号,09:00-10:00,0,1,不开放/已过期,,多云,21,17,5,0.0,74,31
2026-05-21 11:30:38,2026-05-21,4,羽毛球馆-15号,09:00-10:00,0,1,不开放/已过期,,多云,21,19,3,0.0,72,33
2026-05-21 12:00:46,2026-05-21,4,羽毛球馆-15号,09:00-10:00,0,1,不开放/已过期,,多云,22,19,4,0.0,70,33
2026-05-21 12:30:42,2026-05-21,4,羽毛球馆-15号,09:00-10:00,0,1,不开放/已过期,,多云,22,21,3,0.0,68,35
2026-05-21 13:00:43,2026-05-21,4,羽毛球馆-15号,09:00-10:00,0,1,不开放/已过期,,多云,24,22,4,0.0,66,35
2026-05-21 13:30:43,2026-05-21,4,羽毛球馆-15号,09:00-10:00,0,1,不开放/已过期,,多云,24,22,4,0.0,66,36
2026-05-21 14:00:48,2026-05-21,4,羽毛球馆-15号,09:00-10:00,0,1,不开放/已过期,,多云,25,23,4,0.0,66,36
2026-05-21 14:30:45,2026-05-21,4,羽毛球馆-15号,09:00-10:00,0,1,不开放/已过期,,晴,25,25,3,0.0,65,39
2026-05-21 15:00:45,2026-05-21,4,羽毛球馆-15号,09:00-10:00,0,1,不开放/已过期,,晴,25,22,4,0.0,56,39
2026-05-21 15:30:43,2026-05-21,4,羽毛球馆-15号,09:00-10:00,0,1,不开放/已过期,,晴,25,23,4,0.0,57,40
2026-05-21 16:00:51,2026-05-21,4,羽毛球馆-15号,09:00-10:00,0,1,不开放/已过期,,晴,25,23,4,0.0,57,40
2026-05-21 16:30:48,2026-05-21,4,羽毛球馆-15号,09:00-10:00,0,1,不开放/已过期,,晴,25,24,3,0.0,60,39
2026-05-21 17:00:49,2026-05-21,4,羽毛球馆-15号,09:00-10:00,0,1,不开放/已过期,,晴,25,24,4,0.0,61,39
2026-05-21 17:30:47,2026-05-21,4,羽毛球馆-15号,09:00-10:00,0,1,不开放/已过期,,多云,24,23,3,0.0,64,39
2026-05-21 18:00:50,2026-05-21,4,羽毛球馆-15号,09:00-10:00,0,1,不开放/已过期,,多云,24,23,3,0.0,68,39
2026-05-21 18:30:50,2026-05-21,4,羽毛球馆-15号,09:00-10:00,0,1,不开放/已过期,,阴,24,25,2,0.0,68,40
2026-05-21 19:00:50,2026-05-21,4,羽毛球馆-15号,09:00-10:00,0,1,不开放/已过期,,阴,23,23,3,0.0,76,40
2026-05-21 19:30:46,2026-05-21,4,羽毛球馆-15号,09:00-10:00,0,1,不开放/已过期,,阴,23,24,2,0.0,77,39
2026-05-21 20:00:49,2026-05-21,4,羽毛球馆-15号,09:00-10:00,0,1,不开放/已过期,,雾,22,23,2,0.0,89,39
2026-05-21 20:30:44,2026-05-21,4,羽毛球馆-15号,09:00-10:00,0,1,不开放/已过期,,雾,22,24,2,0.0,93,43
2026-05-21 21:00:56,2026-05-21,4,羽毛球馆-15号,09:00-10:00,0,1,不开放/已过期,,雾,20,21,2,0.0,98,43
2026-05-21 21:30:46,2026-05-21,4,羽毛球馆-15号,09:00-10:00,0,1,不开放/已过期,,雾,20,22,1,0.0,99,41
2026-05-21 22:01:02,2026-05-21,4,羽毛球馆-15号,09:00-10:00,0,1,不开放/已过期,,雾,19,20,2,0.0,93,41
2026-05-21 22:30:47,2026-05-21,4,羽毛球馆-15号,09:00-10:00,0,1,不开放/已过期,,雾,19,19,3,0.0,88,46
2026-05-21 23:00:56,2026-05-21,4,羽毛球馆-15号,09:00-10:00,0,1,不开放/已过期,,多云,18,17,3,0.0,85,46
2026-05-21 23:30:55,2026-05-21,4,羽毛球馆-15号,09:00-10:00,0,1,不开放/已过期,,多云,18,17,3,0.0,85,48
2026-05-21 00:30:49,2026-05-21,4,羽毛球馆-15号,10:00-11:00,1,1,已售/已满,教学时间,多云,15,13,3,0.0,100,26
2026-05-21 01:00:55,2026-05-21,4,羽毛球馆-15号,10:00-11:00,1,1,已售/已满,教学时间,多云,15,12,4,0.0,100,26
2026-05-21 01:30:47,2026-05-21,4,羽毛球馆-15号,10:00-11:00,1,1,已售/已满,教学时间,多云,15,13,4,0.0,100,28
2026-05-21 02:00:53,2026-05-21,4,羽毛球馆-15号,10:00-11:00,1,1,已售/已满,教学时间,多云,15,12,4,0.0,100,28
2026-05-21 02:30:49,2026-05-21,4,羽毛球馆-15号,10:00-11:00,1,1,已售/已满,教学时间,多云,15,14,3,0.0,100,29
2026-05-21 03:00:55,2026-05-21,4,羽毛球馆-15号,10:00-11:00,1,1,已售/已满,教学时间,多云,15,12,4,0.0,100,29
2026-05-21 03:30:49,2026-05-21,4,羽毛球馆-15号,10:00-11:00,1,1,已售/已满,教学时间,多云,15,14,3,0.0,100,30
2026-05-21 04:30:45,2026-05-21,4,羽毛球馆-15号,10:00-11:00,1,1,已售/已满,教学时间,多云,15,12,4,0.0,100,29
2026-05-21 05:00:52,2026-05-21,4,羽毛球馆-15号,10:00-11:00,1,1,已售/已满,教学时间,多云,15,12,4,0.0,100,29
2026-05-21 05:30:49,2026-05-21,4,羽毛球馆-15号,10:00-11:00,1,1,已售/已满,教学时间,多云,15,13,3,0.0,100,28
2026-05-21 06:00:50,2026-05-21,4,羽毛球馆-15号,10:00-11:00,1,1,已售/已满,教学时间,多云,15,13,4,0.0,99,28
2026-05-21 06:30:38,2026-05-21,4,羽毛球馆-15号,10:00-11:00,1,1,已售/已满,教学时间,多云,15,13,3,0.0,97,28
2026-05-21 07:00:43,2026-05-21,4,羽毛球馆-15号,10:00-11:00,1,1,已售/已满,教学时间,晴,15,11,5,0.0,93,28
2026-05-21 07:30:39,2026-05-21,4,羽毛球馆-15号,10:00-11:00,1,1,已售/已满,教学时间,晴,17,13,4,0.0,89,29
2026-05-21 07:50:40,2026-05-21,4,羽毛球馆-15号,10:00-11:00,1,1,已售/已满,教学时间,晴,17,13,4,0.0,88,29
2026-05-21 07:53:31,2026-05-21,4,羽毛球馆-15号,10:00-11:00,1,1,已售/已满,教学时间,晴,17,12,5,0.0,86,29
2026-05-21 07:56:31,2026-05-21,4,羽毛球馆-15号,10:00-11:00,1,1,已售/已满,教学时间,晴,17,12,5,0.0,86,29
2026-05-21 07:59:26,2026-05-21,4,羽毛球馆-15号,10:00-11:00,1,1,已售/已满,教学时间,晴,17,12,5,0.0,86,29
2026-05-21 08:00:45,2026-05-21,4,羽毛球馆-15号,10:00-11:00,1,1,已售/已满,教学时间,晴,17,12,5,0.0,86,29
2026-05-21 08:02:30,2026-05-21,4,羽毛球馆-15号,10:00-11:00,1,1,已售/已满,教学时间,多云,17,12,5,0.0,87,29
2026-05-21 08:05:36,2026-05-21,4,羽毛球馆-15号,10:00-11:00,1,1,已售/已满,教学时间,多云,17,12,5,0.0,86,29
2026-05-21 08:08:31,2026-05-21,4,羽毛球馆-15号,10:00-11:00,1,1,已售/已满,教学时间,多云,17,12,5,0.0,86,29
2026-05-21 08:11:30,2026-05-21,4,羽毛球馆-15号,10:00-11:00,1,1,已售/已满,教学时间,多云,17,12,5,0.0,86,29
2026-05-21 08:14:31,2026-05-21,4,羽毛球馆-15号,10:00-11:00,1,1,已售/已满,教学时间,多云,17,12,5,0.0,86,29
2026-05-21 08:17:30,2026-05-21,4,羽毛球馆-15号,10:00-11:00,1,1,已售/已满,教学时间,多云,17,12,5,0.0,86,29
2026-05-21 08:20:35,2026-05-21,4,羽毛球馆-15号,10:00-11:00,1,1,已售/已满,教学时间,多云,17,14,4,0.0,85,29
2026-05-21 08:25:32,2026-05-21,4,羽毛球馆-15号,10:00-11:00,1,1,已售/已满,教学时间,多云,17,14,4,0.0,85,28
2026-05-21 08:30:42,2026-05-21,4,羽毛球馆-15号,10:00-11:00,1,1,已售/已满,教学时间,多云,18,15,4,0.0,84,28
2026-05-21 08:35:31,2026-05-21,4,羽毛球馆-15号,10:00-11:00,1,1,已售/已满,教学时间,多云,18,15,4,0.0,84,28
2026-05-21 08:40:38,2026-05-21,4,羽毛球馆-15号,10:00-11:00,1,1,已售/已满,教学时间,多云,18,15,4,0.0,82,28
2026-05-21 08:45:33,2026-05-21,4,羽毛球馆-15号,10:00-11:00,1,1,已售/已满,教学时间,多云,18,15,4,0.0,82,28
2026-05-21 08:50:36,2026-05-21,4,羽毛球馆-15号,10:00-11:00,1,1,已售/已满,教学时间,多云,18,15,4,0.0,82,28
2026-05-21 08:55:34,2026-05-21,4,羽毛球馆-15号,10:00-11:00,1,1,已售/已满,教学时间,多云,18,15,4,0.0,84,28
2026-05-21 09:00:51,2026-05-21,4,羽毛球馆-15号,10:00-11:00,1,1,已售/已满,教学时间,多云,18,15,4,0.0,84,28
2026-05-21 09:01:59,2026-05-21,4,羽毛球馆-15号,10:00-11:00,1,1,已售/已满,教学时间,多云,18,15,4,0.0,83,28
2026-05-21 09:05:33,2026-05-21,4,羽毛球馆-15号,10:00-11:00,1,1,已售/已满,教学时间,多云,18,15,4,0.0,83,28
2026-05-21 09:20:38,2026-05-21,4,羽毛球馆-15号,10:00-11:00,1,1,已售/已满,教学时间,多云,18,16,3,0.0,81,28
2026-05-21 09:30:46,2026-05-21,4,羽毛球馆-15号,10:00-11:00,1,1,已售/已满,教学时间,多云,18,16,3,0.0,81,32
2026-05-21 09:40:36,2026-05-21,4,羽毛球馆-15号,10:00-11:00,1,1,已售/已满,教学时间,多云,19,17,3,0.0,79,32
2026-05-21 09:50:42,2026-05-21,4,羽毛球馆-15号,10:00-11:00,1,1,已售/已满,教学时间,多云,19,17,4,0.0,81,32
2026-05-21 10:00:46,2026-05-21,4,羽毛球馆-15号,10:00-11:00,1,1,已售/已满,教学时间,多云,19,17,4,0.0,79,32
2026-05-21 10:10:40,2026-05-21,4,羽毛球馆-15号,10:00-11:00,1,1,已售/已满,教学时间,多云,19,17,4,0.0,79,32
2026-05-21 10:20:38,2026-05-21,4,羽毛球馆-15号,10:00-11:00,1,1,已售/已满,教学时间,多云,19,17,4,0.0,79,32
2026-05-21 10:30:41,2026-05-21,4,羽毛球馆-15号,10:00-11:00,1,1,已售/已满,教学时间,多云,19,18,3,0.0,78,31
2026-05-21 11:00:44,2026-05-21,4,羽毛球馆-15号,10:00-11:00,1,1,已售/已满,教学时间,多云,21,17,5,0.0,74,31
2026-05-21 11:30:38,2026-05-21,4,羽毛球馆-15号,10:00-11:00,1,1,已售/已满,教学时间,多云,21,19,3,0.0,72,33
2026-05-21 12:00:46,2026-05-21,4,羽毛球馆-15号,10:00-11:00,1,1,已售/已满,教学时间,多云,22,19,4,0.0,70,33
2026-05-21 12:30:42,2026-05-21,4,羽毛球馆-15号,10:00-11:00,1,1,已售/已满,教学时间,多云,22,21,3,0.0,68,35
2026-05-21 13:00:43,2026-05-21,4,羽毛球馆-15号,10:00-11:00,1,1,已售/已满,教学时间,多云,24,22,4,0.0,66,35
2026-05-21 13:30:43,2026-05-21,4,羽毛球馆-15号,10:00-11:00,1,1,已售/已满,教学时间,多云,24,22,4,0.0,66,36
2026-05-21 14:00:48,2026-05-21,4,羽毛球馆-15号,10:00-11:00,1,1,已售/已满,教学时间,多云,25,23,4,0.0,66,36
2026-05-21 14:30:45,2026-05-21,4,羽毛球馆-15号,10:00-11:00,1,1,已售/已满,教学时间,晴,25,25,3,0.0,65,39
2026-05-21 15:00:45,2026-05-21,4,羽毛球馆-15号,10:00-11:00,1,1,已售/已满,教学时间,晴,25,22,4,0.0,56,39
2026-05-21 15:30:43,2026-05-21,4,羽毛球馆-15号,10:00-11:00,1,1,已售/已满,教学时间,晴,25,23,4,0.0,57,40
2026-05-21 16:00:51,2026-05-21,4,羽毛球馆-15号,10:00-11:00,1,1,已售/已满,教学时间,晴,25,23,4,0.0,57,40
2026-05-21 16:30:48,2026-05-21,4,羽毛球馆-15号,10:00-11:00,1,1,已售/已满,教学时间,晴,25,24,3,0.0,60,39
2026-05-21 17:00:49,2026-05-21,4,羽毛球馆-15号,10:00-11:00,1,1,已售/已满,教学时间,晴,25,24,4,0.0,61,39
2026-05-21 17:30:47,2026-05-21,4,羽毛球馆-15号,10:00-11:00,1,1,已售/已满,教学时间,多云,24,23,3,0.0,64,39
2026-05-21 18:00:50,2026-05-21,4,羽毛球馆-15号,10:00-11:00,1,1,已售/已满,教学时间,多云,24,23,3,0.0,68,39
2026-05-21 18:30:50,2026-05-21,4,羽毛球馆-15号,10:00-11:00,1,1,已售/已满,教学时间,阴,24,25,2,0.0,68,40
2026-05-21 19:00:50,2026-05-21,4,羽毛球馆-15号,10:00-11:00,1,1,已售/已满,教学时间,阴,23,23,3,0.0,76,40
2026-05-21 19:30:46,2026-05-21,4,羽毛球馆-15号,10:00-11:00,1,1,已售/已满,教学时间,阴,23,24,2,0.0,77,39
2026-05-21 20:00:49,2026-05-21,4,羽毛球馆-15号,10:00-11:00,1,1,已售/已满,教学时间,雾,22,23,2,0.0,89,39
2026-05-21 20:30:44,2026-05-21,4,羽毛球馆-15号,10:00-11:00,1,1,已售/已满,教学时间,雾,22,24,2,0.0,93,43
2026-05-21 21:00:56,2026-05-21,4,羽毛球馆-15号,10:00-11:00,1,1,已售/已满,教学时间,雾,20,21,2,0.0,98,43
2026-05-21 21:30:46,2026-05-21,4,羽毛球馆-15号,10:00-11:00,1,1,已售/已满,教学时间,雾,20,22,1,0.0,99,41
2026-05-21 22:01:02,2026-05-21,4,羽毛球馆-15号,10:00-11:00,1,1,已售/已满,教学时间,雾,19,20,2,0.0,93,41
2026-05-21 22:30:47,2026-05-21,4,羽毛球馆-15号,10:00-11:00,1,1,已售/已满,教学时间,雾,19,19,3,0.0,88,46
2026-05-21 23:00:56,2026-05-21,4,羽毛球馆-15号,10:00-11:00,1,1,已售/已满,教学时间,多云,18,17,3,0.0,85,46
2026-05-21 23:30:55,2026-05-21,4,羽毛球馆-15号,10:00-11:00,1,1,已售/已满,教学时间,多云,18,17,3,0.0,85,48
2026-05-21 00:30:49,2026-05-21,4,羽毛球馆-15号,11:00-12:00,1,1,已售/已满,教学时间,多云,15,13,3,0.0,100,26
2026-05-21 01:00:55,2026-05-21,4,羽毛球馆-15号,11:00-12:00,1,1,已售/已满,教学时间,多云,15,12,4,0.0,100,26
2026-05-21 01:30:47,2026-05-21,4,羽毛球馆-15号,11:00-12:00,1,1,已售/已满,教学时间,多云,15,13,4,0.0,100,28
2026-05-21 02:00:53,2026-05-21,4,羽毛球馆-15号,11:00-12:00,1,1,已售/已满,教学时间,多云,15,12,4,0.0,100,28
2026-05-21 02:30:49,2026-05-21,4,羽毛球馆-15号,11:00-12:00,1,1,已售/已满,教学时间,多云,15,14,3,0.0,100,29
2026-05-21 03:00:55,2026-05-21,4,羽毛球馆-15号,11:00-12:00,1,1,已售/已满,教学时间,多云,15,12,4,0.0,100,29
2026-05-21 03:30:49,2026-05-21,4,羽毛球馆-15号,11:00-12:00,1,1,已售/已满,教学时间,多云,15,14,3,0.0,100,30
2026-05-21 04:30:45,2026-05-21,4,羽毛球馆-15号,11:00-12:00,1,1,已售/已满,教学时间,多云,15,12,4,0.0,100,29
2026-05-21 05:00:52,2026-05-21,4,羽毛球馆-15号,11:00-12:00,1,1,已售/已满,教学时间,多云,15,12,4,0.0,100,29
2026-05-21 05:30:49,2026-05-21,4,羽毛球馆-15号,11:00-12:00,1,1,已售/已满,教学时间,多云,15,13,3,0.0,100,28
2026-05-21 06:00:50,2026-05-21,4,羽毛球馆-15号,11:00-12:00,1,1,已售/已满,教学时间,多云,15,13,4,0.0,99,28
2026-05-21 06:30:38,2026-05-21,4,羽毛球馆-15号,11:00-12:00,1,1,已售/已满,教学时间,多云,15,13,3,0.0,97,28
2026-05-21 07:00:43,2026-05-21,4,羽毛球馆-15号,11:00-12:00,1,1,已售/已满,教学时间,晴,15,11,5,0.0,93,28
2026-05-21 07:30:39,2026-05-21,4,羽毛球馆-15号,11:00-12:00,1,1,已售/已满,教学时间,晴,17,13,4,0.0,89,29
2026-05-21 07:50:40,2026-05-21,4,羽毛球馆-15号,11:00-12:00,1,1,已售/已满,教学时间,晴,17,13,4,0.0,88,29
2026-05-21 07:53:31,2026-05-21,4,羽毛球馆-15号,11:00-12:00,1,1,已售/已满,教学时间,晴,17,12,5,0.0,86,29
2026-05-21 07:56:31,2026-05-21,4,羽毛球馆-15号,11:00-12:00,1,1,已售/已满,教学时间,晴,17,12,5,0.0,86,29
2026-05-21 07:59:26,2026-05-21,4,羽毛球馆-15号,11:00-12:00,1,1,已售/已满,教学时间,晴,17,12,5,0.0,86,29
2026-05-21 08:00:45,2026-05-21,4,羽毛球馆-15号,11:00-12:00,1,1,已售/已满,教学时间,晴,17,12,5,0.0,86,29
2026-05-21 08:02:30,2026-05-21,4,羽毛球馆-15号,11:00-12:00,1,1,已售/已满,教学时间,多云,17,12,5,0.0,87,29
2026-05-21 08:05:36,2026-05-21,4,羽毛球馆-15号,11:00-12:00,1,1,已售/已满,教学时间,多云,17,12,5,0.0,86,29
2026-05-21 08:08:31,2026-05-21,4,羽毛球馆-15号,11:00-12:00,1,1,已售/已满,教学时间,多云,17,12,5,0.0,86,29
2026-05-21 08:11:30,2026-05-21,4,羽毛球馆-15号,11:00-12:00,1,1,已售/已满,教学时间,多云,17,12,5,0.0,86,29
2026-05-21 08:14:31,2026-05-21,4,羽毛球馆-15号,11:00-12:00,1,1,已售/已满,教学时间,多云,17,12,5,0.0,86,29
2026-05-21 08:17:30,2026-05-21,4,羽毛球馆-15号,11:00-12:00,1,1,已售/已满,教学时间,多云,17,12,5,0.0,86,29
2026-05-21 08:20:35,2026-05-21,4,羽毛球馆-15号,11:00-12:00,1,1,已售/已满,教学时间,多云,17,14,4,0.0,85,29
2026-05-21 08:25:32,2026-05-21,4,羽毛球馆-15号,11:00-12:00,1,1,已售/已满,教学时间,多云,17,14,4,0.0,85,28
2026-05-21 08:30:42,2026-05-21,4,羽毛球馆-15号,11:00-12:00,1,1,已售/已满,教学时间,多云,18,15,4,0.0,84,28
2026-05-21 08:35:31,2026-05-21,4,羽毛球馆-15号,11:00-12:00,1,1,已售/已满,教学时间,多云,18,15,4,0.0,84,28
2026-05-21 08:40:38,2026-05-21,4,羽毛球馆-15号,11:00-12:00,1,1,已售/已满,教学时间,多云,18,15,4,0.0,82,28
2026-05-21 08:45:33,2026-05-21,4,羽毛球馆-15号,11:00-12:00,1,1,已售/已满,教学时间,多云,18,15,4,0.0,82,28
2026-05-21 08:50:36,2026-05-21,4,羽毛球馆-15号,11:00-12:00,1,1,已售/已满,教学时间,多云,18,15,4,0.0,82,28
2026-05-21 08:55:34,2026-05-21,4,羽毛球馆-15号,11:00-12:00,1,1,已售/已满,教学时间,多云,18,15,4,0.0,84,28
2026-05-21 09:00:51,2026-05-21,4,羽毛球馆-15号,11:00-12:00,1,1,已售/已满,教学时间,多云,18,15,4,0.0,84,28
2026-05-21 09:01:59,2026-05-21,4,羽毛球馆-15号,11:00-12:00,1,1,已售/已满,教学时间,多云,18,15,4,0.0,83,28
2026-05-21 09:05:33,2026-05-21,4,羽毛球馆-15号,11:00-12:00,1,1,已售/已满,教学时间,多云,18,15,4,0.0,83,28
2026-05-21 09:20:38,2026-05-21,4,羽毛球馆-15号,11:00-12:00,1,1,已售/已满,教学时间,多云,18,16,3,0.0,81,28
2026-05-21 09:30:46,2026-05-21,4,羽毛球馆-15号,11:00-12:00,1,1,已售/已满,教学时间,多云,18,16,3,0.0,81,32
2026-05-21 09:40:36,2026-05-21,4,羽毛球馆-15号,11:00-12:00,1,1,已售/已满,教学时间,多云,19,17,3,0.0,79,32
2026-05-21 09:50:42,2026-05-21,4,羽毛球馆-15号,11:00-12:00,1,1,已售/已满,教学时间,多云,19,17,4,0.0,81,32
2026-05-21 10:00:46,2026-05-21,4,羽毛球馆-15号,11:00-12:00,1,1,已售/已满,教学时间,多云,19,17,4,0.0,79,32
2026-05-21 10:10:40,2026-05-21,4,羽毛球馆-15号,11:00-12:00,1,1,已售/已满,教学时间,多云,19,17,4,0.0,79,32
2026-05-21 10:20:38,2026-05-21,4,羽毛球馆-15号,11:00-12:00,1,1,已售/已满,教学时间,多云,19,17,4,0.0,79,32
2026-05-21 10:30:41,2026-05-21,4,羽毛球馆-15号,11:00-12:00,1,1,已售/已满,教学时间,多云,19,18,3,0.0,78,31
2026-05-21 11:00:44,2026-05-21,4,羽毛球馆-15号,11:00-12:00,1,1,已售/已满,教学时间,多云,21,17,5,0.0,74,31
2026-05-21 11:30:38,2026-05-21,4,羽毛球馆-15号,11:00-12:00,1,1,已售/已满,教学时间,多云,21,19,3,0.0,72,33
2026-05-21 12:00:46,2026-05-21,4,羽毛球馆-15号,11:00-12:00,1,1,已售/已满,教学时间,多云,22,19,4,0.0,70,33
2026-05-21 12:30:42,2026-05-21,4,羽毛球馆-15号,11:00-12:00,1,1,已售/已满,教学时间,多云,22,21,3,0.0,68,35
2026-05-21 13:00:43,2026-05-21,4,羽毛球馆-15号,11:00-12:00,1,1,已售/已满,教学时间,多云,24,22,4,0.0,66,35
2026-05-21 13:30:43,2026-05-21,4,羽毛球馆-15号,11:00-12:00,1,1,已售/已满,教学时间,多云,24,22,4,0.0,66,36
2026-05-21 14:00:48,2026-05-21,4,羽毛球馆-15号,11:00-12:00,1,1,已售/已满,教学时间,多云,25,23,4,0.0,66,36
2026-05-21 14:30:45,2026-05-21,4,羽毛球馆-15号,11:00-12:00,1,1,已售/已满,教学时间,晴,25,25,3,0.0,65,39
2026-05-21 15:00:45,2026-05-21,4,羽毛球馆-15号,11:00-12:00,1,1,已售/已满,教学时间,晴,25,22,4,0.0,56,39
2026-05-21 15:30:43,2026-05-21,4,羽毛球馆-15号,11:00-12:00,1,1,已售/已满,教学时间,晴,25,23,4,0.0,57,40
2026-05-21 16:00:51,2026-05-21,4,羽毛球馆-15号,11:00-12:00,1,1,已售/已满,教学时间,晴,25,23,4,0.0,57,40
2026-05-21 16:30:48,2026-05-21,4,羽毛球馆-15号,11:00-12:00,1,1,已售/已满,教学时间,晴,25,24,3,0.0,60,39
2026-05-21 17:00:49,2026-05-21,4,羽毛球馆-15号,11:00-12:00,1,1,已售/已满,教学时间,晴,25,24,4,0.0,61,39
2026-05-21 17:30:47,2026-05-21,4,羽毛球馆-15号,11:00-12:00,1,1,已售/已满,教学时间,多云,24,23,3,0.0,64,39
2026-05-21 18:00:50,2026-05-21,4,羽毛球馆-15号,11:00-12:00,1,1,已售/已满,教学时间,多云,24,23,3,0.0,68,39
2026-05-21 18:30:50,2026-05-21,4,羽毛球馆-15号,11:00-12:00,1,1,已售/已满,教学时间,阴,24,25,2,0.0,68,40
2026-05-21 19:00:50,2026-05-21,4,羽毛球馆-15号,11:00-12:00,1,1,已售/已满,教学时间,阴,23,23,3,0.0,76,40
2026-05-21 19:30:46,2026-05-21,4,羽毛球馆-15号,11:00-12:00,1,1,已售/已满,教学时间,阴,23,24,2,0.0,77,39
2026-05-21 20:00:49,2026-05-21,4,羽毛球馆-15号,11:00-12:00,1,1,已售/已满,教学时间,雾,22,23,2,0.0,89,39
2026-05-21 20:30:44,2026-05-21,4,羽毛球馆-15号,11:00-12:00,1,1,已售/已满,教学时间,雾,22,24,2,0.0,93,43
2026-05-21 21:00:56,2026-05-21,4,羽毛球馆-15号,11:00-12:00,1,1,已售/已满,教学时间,雾,20,21,2,0.0,98,43
2026-05-21 21:30:46,2026-05-21,4,羽毛球馆-15号,11:00-12:00,1,1,已售/已满,教学时间,雾,20,22,1,0.0,99,41
2026-05-21 22:01:02,2026-05-21,4,羽毛球馆-15号,11:00-12:00,1,1,已售/已满,教学时间,雾,19,20,2,0.0,93,41
2026-05-21 22:30:47,2026-05-21,4,羽毛球馆-15号,11:00-12:00,1,1,已售/已满,教学时间,雾,19,19,3,0.0,88,46
2026-05-21 23:00:56,2026-05-21,4,羽毛球馆-15号,11:00-12:00,1,1,已售/已满,教学时间,多云,18,17,3,0.0,85,46
2026-05-21 23:30:55,2026-05-21,4,羽毛球馆-15号,11:00-12:00,1,1,已售/已满,教学时间,多云,18,17,3,0.0,85,48
2026-05-21 00:30:49,2026-05-21,4,羽毛球馆-15号,12:00-12:55,1,1,已售/已满,已售,多云,15,13,3,0.0,100,26
2026-05-21 01:00:55,2026-05-21,4,羽毛球馆-15号,12:00-12:55,1,1,已售/已满,已售,多云,15,12,4,0.0,100,26
2026-05-21 01:30:47,2026-05-21,4,羽毛球馆-15号,12:00-12:55,1,1,已售/已满,已售,多云,15,13,4,0.0,100,28
2026-05-21 02:00:53,2026-05-21,4,羽毛球馆-15号,12:00-12:55,1,1,已售/已满,已售,多云,15,12,4,0.0,100,28
2026-05-21 02:30:49,2026-05-21,4,羽毛球馆-15号,12:00-12:55,1,1,已售/已满,已售,多云,15,14,3,0.0,100,29
2026-05-21 03:00:55,2026-05-21,4,羽毛球馆-15号,12:00-12:55,1,1,已售/已满,已售,多云,15,12,4,0.0,100,29
2026-05-21 03:30:49,2026-05-21,4,羽毛球馆-15号,12:00-12:55,1,1,已售/已满,已售,多云,15,14,3,0.0,100,30
2026-05-21 04:30:45,2026-05-21,4,羽毛球馆-15号,12:00-12:55,1,1,已售/已满,已售,多云,15,12,4,0.0,100,29
2026-05-21 05:00:52,2026-05-21,4,羽毛球馆-15号,12:00-12:55,1,1,已售/已满,已售,多云,15,12,4,0.0,100,29
2026-05-21 05:30:49,2026-05-21,4,羽毛球馆-15号,12:00-12:55,1,1,已售/已满,已售,多云,15,13,3,0.0,100,28
2026-05-21 06:00:50,2026-05-21,4,羽毛球馆-15号,12:00-12:55,1,1,已售/已满,已售,多云,15,13,4,0.0,99,28
2026-05-21 06:30:38,2026-05-21,4,羽毛球馆-15号,12:00-12:55,1,1,已售/已满,已售,多云,15,13,3,0.0,97,28
2026-05-21 07:00:43,2026-05-21,4,羽毛球馆-15号,12:00-12:55,1,1,已售/已满,已售,晴,15,11,5,0.0,93,28
2026-05-21 07:30:39,2026-05-21,4,羽毛球馆-15号,12:00-12:55,1,1,已售/已满,已售,晴,17,13,4,0.0,89,29
2026-05-21 07:50:40,2026-05-21,4,羽毛球馆-15号,12:00-12:55,1,1,已售/已满,已售,晴,17,13,4,0.0,88,29
2026-05-21 07:53:31,2026-05-21,4,羽毛球馆-15号,12:00-12:55,1,1,已售/已满,已售,晴,17,12,5,0.0,86,29
2026-05-21 07:56:31,2026-05-21,4,羽毛球馆-15号,12:00-12:55,1,1,已售/已满,已售,晴,17,12,5,0.0,86,29
2026-05-21 07:59:26,2026-05-21,4,羽毛球馆-15号,12:00-12:55,1,1,已售/已满,已售,晴,17,12,5,0.0,86,29
2026-05-21 08:00:45,2026-05-21,4,羽毛球馆-15号,12:00-12:55,1,1,已售/已满,已售,晴,17,12,5,0.0,86,29
2026-05-21 08:02:30,2026-05-21,4,羽毛球馆-15号,12:00-12:55,1,1,已售/已满,已售,多云,17,12,5,0.0,87,29
2026-05-21 08:05:36,2026-05-21,4,羽毛球馆-15号,12:00-12:55,1,1,已售/已满,已售,多云,17,12,5,0.0,86,29
2026-05-21 08:08:31,2026-05-21,4,羽毛球馆-15号,12:00-12:55,1,1,已售/已满,已售,多云,17,12,5,0.0,86,29
2026-05-21 08:11:30,2026-05-21,4,羽毛球馆-15号,12:00-12:55,1,1,已售/已满,已售,多云,17,12,5,0.0,86,29
2026-05-21 08:14:31,2026-05-21,4,羽毛球馆-15号,12:00-12:55,1,1,已售/已满,已售,多云,17,12,5,0.0,86,29
2026-05-21 08:17:30,2026-05-21,4,羽毛球馆-15号,12:00-12:55,1,1,已售/已满,已售,多云,17,12,5,0.0,86,29
2026-05-21 08:20:35,2026-05-21,4,羽毛球馆-15号,12:00-12:55,1,1,已售/已满,已售,多云,17,14,4,0.0,85,29
2026-05-21 08:25:32,2026-05-21,4,羽毛球馆-15号,12:00-12:55,1,1,已售/已满,已售,多云,17,14,4,0.0,85,28
2026-05-21 08:30:42,2026-05-21,4,羽毛球馆-15号,12:00-12:55,1,1,已售/已满,已售,多云,18,15,4,0.0,84,28
2026-05-21 08:35:31,2026-05-21,4,羽毛球馆-15号,12:00-12:55,1,1,已售/已满,已售,多云,18,15,4,0.0,84,28
2026-05-21 08:40:38,2026-05-21,4,羽毛球馆-15号,12:00-12:55,1,1,已售/已满,已售,多云,18,15,4,0.0,82,28
2026-05-21 08:45:33,2026-05-21,4,羽毛球馆-15号,12:00-12:55,1,1,已售/已满,已售,多云,18,15,4,0.0,82,28
2026-05-21 08:50:36,2026-05-21,4,羽毛球馆-15号,12:00-12:55,1,1,已售/已满,已售,多云,18,15,4,0.0,82,28
2026-05-21 08:55:34,2026-05-21,4,羽毛球馆-15号,12:00-12:55,1,1,已售/已满,已售,多云,18,15,4,0.0,84,28
2026-05-21 09:00:51,2026-05-21,4,羽毛球馆-15号,12:00-12:55,1,1,已售/已满,已售,多云,18,15,4,0.0,84,28
2026-05-21 09:01:59,2026-05-21,4,羽毛球馆-15号,12:00-12:55,1,1,已售/已满,已售,多云,18,15,4,0.0,83,28
2026-05-21 09:05:33,2026-05-21,4,羽毛球馆-15号,12:00-12:55,1,1,已售/已满,已售,多云,18,15,4,0.0,83,28
2026-05-21 09:20:38,2026-05-21,4,羽毛球馆-15号,12:00-12:55,1,1,已售/已满,已售,多云,18,16,3,0.0,81,28
2026-05-21 09:30:46,2026-05-21,4,羽毛球馆-15号,12:00-12:55,1,1,已售/已满,已售,多云,18,16,3,0.0,81,32
2026-05-21 09:40:36,2026-05-21,4,羽毛球馆-15号,12:00-12:55,1,1,已售/已满,已售,多云,19,17,3,0.0,79,32
2026-05-21 09:50:42,2026-05-21,4,羽毛球馆-15号,12:00-12:55,1,1,已售/已满,已售,多云,19,17,4,0.0,81,32
2026-05-21 10:00:46,2026-05-21,4,羽毛球馆-15号,12:00-12:55,1,1,已售/已满,已售,多云,19,17,4,0.0,79,32
2026-05-21 10:10:40,2026-05-21,4,羽毛球馆-15号,12:00-12:55,1,1,已售/已满,已售,多云,19,17,4,0.0,79,32
2026-05-21 10:20:38,2026-05-21,4,羽毛球馆-15号,12:00-12:55,1,1,已售/已满,已售,多云,19,17,4,0.0,79,32
2026-05-21 10:30:41,2026-05-21,4,羽毛球馆-15号,12:00-12:55,1,1,已售/已满,已售,多云,19,18,3,0.0,78,31
2026-05-21 11:00:44,2026-05-21,4,羽毛球馆-15号,12:00-12:55,1,1,已售/已满,已售,多云,21,17,5,0.0,74,31
2026-05-21 11:30:38,2026-05-21,4,羽毛球馆-15号,12:00-12:55,1,1,已售/已满,已售,多云,21,19,3,0.0,72,33
2026-05-21 12:00:46,2026-05-21,4,羽毛球馆-15号,12:00-12:55,1,1,已售/已满,已售,多云,22,19,4,0.0,70,33
2026-05-21 12:30:42,2026-05-21,4,羽毛球馆-15号,12:00-12:55,1,1,已售/已满,已售,多云,22,21,3,0.0,68,35
2026-05-21 13:00:43,2026-05-21,4,羽毛球馆-15号,12:00-12:55,1,1,已售/已满,已售,多云,24,22,4,0.0,66,35
2026-05-21 13:30:43,2026-05-21,4,羽毛球馆-15号,12:00-12:55,1,1,已售/已满,已售,多云,24,22,4,0.0,66,36
2026-05-21 14:00:48,2026-05-21,4,羽毛球馆-15号,12:00-12:55,1,1,已售/已满,已售,多云,25,23,4,0.0,66,36
2026-05-21 14:30:45,2026-05-21,4,羽毛球馆-15号,12:00-12:55,1,1,已售/已满,已售,晴,25,25,3,0.0,65,39
2026-05-21 15:00:45,2026-05-21,4,羽毛球馆-15号,12:00-12:55,1,1,已售/已满,已售,晴,25,22,4,0.0,56,39
2026-05-21 15:30:43,2026-05-21,4,羽毛球馆-15号,12:00-12:55,1,1,已售/已满,已售,晴,25,23,4,0.0,57,40
2026-05-21 16:00:51,2026-05-21,4,羽毛球馆-15号,12:00-12:55,1,1,已售/已满,已售,晴,25,23,4,0.0,57,40
2026-05-21 16:30:48,2026-05-21,4,羽毛球馆-15号,12:00-12:55,1,1,已售/已满,已售,晴,25,24,3,0.0,60,39
2026-05-21 17:00:49,2026-05-21,4,羽毛球馆-15号,12:00-12:55,1,1,已售/已满,已售,晴,25,24,4,0.0,61,39
2026-05-21 17:30:47,2026-05-21,4,羽毛球馆-15号,12:00-12:55,1,1,已售/已满,已售,多云,24,23,3,0.0,64,39
2026-05-21 18:00:50,2026-05-21,4,羽毛球馆-15号,12:00-12:55,1,1,已售/已满,已售,多云,24,23,3,0.0,68,39
2026-05-21 18:30:50,2026-05-21,4,羽毛球馆-15号,12:00-12:55,1,1,已售/已满,已售,阴,24,25,2,0.0,68,40
2026-05-21 19:00:50,2026-05-21,4,羽毛球馆-15号,12:00-12:55,1,1,已售/已满,已售,阴,23,23,3,0.0,76,40
2026-05-21 19:30:46,2026-05-21,4,羽毛球馆-15号,12:00-12:55,1,1,已售/已满,已售,阴,23,24,2,0.0,77,39
2026-05-21 20:00:49,2026-05-21,4,羽毛球馆-15号,12:00-12:55,1,1,已售/已满,已售,雾,22,23,2,0.0,89,39
2026-05-21 20:30:44,2026-05-21,4,羽毛球馆-15号,12:00-12:55,1,1,已售/已满,已售,雾,22,24,2,0.0,93,43
2026-05-21 21:00:56,2026-05-21,4,羽毛球馆-15号,12:00-12:55,1,1,已售/已满,已售,雾,20,21,2,0.0,98,43
2026-05-21 21:30:46,2026-05-21,4,羽毛球馆-15号,12:00-12:55,1,1,已售/已满,已售,雾,20,22,1,0.0,99,41
2026-05-21 22:01:02,2026-05-21,4,羽毛球馆-15号,12:00-12:55,1,1,已售/已满,已售,雾,19,20,2,0.0,93,41
2026-05-21 22:30:47,2026-05-21,4,羽毛球馆-15号,12:00-12:55,1,1,已售/已满,已售,雾,19,19,3,0.0,88,46
2026-05-21 23:00:56,2026-05-21,4,羽毛球馆-15号,12:00-12:55,1,1,已售/已满,已售,多云,18,17,3,0.0,85,46
2026-05-21 23:30:55,2026-05-21,4,羽毛球馆-15号,12:00-12:55,1,1,已售/已满,已售,多云,18,17,3,0.0,85,48
2026-05-21 00:30:49,2026-05-21,4,羽毛球馆-15号,12:55-13:50,1,1,已售/已满,已售,多云,15,13,3,0.0,100,26
2026-05-21 01:00:55,2026-05-21,4,羽毛球馆-15号,12:55-13:50,1,1,已售/已满,已售,多云,15,12,4,0.0,100,26
2026-05-21 01:30:47,2026-05-21,4,羽毛球馆-15号,12:55-13:50,1,1,已售/已满,已售,多云,15,13,4,0.0,100,28
2026-05-21 02:00:53,2026-05-21,4,羽毛球馆-15号,12:55-13:50,1,1,已售/已满,已售,多云,15,12,4,0.0,100,28
2026-05-21 02:30:49,2026-05-21,4,羽毛球馆-15号,12:55-13:50,1,1,已售/已满,已售,多云,15,14,3,0.0,100,29
2026-05-21 03:00:55,2026-05-21,4,羽毛球馆-15号,12:55-13:50,1,1,已售/已满,已售,多云,15,12,4,0.0,100,29
2026-05-21 03:30:49,2026-05-21,4,羽毛球馆-15号,12:55-13:50,1,1,已售/已满,已售,多云,15,14,3,0.0,100,30
2026-05-21 04:30:45,2026-05-21,4,羽毛球馆-15号,12:55-13:50,1,1,已售/已满,已售,多云,15,12,4,0.0,100,29
2026-05-21 05:00:52,2026-05-21,4,羽毛球馆-15号,12:55-13:50,1,1,已售/已满,已售,多云,15,12,4,0.0,100,29
2026-05-21 05:30:49,2026-05-21,4,羽毛球馆-15号,12:55-13:50,1,1,已售/已满,已售,多云,15,13,3,0.0,100,28
2026-05-21 06:00:50,2026-05-21,4,羽毛球馆-15号,12:55-13:50,1,1,已售/已满,已售,多云,15,13,4,0.0,99,28
2026-05-21 06:30:38,2026-05-21,4,羽毛球馆-15号,12:55-13:50,1,1,已售/已满,已售,多云,15,13,3,0.0,97,28
2026-05-21 07:00:43,2026-05-21,4,羽毛球馆-15号,12:55-13:50,1,1,已售/已满,已售,晴,15,11,5,0.0,93,28
2026-05-21 07:30:39,2026-05-21,4,羽毛球馆-15号,12:55-13:50,1,1,已售/已满,已售,晴,17,13,4,0.0,89,29
2026-05-21 07:50:40,2026-05-21,4,羽毛球馆-15号,12:55-13:50,1,1,已售/已满,已售,晴,17,13,4,0.0,88,29
2026-05-21 07:53:31,2026-05-21,4,羽毛球馆-15号,12:55-13:50,1,1,已售/已满,已售,晴,17,12,5,0.0,86,29
2026-05-21 07:56:31,2026-05-21,4,羽毛球馆-15号,12:55-13:50,1,1,已售/已满,已售,晴,17,12,5,0.0,86,29
2026-05-21 07:59:26,2026-05-21,4,羽毛球馆-15号,12:55-13:50,1,1,已售/已满,已售,晴,17,12,5,0.0,86,29
2026-05-21 08:00:45,2026-05-21,4,羽毛球馆-15号,12:55-13:50,1,1,已售/已满,已售,晴,17,12,5,0.0,86,29
2026-05-21 08:02:30,2026-05-21,4,羽毛球馆-15号,12:55-13:50,1,1,已售/已满,已售,多云,17,12,5,0.0,87,29
2026-05-21 08:05:36,2026-05-21,4,羽毛球馆-15号,12:55-13:50,1,1,已售/已满,已售,多云,17,12,5,0.0,86,29
2026-05-21 08:08:31,2026-05-21,4,羽毛球馆-15号,12:55-13:50,1,1,已售/已满,已售,多云,17,12,5,0.0,86,29
2026-05-21 08:11:30,2026-05-21,4,羽毛球馆-15号,12:55-13:50,1,1,已售/已满,已售,多云,17,12,5,0.0,86,29
2026-05-21 08:14:31,2026-05-21,4,羽毛球馆-15号,12:55-13:50,1,1,已售/已满,已售,多云,17,12,5,0.0,86,29
2026-05-21 08:17:30,2026-05-21,4,羽毛球馆-15号,12:55-13:50,1,1,已售/已满,已售,多云,17,12,5,0.0,86,29
2026-05-21 08:20:35,2026-05-21,4,羽毛球馆-15号,12:55-13:50,1,1,已售/已满,已售,多云,17,14,4,0.0,85,29
2026-05-21 08:25:32,2026-05-21,4,羽毛球馆-15号,12:55-13:50,1,1,已售/已满,已售,多云,17,14,4,0.0,85,28
2026-05-21 08:30:42,2026-05-21,4,羽毛球馆-15号,12:55-13:50,1,1,已售/已满,已售,多云,18,15,4,0.0,84,28
2026-05-21 08:35:31,2026-05-21,4,羽毛球馆-15号,12:55-13:50,1,1,已售/已满,已售,多云,18,15,4,0.0,84,28
2026-05-21 08:40:38,2026-05-21,4,羽毛球馆-15号,12:55-13:50,1,1,已售/已满,已售,多云,18,15,4,0.0,82,28
2026-05-21 08:45:33,2026-05-21,4,羽毛球馆-15号,12:55-13:50,1,1,已售/已满,已售,多云,18,15,4,0.0,82,28
2026-05-21 08:50:36,2026-05-21,4,羽毛球馆-15号,12:55-13:50,1,1,已售/已满,已售,多云,18,15,4,0.0,82,28
2026-05-21 08:55:34,2026-05-21,4,羽毛球馆-15号,12:55-13:50,1,1,已售/已满,已售,多云,18,15,4,0.0,84,28
2026-05-21 09:00:51,2026-05-21,4,羽毛球馆-15号,12:55-13:50,1,1,已售/已满,已售,多云,18,15,4,0.0,84,28
2026-05-21 09:01:59,2026-05-21,4,羽毛球馆-15号,12:55-13:50,1,1,已售/已满,已售,多云,18,15,4,0.0,83,28
2026-05-21 09:05:33,2026-05-21,4,羽毛球馆-15号,12:55-13:50,1,1,已售/已满,已售,多云,18,15,4,0.0,83,28
2026-05-21 09:20:38,2026-05-21,4,羽毛球馆-15号,12:55-13:50,1,1,已售/已满,已售,多云,18,16,3,0.0,81,28
2026-05-21 09:30:46,2026-05-21,4,羽毛球馆-15号,12:55-13:50,1,1,已售/已满,已售,多云,18,16,3,0.0,81,32
2026-05-21 09:40:36,2026-05-21,4,羽毛球馆-15号,12:55-13:50,1,1,已售/已满,已售,多云,19,17,3,0.0,79,32
2026-05-21 09:50:42,2026-05-21,4,羽毛球馆-15号,12:55-13:50,1,1,已售/已满,已售,多云,19,17,4,0.0,81,32
2026-05-21 10:00:46,2026-05-21,4,羽毛球馆-15号,12:55-13:50,1,1,已售/已满,已售,多云,19,17,4,0.0,79,32
2026-05-21 10:10:40,2026-05-21,4,羽毛球馆-15号,12:55-13:50,1,1,已售/已满,已售,多云,19,17,4,0.0,79,32
2026-05-21 10:20:38,2026-05-21,4,羽毛球馆-15号,12:55-13:50,1,1,已售/已满,已售,多云,19,17,4,0.0,79,32
2026-05-21 10:30:41,2026-05-21,4,羽毛球馆-15号,12:55-13:50,1,1,已售/已满,已售,多云,19,18,3,0.0,78,31
2026-05-21 11:00:44,2026-05-21,4,羽毛球馆-15号,12:55-13:50,1,1,已售/已满,已售,多云,21,17,5,0.0,74,31
2026-05-21 11:30:38,2026-05-21,4,羽毛球馆-15号,12:55-13:50,1,1,已售/已满,已售,多云,21,19,3,0.0,72,33
2026-05-21 12:00:46,2026-05-21,4,羽毛球馆-15号,12:55-13:50,1,1,已售/已满,已售,多云,22,19,4,0.0,70,33
2026-05-21 12:30:42,2026-05-21,4,羽毛球馆-15号,12:55-13:50,1,1,已售/已满,已售,多云,22,21,3,0.0,68,35
2026-05-21 13:00:43,2026-05-21,4,羽毛球馆-15号,12:55-13:50,1,1,已售/已满,已售,多云,24,22,4,0.0,66,35
2026-05-21 13:30:43,2026-05-21,4,羽毛球馆-15号,12:55-13:50,1,1,已售/已满,已售,多云,24,22,4,0.0,66,36
2026-05-21 14:00:48,2026-05-21,4,羽毛球馆-15号,12:55-13:50,1,1,已售/已满,已售,多云,25,23,4,0.0,66,36
2026-05-21 14:30:45,2026-05-21,4,羽毛球馆-15号,12:55-13:50,1,1,已售/已满,已售,晴,25,25,3,0.0,65,39
2026-05-21 15:00:45,2026-05-21,4,羽毛球馆-15号,12:55-13:50,1,1,已售/已满,已售,晴,25,22,4,0.0,56,39
2026-05-21 15:30:43,2026-05-21,4,羽毛球馆-15号,12:55-13:50,1,1,已售/已满,已售,晴,25,23,4,0.0,57,40
2026-05-21 16:00:51,2026-05-21,4,羽毛球馆-15号,12:55-13:50,1,1,已售/已满,已售,晴,25,23,4,0.0,57,40
2026-05-21 16:30:48,2026-05-21,4,羽毛球馆-15号,12:55-13:50,1,1,已售/已满,已售,晴,25,24,3,0.0,60,39
2026-05-21 17:00:49,2026-05-21,4,羽毛球馆-15号,12:55-13:50,1,1,已售/已满,已售,晴,25,24,4,0.0,61,39
2026-05-21 17:30:47,2026-05-21,4,羽毛球馆-15号,12:55-13:50,1,1,已售/已满,已售,多云,24,23,3,0.0,64,39
2026-05-21 18:00:50,2026-05-21,4,羽毛球馆-15号,12:55-13:50,1,1,已售/已满,已售,多云,24,23,3,0.0,68,39
2026-05-21 18:30:50,2026-05-21,4,羽毛球馆-15号,12:55-13:50,1,1,已售/已满,已售,阴,24,25,2,0.0,68,40
2026-05-21 19:00:50,2026-05-21,4,羽毛球馆-15号,12:55-13:50,1,1,已售/已满,已售,阴,23,23,3,0.0,76,40
2026-05-21 19:30:46,2026-05-21,4,羽毛球馆-15号,12:55-13:50,1,1,已售/已满,已售,阴,23,24,2,0.0,77,39
2026-05-21 20:00:49,2026-05-21,4,羽毛球馆-15号,12:55-13:50,1,1,已售/已满,已售,雾,22,23,2,0.0,89,39
2026-05-21 20:30:44,2026-05-21,4,羽毛球馆-15号,12:55-13:50,1,1,已售/已满,已售,雾,22,24,2,0.0,93,43
2026-05-21 21:00:56,2026-05-21,4,羽毛球馆-15号,12:55-13:50,1,1,已售/已满,已售,雾,20,21,2,0.0,98,43
2026-05-21 21:30:46,2026-05-21,4,羽毛球馆-15号,12:55-13:50,1,1,已售/已满,已售,雾,20,22,1,0.0,99,41
2026-05-21 22:01:02,2026-05-21,4,羽毛球馆-15号,12:55-13:50,1,1,已售/已满,已售,雾,19,20,2,0.0,93,41
2026-05-21 22:30:47,2026-05-21,4,羽毛球馆-15号,12:55-13:50,1,1,已售/已满,已售,雾,19,19,3,0.0,88,46
2026-05-21 23:00:56,2026-05-21,4,羽毛球馆-15号,12:55-13:50,1,1,已售/已满,已售,多云,18,17,3,0.0,85,46
2026-05-21 23:30:55,2026-05-21,4,羽毛球馆-15号,12:55-13:50,1,1,已售/已满,已售,多云,18,17,3,0.0,85,48
2026-05-21 00:30:49,2026-05-21,4,羽毛球馆-15号,14:00-15:00,1,1,已售/已满,已售,多云,15,13,3,0.0,100,26
2026-05-21 01:00:55,2026-05-21,4,羽毛球馆-15号,14:00-15:00,1,1,已售/已满,已售,多云,15,12,4,0.0,100,26
2026-05-21 01:30:47,2026-05-21,4,羽毛球馆-15号,14:00-15:00,1,1,已售/已满,已售,多云,15,13,4,0.0,100,28
2026-05-21 02:00:53,2026-05-21,4,羽毛球馆-15号,14:00-15:00,1,1,已售/已满,已售,多云,15,12,4,0.0,100,28
2026-05-21 02:30:49,2026-05-21,4,羽毛球馆-15号,14:00-15:00,1,1,已售/已满,已售,多云,15,14,3,0.0,100,29
2026-05-21 03:00:55,2026-05-21,4,羽毛球馆-15号,14:00-15:00,1,1,已售/已满,已售,多云,15,12,4,0.0,100,29
2026-05-21 03:30:49,2026-05-21,4,羽毛球馆-15号,14:00-15:00,1,1,已售/已满,已售,多云,15,14,3,0.0,100,30
2026-05-21 04:30:45,2026-05-21,4,羽毛球馆-15号,14:00-15:00,1,1,已售/已满,已售,多云,15,12,4,0.0,100,29
2026-05-21 05:00:52,2026-05-21,4,羽毛球馆-15号,14:00-15:00,1,1,已售/已满,已售,多云,15,12,4,0.0,100,29
2026-05-21 05:30:49,2026-05-21,4,羽毛球馆-15号,14:00-15:00,1,1,已售/已满,已售,多云,15,13,3,0.0,100,28
2026-05-21 06:00:50,2026-05-21,4,羽毛球馆-15号,14:00-15:00,1,1,已售/已满,已售,多云,15,13,4,0.0,99,28
2026-05-21 06:30:38,2026-05-21,4,羽毛球馆-15号,14:00-15:00,1,1,已售/已满,已售,多云,15,13,3,0.0,97,28
2026-05-21 07:00:43,2026-05-21,4,羽毛球馆-15号,14:00-15:00,1,1,已售/已满,已售,晴,15,11,5,0.0,93,28
2026-05-21 07:30:39,2026-05-21,4,羽毛球馆-15号,14:00-15:00,1,1,已售/已满,已售,晴,17,13,4,0.0,89,29
2026-05-21 07:50:40,2026-05-21,4,羽毛球馆-15号,14:00-15:00,1,1,已售/已满,已售,晴,17,13,4,0.0,88,29
2026-05-21 07:53:31,2026-05-21,4,羽毛球馆-15号,14:00-15:00,1,1,已售/已满,已售,晴,17,12,5,0.0,86,29
2026-05-21 07:56:31,2026-05-21,4,羽毛球馆-15号,14:00-15:00,1,1,已售/已满,已售,晴,17,12,5,0.0,86,29
2026-05-21 07:59:26,2026-05-21,4,羽毛球馆-15号,14:00-15:00,1,1,已售/已满,已售,晴,17,12,5,0.0,86,29
2026-05-21 08:00:45,2026-05-21,4,羽毛球馆-15号,14:00-15:00,1,1,已售/已满,已售,晴,17,12,5,0.0,86,29
2026-05-21 08:02:30,2026-05-21,4,羽毛球馆-15号,14:00-15:00,1,1,已售/已满,已售,多云,17,12,5,0.0,87,29
2026-05-21 08:05:36,2026-05-21,4,羽毛球馆-15号,14:00-15:00,1,1,已售/已满,已售,多云,17,12,5,0.0,86,29
2026-05-21 08:08:31,2026-05-21,4,羽毛球馆-15号,14:00-15:00,1,1,已售/已满,已售,多云,17,12,5,0.0,86,29
2026-05-21 08:11:30,2026-05-21,4,羽毛球馆-15号,14:00-15:00,1,1,已售/已满,已售,多云,17,12,5,0.0,86,29
2026-05-21 08:14:31,2026-05-21,4,羽毛球馆-15号,14:00-15:00,1,1,已售/已满,已售,多云,17,12,5,0.0,86,29
2026-05-21 08:17:30,2026-05-21,4,羽毛球馆-15号,14:00-15:00,1,1,已售/已满,已售,多云,17,12,5,0.0,86,29
2026-05-21 08:20:35,2026-05-21,4,羽毛球馆-15号,14:00-15:00,1,1,已售/已满,已售,多云,17,14,4,0.0,85,29
2026-05-21 08:25:32,2026-05-21,4,羽毛球馆-15号,14:00-15:00,1,1,已售/已满,已售,多云,17,14,4,0.0,85,28
2026-05-21 08:30:42,2026-05-21,4,羽毛球馆-15号,14:00-15:00,1,1,已售/已满,已售,多云,18,15,4,0.0,84,28
2026-05-21 08:35:31,2026-05-21,4,羽毛球馆-15号,14:00-15:00,1,1,已售/已满,已售,多云,18,15,4,0.0,84,28
2026-05-21 08:40:38,2026-05-21,4,羽毛球馆-15号,14:00-15:00,1,1,已售/已满,已售,多云,18,15,4,0.0,82,28
2026-05-21 08:45:33,2026-05-21,4,羽毛球馆-15号,14:00-15:00,1,1,已售/已满,已售,多云,18,15,4,0.0,82,28
2026-05-21 08:50:36,2026-05-21,4,羽毛球馆-15号,14:00-15:00,1,1,已售/已满,已售,多云,18,15,4,0.0,82,28
2026-05-21 08:55:34,2026-05-21,4,羽毛球馆-15号,14:00-15:00,1,1,已售/已满,已售,多云,18,15,4,0.0,84,28
2026-05-21 09:00:51,2026-05-21,4,羽毛球馆-15号,14:00-15:00,1,1,已售/已满,已售,多云,18,15,4,0.0,84,28
2026-05-21 09:01:59,2026-05-21,4,羽毛球馆-15号,14:00-15:00,1,1,已售/已满,已售,多云,18,15,4,0.0,83,28
2026-05-21 09:05:33,2026-05-21,4,羽毛球馆-15号,14:00-15:00,1,1,已售/已满,已售,多云,18,15,4,0.0,83,28
2026-05-21 09:20:38,2026-05-21,4,羽毛球馆-15号,14:00-15:00,1,1,已售/已满,已售,多云,18,16,3,0.0,81,28
2026-05-21 09:30:46,2026-05-21,4,羽毛球馆-15号,14:00-15:00,1,1,已售/已满,已售,多云,18,16,3,0.0,81,32
2026-05-21 09:40:36,2026-05-21,4,羽毛球馆-15号,14:00-15:00,1,1,已售/已满,已售,多云,19,17,3,0.0,79,32
2026-05-21 09:50:42,2026-05-21,4,羽毛球馆-15号,14:00-15:00,1,1,已售/已满,已售,多云,19,17,4,0.0,81,32
2026-05-21 10:00:46,2026-05-21,4,羽毛球馆-15号,14:00-15:00,1,1,已售/已满,已售,多云,19,17,4,0.0,79,32
2026-05-21 10:10:40,2026-05-21,4,羽毛球馆-15号,14:00-15:00,1,1,已售/已满,已售,多云,19,17,4,0.0,79,32
2026-05-21 10:20:38,2026-05-21,4,羽毛球馆-15号,14:00-15:00,1,1,已售/已满,已售,多云,19,17,4,0.0,79,32
2026-05-21 10:30:41,2026-05-21,4,羽毛球馆-15号,14:00-15:00,1,1,已售/已满,已售,多云,19,18,3,0.0,78,31
2026-05-21 11:00:44,2026-05-21,4,羽毛球馆-15号,14:00-15:00,0,1,可预约,￥12.0,多云,21,17,5,0.0,74,31
2026-05-21 11:30:38,2026-05-21,4,羽毛球馆-15号,14:00-15:00,0,1,可预约,￥12.0,多云,21,19,3,0.0,72,33
2026-05-21 12:00:46,2026-05-21,4,羽毛球馆-15号,14:00-15:00,0,1,可预约,￥12.0,多云,22,19,4,0.0,70,33
2026-05-21 12:30:42,2026-05-21,4,羽毛球馆-15号,14:00-15:00,0,1,可预约,￥12.0,多云,22,21,3,0.0,68,35
2026-05-21 13:00:43,2026-05-21,4,羽毛球馆-15号,14:00-15:00,0,1,可预约,￥12.0,多云,24,22,4,0.0,66,35
2026-05-21 13:30:43,2026-05-21,4,羽毛球馆-15号,14:00-15:00,0,1,可预约,￥12.0,多云,24,22,4,0.0,66,36
2026-05-21 14:00:48,2026-05-21,4,羽毛球馆-15号,14:00-15:00,0,1,可预约,￥12.0,多云,25,23,4,0.0,66,36
2026-05-21 14:30:45,2026-05-21,4,羽毛球馆-15号,14:00-15:00,0,1,可预约,￥12.0,晴,25,25,3,0.0,65,39
2026-05-21 15:00:45,2026-05-21,4,羽毛球馆-15号,14:00-15:00,0,1,不开放/已过期,,晴,25,22,4,0.0,56,39
2026-05-21 15:30:43,2026-05-21,4,羽毛球馆-15号,14:00-15:00,0,1,不开放/已过期,,晴,25,23,4,0.0,57,40
2026-05-21 16:00:51,2026-05-21,4,羽毛球馆-15号,14:00-15:00,0,1,不开放/已过期,,晴,25,23,4,0.0,57,40
2026-05-21 16:30:48,2026-05-21,4,羽毛球馆-15号,14:00-15:00,0,1,不开放/已过期,,晴,25,24,3,0.0,60,39
2026-05-21 17:00:49,2026-05-21,4,羽毛球馆-15号,14:00-15:00,0,1,不开放/已过期,,晴,25,24,4,0.0,61,39
2026-05-21 17:30:47,2026-05-21,4,羽毛球馆-15号,14:00-15:00,0,1,不开放/已过期,,多云,24,23,3,0.0,64,39
2026-05-21 18:00:50,2026-05-21,4,羽毛球馆-15号,14:00-15:00,0,1,不开放/已过期,,多云,24,23,3,0.0,68,39
2026-05-21 18:30:50,2026-05-21,4,羽毛球馆-15号,14:00-15:00,0,1,不开放/已过期,,阴,24,25,2,0.0,68,40
2026-05-21 19:00:50,2026-05-21,4,羽毛球馆-15号,14:00-15:00,0,1,不开放/已过期,,阴,23,23,3,0.0,76,40
2026-05-21 19:30:46,2026-05-21,4,羽毛球馆-15号,14:00-15:00,0,1,不开放/已过期,,阴,23,24,2,0.0,77,39
2026-05-21 20:00:49,2026-05-21,4,羽毛球馆-15号,14:00-15:00,0,1,不开放/已过期,,雾,22,23,2,0.0,89,39
2026-05-21 20:30:44,2026-05-21,4,羽毛球馆-15号,14:00-15:00,0,1,不开放/已过期,,雾,22,24,2,0.0,93,43
2026-05-21 21:00:56,2026-05-21,4,羽毛球馆-15号,14:00-15:00,0,1,不开放/已过期,,雾,20,21,2,0.0,98,43
2026-05-21 21:30:46,2026-05-21,4,羽毛球馆-15号,14:00-15:00,0,1,不开放/已过期,,雾,20,22,1,0.0,99,41
2026-05-21 22:01:02,2026-05-21,4,羽毛球馆-15号,14:00-15:00,0,1,不开放/已过期,,雾,19,20,2,0.0,93,41
2026-05-21 22:30:47,2026-05-21,4,羽毛球馆-15号,14:00-15:00,0,1,不开放/已过期,,雾,19,19,3,0.0,88,46
2026-05-21 23:00:56,2026-05-21,4,羽毛球馆-15号,14:00-15:00,0,1,不开放/已过期,,多云,18,17,3,0.0,85,46
2026-05-21 23:30:55,2026-05-21,4,羽毛球馆-15号,14:00-15:00,0,1,不开放/已过期,,多云,18,17,3,0.0,85,48
2026-05-21 00:30:49,2026-05-21,4,羽毛球馆-15号,15:00-16:00,0,1,可预约,￥12.0,多云,15,13,3,0.0,100,26
2026-05-21 01:00:55,2026-05-21,4,羽毛球馆-15号,15:00-16:00,0,1,可预约,￥12.0,多云,15,12,4,0.0,100,26
2026-05-21 01:30:47,2026-05-21,4,羽毛球馆-15号,15:00-16:00,0,1,可预约,￥12.0,多云,15,13,4,0.0,100,28
2026-05-21 02:00:53,2026-05-21,4,羽毛球馆-15号,15:00-16:00,0,1,可预约,￥12.0,多云,15,12,4,0.0,100,28
2026-05-21 02:30:49,2026-05-21,4,羽毛球馆-15号,15:00-16:00,0,1,可预约,￥12.0,多云,15,14,3,0.0,100,29
2026-05-21 03:00:55,2026-05-21,4,羽毛球馆-15号,15:00-16:00,0,1,可预约,￥12.0,多云,15,12,4,0.0,100,29
2026-05-21 03:30:49,2026-05-21,4,羽毛球馆-15号,15:00-16:00,0,1,可预约,￥12.0,多云,15,14,3,0.0,100,30
2026-05-21 04:30:45,2026-05-21,4,羽毛球馆-15号,15:00-16:00,0,1,可预约,￥12.0,多云,15,12,4,0.0,100,29
2026-05-21 05:00:52,2026-05-21,4,羽毛球馆-15号,15:00-16:00,0,1,可预约,￥12.0,多云,15,12,4,0.0,100,29
2026-05-21 05:30:49,2026-05-21,4,羽毛球馆-15号,15:00-16:00,0,1,可预约,￥12.0,多云,15,13,3,0.0,100,28
2026-05-21 06:00:50,2026-05-21,4,羽毛球馆-15号,15:00-16:00,0,1,可预约,￥12.0,多云,15,13,4,0.0,99,28
2026-05-21 06:30:38,2026-05-21,4,羽毛球馆-15号,15:00-16:00,0,1,可预约,￥12.0,多云,15,13,3,0.0,97,28
2026-05-21 07:00:43,2026-05-21,4,羽毛球馆-15号,15:00-16:00,0,1,可预约,￥12.0,晴,15,11,5,0.0,93,28
2026-05-21 07:30:39,2026-05-21,4,羽毛球馆-15号,15:00-16:00,0,1,可预约,￥12.0,晴,17,13,4,0.0,89,29
2026-05-21 07:50:40,2026-05-21,4,羽毛球馆-15号,15:00-16:00,0,1,可预约,￥12.0,晴,17,13,4,0.0,88,29
2026-05-21 07:53:31,2026-05-21,4,羽毛球馆-15号,15:00-16:00,0,1,可预约,￥12.0,晴,17,12,5,0.0,86,29
2026-05-21 07:56:31,2026-05-21,4,羽毛球馆-15号,15:00-16:00,0,1,可预约,￥12.0,晴,17,12,5,0.0,86,29
2026-05-21 07:59:26,2026-05-21,4,羽毛球馆-15号,15:00-16:00,0,1,可预约,￥12.0,晴,17,12,5,0.0,86,29
2026-05-21 08:00:45,2026-05-21,4,羽毛球馆-15号,15:00-16:00,0,1,可预约,￥12.0,晴,17,12,5,0.0,86,29
2026-05-21 08:02:30,2026-05-21,4,羽毛球馆-15号,15:00-16:00,0,1,可预约,￥12.0,多云,17,12,5,0.0,87,29
2026-05-21 08:05:36,2026-05-21,4,羽毛球馆-15号,15:00-16:00,0,1,可预约,￥12.0,多云,17,12,5,0.0,86,29
2026-05-21 08:08:31,2026-05-21,4,羽毛球馆-15号,15:00-16:00,0,1,可预约,￥12.0,多云,17,12,5,0.0,86,29
2026-05-21 08:11:30,2026-05-21,4,羽毛球馆-15号,15:00-16:00,0,1,可预约,￥12.0,多云,17,12,5,0.0,86,29
2026-05-21 08:14:31,2026-05-21,4,羽毛球馆-15号,15:00-16:00,0,1,可预约,￥12.0,多云,17,12,5,0.0,86,29
2026-05-21 08:17:30,2026-05-21,4,羽毛球馆-15号,15:00-16:00,0,1,可预约,￥12.0,多云,17,12,5,0.0,86,29
2026-05-21 08:20:35,2026-05-21,4,羽毛球馆-15号,15:00-16:00,0,1,可预约,￥12.0,多云,17,14,4,0.0,85,29
2026-05-21 08:25:32,2026-05-21,4,羽毛球馆-15号,15:00-16:00,0,1,可预约,￥12.0,多云,17,14,4,0.0,85,28
2026-05-21 08:30:42,2026-05-21,4,羽毛球馆-15号,15:00-16:00,0,1,可预约,￥12.0,多云,18,15,4,0.0,84,28
2026-05-21 08:35:31,2026-05-21,4,羽毛球馆-15号,15:00-16:00,0,1,可预约,￥12.0,多云,18,15,4,0.0,84,28
2026-05-21 08:40:38,2026-05-21,4,羽毛球馆-15号,15:00-16:00,0,1,可预约,￥12.0,多云,18,15,4,0.0,82,28
2026-05-21 08:45:33,2026-05-21,4,羽毛球馆-15号,15:00-16:00,0,1,可预约,￥12.0,多云,18,15,4,0.0,82,28
2026-05-21 08:50:36,2026-05-21,4,羽毛球馆-15号,15:00-16:00,0,1,可预约,￥12.0,多云,18,15,4,0.0,82,28
2026-05-21 08:55:34,2026-05-21,4,羽毛球馆-15号,15:00-16:00,0,1,可预约,￥12.0,多云,18,15,4,0.0,84,28
2026-05-21 09:00:51,2026-05-21,4,羽毛球馆-15号,15:00-16:00,0,1,可预约,￥12.0,多云,18,15,4,0.0,84,28
2026-05-21 09:01:59,2026-05-21,4,羽毛球馆-15号,15:00-16:00,0,1,可预约,￥12.0,多云,18,15,4,0.0,83,28
2026-05-21 09:05:33,2026-05-21,4,羽毛球馆-15号,15:00-16:00,0,1,可预约,￥12.0,多云,18,15,4,0.0,83,28
2026-05-21 09:20:38,2026-05-21,4,羽毛球馆-15号,15:00-16:00,0,1,可预约,￥12.0,多云,18,16,3,0.0,81,28
2026-05-21 09:30:46,2026-05-21,4,羽毛球馆-15号,15:00-16:00,0,1,可预约,￥12.0,多云,18,16,3,0.0,81,32
2026-05-21 09:40:36,2026-05-21,4,羽毛球馆-15号,15:00-16:00,0,1,可预约,￥12.0,多云,19,17,3,0.0,79,32
2026-05-21 09:50:42,2026-05-21,4,羽毛球馆-15号,15:00-16:00,0,1,可预约,￥12.0,多云,19,17,4,0.0,81,32
2026-05-21 10:00:46,2026-05-21,4,羽毛球馆-15号,15:00-16:00,0,1,可预约,￥12.0,多云,19,17,4,0.0,79,32
2026-05-21 10:10:40,2026-05-21,4,羽毛球馆-15号,15:00-16:00,0,1,可预约,￥12.0,多云,19,17,4,0.0,79,32
2026-05-21 10:20:38,2026-05-21,4,羽毛球馆-15号,15:00-16:00,0,1,可预约,￥12.0,多云,19,17,4,0.0,79,32
2026-05-21 10:30:41,2026-05-21,4,羽毛球馆-15号,15:00-16:00,0,1,可预约,￥12.0,多云,19,18,3,0.0,78,31
2026-05-21 11:00:44,2026-05-21,4,羽毛球馆-15号,15:00-16:00,0,1,可预约,￥12.0,多云,21,17,5,0.0,74,31
2026-05-21 11:30:38,2026-05-21,4,羽毛球馆-15号,15:00-16:00,0,1,可预约,￥12.0,多云,21,19,3,0.0,72,33
2026-05-21 12:00:46,2026-05-21,4,羽毛球馆-15号,15:00-16:00,0,1,可预约,￥12.0,多云,22,19,4,0.0,70,33
2026-05-21 12:30:42,2026-05-21,4,羽毛球馆-15号,15:00-16:00,0,1,可预约,￥12.0,多云,22,21,3,0.0,68,35
2026-05-21 13:00:43,2026-05-21,4,羽毛球馆-15号,15:00-16:00,0,1,可预约,￥12.0,多云,24,22,4,0.0,66,35
2026-05-21 13:30:43,2026-05-21,4,羽毛球馆-15号,15:00-16:00,0,1,可预约,￥12.0,多云,24,22,4,0.0,66,36
2026-05-21 14:00:48,2026-05-21,4,羽毛球馆-15号,15:00-16:00,0,1,可预约,￥12.0,多云,25,23,4,0.0,66,36
2026-05-21 14:30:45,2026-05-21,4,羽毛球馆-15号,15:00-16:00,0,1,可预约,￥12.0,晴,25,25,3,0.0,65,39
2026-05-21 15:00:45,2026-05-21,4,羽毛球馆-15号,15:00-16:00,0,1,可预约,￥12.0,晴,25,22,4,0.0,56,39
2026-05-21 15:30:43,2026-05-21,4,羽毛球馆-15号,15:00-16:00,0,1,可预约,￥12.0,晴,25,23,4,0.0,57,40
2026-05-21 16:00:51,2026-05-21,4,羽毛球馆-15号,15:00-16:00,0,1,不开放/已过期,,晴,25,23,4,0.0,57,40
2026-05-21 16:30:48,2026-05-21,4,羽毛球馆-15号,15:00-16:00,0,1,不开放/已过期,,晴,25,24,3,0.0,60,39
2026-05-21 17:00:49,2026-05-21,4,羽毛球馆-15号,15:00-16:00,0,1,不开放/已过期,,晴,25,24,4,0.0,61,39
2026-05-21 17:30:47,2026-05-21,4,羽毛球馆-15号,15:00-16:00,0,1,不开放/已过期,,多云,24,23,3,0.0,64,39
2026-05-21 18:00:50,2026-05-21,4,羽毛球馆-15号,15:00-16:00,0,1,不开放/已过期,,多云,24,23,3,0.0,68,39
2026-05-21 18:30:50,2026-05-21,4,羽毛球馆-15号,15:00-16:00,0,1,不开放/已过期,,阴,24,25,2,0.0,68,40
2026-05-21 19:00:50,2026-05-21,4,羽毛球馆-15号,15:00-16:00,0,1,不开放/已过期,,阴,23,23,3,0.0,76,40
2026-05-21 19:30:46,2026-05-21,4,羽毛球馆-15号,15:00-16:00,0,1,不开放/已过期,,阴,23,24,2,0.0,77,39
2026-05-21 20:00:49,2026-05-21,4,羽毛球馆-15号,15:00-16:00,0,1,不开放/已过期,,雾,22,23,2,0.0,89,39
2026-05-21 20:30:44,2026-05-21,4,羽毛球馆-15号,15:00-16:00,0,1,不开放/已过期,,雾,22,24,2,0.0,93,43
2026-05-21 21:00:56,2026-05-21,4,羽毛球馆-15号,15:00-16:00,0,1,不开放/已过期,,雾,20,21,2,0.0,98,43
2026-05-21 21:30:46,2026-05-21,4,羽毛球馆-15号,15:00-16:00,0,1,不开放/已过期,,雾,20,22,1,0.0,99,41
2026-05-21 22:01:02,2026-05-21,4,羽毛球馆-15号,15:00-16:00,0,1,不开放/已过期,,雾,19,20,2,0.0,93,41
2026-05-21 22:30:47,2026-05-21,4,羽毛球馆-15号,15:00-16:00,0,1,不开放/已过期,,雾,19,19,3,0.0,88,46
2026-05-21 23:00:56,2026-05-21,4,羽毛球馆-15号,15:00-16:00,0,1,不开放/已过期,,多云,18,17,3,0.0,85,46
2026-05-21 23:30:55,2026-05-21,4,羽毛球馆-15号,15:00-16:00,0,1,不开放/已过期,,多云,18,17,3,0.0,85,48
2026-05-21 00:30:49,2026-05-21,4,羽毛球馆-15号,16:00-17:00,1,1,已售/已满,已售,多云,15,13,3,0.0,100,26
2026-05-21 01:00:55,2026-05-21,4,羽毛球馆-15号,16:00-17:00,1,1,已售/已满,已售,多云,15,12,4,0.0,100,26
2026-05-21 01:30:47,2026-05-21,4,羽毛球馆-15号,16:00-17:00,1,1,已售/已满,已售,多云,15,13,4,0.0,100,28
2026-05-21 02:00:53,2026-05-21,4,羽毛球馆-15号,16:00-17:00,1,1,已售/已满,已售,多云,15,12,4,0.0,100,28
2026-05-21 02:30:49,2026-05-21,4,羽毛球馆-15号,16:00-17:00,1,1,已售/已满,已售,多云,15,14,3,0.0,100,29
2026-05-21 03:00:55,2026-05-21,4,羽毛球馆-15号,16:00-17:00,1,1,已售/已满,已售,多云,15,12,4,0.0,100,29
2026-05-21 03:30:49,2026-05-21,4,羽毛球馆-15号,16:00-17:00,1,1,已售/已满,已售,多云,15,14,3,0.0,100,30
2026-05-21 04:30:45,2026-05-21,4,羽毛球馆-15号,16:00-17:00,1,1,已售/已满,已售,多云,15,12,4,0.0,100,29
2026-05-21 05:00:52,2026-05-21,4,羽毛球馆-15号,16:00-17:00,1,1,已售/已满,已售,多云,15,12,4,0.0,100,29
2026-05-21 05:30:49,2026-05-21,4,羽毛球馆-15号,16:00-17:00,1,1,已售/已满,已售,多云,15,13,3,0.0,100,28
2026-05-21 06:00:50,2026-05-21,4,羽毛球馆-15号,16:00-17:00,1,1,已售/已满,已售,多云,15,13,4,0.0,99,28
2026-05-21 06:30:38,2026-05-21,4,羽毛球馆-15号,16:00-17:00,1,1,已售/已满,已售,多云,15,13,3,0.0,97,28
2026-05-21 07:00:43,2026-05-21,4,羽毛球馆-15号,16:00-17:00,1,1,已售/已满,已售,晴,15,11,5,0.0,93,28
2026-05-21 07:30:39,2026-05-21,4,羽毛球馆-15号,16:00-17:00,1,1,已售/已满,已售,晴,17,13,4,0.0,89,29
2026-05-21 07:50:40,2026-05-21,4,羽毛球馆-15号,16:00-17:00,1,1,已售/已满,已售,晴,17,13,4,0.0,88,29
2026-05-21 07:53:31,2026-05-21,4,羽毛球馆-15号,16:00-17:00,1,1,已售/已满,已售,晴,17,12,5,0.0,86,29
2026-05-21 07:56:31,2026-05-21,4,羽毛球馆-15号,16:00-17:00,1,1,已售/已满,已售,晴,17,12,5,0.0,86,29
2026-05-21 07:59:26,2026-05-21,4,羽毛球馆-15号,16:00-17:00,1,1,已售/已满,已售,晴,17,12,5,0.0,86,29
2026-05-21 08:00:45,2026-05-21,4,羽毛球馆-15号,16:00-17:00,1,1,已售/已满,已售,晴,17,12,5,0.0,86,29
2026-05-21 08:02:30,2026-05-21,4,羽毛球馆-15号,16:00-17:00,1,1,已售/已满,已售,多云,17,12,5,0.0,87,29
2026-05-21 08:05:36,2026-05-21,4,羽毛球馆-15号,16:00-17:00,1,1,已售/已满,已售,多云,17,12,5,0.0,86,29
2026-05-21 08:08:31,2026-05-21,4,羽毛球馆-15号,16:00-17:00,1,1,已售/已满,已售,多云,17,12,5,0.0,86,29
2026-05-21 08:11:30,2026-05-21,4,羽毛球馆-15号,16:00-17:00,1,1,已售/已满,已售,多云,17,12,5,0.0,86,29
2026-05-21 08:14:31,2026-05-21,4,羽毛球馆-15号,16:00-17:00,1,1,已售/已满,已售,多云,17,12,5,0.0,86,29
2026-05-21 08:17:30,2026-05-21,4,羽毛球馆-15号,16:00-17:00,1,1,已售/已满,已售,多云,17,12,5,0.0,86,29
2026-05-21 08:20:35,2026-05-21,4,羽毛球馆-15号,16:00-17:00,1,1,已售/已满,已售,多云,17,14,4,0.0,85,29
2026-05-21 08:25:32,2026-05-21,4,羽毛球馆-15号,16:00-17:00,1,1,已售/已满,已售,多云,17,14,4,0.0,85,28
2026-05-21 08:30:42,2026-05-21,4,羽毛球馆-15号,16:00-17:00,1,1,已售/已满,已售,多云,18,15,4,0.0,84,28
2026-05-21 08:35:31,2026-05-21,4,羽毛球馆-15号,16:00-17:00,1,1,已售/已满,已售,多云,18,15,4,0.0,84,28
2026-05-21 08:40:38,2026-05-21,4,羽毛球馆-15号,16:00-17:00,1,1,已售/已满,已售,多云,18,15,4,0.0,82,28
2026-05-21 08:45:33,2026-05-21,4,羽毛球馆-15号,16:00-17:00,1,1,已售/已满,已售,多云,18,15,4,0.0,82,28
2026-05-21 08:50:36,2026-05-21,4,羽毛球馆-15号,16:00-17:00,1,1,已售/已满,已售,多云,18,15,4,0.0,82,28
2026-05-21 08:55:34,2026-05-21,4,羽毛球馆-15号,16:00-17:00,1,1,已售/已满,已售,多云,18,15,4,0.0,84,28
2026-05-21 09:00:51,2026-05-21,4,羽毛球馆-15号,16:00-17:00,1,1,已售/已满,已售,多云,18,15,4,0.0,84,28
2026-05-21 09:01:59,2026-05-21,4,羽毛球馆-15号,16:00-17:00,1,1,已售/已满,已售,多云,18,15,4,0.0,83,28
2026-05-21 09:05:33,2026-05-21,4,羽毛球馆-15号,16:00-17:00,1,1,已售/已满,已售,多云,18,15,4,0.0,83,28
2026-05-21 09:20:38,2026-05-21,4,羽毛球馆-15号,16:00-17:00,1,1,已售/已满,已售,多云,18,16,3,0.0,81,28
2026-05-21 09:30:46,2026-05-21,4,羽毛球馆-15号,16:00-17:00,1,1,已售/已满,已售,多云,18,16,3,0.0,81,32
2026-05-21 09:40:36,2026-05-21,4,羽毛球馆-15号,16:00-17:00,1,1,已售/已满,已售,多云,19,17,3,0.0,79,32
2026-05-21 09:50:42,2026-05-21,4,羽毛球馆-15号,16:00-17:00,1,1,已售/已满,已售,多云,19,17,4,0.0,81,32
2026-05-21 10:00:46,2026-05-21,4,羽毛球馆-15号,16:00-17:00,1,1,已售/已满,已售,多云,19,17,4,0.0,79,32
2026-05-21 10:10:40,2026-05-21,4,羽毛球馆-15号,16:00-17:00,1,1,已售/已满,已售,多云,19,17,4,0.0,79,32
2026-05-21 10:20:38,2026-05-21,4,羽毛球馆-15号,16:00-17:00,1,1,已售/已满,已售,多云,19,17,4,0.0,79,32
2026-05-21 10:30:41,2026-05-21,4,羽毛球馆-15号,16:00-17:00,1,1,已售/已满,已售,多云,19,18,3,0.0,78,31
2026-05-21 11:00:44,2026-05-21,4,羽毛球馆-15号,16:00-17:00,1,1,已售/已满,已售,多云,21,17,5,0.0,74,31
2026-05-21 11:30:38,2026-05-21,4,羽毛球馆-15号,16:00-17:00,1,1,已售/已满,已售,多云,21,19,3,0.0,72,33
2026-05-21 12:00:46,2026-05-21,4,羽毛球馆-15号,16:00-17:00,1,1,已售/已满,已售,多云,22,19,4,0.0,70,33
2026-05-21 12:30:42,2026-05-21,4,羽毛球馆-15号,16:00-17:00,1,1,已售/已满,已售,多云,22,21,3,0.0,68,35
2026-05-21 13:00:43,2026-05-21,4,羽毛球馆-15号,16:00-17:00,1,1,已售/已满,已售,多云,24,22,4,0.0,66,35
2026-05-21 13:30:43,2026-05-21,4,羽毛球馆-15号,16:00-17:00,1,1,已售/已满,已售,多云,24,22,4,0.0,66,36
2026-05-21 14:00:48,2026-05-21,4,羽毛球馆-15号,16:00-17:00,1,1,已售/已满,已售,多云,25,23,4,0.0,66,36
2026-05-21 14:30:45,2026-05-21,4,羽毛球馆-15号,16:00-17:00,1,1,已售/已满,已售,晴,25,25,3,0.0,65,39
2026-05-21 15:00:45,2026-05-21,4,羽毛球馆-15号,16:00-17:00,1,1,已售/已满,已售,晴,25,22,4,0.0,56,39
2026-05-21 15:30:43,2026-05-21,4,羽毛球馆-15号,16:00-17:00,1,1,已售/已满,已售,晴,25,23,4,0.0,57,40
2026-05-21 16:00:51,2026-05-21,4,羽毛球馆-15号,16:00-17:00,1,1,已售/已满,已售,晴,25,23,4,0.0,57,40
2026-05-21 16:30:48,2026-05-21,4,羽毛球馆-15号,16:00-17:00,1,1,已售/已满,已售,晴,25,24,3,0.0,60,39
2026-05-21 17:00:49,2026-05-21,4,羽毛球馆-15号,16:00-17:00,1,1,已售/已满,已售,晴,25,24,4,0.0,61,39
2026-05-21 17:30:47,2026-05-21,4,羽毛球馆-15号,16:00-17:00,1,1,已售/已满,已售,多云,24,23,3,0.0,64,39
2026-05-21 18:00:50,2026-05-21,4,羽毛球馆-15号,16:00-17:00,1,1,已售/已满,已售,多云,24,23,3,0.0,68,39
2026-05-21 18:30:50,2026-05-21,4,羽毛球馆-15号,16:00-17:00,1,1,已售/已满,已售,阴,24,25,2,0.0,68,40
2026-05-21 19:00:50,2026-05-21,4,羽毛球馆-15号,16:00-17:00,1,1,已售/已满,已售,阴,23,23,3,0.0,76,40
2026-05-21 19:30:46,2026-05-21,4,羽毛球馆-15号,16:00-17:00,1,1,已售/已满,已售,阴,23,24,2,0.0,77,39
2026-05-21 20:00:49,2026-05-21,4,羽毛球馆-15号,16:00-17:00,1,1,已售/已满,已售,雾,22,23,2,0.0,89,39
2026-05-21 20:30:44,2026-05-21,4,羽毛球馆-15号,16:00-17:00,1,1,已售/已满,已售,雾,22,24,2,0.0,93,43
2026-05-21 21:00:56,2026-05-21,4,羽毛球馆-15号,16:00-17:00,1,1,已售/已满,已售,雾,20,21,2,0.0,98,43
2026-05-21 21:30:46,2026-05-21,4,羽毛球馆-15号,16:00-17:00,1,1,已售/已满,已售,雾,20,22,1,0.0,99,41
2026-05-21 22:01:02,2026-05-21,4,羽毛球馆-15号,16:00-17:00,1,1,已售/已满,已售,雾,19,20,2,0.0,93,41
2026-05-21 22:30:47,2026-05-21,4,羽毛球馆-15号,16:00-17:00,1,1,已售/已满,已售,雾,19,19,3,0.0,88,46
2026-05-21 23:00:56,2026-05-21,4,羽毛球馆-15号,16:00-17:00,1,1,已售/已满,已售,多云,18,17,3,0.0,85,46
2026-05-21 23:30:55,2026-05-21,4,羽毛球馆-15号,16:00-17:00,1,1,已售/已满,已售,多云,18,17,3,0.0,85,48
2026-05-21 00:30:49,2026-05-21,4,羽毛球馆-15号,17:00-18:00,1,1,已售/已满,已售,多云,15,13,3,0.0,100,26
2026-05-21 01:00:55,2026-05-21,4,羽毛球馆-15号,17:00-18:00,1,1,已售/已满,已售,多云,15,12,4,0.0,100,26
2026-05-21 01:30:47,2026-05-21,4,羽毛球馆-15号,17:00-18:00,1,1,已售/已满,已售,多云,15,13,4,0.0,100,28
2026-05-21 02:00:53,2026-05-21,4,羽毛球馆-15号,17:00-18:00,1,1,已售/已满,已售,多云,15,12,4,0.0,100,28
2026-05-21 02:30:49,2026-05-21,4,羽毛球馆-15号,17:00-18:00,1,1,已售/已满,已售,多云,15,14,3,0.0,100,29
2026-05-21 03:00:55,2026-05-21,4,羽毛球馆-15号,17:00-18:00,1,1,已售/已满,已售,多云,15,12,4,0.0,100,29
2026-05-21 03:30:49,2026-05-21,4,羽毛球馆-15号,17:00-18:00,1,1,已售/已满,已售,多云,15,14,3,0.0,100,30
2026-05-21 04:30:45,2026-05-21,4,羽毛球馆-15号,17:00-18:00,1,1,已售/已满,已售,多云,15,12,4,0.0,100,29
2026-05-21 05:00:52,2026-05-21,4,羽毛球馆-15号,17:00-18:00,1,1,已售/已满,已售,多云,15,12,4,0.0,100,29
2026-05-21 05:30:49,2026-05-21,4,羽毛球馆-15号,17:00-18:00,1,1,已售/已满,已售,多云,15,13,3,0.0,100,28
2026-05-21 06:00:50,2026-05-21,4,羽毛球馆-15号,17:00-18:00,1,1,已售/已满,已售,多云,15,13,4,0.0,99,28
2026-05-21 06:30:38,2026-05-21,4,羽毛球馆-15号,17:00-18:00,1,1,已售/已满,已售,多云,15,13,3,0.0,97,28
2026-05-21 07:00:43,2026-05-21,4,羽毛球馆-15号,17:00-18:00,1,1,已售/已满,已售,晴,15,11,5,0.0,93,28
2026-05-21 07:30:39,2026-05-21,4,羽毛球馆-15号,17:00-18:00,1,1,已售/已满,已售,晴,17,13,4,0.0,89,29
2026-05-21 07:50:40,2026-05-21,4,羽毛球馆-15号,17:00-18:00,1,1,已售/已满,已售,晴,17,13,4,0.0,88,29
2026-05-21 07:53:31,2026-05-21,4,羽毛球馆-15号,17:00-18:00,1,1,已售/已满,已售,晴,17,12,5,0.0,86,29
2026-05-21 07:56:31,2026-05-21,4,羽毛球馆-15号,17:00-18:00,1,1,已售/已满,已售,晴,17,12,5,0.0,86,29
2026-05-21 07:59:26,2026-05-21,4,羽毛球馆-15号,17:00-18:00,1,1,已售/已满,已售,晴,17,12,5,0.0,86,29
2026-05-21 08:00:45,2026-05-21,4,羽毛球馆-15号,17:00-18:00,1,1,已售/已满,已售,晴,17,12,5,0.0,86,29
2026-05-21 08:02:30,2026-05-21,4,羽毛球馆-15号,17:00-18:00,1,1,已售/已满,已售,多云,17,12,5,0.0,87,29
2026-05-21 08:05:36,2026-05-21,4,羽毛球馆-15号,17:00-18:00,1,1,已售/已满,已售,多云,17,12,5,0.0,86,29
2026-05-21 08:08:31,2026-05-21,4,羽毛球馆-15号,17:00-18:00,1,1,已售/已满,已售,多云,17,12,5,0.0,86,29
2026-05-21 08:11:30,2026-05-21,4,羽毛球馆-15号,17:00-18:00,1,1,已售/已满,已售,多云,17,12,5,0.0,86,29
2026-05-21 08:14:31,2026-05-21,4,羽毛球馆-15号,17:00-18:00,1,1,已售/已满,已售,多云,17,12,5,0.0,86,29
2026-05-21 08:17:30,2026-05-21,4,羽毛球馆-15号,17:00-18:00,1,1,已售/已满,已售,多云,17,12,5,0.0,86,29
2026-05-21 08:20:35,2026-05-21,4,羽毛球馆-15号,17:00-18:00,1,1,已售/已满,已售,多云,17,14,4,0.0,85,29
2026-05-21 08:25:32,2026-05-21,4,羽毛球馆-15号,17:00-18:00,1,1,已售/已满,已售,多云,17,14,4,0.0,85,28
2026-05-21 08:30:42,2026-05-21,4,羽毛球馆-15号,17:00-18:00,1,1,已售/已满,已售,多云,18,15,4,0.0,84,28
2026-05-21 08:35:31,2026-05-21,4,羽毛球馆-15号,17:00-18:00,1,1,已售/已满,已售,多云,18,15,4,0.0,84,28
2026-05-21 08:40:38,2026-05-21,4,羽毛球馆-15号,17:00-18:00,1,1,已售/已满,已售,多云,18,15,4,0.0,82,28
2026-05-21 08:45:33,2026-05-21,4,羽毛球馆-15号,17:00-18:00,1,1,已售/已满,已售,多云,18,15,4,0.0,82,28
2026-05-21 08:50:36,2026-05-21,4,羽毛球馆-15号,17:00-18:00,1,1,已售/已满,已售,多云,18,15,4,0.0,82,28
2026-05-21 08:55:34,2026-05-21,4,羽毛球馆-15号,17:00-18:00,1,1,已售/已满,已售,多云,18,15,4,0.0,84,28
2026-05-21 09:00:51,2026-05-21,4,羽毛球馆-15号,17:00-18:00,1,1,已售/已满,已售,多云,18,15,4,0.0,84,28
2026-05-21 09:01:59,2026-05-21,4,羽毛球馆-15号,17:00-18:00,1,1,已售/已满,已售,多云,18,15,4,0.0,83,28
2026-05-21 09:05:33,2026-05-21,4,羽毛球馆-15号,17:00-18:00,1,1,已售/已满,已售,多云,18,15,4,0.0,83,28
2026-05-21 09:20:38,2026-05-21,4,羽毛球馆-15号,17:00-18:00,1,1,已售/已满,已售,多云,18,16,3,0.0,81,28
2026-05-21 09:30:46,2026-05-21,4,羽毛球馆-15号,17:00-18:00,1,1,已售/已满,已售,多云,18,16,3,0.0,81,32
2026-05-21 09:40:36,2026-05-21,4,羽毛球馆-15号,17:00-18:00,1,1,已售/已满,已售,多云,19,17,3,0.0,79,32
2026-05-21 09:50:42,2026-05-21,4,羽毛球馆-15号,17:00-18:00,1,1,已售/已满,已售,多云,19,17,4,0.0,81,32
2026-05-21 10:00:46,2026-05-21,4,羽毛球馆-15号,17:00-18:00,1,1,已售/已满,已售,多云,19,17,4,0.0,79,32
2026-05-21 10:10:40,2026-05-21,4,羽毛球馆-15号,17:00-18:00,1,1,已售/已满,已售,多云,19,17,4,0.0,79,32
2026-05-21 10:20:38,2026-05-21,4,羽毛球馆-15号,17:00-18:00,1,1,已售/已满,已售,多云,19,17,4,0.0,79,32
2026-05-21 10:30:41,2026-05-21,4,羽毛球馆-15号,17:00-18:00,1,1,已售/已满,已售,多云,19,18,3,0.0,78,31
2026-05-21 11:00:44,2026-05-21,4,羽毛球馆-15号,17:00-18:00,1,1,已售/已满,已售,多云,21,17,5,0.0,74,31
2026-05-21 11:30:38,2026-05-21,4,羽毛球馆-15号,17:00-18:00,1,1,已售/已满,已售,多云,21,19,3,0.0,72,33
2026-05-21 12:00:46,2026-05-21,4,羽毛球馆-15号,17:00-18:00,1,1,已售/已满,已售,多云,22,19,4,0.0,70,33
2026-05-21 12:30:42,2026-05-21,4,羽毛球馆-15号,17:00-18:00,1,1,已售/已满,已售,多云,22,21,3,0.0,68,35
2026-05-21 13:00:43,2026-05-21,4,羽毛球馆-15号,17:00-18:00,1,1,已售/已满,已售,多云,24,22,4,0.0,66,35
2026-05-21 13:30:43,2026-05-21,4,羽毛球馆-15号,17:00-18:00,1,1,已售/已满,已售,多云,24,22,4,0.0,66,36
2026-05-21 14:00:48,2026-05-21,4,羽毛球馆-15号,17:00-18:00,1,1,已售/已满,已售,多云,25,23,4,0.0,66,36
2026-05-21 14:30:45,2026-05-21,4,羽毛球馆-15号,17:00-18:00,1,1,已售/已满,已售,晴,25,25,3,0.0,65,39
2026-05-21 15:00:45,2026-05-21,4,羽毛球馆-15号,17:00-18:00,1,1,已售/已满,已售,晴,25,22,4,0.0,56,39
2026-05-21 15:30:43,2026-05-21,4,羽毛球馆-15号,17:00-18:00,1,1,已售/已满,已售,晴,25,23,4,0.0,57,40
2026-05-21 16:00:51,2026-05-21,4,羽毛球馆-15号,17:00-18:00,1,1,已售/已满,已售,晴,25,23,4,0.0,57,40
2026-05-21 16:30:48,2026-05-21,4,羽毛球馆-15号,17:00-18:00,1,1,已售/已满,已售,晴,25,24,3,0.0,60,39
2026-05-21 17:00:49,2026-05-21,4,羽毛球馆-15号,17:00-18:00,1,1,已售/已满,已售,晴,25,24,4,0.0,61,39
2026-05-21 17:30:47,2026-05-21,4,羽毛球馆-15号,17:00-18:00,1,1,已售/已满,已售,多云,24,23,3,0.0,64,39
2026-05-21 18:00:50,2026-05-21,4,羽毛球馆-15号,17:00-18:00,1,1,已售/已满,已售,多云,24,23,3,0.0,68,39
2026-05-21 18:30:50,2026-05-21,4,羽毛球馆-15号,17:00-18:00,1,1,已售/已满,已售,阴,24,25,2,0.0,68,40
2026-05-21 19:00:50,2026-05-21,4,羽毛球馆-15号,17:00-18:00,1,1,已售/已满,已售,阴,23,23,3,0.0,76,40
2026-05-21 19:30:46,2026-05-21,4,羽毛球馆-15号,17:00-18:00,1,1,已售/已满,已售,阴,23,24,2,0.0,77,39
2026-05-21 20:00:49,2026-05-21,4,羽毛球馆-15号,17:00-18:00,1,1,已售/已满,已售,雾,22,23,2,0.0,89,39
2026-05-21 20:30:44,2026-05-21,4,羽毛球馆-15号,17:00-18:00,1,1,已售/已满,已售,雾,22,24,2,0.0,93,43
2026-05-21 21:00:56,2026-05-21,4,羽毛球馆-15号,17:00-18:00,1,1,已售/已满,已售,雾,20,21,2,0.0,98,43
2026-05-21 21:30:46,2026-05-21,4,羽毛球馆-15号,17:00-18:00,1,1,已售/已满,已售,雾,20,22,1,0.0,99,41
2026-05-21 22:01:02,2026-05-21,4,羽毛球馆-15号,17:00-18:00,1,1,已售/已满,已售,雾,19,20,2,0.0,93,41
2026-05-21 22:30:47,2026-05-21,4,羽毛球馆-15号,17:00-18:00,1,1,已售/已满,已售,雾,19,19,3,0.0,88,46
2026-05-21 23:00:56,2026-05-21,4,羽毛球馆-15号,17:00-18:00,1,1,已售/已满,已售,多云,18,17,3,0.0,85,46
2026-05-21 23:30:55,2026-05-21,4,羽毛球馆-15号,17:00-18:00,1,1,已售/已满,已售,多云,18,17,3,0.0,85,48
2026-05-21 00:30:49,2026-05-21,4,羽毛球馆-15号,18:30-19:30,1,1,已售/已满,已售,多云,15,13,3,0.0,100,26
2026-05-21 01:00:55,2026-05-21,4,羽毛球馆-15号,18:30-19:30,1,1,已售/已满,已售,多云,15,12,4,0.0,100,26
2026-05-21 01:30:47,2026-05-21,4,羽毛球馆-15号,18:30-19:30,1,1,已售/已满,已售,多云,15,13,4,0.0,100,28
2026-05-21 02:00:53,2026-05-21,4,羽毛球馆-15号,18:30-19:30,1,1,已售/已满,已售,多云,15,12,4,0.0,100,28
2026-05-21 02:30:49,2026-05-21,4,羽毛球馆-15号,18:30-19:30,1,1,已售/已满,已售,多云,15,14,3,0.0,100,29
2026-05-21 03:00:55,2026-05-21,4,羽毛球馆-15号,18:30-19:30,1,1,已售/已满,已售,多云,15,12,4,0.0,100,29
2026-05-21 03:30:49,2026-05-21,4,羽毛球馆-15号,18:30-19:30,1,1,已售/已满,已售,多云,15,14,3,0.0,100,30
2026-05-21 04:30:45,2026-05-21,4,羽毛球馆-15号,18:30-19:30,1,1,已售/已满,已售,多云,15,12,4,0.0,100,29
2026-05-21 05:00:52,2026-05-21,4,羽毛球馆-15号,18:30-19:30,1,1,已售/已满,已售,多云,15,12,4,0.0,100,29
2026-05-21 05:30:49,2026-05-21,4,羽毛球馆-15号,18:30-19:30,1,1,已售/已满,已售,多云,15,13,3,0.0,100,28
2026-05-21 06:00:50,2026-05-21,4,羽毛球馆-15号,18:30-19:30,1,1,已售/已满,已售,多云,15,13,4,0.0,99,28
2026-05-21 06:30:38,2026-05-21,4,羽毛球馆-15号,18:30-19:30,1,1,已售/已满,已售,多云,15,13,3,0.0,97,28
2026-05-21 07:00:43,2026-05-21,4,羽毛球馆-15号,18:30-19:30,1,1,已售/已满,已售,晴,15,11,5,0.0,93,28
2026-05-21 07:30:39,2026-05-21,4,羽毛球馆-15号,18:30-19:30,1,1,已售/已满,已售,晴,17,13,4,0.0,89,29
2026-05-21 07:50:40,2026-05-21,4,羽毛球馆-15号,18:30-19:30,1,1,已售/已满,已售,晴,17,13,4,0.0,88,29
2026-05-21 07:53:31,2026-05-21,4,羽毛球馆-15号,18:30-19:30,1,1,已售/已满,已售,晴,17,12,5,0.0,86,29
2026-05-21 07:56:31,2026-05-21,4,羽毛球馆-15号,18:30-19:30,1,1,已售/已满,已售,晴,17,12,5,0.0,86,29
2026-05-21 07:59:26,2026-05-21,4,羽毛球馆-15号,18:30-19:30,1,1,已售/已满,已售,晴,17,12,5,0.0,86,29
2026-05-21 08:00:45,2026-05-21,4,羽毛球馆-15号,18:30-19:30,1,1,已售/已满,已售,晴,17,12,5,0.0,86,29
2026-05-21 08:02:30,2026-05-21,4,羽毛球馆-15号,18:30-19:30,1,1,已售/已满,已售,多云,17,12,5,0.0,87,29
2026-05-21 08:05:36,2026-05-21,4,羽毛球馆-15号,18:30-19:30,1,1,已售/已满,已售,多云,17,12,5,0.0,86,29
2026-05-21 08:08:31,2026-05-21,4,羽毛球馆-15号,18:30-19:30,1,1,已售/已满,已售,多云,17,12,5,0.0,86,29
2026-05-21 08:11:30,2026-05-21,4,羽毛球馆-15号,18:30-19:30,1,1,已售/已满,已售,多云,17,12,5,0.0,86,29
2026-05-21 08:14:31,2026-05-21,4,羽毛球馆-15号,18:30-19:30,1,1,已售/已满,已售,多云,17,12,5,0.0,86,29
2026-05-21 08:17:30,2026-05-21,4,羽毛球馆-15号,18:30-19:30,1,1,已售/已满,已售,多云,17,12,5,0.0,86,29
2026-05-21 08:20:35,2026-05-21,4,羽毛球馆-15号,18:30-19:30,1,1,已售/已满,已售,多云,17,14,4,0.0,85,29
2026-05-21 08:25:32,2026-05-21,4,羽毛球馆-15号,18:30-19:30,1,1,已售/已满,已售,多云,17,14,4,0.0,85,28
2026-05-21 08:30:42,2026-05-21,4,羽毛球馆-15号,18:30-19:30,1,1,已售/已满,已售,多云,18,15,4,0.0,84,28
2026-05-21 08:35:31,2026-05-21,4,羽毛球馆-15号,18:30-19:30,1,1,已售/已满,已售,多云,18,15,4,0.0,84,28
2026-05-21 08:40:38,2026-05-21,4,羽毛球馆-15号,18:30-19:30,1,1,已售/已满,已售,多云,18,15,4,0.0,82,28
2026-05-21 08:45:33,2026-05-21,4,羽毛球馆-15号,18:30-19:30,1,1,已售/已满,已售,多云,18,15,4,0.0,82,28
2026-05-21 08:50:36,2026-05-21,4,羽毛球馆-15号,18:30-19:30,1,1,已售/已满,已售,多云,18,15,4,0.0,82,28
2026-05-21 08:55:34,2026-05-21,4,羽毛球馆-15号,18:30-19:30,1,1,已售/已满,已售,多云,18,15,4,0.0,84,28
2026-05-21 09:00:51,2026-05-21,4,羽毛球馆-15号,18:30-19:30,1,1,已售/已满,已售,多云,18,15,4,0.0,84,28
2026-05-21 09:01:59,2026-05-21,4,羽毛球馆-15号,18:30-19:30,1,1,已售/已满,已售,多云,18,15,4,0.0,83,28
2026-05-21 09:05:33,2026-05-21,4,羽毛球馆-15号,18:30-19:30,1,1,已售/已满,已售,多云,18,15,4,0.0,83,28
2026-05-21 09:20:38,2026-05-21,4,羽毛球馆-15号,18:30-19:30,1,1,已售/已满,已售,多云,18,16,3,0.0,81,28
2026-05-21 09:30:46,2026-05-21,4,羽毛球馆-15号,18:30-19:30,1,1,已售/已满,已售,多云,18,16,3,0.0,81,32
2026-05-21 09:40:36,2026-05-21,4,羽毛球馆-15号,18:30-19:30,1,1,已售/已满,已售,多云,19,17,3,0.0,79,32
2026-05-21 09:50:42,2026-05-21,4,羽毛球馆-15号,18:30-19:30,1,1,已售/已满,已售,多云,19,17,4,0.0,81,32
2026-05-21 10:00:46,2026-05-21,4,羽毛球馆-15号,18:30-19:30,1,1,已售/已满,已售,多云,19,17,4,0.0,79,32
2026-05-21 10:10:40,2026-05-21,4,羽毛球馆-15号,18:30-19:30,1,1,已售/已满,已售,多云,19,17,4,0.0,79,32
2026-05-21 10:20:38,2026-05-21,4,羽毛球馆-15号,18:30-19:30,1,1,已售/已满,已售,多云,19,17,4,0.0,79,32
2026-05-21 10:30:41,2026-05-21,4,羽毛球馆-15号,18:30-19:30,1,1,已售/已满,已售,多云,19,18,3,0.0,78,31
2026-05-21 11:00:44,2026-05-21,4,羽毛球馆-15号,18:30-19:30,1,1,已售/已满,已售,多云,21,17,5,0.0,74,31
2026-05-21 11:30:38,2026-05-21,4,羽毛球馆-15号,18:30-19:30,1,1,已售/已满,已售,多云,21,19,3,0.0,72,33
2026-05-21 12:00:46,2026-05-21,4,羽毛球馆-15号,18:30-19:30,1,1,已售/已满,已售,多云,22,19,4,0.0,70,33
2026-05-21 12:30:42,2026-05-21,4,羽毛球馆-15号,18:30-19:30,1,1,已售/已满,已售,多云,22,21,3,0.0,68,35
2026-05-21 13:00:43,2026-05-21,4,羽毛球馆-15号,18:30-19:30,1,1,已售/已满,已售,多云,24,22,4,0.0,66,35
2026-05-21 13:30:43,2026-05-21,4,羽毛球馆-15号,18:30-19:30,1,1,已售/已满,已售,多云,24,22,4,0.0,66,36
2026-05-21 14:00:48,2026-05-21,4,羽毛球馆-15号,18:30-19:30,1,1,已售/已满,已售,多云,25,23,4,0.0,66,36
2026-05-21 14:30:45,2026-05-21,4,羽毛球馆-15号,18:30-19:30,1,1,已售/已满,已售,晴,25,25,3,0.0,65,39
2026-05-21 15:00:45,2026-05-21,4,羽毛球馆-15号,18:30-19:30,1,1,已售/已满,已售,晴,25,22,4,0.0,56,39
2026-05-21 15:30:43,2026-05-21,4,羽毛球馆-15号,18:30-19:30,1,1,已售/已满,已售,晴,25,23,4,0.0,57,40
2026-05-21 16:00:51,2026-05-21,4,羽毛球馆-15号,18:30-19:30,1,1,已售/已满,已售,晴,25,23,4,0.0,57,40
2026-05-21 16:30:48,2026-05-21,4,羽毛球馆-15号,18:30-19:30,1,1,已售/已满,已售,晴,25,24,3,0.0,60,39
2026-05-21 17:00:49,2026-05-21,4,羽毛球馆-15号,18:30-19:30,1,1,已售/已满,已售,晴,25,24,4,0.0,61,39
2026-05-21 17:30:47,2026-05-21,4,羽毛球馆-15号,18:30-19:30,1,1,已售/已满,已售,多云,24,23,3,0.0,64,39
2026-05-21 18:00:50,2026-05-21,4,羽毛球馆-15号,18:30-19:30,1,1,已售/已满,已售,多云,24,23,3,0.0,68,39
2026-05-21 18:30:50,2026-05-21,4,羽毛球馆-15号,18:30-19:30,1,1,已售/已满,已售,阴,24,25,2,0.0,68,40
2026-05-21 19:00:50,2026-05-21,4,羽毛球馆-15号,18:30-19:30,1,1,已售/已满,已售,阴,23,23,3,0.0,76,40
2026-05-21 19:30:46,2026-05-21,4,羽毛球馆-15号,18:30-19:30,1,1,已售/已满,已售,阴,23,24,2,0.0,77,39
2026-05-21 20:00:49,2026-05-21,4,羽毛球馆-15号,18:30-19:30,1,1,已售/已满,已售,雾,22,23,2,0.0,89,39
2026-05-21 20:30:44,2026-05-21,4,羽毛球馆-15号,18:30-19:30,1,1,已售/已满,已售,雾,22,24,2,0.0,93,43
2026-05-21 21:00:56,2026-05-21,4,羽毛球馆-15号,18:30-19:30,1,1,已售/已满,已售,雾,20,21,2,0.0,98,43
2026-05-21 21:30:46,2026-05-21,4,羽毛球馆-15号,18:30-19:30,1,1,已售/已满,已售,雾,20,22,1,0.0,99,41
2026-05-21 22:01:02,2026-05-21,4,羽毛球馆-15号,18:30-19:30,1,1,已售/已满,已售,雾,19,20,2,0.0,93,41
2026-05-21 22:30:47,2026-05-21,4,羽毛球馆-15号,18:30-19:30,1,1,已售/已满,已售,雾,19,19,3,0.0,88,46
2026-05-21 23:00:56,2026-05-21,4,羽毛球馆-15号,18:30-19:30,1,1,已售/已满,已售,多云,18,17,3,0.0,85,46
2026-05-21 23:30:55,2026-05-21,4,羽毛球馆-15号,18:30-19:30,1,1,已售/已满,已售,多云,18,17,3,0.0,85,48
2026-05-21 00:30:49,2026-05-21,4,羽毛球馆-15号,19:30-20:30,1,1,已售/已满,已售,多云,15,13,3,0.0,100,26
2026-05-21 01:00:55,2026-05-21,4,羽毛球馆-15号,19:30-20:30,1,1,已售/已满,已售,多云,15,12,4,0.0,100,26
2026-05-21 01:30:47,2026-05-21,4,羽毛球馆-15号,19:30-20:30,1,1,已售/已满,已售,多云,15,13,4,0.0,100,28
2026-05-21 02:00:53,2026-05-21,4,羽毛球馆-15号,19:30-20:30,1,1,已售/已满,已售,多云,15,12,4,0.0,100,28
2026-05-21 02:30:49,2026-05-21,4,羽毛球馆-15号,19:30-20:30,1,1,已售/已满,已售,多云,15,14,3,0.0,100,29
2026-05-21 03:00:55,2026-05-21,4,羽毛球馆-15号,19:30-20:30,1,1,已售/已满,已售,多云,15,12,4,0.0,100,29
2026-05-21 03:30:49,2026-05-21,4,羽毛球馆-15号,19:30-20:30,1,1,已售/已满,已售,多云,15,14,3,0.0,100,30
2026-05-21 04:30:45,2026-05-21,4,羽毛球馆-15号,19:30-20:30,1,1,已售/已满,已售,多云,15,12,4,0.0,100,29
2026-05-21 05:00:52,2026-05-21,4,羽毛球馆-15号,19:30-20:30,1,1,已售/已满,已售,多云,15,12,4,0.0,100,29
2026-05-21 05:30:49,2026-05-21,4,羽毛球馆-15号,19:30-20:30,1,1,已售/已满,已售,多云,15,13,3,0.0,100,28
2026-05-21 06:00:50,2026-05-21,4,羽毛球馆-15号,19:30-20:30,1,1,已售/已满,已售,多云,15,13,4,0.0,99,28
2026-05-21 06:30:38,2026-05-21,4,羽毛球馆-15号,19:30-20:30,1,1,已售/已满,已售,多云,15,13,3,0.0,97,28
2026-05-21 07:00:43,2026-05-21,4,羽毛球馆-15号,19:30-20:30,1,1,已售/已满,已售,晴,15,11,5,0.0,93,28
2026-05-21 07:30:39,2026-05-21,4,羽毛球馆-15号,19:30-20:30,1,1,已售/已满,已售,晴,17,13,4,0.0,89,29
2026-05-21 07:50:40,2026-05-21,4,羽毛球馆-15号,19:30-20:30,1,1,已售/已满,已售,晴,17,13,4,0.0,88,29
2026-05-21 07:53:31,2026-05-21,4,羽毛球馆-15号,19:30-20:30,1,1,已售/已满,已售,晴,17,12,5,0.0,86,29
2026-05-21 07:56:31,2026-05-21,4,羽毛球馆-15号,19:30-20:30,1,1,已售/已满,已售,晴,17,12,5,0.0,86,29
2026-05-21 07:59:26,2026-05-21,4,羽毛球馆-15号,19:30-20:30,1,1,已售/已满,已售,晴,17,12,5,0.0,86,29
2026-05-21 08:00:45,2026-05-21,4,羽毛球馆-15号,19:30-20:30,1,1,已售/已满,已售,晴,17,12,5,0.0,86,29
2026-05-21 08:02:30,2026-05-21,4,羽毛球馆-15号,19:30-20:30,1,1,已售/已满,已售,多云,17,12,5,0.0,87,29
2026-05-21 08:05:36,2026-05-21,4,羽毛球馆-15号,19:30-20:30,1,1,已售/已满,已售,多云,17,12,5,0.0,86,29
2026-05-21 08:08:31,2026-05-21,4,羽毛球馆-15号,19:30-20:30,1,1,已售/已满,已售,多云,17,12,5,0.0,86,29
2026-05-21 08:11:30,2026-05-21,4,羽毛球馆-15号,19:30-20:30,1,1,已售/已满,已售,多云,17,12,5,0.0,86,29
2026-05-21 08:14:31,2026-05-21,4,羽毛球馆-15号,19:30-20:30,1,1,已售/已满,已售,多云,17,12,5,0.0,86,29
2026-05-21 08:17:30,2026-05-21,4,羽毛球馆-15号,19:30-20:30,1,1,已售/已满,已售,多云,17,12,5,0.0,86,29
2026-05-21 08:20:35,2026-05-21,4,羽毛球馆-15号,19:30-20:30,1,1,已售/已满,已售,多云,17,14,4,0.0,85,29
2026-05-21 08:25:32,2026-05-21,4,羽毛球馆-15号,19:30-20:30,1,1,已售/已满,已售,多云,17,14,4,0.0,85,28
2026-05-21 08:30:42,2026-05-21,4,羽毛球馆-15号,19:30-20:30,1,1,已售/已满,已售,多云,18,15,4,0.0,84,28
2026-05-21 08:35:31,2026-05-21,4,羽毛球馆-15号,19:30-20:30,1,1,已售/已满,已售,多云,18,15,4,0.0,84,28
2026-05-21 08:40:38,2026-05-21,4,羽毛球馆-15号,19:30-20:30,1,1,已售/已满,已售,多云,18,15,4,0.0,82,28
2026-05-21 08:45:33,2026-05-21,4,羽毛球馆-15号,19:30-20:30,1,1,已售/已满,已售,多云,18,15,4,0.0,82,28
2026-05-21 08:50:36,2026-05-21,4,羽毛球馆-15号,19:30-20:30,1,1,已售/已满,已售,多云,18,15,4,0.0,82,28
2026-05-21 08:55:34,2026-05-21,4,羽毛球馆-15号,19:30-20:30,1,1,已售/已满,已售,多云,18,15,4,0.0,84,28
2026-05-21 09:00:51,2026-05-21,4,羽毛球馆-15号,19:30-20:30,1,1,已售/已满,已售,多云,18,15,4,0.0,84,28
2026-05-21 09:01:59,2026-05-21,4,羽毛球馆-15号,19:30-20:30,1,1,已售/已满,已售,多云,18,15,4,0.0,83,28
2026-05-21 09:05:33,2026-05-21,4,羽毛球馆-15号,19:30-20:30,1,1,已售/已满,已售,多云,18,15,4,0.0,83,28
2026-05-21 09:20:38,2026-05-21,4,羽毛球馆-15号,19:30-20:30,1,1,已售/已满,已售,多云,18,16,3,0.0,81,28
2026-05-21 09:30:46,2026-05-21,4,羽毛球馆-15号,19:30-20:30,1,1,已售/已满,已售,多云,18,16,3,0.0,81,32
2026-05-21 09:40:36,2026-05-21,4,羽毛球馆-15号,19:30-20:30,1,1,已售/已满,已售,多云,19,17,3,0.0,79,32
2026-05-21 09:50:42,2026-05-21,4,羽毛球馆-15号,19:30-20:30,1,1,已售/已满,已售,多云,19,17,4,0.0,81,32
2026-05-21 10:00:46,2026-05-21,4,羽毛球馆-15号,19:30-20:30,1,1,已售/已满,已售,多云,19,17,4,0.0,79,32
2026-05-21 10:10:40,2026-05-21,4,羽毛球馆-15号,19:30-20:30,1,1,已售/已满,已售,多云,19,17,4,0.0,79,32
2026-05-21 10:20:38,2026-05-21,4,羽毛球馆-15号,19:30-20:30,1,1,已售/已满,已售,多云,19,17,4,0.0,79,32
2026-05-21 10:30:41,2026-05-21,4,羽毛球馆-15号,19:30-20:30,1,1,已售/已满,已售,多云,19,18,3,0.0,78,31
2026-05-21 11:00:44,2026-05-21,4,羽毛球馆-15号,19:30-20:30,1,1,已售/已满,已售,多云,21,17,5,0.0,74,31
2026-05-21 11:30:38,2026-05-21,4,羽毛球馆-15号,19:30-20:30,1,1,已售/已满,已售,多云,21,19,3,0.0,72,33
2026-05-21 12:00:46,2026-05-21,4,羽毛球馆-15号,19:30-20:30,1,1,已售/已满,已售,多云,22,19,4,0.0,70,33
2026-05-21 12:30:42,2026-05-21,4,羽毛球馆-15号,19:30-20:30,1,1,已售/已满,已售,多云,22,21,3,0.0,68,35
2026-05-21 13:00:43,2026-05-21,4,羽毛球馆-15号,19:30-20:30,1,1,已售/已满,已售,多云,24,22,4,0.0,66,35
2026-05-21 13:30:43,2026-05-21,4,羽毛球馆-15号,19:30-20:30,1,1,已售/已满,已售,多云,24,22,4,0.0,66,36
2026-05-21 14:00:48,2026-05-21,4,羽毛球馆-15号,19:30-20:30,1,1,已售/已满,已售,多云,25,23,4,0.0,66,36
2026-05-21 14:30:45,2026-05-21,4,羽毛球馆-15号,19:30-20:30,1,1,已售/已满,已售,晴,25,25,3,0.0,65,39
2026-05-21 15:00:45,2026-05-21,4,羽毛球馆-15号,19:30-20:30,1,1,已售/已满,已售,晴,25,22,4,0.0,56,39
2026-05-21 15:30:43,2026-05-21,4,羽毛球馆-15号,19:30-20:30,1,1,已售/已满,已售,晴,25,23,4,0.0,57,40
2026-05-21 16:00:51,2026-05-21,4,羽毛球馆-15号,19:30-20:30,1,1,已售/已满,已售,晴,25,23,4,0.0,57,40
2026-05-21 16:30:48,2026-05-21,4,羽毛球馆-15号,19:30-20:30,1,1,已售/已满,已售,晴,25,24,3,0.0,60,39
2026-05-21 17:00:49,2026-05-21,4,羽毛球馆-15号,19:30-20:30,1,1,已售/已满,已售,晴,25,24,4,0.0,61,39
2026-05-21 17:30:47,2026-05-21,4,羽毛球馆-15号,19:30-20:30,1,1,已售/已满,已售,多云,24,23,3,0.0,64,39
2026-05-21 18:00:50,2026-05-21,4,羽毛球馆-15号,19:30-20:30,1,1,已售/已满,已售,多云,24,23,3,0.0,68,39
2026-05-21 18:30:50,2026-05-21,4,羽毛球馆-15号,19:30-20:30,1,1,已售/已满,已售,阴,24,25,2,0.0,68,40
2026-05-21 19:00:50,2026-05-21,4,羽毛球馆-15号,19:30-20:30,1,1,已售/已满,已售,阴,23,23,3,0.0,76,40
2026-05-21 19:30:46,2026-05-21,4,羽毛球馆-15号,19:30-20:30,1,1,已售/已满,已售,阴,23,24,2,0.0,77,39
2026-05-21 20:00:49,2026-05-21,4,羽毛球馆-15号,19:30-20:30,1,1,已售/已满,已售,雾,22,23,2,0.0,89,39
2026-05-21 20:30:44,2026-05-21,4,羽毛球馆-15号,19:30-20:30,1,1,已售/已满,已售,雾,22,24,2,0.0,93,43
2026-05-21 21:00:56,2026-05-21,4,羽毛球馆-15号,19:30-20:30,1,1,已售/已满,已售,雾,20,21,2,0.0,98,43
2026-05-21 21:30:46,2026-05-21,4,羽毛球馆-15号,19:30-20:30,1,1,已售/已满,已售,雾,20,22,1,0.0,99,41
2026-05-21 22:01:02,2026-05-21,4,羽毛球馆-15号,19:30-20:30,1,1,已售/已满,已售,雾,19,20,2,0.0,93,41
2026-05-21 22:30:47,2026-05-21,4,羽毛球馆-15号,19:30-20:30,1,1,已售/已满,已售,雾,19,19,3,0.0,88,46
2026-05-21 23:00:56,2026-05-21,4,羽毛球馆-15号,19:30-20:30,1,1,已售/已满,已售,多云,18,17,3,0.0,85,46
2026-05-21 23:30:55,2026-05-21,4,羽毛球馆-15号,19:30-20:30,1,1,已售/已满,已售,多云,18,17,3,0.0,85,48
2026-05-21 00:30:49,2026-05-21,4,羽毛球馆-15号,20:30-21:30,1,1,已售/已满,已售,多云,15,13,3,0.0,100,26
2026-05-21 01:00:55,2026-05-21,4,羽毛球馆-15号,20:30-21:30,1,1,已售/已满,已售,多云,15,12,4,0.0,100,26
2026-05-21 01:30:47,2026-05-21,4,羽毛球馆-15号,20:30-21:30,1,1,已售/已满,已售,多云,15,13,4,0.0,100,28
2026-05-21 02:00:53,2026-05-21,4,羽毛球馆-15号,20:30-21:30,1,1,已售/已满,已售,多云,15,12,4,0.0,100,28
2026-05-21 02:30:49,2026-05-21,4,羽毛球馆-15号,20:30-21:30,1,1,已售/已满,已售,多云,15,14,3,0.0,100,29
2026-05-21 03:00:55,2026-05-21,4,羽毛球馆-15号,20:30-21:30,1,1,已售/已满,已售,多云,15,12,4,0.0,100,29
2026-05-21 03:30:49,2026-05-21,4,羽毛球馆-15号,20:30-21:30,1,1,已售/已满,已售,多云,15,14,3,0.0,100,30
2026-05-21 04:30:45,2026-05-21,4,羽毛球馆-15号,20:30-21:30,1,1,已售/已满,已售,多云,15,12,4,0.0,100,29
2026-05-21 05:00:52,2026-05-21,4,羽毛球馆-15号,20:30-21:30,1,1,已售/已满,已售,多云,15,12,4,0.0,100,29
2026-05-21 05:30:49,2026-05-21,4,羽毛球馆-15号,20:30-21:30,1,1,已售/已满,已售,多云,15,13,3,0.0,100,28
2026-05-21 06:00:50,2026-05-21,4,羽毛球馆-15号,20:30-21:30,1,1,已售/已满,已售,多云,15,13,4,0.0,99,28
2026-05-21 06:30:38,2026-05-21,4,羽毛球馆-15号,20:30-21:30,1,1,已售/已满,已售,多云,15,13,3,0.0,97,28
2026-05-21 07:00:43,2026-05-21,4,羽毛球馆-15号,20:30-21:30,1,1,已售/已满,已售,晴,15,11,5,0.0,93,28
2026-05-21 07:30:39,2026-05-21,4,羽毛球馆-15号,20:30-21:30,1,1,已售/已满,已售,晴,17,13,4,0.0,89,29
2026-05-21 07:50:40,2026-05-21,4,羽毛球馆-15号,20:30-21:30,1,1,已售/已满,已售,晴,17,13,4,0.0,88,29
2026-05-21 07:53:31,2026-05-21,4,羽毛球馆-15号,20:30-21:30,1,1,已售/已满,已售,晴,17,12,5,0.0,86,29
2026-05-21 07:56:31,2026-05-21,4,羽毛球馆-15号,20:30-21:30,1,1,已售/已满,已售,晴,17,12,5,0.0,86,29
2026-05-21 07:59:26,2026-05-21,4,羽毛球馆-15号,20:30-21:30,1,1,已售/已满,已售,晴,17,12,5,0.0,86,29
2026-05-21 08:00:45,2026-05-21,4,羽毛球馆-15号,20:30-21:30,1,1,已售/已满,已售,晴,17,12,5,0.0,86,29
2026-05-21 08:02:30,2026-05-21,4,羽毛球馆-15号,20:30-21:30,1,1,已售/已满,已售,多云,17,12,5,0.0,87,29
2026-05-21 08:05:36,2026-05-21,4,羽毛球馆-15号,20:30-21:30,1,1,已售/已满,已售,多云,17,12,5,0.0,86,29
2026-05-21 08:08:31,2026-05-21,4,羽毛球馆-15号,20:30-21:30,1,1,已售/已满,已售,多云,17,12,5,0.0,86,29
2026-05-21 08:11:30,2026-05-21,4,羽毛球馆-15号,20:30-21:30,1,1,已售/已满,已售,多云,17,12,5,0.0,86,29
2026-05-21 08:14:31,2026-05-21,4,羽毛球馆-15号,20:30-21:30,1,1,已售/已满,已售,多云,17,12,5,0.0,86,29
2026-05-21 08:17:30,2026-05-21,4,羽毛球馆-15号,20:30-21:30,1,1,已售/已满,已售,多云,17,12,5,0.0,86,29
2026-05-21 08:20:35,2026-05-21,4,羽毛球馆-15号,20:30-21:30,1,1,已售/已满,已售,多云,17,14,4,0.0,85,29
2026-05-21 08:25:32,2026-05-21,4,羽毛球馆-15号,20:30-21:30,1,1,已售/已满,已售,多云,17,14,4,0.0,85,28
2026-05-21 08:30:42,2026-05-21,4,羽毛球馆-15号,20:30-21:30,1,1,已售/已满,已售,多云,18,15,4,0.0,84,28
2026-05-21 08:35:31,2026-05-21,4,羽毛球馆-15号,20:30-21:30,1,1,已售/已满,已售,多云,18,15,4,0.0,84,28
2026-05-21 08:40:38,2026-05-21,4,羽毛球馆-15号,20:30-21:30,1,1,已售/已满,已售,多云,18,15,4,0.0,82,28
2026-05-21 08:45:33,2026-05-21,4,羽毛球馆-15号,20:30-21:30,1,1,已售/已满,已售,多云,18,15,4,0.0,82,28
2026-05-21 08:50:36,2026-05-21,4,羽毛球馆-15号,20:30-21:30,1,1,已售/已满,已售,多云,18,15,4,0.0,82,28
2026-05-21 08:55:34,2026-05-21,4,羽毛球馆-15号,20:30-21:30,1,1,已售/已满,已售,多云,18,15,4,0.0,84,28
2026-05-21 09:00:51,2026-05-21,4,羽毛球馆-15号,20:30-21:30,1,1,已售/已满,已售,多云,18,15,4,0.0,84,28
2026-05-21 09:01:59,2026-05-21,4,羽毛球馆-15号,20:30-21:30,1,1,已售/已满,已售,多云,18,15,4,0.0,83,28
2026-05-21 09:05:33,2026-05-21,4,羽毛球馆-15号,20:30-21:30,1,1,已售/已满,已售,多云,18,15,4,0.0,83,28
2026-05-21 09:20:38,2026-05-21,4,羽毛球馆-15号,20:30-21:30,1,1,已售/已满,已售,多云,18,16,3,0.0,81,28
2026-05-21 09:30:46,2026-05-21,4,羽毛球馆-15号,20:30-21:30,1,1,已售/已满,已售,多云,18,16,3,0.0,81,32
2026-05-21 09:40:36,2026-05-21,4,羽毛球馆-15号,20:30-21:30,1,1,已售/已满,已售,多云,19,17,3,0.0,79,32
2026-05-21 09:50:42,2026-05-21,4,羽毛球馆-15号,20:30-21:30,1,1,已售/已满,已售,多云,19,17,4,0.0,81,32
2026-05-21 10:00:46,2026-05-21,4,羽毛球馆-15号,20:30-21:30,1,1,已售/已满,已售,多云,19,17,4,0.0,79,32
2026-05-21 10:10:40,2026-05-21,4,羽毛球馆-15号,20:30-21:30,1,1,已售/已满,已售,多云,19,17,4,0.0,79,32
2026-05-21 10:20:38,2026-05-21,4,羽毛球馆-15号,20:30-21:30,1,1,已售/已满,已售,多云,19,17,4,0.0,79,32
2026-05-21 10:30:41,2026-05-21,4,羽毛球馆-15号,20:30-21:30,1,1,已售/已满,已售,多云,19,18,3,0.0,78,31
2026-05-21 11:00:44,2026-05-21,4,羽毛球馆-15号,20:30-21:30,1,1,已售/已满,已售,多云,21,17,5,0.0,74,31
2026-05-21 11:30:38,2026-05-21,4,羽毛球馆-15号,20:30-21:30,1,1,已售/已满,已售,多云,21,19,3,0.0,72,33
2026-05-21 12:00:46,2026-05-21,4,羽毛球馆-15号,20:30-21:30,1,1,已售/已满,已售,多云,22,19,4,0.0,70,33
2026-05-21 12:30:42,2026-05-21,4,羽毛球馆-15号,20:30-21:30,1,1,已售/已满,已售,多云,22,21,3,0.0,68,35
2026-05-21 13:00:43,2026-05-21,4,羽毛球馆-15号,20:30-21:30,1,1,已售/已满,已售,多云,24,22,4,0.0,66,35
2026-05-21 13:30:43,2026-05-21,4,羽毛球馆-15号,20:30-21:30,1,1,已售/已满,已售,多云,24,22,4,0.0,66,36
2026-05-21 14:00:48,2026-05-21,4,羽毛球馆-15号,20:30-21:30,1,1,已售/已满,已售,多云,25,23,4,0.0,66,36
2026-05-21 14:30:45,2026-05-21,4,羽毛球馆-15号,20:30-21:30,1,1,已售/已满,已售,晴,25,25,3,0.0,65,39
2026-05-21 15:00:45,2026-05-21,4,羽毛球馆-15号,20:30-21:30,1,1,已售/已满,已售,晴,25,22,4,0.0,56,39
2026-05-21 15:30:43,2026-05-21,4,羽毛球馆-15号,20:30-21:30,1,1,已售/已满,已售,晴,25,23,4,0.0,57,40
2026-05-21 16:00:51,2026-05-21,4,羽毛球馆-15号,20:30-21:30,1,1,已售/已满,已售,晴,25,23,4,0.0,57,40
2026-05-21 16:30:48,2026-05-21,4,羽毛球馆-15号,20:30-21:30,1,1,已售/已满,已售,晴,25,24,3,0.0,60,39
2026-05-21 17:00:49,2026-05-21,4,羽毛球馆-15号,20:30-21:30,1,1,已售/已满,已售,晴,25,24,4,0.0,61,39
2026-05-21 17:30:47,2026-05-21,4,羽毛球馆-15号,20:30-21:30,1,1,已售/已满,已售,多云,24,23,3,0.0,64,39
2026-05-21 18:00:50,2026-05-21,4,羽毛球馆-15号,20:30-21:30,1,1,已售/已满,已售,多云,24,23,3,0.0,68,39
2026-05-21 18:30:50,2026-05-21,4,羽毛球馆-15号,20:30-21:30,1,1,已售/已满,已售,阴,24,25,2,0.0,68,40
2026-05-21 19:00:50,2026-05-21,4,羽毛球馆-15号,20:30-21:30,1,1,已售/已满,已售,阴,23,23,3,0.0,76,40
2026-05-21 19:30:46,2026-05-21,4,羽毛球馆-15号,20:30-21:30,1,1,已售/已满,已售,阴,23,24,2,0.0,77,39
2026-05-21 20:00:49,2026-05-21,4,羽毛球馆-15号,20:30-21:30,1,1,已售/已满,已售,雾,22,23,2,0.0,89,39
2026-05-21 20:30:44,2026-05-21,4,羽毛球馆-15号,20:30-21:30,1,1,已售/已满,已售,雾,22,24,2,0.0,93,43
2026-05-21 21:00:56,2026-05-21,4,羽毛球馆-15号,20:30-21:30,1,1,已售/已满,已售,雾,20,21,2,0.0,98,43
2026-05-21 21:30:46,2026-05-21,4,羽毛球馆-15号,20:30-21:30,1,1,已售/已满,已售,雾,20,22,1,0.0,99,41
2026-05-21 22:01:02,2026-05-21,4,羽毛球馆-15号,20:30-21:30,1,1,已售/已满,已售,雾,19,20,2,0.0,93,41
2026-05-21 22:30:47,2026-05-21,4,羽毛球馆-15号,20:30-21:30,1,1,已售/已满,已售,雾,19,19,3,0.0,88,46
2026-05-21 23:00:56,2026-05-21,4,羽毛球馆-15号,20:30-21:30,1,1,已售/已满,已售,多云,18,17,3,0.0,85,46
2026-05-21 23:30:55,2026-05-21,4,羽毛球馆-15号,20:30-21:30,1,1,已售/已满,已售,多云,18,17,3,0.0,85,48
2026-05-21 00:30:49,2026-05-21,4,羽毛球馆-16号,07:00-08:00,0,1,可预约,￥0.0,多云,15,13,3,0.0,100,26
2026-05-21 01:00:55,2026-05-21,4,羽毛球馆-16号,07:00-08:00,0,1,可预约,￥0.0,多云,15,12,4,0.0,100,26
2026-05-21 01:30:47,2026-05-21,4,羽毛球馆-16号,07:00-08:00,0,1,可预约,￥0.0,多云,15,13,4,0.0,100,28
2026-05-21 02:00:53,2026-05-21,4,羽毛球馆-16号,07:00-08:00,0,1,可预约,￥0.0,多云,15,12,4,0.0,100,28
2026-05-21 02:30:49,2026-05-21,4,羽毛球馆-16号,07:00-08:00,0,1,可预约,￥0.0,多云,15,14,3,0.0,100,29
2026-05-21 03:00:55,2026-05-21,4,羽毛球馆-16号,07:00-08:00,0,1,可预约,￥0.0,多云,15,12,4,0.0,100,29
2026-05-21 03:30:49,2026-05-21,4,羽毛球馆-16号,07:00-08:00,0,1,可预约,￥0.0,多云,15,14,3,0.0,100,30
2026-05-21 04:30:45,2026-05-21,4,羽毛球馆-16号,07:00-08:00,0,1,可预约,￥0.0,多云,15,12,4,0.0,100,29
2026-05-21 05:00:52,2026-05-21,4,羽毛球馆-16号,07:00-08:00,0,1,可预约,￥0.0,多云,15,12,4,0.0,100,29
2026-05-21 05:30:49,2026-05-21,4,羽毛球馆-16号,07:00-08:00,0,1,可预约,￥0.0,多云,15,13,3,0.0,100,28
2026-05-21 06:00:50,2026-05-21,4,羽毛球馆-16号,07:00-08:00,0,1,可预约,￥0.0,多云,15,13,4,0.0,99,28
2026-05-21 06:30:38,2026-05-21,4,羽毛球馆-16号,07:00-08:00,0,1,可预约,￥0.0,多云,15,13,3,0.0,97,28
2026-05-21 07:00:43,2026-05-21,4,羽毛球馆-16号,07:00-08:00,0,1,可预约,￥0.0,晴,15,11,5,0.0,93,28
2026-05-21 07:30:39,2026-05-21,4,羽毛球馆-16号,07:00-08:00,0,1,可预约,￥0.0,晴,17,13,4,0.0,89,29
2026-05-21 07:50:40,2026-05-21,4,羽毛球馆-16号,07:00-08:00,0,1,可预约,￥0.0,晴,17,13,4,0.0,88,29
2026-05-21 07:53:31,2026-05-21,4,羽毛球馆-16号,07:00-08:00,0,1,可预约,￥0.0,晴,17,12,5,0.0,86,29
2026-05-21 07:56:31,2026-05-21,4,羽毛球馆-16号,07:00-08:00,0,1,可预约,￥0.0,晴,17,12,5,0.0,86,29
2026-05-21 07:59:26,2026-05-21,4,羽毛球馆-16号,07:00-08:00,0,1,可预约,￥0.0,晴,17,12,5,0.0,86,29
2026-05-21 08:00:45,2026-05-21,4,羽毛球馆-16号,07:00-08:00,0,1,不开放/已过期,,晴,17,12,5,0.0,86,29
2026-05-21 08:02:30,2026-05-21,4,羽毛球馆-16号,07:00-08:00,0,1,不开放/已过期,,多云,17,12,5,0.0,87,29
2026-05-21 08:05:36,2026-05-21,4,羽毛球馆-16号,07:00-08:00,0,1,不开放/已过期,,多云,17,12,5,0.0,86,29
2026-05-21 08:08:31,2026-05-21,4,羽毛球馆-16号,07:00-08:00,0,1,不开放/已过期,,多云,17,12,5,0.0,86,29
2026-05-21 08:11:30,2026-05-21,4,羽毛球馆-16号,07:00-08:00,0,1,不开放/已过期,,多云,17,12,5,0.0,86,29
2026-05-21 08:14:31,2026-05-21,4,羽毛球馆-16号,07:00-08:00,0,1,不开放/已过期,,多云,17,12,5,0.0,86,29
2026-05-21 08:17:30,2026-05-21,4,羽毛球馆-16号,07:00-08:00,0,1,不开放/已过期,,多云,17,12,5,0.0,86,29
2026-05-21 08:20:35,2026-05-21,4,羽毛球馆-16号,07:00-08:00,0,1,不开放/已过期,,多云,17,14,4,0.0,85,29
2026-05-21 08:25:32,2026-05-21,4,羽毛球馆-16号,07:00-08:00,0,1,不开放/已过期,,多云,17,14,4,0.0,85,28
2026-05-21 08:30:42,2026-05-21,4,羽毛球馆-16号,07:00-08:00,0,1,不开放/已过期,,多云,18,15,4,0.0,84,28
2026-05-21 08:35:31,2026-05-21,4,羽毛球馆-16号,07:00-08:00,0,1,不开放/已过期,,多云,18,15,4,0.0,84,28
2026-05-21 08:40:38,2026-05-21,4,羽毛球馆-16号,07:00-08:00,0,1,不开放/已过期,,多云,18,15,4,0.0,82,28
2026-05-21 08:45:33,2026-05-21,4,羽毛球馆-16号,07:00-08:00,0,1,不开放/已过期,,多云,18,15,4,0.0,82,28
2026-05-21 08:50:36,2026-05-21,4,羽毛球馆-16号,07:00-08:00,0,1,不开放/已过期,,多云,18,15,4,0.0,82,28
2026-05-21 08:55:34,2026-05-21,4,羽毛球馆-16号,07:00-08:00,0,1,不开放/已过期,,多云,18,15,4,0.0,84,28
2026-05-21 09:00:51,2026-05-21,4,羽毛球馆-16号,07:00-08:00,0,1,不开放/已过期,,多云,18,15,4,0.0,84,28
2026-05-21 09:01:59,2026-05-21,4,羽毛球馆-16号,07:00-08:00,0,1,不开放/已过期,,多云,18,15,4,0.0,83,28
2026-05-21 09:05:33,2026-05-21,4,羽毛球馆-16号,07:00-08:00,0,1,不开放/已过期,,多云,18,15,4,0.0,83,28
2026-05-21 09:20:38,2026-05-21,4,羽毛球馆-16号,07:00-08:00,0,1,不开放/已过期,,多云,18,16,3,0.0,81,28
2026-05-21 09:30:46,2026-05-21,4,羽毛球馆-16号,07:00-08:00,0,1,不开放/已过期,,多云,18,16,3,0.0,81,32
2026-05-21 09:40:36,2026-05-21,4,羽毛球馆-16号,07:00-08:00,0,1,不开放/已过期,,多云,19,17,3,0.0,79,32
2026-05-21 09:50:42,2026-05-21,4,羽毛球馆-16号,07:00-08:00,0,1,不开放/已过期,,多云,19,17,4,0.0,81,32
2026-05-21 10:00:46,2026-05-21,4,羽毛球馆-16号,07:00-08:00,0,1,不开放/已过期,,多云,19,17,4,0.0,79,32
2026-05-21 10:10:40,2026-05-21,4,羽毛球馆-16号,07:00-08:00,0,1,不开放/已过期,,多云,19,17,4,0.0,79,32
2026-05-21 10:20:38,2026-05-21,4,羽毛球馆-16号,07:00-08:00,0,1,不开放/已过期,,多云,19,17,4,0.0,79,32
2026-05-21 10:30:41,2026-05-21,4,羽毛球馆-16号,07:00-08:00,0,1,不开放/已过期,,多云,19,18,3,0.0,78,31
2026-05-21 11:00:44,2026-05-21,4,羽毛球馆-16号,07:00-08:00,0,1,不开放/已过期,,多云,21,17,5,0.0,74,31
2026-05-21 11:30:38,2026-05-21,4,羽毛球馆-16号,07:00-08:00,0,1,不开放/已过期,,多云,21,19,3,0.0,72,33
2026-05-21 12:00:46,2026-05-21,4,羽毛球馆-16号,07:00-08:00,0,1,不开放/已过期,,多云,22,19,4,0.0,70,33
2026-05-21 12:30:42,2026-05-21,4,羽毛球馆-16号,07:00-08:00,0,1,不开放/已过期,,多云,22,21,3,0.0,68,35
2026-05-21 13:00:43,2026-05-21,4,羽毛球馆-16号,07:00-08:00,0,1,不开放/已过期,,多云,24,22,4,0.0,66,35
2026-05-21 13:30:43,2026-05-21,4,羽毛球馆-16号,07:00-08:00,0,1,不开放/已过期,,多云,24,22,4,0.0,66,36
2026-05-21 14:00:48,2026-05-21,4,羽毛球馆-16号,07:00-08:00,0,1,不开放/已过期,,多云,25,23,4,0.0,66,36
2026-05-21 14:30:45,2026-05-21,4,羽毛球馆-16号,07:00-08:00,0,1,不开放/已过期,,晴,25,25,3,0.0,65,39
2026-05-21 15:00:45,2026-05-21,4,羽毛球馆-16号,07:00-08:00,0,1,不开放/已过期,,晴,25,22,4,0.0,56,39
2026-05-21 15:30:43,2026-05-21,4,羽毛球馆-16号,07:00-08:00,0,1,不开放/已过期,,晴,25,23,4,0.0,57,40
2026-05-21 16:00:51,2026-05-21,4,羽毛球馆-16号,07:00-08:00,0,1,不开放/已过期,,晴,25,23,4,0.0,57,40
2026-05-21 16:30:48,2026-05-21,4,羽毛球馆-16号,07:00-08:00,0,1,不开放/已过期,,晴,25,24,3,0.0,60,39
2026-05-21 17:00:49,2026-05-21,4,羽毛球馆-16号,07:00-08:00,0,1,不开放/已过期,,晴,25,24,4,0.0,61,39
2026-05-21 17:30:47,2026-05-21,4,羽毛球馆-16号,07:00-08:00,0,1,不开放/已过期,,多云,24,23,3,0.0,64,39
2026-05-21 18:00:50,2026-05-21,4,羽毛球馆-16号,07:00-08:00,0,1,不开放/已过期,,多云,24,23,3,0.0,68,39
2026-05-21 18:30:50,2026-05-21,4,羽毛球馆-16号,07:00-08:00,0,1,不开放/已过期,,阴,24,25,2,0.0,68,40
2026-05-21 19:00:50,2026-05-21,4,羽毛球馆-16号,07:00-08:00,0,1,不开放/已过期,,阴,23,23,3,0.0,76,40
2026-05-21 19:30:46,2026-05-21,4,羽毛球馆-16号,07:00-08:00,0,1,不开放/已过期,,阴,23,24,2,0.0,77,39
2026-05-21 20:00:49,2026-05-21,4,羽毛球馆-16号,07:00-08:00,0,1,不开放/已过期,,雾,22,23,2,0.0,89,39
2026-05-21 20:30:44,2026-05-21,4,羽毛球馆-16号,07:00-08:00,0,1,不开放/已过期,,雾,22,24,2,0.0,93,43
2026-05-21 21:00:56,2026-05-21,4,羽毛球馆-16号,07:00-08:00,0,1,不开放/已过期,,雾,20,21,2,0.0,98,43
2026-05-21 21:30:46,2026-05-21,4,羽毛球馆-16号,07:00-08:00,0,1,不开放/已过期,,雾,20,22,1,0.0,99,41
2026-05-21 22:01:02,2026-05-21,4,羽毛球馆-16号,07:00-08:00,0,1,不开放/已过期,,雾,19,20,2,0.0,93,41
2026-05-21 22:30:47,2026-05-21,4,羽毛球馆-16号,07:00-08:00,0,1,不开放/已过期,,雾,19,19,3,0.0,88,46
2026-05-21 23:00:56,2026-05-21,4,羽毛球馆-16号,07:00-08:00,0,1,不开放/已过期,,多云,18,17,3,0.0,85,46
2026-05-21 23:30:55,2026-05-21,4,羽毛球馆-16号,07:00-08:00,0,1,不开放/已过期,,多云,18,17,3,0.0,85,48
2026-05-21 00:30:49,2026-05-21,4,羽毛球馆-16号,08:00-09:00,0,1,可预约,￥0.0,多云,15,13,3,0.0,100,26
2026-05-21 01:00:55,2026-05-21,4,羽毛球馆-16号,08:00-09:00,0,1,可预约,￥0.0,多云,15,12,4,0.0,100,26
2026-05-21 01:30:47,2026-05-21,4,羽毛球馆-16号,08:00-09:00,0,1,可预约,￥0.0,多云,15,13,4,0.0,100,28
2026-05-21 02:00:53,2026-05-21,4,羽毛球馆-16号,08:00-09:00,0,1,可预约,￥0.0,多云,15,12,4,0.0,100,28
2026-05-21 02:30:49,2026-05-21,4,羽毛球馆-16号,08:00-09:00,0,1,可预约,￥0.0,多云,15,14,3,0.0,100,29
2026-05-21 03:00:55,2026-05-21,4,羽毛球馆-16号,08:00-09:00,0,1,可预约,￥0.0,多云,15,12,4,0.0,100,29
2026-05-21 03:30:49,2026-05-21,4,羽毛球馆-16号,08:00-09:00,0,1,可预约,￥0.0,多云,15,14,3,0.0,100,30
2026-05-21 04:30:45,2026-05-21,4,羽毛球馆-16号,08:00-09:00,0,1,可预约,￥0.0,多云,15,12,4,0.0,100,29
2026-05-21 05:00:52,2026-05-21,4,羽毛球馆-16号,08:00-09:00,0,1,可预约,￥0.0,多云,15,12,4,0.0,100,29
2026-05-21 05:30:49,2026-05-21,4,羽毛球馆-16号,08:00-09:00,0,1,可预约,￥0.0,多云,15,13,3,0.0,100,28
2026-05-21 06:00:50,2026-05-21,4,羽毛球馆-16号,08:00-09:00,0,1,可预约,￥0.0,多云,15,13,4,0.0,99,28
2026-05-21 06:30:38,2026-05-21,4,羽毛球馆-16号,08:00-09:00,0,1,可预约,￥0.0,多云,15,13,3,0.0,97,28
2026-05-21 07:00:43,2026-05-21,4,羽毛球馆-16号,08:00-09:00,0,1,可预约,￥0.0,晴,15,11,5,0.0,93,28
2026-05-21 07:30:39,2026-05-21,4,羽毛球馆-16号,08:00-09:00,0,1,可预约,￥0.0,晴,17,13,4,0.0,89,29
2026-05-21 07:50:40,2026-05-21,4,羽毛球馆-16号,08:00-09:00,0,1,可预约,￥0.0,晴,17,13,4,0.0,88,29
2026-05-21 07:53:31,2026-05-21,4,羽毛球馆-16号,08:00-09:00,0,1,可预约,￥0.0,晴,17,12,5,0.0,86,29
2026-05-21 07:56:31,2026-05-21,4,羽毛球馆-16号,08:00-09:00,0,1,可预约,￥0.0,晴,17,12,5,0.0,86,29
2026-05-21 07:59:26,2026-05-21,4,羽毛球馆-16号,08:00-09:00,0,1,可预约,￥0.0,晴,17,12,5,0.0,86,29
2026-05-21 08:00:45,2026-05-21,4,羽毛球馆-16号,08:00-09:00,0,1,可预约,￥0.0,晴,17,12,5,0.0,86,29
2026-05-21 08:02:30,2026-05-21,4,羽毛球馆-16号,08:00-09:00,0,1,可预约,￥0.0,多云,17,12,5,0.0,87,29
2026-05-21 08:05:36,2026-05-21,4,羽毛球馆-16号,08:00-09:00,0,1,可预约,￥0.0,多云,17,12,5,0.0,86,29
2026-05-21 08:08:31,2026-05-21,4,羽毛球馆-16号,08:00-09:00,0,1,可预约,￥0.0,多云,17,12,5,0.0,86,29
2026-05-21 08:11:30,2026-05-21,4,羽毛球馆-16号,08:00-09:00,0,1,可预约,￥0.0,多云,17,12,5,0.0,86,29
2026-05-21 08:14:31,2026-05-21,4,羽毛球馆-16号,08:00-09:00,0,1,可预约,￥0.0,多云,17,12,5,0.0,86,29
2026-05-21 08:17:30,2026-05-21,4,羽毛球馆-16号,08:00-09:00,0,1,可预约,￥0.0,多云,17,12,5,0.0,86,29
2026-05-21 08:20:35,2026-05-21,4,羽毛球馆-16号,08:00-09:00,0,1,可预约,￥0.0,多云,17,14,4,0.0,85,29
2026-05-21 08:25:32,2026-05-21,4,羽毛球馆-16号,08:00-09:00,0,1,可预约,￥0.0,多云,17,14,4,0.0,85,28
2026-05-21 08:30:42,2026-05-21,4,羽毛球馆-16号,08:00-09:00,0,1,可预约,￥0.0,多云,18,15,4,0.0,84,28
2026-05-21 08:35:31,2026-05-21,4,羽毛球馆-16号,08:00-09:00,0,1,可预约,￥0.0,多云,18,15,4,0.0,84,28
2026-05-21 08:40:38,2026-05-21,4,羽毛球馆-16号,08:00-09:00,0,1,可预约,￥0.0,多云,18,15,4,0.0,82,28
2026-05-21 08:45:33,2026-05-21,4,羽毛球馆-16号,08:00-09:00,0,1,可预约,￥0.0,多云,18,15,4,0.0,82,28
2026-05-21 08:50:36,2026-05-21,4,羽毛球馆-16号,08:00-09:00,0,1,可预约,￥0.0,多云,18,15,4,0.0,82,28
2026-05-21 08:55:34,2026-05-21,4,羽毛球馆-16号,08:00-09:00,0,1,可预约,￥0.0,多云,18,15,4,0.0,84,28
2026-05-21 09:00:51,2026-05-21,4,羽毛球馆-16号,08:00-09:00,0,1,不开放/已过期,,多云,18,15,4,0.0,84,28
2026-05-21 09:01:59,2026-05-21,4,羽毛球馆-16号,08:00-09:00,0,1,不开放/已过期,,多云,18,15,4,0.0,83,28
2026-05-21 09:05:33,2026-05-21,4,羽毛球馆-16号,08:00-09:00,0,1,不开放/已过期,,多云,18,15,4,0.0,83,28
2026-05-21 09:20:38,2026-05-21,4,羽毛球馆-16号,08:00-09:00,0,1,不开放/已过期,,多云,18,16,3,0.0,81,28
2026-05-21 09:30:46,2026-05-21,4,羽毛球馆-16号,08:00-09:00,0,1,不开放/已过期,,多云,18,16,3,0.0,81,32
2026-05-21 09:40:36,2026-05-21,4,羽毛球馆-16号,08:00-09:00,0,1,不开放/已过期,,多云,19,17,3,0.0,79,32
2026-05-21 09:50:42,2026-05-21,4,羽毛球馆-16号,08:00-09:00,0,1,不开放/已过期,,多云,19,17,4,0.0,81,32
2026-05-21 10:00:46,2026-05-21,4,羽毛球馆-16号,08:00-09:00,0,1,不开放/已过期,,多云,19,17,4,0.0,79,32
2026-05-21 10:10:40,2026-05-21,4,羽毛球馆-16号,08:00-09:00,0,1,不开放/已过期,,多云,19,17,4,0.0,79,32
2026-05-21 10:20:38,2026-05-21,4,羽毛球馆-16号,08:00-09:00,0,1,不开放/已过期,,多云,19,17,4,0.0,79,32
2026-05-21 10:30:41,2026-05-21,4,羽毛球馆-16号,08:00-09:00,0,1,不开放/已过期,,多云,19,18,3,0.0,78,31
2026-05-21 11:00:44,2026-05-21,4,羽毛球馆-16号,08:00-09:00,0,1,不开放/已过期,,多云,21,17,5,0.0,74,31
2026-05-21 11:30:38,2026-05-21,4,羽毛球馆-16号,08:00-09:00,0,1,不开放/已过期,,多云,21,19,3,0.0,72,33
2026-05-21 12:00:46,2026-05-21,4,羽毛球馆-16号,08:00-09:00,0,1,不开放/已过期,,多云,22,19,4,0.0,70,33
2026-05-21 12:30:42,2026-05-21,4,羽毛球馆-16号,08:00-09:00,0,1,不开放/已过期,,多云,22,21,3,0.0,68,35
2026-05-21 13:00:43,2026-05-21,4,羽毛球馆-16号,08:00-09:00,0,1,不开放/已过期,,多云,24,22,4,0.0,66,35
2026-05-21 13:30:43,2026-05-21,4,羽毛球馆-16号,08:00-09:00,0,1,不开放/已过期,,多云,24,22,4,0.0,66,36
2026-05-21 14:00:48,2026-05-21,4,羽毛球馆-16号,08:00-09:00,0,1,不开放/已过期,,多云,25,23,4,0.0,66,36
2026-05-21 14:30:45,2026-05-21,4,羽毛球馆-16号,08:00-09:00,0,1,不开放/已过期,,晴,25,25,3,0.0,65,39
2026-05-21 15:00:45,2026-05-21,4,羽毛球馆-16号,08:00-09:00,0,1,不开放/已过期,,晴,25,22,4,0.0,56,39
2026-05-21 15:30:43,2026-05-21,4,羽毛球馆-16号,08:00-09:00,0,1,不开放/已过期,,晴,25,23,4,0.0,57,40
2026-05-21 16:00:51,2026-05-21,4,羽毛球馆-16号,08:00-09:00,0,1,不开放/已过期,,晴,25,23,4,0.0,57,40
2026-05-21 16:30:48,2026-05-21,4,羽毛球馆-16号,08:00-09:00,0,1,不开放/已过期,,晴,25,24,3,0.0,60,39
2026-05-21 17:00:49,2026-05-21,4,羽毛球馆-16号,08:00-09:00,0,1,不开放/已过期,,晴,25,24,4,0.0,61,39
2026-05-21 17:30:47,2026-05-21,4,羽毛球馆-16号,08:00-09:00,0,1,不开放/已过期,,多云,24,23,3,0.0,64,39
2026-05-21 18:00:50,2026-05-21,4,羽毛球馆-16号,08:00-09:00,0,1,不开放/已过期,,多云,24,23,3,0.0,68,39
2026-05-21 18:30:50,2026-05-21,4,羽毛球馆-16号,08:00-09:00,0,1,不开放/已过期,,阴,24,25,2,0.0,68,40
2026-05-21 19:00:50,2026-05-21,4,羽毛球馆-16号,08:00-09:00,0,1,不开放/已过期,,阴,23,23,3,0.0,76,40
2026-05-21 19:30:46,2026-05-21,4,羽毛球馆-16号,08:00-09:00,0,1,不开放/已过期,,阴,23,24,2,0.0,77,39
2026-05-21 20:00:49,2026-05-21,4,羽毛球馆-16号,08:00-09:00,0,1,不开放/已过期,,雾,22,23,2,0.0,89,39
2026-05-21 20:30:44,2026-05-21,4,羽毛球馆-16号,08:00-09:00,0,1,不开放/已过期,,雾,22,24,2,0.0,93,43
2026-05-21 21:00:56,2026-05-21,4,羽毛球馆-16号,08:00-09:00,0,1,不开放/已过期,,雾,20,21,2,0.0,98,43
2026-05-21 21:30:46,2026-05-21,4,羽毛球馆-16号,08:00-09:00,0,1,不开放/已过期,,雾,20,22,1,0.0,99,41
2026-05-21 22:01:02,2026-05-21,4,羽毛球馆-16号,08:00-09:00,0,1,不开放/已过期,,雾,19,20,2,0.0,93,41
2026-05-21 22:30:47,2026-05-21,4,羽毛球馆-16号,08:00-09:00,0,1,不开放/已过期,,雾,19,19,3,0.0,88,46
2026-05-21 23:00:56,2026-05-21,4,羽毛球馆-16号,08:00-09:00,0,1,不开放/已过期,,多云,18,17,3,0.0,85,46
2026-05-21 23:30:55,2026-05-21,4,羽毛球馆-16号,08:00-09:00,0,1,不开放/已过期,,多云,18,17,3,0.0,85,48
2026-05-21 00:30:49,2026-05-21,4,羽毛球馆-16号,09:00-10:00,0,1,可预约,￥12.0,多云,15,13,3,0.0,100,26
2026-05-21 01:00:55,2026-05-21,4,羽毛球馆-16号,09:00-10:00,0,1,可预约,￥12.0,多云,15,12,4,0.0,100,26
2026-05-21 01:30:47,2026-05-21,4,羽毛球馆-16号,09:00-10:00,0,1,可预约,￥12.0,多云,15,13,4,0.0,100,28
2026-05-21 02:00:53,2026-05-21,4,羽毛球馆-16号,09:00-10:00,0,1,可预约,￥12.0,多云,15,12,4,0.0,100,28
2026-05-21 02:30:49,2026-05-21,4,羽毛球馆-16号,09:00-10:00,0,1,可预约,￥12.0,多云,15,14,3,0.0,100,29
2026-05-21 03:00:55,2026-05-21,4,羽毛球馆-16号,09:00-10:00,0,1,可预约,￥12.0,多云,15,12,4,0.0,100,29
2026-05-21 03:30:49,2026-05-21,4,羽毛球馆-16号,09:00-10:00,0,1,可预约,￥12.0,多云,15,14,3,0.0,100,30
2026-05-21 04:30:45,2026-05-21,4,羽毛球馆-16号,09:00-10:00,0,1,可预约,￥12.0,多云,15,12,4,0.0,100,29
2026-05-21 05:00:52,2026-05-21,4,羽毛球馆-16号,09:00-10:00,0,1,可预约,￥12.0,多云,15,12,4,0.0,100,29
2026-05-21 05:30:49,2026-05-21,4,羽毛球馆-16号,09:00-10:00,0,1,可预约,￥12.0,多云,15,13,3,0.0,100,28
2026-05-21 06:00:50,2026-05-21,4,羽毛球馆-16号,09:00-10:00,0,1,可预约,￥12.0,多云,15,13,4,0.0,99,28
2026-05-21 06:30:38,2026-05-21,4,羽毛球馆-16号,09:00-10:00,0,1,可预约,￥12.0,多云,15,13,3,0.0,97,28
2026-05-21 07:00:43,2026-05-21,4,羽毛球馆-16号,09:00-10:00,0,1,可预约,￥12.0,晴,15,11,5,0.0,93,28
2026-05-21 07:30:39,2026-05-21,4,羽毛球馆-16号,09:00-10:00,0,1,可预约,￥12.0,晴,17,13,4,0.0,89,29
2026-05-21 07:50:40,2026-05-21,4,羽毛球馆-16号,09:00-10:00,0,1,可预约,￥12.0,晴,17,13,4,0.0,88,29
2026-05-21 07:53:31,2026-05-21,4,羽毛球馆-16号,09:00-10:00,0,1,可预约,￥12.0,晴,17,12,5,0.0,86,29
2026-05-21 07:56:31,2026-05-21,4,羽毛球馆-16号,09:00-10:00,0,1,可预约,￥12.0,晴,17,12,5,0.0,86,29
2026-05-21 07:59:26,2026-05-21,4,羽毛球馆-16号,09:00-10:00,0,1,可预约,￥12.0,晴,17,12,5,0.0,86,29
2026-05-21 08:00:45,2026-05-21,4,羽毛球馆-16号,09:00-10:00,0,1,可预约,￥12.0,晴,17,12,5,0.0,86,29
2026-05-21 08:02:30,2026-05-21,4,羽毛球馆-16号,09:00-10:00,0,1,可预约,￥12.0,多云,17,12,5,0.0,87,29
2026-05-21 08:05:36,2026-05-21,4,羽毛球馆-16号,09:00-10:00,0,1,可预约,￥12.0,多云,17,12,5,0.0,86,29
2026-05-21 08:08:31,2026-05-21,4,羽毛球馆-16号,09:00-10:00,0,1,可预约,￥12.0,多云,17,12,5,0.0,86,29
2026-05-21 08:11:30,2026-05-21,4,羽毛球馆-16号,09:00-10:00,0,1,可预约,￥12.0,多云,17,12,5,0.0,86,29
2026-05-21 08:14:31,2026-05-21,4,羽毛球馆-16号,09:00-10:00,0,1,可预约,￥12.0,多云,17,12,5,0.0,86,29
2026-05-21 08:17:30,2026-05-21,4,羽毛球馆-16号,09:00-10:00,0,1,可预约,￥12.0,多云,17,12,5,0.0,86,29
2026-05-21 08:20:35,2026-05-21,4,羽毛球馆-16号,09:00-10:00,0,1,可预约,￥12.0,多云,17,14,4,0.0,85,29
2026-05-21 08:25:32,2026-05-21,4,羽毛球馆-16号,09:00-10:00,0,1,可预约,￥12.0,多云,17,14,4,0.0,85,28
2026-05-21 08:30:42,2026-05-21,4,羽毛球馆-16号,09:00-10:00,0,1,可预约,￥12.0,多云,18,15,4,0.0,84,28
2026-05-21 08:35:31,2026-05-21,4,羽毛球馆-16号,09:00-10:00,0,1,可预约,￥12.0,多云,18,15,4,0.0,84,28
2026-05-21 08:40:38,2026-05-21,4,羽毛球馆-16号,09:00-10:00,0,1,可预约,￥12.0,多云,18,15,4,0.0,82,28
2026-05-21 08:45:33,2026-05-21,4,羽毛球馆-16号,09:00-10:00,0,1,可预约,￥12.0,多云,18,15,4,0.0,82,28
2026-05-21 08:50:36,2026-05-21,4,羽毛球馆-16号,09:00-10:00,0,1,可预约,￥12.0,多云,18,15,4,0.0,82,28
2026-05-21 08:55:34,2026-05-21,4,羽毛球馆-16号,09:00-10:00,0,1,可预约,￥12.0,多云,18,15,4,0.0,84,28
2026-05-21 09:00:51,2026-05-21,4,羽毛球馆-16号,09:00-10:00,0,1,可预约,￥12.0,多云,18,15,4,0.0,84,28
2026-05-21 09:01:59,2026-05-21,4,羽毛球馆-16号,09:00-10:00,0,1,可预约,￥12.0,多云,18,15,4,0.0,83,28
2026-05-21 09:05:33,2026-05-21,4,羽毛球馆-16号,09:00-10:00,0,1,可预约,￥12.0,多云,18,15,4,0.0,83,28
2026-05-21 09:20:38,2026-05-21,4,羽毛球馆-16号,09:00-10:00,0,1,可预约,￥12.0,多云,18,16,3,0.0,81,28
2026-05-21 09:30:46,2026-05-21,4,羽毛球馆-16号,09:00-10:00,0,1,可预约,￥12.0,多云,18,16,3,0.0,81,32
2026-05-21 09:40:36,2026-05-21,4,羽毛球馆-16号,09:00-10:00,0,1,可预约,￥12.0,多云,19,17,3,0.0,79,32
2026-05-21 09:50:42,2026-05-21,4,羽毛球馆-16号,09:00-10:00,0,1,可预约,￥12.0,多云,19,17,4,0.0,81,32
2026-05-21 10:00:46,2026-05-21,4,羽毛球馆-16号,09:00-10:00,0,1,不开放/已过期,,多云,19,17,4,0.0,79,32
2026-05-21 10:10:40,2026-05-21,4,羽毛球馆-16号,09:00-10:00,0,1,不开放/已过期,,多云,19,17,4,0.0,79,32
2026-05-21 10:20:38,2026-05-21,4,羽毛球馆-16号,09:00-10:00,0,1,不开放/已过期,,多云,19,17,4,0.0,79,32
2026-05-21 10:30:41,2026-05-21,4,羽毛球馆-16号,09:00-10:00,0,1,不开放/已过期,,多云,19,18,3,0.0,78,31
2026-05-21 11:00:44,2026-05-21,4,羽毛球馆-16号,09:00-10:00,0,1,不开放/已过期,,多云,21,17,5,0.0,74,31
2026-05-21 11:30:38,2026-05-21,4,羽毛球馆-16号,09:00-10:00,0,1,不开放/已过期,,多云,21,19,3,0.0,72,33
2026-05-21 12:00:46,2026-05-21,4,羽毛球馆-16号,09:00-10:00,0,1,不开放/已过期,,多云,22,19,4,0.0,70,33
2026-05-21 12:30:42,2026-05-21,4,羽毛球馆-16号,09:00-10:00,0,1,不开放/已过期,,多云,22,21,3,0.0,68,35
2026-05-21 13:00:43,2026-05-21,4,羽毛球馆-16号,09:00-10:00,0,1,不开放/已过期,,多云,24,22,4,0.0,66,35
2026-05-21 13:30:43,2026-05-21,4,羽毛球馆-16号,09:00-10:00,0,1,不开放/已过期,,多云,24,22,4,0.0,66,36
2026-05-21 14:00:48,2026-05-21,4,羽毛球馆-16号,09:00-10:00,0,1,不开放/已过期,,多云,25,23,4,0.0,66,36
2026-05-21 14:30:45,2026-05-21,4,羽毛球馆-16号,09:00-10:00,0,1,不开放/已过期,,晴,25,25,3,0.0,65,39
2026-05-21 15:00:45,2026-05-21,4,羽毛球馆-16号,09:00-10:00,0,1,不开放/已过期,,晴,25,22,4,0.0,56,39
2026-05-21 15:30:43,2026-05-21,4,羽毛球馆-16号,09:00-10:00,0,1,不开放/已过期,,晴,25,23,4,0.0,57,40
2026-05-21 16:00:51,2026-05-21,4,羽毛球馆-16号,09:00-10:00,0,1,不开放/已过期,,晴,25,23,4,0.0,57,40
2026-05-21 16:30:48,2026-05-21,4,羽毛球馆-16号,09:00-10:00,0,1,不开放/已过期,,晴,25,24,3,0.0,60,39
2026-05-21 17:00:49,2026-05-21,4,羽毛球馆-16号,09:00-10:00,0,1,不开放/已过期,,晴,25,24,4,0.0,61,39
2026-05-21 17:30:47,2026-05-21,4,羽毛球馆-16号,09:00-10:00,0,1,不开放/已过期,,多云,24,23,3,0.0,64,39
2026-05-21 18:00:50,2026-05-21,4,羽毛球馆-16号,09:00-10:00,0,1,不开放/已过期,,多云,24,23,3,0.0,68,39
2026-05-21 18:30:50,2026-05-21,4,羽毛球馆-16号,09:00-10:00,0,1,不开放/已过期,,阴,24,25,2,0.0,68,40
2026-05-21 19:00:50,2026-05-21,4,羽毛球馆-16号,09:00-10:00,0,1,不开放/已过期,,阴,23,23,3,0.0,76,40
2026-05-21 19:30:46,2026-05-21,4,羽毛球馆-16号,09:00-10:00,0,1,不开放/已过期,,阴,23,24,2,0.0,77,39
2026-05-21 20:00:49,2026-05-21,4,羽毛球馆-16号,09:00-10:00,0,1,不开放/已过期,,雾,22,23,2,0.0,89,39
2026-05-21 20:30:44,2026-05-21,4,羽毛球馆-16号,09:00-10:00,0,1,不开放/已过期,,雾,22,24,2,0.0,93,43
2026-05-21 21:00:56,2026-05-21,4,羽毛球馆-16号,09:00-10:00,0,1,不开放/已过期,,雾,20,21,2,0.0,98,43
2026-05-21 21:30:46,2026-05-21,4,羽毛球馆-16号,09:00-10:00,0,1,不开放/已过期,,雾,20,22,1,0.0,99,41
2026-05-21 22:01:02,2026-05-21,4,羽毛球馆-16号,09:00-10:00,0,1,不开放/已过期,,雾,19,20,2,0.0,93,41
2026-05-21 22:30:47,2026-05-21,4,羽毛球馆-16号,09:00-10:00,0,1,不开放/已过期,,雾,19,19,3,0.0,88,46
2026-05-21 23:00:56,2026-05-21,4,羽毛球馆-16号,09:00-10:00,0,1,不开放/已过期,,多云,18,17,3,0.0,85,46
2026-05-21 23:30:55,2026-05-21,4,羽毛球馆-16号,09:00-10:00,0,1,不开放/已过期,,多云,18,17,3,0.0,85,48
2026-05-21 00:30:49,2026-05-21,4,羽毛球馆-16号,10:00-11:00,1,1,已售/已满,教学时间,多云,15,13,3,0.0,100,26
2026-05-21 01:00:55,2026-05-21,4,羽毛球馆-16号,10:00-11:00,1,1,已售/已满,教学时间,多云,15,12,4,0.0,100,26
2026-05-21 01:30:47,2026-05-21,4,羽毛球馆-16号,10:00-11:00,1,1,已售/已满,教学时间,多云,15,13,4,0.0,100,28
2026-05-21 02:00:53,2026-05-21,4,羽毛球馆-16号,10:00-11:00,1,1,已售/已满,教学时间,多云,15,12,4,0.0,100,28
2026-05-21 02:30:49,2026-05-21,4,羽毛球馆-16号,10:00-11:00,1,1,已售/已满,教学时间,多云,15,14,3,0.0,100,29
2026-05-21 03:00:55,2026-05-21,4,羽毛球馆-16号,10:00-11:00,1,1,已售/已满,教学时间,多云,15,12,4,0.0,100,29
2026-05-21 03:30:49,2026-05-21,4,羽毛球馆-16号,10:00-11:00,1,1,已售/已满,教学时间,多云,15,14,3,0.0,100,30
2026-05-21 04:30:45,2026-05-21,4,羽毛球馆-16号,10:00-11:00,1,1,已售/已满,教学时间,多云,15,12,4,0.0,100,29
2026-05-21 05:00:52,2026-05-21,4,羽毛球馆-16号,10:00-11:00,1,1,已售/已满,教学时间,多云,15,12,4,0.0,100,29
2026-05-21 05:30:49,2026-05-21,4,羽毛球馆-16号,10:00-11:00,1,1,已售/已满,教学时间,多云,15,13,3,0.0,100,28
2026-05-21 06:00:50,2026-05-21,4,羽毛球馆-16号,10:00-11:00,1,1,已售/已满,教学时间,多云,15,13,4,0.0,99,28
2026-05-21 06:30:38,2026-05-21,4,羽毛球馆-16号,10:00-11:00,1,1,已售/已满,教学时间,多云,15,13,3,0.0,97,28
2026-05-21 07:00:43,2026-05-21,4,羽毛球馆-16号,10:00-11:00,1,1,已售/已满,教学时间,晴,15,11,5,0.0,93,28
2026-05-21 07:30:39,2026-05-21,4,羽毛球馆-16号,10:00-11:00,1,1,已售/已满,教学时间,晴,17,13,4,0.0,89,29
2026-05-21 07:50:40,2026-05-21,4,羽毛球馆-16号,10:00-11:00,1,1,已售/已满,教学时间,晴,17,13,4,0.0,88,29
2026-05-21 07:53:31,2026-05-21,4,羽毛球馆-16号,10:00-11:00,1,1,已售/已满,教学时间,晴,17,12,5,0.0,86,29
2026-05-21 07:56:31,2026-05-21,4,羽毛球馆-16号,10:00-11:00,1,1,已售/已满,教学时间,晴,17,12,5,0.0,86,29
2026-05-21 07:59:26,2026-05-21,4,羽毛球馆-16号,10:00-11:00,1,1,已售/已满,教学时间,晴,17,12,5,0.0,86,29
2026-05-21 08:00:45,2026-05-21,4,羽毛球馆-16号,10:00-11:00,1,1,已售/已满,教学时间,晴,17,12,5,0.0,86,29
2026-05-21 08:02:30,2026-05-21,4,羽毛球馆-16号,10:00-11:00,1,1,已售/已满,教学时间,多云,17,12,5,0.0,87,29
2026-05-21 08:05:36,2026-05-21,4,羽毛球馆-16号,10:00-11:00,1,1,已售/已满,教学时间,多云,17,12,5,0.0,86,29
2026-05-21 08:08:31,2026-05-21,4,羽毛球馆-16号,10:00-11:00,1,1,已售/已满,教学时间,多云,17,12,5,0.0,86,29
2026-05-21 08:11:30,2026-05-21,4,羽毛球馆-16号,10:00-11:00,1,1,已售/已满,教学时间,多云,17,12,5,0.0,86,29
2026-05-21 08:14:31,2026-05-21,4,羽毛球馆-16号,10:00-11:00,1,1,已售/已满,教学时间,多云,17,12,5,0.0,86,29
2026-05-21 08:17:30,2026-05-21,4,羽毛球馆-16号,10:00-11:00,1,1,已售/已满,教学时间,多云,17,12,5,0.0,86,29
2026-05-21 08:20:35,2026-05-21,4,羽毛球馆-16号,10:00-11:00,1,1,已售/已满,教学时间,多云,17,14,4,0.0,85,29
2026-05-21 08:25:32,2026-05-21,4,羽毛球馆-16号,10:00-11:00,1,1,已售/已满,教学时间,多云,17,14,4,0.0,85,28
2026-05-21 08:30:42,2026-05-21,4,羽毛球馆-16号,10:00-11:00,1,1,已售/已满,教学时间,多云,18,15,4,0.0,84,28
2026-05-21 08:35:31,2026-05-21,4,羽毛球馆-16号,10:00-11:00,1,1,已售/已满,教学时间,多云,18,15,4,0.0,84,28
2026-05-21 08:40:38,2026-05-21,4,羽毛球馆-16号,10:00-11:00,1,1,已售/已满,教学时间,多云,18,15,4,0.0,82,28
2026-05-21 08:45:33,2026-05-21,4,羽毛球馆-16号,10:00-11:00,1,1,已售/已满,教学时间,多云,18,15,4,0.0,82,28
2026-05-21 08:50:36,2026-05-21,4,羽毛球馆-16号,10:00-11:00,1,1,已售/已满,教学时间,多云,18,15,4,0.0,82,28
2026-05-21 08:55:34,2026-05-21,4,羽毛球馆-16号,10:00-11:00,1,1,已售/已满,教学时间,多云,18,15,4,0.0,84,28
2026-05-21 09:00:51,2026-05-21,4,羽毛球馆-16号,10:00-11:00,1,1,已售/已满,教学时间,多云,18,15,4,0.0,84,28
2026-05-21 09:01:59,2026-05-21,4,羽毛球馆-16号,10:00-11:00,1,1,已售/已满,教学时间,多云,18,15,4,0.0,83,28
2026-05-21 09:05:33,2026-05-21,4,羽毛球馆-16号,10:00-11:00,1,1,已售/已满,教学时间,多云,18,15,4,0.0,83,28
2026-05-21 09:20:38,2026-05-21,4,羽毛球馆-16号,10:00-11:00,1,1,已售/已满,教学时间,多云,18,16,3,0.0,81,28
2026-05-21 09:30:46,2026-05-21,4,羽毛球馆-16号,10:00-11:00,1,1,已售/已满,教学时间,多云,18,16,3,0.0,81,32
2026-05-21 09:40:36,2026-05-21,4,羽毛球馆-16号,10:00-11:00,1,1,已售/已满,教学时间,多云,19,17,3,0.0,79,32
2026-05-21 09:50:42,2026-05-21,4,羽毛球馆-16号,10:00-11:00,1,1,已售/已满,教学时间,多云,19,17,4,0.0,81,32
2026-05-21 10:00:46,2026-05-21,4,羽毛球馆-16号,10:00-11:00,1,1,已售/已满,教学时间,多云,19,17,4,0.0,79,32
2026-05-21 10:10:40,2026-05-21,4,羽毛球馆-16号,10:00-11:00,1,1,已售/已满,教学时间,多云,19,17,4,0.0,79,32
2026-05-21 10:20:38,2026-05-21,4,羽毛球馆-16号,10:00-11:00,1,1,已售/已满,教学时间,多云,19,17,4,0.0,79,32
2026-05-21 10:30:41,2026-05-21,4,羽毛球馆-16号,10:00-11:00,1,1,已售/已满,教学时间,多云,19,18,3,0.0,78,31
2026-05-21 11:00:44,2026-05-21,4,羽毛球馆-16号,10:00-11:00,1,1,已售/已满,教学时间,多云,21,17,5,0.0,74,31
2026-05-21 11:30:38,2026-05-21,4,羽毛球馆-16号,10:00-11:00,1,1,已售/已满,教学时间,多云,21,19,3,0.0,72,33
2026-05-21 12:00:46,2026-05-21,4,羽毛球馆-16号,10:00-11:00,1,1,已售/已满,教学时间,多云,22,19,4,0.0,70,33
2026-05-21 12:30:42,2026-05-21,4,羽毛球馆-16号,10:00-11:00,1,1,已售/已满,教学时间,多云,22,21,3,0.0,68,35
2026-05-21 13:00:43,2026-05-21,4,羽毛球馆-16号,10:00-11:00,1,1,已售/已满,教学时间,多云,24,22,4,0.0,66,35
2026-05-21 13:30:43,2026-05-21,4,羽毛球馆-16号,10:00-11:00,1,1,已售/已满,教学时间,多云,24,22,4,0.0,66,36
2026-05-21 14:00:48,2026-05-21,4,羽毛球馆-16号,10:00-11:00,1,1,已售/已满,教学时间,多云,25,23,4,0.0,66,36
2026-05-21 14:30:45,2026-05-21,4,羽毛球馆-16号,10:00-11:00,1,1,已售/已满,教学时间,晴,25,25,3,0.0,65,39
2026-05-21 15:00:45,2026-05-21,4,羽毛球馆-16号,10:00-11:00,1,1,已售/已满,教学时间,晴,25,22,4,0.0,56,39
2026-05-21 15:30:43,2026-05-21,4,羽毛球馆-16号,10:00-11:00,1,1,已售/已满,教学时间,晴,25,23,4,0.0,57,40
2026-05-21 16:00:51,2026-05-21,4,羽毛球馆-16号,10:00-11:00,1,1,已售/已满,教学时间,晴,25,23,4,0.0,57,40
2026-05-21 16:30:48,2026-05-21,4,羽毛球馆-16号,10:00-11:00,1,1,已售/已满,教学时间,晴,25,24,3,0.0,60,39
2026-05-21 17:00:49,2026-05-21,4,羽毛球馆-16号,10:00-11:00,1,1,已售/已满,教学时间,晴,25,24,4,0.0,61,39
2026-05-21 17:30:47,2026-05-21,4,羽毛球馆-16号,10:00-11:00,1,1,已售/已满,教学时间,多云,24,23,3,0.0,64,39
2026-05-21 18:00:50,2026-05-21,4,羽毛球馆-16号,10:00-11:00,1,1,已售/已满,教学时间,多云,24,23,3,0.0,68,39
2026-05-21 18:30:50,2026-05-21,4,羽毛球馆-16号,10:00-11:00,1,1,已售/已满,教学时间,阴,24,25,2,0.0,68,40
2026-05-21 19:00:50,2026-05-21,4,羽毛球馆-16号,10:00-11:00,1,1,已售/已满,教学时间,阴,23,23,3,0.0,76,40
2026-05-21 19:30:46,2026-05-21,4,羽毛球馆-16号,10:00-11:00,1,1,已售/已满,教学时间,阴,23,24,2,0.0,77,39
2026-05-21 20:00:49,2026-05-21,4,羽毛球馆-16号,10:00-11:00,1,1,已售/已满,教学时间,雾,22,23,2,0.0,89,39
2026-05-21 20:30:44,2026-05-21,4,羽毛球馆-16号,10:00-11:00,1,1,已售/已满,教学时间,雾,22,24,2,0.0,93,43
2026-05-21 21:00:56,2026-05-21,4,羽毛球馆-16号,10:00-11:00,1,1,已售/已满,教学时间,雾,20,21,2,0.0,98,43
2026-05-21 21:30:46,2026-05-21,4,羽毛球馆-16号,10:00-11:00,1,1,已售/已满,教学时间,雾,20,22,1,0.0,99,41
2026-05-21 22:01:02,2026-05-21,4,羽毛球馆-16号,10:00-11:00,1,1,已售/已满,教学时间,雾,19,20,2,0.0,93,41
2026-05-21 22:30:47,2026-05-21,4,羽毛球馆-16号,10:00-11:00,1,1,已售/已满,教学时间,雾,19,19,3,0.0,88,46
2026-05-21 23:00:56,2026-05-21,4,羽毛球馆-16号,10:00-11:00,1,1,已售/已满,教学时间,多云,18,17,3,0.0,85,46
2026-05-21 23:30:55,2026-05-21,4,羽毛球馆-16号,10:00-11:00,1,1,已售/已满,教学时间,多云,18,17,3,0.0,85,48
2026-05-21 00:30:49,2026-05-21,4,羽毛球馆-16号,11:00-12:00,1,1,已售/已满,教学时间,多云,15,13,3,0.0,100,26
2026-05-21 01:00:55,2026-05-21,4,羽毛球馆-16号,11:00-12:00,1,1,已售/已满,教学时间,多云,15,12,4,0.0,100,26
2026-05-21 01:30:47,2026-05-21,4,羽毛球馆-16号,11:00-12:00,1,1,已售/已满,教学时间,多云,15,13,4,0.0,100,28
2026-05-21 02:00:53,2026-05-21,4,羽毛球馆-16号,11:00-12:00,1,1,已售/已满,教学时间,多云,15,12,4,0.0,100,28
2026-05-21 02:30:49,2026-05-21,4,羽毛球馆-16号,11:00-12:00,1,1,已售/已满,教学时间,多云,15,14,3,0.0,100,29
2026-05-21 03:00:55,2026-05-21,4,羽毛球馆-16号,11:00-12:00,1,1,已售/已满,教学时间,多云,15,12,4,0.0,100,29
2026-05-21 03:30:49,2026-05-21,4,羽毛球馆-16号,11:00-12:00,1,1,已售/已满,教学时间,多云,15,14,3,0.0,100,30
2026-05-21 04:30:45,2026-05-21,4,羽毛球馆-16号,11:00-12:00,1,1,已售/已满,教学时间,多云,15,12,4,0.0,100,29
2026-05-21 05:00:52,2026-05-21,4,羽毛球馆-16号,11:00-12:00,1,1,已售/已满,教学时间,多云,15,12,4,0.0,100,29
2026-05-21 05:30:49,2026-05-21,4,羽毛球馆-16号,11:00-12:00,1,1,已售/已满,教学时间,多云,15,13,3,0.0,100,28
2026-05-21 06:00:50,2026-05-21,4,羽毛球馆-16号,11:00-12:00,1,1,已售/已满,教学时间,多云,15,13,4,0.0,99,28
2026-05-21 06:30:38,2026-05-21,4,羽毛球馆-16号,11:00-12:00,1,1,已售/已满,教学时间,多云,15,13,3,0.0,97,28
2026-05-21 07:00:43,2026-05-21,4,羽毛球馆-16号,11:00-12:00,1,1,已售/已满,教学时间,晴,15,11,5,0.0,93,28
2026-05-21 07:30:39,2026-05-21,4,羽毛球馆-16号,11:00-12:00,1,1,已售/已满,教学时间,晴,17,13,4,0.0,89,29
2026-05-21 07:50:40,2026-05-21,4,羽毛球馆-16号,11:00-12:00,1,1,已售/已满,教学时间,晴,17,13,4,0.0,88,29
2026-05-21 07:53:31,2026-05-21,4,羽毛球馆-16号,11:00-12:00,1,1,已售/已满,教学时间,晴,17,12,5,0.0,86,29
2026-05-21 07:56:31,2026-05-21,4,羽毛球馆-16号,11:00-12:00,1,1,已售/已满,教学时间,晴,17,12,5,0.0,86,29
2026-05-21 07:59:26,2026-05-21,4,羽毛球馆-16号,11:00-12:00,1,1,已售/已满,教学时间,晴,17,12,5,0.0,86,29
2026-05-21 08:00:45,2026-05-21,4,羽毛球馆-16号,11:00-12:00,1,1,已售/已满,教学时间,晴,17,12,5,0.0,86,29
2026-05-21 08:02:30,2026-05-21,4,羽毛球馆-16号,11:00-12:00,1,1,已售/已满,教学时间,多云,17,12,5,0.0,87,29
2026-05-21 08:05:36,2026-05-21,4,羽毛球馆-16号,11:00-12:00,1,1,已售/已满,教学时间,多云,17,12,5,0.0,86,29
2026-05-21 08:08:31,2026-05-21,4,羽毛球馆-16号,11:00-12:00,1,1,已售/已满,教学时间,多云,17,12,5,0.0,86,29
2026-05-21 08:11:30,2026-05-21,4,羽毛球馆-16号,11:00-12:00,1,1,已售/已满,教学时间,多云,17,12,5,0.0,86,29
2026-05-21 08:14:31,2026-05-21,4,羽毛球馆-16号,11:00-12:00,1,1,已售/已满,教学时间,多云,17,12,5,0.0,86,29
2026-05-21 08:17:30,2026-05-21,4,羽毛球馆-16号,11:00-12:00,1,1,已售/已满,教学时间,多云,17,12,5,0.0,86,29
2026-05-21 08:20:35,2026-05-21,4,羽毛球馆-16号,11:00-12:00,1,1,已售/已满,教学时间,多云,17,14,4,0.0,85,29
2026-05-21 08:25:32,2026-05-21,4,羽毛球馆-16号,11:00-12:00,1,1,已售/已满,教学时间,多云,17,14,4,0.0,85,28
2026-05-21 08:30:42,2026-05-21,4,羽毛球馆-16号,11:00-12:00,1,1,已售/已满,教学时间,多云,18,15,4,0.0,84,28
2026-05-21 08:35:31,2026-05-21,4,羽毛球馆-16号,11:00-12:00,1,1,已售/已满,教学时间,多云,18,15,4,0.0,84,28
2026-05-21 08:40:38,2026-05-21,4,羽毛球馆-16号,11:00-12:00,1,1,已售/已满,教学时间,多云,18,15,4,0.0,82,28
2026-05-21 08:45:33,2026-05-21,4,羽毛球馆-16号,11:00-12:00,1,1,已售/已满,教学时间,多云,18,15,4,0.0,82,28
2026-05-21 08:50:36,2026-05-21,4,羽毛球馆-16号,11:00-12:00,1,1,已售/已满,教学时间,多云,18,15,4,0.0,82,28
2026-05-21 08:55:34,2026-05-21,4,羽毛球馆-16号,11:00-12:00,1,1,已售/已满,教学时间,多云,18,15,4,0.0,84,28
2026-05-21 09:00:51,2026-05-21,4,羽毛球馆-16号,11:00-12:00,1,1,已售/已满,教学时间,多云,18,15,4,0.0,84,28
2026-05-21 09:01:59,2026-05-21,4,羽毛球馆-16号,11:00-12:00,1,1,已售/已满,教学时间,多云,18,15,4,0.0,83,28
2026-05-21 09:05:33,2026-05-21,4,羽毛球馆-16号,11:00-12:00,1,1,已售/已满,教学时间,多云,18,15,4,0.0,83,28
2026-05-21 09:20:38,2026-05-21,4,羽毛球馆-16号,11:00-12:00,1,1,已售/已满,教学时间,多云,18,16,3,0.0,81,28
2026-05-21 09:30:46,2026-05-21,4,羽毛球馆-16号,11:00-12:00,1,1,已售/已满,教学时间,多云,18,16,3,0.0,81,32
2026-05-21 09:40:36,2026-05-21,4,羽毛球馆-16号,11:00-12:00,1,1,已售/已满,教学时间,多云,19,17,3,0.0,79,32
2026-05-21 09:50:42,2026-05-21,4,羽毛球馆-16号,11:00-12:00,1,1,已售/已满,教学时间,多云,19,17,4,0.0,81,32
2026-05-21 10:00:46,2026-05-21,4,羽毛球馆-16号,11:00-12:00,1,1,已售/已满,教学时间,多云,19,17,4,0.0,79,32
2026-05-21 10:10:40,2026-05-21,4,羽毛球馆-16号,11:00-12:00,1,1,已售/已满,教学时间,多云,19,17,4,0.0,79,32
2026-05-21 10:20:38,2026-05-21,4,羽毛球馆-16号,11:00-12:00,1,1,已售/已满,教学时间,多云,19,17,4,0.0,79,32
2026-05-21 10:30:41,2026-05-21,4,羽毛球馆-16号,11:00-12:00,1,1,已售/已满,教学时间,多云,19,18,3,0.0,78,31
2026-05-21 11:00:44,2026-05-21,4,羽毛球馆-16号,11:00-12:00,1,1,已售/已满,教学时间,多云,21,17,5,0.0,74,31
2026-05-21 11:30:38,2026-05-21,4,羽毛球馆-16号,11:00-12:00,1,1,已售/已满,教学时间,多云,21,19,3,0.0,72,33
2026-05-21 12:00:46,2026-05-21,4,羽毛球馆-16号,11:00-12:00,1,1,已售/已满,教学时间,多云,22,19,4,0.0,70,33
2026-05-21 12:30:42,2026-05-21,4,羽毛球馆-16号,11:00-12:00,1,1,已售/已满,教学时间,多云,22,21,3,0.0,68,35
2026-05-21 13:00:43,2026-05-21,4,羽毛球馆-16号,11:00-12:00,1,1,已售/已满,教学时间,多云,24,22,4,0.0,66,35
2026-05-21 13:30:43,2026-05-21,4,羽毛球馆-16号,11:00-12:00,1,1,已售/已满,教学时间,多云,24,22,4,0.0,66,36
2026-05-21 14:00:48,2026-05-21,4,羽毛球馆-16号,11:00-12:00,1,1,已售/已满,教学时间,多云,25,23,4,0.0,66,36
2026-05-21 14:30:45,2026-05-21,4,羽毛球馆-16号,11:00-12:00,1,1,已售/已满,教学时间,晴,25,25,3,0.0,65,39
2026-05-21 15:00:45,2026-05-21,4,羽毛球馆-16号,11:00-12:00,1,1,已售/已满,教学时间,晴,25,22,4,0.0,56,39
2026-05-21 15:30:43,2026-05-21,4,羽毛球馆-16号,11:00-12:00,1,1,已售/已满,教学时间,晴,25,23,4,0.0,57,40
2026-05-21 16:00:51,2026-05-21,4,羽毛球馆-16号,11:00-12:00,1,1,已售/已满,教学时间,晴,25,23,4,0.0,57,40
2026-05-21 16:30:48,2026-05-21,4,羽毛球馆-16号,11:00-12:00,1,1,已售/已满,教学时间,晴,25,24,3,0.0,60,39
2026-05-21 17:00:49,2026-05-21,4,羽毛球馆-16号,11:00-12:00,1,1,已售/已满,教学时间,晴,25,24,4,0.0,61,39
2026-05-21 17:30:47,2026-05-21,4,羽毛球馆-16号,11:00-12:00,1,1,已售/已满,教学时间,多云,24,23,3,0.0,64,39
2026-05-21 18:00:50,2026-05-21,4,羽毛球馆-16号,11:00-12:00,1,1,已售/已满,教学时间,多云,24,23,3,0.0,68,39
2026-05-21 18:30:50,2026-05-21,4,羽毛球馆-16号,11:00-12:00,1,1,已售/已满,教学时间,阴,24,25,2,0.0,68,40
2026-05-21 19:00:50,2026-05-21,4,羽毛球馆-16号,11:00-12:00,1,1,已售/已满,教学时间,阴,23,23,3,0.0,76,40
2026-05-21 19:30:46,2026-05-21,4,羽毛球馆-16号,11:00-12:00,1,1,已售/已满,教学时间,阴,23,24,2,0.0,77,39
2026-05-21 20:00:49,2026-05-21,4,羽毛球馆-16号,11:00-12:00,1,1,已售/已满,教学时间,雾,22,23,2,0.0,89,39
2026-05-21 20:30:44,2026-05-21,4,羽毛球馆-16号,11:00-12:00,1,1,已售/已满,教学时间,雾,22,24,2,0.0,93,43
2026-05-21 21:00:56,2026-05-21,4,羽毛球馆-16号,11:00-12:00,1,1,已售/已满,教学时间,雾,20,21,2,0.0,98,43
2026-05-21 21:30:46,2026-05-21,4,羽毛球馆-16号,11:00-12:00,1,1,已售/已满,教学时间,雾,20,22,1,0.0,99,41
2026-05-21 22:01:02,2026-05-21,4,羽毛球馆-16号,11:00-12:00,1,1,已售/已满,教学时间,雾,19,20,2,0.0,93,41
2026-05-21 22:30:47,2026-05-21,4,羽毛球馆-16号,11:00-12:00,1,1,已售/已满,教学时间,雾,19,19,3,0.0,88,46
2026-05-21 23:00:56,2026-05-21,4,羽毛球馆-16号,11:00-12:00,1,1,已售/已满,教学时间,多云,18,17,3,0.0,85,46
2026-05-21 23:30:55,2026-05-21,4,羽毛球馆-16号,11:00-12:00,1,1,已售/已满,教学时间,多云,18,17,3,0.0,85,48
2026-05-21 00:30:49,2026-05-21,4,羽毛球馆-16号,12:00-12:55,1,1,已售/已满,已售,多云,15,13,3,0.0,100,26
2026-05-21 01:00:55,2026-05-21,4,羽毛球馆-16号,12:00-12:55,1,1,已售/已满,已售,多云,15,12,4,0.0,100,26
2026-05-21 01:30:47,2026-05-21,4,羽毛球馆-16号,12:00-12:55,1,1,已售/已满,已售,多云,15,13,4,0.0,100,28
2026-05-21 02:00:53,2026-05-21,4,羽毛球馆-16号,12:00-12:55,1,1,已售/已满,已售,多云,15,12,4,0.0,100,28
2026-05-21 02:30:49,2026-05-21,4,羽毛球馆-16号,12:00-12:55,1,1,已售/已满,已售,多云,15,14,3,0.0,100,29
2026-05-21 03:00:55,2026-05-21,4,羽毛球馆-16号,12:00-12:55,1,1,已售/已满,已售,多云,15,12,4,0.0,100,29
2026-05-21 03:30:49,2026-05-21,4,羽毛球馆-16号,12:00-12:55,1,1,已售/已满,已售,多云,15,14,3,0.0,100,30
2026-05-21 04:30:45,2026-05-21,4,羽毛球馆-16号,12:00-12:55,1,1,已售/已满,已售,多云,15,12,4,0.0,100,29
2026-05-21 05:00:52,2026-05-21,4,羽毛球馆-16号,12:00-12:55,1,1,已售/已满,已售,多云,15,12,4,0.0,100,29
2026-05-21 05:30:49,2026-05-21,4,羽毛球馆-16号,12:00-12:55,1,1,已售/已满,已售,多云,15,13,3,0.0,100,28
2026-05-21 06:00:50,2026-05-21,4,羽毛球馆-16号,12:00-12:55,1,1,已售/已满,已售,多云,15,13,4,0.0,99,28
2026-05-21 06:30:38,2026-05-21,4,羽毛球馆-16号,12:00-12:55,1,1,已售/已满,已售,多云,15,13,3,0.0,97,28
2026-05-21 07:00:43,2026-05-21,4,羽毛球馆-16号,12:00-12:55,1,1,已售/已满,已售,晴,15,11,5,0.0,93,28
2026-05-21 07:30:39,2026-05-21,4,羽毛球馆-16号,12:00-12:55,1,1,已售/已满,已售,晴,17,13,4,0.0,89,29
2026-05-21 07:50:40,2026-05-21,4,羽毛球馆-16号,12:00-12:55,1,1,已售/已满,已售,晴,17,13,4,0.0,88,29
2026-05-21 07:53:31,2026-05-21,4,羽毛球馆-16号,12:00-12:55,1,1,已售/已满,已售,晴,17,12,5,0.0,86,29
2026-05-21 07:56:31,2026-05-21,4,羽毛球馆-16号,12:00-12:55,1,1,已售/已满,已售,晴,17,12,5,0.0,86,29
2026-05-21 07:59:26,2026-05-21,4,羽毛球馆-16号,12:00-12:55,1,1,已售/已满,已售,晴,17,12,5,0.0,86,29
2026-05-21 08:00:45,2026-05-21,4,羽毛球馆-16号,12:00-12:55,1,1,已售/已满,已售,晴,17,12,5,0.0,86,29
2026-05-21 08:02:30,2026-05-21,4,羽毛球馆-16号,12:00-12:55,1,1,已售/已满,已售,多云,17,12,5,0.0,87,29
2026-05-21 08:05:36,2026-05-21,4,羽毛球馆-16号,12:00-12:55,1,1,已售/已满,已售,多云,17,12,5,0.0,86,29
2026-05-21 08:08:31,2026-05-21,4,羽毛球馆-16号,12:00-12:55,1,1,已售/已满,已售,多云,17,12,5,0.0,86,29
2026-05-21 08:11:30,2026-05-21,4,羽毛球馆-16号,12:00-12:55,1,1,已售/已满,已售,多云,17,12,5,0.0,86,29
2026-05-21 08:14:31,2026-05-21,4,羽毛球馆-16号,12:00-12:55,1,1,已售/已满,已售,多云,17,12,5,0.0,86,29
2026-05-21 08:17:30,2026-05-21,4,羽毛球馆-16号,12:00-12:55,1,1,已售/已满,已售,多云,17,12,5,0.0,86,29
2026-05-21 08:20:35,2026-05-21,4,羽毛球馆-16号,12:00-12:55,1,1,已售/已满,已售,多云,17,14,4,0.0,85,29
2026-05-21 08:25:32,2026-05-21,4,羽毛球馆-16号,12:00-12:55,1,1,已售/已满,已售,多云,17,14,4,0.0,85,28
2026-05-21 08:30:42,2026-05-21,4,羽毛球馆-16号,12:00-12:55,1,1,已售/已满,已售,多云,18,15,4,0.0,84,28
2026-05-21 08:35:31,2026-05-21,4,羽毛球馆-16号,12:00-12:55,1,1,已售/已满,已售,多云,18,15,4,0.0,84,28
2026-05-21 08:40:38,2026-05-21,4,羽毛球馆-16号,12:00-12:55,1,1,已售/已满,已售,多云,18,15,4,0.0,82,28
2026-05-21 08:45:33,2026-05-21,4,羽毛球馆-16号,12:00-12:55,1,1,已售/已满,已售,多云,18,15,4,0.0,82,28
2026-05-21 08:50:36,2026-05-21,4,羽毛球馆-16号,12:00-12:55,1,1,已售/已满,已售,多云,18,15,4,0.0,82,28
2026-05-21 08:55:34,2026-05-21,4,羽毛球馆-16号,12:00-12:55,1,1,已售/已满,已售,多云,18,15,4,0.0,84,28
2026-05-21 09:00:51,2026-05-21,4,羽毛球馆-16号,12:00-12:55,1,1,已售/已满,已售,多云,18,15,4,0.0,84,28
2026-05-21 09:01:59,2026-05-21,4,羽毛球馆-16号,12:00-12:55,1,1,已售/已满,已售,多云,18,15,4,0.0,83,28
2026-05-21 09:05:33,2026-05-21,4,羽毛球馆-16号,12:00-12:55,1,1,已售/已满,已售,多云,18,15,4,0.0,83,28
2026-05-21 09:20:38,2026-05-21,4,羽毛球馆-16号,12:00-12:55,1,1,已售/已满,已售,多云,18,16,3,0.0,81,28
2026-05-21 09:30:46,2026-05-21,4,羽毛球馆-16号,12:00-12:55,1,1,已售/已满,已售,多云,18,16,3,0.0,81,32
2026-05-21 09:40:36,2026-05-21,4,羽毛球馆-16号,12:00-12:55,1,1,已售/已满,已售,多云,19,17,3,0.0,79,32
2026-05-21 09:50:42,2026-05-21,4,羽毛球馆-16号,12:00-12:55,1,1,已售/已满,已售,多云,19,17,4,0.0,81,32
2026-05-21 10:00:46,2026-05-21,4,羽毛球馆-16号,12:00-12:55,1,1,已售/已满,已售,多云,19,17,4,0.0,79,32
2026-05-21 10:10:40,2026-05-21,4,羽毛球馆-16号,12:00-12:55,1,1,已售/已满,已售,多云,19,17,4,0.0,79,32
2026-05-21 10:20:38,2026-05-21,4,羽毛球馆-16号,12:00-12:55,1,1,已售/已满,已售,多云,19,17,4,0.0,79,32
2026-05-21 10:30:41,2026-05-21,4,羽毛球馆-16号,12:00-12:55,1,1,已售/已满,已售,多云,19,18,3,0.0,78,31
2026-05-21 11:00:44,2026-05-21,4,羽毛球馆-16号,12:00-12:55,1,1,已售/已满,已售,多云,21,17,5,0.0,74,31
2026-05-21 11:30:38,2026-05-21,4,羽毛球馆-16号,12:00-12:55,1,1,已售/已满,已售,多云,21,19,3,0.0,72,33
2026-05-21 12:00:46,2026-05-21,4,羽毛球馆-16号,12:00-12:55,1,1,已售/已满,已售,多云,22,19,4,0.0,70,33
2026-05-21 12:30:42,2026-05-21,4,羽毛球馆-16号,12:00-12:55,1,1,已售/已满,已售,多云,22,21,3,0.0,68,35
2026-05-21 13:00:43,2026-05-21,4,羽毛球馆-16号,12:00-12:55,1,1,已售/已满,已售,多云,24,22,4,0.0,66,35
2026-05-21 13:30:43,2026-05-21,4,羽毛球馆-16号,12:00-12:55,1,1,已售/已满,已售,多云,24,22,4,0.0,66,36
2026-05-21 14:00:48,2026-05-21,4,羽毛球馆-16号,12:00-12:55,1,1,已售/已满,已售,多云,25,23,4,0.0,66,36
2026-05-21 14:30:45,2026-05-21,4,羽毛球馆-16号,12:00-12:55,1,1,已售/已满,已售,晴,25,25,3,0.0,65,39
2026-05-21 15:00:45,2026-05-21,4,羽毛球馆-16号,12:00-12:55,1,1,已售/已满,已售,晴,25,22,4,0.0,56,39
2026-05-21 15:30:43,2026-05-21,4,羽毛球馆-16号,12:00-12:55,1,1,已售/已满,已售,晴,25,23,4,0.0,57,40
2026-05-21 16:00:51,2026-05-21,4,羽毛球馆-16号,12:00-12:55,1,1,已售/已满,已售,晴,25,23,4,0.0,57,40
2026-05-21 16:30:48,2026-05-21,4,羽毛球馆-16号,12:00-12:55,1,1,已售/已满,已售,晴,25,24,3,0.0,60,39
2026-05-21 17:00:49,2026-05-21,4,羽毛球馆-16号,12:00-12:55,1,1,已售/已满,已售,晴,25,24,4,0.0,61,39
2026-05-21 17:30:47,2026-05-21,4,羽毛球馆-16号,12:00-12:55,1,1,已售/已满,已售,多云,24,23,3,0.0,64,39
2026-05-21 18:00:50,2026-05-21,4,羽毛球馆-16号,12:00-12:55,1,1,已售/已满,已售,多云,24,23,3,0.0,68,39
2026-05-21 18:30:50,2026-05-21,4,羽毛球馆-16号,12:00-12:55,1,1,已售/已满,已售,阴,24,25,2,0.0,68,40
2026-05-21 19:00:50,2026-05-21,4,羽毛球馆-16号,12:00-12:55,1,1,已售/已满,已售,阴,23,23,3,0.0,76,40
2026-05-21 19:30:46,2026-05-21,4,羽毛球馆-16号,12:00-12:55,1,1,已售/已满,已售,阴,23,24,2,0.0,77,39
2026-05-21 20:00:49,2026-05-21,4,羽毛球馆-16号,12:00-12:55,1,1,已售/已满,已售,雾,22,23,2,0.0,89,39
2026-05-21 20:30:44,2026-05-21,4,羽毛球馆-16号,12:00-12:55,1,1,已售/已满,已售,雾,22,24,2,0.0,93,43
2026-05-21 21:00:56,2026-05-21,4,羽毛球馆-16号,12:00-12:55,1,1,已售/已满,已售,雾,20,21,2,0.0,98,43
2026-05-21 21:30:46,2026-05-21,4,羽毛球馆-16号,12:00-12:55,1,1,已售/已满,已售,雾,20,22,1,0.0,99,41
2026-05-21 22:01:02,2026-05-21,4,羽毛球馆-16号,12:00-12:55,1,1,已售/已满,已售,雾,19,20,2,0.0,93,41
2026-05-21 22:30:47,2026-05-21,4,羽毛球馆-16号,12:00-12:55,1,1,已售/已满,已售,雾,19,19,3,0.0,88,46
2026-05-21 23:00:56,2026-05-21,4,羽毛球馆-16号,12:00-12:55,1,1,已售/已满,已售,多云,18,17,3,0.0,85,46
2026-05-21 23:30:55,2026-05-21,4,羽毛球馆-16号,12:00-12:55,1,1,已售/已满,已售,多云,18,17,3,0.0,85,48
2026-05-21 00:30:49,2026-05-21,4,羽毛球馆-16号,12:55-13:50,1,1,已售/已满,已售,多云,15,13,3,0.0,100,26
2026-05-21 01:00:55,2026-05-21,4,羽毛球馆-16号,12:55-13:50,1,1,已售/已满,已售,多云,15,12,4,0.0,100,26
2026-05-21 01:30:47,2026-05-21,4,羽毛球馆-16号,12:55-13:50,1,1,已售/已满,已售,多云,15,13,4,0.0,100,28
2026-05-21 02:00:53,2026-05-21,4,羽毛球馆-16号,12:55-13:50,1,1,已售/已满,已售,多云,15,12,4,0.0,100,28
2026-05-21 02:30:49,2026-05-21,4,羽毛球馆-16号,12:55-13:50,1,1,已售/已满,已售,多云,15,14,3,0.0,100,29
2026-05-21 03:00:55,2026-05-21,4,羽毛球馆-16号,12:55-13:50,1,1,已售/已满,已售,多云,15,12,4,0.0,100,29
2026-05-21 03:30:49,2026-05-21,4,羽毛球馆-16号,12:55-13:50,1,1,已售/已满,已售,多云,15,14,3,0.0,100,30
2026-05-21 04:30:45,2026-05-21,4,羽毛球馆-16号,12:55-13:50,1,1,已售/已满,已售,多云,15,12,4,0.0,100,29
2026-05-21 05:00:52,2026-05-21,4,羽毛球馆-16号,12:55-13:50,1,1,已售/已满,已售,多云,15,12,4,0.0,100,29
2026-05-21 05:30:49,2026-05-21,4,羽毛球馆-16号,12:55-13:50,1,1,已售/已满,已售,多云,15,13,3,0.0,100,28
2026-05-21 06:00:50,2026-05-21,4,羽毛球馆-16号,12:55-13:50,1,1,已售/已满,已售,多云,15,13,4,0.0,99,28
2026-05-21 06:30:38,2026-05-21,4,羽毛球馆-16号,12:55-13:50,1,1,已售/已满,已售,多云,15,13,3,0.0,97,28
2026-05-21 07:00:43,2026-05-21,4,羽毛球馆-16号,12:55-13:50,1,1,已售/已满,已售,晴,15,11,5,0.0,93,28
2026-05-21 07:30:39,2026-05-21,4,羽毛球馆-16号,12:55-13:50,1,1,已售/已满,已售,晴,17,13,4,0.0,89,29
2026-05-21 07:50:40,2026-05-21,4,羽毛球馆-16号,12:55-13:50,1,1,已售/已满,已售,晴,17,13,4,0.0,88,29
2026-05-21 07:53:31,2026-05-21,4,羽毛球馆-16号,12:55-13:50,1,1,已售/已满,已售,晴,17,12,5,0.0,86,29
2026-05-21 07:56:31,2026-05-21,4,羽毛球馆-16号,12:55-13:50,1,1,已售/已满,已售,晴,17,12,5,0.0,86,29
2026-05-21 07:59:26,2026-05-21,4,羽毛球馆-16号,12:55-13:50,1,1,已售/已满,已售,晴,17,12,5,0.0,86,29
2026-05-21 08:00:45,2026-05-21,4,羽毛球馆-16号,12:55-13:50,1,1,已售/已满,已售,晴,17,12,5,0.0,86,29
2026-05-21 08:02:30,2026-05-21,4,羽毛球馆-16号,12:55-13:50,1,1,已售/已满,已售,多云,17,12,5,0.0,87,29
2026-05-21 08:05:36,2026-05-21,4,羽毛球馆-16号,12:55-13:50,1,1,已售/已满,已售,多云,17,12,5,0.0,86,29
2026-05-21 08:08:31,2026-05-21,4,羽毛球馆-16号,12:55-13:50,1,1,已售/已满,已售,多云,17,12,5,0.0,86,29
2026-05-21 08:11:30,2026-05-21,4,羽毛球馆-16号,12:55-13:50,1,1,已售/已满,已售,多云,17,12,5,0.0,86,29
2026-05-21 08:14:31,2026-05-21,4,羽毛球馆-16号,12:55-13:50,1,1,已售/已满,已售,多云,17,12,5,0.0,86,29
2026-05-21 08:17:30,2026-05-21,4,羽毛球馆-16号,12:55-13:50,1,1,已售/已满,已售,多云,17,12,5,0.0,86,29
2026-05-21 08:20:35,2026-05-21,4,羽毛球馆-16号,12:55-13:50,1,1,已售/已满,已售,多云,17,14,4,0.0,85,29
2026-05-21 08:25:32,2026-05-21,4,羽毛球馆-16号,12:55-13:50,1,1,已售/已满,已售,多云,17,14,4,0.0,85,28
2026-05-21 08:30:42,2026-05-21,4,羽毛球馆-16号,12:55-13:50,1,1,已售/已满,已售,多云,18,15,4,0.0,84,28
2026-05-21 08:35:31,2026-05-21,4,羽毛球馆-16号,12:55-13:50,1,1,已售/已满,已售,多云,18,15,4,0.0,84,28
2026-05-21 08:40:38,2026-05-21,4,羽毛球馆-16号,12:55-13:50,1,1,已售/已满,已售,多云,18,15,4,0.0,82,28
2026-05-21 08:45:33,2026-05-21,4,羽毛球馆-16号,12:55-13:50,1,1,已售/已满,已售,多云,18,15,4,0.0,82,28
2026-05-21 08:50:36,2026-05-21,4,羽毛球馆-16号,12:55-13:50,1,1,已售/已满,已售,多云,18,15,4,0.0,82,28
2026-05-21 08:55:34,2026-05-21,4,羽毛球馆-16号,12:55-13:50,1,1,已售/已满,已售,多云,18,15,4,0.0,84,28
2026-05-21 09:00:51,2026-05-21,4,羽毛球馆-16号,12:55-13:50,1,1,已售/已满,已售,多云,18,15,4,0.0,84,28
2026-05-21 09:01:59,2026-05-21,4,羽毛球馆-16号,12:55-13:50,1,1,已售/已满,已售,多云,18,15,4,0.0,83,28
2026-05-21 09:05:33,2026-05-21,4,羽毛球馆-16号,12:55-13:50,1,1,已售/已满,已售,多云,18,15,4,0.0,83,28
2026-05-21 09:20:38,2026-05-21,4,羽毛球馆-16号,12:55-13:50,1,1,已售/已满,已售,多云,18,16,3,0.0,81,28
2026-05-21 09:30:46,2026-05-21,4,羽毛球馆-16号,12:55-13:50,1,1,已售/已满,已售,多云,18,16,3,0.0,81,32
2026-05-21 09:40:36,2026-05-21,4,羽毛球馆-16号,12:55-13:50,1,1,已售/已满,已售,多云,19,17,3,0.0,79,32
2026-05-21 09:50:42,2026-05-21,4,羽毛球馆-16号,12:55-13:50,1,1,已售/已满,已售,多云,19,17,4,0.0,81,32
2026-05-21 10:00:46,2026-05-21,4,羽毛球馆-16号,12:55-13:50,1,1,已售/已满,已售,多云,19,17,4,0.0,79,32
2026-05-21 10:10:40,2026-05-21,4,羽毛球馆-16号,12:55-13:50,1,1,已售/已满,已售,多云,19,17,4,0.0,79,32
2026-05-21 10:20:38,2026-05-21,4,羽毛球馆-16号,12:55-13:50,1,1,已售/已满,已售,多云,19,17,4,0.0,79,32
2026-05-21 10:30:41,2026-05-21,4,羽毛球馆-16号,12:55-13:50,1,1,已售/已满,已售,多云,19,18,3,0.0,78,31
2026-05-21 11:00:44,2026-05-21,4,羽毛球馆-16号,12:55-13:50,1,1,已售/已满,已售,多云,21,17,5,0.0,74,31
2026-05-21 11:30:38,2026-05-21,4,羽毛球馆-16号,12:55-13:50,1,1,已售/已满,已售,多云,21,19,3,0.0,72,33
2026-05-21 12:00:46,2026-05-21,4,羽毛球馆-16号,12:55-13:50,1,1,已售/已满,已售,多云,22,19,4,0.0,70,33
2026-05-21 12:30:42,2026-05-21,4,羽毛球馆-16号,12:55-13:50,1,1,已售/已满,已售,多云,22,21,3,0.0,68,35
2026-05-21 13:00:43,2026-05-21,4,羽毛球馆-16号,12:55-13:50,1,1,已售/已满,已售,多云,24,22,4,0.0,66,35
2026-05-21 13:30:43,2026-05-21,4,羽毛球馆-16号,12:55-13:50,1,1,已售/已满,已售,多云,24,22,4,0.0,66,36
2026-05-21 14:00:48,2026-05-21,4,羽毛球馆-16号,12:55-13:50,1,1,已售/已满,已售,多云,25,23,4,0.0,66,36
2026-05-21 14:30:45,2026-05-21,4,羽毛球馆-16号,12:55-13:50,1,1,已售/已满,已售,晴,25,25,3,0.0,65,39
2026-05-21 15:00:45,2026-05-21,4,羽毛球馆-16号,12:55-13:50,1,1,已售/已满,已售,晴,25,22,4,0.0,56,39
2026-05-21 15:30:43,2026-05-21,4,羽毛球馆-16号,12:55-13:50,1,1,已售/已满,已售,晴,25,23,4,0.0,57,40
2026-05-21 16:00:51,2026-05-21,4,羽毛球馆-16号,12:55-13:50,1,1,已售/已满,已售,晴,25,23,4,0.0,57,40
2026-05-21 16:30:48,2026-05-21,4,羽毛球馆-16号,12:55-13:50,1,1,已售/已满,已售,晴,25,24,3,0.0,60,39
2026-05-21 17:00:49,2026-05-21,4,羽毛球馆-16号,12:55-13:50,1,1,已售/已满,已售,晴,25,24,4,0.0,61,39
2026-05-21 17:30:47,2026-05-21,4,羽毛球馆-16号,12:55-13:50,1,1,已售/已满,已售,多云,24,23,3,0.0,64,39
2026-05-21 18:00:50,2026-05-21,4,羽毛球馆-16号,12:55-13:50,1,1,已售/已满,已售,多云,24,23,3,0.0,68,39
2026-05-21 18:30:50,2026-05-21,4,羽毛球馆-16号,12:55-13:50,1,1,已售/已满,已售,阴,24,25,2,0.0,68,40
2026-05-21 19:00:50,2026-05-21,4,羽毛球馆-16号,12:55-13:50,1,1,已售/已满,已售,阴,23,23,3,0.0,76,40
2026-05-21 19:30:46,2026-05-21,4,羽毛球馆-16号,12:55-13:50,1,1,已售/已满,已售,阴,23,24,2,0.0,77,39
2026-05-21 20:00:49,2026-05-21,4,羽毛球馆-16号,12:55-13:50,1,1,已售/已满,已售,雾,22,23,2,0.0,89,39
2026-05-21 20:30:44,2026-05-21,4,羽毛球馆-16号,12:55-13:50,1,1,已售/已满,已售,雾,22,24,2,0.0,93,43
2026-05-21 21:00:56,2026-05-21,4,羽毛球馆-16号,12:55-13:50,1,1,已售/已满,已售,雾,20,21,2,0.0,98,43
2026-05-21 21:30:46,2026-05-21,4,羽毛球馆-16号,12:55-13:50,1,1,已售/已满,已售,雾,20,22,1,0.0,99,41
2026-05-21 22:01:02,2026-05-21,4,羽毛球馆-16号,12:55-13:50,1,1,已售/已满,已售,雾,19,20,2,0.0,93,41
2026-05-21 22:30:47,2026-05-21,4,羽毛球馆-16号,12:55-13:50,1,1,已售/已满,已售,雾,19,19,3,0.0,88,46
2026-05-21 23:00:56,2026-05-21,4,羽毛球馆-16号,12:55-13:50,1,1,已售/已满,已售,多云,18,17,3,0.0,85,46
2026-05-21 23:30:55,2026-05-21,4,羽毛球馆-16号,12:55-13:50,1,1,已售/已满,已售,多云,18,17,3,0.0,85,48
2026-05-21 00:30:49,2026-05-21,4,羽毛球馆-16号,14:00-15:00,0,1,可预约,￥12.0,多云,15,13,3,0.0,100,26
2026-05-21 01:00:55,2026-05-21,4,羽毛球馆-16号,14:00-15:00,0,1,可预约,￥12.0,多云,15,12,4,0.0,100,26
2026-05-21 01:30:47,2026-05-21,4,羽毛球馆-16号,14:00-15:00,0,1,可预约,￥12.0,多云,15,13,4,0.0,100,28
2026-05-21 02:00:53,2026-05-21,4,羽毛球馆-16号,14:00-15:00,0,1,可预约,￥12.0,多云,15,12,4,0.0,100,28
2026-05-21 02:30:49,2026-05-21,4,羽毛球馆-16号,14:00-15:00,0,1,可预约,￥12.0,多云,15,14,3,0.0,100,29
2026-05-21 03:00:55,2026-05-21,4,羽毛球馆-16号,14:00-15:00,0,1,可预约,￥12.0,多云,15,12,4,0.0,100,29
2026-05-21 03:30:49,2026-05-21,4,羽毛球馆-16号,14:00-15:00,0,1,可预约,￥12.0,多云,15,14,3,0.0,100,30
2026-05-21 04:30:45,2026-05-21,4,羽毛球馆-16号,14:00-15:00,0,1,可预约,￥12.0,多云,15,12,4,0.0,100,29
2026-05-21 05:00:52,2026-05-21,4,羽毛球馆-16号,14:00-15:00,0,1,可预约,￥12.0,多云,15,12,4,0.0,100,29
2026-05-21 05:30:49,2026-05-21,4,羽毛球馆-16号,14:00-15:00,0,1,可预约,￥12.0,多云,15,13,3,0.0,100,28
2026-05-21 06:00:50,2026-05-21,4,羽毛球馆-16号,14:00-15:00,0,1,可预约,￥12.0,多云,15,13,4,0.0,99,28
2026-05-21 06:30:38,2026-05-21,4,羽毛球馆-16号,14:00-15:00,0,1,可预约,￥12.0,多云,15,13,3,0.0,97,28
2026-05-21 07:00:43,2026-05-21,4,羽毛球馆-16号,14:00-15:00,0,1,可预约,￥12.0,晴,15,11,5,0.0,93,28
2026-05-21 07:30:39,2026-05-21,4,羽毛球馆-16号,14:00-15:00,0,1,可预约,￥12.0,晴,17,13,4,0.0,89,29
2026-05-21 07:50:40,2026-05-21,4,羽毛球馆-16号,14:00-15:00,0,1,可预约,￥12.0,晴,17,13,4,0.0,88,29
2026-05-21 07:53:31,2026-05-21,4,羽毛球馆-16号,14:00-15:00,0,1,可预约,￥12.0,晴,17,12,5,0.0,86,29
2026-05-21 07:56:31,2026-05-21,4,羽毛球馆-16号,14:00-15:00,0,1,可预约,￥12.0,晴,17,12,5,0.0,86,29
2026-05-21 07:59:26,2026-05-21,4,羽毛球馆-16号,14:00-15:00,0,1,可预约,￥12.0,晴,17,12,5,0.0,86,29
2026-05-21 08:00:45,2026-05-21,4,羽毛球馆-16号,14:00-15:00,0,1,可预约,￥12.0,晴,17,12,5,0.0,86,29
2026-05-21 08:02:30,2026-05-21,4,羽毛球馆-16号,14:00-15:00,0,1,可预约,￥12.0,多云,17,12,5,0.0,87,29
2026-05-21 08:05:36,2026-05-21,4,羽毛球馆-16号,14:00-15:00,0,1,可预约,￥12.0,多云,17,12,5,0.0,86,29
2026-05-21 08:08:31,2026-05-21,4,羽毛球馆-16号,14:00-15:00,0,1,可预约,￥12.0,多云,17,12,5,0.0,86,29
2026-05-21 08:11:30,2026-05-21,4,羽毛球馆-16号,14:00-15:00,0,1,可预约,￥12.0,多云,17,12,5,0.0,86,29
2026-05-21 08:14:31,2026-05-21,4,羽毛球馆-16号,14:00-15:00,0,1,可预约,￥12.0,多云,17,12,5,0.0,86,29
2026-05-21 08:17:30,2026-05-21,4,羽毛球馆-16号,14:00-15:00,0,1,可预约,￥12.0,多云,17,12,5,0.0,86,29
2026-05-21 08:20:35,2026-05-21,4,羽毛球馆-16号,14:00-15:00,0,1,可预约,￥12.0,多云,17,14,4,0.0,85,29
2026-05-21 08:25:32,2026-05-21,4,羽毛球馆-16号,14:00-15:00,0,1,可预约,￥12.0,多云,17,14,4,0.0,85,28
2026-05-21 08:30:42,2026-05-21,4,羽毛球馆-16号,14:00-15:00,0,1,可预约,￥12.0,多云,18,15,4,0.0,84,28
2026-05-21 08:35:31,2026-05-21,4,羽毛球馆-16号,14:00-15:00,0,1,可预约,￥12.0,多云,18,15,4,0.0,84,28
2026-05-21 08:40:38,2026-05-21,4,羽毛球馆-16号,14:00-15:00,0,1,可预约,￥12.0,多云,18,15,4,0.0,82,28
2026-05-21 08:45:33,2026-05-21,4,羽毛球馆-16号,14:00-15:00,0,1,可预约,￥12.0,多云,18,15,4,0.0,82,28
2026-05-21 08:50:36,2026-05-21,4,羽毛球馆-16号,14:00-15:00,0,1,可预约,￥12.0,多云,18,15,4,0.0,82,28
2026-05-21 08:55:34,2026-05-21,4,羽毛球馆-16号,14:00-15:00,0,1,可预约,￥12.0,多云,18,15,4,0.0,84,28
2026-05-21 09:00:51,2026-05-21,4,羽毛球馆-16号,14:00-15:00,0,1,可预约,￥12.0,多云,18,15,4,0.0,84,28
2026-05-21 09:01:59,2026-05-21,4,羽毛球馆-16号,14:00-15:00,0,1,可预约,￥12.0,多云,18,15,4,0.0,83,28
2026-05-21 09:05:33,2026-05-21,4,羽毛球馆-16号,14:00-15:00,0,1,可预约,￥12.0,多云,18,15,4,0.0,83,28
2026-05-21 09:20:38,2026-05-21,4,羽毛球馆-16号,14:00-15:00,0,1,可预约,￥12.0,多云,18,16,3,0.0,81,28
2026-05-21 09:30:46,2026-05-21,4,羽毛球馆-16号,14:00-15:00,0,1,可预约,￥12.0,多云,18,16,3,0.0,81,32
2026-05-21 09:40:36,2026-05-21,4,羽毛球馆-16号,14:00-15:00,0,1,可预约,￥12.0,多云,19,17,3,0.0,79,32
2026-05-21 09:50:42,2026-05-21,4,羽毛球馆-16号,14:00-15:00,0,1,可预约,￥12.0,多云,19,17,4,0.0,81,32
2026-05-21 10:00:46,2026-05-21,4,羽毛球馆-16号,14:00-15:00,0,1,可预约,￥12.0,多云,19,17,4,0.0,79,32
2026-05-21 10:10:40,2026-05-21,4,羽毛球馆-16号,14:00-15:00,0,1,可预约,￥12.0,多云,19,17,4,0.0,79,32
2026-05-21 10:20:38,2026-05-21,4,羽毛球馆-16号,14:00-15:00,0,1,可预约,￥12.0,多云,19,17,4,0.0,79,32
2026-05-21 10:30:41,2026-05-21,4,羽毛球馆-16号,14:00-15:00,0,1,可预约,￥12.0,多云,19,18,3,0.0,78,31
2026-05-21 11:00:44,2026-05-21,4,羽毛球馆-16号,14:00-15:00,0,1,可预约,￥12.0,多云,21,17,5,0.0,74,31
2026-05-21 11:30:38,2026-05-21,4,羽毛球馆-16号,14:00-15:00,0,1,可预约,￥12.0,多云,21,19,3,0.0,72,33
2026-05-21 12:00:46,2026-05-21,4,羽毛球馆-16号,14:00-15:00,0,1,可预约,￥12.0,多云,22,19,4,0.0,70,33
2026-05-21 12:30:42,2026-05-21,4,羽毛球馆-16号,14:00-15:00,0,1,可预约,￥12.0,多云,22,21,3,0.0,68,35
2026-05-21 13:00:43,2026-05-21,4,羽毛球馆-16号,14:00-15:00,0,1,可预约,￥12.0,多云,24,22,4,0.0,66,35
2026-05-21 13:30:43,2026-05-21,4,羽毛球馆-16号,14:00-15:00,0,1,可预约,￥12.0,多云,24,22,4,0.0,66,36
2026-05-21 14:00:48,2026-05-21,4,羽毛球馆-16号,14:00-15:00,0,1,可预约,￥12.0,多云,25,23,4,0.0,66,36
2026-05-21 14:30:45,2026-05-21,4,羽毛球馆-16号,14:00-15:00,0,1,可预约,￥12.0,晴,25,25,3,0.0,65,39
2026-05-21 15:00:45,2026-05-21,4,羽毛球馆-16号,14:00-15:00,0,1,不开放/已过期,,晴,25,22,4,0.0,56,39
2026-05-21 15:30:43,2026-05-21,4,羽毛球馆-16号,14:00-15:00,0,1,不开放/已过期,,晴,25,23,4,0.0,57,40
2026-05-21 16:00:51,2026-05-21,4,羽毛球馆-16号,14:00-15:00,0,1,不开放/已过期,,晴,25,23,4,0.0,57,40
2026-05-21 16:30:48,2026-05-21,4,羽毛球馆-16号,14:00-15:00,0,1,不开放/已过期,,晴,25,24,3,0.0,60,39
2026-05-21 17:00:49,2026-05-21,4,羽毛球馆-16号,14:00-15:00,0,1,不开放/已过期,,晴,25,24,4,0.0,61,39
2026-05-21 17:30:47,2026-05-21,4,羽毛球馆-16号,14:00-15:00,0,1,不开放/已过期,,多云,24,23,3,0.0,64,39
2026-05-21 18:00:50,2026-05-21,4,羽毛球馆-16号,14:00-15:00,0,1,不开放/已过期,,多云,24,23,3,0.0,68,39
2026-05-21 18:30:50,2026-05-21,4,羽毛球馆-16号,14:00-15:00,0,1,不开放/已过期,,阴,24,25,2,0.0,68,40
2026-05-21 19:00:50,2026-05-21,4,羽毛球馆-16号,14:00-15:00,0,1,不开放/已过期,,阴,23,23,3,0.0,76,40
2026-05-21 19:30:46,2026-05-21,4,羽毛球馆-16号,14:00-15:00,0,1,不开放/已过期,,阴,23,24,2,0.0,77,39
2026-05-21 20:00:49,2026-05-21,4,羽毛球馆-16号,14:00-15:00,0,1,不开放/已过期,,雾,22,23,2,0.0,89,39
2026-05-21 20:30:44,2026-05-21,4,羽毛球馆-16号,14:00-15:00,0,1,不开放/已过期,,雾,22,24,2,0.0,93,43
2026-05-21 21:00:56,2026-05-21,4,羽毛球馆-16号,14:00-15:00,0,1,不开放/已过期,,雾,20,21,2,0.0,98,43
2026-05-21 21:30:46,2026-05-21,4,羽毛球馆-16号,14:00-15:00,0,1,不开放/已过期,,雾,20,22,1,0.0,99,41
2026-05-21 22:01:02,2026-05-21,4,羽毛球馆-16号,14:00-15:00,0,1,不开放/已过期,,雾,19,20,2,0.0,93,41
2026-05-21 22:30:47,2026-05-21,4,羽毛球馆-16号,14:00-15:00,0,1,不开放/已过期,,雾,19,19,3,0.0,88,46
2026-05-21 23:00:56,2026-05-21,4,羽毛球馆-16号,14:00-15:00,0,1,不开放/已过期,,多云,18,17,3,0.0,85,46
2026-05-21 23:30:55,2026-05-21,4,羽毛球馆-16号,14:00-15:00,0,1,不开放/已过期,,多云,18,17,3,0.0,85,48
2026-05-21 00:30:49,2026-05-21,4,羽毛球馆-16号,15:00-16:00,1,1,已售/已满,已售,多云,15,13,3,0.0,100,26
2026-05-21 01:00:55,2026-05-21,4,羽毛球馆-16号,15:00-16:00,1,1,已售/已满,已售,多云,15,12,4,0.0,100,26
2026-05-21 01:30:47,2026-05-21,4,羽毛球馆-16号,15:00-16:00,1,1,已售/已满,已售,多云,15,13,4,0.0,100,28
2026-05-21 02:00:53,2026-05-21,4,羽毛球馆-16号,15:00-16:00,1,1,已售/已满,已售,多云,15,12,4,0.0,100,28
2026-05-21 02:30:49,2026-05-21,4,羽毛球馆-16号,15:00-16:00,1,1,已售/已满,已售,多云,15,14,3,0.0,100,29
2026-05-21 03:00:55,2026-05-21,4,羽毛球馆-16号,15:00-16:00,1,1,已售/已满,已售,多云,15,12,4,0.0,100,29
2026-05-21 03:30:49,2026-05-21,4,羽毛球馆-16号,15:00-16:00,1,1,已售/已满,已售,多云,15,14,3,0.0,100,30
2026-05-21 04:30:45,2026-05-21,4,羽毛球馆-16号,15:00-16:00,1,1,已售/已满,已售,多云,15,12,4,0.0,100,29
2026-05-21 05:00:52,2026-05-21,4,羽毛球馆-16号,15:00-16:00,1,1,已售/已满,已售,多云,15,12,4,0.0,100,29
2026-05-21 05:30:49,2026-05-21,4,羽毛球馆-16号,15:00-16:00,1,1,已售/已满,已售,多云,15,13,3,0.0,100,28
2026-05-21 06:00:50,2026-05-21,4,羽毛球馆-16号,15:00-16:00,1,1,已售/已满,已售,多云,15,13,4,0.0,99,28
2026-05-21 06:30:38,2026-05-21,4,羽毛球馆-16号,15:00-16:00,1,1,已售/已满,已售,多云,15,13,3,0.0,97,28
2026-05-21 07:00:43,2026-05-21,4,羽毛球馆-16号,15:00-16:00,1,1,已售/已满,已售,晴,15,11,5,0.0,93,28
2026-05-21 07:30:39,2026-05-21,4,羽毛球馆-16号,15:00-16:00,1,1,已售/已满,已售,晴,17,13,4,0.0,89,29
2026-05-21 07:50:40,2026-05-21,4,羽毛球馆-16号,15:00-16:00,1,1,已售/已满,已售,晴,17,13,4,0.0,88,29
2026-05-21 07:53:31,2026-05-21,4,羽毛球馆-16号,15:00-16:00,1,1,已售/已满,已售,晴,17,12,5,0.0,86,29
2026-05-21 07:56:31,2026-05-21,4,羽毛球馆-16号,15:00-16:00,1,1,已售/已满,已售,晴,17,12,5,0.0,86,29
2026-05-21 07:59:26,2026-05-21,4,羽毛球馆-16号,15:00-16:00,1,1,已售/已满,已售,晴,17,12,5,0.0,86,29
2026-05-21 08:00:45,2026-05-21,4,羽毛球馆-16号,15:00-16:00,1,1,已售/已满,已售,晴,17,12,5,0.0,86,29
2026-05-21 08:02:30,2026-05-21,4,羽毛球馆-16号,15:00-16:00,1,1,已售/已满,已售,多云,17,12,5,0.0,87,29
2026-05-21 08:05:36,2026-05-21,4,羽毛球馆-16号,15:00-16:00,1,1,已售/已满,已售,多云,17,12,5,0.0,86,29
2026-05-21 08:08:31,2026-05-21,4,羽毛球馆-16号,15:00-16:00,1,1,已售/已满,已售,多云,17,12,5,0.0,86,29
2026-05-21 08:11:30,2026-05-21,4,羽毛球馆-16号,15:00-16:00,1,1,已售/已满,已售,多云,17,12,5,0.0,86,29
2026-05-21 08:14:31,2026-05-21,4,羽毛球馆-16号,15:00-16:00,1,1,已售/已满,已售,多云,17,12,5,0.0,86,29
2026-05-21 08:17:30,2026-05-21,4,羽毛球馆-16号,15:00-16:00,1,1,已售/已满,已售,多云,17,12,5,0.0,86,29
2026-05-21 08:20:35,2026-05-21,4,羽毛球馆-16号,15:00-16:00,1,1,已售/已满,已售,多云,17,14,4,0.0,85,29
2026-05-21 08:25:32,2026-05-21,4,羽毛球馆-16号,15:00-16:00,1,1,已售/已满,已售,多云,17,14,4,0.0,85,28
2026-05-21 08:30:42,2026-05-21,4,羽毛球馆-16号,15:00-16:00,1,1,已售/已满,已售,多云,18,15,4,0.0,84,28
2026-05-21 08:35:31,2026-05-21,4,羽毛球馆-16号,15:00-16:00,1,1,已售/已满,已售,多云,18,15,4,0.0,84,28
2026-05-21 08:40:38,2026-05-21,4,羽毛球馆-16号,15:00-16:00,1,1,已售/已满,已售,多云,18,15,4,0.0,82,28
2026-05-21 08:45:33,2026-05-21,4,羽毛球馆-16号,15:00-16:00,1,1,已售/已满,已售,多云,18,15,4,0.0,82,28
2026-05-21 08:50:36,2026-05-21,4,羽毛球馆-16号,15:00-16:00,1,1,已售/已满,已售,多云,18,15,4,0.0,82,28
2026-05-21 08:55:34,2026-05-21,4,羽毛球馆-16号,15:00-16:00,1,1,已售/已满,已售,多云,18,15,4,0.0,84,28
2026-05-21 09:00:51,2026-05-21,4,羽毛球馆-16号,15:00-16:00,1,1,已售/已满,已售,多云,18,15,4,0.0,84,28
2026-05-21 09:01:59,2026-05-21,4,羽毛球馆-16号,15:00-16:00,1,1,已售/已满,已售,多云,18,15,4,0.0,83,28
2026-05-21 09:05:33,2026-05-21,4,羽毛球馆-16号,15:00-16:00,1,1,已售/已满,已售,多云,18,15,4,0.0,83,28
2026-05-21 09:20:38,2026-05-21,4,羽毛球馆-16号,15:00-16:00,1,1,已售/已满,已售,多云,18,16,3,0.0,81,28
2026-05-21 09:30:46,2026-05-21,4,羽毛球馆-16号,15:00-16:00,1,1,已售/已满,已售,多云,18,16,3,0.0,81,32
2026-05-21 09:40:36,2026-05-21,4,羽毛球馆-16号,15:00-16:00,1,1,已售/已满,已售,多云,19,17,3,0.0,79,32
2026-05-21 09:50:42,2026-05-21,4,羽毛球馆-16号,15:00-16:00,1,1,已售/已满,已售,多云,19,17,4,0.0,81,32
2026-05-21 10:00:46,2026-05-21,4,羽毛球馆-16号,15:00-16:00,1,1,已售/已满,已售,多云,19,17,4,0.0,79,32
2026-05-21 10:10:40,2026-05-21,4,羽毛球馆-16号,15:00-16:00,1,1,已售/已满,已售,多云,19,17,4,0.0,79,32
2026-05-21 10:20:38,2026-05-21,4,羽毛球馆-16号,15:00-16:00,1,1,已售/已满,已售,多云,19,17,4,0.0,79,32
2026-05-21 10:30:41,2026-05-21,4,羽毛球馆-16号,15:00-16:00,1,1,已售/已满,已售,多云,19,18,3,0.0,78,31
2026-05-21 11:00:44,2026-05-21,4,羽毛球馆-16号,15:00-16:00,1,1,已售/已满,已售,多云,21,17,5,0.0,74,31
2026-05-21 11:30:38,2026-05-21,4,羽毛球馆-16号,15:00-16:00,1,1,已售/已满,已售,多云,21,19,3,0.0,72,33
2026-05-21 12:00:46,2026-05-21,4,羽毛球馆-16号,15:00-16:00,1,1,已售/已满,已售,多云,22,19,4,0.0,70,33
2026-05-21 12:30:42,2026-05-21,4,羽毛球馆-16号,15:00-16:00,1,1,已售/已满,已售,多云,22,21,3,0.0,68,35
2026-05-21 13:00:43,2026-05-21,4,羽毛球馆-16号,15:00-16:00,1,1,已售/已满,已售,多云,24,22,4,0.0,66,35
2026-05-21 13:30:43,2026-05-21,4,羽毛球馆-16号,15:00-16:00,1,1,已售/已满,已售,多云,24,22,4,0.0,66,36
2026-05-21 14:00:48,2026-05-21,4,羽毛球馆-16号,15:00-16:00,1,1,已售/已满,已售,多云,25,23,4,0.0,66,36
2026-05-21 14:30:45,2026-05-21,4,羽毛球馆-16号,15:00-16:00,1,1,已售/已满,已售,晴,25,25,3,0.0,65,39
2026-05-21 15:00:45,2026-05-21,4,羽毛球馆-16号,15:00-16:00,1,1,已售/已满,已售,晴,25,22,4,0.0,56,39
2026-05-21 15:30:43,2026-05-21,4,羽毛球馆-16号,15:00-16:00,1,1,已售/已满,已售,晴,25,23,4,0.0,57,40
2026-05-21 16:00:51,2026-05-21,4,羽毛球馆-16号,15:00-16:00,1,1,已售/已满,已售,晴,25,23,4,0.0,57,40
2026-05-21 16:30:48,2026-05-21,4,羽毛球馆-16号,15:00-16:00,1,1,已售/已满,已售,晴,25,24,3,0.0,60,39
2026-05-21 17:00:49,2026-05-21,4,羽毛球馆-16号,15:00-16:00,1,1,已售/已满,已售,晴,25,24,4,0.0,61,39
2026-05-21 17:30:47,2026-05-21,4,羽毛球馆-16号,15:00-16:00,1,1,已售/已满,已售,多云,24,23,3,0.0,64,39
2026-05-21 18:00:50,2026-05-21,4,羽毛球馆-16号,15:00-16:00,1,1,已售/已满,已售,多云,24,23,3,0.0,68,39
2026-05-21 18:30:50,2026-05-21,4,羽毛球馆-16号,15:00-16:00,1,1,已售/已满,已售,阴,24,25,2,0.0,68,40
2026-05-21 19:00:50,2026-05-21,4,羽毛球馆-16号,15:00-16:00,1,1,已售/已满,已售,阴,23,23,3,0.0,76,40
2026-05-21 19:30:46,2026-05-21,4,羽毛球馆-16号,15:00-16:00,1,1,已售/已满,已售,阴,23,24,2,0.0,77,39
2026-05-21 20:00:49,2026-05-21,4,羽毛球馆-16号,15:00-16:00,1,1,已售/已满,已售,雾,22,23,2,0.0,89,39
2026-05-21 20:30:44,2026-05-21,4,羽毛球馆-16号,15:00-16:00,1,1,已售/已满,已售,雾,22,24,2,0.0,93,43
2026-05-21 21:00:56,2026-05-21,4,羽毛球馆-16号,15:00-16:00,1,1,已售/已满,已售,雾,20,21,2,0.0,98,43
2026-05-21 21:30:46,2026-05-21,4,羽毛球馆-16号,15:00-16:00,1,1,已售/已满,已售,雾,20,22,1,0.0,99,41
2026-05-21 22:01:02,2026-05-21,4,羽毛球馆-16号,15:00-16:00,1,1,已售/已满,已售,雾,19,20,2,0.0,93,41
2026-05-21 22:30:47,2026-05-21,4,羽毛球馆-16号,15:00-16:00,1,1,已售/已满,已售,雾,19,19,3,0.0,88,46
2026-05-21 23:00:56,2026-05-21,4,羽毛球馆-16号,15:00-16:00,1,1,已售/已满,已售,多云,18,17,3,0.0,85,46
2026-05-21 23:30:55,2026-05-21,4,羽毛球馆-16号,15:00-16:00,1,1,已售/已满,已售,多云,18,17,3,0.0,85,48
2026-05-21 00:30:49,2026-05-21,4,羽毛球馆-16号,16:00-17:00,1,1,已售/已满,已售,多云,15,13,3,0.0,100,26
2026-05-21 01:00:55,2026-05-21,4,羽毛球馆-16号,16:00-17:00,1,1,已售/已满,已售,多云,15,12,4,0.0,100,26
2026-05-21 01:30:47,2026-05-21,4,羽毛球馆-16号,16:00-17:00,1,1,已售/已满,已售,多云,15,13,4,0.0,100,28
2026-05-21 02:00:53,2026-05-21,4,羽毛球馆-16号,16:00-17:00,1,1,已售/已满,已售,多云,15,12,4,0.0,100,28
2026-05-21 02:30:49,2026-05-21,4,羽毛球馆-16号,16:00-17:00,1,1,已售/已满,已售,多云,15,14,3,0.0,100,29
2026-05-21 03:00:55,2026-05-21,4,羽毛球馆-16号,16:00-17:00,1,1,已售/已满,已售,多云,15,12,4,0.0,100,29
2026-05-21 03:30:49,2026-05-21,4,羽毛球馆-16号,16:00-17:00,1,1,已售/已满,已售,多云,15,14,3,0.0,100,30
2026-05-21 04:30:45,2026-05-21,4,羽毛球馆-16号,16:00-17:00,1,1,已售/已满,已售,多云,15,12,4,0.0,100,29
2026-05-21 05:00:52,2026-05-21,4,羽毛球馆-16号,16:00-17:00,1,1,已售/已满,已售,多云,15,12,4,0.0,100,29
2026-05-21 05:30:49,2026-05-21,4,羽毛球馆-16号,16:00-17:00,1,1,已售/已满,已售,多云,15,13,3,0.0,100,28
2026-05-21 06:00:50,2026-05-21,4,羽毛球馆-16号,16:00-17:00,1,1,已售/已满,已售,多云,15,13,4,0.0,99,28
2026-05-21 06:30:38,2026-05-21,4,羽毛球馆-16号,16:00-17:00,1,1,已售/已满,已售,多云,15,13,3,0.0,97,28
2026-05-21 07:00:43,2026-05-21,4,羽毛球馆-16号,16:00-17:00,1,1,已售/已满,已售,晴,15,11,5,0.0,93,28
2026-05-21 07:30:39,2026-05-21,4,羽毛球馆-16号,16:00-17:00,1,1,已售/已满,已售,晴,17,13,4,0.0,89,29
2026-05-21 07:50:40,2026-05-21,4,羽毛球馆-16号,16:00-17:00,1,1,已售/已满,已售,晴,17,13,4,0.0,88,29
2026-05-21 07:53:31,2026-05-21,4,羽毛球馆-16号,16:00-17:00,1,1,已售/已满,已售,晴,17,12,5,0.0,86,29
2026-05-21 07:56:31,2026-05-21,4,羽毛球馆-16号,16:00-17:00,1,1,已售/已满,已售,晴,17,12,5,0.0,86,29
2026-05-21 07:59:26,2026-05-21,4,羽毛球馆-16号,16:00-17:00,1,1,已售/已满,已售,晴,17,12,5,0.0,86,29
2026-05-21 08:00:45,2026-05-21,4,羽毛球馆-16号,16:00-17:00,1,1,已售/已满,已售,晴,17,12,5,0.0,86,29
2026-05-21 08:02:30,2026-05-21,4,羽毛球馆-16号,16:00-17:00,1,1,已售/已满,已售,多云,17,12,5,0.0,87,29
2026-05-21 08:05:36,2026-05-21,4,羽毛球馆-16号,16:00-17:00,1,1,已售/已满,已售,多云,17,12,5,0.0,86,29
2026-05-21 08:08:31,2026-05-21,4,羽毛球馆-16号,16:00-17:00,1,1,已售/已满,已售,多云,17,12,5,0.0,86,29
2026-05-21 08:11:30,2026-05-21,4,羽毛球馆-16号,16:00-17:00,1,1,已售/已满,已售,多云,17,12,5,0.0,86,29
2026-05-21 08:14:31,2026-05-21,4,羽毛球馆-16号,16:00-17:00,1,1,已售/已满,已售,多云,17,12,5,0.0,86,29
2026-05-21 08:17:30,2026-05-21,4,羽毛球馆-16号,16:00-17:00,1,1,已售/已满,已售,多云,17,12,5,0.0,86,29
2026-05-21 08:20:35,2026-05-21,4,羽毛球馆-16号,16:00-17:00,1,1,已售/已满,已售,多云,17,14,4,0.0,85,29
2026-05-21 08:25:32,2026-05-21,4,羽毛球馆-16号,16:00-17:00,1,1,已售/已满,已售,多云,17,14,4,0.0,85,28
2026-05-21 08:30:42,2026-05-21,4,羽毛球馆-16号,16:00-17:00,1,1,已售/已满,已售,多云,18,15,4,0.0,84,28
2026-05-21 08:35:31,2026-05-21,4,羽毛球馆-16号,16:00-17:00,1,1,已售/已满,已售,多云,18,15,4,0.0,84,28
2026-05-21 08:40:38,2026-05-21,4,羽毛球馆-16号,16:00-17:00,1,1,已售/已满,已售,多云,18,15,4,0.0,82,28
2026-05-21 08:45:33,2026-05-21,4,羽毛球馆-16号,16:00-17:00,1,1,已售/已满,已售,多云,18,15,4,0.0,82,28
2026-05-21 08:50:36,2026-05-21,4,羽毛球馆-16号,16:00-17:00,1,1,已售/已满,已售,多云,18,15,4,0.0,82,28
2026-05-21 08:55:34,2026-05-21,4,羽毛球馆-16号,16:00-17:00,1,1,已售/已满,已售,多云,18,15,4,0.0,84,28
2026-05-21 09:00:51,2026-05-21,4,羽毛球馆-16号,16:00-17:00,1,1,已售/已满,已售,多云,18,15,4,0.0,84,28
2026-05-21 09:01:59,2026-05-21,4,羽毛球馆-16号,16:00-17:00,1,1,已售/已满,已售,多云,18,15,4,0.0,83,28
2026-05-21 09:05:33,2026-05-21,4,羽毛球馆-16号,16:00-17:00,1,1,已售/已满,已售,多云,18,15,4,0.0,83,28
2026-05-21 09:20:38,2026-05-21,4,羽毛球馆-16号,16:00-17:00,1,1,已售/已满,已售,多云,18,16,3,0.0,81,28
2026-05-21 09:30:46,2026-05-21,4,羽毛球馆-16号,16:00-17:00,0,1,可预约,￥12.0,多云,18,16,3,0.0,81,32
2026-05-21 09:40:36,2026-05-21,4,羽毛球馆-16号,16:00-17:00,0,1,可预约,￥12.0,多云,19,17,3,0.0,79,32
2026-05-21 09:50:42,2026-05-21,4,羽毛球馆-16号,16:00-17:00,0,1,可预约,￥12.0,多云,19,17,4,0.0,81,32
2026-05-21 10:00:46,2026-05-21,4,羽毛球馆-16号,16:00-17:00,0,1,可预约,￥12.0,多云,19,17,4,0.0,79,32
2026-05-21 10:10:40,2026-05-21,4,羽毛球馆-16号,16:00-17:00,0,1,可预约,￥12.0,多云,19,17,4,0.0,79,32
2026-05-21 10:20:38,2026-05-21,4,羽毛球馆-16号,16:00-17:00,0,1,可预约,￥12.0,多云,19,17,4,0.0,79,32
2026-05-21 10:30:41,2026-05-21,4,羽毛球馆-16号,16:00-17:00,0,1,可预约,￥12.0,多云,19,18,3,0.0,78,31
2026-05-21 11:00:44,2026-05-21,4,羽毛球馆-16号,16:00-17:00,1,1,已售/已满,已售,多云,21,17,5,0.0,74,31
2026-05-21 11:30:38,2026-05-21,4,羽毛球馆-16号,16:00-17:00,1,1,已售/已满,已售,多云,21,19,3,0.0,72,33
2026-05-21 12:00:46,2026-05-21,4,羽毛球馆-16号,16:00-17:00,1,1,已售/已满,已售,多云,22,19,4,0.0,70,33
2026-05-21 12:30:42,2026-05-21,4,羽毛球馆-16号,16:00-17:00,1,1,已售/已满,已售,多云,22,21,3,0.0,68,35
2026-05-21 13:00:43,2026-05-21,4,羽毛球馆-16号,16:00-17:00,1,1,已售/已满,已售,多云,24,22,4,0.0,66,35
2026-05-21 13:30:43,2026-05-21,4,羽毛球馆-16号,16:00-17:00,1,1,已售/已满,已售,多云,24,22,4,0.0,66,36
2026-05-21 14:00:48,2026-05-21,4,羽毛球馆-16号,16:00-17:00,1,1,已售/已满,已售,多云,25,23,4,0.0,66,36
2026-05-21 14:30:45,2026-05-21,4,羽毛球馆-16号,16:00-17:00,1,1,已售/已满,已售,晴,25,25,3,0.0,65,39
2026-05-21 15:00:45,2026-05-21,4,羽毛球馆-16号,16:00-17:00,1,1,已售/已满,已售,晴,25,22,4,0.0,56,39
2026-05-21 15:30:43,2026-05-21,4,羽毛球馆-16号,16:00-17:00,1,1,已售/已满,已售,晴,25,23,4,0.0,57,40
2026-05-21 16:00:51,2026-05-21,4,羽毛球馆-16号,16:00-17:00,1,1,已售/已满,已售,晴,25,23,4,0.0,57,40
2026-05-21 16:30:48,2026-05-21,4,羽毛球馆-16号,16:00-17:00,1,1,已售/已满,已售,晴,25,24,3,0.0,60,39
2026-05-21 17:00:49,2026-05-21,4,羽毛球馆-16号,16:00-17:00,1,1,已售/已满,已售,晴,25,24,4,0.0,61,39
2026-05-21 17:30:47,2026-05-21,4,羽毛球馆-16号,16:00-17:00,1,1,已售/已满,已售,多云,24,23,3,0.0,64,39
2026-05-21 18:00:50,2026-05-21,4,羽毛球馆-16号,16:00-17:00,1,1,已售/已满,已售,多云,24,23,3,0.0,68,39
2026-05-21 18:30:50,2026-05-21,4,羽毛球馆-16号,16:00-17:00,1,1,已售/已满,已售,阴,24,25,2,0.0,68,40
2026-05-21 19:00:50,2026-05-21,4,羽毛球馆-16号,16:00-17:00,1,1,已售/已满,已售,阴,23,23,3,0.0,76,40
2026-05-21 19:30:46,2026-05-21,4,羽毛球馆-16号,16:00-17:00,1,1,已售/已满,已售,阴,23,24,2,0.0,77,39
2026-05-21 20:00:49,2026-05-21,4,羽毛球馆-16号,16:00-17:00,1,1,已售/已满,已售,雾,22,23,2,0.0,89,39
2026-05-21 20:30:44,2026-05-21,4,羽毛球馆-16号,16:00-17:00,1,1,已售/已满,已售,雾,22,24,2,0.0,93,43
2026-05-21 21:00:56,2026-05-21,4,羽毛球馆-16号,16:00-17:00,1,1,已售/已满,已售,雾,20,21,2,0.0,98,43
2026-05-21 21:30:46,2026-05-21,4,羽毛球馆-16号,16:00-17:00,1,1,已售/已满,已售,雾,20,22,1,0.0,99,41
2026-05-21 22:01:02,2026-05-21,4,羽毛球馆-16号,16:00-17:00,1,1,已售/已满,已售,雾,19,20,2,0.0,93,41
2026-05-21 22:30:47,2026-05-21,4,羽毛球馆-16号,16:00-17:00,1,1,已售/已满,已售,雾,19,19,3,0.0,88,46
2026-05-21 23:00:56,2026-05-21,4,羽毛球馆-16号,16:00-17:00,1,1,已售/已满,已售,多云,18,17,3,0.0,85,46
2026-05-21 23:30:55,2026-05-21,4,羽毛球馆-16号,16:00-17:00,1,1,已售/已满,已售,多云,18,17,3,0.0,85,48
2026-05-21 00:30:49,2026-05-21,4,羽毛球馆-16号,17:00-18:00,1,1,已售/已满,已售,多云,15,13,3,0.0,100,26
2026-05-21 01:00:55,2026-05-21,4,羽毛球馆-16号,17:00-18:00,1,1,已售/已满,已售,多云,15,12,4,0.0,100,26
2026-05-21 01:30:47,2026-05-21,4,羽毛球馆-16号,17:00-18:00,1,1,已售/已满,已售,多云,15,13,4,0.0,100,28
2026-05-21 02:00:53,2026-05-21,4,羽毛球馆-16号,17:00-18:00,1,1,已售/已满,已售,多云,15,12,4,0.0,100,28
2026-05-21 02:30:49,2026-05-21,4,羽毛球馆-16号,17:00-18:00,1,1,已售/已满,已售,多云,15,14,3,0.0,100,29
2026-05-21 03:00:55,2026-05-21,4,羽毛球馆-16号,17:00-18:00,1,1,已售/已满,已售,多云,15,12,4,0.0,100,29
2026-05-21 03:30:49,2026-05-21,4,羽毛球馆-16号,17:00-18:00,1,1,已售/已满,已售,多云,15,14,3,0.0,100,30
2026-05-21 04:30:45,2026-05-21,4,羽毛球馆-16号,17:00-18:00,1,1,已售/已满,已售,多云,15,12,4,0.0,100,29
2026-05-21 05:00:52,2026-05-21,4,羽毛球馆-16号,17:00-18:00,1,1,已售/已满,已售,多云,15,12,4,0.0,100,29
2026-05-21 05:30:49,2026-05-21,4,羽毛球馆-16号,17:00-18:00,1,1,已售/已满,已售,多云,15,13,3,0.0,100,28
2026-05-21 06:00:50,2026-05-21,4,羽毛球馆-16号,17:00-18:00,1,1,已售/已满,已售,多云,15,13,4,0.0,99,28
2026-05-21 06:30:38,2026-05-21,4,羽毛球馆-16号,17:00-18:00,1,1,已售/已满,已售,多云,15,13,3,0.0,97,28
2026-05-21 07:00:43,2026-05-21,4,羽毛球馆-16号,17:00-18:00,1,1,已售/已满,已售,晴,15,11,5,0.0,93,28
2026-05-21 07:30:39,2026-05-21,4,羽毛球馆-16号,17:00-18:00,1,1,已售/已满,已售,晴,17,13,4,0.0,89,29
2026-05-21 07:50:40,2026-05-21,4,羽毛球馆-16号,17:00-18:00,1,1,已售/已满,已售,晴,17,13,4,0.0,88,29
2026-05-21 07:53:31,2026-05-21,4,羽毛球馆-16号,17:00-18:00,1,1,已售/已满,已售,晴,17,12,5,0.0,86,29
2026-05-21 07:56:31,2026-05-21,4,羽毛球馆-16号,17:00-18:00,1,1,已售/已满,已售,晴,17,12,5,0.0,86,29
2026-05-21 07:59:26,2026-05-21,4,羽毛球馆-16号,17:00-18:00,1,1,已售/已满,已售,晴,17,12,5,0.0,86,29
2026-05-21 08:00:45,2026-05-21,4,羽毛球馆-16号,17:00-18:00,1,1,已售/已满,已售,晴,17,12,5,0.0,86,29
2026-05-21 08:02:30,2026-05-21,4,羽毛球馆-16号,17:00-18:00,1,1,已售/已满,已售,多云,17,12,5,0.0,87,29
2026-05-21 08:05:36,2026-05-21,4,羽毛球馆-16号,17:00-18:00,1,1,已售/已满,已售,多云,17,12,5,0.0,86,29
2026-05-21 08:08:31,2026-05-21,4,羽毛球馆-16号,17:00-18:00,1,1,已售/已满,已售,多云,17,12,5,0.0,86,29
2026-05-21 08:11:30,2026-05-21,4,羽毛球馆-16号,17:00-18:00,1,1,已售/已满,已售,多云,17,12,5,0.0,86,29
2026-05-21 08:14:31,2026-05-21,4,羽毛球馆-16号,17:00-18:00,1,1,已售/已满,已售,多云,17,12,5,0.0,86,29
2026-05-21 08:17:30,2026-05-21,4,羽毛球馆-16号,17:00-18:00,1,1,已售/已满,已售,多云,17,12,5,0.0,86,29
2026-05-21 08:20:35,2026-05-21,4,羽毛球馆-16号,17:00-18:00,1,1,已售/已满,已售,多云,17,14,4,0.0,85,29
2026-05-21 08:25:32,2026-05-21,4,羽毛球馆-16号,17:00-18:00,1,1,已售/已满,已售,多云,17,14,4,0.0,85,28
2026-05-21 08:30:42,2026-05-21,4,羽毛球馆-16号,17:00-18:00,1,1,已售/已满,已售,多云,18,15,4,0.0,84,28
2026-05-21 08:35:31,2026-05-21,4,羽毛球馆-16号,17:00-18:00,1,1,已售/已满,已售,多云,18,15,4,0.0,84,28
2026-05-21 08:40:38,2026-05-21,4,羽毛球馆-16号,17:00-18:00,1,1,已售/已满,已售,多云,18,15,4,0.0,82,28
2026-05-21 08:45:33,2026-05-21,4,羽毛球馆-16号,17:00-18:00,1,1,已售/已满,已售,多云,18,15,4,0.0,82,28
2026-05-21 08:50:36,2026-05-21,4,羽毛球馆-16号,17:00-18:00,1,1,已售/已满,已售,多云,18,15,4,0.0,82,28
2026-05-21 08:55:34,2026-05-21,4,羽毛球馆-16号,17:00-18:00,1,1,已售/已满,已售,多云,18,15,4,0.0,84,28
2026-05-21 09:00:51,2026-05-21,4,羽毛球馆-16号,17:00-18:00,1,1,已售/已满,已售,多云,18,15,4,0.0,84,28
2026-05-21 09:01:59,2026-05-21,4,羽毛球馆-16号,17:00-18:00,1,1,已售/已满,已售,多云,18,15,4,0.0,83,28
2026-05-21 09:05:33,2026-05-21,4,羽毛球馆-16号,17:00-18:00,1,1,已售/已满,已售,多云,18,15,4,0.0,83,28
2026-05-21 09:20:38,2026-05-21,4,羽毛球馆-16号,17:00-18:00,1,1,已售/已满,已售,多云,18,16,3,0.0,81,28
2026-05-21 09:30:46,2026-05-21,4,羽毛球馆-16号,17:00-18:00,0,1,可预约,￥12.0,多云,18,16,3,0.0,81,32
2026-05-21 09:40:36,2026-05-21,4,羽毛球馆-16号,17:00-18:00,1,1,已售/已满,已售,多云,19,17,3,0.0,79,32
2026-05-21 09:50:42,2026-05-21,4,羽毛球馆-16号,17:00-18:00,1,1,已售/已满,已售,多云,19,17,4,0.0,81,32
2026-05-21 10:00:46,2026-05-21,4,羽毛球馆-16号,17:00-18:00,1,1,已售/已满,已售,多云,19,17,4,0.0,79,32
2026-05-21 10:10:40,2026-05-21,4,羽毛球馆-16号,17:00-18:00,1,1,已售/已满,已售,多云,19,17,4,0.0,79,32
2026-05-21 10:20:38,2026-05-21,4,羽毛球馆-16号,17:00-18:00,1,1,已售/已满,已售,多云,19,17,4,0.0,79,32
2026-05-21 10:30:41,2026-05-21,4,羽毛球馆-16号,17:00-18:00,1,1,已售/已满,已售,多云,19,18,3,0.0,78,31
2026-05-21 11:00:44,2026-05-21,4,羽毛球馆-16号,17:00-18:00,1,1,已售/已满,已售,多云,21,17,5,0.0,74,31
2026-05-21 11:30:38,2026-05-21,4,羽毛球馆-16号,17:00-18:00,1,1,已售/已满,已售,多云,21,19,3,0.0,72,33
2026-05-21 12:00:46,2026-05-21,4,羽毛球馆-16号,17:00-18:00,1,1,已售/已满,已售,多云,22,19,4,0.0,70,33
2026-05-21 12:30:42,2026-05-21,4,羽毛球馆-16号,17:00-18:00,1,1,已售/已满,已售,多云,22,21,3,0.0,68,35
2026-05-21 13:00:43,2026-05-21,4,羽毛球馆-16号,17:00-18:00,1,1,已售/已满,已售,多云,24,22,4,0.0,66,35
2026-05-21 13:30:43,2026-05-21,4,羽毛球馆-16号,17:00-18:00,1,1,已售/已满,已售,多云,24,22,4,0.0,66,36
2026-05-21 14:00:48,2026-05-21,4,羽毛球馆-16号,17:00-18:00,1,1,已售/已满,已售,多云,25,23,4,0.0,66,36
2026-05-21 14:30:45,2026-05-21,4,羽毛球馆-16号,17:00-18:00,1,1,已售/已满,已售,晴,25,25,3,0.0,65,39
2026-05-21 15:00:45,2026-05-21,4,羽毛球馆-16号,17:00-18:00,0,1,可预约,￥12.0,晴,25,22,4,0.0,56,39
2026-05-21 15:30:43,2026-05-21,4,羽毛球馆-16号,17:00-18:00,0,1,可预约,￥12.0,晴,25,23,4,0.0,57,40
2026-05-21 16:00:51,2026-05-21,4,羽毛球馆-16号,17:00-18:00,1,1,已售/已满,已售,晴,25,23,4,0.0,57,40
2026-05-21 16:30:48,2026-05-21,4,羽毛球馆-16号,17:00-18:00,1,1,已售/已满,已售,晴,25,24,3,0.0,60,39
2026-05-21 17:00:49,2026-05-21,4,羽毛球馆-16号,17:00-18:00,1,1,已售/已满,已售,晴,25,24,4,0.0,61,39
2026-05-21 17:30:47,2026-05-21,4,羽毛球馆-16号,17:00-18:00,1,1,已售/已满,已售,多云,24,23,3,0.0,64,39
2026-05-21 18:00:50,2026-05-21,4,羽毛球馆-16号,17:00-18:00,1,1,已售/已满,已售,多云,24,23,3,0.0,68,39
2026-05-21 18:30:50,2026-05-21,4,羽毛球馆-16号,17:00-18:00,1,1,已售/已满,已售,阴,24,25,2,0.0,68,40
2026-05-21 19:00:50,2026-05-21,4,羽毛球馆-16号,17:00-18:00,1,1,已售/已满,已售,阴,23,23,3,0.0,76,40
2026-05-21 19:30:46,2026-05-21,4,羽毛球馆-16号,17:00-18:00,1,1,已售/已满,已售,阴,23,24,2,0.0,77,39
2026-05-21 20:00:49,2026-05-21,4,羽毛球馆-16号,17:00-18:00,1,1,已售/已满,已售,雾,22,23,2,0.0,89,39
2026-05-21 20:30:44,2026-05-21,4,羽毛球馆-16号,17:00-18:00,1,1,已售/已满,已售,雾,22,24,2,0.0,93,43
2026-05-21 21:00:56,2026-05-21,4,羽毛球馆-16号,17:00-18:00,1,1,已售/已满,已售,雾,20,21,2,0.0,98,43
2026-05-21 21:30:46,2026-05-21,4,羽毛球馆-16号,17:00-18:00,1,1,已售/已满,已售,雾,20,22,1,0.0,99,41
2026-05-21 22:01:02,2026-05-21,4,羽毛球馆-16号,17:00-18:00,1,1,已售/已满,已售,雾,19,20,2,0.0,93,41
2026-05-21 22:30:47,2026-05-21,4,羽毛球馆-16号,17:00-18:00,1,1,已售/已满,已售,雾,19,19,3,0.0,88,46
2026-05-21 23:00:56,2026-05-21,4,羽毛球馆-16号,17:00-18:00,1,1,已售/已满,已售,多云,18,17,3,0.0,85,46
2026-05-21 23:30:55,2026-05-21,4,羽毛球馆-16号,17:00-18:00,1,1,已售/已满,已售,多云,18,17,3,0.0,85,48
2026-05-21 00:30:49,2026-05-21,4,羽毛球馆-16号,18:30-19:30,1,1,已售/已满,已售,多云,15,13,3,0.0,100,26
2026-05-21 01:00:55,2026-05-21,4,羽毛球馆-16号,18:30-19:30,1,1,已售/已满,已售,多云,15,12,4,0.0,100,26
2026-05-21 01:30:47,2026-05-21,4,羽毛球馆-16号,18:30-19:30,1,1,已售/已满,已售,多云,15,13,4,0.0,100,28
2026-05-21 02:00:53,2026-05-21,4,羽毛球馆-16号,18:30-19:30,1,1,已售/已满,已售,多云,15,12,4,0.0,100,28
2026-05-21 02:30:49,2026-05-21,4,羽毛球馆-16号,18:30-19:30,1,1,已售/已满,已售,多云,15,14,3,0.0,100,29
2026-05-21 03:00:55,2026-05-21,4,羽毛球馆-16号,18:30-19:30,1,1,已售/已满,已售,多云,15,12,4,0.0,100,29
2026-05-21 03:30:49,2026-05-21,4,羽毛球馆-16号,18:30-19:30,1,1,已售/已满,已售,多云,15,14,3,0.0,100,30
2026-05-21 04:30:45,2026-05-21,4,羽毛球馆-16号,18:30-19:30,1,1,已售/已满,已售,多云,15,12,4,0.0,100,29
2026-05-21 05:00:52,2026-05-21,4,羽毛球馆-16号,18:30-19:30,1,1,已售/已满,已售,多云,15,12,4,0.0,100,29
2026-05-21 05:30:49,2026-05-21,4,羽毛球馆-16号,18:30-19:30,1,1,已售/已满,已售,多云,15,13,3,0.0,100,28
2026-05-21 06:00:50,2026-05-21,4,羽毛球馆-16号,18:30-19:30,1,1,已售/已满,已售,多云,15,13,4,0.0,99,28
2026-05-21 06:30:38,2026-05-21,4,羽毛球馆-16号,18:30-19:30,1,1,已售/已满,已售,多云,15,13,3,0.0,97,28
2026-05-21 07:00:43,2026-05-21,4,羽毛球馆-16号,18:30-19:30,1,1,已售/已满,已售,晴,15,11,5,0.0,93,28
2026-05-21 07:30:39,2026-05-21,4,羽毛球馆-16号,18:30-19:30,1,1,已售/已满,已售,晴,17,13,4,0.0,89,29
2026-05-21 07:50:40,2026-05-21,4,羽毛球馆-16号,18:30-19:30,1,1,已售/已满,已售,晴,17,13,4,0.0,88,29
2026-05-21 07:53:31,2026-05-21,4,羽毛球馆-16号,18:30-19:30,1,1,已售/已满,已售,晴,17,12,5,0.0,86,29
2026-05-21 07:56:31,2026-05-21,4,羽毛球馆-16号,18:30-19:30,1,1,已售/已满,已售,晴,17,12,5,0.0,86,29
2026-05-21 07:59:26,2026-05-21,4,羽毛球馆-16号,18:30-19:30,1,1,已售/已满,已售,晴,17,12,5,0.0,86,29
2026-05-21 08:00:45,2026-05-21,4,羽毛球馆-16号,18:30-19:30,1,1,已售/已满,已售,晴,17,12,5,0.0,86,29
2026-05-21 08:02:30,2026-05-21,4,羽毛球馆-16号,18:30-19:30,1,1,已售/已满,已售,多云,17,12,5,0.0,87,29
2026-05-21 08:05:36,2026-05-21,4,羽毛球馆-16号,18:30-19:30,1,1,已售/已满,已售,多云,17,12,5,0.0,86,29
2026-05-21 08:08:31,2026-05-21,4,羽毛球馆-16号,18:30-19:30,1,1,已售/已满,已售,多云,17,12,5,0.0,86,29
2026-05-21 08:11:30,2026-05-21,4,羽毛球馆-16号,18:30-19:30,1,1,已售/已满,已售,多云,17,12,5,0.0,86,29
2026-05-21 08:14:31,2026-05-21,4,羽毛球馆-16号,18:30-19:30,1,1,已售/已满,已售,多云,17,12,5,0.0,86,29
2026-05-21 08:17:30,2026-05-21,4,羽毛球馆-16号,18:30-19:30,1,1,已售/已满,已售,多云,17,12,5,0.0,86,29
2026-05-21 08:20:35,2026-05-21,4,羽毛球馆-16号,18:30-19:30,1,1,已售/已满,已售,多云,17,14,4,0.0,85,29
2026-05-21 08:25:32,2026-05-21,4,羽毛球馆-16号,18:30-19:30,1,1,已售/已满,已售,多云,17,14,4,0.0,85,28
2026-05-21 08:30:42,2026-05-21,4,羽毛球馆-16号,18:30-19:30,1,1,已售/已满,已售,多云,18,15,4,0.0,84,28
2026-05-21 08:35:31,2026-05-21,4,羽毛球馆-16号,18:30-19:30,1,1,已售/已满,已售,多云,18,15,4,0.0,84,28
2026-05-21 08:40:38,2026-05-21,4,羽毛球馆-16号,18:30-19:30,1,1,已售/已满,已售,多云,18,15,4,0.0,82,28
2026-05-21 08:45:33,2026-05-21,4,羽毛球馆-16号,18:30-19:30,1,1,已售/已满,已售,多云,18,15,4,0.0,82,28
2026-05-21 08:50:36,2026-05-21,4,羽毛球馆-16号,18:30-19:30,1,1,已售/已满,已售,多云,18,15,4,0.0,82,28
2026-05-21 08:55:34,2026-05-21,4,羽毛球馆-16号,18:30-19:30,1,1,已售/已满,已售,多云,18,15,4,0.0,84,28
2026-05-21 09:00:51,2026-05-21,4,羽毛球馆-16号,18:30-19:30,1,1,已售/已满,已售,多云,18,15,4,0.0,84,28
2026-05-21 09:01:59,2026-05-21,4,羽毛球馆-16号,18:30-19:30,1,1,已售/已满,已售,多云,18,15,4,0.0,83,28
2026-05-21 09:05:33,2026-05-21,4,羽毛球馆-16号,18:30-19:30,1,1,已售/已满,已售,多云,18,15,4,0.0,83,28
2026-05-21 09:20:38,2026-05-21,4,羽毛球馆-16号,18:30-19:30,1,1,已售/已满,已售,多云,18,16,3,0.0,81,28
2026-05-21 09:30:46,2026-05-21,4,羽毛球馆-16号,18:30-19:30,1,1,已售/已满,已售,多云,18,16,3,0.0,81,32
2026-05-21 09:40:36,2026-05-21,4,羽毛球馆-16号,18:30-19:30,1,1,已售/已满,已售,多云,19,17,3,0.0,79,32
2026-05-21 09:50:42,2026-05-21,4,羽毛球馆-16号,18:30-19:30,1,1,已售/已满,已售,多云,19,17,4,0.0,81,32
2026-05-21 10:00:46,2026-05-21,4,羽毛球馆-16号,18:30-19:30,1,1,已售/已满,已售,多云,19,17,4,0.0,79,32
2026-05-21 10:10:40,2026-05-21,4,羽毛球馆-16号,18:30-19:30,1,1,已售/已满,已售,多云,19,17,4,0.0,79,32
2026-05-21 10:20:38,2026-05-21,4,羽毛球馆-16号,18:30-19:30,1,1,已售/已满,已售,多云,19,17,4,0.0,79,32
2026-05-21 10:30:41,2026-05-21,4,羽毛球馆-16号,18:30-19:30,1,1,已售/已满,已售,多云,19,18,3,0.0,78,31
2026-05-21 11:00:44,2026-05-21,4,羽毛球馆-16号,18:30-19:30,1,1,已售/已满,已售,多云,21,17,5,0.0,74,31
2026-05-21 11:30:38,2026-05-21,4,羽毛球馆-16号,18:30-19:30,1,1,已售/已满,已售,多云,21,19,3,0.0,72,33
2026-05-21 12:00:46,2026-05-21,4,羽毛球馆-16号,18:30-19:30,1,1,已售/已满,已售,多云,22,19,4,0.0,70,33
2026-05-21 12:30:42,2026-05-21,4,羽毛球馆-16号,18:30-19:30,1,1,已售/已满,已售,多云,22,21,3,0.0,68,35
2026-05-21 13:00:43,2026-05-21,4,羽毛球馆-16号,18:30-19:30,0,1,可预约,￥12.0,多云,24,22,4,0.0,66,35
2026-05-21 13:30:43,2026-05-21,4,羽毛球馆-16号,18:30-19:30,0,1,可预约,￥12.0,多云,24,22,4,0.0,66,36
2026-05-21 14:00:48,2026-05-21,4,羽毛球馆-16号,18:30-19:30,1,1,已售/已满,已售,多云,25,23,4,0.0,66,36
2026-05-21 14:30:45,2026-05-21,4,羽毛球馆-16号,18:30-19:30,1,1,已售/已满,已售,晴,25,25,3,0.0,65,39
2026-05-21 15:00:45,2026-05-21,4,羽毛球馆-16号,18:30-19:30,1,1,已售/已满,已售,晴,25,22,4,0.0,56,39
2026-05-21 15:30:43,2026-05-21,4,羽毛球馆-16号,18:30-19:30,1,1,已售/已满,已售,晴,25,23,4,0.0,57,40
2026-05-21 16:00:51,2026-05-21,4,羽毛球馆-16号,18:30-19:30,1,1,已售/已满,已售,晴,25,23,4,0.0,57,40
2026-05-21 16:30:48,2026-05-21,4,羽毛球馆-16号,18:30-19:30,1,1,已售/已满,已售,晴,25,24,3,0.0,60,39
2026-05-21 17:00:49,2026-05-21,4,羽毛球馆-16号,18:30-19:30,1,1,已售/已满,已售,晴,25,24,4,0.0,61,39
2026-05-21 17:30:47,2026-05-21,4,羽毛球馆-16号,18:30-19:30,1,1,已售/已满,已售,多云,24,23,3,0.0,64,39
2026-05-21 18:00:50,2026-05-21,4,羽毛球馆-16号,18:30-19:30,1,1,已售/已满,已售,多云,24,23,3,0.0,68,39
2026-05-21 18:30:50,2026-05-21,4,羽毛球馆-16号,18:30-19:30,1,1,已售/已满,已售,阴,24,25,2,0.0,68,40
2026-05-21 19:00:50,2026-05-21,4,羽毛球馆-16号,18:30-19:30,1,1,已售/已满,已售,阴,23,23,3,0.0,76,40
2026-05-21 19:30:46,2026-05-21,4,羽毛球馆-16号,18:30-19:30,1,1,已售/已满,已售,阴,23,24,2,0.0,77,39
2026-05-21 20:00:49,2026-05-21,4,羽毛球馆-16号,18:30-19:30,1,1,已售/已满,已售,雾,22,23,2,0.0,89,39
2026-05-21 20:30:44,2026-05-21,4,羽毛球馆-16号,18:30-19:30,1,1,已售/已满,已售,雾,22,24,2,0.0,93,43
2026-05-21 21:00:56,2026-05-21,4,羽毛球馆-16号,18:30-19:30,1,1,已售/已满,已售,雾,20,21,2,0.0,98,43
2026-05-21 21:30:46,2026-05-21,4,羽毛球馆-16号,18:30-19:30,1,1,已售/已满,已售,雾,20,22,1,0.0,99,41
2026-05-21 22:01:02,2026-05-21,4,羽毛球馆-16号,18:30-19:30,1,1,已售/已满,已售,雾,19,20,2,0.0,93,41
2026-05-21 22:30:47,2026-05-21,4,羽毛球馆-16号,18:30-19:30,1,1,已售/已满,已售,雾,19,19,3,0.0,88,46
2026-05-21 23:00:56,2026-05-21,4,羽毛球馆-16号,18:30-19:30,1,1,已售/已满,已售,多云,18,17,3,0.0,85,46
2026-05-21 23:30:55,2026-05-21,4,羽毛球馆-16号,18:30-19:30,1,1,已售/已满,已售,多云,18,17,3,0.0,85,48
2026-05-21 00:30:49,2026-05-21,4,羽毛球馆-16号,19:30-20:30,1,1,已售/已满,已售,多云,15,13,3,0.0,100,26
2026-05-21 01:00:55,2026-05-21,4,羽毛球馆-16号,19:30-20:30,1,1,已售/已满,已售,多云,15,12,4,0.0,100,26
2026-05-21 01:30:47,2026-05-21,4,羽毛球馆-16号,19:30-20:30,1,1,已售/已满,已售,多云,15,13,4,0.0,100,28
2026-05-21 02:00:53,2026-05-21,4,羽毛球馆-16号,19:30-20:30,1,1,已售/已满,已售,多云,15,12,4,0.0,100,28
2026-05-21 02:30:49,2026-05-21,4,羽毛球馆-16号,19:30-20:30,1,1,已售/已满,已售,多云,15,14,3,0.0,100,29
2026-05-21 03:00:55,2026-05-21,4,羽毛球馆-16号,19:30-20:30,1,1,已售/已满,已售,多云,15,12,4,0.0,100,29
2026-05-21 03:30:49,2026-05-21,4,羽毛球馆-16号,19:30-20:30,1,1,已售/已满,已售,多云,15,14,3,0.0,100,30
2026-05-21 04:30:45,2026-05-21,4,羽毛球馆-16号,19:30-20:30,1,1,已售/已满,已售,多云,15,12,4,0.0,100,29
2026-05-21 05:00:52,2026-05-21,4,羽毛球馆-16号,19:30-20:30,1,1,已售/已满,已售,多云,15,12,4,0.0,100,29
2026-05-21 05:30:49,2026-05-21,4,羽毛球馆-16号,19:30-20:30,1,1,已售/已满,已售,多云,15,13,3,0.0,100,28
2026-05-21 06:00:50,2026-05-21,4,羽毛球馆-16号,19:30-20:30,1,1,已售/已满,已售,多云,15,13,4,0.0,99,28
2026-05-21 06:30:38,2026-05-21,4,羽毛球馆-16号,19:30-20:30,1,1,已售/已满,已售,多云,15,13,3,0.0,97,28
2026-05-21 07:00:43,2026-05-21,4,羽毛球馆-16号,19:30-20:30,1,1,已售/已满,已售,晴,15,11,5,0.0,93,28
2026-05-21 07:30:39,2026-05-21,4,羽毛球馆-16号,19:30-20:30,1,1,已售/已满,已售,晴,17,13,4,0.0,89,29
2026-05-21 07:50:40,2026-05-21,4,羽毛球馆-16号,19:30-20:30,1,1,已售/已满,已售,晴,17,13,4,0.0,88,29
2026-05-21 07:53:31,2026-05-21,4,羽毛球馆-16号,19:30-20:30,1,1,已售/已满,已售,晴,17,12,5,0.0,86,29
2026-05-21 07:56:31,2026-05-21,4,羽毛球馆-16号,19:30-20:30,1,1,已售/已满,已售,晴,17,12,5,0.0,86,29
2026-05-21 07:59:26,2026-05-21,4,羽毛球馆-16号,19:30-20:30,1,1,已售/已满,已售,晴,17,12,5,0.0,86,29
2026-05-21 08:00:45,2026-05-21,4,羽毛球馆-16号,19:30-20:30,1,1,已售/已满,已售,晴,17,12,5,0.0,86,29
2026-05-21 08:02:30,2026-05-21,4,羽毛球馆-16号,19:30-20:30,1,1,已售/已满,已售,多云,17,12,5,0.0,87,29
2026-05-21 08:05:36,2026-05-21,4,羽毛球馆-16号,19:30-20:30,1,1,已售/已满,已售,多云,17,12,5,0.0,86,29
2026-05-21 08:08:31,2026-05-21,4,羽毛球馆-16号,19:30-20:30,1,1,已售/已满,已售,多云,17,12,5,0.0,86,29
2026-05-21 08:11:30,2026-05-21,4,羽毛球馆-16号,19:30-20:30,1,1,已售/已满,已售,多云,17,12,5,0.0,86,29
2026-05-21 08:14:31,2026-05-21,4,羽毛球馆-16号,19:30-20:30,1,1,已售/已满,已售,多云,17,12,5,0.0,86,29
2026-05-21 08:17:30,2026-05-21,4,羽毛球馆-16号,19:30-20:30,1,1,已售/已满,已售,多云,17,12,5,0.0,86,29
2026-05-21 08:20:35,2026-05-21,4,羽毛球馆-16号,19:30-20:30,1,1,已售/已满,已售,多云,17,14,4,0.0,85,29
2026-05-21 08:25:32,2026-05-21,4,羽毛球馆-16号,19:30-20:30,1,1,已售/已满,已售,多云,17,14,4,0.0,85,28
2026-05-21 08:30:42,2026-05-21,4,羽毛球馆-16号,19:30-20:30,1,1,已售/已满,已售,多云,18,15,4,0.0,84,28
2026-05-21 08:35:31,2026-05-21,4,羽毛球馆-16号,19:30-20:30,1,1,已售/已满,已售,多云,18,15,4,0.0,84,28
2026-05-21 08:40:38,2026-05-21,4,羽毛球馆-16号,19:30-20:30,1,1,已售/已满,已售,多云,18,15,4,0.0,82,28
2026-05-21 08:45:33,2026-05-21,4,羽毛球馆-16号,19:30-20:30,1,1,已售/已满,已售,多云,18,15,4,0.0,82,28
2026-05-21 08:50:36,2026-05-21,4,羽毛球馆-16号,19:30-20:30,1,1,已售/已满,已售,多云,18,15,4,0.0,82,28
2026-05-21 08:55:34,2026-05-21,4,羽毛球馆-16号,19:30-20:30,1,1,已售/已满,已售,多云,18,15,4,0.0,84,28
2026-05-21 09:00:51,2026-05-21,4,羽毛球馆-16号,19:30-20:30,1,1,已售/已满,已售,多云,18,15,4,0.0,84,28
2026-05-21 09:01:59,2026-05-21,4,羽毛球馆-16号,19:30-20:30,1,1,已售/已满,已售,多云,18,15,4,0.0,83,28
2026-05-21 09:05:33,2026-05-21,4,羽毛球馆-16号,19:30-20:30,1,1,已售/已满,已售,多云,18,15,4,0.0,83,28
2026-05-21 09:20:38,2026-05-21,4,羽毛球馆-16号,19:30-20:30,1,1,已售/已满,已售,多云,18,16,3,0.0,81,28
2026-05-21 09:30:46,2026-05-21,4,羽毛球馆-16号,19:30-20:30,1,1,已售/已满,已售,多云,18,16,3,0.0,81,32
2026-05-21 09:40:36,2026-05-21,4,羽毛球馆-16号,19:30-20:30,1,1,已售/已满,已售,多云,19,17,3,0.0,79,32
2026-05-21 09:50:42,2026-05-21,4,羽毛球馆-16号,19:30-20:30,1,1,已售/已满,已售,多云,19,17,4,0.0,81,32
2026-05-21 10:00:46,2026-05-21,4,羽毛球馆-16号,19:30-20:30,1,1,已售/已满,已售,多云,19,17,4,0.0,79,32
2026-05-21 10:10:40,2026-05-21,4,羽毛球馆-16号,19:30-20:30,1,1,已售/已满,已售,多云,19,17,4,0.0,79,32
2026-05-21 10:20:38,2026-05-21,4,羽毛球馆-16号,19:30-20:30,1,1,已售/已满,已售,多云,19,17,4,0.0,79,32
2026-05-21 10:30:41,2026-05-21,4,羽毛球馆-16号,19:30-20:30,1,1,已售/已满,已售,多云,19,18,3,0.0,78,31
2026-05-21 11:00:44,2026-05-21,4,羽毛球馆-16号,19:30-20:30,1,1,已售/已满,已售,多云,21,17,5,0.0,74,31
2026-05-21 11:30:38,2026-05-21,4,羽毛球馆-16号,19:30-20:30,1,1,已售/已满,已售,多云,21,19,3,0.0,72,33
2026-05-21 12:00:46,2026-05-21,4,羽毛球馆-16号,19:30-20:30,1,1,已售/已满,已售,多云,22,19,4,0.0,70,33
2026-05-21 12:30:42,2026-05-21,4,羽毛球馆-16号,19:30-20:30,1,1,已售/已满,已售,多云,22,21,3,0.0,68,35
2026-05-21 13:00:43,2026-05-21,4,羽毛球馆-16号,19:30-20:30,1,1,已售/已满,已售,多云,24,22,4,0.0,66,35
2026-05-21 13:30:43,2026-05-21,4,羽毛球馆-16号,19:30-20:30,1,1,已售/已满,已售,多云,24,22,4,0.0,66,36
2026-05-21 14:00:48,2026-05-21,4,羽毛球馆-16号,19:30-20:30,1,1,已售/已满,已售,多云,25,23,4,0.0,66,36
2026-05-21 14:30:45,2026-05-21,4,羽毛球馆-16号,19:30-20:30,1,1,已售/已满,已售,晴,25,25,3,0.0,65,39
2026-05-21 15:00:45,2026-05-21,4,羽毛球馆-16号,19:30-20:30,1,1,已售/已满,已售,晴,25,22,4,0.0,56,39
2026-05-21 15:30:43,2026-05-21,4,羽毛球馆-16号,19:30-20:30,1,1,已售/已满,已售,晴,25,23,4,0.0,57,40
2026-05-21 16:00:51,2026-05-21,4,羽毛球馆-16号,19:30-20:30,1,1,已售/已满,已售,晴,25,23,4,0.0,57,40
2026-05-21 16:30:48,2026-05-21,4,羽毛球馆-16号,19:30-20:30,1,1,已售/已满,已售,晴,25,24,3,0.0,60,39
2026-05-21 17:00:49,2026-05-21,4,羽毛球馆-16号,19:30-20:30,1,1,已售/已满,已售,晴,25,24,4,0.0,61,39
2026-05-21 17:30:47,2026-05-21,4,羽毛球馆-16号,19:30-20:30,1,1,已售/已满,已售,多云,24,23,3,0.0,64,39
2026-05-21 18:00:50,2026-05-21,4,羽毛球馆-16号,19:30-20:30,1,1,已售/已满,已售,多云,24,23,3,0.0,68,39
2026-05-21 18:30:50,2026-05-21,4,羽毛球馆-16号,19:30-20:30,1,1,已售/已满,已售,阴,24,25,2,0.0,68,40
2026-05-21 19:00:50,2026-05-21,4,羽毛球馆-16号,19:30-20:30,1,1,已售/已满,已售,阴,23,23,3,0.0,76,40
2026-05-21 19:30:46,2026-05-21,4,羽毛球馆-16号,19:30-20:30,1,1,已售/已满,已售,阴,23,24,2,0.0,77,39
2026-05-21 20:00:49,2026-05-21,4,羽毛球馆-16号,19:30-20:30,1,1,已售/已满,已售,雾,22,23,2,0.0,89,39
2026-05-21 20:30:44,2026-05-21,4,羽毛球馆-16号,19:30-20:30,1,1,已售/已满,已售,雾,22,24,2,0.0,93,43
2026-05-21 21:00:56,2026-05-21,4,羽毛球馆-16号,19:30-20:30,1,1,已售/已满,已售,雾,20,21,2,0.0,98,43
2026-05-21 21:30:46,2026-05-21,4,羽毛球馆-16号,19:30-20:30,1,1,已售/已满,已售,雾,20,22,1,0.0,99,41
2026-05-21 22:01:02,2026-05-21,4,羽毛球馆-16号,19:30-20:30,1,1,已售/已满,已售,雾,19,20,2,0.0,93,41
2026-05-21 22:30:47,2026-05-21,4,羽毛球馆-16号,19:30-20:30,1,1,已售/已满,已售,雾,19,19,3,0.0,88,46
2026-05-21 23:00:56,2026-05-21,4,羽毛球馆-16号,19:30-20:30,1,1,已售/已满,已售,多云,18,17,3,0.0,85,46
2026-05-21 23:30:55,2026-05-21,4,羽毛球馆-16号,19:30-20:30,1,1,已售/已满,已售,多云,18,17,3,0.0,85,48
2026-05-21 00:30:49,2026-05-21,4,羽毛球馆-16号,20:30-21:30,1,1,已售/已满,已售,多云,15,13,3,0.0,100,26
2026-05-21 01:00:55,2026-05-21,4,羽毛球馆-16号,20:30-21:30,1,1,已售/已满,已售,多云,15,12,4,0.0,100,26
2026-05-21 01:30:47,2026-05-21,4,羽毛球馆-16号,20:30-21:30,1,1,已售/已满,已售,多云,15,13,4,0.0,100,28
2026-05-21 02:00:53,2026-05-21,4,羽毛球馆-16号,20:30-21:30,1,1,已售/已满,已售,多云,15,12,4,0.0,100,28
2026-05-21 02:30:49,2026-05-21,4,羽毛球馆-16号,20:30-21:30,1,1,已售/已满,已售,多云,15,14,3,0.0,100,29
2026-05-21 03:00:55,2026-05-21,4,羽毛球馆-16号,20:30-21:30,1,1,已售/已满,已售,多云,15,12,4,0.0,100,29
2026-05-21 03:30:49,2026-05-21,4,羽毛球馆-16号,20:30-21:30,1,1,已售/已满,已售,多云,15,14,3,0.0,100,30
2026-05-21 04:30:45,2026-05-21,4,羽毛球馆-16号,20:30-21:30,1,1,已售/已满,已售,多云,15,12,4,0.0,100,29
2026-05-21 05:00:52,2026-05-21,4,羽毛球馆-16号,20:30-21:30,1,1,已售/已满,已售,多云,15,12,4,0.0,100,29
2026-05-21 05:30:49,2026-05-21,4,羽毛球馆-16号,20:30-21:30,1,1,已售/已满,已售,多云,15,13,3,0.0,100,28
2026-05-21 06:00:50,2026-05-21,4,羽毛球馆-16号,20:30-21:30,1,1,已售/已满,已售,多云,15,13,4,0.0,99,28
2026-05-21 06:30:38,2026-05-21,4,羽毛球馆-16号,20:30-21:30,1,1,已售/已满,已售,多云,15,13,3,0.0,97,28
2026-05-21 07:00:43,2026-05-21,4,羽毛球馆-16号,20:30-21:30,1,1,已售/已满,已售,晴,15,11,5,0.0,93,28
2026-05-21 07:30:39,2026-05-21,4,羽毛球馆-16号,20:30-21:30,1,1,已售/已满,已售,晴,17,13,4,0.0,89,29
2026-05-21 07:50:40,2026-05-21,4,羽毛球馆-16号,20:30-21:30,1,1,已售/已满,已售,晴,17,13,4,0.0,88,29
2026-05-21 07:53:31,2026-05-21,4,羽毛球馆-16号,20:30-21:30,1,1,已售/已满,已售,晴,17,12,5,0.0,86,29
2026-05-21 07:56:31,2026-05-21,4,羽毛球馆-16号,20:30-21:30,1,1,已售/已满,已售,晴,17,12,5,0.0,86,29
2026-05-21 07:59:26,2026-05-21,4,羽毛球馆-16号,20:30-21:30,1,1,已售/已满,已售,晴,17,12,5,0.0,86,29
2026-05-21 08:00:45,2026-05-21,4,羽毛球馆-16号,20:30-21:30,1,1,已售/已满,已售,晴,17,12,5,0.0,86,29
2026-05-21 08:02:30,2026-05-21,4,羽毛球馆-16号,20:30-21:30,1,1,已售/已满,已售,多云,17,12,5,0.0,87,29
2026-05-21 08:05:36,2026-05-21,4,羽毛球馆-16号,20:30-21:30,1,1,已售/已满,已售,多云,17,12,5,0.0,86,29
2026-05-21 08:08:31,2026-05-21,4,羽毛球馆-16号,20:30-21:30,1,1,已售/已满,已售,多云,17,12,5,0.0,86,29
2026-05-21 08:11:30,2026-05-21,4,羽毛球馆-16号,20:30-21:30,1,1,已售/已满,已售,多云,17,12,5,0.0,86,29
2026-05-21 08:14:31,2026-05-21,4,羽毛球馆-16号,20:30-21:30,1,1,已售/已满,已售,多云,17,12,5,0.0,86,29
2026-05-21 08:17:30,2026-05-21,4,羽毛球馆-16号,20:30-21:30,1,1,已售/已满,已售,多云,17,12,5,0.0,86,29
2026-05-21 08:20:35,2026-05-21,4,羽毛球馆-16号,20:30-21:30,1,1,已售/已满,已售,多云,17,14,4,0.0,85,29
2026-05-21 08:25:32,2026-05-21,4,羽毛球馆-16号,20:30-21:30,1,1,已售/已满,已售,多云,17,14,4,0.0,85,28
2026-05-21 08:30:42,2026-05-21,4,羽毛球馆-16号,20:30-21:30,1,1,已售/已满,已售,多云,18,15,4,0.0,84,28
2026-05-21 08:35:31,2026-05-21,4,羽毛球馆-16号,20:30-21:30,1,1,已售/已满,已售,多云,18,15,4,0.0,84,28
2026-05-21 08:40:38,2026-05-21,4,羽毛球馆-16号,20:30-21:30,1,1,已售/已满,已售,多云,18,15,4,0.0,82,28
2026-05-21 08:45:33,2026-05-21,4,羽毛球馆-16号,20:30-21:30,1,1,已售/已满,已售,多云,18,15,4,0.0,82,28
2026-05-21 08:50:36,2026-05-21,4,羽毛球馆-16号,20:30-21:30,1,1,已售/已满,已售,多云,18,15,4,0.0,82,28
2026-05-21 08:55:34,2026-05-21,4,羽毛球馆-16号,20:30-21:30,1,1,已售/已满,已售,多云,18,15,4,0.0,84,28
2026-05-21 09:00:51,2026-05-21,4,羽毛球馆-16号,20:30-21:30,1,1,已售/已满,已售,多云,18,15,4,0.0,84,28
2026-05-21 09:01:59,2026-05-21,4,羽毛球馆-16号,20:30-21:30,1,1,已售/已满,已售,多云,18,15,4,0.0,83,28
2026-05-21 09:05:33,2026-05-21,4,羽毛球馆-16号,20:30-21:30,1,1,已售/已满,已售,多云,18,15,4,0.0,83,28
2026-05-21 09:20:38,2026-05-21,4,羽毛球馆-16号,20:30-21:30,1,1,已售/已满,已售,多云,18,16,3,0.0,81,28
2026-05-21 09:30:46,2026-05-21,4,羽毛球馆-16号,20:30-21:30,1,1,已售/已满,已售,多云,18,16,3,0.0,81,32
2026-05-21 09:40:36,2026-05-21,4,羽毛球馆-16号,20:30-21:30,1,1,已售/已满,已售,多云,19,17,3,0.0,79,32
2026-05-21 09:50:42,2026-05-21,4,羽毛球馆-16号,20:30-21:30,1,1,已售/已满,已售,多云,19,17,4,0.0,81,32
2026-05-21 10:00:46,2026-05-21,4,羽毛球馆-16号,20:30-21:30,1,1,已售/已满,已售,多云,19,17,4,0.0,79,32
2026-05-21 10:10:40,2026-05-21,4,羽毛球馆-16号,20:30-21:30,1,1,已售/已满,已售,多云,19,17,4,0.0,79,32
2026-05-21 10:20:38,2026-05-21,4,羽毛球馆-16号,20:30-21:30,1,1,已售/已满,已售,多云,19,17,4,0.0,79,32
2026-05-21 10:30:41,2026-05-21,4,羽毛球馆-16号,20:30-21:30,1,1,已售/已满,已售,多云,19,18,3,0.0,78,31
2026-05-21 11:00:44,2026-05-21,4,羽毛球馆-16号,20:30-21:30,1,1,已售/已满,已售,多云,21,17,5,0.0,74,31
2026-05-21 11:30:38,2026-05-21,4,羽毛球馆-16号,20:30-21:30,1,1,已售/已满,已售,多云,21,19,3,0.0,72,33
2026-05-21 12:00:46,2026-05-21,4,羽毛球馆-16号,20:30-21:30,1,1,已售/已满,已售,多云,22,19,4,0.0,70,33
2026-05-21 12:30:42,2026-05-21,4,羽毛球馆-16号,20:30-21:30,1,1,已售/已满,已售,多云,22,21,3,0.0,68,35
2026-05-21 13:00:43,2026-05-21,4,羽毛球馆-16号,20:30-21:30,1,1,已售/已满,已售,多云,24,22,4,0.0,66,35
2026-05-21 13:30:43,2026-05-21,4,羽毛球馆-16号,20:30-21:30,1,1,已售/已满,已售,多云,24,22,4,0.0,66,36
2026-05-21 14:00:48,2026-05-21,4,羽毛球馆-16号,20:30-21:30,1,1,已售/已满,已售,多云,25,23,4,0.0,66,36
2026-05-21 14:30:45,2026-05-21,4,羽毛球馆-16号,20:30-21:30,1,1,已售/已满,已售,晴,25,25,3,0.0,65,39
2026-05-21 15:00:45,2026-05-21,4,羽毛球馆-16号,20:30-21:30,1,1,已售/已满,已售,晴,25,22,4,0.0,56,39
2026-05-21 15:30:43,2026-05-21,4,羽毛球馆-16号,20:30-21:30,1,1,已售/已满,已售,晴,25,23,4,0.0,57,40
2026-05-21 16:00:51,2026-05-21,4,羽毛球馆-16号,20:30-21:30,1,1,已售/已满,已售,晴,25,23,4,0.0,57,40
2026-05-21 16:30:48,2026-05-21,4,羽毛球馆-16号,20:30-21:30,1,1,已售/已满,已售,晴,25,24,3,0.0,60,39
2026-05-21 17:00:49,2026-05-21,4,羽毛球馆-16号,20:30-21:30,1,1,已售/已满,已售,晴,25,24,4,0.0,61,39
2026-05-21 17:30:47,2026-05-21,4,羽毛球馆-16号,20:30-21:30,1,1,已售/已满,已售,多云,24,23,3,0.0,64,39
2026-05-21 18:00:50,2026-05-21,4,羽毛球馆-16号,20:30-21:30,1,1,已售/已满,已售,多云,24,23,3,0.0,68,39
2026-05-21 18:30:50,2026-05-21,4,羽毛球馆-16号,20:30-21:30,1,1,已售/已满,已售,阴,24,25,2,0.0,68,40
2026-05-21 19:00:50,2026-05-21,4,羽毛球馆-16号,20:30-21:30,1,1,已售/已满,已售,阴,23,23,3,0.0,76,40
2026-05-21 19:30:46,2026-05-21,4,羽毛球馆-16号,20:30-21:30,1,1,已售/已满,已售,阴,23,24,2,0.0,77,39
2026-05-21 20:00:49,2026-05-21,4,羽毛球馆-16号,20:30-21:30,1,1,已售/已满,已售,雾,22,23,2,0.0,89,39
2026-05-21 20:30:44,2026-05-21,4,羽毛球馆-16号,20:30-21:30,1,1,已售/已满,已售,雾,22,24,2,0.0,93,43
2026-05-21 21:00:56,2026-05-21,4,羽毛球馆-16号,20:30-21:30,1,1,已售/已满,已售,雾,20,21,2,0.0,98,43
2026-05-21 21:30:46,2026-05-21,4,羽毛球馆-16号,20:30-21:30,1,1,已售/已满,已售,雾,20,22,1,0.0,99,41
2026-05-21 22:01:02,2026-05-21,4,羽毛球馆-16号,20:30-21:30,1,1,已售/已满,已售,雾,19,20,2,0.0,93,41
2026-05-21 22:30:47,2026-05-21,4,羽毛球馆-16号,20:30-21:30,1,1,已售/已满,已售,雾,19,19,3,0.0,88,46
2026-05-21 23:00:56,2026-05-21,4,羽毛球馆-16号,20:30-21:30,1,1,已售/已满,已售,多云,18,17,3,0.0,85,46
2026-05-21 23:30:55,2026-05-21,4,羽毛球馆-16号,20:30-21:30,1,1,已售/已满,已售,多云,18,17,3,0.0,85,48
2026-05-21 00:30:49,2026-05-21,4,羽毛球馆-17号,07:00-08:00,0,1,可预约,￥0.0,多云,15,13,3,0.0,100,26
2026-05-21 01:00:55,2026-05-21,4,羽毛球馆-17号,07:00-08:00,0,1,可预约,￥0.0,多云,15,12,4,0.0,100,26
2026-05-21 01:30:47,2026-05-21,4,羽毛球馆-17号,07:00-08:00,0,1,可预约,￥0.0,多云,15,13,4,0.0,100,28
2026-05-21 02:00:53,2026-05-21,4,羽毛球馆-17号,07:00-08:00,0,1,可预约,￥0.0,多云,15,12,4,0.0,100,28
2026-05-21 02:30:49,2026-05-21,4,羽毛球馆-17号,07:00-08:00,0,1,可预约,￥0.0,多云,15,14,3,0.0,100,29
2026-05-21 03:00:55,2026-05-21,4,羽毛球馆-17号,07:00-08:00,0,1,可预约,￥0.0,多云,15,12,4,0.0,100,29
2026-05-21 03:30:49,2026-05-21,4,羽毛球馆-17号,07:00-08:00,0,1,可预约,￥0.0,多云,15,14,3,0.0,100,30
2026-05-21 04:30:45,2026-05-21,4,羽毛球馆-17号,07:00-08:00,0,1,可预约,￥0.0,多云,15,12,4,0.0,100,29
2026-05-21 05:00:52,2026-05-21,4,羽毛球馆-17号,07:00-08:00,0,1,可预约,￥0.0,多云,15,12,4,0.0,100,29
2026-05-21 05:30:49,2026-05-21,4,羽毛球馆-17号,07:00-08:00,0,1,可预约,￥0.0,多云,15,13,3,0.0,100,28
2026-05-21 06:00:50,2026-05-21,4,羽毛球馆-17号,07:00-08:00,0,1,可预约,￥0.0,多云,15,13,4,0.0,99,28
2026-05-21 06:30:38,2026-05-21,4,羽毛球馆-17号,07:00-08:00,0,1,可预约,￥0.0,多云,15,13,3,0.0,97,28
2026-05-21 07:00:43,2026-05-21,4,羽毛球馆-17号,07:00-08:00,0,1,可预约,￥0.0,晴,15,11,5,0.0,93,28
2026-05-21 07:30:39,2026-05-21,4,羽毛球馆-17号,07:00-08:00,0,1,可预约,￥0.0,晴,17,13,4,0.0,89,29
2026-05-21 07:50:40,2026-05-21,4,羽毛球馆-17号,07:00-08:00,0,1,可预约,￥0.0,晴,17,13,4,0.0,88,29
2026-05-21 07:53:31,2026-05-21,4,羽毛球馆-17号,07:00-08:00,0,1,可预约,￥0.0,晴,17,12,5,0.0,86,29
2026-05-21 07:56:31,2026-05-21,4,羽毛球馆-17号,07:00-08:00,0,1,可预约,￥0.0,晴,17,12,5,0.0,86,29
2026-05-21 07:59:26,2026-05-21,4,羽毛球馆-17号,07:00-08:00,0,1,可预约,￥0.0,晴,17,12,5,0.0,86,29
2026-05-21 08:00:45,2026-05-21,4,羽毛球馆-17号,07:00-08:00,0,1,不开放/已过期,,晴,17,12,5,0.0,86,29
2026-05-21 08:02:30,2026-05-21,4,羽毛球馆-17号,07:00-08:00,0,1,不开放/已过期,,多云,17,12,5,0.0,87,29
2026-05-21 08:05:36,2026-05-21,4,羽毛球馆-17号,07:00-08:00,0,1,不开放/已过期,,多云,17,12,5,0.0,86,29
2026-05-21 08:08:31,2026-05-21,4,羽毛球馆-17号,07:00-08:00,0,1,不开放/已过期,,多云,17,12,5,0.0,86,29
2026-05-21 08:11:30,2026-05-21,4,羽毛球馆-17号,07:00-08:00,0,1,不开放/已过期,,多云,17,12,5,0.0,86,29
2026-05-21 08:14:31,2026-05-21,4,羽毛球馆-17号,07:00-08:00,0,1,不开放/已过期,,多云,17,12,5,0.0,86,29
2026-05-21 08:17:30,2026-05-21,4,羽毛球馆-17号,07:00-08:00,0,1,不开放/已过期,,多云,17,12,5,0.0,86,29
2026-05-21 08:20:35,2026-05-21,4,羽毛球馆-17号,07:00-08:00,0,1,不开放/已过期,,多云,17,14,4,0.0,85,29
2026-05-21 08:25:32,2026-05-21,4,羽毛球馆-17号,07:00-08:00,0,1,不开放/已过期,,多云,17,14,4,0.0,85,28
2026-05-21 08:30:42,2026-05-21,4,羽毛球馆-17号,07:00-08:00,0,1,不开放/已过期,,多云,18,15,4,0.0,84,28
2026-05-21 08:35:31,2026-05-21,4,羽毛球馆-17号,07:00-08:00,0,1,不开放/已过期,,多云,18,15,4,0.0,84,28
2026-05-21 08:40:38,2026-05-21,4,羽毛球馆-17号,07:00-08:00,0,1,不开放/已过期,,多云,18,15,4,0.0,82,28
2026-05-21 08:45:33,2026-05-21,4,羽毛球馆-17号,07:00-08:00,0,1,不开放/已过期,,多云,18,15,4,0.0,82,28
2026-05-21 08:50:36,2026-05-21,4,羽毛球馆-17号,07:00-08:00,0,1,不开放/已过期,,多云,18,15,4,0.0,82,28
2026-05-21 08:55:34,2026-05-21,4,羽毛球馆-17号,07:00-08:00,0,1,不开放/已过期,,多云,18,15,4,0.0,84,28
2026-05-21 09:00:51,2026-05-21,4,羽毛球馆-17号,07:00-08:00,0,1,不开放/已过期,,多云,18,15,4,0.0,84,28
2026-05-21 09:01:59,2026-05-21,4,羽毛球馆-17号,07:00-08:00,0,1,不开放/已过期,,多云,18,15,4,0.0,83,28
2026-05-21 09:05:33,2026-05-21,4,羽毛球馆-17号,07:00-08:00,0,1,不开放/已过期,,多云,18,15,4,0.0,83,28
2026-05-21 09:20:38,2026-05-21,4,羽毛球馆-17号,07:00-08:00,0,1,不开放/已过期,,多云,18,16,3,0.0,81,28
2026-05-21 09:30:46,2026-05-21,4,羽毛球馆-17号,07:00-08:00,0,1,不开放/已过期,,多云,18,16,3,0.0,81,32
2026-05-21 09:40:36,2026-05-21,4,羽毛球馆-17号,07:00-08:00,0,1,不开放/已过期,,多云,19,17,3,0.0,79,32
2026-05-21 09:50:42,2026-05-21,4,羽毛球馆-17号,07:00-08:00,0,1,不开放/已过期,,多云,19,17,4,0.0,81,32
2026-05-21 10:00:46,2026-05-21,4,羽毛球馆-17号,07:00-08:00,0,1,不开放/已过期,,多云,19,17,4,0.0,79,32
2026-05-21 10:10:40,2026-05-21,4,羽毛球馆-17号,07:00-08:00,0,1,不开放/已过期,,多云,19,17,4,0.0,79,32
2026-05-21 10:20:38,2026-05-21,4,羽毛球馆-17号,07:00-08:00,0,1,不开放/已过期,,多云,19,17,4,0.0,79,32
2026-05-21 10:30:41,2026-05-21,4,羽毛球馆-17号,07:00-08:00,0,1,不开放/已过期,,多云,19,18,3,0.0,78,31
2026-05-21 11:00:44,2026-05-21,4,羽毛球馆-17号,07:00-08:00,0,1,不开放/已过期,,多云,21,17,5,0.0,74,31
2026-05-21 11:30:38,2026-05-21,4,羽毛球馆-17号,07:00-08:00,0,1,不开放/已过期,,多云,21,19,3,0.0,72,33
2026-05-21 12:00:46,2026-05-21,4,羽毛球馆-17号,07:00-08:00,0,1,不开放/已过期,,多云,22,19,4,0.0,70,33
2026-05-21 12:30:42,2026-05-21,4,羽毛球馆-17号,07:00-08:00,0,1,不开放/已过期,,多云,22,21,3,0.0,68,35
2026-05-21 13:00:43,2026-05-21,4,羽毛球馆-17号,07:00-08:00,0,1,不开放/已过期,,多云,24,22,4,0.0,66,35
2026-05-21 13:30:43,2026-05-21,4,羽毛球馆-17号,07:00-08:00,0,1,不开放/已过期,,多云,24,22,4,0.0,66,36
2026-05-21 14:00:48,2026-05-21,4,羽毛球馆-17号,07:00-08:00,0,1,不开放/已过期,,多云,25,23,4,0.0,66,36
2026-05-21 14:30:45,2026-05-21,4,羽毛球馆-17号,07:00-08:00,0,1,不开放/已过期,,晴,25,25,3,0.0,65,39
2026-05-21 15:00:45,2026-05-21,4,羽毛球馆-17号,07:00-08:00,0,1,不开放/已过期,,晴,25,22,4,0.0,56,39
2026-05-21 15:30:43,2026-05-21,4,羽毛球馆-17号,07:00-08:00,0,1,不开放/已过期,,晴,25,23,4,0.0,57,40
2026-05-21 16:00:51,2026-05-21,4,羽毛球馆-17号,07:00-08:00,0,1,不开放/已过期,,晴,25,23,4,0.0,57,40
2026-05-21 16:30:48,2026-05-21,4,羽毛球馆-17号,07:00-08:00,0,1,不开放/已过期,,晴,25,24,3,0.0,60,39
2026-05-21 17:00:49,2026-05-21,4,羽毛球馆-17号,07:00-08:00,0,1,不开放/已过期,,晴,25,24,4,0.0,61,39
2026-05-21 17:30:47,2026-05-21,4,羽毛球馆-17号,07:00-08:00,0,1,不开放/已过期,,多云,24,23,3,0.0,64,39
2026-05-21 18:00:50,2026-05-21,4,羽毛球馆-17号,07:00-08:00,0,1,不开放/已过期,,多云,24,23,3,0.0,68,39
2026-05-21 18:30:50,2026-05-21,4,羽毛球馆-17号,07:00-08:00,0,1,不开放/已过期,,阴,24,25,2,0.0,68,40
2026-05-21 19:00:50,2026-05-21,4,羽毛球馆-17号,07:00-08:00,0,1,不开放/已过期,,阴,23,23,3,0.0,76,40
2026-05-21 19:30:46,2026-05-21,4,羽毛球馆-17号,07:00-08:00,0,1,不开放/已过期,,阴,23,24,2,0.0,77,39
2026-05-21 20:00:49,2026-05-21,4,羽毛球馆-17号,07:00-08:00,0,1,不开放/已过期,,雾,22,23,2,0.0,89,39
2026-05-21 20:30:44,2026-05-21,4,羽毛球馆-17号,07:00-08:00,0,1,不开放/已过期,,雾,22,24,2,0.0,93,43
2026-05-21 21:00:56,2026-05-21,4,羽毛球馆-17号,07:00-08:00,0,1,不开放/已过期,,雾,20,21,2,0.0,98,43
2026-05-21 21:30:46,2026-05-21,4,羽毛球馆-17号,07:00-08:00,0,1,不开放/已过期,,雾,20,22,1,0.0,99,41
2026-05-21 22:01:02,2026-05-21,4,羽毛球馆-17号,07:00-08:00,0,1,不开放/已过期,,雾,19,20,2,0.0,93,41
2026-05-21 22:30:47,2026-05-21,4,羽毛球馆-17号,07:00-08:00,0,1,不开放/已过期,,雾,19,19,3,0.0,88,46
2026-05-21 23:00:56,2026-05-21,4,羽毛球馆-17号,07:00-08:00,0,1,不开放/已过期,,多云,18,17,3,0.0,85,46
2026-05-21 23:30:55,2026-05-21,4,羽毛球馆-17号,07:00-08:00,0,1,不开放/已过期,,多云,18,17,3,0.0,85,48
2026-05-21 00:30:49,2026-05-21,4,羽毛球馆-17号,08:00-09:00,0,1,可预约,￥0.0,多云,15,13,3,0.0,100,26
2026-05-21 01:00:55,2026-05-21,4,羽毛球馆-17号,08:00-09:00,0,1,可预约,￥0.0,多云,15,12,4,0.0,100,26
2026-05-21 01:30:47,2026-05-21,4,羽毛球馆-17号,08:00-09:00,0,1,可预约,￥0.0,多云,15,13,4,0.0,100,28
2026-05-21 02:00:53,2026-05-21,4,羽毛球馆-17号,08:00-09:00,0,1,可预约,￥0.0,多云,15,12,4,0.0,100,28
2026-05-21 02:30:49,2026-05-21,4,羽毛球馆-17号,08:00-09:00,0,1,可预约,￥0.0,多云,15,14,3,0.0,100,29
2026-05-21 03:00:55,2026-05-21,4,羽毛球馆-17号,08:00-09:00,0,1,可预约,￥0.0,多云,15,12,4,0.0,100,29
2026-05-21 03:30:49,2026-05-21,4,羽毛球馆-17号,08:00-09:00,0,1,可预约,￥0.0,多云,15,14,3,0.0,100,30
2026-05-21 04:30:45,2026-05-21,4,羽毛球馆-17号,08:00-09:00,0,1,可预约,￥0.0,多云,15,12,4,0.0,100,29
2026-05-21 05:00:52,2026-05-21,4,羽毛球馆-17号,08:00-09:00,0,1,可预约,￥0.0,多云,15,12,4,0.0,100,29
2026-05-21 05:30:49,2026-05-21,4,羽毛球馆-17号,08:00-09:00,0,1,可预约,￥0.0,多云,15,13,3,0.0,100,28
2026-05-21 06:00:50,2026-05-21,4,羽毛球馆-17号,08:00-09:00,0,1,可预约,￥0.0,多云,15,13,4,0.0,99,28
2026-05-21 06:30:38,2026-05-21,4,羽毛球馆-17号,08:00-09:00,0,1,可预约,￥0.0,多云,15,13,3,0.0,97,28
2026-05-21 07:00:43,2026-05-21,4,羽毛球馆-17号,08:00-09:00,0,1,可预约,￥0.0,晴,15,11,5,0.0,93,28
2026-05-21 07:30:39,2026-05-21,4,羽毛球馆-17号,08:00-09:00,0,1,可预约,￥0.0,晴,17,13,4,0.0,89,29
2026-05-21 07:50:40,2026-05-21,4,羽毛球馆-17号,08:00-09:00,0,1,可预约,￥0.0,晴,17,13,4,0.0,88,29
2026-05-21 07:53:31,2026-05-21,4,羽毛球馆-17号,08:00-09:00,0,1,可预约,￥0.0,晴,17,12,5,0.0,86,29
2026-05-21 07:56:31,2026-05-21,4,羽毛球馆-17号,08:00-09:00,0,1,可预约,￥0.0,晴,17,12,5,0.0,86,29
2026-05-21 07:59:26,2026-05-21,4,羽毛球馆-17号,08:00-09:00,0,1,可预约,￥0.0,晴,17,12,5,0.0,86,29
2026-05-21 08:00:45,2026-05-21,4,羽毛球馆-17号,08:00-09:00,0,1,可预约,￥0.0,晴,17,12,5,0.0,86,29
2026-05-21 08:02:30,2026-05-21,4,羽毛球馆-17号,08:00-09:00,0,1,可预约,￥0.0,多云,17,12,5,0.0,87,29
2026-05-21 08:05:36,2026-05-21,4,羽毛球馆-17号,08:00-09:00,0,1,可预约,￥0.0,多云,17,12,5,0.0,86,29
2026-05-21 08:08:31,2026-05-21,4,羽毛球馆-17号,08:00-09:00,0,1,可预约,￥0.0,多云,17,12,5,0.0,86,29
2026-05-21 08:11:30,2026-05-21,4,羽毛球馆-17号,08:00-09:00,0,1,可预约,￥0.0,多云,17,12,5,0.0,86,29
2026-05-21 08:14:31,2026-05-21,4,羽毛球馆-17号,08:00-09:00,0,1,可预约,￥0.0,多云,17,12,5,0.0,86,29
2026-05-21 08:17:30,2026-05-21,4,羽毛球馆-17号,08:00-09:00,0,1,可预约,￥0.0,多云,17,12,5,0.0,86,29
2026-05-21 08:20:35,2026-05-21,4,羽毛球馆-17号,08:00-09:00,0,1,可预约,￥0.0,多云,17,14,4,0.0,85,29
2026-05-21 08:25:32,2026-05-21,4,羽毛球馆-17号,08:00-09:00,0,1,可预约,￥0.0,多云,17,14,4,0.0,85,28
2026-05-21 08:30:42,2026-05-21,4,羽毛球馆-17号,08:00-09:00,0,1,可预约,￥0.0,多云,18,15,4,0.0,84,28
2026-05-21 08:35:31,2026-05-21,4,羽毛球馆-17号,08:00-09:00,0,1,可预约,￥0.0,多云,18,15,4,0.0,84,28
2026-05-21 08:40:38,2026-05-21,4,羽毛球馆-17号,08:00-09:00,0,1,可预约,￥0.0,多云,18,15,4,0.0,82,28
2026-05-21 08:45:33,2026-05-21,4,羽毛球馆-17号,08:00-09:00,0,1,可预约,￥0.0,多云,18,15,4,0.0,82,28
2026-05-21 08:50:36,2026-05-21,4,羽毛球馆-17号,08:00-09:00,0,1,可预约,￥0.0,多云,18,15,4,0.0,82,28
2026-05-21 08:55:34,2026-05-21,4,羽毛球馆-17号,08:00-09:00,0,1,可预约,￥0.0,多云,18,15,4,0.0,84,28
2026-05-21 09:00:51,2026-05-21,4,羽毛球馆-17号,08:00-09:00,0,1,不开放/已过期,,多云,18,15,4,0.0,84,28
2026-05-21 09:01:59,2026-05-21,4,羽毛球馆-17号,08:00-09:00,0,1,不开放/已过期,,多云,18,15,4,0.0,83,28
2026-05-21 09:05:33,2026-05-21,4,羽毛球馆-17号,08:00-09:00,0,1,不开放/已过期,,多云,18,15,4,0.0,83,28
2026-05-21 09:20:38,2026-05-21,4,羽毛球馆-17号,08:00-09:00,0,1,不开放/已过期,,多云,18,16,3,0.0,81,28
2026-05-21 09:30:46,2026-05-21,4,羽毛球馆-17号,08:00-09:00,0,1,不开放/已过期,,多云,18,16,3,0.0,81,32
2026-05-21 09:40:36,2026-05-21,4,羽毛球馆-17号,08:00-09:00,0,1,不开放/已过期,,多云,19,17,3,0.0,79,32
2026-05-21 09:50:42,2026-05-21,4,羽毛球馆-17号,08:00-09:00,0,1,不开放/已过期,,多云,19,17,4,0.0,81,32
2026-05-21 10:00:46,2026-05-21,4,羽毛球馆-17号,08:00-09:00,0,1,不开放/已过期,,多云,19,17,4,0.0,79,32
2026-05-21 10:10:40,2026-05-21,4,羽毛球馆-17号,08:00-09:00,0,1,不开放/已过期,,多云,19,17,4,0.0,79,32
2026-05-21 10:20:38,2026-05-21,4,羽毛球馆-17号,08:00-09:00,0,1,不开放/已过期,,多云,19,17,4,0.0,79,32
2026-05-21 10:30:41,2026-05-21,4,羽毛球馆-17号,08:00-09:00,0,1,不开放/已过期,,多云,19,18,3,0.0,78,31
2026-05-21 11:00:44,2026-05-21,4,羽毛球馆-17号,08:00-09:00,0,1,不开放/已过期,,多云,21,17,5,0.0,74,31
2026-05-21 11:30:38,2026-05-21,4,羽毛球馆-17号,08:00-09:00,0,1,不开放/已过期,,多云,21,19,3,0.0,72,33
2026-05-21 12:00:46,2026-05-21,4,羽毛球馆-17号,08:00-09:00,0,1,不开放/已过期,,多云,22,19,4,0.0,70,33
2026-05-21 12:30:42,2026-05-21,4,羽毛球馆-17号,08:00-09:00,0,1,不开放/已过期,,多云,22,21,3,0.0,68,35
2026-05-21 13:00:43,2026-05-21,4,羽毛球馆-17号,08:00-09:00,0,1,不开放/已过期,,多云,24,22,4,0.0,66,35
2026-05-21 13:30:43,2026-05-21,4,羽毛球馆-17号,08:00-09:00,0,1,不开放/已过期,,多云,24,22,4,0.0,66,36
2026-05-21 14:00:48,2026-05-21,4,羽毛球馆-17号,08:00-09:00,0,1,不开放/已过期,,多云,25,23,4,0.0,66,36
2026-05-21 14:30:45,2026-05-21,4,羽毛球馆-17号,08:00-09:00,0,1,不开放/已过期,,晴,25,25,3,0.0,65,39
2026-05-21 15:00:45,2026-05-21,4,羽毛球馆-17号,08:00-09:00,0,1,不开放/已过期,,晴,25,22,4,0.0,56,39
2026-05-21 15:30:43,2026-05-21,4,羽毛球馆-17号,08:00-09:00,0,1,不开放/已过期,,晴,25,23,4,0.0,57,40
2026-05-21 16:00:51,2026-05-21,4,羽毛球馆-17号,08:00-09:00,0,1,不开放/已过期,,晴,25,23,4,0.0,57,40
2026-05-21 16:30:48,2026-05-21,4,羽毛球馆-17号,08:00-09:00,0,1,不开放/已过期,,晴,25,24,3,0.0,60,39
2026-05-21 17:00:49,2026-05-21,4,羽毛球馆-17号,08:00-09:00,0,1,不开放/已过期,,晴,25,24,4,0.0,61,39
2026-05-21 17:30:47,2026-05-21,4,羽毛球馆-17号,08:00-09:00,0,1,不开放/已过期,,多云,24,23,3,0.0,64,39
2026-05-21 18:00:50,2026-05-21,4,羽毛球馆-17号,08:00-09:00,0,1,不开放/已过期,,多云,24,23,3,0.0,68,39
2026-05-21 18:30:50,2026-05-21,4,羽毛球馆-17号,08:00-09:00,0,1,不开放/已过期,,阴,24,25,2,0.0,68,40
2026-05-21 19:00:50,2026-05-21,4,羽毛球馆-17号,08:00-09:00,0,1,不开放/已过期,,阴,23,23,3,0.0,76,40
2026-05-21 19:30:46,2026-05-21,4,羽毛球馆-17号,08:00-09:00,0,1,不开放/已过期,,阴,23,24,2,0.0,77,39
2026-05-21 20:00:49,2026-05-21,4,羽毛球馆-17号,08:00-09:00,0,1,不开放/已过期,,雾,22,23,2,0.0,89,39
2026-05-21 20:30:44,2026-05-21,4,羽毛球馆-17号,08:00-09:00,0,1,不开放/已过期,,雾,22,24,2,0.0,93,43
2026-05-21 21:00:56,2026-05-21,4,羽毛球馆-17号,08:00-09:00,0,1,不开放/已过期,,雾,20,21,2,0.0,98,43
2026-05-21 21:30:46,2026-05-21,4,羽毛球馆-17号,08:00-09:00,0,1,不开放/已过期,,雾,20,22,1,0.0,99,41
2026-05-21 22:01:02,2026-05-21,4,羽毛球馆-17号,08:00-09:00,0,1,不开放/已过期,,雾,19,20,2,0.0,93,41
2026-05-21 22:30:47,2026-05-21,4,羽毛球馆-17号,08:00-09:00,0,1,不开放/已过期,,雾,19,19,3,0.0,88,46
2026-05-21 23:00:56,2026-05-21,4,羽毛球馆-17号,08:00-09:00,0,1,不开放/已过期,,多云,18,17,3,0.0,85,46
2026-05-21 23:30:55,2026-05-21,4,羽毛球馆-17号,08:00-09:00,0,1,不开放/已过期,,多云,18,17,3,0.0,85,48
2026-05-21 00:30:49,2026-05-21,4,羽毛球馆-17号,09:00-10:00,0,1,可预约,￥12.0,多云,15,13,3,0.0,100,26
2026-05-21 01:00:55,2026-05-21,4,羽毛球馆-17号,09:00-10:00,0,1,可预约,￥12.0,多云,15,12,4,0.0,100,26
2026-05-21 01:30:47,2026-05-21,4,羽毛球馆-17号,09:00-10:00,0,1,可预约,￥12.0,多云,15,13,4,0.0,100,28
2026-05-21 02:00:53,2026-05-21,4,羽毛球馆-17号,09:00-10:00,0,1,可预约,￥12.0,多云,15,12,4,0.0,100,28
2026-05-21 02:30:49,2026-05-21,4,羽毛球馆-17号,09:00-10:00,0,1,可预约,￥12.0,多云,15,14,3,0.0,100,29
2026-05-21 03:00:55,2026-05-21,4,羽毛球馆-17号,09:00-10:00,0,1,可预约,￥12.0,多云,15,12,4,0.0,100,29
2026-05-21 03:30:49,2026-05-21,4,羽毛球馆-17号,09:00-10:00,0,1,可预约,￥12.0,多云,15,14,3,0.0,100,30
2026-05-21 04:30:45,2026-05-21,4,羽毛球馆-17号,09:00-10:00,0,1,可预约,￥12.0,多云,15,12,4,0.0,100,29
2026-05-21 05:00:52,2026-05-21,4,羽毛球馆-17号,09:00-10:00,0,1,可预约,￥12.0,多云,15,12,4,0.0,100,29
2026-05-21 05:30:49,2026-05-21,4,羽毛球馆-17号,09:00-10:00,0,1,可预约,￥12.0,多云,15,13,3,0.0,100,28
2026-05-21 06:00:50,2026-05-21,4,羽毛球馆-17号,09:00-10:00,0,1,可预约,￥12.0,多云,15,13,4,0.0,99,28
2026-05-21 06:30:38,2026-05-21,4,羽毛球馆-17号,09:00-10:00,0,1,可预约,￥12.0,多云,15,13,3,0.0,97,28
2026-05-21 07:00:43,2026-05-21,4,羽毛球馆-17号,09:00-10:00,0,1,可预约,￥12.0,晴,15,11,5,0.0,93,28
2026-05-21 07:30:39,2026-05-21,4,羽毛球馆-17号,09:00-10:00,0,1,可预约,￥12.0,晴,17,13,4,0.0,89,29
2026-05-21 07:50:40,2026-05-21,4,羽毛球馆-17号,09:00-10:00,0,1,可预约,￥12.0,晴,17,13,4,0.0,88,29
2026-05-21 07:53:31,2026-05-21,4,羽毛球馆-17号,09:00-10:00,0,1,可预约,￥12.0,晴,17,12,5,0.0,86,29
2026-05-21 07:56:31,2026-05-21,4,羽毛球馆-17号,09:00-10:00,0,1,可预约,￥12.0,晴,17,12,5,0.0,86,29
2026-05-21 07:59:26,2026-05-21,4,羽毛球馆-17号,09:00-10:00,0,1,可预约,￥12.0,晴,17,12,5,0.0,86,29
2026-05-21 08:00:45,2026-05-21,4,羽毛球馆-17号,09:00-10:00,0,1,可预约,￥12.0,晴,17,12,5,0.0,86,29
2026-05-21 08:02:30,2026-05-21,4,羽毛球馆-17号,09:00-10:00,0,1,可预约,￥12.0,多云,17,12,5,0.0,87,29
2026-05-21 08:05:36,2026-05-21,4,羽毛球馆-17号,09:00-10:00,0,1,可预约,￥12.0,多云,17,12,5,0.0,86,29
2026-05-21 08:08:31,2026-05-21,4,羽毛球馆-17号,09:00-10:00,0,1,可预约,￥12.0,多云,17,12,5,0.0,86,29
2026-05-21 08:11:30,2026-05-21,4,羽毛球馆-17号,09:00-10:00,0,1,可预约,￥12.0,多云,17,12,5,0.0,86,29
2026-05-21 08:14:31,2026-05-21,4,羽毛球馆-17号,09:00-10:00,0,1,可预约,￥12.0,多云,17,12,5,0.0,86,29
2026-05-21 08:17:30,2026-05-21,4,羽毛球馆-17号,09:00-10:00,0,1,可预约,￥12.0,多云,17,12,5,0.0,86,29
2026-05-21 08:20:35,2026-05-21,4,羽毛球馆-17号,09:00-10:00,0,1,可预约,￥12.0,多云,17,14,4,0.0,85,29
2026-05-21 08:25:32,2026-05-21,4,羽毛球馆-17号,09:00-10:00,0,1,可预约,￥12.0,多云,17,14,4,0.0,85,28
2026-05-21 08:30:42,2026-05-21,4,羽毛球馆-17号,09:00-10:00,0,1,可预约,￥12.0,多云,18,15,4,0.0,84,28
2026-05-21 08:35:31,2026-05-21,4,羽毛球馆-17号,09:00-10:00,0,1,可预约,￥12.0,多云,18,15,4,0.0,84,28
2026-05-21 08:40:38,2026-05-21,4,羽毛球馆-17号,09:00-10:00,0,1,可预约,￥12.0,多云,18,15,4,0.0,82,28
2026-05-21 08:45:33,2026-05-21,4,羽毛球馆-17号,09:00-10:00,0,1,可预约,￥12.0,多云,18,15,4,0.0,82,28
2026-05-21 08:50:36,2026-05-21,4,羽毛球馆-17号,09:00-10:00,0,1,可预约,￥12.0,多云,18,15,4,0.0,82,28
2026-05-21 08:55:34,2026-05-21,4,羽毛球馆-17号,09:00-10:00,0,1,可预约,￥12.0,多云,18,15,4,0.0,84,28
2026-05-21 09:00:51,2026-05-21,4,羽毛球馆-17号,09:00-10:00,0,1,可预约,￥12.0,多云,18,15,4,0.0,84,28
2026-05-21 09:01:59,2026-05-21,4,羽毛球馆-17号,09:00-10:00,0,1,可预约,￥12.0,多云,18,15,4,0.0,83,28
2026-05-21 09:05:33,2026-05-21,4,羽毛球馆-17号,09:00-10:00,0,1,可预约,￥12.0,多云,18,15,4,0.0,83,28
2026-05-21 09:20:38,2026-05-21,4,羽毛球馆-17号,09:00-10:00,0,1,可预约,￥12.0,多云,18,16,3,0.0,81,28
2026-05-21 09:30:46,2026-05-21,4,羽毛球馆-17号,09:00-10:00,0,1,可预约,￥12.0,多云,18,16,3,0.0,81,32
2026-05-21 09:40:36,2026-05-21,4,羽毛球馆-17号,09:00-10:00,0,1,可预约,￥12.0,多云,19,17,3,0.0,79,32
2026-05-21 09:50:42,2026-05-21,4,羽毛球馆-17号,09:00-10:00,0,1,可预约,￥12.0,多云,19,17,4,0.0,81,32
2026-05-21 10:00:46,2026-05-21,4,羽毛球馆-17号,09:00-10:00,0,1,不开放/已过期,,多云,19,17,4,0.0,79,32
2026-05-21 10:10:40,2026-05-21,4,羽毛球馆-17号,09:00-10:00,0,1,不开放/已过期,,多云,19,17,4,0.0,79,32
2026-05-21 10:20:38,2026-05-21,4,羽毛球馆-17号,09:00-10:00,0,1,不开放/已过期,,多云,19,17,4,0.0,79,32
2026-05-21 10:30:41,2026-05-21,4,羽毛球馆-17号,09:00-10:00,0,1,不开放/已过期,,多云,19,18,3,0.0,78,31
2026-05-21 11:00:44,2026-05-21,4,羽毛球馆-17号,09:00-10:00,0,1,不开放/已过期,,多云,21,17,5,0.0,74,31
2026-05-21 11:30:38,2026-05-21,4,羽毛球馆-17号,09:00-10:00,0,1,不开放/已过期,,多云,21,19,3,0.0,72,33
2026-05-21 12:00:46,2026-05-21,4,羽毛球馆-17号,09:00-10:00,0,1,不开放/已过期,,多云,22,19,4,0.0,70,33
2026-05-21 12:30:42,2026-05-21,4,羽毛球馆-17号,09:00-10:00,0,1,不开放/已过期,,多云,22,21,3,0.0,68,35
2026-05-21 13:00:43,2026-05-21,4,羽毛球馆-17号,09:00-10:00,0,1,不开放/已过期,,多云,24,22,4,0.0,66,35
2026-05-21 13:30:43,2026-05-21,4,羽毛球馆-17号,09:00-10:00,0,1,不开放/已过期,,多云,24,22,4,0.0,66,36
2026-05-21 14:00:48,2026-05-21,4,羽毛球馆-17号,09:00-10:00,0,1,不开放/已过期,,多云,25,23,4,0.0,66,36
2026-05-21 14:30:45,2026-05-21,4,羽毛球馆-17号,09:00-10:00,0,1,不开放/已过期,,晴,25,25,3,0.0,65,39
2026-05-21 15:00:45,2026-05-21,4,羽毛球馆-17号,09:00-10:00,0,1,不开放/已过期,,晴,25,22,4,0.0,56,39
2026-05-21 15:30:43,2026-05-21,4,羽毛球馆-17号,09:00-10:00,0,1,不开放/已过期,,晴,25,23,4,0.0,57,40
2026-05-21 16:00:51,2026-05-21,4,羽毛球馆-17号,09:00-10:00,0,1,不开放/已过期,,晴,25,23,4,0.0,57,40
2026-05-21 16:30:48,2026-05-21,4,羽毛球馆-17号,09:00-10:00,0,1,不开放/已过期,,晴,25,24,3,0.0,60,39
2026-05-21 17:00:49,2026-05-21,4,羽毛球馆-17号,09:00-10:00,0,1,不开放/已过期,,晴,25,24,4,0.0,61,39
2026-05-21 17:30:47,2026-05-21,4,羽毛球馆-17号,09:00-10:00,0,1,不开放/已过期,,多云,24,23,3,0.0,64,39
2026-05-21 18:00:50,2026-05-21,4,羽毛球馆-17号,09:00-10:00,0,1,不开放/已过期,,多云,24,23,3,0.0,68,39
2026-05-21 18:30:50,2026-05-21,4,羽毛球馆-17号,09:00-10:00,0,1,不开放/已过期,,阴,24,25,2,0.0,68,40
2026-05-21 19:00:50,2026-05-21,4,羽毛球馆-17号,09:00-10:00,0,1,不开放/已过期,,阴,23,23,3,0.0,76,40
2026-05-21 19:30:46,2026-05-21,4,羽毛球馆-17号,09:00-10:00,0,1,不开放/已过期,,阴,23,24,2,0.0,77,39
2026-05-21 20:00:49,2026-05-21,4,羽毛球馆-17号,09:00-10:00,0,1,不开放/已过期,,雾,22,23,2,0.0,89,39
2026-05-21 20:30:44,2026-05-21,4,羽毛球馆-17号,09:00-10:00,0,1,不开放/已过期,,雾,22,24,2,0.0,93,43
2026-05-21 21:00:56,2026-05-21,4,羽毛球馆-17号,09:00-10:00,0,1,不开放/已过期,,雾,20,21,2,0.0,98,43
2026-05-21 21:30:46,2026-05-21,4,羽毛球馆-17号,09:00-10:00,0,1,不开放/已过期,,雾,20,22,1,0.0,99,41
2026-05-21 22:01:02,2026-05-21,4,羽毛球馆-17号,09:00-10:00,0,1,不开放/已过期,,雾,19,20,2,0.0,93,41
2026-05-21 22:30:47,2026-05-21,4,羽毛球馆-17号,09:00-10:00,0,1,不开放/已过期,,雾,19,19,3,0.0,88,46
2026-05-21 23:00:56,2026-05-21,4,羽毛球馆-17号,09:00-10:00,0,1,不开放/已过期,,多云,18,17,3,0.0,85,46
2026-05-21 23:30:55,2026-05-21,4,羽毛球馆-17号,09:00-10:00,0,1,不开放/已过期,,多云,18,17,3,0.0,85,48
2026-05-21 00:30:49,2026-05-21,4,羽毛球馆-17号,10:00-11:00,1,1,已售/已满,教学时间,多云,15,13,3,0.0,100,26
2026-05-21 01:00:55,2026-05-21,4,羽毛球馆-17号,10:00-11:00,1,1,已售/已满,教学时间,多云,15,12,4,0.0,100,26
2026-05-21 01:30:47,2026-05-21,4,羽毛球馆-17号,10:00-11:00,1,1,已售/已满,教学时间,多云,15,13,4,0.0,100,28
2026-05-21 02:00:53,2026-05-21,4,羽毛球馆-17号,10:00-11:00,1,1,已售/已满,教学时间,多云,15,12,4,0.0,100,28
2026-05-21 02:30:49,2026-05-21,4,羽毛球馆-17号,10:00-11:00,1,1,已售/已满,教学时间,多云,15,14,3,0.0,100,29
2026-05-21 03:00:55,2026-05-21,4,羽毛球馆-17号,10:00-11:00,1,1,已售/已满,教学时间,多云,15,12,4,0.0,100,29
2026-05-21 03:30:49,2026-05-21,4,羽毛球馆-17号,10:00-11:00,1,1,已售/已满,教学时间,多云,15,14,3,0.0,100,30
2026-05-21 04:30:45,2026-05-21,4,羽毛球馆-17号,10:00-11:00,1,1,已售/已满,教学时间,多云,15,12,4,0.0,100,29
2026-05-21 05:00:52,2026-05-21,4,羽毛球馆-17号,10:00-11:00,1,1,已售/已满,教学时间,多云,15,12,4,0.0,100,29
2026-05-21 05:30:49,2026-05-21,4,羽毛球馆-17号,10:00-11:00,1,1,已售/已满,教学时间,多云,15,13,3,0.0,100,28
2026-05-21 06:00:50,2026-05-21,4,羽毛球馆-17号,10:00-11:00,1,1,已售/已满,教学时间,多云,15,13,4,0.0,99,28
2026-05-21 06:30:38,2026-05-21,4,羽毛球馆-17号,10:00-11:00,1,1,已售/已满,教学时间,多云,15,13,3,0.0,97,28
2026-05-21 07:00:43,2026-05-21,4,羽毛球馆-17号,10:00-11:00,1,1,已售/已满,教学时间,晴,15,11,5,0.0,93,28
2026-05-21 07:30:39,2026-05-21,4,羽毛球馆-17号,10:00-11:00,1,1,已售/已满,教学时间,晴,17,13,4,0.0,89,29
2026-05-21 07:50:40,2026-05-21,4,羽毛球馆-17号,10:00-11:00,1,1,已售/已满,教学时间,晴,17,13,4,0.0,88,29
2026-05-21 07:53:31,2026-05-21,4,羽毛球馆-17号,10:00-11:00,1,1,已售/已满,教学时间,晴,17,12,5,0.0,86,29
2026-05-21 07:56:31,2026-05-21,4,羽毛球馆-17号,10:00-11:00,1,1,已售/已满,教学时间,晴,17,12,5,0.0,86,29
2026-05-21 07:59:26,2026-05-21,4,羽毛球馆-17号,10:00-11:00,1,1,已售/已满,教学时间,晴,17,12,5,0.0,86,29
2026-05-21 08:00:45,2026-05-21,4,羽毛球馆-17号,10:00-11:00,1,1,已售/已满,教学时间,晴,17,12,5,0.0,86,29
2026-05-21 08:02:30,2026-05-21,4,羽毛球馆-17号,10:00-11:00,1,1,已售/已满,教学时间,多云,17,12,5,0.0,87,29
2026-05-21 08:05:36,2026-05-21,4,羽毛球馆-17号,10:00-11:00,1,1,已售/已满,教学时间,多云,17,12,5,0.0,86,29
2026-05-21 08:08:31,2026-05-21,4,羽毛球馆-17号,10:00-11:00,1,1,已售/已满,教学时间,多云,17,12,5,0.0,86,29
2026-05-21 08:11:30,2026-05-21,4,羽毛球馆-17号,10:00-11:00,1,1,已售/已满,教学时间,多云,17,12,5,0.0,86,29
2026-05-21 08:14:31,2026-05-21,4,羽毛球馆-17号,10:00-11:00,1,1,已售/已满,教学时间,多云,17,12,5,0.0,86,29
2026-05-21 08:17:30,2026-05-21,4,羽毛球馆-17号,10:00-11:00,1,1,已售/已满,教学时间,多云,17,12,5,0.0,86,29
2026-05-21 08:20:35,2026-05-21,4,羽毛球馆-17号,10:00-11:00,1,1,已售/已满,教学时间,多云,17,14,4,0.0,85,29
2026-05-21 08:25:32,2026-05-21,4,羽毛球馆-17号,10:00-11:00,1,1,已售/已满,教学时间,多云,17,14,4,0.0,85,28
2026-05-21 08:30:42,2026-05-21,4,羽毛球馆-17号,10:00-11:00,1,1,已售/已满,教学时间,多云,18,15,4,0.0,84,28
2026-05-21 08:35:31,2026-05-21,4,羽毛球馆-17号,10:00-11:00,1,1,已售/已满,教学时间,多云,18,15,4,0.0,84,28
2026-05-21 08:40:38,2026-05-21,4,羽毛球馆-17号,10:00-11:00,1,1,已售/已满,教学时间,多云,18,15,4,0.0,82,28
2026-05-21 08:45:33,2026-05-21,4,羽毛球馆-17号,10:00-11:00,1,1,已售/已满,教学时间,多云,18,15,4,0.0,82,28
2026-05-21 08:50:36,2026-05-21,4,羽毛球馆-17号,10:00-11:00,1,1,已售/已满,教学时间,多云,18,15,4,0.0,82,28
2026-05-21 08:55:34,2026-05-21,4,羽毛球馆-17号,10:00-11:00,1,1,已售/已满,教学时间,多云,18,15,4,0.0,84,28
2026-05-21 09:00:51,2026-05-21,4,羽毛球馆-17号,10:00-11:00,1,1,已售/已满,教学时间,多云,18,15,4,0.0,84,28
2026-05-21 09:01:59,2026-05-21,4,羽毛球馆-17号,10:00-11:00,1,1,已售/已满,教学时间,多云,18,15,4,0.0,83,28
2026-05-21 09:05:33,2026-05-21,4,羽毛球馆-17号,10:00-11:00,1,1,已售/已满,教学时间,多云,18,15,4,0.0,83,28
2026-05-21 09:20:38,2026-05-21,4,羽毛球馆-17号,10:00-11:00,1,1,已售/已满,教学时间,多云,18,16,3,0.0,81,28
2026-05-21 09:30:46,2026-05-21,4,羽毛球馆-17号,10:00-11:00,1,1,已售/已满,教学时间,多云,18,16,3,0.0,81,32
2026-05-21 09:40:36,2026-05-21,4,羽毛球馆-17号,10:00-11:00,1,1,已售/已满,教学时间,多云,19,17,3,0.0,79,32
2026-05-21 09:50:42,2026-05-21,4,羽毛球馆-17号,10:00-11:00,1,1,已售/已满,教学时间,多云,19,17,4,0.0,81,32
2026-05-21 10:00:46,2026-05-21,4,羽毛球馆-17号,10:00-11:00,1,1,已售/已满,教学时间,多云,19,17,4,0.0,79,32
2026-05-21 10:10:40,2026-05-21,4,羽毛球馆-17号,10:00-11:00,1,1,已售/已满,教学时间,多云,19,17,4,0.0,79,32
2026-05-21 10:20:38,2026-05-21,4,羽毛球馆-17号,10:00-11:00,1,1,已售/已满,教学时间,多云,19,17,4,0.0,79,32
2026-05-21 10:30:41,2026-05-21,4,羽毛球馆-17号,10:00-11:00,1,1,已售/已满,教学时间,多云,19,18,3,0.0,78,31
2026-05-21 11:00:44,2026-05-21,4,羽毛球馆-17号,10:00-11:00,1,1,已售/已满,教学时间,多云,21,17,5,0.0,74,31
2026-05-21 11:30:38,2026-05-21,4,羽毛球馆-17号,10:00-11:00,1,1,已售/已满,教学时间,多云,21,19,3,0.0,72,33
2026-05-21 12:00:46,2026-05-21,4,羽毛球馆-17号,10:00-11:00,1,1,已售/已满,教学时间,多云,22,19,4,0.0,70,33
2026-05-21 12:30:42,2026-05-21,4,羽毛球馆-17号,10:00-11:00,1,1,已售/已满,教学时间,多云,22,21,3,0.0,68,35
2026-05-21 13:00:43,2026-05-21,4,羽毛球馆-17号,10:00-11:00,1,1,已售/已满,教学时间,多云,24,22,4,0.0,66,35
2026-05-21 13:30:43,2026-05-21,4,羽毛球馆-17号,10:00-11:00,1,1,已售/已满,教学时间,多云,24,22,4,0.0,66,36
2026-05-21 14:00:48,2026-05-21,4,羽毛球馆-17号,10:00-11:00,1,1,已售/已满,教学时间,多云,25,23,4,0.0,66,36
2026-05-21 14:30:45,2026-05-21,4,羽毛球馆-17号,10:00-11:00,1,1,已售/已满,教学时间,晴,25,25,3,0.0,65,39
2026-05-21 15:00:45,2026-05-21,4,羽毛球馆-17号,10:00-11:00,1,1,已售/已满,教学时间,晴,25,22,4,0.0,56,39
2026-05-21 15:30:43,2026-05-21,4,羽毛球馆-17号,10:00-11:00,1,1,已售/已满,教学时间,晴,25,23,4,0.0,57,40
2026-05-21 16:00:51,2026-05-21,4,羽毛球馆-17号,10:00-11:00,1,1,已售/已满,教学时间,晴,25,23,4,0.0,57,40
2026-05-21 16:30:48,2026-05-21,4,羽毛球馆-17号,10:00-11:00,1,1,已售/已满,教学时间,晴,25,24,3,0.0,60,39
2026-05-21 17:00:49,2026-05-21,4,羽毛球馆-17号,10:00-11:00,1,1,已售/已满,教学时间,晴,25,24,4,0.0,61,39
2026-05-21 17:30:47,2026-05-21,4,羽毛球馆-17号,10:00-11:00,1,1,已售/已满,教学时间,多云,24,23,3,0.0,64,39
2026-05-21 18:00:50,2026-05-21,4,羽毛球馆-17号,10:00-11:00,1,1,已售/已满,教学时间,多云,24,23,3,0.0,68,39
2026-05-21 18:30:50,2026-05-21,4,羽毛球馆-17号,10:00-11:00,1,1,已售/已满,教学时间,阴,24,25,2,0.0,68,40
2026-05-21 19:00:50,2026-05-21,4,羽毛球馆-17号,10:00-11:00,1,1,已售/已满,教学时间,阴,23,23,3,0.0,76,40
2026-05-21 19:30:46,2026-05-21,4,羽毛球馆-17号,10:00-11:00,1,1,已售/已满,教学时间,阴,23,24,2,0.0,77,39
2026-05-21 20:00:49,2026-05-21,4,羽毛球馆-17号,10:00-11:00,1,1,已售/已满,教学时间,雾,22,23,2,0.0,89,39
2026-05-21 20:30:44,2026-05-21,4,羽毛球馆-17号,10:00-11:00,1,1,已售/已满,教学时间,雾,22,24,2,0.0,93,43
2026-05-21 21:00:56,2026-05-21,4,羽毛球馆-17号,10:00-11:00,1,1,已售/已满,教学时间,雾,20,21,2,0.0,98,43
2026-05-21 21:30:46,2026-05-21,4,羽毛球馆-17号,10:00-11:00,1,1,已售/已满,教学时间,雾,20,22,1,0.0,99,41
2026-05-21 22:01:02,2026-05-21,4,羽毛球馆-17号,10:00-11:00,1,1,已售/已满,教学时间,雾,19,20,2,0.0,93,41
2026-05-21 22:30:47,2026-05-21,4,羽毛球馆-17号,10:00-11:00,1,1,已售/已满,教学时间,雾,19,19,3,0.0,88,46
2026-05-21 23:00:56,2026-05-21,4,羽毛球馆-17号,10:00-11:00,1,1,已售/已满,教学时间,多云,18,17,3,0.0,85,46
2026-05-21 23:30:55,2026-05-21,4,羽毛球馆-17号,10:00-11:00,1,1,已售/已满,教学时间,多云,18,17,3,0.0,85,48
2026-05-21 00:30:49,2026-05-21,4,羽毛球馆-17号,11:00-12:00,1,1,已售/已满,教学时间,多云,15,13,3,0.0,100,26
2026-05-21 01:00:55,2026-05-21,4,羽毛球馆-17号,11:00-12:00,1,1,已售/已满,教学时间,多云,15,12,4,0.0,100,26
2026-05-21 01:30:47,2026-05-21,4,羽毛球馆-17号,11:00-12:00,1,1,已售/已满,教学时间,多云,15,13,4,0.0,100,28
2026-05-21 02:00:53,2026-05-21,4,羽毛球馆-17号,11:00-12:00,1,1,已售/已满,教学时间,多云,15,12,4,0.0,100,28
2026-05-21 02:30:49,2026-05-21,4,羽毛球馆-17号,11:00-12:00,1,1,已售/已满,教学时间,多云,15,14,3,0.0,100,29
2026-05-21 03:00:55,2026-05-21,4,羽毛球馆-17号,11:00-12:00,1,1,已售/已满,教学时间,多云,15,12,4,0.0,100,29
2026-05-21 03:30:49,2026-05-21,4,羽毛球馆-17号,11:00-12:00,1,1,已售/已满,教学时间,多云,15,14,3,0.0,100,30
2026-05-21 04:30:45,2026-05-21,4,羽毛球馆-17号,11:00-12:00,1,1,已售/已满,教学时间,多云,15,12,4,0.0,100,29
2026-05-21 05:00:52,2026-05-21,4,羽毛球馆-17号,11:00-12:00,1,1,已售/已满,教学时间,多云,15,12,4,0.0,100,29
2026-05-21 05:30:49,2026-05-21,4,羽毛球馆-17号,11:00-12:00,1,1,已售/已满,教学时间,多云,15,13,3,0.0,100,28
2026-05-21 06:00:50,2026-05-21,4,羽毛球馆-17号,11:00-12:00,1,1,已售/已满,教学时间,多云,15,13,4,0.0,99,28
2026-05-21 06:30:38,2026-05-21,4,羽毛球馆-17号,11:00-12:00,1,1,已售/已满,教学时间,多云,15,13,3,0.0,97,28
2026-05-21 07:00:43,2026-05-21,4,羽毛球馆-17号,11:00-12:00,1,1,已售/已满,教学时间,晴,15,11,5,0.0,93,28
2026-05-21 07:30:39,2026-05-21,4,羽毛球馆-17号,11:00-12:00,1,1,已售/已满,教学时间,晴,17,13,4,0.0,89,29
2026-05-21 07:50:40,2026-05-21,4,羽毛球馆-17号,11:00-12:00,1,1,已售/已满,教学时间,晴,17,13,4,0.0,88,29
2026-05-21 07:53:31,2026-05-21,4,羽毛球馆-17号,11:00-12:00,1,1,已售/已满,教学时间,晴,17,12,5,0.0,86,29
2026-05-21 07:56:31,2026-05-21,4,羽毛球馆-17号,11:00-12:00,1,1,已售/已满,教学时间,晴,17,12,5,0.0,86,29
2026-05-21 07:59:26,2026-05-21,4,羽毛球馆-17号,11:00-12:00,1,1,已售/已满,教学时间,晴,17,12,5,0.0,86,29
2026-05-21 08:00:45,2026-05-21,4,羽毛球馆-17号,11:00-12:00,1,1,已售/已满,教学时间,晴,17,12,5,0.0,86,29
2026-05-21 08:02:30,2026-05-21,4,羽毛球馆-17号,11:00-12:00,1,1,已售/已满,教学时间,多云,17,12,5,0.0,87,29
2026-05-21 08:05:36,2026-05-21,4,羽毛球馆-17号,11:00-12:00,1,1,已售/已满,教学时间,多云,17,12,5,0.0,86,29
2026-05-21 08:08:31,2026-05-21,4,羽毛球馆-17号,11:00-12:00,1,1,已售/已满,教学时间,多云,17,12,5,0.0,86,29
2026-05-21 08:11:30,2026-05-21,4,羽毛球馆-17号,11:00-12:00,1,1,已售/已满,教学时间,多云,17,12,5,0.0,86,29
2026-05-21 08:14:31,2026-05-21,4,羽毛球馆-17号,11:00-12:00,1,1,已售/已满,教学时间,多云,17,12,5,0.0,86,29
2026-05-21 08:17:30,2026-05-21,4,羽毛球馆-17号,11:00-12:00,1,1,已售/已满,教学时间,多云,17,12,5,0.0,86,29
2026-05-21 08:20:35,2026-05-21,4,羽毛球馆-17号,11:00-12:00,1,1,已售/已满,教学时间,多云,17,14,4,0.0,85,29
2026-05-21 08:25:32,2026-05-21,4,羽毛球馆-17号,11:00-12:00,1,1,已售/已满,教学时间,多云,17,14,4,0.0,85,28
2026-05-21 08:30:42,2026-05-21,4,羽毛球馆-17号,11:00-12:00,1,1,已售/已满,教学时间,多云,18,15,4,0.0,84,28
2026-05-21 08:35:31,2026-05-21,4,羽毛球馆-17号,11:00-12:00,1,1,已售/已满,教学时间,多云,18,15,4,0.0,84,28
2026-05-21 08:40:38,2026-05-21,4,羽毛球馆-17号,11:00-12:00,1,1,已售/已满,教学时间,多云,18,15,4,0.0,82,28
2026-05-21 08:45:33,2026-05-21,4,羽毛球馆-17号,11:00-12:00,1,1,已售/已满,教学时间,多云,18,15,4,0.0,82,28
2026-05-21 08:50:36,2026-05-21,4,羽毛球馆-17号,11:00-12:00,1,1,已售/已满,教学时间,多云,18,15,4,0.0,82,28
2026-05-21 08:55:34,2026-05-21,4,羽毛球馆-17号,11:00-12:00,1,1,已售/已满,教学时间,多云,18,15,4,0.0,84,28
2026-05-21 09:00:51,2026-05-21,4,羽毛球馆-17号,11:00-12:00,1,1,已售/已满,教学时间,多云,18,15,4,0.0,84,28
2026-05-21 09:01:59,2026-05-21,4,羽毛球馆-17号,11:00-12:00,1,1,已售/已满,教学时间,多云,18,15,4,0.0,83,28
2026-05-21 09:05:33,2026-05-21,4,羽毛球馆-17号,11:00-12:00,1,1,已售/已满,教学时间,多云,18,15,4,0.0,83,28
2026-05-21 09:20:38,2026-05-21,4,羽毛球馆-17号,11:00-12:00,1,1,已售/已满,教学时间,多云,18,16,3,0.0,81,28
2026-05-21 09:30:46,2026-05-21,4,羽毛球馆-17号,11:00-12:00,1,1,已售/已满,教学时间,多云,18,16,3,0.0,81,32
2026-05-21 09:40:36,2026-05-21,4,羽毛球馆-17号,11:00-12:00,1,1,已售/已满,教学时间,多云,19,17,3,0.0,79,32
2026-05-21 09:50:42,2026-05-21,4,羽毛球馆-17号,11:00-12:00,1,1,已售/已满,教学时间,多云,19,17,4,0.0,81,32
2026-05-21 10:00:46,2026-05-21,4,羽毛球馆-17号,11:00-12:00,1,1,已售/已满,教学时间,多云,19,17,4,0.0,79,32
2026-05-21 10:10:40,2026-05-21,4,羽毛球馆-17号,11:00-12:00,1,1,已售/已满,教学时间,多云,19,17,4,0.0,79,32
2026-05-21 10:20:38,2026-05-21,4,羽毛球馆-17号,11:00-12:00,1,1,已售/已满,教学时间,多云,19,17,4,0.0,79,32
2026-05-21 10:30:41,2026-05-21,4,羽毛球馆-17号,11:00-12:00,1,1,已售/已满,教学时间,多云,19,18,3,0.0,78,31
2026-05-21 11:00:44,2026-05-21,4,羽毛球馆-17号,11:00-12:00,1,1,已售/已满,教学时间,多云,21,17,5,0.0,74,31
2026-05-21 11:30:38,2026-05-21,4,羽毛球馆-17号,11:00-12:00,1,1,已售/已满,教学时间,多云,21,19,3,0.0,72,33
2026-05-21 12:00:46,2026-05-21,4,羽毛球馆-17号,11:00-12:00,1,1,已售/已满,教学时间,多云,22,19,4,0.0,70,33
2026-05-21 12:30:42,2026-05-21,4,羽毛球馆-17号,11:00-12:00,1,1,已售/已满,教学时间,多云,22,21,3,0.0,68,35
2026-05-21 13:00:43,2026-05-21,4,羽毛球馆-17号,11:00-12:00,1,1,已售/已满,教学时间,多云,24,22,4,0.0,66,35
2026-05-21 13:30:43,2026-05-21,4,羽毛球馆-17号,11:00-12:00,1,1,已售/已满,教学时间,多云,24,22,4,0.0,66,36
2026-05-21 14:00:48,2026-05-21,4,羽毛球馆-17号,11:00-12:00,1,1,已售/已满,教学时间,多云,25,23,4,0.0,66,36
2026-05-21 14:30:45,2026-05-21,4,羽毛球馆-17号,11:00-12:00,1,1,已售/已满,教学时间,晴,25,25,3,0.0,65,39
2026-05-21 15:00:45,2026-05-21,4,羽毛球馆-17号,11:00-12:00,1,1,已售/已满,教学时间,晴,25,22,4,0.0,56,39
2026-05-21 15:30:43,2026-05-21,4,羽毛球馆-17号,11:00-12:00,1,1,已售/已满,教学时间,晴,25,23,4,0.0,57,40
2026-05-21 16:00:51,2026-05-21,4,羽毛球馆-17号,11:00-12:00,1,1,已售/已满,教学时间,晴,25,23,4,0.0,57,40
2026-05-21 16:30:48,2026-05-21,4,羽毛球馆-17号,11:00-12:00,1,1,已售/已满,教学时间,晴,25,24,3,0.0,60,39
2026-05-21 17:00:49,2026-05-21,4,羽毛球馆-17号,11:00-12:00,1,1,已售/已满,教学时间,晴,25,24,4,0.0,61,39
2026-05-21 17:30:47,2026-05-21,4,羽毛球馆-17号,11:00-12:00,1,1,已售/已满,教学时间,多云,24,23,3,0.0,64,39
2026-05-21 18:00:50,2026-05-21,4,羽毛球馆-17号,11:00-12:00,1,1,已售/已满,教学时间,多云,24,23,3,0.0,68,39
2026-05-21 18:30:50,2026-05-21,4,羽毛球馆-17号,11:00-12:00,1,1,已售/已满,教学时间,阴,24,25,2,0.0,68,40
2026-05-21 19:00:50,2026-05-21,4,羽毛球馆-17号,11:00-12:00,1,1,已售/已满,教学时间,阴,23,23,3,0.0,76,40
2026-05-21 19:30:46,2026-05-21,4,羽毛球馆-17号,11:00-12:00,1,1,已售/已满,教学时间,阴,23,24,2,0.0,77,39
2026-05-21 20:00:49,2026-05-21,4,羽毛球馆-17号,11:00-12:00,1,1,已售/已满,教学时间,雾,22,23,2,0.0,89,39
2026-05-21 20:30:44,2026-05-21,4,羽毛球馆-17号,11:00-12:00,1,1,已售/已满,教学时间,雾,22,24,2,0.0,93,43
2026-05-21 21:00:56,2026-05-21,4,羽毛球馆-17号,11:00-12:00,1,1,已售/已满,教学时间,雾,20,21,2,0.0,98,43
2026-05-21 21:30:46,2026-05-21,4,羽毛球馆-17号,11:00-12:00,1,1,已售/已满,教学时间,雾,20,22,1,0.0,99,41
2026-05-21 22:01:02,2026-05-21,4,羽毛球馆-17号,11:00-12:00,1,1,已售/已满,教学时间,雾,19,20,2,0.0,93,41
2026-05-21 22:30:47,2026-05-21,4,羽毛球馆-17号,11:00-12:00,1,1,已售/已满,教学时间,雾,19,19,3,0.0,88,46
2026-05-21 23:00:56,2026-05-21,4,羽毛球馆-17号,11:00-12:00,1,1,已售/已满,教学时间,多云,18,17,3,0.0,85,46
2026-05-21 23:30:55,2026-05-21,4,羽毛球馆-17号,11:00-12:00,1,1,已售/已满,教学时间,多云,18,17,3,0.0,85,48
2026-05-21 00:30:49,2026-05-21,4,羽毛球馆-17号,12:00-12:55,1,1,已售/已满,已售,多云,15,13,3,0.0,100,26
2026-05-21 01:00:55,2026-05-21,4,羽毛球馆-17号,12:00-12:55,1,1,已售/已满,已售,多云,15,12,4,0.0,100,26
2026-05-21 01:30:47,2026-05-21,4,羽毛球馆-17号,12:00-12:55,1,1,已售/已满,已售,多云,15,13,4,0.0,100,28
2026-05-21 02:00:53,2026-05-21,4,羽毛球馆-17号,12:00-12:55,1,1,已售/已满,已售,多云,15,12,4,0.0,100,28
2026-05-21 02:30:49,2026-05-21,4,羽毛球馆-17号,12:00-12:55,1,1,已售/已满,已售,多云,15,14,3,0.0,100,29
2026-05-21 03:00:55,2026-05-21,4,羽毛球馆-17号,12:00-12:55,1,1,已售/已满,已售,多云,15,12,4,0.0,100,29
2026-05-21 03:30:49,2026-05-21,4,羽毛球馆-17号,12:00-12:55,1,1,已售/已满,已售,多云,15,14,3,0.0,100,30
2026-05-21 04:30:45,2026-05-21,4,羽毛球馆-17号,12:00-12:55,1,1,已售/已满,已售,多云,15,12,4,0.0,100,29
2026-05-21 05:00:52,2026-05-21,4,羽毛球馆-17号,12:00-12:55,1,1,已售/已满,已售,多云,15,12,4,0.0,100,29
2026-05-21 05:30:49,2026-05-21,4,羽毛球馆-17号,12:00-12:55,1,1,已售/已满,已售,多云,15,13,3,0.0,100,28
2026-05-21 06:00:50,2026-05-21,4,羽毛球馆-17号,12:00-12:55,1,1,已售/已满,已售,多云,15,13,4,0.0,99,28
2026-05-21 06:30:38,2026-05-21,4,羽毛球馆-17号,12:00-12:55,1,1,已售/已满,已售,多云,15,13,3,0.0,97,28
2026-05-21 07:00:43,2026-05-21,4,羽毛球馆-17号,12:00-12:55,1,1,已售/已满,已售,晴,15,11,5,0.0,93,28
2026-05-21 07:30:39,2026-05-21,4,羽毛球馆-17号,12:00-12:55,1,1,已售/已满,已售,晴,17,13,4,0.0,89,29
2026-05-21 07:50:40,2026-05-21,4,羽毛球馆-17号,12:00-12:55,1,1,已售/已满,已售,晴,17,13,4,0.0,88,29
2026-05-21 07:53:31,2026-05-21,4,羽毛球馆-17号,12:00-12:55,1,1,已售/已满,已售,晴,17,12,5,0.0,86,29
2026-05-21 07:56:31,2026-05-21,4,羽毛球馆-17号,12:00-12:55,1,1,已售/已满,已售,晴,17,12,5,0.0,86,29
2026-05-21 07:59:26,2026-05-21,4,羽毛球馆-17号,12:00-12:55,1,1,已售/已满,已售,晴,17,12,5,0.0,86,29
2026-05-21 08:00:45,2026-05-21,4,羽毛球馆-17号,12:00-12:55,1,1,已售/已满,已售,晴,17,12,5,0.0,86,29
2026-05-21 08:02:30,2026-05-21,4,羽毛球馆-17号,12:00-12:55,1,1,已售/已满,已售,多云,17,12,5,0.0,87,29
2026-05-21 08:05:36,2026-05-21,4,羽毛球馆-17号,12:00-12:55,1,1,已售/已满,已售,多云,17,12,5,0.0,86,29
2026-05-21 08:08:31,2026-05-21,4,羽毛球馆-17号,12:00-12:55,1,1,已售/已满,已售,多云,17,12,5,0.0,86,29
2026-05-21 08:11:30,2026-05-21,4,羽毛球馆-17号,12:00-12:55,1,1,已售/已满,已售,多云,17,12,5,0.0,86,29
2026-05-21 08:14:31,2026-05-21,4,羽毛球馆-17号,12:00-12:55,1,1,已售/已满,已售,多云,17,12,5,0.0,86,29
2026-05-21 08:17:30,2026-05-21,4,羽毛球馆-17号,12:00-12:55,1,1,已售/已满,已售,多云,17,12,5,0.0,86,29
2026-05-21 08:20:35,2026-05-21,4,羽毛球馆-17号,12:00-12:55,1,1,已售/已满,已售,多云,17,14,4,0.0,85,29
2026-05-21 08:25:32,2026-05-21,4,羽毛球馆-17号,12:00-12:55,1,1,已售/已满,已售,多云,17,14,4,0.0,85,28
2026-05-21 08:30:42,2026-05-21,4,羽毛球馆-17号,12:00-12:55,1,1,已售/已满,已售,多云,18,15,4,0.0,84,28
2026-05-21 08:35:31,2026-05-21,4,羽毛球馆-17号,12:00-12:55,1,1,已售/已满,已售,多云,18,15,4,0.0,84,28
2026-05-21 08:40:38,2026-05-21,4,羽毛球馆-17号,12:00-12:55,1,1,已售/已满,已售,多云,18,15,4,0.0,82,28
2026-05-21 08:45:33,2026-05-21,4,羽毛球馆-17号,12:00-12:55,1,1,已售/已满,已售,多云,18,15,4,0.0,82,28
2026-05-21 08:50:36,2026-05-21,4,羽毛球馆-17号,12:00-12:55,1,1,已售/已满,已售,多云,18,15,4,0.0,82,28
2026-05-21 08:55:34,2026-05-21,4,羽毛球馆-17号,12:00-12:55,1,1,已售/已满,已售,多云,18,15,4,0.0,84,28
2026-05-21 09:00:51,2026-05-21,4,羽毛球馆-17号,12:00-12:55,1,1,已售/已满,已售,多云,18,15,4,0.0,84,28
2026-05-21 09:01:59,2026-05-21,4,羽毛球馆-17号,12:00-12:55,1,1,已售/已满,已售,多云,18,15,4,0.0,83,28
2026-05-21 09:05:33,2026-05-21,4,羽毛球馆-17号,12:00-12:55,1,1,已售/已满,已售,多云,18,15,4,0.0,83,28
2026-05-21 09:20:38,2026-05-21,4,羽毛球馆-17号,12:00-12:55,1,1,已售/已满,已售,多云,18,16,3,0.0,81,28
2026-05-21 09:30:46,2026-05-21,4,羽毛球馆-17号,12:00-12:55,1,1,已售/已满,已售,多云,18,16,3,0.0,81,32
2026-05-21 09:40:36,2026-05-21,4,羽毛球馆-17号,12:00-12:55,1,1,已售/已满,已售,多云,19,17,3,0.0,79,32
2026-05-21 09:50:42,2026-05-21,4,羽毛球馆-17号,12:00-12:55,1,1,已售/已满,已售,多云,19,17,4,0.0,81,32
2026-05-21 10:00:46,2026-05-21,4,羽毛球馆-17号,12:00-12:55,1,1,已售/已满,已售,多云,19,17,4,0.0,79,32
2026-05-21 10:10:40,2026-05-21,4,羽毛球馆-17号,12:00-12:55,1,1,已售/已满,已售,多云,19,17,4,0.0,79,32
2026-05-21 10:20:38,2026-05-21,4,羽毛球馆-17号,12:00-12:55,1,1,已售/已满,已售,多云,19,17,4,0.0,79,32
2026-05-21 10:30:41,2026-05-21,4,羽毛球馆-17号,12:00-12:55,1,1,已售/已满,已售,多云,19,18,3,0.0,78,31
2026-05-21 11:00:44,2026-05-21,4,羽毛球馆-17号,12:00-12:55,1,1,已售/已满,已售,多云,21,17,5,0.0,74,31
2026-05-21 11:30:38,2026-05-21,4,羽毛球馆-17号,12:00-12:55,1,1,已售/已满,已售,多云,21,19,3,0.0,72,33
2026-05-21 12:00:46,2026-05-21,4,羽毛球馆-17号,12:00-12:55,1,1,已售/已满,已售,多云,22,19,4,0.0,70,33
2026-05-21 12:30:42,2026-05-21,4,羽毛球馆-17号,12:00-12:55,1,1,已售/已满,已售,多云,22,21,3,0.0,68,35
2026-05-21 13:00:43,2026-05-21,4,羽毛球馆-17号,12:00-12:55,1,1,已售/已满,已售,多云,24,22,4,0.0,66,35
2026-05-21 13:30:43,2026-05-21,4,羽毛球馆-17号,12:00-12:55,1,1,已售/已满,已售,多云,24,22,4,0.0,66,36
2026-05-21 14:00:48,2026-05-21,4,羽毛球馆-17号,12:00-12:55,1,1,已售/已满,已售,多云,25,23,4,0.0,66,36
2026-05-21 14:30:45,2026-05-21,4,羽毛球馆-17号,12:00-12:55,1,1,已售/已满,已售,晴,25,25,3,0.0,65,39
2026-05-21 15:00:45,2026-05-21,4,羽毛球馆-17号,12:00-12:55,1,1,已售/已满,已售,晴,25,22,4,0.0,56,39
2026-05-21 15:30:43,2026-05-21,4,羽毛球馆-17号,12:00-12:55,1,1,已售/已满,已售,晴,25,23,4,0.0,57,40
2026-05-21 16:00:51,2026-05-21,4,羽毛球馆-17号,12:00-12:55,1,1,已售/已满,已售,晴,25,23,4,0.0,57,40
2026-05-21 16:30:48,2026-05-21,4,羽毛球馆-17号,12:00-12:55,1,1,已售/已满,已售,晴,25,24,3,0.0,60,39
2026-05-21 17:00:49,2026-05-21,4,羽毛球馆-17号,12:00-12:55,1,1,已售/已满,已售,晴,25,24,4,0.0,61,39
2026-05-21 17:30:47,2026-05-21,4,羽毛球馆-17号,12:00-12:55,1,1,已售/已满,已售,多云,24,23,3,0.0,64,39
2026-05-21 18:00:50,2026-05-21,4,羽毛球馆-17号,12:00-12:55,1,1,已售/已满,已售,多云,24,23,3,0.0,68,39
2026-05-21 18:30:50,2026-05-21,4,羽毛球馆-17号,12:00-12:55,1,1,已售/已满,已售,阴,24,25,2,0.0,68,40
2026-05-21 19:00:50,2026-05-21,4,羽毛球馆-17号,12:00-12:55,1,1,已售/已满,已售,阴,23,23,3,0.0,76,40
2026-05-21 19:30:46,2026-05-21,4,羽毛球馆-17号,12:00-12:55,1,1,已售/已满,已售,阴,23,24,2,0.0,77,39
2026-05-21 20:00:49,2026-05-21,4,羽毛球馆-17号,12:00-12:55,1,1,已售/已满,已售,雾,22,23,2,0.0,89,39
2026-05-21 20:30:44,2026-05-21,4,羽毛球馆-17号,12:00-12:55,1,1,已售/已满,已售,雾,22,24,2,0.0,93,43
2026-05-21 21:00:56,2026-05-21,4,羽毛球馆-17号,12:00-12:55,1,1,已售/已满,已售,雾,20,21,2,0.0,98,43
2026-05-21 21:30:46,2026-05-21,4,羽毛球馆-17号,12:00-12:55,1,1,已售/已满,已售,雾,20,22,1,0.0,99,41
2026-05-21 22:01:02,2026-05-21,4,羽毛球馆-17号,12:00-12:55,1,1,已售/已满,已售,雾,19,20,2,0.0,93,41
2026-05-21 22:30:47,2026-05-21,4,羽毛球馆-17号,12:00-12:55,1,1,已售/已满,已售,雾,19,19,3,0.0,88,46
2026-05-21 23:00:56,2026-05-21,4,羽毛球馆-17号,12:00-12:55,1,1,已售/已满,已售,多云,18,17,3,0.0,85,46
2026-05-21 23:30:55,2026-05-21,4,羽毛球馆-17号,12:00-12:55,1,1,已售/已满,已售,多云,18,17,3,0.0,85,48
2026-05-21 00:30:49,2026-05-21,4,羽毛球馆-17号,12:55-13:50,1,1,已售/已满,已售,多云,15,13,3,0.0,100,26
2026-05-21 01:00:55,2026-05-21,4,羽毛球馆-17号,12:55-13:50,1,1,已售/已满,已售,多云,15,12,4,0.0,100,26
2026-05-21 01:30:47,2026-05-21,4,羽毛球馆-17号,12:55-13:50,1,1,已售/已满,已售,多云,15,13,4,0.0,100,28
2026-05-21 02:00:53,2026-05-21,4,羽毛球馆-17号,12:55-13:50,1,1,已售/已满,已售,多云,15,12,4,0.0,100,28
2026-05-21 02:30:49,2026-05-21,4,羽毛球馆-17号,12:55-13:50,1,1,已售/已满,已售,多云,15,14,3,0.0,100,29
2026-05-21 03:00:55,2026-05-21,4,羽毛球馆-17号,12:55-13:50,1,1,已售/已满,已售,多云,15,12,4,0.0,100,29
2026-05-21 03:30:49,2026-05-21,4,羽毛球馆-17号,12:55-13:50,1,1,已售/已满,已售,多云,15,14,3,0.0,100,30
2026-05-21 04:30:45,2026-05-21,4,羽毛球馆-17号,12:55-13:50,1,1,已售/已满,已售,多云,15,12,4,0.0,100,29
2026-05-21 05:00:52,2026-05-21,4,羽毛球馆-17号,12:55-13:50,1,1,已售/已满,已售,多云,15,12,4,0.0,100,29
2026-05-21 05:30:49,2026-05-21,4,羽毛球馆-17号,12:55-13:50,1,1,已售/已满,已售,多云,15,13,3,0.0,100,28
2026-05-21 06:00:50,2026-05-21,4,羽毛球馆-17号,12:55-13:50,1,1,已售/已满,已售,多云,15,13,4,0.0,99,28
2026-05-21 06:30:38,2026-05-21,4,羽毛球馆-17号,12:55-13:50,1,1,已售/已满,已售,多云,15,13,3,0.0,97,28
2026-05-21 07:00:43,2026-05-21,4,羽毛球馆-17号,12:55-13:50,1,1,已售/已满,已售,晴,15,11,5,0.0,93,28
2026-05-21 07:30:39,2026-05-21,4,羽毛球馆-17号,12:55-13:50,1,1,已售/已满,已售,晴,17,13,4,0.0,89,29
2026-05-21 07:50:40,2026-05-21,4,羽毛球馆-17号,12:55-13:50,1,1,已售/已满,已售,晴,17,13,4,0.0,88,29
2026-05-21 07:53:31,2026-05-21,4,羽毛球馆-17号,12:55-13:50,1,1,已售/已满,已售,晴,17,12,5,0.0,86,29
2026-05-21 07:56:31,2026-05-21,4,羽毛球馆-17号,12:55-13:50,1,1,已售/已满,已售,晴,17,12,5,0.0,86,29
2026-05-21 07:59:26,2026-05-21,4,羽毛球馆-17号,12:55-13:50,1,1,已售/已满,已售,晴,17,12,5,0.0,86,29
2026-05-21 08:00:45,2026-05-21,4,羽毛球馆-17号,12:55-13:50,1,1,已售/已满,已售,晴,17,12,5,0.0,86,29
2026-05-21 08:02:30,2026-05-21,4,羽毛球馆-17号,12:55-13:50,1,1,已售/已满,已售,多云,17,12,5,0.0,87,29
2026-05-21 08:05:36,2026-05-21,4,羽毛球馆-17号,12:55-13:50,1,1,已售/已满,已售,多云,17,12,5,0.0,86,29
2026-05-21 08:08:31,2026-05-21,4,羽毛球馆-17号,12:55-13:50,1,1,已售/已满,已售,多云,17,12,5,0.0,86,29
2026-05-21 08:11:30,2026-05-21,4,羽毛球馆-17号,12:55-13:50,1,1,已售/已满,已售,多云,17,12,5,0.0,86,29
2026-05-21 08:14:31,2026-05-21,4,羽毛球馆-17号,12:55-13:50,1,1,已售/已满,已售,多云,17,12,5,0.0,86,29
2026-05-21 08:17:30,2026-05-21,4,羽毛球馆-17号,12:55-13:50,1,1,已售/已满,已售,多云,17,12,5,0.0,86,29
2026-05-21 08:20:35,2026-05-21,4,羽毛球馆-17号,12:55-13:50,1,1,已售/已满,已售,多云,17,14,4,0.0,85,29
2026-05-21 08:25:32,2026-05-21,4,羽毛球馆-17号,12:55-13:50,1,1,已售/已满,已售,多云,17,14,4,0.0,85,28
2026-05-21 08:30:42,2026-05-21,4,羽毛球馆-17号,12:55-13:50,1,1,已售/已满,已售,多云,18,15,4,0.0,84,28
2026-05-21 08:35:31,2026-05-21,4,羽毛球馆-17号,12:55-13:50,1,1,已售/已满,已售,多云,18,15,4,0.0,84,28
2026-05-21 08:40:38,2026-05-21,4,羽毛球馆-17号,12:55-13:50,1,1,已售/已满,已售,多云,18,15,4,0.0,82,28
2026-05-21 08:45:33,2026-05-21,4,羽毛球馆-17号,12:55-13:50,1,1,已售/已满,已售,多云,18,15,4,0.0,82,28
2026-05-21 08:50:36,2026-05-21,4,羽毛球馆-17号,12:55-13:50,1,1,已售/已满,已售,多云,18,15,4,0.0,82,28
2026-05-21 08:55:34,2026-05-21,4,羽毛球馆-17号,12:55-13:50,1,1,已售/已满,已售,多云,18,15,4,0.0,84,28
2026-05-21 09:00:51,2026-05-21,4,羽毛球馆-17号,12:55-13:50,1,1,已售/已满,已售,多云,18,15,4,0.0,84,28
2026-05-21 09:01:59,2026-05-21,4,羽毛球馆-17号,12:55-13:50,1,1,已售/已满,已售,多云,18,15,4,0.0,83,28
2026-05-21 09:05:33,2026-05-21,4,羽毛球馆-17号,12:55-13:50,1,1,已售/已满,已售,多云,18,15,4,0.0,83,28
2026-05-21 09:20:38,2026-05-21,4,羽毛球馆-17号,12:55-13:50,1,1,已售/已满,已售,多云,18,16,3,0.0,81,28
2026-05-21 09:30:46,2026-05-21,4,羽毛球馆-17号,12:55-13:50,1,1,已售/已满,已售,多云,18,16,3,0.0,81,32
2026-05-21 09:40:36,2026-05-21,4,羽毛球馆-17号,12:55-13:50,1,1,已售/已满,已售,多云,19,17,3,0.0,79,32
2026-05-21 09:50:42,2026-05-21,4,羽毛球馆-17号,12:55-13:50,1,1,已售/已满,已售,多云,19,17,4,0.0,81,32
2026-05-21 10:00:46,2026-05-21,4,羽毛球馆-17号,12:55-13:50,1,1,已售/已满,已售,多云,19,17,4,0.0,79,32
2026-05-21 10:10:40,2026-05-21,4,羽毛球馆-17号,12:55-13:50,1,1,已售/已满,已售,多云,19,17,4,0.0,79,32
2026-05-21 10:20:38,2026-05-21,4,羽毛球馆-17号,12:55-13:50,1,1,已售/已满,已售,多云,19,17,4,0.0,79,32
2026-05-21 10:30:41,2026-05-21,4,羽毛球馆-17号,12:55-13:50,1,1,已售/已满,已售,多云,19,18,3,0.0,78,31
2026-05-21 11:00:44,2026-05-21,4,羽毛球馆-17号,12:55-13:50,1,1,已售/已满,已售,多云,21,17,5,0.0,74,31
2026-05-21 11:30:38,2026-05-21,4,羽毛球馆-17号,12:55-13:50,1,1,已售/已满,已售,多云,21,19,3,0.0,72,33
2026-05-21 12:00:46,2026-05-21,4,羽毛球馆-17号,12:55-13:50,1,1,已售/已满,已售,多云,22,19,4,0.0,70,33
2026-05-21 12:30:42,2026-05-21,4,羽毛球馆-17号,12:55-13:50,1,1,已售/已满,已售,多云,22,21,3,0.0,68,35
2026-05-21 13:00:43,2026-05-21,4,羽毛球馆-17号,12:55-13:50,1,1,已售/已满,已售,多云,24,22,4,0.0,66,35
2026-05-21 13:30:43,2026-05-21,4,羽毛球馆-17号,12:55-13:50,1,1,已售/已满,已售,多云,24,22,4,0.0,66,36
2026-05-21 14:00:48,2026-05-21,4,羽毛球馆-17号,12:55-13:50,1,1,已售/已满,已售,多云,25,23,4,0.0,66,36
2026-05-21 14:30:45,2026-05-21,4,羽毛球馆-17号,12:55-13:50,1,1,已售/已满,已售,晴,25,25,3,0.0,65,39
2026-05-21 15:00:45,2026-05-21,4,羽毛球馆-17号,12:55-13:50,1,1,已售/已满,已售,晴,25,22,4,0.0,56,39
2026-05-21 15:30:43,2026-05-21,4,羽毛球馆-17号,12:55-13:50,1,1,已售/已满,已售,晴,25,23,4,0.0,57,40
2026-05-21 16:00:51,2026-05-21,4,羽毛球馆-17号,12:55-13:50,1,1,已售/已满,已售,晴,25,23,4,0.0,57,40
2026-05-21 16:30:48,2026-05-21,4,羽毛球馆-17号,12:55-13:50,1,1,已售/已满,已售,晴,25,24,3,0.0,60,39
2026-05-21 17:00:49,2026-05-21,4,羽毛球馆-17号,12:55-13:50,1,1,已售/已满,已售,晴,25,24,4,0.0,61,39
2026-05-21 17:30:47,2026-05-21,4,羽毛球馆-17号,12:55-13:50,1,1,已售/已满,已售,多云,24,23,3,0.0,64,39
2026-05-21 18:00:50,2026-05-21,4,羽毛球馆-17号,12:55-13:50,1,1,已售/已满,已售,多云,24,23,3,0.0,68,39
2026-05-21 18:30:50,2026-05-21,4,羽毛球馆-17号,12:55-13:50,1,1,已售/已满,已售,阴,24,25,2,0.0,68,40
2026-05-21 19:00:50,2026-05-21,4,羽毛球馆-17号,12:55-13:50,1,1,已售/已满,已售,阴,23,23,3,0.0,76,40
2026-05-21 19:30:46,2026-05-21,4,羽毛球馆-17号,12:55-13:50,1,1,已售/已满,已售,阴,23,24,2,0.0,77,39
2026-05-21 20:00:49,2026-05-21,4,羽毛球馆-17号,12:55-13:50,1,1,已售/已满,已售,雾,22,23,2,0.0,89,39
2026-05-21 20:30:44,2026-05-21,4,羽毛球馆-17号,12:55-13:50,1,1,已售/已满,已售,雾,22,24,2,0.0,93,43
2026-05-21 21:00:56,2026-05-21,4,羽毛球馆-17号,12:55-13:50,1,1,已售/已满,已售,雾,20,21,2,0.0,98,43
2026-05-21 21:30:46,2026-05-21,4,羽毛球馆-17号,12:55-13:50,1,1,已售/已满,已售,雾,20,22,1,0.0,99,41
2026-05-21 22:01:02,2026-05-21,4,羽毛球馆-17号,12:55-13:50,1,1,已售/已满,已售,雾,19,20,2,0.0,93,41
2026-05-21 22:30:47,2026-05-21,4,羽毛球馆-17号,12:55-13:50,1,1,已售/已满,已售,雾,19,19,3,0.0,88,46
2026-05-21 23:00:56,2026-05-21,4,羽毛球馆-17号,12:55-13:50,1,1,已售/已满,已售,多云,18,17,3,0.0,85,46
2026-05-21 23:30:55,2026-05-21,4,羽毛球馆-17号,12:55-13:50,1,1,已售/已满,已售,多云,18,17,3,0.0,85,48
2026-05-21 00:30:49,2026-05-21,4,羽毛球馆-17号,14:00-15:00,0,1,可预约,￥12.0,多云,15,13,3,0.0,100,26
2026-05-21 01:00:55,2026-05-21,4,羽毛球馆-17号,14:00-15:00,0,1,可预约,￥12.0,多云,15,12,4,0.0,100,26
2026-05-21 01:30:47,2026-05-21,4,羽毛球馆-17号,14:00-15:00,0,1,可预约,￥12.0,多云,15,13,4,0.0,100,28
2026-05-21 02:00:53,2026-05-21,4,羽毛球馆-17号,14:00-15:00,0,1,可预约,￥12.0,多云,15,12,4,0.0,100,28
2026-05-21 02:30:49,2026-05-21,4,羽毛球馆-17号,14:00-15:00,0,1,可预约,￥12.0,多云,15,14,3,0.0,100,29
2026-05-21 03:00:55,2026-05-21,4,羽毛球馆-17号,14:00-15:00,0,1,可预约,￥12.0,多云,15,12,4,0.0,100,29
2026-05-21 03:30:49,2026-05-21,4,羽毛球馆-17号,14:00-15:00,0,1,可预约,￥12.0,多云,15,14,3,0.0,100,30
2026-05-21 04:30:45,2026-05-21,4,羽毛球馆-17号,14:00-15:00,0,1,可预约,￥12.0,多云,15,12,4,0.0,100,29
2026-05-21 05:00:52,2026-05-21,4,羽毛球馆-17号,14:00-15:00,0,1,可预约,￥12.0,多云,15,12,4,0.0,100,29
2026-05-21 05:30:49,2026-05-21,4,羽毛球馆-17号,14:00-15:00,0,1,可预约,￥12.0,多云,15,13,3,0.0,100,28
2026-05-21 06:00:50,2026-05-21,4,羽毛球馆-17号,14:00-15:00,0,1,可预约,￥12.0,多云,15,13,4,0.0,99,28
2026-05-21 06:30:38,2026-05-21,4,羽毛球馆-17号,14:00-15:00,0,1,可预约,￥12.0,多云,15,13,3,0.0,97,28
2026-05-21 07:00:43,2026-05-21,4,羽毛球馆-17号,14:00-15:00,0,1,可预约,￥12.0,晴,15,11,5,0.0,93,28
2026-05-21 07:30:39,2026-05-21,4,羽毛球馆-17号,14:00-15:00,0,1,可预约,￥12.0,晴,17,13,4,0.0,89,29
2026-05-21 07:50:40,2026-05-21,4,羽毛球馆-17号,14:00-15:00,0,1,可预约,￥12.0,晴,17,13,4,0.0,88,29
2026-05-21 07:53:31,2026-05-21,4,羽毛球馆-17号,14:00-15:00,0,1,可预约,￥12.0,晴,17,12,5,0.0,86,29
2026-05-21 07:56:31,2026-05-21,4,羽毛球馆-17号,14:00-15:00,0,1,可预约,￥12.0,晴,17,12,5,0.0,86,29
2026-05-21 07:59:26,2026-05-21,4,羽毛球馆-17号,14:00-15:00,0,1,可预约,￥12.0,晴,17,12,5,0.0,86,29
2026-05-21 08:00:45,2026-05-21,4,羽毛球馆-17号,14:00-15:00,0,1,可预约,￥12.0,晴,17,12,5,0.0,86,29
2026-05-21 08:02:30,2026-05-21,4,羽毛球馆-17号,14:00-15:00,0,1,可预约,￥12.0,多云,17,12,5,0.0,87,29
2026-05-21 08:05:36,2026-05-21,4,羽毛球馆-17号,14:00-15:00,0,1,可预约,￥12.0,多云,17,12,5,0.0,86,29
2026-05-21 08:08:31,2026-05-21,4,羽毛球馆-17号,14:00-15:00,0,1,可预约,￥12.0,多云,17,12,5,0.0,86,29
2026-05-21 08:11:30,2026-05-21,4,羽毛球馆-17号,14:00-15:00,0,1,可预约,￥12.0,多云,17,12,5,0.0,86,29
2026-05-21 08:14:31,2026-05-21,4,羽毛球馆-17号,14:00-15:00,0,1,可预约,￥12.0,多云,17,12,5,0.0,86,29
2026-05-21 08:17:30,2026-05-21,4,羽毛球馆-17号,14:00-15:00,0,1,可预约,￥12.0,多云,17,12,5,0.0,86,29
2026-05-21 08:20:35,2026-05-21,4,羽毛球馆-17号,14:00-15:00,0,1,可预约,￥12.0,多云,17,14,4,0.0,85,29
2026-05-21 08:25:32,2026-05-21,4,羽毛球馆-17号,14:00-15:00,0,1,可预约,￥12.0,多云,17,14,4,0.0,85,28
2026-05-21 08:30:42,2026-05-21,4,羽毛球馆-17号,14:00-15:00,0,1,可预约,￥12.0,多云,18,15,4,0.0,84,28
2026-05-21 08:35:31,2026-05-21,4,羽毛球馆-17号,14:00-15:00,0,1,可预约,￥12.0,多云,18,15,4,0.0,84,28
2026-05-21 08:40:38,2026-05-21,4,羽毛球馆-17号,14:00-15:00,0,1,可预约,￥12.0,多云,18,15,4,0.0,82,28
2026-05-21 08:45:33,2026-05-21,4,羽毛球馆-17号,14:00-15:00,0,1,可预约,￥12.0,多云,18,15,4,0.0,82,28
2026-05-21 08:50:36,2026-05-21,4,羽毛球馆-17号,14:00-15:00,0,1,可预约,￥12.0,多云,18,15,4,0.0,82,28
2026-05-21 08:55:34,2026-05-21,4,羽毛球馆-17号,14:00-15:00,0,1,可预约,￥12.0,多云,18,15,4,0.0,84,28
2026-05-21 09:00:51,2026-05-21,4,羽毛球馆-17号,14:00-15:00,0,1,可预约,￥12.0,多云,18,15,4,0.0,84,28
2026-05-21 09:01:59,2026-05-21,4,羽毛球馆-17号,14:00-15:00,0,1,可预约,￥12.0,多云,18,15,4,0.0,83,28
2026-05-21 09:05:33,2026-05-21,4,羽毛球馆-17号,14:00-15:00,0,1,可预约,￥12.0,多云,18,15,4,0.0,83,28
2026-05-21 09:20:38,2026-05-21,4,羽毛球馆-17号,14:00-15:00,0,1,可预约,￥12.0,多云,18,16,3,0.0,81,28
2026-05-21 09:30:46,2026-05-21,4,羽毛球馆-17号,14:00-15:00,0,1,可预约,￥12.0,多云,18,16,3,0.0,81,32
2026-05-21 09:40:36,2026-05-21,4,羽毛球馆-17号,14:00-15:00,0,1,可预约,￥12.0,多云,19,17,3,0.0,79,32
2026-05-21 09:50:42,2026-05-21,4,羽毛球馆-17号,14:00-15:00,0,1,可预约,￥12.0,多云,19,17,4,0.0,81,32
2026-05-21 10:00:46,2026-05-21,4,羽毛球馆-17号,14:00-15:00,0,1,可预约,￥12.0,多云,19,17,4,0.0,79,32
2026-05-21 10:10:40,2026-05-21,4,羽毛球馆-17号,14:00-15:00,0,1,可预约,￥12.0,多云,19,17,4,0.0,79,32
2026-05-21 10:20:38,2026-05-21,4,羽毛球馆-17号,14:00-15:00,0,1,可预约,￥12.0,多云,19,17,4,0.0,79,32
2026-05-21 10:30:41,2026-05-21,4,羽毛球馆-17号,14:00-15:00,0,1,可预约,￥12.0,多云,19,18,3,0.0,78,31
2026-05-21 11:00:44,2026-05-21,4,羽毛球馆-17号,14:00-15:00,0,1,可预约,￥12.0,多云,21,17,5,0.0,74,31
2026-05-21 11:30:38,2026-05-21,4,羽毛球馆-17号,14:00-15:00,0,1,可预约,￥12.0,多云,21,19,3,0.0,72,33
2026-05-21 12:00:46,2026-05-21,4,羽毛球馆-17号,14:00-15:00,0,1,可预约,￥12.0,多云,22,19,4,0.0,70,33
2026-05-21 12:30:42,2026-05-21,4,羽毛球馆-17号,14:00-15:00,0,1,可预约,￥12.0,多云,22,21,3,0.0,68,35
2026-05-21 13:00:43,2026-05-21,4,羽毛球馆-17号,14:00-15:00,0,1,可预约,￥12.0,多云,24,22,4,0.0,66,35
2026-05-21 13:30:43,2026-05-21,4,羽毛球馆-17号,14:00-15:00,0,1,可预约,￥12.0,多云,24,22,4,0.0,66,36
2026-05-21 14:00:48,2026-05-21,4,羽毛球馆-17号,14:00-15:00,0,1,可预约,￥12.0,多云,25,23,4,0.0,66,36
2026-05-21 14:30:45,2026-05-21,4,羽毛球馆-17号,14:00-15:00,0,1,可预约,￥12.0,晴,25,25,3,0.0,65,39
2026-05-21 15:00:45,2026-05-21,4,羽毛球馆-17号,14:00-15:00,0,1,不开放/已过期,,晴,25,22,4,0.0,56,39
2026-05-21 15:30:43,2026-05-21,4,羽毛球馆-17号,14:00-15:00,0,1,不开放/已过期,,晴,25,23,4,0.0,57,40
2026-05-21 16:00:51,2026-05-21,4,羽毛球馆-17号,14:00-15:00,0,1,不开放/已过期,,晴,25,23,4,0.0,57,40
2026-05-21 16:30:48,2026-05-21,4,羽毛球馆-17号,14:00-15:00,0,1,不开放/已过期,,晴,25,24,3,0.0,60,39
2026-05-21 17:00:49,2026-05-21,4,羽毛球馆-17号,14:00-15:00,0,1,不开放/已过期,,晴,25,24,4,0.0,61,39
2026-05-21 17:30:47,2026-05-21,4,羽毛球馆-17号,14:00-15:00,0,1,不开放/已过期,,多云,24,23,3,0.0,64,39
2026-05-21 18:00:50,2026-05-21,4,羽毛球馆-17号,14:00-15:00,0,1,不开放/已过期,,多云,24,23,3,0.0,68,39
2026-05-21 18:30:50,2026-05-21,4,羽毛球馆-17号,14:00-15:00,0,1,不开放/已过期,,阴,24,25,2,0.0,68,40
2026-05-21 19:00:50,2026-05-21,4,羽毛球馆-17号,14:00-15:00,0,1,不开放/已过期,,阴,23,23,3,0.0,76,40
2026-05-21 19:30:46,2026-05-21,4,羽毛球馆-17号,14:00-15:00,0,1,不开放/已过期,,阴,23,24,2,0.0,77,39
2026-05-21 20:00:49,2026-05-21,4,羽毛球馆-17号,14:00-15:00,0,1,不开放/已过期,,雾,22,23,2,0.0,89,39
2026-05-21 20:30:44,2026-05-21,4,羽毛球馆-17号,14:00-15:00,0,1,不开放/已过期,,雾,22,24,2,0.0,93,43
2026-05-21 21:00:56,2026-05-21,4,羽毛球馆-17号,14:00-15:00,0,1,不开放/已过期,,雾,20,21,2,0.0,98,43
2026-05-21 21:30:46,2026-05-21,4,羽毛球馆-17号,14:00-15:00,0,1,不开放/已过期,,雾,20,22,1,0.0,99,41
2026-05-21 22:01:02,2026-05-21,4,羽毛球馆-17号,14:00-15:00,0,1,不开放/已过期,,雾,19,20,2,0.0,93,41
2026-05-21 22:30:47,2026-05-21,4,羽毛球馆-17号,14:00-15:00,0,1,不开放/已过期,,雾,19,19,3,0.0,88,46
2026-05-21 23:00:56,2026-05-21,4,羽毛球馆-17号,14:00-15:00,0,1,不开放/已过期,,多云,18,17,3,0.0,85,46
2026-05-21 23:30:55,2026-05-21,4,羽毛球馆-17号,14:00-15:00,0,1,不开放/已过期,,多云,18,17,3,0.0,85,48
2026-05-21 00:30:49,2026-05-21,4,羽毛球馆-17号,15:00-16:00,1,1,已售/已满,已售,多云,15,13,3,0.0,100,26
2026-05-21 01:00:55,2026-05-21,4,羽毛球馆-17号,15:00-16:00,1,1,已售/已满,已售,多云,15,12,4,0.0,100,26
2026-05-21 01:30:47,2026-05-21,4,羽毛球馆-17号,15:00-16:00,1,1,已售/已满,已售,多云,15,13,4,0.0,100,28
2026-05-21 02:00:53,2026-05-21,4,羽毛球馆-17号,15:00-16:00,1,1,已售/已满,已售,多云,15,12,4,0.0,100,28
2026-05-21 02:30:49,2026-05-21,4,羽毛球馆-17号,15:00-16:00,1,1,已售/已满,已售,多云,15,14,3,0.0,100,29
2026-05-21 03:00:55,2026-05-21,4,羽毛球馆-17号,15:00-16:00,1,1,已售/已满,已售,多云,15,12,4,0.0,100,29
2026-05-21 03:30:49,2026-05-21,4,羽毛球馆-17号,15:00-16:00,1,1,已售/已满,已售,多云,15,14,3,0.0,100,30
2026-05-21 04:30:45,2026-05-21,4,羽毛球馆-17号,15:00-16:00,1,1,已售/已满,已售,多云,15,12,4,0.0,100,29
2026-05-21 05:00:52,2026-05-21,4,羽毛球馆-17号,15:00-16:00,1,1,已售/已满,已售,多云,15,12,4,0.0,100,29
2026-05-21 05:30:49,2026-05-21,4,羽毛球馆-17号,15:00-16:00,1,1,已售/已满,已售,多云,15,13,3,0.0,100,28
2026-05-21 06:00:50,2026-05-21,4,羽毛球馆-17号,15:00-16:00,1,1,已售/已满,已售,多云,15,13,4,0.0,99,28
2026-05-21 06:30:38,2026-05-21,4,羽毛球馆-17号,15:00-16:00,1,1,已售/已满,已售,多云,15,13,3,0.0,97,28
2026-05-21 07:00:43,2026-05-21,4,羽毛球馆-17号,15:00-16:00,1,1,已售/已满,已售,晴,15,11,5,0.0,93,28
2026-05-21 07:30:39,2026-05-21,4,羽毛球馆-17号,15:00-16:00,1,1,已售/已满,已售,晴,17,13,4,0.0,89,29
2026-05-21 07:50:40,2026-05-21,4,羽毛球馆-17号,15:00-16:00,1,1,已售/已满,已售,晴,17,13,4,0.0,88,29
2026-05-21 07:53:31,2026-05-21,4,羽毛球馆-17号,15:00-16:00,1,1,已售/已满,已售,晴,17,12,5,0.0,86,29
2026-05-21 07:56:31,2026-05-21,4,羽毛球馆-17号,15:00-16:00,1,1,已售/已满,已售,晴,17,12,5,0.0,86,29
2026-05-21 07:59:26,2026-05-21,4,羽毛球馆-17号,15:00-16:00,1,1,已售/已满,已售,晴,17,12,5,0.0,86,29
2026-05-21 08:00:45,2026-05-21,4,羽毛球馆-17号,15:00-16:00,1,1,已售/已满,已售,晴,17,12,5,0.0,86,29
2026-05-21 08:02:30,2026-05-21,4,羽毛球馆-17号,15:00-16:00,1,1,已售/已满,已售,多云,17,12,5,0.0,87,29
2026-05-21 08:05:36,2026-05-21,4,羽毛球馆-17号,15:00-16:00,1,1,已售/已满,已售,多云,17,12,5,0.0,86,29
2026-05-21 08:08:31,2026-05-21,4,羽毛球馆-17号,15:00-16:00,1,1,已售/已满,已售,多云,17,12,5,0.0,86,29
2026-05-21 08:11:30,2026-05-21,4,羽毛球馆-17号,15:00-16:00,1,1,已售/已满,已售,多云,17,12,5,0.0,86,29
2026-05-21 08:14:31,2026-05-21,4,羽毛球馆-17号,15:00-16:00,1,1,已售/已满,已售,多云,17,12,5,0.0,86,29
2026-05-21 08:17:30,2026-05-21,4,羽毛球馆-17号,15:00-16:00,1,1,已售/已满,已售,多云,17,12,5,0.0,86,29
2026-05-21 08:20:35,2026-05-21,4,羽毛球馆-17号,15:00-16:00,1,1,已售/已满,已售,多云,17,14,4,0.0,85,29
2026-05-21 08:25:32,2026-05-21,4,羽毛球馆-17号,15:00-16:00,1,1,已售/已满,已售,多云,17,14,4,0.0,85,28
2026-05-21 08:30:42,2026-05-21,4,羽毛球馆-17号,15:00-16:00,1,1,已售/已满,已售,多云,18,15,4,0.0,84,28
2026-05-21 08:35:31,2026-05-21,4,羽毛球馆-17号,15:00-16:00,1,1,已售/已满,已售,多云,18,15,4,0.0,84,28
2026-05-21 08:40:38,2026-05-21,4,羽毛球馆-17号,15:00-16:00,1,1,已售/已满,已售,多云,18,15,4,0.0,82,28
2026-05-21 08:45:33,2026-05-21,4,羽毛球馆-17号,15:00-16:00,1,1,已售/已满,已售,多云,18,15,4,0.0,82,28
2026-05-21 08:50:36,2026-05-21,4,羽毛球馆-17号,15:00-16:00,1,1,已售/已满,已售,多云,18,15,4,0.0,82,28
2026-05-21 08:55:34,2026-05-21,4,羽毛球馆-17号,15:00-16:00,1,1,已售/已满,已售,多云,18,15,4,0.0,84,28
2026-05-21 09:00:51,2026-05-21,4,羽毛球馆-17号,15:00-16:00,1,1,已售/已满,已售,多云,18,15,4,0.0,84,28
2026-05-21 09:01:59,2026-05-21,4,羽毛球馆-17号,15:00-16:00,1,1,已售/已满,已售,多云,18,15,4,0.0,83,28
2026-05-21 09:05:33,2026-05-21,4,羽毛球馆-17号,15:00-16:00,1,1,已售/已满,已售,多云,18,15,4,0.0,83,28
2026-05-21 09:20:38,2026-05-21,4,羽毛球馆-17号,15:00-16:00,1,1,已售/已满,已售,多云,18,16,3,0.0,81,28
2026-05-21 09:30:46,2026-05-21,4,羽毛球馆-17号,15:00-16:00,1,1,已售/已满,已售,多云,18,16,3,0.0,81,32
2026-05-21 09:40:36,2026-05-21,4,羽毛球馆-17号,15:00-16:00,1,1,已售/已满,已售,多云,19,17,3,0.0,79,32
2026-05-21 09:50:42,2026-05-21,4,羽毛球馆-17号,15:00-16:00,1,1,已售/已满,已售,多云,19,17,4,0.0,81,32
2026-05-21 10:00:46,2026-05-21,4,羽毛球馆-17号,15:00-16:00,1,1,已售/已满,已售,多云,19,17,4,0.0,79,32
2026-05-21 10:10:40,2026-05-21,4,羽毛球馆-17号,15:00-16:00,1,1,已售/已满,已售,多云,19,17,4,0.0,79,32
2026-05-21 10:20:38,2026-05-21,4,羽毛球馆-17号,15:00-16:00,1,1,已售/已满,已售,多云,19,17,4,0.0,79,32
2026-05-21 10:30:41,2026-05-21,4,羽毛球馆-17号,15:00-16:00,1,1,已售/已满,已售,多云,19,18,3,0.0,78,31
2026-05-21 11:00:44,2026-05-21,4,羽毛球馆-17号,15:00-16:00,1,1,已售/已满,已售,多云,21,17,5,0.0,74,31
2026-05-21 11:30:38,2026-05-21,4,羽毛球馆-17号,15:00-16:00,1,1,已售/已满,已售,多云,21,19,3,0.0,72,33
2026-05-21 12:00:46,2026-05-21,4,羽毛球馆-17号,15:00-16:00,1,1,已售/已满,已售,多云,22,19,4,0.0,70,33
2026-05-21 12:30:42,2026-05-21,4,羽毛球馆-17号,15:00-16:00,1,1,已售/已满,已售,多云,22,21,3,0.0,68,35
2026-05-21 13:00:43,2026-05-21,4,羽毛球馆-17号,15:00-16:00,1,1,已售/已满,已售,多云,24,22,4,0.0,66,35
2026-05-21 13:30:43,2026-05-21,4,羽毛球馆-17号,15:00-16:00,1,1,已售/已满,已售,多云,24,22,4,0.0,66,36
2026-05-21 14:00:48,2026-05-21,4,羽毛球馆-17号,15:00-16:00,1,1,已售/已满,已售,多云,25,23,4,0.0,66,36
2026-05-21 14:30:45,2026-05-21,4,羽毛球馆-17号,15:00-16:00,1,1,已售/已满,已售,晴,25,25,3,0.0,65,39
2026-05-21 15:00:45,2026-05-21,4,羽毛球馆-17号,15:00-16:00,1,1,已售/已满,已售,晴,25,22,4,0.0,56,39
2026-05-21 15:30:43,2026-05-21,4,羽毛球馆-17号,15:00-16:00,1,1,已售/已满,已售,晴,25,23,4,0.0,57,40
2026-05-21 16:00:51,2026-05-21,4,羽毛球馆-17号,15:00-16:00,1,1,已售/已满,已售,晴,25,23,4,0.0,57,40
2026-05-21 16:30:48,2026-05-21,4,羽毛球馆-17号,15:00-16:00,1,1,已售/已满,已售,晴,25,24,3,0.0,60,39
2026-05-21 17:00:49,2026-05-21,4,羽毛球馆-17号,15:00-16:00,1,1,已售/已满,已售,晴,25,24,4,0.0,61,39
2026-05-21 17:30:47,2026-05-21,4,羽毛球馆-17号,15:00-16:00,1,1,已售/已满,已售,多云,24,23,3,0.0,64,39
2026-05-21 18:00:50,2026-05-21,4,羽毛球馆-17号,15:00-16:00,1,1,已售/已满,已售,多云,24,23,3,0.0,68,39
2026-05-21 18:30:50,2026-05-21,4,羽毛球馆-17号,15:00-16:00,1,1,已售/已满,已售,阴,24,25,2,0.0,68,40
2026-05-21 19:00:50,2026-05-21,4,羽毛球馆-17号,15:00-16:00,1,1,已售/已满,已售,阴,23,23,3,0.0,76,40
2026-05-21 19:30:46,2026-05-21,4,羽毛球馆-17号,15:00-16:00,1,1,已售/已满,已售,阴,23,24,2,0.0,77,39
2026-05-21 20:00:49,2026-05-21,4,羽毛球馆-17号,15:00-16:00,1,1,已售/已满,已售,雾,22,23,2,0.0,89,39
2026-05-21 20:30:44,2026-05-21,4,羽毛球馆-17号,15:00-16:00,1,1,已售/已满,已售,雾,22,24,2,0.0,93,43
2026-05-21 21:00:56,2026-05-21,4,羽毛球馆-17号,15:00-16:00,1,1,已售/已满,已售,雾,20,21,2,0.0,98,43
2026-05-21 21:30:46,2026-05-21,4,羽毛球馆-17号,15:00-16:00,1,1,已售/已满,已售,雾,20,22,1,0.0,99,41
2026-05-21 22:01:02,2026-05-21,4,羽毛球馆-17号,15:00-16:00,1,1,已售/已满,已售,雾,19,20,2,0.0,93,41
2026-05-21 22:30:47,2026-05-21,4,羽毛球馆-17号,15:00-16:00,1,1,已售/已满,已售,雾,19,19,3,0.0,88,46
2026-05-21 23:00:56,2026-05-21,4,羽毛球馆-17号,15:00-16:00,1,1,已售/已满,已售,多云,18,17,3,0.0,85,46
2026-05-21 23:30:55,2026-05-21,4,羽毛球馆-17号,15:00-16:00,1,1,已售/已满,已售,多云,18,17,3,0.0,85,48
2026-05-21 00:30:49,2026-05-21,4,羽毛球馆-17号,16:00-17:00,1,1,已售/已满,已售,多云,15,13,3,0.0,100,26
2026-05-21 01:00:55,2026-05-21,4,羽毛球馆-17号,16:00-17:00,1,1,已售/已满,已售,多云,15,12,4,0.0,100,26
2026-05-21 01:30:47,2026-05-21,4,羽毛球馆-17号,16:00-17:00,1,1,已售/已满,已售,多云,15,13,4,0.0,100,28
2026-05-21 02:00:53,2026-05-21,4,羽毛球馆-17号,16:00-17:00,1,1,已售/已满,已售,多云,15,12,4,0.0,100,28
2026-05-21 02:30:49,2026-05-21,4,羽毛球馆-17号,16:00-17:00,1,1,已售/已满,已售,多云,15,14,3,0.0,100,29
2026-05-21 03:00:55,2026-05-21,4,羽毛球馆-17号,16:00-17:00,1,1,已售/已满,已售,多云,15,12,4,0.0,100,29
2026-05-21 03:30:49,2026-05-21,4,羽毛球馆-17号,16:00-17:00,1,1,已售/已满,已售,多云,15,14,3,0.0,100,30
2026-05-21 04:30:45,2026-05-21,4,羽毛球馆-17号,16:00-17:00,1,1,已售/已满,已售,多云,15,12,4,0.0,100,29
2026-05-21 05:00:52,2026-05-21,4,羽毛球馆-17号,16:00-17:00,1,1,已售/已满,已售,多云,15,12,4,0.0,100,29
2026-05-21 05:30:49,2026-05-21,4,羽毛球馆-17号,16:00-17:00,1,1,已售/已满,已售,多云,15,13,3,0.0,100,28
2026-05-21 06:00:50,2026-05-21,4,羽毛球馆-17号,16:00-17:00,1,1,已售/已满,已售,多云,15,13,4,0.0,99,28
2026-05-21 06:30:38,2026-05-21,4,羽毛球馆-17号,16:00-17:00,1,1,已售/已满,已售,多云,15,13,3,0.0,97,28
2026-05-21 07:00:43,2026-05-21,4,羽毛球馆-17号,16:00-17:00,1,1,已售/已满,已售,晴,15,11,5,0.0,93,28
2026-05-21 07:30:39,2026-05-21,4,羽毛球馆-17号,16:00-17:00,1,1,已售/已满,已售,晴,17,13,4,0.0,89,29
2026-05-21 07:50:40,2026-05-21,4,羽毛球馆-17号,16:00-17:00,1,1,已售/已满,已售,晴,17,13,4,0.0,88,29
2026-05-21 07:53:31,2026-05-21,4,羽毛球馆-17号,16:00-17:00,1,1,已售/已满,已售,晴,17,12,5,0.0,86,29
2026-05-21 07:56:31,2026-05-21,4,羽毛球馆-17号,16:00-17:00,1,1,已售/已满,已售,晴,17,12,5,0.0,86,29
2026-05-21 07:59:26,2026-05-21,4,羽毛球馆-17号,16:00-17:00,1,1,已售/已满,已售,晴,17,12,5,0.0,86,29
2026-05-21 08:00:45,2026-05-21,4,羽毛球馆-17号,16:00-17:00,1,1,已售/已满,已售,晴,17,12,5,0.0,86,29
2026-05-21 08:02:30,2026-05-21,4,羽毛球馆-17号,16:00-17:00,1,1,已售/已满,已售,多云,17,12,5,0.0,87,29
2026-05-21 08:05:36,2026-05-21,4,羽毛球馆-17号,16:00-17:00,1,1,已售/已满,已售,多云,17,12,5,0.0,86,29
2026-05-21 08:08:31,2026-05-21,4,羽毛球馆-17号,16:00-17:00,1,1,已售/已满,已售,多云,17,12,5,0.0,86,29
2026-05-21 08:11:30,2026-05-21,4,羽毛球馆-17号,16:00-17:00,1,1,已售/已满,已售,多云,17,12,5,0.0,86,29
2026-05-21 08:14:31,2026-05-21,4,羽毛球馆-17号,16:00-17:00,1,1,已售/已满,已售,多云,17,12,5,0.0,86,29
2026-05-21 08:17:30,2026-05-21,4,羽毛球馆-17号,16:00-17:00,1,1,已售/已满,已售,多云,17,12,5,0.0,86,29
2026-05-21 08:20:35,2026-05-21,4,羽毛球馆-17号,16:00-17:00,1,1,已售/已满,已售,多云,17,14,4,0.0,85,29
2026-05-21 08:25:32,2026-05-21,4,羽毛球馆-17号,16:00-17:00,1,1,已售/已满,已售,多云,17,14,4,0.0,85,28
2026-05-21 08:30:42,2026-05-21,4,羽毛球馆-17号,16:00-17:00,1,1,已售/已满,已售,多云,18,15,4,0.0,84,28
2026-05-21 08:35:31,2026-05-21,4,羽毛球馆-17号,16:00-17:00,1,1,已售/已满,已售,多云,18,15,4,0.0,84,28
2026-05-21 08:40:38,2026-05-21,4,羽毛球馆-17号,16:00-17:00,1,1,已售/已满,已售,多云,18,15,4,0.0,82,28
2026-05-21 08:45:33,2026-05-21,4,羽毛球馆-17号,16:00-17:00,1,1,已售/已满,已售,多云,18,15,4,0.0,82,28
2026-05-21 08:50:36,2026-05-21,4,羽毛球馆-17号,16:00-17:00,1,1,已售/已满,已售,多云,18,15,4,0.0,82,28
2026-05-21 08:55:34,2026-05-21,4,羽毛球馆-17号,16:00-17:00,1,1,已售/已满,已售,多云,18,15,4,0.0,84,28
2026-05-21 09:00:51,2026-05-21,4,羽毛球馆-17号,16:00-17:00,1,1,已售/已满,已售,多云,18,15,4,0.0,84,28
2026-05-21 09:01:59,2026-05-21,4,羽毛球馆-17号,16:00-17:00,1,1,已售/已满,已售,多云,18,15,4,0.0,83,28
2026-05-21 09:05:33,2026-05-21,4,羽毛球馆-17号,16:00-17:00,1,1,已售/已满,已售,多云,18,15,4,0.0,83,28
2026-05-21 09:20:38,2026-05-21,4,羽毛球馆-17号,16:00-17:00,1,1,已售/已满,已售,多云,18,16,3,0.0,81,28
2026-05-21 09:30:46,2026-05-21,4,羽毛球馆-17号,16:00-17:00,1,1,已售/已满,已售,多云,18,16,3,0.0,81,32
2026-05-21 09:40:36,2026-05-21,4,羽毛球馆-17号,16:00-17:00,1,1,已售/已满,已售,多云,19,17,3,0.0,79,32
2026-05-21 09:50:42,2026-05-21,4,羽毛球馆-17号,16:00-17:00,1,1,已售/已满,已售,多云,19,17,4,0.0,81,32
2026-05-21 10:00:46,2026-05-21,4,羽毛球馆-17号,16:00-17:00,1,1,已售/已满,已售,多云,19,17,4,0.0,79,32
2026-05-21 10:10:40,2026-05-21,4,羽毛球馆-17号,16:00-17:00,1,1,已售/已满,已售,多云,19,17,4,0.0,79,32
2026-05-21 10:20:38,2026-05-21,4,羽毛球馆-17号,16:00-17:00,1,1,已售/已满,已售,多云,19,17,4,0.0,79,32
2026-05-21 10:30:41,2026-05-21,4,羽毛球馆-17号,16:00-17:00,1,1,已售/已满,已售,多云,19,18,3,0.0,78,31
2026-05-21 11:00:44,2026-05-21,4,羽毛球馆-17号,16:00-17:00,1,1,已售/已满,已售,多云,21,17,5,0.0,74,31
2026-05-21 11:30:38,2026-05-21,4,羽毛球馆-17号,16:00-17:00,1,1,已售/已满,已售,多云,21,19,3,0.0,72,33
2026-05-21 12:00:46,2026-05-21,4,羽毛球馆-17号,16:00-17:00,1,1,已售/已满,已售,多云,22,19,4,0.0,70,33
2026-05-21 12:30:42,2026-05-21,4,羽毛球馆-17号,16:00-17:00,1,1,已售/已满,已售,多云,22,21,3,0.0,68,35
2026-05-21 13:00:43,2026-05-21,4,羽毛球馆-17号,16:00-17:00,1,1,已售/已满,已售,多云,24,22,4,0.0,66,35
2026-05-21 13:30:43,2026-05-21,4,羽毛球馆-17号,16:00-17:00,1,1,已售/已满,已售,多云,24,22,4,0.0,66,36
2026-05-21 14:00:48,2026-05-21,4,羽毛球馆-17号,16:00-17:00,1,1,已售/已满,已售,多云,25,23,4,0.0,66,36
2026-05-21 14:30:45,2026-05-21,4,羽毛球馆-17号,16:00-17:00,1,1,已售/已满,已售,晴,25,25,3,0.0,65,39
2026-05-21 15:00:45,2026-05-21,4,羽毛球馆-17号,16:00-17:00,1,1,已售/已满,已售,晴,25,22,4,0.0,56,39
2026-05-21 15:30:43,2026-05-21,4,羽毛球馆-17号,16:00-17:00,1,1,已售/已满,已售,晴,25,23,4,0.0,57,40
2026-05-21 16:00:51,2026-05-21,4,羽毛球馆-17号,16:00-17:00,1,1,已售/已满,已售,晴,25,23,4,0.0,57,40
2026-05-21 16:30:48,2026-05-21,4,羽毛球馆-17号,16:00-17:00,1,1,已售/已满,已售,晴,25,24,3,0.0,60,39
2026-05-21 17:00:49,2026-05-21,4,羽毛球馆-17号,16:00-17:00,1,1,已售/已满,已售,晴,25,24,4,0.0,61,39
2026-05-21 17:30:47,2026-05-21,4,羽毛球馆-17号,16:00-17:00,1,1,已售/已满,已售,多云,24,23,3,0.0,64,39
2026-05-21 18:00:50,2026-05-21,4,羽毛球馆-17号,16:00-17:00,1,1,已售/已满,已售,多云,24,23,3,0.0,68,39
2026-05-21 18:30:50,2026-05-21,4,羽毛球馆-17号,16:00-17:00,1,1,已售/已满,已售,阴,24,25,2,0.0,68,40
2026-05-21 19:00:50,2026-05-21,4,羽毛球馆-17号,16:00-17:00,1,1,已售/已满,已售,阴,23,23,3,0.0,76,40
2026-05-21 19:30:46,2026-05-21,4,羽毛球馆-17号,16:00-17:00,1,1,已售/已满,已售,阴,23,24,2,0.0,77,39
2026-05-21 20:00:49,2026-05-21,4,羽毛球馆-17号,16:00-17:00,1,1,已售/已满,已售,雾,22,23,2,0.0,89,39
2026-05-21 20:30:44,2026-05-21,4,羽毛球馆-17号,16:00-17:00,1,1,已售/已满,已售,雾,22,24,2,0.0,93,43
2026-05-21 21:00:56,2026-05-21,4,羽毛球馆-17号,16:00-17:00,1,1,已售/已满,已售,雾,20,21,2,0.0,98,43
2026-05-21 21:30:46,2026-05-21,4,羽毛球馆-17号,16:00-17:00,1,1,已售/已满,已售,雾,20,22,1,0.0,99,41
2026-05-21 22:01:02,2026-05-21,4,羽毛球馆-17号,16:00-17:00,1,1,已售/已满,已售,雾,19,20,2,0.0,93,41
2026-05-21 22:30:47,2026-05-21,4,羽毛球馆-17号,16:00-17:00,1,1,已售/已满,已售,雾,19,19,3,0.0,88,46
2026-05-21 23:00:56,2026-05-21,4,羽毛球馆-17号,16:00-17:00,1,1,已售/已满,已售,多云,18,17,3,0.0,85,46
2026-05-21 23:30:55,2026-05-21,4,羽毛球馆-17号,16:00-17:00,1,1,已售/已满,已售,多云,18,17,3,0.0,85,48
2026-05-21 00:30:49,2026-05-21,4,羽毛球馆-17号,17:00-18:00,1,1,已售/已满,已售,多云,15,13,3,0.0,100,26
2026-05-21 01:00:55,2026-05-21,4,羽毛球馆-17号,17:00-18:00,1,1,已售/已满,已售,多云,15,12,4,0.0,100,26
2026-05-21 01:30:47,2026-05-21,4,羽毛球馆-17号,17:00-18:00,1,1,已售/已满,已售,多云,15,13,4,0.0,100,28
2026-05-21 02:00:53,2026-05-21,4,羽毛球馆-17号,17:00-18:00,1,1,已售/已满,已售,多云,15,12,4,0.0,100,28
2026-05-21 02:30:49,2026-05-21,4,羽毛球馆-17号,17:00-18:00,1,1,已售/已满,已售,多云,15,14,3,0.0,100,29
2026-05-21 03:00:55,2026-05-21,4,羽毛球馆-17号,17:00-18:00,1,1,已售/已满,已售,多云,15,12,4,0.0,100,29
2026-05-21 03:30:49,2026-05-21,4,羽毛球馆-17号,17:00-18:00,1,1,已售/已满,已售,多云,15,14,3,0.0,100,30
2026-05-21 04:30:45,2026-05-21,4,羽毛球馆-17号,17:00-18:00,1,1,已售/已满,已售,多云,15,12,4,0.0,100,29
2026-05-21 05:00:52,2026-05-21,4,羽毛球馆-17号,17:00-18:00,1,1,已售/已满,已售,多云,15,12,4,0.0,100,29
2026-05-21 05:30:49,2026-05-21,4,羽毛球馆-17号,17:00-18:00,1,1,已售/已满,已售,多云,15,13,3,0.0,100,28
2026-05-21 06:00:50,2026-05-21,4,羽毛球馆-17号,17:00-18:00,1,1,已售/已满,已售,多云,15,13,4,0.0,99,28
2026-05-21 06:30:38,2026-05-21,4,羽毛球馆-17号,17:00-18:00,1,1,已售/已满,已售,多云,15,13,3,0.0,97,28
2026-05-21 07:00:43,2026-05-21,4,羽毛球馆-17号,17:00-18:00,1,1,已售/已满,已售,晴,15,11,5,0.0,93,28
2026-05-21 07:30:39,2026-05-21,4,羽毛球馆-17号,17:00-18:00,1,1,已售/已满,已售,晴,17,13,4,0.0,89,29
2026-05-21 07:50:40,2026-05-21,4,羽毛球馆-17号,17:00-18:00,1,1,已售/已满,已售,晴,17,13,4,0.0,88,29
2026-05-21 07:53:31,2026-05-21,4,羽毛球馆-17号,17:00-18:00,1,1,已售/已满,已售,晴,17,12,5,0.0,86,29
2026-05-21 07:56:31,2026-05-21,4,羽毛球馆-17号,17:00-18:00,1,1,已售/已满,已售,晴,17,12,5,0.0,86,29
2026-05-21 07:59:26,2026-05-21,4,羽毛球馆-17号,17:00-18:00,1,1,已售/已满,已售,晴,17,12,5,0.0,86,29
2026-05-21 08:00:45,2026-05-21,4,羽毛球馆-17号,17:00-18:00,1,1,已售/已满,已售,晴,17,12,5,0.0,86,29
2026-05-21 08:02:30,2026-05-21,4,羽毛球馆-17号,17:00-18:00,1,1,已售/已满,已售,多云,17,12,5,0.0,87,29
2026-05-21 08:05:36,2026-05-21,4,羽毛球馆-17号,17:00-18:00,1,1,已售/已满,已售,多云,17,12,5,0.0,86,29
2026-05-21 08:08:31,2026-05-21,4,羽毛球馆-17号,17:00-18:00,1,1,已售/已满,已售,多云,17,12,5,0.0,86,29
2026-05-21 08:11:30,2026-05-21,4,羽毛球馆-17号,17:00-18:00,1,1,已售/已满,已售,多云,17,12,5,0.0,86,29
2026-05-21 08:14:31,2026-05-21,4,羽毛球馆-17号,17:00-18:00,1,1,已售/已满,已售,多云,17,12,5,0.0,86,29
2026-05-21 08:17:30,2026-05-21,4,羽毛球馆-17号,17:00-18:00,1,1,已售/已满,已售,多云,17,12,5,0.0,86,29
2026-05-21 08:20:35,2026-05-21,4,羽毛球馆-17号,17:00-18:00,1,1,已售/已满,已售,多云,17,14,4,0.0,85,29
2026-05-21 08:25:32,2026-05-21,4,羽毛球馆-17号,17:00-18:00,1,1,已售/已满,已售,多云,17,14,4,0.0,85,28
2026-05-21 08:30:42,2026-05-21,4,羽毛球馆-17号,17:00-18:00,1,1,已售/已满,已售,多云,18,15,4,0.0,84,28
2026-05-21 08:35:31,2026-05-21,4,羽毛球馆-17号,17:00-18:00,1,1,已售/已满,已售,多云,18,15,4,0.0,84,28
2026-05-21 08:40:38,2026-05-21,4,羽毛球馆-17号,17:00-18:00,1,1,已售/已满,已售,多云,18,15,4,0.0,82,28
2026-05-21 08:45:33,2026-05-21,4,羽毛球馆-17号,17:00-18:00,1,1,已售/已满,已售,多云,18,15,4,0.0,82,28
2026-05-21 08:50:36,2026-05-21,4,羽毛球馆-17号,17:00-18:00,1,1,已售/已满,已售,多云,18,15,4,0.0,82,28
2026-05-21 08:55:34,2026-05-21,4,羽毛球馆-17号,17:00-18:00,1,1,已售/已满,已售,多云,18,15,4,0.0,84,28
2026-05-21 09:00:51,2026-05-21,4,羽毛球馆-17号,17:00-18:00,1,1,已售/已满,已售,多云,18,15,4,0.0,84,28
2026-05-21 09:01:59,2026-05-21,4,羽毛球馆-17号,17:00-18:00,1,1,已售/已满,已售,多云,18,15,4,0.0,83,28
2026-05-21 09:05:33,2026-05-21,4,羽毛球馆-17号,17:00-18:00,1,1,已售/已满,已售,多云,18,15,4,0.0,83,28
2026-05-21 09:20:38,2026-05-21,4,羽毛球馆-17号,17:00-18:00,1,1,已售/已满,已售,多云,18,16,3,0.0,81,28
2026-05-21 09:30:46,2026-05-21,4,羽毛球馆-17号,17:00-18:00,1,1,已售/已满,已售,多云,18,16,3,0.0,81,32
2026-05-21 09:40:36,2026-05-21,4,羽毛球馆-17号,17:00-18:00,1,1,已售/已满,已售,多云,19,17,3,0.0,79,32
2026-05-21 09:50:42,2026-05-21,4,羽毛球馆-17号,17:00-18:00,1,1,已售/已满,已售,多云,19,17,4,0.0,81,32
2026-05-21 10:00:46,2026-05-21,4,羽毛球馆-17号,17:00-18:00,1,1,已售/已满,已售,多云,19,17,4,0.0,79,32
2026-05-21 10:10:40,2026-05-21,4,羽毛球馆-17号,17:00-18:00,1,1,已售/已满,已售,多云,19,17,4,0.0,79,32
2026-05-21 10:20:38,2026-05-21,4,羽毛球馆-17号,17:00-18:00,1,1,已售/已满,已售,多云,19,17,4,0.0,79,32
2026-05-21 10:30:41,2026-05-21,4,羽毛球馆-17号,17:00-18:00,1,1,已售/已满,已售,多云,19,18,3,0.0,78,31
2026-05-21 11:00:44,2026-05-21,4,羽毛球馆-17号,17:00-18:00,1,1,已售/已满,已售,多云,21,17,5,0.0,74,31
2026-05-21 11:30:38,2026-05-21,4,羽毛球馆-17号,17:00-18:00,1,1,已售/已满,已售,多云,21,19,3,0.0,72,33
2026-05-21 12:00:46,2026-05-21,4,羽毛球馆-17号,17:00-18:00,1,1,已售/已满,已售,多云,22,19,4,0.0,70,33
2026-05-21 12:30:42,2026-05-21,4,羽毛球馆-17号,17:00-18:00,1,1,已售/已满,已售,多云,22,21,3,0.0,68,35
2026-05-21 13:00:43,2026-05-21,4,羽毛球馆-17号,17:00-18:00,1,1,已售/已满,已售,多云,24,22,4,0.0,66,35
2026-05-21 13:30:43,2026-05-21,4,羽毛球馆-17号,17:00-18:00,1,1,已售/已满,已售,多云,24,22,4,0.0,66,36
2026-05-21 14:00:48,2026-05-21,4,羽毛球馆-17号,17:00-18:00,1,1,已售/已满,已售,多云,25,23,4,0.0,66,36
2026-05-21 14:30:45,2026-05-21,4,羽毛球馆-17号,17:00-18:00,1,1,已售/已满,已售,晴,25,25,3,0.0,65,39
2026-05-21 15:00:45,2026-05-21,4,羽毛球馆-17号,17:00-18:00,1,1,已售/已满,已售,晴,25,22,4,0.0,56,39
2026-05-21 15:30:43,2026-05-21,4,羽毛球馆-17号,17:00-18:00,1,1,已售/已满,已售,晴,25,23,4,0.0,57,40
2026-05-21 16:00:51,2026-05-21,4,羽毛球馆-17号,17:00-18:00,1,1,已售/已满,已售,晴,25,23,4,0.0,57,40
2026-05-21 16:30:48,2026-05-21,4,羽毛球馆-17号,17:00-18:00,1,1,已售/已满,已售,晴,25,24,3,0.0,60,39
2026-05-21 17:00:49,2026-05-21,4,羽毛球馆-17号,17:00-18:00,1,1,已售/已满,已售,晴,25,24,4,0.0,61,39
2026-05-21 17:30:47,2026-05-21,4,羽毛球馆-17号,17:00-18:00,1,1,已售/已满,已售,多云,24,23,3,0.0,64,39
2026-05-21 18:00:50,2026-05-21,4,羽毛球馆-17号,17:00-18:00,1,1,已售/已满,已售,多云,24,23,3,0.0,68,39
2026-05-21 18:30:50,2026-05-21,4,羽毛球馆-17号,17:00-18:00,1,1,已售/已满,已售,阴,24,25,2,0.0,68,40
2026-05-21 19:00:50,2026-05-21,4,羽毛球馆-17号,17:00-18:00,1,1,已售/已满,已售,阴,23,23,3,0.0,76,40
2026-05-21 19:30:46,2026-05-21,4,羽毛球馆-17号,17:00-18:00,1,1,已售/已满,已售,阴,23,24,2,0.0,77,39
2026-05-21 20:00:49,2026-05-21,4,羽毛球馆-17号,17:00-18:00,1,1,已售/已满,已售,雾,22,23,2,0.0,89,39
2026-05-21 20:30:44,2026-05-21,4,羽毛球馆-17号,17:00-18:00,1,1,已售/已满,已售,雾,22,24,2,0.0,93,43
2026-05-21 21:00:56,2026-05-21,4,羽毛球馆-17号,17:00-18:00,1,1,已售/已满,已售,雾,20,21,2,0.0,98,43
2026-05-21 21:30:46,2026-05-21,4,羽毛球馆-17号,17:00-18:00,1,1,已售/已满,已售,雾,20,22,1,0.0,99,41
2026-05-21 22:01:02,2026-05-21,4,羽毛球馆-17号,17:00-18:00,1,1,已售/已满,已售,雾,19,20,2,0.0,93,41
2026-05-21 22:30:47,2026-05-21,4,羽毛球馆-17号,17:00-18:00,1,1,已售/已满,已售,雾,19,19,3,0.0,88,46
2026-05-21 23:00:56,2026-05-21,4,羽毛球馆-17号,17:00-18:00,1,1,已售/已满,已售,多云,18,17,3,0.0,85,46
2026-05-21 23:30:55,2026-05-21,4,羽毛球馆-17号,17:00-18:00,1,1,已售/已满,已售,多云,18,17,3,0.0,85,48
2026-05-21 00:30:49,2026-05-21,4,羽毛球馆-17号,18:30-19:30,1,1,已售/已满,已售,多云,15,13,3,0.0,100,26
2026-05-21 01:00:55,2026-05-21,4,羽毛球馆-17号,18:30-19:30,1,1,已售/已满,已售,多云,15,12,4,0.0,100,26
2026-05-21 01:30:47,2026-05-21,4,羽毛球馆-17号,18:30-19:30,1,1,已售/已满,已售,多云,15,13,4,0.0,100,28
2026-05-21 02:00:53,2026-05-21,4,羽毛球馆-17号,18:30-19:30,1,1,已售/已满,已售,多云,15,12,4,0.0,100,28
2026-05-21 02:30:49,2026-05-21,4,羽毛球馆-17号,18:30-19:30,1,1,已售/已满,已售,多云,15,14,3,0.0,100,29
2026-05-21 03:00:55,2026-05-21,4,羽毛球馆-17号,18:30-19:30,1,1,已售/已满,已售,多云,15,12,4,0.0,100,29
2026-05-21 03:30:49,2026-05-21,4,羽毛球馆-17号,18:30-19:30,1,1,已售/已满,已售,多云,15,14,3,0.0,100,30
2026-05-21 04:30:45,2026-05-21,4,羽毛球馆-17号,18:30-19:30,1,1,已售/已满,已售,多云,15,12,4,0.0,100,29
2026-05-21 05:00:52,2026-05-21,4,羽毛球馆-17号,18:30-19:30,1,1,已售/已满,已售,多云,15,12,4,0.0,100,29
2026-05-21 05:30:49,2026-05-21,4,羽毛球馆-17号,18:30-19:30,1,1,已售/已满,已售,多云,15,13,3,0.0,100,28
2026-05-21 06:00:50,2026-05-21,4,羽毛球馆-17号,18:30-19:30,1,1,已售/已满,已售,多云,15,13,4,0.0,99,28
2026-05-21 06:30:38,2026-05-21,4,羽毛球馆-17号,18:30-19:30,1,1,已售/已满,已售,多云,15,13,3,0.0,97,28
2026-05-21 07:00:43,2026-05-21,4,羽毛球馆-17号,18:30-19:30,1,1,已售/已满,已售,晴,15,11,5,0.0,93,28
2026-05-21 07:30:39,2026-05-21,4,羽毛球馆-17号,18:30-19:30,1,1,已售/已满,已售,晴,17,13,4,0.0,89,29
2026-05-21 07:50:40,2026-05-21,4,羽毛球馆-17号,18:30-19:30,1,1,已售/已满,已售,晴,17,13,4,0.0,88,29
2026-05-21 07:53:31,2026-05-21,4,羽毛球馆-17号,18:30-19:30,1,1,已售/已满,已售,晴,17,12,5,0.0,86,29
2026-05-21 07:56:31,2026-05-21,4,羽毛球馆-17号,18:30-19:30,1,1,已售/已满,已售,晴,17,12,5,0.0,86,29
2026-05-21 07:59:26,2026-05-21,4,羽毛球馆-17号,18:30-19:30,1,1,已售/已满,已售,晴,17,12,5,0.0,86,29
2026-05-21 08:00:45,2026-05-21,4,羽毛球馆-17号,18:30-19:30,1,1,已售/已满,已售,晴,17,12,5,0.0,86,29
2026-05-21 08:02:30,2026-05-21,4,羽毛球馆-17号,18:30-19:30,1,1,已售/已满,已售,多云,17,12,5,0.0,87,29
2026-05-21 08:05:36,2026-05-21,4,羽毛球馆-17号,18:30-19:30,1,1,已售/已满,已售,多云,17,12,5,0.0,86,29
2026-05-21 08:08:31,2026-05-21,4,羽毛球馆-17号,18:30-19:30,1,1,已售/已满,已售,多云,17,12,5,0.0,86,29
2026-05-21 08:11:30,2026-05-21,4,羽毛球馆-17号,18:30-19:30,1,1,已售/已满,已售,多云,17,12,5,0.0,86,29
2026-05-21 08:14:31,2026-05-21,4,羽毛球馆-17号,18:30-19:30,1,1,已售/已满,已售,多云,17,12,5,0.0,86,29
2026-05-21 08:17:30,2026-05-21,4,羽毛球馆-17号,18:30-19:30,1,1,已售/已满,已售,多云,17,12,5,0.0,86,29
2026-05-21 08:20:35,2026-05-21,4,羽毛球馆-17号,18:30-19:30,1,1,已售/已满,已售,多云,17,14,4,0.0,85,29
2026-05-21 08:25:32,2026-05-21,4,羽毛球馆-17号,18:30-19:30,1,1,已售/已满,已售,多云,17,14,4,0.0,85,28
2026-05-21 08:30:42,2026-05-21,4,羽毛球馆-17号,18:30-19:30,1,1,已售/已满,已售,多云,18,15,4,0.0,84,28
2026-05-21 08:35:31,2026-05-21,4,羽毛球馆-17号,18:30-19:30,1,1,已售/已满,已售,多云,18,15,4,0.0,84,28
2026-05-21 08:40:38,2026-05-21,4,羽毛球馆-17号,18:30-19:30,1,1,已售/已满,已售,多云,18,15,4,0.0,82,28
2026-05-21 08:45:33,2026-05-21,4,羽毛球馆-17号,18:30-19:30,1,1,已售/已满,已售,多云,18,15,4,0.0,82,28
2026-05-21 08:50:36,2026-05-21,4,羽毛球馆-17号,18:30-19:30,1,1,已售/已满,已售,多云,18,15,4,0.0,82,28
2026-05-21 08:55:34,2026-05-21,4,羽毛球馆-17号,18:30-19:30,1,1,已售/已满,已售,多云,18,15,4,0.0,84,28
2026-05-21 09:00:51,2026-05-21,4,羽毛球馆-17号,18:30-19:30,1,1,已售/已满,已售,多云,18,15,4,0.0,84,28
2026-05-21 09:01:59,2026-05-21,4,羽毛球馆-17号,18:30-19:30,1,1,已售/已满,已售,多云,18,15,4,0.0,83,28
2026-05-21 09:05:33,2026-05-21,4,羽毛球馆-17号,18:30-19:30,1,1,已售/已满,已售,多云,18,15,4,0.0,83,28
2026-05-21 09:20:38,2026-05-21,4,羽毛球馆-17号,18:30-19:30,1,1,已售/已满,已售,多云,18,16,3,0.0,81,28
2026-05-21 09:30:46,2026-05-21,4,羽毛球馆-17号,18:30-19:30,1,1,已售/已满,已售,多云,18,16,3,0.0,81,32
2026-05-21 09:40:36,2026-05-21,4,羽毛球馆-17号,18:30-19:30,1,1,已售/已满,已售,多云,19,17,3,0.0,79,32
2026-05-21 09:50:42,2026-05-21,4,羽毛球馆-17号,18:30-19:30,1,1,已售/已满,已售,多云,19,17,4,0.0,81,32
2026-05-21 10:00:46,2026-05-21,4,羽毛球馆-17号,18:30-19:30,1,1,已售/已满,已售,多云,19,17,4,0.0,79,32
2026-05-21 10:10:40,2026-05-21,4,羽毛球馆-17号,18:30-19:30,1,1,已售/已满,已售,多云,19,17,4,0.0,79,32
2026-05-21 10:20:38,2026-05-21,4,羽毛球馆-17号,18:30-19:30,1,1,已售/已满,已售,多云,19,17,4,0.0,79,32
2026-05-21 10:30:41,2026-05-21,4,羽毛球馆-17号,18:30-19:30,1,1,已售/已满,已售,多云,19,18,3,0.0,78,31
2026-05-21 11:00:44,2026-05-21,4,羽毛球馆-17号,18:30-19:30,1,1,已售/已满,已售,多云,21,17,5,0.0,74,31
2026-05-21 11:30:38,2026-05-21,4,羽毛球馆-17号,18:30-19:30,1,1,已售/已满,已售,多云,21,19,3,0.0,72,33
2026-05-21 12:00:46,2026-05-21,4,羽毛球馆-17号,18:30-19:30,1,1,已售/已满,已售,多云,22,19,4,0.0,70,33
2026-05-21 12:30:42,2026-05-21,4,羽毛球馆-17号,18:30-19:30,1,1,已售/已满,已售,多云,22,21,3,0.0,68,35
2026-05-21 13:00:43,2026-05-21,4,羽毛球馆-17号,18:30-19:30,1,1,已售/已满,已售,多云,24,22,4,0.0,66,35
2026-05-21 13:30:43,2026-05-21,4,羽毛球馆-17号,18:30-19:30,1,1,已售/已满,已售,多云,24,22,4,0.0,66,36
2026-05-21 14:00:48,2026-05-21,4,羽毛球馆-17号,18:30-19:30,1,1,已售/已满,已售,多云,25,23,4,0.0,66,36
2026-05-21 14:30:45,2026-05-21,4,羽毛球馆-17号,18:30-19:30,1,1,已售/已满,已售,晴,25,25,3,0.0,65,39
2026-05-21 15:00:45,2026-05-21,4,羽毛球馆-17号,18:30-19:30,1,1,已售/已满,已售,晴,25,22,4,0.0,56,39
2026-05-21 15:30:43,2026-05-21,4,羽毛球馆-17号,18:30-19:30,1,1,已售/已满,已售,晴,25,23,4,0.0,57,40
2026-05-21 16:00:51,2026-05-21,4,羽毛球馆-17号,18:30-19:30,1,1,已售/已满,已售,晴,25,23,4,0.0,57,40
2026-05-21 16:30:48,2026-05-21,4,羽毛球馆-17号,18:30-19:30,1,1,已售/已满,已售,晴,25,24,3,0.0,60,39
2026-05-21 17:00:49,2026-05-21,4,羽毛球馆-17号,18:30-19:30,1,1,已售/已满,已售,晴,25,24,4,0.0,61,39
2026-05-21 17:30:47,2026-05-21,4,羽毛球馆-17号,18:30-19:30,1,1,已售/已满,已售,多云,24,23,3,0.0,64,39
2026-05-21 18:00:50,2026-05-21,4,羽毛球馆-17号,18:30-19:30,1,1,已售/已满,已售,多云,24,23,3,0.0,68,39
2026-05-21 18:30:50,2026-05-21,4,羽毛球馆-17号,18:30-19:30,1,1,已售/已满,已售,阴,24,25,2,0.0,68,40
2026-05-21 19:00:50,2026-05-21,4,羽毛球馆-17号,18:30-19:30,1,1,已售/已满,已售,阴,23,23,3,0.0,76,40
2026-05-21 19:30:46,2026-05-21,4,羽毛球馆-17号,18:30-19:30,1,1,已售/已满,已售,阴,23,24,2,0.0,77,39
2026-05-21 20:00:49,2026-05-21,4,羽毛球馆-17号,18:30-19:30,1,1,已售/已满,已售,雾,22,23,2,0.0,89,39
2026-05-21 20:30:44,2026-05-21,4,羽毛球馆-17号,18:30-19:30,1,1,已售/已满,已售,雾,22,24,2,0.0,93,43
2026-05-21 21:00:56,2026-05-21,4,羽毛球馆-17号,18:30-19:30,1,1,已售/已满,已售,雾,20,21,2,0.0,98,43
2026-05-21 21:30:46,2026-05-21,4,羽毛球馆-17号,18:30-19:30,1,1,已售/已满,已售,雾,20,22,1,0.0,99,41
2026-05-21 22:01:02,2026-05-21,4,羽毛球馆-17号,18:30-19:30,1,1,已售/已满,已售,雾,19,20,2,0.0,93,41
2026-05-21 22:30:47,2026-05-21,4,羽毛球馆-17号,18:30-19:30,1,1,已售/已满,已售,雾,19,19,3,0.0,88,46
2026-05-21 23:00:56,2026-05-21,4,羽毛球馆-17号,18:30-19:30,1,1,已售/已满,已售,多云,18,17,3,0.0,85,46
2026-05-21 23:30:55,2026-05-21,4,羽毛球馆-17号,18:30-19:30,1,1,已售/已满,已售,多云,18,17,3,0.0,85,48
2026-05-21 00:30:49,2026-05-21,4,羽毛球馆-17号,19:30-20:30,1,1,已售/已满,已售,多云,15,13,3,0.0,100,26
2026-05-21 01:00:55,2026-05-21,4,羽毛球馆-17号,19:30-20:30,1,1,已售/已满,已售,多云,15,12,4,0.0,100,26
2026-05-21 01:30:47,2026-05-21,4,羽毛球馆-17号,19:30-20:30,1,1,已售/已满,已售,多云,15,13,4,0.0,100,28
2026-05-21 02:00:53,2026-05-21,4,羽毛球馆-17号,19:30-20:30,1,1,已售/已满,已售,多云,15,12,4,0.0,100,28
2026-05-21 02:30:49,2026-05-21,4,羽毛球馆-17号,19:30-20:30,1,1,已售/已满,已售,多云,15,14,3,0.0,100,29
2026-05-21 03:00:55,2026-05-21,4,羽毛球馆-17号,19:30-20:30,1,1,已售/已满,已售,多云,15,12,4,0.0,100,29
2026-05-21 03:30:49,2026-05-21,4,羽毛球馆-17号,19:30-20:30,1,1,已售/已满,已售,多云,15,14,3,0.0,100,30
2026-05-21 04:30:45,2026-05-21,4,羽毛球馆-17号,19:30-20:30,1,1,已售/已满,已售,多云,15,12,4,0.0,100,29
2026-05-21 05:00:52,2026-05-21,4,羽毛球馆-17号,19:30-20:30,1,1,已售/已满,已售,多云,15,12,4,0.0,100,29
2026-05-21 05:30:49,2026-05-21,4,羽毛球馆-17号,19:30-20:30,1,1,已售/已满,已售,多云,15,13,3,0.0,100,28
2026-05-21 06:00:50,2026-05-21,4,羽毛球馆-17号,19:30-20:30,1,1,已售/已满,已售,多云,15,13,4,0.0,99,28
2026-05-21 06:30:38,2026-05-21,4,羽毛球馆-17号,19:30-20:30,1,1,已售/已满,已售,多云,15,13,3,0.0,97,28
2026-05-21 07:00:43,2026-05-21,4,羽毛球馆-17号,19:30-20:30,1,1,已售/已满,已售,晴,15,11,5,0.0,93,28
2026-05-21 07:30:39,2026-05-21,4,羽毛球馆-17号,19:30-20:30,1,1,已售/已满,已售,晴,17,13,4,0.0,89,29
2026-05-21 07:50:40,2026-05-21,4,羽毛球馆-17号,19:30-20:30,1,1,已售/已满,已售,晴,17,13,4,0.0,88,29
2026-05-21 07:53:31,2026-05-21,4,羽毛球馆-17号,19:30-20:30,1,1,已售/已满,已售,晴,17,12,5,0.0,86,29
2026-05-21 07:56:31,2026-05-21,4,羽毛球馆-17号,19:30-20:30,1,1,已售/已满,已售,晴,17,12,5,0.0,86,29
2026-05-21 07:59:26,2026-05-21,4,羽毛球馆-17号,19:30-20:30,1,1,已售/已满,已售,晴,17,12,5,0.0,86,29
2026-05-21 08:00:45,2026-05-21,4,羽毛球馆-17号,19:30-20:30,1,1,已售/已满,已售,晴,17,12,5,0.0,86,29
2026-05-21 08:02:30,2026-05-21,4,羽毛球馆-17号,19:30-20:30,1,1,已售/已满,已售,多云,17,12,5,0.0,87,29
2026-05-21 08:05:36,2026-05-21,4,羽毛球馆-17号,19:30-20:30,1,1,已售/已满,已售,多云,17,12,5,0.0,86,29
2026-05-21 08:08:31,2026-05-21,4,羽毛球馆-17号,19:30-20:30,1,1,已售/已满,已售,多云,17,12,5,0.0,86,29
2026-05-21 08:11:30,2026-05-21,4,羽毛球馆-17号,19:30-20:30,1,1,已售/已满,已售,多云,17,12,5,0.0,86,29
2026-05-21 08:14:31,2026-05-21,4,羽毛球馆-17号,19:30-20:30,1,1,已售/已满,已售,多云,17,12,5,0.0,86,29
2026-05-21 08:17:30,2026-05-21,4,羽毛球馆-17号,19:30-20:30,1,1,已售/已满,已售,多云,17,12,5,0.0,86,29
2026-05-21 08:20:35,2026-05-21,4,羽毛球馆-17号,19:30-20:30,1,1,已售/已满,已售,多云,17,14,4,0.0,85,29
2026-05-21 08:25:32,2026-05-21,4,羽毛球馆-17号,19:30-20:30,1,1,已售/已满,已售,多云,17,14,4,0.0,85,28
2026-05-21 08:30:42,2026-05-21,4,羽毛球馆-17号,19:30-20:30,1,1,已售/已满,已售,多云,18,15,4,0.0,84,28
2026-05-21 08:35:31,2026-05-21,4,羽毛球馆-17号,19:30-20:30,1,1,已售/已满,已售,多云,18,15,4,0.0,84,28
2026-05-21 08:40:38,2026-05-21,4,羽毛球馆-17号,19:30-20:30,1,1,已售/已满,已售,多云,18,15,4,0.0,82,28
2026-05-21 08:45:33,2026-05-21,4,羽毛球馆-17号,19:30-20:30,1,1,已售/已满,已售,多云,18,15,4,0.0,82,28
2026-05-21 08:50:36,2026-05-21,4,羽毛球馆-17号,19:30-20:30,1,1,已售/已满,已售,多云,18,15,4,0.0,82,28
2026-05-21 08:55:34,2026-05-21,4,羽毛球馆-17号,19:30-20:30,1,1,已售/已满,已售,多云,18,15,4,0.0,84,28
2026-05-21 09:00:51,2026-05-21,4,羽毛球馆-17号,19:30-20:30,1,1,已售/已满,已售,多云,18,15,4,0.0,84,28
2026-05-21 09:01:59,2026-05-21,4,羽毛球馆-17号,19:30-20:30,1,1,已售/已满,已售,多云,18,15,4,0.0,83,28
2026-05-21 09:05:33,2026-05-21,4,羽毛球馆-17号,19:30-20:30,1,1,已售/已满,已售,多云,18,15,4,0.0,83,28
2026-05-21 09:20:38,2026-05-21,4,羽毛球馆-17号,19:30-20:30,1,1,已售/已满,已售,多云,18,16,3,0.0,81,28
2026-05-21 09:30:46,2026-05-21,4,羽毛球馆-17号,19:30-20:30,1,1,已售/已满,已售,多云,18,16,3,0.0,81,32
2026-05-21 09:40:36,2026-05-21,4,羽毛球馆-17号,19:30-20:30,1,1,已售/已满,已售,多云,19,17,3,0.0,79,32
2026-05-21 09:50:42,2026-05-21,4,羽毛球馆-17号,19:30-20:30,1,1,已售/已满,已售,多云,19,17,4,0.0,81,32
2026-05-21 10:00:46,2026-05-21,4,羽毛球馆-17号,19:30-20:30,1,1,已售/已满,已售,多云,19,17,4,0.0,79,32
2026-05-21 10:10:40,2026-05-21,4,羽毛球馆-17号,19:30-20:30,1,1,已售/已满,已售,多云,19,17,4,0.0,79,32
2026-05-21 10:20:38,2026-05-21,4,羽毛球馆-17号,19:30-20:30,1,1,已售/已满,已售,多云,19,17,4,0.0,79,32
2026-05-21 10:30:41,2026-05-21,4,羽毛球馆-17号,19:30-20:30,1,1,已售/已满,已售,多云,19,18,3,0.0,78,31
2026-05-21 11:00:44,2026-05-21,4,羽毛球馆-17号,19:30-20:30,1,1,已售/已满,已售,多云,21,17,5,0.0,74,31
2026-05-21 11:30:38,2026-05-21,4,羽毛球馆-17号,19:30-20:30,1,1,已售/已满,已售,多云,21,19,3,0.0,72,33
2026-05-21 12:00:46,2026-05-21,4,羽毛球馆-17号,19:30-20:30,1,1,已售/已满,已售,多云,22,19,4,0.0,70,33
2026-05-21 12:30:42,2026-05-21,4,羽毛球馆-17号,19:30-20:30,1,1,已售/已满,已售,多云,22,21,3,0.0,68,35
2026-05-21 13:00:43,2026-05-21,4,羽毛球馆-17号,19:30-20:30,1,1,已售/已满,已售,多云,24,22,4,0.0,66,35
2026-05-21 13:30:43,2026-05-21,4,羽毛球馆-17号,19:30-20:30,1,1,已售/已满,已售,多云,24,22,4,0.0,66,36
2026-05-21 14:00:48,2026-05-21,4,羽毛球馆-17号,19:30-20:30,1,1,已售/已满,已售,多云,25,23,4,0.0,66,36
2026-05-21 14:30:45,2026-05-21,4,羽毛球馆-17号,19:30-20:30,1,1,已售/已满,已售,晴,25,25,3,0.0,65,39
2026-05-21 15:00:45,2026-05-21,4,羽毛球馆-17号,19:30-20:30,1,1,已售/已满,已售,晴,25,22,4,0.0,56,39
2026-05-21 15:30:43,2026-05-21,4,羽毛球馆-17号,19:30-20:30,1,1,已售/已满,已售,晴,25,23,4,0.0,57,40
2026-05-21 16:00:51,2026-05-21,4,羽毛球馆-17号,19:30-20:30,1,1,已售/已满,已售,晴,25,23,4,0.0,57,40
2026-05-21 16:30:48,2026-05-21,4,羽毛球馆-17号,19:30-20:30,1,1,已售/已满,已售,晴,25,24,3,0.0,60,39
2026-05-21 17:00:49,2026-05-21,4,羽毛球馆-17号,19:30-20:30,1,1,已售/已满,已售,晴,25,24,4,0.0,61,39
2026-05-21 17:30:47,2026-05-21,4,羽毛球馆-17号,19:30-20:30,1,1,已售/已满,已售,多云,24,23,3,0.0,64,39
2026-05-21 18:00:50,2026-05-21,4,羽毛球馆-17号,19:30-20:30,1,1,已售/已满,已售,多云,24,23,3,0.0,68,39
2026-05-21 18:30:50,2026-05-21,4,羽毛球馆-17号,19:30-20:30,1,1,已售/已满,已售,阴,24,25,2,0.0,68,40
2026-05-21 19:00:50,2026-05-21,4,羽毛球馆-17号,19:30-20:30,1,1,已售/已满,已售,阴,23,23,3,0.0,76,40
2026-05-21 19:30:46,2026-05-21,4,羽毛球馆-17号,19:30-20:30,1,1,已售/已满,已售,阴,23,24,2,0.0,77,39
2026-05-21 20:00:49,2026-05-21,4,羽毛球馆-17号,19:30-20:30,1,1,已售/已满,已售,雾,22,23,2,0.0,89,39
2026-05-21 20:30:44,2026-05-21,4,羽毛球馆-17号,19:30-20:30,1,1,已售/已满,已售,雾,22,24,2,0.0,93,43
2026-05-21 21:00:56,2026-05-21,4,羽毛球馆-17号,19:30-20:30,1,1,已售/已满,已售,雾,20,21,2,0.0,98,43
2026-05-21 21:30:46,2026-05-21,4,羽毛球馆-17号,19:30-20:30,1,1,已售/已满,已售,雾,20,22,1,0.0,99,41
2026-05-21 22:01:02,2026-05-21,4,羽毛球馆-17号,19:30-20:30,1,1,已售/已满,已售,雾,19,20,2,0.0,93,41
2026-05-21 22:30:47,2026-05-21,4,羽毛球馆-17号,19:30-20:30,1,1,已售/已满,已售,雾,19,19,3,0.0,88,46
2026-05-21 23:00:56,2026-05-21,4,羽毛球馆-17号,19:30-20:30,1,1,已售/已满,已售,多云,18,17,3,0.0,85,46
2026-05-21 23:30:55,2026-05-21,4,羽毛球馆-17号,19:30-20:30,1,1,已售/已满,已售,多云,18,17,3,0.0,85,48
2026-05-21 00:30:49,2026-05-21,4,羽毛球馆-17号,20:30-21:30,1,1,已售/已满,已售,多云,15,13,3,0.0,100,26
2026-05-21 01:00:55,2026-05-21,4,羽毛球馆-17号,20:30-21:30,1,1,已售/已满,已售,多云,15,12,4,0.0,100,26
2026-05-21 01:30:47,2026-05-21,4,羽毛球馆-17号,20:30-21:30,1,1,已售/已满,已售,多云,15,13,4,0.0,100,28
2026-05-21 02:00:53,2026-05-21,4,羽毛球馆-17号,20:30-21:30,1,1,已售/已满,已售,多云,15,12,4,0.0,100,28
2026-05-21 02:30:49,2026-05-21,4,羽毛球馆-17号,20:30-21:30,1,1,已售/已满,已售,多云,15,14,3,0.0,100,29
2026-05-21 03:00:55,2026-05-21,4,羽毛球馆-17号,20:30-21:30,1,1,已售/已满,已售,多云,15,12,4,0.0,100,29
2026-05-21 03:30:49,2026-05-21,4,羽毛球馆-17号,20:30-21:30,1,1,已售/已满,已售,多云,15,14,3,0.0,100,30
2026-05-21 04:30:45,2026-05-21,4,羽毛球馆-17号,20:30-21:30,1,1,已售/已满,已售,多云,15,12,4,0.0,100,29
2026-05-21 05:00:52,2026-05-21,4,羽毛球馆-17号,20:30-21:30,1,1,已售/已满,已售,多云,15,12,4,0.0,100,29
2026-05-21 05:30:49,2026-05-21,4,羽毛球馆-17号,20:30-21:30,1,1,已售/已满,已售,多云,15,13,3,0.0,100,28
2026-05-21 06:00:50,2026-05-21,4,羽毛球馆-17号,20:30-21:30,1,1,已售/已满,已售,多云,15,13,4,0.0,99,28
2026-05-21 06:30:38,2026-05-21,4,羽毛球馆-17号,20:30-21:30,1,1,已售/已满,已售,多云,15,13,3,0.0,97,28
2026-05-21 07:00:43,2026-05-21,4,羽毛球馆-17号,20:30-21:30,1,1,已售/已满,已售,晴,15,11,5,0.0,93,28
2026-05-21 07:30:39,2026-05-21,4,羽毛球馆-17号,20:30-21:30,1,1,已售/已满,已售,晴,17,13,4,0.0,89,29
2026-05-21 07:50:40,2026-05-21,4,羽毛球馆-17号,20:30-21:30,1,1,已售/已满,已售,晴,17,13,4,0.0,88,29
2026-05-21 07:53:31,2026-05-21,4,羽毛球馆-17号,20:30-21:30,1,1,已售/已满,已售,晴,17,12,5,0.0,86,29
2026-05-21 07:56:31,2026-05-21,4,羽毛球馆-17号,20:30-21:30,1,1,已售/已满,已售,晴,17,12,5,0.0,86,29
2026-05-21 07:59:26,2026-05-21,4,羽毛球馆-17号,20:30-21:30,1,1,已售/已满,已售,晴,17,12,5,0.0,86,29
2026-05-21 08:00:45,2026-05-21,4,羽毛球馆-17号,20:30-21:30,1,1,已售/已满,已售,晴,17,12,5,0.0,86,29
2026-05-21 08:02:30,2026-05-21,4,羽毛球馆-17号,20:30-21:30,1,1,已售/已满,已售,多云,17,12,5,0.0,87,29
2026-05-21 08:05:36,2026-05-21,4,羽毛球馆-17号,20:30-21:30,1,1,已售/已满,已售,多云,17,12,5,0.0,86,29
2026-05-21 08:08:31,2026-05-21,4,羽毛球馆-17号,20:30-21:30,1,1,已售/已满,已售,多云,17,12,5,0.0,86,29
2026-05-21 08:11:30,2026-05-21,4,羽毛球馆-17号,20:30-21:30,1,1,已售/已满,已售,多云,17,12,5,0.0,86,29
2026-05-21 08:14:31,2026-05-21,4,羽毛球馆-17号,20:30-21:30,1,1,已售/已满,已售,多云,17,12,5,0.0,86,29
2026-05-21 08:17:30,2026-05-21,4,羽毛球馆-17号,20:30-21:30,1,1,已售/已满,已售,多云,17,12,5,0.0,86,29
2026-05-21 08:20:35,2026-05-21,4,羽毛球馆-17号,20:30-21:30,1,1,已售/已满,已售,多云,17,14,4,0.0,85,29
2026-05-21 08:25:32,2026-05-21,4,羽毛球馆-17号,20:30-21:30,1,1,已售/已满,已售,多云,17,14,4,0.0,85,28
2026-05-21 08:30:42,2026-05-21,4,羽毛球馆-17号,20:30-21:30,1,1,已售/已满,已售,多云,18,15,4,0.0,84,28
2026-05-21 08:35:31,2026-05-21,4,羽毛球馆-17号,20:30-21:30,1,1,已售/已满,已售,多云,18,15,4,0.0,84,28
2026-05-21 08:40:38,2026-05-21,4,羽毛球馆-17号,20:30-21:30,1,1,已售/已满,已售,多云,18,15,4,0.0,82,28
2026-05-21 08:45:33,2026-05-21,4,羽毛球馆-17号,20:30-21:30,1,1,已售/已满,已售,多云,18,15,4,0.0,82,28
2026-05-21 08:50:36,2026-05-21,4,羽毛球馆-17号,20:30-21:30,1,1,已售/已满,已售,多云,18,15,4,0.0,82,28
2026-05-21 08:55:34,2026-05-21,4,羽毛球馆-17号,20:30-21:30,1,1,已售/已满,已售,多云,18,15,4,0.0,84,28
2026-05-21 09:00:51,2026-05-21,4,羽毛球馆-17号,20:30-21:30,1,1,已售/已满,已售,多云,18,15,4,0.0,84,28
2026-05-21 09:01:59,2026-05-21,4,羽毛球馆-17号,20:30-21:30,1,1,已售/已满,已售,多云,18,15,4,0.0,83,28
2026-05-21 09:05:33,2026-05-21,4,羽毛球馆-17号,20:30-21:30,1,1,已售/已满,已售,多云,18,15,4,0.0,83,28
2026-05-21 09:20:38,2026-05-21,4,羽毛球馆-17号,20:30-21:30,1,1,已售/已满,已售,多云,18,16,3,0.0,81,28
2026-05-21 09:30:46,2026-05-21,4,羽毛球馆-17号,20:30-21:30,1,1,已售/已满,已售,多云,18,16,3,0.0,81,32
2026-05-21 09:40:36,2026-05-21,4,羽毛球馆-17号,20:30-21:30,1,1,已售/已满,已售,多云,19,17,3,0.0,79,32
2026-05-21 09:50:42,2026-05-21,4,羽毛球馆-17号,20:30-21:30,1,1,已售/已满,已售,多云,19,17,4,0.0,81,32
2026-05-21 10:00:46,2026-05-21,4,羽毛球馆-17号,20:30-21:30,1,1,已售/已满,已售,多云,19,17,4,0.0,79,32
2026-05-21 10:10:40,2026-05-21,4,羽毛球馆-17号,20:30-21:30,1,1,已售/已满,已售,多云,19,17,4,0.0,79,32
2026-05-21 10:20:38,2026-05-21,4,羽毛球馆-17号,20:30-21:30,1,1,已售/已满,已售,多云,19,17,4,0.0,79,32
2026-05-21 10:30:41,2026-05-21,4,羽毛球馆-17号,20:30-21:30,1,1,已售/已满,已售,多云,19,18,3,0.0,78,31
2026-05-21 11:00:44,2026-05-21,4,羽毛球馆-17号,20:30-21:30,1,1,已售/已满,已售,多云,21,17,5,0.0,74,31
2026-05-21 11:30:38,2026-05-21,4,羽毛球馆-17号,20:30-21:30,1,1,已售/已满,已售,多云,21,19,3,0.0,72,33
2026-05-21 12:00:46,2026-05-21,4,羽毛球馆-17号,20:30-21:30,1,1,已售/已满,已售,多云,22,19,4,0.0,70,33
2026-05-21 12:30:42,2026-05-21,4,羽毛球馆-17号,20:30-21:30,1,1,已售/已满,已售,多云,22,21,3,0.0,68,35
2026-05-21 13:00:43,2026-05-21,4,羽毛球馆-17号,20:30-21:30,1,1,已售/已满,已售,多云,24,22,4,0.0,66,35
2026-05-21 13:30:43,2026-05-21,4,羽毛球馆-17号,20:30-21:30,1,1,已售/已满,已售,多云,24,22,4,0.0,66,36
2026-05-21 14:00:48,2026-05-21,4,羽毛球馆-17号,20:30-21:30,1,1,已售/已满,已售,多云,25,23,4,0.0,66,36
2026-05-21 14:30:45,2026-05-21,4,羽毛球馆-17号,20:30-21:30,1,1,已售/已满,已售,晴,25,25,3,0.0,65,39
2026-05-21 15:00:45,2026-05-21,4,羽毛球馆-17号,20:30-21:30,1,1,已售/已满,已售,晴,25,22,4,0.0,56,39
2026-05-21 15:30:43,2026-05-21,4,羽毛球馆-17号,20:30-21:30,1,1,已售/已满,已售,晴,25,23,4,0.0,57,40
2026-05-21 16:00:51,2026-05-21,4,羽毛球馆-17号,20:30-21:30,1,1,已售/已满,已售,晴,25,23,4,0.0,57,40
2026-05-21 16:30:48,2026-05-21,4,羽毛球馆-17号,20:30-21:30,1,1,已售/已满,已售,晴,25,24,3,0.0,60,39
2026-05-21 17:00:49,2026-05-21,4,羽毛球馆-17号,20:30-21:30,1,1,已售/已满,已售,晴,25,24,4,0.0,61,39
2026-05-21 17:30:47,2026-05-21,4,羽毛球馆-17号,20:30-21:30,1,1,已售/已满,已售,多云,24,23,3,0.0,64,39
2026-05-21 18:00:50,2026-05-21,4,羽毛球馆-17号,20:30-21:30,1,1,已售/已满,已售,多云,24,23,3,0.0,68,39
2026-05-21 18:30:50,2026-05-21,4,羽毛球馆-17号,20:30-21:30,1,1,已售/已满,已售,阴,24,25,2,0.0,68,40
2026-05-21 19:00:50,2026-05-21,4,羽毛球馆-17号,20:30-21:30,1,1,已售/已满,已售,阴,23,23,3,0.0,76,40
2026-05-21 19:30:46,2026-05-21,4,羽毛球馆-17号,20:30-21:30,1,1,已售/已满,已售,阴,23,24,2,0.0,77,39
2026-05-21 20:00:49,2026-05-21,4,羽毛球馆-17号,20:30-21:30,1,1,已售/已满,已售,雾,22,23,2,0.0,89,39
2026-05-21 20:30:44,2026-05-21,4,羽毛球馆-17号,20:30-21:30,1,1,已售/已满,已售,雾,22,24,2,0.0,93,43
2026-05-21 21:00:56,2026-05-21,4,羽毛球馆-17号,20:30-21:30,1,1,已售/已满,已售,雾,20,21,2,0.0,98,43
2026-05-21 21:30:46,2026-05-21,4,羽毛球馆-17号,20:30-21:30,1,1,已售/已满,已售,雾,20,22,1,0.0,99,41
2026-05-21 22:01:02,2026-05-21,4,羽毛球馆-17号,20:30-21:30,1,1,已售/已满,已售,雾,19,20,2,0.0,93,41
2026-05-21 22:30:47,2026-05-21,4,羽毛球馆-17号,20:30-21:30,1,1,已售/已满,已售,雾,19,19,3,0.0,88,46
2026-05-21 23:00:56,2026-05-21,4,羽毛球馆-17号,20:30-21:30,1,1,已售/已满,已售,多云,18,17,3,0.0,85,46
2026-05-21 23:30:55,2026-05-21,4,羽毛球馆-17号,20:30-21:30,1,1,已售/已满,已售,多云,18,17,3,0.0,85,48
2026-05-21 00:30:49,2026-05-21,4,羽毛球馆-18号,07:00-08:00,0,1,可预约,￥0.0,多云,15,13,3,0.0,100,26
2026-05-21 01:00:55,2026-05-21,4,羽毛球馆-18号,07:00-08:00,0,1,可预约,￥0.0,多云,15,12,4,0.0,100,26
2026-05-21 01:30:47,2026-05-21,4,羽毛球馆-18号,07:00-08:00,0,1,可预约,￥0.0,多云,15,13,4,0.0,100,28
2026-05-21 02:00:53,2026-05-21,4,羽毛球馆-18号,07:00-08:00,0,1,可预约,￥0.0,多云,15,12,4,0.0,100,28
2026-05-21 02:30:49,2026-05-21,4,羽毛球馆-18号,07:00-08:00,0,1,可预约,￥0.0,多云,15,14,3,0.0,100,29
2026-05-21 03:00:55,2026-05-21,4,羽毛球馆-18号,07:00-08:00,0,1,可预约,￥0.0,多云,15,12,4,0.0,100,29
2026-05-21 03:30:49,2026-05-21,4,羽毛球馆-18号,07:00-08:00,0,1,可预约,￥0.0,多云,15,14,3,0.0,100,30
2026-05-21 04:30:45,2026-05-21,4,羽毛球馆-18号,07:00-08:00,0,1,可预约,￥0.0,多云,15,12,4,0.0,100,29
2026-05-21 05:00:52,2026-05-21,4,羽毛球馆-18号,07:00-08:00,0,1,可预约,￥0.0,多云,15,12,4,0.0,100,29
2026-05-21 05:30:49,2026-05-21,4,羽毛球馆-18号,07:00-08:00,0,1,可预约,￥0.0,多云,15,13,3,0.0,100,28
2026-05-21 06:00:50,2026-05-21,4,羽毛球馆-18号,07:00-08:00,0,1,可预约,￥0.0,多云,15,13,4,0.0,99,28
2026-05-21 06:30:38,2026-05-21,4,羽毛球馆-18号,07:00-08:00,0,1,可预约,￥0.0,多云,15,13,3,0.0,97,28
2026-05-21 07:00:43,2026-05-21,4,羽毛球馆-18号,07:00-08:00,0,1,可预约,￥0.0,晴,15,11,5,0.0,93,28
2026-05-21 07:30:39,2026-05-21,4,羽毛球馆-18号,07:00-08:00,0,1,可预约,￥0.0,晴,17,13,4,0.0,89,29
2026-05-21 07:50:40,2026-05-21,4,羽毛球馆-18号,07:00-08:00,0,1,可预约,￥0.0,晴,17,13,4,0.0,88,29
2026-05-21 07:53:31,2026-05-21,4,羽毛球馆-18号,07:00-08:00,0,1,可预约,￥0.0,晴,17,12,5,0.0,86,29
2026-05-21 07:56:31,2026-05-21,4,羽毛球馆-18号,07:00-08:00,0,1,可预约,￥0.0,晴,17,12,5,0.0,86,29
2026-05-21 07:59:26,2026-05-21,4,羽毛球馆-18号,07:00-08:00,0,1,可预约,￥0.0,晴,17,12,5,0.0,86,29
2026-05-21 08:00:45,2026-05-21,4,羽毛球馆-18号,07:00-08:00,0,1,不开放/已过期,,晴,17,12,5,0.0,86,29
2026-05-21 08:02:30,2026-05-21,4,羽毛球馆-18号,07:00-08:00,0,1,不开放/已过期,,多云,17,12,5,0.0,87,29
2026-05-21 08:05:36,2026-05-21,4,羽毛球馆-18号,07:00-08:00,0,1,不开放/已过期,,多云,17,12,5,0.0,86,29
2026-05-21 08:08:31,2026-05-21,4,羽毛球馆-18号,07:00-08:00,0,1,不开放/已过期,,多云,17,12,5,0.0,86,29
2026-05-21 08:11:30,2026-05-21,4,羽毛球馆-18号,07:00-08:00,0,1,不开放/已过期,,多云,17,12,5,0.0,86,29
2026-05-21 08:14:31,2026-05-21,4,羽毛球馆-18号,07:00-08:00,0,1,不开放/已过期,,多云,17,12,5,0.0,86,29
2026-05-21 08:17:30,2026-05-21,4,羽毛球馆-18号,07:00-08:00,0,1,不开放/已过期,,多云,17,12,5,0.0,86,29
2026-05-21 08:20:35,2026-05-21,4,羽毛球馆-18号,07:00-08:00,0,1,不开放/已过期,,多云,17,14,4,0.0,85,29
2026-05-21 08:25:32,2026-05-21,4,羽毛球馆-18号,07:00-08:00,0,1,不开放/已过期,,多云,17,14,4,0.0,85,28
2026-05-21 08:30:42,2026-05-21,4,羽毛球馆-18号,07:00-08:00,0,1,不开放/已过期,,多云,18,15,4,0.0,84,28
2026-05-21 08:35:31,2026-05-21,4,羽毛球馆-18号,07:00-08:00,0,1,不开放/已过期,,多云,18,15,4,0.0,84,28
2026-05-21 08:40:38,2026-05-21,4,羽毛球馆-18号,07:00-08:00,0,1,不开放/已过期,,多云,18,15,4,0.0,82,28
2026-05-21 08:45:33,2026-05-21,4,羽毛球馆-18号,07:00-08:00,0,1,不开放/已过期,,多云,18,15,4,0.0,82,28
2026-05-21 08:50:36,2026-05-21,4,羽毛球馆-18号,07:00-08:00,0,1,不开放/已过期,,多云,18,15,4,0.0,82,28
2026-05-21 08:55:34,2026-05-21,4,羽毛球馆-18号,07:00-08:00,0,1,不开放/已过期,,多云,18,15,4,0.0,84,28
2026-05-21 09:00:51,2026-05-21,4,羽毛球馆-18号,07:00-08:00,0,1,不开放/已过期,,多云,18,15,4,0.0,84,28
2026-05-21 09:01:59,2026-05-21,4,羽毛球馆-18号,07:00-08:00,0,1,不开放/已过期,,多云,18,15,4,0.0,83,28
2026-05-21 09:05:33,2026-05-21,4,羽毛球馆-18号,07:00-08:00,0,1,不开放/已过期,,多云,18,15,4,0.0,83,28
2026-05-21 09:20:38,2026-05-21,4,羽毛球馆-18号,07:00-08:00,0,1,不开放/已过期,,多云,18,16,3,0.0,81,28
2026-05-21 09:30:46,2026-05-21,4,羽毛球馆-18号,07:00-08:00,0,1,不开放/已过期,,多云,18,16,3,0.0,81,32
2026-05-21 09:40:36,2026-05-21,4,羽毛球馆-18号,07:00-08:00,0,1,不开放/已过期,,多云,19,17,3,0.0,79,32
2026-05-21 09:50:42,2026-05-21,4,羽毛球馆-18号,07:00-08:00,0,1,不开放/已过期,,多云,19,17,4,0.0,81,32
2026-05-21 10:00:46,2026-05-21,4,羽毛球馆-18号,07:00-08:00,0,1,不开放/已过期,,多云,19,17,4,0.0,79,32
2026-05-21 10:10:40,2026-05-21,4,羽毛球馆-18号,07:00-08:00,0,1,不开放/已过期,,多云,19,17,4,0.0,79,32
2026-05-21 10:20:38,2026-05-21,4,羽毛球馆-18号,07:00-08:00,0,1,不开放/已过期,,多云,19,17,4,0.0,79,32
2026-05-21 10:30:41,2026-05-21,4,羽毛球馆-18号,07:00-08:00,0,1,不开放/已过期,,多云,19,18,3,0.0,78,31
2026-05-21 11:00:44,2026-05-21,4,羽毛球馆-18号,07:00-08:00,0,1,不开放/已过期,,多云,21,17,5,0.0,74,31
2026-05-21 11:30:38,2026-05-21,4,羽毛球馆-18号,07:00-08:00,0,1,不开放/已过期,,多云,21,19,3,0.0,72,33
2026-05-21 12:00:46,2026-05-21,4,羽毛球馆-18号,07:00-08:00,0,1,不开放/已过期,,多云,22,19,4,0.0,70,33
2026-05-21 12:30:42,2026-05-21,4,羽毛球馆-18号,07:00-08:00,0,1,不开放/已过期,,多云,22,21,3,0.0,68,35
2026-05-21 13:00:43,2026-05-21,4,羽毛球馆-18号,07:00-08:00,0,1,不开放/已过期,,多云,24,22,4,0.0,66,35
2026-05-21 13:30:43,2026-05-21,4,羽毛球馆-18号,07:00-08:00,0,1,不开放/已过期,,多云,24,22,4,0.0,66,36
2026-05-21 14:00:48,2026-05-21,4,羽毛球馆-18号,07:00-08:00,0,1,不开放/已过期,,多云,25,23,4,0.0,66,36
2026-05-21 14:30:45,2026-05-21,4,羽毛球馆-18号,07:00-08:00,0,1,不开放/已过期,,晴,25,25,3,0.0,65,39
2026-05-21 15:00:45,2026-05-21,4,羽毛球馆-18号,07:00-08:00,0,1,不开放/已过期,,晴,25,22,4,0.0,56,39
2026-05-21 15:30:43,2026-05-21,4,羽毛球馆-18号,07:00-08:00,0,1,不开放/已过期,,晴,25,23,4,0.0,57,40
2026-05-21 16:00:51,2026-05-21,4,羽毛球馆-18号,07:00-08:00,0,1,不开放/已过期,,晴,25,23,4,0.0,57,40
2026-05-21 16:30:48,2026-05-21,4,羽毛球馆-18号,07:00-08:00,0,1,不开放/已过期,,晴,25,24,3,0.0,60,39
2026-05-21 17:00:49,2026-05-21,4,羽毛球馆-18号,07:00-08:00,0,1,不开放/已过期,,晴,25,24,4,0.0,61,39
2026-05-21 17:30:47,2026-05-21,4,羽毛球馆-18号,07:00-08:00,0,1,不开放/已过期,,多云,24,23,3,0.0,64,39
2026-05-21 18:00:50,2026-05-21,4,羽毛球馆-18号,07:00-08:00,0,1,不开放/已过期,,多云,24,23,3,0.0,68,39
2026-05-21 18:30:50,2026-05-21,4,羽毛球馆-18号,07:00-08:00,0,1,不开放/已过期,,阴,24,25,2,0.0,68,40
2026-05-21 19:00:50,2026-05-21,4,羽毛球馆-18号,07:00-08:00,0,1,不开放/已过期,,阴,23,23,3,0.0,76,40
2026-05-21 19:30:46,2026-05-21,4,羽毛球馆-18号,07:00-08:00,0,1,不开放/已过期,,阴,23,24,2,0.0,77,39
2026-05-21 20:00:49,2026-05-21,4,羽毛球馆-18号,07:00-08:00,0,1,不开放/已过期,,雾,22,23,2,0.0,89,39
2026-05-21 20:30:44,2026-05-21,4,羽毛球馆-18号,07:00-08:00,0,1,不开放/已过期,,雾,22,24,2,0.0,93,43
2026-05-21 21:00:56,2026-05-21,4,羽毛球馆-18号,07:00-08:00,0,1,不开放/已过期,,雾,20,21,2,0.0,98,43
2026-05-21 21:30:46,2026-05-21,4,羽毛球馆-18号,07:00-08:00,0,1,不开放/已过期,,雾,20,22,1,0.0,99,41
2026-05-21 22:01:02,2026-05-21,4,羽毛球馆-18号,07:00-08:00,0,1,不开放/已过期,,雾,19,20,2,0.0,93,41
2026-05-21 22:30:47,2026-05-21,4,羽毛球馆-18号,07:00-08:00,0,1,不开放/已过期,,雾,19,19,3,0.0,88,46
2026-05-21 23:00:56,2026-05-21,4,羽毛球馆-18号,07:00-08:00,0,1,不开放/已过期,,多云,18,17,3,0.0,85,46
2026-05-21 23:30:55,2026-05-21,4,羽毛球馆-18号,07:00-08:00,0,1,不开放/已过期,,多云,18,17,3,0.0,85,48
2026-05-21 00:30:49,2026-05-21,4,羽毛球馆-18号,08:00-09:00,1,1,已售/已满,已售,多云,15,13,3,0.0,100,26
2026-05-21 01:00:55,2026-05-21,4,羽毛球馆-18号,08:00-09:00,1,1,已售/已满,已售,多云,15,12,4,0.0,100,26
2026-05-21 01:30:47,2026-05-21,4,羽毛球馆-18号,08:00-09:00,1,1,已售/已满,已售,多云,15,13,4,0.0,100,28
2026-05-21 02:00:53,2026-05-21,4,羽毛球馆-18号,08:00-09:00,1,1,已售/已满,已售,多云,15,12,4,0.0,100,28
2026-05-21 02:30:49,2026-05-21,4,羽毛球馆-18号,08:00-09:00,1,1,已售/已满,已售,多云,15,14,3,0.0,100,29
2026-05-21 03:00:55,2026-05-21,4,羽毛球馆-18号,08:00-09:00,1,1,已售/已满,已售,多云,15,12,4,0.0,100,29
2026-05-21 03:30:49,2026-05-21,4,羽毛球馆-18号,08:00-09:00,1,1,已售/已满,已售,多云,15,14,3,0.0,100,30
2026-05-21 04:30:45,2026-05-21,4,羽毛球馆-18号,08:00-09:00,1,1,已售/已满,已售,多云,15,12,4,0.0,100,29
2026-05-21 05:00:52,2026-05-21,4,羽毛球馆-18号,08:00-09:00,1,1,已售/已满,已售,多云,15,12,4,0.0,100,29
2026-05-21 05:30:49,2026-05-21,4,羽毛球馆-18号,08:00-09:00,1,1,已售/已满,已售,多云,15,13,3,0.0,100,28
2026-05-21 06:00:50,2026-05-21,4,羽毛球馆-18号,08:00-09:00,1,1,已售/已满,已售,多云,15,13,4,0.0,99,28
2026-05-21 06:30:38,2026-05-21,4,羽毛球馆-18号,08:00-09:00,1,1,已售/已满,已售,多云,15,13,3,0.0,97,28
2026-05-21 07:00:43,2026-05-21,4,羽毛球馆-18号,08:00-09:00,1,1,已售/已满,已售,晴,15,11,5,0.0,93,28
2026-05-21 07:30:39,2026-05-21,4,羽毛球馆-18号,08:00-09:00,1,1,已售/已满,已售,晴,17,13,4,0.0,89,29
2026-05-21 07:50:40,2026-05-21,4,羽毛球馆-18号,08:00-09:00,1,1,已售/已满,已售,晴,17,13,4,0.0,88,29
2026-05-21 07:53:31,2026-05-21,4,羽毛球馆-18号,08:00-09:00,1,1,已售/已满,已售,晴,17,12,5,0.0,86,29
2026-05-21 07:56:31,2026-05-21,4,羽毛球馆-18号,08:00-09:00,1,1,已售/已满,已售,晴,17,12,5,0.0,86,29
2026-05-21 07:59:26,2026-05-21,4,羽毛球馆-18号,08:00-09:00,1,1,已售/已满,已售,晴,17,12,5,0.0,86,29
2026-05-21 08:00:45,2026-05-21,4,羽毛球馆-18号,08:00-09:00,1,1,已售/已满,已售,晴,17,12,5,0.0,86,29
2026-05-21 08:02:30,2026-05-21,4,羽毛球馆-18号,08:00-09:00,1,1,已售/已满,已售,多云,17,12,5,0.0,87,29
2026-05-21 08:05:36,2026-05-21,4,羽毛球馆-18号,08:00-09:00,1,1,已售/已满,已售,多云,17,12,5,0.0,86,29
2026-05-21 08:08:31,2026-05-21,4,羽毛球馆-18号,08:00-09:00,1,1,已售/已满,已售,多云,17,12,5,0.0,86,29
2026-05-21 08:11:30,2026-05-21,4,羽毛球馆-18号,08:00-09:00,1,1,已售/已满,已售,多云,17,12,5,0.0,86,29
2026-05-21 08:14:31,2026-05-21,4,羽毛球馆-18号,08:00-09:00,1,1,已售/已满,已售,多云,17,12,5,0.0,86,29
2026-05-21 08:17:30,2026-05-21,4,羽毛球馆-18号,08:00-09:00,1,1,已售/已满,已售,多云,17,12,5,0.0,86,29
2026-05-21 08:20:35,2026-05-21,4,羽毛球馆-18号,08:00-09:00,1,1,已售/已满,已售,多云,17,14,4,0.0,85,29
2026-05-21 08:25:32,2026-05-21,4,羽毛球馆-18号,08:00-09:00,1,1,已售/已满,已售,多云,17,14,4,0.0,85,28
2026-05-21 08:30:42,2026-05-21,4,羽毛球馆-18号,08:00-09:00,1,1,已售/已满,已售,多云,18,15,4,0.0,84,28
2026-05-21 08:35:31,2026-05-21,4,羽毛球馆-18号,08:00-09:00,1,1,已售/已满,已售,多云,18,15,4,0.0,84,28
2026-05-21 08:40:38,2026-05-21,4,羽毛球馆-18号,08:00-09:00,1,1,已售/已满,已售,多云,18,15,4,0.0,82,28
2026-05-21 08:45:33,2026-05-21,4,羽毛球馆-18号,08:00-09:00,1,1,已售/已满,已售,多云,18,15,4,0.0,82,28
2026-05-21 08:50:36,2026-05-21,4,羽毛球馆-18号,08:00-09:00,1,1,已售/已满,已售,多云,18,15,4,0.0,82,28
2026-05-21 08:55:34,2026-05-21,4,羽毛球馆-18号,08:00-09:00,1,1,已售/已满,已售,多云,18,15,4,0.0,84,28
2026-05-21 09:00:51,2026-05-21,4,羽毛球馆-18号,08:00-09:00,1,1,已售/已满,已售,多云,18,15,4,0.0,84,28
2026-05-21 09:01:59,2026-05-21,4,羽毛球馆-18号,08:00-09:00,1,1,已售/已满,已售,多云,18,15,4,0.0,83,28
2026-05-21 09:05:33,2026-05-21,4,羽毛球馆-18号,08:00-09:00,1,1,已售/已满,已售,多云,18,15,4,0.0,83,28
2026-05-21 09:20:38,2026-05-21,4,羽毛球馆-18号,08:00-09:00,1,1,已售/已满,已售,多云,18,16,3,0.0,81,28
2026-05-21 09:30:46,2026-05-21,4,羽毛球馆-18号,08:00-09:00,1,1,已售/已满,已售,多云,18,16,3,0.0,81,32
2026-05-21 09:40:36,2026-05-21,4,羽毛球馆-18号,08:00-09:00,1,1,已售/已满,已售,多云,19,17,3,0.0,79,32
2026-05-21 09:50:42,2026-05-21,4,羽毛球馆-18号,08:00-09:00,1,1,已售/已满,已售,多云,19,17,4,0.0,81,32
2026-05-21 10:00:46,2026-05-21,4,羽毛球馆-18号,08:00-09:00,1,1,已售/已满,已售,多云,19,17,4,0.0,79,32
2026-05-21 10:10:40,2026-05-21,4,羽毛球馆-18号,08:00-09:00,1,1,已售/已满,已售,多云,19,17,4,0.0,79,32
2026-05-21 10:20:38,2026-05-21,4,羽毛球馆-18号,08:00-09:00,1,1,已售/已满,已售,多云,19,17,4,0.0,79,32
2026-05-21 10:30:41,2026-05-21,4,羽毛球馆-18号,08:00-09:00,1,1,已售/已满,已售,多云,19,18,3,0.0,78,31
2026-05-21 11:00:44,2026-05-21,4,羽毛球馆-18号,08:00-09:00,1,1,已售/已满,已售,多云,21,17,5,0.0,74,31
2026-05-21 11:30:38,2026-05-21,4,羽毛球馆-18号,08:00-09:00,1,1,已售/已满,已售,多云,21,19,3,0.0,72,33
2026-05-21 12:00:46,2026-05-21,4,羽毛球馆-18号,08:00-09:00,1,1,已售/已满,已售,多云,22,19,4,0.0,70,33
2026-05-21 12:30:42,2026-05-21,4,羽毛球馆-18号,08:00-09:00,1,1,已售/已满,已售,多云,22,21,3,0.0,68,35
2026-05-21 13:00:43,2026-05-21,4,羽毛球馆-18号,08:00-09:00,1,1,已售/已满,已售,多云,24,22,4,0.0,66,35
2026-05-21 13:30:43,2026-05-21,4,羽毛球馆-18号,08:00-09:00,1,1,已售/已满,已售,多云,24,22,4,0.0,66,36
2026-05-21 14:00:48,2026-05-21,4,羽毛球馆-18号,08:00-09:00,1,1,已售/已满,已售,多云,25,23,4,0.0,66,36
2026-05-21 14:30:45,2026-05-21,4,羽毛球馆-18号,08:00-09:00,1,1,已售/已满,已售,晴,25,25,3,0.0,65,39
2026-05-21 15:00:45,2026-05-21,4,羽毛球馆-18号,08:00-09:00,1,1,已售/已满,已售,晴,25,22,4,0.0,56,39
2026-05-21 15:30:43,2026-05-21,4,羽毛球馆-18号,08:00-09:00,1,1,已售/已满,已售,晴,25,23,4,0.0,57,40
2026-05-21 16:00:51,2026-05-21,4,羽毛球馆-18号,08:00-09:00,1,1,已售/已满,已售,晴,25,23,4,0.0,57,40
2026-05-21 16:30:48,2026-05-21,4,羽毛球馆-18号,08:00-09:00,1,1,已售/已满,已售,晴,25,24,3,0.0,60,39
2026-05-21 17:00:49,2026-05-21,4,羽毛球馆-18号,08:00-09:00,1,1,已售/已满,已售,晴,25,24,4,0.0,61,39
2026-05-21 17:30:47,2026-05-21,4,羽毛球馆-18号,08:00-09:00,1,1,已售/已满,已售,多云,24,23,3,0.0,64,39
2026-05-21 18:00:50,2026-05-21,4,羽毛球馆-18号,08:00-09:00,1,1,已售/已满,已售,多云,24,23,3,0.0,68,39
2026-05-21 18:30:50,2026-05-21,4,羽毛球馆-18号,08:00-09:00,1,1,已售/已满,已售,阴,24,25,2,0.0,68,40
2026-05-21 19:00:50,2026-05-21,4,羽毛球馆-18号,08:00-09:00,1,1,已售/已满,已售,阴,23,23,3,0.0,76,40
2026-05-21 19:30:46,2026-05-21,4,羽毛球馆-18号,08:00-09:00,1,1,已售/已满,已售,阴,23,24,2,0.0,77,39
2026-05-21 20:00:49,2026-05-21,4,羽毛球馆-18号,08:00-09:00,1,1,已售/已满,已售,雾,22,23,2,0.0,89,39
2026-05-21 20:30:44,2026-05-21,4,羽毛球馆-18号,08:00-09:00,1,1,已售/已满,已售,雾,22,24,2,0.0,93,43
2026-05-21 21:00:56,2026-05-21,4,羽毛球馆-18号,08:00-09:00,1,1,已售/已满,已售,雾,20,21,2,0.0,98,43
2026-05-21 21:30:46,2026-05-21,4,羽毛球馆-18号,08:00-09:00,1,1,已售/已满,已售,雾,20,22,1,0.0,99,41
2026-05-21 22:01:02,2026-05-21,4,羽毛球馆-18号,08:00-09:00,1,1,已售/已满,已售,雾,19,20,2,0.0,93,41
2026-05-21 22:30:47,2026-05-21,4,羽毛球馆-18号,08:00-09:00,1,1,已售/已满,已售,雾,19,19,3,0.0,88,46
2026-05-21 23:00:56,2026-05-21,4,羽毛球馆-18号,08:00-09:00,1,1,已售/已满,已售,多云,18,17,3,0.0,85,46
2026-05-21 23:30:55,2026-05-21,4,羽毛球馆-18号,08:00-09:00,1,1,已售/已满,已售,多云,18,17,3,0.0,85,48
2026-05-21 00:30:49,2026-05-21,4,羽毛球馆-18号,09:00-10:00,0,1,可预约,￥12.0,多云,15,13,3,0.0,100,26
2026-05-21 01:00:55,2026-05-21,4,羽毛球馆-18号,09:00-10:00,0,1,可预约,￥12.0,多云,15,12,4,0.0,100,26
2026-05-21 01:30:47,2026-05-21,4,羽毛球馆-18号,09:00-10:00,0,1,可预约,￥12.0,多云,15,13,4,0.0,100,28
2026-05-21 02:00:53,2026-05-21,4,羽毛球馆-18号,09:00-10:00,0,1,可预约,￥12.0,多云,15,12,4,0.0,100,28
2026-05-21 02:30:49,2026-05-21,4,羽毛球馆-18号,09:00-10:00,0,1,可预约,￥12.0,多云,15,14,3,0.0,100,29
2026-05-21 03:00:55,2026-05-21,4,羽毛球馆-18号,09:00-10:00,0,1,可预约,￥12.0,多云,15,12,4,0.0,100,29
2026-05-21 03:30:49,2026-05-21,4,羽毛球馆-18号,09:00-10:00,0,1,可预约,￥12.0,多云,15,14,3,0.0,100,30
2026-05-21 04:30:45,2026-05-21,4,羽毛球馆-18号,09:00-10:00,0,1,可预约,￥12.0,多云,15,12,4,0.0,100,29
2026-05-21 05:00:52,2026-05-21,4,羽毛球馆-18号,09:00-10:00,0,1,可预约,￥12.0,多云,15,12,4,0.0,100,29
2026-05-21 05:30:49,2026-05-21,4,羽毛球馆-18号,09:00-10:00,0,1,可预约,￥12.0,多云,15,13,3,0.0,100,28
2026-05-21 06:00:50,2026-05-21,4,羽毛球馆-18号,09:00-10:00,0,1,可预约,￥12.0,多云,15,13,4,0.0,99,28
2026-05-21 06:30:38,2026-05-21,4,羽毛球馆-18号,09:00-10:00,0,1,可预约,￥12.0,多云,15,13,3,0.0,97,28
2026-05-21 07:00:43,2026-05-21,4,羽毛球馆-18号,09:00-10:00,0,1,可预约,￥12.0,晴,15,11,5,0.0,93,28
2026-05-21 07:30:39,2026-05-21,4,羽毛球馆-18号,09:00-10:00,0,1,可预约,￥12.0,晴,17,13,4,0.0,89,29
2026-05-21 07:50:40,2026-05-21,4,羽毛球馆-18号,09:00-10:00,0,1,可预约,￥12.0,晴,17,13,4,0.0,88,29
2026-05-21 07:53:31,2026-05-21,4,羽毛球馆-18号,09:00-10:00,0,1,可预约,￥12.0,晴,17,12,5,0.0,86,29
2026-05-21 07:56:31,2026-05-21,4,羽毛球馆-18号,09:00-10:00,0,1,可预约,￥12.0,晴,17,12,5,0.0,86,29
2026-05-21 07:59:26,2026-05-21,4,羽毛球馆-18号,09:00-10:00,0,1,可预约,￥12.0,晴,17,12,5,0.0,86,29
2026-05-21 08:00:45,2026-05-21,4,羽毛球馆-18号,09:00-10:00,0,1,可预约,￥12.0,晴,17,12,5,0.0,86,29
2026-05-21 08:02:30,2026-05-21,4,羽毛球馆-18号,09:00-10:00,0,1,可预约,￥12.0,多云,17,12,5,0.0,87,29
2026-05-21 08:05:36,2026-05-21,4,羽毛球馆-18号,09:00-10:00,0,1,可预约,￥12.0,多云,17,12,5,0.0,86,29
2026-05-21 08:08:31,2026-05-21,4,羽毛球馆-18号,09:00-10:00,0,1,可预约,￥12.0,多云,17,12,5,0.0,86,29
2026-05-21 08:11:30,2026-05-21,4,羽毛球馆-18号,09:00-10:00,0,1,可预约,￥12.0,多云,17,12,5,0.0,86,29
2026-05-21 08:14:31,2026-05-21,4,羽毛球馆-18号,09:00-10:00,0,1,可预约,￥12.0,多云,17,12,5,0.0,86,29
2026-05-21 08:17:30,2026-05-21,4,羽毛球馆-18号,09:00-10:00,0,1,可预约,￥12.0,多云,17,12,5,0.0,86,29
2026-05-21 08:20:35,2026-05-21,4,羽毛球馆-18号,09:00-10:00,0,1,可预约,￥12.0,多云,17,14,4,0.0,85,29
2026-05-21 08:25:32,2026-05-21,4,羽毛球馆-18号,09:00-10:00,0,1,可预约,￥12.0,多云,17,14,4,0.0,85,28
2026-05-21 08:30:42,2026-05-21,4,羽毛球馆-18号,09:00-10:00,0,1,可预约,￥12.0,多云,18,15,4,0.0,84,28
2026-05-21 08:35:31,2026-05-21,4,羽毛球馆-18号,09:00-10:00,0,1,可预约,￥12.0,多云,18,15,4,0.0,84,28
2026-05-21 08:40:38,2026-05-21,4,羽毛球馆-18号,09:00-10:00,0,1,可预约,￥12.0,多云,18,15,4,0.0,82,28
2026-05-21 08:45:33,2026-05-21,4,羽毛球馆-18号,09:00-10:00,0,1,可预约,￥12.0,多云,18,15,4,0.0,82,28
2026-05-21 08:50:36,2026-05-21,4,羽毛球馆-18号,09:00-10:00,0,1,可预约,￥12.0,多云,18,15,4,0.0,82,28
2026-05-21 08:55:34,2026-05-21,4,羽毛球馆-18号,09:00-10:00,0,1,可预约,￥12.0,多云,18,15,4,0.0,84,28
2026-05-21 09:00:51,2026-05-21,4,羽毛球馆-18号,09:00-10:00,0,1,可预约,￥12.0,多云,18,15,4,0.0,84,28
2026-05-21 09:01:59,2026-05-21,4,羽毛球馆-18号,09:00-10:00,0,1,可预约,￥12.0,多云,18,15,4,0.0,83,28
2026-05-21 09:05:33,2026-05-21,4,羽毛球馆-18号,09:00-10:00,0,1,可预约,￥12.0,多云,18,15,4,0.0,83,28
2026-05-21 09:20:38,2026-05-21,4,羽毛球馆-18号,09:00-10:00,0,1,可预约,￥12.0,多云,18,16,3,0.0,81,28
2026-05-21 09:30:46,2026-05-21,4,羽毛球馆-18号,09:00-10:00,0,1,可预约,￥12.0,多云,18,16,3,0.0,81,32
2026-05-21 09:40:36,2026-05-21,4,羽毛球馆-18号,09:00-10:00,0,1,可预约,￥12.0,多云,19,17,3,0.0,79,32
2026-05-21 09:50:42,2026-05-21,4,羽毛球馆-18号,09:00-10:00,0,1,可预约,￥12.0,多云,19,17,4,0.0,81,32
2026-05-21 10:00:46,2026-05-21,4,羽毛球馆-18号,09:00-10:00,0,1,不开放/已过期,,多云,19,17,4,0.0,79,32
2026-05-21 10:10:40,2026-05-21,4,羽毛球馆-18号,09:00-10:00,0,1,不开放/已过期,,多云,19,17,4,0.0,79,32
2026-05-21 10:20:38,2026-05-21,4,羽毛球馆-18号,09:00-10:00,0,1,不开放/已过期,,多云,19,17,4,0.0,79,32
2026-05-21 10:30:41,2026-05-21,4,羽毛球馆-18号,09:00-10:00,0,1,不开放/已过期,,多云,19,18,3,0.0,78,31
2026-05-21 11:00:44,2026-05-21,4,羽毛球馆-18号,09:00-10:00,0,1,不开放/已过期,,多云,21,17,5,0.0,74,31
2026-05-21 11:30:38,2026-05-21,4,羽毛球馆-18号,09:00-10:00,0,1,不开放/已过期,,多云,21,19,3,0.0,72,33
2026-05-21 12:00:46,2026-05-21,4,羽毛球馆-18号,09:00-10:00,0,1,不开放/已过期,,多云,22,19,4,0.0,70,33
2026-05-21 12:30:42,2026-05-21,4,羽毛球馆-18号,09:00-10:00,0,1,不开放/已过期,,多云,22,21,3,0.0,68,35
2026-05-21 13:00:43,2026-05-21,4,羽毛球馆-18号,09:00-10:00,0,1,不开放/已过期,,多云,24,22,4,0.0,66,35
2026-05-21 13:30:43,2026-05-21,4,羽毛球馆-18号,09:00-10:00,0,1,不开放/已过期,,多云,24,22,4,0.0,66,36
2026-05-21 14:00:48,2026-05-21,4,羽毛球馆-18号,09:00-10:00,0,1,不开放/已过期,,多云,25,23,4,0.0,66,36
2026-05-21 14:30:45,2026-05-21,4,羽毛球馆-18号,09:00-10:00,0,1,不开放/已过期,,晴,25,25,3,0.0,65,39
2026-05-21 15:00:45,2026-05-21,4,羽毛球馆-18号,09:00-10:00,0,1,不开放/已过期,,晴,25,22,4,0.0,56,39
2026-05-21 15:30:43,2026-05-21,4,羽毛球馆-18号,09:00-10:00,0,1,不开放/已过期,,晴,25,23,4,0.0,57,40
2026-05-21 16:00:51,2026-05-21,4,羽毛球馆-18号,09:00-10:00,0,1,不开放/已过期,,晴,25,23,4,0.0,57,40
2026-05-21 16:30:48,2026-05-21,4,羽毛球馆-18号,09:00-10:00,0,1,不开放/已过期,,晴,25,24,3,0.0,60,39
2026-05-21 17:00:49,2026-05-21,4,羽毛球馆-18号,09:00-10:00,0,1,不开放/已过期,,晴,25,24,4,0.0,61,39
2026-05-21 17:30:47,2026-05-21,4,羽毛球馆-18号,09:00-10:00,0,1,不开放/已过期,,多云,24,23,3,0.0,64,39
2026-05-21 18:00:50,2026-05-21,4,羽毛球馆-18号,09:00-10:00,0,1,不开放/已过期,,多云,24,23,3,0.0,68,39
2026-05-21 18:30:50,2026-05-21,4,羽毛球馆-18号,09:00-10:00,0,1,不开放/已过期,,阴,24,25,2,0.0,68,40
2026-05-21 19:00:50,2026-05-21,4,羽毛球馆-18号,09:00-10:00,0,1,不开放/已过期,,阴,23,23,3,0.0,76,40
2026-05-21 19:30:46,2026-05-21,4,羽毛球馆-18号,09:00-10:00,0,1,不开放/已过期,,阴,23,24,2,0.0,77,39
2026-05-21 20:00:49,2026-05-21,4,羽毛球馆-18号,09:00-10:00,0,1,不开放/已过期,,雾,22,23,2,0.0,89,39
2026-05-21 20:30:44,2026-05-21,4,羽毛球馆-18号,09:00-10:00,0,1,不开放/已过期,,雾,22,24,2,0.0,93,43
2026-05-21 21:00:56,2026-05-21,4,羽毛球馆-18号,09:00-10:00,0,1,不开放/已过期,,雾,20,21,2,0.0,98,43
2026-05-21 21:30:46,2026-05-21,4,羽毛球馆-18号,09:00-10:00,0,1,不开放/已过期,,雾,20,22,1,0.0,99,41
2026-05-21 22:01:02,2026-05-21,4,羽毛球馆-18号,09:00-10:00,0,1,不开放/已过期,,雾,19,20,2,0.0,93,41
2026-05-21 22:30:47,2026-05-21,4,羽毛球馆-18号,09:00-10:00,0,1,不开放/已过期,,雾,19,19,3,0.0,88,46
2026-05-21 23:00:56,2026-05-21,4,羽毛球馆-18号,09:00-10:00,0,1,不开放/已过期,,多云,18,17,3,0.0,85,46
2026-05-21 23:30:55,2026-05-21,4,羽毛球馆-18号,09:00-10:00,0,1,不开放/已过期,,多云,18,17,3,0.0,85,48
2026-05-21 00:30:49,2026-05-21,4,羽毛球馆-18号,10:00-11:00,1,1,已售/已满,教学时间,多云,15,13,3,0.0,100,26
2026-05-21 01:00:55,2026-05-21,4,羽毛球馆-18号,10:00-11:00,1,1,已售/已满,教学时间,多云,15,12,4,0.0,100,26
2026-05-21 01:30:47,2026-05-21,4,羽毛球馆-18号,10:00-11:00,1,1,已售/已满,教学时间,多云,15,13,4,0.0,100,28
2026-05-21 02:00:53,2026-05-21,4,羽毛球馆-18号,10:00-11:00,1,1,已售/已满,教学时间,多云,15,12,4,0.0,100,28
2026-05-21 02:30:49,2026-05-21,4,羽毛球馆-18号,10:00-11:00,1,1,已售/已满,教学时间,多云,15,14,3,0.0,100,29
2026-05-21 03:00:55,2026-05-21,4,羽毛球馆-18号,10:00-11:00,1,1,已售/已满,教学时间,多云,15,12,4,0.0,100,29
2026-05-21 03:30:49,2026-05-21,4,羽毛球馆-18号,10:00-11:00,1,1,已售/已满,教学时间,多云,15,14,3,0.0,100,30
2026-05-21 04:30:45,2026-05-21,4,羽毛球馆-18号,10:00-11:00,1,1,已售/已满,教学时间,多云,15,12,4,0.0,100,29
2026-05-21 05:00:52,2026-05-21,4,羽毛球馆-18号,10:00-11:00,1,1,已售/已满,教学时间,多云,15,12,4,0.0,100,29
2026-05-21 05:30:49,2026-05-21,4,羽毛球馆-18号,10:00-11:00,1,1,已售/已满,教学时间,多云,15,13,3,0.0,100,28
2026-05-21 06:00:50,2026-05-21,4,羽毛球馆-18号,10:00-11:00,1,1,已售/已满,教学时间,多云,15,13,4,0.0,99,28
2026-05-21 06:30:38,2026-05-21,4,羽毛球馆-18号,10:00-11:00,1,1,已售/已满,教学时间,多云,15,13,3,0.0,97,28
2026-05-21 07:00:43,2026-05-21,4,羽毛球馆-18号,10:00-11:00,1,1,已售/已满,教学时间,晴,15,11,5,0.0,93,28
2026-05-21 07:30:39,2026-05-21,4,羽毛球馆-18号,10:00-11:00,1,1,已售/已满,教学时间,晴,17,13,4,0.0,89,29
2026-05-21 07:50:40,2026-05-21,4,羽毛球馆-18号,10:00-11:00,1,1,已售/已满,教学时间,晴,17,13,4,0.0,88,29
2026-05-21 07:53:31,2026-05-21,4,羽毛球馆-18号,10:00-11:00,1,1,已售/已满,教学时间,晴,17,12,5,0.0,86,29
2026-05-21 07:56:31,2026-05-21,4,羽毛球馆-18号,10:00-11:00,1,1,已售/已满,教学时间,晴,17,12,5,0.0,86,29
2026-05-21 07:59:26,2026-05-21,4,羽毛球馆-18号,10:00-11:00,1,1,已售/已满,教学时间,晴,17,12,5,0.0,86,29
2026-05-21 08:00:45,2026-05-21,4,羽毛球馆-18号,10:00-11:00,1,1,已售/已满,教学时间,晴,17,12,5,0.0,86,29
2026-05-21 08:02:30,2026-05-21,4,羽毛球馆-18号,10:00-11:00,1,1,已售/已满,教学时间,多云,17,12,5,0.0,87,29
2026-05-21 08:05:36,2026-05-21,4,羽毛球馆-18号,10:00-11:00,1,1,已售/已满,教学时间,多云,17,12,5,0.0,86,29
2026-05-21 08:08:31,2026-05-21,4,羽毛球馆-18号,10:00-11:00,1,1,已售/已满,教学时间,多云,17,12,5,0.0,86,29
2026-05-21 08:11:30,2026-05-21,4,羽毛球馆-18号,10:00-11:00,1,1,已售/已满,教学时间,多云,17,12,5,0.0,86,29
2026-05-21 08:14:31,2026-05-21,4,羽毛球馆-18号,10:00-11:00,1,1,已售/已满,教学时间,多云,17,12,5,0.0,86,29
2026-05-21 08:17:30,2026-05-21,4,羽毛球馆-18号,10:00-11:00,1,1,已售/已满,教学时间,多云,17,12,5,0.0,86,29
2026-05-21 08:20:35,2026-05-21,4,羽毛球馆-18号,10:00-11:00,1,1,已售/已满,教学时间,多云,17,14,4,0.0,85,29
2026-05-21 08:25:32,2026-05-21,4,羽毛球馆-18号,10:00-11:00,1,1,已售/已满,教学时间,多云,17,14,4,0.0,85,28
2026-05-21 08:30:42,2026-05-21,4,羽毛球馆-18号,10:00-11:00,1,1,已售/已满,教学时间,多云,18,15,4,0.0,84,28
2026-05-21 08:35:31,2026-05-21,4,羽毛球馆-18号,10:00-11:00,1,1,已售/已满,教学时间,多云,18,15,4,0.0,84,28
2026-05-21 08:40:38,2026-05-21,4,羽毛球馆-18号,10:00-11:00,1,1,已售/已满,教学时间,多云,18,15,4,0.0,82,28
2026-05-21 08:45:33,2026-05-21,4,羽毛球馆-18号,10:00-11:00,1,1,已售/已满,教学时间,多云,18,15,4,0.0,82,28
2026-05-21 08:50:36,2026-05-21,4,羽毛球馆-18号,10:00-11:00,1,1,已售/已满,教学时间,多云,18,15,4,0.0,82,28
2026-05-21 08:55:34,2026-05-21,4,羽毛球馆-18号,10:00-11:00,1,1,已售/已满,教学时间,多云,18,15,4,0.0,84,28
2026-05-21 09:00:51,2026-05-21,4,羽毛球馆-18号,10:00-11:00,1,1,已售/已满,教学时间,多云,18,15,4,0.0,84,28
2026-05-21 09:01:59,2026-05-21,4,羽毛球馆-18号,10:00-11:00,1,1,已售/已满,教学时间,多云,18,15,4,0.0,83,28
2026-05-21 09:05:33,2026-05-21,4,羽毛球馆-18号,10:00-11:00,1,1,已售/已满,教学时间,多云,18,15,4,0.0,83,28
2026-05-21 09:20:38,2026-05-21,4,羽毛球馆-18号,10:00-11:00,1,1,已售/已满,教学时间,多云,18,16,3,0.0,81,28
2026-05-21 09:30:46,2026-05-21,4,羽毛球馆-18号,10:00-11:00,1,1,已售/已满,教学时间,多云,18,16,3,0.0,81,32
2026-05-21 09:40:36,2026-05-21,4,羽毛球馆-18号,10:00-11:00,1,1,已售/已满,教学时间,多云,19,17,3,0.0,79,32
2026-05-21 09:50:42,2026-05-21,4,羽毛球馆-18号,10:00-11:00,1,1,已售/已满,教学时间,多云,19,17,4,0.0,81,32
2026-05-21 10:00:46,2026-05-21,4,羽毛球馆-18号,10:00-11:00,1,1,已售/已满,教学时间,多云,19,17,4,0.0,79,32
2026-05-21 10:10:40,2026-05-21,4,羽毛球馆-18号,10:00-11:00,1,1,已售/已满,教学时间,多云,19,17,4,0.0,79,32
2026-05-21 10:20:38,2026-05-21,4,羽毛球馆-18号,10:00-11:00,1,1,已售/已满,教学时间,多云,19,17,4,0.0,79,32
2026-05-21 10:30:41,2026-05-21,4,羽毛球馆-18号,10:00-11:00,1,1,已售/已满,教学时间,多云,19,18,3,0.0,78,31
2026-05-21 11:00:44,2026-05-21,4,羽毛球馆-18号,10:00-11:00,1,1,已售/已满,教学时间,多云,21,17,5,0.0,74,31
2026-05-21 11:30:38,2026-05-21,4,羽毛球馆-18号,10:00-11:00,1,1,已售/已满,教学时间,多云,21,19,3,0.0,72,33
2026-05-21 12:00:46,2026-05-21,4,羽毛球馆-18号,10:00-11:00,1,1,已售/已满,教学时间,多云,22,19,4,0.0,70,33
2026-05-21 12:30:42,2026-05-21,4,羽毛球馆-18号,10:00-11:00,1,1,已售/已满,教学时间,多云,22,21,3,0.0,68,35
2026-05-21 13:00:43,2026-05-21,4,羽毛球馆-18号,10:00-11:00,1,1,已售/已满,教学时间,多云,24,22,4,0.0,66,35
2026-05-21 13:30:43,2026-05-21,4,羽毛球馆-18号,10:00-11:00,1,1,已售/已满,教学时间,多云,24,22,4,0.0,66,36
2026-05-21 14:00:48,2026-05-21,4,羽毛球馆-18号,10:00-11:00,1,1,已售/已满,教学时间,多云,25,23,4,0.0,66,36
2026-05-21 14:30:45,2026-05-21,4,羽毛球馆-18号,10:00-11:00,1,1,已售/已满,教学时间,晴,25,25,3,0.0,65,39
2026-05-21 15:00:45,2026-05-21,4,羽毛球馆-18号,10:00-11:00,1,1,已售/已满,教学时间,晴,25,22,4,0.0,56,39
2026-05-21 15:30:43,2026-05-21,4,羽毛球馆-18号,10:00-11:00,1,1,已售/已满,教学时间,晴,25,23,4,0.0,57,40
2026-05-21 16:00:51,2026-05-21,4,羽毛球馆-18号,10:00-11:00,1,1,已售/已满,教学时间,晴,25,23,4,0.0,57,40
2026-05-21 16:30:48,2026-05-21,4,羽毛球馆-18号,10:00-11:00,1,1,已售/已满,教学时间,晴,25,24,3,0.0,60,39
2026-05-21 17:00:49,2026-05-21,4,羽毛球馆-18号,10:00-11:00,1,1,已售/已满,教学时间,晴,25,24,4,0.0,61,39
2026-05-21 17:30:47,2026-05-21,4,羽毛球馆-18号,10:00-11:00,1,1,已售/已满,教学时间,多云,24,23,3,0.0,64,39
2026-05-21 18:00:50,2026-05-21,4,羽毛球馆-18号,10:00-11:00,1,1,已售/已满,教学时间,多云,24,23,3,0.0,68,39
2026-05-21 18:30:50,2026-05-21,4,羽毛球馆-18号,10:00-11:00,1,1,已售/已满,教学时间,阴,24,25,2,0.0,68,40
2026-05-21 19:00:50,2026-05-21,4,羽毛球馆-18号,10:00-11:00,1,1,已售/已满,教学时间,阴,23,23,3,0.0,76,40
2026-05-21 19:30:46,2026-05-21,4,羽毛球馆-18号,10:00-11:00,1,1,已售/已满,教学时间,阴,23,24,2,0.0,77,39
2026-05-21 20:00:49,2026-05-21,4,羽毛球馆-18号,10:00-11:00,1,1,已售/已满,教学时间,雾,22,23,2,0.0,89,39
2026-05-21 20:30:44,2026-05-21,4,羽毛球馆-18号,10:00-11:00,1,1,已售/已满,教学时间,雾,22,24,2,0.0,93,43
2026-05-21 21:00:56,2026-05-21,4,羽毛球馆-18号,10:00-11:00,1,1,已售/已满,教学时间,雾,20,21,2,0.0,98,43
2026-05-21 21:30:46,2026-05-21,4,羽毛球馆-18号,10:00-11:00,1,1,已售/已满,教学时间,雾,20,22,1,0.0,99,41
2026-05-21 22:01:02,2026-05-21,4,羽毛球馆-18号,10:00-11:00,1,1,已售/已满,教学时间,雾,19,20,2,0.0,93,41
2026-05-21 22:30:47,2026-05-21,4,羽毛球馆-18号,10:00-11:00,1,1,已售/已满,教学时间,雾,19,19,3,0.0,88,46
2026-05-21 23:00:56,2026-05-21,4,羽毛球馆-18号,10:00-11:00,1,1,已售/已满,教学时间,多云,18,17,3,0.0,85,46
2026-05-21 23:30:55,2026-05-21,4,羽毛球馆-18号,10:00-11:00,1,1,已售/已满,教学时间,多云,18,17,3,0.0,85,48
2026-05-21 00:30:49,2026-05-21,4,羽毛球馆-18号,11:00-12:00,1,1,已售/已满,教学时间,多云,15,13,3,0.0,100,26
2026-05-21 01:00:55,2026-05-21,4,羽毛球馆-18号,11:00-12:00,1,1,已售/已满,教学时间,多云,15,12,4,0.0,100,26
2026-05-21 01:30:47,2026-05-21,4,羽毛球馆-18号,11:00-12:00,1,1,已售/已满,教学时间,多云,15,13,4,0.0,100,28
2026-05-21 02:00:53,2026-05-21,4,羽毛球馆-18号,11:00-12:00,1,1,已售/已满,教学时间,多云,15,12,4,0.0,100,28
2026-05-21 02:30:49,2026-05-21,4,羽毛球馆-18号,11:00-12:00,1,1,已售/已满,教学时间,多云,15,14,3,0.0,100,29
2026-05-21 03:00:55,2026-05-21,4,羽毛球馆-18号,11:00-12:00,1,1,已售/已满,教学时间,多云,15,12,4,0.0,100,29
2026-05-21 03:30:49,2026-05-21,4,羽毛球馆-18号,11:00-12:00,1,1,已售/已满,教学时间,多云,15,14,3,0.0,100,30
2026-05-21 04:30:45,2026-05-21,4,羽毛球馆-18号,11:00-12:00,1,1,已售/已满,教学时间,多云,15,12,4,0.0,100,29
2026-05-21 05:00:52,2026-05-21,4,羽毛球馆-18号,11:00-12:00,1,1,已售/已满,教学时间,多云,15,12,4,0.0,100,29
2026-05-21 05:30:49,2026-05-21,4,羽毛球馆-18号,11:00-12:00,1,1,已售/已满,教学时间,多云,15,13,3,0.0,100,28
2026-05-21 06:00:50,2026-05-21,4,羽毛球馆-18号,11:00-12:00,1,1,已售/已满,教学时间,多云,15,13,4,0.0,99,28
2026-05-21 06:30:38,2026-05-21,4,羽毛球馆-18号,11:00-12:00,1,1,已售/已满,教学时间,多云,15,13,3,0.0,97,28
2026-05-21 07:00:43,2026-05-21,4,羽毛球馆-18号,11:00-12:00,1,1,已售/已满,教学时间,晴,15,11,5,0.0,93,28
2026-05-21 07:30:39,2026-05-21,4,羽毛球馆-18号,11:00-12:00,1,1,已售/已满,教学时间,晴,17,13,4,0.0,89,29
2026-05-21 07:50:40,2026-05-21,4,羽毛球馆-18号,11:00-12:00,1,1,已售/已满,教学时间,晴,17,13,4,0.0,88,29
2026-05-21 07:53:31,2026-05-21,4,羽毛球馆-18号,11:00-12:00,1,1,已售/已满,教学时间,晴,17,12,5,0.0,86,29
2026-05-21 07:56:31,2026-05-21,4,羽毛球馆-18号,11:00-12:00,1,1,已售/已满,教学时间,晴,17,12,5,0.0,86,29
2026-05-21 07:59:26,2026-05-21,4,羽毛球馆-18号,11:00-12:00,1,1,已售/已满,教学时间,晴,17,12,5,0.0,86,29
2026-05-21 08:00:45,2026-05-21,4,羽毛球馆-18号,11:00-12:00,1,1,已售/已满,教学时间,晴,17,12,5,0.0,86,29
2026-05-21 08:02:30,2026-05-21,4,羽毛球馆-18号,11:00-12:00,1,1,已售/已满,教学时间,多云,17,12,5,0.0,87,29
2026-05-21 08:05:36,2026-05-21,4,羽毛球馆-18号,11:00-12:00,1,1,已售/已满,教学时间,多云,17,12,5,0.0,86,29
2026-05-21 08:08:31,2026-05-21,4,羽毛球馆-18号,11:00-12:00,1,1,已售/已满,教学时间,多云,17,12,5,0.0,86,29
2026-05-21 08:11:30,2026-05-21,4,羽毛球馆-18号,11:00-12:00,1,1,已售/已满,教学时间,多云,17,12,5,0.0,86,29
2026-05-21 08:14:31,2026-05-21,4,羽毛球馆-18号,11:00-12:00,1,1,已售/已满,教学时间,多云,17,12,5,0.0,86,29
2026-05-21 08:17:30,2026-05-21,4,羽毛球馆-18号,11:00-12:00,1,1,已售/已满,教学时间,多云,17,12,5,0.0,86,29
2026-05-21 08:20:35,2026-05-21,4,羽毛球馆-18号,11:00-12:00,1,1,已售/已满,教学时间,多云,17,14,4,0.0,85,29
2026-05-21 08:25:32,2026-05-21,4,羽毛球馆-18号,11:00-12:00,1,1,已售/已满,教学时间,多云,17,14,4,0.0,85,28
2026-05-21 08:30:42,2026-05-21,4,羽毛球馆-18号,11:00-12:00,1,1,已售/已满,教学时间,多云,18,15,4,0.0,84,28
2026-05-21 08:35:31,2026-05-21,4,羽毛球馆-18号,11:00-12:00,1,1,已售/已满,教学时间,多云,18,15,4,0.0,84,28
2026-05-21 08:40:38,2026-05-21,4,羽毛球馆-18号,11:00-12:00,1,1,已售/已满,教学时间,多云,18,15,4,0.0,82,28
2026-05-21 08:45:33,2026-05-21,4,羽毛球馆-18号,11:00-12:00,1,1,已售/已满,教学时间,多云,18,15,4,0.0,82,28
2026-05-21 08:50:36,2026-05-21,4,羽毛球馆-18号,11:00-12:00,1,1,已售/已满,教学时间,多云,18,15,4,0.0,82,28
2026-05-21 08:55:34,2026-05-21,4,羽毛球馆-18号,11:00-12:00,1,1,已售/已满,教学时间,多云,18,15,4,0.0,84,28
2026-05-21 09:00:51,2026-05-21,4,羽毛球馆-18号,11:00-12:00,1,1,已售/已满,教学时间,多云,18,15,4,0.0,84,28
2026-05-21 09:01:59,2026-05-21,4,羽毛球馆-18号,11:00-12:00,1,1,已售/已满,教学时间,多云,18,15,4,0.0,83,28
2026-05-21 09:05:33,2026-05-21,4,羽毛球馆-18号,11:00-12:00,1,1,已售/已满,教学时间,多云,18,15,4,0.0,83,28
2026-05-21 09:20:38,2026-05-21,4,羽毛球馆-18号,11:00-12:00,1,1,已售/已满,教学时间,多云,18,16,3,0.0,81,28
2026-05-21 09:30:46,2026-05-21,4,羽毛球馆-18号,11:00-12:00,1,1,已售/已满,教学时间,多云,18,16,3,0.0,81,32
2026-05-21 09:40:36,2026-05-21,4,羽毛球馆-18号,11:00-12:00,1,1,已售/已满,教学时间,多云,19,17,3,0.0,79,32
2026-05-21 09:50:42,2026-05-21,4,羽毛球馆-18号,11:00-12:00,1,1,已售/已满,教学时间,多云,19,17,4,0.0,81,32
2026-05-21 10:00:46,2026-05-21,4,羽毛球馆-18号,11:00-12:00,1,1,已售/已满,教学时间,多云,19,17,4,0.0,79,32
2026-05-21 10:10:40,2026-05-21,4,羽毛球馆-18号,11:00-12:00,1,1,已售/已满,教学时间,多云,19,17,4,0.0,79,32
2026-05-21 10:20:38,2026-05-21,4,羽毛球馆-18号,11:00-12:00,1,1,已售/已满,教学时间,多云,19,17,4,0.0,79,32
2026-05-21 10:30:41,2026-05-21,4,羽毛球馆-18号,11:00-12:00,1,1,已售/已满,教学时间,多云,19,18,3,0.0,78,31
2026-05-21 11:00:44,2026-05-21,4,羽毛球馆-18号,11:00-12:00,1,1,已售/已满,教学时间,多云,21,17,5,0.0,74,31
2026-05-21 11:30:38,2026-05-21,4,羽毛球馆-18号,11:00-12:00,1,1,已售/已满,教学时间,多云,21,19,3,0.0,72,33
2026-05-21 12:00:46,2026-05-21,4,羽毛球馆-18号,11:00-12:00,1,1,已售/已满,教学时间,多云,22,19,4,0.0,70,33
2026-05-21 12:30:42,2026-05-21,4,羽毛球馆-18号,11:00-12:00,1,1,已售/已满,教学时间,多云,22,21,3,0.0,68,35
2026-05-21 13:00:43,2026-05-21,4,羽毛球馆-18号,11:00-12:00,1,1,已售/已满,教学时间,多云,24,22,4,0.0,66,35
2026-05-21 13:30:43,2026-05-21,4,羽毛球馆-18号,11:00-12:00,1,1,已售/已满,教学时间,多云,24,22,4,0.0,66,36
2026-05-21 14:00:48,2026-05-21,4,羽毛球馆-18号,11:00-12:00,1,1,已售/已满,教学时间,多云,25,23,4,0.0,66,36
2026-05-21 14:30:45,2026-05-21,4,羽毛球馆-18号,11:00-12:00,1,1,已售/已满,教学时间,晴,25,25,3,0.0,65,39
2026-05-21 15:00:45,2026-05-21,4,羽毛球馆-18号,11:00-12:00,1,1,已售/已满,教学时间,晴,25,22,4,0.0,56,39
2026-05-21 15:30:43,2026-05-21,4,羽毛球馆-18号,11:00-12:00,1,1,已售/已满,教学时间,晴,25,23,4,0.0,57,40
2026-05-21 16:00:51,2026-05-21,4,羽毛球馆-18号,11:00-12:00,1,1,已售/已满,教学时间,晴,25,23,4,0.0,57,40
2026-05-21 16:30:48,2026-05-21,4,羽毛球馆-18号,11:00-12:00,1,1,已售/已满,教学时间,晴,25,24,3,0.0,60,39
2026-05-21 17:00:49,2026-05-21,4,羽毛球馆-18号,11:00-12:00,1,1,已售/已满,教学时间,晴,25,24,4,0.0,61,39
2026-05-21 17:30:47,2026-05-21,4,羽毛球馆-18号,11:00-12:00,1,1,已售/已满,教学时间,多云,24,23,3,0.0,64,39
2026-05-21 18:00:50,2026-05-21,4,羽毛球馆-18号,11:00-12:00,1,1,已售/已满,教学时间,多云,24,23,3,0.0,68,39
2026-05-21 18:30:50,2026-05-21,4,羽毛球馆-18号,11:00-12:00,1,1,已售/已满,教学时间,阴,24,25,2,0.0,68,40
2026-05-21 19:00:50,2026-05-21,4,羽毛球馆-18号,11:00-12:00,1,1,已售/已满,教学时间,阴,23,23,3,0.0,76,40
2026-05-21 19:30:46,2026-05-21,4,羽毛球馆-18号,11:00-12:00,1,1,已售/已满,教学时间,阴,23,24,2,0.0,77,39
2026-05-21 20:00:49,2026-05-21,4,羽毛球馆-18号,11:00-12:00,1,1,已售/已满,教学时间,雾,22,23,2,0.0,89,39
2026-05-21 20:30:44,2026-05-21,4,羽毛球馆-18号,11:00-12:00,1,1,已售/已满,教学时间,雾,22,24,2,0.0,93,43
2026-05-21 21:00:56,2026-05-21,4,羽毛球馆-18号,11:00-12:00,1,1,已售/已满,教学时间,雾,20,21,2,0.0,98,43
2026-05-21 21:30:46,2026-05-21,4,羽毛球馆-18号,11:00-12:00,1,1,已售/已满,教学时间,雾,20,22,1,0.0,99,41
2026-05-21 22:01:02,2026-05-21,4,羽毛球馆-18号,11:00-12:00,1,1,已售/已满,教学时间,雾,19,20,2,0.0,93,41
2026-05-21 22:30:47,2026-05-21,4,羽毛球馆-18号,11:00-12:00,1,1,已售/已满,教学时间,雾,19,19,3,0.0,88,46
2026-05-21 23:00:56,2026-05-21,4,羽毛球馆-18号,11:00-12:00,1,1,已售/已满,教学时间,多云,18,17,3,0.0,85,46
2026-05-21 23:30:55,2026-05-21,4,羽毛球馆-18号,11:00-12:00,1,1,已售/已满,教学时间,多云,18,17,3,0.0,85,48
2026-05-21 00:30:49,2026-05-21,4,羽毛球馆-18号,12:00-12:55,1,1,已售/已满,已售,多云,15,13,3,0.0,100,26
2026-05-21 01:00:55,2026-05-21,4,羽毛球馆-18号,12:00-12:55,1,1,已售/已满,已售,多云,15,12,4,0.0,100,26
2026-05-21 01:30:47,2026-05-21,4,羽毛球馆-18号,12:00-12:55,1,1,已售/已满,已售,多云,15,13,4,0.0,100,28
2026-05-21 02:00:53,2026-05-21,4,羽毛球馆-18号,12:00-12:55,1,1,已售/已满,已售,多云,15,12,4,0.0,100,28
2026-05-21 02:30:49,2026-05-21,4,羽毛球馆-18号,12:00-12:55,1,1,已售/已满,已售,多云,15,14,3,0.0,100,29
2026-05-21 03:00:55,2026-05-21,4,羽毛球馆-18号,12:00-12:55,1,1,已售/已满,已售,多云,15,12,4,0.0,100,29
2026-05-21 03:30:49,2026-05-21,4,羽毛球馆-18号,12:00-12:55,1,1,已售/已满,已售,多云,15,14,3,0.0,100,30
2026-05-21 04:30:45,2026-05-21,4,羽毛球馆-18号,12:00-12:55,1,1,已售/已满,已售,多云,15,12,4,0.0,100,29
2026-05-21 05:00:52,2026-05-21,4,羽毛球馆-18号,12:00-12:55,1,1,已售/已满,已售,多云,15,12,4,0.0,100,29
2026-05-21 05:30:49,2026-05-21,4,羽毛球馆-18号,12:00-12:55,1,1,已售/已满,已售,多云,15,13,3,0.0,100,28
2026-05-21 06:00:50,2026-05-21,4,羽毛球馆-18号,12:00-12:55,1,1,已售/已满,已售,多云,15,13,4,0.0,99,28
2026-05-21 06:30:38,2026-05-21,4,羽毛球馆-18号,12:00-12:55,1,1,已售/已满,已售,多云,15,13,3,0.0,97,28
2026-05-21 07:00:43,2026-05-21,4,羽毛球馆-18号,12:00-12:55,1,1,已售/已满,已售,晴,15,11,5,0.0,93,28
2026-05-21 07:30:39,2026-05-21,4,羽毛球馆-18号,12:00-12:55,1,1,已售/已满,已售,晴,17,13,4,0.0,89,29
2026-05-21 07:50:40,2026-05-21,4,羽毛球馆-18号,12:00-12:55,1,1,已售/已满,已售,晴,17,13,4,0.0,88,29
2026-05-21 07:53:31,2026-05-21,4,羽毛球馆-18号,12:00-12:55,1,1,已售/已满,已售,晴,17,12,5,0.0,86,29
2026-05-21 07:56:31,2026-05-21,4,羽毛球馆-18号,12:00-12:55,1,1,已售/已满,已售,晴,17,12,5,0.0,86,29
2026-05-21 07:59:26,2026-05-21,4,羽毛球馆-18号,12:00-12:55,1,1,已售/已满,已售,晴,17,12,5,0.0,86,29
2026-05-21 08:00:45,2026-05-21,4,羽毛球馆-18号,12:00-12:55,1,1,已售/已满,已售,晴,17,12,5,0.0,86,29
2026-05-21 08:02:30,2026-05-21,4,羽毛球馆-18号,12:00-12:55,1,1,已售/已满,已售,多云,17,12,5,0.0,87,29
2026-05-21 08:05:36,2026-05-21,4,羽毛球馆-18号,12:00-12:55,1,1,已售/已满,已售,多云,17,12,5,0.0,86,29
2026-05-21 08:08:31,2026-05-21,4,羽毛球馆-18号,12:00-12:55,1,1,已售/已满,已售,多云,17,12,5,0.0,86,29
2026-05-21 08:11:30,2026-05-21,4,羽毛球馆-18号,12:00-12:55,1,1,已售/已满,已售,多云,17,12,5,0.0,86,29
2026-05-21 08:14:31,2026-05-21,4,羽毛球馆-18号,12:00-12:55,1,1,已售/已满,已售,多云,17,12,5,0.0,86,29
2026-05-21 08:17:30,2026-05-21,4,羽毛球馆-18号,12:00-12:55,1,1,已售/已满,已售,多云,17,12,5,0.0,86,29
2026-05-21 08:20:35,2026-05-21,4,羽毛球馆-18号,12:00-12:55,1,1,已售/已满,已售,多云,17,14,4,0.0,85,29
2026-05-21 08:25:32,2026-05-21,4,羽毛球馆-18号,12:00-12:55,1,1,已售/已满,已售,多云,17,14,4,0.0,85,28
2026-05-21 08:30:42,2026-05-21,4,羽毛球馆-18号,12:00-12:55,1,1,已售/已满,已售,多云,18,15,4,0.0,84,28
2026-05-21 08:35:31,2026-05-21,4,羽毛球馆-18号,12:00-12:55,1,1,已售/已满,已售,多云,18,15,4,0.0,84,28
2026-05-21 08:40:38,2026-05-21,4,羽毛球馆-18号,12:00-12:55,1,1,已售/已满,已售,多云,18,15,4,0.0,82,28
2026-05-21 08:45:33,2026-05-21,4,羽毛球馆-18号,12:00-12:55,1,1,已售/已满,已售,多云,18,15,4,0.0,82,28
2026-05-21 08:50:36,2026-05-21,4,羽毛球馆-18号,12:00-12:55,1,1,已售/已满,已售,多云,18,15,4,0.0,82,28
2026-05-21 08:55:34,2026-05-21,4,羽毛球馆-18号,12:00-12:55,1,1,已售/已满,已售,多云,18,15,4,0.0,84,28
2026-05-21 09:00:51,2026-05-21,4,羽毛球馆-18号,12:00-12:55,1,1,已售/已满,已售,多云,18,15,4,0.0,84,28
2026-05-21 09:01:59,2026-05-21,4,羽毛球馆-18号,12:00-12:55,1,1,已售/已满,已售,多云,18,15,4,0.0,83,28
2026-05-21 09:05:33,2026-05-21,4,羽毛球馆-18号,12:00-12:55,1,1,已售/已满,已售,多云,18,15,4,0.0,83,28
2026-05-21 09:20:38,2026-05-21,4,羽毛球馆-18号,12:00-12:55,1,1,已售/已满,已售,多云,18,16,3,0.0,81,28
2026-05-21 09:30:46,2026-05-21,4,羽毛球馆-18号,12:00-12:55,1,1,已售/已满,已售,多云,18,16,3,0.0,81,32
2026-05-21 09:40:36,2026-05-21,4,羽毛球馆-18号,12:00-12:55,1,1,已售/已满,已售,多云,19,17,3,0.0,79,32
2026-05-21 09:50:42,2026-05-21,4,羽毛球馆-18号,12:00-12:55,1,1,已售/已满,已售,多云,19,17,4,0.0,81,32
2026-05-21 10:00:46,2026-05-21,4,羽毛球馆-18号,12:00-12:55,1,1,已售/已满,已售,多云,19,17,4,0.0,79,32
2026-05-21 10:10:40,2026-05-21,4,羽毛球馆-18号,12:00-12:55,1,1,已售/已满,已售,多云,19,17,4,0.0,79,32
2026-05-21 10:20:38,2026-05-21,4,羽毛球馆-18号,12:00-12:55,1,1,已售/已满,已售,多云,19,17,4,0.0,79,32
2026-05-21 10:30:41,2026-05-21,4,羽毛球馆-18号,12:00-12:55,1,1,已售/已满,已售,多云,19,18,3,0.0,78,31
2026-05-21 11:00:44,2026-05-21,4,羽毛球馆-18号,12:00-12:55,1,1,已售/已满,已售,多云,21,17,5,0.0,74,31
2026-05-21 11:30:38,2026-05-21,4,羽毛球馆-18号,12:00-12:55,1,1,已售/已满,已售,多云,21,19,3,0.0,72,33
2026-05-21 12:00:46,2026-05-21,4,羽毛球馆-18号,12:00-12:55,1,1,已售/已满,已售,多云,22,19,4,0.0,70,33
2026-05-21 12:30:42,2026-05-21,4,羽毛球馆-18号,12:00-12:55,1,1,已售/已满,已售,多云,22,21,3,0.0,68,35
2026-05-21 13:00:43,2026-05-21,4,羽毛球馆-18号,12:00-12:55,1,1,已售/已满,已售,多云,24,22,4,0.0,66,35
2026-05-21 13:30:43,2026-05-21,4,羽毛球馆-18号,12:00-12:55,1,1,已售/已满,已售,多云,24,22,4,0.0,66,36
2026-05-21 14:00:48,2026-05-21,4,羽毛球馆-18号,12:00-12:55,1,1,已售/已满,已售,多云,25,23,4,0.0,66,36
2026-05-21 14:30:45,2026-05-21,4,羽毛球馆-18号,12:00-12:55,1,1,已售/已满,已售,晴,25,25,3,0.0,65,39
2026-05-21 15:00:45,2026-05-21,4,羽毛球馆-18号,12:00-12:55,1,1,已售/已满,已售,晴,25,22,4,0.0,56,39
2026-05-21 15:30:43,2026-05-21,4,羽毛球馆-18号,12:00-12:55,1,1,已售/已满,已售,晴,25,23,4,0.0,57,40
2026-05-21 16:00:51,2026-05-21,4,羽毛球馆-18号,12:00-12:55,1,1,已售/已满,已售,晴,25,23,4,0.0,57,40
2026-05-21 16:30:48,2026-05-21,4,羽毛球馆-18号,12:00-12:55,1,1,已售/已满,已售,晴,25,24,3,0.0,60,39
2026-05-21 17:00:49,2026-05-21,4,羽毛球馆-18号,12:00-12:55,1,1,已售/已满,已售,晴,25,24,4,0.0,61,39
2026-05-21 17:30:47,2026-05-21,4,羽毛球馆-18号,12:00-12:55,1,1,已售/已满,已售,多云,24,23,3,0.0,64,39
2026-05-21 18:00:50,2026-05-21,4,羽毛球馆-18号,12:00-12:55,1,1,已售/已满,已售,多云,24,23,3,0.0,68,39
2026-05-21 18:30:50,2026-05-21,4,羽毛球馆-18号,12:00-12:55,1,1,已售/已满,已售,阴,24,25,2,0.0,68,40
2026-05-21 19:00:50,2026-05-21,4,羽毛球馆-18号,12:00-12:55,1,1,已售/已满,已售,阴,23,23,3,0.0,76,40
2026-05-21 19:30:46,2026-05-21,4,羽毛球馆-18号,12:00-12:55,1,1,已售/已满,已售,阴,23,24,2,0.0,77,39
2026-05-21 20:00:49,2026-05-21,4,羽毛球馆-18号,12:00-12:55,1,1,已售/已满,已售,雾,22,23,2,0.0,89,39
2026-05-21 20:30:44,2026-05-21,4,羽毛球馆-18号,12:00-12:55,1,1,已售/已满,已售,雾,22,24,2,0.0,93,43
2026-05-21 21:00:56,2026-05-21,4,羽毛球馆-18号,12:00-12:55,1,1,已售/已满,已售,雾,20,21,2,0.0,98,43
2026-05-21 21:30:46,2026-05-21,4,羽毛球馆-18号,12:00-12:55,1,1,已售/已满,已售,雾,20,22,1,0.0,99,41
2026-05-21 22:01:02,2026-05-21,4,羽毛球馆-18号,12:00-12:55,1,1,已售/已满,已售,雾,19,20,2,0.0,93,41
2026-05-21 22:30:47,2026-05-21,4,羽毛球馆-18号,12:00-12:55,1,1,已售/已满,已售,雾,19,19,3,0.0,88,46
2026-05-21 23:00:56,2026-05-21,4,羽毛球馆-18号,12:00-12:55,1,1,已售/已满,已售,多云,18,17,3,0.0,85,46
2026-05-21 23:30:55,2026-05-21,4,羽毛球馆-18号,12:00-12:55,1,1,已售/已满,已售,多云,18,17,3,0.0,85,48
2026-05-21 00:30:49,2026-05-21,4,羽毛球馆-18号,12:55-13:50,1,1,已售/已满,已售,多云,15,13,3,0.0,100,26
2026-05-21 01:00:55,2026-05-21,4,羽毛球馆-18号,12:55-13:50,1,1,已售/已满,已售,多云,15,12,4,0.0,100,26
2026-05-21 01:30:47,2026-05-21,4,羽毛球馆-18号,12:55-13:50,1,1,已售/已满,已售,多云,15,13,4,0.0,100,28
2026-05-21 02:00:53,2026-05-21,4,羽毛球馆-18号,12:55-13:50,1,1,已售/已满,已售,多云,15,12,4,0.0,100,28
2026-05-21 02:30:49,2026-05-21,4,羽毛球馆-18号,12:55-13:50,1,1,已售/已满,已售,多云,15,14,3,0.0,100,29
2026-05-21 03:00:55,2026-05-21,4,羽毛球馆-18号,12:55-13:50,1,1,已售/已满,已售,多云,15,12,4,0.0,100,29
2026-05-21 03:30:49,2026-05-21,4,羽毛球馆-18号,12:55-13:50,1,1,已售/已满,已售,多云,15,14,3,0.0,100,30
2026-05-21 04:30:45,2026-05-21,4,羽毛球馆-18号,12:55-13:50,1,1,已售/已满,已售,多云,15,12,4,0.0,100,29
2026-05-21 05:00:52,2026-05-21,4,羽毛球馆-18号,12:55-13:50,1,1,已售/已满,已售,多云,15,12,4,0.0,100,29
2026-05-21 05:30:49,2026-05-21,4,羽毛球馆-18号,12:55-13:50,1,1,已售/已满,已售,多云,15,13,3,0.0,100,28
2026-05-21 06:00:50,2026-05-21,4,羽毛球馆-18号,12:55-13:50,1,1,已售/已满,已售,多云,15,13,4,0.0,99,28
2026-05-21 06:30:38,2026-05-21,4,羽毛球馆-18号,12:55-13:50,1,1,已售/已满,已售,多云,15,13,3,0.0,97,28
2026-05-21 07:00:43,2026-05-21,4,羽毛球馆-18号,12:55-13:50,1,1,已售/已满,已售,晴,15,11,5,0.0,93,28
2026-05-21 07:30:39,2026-05-21,4,羽毛球馆-18号,12:55-13:50,1,1,已售/已满,已售,晴,17,13,4,0.0,89,29
2026-05-21 07:50:40,2026-05-21,4,羽毛球馆-18号,12:55-13:50,1,1,已售/已满,已售,晴,17,13,4,0.0,88,29
2026-05-21 07:53:31,2026-05-21,4,羽毛球馆-18号,12:55-13:50,1,1,已售/已满,已售,晴,17,12,5,0.0,86,29
2026-05-21 07:56:31,2026-05-21,4,羽毛球馆-18号,12:55-13:50,1,1,已售/已满,已售,晴,17,12,5,0.0,86,29
2026-05-21 07:59:26,2026-05-21,4,羽毛球馆-18号,12:55-13:50,1,1,已售/已满,已售,晴,17,12,5,0.0,86,29
2026-05-21 08:00:45,2026-05-21,4,羽毛球馆-18号,12:55-13:50,1,1,已售/已满,已售,晴,17,12,5,0.0,86,29
2026-05-21 08:02:30,2026-05-21,4,羽毛球馆-18号,12:55-13:50,1,1,已售/已满,已售,多云,17,12,5,0.0,87,29
2026-05-21 08:05:36,2026-05-21,4,羽毛球馆-18号,12:55-13:50,1,1,已售/已满,已售,多云,17,12,5,0.0,86,29
2026-05-21 08:08:31,2026-05-21,4,羽毛球馆-18号,12:55-13:50,1,1,已售/已满,已售,多云,17,12,5,0.0,86,29
2026-05-21 08:11:30,2026-05-21,4,羽毛球馆-18号,12:55-13:50,1,1,已售/已满,已售,多云,17,12,5,0.0,86,29
2026-05-21 08:14:31,2026-05-21,4,羽毛球馆-18号,12:55-13:50,1,1,已售/已满,已售,多云,17,12,5,0.0,86,29
2026-05-21 08:17:30,2026-05-21,4,羽毛球馆-18号,12:55-13:50,1,1,已售/已满,已售,多云,17,12,5,0.0,86,29
2026-05-21 08:20:35,2026-05-21,4,羽毛球馆-18号,12:55-13:50,1,1,已售/已满,已售,多云,17,14,4,0.0,85,29
2026-05-21 08:25:32,2026-05-21,4,羽毛球馆-18号,12:55-13:50,1,1,已售/已满,已售,多云,17,14,4,0.0,85,28
2026-05-21 08:30:42,2026-05-21,4,羽毛球馆-18号,12:55-13:50,1,1,已售/已满,已售,多云,18,15,4,0.0,84,28
2026-05-21 08:35:31,2026-05-21,4,羽毛球馆-18号,12:55-13:50,1,1,已售/已满,已售,多云,18,15,4,0.0,84,28
2026-05-21 08:40:38,2026-05-21,4,羽毛球馆-18号,12:55-13:50,1,1,已售/已满,已售,多云,18,15,4,0.0,82,28
2026-05-21 08:45:33,2026-05-21,4,羽毛球馆-18号,12:55-13:50,1,1,已售/已满,已售,多云,18,15,4,0.0,82,28
2026-05-21 08:50:36,2026-05-21,4,羽毛球馆-18号,12:55-13:50,1,1,已售/已满,已售,多云,18,15,4,0.0,82,28
2026-05-21 08:55:34,2026-05-21,4,羽毛球馆-18号,12:55-13:50,1,1,已售/已满,已售,多云,18,15,4,0.0,84,28
2026-05-21 09:00:51,2026-05-21,4,羽毛球馆-18号,12:55-13:50,1,1,已售/已满,已售,多云,18,15,4,0.0,84,28
2026-05-21 09:01:59,2026-05-21,4,羽毛球馆-18号,12:55-13:50,1,1,已售/已满,已售,多云,18,15,4,0.0,83,28
2026-05-21 09:05:33,2026-05-21,4,羽毛球馆-18号,12:55-13:50,1,1,已售/已满,已售,多云,18,15,4,0.0,83,28
2026-05-21 09:20:38,2026-05-21,4,羽毛球馆-18号,12:55-13:50,1,1,已售/已满,已售,多云,18,16,3,0.0,81,28
2026-05-21 09:30:46,2026-05-21,4,羽毛球馆-18号,12:55-13:50,1,1,已售/已满,已售,多云,18,16,3,0.0,81,32
2026-05-21 09:40:36,2026-05-21,4,羽毛球馆-18号,12:55-13:50,1,1,已售/已满,已售,多云,19,17,3,0.0,79,32
2026-05-21 09:50:42,2026-05-21,4,羽毛球馆-18号,12:55-13:50,1,1,已售/已满,已售,多云,19,17,4,0.0,81,32
2026-05-21 10:00:46,2026-05-21,4,羽毛球馆-18号,12:55-13:50,1,1,已售/已满,已售,多云,19,17,4,0.0,79,32
2026-05-21 10:10:40,2026-05-21,4,羽毛球馆-18号,12:55-13:50,1,1,已售/已满,已售,多云,19,17,4,0.0,79,32
2026-05-21 10:20:38,2026-05-21,4,羽毛球馆-18号,12:55-13:50,1,1,已售/已满,已售,多云,19,17,4,0.0,79,32
2026-05-21 10:30:41,2026-05-21,4,羽毛球馆-18号,12:55-13:50,1,1,已售/已满,已售,多云,19,18,3,0.0,78,31
2026-05-21 11:00:44,2026-05-21,4,羽毛球馆-18号,12:55-13:50,1,1,已售/已满,已售,多云,21,17,5,0.0,74,31
2026-05-21 11:30:38,2026-05-21,4,羽毛球馆-18号,12:55-13:50,1,1,已售/已满,已售,多云,21,19,3,0.0,72,33
2026-05-21 12:00:46,2026-05-21,4,羽毛球馆-18号,12:55-13:50,1,1,已售/已满,已售,多云,22,19,4,0.0,70,33
2026-05-21 12:30:42,2026-05-21,4,羽毛球馆-18号,12:55-13:50,1,1,已售/已满,已售,多云,22,21,3,0.0,68,35
2026-05-21 13:00:43,2026-05-21,4,羽毛球馆-18号,12:55-13:50,1,1,已售/已满,已售,多云,24,22,4,0.0,66,35
2026-05-21 13:30:43,2026-05-21,4,羽毛球馆-18号,12:55-13:50,1,1,已售/已满,已售,多云,24,22,4,0.0,66,36
2026-05-21 14:00:48,2026-05-21,4,羽毛球馆-18号,12:55-13:50,1,1,已售/已满,已售,多云,25,23,4,0.0,66,36
2026-05-21 14:30:45,2026-05-21,4,羽毛球馆-18号,12:55-13:50,1,1,已售/已满,已售,晴,25,25,3,0.0,65,39
2026-05-21 15:00:45,2026-05-21,4,羽毛球馆-18号,12:55-13:50,1,1,已售/已满,已售,晴,25,22,4,0.0,56,39
2026-05-21 15:30:43,2026-05-21,4,羽毛球馆-18号,12:55-13:50,1,1,已售/已满,已售,晴,25,23,4,0.0,57,40
2026-05-21 16:00:51,2026-05-21,4,羽毛球馆-18号,12:55-13:50,1,1,已售/已满,已售,晴,25,23,4,0.0,57,40
2026-05-21 16:30:48,2026-05-21,4,羽毛球馆-18号,12:55-13:50,1,1,已售/已满,已售,晴,25,24,3,0.0,60,39
2026-05-21 17:00:49,2026-05-21,4,羽毛球馆-18号,12:55-13:50,1,1,已售/已满,已售,晴,25,24,4,0.0,61,39
2026-05-21 17:30:47,2026-05-21,4,羽毛球馆-18号,12:55-13:50,1,1,已售/已满,已售,多云,24,23,3,0.0,64,39
2026-05-21 18:00:50,2026-05-21,4,羽毛球馆-18号,12:55-13:50,1,1,已售/已满,已售,多云,24,23,3,0.0,68,39
2026-05-21 18:30:50,2026-05-21,4,羽毛球馆-18号,12:55-13:50,1,1,已售/已满,已售,阴,24,25,2,0.0,68,40
2026-05-21 19:00:50,2026-05-21,4,羽毛球馆-18号,12:55-13:50,1,1,已售/已满,已售,阴,23,23,3,0.0,76,40
2026-05-21 19:30:46,2026-05-21,4,羽毛球馆-18号,12:55-13:50,1,1,已售/已满,已售,阴,23,24,2,0.0,77,39
2026-05-21 20:00:49,2026-05-21,4,羽毛球馆-18号,12:55-13:50,1,1,已售/已满,已售,雾,22,23,2,0.0,89,39
2026-05-21 20:30:44,2026-05-21,4,羽毛球馆-18号,12:55-13:50,1,1,已售/已满,已售,雾,22,24,2,0.0,93,43
2026-05-21 21:00:56,2026-05-21,4,羽毛球馆-18号,12:55-13:50,1,1,已售/已满,已售,雾,20,21,2,0.0,98,43
2026-05-21 21:30:46,2026-05-21,4,羽毛球馆-18号,12:55-13:50,1,1,已售/已满,已售,雾,20,22,1,0.0,99,41
2026-05-21 22:01:02,2026-05-21,4,羽毛球馆-18号,12:55-13:50,1,1,已售/已满,已售,雾,19,20,2,0.0,93,41
2026-05-21 22:30:47,2026-05-21,4,羽毛球馆-18号,12:55-13:50,1,1,已售/已满,已售,雾,19,19,3,0.0,88,46
2026-05-21 23:00:56,2026-05-21,4,羽毛球馆-18号,12:55-13:50,1,1,已售/已满,已售,多云,18,17,3,0.0,85,46
2026-05-21 23:30:55,2026-05-21,4,羽毛球馆-18号,12:55-13:50,1,1,已售/已满,已售,多云,18,17,3,0.0,85,48
2026-05-21 00:30:49,2026-05-21,4,羽毛球馆-18号,14:00-15:00,0,1,可预约,￥12.0,多云,15,13,3,0.0,100,26
2026-05-21 01:00:55,2026-05-21,4,羽毛球馆-18号,14:00-15:00,0,1,可预约,￥12.0,多云,15,12,4,0.0,100,26
2026-05-21 01:30:47,2026-05-21,4,羽毛球馆-18号,14:00-15:00,0,1,可预约,￥12.0,多云,15,13,4,0.0,100,28
2026-05-21 02:00:53,2026-05-21,4,羽毛球馆-18号,14:00-15:00,0,1,可预约,￥12.0,多云,15,12,4,0.0,100,28
2026-05-21 02:30:49,2026-05-21,4,羽毛球馆-18号,14:00-15:00,0,1,可预约,￥12.0,多云,15,14,3,0.0,100,29
2026-05-21 03:00:55,2026-05-21,4,羽毛球馆-18号,14:00-15:00,0,1,可预约,￥12.0,多云,15,12,4,0.0,100,29
2026-05-21 03:30:49,2026-05-21,4,羽毛球馆-18号,14:00-15:00,0,1,可预约,￥12.0,多云,15,14,3,0.0,100,30
2026-05-21 04:30:45,2026-05-21,4,羽毛球馆-18号,14:00-15:00,0,1,可预约,￥12.0,多云,15,12,4,0.0,100,29
2026-05-21 05:00:52,2026-05-21,4,羽毛球馆-18号,14:00-15:00,0,1,可预约,￥12.0,多云,15,12,4,0.0,100,29
2026-05-21 05:30:49,2026-05-21,4,羽毛球馆-18号,14:00-15:00,0,1,可预约,￥12.0,多云,15,13,3,0.0,100,28
2026-05-21 06:00:50,2026-05-21,4,羽毛球馆-18号,14:00-15:00,0,1,可预约,￥12.0,多云,15,13,4,0.0,99,28
2026-05-21 06:30:38,2026-05-21,4,羽毛球馆-18号,14:00-15:00,0,1,可预约,￥12.0,多云,15,13,3,0.0,97,28
2026-05-21 07:00:43,2026-05-21,4,羽毛球馆-18号,14:00-15:00,0,1,可预约,￥12.0,晴,15,11,5,0.0,93,28
2026-05-21 07:30:39,2026-05-21,4,羽毛球馆-18号,14:00-15:00,0,1,可预约,￥12.0,晴,17,13,4,0.0,89,29
2026-05-21 07:50:40,2026-05-21,4,羽毛球馆-18号,14:00-15:00,0,1,可预约,￥12.0,晴,17,13,4,0.0,88,29
2026-05-21 07:53:31,2026-05-21,4,羽毛球馆-18号,14:00-15:00,0,1,可预约,￥12.0,晴,17,12,5,0.0,86,29
2026-05-21 07:56:31,2026-05-21,4,羽毛球馆-18号,14:00-15:00,0,1,可预约,￥12.0,晴,17,12,5,0.0,86,29
2026-05-21 07:59:26,2026-05-21,4,羽毛球馆-18号,14:00-15:00,0,1,可预约,￥12.0,晴,17,12,5,0.0,86,29
2026-05-21 08:00:45,2026-05-21,4,羽毛球馆-18号,14:00-15:00,0,1,可预约,￥12.0,晴,17,12,5,0.0,86,29
2026-05-21 08:02:30,2026-05-21,4,羽毛球馆-18号,14:00-15:00,0,1,可预约,￥12.0,多云,17,12,5,0.0,87,29
2026-05-21 08:05:36,2026-05-21,4,羽毛球馆-18号,14:00-15:00,0,1,可预约,￥12.0,多云,17,12,5,0.0,86,29
2026-05-21 08:08:31,2026-05-21,4,羽毛球馆-18号,14:00-15:00,0,1,可预约,￥12.0,多云,17,12,5,0.0,86,29
2026-05-21 08:11:30,2026-05-21,4,羽毛球馆-18号,14:00-15:00,0,1,可预约,￥12.0,多云,17,12,5,0.0,86,29
2026-05-21 08:14:31,2026-05-21,4,羽毛球馆-18号,14:00-15:00,0,1,可预约,￥12.0,多云,17,12,5,0.0,86,29
2026-05-21 08:17:30,2026-05-21,4,羽毛球馆-18号,14:00-15:00,0,1,可预约,￥12.0,多云,17,12,5,0.0,86,29
2026-05-21 08:20:35,2026-05-21,4,羽毛球馆-18号,14:00-15:00,0,1,可预约,￥12.0,多云,17,14,4,0.0,85,29
2026-05-21 08:25:32,2026-05-21,4,羽毛球馆-18号,14:00-15:00,0,1,可预约,￥12.0,多云,17,14,4,0.0,85,28
2026-05-21 08:30:42,2026-05-21,4,羽毛球馆-18号,14:00-15:00,0,1,可预约,￥12.0,多云,18,15,4,0.0,84,28
2026-05-21 08:35:31,2026-05-21,4,羽毛球馆-18号,14:00-15:00,0,1,可预约,￥12.0,多云,18,15,4,0.0,84,28
2026-05-21 08:40:38,2026-05-21,4,羽毛球馆-18号,14:00-15:00,0,1,可预约,￥12.0,多云,18,15,4,0.0,82,28
2026-05-21 08:45:33,2026-05-21,4,羽毛球馆-18号,14:00-15:00,0,1,可预约,￥12.0,多云,18,15,4,0.0,82,28
2026-05-21 08:50:36,2026-05-21,4,羽毛球馆-18号,14:00-15:00,0,1,可预约,￥12.0,多云,18,15,4,0.0,82,28
2026-05-21 08:55:34,2026-05-21,4,羽毛球馆-18号,14:00-15:00,0,1,可预约,￥12.0,多云,18,15,4,0.0,84,28
2026-05-21 09:00:51,2026-05-21,4,羽毛球馆-18号,14:00-15:00,0,1,可预约,￥12.0,多云,18,15,4,0.0,84,28
2026-05-21 09:01:59,2026-05-21,4,羽毛球馆-18号,14:00-15:00,0,1,可预约,￥12.0,多云,18,15,4,0.0,83,28
2026-05-21 09:05:33,2026-05-21,4,羽毛球馆-18号,14:00-15:00,0,1,可预约,￥12.0,多云,18,15,4,0.0,83,28
2026-05-21 09:20:38,2026-05-21,4,羽毛球馆-18号,14:00-15:00,0,1,可预约,￥12.0,多云,18,16,3,0.0,81,28
2026-05-21 09:30:46,2026-05-21,4,羽毛球馆-18号,14:00-15:00,0,1,可预约,￥12.0,多云,18,16,3,0.0,81,32
2026-05-21 09:40:36,2026-05-21,4,羽毛球馆-18号,14:00-15:00,0,1,可预约,￥12.0,多云,19,17,3,0.0,79,32
2026-05-21 09:50:42,2026-05-21,4,羽毛球馆-18号,14:00-15:00,0,1,可预约,￥12.0,多云,19,17,4,0.0,81,32
2026-05-21 10:00:46,2026-05-21,4,羽毛球馆-18号,14:00-15:00,0,1,可预约,￥12.0,多云,19,17,4,0.0,79,32
2026-05-21 10:10:40,2026-05-21,4,羽毛球馆-18号,14:00-15:00,0,1,可预约,￥12.0,多云,19,17,4,0.0,79,32
2026-05-21 10:20:38,2026-05-21,4,羽毛球馆-18号,14:00-15:00,0,1,可预约,￥12.0,多云,19,17,4,0.0,79,32
2026-05-21 10:30:41,2026-05-21,4,羽毛球馆-18号,14:00-15:00,0,1,可预约,￥12.0,多云,19,18,3,0.0,78,31
2026-05-21 11:00:44,2026-05-21,4,羽毛球馆-18号,14:00-15:00,0,1,可预约,￥12.0,多云,21,17,5,0.0,74,31
2026-05-21 11:30:38,2026-05-21,4,羽毛球馆-18号,14:00-15:00,0,1,可预约,￥12.0,多云,21,19,3,0.0,72,33
2026-05-21 12:00:46,2026-05-21,4,羽毛球馆-18号,14:00-15:00,0,1,可预约,￥12.0,多云,22,19,4,0.0,70,33
2026-05-21 12:30:42,2026-05-21,4,羽毛球馆-18号,14:00-15:00,0,1,可预约,￥12.0,多云,22,21,3,0.0,68,35
2026-05-21 13:00:43,2026-05-21,4,羽毛球馆-18号,14:00-15:00,0,1,可预约,￥12.0,多云,24,22,4,0.0,66,35
2026-05-21 13:30:43,2026-05-21,4,羽毛球馆-18号,14:00-15:00,0,1,可预约,￥12.0,多云,24,22,4,0.0,66,36
2026-05-21 14:00:48,2026-05-21,4,羽毛球馆-18号,14:00-15:00,0,1,可预约,￥12.0,多云,25,23,4,0.0,66,36
2026-05-21 14:30:45,2026-05-21,4,羽毛球馆-18号,14:00-15:00,0,1,可预约,￥12.0,晴,25,25,3,0.0,65,39
2026-05-21 15:00:45,2026-05-21,4,羽毛球馆-18号,14:00-15:00,0,1,不开放/已过期,,晴,25,22,4,0.0,56,39
2026-05-21 15:30:43,2026-05-21,4,羽毛球馆-18号,14:00-15:00,0,1,不开放/已过期,,晴,25,23,4,0.0,57,40
2026-05-21 16:00:51,2026-05-21,4,羽毛球馆-18号,14:00-15:00,0,1,不开放/已过期,,晴,25,23,4,0.0,57,40
2026-05-21 16:30:48,2026-05-21,4,羽毛球馆-18号,14:00-15:00,0,1,不开放/已过期,,晴,25,24,3,0.0,60,39
2026-05-21 17:00:49,2026-05-21,4,羽毛球馆-18号,14:00-15:00,0,1,不开放/已过期,,晴,25,24,4,0.0,61,39
2026-05-21 17:30:47,2026-05-21,4,羽毛球馆-18号,14:00-15:00,0,1,不开放/已过期,,多云,24,23,3,0.0,64,39
2026-05-21 18:00:50,2026-05-21,4,羽毛球馆-18号,14:00-15:00,0,1,不开放/已过期,,多云,24,23,3,0.0,68,39
2026-05-21 18:30:50,2026-05-21,4,羽毛球馆-18号,14:00-15:00,0,1,不开放/已过期,,阴,24,25,2,0.0,68,40
2026-05-21 19:00:50,2026-05-21,4,羽毛球馆-18号,14:00-15:00,0,1,不开放/已过期,,阴,23,23,3,0.0,76,40
2026-05-21 19:30:46,2026-05-21,4,羽毛球馆-18号,14:00-15:00,0,1,不开放/已过期,,阴,23,24,2,0.0,77,39
2026-05-21 20:00:49,2026-05-21,4,羽毛球馆-18号,14:00-15:00,0,1,不开放/已过期,,雾,22,23,2,0.0,89,39
2026-05-21 20:30:44,2026-05-21,4,羽毛球馆-18号,14:00-15:00,0,1,不开放/已过期,,雾,22,24,2,0.0,93,43
2026-05-21 21:00:56,2026-05-21,4,羽毛球馆-18号,14:00-15:00,0,1,不开放/已过期,,雾,20,21,2,0.0,98,43
2026-05-21 21:30:46,2026-05-21,4,羽毛球馆-18号,14:00-15:00,0,1,不开放/已过期,,雾,20,22,1,0.0,99,41
2026-05-21 22:01:02,2026-05-21,4,羽毛球馆-18号,14:00-15:00,0,1,不开放/已过期,,雾,19,20,2,0.0,93,41
2026-05-21 22:30:47,2026-05-21,4,羽毛球馆-18号,14:00-15:00,0,1,不开放/已过期,,雾,19,19,3,0.0,88,46
2026-05-21 23:00:56,2026-05-21,4,羽毛球馆-18号,14:00-15:00,0,1,不开放/已过期,,多云,18,17,3,0.0,85,46
2026-05-21 23:30:55,2026-05-21,4,羽毛球馆-18号,14:00-15:00,0,1,不开放/已过期,,多云,18,17,3,0.0,85,48
2026-05-21 00:30:49,2026-05-21,4,羽毛球馆-18号,15:00-16:00,0,1,可预约,￥12.0,多云,15,13,3,0.0,100,26
2026-05-21 01:00:55,2026-05-21,4,羽毛球馆-18号,15:00-16:00,0,1,可预约,￥12.0,多云,15,12,4,0.0,100,26
2026-05-21 01:30:47,2026-05-21,4,羽毛球馆-18号,15:00-16:00,0,1,可预约,￥12.0,多云,15,13,4,0.0,100,28
2026-05-21 02:00:53,2026-05-21,4,羽毛球馆-18号,15:00-16:00,0,1,可预约,￥12.0,多云,15,12,4,0.0,100,28
2026-05-21 02:30:49,2026-05-21,4,羽毛球馆-18号,15:00-16:00,0,1,可预约,￥12.0,多云,15,14,3,0.0,100,29
2026-05-21 03:00:55,2026-05-21,4,羽毛球馆-18号,15:00-16:00,0,1,可预约,￥12.0,多云,15,12,4,0.0,100,29
2026-05-21 03:30:49,2026-05-21,4,羽毛球馆-18号,15:00-16:00,0,1,可预约,￥12.0,多云,15,14,3,0.0,100,30
2026-05-21 04:30:45,2026-05-21,4,羽毛球馆-18号,15:00-16:00,0,1,可预约,￥12.0,多云,15,12,4,0.0,100,29
2026-05-21 05:00:52,2026-05-21,4,羽毛球馆-18号,15:00-16:00,0,1,可预约,￥12.0,多云,15,12,4,0.0,100,29
2026-05-21 05:30:49,2026-05-21,4,羽毛球馆-18号,15:00-16:00,0,1,可预约,￥12.0,多云,15,13,3,0.0,100,28
2026-05-21 06:00:50,2026-05-21,4,羽毛球馆-18号,15:00-16:00,0,1,可预约,￥12.0,多云,15,13,4,0.0,99,28
2026-05-21 06:30:38,2026-05-21,4,羽毛球馆-18号,15:00-16:00,0,1,可预约,￥12.0,多云,15,13,3,0.0,97,28
2026-05-21 07:00:43,2026-05-21,4,羽毛球馆-18号,15:00-16:00,0,1,可预约,￥12.0,晴,15,11,5,0.0,93,28
2026-05-21 07:30:39,2026-05-21,4,羽毛球馆-18号,15:00-16:00,0,1,可预约,￥12.0,晴,17,13,4,0.0,89,29
2026-05-21 07:50:40,2026-05-21,4,羽毛球馆-18号,15:00-16:00,0,1,可预约,￥12.0,晴,17,13,4,0.0,88,29
2026-05-21 07:53:31,2026-05-21,4,羽毛球馆-18号,15:00-16:00,0,1,可预约,￥12.0,晴,17,12,5,0.0,86,29
2026-05-21 07:56:31,2026-05-21,4,羽毛球馆-18号,15:00-16:00,0,1,可预约,￥12.0,晴,17,12,5,0.0,86,29
2026-05-21 07:59:26,2026-05-21,4,羽毛球馆-18号,15:00-16:00,0,1,可预约,￥12.0,晴,17,12,5,0.0,86,29
2026-05-21 08:00:45,2026-05-21,4,羽毛球馆-18号,15:00-16:00,0,1,可预约,￥12.0,晴,17,12,5,0.0,86,29
2026-05-21 08:02:30,2026-05-21,4,羽毛球馆-18号,15:00-16:00,0,1,可预约,￥12.0,多云,17,12,5,0.0,87,29
2026-05-21 08:05:36,2026-05-21,4,羽毛球馆-18号,15:00-16:00,0,1,可预约,￥12.0,多云,17,12,5,0.0,86,29
2026-05-21 08:08:31,2026-05-21,4,羽毛球馆-18号,15:00-16:00,0,1,可预约,￥12.0,多云,17,12,5,0.0,86,29
2026-05-21 08:11:30,2026-05-21,4,羽毛球馆-18号,15:00-16:00,0,1,可预约,￥12.0,多云,17,12,5,0.0,86,29
2026-05-21 08:14:31,2026-05-21,4,羽毛球馆-18号,15:00-16:00,0,1,可预约,￥12.0,多云,17,12,5,0.0,86,29
2026-05-21 08:17:30,2026-05-21,4,羽毛球馆-18号,15:00-16:00,0,1,可预约,￥12.0,多云,17,12,5,0.0,86,29
2026-05-21 08:20:35,2026-05-21,4,羽毛球馆-18号,15:00-16:00,0,1,可预约,￥12.0,多云,17,14,4,0.0,85,29
2026-05-21 08:25:32,2026-05-21,4,羽毛球馆-18号,15:00-16:00,0,1,可预约,￥12.0,多云,17,14,4,0.0,85,28
2026-05-21 08:30:42,2026-05-21,4,羽毛球馆-18号,15:00-16:00,0,1,可预约,￥12.0,多云,18,15,4,0.0,84,28
2026-05-21 08:35:31,2026-05-21,4,羽毛球馆-18号,15:00-16:00,0,1,可预约,￥12.0,多云,18,15,4,0.0,84,28
2026-05-21 08:40:38,2026-05-21,4,羽毛球馆-18号,15:00-16:00,0,1,可预约,￥12.0,多云,18,15,4,0.0,82,28
2026-05-21 08:45:33,2026-05-21,4,羽毛球馆-18号,15:00-16:00,0,1,可预约,￥12.0,多云,18,15,4,0.0,82,28
2026-05-21 08:50:36,2026-05-21,4,羽毛球馆-18号,15:00-16:00,0,1,可预约,￥12.0,多云,18,15,4,0.0,82,28
2026-05-21 08:55:34,2026-05-21,4,羽毛球馆-18号,15:00-16:00,0,1,可预约,￥12.0,多云,18,15,4,0.0,84,28
2026-05-21 09:00:51,2026-05-21,4,羽毛球馆-18号,15:00-16:00,0,1,可预约,￥12.0,多云,18,15,4,0.0,84,28
2026-05-21 09:01:59,2026-05-21,4,羽毛球馆-18号,15:00-16:00,0,1,可预约,￥12.0,多云,18,15,4,0.0,83,28
2026-05-21 09:05:33,2026-05-21,4,羽毛球馆-18号,15:00-16:00,0,1,可预约,￥12.0,多云,18,15,4,0.0,83,28
2026-05-21 09:20:38,2026-05-21,4,羽毛球馆-18号,15:00-16:00,0,1,可预约,￥12.0,多云,18,16,3,0.0,81,28
2026-05-21 09:30:46,2026-05-21,4,羽毛球馆-18号,15:00-16:00,0,1,可预约,￥12.0,多云,18,16,3,0.0,81,32
2026-05-21 09:40:36,2026-05-21,4,羽毛球馆-18号,15:00-16:00,0,1,可预约,￥12.0,多云,19,17,3,0.0,79,32
2026-05-21 09:50:42,2026-05-21,4,羽毛球馆-18号,15:00-16:00,0,1,可预约,￥12.0,多云,19,17,4,0.0,81,32
2026-05-21 10:00:46,2026-05-21,4,羽毛球馆-18号,15:00-16:00,0,1,可预约,￥12.0,多云,19,17,4,0.0,79,32
2026-05-21 10:10:40,2026-05-21,4,羽毛球馆-18号,15:00-16:00,0,1,可预约,￥12.0,多云,19,17,4,0.0,79,32
2026-05-21 10:20:38,2026-05-21,4,羽毛球馆-18号,15:00-16:00,0,1,可预约,￥12.0,多云,19,17,4,0.0,79,32
2026-05-21 10:30:41,2026-05-21,4,羽毛球馆-18号,15:00-16:00,0,1,可预约,￥12.0,多云,19,18,3,0.0,78,31
2026-05-21 11:00:44,2026-05-21,4,羽毛球馆-18号,15:00-16:00,0,1,可预约,￥12.0,多云,21,17,5,0.0,74,31
2026-05-21 11:30:38,2026-05-21,4,羽毛球馆-18号,15:00-16:00,0,1,可预约,￥12.0,多云,21,19,3,0.0,72,33
2026-05-21 12:00:46,2026-05-21,4,羽毛球馆-18号,15:00-16:00,0,1,可预约,￥12.0,多云,22,19,4,0.0,70,33
2026-05-21 12:30:42,2026-05-21,4,羽毛球馆-18号,15:00-16:00,0,1,可预约,￥12.0,多云,22,21,3,0.0,68,35
2026-05-21 13:00:43,2026-05-21,4,羽毛球馆-18号,15:00-16:00,0,1,可预约,￥12.0,多云,24,22,4,0.0,66,35
2026-05-21 13:30:43,2026-05-21,4,羽毛球馆-18号,15:00-16:00,0,1,可预约,￥12.0,多云,24,22,4,0.0,66,36
2026-05-21 14:00:48,2026-05-21,4,羽毛球馆-18号,15:00-16:00,0,1,可预约,￥12.0,多云,25,23,4,0.0,66,36
2026-05-21 14:30:45,2026-05-21,4,羽毛球馆-18号,15:00-16:00,0,1,可预约,￥12.0,晴,25,25,3,0.0,65,39
2026-05-21 15:00:45,2026-05-21,4,羽毛球馆-18号,15:00-16:00,0,1,可预约,￥12.0,晴,25,22,4,0.0,56,39
2026-05-21 15:30:43,2026-05-21,4,羽毛球馆-18号,15:00-16:00,0,1,可预约,￥12.0,晴,25,23,4,0.0,57,40
2026-05-21 16:00:51,2026-05-21,4,羽毛球馆-18号,15:00-16:00,0,1,不开放/已过期,,晴,25,23,4,0.0,57,40
2026-05-21 16:30:48,2026-05-21,4,羽毛球馆-18号,15:00-16:00,0,1,不开放/已过期,,晴,25,24,3,0.0,60,39
2026-05-21 17:00:49,2026-05-21,4,羽毛球馆-18号,15:00-16:00,0,1,不开放/已过期,,晴,25,24,4,0.0,61,39
2026-05-21 17:30:47,2026-05-21,4,羽毛球馆-18号,15:00-16:00,0,1,不开放/已过期,,多云,24,23,3,0.0,64,39
2026-05-21 18:00:50,2026-05-21,4,羽毛球馆-18号,15:00-16:00,0,1,不开放/已过期,,多云,24,23,3,0.0,68,39
2026-05-21 18:30:50,2026-05-21,4,羽毛球馆-18号,15:00-16:00,0,1,不开放/已过期,,阴,24,25,2,0.0,68,40
2026-05-21 19:00:50,2026-05-21,4,羽毛球馆-18号,15:00-16:00,0,1,不开放/已过期,,阴,23,23,3,0.0,76,40
2026-05-21 19:30:46,2026-05-21,4,羽毛球馆-18号,15:00-16:00,0,1,不开放/已过期,,阴,23,24,2,0.0,77,39
2026-05-21 20:00:49,2026-05-21,4,羽毛球馆-18号,15:00-16:00,0,1,不开放/已过期,,雾,22,23,2,0.0,89,39
2026-05-21 20:30:44,2026-05-21,4,羽毛球馆-18号,15:00-16:00,0,1,不开放/已过期,,雾,22,24,2,0.0,93,43
2026-05-21 21:00:56,2026-05-21,4,羽毛球馆-18号,15:00-16:00,0,1,不开放/已过期,,雾,20,21,2,0.0,98,43
2026-05-21 21:30:46,2026-05-21,4,羽毛球馆-18号,15:00-16:00,0,1,不开放/已过期,,雾,20,22,1,0.0,99,41
2026-05-21 22:01:02,2026-05-21,4,羽毛球馆-18号,15:00-16:00,0,1,不开放/已过期,,雾,19,20,2,0.0,93,41
2026-05-21 22:30:47,2026-05-21,4,羽毛球馆-18号,15:00-16:00,0,1,不开放/已过期,,雾,19,19,3,0.0,88,46
2026-05-21 23:00:56,2026-05-21,4,羽毛球馆-18号,15:00-16:00,0,1,不开放/已过期,,多云,18,17,3,0.0,85,46
2026-05-21 23:30:55,2026-05-21,4,羽毛球馆-18号,15:00-16:00,0,1,不开放/已过期,,多云,18,17,3,0.0,85,48
2026-05-21 00:30:49,2026-05-21,4,羽毛球馆-18号,16:00-17:00,1,1,已售/已满,已售,多云,15,13,3,0.0,100,26
2026-05-21 01:00:55,2026-05-21,4,羽毛球馆-18号,16:00-17:00,1,1,已售/已满,已售,多云,15,12,4,0.0,100,26
2026-05-21 01:30:47,2026-05-21,4,羽毛球馆-18号,16:00-17:00,1,1,已售/已满,已售,多云,15,13,4,0.0,100,28
2026-05-21 02:00:53,2026-05-21,4,羽毛球馆-18号,16:00-17:00,1,1,已售/已满,已售,多云,15,12,4,0.0,100,28
2026-05-21 02:30:49,2026-05-21,4,羽毛球馆-18号,16:00-17:00,1,1,已售/已满,已售,多云,15,14,3,0.0,100,29
2026-05-21 03:00:55,2026-05-21,4,羽毛球馆-18号,16:00-17:00,1,1,已售/已满,已售,多云,15,12,4,0.0,100,29
2026-05-21 03:30:49,2026-05-21,4,羽毛球馆-18号,16:00-17:00,1,1,已售/已满,已售,多云,15,14,3,0.0,100,30
2026-05-21 04:30:45,2026-05-21,4,羽毛球馆-18号,16:00-17:00,1,1,已售/已满,已售,多云,15,12,4,0.0,100,29
2026-05-21 05:00:52,2026-05-21,4,羽毛球馆-18号,16:00-17:00,1,1,已售/已满,已售,多云,15,12,4,0.0,100,29
2026-05-21 05:30:49,2026-05-21,4,羽毛球馆-18号,16:00-17:00,1,1,已售/已满,已售,多云,15,13,3,0.0,100,28
2026-05-21 06:00:50,2026-05-21,4,羽毛球馆-18号,16:00-17:00,1,1,已售/已满,已售,多云,15,13,4,0.0,99,28
2026-05-21 06:30:38,2026-05-21,4,羽毛球馆-18号,16:00-17:00,1,1,已售/已满,已售,多云,15,13,3,0.0,97,28
2026-05-21 07:00:43,2026-05-21,4,羽毛球馆-18号,16:00-17:00,1,1,已售/已满,已售,晴,15,11,5,0.0,93,28
2026-05-21 07:30:39,2026-05-21,4,羽毛球馆-18号,16:00-17:00,1,1,已售/已满,已售,晴,17,13,4,0.0,89,29
2026-05-21 07:50:40,2026-05-21,4,羽毛球馆-18号,16:00-17:00,1,1,已售/已满,已售,晴,17,13,4,0.0,88,29
2026-05-21 07:53:31,2026-05-21,4,羽毛球馆-18号,16:00-17:00,1,1,已售/已满,已售,晴,17,12,5,0.0,86,29
2026-05-21 07:56:31,2026-05-21,4,羽毛球馆-18号,16:00-17:00,1,1,已售/已满,已售,晴,17,12,5,0.0,86,29
2026-05-21 07:59:26,2026-05-21,4,羽毛球馆-18号,16:00-17:00,1,1,已售/已满,已售,晴,17,12,5,0.0,86,29
2026-05-21 08:00:45,2026-05-21,4,羽毛球馆-18号,16:00-17:00,1,1,已售/已满,已售,晴,17,12,5,0.0,86,29
2026-05-21 08:02:30,2026-05-21,4,羽毛球馆-18号,16:00-17:00,1,1,已售/已满,已售,多云,17,12,5,0.0,87,29
2026-05-21 08:05:36,2026-05-21,4,羽毛球馆-18号,16:00-17:00,1,1,已售/已满,已售,多云,17,12,5,0.0,86,29
2026-05-21 08:08:31,2026-05-21,4,羽毛球馆-18号,16:00-17:00,1,1,已售/已满,已售,多云,17,12,5,0.0,86,29
2026-05-21 08:11:30,2026-05-21,4,羽毛球馆-18号,16:00-17:00,1,1,已售/已满,已售,多云,17,12,5,0.0,86,29
2026-05-21 08:14:31,2026-05-21,4,羽毛球馆-18号,16:00-17:00,1,1,已售/已满,已售,多云,17,12,5,0.0,86,29
2026-05-21 08:17:30,2026-05-21,4,羽毛球馆-18号,16:00-17:00,1,1,已售/已满,已售,多云,17,12,5,0.0,86,29
2026-05-21 08:20:35,2026-05-21,4,羽毛球馆-18号,16:00-17:00,1,1,已售/已满,已售,多云,17,14,4,0.0,85,29
2026-05-21 08:25:32,2026-05-21,4,羽毛球馆-18号,16:00-17:00,1,1,已售/已满,已售,多云,17,14,4,0.0,85,28
2026-05-21 08:30:42,2026-05-21,4,羽毛球馆-18号,16:00-17:00,1,1,已售/已满,已售,多云,18,15,4,0.0,84,28
2026-05-21 08:35:31,2026-05-21,4,羽毛球馆-18号,16:00-17:00,1,1,已售/已满,已售,多云,18,15,4,0.0,84,28
2026-05-21 08:40:38,2026-05-21,4,羽毛球馆-18号,16:00-17:00,1,1,已售/已满,已售,多云,18,15,4,0.0,82,28
2026-05-21 08:45:33,2026-05-21,4,羽毛球馆-18号,16:00-17:00,1,1,已售/已满,已售,多云,18,15,4,0.0,82,28
2026-05-21 08:50:36,2026-05-21,4,羽毛球馆-18号,16:00-17:00,1,1,已售/已满,已售,多云,18,15,4,0.0,82,28
2026-05-21 08:55:34,2026-05-21,4,羽毛球馆-18号,16:00-17:00,1,1,已售/已满,已售,多云,18,15,4,0.0,84,28
2026-05-21 09:00:51,2026-05-21,4,羽毛球馆-18号,16:00-17:00,1,1,已售/已满,已售,多云,18,15,4,0.0,84,28
2026-05-21 09:01:59,2026-05-21,4,羽毛球馆-18号,16:00-17:00,1,1,已售/已满,已售,多云,18,15,4,0.0,83,28
2026-05-21 09:05:33,2026-05-21,4,羽毛球馆-18号,16:00-17:00,1,1,已售/已满,已售,多云,18,15,4,0.0,83,28
2026-05-21 09:20:38,2026-05-21,4,羽毛球馆-18号,16:00-17:00,1,1,已售/已满,已售,多云,18,16,3,0.0,81,28
2026-05-21 09:30:46,2026-05-21,4,羽毛球馆-18号,16:00-17:00,1,1,已售/已满,已售,多云,18,16,3,0.0,81,32
2026-05-21 09:40:36,2026-05-21,4,羽毛球馆-18号,16:00-17:00,1,1,已售/已满,已售,多云,19,17,3,0.0,79,32
2026-05-21 09:50:42,2026-05-21,4,羽毛球馆-18号,16:00-17:00,1,1,已售/已满,已售,多云,19,17,4,0.0,81,32
2026-05-21 10:00:46,2026-05-21,4,羽毛球馆-18号,16:00-17:00,1,1,已售/已满,已售,多云,19,17,4,0.0,79,32
2026-05-21 10:10:40,2026-05-21,4,羽毛球馆-18号,16:00-17:00,1,1,已售/已满,已售,多云,19,17,4,0.0,79,32
2026-05-21 10:20:38,2026-05-21,4,羽毛球馆-18号,16:00-17:00,1,1,已售/已满,已售,多云,19,17,4,0.0,79,32
2026-05-21 10:30:41,2026-05-21,4,羽毛球馆-18号,16:00-17:00,1,1,已售/已满,已售,多云,19,18,3,0.0,78,31
2026-05-21 11:00:44,2026-05-21,4,羽毛球馆-18号,16:00-17:00,1,1,已售/已满,已售,多云,21,17,5,0.0,74,31
2026-05-21 11:30:38,2026-05-21,4,羽毛球馆-18号,16:00-17:00,1,1,已售/已满,已售,多云,21,19,3,0.0,72,33
2026-05-21 12:00:46,2026-05-21,4,羽毛球馆-18号,16:00-17:00,1,1,已售/已满,已售,多云,22,19,4,0.0,70,33
2026-05-21 12:30:42,2026-05-21,4,羽毛球馆-18号,16:00-17:00,1,1,已售/已满,已售,多云,22,21,3,0.0,68,35
2026-05-21 13:00:43,2026-05-21,4,羽毛球馆-18号,16:00-17:00,1,1,已售/已满,已售,多云,24,22,4,0.0,66,35
2026-05-21 13:30:43,2026-05-21,4,羽毛球馆-18号,16:00-17:00,1,1,已售/已满,已售,多云,24,22,4,0.0,66,36
2026-05-21 14:00:48,2026-05-21,4,羽毛球馆-18号,16:00-17:00,1,1,已售/已满,已售,多云,25,23,4,0.0,66,36
2026-05-21 14:30:45,2026-05-21,4,羽毛球馆-18号,16:00-17:00,0,1,可预约,￥12.0,晴,25,25,3,0.0,65,39
2026-05-21 15:00:45,2026-05-21,4,羽毛球馆-18号,16:00-17:00,0,1,可预约,￥12.0,晴,25,22,4,0.0,56,39
2026-05-21 15:30:43,2026-05-21,4,羽毛球馆-18号,16:00-17:00,0,1,可预约,￥12.0,晴,25,23,4,0.0,57,40
2026-05-21 16:00:51,2026-05-21,4,羽毛球馆-18号,16:00-17:00,0,1,可预约,￥12.0,晴,25,23,4,0.0,57,40
2026-05-21 16:30:48,2026-05-21,4,羽毛球馆-18号,16:00-17:00,0,1,可预约,￥12.0,晴,25,24,3,0.0,60,39
2026-05-21 17:00:49,2026-05-21,4,羽毛球馆-18号,16:00-17:00,0,1,不开放/已过期,,晴,25,24,4,0.0,61,39
2026-05-21 17:30:47,2026-05-21,4,羽毛球馆-18号,16:00-17:00,0,1,不开放/已过期,,多云,24,23,3,0.0,64,39
2026-05-21 18:00:50,2026-05-21,4,羽毛球馆-18号,16:00-17:00,0,1,不开放/已过期,,多云,24,23,3,0.0,68,39
2026-05-21 18:30:50,2026-05-21,4,羽毛球馆-18号,16:00-17:00,0,1,不开放/已过期,,阴,24,25,2,0.0,68,40
2026-05-21 19:00:50,2026-05-21,4,羽毛球馆-18号,16:00-17:00,0,1,不开放/已过期,,阴,23,23,3,0.0,76,40
2026-05-21 19:30:46,2026-05-21,4,羽毛球馆-18号,16:00-17:00,0,1,不开放/已过期,,阴,23,24,2,0.0,77,39
2026-05-21 20:00:49,2026-05-21,4,羽毛球馆-18号,16:00-17:00,0,1,不开放/已过期,,雾,22,23,2,0.0,89,39
2026-05-21 20:30:44,2026-05-21,4,羽毛球馆-18号,16:00-17:00,0,1,不开放/已过期,,雾,22,24,2,0.0,93,43
2026-05-21 21:00:56,2026-05-21,4,羽毛球馆-18号,16:00-17:00,0,1,不开放/已过期,,雾,20,21,2,0.0,98,43
2026-05-21 21:30:46,2026-05-21,4,羽毛球馆-18号,16:00-17:00,0,1,不开放/已过期,,雾,20,22,1,0.0,99,41
2026-05-21 22:01:02,2026-05-21,4,羽毛球馆-18号,16:00-17:00,0,1,不开放/已过期,,雾,19,20,2,0.0,93,41
2026-05-21 22:30:47,2026-05-21,4,羽毛球馆-18号,16:00-17:00,0,1,不开放/已过期,,雾,19,19,3,0.0,88,46
2026-05-21 23:00:56,2026-05-21,4,羽毛球馆-18号,16:00-17:00,0,1,不开放/已过期,,多云,18,17,3,0.0,85,46
2026-05-21 23:30:55,2026-05-21,4,羽毛球馆-18号,16:00-17:00,0,1,不开放/已过期,,多云,18,17,3,0.0,85,48
2026-05-21 00:30:49,2026-05-21,4,羽毛球馆-18号,17:00-18:00,1,1,已售/已满,已售,多云,15,13,3,0.0,100,26
2026-05-21 01:00:55,2026-05-21,4,羽毛球馆-18号,17:00-18:00,1,1,已售/已满,已售,多云,15,12,4,0.0,100,26
2026-05-21 01:30:47,2026-05-21,4,羽毛球馆-18号,17:00-18:00,1,1,已售/已满,已售,多云,15,13,4,0.0,100,28
2026-05-21 02:00:53,2026-05-21,4,羽毛球馆-18号,17:00-18:00,1,1,已售/已满,已售,多云,15,12,4,0.0,100,28
2026-05-21 02:30:49,2026-05-21,4,羽毛球馆-18号,17:00-18:00,1,1,已售/已满,已售,多云,15,14,3,0.0,100,29
2026-05-21 03:00:55,2026-05-21,4,羽毛球馆-18号,17:00-18:00,1,1,已售/已满,已售,多云,15,12,4,0.0,100,29
2026-05-21 03:30:49,2026-05-21,4,羽毛球馆-18号,17:00-18:00,1,1,已售/已满,已售,多云,15,14,3,0.0,100,30
2026-05-21 04:30:45,2026-05-21,4,羽毛球馆-18号,17:00-18:00,1,1,已售/已满,已售,多云,15,12,4,0.0,100,29
2026-05-21 05:00:52,2026-05-21,4,羽毛球馆-18号,17:00-18:00,1,1,已售/已满,已售,多云,15,12,4,0.0,100,29
2026-05-21 05:30:49,2026-05-21,4,羽毛球馆-18号,17:00-18:00,1,1,已售/已满,已售,多云,15,13,3,0.0,100,28
2026-05-21 06:00:50,2026-05-21,4,羽毛球馆-18号,17:00-18:00,1,1,已售/已满,已售,多云,15,13,4,0.0,99,28
2026-05-21 06:30:38,2026-05-21,4,羽毛球馆-18号,17:00-18:00,1,1,已售/已满,已售,多云,15,13,3,0.0,97,28
2026-05-21 07:00:43,2026-05-21,4,羽毛球馆-18号,17:00-18:00,1,1,已售/已满,已售,晴,15,11,5,0.0,93,28
2026-05-21 07:30:39,2026-05-21,4,羽毛球馆-18号,17:00-18:00,1,1,已售/已满,已售,晴,17,13,4,0.0,89,29
2026-05-21 07:50:40,2026-05-21,4,羽毛球馆-18号,17:00-18:00,1,1,已售/已满,已售,晴,17,13,4,0.0,88,29
2026-05-21 07:53:31,2026-05-21,4,羽毛球馆-18号,17:00-18:00,1,1,已售/已满,已售,晴,17,12,5,0.0,86,29
2026-05-21 07:56:31,2026-05-21,4,羽毛球馆-18号,17:00-18:00,1,1,已售/已满,已售,晴,17,12,5,0.0,86,29
2026-05-21 07:59:26,2026-05-21,4,羽毛球馆-18号,17:00-18:00,1,1,已售/已满,已售,晴,17,12,5,0.0,86,29
2026-05-21 08:00:45,2026-05-21,4,羽毛球馆-18号,17:00-18:00,1,1,已售/已满,已售,晴,17,12,5,0.0,86,29
2026-05-21 08:02:30,2026-05-21,4,羽毛球馆-18号,17:00-18:00,1,1,已售/已满,已售,多云,17,12,5,0.0,87,29
2026-05-21 08:05:36,2026-05-21,4,羽毛球馆-18号,17:00-18:00,1,1,已售/已满,已售,多云,17,12,5,0.0,86,29
2026-05-21 08:08:31,2026-05-21,4,羽毛球馆-18号,17:00-18:00,1,1,已售/已满,已售,多云,17,12,5,0.0,86,29
2026-05-21 08:11:30,2026-05-21,4,羽毛球馆-18号,17:00-18:00,1,1,已售/已满,已售,多云,17,12,5,0.0,86,29
2026-05-21 08:14:31,2026-05-21,4,羽毛球馆-18号,17:00-18:00,1,1,已售/已满,已售,多云,17,12,5,0.0,86,29
2026-05-21 08:17:30,2026-05-21,4,羽毛球馆-18号,17:00-18:00,1,1,已售/已满,已售,多云,17,12,5,0.0,86,29
2026-05-21 08:20:35,2026-05-21,4,羽毛球馆-18号,17:00-18:00,1,1,已售/已满,已售,多云,17,14,4,0.0,85,29
2026-05-21 08:25:32,2026-05-21,4,羽毛球馆-18号,17:00-18:00,1,1,已售/已满,已售,多云,17,14,4,0.0,85,28
2026-05-21 08:30:42,2026-05-21,4,羽毛球馆-18号,17:00-18:00,1,1,已售/已满,已售,多云,18,15,4,0.0,84,28
2026-05-21 08:35:31,2026-05-21,4,羽毛球馆-18号,17:00-18:00,1,1,已售/已满,已售,多云,18,15,4,0.0,84,28
2026-05-21 08:40:38,2026-05-21,4,羽毛球馆-18号,17:00-18:00,1,1,已售/已满,已售,多云,18,15,4,0.0,82,28
2026-05-21 08:45:33,2026-05-21,4,羽毛球馆-18号,17:00-18:00,1,1,已售/已满,已售,多云,18,15,4,0.0,82,28
2026-05-21 08:50:36,2026-05-21,4,羽毛球馆-18号,17:00-18:00,1,1,已售/已满,已售,多云,18,15,4,0.0,82,28
2026-05-21 08:55:34,2026-05-21,4,羽毛球馆-18号,17:00-18:00,1,1,已售/已满,已售,多云,18,15,4,0.0,84,28
2026-05-21 09:00:51,2026-05-21,4,羽毛球馆-18号,17:00-18:00,1,1,已售/已满,已售,多云,18,15,4,0.0,84,28
2026-05-21 09:01:59,2026-05-21,4,羽毛球馆-18号,17:00-18:00,1,1,已售/已满,已售,多云,18,15,4,0.0,83,28
2026-05-21 09:05:33,2026-05-21,4,羽毛球馆-18号,17:00-18:00,1,1,已售/已满,已售,多云,18,15,4,0.0,83,28
2026-05-21 09:20:38,2026-05-21,4,羽毛球馆-18号,17:00-18:00,1,1,已售/已满,已售,多云,18,16,3,0.0,81,28
2026-05-21 09:30:46,2026-05-21,4,羽毛球馆-18号,17:00-18:00,1,1,已售/已满,已售,多云,18,16,3,0.0,81,32
2026-05-21 09:40:36,2026-05-21,4,羽毛球馆-18号,17:00-18:00,1,1,已售/已满,已售,多云,19,17,3,0.0,79,32
2026-05-21 09:50:42,2026-05-21,4,羽毛球馆-18号,17:00-18:00,1,1,已售/已满,已售,多云,19,17,4,0.0,81,32
2026-05-21 10:00:46,2026-05-21,4,羽毛球馆-18号,17:00-18:00,1,1,已售/已满,已售,多云,19,17,4,0.0,79,32
2026-05-21 10:10:40,2026-05-21,4,羽毛球馆-18号,17:00-18:00,1,1,已售/已满,已售,多云,19,17,4,0.0,79,32
2026-05-21 10:20:38,2026-05-21,4,羽毛球馆-18号,17:00-18:00,1,1,已售/已满,已售,多云,19,17,4,0.0,79,32
2026-05-21 10:30:41,2026-05-21,4,羽毛球馆-18号,17:00-18:00,1,1,已售/已满,已售,多云,19,18,3,0.0,78,31
2026-05-21 11:00:44,2026-05-21,4,羽毛球馆-18号,17:00-18:00,1,1,已售/已满,已售,多云,21,17,5,0.0,74,31
2026-05-21 11:30:38,2026-05-21,4,羽毛球馆-18号,17:00-18:00,1,1,已售/已满,已售,多云,21,19,3,0.0,72,33
2026-05-21 12:00:46,2026-05-21,4,羽毛球馆-18号,17:00-18:00,1,1,已售/已满,已售,多云,22,19,4,0.0,70,33
2026-05-21 12:30:42,2026-05-21,4,羽毛球馆-18号,17:00-18:00,1,1,已售/已满,已售,多云,22,21,3,0.0,68,35
2026-05-21 13:00:43,2026-05-21,4,羽毛球馆-18号,17:00-18:00,1,1,已售/已满,已售,多云,24,22,4,0.0,66,35
2026-05-21 13:30:43,2026-05-21,4,羽毛球馆-18号,17:00-18:00,1,1,已售/已满,已售,多云,24,22,4,0.0,66,36
2026-05-21 14:00:48,2026-05-21,4,羽毛球馆-18号,17:00-18:00,1,1,已售/已满,已售,多云,25,23,4,0.0,66,36
2026-05-21 14:30:45,2026-05-21,4,羽毛球馆-18号,17:00-18:00,1,1,已售/已满,已售,晴,25,25,3,0.0,65,39
2026-05-21 15:00:45,2026-05-21,4,羽毛球馆-18号,17:00-18:00,1,1,已售/已满,已售,晴,25,22,4,0.0,56,39
2026-05-21 15:30:43,2026-05-21,4,羽毛球馆-18号,17:00-18:00,1,1,已售/已满,已售,晴,25,23,4,0.0,57,40
2026-05-21 16:00:51,2026-05-21,4,羽毛球馆-18号,17:00-18:00,0,1,可预约,￥12.0,晴,25,23,4,0.0,57,40
2026-05-21 16:30:48,2026-05-21,4,羽毛球馆-18号,17:00-18:00,1,1,已售/已满,已售,晴,25,24,3,0.0,60,39
2026-05-21 17:00:49,2026-05-21,4,羽毛球馆-18号,17:00-18:00,1,1,已售/已满,已售,晴,25,24,4,0.0,61,39
2026-05-21 17:30:47,2026-05-21,4,羽毛球馆-18号,17:00-18:00,1,1,已售/已满,已售,多云,24,23,3,0.0,64,39
2026-05-21 18:00:50,2026-05-21,4,羽毛球馆-18号,17:00-18:00,1,1,已售/已满,已售,多云,24,23,3,0.0,68,39
2026-05-21 18:30:50,2026-05-21,4,羽毛球馆-18号,17:00-18:00,1,1,已售/已满,已售,阴,24,25,2,0.0,68,40
2026-05-21 19:00:50,2026-05-21,4,羽毛球馆-18号,17:00-18:00,1,1,已售/已满,已售,阴,23,23,3,0.0,76,40
2026-05-21 19:30:46,2026-05-21,4,羽毛球馆-18号,17:00-18:00,1,1,已售/已满,已售,阴,23,24,2,0.0,77,39
2026-05-21 20:00:49,2026-05-21,4,羽毛球馆-18号,17:00-18:00,1,1,已售/已满,已售,雾,22,23,2,0.0,89,39
2026-05-21 20:30:44,2026-05-21,4,羽毛球馆-18号,17:00-18:00,1,1,已售/已满,已售,雾,22,24,2,0.0,93,43
2026-05-21 21:00:56,2026-05-21,4,羽毛球馆-18号,17:00-18:00,1,1,已售/已满,已售,雾,20,21,2,0.0,98,43
2026-05-21 21:30:46,2026-05-21,4,羽毛球馆-18号,17:00-18:00,1,1,已售/已满,已售,雾,20,22,1,0.0,99,41
2026-05-21 22:01:02,2026-05-21,4,羽毛球馆-18号,17:00-18:00,1,1,已售/已满,已售,雾,19,20,2,0.0,93,41
2026-05-21 22:30:47,2026-05-21,4,羽毛球馆-18号,17:00-18:00,1,1,已售/已满,已售,雾,19,19,3,0.0,88,46
2026-05-21 23:00:56,2026-05-21,4,羽毛球馆-18号,17:00-18:00,1,1,已售/已满,已售,多云,18,17,3,0.0,85,46
2026-05-21 23:30:55,2026-05-21,4,羽毛球馆-18号,17:00-18:00,1,1,已售/已满,已售,多云,18,17,3,0.0,85,48
2026-05-21 00:30:49,2026-05-21,4,羽毛球馆-18号,18:30-19:30,1,1,已售/已满,已售,多云,15,13,3,0.0,100,26
2026-05-21 01:00:55,2026-05-21,4,羽毛球馆-18号,18:30-19:30,1,1,已售/已满,已售,多云,15,12,4,0.0,100,26
2026-05-21 01:30:47,2026-05-21,4,羽毛球馆-18号,18:30-19:30,1,1,已售/已满,已售,多云,15,13,4,0.0,100,28
2026-05-21 02:00:53,2026-05-21,4,羽毛球馆-18号,18:30-19:30,1,1,已售/已满,已售,多云,15,12,4,0.0,100,28
2026-05-21 02:30:49,2026-05-21,4,羽毛球馆-18号,18:30-19:30,1,1,已售/已满,已售,多云,15,14,3,0.0,100,29
2026-05-21 03:00:55,2026-05-21,4,羽毛球馆-18号,18:30-19:30,1,1,已售/已满,已售,多云,15,12,4,0.0,100,29
2026-05-21 03:30:49,2026-05-21,4,羽毛球馆-18号,18:30-19:30,1,1,已售/已满,已售,多云,15,14,3,0.0,100,30
2026-05-21 04:30:45,2026-05-21,4,羽毛球馆-18号,18:30-19:30,1,1,已售/已满,已售,多云,15,12,4,0.0,100,29
2026-05-21 05:00:52,2026-05-21,4,羽毛球馆-18号,18:30-19:30,1,1,已售/已满,已售,多云,15,12,4,0.0,100,29
2026-05-21 05:30:49,2026-05-21,4,羽毛球馆-18号,18:30-19:30,1,1,已售/已满,已售,多云,15,13,3,0.0,100,28
2026-05-21 06:00:50,2026-05-21,4,羽毛球馆-18号,18:30-19:30,1,1,已售/已满,已售,多云,15,13,4,0.0,99,28
2026-05-21 06:30:38,2026-05-21,4,羽毛球馆-18号,18:30-19:30,1,1,已售/已满,已售,多云,15,13,3,0.0,97,28
2026-05-21 07:00:43,2026-05-21,4,羽毛球馆-18号,18:30-19:30,1,1,已售/已满,已售,晴,15,11,5,0.0,93,28
2026-05-21 07:30:39,2026-05-21,4,羽毛球馆-18号,18:30-19:30,1,1,已售/已满,已售,晴,17,13,4,0.0,89,29
2026-05-21 07:50:40,2026-05-21,4,羽毛球馆-18号,18:30-19:30,1,1,已售/已满,已售,晴,17,13,4,0.0,88,29
2026-05-21 07:53:31,2026-05-21,4,羽毛球馆-18号,18:30-19:30,1,1,已售/已满,已售,晴,17,12,5,0.0,86,29
2026-05-21 07:56:31,2026-05-21,4,羽毛球馆-18号,18:30-19:30,1,1,已售/已满,已售,晴,17,12,5,0.0,86,29
2026-05-21 07:59:26,2026-05-21,4,羽毛球馆-18号,18:30-19:30,1,1,已售/已满,已售,晴,17,12,5,0.0,86,29
2026-05-21 08:00:45,2026-05-21,4,羽毛球馆-18号,18:30-19:30,1,1,已售/已满,已售,晴,17,12,5,0.0,86,29
2026-05-21 08:02:30,2026-05-21,4,羽毛球馆-18号,18:30-19:30,1,1,已售/已满,已售,多云,17,12,5,0.0,87,29
2026-05-21 08:05:36,2026-05-21,4,羽毛球馆-18号,18:30-19:30,1,1,已售/已满,已售,多云,17,12,5,0.0,86,29
2026-05-21 08:08:31,2026-05-21,4,羽毛球馆-18号,18:30-19:30,1,1,已售/已满,已售,多云,17,12,5,0.0,86,29
2026-05-21 08:11:30,2026-05-21,4,羽毛球馆-18号,18:30-19:30,1,1,已售/已满,已售,多云,17,12,5,0.0,86,29
2026-05-21 08:14:31,2026-05-21,4,羽毛球馆-18号,18:30-19:30,1,1,已售/已满,已售,多云,17,12,5,0.0,86,29
2026-05-21 08:17:30,2026-05-21,4,羽毛球馆-18号,18:30-19:30,1,1,已售/已满,已售,多云,17,12,5,0.0,86,29
2026-05-21 08:20:35,2026-05-21,4,羽毛球馆-18号,18:30-19:30,1,1,已售/已满,已售,多云,17,14,4,0.0,85,29
2026-05-21 08:25:32,2026-05-21,4,羽毛球馆-18号,18:30-19:30,1,1,已售/已满,已售,多云,17,14,4,0.0,85,28
2026-05-21 08:30:42,2026-05-21,4,羽毛球馆-18号,18:30-19:30,1,1,已售/已满,已售,多云,18,15,4,0.0,84,28
2026-05-21 08:35:31,2026-05-21,4,羽毛球馆-18号,18:30-19:30,1,1,已售/已满,已售,多云,18,15,4,0.0,84,28
2026-05-21 08:40:38,2026-05-21,4,羽毛球馆-18号,18:30-19:30,1,1,已售/已满,已售,多云,18,15,4,0.0,82,28
2026-05-21 08:45:33,2026-05-21,4,羽毛球馆-18号,18:30-19:30,1,1,已售/已满,已售,多云,18,15,4,0.0,82,28
2026-05-21 08:50:36,2026-05-21,4,羽毛球馆-18号,18:30-19:30,1,1,已售/已满,已售,多云,18,15,4,0.0,82,28
2026-05-21 08:55:34,2026-05-21,4,羽毛球馆-18号,18:30-19:30,1,1,已售/已满,已售,多云,18,15,4,0.0,84,28
2026-05-21 09:00:51,2026-05-21,4,羽毛球馆-18号,18:30-19:30,1,1,已售/已满,已售,多云,18,15,4,0.0,84,28
2026-05-21 09:01:59,2026-05-21,4,羽毛球馆-18号,18:30-19:30,1,1,已售/已满,已售,多云,18,15,4,0.0,83,28
2026-05-21 09:05:33,2026-05-21,4,羽毛球馆-18号,18:30-19:30,1,1,已售/已满,已售,多云,18,15,4,0.0,83,28
2026-05-21 09:20:38,2026-05-21,4,羽毛球馆-18号,18:30-19:30,1,1,已售/已满,已售,多云,18,16,3,0.0,81,28
2026-05-21 09:30:46,2026-05-21,4,羽毛球馆-18号,18:30-19:30,1,1,已售/已满,已售,多云,18,16,3,0.0,81,32
2026-05-21 09:40:36,2026-05-21,4,羽毛球馆-18号,18:30-19:30,1,1,已售/已满,已售,多云,19,17,3,0.0,79,32
2026-05-21 09:50:42,2026-05-21,4,羽毛球馆-18号,18:30-19:30,1,1,已售/已满,已售,多云,19,17,4,0.0,81,32
2026-05-21 10:00:46,2026-05-21,4,羽毛球馆-18号,18:30-19:30,1,1,已售/已满,已售,多云,19,17,4,0.0,79,32
2026-05-21 10:10:40,2026-05-21,4,羽毛球馆-18号,18:30-19:30,1,1,已售/已满,已售,多云,19,17,4,0.0,79,32
2026-05-21 10:20:38,2026-05-21,4,羽毛球馆-18号,18:30-19:30,1,1,已售/已满,已售,多云,19,17,4,0.0,79,32
2026-05-21 10:30:41,2026-05-21,4,羽毛球馆-18号,18:30-19:30,1,1,已售/已满,已售,多云,19,18,3,0.0,78,31
2026-05-21 11:00:44,2026-05-21,4,羽毛球馆-18号,18:30-19:30,1,1,已售/已满,已售,多云,21,17,5,0.0,74,31
2026-05-21 11:30:38,2026-05-21,4,羽毛球馆-18号,18:30-19:30,1,1,已售/已满,已售,多云,21,19,3,0.0,72,33
2026-05-21 12:00:46,2026-05-21,4,羽毛球馆-18号,18:30-19:30,1,1,已售/已满,已售,多云,22,19,4,0.0,70,33
2026-05-21 12:30:42,2026-05-21,4,羽毛球馆-18号,18:30-19:30,1,1,已售/已满,已售,多云,22,21,3,0.0,68,35
2026-05-21 13:00:43,2026-05-21,4,羽毛球馆-18号,18:30-19:30,1,1,已售/已满,已售,多云,24,22,4,0.0,66,35
2026-05-21 13:30:43,2026-05-21,4,羽毛球馆-18号,18:30-19:30,1,1,已售/已满,已售,多云,24,22,4,0.0,66,36
2026-05-21 14:00:48,2026-05-21,4,羽毛球馆-18号,18:30-19:30,1,1,已售/已满,已售,多云,25,23,4,0.0,66,36
2026-05-21 14:30:45,2026-05-21,4,羽毛球馆-18号,18:30-19:30,1,1,已售/已满,已售,晴,25,25,3,0.0,65,39
2026-05-21 15:00:45,2026-05-21,4,羽毛球馆-18号,18:30-19:30,1,1,已售/已满,已售,晴,25,22,4,0.0,56,39
2026-05-21 15:30:43,2026-05-21,4,羽毛球馆-18号,18:30-19:30,1,1,已售/已满,已售,晴,25,23,4,0.0,57,40
2026-05-21 16:00:51,2026-05-21,4,羽毛球馆-18号,18:30-19:30,1,1,已售/已满,已售,晴,25,23,4,0.0,57,40
2026-05-21 16:30:48,2026-05-21,4,羽毛球馆-18号,18:30-19:30,1,1,已售/已满,已售,晴,25,24,3,0.0,60,39
2026-05-21 17:00:49,2026-05-21,4,羽毛球馆-18号,18:30-19:30,1,1,已售/已满,已售,晴,25,24,4,0.0,61,39
2026-05-21 17:30:47,2026-05-21,4,羽毛球馆-18号,18:30-19:30,1,1,已售/已满,已售,多云,24,23,3,0.0,64,39
2026-05-21 18:00:50,2026-05-21,4,羽毛球馆-18号,18:30-19:30,1,1,已售/已满,已售,多云,24,23,3,0.0,68,39
2026-05-21 18:30:50,2026-05-21,4,羽毛球馆-18号,18:30-19:30,1,1,已售/已满,已售,阴,24,25,2,0.0,68,40
2026-05-21 19:00:50,2026-05-21,4,羽毛球馆-18号,18:30-19:30,1,1,已售/已满,已售,阴,23,23,3,0.0,76,40
2026-05-21 19:30:46,2026-05-21,4,羽毛球馆-18号,18:30-19:30,1,1,已售/已满,已售,阴,23,24,2,0.0,77,39
2026-05-21 20:00:49,2026-05-21,4,羽毛球馆-18号,18:30-19:30,1,1,已售/已满,已售,雾,22,23,2,0.0,89,39
2026-05-21 20:30:44,2026-05-21,4,羽毛球馆-18号,18:30-19:30,1,1,已售/已满,已售,雾,22,24,2,0.0,93,43
2026-05-21 21:00:56,2026-05-21,4,羽毛球馆-18号,18:30-19:30,1,1,已售/已满,已售,雾,20,21,2,0.0,98,43
2026-05-21 21:30:46,2026-05-21,4,羽毛球馆-18号,18:30-19:30,1,1,已售/已满,已售,雾,20,22,1,0.0,99,41
2026-05-21 22:01:02,2026-05-21,4,羽毛球馆-18号,18:30-19:30,1,1,已售/已满,已售,雾,19,20,2,0.0,93,41
2026-05-21 22:30:47,2026-05-21,4,羽毛球馆-18号,18:30-19:30,1,1,已售/已满,已售,雾,19,19,3,0.0,88,46
2026-05-21 23:00:56,2026-05-21,4,羽毛球馆-18号,18:30-19:30,1,1,已售/已满,已售,多云,18,17,3,0.0,85,46
2026-05-21 23:30:55,2026-05-21,4,羽毛球馆-18号,18:30-19:30,1,1,已售/已满,已售,多云,18,17,3,0.0,85,48
2026-05-21 00:30:49,2026-05-21,4,羽毛球馆-18号,19:30-20:30,1,1,已售/已满,已售,多云,15,13,3,0.0,100,26
2026-05-21 01:00:55,2026-05-21,4,羽毛球馆-18号,19:30-20:30,1,1,已售/已满,已售,多云,15,12,4,0.0,100,26
2026-05-21 01:30:47,2026-05-21,4,羽毛球馆-18号,19:30-20:30,1,1,已售/已满,已售,多云,15,13,4,0.0,100,28
2026-05-21 02:00:53,2026-05-21,4,羽毛球馆-18号,19:30-20:30,1,1,已售/已满,已售,多云,15,12,4,0.0,100,28
2026-05-21 02:30:49,2026-05-21,4,羽毛球馆-18号,19:30-20:30,1,1,已售/已满,已售,多云,15,14,3,0.0,100,29
2026-05-21 03:00:55,2026-05-21,4,羽毛球馆-18号,19:30-20:30,1,1,已售/已满,已售,多云,15,12,4,0.0,100,29
2026-05-21 03:30:49,2026-05-21,4,羽毛球馆-18号,19:30-20:30,1,1,已售/已满,已售,多云,15,14,3,0.0,100,30
2026-05-21 04:30:45,2026-05-21,4,羽毛球馆-18号,19:30-20:30,1,1,已售/已满,已售,多云,15,12,4,0.0,100,29
2026-05-21 05:00:52,2026-05-21,4,羽毛球馆-18号,19:30-20:30,1,1,已售/已满,已售,多云,15,12,4,0.0,100,29
2026-05-21 05:30:49,2026-05-21,4,羽毛球馆-18号,19:30-20:30,1,1,已售/已满,已售,多云,15,13,3,0.0,100,28
2026-05-21 06:00:50,2026-05-21,4,羽毛球馆-18号,19:30-20:30,1,1,已售/已满,已售,多云,15,13,4,0.0,99,28
2026-05-21 06:30:38,2026-05-21,4,羽毛球馆-18号,19:30-20:30,1,1,已售/已满,已售,多云,15,13,3,0.0,97,28
2026-05-21 07:00:43,2026-05-21,4,羽毛球馆-18号,19:30-20:30,1,1,已售/已满,已售,晴,15,11,5,0.0,93,28
2026-05-21 07:30:39,2026-05-21,4,羽毛球馆-18号,19:30-20:30,1,1,已售/已满,已售,晴,17,13,4,0.0,89,29
2026-05-21 07:50:40,2026-05-21,4,羽毛球馆-18号,19:30-20:30,1,1,已售/已满,已售,晴,17,13,4,0.0,88,29
2026-05-21 07:53:31,2026-05-21,4,羽毛球馆-18号,19:30-20:30,1,1,已售/已满,已售,晴,17,12,5,0.0,86,29
2026-05-21 07:56:31,2026-05-21,4,羽毛球馆-18号,19:30-20:30,1,1,已售/已满,已售,晴,17,12,5,0.0,86,29
2026-05-21 07:59:26,2026-05-21,4,羽毛球馆-18号,19:30-20:30,1,1,已售/已满,已售,晴,17,12,5,0.0,86,29
2026-05-21 08:00:45,2026-05-21,4,羽毛球馆-18号,19:30-20:30,1,1,已售/已满,已售,晴,17,12,5,0.0,86,29
2026-05-21 08:02:30,2026-05-21,4,羽毛球馆-18号,19:30-20:30,1,1,已售/已满,已售,多云,17,12,5,0.0,87,29
2026-05-21 08:05:36,2026-05-21,4,羽毛球馆-18号,19:30-20:30,1,1,已售/已满,已售,多云,17,12,5,0.0,86,29
2026-05-21 08:08:31,2026-05-21,4,羽毛球馆-18号,19:30-20:30,1,1,已售/已满,已售,多云,17,12,5,0.0,86,29
2026-05-21 08:11:30,2026-05-21,4,羽毛球馆-18号,19:30-20:30,1,1,已售/已满,已售,多云,17,12,5,0.0,86,29
2026-05-21 08:14:31,2026-05-21,4,羽毛球馆-18号,19:30-20:30,1,1,已售/已满,已售,多云,17,12,5,0.0,86,29
2026-05-21 08:17:30,2026-05-21,4,羽毛球馆-18号,19:30-20:30,1,1,已售/已满,已售,多云,17,12,5,0.0,86,29
2026-05-21 08:20:35,2026-05-21,4,羽毛球馆-18号,19:30-20:30,1,1,已售/已满,已售,多云,17,14,4,0.0,85,29
2026-05-21 08:25:32,2026-05-21,4,羽毛球馆-18号,19:30-20:30,1,1,已售/已满,已售,多云,17,14,4,0.0,85,28
2026-05-21 08:30:42,2026-05-21,4,羽毛球馆-18号,19:30-20:30,1,1,已售/已满,已售,多云,18,15,4,0.0,84,28
2026-05-21 08:35:31,2026-05-21,4,羽毛球馆-18号,19:30-20:30,1,1,已售/已满,已售,多云,18,15,4,0.0,84,28
2026-05-21 08:40:38,2026-05-21,4,羽毛球馆-18号,19:30-20:30,1,1,已售/已满,已售,多云,18,15,4,0.0,82,28
2026-05-21 08:45:33,2026-05-21,4,羽毛球馆-18号,19:30-20:30,1,1,已售/已满,已售,多云,18,15,4,0.0,82,28
2026-05-21 08:50:36,2026-05-21,4,羽毛球馆-18号,19:30-20:30,1,1,已售/已满,已售,多云,18,15,4,0.0,82,28
2026-05-21 08:55:34,2026-05-21,4,羽毛球馆-18号,19:30-20:30,1,1,已售/已满,已售,多云,18,15,4,0.0,84,28
2026-05-21 09:00:51,2026-05-21,4,羽毛球馆-18号,19:30-20:30,1,1,已售/已满,已售,多云,18,15,4,0.0,84,28
2026-05-21 09:01:59,2026-05-21,4,羽毛球馆-18号,19:30-20:30,1,1,已售/已满,已售,多云,18,15,4,0.0,83,28
2026-05-21 09:05:33,2026-05-21,4,羽毛球馆-18号,19:30-20:30,1,1,已售/已满,已售,多云,18,15,4,0.0,83,28
2026-05-21 09:20:38,2026-05-21,4,羽毛球馆-18号,19:30-20:30,1,1,已售/已满,已售,多云,18,16,3,0.0,81,28
2026-05-21 09:30:46,2026-05-21,4,羽毛球馆-18号,19:30-20:30,1,1,已售/已满,已售,多云,18,16,3,0.0,81,32
2026-05-21 09:40:36,2026-05-21,4,羽毛球馆-18号,19:30-20:30,1,1,已售/已满,已售,多云,19,17,3,0.0,79,32
2026-05-21 09:50:42,2026-05-21,4,羽毛球馆-18号,19:30-20:30,1,1,已售/已满,已售,多云,19,17,4,0.0,81,32
2026-05-21 10:00:46,2026-05-21,4,羽毛球馆-18号,19:30-20:30,1,1,已售/已满,已售,多云,19,17,4,0.0,79,32
2026-05-21 10:10:40,2026-05-21,4,羽毛球馆-18号,19:30-20:30,1,1,已售/已满,已售,多云,19,17,4,0.0,79,32
2026-05-21 10:20:38,2026-05-21,4,羽毛球馆-18号,19:30-20:30,1,1,已售/已满,已售,多云,19,17,4,0.0,79,32
2026-05-21 10:30:41,2026-05-21,4,羽毛球馆-18号,19:30-20:30,1,1,已售/已满,已售,多云,19,18,3,0.0,78,31
2026-05-21 11:00:44,2026-05-21,4,羽毛球馆-18号,19:30-20:30,1,1,已售/已满,已售,多云,21,17,5,0.0,74,31
2026-05-21 11:30:38,2026-05-21,4,羽毛球馆-18号,19:30-20:30,1,1,已售/已满,已售,多云,21,19,3,0.0,72,33
2026-05-21 12:00:46,2026-05-21,4,羽毛球馆-18号,19:30-20:30,1,1,已售/已满,已售,多云,22,19,4,0.0,70,33
2026-05-21 12:30:42,2026-05-21,4,羽毛球馆-18号,19:30-20:30,1,1,已售/已满,已售,多云,22,21,3,0.0,68,35
2026-05-21 13:00:43,2026-05-21,4,羽毛球馆-18号,19:30-20:30,1,1,已售/已满,已售,多云,24,22,4,0.0,66,35
2026-05-21 13:30:43,2026-05-21,4,羽毛球馆-18号,19:30-20:30,1,1,已售/已满,已售,多云,24,22,4,0.0,66,36
2026-05-21 14:00:48,2026-05-21,4,羽毛球馆-18号,19:30-20:30,1,1,已售/已满,已售,多云,25,23,4,0.0,66,36
2026-05-21 14:30:45,2026-05-21,4,羽毛球馆-18号,19:30-20:30,1,1,已售/已满,已售,晴,25,25,3,0.0,65,39
2026-05-21 15:00:45,2026-05-21,4,羽毛球馆-18号,19:30-20:30,1,1,已售/已满,已售,晴,25,22,4,0.0,56,39
2026-05-21 15:30:43,2026-05-21,4,羽毛球馆-18号,19:30-20:30,1,1,已售/已满,已售,晴,25,23,4,0.0,57,40
2026-05-21 16:00:51,2026-05-21,4,羽毛球馆-18号,19:30-20:30,1,1,已售/已满,已售,晴,25,23,4,0.0,57,40
2026-05-21 16:30:48,2026-05-21,4,羽毛球馆-18号,19:30-20:30,1,1,已售/已满,已售,晴,25,24,3,0.0,60,39
2026-05-21 17:00:49,2026-05-21,4,羽毛球馆-18号,19:30-20:30,1,1,已售/已满,已售,晴,25,24,4,0.0,61,39
2026-05-21 17:30:47,2026-05-21,4,羽毛球馆-18号,19:30-20:30,1,1,已售/已满,已售,多云,24,23,3,0.0,64,39
2026-05-21 18:00:50,2026-05-21,4,羽毛球馆-18号,19:30-20:30,1,1,已售/已满,已售,多云,24,23,3,0.0,68,39
2026-05-21 18:30:50,2026-05-21,4,羽毛球馆-18号,19:30-20:30,1,1,已售/已满,已售,阴,24,25,2,0.0,68,40
2026-05-21 19:00:50,2026-05-21,4,羽毛球馆-18号,19:30-20:30,1,1,已售/已满,已售,阴,23,23,3,0.0,76,40
2026-05-21 19:30:46,2026-05-21,4,羽毛球馆-18号,19:30-20:30,1,1,已售/已满,已售,阴,23,24,2,0.0,77,39
2026-05-21 20:00:49,2026-05-21,4,羽毛球馆-18号,19:30-20:30,1,1,已售/已满,已售,雾,22,23,2,0.0,89,39
2026-05-21 20:30:44,2026-05-21,4,羽毛球馆-18号,19:30-20:30,1,1,已售/已满,已售,雾,22,24,2,0.0,93,43
2026-05-21 21:00:56,2026-05-21,4,羽毛球馆-18号,19:30-20:30,1,1,已售/已满,已售,雾,20,21,2,0.0,98,43
2026-05-21 21:30:46,2026-05-21,4,羽毛球馆-18号,19:30-20:30,1,1,已售/已满,已售,雾,20,22,1,0.0,99,41
2026-05-21 22:01:02,2026-05-21,4,羽毛球馆-18号,19:30-20:30,1,1,已售/已满,已售,雾,19,20,2,0.0,93,41
2026-05-21 22:30:47,2026-05-21,4,羽毛球馆-18号,19:30-20:30,1,1,已售/已满,已售,雾,19,19,3,0.0,88,46
2026-05-21 23:00:56,2026-05-21,4,羽毛球馆-18号,19:30-20:30,1,1,已售/已满,已售,多云,18,17,3,0.0,85,46
2026-05-21 23:30:55,2026-05-21,4,羽毛球馆-18号,19:30-20:30,1,1,已售/已满,已售,多云,18,17,3,0.0,85,48
2026-05-21 00:30:49,2026-05-21,4,羽毛球馆-18号,20:30-21:30,1,1,已售/已满,已售,多云,15,13,3,0.0,100,26
2026-05-21 01:00:55,2026-05-21,4,羽毛球馆-18号,20:30-21:30,1,1,已售/已满,已售,多云,15,12,4,0.0,100,26
2026-05-21 01:30:47,2026-05-21,4,羽毛球馆-18号,20:30-21:30,1,1,已售/已满,已售,多云,15,13,4,0.0,100,28
2026-05-21 02:00:53,2026-05-21,4,羽毛球馆-18号,20:30-21:30,1,1,已售/已满,已售,多云,15,12,4,0.0,100,28
2026-05-21 02:30:49,2026-05-21,4,羽毛球馆-18号,20:30-21:30,1,1,已售/已满,已售,多云,15,14,3,0.0,100,29
2026-05-21 03:00:55,2026-05-21,4,羽毛球馆-18号,20:30-21:30,1,1,已售/已满,已售,多云,15,12,4,0.0,100,29
2026-05-21 03:30:49,2026-05-21,4,羽毛球馆-18号,20:30-21:30,1,1,已售/已满,已售,多云,15,14,3,0.0,100,30
2026-05-21 04:30:45,2026-05-21,4,羽毛球馆-18号,20:30-21:30,1,1,已售/已满,已售,多云,15,12,4,0.0,100,29
2026-05-21 05:00:52,2026-05-21,4,羽毛球馆-18号,20:30-21:30,1,1,已售/已满,已售,多云,15,12,4,0.0,100,29
2026-05-21 05:30:49,2026-05-21,4,羽毛球馆-18号,20:30-21:30,1,1,已售/已满,已售,多云,15,13,3,0.0,100,28
2026-05-21 06:00:50,2026-05-21,4,羽毛球馆-18号,20:30-21:30,1,1,已售/已满,已售,多云,15,13,4,0.0,99,28
2026-05-21 06:30:38,2026-05-21,4,羽毛球馆-18号,20:30-21:30,1,1,已售/已满,已售,多云,15,13,3,0.0,97,28
2026-05-21 07:00:43,2026-05-21,4,羽毛球馆-18号,20:30-21:30,1,1,已售/已满,已售,晴,15,11,5,0.0,93,28
2026-05-21 07:30:39,2026-05-21,4,羽毛球馆-18号,20:30-21:30,1,1,已售/已满,已售,晴,17,13,4,0.0,89,29
2026-05-21 07:50:40,2026-05-21,4,羽毛球馆-18号,20:30-21:30,1,1,已售/已满,已售,晴,17,13,4,0.0,88,29
2026-05-21 07:53:31,2026-05-21,4,羽毛球馆-18号,20:30-21:30,1,1,已售/已满,已售,晴,17,12,5,0.0,86,29
2026-05-21 07:56:31,2026-05-21,4,羽毛球馆-18号,20:30-21:30,1,1,已售/已满,已售,晴,17,12,5,0.0,86,29
2026-05-21 07:59:26,2026-05-21,4,羽毛球馆-18号,20:30-21:30,1,1,已售/已满,已售,晴,17,12,5,0.0,86,29
2026-05-21 08:00:45,2026-05-21,4,羽毛球馆-18号,20:30-21:30,1,1,已售/已满,已售,晴,17,12,5,0.0,86,29
2026-05-21 08:02:30,2026-05-21,4,羽毛球馆-18号,20:30-21:30,1,1,已售/已满,已售,多云,17,12,5,0.0,87,29
2026-05-21 08:05:36,2026-05-21,4,羽毛球馆-18号,20:30-21:30,1,1,已售/已满,已售,多云,17,12,5,0.0,86,29
2026-05-21 08:08:31,2026-05-21,4,羽毛球馆-18号,20:30-21:30,1,1,已售/已满,已售,多云,17,12,5,0.0,86,29
2026-05-21 08:11:30,2026-05-21,4,羽毛球馆-18号,20:30-21:30,1,1,已售/已满,已售,多云,17,12,5,0.0,86,29
2026-05-21 08:14:31,2026-05-21,4,羽毛球馆-18号,20:30-21:30,1,1,已售/已满,已售,多云,17,12,5,0.0,86,29
2026-05-21 08:17:30,2026-05-21,4,羽毛球馆-18号,20:30-21:30,1,1,已售/已满,已售,多云,17,12,5,0.0,86,29
2026-05-21 08:20:35,2026-05-21,4,羽毛球馆-18号,20:30-21:30,1,1,已售/已满,已售,多云,17,14,4,0.0,85,29
2026-05-21 08:25:32,2026-05-21,4,羽毛球馆-18号,20:30-21:30,1,1,已售/已满,已售,多云,17,14,4,0.0,85,28
2026-05-21 08:30:42,2026-05-21,4,羽毛球馆-18号,20:30-21:30,1,1,已售/已满,已售,多云,18,15,4,0.0,84,28
2026-05-21 08:35:31,2026-05-21,4,羽毛球馆-18号,20:30-21:30,1,1,已售/已满,已售,多云,18,15,4,0.0,84,28
2026-05-21 08:40:38,2026-05-21,4,羽毛球馆-18号,20:30-21:30,1,1,已售/已满,已售,多云,18,15,4,0.0,82,28
2026-05-21 08:45:33,2026-05-21,4,羽毛球馆-18号,20:30-21:30,1,1,已售/已满,已售,多云,18,15,4,0.0,82,28
2026-05-21 08:50:36,2026-05-21,4,羽毛球馆-18号,20:30-21:30,1,1,已售/已满,已售,多云,18,15,4,0.0,82,28
2026-05-21 08:55:34,2026-05-21,4,羽毛球馆-18号,20:30-21:30,1,1,已售/已满,已售,多云,18,15,4,0.0,84,28
2026-05-21 09:00:51,2026-05-21,4,羽毛球馆-18号,20:30-21:30,1,1,已售/已满,已售,多云,18,15,4,0.0,84,28
2026-05-21 09:01:59,2026-05-21,4,羽毛球馆-18号,20:30-21:30,1,1,已售/已满,已售,多云,18,15,4,0.0,83,28
2026-05-21 09:05:33,2026-05-21,4,羽毛球馆-18号,20:30-21:30,1,1,已售/已满,已售,多云,18,15,4,0.0,83,28
2026-05-21 09:20:38,2026-05-21,4,羽毛球馆-18号,20:30-21:30,1,1,已售/已满,已售,多云,18,16,3,0.0,81,28
2026-05-21 09:30:46,2026-05-21,4,羽毛球馆-18号,20:30-21:30,1,1,已售/已满,已售,多云,18,16,3,0.0,81,32
2026-05-21 09:40:36,2026-05-21,4,羽毛球馆-18号,20:30-21:30,1,1,已售/已满,已售,多云,19,17,3,0.0,79,32
2026-05-21 09:50:42,2026-05-21,4,羽毛球馆-18号,20:30-21:30,1,1,已售/已满,已售,多云,19,17,4,0.0,81,32
2026-05-21 10:00:46,2026-05-21,4,羽毛球馆-18号,20:30-21:30,1,1,已售/已满,已售,多云,19,17,4,0.0,79,32
2026-05-21 10:10:40,2026-05-21,4,羽毛球馆-18号,20:30-21:30,1,1,已售/已满,已售,多云,19,17,4,0.0,79,32
2026-05-21 10:20:38,2026-05-21,4,羽毛球馆-18号,20:30-21:30,1,1,已售/已满,已售,多云,19,17,4,0.0,79,32
2026-05-21 10:30:41,2026-05-21,4,羽毛球馆-18号,20:30-21:30,1,1,已售/已满,已售,多云,19,18,3,0.0,78,31
2026-05-21 11:00:44,2026-05-21,4,羽毛球馆-18号,20:30-21:30,1,1,已售/已满,已售,多云,21,17,5,0.0,74,31
2026-05-21 11:30:38,2026-05-21,4,羽毛球馆-18号,20:30-21:30,1,1,已售/已满,已售,多云,21,19,3,0.0,72,33
2026-05-21 12:00:46,2026-05-21,4,羽毛球馆-18号,20:30-21:30,1,1,已售/已满,已售,多云,22,19,4,0.0,70,33
2026-05-21 12:30:42,2026-05-21,4,羽毛球馆-18号,20:30-21:30,1,1,已售/已满,已售,多云,22,21,3,0.0,68,35
2026-05-21 13:00:43,2026-05-21,4,羽毛球馆-18号,20:30-21:30,1,1,已售/已满,已售,多云,24,22,4,0.0,66,35
2026-05-21 13:30:43,2026-05-21,4,羽毛球馆-18号,20:30-21:30,1,1,已售/已满,已售,多云,24,22,4,0.0,66,36
2026-05-21 14:00:48,2026-05-21,4,羽毛球馆-18号,20:30-21:30,1,1,已售/已满,已售,多云,25,23,4,0.0,66,36
2026-05-21 14:30:45,2026-05-21,4,羽毛球馆-18号,20:30-21:30,1,1,已售/已满,已售,晴,25,25,3,0.0,65,39
2026-05-21 15:00:45,2026-05-21,4,羽毛球馆-18号,20:30-21:30,1,1,已售/已满,已售,晴,25,22,4,0.0,56,39
2026-05-21 15:30:43,2026-05-21,4,羽毛球馆-18号,20:30-21:30,1,1,已售/已满,已售,晴,25,23,4,0.0,57,40
2026-05-21 16:00:51,2026-05-21,4,羽毛球馆-18号,20:30-21:30,1,1,已售/已满,已售,晴,25,23,4,0.0,57,40
2026-05-21 16:30:48,2026-05-21,4,羽毛球馆-18号,20:30-21:30,1,1,已售/已满,已售,晴,25,24,3,0.0,60,39
2026-05-21 17:00:49,2026-05-21,4,羽毛球馆-18号,20:30-21:30,1,1,已售/已满,已售,晴,25,24,4,0.0,61,39
2026-05-21 17:30:47,2026-05-21,4,羽毛球馆-18号,20:30-21:30,1,1,已售/已满,已售,多云,24,23,3,0.0,64,39
2026-05-21 18:00:50,2026-05-21,4,羽毛球馆-18号,20:30-21:30,1,1,已售/已满,已售,多云,24,23,3,0.0,68,39
2026-05-21 18:30:50,2026-05-21,4,羽毛球馆-18号,20:30-21:30,1,1,已售/已满,已售,阴,24,25,2,0.0,68,40
2026-05-21 19:00:50,2026-05-21,4,羽毛球馆-18号,20:30-21:30,1,1,已售/已满,已售,阴,23,23,3,0.0,76,40
2026-05-21 19:30:46,2026-05-21,4,羽毛球馆-18号,20:30-21:30,1,1,已售/已满,已售,阴,23,24,2,0.0,77,39
2026-05-21 20:00:49,2026-05-21,4,羽毛球馆-18号,20:30-21:30,1,1,已售/已满,已售,雾,22,23,2,0.0,89,39
2026-05-21 20:30:44,2026-05-21,4,羽毛球馆-18号,20:30-21:30,1,1,已售/已满,已售,雾,22,24,2,0.0,93,43
2026-05-21 21:00:56,2026-05-21,4,羽毛球馆-18号,20:30-21:30,1,1,已售/已满,已售,雾,20,21,2,0.0,98,43
2026-05-21 21:30:46,2026-05-21,4,羽毛球馆-18号,20:30-21:30,1,1,已售/已满,已售,雾,20,22,1,0.0,99,41
2026-05-21 22:01:02,2026-05-21,4,羽毛球馆-18号,20:30-21:30,1,1,已售/已满,已售,雾,19,20,2,0.0,93,41
2026-05-21 22:30:47,2026-05-21,4,羽毛球馆-18号,20:30-21:30,1,1,已售/已满,已售,雾,19,19,3,0.0,88,46
2026-05-21 23:00:56,2026-05-21,4,羽毛球馆-18号,20:30-21:30,1,1,已售/已满,已售,多云,18,17,3,0.0,85,46
2026-05-21 23:30:55,2026-05-21,4,羽毛球馆-18号,20:30-21:30,1,1,已售/已满,已售,多云,18,17,3,0.0,85,48
2026-05-21 00:30:49,2026-05-21,4,羽毛球馆-19号,07:00-08:00,0,1,可预约,￥0.0,多云,15,13,3,0.0,100,26
2026-05-21 01:00:55,2026-05-21,4,羽毛球馆-19号,07:00-08:00,0,1,可预约,￥0.0,多云,15,12,4,0.0,100,26
2026-05-21 01:30:47,2026-05-21,4,羽毛球馆-19号,07:00-08:00,0,1,可预约,￥0.0,多云,15,13,4,0.0,100,28
2026-05-21 02:00:53,2026-05-21,4,羽毛球馆-19号,07:00-08:00,0,1,可预约,￥0.0,多云,15,12,4,0.0,100,28
2026-05-21 02:30:49,2026-05-21,4,羽毛球馆-19号,07:00-08:00,0,1,可预约,￥0.0,多云,15,14,3,0.0,100,29
2026-05-21 03:00:55,2026-05-21,4,羽毛球馆-19号,07:00-08:00,0,1,可预约,￥0.0,多云,15,12,4,0.0,100,29
2026-05-21 03:30:49,2026-05-21,4,羽毛球馆-19号,07:00-08:00,0,1,可预约,￥0.0,多云,15,14,3,0.0,100,30
2026-05-21 04:30:45,2026-05-21,4,羽毛球馆-19号,07:00-08:00,0,1,可预约,￥0.0,多云,15,12,4,0.0,100,29
2026-05-21 05:00:52,2026-05-21,4,羽毛球馆-19号,07:00-08:00,0,1,可预约,￥0.0,多云,15,12,4,0.0,100,29
2026-05-21 05:30:49,2026-05-21,4,羽毛球馆-19号,07:00-08:00,0,1,可预约,￥0.0,多云,15,13,3,0.0,100,28
2026-05-21 06:00:50,2026-05-21,4,羽毛球馆-19号,07:00-08:00,0,1,可预约,￥0.0,多云,15,13,4,0.0,99,28
2026-05-21 06:30:38,2026-05-21,4,羽毛球馆-19号,07:00-08:00,0,1,可预约,￥0.0,多云,15,13,3,0.0,97,28
2026-05-21 07:00:43,2026-05-21,4,羽毛球馆-19号,07:00-08:00,0,1,可预约,￥0.0,晴,15,11,5,0.0,93,28
2026-05-21 07:30:39,2026-05-21,4,羽毛球馆-19号,07:00-08:00,0,1,可预约,￥0.0,晴,17,13,4,0.0,89,29
2026-05-21 07:50:40,2026-05-21,4,羽毛球馆-19号,07:00-08:00,0,1,可预约,￥0.0,晴,17,13,4,0.0,88,29
2026-05-21 07:53:31,2026-05-21,4,羽毛球馆-19号,07:00-08:00,0,1,可预约,￥0.0,晴,17,12,5,0.0,86,29
2026-05-21 07:56:31,2026-05-21,4,羽毛球馆-19号,07:00-08:00,0,1,可预约,￥0.0,晴,17,12,5,0.0,86,29
2026-05-21 07:59:26,2026-05-21,4,羽毛球馆-19号,07:00-08:00,0,1,可预约,￥0.0,晴,17,12,5,0.0,86,29
2026-05-21 08:00:45,2026-05-21,4,羽毛球馆-19号,07:00-08:00,0,1,不开放/已过期,,晴,17,12,5,0.0,86,29
2026-05-21 08:02:30,2026-05-21,4,羽毛球馆-19号,07:00-08:00,0,1,不开放/已过期,,多云,17,12,5,0.0,87,29
2026-05-21 08:05:36,2026-05-21,4,羽毛球馆-19号,07:00-08:00,0,1,不开放/已过期,,多云,17,12,5,0.0,86,29
2026-05-21 08:08:31,2026-05-21,4,羽毛球馆-19号,07:00-08:00,0,1,不开放/已过期,,多云,17,12,5,0.0,86,29
2026-05-21 08:11:30,2026-05-21,4,羽毛球馆-19号,07:00-08:00,0,1,不开放/已过期,,多云,17,12,5,0.0,86,29
2026-05-21 08:14:31,2026-05-21,4,羽毛球馆-19号,07:00-08:00,0,1,不开放/已过期,,多云,17,12,5,0.0,86,29
2026-05-21 08:17:30,2026-05-21,4,羽毛球馆-19号,07:00-08:00,0,1,不开放/已过期,,多云,17,12,5,0.0,86,29
2026-05-21 08:20:35,2026-05-21,4,羽毛球馆-19号,07:00-08:00,0,1,不开放/已过期,,多云,17,14,4,0.0,85,29
2026-05-21 08:25:32,2026-05-21,4,羽毛球馆-19号,07:00-08:00,0,1,不开放/已过期,,多云,17,14,4,0.0,85,28
2026-05-21 08:30:42,2026-05-21,4,羽毛球馆-19号,07:00-08:00,0,1,不开放/已过期,,多云,18,15,4,0.0,84,28
2026-05-21 08:35:31,2026-05-21,4,羽毛球馆-19号,07:00-08:00,0,1,不开放/已过期,,多云,18,15,4,0.0,84,28
2026-05-21 08:40:38,2026-05-21,4,羽毛球馆-19号,07:00-08:00,0,1,不开放/已过期,,多云,18,15,4,0.0,82,28
2026-05-21 08:45:33,2026-05-21,4,羽毛球馆-19号,07:00-08:00,0,1,不开放/已过期,,多云,18,15,4,0.0,82,28
2026-05-21 08:50:36,2026-05-21,4,羽毛球馆-19号,07:00-08:00,0,1,不开放/已过期,,多云,18,15,4,0.0,82,28
2026-05-21 08:55:34,2026-05-21,4,羽毛球馆-19号,07:00-08:00,0,1,不开放/已过期,,多云,18,15,4,0.0,84,28
2026-05-21 09:00:51,2026-05-21,4,羽毛球馆-19号,07:00-08:00,0,1,不开放/已过期,,多云,18,15,4,0.0,84,28
2026-05-21 09:01:59,2026-05-21,4,羽毛球馆-19号,07:00-08:00,0,1,不开放/已过期,,多云,18,15,4,0.0,83,28
2026-05-21 09:05:33,2026-05-21,4,羽毛球馆-19号,07:00-08:00,0,1,不开放/已过期,,多云,18,15,4,0.0,83,28
2026-05-21 09:20:38,2026-05-21,4,羽毛球馆-19号,07:00-08:00,0,1,不开放/已过期,,多云,18,16,3,0.0,81,28
2026-05-21 09:30:46,2026-05-21,4,羽毛球馆-19号,07:00-08:00,0,1,不开放/已过期,,多云,18,16,3,0.0,81,32
2026-05-21 09:40:36,2026-05-21,4,羽毛球馆-19号,07:00-08:00,0,1,不开放/已过期,,多云,19,17,3,0.0,79,32
2026-05-21 09:50:42,2026-05-21,4,羽毛球馆-19号,07:00-08:00,0,1,不开放/已过期,,多云,19,17,4,0.0,81,32
2026-05-21 10:00:46,2026-05-21,4,羽毛球馆-19号,07:00-08:00,0,1,不开放/已过期,,多云,19,17,4,0.0,79,32
2026-05-21 10:10:40,2026-05-21,4,羽毛球馆-19号,07:00-08:00,0,1,不开放/已过期,,多云,19,17,4,0.0,79,32
2026-05-21 10:20:38,2026-05-21,4,羽毛球馆-19号,07:00-08:00,0,1,不开放/已过期,,多云,19,17,4,0.0,79,32
2026-05-21 10:30:41,2026-05-21,4,羽毛球馆-19号,07:00-08:00,0,1,不开放/已过期,,多云,19,18,3,0.0,78,31
2026-05-21 11:00:44,2026-05-21,4,羽毛球馆-19号,07:00-08:00,0,1,不开放/已过期,,多云,21,17,5,0.0,74,31
2026-05-21 11:30:38,2026-05-21,4,羽毛球馆-19号,07:00-08:00,0,1,不开放/已过期,,多云,21,19,3,0.0,72,33
2026-05-21 12:00:46,2026-05-21,4,羽毛球馆-19号,07:00-08:00,0,1,不开放/已过期,,多云,22,19,4,0.0,70,33
2026-05-21 12:30:42,2026-05-21,4,羽毛球馆-19号,07:00-08:00,0,1,不开放/已过期,,多云,22,21,3,0.0,68,35
2026-05-21 13:00:43,2026-05-21,4,羽毛球馆-19号,07:00-08:00,0,1,不开放/已过期,,多云,24,22,4,0.0,66,35
2026-05-21 13:30:43,2026-05-21,4,羽毛球馆-19号,07:00-08:00,0,1,不开放/已过期,,多云,24,22,4,0.0,66,36
2026-05-21 14:00:48,2026-05-21,4,羽毛球馆-19号,07:00-08:00,0,1,不开放/已过期,,多云,25,23,4,0.0,66,36
2026-05-21 14:30:45,2026-05-21,4,羽毛球馆-19号,07:00-08:00,0,1,不开放/已过期,,晴,25,25,3,0.0,65,39
2026-05-21 15:00:45,2026-05-21,4,羽毛球馆-19号,07:00-08:00,0,1,不开放/已过期,,晴,25,22,4,0.0,56,39
2026-05-21 15:30:43,2026-05-21,4,羽毛球馆-19号,07:00-08:00,0,1,不开放/已过期,,晴,25,23,4,0.0,57,40
2026-05-21 16:00:51,2026-05-21,4,羽毛球馆-19号,07:00-08:00,0,1,不开放/已过期,,晴,25,23,4,0.0,57,40
2026-05-21 16:30:48,2026-05-21,4,羽毛球馆-19号,07:00-08:00,0,1,不开放/已过期,,晴,25,24,3,0.0,60,39
2026-05-21 17:00:49,2026-05-21,4,羽毛球馆-19号,07:00-08:00,0,1,不开放/已过期,,晴,25,24,4,0.0,61,39
2026-05-21 17:30:47,2026-05-21,4,羽毛球馆-19号,07:00-08:00,0,1,不开放/已过期,,多云,24,23,3,0.0,64,39
2026-05-21 18:00:50,2026-05-21,4,羽毛球馆-19号,07:00-08:00,0,1,不开放/已过期,,多云,24,23,3,0.0,68,39
2026-05-21 18:30:50,2026-05-21,4,羽毛球馆-19号,07:00-08:00,0,1,不开放/已过期,,阴,24,25,2,0.0,68,40
2026-05-21 19:00:50,2026-05-21,4,羽毛球馆-19号,07:00-08:00,0,1,不开放/已过期,,阴,23,23,3,0.0,76,40
2026-05-21 19:30:46,2026-05-21,4,羽毛球馆-19号,07:00-08:00,0,1,不开放/已过期,,阴,23,24,2,0.0,77,39
2026-05-21 20:00:49,2026-05-21,4,羽毛球馆-19号,07:00-08:00,0,1,不开放/已过期,,雾,22,23,2,0.0,89,39
2026-05-21 20:30:44,2026-05-21,4,羽毛球馆-19号,07:00-08:00,0,1,不开放/已过期,,雾,22,24,2,0.0,93,43
2026-05-21 21:00:56,2026-05-21,4,羽毛球馆-19号,07:00-08:00,0,1,不开放/已过期,,雾,20,21,2,0.0,98,43
2026-05-21 21:30:46,2026-05-21,4,羽毛球馆-19号,07:00-08:00,0,1,不开放/已过期,,雾,20,22,1,0.0,99,41
2026-05-21 22:01:02,2026-05-21,4,羽毛球馆-19号,07:00-08:00,0,1,不开放/已过期,,雾,19,20,2,0.0,93,41
2026-05-21 22:30:47,2026-05-21,4,羽毛球馆-19号,07:00-08:00,0,1,不开放/已过期,,雾,19,19,3,0.0,88,46
2026-05-21 23:00:56,2026-05-21,4,羽毛球馆-19号,07:00-08:00,0,1,不开放/已过期,,多云,18,17,3,0.0,85,46
2026-05-21 23:30:55,2026-05-21,4,羽毛球馆-19号,07:00-08:00,0,1,不开放/已过期,,多云,18,17,3,0.0,85,48
2026-05-21 00:30:49,2026-05-21,4,羽毛球馆-19号,08:00-09:00,0,1,可预约,￥0.0,多云,15,13,3,0.0,100,26
2026-05-21 01:00:55,2026-05-21,4,羽毛球馆-19号,08:00-09:00,0,1,可预约,￥0.0,多云,15,12,4,0.0,100,26
2026-05-21 01:30:47,2026-05-21,4,羽毛球馆-19号,08:00-09:00,0,1,可预约,￥0.0,多云,15,13,4,0.0,100,28
2026-05-21 02:00:53,2026-05-21,4,羽毛球馆-19号,08:00-09:00,0,1,可预约,￥0.0,多云,15,12,4,0.0,100,28
2026-05-21 02:30:49,2026-05-21,4,羽毛球馆-19号,08:00-09:00,0,1,可预约,￥0.0,多云,15,14,3,0.0,100,29
2026-05-21 03:00:55,2026-05-21,4,羽毛球馆-19号,08:00-09:00,0,1,可预约,￥0.0,多云,15,12,4,0.0,100,29
2026-05-21 03:30:49,2026-05-21,4,羽毛球馆-19号,08:00-09:00,0,1,可预约,￥0.0,多云,15,14,3,0.0,100,30
2026-05-21 04:30:45,2026-05-21,4,羽毛球馆-19号,08:00-09:00,0,1,可预约,￥0.0,多云,15,12,4,0.0,100,29
2026-05-21 05:00:52,2026-05-21,4,羽毛球馆-19号,08:00-09:00,0,1,可预约,￥0.0,多云,15,12,4,0.0,100,29
2026-05-21 05:30:49,2026-05-21,4,羽毛球馆-19号,08:00-09:00,0,1,可预约,￥0.0,多云,15,13,3,0.0,100,28
2026-05-21 06:00:50,2026-05-21,4,羽毛球馆-19号,08:00-09:00,0,1,可预约,￥0.0,多云,15,13,4,0.0,99,28
2026-05-21 06:30:38,2026-05-21,4,羽毛球馆-19号,08:00-09:00,0,1,可预约,￥0.0,多云,15,13,3,0.0,97,28
2026-05-21 07:00:43,2026-05-21,4,羽毛球馆-19号,08:00-09:00,0,1,可预约,￥0.0,晴,15,11,5,0.0,93,28
2026-05-21 07:30:39,2026-05-21,4,羽毛球馆-19号,08:00-09:00,0,1,可预约,￥0.0,晴,17,13,4,0.0,89,29
2026-05-21 07:50:40,2026-05-21,4,羽毛球馆-19号,08:00-09:00,0,1,可预约,￥0.0,晴,17,13,4,0.0,88,29
2026-05-21 07:53:31,2026-05-21,4,羽毛球馆-19号,08:00-09:00,0,1,可预约,￥0.0,晴,17,12,5,0.0,86,29
2026-05-21 07:56:31,2026-05-21,4,羽毛球馆-19号,08:00-09:00,0,1,可预约,￥0.0,晴,17,12,5,0.0,86,29
2026-05-21 07:59:26,2026-05-21,4,羽毛球馆-19号,08:00-09:00,0,1,可预约,￥0.0,晴,17,12,5,0.0,86,29
2026-05-21 08:00:45,2026-05-21,4,羽毛球馆-19号,08:00-09:00,0,1,可预约,￥0.0,晴,17,12,5,0.0,86,29
2026-05-21 08:02:30,2026-05-21,4,羽毛球馆-19号,08:00-09:00,0,1,可预约,￥0.0,多云,17,12,5,0.0,87,29
2026-05-21 08:05:36,2026-05-21,4,羽毛球馆-19号,08:00-09:00,0,1,可预约,￥0.0,多云,17,12,5,0.0,86,29
2026-05-21 08:08:31,2026-05-21,4,羽毛球馆-19号,08:00-09:00,0,1,可预约,￥0.0,多云,17,12,5,0.0,86,29
2026-05-21 08:11:30,2026-05-21,4,羽毛球馆-19号,08:00-09:00,0,1,可预约,￥0.0,多云,17,12,5,0.0,86,29
2026-05-21 08:14:31,2026-05-21,4,羽毛球馆-19号,08:00-09:00,0,1,可预约,￥0.0,多云,17,12,5,0.0,86,29
2026-05-21 08:17:30,2026-05-21,4,羽毛球馆-19号,08:00-09:00,0,1,可预约,￥0.0,多云,17,12,5,0.0,86,29
2026-05-21 08:20:35,2026-05-21,4,羽毛球馆-19号,08:00-09:00,0,1,可预约,￥0.0,多云,17,14,4,0.0,85,29
2026-05-21 08:25:32,2026-05-21,4,羽毛球馆-19号,08:00-09:00,0,1,可预约,￥0.0,多云,17,14,4,0.0,85,28
2026-05-21 08:30:42,2026-05-21,4,羽毛球馆-19号,08:00-09:00,0,1,可预约,￥0.0,多云,18,15,4,0.0,84,28
2026-05-21 08:35:31,2026-05-21,4,羽毛球馆-19号,08:00-09:00,0,1,可预约,￥0.0,多云,18,15,4,0.0,84,28
2026-05-21 08:40:38,2026-05-21,4,羽毛球馆-19号,08:00-09:00,0,1,可预约,￥0.0,多云,18,15,4,0.0,82,28
2026-05-21 08:45:33,2026-05-21,4,羽毛球馆-19号,08:00-09:00,0,1,可预约,￥0.0,多云,18,15,4,0.0,82,28
2026-05-21 08:50:36,2026-05-21,4,羽毛球馆-19号,08:00-09:00,0,1,可预约,￥0.0,多云,18,15,4,0.0,82,28
2026-05-21 08:55:34,2026-05-21,4,羽毛球馆-19号,08:00-09:00,0,1,可预约,￥0.0,多云,18,15,4,0.0,84,28
2026-05-21 09:00:51,2026-05-21,4,羽毛球馆-19号,08:00-09:00,0,1,不开放/已过期,,多云,18,15,4,0.0,84,28
2026-05-21 09:01:59,2026-05-21,4,羽毛球馆-19号,08:00-09:00,0,1,不开放/已过期,,多云,18,15,4,0.0,83,28
2026-05-21 09:05:33,2026-05-21,4,羽毛球馆-19号,08:00-09:00,0,1,不开放/已过期,,多云,18,15,4,0.0,83,28
2026-05-21 09:20:38,2026-05-21,4,羽毛球馆-19号,08:00-09:00,0,1,不开放/已过期,,多云,18,16,3,0.0,81,28
2026-05-21 09:30:46,2026-05-21,4,羽毛球馆-19号,08:00-09:00,0,1,不开放/已过期,,多云,18,16,3,0.0,81,32
2026-05-21 09:40:36,2026-05-21,4,羽毛球馆-19号,08:00-09:00,0,1,不开放/已过期,,多云,19,17,3,0.0,79,32
2026-05-21 09:50:42,2026-05-21,4,羽毛球馆-19号,08:00-09:00,0,1,不开放/已过期,,多云,19,17,4,0.0,81,32
2026-05-21 10:00:46,2026-05-21,4,羽毛球馆-19号,08:00-09:00,0,1,不开放/已过期,,多云,19,17,4,0.0,79,32
2026-05-21 10:10:40,2026-05-21,4,羽毛球馆-19号,08:00-09:00,0,1,不开放/已过期,,多云,19,17,4,0.0,79,32
2026-05-21 10:20:38,2026-05-21,4,羽毛球馆-19号,08:00-09:00,0,1,不开放/已过期,,多云,19,17,4,0.0,79,32
2026-05-21 10:30:41,2026-05-21,4,羽毛球馆-19号,08:00-09:00,0,1,不开放/已过期,,多云,19,18,3,0.0,78,31
2026-05-21 11:00:44,2026-05-21,4,羽毛球馆-19号,08:00-09:00,0,1,不开放/已过期,,多云,21,17,5,0.0,74,31
2026-05-21 11:30:38,2026-05-21,4,羽毛球馆-19号,08:00-09:00,0,1,不开放/已过期,,多云,21,19,3,0.0,72,33
2026-05-21 12:00:46,2026-05-21,4,羽毛球馆-19号,08:00-09:00,0,1,不开放/已过期,,多云,22,19,4,0.0,70,33
2026-05-21 12:30:42,2026-05-21,4,羽毛球馆-19号,08:00-09:00,0,1,不开放/已过期,,多云,22,21,3,0.0,68,35
2026-05-21 13:00:43,2026-05-21,4,羽毛球馆-19号,08:00-09:00,0,1,不开放/已过期,,多云,24,22,4,0.0,66,35
2026-05-21 13:30:43,2026-05-21,4,羽毛球馆-19号,08:00-09:00,0,1,不开放/已过期,,多云,24,22,4,0.0,66,36
2026-05-21 14:00:48,2026-05-21,4,羽毛球馆-19号,08:00-09:00,0,1,不开放/已过期,,多云,25,23,4,0.0,66,36
2026-05-21 14:30:45,2026-05-21,4,羽毛球馆-19号,08:00-09:00,0,1,不开放/已过期,,晴,25,25,3,0.0,65,39
2026-05-21 15:00:45,2026-05-21,4,羽毛球馆-19号,08:00-09:00,0,1,不开放/已过期,,晴,25,22,4,0.0,56,39
2026-05-21 15:30:43,2026-05-21,4,羽毛球馆-19号,08:00-09:00,0,1,不开放/已过期,,晴,25,23,4,0.0,57,40
2026-05-21 16:00:51,2026-05-21,4,羽毛球馆-19号,08:00-09:00,0,1,不开放/已过期,,晴,25,23,4,0.0,57,40
2026-05-21 16:30:48,2026-05-21,4,羽毛球馆-19号,08:00-09:00,0,1,不开放/已过期,,晴,25,24,3,0.0,60,39
2026-05-21 17:00:49,2026-05-21,4,羽毛球馆-19号,08:00-09:00,0,1,不开放/已过期,,晴,25,24,4,0.0,61,39
2026-05-21 17:30:47,2026-05-21,4,羽毛球馆-19号,08:00-09:00,0,1,不开放/已过期,,多云,24,23,3,0.0,64,39
2026-05-21 18:00:50,2026-05-21,4,羽毛球馆-19号,08:00-09:00,0,1,不开放/已过期,,多云,24,23,3,0.0,68,39
2026-05-21 18:30:50,2026-05-21,4,羽毛球馆-19号,08:00-09:00,0,1,不开放/已过期,,阴,24,25,2,0.0,68,40
2026-05-21 19:00:50,2026-05-21,4,羽毛球馆-19号,08:00-09:00,0,1,不开放/已过期,,阴,23,23,3,0.0,76,40
2026-05-21 19:30:46,2026-05-21,4,羽毛球馆-19号,08:00-09:00,0,1,不开放/已过期,,阴,23,24,2,0.0,77,39
2026-05-21 20:00:49,2026-05-21,4,羽毛球馆-19号,08:00-09:00,0,1,不开放/已过期,,雾,22,23,2,0.0,89,39
2026-05-21 20:30:44,2026-05-21,4,羽毛球馆-19号,08:00-09:00,0,1,不开放/已过期,,雾,22,24,2,0.0,93,43
2026-05-21 21:00:56,2026-05-21,4,羽毛球馆-19号,08:00-09:00,0,1,不开放/已过期,,雾,20,21,2,0.0,98,43
2026-05-21 21:30:46,2026-05-21,4,羽毛球馆-19号,08:00-09:00,0,1,不开放/已过期,,雾,20,22,1,0.0,99,41
2026-05-21 22:01:02,2026-05-21,4,羽毛球馆-19号,08:00-09:00,0,1,不开放/已过期,,雾,19,20,2,0.0,93,41
2026-05-21 22:30:47,2026-05-21,4,羽毛球馆-19号,08:00-09:00,0,1,不开放/已过期,,雾,19,19,3,0.0,88,46
2026-05-21 23:00:56,2026-05-21,4,羽毛球馆-19号,08:00-09:00,0,1,不开放/已过期,,多云,18,17,3,0.0,85,46
2026-05-21 23:30:55,2026-05-21,4,羽毛球馆-19号,08:00-09:00,0,1,不开放/已过期,,多云,18,17,3,0.0,85,48
2026-05-21 00:30:49,2026-05-21,4,羽毛球馆-19号,09:00-10:00,0,1,可预约,￥12.0,多云,15,13,3,0.0,100,26
2026-05-21 01:00:55,2026-05-21,4,羽毛球馆-19号,09:00-10:00,0,1,可预约,￥12.0,多云,15,12,4,0.0,100,26
2026-05-21 01:30:47,2026-05-21,4,羽毛球馆-19号,09:00-10:00,0,1,可预约,￥12.0,多云,15,13,4,0.0,100,28
2026-05-21 02:00:53,2026-05-21,4,羽毛球馆-19号,09:00-10:00,0,1,可预约,￥12.0,多云,15,12,4,0.0,100,28
2026-05-21 02:30:49,2026-05-21,4,羽毛球馆-19号,09:00-10:00,0,1,可预约,￥12.0,多云,15,14,3,0.0,100,29
2026-05-21 03:00:55,2026-05-21,4,羽毛球馆-19号,09:00-10:00,0,1,可预约,￥12.0,多云,15,12,4,0.0,100,29
2026-05-21 03:30:49,2026-05-21,4,羽毛球馆-19号,09:00-10:00,0,1,可预约,￥12.0,多云,15,14,3,0.0,100,30
2026-05-21 04:30:45,2026-05-21,4,羽毛球馆-19号,09:00-10:00,0,1,可预约,￥12.0,多云,15,12,4,0.0,100,29
2026-05-21 05:00:52,2026-05-21,4,羽毛球馆-19号,09:00-10:00,0,1,可预约,￥12.0,多云,15,12,4,0.0,100,29
2026-05-21 05:30:49,2026-05-21,4,羽毛球馆-19号,09:00-10:00,0,1,可预约,￥12.0,多云,15,13,3,0.0,100,28
2026-05-21 06:00:50,2026-05-21,4,羽毛球馆-19号,09:00-10:00,0,1,可预约,￥12.0,多云,15,13,4,0.0,99,28
2026-05-21 06:30:38,2026-05-21,4,羽毛球馆-19号,09:00-10:00,0,1,可预约,￥12.0,多云,15,13,3,0.0,97,28
2026-05-21 07:00:43,2026-05-21,4,羽毛球馆-19号,09:00-10:00,0,1,可预约,￥12.0,晴,15,11,5,0.0,93,28
2026-05-21 07:30:39,2026-05-21,4,羽毛球馆-19号,09:00-10:00,0,1,可预约,￥12.0,晴,17,13,4,0.0,89,29
2026-05-21 07:50:40,2026-05-21,4,羽毛球馆-19号,09:00-10:00,0,1,可预约,￥12.0,晴,17,13,4,0.0,88,29
2026-05-21 07:53:31,2026-05-21,4,羽毛球馆-19号,09:00-10:00,0,1,可预约,￥12.0,晴,17,12,5,0.0,86,29
2026-05-21 07:56:31,2026-05-21,4,羽毛球馆-19号,09:00-10:00,0,1,可预约,￥12.0,晴,17,12,5,0.0,86,29
2026-05-21 07:59:26,2026-05-21,4,羽毛球馆-19号,09:00-10:00,0,1,可预约,￥12.0,晴,17,12,5,0.0,86,29
2026-05-21 08:00:45,2026-05-21,4,羽毛球馆-19号,09:00-10:00,0,1,可预约,￥12.0,晴,17,12,5,0.0,86,29
2026-05-21 08:02:30,2026-05-21,4,羽毛球馆-19号,09:00-10:00,0,1,可预约,￥12.0,多云,17,12,5,0.0,87,29
2026-05-21 08:05:36,2026-05-21,4,羽毛球馆-19号,09:00-10:00,0,1,可预约,￥12.0,多云,17,12,5,0.0,86,29
2026-05-21 08:08:31,2026-05-21,4,羽毛球馆-19号,09:00-10:00,0,1,可预约,￥12.0,多云,17,12,5,0.0,86,29
2026-05-21 08:11:30,2026-05-21,4,羽毛球馆-19号,09:00-10:00,0,1,可预约,￥12.0,多云,17,12,5,0.0,86,29
2026-05-21 08:14:31,2026-05-21,4,羽毛球馆-19号,09:00-10:00,0,1,可预约,￥12.0,多云,17,12,5,0.0,86,29
2026-05-21 08:17:30,2026-05-21,4,羽毛球馆-19号,09:00-10:00,0,1,可预约,￥12.0,多云,17,12,5,0.0,86,29
2026-05-21 08:20:35,2026-05-21,4,羽毛球馆-19号,09:00-10:00,0,1,可预约,￥12.0,多云,17,14,4,0.0,85,29
2026-05-21 08:25:32,2026-05-21,4,羽毛球馆-19号,09:00-10:00,0,1,可预约,￥12.0,多云,17,14,4,0.0,85,28
2026-05-21 08:30:42,2026-05-21,4,羽毛球馆-19号,09:00-10:00,0,1,可预约,￥12.0,多云,18,15,4,0.0,84,28
2026-05-21 08:35:31,2026-05-21,4,羽毛球馆-19号,09:00-10:00,0,1,可预约,￥12.0,多云,18,15,4,0.0,84,28
2026-05-21 08:40:38,2026-05-21,4,羽毛球馆-19号,09:00-10:00,0,1,可预约,￥12.0,多云,18,15,4,0.0,82,28
2026-05-21 08:45:33,2026-05-21,4,羽毛球馆-19号,09:00-10:00,0,1,可预约,￥12.0,多云,18,15,4,0.0,82,28
2026-05-21 08:50:36,2026-05-21,4,羽毛球馆-19号,09:00-10:00,0,1,可预约,￥12.0,多云,18,15,4,0.0,82,28
2026-05-21 08:55:34,2026-05-21,4,羽毛球馆-19号,09:00-10:00,0,1,可预约,￥12.0,多云,18,15,4,0.0,84,28
2026-05-21 09:00:51,2026-05-21,4,羽毛球馆-19号,09:00-10:00,0,1,可预约,￥12.0,多云,18,15,4,0.0,84,28
2026-05-21 09:01:59,2026-05-21,4,羽毛球馆-19号,09:00-10:00,0,1,可预约,￥12.0,多云,18,15,4,0.0,83,28
2026-05-21 09:05:33,2026-05-21,4,羽毛球馆-19号,09:00-10:00,0,1,可预约,￥12.0,多云,18,15,4,0.0,83,28
2026-05-21 09:20:38,2026-05-21,4,羽毛球馆-19号,09:00-10:00,0,1,可预约,￥12.0,多云,18,16,3,0.0,81,28
2026-05-21 09:30:46,2026-05-21,4,羽毛球馆-19号,09:00-10:00,0,1,可预约,￥12.0,多云,18,16,3,0.0,81,32
2026-05-21 09:40:36,2026-05-21,4,羽毛球馆-19号,09:00-10:00,0,1,可预约,￥12.0,多云,19,17,3,0.0,79,32
2026-05-21 09:50:42,2026-05-21,4,羽毛球馆-19号,09:00-10:00,0,1,可预约,￥12.0,多云,19,17,4,0.0,81,32
2026-05-21 10:00:46,2026-05-21,4,羽毛球馆-19号,09:00-10:00,0,1,不开放/已过期,,多云,19,17,4,0.0,79,32
2026-05-21 10:10:40,2026-05-21,4,羽毛球馆-19号,09:00-10:00,0,1,不开放/已过期,,多云,19,17,4,0.0,79,32
2026-05-21 10:20:38,2026-05-21,4,羽毛球馆-19号,09:00-10:00,0,1,不开放/已过期,,多云,19,17,4,0.0,79,32
2026-05-21 10:30:41,2026-05-21,4,羽毛球馆-19号,09:00-10:00,0,1,不开放/已过期,,多云,19,18,3,0.0,78,31
2026-05-21 11:00:44,2026-05-21,4,羽毛球馆-19号,09:00-10:00,0,1,不开放/已过期,,多云,21,17,5,0.0,74,31
2026-05-21 11:30:38,2026-05-21,4,羽毛球馆-19号,09:00-10:00,0,1,不开放/已过期,,多云,21,19,3,0.0,72,33
2026-05-21 12:00:46,2026-05-21,4,羽毛球馆-19号,09:00-10:00,0,1,不开放/已过期,,多云,22,19,4,0.0,70,33
2026-05-21 12:30:42,2026-05-21,4,羽毛球馆-19号,09:00-10:00,0,1,不开放/已过期,,多云,22,21,3,0.0,68,35
2026-05-21 13:00:43,2026-05-21,4,羽毛球馆-19号,09:00-10:00,0,1,不开放/已过期,,多云,24,22,4,0.0,66,35
2026-05-21 13:30:43,2026-05-21,4,羽毛球馆-19号,09:00-10:00,0,1,不开放/已过期,,多云,24,22,4,0.0,66,36
2026-05-21 14:00:48,2026-05-21,4,羽毛球馆-19号,09:00-10:00,0,1,不开放/已过期,,多云,25,23,4,0.0,66,36
2026-05-21 14:30:45,2026-05-21,4,羽毛球馆-19号,09:00-10:00,0,1,不开放/已过期,,晴,25,25,3,0.0,65,39
2026-05-21 15:00:45,2026-05-21,4,羽毛球馆-19号,09:00-10:00,0,1,不开放/已过期,,晴,25,22,4,0.0,56,39
2026-05-21 15:30:43,2026-05-21,4,羽毛球馆-19号,09:00-10:00,0,1,不开放/已过期,,晴,25,23,4,0.0,57,40
2026-05-21 16:00:51,2026-05-21,4,羽毛球馆-19号,09:00-10:00,0,1,不开放/已过期,,晴,25,23,4,0.0,57,40
2026-05-21 16:30:48,2026-05-21,4,羽毛球馆-19号,09:00-10:00,0,1,不开放/已过期,,晴,25,24,3,0.0,60,39
2026-05-21 17:00:49,2026-05-21,4,羽毛球馆-19号,09:00-10:00,0,1,不开放/已过期,,晴,25,24,4,0.0,61,39
2026-05-21 17:30:47,2026-05-21,4,羽毛球馆-19号,09:00-10:00,0,1,不开放/已过期,,多云,24,23,3,0.0,64,39
2026-05-21 18:00:50,2026-05-21,4,羽毛球馆-19号,09:00-10:00,0,1,不开放/已过期,,多云,24,23,3,0.0,68,39
2026-05-21 18:30:50,2026-05-21,4,羽毛球馆-19号,09:00-10:00,0,1,不开放/已过期,,阴,24,25,2,0.0,68,40
2026-05-21 19:00:50,2026-05-21,4,羽毛球馆-19号,09:00-10:00,0,1,不开放/已过期,,阴,23,23,3,0.0,76,40
2026-05-21 19:30:46,2026-05-21,4,羽毛球馆-19号,09:00-10:00,0,1,不开放/已过期,,阴,23,24,2,0.0,77,39
2026-05-21 20:00:49,2026-05-21,4,羽毛球馆-19号,09:00-10:00,0,1,不开放/已过期,,雾,22,23,2,0.0,89,39
2026-05-21 20:30:44,2026-05-21,4,羽毛球馆-19号,09:00-10:00,0,1,不开放/已过期,,雾,22,24,2,0.0,93,43
2026-05-21 21:00:56,2026-05-21,4,羽毛球馆-19号,09:00-10:00,0,1,不开放/已过期,,雾,20,21,2,0.0,98,43
2026-05-21 21:30:46,2026-05-21,4,羽毛球馆-19号,09:00-10:00,0,1,不开放/已过期,,雾,20,22,1,0.0,99,41
2026-05-21 22:01:02,2026-05-21,4,羽毛球馆-19号,09:00-10:00,0,1,不开放/已过期,,雾,19,20,2,0.0,93,41
2026-05-21 22:30:47,2026-05-21,4,羽毛球馆-19号,09:00-10:00,0,1,不开放/已过期,,雾,19,19,3,0.0,88,46
2026-05-21 23:00:56,2026-05-21,4,羽毛球馆-19号,09:00-10:00,0,1,不开放/已过期,,多云,18,17,3,0.0,85,46
2026-05-21 23:30:55,2026-05-21,4,羽毛球馆-19号,09:00-10:00,0,1,不开放/已过期,,多云,18,17,3,0.0,85,48
2026-05-21 00:30:49,2026-05-21,4,羽毛球馆-19号,10:00-11:00,1,1,已售/已满,教学时间,多云,15,13,3,0.0,100,26
2026-05-21 01:00:55,2026-05-21,4,羽毛球馆-19号,10:00-11:00,1,1,已售/已满,教学时间,多云,15,12,4,0.0,100,26
2026-05-21 01:30:47,2026-05-21,4,羽毛球馆-19号,10:00-11:00,1,1,已售/已满,教学时间,多云,15,13,4,0.0,100,28
2026-05-21 02:00:53,2026-05-21,4,羽毛球馆-19号,10:00-11:00,1,1,已售/已满,教学时间,多云,15,12,4,0.0,100,28
2026-05-21 02:30:49,2026-05-21,4,羽毛球馆-19号,10:00-11:00,1,1,已售/已满,教学时间,多云,15,14,3,0.0,100,29
2026-05-21 03:00:55,2026-05-21,4,羽毛球馆-19号,10:00-11:00,1,1,已售/已满,教学时间,多云,15,12,4,0.0,100,29
2026-05-21 03:30:49,2026-05-21,4,羽毛球馆-19号,10:00-11:00,1,1,已售/已满,教学时间,多云,15,14,3,0.0,100,30
2026-05-21 04:30:45,2026-05-21,4,羽毛球馆-19号,10:00-11:00,1,1,已售/已满,教学时间,多云,15,12,4,0.0,100,29
2026-05-21 05:00:52,2026-05-21,4,羽毛球馆-19号,10:00-11:00,1,1,已售/已满,教学时间,多云,15,12,4,0.0,100,29
2026-05-21 05:30:49,2026-05-21,4,羽毛球馆-19号,10:00-11:00,1,1,已售/已满,教学时间,多云,15,13,3,0.0,100,28
2026-05-21 06:00:50,2026-05-21,4,羽毛球馆-19号,10:00-11:00,1,1,已售/已满,教学时间,多云,15,13,4,0.0,99,28
2026-05-21 06:30:38,2026-05-21,4,羽毛球馆-19号,10:00-11:00,1,1,已售/已满,教学时间,多云,15,13,3,0.0,97,28
2026-05-21 07:00:43,2026-05-21,4,羽毛球馆-19号,10:00-11:00,1,1,已售/已满,教学时间,晴,15,11,5,0.0,93,28
2026-05-21 07:30:39,2026-05-21,4,羽毛球馆-19号,10:00-11:00,1,1,已售/已满,教学时间,晴,17,13,4,0.0,89,29
2026-05-21 07:50:40,2026-05-21,4,羽毛球馆-19号,10:00-11:00,1,1,已售/已满,教学时间,晴,17,13,4,0.0,88,29
2026-05-21 07:53:31,2026-05-21,4,羽毛球馆-19号,10:00-11:00,1,1,已售/已满,教学时间,晴,17,12,5,0.0,86,29
2026-05-21 07:56:31,2026-05-21,4,羽毛球馆-19号,10:00-11:00,1,1,已售/已满,教学时间,晴,17,12,5,0.0,86,29
2026-05-21 07:59:26,2026-05-21,4,羽毛球馆-19号,10:00-11:00,1,1,已售/已满,教学时间,晴,17,12,5,0.0,86,29
2026-05-21 08:00:45,2026-05-21,4,羽毛球馆-19号,10:00-11:00,1,1,已售/已满,教学时间,晴,17,12,5,0.0,86,29
2026-05-21 08:02:30,2026-05-21,4,羽毛球馆-19号,10:00-11:00,1,1,已售/已满,教学时间,多云,17,12,5,0.0,87,29
2026-05-21 08:05:36,2026-05-21,4,羽毛球馆-19号,10:00-11:00,1,1,已售/已满,教学时间,多云,17,12,5,0.0,86,29
2026-05-21 08:08:31,2026-05-21,4,羽毛球馆-19号,10:00-11:00,1,1,已售/已满,教学时间,多云,17,12,5,0.0,86,29
2026-05-21 08:11:30,2026-05-21,4,羽毛球馆-19号,10:00-11:00,1,1,已售/已满,教学时间,多云,17,12,5,0.0,86,29
2026-05-21 08:14:31,2026-05-21,4,羽毛球馆-19号,10:00-11:00,1,1,已售/已满,教学时间,多云,17,12,5,0.0,86,29
2026-05-21 08:17:30,2026-05-21,4,羽毛球馆-19号,10:00-11:00,1,1,已售/已满,教学时间,多云,17,12,5,0.0,86,29
2026-05-21 08:20:35,2026-05-21,4,羽毛球馆-19号,10:00-11:00,1,1,已售/已满,教学时间,多云,17,14,4,0.0,85,29
2026-05-21 08:25:32,2026-05-21,4,羽毛球馆-19号,10:00-11:00,1,1,已售/已满,教学时间,多云,17,14,4,0.0,85,28
2026-05-21 08:30:42,2026-05-21,4,羽毛球馆-19号,10:00-11:00,1,1,已售/已满,教学时间,多云,18,15,4,0.0,84,28
2026-05-21 08:35:31,2026-05-21,4,羽毛球馆-19号,10:00-11:00,1,1,已售/已满,教学时间,多云,18,15,4,0.0,84,28
2026-05-21 08:40:38,2026-05-21,4,羽毛球馆-19号,10:00-11:00,1,1,已售/已满,教学时间,多云,18,15,4,0.0,82,28
2026-05-21 08:45:33,2026-05-21,4,羽毛球馆-19号,10:00-11:00,1,1,已售/已满,教学时间,多云,18,15,4,0.0,82,28
2026-05-21 08:50:36,2026-05-21,4,羽毛球馆-19号,10:00-11:00,1,1,已售/已满,教学时间,多云,18,15,4,0.0,82,28
2026-05-21 08:55:34,2026-05-21,4,羽毛球馆-19号,10:00-11:00,1,1,已售/已满,教学时间,多云,18,15,4,0.0,84,28
2026-05-21 09:00:51,2026-05-21,4,羽毛球馆-19号,10:00-11:00,1,1,已售/已满,教学时间,多云,18,15,4,0.0,84,28
2026-05-21 09:01:59,2026-05-21,4,羽毛球馆-19号,10:00-11:00,1,1,已售/已满,教学时间,多云,18,15,4,0.0,83,28
2026-05-21 09:05:33,2026-05-21,4,羽毛球馆-19号,10:00-11:00,1,1,已售/已满,教学时间,多云,18,15,4,0.0,83,28
2026-05-21 09:20:38,2026-05-21,4,羽毛球馆-19号,10:00-11:00,1,1,已售/已满,教学时间,多云,18,16,3,0.0,81,28
2026-05-21 09:30:46,2026-05-21,4,羽毛球馆-19号,10:00-11:00,1,1,已售/已满,教学时间,多云,18,16,3,0.0,81,32
2026-05-21 09:40:36,2026-05-21,4,羽毛球馆-19号,10:00-11:00,1,1,已售/已满,教学时间,多云,19,17,3,0.0,79,32
2026-05-21 09:50:42,2026-05-21,4,羽毛球馆-19号,10:00-11:00,1,1,已售/已满,教学时间,多云,19,17,4,0.0,81,32
2026-05-21 10:00:46,2026-05-21,4,羽毛球馆-19号,10:00-11:00,1,1,已售/已满,教学时间,多云,19,17,4,0.0,79,32
2026-05-21 10:10:40,2026-05-21,4,羽毛球馆-19号,10:00-11:00,1,1,已售/已满,教学时间,多云,19,17,4,0.0,79,32
2026-05-21 10:20:38,2026-05-21,4,羽毛球馆-19号,10:00-11:00,1,1,已售/已满,教学时间,多云,19,17,4,0.0,79,32
2026-05-21 10:30:41,2026-05-21,4,羽毛球馆-19号,10:00-11:00,1,1,已售/已满,教学时间,多云,19,18,3,0.0,78,31
2026-05-21 11:00:44,2026-05-21,4,羽毛球馆-19号,10:00-11:00,1,1,已售/已满,教学时间,多云,21,17,5,0.0,74,31
2026-05-21 11:30:38,2026-05-21,4,羽毛球馆-19号,10:00-11:00,1,1,已售/已满,教学时间,多云,21,19,3,0.0,72,33
2026-05-21 12:00:46,2026-05-21,4,羽毛球馆-19号,10:00-11:00,1,1,已售/已满,教学时间,多云,22,19,4,0.0,70,33
2026-05-21 12:30:42,2026-05-21,4,羽毛球馆-19号,10:00-11:00,1,1,已售/已满,教学时间,多云,22,21,3,0.0,68,35
2026-05-21 13:00:43,2026-05-21,4,羽毛球馆-19号,10:00-11:00,1,1,已售/已满,教学时间,多云,24,22,4,0.0,66,35
2026-05-21 13:30:43,2026-05-21,4,羽毛球馆-19号,10:00-11:00,1,1,已售/已满,教学时间,多云,24,22,4,0.0,66,36
2026-05-21 14:00:48,2026-05-21,4,羽毛球馆-19号,10:00-11:00,1,1,已售/已满,教学时间,多云,25,23,4,0.0,66,36
2026-05-21 14:30:45,2026-05-21,4,羽毛球馆-19号,10:00-11:00,1,1,已售/已满,教学时间,晴,25,25,3,0.0,65,39
2026-05-21 15:00:45,2026-05-21,4,羽毛球馆-19号,10:00-11:00,1,1,已售/已满,教学时间,晴,25,22,4,0.0,56,39
2026-05-21 15:30:43,2026-05-21,4,羽毛球馆-19号,10:00-11:00,1,1,已售/已满,教学时间,晴,25,23,4,0.0,57,40
2026-05-21 16:00:51,2026-05-21,4,羽毛球馆-19号,10:00-11:00,1,1,已售/已满,教学时间,晴,25,23,4,0.0,57,40
2026-05-21 16:30:48,2026-05-21,4,羽毛球馆-19号,10:00-11:00,1,1,已售/已满,教学时间,晴,25,24,3,0.0,60,39
2026-05-21 17:00:49,2026-05-21,4,羽毛球馆-19号,10:00-11:00,1,1,已售/已满,教学时间,晴,25,24,4,0.0,61,39
2026-05-21 17:30:47,2026-05-21,4,羽毛球馆-19号,10:00-11:00,1,1,已售/已满,教学时间,多云,24,23,3,0.0,64,39
2026-05-21 18:00:50,2026-05-21,4,羽毛球馆-19号,10:00-11:00,1,1,已售/已满,教学时间,多云,24,23,3,0.0,68,39
2026-05-21 18:30:50,2026-05-21,4,羽毛球馆-19号,10:00-11:00,1,1,已售/已满,教学时间,阴,24,25,2,0.0,68,40
2026-05-21 19:00:50,2026-05-21,4,羽毛球馆-19号,10:00-11:00,1,1,已售/已满,教学时间,阴,23,23,3,0.0,76,40
2026-05-21 19:30:46,2026-05-21,4,羽毛球馆-19号,10:00-11:00,1,1,已售/已满,教学时间,阴,23,24,2,0.0,77,39
2026-05-21 20:00:49,2026-05-21,4,羽毛球馆-19号,10:00-11:00,1,1,已售/已满,教学时间,雾,22,23,2,0.0,89,39
2026-05-21 20:30:44,2026-05-21,4,羽毛球馆-19号,10:00-11:00,1,1,已售/已满,教学时间,雾,22,24,2,0.0,93,43
2026-05-21 21:00:56,2026-05-21,4,羽毛球馆-19号,10:00-11:00,1,1,已售/已满,教学时间,雾,20,21,2,0.0,98,43
2026-05-21 21:30:46,2026-05-21,4,羽毛球馆-19号,10:00-11:00,1,1,已售/已满,教学时间,雾,20,22,1,0.0,99,41
2026-05-21 22:01:02,2026-05-21,4,羽毛球馆-19号,10:00-11:00,1,1,已售/已满,教学时间,雾,19,20,2,0.0,93,41
2026-05-21 22:30:47,2026-05-21,4,羽毛球馆-19号,10:00-11:00,1,1,已售/已满,教学时间,雾,19,19,3,0.0,88,46
2026-05-21 23:00:56,2026-05-21,4,羽毛球馆-19号,10:00-11:00,1,1,已售/已满,教学时间,多云,18,17,3,0.0,85,46
2026-05-21 23:30:55,2026-05-21,4,羽毛球馆-19号,10:00-11:00,1,1,已售/已满,教学时间,多云,18,17,3,0.0,85,48
2026-05-21 00:30:49,2026-05-21,4,羽毛球馆-19号,11:00-12:00,1,1,已售/已满,教学时间,多云,15,13,3,0.0,100,26
2026-05-21 01:00:55,2026-05-21,4,羽毛球馆-19号,11:00-12:00,1,1,已售/已满,教学时间,多云,15,12,4,0.0,100,26
2026-05-21 01:30:47,2026-05-21,4,羽毛球馆-19号,11:00-12:00,1,1,已售/已满,教学时间,多云,15,13,4,0.0,100,28
2026-05-21 02:00:53,2026-05-21,4,羽毛球馆-19号,11:00-12:00,1,1,已售/已满,教学时间,多云,15,12,4,0.0,100,28
2026-05-21 02:30:49,2026-05-21,4,羽毛球馆-19号,11:00-12:00,1,1,已售/已满,教学时间,多云,15,14,3,0.0,100,29
2026-05-21 03:00:55,2026-05-21,4,羽毛球馆-19号,11:00-12:00,1,1,已售/已满,教学时间,多云,15,12,4,0.0,100,29
2026-05-21 03:30:49,2026-05-21,4,羽毛球馆-19号,11:00-12:00,1,1,已售/已满,教学时间,多云,15,14,3,0.0,100,30
2026-05-21 04:30:45,2026-05-21,4,羽毛球馆-19号,11:00-12:00,1,1,已售/已满,教学时间,多云,15,12,4,0.0,100,29
2026-05-21 05:00:52,2026-05-21,4,羽毛球馆-19号,11:00-12:00,1,1,已售/已满,教学时间,多云,15,12,4,0.0,100,29
2026-05-21 05:30:49,2026-05-21,4,羽毛球馆-19号,11:00-12:00,1,1,已售/已满,教学时间,多云,15,13,3,0.0,100,28
2026-05-21 06:00:50,2026-05-21,4,羽毛球馆-19号,11:00-12:00,1,1,已售/已满,教学时间,多云,15,13,4,0.0,99,28
2026-05-21 06:30:38,2026-05-21,4,羽毛球馆-19号,11:00-12:00,1,1,已售/已满,教学时间,多云,15,13,3,0.0,97,28
2026-05-21 07:00:43,2026-05-21,4,羽毛球馆-19号,11:00-12:00,1,1,已售/已满,教学时间,晴,15,11,5,0.0,93,28
2026-05-21 07:30:39,2026-05-21,4,羽毛球馆-19号,11:00-12:00,1,1,已售/已满,教学时间,晴,17,13,4,0.0,89,29
2026-05-21 07:50:40,2026-05-21,4,羽毛球馆-19号,11:00-12:00,1,1,已售/已满,教学时间,晴,17,13,4,0.0,88,29
2026-05-21 07:53:31,2026-05-21,4,羽毛球馆-19号,11:00-12:00,1,1,已售/已满,教学时间,晴,17,12,5,0.0,86,29
2026-05-21 07:56:31,2026-05-21,4,羽毛球馆-19号,11:00-12:00,1,1,已售/已满,教学时间,晴,17,12,5,0.0,86,29
2026-05-21 07:59:26,2026-05-21,4,羽毛球馆-19号,11:00-12:00,1,1,已售/已满,教学时间,晴,17,12,5,0.0,86,29
2026-05-21 08:00:45,2026-05-21,4,羽毛球馆-19号,11:00-12:00,1,1,已售/已满,教学时间,晴,17,12,5,0.0,86,29
2026-05-21 08:02:30,2026-05-21,4,羽毛球馆-19号,11:00-12:00,1,1,已售/已满,教学时间,多云,17,12,5,0.0,87,29
2026-05-21 08:05:36,2026-05-21,4,羽毛球馆-19号,11:00-12:00,1,1,已售/已满,教学时间,多云,17,12,5,0.0,86,29
2026-05-21 08:08:31,2026-05-21,4,羽毛球馆-19号,11:00-12:00,1,1,已售/已满,教学时间,多云,17,12,5,0.0,86,29
2026-05-21 08:11:30,2026-05-21,4,羽毛球馆-19号,11:00-12:00,1,1,已售/已满,教学时间,多云,17,12,5,0.0,86,29
2026-05-21 08:14:31,2026-05-21,4,羽毛球馆-19号,11:00-12:00,1,1,已售/已满,教学时间,多云,17,12,5,0.0,86,29
2026-05-21 08:17:30,2026-05-21,4,羽毛球馆-19号,11:00-12:00,1,1,已售/已满,教学时间,多云,17,12,5,0.0,86,29
2026-05-21 08:20:35,2026-05-21,4,羽毛球馆-19号,11:00-12:00,1,1,已售/已满,教学时间,多云,17,14,4,0.0,85,29
2026-05-21 08:25:32,2026-05-21,4,羽毛球馆-19号,11:00-12:00,1,1,已售/已满,教学时间,多云,17,14,4,0.0,85,28
2026-05-21 08:30:42,2026-05-21,4,羽毛球馆-19号,11:00-12:00,1,1,已售/已满,教学时间,多云,18,15,4,0.0,84,28
2026-05-21 08:35:31,2026-05-21,4,羽毛球馆-19号,11:00-12:00,1,1,已售/已满,教学时间,多云,18,15,4,0.0,84,28
2026-05-21 08:40:38,2026-05-21,4,羽毛球馆-19号,11:00-12:00,1,1,已售/已满,教学时间,多云,18,15,4,0.0,82,28
2026-05-21 08:45:33,2026-05-21,4,羽毛球馆-19号,11:00-12:00,1,1,已售/已满,教学时间,多云,18,15,4,0.0,82,28
2026-05-21 08:50:36,2026-05-21,4,羽毛球馆-19号,11:00-12:00,1,1,已售/已满,教学时间,多云,18,15,4,0.0,82,28
2026-05-21 08:55:34,2026-05-21,4,羽毛球馆-19号,11:00-12:00,1,1,已售/已满,教学时间,多云,18,15,4,0.0,84,28
2026-05-21 09:00:51,2026-05-21,4,羽毛球馆-19号,11:00-12:00,1,1,已售/已满,教学时间,多云,18,15,4,0.0,84,28
2026-05-21 09:01:59,2026-05-21,4,羽毛球馆-19号,11:00-12:00,1,1,已售/已满,教学时间,多云,18,15,4,0.0,83,28
2026-05-21 09:05:33,2026-05-21,4,羽毛球馆-19号,11:00-12:00,1,1,已售/已满,教学时间,多云,18,15,4,0.0,83,28
2026-05-21 09:20:38,2026-05-21,4,羽毛球馆-19号,11:00-12:00,1,1,已售/已满,教学时间,多云,18,16,3,0.0,81,28
2026-05-21 09:30:46,2026-05-21,4,羽毛球馆-19号,11:00-12:00,1,1,已售/已满,教学时间,多云,18,16,3,0.0,81,32
2026-05-21 09:40:36,2026-05-21,4,羽毛球馆-19号,11:00-12:00,1,1,已售/已满,教学时间,多云,19,17,3,0.0,79,32
2026-05-21 09:50:42,2026-05-21,4,羽毛球馆-19号,11:00-12:00,1,1,已售/已满,教学时间,多云,19,17,4,0.0,81,32
2026-05-21 10:00:46,2026-05-21,4,羽毛球馆-19号,11:00-12:00,1,1,已售/已满,教学时间,多云,19,17,4,0.0,79,32
2026-05-21 10:10:40,2026-05-21,4,羽毛球馆-19号,11:00-12:00,1,1,已售/已满,教学时间,多云,19,17,4,0.0,79,32
2026-05-21 10:20:38,2026-05-21,4,羽毛球馆-19号,11:00-12:00,1,1,已售/已满,教学时间,多云,19,17,4,0.0,79,32
2026-05-21 10:30:41,2026-05-21,4,羽毛球馆-19号,11:00-12:00,1,1,已售/已满,教学时间,多云,19,18,3,0.0,78,31
2026-05-21 11:00:44,2026-05-21,4,羽毛球馆-19号,11:00-12:00,1,1,已售/已满,教学时间,多云,21,17,5,0.0,74,31
2026-05-21 11:30:38,2026-05-21,4,羽毛球馆-19号,11:00-12:00,1,1,已售/已满,教学时间,多云,21,19,3,0.0,72,33
2026-05-21 12:00:46,2026-05-21,4,羽毛球馆-19号,11:00-12:00,1,1,已售/已满,教学时间,多云,22,19,4,0.0,70,33
2026-05-21 12:30:42,2026-05-21,4,羽毛球馆-19号,11:00-12:00,1,1,已售/已满,教学时间,多云,22,21,3,0.0,68,35
2026-05-21 13:00:43,2026-05-21,4,羽毛球馆-19号,11:00-12:00,1,1,已售/已满,教学时间,多云,24,22,4,0.0,66,35
2026-05-21 13:30:43,2026-05-21,4,羽毛球馆-19号,11:00-12:00,1,1,已售/已满,教学时间,多云,24,22,4,0.0,66,36
2026-05-21 14:00:48,2026-05-21,4,羽毛球馆-19号,11:00-12:00,1,1,已售/已满,教学时间,多云,25,23,4,0.0,66,36
2026-05-21 14:30:45,2026-05-21,4,羽毛球馆-19号,11:00-12:00,1,1,已售/已满,教学时间,晴,25,25,3,0.0,65,39
2026-05-21 15:00:45,2026-05-21,4,羽毛球馆-19号,11:00-12:00,1,1,已售/已满,教学时间,晴,25,22,4,0.0,56,39
2026-05-21 15:30:43,2026-05-21,4,羽毛球馆-19号,11:00-12:00,1,1,已售/已满,教学时间,晴,25,23,4,0.0,57,40
2026-05-21 16:00:51,2026-05-21,4,羽毛球馆-19号,11:00-12:00,1,1,已售/已满,教学时间,晴,25,23,4,0.0,57,40
2026-05-21 16:30:48,2026-05-21,4,羽毛球馆-19号,11:00-12:00,1,1,已售/已满,教学时间,晴,25,24,3,0.0,60,39
2026-05-21 17:00:49,2026-05-21,4,羽毛球馆-19号,11:00-12:00,1,1,已售/已满,教学时间,晴,25,24,4,0.0,61,39
2026-05-21 17:30:47,2026-05-21,4,羽毛球馆-19号,11:00-12:00,1,1,已售/已满,教学时间,多云,24,23,3,0.0,64,39
2026-05-21 18:00:50,2026-05-21,4,羽毛球馆-19号,11:00-12:00,1,1,已售/已满,教学时间,多云,24,23,3,0.0,68,39
2026-05-21 18:30:50,2026-05-21,4,羽毛球馆-19号,11:00-12:00,1,1,已售/已满,教学时间,阴,24,25,2,0.0,68,40
2026-05-21 19:00:50,2026-05-21,4,羽毛球馆-19号,11:00-12:00,1,1,已售/已满,教学时间,阴,23,23,3,0.0,76,40
2026-05-21 19:30:46,2026-05-21,4,羽毛球馆-19号,11:00-12:00,1,1,已售/已满,教学时间,阴,23,24,2,0.0,77,39
2026-05-21 20:00:49,2026-05-21,4,羽毛球馆-19号,11:00-12:00,1,1,已售/已满,教学时间,雾,22,23,2,0.0,89,39
2026-05-21 20:30:44,2026-05-21,4,羽毛球馆-19号,11:00-12:00,1,1,已售/已满,教学时间,雾,22,24,2,0.0,93,43
2026-05-21 21:00:56,2026-05-21,4,羽毛球馆-19号,11:00-12:00,1,1,已售/已满,教学时间,雾,20,21,2,0.0,98,43
2026-05-21 21:30:46,2026-05-21,4,羽毛球馆-19号,11:00-12:00,1,1,已售/已满,教学时间,雾,20,22,1,0.0,99,41
2026-05-21 22:01:02,2026-05-21,4,羽毛球馆-19号,11:00-12:00,1,1,已售/已满,教学时间,雾,19,20,2,0.0,93,41
2026-05-21 22:30:47,2026-05-21,4,羽毛球馆-19号,11:00-12:00,1,1,已售/已满,教学时间,雾,19,19,3,0.0,88,46
2026-05-21 23:00:56,2026-05-21,4,羽毛球馆-19号,11:00-12:00,1,1,已售/已满,教学时间,多云,18,17,3,0.0,85,46
2026-05-21 23:30:55,2026-05-21,4,羽毛球馆-19号,11:00-12:00,1,1,已售/已满,教学时间,多云,18,17,3,0.0,85,48
2026-05-21 00:30:49,2026-05-21,4,羽毛球馆-19号,12:00-12:55,1,1,已售/已满,已售,多云,15,13,3,0.0,100,26
2026-05-21 01:00:55,2026-05-21,4,羽毛球馆-19号,12:00-12:55,1,1,已售/已满,已售,多云,15,12,4,0.0,100,26
2026-05-21 01:30:47,2026-05-21,4,羽毛球馆-19号,12:00-12:55,1,1,已售/已满,已售,多云,15,13,4,0.0,100,28
2026-05-21 02:00:53,2026-05-21,4,羽毛球馆-19号,12:00-12:55,1,1,已售/已满,已售,多云,15,12,4,0.0,100,28
2026-05-21 02:30:49,2026-05-21,4,羽毛球馆-19号,12:00-12:55,1,1,已售/已满,已售,多云,15,14,3,0.0,100,29
2026-05-21 03:00:55,2026-05-21,4,羽毛球馆-19号,12:00-12:55,1,1,已售/已满,已售,多云,15,12,4,0.0,100,29
2026-05-21 03:30:49,2026-05-21,4,羽毛球馆-19号,12:00-12:55,1,1,已售/已满,已售,多云,15,14,3,0.0,100,30
2026-05-21 04:30:45,2026-05-21,4,羽毛球馆-19号,12:00-12:55,1,1,已售/已满,已售,多云,15,12,4,0.0,100,29
2026-05-21 05:00:52,2026-05-21,4,羽毛球馆-19号,12:00-12:55,1,1,已售/已满,已售,多云,15,12,4,0.0,100,29
2026-05-21 05:30:49,2026-05-21,4,羽毛球馆-19号,12:00-12:55,1,1,已售/已满,已售,多云,15,13,3,0.0,100,28
2026-05-21 06:00:50,2026-05-21,4,羽毛球馆-19号,12:00-12:55,1,1,已售/已满,已售,多云,15,13,4,0.0,99,28
2026-05-21 06:30:38,2026-05-21,4,羽毛球馆-19号,12:00-12:55,1,1,已售/已满,已售,多云,15,13,3,0.0,97,28
2026-05-21 07:00:43,2026-05-21,4,羽毛球馆-19号,12:00-12:55,1,1,已售/已满,已售,晴,15,11,5,0.0,93,28
2026-05-21 07:30:39,2026-05-21,4,羽毛球馆-19号,12:00-12:55,1,1,已售/已满,已售,晴,17,13,4,0.0,89,29
2026-05-21 07:50:40,2026-05-21,4,羽毛球馆-19号,12:00-12:55,1,1,已售/已满,已售,晴,17,13,4,0.0,88,29
2026-05-21 07:53:31,2026-05-21,4,羽毛球馆-19号,12:00-12:55,1,1,已售/已满,已售,晴,17,12,5,0.0,86,29
2026-05-21 07:56:31,2026-05-21,4,羽毛球馆-19号,12:00-12:55,1,1,已售/已满,已售,晴,17,12,5,0.0,86,29
2026-05-21 07:59:26,2026-05-21,4,羽毛球馆-19号,12:00-12:55,1,1,已售/已满,已售,晴,17,12,5,0.0,86,29
2026-05-21 08:00:45,2026-05-21,4,羽毛球馆-19号,12:00-12:55,1,1,已售/已满,已售,晴,17,12,5,0.0,86,29
2026-05-21 08:02:30,2026-05-21,4,羽毛球馆-19号,12:00-12:55,1,1,已售/已满,已售,多云,17,12,5,0.0,87,29
2026-05-21 08:05:36,2026-05-21,4,羽毛球馆-19号,12:00-12:55,1,1,已售/已满,已售,多云,17,12,5,0.0,86,29
2026-05-21 08:08:31,2026-05-21,4,羽毛球馆-19号,12:00-12:55,1,1,已售/已满,已售,多云,17,12,5,0.0,86,29
2026-05-21 08:11:30,2026-05-21,4,羽毛球馆-19号,12:00-12:55,1,1,已售/已满,已售,多云,17,12,5,0.0,86,29
2026-05-21 08:14:31,2026-05-21,4,羽毛球馆-19号,12:00-12:55,1,1,已售/已满,已售,多云,17,12,5,0.0,86,29
2026-05-21 08:17:30,2026-05-21,4,羽毛球馆-19号,12:00-12:55,1,1,已售/已满,已售,多云,17,12,5,0.0,86,29
2026-05-21 08:20:35,2026-05-21,4,羽毛球馆-19号,12:00-12:55,1,1,已售/已满,已售,多云,17,14,4,0.0,85,29
2026-05-21 08:25:32,2026-05-21,4,羽毛球馆-19号,12:00-12:55,1,1,已售/已满,已售,多云,17,14,4,0.0,85,28
2026-05-21 08:30:42,2026-05-21,4,羽毛球馆-19号,12:00-12:55,1,1,已售/已满,已售,多云,18,15,4,0.0,84,28
2026-05-21 08:35:31,2026-05-21,4,羽毛球馆-19号,12:00-12:55,1,1,已售/已满,已售,多云,18,15,4,0.0,84,28
2026-05-21 08:40:38,2026-05-21,4,羽毛球馆-19号,12:00-12:55,1,1,已售/已满,已售,多云,18,15,4,0.0,82,28
2026-05-21 08:45:33,2026-05-21,4,羽毛球馆-19号,12:00-12:55,1,1,已售/已满,已售,多云,18,15,4,0.0,82,28
2026-05-21 08:50:36,2026-05-21,4,羽毛球馆-19号,12:00-12:55,1,1,已售/已满,已售,多云,18,15,4,0.0,82,28
2026-05-21 08:55:34,2026-05-21,4,羽毛球馆-19号,12:00-12:55,1,1,已售/已满,已售,多云,18,15,4,0.0,84,28
2026-05-21 09:00:51,2026-05-21,4,羽毛球馆-19号,12:00-12:55,1,1,已售/已满,已售,多云,18,15,4,0.0,84,28
2026-05-21 09:01:59,2026-05-21,4,羽毛球馆-19号,12:00-12:55,1,1,已售/已满,已售,多云,18,15,4,0.0,83,28
2026-05-21 09:05:33,2026-05-21,4,羽毛球馆-19号,12:00-12:55,1,1,已售/已满,已售,多云,18,15,4,0.0,83,28
2026-05-21 09:20:38,2026-05-21,4,羽毛球馆-19号,12:00-12:55,1,1,已售/已满,已售,多云,18,16,3,0.0,81,28
2026-05-21 09:30:46,2026-05-21,4,羽毛球馆-19号,12:00-12:55,1,1,已售/已满,已售,多云,18,16,3,0.0,81,32
2026-05-21 09:40:36,2026-05-21,4,羽毛球馆-19号,12:00-12:55,1,1,已售/已满,已售,多云,19,17,3,0.0,79,32
2026-05-21 09:50:42,2026-05-21,4,羽毛球馆-19号,12:00-12:55,1,1,已售/已满,已售,多云,19,17,4,0.0,81,32
2026-05-21 10:00:46,2026-05-21,4,羽毛球馆-19号,12:00-12:55,1,1,已售/已满,已售,多云,19,17,4,0.0,79,32
2026-05-21 10:10:40,2026-05-21,4,羽毛球馆-19号,12:00-12:55,1,1,已售/已满,已售,多云,19,17,4,0.0,79,32
2026-05-21 10:20:38,2026-05-21,4,羽毛球馆-19号,12:00-12:55,1,1,已售/已满,已售,多云,19,17,4,0.0,79,32
2026-05-21 10:30:41,2026-05-21,4,羽毛球馆-19号,12:00-12:55,1,1,已售/已满,已售,多云,19,18,3,0.0,78,31
2026-05-21 11:00:44,2026-05-21,4,羽毛球馆-19号,12:00-12:55,1,1,已售/已满,已售,多云,21,17,5,0.0,74,31
2026-05-21 11:30:38,2026-05-21,4,羽毛球馆-19号,12:00-12:55,1,1,已售/已满,已售,多云,21,19,3,0.0,72,33
2026-05-21 12:00:46,2026-05-21,4,羽毛球馆-19号,12:00-12:55,1,1,已售/已满,已售,多云,22,19,4,0.0,70,33
2026-05-21 12:30:42,2026-05-21,4,羽毛球馆-19号,12:00-12:55,1,1,已售/已满,已售,多云,22,21,3,0.0,68,35
2026-05-21 13:00:43,2026-05-21,4,羽毛球馆-19号,12:00-12:55,1,1,已售/已满,已售,多云,24,22,4,0.0,66,35
2026-05-21 13:30:43,2026-05-21,4,羽毛球馆-19号,12:00-12:55,1,1,已售/已满,已售,多云,24,22,4,0.0,66,36
2026-05-21 14:00:48,2026-05-21,4,羽毛球馆-19号,12:00-12:55,1,1,已售/已满,已售,多云,25,23,4,0.0,66,36
2026-05-21 14:30:45,2026-05-21,4,羽毛球馆-19号,12:00-12:55,1,1,已售/已满,已售,晴,25,25,3,0.0,65,39
2026-05-21 15:00:45,2026-05-21,4,羽毛球馆-19号,12:00-12:55,1,1,已售/已满,已售,晴,25,22,4,0.0,56,39
2026-05-21 15:30:43,2026-05-21,4,羽毛球馆-19号,12:00-12:55,1,1,已售/已满,已售,晴,25,23,4,0.0,57,40
2026-05-21 16:00:51,2026-05-21,4,羽毛球馆-19号,12:00-12:55,1,1,已售/已满,已售,晴,25,23,4,0.0,57,40
2026-05-21 16:30:48,2026-05-21,4,羽毛球馆-19号,12:00-12:55,1,1,已售/已满,已售,晴,25,24,3,0.0,60,39
2026-05-21 17:00:49,2026-05-21,4,羽毛球馆-19号,12:00-12:55,1,1,已售/已满,已售,晴,25,24,4,0.0,61,39
2026-05-21 17:30:47,2026-05-21,4,羽毛球馆-19号,12:00-12:55,1,1,已售/已满,已售,多云,24,23,3,0.0,64,39
2026-05-21 18:00:50,2026-05-21,4,羽毛球馆-19号,12:00-12:55,1,1,已售/已满,已售,多云,24,23,3,0.0,68,39
2026-05-21 18:30:50,2026-05-21,4,羽毛球馆-19号,12:00-12:55,1,1,已售/已满,已售,阴,24,25,2,0.0,68,40
2026-05-21 19:00:50,2026-05-21,4,羽毛球馆-19号,12:00-12:55,1,1,已售/已满,已售,阴,23,23,3,0.0,76,40
2026-05-21 19:30:46,2026-05-21,4,羽毛球馆-19号,12:00-12:55,1,1,已售/已满,已售,阴,23,24,2,0.0,77,39
2026-05-21 20:00:49,2026-05-21,4,羽毛球馆-19号,12:00-12:55,1,1,已售/已满,已售,雾,22,23,2,0.0,89,39
2026-05-21 20:30:44,2026-05-21,4,羽毛球馆-19号,12:00-12:55,1,1,已售/已满,已售,雾,22,24,2,0.0,93,43
2026-05-21 21:00:56,2026-05-21,4,羽毛球馆-19号,12:00-12:55,1,1,已售/已满,已售,雾,20,21,2,0.0,98,43
2026-05-21 21:30:46,2026-05-21,4,羽毛球馆-19号,12:00-12:55,1,1,已售/已满,已售,雾,20,22,1,0.0,99,41
2026-05-21 22:01:02,2026-05-21,4,羽毛球馆-19号,12:00-12:55,1,1,已售/已满,已售,雾,19,20,2,0.0,93,41
2026-05-21 22:30:47,2026-05-21,4,羽毛球馆-19号,12:00-12:55,1,1,已售/已满,已售,雾,19,19,3,0.0,88,46
2026-05-21 23:00:56,2026-05-21,4,羽毛球馆-19号,12:00-12:55,1,1,已售/已满,已售,多云,18,17,3,0.0,85,46
2026-05-21 23:30:55,2026-05-21,4,羽毛球馆-19号,12:00-12:55,1,1,已售/已满,已售,多云,18,17,3,0.0,85,48
2026-05-21 00:30:49,2026-05-21,4,羽毛球馆-19号,12:55-13:50,1,1,已售/已满,已售,多云,15,13,3,0.0,100,26
2026-05-21 01:00:55,2026-05-21,4,羽毛球馆-19号,12:55-13:50,1,1,已售/已满,已售,多云,15,12,4,0.0,100,26
2026-05-21 01:30:47,2026-05-21,4,羽毛球馆-19号,12:55-13:50,1,1,已售/已满,已售,多云,15,13,4,0.0,100,28
2026-05-21 02:00:53,2026-05-21,4,羽毛球馆-19号,12:55-13:50,1,1,已售/已满,已售,多云,15,12,4,0.0,100,28
2026-05-21 02:30:49,2026-05-21,4,羽毛球馆-19号,12:55-13:50,1,1,已售/已满,已售,多云,15,14,3,0.0,100,29
2026-05-21 03:00:55,2026-05-21,4,羽毛球馆-19号,12:55-13:50,1,1,已售/已满,已售,多云,15,12,4,0.0,100,29
2026-05-21 03:30:49,2026-05-21,4,羽毛球馆-19号,12:55-13:50,1,1,已售/已满,已售,多云,15,14,3,0.0,100,30
2026-05-21 04:30:45,2026-05-21,4,羽毛球馆-19号,12:55-13:50,1,1,已售/已满,已售,多云,15,12,4,0.0,100,29
2026-05-21 05:00:52,2026-05-21,4,羽毛球馆-19号,12:55-13:50,1,1,已售/已满,已售,多云,15,12,4,0.0,100,29
2026-05-21 05:30:49,2026-05-21,4,羽毛球馆-19号,12:55-13:50,1,1,已售/已满,已售,多云,15,13,3,0.0,100,28
2026-05-21 06:00:50,2026-05-21,4,羽毛球馆-19号,12:55-13:50,1,1,已售/已满,已售,多云,15,13,4,0.0,99,28
2026-05-21 06:30:38,2026-05-21,4,羽毛球馆-19号,12:55-13:50,1,1,已售/已满,已售,多云,15,13,3,0.0,97,28
2026-05-21 07:00:43,2026-05-21,4,羽毛球馆-19号,12:55-13:50,1,1,已售/已满,已售,晴,15,11,5,0.0,93,28
2026-05-21 07:30:39,2026-05-21,4,羽毛球馆-19号,12:55-13:50,1,1,已售/已满,已售,晴,17,13,4,0.0,89,29
2026-05-21 07:50:40,2026-05-21,4,羽毛球馆-19号,12:55-13:50,1,1,已售/已满,已售,晴,17,13,4,0.0,88,29
2026-05-21 07:53:31,2026-05-21,4,羽毛球馆-19号,12:55-13:50,1,1,已售/已满,已售,晴,17,12,5,0.0,86,29
2026-05-21 07:56:31,2026-05-21,4,羽毛球馆-19号,12:55-13:50,1,1,已售/已满,已售,晴,17,12,5,0.0,86,29
2026-05-21 07:59:26,2026-05-21,4,羽毛球馆-19号,12:55-13:50,1,1,已售/已满,已售,晴,17,12,5,0.0,86,29
2026-05-21 08:00:45,2026-05-21,4,羽毛球馆-19号,12:55-13:50,1,1,已售/已满,已售,晴,17,12,5,0.0,86,29
2026-05-21 08:02:30,2026-05-21,4,羽毛球馆-19号,12:55-13:50,1,1,已售/已满,已售,多云,17,12,5,0.0,87,29
2026-05-21 08:05:36,2026-05-21,4,羽毛球馆-19号,12:55-13:50,1,1,已售/已满,已售,多云,17,12,5,0.0,86,29
2026-05-21 08:08:31,2026-05-21,4,羽毛球馆-19号,12:55-13:50,1,1,已售/已满,已售,多云,17,12,5,0.0,86,29
2026-05-21 08:11:30,2026-05-21,4,羽毛球馆-19号,12:55-13:50,1,1,已售/已满,已售,多云,17,12,5,0.0,86,29
2026-05-21 08:14:31,2026-05-21,4,羽毛球馆-19号,12:55-13:50,1,1,已售/已满,已售,多云,17,12,5,0.0,86,29
2026-05-21 08:17:30,2026-05-21,4,羽毛球馆-19号,12:55-13:50,1,1,已售/已满,已售,多云,17,12,5,0.0,86,29
2026-05-21 08:20:35,2026-05-21,4,羽毛球馆-19号,12:55-13:50,1,1,已售/已满,已售,多云,17,14,4,0.0,85,29
2026-05-21 08:25:32,2026-05-21,4,羽毛球馆-19号,12:55-13:50,1,1,已售/已满,已售,多云,17,14,4,0.0,85,28
2026-05-21 08:30:42,2026-05-21,4,羽毛球馆-19号,12:55-13:50,1,1,已售/已满,已售,多云,18,15,4,0.0,84,28
2026-05-21 08:35:31,2026-05-21,4,羽毛球馆-19号,12:55-13:50,1,1,已售/已满,已售,多云,18,15,4,0.0,84,28
2026-05-21 08:40:38,2026-05-21,4,羽毛球馆-19号,12:55-13:50,1,1,已售/已满,已售,多云,18,15,4,0.0,82,28
2026-05-21 08:45:33,2026-05-21,4,羽毛球馆-19号,12:55-13:50,1,1,已售/已满,已售,多云,18,15,4,0.0,82,28
2026-05-21 08:50:36,2026-05-21,4,羽毛球馆-19号,12:55-13:50,1,1,已售/已满,已售,多云,18,15,4,0.0,82,28
2026-05-21 08:55:34,2026-05-21,4,羽毛球馆-19号,12:55-13:50,1,1,已售/已满,已售,多云,18,15,4,0.0,84,28
2026-05-21 09:00:51,2026-05-21,4,羽毛球馆-19号,12:55-13:50,1,1,已售/已满,已售,多云,18,15,4,0.0,84,28
2026-05-21 09:01:59,2026-05-21,4,羽毛球馆-19号,12:55-13:50,1,1,已售/已满,已售,多云,18,15,4,0.0,83,28
2026-05-21 09:05:33,2026-05-21,4,羽毛球馆-19号,12:55-13:50,1,1,已售/已满,已售,多云,18,15,4,0.0,83,28
2026-05-21 09:20:38,2026-05-21,4,羽毛球馆-19号,12:55-13:50,1,1,已售/已满,已售,多云,18,16,3,0.0,81,28
2026-05-21 09:30:46,2026-05-21,4,羽毛球馆-19号,12:55-13:50,1,1,已售/已满,已售,多云,18,16,3,0.0,81,32
2026-05-21 09:40:36,2026-05-21,4,羽毛球馆-19号,12:55-13:50,1,1,已售/已满,已售,多云,19,17,3,0.0,79,32
2026-05-21 09:50:42,2026-05-21,4,羽毛球馆-19号,12:55-13:50,1,1,已售/已满,已售,多云,19,17,4,0.0,81,32
2026-05-21 10:00:46,2026-05-21,4,羽毛球馆-19号,12:55-13:50,1,1,已售/已满,已售,多云,19,17,4,0.0,79,32
2026-05-21 10:10:40,2026-05-21,4,羽毛球馆-19号,12:55-13:50,1,1,已售/已满,已售,多云,19,17,4,0.0,79,32
2026-05-21 10:20:38,2026-05-21,4,羽毛球馆-19号,12:55-13:50,1,1,已售/已满,已售,多云,19,17,4,0.0,79,32
2026-05-21 10:30:41,2026-05-21,4,羽毛球馆-19号,12:55-13:50,1,1,已售/已满,已售,多云,19,18,3,0.0,78,31
2026-05-21 11:00:44,2026-05-21,4,羽毛球馆-19号,12:55-13:50,1,1,已售/已满,已售,多云,21,17,5,0.0,74,31
2026-05-21 11:30:38,2026-05-21,4,羽毛球馆-19号,12:55-13:50,1,1,已售/已满,已售,多云,21,19,3,0.0,72,33
2026-05-21 12:00:46,2026-05-21,4,羽毛球馆-19号,12:55-13:50,1,1,已售/已满,已售,多云,22,19,4,0.0,70,33
2026-05-21 12:30:42,2026-05-21,4,羽毛球馆-19号,12:55-13:50,1,1,已售/已满,已售,多云,22,21,3,0.0,68,35
2026-05-21 13:00:43,2026-05-21,4,羽毛球馆-19号,12:55-13:50,1,1,已售/已满,已售,多云,24,22,4,0.0,66,35
2026-05-21 13:30:43,2026-05-21,4,羽毛球馆-19号,12:55-13:50,1,1,已售/已满,已售,多云,24,22,4,0.0,66,36
2026-05-21 14:00:48,2026-05-21,4,羽毛球馆-19号,12:55-13:50,1,1,已售/已满,已售,多云,25,23,4,0.0,66,36
2026-05-21 14:30:45,2026-05-21,4,羽毛球馆-19号,12:55-13:50,1,1,已售/已满,已售,晴,25,25,3,0.0,65,39
2026-05-21 15:00:45,2026-05-21,4,羽毛球馆-19号,12:55-13:50,1,1,已售/已满,已售,晴,25,22,4,0.0,56,39
2026-05-21 15:30:43,2026-05-21,4,羽毛球馆-19号,12:55-13:50,1,1,已售/已满,已售,晴,25,23,4,0.0,57,40
2026-05-21 16:00:51,2026-05-21,4,羽毛球馆-19号,12:55-13:50,1,1,已售/已满,已售,晴,25,23,4,0.0,57,40
2026-05-21 16:30:48,2026-05-21,4,羽毛球馆-19号,12:55-13:50,1,1,已售/已满,已售,晴,25,24,3,0.0,60,39
2026-05-21 17:00:49,2026-05-21,4,羽毛球馆-19号,12:55-13:50,1,1,已售/已满,已售,晴,25,24,4,0.0,61,39
2026-05-21 17:30:47,2026-05-21,4,羽毛球馆-19号,12:55-13:50,1,1,已售/已满,已售,多云,24,23,3,0.0,64,39
2026-05-21 18:00:50,2026-05-21,4,羽毛球馆-19号,12:55-13:50,1,1,已售/已满,已售,多云,24,23,3,0.0,68,39
2026-05-21 18:30:50,2026-05-21,4,羽毛球馆-19号,12:55-13:50,1,1,已售/已满,已售,阴,24,25,2,0.0,68,40
2026-05-21 19:00:50,2026-05-21,4,羽毛球馆-19号,12:55-13:50,1,1,已售/已满,已售,阴,23,23,3,0.0,76,40
2026-05-21 19:30:46,2026-05-21,4,羽毛球馆-19号,12:55-13:50,1,1,已售/已满,已售,阴,23,24,2,0.0,77,39
2026-05-21 20:00:49,2026-05-21,4,羽毛球馆-19号,12:55-13:50,1,1,已售/已满,已售,雾,22,23,2,0.0,89,39
2026-05-21 20:30:44,2026-05-21,4,羽毛球馆-19号,12:55-13:50,1,1,已售/已满,已售,雾,22,24,2,0.0,93,43
2026-05-21 21:00:56,2026-05-21,4,羽毛球馆-19号,12:55-13:50,1,1,已售/已满,已售,雾,20,21,2,0.0,98,43
2026-05-21 21:30:46,2026-05-21,4,羽毛球馆-19号,12:55-13:50,1,1,已售/已满,已售,雾,20,22,1,0.0,99,41
2026-05-21 22:01:02,2026-05-21,4,羽毛球馆-19号,12:55-13:50,1,1,已售/已满,已售,雾,19,20,2,0.0,93,41
2026-05-21 22:30:47,2026-05-21,4,羽毛球馆-19号,12:55-13:50,1,1,已售/已满,已售,雾,19,19,3,0.0,88,46
2026-05-21 23:00:56,2026-05-21,4,羽毛球馆-19号,12:55-13:50,1,1,已售/已满,已售,多云,18,17,3,0.0,85,46
2026-05-21 23:30:55,2026-05-21,4,羽毛球馆-19号,12:55-13:50,1,1,已售/已满,已售,多云,18,17,3,0.0,85,48
2026-05-21 00:30:49,2026-05-21,4,羽毛球馆-19号,14:00-15:00,0,1,可预约,￥12.0,多云,15,13,3,0.0,100,26
2026-05-21 01:00:55,2026-05-21,4,羽毛球馆-19号,14:00-15:00,0,1,可预约,￥12.0,多云,15,12,4,0.0,100,26
2026-05-21 01:30:47,2026-05-21,4,羽毛球馆-19号,14:00-15:00,0,1,可预约,￥12.0,多云,15,13,4,0.0,100,28
2026-05-21 02:00:53,2026-05-21,4,羽毛球馆-19号,14:00-15:00,0,1,可预约,￥12.0,多云,15,12,4,0.0,100,28
2026-05-21 02:30:49,2026-05-21,4,羽毛球馆-19号,14:00-15:00,0,1,可预约,￥12.0,多云,15,14,3,0.0,100,29
2026-05-21 03:00:55,2026-05-21,4,羽毛球馆-19号,14:00-15:00,0,1,可预约,￥12.0,多云,15,12,4,0.0,100,29
2026-05-21 03:30:49,2026-05-21,4,羽毛球馆-19号,14:00-15:00,0,1,可预约,￥12.0,多云,15,14,3,0.0,100,30
2026-05-21 04:30:45,2026-05-21,4,羽毛球馆-19号,14:00-15:00,0,1,可预约,￥12.0,多云,15,12,4,0.0,100,29
2026-05-21 05:00:52,2026-05-21,4,羽毛球馆-19号,14:00-15:00,0,1,可预约,￥12.0,多云,15,12,4,0.0,100,29
2026-05-21 05:30:49,2026-05-21,4,羽毛球馆-19号,14:00-15:00,0,1,可预约,￥12.0,多云,15,13,3,0.0,100,28
2026-05-21 06:00:50,2026-05-21,4,羽毛球馆-19号,14:00-15:00,0,1,可预约,￥12.0,多云,15,13,4,0.0,99,28
2026-05-21 06:30:38,2026-05-21,4,羽毛球馆-19号,14:00-15:00,0,1,可预约,￥12.0,多云,15,13,3,0.0,97,28
2026-05-21 07:00:43,2026-05-21,4,羽毛球馆-19号,14:00-15:00,0,1,可预约,￥12.0,晴,15,11,5,0.0,93,28
2026-05-21 07:30:39,2026-05-21,4,羽毛球馆-19号,14:00-15:00,0,1,可预约,￥12.0,晴,17,13,4,0.0,89,29
2026-05-21 07:50:40,2026-05-21,4,羽毛球馆-19号,14:00-15:00,0,1,可预约,￥12.0,晴,17,13,4,0.0,88,29
2026-05-21 07:53:31,2026-05-21,4,羽毛球馆-19号,14:00-15:00,0,1,可预约,￥12.0,晴,17,12,5,0.0,86,29
2026-05-21 07:56:31,2026-05-21,4,羽毛球馆-19号,14:00-15:00,0,1,可预约,￥12.0,晴,17,12,5,0.0,86,29
2026-05-21 07:59:26,2026-05-21,4,羽毛球馆-19号,14:00-15:00,0,1,可预约,￥12.0,晴,17,12,5,0.0,86,29
2026-05-21 08:00:45,2026-05-21,4,羽毛球馆-19号,14:00-15:00,0,1,可预约,￥12.0,晴,17,12,5,0.0,86,29
2026-05-21 08:02:30,2026-05-21,4,羽毛球馆-19号,14:00-15:00,0,1,可预约,￥12.0,多云,17,12,5,0.0,87,29
2026-05-21 08:05:36,2026-05-21,4,羽毛球馆-19号,14:00-15:00,0,1,可预约,￥12.0,多云,17,12,5,0.0,86,29
2026-05-21 08:08:31,2026-05-21,4,羽毛球馆-19号,14:00-15:00,0,1,可预约,￥12.0,多云,17,12,5,0.0,86,29
2026-05-21 08:11:30,2026-05-21,4,羽毛球馆-19号,14:00-15:00,0,1,可预约,￥12.0,多云,17,12,5,0.0,86,29
2026-05-21 08:14:31,2026-05-21,4,羽毛球馆-19号,14:00-15:00,0,1,可预约,￥12.0,多云,17,12,5,0.0,86,29
2026-05-21 08:17:30,2026-05-21,4,羽毛球馆-19号,14:00-15:00,0,1,可预约,￥12.0,多云,17,12,5,0.0,86,29
2026-05-21 08:20:35,2026-05-21,4,羽毛球馆-19号,14:00-15:00,0,1,可预约,￥12.0,多云,17,14,4,0.0,85,29
2026-05-21 08:25:32,2026-05-21,4,羽毛球馆-19号,14:00-15:00,0,1,可预约,￥12.0,多云,17,14,4,0.0,85,28
2026-05-21 08:30:42,2026-05-21,4,羽毛球馆-19号,14:00-15:00,0,1,可预约,￥12.0,多云,18,15,4,0.0,84,28
2026-05-21 08:35:31,2026-05-21,4,羽毛球馆-19号,14:00-15:00,0,1,可预约,￥12.0,多云,18,15,4,0.0,84,28
2026-05-21 08:40:38,2026-05-21,4,羽毛球馆-19号,14:00-15:00,0,1,可预约,￥12.0,多云,18,15,4,0.0,82,28
2026-05-21 08:45:33,2026-05-21,4,羽毛球馆-19号,14:00-15:00,0,1,可预约,￥12.0,多云,18,15,4,0.0,82,28
2026-05-21 08:50:36,2026-05-21,4,羽毛球馆-19号,14:00-15:00,0,1,可预约,￥12.0,多云,18,15,4,0.0,82,28
2026-05-21 08:55:34,2026-05-21,4,羽毛球馆-19号,14:00-15:00,0,1,可预约,￥12.0,多云,18,15,4,0.0,84,28
2026-05-21 09:00:51,2026-05-21,4,羽毛球馆-19号,14:00-15:00,0,1,可预约,￥12.0,多云,18,15,4,0.0,84,28
2026-05-21 09:01:59,2026-05-21,4,羽毛球馆-19号,14:00-15:00,0,1,可预约,￥12.0,多云,18,15,4,0.0,83,28
2026-05-21 09:05:33,2026-05-21,4,羽毛球馆-19号,14:00-15:00,0,1,可预约,￥12.0,多云,18,15,4,0.0,83,28
2026-05-21 09:20:38,2026-05-21,4,羽毛球馆-19号,14:00-15:00,0,1,可预约,￥12.0,多云,18,16,3,0.0,81,28
2026-05-21 09:30:46,2026-05-21,4,羽毛球馆-19号,14:00-15:00,0,1,可预约,￥12.0,多云,18,16,3,0.0,81,32
2026-05-21 09:40:36,2026-05-21,4,羽毛球馆-19号,14:00-15:00,0,1,可预约,￥12.0,多云,19,17,3,0.0,79,32
2026-05-21 09:50:42,2026-05-21,4,羽毛球馆-19号,14:00-15:00,0,1,可预约,￥12.0,多云,19,17,4,0.0,81,32
2026-05-21 10:00:46,2026-05-21,4,羽毛球馆-19号,14:00-15:00,0,1,可预约,￥12.0,多云,19,17,4,0.0,79,32
2026-05-21 10:10:40,2026-05-21,4,羽毛球馆-19号,14:00-15:00,0,1,可预约,￥12.0,多云,19,17,4,0.0,79,32
2026-05-21 10:20:38,2026-05-21,4,羽毛球馆-19号,14:00-15:00,0,1,可预约,￥12.0,多云,19,17,4,0.0,79,32
2026-05-21 10:30:41,2026-05-21,4,羽毛球馆-19号,14:00-15:00,0,1,可预约,￥12.0,多云,19,18,3,0.0,78,31
2026-05-21 11:00:44,2026-05-21,4,羽毛球馆-19号,14:00-15:00,0,1,可预约,￥12.0,多云,21,17,5,0.0,74,31
2026-05-21 11:30:38,2026-05-21,4,羽毛球馆-19号,14:00-15:00,0,1,可预约,￥12.0,多云,21,19,3,0.0,72,33
2026-05-21 12:00:46,2026-05-21,4,羽毛球馆-19号,14:00-15:00,0,1,可预约,￥12.0,多云,22,19,4,0.0,70,33
2026-05-21 12:30:42,2026-05-21,4,羽毛球馆-19号,14:00-15:00,0,1,可预约,￥12.0,多云,22,21,3,0.0,68,35
2026-05-21 13:00:43,2026-05-21,4,羽毛球馆-19号,14:00-15:00,0,1,可预约,￥12.0,多云,24,22,4,0.0,66,35
2026-05-21 13:30:43,2026-05-21,4,羽毛球馆-19号,14:00-15:00,0,1,可预约,￥12.0,多云,24,22,4,0.0,66,36
2026-05-21 14:00:48,2026-05-21,4,羽毛球馆-19号,14:00-15:00,0,1,可预约,￥12.0,多云,25,23,4,0.0,66,36
2026-05-21 14:30:45,2026-05-21,4,羽毛球馆-19号,14:00-15:00,0,1,可预约,￥12.0,晴,25,25,3,0.0,65,39
2026-05-21 15:00:45,2026-05-21,4,羽毛球馆-19号,14:00-15:00,0,1,不开放/已过期,,晴,25,22,4,0.0,56,39
2026-05-21 15:30:43,2026-05-21,4,羽毛球馆-19号,14:00-15:00,0,1,不开放/已过期,,晴,25,23,4,0.0,57,40
2026-05-21 16:00:51,2026-05-21,4,羽毛球馆-19号,14:00-15:00,0,1,不开放/已过期,,晴,25,23,4,0.0,57,40
2026-05-21 16:30:48,2026-05-21,4,羽毛球馆-19号,14:00-15:00,0,1,不开放/已过期,,晴,25,24,3,0.0,60,39
2026-05-21 17:00:49,2026-05-21,4,羽毛球馆-19号,14:00-15:00,0,1,不开放/已过期,,晴,25,24,4,0.0,61,39
2026-05-21 17:30:47,2026-05-21,4,羽毛球馆-19号,14:00-15:00,0,1,不开放/已过期,,多云,24,23,3,0.0,64,39
2026-05-21 18:00:50,2026-05-21,4,羽毛球馆-19号,14:00-15:00,0,1,不开放/已过期,,多云,24,23,3,0.0,68,39
2026-05-21 18:30:50,2026-05-21,4,羽毛球馆-19号,14:00-15:00,0,1,不开放/已过期,,阴,24,25,2,0.0,68,40
2026-05-21 19:00:50,2026-05-21,4,羽毛球馆-19号,14:00-15:00,0,1,不开放/已过期,,阴,23,23,3,0.0,76,40
2026-05-21 19:30:46,2026-05-21,4,羽毛球馆-19号,14:00-15:00,0,1,不开放/已过期,,阴,23,24,2,0.0,77,39
2026-05-21 20:00:49,2026-05-21,4,羽毛球馆-19号,14:00-15:00,0,1,不开放/已过期,,雾,22,23,2,0.0,89,39
2026-05-21 20:30:44,2026-05-21,4,羽毛球馆-19号,14:00-15:00,0,1,不开放/已过期,,雾,22,24,2,0.0,93,43
2026-05-21 21:00:56,2026-05-21,4,羽毛球馆-19号,14:00-15:00,0,1,不开放/已过期,,雾,20,21,2,0.0,98,43
2026-05-21 21:30:46,2026-05-21,4,羽毛球馆-19号,14:00-15:00,0,1,不开放/已过期,,雾,20,22,1,0.0,99,41
2026-05-21 22:01:02,2026-05-21,4,羽毛球馆-19号,14:00-15:00,0,1,不开放/已过期,,雾,19,20,2,0.0,93,41
2026-05-21 22:30:47,2026-05-21,4,羽毛球馆-19号,14:00-15:00,0,1,不开放/已过期,,雾,19,19,3,0.0,88,46
2026-05-21 23:00:56,2026-05-21,4,羽毛球馆-19号,14:00-15:00,0,1,不开放/已过期,,多云,18,17,3,0.0,85,46
2026-05-21 23:30:55,2026-05-21,4,羽毛球馆-19号,14:00-15:00,0,1,不开放/已过期,,多云,18,17,3,0.0,85,48
2026-05-21 00:30:49,2026-05-21,4,羽毛球馆-19号,15:00-16:00,1,1,已售/已满,已售,多云,15,13,3,0.0,100,26
2026-05-21 01:00:55,2026-05-21,4,羽毛球馆-19号,15:00-16:00,1,1,已售/已满,已售,多云,15,12,4,0.0,100,26
2026-05-21 01:30:47,2026-05-21,4,羽毛球馆-19号,15:00-16:00,1,1,已售/已满,已售,多云,15,13,4,0.0,100,28
2026-05-21 02:00:53,2026-05-21,4,羽毛球馆-19号,15:00-16:00,1,1,已售/已满,已售,多云,15,12,4,0.0,100,28
2026-05-21 02:30:49,2026-05-21,4,羽毛球馆-19号,15:00-16:00,1,1,已售/已满,已售,多云,15,14,3,0.0,100,29
2026-05-21 03:00:55,2026-05-21,4,羽毛球馆-19号,15:00-16:00,1,1,已售/已满,已售,多云,15,12,4,0.0,100,29
2026-05-21 03:30:49,2026-05-21,4,羽毛球馆-19号,15:00-16:00,1,1,已售/已满,已售,多云,15,14,3,0.0,100,30
2026-05-21 04:30:45,2026-05-21,4,羽毛球馆-19号,15:00-16:00,1,1,已售/已满,已售,多云,15,12,4,0.0,100,29
2026-05-21 05:00:52,2026-05-21,4,羽毛球馆-19号,15:00-16:00,1,1,已售/已满,已售,多云,15,12,4,0.0,100,29
2026-05-21 05:30:49,2026-05-21,4,羽毛球馆-19号,15:00-16:00,1,1,已售/已满,已售,多云,15,13,3,0.0,100,28
2026-05-21 06:00:50,2026-05-21,4,羽毛球馆-19号,15:00-16:00,1,1,已售/已满,已售,多云,15,13,4,0.0,99,28
2026-05-21 06:30:38,2026-05-21,4,羽毛球馆-19号,15:00-16:00,1,1,已售/已满,已售,多云,15,13,3,0.0,97,28
2026-05-21 07:00:43,2026-05-21,4,羽毛球馆-19号,15:00-16:00,1,1,已售/已满,已售,晴,15,11,5,0.0,93,28
2026-05-21 07:30:39,2026-05-21,4,羽毛球馆-19号,15:00-16:00,1,1,已售/已满,已售,晴,17,13,4,0.0,89,29
2026-05-21 07:50:40,2026-05-21,4,羽毛球馆-19号,15:00-16:00,1,1,已售/已满,已售,晴,17,13,4,0.0,88,29
2026-05-21 07:53:31,2026-05-21,4,羽毛球馆-19号,15:00-16:00,1,1,已售/已满,已售,晴,17,12,5,0.0,86,29
2026-05-21 07:56:31,2026-05-21,4,羽毛球馆-19号,15:00-16:00,1,1,已售/已满,已售,晴,17,12,5,0.0,86,29
2026-05-21 07:59:26,2026-05-21,4,羽毛球馆-19号,15:00-16:00,1,1,已售/已满,已售,晴,17,12,5,0.0,86,29
2026-05-21 08:00:45,2026-05-21,4,羽毛球馆-19号,15:00-16:00,1,1,已售/已满,已售,晴,17,12,5,0.0,86,29
2026-05-21 08:02:30,2026-05-21,4,羽毛球馆-19号,15:00-16:00,1,1,已售/已满,已售,多云,17,12,5,0.0,87,29
2026-05-21 08:05:36,2026-05-21,4,羽毛球馆-19号,15:00-16:00,1,1,已售/已满,已售,多云,17,12,5,0.0,86,29
2026-05-21 08:08:31,2026-05-21,4,羽毛球馆-19号,15:00-16:00,1,1,已售/已满,已售,多云,17,12,5,0.0,86,29
2026-05-21 08:11:30,2026-05-21,4,羽毛球馆-19号,15:00-16:00,1,1,已售/已满,已售,多云,17,12,5,0.0,86,29
2026-05-21 08:14:31,2026-05-21,4,羽毛球馆-19号,15:00-16:00,1,1,已售/已满,已售,多云,17,12,5,0.0,86,29
2026-05-21 08:17:30,2026-05-21,4,羽毛球馆-19号,15:00-16:00,1,1,已售/已满,已售,多云,17,12,5,0.0,86,29
2026-05-21 08:20:35,2026-05-21,4,羽毛球馆-19号,15:00-16:00,1,1,已售/已满,已售,多云,17,14,4,0.0,85,29
2026-05-21 08:25:32,2026-05-21,4,羽毛球馆-19号,15:00-16:00,1,1,已售/已满,已售,多云,17,14,4,0.0,85,28
2026-05-21 08:30:42,2026-05-21,4,羽毛球馆-19号,15:00-16:00,1,1,已售/已满,已售,多云,18,15,4,0.0,84,28
2026-05-21 08:35:31,2026-05-21,4,羽毛球馆-19号,15:00-16:00,1,1,已售/已满,已售,多云,18,15,4,0.0,84,28
2026-05-21 08:40:38,2026-05-21,4,羽毛球馆-19号,15:00-16:00,1,1,已售/已满,已售,多云,18,15,4,0.0,82,28
2026-05-21 08:45:33,2026-05-21,4,羽毛球馆-19号,15:00-16:00,1,1,已售/已满,已售,多云,18,15,4,0.0,82,28
2026-05-21 08:50:36,2026-05-21,4,羽毛球馆-19号,15:00-16:00,1,1,已售/已满,已售,多云,18,15,4,0.0,82,28
2026-05-21 08:55:34,2026-05-21,4,羽毛球馆-19号,15:00-16:00,1,1,已售/已满,已售,多云,18,15,4,0.0,84,28
2026-05-21 09:00:51,2026-05-21,4,羽毛球馆-19号,15:00-16:00,1,1,已售/已满,已售,多云,18,15,4,0.0,84,28
2026-05-21 09:01:59,2026-05-21,4,羽毛球馆-19号,15:00-16:00,1,1,已售/已满,已售,多云,18,15,4,0.0,83,28
2026-05-21 09:05:33,2026-05-21,4,羽毛球馆-19号,15:00-16:00,1,1,已售/已满,已售,多云,18,15,4,0.0,83,28
2026-05-21 09:20:38,2026-05-21,4,羽毛球馆-19号,15:00-16:00,1,1,已售/已满,已售,多云,18,16,3,0.0,81,28
2026-05-21 09:30:46,2026-05-21,4,羽毛球馆-19号,15:00-16:00,1,1,已售/已满,已售,多云,18,16,3,0.0,81,32
2026-05-21 09:40:36,2026-05-21,4,羽毛球馆-19号,15:00-16:00,1,1,已售/已满,已售,多云,19,17,3,0.0,79,32
2026-05-21 09:50:42,2026-05-21,4,羽毛球馆-19号,15:00-16:00,1,1,已售/已满,已售,多云,19,17,4,0.0,81,32
2026-05-21 10:00:46,2026-05-21,4,羽毛球馆-19号,15:00-16:00,1,1,已售/已满,已售,多云,19,17,4,0.0,79,32
2026-05-21 10:10:40,2026-05-21,4,羽毛球馆-19号,15:00-16:00,1,1,已售/已满,已售,多云,19,17,4,0.0,79,32
2026-05-21 10:20:38,2026-05-21,4,羽毛球馆-19号,15:00-16:00,1,1,已售/已满,已售,多云,19,17,4,0.0,79,32
2026-05-21 10:30:41,2026-05-21,4,羽毛球馆-19号,15:00-16:00,1,1,已售/已满,已售,多云,19,18,3,0.0,78,31
2026-05-21 11:00:44,2026-05-21,4,羽毛球馆-19号,15:00-16:00,1,1,已售/已满,已售,多云,21,17,5,0.0,74,31
2026-05-21 11:30:38,2026-05-21,4,羽毛球馆-19号,15:00-16:00,1,1,已售/已满,已售,多云,21,19,3,0.0,72,33
2026-05-21 12:00:46,2026-05-21,4,羽毛球馆-19号,15:00-16:00,1,1,已售/已满,已售,多云,22,19,4,0.0,70,33
2026-05-21 12:30:42,2026-05-21,4,羽毛球馆-19号,15:00-16:00,1,1,已售/已满,已售,多云,22,21,3,0.0,68,35
2026-05-21 13:00:43,2026-05-21,4,羽毛球馆-19号,15:00-16:00,1,1,已售/已满,已售,多云,24,22,4,0.0,66,35
2026-05-21 13:30:43,2026-05-21,4,羽毛球馆-19号,15:00-16:00,1,1,已售/已满,已售,多云,24,22,4,0.0,66,36
2026-05-21 14:00:48,2026-05-21,4,羽毛球馆-19号,15:00-16:00,1,1,已售/已满,已售,多云,25,23,4,0.0,66,36
2026-05-21 14:30:45,2026-05-21,4,羽毛球馆-19号,15:00-16:00,1,1,已售/已满,已售,晴,25,25,3,0.0,65,39
2026-05-21 15:00:45,2026-05-21,4,羽毛球馆-19号,15:00-16:00,1,1,已售/已满,已售,晴,25,22,4,0.0,56,39
2026-05-21 15:30:43,2026-05-21,4,羽毛球馆-19号,15:00-16:00,1,1,已售/已满,已售,晴,25,23,4,0.0,57,40
2026-05-21 16:00:51,2026-05-21,4,羽毛球馆-19号,15:00-16:00,1,1,已售/已满,已售,晴,25,23,4,0.0,57,40
2026-05-21 16:30:48,2026-05-21,4,羽毛球馆-19号,15:00-16:00,1,1,已售/已满,已售,晴,25,24,3,0.0,60,39
2026-05-21 17:00:49,2026-05-21,4,羽毛球馆-19号,15:00-16:00,1,1,已售/已满,已售,晴,25,24,4,0.0,61,39
2026-05-21 17:30:47,2026-05-21,4,羽毛球馆-19号,15:00-16:00,1,1,已售/已满,已售,多云,24,23,3,0.0,64,39
2026-05-21 18:00:50,2026-05-21,4,羽毛球馆-19号,15:00-16:00,1,1,已售/已满,已售,多云,24,23,3,0.0,68,39
2026-05-21 18:30:50,2026-05-21,4,羽毛球馆-19号,15:00-16:00,1,1,已售/已满,已售,阴,24,25,2,0.0,68,40
2026-05-21 19:00:50,2026-05-21,4,羽毛球馆-19号,15:00-16:00,1,1,已售/已满,已售,阴,23,23,3,0.0,76,40
2026-05-21 19:30:46,2026-05-21,4,羽毛球馆-19号,15:00-16:00,1,1,已售/已满,已售,阴,23,24,2,0.0,77,39
2026-05-21 20:00:49,2026-05-21,4,羽毛球馆-19号,15:00-16:00,1,1,已售/已满,已售,雾,22,23,2,0.0,89,39
2026-05-21 20:30:44,2026-05-21,4,羽毛球馆-19号,15:00-16:00,1,1,已售/已满,已售,雾,22,24,2,0.0,93,43
2026-05-21 21:00:56,2026-05-21,4,羽毛球馆-19号,15:00-16:00,1,1,已售/已满,已售,雾,20,21,2,0.0,98,43
2026-05-21 21:30:46,2026-05-21,4,羽毛球馆-19号,15:00-16:00,1,1,已售/已满,已售,雾,20,22,1,0.0,99,41
2026-05-21 22:01:02,2026-05-21,4,羽毛球馆-19号,15:00-16:00,1,1,已售/已满,已售,雾,19,20,2,0.0,93,41
2026-05-21 22:30:47,2026-05-21,4,羽毛球馆-19号,15:00-16:00,1,1,已售/已满,已售,雾,19,19,3,0.0,88,46
2026-05-21 23:00:56,2026-05-21,4,羽毛球馆-19号,15:00-16:00,1,1,已售/已满,已售,多云,18,17,3,0.0,85,46
2026-05-21 23:30:55,2026-05-21,4,羽毛球馆-19号,15:00-16:00,1,1,已售/已满,已售,多云,18,17,3,0.0,85,48
2026-05-21 00:30:49,2026-05-21,4,羽毛球馆-19号,16:00-17:00,1,1,已售/已满,已售,多云,15,13,3,0.0,100,26
2026-05-21 01:00:55,2026-05-21,4,羽毛球馆-19号,16:00-17:00,1,1,已售/已满,已售,多云,15,12,4,0.0,100,26
2026-05-21 01:30:47,2026-05-21,4,羽毛球馆-19号,16:00-17:00,1,1,已售/已满,已售,多云,15,13,4,0.0,100,28
2026-05-21 02:00:53,2026-05-21,4,羽毛球馆-19号,16:00-17:00,1,1,已售/已满,已售,多云,15,12,4,0.0,100,28
2026-05-21 02:30:49,2026-05-21,4,羽毛球馆-19号,16:00-17:00,1,1,已售/已满,已售,多云,15,14,3,0.0,100,29
2026-05-21 03:00:55,2026-05-21,4,羽毛球馆-19号,16:00-17:00,1,1,已售/已满,已售,多云,15,12,4,0.0,100,29
2026-05-21 03:30:49,2026-05-21,4,羽毛球馆-19号,16:00-17:00,1,1,已售/已满,已售,多云,15,14,3,0.0,100,30
2026-05-21 04:30:45,2026-05-21,4,羽毛球馆-19号,16:00-17:00,1,1,已售/已满,已售,多云,15,12,4,0.0,100,29
2026-05-21 05:00:52,2026-05-21,4,羽毛球馆-19号,16:00-17:00,1,1,已售/已满,已售,多云,15,12,4,0.0,100,29
2026-05-21 05:30:49,2026-05-21,4,羽毛球馆-19号,16:00-17:00,1,1,已售/已满,已售,多云,15,13,3,0.0,100,28
2026-05-21 06:00:50,2026-05-21,4,羽毛球馆-19号,16:00-17:00,1,1,已售/已满,已售,多云,15,13,4,0.0,99,28
2026-05-21 06:30:38,2026-05-21,4,羽毛球馆-19号,16:00-17:00,1,1,已售/已满,已售,多云,15,13,3,0.0,97,28
2026-05-21 07:00:43,2026-05-21,4,羽毛球馆-19号,16:00-17:00,1,1,已售/已满,已售,晴,15,11,5,0.0,93,28
2026-05-21 07:30:39,2026-05-21,4,羽毛球馆-19号,16:00-17:00,1,1,已售/已满,已售,晴,17,13,4,0.0,89,29
2026-05-21 07:50:40,2026-05-21,4,羽毛球馆-19号,16:00-17:00,1,1,已售/已满,已售,晴,17,13,4,0.0,88,29
2026-05-21 07:53:31,2026-05-21,4,羽毛球馆-19号,16:00-17:00,1,1,已售/已满,已售,晴,17,12,5,0.0,86,29
2026-05-21 07:56:31,2026-05-21,4,羽毛球馆-19号,16:00-17:00,1,1,已售/已满,已售,晴,17,12,5,0.0,86,29
2026-05-21 07:59:26,2026-05-21,4,羽毛球馆-19号,16:00-17:00,1,1,已售/已满,已售,晴,17,12,5,0.0,86,29
2026-05-21 08:00:45,2026-05-21,4,羽毛球馆-19号,16:00-17:00,1,1,已售/已满,已售,晴,17,12,5,0.0,86,29
2026-05-21 08:02:30,2026-05-21,4,羽毛球馆-19号,16:00-17:00,1,1,已售/已满,已售,多云,17,12,5,0.0,87,29
2026-05-21 08:05:36,2026-05-21,4,羽毛球馆-19号,16:00-17:00,1,1,已售/已满,已售,多云,17,12,5,0.0,86,29
2026-05-21 08:08:31,2026-05-21,4,羽毛球馆-19号,16:00-17:00,1,1,已售/已满,已售,多云,17,12,5,0.0,86,29
2026-05-21 08:11:30,2026-05-21,4,羽毛球馆-19号,16:00-17:00,1,1,已售/已满,已售,多云,17,12,5,0.0,86,29
2026-05-21 08:14:31,2026-05-21,4,羽毛球馆-19号,16:00-17:00,1,1,已售/已满,已售,多云,17,12,5,0.0,86,29
2026-05-21 08:17:30,2026-05-21,4,羽毛球馆-19号,16:00-17:00,1,1,已售/已满,已售,多云,17,12,5,0.0,86,29
2026-05-21 08:20:35,2026-05-21,4,羽毛球馆-19号,16:00-17:00,1,1,已售/已满,已售,多云,17,14,4,0.0,85,29
2026-05-21 08:25:32,2026-05-21,4,羽毛球馆-19号,16:00-17:00,1,1,已售/已满,已售,多云,17,14,4,0.0,85,28
2026-05-21 08:30:42,2026-05-21,4,羽毛球馆-19号,16:00-17:00,1,1,已售/已满,已售,多云,18,15,4,0.0,84,28
2026-05-21 08:35:31,2026-05-21,4,羽毛球馆-19号,16:00-17:00,1,1,已售/已满,已售,多云,18,15,4,0.0,84,28
2026-05-21 08:40:38,2026-05-21,4,羽毛球馆-19号,16:00-17:00,1,1,已售/已满,已售,多云,18,15,4,0.0,82,28
2026-05-21 08:45:33,2026-05-21,4,羽毛球馆-19号,16:00-17:00,1,1,已售/已满,已售,多云,18,15,4,0.0,82,28
2026-05-21 08:50:36,2026-05-21,4,羽毛球馆-19号,16:00-17:00,1,1,已售/已满,已售,多云,18,15,4,0.0,82,28
2026-05-21 08:55:34,2026-05-21,4,羽毛球馆-19号,16:00-17:00,1,1,已售/已满,已售,多云,18,15,4,0.0,84,28
2026-05-21 09:00:51,2026-05-21,4,羽毛球馆-19号,16:00-17:00,1,1,已售/已满,已售,多云,18,15,4,0.0,84,28
2026-05-21 09:01:59,2026-05-21,4,羽毛球馆-19号,16:00-17:00,1,1,已售/已满,已售,多云,18,15,4,0.0,83,28
2026-05-21 09:05:33,2026-05-21,4,羽毛球馆-19号,16:00-17:00,1,1,已售/已满,已售,多云,18,15,4,0.0,83,28
2026-05-21 09:20:38,2026-05-21,4,羽毛球馆-19号,16:00-17:00,1,1,已售/已满,已售,多云,18,16,3,0.0,81,28
2026-05-21 09:30:46,2026-05-21,4,羽毛球馆-19号,16:00-17:00,1,1,已售/已满,已售,多云,18,16,3,0.0,81,32
2026-05-21 09:40:36,2026-05-21,4,羽毛球馆-19号,16:00-17:00,1,1,已售/已满,已售,多云,19,17,3,0.0,79,32
2026-05-21 09:50:42,2026-05-21,4,羽毛球馆-19号,16:00-17:00,1,1,已售/已满,已售,多云,19,17,4,0.0,81,32
2026-05-21 10:00:46,2026-05-21,4,羽毛球馆-19号,16:00-17:00,1,1,已售/已满,已售,多云,19,17,4,0.0,79,32
2026-05-21 10:10:40,2026-05-21,4,羽毛球馆-19号,16:00-17:00,1,1,已售/已满,已售,多云,19,17,4,0.0,79,32
2026-05-21 10:20:38,2026-05-21,4,羽毛球馆-19号,16:00-17:00,1,1,已售/已满,已售,多云,19,17,4,0.0,79,32
2026-05-21 10:30:41,2026-05-21,4,羽毛球馆-19号,16:00-17:00,1,1,已售/已满,已售,多云,19,18,3,0.0,78,31
2026-05-21 11:00:44,2026-05-21,4,羽毛球馆-19号,16:00-17:00,1,1,已售/已满,已售,多云,21,17,5,0.0,74,31
2026-05-21 11:30:38,2026-05-21,4,羽毛球馆-19号,16:00-17:00,1,1,已售/已满,已售,多云,21,19,3,0.0,72,33
2026-05-21 12:00:46,2026-05-21,4,羽毛球馆-19号,16:00-17:00,1,1,已售/已满,已售,多云,22,19,4,0.0,70,33
2026-05-21 12:30:42,2026-05-21,4,羽毛球馆-19号,16:00-17:00,1,1,已售/已满,已售,多云,22,21,3,0.0,68,35
2026-05-21 13:00:43,2026-05-21,4,羽毛球馆-19号,16:00-17:00,1,1,已售/已满,已售,多云,24,22,4,0.0,66,35
2026-05-21 13:30:43,2026-05-21,4,羽毛球馆-19号,16:00-17:00,1,1,已售/已满,已售,多云,24,22,4,0.0,66,36
2026-05-21 14:00:48,2026-05-21,4,羽毛球馆-19号,16:00-17:00,1,1,已售/已满,已售,多云,25,23,4,0.0,66,36
2026-05-21 14:30:45,2026-05-21,4,羽毛球馆-19号,16:00-17:00,1,1,已售/已满,已售,晴,25,25,3,0.0,65,39
2026-05-21 15:00:45,2026-05-21,4,羽毛球馆-19号,16:00-17:00,1,1,已售/已满,已售,晴,25,22,4,0.0,56,39
2026-05-21 15:30:43,2026-05-21,4,羽毛球馆-19号,16:00-17:00,1,1,已售/已满,已售,晴,25,23,4,0.0,57,40
2026-05-21 16:00:51,2026-05-21,4,羽毛球馆-19号,16:00-17:00,1,1,已售/已满,已售,晴,25,23,4,0.0,57,40
2026-05-21 16:30:48,2026-05-21,4,羽毛球馆-19号,16:00-17:00,1,1,已售/已满,已售,晴,25,24,3,0.0,60,39
2026-05-21 17:00:49,2026-05-21,4,羽毛球馆-19号,16:00-17:00,1,1,已售/已满,已售,晴,25,24,4,0.0,61,39
2026-05-21 17:30:47,2026-05-21,4,羽毛球馆-19号,16:00-17:00,1,1,已售/已满,已售,多云,24,23,3,0.0,64,39
2026-05-21 18:00:50,2026-05-21,4,羽毛球馆-19号,16:00-17:00,1,1,已售/已满,已售,多云,24,23,3,0.0,68,39
2026-05-21 18:30:50,2026-05-21,4,羽毛球馆-19号,16:00-17:00,1,1,已售/已满,已售,阴,24,25,2,0.0,68,40
2026-05-21 19:00:50,2026-05-21,4,羽毛球馆-19号,16:00-17:00,1,1,已售/已满,已售,阴,23,23,3,0.0,76,40
2026-05-21 19:30:46,2026-05-21,4,羽毛球馆-19号,16:00-17:00,1,1,已售/已满,已售,阴,23,24,2,0.0,77,39
2026-05-21 20:00:49,2026-05-21,4,羽毛球馆-19号,16:00-17:00,1,1,已售/已满,已售,雾,22,23,2,0.0,89,39
2026-05-21 20:30:44,2026-05-21,4,羽毛球馆-19号,16:00-17:00,1,1,已售/已满,已售,雾,22,24,2,0.0,93,43
2026-05-21 21:00:56,2026-05-21,4,羽毛球馆-19号,16:00-17:00,1,1,已售/已满,已售,雾,20,21,2,0.0,98,43
2026-05-21 21:30:46,2026-05-21,4,羽毛球馆-19号,16:00-17:00,1,1,已售/已满,已售,雾,20,22,1,0.0,99,41
2026-05-21 22:01:02,2026-05-21,4,羽毛球馆-19号,16:00-17:00,1,1,已售/已满,已售,雾,19,20,2,0.0,93,41
2026-05-21 22:30:47,2026-05-21,4,羽毛球馆-19号,16:00-17:00,1,1,已售/已满,已售,雾,19,19,3,0.0,88,46
2026-05-21 23:00:56,2026-05-21,4,羽毛球馆-19号,16:00-17:00,1,1,已售/已满,已售,多云,18,17,3,0.0,85,46
2026-05-21 23:30:55,2026-05-21,4,羽毛球馆-19号,16:00-17:00,1,1,已售/已满,已售,多云,18,17,3,0.0,85,48
2026-05-21 00:30:49,2026-05-21,4,羽毛球馆-19号,17:00-18:00,1,1,已售/已满,已售,多云,15,13,3,0.0,100,26
2026-05-21 01:00:55,2026-05-21,4,羽毛球馆-19号,17:00-18:00,1,1,已售/已满,已售,多云,15,12,4,0.0,100,26
2026-05-21 01:30:47,2026-05-21,4,羽毛球馆-19号,17:00-18:00,1,1,已售/已满,已售,多云,15,13,4,0.0,100,28
2026-05-21 02:00:53,2026-05-21,4,羽毛球馆-19号,17:00-18:00,1,1,已售/已满,已售,多云,15,12,4,0.0,100,28
2026-05-21 02:30:49,2026-05-21,4,羽毛球馆-19号,17:00-18:00,1,1,已售/已满,已售,多云,15,14,3,0.0,100,29
2026-05-21 03:00:55,2026-05-21,4,羽毛球馆-19号,17:00-18:00,1,1,已售/已满,已售,多云,15,12,4,0.0,100,29
2026-05-21 03:30:49,2026-05-21,4,羽毛球馆-19号,17:00-18:00,1,1,已售/已满,已售,多云,15,14,3,0.0,100,30
2026-05-21 04:30:45,2026-05-21,4,羽毛球馆-19号,17:00-18:00,1,1,已售/已满,已售,多云,15,12,4,0.0,100,29
2026-05-21 05:00:52,2026-05-21,4,羽毛球馆-19号,17:00-18:00,1,1,已售/已满,已售,多云,15,12,4,0.0,100,29
2026-05-21 05:30:49,2026-05-21,4,羽毛球馆-19号,17:00-18:00,1,1,已售/已满,已售,多云,15,13,3,0.0,100,28
2026-05-21 06:00:50,2026-05-21,4,羽毛球馆-19号,17:00-18:00,1,1,已售/已满,已售,多云,15,13,4,0.0,99,28
2026-05-21 06:30:38,2026-05-21,4,羽毛球馆-19号,17:00-18:00,1,1,已售/已满,已售,多云,15,13,3,0.0,97,28
2026-05-21 07:00:43,2026-05-21,4,羽毛球馆-19号,17:00-18:00,1,1,已售/已满,已售,晴,15,11,5,0.0,93,28
2026-05-21 07:30:39,2026-05-21,4,羽毛球馆-19号,17:00-18:00,1,1,已售/已满,已售,晴,17,13,4,0.0,89,29
2026-05-21 07:50:40,2026-05-21,4,羽毛球馆-19号,17:00-18:00,1,1,已售/已满,已售,晴,17,13,4,0.0,88,29
2026-05-21 07:53:31,2026-05-21,4,羽毛球馆-19号,17:00-18:00,1,1,已售/已满,已售,晴,17,12,5,0.0,86,29
2026-05-21 07:56:31,2026-05-21,4,羽毛球馆-19号,17:00-18:00,1,1,已售/已满,已售,晴,17,12,5,0.0,86,29
2026-05-21 07:59:26,2026-05-21,4,羽毛球馆-19号,17:00-18:00,1,1,已售/已满,已售,晴,17,12,5,0.0,86,29
2026-05-21 08:00:45,2026-05-21,4,羽毛球馆-19号,17:00-18:00,1,1,已售/已满,已售,晴,17,12,5,0.0,86,29
2026-05-21 08:02:30,2026-05-21,4,羽毛球馆-19号,17:00-18:00,1,1,已售/已满,已售,多云,17,12,5,0.0,87,29
2026-05-21 08:05:36,2026-05-21,4,羽毛球馆-19号,17:00-18:00,1,1,已售/已满,已售,多云,17,12,5,0.0,86,29
2026-05-21 08:08:31,2026-05-21,4,羽毛球馆-19号,17:00-18:00,1,1,已售/已满,已售,多云,17,12,5,0.0,86,29
2026-05-21 08:11:30,2026-05-21,4,羽毛球馆-19号,17:00-18:00,1,1,已售/已满,已售,多云,17,12,5,0.0,86,29
2026-05-21 08:14:31,2026-05-21,4,羽毛球馆-19号,17:00-18:00,1,1,已售/已满,已售,多云,17,12,5,0.0,86,29
2026-05-21 08:17:30,2026-05-21,4,羽毛球馆-19号,17:00-18:00,1,1,已售/已满,已售,多云,17,12,5,0.0,86,29
2026-05-21 08:20:35,2026-05-21,4,羽毛球馆-19号,17:00-18:00,1,1,已售/已满,已售,多云,17,14,4,0.0,85,29
2026-05-21 08:25:32,2026-05-21,4,羽毛球馆-19号,17:00-18:00,1,1,已售/已满,已售,多云,17,14,4,0.0,85,28
2026-05-21 08:30:42,2026-05-21,4,羽毛球馆-19号,17:00-18:00,1,1,已售/已满,已售,多云,18,15,4,0.0,84,28
2026-05-21 08:35:31,2026-05-21,4,羽毛球馆-19号,17:00-18:00,1,1,已售/已满,已售,多云,18,15,4,0.0,84,28
2026-05-21 08:40:38,2026-05-21,4,羽毛球馆-19号,17:00-18:00,1,1,已售/已满,已售,多云,18,15,4,0.0,82,28
2026-05-21 08:45:33,2026-05-21,4,羽毛球馆-19号,17:00-18:00,1,1,已售/已满,已售,多云,18,15,4,0.0,82,28
2026-05-21 08:50:36,2026-05-21,4,羽毛球馆-19号,17:00-18:00,1,1,已售/已满,已售,多云,18,15,4,0.0,82,28
2026-05-21 08:55:34,2026-05-21,4,羽毛球馆-19号,17:00-18:00,1,1,已售/已满,已售,多云,18,15,4,0.0,84,28
2026-05-21 09:00:51,2026-05-21,4,羽毛球馆-19号,17:00-18:00,1,1,已售/已满,已售,多云,18,15,4,0.0,84,28
2026-05-21 09:01:59,2026-05-21,4,羽毛球馆-19号,17:00-18:00,1,1,已售/已满,已售,多云,18,15,4,0.0,83,28
2026-05-21 09:05:33,2026-05-21,4,羽毛球馆-19号,17:00-18:00,1,1,已售/已满,已售,多云,18,15,4,0.0,83,28
2026-05-21 09:20:38,2026-05-21,4,羽毛球馆-19号,17:00-18:00,1,1,已售/已满,已售,多云,18,16,3,0.0,81,28
2026-05-21 09:30:46,2026-05-21,4,羽毛球馆-19号,17:00-18:00,1,1,已售/已满,已售,多云,18,16,3,0.0,81,32
2026-05-21 09:40:36,2026-05-21,4,羽毛球馆-19号,17:00-18:00,1,1,已售/已满,已售,多云,19,17,3,0.0,79,32
2026-05-21 09:50:42,2026-05-21,4,羽毛球馆-19号,17:00-18:00,1,1,已售/已满,已售,多云,19,17,4,0.0,81,32
2026-05-21 10:00:46,2026-05-21,4,羽毛球馆-19号,17:00-18:00,1,1,已售/已满,已售,多云,19,17,4,0.0,79,32
2026-05-21 10:10:40,2026-05-21,4,羽毛球馆-19号,17:00-18:00,1,1,已售/已满,已售,多云,19,17,4,0.0,79,32
2026-05-21 10:20:38,2026-05-21,4,羽毛球馆-19号,17:00-18:00,1,1,已售/已满,已售,多云,19,17,4,0.0,79,32
2026-05-21 10:30:41,2026-05-21,4,羽毛球馆-19号,17:00-18:00,1,1,已售/已满,已售,多云,19,18,3,0.0,78,31
2026-05-21 11:00:44,2026-05-21,4,羽毛球馆-19号,17:00-18:00,1,1,已售/已满,已售,多云,21,17,5,0.0,74,31
2026-05-21 11:30:38,2026-05-21,4,羽毛球馆-19号,17:00-18:00,1,1,已售/已满,已售,多云,21,19,3,0.0,72,33
2026-05-21 12:00:46,2026-05-21,4,羽毛球馆-19号,17:00-18:00,1,1,已售/已满,已售,多云,22,19,4,0.0,70,33
2026-05-21 12:30:42,2026-05-21,4,羽毛球馆-19号,17:00-18:00,1,1,已售/已满,已售,多云,22,21,3,0.0,68,35
2026-05-21 13:00:43,2026-05-21,4,羽毛球馆-19号,17:00-18:00,1,1,已售/已满,已售,多云,24,22,4,0.0,66,35
2026-05-21 13:30:43,2026-05-21,4,羽毛球馆-19号,17:00-18:00,1,1,已售/已满,已售,多云,24,22,4,0.0,66,36
2026-05-21 14:00:48,2026-05-21,4,羽毛球馆-19号,17:00-18:00,1,1,已售/已满,已售,多云,25,23,4,0.0,66,36
2026-05-21 14:30:45,2026-05-21,4,羽毛球馆-19号,17:00-18:00,1,1,已售/已满,已售,晴,25,25,3,0.0,65,39
2026-05-21 15:00:45,2026-05-21,4,羽毛球馆-19号,17:00-18:00,1,1,已售/已满,已售,晴,25,22,4,0.0,56,39
2026-05-21 15:30:43,2026-05-21,4,羽毛球馆-19号,17:00-18:00,1,1,已售/已满,已售,晴,25,23,4,0.0,57,40
2026-05-21 16:00:51,2026-05-21,4,羽毛球馆-19号,17:00-18:00,1,1,已售/已满,已售,晴,25,23,4,0.0,57,40
2026-05-21 16:30:48,2026-05-21,4,羽毛球馆-19号,17:00-18:00,1,1,已售/已满,已售,晴,25,24,3,0.0,60,39
2026-05-21 17:00:49,2026-05-21,4,羽毛球馆-19号,17:00-18:00,1,1,已售/已满,已售,晴,25,24,4,0.0,61,39
2026-05-21 17:30:47,2026-05-21,4,羽毛球馆-19号,17:00-18:00,1,1,已售/已满,已售,多云,24,23,3,0.0,64,39
2026-05-21 18:00:50,2026-05-21,4,羽毛球馆-19号,17:00-18:00,1,1,已售/已满,已售,多云,24,23,3,0.0,68,39
2026-05-21 18:30:50,2026-05-21,4,羽毛球馆-19号,17:00-18:00,1,1,已售/已满,已售,阴,24,25,2,0.0,68,40
2026-05-21 19:00:50,2026-05-21,4,羽毛球馆-19号,17:00-18:00,1,1,已售/已满,已售,阴,23,23,3,0.0,76,40
2026-05-21 19:30:46,2026-05-21,4,羽毛球馆-19号,17:00-18:00,1,1,已售/已满,已售,阴,23,24,2,0.0,77,39
2026-05-21 20:00:49,2026-05-21,4,羽毛球馆-19号,17:00-18:00,1,1,已售/已满,已售,雾,22,23,2,0.0,89,39
2026-05-21 20:30:44,2026-05-21,4,羽毛球馆-19号,17:00-18:00,1,1,已售/已满,已售,雾,22,24,2,0.0,93,43
2026-05-21 21:00:56,2026-05-21,4,羽毛球馆-19号,17:00-18:00,1,1,已售/已满,已售,雾,20,21,2,0.0,98,43
2026-05-21 21:30:46,2026-05-21,4,羽毛球馆-19号,17:00-18:00,1,1,已售/已满,已售,雾,20,22,1,0.0,99,41
2026-05-21 22:01:02,2026-05-21,4,羽毛球馆-19号,17:00-18:00,1,1,已售/已满,已售,雾,19,20,2,0.0,93,41
2026-05-21 22:30:47,2026-05-21,4,羽毛球馆-19号,17:00-18:00,1,1,已售/已满,已售,雾,19,19,3,0.0,88,46
2026-05-21 23:00:56,2026-05-21,4,羽毛球馆-19号,17:00-18:00,1,1,已售/已满,已售,多云,18,17,3,0.0,85,46
2026-05-21 23:30:55,2026-05-21,4,羽毛球馆-19号,17:00-18:00,1,1,已售/已满,已售,多云,18,17,3,0.0,85,48
2026-05-21 00:30:49,2026-05-21,4,羽毛球馆-19号,18:30-19:30,1,1,已售/已满,已售,多云,15,13,3,0.0,100,26
2026-05-21 01:00:55,2026-05-21,4,羽毛球馆-19号,18:30-19:30,1,1,已售/已满,已售,多云,15,12,4,0.0,100,26
2026-05-21 01:30:47,2026-05-21,4,羽毛球馆-19号,18:30-19:30,1,1,已售/已满,已售,多云,15,13,4,0.0,100,28
2026-05-21 02:00:53,2026-05-21,4,羽毛球馆-19号,18:30-19:30,1,1,已售/已满,已售,多云,15,12,4,0.0,100,28
2026-05-21 02:30:49,2026-05-21,4,羽毛球馆-19号,18:30-19:30,1,1,已售/已满,已售,多云,15,14,3,0.0,100,29
2026-05-21 03:00:55,2026-05-21,4,羽毛球馆-19号,18:30-19:30,1,1,已售/已满,已售,多云,15,12,4,0.0,100,29
2026-05-21 03:30:49,2026-05-21,4,羽毛球馆-19号,18:30-19:30,1,1,已售/已满,已售,多云,15,14,3,0.0,100,30
2026-05-21 04:30:45,2026-05-21,4,羽毛球馆-19号,18:30-19:30,1,1,已售/已满,已售,多云,15,12,4,0.0,100,29
2026-05-21 05:00:52,2026-05-21,4,羽毛球馆-19号,18:30-19:30,1,1,已售/已满,已售,多云,15,12,4,0.0,100,29
2026-05-21 05:30:49,2026-05-21,4,羽毛球馆-19号,18:30-19:30,1,1,已售/已满,已售,多云,15,13,3,0.0,100,28
2026-05-21 06:00:50,2026-05-21,4,羽毛球馆-19号,18:30-19:30,1,1,已售/已满,已售,多云,15,13,4,0.0,99,28
2026-05-21 06:30:38,2026-05-21,4,羽毛球馆-19号,18:30-19:30,1,1,已售/已满,已售,多云,15,13,3,0.0,97,28
2026-05-21 07:00:43,2026-05-21,4,羽毛球馆-19号,18:30-19:30,1,1,已售/已满,已售,晴,15,11,5,0.0,93,28
2026-05-21 07:30:39,2026-05-21,4,羽毛球馆-19号,18:30-19:30,1,1,已售/已满,已售,晴,17,13,4,0.0,89,29
2026-05-21 07:50:40,2026-05-21,4,羽毛球馆-19号,18:30-19:30,1,1,已售/已满,已售,晴,17,13,4,0.0,88,29
2026-05-21 07:53:31,2026-05-21,4,羽毛球馆-19号,18:30-19:30,1,1,已售/已满,已售,晴,17,12,5,0.0,86,29
2026-05-21 07:56:31,2026-05-21,4,羽毛球馆-19号,18:30-19:30,1,1,已售/已满,已售,晴,17,12,5,0.0,86,29
2026-05-21 07:59:26,2026-05-21,4,羽毛球馆-19号,18:30-19:30,1,1,已售/已满,已售,晴,17,12,5,0.0,86,29
2026-05-21 08:00:45,2026-05-21,4,羽毛球馆-19号,18:30-19:30,1,1,已售/已满,已售,晴,17,12,5,0.0,86,29
2026-05-21 08:02:30,2026-05-21,4,羽毛球馆-19号,18:30-19:30,1,1,已售/已满,已售,多云,17,12,5,0.0,87,29
2026-05-21 08:05:36,2026-05-21,4,羽毛球馆-19号,18:30-19:30,1,1,已售/已满,已售,多云,17,12,5,0.0,86,29
2026-05-21 08:08:31,2026-05-21,4,羽毛球馆-19号,18:30-19:30,1,1,已售/已满,已售,多云,17,12,5,0.0,86,29
2026-05-21 08:11:30,2026-05-21,4,羽毛球馆-19号,18:30-19:30,1,1,已售/已满,已售,多云,17,12,5,0.0,86,29
2026-05-21 08:14:31,2026-05-21,4,羽毛球馆-19号,18:30-19:30,1,1,已售/已满,已售,多云,17,12,5,0.0,86,29
2026-05-21 08:17:30,2026-05-21,4,羽毛球馆-19号,18:30-19:30,1,1,已售/已满,已售,多云,17,12,5,0.0,86,29
2026-05-21 08:20:35,2026-05-21,4,羽毛球馆-19号,18:30-19:30,1,1,已售/已满,已售,多云,17,14,4,0.0,85,29
2026-05-21 08:25:32,2026-05-21,4,羽毛球馆-19号,18:30-19:30,1,1,已售/已满,已售,多云,17,14,4,0.0,85,28
2026-05-21 08:30:42,2026-05-21,4,羽毛球馆-19号,18:30-19:30,1,1,已售/已满,已售,多云,18,15,4,0.0,84,28
2026-05-21 08:35:31,2026-05-21,4,羽毛球馆-19号,18:30-19:30,1,1,已售/已满,已售,多云,18,15,4,0.0,84,28
2026-05-21 08:40:38,2026-05-21,4,羽毛球馆-19号,18:30-19:30,1,1,已售/已满,已售,多云,18,15,4,0.0,82,28
2026-05-21 08:45:33,2026-05-21,4,羽毛球馆-19号,18:30-19:30,1,1,已售/已满,已售,多云,18,15,4,0.0,82,28
2026-05-21 08:50:36,2026-05-21,4,羽毛球馆-19号,18:30-19:30,1,1,已售/已满,已售,多云,18,15,4,0.0,82,28
2026-05-21 08:55:34,2026-05-21,4,羽毛球馆-19号,18:30-19:30,1,1,已售/已满,已售,多云,18,15,4,0.0,84,28
2026-05-21 09:00:51,2026-05-21,4,羽毛球馆-19号,18:30-19:30,1,1,已售/已满,已售,多云,18,15,4,0.0,84,28
2026-05-21 09:01:59,2026-05-21,4,羽毛球馆-19号,18:30-19:30,1,1,已售/已满,已售,多云,18,15,4,0.0,83,28
2026-05-21 09:05:33,2026-05-21,4,羽毛球馆-19号,18:30-19:30,1,1,已售/已满,已售,多云,18,15,4,0.0,83,28
2026-05-21 09:20:38,2026-05-21,4,羽毛球馆-19号,18:30-19:30,1,1,已售/已满,已售,多云,18,16,3,0.0,81,28
2026-05-21 09:30:46,2026-05-21,4,羽毛球馆-19号,18:30-19:30,1,1,已售/已满,已售,多云,18,16,3,0.0,81,32
2026-05-21 09:40:36,2026-05-21,4,羽毛球馆-19号,18:30-19:30,1,1,已售/已满,已售,多云,19,17,3,0.0,79,32
2026-05-21 09:50:42,2026-05-21,4,羽毛球馆-19号,18:30-19:30,1,1,已售/已满,已售,多云,19,17,4,0.0,81,32
2026-05-21 10:00:46,2026-05-21,4,羽毛球馆-19号,18:30-19:30,1,1,已售/已满,已售,多云,19,17,4,0.0,79,32
2026-05-21 10:10:40,2026-05-21,4,羽毛球馆-19号,18:30-19:30,1,1,已售/已满,已售,多云,19,17,4,0.0,79,32
2026-05-21 10:20:38,2026-05-21,4,羽毛球馆-19号,18:30-19:30,1,1,已售/已满,已售,多云,19,17,4,0.0,79,32
2026-05-21 10:30:41,2026-05-21,4,羽毛球馆-19号,18:30-19:30,1,1,已售/已满,已售,多云,19,18,3,0.0,78,31
2026-05-21 11:00:44,2026-05-21,4,羽毛球馆-19号,18:30-19:30,1,1,已售/已满,已售,多云,21,17,5,0.0,74,31
2026-05-21 11:30:38,2026-05-21,4,羽毛球馆-19号,18:30-19:30,1,1,已售/已满,已售,多云,21,19,3,0.0,72,33
2026-05-21 12:00:46,2026-05-21,4,羽毛球馆-19号,18:30-19:30,1,1,已售/已满,已售,多云,22,19,4,0.0,70,33
2026-05-21 12:30:42,2026-05-21,4,羽毛球馆-19号,18:30-19:30,1,1,已售/已满,已售,多云,22,21,3,0.0,68,35
2026-05-21 13:00:43,2026-05-21,4,羽毛球馆-19号,18:30-19:30,1,1,已售/已满,已售,多云,24,22,4,0.0,66,35
2026-05-21 13:30:43,2026-05-21,4,羽毛球馆-19号,18:30-19:30,1,1,已售/已满,已售,多云,24,22,4,0.0,66,36
2026-05-21 14:00:48,2026-05-21,4,羽毛球馆-19号,18:30-19:30,1,1,已售/已满,已售,多云,25,23,4,0.0,66,36
2026-05-21 14:30:45,2026-05-21,4,羽毛球馆-19号,18:30-19:30,1,1,已售/已满,已售,晴,25,25,3,0.0,65,39
2026-05-21 15:00:45,2026-05-21,4,羽毛球馆-19号,18:30-19:30,1,1,已售/已满,已售,晴,25,22,4,0.0,56,39
2026-05-21 15:30:43,2026-05-21,4,羽毛球馆-19号,18:30-19:30,1,1,已售/已满,已售,晴,25,23,4,0.0,57,40
2026-05-21 16:00:51,2026-05-21,4,羽毛球馆-19号,18:30-19:30,1,1,已售/已满,已售,晴,25,23,4,0.0,57,40
2026-05-21 16:30:48,2026-05-21,4,羽毛球馆-19号,18:30-19:30,1,1,已售/已满,已售,晴,25,24,3,0.0,60,39
2026-05-21 17:00:49,2026-05-21,4,羽毛球馆-19号,18:30-19:30,1,1,已售/已满,已售,晴,25,24,4,0.0,61,39
2026-05-21 17:30:47,2026-05-21,4,羽毛球馆-19号,18:30-19:30,1,1,已售/已满,已售,多云,24,23,3,0.0,64,39
2026-05-21 18:00:50,2026-05-21,4,羽毛球馆-19号,18:30-19:30,1,1,已售/已满,已售,多云,24,23,3,0.0,68,39
2026-05-21 18:30:50,2026-05-21,4,羽毛球馆-19号,18:30-19:30,1,1,已售/已满,已售,阴,24,25,2,0.0,68,40
2026-05-21 19:00:50,2026-05-21,4,羽毛球馆-19号,18:30-19:30,1,1,已售/已满,已售,阴,23,23,3,0.0,76,40
2026-05-21 19:30:46,2026-05-21,4,羽毛球馆-19号,18:30-19:30,1,1,已售/已满,已售,阴,23,24,2,0.0,77,39
2026-05-21 20:00:49,2026-05-21,4,羽毛球馆-19号,18:30-19:30,1,1,已售/已满,已售,雾,22,23,2,0.0,89,39
2026-05-21 20:30:44,2026-05-21,4,羽毛球馆-19号,18:30-19:30,1,1,已售/已满,已售,雾,22,24,2,0.0,93,43
2026-05-21 21:00:56,2026-05-21,4,羽毛球馆-19号,18:30-19:30,1,1,已售/已满,已售,雾,20,21,2,0.0,98,43
2026-05-21 21:30:46,2026-05-21,4,羽毛球馆-19号,18:30-19:30,1,1,已售/已满,已售,雾,20,22,1,0.0,99,41
2026-05-21 22:01:02,2026-05-21,4,羽毛球馆-19号,18:30-19:30,1,1,已售/已满,已售,雾,19,20,2,0.0,93,41
2026-05-21 22:30:47,2026-05-21,4,羽毛球馆-19号,18:30-19:30,1,1,已售/已满,已售,雾,19,19,3,0.0,88,46
2026-05-21 23:00:56,2026-05-21,4,羽毛球馆-19号,18:30-19:30,1,1,已售/已满,已售,多云,18,17,3,0.0,85,46
2026-05-21 23:30:55,2026-05-21,4,羽毛球馆-19号,18:30-19:30,1,1,已售/已满,已售,多云,18,17,3,0.0,85,48
2026-05-21 00:30:49,2026-05-21,4,羽毛球馆-19号,19:30-20:30,1,1,已售/已满,已售,多云,15,13,3,0.0,100,26
2026-05-21 01:00:55,2026-05-21,4,羽毛球馆-19号,19:30-20:30,1,1,已售/已满,已售,多云,15,12,4,0.0,100,26
2026-05-21 01:30:47,2026-05-21,4,羽毛球馆-19号,19:30-20:30,1,1,已售/已满,已售,多云,15,13,4,0.0,100,28
2026-05-21 02:00:53,2026-05-21,4,羽毛球馆-19号,19:30-20:30,1,1,已售/已满,已售,多云,15,12,4,0.0,100,28
2026-05-21 02:30:49,2026-05-21,4,羽毛球馆-19号,19:30-20:30,1,1,已售/已满,已售,多云,15,14,3,0.0,100,29
2026-05-21 03:00:55,2026-05-21,4,羽毛球馆-19号,19:30-20:30,1,1,已售/已满,已售,多云,15,12,4,0.0,100,29
2026-05-21 03:30:49,2026-05-21,4,羽毛球馆-19号,19:30-20:30,1,1,已售/已满,已售,多云,15,14,3,0.0,100,30
2026-05-21 04:30:45,2026-05-21,4,羽毛球馆-19号,19:30-20:30,1,1,已售/已满,已售,多云,15,12,4,0.0,100,29
2026-05-21 05:00:52,2026-05-21,4,羽毛球馆-19号,19:30-20:30,1,1,已售/已满,已售,多云,15,12,4,0.0,100,29
2026-05-21 05:30:49,2026-05-21,4,羽毛球馆-19号,19:30-20:30,1,1,已售/已满,已售,多云,15,13,3,0.0,100,28
2026-05-21 06:00:50,2026-05-21,4,羽毛球馆-19号,19:30-20:30,1,1,已售/已满,已售,多云,15,13,4,0.0,99,28
2026-05-21 06:30:38,2026-05-21,4,羽毛球馆-19号,19:30-20:30,1,1,已售/已满,已售,多云,15,13,3,0.0,97,28
2026-05-21 07:00:43,2026-05-21,4,羽毛球馆-19号,19:30-20:30,1,1,已售/已满,已售,晴,15,11,5,0.0,93,28
2026-05-21 07:30:39,2026-05-21,4,羽毛球馆-19号,19:30-20:30,1,1,已售/已满,已售,晴,17,13,4,0.0,89,29
2026-05-21 07:50:40,2026-05-21,4,羽毛球馆-19号,19:30-20:30,1,1,已售/已满,已售,晴,17,13,4,0.0,88,29
2026-05-21 07:53:31,2026-05-21,4,羽毛球馆-19号,19:30-20:30,1,1,已售/已满,已售,晴,17,12,5,0.0,86,29
2026-05-21 07:56:31,2026-05-21,4,羽毛球馆-19号,19:30-20:30,1,1,已售/已满,已售,晴,17,12,5,0.0,86,29
2026-05-21 07:59:26,2026-05-21,4,羽毛球馆-19号,19:30-20:30,1,1,已售/已满,已售,晴,17,12,5,0.0,86,29
2026-05-21 08:00:45,2026-05-21,4,羽毛球馆-19号,19:30-20:30,1,1,已售/已满,已售,晴,17,12,5,0.0,86,29
2026-05-21 08:02:30,2026-05-21,4,羽毛球馆-19号,19:30-20:30,1,1,已售/已满,已售,多云,17,12,5,0.0,87,29
2026-05-21 08:05:36,2026-05-21,4,羽毛球馆-19号,19:30-20:30,1,1,已售/已满,已售,多云,17,12,5,0.0,86,29
2026-05-21 08:08:31,2026-05-21,4,羽毛球馆-19号,19:30-20:30,1,1,已售/已满,已售,多云,17,12,5,0.0,86,29
2026-05-21 08:11:30,2026-05-21,4,羽毛球馆-19号,19:30-20:30,1,1,已售/已满,已售,多云,17,12,5,0.0,86,29
2026-05-21 08:14:31,2026-05-21,4,羽毛球馆-19号,19:30-20:30,1,1,已售/已满,已售,多云,17,12,5,0.0,86,29
2026-05-21 08:17:30,2026-05-21,4,羽毛球馆-19号,19:30-20:30,1,1,已售/已满,已售,多云,17,12,5,0.0,86,29
2026-05-21 08:20:35,2026-05-21,4,羽毛球馆-19号,19:30-20:30,1,1,已售/已满,已售,多云,17,14,4,0.0,85,29
2026-05-21 08:25:32,2026-05-21,4,羽毛球馆-19号,19:30-20:30,1,1,已售/已满,已售,多云,17,14,4,0.0,85,28
2026-05-21 08:30:42,2026-05-21,4,羽毛球馆-19号,19:30-20:30,1,1,已售/已满,已售,多云,18,15,4,0.0,84,28
2026-05-21 08:35:31,2026-05-21,4,羽毛球馆-19号,19:30-20:30,1,1,已售/已满,已售,多云,18,15,4,0.0,84,28
2026-05-21 08:40:38,2026-05-21,4,羽毛球馆-19号,19:30-20:30,1,1,已售/已满,已售,多云,18,15,4,0.0,82,28
2026-05-21 08:45:33,2026-05-21,4,羽毛球馆-19号,19:30-20:30,1,1,已售/已满,已售,多云,18,15,4,0.0,82,28
2026-05-21 08:50:36,2026-05-21,4,羽毛球馆-19号,19:30-20:30,1,1,已售/已满,已售,多云,18,15,4,0.0,82,28
2026-05-21 08:55:34,2026-05-21,4,羽毛球馆-19号,19:30-20:30,1,1,已售/已满,已售,多云,18,15,4,0.0,84,28
2026-05-21 09:00:51,2026-05-21,4,羽毛球馆-19号,19:30-20:30,1,1,已售/已满,已售,多云,18,15,4,0.0,84,28
2026-05-21 09:01:59,2026-05-21,4,羽毛球馆-19号,19:30-20:30,1,1,已售/已满,已售,多云,18,15,4,0.0,83,28
2026-05-21 09:05:33,2026-05-21,4,羽毛球馆-19号,19:30-20:30,1,1,已售/已满,已售,多云,18,15,4,0.0,83,28
2026-05-21 09:20:38,2026-05-21,4,羽毛球馆-19号,19:30-20:30,1,1,已售/已满,已售,多云,18,16,3,0.0,81,28
2026-05-21 09:30:46,2026-05-21,4,羽毛球馆-19号,19:30-20:30,1,1,已售/已满,已售,多云,18,16,3,0.0,81,32
2026-05-21 09:40:36,2026-05-21,4,羽毛球馆-19号,19:30-20:30,1,1,已售/已满,已售,多云,19,17,3,0.0,79,32
2026-05-21 09:50:42,2026-05-21,4,羽毛球馆-19号,19:30-20:30,1,1,已售/已满,已售,多云,19,17,4,0.0,81,32
2026-05-21 10:00:46,2026-05-21,4,羽毛球馆-19号,19:30-20:30,1,1,已售/已满,已售,多云,19,17,4,0.0,79,32
2026-05-21 10:10:40,2026-05-21,4,羽毛球馆-19号,19:30-20:30,1,1,已售/已满,已售,多云,19,17,4,0.0,79,32
2026-05-21 10:20:38,2026-05-21,4,羽毛球馆-19号,19:30-20:30,1,1,已售/已满,已售,多云,19,17,4,0.0,79,32
2026-05-21 10:30:41,2026-05-21,4,羽毛球馆-19号,19:30-20:30,1,1,已售/已满,已售,多云,19,18,3,0.0,78,31
2026-05-21 11:00:44,2026-05-21,4,羽毛球馆-19号,19:30-20:30,1,1,已售/已满,已售,多云,21,17,5,0.0,74,31
2026-05-21 11:30:38,2026-05-21,4,羽毛球馆-19号,19:30-20:30,1,1,已售/已满,已售,多云,21,19,3,0.0,72,33
2026-05-21 12:00:46,2026-05-21,4,羽毛球馆-19号,19:30-20:30,1,1,已售/已满,已售,多云,22,19,4,0.0,70,33
2026-05-21 12:30:42,2026-05-21,4,羽毛球馆-19号,19:30-20:30,1,1,已售/已满,已售,多云,22,21,3,0.0,68,35
2026-05-21 13:00:43,2026-05-21,4,羽毛球馆-19号,19:30-20:30,1,1,已售/已满,已售,多云,24,22,4,0.0,66,35
2026-05-21 13:30:43,2026-05-21,4,羽毛球馆-19号,19:30-20:30,1,1,已售/已满,已售,多云,24,22,4,0.0,66,36
2026-05-21 14:00:48,2026-05-21,4,羽毛球馆-19号,19:30-20:30,1,1,已售/已满,已售,多云,25,23,4,0.0,66,36
2026-05-21 14:30:45,2026-05-21,4,羽毛球馆-19号,19:30-20:30,1,1,已售/已满,已售,晴,25,25,3,0.0,65,39
2026-05-21 15:00:45,2026-05-21,4,羽毛球馆-19号,19:30-20:30,1,1,已售/已满,已售,晴,25,22,4,0.0,56,39
2026-05-21 15:30:43,2026-05-21,4,羽毛球馆-19号,19:30-20:30,1,1,已售/已满,已售,晴,25,23,4,0.0,57,40
2026-05-21 16:00:51,2026-05-21,4,羽毛球馆-19号,19:30-20:30,1,1,已售/已满,已售,晴,25,23,4,0.0,57,40
2026-05-21 16:30:48,2026-05-21,4,羽毛球馆-19号,19:30-20:30,1,1,已售/已满,已售,晴,25,24,3,0.0,60,39
2026-05-21 17:00:49,2026-05-21,4,羽毛球馆-19号,19:30-20:30,1,1,已售/已满,已售,晴,25,24,4,0.0,61,39
2026-05-21 17:30:47,2026-05-21,4,羽毛球馆-19号,19:30-20:30,1,1,已售/已满,已售,多云,24,23,3,0.0,64,39
2026-05-21 18:00:50,2026-05-21,4,羽毛球馆-19号,19:30-20:30,1,1,已售/已满,已售,多云,24,23,3,0.0,68,39
2026-05-21 18:30:50,2026-05-21,4,羽毛球馆-19号,19:30-20:30,1,1,已售/已满,已售,阴,24,25,2,0.0,68,40
2026-05-21 19:00:50,2026-05-21,4,羽毛球馆-19号,19:30-20:30,1,1,已售/已满,已售,阴,23,23,3,0.0,76,40
2026-05-21 19:30:46,2026-05-21,4,羽毛球馆-19号,19:30-20:30,1,1,已售/已满,已售,阴,23,24,2,0.0,77,39
2026-05-21 20:00:49,2026-05-21,4,羽毛球馆-19号,19:30-20:30,1,1,已售/已满,已售,雾,22,23,2,0.0,89,39
2026-05-21 20:30:44,2026-05-21,4,羽毛球馆-19号,19:30-20:30,1,1,已售/已满,已售,雾,22,24,2,0.0,93,43
2026-05-21 21:00:56,2026-05-21,4,羽毛球馆-19号,19:30-20:30,1,1,已售/已满,已售,雾,20,21,2,0.0,98,43
2026-05-21 21:30:46,2026-05-21,4,羽毛球馆-19号,19:30-20:30,1,1,已售/已满,已售,雾,20,22,1,0.0,99,41
2026-05-21 22:01:02,2026-05-21,4,羽毛球馆-19号,19:30-20:30,1,1,已售/已满,已售,雾,19,20,2,0.0,93,41
2026-05-21 22:30:47,2026-05-21,4,羽毛球馆-19号,19:30-20:30,1,1,已售/已满,已售,雾,19,19,3,0.0,88,46
2026-05-21 23:00:56,2026-05-21,4,羽毛球馆-19号,19:30-20:30,1,1,已售/已满,已售,多云,18,17,3,0.0,85,46
2026-05-21 23:30:55,2026-05-21,4,羽毛球馆-19号,19:30-20:30,1,1,已售/已满,已售,多云,18,17,3,0.0,85,48
2026-05-21 00:30:49,2026-05-21,4,羽毛球馆-19号,20:30-21:30,1,1,已售/已满,已售,多云,15,13,3,0.0,100,26
2026-05-21 01:00:55,2026-05-21,4,羽毛球馆-19号,20:30-21:30,1,1,已售/已满,已售,多云,15,12,4,0.0,100,26
2026-05-21 01:30:47,2026-05-21,4,羽毛球馆-19号,20:30-21:30,1,1,已售/已满,已售,多云,15,13,4,0.0,100,28
2026-05-21 02:00:53,2026-05-21,4,羽毛球馆-19号,20:30-21:30,1,1,已售/已满,已售,多云,15,12,4,0.0,100,28
2026-05-21 02:30:49,2026-05-21,4,羽毛球馆-19号,20:30-21:30,1,1,已售/已满,已售,多云,15,14,3,0.0,100,29
2026-05-21 03:00:55,2026-05-21,4,羽毛球馆-19号,20:30-21:30,1,1,已售/已满,已售,多云,15,12,4,0.0,100,29
2026-05-21 03:30:49,2026-05-21,4,羽毛球馆-19号,20:30-21:30,1,1,已售/已满,已售,多云,15,14,3,0.0,100,30
2026-05-21 04:30:45,2026-05-21,4,羽毛球馆-19号,20:30-21:30,1,1,已售/已满,已售,多云,15,12,4,0.0,100,29
2026-05-21 05:00:52,2026-05-21,4,羽毛球馆-19号,20:30-21:30,1,1,已售/已满,已售,多云,15,12,4,0.0,100,29
2026-05-21 05:30:49,2026-05-21,4,羽毛球馆-19号,20:30-21:30,1,1,已售/已满,已售,多云,15,13,3,0.0,100,28
2026-05-21 06:00:50,2026-05-21,4,羽毛球馆-19号,20:30-21:30,1,1,已售/已满,已售,多云,15,13,4,0.0,99,28
2026-05-21 06:30:38,2026-05-21,4,羽毛球馆-19号,20:30-21:30,1,1,已售/已满,已售,多云,15,13,3,0.0,97,28
2026-05-21 07:00:43,2026-05-21,4,羽毛球馆-19号,20:30-21:30,1,1,已售/已满,已售,晴,15,11,5,0.0,93,28
2026-05-21 07:30:39,2026-05-21,4,羽毛球馆-19号,20:30-21:30,1,1,已售/已满,已售,晴,17,13,4,0.0,89,29
2026-05-21 07:50:40,2026-05-21,4,羽毛球馆-19号,20:30-21:30,1,1,已售/已满,已售,晴,17,13,4,0.0,88,29
2026-05-21 07:53:31,2026-05-21,4,羽毛球馆-19号,20:30-21:30,1,1,已售/已满,已售,晴,17,12,5,0.0,86,29
2026-05-21 07:56:31,2026-05-21,4,羽毛球馆-19号,20:30-21:30,1,1,已售/已满,已售,晴,17,12,5,0.0,86,29
2026-05-21 07:59:26,2026-05-21,4,羽毛球馆-19号,20:30-21:30,1,1,已售/已满,已售,晴,17,12,5,0.0,86,29
2026-05-21 08:00:45,2026-05-21,4,羽毛球馆-19号,20:30-21:30,1,1,已售/已满,已售,晴,17,12,5,0.0,86,29
2026-05-21 08:02:30,2026-05-21,4,羽毛球馆-19号,20:30-21:30,1,1,已售/已满,已售,多云,17,12,5,0.0,87,29
2026-05-21 08:05:36,2026-05-21,4,羽毛球馆-19号,20:30-21:30,1,1,已售/已满,已售,多云,17,12,5,0.0,86,29
2026-05-21 08:08:31,2026-05-21,4,羽毛球馆-19号,20:30-21:30,1,1,已售/已满,已售,多云,17,12,5,0.0,86,29
2026-05-21 08:11:30,2026-05-21,4,羽毛球馆-19号,20:30-21:30,1,1,已售/已满,已售,多云,17,12,5,0.0,86,29
2026-05-21 08:14:31,2026-05-21,4,羽毛球馆-19号,20:30-21:30,1,1,已售/已满,已售,多云,17,12,5,0.0,86,29
2026-05-21 08:17:30,2026-05-21,4,羽毛球馆-19号,20:30-21:30,1,1,已售/已满,已售,多云,17,12,5,0.0,86,29
2026-05-21 08:20:35,2026-05-21,4,羽毛球馆-19号,20:30-21:30,1,1,已售/已满,已售,多云,17,14,4,0.0,85,29
2026-05-21 08:25:32,2026-05-21,4,羽毛球馆-19号,20:30-21:30,1,1,已售/已满,已售,多云,17,14,4,0.0,85,28
2026-05-21 08:30:42,2026-05-21,4,羽毛球馆-19号,20:30-21:30,1,1,已售/已满,已售,多云,18,15,4,0.0,84,28
2026-05-21 08:35:31,2026-05-21,4,羽毛球馆-19号,20:30-21:30,1,1,已售/已满,已售,多云,18,15,4,0.0,84,28
2026-05-21 08:40:38,2026-05-21,4,羽毛球馆-19号,20:30-21:30,1,1,已售/已满,已售,多云,18,15,4,0.0,82,28
2026-05-21 08:45:33,2026-05-21,4,羽毛球馆-19号,20:30-21:30,1,1,已售/已满,已售,多云,18,15,4,0.0,82,28
2026-05-21 08:50:36,2026-05-21,4,羽毛球馆-19号,20:30-21:30,1,1,已售/已满,已售,多云,18,15,4,0.0,82,28
2026-05-21 08:55:34,2026-05-21,4,羽毛球馆-19号,20:30-21:30,1,1,已售/已满,已售,多云,18,15,4,0.0,84,28
2026-05-21 09:00:51,2026-05-21,4,羽毛球馆-19号,20:30-21:30,1,1,已售/已满,已售,多云,18,15,4,0.0,84,28
2026-05-21 09:01:59,2026-05-21,4,羽毛球馆-19号,20:30-21:30,1,1,已售/已满,已售,多云,18,15,4,0.0,83,28
2026-05-21 09:05:33,2026-05-21,4,羽毛球馆-19号,20:30-21:30,1,1,已售/已满,已售,多云,18,15,4,0.0,83,28
2026-05-21 09:20:38,2026-05-21,4,羽毛球馆-19号,20:30-21:30,1,1,已售/已满,已售,多云,18,16,3,0.0,81,28
2026-05-21 09:30:46,2026-05-21,4,羽毛球馆-19号,20:30-21:30,1,1,已售/已满,已售,多云,18,16,3,0.0,81,32
2026-05-21 09:40:36,2026-05-21,4,羽毛球馆-19号,20:30-21:30,1,1,已售/已满,已售,多云,19,17,3,0.0,79,32
2026-05-21 09:50:42,2026-05-21,4,羽毛球馆-19号,20:30-21:30,1,1,已售/已满,已售,多云,19,17,4,0.0,81,32
2026-05-21 10:00:46,2026-05-21,4,羽毛球馆-19号,20:30-21:30,1,1,已售/已满,已售,多云,19,17,4,0.0,79,32
2026-05-21 10:10:40,2026-05-21,4,羽毛球馆-19号,20:30-21:30,1,1,已售/已满,已售,多云,19,17,4,0.0,79,32
2026-05-21 10:20:38,2026-05-21,4,羽毛球馆-19号,20:30-21:30,1,1,已售/已满,已售,多云,19,17,4,0.0,79,32
2026-05-21 10:30:41,2026-05-21,4,羽毛球馆-19号,20:30-21:30,1,1,已售/已满,已售,多云,19,18,3,0.0,78,31
2026-05-21 11:00:44,2026-05-21,4,羽毛球馆-19号,20:30-21:30,1,1,已售/已满,已售,多云,21,17,5,0.0,74,31
2026-05-21 11:30:38,2026-05-21,4,羽毛球馆-19号,20:30-21:30,1,1,已售/已满,已售,多云,21,19,3,0.0,72,33
2026-05-21 12:00:46,2026-05-21,4,羽毛球馆-19号,20:30-21:30,1,1,已售/已满,已售,多云,22,19,4,0.0,70,33
2026-05-21 12:30:42,2026-05-21,4,羽毛球馆-19号,20:30-21:30,1,1,已售/已满,已售,多云,22,21,3,0.0,68,35
2026-05-21 13:00:43,2026-05-21,4,羽毛球馆-19号,20:30-21:30,1,1,已售/已满,已售,多云,24,22,4,0.0,66,35
2026-05-21 13:30:43,2026-05-21,4,羽毛球馆-19号,20:30-21:30,1,1,已售/已满,已售,多云,24,22,4,0.0,66,36
2026-05-21 14:00:48,2026-05-21,4,羽毛球馆-19号,20:30-21:30,1,1,已售/已满,已售,多云,25,23,4,0.0,66,36
2026-05-21 14:30:45,2026-05-21,4,羽毛球馆-19号,20:30-21:30,1,1,已售/已满,已售,晴,25,25,3,0.0,65,39
2026-05-21 15:00:45,2026-05-21,4,羽毛球馆-19号,20:30-21:30,1,1,已售/已满,已售,晴,25,22,4,0.0,56,39
2026-05-21 15:30:43,2026-05-21,4,羽毛球馆-19号,20:30-21:30,1,1,已售/已满,已售,晴,25,23,4,0.0,57,40
2026-05-21 16:00:51,2026-05-21,4,羽毛球馆-19号,20:30-21:30,1,1,已售/已满,已售,晴,25,23,4,0.0,57,40
2026-05-21 16:30:48,2026-05-21,4,羽毛球馆-19号,20:30-21:30,1,1,已售/已满,已售,晴,25,24,3,0.0,60,39
2026-05-21 17:00:49,2026-05-21,4,羽毛球馆-19号,20:30-21:30,1,1,已售/已满,已售,晴,25,24,4,0.0,61,39
2026-05-21 17:30:47,2026-05-21,4,羽毛球馆-19号,20:30-21:30,1,1,已售/已满,已售,多云,24,23,3,0.0,64,39
2026-05-21 18:00:50,2026-05-21,4,羽毛球馆-19号,20:30-21:30,1,1,已售/已满,已售,多云,24,23,3,0.0,68,39
2026-05-21 18:30:50,2026-05-21,4,羽毛球馆-19号,20:30-21:30,1,1,已售/已满,已售,阴,24,25,2,0.0,68,40
2026-05-21 19:00:50,2026-05-21,4,羽毛球馆-19号,20:30-21:30,1,1,已售/已满,已售,阴,23,23,3,0.0,76,40
2026-05-21 19:30:46,2026-05-21,4,羽毛球馆-19号,20:30-21:30,1,1,已售/已满,已售,阴,23,24,2,0.0,77,39
2026-05-21 20:00:49,2026-05-21,4,羽毛球馆-19号,20:30-21:30,1,1,已售/已满,已售,雾,22,23,2,0.0,89,39
2026-05-21 20:30:44,2026-05-21,4,羽毛球馆-19号,20:30-21:30,1,1,已售/已满,已售,雾,22,24,2,0.0,93,43
2026-05-21 21:00:56,2026-05-21,4,羽毛球馆-19号,20:30-21:30,1,1,已售/已满,已售,雾,20,21,2,0.0,98,43
2026-05-21 21:30:46,2026-05-21,4,羽毛球馆-19号,20:30-21:30,1,1,已售/已满,已售,雾,20,22,1,0.0,99,41
2026-05-21 22:01:02,2026-05-21,4,羽毛球馆-19号,20:30-21:30,1,1,已售/已满,已售,雾,19,20,2,0.0,93,41
2026-05-21 22:30:47,2026-05-21,4,羽毛球馆-19号,20:30-21:30,1,1,已售/已满,已售,雾,19,19,3,0.0,88,46
2026-05-21 23:00:56,2026-05-21,4,羽毛球馆-19号,20:30-21:30,1,1,已售/已满,已售,多云,18,17,3,0.0,85,46
2026-05-21 23:30:55,2026-05-21,4,羽毛球馆-19号,20:30-21:30,1,1,已售/已满,已售,多云,18,17,3,0.0,85,48
2026-05-21 00:30:49,2026-05-21,4,羽毛球馆-1号,07:00-08:00,1,1,已售/已满,已售,多云,15,13,3,0.0,100,26
2026-05-21 01:00:55,2026-05-21,4,羽毛球馆-1号,07:00-08:00,1,1,已售/已满,已售,多云,15,12,4,0.0,100,26
2026-05-21 01:30:47,2026-05-21,4,羽毛球馆-1号,07:00-08:00,1,1,已售/已满,已售,多云,15,13,4,0.0,100,28
2026-05-21 02:00:53,2026-05-21,4,羽毛球馆-1号,07:00-08:00,1,1,已售/已满,已售,多云,15,12,4,0.0,100,28
2026-05-21 02:30:49,2026-05-21,4,羽毛球馆-1号,07:00-08:00,1,1,已售/已满,已售,多云,15,14,3,0.0,100,29
2026-05-21 03:00:55,2026-05-21,4,羽毛球馆-1号,07:00-08:00,1,1,已售/已满,已售,多云,15,12,4,0.0,100,29
2026-05-21 03:30:49,2026-05-21,4,羽毛球馆-1号,07:00-08:00,1,1,已售/已满,已售,多云,15,14,3,0.0,100,30
2026-05-21 04:30:45,2026-05-21,4,羽毛球馆-1号,07:00-08:00,1,1,已售/已满,已售,多云,15,12,4,0.0,100,29
2026-05-21 05:00:52,2026-05-21,4,羽毛球馆-1号,07:00-08:00,1,1,已售/已满,已售,多云,15,12,4,0.0,100,29
2026-05-21 05:30:49,2026-05-21,4,羽毛球馆-1号,07:00-08:00,1,1,已售/已满,已售,多云,15,13,3,0.0,100,28
2026-05-21 06:00:50,2026-05-21,4,羽毛球馆-1号,07:00-08:00,1,1,已售/已满,已售,多云,15,13,4,0.0,99,28
2026-05-21 06:30:38,2026-05-21,4,羽毛球馆-1号,07:00-08:00,1,1,已售/已满,已售,多云,15,13,3,0.0,97,28
2026-05-21 07:00:43,2026-05-21,4,羽毛球馆-1号,07:00-08:00,1,1,已售/已满,已售,晴,15,11,5,0.0,93,28
2026-05-21 07:30:39,2026-05-21,4,羽毛球馆-1号,07:00-08:00,1,1,已售/已满,已售,晴,17,13,4,0.0,89,29
2026-05-21 07:50:40,2026-05-21,4,羽毛球馆-1号,07:00-08:00,1,1,已售/已满,已售,晴,17,13,4,0.0,88,29
2026-05-21 07:53:31,2026-05-21,4,羽毛球馆-1号,07:00-08:00,1,1,已售/已满,已售,晴,17,12,5,0.0,86,29
2026-05-21 07:56:31,2026-05-21,4,羽毛球馆-1号,07:00-08:00,1,1,已售/已满,已售,晴,17,12,5,0.0,86,29
2026-05-21 07:59:26,2026-05-21,4,羽毛球馆-1号,07:00-08:00,1,1,已售/已满,已售,晴,17,12,5,0.0,86,29
2026-05-21 08:00:45,2026-05-21,4,羽毛球馆-1号,07:00-08:00,1,1,已售/已满,已售,晴,17,12,5,0.0,86,29
2026-05-21 08:02:30,2026-05-21,4,羽毛球馆-1号,07:00-08:00,1,1,已售/已满,已售,多云,17,12,5,0.0,87,29
2026-05-21 08:05:36,2026-05-21,4,羽毛球馆-1号,07:00-08:00,1,1,已售/已满,已售,多云,17,12,5,0.0,86,29
2026-05-21 08:08:31,2026-05-21,4,羽毛球馆-1号,07:00-08:00,1,1,已售/已满,已售,多云,17,12,5,0.0,86,29
2026-05-21 08:11:30,2026-05-21,4,羽毛球馆-1号,07:00-08:00,1,1,已售/已满,已售,多云,17,12,5,0.0,86,29
2026-05-21 08:14:31,2026-05-21,4,羽毛球馆-1号,07:00-08:00,1,1,已售/已满,已售,多云,17,12,5,0.0,86,29
2026-05-21 08:17:30,2026-05-21,4,羽毛球馆-1号,07:00-08:00,1,1,已售/已满,已售,多云,17,12,5,0.0,86,29
2026-05-21 08:20:35,2026-05-21,4,羽毛球馆-1号,07:00-08:00,1,1,已售/已满,已售,多云,17,14,4,0.0,85,29
2026-05-21 08:25:32,2026-05-21,4,羽毛球馆-1号,07:00-08:00,1,1,已售/已满,已售,多云,17,14,4,0.0,85,28
2026-05-21 08:30:42,2026-05-21,4,羽毛球馆-1号,07:00-08:00,1,1,已售/已满,已售,多云,18,15,4,0.0,84,28
2026-05-21 08:35:31,2026-05-21,4,羽毛球馆-1号,07:00-08:00,1,1,已售/已满,已售,多云,18,15,4,0.0,84,28
2026-05-21 08:40:38,2026-05-21,4,羽毛球馆-1号,07:00-08:00,1,1,已售/已满,已售,多云,18,15,4,0.0,82,28
2026-05-21 08:45:33,2026-05-21,4,羽毛球馆-1号,07:00-08:00,1,1,已售/已满,已售,多云,18,15,4,0.0,82,28
2026-05-21 08:50:36,2026-05-21,4,羽毛球馆-1号,07:00-08:00,1,1,已售/已满,已售,多云,18,15,4,0.0,82,28
2026-05-21 08:55:34,2026-05-21,4,羽毛球馆-1号,07:00-08:00,1,1,已售/已满,已售,多云,18,15,4,0.0,84,28
2026-05-21 09:00:51,2026-05-21,4,羽毛球馆-1号,07:00-08:00,1,1,已售/已满,已售,多云,18,15,4,0.0,84,28
2026-05-21 09:01:59,2026-05-21,4,羽毛球馆-1号,07:00-08:00,1,1,已售/已满,已售,多云,18,15,4,0.0,83,28
2026-05-21 09:05:33,2026-05-21,4,羽毛球馆-1号,07:00-08:00,1,1,已售/已满,已售,多云,18,15,4,0.0,83,28
2026-05-21 09:20:38,2026-05-21,4,羽毛球馆-1号,07:00-08:00,1,1,已售/已满,已售,多云,18,16,3,0.0,81,28
2026-05-21 09:30:46,2026-05-21,4,羽毛球馆-1号,07:00-08:00,1,1,已售/已满,已售,多云,18,16,3,0.0,81,32
2026-05-21 09:40:36,2026-05-21,4,羽毛球馆-1号,07:00-08:00,1,1,已售/已满,已售,多云,19,17,3,0.0,79,32
2026-05-21 09:50:42,2026-05-21,4,羽毛球馆-1号,07:00-08:00,1,1,已售/已满,已售,多云,19,17,4,0.0,81,32
2026-05-21 10:00:46,2026-05-21,4,羽毛球馆-1号,07:00-08:00,1,1,已售/已满,已售,多云,19,17,4,0.0,79,32
2026-05-21 10:10:40,2026-05-21,4,羽毛球馆-1号,07:00-08:00,1,1,已售/已满,已售,多云,19,17,4,0.0,79,32
2026-05-21 10:20:38,2026-05-21,4,羽毛球馆-1号,07:00-08:00,1,1,已售/已满,已售,多云,19,17,4,0.0,79,32
2026-05-21 10:30:41,2026-05-21,4,羽毛球馆-1号,07:00-08:00,1,1,已售/已满,已售,多云,19,18,3,0.0,78,31
2026-05-21 11:00:44,2026-05-21,4,羽毛球馆-1号,07:00-08:00,1,1,已售/已满,已售,多云,21,17,5,0.0,74,31
2026-05-21 11:30:38,2026-05-21,4,羽毛球馆-1号,07:00-08:00,1,1,已售/已满,已售,多云,21,19,3,0.0,72,33
2026-05-21 12:00:46,2026-05-21,4,羽毛球馆-1号,07:00-08:00,1,1,已售/已满,已售,多云,22,19,4,0.0,70,33
2026-05-21 12:30:42,2026-05-21,4,羽毛球馆-1号,07:00-08:00,1,1,已售/已满,已售,多云,22,21,3,0.0,68,35
2026-05-21 13:00:43,2026-05-21,4,羽毛球馆-1号,07:00-08:00,1,1,已售/已满,已售,多云,24,22,4,0.0,66,35
2026-05-21 13:30:43,2026-05-21,4,羽毛球馆-1号,07:00-08:00,1,1,已售/已满,已售,多云,24,22,4,0.0,66,36
2026-05-21 14:00:48,2026-05-21,4,羽毛球馆-1号,07:00-08:00,1,1,已售/已满,已售,多云,25,23,4,0.0,66,36
2026-05-21 14:30:45,2026-05-21,4,羽毛球馆-1号,07:00-08:00,1,1,已售/已满,已售,晴,25,25,3,0.0,65,39
2026-05-21 15:00:45,2026-05-21,4,羽毛球馆-1号,07:00-08:00,1,1,已售/已满,已售,晴,25,22,4,0.0,56,39
2026-05-21 15:30:43,2026-05-21,4,羽毛球馆-1号,07:00-08:00,1,1,已售/已满,已售,晴,25,23,4,0.0,57,40
2026-05-21 16:00:51,2026-05-21,4,羽毛球馆-1号,07:00-08:00,1,1,已售/已满,已售,晴,25,23,4,0.0,57,40
2026-05-21 16:30:48,2026-05-21,4,羽毛球馆-1号,07:00-08:00,1,1,已售/已满,已售,晴,25,24,3,0.0,60,39
2026-05-21 17:00:49,2026-05-21,4,羽毛球馆-1号,07:00-08:00,1,1,已售/已满,已售,晴,25,24,4,0.0,61,39
2026-05-21 17:30:47,2026-05-21,4,羽毛球馆-1号,07:00-08:00,1,1,已售/已满,已售,多云,24,23,3,0.0,64,39
2026-05-21 18:00:50,2026-05-21,4,羽毛球馆-1号,07:00-08:00,1,1,已售/已满,已售,多云,24,23,3,0.0,68,39
2026-05-21 18:30:50,2026-05-21,4,羽毛球馆-1号,07:00-08:00,1,1,已售/已满,已售,阴,24,25,2,0.0,68,40
2026-05-21 19:00:50,2026-05-21,4,羽毛球馆-1号,07:00-08:00,1,1,已售/已满,已售,阴,23,23,3,0.0,76,40
2026-05-21 19:30:46,2026-05-21,4,羽毛球馆-1号,07:00-08:00,1,1,已售/已满,已售,阴,23,24,2,0.0,77,39
2026-05-21 20:00:49,2026-05-21,4,羽毛球馆-1号,07:00-08:00,1,1,已售/已满,已售,雾,22,23,2,0.0,89,39
2026-05-21 20:30:44,2026-05-21,4,羽毛球馆-1号,07:00-08:00,1,1,已售/已满,已售,雾,22,24,2,0.0,93,43
2026-05-21 21:00:56,2026-05-21,4,羽毛球馆-1号,07:00-08:00,1,1,已售/已满,已售,雾,20,21,2,0.0,98,43
2026-05-21 21:30:46,2026-05-21,4,羽毛球馆-1号,07:00-08:00,1,1,已售/已满,已售,雾,20,22,1,0.0,99,41
2026-05-21 22:01:02,2026-05-21,4,羽毛球馆-1号,07:00-08:00,1,1,已售/已满,已售,雾,19,20,2,0.0,93,41
2026-05-21 22:30:47,2026-05-21,4,羽毛球馆-1号,07:00-08:00,1,1,已售/已满,已售,雾,19,19,3,0.0,88,46
2026-05-21 23:00:56,2026-05-21,4,羽毛球馆-1号,07:00-08:00,1,1,已售/已满,已售,多云,18,17,3,0.0,85,46
2026-05-21 23:30:55,2026-05-21,4,羽毛球馆-1号,07:00-08:00,1,1,已售/已满,已售,多云,18,17,3,0.0,85,48
2026-05-21 00:30:49,2026-05-21,4,羽毛球馆-1号,08:00-09:00,1,1,已售/已满,已售,多云,15,13,3,0.0,100,26
2026-05-21 01:00:55,2026-05-21,4,羽毛球馆-1号,08:00-09:00,1,1,已售/已满,已售,多云,15,12,4,0.0,100,26
2026-05-21 01:30:47,2026-05-21,4,羽毛球馆-1号,08:00-09:00,1,1,已售/已满,已售,多云,15,13,4,0.0,100,28
2026-05-21 02:00:53,2026-05-21,4,羽毛球馆-1号,08:00-09:00,1,1,已售/已满,已售,多云,15,12,4,0.0,100,28
2026-05-21 02:30:49,2026-05-21,4,羽毛球馆-1号,08:00-09:00,1,1,已售/已满,已售,多云,15,14,3,0.0,100,29
2026-05-21 03:00:55,2026-05-21,4,羽毛球馆-1号,08:00-09:00,1,1,已售/已满,已售,多云,15,12,4,0.0,100,29
2026-05-21 03:30:49,2026-05-21,4,羽毛球馆-1号,08:00-09:00,1,1,已售/已满,已售,多云,15,14,3,0.0,100,30
2026-05-21 04:30:45,2026-05-21,4,羽毛球馆-1号,08:00-09:00,1,1,已售/已满,已售,多云,15,12,4,0.0,100,29
2026-05-21 05:00:52,2026-05-21,4,羽毛球馆-1号,08:00-09:00,1,1,已售/已满,已售,多云,15,12,4,0.0,100,29
2026-05-21 05:30:49,2026-05-21,4,羽毛球馆-1号,08:00-09:00,1,1,已售/已满,已售,多云,15,13,3,0.0,100,28
2026-05-21 06:00:50,2026-05-21,4,羽毛球馆-1号,08:00-09:00,1,1,已售/已满,已售,多云,15,13,4,0.0,99,28
2026-05-21 06:30:38,2026-05-21,4,羽毛球馆-1号,08:00-09:00,1,1,已售/已满,已售,多云,15,13,3,0.0,97,28
2026-05-21 07:00:43,2026-05-21,4,羽毛球馆-1号,08:00-09:00,1,1,已售/已满,已售,晴,15,11,5,0.0,93,28
2026-05-21 07:30:39,2026-05-21,4,羽毛球馆-1号,08:00-09:00,1,1,已售/已满,已售,晴,17,13,4,0.0,89,29
2026-05-21 07:50:40,2026-05-21,4,羽毛球馆-1号,08:00-09:00,1,1,已售/已满,已售,晴,17,13,4,0.0,88,29
2026-05-21 07:53:31,2026-05-21,4,羽毛球馆-1号,08:00-09:00,1,1,已售/已满,已售,晴,17,12,5,0.0,86,29
2026-05-21 07:56:31,2026-05-21,4,羽毛球馆-1号,08:00-09:00,1,1,已售/已满,已售,晴,17,12,5,0.0,86,29
2026-05-21 07:59:26,2026-05-21,4,羽毛球馆-1号,08:00-09:00,1,1,已售/已满,已售,晴,17,12,5,0.0,86,29
2026-05-21 08:00:45,2026-05-21,4,羽毛球馆-1号,08:00-09:00,1,1,已售/已满,已售,晴,17,12,5,0.0,86,29
2026-05-21 08:02:30,2026-05-21,4,羽毛球馆-1号,08:00-09:00,1,1,已售/已满,已售,多云,17,12,5,0.0,87,29
2026-05-21 08:05:36,2026-05-21,4,羽毛球馆-1号,08:00-09:00,1,1,已售/已满,已售,多云,17,12,5,0.0,86,29
2026-05-21 08:08:31,2026-05-21,4,羽毛球馆-1号,08:00-09:00,1,1,已售/已满,已售,多云,17,12,5,0.0,86,29
2026-05-21 08:11:30,2026-05-21,4,羽毛球馆-1号,08:00-09:00,1,1,已售/已满,已售,多云,17,12,5,0.0,86,29
2026-05-21 08:14:31,2026-05-21,4,羽毛球馆-1号,08:00-09:00,1,1,已售/已满,已售,多云,17,12,5,0.0,86,29
2026-05-21 08:17:30,2026-05-21,4,羽毛球馆-1号,08:00-09:00,1,1,已售/已满,已售,多云,17,12,5,0.0,86,29
2026-05-21 08:20:35,2026-05-21,4,羽毛球馆-1号,08:00-09:00,1,1,已售/已满,已售,多云,17,14,4,0.0,85,29
2026-05-21 08:25:32,2026-05-21,4,羽毛球馆-1号,08:00-09:00,1,1,已售/已满,已售,多云,17,14,4,0.0,85,28
2026-05-21 08:30:42,2026-05-21,4,羽毛球馆-1号,08:00-09:00,1,1,已售/已满,已售,多云,18,15,4,0.0,84,28
2026-05-21 08:35:31,2026-05-21,4,羽毛球馆-1号,08:00-09:00,1,1,已售/已满,已售,多云,18,15,4,0.0,84,28
2026-05-21 08:40:38,2026-05-21,4,羽毛球馆-1号,08:00-09:00,1,1,已售/已满,已售,多云,18,15,4,0.0,82,28
2026-05-21 08:45:33,2026-05-21,4,羽毛球馆-1号,08:00-09:00,1,1,已售/已满,已售,多云,18,15,4,0.0,82,28
2026-05-21 08:50:36,2026-05-21,4,羽毛球馆-1号,08:00-09:00,1,1,已售/已满,已售,多云,18,15,4,0.0,82,28
2026-05-21 08:55:34,2026-05-21,4,羽毛球馆-1号,08:00-09:00,1,1,已售/已满,已售,多云,18,15,4,0.0,84,28
2026-05-21 09:00:51,2026-05-21,4,羽毛球馆-1号,08:00-09:00,1,1,已售/已满,已售,多云,18,15,4,0.0,84,28
2026-05-21 09:01:59,2026-05-21,4,羽毛球馆-1号,08:00-09:00,1,1,已售/已满,已售,多云,18,15,4,0.0,83,28
2026-05-21 09:05:33,2026-05-21,4,羽毛球馆-1号,08:00-09:00,1,1,已售/已满,已售,多云,18,15,4,0.0,83,28
2026-05-21 09:20:38,2026-05-21,4,羽毛球馆-1号,08:00-09:00,1,1,已售/已满,已售,多云,18,16,3,0.0,81,28
2026-05-21 09:30:46,2026-05-21,4,羽毛球馆-1号,08:00-09:00,1,1,已售/已满,已售,多云,18,16,3,0.0,81,32
2026-05-21 09:40:36,2026-05-21,4,羽毛球馆-1号,08:00-09:00,1,1,已售/已满,已售,多云,19,17,3,0.0,79,32
2026-05-21 09:50:42,2026-05-21,4,羽毛球馆-1号,08:00-09:00,1,1,已售/已满,已售,多云,19,17,4,0.0,81,32
2026-05-21 10:00:46,2026-05-21,4,羽毛球馆-1号,08:00-09:00,1,1,已售/已满,已售,多云,19,17,4,0.0,79,32
2026-05-21 10:10:40,2026-05-21,4,羽毛球馆-1号,08:00-09:00,1,1,已售/已满,已售,多云,19,17,4,0.0,79,32
2026-05-21 10:20:38,2026-05-21,4,羽毛球馆-1号,08:00-09:00,1,1,已售/已满,已售,多云,19,17,4,0.0,79,32
2026-05-21 10:30:41,2026-05-21,4,羽毛球馆-1号,08:00-09:00,1,1,已售/已满,已售,多云,19,18,3,0.0,78,31
2026-05-21 11:00:44,2026-05-21,4,羽毛球馆-1号,08:00-09:00,1,1,已售/已满,已售,多云,21,17,5,0.0,74,31
2026-05-21 11:30:38,2026-05-21,4,羽毛球馆-1号,08:00-09:00,1,1,已售/已满,已售,多云,21,19,3,0.0,72,33
2026-05-21 12:00:46,2026-05-21,4,羽毛球馆-1号,08:00-09:00,1,1,已售/已满,已售,多云,22,19,4,0.0,70,33
2026-05-21 12:30:42,2026-05-21,4,羽毛球馆-1号,08:00-09:00,1,1,已售/已满,已售,多云,22,21,3,0.0,68,35
2026-05-21 13:00:43,2026-05-21,4,羽毛球馆-1号,08:00-09:00,1,1,已售/已满,已售,多云,24,22,4,0.0,66,35
2026-05-21 13:30:43,2026-05-21,4,羽毛球馆-1号,08:00-09:00,1,1,已售/已满,已售,多云,24,22,4,0.0,66,36
2026-05-21 14:00:48,2026-05-21,4,羽毛球馆-1号,08:00-09:00,1,1,已售/已满,已售,多云,25,23,4,0.0,66,36
2026-05-21 14:30:45,2026-05-21,4,羽毛球馆-1号,08:00-09:00,1,1,已售/已满,已售,晴,25,25,3,0.0,65,39
2026-05-21 15:00:45,2026-05-21,4,羽毛球馆-1号,08:00-09:00,1,1,已售/已满,已售,晴,25,22,4,0.0,56,39
2026-05-21 15:30:43,2026-05-21,4,羽毛球馆-1号,08:00-09:00,1,1,已售/已满,已售,晴,25,23,4,0.0,57,40
2026-05-21 16:00:51,2026-05-21,4,羽毛球馆-1号,08:00-09:00,1,1,已售/已满,已售,晴,25,23,4,0.0,57,40
2026-05-21 16:30:48,2026-05-21,4,羽毛球馆-1号,08:00-09:00,1,1,已售/已满,已售,晴,25,24,3,0.0,60,39
2026-05-21 17:00:49,2026-05-21,4,羽毛球馆-1号,08:00-09:00,1,1,已售/已满,已售,晴,25,24,4,0.0,61,39
2026-05-21 17:30:47,2026-05-21,4,羽毛球馆-1号,08:00-09:00,1,1,已售/已满,已售,多云,24,23,3,0.0,64,39
2026-05-21 18:00:50,2026-05-21,4,羽毛球馆-1号,08:00-09:00,1,1,已售/已满,已售,多云,24,23,3,0.0,68,39
2026-05-21 18:30:50,2026-05-21,4,羽毛球馆-1号,08:00-09:00,1,1,已售/已满,已售,阴,24,25,2,0.0,68,40
2026-05-21 19:00:50,2026-05-21,4,羽毛球馆-1号,08:00-09:00,1,1,已售/已满,已售,阴,23,23,3,0.0,76,40
2026-05-21 19:30:46,2026-05-21,4,羽毛球馆-1号,08:00-09:00,1,1,已售/已满,已售,阴,23,24,2,0.0,77,39
2026-05-21 20:00:49,2026-05-21,4,羽毛球馆-1号,08:00-09:00,1,1,已售/已满,已售,雾,22,23,2,0.0,89,39
2026-05-21 20:30:44,2026-05-21,4,羽毛球馆-1号,08:00-09:00,1,1,已售/已满,已售,雾,22,24,2,0.0,93,43
2026-05-21 21:00:56,2026-05-21,4,羽毛球馆-1号,08:00-09:00,1,1,已售/已满,已售,雾,20,21,2,0.0,98,43
2026-05-21 21:30:46,2026-05-21,4,羽毛球馆-1号,08:00-09:00,1,1,已售/已满,已售,雾,20,22,1,0.0,99,41
2026-05-21 22:01:02,2026-05-21,4,羽毛球馆-1号,08:00-09:00,1,1,已售/已满,已售,雾,19,20,2,0.0,93,41
2026-05-21 22:30:47,2026-05-21,4,羽毛球馆-1号,08:00-09:00,1,1,已售/已满,已售,雾,19,19,3,0.0,88,46
2026-05-21 23:00:56,2026-05-21,4,羽毛球馆-1号,08:00-09:00,1,1,已售/已满,已售,多云,18,17,3,0.0,85,46
2026-05-21 23:30:55,2026-05-21,4,羽毛球馆-1号,08:00-09:00,1,1,已售/已满,已售,多云,18,17,3,0.0,85,48
2026-05-21 00:30:49,2026-05-21,4,羽毛球馆-1号,09:00-10:00,1,1,已售/已满,已售,多云,15,13,3,0.0,100,26
2026-05-21 01:00:55,2026-05-21,4,羽毛球馆-1号,09:00-10:00,1,1,已售/已满,已售,多云,15,12,4,0.0,100,26
2026-05-21 01:30:47,2026-05-21,4,羽毛球馆-1号,09:00-10:00,1,1,已售/已满,已售,多云,15,13,4,0.0,100,28
2026-05-21 02:00:53,2026-05-21,4,羽毛球馆-1号,09:00-10:00,1,1,已售/已满,已售,多云,15,12,4,0.0,100,28
2026-05-21 02:30:49,2026-05-21,4,羽毛球馆-1号,09:00-10:00,1,1,已售/已满,已售,多云,15,14,3,0.0,100,29
2026-05-21 03:00:55,2026-05-21,4,羽毛球馆-1号,09:00-10:00,1,1,已售/已满,已售,多云,15,12,4,0.0,100,29
2026-05-21 03:30:49,2026-05-21,4,羽毛球馆-1号,09:00-10:00,1,1,已售/已满,已售,多云,15,14,3,0.0,100,30
2026-05-21 04:30:45,2026-05-21,4,羽毛球馆-1号,09:00-10:00,1,1,已售/已满,已售,多云,15,12,4,0.0,100,29
2026-05-21 05:00:52,2026-05-21,4,羽毛球馆-1号,09:00-10:00,1,1,已售/已满,已售,多云,15,12,4,0.0,100,29
2026-05-21 05:30:49,2026-05-21,4,羽毛球馆-1号,09:00-10:00,1,1,已售/已满,已售,多云,15,13,3,0.0,100,28
2026-05-21 06:00:50,2026-05-21,4,羽毛球馆-1号,09:00-10:00,1,1,已售/已满,已售,多云,15,13,4,0.0,99,28
2026-05-21 06:30:38,2026-05-21,4,羽毛球馆-1号,09:00-10:00,1,1,已售/已满,已售,多云,15,13,3,0.0,97,28
2026-05-21 07:00:43,2026-05-21,4,羽毛球馆-1号,09:00-10:00,1,1,已售/已满,已售,晴,15,11,5,0.0,93,28
2026-05-21 07:30:39,2026-05-21,4,羽毛球馆-1号,09:00-10:00,1,1,已售/已满,已售,晴,17,13,4,0.0,89,29
2026-05-21 07:50:40,2026-05-21,4,羽毛球馆-1号,09:00-10:00,1,1,已售/已满,已售,晴,17,13,4,0.0,88,29
2026-05-21 07:53:31,2026-05-21,4,羽毛球馆-1号,09:00-10:00,1,1,已售/已满,已售,晴,17,12,5,0.0,86,29
2026-05-21 07:56:31,2026-05-21,4,羽毛球馆-1号,09:00-10:00,1,1,已售/已满,已售,晴,17,12,5,0.0,86,29
2026-05-21 07:59:26,2026-05-21,4,羽毛球馆-1号,09:00-10:00,1,1,已售/已满,已售,晴,17,12,5,0.0,86,29
2026-05-21 08:00:45,2026-05-21,4,羽毛球馆-1号,09:00-10:00,1,1,已售/已满,已售,晴,17,12,5,0.0,86,29
2026-05-21 08:02:30,2026-05-21,4,羽毛球馆-1号,09:00-10:00,1,1,已售/已满,已售,多云,17,12,5,0.0,87,29
2026-05-21 08:05:36,2026-05-21,4,羽毛球馆-1号,09:00-10:00,1,1,已售/已满,已售,多云,17,12,5,0.0,86,29
2026-05-21 08:08:31,2026-05-21,4,羽毛球馆-1号,09:00-10:00,1,1,已售/已满,已售,多云,17,12,5,0.0,86,29
2026-05-21 08:11:30,2026-05-21,4,羽毛球馆-1号,09:00-10:00,1,1,已售/已满,已售,多云,17,12,5,0.0,86,29
2026-05-21 08:14:31,2026-05-21,4,羽毛球馆-1号,09:00-10:00,1,1,已售/已满,已售,多云,17,12,5,0.0,86,29
2026-05-21 08:17:30,2026-05-21,4,羽毛球馆-1号,09:00-10:00,1,1,已售/已满,已售,多云,17,12,5,0.0,86,29
2026-05-21 08:20:35,2026-05-21,4,羽毛球馆-1号,09:00-10:00,1,1,已售/已满,已售,多云,17,14,4,0.0,85,29
2026-05-21 08:25:32,2026-05-21,4,羽毛球馆-1号,09:00-10:00,1,1,已售/已满,已售,多云,17,14,4,0.0,85,28
2026-05-21 08:30:42,2026-05-21,4,羽毛球馆-1号,09:00-10:00,1,1,已售/已满,已售,多云,18,15,4,0.0,84,28
2026-05-21 08:35:31,2026-05-21,4,羽毛球馆-1号,09:00-10:00,1,1,已售/已满,已售,多云,18,15,4,0.0,84,28
2026-05-21 08:40:38,2026-05-21,4,羽毛球馆-1号,09:00-10:00,1,1,已售/已满,已售,多云,18,15,4,0.0,82,28
2026-05-21 08:45:33,2026-05-21,4,羽毛球馆-1号,09:00-10:00,1,1,已售/已满,已售,多云,18,15,4,0.0,82,28
2026-05-21 08:50:36,2026-05-21,4,羽毛球馆-1号,09:00-10:00,1,1,已售/已满,已售,多云,18,15,4,0.0,82,28
2026-05-21 08:55:34,2026-05-21,4,羽毛球馆-1号,09:00-10:00,1,1,已售/已满,已售,多云,18,15,4,0.0,84,28
2026-05-21 09:00:51,2026-05-21,4,羽毛球馆-1号,09:00-10:00,1,1,已售/已满,已售,多云,18,15,4,0.0,84,28
2026-05-21 09:01:59,2026-05-21,4,羽毛球馆-1号,09:00-10:00,1,1,已售/已满,已售,多云,18,15,4,0.0,83,28
2026-05-21 09:05:33,2026-05-21,4,羽毛球馆-1号,09:00-10:00,1,1,已售/已满,已售,多云,18,15,4,0.0,83,28
2026-05-21 09:20:38,2026-05-21,4,羽毛球馆-1号,09:00-10:00,1,1,已售/已满,已售,多云,18,16,3,0.0,81,28
2026-05-21 09:30:46,2026-05-21,4,羽毛球馆-1号,09:00-10:00,1,1,已售/已满,已售,多云,18,16,3,0.0,81,32
2026-05-21 09:40:36,2026-05-21,4,羽毛球馆-1号,09:00-10:00,1,1,已售/已满,已售,多云,19,17,3,0.0,79,32
2026-05-21 09:50:42,2026-05-21,4,羽毛球馆-1号,09:00-10:00,1,1,已售/已满,已售,多云,19,17,4,0.0,81,32
2026-05-21 10:00:46,2026-05-21,4,羽毛球馆-1号,09:00-10:00,1,1,已售/已满,已售,多云,19,17,4,0.0,79,32
2026-05-21 10:10:40,2026-05-21,4,羽毛球馆-1号,09:00-10:00,1,1,已售/已满,已售,多云,19,17,4,0.0,79,32
2026-05-21 10:20:38,2026-05-21,4,羽毛球馆-1号,09:00-10:00,1,1,已售/已满,已售,多云,19,17,4,0.0,79,32
2026-05-21 10:30:41,2026-05-21,4,羽毛球馆-1号,09:00-10:00,1,1,已售/已满,已售,多云,19,18,3,0.0,78,31
2026-05-21 11:00:44,2026-05-21,4,羽毛球馆-1号,09:00-10:00,1,1,已售/已满,已售,多云,21,17,5,0.0,74,31
2026-05-21 11:30:38,2026-05-21,4,羽毛球馆-1号,09:00-10:00,1,1,已售/已满,已售,多云,21,19,3,0.0,72,33
2026-05-21 12:00:46,2026-05-21,4,羽毛球馆-1号,09:00-10:00,1,1,已售/已满,已售,多云,22,19,4,0.0,70,33
2026-05-21 12:30:42,2026-05-21,4,羽毛球馆-1号,09:00-10:00,1,1,已售/已满,已售,多云,22,21,3,0.0,68,35
2026-05-21 13:00:43,2026-05-21,4,羽毛球馆-1号,09:00-10:00,1,1,已售/已满,已售,多云,24,22,4,0.0,66,35
2026-05-21 13:30:43,2026-05-21,4,羽毛球馆-1号,09:00-10:00,1,1,已售/已满,已售,多云,24,22,4,0.0,66,36
2026-05-21 14:00:48,2026-05-21,4,羽毛球馆-1号,09:00-10:00,1,1,已售/已满,已售,多云,25,23,4,0.0,66,36
2026-05-21 14:30:45,2026-05-21,4,羽毛球馆-1号,09:00-10:00,1,1,已售/已满,已售,晴,25,25,3,0.0,65,39
2026-05-21 15:00:45,2026-05-21,4,羽毛球馆-1号,09:00-10:00,1,1,已售/已满,已售,晴,25,22,4,0.0,56,39
2026-05-21 15:30:43,2026-05-21,4,羽毛球馆-1号,09:00-10:00,1,1,已售/已满,已售,晴,25,23,4,0.0,57,40
2026-05-21 16:00:51,2026-05-21,4,羽毛球馆-1号,09:00-10:00,1,1,已售/已满,已售,晴,25,23,4,0.0,57,40
2026-05-21 16:30:48,2026-05-21,4,羽毛球馆-1号,09:00-10:00,1,1,已售/已满,已售,晴,25,24,3,0.0,60,39
2026-05-21 17:00:49,2026-05-21,4,羽毛球馆-1号,09:00-10:00,1,1,已售/已满,已售,晴,25,24,4,0.0,61,39
2026-05-21 17:30:47,2026-05-21,4,羽毛球馆-1号,09:00-10:00,1,1,已售/已满,已售,多云,24,23,3,0.0,64,39
2026-05-21 18:00:50,2026-05-21,4,羽毛球馆-1号,09:00-10:00,1,1,已售/已满,已售,多云,24,23,3,0.0,68,39
2026-05-21 18:30:50,2026-05-21,4,羽毛球馆-1号,09:00-10:00,1,1,已售/已满,已售,阴,24,25,2,0.0,68,40
2026-05-21 19:00:50,2026-05-21,4,羽毛球馆-1号,09:00-10:00,1,1,已售/已满,已售,阴,23,23,3,0.0,76,40
2026-05-21 19:30:46,2026-05-21,4,羽毛球馆-1号,09:00-10:00,1,1,已售/已满,已售,阴,23,24,2,0.0,77,39
2026-05-21 20:00:49,2026-05-21,4,羽毛球馆-1号,09:00-10:00,1,1,已售/已满,已售,雾,22,23,2,0.0,89,39
2026-05-21 20:30:44,2026-05-21,4,羽毛球馆-1号,09:00-10:00,1,1,已售/已满,已售,雾,22,24,2,0.0,93,43
2026-05-21 21:00:56,2026-05-21,4,羽毛球馆-1号,09:00-10:00,1,1,已售/已满,已售,雾,20,21,2,0.0,98,43
2026-05-21 21:30:46,2026-05-21,4,羽毛球馆-1号,09:00-10:00,1,1,已售/已满,已售,雾,20,22,1,0.0,99,41
2026-05-21 22:01:02,2026-05-21,4,羽毛球馆-1号,09:00-10:00,1,1,已售/已满,已售,雾,19,20,2,0.0,93,41
2026-05-21 22:30:47,2026-05-21,4,羽毛球馆-1号,09:00-10:00,1,1,已售/已满,已售,雾,19,19,3,0.0,88,46
2026-05-21 23:00:56,2026-05-21,4,羽毛球馆-1号,09:00-10:00,1,1,已售/已满,已售,多云,18,17,3,0.0,85,46
2026-05-21 23:30:55,2026-05-21,4,羽毛球馆-1号,09:00-10:00,1,1,已售/已满,已售,多云,18,17,3,0.0,85,48
2026-05-21 00:30:49,2026-05-21,4,羽毛球馆-1号,10:00-11:00,1,1,已售/已满,教学时间,多云,15,13,3,0.0,100,26
2026-05-21 01:00:55,2026-05-21,4,羽毛球馆-1号,10:00-11:00,1,1,已售/已满,教学时间,多云,15,12,4,0.0,100,26
2026-05-21 01:30:47,2026-05-21,4,羽毛球馆-1号,10:00-11:00,1,1,已售/已满,教学时间,多云,15,13,4,0.0,100,28
2026-05-21 02:00:53,2026-05-21,4,羽毛球馆-1号,10:00-11:00,1,1,已售/已满,教学时间,多云,15,12,4,0.0,100,28
2026-05-21 02:30:49,2026-05-21,4,羽毛球馆-1号,10:00-11:00,1,1,已售/已满,教学时间,多云,15,14,3,0.0,100,29
2026-05-21 03:00:55,2026-05-21,4,羽毛球馆-1号,10:00-11:00,1,1,已售/已满,教学时间,多云,15,12,4,0.0,100,29
2026-05-21 03:30:49,2026-05-21,4,羽毛球馆-1号,10:00-11:00,1,1,已售/已满,教学时间,多云,15,14,3,0.0,100,30
2026-05-21 04:30:45,2026-05-21,4,羽毛球馆-1号,10:00-11:00,1,1,已售/已满,教学时间,多云,15,12,4,0.0,100,29
2026-05-21 05:00:52,2026-05-21,4,羽毛球馆-1号,10:00-11:00,1,1,已售/已满,教学时间,多云,15,12,4,0.0,100,29
2026-05-21 05:30:49,2026-05-21,4,羽毛球馆-1号,10:00-11:00,1,1,已售/已满,教学时间,多云,15,13,3,0.0,100,28
2026-05-21 06:00:50,2026-05-21,4,羽毛球馆-1号,10:00-11:00,1,1,已售/已满,教学时间,多云,15,13,4,0.0,99,28
2026-05-21 06:30:38,2026-05-21,4,羽毛球馆-1号,10:00-11:00,1,1,已售/已满,教学时间,多云,15,13,3,0.0,97,28
2026-05-21 07:00:43,2026-05-21,4,羽毛球馆-1号,10:00-11:00,1,1,已售/已满,教学时间,晴,15,11,5,0.0,93,28
2026-05-21 07:30:39,2026-05-21,4,羽毛球馆-1号,10:00-11:00,1,1,已售/已满,教学时间,晴,17,13,4,0.0,89,29
2026-05-21 07:50:40,2026-05-21,4,羽毛球馆-1号,10:00-11:00,1,1,已售/已满,教学时间,晴,17,13,4,0.0,88,29
2026-05-21 07:53:31,2026-05-21,4,羽毛球馆-1号,10:00-11:00,1,1,已售/已满,教学时间,晴,17,12,5,0.0,86,29
2026-05-21 07:56:31,2026-05-21,4,羽毛球馆-1号,10:00-11:00,1,1,已售/已满,教学时间,晴,17,12,5,0.0,86,29
2026-05-21 07:59:26,2026-05-21,4,羽毛球馆-1号,10:00-11:00,1,1,已售/已满,教学时间,晴,17,12,5,0.0,86,29
2026-05-21 08:00:45,2026-05-21,4,羽毛球馆-1号,10:00-11:00,1,1,已售/已满,教学时间,晴,17,12,5,0.0,86,29
2026-05-21 08:02:30,2026-05-21,4,羽毛球馆-1号,10:00-11:00,1,1,已售/已满,教学时间,多云,17,12,5,0.0,87,29
2026-05-21 08:05:36,2026-05-21,4,羽毛球馆-1号,10:00-11:00,1,1,已售/已满,教学时间,多云,17,12,5,0.0,86,29
2026-05-21 08:08:31,2026-05-21,4,羽毛球馆-1号,10:00-11:00,1,1,已售/已满,教学时间,多云,17,12,5,0.0,86,29
2026-05-21 08:11:30,2026-05-21,4,羽毛球馆-1号,10:00-11:00,1,1,已售/已满,教学时间,多云,17,12,5,0.0,86,29
2026-05-21 08:14:31,2026-05-21,4,羽毛球馆-1号,10:00-11:00,1,1,已售/已满,教学时间,多云,17,12,5,0.0,86,29
2026-05-21 08:17:30,2026-05-21,4,羽毛球馆-1号,10:00-11:00,1,1,已售/已满,教学时间,多云,17,12,5,0.0,86,29
2026-05-21 08:20:35,2026-05-21,4,羽毛球馆-1号,10:00-11:00,1,1,已售/已满,教学时间,多云,17,14,4,0.0,85,29
2026-05-21 08:25:32,2026-05-21,4,羽毛球馆-1号,10:00-11:00,1,1,已售/已满,教学时间,多云,17,14,4,0.0,85,28
2026-05-21 08:30:42,2026-05-21,4,羽毛球馆-1号,10:00-11:00,1,1,已售/已满,教学时间,多云,18,15,4,0.0,84,28
2026-05-21 08:35:31,2026-05-21,4,羽毛球馆-1号,10:00-11:00,1,1,已售/已满,教学时间,多云,18,15,4,0.0,84,28
2026-05-21 08:40:38,2026-05-21,4,羽毛球馆-1号,10:00-11:00,1,1,已售/已满,教学时间,多云,18,15,4,0.0,82,28
2026-05-21 08:45:33,2026-05-21,4,羽毛球馆-1号,10:00-11:00,1,1,已售/已满,教学时间,多云,18,15,4,0.0,82,28
2026-05-21 08:50:36,2026-05-21,4,羽毛球馆-1号,10:00-11:00,1,1,已售/已满,教学时间,多云,18,15,4,0.0,82,28
2026-05-21 08:55:34,2026-05-21,4,羽毛球馆-1号,10:00-11:00,1,1,已售/已满,教学时间,多云,18,15,4,0.0,84,28
2026-05-21 09:00:51,2026-05-21,4,羽毛球馆-1号,10:00-11:00,1,1,已售/已满,教学时间,多云,18,15,4,0.0,84,28
2026-05-21 09:01:59,2026-05-21,4,羽毛球馆-1号,10:00-11:00,1,1,已售/已满,教学时间,多云,18,15,4,0.0,83,28
2026-05-21 09:05:33,2026-05-21,4,羽毛球馆-1号,10:00-11:00,1,1,已售/已满,教学时间,多云,18,15,4,0.0,83,28
2026-05-21 09:20:38,2026-05-21,4,羽毛球馆-1号,10:00-11:00,1,1,已售/已满,教学时间,多云,18,16,3,0.0,81,28
2026-05-21 09:30:46,2026-05-21,4,羽毛球馆-1号,10:00-11:00,1,1,已售/已满,教学时间,多云,18,16,3,0.0,81,32
2026-05-21 09:40:36,2026-05-21,4,羽毛球馆-1号,10:00-11:00,1,1,已售/已满,教学时间,多云,19,17,3,0.0,79,32
2026-05-21 09:50:42,2026-05-21,4,羽毛球馆-1号,10:00-11:00,1,1,已售/已满,教学时间,多云,19,17,4,0.0,81,32
2026-05-21 10:00:46,2026-05-21,4,羽毛球馆-1号,10:00-11:00,1,1,已售/已满,教学时间,多云,19,17,4,0.0,79,32
2026-05-21 10:10:40,2026-05-21,4,羽毛球馆-1号,10:00-11:00,1,1,已售/已满,教学时间,多云,19,17,4,0.0,79,32
2026-05-21 10:20:38,2026-05-21,4,羽毛球馆-1号,10:00-11:00,1,1,已售/已满,教学时间,多云,19,17,4,0.0,79,32
2026-05-21 10:30:41,2026-05-21,4,羽毛球馆-1号,10:00-11:00,1,1,已售/已满,教学时间,多云,19,18,3,0.0,78,31
2026-05-21 11:00:44,2026-05-21,4,羽毛球馆-1号,10:00-11:00,1,1,已售/已满,教学时间,多云,21,17,5,0.0,74,31
2026-05-21 11:30:38,2026-05-21,4,羽毛球馆-1号,10:00-11:00,1,1,已售/已满,教学时间,多云,21,19,3,0.0,72,33
2026-05-21 12:00:46,2026-05-21,4,羽毛球馆-1号,10:00-11:00,1,1,已售/已满,教学时间,多云,22,19,4,0.0,70,33
2026-05-21 12:30:42,2026-05-21,4,羽毛球馆-1号,10:00-11:00,1,1,已售/已满,教学时间,多云,22,21,3,0.0,68,35
2026-05-21 13:00:43,2026-05-21,4,羽毛球馆-1号,10:00-11:00,1,1,已售/已满,教学时间,多云,24,22,4,0.0,66,35
2026-05-21 13:30:43,2026-05-21,4,羽毛球馆-1号,10:00-11:00,1,1,已售/已满,教学时间,多云,24,22,4,0.0,66,36
2026-05-21 14:00:48,2026-05-21,4,羽毛球馆-1号,10:00-11:00,1,1,已售/已满,教学时间,多云,25,23,4,0.0,66,36
2026-05-21 14:30:45,2026-05-21,4,羽毛球馆-1号,10:00-11:00,1,1,已售/已满,教学时间,晴,25,25,3,0.0,65,39
2026-05-21 15:00:45,2026-05-21,4,羽毛球馆-1号,10:00-11:00,1,1,已售/已满,教学时间,晴,25,22,4,0.0,56,39
2026-05-21 15:30:43,2026-05-21,4,羽毛球馆-1号,10:00-11:00,1,1,已售/已满,教学时间,晴,25,23,4,0.0,57,40
2026-05-21 16:00:51,2026-05-21,4,羽毛球馆-1号,10:00-11:00,1,1,已售/已满,教学时间,晴,25,23,4,0.0,57,40
2026-05-21 16:30:48,2026-05-21,4,羽毛球馆-1号,10:00-11:00,1,1,已售/已满,教学时间,晴,25,24,3,0.0,60,39
2026-05-21 17:00:49,2026-05-21,4,羽毛球馆-1号,10:00-11:00,1,1,已售/已满,教学时间,晴,25,24,4,0.0,61,39
2026-05-21 17:30:47,2026-05-21,4,羽毛球馆-1号,10:00-11:00,1,1,已售/已满,教学时间,多云,24,23,3,0.0,64,39
2026-05-21 18:00:50,2026-05-21,4,羽毛球馆-1号,10:00-11:00,1,1,已售/已满,教学时间,多云,24,23,3,0.0,68,39
2026-05-21 18:30:50,2026-05-21,4,羽毛球馆-1号,10:00-11:00,1,1,已售/已满,教学时间,阴,24,25,2,0.0,68,40
2026-05-21 19:00:50,2026-05-21,4,羽毛球馆-1号,10:00-11:00,1,1,已售/已满,教学时间,阴,23,23,3,0.0,76,40
2026-05-21 19:30:46,2026-05-21,4,羽毛球馆-1号,10:00-11:00,1,1,已售/已满,教学时间,阴,23,24,2,0.0,77,39
2026-05-21 20:00:49,2026-05-21,4,羽毛球馆-1号,10:00-11:00,1,1,已售/已满,教学时间,雾,22,23,2,0.0,89,39
2026-05-21 20:30:44,2026-05-21,4,羽毛球馆-1号,10:00-11:00,1,1,已售/已满,教学时间,雾,22,24,2,0.0,93,43
2026-05-21 21:00:56,2026-05-21,4,羽毛球馆-1号,10:00-11:00,1,1,已售/已满,教学时间,雾,20,21,2,0.0,98,43
2026-05-21 21:30:46,2026-05-21,4,羽毛球馆-1号,10:00-11:00,1,1,已售/已满,教学时间,雾,20,22,1,0.0,99,41
2026-05-21 22:01:02,2026-05-21,4,羽毛球馆-1号,10:00-11:00,1,1,已售/已满,教学时间,雾,19,20,2,0.0,93,41
2026-05-21 22:30:47,2026-05-21,4,羽毛球馆-1号,10:00-11:00,1,1,已售/已满,教学时间,雾,19,19,3,0.0,88,46
2026-05-21 23:00:56,2026-05-21,4,羽毛球馆-1号,10:00-11:00,1,1,已售/已满,教学时间,多云,18,17,3,0.0,85,46
2026-05-21 23:30:55,2026-05-21,4,羽毛球馆-1号,10:00-11:00,1,1,已售/已满,教学时间,多云,18,17,3,0.0,85,48
2026-05-21 00:30:49,2026-05-21,4,羽毛球馆-1号,11:00-12:00,1,1,已售/已满,教学时间,多云,15,13,3,0.0,100,26
2026-05-21 01:00:55,2026-05-21,4,羽毛球馆-1号,11:00-12:00,1,1,已售/已满,教学时间,多云,15,12,4,0.0,100,26
2026-05-21 01:30:47,2026-05-21,4,羽毛球馆-1号,11:00-12:00,1,1,已售/已满,教学时间,多云,15,13,4,0.0,100,28
2026-05-21 02:00:53,2026-05-21,4,羽毛球馆-1号,11:00-12:00,1,1,已售/已满,教学时间,多云,15,12,4,0.0,100,28
2026-05-21 02:30:49,2026-05-21,4,羽毛球馆-1号,11:00-12:00,1,1,已售/已满,教学时间,多云,15,14,3,0.0,100,29
2026-05-21 03:00:55,2026-05-21,4,羽毛球馆-1号,11:00-12:00,1,1,已售/已满,教学时间,多云,15,12,4,0.0,100,29
2026-05-21 03:30:49,2026-05-21,4,羽毛球馆-1号,11:00-12:00,1,1,已售/已满,教学时间,多云,15,14,3,0.0,100,30
2026-05-21 04:30:45,2026-05-21,4,羽毛球馆-1号,11:00-12:00,1,1,已售/已满,教学时间,多云,15,12,4,0.0,100,29
2026-05-21 05:00:52,2026-05-21,4,羽毛球馆-1号,11:00-12:00,1,1,已售/已满,教学时间,多云,15,12,4,0.0,100,29
2026-05-21 05:30:49,2026-05-21,4,羽毛球馆-1号,11:00-12:00,1,1,已售/已满,教学时间,多云,15,13,3,0.0,100,28
2026-05-21 06:00:50,2026-05-21,4,羽毛球馆-1号,11:00-12:00,1,1,已售/已满,教学时间,多云,15,13,4,0.0,99,28
2026-05-21 06:30:38,2026-05-21,4,羽毛球馆-1号,11:00-12:00,1,1,已售/已满,教学时间,多云,15,13,3,0.0,97,28
2026-05-21 07:00:43,2026-05-21,4,羽毛球馆-1号,11:00-12:00,1,1,已售/已满,教学时间,晴,15,11,5,0.0,93,28
2026-05-21 07:30:39,2026-05-21,4,羽毛球馆-1号,11:00-12:00,1,1,已售/已满,教学时间,晴,17,13,4,0.0,89,29
2026-05-21 07:50:40,2026-05-21,4,羽毛球馆-1号,11:00-12:00,1,1,已售/已满,教学时间,晴,17,13,4,0.0,88,29
2026-05-21 07:53:31,2026-05-21,4,羽毛球馆-1号,11:00-12:00,1,1,已售/已满,教学时间,晴,17,12,5,0.0,86,29
2026-05-21 07:56:31,2026-05-21,4,羽毛球馆-1号,11:00-12:00,1,1,已售/已满,教学时间,晴,17,12,5,0.0,86,29
2026-05-21 07:59:26,2026-05-21,4,羽毛球馆-1号,11:00-12:00,1,1,已售/已满,教学时间,晴,17,12,5,0.0,86,29
2026-05-21 08:00:45,2026-05-21,4,羽毛球馆-1号,11:00-12:00,1,1,已售/已满,教学时间,晴,17,12,5,0.0,86,29
2026-05-21 08:02:30,2026-05-21,4,羽毛球馆-1号,11:00-12:00,1,1,已售/已满,教学时间,多云,17,12,5,0.0,87,29
2026-05-21 08:05:36,2026-05-21,4,羽毛球馆-1号,11:00-12:00,1,1,已售/已满,教学时间,多云,17,12,5,0.0,86,29
2026-05-21 08:08:31,2026-05-21,4,羽毛球馆-1号,11:00-12:00,1,1,已售/已满,教学时间,多云,17,12,5,0.0,86,29
2026-05-21 08:11:30,2026-05-21,4,羽毛球馆-1号,11:00-12:00,1,1,已售/已满,教学时间,多云,17,12,5,0.0,86,29
2026-05-21 08:14:31,2026-05-21,4,羽毛球馆-1号,11:00-12:00,1,1,已售/已满,教学时间,多云,17,12,5,0.0,86,29
2026-05-21 08:17:30,2026-05-21,4,羽毛球馆-1号,11:00-12:00,1,1,已售/已满,教学时间,多云,17,12,5,0.0,86,29
2026-05-21 08:20:35,2026-05-21,4,羽毛球馆-1号,11:00-12:00,1,1,已售/已满,教学时间,多云,17,14,4,0.0,85,29
2026-05-21 08:25:32,2026-05-21,4,羽毛球馆-1号,11:00-12:00,1,1,已售/已满,教学时间,多云,17,14,4,0.0,85,28
2026-05-21 08:30:42,2026-05-21,4,羽毛球馆-1号,11:00-12:00,1,1,已售/已满,教学时间,多云,18,15,4,0.0,84,28
2026-05-21 08:35:31,2026-05-21,4,羽毛球馆-1号,11:00-12:00,1,1,已售/已满,教学时间,多云,18,15,4,0.0,84,28
2026-05-21 08:40:38,2026-05-21,4,羽毛球馆-1号,11:00-12:00,1,1,已售/已满,教学时间,多云,18,15,4,0.0,82,28
2026-05-21 08:45:33,2026-05-21,4,羽毛球馆-1号,11:00-12:00,1,1,已售/已满,教学时间,多云,18,15,4,0.0,82,28
2026-05-21 08:50:36,2026-05-21,4,羽毛球馆-1号,11:00-12:00,1,1,已售/已满,教学时间,多云,18,15,4,0.0,82,28
2026-05-21 08:55:34,2026-05-21,4,羽毛球馆-1号,11:00-12:00,1,1,已售/已满,教学时间,多云,18,15,4,0.0,84,28
2026-05-21 09:00:51,2026-05-21,4,羽毛球馆-1号,11:00-12:00,1,1,已售/已满,教学时间,多云,18,15,4,0.0,84,28
2026-05-21 09:01:59,2026-05-21,4,羽毛球馆-1号,11:00-12:00,1,1,已售/已满,教学时间,多云,18,15,4,0.0,83,28
2026-05-21 09:05:33,2026-05-21,4,羽毛球馆-1号,11:00-12:00,1,1,已售/已满,教学时间,多云,18,15,4,0.0,83,28
2026-05-21 09:20:38,2026-05-21,4,羽毛球馆-1号,11:00-12:00,1,1,已售/已满,教学时间,多云,18,16,3,0.0,81,28
2026-05-21 09:30:46,2026-05-21,4,羽毛球馆-1号,11:00-12:00,1,1,已售/已满,教学时间,多云,18,16,3,0.0,81,32
2026-05-21 09:40:36,2026-05-21,4,羽毛球馆-1号,11:00-12:00,1,1,已售/已满,教学时间,多云,19,17,3,0.0,79,32
2026-05-21 09:50:42,2026-05-21,4,羽毛球馆-1号,11:00-12:00,1,1,已售/已满,教学时间,多云,19,17,4,0.0,81,32
2026-05-21 10:00:46,2026-05-21,4,羽毛球馆-1号,11:00-12:00,1,1,已售/已满,教学时间,多云,19,17,4,0.0,79,32
2026-05-21 10:10:40,2026-05-21,4,羽毛球馆-1号,11:00-12:00,1,1,已售/已满,教学时间,多云,19,17,4,0.0,79,32
2026-05-21 10:20:38,2026-05-21,4,羽毛球馆-1号,11:00-12:00,1,1,已售/已满,教学时间,多云,19,17,4,0.0,79,32
2026-05-21 10:30:41,2026-05-21,4,羽毛球馆-1号,11:00-12:00,1,1,已售/已满,教学时间,多云,19,18,3,0.0,78,31
2026-05-21 11:00:44,2026-05-21,4,羽毛球馆-1号,11:00-12:00,1,1,已售/已满,教学时间,多云,21,17,5,0.0,74,31
2026-05-21 11:30:38,2026-05-21,4,羽毛球馆-1号,11:00-12:00,1,1,已售/已满,教学时间,多云,21,19,3,0.0,72,33
2026-05-21 12:00:46,2026-05-21,4,羽毛球馆-1号,11:00-12:00,1,1,已售/已满,教学时间,多云,22,19,4,0.0,70,33
2026-05-21 12:30:42,2026-05-21,4,羽毛球馆-1号,11:00-12:00,1,1,已售/已满,教学时间,多云,22,21,3,0.0,68,35
2026-05-21 13:00:43,2026-05-21,4,羽毛球馆-1号,11:00-12:00,1,1,已售/已满,教学时间,多云,24,22,4,0.0,66,35
2026-05-21 13:30:43,2026-05-21,4,羽毛球馆-1号,11:00-12:00,1,1,已售/已满,教学时间,多云,24,22,4,0.0,66,36
2026-05-21 14:00:48,2026-05-21,4,羽毛球馆-1号,11:00-12:00,1,1,已售/已满,教学时间,多云,25,23,4,0.0,66,36
2026-05-21 14:30:45,2026-05-21,4,羽毛球馆-1号,11:00-12:00,1,1,已售/已满,教学时间,晴,25,25,3,0.0,65,39
2026-05-21 15:00:45,2026-05-21,4,羽毛球馆-1号,11:00-12:00,1,1,已售/已满,教学时间,晴,25,22,4,0.0,56,39
2026-05-21 15:30:43,2026-05-21,4,羽毛球馆-1号,11:00-12:00,1,1,已售/已满,教学时间,晴,25,23,4,0.0,57,40
2026-05-21 16:00:51,2026-05-21,4,羽毛球馆-1号,11:00-12:00,1,1,已售/已满,教学时间,晴,25,23,4,0.0,57,40
2026-05-21 16:30:48,2026-05-21,4,羽毛球馆-1号,11:00-12:00,1,1,已售/已满,教学时间,晴,25,24,3,0.0,60,39
2026-05-21 17:00:49,2026-05-21,4,羽毛球馆-1号,11:00-12:00,1,1,已售/已满,教学时间,晴,25,24,4,0.0,61,39
2026-05-21 17:30:47,2026-05-21,4,羽毛球馆-1号,11:00-12:00,1,1,已售/已满,教学时间,多云,24,23,3,0.0,64,39
2026-05-21 18:00:50,2026-05-21,4,羽毛球馆-1号,11:00-12:00,1,1,已售/已满,教学时间,多云,24,23,3,0.0,68,39
2026-05-21 18:30:50,2026-05-21,4,羽毛球馆-1号,11:00-12:00,1,1,已售/已满,教学时间,阴,24,25,2,0.0,68,40
2026-05-21 19:00:50,2026-05-21,4,羽毛球馆-1号,11:00-12:00,1,1,已售/已满,教学时间,阴,23,23,3,0.0,76,40
2026-05-21 19:30:46,2026-05-21,4,羽毛球馆-1号,11:00-12:00,1,1,已售/已满,教学时间,阴,23,24,2,0.0,77,39
2026-05-21 20:00:49,2026-05-21,4,羽毛球馆-1号,11:00-12:00,1,1,已售/已满,教学时间,雾,22,23,2,0.0,89,39
2026-05-21 20:30:44,2026-05-21,4,羽毛球馆-1号,11:00-12:00,1,1,已售/已满,教学时间,雾,22,24,2,0.0,93,43
2026-05-21 21:00:56,2026-05-21,4,羽毛球馆-1号,11:00-12:00,1,1,已售/已满,教学时间,雾,20,21,2,0.0,98,43
2026-05-21 21:30:46,2026-05-21,4,羽毛球馆-1号,11:00-12:00,1,1,已售/已满,教学时间,雾,20,22,1,0.0,99,41
2026-05-21 22:01:02,2026-05-21,4,羽毛球馆-1号,11:00-12:00,1,1,已售/已满,教学时间,雾,19,20,2,0.0,93,41
2026-05-21 22:30:47,2026-05-21,4,羽毛球馆-1号,11:00-12:00,1,1,已售/已满,教学时间,雾,19,19,3,0.0,88,46
2026-05-21 23:00:56,2026-05-21,4,羽毛球馆-1号,11:00-12:00,1,1,已售/已满,教学时间,多云,18,17,3,0.0,85,46
2026-05-21 23:30:55,2026-05-21,4,羽毛球馆-1号,11:00-12:00,1,1,已售/已满,教学时间,多云,18,17,3,0.0,85,48
2026-05-21 00:30:49,2026-05-21,4,羽毛球馆-1号,12:00-12:55,1,1,已售/已满,已售,多云,15,13,3,0.0,100,26
2026-05-21 01:00:55,2026-05-21,4,羽毛球馆-1号,12:00-12:55,1,1,已售/已满,已售,多云,15,12,4,0.0,100,26
2026-05-21 01:30:47,2026-05-21,4,羽毛球馆-1号,12:00-12:55,1,1,已售/已满,已售,多云,15,13,4,0.0,100,28
2026-05-21 02:00:53,2026-05-21,4,羽毛球馆-1号,12:00-12:55,1,1,已售/已满,已售,多云,15,12,4,0.0,100,28
2026-05-21 02:30:49,2026-05-21,4,羽毛球馆-1号,12:00-12:55,1,1,已售/已满,已售,多云,15,14,3,0.0,100,29
2026-05-21 03:00:55,2026-05-21,4,羽毛球馆-1号,12:00-12:55,1,1,已售/已满,已售,多云,15,12,4,0.0,100,29
2026-05-21 03:30:49,2026-05-21,4,羽毛球馆-1号,12:00-12:55,1,1,已售/已满,已售,多云,15,14,3,0.0,100,30
2026-05-21 04:30:45,2026-05-21,4,羽毛球馆-1号,12:00-12:55,1,1,已售/已满,已售,多云,15,12,4,0.0,100,29
2026-05-21 05:00:52,2026-05-21,4,羽毛球馆-1号,12:00-12:55,1,1,已售/已满,已售,多云,15,12,4,0.0,100,29
2026-05-21 05:30:49,2026-05-21,4,羽毛球馆-1号,12:00-12:55,1,1,已售/已满,已售,多云,15,13,3,0.0,100,28
2026-05-21 06:00:50,2026-05-21,4,羽毛球馆-1号,12:00-12:55,1,1,已售/已满,已售,多云,15,13,4,0.0,99,28
2026-05-21 06:30:38,2026-05-21,4,羽毛球馆-1号,12:00-12:55,1,1,已售/已满,已售,多云,15,13,3,0.0,97,28
2026-05-21 07:00:43,2026-05-21,4,羽毛球馆-1号,12:00-12:55,1,1,已售/已满,已售,晴,15,11,5,0.0,93,28
2026-05-21 07:30:39,2026-05-21,4,羽毛球馆-1号,12:00-12:55,1,1,已售/已满,已售,晴,17,13,4,0.0,89,29
2026-05-21 07:50:40,2026-05-21,4,羽毛球馆-1号,12:00-12:55,1,1,已售/已满,已售,晴,17,13,4,0.0,88,29
2026-05-21 07:53:31,2026-05-21,4,羽毛球馆-1号,12:00-12:55,1,1,已售/已满,已售,晴,17,12,5,0.0,86,29
2026-05-21 07:56:31,2026-05-21,4,羽毛球馆-1号,12:00-12:55,1,1,已售/已满,已售,晴,17,12,5,0.0,86,29
2026-05-21 07:59:26,2026-05-21,4,羽毛球馆-1号,12:00-12:55,1,1,已售/已满,已售,晴,17,12,5,0.0,86,29
2026-05-21 08:00:45,2026-05-21,4,羽毛球馆-1号,12:00-12:55,1,1,已售/已满,已售,晴,17,12,5,0.0,86,29
2026-05-21 08:02:30,2026-05-21,4,羽毛球馆-1号,12:00-12:55,1,1,已售/已满,已售,多云,17,12,5,0.0,87,29
2026-05-21 08:05:36,2026-05-21,4,羽毛球馆-1号,12:00-12:55,1,1,已售/已满,已售,多云,17,12,5,0.0,86,29
2026-05-21 08:08:31,2026-05-21,4,羽毛球馆-1号,12:00-12:55,1,1,已售/已满,已售,多云,17,12,5,0.0,86,29
2026-05-21 08:11:30,2026-05-21,4,羽毛球馆-1号,12:00-12:55,1,1,已售/已满,已售,多云,17,12,5,0.0,86,29
2026-05-21 08:14:31,2026-05-21,4,羽毛球馆-1号,12:00-12:55,1,1,已售/已满,已售,多云,17,12,5,0.0,86,29
2026-05-21 08:17:30,2026-05-21,4,羽毛球馆-1号,12:00-12:55,1,1,已售/已满,已售,多云,17,12,5,0.0,86,29
2026-05-21 08:20:35,2026-05-21,4,羽毛球馆-1号,12:00-12:55,1,1,已售/已满,已售,多云,17,14,4,0.0,85,29
2026-05-21 08:25:32,2026-05-21,4,羽毛球馆-1号,12:00-12:55,1,1,已售/已满,已售,多云,17,14,4,0.0,85,28
2026-05-21 08:30:42,2026-05-21,4,羽毛球馆-1号,12:00-12:55,1,1,已售/已满,已售,多云,18,15,4,0.0,84,28
2026-05-21 08:35:31,2026-05-21,4,羽毛球馆-1号,12:00-12:55,1,1,已售/已满,已售,多云,18,15,4,0.0,84,28
2026-05-21 08:40:38,2026-05-21,4,羽毛球馆-1号,12:00-12:55,1,1,已售/已满,已售,多云,18,15,4,0.0,82,28
2026-05-21 08:45:33,2026-05-21,4,羽毛球馆-1号,12:00-12:55,1,1,已售/已满,已售,多云,18,15,4,0.0,82,28
2026-05-21 08:50:36,2026-05-21,4,羽毛球馆-1号,12:00-12:55,1,1,已售/已满,已售,多云,18,15,4,0.0,82,28
2026-05-21 08:55:34,2026-05-21,4,羽毛球馆-1号,12:00-12:55,1,1,已售/已满,已售,多云,18,15,4,0.0,84,28
2026-05-21 09:00:51,2026-05-21,4,羽毛球馆-1号,12:00-12:55,1,1,已售/已满,已售,多云,18,15,4,0.0,84,28
2026-05-21 09:01:59,2026-05-21,4,羽毛球馆-1号,12:00-12:55,1,1,已售/已满,已售,多云,18,15,4,0.0,83,28
2026-05-21 09:05:33,2026-05-21,4,羽毛球馆-1号,12:00-12:55,1,1,已售/已满,已售,多云,18,15,4,0.0,83,28
2026-05-21 09:20:38,2026-05-21,4,羽毛球馆-1号,12:00-12:55,1,1,已售/已满,已售,多云,18,16,3,0.0,81,28
2026-05-21 09:30:46,2026-05-21,4,羽毛球馆-1号,12:00-12:55,1,1,已售/已满,已售,多云,18,16,3,0.0,81,32
2026-05-21 09:40:36,2026-05-21,4,羽毛球馆-1号,12:00-12:55,1,1,已售/已满,已售,多云,19,17,3,0.0,79,32
2026-05-21 09:50:42,2026-05-21,4,羽毛球馆-1号,12:00-12:55,1,1,已售/已满,已售,多云,19,17,4,0.0,81,32
2026-05-21 10:00:46,2026-05-21,4,羽毛球馆-1号,12:00-12:55,1,1,已售/已满,已售,多云,19,17,4,0.0,79,32
2026-05-21 10:10:40,2026-05-21,4,羽毛球馆-1号,12:00-12:55,1,1,已售/已满,已售,多云,19,17,4,0.0,79,32
2026-05-21 10:20:38,2026-05-21,4,羽毛球馆-1号,12:00-12:55,1,1,已售/已满,已售,多云,19,17,4,0.0,79,32
2026-05-21 10:30:41,2026-05-21,4,羽毛球馆-1号,12:00-12:55,1,1,已售/已满,已售,多云,19,18,3,0.0,78,31
2026-05-21 11:00:44,2026-05-21,4,羽毛球馆-1号,12:00-12:55,1,1,已售/已满,已售,多云,21,17,5,0.0,74,31
2026-05-21 11:30:38,2026-05-21,4,羽毛球馆-1号,12:00-12:55,1,1,已售/已满,已售,多云,21,19,3,0.0,72,33
2026-05-21 12:00:46,2026-05-21,4,羽毛球馆-1号,12:00-12:55,1,1,已售/已满,已售,多云,22,19,4,0.0,70,33
2026-05-21 12:30:42,2026-05-21,4,羽毛球馆-1号,12:00-12:55,1,1,已售/已满,已售,多云,22,21,3,0.0,68,35
2026-05-21 13:00:43,2026-05-21,4,羽毛球馆-1号,12:00-12:55,1,1,已售/已满,已售,多云,24,22,4,0.0,66,35
2026-05-21 13:30:43,2026-05-21,4,羽毛球馆-1号,12:00-12:55,1,1,已售/已满,已售,多云,24,22,4,0.0,66,36
2026-05-21 14:00:48,2026-05-21,4,羽毛球馆-1号,12:00-12:55,1,1,已售/已满,已售,多云,25,23,4,0.0,66,36
2026-05-21 14:30:45,2026-05-21,4,羽毛球馆-1号,12:00-12:55,1,1,已售/已满,已售,晴,25,25,3,0.0,65,39
2026-05-21 15:00:45,2026-05-21,4,羽毛球馆-1号,12:00-12:55,1,1,已售/已满,已售,晴,25,22,4,0.0,56,39
2026-05-21 15:30:43,2026-05-21,4,羽毛球馆-1号,12:00-12:55,1,1,已售/已满,已售,晴,25,23,4,0.0,57,40
2026-05-21 16:00:51,2026-05-21,4,羽毛球馆-1号,12:00-12:55,1,1,已售/已满,已售,晴,25,23,4,0.0,57,40
2026-05-21 16:30:48,2026-05-21,4,羽毛球馆-1号,12:00-12:55,1,1,已售/已满,已售,晴,25,24,3,0.0,60,39
2026-05-21 17:00:49,2026-05-21,4,羽毛球馆-1号,12:00-12:55,1,1,已售/已满,已售,晴,25,24,4,0.0,61,39
2026-05-21 17:30:47,2026-05-21,4,羽毛球馆-1号,12:00-12:55,1,1,已售/已满,已售,多云,24,23,3,0.0,64,39
2026-05-21 18:00:50,2026-05-21,4,羽毛球馆-1号,12:00-12:55,1,1,已售/已满,已售,多云,24,23,3,0.0,68,39
2026-05-21 18:30:50,2026-05-21,4,羽毛球馆-1号,12:00-12:55,1,1,已售/已满,已售,阴,24,25,2,0.0,68,40
2026-05-21 19:00:50,2026-05-21,4,羽毛球馆-1号,12:00-12:55,1,1,已售/已满,已售,阴,23,23,3,0.0,76,40
2026-05-21 19:30:46,2026-05-21,4,羽毛球馆-1号,12:00-12:55,1,1,已售/已满,已售,阴,23,24,2,0.0,77,39
2026-05-21 20:00:49,2026-05-21,4,羽毛球馆-1号,12:00-12:55,1,1,已售/已满,已售,雾,22,23,2,0.0,89,39
2026-05-21 20:30:44,2026-05-21,4,羽毛球馆-1号,12:00-12:55,1,1,已售/已满,已售,雾,22,24,2,0.0,93,43
2026-05-21 21:00:56,2026-05-21,4,羽毛球馆-1号,12:00-12:55,1,1,已售/已满,已售,雾,20,21,2,0.0,98,43
2026-05-21 21:30:46,2026-05-21,4,羽毛球馆-1号,12:00-12:55,1,1,已售/已满,已售,雾,20,22,1,0.0,99,41
2026-05-21 22:01:02,2026-05-21,4,羽毛球馆-1号,12:00-12:55,1,1,已售/已满,已售,雾,19,20,2,0.0,93,41
2026-05-21 22:30:47,2026-05-21,4,羽毛球馆-1号,12:00-12:55,1,1,已售/已满,已售,雾,19,19,3,0.0,88,46
2026-05-21 23:00:56,2026-05-21,4,羽毛球馆-1号,12:00-12:55,1,1,已售/已满,已售,多云,18,17,3,0.0,85,46
2026-05-21 23:30:55,2026-05-21,4,羽毛球馆-1号,12:00-12:55,1,1,已售/已满,已售,多云,18,17,3,0.0,85,48
2026-05-21 00:30:49,2026-05-21,4,羽毛球馆-1号,12:55-13:50,1,1,已售/已满,已售,多云,15,13,3,0.0,100,26
2026-05-21 01:00:55,2026-05-21,4,羽毛球馆-1号,12:55-13:50,1,1,已售/已满,已售,多云,15,12,4,0.0,100,26
2026-05-21 01:30:47,2026-05-21,4,羽毛球馆-1号,12:55-13:50,1,1,已售/已满,已售,多云,15,13,4,0.0,100,28
2026-05-21 02:00:53,2026-05-21,4,羽毛球馆-1号,12:55-13:50,1,1,已售/已满,已售,多云,15,12,4,0.0,100,28
2026-05-21 02:30:49,2026-05-21,4,羽毛球馆-1号,12:55-13:50,1,1,已售/已满,已售,多云,15,14,3,0.0,100,29
2026-05-21 03:00:55,2026-05-21,4,羽毛球馆-1号,12:55-13:50,1,1,已售/已满,已售,多云,15,12,4,0.0,100,29
2026-05-21 03:30:49,2026-05-21,4,羽毛球馆-1号,12:55-13:50,1,1,已售/已满,已售,多云,15,14,3,0.0,100,30
2026-05-21 04:30:45,2026-05-21,4,羽毛球馆-1号,12:55-13:50,1,1,已售/已满,已售,多云,15,12,4,0.0,100,29
2026-05-21 05:00:52,2026-05-21,4,羽毛球馆-1号,12:55-13:50,1,1,已售/已满,已售,多云,15,12,4,0.0,100,29
2026-05-21 05:30:49,2026-05-21,4,羽毛球馆-1号,12:55-13:50,1,1,已售/已满,已售,多云,15,13,3,0.0,100,28
2026-05-21 06:00:50,2026-05-21,4,羽毛球馆-1号,12:55-13:50,1,1,已售/已满,已售,多云,15,13,4,0.0,99,28
2026-05-21 06:30:38,2026-05-21,4,羽毛球馆-1号,12:55-13:50,1,1,已售/已满,已售,多云,15,13,3,0.0,97,28
2026-05-21 07:00:43,2026-05-21,4,羽毛球馆-1号,12:55-13:50,1,1,已售/已满,已售,晴,15,11,5,0.0,93,28
2026-05-21 07:30:39,2026-05-21,4,羽毛球馆-1号,12:55-13:50,1,1,已售/已满,已售,晴,17,13,4,0.0,89,29
2026-05-21 07:50:40,2026-05-21,4,羽毛球馆-1号,12:55-13:50,1,1,已售/已满,已售,晴,17,13,4,0.0,88,29
2026-05-21 07:53:31,2026-05-21,4,羽毛球馆-1号,12:55-13:50,1,1,已售/已满,已售,晴,17,12,5,0.0,86,29
2026-05-21 07:56:31,2026-05-21,4,羽毛球馆-1号,12:55-13:50,1,1,已售/已满,已售,晴,17,12,5,0.0,86,29
2026-05-21 07:59:26,2026-05-21,4,羽毛球馆-1号,12:55-13:50,1,1,已售/已满,已售,晴,17,12,5,0.0,86,29
2026-05-21 08:00:45,2026-05-21,4,羽毛球馆-1号,12:55-13:50,1,1,已售/已满,已售,晴,17,12,5,0.0,86,29
2026-05-21 08:02:30,2026-05-21,4,羽毛球馆-1号,12:55-13:50,1,1,已售/已满,已售,多云,17,12,5,0.0,87,29
2026-05-21 08:05:36,2026-05-21,4,羽毛球馆-1号,12:55-13:50,1,1,已售/已满,已售,多云,17,12,5,0.0,86,29
2026-05-21 08:08:31,2026-05-21,4,羽毛球馆-1号,12:55-13:50,1,1,已售/已满,已售,多云,17,12,5,0.0,86,29
2026-05-21 08:11:30,2026-05-21,4,羽毛球馆-1号,12:55-13:50,1,1,已售/已满,已售,多云,17,12,5,0.0,86,29
2026-05-21 08:14:31,2026-05-21,4,羽毛球馆-1号,12:55-13:50,1,1,已售/已满,已售,多云,17,12,5,0.0,86,29
2026-05-21 08:17:30,2026-05-21,4,羽毛球馆-1号,12:55-13:50,1,1,已售/已满,已售,多云,17,12,5,0.0,86,29
2026-05-21 08:20:35,2026-05-21,4,羽毛球馆-1号,12:55-13:50,1,1,已售/已满,已售,多云,17,14,4,0.0,85,29
2026-05-21 08:25:32,2026-05-21,4,羽毛球馆-1号,12:55-13:50,1,1,已售/已满,已售,多云,17,14,4,0.0,85,28
2026-05-21 08:30:42,2026-05-21,4,羽毛球馆-1号,12:55-13:50,1,1,已售/已满,已售,多云,18,15,4,0.0,84,28
2026-05-21 08:35:31,2026-05-21,4,羽毛球馆-1号,12:55-13:50,1,1,已售/已满,已售,多云,18,15,4,0.0,84,28
2026-05-21 08:40:38,2026-05-21,4,羽毛球馆-1号,12:55-13:50,1,1,已售/已满,已售,多云,18,15,4,0.0,82,28
2026-05-21 08:45:33,2026-05-21,4,羽毛球馆-1号,12:55-13:50,1,1,已售/已满,已售,多云,18,15,4,0.0,82,28
2026-05-21 08:50:36,2026-05-21,4,羽毛球馆-1号,12:55-13:50,1,1,已售/已满,已售,多云,18,15,4,0.0,82,28
2026-05-21 08:55:34,2026-05-21,4,羽毛球馆-1号,12:55-13:50,1,1,已售/已满,已售,多云,18,15,4,0.0,84,28
2026-05-21 09:00:51,2026-05-21,4,羽毛球馆-1号,12:55-13:50,1,1,已售/已满,已售,多云,18,15,4,0.0,84,28
2026-05-21 09:01:59,2026-05-21,4,羽毛球馆-1号,12:55-13:50,1,1,已售/已满,已售,多云,18,15,4,0.0,83,28
2026-05-21 09:05:33,2026-05-21,4,羽毛球馆-1号,12:55-13:50,1,1,已售/已满,已售,多云,18,15,4,0.0,83,28
2026-05-21 09:20:38,2026-05-21,4,羽毛球馆-1号,12:55-13:50,1,1,已售/已满,已售,多云,18,16,3,0.0,81,28
2026-05-21 09:30:46,2026-05-21,4,羽毛球馆-1号,12:55-13:50,1,1,已售/已满,已售,多云,18,16,3,0.0,81,32
2026-05-21 09:40:36,2026-05-21,4,羽毛球馆-1号,12:55-13:50,1,1,已售/已满,已售,多云,19,17,3,0.0,79,32
2026-05-21 09:50:42,2026-05-21,4,羽毛球馆-1号,12:55-13:50,1,1,已售/已满,已售,多云,19,17,4,0.0,81,32
2026-05-21 10:00:46,2026-05-21,4,羽毛球馆-1号,12:55-13:50,1,1,已售/已满,已售,多云,19,17,4,0.0,79,32
2026-05-21 10:10:40,2026-05-21,4,羽毛球馆-1号,12:55-13:50,1,1,已售/已满,已售,多云,19,17,4,0.0,79,32
2026-05-21 10:20:38,2026-05-21,4,羽毛球馆-1号,12:55-13:50,1,1,已售/已满,已售,多云,19,17,4,0.0,79,32
2026-05-21 10:30:41,2026-05-21,4,羽毛球馆-1号,12:55-13:50,1,1,已售/已满,已售,多云,19,18,3,0.0,78,31
2026-05-21 11:00:44,2026-05-21,4,羽毛球馆-1号,12:55-13:50,1,1,已售/已满,已售,多云,21,17,5,0.0,74,31
2026-05-21 11:30:38,2026-05-21,4,羽毛球馆-1号,12:55-13:50,1,1,已售/已满,已售,多云,21,19,3,0.0,72,33
2026-05-21 12:00:46,2026-05-21,4,羽毛球馆-1号,12:55-13:50,1,1,已售/已满,已售,多云,22,19,4,0.0,70,33
2026-05-21 12:30:42,2026-05-21,4,羽毛球馆-1号,12:55-13:50,1,1,已售/已满,已售,多云,22,21,3,0.0,68,35
2026-05-21 13:00:43,2026-05-21,4,羽毛球馆-1号,12:55-13:50,1,1,已售/已满,已售,多云,24,22,4,0.0,66,35
2026-05-21 13:30:43,2026-05-21,4,羽毛球馆-1号,12:55-13:50,1,1,已售/已满,已售,多云,24,22,4,0.0,66,36
2026-05-21 14:00:48,2026-05-21,4,羽毛球馆-1号,12:55-13:50,1,1,已售/已满,已售,多云,25,23,4,0.0,66,36
2026-05-21 14:30:45,2026-05-21,4,羽毛球馆-1号,12:55-13:50,1,1,已售/已满,已售,晴,25,25,3,0.0,65,39
2026-05-21 15:00:45,2026-05-21,4,羽毛球馆-1号,12:55-13:50,1,1,已售/已满,已售,晴,25,22,4,0.0,56,39
2026-05-21 15:30:43,2026-05-21,4,羽毛球馆-1号,12:55-13:50,1,1,已售/已满,已售,晴,25,23,4,0.0,57,40
2026-05-21 16:00:51,2026-05-21,4,羽毛球馆-1号,12:55-13:50,1,1,已售/已满,已售,晴,25,23,4,0.0,57,40
2026-05-21 16:30:48,2026-05-21,4,羽毛球馆-1号,12:55-13:50,1,1,已售/已满,已售,晴,25,24,3,0.0,60,39
2026-05-21 17:00:49,2026-05-21,4,羽毛球馆-1号,12:55-13:50,1,1,已售/已满,已售,晴,25,24,4,0.0,61,39
2026-05-21 17:30:47,2026-05-21,4,羽毛球馆-1号,12:55-13:50,1,1,已售/已满,已售,多云,24,23,3,0.0,64,39
2026-05-21 18:00:50,2026-05-21,4,羽毛球馆-1号,12:55-13:50,1,1,已售/已满,已售,多云,24,23,3,0.0,68,39
2026-05-21 18:30:50,2026-05-21,4,羽毛球馆-1号,12:55-13:50,1,1,已售/已满,已售,阴,24,25,2,0.0,68,40
2026-05-21 19:00:50,2026-05-21,4,羽毛球馆-1号,12:55-13:50,1,1,已售/已满,已售,阴,23,23,3,0.0,76,40
2026-05-21 19:30:46,2026-05-21,4,羽毛球馆-1号,12:55-13:50,1,1,已售/已满,已售,阴,23,24,2,0.0,77,39
2026-05-21 20:00:49,2026-05-21,4,羽毛球馆-1号,12:55-13:50,1,1,已售/已满,已售,雾,22,23,2,0.0,89,39
2026-05-21 20:30:44,2026-05-21,4,羽毛球馆-1号,12:55-13:50,1,1,已售/已满,已售,雾,22,24,2,0.0,93,43
2026-05-21 21:00:56,2026-05-21,4,羽毛球馆-1号,12:55-13:50,1,1,已售/已满,已售,雾,20,21,2,0.0,98,43
2026-05-21 21:30:46,2026-05-21,4,羽毛球馆-1号,12:55-13:50,1,1,已售/已满,已售,雾,20,22,1,0.0,99,41
2026-05-21 22:01:02,2026-05-21,4,羽毛球馆-1号,12:55-13:50,1,1,已售/已满,已售,雾,19,20,2,0.0,93,41
2026-05-21 22:30:47,2026-05-21,4,羽毛球馆-1号,12:55-13:50,1,1,已售/已满,已售,雾,19,19,3,0.0,88,46
2026-05-21 23:00:56,2026-05-21,4,羽毛球馆-1号,12:55-13:50,1,1,已售/已满,已售,多云,18,17,3,0.0,85,46
2026-05-21 23:30:55,2026-05-21,4,羽毛球馆-1号,12:55-13:50,1,1,已售/已满,已售,多云,18,17,3,0.0,85,48
2026-05-21 00:30:49,2026-05-21,4,羽毛球馆-1号,14:00-15:00,0,1,可预约,￥12.0,多云,15,13,3,0.0,100,26
2026-05-21 01:00:55,2026-05-21,4,羽毛球馆-1号,14:00-15:00,0,1,可预约,￥12.0,多云,15,12,4,0.0,100,26
2026-05-21 01:30:47,2026-05-21,4,羽毛球馆-1号,14:00-15:00,0,1,可预约,￥12.0,多云,15,13,4,0.0,100,28
2026-05-21 02:00:53,2026-05-21,4,羽毛球馆-1号,14:00-15:00,0,1,可预约,￥12.0,多云,15,12,4,0.0,100,28
2026-05-21 02:30:49,2026-05-21,4,羽毛球馆-1号,14:00-15:00,0,1,可预约,￥12.0,多云,15,14,3,0.0,100,29
2026-05-21 03:00:55,2026-05-21,4,羽毛球馆-1号,14:00-15:00,0,1,可预约,￥12.0,多云,15,12,4,0.0,100,29
2026-05-21 03:30:49,2026-05-21,4,羽毛球馆-1号,14:00-15:00,0,1,可预约,￥12.0,多云,15,14,3,0.0,100,30
2026-05-21 04:30:45,2026-05-21,4,羽毛球馆-1号,14:00-15:00,0,1,可预约,￥12.0,多云,15,12,4,0.0,100,29
2026-05-21 05:00:52,2026-05-21,4,羽毛球馆-1号,14:00-15:00,0,1,可预约,￥12.0,多云,15,12,4,0.0,100,29
2026-05-21 05:30:49,2026-05-21,4,羽毛球馆-1号,14:00-15:00,0,1,可预约,￥12.0,多云,15,13,3,0.0,100,28
2026-05-21 06:00:50,2026-05-21,4,羽毛球馆-1号,14:00-15:00,0,1,可预约,￥12.0,多云,15,13,4,0.0,99,28
2026-05-21 06:30:38,2026-05-21,4,羽毛球馆-1号,14:00-15:00,0,1,可预约,￥12.0,多云,15,13,3,0.0,97,28
2026-05-21 07:00:43,2026-05-21,4,羽毛球馆-1号,14:00-15:00,0,1,可预约,￥12.0,晴,15,11,5,0.0,93,28
2026-05-21 07:30:39,2026-05-21,4,羽毛球馆-1号,14:00-15:00,0,1,可预约,￥12.0,晴,17,13,4,0.0,89,29
2026-05-21 07:50:40,2026-05-21,4,羽毛球馆-1号,14:00-15:00,0,1,可预约,￥12.0,晴,17,13,4,0.0,88,29
2026-05-21 07:53:31,2026-05-21,4,羽毛球馆-1号,14:00-15:00,0,1,可预约,￥12.0,晴,17,12,5,0.0,86,29
2026-05-21 07:56:31,2026-05-21,4,羽毛球馆-1号,14:00-15:00,0,1,可预约,￥12.0,晴,17,12,5,0.0,86,29
2026-05-21 07:59:26,2026-05-21,4,羽毛球馆-1号,14:00-15:00,0,1,可预约,￥12.0,晴,17,12,5,0.0,86,29
2026-05-21 08:00:45,2026-05-21,4,羽毛球馆-1号,14:00-15:00,0,1,可预约,￥12.0,晴,17,12,5,0.0,86,29
2026-05-21 08:02:30,2026-05-21,4,羽毛球馆-1号,14:00-15:00,0,1,可预约,￥12.0,多云,17,12,5,0.0,87,29
2026-05-21 08:05:36,2026-05-21,4,羽毛球馆-1号,14:00-15:00,0,1,可预约,￥12.0,多云,17,12,5,0.0,86,29
2026-05-21 08:08:31,2026-05-21,4,羽毛球馆-1号,14:00-15:00,0,1,可预约,￥12.0,多云,17,12,5,0.0,86,29
2026-05-21 08:11:30,2026-05-21,4,羽毛球馆-1号,14:00-15:00,0,1,可预约,￥12.0,多云,17,12,5,0.0,86,29
2026-05-21 08:14:31,2026-05-21,4,羽毛球馆-1号,14:00-15:00,0,1,可预约,￥12.0,多云,17,12,5,0.0,86,29
2026-05-21 08:17:30,2026-05-21,4,羽毛球馆-1号,14:00-15:00,0,1,可预约,￥12.0,多云,17,12,5,0.0,86,29
2026-05-21 08:20:35,2026-05-21,4,羽毛球馆-1号,14:00-15:00,0,1,可预约,￥12.0,多云,17,14,4,0.0,85,29
2026-05-21 08:25:32,2026-05-21,4,羽毛球馆-1号,14:00-15:00,0,1,可预约,￥12.0,多云,17,14,4,0.0,85,28
2026-05-21 08:30:42,2026-05-21,4,羽毛球馆-1号,14:00-15:00,0,1,可预约,￥12.0,多云,18,15,4,0.0,84,28
2026-05-21 08:35:31,2026-05-21,4,羽毛球馆-1号,14:00-15:00,0,1,可预约,￥12.0,多云,18,15,4,0.0,84,28
2026-05-21 08:40:38,2026-05-21,4,羽毛球馆-1号,14:00-15:00,0,1,可预约,￥12.0,多云,18,15,4,0.0,82,28
2026-05-21 08:45:33,2026-05-21,4,羽毛球馆-1号,14:00-15:00,0,1,可预约,￥12.0,多云,18,15,4,0.0,82,28
2026-05-21 08:50:36,2026-05-21,4,羽毛球馆-1号,14:00-15:00,0,1,可预约,￥12.0,多云,18,15,4,0.0,82,28
2026-05-21 08:55:34,2026-05-21,4,羽毛球馆-1号,14:00-15:00,0,1,可预约,￥12.0,多云,18,15,4,0.0,84,28
2026-05-21 09:00:51,2026-05-21,4,羽毛球馆-1号,14:00-15:00,0,1,可预约,￥12.0,多云,18,15,4,0.0,84,28
2026-05-21 09:01:59,2026-05-21,4,羽毛球馆-1号,14:00-15:00,0,1,可预约,￥12.0,多云,18,15,4,0.0,83,28
2026-05-21 09:05:33,2026-05-21,4,羽毛球馆-1号,14:00-15:00,0,1,可预约,￥12.0,多云,18,15,4,0.0,83,28
2026-05-21 09:20:38,2026-05-21,4,羽毛球馆-1号,14:00-15:00,0,1,可预约,￥12.0,多云,18,16,3,0.0,81,28
2026-05-21 09:30:46,2026-05-21,4,羽毛球馆-1号,14:00-15:00,0,1,可预约,￥12.0,多云,18,16,3,0.0,81,32
2026-05-21 09:40:36,2026-05-21,4,羽毛球馆-1号,14:00-15:00,0,1,可预约,￥12.0,多云,19,17,3,0.0,79,32
2026-05-21 09:50:42,2026-05-21,4,羽毛球馆-1号,14:00-15:00,0,1,可预约,￥12.0,多云,19,17,4,0.0,81,32
2026-05-21 10:00:46,2026-05-21,4,羽毛球馆-1号,14:00-15:00,0,1,可预约,￥12.0,多云,19,17,4,0.0,79,32
2026-05-21 10:10:40,2026-05-21,4,羽毛球馆-1号,14:00-15:00,0,1,可预约,￥12.0,多云,19,17,4,0.0,79,32
2026-05-21 10:20:38,2026-05-21,4,羽毛球馆-1号,14:00-15:00,0,1,可预约,￥12.0,多云,19,17,4,0.0,79,32
2026-05-21 10:30:41,2026-05-21,4,羽毛球馆-1号,14:00-15:00,0,1,可预约,￥12.0,多云,19,18,3,0.0,78,31
2026-05-21 11:00:44,2026-05-21,4,羽毛球馆-1号,14:00-15:00,0,1,可预约,￥12.0,多云,21,17,5,0.0,74,31
2026-05-21 11:30:38,2026-05-21,4,羽毛球馆-1号,14:00-15:00,0,1,可预约,￥12.0,多云,21,19,3,0.0,72,33
2026-05-21 12:00:46,2026-05-21,4,羽毛球馆-1号,14:00-15:00,0,1,可预约,￥12.0,多云,22,19,4,0.0,70,33
2026-05-21 12:30:42,2026-05-21,4,羽毛球馆-1号,14:00-15:00,0,1,可预约,￥12.0,多云,22,21,3,0.0,68,35
2026-05-21 13:00:43,2026-05-21,4,羽毛球馆-1号,14:00-15:00,0,1,可预约,￥12.0,多云,24,22,4,0.0,66,35
2026-05-21 13:30:43,2026-05-21,4,羽毛球馆-1号,14:00-15:00,0,1,可预约,￥12.0,多云,24,22,4,0.0,66,36
2026-05-21 14:00:48,2026-05-21,4,羽毛球馆-1号,14:00-15:00,0,1,可预约,￥12.0,多云,25,23,4,0.0,66,36
2026-05-21 14:30:45,2026-05-21,4,羽毛球馆-1号,14:00-15:00,0,1,可预约,￥12.0,晴,25,25,3,0.0,65,39
2026-05-21 15:00:45,2026-05-21,4,羽毛球馆-1号,14:00-15:00,0,1,不开放/已过期,,晴,25,22,4,0.0,56,39
2026-05-21 15:30:43,2026-05-21,4,羽毛球馆-1号,14:00-15:00,0,1,不开放/已过期,,晴,25,23,4,0.0,57,40
2026-05-21 16:00:51,2026-05-21,4,羽毛球馆-1号,14:00-15:00,0,1,不开放/已过期,,晴,25,23,4,0.0,57,40
2026-05-21 16:30:48,2026-05-21,4,羽毛球馆-1号,14:00-15:00,0,1,不开放/已过期,,晴,25,24,3,0.0,60,39
2026-05-21 17:00:49,2026-05-21,4,羽毛球馆-1号,14:00-15:00,0,1,不开放/已过期,,晴,25,24,4,0.0,61,39
2026-05-21 17:30:47,2026-05-21,4,羽毛球馆-1号,14:00-15:00,0,1,不开放/已过期,,多云,24,23,3,0.0,64,39
2026-05-21 18:00:50,2026-05-21,4,羽毛球馆-1号,14:00-15:00,0,1,不开放/已过期,,多云,24,23,3,0.0,68,39
2026-05-21 18:30:50,2026-05-21,4,羽毛球馆-1号,14:00-15:00,0,1,不开放/已过期,,阴,24,25,2,0.0,68,40
2026-05-21 19:00:50,2026-05-21,4,羽毛球馆-1号,14:00-15:00,0,1,不开放/已过期,,阴,23,23,3,0.0,76,40
2026-05-21 19:30:46,2026-05-21,4,羽毛球馆-1号,14:00-15:00,0,1,不开放/已过期,,阴,23,24,2,0.0,77,39
2026-05-21 20:00:49,2026-05-21,4,羽毛球馆-1号,14:00-15:00,0,1,不开放/已过期,,雾,22,23,2,0.0,89,39
2026-05-21 20:30:44,2026-05-21,4,羽毛球馆-1号,14:00-15:00,0,1,不开放/已过期,,雾,22,24,2,0.0,93,43
2026-05-21 21:00:56,2026-05-21,4,羽毛球馆-1号,14:00-15:00,0,1,不开放/已过期,,雾,20,21,2,0.0,98,43
2026-05-21 21:30:46,2026-05-21,4,羽毛球馆-1号,14:00-15:00,0,1,不开放/已过期,,雾,20,22,1,0.0,99,41
2026-05-21 22:01:02,2026-05-21,4,羽毛球馆-1号,14:00-15:00,0,1,不开放/已过期,,雾,19,20,2,0.0,93,41
2026-05-21 22:30:47,2026-05-21,4,羽毛球馆-1号,14:00-15:00,0,1,不开放/已过期,,雾,19,19,3,0.0,88,46
2026-05-21 23:00:56,2026-05-21,4,羽毛球馆-1号,14:00-15:00,0,1,不开放/已过期,,多云,18,17,3,0.0,85,46
2026-05-21 23:30:55,2026-05-21,4,羽毛球馆-1号,14:00-15:00,0,1,不开放/已过期,,多云,18,17,3,0.0,85,48
2026-05-21 00:30:49,2026-05-21,4,羽毛球馆-1号,15:00-16:00,0,1,可预约,￥12.0,多云,15,13,3,0.0,100,26
2026-05-21 01:00:55,2026-05-21,4,羽毛球馆-1号,15:00-16:00,0,1,可预约,￥12.0,多云,15,12,4,0.0,100,26
2026-05-21 01:30:47,2026-05-21,4,羽毛球馆-1号,15:00-16:00,0,1,可预约,￥12.0,多云,15,13,4,0.0,100,28
2026-05-21 02:00:53,2026-05-21,4,羽毛球馆-1号,15:00-16:00,0,1,可预约,￥12.0,多云,15,12,4,0.0,100,28
2026-05-21 02:30:49,2026-05-21,4,羽毛球馆-1号,15:00-16:00,0,1,可预约,￥12.0,多云,15,14,3,0.0,100,29
2026-05-21 03:00:55,2026-05-21,4,羽毛球馆-1号,15:00-16:00,0,1,可预约,￥12.0,多云,15,12,4,0.0,100,29
2026-05-21 03:30:49,2026-05-21,4,羽毛球馆-1号,15:00-16:00,0,1,可预约,￥12.0,多云,15,14,3,0.0,100,30
2026-05-21 04:30:45,2026-05-21,4,羽毛球馆-1号,15:00-16:00,0,1,可预约,￥12.0,多云,15,12,4,0.0,100,29
2026-05-21 05:00:52,2026-05-21,4,羽毛球馆-1号,15:00-16:00,0,1,可预约,￥12.0,多云,15,12,4,0.0,100,29
2026-05-21 05:30:49,2026-05-21,4,羽毛球馆-1号,15:00-16:00,0,1,可预约,￥12.0,多云,15,13,3,0.0,100,28
2026-05-21 06:00:50,2026-05-21,4,羽毛球馆-1号,15:00-16:00,0,1,可预约,￥12.0,多云,15,13,4,0.0,99,28
2026-05-21 06:30:38,2026-05-21,4,羽毛球馆-1号,15:00-16:00,0,1,可预约,￥12.0,多云,15,13,3,0.0,97,28
2026-05-21 07:00:43,2026-05-21,4,羽毛球馆-1号,15:00-16:00,0,1,可预约,￥12.0,晴,15,11,5,0.0,93,28
2026-05-21 07:30:39,2026-05-21,4,羽毛球馆-1号,15:00-16:00,0,1,可预约,￥12.0,晴,17,13,4,0.0,89,29
2026-05-21 07:50:40,2026-05-21,4,羽毛球馆-1号,15:00-16:00,0,1,可预约,￥12.0,晴,17,13,4,0.0,88,29
2026-05-21 07:53:31,2026-05-21,4,羽毛球馆-1号,15:00-16:00,0,1,可预约,￥12.0,晴,17,12,5,0.0,86,29
2026-05-21 07:56:31,2026-05-21,4,羽毛球馆-1号,15:00-16:00,0,1,可预约,￥12.0,晴,17,12,5,0.0,86,29
2026-05-21 07:59:26,2026-05-21,4,羽毛球馆-1号,15:00-16:00,0,1,可预约,￥12.0,晴,17,12,5,0.0,86,29
2026-05-21 08:00:45,2026-05-21,4,羽毛球馆-1号,15:00-16:00,0,1,可预约,￥12.0,晴,17,12,5,0.0,86,29
2026-05-21 08:02:30,2026-05-21,4,羽毛球馆-1号,15:00-16:00,0,1,可预约,￥12.0,多云,17,12,5,0.0,87,29
2026-05-21 08:05:36,2026-05-21,4,羽毛球馆-1号,15:00-16:00,0,1,可预约,￥12.0,多云,17,12,5,0.0,86,29
2026-05-21 08:08:31,2026-05-21,4,羽毛球馆-1号,15:00-16:00,0,1,可预约,￥12.0,多云,17,12,5,0.0,86,29
2026-05-21 08:11:30,2026-05-21,4,羽毛球馆-1号,15:00-16:00,0,1,可预约,￥12.0,多云,17,12,5,0.0,86,29
2026-05-21 08:14:31,2026-05-21,4,羽毛球馆-1号,15:00-16:00,0,1,可预约,￥12.0,多云,17,12,5,0.0,86,29
2026-05-21 08:17:30,2026-05-21,4,羽毛球馆-1号,15:00-16:00,0,1,可预约,￥12.0,多云,17,12,5,0.0,86,29
2026-05-21 08:20:35,2026-05-21,4,羽毛球馆-1号,15:00-16:00,0,1,可预约,￥12.0,多云,17,14,4,0.0,85,29
2026-05-21 08:25:32,2026-05-21,4,羽毛球馆-1号,15:00-16:00,0,1,可预约,￥12.0,多云,17,14,4,0.0,85,28
2026-05-21 08:30:42,2026-05-21,4,羽毛球馆-1号,15:00-16:00,0,1,可预约,￥12.0,多云,18,15,4,0.0,84,28
2026-05-21 08:35:31,2026-05-21,4,羽毛球馆-1号,15:00-16:00,0,1,可预约,￥12.0,多云,18,15,4,0.0,84,28
2026-05-21 08:40:38,2026-05-21,4,羽毛球馆-1号,15:00-16:00,0,1,可预约,￥12.0,多云,18,15,4,0.0,82,28
2026-05-21 08:45:33,2026-05-21,4,羽毛球馆-1号,15:00-16:00,0,1,可预约,￥12.0,多云,18,15,4,0.0,82,28
2026-05-21 08:50:36,2026-05-21,4,羽毛球馆-1号,15:00-16:00,0,1,可预约,￥12.0,多云,18,15,4,0.0,82,28
2026-05-21 08:55:34,2026-05-21,4,羽毛球馆-1号,15:00-16:00,0,1,可预约,￥12.0,多云,18,15,4,0.0,84,28
2026-05-21 09:00:51,2026-05-21,4,羽毛球馆-1号,15:00-16:00,0,1,可预约,￥12.0,多云,18,15,4,0.0,84,28
2026-05-21 09:01:59,2026-05-21,4,羽毛球馆-1号,15:00-16:00,0,1,可预约,￥12.0,多云,18,15,4,0.0,83,28
2026-05-21 09:05:33,2026-05-21,4,羽毛球馆-1号,15:00-16:00,0,1,可预约,￥12.0,多云,18,15,4,0.0,83,28
2026-05-21 09:20:38,2026-05-21,4,羽毛球馆-1号,15:00-16:00,0,1,可预约,￥12.0,多云,18,16,3,0.0,81,28
2026-05-21 09:30:46,2026-05-21,4,羽毛球馆-1号,15:00-16:00,0,1,可预约,￥12.0,多云,18,16,3,0.0,81,32
2026-05-21 09:40:36,2026-05-21,4,羽毛球馆-1号,15:00-16:00,0,1,可预约,￥12.0,多云,19,17,3,0.0,79,32
2026-05-21 09:50:42,2026-05-21,4,羽毛球馆-1号,15:00-16:00,0,1,可预约,￥12.0,多云,19,17,4,0.0,81,32
2026-05-21 10:00:46,2026-05-21,4,羽毛球馆-1号,15:00-16:00,0,1,可预约,￥12.0,多云,19,17,4,0.0,79,32
2026-05-21 10:10:40,2026-05-21,4,羽毛球馆-1号,15:00-16:00,0,1,可预约,￥12.0,多云,19,17,4,0.0,79,32
2026-05-21 10:20:38,2026-05-21,4,羽毛球馆-1号,15:00-16:00,0,1,可预约,￥12.0,多云,19,17,4,0.0,79,32
2026-05-21 10:30:41,2026-05-21,4,羽毛球馆-1号,15:00-16:00,0,1,可预约,￥12.0,多云,19,18,3,0.0,78,31
2026-05-21 11:00:44,2026-05-21,4,羽毛球馆-1号,15:00-16:00,0,1,可预约,￥12.0,多云,21,17,5,0.0,74,31
2026-05-21 11:30:38,2026-05-21,4,羽毛球馆-1号,15:00-16:00,0,1,可预约,￥12.0,多云,21,19,3,0.0,72,33
2026-05-21 12:00:46,2026-05-21,4,羽毛球馆-1号,15:00-16:00,0,1,可预约,￥12.0,多云,22,19,4,0.0,70,33
2026-05-21 12:30:42,2026-05-21,4,羽毛球馆-1号,15:00-16:00,0,1,可预约,￥12.0,多云,22,21,3,0.0,68,35
2026-05-21 13:00:43,2026-05-21,4,羽毛球馆-1号,15:00-16:00,0,1,可预约,￥12.0,多云,24,22,4,0.0,66,35
2026-05-21 13:30:43,2026-05-21,4,羽毛球馆-1号,15:00-16:00,0,1,可预约,￥12.0,多云,24,22,4,0.0,66,36
2026-05-21 14:00:48,2026-05-21,4,羽毛球馆-1号,15:00-16:00,0,1,可预约,￥12.0,多云,25,23,4,0.0,66,36
2026-05-21 14:30:45,2026-05-21,4,羽毛球馆-1号,15:00-16:00,0,1,可预约,￥12.0,晴,25,25,3,0.0,65,39
2026-05-21 15:00:45,2026-05-21,4,羽毛球馆-1号,15:00-16:00,0,1,可预约,￥12.0,晴,25,22,4,0.0,56,39
2026-05-21 15:30:43,2026-05-21,4,羽毛球馆-1号,15:00-16:00,0,1,可预约,￥12.0,晴,25,23,4,0.0,57,40
2026-05-21 16:00:51,2026-05-21,4,羽毛球馆-1号,15:00-16:00,0,1,不开放/已过期,,晴,25,23,4,0.0,57,40
2026-05-21 16:30:48,2026-05-21,4,羽毛球馆-1号,15:00-16:00,0,1,不开放/已过期,,晴,25,24,3,0.0,60,39
2026-05-21 17:00:49,2026-05-21,4,羽毛球馆-1号,15:00-16:00,0,1,不开放/已过期,,晴,25,24,4,0.0,61,39
2026-05-21 17:30:47,2026-05-21,4,羽毛球馆-1号,15:00-16:00,0,1,不开放/已过期,,多云,24,23,3,0.0,64,39
2026-05-21 18:00:50,2026-05-21,4,羽毛球馆-1号,15:00-16:00,0,1,不开放/已过期,,多云,24,23,3,0.0,68,39
2026-05-21 18:30:50,2026-05-21,4,羽毛球馆-1号,15:00-16:00,0,1,不开放/已过期,,阴,24,25,2,0.0,68,40
2026-05-21 19:00:50,2026-05-21,4,羽毛球馆-1号,15:00-16:00,0,1,不开放/已过期,,阴,23,23,3,0.0,76,40
2026-05-21 19:30:46,2026-05-21,4,羽毛球馆-1号,15:00-16:00,0,1,不开放/已过期,,阴,23,24,2,0.0,77,39
2026-05-21 20:00:49,2026-05-21,4,羽毛球馆-1号,15:00-16:00,0,1,不开放/已过期,,雾,22,23,2,0.0,89,39
2026-05-21 20:30:44,2026-05-21,4,羽毛球馆-1号,15:00-16:00,0,1,不开放/已过期,,雾,22,24,2,0.0,93,43
2026-05-21 21:00:56,2026-05-21,4,羽毛球馆-1号,15:00-16:00,0,1,不开放/已过期,,雾,20,21,2,0.0,98,43
2026-05-21 21:30:46,2026-05-21,4,羽毛球馆-1号,15:00-16:00,0,1,不开放/已过期,,雾,20,22,1,0.0,99,41
2026-05-21 22:01:02,2026-05-21,4,羽毛球馆-1号,15:00-16:00,0,1,不开放/已过期,,雾,19,20,2,0.0,93,41
2026-05-21 22:30:47,2026-05-21,4,羽毛球馆-1号,15:00-16:00,0,1,不开放/已过期,,雾,19,19,3,0.0,88,46
2026-05-21 23:00:56,2026-05-21,4,羽毛球馆-1号,15:00-16:00,0,1,不开放/已过期,,多云,18,17,3,0.0,85,46
2026-05-21 23:30:55,2026-05-21,4,羽毛球馆-1号,15:00-16:00,0,1,不开放/已过期,,多云,18,17,3,0.0,85,48
2026-05-21 00:30:49,2026-05-21,4,羽毛球馆-1号,16:00-17:00,1,1,已售/已满,已售,多云,15,13,3,0.0,100,26
2026-05-21 01:00:55,2026-05-21,4,羽毛球馆-1号,16:00-17:00,1,1,已售/已满,已售,多云,15,12,4,0.0,100,26
2026-05-21 01:30:47,2026-05-21,4,羽毛球馆-1号,16:00-17:00,1,1,已售/已满,已售,多云,15,13,4,0.0,100,28
2026-05-21 02:00:53,2026-05-21,4,羽毛球馆-1号,16:00-17:00,1,1,已售/已满,已售,多云,15,12,4,0.0,100,28
2026-05-21 02:30:49,2026-05-21,4,羽毛球馆-1号,16:00-17:00,1,1,已售/已满,已售,多云,15,14,3,0.0,100,29
2026-05-21 03:00:55,2026-05-21,4,羽毛球馆-1号,16:00-17:00,1,1,已售/已满,已售,多云,15,12,4,0.0,100,29
2026-05-21 03:30:49,2026-05-21,4,羽毛球馆-1号,16:00-17:00,1,1,已售/已满,已售,多云,15,14,3,0.0,100,30
2026-05-21 04:30:45,2026-05-21,4,羽毛球馆-1号,16:00-17:00,1,1,已售/已满,已售,多云,15,12,4,0.0,100,29
2026-05-21 05:00:52,2026-05-21,4,羽毛球馆-1号,16:00-17:00,1,1,已售/已满,已售,多云,15,12,4,0.0,100,29
2026-05-21 05:30:49,2026-05-21,4,羽毛球馆-1号,16:00-17:00,1,1,已售/已满,已售,多云,15,13,3,0.0,100,28
2026-05-21 06:00:50,2026-05-21,4,羽毛球馆-1号,16:00-17:00,1,1,已售/已满,已售,多云,15,13,4,0.0,99,28
2026-05-21 06:30:38,2026-05-21,4,羽毛球馆-1号,16:00-17:00,1,1,已售/已满,已售,多云,15,13,3,0.0,97,28
2026-05-21 07:00:43,2026-05-21,4,羽毛球馆-1号,16:00-17:00,1,1,已售/已满,已售,晴,15,11,5,0.0,93,28
2026-05-21 07:30:39,2026-05-21,4,羽毛球馆-1号,16:00-17:00,1,1,已售/已满,已售,晴,17,13,4,0.0,89,29
2026-05-21 07:50:40,2026-05-21,4,羽毛球馆-1号,16:00-17:00,1,1,已售/已满,已售,晴,17,13,4,0.0,88,29
2026-05-21 07:53:31,2026-05-21,4,羽毛球馆-1号,16:00-17:00,1,1,已售/已满,已售,晴,17,12,5,0.0,86,29
2026-05-21 07:56:31,2026-05-21,4,羽毛球馆-1号,16:00-17:00,1,1,已售/已满,已售,晴,17,12,5,0.0,86,29
2026-05-21 07:59:26,2026-05-21,4,羽毛球馆-1号,16:00-17:00,1,1,已售/已满,已售,晴,17,12,5,0.0,86,29
2026-05-21 08:00:45,2026-05-21,4,羽毛球馆-1号,16:00-17:00,1,1,已售/已满,已售,晴,17,12,5,0.0,86,29
2026-05-21 08:02:30,2026-05-21,4,羽毛球馆-1号,16:00-17:00,1,1,已售/已满,已售,多云,17,12,5,0.0,87,29
2026-05-21 08:05:36,2026-05-21,4,羽毛球馆-1号,16:00-17:00,1,1,已售/已满,已售,多云,17,12,5,0.0,86,29
2026-05-21 08:08:31,2026-05-21,4,羽毛球馆-1号,16:00-17:00,1,1,已售/已满,已售,多云,17,12,5,0.0,86,29
2026-05-21 08:11:30,2026-05-21,4,羽毛球馆-1号,16:00-17:00,1,1,已售/已满,已售,多云,17,12,5,0.0,86,29
2026-05-21 08:14:31,2026-05-21,4,羽毛球馆-1号,16:00-17:00,1,1,已售/已满,已售,多云,17,12,5,0.0,86,29
2026-05-21 08:17:30,2026-05-21,4,羽毛球馆-1号,16:00-17:00,1,1,已售/已满,已售,多云,17,12,5,0.0,86,29
2026-05-21 08:20:35,2026-05-21,4,羽毛球馆-1号,16:00-17:00,1,1,已售/已满,已售,多云,17,14,4,0.0,85,29
2026-05-21 08:25:32,2026-05-21,4,羽毛球馆-1号,16:00-17:00,1,1,已售/已满,已售,多云,17,14,4,0.0,85,28
2026-05-21 08:30:42,2026-05-21,4,羽毛球馆-1号,16:00-17:00,1,1,已售/已满,已售,多云,18,15,4,0.0,84,28
2026-05-21 08:35:31,2026-05-21,4,羽毛球馆-1号,16:00-17:00,1,1,已售/已满,已售,多云,18,15,4,0.0,84,28
2026-05-21 08:40:38,2026-05-21,4,羽毛球馆-1号,16:00-17:00,1,1,已售/已满,已售,多云,18,15,4,0.0,82,28
2026-05-21 08:45:33,2026-05-21,4,羽毛球馆-1号,16:00-17:00,1,1,已售/已满,已售,多云,18,15,4,0.0,82,28
2026-05-21 08:50:36,2026-05-21,4,羽毛球馆-1号,16:00-17:00,1,1,已售/已满,已售,多云,18,15,4,0.0,82,28
2026-05-21 08:55:34,2026-05-21,4,羽毛球馆-1号,16:00-17:00,1,1,已售/已满,已售,多云,18,15,4,0.0,84,28
2026-05-21 09:00:51,2026-05-21,4,羽毛球馆-1号,16:00-17:00,1,1,已售/已满,已售,多云,18,15,4,0.0,84,28
2026-05-21 09:01:59,2026-05-21,4,羽毛球馆-1号,16:00-17:00,1,1,已售/已满,已售,多云,18,15,4,0.0,83,28
2026-05-21 09:05:33,2026-05-21,4,羽毛球馆-1号,16:00-17:00,1,1,已售/已满,已售,多云,18,15,4,0.0,83,28
2026-05-21 09:20:38,2026-05-21,4,羽毛球馆-1号,16:00-17:00,1,1,已售/已满,已售,多云,18,16,3,0.0,81,28
2026-05-21 09:30:46,2026-05-21,4,羽毛球馆-1号,16:00-17:00,1,1,已售/已满,已售,多云,18,16,3,0.0,81,32
2026-05-21 09:40:36,2026-05-21,4,羽毛球馆-1号,16:00-17:00,1,1,已售/已满,已售,多云,19,17,3,0.0,79,32
2026-05-21 09:50:42,2026-05-21,4,羽毛球馆-1号,16:00-17:00,1,1,已售/已满,已售,多云,19,17,4,0.0,81,32
2026-05-21 10:00:46,2026-05-21,4,羽毛球馆-1号,16:00-17:00,1,1,已售/已满,已售,多云,19,17,4,0.0,79,32
2026-05-21 10:10:40,2026-05-21,4,羽毛球馆-1号,16:00-17:00,1,1,已售/已满,已售,多云,19,17,4,0.0,79,32
2026-05-21 10:20:38,2026-05-21,4,羽毛球馆-1号,16:00-17:00,1,1,已售/已满,已售,多云,19,17,4,0.0,79,32
2026-05-21 10:30:41,2026-05-21,4,羽毛球馆-1号,16:00-17:00,1,1,已售/已满,已售,多云,19,18,3,0.0,78,31
2026-05-21 11:00:44,2026-05-21,4,羽毛球馆-1号,16:00-17:00,1,1,已售/已满,已售,多云,21,17,5,0.0,74,31
2026-05-21 11:30:38,2026-05-21,4,羽毛球馆-1号,16:00-17:00,1,1,已售/已满,已售,多云,21,19,3,0.0,72,33
2026-05-21 12:00:46,2026-05-21,4,羽毛球馆-1号,16:00-17:00,1,1,已售/已满,已售,多云,22,19,4,0.0,70,33
2026-05-21 12:30:42,2026-05-21,4,羽毛球馆-1号,16:00-17:00,1,1,已售/已满,已售,多云,22,21,3,0.0,68,35
2026-05-21 13:00:43,2026-05-21,4,羽毛球馆-1号,16:00-17:00,1,1,已售/已满,已售,多云,24,22,4,0.0,66,35
2026-05-21 13:30:43,2026-05-21,4,羽毛球馆-1号,16:00-17:00,1,1,已售/已满,已售,多云,24,22,4,0.0,66,36
2026-05-21 14:00:48,2026-05-21,4,羽毛球馆-1号,16:00-17:00,1,1,已售/已满,已售,多云,25,23,4,0.0,66,36
2026-05-21 14:30:45,2026-05-21,4,羽毛球馆-1号,16:00-17:00,1,1,已售/已满,已售,晴,25,25,3,0.0,65,39
2026-05-21 15:00:45,2026-05-21,4,羽毛球馆-1号,16:00-17:00,1,1,已售/已满,已售,晴,25,22,4,0.0,56,39
2026-05-21 15:30:43,2026-05-21,4,羽毛球馆-1号,16:00-17:00,1,1,已售/已满,已售,晴,25,23,4,0.0,57,40
2026-05-21 16:00:51,2026-05-21,4,羽毛球馆-1号,16:00-17:00,1,1,已售/已满,已售,晴,25,23,4,0.0,57,40
2026-05-21 16:30:48,2026-05-21,4,羽毛球馆-1号,16:00-17:00,1,1,已售/已满,已售,晴,25,24,3,0.0,60,39
2026-05-21 17:00:49,2026-05-21,4,羽毛球馆-1号,16:00-17:00,1,1,已售/已满,已售,晴,25,24,4,0.0,61,39
2026-05-21 17:30:47,2026-05-21,4,羽毛球馆-1号,16:00-17:00,1,1,已售/已满,已售,多云,24,23,3,0.0,64,39
2026-05-21 18:00:50,2026-05-21,4,羽毛球馆-1号,16:00-17:00,1,1,已售/已满,已售,多云,24,23,3,0.0,68,39
2026-05-21 18:30:50,2026-05-21,4,羽毛球馆-1号,16:00-17:00,1,1,已售/已满,已售,阴,24,25,2,0.0,68,40
2026-05-21 19:00:50,2026-05-21,4,羽毛球馆-1号,16:00-17:00,1,1,已售/已满,已售,阴,23,23,3,0.0,76,40
2026-05-21 19:30:46,2026-05-21,4,羽毛球馆-1号,16:00-17:00,1,1,已售/已满,已售,阴,23,24,2,0.0,77,39
2026-05-21 20:00:49,2026-05-21,4,羽毛球馆-1号,16:00-17:00,1,1,已售/已满,已售,雾,22,23,2,0.0,89,39
2026-05-21 20:30:44,2026-05-21,4,羽毛球馆-1号,16:00-17:00,1,1,已售/已满,已售,雾,22,24,2,0.0,93,43
2026-05-21 21:00:56,2026-05-21,4,羽毛球馆-1号,16:00-17:00,1,1,已售/已满,已售,雾,20,21,2,0.0,98,43
2026-05-21 21:30:46,2026-05-21,4,羽毛球馆-1号,16:00-17:00,1,1,已售/已满,已售,雾,20,22,1,0.0,99,41
2026-05-21 22:01:02,2026-05-21,4,羽毛球馆-1号,16:00-17:00,1,1,已售/已满,已售,雾,19,20,2,0.0,93,41
2026-05-21 22:30:47,2026-05-21,4,羽毛球馆-1号,16:00-17:00,1,1,已售/已满,已售,雾,19,19,3,0.0,88,46
2026-05-21 23:00:56,2026-05-21,4,羽毛球馆-1号,16:00-17:00,1,1,已售/已满,已售,多云,18,17,3,0.0,85,46
2026-05-21 23:30:55,2026-05-21,4,羽毛球馆-1号,16:00-17:00,1,1,已售/已满,已售,多云,18,17,3,0.0,85,48
2026-05-21 00:30:49,2026-05-21,4,羽毛球馆-1号,17:00-18:00,1,1,已售/已满,已售,多云,15,13,3,0.0,100,26
2026-05-21 01:00:55,2026-05-21,4,羽毛球馆-1号,17:00-18:00,1,1,已售/已满,已售,多云,15,12,4,0.0,100,26
2026-05-21 01:30:47,2026-05-21,4,羽毛球馆-1号,17:00-18:00,1,1,已售/已满,已售,多云,15,13,4,0.0,100,28
2026-05-21 02:00:53,2026-05-21,4,羽毛球馆-1号,17:00-18:00,1,1,已售/已满,已售,多云,15,12,4,0.0,100,28
2026-05-21 02:30:49,2026-05-21,4,羽毛球馆-1号,17:00-18:00,1,1,已售/已满,已售,多云,15,14,3,0.0,100,29
2026-05-21 03:00:55,2026-05-21,4,羽毛球馆-1号,17:00-18:00,1,1,已售/已满,已售,多云,15,12,4,0.0,100,29
2026-05-21 03:30:49,2026-05-21,4,羽毛球馆-1号,17:00-18:00,1,1,已售/已满,已售,多云,15,14,3,0.0,100,30
2026-05-21 04:30:45,2026-05-21,4,羽毛球馆-1号,17:00-18:00,1,1,已售/已满,已售,多云,15,12,4,0.0,100,29
2026-05-21 05:00:52,2026-05-21,4,羽毛球馆-1号,17:00-18:00,1,1,已售/已满,已售,多云,15,12,4,0.0,100,29
2026-05-21 05:30:49,2026-05-21,4,羽毛球馆-1号,17:00-18:00,1,1,已售/已满,已售,多云,15,13,3,0.0,100,28
2026-05-21 06:00:50,2026-05-21,4,羽毛球馆-1号,17:00-18:00,1,1,已售/已满,已售,多云,15,13,4,0.0,99,28
2026-05-21 06:30:38,2026-05-21,4,羽毛球馆-1号,17:00-18:00,1,1,已售/已满,已售,多云,15,13,3,0.0,97,28
2026-05-21 07:00:43,2026-05-21,4,羽毛球馆-1号,17:00-18:00,1,1,已售/已满,已售,晴,15,11,5,0.0,93,28
2026-05-21 07:30:39,2026-05-21,4,羽毛球馆-1号,17:00-18:00,1,1,已售/已满,已售,晴,17,13,4,0.0,89,29
2026-05-21 07:50:40,2026-05-21,4,羽毛球馆-1号,17:00-18:00,1,1,已售/已满,已售,晴,17,13,4,0.0,88,29
2026-05-21 07:53:31,2026-05-21,4,羽毛球馆-1号,17:00-18:00,1,1,已售/已满,已售,晴,17,12,5,0.0,86,29
2026-05-21 07:56:31,2026-05-21,4,羽毛球馆-1号,17:00-18:00,1,1,已售/已满,已售,晴,17,12,5,0.0,86,29
2026-05-21 07:59:26,2026-05-21,4,羽毛球馆-1号,17:00-18:00,1,1,已售/已满,已售,晴,17,12,5,0.0,86,29
2026-05-21 08:00:45,2026-05-21,4,羽毛球馆-1号,17:00-18:00,1,1,已售/已满,已售,晴,17,12,5,0.0,86,29
2026-05-21 08:02:30,2026-05-21,4,羽毛球馆-1号,17:00-18:00,1,1,已售/已满,已售,多云,17,12,5,0.0,87,29
2026-05-21 08:05:36,2026-05-21,4,羽毛球馆-1号,17:00-18:00,1,1,已售/已满,已售,多云,17,12,5,0.0,86,29
2026-05-21 08:08:31,2026-05-21,4,羽毛球馆-1号,17:00-18:00,1,1,已售/已满,已售,多云,17,12,5,0.0,86,29
2026-05-21 08:11:30,2026-05-21,4,羽毛球馆-1号,17:00-18:00,1,1,已售/已满,已售,多云,17,12,5,0.0,86,29
2026-05-21 08:14:31,2026-05-21,4,羽毛球馆-1号,17:00-18:00,1,1,已售/已满,已售,多云,17,12,5,0.0,86,29
2026-05-21 08:17:30,2026-05-21,4,羽毛球馆-1号,17:00-18:00,1,1,已售/已满,已售,多云,17,12,5,0.0,86,29
2026-05-21 08:20:35,2026-05-21,4,羽毛球馆-1号,17:00-18:00,1,1,已售/已满,已售,多云,17,14,4,0.0,85,29
2026-05-21 08:25:32,2026-05-21,4,羽毛球馆-1号,17:00-18:00,1,1,已售/已满,已售,多云,17,14,4,0.0,85,28
2026-05-21 08:30:42,2026-05-21,4,羽毛球馆-1号,17:00-18:00,1,1,已售/已满,已售,多云,18,15,4,0.0,84,28
2026-05-21 08:35:31,2026-05-21,4,羽毛球馆-1号,17:00-18:00,1,1,已售/已满,已售,多云,18,15,4,0.0,84,28
2026-05-21 08:40:38,2026-05-21,4,羽毛球馆-1号,17:00-18:00,1,1,已售/已满,已售,多云,18,15,4,0.0,82,28
2026-05-21 08:45:33,2026-05-21,4,羽毛球馆-1号,17:00-18:00,1,1,已售/已满,已售,多云,18,15,4,0.0,82,28
2026-05-21 08:50:36,2026-05-21,4,羽毛球馆-1号,17:00-18:00,1,1,已售/已满,已售,多云,18,15,4,0.0,82,28
2026-05-21 08:55:34,2026-05-21,4,羽毛球馆-1号,17:00-18:00,1,1,已售/已满,已售,多云,18,15,4,0.0,84,28
2026-05-21 09:00:51,2026-05-21,4,羽毛球馆-1号,17:00-18:00,1,1,已售/已满,已售,多云,18,15,4,0.0,84,28
2026-05-21 09:01:59,2026-05-21,4,羽毛球馆-1号,17:00-18:00,1,1,已售/已满,已售,多云,18,15,4,0.0,83,28
2026-05-21 09:05:33,2026-05-21,4,羽毛球馆-1号,17:00-18:00,1,1,已售/已满,已售,多云,18,15,4,0.0,83,28
2026-05-21 09:20:38,2026-05-21,4,羽毛球馆-1号,17:00-18:00,1,1,已售/已满,已售,多云,18,16,3,0.0,81,28
2026-05-21 09:30:46,2026-05-21,4,羽毛球馆-1号,17:00-18:00,1,1,已售/已满,已售,多云,18,16,3,0.0,81,32
2026-05-21 09:40:36,2026-05-21,4,羽毛球馆-1号,17:00-18:00,1,1,已售/已满,已售,多云,19,17,3,0.0,79,32
2026-05-21 09:50:42,2026-05-21,4,羽毛球馆-1号,17:00-18:00,1,1,已售/已满,已售,多云,19,17,4,0.0,81,32
2026-05-21 10:00:46,2026-05-21,4,羽毛球馆-1号,17:00-18:00,1,1,已售/已满,已售,多云,19,17,4,0.0,79,32
2026-05-21 10:10:40,2026-05-21,4,羽毛球馆-1号,17:00-18:00,1,1,已售/已满,已售,多云,19,17,4,0.0,79,32
2026-05-21 10:20:38,2026-05-21,4,羽毛球馆-1号,17:00-18:00,1,1,已售/已满,已售,多云,19,17,4,0.0,79,32
2026-05-21 10:30:41,2026-05-21,4,羽毛球馆-1号,17:00-18:00,1,1,已售/已满,已售,多云,19,18,3,0.0,78,31
2026-05-21 11:00:44,2026-05-21,4,羽毛球馆-1号,17:00-18:00,1,1,已售/已满,已售,多云,21,17,5,0.0,74,31
2026-05-21 11:30:38,2026-05-21,4,羽毛球馆-1号,17:00-18:00,1,1,已售/已满,已售,多云,21,19,3,0.0,72,33
2026-05-21 12:00:46,2026-05-21,4,羽毛球馆-1号,17:00-18:00,1,1,已售/已满,已售,多云,22,19,4,0.0,70,33
2026-05-21 12:30:42,2026-05-21,4,羽毛球馆-1号,17:00-18:00,1,1,已售/已满,已售,多云,22,21,3,0.0,68,35
2026-05-21 13:00:43,2026-05-21,4,羽毛球馆-1号,17:00-18:00,1,1,已售/已满,已售,多云,24,22,4,0.0,66,35
2026-05-21 13:30:43,2026-05-21,4,羽毛球馆-1号,17:00-18:00,1,1,已售/已满,已售,多云,24,22,4,0.0,66,36
2026-05-21 14:00:48,2026-05-21,4,羽毛球馆-1号,17:00-18:00,1,1,已售/已满,已售,多云,25,23,4,0.0,66,36
2026-05-21 14:30:45,2026-05-21,4,羽毛球馆-1号,17:00-18:00,1,1,已售/已满,已售,晴,25,25,3,0.0,65,39
2026-05-21 15:00:45,2026-05-21,4,羽毛球馆-1号,17:00-18:00,1,1,已售/已满,已售,晴,25,22,4,0.0,56,39
2026-05-21 15:30:43,2026-05-21,4,羽毛球馆-1号,17:00-18:00,1,1,已售/已满,已售,晴,25,23,4,0.0,57,40
2026-05-21 16:00:51,2026-05-21,4,羽毛球馆-1号,17:00-18:00,1,1,已售/已满,已售,晴,25,23,4,0.0,57,40
2026-05-21 16:30:48,2026-05-21,4,羽毛球馆-1号,17:00-18:00,1,1,已售/已满,已售,晴,25,24,3,0.0,60,39
2026-05-21 17:00:49,2026-05-21,4,羽毛球馆-1号,17:00-18:00,1,1,已售/已满,已售,晴,25,24,4,0.0,61,39
2026-05-21 17:30:47,2026-05-21,4,羽毛球馆-1号,17:00-18:00,1,1,已售/已满,已售,多云,24,23,3,0.0,64,39
2026-05-21 18:00:50,2026-05-21,4,羽毛球馆-1号,17:00-18:00,1,1,已售/已满,已售,多云,24,23,3,0.0,68,39
2026-05-21 18:30:50,2026-05-21,4,羽毛球馆-1号,17:00-18:00,1,1,已售/已满,已售,阴,24,25,2,0.0,68,40
2026-05-21 19:00:50,2026-05-21,4,羽毛球馆-1号,17:00-18:00,1,1,已售/已满,已售,阴,23,23,3,0.0,76,40
2026-05-21 19:30:46,2026-05-21,4,羽毛球馆-1号,17:00-18:00,1,1,已售/已满,已售,阴,23,24,2,0.0,77,39
2026-05-21 20:00:49,2026-05-21,4,羽毛球馆-1号,17:00-18:00,1,1,已售/已满,已售,雾,22,23,2,0.0,89,39
2026-05-21 20:30:44,2026-05-21,4,羽毛球馆-1号,17:00-18:00,1,1,已售/已满,已售,雾,22,24,2,0.0,93,43
2026-05-21 21:00:56,2026-05-21,4,羽毛球馆-1号,17:00-18:00,1,1,已售/已满,已售,雾,20,21,2,0.0,98,43
2026-05-21 21:30:46,2026-05-21,4,羽毛球馆-1号,17:00-18:00,1,1,已售/已满,已售,雾,20,22,1,0.0,99,41
2026-05-21 22:01:02,2026-05-21,4,羽毛球馆-1号,17:00-18:00,1,1,已售/已满,已售,雾,19,20,2,0.0,93,41
2026-05-21 22:30:47,2026-05-21,4,羽毛球馆-1号,17:00-18:00,1,1,已售/已满,已售,雾,19,19,3,0.0,88,46
2026-05-21 23:00:56,2026-05-21,4,羽毛球馆-1号,17:00-18:00,1,1,已售/已满,已售,多云,18,17,3,0.0,85,46
2026-05-21 23:30:55,2026-05-21,4,羽毛球馆-1号,17:00-18:00,1,1,已售/已满,已售,多云,18,17,3,0.0,85,48
2026-05-21 00:30:49,2026-05-21,4,羽毛球馆-1号,18:30-19:30,1,1,已售/已满,已售,多云,15,13,3,0.0,100,26
2026-05-21 01:00:55,2026-05-21,4,羽毛球馆-1号,18:30-19:30,1,1,已售/已满,已售,多云,15,12,4,0.0,100,26
2026-05-21 01:30:47,2026-05-21,4,羽毛球馆-1号,18:30-19:30,1,1,已售/已满,已售,多云,15,13,4,0.0,100,28
2026-05-21 02:00:53,2026-05-21,4,羽毛球馆-1号,18:30-19:30,1,1,已售/已满,已售,多云,15,12,4,0.0,100,28
2026-05-21 02:30:49,2026-05-21,4,羽毛球馆-1号,18:30-19:30,1,1,已售/已满,已售,多云,15,14,3,0.0,100,29
2026-05-21 03:00:55,2026-05-21,4,羽毛球馆-1号,18:30-19:30,1,1,已售/已满,已售,多云,15,12,4,0.0,100,29
2026-05-21 03:30:49,2026-05-21,4,羽毛球馆-1号,18:30-19:30,1,1,已售/已满,已售,多云,15,14,3,0.0,100,30
2026-05-21 04:30:45,2026-05-21,4,羽毛球馆-1号,18:30-19:30,1,1,已售/已满,已售,多云,15,12,4,0.0,100,29
2026-05-21 05:00:52,2026-05-21,4,羽毛球馆-1号,18:30-19:30,1,1,已售/已满,已售,多云,15,12,4,0.0,100,29
2026-05-21 05:30:49,2026-05-21,4,羽毛球馆-1号,18:30-19:30,1,1,已售/已满,已售,多云,15,13,3,0.0,100,28
2026-05-21 06:00:50,2026-05-21,4,羽毛球馆-1号,18:30-19:30,1,1,已售/已满,已售,多云,15,13,4,0.0,99,28
2026-05-21 06:30:38,2026-05-21,4,羽毛球馆-1号,18:30-19:30,1,1,已售/已满,已售,多云,15,13,3,0.0,97,28
2026-05-21 07:00:43,2026-05-21,4,羽毛球馆-1号,18:30-19:30,1,1,已售/已满,已售,晴,15,11,5,0.0,93,28
2026-05-21 07:30:39,2026-05-21,4,羽毛球馆-1号,18:30-19:30,1,1,已售/已满,已售,晴,17,13,4,0.0,89,29
2026-05-21 07:50:40,2026-05-21,4,羽毛球馆-1号,18:30-19:30,1,1,已售/已满,已售,晴,17,13,4,0.0,88,29
2026-05-21 07:53:31,2026-05-21,4,羽毛球馆-1号,18:30-19:30,1,1,已售/已满,已售,晴,17,12,5,0.0,86,29
2026-05-21 07:56:31,2026-05-21,4,羽毛球馆-1号,18:30-19:30,1,1,已售/已满,已售,晴,17,12,5,0.0,86,29
2026-05-21 07:59:26,2026-05-21,4,羽毛球馆-1号,18:30-19:30,1,1,已售/已满,已售,晴,17,12,5,0.0,86,29
2026-05-21 08:00:45,2026-05-21,4,羽毛球馆-1号,18:30-19:30,1,1,已售/已满,已售,晴,17,12,5,0.0,86,29
2026-05-21 08:02:30,2026-05-21,4,羽毛球馆-1号,18:30-19:30,1,1,已售/已满,已售,多云,17,12,5,0.0,87,29
2026-05-21 08:05:36,2026-05-21,4,羽毛球馆-1号,18:30-19:30,1,1,已售/已满,已售,多云,17,12,5,0.0,86,29
2026-05-21 08:08:31,2026-05-21,4,羽毛球馆-1号,18:30-19:30,1,1,已售/已满,已售,多云,17,12,5,0.0,86,29
2026-05-21 08:11:30,2026-05-21,4,羽毛球馆-1号,18:30-19:30,1,1,已售/已满,已售,多云,17,12,5,0.0,86,29
2026-05-21 08:14:31,2026-05-21,4,羽毛球馆-1号,18:30-19:30,1,1,已售/已满,已售,多云,17,12,5,0.0,86,29
2026-05-21 08:17:30,2026-05-21,4,羽毛球馆-1号,18:30-19:30,1,1,已售/已满,已售,多云,17,12,5,0.0,86,29
2026-05-21 08:20:35,2026-05-21,4,羽毛球馆-1号,18:30-19:30,1,1,已售/已满,已售,多云,17,14,4,0.0,85,29
2026-05-21 08:25:32,2026-05-21,4,羽毛球馆-1号,18:30-19:30,1,1,已售/已满,已售,多云,17,14,4,0.0,85,28
2026-05-21 08:30:42,2026-05-21,4,羽毛球馆-1号,18:30-19:30,1,1,已售/已满,已售,多云,18,15,4,0.0,84,28
2026-05-21 08:35:31,2026-05-21,4,羽毛球馆-1号,18:30-19:30,1,1,已售/已满,已售,多云,18,15,4,0.0,84,28
2026-05-21 08:40:38,2026-05-21,4,羽毛球馆-1号,18:30-19:30,1,1,已售/已满,已售,多云,18,15,4,0.0,82,28
2026-05-21 08:45:33,2026-05-21,4,羽毛球馆-1号,18:30-19:30,1,1,已售/已满,已售,多云,18,15,4,0.0,82,28
2026-05-21 08:50:36,2026-05-21,4,羽毛球馆-1号,18:30-19:30,1,1,已售/已满,已售,多云,18,15,4,0.0,82,28
2026-05-21 08:55:34,2026-05-21,4,羽毛球馆-1号,18:30-19:30,1,1,已售/已满,已售,多云,18,15,4,0.0,84,28
2026-05-21 09:00:51,2026-05-21,4,羽毛球馆-1号,18:30-19:30,1,1,已售/已满,已售,多云,18,15,4,0.0,84,28
2026-05-21 09:01:59,2026-05-21,4,羽毛球馆-1号,18:30-19:30,1,1,已售/已满,已售,多云,18,15,4,0.0,83,28
2026-05-21 09:05:33,2026-05-21,4,羽毛球馆-1号,18:30-19:30,1,1,已售/已满,已售,多云,18,15,4,0.0,83,28
2026-05-21 09:20:38,2026-05-21,4,羽毛球馆-1号,18:30-19:30,1,1,已售/已满,已售,多云,18,16,3,0.0,81,28
2026-05-21 09:30:46,2026-05-21,4,羽毛球馆-1号,18:30-19:30,1,1,已售/已满,已售,多云,18,16,3,0.0,81,32
2026-05-21 09:40:36,2026-05-21,4,羽毛球馆-1号,18:30-19:30,1,1,已售/已满,已售,多云,19,17,3,0.0,79,32
2026-05-21 09:50:42,2026-05-21,4,羽毛球馆-1号,18:30-19:30,1,1,已售/已满,已售,多云,19,17,4,0.0,81,32
2026-05-21 10:00:46,2026-05-21,4,羽毛球馆-1号,18:30-19:30,1,1,已售/已满,已售,多云,19,17,4,0.0,79,32
2026-05-21 10:10:40,2026-05-21,4,羽毛球馆-1号,18:30-19:30,1,1,已售/已满,已售,多云,19,17,4,0.0,79,32
2026-05-21 10:20:38,2026-05-21,4,羽毛球馆-1号,18:30-19:30,1,1,已售/已满,已售,多云,19,17,4,0.0,79,32
2026-05-21 10:30:41,2026-05-21,4,羽毛球馆-1号,18:30-19:30,1,1,已售/已满,已售,多云,19,18,3,0.0,78,31
2026-05-21 11:00:44,2026-05-21,4,羽毛球馆-1号,18:30-19:30,1,1,已售/已满,已售,多云,21,17,5,0.0,74,31
2026-05-21 11:30:38,2026-05-21,4,羽毛球馆-1号,18:30-19:30,1,1,已售/已满,已售,多云,21,19,3,0.0,72,33
2026-05-21 12:00:46,2026-05-21,4,羽毛球馆-1号,18:30-19:30,1,1,已售/已满,已售,多云,22,19,4,0.0,70,33
2026-05-21 12:30:42,2026-05-21,4,羽毛球馆-1号,18:30-19:30,1,1,已售/已满,已售,多云,22,21,3,0.0,68,35
2026-05-21 13:00:43,2026-05-21,4,羽毛球馆-1号,18:30-19:30,1,1,已售/已满,已售,多云,24,22,4,0.0,66,35
2026-05-21 13:30:43,2026-05-21,4,羽毛球馆-1号,18:30-19:30,1,1,已售/已满,已售,多云,24,22,4,0.0,66,36
2026-05-21 14:00:48,2026-05-21,4,羽毛球馆-1号,18:30-19:30,1,1,已售/已满,已售,多云,25,23,4,0.0,66,36
2026-05-21 14:30:45,2026-05-21,4,羽毛球馆-1号,18:30-19:30,1,1,已售/已满,已售,晴,25,25,3,0.0,65,39
2026-05-21 15:00:45,2026-05-21,4,羽毛球馆-1号,18:30-19:30,1,1,已售/已满,已售,晴,25,22,4,0.0,56,39
2026-05-21 15:30:43,2026-05-21,4,羽毛球馆-1号,18:30-19:30,1,1,已售/已满,已售,晴,25,23,4,0.0,57,40
2026-05-21 16:00:51,2026-05-21,4,羽毛球馆-1号,18:30-19:30,1,1,已售/已满,已售,晴,25,23,4,0.0,57,40
2026-05-21 16:30:48,2026-05-21,4,羽毛球馆-1号,18:30-19:30,1,1,已售/已满,已售,晴,25,24,3,0.0,60,39
2026-05-21 17:00:49,2026-05-21,4,羽毛球馆-1号,18:30-19:30,1,1,已售/已满,已售,晴,25,24,4,0.0,61,39
2026-05-21 17:30:47,2026-05-21,4,羽毛球馆-1号,18:30-19:30,1,1,已售/已满,已售,多云,24,23,3,0.0,64,39
2026-05-21 18:00:50,2026-05-21,4,羽毛球馆-1号,18:30-19:30,1,1,已售/已满,已售,多云,24,23,3,0.0,68,39
2026-05-21 18:30:50,2026-05-21,4,羽毛球馆-1号,18:30-19:30,1,1,已售/已满,已售,阴,24,25,2,0.0,68,40
2026-05-21 19:00:50,2026-05-21,4,羽毛球馆-1号,18:30-19:30,1,1,已售/已满,已售,阴,23,23,3,0.0,76,40
2026-05-21 19:30:46,2026-05-21,4,羽毛球馆-1号,18:30-19:30,1,1,已售/已满,已售,阴,23,24,2,0.0,77,39
2026-05-21 20:00:49,2026-05-21,4,羽毛球馆-1号,18:30-19:30,1,1,已售/已满,已售,雾,22,23,2,0.0,89,39
2026-05-21 20:30:44,2026-05-21,4,羽毛球馆-1号,18:30-19:30,1,1,已售/已满,已售,雾,22,24,2,0.0,93,43
2026-05-21 21:00:56,2026-05-21,4,羽毛球馆-1号,18:30-19:30,1,1,已售/已满,已售,雾,20,21,2,0.0,98,43
2026-05-21 21:30:46,2026-05-21,4,羽毛球馆-1号,18:30-19:30,1,1,已售/已满,已售,雾,20,22,1,0.0,99,41
2026-05-21 22:01:02,2026-05-21,4,羽毛球馆-1号,18:30-19:30,1,1,已售/已满,已售,雾,19,20,2,0.0,93,41
2026-05-21 22:30:47,2026-05-21,4,羽毛球馆-1号,18:30-19:30,1,1,已售/已满,已售,雾,19,19,3,0.0,88,46
2026-05-21 23:00:56,2026-05-21,4,羽毛球馆-1号,18:30-19:30,1,1,已售/已满,已售,多云,18,17,3,0.0,85,46
2026-05-21 23:30:55,2026-05-21,4,羽毛球馆-1号,18:30-19:30,1,1,已售/已满,已售,多云,18,17,3,0.0,85,48
2026-05-21 00:30:49,2026-05-21,4,羽毛球馆-1号,19:30-20:30,1,1,已售/已满,已售,多云,15,13,3,0.0,100,26
2026-05-21 01:00:55,2026-05-21,4,羽毛球馆-1号,19:30-20:30,1,1,已售/已满,已售,多云,15,12,4,0.0,100,26
2026-05-21 01:30:47,2026-05-21,4,羽毛球馆-1号,19:30-20:30,1,1,已售/已满,已售,多云,15,13,4,0.0,100,28
2026-05-21 02:00:53,2026-05-21,4,羽毛球馆-1号,19:30-20:30,1,1,已售/已满,已售,多云,15,12,4,0.0,100,28
2026-05-21 02:30:49,2026-05-21,4,羽毛球馆-1号,19:30-20:30,1,1,已售/已满,已售,多云,15,14,3,0.0,100,29
2026-05-21 03:00:55,2026-05-21,4,羽毛球馆-1号,19:30-20:30,1,1,已售/已满,已售,多云,15,12,4,0.0,100,29
2026-05-21 03:30:49,2026-05-21,4,羽毛球馆-1号,19:30-20:30,1,1,已售/已满,已售,多云,15,14,3,0.0,100,30
2026-05-21 04:30:45,2026-05-21,4,羽毛球馆-1号,19:30-20:30,1,1,已售/已满,已售,多云,15,12,4,0.0,100,29
2026-05-21 05:00:52,2026-05-21,4,羽毛球馆-1号,19:30-20:30,1,1,已售/已满,已售,多云,15,12,4,0.0,100,29
2026-05-21 05:30:49,2026-05-21,4,羽毛球馆-1号,19:30-20:30,1,1,已售/已满,已售,多云,15,13,3,0.0,100,28
2026-05-21 06:00:50,2026-05-21,4,羽毛球馆-1号,19:30-20:30,1,1,已售/已满,已售,多云,15,13,4,0.0,99,28
2026-05-21 06:30:38,2026-05-21,4,羽毛球馆-1号,19:30-20:30,1,1,已售/已满,已售,多云,15,13,3,0.0,97,28
2026-05-21 07:00:43,2026-05-21,4,羽毛球馆-1号,19:30-20:30,1,1,已售/已满,已售,晴,15,11,5,0.0,93,28
2026-05-21 07:30:39,2026-05-21,4,羽毛球馆-1号,19:30-20:30,1,1,已售/已满,已售,晴,17,13,4,0.0,89,29
2026-05-21 07:50:40,2026-05-21,4,羽毛球馆-1号,19:30-20:30,1,1,已售/已满,已售,晴,17,13,4,0.0,88,29
2026-05-21 07:53:31,2026-05-21,4,羽毛球馆-1号,19:30-20:30,1,1,已售/已满,已售,晴,17,12,5,0.0,86,29
2026-05-21 07:56:31,2026-05-21,4,羽毛球馆-1号,19:30-20:30,1,1,已售/已满,已售,晴,17,12,5,0.0,86,29
2026-05-21 07:59:26,2026-05-21,4,羽毛球馆-1号,19:30-20:30,1,1,已售/已满,已售,晴,17,12,5,0.0,86,29
2026-05-21 08:00:45,2026-05-21,4,羽毛球馆-1号,19:30-20:30,1,1,已售/已满,已售,晴,17,12,5,0.0,86,29
2026-05-21 08:02:30,2026-05-21,4,羽毛球馆-1号,19:30-20:30,1,1,已售/已满,已售,多云,17,12,5,0.0,87,29
2026-05-21 08:05:36,2026-05-21,4,羽毛球馆-1号,19:30-20:30,1,1,已售/已满,已售,多云,17,12,5,0.0,86,29
2026-05-21 08:08:31,2026-05-21,4,羽毛球馆-1号,19:30-20:30,1,1,已售/已满,已售,多云,17,12,5,0.0,86,29
2026-05-21 08:11:30,2026-05-21,4,羽毛球馆-1号,19:30-20:30,1,1,已售/已满,已售,多云,17,12,5,0.0,86,29
2026-05-21 08:14:31,2026-05-21,4,羽毛球馆-1号,19:30-20:30,1,1,已售/已满,已售,多云,17,12,5,0.0,86,29
2026-05-21 08:17:30,2026-05-21,4,羽毛球馆-1号,19:30-20:30,1,1,已售/已满,已售,多云,17,12,5,0.0,86,29
2026-05-21 08:20:35,2026-05-21,4,羽毛球馆-1号,19:30-20:30,1,1,已售/已满,已售,多云,17,14,4,0.0,85,29
2026-05-21 08:25:32,2026-05-21,4,羽毛球馆-1号,19:30-20:30,1,1,已售/已满,已售,多云,17,14,4,0.0,85,28
2026-05-21 08:30:42,2026-05-21,4,羽毛球馆-1号,19:30-20:30,1,1,已售/已满,已售,多云,18,15,4,0.0,84,28
2026-05-21 08:35:31,2026-05-21,4,羽毛球馆-1号,19:30-20:30,1,1,已售/已满,已售,多云,18,15,4,0.0,84,28
2026-05-21 08:40:38,2026-05-21,4,羽毛球馆-1号,19:30-20:30,1,1,已售/已满,已售,多云,18,15,4,0.0,82,28
2026-05-21 08:45:33,2026-05-21,4,羽毛球馆-1号,19:30-20:30,1,1,已售/已满,已售,多云,18,15,4,0.0,82,28
2026-05-21 08:50:36,2026-05-21,4,羽毛球馆-1号,19:30-20:30,1,1,已售/已满,已售,多云,18,15,4,0.0,82,28
2026-05-21 08:55:34,2026-05-21,4,羽毛球馆-1号,19:30-20:30,1,1,已售/已满,已售,多云,18,15,4,0.0,84,28
2026-05-21 09:00:51,2026-05-21,4,羽毛球馆-1号,19:30-20:30,1,1,已售/已满,已售,多云,18,15,4,0.0,84,28
2026-05-21 09:01:59,2026-05-21,4,羽毛球馆-1号,19:30-20:30,1,1,已售/已满,已售,多云,18,15,4,0.0,83,28
2026-05-21 09:05:33,2026-05-21,4,羽毛球馆-1号,19:30-20:30,1,1,已售/已满,已售,多云,18,15,4,0.0,83,28
2026-05-21 09:20:38,2026-05-21,4,羽毛球馆-1号,19:30-20:30,1,1,已售/已满,已售,多云,18,16,3,0.0,81,28
2026-05-21 09:30:46,2026-05-21,4,羽毛球馆-1号,19:30-20:30,1,1,已售/已满,已售,多云,18,16,3,0.0,81,32
2026-05-21 09:40:36,2026-05-21,4,羽毛球馆-1号,19:30-20:30,1,1,已售/已满,已售,多云,19,17,3,0.0,79,32
2026-05-21 09:50:42,2026-05-21,4,羽毛球馆-1号,19:30-20:30,1,1,已售/已满,已售,多云,19,17,4,0.0,81,32
2026-05-21 10:00:46,2026-05-21,4,羽毛球馆-1号,19:30-20:30,1,1,已售/已满,已售,多云,19,17,4,0.0,79,32
2026-05-21 10:10:40,2026-05-21,4,羽毛球馆-1号,19:30-20:30,1,1,已售/已满,已售,多云,19,17,4,0.0,79,32
2026-05-21 10:20:38,2026-05-21,4,羽毛球馆-1号,19:30-20:30,1,1,已售/已满,已售,多云,19,17,4,0.0,79,32
2026-05-21 10:30:41,2026-05-21,4,羽毛球馆-1号,19:30-20:30,1,1,已售/已满,已售,多云,19,18,3,0.0,78,31
2026-05-21 11:00:44,2026-05-21,4,羽毛球馆-1号,19:30-20:30,1,1,已售/已满,已售,多云,21,17,5,0.0,74,31
2026-05-21 11:30:38,2026-05-21,4,羽毛球馆-1号,19:30-20:30,1,1,已售/已满,已售,多云,21,19,3,0.0,72,33
2026-05-21 12:00:46,2026-05-21,4,羽毛球馆-1号,19:30-20:30,1,1,已售/已满,已售,多云,22,19,4,0.0,70,33
2026-05-21 12:30:42,2026-05-21,4,羽毛球馆-1号,19:30-20:30,1,1,已售/已满,已售,多云,22,21,3,0.0,68,35
2026-05-21 13:00:43,2026-05-21,4,羽毛球馆-1号,19:30-20:30,1,1,已售/已满,已售,多云,24,22,4,0.0,66,35
2026-05-21 13:30:43,2026-05-21,4,羽毛球馆-1号,19:30-20:30,1,1,已售/已满,已售,多云,24,22,4,0.0,66,36
2026-05-21 14:00:48,2026-05-21,4,羽毛球馆-1号,19:30-20:30,0,1,可预约,￥12.0,多云,25,23,4,0.0,66,36
2026-05-21 14:30:45,2026-05-21,4,羽毛球馆-1号,19:30-20:30,1,1,已售/已满,已售,晴,25,25,3,0.0,65,39
2026-05-21 15:00:45,2026-05-21,4,羽毛球馆-1号,19:30-20:30,1,1,已售/已满,已售,晴,25,22,4,0.0,56,39
2026-05-21 15:30:43,2026-05-21,4,羽毛球馆-1号,19:30-20:30,1,1,已售/已满,已售,晴,25,23,4,0.0,57,40
2026-05-21 16:00:51,2026-05-21,4,羽毛球馆-1号,19:30-20:30,1,1,已售/已满,已售,晴,25,23,4,0.0,57,40
2026-05-21 16:30:48,2026-05-21,4,羽毛球馆-1号,19:30-20:30,1,1,已售/已满,已售,晴,25,24,3,0.0,60,39
2026-05-21 17:00:49,2026-05-21,4,羽毛球馆-1号,19:30-20:30,1,1,已售/已满,已售,晴,25,24,4,0.0,61,39
2026-05-21 17:30:47,2026-05-21,4,羽毛球馆-1号,19:30-20:30,1,1,已售/已满,已售,多云,24,23,3,0.0,64,39
2026-05-21 18:00:50,2026-05-21,4,羽毛球馆-1号,19:30-20:30,1,1,已售/已满,已售,多云,24,23,3,0.0,68,39
2026-05-21 18:30:50,2026-05-21,4,羽毛球馆-1号,19:30-20:30,1,1,已售/已满,已售,阴,24,25,2,0.0,68,40
2026-05-21 19:00:50,2026-05-21,4,羽毛球馆-1号,19:30-20:30,1,1,已售/已满,已售,阴,23,23,3,0.0,76,40
2026-05-21 19:30:46,2026-05-21,4,羽毛球馆-1号,19:30-20:30,1,1,已售/已满,已售,阴,23,24,2,0.0,77,39
2026-05-21 20:00:49,2026-05-21,4,羽毛球馆-1号,19:30-20:30,1,1,已售/已满,已售,雾,22,23,2,0.0,89,39
2026-05-21 20:30:44,2026-05-21,4,羽毛球馆-1号,19:30-20:30,1,1,已售/已满,已售,雾,22,24,2,0.0,93,43
2026-05-21 21:00:56,2026-05-21,4,羽毛球馆-1号,19:30-20:30,1,1,已售/已满,已售,雾,20,21,2,0.0,98,43
2026-05-21 21:30:46,2026-05-21,4,羽毛球馆-1号,19:30-20:30,1,1,已售/已满,已售,雾,20,22,1,0.0,99,41
2026-05-21 22:01:02,2026-05-21,4,羽毛球馆-1号,19:30-20:30,1,1,已售/已满,已售,雾,19,20,2,0.0,93,41
2026-05-21 22:30:47,2026-05-21,4,羽毛球馆-1号,19:30-20:30,1,1,已售/已满,已售,雾,19,19,3,0.0,88,46
2026-05-21 23:00:56,2026-05-21,4,羽毛球馆-1号,19:30-20:30,1,1,已售/已满,已售,多云,18,17,3,0.0,85,46
2026-05-21 23:30:55,2026-05-21,4,羽毛球馆-1号,19:30-20:30,1,1,已售/已满,已售,多云,18,17,3,0.0,85,48
2026-05-21 00:30:49,2026-05-21,4,羽毛球馆-1号,20:30-21:30,1,1,已售/已满,已售,多云,15,13,3,0.0,100,26
2026-05-21 01:00:55,2026-05-21,4,羽毛球馆-1号,20:30-21:30,1,1,已售/已满,已售,多云,15,12,4,0.0,100,26
2026-05-21 01:30:47,2026-05-21,4,羽毛球馆-1号,20:30-21:30,1,1,已售/已满,已售,多云,15,13,4,0.0,100,28
2026-05-21 02:00:53,2026-05-21,4,羽毛球馆-1号,20:30-21:30,1,1,已售/已满,已售,多云,15,12,4,0.0,100,28
2026-05-21 02:30:49,2026-05-21,4,羽毛球馆-1号,20:30-21:30,1,1,已售/已满,已售,多云,15,14,3,0.0,100,29
2026-05-21 03:00:55,2026-05-21,4,羽毛球馆-1号,20:30-21:30,1,1,已售/已满,已售,多云,15,12,4,0.0,100,29
2026-05-21 03:30:49,2026-05-21,4,羽毛球馆-1号,20:30-21:30,1,1,已售/已满,已售,多云,15,14,3,0.0,100,30
2026-05-21 04:30:45,2026-05-21,4,羽毛球馆-1号,20:30-21:30,1,1,已售/已满,已售,多云,15,12,4,0.0,100,29
2026-05-21 05:00:52,2026-05-21,4,羽毛球馆-1号,20:30-21:30,1,1,已售/已满,已售,多云,15,12,4,0.0,100,29
2026-05-21 05:30:49,2026-05-21,4,羽毛球馆-1号,20:30-21:30,1,1,已售/已满,已售,多云,15,13,3,0.0,100,28
2026-05-21 06:00:50,2026-05-21,4,羽毛球馆-1号,20:30-21:30,1,1,已售/已满,已售,多云,15,13,4,0.0,99,28
2026-05-21 06:30:38,2026-05-21,4,羽毛球馆-1号,20:30-21:30,1,1,已售/已满,已售,多云,15,13,3,0.0,97,28
2026-05-21 07:00:43,2026-05-21,4,羽毛球馆-1号,20:30-21:30,1,1,已售/已满,已售,晴,15,11,5,0.0,93,28
2026-05-21 07:30:39,2026-05-21,4,羽毛球馆-1号,20:30-21:30,1,1,已售/已满,已售,晴,17,13,4,0.0,89,29
2026-05-21 07:50:40,2026-05-21,4,羽毛球馆-1号,20:30-21:30,1,1,已售/已满,已售,晴,17,13,4,0.0,88,29
2026-05-21 07:53:31,2026-05-21,4,羽毛球馆-1号,20:30-21:30,1,1,已售/已满,已售,晴,17,12,5,0.0,86,29
2026-05-21 07:56:31,2026-05-21,4,羽毛球馆-1号,20:30-21:30,1,1,已售/已满,已售,晴,17,12,5,0.0,86,29
2026-05-21 07:59:26,2026-05-21,4,羽毛球馆-1号,20:30-21:30,1,1,已售/已满,已售,晴,17,12,5,0.0,86,29
2026-05-21 08:00:45,2026-05-21,4,羽毛球馆-1号,20:30-21:30,1,1,已售/已满,已售,晴,17,12,5,0.0,86,29
2026-05-21 08:02:30,2026-05-21,4,羽毛球馆-1号,20:30-21:30,1,1,已售/已满,已售,多云,17,12,5,0.0,87,29
2026-05-21 08:05:36,2026-05-21,4,羽毛球馆-1号,20:30-21:30,1,1,已售/已满,已售,多云,17,12,5,0.0,86,29
2026-05-21 08:08:31,2026-05-21,4,羽毛球馆-1号,20:30-21:30,1,1,已售/已满,已售,多云,17,12,5,0.0,86,29
2026-05-21 08:11:30,2026-05-21,4,羽毛球馆-1号,20:30-21:30,1,1,已售/已满,已售,多云,17,12,5,0.0,86,29
2026-05-21 08:14:31,2026-05-21,4,羽毛球馆-1号,20:30-21:30,1,1,已售/已满,已售,多云,17,12,5,0.0,86,29
2026-05-21 08:17:30,2026-05-21,4,羽毛球馆-1号,20:30-21:30,1,1,已售/已满,已售,多云,17,12,5,0.0,86,29
2026-05-21 08:20:35,2026-05-21,4,羽毛球馆-1号,20:30-21:30,1,1,已售/已满,已售,多云,17,14,4,0.0,85,29
2026-05-21 08:25:32,2026-05-21,4,羽毛球馆-1号,20:30-21:30,1,1,已售/已满,已售,多云,17,14,4,0.0,85,28
2026-05-21 08:30:42,2026-05-21,4,羽毛球馆-1号,20:30-21:30,1,1,已售/已满,已售,多云,18,15,4,0.0,84,28
2026-05-21 08:35:31,2026-05-21,4,羽毛球馆-1号,20:30-21:30,1,1,已售/已满,已售,多云,18,15,4,0.0,84,28
2026-05-21 08:40:38,2026-05-21,4,羽毛球馆-1号,20:30-21:30,1,1,已售/已满,已售,多云,18,15,4,0.0,82,28
2026-05-21 08:45:33,2026-05-21,4,羽毛球馆-1号,20:30-21:30,1,1,已售/已满,已售,多云,18,15,4,0.0,82,28
2026-05-21 08:50:36,2026-05-21,4,羽毛球馆-1号,20:30-21:30,1,1,已售/已满,已售,多云,18,15,4,0.0,82,28
2026-05-21 08:55:34,2026-05-21,4,羽毛球馆-1号,20:30-21:30,1,1,已售/已满,已售,多云,18,15,4,0.0,84,28
2026-05-21 09:00:51,2026-05-21,4,羽毛球馆-1号,20:30-21:30,1,1,已售/已满,已售,多云,18,15,4,0.0,84,28
2026-05-21 09:01:59,2026-05-21,4,羽毛球馆-1号,20:30-21:30,1,1,已售/已满,已售,多云,18,15,4,0.0,83,28
2026-05-21 09:05:33,2026-05-21,4,羽毛球馆-1号,20:30-21:30,1,1,已售/已满,已售,多云,18,15,4,0.0,83,28
2026-05-21 09:20:38,2026-05-21,4,羽毛球馆-1号,20:30-21:30,1,1,已售/已满,已售,多云,18,16,3,0.0,81,28
2026-05-21 09:30:46,2026-05-21,4,羽毛球馆-1号,20:30-21:30,1,1,已售/已满,已售,多云,18,16,3,0.0,81,32
2026-05-21 09:40:36,2026-05-21,4,羽毛球馆-1号,20:30-21:30,1,1,已售/已满,已售,多云,19,17,3,0.0,79,32
2026-05-21 09:50:42,2026-05-21,4,羽毛球馆-1号,20:30-21:30,1,1,已售/已满,已售,多云,19,17,4,0.0,81,32
2026-05-21 10:00:46,2026-05-21,4,羽毛球馆-1号,20:30-21:30,1,1,已售/已满,已售,多云,19,17,4,0.0,79,32
2026-05-21 10:10:40,2026-05-21,4,羽毛球馆-1号,20:30-21:30,1,1,已售/已满,已售,多云,19,17,4,0.0,79,32
2026-05-21 10:20:38,2026-05-21,4,羽毛球馆-1号,20:30-21:30,1,1,已售/已满,已售,多云,19,17,4,0.0,79,32
2026-05-21 10:30:41,2026-05-21,4,羽毛球馆-1号,20:30-21:30,1,1,已售/已满,已售,多云,19,18,3,0.0,78,31
2026-05-21 11:00:44,2026-05-21,4,羽毛球馆-1号,20:30-21:30,1,1,已售/已满,已售,多云,21,17,5,0.0,74,31
2026-05-21 11:30:38,2026-05-21,4,羽毛球馆-1号,20:30-21:30,1,1,已售/已满,已售,多云,21,19,3,0.0,72,33
2026-05-21 12:00:46,2026-05-21,4,羽毛球馆-1号,20:30-21:30,1,1,已售/已满,已售,多云,22,19,4,0.0,70,33
2026-05-21 12:30:42,2026-05-21,4,羽毛球馆-1号,20:30-21:30,1,1,已售/已满,已售,多云,22,21,3,0.0,68,35
2026-05-21 13:00:43,2026-05-21,4,羽毛球馆-1号,20:30-21:30,1,1,已售/已满,已售,多云,24,22,4,0.0,66,35
2026-05-21 13:30:43,2026-05-21,4,羽毛球馆-1号,20:30-21:30,1,1,已售/已满,已售,多云,24,22,4,0.0,66,36
2026-05-21 14:00:48,2026-05-21,4,羽毛球馆-1号,20:30-21:30,1,1,已售/已满,已售,多云,25,23,4,0.0,66,36
2026-05-21 14:30:45,2026-05-21,4,羽毛球馆-1号,20:30-21:30,1,1,已售/已满,已售,晴,25,25,3,0.0,65,39
2026-05-21 15:00:45,2026-05-21,4,羽毛球馆-1号,20:30-21:30,1,1,已售/已满,已售,晴,25,22,4,0.0,56,39
2026-05-21 15:30:43,2026-05-21,4,羽毛球馆-1号,20:30-21:30,1,1,已售/已满,已售,晴,25,23,4,0.0,57,40
2026-05-21 16:00:51,2026-05-21,4,羽毛球馆-1号,20:30-21:30,1,1,已售/已满,已售,晴,25,23,4,0.0,57,40
2026-05-21 16:30:48,2026-05-21,4,羽毛球馆-1号,20:30-21:30,1,1,已售/已满,已售,晴,25,24,3,0.0,60,39
2026-05-21 17:00:49,2026-05-21,4,羽毛球馆-1号,20:30-21:30,1,1,已售/已满,已售,晴,25,24,4,0.0,61,39
2026-05-21 17:30:47,2026-05-21,4,羽毛球馆-1号,20:30-21:30,1,1,已售/已满,已售,多云,24,23,3,0.0,64,39
2026-05-21 18:00:50,2026-05-21,4,羽毛球馆-1号,20:30-21:30,1,1,已售/已满,已售,多云,24,23,3,0.0,68,39
2026-05-21 18:30:50,2026-05-21,4,羽毛球馆-1号,20:30-21:30,1,1,已售/已满,已售,阴,24,25,2,0.0,68,40
2026-05-21 19:00:50,2026-05-21,4,羽毛球馆-1号,20:30-21:30,1,1,已售/已满,已售,阴,23,23,3,0.0,76,40
2026-05-21 19:30:46,2026-05-21,4,羽毛球馆-1号,20:30-21:30,1,1,已售/已满,已售,阴,23,24,2,0.0,77,39
2026-05-21 20:00:49,2026-05-21,4,羽毛球馆-1号,20:30-21:30,1,1,已售/已满,已售,雾,22,23,2,0.0,89,39
2026-05-21 20:30:44,2026-05-21,4,羽毛球馆-1号,20:30-21:30,1,1,已售/已满,已售,雾,22,24,2,0.0,93,43
2026-05-21 21:00:56,2026-05-21,4,羽毛球馆-1号,20:30-21:30,1,1,已售/已满,已售,雾,20,21,2,0.0,98,43
2026-05-21 21:30:46,2026-05-21,4,羽毛球馆-1号,20:30-21:30,1,1,已售/已满,已售,雾,20,22,1,0.0,99,41
2026-05-21 22:01:02,2026-05-21,4,羽毛球馆-1号,20:30-21:30,1,1,已售/已满,已售,雾,19,20,2,0.0,93,41
2026-05-21 22:30:47,2026-05-21,4,羽毛球馆-1号,20:30-21:30,1,1,已售/已满,已售,雾,19,19,3,0.0,88,46
2026-05-21 23:00:56,2026-05-21,4,羽毛球馆-1号,20:30-21:30,1,1,已售/已满,已售,多云,18,17,3,0.0,85,46
2026-05-21 23:30:55,2026-05-21,4,羽毛球馆-1号,20:30-21:30,1,1,已售/已满,已售,多云,18,17,3,0.0,85,48
2026-05-21 00:30:49,2026-05-21,4,羽毛球馆-20号,07:00-08:00,0,1,可预约,￥0.0,多云,15,13,3,0.0,100,26
2026-05-21 01:00:55,2026-05-21,4,羽毛球馆-20号,07:00-08:00,0,1,可预约,￥0.0,多云,15,12,4,0.0,100,26
2026-05-21 01:30:47,2026-05-21,4,羽毛球馆-20号,07:00-08:00,0,1,可预约,￥0.0,多云,15,13,4,0.0,100,28
2026-05-21 02:00:53,2026-05-21,4,羽毛球馆-20号,07:00-08:00,0,1,可预约,￥0.0,多云,15,12,4,0.0,100,28
2026-05-21 02:30:49,2026-05-21,4,羽毛球馆-20号,07:00-08:00,0,1,可预约,￥0.0,多云,15,14,3,0.0,100,29
2026-05-21 03:00:55,2026-05-21,4,羽毛球馆-20号,07:00-08:00,0,1,可预约,￥0.0,多云,15,12,4,0.0,100,29
2026-05-21 03:30:49,2026-05-21,4,羽毛球馆-20号,07:00-08:00,0,1,可预约,￥0.0,多云,15,14,3,0.0,100,30
2026-05-21 04:30:45,2026-05-21,4,羽毛球馆-20号,07:00-08:00,0,1,可预约,￥0.0,多云,15,12,4,0.0,100,29
2026-05-21 05:00:52,2026-05-21,4,羽毛球馆-20号,07:00-08:00,0,1,可预约,￥0.0,多云,15,12,4,0.0,100,29
2026-05-21 05:30:49,2026-05-21,4,羽毛球馆-20号,07:00-08:00,0,1,可预约,￥0.0,多云,15,13,3,0.0,100,28
2026-05-21 06:00:50,2026-05-21,4,羽毛球馆-20号,07:00-08:00,0,1,可预约,￥0.0,多云,15,13,4,0.0,99,28
2026-05-21 06:30:38,2026-05-21,4,羽毛球馆-20号,07:00-08:00,0,1,可预约,￥0.0,多云,15,13,3,0.0,97,28
2026-05-21 07:00:43,2026-05-21,4,羽毛球馆-20号,07:00-08:00,0,1,可预约,￥0.0,晴,15,11,5,0.0,93,28
2026-05-21 07:30:39,2026-05-21,4,羽毛球馆-20号,07:00-08:00,0,1,可预约,￥0.0,晴,17,13,4,0.0,89,29
2026-05-21 07:50:40,2026-05-21,4,羽毛球馆-20号,07:00-08:00,0,1,可预约,￥0.0,晴,17,13,4,0.0,88,29
2026-05-21 07:53:31,2026-05-21,4,羽毛球馆-20号,07:00-08:00,0,1,可预约,￥0.0,晴,17,12,5,0.0,86,29
2026-05-21 07:56:31,2026-05-21,4,羽毛球馆-20号,07:00-08:00,0,1,可预约,￥0.0,晴,17,12,5,0.0,86,29
2026-05-21 07:59:26,2026-05-21,4,羽毛球馆-20号,07:00-08:00,0,1,可预约,￥0.0,晴,17,12,5,0.0,86,29
2026-05-21 08:00:45,2026-05-21,4,羽毛球馆-20号,07:00-08:00,0,1,不开放/已过期,,晴,17,12,5,0.0,86,29
2026-05-21 08:02:30,2026-05-21,4,羽毛球馆-20号,07:00-08:00,0,1,不开放/已过期,,多云,17,12,5,0.0,87,29
2026-05-21 08:05:36,2026-05-21,4,羽毛球馆-20号,07:00-08:00,0,1,不开放/已过期,,多云,17,12,5,0.0,86,29
2026-05-21 08:08:31,2026-05-21,4,羽毛球馆-20号,07:00-08:00,0,1,不开放/已过期,,多云,17,12,5,0.0,86,29
2026-05-21 08:11:30,2026-05-21,4,羽毛球馆-20号,07:00-08:00,0,1,不开放/已过期,,多云,17,12,5,0.0,86,29
2026-05-21 08:14:31,2026-05-21,4,羽毛球馆-20号,07:00-08:00,0,1,不开放/已过期,,多云,17,12,5,0.0,86,29
2026-05-21 08:17:30,2026-05-21,4,羽毛球馆-20号,07:00-08:00,0,1,不开放/已过期,,多云,17,12,5,0.0,86,29
2026-05-21 08:20:35,2026-05-21,4,羽毛球馆-20号,07:00-08:00,0,1,不开放/已过期,,多云,17,14,4,0.0,85,29
2026-05-21 08:25:32,2026-05-21,4,羽毛球馆-20号,07:00-08:00,0,1,不开放/已过期,,多云,17,14,4,0.0,85,28
2026-05-21 08:30:42,2026-05-21,4,羽毛球馆-20号,07:00-08:00,0,1,不开放/已过期,,多云,18,15,4,0.0,84,28
2026-05-21 08:35:31,2026-05-21,4,羽毛球馆-20号,07:00-08:00,0,1,不开放/已过期,,多云,18,15,4,0.0,84,28
2026-05-21 08:40:38,2026-05-21,4,羽毛球馆-20号,07:00-08:00,0,1,不开放/已过期,,多云,18,15,4,0.0,82,28
2026-05-21 08:45:33,2026-05-21,4,羽毛球馆-20号,07:00-08:00,0,1,不开放/已过期,,多云,18,15,4,0.0,82,28
2026-05-21 08:50:36,2026-05-21,4,羽毛球馆-20号,07:00-08:00,0,1,不开放/已过期,,多云,18,15,4,0.0,82,28
2026-05-21 08:55:34,2026-05-21,4,羽毛球馆-20号,07:00-08:00,0,1,不开放/已过期,,多云,18,15,4,0.0,84,28
2026-05-21 09:00:51,2026-05-21,4,羽毛球馆-20号,07:00-08:00,0,1,不开放/已过期,,多云,18,15,4,0.0,84,28
2026-05-21 09:01:59,2026-05-21,4,羽毛球馆-20号,07:00-08:00,0,1,不开放/已过期,,多云,18,15,4,0.0,83,28
2026-05-21 09:05:33,2026-05-21,4,羽毛球馆-20号,07:00-08:00,0,1,不开放/已过期,,多云,18,15,4,0.0,83,28
2026-05-21 09:20:38,2026-05-21,4,羽毛球馆-20号,07:00-08:00,0,1,不开放/已过期,,多云,18,16,3,0.0,81,28
2026-05-21 09:30:46,2026-05-21,4,羽毛球馆-20号,07:00-08:00,0,1,不开放/已过期,,多云,18,16,3,0.0,81,32
2026-05-21 09:40:36,2026-05-21,4,羽毛球馆-20号,07:00-08:00,0,1,不开放/已过期,,多云,19,17,3,0.0,79,32
2026-05-21 09:50:42,2026-05-21,4,羽毛球馆-20号,07:00-08:00,0,1,不开放/已过期,,多云,19,17,4,0.0,81,32
2026-05-21 10:00:46,2026-05-21,4,羽毛球馆-20号,07:00-08:00,0,1,不开放/已过期,,多云,19,17,4,0.0,79,32
2026-05-21 10:10:40,2026-05-21,4,羽毛球馆-20号,07:00-08:00,0,1,不开放/已过期,,多云,19,17,4,0.0,79,32
2026-05-21 10:20:38,2026-05-21,4,羽毛球馆-20号,07:00-08:00,0,1,不开放/已过期,,多云,19,17,4,0.0,79,32
2026-05-21 10:30:41,2026-05-21,4,羽毛球馆-20号,07:00-08:00,0,1,不开放/已过期,,多云,19,18,3,0.0,78,31
2026-05-21 11:00:44,2026-05-21,4,羽毛球馆-20号,07:00-08:00,0,1,不开放/已过期,,多云,21,17,5,0.0,74,31
2026-05-21 11:30:38,2026-05-21,4,羽毛球馆-20号,07:00-08:00,0,1,不开放/已过期,,多云,21,19,3,0.0,72,33
2026-05-21 12:00:46,2026-05-21,4,羽毛球馆-20号,07:00-08:00,0,1,不开放/已过期,,多云,22,19,4,0.0,70,33
2026-05-21 12:30:42,2026-05-21,4,羽毛球馆-20号,07:00-08:00,0,1,不开放/已过期,,多云,22,21,3,0.0,68,35
2026-05-21 13:00:43,2026-05-21,4,羽毛球馆-20号,07:00-08:00,0,1,不开放/已过期,,多云,24,22,4,0.0,66,35
2026-05-21 13:30:43,2026-05-21,4,羽毛球馆-20号,07:00-08:00,0,1,不开放/已过期,,多云,24,22,4,0.0,66,36
2026-05-21 14:00:48,2026-05-21,4,羽毛球馆-20号,07:00-08:00,0,1,不开放/已过期,,多云,25,23,4,0.0,66,36
2026-05-21 14:30:45,2026-05-21,4,羽毛球馆-20号,07:00-08:00,0,1,不开放/已过期,,晴,25,25,3,0.0,65,39
2026-05-21 15:00:45,2026-05-21,4,羽毛球馆-20号,07:00-08:00,0,1,不开放/已过期,,晴,25,22,4,0.0,56,39
2026-05-21 15:30:43,2026-05-21,4,羽毛球馆-20号,07:00-08:00,0,1,不开放/已过期,,晴,25,23,4,0.0,57,40
2026-05-21 16:00:51,2026-05-21,4,羽毛球馆-20号,07:00-08:00,0,1,不开放/已过期,,晴,25,23,4,0.0,57,40
2026-05-21 16:30:48,2026-05-21,4,羽毛球馆-20号,07:00-08:00,0,1,不开放/已过期,,晴,25,24,3,0.0,60,39
2026-05-21 17:00:49,2026-05-21,4,羽毛球馆-20号,07:00-08:00,0,1,不开放/已过期,,晴,25,24,4,0.0,61,39
2026-05-21 17:30:47,2026-05-21,4,羽毛球馆-20号,07:00-08:00,0,1,不开放/已过期,,多云,24,23,3,0.0,64,39
2026-05-21 18:00:50,2026-05-21,4,羽毛球馆-20号,07:00-08:00,0,1,不开放/已过期,,多云,24,23,3,0.0,68,39
2026-05-21 18:30:50,2026-05-21,4,羽毛球馆-20号,07:00-08:00,0,1,不开放/已过期,,阴,24,25,2,0.0,68,40
2026-05-21 19:00:50,2026-05-21,4,羽毛球馆-20号,07:00-08:00,0,1,不开放/已过期,,阴,23,23,3,0.0,76,40
2026-05-21 19:30:46,2026-05-21,4,羽毛球馆-20号,07:00-08:00,0,1,不开放/已过期,,阴,23,24,2,0.0,77,39
2026-05-21 20:00:49,2026-05-21,4,羽毛球馆-20号,07:00-08:00,0,1,不开放/已过期,,雾,22,23,2,0.0,89,39
2026-05-21 20:30:44,2026-05-21,4,羽毛球馆-20号,07:00-08:00,0,1,不开放/已过期,,雾,22,24,2,0.0,93,43
2026-05-21 21:00:56,2026-05-21,4,羽毛球馆-20号,07:00-08:00,0,1,不开放/已过期,,雾,20,21,2,0.0,98,43
2026-05-21 21:30:46,2026-05-21,4,羽毛球馆-20号,07:00-08:00,0,1,不开放/已过期,,雾,20,22,1,0.0,99,41
2026-05-21 22:01:02,2026-05-21,4,羽毛球馆-20号,07:00-08:00,0,1,不开放/已过期,,雾,19,20,2,0.0,93,41
2026-05-21 22:30:47,2026-05-21,4,羽毛球馆-20号,07:00-08:00,0,1,不开放/已过期,,雾,19,19,3,0.0,88,46
2026-05-21 23:00:56,2026-05-21,4,羽毛球馆-20号,07:00-08:00,0,1,不开放/已过期,,多云,18,17,3,0.0,85,46
2026-05-21 23:30:55,2026-05-21,4,羽毛球馆-20号,07:00-08:00,0,1,不开放/已过期,,多云,18,17,3,0.0,85,48
2026-05-21 00:30:49,2026-05-21,4,羽毛球馆-20号,08:00-09:00,0,1,可预约,￥0.0,多云,15,13,3,0.0,100,26
2026-05-21 01:00:55,2026-05-21,4,羽毛球馆-20号,08:00-09:00,0,1,可预约,￥0.0,多云,15,12,4,0.0,100,26
2026-05-21 01:30:47,2026-05-21,4,羽毛球馆-20号,08:00-09:00,0,1,可预约,￥0.0,多云,15,13,4,0.0,100,28
2026-05-21 02:00:53,2026-05-21,4,羽毛球馆-20号,08:00-09:00,0,1,可预约,￥0.0,多云,15,12,4,0.0,100,28
2026-05-21 02:30:49,2026-05-21,4,羽毛球馆-20号,08:00-09:00,0,1,可预约,￥0.0,多云,15,14,3,0.0,100,29
2026-05-21 03:00:55,2026-05-21,4,羽毛球馆-20号,08:00-09:00,0,1,可预约,￥0.0,多云,15,12,4,0.0,100,29
2026-05-21 03:30:49,2026-05-21,4,羽毛球馆-20号,08:00-09:00,0,1,可预约,￥0.0,多云,15,14,3,0.0,100,30
2026-05-21 04:30:45,2026-05-21,4,羽毛球馆-20号,08:00-09:00,0,1,可预约,￥0.0,多云,15,12,4,0.0,100,29
2026-05-21 05:00:52,2026-05-21,4,羽毛球馆-20号,08:00-09:00,0,1,可预约,￥0.0,多云,15,12,4,0.0,100,29
2026-05-21 05:30:49,2026-05-21,4,羽毛球馆-20号,08:00-09:00,0,1,可预约,￥0.0,多云,15,13,3,0.0,100,28
2026-05-21 06:00:50,2026-05-21,4,羽毛球馆-20号,08:00-09:00,0,1,可预约,￥0.0,多云,15,13,4,0.0,99,28
2026-05-21 06:30:38,2026-05-21,4,羽毛球馆-20号,08:00-09:00,0,1,可预约,￥0.0,多云,15,13,3,0.0,97,28
2026-05-21 07:00:43,2026-05-21,4,羽毛球馆-20号,08:00-09:00,0,1,可预约,￥0.0,晴,15,11,5,0.0,93,28
2026-05-21 07:30:39,2026-05-21,4,羽毛球馆-20号,08:00-09:00,0,1,可预约,￥0.0,晴,17,13,4,0.0,89,29
2026-05-21 07:50:40,2026-05-21,4,羽毛球馆-20号,08:00-09:00,0,1,可预约,￥0.0,晴,17,13,4,0.0,88,29
2026-05-21 07:53:31,2026-05-21,4,羽毛球馆-20号,08:00-09:00,0,1,可预约,￥0.0,晴,17,12,5,0.0,86,29
2026-05-21 07:56:31,2026-05-21,4,羽毛球馆-20号,08:00-09:00,0,1,可预约,￥0.0,晴,17,12,5,0.0,86,29
2026-05-21 07:59:26,2026-05-21,4,羽毛球馆-20号,08:00-09:00,0,1,可预约,￥0.0,晴,17,12,5,0.0,86,29
2026-05-21 08:00:45,2026-05-21,4,羽毛球馆-20号,08:00-09:00,0,1,可预约,￥0.0,晴,17,12,5,0.0,86,29
2026-05-21 08:02:30,2026-05-21,4,羽毛球馆-20号,08:00-09:00,0,1,可预约,￥0.0,多云,17,12,5,0.0,87,29
2026-05-21 08:05:36,2026-05-21,4,羽毛球馆-20号,08:00-09:00,0,1,可预约,￥0.0,多云,17,12,5,0.0,86,29
2026-05-21 08:08:31,2026-05-21,4,羽毛球馆-20号,08:00-09:00,0,1,可预约,￥0.0,多云,17,12,5,0.0,86,29
2026-05-21 08:11:30,2026-05-21,4,羽毛球馆-20号,08:00-09:00,0,1,可预约,￥0.0,多云,17,12,5,0.0,86,29
2026-05-21 08:14:31,2026-05-21,4,羽毛球馆-20号,08:00-09:00,0,1,可预约,￥0.0,多云,17,12,5,0.0,86,29
2026-05-21 08:17:30,2026-05-21,4,羽毛球馆-20号,08:00-09:00,0,1,可预约,￥0.0,多云,17,12,5,0.0,86,29
2026-05-21 08:20:35,2026-05-21,4,羽毛球馆-20号,08:00-09:00,0,1,可预约,￥0.0,多云,17,14,4,0.0,85,29
2026-05-21 08:25:32,2026-05-21,4,羽毛球馆-20号,08:00-09:00,0,1,可预约,￥0.0,多云,17,14,4,0.0,85,28
2026-05-21 08:30:42,2026-05-21,4,羽毛球馆-20号,08:00-09:00,0,1,可预约,￥0.0,多云,18,15,4,0.0,84,28
2026-05-21 08:35:31,2026-05-21,4,羽毛球馆-20号,08:00-09:00,0,1,可预约,￥0.0,多云,18,15,4,0.0,84,28
2026-05-21 08:40:38,2026-05-21,4,羽毛球馆-20号,08:00-09:00,0,1,可预约,￥0.0,多云,18,15,4,0.0,82,28
2026-05-21 08:45:33,2026-05-21,4,羽毛球馆-20号,08:00-09:00,0,1,可预约,￥0.0,多云,18,15,4,0.0,82,28
2026-05-21 08:50:36,2026-05-21,4,羽毛球馆-20号,08:00-09:00,0,1,可预约,￥0.0,多云,18,15,4,0.0,82,28
2026-05-21 08:55:34,2026-05-21,4,羽毛球馆-20号,08:00-09:00,0,1,可预约,￥0.0,多云,18,15,4,0.0,84,28
2026-05-21 09:00:51,2026-05-21,4,羽毛球馆-20号,08:00-09:00,0,1,不开放/已过期,,多云,18,15,4,0.0,84,28
2026-05-21 09:01:59,2026-05-21,4,羽毛球馆-20号,08:00-09:00,0,1,不开放/已过期,,多云,18,15,4,0.0,83,28
2026-05-21 09:05:33,2026-05-21,4,羽毛球馆-20号,08:00-09:00,0,1,不开放/已过期,,多云,18,15,4,0.0,83,28
2026-05-21 09:20:38,2026-05-21,4,羽毛球馆-20号,08:00-09:00,0,1,不开放/已过期,,多云,18,16,3,0.0,81,28
2026-05-21 09:30:46,2026-05-21,4,羽毛球馆-20号,08:00-09:00,0,1,不开放/已过期,,多云,18,16,3,0.0,81,32
2026-05-21 09:40:36,2026-05-21,4,羽毛球馆-20号,08:00-09:00,0,1,不开放/已过期,,多云,19,17,3,0.0,79,32
2026-05-21 09:50:42,2026-05-21,4,羽毛球馆-20号,08:00-09:00,0,1,不开放/已过期,,多云,19,17,4,0.0,81,32
2026-05-21 10:00:46,2026-05-21,4,羽毛球馆-20号,08:00-09:00,0,1,不开放/已过期,,多云,19,17,4,0.0,79,32
2026-05-21 10:10:40,2026-05-21,4,羽毛球馆-20号,08:00-09:00,0,1,不开放/已过期,,多云,19,17,4,0.0,79,32
2026-05-21 10:20:38,2026-05-21,4,羽毛球馆-20号,08:00-09:00,0,1,不开放/已过期,,多云,19,17,4,0.0,79,32
2026-05-21 10:30:41,2026-05-21,4,羽毛球馆-20号,08:00-09:00,0,1,不开放/已过期,,多云,19,18,3,0.0,78,31
2026-05-21 11:00:44,2026-05-21,4,羽毛球馆-20号,08:00-09:00,0,1,不开放/已过期,,多云,21,17,5,0.0,74,31
2026-05-21 11:30:38,2026-05-21,4,羽毛球馆-20号,08:00-09:00,0,1,不开放/已过期,,多云,21,19,3,0.0,72,33
2026-05-21 12:00:46,2026-05-21,4,羽毛球馆-20号,08:00-09:00,0,1,不开放/已过期,,多云,22,19,4,0.0,70,33
2026-05-21 12:30:42,2026-05-21,4,羽毛球馆-20号,08:00-09:00,0,1,不开放/已过期,,多云,22,21,3,0.0,68,35
2026-05-21 13:00:43,2026-05-21,4,羽毛球馆-20号,08:00-09:00,0,1,不开放/已过期,,多云,24,22,4,0.0,66,35
2026-05-21 13:30:43,2026-05-21,4,羽毛球馆-20号,08:00-09:00,0,1,不开放/已过期,,多云,24,22,4,0.0,66,36
2026-05-21 14:00:48,2026-05-21,4,羽毛球馆-20号,08:00-09:00,0,1,不开放/已过期,,多云,25,23,4,0.0,66,36
2026-05-21 14:30:45,2026-05-21,4,羽毛球馆-20号,08:00-09:00,0,1,不开放/已过期,,晴,25,25,3,0.0,65,39
2026-05-21 15:00:45,2026-05-21,4,羽毛球馆-20号,08:00-09:00,0,1,不开放/已过期,,晴,25,22,4,0.0,56,39
2026-05-21 15:30:43,2026-05-21,4,羽毛球馆-20号,08:00-09:00,0,1,不开放/已过期,,晴,25,23,4,0.0,57,40
2026-05-21 16:00:51,2026-05-21,4,羽毛球馆-20号,08:00-09:00,0,1,不开放/已过期,,晴,25,23,4,0.0,57,40
2026-05-21 16:30:48,2026-05-21,4,羽毛球馆-20号,08:00-09:00,0,1,不开放/已过期,,晴,25,24,3,0.0,60,39
2026-05-21 17:00:49,2026-05-21,4,羽毛球馆-20号,08:00-09:00,0,1,不开放/已过期,,晴,25,24,4,0.0,61,39
2026-05-21 17:30:47,2026-05-21,4,羽毛球馆-20号,08:00-09:00,0,1,不开放/已过期,,多云,24,23,3,0.0,64,39
2026-05-21 18:00:50,2026-05-21,4,羽毛球馆-20号,08:00-09:00,0,1,不开放/已过期,,多云,24,23,3,0.0,68,39
2026-05-21 18:30:50,2026-05-21,4,羽毛球馆-20号,08:00-09:00,0,1,不开放/已过期,,阴,24,25,2,0.0,68,40
2026-05-21 19:00:50,2026-05-21,4,羽毛球馆-20号,08:00-09:00,0,1,不开放/已过期,,阴,23,23,3,0.0,76,40
2026-05-21 19:30:46,2026-05-21,4,羽毛球馆-20号,08:00-09:00,0,1,不开放/已过期,,阴,23,24,2,0.0,77,39
2026-05-21 20:00:49,2026-05-21,4,羽毛球馆-20号,08:00-09:00,0,1,不开放/已过期,,雾,22,23,2,0.0,89,39
2026-05-21 20:30:44,2026-05-21,4,羽毛球馆-20号,08:00-09:00,0,1,不开放/已过期,,雾,22,24,2,0.0,93,43
2026-05-21 21:00:56,2026-05-21,4,羽毛球馆-20号,08:00-09:00,0,1,不开放/已过期,,雾,20,21,2,0.0,98,43
2026-05-21 21:30:46,2026-05-21,4,羽毛球馆-20号,08:00-09:00,0,1,不开放/已过期,,雾,20,22,1,0.0,99,41
2026-05-21 22:01:02,2026-05-21,4,羽毛球馆-20号,08:00-09:00,0,1,不开放/已过期,,雾,19,20,2,0.0,93,41
2026-05-21 22:30:47,2026-05-21,4,羽毛球馆-20号,08:00-09:00,0,1,不开放/已过期,,雾,19,19,3,0.0,88,46
2026-05-21 23:00:56,2026-05-21,4,羽毛球馆-20号,08:00-09:00,0,1,不开放/已过期,,多云,18,17,3,0.0,85,46
2026-05-21 23:30:55,2026-05-21,4,羽毛球馆-20号,08:00-09:00,0,1,不开放/已过期,,多云,18,17,3,0.0,85,48
2026-05-21 00:30:49,2026-05-21,4,羽毛球馆-20号,09:00-10:00,0,1,可预约,￥12.0,多云,15,13,3,0.0,100,26
2026-05-21 01:00:55,2026-05-21,4,羽毛球馆-20号,09:00-10:00,0,1,可预约,￥12.0,多云,15,12,4,0.0,100,26
2026-05-21 01:30:47,2026-05-21,4,羽毛球馆-20号,09:00-10:00,0,1,可预约,￥12.0,多云,15,13,4,0.0,100,28
2026-05-21 02:00:53,2026-05-21,4,羽毛球馆-20号,09:00-10:00,0,1,可预约,￥12.0,多云,15,12,4,0.0,100,28
2026-05-21 02:30:49,2026-05-21,4,羽毛球馆-20号,09:00-10:00,0,1,可预约,￥12.0,多云,15,14,3,0.0,100,29
2026-05-21 03:00:55,2026-05-21,4,羽毛球馆-20号,09:00-10:00,0,1,可预约,￥12.0,多云,15,12,4,0.0,100,29
2026-05-21 03:30:49,2026-05-21,4,羽毛球馆-20号,09:00-10:00,0,1,可预约,￥12.0,多云,15,14,3,0.0,100,30
2026-05-21 04:30:45,2026-05-21,4,羽毛球馆-20号,09:00-10:00,0,1,可预约,￥12.0,多云,15,12,4,0.0,100,29
2026-05-21 05:00:52,2026-05-21,4,羽毛球馆-20号,09:00-10:00,0,1,可预约,￥12.0,多云,15,12,4,0.0,100,29
2026-05-21 05:30:49,2026-05-21,4,羽毛球馆-20号,09:00-10:00,0,1,可预约,￥12.0,多云,15,13,3,0.0,100,28
2026-05-21 06:00:50,2026-05-21,4,羽毛球馆-20号,09:00-10:00,0,1,可预约,￥12.0,多云,15,13,4,0.0,99,28
2026-05-21 06:30:38,2026-05-21,4,羽毛球馆-20号,09:00-10:00,0,1,可预约,￥12.0,多云,15,13,3,0.0,97,28
2026-05-21 07:00:43,2026-05-21,4,羽毛球馆-20号,09:00-10:00,0,1,可预约,￥12.0,晴,15,11,5,0.0,93,28
2026-05-21 07:30:39,2026-05-21,4,羽毛球馆-20号,09:00-10:00,0,1,可预约,￥12.0,晴,17,13,4,0.0,89,29
2026-05-21 07:50:40,2026-05-21,4,羽毛球馆-20号,09:00-10:00,0,1,可预约,￥12.0,晴,17,13,4,0.0,88,29
2026-05-21 07:53:31,2026-05-21,4,羽毛球馆-20号,09:00-10:00,0,1,可预约,￥12.0,晴,17,12,5,0.0,86,29
2026-05-21 07:56:31,2026-05-21,4,羽毛球馆-20号,09:00-10:00,0,1,可预约,￥12.0,晴,17,12,5,0.0,86,29
2026-05-21 07:59:26,2026-05-21,4,羽毛球馆-20号,09:00-10:00,0,1,可预约,￥12.0,晴,17,12,5,0.0,86,29
2026-05-21 08:00:45,2026-05-21,4,羽毛球馆-20号,09:00-10:00,0,1,可预约,￥12.0,晴,17,12,5,0.0,86,29
2026-05-21 08:02:30,2026-05-21,4,羽毛球馆-20号,09:00-10:00,0,1,可预约,￥12.0,多云,17,12,5,0.0,87,29
2026-05-21 08:05:36,2026-05-21,4,羽毛球馆-20号,09:00-10:00,0,1,可预约,￥12.0,多云,17,12,5,0.0,86,29
2026-05-21 08:08:31,2026-05-21,4,羽毛球馆-20号,09:00-10:00,0,1,可预约,￥12.0,多云,17,12,5,0.0,86,29
2026-05-21 08:11:30,2026-05-21,4,羽毛球馆-20号,09:00-10:00,0,1,可预约,￥12.0,多云,17,12,5,0.0,86,29
2026-05-21 08:14:31,2026-05-21,4,羽毛球馆-20号,09:00-10:00,0,1,可预约,￥12.0,多云,17,12,5,0.0,86,29
2026-05-21 08:17:30,2026-05-21,4,羽毛球馆-20号,09:00-10:00,0,1,可预约,￥12.0,多云,17,12,5,0.0,86,29
2026-05-21 08:20:35,2026-05-21,4,羽毛球馆-20号,09:00-10:00,0,1,可预约,￥12.0,多云,17,14,4,0.0,85,29
2026-05-21 08:25:32,2026-05-21,4,羽毛球馆-20号,09:00-10:00,0,1,可预约,￥12.0,多云,17,14,4,0.0,85,28
2026-05-21 08:30:42,2026-05-21,4,羽毛球馆-20号,09:00-10:00,0,1,可预约,￥12.0,多云,18,15,4,0.0,84,28
2026-05-21 08:35:31,2026-05-21,4,羽毛球馆-20号,09:00-10:00,0,1,可预约,￥12.0,多云,18,15,4,0.0,84,28
2026-05-21 08:40:38,2026-05-21,4,羽毛球馆-20号,09:00-10:00,0,1,可预约,￥12.0,多云,18,15,4,0.0,82,28
2026-05-21 08:45:33,2026-05-21,4,羽毛球馆-20号,09:00-10:00,0,1,可预约,￥12.0,多云,18,15,4,0.0,82,28
2026-05-21 08:50:36,2026-05-21,4,羽毛球馆-20号,09:00-10:00,0,1,可预约,￥12.0,多云,18,15,4,0.0,82,28
2026-05-21 08:55:34,2026-05-21,4,羽毛球馆-20号,09:00-10:00,0,1,可预约,￥12.0,多云,18,15,4,0.0,84,28
2026-05-21 09:00:51,2026-05-21,4,羽毛球馆-20号,09:00-10:00,0,1,可预约,￥12.0,多云,18,15,4,0.0,84,28
2026-05-21 09:01:59,2026-05-21,4,羽毛球馆-20号,09:00-10:00,0,1,可预约,￥12.0,多云,18,15,4,0.0,83,28
2026-05-21 09:05:33,2026-05-21,4,羽毛球馆-20号,09:00-10:00,0,1,可预约,￥12.0,多云,18,15,4,0.0,83,28
2026-05-21 09:20:38,2026-05-21,4,羽毛球馆-20号,09:00-10:00,0,1,可预约,￥12.0,多云,18,16,3,0.0,81,28
2026-05-21 09:30:46,2026-05-21,4,羽毛球馆-20号,09:00-10:00,0,1,可预约,￥12.0,多云,18,16,3,0.0,81,32
2026-05-21 09:40:36,2026-05-21,4,羽毛球馆-20号,09:00-10:00,0,1,可预约,￥12.0,多云,19,17,3,0.0,79,32
2026-05-21 09:50:42,2026-05-21,4,羽毛球馆-20号,09:00-10:00,0,1,可预约,￥12.0,多云,19,17,4,0.0,81,32
2026-05-21 10:00:46,2026-05-21,4,羽毛球馆-20号,09:00-10:00,0,1,不开放/已过期,,多云,19,17,4,0.0,79,32
2026-05-21 10:10:40,2026-05-21,4,羽毛球馆-20号,09:00-10:00,0,1,不开放/已过期,,多云,19,17,4,0.0,79,32
2026-05-21 10:20:38,2026-05-21,4,羽毛球馆-20号,09:00-10:00,0,1,不开放/已过期,,多云,19,17,4,0.0,79,32
2026-05-21 10:30:41,2026-05-21,4,羽毛球馆-20号,09:00-10:00,0,1,不开放/已过期,,多云,19,18,3,0.0,78,31
2026-05-21 11:00:44,2026-05-21,4,羽毛球馆-20号,09:00-10:00,0,1,不开放/已过期,,多云,21,17,5,0.0,74,31
2026-05-21 11:30:38,2026-05-21,4,羽毛球馆-20号,09:00-10:00,0,1,不开放/已过期,,多云,21,19,3,0.0,72,33
2026-05-21 12:00:46,2026-05-21,4,羽毛球馆-20号,09:00-10:00,0,1,不开放/已过期,,多云,22,19,4,0.0,70,33
2026-05-21 12:30:42,2026-05-21,4,羽毛球馆-20号,09:00-10:00,0,1,不开放/已过期,,多云,22,21,3,0.0,68,35
2026-05-21 13:00:43,2026-05-21,4,羽毛球馆-20号,09:00-10:00,0,1,不开放/已过期,,多云,24,22,4,0.0,66,35
2026-05-21 13:30:43,2026-05-21,4,羽毛球馆-20号,09:00-10:00,0,1,不开放/已过期,,多云,24,22,4,0.0,66,36
2026-05-21 14:00:48,2026-05-21,4,羽毛球馆-20号,09:00-10:00,0,1,不开放/已过期,,多云,25,23,4,0.0,66,36
2026-05-21 14:30:45,2026-05-21,4,羽毛球馆-20号,09:00-10:00,0,1,不开放/已过期,,晴,25,25,3,0.0,65,39
2026-05-21 15:00:45,2026-05-21,4,羽毛球馆-20号,09:00-10:00,0,1,不开放/已过期,,晴,25,22,4,0.0,56,39
2026-05-21 15:30:43,2026-05-21,4,羽毛球馆-20号,09:00-10:00,0,1,不开放/已过期,,晴,25,23,4,0.0,57,40
2026-05-21 16:00:51,2026-05-21,4,羽毛球馆-20号,09:00-10:00,0,1,不开放/已过期,,晴,25,23,4,0.0,57,40
2026-05-21 16:30:48,2026-05-21,4,羽毛球馆-20号,09:00-10:00,0,1,不开放/已过期,,晴,25,24,3,0.0,60,39
2026-05-21 17:00:49,2026-05-21,4,羽毛球馆-20号,09:00-10:00,0,1,不开放/已过期,,晴,25,24,4,0.0,61,39
2026-05-21 17:30:47,2026-05-21,4,羽毛球馆-20号,09:00-10:00,0,1,不开放/已过期,,多云,24,23,3,0.0,64,39
2026-05-21 18:00:50,2026-05-21,4,羽毛球馆-20号,09:00-10:00,0,1,不开放/已过期,,多云,24,23,3,0.0,68,39
2026-05-21 18:30:50,2026-05-21,4,羽毛球馆-20号,09:00-10:00,0,1,不开放/已过期,,阴,24,25,2,0.0,68,40
2026-05-21 19:00:50,2026-05-21,4,羽毛球馆-20号,09:00-10:00,0,1,不开放/已过期,,阴,23,23,3,0.0,76,40
2026-05-21 19:30:46,2026-05-21,4,羽毛球馆-20号,09:00-10:00,0,1,不开放/已过期,,阴,23,24,2,0.0,77,39
2026-05-21 20:00:49,2026-05-21,4,羽毛球馆-20号,09:00-10:00,0,1,不开放/已过期,,雾,22,23,2,0.0,89,39
2026-05-21 20:30:44,2026-05-21,4,羽毛球馆-20号,09:00-10:00,0,1,不开放/已过期,,雾,22,24,2,0.0,93,43
2026-05-21 21:00:56,2026-05-21,4,羽毛球馆-20号,09:00-10:00,0,1,不开放/已过期,,雾,20,21,2,0.0,98,43
2026-05-21 21:30:46,2026-05-21,4,羽毛球馆-20号,09:00-10:00,0,1,不开放/已过期,,雾,20,22,1,0.0,99,41
2026-05-21 22:01:02,2026-05-21,4,羽毛球馆-20号,09:00-10:00,0,1,不开放/已过期,,雾,19,20,2,0.0,93,41
2026-05-21 22:30:47,2026-05-21,4,羽毛球馆-20号,09:00-10:00,0,1,不开放/已过期,,雾,19,19,3,0.0,88,46
2026-05-21 23:00:56,2026-05-21,4,羽毛球馆-20号,09:00-10:00,0,1,不开放/已过期,,多云,18,17,3,0.0,85,46
2026-05-21 23:30:55,2026-05-21,4,羽毛球馆-20号,09:00-10:00,0,1,不开放/已过期,,多云,18,17,3,0.0,85,48
2026-05-21 00:30:49,2026-05-21,4,羽毛球馆-20号,10:00-11:00,1,1,已售/已满,教学时间,多云,15,13,3,0.0,100,26
2026-05-21 01:00:55,2026-05-21,4,羽毛球馆-20号,10:00-11:00,1,1,已售/已满,教学时间,多云,15,12,4,0.0,100,26
2026-05-21 01:30:47,2026-05-21,4,羽毛球馆-20号,10:00-11:00,1,1,已售/已满,教学时间,多云,15,13,4,0.0,100,28
2026-05-21 02:00:53,2026-05-21,4,羽毛球馆-20号,10:00-11:00,1,1,已售/已满,教学时间,多云,15,12,4,0.0,100,28
2026-05-21 02:30:49,2026-05-21,4,羽毛球馆-20号,10:00-11:00,1,1,已售/已满,教学时间,多云,15,14,3,0.0,100,29
2026-05-21 03:00:55,2026-05-21,4,羽毛球馆-20号,10:00-11:00,1,1,已售/已满,教学时间,多云,15,12,4,0.0,100,29
2026-05-21 03:30:49,2026-05-21,4,羽毛球馆-20号,10:00-11:00,1,1,已售/已满,教学时间,多云,15,14,3,0.0,100,30
2026-05-21 04:30:45,2026-05-21,4,羽毛球馆-20号,10:00-11:00,1,1,已售/已满,教学时间,多云,15,12,4,0.0,100,29
2026-05-21 05:00:52,2026-05-21,4,羽毛球馆-20号,10:00-11:00,1,1,已售/已满,教学时间,多云,15,12,4,0.0,100,29
2026-05-21 05:30:49,2026-05-21,4,羽毛球馆-20号,10:00-11:00,1,1,已售/已满,教学时间,多云,15,13,3,0.0,100,28
2026-05-21 06:00:50,2026-05-21,4,羽毛球馆-20号,10:00-11:00,1,1,已售/已满,教学时间,多云,15,13,4,0.0,99,28
2026-05-21 06:30:38,2026-05-21,4,羽毛球馆-20号,10:00-11:00,1,1,已售/已满,教学时间,多云,15,13,3,0.0,97,28
2026-05-21 07:00:43,2026-05-21,4,羽毛球馆-20号,10:00-11:00,1,1,已售/已满,教学时间,晴,15,11,5,0.0,93,28
2026-05-21 07:30:39,2026-05-21,4,羽毛球馆-20号,10:00-11:00,1,1,已售/已满,教学时间,晴,17,13,4,0.0,89,29
2026-05-21 07:50:40,2026-05-21,4,羽毛球馆-20号,10:00-11:00,1,1,已售/已满,教学时间,晴,17,13,4,0.0,88,29
2026-05-21 07:53:31,2026-05-21,4,羽毛球馆-20号,10:00-11:00,1,1,已售/已满,教学时间,晴,17,12,5,0.0,86,29
2026-05-21 07:56:31,2026-05-21,4,羽毛球馆-20号,10:00-11:00,1,1,已售/已满,教学时间,晴,17,12,5,0.0,86,29
2026-05-21 07:59:26,2026-05-21,4,羽毛球馆-20号,10:00-11:00,1,1,已售/已满,教学时间,晴,17,12,5,0.0,86,29
2026-05-21 08:00:45,2026-05-21,4,羽毛球馆-20号,10:00-11:00,1,1,已售/已满,教学时间,晴,17,12,5,0.0,86,29
2026-05-21 08:02:30,2026-05-21,4,羽毛球馆-20号,10:00-11:00,1,1,已售/已满,教学时间,多云,17,12,5,0.0,87,29
2026-05-21 08:05:36,2026-05-21,4,羽毛球馆-20号,10:00-11:00,1,1,已售/已满,教学时间,多云,17,12,5,0.0,86,29
2026-05-21 08:08:31,2026-05-21,4,羽毛球馆-20号,10:00-11:00,1,1,已售/已满,教学时间,多云,17,12,5,0.0,86,29
2026-05-21 08:11:30,2026-05-21,4,羽毛球馆-20号,10:00-11:00,1,1,已售/已满,教学时间,多云,17,12,5,0.0,86,29
2026-05-21 08:14:31,2026-05-21,4,羽毛球馆-20号,10:00-11:00,1,1,已售/已满,教学时间,多云,17,12,5,0.0,86,29
2026-05-21 08:17:30,2026-05-21,4,羽毛球馆-20号,10:00-11:00,1,1,已售/已满,教学时间,多云,17,12,5,0.0,86,29
2026-05-21 08:20:35,2026-05-21,4,羽毛球馆-20号,10:00-11:00,1,1,已售/已满,教学时间,多云,17,14,4,0.0,85,29
2026-05-21 08:25:32,2026-05-21,4,羽毛球馆-20号,10:00-11:00,1,1,已售/已满,教学时间,多云,17,14,4,0.0,85,28
2026-05-21 08:30:42,2026-05-21,4,羽毛球馆-20号,10:00-11:00,1,1,已售/已满,教学时间,多云,18,15,4,0.0,84,28
2026-05-21 08:35:31,2026-05-21,4,羽毛球馆-20号,10:00-11:00,1,1,已售/已满,教学时间,多云,18,15,4,0.0,84,28
2026-05-21 08:40:38,2026-05-21,4,羽毛球馆-20号,10:00-11:00,1,1,已售/已满,教学时间,多云,18,15,4,0.0,82,28
2026-05-21 08:45:33,2026-05-21,4,羽毛球馆-20号,10:00-11:00,1,1,已售/已满,教学时间,多云,18,15,4,0.0,82,28
2026-05-21 08:50:36,2026-05-21,4,羽毛球馆-20号,10:00-11:00,1,1,已售/已满,教学时间,多云,18,15,4,0.0,82,28
2026-05-21 08:55:34,2026-05-21,4,羽毛球馆-20号,10:00-11:00,1,1,已售/已满,教学时间,多云,18,15,4,0.0,84,28
2026-05-21 09:00:51,2026-05-21,4,羽毛球馆-20号,10:00-11:00,1,1,已售/已满,教学时间,多云,18,15,4,0.0,84,28
2026-05-21 09:01:59,2026-05-21,4,羽毛球馆-20号,10:00-11:00,1,1,已售/已满,教学时间,多云,18,15,4,0.0,83,28
2026-05-21 09:05:33,2026-05-21,4,羽毛球馆-20号,10:00-11:00,1,1,已售/已满,教学时间,多云,18,15,4,0.0,83,28
2026-05-21 09:20:38,2026-05-21,4,羽毛球馆-20号,10:00-11:00,1,1,已售/已满,教学时间,多云,18,16,3,0.0,81,28
2026-05-21 09:30:46,2026-05-21,4,羽毛球馆-20号,10:00-11:00,1,1,已售/已满,教学时间,多云,18,16,3,0.0,81,32
2026-05-21 09:40:36,2026-05-21,4,羽毛球馆-20号,10:00-11:00,1,1,已售/已满,教学时间,多云,19,17,3,0.0,79,32
2026-05-21 09:50:42,2026-05-21,4,羽毛球馆-20号,10:00-11:00,1,1,已售/已满,教学时间,多云,19,17,4,0.0,81,32
2026-05-21 10:00:46,2026-05-21,4,羽毛球馆-20号,10:00-11:00,1,1,已售/已满,教学时间,多云,19,17,4,0.0,79,32
2026-05-21 10:10:40,2026-05-21,4,羽毛球馆-20号,10:00-11:00,1,1,已售/已满,教学时间,多云,19,17,4,0.0,79,32
2026-05-21 10:20:38,2026-05-21,4,羽毛球馆-20号,10:00-11:00,1,1,已售/已满,教学时间,多云,19,17,4,0.0,79,32
2026-05-21 10:30:41,2026-05-21,4,羽毛球馆-20号,10:00-11:00,1,1,已售/已满,教学时间,多云,19,18,3,0.0,78,31
2026-05-21 11:00:44,2026-05-21,4,羽毛球馆-20号,10:00-11:00,1,1,已售/已满,教学时间,多云,21,17,5,0.0,74,31
2026-05-21 11:30:38,2026-05-21,4,羽毛球馆-20号,10:00-11:00,1,1,已售/已满,教学时间,多云,21,19,3,0.0,72,33
2026-05-21 12:00:46,2026-05-21,4,羽毛球馆-20号,10:00-11:00,1,1,已售/已满,教学时间,多云,22,19,4,0.0,70,33
2026-05-21 12:30:42,2026-05-21,4,羽毛球馆-20号,10:00-11:00,1,1,已售/已满,教学时间,多云,22,21,3,0.0,68,35
2026-05-21 13:00:43,2026-05-21,4,羽毛球馆-20号,10:00-11:00,1,1,已售/已满,教学时间,多云,24,22,4,0.0,66,35
2026-05-21 13:30:43,2026-05-21,4,羽毛球馆-20号,10:00-11:00,1,1,已售/已满,教学时间,多云,24,22,4,0.0,66,36
2026-05-21 14:00:48,2026-05-21,4,羽毛球馆-20号,10:00-11:00,1,1,已售/已满,教学时间,多云,25,23,4,0.0,66,36
2026-05-21 14:30:45,2026-05-21,4,羽毛球馆-20号,10:00-11:00,1,1,已售/已满,教学时间,晴,25,25,3,0.0,65,39
2026-05-21 15:00:45,2026-05-21,4,羽毛球馆-20号,10:00-11:00,1,1,已售/已满,教学时间,晴,25,22,4,0.0,56,39
2026-05-21 15:30:43,2026-05-21,4,羽毛球馆-20号,10:00-11:00,1,1,已售/已满,教学时间,晴,25,23,4,0.0,57,40
2026-05-21 16:00:51,2026-05-21,4,羽毛球馆-20号,10:00-11:00,1,1,已售/已满,教学时间,晴,25,23,4,0.0,57,40
2026-05-21 16:30:48,2026-05-21,4,羽毛球馆-20号,10:00-11:00,1,1,已售/已满,教学时间,晴,25,24,3,0.0,60,39
2026-05-21 17:00:49,2026-05-21,4,羽毛球馆-20号,10:00-11:00,1,1,已售/已满,教学时间,晴,25,24,4,0.0,61,39
2026-05-21 17:30:47,2026-05-21,4,羽毛球馆-20号,10:00-11:00,1,1,已售/已满,教学时间,多云,24,23,3,0.0,64,39
2026-05-21 18:00:50,2026-05-21,4,羽毛球馆-20号,10:00-11:00,1,1,已售/已满,教学时间,多云,24,23,3,0.0,68,39
2026-05-21 18:30:50,2026-05-21,4,羽毛球馆-20号,10:00-11:00,1,1,已售/已满,教学时间,阴,24,25,2,0.0,68,40
2026-05-21 19:00:50,2026-05-21,4,羽毛球馆-20号,10:00-11:00,1,1,已售/已满,教学时间,阴,23,23,3,0.0,76,40
2026-05-21 19:30:46,2026-05-21,4,羽毛球馆-20号,10:00-11:00,1,1,已售/已满,教学时间,阴,23,24,2,0.0,77,39
2026-05-21 20:00:49,2026-05-21,4,羽毛球馆-20号,10:00-11:00,1,1,已售/已满,教学时间,雾,22,23,2,0.0,89,39
2026-05-21 20:30:44,2026-05-21,4,羽毛球馆-20号,10:00-11:00,1,1,已售/已满,教学时间,雾,22,24,2,0.0,93,43
2026-05-21 21:00:56,2026-05-21,4,羽毛球馆-20号,10:00-11:00,1,1,已售/已满,教学时间,雾,20,21,2,0.0,98,43
2026-05-21 21:30:46,2026-05-21,4,羽毛球馆-20号,10:00-11:00,1,1,已售/已满,教学时间,雾,20,22,1,0.0,99,41
2026-05-21 22:01:02,2026-05-21,4,羽毛球馆-20号,10:00-11:00,1,1,已售/已满,教学时间,雾,19,20,2,0.0,93,41
2026-05-21 22:30:47,2026-05-21,4,羽毛球馆-20号,10:00-11:00,1,1,已售/已满,教学时间,雾,19,19,3,0.0,88,46
2026-05-21 23:00:56,2026-05-21,4,羽毛球馆-20号,10:00-11:00,1,1,已售/已满,教学时间,多云,18,17,3,0.0,85,46
2026-05-21 23:30:55,2026-05-21,4,羽毛球馆-20号,10:00-11:00,1,1,已售/已满,教学时间,多云,18,17,3,0.0,85,48
2026-05-21 00:30:49,2026-05-21,4,羽毛球馆-20号,11:00-12:00,1,1,已售/已满,教学时间,多云,15,13,3,0.0,100,26
2026-05-21 01:00:55,2026-05-21,4,羽毛球馆-20号,11:00-12:00,1,1,已售/已满,教学时间,多云,15,12,4,0.0,100,26
2026-05-21 01:30:47,2026-05-21,4,羽毛球馆-20号,11:00-12:00,1,1,已售/已满,教学时间,多云,15,13,4,0.0,100,28
2026-05-21 02:00:53,2026-05-21,4,羽毛球馆-20号,11:00-12:00,1,1,已售/已满,教学时间,多云,15,12,4,0.0,100,28
2026-05-21 02:30:49,2026-05-21,4,羽毛球馆-20号,11:00-12:00,1,1,已售/已满,教学时间,多云,15,14,3,0.0,100,29
2026-05-21 03:00:55,2026-05-21,4,羽毛球馆-20号,11:00-12:00,1,1,已售/已满,教学时间,多云,15,12,4,0.0,100,29
2026-05-21 03:30:49,2026-05-21,4,羽毛球馆-20号,11:00-12:00,1,1,已售/已满,教学时间,多云,15,14,3,0.0,100,30
2026-05-21 04:30:45,2026-05-21,4,羽毛球馆-20号,11:00-12:00,1,1,已售/已满,教学时间,多云,15,12,4,0.0,100,29
2026-05-21 05:00:52,2026-05-21,4,羽毛球馆-20号,11:00-12:00,1,1,已售/已满,教学时间,多云,15,12,4,0.0,100,29
2026-05-21 05:30:49,2026-05-21,4,羽毛球馆-20号,11:00-12:00,1,1,已售/已满,教学时间,多云,15,13,3,0.0,100,28
2026-05-21 06:00:50,2026-05-21,4,羽毛球馆-20号,11:00-12:00,1,1,已售/已满,教学时间,多云,15,13,4,0.0,99,28
2026-05-21 06:30:38,2026-05-21,4,羽毛球馆-20号,11:00-12:00,1,1,已售/已满,教学时间,多云,15,13,3,0.0,97,28
2026-05-21 07:00:43,2026-05-21,4,羽毛球馆-20号,11:00-12:00,1,1,已售/已满,教学时间,晴,15,11,5,0.0,93,28
2026-05-21 07:30:39,2026-05-21,4,羽毛球馆-20号,11:00-12:00,1,1,已售/已满,教学时间,晴,17,13,4,0.0,89,29
2026-05-21 07:50:40,2026-05-21,4,羽毛球馆-20号,11:00-12:00,1,1,已售/已满,教学时间,晴,17,13,4,0.0,88,29
2026-05-21 07:53:31,2026-05-21,4,羽毛球馆-20号,11:00-12:00,1,1,已售/已满,教学时间,晴,17,12,5,0.0,86,29
2026-05-21 07:56:31,2026-05-21,4,羽毛球馆-20号,11:00-12:00,1,1,已售/已满,教学时间,晴,17,12,5,0.0,86,29
2026-05-21 07:59:26,2026-05-21,4,羽毛球馆-20号,11:00-12:00,1,1,已售/已满,教学时间,晴,17,12,5,0.0,86,29
2026-05-21 08:00:45,2026-05-21,4,羽毛球馆-20号,11:00-12:00,1,1,已售/已满,教学时间,晴,17,12,5,0.0,86,29
2026-05-21 08:02:30,2026-05-21,4,羽毛球馆-20号,11:00-12:00,1,1,已售/已满,教学时间,多云,17,12,5,0.0,87,29
2026-05-21 08:05:36,2026-05-21,4,羽毛球馆-20号,11:00-12:00,1,1,已售/已满,教学时间,多云,17,12,5,0.0,86,29
2026-05-21 08:08:31,2026-05-21,4,羽毛球馆-20号,11:00-12:00,1,1,已售/已满,教学时间,多云,17,12,5,0.0,86,29
2026-05-21 08:11:30,2026-05-21,4,羽毛球馆-20号,11:00-12:00,1,1,已售/已满,教学时间,多云,17,12,5,0.0,86,29
2026-05-21 08:14:31,2026-05-21,4,羽毛球馆-20号,11:00-12:00,1,1,已售/已满,教学时间,多云,17,12,5,0.0,86,29
2026-05-21 08:17:30,2026-05-21,4,羽毛球馆-20号,11:00-12:00,1,1,已售/已满,教学时间,多云,17,12,5,0.0,86,29
2026-05-21 08:20:35,2026-05-21,4,羽毛球馆-20号,11:00-12:00,1,1,已售/已满,教学时间,多云,17,14,4,0.0,85,29
2026-05-21 08:25:32,2026-05-21,4,羽毛球馆-20号,11:00-12:00,1,1,已售/已满,教学时间,多云,17,14,4,0.0,85,28
2026-05-21 08:30:42,2026-05-21,4,羽毛球馆-20号,11:00-12:00,1,1,已售/已满,教学时间,多云,18,15,4,0.0,84,28
2026-05-21 08:35:31,2026-05-21,4,羽毛球馆-20号,11:00-12:00,1,1,已售/已满,教学时间,多云,18,15,4,0.0,84,28
2026-05-21 08:40:38,2026-05-21,4,羽毛球馆-20号,11:00-12:00,1,1,已售/已满,教学时间,多云,18,15,4,0.0,82,28
2026-05-21 08:45:33,2026-05-21,4,羽毛球馆-20号,11:00-12:00,1,1,已售/已满,教学时间,多云,18,15,4,0.0,82,28
2026-05-21 08:50:36,2026-05-21,4,羽毛球馆-20号,11:00-12:00,1,1,已售/已满,教学时间,多云,18,15,4,0.0,82,28
2026-05-21 08:55:34,2026-05-21,4,羽毛球馆-20号,11:00-12:00,1,1,已售/已满,教学时间,多云,18,15,4,0.0,84,28
2026-05-21 09:00:51,2026-05-21,4,羽毛球馆-20号,11:00-12:00,1,1,已售/已满,教学时间,多云,18,15,4,0.0,84,28
2026-05-21 09:01:59,2026-05-21,4,羽毛球馆-20号,11:00-12:00,1,1,已售/已满,教学时间,多云,18,15,4,0.0,83,28
2026-05-21 09:05:33,2026-05-21,4,羽毛球馆-20号,11:00-12:00,1,1,已售/已满,教学时间,多云,18,15,4,0.0,83,28
2026-05-21 09:20:38,2026-05-21,4,羽毛球馆-20号,11:00-12:00,1,1,已售/已满,教学时间,多云,18,16,3,0.0,81,28
2026-05-21 09:30:46,2026-05-21,4,羽毛球馆-20号,11:00-12:00,1,1,已售/已满,教学时间,多云,18,16,3,0.0,81,32
2026-05-21 09:40:36,2026-05-21,4,羽毛球馆-20号,11:00-12:00,1,1,已售/已满,教学时间,多云,19,17,3,0.0,79,32
2026-05-21 09:50:42,2026-05-21,4,羽毛球馆-20号,11:00-12:00,1,1,已售/已满,教学时间,多云,19,17,4,0.0,81,32
2026-05-21 10:00:46,2026-05-21,4,羽毛球馆-20号,11:00-12:00,1,1,已售/已满,教学时间,多云,19,17,4,0.0,79,32
2026-05-21 10:10:40,2026-05-21,4,羽毛球馆-20号,11:00-12:00,1,1,已售/已满,教学时间,多云,19,17,4,0.0,79,32
2026-05-21 10:20:38,2026-05-21,4,羽毛球馆-20号,11:00-12:00,1,1,已售/已满,教学时间,多云,19,17,4,0.0,79,32
2026-05-21 10:30:41,2026-05-21,4,羽毛球馆-20号,11:00-12:00,1,1,已售/已满,教学时间,多云,19,18,3,0.0,78,31
2026-05-21 11:00:44,2026-05-21,4,羽毛球馆-20号,11:00-12:00,1,1,已售/已满,教学时间,多云,21,17,5,0.0,74,31
2026-05-21 11:30:38,2026-05-21,4,羽毛球馆-20号,11:00-12:00,1,1,已售/已满,教学时间,多云,21,19,3,0.0,72,33
2026-05-21 12:00:46,2026-05-21,4,羽毛球馆-20号,11:00-12:00,1,1,已售/已满,教学时间,多云,22,19,4,0.0,70,33
2026-05-21 12:30:42,2026-05-21,4,羽毛球馆-20号,11:00-12:00,1,1,已售/已满,教学时间,多云,22,21,3,0.0,68,35
2026-05-21 13:00:43,2026-05-21,4,羽毛球馆-20号,11:00-12:00,1,1,已售/已满,教学时间,多云,24,22,4,0.0,66,35
2026-05-21 13:30:43,2026-05-21,4,羽毛球馆-20号,11:00-12:00,1,1,已售/已满,教学时间,多云,24,22,4,0.0,66,36
2026-05-21 14:00:48,2026-05-21,4,羽毛球馆-20号,11:00-12:00,1,1,已售/已满,教学时间,多云,25,23,4,0.0,66,36
2026-05-21 14:30:45,2026-05-21,4,羽毛球馆-20号,11:00-12:00,1,1,已售/已满,教学时间,晴,25,25,3,0.0,65,39
2026-05-21 15:00:45,2026-05-21,4,羽毛球馆-20号,11:00-12:00,1,1,已售/已满,教学时间,晴,25,22,4,0.0,56,39
2026-05-21 15:30:43,2026-05-21,4,羽毛球馆-20号,11:00-12:00,1,1,已售/已满,教学时间,晴,25,23,4,0.0,57,40
2026-05-21 16:00:51,2026-05-21,4,羽毛球馆-20号,11:00-12:00,1,1,已售/已满,教学时间,晴,25,23,4,0.0,57,40
2026-05-21 16:30:48,2026-05-21,4,羽毛球馆-20号,11:00-12:00,1,1,已售/已满,教学时间,晴,25,24,3,0.0,60,39
2026-05-21 17:00:49,2026-05-21,4,羽毛球馆-20号,11:00-12:00,1,1,已售/已满,教学时间,晴,25,24,4,0.0,61,39
2026-05-21 17:30:47,2026-05-21,4,羽毛球馆-20号,11:00-12:00,1,1,已售/已满,教学时间,多云,24,23,3,0.0,64,39
2026-05-21 18:00:50,2026-05-21,4,羽毛球馆-20号,11:00-12:00,1,1,已售/已满,教学时间,多云,24,23,3,0.0,68,39
2026-05-21 18:30:50,2026-05-21,4,羽毛球馆-20号,11:00-12:00,1,1,已售/已满,教学时间,阴,24,25,2,0.0,68,40
2026-05-21 19:00:50,2026-05-21,4,羽毛球馆-20号,11:00-12:00,1,1,已售/已满,教学时间,阴,23,23,3,0.0,76,40
2026-05-21 19:30:46,2026-05-21,4,羽毛球馆-20号,11:00-12:00,1,1,已售/已满,教学时间,阴,23,24,2,0.0,77,39
2026-05-21 20:00:49,2026-05-21,4,羽毛球馆-20号,11:00-12:00,1,1,已售/已满,教学时间,雾,22,23,2,0.0,89,39
2026-05-21 20:30:44,2026-05-21,4,羽毛球馆-20号,11:00-12:00,1,1,已售/已满,教学时间,雾,22,24,2,0.0,93,43
2026-05-21 21:00:56,2026-05-21,4,羽毛球馆-20号,11:00-12:00,1,1,已售/已满,教学时间,雾,20,21,2,0.0,98,43
2026-05-21 21:30:46,2026-05-21,4,羽毛球馆-20号,11:00-12:00,1,1,已售/已满,教学时间,雾,20,22,1,0.0,99,41
2026-05-21 22:01:02,2026-05-21,4,羽毛球馆-20号,11:00-12:00,1,1,已售/已满,教学时间,雾,19,20,2,0.0,93,41
2026-05-21 22:30:47,2026-05-21,4,羽毛球馆-20号,11:00-12:00,1,1,已售/已满,教学时间,雾,19,19,3,0.0,88,46
2026-05-21 23:00:56,2026-05-21,4,羽毛球馆-20号,11:00-12:00,1,1,已售/已满,教学时间,多云,18,17,3,0.0,85,46
2026-05-21 23:30:55,2026-05-21,4,羽毛球馆-20号,11:00-12:00,1,1,已售/已满,教学时间,多云,18,17,3,0.0,85,48
2026-05-21 00:30:49,2026-05-21,4,羽毛球馆-20号,12:00-12:55,1,1,已售/已满,已售,多云,15,13,3,0.0,100,26
2026-05-21 01:00:55,2026-05-21,4,羽毛球馆-20号,12:00-12:55,1,1,已售/已满,已售,多云,15,12,4,0.0,100,26
2026-05-21 01:30:47,2026-05-21,4,羽毛球馆-20号,12:00-12:55,1,1,已售/已满,已售,多云,15,13,4,0.0,100,28
2026-05-21 02:00:53,2026-05-21,4,羽毛球馆-20号,12:00-12:55,1,1,已售/已满,已售,多云,15,12,4,0.0,100,28
2026-05-21 02:30:49,2026-05-21,4,羽毛球馆-20号,12:00-12:55,1,1,已售/已满,已售,多云,15,14,3,0.0,100,29
2026-05-21 03:00:55,2026-05-21,4,羽毛球馆-20号,12:00-12:55,1,1,已售/已满,已售,多云,15,12,4,0.0,100,29
2026-05-21 03:30:49,2026-05-21,4,羽毛球馆-20号,12:00-12:55,1,1,已售/已满,已售,多云,15,14,3,0.0,100,30
2026-05-21 04:30:45,2026-05-21,4,羽毛球馆-20号,12:00-12:55,1,1,已售/已满,已售,多云,15,12,4,0.0,100,29
2026-05-21 05:00:52,2026-05-21,4,羽毛球馆-20号,12:00-12:55,1,1,已售/已满,已售,多云,15,12,4,0.0,100,29
2026-05-21 05:30:49,2026-05-21,4,羽毛球馆-20号,12:00-12:55,1,1,已售/已满,已售,多云,15,13,3,0.0,100,28
2026-05-21 06:00:50,2026-05-21,4,羽毛球馆-20号,12:00-12:55,1,1,已售/已满,已售,多云,15,13,4,0.0,99,28
2026-05-21 06:30:38,2026-05-21,4,羽毛球馆-20号,12:00-12:55,1,1,已售/已满,已售,多云,15,13,3,0.0,97,28
2026-05-21 07:00:43,2026-05-21,4,羽毛球馆-20号,12:00-12:55,1,1,已售/已满,已售,晴,15,11,5,0.0,93,28
2026-05-21 07:30:39,2026-05-21,4,羽毛球馆-20号,12:00-12:55,1,1,已售/已满,已售,晴,17,13,4,0.0,89,29
2026-05-21 07:50:40,2026-05-21,4,羽毛球馆-20号,12:00-12:55,1,1,已售/已满,已售,晴,17,13,4,0.0,88,29
2026-05-21 07:53:31,2026-05-21,4,羽毛球馆-20号,12:00-12:55,1,1,已售/已满,已售,晴,17,12,5,0.0,86,29
2026-05-21 07:56:31,2026-05-21,4,羽毛球馆-20号,12:00-12:55,1,1,已售/已满,已售,晴,17,12,5,0.0,86,29
2026-05-21 07:59:26,2026-05-21,4,羽毛球馆-20号,12:00-12:55,1,1,已售/已满,已售,晴,17,12,5,0.0,86,29
2026-05-21 08:00:45,2026-05-21,4,羽毛球馆-20号,12:00-12:55,1,1,已售/已满,已售,晴,17,12,5,0.0,86,29
2026-05-21 08:02:30,2026-05-21,4,羽毛球馆-20号,12:00-12:55,1,1,已售/已满,已售,多云,17,12,5,0.0,87,29
2026-05-21 08:05:36,2026-05-21,4,羽毛球馆-20号,12:00-12:55,1,1,已售/已满,已售,多云,17,12,5,0.0,86,29
2026-05-21 08:08:31,2026-05-21,4,羽毛球馆-20号,12:00-12:55,1,1,已售/已满,已售,多云,17,12,5,0.0,86,29
2026-05-21 08:11:30,2026-05-21,4,羽毛球馆-20号,12:00-12:55,1,1,已售/已满,已售,多云,17,12,5,0.0,86,29
2026-05-21 08:14:31,2026-05-21,4,羽毛球馆-20号,12:00-12:55,1,1,已售/已满,已售,多云,17,12,5,0.0,86,29
2026-05-21 08:17:30,2026-05-21,4,羽毛球馆-20号,12:00-12:55,1,1,已售/已满,已售,多云,17,12,5,0.0,86,29
2026-05-21 08:20:35,2026-05-21,4,羽毛球馆-20号,12:00-12:55,1,1,已售/已满,已售,多云,17,14,4,0.0,85,29
2026-05-21 08:25:32,2026-05-21,4,羽毛球馆-20号,12:00-12:55,1,1,已售/已满,已售,多云,17,14,4,0.0,85,28
2026-05-21 08:30:42,2026-05-21,4,羽毛球馆-20号,12:00-12:55,1,1,已售/已满,已售,多云,18,15,4,0.0,84,28
2026-05-21 08:35:31,2026-05-21,4,羽毛球馆-20号,12:00-12:55,1,1,已售/已满,已售,多云,18,15,4,0.0,84,28
2026-05-21 08:40:38,2026-05-21,4,羽毛球馆-20号,12:00-12:55,1,1,已售/已满,已售,多云,18,15,4,0.0,82,28
2026-05-21 08:45:33,2026-05-21,4,羽毛球馆-20号,12:00-12:55,1,1,已售/已满,已售,多云,18,15,4,0.0,82,28
2026-05-21 08:50:36,2026-05-21,4,羽毛球馆-20号,12:00-12:55,1,1,已售/已满,已售,多云,18,15,4,0.0,82,28
2026-05-21 08:55:34,2026-05-21,4,羽毛球馆-20号,12:00-12:55,1,1,已售/已满,已售,多云,18,15,4,0.0,84,28
2026-05-21 09:00:51,2026-05-21,4,羽毛球馆-20号,12:00-12:55,0,1,可预约,￥0.0,多云,18,15,4,0.0,84,28
2026-05-21 09:01:59,2026-05-21,4,羽毛球馆-20号,12:00-12:55,0,1,可预约,￥0.0,多云,18,15,4,0.0,83,28
2026-05-21 09:05:33,2026-05-21,4,羽毛球馆-20号,12:00-12:55,0,1,可预约,￥0.0,多云,18,15,4,0.0,83,28
2026-05-21 09:20:38,2026-05-21,4,羽毛球馆-20号,12:00-12:55,1,1,已售/已满,已售,多云,18,16,3,0.0,81,28
2026-05-21 09:30:46,2026-05-21,4,羽毛球馆-20号,12:00-12:55,1,1,已售/已满,已售,多云,18,16,3,0.0,81,32
2026-05-21 09:40:36,2026-05-21,4,羽毛球馆-20号,12:00-12:55,1,1,已售/已满,已售,多云,19,17,3,0.0,79,32
2026-05-21 09:50:42,2026-05-21,4,羽毛球馆-20号,12:00-12:55,1,1,已售/已满,已售,多云,19,17,4,0.0,81,32
2026-05-21 10:00:46,2026-05-21,4,羽毛球馆-20号,12:00-12:55,1,1,已售/已满,已售,多云,19,17,4,0.0,79,32
2026-05-21 10:10:40,2026-05-21,4,羽毛球馆-20号,12:00-12:55,1,1,已售/已满,已售,多云,19,17,4,0.0,79,32
2026-05-21 10:20:38,2026-05-21,4,羽毛球馆-20号,12:00-12:55,1,1,已售/已满,已售,多云,19,17,4,0.0,79,32
2026-05-21 10:30:41,2026-05-21,4,羽毛球馆-20号,12:00-12:55,1,1,已售/已满,已售,多云,19,18,3,0.0,78,31
2026-05-21 11:00:44,2026-05-21,4,羽毛球馆-20号,12:00-12:55,1,1,已售/已满,已售,多云,21,17,5,0.0,74,31
2026-05-21 11:30:38,2026-05-21,4,羽毛球馆-20号,12:00-12:55,1,1,已售/已满,已售,多云,21,19,3,0.0,72,33
2026-05-21 12:00:46,2026-05-21,4,羽毛球馆-20号,12:00-12:55,1,1,已售/已满,已售,多云,22,19,4,0.0,70,33
2026-05-21 12:30:42,2026-05-21,4,羽毛球馆-20号,12:00-12:55,1,1,已售/已满,已售,多云,22,21,3,0.0,68,35
2026-05-21 13:00:43,2026-05-21,4,羽毛球馆-20号,12:00-12:55,1,1,已售/已满,已售,多云,24,22,4,0.0,66,35
2026-05-21 13:30:43,2026-05-21,4,羽毛球馆-20号,12:00-12:55,1,1,已售/已满,已售,多云,24,22,4,0.0,66,36
2026-05-21 14:00:48,2026-05-21,4,羽毛球馆-20号,12:00-12:55,1,1,已售/已满,已售,多云,25,23,4,0.0,66,36
2026-05-21 14:30:45,2026-05-21,4,羽毛球馆-20号,12:00-12:55,1,1,已售/已满,已售,晴,25,25,3,0.0,65,39
2026-05-21 15:00:45,2026-05-21,4,羽毛球馆-20号,12:00-12:55,1,1,已售/已满,已售,晴,25,22,4,0.0,56,39
2026-05-21 15:30:43,2026-05-21,4,羽毛球馆-20号,12:00-12:55,1,1,已售/已满,已售,晴,25,23,4,0.0,57,40
2026-05-21 16:00:51,2026-05-21,4,羽毛球馆-20号,12:00-12:55,1,1,已售/已满,已售,晴,25,23,4,0.0,57,40
2026-05-21 16:30:48,2026-05-21,4,羽毛球馆-20号,12:00-12:55,1,1,已售/已满,已售,晴,25,24,3,0.0,60,39
2026-05-21 17:00:49,2026-05-21,4,羽毛球馆-20号,12:00-12:55,1,1,已售/已满,已售,晴,25,24,4,0.0,61,39
2026-05-21 17:30:47,2026-05-21,4,羽毛球馆-20号,12:00-12:55,1,1,已售/已满,已售,多云,24,23,3,0.0,64,39
2026-05-21 18:00:50,2026-05-21,4,羽毛球馆-20号,12:00-12:55,1,1,已售/已满,已售,多云,24,23,3,0.0,68,39
2026-05-21 18:30:50,2026-05-21,4,羽毛球馆-20号,12:00-12:55,1,1,已售/已满,已售,阴,24,25,2,0.0,68,40
2026-05-21 19:00:50,2026-05-21,4,羽毛球馆-20号,12:00-12:55,1,1,已售/已满,已售,阴,23,23,3,0.0,76,40
2026-05-21 19:30:46,2026-05-21,4,羽毛球馆-20号,12:00-12:55,1,1,已售/已满,已售,阴,23,24,2,0.0,77,39
2026-05-21 20:00:49,2026-05-21,4,羽毛球馆-20号,12:00-12:55,1,1,已售/已满,已售,雾,22,23,2,0.0,89,39
2026-05-21 20:30:44,2026-05-21,4,羽毛球馆-20号,12:00-12:55,1,1,已售/已满,已售,雾,22,24,2,0.0,93,43
2026-05-21 21:00:56,2026-05-21,4,羽毛球馆-20号,12:00-12:55,1,1,已售/已满,已售,雾,20,21,2,0.0,98,43
2026-05-21 21:30:46,2026-05-21,4,羽毛球馆-20号,12:00-12:55,1,1,已售/已满,已售,雾,20,22,1,0.0,99,41
2026-05-21 22:01:02,2026-05-21,4,羽毛球馆-20号,12:00-12:55,1,1,已售/已满,已售,雾,19,20,2,0.0,93,41
2026-05-21 22:30:47,2026-05-21,4,羽毛球馆-20号,12:00-12:55,1,1,已售/已满,已售,雾,19,19,3,0.0,88,46
2026-05-21 23:00:56,2026-05-21,4,羽毛球馆-20号,12:00-12:55,1,1,已售/已满,已售,多云,18,17,3,0.0,85,46
2026-05-21 23:30:55,2026-05-21,4,羽毛球馆-20号,12:00-12:55,1,1,已售/已满,已售,多云,18,17,3,0.0,85,48
2026-05-21 00:30:49,2026-05-21,4,羽毛球馆-20号,12:55-13:50,1,1,已售/已满,已售,多云,15,13,3,0.0,100,26
2026-05-21 01:00:55,2026-05-21,4,羽毛球馆-20号,12:55-13:50,1,1,已售/已满,已售,多云,15,12,4,0.0,100,26
2026-05-21 01:30:47,2026-05-21,4,羽毛球馆-20号,12:55-13:50,1,1,已售/已满,已售,多云,15,13,4,0.0,100,28
2026-05-21 02:00:53,2026-05-21,4,羽毛球馆-20号,12:55-13:50,1,1,已售/已满,已售,多云,15,12,4,0.0,100,28
2026-05-21 02:30:49,2026-05-21,4,羽毛球馆-20号,12:55-13:50,1,1,已售/已满,已售,多云,15,14,3,0.0,100,29
2026-05-21 03:00:55,2026-05-21,4,羽毛球馆-20号,12:55-13:50,1,1,已售/已满,已售,多云,15,12,4,0.0,100,29
2026-05-21 03:30:49,2026-05-21,4,羽毛球馆-20号,12:55-13:50,1,1,已售/已满,已售,多云,15,14,3,0.0,100,30
2026-05-21 04:30:45,2026-05-21,4,羽毛球馆-20号,12:55-13:50,1,1,已售/已满,已售,多云,15,12,4,0.0,100,29
2026-05-21 05:00:52,2026-05-21,4,羽毛球馆-20号,12:55-13:50,1,1,已售/已满,已售,多云,15,12,4,0.0,100,29
2026-05-21 05:30:49,2026-05-21,4,羽毛球馆-20号,12:55-13:50,1,1,已售/已满,已售,多云,15,13,3,0.0,100,28
2026-05-21 06:00:50,2026-05-21,4,羽毛球馆-20号,12:55-13:50,1,1,已售/已满,已售,多云,15,13,4,0.0,99,28
2026-05-21 06:30:38,2026-05-21,4,羽毛球馆-20号,12:55-13:50,1,1,已售/已满,已售,多云,15,13,3,0.0,97,28
2026-05-21 07:00:43,2026-05-21,4,羽毛球馆-20号,12:55-13:50,1,1,已售/已满,已售,晴,15,11,5,0.0,93,28
2026-05-21 07:30:39,2026-05-21,4,羽毛球馆-20号,12:55-13:50,1,1,已售/已满,已售,晴,17,13,4,0.0,89,29
2026-05-21 07:50:40,2026-05-21,4,羽毛球馆-20号,12:55-13:50,1,1,已售/已满,已售,晴,17,13,4,0.0,88,29
2026-05-21 07:53:31,2026-05-21,4,羽毛球馆-20号,12:55-13:50,1,1,已售/已满,已售,晴,17,12,5,0.0,86,29
2026-05-21 07:56:31,2026-05-21,4,羽毛球馆-20号,12:55-13:50,1,1,已售/已满,已售,晴,17,12,5,0.0,86,29
2026-05-21 07:59:26,2026-05-21,4,羽毛球馆-20号,12:55-13:50,1,1,已售/已满,已售,晴,17,12,5,0.0,86,29
2026-05-21 08:00:45,2026-05-21,4,羽毛球馆-20号,12:55-13:50,1,1,已售/已满,已售,晴,17,12,5,0.0,86,29
2026-05-21 08:02:30,2026-05-21,4,羽毛球馆-20号,12:55-13:50,1,1,已售/已满,已售,多云,17,12,5,0.0,87,29
2026-05-21 08:05:36,2026-05-21,4,羽毛球馆-20号,12:55-13:50,1,1,已售/已满,已售,多云,17,12,5,0.0,86,29
2026-05-21 08:08:31,2026-05-21,4,羽毛球馆-20号,12:55-13:50,1,1,已售/已满,已售,多云,17,12,5,0.0,86,29
2026-05-21 08:11:30,2026-05-21,4,羽毛球馆-20号,12:55-13:50,1,1,已售/已满,已售,多云,17,12,5,0.0,86,29
2026-05-21 08:14:31,2026-05-21,4,羽毛球馆-20号,12:55-13:50,1,1,已售/已满,已售,多云,17,12,5,0.0,86,29
2026-05-21 08:17:30,2026-05-21,4,羽毛球馆-20号,12:55-13:50,1,1,已售/已满,已售,多云,17,12,5,0.0,86,29
2026-05-21 08:20:35,2026-05-21,4,羽毛球馆-20号,12:55-13:50,1,1,已售/已满,已售,多云,17,14,4,0.0,85,29
2026-05-21 08:25:32,2026-05-21,4,羽毛球馆-20号,12:55-13:50,1,1,已售/已满,已售,多云,17,14,4,0.0,85,28
2026-05-21 08:30:42,2026-05-21,4,羽毛球馆-20号,12:55-13:50,1,1,已售/已满,已售,多云,18,15,4,0.0,84,28
2026-05-21 08:35:31,2026-05-21,4,羽毛球馆-20号,12:55-13:50,1,1,已售/已满,已售,多云,18,15,4,0.0,84,28
2026-05-21 08:40:38,2026-05-21,4,羽毛球馆-20号,12:55-13:50,1,1,已售/已满,已售,多云,18,15,4,0.0,82,28
2026-05-21 08:45:33,2026-05-21,4,羽毛球馆-20号,12:55-13:50,1,1,已售/已满,已售,多云,18,15,4,0.0,82,28
2026-05-21 08:50:36,2026-05-21,4,羽毛球馆-20号,12:55-13:50,1,1,已售/已满,已售,多云,18,15,4,0.0,82,28
2026-05-21 08:55:34,2026-05-21,4,羽毛球馆-20号,12:55-13:50,1,1,已售/已满,已售,多云,18,15,4,0.0,84,28
2026-05-21 09:00:51,2026-05-21,4,羽毛球馆-20号,12:55-13:50,0,1,可预约,￥0.0,多云,18,15,4,0.0,84,28
2026-05-21 09:01:59,2026-05-21,4,羽毛球馆-20号,12:55-13:50,0,1,可预约,￥0.0,多云,18,15,4,0.0,83,28
2026-05-21 09:05:33,2026-05-21,4,羽毛球馆-20号,12:55-13:50,0,1,可预约,￥0.0,多云,18,15,4,0.0,83,28
2026-05-21 09:20:38,2026-05-21,4,羽毛球馆-20号,12:55-13:50,1,1,已售/已满,已售,多云,18,16,3,0.0,81,28
2026-05-21 09:30:46,2026-05-21,4,羽毛球馆-20号,12:55-13:50,1,1,已售/已满,已售,多云,18,16,3,0.0,81,32
2026-05-21 09:40:36,2026-05-21,4,羽毛球馆-20号,12:55-13:50,1,1,已售/已满,已售,多云,19,17,3,0.0,79,32
2026-05-21 09:50:42,2026-05-21,4,羽毛球馆-20号,12:55-13:50,1,1,已售/已满,已售,多云,19,17,4,0.0,81,32
2026-05-21 10:00:46,2026-05-21,4,羽毛球馆-20号,12:55-13:50,1,1,已售/已满,已售,多云,19,17,4,0.0,79,32
2026-05-21 10:10:40,2026-05-21,4,羽毛球馆-20号,12:55-13:50,1,1,已售/已满,已售,多云,19,17,4,0.0,79,32
2026-05-21 10:20:38,2026-05-21,4,羽毛球馆-20号,12:55-13:50,1,1,已售/已满,已售,多云,19,17,4,0.0,79,32
2026-05-21 10:30:41,2026-05-21,4,羽毛球馆-20号,12:55-13:50,1,1,已售/已满,已售,多云,19,18,3,0.0,78,31
2026-05-21 11:00:44,2026-05-21,4,羽毛球馆-20号,12:55-13:50,1,1,已售/已满,已售,多云,21,17,5,0.0,74,31
2026-05-21 11:30:38,2026-05-21,4,羽毛球馆-20号,12:55-13:50,1,1,已售/已满,已售,多云,21,19,3,0.0,72,33
2026-05-21 12:00:46,2026-05-21,4,羽毛球馆-20号,12:55-13:50,1,1,已售/已满,已售,多云,22,19,4,0.0,70,33
2026-05-21 12:30:42,2026-05-21,4,羽毛球馆-20号,12:55-13:50,1,1,已售/已满,已售,多云,22,21,3,0.0,68,35
2026-05-21 13:00:43,2026-05-21,4,羽毛球馆-20号,12:55-13:50,1,1,已售/已满,已售,多云,24,22,4,0.0,66,35
2026-05-21 13:30:43,2026-05-21,4,羽毛球馆-20号,12:55-13:50,1,1,已售/已满,已售,多云,24,22,4,0.0,66,36
2026-05-21 14:00:48,2026-05-21,4,羽毛球馆-20号,12:55-13:50,1,1,已售/已满,已售,多云,25,23,4,0.0,66,36
2026-05-21 14:30:45,2026-05-21,4,羽毛球馆-20号,12:55-13:50,1,1,已售/已满,已售,晴,25,25,3,0.0,65,39
2026-05-21 15:00:45,2026-05-21,4,羽毛球馆-20号,12:55-13:50,1,1,已售/已满,已售,晴,25,22,4,0.0,56,39
2026-05-21 15:30:43,2026-05-21,4,羽毛球馆-20号,12:55-13:50,1,1,已售/已满,已售,晴,25,23,4,0.0,57,40
2026-05-21 16:00:51,2026-05-21,4,羽毛球馆-20号,12:55-13:50,1,1,已售/已满,已售,晴,25,23,4,0.0,57,40
2026-05-21 16:30:48,2026-05-21,4,羽毛球馆-20号,12:55-13:50,1,1,已售/已满,已售,晴,25,24,3,0.0,60,39
2026-05-21 17:00:49,2026-05-21,4,羽毛球馆-20号,12:55-13:50,1,1,已售/已满,已售,晴,25,24,4,0.0,61,39
2026-05-21 17:30:47,2026-05-21,4,羽毛球馆-20号,12:55-13:50,1,1,已售/已满,已售,多云,24,23,3,0.0,64,39
2026-05-21 18:00:50,2026-05-21,4,羽毛球馆-20号,12:55-13:50,1,1,已售/已满,已售,多云,24,23,3,0.0,68,39
2026-05-21 18:30:50,2026-05-21,4,羽毛球馆-20号,12:55-13:50,1,1,已售/已满,已售,阴,24,25,2,0.0,68,40
2026-05-21 19:00:50,2026-05-21,4,羽毛球馆-20号,12:55-13:50,1,1,已售/已满,已售,阴,23,23,3,0.0,76,40
2026-05-21 19:30:46,2026-05-21,4,羽毛球馆-20号,12:55-13:50,1,1,已售/已满,已售,阴,23,24,2,0.0,77,39
2026-05-21 20:00:49,2026-05-21,4,羽毛球馆-20号,12:55-13:50,1,1,已售/已满,已售,雾,22,23,2,0.0,89,39
2026-05-21 20:30:44,2026-05-21,4,羽毛球馆-20号,12:55-13:50,1,1,已售/已满,已售,雾,22,24,2,0.0,93,43
2026-05-21 21:00:56,2026-05-21,4,羽毛球馆-20号,12:55-13:50,1,1,已售/已满,已售,雾,20,21,2,0.0,98,43
2026-05-21 21:30:46,2026-05-21,4,羽毛球馆-20号,12:55-13:50,1,1,已售/已满,已售,雾,20,22,1,0.0,99,41
2026-05-21 22:01:02,2026-05-21,4,羽毛球馆-20号,12:55-13:50,1,1,已售/已满,已售,雾,19,20,2,0.0,93,41
2026-05-21 22:30:47,2026-05-21,4,羽毛球馆-20号,12:55-13:50,1,1,已售/已满,已售,雾,19,19,3,0.0,88,46
2026-05-21 23:00:56,2026-05-21,4,羽毛球馆-20号,12:55-13:50,1,1,已售/已满,已售,多云,18,17,3,0.0,85,46
2026-05-21 23:30:55,2026-05-21,4,羽毛球馆-20号,12:55-13:50,1,1,已售/已满,已售,多云,18,17,3,0.0,85,48
2026-05-21 00:30:49,2026-05-21,4,羽毛球馆-20号,14:00-15:00,0,1,可预约,￥12.0,多云,15,13,3,0.0,100,26
2026-05-21 01:00:55,2026-05-21,4,羽毛球馆-20号,14:00-15:00,0,1,可预约,￥12.0,多云,15,12,4,0.0,100,26
2026-05-21 01:30:47,2026-05-21,4,羽毛球馆-20号,14:00-15:00,0,1,可预约,￥12.0,多云,15,13,4,0.0,100,28
2026-05-21 02:00:53,2026-05-21,4,羽毛球馆-20号,14:00-15:00,0,1,可预约,￥12.0,多云,15,12,4,0.0,100,28
2026-05-21 02:30:49,2026-05-21,4,羽毛球馆-20号,14:00-15:00,0,1,可预约,￥12.0,多云,15,14,3,0.0,100,29
2026-05-21 03:00:55,2026-05-21,4,羽毛球馆-20号,14:00-15:00,0,1,可预约,￥12.0,多云,15,12,4,0.0,100,29
2026-05-21 03:30:49,2026-05-21,4,羽毛球馆-20号,14:00-15:00,0,1,可预约,￥12.0,多云,15,14,3,0.0,100,30
2026-05-21 04:30:45,2026-05-21,4,羽毛球馆-20号,14:00-15:00,0,1,可预约,￥12.0,多云,15,12,4,0.0,100,29
2026-05-21 05:00:52,2026-05-21,4,羽毛球馆-20号,14:00-15:00,0,1,可预约,￥12.0,多云,15,12,4,0.0,100,29
2026-05-21 05:30:49,2026-05-21,4,羽毛球馆-20号,14:00-15:00,0,1,可预约,￥12.0,多云,15,13,3,0.0,100,28
2026-05-21 06:00:50,2026-05-21,4,羽毛球馆-20号,14:00-15:00,0,1,可预约,￥12.0,多云,15,13,4,0.0,99,28
2026-05-21 06:30:38,2026-05-21,4,羽毛球馆-20号,14:00-15:00,0,1,可预约,￥12.0,多云,15,13,3,0.0,97,28
2026-05-21 07:00:43,2026-05-21,4,羽毛球馆-20号,14:00-15:00,0,1,可预约,￥12.0,晴,15,11,5,0.0,93,28
2026-05-21 07:30:39,2026-05-21,4,羽毛球馆-20号,14:00-15:00,0,1,可预约,￥12.0,晴,17,13,4,0.0,89,29
2026-05-21 07:50:40,2026-05-21,4,羽毛球馆-20号,14:00-15:00,0,1,可预约,￥12.0,晴,17,13,4,0.0,88,29
2026-05-21 07:53:31,2026-05-21,4,羽毛球馆-20号,14:00-15:00,0,1,可预约,￥12.0,晴,17,12,5,0.0,86,29
2026-05-21 07:56:31,2026-05-21,4,羽毛球馆-20号,14:00-15:00,0,1,可预约,￥12.0,晴,17,12,5,0.0,86,29
2026-05-21 07:59:26,2026-05-21,4,羽毛球馆-20号,14:00-15:00,0,1,可预约,￥12.0,晴,17,12,5,0.0,86,29
2026-05-21 08:00:45,2026-05-21,4,羽毛球馆-20号,14:00-15:00,0,1,可预约,￥12.0,晴,17,12,5,0.0,86,29
2026-05-21 08:02:30,2026-05-21,4,羽毛球馆-20号,14:00-15:00,0,1,可预约,￥12.0,多云,17,12,5,0.0,87,29
2026-05-21 08:05:36,2026-05-21,4,羽毛球馆-20号,14:00-15:00,0,1,可预约,￥12.0,多云,17,12,5,0.0,86,29
2026-05-21 08:08:31,2026-05-21,4,羽毛球馆-20号,14:00-15:00,0,1,可预约,￥12.0,多云,17,12,5,0.0,86,29
2026-05-21 08:11:30,2026-05-21,4,羽毛球馆-20号,14:00-15:00,0,1,可预约,￥12.0,多云,17,12,5,0.0,86,29
2026-05-21 08:14:31,2026-05-21,4,羽毛球馆-20号,14:00-15:00,0,1,可预约,￥12.0,多云,17,12,5,0.0,86,29
2026-05-21 08:17:30,2026-05-21,4,羽毛球馆-20号,14:00-15:00,0,1,可预约,￥12.0,多云,17,12,5,0.0,86,29
2026-05-21 08:20:35,2026-05-21,4,羽毛球馆-20号,14:00-15:00,0,1,可预约,￥12.0,多云,17,14,4,0.0,85,29
2026-05-21 08:25:32,2026-05-21,4,羽毛球馆-20号,14:00-15:00,0,1,可预约,￥12.0,多云,17,14,4,0.0,85,28
2026-05-21 08:30:42,2026-05-21,4,羽毛球馆-20号,14:00-15:00,0,1,可预约,￥12.0,多云,18,15,4,0.0,84,28
2026-05-21 08:35:31,2026-05-21,4,羽毛球馆-20号,14:00-15:00,0,1,可预约,￥12.0,多云,18,15,4,0.0,84,28
2026-05-21 08:40:38,2026-05-21,4,羽毛球馆-20号,14:00-15:00,0,1,可预约,￥12.0,多云,18,15,4,0.0,82,28
2026-05-21 08:45:33,2026-05-21,4,羽毛球馆-20号,14:00-15:00,0,1,可预约,￥12.0,多云,18,15,4,0.0,82,28
2026-05-21 08:50:36,2026-05-21,4,羽毛球馆-20号,14:00-15:00,0,1,可预约,￥12.0,多云,18,15,4,0.0,82,28
2026-05-21 08:55:34,2026-05-21,4,羽毛球馆-20号,14:00-15:00,0,1,可预约,￥12.0,多云,18,15,4,0.0,84,28
2026-05-21 09:00:51,2026-05-21,4,羽毛球馆-20号,14:00-15:00,0,1,可预约,￥12.0,多云,18,15,4,0.0,84,28
2026-05-21 09:01:59,2026-05-21,4,羽毛球馆-20号,14:00-15:00,0,1,可预约,￥12.0,多云,18,15,4,0.0,83,28
2026-05-21 09:05:33,2026-05-21,4,羽毛球馆-20号,14:00-15:00,0,1,可预约,￥12.0,多云,18,15,4,0.0,83,28
2026-05-21 09:20:38,2026-05-21,4,羽毛球馆-20号,14:00-15:00,0,1,可预约,￥12.0,多云,18,16,3,0.0,81,28
2026-05-21 09:30:46,2026-05-21,4,羽毛球馆-20号,14:00-15:00,0,1,可预约,￥12.0,多云,18,16,3,0.0,81,32
2026-05-21 09:40:36,2026-05-21,4,羽毛球馆-20号,14:00-15:00,0,1,可预约,￥12.0,多云,19,17,3,0.0,79,32
2026-05-21 09:50:42,2026-05-21,4,羽毛球馆-20号,14:00-15:00,0,1,可预约,￥12.0,多云,19,17,4,0.0,81,32
2026-05-21 10:00:46,2026-05-21,4,羽毛球馆-20号,14:00-15:00,0,1,可预约,￥12.0,多云,19,17,4,0.0,79,32
2026-05-21 10:10:40,2026-05-21,4,羽毛球馆-20号,14:00-15:00,0,1,可预约,￥12.0,多云,19,17,4,0.0,79,32
2026-05-21 10:20:38,2026-05-21,4,羽毛球馆-20号,14:00-15:00,0,1,可预约,￥12.0,多云,19,17,4,0.0,79,32
2026-05-21 10:30:41,2026-05-21,4,羽毛球馆-20号,14:00-15:00,0,1,可预约,￥12.0,多云,19,18,3,0.0,78,31
2026-05-21 11:00:44,2026-05-21,4,羽毛球馆-20号,14:00-15:00,0,1,可预约,￥12.0,多云,21,17,5,0.0,74,31
2026-05-21 11:30:38,2026-05-21,4,羽毛球馆-20号,14:00-15:00,0,1,可预约,￥12.0,多云,21,19,3,0.0,72,33
2026-05-21 12:00:46,2026-05-21,4,羽毛球馆-20号,14:00-15:00,0,1,可预约,￥12.0,多云,22,19,4,0.0,70,33
2026-05-21 12:30:42,2026-05-21,4,羽毛球馆-20号,14:00-15:00,0,1,可预约,￥12.0,多云,22,21,3,0.0,68,35
2026-05-21 13:00:43,2026-05-21,4,羽毛球馆-20号,14:00-15:00,0,1,可预约,￥12.0,多云,24,22,4,0.0,66,35
2026-05-21 13:30:43,2026-05-21,4,羽毛球馆-20号,14:00-15:00,0,1,可预约,￥12.0,多云,24,22,4,0.0,66,36
2026-05-21 14:00:48,2026-05-21,4,羽毛球馆-20号,14:00-15:00,0,1,可预约,￥12.0,多云,25,23,4,0.0,66,36
2026-05-21 14:30:45,2026-05-21,4,羽毛球馆-20号,14:00-15:00,0,1,可预约,￥12.0,晴,25,25,3,0.0,65,39
2026-05-21 15:00:45,2026-05-21,4,羽毛球馆-20号,14:00-15:00,0,1,不开放/已过期,,晴,25,22,4,0.0,56,39
2026-05-21 15:30:43,2026-05-21,4,羽毛球馆-20号,14:00-15:00,0,1,不开放/已过期,,晴,25,23,4,0.0,57,40
2026-05-21 16:00:51,2026-05-21,4,羽毛球馆-20号,14:00-15:00,0,1,不开放/已过期,,晴,25,23,4,0.0,57,40
2026-05-21 16:30:48,2026-05-21,4,羽毛球馆-20号,14:00-15:00,0,1,不开放/已过期,,晴,25,24,3,0.0,60,39
2026-05-21 17:00:49,2026-05-21,4,羽毛球馆-20号,14:00-15:00,0,1,不开放/已过期,,晴,25,24,4,0.0,61,39
2026-05-21 17:30:47,2026-05-21,4,羽毛球馆-20号,14:00-15:00,0,1,不开放/已过期,,多云,24,23,3,0.0,64,39
2026-05-21 18:00:50,2026-05-21,4,羽毛球馆-20号,14:00-15:00,0,1,不开放/已过期,,多云,24,23,3,0.0,68,39
2026-05-21 18:30:50,2026-05-21,4,羽毛球馆-20号,14:00-15:00,0,1,不开放/已过期,,阴,24,25,2,0.0,68,40
2026-05-21 19:00:50,2026-05-21,4,羽毛球馆-20号,14:00-15:00,0,1,不开放/已过期,,阴,23,23,3,0.0,76,40
2026-05-21 19:30:46,2026-05-21,4,羽毛球馆-20号,14:00-15:00,0,1,不开放/已过期,,阴,23,24,2,0.0,77,39
2026-05-21 20:00:49,2026-05-21,4,羽毛球馆-20号,14:00-15:00,0,1,不开放/已过期,,雾,22,23,2,0.0,89,39
2026-05-21 20:30:44,2026-05-21,4,羽毛球馆-20号,14:00-15:00,0,1,不开放/已过期,,雾,22,24,2,0.0,93,43
2026-05-21 21:00:56,2026-05-21,4,羽毛球馆-20号,14:00-15:00,0,1,不开放/已过期,,雾,20,21,2,0.0,98,43
2026-05-21 21:30:46,2026-05-21,4,羽毛球馆-20号,14:00-15:00,0,1,不开放/已过期,,雾,20,22,1,0.0,99,41
2026-05-21 22:01:02,2026-05-21,4,羽毛球馆-20号,14:00-15:00,0,1,不开放/已过期,,雾,19,20,2,0.0,93,41
2026-05-21 22:30:47,2026-05-21,4,羽毛球馆-20号,14:00-15:00,0,1,不开放/已过期,,雾,19,19,3,0.0,88,46
2026-05-21 23:00:56,2026-05-21,4,羽毛球馆-20号,14:00-15:00,0,1,不开放/已过期,,多云,18,17,3,0.0,85,46
2026-05-21 23:30:55,2026-05-21,4,羽毛球馆-20号,14:00-15:00,0,1,不开放/已过期,,多云,18,17,3,0.0,85,48
2026-05-21 00:30:49,2026-05-21,4,羽毛球馆-20号,15:00-16:00,1,1,已售/已满,已售,多云,15,13,3,0.0,100,26
2026-05-21 01:00:55,2026-05-21,4,羽毛球馆-20号,15:00-16:00,1,1,已售/已满,已售,多云,15,12,4,0.0,100,26
2026-05-21 01:30:47,2026-05-21,4,羽毛球馆-20号,15:00-16:00,1,1,已售/已满,已售,多云,15,13,4,0.0,100,28
2026-05-21 02:00:53,2026-05-21,4,羽毛球馆-20号,15:00-16:00,1,1,已售/已满,已售,多云,15,12,4,0.0,100,28
2026-05-21 02:30:49,2026-05-21,4,羽毛球馆-20号,15:00-16:00,1,1,已售/已满,已售,多云,15,14,3,0.0,100,29
2026-05-21 03:00:55,2026-05-21,4,羽毛球馆-20号,15:00-16:00,1,1,已售/已满,已售,多云,15,12,4,0.0,100,29
2026-05-21 03:30:49,2026-05-21,4,羽毛球馆-20号,15:00-16:00,1,1,已售/已满,已售,多云,15,14,3,0.0,100,30
2026-05-21 04:30:45,2026-05-21,4,羽毛球馆-20号,15:00-16:00,1,1,已售/已满,已售,多云,15,12,4,0.0,100,29
2026-05-21 05:00:52,2026-05-21,4,羽毛球馆-20号,15:00-16:00,1,1,已售/已满,已售,多云,15,12,4,0.0,100,29
2026-05-21 05:30:49,2026-05-21,4,羽毛球馆-20号,15:00-16:00,1,1,已售/已满,已售,多云,15,13,3,0.0,100,28
2026-05-21 06:00:50,2026-05-21,4,羽毛球馆-20号,15:00-16:00,1,1,已售/已满,已售,多云,15,13,4,0.0,99,28
2026-05-21 06:30:38,2026-05-21,4,羽毛球馆-20号,15:00-16:00,1,1,已售/已满,已售,多云,15,13,3,0.0,97,28
2026-05-21 07:00:43,2026-05-21,4,羽毛球馆-20号,15:00-16:00,1,1,已售/已满,已售,晴,15,11,5,0.0,93,28
2026-05-21 07:30:39,2026-05-21,4,羽毛球馆-20号,15:00-16:00,1,1,已售/已满,已售,晴,17,13,4,0.0,89,29
2026-05-21 07:50:40,2026-05-21,4,羽毛球馆-20号,15:00-16:00,1,1,已售/已满,已售,晴,17,13,4,0.0,88,29
2026-05-21 07:53:31,2026-05-21,4,羽毛球馆-20号,15:00-16:00,1,1,已售/已满,已售,晴,17,12,5,0.0,86,29
2026-05-21 07:56:31,2026-05-21,4,羽毛球馆-20号,15:00-16:00,1,1,已售/已满,已售,晴,17,12,5,0.0,86,29
2026-05-21 07:59:26,2026-05-21,4,羽毛球馆-20号,15:00-16:00,1,1,已售/已满,已售,晴,17,12,5,0.0,86,29
2026-05-21 08:00:45,2026-05-21,4,羽毛球馆-20号,15:00-16:00,1,1,已售/已满,已售,晴,17,12,5,0.0,86,29
2026-05-21 08:02:30,2026-05-21,4,羽毛球馆-20号,15:00-16:00,1,1,已售/已满,已售,多云,17,12,5,0.0,87,29
2026-05-21 08:05:36,2026-05-21,4,羽毛球馆-20号,15:00-16:00,1,1,已售/已满,已售,多云,17,12,5,0.0,86,29
2026-05-21 08:08:31,2026-05-21,4,羽毛球馆-20号,15:00-16:00,1,1,已售/已满,已售,多云,17,12,5,0.0,86,29
2026-05-21 08:11:30,2026-05-21,4,羽毛球馆-20号,15:00-16:00,1,1,已售/已满,已售,多云,17,12,5,0.0,86,29
2026-05-21 08:14:31,2026-05-21,4,羽毛球馆-20号,15:00-16:00,1,1,已售/已满,已售,多云,17,12,5,0.0,86,29
2026-05-21 08:17:30,2026-05-21,4,羽毛球馆-20号,15:00-16:00,1,1,已售/已满,已售,多云,17,12,5,0.0,86,29
2026-05-21 08:20:35,2026-05-21,4,羽毛球馆-20号,15:00-16:00,1,1,已售/已满,已售,多云,17,14,4,0.0,85,29
2026-05-21 08:25:32,2026-05-21,4,羽毛球馆-20号,15:00-16:00,1,1,已售/已满,已售,多云,17,14,4,0.0,85,28
2026-05-21 08:30:42,2026-05-21,4,羽毛球馆-20号,15:00-16:00,1,1,已售/已满,已售,多云,18,15,4,0.0,84,28
2026-05-21 08:35:31,2026-05-21,4,羽毛球馆-20号,15:00-16:00,1,1,已售/已满,已售,多云,18,15,4,0.0,84,28
2026-05-21 08:40:38,2026-05-21,4,羽毛球馆-20号,15:00-16:00,1,1,已售/已满,已售,多云,18,15,4,0.0,82,28
2026-05-21 08:45:33,2026-05-21,4,羽毛球馆-20号,15:00-16:00,1,1,已售/已满,已售,多云,18,15,4,0.0,82,28
2026-05-21 08:50:36,2026-05-21,4,羽毛球馆-20号,15:00-16:00,1,1,已售/已满,已售,多云,18,15,4,0.0,82,28
2026-05-21 08:55:34,2026-05-21,4,羽毛球馆-20号,15:00-16:00,1,1,已售/已满,已售,多云,18,15,4,0.0,84,28
2026-05-21 09:00:51,2026-05-21,4,羽毛球馆-20号,15:00-16:00,1,1,已售/已满,已售,多云,18,15,4,0.0,84,28
2026-05-21 09:01:59,2026-05-21,4,羽毛球馆-20号,15:00-16:00,1,1,已售/已满,已售,多云,18,15,4,0.0,83,28
2026-05-21 09:05:33,2026-05-21,4,羽毛球馆-20号,15:00-16:00,1,1,已售/已满,已售,多云,18,15,4,0.0,83,28
2026-05-21 09:20:38,2026-05-21,4,羽毛球馆-20号,15:00-16:00,1,1,已售/已满,已售,多云,18,16,3,0.0,81,28
2026-05-21 09:30:46,2026-05-21,4,羽毛球馆-20号,15:00-16:00,1,1,已售/已满,已售,多云,18,16,3,0.0,81,32
2026-05-21 09:40:36,2026-05-21,4,羽毛球馆-20号,15:00-16:00,1,1,已售/已满,已售,多云,19,17,3,0.0,79,32
2026-05-21 09:50:42,2026-05-21,4,羽毛球馆-20号,15:00-16:00,1,1,已售/已满,已售,多云,19,17,4,0.0,81,32
2026-05-21 10:00:46,2026-05-21,4,羽毛球馆-20号,15:00-16:00,1,1,已售/已满,已售,多云,19,17,4,0.0,79,32
2026-05-21 10:10:40,2026-05-21,4,羽毛球馆-20号,15:00-16:00,1,1,已售/已满,已售,多云,19,17,4,0.0,79,32
2026-05-21 10:20:38,2026-05-21,4,羽毛球馆-20号,15:00-16:00,1,1,已售/已满,已售,多云,19,17,4,0.0,79,32
2026-05-21 10:30:41,2026-05-21,4,羽毛球馆-20号,15:00-16:00,1,1,已售/已满,已售,多云,19,18,3,0.0,78,31
2026-05-21 11:00:44,2026-05-21,4,羽毛球馆-20号,15:00-16:00,1,1,已售/已满,已售,多云,21,17,5,0.0,74,31
2026-05-21 11:30:38,2026-05-21,4,羽毛球馆-20号,15:00-16:00,1,1,已售/已满,已售,多云,21,19,3,0.0,72,33
2026-05-21 12:00:46,2026-05-21,4,羽毛球馆-20号,15:00-16:00,1,1,已售/已满,已售,多云,22,19,4,0.0,70,33
2026-05-21 12:30:42,2026-05-21,4,羽毛球馆-20号,15:00-16:00,1,1,已售/已满,已售,多云,22,21,3,0.0,68,35
2026-05-21 13:00:43,2026-05-21,4,羽毛球馆-20号,15:00-16:00,1,1,已售/已满,已售,多云,24,22,4,0.0,66,35
2026-05-21 13:30:43,2026-05-21,4,羽毛球馆-20号,15:00-16:00,1,1,已售/已满,已售,多云,24,22,4,0.0,66,36
2026-05-21 14:00:48,2026-05-21,4,羽毛球馆-20号,15:00-16:00,1,1,已售/已满,已售,多云,25,23,4,0.0,66,36
2026-05-21 14:30:45,2026-05-21,4,羽毛球馆-20号,15:00-16:00,1,1,已售/已满,已售,晴,25,25,3,0.0,65,39
2026-05-21 15:00:45,2026-05-21,4,羽毛球馆-20号,15:00-16:00,1,1,已售/已满,已售,晴,25,22,4,0.0,56,39
2026-05-21 15:30:43,2026-05-21,4,羽毛球馆-20号,15:00-16:00,1,1,已售/已满,已售,晴,25,23,4,0.0,57,40
2026-05-21 16:00:51,2026-05-21,4,羽毛球馆-20号,15:00-16:00,1,1,已售/已满,已售,晴,25,23,4,0.0,57,40
2026-05-21 16:30:48,2026-05-21,4,羽毛球馆-20号,15:00-16:00,1,1,已售/已满,已售,晴,25,24,3,0.0,60,39
2026-05-21 17:00:49,2026-05-21,4,羽毛球馆-20号,15:00-16:00,1,1,已售/已满,已售,晴,25,24,4,0.0,61,39
2026-05-21 17:30:47,2026-05-21,4,羽毛球馆-20号,15:00-16:00,1,1,已售/已满,已售,多云,24,23,3,0.0,64,39
2026-05-21 18:00:50,2026-05-21,4,羽毛球馆-20号,15:00-16:00,1,1,已售/已满,已售,多云,24,23,3,0.0,68,39
2026-05-21 18:30:50,2026-05-21,4,羽毛球馆-20号,15:00-16:00,1,1,已售/已满,已售,阴,24,25,2,0.0,68,40
2026-05-21 19:00:50,2026-05-21,4,羽毛球馆-20号,15:00-16:00,1,1,已售/已满,已售,阴,23,23,3,0.0,76,40
2026-05-21 19:30:46,2026-05-21,4,羽毛球馆-20号,15:00-16:00,1,1,已售/已满,已售,阴,23,24,2,0.0,77,39
2026-05-21 20:00:49,2026-05-21,4,羽毛球馆-20号,15:00-16:00,1,1,已售/已满,已售,雾,22,23,2,0.0,89,39
2026-05-21 20:30:44,2026-05-21,4,羽毛球馆-20号,15:00-16:00,1,1,已售/已满,已售,雾,22,24,2,0.0,93,43
2026-05-21 21:00:56,2026-05-21,4,羽毛球馆-20号,15:00-16:00,1,1,已售/已满,已售,雾,20,21,2,0.0,98,43
2026-05-21 21:30:46,2026-05-21,4,羽毛球馆-20号,15:00-16:00,1,1,已售/已满,已售,雾,20,22,1,0.0,99,41
2026-05-21 22:01:02,2026-05-21,4,羽毛球馆-20号,15:00-16:00,1,1,已售/已满,已售,雾,19,20,2,0.0,93,41
2026-05-21 22:30:47,2026-05-21,4,羽毛球馆-20号,15:00-16:00,1,1,已售/已满,已售,雾,19,19,3,0.0,88,46
2026-05-21 23:00:56,2026-05-21,4,羽毛球馆-20号,15:00-16:00,1,1,已售/已满,已售,多云,18,17,3,0.0,85,46
2026-05-21 23:30:55,2026-05-21,4,羽毛球馆-20号,15:00-16:00,1,1,已售/已满,已售,多云,18,17,3,0.0,85,48
2026-05-21 00:30:49,2026-05-21,4,羽毛球馆-20号,16:00-17:00,1,1,已售/已满,已售,多云,15,13,3,0.0,100,26
2026-05-21 01:00:55,2026-05-21,4,羽毛球馆-20号,16:00-17:00,1,1,已售/已满,已售,多云,15,12,4,0.0,100,26
2026-05-21 01:30:47,2026-05-21,4,羽毛球馆-20号,16:00-17:00,1,1,已售/已满,已售,多云,15,13,4,0.0,100,28
2026-05-21 02:00:53,2026-05-21,4,羽毛球馆-20号,16:00-17:00,1,1,已售/已满,已售,多云,15,12,4,0.0,100,28
2026-05-21 02:30:49,2026-05-21,4,羽毛球馆-20号,16:00-17:00,1,1,已售/已满,已售,多云,15,14,3,0.0,100,29
2026-05-21 03:00:55,2026-05-21,4,羽毛球馆-20号,16:00-17:00,1,1,已售/已满,已售,多云,15,12,4,0.0,100,29
2026-05-21 03:30:49,2026-05-21,4,羽毛球馆-20号,16:00-17:00,1,1,已售/已满,已售,多云,15,14,3,0.0,100,30
2026-05-21 04:30:45,2026-05-21,4,羽毛球馆-20号,16:00-17:00,1,1,已售/已满,已售,多云,15,12,4,0.0,100,29
2026-05-21 05:00:52,2026-05-21,4,羽毛球馆-20号,16:00-17:00,1,1,已售/已满,已售,多云,15,12,4,0.0,100,29
2026-05-21 05:30:49,2026-05-21,4,羽毛球馆-20号,16:00-17:00,1,1,已售/已满,已售,多云,15,13,3,0.0,100,28
2026-05-21 06:00:50,2026-05-21,4,羽毛球馆-20号,16:00-17:00,1,1,已售/已满,已售,多云,15,13,4,0.0,99,28
2026-05-21 06:30:38,2026-05-21,4,羽毛球馆-20号,16:00-17:00,1,1,已售/已满,已售,多云,15,13,3,0.0,97,28
2026-05-21 07:00:43,2026-05-21,4,羽毛球馆-20号,16:00-17:00,1,1,已售/已满,已售,晴,15,11,5,0.0,93,28
2026-05-21 07:30:39,2026-05-21,4,羽毛球馆-20号,16:00-17:00,1,1,已售/已满,已售,晴,17,13,4,0.0,89,29
2026-05-21 07:50:40,2026-05-21,4,羽毛球馆-20号,16:00-17:00,1,1,已售/已满,已售,晴,17,13,4,0.0,88,29
2026-05-21 07:53:31,2026-05-21,4,羽毛球馆-20号,16:00-17:00,1,1,已售/已满,已售,晴,17,12,5,0.0,86,29
2026-05-21 07:56:31,2026-05-21,4,羽毛球馆-20号,16:00-17:00,1,1,已售/已满,已售,晴,17,12,5,0.0,86,29
2026-05-21 07:59:26,2026-05-21,4,羽毛球馆-20号,16:00-17:00,1,1,已售/已满,已售,晴,17,12,5,0.0,86,29
2026-05-21 08:00:45,2026-05-21,4,羽毛球馆-20号,16:00-17:00,1,1,已售/已满,已售,晴,17,12,5,0.0,86,29
2026-05-21 08:02:30,2026-05-21,4,羽毛球馆-20号,16:00-17:00,1,1,已售/已满,已售,多云,17,12,5,0.0,87,29
2026-05-21 08:05:36,2026-05-21,4,羽毛球馆-20号,16:00-17:00,1,1,已售/已满,已售,多云,17,12,5,0.0,86,29
2026-05-21 08:08:31,2026-05-21,4,羽毛球馆-20号,16:00-17:00,1,1,已售/已满,已售,多云,17,12,5,0.0,86,29
2026-05-21 08:11:30,2026-05-21,4,羽毛球馆-20号,16:00-17:00,1,1,已售/已满,已售,多云,17,12,5,0.0,86,29
2026-05-21 08:14:31,2026-05-21,4,羽毛球馆-20号,16:00-17:00,1,1,已售/已满,已售,多云,17,12,5,0.0,86,29
2026-05-21 08:17:30,2026-05-21,4,羽毛球馆-20号,16:00-17:00,1,1,已售/已满,已售,多云,17,12,5,0.0,86,29
2026-05-21 08:20:35,2026-05-21,4,羽毛球馆-20号,16:00-17:00,1,1,已售/已满,已售,多云,17,14,4,0.0,85,29
2026-05-21 08:25:32,2026-05-21,4,羽毛球馆-20号,16:00-17:00,1,1,已售/已满,已售,多云,17,14,4,0.0,85,28
2026-05-21 08:30:42,2026-05-21,4,羽毛球馆-20号,16:00-17:00,1,1,已售/已满,已售,多云,18,15,4,0.0,84,28
2026-05-21 08:35:31,2026-05-21,4,羽毛球馆-20号,16:00-17:00,1,1,已售/已满,已售,多云,18,15,4,0.0,84,28
2026-05-21 08:40:38,2026-05-21,4,羽毛球馆-20号,16:00-17:00,1,1,已售/已满,已售,多云,18,15,4,0.0,82,28
2026-05-21 08:45:33,2026-05-21,4,羽毛球馆-20号,16:00-17:00,1,1,已售/已满,已售,多云,18,15,4,0.0,82,28
2026-05-21 08:50:36,2026-05-21,4,羽毛球馆-20号,16:00-17:00,1,1,已售/已满,已售,多云,18,15,4,0.0,82,28
2026-05-21 08:55:34,2026-05-21,4,羽毛球馆-20号,16:00-17:00,1,1,已售/已满,已售,多云,18,15,4,0.0,84,28
2026-05-21 09:00:51,2026-05-21,4,羽毛球馆-20号,16:00-17:00,1,1,已售/已满,已售,多云,18,15,4,0.0,84,28
2026-05-21 09:01:59,2026-05-21,4,羽毛球馆-20号,16:00-17:00,1,1,已售/已满,已售,多云,18,15,4,0.0,83,28
2026-05-21 09:05:33,2026-05-21,4,羽毛球馆-20号,16:00-17:00,1,1,已售/已满,已售,多云,18,15,4,0.0,83,28
2026-05-21 09:20:38,2026-05-21,4,羽毛球馆-20号,16:00-17:00,1,1,已售/已满,已售,多云,18,16,3,0.0,81,28
2026-05-21 09:30:46,2026-05-21,4,羽毛球馆-20号,16:00-17:00,1,1,已售/已满,已售,多云,18,16,3,0.0,81,32
2026-05-21 09:40:36,2026-05-21,4,羽毛球馆-20号,16:00-17:00,1,1,已售/已满,已售,多云,19,17,3,0.0,79,32
2026-05-21 09:50:42,2026-05-21,4,羽毛球馆-20号,16:00-17:00,1,1,已售/已满,已售,多云,19,17,4,0.0,81,32
2026-05-21 10:00:46,2026-05-21,4,羽毛球馆-20号,16:00-17:00,1,1,已售/已满,已售,多云,19,17,4,0.0,79,32
2026-05-21 10:10:40,2026-05-21,4,羽毛球馆-20号,16:00-17:00,1,1,已售/已满,已售,多云,19,17,4,0.0,79,32
2026-05-21 10:20:38,2026-05-21,4,羽毛球馆-20号,16:00-17:00,1,1,已售/已满,已售,多云,19,17,4,0.0,79,32
2026-05-21 10:30:41,2026-05-21,4,羽毛球馆-20号,16:00-17:00,1,1,已售/已满,已售,多云,19,18,3,0.0,78,31
2026-05-21 11:00:44,2026-05-21,4,羽毛球馆-20号,16:00-17:00,1,1,已售/已满,已售,多云,21,17,5,0.0,74,31
2026-05-21 11:30:38,2026-05-21,4,羽毛球馆-20号,16:00-17:00,1,1,已售/已满,已售,多云,21,19,3,0.0,72,33
2026-05-21 12:00:46,2026-05-21,4,羽毛球馆-20号,16:00-17:00,1,1,已售/已满,已售,多云,22,19,4,0.0,70,33
2026-05-21 12:30:42,2026-05-21,4,羽毛球馆-20号,16:00-17:00,1,1,已售/已满,已售,多云,22,21,3,0.0,68,35
2026-05-21 13:00:43,2026-05-21,4,羽毛球馆-20号,16:00-17:00,1,1,已售/已满,已售,多云,24,22,4,0.0,66,35
2026-05-21 13:30:43,2026-05-21,4,羽毛球馆-20号,16:00-17:00,1,1,已售/已满,已售,多云,24,22,4,0.0,66,36
2026-05-21 14:00:48,2026-05-21,4,羽毛球馆-20号,16:00-17:00,1,1,已售/已满,已售,多云,25,23,4,0.0,66,36
2026-05-21 14:30:45,2026-05-21,4,羽毛球馆-20号,16:00-17:00,1,1,已售/已满,已售,晴,25,25,3,0.0,65,39
2026-05-21 15:00:45,2026-05-21,4,羽毛球馆-20号,16:00-17:00,1,1,已售/已满,已售,晴,25,22,4,0.0,56,39
2026-05-21 15:30:43,2026-05-21,4,羽毛球馆-20号,16:00-17:00,1,1,已售/已满,已售,晴,25,23,4,0.0,57,40
2026-05-21 16:00:51,2026-05-21,4,羽毛球馆-20号,16:00-17:00,1,1,已售/已满,已售,晴,25,23,4,0.0,57,40
2026-05-21 16:30:48,2026-05-21,4,羽毛球馆-20号,16:00-17:00,1,1,已售/已满,已售,晴,25,24,3,0.0,60,39
2026-05-21 17:00:49,2026-05-21,4,羽毛球馆-20号,16:00-17:00,1,1,已售/已满,已售,晴,25,24,4,0.0,61,39
2026-05-21 17:30:47,2026-05-21,4,羽毛球馆-20号,16:00-17:00,1,1,已售/已满,已售,多云,24,23,3,0.0,64,39
2026-05-21 18:00:50,2026-05-21,4,羽毛球馆-20号,16:00-17:00,1,1,已售/已满,已售,多云,24,23,3,0.0,68,39
2026-05-21 18:30:50,2026-05-21,4,羽毛球馆-20号,16:00-17:00,1,1,已售/已满,已售,阴,24,25,2,0.0,68,40
2026-05-21 19:00:50,2026-05-21,4,羽毛球馆-20号,16:00-17:00,1,1,已售/已满,已售,阴,23,23,3,0.0,76,40
2026-05-21 19:30:46,2026-05-21,4,羽毛球馆-20号,16:00-17:00,1,1,已售/已满,已售,阴,23,24,2,0.0,77,39
2026-05-21 20:00:49,2026-05-21,4,羽毛球馆-20号,16:00-17:00,1,1,已售/已满,已售,雾,22,23,2,0.0,89,39
2026-05-21 20:30:44,2026-05-21,4,羽毛球馆-20号,16:00-17:00,1,1,已售/已满,已售,雾,22,24,2,0.0,93,43
2026-05-21 21:00:56,2026-05-21,4,羽毛球馆-20号,16:00-17:00,1,1,已售/已满,已售,雾,20,21,2,0.0,98,43
2026-05-21 21:30:46,2026-05-21,4,羽毛球馆-20号,16:00-17:00,1,1,已售/已满,已售,雾,20,22,1,0.0,99,41
2026-05-21 22:01:02,2026-05-21,4,羽毛球馆-20号,16:00-17:00,1,1,已售/已满,已售,雾,19,20,2,0.0,93,41
2026-05-21 22:30:47,2026-05-21,4,羽毛球馆-20号,16:00-17:00,1,1,已售/已满,已售,雾,19,19,3,0.0,88,46
2026-05-21 23:00:56,2026-05-21,4,羽毛球馆-20号,16:00-17:00,1,1,已售/已满,已售,多云,18,17,3,0.0,85,46
2026-05-21 23:30:55,2026-05-21,4,羽毛球馆-20号,16:00-17:00,1,1,已售/已满,已售,多云,18,17,3,0.0,85,48
2026-05-21 00:30:49,2026-05-21,4,羽毛球馆-20号,17:00-18:00,1,1,已售/已满,已售,多云,15,13,3,0.0,100,26
2026-05-21 01:00:55,2026-05-21,4,羽毛球馆-20号,17:00-18:00,1,1,已售/已满,已售,多云,15,12,4,0.0,100,26
2026-05-21 01:30:47,2026-05-21,4,羽毛球馆-20号,17:00-18:00,1,1,已售/已满,已售,多云,15,13,4,0.0,100,28
2026-05-21 02:00:53,2026-05-21,4,羽毛球馆-20号,17:00-18:00,1,1,已售/已满,已售,多云,15,12,4,0.0,100,28
2026-05-21 02:30:49,2026-05-21,4,羽毛球馆-20号,17:00-18:00,1,1,已售/已满,已售,多云,15,14,3,0.0,100,29
2026-05-21 03:00:55,2026-05-21,4,羽毛球馆-20号,17:00-18:00,1,1,已售/已满,已售,多云,15,12,4,0.0,100,29
2026-05-21 03:30:49,2026-05-21,4,羽毛球馆-20号,17:00-18:00,1,1,已售/已满,已售,多云,15,14,3,0.0,100,30
2026-05-21 04:30:45,2026-05-21,4,羽毛球馆-20号,17:00-18:00,1,1,已售/已满,已售,多云,15,12,4,0.0,100,29
2026-05-21 05:00:52,2026-05-21,4,羽毛球馆-20号,17:00-18:00,1,1,已售/已满,已售,多云,15,12,4,0.0,100,29
2026-05-21 05:30:49,2026-05-21,4,羽毛球馆-20号,17:00-18:00,1,1,已售/已满,已售,多云,15,13,3,0.0,100,28
2026-05-21 06:00:50,2026-05-21,4,羽毛球馆-20号,17:00-18:00,1,1,已售/已满,已售,多云,15,13,4,0.0,99,28
2026-05-21 06:30:38,2026-05-21,4,羽毛球馆-20号,17:00-18:00,1,1,已售/已满,已售,多云,15,13,3,0.0,97,28
2026-05-21 07:00:43,2026-05-21,4,羽毛球馆-20号,17:00-18:00,1,1,已售/已满,已售,晴,15,11,5,0.0,93,28
2026-05-21 07:30:39,2026-05-21,4,羽毛球馆-20号,17:00-18:00,1,1,已售/已满,已售,晴,17,13,4,0.0,89,29
2026-05-21 07:50:40,2026-05-21,4,羽毛球馆-20号,17:00-18:00,1,1,已售/已满,已售,晴,17,13,4,0.0,88,29
2026-05-21 07:53:31,2026-05-21,4,羽毛球馆-20号,17:00-18:00,1,1,已售/已满,已售,晴,17,12,5,0.0,86,29
2026-05-21 07:56:31,2026-05-21,4,羽毛球馆-20号,17:00-18:00,1,1,已售/已满,已售,晴,17,12,5,0.0,86,29
2026-05-21 07:59:26,2026-05-21,4,羽毛球馆-20号,17:00-18:00,1,1,已售/已满,已售,晴,17,12,5,0.0,86,29
2026-05-21 08:00:45,2026-05-21,4,羽毛球馆-20号,17:00-18:00,1,1,已售/已满,已售,晴,17,12,5,0.0,86,29
2026-05-21 08:02:30,2026-05-21,4,羽毛球馆-20号,17:00-18:00,1,1,已售/已满,已售,多云,17,12,5,0.0,87,29
2026-05-21 08:05:36,2026-05-21,4,羽毛球馆-20号,17:00-18:00,1,1,已售/已满,已售,多云,17,12,5,0.0,86,29
2026-05-21 08:08:31,2026-05-21,4,羽毛球馆-20号,17:00-18:00,1,1,已售/已满,已售,多云,17,12,5,0.0,86,29
2026-05-21 08:11:30,2026-05-21,4,羽毛球馆-20号,17:00-18:00,1,1,已售/已满,已售,多云,17,12,5,0.0,86,29
2026-05-21 08:14:31,2026-05-21,4,羽毛球馆-20号,17:00-18:00,1,1,已售/已满,已售,多云,17,12,5,0.0,86,29
2026-05-21 08:17:30,2026-05-21,4,羽毛球馆-20号,17:00-18:00,1,1,已售/已满,已售,多云,17,12,5,0.0,86,29
2026-05-21 08:20:35,2026-05-21,4,羽毛球馆-20号,17:00-18:00,1,1,已售/已满,已售,多云,17,14,4,0.0,85,29
2026-05-21 08:25:32,2026-05-21,4,羽毛球馆-20号,17:00-18:00,1,1,已售/已满,已售,多云,17,14,4,0.0,85,28
2026-05-21 08:30:42,2026-05-21,4,羽毛球馆-20号,17:00-18:00,1,1,已售/已满,已售,多云,18,15,4,0.0,84,28
2026-05-21 08:35:31,2026-05-21,4,羽毛球馆-20号,17:00-18:00,1,1,已售/已满,已售,多云,18,15,4,0.0,84,28
2026-05-21 08:40:38,2026-05-21,4,羽毛球馆-20号,17:00-18:00,1,1,已售/已满,已售,多云,18,15,4,0.0,82,28
2026-05-21 08:45:33,2026-05-21,4,羽毛球馆-20号,17:00-18:00,1,1,已售/已满,已售,多云,18,15,4,0.0,82,28
2026-05-21 08:50:36,2026-05-21,4,羽毛球馆-20号,17:00-18:00,1,1,已售/已满,已售,多云,18,15,4,0.0,82,28
2026-05-21 08:55:34,2026-05-21,4,羽毛球馆-20号,17:00-18:00,1,1,已售/已满,已售,多云,18,15,4,0.0,84,28
2026-05-21 09:00:51,2026-05-21,4,羽毛球馆-20号,17:00-18:00,1,1,已售/已满,已售,多云,18,15,4,0.0,84,28
2026-05-21 09:01:59,2026-05-21,4,羽毛球馆-20号,17:00-18:00,1,1,已售/已满,已售,多云,18,15,4,0.0,83,28
2026-05-21 09:05:33,2026-05-21,4,羽毛球馆-20号,17:00-18:00,1,1,已售/已满,已售,多云,18,15,4,0.0,83,28
2026-05-21 09:20:38,2026-05-21,4,羽毛球馆-20号,17:00-18:00,1,1,已售/已满,已售,多云,18,16,3,0.0,81,28
2026-05-21 09:30:46,2026-05-21,4,羽毛球馆-20号,17:00-18:00,1,1,已售/已满,已售,多云,18,16,3,0.0,81,32
2026-05-21 09:40:36,2026-05-21,4,羽毛球馆-20号,17:00-18:00,1,1,已售/已满,已售,多云,19,17,3,0.0,79,32
2026-05-21 09:50:42,2026-05-21,4,羽毛球馆-20号,17:00-18:00,1,1,已售/已满,已售,多云,19,17,4,0.0,81,32
2026-05-21 10:00:46,2026-05-21,4,羽毛球馆-20号,17:00-18:00,1,1,已售/已满,已售,多云,19,17,4,0.0,79,32
2026-05-21 10:10:40,2026-05-21,4,羽毛球馆-20号,17:00-18:00,1,1,已售/已满,已售,多云,19,17,4,0.0,79,32
2026-05-21 10:20:38,2026-05-21,4,羽毛球馆-20号,17:00-18:00,1,1,已售/已满,已售,多云,19,17,4,0.0,79,32
2026-05-21 10:30:41,2026-05-21,4,羽毛球馆-20号,17:00-18:00,1,1,已售/已满,已售,多云,19,18,3,0.0,78,31
2026-05-21 11:00:44,2026-05-21,4,羽毛球馆-20号,17:00-18:00,1,1,已售/已满,已售,多云,21,17,5,0.0,74,31
2026-05-21 11:30:38,2026-05-21,4,羽毛球馆-20号,17:00-18:00,1,1,已售/已满,已售,多云,21,19,3,0.0,72,33
2026-05-21 12:00:46,2026-05-21,4,羽毛球馆-20号,17:00-18:00,1,1,已售/已满,已售,多云,22,19,4,0.0,70,33
2026-05-21 12:30:42,2026-05-21,4,羽毛球馆-20号,17:00-18:00,1,1,已售/已满,已售,多云,22,21,3,0.0,68,35
2026-05-21 13:00:43,2026-05-21,4,羽毛球馆-20号,17:00-18:00,1,1,已售/已满,已售,多云,24,22,4,0.0,66,35
2026-05-21 13:30:43,2026-05-21,4,羽毛球馆-20号,17:00-18:00,1,1,已售/已满,已售,多云,24,22,4,0.0,66,36
2026-05-21 14:00:48,2026-05-21,4,羽毛球馆-20号,17:00-18:00,1,1,已售/已满,已售,多云,25,23,4,0.0,66,36
2026-05-21 14:30:45,2026-05-21,4,羽毛球馆-20号,17:00-18:00,1,1,已售/已满,已售,晴,25,25,3,0.0,65,39
2026-05-21 15:00:45,2026-05-21,4,羽毛球馆-20号,17:00-18:00,1,1,已售/已满,已售,晴,25,22,4,0.0,56,39
2026-05-21 15:30:43,2026-05-21,4,羽毛球馆-20号,17:00-18:00,1,1,已售/已满,已售,晴,25,23,4,0.0,57,40
2026-05-21 16:00:51,2026-05-21,4,羽毛球馆-20号,17:00-18:00,1,1,已售/已满,已售,晴,25,23,4,0.0,57,40
2026-05-21 16:30:48,2026-05-21,4,羽毛球馆-20号,17:00-18:00,1,1,已售/已满,已售,晴,25,24,3,0.0,60,39
2026-05-21 17:00:49,2026-05-21,4,羽毛球馆-20号,17:00-18:00,1,1,已售/已满,已售,晴,25,24,4,0.0,61,39
2026-05-21 17:30:47,2026-05-21,4,羽毛球馆-20号,17:00-18:00,1,1,已售/已满,已售,多云,24,23,3,0.0,64,39
2026-05-21 18:00:50,2026-05-21,4,羽毛球馆-20号,17:00-18:00,1,1,已售/已满,已售,多云,24,23,3,0.0,68,39
2026-05-21 18:30:50,2026-05-21,4,羽毛球馆-20号,17:00-18:00,1,1,已售/已满,已售,阴,24,25,2,0.0,68,40
2026-05-21 19:00:50,2026-05-21,4,羽毛球馆-20号,17:00-18:00,1,1,已售/已满,已售,阴,23,23,3,0.0,76,40
2026-05-21 19:30:46,2026-05-21,4,羽毛球馆-20号,17:00-18:00,1,1,已售/已满,已售,阴,23,24,2,0.0,77,39
2026-05-21 20:00:49,2026-05-21,4,羽毛球馆-20号,17:00-18:00,1,1,已售/已满,已售,雾,22,23,2,0.0,89,39
2026-05-21 20:30:44,2026-05-21,4,羽毛球馆-20号,17:00-18:00,1,1,已售/已满,已售,雾,22,24,2,0.0,93,43
2026-05-21 21:00:56,2026-05-21,4,羽毛球馆-20号,17:00-18:00,1,1,已售/已满,已售,雾,20,21,2,0.0,98,43
2026-05-21 21:30:46,2026-05-21,4,羽毛球馆-20号,17:00-18:00,1,1,已售/已满,已售,雾,20,22,1,0.0,99,41
2026-05-21 22:01:02,2026-05-21,4,羽毛球馆-20号,17:00-18:00,1,1,已售/已满,已售,雾,19,20,2,0.0,93,41
2026-05-21 22:30:47,2026-05-21,4,羽毛球馆-20号,17:00-18:00,1,1,已售/已满,已售,雾,19,19,3,0.0,88,46
2026-05-21 23:00:56,2026-05-21,4,羽毛球馆-20号,17:00-18:00,1,1,已售/已满,已售,多云,18,17,3,0.0,85,46
2026-05-21 23:30:55,2026-05-21,4,羽毛球馆-20号,17:00-18:00,1,1,已售/已满,已售,多云,18,17,3,0.0,85,48
2026-05-21 00:30:49,2026-05-21,4,羽毛球馆-20号,18:30-19:30,1,1,已售/已满,已售,多云,15,13,3,0.0,100,26
2026-05-21 01:00:55,2026-05-21,4,羽毛球馆-20号,18:30-19:30,1,1,已售/已满,已售,多云,15,12,4,0.0,100,26
2026-05-21 01:30:47,2026-05-21,4,羽毛球馆-20号,18:30-19:30,1,1,已售/已满,已售,多云,15,13,4,0.0,100,28
2026-05-21 02:00:53,2026-05-21,4,羽毛球馆-20号,18:30-19:30,1,1,已售/已满,已售,多云,15,12,4,0.0,100,28
2026-05-21 02:30:49,2026-05-21,4,羽毛球馆-20号,18:30-19:30,1,1,已售/已满,已售,多云,15,14,3,0.0,100,29
2026-05-21 03:00:55,2026-05-21,4,羽毛球馆-20号,18:30-19:30,1,1,已售/已满,已售,多云,15,12,4,0.0,100,29
2026-05-21 03:30:49,2026-05-21,4,羽毛球馆-20号,18:30-19:30,1,1,已售/已满,已售,多云,15,14,3,0.0,100,30
2026-05-21 04:30:45,2026-05-21,4,羽毛球馆-20号,18:30-19:30,1,1,已售/已满,已售,多云,15,12,4,0.0,100,29
2026-05-21 05:00:52,2026-05-21,4,羽毛球馆-20号,18:30-19:30,1,1,已售/已满,已售,多云,15,12,4,0.0,100,29
2026-05-21 05:30:49,2026-05-21,4,羽毛球馆-20号,18:30-19:30,1,1,已售/已满,已售,多云,15,13,3,0.0,100,28
2026-05-21 06:00:50,2026-05-21,4,羽毛球馆-20号,18:30-19:30,1,1,已售/已满,已售,多云,15,13,4,0.0,99,28
2026-05-21 06:30:38,2026-05-21,4,羽毛球馆-20号,18:30-19:30,1,1,已售/已满,已售,多云,15,13,3,0.0,97,28
2026-05-21 07:00:43,2026-05-21,4,羽毛球馆-20号,18:30-19:30,1,1,已售/已满,已售,晴,15,11,5,0.0,93,28
2026-05-21 07:30:39,2026-05-21,4,羽毛球馆-20号,18:30-19:30,1,1,已售/已满,已售,晴,17,13,4,0.0,89,29
2026-05-21 07:50:40,2026-05-21,4,羽毛球馆-20号,18:30-19:30,1,1,已售/已满,已售,晴,17,13,4,0.0,88,29
2026-05-21 07:53:31,2026-05-21,4,羽毛球馆-20号,18:30-19:30,1,1,已售/已满,已售,晴,17,12,5,0.0,86,29
2026-05-21 07:56:31,2026-05-21,4,羽毛球馆-20号,18:30-19:30,1,1,已售/已满,已售,晴,17,12,5,0.0,86,29
2026-05-21 07:59:26,2026-05-21,4,羽毛球馆-20号,18:30-19:30,1,1,已售/已满,已售,晴,17,12,5,0.0,86,29
2026-05-21 08:00:45,2026-05-21,4,羽毛球馆-20号,18:30-19:30,1,1,已售/已满,已售,晴,17,12,5,0.0,86,29
2026-05-21 08:02:30,2026-05-21,4,羽毛球馆-20号,18:30-19:30,1,1,已售/已满,已售,多云,17,12,5,0.0,87,29
2026-05-21 08:05:36,2026-05-21,4,羽毛球馆-20号,18:30-19:30,1,1,已售/已满,已售,多云,17,12,5,0.0,86,29
2026-05-21 08:08:31,2026-05-21,4,羽毛球馆-20号,18:30-19:30,1,1,已售/已满,已售,多云,17,12,5,0.0,86,29
2026-05-21 08:11:30,2026-05-21,4,羽毛球馆-20号,18:30-19:30,1,1,已售/已满,已售,多云,17,12,5,0.0,86,29
2026-05-21 08:14:31,2026-05-21,4,羽毛球馆-20号,18:30-19:30,1,1,已售/已满,已售,多云,17,12,5,0.0,86,29
2026-05-21 08:17:30,2026-05-21,4,羽毛球馆-20号,18:30-19:30,1,1,已售/已满,已售,多云,17,12,5,0.0,86,29
2026-05-21 08:20:35,2026-05-21,4,羽毛球馆-20号,18:30-19:30,1,1,已售/已满,已售,多云,17,14,4,0.0,85,29
2026-05-21 08:25:32,2026-05-21,4,羽毛球馆-20号,18:30-19:30,1,1,已售/已满,已售,多云,17,14,4,0.0,85,28
2026-05-21 08:30:42,2026-05-21,4,羽毛球馆-20号,18:30-19:30,1,1,已售/已满,已售,多云,18,15,4,0.0,84,28
2026-05-21 08:35:31,2026-05-21,4,羽毛球馆-20号,18:30-19:30,1,1,已售/已满,已售,多云,18,15,4,0.0,84,28
2026-05-21 08:40:38,2026-05-21,4,羽毛球馆-20号,18:30-19:30,1,1,已售/已满,已售,多云,18,15,4,0.0,82,28
2026-05-21 08:45:33,2026-05-21,4,羽毛球馆-20号,18:30-19:30,1,1,已售/已满,已售,多云,18,15,4,0.0,82,28
2026-05-21 08:50:36,2026-05-21,4,羽毛球馆-20号,18:30-19:30,1,1,已售/已满,已售,多云,18,15,4,0.0,82,28
2026-05-21 08:55:34,2026-05-21,4,羽毛球馆-20号,18:30-19:30,1,1,已售/已满,已售,多云,18,15,4,0.0,84,28
2026-05-21 09:00:51,2026-05-21,4,羽毛球馆-20号,18:30-19:30,1,1,已售/已满,已售,多云,18,15,4,0.0,84,28
2026-05-21 09:01:59,2026-05-21,4,羽毛球馆-20号,18:30-19:30,1,1,已售/已满,已售,多云,18,15,4,0.0,83,28
2026-05-21 09:05:33,2026-05-21,4,羽毛球馆-20号,18:30-19:30,1,1,已售/已满,已售,多云,18,15,4,0.0,83,28
2026-05-21 09:20:38,2026-05-21,4,羽毛球馆-20号,18:30-19:30,1,1,已售/已满,已售,多云,18,16,3,0.0,81,28
2026-05-21 09:30:46,2026-05-21,4,羽毛球馆-20号,18:30-19:30,1,1,已售/已满,已售,多云,18,16,3,0.0,81,32
2026-05-21 09:40:36,2026-05-21,4,羽毛球馆-20号,18:30-19:30,1,1,已售/已满,已售,多云,19,17,3,0.0,79,32
2026-05-21 09:50:42,2026-05-21,4,羽毛球馆-20号,18:30-19:30,1,1,已售/已满,已售,多云,19,17,4,0.0,81,32
2026-05-21 10:00:46,2026-05-21,4,羽毛球馆-20号,18:30-19:30,1,1,已售/已满,已售,多云,19,17,4,0.0,79,32
2026-05-21 10:10:40,2026-05-21,4,羽毛球馆-20号,18:30-19:30,1,1,已售/已满,已售,多云,19,17,4,0.0,79,32
2026-05-21 10:20:38,2026-05-21,4,羽毛球馆-20号,18:30-19:30,1,1,已售/已满,已售,多云,19,17,4,0.0,79,32
2026-05-21 10:30:41,2026-05-21,4,羽毛球馆-20号,18:30-19:30,1,1,已售/已满,已售,多云,19,18,3,0.0,78,31
2026-05-21 11:00:44,2026-05-21,4,羽毛球馆-20号,18:30-19:30,1,1,已售/已满,已售,多云,21,17,5,0.0,74,31
2026-05-21 11:30:38,2026-05-21,4,羽毛球馆-20号,18:30-19:30,1,1,已售/已满,已售,多云,21,19,3,0.0,72,33
2026-05-21 12:00:46,2026-05-21,4,羽毛球馆-20号,18:30-19:30,1,1,已售/已满,已售,多云,22,19,4,0.0,70,33
2026-05-21 12:30:42,2026-05-21,4,羽毛球馆-20号,18:30-19:30,1,1,已售/已满,已售,多云,22,21,3,0.0,68,35
2026-05-21 13:00:43,2026-05-21,4,羽毛球馆-20号,18:30-19:30,1,1,已售/已满,已售,多云,24,22,4,0.0,66,35
2026-05-21 13:30:43,2026-05-21,4,羽毛球馆-20号,18:30-19:30,1,1,已售/已满,已售,多云,24,22,4,0.0,66,36
2026-05-21 14:00:48,2026-05-21,4,羽毛球馆-20号,18:30-19:30,1,1,已售/已满,已售,多云,25,23,4,0.0,66,36
2026-05-21 14:30:45,2026-05-21,4,羽毛球馆-20号,18:30-19:30,1,1,已售/已满,已售,晴,25,25,3,0.0,65,39
2026-05-21 15:00:45,2026-05-21,4,羽毛球馆-20号,18:30-19:30,1,1,已售/已满,已售,晴,25,22,4,0.0,56,39
2026-05-21 15:30:43,2026-05-21,4,羽毛球馆-20号,18:30-19:30,1,1,已售/已满,已售,晴,25,23,4,0.0,57,40
2026-05-21 16:00:51,2026-05-21,4,羽毛球馆-20号,18:30-19:30,1,1,已售/已满,已售,晴,25,23,4,0.0,57,40
2026-05-21 16:30:48,2026-05-21,4,羽毛球馆-20号,18:30-19:30,1,1,已售/已满,已售,晴,25,24,3,0.0,60,39
2026-05-21 17:00:49,2026-05-21,4,羽毛球馆-20号,18:30-19:30,1,1,已售/已满,已售,晴,25,24,4,0.0,61,39
2026-05-21 17:30:47,2026-05-21,4,羽毛球馆-20号,18:30-19:30,1,1,已售/已满,已售,多云,24,23,3,0.0,64,39
2026-05-21 18:00:50,2026-05-21,4,羽毛球馆-20号,18:30-19:30,1,1,已售/已满,已售,多云,24,23,3,0.0,68,39
2026-05-21 18:30:50,2026-05-21,4,羽毛球馆-20号,18:30-19:30,1,1,已售/已满,已售,阴,24,25,2,0.0,68,40
2026-05-21 19:00:50,2026-05-21,4,羽毛球馆-20号,18:30-19:30,1,1,已售/已满,已售,阴,23,23,3,0.0,76,40
2026-05-21 19:30:46,2026-05-21,4,羽毛球馆-20号,18:30-19:30,1,1,已售/已满,已售,阴,23,24,2,0.0,77,39
2026-05-21 20:00:49,2026-05-21,4,羽毛球馆-20号,18:30-19:30,1,1,已售/已满,已售,雾,22,23,2,0.0,89,39
2026-05-21 20:30:44,2026-05-21,4,羽毛球馆-20号,18:30-19:30,1,1,已售/已满,已售,雾,22,24,2,0.0,93,43
2026-05-21 21:00:56,2026-05-21,4,羽毛球馆-20号,18:30-19:30,1,1,已售/已满,已售,雾,20,21,2,0.0,98,43
2026-05-21 21:30:46,2026-05-21,4,羽毛球馆-20号,18:30-19:30,1,1,已售/已满,已售,雾,20,22,1,0.0,99,41
2026-05-21 22:01:02,2026-05-21,4,羽毛球馆-20号,18:30-19:30,1,1,已售/已满,已售,雾,19,20,2,0.0,93,41
2026-05-21 22:30:47,2026-05-21,4,羽毛球馆-20号,18:30-19:30,1,1,已售/已满,已售,雾,19,19,3,0.0,88,46
2026-05-21 23:00:56,2026-05-21,4,羽毛球馆-20号,18:30-19:30,1,1,已售/已满,已售,多云,18,17,3,0.0,85,46
2026-05-21 23:30:55,2026-05-21,4,羽毛球馆-20号,18:30-19:30,1,1,已售/已满,已售,多云,18,17,3,0.0,85,48
2026-05-21 00:30:49,2026-05-21,4,羽毛球馆-20号,19:30-20:30,1,1,已售/已满,已售,多云,15,13,3,0.0,100,26
2026-05-21 01:00:55,2026-05-21,4,羽毛球馆-20号,19:30-20:30,1,1,已售/已满,已售,多云,15,12,4,0.0,100,26
2026-05-21 01:30:47,2026-05-21,4,羽毛球馆-20号,19:30-20:30,1,1,已售/已满,已售,多云,15,13,4,0.0,100,28
2026-05-21 02:00:53,2026-05-21,4,羽毛球馆-20号,19:30-20:30,1,1,已售/已满,已售,多云,15,12,4,0.0,100,28
2026-05-21 02:30:49,2026-05-21,4,羽毛球馆-20号,19:30-20:30,1,1,已售/已满,已售,多云,15,14,3,0.0,100,29
2026-05-21 03:00:55,2026-05-21,4,羽毛球馆-20号,19:30-20:30,1,1,已售/已满,已售,多云,15,12,4,0.0,100,29
2026-05-21 03:30:49,2026-05-21,4,羽毛球馆-20号,19:30-20:30,1,1,已售/已满,已售,多云,15,14,3,0.0,100,30
2026-05-21 04:30:45,2026-05-21,4,羽毛球馆-20号,19:30-20:30,1,1,已售/已满,已售,多云,15,12,4,0.0,100,29
2026-05-21 05:00:52,2026-05-21,4,羽毛球馆-20号,19:30-20:30,1,1,已售/已满,已售,多云,15,12,4,0.0,100,29
2026-05-21 05:30:49,2026-05-21,4,羽毛球馆-20号,19:30-20:30,1,1,已售/已满,已售,多云,15,13,3,0.0,100,28
2026-05-21 06:00:50,2026-05-21,4,羽毛球馆-20号,19:30-20:30,1,1,已售/已满,已售,多云,15,13,4,0.0,99,28
2026-05-21 06:30:38,2026-05-21,4,羽毛球馆-20号,19:30-20:30,1,1,已售/已满,已售,多云,15,13,3,0.0,97,28
2026-05-21 07:00:43,2026-05-21,4,羽毛球馆-20号,19:30-20:30,1,1,已售/已满,已售,晴,15,11,5,0.0,93,28
2026-05-21 07:30:39,2026-05-21,4,羽毛球馆-20号,19:30-20:30,1,1,已售/已满,已售,晴,17,13,4,0.0,89,29
2026-05-21 07:50:40,2026-05-21,4,羽毛球馆-20号,19:30-20:30,1,1,已售/已满,已售,晴,17,13,4,0.0,88,29
2026-05-21 07:53:31,2026-05-21,4,羽毛球馆-20号,19:30-20:30,1,1,已售/已满,已售,晴,17,12,5,0.0,86,29
2026-05-21 07:56:31,2026-05-21,4,羽毛球馆-20号,19:30-20:30,1,1,已售/已满,已售,晴,17,12,5,0.0,86,29
2026-05-21 07:59:26,2026-05-21,4,羽毛球馆-20号,19:30-20:30,1,1,已售/已满,已售,晴,17,12,5,0.0,86,29
2026-05-21 08:00:45,2026-05-21,4,羽毛球馆-20号,19:30-20:30,1,1,已售/已满,已售,晴,17,12,5,0.0,86,29
2026-05-21 08:02:30,2026-05-21,4,羽毛球馆-20号,19:30-20:30,1,1,已售/已满,已售,多云,17,12,5,0.0,87,29
2026-05-21 08:05:36,2026-05-21,4,羽毛球馆-20号,19:30-20:30,1,1,已售/已满,已售,多云,17,12,5,0.0,86,29
2026-05-21 08:08:31,2026-05-21,4,羽毛球馆-20号,19:30-20:30,1,1,已售/已满,已售,多云,17,12,5,0.0,86,29
2026-05-21 08:11:30,2026-05-21,4,羽毛球馆-20号,19:30-20:30,1,1,已售/已满,已售,多云,17,12,5,0.0,86,29
2026-05-21 08:14:31,2026-05-21,4,羽毛球馆-20号,19:30-20:30,1,1,已售/已满,已售,多云,17,12,5,0.0,86,29
2026-05-21 08:17:30,2026-05-21,4,羽毛球馆-20号,19:30-20:30,1,1,已售/已满,已售,多云,17,12,5,0.0,86,29
2026-05-21 08:20:35,2026-05-21,4,羽毛球馆-20号,19:30-20:30,1,1,已售/已满,已售,多云,17,14,4,0.0,85,29
2026-05-21 08:25:32,2026-05-21,4,羽毛球馆-20号,19:30-20:30,1,1,已售/已满,已售,多云,17,14,4,0.0,85,28
2026-05-21 08:30:42,2026-05-21,4,羽毛球馆-20号,19:30-20:30,1,1,已售/已满,已售,多云,18,15,4,0.0,84,28
2026-05-21 08:35:31,2026-05-21,4,羽毛球馆-20号,19:30-20:30,1,1,已售/已满,已售,多云,18,15,4,0.0,84,28
2026-05-21 08:40:38,2026-05-21,4,羽毛球馆-20号,19:30-20:30,1,1,已售/已满,已售,多云,18,15,4,0.0,82,28
2026-05-21 08:45:33,2026-05-21,4,羽毛球馆-20号,19:30-20:30,1,1,已售/已满,已售,多云,18,15,4,0.0,82,28
2026-05-21 08:50:36,2026-05-21,4,羽毛球馆-20号,19:30-20:30,1,1,已售/已满,已售,多云,18,15,4,0.0,82,28
2026-05-21 08:55:34,2026-05-21,4,羽毛球馆-20号,19:30-20:30,1,1,已售/已满,已售,多云,18,15,4,0.0,84,28
2026-05-21 09:00:51,2026-05-21,4,羽毛球馆-20号,19:30-20:30,1,1,已售/已满,已售,多云,18,15,4,0.0,84,28
2026-05-21 09:01:59,2026-05-21,4,羽毛球馆-20号,19:30-20:30,1,1,已售/已满,已售,多云,18,15,4,0.0,83,28
2026-05-21 09:05:33,2026-05-21,4,羽毛球馆-20号,19:30-20:30,1,1,已售/已满,已售,多云,18,15,4,0.0,83,28
2026-05-21 09:20:38,2026-05-21,4,羽毛球馆-20号,19:30-20:30,1,1,已售/已满,已售,多云,18,16,3,0.0,81,28
2026-05-21 09:30:46,2026-05-21,4,羽毛球馆-20号,19:30-20:30,1,1,已售/已满,已售,多云,18,16,3,0.0,81,32
2026-05-21 09:40:36,2026-05-21,4,羽毛球馆-20号,19:30-20:30,1,1,已售/已满,已售,多云,19,17,3,0.0,79,32
2026-05-21 09:50:42,2026-05-21,4,羽毛球馆-20号,19:30-20:30,1,1,已售/已满,已售,多云,19,17,4,0.0,81,32
2026-05-21 10:00:46,2026-05-21,4,羽毛球馆-20号,19:30-20:30,1,1,已售/已满,已售,多云,19,17,4,0.0,79,32
2026-05-21 10:10:40,2026-05-21,4,羽毛球馆-20号,19:30-20:30,1,1,已售/已满,已售,多云,19,17,4,0.0,79,32
2026-05-21 10:20:38,2026-05-21,4,羽毛球馆-20号,19:30-20:30,1,1,已售/已满,已售,多云,19,17,4,0.0,79,32
2026-05-21 10:30:41,2026-05-21,4,羽毛球馆-20号,19:30-20:30,1,1,已售/已满,已售,多云,19,18,3,0.0,78,31
2026-05-21 11:00:44,2026-05-21,4,羽毛球馆-20号,19:30-20:30,1,1,已售/已满,已售,多云,21,17,5,0.0,74,31
2026-05-21 11:30:38,2026-05-21,4,羽毛球馆-20号,19:30-20:30,1,1,已售/已满,已售,多云,21,19,3,0.0,72,33
2026-05-21 12:00:46,2026-05-21,4,羽毛球馆-20号,19:30-20:30,1,1,已售/已满,已售,多云,22,19,4,0.0,70,33
2026-05-21 12:30:42,2026-05-21,4,羽毛球馆-20号,19:30-20:30,1,1,已售/已满,已售,多云,22,21,3,0.0,68,35
2026-05-21 13:00:43,2026-05-21,4,羽毛球馆-20号,19:30-20:30,1,1,已售/已满,已售,多云,24,22,4,0.0,66,35
2026-05-21 13:30:43,2026-05-21,4,羽毛球馆-20号,19:30-20:30,1,1,已售/已满,已售,多云,24,22,4,0.0,66,36
2026-05-21 14:00:48,2026-05-21,4,羽毛球馆-20号,19:30-20:30,1,1,已售/已满,已售,多云,25,23,4,0.0,66,36
2026-05-21 14:30:45,2026-05-21,4,羽毛球馆-20号,19:30-20:30,1,1,已售/已满,已售,晴,25,25,3,0.0,65,39
2026-05-21 15:00:45,2026-05-21,4,羽毛球馆-20号,19:30-20:30,1,1,已售/已满,已售,晴,25,22,4,0.0,56,39
2026-05-21 15:30:43,2026-05-21,4,羽毛球馆-20号,19:30-20:30,1,1,已售/已满,已售,晴,25,23,4,0.0,57,40
2026-05-21 16:00:51,2026-05-21,4,羽毛球馆-20号,19:30-20:30,1,1,已售/已满,已售,晴,25,23,4,0.0,57,40
2026-05-21 16:30:48,2026-05-21,4,羽毛球馆-20号,19:30-20:30,1,1,已售/已满,已售,晴,25,24,3,0.0,60,39
2026-05-21 17:00:49,2026-05-21,4,羽毛球馆-20号,19:30-20:30,1,1,已售/已满,已售,晴,25,24,4,0.0,61,39
2026-05-21 17:30:47,2026-05-21,4,羽毛球馆-20号,19:30-20:30,1,1,已售/已满,已售,多云,24,23,3,0.0,64,39
2026-05-21 18:00:50,2026-05-21,4,羽毛球馆-20号,19:30-20:30,1,1,已售/已满,已售,多云,24,23,3,0.0,68,39
2026-05-21 18:30:50,2026-05-21,4,羽毛球馆-20号,19:30-20:30,1,1,已售/已满,已售,阴,24,25,2,0.0,68,40
2026-05-21 19:00:50,2026-05-21,4,羽毛球馆-20号,19:30-20:30,1,1,已售/已满,已售,阴,23,23,3,0.0,76,40
2026-05-21 19:30:46,2026-05-21,4,羽毛球馆-20号,19:30-20:30,1,1,已售/已满,已售,阴,23,24,2,0.0,77,39
2026-05-21 20:00:49,2026-05-21,4,羽毛球馆-20号,19:30-20:30,1,1,已售/已满,已售,雾,22,23,2,0.0,89,39
2026-05-21 20:30:44,2026-05-21,4,羽毛球馆-20号,19:30-20:30,1,1,已售/已满,已售,雾,22,24,2,0.0,93,43
2026-05-21 21:00:56,2026-05-21,4,羽毛球馆-20号,19:30-20:30,1,1,已售/已满,已售,雾,20,21,2,0.0,98,43
2026-05-21 21:30:46,2026-05-21,4,羽毛球馆-20号,19:30-20:30,1,1,已售/已满,已售,雾,20,22,1,0.0,99,41
2026-05-21 22:01:02,2026-05-21,4,羽毛球馆-20号,19:30-20:30,1,1,已售/已满,已售,雾,19,20,2,0.0,93,41
2026-05-21 22:30:47,2026-05-21,4,羽毛球馆-20号,19:30-20:30,1,1,已售/已满,已售,雾,19,19,3,0.0,88,46
2026-05-21 23:00:56,2026-05-21,4,羽毛球馆-20号,19:30-20:30,1,1,已售/已满,已售,多云,18,17,3,0.0,85,46
2026-05-21 23:30:55,2026-05-21,4,羽毛球馆-20号,19:30-20:30,1,1,已售/已满,已售,多云,18,17,3,0.0,85,48
2026-05-21 00:30:49,2026-05-21,4,羽毛球馆-20号,20:30-21:30,1,1,已售/已满,已售,多云,15,13,3,0.0,100,26
2026-05-21 01:00:55,2026-05-21,4,羽毛球馆-20号,20:30-21:30,1,1,已售/已满,已售,多云,15,12,4,0.0,100,26
2026-05-21 01:30:47,2026-05-21,4,羽毛球馆-20号,20:30-21:30,1,1,已售/已满,已售,多云,15,13,4,0.0,100,28
2026-05-21 02:00:53,2026-05-21,4,羽毛球馆-20号,20:30-21:30,1,1,已售/已满,已售,多云,15,12,4,0.0,100,28
2026-05-21 02:30:49,2026-05-21,4,羽毛球馆-20号,20:30-21:30,1,1,已售/已满,已售,多云,15,14,3,0.0,100,29
2026-05-21 03:00:55,2026-05-21,4,羽毛球馆-20号,20:30-21:30,1,1,已售/已满,已售,多云,15,12,4,0.0,100,29
2026-05-21 03:30:49,2026-05-21,4,羽毛球馆-20号,20:30-21:30,1,1,已售/已满,已售,多云,15,14,3,0.0,100,30
2026-05-21 04:30:45,2026-05-21,4,羽毛球馆-20号,20:30-21:30,1,1,已售/已满,已售,多云,15,12,4,0.0,100,29
2026-05-21 05:00:52,2026-05-21,4,羽毛球馆-20号,20:30-21:30,1,1,已售/已满,已售,多云,15,12,4,0.0,100,29
2026-05-21 05:30:49,2026-05-21,4,羽毛球馆-20号,20:30-21:30,1,1,已售/已满,已售,多云,15,13,3,0.0,100,28
2026-05-21 06:00:50,2026-05-21,4,羽毛球馆-20号,20:30-21:30,1,1,已售/已满,已售,多云,15,13,4,0.0,99,28
2026-05-21 06:30:38,2026-05-21,4,羽毛球馆-20号,20:30-21:30,1,1,已售/已满,已售,多云,15,13,3,0.0,97,28
2026-05-21 07:00:43,2026-05-21,4,羽毛球馆-20号,20:30-21:30,1,1,已售/已满,已售,晴,15,11,5,0.0,93,28
2026-05-21 07:30:39,2026-05-21,4,羽毛球馆-20号,20:30-21:30,1,1,已售/已满,已售,晴,17,13,4,0.0,89,29
2026-05-21 07:50:40,2026-05-21,4,羽毛球馆-20号,20:30-21:30,1,1,已售/已满,已售,晴,17,13,4,0.0,88,29
2026-05-21 07:53:31,2026-05-21,4,羽毛球馆-20号,20:30-21:30,1,1,已售/已满,已售,晴,17,12,5,0.0,86,29
2026-05-21 07:56:31,2026-05-21,4,羽毛球馆-20号,20:30-21:30,1,1,已售/已满,已售,晴,17,12,5,0.0,86,29
2026-05-21 07:59:26,2026-05-21,4,羽毛球馆-20号,20:30-21:30,1,1,已售/已满,已售,晴,17,12,5,0.0,86,29
2026-05-21 08:00:45,2026-05-21,4,羽毛球馆-20号,20:30-21:30,1,1,已售/已满,已售,晴,17,12,5,0.0,86,29
2026-05-21 08:02:30,2026-05-21,4,羽毛球馆-20号,20:30-21:30,1,1,已售/已满,已售,多云,17,12,5,0.0,87,29
2026-05-21 08:05:36,2026-05-21,4,羽毛球馆-20号,20:30-21:30,1,1,已售/已满,已售,多云,17,12,5,0.0,86,29
2026-05-21 08:08:31,2026-05-21,4,羽毛球馆-20号,20:30-21:30,1,1,已售/已满,已售,多云,17,12,5,0.0,86,29
2026-05-21 08:11:30,2026-05-21,4,羽毛球馆-20号,20:30-21:30,1,1,已售/已满,已售,多云,17,12,5,0.0,86,29
2026-05-21 08:14:31,2026-05-21,4,羽毛球馆-20号,20:30-21:30,1,1,已售/已满,已售,多云,17,12,5,0.0,86,29
2026-05-21 08:17:30,2026-05-21,4,羽毛球馆-20号,20:30-21:30,1,1,已售/已满,已售,多云,17,12,5,0.0,86,29
2026-05-21 08:20:35,2026-05-21,4,羽毛球馆-20号,20:30-21:30,1,1,已售/已满,已售,多云,17,14,4,0.0,85,29
2026-05-21 08:25:32,2026-05-21,4,羽毛球馆-20号,20:30-21:30,1,1,已售/已满,已售,多云,17,14,4,0.0,85,28
2026-05-21 08:30:42,2026-05-21,4,羽毛球馆-20号,20:30-21:30,1,1,已售/已满,已售,多云,18,15,4,0.0,84,28
2026-05-21 08:35:31,2026-05-21,4,羽毛球馆-20号,20:30-21:30,1,1,已售/已满,已售,多云,18,15,4,0.0,84,28
2026-05-21 08:40:38,2026-05-21,4,羽毛球馆-20号,20:30-21:30,1,1,已售/已满,已售,多云,18,15,4,0.0,82,28
2026-05-21 08:45:33,2026-05-21,4,羽毛球馆-20号,20:30-21:30,1,1,已售/已满,已售,多云,18,15,4,0.0,82,28
2026-05-21 08:50:36,2026-05-21,4,羽毛球馆-20号,20:30-21:30,1,1,已售/已满,已售,多云,18,15,4,0.0,82,28
2026-05-21 08:55:34,2026-05-21,4,羽毛球馆-20号,20:30-21:30,1,1,已售/已满,已售,多云,18,15,4,0.0,84,28
2026-05-21 09:00:51,2026-05-21,4,羽毛球馆-20号,20:30-21:30,1,1,已售/已满,已售,多云,18,15,4,0.0,84,28
2026-05-21 09:01:59,2026-05-21,4,羽毛球馆-20号,20:30-21:30,1,1,已售/已满,已售,多云,18,15,4,0.0,83,28
2026-05-21 09:05:33,2026-05-21,4,羽毛球馆-20号,20:30-21:30,1,1,已售/已满,已售,多云,18,15,4,0.0,83,28
2026-05-21 09:20:38,2026-05-21,4,羽毛球馆-20号,20:30-21:30,1,1,已售/已满,已售,多云,18,16,3,0.0,81,28
2026-05-21 09:30:46,2026-05-21,4,羽毛球馆-20号,20:30-21:30,1,1,已售/已满,已售,多云,18,16,3,0.0,81,32
2026-05-21 09:40:36,2026-05-21,4,羽毛球馆-20号,20:30-21:30,1,1,已售/已满,已售,多云,19,17,3,0.0,79,32
2026-05-21 09:50:42,2026-05-21,4,羽毛球馆-20号,20:30-21:30,1,1,已售/已满,已售,多云,19,17,4,0.0,81,32
2026-05-21 10:00:46,2026-05-21,4,羽毛球馆-20号,20:30-21:30,1,1,已售/已满,已售,多云,19,17,4,0.0,79,32
2026-05-21 10:10:40,2026-05-21,4,羽毛球馆-20号,20:30-21:30,1,1,已售/已满,已售,多云,19,17,4,0.0,79,32
2026-05-21 10:20:38,2026-05-21,4,羽毛球馆-20号,20:30-21:30,1,1,已售/已满,已售,多云,19,17,4,0.0,79,32
2026-05-21 10:30:41,2026-05-21,4,羽毛球馆-20号,20:30-21:30,1,1,已售/已满,已售,多云,19,18,3,0.0,78,31
2026-05-21 11:00:44,2026-05-21,4,羽毛球馆-20号,20:30-21:30,1,1,已售/已满,已售,多云,21,17,5,0.0,74,31
2026-05-21 11:30:38,2026-05-21,4,羽毛球馆-20号,20:30-21:30,1,1,已售/已满,已售,多云,21,19,3,0.0,72,33
2026-05-21 12:00:46,2026-05-21,4,羽毛球馆-20号,20:30-21:30,1,1,已售/已满,已售,多云,22,19,4,0.0,70,33
2026-05-21 12:30:42,2026-05-21,4,羽毛球馆-20号,20:30-21:30,1,1,已售/已满,已售,多云,22,21,3,0.0,68,35
2026-05-21 13:00:43,2026-05-21,4,羽毛球馆-20号,20:30-21:30,1,1,已售/已满,已售,多云,24,22,4,0.0,66,35
2026-05-21 13:30:43,2026-05-21,4,羽毛球馆-20号,20:30-21:30,1,1,已售/已满,已售,多云,24,22,4,0.0,66,36
2026-05-21 14:00:48,2026-05-21,4,羽毛球馆-20号,20:30-21:30,1,1,已售/已满,已售,多云,25,23,4,0.0,66,36
2026-05-21 14:30:45,2026-05-21,4,羽毛球馆-20号,20:30-21:30,1,1,已售/已满,已售,晴,25,25,3,0.0,65,39
2026-05-21 15:00:45,2026-05-21,4,羽毛球馆-20号,20:30-21:30,1,1,已售/已满,已售,晴,25,22,4,0.0,56,39
2026-05-21 15:30:43,2026-05-21,4,羽毛球馆-20号,20:30-21:30,1,1,已售/已满,已售,晴,25,23,4,0.0,57,40
2026-05-21 16:00:51,2026-05-21,4,羽毛球馆-20号,20:30-21:30,1,1,已售/已满,已售,晴,25,23,4,0.0,57,40
2026-05-21 16:30:48,2026-05-21,4,羽毛球馆-20号,20:30-21:30,1,1,已售/已满,已售,晴,25,24,3,0.0,60,39
2026-05-21 17:00:49,2026-05-21,4,羽毛球馆-20号,20:30-21:30,1,1,已售/已满,已售,晴,25,24,4,0.0,61,39
2026-05-21 17:30:47,2026-05-21,4,羽毛球馆-20号,20:30-21:30,1,1,已售/已满,已售,多云,24,23,3,0.0,64,39
2026-05-21 18:00:50,2026-05-21,4,羽毛球馆-20号,20:30-21:30,1,1,已售/已满,已售,多云,24,23,3,0.0,68,39
2026-05-21 18:30:50,2026-05-21,4,羽毛球馆-20号,20:30-21:30,1,1,已售/已满,已售,阴,24,25,2,0.0,68,40
2026-05-21 19:00:50,2026-05-21,4,羽毛球馆-20号,20:30-21:30,1,1,已售/已满,已售,阴,23,23,3,0.0,76,40
2026-05-21 19:30:46,2026-05-21,4,羽毛球馆-20号,20:30-21:30,1,1,已售/已满,已售,阴,23,24,2,0.0,77,39
2026-05-21 20:00:49,2026-05-21,4,羽毛球馆-20号,20:30-21:30,1,1,已售/已满,已售,雾,22,23,2,0.0,89,39
2026-05-21 20:30:44,2026-05-21,4,羽毛球馆-20号,20:30-21:30,1,1,已售/已满,已售,雾,22,24,2,0.0,93,43
2026-05-21 21:00:56,2026-05-21,4,羽毛球馆-20号,20:30-21:30,1,1,已售/已满,已售,雾,20,21,2,0.0,98,43
2026-05-21 21:30:46,2026-05-21,4,羽毛球馆-20号,20:30-21:30,1,1,已售/已满,已售,雾,20,22,1,0.0,99,41
2026-05-21 22:01:02,2026-05-21,4,羽毛球馆-20号,20:30-21:30,1,1,已售/已满,已售,雾,19,20,2,0.0,93,41
2026-05-21 22:30:47,2026-05-21,4,羽毛球馆-20号,20:30-21:30,1,1,已售/已满,已售,雾,19,19,3,0.0,88,46
2026-05-21 23:00:56,2026-05-21,4,羽毛球馆-20号,20:30-21:30,1,1,已售/已满,已售,多云,18,17,3,0.0,85,46
2026-05-21 23:30:55,2026-05-21,4,羽毛球馆-20号,20:30-21:30,1,1,已售/已满,已售,多云,18,17,3,0.0,85,48
2026-05-21 00:30:49,2026-05-21,4,羽毛球馆-2号,07:00-08:00,0,1,可预约,￥0.0,多云,15,13,3,0.0,100,26
2026-05-21 01:00:55,2026-05-21,4,羽毛球馆-2号,07:00-08:00,0,1,可预约,￥0.0,多云,15,12,4,0.0,100,26
2026-05-21 01:30:47,2026-05-21,4,羽毛球馆-2号,07:00-08:00,0,1,可预约,￥0.0,多云,15,13,4,0.0,100,28
2026-05-21 02:00:53,2026-05-21,4,羽毛球馆-2号,07:00-08:00,0,1,可预约,￥0.0,多云,15,12,4,0.0,100,28
2026-05-21 02:30:49,2026-05-21,4,羽毛球馆-2号,07:00-08:00,0,1,可预约,￥0.0,多云,15,14,3,0.0,100,29
2026-05-21 03:00:55,2026-05-21,4,羽毛球馆-2号,07:00-08:00,0,1,可预约,￥0.0,多云,15,12,4,0.0,100,29
2026-05-21 03:30:49,2026-05-21,4,羽毛球馆-2号,07:00-08:00,0,1,可预约,￥0.0,多云,15,14,3,0.0,100,30
2026-05-21 04:30:45,2026-05-21,4,羽毛球馆-2号,07:00-08:00,0,1,可预约,￥0.0,多云,15,12,4,0.0,100,29
2026-05-21 05:00:52,2026-05-21,4,羽毛球馆-2号,07:00-08:00,0,1,可预约,￥0.0,多云,15,12,4,0.0,100,29
2026-05-21 05:30:49,2026-05-21,4,羽毛球馆-2号,07:00-08:00,0,1,可预约,￥0.0,多云,15,13,3,0.0,100,28
2026-05-21 06:00:50,2026-05-21,4,羽毛球馆-2号,07:00-08:00,0,1,可预约,￥0.0,多云,15,13,4,0.0,99,28
2026-05-21 06:30:38,2026-05-21,4,羽毛球馆-2号,07:00-08:00,0,1,可预约,￥0.0,多云,15,13,3,0.0,97,28
2026-05-21 07:00:43,2026-05-21,4,羽毛球馆-2号,07:00-08:00,0,1,可预约,￥0.0,晴,15,11,5,0.0,93,28
2026-05-21 07:30:39,2026-05-21,4,羽毛球馆-2号,07:00-08:00,0,1,可预约,￥0.0,晴,17,13,4,0.0,89,29
2026-05-21 07:50:40,2026-05-21,4,羽毛球馆-2号,07:00-08:00,0,1,可预约,￥0.0,晴,17,13,4,0.0,88,29
2026-05-21 07:53:31,2026-05-21,4,羽毛球馆-2号,07:00-08:00,0,1,可预约,￥0.0,晴,17,12,5,0.0,86,29
2026-05-21 07:56:31,2026-05-21,4,羽毛球馆-2号,07:00-08:00,0,1,可预约,￥0.0,晴,17,12,5,0.0,86,29
2026-05-21 07:59:26,2026-05-21,4,羽毛球馆-2号,07:00-08:00,0,1,可预约,￥0.0,晴,17,12,5,0.0,86,29
2026-05-21 08:00:45,2026-05-21,4,羽毛球馆-2号,07:00-08:00,0,1,不开放/已过期,,晴,17,12,5,0.0,86,29
2026-05-21 08:02:30,2026-05-21,4,羽毛球馆-2号,07:00-08:00,0,1,不开放/已过期,,多云,17,12,5,0.0,87,29
2026-05-21 08:05:36,2026-05-21,4,羽毛球馆-2号,07:00-08:00,0,1,不开放/已过期,,多云,17,12,5,0.0,86,29
2026-05-21 08:08:31,2026-05-21,4,羽毛球馆-2号,07:00-08:00,0,1,不开放/已过期,,多云,17,12,5,0.0,86,29
2026-05-21 08:11:30,2026-05-21,4,羽毛球馆-2号,07:00-08:00,0,1,不开放/已过期,,多云,17,12,5,0.0,86,29
2026-05-21 08:14:31,2026-05-21,4,羽毛球馆-2号,07:00-08:00,0,1,不开放/已过期,,多云,17,12,5,0.0,86,29
2026-05-21 08:17:30,2026-05-21,4,羽毛球馆-2号,07:00-08:00,0,1,不开放/已过期,,多云,17,12,5,0.0,86,29
2026-05-21 08:20:35,2026-05-21,4,羽毛球馆-2号,07:00-08:00,0,1,不开放/已过期,,多云,17,14,4,0.0,85,29
2026-05-21 08:25:32,2026-05-21,4,羽毛球馆-2号,07:00-08:00,0,1,不开放/已过期,,多云,17,14,4,0.0,85,28
2026-05-21 08:30:42,2026-05-21,4,羽毛球馆-2号,07:00-08:00,0,1,不开放/已过期,,多云,18,15,4,0.0,84,28
2026-05-21 08:35:31,2026-05-21,4,羽毛球馆-2号,07:00-08:00,0,1,不开放/已过期,,多云,18,15,4,0.0,84,28
2026-05-21 08:40:38,2026-05-21,4,羽毛球馆-2号,07:00-08:00,0,1,不开放/已过期,,多云,18,15,4,0.0,82,28
2026-05-21 08:45:33,2026-05-21,4,羽毛球馆-2号,07:00-08:00,0,1,不开放/已过期,,多云,18,15,4,0.0,82,28
2026-05-21 08:50:36,2026-05-21,4,羽毛球馆-2号,07:00-08:00,0,1,不开放/已过期,,多云,18,15,4,0.0,82,28
2026-05-21 08:55:34,2026-05-21,4,羽毛球馆-2号,07:00-08:00,0,1,不开放/已过期,,多云,18,15,4,0.0,84,28
2026-05-21 09:00:51,2026-05-21,4,羽毛球馆-2号,07:00-08:00,0,1,不开放/已过期,,多云,18,15,4,0.0,84,28
2026-05-21 09:01:59,2026-05-21,4,羽毛球馆-2号,07:00-08:00,0,1,不开放/已过期,,多云,18,15,4,0.0,83,28
2026-05-21 09:05:33,2026-05-21,4,羽毛球馆-2号,07:00-08:00,0,1,不开放/已过期,,多云,18,15,4,0.0,83,28
2026-05-21 09:20:38,2026-05-21,4,羽毛球馆-2号,07:00-08:00,0,1,不开放/已过期,,多云,18,16,3,0.0,81,28
2026-05-21 09:30:46,2026-05-21,4,羽毛球馆-2号,07:00-08:00,0,1,不开放/已过期,,多云,18,16,3,0.0,81,32
2026-05-21 09:40:36,2026-05-21,4,羽毛球馆-2号,07:00-08:00,0,1,不开放/已过期,,多云,19,17,3,0.0,79,32
2026-05-21 09:50:42,2026-05-21,4,羽毛球馆-2号,07:00-08:00,0,1,不开放/已过期,,多云,19,17,4,0.0,81,32
2026-05-21 10:00:46,2026-05-21,4,羽毛球馆-2号,07:00-08:00,0,1,不开放/已过期,,多云,19,17,4,0.0,79,32
2026-05-21 10:10:40,2026-05-21,4,羽毛球馆-2号,07:00-08:00,0,1,不开放/已过期,,多云,19,17,4,0.0,79,32
2026-05-21 10:20:38,2026-05-21,4,羽毛球馆-2号,07:00-08:00,0,1,不开放/已过期,,多云,19,17,4,0.0,79,32
2026-05-21 10:30:41,2026-05-21,4,羽毛球馆-2号,07:00-08:00,0,1,不开放/已过期,,多云,19,18,3,0.0,78,31
2026-05-21 11:00:44,2026-05-21,4,羽毛球馆-2号,07:00-08:00,0,1,不开放/已过期,,多云,21,17,5,0.0,74,31
2026-05-21 11:30:38,2026-05-21,4,羽毛球馆-2号,07:00-08:00,0,1,不开放/已过期,,多云,21,19,3,0.0,72,33
2026-05-21 12:00:46,2026-05-21,4,羽毛球馆-2号,07:00-08:00,0,1,不开放/已过期,,多云,22,19,4,0.0,70,33
2026-05-21 12:30:42,2026-05-21,4,羽毛球馆-2号,07:00-08:00,0,1,不开放/已过期,,多云,22,21,3,0.0,68,35
2026-05-21 13:00:43,2026-05-21,4,羽毛球馆-2号,07:00-08:00,0,1,不开放/已过期,,多云,24,22,4,0.0,66,35
2026-05-21 13:30:43,2026-05-21,4,羽毛球馆-2号,07:00-08:00,0,1,不开放/已过期,,多云,24,22,4,0.0,66,36
2026-05-21 14:00:48,2026-05-21,4,羽毛球馆-2号,07:00-08:00,0,1,不开放/已过期,,多云,25,23,4,0.0,66,36
2026-05-21 14:30:45,2026-05-21,4,羽毛球馆-2号,07:00-08:00,0,1,不开放/已过期,,晴,25,25,3,0.0,65,39
2026-05-21 15:00:45,2026-05-21,4,羽毛球馆-2号,07:00-08:00,0,1,不开放/已过期,,晴,25,22,4,0.0,56,39
2026-05-21 15:30:43,2026-05-21,4,羽毛球馆-2号,07:00-08:00,0,1,不开放/已过期,,晴,25,23,4,0.0,57,40
2026-05-21 16:00:51,2026-05-21,4,羽毛球馆-2号,07:00-08:00,0,1,不开放/已过期,,晴,25,23,4,0.0,57,40
2026-05-21 16:30:48,2026-05-21,4,羽毛球馆-2号,07:00-08:00,0,1,不开放/已过期,,晴,25,24,3,0.0,60,39
2026-05-21 17:00:49,2026-05-21,4,羽毛球馆-2号,07:00-08:00,0,1,不开放/已过期,,晴,25,24,4,0.0,61,39
2026-05-21 17:30:47,2026-05-21,4,羽毛球馆-2号,07:00-08:00,0,1,不开放/已过期,,多云,24,23,3,0.0,64,39
2026-05-21 18:00:50,2026-05-21,4,羽毛球馆-2号,07:00-08:00,0,1,不开放/已过期,,多云,24,23,3,0.0,68,39
2026-05-21 18:30:50,2026-05-21,4,羽毛球馆-2号,07:00-08:00,0,1,不开放/已过期,,阴,24,25,2,0.0,68,40
2026-05-21 19:00:50,2026-05-21,4,羽毛球馆-2号,07:00-08:00,0,1,不开放/已过期,,阴,23,23,3,0.0,76,40
2026-05-21 19:30:46,2026-05-21,4,羽毛球馆-2号,07:00-08:00,0,1,不开放/已过期,,阴,23,24,2,0.0,77,39
2026-05-21 20:00:49,2026-05-21,4,羽毛球馆-2号,07:00-08:00,0,1,不开放/已过期,,雾,22,23,2,0.0,89,39
2026-05-21 20:30:44,2026-05-21,4,羽毛球馆-2号,07:00-08:00,0,1,不开放/已过期,,雾,22,24,2,0.0,93,43
2026-05-21 21:00:56,2026-05-21,4,羽毛球馆-2号,07:00-08:00,0,1,不开放/已过期,,雾,20,21,2,0.0,98,43
2026-05-21 21:30:46,2026-05-21,4,羽毛球馆-2号,07:00-08:00,0,1,不开放/已过期,,雾,20,22,1,0.0,99,41
2026-05-21 22:01:02,2026-05-21,4,羽毛球馆-2号,07:00-08:00,0,1,不开放/已过期,,雾,19,20,2,0.0,93,41
2026-05-21 22:30:47,2026-05-21,4,羽毛球馆-2号,07:00-08:00,0,1,不开放/已过期,,雾,19,19,3,0.0,88,46
2026-05-21 23:00:56,2026-05-21,4,羽毛球馆-2号,07:00-08:00,0,1,不开放/已过期,,多云,18,17,3,0.0,85,46
2026-05-21 23:30:55,2026-05-21,4,羽毛球馆-2号,07:00-08:00,0,1,不开放/已过期,,多云,18,17,3,0.0,85,48
2026-05-21 00:30:49,2026-05-21,4,羽毛球馆-2号,08:00-09:00,0,1,可预约,￥0.0,多云,15,13,3,0.0,100,26
2026-05-21 01:00:55,2026-05-21,4,羽毛球馆-2号,08:00-09:00,0,1,可预约,￥0.0,多云,15,12,4,0.0,100,26
2026-05-21 01:30:47,2026-05-21,4,羽毛球馆-2号,08:00-09:00,0,1,可预约,￥0.0,多云,15,13,4,0.0,100,28
2026-05-21 02:00:53,2026-05-21,4,羽毛球馆-2号,08:00-09:00,0,1,可预约,￥0.0,多云,15,12,4,0.0,100,28
2026-05-21 02:30:49,2026-05-21,4,羽毛球馆-2号,08:00-09:00,0,1,可预约,￥0.0,多云,15,14,3,0.0,100,29
2026-05-21 03:00:55,2026-05-21,4,羽毛球馆-2号,08:00-09:00,0,1,可预约,￥0.0,多云,15,12,4,0.0,100,29
2026-05-21 03:30:49,2026-05-21,4,羽毛球馆-2号,08:00-09:00,0,1,可预约,￥0.0,多云,15,14,3,0.0,100,30
2026-05-21 04:30:45,2026-05-21,4,羽毛球馆-2号,08:00-09:00,0,1,可预约,￥0.0,多云,15,12,4,0.0,100,29
2026-05-21 05:00:52,2026-05-21,4,羽毛球馆-2号,08:00-09:00,0,1,可预约,￥0.0,多云,15,12,4,0.0,100,29
2026-05-21 05:30:49,2026-05-21,4,羽毛球馆-2号,08:00-09:00,0,1,可预约,￥0.0,多云,15,13,3,0.0,100,28
2026-05-21 06:00:50,2026-05-21,4,羽毛球馆-2号,08:00-09:00,0,1,可预约,￥0.0,多云,15,13,4,0.0,99,28
2026-05-21 06:30:38,2026-05-21,4,羽毛球馆-2号,08:00-09:00,0,1,可预约,￥0.0,多云,15,13,3,0.0,97,28
2026-05-21 07:00:43,2026-05-21,4,羽毛球馆-2号,08:00-09:00,0,1,可预约,￥0.0,晴,15,11,5,0.0,93,28
2026-05-21 07:30:39,2026-05-21,4,羽毛球馆-2号,08:00-09:00,0,1,可预约,￥0.0,晴,17,13,4,0.0,89,29
2026-05-21 07:50:40,2026-05-21,4,羽毛球馆-2号,08:00-09:00,0,1,可预约,￥0.0,晴,17,13,4,0.0,88,29
2026-05-21 07:53:31,2026-05-21,4,羽毛球馆-2号,08:00-09:00,0,1,可预约,￥0.0,晴,17,12,5,0.0,86,29
2026-05-21 07:56:31,2026-05-21,4,羽毛球馆-2号,08:00-09:00,0,1,可预约,￥0.0,晴,17,12,5,0.0,86,29
2026-05-21 07:59:26,2026-05-21,4,羽毛球馆-2号,08:00-09:00,0,1,可预约,￥0.0,晴,17,12,5,0.0,86,29
2026-05-21 08:00:45,2026-05-21,4,羽毛球馆-2号,08:00-09:00,0,1,可预约,￥0.0,晴,17,12,5,0.0,86,29
2026-05-21 08:02:30,2026-05-21,4,羽毛球馆-2号,08:00-09:00,0,1,可预约,￥0.0,多云,17,12,5,0.0,87,29
2026-05-21 08:05:36,2026-05-21,4,羽毛球馆-2号,08:00-09:00,0,1,可预约,￥0.0,多云,17,12,5,0.0,86,29
2026-05-21 08:08:31,2026-05-21,4,羽毛球馆-2号,08:00-09:00,0,1,可预约,￥0.0,多云,17,12,5,0.0,86,29
2026-05-21 08:11:30,2026-05-21,4,羽毛球馆-2号,08:00-09:00,0,1,可预约,￥0.0,多云,17,12,5,0.0,86,29
2026-05-21 08:14:31,2026-05-21,4,羽毛球馆-2号,08:00-09:00,0,1,可预约,￥0.0,多云,17,12,5,0.0,86,29
2026-05-21 08:17:30,2026-05-21,4,羽毛球馆-2号,08:00-09:00,0,1,可预约,￥0.0,多云,17,12,5,0.0,86,29
2026-05-21 08:20:35,2026-05-21,4,羽毛球馆-2号,08:00-09:00,0,1,可预约,￥0.0,多云,17,14,4,0.0,85,29
2026-05-21 08:25:32,2026-05-21,4,羽毛球馆-2号,08:00-09:00,0,1,可预约,￥0.0,多云,17,14,4,0.0,85,28
2026-05-21 08:30:42,2026-05-21,4,羽毛球馆-2号,08:00-09:00,0,1,可预约,￥0.0,多云,18,15,4,0.0,84,28
2026-05-21 08:35:31,2026-05-21,4,羽毛球馆-2号,08:00-09:00,0,1,可预约,￥0.0,多云,18,15,4,0.0,84,28
2026-05-21 08:40:38,2026-05-21,4,羽毛球馆-2号,08:00-09:00,0,1,可预约,￥0.0,多云,18,15,4,0.0,82,28
2026-05-21 08:45:33,2026-05-21,4,羽毛球馆-2号,08:00-09:00,0,1,可预约,￥0.0,多云,18,15,4,0.0,82,28
2026-05-21 08:50:36,2026-05-21,4,羽毛球馆-2号,08:00-09:00,0,1,可预约,￥0.0,多云,18,15,4,0.0,82,28
2026-05-21 08:55:34,2026-05-21,4,羽毛球馆-2号,08:00-09:00,0,1,可预约,￥0.0,多云,18,15,4,0.0,84,28
2026-05-21 09:00:51,2026-05-21,4,羽毛球馆-2号,08:00-09:00,0,1,不开放/已过期,,多云,18,15,4,0.0,84,28
2026-05-21 09:01:59,2026-05-21,4,羽毛球馆-2号,08:00-09:00,0,1,不开放/已过期,,多云,18,15,4,0.0,83,28
2026-05-21 09:05:33,2026-05-21,4,羽毛球馆-2号,08:00-09:00,0,1,不开放/已过期,,多云,18,15,4,0.0,83,28
2026-05-21 09:20:38,2026-05-21,4,羽毛球馆-2号,08:00-09:00,0,1,不开放/已过期,,多云,18,16,3,0.0,81,28
2026-05-21 09:30:46,2026-05-21,4,羽毛球馆-2号,08:00-09:00,0,1,不开放/已过期,,多云,18,16,3,0.0,81,32
2026-05-21 09:40:36,2026-05-21,4,羽毛球馆-2号,08:00-09:00,0,1,不开放/已过期,,多云,19,17,3,0.0,79,32
2026-05-21 09:50:42,2026-05-21,4,羽毛球馆-2号,08:00-09:00,0,1,不开放/已过期,,多云,19,17,4,0.0,81,32
2026-05-21 10:00:46,2026-05-21,4,羽毛球馆-2号,08:00-09:00,0,1,不开放/已过期,,多云,19,17,4,0.0,79,32
2026-05-21 10:10:40,2026-05-21,4,羽毛球馆-2号,08:00-09:00,0,1,不开放/已过期,,多云,19,17,4,0.0,79,32
2026-05-21 10:20:38,2026-05-21,4,羽毛球馆-2号,08:00-09:00,0,1,不开放/已过期,,多云,19,17,4,0.0,79,32
2026-05-21 10:30:41,2026-05-21,4,羽毛球馆-2号,08:00-09:00,0,1,不开放/已过期,,多云,19,18,3,0.0,78,31
2026-05-21 11:00:44,2026-05-21,4,羽毛球馆-2号,08:00-09:00,0,1,不开放/已过期,,多云,21,17,5,0.0,74,31
2026-05-21 11:30:38,2026-05-21,4,羽毛球馆-2号,08:00-09:00,0,1,不开放/已过期,,多云,21,19,3,0.0,72,33
2026-05-21 12:00:46,2026-05-21,4,羽毛球馆-2号,08:00-09:00,0,1,不开放/已过期,,多云,22,19,4,0.0,70,33
2026-05-21 12:30:42,2026-05-21,4,羽毛球馆-2号,08:00-09:00,0,1,不开放/已过期,,多云,22,21,3,0.0,68,35
2026-05-21 13:00:43,2026-05-21,4,羽毛球馆-2号,08:00-09:00,0,1,不开放/已过期,,多云,24,22,4,0.0,66,35
2026-05-21 13:30:43,2026-05-21,4,羽毛球馆-2号,08:00-09:00,0,1,不开放/已过期,,多云,24,22,4,0.0,66,36
2026-05-21 14:00:48,2026-05-21,4,羽毛球馆-2号,08:00-09:00,0,1,不开放/已过期,,多云,25,23,4,0.0,66,36
2026-05-21 14:30:45,2026-05-21,4,羽毛球馆-2号,08:00-09:00,0,1,不开放/已过期,,晴,25,25,3,0.0,65,39
2026-05-21 15:00:45,2026-05-21,4,羽毛球馆-2号,08:00-09:00,0,1,不开放/已过期,,晴,25,22,4,0.0,56,39
2026-05-21 15:30:43,2026-05-21,4,羽毛球馆-2号,08:00-09:00,0,1,不开放/已过期,,晴,25,23,4,0.0,57,40
2026-05-21 16:00:51,2026-05-21,4,羽毛球馆-2号,08:00-09:00,0,1,不开放/已过期,,晴,25,23,4,0.0,57,40
2026-05-21 16:30:48,2026-05-21,4,羽毛球馆-2号,08:00-09:00,0,1,不开放/已过期,,晴,25,24,3,0.0,60,39
2026-05-21 17:00:49,2026-05-21,4,羽毛球馆-2号,08:00-09:00,0,1,不开放/已过期,,晴,25,24,4,0.0,61,39
2026-05-21 17:30:47,2026-05-21,4,羽毛球馆-2号,08:00-09:00,0,1,不开放/已过期,,多云,24,23,3,0.0,64,39
2026-05-21 18:00:50,2026-05-21,4,羽毛球馆-2号,08:00-09:00,0,1,不开放/已过期,,多云,24,23,3,0.0,68,39
2026-05-21 18:30:50,2026-05-21,4,羽毛球馆-2号,08:00-09:00,0,1,不开放/已过期,,阴,24,25,2,0.0,68,40
2026-05-21 19:00:50,2026-05-21,4,羽毛球馆-2号,08:00-09:00,0,1,不开放/已过期,,阴,23,23,3,0.0,76,40
2026-05-21 19:30:46,2026-05-21,4,羽毛球馆-2号,08:00-09:00,0,1,不开放/已过期,,阴,23,24,2,0.0,77,39
2026-05-21 20:00:49,2026-05-21,4,羽毛球馆-2号,08:00-09:00,0,1,不开放/已过期,,雾,22,23,2,0.0,89,39
2026-05-21 20:30:44,2026-05-21,4,羽毛球馆-2号,08:00-09:00,0,1,不开放/已过期,,雾,22,24,2,0.0,93,43
2026-05-21 21:00:56,2026-05-21,4,羽毛球馆-2号,08:00-09:00,0,1,不开放/已过期,,雾,20,21,2,0.0,98,43
2026-05-21 21:30:46,2026-05-21,4,羽毛球馆-2号,08:00-09:00,0,1,不开放/已过期,,雾,20,22,1,0.0,99,41
2026-05-21 22:01:02,2026-05-21,4,羽毛球馆-2号,08:00-09:00,0,1,不开放/已过期,,雾,19,20,2,0.0,93,41
2026-05-21 22:30:47,2026-05-21,4,羽毛球馆-2号,08:00-09:00,0,1,不开放/已过期,,雾,19,19,3,0.0,88,46
2026-05-21 23:00:56,2026-05-21,4,羽毛球馆-2号,08:00-09:00,0,1,不开放/已过期,,多云,18,17,3,0.0,85,46
2026-05-21 23:30:55,2026-05-21,4,羽毛球馆-2号,08:00-09:00,0,1,不开放/已过期,,多云,18,17,3,0.0,85,48
2026-05-21 00:30:49,2026-05-21,4,羽毛球馆-2号,09:00-10:00,0,1,可预约,￥12.0,多云,15,13,3,0.0,100,26
2026-05-21 01:00:55,2026-05-21,4,羽毛球馆-2号,09:00-10:00,0,1,可预约,￥12.0,多云,15,12,4,0.0,100,26
2026-05-21 01:30:47,2026-05-21,4,羽毛球馆-2号,09:00-10:00,0,1,可预约,￥12.0,多云,15,13,4,0.0,100,28
2026-05-21 02:00:53,2026-05-21,4,羽毛球馆-2号,09:00-10:00,0,1,可预约,￥12.0,多云,15,12,4,0.0,100,28
2026-05-21 02:30:49,2026-05-21,4,羽毛球馆-2号,09:00-10:00,0,1,可预约,￥12.0,多云,15,14,3,0.0,100,29
2026-05-21 03:00:55,2026-05-21,4,羽毛球馆-2号,09:00-10:00,0,1,可预约,￥12.0,多云,15,12,4,0.0,100,29
2026-05-21 03:30:49,2026-05-21,4,羽毛球馆-2号,09:00-10:00,0,1,可预约,￥12.0,多云,15,14,3,0.0,100,30
2026-05-21 04:30:45,2026-05-21,4,羽毛球馆-2号,09:00-10:00,0,1,可预约,￥12.0,多云,15,12,4,0.0,100,29
2026-05-21 05:00:52,2026-05-21,4,羽毛球馆-2号,09:00-10:00,0,1,可预约,￥12.0,多云,15,12,4,0.0,100,29
2026-05-21 05:30:49,2026-05-21,4,羽毛球馆-2号,09:00-10:00,0,1,可预约,￥12.0,多云,15,13,3,0.0,100,28
2026-05-21 06:00:50,2026-05-21,4,羽毛球馆-2号,09:00-10:00,0,1,可预约,￥12.0,多云,15,13,4,0.0,99,28
2026-05-21 06:30:38,2026-05-21,4,羽毛球馆-2号,09:00-10:00,0,1,可预约,￥12.0,多云,15,13,3,0.0,97,28
2026-05-21 07:00:43,2026-05-21,4,羽毛球馆-2号,09:00-10:00,0,1,可预约,￥12.0,晴,15,11,5,0.0,93,28
2026-05-21 07:30:39,2026-05-21,4,羽毛球馆-2号,09:00-10:00,0,1,可预约,￥12.0,晴,17,13,4,0.0,89,29
2026-05-21 07:50:40,2026-05-21,4,羽毛球馆-2号,09:00-10:00,0,1,可预约,￥12.0,晴,17,13,4,0.0,88,29
2026-05-21 07:53:31,2026-05-21,4,羽毛球馆-2号,09:00-10:00,0,1,可预约,￥12.0,晴,17,12,5,0.0,86,29
2026-05-21 07:56:31,2026-05-21,4,羽毛球馆-2号,09:00-10:00,0,1,可预约,￥12.0,晴,17,12,5,0.0,86,29
2026-05-21 07:59:26,2026-05-21,4,羽毛球馆-2号,09:00-10:00,0,1,可预约,￥12.0,晴,17,12,5,0.0,86,29
2026-05-21 08:00:45,2026-05-21,4,羽毛球馆-2号,09:00-10:00,0,1,可预约,￥12.0,晴,17,12,5,0.0,86,29
2026-05-21 08:02:30,2026-05-21,4,羽毛球馆-2号,09:00-10:00,0,1,可预约,￥12.0,多云,17,12,5,0.0,87,29
2026-05-21 08:05:36,2026-05-21,4,羽毛球馆-2号,09:00-10:00,0,1,可预约,￥12.0,多云,17,12,5,0.0,86,29
2026-05-21 08:08:31,2026-05-21,4,羽毛球馆-2号,09:00-10:00,0,1,可预约,￥12.0,多云,17,12,5,0.0,86,29
2026-05-21 08:11:30,2026-05-21,4,羽毛球馆-2号,09:00-10:00,0,1,可预约,￥12.0,多云,17,12,5,0.0,86,29
2026-05-21 08:14:31,2026-05-21,4,羽毛球馆-2号,09:00-10:00,0,1,可预约,￥12.0,多云,17,12,5,0.0,86,29
2026-05-21 08:17:30,2026-05-21,4,羽毛球馆-2号,09:00-10:00,0,1,可预约,￥12.0,多云,17,12,5,0.0,86,29
2026-05-21 08:20:35,2026-05-21,4,羽毛球馆-2号,09:00-10:00,0,1,可预约,￥12.0,多云,17,14,4,0.0,85,29
2026-05-21 08:25:32,2026-05-21,4,羽毛球馆-2号,09:00-10:00,0,1,可预约,￥12.0,多云,17,14,4,0.0,85,28
2026-05-21 08:30:42,2026-05-21,4,羽毛球馆-2号,09:00-10:00,0,1,可预约,￥12.0,多云,18,15,4,0.0,84,28
2026-05-21 08:35:31,2026-05-21,4,羽毛球馆-2号,09:00-10:00,0,1,可预约,￥12.0,多云,18,15,4,0.0,84,28
2026-05-21 08:40:38,2026-05-21,4,羽毛球馆-2号,09:00-10:00,0,1,可预约,￥12.0,多云,18,15,4,0.0,82,28
2026-05-21 08:45:33,2026-05-21,4,羽毛球馆-2号,09:00-10:00,0,1,可预约,￥12.0,多云,18,15,4,0.0,82,28
2026-05-21 08:50:36,2026-05-21,4,羽毛球馆-2号,09:00-10:00,0,1,可预约,￥12.0,多云,18,15,4,0.0,82,28
2026-05-21 08:55:34,2026-05-21,4,羽毛球馆-2号,09:00-10:00,0,1,可预约,￥12.0,多云,18,15,4,0.0,84,28
2026-05-21 09:00:51,2026-05-21,4,羽毛球馆-2号,09:00-10:00,0,1,可预约,￥12.0,多云,18,15,4,0.0,84,28
2026-05-21 09:01:59,2026-05-21,4,羽毛球馆-2号,09:00-10:00,0,1,可预约,￥12.0,多云,18,15,4,0.0,83,28
2026-05-21 09:05:33,2026-05-21,4,羽毛球馆-2号,09:00-10:00,0,1,可预约,￥12.0,多云,18,15,4,0.0,83,28
2026-05-21 09:20:38,2026-05-21,4,羽毛球馆-2号,09:00-10:00,0,1,可预约,￥12.0,多云,18,16,3,0.0,81,28
2026-05-21 09:30:46,2026-05-21,4,羽毛球馆-2号,09:00-10:00,0,1,可预约,￥12.0,多云,18,16,3,0.0,81,32
2026-05-21 09:40:36,2026-05-21,4,羽毛球馆-2号,09:00-10:00,0,1,可预约,￥12.0,多云,19,17,3,0.0,79,32
2026-05-21 09:50:42,2026-05-21,4,羽毛球馆-2号,09:00-10:00,0,1,可预约,￥12.0,多云,19,17,4,0.0,81,32
2026-05-21 10:00:46,2026-05-21,4,羽毛球馆-2号,09:00-10:00,0,1,不开放/已过期,,多云,19,17,4,0.0,79,32
2026-05-21 10:10:40,2026-05-21,4,羽毛球馆-2号,09:00-10:00,0,1,不开放/已过期,,多云,19,17,4,0.0,79,32
2026-05-21 10:20:38,2026-05-21,4,羽毛球馆-2号,09:00-10:00,0,1,不开放/已过期,,多云,19,17,4,0.0,79,32
2026-05-21 10:30:41,2026-05-21,4,羽毛球馆-2号,09:00-10:00,0,1,不开放/已过期,,多云,19,18,3,0.0,78,31
2026-05-21 11:00:44,2026-05-21,4,羽毛球馆-2号,09:00-10:00,0,1,不开放/已过期,,多云,21,17,5,0.0,74,31
2026-05-21 11:30:38,2026-05-21,4,羽毛球馆-2号,09:00-10:00,0,1,不开放/已过期,,多云,21,19,3,0.0,72,33
2026-05-21 12:00:46,2026-05-21,4,羽毛球馆-2号,09:00-10:00,0,1,不开放/已过期,,多云,22,19,4,0.0,70,33
2026-05-21 12:30:42,2026-05-21,4,羽毛球馆-2号,09:00-10:00,0,1,不开放/已过期,,多云,22,21,3,0.0,68,35
2026-05-21 13:00:43,2026-05-21,4,羽毛球馆-2号,09:00-10:00,0,1,不开放/已过期,,多云,24,22,4,0.0,66,35
2026-05-21 13:30:43,2026-05-21,4,羽毛球馆-2号,09:00-10:00,0,1,不开放/已过期,,多云,24,22,4,0.0,66,36
2026-05-21 14:00:48,2026-05-21,4,羽毛球馆-2号,09:00-10:00,0,1,不开放/已过期,,多云,25,23,4,0.0,66,36
2026-05-21 14:30:45,2026-05-21,4,羽毛球馆-2号,09:00-10:00,0,1,不开放/已过期,,晴,25,25,3,0.0,65,39
2026-05-21 15:00:45,2026-05-21,4,羽毛球馆-2号,09:00-10:00,0,1,不开放/已过期,,晴,25,22,4,0.0,56,39
2026-05-21 15:30:43,2026-05-21,4,羽毛球馆-2号,09:00-10:00,0,1,不开放/已过期,,晴,25,23,4,0.0,57,40
2026-05-21 16:00:51,2026-05-21,4,羽毛球馆-2号,09:00-10:00,0,1,不开放/已过期,,晴,25,23,4,0.0,57,40
2026-05-21 16:30:48,2026-05-21,4,羽毛球馆-2号,09:00-10:00,0,1,不开放/已过期,,晴,25,24,3,0.0,60,39
2026-05-21 17:00:49,2026-05-21,4,羽毛球馆-2号,09:00-10:00,0,1,不开放/已过期,,晴,25,24,4,0.0,61,39
2026-05-21 17:30:47,2026-05-21,4,羽毛球馆-2号,09:00-10:00,0,1,不开放/已过期,,多云,24,23,3,0.0,64,39
2026-05-21 18:00:50,2026-05-21,4,羽毛球馆-2号,09:00-10:00,0,1,不开放/已过期,,多云,24,23,3,0.0,68,39
2026-05-21 18:30:50,2026-05-21,4,羽毛球馆-2号,09:00-10:00,0,1,不开放/已过期,,阴,24,25,2,0.0,68,40
2026-05-21 19:00:50,2026-05-21,4,羽毛球馆-2号,09:00-10:00,0,1,不开放/已过期,,阴,23,23,3,0.0,76,40
2026-05-21 19:30:46,2026-05-21,4,羽毛球馆-2号,09:00-10:00,0,1,不开放/已过期,,阴,23,24,2,0.0,77,39
2026-05-21 20:00:49,2026-05-21,4,羽毛球馆-2号,09:00-10:00,0,1,不开放/已过期,,雾,22,23,2,0.0,89,39
2026-05-21 20:30:44,2026-05-21,4,羽毛球馆-2号,09:00-10:00,0,1,不开放/已过期,,雾,22,24,2,0.0,93,43
2026-05-21 21:00:56,2026-05-21,4,羽毛球馆-2号,09:00-10:00,0,1,不开放/已过期,,雾,20,21,2,0.0,98,43
2026-05-21 21:30:46,2026-05-21,4,羽毛球馆-2号,09:00-10:00,0,1,不开放/已过期,,雾,20,22,1,0.0,99,41
2026-05-21 22:01:02,2026-05-21,4,羽毛球馆-2号,09:00-10:00,0,1,不开放/已过期,,雾,19,20,2,0.0,93,41
2026-05-21 22:30:47,2026-05-21,4,羽毛球馆-2号,09:00-10:00,0,1,不开放/已过期,,雾,19,19,3,0.0,88,46
2026-05-21 23:00:56,2026-05-21,4,羽毛球馆-2号,09:00-10:00,0,1,不开放/已过期,,多云,18,17,3,0.0,85,46
2026-05-21 23:30:55,2026-05-21,4,羽毛球馆-2号,09:00-10:00,0,1,不开放/已过期,,多云,18,17,3,0.0,85,48
2026-05-21 00:30:49,2026-05-21,4,羽毛球馆-2号,10:00-11:00,1,1,已售/已满,教学时间,多云,15,13,3,0.0,100,26
2026-05-21 01:00:55,2026-05-21,4,羽毛球馆-2号,10:00-11:00,1,1,已售/已满,教学时间,多云,15,12,4,0.0,100,26
2026-05-21 01:30:47,2026-05-21,4,羽毛球馆-2号,10:00-11:00,1,1,已售/已满,教学时间,多云,15,13,4,0.0,100,28
2026-05-21 02:00:53,2026-05-21,4,羽毛球馆-2号,10:00-11:00,1,1,已售/已满,教学时间,多云,15,12,4,0.0,100,28
2026-05-21 02:30:49,2026-05-21,4,羽毛球馆-2号,10:00-11:00,1,1,已售/已满,教学时间,多云,15,14,3,0.0,100,29
2026-05-21 03:00:55,2026-05-21,4,羽毛球馆-2号,10:00-11:00,1,1,已售/已满,教学时间,多云,15,12,4,0.0,100,29
2026-05-21 03:30:49,2026-05-21,4,羽毛球馆-2号,10:00-11:00,1,1,已售/已满,教学时间,多云,15,14,3,0.0,100,30
2026-05-21 04:30:45,2026-05-21,4,羽毛球馆-2号,10:00-11:00,1,1,已售/已满,教学时间,多云,15,12,4,0.0,100,29
2026-05-21 05:00:52,2026-05-21,4,羽毛球馆-2号,10:00-11:00,1,1,已售/已满,教学时间,多云,15,12,4,0.0,100,29
2026-05-21 05:30:49,2026-05-21,4,羽毛球馆-2号,10:00-11:00,1,1,已售/已满,教学时间,多云,15,13,3,0.0,100,28
2026-05-21 06:00:50,2026-05-21,4,羽毛球馆-2号,10:00-11:00,1,1,已售/已满,教学时间,多云,15,13,4,0.0,99,28
2026-05-21 06:30:38,2026-05-21,4,羽毛球馆-2号,10:00-11:00,1,1,已售/已满,教学时间,多云,15,13,3,0.0,97,28
2026-05-21 07:00:43,2026-05-21,4,羽毛球馆-2号,10:00-11:00,1,1,已售/已满,教学时间,晴,15,11,5,0.0,93,28
2026-05-21 07:30:39,2026-05-21,4,羽毛球馆-2号,10:00-11:00,1,1,已售/已满,教学时间,晴,17,13,4,0.0,89,29
2026-05-21 07:50:40,2026-05-21,4,羽毛球馆-2号,10:00-11:00,1,1,已售/已满,教学时间,晴,17,13,4,0.0,88,29
2026-05-21 07:53:31,2026-05-21,4,羽毛球馆-2号,10:00-11:00,1,1,已售/已满,教学时间,晴,17,12,5,0.0,86,29
2026-05-21 07:56:31,2026-05-21,4,羽毛球馆-2号,10:00-11:00,1,1,已售/已满,教学时间,晴,17,12,5,0.0,86,29
2026-05-21 07:59:26,2026-05-21,4,羽毛球馆-2号,10:00-11:00,1,1,已售/已满,教学时间,晴,17,12,5,0.0,86,29
2026-05-21 08:00:45,2026-05-21,4,羽毛球馆-2号,10:00-11:00,1,1,已售/已满,教学时间,晴,17,12,5,0.0,86,29
2026-05-21 08:02:30,2026-05-21,4,羽毛球馆-2号,10:00-11:00,1,1,已售/已满,教学时间,多云,17,12,5,0.0,87,29
2026-05-21 08:05:36,2026-05-21,4,羽毛球馆-2号,10:00-11:00,1,1,已售/已满,教学时间,多云,17,12,5,0.0,86,29
2026-05-21 08:08:31,2026-05-21,4,羽毛球馆-2号,10:00-11:00,1,1,已售/已满,教学时间,多云,17,12,5,0.0,86,29
2026-05-21 08:11:30,2026-05-21,4,羽毛球馆-2号,10:00-11:00,1,1,已售/已满,教学时间,多云,17,12,5,0.0,86,29
2026-05-21 08:14:31,2026-05-21,4,羽毛球馆-2号,10:00-11:00,1,1,已售/已满,教学时间,多云,17,12,5,0.0,86,29
2026-05-21 08:17:30,2026-05-21,4,羽毛球馆-2号,10:00-11:00,1,1,已售/已满,教学时间,多云,17,12,5,0.0,86,29
2026-05-21 08:20:35,2026-05-21,4,羽毛球馆-2号,10:00-11:00,1,1,已售/已满,教学时间,多云,17,14,4,0.0,85,29
2026-05-21 08:25:32,2026-05-21,4,羽毛球馆-2号,10:00-11:00,1,1,已售/已满,教学时间,多云,17,14,4,0.0,85,28
2026-05-21 08:30:42,2026-05-21,4,羽毛球馆-2号,10:00-11:00,1,1,已售/已满,教学时间,多云,18,15,4,0.0,84,28
2026-05-21 08:35:31,2026-05-21,4,羽毛球馆-2号,10:00-11:00,1,1,已售/已满,教学时间,多云,18,15,4,0.0,84,28
2026-05-21 08:40:38,2026-05-21,4,羽毛球馆-2号,10:00-11:00,1,1,已售/已满,教学时间,多云,18,15,4,0.0,82,28
2026-05-21 08:45:33,2026-05-21,4,羽毛球馆-2号,10:00-11:00,1,1,已售/已满,教学时间,多云,18,15,4,0.0,82,28
2026-05-21 08:50:36,2026-05-21,4,羽毛球馆-2号,10:00-11:00,1,1,已售/已满,教学时间,多云,18,15,4,0.0,82,28
2026-05-21 08:55:34,2026-05-21,4,羽毛球馆-2号,10:00-11:00,1,1,已售/已满,教学时间,多云,18,15,4,0.0,84,28
2026-05-21 09:00:51,2026-05-21,4,羽毛球馆-2号,10:00-11:00,1,1,已售/已满,教学时间,多云,18,15,4,0.0,84,28
2026-05-21 09:01:59,2026-05-21,4,羽毛球馆-2号,10:00-11:00,1,1,已售/已满,教学时间,多云,18,15,4,0.0,83,28
2026-05-21 09:05:33,2026-05-21,4,羽毛球馆-2号,10:00-11:00,1,1,已售/已满,教学时间,多云,18,15,4,0.0,83,28
2026-05-21 09:20:38,2026-05-21,4,羽毛球馆-2号,10:00-11:00,1,1,已售/已满,教学时间,多云,18,16,3,0.0,81,28
2026-05-21 09:30:46,2026-05-21,4,羽毛球馆-2号,10:00-11:00,1,1,已售/已满,教学时间,多云,18,16,3,0.0,81,32
2026-05-21 09:40:36,2026-05-21,4,羽毛球馆-2号,10:00-11:00,1,1,已售/已满,教学时间,多云,19,17,3,0.0,79,32
2026-05-21 09:50:42,2026-05-21,4,羽毛球馆-2号,10:00-11:00,1,1,已售/已满,教学时间,多云,19,17,4,0.0,81,32
2026-05-21 10:00:46,2026-05-21,4,羽毛球馆-2号,10:00-11:00,1,1,已售/已满,教学时间,多云,19,17,4,0.0,79,32
2026-05-21 10:10:40,2026-05-21,4,羽毛球馆-2号,10:00-11:00,1,1,已售/已满,教学时间,多云,19,17,4,0.0,79,32
2026-05-21 10:20:38,2026-05-21,4,羽毛球馆-2号,10:00-11:00,1,1,已售/已满,教学时间,多云,19,17,4,0.0,79,32
2026-05-21 10:30:41,2026-05-21,4,羽毛球馆-2号,10:00-11:00,1,1,已售/已满,教学时间,多云,19,18,3,0.0,78,31
2026-05-21 11:00:44,2026-05-21,4,羽毛球馆-2号,10:00-11:00,1,1,已售/已满,教学时间,多云,21,17,5,0.0,74,31
2026-05-21 11:30:38,2026-05-21,4,羽毛球馆-2号,10:00-11:00,1,1,已售/已满,教学时间,多云,21,19,3,0.0,72,33
2026-05-21 12:00:46,2026-05-21,4,羽毛球馆-2号,10:00-11:00,1,1,已售/已满,教学时间,多云,22,19,4,0.0,70,33
2026-05-21 12:30:42,2026-05-21,4,羽毛球馆-2号,10:00-11:00,1,1,已售/已满,教学时间,多云,22,21,3,0.0,68,35
2026-05-21 13:00:43,2026-05-21,4,羽毛球馆-2号,10:00-11:00,1,1,已售/已满,教学时间,多云,24,22,4,0.0,66,35
2026-05-21 13:30:43,2026-05-21,4,羽毛球馆-2号,10:00-11:00,1,1,已售/已满,教学时间,多云,24,22,4,0.0,66,36
2026-05-21 14:00:48,2026-05-21,4,羽毛球馆-2号,10:00-11:00,1,1,已售/已满,教学时间,多云,25,23,4,0.0,66,36
2026-05-21 14:30:45,2026-05-21,4,羽毛球馆-2号,10:00-11:00,1,1,已售/已满,教学时间,晴,25,25,3,0.0,65,39
2026-05-21 15:00:45,2026-05-21,4,羽毛球馆-2号,10:00-11:00,1,1,已售/已满,教学时间,晴,25,22,4,0.0,56,39
2026-05-21 15:30:43,2026-05-21,4,羽毛球馆-2号,10:00-11:00,1,1,已售/已满,教学时间,晴,25,23,4,0.0,57,40
2026-05-21 16:00:51,2026-05-21,4,羽毛球馆-2号,10:00-11:00,1,1,已售/已满,教学时间,晴,25,23,4,0.0,57,40
2026-05-21 16:30:48,2026-05-21,4,羽毛球馆-2号,10:00-11:00,1,1,已售/已满,教学时间,晴,25,24,3,0.0,60,39
2026-05-21 17:00:49,2026-05-21,4,羽毛球馆-2号,10:00-11:00,1,1,已售/已满,教学时间,晴,25,24,4,0.0,61,39
2026-05-21 17:30:47,2026-05-21,4,羽毛球馆-2号,10:00-11:00,1,1,已售/已满,教学时间,多云,24,23,3,0.0,64,39
2026-05-21 18:00:50,2026-05-21,4,羽毛球馆-2号,10:00-11:00,1,1,已售/已满,教学时间,多云,24,23,3,0.0,68,39
2026-05-21 18:30:50,2026-05-21,4,羽毛球馆-2号,10:00-11:00,1,1,已售/已满,教学时间,阴,24,25,2,0.0,68,40
2026-05-21 19:00:50,2026-05-21,4,羽毛球馆-2号,10:00-11:00,1,1,已售/已满,教学时间,阴,23,23,3,0.0,76,40
2026-05-21 19:30:46,2026-05-21,4,羽毛球馆-2号,10:00-11:00,1,1,已售/已满,教学时间,阴,23,24,2,0.0,77,39
2026-05-21 20:00:49,2026-05-21,4,羽毛球馆-2号,10:00-11:00,1,1,已售/已满,教学时间,雾,22,23,2,0.0,89,39
2026-05-21 20:30:44,2026-05-21,4,羽毛球馆-2号,10:00-11:00,1,1,已售/已满,教学时间,雾,22,24,2,0.0,93,43
2026-05-21 21:00:56,2026-05-21,4,羽毛球馆-2号,10:00-11:00,1,1,已售/已满,教学时间,雾,20,21,2,0.0,98,43
2026-05-21 21:30:46,2026-05-21,4,羽毛球馆-2号,10:00-11:00,1,1,已售/已满,教学时间,雾,20,22,1,0.0,99,41
2026-05-21 22:01:02,2026-05-21,4,羽毛球馆-2号,10:00-11:00,1,1,已售/已满,教学时间,雾,19,20,2,0.0,93,41
2026-05-21 22:30:47,2026-05-21,4,羽毛球馆-2号,10:00-11:00,1,1,已售/已满,教学时间,雾,19,19,3,0.0,88,46
2026-05-21 23:00:56,2026-05-21,4,羽毛球馆-2号,10:00-11:00,1,1,已售/已满,教学时间,多云,18,17,3,0.0,85,46
2026-05-21 23:30:55,2026-05-21,4,羽毛球馆-2号,10:00-11:00,1,1,已售/已满,教学时间,多云,18,17,3,0.0,85,48
2026-05-21 00:30:49,2026-05-21,4,羽毛球馆-2号,11:00-12:00,1,1,已售/已满,教学时间,多云,15,13,3,0.0,100,26
2026-05-21 01:00:55,2026-05-21,4,羽毛球馆-2号,11:00-12:00,1,1,已售/已满,教学时间,多云,15,12,4,0.0,100,26
2026-05-21 01:30:47,2026-05-21,4,羽毛球馆-2号,11:00-12:00,1,1,已售/已满,教学时间,多云,15,13,4,0.0,100,28
2026-05-21 02:00:53,2026-05-21,4,羽毛球馆-2号,11:00-12:00,1,1,已售/已满,教学时间,多云,15,12,4,0.0,100,28
2026-05-21 02:30:49,2026-05-21,4,羽毛球馆-2号,11:00-12:00,1,1,已售/已满,教学时间,多云,15,14,3,0.0,100,29
2026-05-21 03:00:55,2026-05-21,4,羽毛球馆-2号,11:00-12:00,1,1,已售/已满,教学时间,多云,15,12,4,0.0,100,29
2026-05-21 03:30:49,2026-05-21,4,羽毛球馆-2号,11:00-12:00,1,1,已售/已满,教学时间,多云,15,14,3,0.0,100,30
2026-05-21 04:30:45,2026-05-21,4,羽毛球馆-2号,11:00-12:00,1,1,已售/已满,教学时间,多云,15,12,4,0.0,100,29
2026-05-21 05:00:52,2026-05-21,4,羽毛球馆-2号,11:00-12:00,1,1,已售/已满,教学时间,多云,15,12,4,0.0,100,29
2026-05-21 05:30:49,2026-05-21,4,羽毛球馆-2号,11:00-12:00,1,1,已售/已满,教学时间,多云,15,13,3,0.0,100,28
2026-05-21 06:00:50,2026-05-21,4,羽毛球馆-2号,11:00-12:00,1,1,已售/已满,教学时间,多云,15,13,4,0.0,99,28
2026-05-21 06:30:38,2026-05-21,4,羽毛球馆-2号,11:00-12:00,1,1,已售/已满,教学时间,多云,15,13,3,0.0,97,28
2026-05-21 07:00:43,2026-05-21,4,羽毛球馆-2号,11:00-12:00,1,1,已售/已满,教学时间,晴,15,11,5,0.0,93,28
2026-05-21 07:30:39,2026-05-21,4,羽毛球馆-2号,11:00-12:00,1,1,已售/已满,教学时间,晴,17,13,4,0.0,89,29
2026-05-21 07:50:40,2026-05-21,4,羽毛球馆-2号,11:00-12:00,1,1,已售/已满,教学时间,晴,17,13,4,0.0,88,29
2026-05-21 07:53:31,2026-05-21,4,羽毛球馆-2号,11:00-12:00,1,1,已售/已满,教学时间,晴,17,12,5,0.0,86,29
2026-05-21 07:56:31,2026-05-21,4,羽毛球馆-2号,11:00-12:00,1,1,已售/已满,教学时间,晴,17,12,5,0.0,86,29
2026-05-21 07:59:26,2026-05-21,4,羽毛球馆-2号,11:00-12:00,1,1,已售/已满,教学时间,晴,17,12,5,0.0,86,29
2026-05-21 08:00:45,2026-05-21,4,羽毛球馆-2号,11:00-12:00,1,1,已售/已满,教学时间,晴,17,12,5,0.0,86,29
2026-05-21 08:02:30,2026-05-21,4,羽毛球馆-2号,11:00-12:00,1,1,已售/已满,教学时间,多云,17,12,5,0.0,87,29
2026-05-21 08:05:36,2026-05-21,4,羽毛球馆-2号,11:00-12:00,1,1,已售/已满,教学时间,多云,17,12,5,0.0,86,29
2026-05-21 08:08:31,2026-05-21,4,羽毛球馆-2号,11:00-12:00,1,1,已售/已满,教学时间,多云,17,12,5,0.0,86,29
2026-05-21 08:11:30,2026-05-21,4,羽毛球馆-2号,11:00-12:00,1,1,已售/已满,教学时间,多云,17,12,5,0.0,86,29
2026-05-21 08:14:31,2026-05-21,4,羽毛球馆-2号,11:00-12:00,1,1,已售/已满,教学时间,多云,17,12,5,0.0,86,29
2026-05-21 08:17:30,2026-05-21,4,羽毛球馆-2号,11:00-12:00,1,1,已售/已满,教学时间,多云,17,12,5,0.0,86,29
2026-05-21 08:20:35,2026-05-21,4,羽毛球馆-2号,11:00-12:00,1,1,已售/已满,教学时间,多云,17,14,4,0.0,85,29
2026-05-21 08:25:32,2026-05-21,4,羽毛球馆-2号,11:00-12:00,1,1,已售/已满,教学时间,多云,17,14,4,0.0,85,28
2026-05-21 08:30:42,2026-05-21,4,羽毛球馆-2号,11:00-12:00,1,1,已售/已满,教学时间,多云,18,15,4,0.0,84,28
2026-05-21 08:35:31,2026-05-21,4,羽毛球馆-2号,11:00-12:00,1,1,已售/已满,教学时间,多云,18,15,4,0.0,84,28
2026-05-21 08:40:38,2026-05-21,4,羽毛球馆-2号,11:00-12:00,1,1,已售/已满,教学时间,多云,18,15,4,0.0,82,28
2026-05-21 08:45:33,2026-05-21,4,羽毛球馆-2号,11:00-12:00,1,1,已售/已满,教学时间,多云,18,15,4,0.0,82,28
2026-05-21 08:50:36,2026-05-21,4,羽毛球馆-2号,11:00-12:00,1,1,已售/已满,教学时间,多云,18,15,4,0.0,82,28
2026-05-21 08:55:34,2026-05-21,4,羽毛球馆-2号,11:00-12:00,1,1,已售/已满,教学时间,多云,18,15,4,0.0,84,28
2026-05-21 09:00:51,2026-05-21,4,羽毛球馆-2号,11:00-12:00,1,1,已售/已满,教学时间,多云,18,15,4,0.0,84,28
2026-05-21 09:01:59,2026-05-21,4,羽毛球馆-2号,11:00-12:00,1,1,已售/已满,教学时间,多云,18,15,4,0.0,83,28
2026-05-21 09:05:33,2026-05-21,4,羽毛球馆-2号,11:00-12:00,1,1,已售/已满,教学时间,多云,18,15,4,0.0,83,28
2026-05-21 09:20:38,2026-05-21,4,羽毛球馆-2号,11:00-12:00,1,1,已售/已满,教学时间,多云,18,16,3,0.0,81,28
2026-05-21 09:30:46,2026-05-21,4,羽毛球馆-2号,11:00-12:00,1,1,已售/已满,教学时间,多云,18,16,3,0.0,81,32
2026-05-21 09:40:36,2026-05-21,4,羽毛球馆-2号,11:00-12:00,1,1,已售/已满,教学时间,多云,19,17,3,0.0,79,32
2026-05-21 09:50:42,2026-05-21,4,羽毛球馆-2号,11:00-12:00,1,1,已售/已满,教学时间,多云,19,17,4,0.0,81,32
2026-05-21 10:00:46,2026-05-21,4,羽毛球馆-2号,11:00-12:00,1,1,已售/已满,教学时间,多云,19,17,4,0.0,79,32
2026-05-21 10:10:40,2026-05-21,4,羽毛球馆-2号,11:00-12:00,1,1,已售/已满,教学时间,多云,19,17,4,0.0,79,32
2026-05-21 10:20:38,2026-05-21,4,羽毛球馆-2号,11:00-12:00,1,1,已售/已满,教学时间,多云,19,17,4,0.0,79,32
2026-05-21 10:30:41,2026-05-21,4,羽毛球馆-2号,11:00-12:00,1,1,已售/已满,教学时间,多云,19,18,3,0.0,78,31
2026-05-21 11:00:44,2026-05-21,4,羽毛球馆-2号,11:00-12:00,1,1,已售/已满,教学时间,多云,21,17,5,0.0,74,31
2026-05-21 11:30:38,2026-05-21,4,羽毛球馆-2号,11:00-12:00,1,1,已售/已满,教学时间,多云,21,19,3,0.0,72,33
2026-05-21 12:00:46,2026-05-21,4,羽毛球馆-2号,11:00-12:00,1,1,已售/已满,教学时间,多云,22,19,4,0.0,70,33
2026-05-21 12:30:42,2026-05-21,4,羽毛球馆-2号,11:00-12:00,1,1,已售/已满,教学时间,多云,22,21,3,0.0,68,35
2026-05-21 13:00:43,2026-05-21,4,羽毛球馆-2号,11:00-12:00,1,1,已售/已满,教学时间,多云,24,22,4,0.0,66,35
2026-05-21 13:30:43,2026-05-21,4,羽毛球馆-2号,11:00-12:00,1,1,已售/已满,教学时间,多云,24,22,4,0.0,66,36
2026-05-21 14:00:48,2026-05-21,4,羽毛球馆-2号,11:00-12:00,1,1,已售/已满,教学时间,多云,25,23,4,0.0,66,36
2026-05-21 14:30:45,2026-05-21,4,羽毛球馆-2号,11:00-12:00,1,1,已售/已满,教学时间,晴,25,25,3,0.0,65,39
2026-05-21 15:00:45,2026-05-21,4,羽毛球馆-2号,11:00-12:00,1,1,已售/已满,教学时间,晴,25,22,4,0.0,56,39
2026-05-21 15:30:43,2026-05-21,4,羽毛球馆-2号,11:00-12:00,1,1,已售/已满,教学时间,晴,25,23,4,0.0,57,40
2026-05-21 16:00:51,2026-05-21,4,羽毛球馆-2号,11:00-12:00,1,1,已售/已满,教学时间,晴,25,23,4,0.0,57,40
2026-05-21 16:30:48,2026-05-21,4,羽毛球馆-2号,11:00-12:00,1,1,已售/已满,教学时间,晴,25,24,3,0.0,60,39
2026-05-21 17:00:49,2026-05-21,4,羽毛球馆-2号,11:00-12:00,1,1,已售/已满,教学时间,晴,25,24,4,0.0,61,39
2026-05-21 17:30:47,2026-05-21,4,羽毛球馆-2号,11:00-12:00,1,1,已售/已满,教学时间,多云,24,23,3,0.0,64,39
2026-05-21 18:00:50,2026-05-21,4,羽毛球馆-2号,11:00-12:00,1,1,已售/已满,教学时间,多云,24,23,3,0.0,68,39
2026-05-21 18:30:50,2026-05-21,4,羽毛球馆-2号,11:00-12:00,1,1,已售/已满,教学时间,阴,24,25,2,0.0,68,40
2026-05-21 19:00:50,2026-05-21,4,羽毛球馆-2号,11:00-12:00,1,1,已售/已满,教学时间,阴,23,23,3,0.0,76,40
2026-05-21 19:30:46,2026-05-21,4,羽毛球馆-2号,11:00-12:00,1,1,已售/已满,教学时间,阴,23,24,2,0.0,77,39
2026-05-21 20:00:49,2026-05-21,4,羽毛球馆-2号,11:00-12:00,1,1,已售/已满,教学时间,雾,22,23,2,0.0,89,39
2026-05-21 20:30:44,2026-05-21,4,羽毛球馆-2号,11:00-12:00,1,1,已售/已满,教学时间,雾,22,24,2,0.0,93,43
2026-05-21 21:00:56,2026-05-21,4,羽毛球馆-2号,11:00-12:00,1,1,已售/已满,教学时间,雾,20,21,2,0.0,98,43
2026-05-21 21:30:46,2026-05-21,4,羽毛球馆-2号,11:00-12:00,1,1,已售/已满,教学时间,雾,20,22,1,0.0,99,41
2026-05-21 22:01:02,2026-05-21,4,羽毛球馆-2号,11:00-12:00,1,1,已售/已满,教学时间,雾,19,20,2,0.0,93,41
2026-05-21 22:30:47,2026-05-21,4,羽毛球馆-2号,11:00-12:00,1,1,已售/已满,教学时间,雾,19,19,3,0.0,88,46
2026-05-21 23:00:56,2026-05-21,4,羽毛球馆-2号,11:00-12:00,1,1,已售/已满,教学时间,多云,18,17,3,0.0,85,46
2026-05-21 23:30:55,2026-05-21,4,羽毛球馆-2号,11:00-12:00,1,1,已售/已满,教学时间,多云,18,17,3,0.0,85,48
2026-05-21 00:30:49,2026-05-21,4,羽毛球馆-2号,12:00-12:55,1,1,已售/已满,已售,多云,15,13,3,0.0,100,26
2026-05-21 01:00:55,2026-05-21,4,羽毛球馆-2号,12:00-12:55,1,1,已售/已满,已售,多云,15,12,4,0.0,100,26
2026-05-21 01:30:47,2026-05-21,4,羽毛球馆-2号,12:00-12:55,1,1,已售/已满,已售,多云,15,13,4,0.0,100,28
2026-05-21 02:00:53,2026-05-21,4,羽毛球馆-2号,12:00-12:55,1,1,已售/已满,已售,多云,15,12,4,0.0,100,28
2026-05-21 02:30:49,2026-05-21,4,羽毛球馆-2号,12:00-12:55,1,1,已售/已满,已售,多云,15,14,3,0.0,100,29
2026-05-21 03:00:55,2026-05-21,4,羽毛球馆-2号,12:00-12:55,1,1,已售/已满,已售,多云,15,12,4,0.0,100,29
2026-05-21 03:30:49,2026-05-21,4,羽毛球馆-2号,12:00-12:55,1,1,已售/已满,已售,多云,15,14,3,0.0,100,30
2026-05-21 04:30:45,2026-05-21,4,羽毛球馆-2号,12:00-12:55,1,1,已售/已满,已售,多云,15,12,4,0.0,100,29
2026-05-21 05:00:52,2026-05-21,4,羽毛球馆-2号,12:00-12:55,1,1,已售/已满,已售,多云,15,12,4,0.0,100,29
2026-05-21 05:30:49,2026-05-21,4,羽毛球馆-2号,12:00-12:55,1,1,已售/已满,已售,多云,15,13,3,0.0,100,28
2026-05-21 06:00:50,2026-05-21,4,羽毛球馆-2号,12:00-12:55,1,1,已售/已满,已售,多云,15,13,4,0.0,99,28
2026-05-21 06:30:38,2026-05-21,4,羽毛球馆-2号,12:00-12:55,1,1,已售/已满,已售,多云,15,13,3,0.0,97,28
2026-05-21 07:00:43,2026-05-21,4,羽毛球馆-2号,12:00-12:55,1,1,已售/已满,已售,晴,15,11,5,0.0,93,28
2026-05-21 07:30:39,2026-05-21,4,羽毛球馆-2号,12:00-12:55,1,1,已售/已满,已售,晴,17,13,4,0.0,89,29
2026-05-21 07:50:40,2026-05-21,4,羽毛球馆-2号,12:00-12:55,1,1,已售/已满,已售,晴,17,13,4,0.0,88,29
2026-05-21 07:53:31,2026-05-21,4,羽毛球馆-2号,12:00-12:55,1,1,已售/已满,已售,晴,17,12,5,0.0,86,29
2026-05-21 07:56:31,2026-05-21,4,羽毛球馆-2号,12:00-12:55,1,1,已售/已满,已售,晴,17,12,5,0.0,86,29
2026-05-21 07:59:26,2026-05-21,4,羽毛球馆-2号,12:00-12:55,1,1,已售/已满,已售,晴,17,12,5,0.0,86,29
2026-05-21 08:00:45,2026-05-21,4,羽毛球馆-2号,12:00-12:55,1,1,已售/已满,已售,晴,17,12,5,0.0,86,29
2026-05-21 08:02:30,2026-05-21,4,羽毛球馆-2号,12:00-12:55,1,1,已售/已满,已售,多云,17,12,5,0.0,87,29
2026-05-21 08:05:36,2026-05-21,4,羽毛球馆-2号,12:00-12:55,1,1,已售/已满,已售,多云,17,12,5,0.0,86,29
2026-05-21 08:08:31,2026-05-21,4,羽毛球馆-2号,12:00-12:55,1,1,已售/已满,已售,多云,17,12,5,0.0,86,29
2026-05-21 08:11:30,2026-05-21,4,羽毛球馆-2号,12:00-12:55,1,1,已售/已满,已售,多云,17,12,5,0.0,86,29
2026-05-21 08:14:31,2026-05-21,4,羽毛球馆-2号,12:00-12:55,1,1,已售/已满,已售,多云,17,12,5,0.0,86,29
2026-05-21 08:17:30,2026-05-21,4,羽毛球馆-2号,12:00-12:55,1,1,已售/已满,已售,多云,17,12,5,0.0,86,29
2026-05-21 08:20:35,2026-05-21,4,羽毛球馆-2号,12:00-12:55,1,1,已售/已满,已售,多云,17,14,4,0.0,85,29
2026-05-21 08:25:32,2026-05-21,4,羽毛球馆-2号,12:00-12:55,1,1,已售/已满,已售,多云,17,14,4,0.0,85,28
2026-05-21 08:30:42,2026-05-21,4,羽毛球馆-2号,12:00-12:55,1,1,已售/已满,已售,多云,18,15,4,0.0,84,28
2026-05-21 08:35:31,2026-05-21,4,羽毛球馆-2号,12:00-12:55,1,1,已售/已满,已售,多云,18,15,4,0.0,84,28
2026-05-21 08:40:38,2026-05-21,4,羽毛球馆-2号,12:00-12:55,1,1,已售/已满,已售,多云,18,15,4,0.0,82,28
2026-05-21 08:45:33,2026-05-21,4,羽毛球馆-2号,12:00-12:55,1,1,已售/已满,已售,多云,18,15,4,0.0,82,28
2026-05-21 08:50:36,2026-05-21,4,羽毛球馆-2号,12:00-12:55,1,1,已售/已满,已售,多云,18,15,4,0.0,82,28
2026-05-21 08:55:34,2026-05-21,4,羽毛球馆-2号,12:00-12:55,1,1,已售/已满,已售,多云,18,15,4,0.0,84,28
2026-05-21 09:00:51,2026-05-21,4,羽毛球馆-2号,12:00-12:55,1,1,已售/已满,已售,多云,18,15,4,0.0,84,28
2026-05-21 09:01:59,2026-05-21,4,羽毛球馆-2号,12:00-12:55,1,1,已售/已满,已售,多云,18,15,4,0.0,83,28
2026-05-21 09:05:33,2026-05-21,4,羽毛球馆-2号,12:00-12:55,1,1,已售/已满,已售,多云,18,15,4,0.0,83,28
2026-05-21 09:20:38,2026-05-21,4,羽毛球馆-2号,12:00-12:55,1,1,已售/已满,已售,多云,18,16,3,0.0,81,28
2026-05-21 09:30:46,2026-05-21,4,羽毛球馆-2号,12:00-12:55,1,1,已售/已满,已售,多云,18,16,3,0.0,81,32
2026-05-21 09:40:36,2026-05-21,4,羽毛球馆-2号,12:00-12:55,1,1,已售/已满,已售,多云,19,17,3,0.0,79,32
2026-05-21 09:50:42,2026-05-21,4,羽毛球馆-2号,12:00-12:55,1,1,已售/已满,已售,多云,19,17,4,0.0,81,32
2026-05-21 10:00:46,2026-05-21,4,羽毛球馆-2号,12:00-12:55,1,1,已售/已满,已售,多云,19,17,4,0.0,79,32
2026-05-21 10:10:40,2026-05-21,4,羽毛球馆-2号,12:00-12:55,1,1,已售/已满,已售,多云,19,17,4,0.0,79,32
2026-05-21 10:20:38,2026-05-21,4,羽毛球馆-2号,12:00-12:55,1,1,已售/已满,已售,多云,19,17,4,0.0,79,32
2026-05-21 10:30:41,2026-05-21,4,羽毛球馆-2号,12:00-12:55,1,1,已售/已满,已售,多云,19,18,3,0.0,78,31
2026-05-21 11:00:44,2026-05-21,4,羽毛球馆-2号,12:00-12:55,1,1,已售/已满,已售,多云,21,17,5,0.0,74,31
2026-05-21 11:30:38,2026-05-21,4,羽毛球馆-2号,12:00-12:55,1,1,已售/已满,已售,多云,21,19,3,0.0,72,33
2026-05-21 12:00:46,2026-05-21,4,羽毛球馆-2号,12:00-12:55,1,1,已售/已满,已售,多云,22,19,4,0.0,70,33
2026-05-21 12:30:42,2026-05-21,4,羽毛球馆-2号,12:00-12:55,1,1,已售/已满,已售,多云,22,21,3,0.0,68,35
2026-05-21 13:00:43,2026-05-21,4,羽毛球馆-2号,12:00-12:55,1,1,已售/已满,已售,多云,24,22,4,0.0,66,35
2026-05-21 13:30:43,2026-05-21,4,羽毛球馆-2号,12:00-12:55,1,1,已售/已满,已售,多云,24,22,4,0.0,66,36
2026-05-21 14:00:48,2026-05-21,4,羽毛球馆-2号,12:00-12:55,1,1,已售/已满,已售,多云,25,23,4,0.0,66,36
2026-05-21 14:30:45,2026-05-21,4,羽毛球馆-2号,12:00-12:55,1,1,已售/已满,已售,晴,25,25,3,0.0,65,39
2026-05-21 15:00:45,2026-05-21,4,羽毛球馆-2号,12:00-12:55,1,1,已售/已满,已售,晴,25,22,4,0.0,56,39
2026-05-21 15:30:43,2026-05-21,4,羽毛球馆-2号,12:00-12:55,1,1,已售/已满,已售,晴,25,23,4,0.0,57,40
2026-05-21 16:00:51,2026-05-21,4,羽毛球馆-2号,12:00-12:55,1,1,已售/已满,已售,晴,25,23,4,0.0,57,40
2026-05-21 16:30:48,2026-05-21,4,羽毛球馆-2号,12:00-12:55,1,1,已售/已满,已售,晴,25,24,3,0.0,60,39
2026-05-21 17:00:49,2026-05-21,4,羽毛球馆-2号,12:00-12:55,1,1,已售/已满,已售,晴,25,24,4,0.0,61,39
2026-05-21 17:30:47,2026-05-21,4,羽毛球馆-2号,12:00-12:55,1,1,已售/已满,已售,多云,24,23,3,0.0,64,39
2026-05-21 18:00:50,2026-05-21,4,羽毛球馆-2号,12:00-12:55,1,1,已售/已满,已售,多云,24,23,3,0.0,68,39
2026-05-21 18:30:50,2026-05-21,4,羽毛球馆-2号,12:00-12:55,1,1,已售/已满,已售,阴,24,25,2,0.0,68,40
2026-05-21 19:00:50,2026-05-21,4,羽毛球馆-2号,12:00-12:55,1,1,已售/已满,已售,阴,23,23,3,0.0,76,40
2026-05-21 19:30:46,2026-05-21,4,羽毛球馆-2号,12:00-12:55,1,1,已售/已满,已售,阴,23,24,2,0.0,77,39
2026-05-21 20:00:49,2026-05-21,4,羽毛球馆-2号,12:00-12:55,1,1,已售/已满,已售,雾,22,23,2,0.0,89,39
2026-05-21 20:30:44,2026-05-21,4,羽毛球馆-2号,12:00-12:55,1,1,已售/已满,已售,雾,22,24,2,0.0,93,43
2026-05-21 21:00:56,2026-05-21,4,羽毛球馆-2号,12:00-12:55,1,1,已售/已满,已售,雾,20,21,2,0.0,98,43
2026-05-21 21:30:46,2026-05-21,4,羽毛球馆-2号,12:00-12:55,1,1,已售/已满,已售,雾,20,22,1,0.0,99,41
2026-05-21 22:01:02,2026-05-21,4,羽毛球馆-2号,12:00-12:55,1,1,已售/已满,已售,雾,19,20,2,0.0,93,41
2026-05-21 22:30:47,2026-05-21,4,羽毛球馆-2号,12:00-12:55,1,1,已售/已满,已售,雾,19,19,3,0.0,88,46
2026-05-21 23:00:56,2026-05-21,4,羽毛球馆-2号,12:00-12:55,1,1,已售/已满,已售,多云,18,17,3,0.0,85,46
2026-05-21 23:30:55,2026-05-21,4,羽毛球馆-2号,12:00-12:55,1,1,已售/已满,已售,多云,18,17,3,0.0,85,48
2026-05-21 00:30:49,2026-05-21,4,羽毛球馆-2号,12:55-13:50,1,1,已售/已满,已售,多云,15,13,3,0.0,100,26
2026-05-21 01:00:55,2026-05-21,4,羽毛球馆-2号,12:55-13:50,1,1,已售/已满,已售,多云,15,12,4,0.0,100,26
2026-05-21 01:30:47,2026-05-21,4,羽毛球馆-2号,12:55-13:50,1,1,已售/已满,已售,多云,15,13,4,0.0,100,28
2026-05-21 02:00:53,2026-05-21,4,羽毛球馆-2号,12:55-13:50,1,1,已售/已满,已售,多云,15,12,4,0.0,100,28
2026-05-21 02:30:49,2026-05-21,4,羽毛球馆-2号,12:55-13:50,1,1,已售/已满,已售,多云,15,14,3,0.0,100,29
2026-05-21 03:00:55,2026-05-21,4,羽毛球馆-2号,12:55-13:50,1,1,已售/已满,已售,多云,15,12,4,0.0,100,29
2026-05-21 03:30:49,2026-05-21,4,羽毛球馆-2号,12:55-13:50,1,1,已售/已满,已售,多云,15,14,3,0.0,100,30
2026-05-21 04:30:45,2026-05-21,4,羽毛球馆-2号,12:55-13:50,1,1,已售/已满,已售,多云,15,12,4,0.0,100,29
2026-05-21 05:00:52,2026-05-21,4,羽毛球馆-2号,12:55-13:50,1,1,已售/已满,已售,多云,15,12,4,0.0,100,29
2026-05-21 05:30:49,2026-05-21,4,羽毛球馆-2号,12:55-13:50,1,1,已售/已满,已售,多云,15,13,3,0.0,100,28
2026-05-21 06:00:50,2026-05-21,4,羽毛球馆-2号,12:55-13:50,1,1,已售/已满,已售,多云,15,13,4,0.0,99,28
2026-05-21 06:30:38,2026-05-21,4,羽毛球馆-2号,12:55-13:50,1,1,已售/已满,已售,多云,15,13,3,0.0,97,28
2026-05-21 07:00:43,2026-05-21,4,羽毛球馆-2号,12:55-13:50,1,1,已售/已满,已售,晴,15,11,5,0.0,93,28
2026-05-21 07:30:39,2026-05-21,4,羽毛球馆-2号,12:55-13:50,1,1,已售/已满,已售,晴,17,13,4,0.0,89,29
2026-05-21 07:50:40,2026-05-21,4,羽毛球馆-2号,12:55-13:50,1,1,已售/已满,已售,晴,17,13,4,0.0,88,29
2026-05-21 07:53:31,2026-05-21,4,羽毛球馆-2号,12:55-13:50,1,1,已售/已满,已售,晴,17,12,5,0.0,86,29
2026-05-21 07:56:31,2026-05-21,4,羽毛球馆-2号,12:55-13:50,1,1,已售/已满,已售,晴,17,12,5,0.0,86,29
2026-05-21 07:59:26,2026-05-21,4,羽毛球馆-2号,12:55-13:50,1,1,已售/已满,已售,晴,17,12,5,0.0,86,29
2026-05-21 08:00:45,2026-05-21,4,羽毛球馆-2号,12:55-13:50,1,1,已售/已满,已售,晴,17,12,5,0.0,86,29
2026-05-21 08:02:30,2026-05-21,4,羽毛球馆-2号,12:55-13:50,1,1,已售/已满,已售,多云,17,12,5,0.0,87,29
2026-05-21 08:05:36,2026-05-21,4,羽毛球馆-2号,12:55-13:50,1,1,已售/已满,已售,多云,17,12,5,0.0,86,29
2026-05-21 08:08:31,2026-05-21,4,羽毛球馆-2号,12:55-13:50,1,1,已售/已满,已售,多云,17,12,5,0.0,86,29
2026-05-21 08:11:30,2026-05-21,4,羽毛球馆-2号,12:55-13:50,1,1,已售/已满,已售,多云,17,12,5,0.0,86,29
2026-05-21 08:14:31,2026-05-21,4,羽毛球馆-2号,12:55-13:50,1,1,已售/已满,已售,多云,17,12,5,0.0,86,29
2026-05-21 08:17:30,2026-05-21,4,羽毛球馆-2号,12:55-13:50,1,1,已售/已满,已售,多云,17,12,5,0.0,86,29
2026-05-21 08:20:35,2026-05-21,4,羽毛球馆-2号,12:55-13:50,1,1,已售/已满,已售,多云,17,14,4,0.0,85,29
2026-05-21 08:25:32,2026-05-21,4,羽毛球馆-2号,12:55-13:50,1,1,已售/已满,已售,多云,17,14,4,0.0,85,28
2026-05-21 08:30:42,2026-05-21,4,羽毛球馆-2号,12:55-13:50,1,1,已售/已满,已售,多云,18,15,4,0.0,84,28
2026-05-21 08:35:31,2026-05-21,4,羽毛球馆-2号,12:55-13:50,1,1,已售/已满,已售,多云,18,15,4,0.0,84,28
2026-05-21 08:40:38,2026-05-21,4,羽毛球馆-2号,12:55-13:50,1,1,已售/已满,已售,多云,18,15,4,0.0,82,28
2026-05-21 08:45:33,2026-05-21,4,羽毛球馆-2号,12:55-13:50,1,1,已售/已满,已售,多云,18,15,4,0.0,82,28
2026-05-21 08:50:36,2026-05-21,4,羽毛球馆-2号,12:55-13:50,1,1,已售/已满,已售,多云,18,15,4,0.0,82,28
2026-05-21 08:55:34,2026-05-21,4,羽毛球馆-2号,12:55-13:50,1,1,已售/已满,已售,多云,18,15,4,0.0,84,28
2026-05-21 09:00:51,2026-05-21,4,羽毛球馆-2号,12:55-13:50,1,1,已售/已满,已售,多云,18,15,4,0.0,84,28
2026-05-21 09:01:59,2026-05-21,4,羽毛球馆-2号,12:55-13:50,1,1,已售/已满,已售,多云,18,15,4,0.0,83,28
2026-05-21 09:05:33,2026-05-21,4,羽毛球馆-2号,12:55-13:50,1,1,已售/已满,已售,多云,18,15,4,0.0,83,28
2026-05-21 09:20:38,2026-05-21,4,羽毛球馆-2号,12:55-13:50,1,1,已售/已满,已售,多云,18,16,3,0.0,81,28
2026-05-21 09:30:46,2026-05-21,4,羽毛球馆-2号,12:55-13:50,1,1,已售/已满,已售,多云,18,16,3,0.0,81,32
2026-05-21 09:40:36,2026-05-21,4,羽毛球馆-2号,12:55-13:50,1,1,已售/已满,已售,多云,19,17,3,0.0,79,32
2026-05-21 09:50:42,2026-05-21,4,羽毛球馆-2号,12:55-13:50,1,1,已售/已满,已售,多云,19,17,4,0.0,81,32
2026-05-21 10:00:46,2026-05-21,4,羽毛球馆-2号,12:55-13:50,1,1,已售/已满,已售,多云,19,17,4,0.0,79,32
2026-05-21 10:10:40,2026-05-21,4,羽毛球馆-2号,12:55-13:50,1,1,已售/已满,已售,多云,19,17,4,0.0,79,32
2026-05-21 10:20:38,2026-05-21,4,羽毛球馆-2号,12:55-13:50,1,1,已售/已满,已售,多云,19,17,4,0.0,79,32
2026-05-21 10:30:41,2026-05-21,4,羽毛球馆-2号,12:55-13:50,1,1,已售/已满,已售,多云,19,18,3,0.0,78,31
2026-05-21 11:00:44,2026-05-21,4,羽毛球馆-2号,12:55-13:50,1,1,已售/已满,已售,多云,21,17,5,0.0,74,31
2026-05-21 11:30:38,2026-05-21,4,羽毛球馆-2号,12:55-13:50,1,1,已售/已满,已售,多云,21,19,3,0.0,72,33
2026-05-21 12:00:46,2026-05-21,4,羽毛球馆-2号,12:55-13:50,1,1,已售/已满,已售,多云,22,19,4,0.0,70,33
2026-05-21 12:30:42,2026-05-21,4,羽毛球馆-2号,12:55-13:50,1,1,已售/已满,已售,多云,22,21,3,0.0,68,35
2026-05-21 13:00:43,2026-05-21,4,羽毛球馆-2号,12:55-13:50,1,1,已售/已满,已售,多云,24,22,4,0.0,66,35
2026-05-21 13:30:43,2026-05-21,4,羽毛球馆-2号,12:55-13:50,1,1,已售/已满,已售,多云,24,22,4,0.0,66,36
2026-05-21 14:00:48,2026-05-21,4,羽毛球馆-2号,12:55-13:50,1,1,已售/已满,已售,多云,25,23,4,0.0,66,36
2026-05-21 14:30:45,2026-05-21,4,羽毛球馆-2号,12:55-13:50,1,1,已售/已满,已售,晴,25,25,3,0.0,65,39
2026-05-21 15:00:45,2026-05-21,4,羽毛球馆-2号,12:55-13:50,1,1,已售/已满,已售,晴,25,22,4,0.0,56,39
2026-05-21 15:30:43,2026-05-21,4,羽毛球馆-2号,12:55-13:50,1,1,已售/已满,已售,晴,25,23,4,0.0,57,40
2026-05-21 16:00:51,2026-05-21,4,羽毛球馆-2号,12:55-13:50,1,1,已售/已满,已售,晴,25,23,4,0.0,57,40
2026-05-21 16:30:48,2026-05-21,4,羽毛球馆-2号,12:55-13:50,1,1,已售/已满,已售,晴,25,24,3,0.0,60,39
2026-05-21 17:00:49,2026-05-21,4,羽毛球馆-2号,12:55-13:50,1,1,已售/已满,已售,晴,25,24,4,0.0,61,39
2026-05-21 17:30:47,2026-05-21,4,羽毛球馆-2号,12:55-13:50,1,1,已售/已满,已售,多云,24,23,3,0.0,64,39
2026-05-21 18:00:50,2026-05-21,4,羽毛球馆-2号,12:55-13:50,1,1,已售/已满,已售,多云,24,23,3,0.0,68,39
2026-05-21 18:30:50,2026-05-21,4,羽毛球馆-2号,12:55-13:50,1,1,已售/已满,已售,阴,24,25,2,0.0,68,40
2026-05-21 19:00:50,2026-05-21,4,羽毛球馆-2号,12:55-13:50,1,1,已售/已满,已售,阴,23,23,3,0.0,76,40
2026-05-21 19:30:46,2026-05-21,4,羽毛球馆-2号,12:55-13:50,1,1,已售/已满,已售,阴,23,24,2,0.0,77,39
2026-05-21 20:00:49,2026-05-21,4,羽毛球馆-2号,12:55-13:50,1,1,已售/已满,已售,雾,22,23,2,0.0,89,39
2026-05-21 20:30:44,2026-05-21,4,羽毛球馆-2号,12:55-13:50,1,1,已售/已满,已售,雾,22,24,2,0.0,93,43
2026-05-21 21:00:56,2026-05-21,4,羽毛球馆-2号,12:55-13:50,1,1,已售/已满,已售,雾,20,21,2,0.0,98,43
2026-05-21 21:30:46,2026-05-21,4,羽毛球馆-2号,12:55-13:50,1,1,已售/已满,已售,雾,20,22,1,0.0,99,41
2026-05-21 22:01:02,2026-05-21,4,羽毛球馆-2号,12:55-13:50,1,1,已售/已满,已售,雾,19,20,2,0.0,93,41
2026-05-21 22:30:47,2026-05-21,4,羽毛球馆-2号,12:55-13:50,1,1,已售/已满,已售,雾,19,19,3,0.0,88,46
2026-05-21 23:00:56,2026-05-21,4,羽毛球馆-2号,12:55-13:50,1,1,已售/已满,已售,多云,18,17,3,0.0,85,46
2026-05-21 23:30:55,2026-05-21,4,羽毛球馆-2号,12:55-13:50,1,1,已售/已满,已售,多云,18,17,3,0.0,85,48
2026-05-21 00:30:49,2026-05-21,4,羽毛球馆-2号,14:00-15:00,0,1,可预约,￥12.0,多云,15,13,3,0.0,100,26
2026-05-21 01:00:55,2026-05-21,4,羽毛球馆-2号,14:00-15:00,0,1,可预约,￥12.0,多云,15,12,4,0.0,100,26
2026-05-21 01:30:47,2026-05-21,4,羽毛球馆-2号,14:00-15:00,0,1,可预约,￥12.0,多云,15,13,4,0.0,100,28
2026-05-21 02:00:53,2026-05-21,4,羽毛球馆-2号,14:00-15:00,0,1,可预约,￥12.0,多云,15,12,4,0.0,100,28
2026-05-21 02:30:49,2026-05-21,4,羽毛球馆-2号,14:00-15:00,0,1,可预约,￥12.0,多云,15,14,3,0.0,100,29
2026-05-21 03:00:55,2026-05-21,4,羽毛球馆-2号,14:00-15:00,0,1,可预约,￥12.0,多云,15,12,4,0.0,100,29
2026-05-21 03:30:49,2026-05-21,4,羽毛球馆-2号,14:00-15:00,0,1,可预约,￥12.0,多云,15,14,3,0.0,100,30
2026-05-21 04:30:45,2026-05-21,4,羽毛球馆-2号,14:00-15:00,0,1,可预约,￥12.0,多云,15,12,4,0.0,100,29
2026-05-21 05:00:52,2026-05-21,4,羽毛球馆-2号,14:00-15:00,0,1,可预约,￥12.0,多云,15,12,4,0.0,100,29
2026-05-21 05:30:49,2026-05-21,4,羽毛球馆-2号,14:00-15:00,0,1,可预约,￥12.0,多云,15,13,3,0.0,100,28
2026-05-21 06:00:50,2026-05-21,4,羽毛球馆-2号,14:00-15:00,0,1,可预约,￥12.0,多云,15,13,4,0.0,99,28
2026-05-21 06:30:38,2026-05-21,4,羽毛球馆-2号,14:00-15:00,0,1,可预约,￥12.0,多云,15,13,3,0.0,97,28
2026-05-21 07:00:43,2026-05-21,4,羽毛球馆-2号,14:00-15:00,0,1,可预约,￥12.0,晴,15,11,5,0.0,93,28
2026-05-21 07:30:39,2026-05-21,4,羽毛球馆-2号,14:00-15:00,0,1,可预约,￥12.0,晴,17,13,4,0.0,89,29
2026-05-21 07:50:40,2026-05-21,4,羽毛球馆-2号,14:00-15:00,0,1,可预约,￥12.0,晴,17,13,4,0.0,88,29
2026-05-21 07:53:31,2026-05-21,4,羽毛球馆-2号,14:00-15:00,0,1,可预约,￥12.0,晴,17,12,5,0.0,86,29
2026-05-21 07:56:31,2026-05-21,4,羽毛球馆-2号,14:00-15:00,0,1,可预约,￥12.0,晴,17,12,5,0.0,86,29
2026-05-21 07:59:26,2026-05-21,4,羽毛球馆-2号,14:00-15:00,0,1,可预约,￥12.0,晴,17,12,5,0.0,86,29
2026-05-21 08:00:45,2026-05-21,4,羽毛球馆-2号,14:00-15:00,0,1,可预约,￥12.0,晴,17,12,5,0.0,86,29
2026-05-21 08:02:30,2026-05-21,4,羽毛球馆-2号,14:00-15:00,0,1,可预约,￥12.0,多云,17,12,5,0.0,87,29
2026-05-21 08:05:36,2026-05-21,4,羽毛球馆-2号,14:00-15:00,0,1,可预约,￥12.0,多云,17,12,5,0.0,86,29
2026-05-21 08:08:31,2026-05-21,4,羽毛球馆-2号,14:00-15:00,0,1,可预约,￥12.0,多云,17,12,5,0.0,86,29
2026-05-21 08:11:30,2026-05-21,4,羽毛球馆-2号,14:00-15:00,0,1,可预约,￥12.0,多云,17,12,5,0.0,86,29
2026-05-21 08:14:31,2026-05-21,4,羽毛球馆-2号,14:00-15:00,0,1,可预约,￥12.0,多云,17,12,5,0.0,86,29
2026-05-21 08:17:30,2026-05-21,4,羽毛球馆-2号,14:00-15:00,0,1,可预约,￥12.0,多云,17,12,5,0.0,86,29
2026-05-21 08:20:35,2026-05-21,4,羽毛球馆-2号,14:00-15:00,0,1,可预约,￥12.0,多云,17,14,4,0.0,85,29
2026-05-21 08:25:32,2026-05-21,4,羽毛球馆-2号,14:00-15:00,0,1,可预约,￥12.0,多云,17,14,4,0.0,85,28
2026-05-21 08:30:42,2026-05-21,4,羽毛球馆-2号,14:00-15:00,0,1,可预约,￥12.0,多云,18,15,4,0.0,84,28
2026-05-21 08:35:31,2026-05-21,4,羽毛球馆-2号,14:00-15:00,0,1,可预约,￥12.0,多云,18,15,4,0.0,84,28
2026-05-21 08:40:38,2026-05-21,4,羽毛球馆-2号,14:00-15:00,0,1,可预约,￥12.0,多云,18,15,4,0.0,82,28
2026-05-21 08:45:33,2026-05-21,4,羽毛球馆-2号,14:00-15:00,0,1,可预约,￥12.0,多云,18,15,4,0.0,82,28
2026-05-21 08:50:36,2026-05-21,4,羽毛球馆-2号,14:00-15:00,0,1,可预约,￥12.0,多云,18,15,4,0.0,82,28
2026-05-21 08:55:34,2026-05-21,4,羽毛球馆-2号,14:00-15:00,0,1,可预约,￥12.0,多云,18,15,4,0.0,84,28
2026-05-21 09:00:51,2026-05-21,4,羽毛球馆-2号,14:00-15:00,0,1,可预约,￥12.0,多云,18,15,4,0.0,84,28
2026-05-21 09:01:59,2026-05-21,4,羽毛球馆-2号,14:00-15:00,0,1,可预约,￥12.0,多云,18,15,4,0.0,83,28
2026-05-21 09:05:33,2026-05-21,4,羽毛球馆-2号,14:00-15:00,0,1,可预约,￥12.0,多云,18,15,4,0.0,83,28
2026-05-21 09:20:38,2026-05-21,4,羽毛球馆-2号,14:00-15:00,0,1,可预约,￥12.0,多云,18,16,3,0.0,81,28
2026-05-21 09:30:46,2026-05-21,4,羽毛球馆-2号,14:00-15:00,0,1,可预约,￥12.0,多云,18,16,3,0.0,81,32
2026-05-21 09:40:36,2026-05-21,4,羽毛球馆-2号,14:00-15:00,0,1,可预约,￥12.0,多云,19,17,3,0.0,79,32
2026-05-21 09:50:42,2026-05-21,4,羽毛球馆-2号,14:00-15:00,0,1,可预约,￥12.0,多云,19,17,4,0.0,81,32
2026-05-21 10:00:46,2026-05-21,4,羽毛球馆-2号,14:00-15:00,0,1,可预约,￥12.0,多云,19,17,4,0.0,79,32
2026-05-21 10:10:40,2026-05-21,4,羽毛球馆-2号,14:00-15:00,0,1,可预约,￥12.0,多云,19,17,4,0.0,79,32
2026-05-21 10:20:38,2026-05-21,4,羽毛球馆-2号,14:00-15:00,0,1,可预约,￥12.0,多云,19,17,4,0.0,79,32
2026-05-21 10:30:41,2026-05-21,4,羽毛球馆-2号,14:00-15:00,0,1,可预约,￥12.0,多云,19,18,3,0.0,78,31
2026-05-21 11:00:44,2026-05-21,4,羽毛球馆-2号,14:00-15:00,0,1,可预约,￥12.0,多云,21,17,5,0.0,74,31
2026-05-21 11:30:38,2026-05-21,4,羽毛球馆-2号,14:00-15:00,0,1,可预约,￥12.0,多云,21,19,3,0.0,72,33
2026-05-21 12:00:46,2026-05-21,4,羽毛球馆-2号,14:00-15:00,0,1,可预约,￥12.0,多云,22,19,4,0.0,70,33
2026-05-21 12:30:42,2026-05-21,4,羽毛球馆-2号,14:00-15:00,0,1,可预约,￥12.0,多云,22,21,3,0.0,68,35
2026-05-21 13:00:43,2026-05-21,4,羽毛球馆-2号,14:00-15:00,0,1,可预约,￥12.0,多云,24,22,4,0.0,66,35
2026-05-21 13:30:43,2026-05-21,4,羽毛球馆-2号,14:00-15:00,0,1,可预约,￥12.0,多云,24,22,4,0.0,66,36
2026-05-21 14:00:48,2026-05-21,4,羽毛球馆-2号,14:00-15:00,0,1,可预约,￥12.0,多云,25,23,4,0.0,66,36
2026-05-21 14:30:45,2026-05-21,4,羽毛球馆-2号,14:00-15:00,0,1,可预约,￥12.0,晴,25,25,3,0.0,65,39
2026-05-21 15:00:45,2026-05-21,4,羽毛球馆-2号,14:00-15:00,0,1,不开放/已过期,,晴,25,22,4,0.0,56,39
2026-05-21 15:30:43,2026-05-21,4,羽毛球馆-2号,14:00-15:00,0,1,不开放/已过期,,晴,25,23,4,0.0,57,40
2026-05-21 16:00:51,2026-05-21,4,羽毛球馆-2号,14:00-15:00,0,1,不开放/已过期,,晴,25,23,4,0.0,57,40
2026-05-21 16:30:48,2026-05-21,4,羽毛球馆-2号,14:00-15:00,0,1,不开放/已过期,,晴,25,24,3,0.0,60,39
2026-05-21 17:00:49,2026-05-21,4,羽毛球馆-2号,14:00-15:00,0,1,不开放/已过期,,晴,25,24,4,0.0,61,39
2026-05-21 17:30:47,2026-05-21,4,羽毛球馆-2号,14:00-15:00,0,1,不开放/已过期,,多云,24,23,3,0.0,64,39
2026-05-21 18:00:50,2026-05-21,4,羽毛球馆-2号,14:00-15:00,0,1,不开放/已过期,,多云,24,23,3,0.0,68,39
2026-05-21 18:30:50,2026-05-21,4,羽毛球馆-2号,14:00-15:00,0,1,不开放/已过期,,阴,24,25,2,0.0,68,40
2026-05-21 19:00:50,2026-05-21,4,羽毛球馆-2号,14:00-15:00,0,1,不开放/已过期,,阴,23,23,3,0.0,76,40
2026-05-21 19:30:46,2026-05-21,4,羽毛球馆-2号,14:00-15:00,0,1,不开放/已过期,,阴,23,24,2,0.0,77,39
2026-05-21 20:00:49,2026-05-21,4,羽毛球馆-2号,14:00-15:00,0,1,不开放/已过期,,雾,22,23,2,0.0,89,39
2026-05-21 20:30:44,2026-05-21,4,羽毛球馆-2号,14:00-15:00,0,1,不开放/已过期,,雾,22,24,2,0.0,93,43
2026-05-21 21:00:56,2026-05-21,4,羽毛球馆-2号,14:00-15:00,0,1,不开放/已过期,,雾,20,21,2,0.0,98,43
2026-05-21 21:30:46,2026-05-21,4,羽毛球馆-2号,14:00-15:00,0,1,不开放/已过期,,雾,20,22,1,0.0,99,41
2026-05-21 22:01:02,2026-05-21,4,羽毛球馆-2号,14:00-15:00,0,1,不开放/已过期,,雾,19,20,2,0.0,93,41
2026-05-21 22:30:47,2026-05-21,4,羽毛球馆-2号,14:00-15:00,0,1,不开放/已过期,,雾,19,19,3,0.0,88,46
2026-05-21 23:00:56,2026-05-21,4,羽毛球馆-2号,14:00-15:00,0,1,不开放/已过期,,多云,18,17,3,0.0,85,46
2026-05-21 23:30:55,2026-05-21,4,羽毛球馆-2号,14:00-15:00,0,1,不开放/已过期,,多云,18,17,3,0.0,85,48
2026-05-21 00:30:49,2026-05-21,4,羽毛球馆-2号,15:00-16:00,0,1,可预约,￥12.0,多云,15,13,3,0.0,100,26
2026-05-21 01:00:55,2026-05-21,4,羽毛球馆-2号,15:00-16:00,0,1,可预约,￥12.0,多云,15,12,4,0.0,100,26
2026-05-21 01:30:47,2026-05-21,4,羽毛球馆-2号,15:00-16:00,0,1,可预约,￥12.0,多云,15,13,4,0.0,100,28
2026-05-21 02:00:53,2026-05-21,4,羽毛球馆-2号,15:00-16:00,0,1,可预约,￥12.0,多云,15,12,4,0.0,100,28
2026-05-21 02:30:49,2026-05-21,4,羽毛球馆-2号,15:00-16:00,0,1,可预约,￥12.0,多云,15,14,3,0.0,100,29
2026-05-21 03:00:55,2026-05-21,4,羽毛球馆-2号,15:00-16:00,0,1,可预约,￥12.0,多云,15,12,4,0.0,100,29
2026-05-21 03:30:49,2026-05-21,4,羽毛球馆-2号,15:00-16:00,0,1,可预约,￥12.0,多云,15,14,3,0.0,100,30
2026-05-21 04:30:45,2026-05-21,4,羽毛球馆-2号,15:00-16:00,0,1,可预约,￥12.0,多云,15,12,4,0.0,100,29
2026-05-21 05:00:52,2026-05-21,4,羽毛球馆-2号,15:00-16:00,0,1,可预约,￥12.0,多云,15,12,4,0.0,100,29
2026-05-21 05:30:49,2026-05-21,4,羽毛球馆-2号,15:00-16:00,0,1,可预约,￥12.0,多云,15,13,3,0.0,100,28
2026-05-21 06:00:50,2026-05-21,4,羽毛球馆-2号,15:00-16:00,0,1,可预约,￥12.0,多云,15,13,4,0.0,99,28
2026-05-21 06:30:38,2026-05-21,4,羽毛球馆-2号,15:00-16:00,0,1,可预约,￥12.0,多云,15,13,3,0.0,97,28
2026-05-21 07:00:43,2026-05-21,4,羽毛球馆-2号,15:00-16:00,0,1,可预约,￥12.0,晴,15,11,5,0.0,93,28
2026-05-21 07:30:39,2026-05-21,4,羽毛球馆-2号,15:00-16:00,0,1,可预约,￥12.0,晴,17,13,4,0.0,89,29
2026-05-21 07:50:40,2026-05-21,4,羽毛球馆-2号,15:00-16:00,0,1,可预约,￥12.0,晴,17,13,4,0.0,88,29
2026-05-21 07:53:31,2026-05-21,4,羽毛球馆-2号,15:00-16:00,0,1,可预约,￥12.0,晴,17,12,5,0.0,86,29
2026-05-21 07:56:31,2026-05-21,4,羽毛球馆-2号,15:00-16:00,0,1,可预约,￥12.0,晴,17,12,5,0.0,86,29
2026-05-21 07:59:26,2026-05-21,4,羽毛球馆-2号,15:00-16:00,0,1,可预约,￥12.0,晴,17,12,5,0.0,86,29
2026-05-21 08:00:45,2026-05-21,4,羽毛球馆-2号,15:00-16:00,0,1,可预约,￥12.0,晴,17,12,5,0.0,86,29
2026-05-21 08:02:30,2026-05-21,4,羽毛球馆-2号,15:00-16:00,0,1,可预约,￥12.0,多云,17,12,5,0.0,87,29
2026-05-21 08:05:36,2026-05-21,4,羽毛球馆-2号,15:00-16:00,0,1,可预约,￥12.0,多云,17,12,5,0.0,86,29
2026-05-21 08:08:31,2026-05-21,4,羽毛球馆-2号,15:00-16:00,0,1,可预约,￥12.0,多云,17,12,5,0.0,86,29
2026-05-21 08:11:30,2026-05-21,4,羽毛球馆-2号,15:00-16:00,0,1,可预约,￥12.0,多云,17,12,5,0.0,86,29
2026-05-21 08:14:31,2026-05-21,4,羽毛球馆-2号,15:00-16:00,0,1,可预约,￥12.0,多云,17,12,5,0.0,86,29
2026-05-21 08:17:30,2026-05-21,4,羽毛球馆-2号,15:00-16:00,0,1,可预约,￥12.0,多云,17,12,5,0.0,86,29
2026-05-21 08:20:35,2026-05-21,4,羽毛球馆-2号,15:00-16:00,0,1,可预约,￥12.0,多云,17,14,4,0.0,85,29
2026-05-21 08:25:32,2026-05-21,4,羽毛球馆-2号,15:00-16:00,0,1,可预约,￥12.0,多云,17,14,4,0.0,85,28
2026-05-21 08:30:42,2026-05-21,4,羽毛球馆-2号,15:00-16:00,0,1,可预约,￥12.0,多云,18,15,4,0.0,84,28
2026-05-21 08:35:31,2026-05-21,4,羽毛球馆-2号,15:00-16:00,0,1,可预约,￥12.0,多云,18,15,4,0.0,84,28
2026-05-21 08:40:38,2026-05-21,4,羽毛球馆-2号,15:00-16:00,0,1,可预约,￥12.0,多云,18,15,4,0.0,82,28
2026-05-21 08:45:33,2026-05-21,4,羽毛球馆-2号,15:00-16:00,0,1,可预约,￥12.0,多云,18,15,4,0.0,82,28
2026-05-21 08:50:36,2026-05-21,4,羽毛球馆-2号,15:00-16:00,0,1,可预约,￥12.0,多云,18,15,4,0.0,82,28
2026-05-21 08:55:34,2026-05-21,4,羽毛球馆-2号,15:00-16:00,0,1,可预约,￥12.0,多云,18,15,4,0.0,84,28
2026-05-21 09:00:51,2026-05-21,4,羽毛球馆-2号,15:00-16:00,0,1,可预约,￥12.0,多云,18,15,4,0.0,84,28
2026-05-21 09:01:59,2026-05-21,4,羽毛球馆-2号,15:00-16:00,0,1,可预约,￥12.0,多云,18,15,4,0.0,83,28
2026-05-21 09:05:33,2026-05-21,4,羽毛球馆-2号,15:00-16:00,0,1,可预约,￥12.0,多云,18,15,4,0.0,83,28
2026-05-21 09:20:38,2026-05-21,4,羽毛球馆-2号,15:00-16:00,0,1,可预约,￥12.0,多云,18,16,3,0.0,81,28
2026-05-21 09:30:46,2026-05-21,4,羽毛球馆-2号,15:00-16:00,0,1,可预约,￥12.0,多云,18,16,3,0.0,81,32
2026-05-21 09:40:36,2026-05-21,4,羽毛球馆-2号,15:00-16:00,0,1,可预约,￥12.0,多云,19,17,3,0.0,79,32
2026-05-21 09:50:42,2026-05-21,4,羽毛球馆-2号,15:00-16:00,0,1,可预约,￥12.0,多云,19,17,4,0.0,81,32
2026-05-21 10:00:46,2026-05-21,4,羽毛球馆-2号,15:00-16:00,0,1,可预约,￥12.0,多云,19,17,4,0.0,79,32
2026-05-21 10:10:40,2026-05-21,4,羽毛球馆-2号,15:00-16:00,0,1,可预约,￥12.0,多云,19,17,4,0.0,79,32
2026-05-21 10:20:38,2026-05-21,4,羽毛球馆-2号,15:00-16:00,0,1,可预约,￥12.0,多云,19,17,4,0.0,79,32
2026-05-21 10:30:41,2026-05-21,4,羽毛球馆-2号,15:00-16:00,0,1,可预约,￥12.0,多云,19,18,3,0.0,78,31
2026-05-21 11:00:44,2026-05-21,4,羽毛球馆-2号,15:00-16:00,0,1,可预约,￥12.0,多云,21,17,5,0.0,74,31
2026-05-21 11:30:38,2026-05-21,4,羽毛球馆-2号,15:00-16:00,0,1,可预约,￥12.0,多云,21,19,3,0.0,72,33
2026-05-21 12:00:46,2026-05-21,4,羽毛球馆-2号,15:00-16:00,0,1,可预约,￥12.0,多云,22,19,4,0.0,70,33
2026-05-21 12:30:42,2026-05-21,4,羽毛球馆-2号,15:00-16:00,0,1,可预约,￥12.0,多云,22,21,3,0.0,68,35
2026-05-21 13:00:43,2026-05-21,4,羽毛球馆-2号,15:00-16:00,0,1,可预约,￥12.0,多云,24,22,4,0.0,66,35
2026-05-21 13:30:43,2026-05-21,4,羽毛球馆-2号,15:00-16:00,0,1,可预约,￥12.0,多云,24,22,4,0.0,66,36
2026-05-21 14:00:48,2026-05-21,4,羽毛球馆-2号,15:00-16:00,0,1,可预约,￥12.0,多云,25,23,4,0.0,66,36
2026-05-21 14:30:45,2026-05-21,4,羽毛球馆-2号,15:00-16:00,0,1,可预约,￥12.0,晴,25,25,3,0.0,65,39
2026-05-21 15:00:45,2026-05-21,4,羽毛球馆-2号,15:00-16:00,0,1,可预约,￥12.0,晴,25,22,4,0.0,56,39
2026-05-21 15:30:43,2026-05-21,4,羽毛球馆-2号,15:00-16:00,0,1,可预约,￥12.0,晴,25,23,4,0.0,57,40
2026-05-21 16:00:51,2026-05-21,4,羽毛球馆-2号,15:00-16:00,0,1,不开放/已过期,,晴,25,23,4,0.0,57,40
2026-05-21 16:30:48,2026-05-21,4,羽毛球馆-2号,15:00-16:00,0,1,不开放/已过期,,晴,25,24,3,0.0,60,39
2026-05-21 17:00:49,2026-05-21,4,羽毛球馆-2号,15:00-16:00,0,1,不开放/已过期,,晴,25,24,4,0.0,61,39
2026-05-21 17:30:47,2026-05-21,4,羽毛球馆-2号,15:00-16:00,0,1,不开放/已过期,,多云,24,23,3,0.0,64,39
2026-05-21 18:00:50,2026-05-21,4,羽毛球馆-2号,15:00-16:00,0,1,不开放/已过期,,多云,24,23,3,0.0,68,39
2026-05-21 18:30:50,2026-05-21,4,羽毛球馆-2号,15:00-16:00,0,1,不开放/已过期,,阴,24,25,2,0.0,68,40
2026-05-21 19:00:50,2026-05-21,4,羽毛球馆-2号,15:00-16:00,0,1,不开放/已过期,,阴,23,23,3,0.0,76,40
2026-05-21 19:30:46,2026-05-21,4,羽毛球馆-2号,15:00-16:00,0,1,不开放/已过期,,阴,23,24,2,0.0,77,39
2026-05-21 20:00:49,2026-05-21,4,羽毛球馆-2号,15:00-16:00,0,1,不开放/已过期,,雾,22,23,2,0.0,89,39
2026-05-21 20:30:44,2026-05-21,4,羽毛球馆-2号,15:00-16:00,0,1,不开放/已过期,,雾,22,24,2,0.0,93,43
2026-05-21 21:00:56,2026-05-21,4,羽毛球馆-2号,15:00-16:00,0,1,不开放/已过期,,雾,20,21,2,0.0,98,43
2026-05-21 21:30:46,2026-05-21,4,羽毛球馆-2号,15:00-16:00,0,1,不开放/已过期,,雾,20,22,1,0.0,99,41
2026-05-21 22:01:02,2026-05-21,4,羽毛球馆-2号,15:00-16:00,0,1,不开放/已过期,,雾,19,20,2,0.0,93,41
2026-05-21 22:30:47,2026-05-21,4,羽毛球馆-2号,15:00-16:00,0,1,不开放/已过期,,雾,19,19,3,0.0,88,46
2026-05-21 23:00:56,2026-05-21,4,羽毛球馆-2号,15:00-16:00,0,1,不开放/已过期,,多云,18,17,3,0.0,85,46
2026-05-21 23:30:55,2026-05-21,4,羽毛球馆-2号,15:00-16:00,0,1,不开放/已过期,,多云,18,17,3,0.0,85,48
2026-05-21 00:30:49,2026-05-21,4,羽毛球馆-2号,16:00-17:00,1,1,已售/已满,已售,多云,15,13,3,0.0,100,26
2026-05-21 01:00:55,2026-05-21,4,羽毛球馆-2号,16:00-17:00,0,1,可预约,￥12.0,多云,15,12,4,0.0,100,26
2026-05-21 01:30:47,2026-05-21,4,羽毛球馆-2号,16:00-17:00,0,1,可预约,￥12.0,多云,15,13,4,0.0,100,28
2026-05-21 02:00:53,2026-05-21,4,羽毛球馆-2号,16:00-17:00,0,1,可预约,￥12.0,多云,15,12,4,0.0,100,28
2026-05-21 02:30:49,2026-05-21,4,羽毛球馆-2号,16:00-17:00,0,1,可预约,￥12.0,多云,15,14,3,0.0,100,29
2026-05-21 03:00:55,2026-05-21,4,羽毛球馆-2号,16:00-17:00,0,1,可预约,￥12.0,多云,15,12,4,0.0,100,29
2026-05-21 03:30:49,2026-05-21,4,羽毛球馆-2号,16:00-17:00,0,1,可预约,￥12.0,多云,15,14,3,0.0,100,30
2026-05-21 04:30:45,2026-05-21,4,羽毛球馆-2号,16:00-17:00,0,1,可预约,￥12.0,多云,15,12,4,0.0,100,29
2026-05-21 05:00:52,2026-05-21,4,羽毛球馆-2号,16:00-17:00,0,1,可预约,￥12.0,多云,15,12,4,0.0,100,29
2026-05-21 05:30:49,2026-05-21,4,羽毛球馆-2号,16:00-17:00,0,1,可预约,￥12.0,多云,15,13,3,0.0,100,28
2026-05-21 06:00:50,2026-05-21,4,羽毛球馆-2号,16:00-17:00,0,1,可预约,￥12.0,多云,15,13,4,0.0,99,28
2026-05-21 06:30:38,2026-05-21,4,羽毛球馆-2号,16:00-17:00,0,1,可预约,￥12.0,多云,15,13,3,0.0,97,28
2026-05-21 07:00:43,2026-05-21,4,羽毛球馆-2号,16:00-17:00,0,1,可预约,￥12.0,晴,15,11,5,0.0,93,28
2026-05-21 07:30:39,2026-05-21,4,羽毛球馆-2号,16:00-17:00,0,1,可预约,￥12.0,晴,17,13,4,0.0,89,29
2026-05-21 07:50:40,2026-05-21,4,羽毛球馆-2号,16:00-17:00,0,1,可预约,￥12.0,晴,17,13,4,0.0,88,29
2026-05-21 07:53:31,2026-05-21,4,羽毛球馆-2号,16:00-17:00,0,1,可预约,￥12.0,晴,17,12,5,0.0,86,29
2026-05-21 07:56:31,2026-05-21,4,羽毛球馆-2号,16:00-17:00,0,1,可预约,￥12.0,晴,17,12,5,0.0,86,29
2026-05-21 07:59:26,2026-05-21,4,羽毛球馆-2号,16:00-17:00,0,1,可预约,￥12.0,晴,17,12,5,0.0,86,29
2026-05-21 08:00:45,2026-05-21,4,羽毛球馆-2号,16:00-17:00,0,1,可预约,￥12.0,晴,17,12,5,0.0,86,29
2026-05-21 08:02:30,2026-05-21,4,羽毛球馆-2号,16:00-17:00,0,1,可预约,￥12.0,多云,17,12,5,0.0,87,29
2026-05-21 08:05:36,2026-05-21,4,羽毛球馆-2号,16:00-17:00,0,1,可预约,￥12.0,多云,17,12,5,0.0,86,29
2026-05-21 08:08:31,2026-05-21,4,羽毛球馆-2号,16:00-17:00,0,1,可预约,￥12.0,多云,17,12,5,0.0,86,29
2026-05-21 08:11:30,2026-05-21,4,羽毛球馆-2号,16:00-17:00,0,1,可预约,￥12.0,多云,17,12,5,0.0,86,29
2026-05-21 08:14:31,2026-05-21,4,羽毛球馆-2号,16:00-17:00,0,1,可预约,￥12.0,多云,17,12,5,0.0,86,29
2026-05-21 08:17:30,2026-05-21,4,羽毛球馆-2号,16:00-17:00,0,1,可预约,￥12.0,多云,17,12,5,0.0,86,29
2026-05-21 08:20:35,2026-05-21,4,羽毛球馆-2号,16:00-17:00,0,1,可预约,￥12.0,多云,17,14,4,0.0,85,29
2026-05-21 08:25:32,2026-05-21,4,羽毛球馆-2号,16:00-17:00,0,1,可预约,￥12.0,多云,17,14,4,0.0,85,28
2026-05-21 08:30:42,2026-05-21,4,羽毛球馆-2号,16:00-17:00,0,1,可预约,￥12.0,多云,18,15,4,0.0,84,28
2026-05-21 08:35:31,2026-05-21,4,羽毛球馆-2号,16:00-17:00,0,1,可预约,￥12.0,多云,18,15,4,0.0,84,28
2026-05-21 08:40:38,2026-05-21,4,羽毛球馆-2号,16:00-17:00,0,1,可预约,￥12.0,多云,18,15,4,0.0,82,28
2026-05-21 08:45:33,2026-05-21,4,羽毛球馆-2号,16:00-17:00,0,1,可预约,￥12.0,多云,18,15,4,0.0,82,28
2026-05-21 08:50:36,2026-05-21,4,羽毛球馆-2号,16:00-17:00,0,1,可预约,￥12.0,多云,18,15,4,0.0,82,28
2026-05-21 08:55:34,2026-05-21,4,羽毛球馆-2号,16:00-17:00,0,1,可预约,￥12.0,多云,18,15,4,0.0,84,28
2026-05-21 09:00:51,2026-05-21,4,羽毛球馆-2号,16:00-17:00,0,1,可预约,￥12.0,多云,18,15,4,0.0,84,28
2026-05-21 09:01:59,2026-05-21,4,羽毛球馆-2号,16:00-17:00,0,1,可预约,￥12.0,多云,18,15,4,0.0,83,28
2026-05-21 09:05:33,2026-05-21,4,羽毛球馆-2号,16:00-17:00,0,1,可预约,￥12.0,多云,18,15,4,0.0,83,28
2026-05-21 09:20:38,2026-05-21,4,羽毛球馆-2号,16:00-17:00,1,1,已售/已满,已售,多云,18,16,3,0.0,81,28
2026-05-21 09:30:46,2026-05-21,4,羽毛球馆-2号,16:00-17:00,1,1,已售/已满,已售,多云,18,16,3,0.0,81,32
2026-05-21 09:40:36,2026-05-21,4,羽毛球馆-2号,16:00-17:00,1,1,已售/已满,已售,多云,19,17,3,0.0,79,32
2026-05-21 09:50:42,2026-05-21,4,羽毛球馆-2号,16:00-17:00,1,1,已售/已满,已售,多云,19,17,4,0.0,81,32
2026-05-21 10:00:46,2026-05-21,4,羽毛球馆-2号,16:00-17:00,1,1,已售/已满,已售,多云,19,17,4,0.0,79,32
2026-05-21 10:10:40,2026-05-21,4,羽毛球馆-2号,16:00-17:00,1,1,已售/已满,已售,多云,19,17,4,0.0,79,32
2026-05-21 10:20:38,2026-05-21,4,羽毛球馆-2号,16:00-17:00,1,1,已售/已满,已售,多云,19,17,4,0.0,79,32
2026-05-21 10:30:41,2026-05-21,4,羽毛球馆-2号,16:00-17:00,1,1,已售/已满,已售,多云,19,18,3,0.0,78,31
2026-05-21 11:00:44,2026-05-21,4,羽毛球馆-2号,16:00-17:00,1,1,已售/已满,已售,多云,21,17,5,0.0,74,31
2026-05-21 11:30:38,2026-05-21,4,羽毛球馆-2号,16:00-17:00,1,1,已售/已满,已售,多云,21,19,3,0.0,72,33
2026-05-21 12:00:46,2026-05-21,4,羽毛球馆-2号,16:00-17:00,1,1,已售/已满,已售,多云,22,19,4,0.0,70,33
2026-05-21 12:30:42,2026-05-21,4,羽毛球馆-2号,16:00-17:00,1,1,已售/已满,已售,多云,22,21,3,0.0,68,35
2026-05-21 13:00:43,2026-05-21,4,羽毛球馆-2号,16:00-17:00,1,1,已售/已满,已售,多云,24,22,4,0.0,66,35
2026-05-21 13:30:43,2026-05-21,4,羽毛球馆-2号,16:00-17:00,1,1,已售/已满,已售,多云,24,22,4,0.0,66,36
2026-05-21 14:00:48,2026-05-21,4,羽毛球馆-2号,16:00-17:00,1,1,已售/已满,已售,多云,25,23,4,0.0,66,36
2026-05-21 14:30:45,2026-05-21,4,羽毛球馆-2号,16:00-17:00,1,1,已售/已满,已售,晴,25,25,3,0.0,65,39
2026-05-21 15:00:45,2026-05-21,4,羽毛球馆-2号,16:00-17:00,1,1,已售/已满,已售,晴,25,22,4,0.0,56,39
2026-05-21 15:30:43,2026-05-21,4,羽毛球馆-2号,16:00-17:00,1,1,已售/已满,已售,晴,25,23,4,0.0,57,40
2026-05-21 16:00:51,2026-05-21,4,羽毛球馆-2号,16:00-17:00,1,1,已售/已满,已售,晴,25,23,4,0.0,57,40
2026-05-21 16:30:48,2026-05-21,4,羽毛球馆-2号,16:00-17:00,1,1,已售/已满,已售,晴,25,24,3,0.0,60,39
2026-05-21 17:00:49,2026-05-21,4,羽毛球馆-2号,16:00-17:00,1,1,已售/已满,已售,晴,25,24,4,0.0,61,39
2026-05-21 17:30:47,2026-05-21,4,羽毛球馆-2号,16:00-17:00,1,1,已售/已满,已售,多云,24,23,3,0.0,64,39
2026-05-21 18:00:50,2026-05-21,4,羽毛球馆-2号,16:00-17:00,1,1,已售/已满,已售,多云,24,23,3,0.0,68,39
2026-05-21 18:30:50,2026-05-21,4,羽毛球馆-2号,16:00-17:00,1,1,已售/已满,已售,阴,24,25,2,0.0,68,40
2026-05-21 19:00:50,2026-05-21,4,羽毛球馆-2号,16:00-17:00,1,1,已售/已满,已售,阴,23,23,3,0.0,76,40
2026-05-21 19:30:46,2026-05-21,4,羽毛球馆-2号,16:00-17:00,1,1,已售/已满,已售,阴,23,24,2,0.0,77,39
2026-05-21 20:00:49,2026-05-21,4,羽毛球馆-2号,16:00-17:00,1,1,已售/已满,已售,雾,22,23,2,0.0,89,39
2026-05-21 20:30:44,2026-05-21,4,羽毛球馆-2号,16:00-17:00,1,1,已售/已满,已售,雾,22,24,2,0.0,93,43
2026-05-21 21:00:56,2026-05-21,4,羽毛球馆-2号,16:00-17:00,1,1,已售/已满,已售,雾,20,21,2,0.0,98,43
2026-05-21 21:30:46,2026-05-21,4,羽毛球馆-2号,16:00-17:00,1,1,已售/已满,已售,雾,20,22,1,0.0,99,41
2026-05-21 22:01:02,2026-05-21,4,羽毛球馆-2号,16:00-17:00,1,1,已售/已满,已售,雾,19,20,2,0.0,93,41
2026-05-21 22:30:47,2026-05-21,4,羽毛球馆-2号,16:00-17:00,1,1,已售/已满,已售,雾,19,19,3,0.0,88,46
2026-05-21 23:00:56,2026-05-21,4,羽毛球馆-2号,16:00-17:00,1,1,已售/已满,已售,多云,18,17,3,0.0,85,46
2026-05-21 23:30:55,2026-05-21,4,羽毛球馆-2号,16:00-17:00,1,1,已售/已满,已售,多云,18,17,3,0.0,85,48
2026-05-21 00:30:49,2026-05-21,4,羽毛球馆-2号,17:00-18:00,1,1,已售/已满,已售,多云,15,13,3,0.0,100,26
2026-05-21 01:00:55,2026-05-21,4,羽毛球馆-2号,17:00-18:00,1,1,已售/已满,已售,多云,15,12,4,0.0,100,26
2026-05-21 01:30:47,2026-05-21,4,羽毛球馆-2号,17:00-18:00,1,1,已售/已满,已售,多云,15,13,4,0.0,100,28
2026-05-21 02:00:53,2026-05-21,4,羽毛球馆-2号,17:00-18:00,1,1,已售/已满,已售,多云,15,12,4,0.0,100,28
2026-05-21 02:30:49,2026-05-21,4,羽毛球馆-2号,17:00-18:00,1,1,已售/已满,已售,多云,15,14,3,0.0,100,29
2026-05-21 03:00:55,2026-05-21,4,羽毛球馆-2号,17:00-18:00,1,1,已售/已满,已售,多云,15,12,4,0.0,100,29
2026-05-21 03:30:49,2026-05-21,4,羽毛球馆-2号,17:00-18:00,1,1,已售/已满,已售,多云,15,14,3,0.0,100,30
2026-05-21 04:30:45,2026-05-21,4,羽毛球馆-2号,17:00-18:00,1,1,已售/已满,已售,多云,15,12,4,0.0,100,29
2026-05-21 05:00:52,2026-05-21,4,羽毛球馆-2号,17:00-18:00,1,1,已售/已满,已售,多云,15,12,4,0.0,100,29
2026-05-21 05:30:49,2026-05-21,4,羽毛球馆-2号,17:00-18:00,1,1,已售/已满,已售,多云,15,13,3,0.0,100,28
2026-05-21 06:00:50,2026-05-21,4,羽毛球馆-2号,17:00-18:00,1,1,已售/已满,已售,多云,15,13,4,0.0,99,28
2026-05-21 06:30:38,2026-05-21,4,羽毛球馆-2号,17:00-18:00,1,1,已售/已满,已售,多云,15,13,3,0.0,97,28
2026-05-21 07:00:43,2026-05-21,4,羽毛球馆-2号,17:00-18:00,1,1,已售/已满,已售,晴,15,11,5,0.0,93,28
2026-05-21 07:30:39,2026-05-21,4,羽毛球馆-2号,17:00-18:00,1,1,已售/已满,已售,晴,17,13,4,0.0,89,29
2026-05-21 07:50:40,2026-05-21,4,羽毛球馆-2号,17:00-18:00,1,1,已售/已满,已售,晴,17,13,4,0.0,88,29
2026-05-21 07:53:31,2026-05-21,4,羽毛球馆-2号,17:00-18:00,1,1,已售/已满,已售,晴,17,12,5,0.0,86,29
2026-05-21 07:56:31,2026-05-21,4,羽毛球馆-2号,17:00-18:00,1,1,已售/已满,已售,晴,17,12,5,0.0,86,29
2026-05-21 07:59:26,2026-05-21,4,羽毛球馆-2号,17:00-18:00,1,1,已售/已满,已售,晴,17,12,5,0.0,86,29
2026-05-21 08:00:45,2026-05-21,4,羽毛球馆-2号,17:00-18:00,1,1,已售/已满,已售,晴,17,12,5,0.0,86,29
2026-05-21 08:02:30,2026-05-21,4,羽毛球馆-2号,17:00-18:00,1,1,已售/已满,已售,多云,17,12,5,0.0,87,29
2026-05-21 08:05:36,2026-05-21,4,羽毛球馆-2号,17:00-18:00,1,1,已售/已满,已售,多云,17,12,5,0.0,86,29
2026-05-21 08:08:31,2026-05-21,4,羽毛球馆-2号,17:00-18:00,1,1,已售/已满,已售,多云,17,12,5,0.0,86,29
2026-05-21 08:11:30,2026-05-21,4,羽毛球馆-2号,17:00-18:00,1,1,已售/已满,已售,多云,17,12,5,0.0,86,29
2026-05-21 08:14:31,2026-05-21,4,羽毛球馆-2号,17:00-18:00,1,1,已售/已满,已售,多云,17,12,5,0.0,86,29
2026-05-21 08:17:30,2026-05-21,4,羽毛球馆-2号,17:00-18:00,1,1,已售/已满,已售,多云,17,12,5,0.0,86,29
2026-05-21 08:20:35,2026-05-21,4,羽毛球馆-2号,17:00-18:00,1,1,已售/已满,已售,多云,17,14,4,0.0,85,29
2026-05-21 08:25:32,2026-05-21,4,羽毛球馆-2号,17:00-18:00,1,1,已售/已满,已售,多云,17,14,4,0.0,85,28
2026-05-21 08:30:42,2026-05-21,4,羽毛球馆-2号,17:00-18:00,1,1,已售/已满,已售,多云,18,15,4,0.0,84,28
2026-05-21 08:35:31,2026-05-21,4,羽毛球馆-2号,17:00-18:00,1,1,已售/已满,已售,多云,18,15,4,0.0,84,28
2026-05-21 08:40:38,2026-05-21,4,羽毛球馆-2号,17:00-18:00,1,1,已售/已满,已售,多云,18,15,4,0.0,82,28
2026-05-21 08:45:33,2026-05-21,4,羽毛球馆-2号,17:00-18:00,1,1,已售/已满,已售,多云,18,15,4,0.0,82,28
2026-05-21 08:50:36,2026-05-21,4,羽毛球馆-2号,17:00-18:00,1,1,已售/已满,已售,多云,18,15,4,0.0,82,28
2026-05-21 08:55:34,2026-05-21,4,羽毛球馆-2号,17:00-18:00,1,1,已售/已满,已售,多云,18,15,4,0.0,84,28
2026-05-21 09:00:51,2026-05-21,4,羽毛球馆-2号,17:00-18:00,1,1,已售/已满,已售,多云,18,15,4,0.0,84,28
2026-05-21 09:01:59,2026-05-21,4,羽毛球馆-2号,17:00-18:00,1,1,已售/已满,已售,多云,18,15,4,0.0,83,28
2026-05-21 09:05:33,2026-05-21,4,羽毛球馆-2号,17:00-18:00,1,1,已售/已满,已售,多云,18,15,4,0.0,83,28
2026-05-21 09:20:38,2026-05-21,4,羽毛球馆-2号,17:00-18:00,1,1,已售/已满,已售,多云,18,16,3,0.0,81,28
2026-05-21 09:30:46,2026-05-21,4,羽毛球馆-2号,17:00-18:00,1,1,已售/已满,已售,多云,18,16,3,0.0,81,32
2026-05-21 09:40:36,2026-05-21,4,羽毛球馆-2号,17:00-18:00,1,1,已售/已满,已售,多云,19,17,3,0.0,79,32
2026-05-21 09:50:42,2026-05-21,4,羽毛球馆-2号,17:00-18:00,1,1,已售/已满,已售,多云,19,17,4,0.0,81,32
2026-05-21 10:00:46,2026-05-21,4,羽毛球馆-2号,17:00-18:00,1,1,已售/已满,已售,多云,19,17,4,0.0,79,32
2026-05-21 10:10:40,2026-05-21,4,羽毛球馆-2号,17:00-18:00,1,1,已售/已满,已售,多云,19,17,4,0.0,79,32
2026-05-21 10:20:38,2026-05-21,4,羽毛球馆-2号,17:00-18:00,1,1,已售/已满,已售,多云,19,17,4,0.0,79,32
2026-05-21 10:30:41,2026-05-21,4,羽毛球馆-2号,17:00-18:00,1,1,已售/已满,已售,多云,19,18,3,0.0,78,31
2026-05-21 11:00:44,2026-05-21,4,羽毛球馆-2号,17:00-18:00,1,1,已售/已满,已售,多云,21,17,5,0.0,74,31
2026-05-21 11:30:38,2026-05-21,4,羽毛球馆-2号,17:00-18:00,1,1,已售/已满,已售,多云,21,19,3,0.0,72,33
2026-05-21 12:00:46,2026-05-21,4,羽毛球馆-2号,17:00-18:00,1,1,已售/已满,已售,多云,22,19,4,0.0,70,33
2026-05-21 12:30:42,2026-05-21,4,羽毛球馆-2号,17:00-18:00,1,1,已售/已满,已售,多云,22,21,3,0.0,68,35
2026-05-21 13:00:43,2026-05-21,4,羽毛球馆-2号,17:00-18:00,1,1,已售/已满,已售,多云,24,22,4,0.0,66,35
2026-05-21 13:30:43,2026-05-21,4,羽毛球馆-2号,17:00-18:00,1,1,已售/已满,已售,多云,24,22,4,0.0,66,36
2026-05-21 14:00:48,2026-05-21,4,羽毛球馆-2号,17:00-18:00,1,1,已售/已满,已售,多云,25,23,4,0.0,66,36
2026-05-21 14:30:45,2026-05-21,4,羽毛球馆-2号,17:00-18:00,1,1,已售/已满,已售,晴,25,25,3,0.0,65,39
2026-05-21 15:00:45,2026-05-21,4,羽毛球馆-2号,17:00-18:00,1,1,已售/已满,已售,晴,25,22,4,0.0,56,39
2026-05-21 15:30:43,2026-05-21,4,羽毛球馆-2号,17:00-18:00,1,1,已售/已满,已售,晴,25,23,4,0.0,57,40
2026-05-21 16:00:51,2026-05-21,4,羽毛球馆-2号,17:00-18:00,1,1,已售/已满,已售,晴,25,23,4,0.0,57,40
2026-05-21 16:30:48,2026-05-21,4,羽毛球馆-2号,17:00-18:00,1,1,已售/已满,已售,晴,25,24,3,0.0,60,39
2026-05-21 17:00:49,2026-05-21,4,羽毛球馆-2号,17:00-18:00,1,1,已售/已满,已售,晴,25,24,4,0.0,61,39
2026-05-21 17:30:47,2026-05-21,4,羽毛球馆-2号,17:00-18:00,1,1,已售/已满,已售,多云,24,23,3,0.0,64,39
2026-05-21 18:00:50,2026-05-21,4,羽毛球馆-2号,17:00-18:00,1,1,已售/已满,已售,多云,24,23,3,0.0,68,39
2026-05-21 18:30:50,2026-05-21,4,羽毛球馆-2号,17:00-18:00,1,1,已售/已满,已售,阴,24,25,2,0.0,68,40
2026-05-21 19:00:50,2026-05-21,4,羽毛球馆-2号,17:00-18:00,1,1,已售/已满,已售,阴,23,23,3,0.0,76,40
2026-05-21 19:30:46,2026-05-21,4,羽毛球馆-2号,17:00-18:00,1,1,已售/已满,已售,阴,23,24,2,0.0,77,39
2026-05-21 20:00:49,2026-05-21,4,羽毛球馆-2号,17:00-18:00,1,1,已售/已满,已售,雾,22,23,2,0.0,89,39
2026-05-21 20:30:44,2026-05-21,4,羽毛球馆-2号,17:00-18:00,1,1,已售/已满,已售,雾,22,24,2,0.0,93,43
2026-05-21 21:00:56,2026-05-21,4,羽毛球馆-2号,17:00-18:00,1,1,已售/已满,已售,雾,20,21,2,0.0,98,43
2026-05-21 21:30:46,2026-05-21,4,羽毛球馆-2号,17:00-18:00,1,1,已售/已满,已售,雾,20,22,1,0.0,99,41
2026-05-21 22:01:02,2026-05-21,4,羽毛球馆-2号,17:00-18:00,1,1,已售/已满,已售,雾,19,20,2,0.0,93,41
2026-05-21 22:30:47,2026-05-21,4,羽毛球馆-2号,17:00-18:00,1,1,已售/已满,已售,雾,19,19,3,0.0,88,46
2026-05-21 23:00:56,2026-05-21,4,羽毛球馆-2号,17:00-18:00,1,1,已售/已满,已售,多云,18,17,3,0.0,85,46
2026-05-21 23:30:55,2026-05-21,4,羽毛球馆-2号,17:00-18:00,1,1,已售/已满,已售,多云,18,17,3,0.0,85,48
2026-05-21 00:30:49,2026-05-21,4,羽毛球馆-2号,18:30-19:30,1,1,已售/已满,已售,多云,15,13,3,0.0,100,26
2026-05-21 01:00:55,2026-05-21,4,羽毛球馆-2号,18:30-19:30,1,1,已售/已满,已售,多云,15,12,4,0.0,100,26
2026-05-21 01:30:47,2026-05-21,4,羽毛球馆-2号,18:30-19:30,1,1,已售/已满,已售,多云,15,13,4,0.0,100,28
2026-05-21 02:00:53,2026-05-21,4,羽毛球馆-2号,18:30-19:30,1,1,已售/已满,已售,多云,15,12,4,0.0,100,28
2026-05-21 02:30:49,2026-05-21,4,羽毛球馆-2号,18:30-19:30,1,1,已售/已满,已售,多云,15,14,3,0.0,100,29
2026-05-21 03:00:55,2026-05-21,4,羽毛球馆-2号,18:30-19:30,1,1,已售/已满,已售,多云,15,12,4,0.0,100,29
2026-05-21 03:30:49,2026-05-21,4,羽毛球馆-2号,18:30-19:30,1,1,已售/已满,已售,多云,15,14,3,0.0,100,30
2026-05-21 04:30:45,2026-05-21,4,羽毛球馆-2号,18:30-19:30,1,1,已售/已满,已售,多云,15,12,4,0.0,100,29
2026-05-21 05:00:52,2026-05-21,4,羽毛球馆-2号,18:30-19:30,1,1,已售/已满,已售,多云,15,12,4,0.0,100,29
2026-05-21 05:30:49,2026-05-21,4,羽毛球馆-2号,18:30-19:30,1,1,已售/已满,已售,多云,15,13,3,0.0,100,28
2026-05-21 06:00:50,2026-05-21,4,羽毛球馆-2号,18:30-19:30,1,1,已售/已满,已售,多云,15,13,4,0.0,99,28
2026-05-21 06:30:38,2026-05-21,4,羽毛球馆-2号,18:30-19:30,1,1,已售/已满,已售,多云,15,13,3,0.0,97,28
2026-05-21 07:00:43,2026-05-21,4,羽毛球馆-2号,18:30-19:30,1,1,已售/已满,已售,晴,15,11,5,0.0,93,28
2026-05-21 07:30:39,2026-05-21,4,羽毛球馆-2号,18:30-19:30,1,1,已售/已满,已售,晴,17,13,4,0.0,89,29
2026-05-21 07:50:40,2026-05-21,4,羽毛球馆-2号,18:30-19:30,1,1,已售/已满,已售,晴,17,13,4,0.0,88,29
2026-05-21 07:53:31,2026-05-21,4,羽毛球馆-2号,18:30-19:30,1,1,已售/已满,已售,晴,17,12,5,0.0,86,29
2026-05-21 07:56:31,2026-05-21,4,羽毛球馆-2号,18:30-19:30,1,1,已售/已满,已售,晴,17,12,5,0.0,86,29
2026-05-21 07:59:26,2026-05-21,4,羽毛球馆-2号,18:30-19:30,1,1,已售/已满,已售,晴,17,12,5,0.0,86,29
2026-05-21 08:00:45,2026-05-21,4,羽毛球馆-2号,18:30-19:30,1,1,已售/已满,已售,晴,17,12,5,0.0,86,29
2026-05-21 08:02:30,2026-05-21,4,羽毛球馆-2号,18:30-19:30,1,1,已售/已满,已售,多云,17,12,5,0.0,87,29
2026-05-21 08:05:36,2026-05-21,4,羽毛球馆-2号,18:30-19:30,1,1,已售/已满,已售,多云,17,12,5,0.0,86,29
2026-05-21 08:08:31,2026-05-21,4,羽毛球馆-2号,18:30-19:30,1,1,已售/已满,已售,多云,17,12,5,0.0,86,29
2026-05-21 08:11:30,2026-05-21,4,羽毛球馆-2号,18:30-19:30,1,1,已售/已满,已售,多云,17,12,5,0.0,86,29
2026-05-21 08:14:31,2026-05-21,4,羽毛球馆-2号,18:30-19:30,1,1,已售/已满,已售,多云,17,12,5,0.0,86,29
2026-05-21 08:17:30,2026-05-21,4,羽毛球馆-2号,18:30-19:30,1,1,已售/已满,已售,多云,17,12,5,0.0,86,29
2026-05-21 08:20:35,2026-05-21,4,羽毛球馆-2号,18:30-19:30,1,1,已售/已满,已售,多云,17,14,4,0.0,85,29
2026-05-21 08:25:32,2026-05-21,4,羽毛球馆-2号,18:30-19:30,1,1,已售/已满,已售,多云,17,14,4,0.0,85,28
2026-05-21 08:30:42,2026-05-21,4,羽毛球馆-2号,18:30-19:30,1,1,已售/已满,已售,多云,18,15,4,0.0,84,28
2026-05-21 08:35:31,2026-05-21,4,羽毛球馆-2号,18:30-19:30,1,1,已售/已满,已售,多云,18,15,4,0.0,84,28
2026-05-21 08:40:38,2026-05-21,4,羽毛球馆-2号,18:30-19:30,1,1,已售/已满,已售,多云,18,15,4,0.0,82,28
2026-05-21 08:45:33,2026-05-21,4,羽毛球馆-2号,18:30-19:30,1,1,已售/已满,已售,多云,18,15,4,0.0,82,28
2026-05-21 08:50:36,2026-05-21,4,羽毛球馆-2号,18:30-19:30,1,1,已售/已满,已售,多云,18,15,4,0.0,82,28
2026-05-21 08:55:34,2026-05-21,4,羽毛球馆-2号,18:30-19:30,1,1,已售/已满,已售,多云,18,15,4,0.0,84,28
2026-05-21 09:00:51,2026-05-21,4,羽毛球馆-2号,18:30-19:30,1,1,已售/已满,已售,多云,18,15,4,0.0,84,28
2026-05-21 09:01:59,2026-05-21,4,羽毛球馆-2号,18:30-19:30,1,1,已售/已满,已售,多云,18,15,4,0.0,83,28
2026-05-21 09:05:33,2026-05-21,4,羽毛球馆-2号,18:30-19:30,1,1,已售/已满,已售,多云,18,15,4,0.0,83,28
2026-05-21 09:20:38,2026-05-21,4,羽毛球馆-2号,18:30-19:30,1,1,已售/已满,已售,多云,18,16,3,0.0,81,28
2026-05-21 09:30:46,2026-05-21,4,羽毛球馆-2号,18:30-19:30,1,1,已售/已满,已售,多云,18,16,3,0.0,81,32
2026-05-21 09:40:36,2026-05-21,4,羽毛球馆-2号,18:30-19:30,1,1,已售/已满,已售,多云,19,17,3,0.0,79,32
2026-05-21 09:50:42,2026-05-21,4,羽毛球馆-2号,18:30-19:30,1,1,已售/已满,已售,多云,19,17,4,0.0,81,32
2026-05-21 10:00:46,2026-05-21,4,羽毛球馆-2号,18:30-19:30,1,1,已售/已满,已售,多云,19,17,4,0.0,79,32
2026-05-21 10:10:40,2026-05-21,4,羽毛球馆-2号,18:30-19:30,1,1,已售/已满,已售,多云,19,17,4,0.0,79,32
2026-05-21 10:20:38,2026-05-21,4,羽毛球馆-2号,18:30-19:30,1,1,已售/已满,已售,多云,19,17,4,0.0,79,32
2026-05-21 10:30:41,2026-05-21,4,羽毛球馆-2号,18:30-19:30,1,1,已售/已满,已售,多云,19,18,3,0.0,78,31
2026-05-21 11:00:44,2026-05-21,4,羽毛球馆-2号,18:30-19:30,1,1,已售/已满,已售,多云,21,17,5,0.0,74,31
2026-05-21 11:30:38,2026-05-21,4,羽毛球馆-2号,18:30-19:30,1,1,已售/已满,已售,多云,21,19,3,0.0,72,33
2026-05-21 12:00:46,2026-05-21,4,羽毛球馆-2号,18:30-19:30,1,1,已售/已满,已售,多云,22,19,4,0.0,70,33
2026-05-21 12:30:42,2026-05-21,4,羽毛球馆-2号,18:30-19:30,1,1,已售/已满,已售,多云,22,21,3,0.0,68,35
2026-05-21 13:00:43,2026-05-21,4,羽毛球馆-2号,18:30-19:30,1,1,已售/已满,已售,多云,24,22,4,0.0,66,35
2026-05-21 13:30:43,2026-05-21,4,羽毛球馆-2号,18:30-19:30,1,1,已售/已满,已售,多云,24,22,4,0.0,66,36
2026-05-21 14:00:48,2026-05-21,4,羽毛球馆-2号,18:30-19:30,1,1,已售/已满,已售,多云,25,23,4,0.0,66,36
2026-05-21 14:30:45,2026-05-21,4,羽毛球馆-2号,18:30-19:30,1,1,已售/已满,已售,晴,25,25,3,0.0,65,39
2026-05-21 15:00:45,2026-05-21,4,羽毛球馆-2号,18:30-19:30,1,1,已售/已满,已售,晴,25,22,4,0.0,56,39
2026-05-21 15:30:43,2026-05-21,4,羽毛球馆-2号,18:30-19:30,1,1,已售/已满,已售,晴,25,23,4,0.0,57,40
2026-05-21 16:00:51,2026-05-21,4,羽毛球馆-2号,18:30-19:30,1,1,已售/已满,已售,晴,25,23,4,0.0,57,40
2026-05-21 16:30:48,2026-05-21,4,羽毛球馆-2号,18:30-19:30,1,1,已售/已满,已售,晴,25,24,3,0.0,60,39
2026-05-21 17:00:49,2026-05-21,4,羽毛球馆-2号,18:30-19:30,1,1,已售/已满,已售,晴,25,24,4,0.0,61,39
2026-05-21 17:30:47,2026-05-21,4,羽毛球馆-2号,18:30-19:30,1,1,已售/已满,已售,多云,24,23,3,0.0,64,39
2026-05-21 18:00:50,2026-05-21,4,羽毛球馆-2号,18:30-19:30,1,1,已售/已满,已售,多云,24,23,3,0.0,68,39
2026-05-21 18:30:50,2026-05-21,4,羽毛球馆-2号,18:30-19:30,1,1,已售/已满,已售,阴,24,25,2,0.0,68,40
2026-05-21 19:00:50,2026-05-21,4,羽毛球馆-2号,18:30-19:30,1,1,已售/已满,已售,阴,23,23,3,0.0,76,40
2026-05-21 19:30:46,2026-05-21,4,羽毛球馆-2号,18:30-19:30,1,1,已售/已满,已售,阴,23,24,2,0.0,77,39
2026-05-21 20:00:49,2026-05-21,4,羽毛球馆-2号,18:30-19:30,1,1,已售/已满,已售,雾,22,23,2,0.0,89,39
2026-05-21 20:30:44,2026-05-21,4,羽毛球馆-2号,18:30-19:30,1,1,已售/已满,已售,雾,22,24,2,0.0,93,43
2026-05-21 21:00:56,2026-05-21,4,羽毛球馆-2号,18:30-19:30,1,1,已售/已满,已售,雾,20,21,2,0.0,98,43
2026-05-21 21:30:46,2026-05-21,4,羽毛球馆-2号,18:30-19:30,1,1,已售/已满,已售,雾,20,22,1,0.0,99,41
2026-05-21 22:01:02,2026-05-21,4,羽毛球馆-2号,18:30-19:30,1,1,已售/已满,已售,雾,19,20,2,0.0,93,41
2026-05-21 22:30:47,2026-05-21,4,羽毛球馆-2号,18:30-19:30,1,1,已售/已满,已售,雾,19,19,3,0.0,88,46
2026-05-21 23:00:56,2026-05-21,4,羽毛球馆-2号,18:30-19:30,1,1,已售/已满,已售,多云,18,17,3,0.0,85,46
2026-05-21 23:30:55,2026-05-21,4,羽毛球馆-2号,18:30-19:30,1,1,已售/已满,已售,多云,18,17,3,0.0,85,48
2026-05-21 00:30:49,2026-05-21,4,羽毛球馆-2号,19:30-20:30,1,1,已售/已满,已售,多云,15,13,3,0.0,100,26
2026-05-21 01:00:55,2026-05-21,4,羽毛球馆-2号,19:30-20:30,1,1,已售/已满,已售,多云,15,12,4,0.0,100,26
2026-05-21 01:30:47,2026-05-21,4,羽毛球馆-2号,19:30-20:30,1,1,已售/已满,已售,多云,15,13,4,0.0,100,28
2026-05-21 02:00:53,2026-05-21,4,羽毛球馆-2号,19:30-20:30,1,1,已售/已满,已售,多云,15,12,4,0.0,100,28
2026-05-21 02:30:49,2026-05-21,4,羽毛球馆-2号,19:30-20:30,1,1,已售/已满,已售,多云,15,14,3,0.0,100,29
2026-05-21 03:00:55,2026-05-21,4,羽毛球馆-2号,19:30-20:30,1,1,已售/已满,已售,多云,15,12,4,0.0,100,29
2026-05-21 03:30:49,2026-05-21,4,羽毛球馆-2号,19:30-20:30,1,1,已售/已满,已售,多云,15,14,3,0.0,100,30
2026-05-21 04:30:45,2026-05-21,4,羽毛球馆-2号,19:30-20:30,1,1,已售/已满,已售,多云,15,12,4,0.0,100,29
2026-05-21 05:00:52,2026-05-21,4,羽毛球馆-2号,19:30-20:30,1,1,已售/已满,已售,多云,15,12,4,0.0,100,29
2026-05-21 05:30:49,2026-05-21,4,羽毛球馆-2号,19:30-20:30,1,1,已售/已满,已售,多云,15,13,3,0.0,100,28
2026-05-21 06:00:50,2026-05-21,4,羽毛球馆-2号,19:30-20:30,1,1,已售/已满,已售,多云,15,13,4,0.0,99,28
2026-05-21 06:30:38,2026-05-21,4,羽毛球馆-2号,19:30-20:30,1,1,已售/已满,已售,多云,15,13,3,0.0,97,28
2026-05-21 07:00:43,2026-05-21,4,羽毛球馆-2号,19:30-20:30,1,1,已售/已满,已售,晴,15,11,5,0.0,93,28
2026-05-21 07:30:39,2026-05-21,4,羽毛球馆-2号,19:30-20:30,1,1,已售/已满,已售,晴,17,13,4,0.0,89,29
2026-05-21 07:50:40,2026-05-21,4,羽毛球馆-2号,19:30-20:30,1,1,已售/已满,已售,晴,17,13,4,0.0,88,29
2026-05-21 07:53:31,2026-05-21,4,羽毛球馆-2号,19:30-20:30,1,1,已售/已满,已售,晴,17,12,5,0.0,86,29
2026-05-21 07:56:31,2026-05-21,4,羽毛球馆-2号,19:30-20:30,1,1,已售/已满,已售,晴,17,12,5,0.0,86,29
2026-05-21 07:59:26,2026-05-21,4,羽毛球馆-2号,19:30-20:30,1,1,已售/已满,已售,晴,17,12,5,0.0,86,29
2026-05-21 08:00:45,2026-05-21,4,羽毛球馆-2号,19:30-20:30,0,1,可预约,￥12.0,晴,17,12,5,0.0,86,29
2026-05-21 08:02:30,2026-05-21,4,羽毛球馆-2号,19:30-20:30,0,1,可预约,￥12.0,多云,17,12,5,0.0,87,29
2026-05-21 08:05:36,2026-05-21,4,羽毛球馆-2号,19:30-20:30,0,1,可预约,￥12.0,多云,17,12,5,0.0,86,29
2026-05-21 08:08:31,2026-05-21,4,羽毛球馆-2号,19:30-20:30,0,1,可预约,￥12.0,多云,17,12,5,0.0,86,29
2026-05-21 08:11:30,2026-05-21,4,羽毛球馆-2号,19:30-20:30,0,1,可预约,￥12.0,多云,17,12,5,0.0,86,29
2026-05-21 08:14:31,2026-05-21,4,羽毛球馆-2号,19:30-20:30,0,1,可预约,￥12.0,多云,17,12,5,0.0,86,29
2026-05-21 08:17:30,2026-05-21,4,羽毛球馆-2号,19:30-20:30,0,1,可预约,￥12.0,多云,17,12,5,0.0,86,29
2026-05-21 08:20:35,2026-05-21,4,羽毛球馆-2号,19:30-20:30,0,1,可预约,￥12.0,多云,17,14,4,0.0,85,29
2026-05-21 08:25:32,2026-05-21,4,羽毛球馆-2号,19:30-20:30,1,1,已售/已满,已售,多云,17,14,4,0.0,85,28
2026-05-21 08:30:42,2026-05-21,4,羽毛球馆-2号,19:30-20:30,1,1,已售/已满,已售,多云,18,15,4,0.0,84,28
2026-05-21 08:35:31,2026-05-21,4,羽毛球馆-2号,19:30-20:30,1,1,已售/已满,已售,多云,18,15,4,0.0,84,28
2026-05-21 08:40:38,2026-05-21,4,羽毛球馆-2号,19:30-20:30,1,1,已售/已满,已售,多云,18,15,4,0.0,82,28
2026-05-21 08:45:33,2026-05-21,4,羽毛球馆-2号,19:30-20:30,1,1,已售/已满,已售,多云,18,15,4,0.0,82,28
2026-05-21 08:50:36,2026-05-21,4,羽毛球馆-2号,19:30-20:30,1,1,已售/已满,已售,多云,18,15,4,0.0,82,28
2026-05-21 08:55:34,2026-05-21,4,羽毛球馆-2号,19:30-20:30,1,1,已售/已满,已售,多云,18,15,4,0.0,84,28
2026-05-21 09:00:51,2026-05-21,4,羽毛球馆-2号,19:30-20:30,1,1,已售/已满,已售,多云,18,15,4,0.0,84,28
2026-05-21 09:01:59,2026-05-21,4,羽毛球馆-2号,19:30-20:30,1,1,已售/已满,已售,多云,18,15,4,0.0,83,28
2026-05-21 09:05:33,2026-05-21,4,羽毛球馆-2号,19:30-20:30,1,1,已售/已满,已售,多云,18,15,4,0.0,83,28
2026-05-21 09:20:38,2026-05-21,4,羽毛球馆-2号,19:30-20:30,1,1,已售/已满,已售,多云,18,16,3,0.0,81,28
2026-05-21 09:30:46,2026-05-21,4,羽毛球馆-2号,19:30-20:30,1,1,已售/已满,已售,多云,18,16,3,0.0,81,32
2026-05-21 09:40:36,2026-05-21,4,羽毛球馆-2号,19:30-20:30,1,1,已售/已满,已售,多云,19,17,3,0.0,79,32
2026-05-21 09:50:42,2026-05-21,4,羽毛球馆-2号,19:30-20:30,1,1,已售/已满,已售,多云,19,17,4,0.0,81,32
2026-05-21 10:00:46,2026-05-21,4,羽毛球馆-2号,19:30-20:30,1,1,已售/已满,已售,多云,19,17,4,0.0,79,32
2026-05-21 10:10:40,2026-05-21,4,羽毛球馆-2号,19:30-20:30,1,1,已售/已满,已售,多云,19,17,4,0.0,79,32
2026-05-21 10:20:38,2026-05-21,4,羽毛球馆-2号,19:30-20:30,1,1,已售/已满,已售,多云,19,17,4,0.0,79,32
2026-05-21 10:30:41,2026-05-21,4,羽毛球馆-2号,19:30-20:30,1,1,已售/已满,已售,多云,19,18,3,0.0,78,31
2026-05-21 11:00:44,2026-05-21,4,羽毛球馆-2号,19:30-20:30,1,1,已售/已满,已售,多云,21,17,5,0.0,74,31
2026-05-21 11:30:38,2026-05-21,4,羽毛球馆-2号,19:30-20:30,1,1,已售/已满,已售,多云,21,19,3,0.0,72,33
2026-05-21 12:00:46,2026-05-21,4,羽毛球馆-2号,19:30-20:30,1,1,已售/已满,已售,多云,22,19,4,0.0,70,33
2026-05-21 12:30:42,2026-05-21,4,羽毛球馆-2号,19:30-20:30,1,1,已售/已满,已售,多云,22,21,3,0.0,68,35
2026-05-21 13:00:43,2026-05-21,4,羽毛球馆-2号,19:30-20:30,1,1,已售/已满,已售,多云,24,22,4,0.0,66,35
2026-05-21 13:30:43,2026-05-21,4,羽毛球馆-2号,19:30-20:30,1,1,已售/已满,已售,多云,24,22,4,0.0,66,36
2026-05-21 14:00:48,2026-05-21,4,羽毛球馆-2号,19:30-20:30,1,1,已售/已满,已售,多云,25,23,4,0.0,66,36
2026-05-21 14:30:45,2026-05-21,4,羽毛球馆-2号,19:30-20:30,1,1,已售/已满,已售,晴,25,25,3,0.0,65,39
2026-05-21 15:00:45,2026-05-21,4,羽毛球馆-2号,19:30-20:30,1,1,已售/已满,已售,晴,25,22,4,0.0,56,39
2026-05-21 15:30:43,2026-05-21,4,羽毛球馆-2号,19:30-20:30,1,1,已售/已满,已售,晴,25,23,4,0.0,57,40
2026-05-21 16:00:51,2026-05-21,4,羽毛球馆-2号,19:30-20:30,1,1,已售/已满,已售,晴,25,23,4,0.0,57,40
2026-05-21 16:30:48,2026-05-21,4,羽毛球馆-2号,19:30-20:30,1,1,已售/已满,已售,晴,25,24,3,0.0,60,39
2026-05-21 17:00:49,2026-05-21,4,羽毛球馆-2号,19:30-20:30,1,1,已售/已满,已售,晴,25,24,4,0.0,61,39
2026-05-21 17:30:47,2026-05-21,4,羽毛球馆-2号,19:30-20:30,1,1,已售/已满,已售,多云,24,23,3,0.0,64,39
2026-05-21 18:00:50,2026-05-21,4,羽毛球馆-2号,19:30-20:30,1,1,已售/已满,已售,多云,24,23,3,0.0,68,39
2026-05-21 18:30:50,2026-05-21,4,羽毛球馆-2号,19:30-20:30,1,1,已售/已满,已售,阴,24,25,2,0.0,68,40
2026-05-21 19:00:50,2026-05-21,4,羽毛球馆-2号,19:30-20:30,1,1,已售/已满,已售,阴,23,23,3,0.0,76,40
2026-05-21 19:30:46,2026-05-21,4,羽毛球馆-2号,19:30-20:30,1,1,已售/已满,已售,阴,23,24,2,0.0,77,39
2026-05-21 20:00:49,2026-05-21,4,羽毛球馆-2号,19:30-20:30,1,1,已售/已满,已售,雾,22,23,2,0.0,89,39
2026-05-21 20:30:44,2026-05-21,4,羽毛球馆-2号,19:30-20:30,1,1,已售/已满,已售,雾,22,24,2,0.0,93,43
2026-05-21 21:00:56,2026-05-21,4,羽毛球馆-2号,19:30-20:30,1,1,已售/已满,已售,雾,20,21,2,0.0,98,43
2026-05-21 21:30:46,2026-05-21,4,羽毛球馆-2号,19:30-20:30,1,1,已售/已满,已售,雾,20,22,1,0.0,99,41
2026-05-21 22:01:02,2026-05-21,4,羽毛球馆-2号,19:30-20:30,1,1,已售/已满,已售,雾,19,20,2,0.0,93,41
2026-05-21 22:30:47,2026-05-21,4,羽毛球馆-2号,19:30-20:30,1,1,已售/已满,已售,雾,19,19,3,0.0,88,46
2026-05-21 23:00:56,2026-05-21,4,羽毛球馆-2号,19:30-20:30,1,1,已售/已满,已售,多云,18,17,3,0.0,85,46
2026-05-21 23:30:55,2026-05-21,4,羽毛球馆-2号,19:30-20:30,1,1,已售/已满,已售,多云,18,17,3,0.0,85,48
2026-05-21 00:30:49,2026-05-21,4,羽毛球馆-2号,20:30-21:30,1,1,已售/已满,已售,多云,15,13,3,0.0,100,26
2026-05-21 01:00:55,2026-05-21,4,羽毛球馆-2号,20:30-21:30,1,1,已售/已满,已售,多云,15,12,4,0.0,100,26
2026-05-21 01:30:47,2026-05-21,4,羽毛球馆-2号,20:30-21:30,1,1,已售/已满,已售,多云,15,13,4,0.0,100,28
2026-05-21 02:00:53,2026-05-21,4,羽毛球馆-2号,20:30-21:30,1,1,已售/已满,已售,多云,15,12,4,0.0,100,28
2026-05-21 02:30:49,2026-05-21,4,羽毛球馆-2号,20:30-21:30,1,1,已售/已满,已售,多云,15,14,3,0.0,100,29
2026-05-21 03:00:55,2026-05-21,4,羽毛球馆-2号,20:30-21:30,1,1,已售/已满,已售,多云,15,12,4,0.0,100,29
2026-05-21 03:30:49,2026-05-21,4,羽毛球馆-2号,20:30-21:30,1,1,已售/已满,已售,多云,15,14,3,0.0,100,30
2026-05-21 04:30:45,2026-05-21,4,羽毛球馆-2号,20:30-21:30,1,1,已售/已满,已售,多云,15,12,4,0.0,100,29
2026-05-21 05:00:52,2026-05-21,4,羽毛球馆-2号,20:30-21:30,1,1,已售/已满,已售,多云,15,12,4,0.0,100,29
2026-05-21 05:30:49,2026-05-21,4,羽毛球馆-2号,20:30-21:30,1,1,已售/已满,已售,多云,15,13,3,0.0,100,28
2026-05-21 06:00:50,2026-05-21,4,羽毛球馆-2号,20:30-21:30,1,1,已售/已满,已售,多云,15,13,4,0.0,99,28
2026-05-21 06:30:38,2026-05-21,4,羽毛球馆-2号,20:30-21:30,1,1,已售/已满,已售,多云,15,13,3,0.0,97,28
2026-05-21 07:00:43,2026-05-21,4,羽毛球馆-2号,20:30-21:30,1,1,已售/已满,已售,晴,15,11,5,0.0,93,28
2026-05-21 07:30:39,2026-05-21,4,羽毛球馆-2号,20:30-21:30,1,1,已售/已满,已售,晴,17,13,4,0.0,89,29
2026-05-21 07:50:40,2026-05-21,4,羽毛球馆-2号,20:30-21:30,1,1,已售/已满,已售,晴,17,13,4,0.0,88,29
2026-05-21 07:53:31,2026-05-21,4,羽毛球馆-2号,20:30-21:30,1,1,已售/已满,已售,晴,17,12,5,0.0,86,29
2026-05-21 07:56:31,2026-05-21,4,羽毛球馆-2号,20:30-21:30,1,1,已售/已满,已售,晴,17,12,5,0.0,86,29
2026-05-21 07:59:26,2026-05-21,4,羽毛球馆-2号,20:30-21:30,1,1,已售/已满,已售,晴,17,12,5,0.0,86,29
2026-05-21 08:00:45,2026-05-21,4,羽毛球馆-2号,20:30-21:30,1,1,已售/已满,已售,晴,17,12,5,0.0,86,29
2026-05-21 08:02:30,2026-05-21,4,羽毛球馆-2号,20:30-21:30,1,1,已售/已满,已售,多云,17,12,5,0.0,87,29
2026-05-21 08:05:36,2026-05-21,4,羽毛球馆-2号,20:30-21:30,1,1,已售/已满,已售,多云,17,12,5,0.0,86,29
2026-05-21 08:08:31,2026-05-21,4,羽毛球馆-2号,20:30-21:30,1,1,已售/已满,已售,多云,17,12,5,0.0,86,29
2026-05-21 08:11:30,2026-05-21,4,羽毛球馆-2号,20:30-21:30,1,1,已售/已满,已售,多云,17,12,5,0.0,86,29
2026-05-21 08:14:31,2026-05-21,4,羽毛球馆-2号,20:30-21:30,1,1,已售/已满,已售,多云,17,12,5,0.0,86,29
2026-05-21 08:17:30,2026-05-21,4,羽毛球馆-2号,20:30-21:30,1,1,已售/已满,已售,多云,17,12,5,0.0,86,29
2026-05-21 08:20:35,2026-05-21,4,羽毛球馆-2号,20:30-21:30,1,1,已售/已满,已售,多云,17,14,4,0.0,85,29
2026-05-21 08:25:32,2026-05-21,4,羽毛球馆-2号,20:30-21:30,1,1,已售/已满,已售,多云,17,14,4,0.0,85,28
2026-05-21 08:30:42,2026-05-21,4,羽毛球馆-2号,20:30-21:30,1,1,已售/已满,已售,多云,18,15,4,0.0,84,28
2026-05-21 08:35:31,2026-05-21,4,羽毛球馆-2号,20:30-21:30,1,1,已售/已满,已售,多云,18,15,4,0.0,84,28
2026-05-21 08:40:38,2026-05-21,4,羽毛球馆-2号,20:30-21:30,1,1,已售/已满,已售,多云,18,15,4,0.0,82,28
2026-05-21 08:45:33,2026-05-21,4,羽毛球馆-2号,20:30-21:30,1,1,已售/已满,已售,多云,18,15,4,0.0,82,28
2026-05-21 08:50:36,2026-05-21,4,羽毛球馆-2号,20:30-21:30,1,1,已售/已满,已售,多云,18,15,4,0.0,82,28
2026-05-21 08:55:34,2026-05-21,4,羽毛球馆-2号,20:30-21:30,1,1,已售/已满,已售,多云,18,15,4,0.0,84,28
2026-05-21 09:00:51,2026-05-21,4,羽毛球馆-2号,20:30-21:30,1,1,已售/已满,已售,多云,18,15,4,0.0,84,28
2026-05-21 09:01:59,2026-05-21,4,羽毛球馆-2号,20:30-21:30,1,1,已售/已满,已售,多云,18,15,4,0.0,83,28
2026-05-21 09:05:33,2026-05-21,4,羽毛球馆-2号,20:30-21:30,1,1,已售/已满,已售,多云,18,15,4,0.0,83,28
2026-05-21 09:20:38,2026-05-21,4,羽毛球馆-2号,20:30-21:30,1,1,已售/已满,已售,多云,18,16,3,0.0,81,28
2026-05-21 09:30:46,2026-05-21,4,羽毛球馆-2号,20:30-21:30,1,1,已售/已满,已售,多云,18,16,3,0.0,81,32
2026-05-21 09:40:36,2026-05-21,4,羽毛球馆-2号,20:30-21:30,1,1,已售/已满,已售,多云,19,17,3,0.0,79,32
2026-05-21 09:50:42,2026-05-21,4,羽毛球馆-2号,20:30-21:30,1,1,已售/已满,已售,多云,19,17,4,0.0,81,32
2026-05-21 10:00:46,2026-05-21,4,羽毛球馆-2号,20:30-21:30,1,1,已售/已满,已售,多云,19,17,4,0.0,79,32
2026-05-21 10:10:40,2026-05-21,4,羽毛球馆-2号,20:30-21:30,1,1,已售/已满,已售,多云,19,17,4,0.0,79,32
2026-05-21 10:20:38,2026-05-21,4,羽毛球馆-2号,20:30-21:30,1,1,已售/已满,已售,多云,19,17,4,0.0,79,32
2026-05-21 10:30:41,2026-05-21,4,羽毛球馆-2号,20:30-21:30,1,1,已售/已满,已售,多云,19,18,3,0.0,78,31
2026-05-21 11:00:44,2026-05-21,4,羽毛球馆-2号,20:30-21:30,1,1,已售/已满,已售,多云,21,17,5,0.0,74,31
2026-05-21 11:30:38,2026-05-21,4,羽毛球馆-2号,20:30-21:30,1,1,已售/已满,已售,多云,21,19,3,0.0,72,33
2026-05-21 12:00:46,2026-05-21,4,羽毛球馆-2号,20:30-21:30,1,1,已售/已满,已售,多云,22,19,4,0.0,70,33
2026-05-21 12:30:42,2026-05-21,4,羽毛球馆-2号,20:30-21:30,1,1,已售/已满,已售,多云,22,21,3,0.0,68,35
2026-05-21 13:00:43,2026-05-21,4,羽毛球馆-2号,20:30-21:30,1,1,已售/已满,已售,多云,24,22,4,0.0,66,35
2026-05-21 13:30:43,2026-05-21,4,羽毛球馆-2号,20:30-21:30,1,1,已售/已满,已售,多云,24,22,4,0.0,66,36
2026-05-21 14:00:48,2026-05-21,4,羽毛球馆-2号,20:30-21:30,1,1,已售/已满,已售,多云,25,23,4,0.0,66,36
2026-05-21 14:30:45,2026-05-21,4,羽毛球馆-2号,20:30-21:30,1,1,已售/已满,已售,晴,25,25,3,0.0,65,39
2026-05-21 15:00:45,2026-05-21,4,羽毛球馆-2号,20:30-21:30,1,1,已售/已满,已售,晴,25,22,4,0.0,56,39
2026-05-21 15:30:43,2026-05-21,4,羽毛球馆-2号,20:30-21:30,1,1,已售/已满,已售,晴,25,23,4,0.0,57,40
2026-05-21 16:00:51,2026-05-21,4,羽毛球馆-2号,20:30-21:30,1,1,已售/已满,已售,晴,25,23,4,0.0,57,40
2026-05-21 16:30:48,2026-05-21,4,羽毛球馆-2号,20:30-21:30,1,1,已售/已满,已售,晴,25,24,3,0.0,60,39
2026-05-21 17:00:49,2026-05-21,4,羽毛球馆-2号,20:30-21:30,1,1,已售/已满,已售,晴,25,24,4,0.0,61,39
2026-05-21 17:30:47,2026-05-21,4,羽毛球馆-2号,20:30-21:30,1,1,已售/已满,已售,多云,24,23,3,0.0,64,39
2026-05-21 18:00:50,2026-05-21,4,羽毛球馆-2号,20:30-21:30,1,1,已售/已满,已售,多云,24,23,3,0.0,68,39
2026-05-21 18:30:50,2026-05-21,4,羽毛球馆-2号,20:30-21:30,1,1,已售/已满,已售,阴,24,25,2,0.0,68,40
2026-05-21 19:00:50,2026-05-21,4,羽毛球馆-2号,20:30-21:30,1,1,已售/已满,已售,阴,23,23,3,0.0,76,40
2026-05-21 19:30:46,2026-05-21,4,羽毛球馆-2号,20:30-21:30,1,1,已售/已满,已售,阴,23,24,2,0.0,77,39
2026-05-21 20:00:49,2026-05-21,4,羽毛球馆-2号,20:30-21:30,1,1,已售/已满,已售,雾,22,23,2,0.0,89,39
2026-05-21 20:30:44,2026-05-21,4,羽毛球馆-2号,20:30-21:30,1,1,已售/已满,已售,雾,22,24,2,0.0,93,43
2026-05-21 21:00:56,2026-05-21,4,羽毛球馆-2号,20:30-21:30,1,1,已售/已满,已售,雾,20,21,2,0.0,98,43
2026-05-21 21:30:46,2026-05-21,4,羽毛球馆-2号,20:30-21:30,1,1,已售/已满,已售,雾,20,22,1,0.0,99,41
2026-05-21 22:01:02,2026-05-21,4,羽毛球馆-2号,20:30-21:30,1,1,已售/已满,已售,雾,19,20,2,0.0,93,41
2026-05-21 22:30:47,2026-05-21,4,羽毛球馆-2号,20:30-21:30,1,1,已售/已满,已售,雾,19,19,3,0.0,88,46
2026-05-21 23:00:56,2026-05-21,4,羽毛球馆-2号,20:30-21:30,1,1,已售/已满,已售,多云,18,17,3,0.0,85,46
2026-05-21 23:30:55,2026-05-21,4,羽毛球馆-2号,20:30-21:30,1,1,已售/已满,已售,多云,18,17,3,0.0,85,48
2026-05-21 00:30:49,2026-05-21,4,羽毛球馆-3号,07:00-08:00,0,1,可预约,￥0.0,多云,15,13,3,0.0,100,26
2026-05-21 01:00:55,2026-05-21,4,羽毛球馆-3号,07:00-08:00,0,1,可预约,￥0.0,多云,15,12,4,0.0,100,26
2026-05-21 01:30:47,2026-05-21,4,羽毛球馆-3号,07:00-08:00,0,1,可预约,￥0.0,多云,15,13,4,0.0,100,28
2026-05-21 02:00:53,2026-05-21,4,羽毛球馆-3号,07:00-08:00,0,1,可预约,￥0.0,多云,15,12,4,0.0,100,28
2026-05-21 02:30:49,2026-05-21,4,羽毛球馆-3号,07:00-08:00,0,1,可预约,￥0.0,多云,15,14,3,0.0,100,29
2026-05-21 03:00:55,2026-05-21,4,羽毛球馆-3号,07:00-08:00,0,1,可预约,￥0.0,多云,15,12,4,0.0,100,29
2026-05-21 03:30:49,2026-05-21,4,羽毛球馆-3号,07:00-08:00,0,1,可预约,￥0.0,多云,15,14,3,0.0,100,30
2026-05-21 04:30:45,2026-05-21,4,羽毛球馆-3号,07:00-08:00,0,1,可预约,￥0.0,多云,15,12,4,0.0,100,29
2026-05-21 05:00:52,2026-05-21,4,羽毛球馆-3号,07:00-08:00,0,1,可预约,￥0.0,多云,15,12,4,0.0,100,29
2026-05-21 05:30:49,2026-05-21,4,羽毛球馆-3号,07:00-08:00,0,1,可预约,￥0.0,多云,15,13,3,0.0,100,28
2026-05-21 06:00:50,2026-05-21,4,羽毛球馆-3号,07:00-08:00,0,1,可预约,￥0.0,多云,15,13,4,0.0,99,28
2026-05-21 06:30:38,2026-05-21,4,羽毛球馆-3号,07:00-08:00,0,1,可预约,￥0.0,多云,15,13,3,0.0,97,28
2026-05-21 07:00:43,2026-05-21,4,羽毛球馆-3号,07:00-08:00,0,1,可预约,￥0.0,晴,15,11,5,0.0,93,28
2026-05-21 07:30:39,2026-05-21,4,羽毛球馆-3号,07:00-08:00,0,1,可预约,￥0.0,晴,17,13,4,0.0,89,29
2026-05-21 07:50:40,2026-05-21,4,羽毛球馆-3号,07:00-08:00,0,1,可预约,￥0.0,晴,17,13,4,0.0,88,29
2026-05-21 07:53:31,2026-05-21,4,羽毛球馆-3号,07:00-08:00,0,1,可预约,￥0.0,晴,17,12,5,0.0,86,29
2026-05-21 07:56:31,2026-05-21,4,羽毛球馆-3号,07:00-08:00,0,1,可预约,￥0.0,晴,17,12,5,0.0,86,29
2026-05-21 07:59:26,2026-05-21,4,羽毛球馆-3号,07:00-08:00,0,1,可预约,￥0.0,晴,17,12,5,0.0,86,29
2026-05-21 08:00:45,2026-05-21,4,羽毛球馆-3号,07:00-08:00,0,1,不开放/已过期,,晴,17,12,5,0.0,86,29
2026-05-21 08:02:30,2026-05-21,4,羽毛球馆-3号,07:00-08:00,0,1,不开放/已过期,,多云,17,12,5,0.0,87,29
2026-05-21 08:05:36,2026-05-21,4,羽毛球馆-3号,07:00-08:00,0,1,不开放/已过期,,多云,17,12,5,0.0,86,29
2026-05-21 08:08:31,2026-05-21,4,羽毛球馆-3号,07:00-08:00,0,1,不开放/已过期,,多云,17,12,5,0.0,86,29
2026-05-21 08:11:30,2026-05-21,4,羽毛球馆-3号,07:00-08:00,0,1,不开放/已过期,,多云,17,12,5,0.0,86,29
2026-05-21 08:14:31,2026-05-21,4,羽毛球馆-3号,07:00-08:00,0,1,不开放/已过期,,多云,17,12,5,0.0,86,29
2026-05-21 08:17:30,2026-05-21,4,羽毛球馆-3号,07:00-08:00,0,1,不开放/已过期,,多云,17,12,5,0.0,86,29
2026-05-21 08:20:35,2026-05-21,4,羽毛球馆-3号,07:00-08:00,0,1,不开放/已过期,,多云,17,14,4,0.0,85,29
2026-05-21 08:25:32,2026-05-21,4,羽毛球馆-3号,07:00-08:00,0,1,不开放/已过期,,多云,17,14,4,0.0,85,28
2026-05-21 08:30:42,2026-05-21,4,羽毛球馆-3号,07:00-08:00,0,1,不开放/已过期,,多云,18,15,4,0.0,84,28
2026-05-21 08:35:31,2026-05-21,4,羽毛球馆-3号,07:00-08:00,0,1,不开放/已过期,,多云,18,15,4,0.0,84,28
2026-05-21 08:40:38,2026-05-21,4,羽毛球馆-3号,07:00-08:00,0,1,不开放/已过期,,多云,18,15,4,0.0,82,28
2026-05-21 08:45:33,2026-05-21,4,羽毛球馆-3号,07:00-08:00,0,1,不开放/已过期,,多云,18,15,4,0.0,82,28
2026-05-21 08:50:36,2026-05-21,4,羽毛球馆-3号,07:00-08:00,0,1,不开放/已过期,,多云,18,15,4,0.0,82,28
2026-05-21 08:55:34,2026-05-21,4,羽毛球馆-3号,07:00-08:00,0,1,不开放/已过期,,多云,18,15,4,0.0,84,28
2026-05-21 09:00:51,2026-05-21,4,羽毛球馆-3号,07:00-08:00,0,1,不开放/已过期,,多云,18,15,4,0.0,84,28
2026-05-21 09:01:59,2026-05-21,4,羽毛球馆-3号,07:00-08:00,0,1,不开放/已过期,,多云,18,15,4,0.0,83,28
2026-05-21 09:05:33,2026-05-21,4,羽毛球馆-3号,07:00-08:00,0,1,不开放/已过期,,多云,18,15,4,0.0,83,28
2026-05-21 09:20:38,2026-05-21,4,羽毛球馆-3号,07:00-08:00,0,1,不开放/已过期,,多云,18,16,3,0.0,81,28
2026-05-21 09:30:46,2026-05-21,4,羽毛球馆-3号,07:00-08:00,0,1,不开放/已过期,,多云,18,16,3,0.0,81,32
2026-05-21 09:40:36,2026-05-21,4,羽毛球馆-3号,07:00-08:00,0,1,不开放/已过期,,多云,19,17,3,0.0,79,32
2026-05-21 09:50:42,2026-05-21,4,羽毛球馆-3号,07:00-08:00,0,1,不开放/已过期,,多云,19,17,4,0.0,81,32
2026-05-21 10:00:46,2026-05-21,4,羽毛球馆-3号,07:00-08:00,0,1,不开放/已过期,,多云,19,17,4,0.0,79,32
2026-05-21 10:10:40,2026-05-21,4,羽毛球馆-3号,07:00-08:00,0,1,不开放/已过期,,多云,19,17,4,0.0,79,32
2026-05-21 10:20:38,2026-05-21,4,羽毛球馆-3号,07:00-08:00,0,1,不开放/已过期,,多云,19,17,4,0.0,79,32
2026-05-21 10:30:41,2026-05-21,4,羽毛球馆-3号,07:00-08:00,0,1,不开放/已过期,,多云,19,18,3,0.0,78,31
2026-05-21 11:00:44,2026-05-21,4,羽毛球馆-3号,07:00-08:00,0,1,不开放/已过期,,多云,21,17,5,0.0,74,31
2026-05-21 11:30:38,2026-05-21,4,羽毛球馆-3号,07:00-08:00,0,1,不开放/已过期,,多云,21,19,3,0.0,72,33
2026-05-21 12:00:46,2026-05-21,4,羽毛球馆-3号,07:00-08:00,0,1,不开放/已过期,,多云,22,19,4,0.0,70,33
2026-05-21 12:30:42,2026-05-21,4,羽毛球馆-3号,07:00-08:00,0,1,不开放/已过期,,多云,22,21,3,0.0,68,35
2026-05-21 13:00:43,2026-05-21,4,羽毛球馆-3号,07:00-08:00,0,1,不开放/已过期,,多云,24,22,4,0.0,66,35
2026-05-21 13:30:43,2026-05-21,4,羽毛球馆-3号,07:00-08:00,0,1,不开放/已过期,,多云,24,22,4,0.0,66,36
2026-05-21 14:00:48,2026-05-21,4,羽毛球馆-3号,07:00-08:00,0,1,不开放/已过期,,多云,25,23,4,0.0,66,36
2026-05-21 14:30:45,2026-05-21,4,羽毛球馆-3号,07:00-08:00,0,1,不开放/已过期,,晴,25,25,3,0.0,65,39
2026-05-21 15:00:45,2026-05-21,4,羽毛球馆-3号,07:00-08:00,0,1,不开放/已过期,,晴,25,22,4,0.0,56,39
2026-05-21 15:30:43,2026-05-21,4,羽毛球馆-3号,07:00-08:00,0,1,不开放/已过期,,晴,25,23,4,0.0,57,40
2026-05-21 16:00:51,2026-05-21,4,羽毛球馆-3号,07:00-08:00,0,1,不开放/已过期,,晴,25,23,4,0.0,57,40
2026-05-21 16:30:48,2026-05-21,4,羽毛球馆-3号,07:00-08:00,0,1,不开放/已过期,,晴,25,24,3,0.0,60,39
2026-05-21 17:00:49,2026-05-21,4,羽毛球馆-3号,07:00-08:00,0,1,不开放/已过期,,晴,25,24,4,0.0,61,39
2026-05-21 17:30:47,2026-05-21,4,羽毛球馆-3号,07:00-08:00,0,1,不开放/已过期,,多云,24,23,3,0.0,64,39
2026-05-21 18:00:50,2026-05-21,4,羽毛球馆-3号,07:00-08:00,0,1,不开放/已过期,,多云,24,23,3,0.0,68,39
2026-05-21 18:30:50,2026-05-21,4,羽毛球馆-3号,07:00-08:00,0,1,不开放/已过期,,阴,24,25,2,0.0,68,40
2026-05-21 19:00:50,2026-05-21,4,羽毛球馆-3号,07:00-08:00,0,1,不开放/已过期,,阴,23,23,3,0.0,76,40
2026-05-21 19:30:46,2026-05-21,4,羽毛球馆-3号,07:00-08:00,0,1,不开放/已过期,,阴,23,24,2,0.0,77,39
2026-05-21 20:00:49,2026-05-21,4,羽毛球馆-3号,07:00-08:00,0,1,不开放/已过期,,雾,22,23,2,0.0,89,39
2026-05-21 20:30:44,2026-05-21,4,羽毛球馆-3号,07:00-08:00,0,1,不开放/已过期,,雾,22,24,2,0.0,93,43
2026-05-21 21:00:56,2026-05-21,4,羽毛球馆-3号,07:00-08:00,0,1,不开放/已过期,,雾,20,21,2,0.0,98,43
2026-05-21 21:30:46,2026-05-21,4,羽毛球馆-3号,07:00-08:00,0,1,不开放/已过期,,雾,20,22,1,0.0,99,41
2026-05-21 22:01:02,2026-05-21,4,羽毛球馆-3号,07:00-08:00,0,1,不开放/已过期,,雾,19,20,2,0.0,93,41
2026-05-21 22:30:47,2026-05-21,4,羽毛球馆-3号,07:00-08:00,0,1,不开放/已过期,,雾,19,19,3,0.0,88,46
2026-05-21 23:00:56,2026-05-21,4,羽毛球馆-3号,07:00-08:00,0,1,不开放/已过期,,多云,18,17,3,0.0,85,46
2026-05-21 23:30:55,2026-05-21,4,羽毛球馆-3号,07:00-08:00,0,1,不开放/已过期,,多云,18,17,3,0.0,85,48
2026-05-21 00:30:49,2026-05-21,4,羽毛球馆-3号,08:00-09:00,1,1,已售/已满,已售,多云,15,13,3,0.0,100,26
2026-05-21 01:00:55,2026-05-21,4,羽毛球馆-3号,08:00-09:00,1,1,已售/已满,已售,多云,15,12,4,0.0,100,26
2026-05-21 01:30:47,2026-05-21,4,羽毛球馆-3号,08:00-09:00,1,1,已售/已满,已售,多云,15,13,4,0.0,100,28
2026-05-21 02:00:53,2026-05-21,4,羽毛球馆-3号,08:00-09:00,1,1,已售/已满,已售,多云,15,12,4,0.0,100,28
2026-05-21 02:30:49,2026-05-21,4,羽毛球馆-3号,08:00-09:00,1,1,已售/已满,已售,多云,15,14,3,0.0,100,29
2026-05-21 03:00:55,2026-05-21,4,羽毛球馆-3号,08:00-09:00,1,1,已售/已满,已售,多云,15,12,4,0.0,100,29
2026-05-21 03:30:49,2026-05-21,4,羽毛球馆-3号,08:00-09:00,1,1,已售/已满,已售,多云,15,14,3,0.0,100,30
2026-05-21 04:30:45,2026-05-21,4,羽毛球馆-3号,08:00-09:00,1,1,已售/已满,已售,多云,15,12,4,0.0,100,29
2026-05-21 05:00:52,2026-05-21,4,羽毛球馆-3号,08:00-09:00,1,1,已售/已满,已售,多云,15,12,4,0.0,100,29
2026-05-21 05:30:49,2026-05-21,4,羽毛球馆-3号,08:00-09:00,1,1,已售/已满,已售,多云,15,13,3,0.0,100,28
2026-05-21 06:00:50,2026-05-21,4,羽毛球馆-3号,08:00-09:00,1,1,已售/已满,已售,多云,15,13,4,0.0,99,28
2026-05-21 06:30:38,2026-05-21,4,羽毛球馆-3号,08:00-09:00,1,1,已售/已满,已售,多云,15,13,3,0.0,97,28
2026-05-21 07:00:43,2026-05-21,4,羽毛球馆-3号,08:00-09:00,1,1,已售/已满,已售,晴,15,11,5,0.0,93,28
2026-05-21 07:30:39,2026-05-21,4,羽毛球馆-3号,08:00-09:00,1,1,已售/已满,已售,晴,17,13,4,0.0,89,29
2026-05-21 07:50:40,2026-05-21,4,羽毛球馆-3号,08:00-09:00,1,1,已售/已满,已售,晴,17,13,4,0.0,88,29
2026-05-21 07:53:31,2026-05-21,4,羽毛球馆-3号,08:00-09:00,1,1,已售/已满,已售,晴,17,12,5,0.0,86,29
2026-05-21 07:56:31,2026-05-21,4,羽毛球馆-3号,08:00-09:00,1,1,已售/已满,已售,晴,17,12,5,0.0,86,29
2026-05-21 07:59:26,2026-05-21,4,羽毛球馆-3号,08:00-09:00,1,1,已售/已满,已售,晴,17,12,5,0.0,86,29
2026-05-21 08:00:45,2026-05-21,4,羽毛球馆-3号,08:00-09:00,1,1,已售/已满,已售,晴,17,12,5,0.0,86,29
2026-05-21 08:02:30,2026-05-21,4,羽毛球馆-3号,08:00-09:00,1,1,已售/已满,已售,多云,17,12,5,0.0,87,29
2026-05-21 08:05:36,2026-05-21,4,羽毛球馆-3号,08:00-09:00,1,1,已售/已满,已售,多云,17,12,5,0.0,86,29
2026-05-21 08:08:31,2026-05-21,4,羽毛球馆-3号,08:00-09:00,1,1,已售/已满,已售,多云,17,12,5,0.0,86,29
2026-05-21 08:11:30,2026-05-21,4,羽毛球馆-3号,08:00-09:00,1,1,已售/已满,已售,多云,17,12,5,0.0,86,29
2026-05-21 08:14:31,2026-05-21,4,羽毛球馆-3号,08:00-09:00,1,1,已售/已满,已售,多云,17,12,5,0.0,86,29
2026-05-21 08:17:30,2026-05-21,4,羽毛球馆-3号,08:00-09:00,1,1,已售/已满,已售,多云,17,12,5,0.0,86,29
2026-05-21 08:20:35,2026-05-21,4,羽毛球馆-3号,08:00-09:00,1,1,已售/已满,已售,多云,17,14,4,0.0,85,29
2026-05-21 08:25:32,2026-05-21,4,羽毛球馆-3号,08:00-09:00,1,1,已售/已满,已售,多云,17,14,4,0.0,85,28
2026-05-21 08:30:42,2026-05-21,4,羽毛球馆-3号,08:00-09:00,1,1,已售/已满,已售,多云,18,15,4,0.0,84,28
2026-05-21 08:35:31,2026-05-21,4,羽毛球馆-3号,08:00-09:00,1,1,已售/已满,已售,多云,18,15,4,0.0,84,28
2026-05-21 08:40:38,2026-05-21,4,羽毛球馆-3号,08:00-09:00,1,1,已售/已满,已售,多云,18,15,4,0.0,82,28
2026-05-21 08:45:33,2026-05-21,4,羽毛球馆-3号,08:00-09:00,1,1,已售/已满,已售,多云,18,15,4,0.0,82,28
2026-05-21 08:50:36,2026-05-21,4,羽毛球馆-3号,08:00-09:00,1,1,已售/已满,已售,多云,18,15,4,0.0,82,28
2026-05-21 08:55:34,2026-05-21,4,羽毛球馆-3号,08:00-09:00,1,1,已售/已满,已售,多云,18,15,4,0.0,84,28
2026-05-21 09:00:51,2026-05-21,4,羽毛球馆-3号,08:00-09:00,1,1,已售/已满,已售,多云,18,15,4,0.0,84,28
2026-05-21 09:01:59,2026-05-21,4,羽毛球馆-3号,08:00-09:00,1,1,已售/已满,已售,多云,18,15,4,0.0,83,28
2026-05-21 09:05:33,2026-05-21,4,羽毛球馆-3号,08:00-09:00,1,1,已售/已满,已售,多云,18,15,4,0.0,83,28
2026-05-21 09:20:38,2026-05-21,4,羽毛球馆-3号,08:00-09:00,1,1,已售/已满,已售,多云,18,16,3,0.0,81,28
2026-05-21 09:30:46,2026-05-21,4,羽毛球馆-3号,08:00-09:00,1,1,已售/已满,已售,多云,18,16,3,0.0,81,32
2026-05-21 09:40:36,2026-05-21,4,羽毛球馆-3号,08:00-09:00,1,1,已售/已满,已售,多云,19,17,3,0.0,79,32
2026-05-21 09:50:42,2026-05-21,4,羽毛球馆-3号,08:00-09:00,1,1,已售/已满,已售,多云,19,17,4,0.0,81,32
2026-05-21 10:00:46,2026-05-21,4,羽毛球馆-3号,08:00-09:00,1,1,已售/已满,已售,多云,19,17,4,0.0,79,32
2026-05-21 10:10:40,2026-05-21,4,羽毛球馆-3号,08:00-09:00,1,1,已售/已满,已售,多云,19,17,4,0.0,79,32
2026-05-21 10:20:38,2026-05-21,4,羽毛球馆-3号,08:00-09:00,1,1,已售/已满,已售,多云,19,17,4,0.0,79,32
2026-05-21 10:30:41,2026-05-21,4,羽毛球馆-3号,08:00-09:00,1,1,已售/已满,已售,多云,19,18,3,0.0,78,31
2026-05-21 11:00:44,2026-05-21,4,羽毛球馆-3号,08:00-09:00,1,1,已售/已满,已售,多云,21,17,5,0.0,74,31
2026-05-21 11:30:38,2026-05-21,4,羽毛球馆-3号,08:00-09:00,1,1,已售/已满,已售,多云,21,19,3,0.0,72,33
2026-05-21 12:00:46,2026-05-21,4,羽毛球馆-3号,08:00-09:00,1,1,已售/已满,已售,多云,22,19,4,0.0,70,33
2026-05-21 12:30:42,2026-05-21,4,羽毛球馆-3号,08:00-09:00,1,1,已售/已满,已售,多云,22,21,3,0.0,68,35
2026-05-21 13:00:43,2026-05-21,4,羽毛球馆-3号,08:00-09:00,1,1,已售/已满,已售,多云,24,22,4,0.0,66,35
2026-05-21 13:30:43,2026-05-21,4,羽毛球馆-3号,08:00-09:00,1,1,已售/已满,已售,多云,24,22,4,0.0,66,36
2026-05-21 14:00:48,2026-05-21,4,羽毛球馆-3号,08:00-09:00,1,1,已售/已满,已售,多云,25,23,4,0.0,66,36
2026-05-21 14:30:45,2026-05-21,4,羽毛球馆-3号,08:00-09:00,1,1,已售/已满,已售,晴,25,25,3,0.0,65,39
2026-05-21 15:00:45,2026-05-21,4,羽毛球馆-3号,08:00-09:00,1,1,已售/已满,已售,晴,25,22,4,0.0,56,39
2026-05-21 15:30:43,2026-05-21,4,羽毛球馆-3号,08:00-09:00,1,1,已售/已满,已售,晴,25,23,4,0.0,57,40
2026-05-21 16:00:51,2026-05-21,4,羽毛球馆-3号,08:00-09:00,1,1,已售/已满,已售,晴,25,23,4,0.0,57,40
2026-05-21 16:30:48,2026-05-21,4,羽毛球馆-3号,08:00-09:00,1,1,已售/已满,已售,晴,25,24,3,0.0,60,39
2026-05-21 17:00:49,2026-05-21,4,羽毛球馆-3号,08:00-09:00,1,1,已售/已满,已售,晴,25,24,4,0.0,61,39
2026-05-21 17:30:47,2026-05-21,4,羽毛球馆-3号,08:00-09:00,1,1,已售/已满,已售,多云,24,23,3,0.0,64,39
2026-05-21 18:00:50,2026-05-21,4,羽毛球馆-3号,08:00-09:00,1,1,已售/已满,已售,多云,24,23,3,0.0,68,39
2026-05-21 18:30:50,2026-05-21,4,羽毛球馆-3号,08:00-09:00,1,1,已售/已满,已售,阴,24,25,2,0.0,68,40
2026-05-21 19:00:50,2026-05-21,4,羽毛球馆-3号,08:00-09:00,1,1,已售/已满,已售,阴,23,23,3,0.0,76,40
2026-05-21 19:30:46,2026-05-21,4,羽毛球馆-3号,08:00-09:00,1,1,已售/已满,已售,阴,23,24,2,0.0,77,39
2026-05-21 20:00:49,2026-05-21,4,羽毛球馆-3号,08:00-09:00,1,1,已售/已满,已售,雾,22,23,2,0.0,89,39
2026-05-21 20:30:44,2026-05-21,4,羽毛球馆-3号,08:00-09:00,1,1,已售/已满,已售,雾,22,24,2,0.0,93,43
2026-05-21 21:00:56,2026-05-21,4,羽毛球馆-3号,08:00-09:00,1,1,已售/已满,已售,雾,20,21,2,0.0,98,43
2026-05-21 21:30:46,2026-05-21,4,羽毛球馆-3号,08:00-09:00,1,1,已售/已满,已售,雾,20,22,1,0.0,99,41
2026-05-21 22:01:02,2026-05-21,4,羽毛球馆-3号,08:00-09:00,1,1,已售/已满,已售,雾,19,20,2,0.0,93,41
2026-05-21 22:30:47,2026-05-21,4,羽毛球馆-3号,08:00-09:00,1,1,已售/已满,已售,雾,19,19,3,0.0,88,46
2026-05-21 23:00:56,2026-05-21,4,羽毛球馆-3号,08:00-09:00,1,1,已售/已满,已售,多云,18,17,3,0.0,85,46
2026-05-21 23:30:55,2026-05-21,4,羽毛球馆-3号,08:00-09:00,1,1,已售/已满,已售,多云,18,17,3,0.0,85,48
2026-05-21 00:30:49,2026-05-21,4,羽毛球馆-3号,09:00-10:00,0,1,可预约,￥12.0,多云,15,13,3,0.0,100,26
2026-05-21 01:00:55,2026-05-21,4,羽毛球馆-3号,09:00-10:00,0,1,可预约,￥12.0,多云,15,12,4,0.0,100,26
2026-05-21 01:30:47,2026-05-21,4,羽毛球馆-3号,09:00-10:00,0,1,可预约,￥12.0,多云,15,13,4,0.0,100,28
2026-05-21 02:00:53,2026-05-21,4,羽毛球馆-3号,09:00-10:00,0,1,可预约,￥12.0,多云,15,12,4,0.0,100,28
2026-05-21 02:30:49,2026-05-21,4,羽毛球馆-3号,09:00-10:00,0,1,可预约,￥12.0,多云,15,14,3,0.0,100,29
2026-05-21 03:00:55,2026-05-21,4,羽毛球馆-3号,09:00-10:00,0,1,可预约,￥12.0,多云,15,12,4,0.0,100,29
2026-05-21 03:30:49,2026-05-21,4,羽毛球馆-3号,09:00-10:00,0,1,可预约,￥12.0,多云,15,14,3,0.0,100,30
2026-05-21 04:30:45,2026-05-21,4,羽毛球馆-3号,09:00-10:00,0,1,可预约,￥12.0,多云,15,12,4,0.0,100,29
2026-05-21 05:00:52,2026-05-21,4,羽毛球馆-3号,09:00-10:00,0,1,可预约,￥12.0,多云,15,12,4,0.0,100,29
2026-05-21 05:30:49,2026-05-21,4,羽毛球馆-3号,09:00-10:00,0,1,可预约,￥12.0,多云,15,13,3,0.0,100,28
2026-05-21 06:00:50,2026-05-21,4,羽毛球馆-3号,09:00-10:00,0,1,可预约,￥12.0,多云,15,13,4,0.0,99,28
2026-05-21 06:30:38,2026-05-21,4,羽毛球馆-3号,09:00-10:00,0,1,可预约,￥12.0,多云,15,13,3,0.0,97,28
2026-05-21 07:00:43,2026-05-21,4,羽毛球馆-3号,09:00-10:00,0,1,可预约,￥12.0,晴,15,11,5,0.0,93,28
2026-05-21 07:30:39,2026-05-21,4,羽毛球馆-3号,09:00-10:00,0,1,可预约,￥12.0,晴,17,13,4,0.0,89,29
2026-05-21 07:50:40,2026-05-21,4,羽毛球馆-3号,09:00-10:00,0,1,可预约,￥12.0,晴,17,13,4,0.0,88,29
2026-05-21 07:53:31,2026-05-21,4,羽毛球馆-3号,09:00-10:00,0,1,可预约,￥12.0,晴,17,12,5,0.0,86,29
2026-05-21 07:56:31,2026-05-21,4,羽毛球馆-3号,09:00-10:00,0,1,可预约,￥12.0,晴,17,12,5,0.0,86,29
2026-05-21 07:59:26,2026-05-21,4,羽毛球馆-3号,09:00-10:00,0,1,可预约,￥12.0,晴,17,12,5,0.0,86,29
2026-05-21 08:00:45,2026-05-21,4,羽毛球馆-3号,09:00-10:00,0,1,可预约,￥12.0,晴,17,12,5,0.0,86,29
2026-05-21 08:02:30,2026-05-21,4,羽毛球馆-3号,09:00-10:00,0,1,可预约,￥12.0,多云,17,12,5,0.0,87,29
2026-05-21 08:05:36,2026-05-21,4,羽毛球馆-3号,09:00-10:00,0,1,可预约,￥12.0,多云,17,12,5,0.0,86,29
2026-05-21 08:08:31,2026-05-21,4,羽毛球馆-3号,09:00-10:00,0,1,可预约,￥12.0,多云,17,12,5,0.0,86,29
2026-05-21 08:11:30,2026-05-21,4,羽毛球馆-3号,09:00-10:00,0,1,可预约,￥12.0,多云,17,12,5,0.0,86,29
2026-05-21 08:14:31,2026-05-21,4,羽毛球馆-3号,09:00-10:00,0,1,可预约,￥12.0,多云,17,12,5,0.0,86,29
2026-05-21 08:17:30,2026-05-21,4,羽毛球馆-3号,09:00-10:00,0,1,可预约,￥12.0,多云,17,12,5,0.0,86,29
2026-05-21 08:20:35,2026-05-21,4,羽毛球馆-3号,09:00-10:00,0,1,可预约,￥12.0,多云,17,14,4,0.0,85,29
2026-05-21 08:25:32,2026-05-21,4,羽毛球馆-3号,09:00-10:00,0,1,可预约,￥12.0,多云,17,14,4,0.0,85,28
2026-05-21 08:30:42,2026-05-21,4,羽毛球馆-3号,09:00-10:00,0,1,可预约,￥12.0,多云,18,15,4,0.0,84,28
2026-05-21 08:35:31,2026-05-21,4,羽毛球馆-3号,09:00-10:00,0,1,可预约,￥12.0,多云,18,15,4,0.0,84,28
2026-05-21 08:40:38,2026-05-21,4,羽毛球馆-3号,09:00-10:00,0,1,可预约,￥12.0,多云,18,15,4,0.0,82,28
2026-05-21 08:45:33,2026-05-21,4,羽毛球馆-3号,09:00-10:00,0,1,可预约,￥12.0,多云,18,15,4,0.0,82,28
2026-05-21 08:50:36,2026-05-21,4,羽毛球馆-3号,09:00-10:00,0,1,可预约,￥12.0,多云,18,15,4,0.0,82,28
2026-05-21 08:55:34,2026-05-21,4,羽毛球馆-3号,09:00-10:00,0,1,可预约,￥12.0,多云,18,15,4,0.0,84,28
2026-05-21 09:00:51,2026-05-21,4,羽毛球馆-3号,09:00-10:00,0,1,可预约,￥12.0,多云,18,15,4,0.0,84,28
2026-05-21 09:01:59,2026-05-21,4,羽毛球馆-3号,09:00-10:00,0,1,可预约,￥12.0,多云,18,15,4,0.0,83,28
2026-05-21 09:05:33,2026-05-21,4,羽毛球馆-3号,09:00-10:00,0,1,可预约,￥12.0,多云,18,15,4,0.0,83,28
2026-05-21 09:20:38,2026-05-21,4,羽毛球馆-3号,09:00-10:00,0,1,可预约,￥12.0,多云,18,16,3,0.0,81,28
2026-05-21 09:30:46,2026-05-21,4,羽毛球馆-3号,09:00-10:00,0,1,可预约,￥12.0,多云,18,16,3,0.0,81,32
2026-05-21 09:40:36,2026-05-21,4,羽毛球馆-3号,09:00-10:00,0,1,可预约,￥12.0,多云,19,17,3,0.0,79,32
2026-05-21 09:50:42,2026-05-21,4,羽毛球馆-3号,09:00-10:00,0,1,可预约,￥12.0,多云,19,17,4,0.0,81,32
2026-05-21 10:00:46,2026-05-21,4,羽毛球馆-3号,09:00-10:00,0,1,不开放/已过期,,多云,19,17,4,0.0,79,32
2026-05-21 10:10:40,2026-05-21,4,羽毛球馆-3号,09:00-10:00,0,1,不开放/已过期,,多云,19,17,4,0.0,79,32
2026-05-21 10:20:38,2026-05-21,4,羽毛球馆-3号,09:00-10:00,0,1,不开放/已过期,,多云,19,17,4,0.0,79,32
2026-05-21 10:30:41,2026-05-21,4,羽毛球馆-3号,09:00-10:00,0,1,不开放/已过期,,多云,19,18,3,0.0,78,31
2026-05-21 11:00:44,2026-05-21,4,羽毛球馆-3号,09:00-10:00,0,1,不开放/已过期,,多云,21,17,5,0.0,74,31
2026-05-21 11:30:38,2026-05-21,4,羽毛球馆-3号,09:00-10:00,0,1,不开放/已过期,,多云,21,19,3,0.0,72,33
2026-05-21 12:00:46,2026-05-21,4,羽毛球馆-3号,09:00-10:00,0,1,不开放/已过期,,多云,22,19,4,0.0,70,33
2026-05-21 12:30:42,2026-05-21,4,羽毛球馆-3号,09:00-10:00,0,1,不开放/已过期,,多云,22,21,3,0.0,68,35
2026-05-21 13:00:43,2026-05-21,4,羽毛球馆-3号,09:00-10:00,0,1,不开放/已过期,,多云,24,22,4,0.0,66,35
2026-05-21 13:30:43,2026-05-21,4,羽毛球馆-3号,09:00-10:00,0,1,不开放/已过期,,多云,24,22,4,0.0,66,36
2026-05-21 14:00:48,2026-05-21,4,羽毛球馆-3号,09:00-10:00,0,1,不开放/已过期,,多云,25,23,4,0.0,66,36
2026-05-21 14:30:45,2026-05-21,4,羽毛球馆-3号,09:00-10:00,0,1,不开放/已过期,,晴,25,25,3,0.0,65,39
2026-05-21 15:00:45,2026-05-21,4,羽毛球馆-3号,09:00-10:00,0,1,不开放/已过期,,晴,25,22,4,0.0,56,39
2026-05-21 15:30:43,2026-05-21,4,羽毛球馆-3号,09:00-10:00,0,1,不开放/已过期,,晴,25,23,4,0.0,57,40
2026-05-21 16:00:51,2026-05-21,4,羽毛球馆-3号,09:00-10:00,0,1,不开放/已过期,,晴,25,23,4,0.0,57,40
2026-05-21 16:30:48,2026-05-21,4,羽毛球馆-3号,09:00-10:00,0,1,不开放/已过期,,晴,25,24,3,0.0,60,39
2026-05-21 17:00:49,2026-05-21,4,羽毛球馆-3号,09:00-10:00,0,1,不开放/已过期,,晴,25,24,4,0.0,61,39
2026-05-21 17:30:47,2026-05-21,4,羽毛球馆-3号,09:00-10:00,0,1,不开放/已过期,,多云,24,23,3,0.0,64,39
2026-05-21 18:00:50,2026-05-21,4,羽毛球馆-3号,09:00-10:00,0,1,不开放/已过期,,多云,24,23,3,0.0,68,39
2026-05-21 18:30:50,2026-05-21,4,羽毛球馆-3号,09:00-10:00,0,1,不开放/已过期,,阴,24,25,2,0.0,68,40
2026-05-21 19:00:50,2026-05-21,4,羽毛球馆-3号,09:00-10:00,0,1,不开放/已过期,,阴,23,23,3,0.0,76,40
2026-05-21 19:30:46,2026-05-21,4,羽毛球馆-3号,09:00-10:00,0,1,不开放/已过期,,阴,23,24,2,0.0,77,39
2026-05-21 20:00:49,2026-05-21,4,羽毛球馆-3号,09:00-10:00,0,1,不开放/已过期,,雾,22,23,2,0.0,89,39
2026-05-21 20:30:44,2026-05-21,4,羽毛球馆-3号,09:00-10:00,0,1,不开放/已过期,,雾,22,24,2,0.0,93,43
2026-05-21 21:00:56,2026-05-21,4,羽毛球馆-3号,09:00-10:00,0,1,不开放/已过期,,雾,20,21,2,0.0,98,43
2026-05-21 21:30:46,2026-05-21,4,羽毛球馆-3号,09:00-10:00,0,1,不开放/已过期,,雾,20,22,1,0.0,99,41
2026-05-21 22:01:02,2026-05-21,4,羽毛球馆-3号,09:00-10:00,0,1,不开放/已过期,,雾,19,20,2,0.0,93,41
2026-05-21 22:30:47,2026-05-21,4,羽毛球馆-3号,09:00-10:00,0,1,不开放/已过期,,雾,19,19,3,0.0,88,46
2026-05-21 23:00:56,2026-05-21,4,羽毛球馆-3号,09:00-10:00,0,1,不开放/已过期,,多云,18,17,3,0.0,85,46
2026-05-21 23:30:55,2026-05-21,4,羽毛球馆-3号,09:00-10:00,0,1,不开放/已过期,,多云,18,17,3,0.0,85,48
2026-05-21 00:30:49,2026-05-21,4,羽毛球馆-3号,10:00-11:00,1,1,已售/已满,教学时间,多云,15,13,3,0.0,100,26
2026-05-21 01:00:55,2026-05-21,4,羽毛球馆-3号,10:00-11:00,1,1,已售/已满,教学时间,多云,15,12,4,0.0,100,26
2026-05-21 01:30:47,2026-05-21,4,羽毛球馆-3号,10:00-11:00,1,1,已售/已满,教学时间,多云,15,13,4,0.0,100,28
2026-05-21 02:00:53,2026-05-21,4,羽毛球馆-3号,10:00-11:00,1,1,已售/已满,教学时间,多云,15,12,4,0.0,100,28
2026-05-21 02:30:49,2026-05-21,4,羽毛球馆-3号,10:00-11:00,1,1,已售/已满,教学时间,多云,15,14,3,0.0,100,29
2026-05-21 03:00:55,2026-05-21,4,羽毛球馆-3号,10:00-11:00,1,1,已售/已满,教学时间,多云,15,12,4,0.0,100,29
2026-05-21 03:30:49,2026-05-21,4,羽毛球馆-3号,10:00-11:00,1,1,已售/已满,教学时间,多云,15,14,3,0.0,100,30
2026-05-21 04:30:45,2026-05-21,4,羽毛球馆-3号,10:00-11:00,1,1,已售/已满,教学时间,多云,15,12,4,0.0,100,29
2026-05-21 05:00:52,2026-05-21,4,羽毛球馆-3号,10:00-11:00,1,1,已售/已满,教学时间,多云,15,12,4,0.0,100,29
2026-05-21 05:30:49,2026-05-21,4,羽毛球馆-3号,10:00-11:00,1,1,已售/已满,教学时间,多云,15,13,3,0.0,100,28
2026-05-21 06:00:50,2026-05-21,4,羽毛球馆-3号,10:00-11:00,1,1,已售/已满,教学时间,多云,15,13,4,0.0,99,28
2026-05-21 06:30:38,2026-05-21,4,羽毛球馆-3号,10:00-11:00,1,1,已售/已满,教学时间,多云,15,13,3,0.0,97,28
2026-05-21 07:00:43,2026-05-21,4,羽毛球馆-3号,10:00-11:00,1,1,已售/已满,教学时间,晴,15,11,5,0.0,93,28
2026-05-21 07:30:39,2026-05-21,4,羽毛球馆-3号,10:00-11:00,1,1,已售/已满,教学时间,晴,17,13,4,0.0,89,29
2026-05-21 07:50:40,2026-05-21,4,羽毛球馆-3号,10:00-11:00,1,1,已售/已满,教学时间,晴,17,13,4,0.0,88,29
2026-05-21 07:53:31,2026-05-21,4,羽毛球馆-3号,10:00-11:00,1,1,已售/已满,教学时间,晴,17,12,5,0.0,86,29
2026-05-21 07:56:31,2026-05-21,4,羽毛球馆-3号,10:00-11:00,1,1,已售/已满,教学时间,晴,17,12,5,0.0,86,29
2026-05-21 07:59:26,2026-05-21,4,羽毛球馆-3号,10:00-11:00,1,1,已售/已满,教学时间,晴,17,12,5,0.0,86,29
2026-05-21 08:00:45,2026-05-21,4,羽毛球馆-3号,10:00-11:00,1,1,已售/已满,教学时间,晴,17,12,5,0.0,86,29
2026-05-21 08:02:30,2026-05-21,4,羽毛球馆-3号,10:00-11:00,1,1,已售/已满,教学时间,多云,17,12,5,0.0,87,29
2026-05-21 08:05:36,2026-05-21,4,羽毛球馆-3号,10:00-11:00,1,1,已售/已满,教学时间,多云,17,12,5,0.0,86,29
2026-05-21 08:08:31,2026-05-21,4,羽毛球馆-3号,10:00-11:00,1,1,已售/已满,教学时间,多云,17,12,5,0.0,86,29
2026-05-21 08:11:30,2026-05-21,4,羽毛球馆-3号,10:00-11:00,1,1,已售/已满,教学时间,多云,17,12,5,0.0,86,29
2026-05-21 08:14:31,2026-05-21,4,羽毛球馆-3号,10:00-11:00,1,1,已售/已满,教学时间,多云,17,12,5,0.0,86,29
2026-05-21 08:17:30,2026-05-21,4,羽毛球馆-3号,10:00-11:00,1,1,已售/已满,教学时间,多云,17,12,5,0.0,86,29
2026-05-21 08:20:35,2026-05-21,4,羽毛球馆-3号,10:00-11:00,1,1,已售/已满,教学时间,多云,17,14,4,0.0,85,29
2026-05-21 08:25:32,2026-05-21,4,羽毛球馆-3号,10:00-11:00,1,1,已售/已满,教学时间,多云,17,14,4,0.0,85,28
2026-05-21 08:30:42,2026-05-21,4,羽毛球馆-3号,10:00-11:00,1,1,已售/已满,教学时间,多云,18,15,4,0.0,84,28
2026-05-21 08:35:31,2026-05-21,4,羽毛球馆-3号,10:00-11:00,1,1,已售/已满,教学时间,多云,18,15,4,0.0,84,28
2026-05-21 08:40:38,2026-05-21,4,羽毛球馆-3号,10:00-11:00,1,1,已售/已满,教学时间,多云,18,15,4,0.0,82,28
2026-05-21 08:45:33,2026-05-21,4,羽毛球馆-3号,10:00-11:00,1,1,已售/已满,教学时间,多云,18,15,4,0.0,82,28
2026-05-21 08:50:36,2026-05-21,4,羽毛球馆-3号,10:00-11:00,1,1,已售/已满,教学时间,多云,18,15,4,0.0,82,28
2026-05-21 08:55:34,2026-05-21,4,羽毛球馆-3号,10:00-11:00,1,1,已售/已满,教学时间,多云,18,15,4,0.0,84,28
2026-05-21 09:00:51,2026-05-21,4,羽毛球馆-3号,10:00-11:00,1,1,已售/已满,教学时间,多云,18,15,4,0.0,84,28
2026-05-21 09:01:59,2026-05-21,4,羽毛球馆-3号,10:00-11:00,1,1,已售/已满,教学时间,多云,18,15,4,0.0,83,28
2026-05-21 09:05:33,2026-05-21,4,羽毛球馆-3号,10:00-11:00,1,1,已售/已满,教学时间,多云,18,15,4,0.0,83,28
2026-05-21 09:20:38,2026-05-21,4,羽毛球馆-3号,10:00-11:00,1,1,已售/已满,教学时间,多云,18,16,3,0.0,81,28
2026-05-21 09:30:46,2026-05-21,4,羽毛球馆-3号,10:00-11:00,1,1,已售/已满,教学时间,多云,18,16,3,0.0,81,32
2026-05-21 09:40:36,2026-05-21,4,羽毛球馆-3号,10:00-11:00,1,1,已售/已满,教学时间,多云,19,17,3,0.0,79,32
2026-05-21 09:50:42,2026-05-21,4,羽毛球馆-3号,10:00-11:00,1,1,已售/已满,教学时间,多云,19,17,4,0.0,81,32
2026-05-21 10:00:46,2026-05-21,4,羽毛球馆-3号,10:00-11:00,1,1,已售/已满,教学时间,多云,19,17,4,0.0,79,32
2026-05-21 10:10:40,2026-05-21,4,羽毛球馆-3号,10:00-11:00,1,1,已售/已满,教学时间,多云,19,17,4,0.0,79,32
2026-05-21 10:20:38,2026-05-21,4,羽毛球馆-3号,10:00-11:00,1,1,已售/已满,教学时间,多云,19,17,4,0.0,79,32
2026-05-21 10:30:41,2026-05-21,4,羽毛球馆-3号,10:00-11:00,1,1,已售/已满,教学时间,多云,19,18,3,0.0,78,31
2026-05-21 11:00:44,2026-05-21,4,羽毛球馆-3号,10:00-11:00,1,1,已售/已满,教学时间,多云,21,17,5,0.0,74,31
2026-05-21 11:30:38,2026-05-21,4,羽毛球馆-3号,10:00-11:00,1,1,已售/已满,教学时间,多云,21,19,3,0.0,72,33
2026-05-21 12:00:46,2026-05-21,4,羽毛球馆-3号,10:00-11:00,1,1,已售/已满,教学时间,多云,22,19,4,0.0,70,33
2026-05-21 12:30:42,2026-05-21,4,羽毛球馆-3号,10:00-11:00,1,1,已售/已满,教学时间,多云,22,21,3,0.0,68,35
2026-05-21 13:00:43,2026-05-21,4,羽毛球馆-3号,10:00-11:00,1,1,已售/已满,教学时间,多云,24,22,4,0.0,66,35
2026-05-21 13:30:43,2026-05-21,4,羽毛球馆-3号,10:00-11:00,1,1,已售/已满,教学时间,多云,24,22,4,0.0,66,36
2026-05-21 14:00:48,2026-05-21,4,羽毛球馆-3号,10:00-11:00,1,1,已售/已满,教学时间,多云,25,23,4,0.0,66,36
2026-05-21 14:30:45,2026-05-21,4,羽毛球馆-3号,10:00-11:00,1,1,已售/已满,教学时间,晴,25,25,3,0.0,65,39
2026-05-21 15:00:45,2026-05-21,4,羽毛球馆-3号,10:00-11:00,1,1,已售/已满,教学时间,晴,25,22,4,0.0,56,39
2026-05-21 15:30:43,2026-05-21,4,羽毛球馆-3号,10:00-11:00,1,1,已售/已满,教学时间,晴,25,23,4,0.0,57,40
2026-05-21 16:00:51,2026-05-21,4,羽毛球馆-3号,10:00-11:00,1,1,已售/已满,教学时间,晴,25,23,4,0.0,57,40
2026-05-21 16:30:48,2026-05-21,4,羽毛球馆-3号,10:00-11:00,1,1,已售/已满,教学时间,晴,25,24,3,0.0,60,39
2026-05-21 17:00:49,2026-05-21,4,羽毛球馆-3号,10:00-11:00,1,1,已售/已满,教学时间,晴,25,24,4,0.0,61,39
2026-05-21 17:30:47,2026-05-21,4,羽毛球馆-3号,10:00-11:00,1,1,已售/已满,教学时间,多云,24,23,3,0.0,64,39
2026-05-21 18:00:50,2026-05-21,4,羽毛球馆-3号,10:00-11:00,1,1,已售/已满,教学时间,多云,24,23,3,0.0,68,39
2026-05-21 18:30:50,2026-05-21,4,羽毛球馆-3号,10:00-11:00,1,1,已售/已满,教学时间,阴,24,25,2,0.0,68,40
2026-05-21 19:00:50,2026-05-21,4,羽毛球馆-3号,10:00-11:00,1,1,已售/已满,教学时间,阴,23,23,3,0.0,76,40
2026-05-21 19:30:46,2026-05-21,4,羽毛球馆-3号,10:00-11:00,1,1,已售/已满,教学时间,阴,23,24,2,0.0,77,39
2026-05-21 20:00:49,2026-05-21,4,羽毛球馆-3号,10:00-11:00,1,1,已售/已满,教学时间,雾,22,23,2,0.0,89,39
2026-05-21 20:30:44,2026-05-21,4,羽毛球馆-3号,10:00-11:00,1,1,已售/已满,教学时间,雾,22,24,2,0.0,93,43
2026-05-21 21:00:56,2026-05-21,4,羽毛球馆-3号,10:00-11:00,1,1,已售/已满,教学时间,雾,20,21,2,0.0,98,43
2026-05-21 21:30:46,2026-05-21,4,羽毛球馆-3号,10:00-11:00,1,1,已售/已满,教学时间,雾,20,22,1,0.0,99,41
2026-05-21 22:01:02,2026-05-21,4,羽毛球馆-3号,10:00-11:00,1,1,已售/已满,教学时间,雾,19,20,2,0.0,93,41
2026-05-21 22:30:47,2026-05-21,4,羽毛球馆-3号,10:00-11:00,1,1,已售/已满,教学时间,雾,19,19,3,0.0,88,46
2026-05-21 23:00:56,2026-05-21,4,羽毛球馆-3号,10:00-11:00,1,1,已售/已满,教学时间,多云,18,17,3,0.0,85,46
2026-05-21 23:30:55,2026-05-21,4,羽毛球馆-3号,10:00-11:00,1,1,已售/已满,教学时间,多云,18,17,3,0.0,85,48
2026-05-21 00:30:49,2026-05-21,4,羽毛球馆-3号,11:00-12:00,1,1,已售/已满,教学时间,多云,15,13,3,0.0,100,26
2026-05-21 01:00:55,2026-05-21,4,羽毛球馆-3号,11:00-12:00,1,1,已售/已满,教学时间,多云,15,12,4,0.0,100,26
2026-05-21 01:30:47,2026-05-21,4,羽毛球馆-3号,11:00-12:00,1,1,已售/已满,教学时间,多云,15,13,4,0.0,100,28
2026-05-21 02:00:53,2026-05-21,4,羽毛球馆-3号,11:00-12:00,1,1,已售/已满,教学时间,多云,15,12,4,0.0,100,28
2026-05-21 02:30:49,2026-05-21,4,羽毛球馆-3号,11:00-12:00,1,1,已售/已满,教学时间,多云,15,14,3,0.0,100,29
2026-05-21 03:00:55,2026-05-21,4,羽毛球馆-3号,11:00-12:00,1,1,已售/已满,教学时间,多云,15,12,4,0.0,100,29
2026-05-21 03:30:49,2026-05-21,4,羽毛球馆-3号,11:00-12:00,1,1,已售/已满,教学时间,多云,15,14,3,0.0,100,30
2026-05-21 04:30:45,2026-05-21,4,羽毛球馆-3号,11:00-12:00,1,1,已售/已满,教学时间,多云,15,12,4,0.0,100,29
2026-05-21 05:00:52,2026-05-21,4,羽毛球馆-3号,11:00-12:00,1,1,已售/已满,教学时间,多云,15,12,4,0.0,100,29
2026-05-21 05:30:49,2026-05-21,4,羽毛球馆-3号,11:00-12:00,1,1,已售/已满,教学时间,多云,15,13,3,0.0,100,28
2026-05-21 06:00:50,2026-05-21,4,羽毛球馆-3号,11:00-12:00,1,1,已售/已满,教学时间,多云,15,13,4,0.0,99,28
2026-05-21 06:30:38,2026-05-21,4,羽毛球馆-3号,11:00-12:00,1,1,已售/已满,教学时间,多云,15,13,3,0.0,97,28
2026-05-21 07:00:43,2026-05-21,4,羽毛球馆-3号,11:00-12:00,1,1,已售/已满,教学时间,晴,15,11,5,0.0,93,28
2026-05-21 07:30:39,2026-05-21,4,羽毛球馆-3号,11:00-12:00,1,1,已售/已满,教学时间,晴,17,13,4,0.0,89,29
2026-05-21 07:50:40,2026-05-21,4,羽毛球馆-3号,11:00-12:00,1,1,已售/已满,教学时间,晴,17,13,4,0.0,88,29
2026-05-21 07:53:31,2026-05-21,4,羽毛球馆-3号,11:00-12:00,1,1,已售/已满,教学时间,晴,17,12,5,0.0,86,29
2026-05-21 07:56:31,2026-05-21,4,羽毛球馆-3号,11:00-12:00,1,1,已售/已满,教学时间,晴,17,12,5,0.0,86,29
2026-05-21 07:59:26,2026-05-21,4,羽毛球馆-3号,11:00-12:00,1,1,已售/已满,教学时间,晴,17,12,5,0.0,86,29
2026-05-21 08:00:45,2026-05-21,4,羽毛球馆-3号,11:00-12:00,1,1,已售/已满,教学时间,晴,17,12,5,0.0,86,29
2026-05-21 08:02:30,2026-05-21,4,羽毛球馆-3号,11:00-12:00,1,1,已售/已满,教学时间,多云,17,12,5,0.0,87,29
2026-05-21 08:05:36,2026-05-21,4,羽毛球馆-3号,11:00-12:00,1,1,已售/已满,教学时间,多云,17,12,5,0.0,86,29
2026-05-21 08:08:31,2026-05-21,4,羽毛球馆-3号,11:00-12:00,1,1,已售/已满,教学时间,多云,17,12,5,0.0,86,29
2026-05-21 08:11:30,2026-05-21,4,羽毛球馆-3号,11:00-12:00,1,1,已售/已满,教学时间,多云,17,12,5,0.0,86,29
2026-05-21 08:14:31,2026-05-21,4,羽毛球馆-3号,11:00-12:00,1,1,已售/已满,教学时间,多云,17,12,5,0.0,86,29
2026-05-21 08:17:30,2026-05-21,4,羽毛球馆-3号,11:00-12:00,1,1,已售/已满,教学时间,多云,17,12,5,0.0,86,29
2026-05-21 08:20:35,2026-05-21,4,羽毛球馆-3号,11:00-12:00,1,1,已售/已满,教学时间,多云,17,14,4,0.0,85,29
2026-05-21 08:25:32,2026-05-21,4,羽毛球馆-3号,11:00-12:00,1,1,已售/已满,教学时间,多云,17,14,4,0.0,85,28
2026-05-21 08:30:42,2026-05-21,4,羽毛球馆-3号,11:00-12:00,1,1,已售/已满,教学时间,多云,18,15,4,0.0,84,28
2026-05-21 08:35:31,2026-05-21,4,羽毛球馆-3号,11:00-12:00,1,1,已售/已满,教学时间,多云,18,15,4,0.0,84,28
2026-05-21 08:40:38,2026-05-21,4,羽毛球馆-3号,11:00-12:00,1,1,已售/已满,教学时间,多云,18,15,4,0.0,82,28
2026-05-21 08:45:33,2026-05-21,4,羽毛球馆-3号,11:00-12:00,1,1,已售/已满,教学时间,多云,18,15,4,0.0,82,28
2026-05-21 08:50:36,2026-05-21,4,羽毛球馆-3号,11:00-12:00,1,1,已售/已满,教学时间,多云,18,15,4,0.0,82,28
2026-05-21 08:55:34,2026-05-21,4,羽毛球馆-3号,11:00-12:00,1,1,已售/已满,教学时间,多云,18,15,4,0.0,84,28
2026-05-21 09:00:51,2026-05-21,4,羽毛球馆-3号,11:00-12:00,1,1,已售/已满,教学时间,多云,18,15,4,0.0,84,28
2026-05-21 09:01:59,2026-05-21,4,羽毛球馆-3号,11:00-12:00,1,1,已售/已满,教学时间,多云,18,15,4,0.0,83,28
2026-05-21 09:05:33,2026-05-21,4,羽毛球馆-3号,11:00-12:00,1,1,已售/已满,教学时间,多云,18,15,4,0.0,83,28
2026-05-21 09:20:38,2026-05-21,4,羽毛球馆-3号,11:00-12:00,1,1,已售/已满,教学时间,多云,18,16,3,0.0,81,28
2026-05-21 09:30:46,2026-05-21,4,羽毛球馆-3号,11:00-12:00,1,1,已售/已满,教学时间,多云,18,16,3,0.0,81,32
2026-05-21 09:40:36,2026-05-21,4,羽毛球馆-3号,11:00-12:00,1,1,已售/已满,教学时间,多云,19,17,3,0.0,79,32
2026-05-21 09:50:42,2026-05-21,4,羽毛球馆-3号,11:00-12:00,1,1,已售/已满,教学时间,多云,19,17,4,0.0,81,32
2026-05-21 10:00:46,2026-05-21,4,羽毛球馆-3号,11:00-12:00,1,1,已售/已满,教学时间,多云,19,17,4,0.0,79,32
2026-05-21 10:10:40,2026-05-21,4,羽毛球馆-3号,11:00-12:00,1,1,已售/已满,教学时间,多云,19,17,4,0.0,79,32
2026-05-21 10:20:38,2026-05-21,4,羽毛球馆-3号,11:00-12:00,1,1,已售/已满,教学时间,多云,19,17,4,0.0,79,32
2026-05-21 10:30:41,2026-05-21,4,羽毛球馆-3号,11:00-12:00,1,1,已售/已满,教学时间,多云,19,18,3,0.0,78,31
2026-05-21 11:00:44,2026-05-21,4,羽毛球馆-3号,11:00-12:00,1,1,已售/已满,教学时间,多云,21,17,5,0.0,74,31
2026-05-21 11:30:38,2026-05-21,4,羽毛球馆-3号,11:00-12:00,1,1,已售/已满,教学时间,多云,21,19,3,0.0,72,33
2026-05-21 12:00:46,2026-05-21,4,羽毛球馆-3号,11:00-12:00,1,1,已售/已满,教学时间,多云,22,19,4,0.0,70,33
2026-05-21 12:30:42,2026-05-21,4,羽毛球馆-3号,11:00-12:00,1,1,已售/已满,教学时间,多云,22,21,3,0.0,68,35
2026-05-21 13:00:43,2026-05-21,4,羽毛球馆-3号,11:00-12:00,1,1,已售/已满,教学时间,多云,24,22,4,0.0,66,35
2026-05-21 13:30:43,2026-05-21,4,羽毛球馆-3号,11:00-12:00,1,1,已售/已满,教学时间,多云,24,22,4,0.0,66,36
2026-05-21 14:00:48,2026-05-21,4,羽毛球馆-3号,11:00-12:00,1,1,已售/已满,教学时间,多云,25,23,4,0.0,66,36
2026-05-21 14:30:45,2026-05-21,4,羽毛球馆-3号,11:00-12:00,1,1,已售/已满,教学时间,晴,25,25,3,0.0,65,39
2026-05-21 15:00:45,2026-05-21,4,羽毛球馆-3号,11:00-12:00,1,1,已售/已满,教学时间,晴,25,22,4,0.0,56,39
2026-05-21 15:30:43,2026-05-21,4,羽毛球馆-3号,11:00-12:00,1,1,已售/已满,教学时间,晴,25,23,4,0.0,57,40
2026-05-21 16:00:51,2026-05-21,4,羽毛球馆-3号,11:00-12:00,1,1,已售/已满,教学时间,晴,25,23,4,0.0,57,40
2026-05-21 16:30:48,2026-05-21,4,羽毛球馆-3号,11:00-12:00,1,1,已售/已满,教学时间,晴,25,24,3,0.0,60,39
2026-05-21 17:00:49,2026-05-21,4,羽毛球馆-3号,11:00-12:00,1,1,已售/已满,教学时间,晴,25,24,4,0.0,61,39
2026-05-21 17:30:47,2026-05-21,4,羽毛球馆-3号,11:00-12:00,1,1,已售/已满,教学时间,多云,24,23,3,0.0,64,39
2026-05-21 18:00:50,2026-05-21,4,羽毛球馆-3号,11:00-12:00,1,1,已售/已满,教学时间,多云,24,23,3,0.0,68,39
2026-05-21 18:30:50,2026-05-21,4,羽毛球馆-3号,11:00-12:00,1,1,已售/已满,教学时间,阴,24,25,2,0.0,68,40
2026-05-21 19:00:50,2026-05-21,4,羽毛球馆-3号,11:00-12:00,1,1,已售/已满,教学时间,阴,23,23,3,0.0,76,40
2026-05-21 19:30:46,2026-05-21,4,羽毛球馆-3号,11:00-12:00,1,1,已售/已满,教学时间,阴,23,24,2,0.0,77,39
2026-05-21 20:00:49,2026-05-21,4,羽毛球馆-3号,11:00-12:00,1,1,已售/已满,教学时间,雾,22,23,2,0.0,89,39
2026-05-21 20:30:44,2026-05-21,4,羽毛球馆-3号,11:00-12:00,1,1,已售/已满,教学时间,雾,22,24,2,0.0,93,43
2026-05-21 21:00:56,2026-05-21,4,羽毛球馆-3号,11:00-12:00,1,1,已售/已满,教学时间,雾,20,21,2,0.0,98,43
2026-05-21 21:30:46,2026-05-21,4,羽毛球馆-3号,11:00-12:00,1,1,已售/已满,教学时间,雾,20,22,1,0.0,99,41
2026-05-21 22:01:02,2026-05-21,4,羽毛球馆-3号,11:00-12:00,1,1,已售/已满,教学时间,雾,19,20,2,0.0,93,41
2026-05-21 22:30:47,2026-05-21,4,羽毛球馆-3号,11:00-12:00,1,1,已售/已满,教学时间,雾,19,19,3,0.0,88,46
2026-05-21 23:00:56,2026-05-21,4,羽毛球馆-3号,11:00-12:00,1,1,已售/已满,教学时间,多云,18,17,3,0.0,85,46
2026-05-21 23:30:55,2026-05-21,4,羽毛球馆-3号,11:00-12:00,1,1,已售/已满,教学时间,多云,18,17,3,0.0,85,48
2026-05-21 00:30:49,2026-05-21,4,羽毛球馆-3号,12:00-12:55,1,1,已售/已满,已售,多云,15,13,3,0.0,100,26
2026-05-21 01:00:55,2026-05-21,4,羽毛球馆-3号,12:00-12:55,1,1,已售/已满,已售,多云,15,12,4,0.0,100,26
2026-05-21 01:30:47,2026-05-21,4,羽毛球馆-3号,12:00-12:55,1,1,已售/已满,已售,多云,15,13,4,0.0,100,28
2026-05-21 02:00:53,2026-05-21,4,羽毛球馆-3号,12:00-12:55,1,1,已售/已满,已售,多云,15,12,4,0.0,100,28
2026-05-21 02:30:49,2026-05-21,4,羽毛球馆-3号,12:00-12:55,1,1,已售/已满,已售,多云,15,14,3,0.0,100,29
2026-05-21 03:00:55,2026-05-21,4,羽毛球馆-3号,12:00-12:55,1,1,已售/已满,已售,多云,15,12,4,0.0,100,29
2026-05-21 03:30:49,2026-05-21,4,羽毛球馆-3号,12:00-12:55,1,1,已售/已满,已售,多云,15,14,3,0.0,100,30
2026-05-21 04:30:45,2026-05-21,4,羽毛球馆-3号,12:00-12:55,1,1,已售/已满,已售,多云,15,12,4,0.0,100,29
2026-05-21 05:00:52,2026-05-21,4,羽毛球馆-3号,12:00-12:55,1,1,已售/已满,已售,多云,15,12,4,0.0,100,29
2026-05-21 05:30:49,2026-05-21,4,羽毛球馆-3号,12:00-12:55,1,1,已售/已满,已售,多云,15,13,3,0.0,100,28
2026-05-21 06:00:50,2026-05-21,4,羽毛球馆-3号,12:00-12:55,1,1,已售/已满,已售,多云,15,13,4,0.0,99,28
2026-05-21 06:30:38,2026-05-21,4,羽毛球馆-3号,12:00-12:55,1,1,已售/已满,已售,多云,15,13,3,0.0,97,28
2026-05-21 07:00:43,2026-05-21,4,羽毛球馆-3号,12:00-12:55,1,1,已售/已满,已售,晴,15,11,5,0.0,93,28
2026-05-21 07:30:39,2026-05-21,4,羽毛球馆-3号,12:00-12:55,1,1,已售/已满,已售,晴,17,13,4,0.0,89,29
2026-05-21 07:50:40,2026-05-21,4,羽毛球馆-3号,12:00-12:55,1,1,已售/已满,已售,晴,17,13,4,0.0,88,29
2026-05-21 07:53:31,2026-05-21,4,羽毛球馆-3号,12:00-12:55,1,1,已售/已满,已售,晴,17,12,5,0.0,86,29
2026-05-21 07:56:31,2026-05-21,4,羽毛球馆-3号,12:00-12:55,1,1,已售/已满,已售,晴,17,12,5,0.0,86,29
2026-05-21 07:59:26,2026-05-21,4,羽毛球馆-3号,12:00-12:55,1,1,已售/已满,已售,晴,17,12,5,0.0,86,29
2026-05-21 08:00:45,2026-05-21,4,羽毛球馆-3号,12:00-12:55,1,1,已售/已满,已售,晴,17,12,5,0.0,86,29
2026-05-21 08:02:30,2026-05-21,4,羽毛球馆-3号,12:00-12:55,1,1,已售/已满,已售,多云,17,12,5,0.0,87,29
2026-05-21 08:05:36,2026-05-21,4,羽毛球馆-3号,12:00-12:55,1,1,已售/已满,已售,多云,17,12,5,0.0,86,29
2026-05-21 08:08:31,2026-05-21,4,羽毛球馆-3号,12:00-12:55,1,1,已售/已满,已售,多云,17,12,5,0.0,86,29
2026-05-21 08:11:30,2026-05-21,4,羽毛球馆-3号,12:00-12:55,1,1,已售/已满,已售,多云,17,12,5,0.0,86,29
2026-05-21 08:14:31,2026-05-21,4,羽毛球馆-3号,12:00-12:55,1,1,已售/已满,已售,多云,17,12,5,0.0,86,29
2026-05-21 08:17:30,2026-05-21,4,羽毛球馆-3号,12:00-12:55,1,1,已售/已满,已售,多云,17,12,5,0.0,86,29
2026-05-21 08:20:35,2026-05-21,4,羽毛球馆-3号,12:00-12:55,1,1,已售/已满,已售,多云,17,14,4,0.0,85,29
2026-05-21 08:25:32,2026-05-21,4,羽毛球馆-3号,12:00-12:55,1,1,已售/已满,已售,多云,17,14,4,0.0,85,28
2026-05-21 08:30:42,2026-05-21,4,羽毛球馆-3号,12:00-12:55,1,1,已售/已满,已售,多云,18,15,4,0.0,84,28
2026-05-21 08:35:31,2026-05-21,4,羽毛球馆-3号,12:00-12:55,1,1,已售/已满,已售,多云,18,15,4,0.0,84,28
2026-05-21 08:40:38,2026-05-21,4,羽毛球馆-3号,12:00-12:55,1,1,已售/已满,已售,多云,18,15,4,0.0,82,28
2026-05-21 08:45:33,2026-05-21,4,羽毛球馆-3号,12:00-12:55,1,1,已售/已满,已售,多云,18,15,4,0.0,82,28
2026-05-21 08:50:36,2026-05-21,4,羽毛球馆-3号,12:00-12:55,1,1,已售/已满,已售,多云,18,15,4,0.0,82,28
2026-05-21 08:55:34,2026-05-21,4,羽毛球馆-3号,12:00-12:55,1,1,已售/已满,已售,多云,18,15,4,0.0,84,28
2026-05-21 09:00:51,2026-05-21,4,羽毛球馆-3号,12:00-12:55,1,1,已售/已满,已售,多云,18,15,4,0.0,84,28
2026-05-21 09:01:59,2026-05-21,4,羽毛球馆-3号,12:00-12:55,1,1,已售/已满,已售,多云,18,15,4,0.0,83,28
2026-05-21 09:05:33,2026-05-21,4,羽毛球馆-3号,12:00-12:55,1,1,已售/已满,已售,多云,18,15,4,0.0,83,28
2026-05-21 09:20:38,2026-05-21,4,羽毛球馆-3号,12:00-12:55,1,1,已售/已满,已售,多云,18,16,3,0.0,81,28
2026-05-21 09:30:46,2026-05-21,4,羽毛球馆-3号,12:00-12:55,1,1,已售/已满,已售,多云,18,16,3,0.0,81,32
2026-05-21 09:40:36,2026-05-21,4,羽毛球馆-3号,12:00-12:55,1,1,已售/已满,已售,多云,19,17,3,0.0,79,32
2026-05-21 09:50:42,2026-05-21,4,羽毛球馆-3号,12:00-12:55,1,1,已售/已满,已售,多云,19,17,4,0.0,81,32
2026-05-21 10:00:46,2026-05-21,4,羽毛球馆-3号,12:00-12:55,1,1,已售/已满,已售,多云,19,17,4,0.0,79,32
2026-05-21 10:10:40,2026-05-21,4,羽毛球馆-3号,12:00-12:55,1,1,已售/已满,已售,多云,19,17,4,0.0,79,32
2026-05-21 10:20:38,2026-05-21,4,羽毛球馆-3号,12:00-12:55,1,1,已售/已满,已售,多云,19,17,4,0.0,79,32
2026-05-21 10:30:41,2026-05-21,4,羽毛球馆-3号,12:00-12:55,1,1,已售/已满,已售,多云,19,18,3,0.0,78,31
2026-05-21 11:00:44,2026-05-21,4,羽毛球馆-3号,12:00-12:55,1,1,已售/已满,已售,多云,21,17,5,0.0,74,31
2026-05-21 11:30:38,2026-05-21,4,羽毛球馆-3号,12:00-12:55,1,1,已售/已满,已售,多云,21,19,3,0.0,72,33
2026-05-21 12:00:46,2026-05-21,4,羽毛球馆-3号,12:00-12:55,1,1,已售/已满,已售,多云,22,19,4,0.0,70,33
2026-05-21 12:30:42,2026-05-21,4,羽毛球馆-3号,12:00-12:55,1,1,已售/已满,已售,多云,22,21,3,0.0,68,35
2026-05-21 13:00:43,2026-05-21,4,羽毛球馆-3号,12:00-12:55,1,1,已售/已满,已售,多云,24,22,4,0.0,66,35
2026-05-21 13:30:43,2026-05-21,4,羽毛球馆-3号,12:00-12:55,1,1,已售/已满,已售,多云,24,22,4,0.0,66,36
2026-05-21 14:00:48,2026-05-21,4,羽毛球馆-3号,12:00-12:55,1,1,已售/已满,已售,多云,25,23,4,0.0,66,36
2026-05-21 14:30:45,2026-05-21,4,羽毛球馆-3号,12:00-12:55,1,1,已售/已满,已售,晴,25,25,3,0.0,65,39
2026-05-21 15:00:45,2026-05-21,4,羽毛球馆-3号,12:00-12:55,1,1,已售/已满,已售,晴,25,22,4,0.0,56,39
2026-05-21 15:30:43,2026-05-21,4,羽毛球馆-3号,12:00-12:55,1,1,已售/已满,已售,晴,25,23,4,0.0,57,40
2026-05-21 16:00:51,2026-05-21,4,羽毛球馆-3号,12:00-12:55,1,1,已售/已满,已售,晴,25,23,4,0.0,57,40
2026-05-21 16:30:48,2026-05-21,4,羽毛球馆-3号,12:00-12:55,1,1,已售/已满,已售,晴,25,24,3,0.0,60,39
2026-05-21 17:00:49,2026-05-21,4,羽毛球馆-3号,12:00-12:55,1,1,已售/已满,已售,晴,25,24,4,0.0,61,39
2026-05-21 17:30:47,2026-05-21,4,羽毛球馆-3号,12:00-12:55,1,1,已售/已满,已售,多云,24,23,3,0.0,64,39
2026-05-21 18:00:50,2026-05-21,4,羽毛球馆-3号,12:00-12:55,1,1,已售/已满,已售,多云,24,23,3,0.0,68,39
2026-05-21 18:30:50,2026-05-21,4,羽毛球馆-3号,12:00-12:55,1,1,已售/已满,已售,阴,24,25,2,0.0,68,40
2026-05-21 19:00:50,2026-05-21,4,羽毛球馆-3号,12:00-12:55,1,1,已售/已满,已售,阴,23,23,3,0.0,76,40
2026-05-21 19:30:46,2026-05-21,4,羽毛球馆-3号,12:00-12:55,1,1,已售/已满,已售,阴,23,24,2,0.0,77,39
2026-05-21 20:00:49,2026-05-21,4,羽毛球馆-3号,12:00-12:55,1,1,已售/已满,已售,雾,22,23,2,0.0,89,39
2026-05-21 20:30:44,2026-05-21,4,羽毛球馆-3号,12:00-12:55,1,1,已售/已满,已售,雾,22,24,2,0.0,93,43
2026-05-21 21:00:56,2026-05-21,4,羽毛球馆-3号,12:00-12:55,1,1,已售/已满,已售,雾,20,21,2,0.0,98,43
2026-05-21 21:30:46,2026-05-21,4,羽毛球馆-3号,12:00-12:55,1,1,已售/已满,已售,雾,20,22,1,0.0,99,41
2026-05-21 22:01:02,2026-05-21,4,羽毛球馆-3号,12:00-12:55,1,1,已售/已满,已售,雾,19,20,2,0.0,93,41
2026-05-21 22:30:47,2026-05-21,4,羽毛球馆-3号,12:00-12:55,1,1,已售/已满,已售,雾,19,19,3,0.0,88,46
2026-05-21 23:00:56,2026-05-21,4,羽毛球馆-3号,12:00-12:55,1,1,已售/已满,已售,多云,18,17,3,0.0,85,46
2026-05-21 23:30:55,2026-05-21,4,羽毛球馆-3号,12:00-12:55,1,1,已售/已满,已售,多云,18,17,3,0.0,85,48
2026-05-21 00:30:49,2026-05-21,4,羽毛球馆-3号,12:55-13:50,1,1,已售/已满,已售,多云,15,13,3,0.0,100,26
2026-05-21 01:00:55,2026-05-21,4,羽毛球馆-3号,12:55-13:50,1,1,已售/已满,已售,多云,15,12,4,0.0,100,26
2026-05-21 01:30:47,2026-05-21,4,羽毛球馆-3号,12:55-13:50,1,1,已售/已满,已售,多云,15,13,4,0.0,100,28
2026-05-21 02:00:53,2026-05-21,4,羽毛球馆-3号,12:55-13:50,1,1,已售/已满,已售,多云,15,12,4,0.0,100,28
2026-05-21 02:30:49,2026-05-21,4,羽毛球馆-3号,12:55-13:50,1,1,已售/已满,已售,多云,15,14,3,0.0,100,29
2026-05-21 03:00:55,2026-05-21,4,羽毛球馆-3号,12:55-13:50,1,1,已售/已满,已售,多云,15,12,4,0.0,100,29
2026-05-21 03:30:49,2026-05-21,4,羽毛球馆-3号,12:55-13:50,1,1,已售/已满,已售,多云,15,14,3,0.0,100,30
2026-05-21 04:30:45,2026-05-21,4,羽毛球馆-3号,12:55-13:50,1,1,已售/已满,已售,多云,15,12,4,0.0,100,29
2026-05-21 05:00:52,2026-05-21,4,羽毛球馆-3号,12:55-13:50,1,1,已售/已满,已售,多云,15,12,4,0.0,100,29
2026-05-21 05:30:49,2026-05-21,4,羽毛球馆-3号,12:55-13:50,1,1,已售/已满,已售,多云,15,13,3,0.0,100,28
2026-05-21 06:00:50,2026-05-21,4,羽毛球馆-3号,12:55-13:50,1,1,已售/已满,已售,多云,15,13,4,0.0,99,28
2026-05-21 06:30:38,2026-05-21,4,羽毛球馆-3号,12:55-13:50,1,1,已售/已满,已售,多云,15,13,3,0.0,97,28
2026-05-21 07:00:43,2026-05-21,4,羽毛球馆-3号,12:55-13:50,1,1,已售/已满,已售,晴,15,11,5,0.0,93,28
2026-05-21 07:30:39,2026-05-21,4,羽毛球馆-3号,12:55-13:50,1,1,已售/已满,已售,晴,17,13,4,0.0,89,29
2026-05-21 07:50:40,2026-05-21,4,羽毛球馆-3号,12:55-13:50,1,1,已售/已满,已售,晴,17,13,4,0.0,88,29
2026-05-21 07:53:31,2026-05-21,4,羽毛球馆-3号,12:55-13:50,1,1,已售/已满,已售,晴,17,12,5,0.0,86,29
2026-05-21 07:56:31,2026-05-21,4,羽毛球馆-3号,12:55-13:50,1,1,已售/已满,已售,晴,17,12,5,0.0,86,29
2026-05-21 07:59:26,2026-05-21,4,羽毛球馆-3号,12:55-13:50,1,1,已售/已满,已售,晴,17,12,5,0.0,86,29
2026-05-21 08:00:45,2026-05-21,4,羽毛球馆-3号,12:55-13:50,1,1,已售/已满,已售,晴,17,12,5,0.0,86,29
2026-05-21 08:02:30,2026-05-21,4,羽毛球馆-3号,12:55-13:50,1,1,已售/已满,已售,多云,17,12,5,0.0,87,29
2026-05-21 08:05:36,2026-05-21,4,羽毛球馆-3号,12:55-13:50,1,1,已售/已满,已售,多云,17,12,5,0.0,86,29
2026-05-21 08:08:31,2026-05-21,4,羽毛球馆-3号,12:55-13:50,1,1,已售/已满,已售,多云,17,12,5,0.0,86,29
2026-05-21 08:11:30,2026-05-21,4,羽毛球馆-3号,12:55-13:50,1,1,已售/已满,已售,多云,17,12,5,0.0,86,29
2026-05-21 08:14:31,2026-05-21,4,羽毛球馆-3号,12:55-13:50,1,1,已售/已满,已售,多云,17,12,5,0.0,86,29
2026-05-21 08:17:30,2026-05-21,4,羽毛球馆-3号,12:55-13:50,1,1,已售/已满,已售,多云,17,12,5,0.0,86,29
2026-05-21 08:20:35,2026-05-21,4,羽毛球馆-3号,12:55-13:50,1,1,已售/已满,已售,多云,17,14,4,0.0,85,29
2026-05-21 08:25:32,2026-05-21,4,羽毛球馆-3号,12:55-13:50,1,1,已售/已满,已售,多云,17,14,4,0.0,85,28
2026-05-21 08:30:42,2026-05-21,4,羽毛球馆-3号,12:55-13:50,1,1,已售/已满,已售,多云,18,15,4,0.0,84,28
2026-05-21 08:35:31,2026-05-21,4,羽毛球馆-3号,12:55-13:50,1,1,已售/已满,已售,多云,18,15,4,0.0,84,28
2026-05-21 08:40:38,2026-05-21,4,羽毛球馆-3号,12:55-13:50,1,1,已售/已满,已售,多云,18,15,4,0.0,82,28
2026-05-21 08:45:33,2026-05-21,4,羽毛球馆-3号,12:55-13:50,1,1,已售/已满,已售,多云,18,15,4,0.0,82,28
2026-05-21 08:50:36,2026-05-21,4,羽毛球馆-3号,12:55-13:50,1,1,已售/已满,已售,多云,18,15,4,0.0,82,28
2026-05-21 08:55:34,2026-05-21,4,羽毛球馆-3号,12:55-13:50,1,1,已售/已满,已售,多云,18,15,4,0.0,84,28
2026-05-21 09:00:51,2026-05-21,4,羽毛球馆-3号,12:55-13:50,1,1,已售/已满,已售,多云,18,15,4,0.0,84,28
2026-05-21 09:01:59,2026-05-21,4,羽毛球馆-3号,12:55-13:50,1,1,已售/已满,已售,多云,18,15,4,0.0,83,28
2026-05-21 09:05:33,2026-05-21,4,羽毛球馆-3号,12:55-13:50,1,1,已售/已满,已售,多云,18,15,4,0.0,83,28
2026-05-21 09:20:38,2026-05-21,4,羽毛球馆-3号,12:55-13:50,1,1,已售/已满,已售,多云,18,16,3,0.0,81,28
2026-05-21 09:30:46,2026-05-21,4,羽毛球馆-3号,12:55-13:50,1,1,已售/已满,已售,多云,18,16,3,0.0,81,32
2026-05-21 09:40:36,2026-05-21,4,羽毛球馆-3号,12:55-13:50,1,1,已售/已满,已售,多云,19,17,3,0.0,79,32
2026-05-21 09:50:42,2026-05-21,4,羽毛球馆-3号,12:55-13:50,1,1,已售/已满,已售,多云,19,17,4,0.0,81,32
2026-05-21 10:00:46,2026-05-21,4,羽毛球馆-3号,12:55-13:50,1,1,已售/已满,已售,多云,19,17,4,0.0,79,32
2026-05-21 10:10:40,2026-05-21,4,羽毛球馆-3号,12:55-13:50,1,1,已售/已满,已售,多云,19,17,4,0.0,79,32
2026-05-21 10:20:38,2026-05-21,4,羽毛球馆-3号,12:55-13:50,1,1,已售/已满,已售,多云,19,17,4,0.0,79,32
2026-05-21 10:30:41,2026-05-21,4,羽毛球馆-3号,12:55-13:50,1,1,已售/已满,已售,多云,19,18,3,0.0,78,31
2026-05-21 11:00:44,2026-05-21,4,羽毛球馆-3号,12:55-13:50,1,1,已售/已满,已售,多云,21,17,5,0.0,74,31
2026-05-21 11:30:38,2026-05-21,4,羽毛球馆-3号,12:55-13:50,1,1,已售/已满,已售,多云,21,19,3,0.0,72,33
2026-05-21 12:00:46,2026-05-21,4,羽毛球馆-3号,12:55-13:50,1,1,已售/已满,已售,多云,22,19,4,0.0,70,33
2026-05-21 12:30:42,2026-05-21,4,羽毛球馆-3号,12:55-13:50,1,1,已售/已满,已售,多云,22,21,3,0.0,68,35
2026-05-21 13:00:43,2026-05-21,4,羽毛球馆-3号,12:55-13:50,1,1,已售/已满,已售,多云,24,22,4,0.0,66,35
2026-05-21 13:30:43,2026-05-21,4,羽毛球馆-3号,12:55-13:50,1,1,已售/已满,已售,多云,24,22,4,0.0,66,36
2026-05-21 14:00:48,2026-05-21,4,羽毛球馆-3号,12:55-13:50,1,1,已售/已满,已售,多云,25,23,4,0.0,66,36
2026-05-21 14:30:45,2026-05-21,4,羽毛球馆-3号,12:55-13:50,1,1,已售/已满,已售,晴,25,25,3,0.0,65,39
2026-05-21 15:00:45,2026-05-21,4,羽毛球馆-3号,12:55-13:50,1,1,已售/已满,已售,晴,25,22,4,0.0,56,39
2026-05-21 15:30:43,2026-05-21,4,羽毛球馆-3号,12:55-13:50,1,1,已售/已满,已售,晴,25,23,4,0.0,57,40
2026-05-21 16:00:51,2026-05-21,4,羽毛球馆-3号,12:55-13:50,1,1,已售/已满,已售,晴,25,23,4,0.0,57,40
2026-05-21 16:30:48,2026-05-21,4,羽毛球馆-3号,12:55-13:50,1,1,已售/已满,已售,晴,25,24,3,0.0,60,39
2026-05-21 17:00:49,2026-05-21,4,羽毛球馆-3号,12:55-13:50,1,1,已售/已满,已售,晴,25,24,4,0.0,61,39
2026-05-21 17:30:47,2026-05-21,4,羽毛球馆-3号,12:55-13:50,1,1,已售/已满,已售,多云,24,23,3,0.0,64,39
2026-05-21 18:00:50,2026-05-21,4,羽毛球馆-3号,12:55-13:50,1,1,已售/已满,已售,多云,24,23,3,0.0,68,39
2026-05-21 18:30:50,2026-05-21,4,羽毛球馆-3号,12:55-13:50,1,1,已售/已满,已售,阴,24,25,2,0.0,68,40
2026-05-21 19:00:50,2026-05-21,4,羽毛球馆-3号,12:55-13:50,1,1,已售/已满,已售,阴,23,23,3,0.0,76,40
2026-05-21 19:30:46,2026-05-21,4,羽毛球馆-3号,12:55-13:50,1,1,已售/已满,已售,阴,23,24,2,0.0,77,39
2026-05-21 20:00:49,2026-05-21,4,羽毛球馆-3号,12:55-13:50,1,1,已售/已满,已售,雾,22,23,2,0.0,89,39
2026-05-21 20:30:44,2026-05-21,4,羽毛球馆-3号,12:55-13:50,1,1,已售/已满,已售,雾,22,24,2,0.0,93,43
2026-05-21 21:00:56,2026-05-21,4,羽毛球馆-3号,12:55-13:50,1,1,已售/已满,已售,雾,20,21,2,0.0,98,43
2026-05-21 21:30:46,2026-05-21,4,羽毛球馆-3号,12:55-13:50,1,1,已售/已满,已售,雾,20,22,1,0.0,99,41
2026-05-21 22:01:02,2026-05-21,4,羽毛球馆-3号,12:55-13:50,1,1,已售/已满,已售,雾,19,20,2,0.0,93,41
2026-05-21 22:30:47,2026-05-21,4,羽毛球馆-3号,12:55-13:50,1,1,已售/已满,已售,雾,19,19,3,0.0,88,46
2026-05-21 23:00:56,2026-05-21,4,羽毛球馆-3号,12:55-13:50,1,1,已售/已满,已售,多云,18,17,3,0.0,85,46
2026-05-21 23:30:55,2026-05-21,4,羽毛球馆-3号,12:55-13:50,1,1,已售/已满,已售,多云,18,17,3,0.0,85,48
2026-05-21 00:30:49,2026-05-21,4,羽毛球馆-3号,14:00-15:00,0,1,可预约,￥12.0,多云,15,13,3,0.0,100,26
2026-05-21 01:00:55,2026-05-21,4,羽毛球馆-3号,14:00-15:00,0,1,可预约,￥12.0,多云,15,12,4,0.0,100,26
2026-05-21 01:30:47,2026-05-21,4,羽毛球馆-3号,14:00-15:00,0,1,可预约,￥12.0,多云,15,13,4,0.0,100,28
2026-05-21 02:00:53,2026-05-21,4,羽毛球馆-3号,14:00-15:00,0,1,可预约,￥12.0,多云,15,12,4,0.0,100,28
2026-05-21 02:30:49,2026-05-21,4,羽毛球馆-3号,14:00-15:00,0,1,可预约,￥12.0,多云,15,14,3,0.0,100,29
2026-05-21 03:00:55,2026-05-21,4,羽毛球馆-3号,14:00-15:00,0,1,可预约,￥12.0,多云,15,12,4,0.0,100,29
2026-05-21 03:30:49,2026-05-21,4,羽毛球馆-3号,14:00-15:00,0,1,可预约,￥12.0,多云,15,14,3,0.0,100,30
2026-05-21 04:30:45,2026-05-21,4,羽毛球馆-3号,14:00-15:00,0,1,可预约,￥12.0,多云,15,12,4,0.0,100,29
2026-05-21 05:00:52,2026-05-21,4,羽毛球馆-3号,14:00-15:00,0,1,可预约,￥12.0,多云,15,12,4,0.0,100,29
2026-05-21 05:30:49,2026-05-21,4,羽毛球馆-3号,14:00-15:00,0,1,可预约,￥12.0,多云,15,13,3,0.0,100,28
2026-05-21 06:00:50,2026-05-21,4,羽毛球馆-3号,14:00-15:00,0,1,可预约,￥12.0,多云,15,13,4,0.0,99,28
2026-05-21 06:30:38,2026-05-21,4,羽毛球馆-3号,14:00-15:00,0,1,可预约,￥12.0,多云,15,13,3,0.0,97,28
2026-05-21 07:00:43,2026-05-21,4,羽毛球馆-3号,14:00-15:00,0,1,可预约,￥12.0,晴,15,11,5,0.0,93,28
2026-05-21 07:30:39,2026-05-21,4,羽毛球馆-3号,14:00-15:00,0,1,可预约,￥12.0,晴,17,13,4,0.0,89,29
2026-05-21 07:50:40,2026-05-21,4,羽毛球馆-3号,14:00-15:00,0,1,可预约,￥12.0,晴,17,13,4,0.0,88,29
2026-05-21 07:53:31,2026-05-21,4,羽毛球馆-3号,14:00-15:00,0,1,可预约,￥12.0,晴,17,12,5,0.0,86,29
2026-05-21 07:56:31,2026-05-21,4,羽毛球馆-3号,14:00-15:00,0,1,可预约,￥12.0,晴,17,12,5,0.0,86,29
2026-05-21 07:59:26,2026-05-21,4,羽毛球馆-3号,14:00-15:00,0,1,可预约,￥12.0,晴,17,12,5,0.0,86,29
2026-05-21 08:00:45,2026-05-21,4,羽毛球馆-3号,14:00-15:00,0,1,可预约,￥12.0,晴,17,12,5,0.0,86,29
2026-05-21 08:02:30,2026-05-21,4,羽毛球馆-3号,14:00-15:00,0,1,可预约,￥12.0,多云,17,12,5,0.0,87,29
2026-05-21 08:05:36,2026-05-21,4,羽毛球馆-3号,14:00-15:00,0,1,可预约,￥12.0,多云,17,12,5,0.0,86,29
2026-05-21 08:08:31,2026-05-21,4,羽毛球馆-3号,14:00-15:00,0,1,可预约,￥12.0,多云,17,12,5,0.0,86,29
2026-05-21 08:11:30,2026-05-21,4,羽毛球馆-3号,14:00-15:00,0,1,可预约,￥12.0,多云,17,12,5,0.0,86,29
2026-05-21 08:14:31,2026-05-21,4,羽毛球馆-3号,14:00-15:00,0,1,可预约,￥12.0,多云,17,12,5,0.0,86,29
2026-05-21 08:17:30,2026-05-21,4,羽毛球馆-3号,14:00-15:00,0,1,可预约,￥12.0,多云,17,12,5,0.0,86,29
2026-05-21 08:20:35,2026-05-21,4,羽毛球馆-3号,14:00-15:00,0,1,可预约,￥12.0,多云,17,14,4,0.0,85,29
2026-05-21 08:25:32,2026-05-21,4,羽毛球馆-3号,14:00-15:00,0,1,可预约,￥12.0,多云,17,14,4,0.0,85,28
2026-05-21 08:30:42,2026-05-21,4,羽毛球馆-3号,14:00-15:00,0,1,可预约,￥12.0,多云,18,15,4,0.0,84,28
2026-05-21 08:35:31,2026-05-21,4,羽毛球馆-3号,14:00-15:00,0,1,可预约,￥12.0,多云,18,15,4,0.0,84,28
2026-05-21 08:40:38,2026-05-21,4,羽毛球馆-3号,14:00-15:00,0,1,可预约,￥12.0,多云,18,15,4,0.0,82,28
2026-05-21 08:45:33,2026-05-21,4,羽毛球馆-3号,14:00-15:00,0,1,可预约,￥12.0,多云,18,15,4,0.0,82,28
2026-05-21 08:50:36,2026-05-21,4,羽毛球馆-3号,14:00-15:00,0,1,可预约,￥12.0,多云,18,15,4,0.0,82,28
2026-05-21 08:55:34,2026-05-21,4,羽毛球馆-3号,14:00-15:00,0,1,可预约,￥12.0,多云,18,15,4,0.0,84,28
2026-05-21 09:00:51,2026-05-21,4,羽毛球馆-3号,14:00-15:00,0,1,可预约,￥12.0,多云,18,15,4,0.0,84,28
2026-05-21 09:01:59,2026-05-21,4,羽毛球馆-3号,14:00-15:00,0,1,可预约,￥12.0,多云,18,15,4,0.0,83,28
2026-05-21 09:05:33,2026-05-21,4,羽毛球馆-3号,14:00-15:00,0,1,可预约,￥12.0,多云,18,15,4,0.0,83,28
2026-05-21 09:20:38,2026-05-21,4,羽毛球馆-3号,14:00-15:00,0,1,可预约,￥12.0,多云,18,16,3,0.0,81,28
2026-05-21 09:30:46,2026-05-21,4,羽毛球馆-3号,14:00-15:00,0,1,可预约,￥12.0,多云,18,16,3,0.0,81,32
2026-05-21 09:40:36,2026-05-21,4,羽毛球馆-3号,14:00-15:00,0,1,可预约,￥12.0,多云,19,17,3,0.0,79,32
2026-05-21 09:50:42,2026-05-21,4,羽毛球馆-3号,14:00-15:00,0,1,可预约,￥12.0,多云,19,17,4,0.0,81,32
2026-05-21 10:00:46,2026-05-21,4,羽毛球馆-3号,14:00-15:00,0,1,可预约,￥12.0,多云,19,17,4,0.0,79,32
2026-05-21 10:10:40,2026-05-21,4,羽毛球馆-3号,14:00-15:00,0,1,可预约,￥12.0,多云,19,17,4,0.0,79,32
2026-05-21 10:20:38,2026-05-21,4,羽毛球馆-3号,14:00-15:00,0,1,可预约,￥12.0,多云,19,17,4,0.0,79,32
2026-05-21 10:30:41,2026-05-21,4,羽毛球馆-3号,14:00-15:00,0,1,可预约,￥12.0,多云,19,18,3,0.0,78,31
2026-05-21 11:00:44,2026-05-21,4,羽毛球馆-3号,14:00-15:00,0,1,可预约,￥12.0,多云,21,17,5,0.0,74,31
2026-05-21 11:30:38,2026-05-21,4,羽毛球馆-3号,14:00-15:00,0,1,可预约,￥12.0,多云,21,19,3,0.0,72,33
2026-05-21 12:00:46,2026-05-21,4,羽毛球馆-3号,14:00-15:00,0,1,可预约,￥12.0,多云,22,19,4,0.0,70,33
2026-05-21 12:30:42,2026-05-21,4,羽毛球馆-3号,14:00-15:00,0,1,可预约,￥12.0,多云,22,21,3,0.0,68,35
2026-05-21 13:00:43,2026-05-21,4,羽毛球馆-3号,14:00-15:00,0,1,可预约,￥12.0,多云,24,22,4,0.0,66,35
2026-05-21 13:30:43,2026-05-21,4,羽毛球馆-3号,14:00-15:00,0,1,可预约,￥12.0,多云,24,22,4,0.0,66,36
2026-05-21 14:00:48,2026-05-21,4,羽毛球馆-3号,14:00-15:00,0,1,可预约,￥12.0,多云,25,23,4,0.0,66,36
2026-05-21 14:30:45,2026-05-21,4,羽毛球馆-3号,14:00-15:00,0,1,可预约,￥12.0,晴,25,25,3,0.0,65,39
2026-05-21 15:00:45,2026-05-21,4,羽毛球馆-3号,14:00-15:00,0,1,不开放/已过期,,晴,25,22,4,0.0,56,39
2026-05-21 15:30:43,2026-05-21,4,羽毛球馆-3号,14:00-15:00,0,1,不开放/已过期,,晴,25,23,4,0.0,57,40
2026-05-21 16:00:51,2026-05-21,4,羽毛球馆-3号,14:00-15:00,0,1,不开放/已过期,,晴,25,23,4,0.0,57,40
2026-05-21 16:30:48,2026-05-21,4,羽毛球馆-3号,14:00-15:00,0,1,不开放/已过期,,晴,25,24,3,0.0,60,39
2026-05-21 17:00:49,2026-05-21,4,羽毛球馆-3号,14:00-15:00,0,1,不开放/已过期,,晴,25,24,4,0.0,61,39
2026-05-21 17:30:47,2026-05-21,4,羽毛球馆-3号,14:00-15:00,0,1,不开放/已过期,,多云,24,23,3,0.0,64,39
2026-05-21 18:00:50,2026-05-21,4,羽毛球馆-3号,14:00-15:00,0,1,不开放/已过期,,多云,24,23,3,0.0,68,39
2026-05-21 18:30:50,2026-05-21,4,羽毛球馆-3号,14:00-15:00,0,1,不开放/已过期,,阴,24,25,2,0.0,68,40
2026-05-21 19:00:50,2026-05-21,4,羽毛球馆-3号,14:00-15:00,0,1,不开放/已过期,,阴,23,23,3,0.0,76,40
2026-05-21 19:30:46,2026-05-21,4,羽毛球馆-3号,14:00-15:00,0,1,不开放/已过期,,阴,23,24,2,0.0,77,39
2026-05-21 20:00:49,2026-05-21,4,羽毛球馆-3号,14:00-15:00,0,1,不开放/已过期,,雾,22,23,2,0.0,89,39
2026-05-21 20:30:44,2026-05-21,4,羽毛球馆-3号,14:00-15:00,0,1,不开放/已过期,,雾,22,24,2,0.0,93,43
2026-05-21 21:00:56,2026-05-21,4,羽毛球馆-3号,14:00-15:00,0,1,不开放/已过期,,雾,20,21,2,0.0,98,43
2026-05-21 21:30:46,2026-05-21,4,羽毛球馆-3号,14:00-15:00,0,1,不开放/已过期,,雾,20,22,1,0.0,99,41
2026-05-21 22:01:02,2026-05-21,4,羽毛球馆-3号,14:00-15:00,0,1,不开放/已过期,,雾,19,20,2,0.0,93,41
2026-05-21 22:30:47,2026-05-21,4,羽毛球馆-3号,14:00-15:00,0,1,不开放/已过期,,雾,19,19,3,0.0,88,46
2026-05-21 23:00:56,2026-05-21,4,羽毛球馆-3号,14:00-15:00,0,1,不开放/已过期,,多云,18,17,3,0.0,85,46
2026-05-21 23:30:55,2026-05-21,4,羽毛球馆-3号,14:00-15:00,0,1,不开放/已过期,,多云,18,17,3,0.0,85,48
2026-05-21 00:30:49,2026-05-21,4,羽毛球馆-3号,15:00-16:00,0,1,可预约,￥12.0,多云,15,13,3,0.0,100,26
2026-05-21 01:00:55,2026-05-21,4,羽毛球馆-3号,15:00-16:00,0,1,可预约,￥12.0,多云,15,12,4,0.0,100,26
2026-05-21 01:30:47,2026-05-21,4,羽毛球馆-3号,15:00-16:00,0,1,可预约,￥12.0,多云,15,13,4,0.0,100,28
2026-05-21 02:00:53,2026-05-21,4,羽毛球馆-3号,15:00-16:00,0,1,可预约,￥12.0,多云,15,12,4,0.0,100,28
2026-05-21 02:30:49,2026-05-21,4,羽毛球馆-3号,15:00-16:00,0,1,可预约,￥12.0,多云,15,14,3,0.0,100,29
2026-05-21 03:00:55,2026-05-21,4,羽毛球馆-3号,15:00-16:00,0,1,可预约,￥12.0,多云,15,12,4,0.0,100,29
2026-05-21 03:30:49,2026-05-21,4,羽毛球馆-3号,15:00-16:00,0,1,可预约,￥12.0,多云,15,14,3,0.0,100,30
2026-05-21 04:30:45,2026-05-21,4,羽毛球馆-3号,15:00-16:00,0,1,可预约,￥12.0,多云,15,12,4,0.0,100,29
2026-05-21 05:00:52,2026-05-21,4,羽毛球馆-3号,15:00-16:00,0,1,可预约,￥12.0,多云,15,12,4,0.0,100,29
2026-05-21 05:30:49,2026-05-21,4,羽毛球馆-3号,15:00-16:00,0,1,可预约,￥12.0,多云,15,13,3,0.0,100,28
2026-05-21 06:00:50,2026-05-21,4,羽毛球馆-3号,15:00-16:00,0,1,可预约,￥12.0,多云,15,13,4,0.0,99,28
2026-05-21 06:30:38,2026-05-21,4,羽毛球馆-3号,15:00-16:00,0,1,可预约,￥12.0,多云,15,13,3,0.0,97,28
2026-05-21 07:00:43,2026-05-21,4,羽毛球馆-3号,15:00-16:00,0,1,可预约,￥12.0,晴,15,11,5,0.0,93,28
2026-05-21 07:30:39,2026-05-21,4,羽毛球馆-3号,15:00-16:00,0,1,可预约,￥12.0,晴,17,13,4,0.0,89,29
2026-05-21 07:50:40,2026-05-21,4,羽毛球馆-3号,15:00-16:00,0,1,可预约,￥12.0,晴,17,13,4,0.0,88,29
2026-05-21 07:53:31,2026-05-21,4,羽毛球馆-3号,15:00-16:00,0,1,可预约,￥12.0,晴,17,12,5,0.0,86,29
2026-05-21 07:56:31,2026-05-21,4,羽毛球馆-3号,15:00-16:00,0,1,可预约,￥12.0,晴,17,12,5,0.0,86,29
2026-05-21 07:59:26,2026-05-21,4,羽毛球馆-3号,15:00-16:00,0,1,可预约,￥12.0,晴,17,12,5,0.0,86,29
2026-05-21 08:00:45,2026-05-21,4,羽毛球馆-3号,15:00-16:00,0,1,可预约,￥12.0,晴,17,12,5,0.0,86,29
2026-05-21 08:02:30,2026-05-21,4,羽毛球馆-3号,15:00-16:00,0,1,可预约,￥12.0,多云,17,12,5,0.0,87,29
2026-05-21 08:05:36,2026-05-21,4,羽毛球馆-3号,15:00-16:00,0,1,可预约,￥12.0,多云,17,12,5,0.0,86,29
2026-05-21 08:08:31,2026-05-21,4,羽毛球馆-3号,15:00-16:00,0,1,可预约,￥12.0,多云,17,12,5,0.0,86,29
2026-05-21 08:11:30,2026-05-21,4,羽毛球馆-3号,15:00-16:00,0,1,可预约,￥12.0,多云,17,12,5,0.0,86,29
2026-05-21 08:14:31,2026-05-21,4,羽毛球馆-3号,15:00-16:00,0,1,可预约,￥12.0,多云,17,12,5,0.0,86,29
2026-05-21 08:17:30,2026-05-21,4,羽毛球馆-3号,15:00-16:00,0,1,可预约,￥12.0,多云,17,12,5,0.0,86,29
2026-05-21 08:20:35,2026-05-21,4,羽毛球馆-3号,15:00-16:00,0,1,可预约,￥12.0,多云,17,14,4,0.0,85,29
2026-05-21 08:25:32,2026-05-21,4,羽毛球馆-3号,15:00-16:00,0,1,可预约,￥12.0,多云,17,14,4,0.0,85,28
2026-05-21 08:30:42,2026-05-21,4,羽毛球馆-3号,15:00-16:00,0,1,可预约,￥12.0,多云,18,15,4,0.0,84,28
2026-05-21 08:35:31,2026-05-21,4,羽毛球馆-3号,15:00-16:00,0,1,可预约,￥12.0,多云,18,15,4,0.0,84,28
2026-05-21 08:40:38,2026-05-21,4,羽毛球馆-3号,15:00-16:00,0,1,可预约,￥12.0,多云,18,15,4,0.0,82,28
2026-05-21 08:45:33,2026-05-21,4,羽毛球馆-3号,15:00-16:00,0,1,可预约,￥12.0,多云,18,15,4,0.0,82,28
2026-05-21 08:50:36,2026-05-21,4,羽毛球馆-3号,15:00-16:00,0,1,可预约,￥12.0,多云,18,15,4,0.0,82,28
2026-05-21 08:55:34,2026-05-21,4,羽毛球馆-3号,15:00-16:00,0,1,可预约,￥12.0,多云,18,15,4,0.0,84,28
2026-05-21 09:00:51,2026-05-21,4,羽毛球馆-3号,15:00-16:00,0,1,可预约,￥12.0,多云,18,15,4,0.0,84,28
2026-05-21 09:01:59,2026-05-21,4,羽毛球馆-3号,15:00-16:00,0,1,可预约,￥12.0,多云,18,15,4,0.0,83,28
2026-05-21 09:05:33,2026-05-21,4,羽毛球馆-3号,15:00-16:00,0,1,可预约,￥12.0,多云,18,15,4,0.0,83,28
2026-05-21 09:20:38,2026-05-21,4,羽毛球馆-3号,15:00-16:00,0,1,可预约,￥12.0,多云,18,16,3,0.0,81,28
2026-05-21 09:30:46,2026-05-21,4,羽毛球馆-3号,15:00-16:00,0,1,可预约,￥12.0,多云,18,16,3,0.0,81,32
2026-05-21 09:40:36,2026-05-21,4,羽毛球馆-3号,15:00-16:00,0,1,可预约,￥12.0,多云,19,17,3,0.0,79,32
2026-05-21 09:50:42,2026-05-21,4,羽毛球馆-3号,15:00-16:00,0,1,可预约,￥12.0,多云,19,17,4,0.0,81,32
2026-05-21 10:00:46,2026-05-21,4,羽毛球馆-3号,15:00-16:00,0,1,可预约,￥12.0,多云,19,17,4,0.0,79,32
2026-05-21 10:10:40,2026-05-21,4,羽毛球馆-3号,15:00-16:00,0,1,可预约,￥12.0,多云,19,17,4,0.0,79,32
2026-05-21 10:20:38,2026-05-21,4,羽毛球馆-3号,15:00-16:00,0,1,可预约,￥12.0,多云,19,17,4,0.0,79,32
2026-05-21 10:30:41,2026-05-21,4,羽毛球馆-3号,15:00-16:00,0,1,可预约,￥12.0,多云,19,18,3,0.0,78,31
2026-05-21 11:00:44,2026-05-21,4,羽毛球馆-3号,15:00-16:00,0,1,可预约,￥12.0,多云,21,17,5,0.0,74,31
2026-05-21 11:30:38,2026-05-21,4,羽毛球馆-3号,15:00-16:00,0,1,可预约,￥12.0,多云,21,19,3,0.0,72,33
2026-05-21 12:00:46,2026-05-21,4,羽毛球馆-3号,15:00-16:00,0,1,可预约,￥12.0,多云,22,19,4,0.0,70,33
2026-05-21 12:30:42,2026-05-21,4,羽毛球馆-3号,15:00-16:00,0,1,可预约,￥12.0,多云,22,21,3,0.0,68,35
2026-05-21 13:00:43,2026-05-21,4,羽毛球馆-3号,15:00-16:00,0,1,可预约,￥12.0,多云,24,22,4,0.0,66,35
2026-05-21 13:30:43,2026-05-21,4,羽毛球馆-3号,15:00-16:00,0,1,可预约,￥12.0,多云,24,22,4,0.0,66,36
2026-05-21 14:00:48,2026-05-21,4,羽毛球馆-3号,15:00-16:00,0,1,可预约,￥12.0,多云,25,23,4,0.0,66,36
2026-05-21 14:30:45,2026-05-21,4,羽毛球馆-3号,15:00-16:00,0,1,可预约,￥12.0,晴,25,25,3,0.0,65,39
2026-05-21 15:00:45,2026-05-21,4,羽毛球馆-3号,15:00-16:00,0,1,可预约,￥12.0,晴,25,22,4,0.0,56,39
2026-05-21 15:30:43,2026-05-21,4,羽毛球馆-3号,15:00-16:00,0,1,可预约,￥12.0,晴,25,23,4,0.0,57,40
2026-05-21 16:00:51,2026-05-21,4,羽毛球馆-3号,15:00-16:00,0,1,不开放/已过期,,晴,25,23,4,0.0,57,40
2026-05-21 16:30:48,2026-05-21,4,羽毛球馆-3号,15:00-16:00,0,1,不开放/已过期,,晴,25,24,3,0.0,60,39
2026-05-21 17:00:49,2026-05-21,4,羽毛球馆-3号,15:00-16:00,0,1,不开放/已过期,,晴,25,24,4,0.0,61,39
2026-05-21 17:30:47,2026-05-21,4,羽毛球馆-3号,15:00-16:00,0,1,不开放/已过期,,多云,24,23,3,0.0,64,39
2026-05-21 18:00:50,2026-05-21,4,羽毛球馆-3号,15:00-16:00,0,1,不开放/已过期,,多云,24,23,3,0.0,68,39
2026-05-21 18:30:50,2026-05-21,4,羽毛球馆-3号,15:00-16:00,0,1,不开放/已过期,,阴,24,25,2,0.0,68,40
2026-05-21 19:00:50,2026-05-21,4,羽毛球馆-3号,15:00-16:00,0,1,不开放/已过期,,阴,23,23,3,0.0,76,40
2026-05-21 19:30:46,2026-05-21,4,羽毛球馆-3号,15:00-16:00,0,1,不开放/已过期,,阴,23,24,2,0.0,77,39
2026-05-21 20:00:49,2026-05-21,4,羽毛球馆-3号,15:00-16:00,0,1,不开放/已过期,,雾,22,23,2,0.0,89,39
2026-05-21 20:30:44,2026-05-21,4,羽毛球馆-3号,15:00-16:00,0,1,不开放/已过期,,雾,22,24,2,0.0,93,43
2026-05-21 21:00:56,2026-05-21,4,羽毛球馆-3号,15:00-16:00,0,1,不开放/已过期,,雾,20,21,2,0.0,98,43
2026-05-21 21:30:46,2026-05-21,4,羽毛球馆-3号,15:00-16:00,0,1,不开放/已过期,,雾,20,22,1,0.0,99,41
2026-05-21 22:01:02,2026-05-21,4,羽毛球馆-3号,15:00-16:00,0,1,不开放/已过期,,雾,19,20,2,0.0,93,41
2026-05-21 22:30:47,2026-05-21,4,羽毛球馆-3号,15:00-16:00,0,1,不开放/已过期,,雾,19,19,3,0.0,88,46
2026-05-21 23:00:56,2026-05-21,4,羽毛球馆-3号,15:00-16:00,0,1,不开放/已过期,,多云,18,17,3,0.0,85,46
2026-05-21 23:30:55,2026-05-21,4,羽毛球馆-3号,15:00-16:00,0,1,不开放/已过期,,多云,18,17,3,0.0,85,48
2026-05-21 00:30:49,2026-05-21,4,羽毛球馆-3号,16:00-17:00,1,1,已售/已满,已售,多云,15,13,3,0.0,100,26
2026-05-21 01:00:55,2026-05-21,4,羽毛球馆-3号,16:00-17:00,1,1,已售/已满,已售,多云,15,12,4,0.0,100,26
2026-05-21 01:30:47,2026-05-21,4,羽毛球馆-3号,16:00-17:00,1,1,已售/已满,已售,多云,15,13,4,0.0,100,28
2026-05-21 02:00:53,2026-05-21,4,羽毛球馆-3号,16:00-17:00,1,1,已售/已满,已售,多云,15,12,4,0.0,100,28
2026-05-21 02:30:49,2026-05-21,4,羽毛球馆-3号,16:00-17:00,1,1,已售/已满,已售,多云,15,14,3,0.0,100,29
2026-05-21 03:00:55,2026-05-21,4,羽毛球馆-3号,16:00-17:00,1,1,已售/已满,已售,多云,15,12,4,0.0,100,29
2026-05-21 03:30:49,2026-05-21,4,羽毛球馆-3号,16:00-17:00,1,1,已售/已满,已售,多云,15,14,3,0.0,100,30
2026-05-21 04:30:45,2026-05-21,4,羽毛球馆-3号,16:00-17:00,1,1,已售/已满,已售,多云,15,12,4,0.0,100,29
2026-05-21 05:00:52,2026-05-21,4,羽毛球馆-3号,16:00-17:00,1,1,已售/已满,已售,多云,15,12,4,0.0,100,29
2026-05-21 05:30:49,2026-05-21,4,羽毛球馆-3号,16:00-17:00,1,1,已售/已满,已售,多云,15,13,3,0.0,100,28
2026-05-21 06:00:50,2026-05-21,4,羽毛球馆-3号,16:00-17:00,1,1,已售/已满,已售,多云,15,13,4,0.0,99,28
2026-05-21 06:30:38,2026-05-21,4,羽毛球馆-3号,16:00-17:00,1,1,已售/已满,已售,多云,15,13,3,0.0,97,28
2026-05-21 07:00:43,2026-05-21,4,羽毛球馆-3号,16:00-17:00,1,1,已售/已满,已售,晴,15,11,5,0.0,93,28
2026-05-21 07:30:39,2026-05-21,4,羽毛球馆-3号,16:00-17:00,1,1,已售/已满,已售,晴,17,13,4,0.0,89,29
2026-05-21 07:50:40,2026-05-21,4,羽毛球馆-3号,16:00-17:00,1,1,已售/已满,已售,晴,17,13,4,0.0,88,29
2026-05-21 07:53:31,2026-05-21,4,羽毛球馆-3号,16:00-17:00,1,1,已售/已满,已售,晴,17,12,5,0.0,86,29
2026-05-21 07:56:31,2026-05-21,4,羽毛球馆-3号,16:00-17:00,1,1,已售/已满,已售,晴,17,12,5,0.0,86,29
2026-05-21 07:59:26,2026-05-21,4,羽毛球馆-3号,16:00-17:00,1,1,已售/已满,已售,晴,17,12,5,0.0,86,29
2026-05-21 08:00:45,2026-05-21,4,羽毛球馆-3号,16:00-17:00,1,1,已售/已满,已售,晴,17,12,5,0.0,86,29
2026-05-21 08:02:30,2026-05-21,4,羽毛球馆-3号,16:00-17:00,1,1,已售/已满,已售,多云,17,12,5,0.0,87,29
2026-05-21 08:05:36,2026-05-21,4,羽毛球馆-3号,16:00-17:00,1,1,已售/已满,已售,多云,17,12,5,0.0,86,29
2026-05-21 08:08:31,2026-05-21,4,羽毛球馆-3号,16:00-17:00,1,1,已售/已满,已售,多云,17,12,5,0.0,86,29
2026-05-21 08:11:30,2026-05-21,4,羽毛球馆-3号,16:00-17:00,1,1,已售/已满,已售,多云,17,12,5,0.0,86,29
2026-05-21 08:14:31,2026-05-21,4,羽毛球馆-3号,16:00-17:00,1,1,已售/已满,已售,多云,17,12,5,0.0,86,29
2026-05-21 08:17:30,2026-05-21,4,羽毛球馆-3号,16:00-17:00,1,1,已售/已满,已售,多云,17,12,5,0.0,86,29
2026-05-21 08:20:35,2026-05-21,4,羽毛球馆-3号,16:00-17:00,1,1,已售/已满,已售,多云,17,14,4,0.0,85,29
2026-05-21 08:25:32,2026-05-21,4,羽毛球馆-3号,16:00-17:00,1,1,已售/已满,已售,多云,17,14,4,0.0,85,28
2026-05-21 08:30:42,2026-05-21,4,羽毛球馆-3号,16:00-17:00,1,1,已售/已满,已售,多云,18,15,4,0.0,84,28
2026-05-21 08:35:31,2026-05-21,4,羽毛球馆-3号,16:00-17:00,1,1,已售/已满,已售,多云,18,15,4,0.0,84,28
2026-05-21 08:40:38,2026-05-21,4,羽毛球馆-3号,16:00-17:00,1,1,已售/已满,已售,多云,18,15,4,0.0,82,28
2026-05-21 08:45:33,2026-05-21,4,羽毛球馆-3号,16:00-17:00,1,1,已售/已满,已售,多云,18,15,4,0.0,82,28
2026-05-21 08:50:36,2026-05-21,4,羽毛球馆-3号,16:00-17:00,1,1,已售/已满,已售,多云,18,15,4,0.0,82,28
2026-05-21 08:55:34,2026-05-21,4,羽毛球馆-3号,16:00-17:00,1,1,已售/已满,已售,多云,18,15,4,0.0,84,28
2026-05-21 09:00:51,2026-05-21,4,羽毛球馆-3号,16:00-17:00,1,1,已售/已满,已售,多云,18,15,4,0.0,84,28
2026-05-21 09:01:59,2026-05-21,4,羽毛球馆-3号,16:00-17:00,1,1,已售/已满,已售,多云,18,15,4,0.0,83,28
2026-05-21 09:05:33,2026-05-21,4,羽毛球馆-3号,16:00-17:00,1,1,已售/已满,已售,多云,18,15,4,0.0,83,28
2026-05-21 09:20:38,2026-05-21,4,羽毛球馆-3号,16:00-17:00,1,1,已售/已满,已售,多云,18,16,3,0.0,81,28
2026-05-21 09:30:46,2026-05-21,4,羽毛球馆-3号,16:00-17:00,1,1,已售/已满,已售,多云,18,16,3,0.0,81,32
2026-05-21 09:40:36,2026-05-21,4,羽毛球馆-3号,16:00-17:00,1,1,已售/已满,已售,多云,19,17,3,0.0,79,32
2026-05-21 09:50:42,2026-05-21,4,羽毛球馆-3号,16:00-17:00,1,1,已售/已满,已售,多云,19,17,4,0.0,81,32
2026-05-21 10:00:46,2026-05-21,4,羽毛球馆-3号,16:00-17:00,1,1,已售/已满,已售,多云,19,17,4,0.0,79,32
2026-05-21 10:10:40,2026-05-21,4,羽毛球馆-3号,16:00-17:00,1,1,已售/已满,已售,多云,19,17,4,0.0,79,32
2026-05-21 10:20:38,2026-05-21,4,羽毛球馆-3号,16:00-17:00,1,1,已售/已满,已售,多云,19,17,4,0.0,79,32
2026-05-21 10:30:41,2026-05-21,4,羽毛球馆-3号,16:00-17:00,1,1,已售/已满,已售,多云,19,18,3,0.0,78,31
2026-05-21 11:00:44,2026-05-21,4,羽毛球馆-3号,16:00-17:00,1,1,已售/已满,已售,多云,21,17,5,0.0,74,31
2026-05-21 11:30:38,2026-05-21,4,羽毛球馆-3号,16:00-17:00,1,1,已售/已满,已售,多云,21,19,3,0.0,72,33
2026-05-21 12:00:46,2026-05-21,4,羽毛球馆-3号,16:00-17:00,1,1,已售/已满,已售,多云,22,19,4,0.0,70,33
2026-05-21 12:30:42,2026-05-21,4,羽毛球馆-3号,16:00-17:00,1,1,已售/已满,已售,多云,22,21,3,0.0,68,35
2026-05-21 13:00:43,2026-05-21,4,羽毛球馆-3号,16:00-17:00,1,1,已售/已满,已售,多云,24,22,4,0.0,66,35
2026-05-21 13:30:43,2026-05-21,4,羽毛球馆-3号,16:00-17:00,1,1,已售/已满,已售,多云,24,22,4,0.0,66,36
2026-05-21 14:00:48,2026-05-21,4,羽毛球馆-3号,16:00-17:00,1,1,已售/已满,已售,多云,25,23,4,0.0,66,36
2026-05-21 14:30:45,2026-05-21,4,羽毛球馆-3号,16:00-17:00,1,1,已售/已满,已售,晴,25,25,3,0.0,65,39
2026-05-21 15:00:45,2026-05-21,4,羽毛球馆-3号,16:00-17:00,1,1,已售/已满,已售,晴,25,22,4,0.0,56,39
2026-05-21 15:30:43,2026-05-21,4,羽毛球馆-3号,16:00-17:00,1,1,已售/已满,已售,晴,25,23,4,0.0,57,40
2026-05-21 16:00:51,2026-05-21,4,羽毛球馆-3号,16:00-17:00,1,1,已售/已满,已售,晴,25,23,4,0.0,57,40
2026-05-21 16:30:48,2026-05-21,4,羽毛球馆-3号,16:00-17:00,1,1,已售/已满,已售,晴,25,24,3,0.0,60,39
2026-05-21 17:00:49,2026-05-21,4,羽毛球馆-3号,16:00-17:00,1,1,已售/已满,已售,晴,25,24,4,0.0,61,39
2026-05-21 17:30:47,2026-05-21,4,羽毛球馆-3号,16:00-17:00,1,1,已售/已满,已售,多云,24,23,3,0.0,64,39
2026-05-21 18:00:50,2026-05-21,4,羽毛球馆-3号,16:00-17:00,1,1,已售/已满,已售,多云,24,23,3,0.0,68,39
2026-05-21 18:30:50,2026-05-21,4,羽毛球馆-3号,16:00-17:00,1,1,已售/已满,已售,阴,24,25,2,0.0,68,40
2026-05-21 19:00:50,2026-05-21,4,羽毛球馆-3号,16:00-17:00,1,1,已售/已满,已售,阴,23,23,3,0.0,76,40
2026-05-21 19:30:46,2026-05-21,4,羽毛球馆-3号,16:00-17:00,1,1,已售/已满,已售,阴,23,24,2,0.0,77,39
2026-05-21 20:00:49,2026-05-21,4,羽毛球馆-3号,16:00-17:00,1,1,已售/已满,已售,雾,22,23,2,0.0,89,39
2026-05-21 20:30:44,2026-05-21,4,羽毛球馆-3号,16:00-17:00,1,1,已售/已满,已售,雾,22,24,2,0.0,93,43
2026-05-21 21:00:56,2026-05-21,4,羽毛球馆-3号,16:00-17:00,1,1,已售/已满,已售,雾,20,21,2,0.0,98,43
2026-05-21 21:30:46,2026-05-21,4,羽毛球馆-3号,16:00-17:00,1,1,已售/已满,已售,雾,20,22,1,0.0,99,41
2026-05-21 22:01:02,2026-05-21,4,羽毛球馆-3号,16:00-17:00,1,1,已售/已满,已售,雾,19,20,2,0.0,93,41
2026-05-21 22:30:47,2026-05-21,4,羽毛球馆-3号,16:00-17:00,1,1,已售/已满,已售,雾,19,19,3,0.0,88,46
2026-05-21 23:00:56,2026-05-21,4,羽毛球馆-3号,16:00-17:00,1,1,已售/已满,已售,多云,18,17,3,0.0,85,46
2026-05-21 23:30:55,2026-05-21,4,羽毛球馆-3号,16:00-17:00,1,1,已售/已满,已售,多云,18,17,3,0.0,85,48
2026-05-21 00:30:49,2026-05-21,4,羽毛球馆-3号,17:00-18:00,1,1,已售/已满,已售,多云,15,13,3,0.0,100,26
2026-05-21 01:00:55,2026-05-21,4,羽毛球馆-3号,17:00-18:00,1,1,已售/已满,已售,多云,15,12,4,0.0,100,26
2026-05-21 01:30:47,2026-05-21,4,羽毛球馆-3号,17:00-18:00,1,1,已售/已满,已售,多云,15,13,4,0.0,100,28
2026-05-21 02:00:53,2026-05-21,4,羽毛球馆-3号,17:00-18:00,1,1,已售/已满,已售,多云,15,12,4,0.0,100,28
2026-05-21 02:30:49,2026-05-21,4,羽毛球馆-3号,17:00-18:00,1,1,已售/已满,已售,多云,15,14,3,0.0,100,29
2026-05-21 03:00:55,2026-05-21,4,羽毛球馆-3号,17:00-18:00,1,1,已售/已满,已售,多云,15,12,4,0.0,100,29
2026-05-21 03:30:49,2026-05-21,4,羽毛球馆-3号,17:00-18:00,1,1,已售/已满,已售,多云,15,14,3,0.0,100,30
2026-05-21 04:30:45,2026-05-21,4,羽毛球馆-3号,17:00-18:00,1,1,已售/已满,已售,多云,15,12,4,0.0,100,29
2026-05-21 05:00:52,2026-05-21,4,羽毛球馆-3号,17:00-18:00,1,1,已售/已满,已售,多云,15,12,4,0.0,100,29
2026-05-21 05:30:49,2026-05-21,4,羽毛球馆-3号,17:00-18:00,1,1,已售/已满,已售,多云,15,13,3,0.0,100,28
2026-05-21 06:00:50,2026-05-21,4,羽毛球馆-3号,17:00-18:00,1,1,已售/已满,已售,多云,15,13,4,0.0,99,28
2026-05-21 06:30:38,2026-05-21,4,羽毛球馆-3号,17:00-18:00,1,1,已售/已满,已售,多云,15,13,3,0.0,97,28
2026-05-21 07:00:43,2026-05-21,4,羽毛球馆-3号,17:00-18:00,1,1,已售/已满,已售,晴,15,11,5,0.0,93,28
2026-05-21 07:30:39,2026-05-21,4,羽毛球馆-3号,17:00-18:00,1,1,已售/已满,已售,晴,17,13,4,0.0,89,29
2026-05-21 07:50:40,2026-05-21,4,羽毛球馆-3号,17:00-18:00,1,1,已售/已满,已售,晴,17,13,4,0.0,88,29
2026-05-21 07:53:31,2026-05-21,4,羽毛球馆-3号,17:00-18:00,1,1,已售/已满,已售,晴,17,12,5,0.0,86,29
2026-05-21 07:56:31,2026-05-21,4,羽毛球馆-3号,17:00-18:00,1,1,已售/已满,已售,晴,17,12,5,0.0,86,29
2026-05-21 07:59:26,2026-05-21,4,羽毛球馆-3号,17:00-18:00,1,1,已售/已满,已售,晴,17,12,5,0.0,86,29
2026-05-21 08:00:45,2026-05-21,4,羽毛球馆-3号,17:00-18:00,1,1,已售/已满,已售,晴,17,12,5,0.0,86,29
2026-05-21 08:02:30,2026-05-21,4,羽毛球馆-3号,17:00-18:00,1,1,已售/已满,已售,多云,17,12,5,0.0,87,29
2026-05-21 08:05:36,2026-05-21,4,羽毛球馆-3号,17:00-18:00,1,1,已售/已满,已售,多云,17,12,5,0.0,86,29
2026-05-21 08:08:31,2026-05-21,4,羽毛球馆-3号,17:00-18:00,1,1,已售/已满,已售,多云,17,12,5,0.0,86,29
2026-05-21 08:11:30,2026-05-21,4,羽毛球馆-3号,17:00-18:00,1,1,已售/已满,已售,多云,17,12,5,0.0,86,29
2026-05-21 08:14:31,2026-05-21,4,羽毛球馆-3号,17:00-18:00,1,1,已售/已满,已售,多云,17,12,5,0.0,86,29
2026-05-21 08:17:30,2026-05-21,4,羽毛球馆-3号,17:00-18:00,1,1,已售/已满,已售,多云,17,12,5,0.0,86,29
2026-05-21 08:20:35,2026-05-21,4,羽毛球馆-3号,17:00-18:00,1,1,已售/已满,已售,多云,17,14,4,0.0,85,29
2026-05-21 08:25:32,2026-05-21,4,羽毛球馆-3号,17:00-18:00,1,1,已售/已满,已售,多云,17,14,4,0.0,85,28
2026-05-21 08:30:42,2026-05-21,4,羽毛球馆-3号,17:00-18:00,1,1,已售/已满,已售,多云,18,15,4,0.0,84,28
2026-05-21 08:35:31,2026-05-21,4,羽毛球馆-3号,17:00-18:00,1,1,已售/已满,已售,多云,18,15,4,0.0,84,28
2026-05-21 08:40:38,2026-05-21,4,羽毛球馆-3号,17:00-18:00,1,1,已售/已满,已售,多云,18,15,4,0.0,82,28
2026-05-21 08:45:33,2026-05-21,4,羽毛球馆-3号,17:00-18:00,1,1,已售/已满,已售,多云,18,15,4,0.0,82,28
2026-05-21 08:50:36,2026-05-21,4,羽毛球馆-3号,17:00-18:00,1,1,已售/已满,已售,多云,18,15,4,0.0,82,28
2026-05-21 08:55:34,2026-05-21,4,羽毛球馆-3号,17:00-18:00,1,1,已售/已满,已售,多云,18,15,4,0.0,84,28
2026-05-21 09:00:51,2026-05-21,4,羽毛球馆-3号,17:00-18:00,1,1,已售/已满,已售,多云,18,15,4,0.0,84,28
2026-05-21 09:01:59,2026-05-21,4,羽毛球馆-3号,17:00-18:00,1,1,已售/已满,已售,多云,18,15,4,0.0,83,28
2026-05-21 09:05:33,2026-05-21,4,羽毛球馆-3号,17:00-18:00,1,1,已售/已满,已售,多云,18,15,4,0.0,83,28
2026-05-21 09:20:38,2026-05-21,4,羽毛球馆-3号,17:00-18:00,1,1,已售/已满,已售,多云,18,16,3,0.0,81,28
2026-05-21 09:30:46,2026-05-21,4,羽毛球馆-3号,17:00-18:00,1,1,已售/已满,已售,多云,18,16,3,0.0,81,32
2026-05-21 09:40:36,2026-05-21,4,羽毛球馆-3号,17:00-18:00,1,1,已售/已满,已售,多云,19,17,3,0.0,79,32
2026-05-21 09:50:42,2026-05-21,4,羽毛球馆-3号,17:00-18:00,1,1,已售/已满,已售,多云,19,17,4,0.0,81,32
2026-05-21 10:00:46,2026-05-21,4,羽毛球馆-3号,17:00-18:00,1,1,已售/已满,已售,多云,19,17,4,0.0,79,32
2026-05-21 10:10:40,2026-05-21,4,羽毛球馆-3号,17:00-18:00,1,1,已售/已满,已售,多云,19,17,4,0.0,79,32
2026-05-21 10:20:38,2026-05-21,4,羽毛球馆-3号,17:00-18:00,1,1,已售/已满,已售,多云,19,17,4,0.0,79,32
2026-05-21 10:30:41,2026-05-21,4,羽毛球馆-3号,17:00-18:00,1,1,已售/已满,已售,多云,19,18,3,0.0,78,31
2026-05-21 11:00:44,2026-05-21,4,羽毛球馆-3号,17:00-18:00,1,1,已售/已满,已售,多云,21,17,5,0.0,74,31
2026-05-21 11:30:38,2026-05-21,4,羽毛球馆-3号,17:00-18:00,1,1,已售/已满,已售,多云,21,19,3,0.0,72,33
2026-05-21 12:00:46,2026-05-21,4,羽毛球馆-3号,17:00-18:00,1,1,已售/已满,已售,多云,22,19,4,0.0,70,33
2026-05-21 12:30:42,2026-05-21,4,羽毛球馆-3号,17:00-18:00,1,1,已售/已满,已售,多云,22,21,3,0.0,68,35
2026-05-21 13:00:43,2026-05-21,4,羽毛球馆-3号,17:00-18:00,1,1,已售/已满,已售,多云,24,22,4,0.0,66,35
2026-05-21 13:30:43,2026-05-21,4,羽毛球馆-3号,17:00-18:00,1,1,已售/已满,已售,多云,24,22,4,0.0,66,36
2026-05-21 14:00:48,2026-05-21,4,羽毛球馆-3号,17:00-18:00,1,1,已售/已满,已售,多云,25,23,4,0.0,66,36
2026-05-21 14:30:45,2026-05-21,4,羽毛球馆-3号,17:00-18:00,1,1,已售/已满,已售,晴,25,25,3,0.0,65,39
2026-05-21 15:00:45,2026-05-21,4,羽毛球馆-3号,17:00-18:00,1,1,已售/已满,已售,晴,25,22,4,0.0,56,39
2026-05-21 15:30:43,2026-05-21,4,羽毛球馆-3号,17:00-18:00,1,1,已售/已满,已售,晴,25,23,4,0.0,57,40
2026-05-21 16:00:51,2026-05-21,4,羽毛球馆-3号,17:00-18:00,1,1,已售/已满,已售,晴,25,23,4,0.0,57,40
2026-05-21 16:30:48,2026-05-21,4,羽毛球馆-3号,17:00-18:00,1,1,已售/已满,已售,晴,25,24,3,0.0,60,39
2026-05-21 17:00:49,2026-05-21,4,羽毛球馆-3号,17:00-18:00,1,1,已售/已满,已售,晴,25,24,4,0.0,61,39
2026-05-21 17:30:47,2026-05-21,4,羽毛球馆-3号,17:00-18:00,1,1,已售/已满,已售,多云,24,23,3,0.0,64,39
2026-05-21 18:00:50,2026-05-21,4,羽毛球馆-3号,17:00-18:00,1,1,已售/已满,已售,多云,24,23,3,0.0,68,39
2026-05-21 18:30:50,2026-05-21,4,羽毛球馆-3号,17:00-18:00,1,1,已售/已满,已售,阴,24,25,2,0.0,68,40
2026-05-21 19:00:50,2026-05-21,4,羽毛球馆-3号,17:00-18:00,1,1,已售/已满,已售,阴,23,23,3,0.0,76,40
2026-05-21 19:30:46,2026-05-21,4,羽毛球馆-3号,17:00-18:00,1,1,已售/已满,已售,阴,23,24,2,0.0,77,39
2026-05-21 20:00:49,2026-05-21,4,羽毛球馆-3号,17:00-18:00,1,1,已售/已满,已售,雾,22,23,2,0.0,89,39
2026-05-21 20:30:44,2026-05-21,4,羽毛球馆-3号,17:00-18:00,1,1,已售/已满,已售,雾,22,24,2,0.0,93,43
2026-05-21 21:00:56,2026-05-21,4,羽毛球馆-3号,17:00-18:00,1,1,已售/已满,已售,雾,20,21,2,0.0,98,43
2026-05-21 21:30:46,2026-05-21,4,羽毛球馆-3号,17:00-18:00,1,1,已售/已满,已售,雾,20,22,1,0.0,99,41
2026-05-21 22:01:02,2026-05-21,4,羽毛球馆-3号,17:00-18:00,1,1,已售/已满,已售,雾,19,20,2,0.0,93,41
2026-05-21 22:30:47,2026-05-21,4,羽毛球馆-3号,17:00-18:00,1,1,已售/已满,已售,雾,19,19,3,0.0,88,46
2026-05-21 23:00:56,2026-05-21,4,羽毛球馆-3号,17:00-18:00,1,1,已售/已满,已售,多云,18,17,3,0.0,85,46
2026-05-21 23:30:55,2026-05-21,4,羽毛球馆-3号,17:00-18:00,1,1,已售/已满,已售,多云,18,17,3,0.0,85,48
2026-05-21 00:30:49,2026-05-21,4,羽毛球馆-3号,18:30-19:30,1,1,已售/已满,已售,多云,15,13,3,0.0,100,26
2026-05-21 01:00:55,2026-05-21,4,羽毛球馆-3号,18:30-19:30,1,1,已售/已满,已售,多云,15,12,4,0.0,100,26
2026-05-21 01:30:47,2026-05-21,4,羽毛球馆-3号,18:30-19:30,1,1,已售/已满,已售,多云,15,13,4,0.0,100,28
2026-05-21 02:00:53,2026-05-21,4,羽毛球馆-3号,18:30-19:30,1,1,已售/已满,已售,多云,15,12,4,0.0,100,28
2026-05-21 02:30:49,2026-05-21,4,羽毛球馆-3号,18:30-19:30,1,1,已售/已满,已售,多云,15,14,3,0.0,100,29
2026-05-21 03:00:55,2026-05-21,4,羽毛球馆-3号,18:30-19:30,1,1,已售/已满,已售,多云,15,12,4,0.0,100,29
2026-05-21 03:30:49,2026-05-21,4,羽毛球馆-3号,18:30-19:30,1,1,已售/已满,已售,多云,15,14,3,0.0,100,30
2026-05-21 04:30:45,2026-05-21,4,羽毛球馆-3号,18:30-19:30,1,1,已售/已满,已售,多云,15,12,4,0.0,100,29
2026-05-21 05:00:52,2026-05-21,4,羽毛球馆-3号,18:30-19:30,1,1,已售/已满,已售,多云,15,12,4,0.0,100,29
2026-05-21 05:30:49,2026-05-21,4,羽毛球馆-3号,18:30-19:30,1,1,已售/已满,已售,多云,15,13,3,0.0,100,28
2026-05-21 06:00:50,2026-05-21,4,羽毛球馆-3号,18:30-19:30,1,1,已售/已满,已售,多云,15,13,4,0.0,99,28
2026-05-21 06:30:38,2026-05-21,4,羽毛球馆-3号,18:30-19:30,1,1,已售/已满,已售,多云,15,13,3,0.0,97,28
2026-05-21 07:00:43,2026-05-21,4,羽毛球馆-3号,18:30-19:30,1,1,已售/已满,已售,晴,15,11,5,0.0,93,28
2026-05-21 07:30:39,2026-05-21,4,羽毛球馆-3号,18:30-19:30,1,1,已售/已满,已售,晴,17,13,4,0.0,89,29
2026-05-21 07:50:40,2026-05-21,4,羽毛球馆-3号,18:30-19:30,1,1,已售/已满,已售,晴,17,13,4,0.0,88,29
2026-05-21 07:53:31,2026-05-21,4,羽毛球馆-3号,18:30-19:30,1,1,已售/已满,已售,晴,17,12,5,0.0,86,29
2026-05-21 07:56:31,2026-05-21,4,羽毛球馆-3号,18:30-19:30,1,1,已售/已满,已售,晴,17,12,5,0.0,86,29
2026-05-21 07:59:26,2026-05-21,4,羽毛球馆-3号,18:30-19:30,1,1,已售/已满,已售,晴,17,12,5,0.0,86,29
2026-05-21 08:00:45,2026-05-21,4,羽毛球馆-3号,18:30-19:30,1,1,已售/已满,已售,晴,17,12,5,0.0,86,29
2026-05-21 08:02:30,2026-05-21,4,羽毛球馆-3号,18:30-19:30,1,1,已售/已满,已售,多云,17,12,5,0.0,87,29
2026-05-21 08:05:36,2026-05-21,4,羽毛球馆-3号,18:30-19:30,1,1,已售/已满,已售,多云,17,12,5,0.0,86,29
2026-05-21 08:08:31,2026-05-21,4,羽毛球馆-3号,18:30-19:30,1,1,已售/已满,已售,多云,17,12,5,0.0,86,29
2026-05-21 08:11:30,2026-05-21,4,羽毛球馆-3号,18:30-19:30,1,1,已售/已满,已售,多云,17,12,5,0.0,86,29
2026-05-21 08:14:31,2026-05-21,4,羽毛球馆-3号,18:30-19:30,1,1,已售/已满,已售,多云,17,12,5,0.0,86,29
2026-05-21 08:17:30,2026-05-21,4,羽毛球馆-3号,18:30-19:30,1,1,已售/已满,已售,多云,17,12,5,0.0,86,29
2026-05-21 08:20:35,2026-05-21,4,羽毛球馆-3号,18:30-19:30,1,1,已售/已满,已售,多云,17,14,4,0.0,85,29
2026-05-21 08:25:32,2026-05-21,4,羽毛球馆-3号,18:30-19:30,1,1,已售/已满,已售,多云,17,14,4,0.0,85,28
2026-05-21 08:30:42,2026-05-21,4,羽毛球馆-3号,18:30-19:30,1,1,已售/已满,已售,多云,18,15,4,0.0,84,28
2026-05-21 08:35:31,2026-05-21,4,羽毛球馆-3号,18:30-19:30,1,1,已售/已满,已售,多云,18,15,4,0.0,84,28
2026-05-21 08:40:38,2026-05-21,4,羽毛球馆-3号,18:30-19:30,1,1,已售/已满,已售,多云,18,15,4,0.0,82,28
2026-05-21 08:45:33,2026-05-21,4,羽毛球馆-3号,18:30-19:30,1,1,已售/已满,已售,多云,18,15,4,0.0,82,28
2026-05-21 08:50:36,2026-05-21,4,羽毛球馆-3号,18:30-19:30,1,1,已售/已满,已售,多云,18,15,4,0.0,82,28
2026-05-21 08:55:34,2026-05-21,4,羽毛球馆-3号,18:30-19:30,1,1,已售/已满,已售,多云,18,15,4,0.0,84,28
2026-05-21 09:00:51,2026-05-21,4,羽毛球馆-3号,18:30-19:30,1,1,已售/已满,已售,多云,18,15,4,0.0,84,28
2026-05-21 09:01:59,2026-05-21,4,羽毛球馆-3号,18:30-19:30,1,1,已售/已满,已售,多云,18,15,4,0.0,83,28
2026-05-21 09:05:33,2026-05-21,4,羽毛球馆-3号,18:30-19:30,1,1,已售/已满,已售,多云,18,15,4,0.0,83,28
2026-05-21 09:20:38,2026-05-21,4,羽毛球馆-3号,18:30-19:30,1,1,已售/已满,已售,多云,18,16,3,0.0,81,28
2026-05-21 09:30:46,2026-05-21,4,羽毛球馆-3号,18:30-19:30,1,1,已售/已满,已售,多云,18,16,3,0.0,81,32
2026-05-21 09:40:36,2026-05-21,4,羽毛球馆-3号,18:30-19:30,1,1,已售/已满,已售,多云,19,17,3,0.0,79,32
2026-05-21 09:50:42,2026-05-21,4,羽毛球馆-3号,18:30-19:30,1,1,已售/已满,已售,多云,19,17,4,0.0,81,32
2026-05-21 10:00:46,2026-05-21,4,羽毛球馆-3号,18:30-19:30,1,1,已售/已满,已售,多云,19,17,4,0.0,79,32
2026-05-21 10:10:40,2026-05-21,4,羽毛球馆-3号,18:30-19:30,1,1,已售/已满,已售,多云,19,17,4,0.0,79,32
2026-05-21 10:20:38,2026-05-21,4,羽毛球馆-3号,18:30-19:30,1,1,已售/已满,已售,多云,19,17,4,0.0,79,32
2026-05-21 10:30:41,2026-05-21,4,羽毛球馆-3号,18:30-19:30,1,1,已售/已满,已售,多云,19,18,3,0.0,78,31
2026-05-21 11:00:44,2026-05-21,4,羽毛球馆-3号,18:30-19:30,1,1,已售/已满,已售,多云,21,17,5,0.0,74,31
2026-05-21 11:30:38,2026-05-21,4,羽毛球馆-3号,18:30-19:30,1,1,已售/已满,已售,多云,21,19,3,0.0,72,33
2026-05-21 12:00:46,2026-05-21,4,羽毛球馆-3号,18:30-19:30,1,1,已售/已满,已售,多云,22,19,4,0.0,70,33
2026-05-21 12:30:42,2026-05-21,4,羽毛球馆-3号,18:30-19:30,1,1,已售/已满,已售,多云,22,21,3,0.0,68,35
2026-05-21 13:00:43,2026-05-21,4,羽毛球馆-3号,18:30-19:30,1,1,已售/已满,已售,多云,24,22,4,0.0,66,35
2026-05-21 13:30:43,2026-05-21,4,羽毛球馆-3号,18:30-19:30,1,1,已售/已满,已售,多云,24,22,4,0.0,66,36
2026-05-21 14:00:48,2026-05-21,4,羽毛球馆-3号,18:30-19:30,1,1,已售/已满,已售,多云,25,23,4,0.0,66,36
2026-05-21 14:30:45,2026-05-21,4,羽毛球馆-3号,18:30-19:30,1,1,已售/已满,已售,晴,25,25,3,0.0,65,39
2026-05-21 15:00:45,2026-05-21,4,羽毛球馆-3号,18:30-19:30,1,1,已售/已满,已售,晴,25,22,4,0.0,56,39
2026-05-21 15:30:43,2026-05-21,4,羽毛球馆-3号,18:30-19:30,1,1,已售/已满,已售,晴,25,23,4,0.0,57,40
2026-05-21 16:00:51,2026-05-21,4,羽毛球馆-3号,18:30-19:30,1,1,已售/已满,已售,晴,25,23,4,0.0,57,40
2026-05-21 16:30:48,2026-05-21,4,羽毛球馆-3号,18:30-19:30,1,1,已售/已满,已售,晴,25,24,3,0.0,60,39
2026-05-21 17:00:49,2026-05-21,4,羽毛球馆-3号,18:30-19:30,1,1,已售/已满,已售,晴,25,24,4,0.0,61,39
2026-05-21 17:30:47,2026-05-21,4,羽毛球馆-3号,18:30-19:30,1,1,已售/已满,已售,多云,24,23,3,0.0,64,39
2026-05-21 18:00:50,2026-05-21,4,羽毛球馆-3号,18:30-19:30,1,1,已售/已满,已售,多云,24,23,3,0.0,68,39
2026-05-21 18:30:50,2026-05-21,4,羽毛球馆-3号,18:30-19:30,1,1,已售/已满,已售,阴,24,25,2,0.0,68,40
2026-05-21 19:00:50,2026-05-21,4,羽毛球馆-3号,18:30-19:30,1,1,已售/已满,已售,阴,23,23,3,0.0,76,40
2026-05-21 19:30:46,2026-05-21,4,羽毛球馆-3号,18:30-19:30,1,1,已售/已满,已售,阴,23,24,2,0.0,77,39
2026-05-21 20:00:49,2026-05-21,4,羽毛球馆-3号,18:30-19:30,1,1,已售/已满,已售,雾,22,23,2,0.0,89,39
2026-05-21 20:30:44,2026-05-21,4,羽毛球馆-3号,18:30-19:30,1,1,已售/已满,已售,雾,22,24,2,0.0,93,43
2026-05-21 21:00:56,2026-05-21,4,羽毛球馆-3号,18:30-19:30,1,1,已售/已满,已售,雾,20,21,2,0.0,98,43
2026-05-21 21:30:46,2026-05-21,4,羽毛球馆-3号,18:30-19:30,1,1,已售/已满,已售,雾,20,22,1,0.0,99,41
2026-05-21 22:01:02,2026-05-21,4,羽毛球馆-3号,18:30-19:30,1,1,已售/已满,已售,雾,19,20,2,0.0,93,41
2026-05-21 22:30:47,2026-05-21,4,羽毛球馆-3号,18:30-19:30,1,1,已售/已满,已售,雾,19,19,3,0.0,88,46
2026-05-21 23:00:56,2026-05-21,4,羽毛球馆-3号,18:30-19:30,1,1,已售/已满,已售,多云,18,17,3,0.0,85,46
2026-05-21 23:30:55,2026-05-21,4,羽毛球馆-3号,18:30-19:30,1,1,已售/已满,已售,多云,18,17,3,0.0,85,48
2026-05-21 00:30:49,2026-05-21,4,羽毛球馆-3号,19:30-20:30,1,1,已售/已满,已售,多云,15,13,3,0.0,100,26
2026-05-21 01:00:55,2026-05-21,4,羽毛球馆-3号,19:30-20:30,1,1,已售/已满,已售,多云,15,12,4,0.0,100,26
2026-05-21 01:30:47,2026-05-21,4,羽毛球馆-3号,19:30-20:30,1,1,已售/已满,已售,多云,15,13,4,0.0,100,28
2026-05-21 02:00:53,2026-05-21,4,羽毛球馆-3号,19:30-20:30,1,1,已售/已满,已售,多云,15,12,4,0.0,100,28
2026-05-21 02:30:49,2026-05-21,4,羽毛球馆-3号,19:30-20:30,1,1,已售/已满,已售,多云,15,14,3,0.0,100,29
2026-05-21 03:00:55,2026-05-21,4,羽毛球馆-3号,19:30-20:30,1,1,已售/已满,已售,多云,15,12,4,0.0,100,29
2026-05-21 03:30:49,2026-05-21,4,羽毛球馆-3号,19:30-20:30,1,1,已售/已满,已售,多云,15,14,3,0.0,100,30
2026-05-21 04:30:45,2026-05-21,4,羽毛球馆-3号,19:30-20:30,1,1,已售/已满,已售,多云,15,12,4,0.0,100,29
2026-05-21 05:00:52,2026-05-21,4,羽毛球馆-3号,19:30-20:30,1,1,已售/已满,已售,多云,15,12,4,0.0,100,29
2026-05-21 05:30:49,2026-05-21,4,羽毛球馆-3号,19:30-20:30,1,1,已售/已满,已售,多云,15,13,3,0.0,100,28
2026-05-21 06:00:50,2026-05-21,4,羽毛球馆-3号,19:30-20:30,1,1,已售/已满,已售,多云,15,13,4,0.0,99,28
2026-05-21 06:30:38,2026-05-21,4,羽毛球馆-3号,19:30-20:30,1,1,已售/已满,已售,多云,15,13,3,0.0,97,28
2026-05-21 07:00:43,2026-05-21,4,羽毛球馆-3号,19:30-20:30,1,1,已售/已满,已售,晴,15,11,5,0.0,93,28
2026-05-21 07:30:39,2026-05-21,4,羽毛球馆-3号,19:30-20:30,1,1,已售/已满,已售,晴,17,13,4,0.0,89,29
2026-05-21 07:50:40,2026-05-21,4,羽毛球馆-3号,19:30-20:30,1,1,已售/已满,已售,晴,17,13,4,0.0,88,29
2026-05-21 07:53:31,2026-05-21,4,羽毛球馆-3号,19:30-20:30,1,1,已售/已满,已售,晴,17,12,5,0.0,86,29
2026-05-21 07:56:31,2026-05-21,4,羽毛球馆-3号,19:30-20:30,1,1,已售/已满,已售,晴,17,12,5,0.0,86,29
2026-05-21 07:59:26,2026-05-21,4,羽毛球馆-3号,19:30-20:30,1,1,已售/已满,已售,晴,17,12,5,0.0,86,29
2026-05-21 08:00:45,2026-05-21,4,羽毛球馆-3号,19:30-20:30,1,1,已售/已满,已售,晴,17,12,5,0.0,86,29
2026-05-21 08:02:30,2026-05-21,4,羽毛球馆-3号,19:30-20:30,1,1,已售/已满,已售,多云,17,12,5,0.0,87,29
2026-05-21 08:05:36,2026-05-21,4,羽毛球馆-3号,19:30-20:30,1,1,已售/已满,已售,多云,17,12,5,0.0,86,29
2026-05-21 08:08:31,2026-05-21,4,羽毛球馆-3号,19:30-20:30,1,1,已售/已满,已售,多云,17,12,5,0.0,86,29
2026-05-21 08:11:30,2026-05-21,4,羽毛球馆-3号,19:30-20:30,1,1,已售/已满,已售,多云,17,12,5,0.0,86,29
2026-05-21 08:14:31,2026-05-21,4,羽毛球馆-3号,19:30-20:30,1,1,已售/已满,已售,多云,17,12,5,0.0,86,29
2026-05-21 08:17:30,2026-05-21,4,羽毛球馆-3号,19:30-20:30,1,1,已售/已满,已售,多云,17,12,5,0.0,86,29
2026-05-21 08:20:35,2026-05-21,4,羽毛球馆-3号,19:30-20:30,1,1,已售/已满,已售,多云,17,14,4,0.0,85,29
2026-05-21 08:25:32,2026-05-21,4,羽毛球馆-3号,19:30-20:30,1,1,已售/已满,已售,多云,17,14,4,0.0,85,28
2026-05-21 08:30:42,2026-05-21,4,羽毛球馆-3号,19:30-20:30,1,1,已售/已满,已售,多云,18,15,4,0.0,84,28
2026-05-21 08:35:31,2026-05-21,4,羽毛球馆-3号,19:30-20:30,1,1,已售/已满,已售,多云,18,15,4,0.0,84,28
2026-05-21 08:40:38,2026-05-21,4,羽毛球馆-3号,19:30-20:30,1,1,已售/已满,已售,多云,18,15,4,0.0,82,28
2026-05-21 08:45:33,2026-05-21,4,羽毛球馆-3号,19:30-20:30,1,1,已售/已满,已售,多云,18,15,4,0.0,82,28
2026-05-21 08:50:36,2026-05-21,4,羽毛球馆-3号,19:30-20:30,1,1,已售/已满,已售,多云,18,15,4,0.0,82,28
2026-05-21 08:55:34,2026-05-21,4,羽毛球馆-3号,19:30-20:30,1,1,已售/已满,已售,多云,18,15,4,0.0,84,28
2026-05-21 09:00:51,2026-05-21,4,羽毛球馆-3号,19:30-20:30,1,1,已售/已满,已售,多云,18,15,4,0.0,84,28
2026-05-21 09:01:59,2026-05-21,4,羽毛球馆-3号,19:30-20:30,1,1,已售/已满,已售,多云,18,15,4,0.0,83,28
2026-05-21 09:05:33,2026-05-21,4,羽毛球馆-3号,19:30-20:30,1,1,已售/已满,已售,多云,18,15,4,0.0,83,28
2026-05-21 09:20:38,2026-05-21,4,羽毛球馆-3号,19:30-20:30,1,1,已售/已满,已售,多云,18,16,3,0.0,81,28
2026-05-21 09:30:46,2026-05-21,4,羽毛球馆-3号,19:30-20:30,1,1,已售/已满,已售,多云,18,16,3,0.0,81,32
2026-05-21 09:40:36,2026-05-21,4,羽毛球馆-3号,19:30-20:30,1,1,已售/已满,已售,多云,19,17,3,0.0,79,32
2026-05-21 09:50:42,2026-05-21,4,羽毛球馆-3号,19:30-20:30,1,1,已售/已满,已售,多云,19,17,4,0.0,81,32
2026-05-21 10:00:46,2026-05-21,4,羽毛球馆-3号,19:30-20:30,1,1,已售/已满,已售,多云,19,17,4,0.0,79,32
2026-05-21 10:10:40,2026-05-21,4,羽毛球馆-3号,19:30-20:30,1,1,已售/已满,已售,多云,19,17,4,0.0,79,32
2026-05-21 10:20:38,2026-05-21,4,羽毛球馆-3号,19:30-20:30,1,1,已售/已满,已售,多云,19,17,4,0.0,79,32
2026-05-21 10:30:41,2026-05-21,4,羽毛球馆-3号,19:30-20:30,1,1,已售/已满,已售,多云,19,18,3,0.0,78,31
2026-05-21 11:00:44,2026-05-21,4,羽毛球馆-3号,19:30-20:30,1,1,已售/已满,已售,多云,21,17,5,0.0,74,31
2026-05-21 11:30:38,2026-05-21,4,羽毛球馆-3号,19:30-20:30,1,1,已售/已满,已售,多云,21,19,3,0.0,72,33
2026-05-21 12:00:46,2026-05-21,4,羽毛球馆-3号,19:30-20:30,1,1,已售/已满,已售,多云,22,19,4,0.0,70,33
2026-05-21 12:30:42,2026-05-21,4,羽毛球馆-3号,19:30-20:30,1,1,已售/已满,已售,多云,22,21,3,0.0,68,35
2026-05-21 13:00:43,2026-05-21,4,羽毛球馆-3号,19:30-20:30,1,1,已售/已满,已售,多云,24,22,4,0.0,66,35
2026-05-21 13:30:43,2026-05-21,4,羽毛球馆-3号,19:30-20:30,1,1,已售/已满,已售,多云,24,22,4,0.0,66,36
2026-05-21 14:00:48,2026-05-21,4,羽毛球馆-3号,19:30-20:30,1,1,已售/已满,已售,多云,25,23,4,0.0,66,36
2026-05-21 14:30:45,2026-05-21,4,羽毛球馆-3号,19:30-20:30,1,1,已售/已满,已售,晴,25,25,3,0.0,65,39
2026-05-21 15:00:45,2026-05-21,4,羽毛球馆-3号,19:30-20:30,1,1,已售/已满,已售,晴,25,22,4,0.0,56,39
2026-05-21 15:30:43,2026-05-21,4,羽毛球馆-3号,19:30-20:30,1,1,已售/已满,已售,晴,25,23,4,0.0,57,40
2026-05-21 16:00:51,2026-05-21,4,羽毛球馆-3号,19:30-20:30,1,1,已售/已满,已售,晴,25,23,4,0.0,57,40
2026-05-21 16:30:48,2026-05-21,4,羽毛球馆-3号,19:30-20:30,1,1,已售/已满,已售,晴,25,24,3,0.0,60,39
2026-05-21 17:00:49,2026-05-21,4,羽毛球馆-3号,19:30-20:30,1,1,已售/已满,已售,晴,25,24,4,0.0,61,39
2026-05-21 17:30:47,2026-05-21,4,羽毛球馆-3号,19:30-20:30,1,1,已售/已满,已售,多云,24,23,3,0.0,64,39
2026-05-21 18:00:50,2026-05-21,4,羽毛球馆-3号,19:30-20:30,1,1,已售/已满,已售,多云,24,23,3,0.0,68,39
2026-05-21 18:30:50,2026-05-21,4,羽毛球馆-3号,19:30-20:30,1,1,已售/已满,已售,阴,24,25,2,0.0,68,40
2026-05-21 19:00:50,2026-05-21,4,羽毛球馆-3号,19:30-20:30,1,1,已售/已满,已售,阴,23,23,3,0.0,76,40
2026-05-21 19:30:46,2026-05-21,4,羽毛球馆-3号,19:30-20:30,1,1,已售/已满,已售,阴,23,24,2,0.0,77,39
2026-05-21 20:00:49,2026-05-21,4,羽毛球馆-3号,19:30-20:30,1,1,已售/已满,已售,雾,22,23,2,0.0,89,39
2026-05-21 20:30:44,2026-05-21,4,羽毛球馆-3号,19:30-20:30,1,1,已售/已满,已售,雾,22,24,2,0.0,93,43
2026-05-21 21:00:56,2026-05-21,4,羽毛球馆-3号,19:30-20:30,1,1,已售/已满,已售,雾,20,21,2,0.0,98,43
2026-05-21 21:30:46,2026-05-21,4,羽毛球馆-3号,19:30-20:30,1,1,已售/已满,已售,雾,20,22,1,0.0,99,41
2026-05-21 22:01:02,2026-05-21,4,羽毛球馆-3号,19:30-20:30,1,1,已售/已满,已售,雾,19,20,2,0.0,93,41
2026-05-21 22:30:47,2026-05-21,4,羽毛球馆-3号,19:30-20:30,1,1,已售/已满,已售,雾,19,19,3,0.0,88,46
2026-05-21 23:00:56,2026-05-21,4,羽毛球馆-3号,19:30-20:30,1,1,已售/已满,已售,多云,18,17,3,0.0,85,46
2026-05-21 23:30:55,2026-05-21,4,羽毛球馆-3号,19:30-20:30,1,1,已售/已满,已售,多云,18,17,3,0.0,85,48
2026-05-21 00:30:49,2026-05-21,4,羽毛球馆-3号,20:30-21:30,1,1,已售/已满,已售,多云,15,13,3,0.0,100,26
2026-05-21 01:00:55,2026-05-21,4,羽毛球馆-3号,20:30-21:30,1,1,已售/已满,已售,多云,15,12,4,0.0,100,26
2026-05-21 01:30:47,2026-05-21,4,羽毛球馆-3号,20:30-21:30,1,1,已售/已满,已售,多云,15,13,4,0.0,100,28
2026-05-21 02:00:53,2026-05-21,4,羽毛球馆-3号,20:30-21:30,1,1,已售/已满,已售,多云,15,12,4,0.0,100,28
2026-05-21 02:30:49,2026-05-21,4,羽毛球馆-3号,20:30-21:30,1,1,已售/已满,已售,多云,15,14,3,0.0,100,29
2026-05-21 03:00:55,2026-05-21,4,羽毛球馆-3号,20:30-21:30,1,1,已售/已满,已售,多云,15,12,4,0.0,100,29
2026-05-21 03:30:49,2026-05-21,4,羽毛球馆-3号,20:30-21:30,1,1,已售/已满,已售,多云,15,14,3,0.0,100,30
2026-05-21 04:30:45,2026-05-21,4,羽毛球馆-3号,20:30-21:30,1,1,已售/已满,已售,多云,15,12,4,0.0,100,29
2026-05-21 05:00:52,2026-05-21,4,羽毛球馆-3号,20:30-21:30,1,1,已售/已满,已售,多云,15,12,4,0.0,100,29
2026-05-21 05:30:49,2026-05-21,4,羽毛球馆-3号,20:30-21:30,1,1,已售/已满,已售,多云,15,13,3,0.0,100,28
2026-05-21 06:00:50,2026-05-21,4,羽毛球馆-3号,20:30-21:30,1,1,已售/已满,已售,多云,15,13,4,0.0,99,28
2026-05-21 06:30:38,2026-05-21,4,羽毛球馆-3号,20:30-21:30,1,1,已售/已满,已售,多云,15,13,3,0.0,97,28
2026-05-21 07:00:43,2026-05-21,4,羽毛球馆-3号,20:30-21:30,1,1,已售/已满,已售,晴,15,11,5,0.0,93,28
2026-05-21 07:30:39,2026-05-21,4,羽毛球馆-3号,20:30-21:30,1,1,已售/已满,已售,晴,17,13,4,0.0,89,29
2026-05-21 07:50:40,2026-05-21,4,羽毛球馆-3号,20:30-21:30,1,1,已售/已满,已售,晴,17,13,4,0.0,88,29
2026-05-21 07:53:31,2026-05-21,4,羽毛球馆-3号,20:30-21:30,1,1,已售/已满,已售,晴,17,12,5,0.0,86,29
2026-05-21 07:56:31,2026-05-21,4,羽毛球馆-3号,20:30-21:30,1,1,已售/已满,已售,晴,17,12,5,0.0,86,29
2026-05-21 07:59:26,2026-05-21,4,羽毛球馆-3号,20:30-21:30,1,1,已售/已满,已售,晴,17,12,5,0.0,86,29
2026-05-21 08:00:45,2026-05-21,4,羽毛球馆-3号,20:30-21:30,0,1,可预约,￥12.0,晴,17,12,5,0.0,86,29
2026-05-21 08:02:30,2026-05-21,4,羽毛球馆-3号,20:30-21:30,0,1,可预约,￥12.0,多云,17,12,5,0.0,87,29
2026-05-21 08:05:36,2026-05-21,4,羽毛球馆-3号,20:30-21:30,0,1,可预约,￥12.0,多云,17,12,5,0.0,86,29
2026-05-21 08:08:31,2026-05-21,4,羽毛球馆-3号,20:30-21:30,0,1,可预约,￥12.0,多云,17,12,5,0.0,86,29
2026-05-21 08:11:30,2026-05-21,4,羽毛球馆-3号,20:30-21:30,0,1,可预约,￥12.0,多云,17,12,5,0.0,86,29
2026-05-21 08:14:31,2026-05-21,4,羽毛球馆-3号,20:30-21:30,0,1,可预约,￥12.0,多云,17,12,5,0.0,86,29
2026-05-21 08:17:30,2026-05-21,4,羽毛球馆-3号,20:30-21:30,0,1,可预约,￥12.0,多云,17,12,5,0.0,86,29
2026-05-21 08:20:35,2026-05-21,4,羽毛球馆-3号,20:30-21:30,0,1,可预约,￥12.0,多云,17,14,4,0.0,85,29
2026-05-21 08:25:32,2026-05-21,4,羽毛球馆-3号,20:30-21:30,1,1,已售/已满,已售,多云,17,14,4,0.0,85,28
2026-05-21 08:30:42,2026-05-21,4,羽毛球馆-3号,20:30-21:30,1,1,已售/已满,已售,多云,18,15,4,0.0,84,28
2026-05-21 08:35:31,2026-05-21,4,羽毛球馆-3号,20:30-21:30,1,1,已售/已满,已售,多云,18,15,4,0.0,84,28
2026-05-21 08:40:38,2026-05-21,4,羽毛球馆-3号,20:30-21:30,1,1,已售/已满,已售,多云,18,15,4,0.0,82,28
2026-05-21 08:45:33,2026-05-21,4,羽毛球馆-3号,20:30-21:30,1,1,已售/已满,已售,多云,18,15,4,0.0,82,28
2026-05-21 08:50:36,2026-05-21,4,羽毛球馆-3号,20:30-21:30,1,1,已售/已满,已售,多云,18,15,4,0.0,82,28
2026-05-21 08:55:34,2026-05-21,4,羽毛球馆-3号,20:30-21:30,1,1,已售/已满,已售,多云,18,15,4,0.0,84,28
2026-05-21 09:00:51,2026-05-21,4,羽毛球馆-3号,20:30-21:30,1,1,已售/已满,已售,多云,18,15,4,0.0,84,28
2026-05-21 09:01:59,2026-05-21,4,羽毛球馆-3号,20:30-21:30,1,1,已售/已满,已售,多云,18,15,4,0.0,83,28
2026-05-21 09:05:33,2026-05-21,4,羽毛球馆-3号,20:30-21:30,1,1,已售/已满,已售,多云,18,15,4,0.0,83,28
2026-05-21 09:20:38,2026-05-21,4,羽毛球馆-3号,20:30-21:30,1,1,已售/已满,已售,多云,18,16,3,0.0,81,28
2026-05-21 09:30:46,2026-05-21,4,羽毛球馆-3号,20:30-21:30,1,1,已售/已满,已售,多云,18,16,3,0.0,81,32
2026-05-21 09:40:36,2026-05-21,4,羽毛球馆-3号,20:30-21:30,1,1,已售/已满,已售,多云,19,17,3,0.0,79,32
2026-05-21 09:50:42,2026-05-21,4,羽毛球馆-3号,20:30-21:30,1,1,已售/已满,已售,多云,19,17,4,0.0,81,32
2026-05-21 10:00:46,2026-05-21,4,羽毛球馆-3号,20:30-21:30,1,1,已售/已满,已售,多云,19,17,4,0.0,79,32
2026-05-21 10:10:40,2026-05-21,4,羽毛球馆-3号,20:30-21:30,1,1,已售/已满,已售,多云,19,17,4,0.0,79,32
2026-05-21 10:20:38,2026-05-21,4,羽毛球馆-3号,20:30-21:30,1,1,已售/已满,已售,多云,19,17,4,0.0,79,32
2026-05-21 10:30:41,2026-05-21,4,羽毛球馆-3号,20:30-21:30,1,1,已售/已满,已售,多云,19,18,3,0.0,78,31
2026-05-21 11:00:44,2026-05-21,4,羽毛球馆-3号,20:30-21:30,1,1,已售/已满,已售,多云,21,17,5,0.0,74,31
2026-05-21 11:30:38,2026-05-21,4,羽毛球馆-3号,20:30-21:30,1,1,已售/已满,已售,多云,21,19,3,0.0,72,33
2026-05-21 12:00:46,2026-05-21,4,羽毛球馆-3号,20:30-21:30,1,1,未支付锁定,,多云,22,19,4,0.0,70,33
2026-05-21 12:30:42,2026-05-21,4,羽毛球馆-3号,20:30-21:30,1,1,已售/已满,已售,多云,22,21,3,0.0,68,35
2026-05-21 13:00:43,2026-05-21,4,羽毛球馆-3号,20:30-21:30,1,1,已售/已满,已售,多云,24,22,4,0.0,66,35
2026-05-21 13:30:43,2026-05-21,4,羽毛球馆-3号,20:30-21:30,1,1,已售/已满,已售,多云,24,22,4,0.0,66,36
2026-05-21 14:00:48,2026-05-21,4,羽毛球馆-3号,20:30-21:30,1,1,已售/已满,已售,多云,25,23,4,0.0,66,36
2026-05-21 14:30:45,2026-05-21,4,羽毛球馆-3号,20:30-21:30,1,1,已售/已满,已售,晴,25,25,3,0.0,65,39
2026-05-21 15:00:45,2026-05-21,4,羽毛球馆-3号,20:30-21:30,1,1,已售/已满,已售,晴,25,22,4,0.0,56,39
2026-05-21 15:30:43,2026-05-21,4,羽毛球馆-3号,20:30-21:30,1,1,已售/已满,已售,晴,25,23,4,0.0,57,40
2026-05-21 16:00:51,2026-05-21,4,羽毛球馆-3号,20:30-21:30,1,1,已售/已满,已售,晴,25,23,4,0.0,57,40
2026-05-21 16:30:48,2026-05-21,4,羽毛球馆-3号,20:30-21:30,1,1,已售/已满,已售,晴,25,24,3,0.0,60,39
2026-05-21 17:00:49,2026-05-21,4,羽毛球馆-3号,20:30-21:30,1,1,已售/已满,已售,晴,25,24,4,0.0,61,39
2026-05-21 17:30:47,2026-05-21,4,羽毛球馆-3号,20:30-21:30,1,1,已售/已满,已售,多云,24,23,3,0.0,64,39
2026-05-21 18:00:50,2026-05-21,4,羽毛球馆-3号,20:30-21:30,1,1,已售/已满,已售,多云,24,23,3,0.0,68,39
2026-05-21 18:30:50,2026-05-21,4,羽毛球馆-3号,20:30-21:30,1,1,已售/已满,已售,阴,24,25,2,0.0,68,40
2026-05-21 19:00:50,2026-05-21,4,羽毛球馆-3号,20:30-21:30,1,1,已售/已满,已售,阴,23,23,3,0.0,76,40
2026-05-21 19:30:46,2026-05-21,4,羽毛球馆-3号,20:30-21:30,1,1,已售/已满,已售,阴,23,24,2,0.0,77,39
2026-05-21 20:00:49,2026-05-21,4,羽毛球馆-3号,20:30-21:30,1,1,已售/已满,已售,雾,22,23,2,0.0,89,39
2026-05-21 20:30:44,2026-05-21,4,羽毛球馆-3号,20:30-21:30,1,1,已售/已满,已售,雾,22,24,2,0.0,93,43
2026-05-21 21:00:56,2026-05-21,4,羽毛球馆-3号,20:30-21:30,1,1,已售/已满,已售,雾,20,21,2,0.0,98,43
2026-05-21 21:30:46,2026-05-21,4,羽毛球馆-3号,20:30-21:30,1,1,已售/已满,已售,雾,20,22,1,0.0,99,41
2026-05-21 22:01:02,2026-05-21,4,羽毛球馆-3号,20:30-21:30,1,1,已售/已满,已售,雾,19,20,2,0.0,93,41
2026-05-21 22:30:47,2026-05-21,4,羽毛球馆-3号,20:30-21:30,1,1,已售/已满,已售,雾,19,19,3,0.0,88,46
2026-05-21 23:00:56,2026-05-21,4,羽毛球馆-3号,20:30-21:30,1,1,已售/已满,已售,多云,18,17,3,0.0,85,46
2026-05-21 23:30:55,2026-05-21,4,羽毛球馆-3号,20:30-21:30,1,1,已售/已满,已售,多云,18,17,3,0.0,85,48
2026-05-21 00:30:49,2026-05-21,4,羽毛球馆-4号,07:00-08:00,0,1,可预约,￥0.0,多云,15,13,3,0.0,100,26
2026-05-21 01:00:55,2026-05-21,4,羽毛球馆-4号,07:00-08:00,0,1,可预约,￥0.0,多云,15,12,4,0.0,100,26
2026-05-21 01:30:47,2026-05-21,4,羽毛球馆-4号,07:00-08:00,0,1,可预约,￥0.0,多云,15,13,4,0.0,100,28
2026-05-21 02:00:53,2026-05-21,4,羽毛球馆-4号,07:00-08:00,0,1,可预约,￥0.0,多云,15,12,4,0.0,100,28
2026-05-21 02:30:49,2026-05-21,4,羽毛球馆-4号,07:00-08:00,0,1,可预约,￥0.0,多云,15,14,3,0.0,100,29
2026-05-21 03:00:55,2026-05-21,4,羽毛球馆-4号,07:00-08:00,0,1,可预约,￥0.0,多云,15,12,4,0.0,100,29
2026-05-21 03:30:49,2026-05-21,4,羽毛球馆-4号,07:00-08:00,0,1,可预约,￥0.0,多云,15,14,3,0.0,100,30
2026-05-21 04:30:45,2026-05-21,4,羽毛球馆-4号,07:00-08:00,0,1,可预约,￥0.0,多云,15,12,4,0.0,100,29
2026-05-21 05:00:52,2026-05-21,4,羽毛球馆-4号,07:00-08:00,0,1,可预约,￥0.0,多云,15,12,4,0.0,100,29
2026-05-21 05:30:49,2026-05-21,4,羽毛球馆-4号,07:00-08:00,0,1,可预约,￥0.0,多云,15,13,3,0.0,100,28
2026-05-21 06:00:50,2026-05-21,4,羽毛球馆-4号,07:00-08:00,0,1,可预约,￥0.0,多云,15,13,4,0.0,99,28
2026-05-21 06:30:38,2026-05-21,4,羽毛球馆-4号,07:00-08:00,0,1,可预约,￥0.0,多云,15,13,3,0.0,97,28
2026-05-21 07:00:43,2026-05-21,4,羽毛球馆-4号,07:00-08:00,0,1,可预约,￥0.0,晴,15,11,5,0.0,93,28
2026-05-21 07:30:39,2026-05-21,4,羽毛球馆-4号,07:00-08:00,0,1,可预约,￥0.0,晴,17,13,4,0.0,89,29
2026-05-21 07:50:40,2026-05-21,4,羽毛球馆-4号,07:00-08:00,0,1,可预约,￥0.0,晴,17,13,4,0.0,88,29
2026-05-21 07:53:31,2026-05-21,4,羽毛球馆-4号,07:00-08:00,0,1,可预约,￥0.0,晴,17,12,5,0.0,86,29
2026-05-21 07:56:31,2026-05-21,4,羽毛球馆-4号,07:00-08:00,0,1,可预约,￥0.0,晴,17,12,5,0.0,86,29
2026-05-21 07:59:26,2026-05-21,4,羽毛球馆-4号,07:00-08:00,0,1,可预约,￥0.0,晴,17,12,5,0.0,86,29
2026-05-21 08:00:45,2026-05-21,4,羽毛球馆-4号,07:00-08:00,0,1,不开放/已过期,,晴,17,12,5,0.0,86,29
2026-05-21 08:02:30,2026-05-21,4,羽毛球馆-4号,07:00-08:00,0,1,不开放/已过期,,多云,17,12,5,0.0,87,29
2026-05-21 08:05:36,2026-05-21,4,羽毛球馆-4号,07:00-08:00,0,1,不开放/已过期,,多云,17,12,5,0.0,86,29
2026-05-21 08:08:31,2026-05-21,4,羽毛球馆-4号,07:00-08:00,0,1,不开放/已过期,,多云,17,12,5,0.0,86,29
2026-05-21 08:11:30,2026-05-21,4,羽毛球馆-4号,07:00-08:00,0,1,不开放/已过期,,多云,17,12,5,0.0,86,29
2026-05-21 08:14:31,2026-05-21,4,羽毛球馆-4号,07:00-08:00,0,1,不开放/已过期,,多云,17,12,5,0.0,86,29
2026-05-21 08:17:30,2026-05-21,4,羽毛球馆-4号,07:00-08:00,0,1,不开放/已过期,,多云,17,12,5,0.0,86,29
2026-05-21 08:20:35,2026-05-21,4,羽毛球馆-4号,07:00-08:00,0,1,不开放/已过期,,多云,17,14,4,0.0,85,29
2026-05-21 08:25:32,2026-05-21,4,羽毛球馆-4号,07:00-08:00,0,1,不开放/已过期,,多云,17,14,4,0.0,85,28
2026-05-21 08:30:42,2026-05-21,4,羽毛球馆-4号,07:00-08:00,0,1,不开放/已过期,,多云,18,15,4,0.0,84,28
2026-05-21 08:35:31,2026-05-21,4,羽毛球馆-4号,07:00-08:00,0,1,不开放/已过期,,多云,18,15,4,0.0,84,28
2026-05-21 08:40:38,2026-05-21,4,羽毛球馆-4号,07:00-08:00,0,1,不开放/已过期,,多云,18,15,4,0.0,82,28
2026-05-21 08:45:33,2026-05-21,4,羽毛球馆-4号,07:00-08:00,0,1,不开放/已过期,,多云,18,15,4,0.0,82,28
2026-05-21 08:50:36,2026-05-21,4,羽毛球馆-4号,07:00-08:00,0,1,不开放/已过期,,多云,18,15,4,0.0,82,28
2026-05-21 08:55:34,2026-05-21,4,羽毛球馆-4号,07:00-08:00,0,1,不开放/已过期,,多云,18,15,4,0.0,84,28
2026-05-21 09:00:51,2026-05-21,4,羽毛球馆-4号,07:00-08:00,0,1,不开放/已过期,,多云,18,15,4,0.0,84,28
2026-05-21 09:01:59,2026-05-21,4,羽毛球馆-4号,07:00-08:00,0,1,不开放/已过期,,多云,18,15,4,0.0,83,28
2026-05-21 09:05:33,2026-05-21,4,羽毛球馆-4号,07:00-08:00,0,1,不开放/已过期,,多云,18,15,4,0.0,83,28
2026-05-21 09:20:38,2026-05-21,4,羽毛球馆-4号,07:00-08:00,0,1,不开放/已过期,,多云,18,16,3,0.0,81,28
2026-05-21 09:30:46,2026-05-21,4,羽毛球馆-4号,07:00-08:00,0,1,不开放/已过期,,多云,18,16,3,0.0,81,32
2026-05-21 09:40:36,2026-05-21,4,羽毛球馆-4号,07:00-08:00,0,1,不开放/已过期,,多云,19,17,3,0.0,79,32
2026-05-21 09:50:42,2026-05-21,4,羽毛球馆-4号,07:00-08:00,0,1,不开放/已过期,,多云,19,17,4,0.0,81,32
2026-05-21 10:00:46,2026-05-21,4,羽毛球馆-4号,07:00-08:00,0,1,不开放/已过期,,多云,19,17,4,0.0,79,32
2026-05-21 10:10:40,2026-05-21,4,羽毛球馆-4号,07:00-08:00,0,1,不开放/已过期,,多云,19,17,4,0.0,79,32
2026-05-21 10:20:38,2026-05-21,4,羽毛球馆-4号,07:00-08:00,0,1,不开放/已过期,,多云,19,17,4,0.0,79,32
2026-05-21 10:30:41,2026-05-21,4,羽毛球馆-4号,07:00-08:00,0,1,不开放/已过期,,多云,19,18,3,0.0,78,31
2026-05-21 11:00:44,2026-05-21,4,羽毛球馆-4号,07:00-08:00,0,1,不开放/已过期,,多云,21,17,5,0.0,74,31
2026-05-21 11:30:38,2026-05-21,4,羽毛球馆-4号,07:00-08:00,0,1,不开放/已过期,,多云,21,19,3,0.0,72,33
2026-05-21 12:00:46,2026-05-21,4,羽毛球馆-4号,07:00-08:00,0,1,不开放/已过期,,多云,22,19,4,0.0,70,33
2026-05-21 12:30:42,2026-05-21,4,羽毛球馆-4号,07:00-08:00,0,1,不开放/已过期,,多云,22,21,3,0.0,68,35
2026-05-21 13:00:43,2026-05-21,4,羽毛球馆-4号,07:00-08:00,0,1,不开放/已过期,,多云,24,22,4,0.0,66,35
2026-05-21 13:30:43,2026-05-21,4,羽毛球馆-4号,07:00-08:00,0,1,不开放/已过期,,多云,24,22,4,0.0,66,36
2026-05-21 14:00:48,2026-05-21,4,羽毛球馆-4号,07:00-08:00,0,1,不开放/已过期,,多云,25,23,4,0.0,66,36
2026-05-21 14:30:45,2026-05-21,4,羽毛球馆-4号,07:00-08:00,0,1,不开放/已过期,,晴,25,25,3,0.0,65,39
2026-05-21 15:00:45,2026-05-21,4,羽毛球馆-4号,07:00-08:00,0,1,不开放/已过期,,晴,25,22,4,0.0,56,39
2026-05-21 15:30:43,2026-05-21,4,羽毛球馆-4号,07:00-08:00,0,1,不开放/已过期,,晴,25,23,4,0.0,57,40
2026-05-21 16:00:51,2026-05-21,4,羽毛球馆-4号,07:00-08:00,0,1,不开放/已过期,,晴,25,23,4,0.0,57,40
2026-05-21 16:30:48,2026-05-21,4,羽毛球馆-4号,07:00-08:00,0,1,不开放/已过期,,晴,25,24,3,0.0,60,39
2026-05-21 17:00:49,2026-05-21,4,羽毛球馆-4号,07:00-08:00,0,1,不开放/已过期,,晴,25,24,4,0.0,61,39
2026-05-21 17:30:47,2026-05-21,4,羽毛球馆-4号,07:00-08:00,0,1,不开放/已过期,,多云,24,23,3,0.0,64,39
2026-05-21 18:00:50,2026-05-21,4,羽毛球馆-4号,07:00-08:00,0,1,不开放/已过期,,多云,24,23,3,0.0,68,39
2026-05-21 18:30:50,2026-05-21,4,羽毛球馆-4号,07:00-08:00,0,1,不开放/已过期,,阴,24,25,2,0.0,68,40
2026-05-21 19:00:50,2026-05-21,4,羽毛球馆-4号,07:00-08:00,0,1,不开放/已过期,,阴,23,23,3,0.0,76,40
2026-05-21 19:30:46,2026-05-21,4,羽毛球馆-4号,07:00-08:00,0,1,不开放/已过期,,阴,23,24,2,0.0,77,39
2026-05-21 20:00:49,2026-05-21,4,羽毛球馆-4号,07:00-08:00,0,1,不开放/已过期,,雾,22,23,2,0.0,89,39
2026-05-21 20:30:44,2026-05-21,4,羽毛球馆-4号,07:00-08:00,0,1,不开放/已过期,,雾,22,24,2,0.0,93,43
2026-05-21 21:00:56,2026-05-21,4,羽毛球馆-4号,07:00-08:00,0,1,不开放/已过期,,雾,20,21,2,0.0,98,43
2026-05-21 21:30:46,2026-05-21,4,羽毛球馆-4号,07:00-08:00,0,1,不开放/已过期,,雾,20,22,1,0.0,99,41
2026-05-21 22:01:02,2026-05-21,4,羽毛球馆-4号,07:00-08:00,0,1,不开放/已过期,,雾,19,20,2,0.0,93,41
2026-05-21 22:30:47,2026-05-21,4,羽毛球馆-4号,07:00-08:00,0,1,不开放/已过期,,雾,19,19,3,0.0,88,46
2026-05-21 23:00:56,2026-05-21,4,羽毛球馆-4号,07:00-08:00,0,1,不开放/已过期,,多云,18,17,3,0.0,85,46
2026-05-21 23:30:55,2026-05-21,4,羽毛球馆-4号,07:00-08:00,0,1,不开放/已过期,,多云,18,17,3,0.0,85,48
2026-05-21 00:30:49,2026-05-21,4,羽毛球馆-4号,08:00-09:00,0,1,可预约,￥0.0,多云,15,13,3,0.0,100,26
2026-05-21 01:00:55,2026-05-21,4,羽毛球馆-4号,08:00-09:00,1,1,已售/已满,已售,多云,15,12,4,0.0,100,26
2026-05-21 01:30:47,2026-05-21,4,羽毛球馆-4号,08:00-09:00,1,1,已售/已满,已售,多云,15,13,4,0.0,100,28
2026-05-21 02:00:53,2026-05-21,4,羽毛球馆-4号,08:00-09:00,1,1,已售/已满,已售,多云,15,12,4,0.0,100,28
2026-05-21 02:30:49,2026-05-21,4,羽毛球馆-4号,08:00-09:00,1,1,已售/已满,已售,多云,15,14,3,0.0,100,29
2026-05-21 03:00:55,2026-05-21,4,羽毛球馆-4号,08:00-09:00,1,1,已售/已满,已售,多云,15,12,4,0.0,100,29
2026-05-21 03:30:49,2026-05-21,4,羽毛球馆-4号,08:00-09:00,1,1,已售/已满,已售,多云,15,14,3,0.0,100,30
2026-05-21 04:30:45,2026-05-21,4,羽毛球馆-4号,08:00-09:00,1,1,已售/已满,已售,多云,15,12,4,0.0,100,29
2026-05-21 05:00:52,2026-05-21,4,羽毛球馆-4号,08:00-09:00,1,1,已售/已满,已售,多云,15,12,4,0.0,100,29
2026-05-21 05:30:49,2026-05-21,4,羽毛球馆-4号,08:00-09:00,1,1,已售/已满,已售,多云,15,13,3,0.0,100,28
2026-05-21 06:00:50,2026-05-21,4,羽毛球馆-4号,08:00-09:00,1,1,已售/已满,已售,多云,15,13,4,0.0,99,28
2026-05-21 06:30:38,2026-05-21,4,羽毛球馆-4号,08:00-09:00,1,1,已售/已满,已售,多云,15,13,3,0.0,97,28
2026-05-21 07:00:43,2026-05-21,4,羽毛球馆-4号,08:00-09:00,1,1,已售/已满,已售,晴,15,11,5,0.0,93,28
2026-05-21 07:30:39,2026-05-21,4,羽毛球馆-4号,08:00-09:00,1,1,已售/已满,已售,晴,17,13,4,0.0,89,29
2026-05-21 07:50:40,2026-05-21,4,羽毛球馆-4号,08:00-09:00,1,1,已售/已满,已售,晴,17,13,4,0.0,88,29
2026-05-21 07:53:31,2026-05-21,4,羽毛球馆-4号,08:00-09:00,1,1,已售/已满,已售,晴,17,12,5,0.0,86,29
2026-05-21 07:56:31,2026-05-21,4,羽毛球馆-4号,08:00-09:00,1,1,已售/已满,已售,晴,17,12,5,0.0,86,29
2026-05-21 07:59:26,2026-05-21,4,羽毛球馆-4号,08:00-09:00,1,1,已售/已满,已售,晴,17,12,5,0.0,86,29
2026-05-21 08:00:45,2026-05-21,4,羽毛球馆-4号,08:00-09:00,1,1,已售/已满,已售,晴,17,12,5,0.0,86,29
2026-05-21 08:02:30,2026-05-21,4,羽毛球馆-4号,08:00-09:00,1,1,已售/已满,已售,多云,17,12,5,0.0,87,29
2026-05-21 08:05:36,2026-05-21,4,羽毛球馆-4号,08:00-09:00,1,1,已售/已满,已售,多云,17,12,5,0.0,86,29
2026-05-21 08:08:31,2026-05-21,4,羽毛球馆-4号,08:00-09:00,1,1,已售/已满,已售,多云,17,12,5,0.0,86,29
2026-05-21 08:11:30,2026-05-21,4,羽毛球馆-4号,08:00-09:00,1,1,已售/已满,已售,多云,17,12,5,0.0,86,29
2026-05-21 08:14:31,2026-05-21,4,羽毛球馆-4号,08:00-09:00,1,1,已售/已满,已售,多云,17,12,5,0.0,86,29
2026-05-21 08:17:30,2026-05-21,4,羽毛球馆-4号,08:00-09:00,1,1,已售/已满,已售,多云,17,12,5,0.0,86,29
2026-05-21 08:20:35,2026-05-21,4,羽毛球馆-4号,08:00-09:00,1,1,已售/已满,已售,多云,17,14,4,0.0,85,29
2026-05-21 08:25:32,2026-05-21,4,羽毛球馆-4号,08:00-09:00,1,1,已售/已满,已售,多云,17,14,4,0.0,85,28
2026-05-21 08:30:42,2026-05-21,4,羽毛球馆-4号,08:00-09:00,1,1,已售/已满,已售,多云,18,15,4,0.0,84,28
2026-05-21 08:35:31,2026-05-21,4,羽毛球馆-4号,08:00-09:00,1,1,已售/已满,已售,多云,18,15,4,0.0,84,28
2026-05-21 08:40:38,2026-05-21,4,羽毛球馆-4号,08:00-09:00,1,1,已售/已满,已售,多云,18,15,4,0.0,82,28
2026-05-21 08:45:33,2026-05-21,4,羽毛球馆-4号,08:00-09:00,1,1,已售/已满,已售,多云,18,15,4,0.0,82,28
2026-05-21 08:50:36,2026-05-21,4,羽毛球馆-4号,08:00-09:00,1,1,已售/已满,已售,多云,18,15,4,0.0,82,28
2026-05-21 08:55:34,2026-05-21,4,羽毛球馆-4号,08:00-09:00,1,1,已售/已满,已售,多云,18,15,4,0.0,84,28
2026-05-21 09:00:51,2026-05-21,4,羽毛球馆-4号,08:00-09:00,1,1,已售/已满,已售,多云,18,15,4,0.0,84,28
2026-05-21 09:01:59,2026-05-21,4,羽毛球馆-4号,08:00-09:00,1,1,已售/已满,已售,多云,18,15,4,0.0,83,28
2026-05-21 09:05:33,2026-05-21,4,羽毛球馆-4号,08:00-09:00,1,1,已售/已满,已售,多云,18,15,4,0.0,83,28
2026-05-21 09:20:38,2026-05-21,4,羽毛球馆-4号,08:00-09:00,1,1,已售/已满,已售,多云,18,16,3,0.0,81,28
2026-05-21 09:30:46,2026-05-21,4,羽毛球馆-4号,08:00-09:00,1,1,已售/已满,已售,多云,18,16,3,0.0,81,32
2026-05-21 09:40:36,2026-05-21,4,羽毛球馆-4号,08:00-09:00,1,1,已售/已满,已售,多云,19,17,3,0.0,79,32
2026-05-21 09:50:42,2026-05-21,4,羽毛球馆-4号,08:00-09:00,1,1,已售/已满,已售,多云,19,17,4,0.0,81,32
2026-05-21 10:00:46,2026-05-21,4,羽毛球馆-4号,08:00-09:00,1,1,已售/已满,已售,多云,19,17,4,0.0,79,32
2026-05-21 10:10:40,2026-05-21,4,羽毛球馆-4号,08:00-09:00,1,1,已售/已满,已售,多云,19,17,4,0.0,79,32
2026-05-21 10:20:38,2026-05-21,4,羽毛球馆-4号,08:00-09:00,1,1,已售/已满,已售,多云,19,17,4,0.0,79,32
2026-05-21 10:30:41,2026-05-21,4,羽毛球馆-4号,08:00-09:00,1,1,已售/已满,已售,多云,19,18,3,0.0,78,31
2026-05-21 11:00:44,2026-05-21,4,羽毛球馆-4号,08:00-09:00,1,1,已售/已满,已售,多云,21,17,5,0.0,74,31
2026-05-21 11:30:38,2026-05-21,4,羽毛球馆-4号,08:00-09:00,1,1,已售/已满,已售,多云,21,19,3,0.0,72,33
2026-05-21 12:00:46,2026-05-21,4,羽毛球馆-4号,08:00-09:00,1,1,已售/已满,已售,多云,22,19,4,0.0,70,33
2026-05-21 12:30:42,2026-05-21,4,羽毛球馆-4号,08:00-09:00,1,1,已售/已满,已售,多云,22,21,3,0.0,68,35
2026-05-21 13:00:43,2026-05-21,4,羽毛球馆-4号,08:00-09:00,1,1,已售/已满,已售,多云,24,22,4,0.0,66,35
2026-05-21 13:30:43,2026-05-21,4,羽毛球馆-4号,08:00-09:00,1,1,已售/已满,已售,多云,24,22,4,0.0,66,36
2026-05-21 14:00:48,2026-05-21,4,羽毛球馆-4号,08:00-09:00,1,1,已售/已满,已售,多云,25,23,4,0.0,66,36
2026-05-21 14:30:45,2026-05-21,4,羽毛球馆-4号,08:00-09:00,1,1,已售/已满,已售,晴,25,25,3,0.0,65,39
2026-05-21 15:00:45,2026-05-21,4,羽毛球馆-4号,08:00-09:00,1,1,已售/已满,已售,晴,25,22,4,0.0,56,39
2026-05-21 15:30:43,2026-05-21,4,羽毛球馆-4号,08:00-09:00,1,1,已售/已满,已售,晴,25,23,4,0.0,57,40
2026-05-21 16:00:51,2026-05-21,4,羽毛球馆-4号,08:00-09:00,1,1,已售/已满,已售,晴,25,23,4,0.0,57,40
2026-05-21 16:30:48,2026-05-21,4,羽毛球馆-4号,08:00-09:00,1,1,已售/已满,已售,晴,25,24,3,0.0,60,39
2026-05-21 17:00:49,2026-05-21,4,羽毛球馆-4号,08:00-09:00,1,1,已售/已满,已售,晴,25,24,4,0.0,61,39
2026-05-21 17:30:47,2026-05-21,4,羽毛球馆-4号,08:00-09:00,1,1,已售/已满,已售,多云,24,23,3,0.0,64,39
2026-05-21 18:00:50,2026-05-21,4,羽毛球馆-4号,08:00-09:00,1,1,已售/已满,已售,多云,24,23,3,0.0,68,39
2026-05-21 18:30:50,2026-05-21,4,羽毛球馆-4号,08:00-09:00,1,1,已售/已满,已售,阴,24,25,2,0.0,68,40
2026-05-21 19:00:50,2026-05-21,4,羽毛球馆-4号,08:00-09:00,1,1,已售/已满,已售,阴,23,23,3,0.0,76,40
2026-05-21 19:30:46,2026-05-21,4,羽毛球馆-4号,08:00-09:00,1,1,已售/已满,已售,阴,23,24,2,0.0,77,39
2026-05-21 20:00:49,2026-05-21,4,羽毛球馆-4号,08:00-09:00,1,1,已售/已满,已售,雾,22,23,2,0.0,89,39
2026-05-21 20:30:44,2026-05-21,4,羽毛球馆-4号,08:00-09:00,1,1,已售/已满,已售,雾,22,24,2,0.0,93,43
2026-05-21 21:00:56,2026-05-21,4,羽毛球馆-4号,08:00-09:00,1,1,已售/已满,已售,雾,20,21,2,0.0,98,43
2026-05-21 21:30:46,2026-05-21,4,羽毛球馆-4号,08:00-09:00,1,1,已售/已满,已售,雾,20,22,1,0.0,99,41
2026-05-21 22:01:02,2026-05-21,4,羽毛球馆-4号,08:00-09:00,1,1,已售/已满,已售,雾,19,20,2,0.0,93,41
2026-05-21 22:30:47,2026-05-21,4,羽毛球馆-4号,08:00-09:00,1,1,已售/已满,已售,雾,19,19,3,0.0,88,46
2026-05-21 23:00:56,2026-05-21,4,羽毛球馆-4号,08:00-09:00,1,1,已售/已满,已售,多云,18,17,3,0.0,85,46
2026-05-21 23:30:55,2026-05-21,4,羽毛球馆-4号,08:00-09:00,1,1,已售/已满,已售,多云,18,17,3,0.0,85,48
2026-05-21 00:30:49,2026-05-21,4,羽毛球馆-4号,09:00-10:00,0,1,可预约,￥12.0,多云,15,13,3,0.0,100,26
2026-05-21 01:00:55,2026-05-21,4,羽毛球馆-4号,09:00-10:00,0,1,可预约,￥12.0,多云,15,12,4,0.0,100,26
2026-05-21 01:30:47,2026-05-21,4,羽毛球馆-4号,09:00-10:00,0,1,可预约,￥12.0,多云,15,13,4,0.0,100,28
2026-05-21 02:00:53,2026-05-21,4,羽毛球馆-4号,09:00-10:00,0,1,可预约,￥12.0,多云,15,12,4,0.0,100,28
2026-05-21 02:30:49,2026-05-21,4,羽毛球馆-4号,09:00-10:00,0,1,可预约,￥12.0,多云,15,14,3,0.0,100,29
2026-05-21 03:00:55,2026-05-21,4,羽毛球馆-4号,09:00-10:00,0,1,可预约,￥12.0,多云,15,12,4,0.0,100,29
2026-05-21 03:30:49,2026-05-21,4,羽毛球馆-4号,09:00-10:00,0,1,可预约,￥12.0,多云,15,14,3,0.0,100,30
2026-05-21 04:30:45,2026-05-21,4,羽毛球馆-4号,09:00-10:00,0,1,可预约,￥12.0,多云,15,12,4,0.0,100,29
2026-05-21 05:00:52,2026-05-21,4,羽毛球馆-4号,09:00-10:00,0,1,可预约,￥12.0,多云,15,12,4,0.0,100,29
2026-05-21 05:30:49,2026-05-21,4,羽毛球馆-4号,09:00-10:00,0,1,可预约,￥12.0,多云,15,13,3,0.0,100,28
2026-05-21 06:00:50,2026-05-21,4,羽毛球馆-4号,09:00-10:00,0,1,可预约,￥12.0,多云,15,13,4,0.0,99,28
2026-05-21 06:30:38,2026-05-21,4,羽毛球馆-4号,09:00-10:00,0,1,可预约,￥12.0,多云,15,13,3,0.0,97,28
2026-05-21 07:00:43,2026-05-21,4,羽毛球馆-4号,09:00-10:00,0,1,可预约,￥12.0,晴,15,11,5,0.0,93,28
2026-05-21 07:30:39,2026-05-21,4,羽毛球馆-4号,09:00-10:00,0,1,可预约,￥12.0,晴,17,13,4,0.0,89,29
2026-05-21 07:50:40,2026-05-21,4,羽毛球馆-4号,09:00-10:00,0,1,可预约,￥12.0,晴,17,13,4,0.0,88,29
2026-05-21 07:53:31,2026-05-21,4,羽毛球馆-4号,09:00-10:00,0,1,可预约,￥12.0,晴,17,12,5,0.0,86,29
2026-05-21 07:56:31,2026-05-21,4,羽毛球馆-4号,09:00-10:00,0,1,可预约,￥12.0,晴,17,12,5,0.0,86,29
2026-05-21 07:59:26,2026-05-21,4,羽毛球馆-4号,09:00-10:00,0,1,可预约,￥12.0,晴,17,12,5,0.0,86,29
2026-05-21 08:00:45,2026-05-21,4,羽毛球馆-4号,09:00-10:00,0,1,可预约,￥12.0,晴,17,12,5,0.0,86,29
2026-05-21 08:02:30,2026-05-21,4,羽毛球馆-4号,09:00-10:00,0,1,可预约,￥12.0,多云,17,12,5,0.0,87,29
2026-05-21 08:05:36,2026-05-21,4,羽毛球馆-4号,09:00-10:00,0,1,可预约,￥12.0,多云,17,12,5,0.0,86,29
2026-05-21 08:08:31,2026-05-21,4,羽毛球馆-4号,09:00-10:00,0,1,可预约,￥12.0,多云,17,12,5,0.0,86,29
2026-05-21 08:11:30,2026-05-21,4,羽毛球馆-4号,09:00-10:00,0,1,可预约,￥12.0,多云,17,12,5,0.0,86,29
2026-05-21 08:14:31,2026-05-21,4,羽毛球馆-4号,09:00-10:00,0,1,可预约,￥12.0,多云,17,12,5,0.0,86,29
2026-05-21 08:17:30,2026-05-21,4,羽毛球馆-4号,09:00-10:00,0,1,可预约,￥12.0,多云,17,12,5,0.0,86,29
2026-05-21 08:20:35,2026-05-21,4,羽毛球馆-4号,09:00-10:00,0,1,可预约,￥12.0,多云,17,14,4,0.0,85,29
2026-05-21 08:25:32,2026-05-21,4,羽毛球馆-4号,09:00-10:00,0,1,可预约,￥12.0,多云,17,14,4,0.0,85,28
2026-05-21 08:30:42,2026-05-21,4,羽毛球馆-4号,09:00-10:00,0,1,可预约,￥12.0,多云,18,15,4,0.0,84,28
2026-05-21 08:35:31,2026-05-21,4,羽毛球馆-4号,09:00-10:00,0,1,可预约,￥12.0,多云,18,15,4,0.0,84,28
2026-05-21 08:40:38,2026-05-21,4,羽毛球馆-4号,09:00-10:00,0,1,可预约,￥12.0,多云,18,15,4,0.0,82,28
2026-05-21 08:45:33,2026-05-21,4,羽毛球馆-4号,09:00-10:00,0,1,可预约,￥12.0,多云,18,15,4,0.0,82,28
2026-05-21 08:50:36,2026-05-21,4,羽毛球馆-4号,09:00-10:00,0,1,可预约,￥12.0,多云,18,15,4,0.0,82,28
2026-05-21 08:55:34,2026-05-21,4,羽毛球馆-4号,09:00-10:00,0,1,可预约,￥12.0,多云,18,15,4,0.0,84,28
2026-05-21 09:00:51,2026-05-21,4,羽毛球馆-4号,09:00-10:00,0,1,可预约,￥12.0,多云,18,15,4,0.0,84,28
2026-05-21 09:01:59,2026-05-21,4,羽毛球馆-4号,09:00-10:00,0,1,可预约,￥12.0,多云,18,15,4,0.0,83,28
2026-05-21 09:05:33,2026-05-21,4,羽毛球馆-4号,09:00-10:00,0,1,可预约,￥12.0,多云,18,15,4,0.0,83,28
2026-05-21 09:20:38,2026-05-21,4,羽毛球馆-4号,09:00-10:00,0,1,可预约,￥12.0,多云,18,16,3,0.0,81,28
2026-05-21 09:30:46,2026-05-21,4,羽毛球馆-4号,09:00-10:00,0,1,可预约,￥12.0,多云,18,16,3,0.0,81,32
2026-05-21 09:40:36,2026-05-21,4,羽毛球馆-4号,09:00-10:00,0,1,可预约,￥12.0,多云,19,17,3,0.0,79,32
2026-05-21 09:50:42,2026-05-21,4,羽毛球馆-4号,09:00-10:00,0,1,可预约,￥12.0,多云,19,17,4,0.0,81,32
2026-05-21 10:00:46,2026-05-21,4,羽毛球馆-4号,09:00-10:00,0,1,不开放/已过期,,多云,19,17,4,0.0,79,32
2026-05-21 10:10:40,2026-05-21,4,羽毛球馆-4号,09:00-10:00,0,1,不开放/已过期,,多云,19,17,4,0.0,79,32
2026-05-21 10:20:38,2026-05-21,4,羽毛球馆-4号,09:00-10:00,0,1,不开放/已过期,,多云,19,17,4,0.0,79,32
2026-05-21 10:30:41,2026-05-21,4,羽毛球馆-4号,09:00-10:00,0,1,不开放/已过期,,多云,19,18,3,0.0,78,31
2026-05-21 11:00:44,2026-05-21,4,羽毛球馆-4号,09:00-10:00,0,1,不开放/已过期,,多云,21,17,5,0.0,74,31
2026-05-21 11:30:38,2026-05-21,4,羽毛球馆-4号,09:00-10:00,0,1,不开放/已过期,,多云,21,19,3,0.0,72,33
2026-05-21 12:00:46,2026-05-21,4,羽毛球馆-4号,09:00-10:00,0,1,不开放/已过期,,多云,22,19,4,0.0,70,33
2026-05-21 12:30:42,2026-05-21,4,羽毛球馆-4号,09:00-10:00,0,1,不开放/已过期,,多云,22,21,3,0.0,68,35
2026-05-21 13:00:43,2026-05-21,4,羽毛球馆-4号,09:00-10:00,0,1,不开放/已过期,,多云,24,22,4,0.0,66,35
2026-05-21 13:30:43,2026-05-21,4,羽毛球馆-4号,09:00-10:00,0,1,不开放/已过期,,多云,24,22,4,0.0,66,36
2026-05-21 14:00:48,2026-05-21,4,羽毛球馆-4号,09:00-10:00,0,1,不开放/已过期,,多云,25,23,4,0.0,66,36
2026-05-21 14:30:45,2026-05-21,4,羽毛球馆-4号,09:00-10:00,0,1,不开放/已过期,,晴,25,25,3,0.0,65,39
2026-05-21 15:00:45,2026-05-21,4,羽毛球馆-4号,09:00-10:00,0,1,不开放/已过期,,晴,25,22,4,0.0,56,39
2026-05-21 15:30:43,2026-05-21,4,羽毛球馆-4号,09:00-10:00,0,1,不开放/已过期,,晴,25,23,4,0.0,57,40
2026-05-21 16:00:51,2026-05-21,4,羽毛球馆-4号,09:00-10:00,0,1,不开放/已过期,,晴,25,23,4,0.0,57,40
2026-05-21 16:30:48,2026-05-21,4,羽毛球馆-4号,09:00-10:00,0,1,不开放/已过期,,晴,25,24,3,0.0,60,39
2026-05-21 17:00:49,2026-05-21,4,羽毛球馆-4号,09:00-10:00,0,1,不开放/已过期,,晴,25,24,4,0.0,61,39
2026-05-21 17:30:47,2026-05-21,4,羽毛球馆-4号,09:00-10:00,0,1,不开放/已过期,,多云,24,23,3,0.0,64,39
2026-05-21 18:00:50,2026-05-21,4,羽毛球馆-4号,09:00-10:00,0,1,不开放/已过期,,多云,24,23,3,0.0,68,39
2026-05-21 18:30:50,2026-05-21,4,羽毛球馆-4号,09:00-10:00,0,1,不开放/已过期,,阴,24,25,2,0.0,68,40
2026-05-21 19:00:50,2026-05-21,4,羽毛球馆-4号,09:00-10:00,0,1,不开放/已过期,,阴,23,23,3,0.0,76,40
2026-05-21 19:30:46,2026-05-21,4,羽毛球馆-4号,09:00-10:00,0,1,不开放/已过期,,阴,23,24,2,0.0,77,39
2026-05-21 20:00:49,2026-05-21,4,羽毛球馆-4号,09:00-10:00,0,1,不开放/已过期,,雾,22,23,2,0.0,89,39
2026-05-21 20:30:44,2026-05-21,4,羽毛球馆-4号,09:00-10:00,0,1,不开放/已过期,,雾,22,24,2,0.0,93,43
2026-05-21 21:00:56,2026-05-21,4,羽毛球馆-4号,09:00-10:00,0,1,不开放/已过期,,雾,20,21,2,0.0,98,43
2026-05-21 21:30:46,2026-05-21,4,羽毛球馆-4号,09:00-10:00,0,1,不开放/已过期,,雾,20,22,1,0.0,99,41
2026-05-21 22:01:02,2026-05-21,4,羽毛球馆-4号,09:00-10:00,0,1,不开放/已过期,,雾,19,20,2,0.0,93,41
2026-05-21 22:30:47,2026-05-21,4,羽毛球馆-4号,09:00-10:00,0,1,不开放/已过期,,雾,19,19,3,0.0,88,46
2026-05-21 23:00:56,2026-05-21,4,羽毛球馆-4号,09:00-10:00,0,1,不开放/已过期,,多云,18,17,3,0.0,85,46
2026-05-21 23:30:55,2026-05-21,4,羽毛球馆-4号,09:00-10:00,0,1,不开放/已过期,,多云,18,17,3,0.0,85,48
2026-05-21 00:30:49,2026-05-21,4,羽毛球馆-4号,10:00-11:00,1,1,已售/已满,教学时间,多云,15,13,3,0.0,100,26
2026-05-21 01:00:55,2026-05-21,4,羽毛球馆-4号,10:00-11:00,1,1,已售/已满,教学时间,多云,15,12,4,0.0,100,26
2026-05-21 01:30:47,2026-05-21,4,羽毛球馆-4号,10:00-11:00,1,1,已售/已满,教学时间,多云,15,13,4,0.0,100,28
2026-05-21 02:00:53,2026-05-21,4,羽毛球馆-4号,10:00-11:00,1,1,已售/已满,教学时间,多云,15,12,4,0.0,100,28
2026-05-21 02:30:49,2026-05-21,4,羽毛球馆-4号,10:00-11:00,1,1,已售/已满,教学时间,多云,15,14,3,0.0,100,29
2026-05-21 03:00:55,2026-05-21,4,羽毛球馆-4号,10:00-11:00,1,1,已售/已满,教学时间,多云,15,12,4,0.0,100,29
2026-05-21 03:30:49,2026-05-21,4,羽毛球馆-4号,10:00-11:00,1,1,已售/已满,教学时间,多云,15,14,3,0.0,100,30
2026-05-21 04:30:45,2026-05-21,4,羽毛球馆-4号,10:00-11:00,1,1,已售/已满,教学时间,多云,15,12,4,0.0,100,29
2026-05-21 05:00:52,2026-05-21,4,羽毛球馆-4号,10:00-11:00,1,1,已售/已满,教学时间,多云,15,12,4,0.0,100,29
2026-05-21 05:30:49,2026-05-21,4,羽毛球馆-4号,10:00-11:00,1,1,已售/已满,教学时间,多云,15,13,3,0.0,100,28
2026-05-21 06:00:50,2026-05-21,4,羽毛球馆-4号,10:00-11:00,1,1,已售/已满,教学时间,多云,15,13,4,0.0,99,28
2026-05-21 06:30:38,2026-05-21,4,羽毛球馆-4号,10:00-11:00,1,1,已售/已满,教学时间,多云,15,13,3,0.0,97,28
2026-05-21 07:00:43,2026-05-21,4,羽毛球馆-4号,10:00-11:00,1,1,已售/已满,教学时间,晴,15,11,5,0.0,93,28
2026-05-21 07:30:39,2026-05-21,4,羽毛球馆-4号,10:00-11:00,1,1,已售/已满,教学时间,晴,17,13,4,0.0,89,29
2026-05-21 07:50:40,2026-05-21,4,羽毛球馆-4号,10:00-11:00,1,1,已售/已满,教学时间,晴,17,13,4,0.0,88,29
2026-05-21 07:53:31,2026-05-21,4,羽毛球馆-4号,10:00-11:00,1,1,已售/已满,教学时间,晴,17,12,5,0.0,86,29
2026-05-21 07:56:31,2026-05-21,4,羽毛球馆-4号,10:00-11:00,1,1,已售/已满,教学时间,晴,17,12,5,0.0,86,29
2026-05-21 07:59:26,2026-05-21,4,羽毛球馆-4号,10:00-11:00,1,1,已售/已满,教学时间,晴,17,12,5,0.0,86,29
2026-05-21 08:00:45,2026-05-21,4,羽毛球馆-4号,10:00-11:00,1,1,已售/已满,教学时间,晴,17,12,5,0.0,86,29
2026-05-21 08:02:30,2026-05-21,4,羽毛球馆-4号,10:00-11:00,1,1,已售/已满,教学时间,多云,17,12,5,0.0,87,29
2026-05-21 08:05:36,2026-05-21,4,羽毛球馆-4号,10:00-11:00,1,1,已售/已满,教学时间,多云,17,12,5,0.0,86,29
2026-05-21 08:08:31,2026-05-21,4,羽毛球馆-4号,10:00-11:00,1,1,已售/已满,教学时间,多云,17,12,5,0.0,86,29
2026-05-21 08:11:30,2026-05-21,4,羽毛球馆-4号,10:00-11:00,1,1,已售/已满,教学时间,多云,17,12,5,0.0,86,29
2026-05-21 08:14:31,2026-05-21,4,羽毛球馆-4号,10:00-11:00,1,1,已售/已满,教学时间,多云,17,12,5,0.0,86,29
2026-05-21 08:17:30,2026-05-21,4,羽毛球馆-4号,10:00-11:00,1,1,已售/已满,教学时间,多云,17,12,5,0.0,86,29
2026-05-21 08:20:35,2026-05-21,4,羽毛球馆-4号,10:00-11:00,1,1,已售/已满,教学时间,多云,17,14,4,0.0,85,29
2026-05-21 08:25:32,2026-05-21,4,羽毛球馆-4号,10:00-11:00,1,1,已售/已满,教学时间,多云,17,14,4,0.0,85,28
2026-05-21 08:30:42,2026-05-21,4,羽毛球馆-4号,10:00-11:00,1,1,已售/已满,教学时间,多云,18,15,4,0.0,84,28
2026-05-21 08:35:31,2026-05-21,4,羽毛球馆-4号,10:00-11:00,1,1,已售/已满,教学时间,多云,18,15,4,0.0,84,28
2026-05-21 08:40:38,2026-05-21,4,羽毛球馆-4号,10:00-11:00,1,1,已售/已满,教学时间,多云,18,15,4,0.0,82,28
2026-05-21 08:45:33,2026-05-21,4,羽毛球馆-4号,10:00-11:00,1,1,已售/已满,教学时间,多云,18,15,4,0.0,82,28
2026-05-21 08:50:36,2026-05-21,4,羽毛球馆-4号,10:00-11:00,1,1,已售/已满,教学时间,多云,18,15,4,0.0,82,28
2026-05-21 08:55:34,2026-05-21,4,羽毛球馆-4号,10:00-11:00,1,1,已售/已满,教学时间,多云,18,15,4,0.0,84,28
2026-05-21 09:00:51,2026-05-21,4,羽毛球馆-4号,10:00-11:00,1,1,已售/已满,教学时间,多云,18,15,4,0.0,84,28
2026-05-21 09:01:59,2026-05-21,4,羽毛球馆-4号,10:00-11:00,1,1,已售/已满,教学时间,多云,18,15,4,0.0,83,28
2026-05-21 09:05:33,2026-05-21,4,羽毛球馆-4号,10:00-11:00,1,1,已售/已满,教学时间,多云,18,15,4,0.0,83,28
2026-05-21 09:20:38,2026-05-21,4,羽毛球馆-4号,10:00-11:00,1,1,已售/已满,教学时间,多云,18,16,3,0.0,81,28
2026-05-21 09:30:46,2026-05-21,4,羽毛球馆-4号,10:00-11:00,1,1,已售/已满,教学时间,多云,18,16,3,0.0,81,32
2026-05-21 09:40:36,2026-05-21,4,羽毛球馆-4号,10:00-11:00,1,1,已售/已满,教学时间,多云,19,17,3,0.0,79,32
2026-05-21 09:50:42,2026-05-21,4,羽毛球馆-4号,10:00-11:00,1,1,已售/已满,教学时间,多云,19,17,4,0.0,81,32
2026-05-21 10:00:46,2026-05-21,4,羽毛球馆-4号,10:00-11:00,1,1,已售/已满,教学时间,多云,19,17,4,0.0,79,32
2026-05-21 10:10:40,2026-05-21,4,羽毛球馆-4号,10:00-11:00,1,1,已售/已满,教学时间,多云,19,17,4,0.0,79,32
2026-05-21 10:20:38,2026-05-21,4,羽毛球馆-4号,10:00-11:00,1,1,已售/已满,教学时间,多云,19,17,4,0.0,79,32
2026-05-21 10:30:41,2026-05-21,4,羽毛球馆-4号,10:00-11:00,1,1,已售/已满,教学时间,多云,19,18,3,0.0,78,31
2026-05-21 11:00:44,2026-05-21,4,羽毛球馆-4号,10:00-11:00,1,1,已售/已满,教学时间,多云,21,17,5,0.0,74,31
2026-05-21 11:30:38,2026-05-21,4,羽毛球馆-4号,10:00-11:00,1,1,已售/已满,教学时间,多云,21,19,3,0.0,72,33
2026-05-21 12:00:46,2026-05-21,4,羽毛球馆-4号,10:00-11:00,1,1,已售/已满,教学时间,多云,22,19,4,0.0,70,33
2026-05-21 12:30:42,2026-05-21,4,羽毛球馆-4号,10:00-11:00,1,1,已售/已满,教学时间,多云,22,21,3,0.0,68,35
2026-05-21 13:00:43,2026-05-21,4,羽毛球馆-4号,10:00-11:00,1,1,已售/已满,教学时间,多云,24,22,4,0.0,66,35
2026-05-21 13:30:43,2026-05-21,4,羽毛球馆-4号,10:00-11:00,1,1,已售/已满,教学时间,多云,24,22,4,0.0,66,36
2026-05-21 14:00:48,2026-05-21,4,羽毛球馆-4号,10:00-11:00,1,1,已售/已满,教学时间,多云,25,23,4,0.0,66,36
2026-05-21 14:30:45,2026-05-21,4,羽毛球馆-4号,10:00-11:00,1,1,已售/已满,教学时间,晴,25,25,3,0.0,65,39
2026-05-21 15:00:45,2026-05-21,4,羽毛球馆-4号,10:00-11:00,1,1,已售/已满,教学时间,晴,25,22,4,0.0,56,39
2026-05-21 15:30:43,2026-05-21,4,羽毛球馆-4号,10:00-11:00,1,1,已售/已满,教学时间,晴,25,23,4,0.0,57,40
2026-05-21 16:00:51,2026-05-21,4,羽毛球馆-4号,10:00-11:00,1,1,已售/已满,教学时间,晴,25,23,4,0.0,57,40
2026-05-21 16:30:48,2026-05-21,4,羽毛球馆-4号,10:00-11:00,1,1,已售/已满,教学时间,晴,25,24,3,0.0,60,39
2026-05-21 17:00:49,2026-05-21,4,羽毛球馆-4号,10:00-11:00,1,1,已售/已满,教学时间,晴,25,24,4,0.0,61,39
2026-05-21 17:30:47,2026-05-21,4,羽毛球馆-4号,10:00-11:00,1,1,已售/已满,教学时间,多云,24,23,3,0.0,64,39
2026-05-21 18:00:50,2026-05-21,4,羽毛球馆-4号,10:00-11:00,1,1,已售/已满,教学时间,多云,24,23,3,0.0,68,39
2026-05-21 18:30:50,2026-05-21,4,羽毛球馆-4号,10:00-11:00,1,1,已售/已满,教学时间,阴,24,25,2,0.0,68,40
2026-05-21 19:00:50,2026-05-21,4,羽毛球馆-4号,10:00-11:00,1,1,已售/已满,教学时间,阴,23,23,3,0.0,76,40
2026-05-21 19:30:46,2026-05-21,4,羽毛球馆-4号,10:00-11:00,1,1,已售/已满,教学时间,阴,23,24,2,0.0,77,39
2026-05-21 20:00:49,2026-05-21,4,羽毛球馆-4号,10:00-11:00,1,1,已售/已满,教学时间,雾,22,23,2,0.0,89,39
2026-05-21 20:30:44,2026-05-21,4,羽毛球馆-4号,10:00-11:00,1,1,已售/已满,教学时间,雾,22,24,2,0.0,93,43
2026-05-21 21:00:56,2026-05-21,4,羽毛球馆-4号,10:00-11:00,1,1,已售/已满,教学时间,雾,20,21,2,0.0,98,43
2026-05-21 21:30:46,2026-05-21,4,羽毛球馆-4号,10:00-11:00,1,1,已售/已满,教学时间,雾,20,22,1,0.0,99,41
2026-05-21 22:01:02,2026-05-21,4,羽毛球馆-4号,10:00-11:00,1,1,已售/已满,教学时间,雾,19,20,2,0.0,93,41
2026-05-21 22:30:47,2026-05-21,4,羽毛球馆-4号,10:00-11:00,1,1,已售/已满,教学时间,雾,19,19,3,0.0,88,46
2026-05-21 23:00:56,2026-05-21,4,羽毛球馆-4号,10:00-11:00,1,1,已售/已满,教学时间,多云,18,17,3,0.0,85,46
2026-05-21 23:30:55,2026-05-21,4,羽毛球馆-4号,10:00-11:00,1,1,已售/已满,教学时间,多云,18,17,3,0.0,85,48
2026-05-21 00:30:49,2026-05-21,4,羽毛球馆-4号,11:00-12:00,1,1,已售/已满,教学时间,多云,15,13,3,0.0,100,26
2026-05-21 01:00:55,2026-05-21,4,羽毛球馆-4号,11:00-12:00,1,1,已售/已满,教学时间,多云,15,12,4,0.0,100,26
2026-05-21 01:30:47,2026-05-21,4,羽毛球馆-4号,11:00-12:00,1,1,已售/已满,教学时间,多云,15,13,4,0.0,100,28
2026-05-21 02:00:53,2026-05-21,4,羽毛球馆-4号,11:00-12:00,1,1,已售/已满,教学时间,多云,15,12,4,0.0,100,28
2026-05-21 02:30:49,2026-05-21,4,羽毛球馆-4号,11:00-12:00,1,1,已售/已满,教学时间,多云,15,14,3,0.0,100,29
2026-05-21 03:00:55,2026-05-21,4,羽毛球馆-4号,11:00-12:00,1,1,已售/已满,教学时间,多云,15,12,4,0.0,100,29
2026-05-21 03:30:49,2026-05-21,4,羽毛球馆-4号,11:00-12:00,1,1,已售/已满,教学时间,多云,15,14,3,0.0,100,30
2026-05-21 04:30:45,2026-05-21,4,羽毛球馆-4号,11:00-12:00,1,1,已售/已满,教学时间,多云,15,12,4,0.0,100,29
2026-05-21 05:00:52,2026-05-21,4,羽毛球馆-4号,11:00-12:00,1,1,已售/已满,教学时间,多云,15,12,4,0.0,100,29
2026-05-21 05:30:49,2026-05-21,4,羽毛球馆-4号,11:00-12:00,1,1,已售/已满,教学时间,多云,15,13,3,0.0,100,28
2026-05-21 06:00:50,2026-05-21,4,羽毛球馆-4号,11:00-12:00,1,1,已售/已满,教学时间,多云,15,13,4,0.0,99,28
2026-05-21 06:30:38,2026-05-21,4,羽毛球馆-4号,11:00-12:00,1,1,已售/已满,教学时间,多云,15,13,3,0.0,97,28
2026-05-21 07:00:43,2026-05-21,4,羽毛球馆-4号,11:00-12:00,1,1,已售/已满,教学时间,晴,15,11,5,0.0,93,28
2026-05-21 07:30:39,2026-05-21,4,羽毛球馆-4号,11:00-12:00,1,1,已售/已满,教学时间,晴,17,13,4,0.0,89,29
2026-05-21 07:50:40,2026-05-21,4,羽毛球馆-4号,11:00-12:00,1,1,已售/已满,教学时间,晴,17,13,4,0.0,88,29
2026-05-21 07:53:31,2026-05-21,4,羽毛球馆-4号,11:00-12:00,1,1,已售/已满,教学时间,晴,17,12,5,0.0,86,29
2026-05-21 07:56:31,2026-05-21,4,羽毛球馆-4号,11:00-12:00,1,1,已售/已满,教学时间,晴,17,12,5,0.0,86,29
2026-05-21 07:59:26,2026-05-21,4,羽毛球馆-4号,11:00-12:00,1,1,已售/已满,教学时间,晴,17,12,5,0.0,86,29
2026-05-21 08:00:45,2026-05-21,4,羽毛球馆-4号,11:00-12:00,1,1,已售/已满,教学时间,晴,17,12,5,0.0,86,29
2026-05-21 08:02:30,2026-05-21,4,羽毛球馆-4号,11:00-12:00,1,1,已售/已满,教学时间,多云,17,12,5,0.0,87,29
2026-05-21 08:05:36,2026-05-21,4,羽毛球馆-4号,11:00-12:00,1,1,已售/已满,教学时间,多云,17,12,5,0.0,86,29
2026-05-21 08:08:31,2026-05-21,4,羽毛球馆-4号,11:00-12:00,1,1,已售/已满,教学时间,多云,17,12,5,0.0,86,29
2026-05-21 08:11:30,2026-05-21,4,羽毛球馆-4号,11:00-12:00,1,1,已售/已满,教学时间,多云,17,12,5,0.0,86,29
2026-05-21 08:14:31,2026-05-21,4,羽毛球馆-4号,11:00-12:00,1,1,已售/已满,教学时间,多云,17,12,5,0.0,86,29
2026-05-21 08:17:30,2026-05-21,4,羽毛球馆-4号,11:00-12:00,1,1,已售/已满,教学时间,多云,17,12,5,0.0,86,29
2026-05-21 08:20:35,2026-05-21,4,羽毛球馆-4号,11:00-12:00,1,1,已售/已满,教学时间,多云,17,14,4,0.0,85,29
2026-05-21 08:25:32,2026-05-21,4,羽毛球馆-4号,11:00-12:00,1,1,已售/已满,教学时间,多云,17,14,4,0.0,85,28
2026-05-21 08:30:42,2026-05-21,4,羽毛球馆-4号,11:00-12:00,1,1,已售/已满,教学时间,多云,18,15,4,0.0,84,28
2026-05-21 08:35:31,2026-05-21,4,羽毛球馆-4号,11:00-12:00,1,1,已售/已满,教学时间,多云,18,15,4,0.0,84,28
2026-05-21 08:40:38,2026-05-21,4,羽毛球馆-4号,11:00-12:00,1,1,已售/已满,教学时间,多云,18,15,4,0.0,82,28
2026-05-21 08:45:33,2026-05-21,4,羽毛球馆-4号,11:00-12:00,1,1,已售/已满,教学时间,多云,18,15,4,0.0,82,28
2026-05-21 08:50:36,2026-05-21,4,羽毛球馆-4号,11:00-12:00,1,1,已售/已满,教学时间,多云,18,15,4,0.0,82,28
2026-05-21 08:55:34,2026-05-21,4,羽毛球馆-4号,11:00-12:00,1,1,已售/已满,教学时间,多云,18,15,4,0.0,84,28
2026-05-21 09:00:51,2026-05-21,4,羽毛球馆-4号,11:00-12:00,1,1,已售/已满,教学时间,多云,18,15,4,0.0,84,28
2026-05-21 09:01:59,2026-05-21,4,羽毛球馆-4号,11:00-12:00,1,1,已售/已满,教学时间,多云,18,15,4,0.0,83,28
2026-05-21 09:05:33,2026-05-21,4,羽毛球馆-4号,11:00-12:00,1,1,已售/已满,教学时间,多云,18,15,4,0.0,83,28
2026-05-21 09:20:38,2026-05-21,4,羽毛球馆-4号,11:00-12:00,1,1,已售/已满,教学时间,多云,18,16,3,0.0,81,28
2026-05-21 09:30:46,2026-05-21,4,羽毛球馆-4号,11:00-12:00,1,1,已售/已满,教学时间,多云,18,16,3,0.0,81,32
2026-05-21 09:40:36,2026-05-21,4,羽毛球馆-4号,11:00-12:00,1,1,已售/已满,教学时间,多云,19,17,3,0.0,79,32
2026-05-21 09:50:42,2026-05-21,4,羽毛球馆-4号,11:00-12:00,1,1,已售/已满,教学时间,多云,19,17,4,0.0,81,32
2026-05-21 10:00:46,2026-05-21,4,羽毛球馆-4号,11:00-12:00,1,1,已售/已满,教学时间,多云,19,17,4,0.0,79,32
2026-05-21 10:10:40,2026-05-21,4,羽毛球馆-4号,11:00-12:00,1,1,已售/已满,教学时间,多云,19,17,4,0.0,79,32
2026-05-21 10:20:38,2026-05-21,4,羽毛球馆-4号,11:00-12:00,1,1,已售/已满,教学时间,多云,19,17,4,0.0,79,32
2026-05-21 10:30:41,2026-05-21,4,羽毛球馆-4号,11:00-12:00,1,1,已售/已满,教学时间,多云,19,18,3,0.0,78,31
2026-05-21 11:00:44,2026-05-21,4,羽毛球馆-4号,11:00-12:00,1,1,已售/已满,教学时间,多云,21,17,5,0.0,74,31
2026-05-21 11:30:38,2026-05-21,4,羽毛球馆-4号,11:00-12:00,1,1,已售/已满,教学时间,多云,21,19,3,0.0,72,33
2026-05-21 12:00:46,2026-05-21,4,羽毛球馆-4号,11:00-12:00,1,1,已售/已满,教学时间,多云,22,19,4,0.0,70,33
2026-05-21 12:30:42,2026-05-21,4,羽毛球馆-4号,11:00-12:00,1,1,已售/已满,教学时间,多云,22,21,3,0.0,68,35
2026-05-21 13:00:43,2026-05-21,4,羽毛球馆-4号,11:00-12:00,1,1,已售/已满,教学时间,多云,24,22,4,0.0,66,35
2026-05-21 13:30:43,2026-05-21,4,羽毛球馆-4号,11:00-12:00,1,1,已售/已满,教学时间,多云,24,22,4,0.0,66,36
2026-05-21 14:00:48,2026-05-21,4,羽毛球馆-4号,11:00-12:00,1,1,已售/已满,教学时间,多云,25,23,4,0.0,66,36
2026-05-21 14:30:45,2026-05-21,4,羽毛球馆-4号,11:00-12:00,1,1,已售/已满,教学时间,晴,25,25,3,0.0,65,39
2026-05-21 15:00:45,2026-05-21,4,羽毛球馆-4号,11:00-12:00,1,1,已售/已满,教学时间,晴,25,22,4,0.0,56,39
2026-05-21 15:30:43,2026-05-21,4,羽毛球馆-4号,11:00-12:00,1,1,已售/已满,教学时间,晴,25,23,4,0.0,57,40
2026-05-21 16:00:51,2026-05-21,4,羽毛球馆-4号,11:00-12:00,1,1,已售/已满,教学时间,晴,25,23,4,0.0,57,40
2026-05-21 16:30:48,2026-05-21,4,羽毛球馆-4号,11:00-12:00,1,1,已售/已满,教学时间,晴,25,24,3,0.0,60,39
2026-05-21 17:00:49,2026-05-21,4,羽毛球馆-4号,11:00-12:00,1,1,已售/已满,教学时间,晴,25,24,4,0.0,61,39
2026-05-21 17:30:47,2026-05-21,4,羽毛球馆-4号,11:00-12:00,1,1,已售/已满,教学时间,多云,24,23,3,0.0,64,39
2026-05-21 18:00:50,2026-05-21,4,羽毛球馆-4号,11:00-12:00,1,1,已售/已满,教学时间,多云,24,23,3,0.0,68,39
2026-05-21 18:30:50,2026-05-21,4,羽毛球馆-4号,11:00-12:00,1,1,已售/已满,教学时间,阴,24,25,2,0.0,68,40
2026-05-21 19:00:50,2026-05-21,4,羽毛球馆-4号,11:00-12:00,1,1,已售/已满,教学时间,阴,23,23,3,0.0,76,40
2026-05-21 19:30:46,2026-05-21,4,羽毛球馆-4号,11:00-12:00,1,1,已售/已满,教学时间,阴,23,24,2,0.0,77,39
2026-05-21 20:00:49,2026-05-21,4,羽毛球馆-4号,11:00-12:00,1,1,已售/已满,教学时间,雾,22,23,2,0.0,89,39
2026-05-21 20:30:44,2026-05-21,4,羽毛球馆-4号,11:00-12:00,1,1,已售/已满,教学时间,雾,22,24,2,0.0,93,43
2026-05-21 21:00:56,2026-05-21,4,羽毛球馆-4号,11:00-12:00,1,1,已售/已满,教学时间,雾,20,21,2,0.0,98,43
2026-05-21 21:30:46,2026-05-21,4,羽毛球馆-4号,11:00-12:00,1,1,已售/已满,教学时间,雾,20,22,1,0.0,99,41
2026-05-21 22:01:02,2026-05-21,4,羽毛球馆-4号,11:00-12:00,1,1,已售/已满,教学时间,雾,19,20,2,0.0,93,41
2026-05-21 22:30:47,2026-05-21,4,羽毛球馆-4号,11:00-12:00,1,1,已售/已满,教学时间,雾,19,19,3,0.0,88,46
2026-05-21 23:00:56,2026-05-21,4,羽毛球馆-4号,11:00-12:00,1,1,已售/已满,教学时间,多云,18,17,3,0.0,85,46
2026-05-21 23:30:55,2026-05-21,4,羽毛球馆-4号,11:00-12:00,1,1,已售/已满,教学时间,多云,18,17,3,0.0,85,48
2026-05-21 00:30:49,2026-05-21,4,羽毛球馆-4号,12:00-12:55,1,1,已售/已满,已售,多云,15,13,3,0.0,100,26
2026-05-21 01:00:55,2026-05-21,4,羽毛球馆-4号,12:00-12:55,1,1,已售/已满,已售,多云,15,12,4,0.0,100,26
2026-05-21 01:30:47,2026-05-21,4,羽毛球馆-4号,12:00-12:55,1,1,已售/已满,已售,多云,15,13,4,0.0,100,28
2026-05-21 02:00:53,2026-05-21,4,羽毛球馆-4号,12:00-12:55,1,1,已售/已满,已售,多云,15,12,4,0.0,100,28
2026-05-21 02:30:49,2026-05-21,4,羽毛球馆-4号,12:00-12:55,1,1,已售/已满,已售,多云,15,14,3,0.0,100,29
2026-05-21 03:00:55,2026-05-21,4,羽毛球馆-4号,12:00-12:55,1,1,已售/已满,已售,多云,15,12,4,0.0,100,29
2026-05-21 03:30:49,2026-05-21,4,羽毛球馆-4号,12:00-12:55,1,1,已售/已满,已售,多云,15,14,3,0.0,100,30
2026-05-21 04:30:45,2026-05-21,4,羽毛球馆-4号,12:00-12:55,1,1,已售/已满,已售,多云,15,12,4,0.0,100,29
2026-05-21 05:00:52,2026-05-21,4,羽毛球馆-4号,12:00-12:55,1,1,已售/已满,已售,多云,15,12,4,0.0,100,29
2026-05-21 05:30:49,2026-05-21,4,羽毛球馆-4号,12:00-12:55,1,1,已售/已满,已售,多云,15,13,3,0.0,100,28
2026-05-21 06:00:50,2026-05-21,4,羽毛球馆-4号,12:00-12:55,1,1,已售/已满,已售,多云,15,13,4,0.0,99,28
2026-05-21 06:30:38,2026-05-21,4,羽毛球馆-4号,12:00-12:55,1,1,已售/已满,已售,多云,15,13,3,0.0,97,28
2026-05-21 07:00:43,2026-05-21,4,羽毛球馆-4号,12:00-12:55,1,1,已售/已满,已售,晴,15,11,5,0.0,93,28
2026-05-21 07:30:39,2026-05-21,4,羽毛球馆-4号,12:00-12:55,1,1,已售/已满,已售,晴,17,13,4,0.0,89,29
2026-05-21 07:50:40,2026-05-21,4,羽毛球馆-4号,12:00-12:55,1,1,已售/已满,已售,晴,17,13,4,0.0,88,29
2026-05-21 07:53:31,2026-05-21,4,羽毛球馆-4号,12:00-12:55,1,1,已售/已满,已售,晴,17,12,5,0.0,86,29
2026-05-21 07:56:31,2026-05-21,4,羽毛球馆-4号,12:00-12:55,1,1,已售/已满,已售,晴,17,12,5,0.0,86,29
2026-05-21 07:59:26,2026-05-21,4,羽毛球馆-4号,12:00-12:55,1,1,已售/已满,已售,晴,17,12,5,0.0,86,29
2026-05-21 08:00:45,2026-05-21,4,羽毛球馆-4号,12:00-12:55,1,1,已售/已满,已售,晴,17,12,5,0.0,86,29
2026-05-21 08:02:30,2026-05-21,4,羽毛球馆-4号,12:00-12:55,1,1,已售/已满,已售,多云,17,12,5,0.0,87,29
2026-05-21 08:05:36,2026-05-21,4,羽毛球馆-4号,12:00-12:55,1,1,已售/已满,已售,多云,17,12,5,0.0,86,29
2026-05-21 08:08:31,2026-05-21,4,羽毛球馆-4号,12:00-12:55,1,1,已售/已满,已售,多云,17,12,5,0.0,86,29
2026-05-21 08:11:30,2026-05-21,4,羽毛球馆-4号,12:00-12:55,1,1,已售/已满,已售,多云,17,12,5,0.0,86,29
2026-05-21 08:14:31,2026-05-21,4,羽毛球馆-4号,12:00-12:55,1,1,已售/已满,已售,多云,17,12,5,0.0,86,29
2026-05-21 08:17:30,2026-05-21,4,羽毛球馆-4号,12:00-12:55,1,1,已售/已满,已售,多云,17,12,5,0.0,86,29
2026-05-21 08:20:35,2026-05-21,4,羽毛球馆-4号,12:00-12:55,1,1,已售/已满,已售,多云,17,14,4,0.0,85,29
2026-05-21 08:25:32,2026-05-21,4,羽毛球馆-4号,12:00-12:55,1,1,已售/已满,已售,多云,17,14,4,0.0,85,28
2026-05-21 08:30:42,2026-05-21,4,羽毛球馆-4号,12:00-12:55,1,1,已售/已满,已售,多云,18,15,4,0.0,84,28
2026-05-21 08:35:31,2026-05-21,4,羽毛球馆-4号,12:00-12:55,1,1,已售/已满,已售,多云,18,15,4,0.0,84,28
2026-05-21 08:40:38,2026-05-21,4,羽毛球馆-4号,12:00-12:55,1,1,已售/已满,已售,多云,18,15,4,0.0,82,28
2026-05-21 08:45:33,2026-05-21,4,羽毛球馆-4号,12:00-12:55,1,1,已售/已满,已售,多云,18,15,4,0.0,82,28
2026-05-21 08:50:36,2026-05-21,4,羽毛球馆-4号,12:00-12:55,1,1,已售/已满,已售,多云,18,15,4,0.0,82,28
2026-05-21 08:55:34,2026-05-21,4,羽毛球馆-4号,12:00-12:55,1,1,已售/已满,已售,多云,18,15,4,0.0,84,28
2026-05-21 09:00:51,2026-05-21,4,羽毛球馆-4号,12:00-12:55,1,1,已售/已满,已售,多云,18,15,4,0.0,84,28
2026-05-21 09:01:59,2026-05-21,4,羽毛球馆-4号,12:00-12:55,1,1,已售/已满,已售,多云,18,15,4,0.0,83,28
2026-05-21 09:05:33,2026-05-21,4,羽毛球馆-4号,12:00-12:55,1,1,已售/已满,已售,多云,18,15,4,0.0,83,28
2026-05-21 09:20:38,2026-05-21,4,羽毛球馆-4号,12:00-12:55,1,1,已售/已满,已售,多云,18,16,3,0.0,81,28
2026-05-21 09:30:46,2026-05-21,4,羽毛球馆-4号,12:00-12:55,1,1,已售/已满,已售,多云,18,16,3,0.0,81,32
2026-05-21 09:40:36,2026-05-21,4,羽毛球馆-4号,12:00-12:55,1,1,已售/已满,已售,多云,19,17,3,0.0,79,32
2026-05-21 09:50:42,2026-05-21,4,羽毛球馆-4号,12:00-12:55,1,1,已售/已满,已售,多云,19,17,4,0.0,81,32
2026-05-21 10:00:46,2026-05-21,4,羽毛球馆-4号,12:00-12:55,1,1,已售/已满,已售,多云,19,17,4,0.0,79,32
2026-05-21 10:10:40,2026-05-21,4,羽毛球馆-4号,12:00-12:55,1,1,已售/已满,已售,多云,19,17,4,0.0,79,32
2026-05-21 10:20:38,2026-05-21,4,羽毛球馆-4号,12:00-12:55,1,1,已售/已满,已售,多云,19,17,4,0.0,79,32
2026-05-21 10:30:41,2026-05-21,4,羽毛球馆-4号,12:00-12:55,1,1,已售/已满,已售,多云,19,18,3,0.0,78,31
2026-05-21 11:00:44,2026-05-21,4,羽毛球馆-4号,12:00-12:55,1,1,已售/已满,已售,多云,21,17,5,0.0,74,31
2026-05-21 11:30:38,2026-05-21,4,羽毛球馆-4号,12:00-12:55,1,1,已售/已满,已售,多云,21,19,3,0.0,72,33
2026-05-21 12:00:46,2026-05-21,4,羽毛球馆-4号,12:00-12:55,1,1,已售/已满,已售,多云,22,19,4,0.0,70,33
2026-05-21 12:30:42,2026-05-21,4,羽毛球馆-4号,12:00-12:55,1,1,已售/已满,已售,多云,22,21,3,0.0,68,35
2026-05-21 13:00:43,2026-05-21,4,羽毛球馆-4号,12:00-12:55,1,1,已售/已满,已售,多云,24,22,4,0.0,66,35
2026-05-21 13:30:43,2026-05-21,4,羽毛球馆-4号,12:00-12:55,1,1,已售/已满,已售,多云,24,22,4,0.0,66,36
2026-05-21 14:00:48,2026-05-21,4,羽毛球馆-4号,12:00-12:55,1,1,已售/已满,已售,多云,25,23,4,0.0,66,36
2026-05-21 14:30:45,2026-05-21,4,羽毛球馆-4号,12:00-12:55,1,1,已售/已满,已售,晴,25,25,3,0.0,65,39
2026-05-21 15:00:45,2026-05-21,4,羽毛球馆-4号,12:00-12:55,1,1,已售/已满,已售,晴,25,22,4,0.0,56,39
2026-05-21 15:30:43,2026-05-21,4,羽毛球馆-4号,12:00-12:55,1,1,已售/已满,已售,晴,25,23,4,0.0,57,40
2026-05-21 16:00:51,2026-05-21,4,羽毛球馆-4号,12:00-12:55,1,1,已售/已满,已售,晴,25,23,4,0.0,57,40
2026-05-21 16:30:48,2026-05-21,4,羽毛球馆-4号,12:00-12:55,1,1,已售/已满,已售,晴,25,24,3,0.0,60,39
2026-05-21 17:00:49,2026-05-21,4,羽毛球馆-4号,12:00-12:55,1,1,已售/已满,已售,晴,25,24,4,0.0,61,39
2026-05-21 17:30:47,2026-05-21,4,羽毛球馆-4号,12:00-12:55,1,1,已售/已满,已售,多云,24,23,3,0.0,64,39
2026-05-21 18:00:50,2026-05-21,4,羽毛球馆-4号,12:00-12:55,1,1,已售/已满,已售,多云,24,23,3,0.0,68,39
2026-05-21 18:30:50,2026-05-21,4,羽毛球馆-4号,12:00-12:55,1,1,已售/已满,已售,阴,24,25,2,0.0,68,40
2026-05-21 19:00:50,2026-05-21,4,羽毛球馆-4号,12:00-12:55,1,1,已售/已满,已售,阴,23,23,3,0.0,76,40
2026-05-21 19:30:46,2026-05-21,4,羽毛球馆-4号,12:00-12:55,1,1,已售/已满,已售,阴,23,24,2,0.0,77,39
2026-05-21 20:00:49,2026-05-21,4,羽毛球馆-4号,12:00-12:55,1,1,已售/已满,已售,雾,22,23,2,0.0,89,39
2026-05-21 20:30:44,2026-05-21,4,羽毛球馆-4号,12:00-12:55,1,1,已售/已满,已售,雾,22,24,2,0.0,93,43
2026-05-21 21:00:56,2026-05-21,4,羽毛球馆-4号,12:00-12:55,1,1,已售/已满,已售,雾,20,21,2,0.0,98,43
2026-05-21 21:30:46,2026-05-21,4,羽毛球馆-4号,12:00-12:55,1,1,已售/已满,已售,雾,20,22,1,0.0,99,41
2026-05-21 22:01:02,2026-05-21,4,羽毛球馆-4号,12:00-12:55,1,1,已售/已满,已售,雾,19,20,2,0.0,93,41
2026-05-21 22:30:47,2026-05-21,4,羽毛球馆-4号,12:00-12:55,1,1,已售/已满,已售,雾,19,19,3,0.0,88,46
2026-05-21 23:00:56,2026-05-21,4,羽毛球馆-4号,12:00-12:55,1,1,已售/已满,已售,多云,18,17,3,0.0,85,46
2026-05-21 23:30:55,2026-05-21,4,羽毛球馆-4号,12:00-12:55,1,1,已售/已满,已售,多云,18,17,3,0.0,85,48
2026-05-21 00:30:49,2026-05-21,4,羽毛球馆-4号,12:55-13:50,1,1,已售/已满,已售,多云,15,13,3,0.0,100,26
2026-05-21 01:00:55,2026-05-21,4,羽毛球馆-4号,12:55-13:50,1,1,已售/已满,已售,多云,15,12,4,0.0,100,26
2026-05-21 01:30:47,2026-05-21,4,羽毛球馆-4号,12:55-13:50,1,1,已售/已满,已售,多云,15,13,4,0.0,100,28
2026-05-21 02:00:53,2026-05-21,4,羽毛球馆-4号,12:55-13:50,1,1,已售/已满,已售,多云,15,12,4,0.0,100,28
2026-05-21 02:30:49,2026-05-21,4,羽毛球馆-4号,12:55-13:50,1,1,已售/已满,已售,多云,15,14,3,0.0,100,29
2026-05-21 03:00:55,2026-05-21,4,羽毛球馆-4号,12:55-13:50,1,1,已售/已满,已售,多云,15,12,4,0.0,100,29
2026-05-21 03:30:49,2026-05-21,4,羽毛球馆-4号,12:55-13:50,1,1,已售/已满,已售,多云,15,14,3,0.0,100,30
2026-05-21 04:30:45,2026-05-21,4,羽毛球馆-4号,12:55-13:50,1,1,已售/已满,已售,多云,15,12,4,0.0,100,29
2026-05-21 05:00:52,2026-05-21,4,羽毛球馆-4号,12:55-13:50,1,1,已售/已满,已售,多云,15,12,4,0.0,100,29
2026-05-21 05:30:49,2026-05-21,4,羽毛球馆-4号,12:55-13:50,1,1,已售/已满,已售,多云,15,13,3,0.0,100,28
2026-05-21 06:00:50,2026-05-21,4,羽毛球馆-4号,12:55-13:50,1,1,已售/已满,已售,多云,15,13,4,0.0,99,28
2026-05-21 06:30:38,2026-05-21,4,羽毛球馆-4号,12:55-13:50,1,1,已售/已满,已售,多云,15,13,3,0.0,97,28
2026-05-21 07:00:43,2026-05-21,4,羽毛球馆-4号,12:55-13:50,1,1,已售/已满,已售,晴,15,11,5,0.0,93,28
2026-05-21 07:30:39,2026-05-21,4,羽毛球馆-4号,12:55-13:50,1,1,已售/已满,已售,晴,17,13,4,0.0,89,29
2026-05-21 07:50:40,2026-05-21,4,羽毛球馆-4号,12:55-13:50,1,1,已售/已满,已售,晴,17,13,4,0.0,88,29
2026-05-21 07:53:31,2026-05-21,4,羽毛球馆-4号,12:55-13:50,1,1,已售/已满,已售,晴,17,12,5,0.0,86,29
2026-05-21 07:56:31,2026-05-21,4,羽毛球馆-4号,12:55-13:50,1,1,已售/已满,已售,晴,17,12,5,0.0,86,29
2026-05-21 07:59:26,2026-05-21,4,羽毛球馆-4号,12:55-13:50,1,1,已售/已满,已售,晴,17,12,5,0.0,86,29
2026-05-21 08:00:45,2026-05-21,4,羽毛球馆-4号,12:55-13:50,1,1,已售/已满,已售,晴,17,12,5,0.0,86,29
2026-05-21 08:02:30,2026-05-21,4,羽毛球馆-4号,12:55-13:50,1,1,已售/已满,已售,多云,17,12,5,0.0,87,29
2026-05-21 08:05:36,2026-05-21,4,羽毛球馆-4号,12:55-13:50,1,1,已售/已满,已售,多云,17,12,5,0.0,86,29
2026-05-21 08:08:31,2026-05-21,4,羽毛球馆-4号,12:55-13:50,1,1,已售/已满,已售,多云,17,12,5,0.0,86,29
2026-05-21 08:11:30,2026-05-21,4,羽毛球馆-4号,12:55-13:50,1,1,已售/已满,已售,多云,17,12,5,0.0,86,29
2026-05-21 08:14:31,2026-05-21,4,羽毛球馆-4号,12:55-13:50,1,1,已售/已满,已售,多云,17,12,5,0.0,86,29
2026-05-21 08:17:30,2026-05-21,4,羽毛球馆-4号,12:55-13:50,1,1,已售/已满,已售,多云,17,12,5,0.0,86,29
2026-05-21 08:20:35,2026-05-21,4,羽毛球馆-4号,12:55-13:50,1,1,已售/已满,已售,多云,17,14,4,0.0,85,29
2026-05-21 08:25:32,2026-05-21,4,羽毛球馆-4号,12:55-13:50,1,1,已售/已满,已售,多云,17,14,4,0.0,85,28
2026-05-21 08:30:42,2026-05-21,4,羽毛球馆-4号,12:55-13:50,1,1,已售/已满,已售,多云,18,15,4,0.0,84,28
2026-05-21 08:35:31,2026-05-21,4,羽毛球馆-4号,12:55-13:50,1,1,已售/已满,已售,多云,18,15,4,0.0,84,28
2026-05-21 08:40:38,2026-05-21,4,羽毛球馆-4号,12:55-13:50,1,1,已售/已满,已售,多云,18,15,4,0.0,82,28
2026-05-21 08:45:33,2026-05-21,4,羽毛球馆-4号,12:55-13:50,1,1,已售/已满,已售,多云,18,15,4,0.0,82,28
2026-05-21 08:50:36,2026-05-21,4,羽毛球馆-4号,12:55-13:50,1,1,已售/已满,已售,多云,18,15,4,0.0,82,28
2026-05-21 08:55:34,2026-05-21,4,羽毛球馆-4号,12:55-13:50,1,1,已售/已满,已售,多云,18,15,4,0.0,84,28
2026-05-21 09:00:51,2026-05-21,4,羽毛球馆-4号,12:55-13:50,1,1,已售/已满,已售,多云,18,15,4,0.0,84,28
2026-05-21 09:01:59,2026-05-21,4,羽毛球馆-4号,12:55-13:50,1,1,已售/已满,已售,多云,18,15,4,0.0,83,28
2026-05-21 09:05:33,2026-05-21,4,羽毛球馆-4号,12:55-13:50,1,1,已售/已满,已售,多云,18,15,4,0.0,83,28
2026-05-21 09:20:38,2026-05-21,4,羽毛球馆-4号,12:55-13:50,1,1,已售/已满,已售,多云,18,16,3,0.0,81,28
2026-05-21 09:30:46,2026-05-21,4,羽毛球馆-4号,12:55-13:50,1,1,已售/已满,已售,多云,18,16,3,0.0,81,32
2026-05-21 09:40:36,2026-05-21,4,羽毛球馆-4号,12:55-13:50,1,1,已售/已满,已售,多云,19,17,3,0.0,79,32
2026-05-21 09:50:42,2026-05-21,4,羽毛球馆-4号,12:55-13:50,1,1,已售/已满,已售,多云,19,17,4,0.0,81,32
2026-05-21 10:00:46,2026-05-21,4,羽毛球馆-4号,12:55-13:50,1,1,已售/已满,已售,多云,19,17,4,0.0,79,32
2026-05-21 10:10:40,2026-05-21,4,羽毛球馆-4号,12:55-13:50,1,1,已售/已满,已售,多云,19,17,4,0.0,79,32
2026-05-21 10:20:38,2026-05-21,4,羽毛球馆-4号,12:55-13:50,1,1,已售/已满,已售,多云,19,17,4,0.0,79,32
2026-05-21 10:30:41,2026-05-21,4,羽毛球馆-4号,12:55-13:50,1,1,已售/已满,已售,多云,19,18,3,0.0,78,31
2026-05-21 11:00:44,2026-05-21,4,羽毛球馆-4号,12:55-13:50,1,1,已售/已满,已售,多云,21,17,5,0.0,74,31
2026-05-21 11:30:38,2026-05-21,4,羽毛球馆-4号,12:55-13:50,1,1,已售/已满,已售,多云,21,19,3,0.0,72,33
2026-05-21 12:00:46,2026-05-21,4,羽毛球馆-4号,12:55-13:50,1,1,已售/已满,已售,多云,22,19,4,0.0,70,33
2026-05-21 12:30:42,2026-05-21,4,羽毛球馆-4号,12:55-13:50,1,1,已售/已满,已售,多云,22,21,3,0.0,68,35
2026-05-21 13:00:43,2026-05-21,4,羽毛球馆-4号,12:55-13:50,1,1,已售/已满,已售,多云,24,22,4,0.0,66,35
2026-05-21 13:30:43,2026-05-21,4,羽毛球馆-4号,12:55-13:50,1,1,已售/已满,已售,多云,24,22,4,0.0,66,36
2026-05-21 14:00:48,2026-05-21,4,羽毛球馆-4号,12:55-13:50,1,1,已售/已满,已售,多云,25,23,4,0.0,66,36
2026-05-21 14:30:45,2026-05-21,4,羽毛球馆-4号,12:55-13:50,1,1,已售/已满,已售,晴,25,25,3,0.0,65,39
2026-05-21 15:00:45,2026-05-21,4,羽毛球馆-4号,12:55-13:50,1,1,已售/已满,已售,晴,25,22,4,0.0,56,39
2026-05-21 15:30:43,2026-05-21,4,羽毛球馆-4号,12:55-13:50,1,1,已售/已满,已售,晴,25,23,4,0.0,57,40
2026-05-21 16:00:51,2026-05-21,4,羽毛球馆-4号,12:55-13:50,1,1,已售/已满,已售,晴,25,23,4,0.0,57,40
2026-05-21 16:30:48,2026-05-21,4,羽毛球馆-4号,12:55-13:50,1,1,已售/已满,已售,晴,25,24,3,0.0,60,39
2026-05-21 17:00:49,2026-05-21,4,羽毛球馆-4号,12:55-13:50,1,1,已售/已满,已售,晴,25,24,4,0.0,61,39
2026-05-21 17:30:47,2026-05-21,4,羽毛球馆-4号,12:55-13:50,1,1,已售/已满,已售,多云,24,23,3,0.0,64,39
2026-05-21 18:00:50,2026-05-21,4,羽毛球馆-4号,12:55-13:50,1,1,已售/已满,已售,多云,24,23,3,0.0,68,39
2026-05-21 18:30:50,2026-05-21,4,羽毛球馆-4号,12:55-13:50,1,1,已售/已满,已售,阴,24,25,2,0.0,68,40
2026-05-21 19:00:50,2026-05-21,4,羽毛球馆-4号,12:55-13:50,1,1,已售/已满,已售,阴,23,23,3,0.0,76,40
2026-05-21 19:30:46,2026-05-21,4,羽毛球馆-4号,12:55-13:50,1,1,已售/已满,已售,阴,23,24,2,0.0,77,39
2026-05-21 20:00:49,2026-05-21,4,羽毛球馆-4号,12:55-13:50,1,1,已售/已满,已售,雾,22,23,2,0.0,89,39
2026-05-21 20:30:44,2026-05-21,4,羽毛球馆-4号,12:55-13:50,1,1,已售/已满,已售,雾,22,24,2,0.0,93,43
2026-05-21 21:00:56,2026-05-21,4,羽毛球馆-4号,12:55-13:50,1,1,已售/已满,已售,雾,20,21,2,0.0,98,43
2026-05-21 21:30:46,2026-05-21,4,羽毛球馆-4号,12:55-13:50,1,1,已售/已满,已售,雾,20,22,1,0.0,99,41
2026-05-21 22:01:02,2026-05-21,4,羽毛球馆-4号,12:55-13:50,1,1,已售/已满,已售,雾,19,20,2,0.0,93,41
2026-05-21 22:30:47,2026-05-21,4,羽毛球馆-4号,12:55-13:50,1,1,已售/已满,已售,雾,19,19,3,0.0,88,46
2026-05-21 23:00:56,2026-05-21,4,羽毛球馆-4号,12:55-13:50,1,1,已售/已满,已售,多云,18,17,3,0.0,85,46
2026-05-21 23:30:55,2026-05-21,4,羽毛球馆-4号,12:55-13:50,1,1,已售/已满,已售,多云,18,17,3,0.0,85,48
2026-05-21 00:30:49,2026-05-21,4,羽毛球馆-4号,14:00-15:00,0,1,可预约,￥12.0,多云,15,13,3,0.0,100,26
2026-05-21 01:00:55,2026-05-21,4,羽毛球馆-4号,14:00-15:00,0,1,可预约,￥12.0,多云,15,12,4,0.0,100,26
2026-05-21 01:30:47,2026-05-21,4,羽毛球馆-4号,14:00-15:00,0,1,可预约,￥12.0,多云,15,13,4,0.0,100,28
2026-05-21 02:00:53,2026-05-21,4,羽毛球馆-4号,14:00-15:00,0,1,可预约,￥12.0,多云,15,12,4,0.0,100,28
2026-05-21 02:30:49,2026-05-21,4,羽毛球馆-4号,14:00-15:00,0,1,可预约,￥12.0,多云,15,14,3,0.0,100,29
2026-05-21 03:00:55,2026-05-21,4,羽毛球馆-4号,14:00-15:00,0,1,可预约,￥12.0,多云,15,12,4,0.0,100,29
2026-05-21 03:30:49,2026-05-21,4,羽毛球馆-4号,14:00-15:00,0,1,可预约,￥12.0,多云,15,14,3,0.0,100,30
2026-05-21 04:30:45,2026-05-21,4,羽毛球馆-4号,14:00-15:00,0,1,可预约,￥12.0,多云,15,12,4,0.0,100,29
2026-05-21 05:00:52,2026-05-21,4,羽毛球馆-4号,14:00-15:00,0,1,可预约,￥12.0,多云,15,12,4,0.0,100,29
2026-05-21 05:30:49,2026-05-21,4,羽毛球馆-4号,14:00-15:00,0,1,可预约,￥12.0,多云,15,13,3,0.0,100,28
2026-05-21 06:00:50,2026-05-21,4,羽毛球馆-4号,14:00-15:00,0,1,可预约,￥12.0,多云,15,13,4,0.0,99,28
2026-05-21 06:30:38,2026-05-21,4,羽毛球馆-4号,14:00-15:00,0,1,可预约,￥12.0,多云,15,13,3,0.0,97,28
2026-05-21 07:00:43,2026-05-21,4,羽毛球馆-4号,14:00-15:00,0,1,可预约,￥12.0,晴,15,11,5,0.0,93,28
2026-05-21 07:30:39,2026-05-21,4,羽毛球馆-4号,14:00-15:00,0,1,可预约,￥12.0,晴,17,13,4,0.0,89,29
2026-05-21 07:50:40,2026-05-21,4,羽毛球馆-4号,14:00-15:00,0,1,可预约,￥12.0,晴,17,13,4,0.0,88,29
2026-05-21 07:53:31,2026-05-21,4,羽毛球馆-4号,14:00-15:00,0,1,可预约,￥12.0,晴,17,12,5,0.0,86,29
2026-05-21 07:56:31,2026-05-21,4,羽毛球馆-4号,14:00-15:00,0,1,可预约,￥12.0,晴,17,12,5,0.0,86,29
2026-05-21 07:59:26,2026-05-21,4,羽毛球馆-4号,14:00-15:00,0,1,可预约,￥12.0,晴,17,12,5,0.0,86,29
2026-05-21 08:00:45,2026-05-21,4,羽毛球馆-4号,14:00-15:00,0,1,可预约,￥12.0,晴,17,12,5,0.0,86,29
2026-05-21 08:02:30,2026-05-21,4,羽毛球馆-4号,14:00-15:00,0,1,可预约,￥12.0,多云,17,12,5,0.0,87,29
2026-05-21 08:05:36,2026-05-21,4,羽毛球馆-4号,14:00-15:00,0,1,可预约,￥12.0,多云,17,12,5,0.0,86,29
2026-05-21 08:08:31,2026-05-21,4,羽毛球馆-4号,14:00-15:00,0,1,可预约,￥12.0,多云,17,12,5,0.0,86,29
2026-05-21 08:11:30,2026-05-21,4,羽毛球馆-4号,14:00-15:00,0,1,可预约,￥12.0,多云,17,12,5,0.0,86,29
2026-05-21 08:14:31,2026-05-21,4,羽毛球馆-4号,14:00-15:00,0,1,可预约,￥12.0,多云,17,12,5,0.0,86,29
2026-05-21 08:17:30,2026-05-21,4,羽毛球馆-4号,14:00-15:00,0,1,可预约,￥12.0,多云,17,12,5,0.0,86,29
2026-05-21 08:20:35,2026-05-21,4,羽毛球馆-4号,14:00-15:00,0,1,可预约,￥12.0,多云,17,14,4,0.0,85,29
2026-05-21 08:25:32,2026-05-21,4,羽毛球馆-4号,14:00-15:00,0,1,可预约,￥12.0,多云,17,14,4,0.0,85,28
2026-05-21 08:30:42,2026-05-21,4,羽毛球馆-4号,14:00-15:00,0,1,可预约,￥12.0,多云,18,15,4,0.0,84,28
2026-05-21 08:35:31,2026-05-21,4,羽毛球馆-4号,14:00-15:00,0,1,可预约,￥12.0,多云,18,15,4,0.0,84,28
2026-05-21 08:40:38,2026-05-21,4,羽毛球馆-4号,14:00-15:00,0,1,可预约,￥12.0,多云,18,15,4,0.0,82,28
2026-05-21 08:45:33,2026-05-21,4,羽毛球馆-4号,14:00-15:00,0,1,可预约,￥12.0,多云,18,15,4,0.0,82,28
2026-05-21 08:50:36,2026-05-21,4,羽毛球馆-4号,14:00-15:00,0,1,可预约,￥12.0,多云,18,15,4,0.0,82,28
2026-05-21 08:55:34,2026-05-21,4,羽毛球馆-4号,14:00-15:00,0,1,可预约,￥12.0,多云,18,15,4,0.0,84,28
2026-05-21 09:00:51,2026-05-21,4,羽毛球馆-4号,14:00-15:00,0,1,可预约,￥12.0,多云,18,15,4,0.0,84,28
2026-05-21 09:01:59,2026-05-21,4,羽毛球馆-4号,14:00-15:00,0,1,可预约,￥12.0,多云,18,15,4,0.0,83,28
2026-05-21 09:05:33,2026-05-21,4,羽毛球馆-4号,14:00-15:00,0,1,可预约,￥12.0,多云,18,15,4,0.0,83,28
2026-05-21 09:20:38,2026-05-21,4,羽毛球馆-4号,14:00-15:00,0,1,可预约,￥12.0,多云,18,16,3,0.0,81,28
2026-05-21 09:30:46,2026-05-21,4,羽毛球馆-4号,14:00-15:00,0,1,可预约,￥12.0,多云,18,16,3,0.0,81,32
2026-05-21 09:40:36,2026-05-21,4,羽毛球馆-4号,14:00-15:00,0,1,可预约,￥12.0,多云,19,17,3,0.0,79,32
2026-05-21 09:50:42,2026-05-21,4,羽毛球馆-4号,14:00-15:00,0,1,可预约,￥12.0,多云,19,17,4,0.0,81,32
2026-05-21 10:00:46,2026-05-21,4,羽毛球馆-4号,14:00-15:00,0,1,可预约,￥12.0,多云,19,17,4,0.0,79,32
2026-05-21 10:10:40,2026-05-21,4,羽毛球馆-4号,14:00-15:00,0,1,可预约,￥12.0,多云,19,17,4,0.0,79,32
2026-05-21 10:20:38,2026-05-21,4,羽毛球馆-4号,14:00-15:00,0,1,可预约,￥12.0,多云,19,17,4,0.0,79,32
2026-05-21 10:30:41,2026-05-21,4,羽毛球馆-4号,14:00-15:00,0,1,可预约,￥12.0,多云,19,18,3,0.0,78,31
2026-05-21 11:00:44,2026-05-21,4,羽毛球馆-4号,14:00-15:00,0,1,可预约,￥12.0,多云,21,17,5,0.0,74,31
2026-05-21 11:30:38,2026-05-21,4,羽毛球馆-4号,14:00-15:00,0,1,可预约,￥12.0,多云,21,19,3,0.0,72,33
2026-05-21 12:00:46,2026-05-21,4,羽毛球馆-4号,14:00-15:00,0,1,可预约,￥12.0,多云,22,19,4,0.0,70,33
2026-05-21 12:30:42,2026-05-21,4,羽毛球馆-4号,14:00-15:00,0,1,可预约,￥12.0,多云,22,21,3,0.0,68,35
2026-05-21 13:00:43,2026-05-21,4,羽毛球馆-4号,14:00-15:00,0,1,可预约,￥12.0,多云,24,22,4,0.0,66,35
2026-05-21 13:30:43,2026-05-21,4,羽毛球馆-4号,14:00-15:00,0,1,可预约,￥12.0,多云,24,22,4,0.0,66,36
2026-05-21 14:00:48,2026-05-21,4,羽毛球馆-4号,14:00-15:00,0,1,可预约,￥12.0,多云,25,23,4,0.0,66,36
2026-05-21 14:30:45,2026-05-21,4,羽毛球馆-4号,14:00-15:00,0,1,可预约,￥12.0,晴,25,25,3,0.0,65,39
2026-05-21 15:00:45,2026-05-21,4,羽毛球馆-4号,14:00-15:00,0,1,不开放/已过期,,晴,25,22,4,0.0,56,39
2026-05-21 15:30:43,2026-05-21,4,羽毛球馆-4号,14:00-15:00,0,1,不开放/已过期,,晴,25,23,4,0.0,57,40
2026-05-21 16:00:51,2026-05-21,4,羽毛球馆-4号,14:00-15:00,0,1,不开放/已过期,,晴,25,23,4,0.0,57,40
2026-05-21 16:30:48,2026-05-21,4,羽毛球馆-4号,14:00-15:00,0,1,不开放/已过期,,晴,25,24,3,0.0,60,39
2026-05-21 17:00:49,2026-05-21,4,羽毛球馆-4号,14:00-15:00,0,1,不开放/已过期,,晴,25,24,4,0.0,61,39
2026-05-21 17:30:47,2026-05-21,4,羽毛球馆-4号,14:00-15:00,0,1,不开放/已过期,,多云,24,23,3,0.0,64,39
2026-05-21 18:00:50,2026-05-21,4,羽毛球馆-4号,14:00-15:00,0,1,不开放/已过期,,多云,24,23,3,0.0,68,39
2026-05-21 18:30:50,2026-05-21,4,羽毛球馆-4号,14:00-15:00,0,1,不开放/已过期,,阴,24,25,2,0.0,68,40
2026-05-21 19:00:50,2026-05-21,4,羽毛球馆-4号,14:00-15:00,0,1,不开放/已过期,,阴,23,23,3,0.0,76,40
2026-05-21 19:30:46,2026-05-21,4,羽毛球馆-4号,14:00-15:00,0,1,不开放/已过期,,阴,23,24,2,0.0,77,39
2026-05-21 20:00:49,2026-05-21,4,羽毛球馆-4号,14:00-15:00,0,1,不开放/已过期,,雾,22,23,2,0.0,89,39
2026-05-21 20:30:44,2026-05-21,4,羽毛球馆-4号,14:00-15:00,0,1,不开放/已过期,,雾,22,24,2,0.0,93,43
2026-05-21 21:00:56,2026-05-21,4,羽毛球馆-4号,14:00-15:00,0,1,不开放/已过期,,雾,20,21,2,0.0,98,43
2026-05-21 21:30:46,2026-05-21,4,羽毛球馆-4号,14:00-15:00,0,1,不开放/已过期,,雾,20,22,1,0.0,99,41
2026-05-21 22:01:02,2026-05-21,4,羽毛球馆-4号,14:00-15:00,0,1,不开放/已过期,,雾,19,20,2,0.0,93,41
2026-05-21 22:30:47,2026-05-21,4,羽毛球馆-4号,14:00-15:00,0,1,不开放/已过期,,雾,19,19,3,0.0,88,46
2026-05-21 23:00:56,2026-05-21,4,羽毛球馆-4号,14:00-15:00,0,1,不开放/已过期,,多云,18,17,3,0.0,85,46
2026-05-21 23:30:55,2026-05-21,4,羽毛球馆-4号,14:00-15:00,0,1,不开放/已过期,,多云,18,17,3,0.0,85,48
2026-05-21 00:30:49,2026-05-21,4,羽毛球馆-4号,15:00-16:00,0,1,可预约,￥12.0,多云,15,13,3,0.0,100,26
2026-05-21 01:00:55,2026-05-21,4,羽毛球馆-4号,15:00-16:00,0,1,可预约,￥12.0,多云,15,12,4,0.0,100,26
2026-05-21 01:30:47,2026-05-21,4,羽毛球馆-4号,15:00-16:00,0,1,可预约,￥12.0,多云,15,13,4,0.0,100,28
2026-05-21 02:00:53,2026-05-21,4,羽毛球馆-4号,15:00-16:00,0,1,可预约,￥12.0,多云,15,12,4,0.0,100,28
2026-05-21 02:30:49,2026-05-21,4,羽毛球馆-4号,15:00-16:00,0,1,可预约,￥12.0,多云,15,14,3,0.0,100,29
2026-05-21 03:00:55,2026-05-21,4,羽毛球馆-4号,15:00-16:00,0,1,可预约,￥12.0,多云,15,12,4,0.0,100,29
2026-05-21 03:30:49,2026-05-21,4,羽毛球馆-4号,15:00-16:00,0,1,可预约,￥12.0,多云,15,14,3,0.0,100,30
2026-05-21 04:30:45,2026-05-21,4,羽毛球馆-4号,15:00-16:00,0,1,可预约,￥12.0,多云,15,12,4,0.0,100,29
2026-05-21 05:00:52,2026-05-21,4,羽毛球馆-4号,15:00-16:00,0,1,可预约,￥12.0,多云,15,12,4,0.0,100,29
2026-05-21 05:30:49,2026-05-21,4,羽毛球馆-4号,15:00-16:00,0,1,可预约,￥12.0,多云,15,13,3,0.0,100,28
2026-05-21 06:00:50,2026-05-21,4,羽毛球馆-4号,15:00-16:00,0,1,可预约,￥12.0,多云,15,13,4,0.0,99,28
2026-05-21 06:30:38,2026-05-21,4,羽毛球馆-4号,15:00-16:00,0,1,可预约,￥12.0,多云,15,13,3,0.0,97,28
2026-05-21 07:00:43,2026-05-21,4,羽毛球馆-4号,15:00-16:00,0,1,可预约,￥12.0,晴,15,11,5,0.0,93,28
2026-05-21 07:30:39,2026-05-21,4,羽毛球馆-4号,15:00-16:00,0,1,可预约,￥12.0,晴,17,13,4,0.0,89,29
2026-05-21 07:50:40,2026-05-21,4,羽毛球馆-4号,15:00-16:00,0,1,可预约,￥12.0,晴,17,13,4,0.0,88,29
2026-05-21 07:53:31,2026-05-21,4,羽毛球馆-4号,15:00-16:00,0,1,可预约,￥12.0,晴,17,12,5,0.0,86,29
2026-05-21 07:56:31,2026-05-21,4,羽毛球馆-4号,15:00-16:00,0,1,可预约,￥12.0,晴,17,12,5,0.0,86,29
2026-05-21 07:59:26,2026-05-21,4,羽毛球馆-4号,15:00-16:00,0,1,可预约,￥12.0,晴,17,12,5,0.0,86,29
2026-05-21 08:00:45,2026-05-21,4,羽毛球馆-4号,15:00-16:00,0,1,可预约,￥12.0,晴,17,12,5,0.0,86,29
2026-05-21 08:02:30,2026-05-21,4,羽毛球馆-4号,15:00-16:00,0,1,可预约,￥12.0,多云,17,12,5,0.0,87,29
2026-05-21 08:05:36,2026-05-21,4,羽毛球馆-4号,15:00-16:00,0,1,可预约,￥12.0,多云,17,12,5,0.0,86,29
2026-05-21 08:08:31,2026-05-21,4,羽毛球馆-4号,15:00-16:00,0,1,可预约,￥12.0,多云,17,12,5,0.0,86,29
2026-05-21 08:11:30,2026-05-21,4,羽毛球馆-4号,15:00-16:00,0,1,可预约,￥12.0,多云,17,12,5,0.0,86,29
2026-05-21 08:14:31,2026-05-21,4,羽毛球馆-4号,15:00-16:00,0,1,可预约,￥12.0,多云,17,12,5,0.0,86,29
2026-05-21 08:17:30,2026-05-21,4,羽毛球馆-4号,15:00-16:00,0,1,可预约,￥12.0,多云,17,12,5,0.0,86,29
2026-05-21 08:20:35,2026-05-21,4,羽毛球馆-4号,15:00-16:00,0,1,可预约,￥12.0,多云,17,14,4,0.0,85,29
2026-05-21 08:25:32,2026-05-21,4,羽毛球馆-4号,15:00-16:00,0,1,可预约,￥12.0,多云,17,14,4,0.0,85,28
2026-05-21 08:30:42,2026-05-21,4,羽毛球馆-4号,15:00-16:00,0,1,可预约,￥12.0,多云,18,15,4,0.0,84,28
2026-05-21 08:35:31,2026-05-21,4,羽毛球馆-4号,15:00-16:00,0,1,可预约,￥12.0,多云,18,15,4,0.0,84,28
2026-05-21 08:40:38,2026-05-21,4,羽毛球馆-4号,15:00-16:00,0,1,可预约,￥12.0,多云,18,15,4,0.0,82,28
2026-05-21 08:45:33,2026-05-21,4,羽毛球馆-4号,15:00-16:00,0,1,可预约,￥12.0,多云,18,15,4,0.0,82,28
2026-05-21 08:50:36,2026-05-21,4,羽毛球馆-4号,15:00-16:00,0,1,可预约,￥12.0,多云,18,15,4,0.0,82,28
2026-05-21 08:55:34,2026-05-21,4,羽毛球馆-4号,15:00-16:00,0,1,可预约,￥12.0,多云,18,15,4,0.0,84,28
2026-05-21 09:00:51,2026-05-21,4,羽毛球馆-4号,15:00-16:00,0,1,可预约,￥12.0,多云,18,15,4,0.0,84,28
2026-05-21 09:01:59,2026-05-21,4,羽毛球馆-4号,15:00-16:00,0,1,可预约,￥12.0,多云,18,15,4,0.0,83,28
2026-05-21 09:05:33,2026-05-21,4,羽毛球馆-4号,15:00-16:00,0,1,可预约,￥12.0,多云,18,15,4,0.0,83,28
2026-05-21 09:20:38,2026-05-21,4,羽毛球馆-4号,15:00-16:00,0,1,可预约,￥12.0,多云,18,16,3,0.0,81,28
2026-05-21 09:30:46,2026-05-21,4,羽毛球馆-4号,15:00-16:00,0,1,可预约,￥12.0,多云,18,16,3,0.0,81,32
2026-05-21 09:40:36,2026-05-21,4,羽毛球馆-4号,15:00-16:00,0,1,可预约,￥12.0,多云,19,17,3,0.0,79,32
2026-05-21 09:50:42,2026-05-21,4,羽毛球馆-4号,15:00-16:00,0,1,可预约,￥12.0,多云,19,17,4,0.0,81,32
2026-05-21 10:00:46,2026-05-21,4,羽毛球馆-4号,15:00-16:00,0,1,可预约,￥12.0,多云,19,17,4,0.0,79,32
2026-05-21 10:10:40,2026-05-21,4,羽毛球馆-4号,15:00-16:00,0,1,可预约,￥12.0,多云,19,17,4,0.0,79,32
2026-05-21 10:20:38,2026-05-21,4,羽毛球馆-4号,15:00-16:00,0,1,可预约,￥12.0,多云,19,17,4,0.0,79,32
2026-05-21 10:30:41,2026-05-21,4,羽毛球馆-4号,15:00-16:00,0,1,可预约,￥12.0,多云,19,18,3,0.0,78,31
2026-05-21 11:00:44,2026-05-21,4,羽毛球馆-4号,15:00-16:00,0,1,可预约,￥12.0,多云,21,17,5,0.0,74,31
2026-05-21 11:30:38,2026-05-21,4,羽毛球馆-4号,15:00-16:00,0,1,可预约,￥12.0,多云,21,19,3,0.0,72,33
2026-05-21 12:00:46,2026-05-21,4,羽毛球馆-4号,15:00-16:00,0,1,可预约,￥12.0,多云,22,19,4,0.0,70,33
2026-05-21 12:30:42,2026-05-21,4,羽毛球馆-4号,15:00-16:00,0,1,可预约,￥12.0,多云,22,21,3,0.0,68,35
2026-05-21 13:00:43,2026-05-21,4,羽毛球馆-4号,15:00-16:00,0,1,可预约,￥12.0,多云,24,22,4,0.0,66,35
2026-05-21 13:30:43,2026-05-21,4,羽毛球馆-4号,15:00-16:00,0,1,可预约,￥12.0,多云,24,22,4,0.0,66,36
2026-05-21 14:00:48,2026-05-21,4,羽毛球馆-4号,15:00-16:00,0,1,可预约,￥12.0,多云,25,23,4,0.0,66,36
2026-05-21 14:30:45,2026-05-21,4,羽毛球馆-4号,15:00-16:00,0,1,可预约,￥12.0,晴,25,25,3,0.0,65,39
2026-05-21 15:00:45,2026-05-21,4,羽毛球馆-4号,15:00-16:00,0,1,可预约,￥12.0,晴,25,22,4,0.0,56,39
2026-05-21 15:30:43,2026-05-21,4,羽毛球馆-4号,15:00-16:00,0,1,可预约,￥12.0,晴,25,23,4,0.0,57,40
2026-05-21 16:00:51,2026-05-21,4,羽毛球馆-4号,15:00-16:00,0,1,不开放/已过期,,晴,25,23,4,0.0,57,40
2026-05-21 16:30:48,2026-05-21,4,羽毛球馆-4号,15:00-16:00,0,1,不开放/已过期,,晴,25,24,3,0.0,60,39
2026-05-21 17:00:49,2026-05-21,4,羽毛球馆-4号,15:00-16:00,0,1,不开放/已过期,,晴,25,24,4,0.0,61,39
2026-05-21 17:30:47,2026-05-21,4,羽毛球馆-4号,15:00-16:00,0,1,不开放/已过期,,多云,24,23,3,0.0,64,39
2026-05-21 18:00:50,2026-05-21,4,羽毛球馆-4号,15:00-16:00,0,1,不开放/已过期,,多云,24,23,3,0.0,68,39
2026-05-21 18:30:50,2026-05-21,4,羽毛球馆-4号,15:00-16:00,0,1,不开放/已过期,,阴,24,25,2,0.0,68,40
2026-05-21 19:00:50,2026-05-21,4,羽毛球馆-4号,15:00-16:00,0,1,不开放/已过期,,阴,23,23,3,0.0,76,40
2026-05-21 19:30:46,2026-05-21,4,羽毛球馆-4号,15:00-16:00,0,1,不开放/已过期,,阴,23,24,2,0.0,77,39
2026-05-21 20:00:49,2026-05-21,4,羽毛球馆-4号,15:00-16:00,0,1,不开放/已过期,,雾,22,23,2,0.0,89,39
2026-05-21 20:30:44,2026-05-21,4,羽毛球馆-4号,15:00-16:00,0,1,不开放/已过期,,雾,22,24,2,0.0,93,43
2026-05-21 21:00:56,2026-05-21,4,羽毛球馆-4号,15:00-16:00,0,1,不开放/已过期,,雾,20,21,2,0.0,98,43
2026-05-21 21:30:46,2026-05-21,4,羽毛球馆-4号,15:00-16:00,0,1,不开放/已过期,,雾,20,22,1,0.0,99,41
2026-05-21 22:01:02,2026-05-21,4,羽毛球馆-4号,15:00-16:00,0,1,不开放/已过期,,雾,19,20,2,0.0,93,41
2026-05-21 22:30:47,2026-05-21,4,羽毛球馆-4号,15:00-16:00,0,1,不开放/已过期,,雾,19,19,3,0.0,88,46
2026-05-21 23:00:56,2026-05-21,4,羽毛球馆-4号,15:00-16:00,0,1,不开放/已过期,,多云,18,17,3,0.0,85,46
2026-05-21 23:30:55,2026-05-21,4,羽毛球馆-4号,15:00-16:00,0,1,不开放/已过期,,多云,18,17,3,0.0,85,48
2026-05-21 00:30:49,2026-05-21,4,羽毛球馆-4号,16:00-17:00,1,1,已售/已满,已售,多云,15,13,3,0.0,100,26
2026-05-21 01:00:55,2026-05-21,4,羽毛球馆-4号,16:00-17:00,1,1,已售/已满,已售,多云,15,12,4,0.0,100,26
2026-05-21 01:30:47,2026-05-21,4,羽毛球馆-4号,16:00-17:00,1,1,已售/已满,已售,多云,15,13,4,0.0,100,28
2026-05-21 02:00:53,2026-05-21,4,羽毛球馆-4号,16:00-17:00,1,1,已售/已满,已售,多云,15,12,4,0.0,100,28
2026-05-21 02:30:49,2026-05-21,4,羽毛球馆-4号,16:00-17:00,1,1,已售/已满,已售,多云,15,14,3,0.0,100,29
2026-05-21 03:00:55,2026-05-21,4,羽毛球馆-4号,16:00-17:00,1,1,已售/已满,已售,多云,15,12,4,0.0,100,29
2026-05-21 03:30:49,2026-05-21,4,羽毛球馆-4号,16:00-17:00,1,1,已售/已满,已售,多云,15,14,3,0.0,100,30
2026-05-21 04:30:45,2026-05-21,4,羽毛球馆-4号,16:00-17:00,1,1,已售/已满,已售,多云,15,12,4,0.0,100,29
2026-05-21 05:00:52,2026-05-21,4,羽毛球馆-4号,16:00-17:00,1,1,已售/已满,已售,多云,15,12,4,0.0,100,29
2026-05-21 05:30:49,2026-05-21,4,羽毛球馆-4号,16:00-17:00,1,1,已售/已满,已售,多云,15,13,3,0.0,100,28
2026-05-21 06:00:50,2026-05-21,4,羽毛球馆-4号,16:00-17:00,1,1,已售/已满,已售,多云,15,13,4,0.0,99,28
2026-05-21 06:30:38,2026-05-21,4,羽毛球馆-4号,16:00-17:00,1,1,已售/已满,已售,多云,15,13,3,0.0,97,28
2026-05-21 07:00:43,2026-05-21,4,羽毛球馆-4号,16:00-17:00,1,1,已售/已满,已售,晴,15,11,5,0.0,93,28
2026-05-21 07:30:39,2026-05-21,4,羽毛球馆-4号,16:00-17:00,1,1,已售/已满,已售,晴,17,13,4,0.0,89,29
2026-05-21 07:50:40,2026-05-21,4,羽毛球馆-4号,16:00-17:00,1,1,已售/已满,已售,晴,17,13,4,0.0,88,29
2026-05-21 07:53:31,2026-05-21,4,羽毛球馆-4号,16:00-17:00,1,1,已售/已满,已售,晴,17,12,5,0.0,86,29
2026-05-21 07:56:31,2026-05-21,4,羽毛球馆-4号,16:00-17:00,1,1,已售/已满,已售,晴,17,12,5,0.0,86,29
2026-05-21 07:59:26,2026-05-21,4,羽毛球馆-4号,16:00-17:00,1,1,已售/已满,已售,晴,17,12,5,0.0,86,29
2026-05-21 08:00:45,2026-05-21,4,羽毛球馆-4号,16:00-17:00,1,1,已售/已满,已售,晴,17,12,5,0.0,86,29
2026-05-21 08:02:30,2026-05-21,4,羽毛球馆-4号,16:00-17:00,1,1,已售/已满,已售,多云,17,12,5,0.0,87,29
2026-05-21 08:05:36,2026-05-21,4,羽毛球馆-4号,16:00-17:00,1,1,已售/已满,已售,多云,17,12,5,0.0,86,29
2026-05-21 08:08:31,2026-05-21,4,羽毛球馆-4号,16:00-17:00,1,1,已售/已满,已售,多云,17,12,5,0.0,86,29
2026-05-21 08:11:30,2026-05-21,4,羽毛球馆-4号,16:00-17:00,1,1,已售/已满,已售,多云,17,12,5,0.0,86,29
2026-05-21 08:14:31,2026-05-21,4,羽毛球馆-4号,16:00-17:00,1,1,已售/已满,已售,多云,17,12,5,0.0,86,29
2026-05-21 08:17:30,2026-05-21,4,羽毛球馆-4号,16:00-17:00,1,1,已售/已满,已售,多云,17,12,5,0.0,86,29
2026-05-21 08:20:35,2026-05-21,4,羽毛球馆-4号,16:00-17:00,1,1,已售/已满,已售,多云,17,14,4,0.0,85,29
2026-05-21 08:25:32,2026-05-21,4,羽毛球馆-4号,16:00-17:00,1,1,已售/已满,已售,多云,17,14,4,0.0,85,28
2026-05-21 08:30:42,2026-05-21,4,羽毛球馆-4号,16:00-17:00,1,1,已售/已满,已售,多云,18,15,4,0.0,84,28
2026-05-21 08:35:31,2026-05-21,4,羽毛球馆-4号,16:00-17:00,1,1,已售/已满,已售,多云,18,15,4,0.0,84,28
2026-05-21 08:40:38,2026-05-21,4,羽毛球馆-4号,16:00-17:00,1,1,已售/已满,已售,多云,18,15,4,0.0,82,28
2026-05-21 08:45:33,2026-05-21,4,羽毛球馆-4号,16:00-17:00,1,1,已售/已满,已售,多云,18,15,4,0.0,82,28
2026-05-21 08:50:36,2026-05-21,4,羽毛球馆-4号,16:00-17:00,1,1,已售/已满,已售,多云,18,15,4,0.0,82,28
2026-05-21 08:55:34,2026-05-21,4,羽毛球馆-4号,16:00-17:00,1,1,已售/已满,已售,多云,18,15,4,0.0,84,28
2026-05-21 09:00:51,2026-05-21,4,羽毛球馆-4号,16:00-17:00,1,1,已售/已满,已售,多云,18,15,4,0.0,84,28
2026-05-21 09:01:59,2026-05-21,4,羽毛球馆-4号,16:00-17:00,1,1,已售/已满,已售,多云,18,15,4,0.0,83,28
2026-05-21 09:05:33,2026-05-21,4,羽毛球馆-4号,16:00-17:00,1,1,已售/已满,已售,多云,18,15,4,0.0,83,28
2026-05-21 09:20:38,2026-05-21,4,羽毛球馆-4号,16:00-17:00,1,1,已售/已满,已售,多云,18,16,3,0.0,81,28
2026-05-21 09:30:46,2026-05-21,4,羽毛球馆-4号,16:00-17:00,1,1,已售/已满,已售,多云,18,16,3,0.0,81,32
2026-05-21 09:40:36,2026-05-21,4,羽毛球馆-4号,16:00-17:00,1,1,已售/已满,已售,多云,19,17,3,0.0,79,32
2026-05-21 09:50:42,2026-05-21,4,羽毛球馆-4号,16:00-17:00,1,1,已售/已满,已售,多云,19,17,4,0.0,81,32
2026-05-21 10:00:46,2026-05-21,4,羽毛球馆-4号,16:00-17:00,1,1,已售/已满,已售,多云,19,17,4,0.0,79,32
2026-05-21 10:10:40,2026-05-21,4,羽毛球馆-4号,16:00-17:00,1,1,已售/已满,已售,多云,19,17,4,0.0,79,32
2026-05-21 10:20:38,2026-05-21,4,羽毛球馆-4号,16:00-17:00,1,1,已售/已满,已售,多云,19,17,4,0.0,79,32
2026-05-21 10:30:41,2026-05-21,4,羽毛球馆-4号,16:00-17:00,1,1,已售/已满,已售,多云,19,18,3,0.0,78,31
2026-05-21 11:00:44,2026-05-21,4,羽毛球馆-4号,16:00-17:00,1,1,已售/已满,已售,多云,21,17,5,0.0,74,31
2026-05-21 11:30:38,2026-05-21,4,羽毛球馆-4号,16:00-17:00,1,1,已售/已满,已售,多云,21,19,3,0.0,72,33
2026-05-21 12:00:46,2026-05-21,4,羽毛球馆-4号,16:00-17:00,1,1,已售/已满,已售,多云,22,19,4,0.0,70,33
2026-05-21 12:30:42,2026-05-21,4,羽毛球馆-4号,16:00-17:00,1,1,已售/已满,已售,多云,22,21,3,0.0,68,35
2026-05-21 13:00:43,2026-05-21,4,羽毛球馆-4号,16:00-17:00,1,1,已售/已满,已售,多云,24,22,4,0.0,66,35
2026-05-21 13:30:43,2026-05-21,4,羽毛球馆-4号,16:00-17:00,1,1,已售/已满,已售,多云,24,22,4,0.0,66,36
2026-05-21 14:00:48,2026-05-21,4,羽毛球馆-4号,16:00-17:00,1,1,已售/已满,已售,多云,25,23,4,0.0,66,36
2026-05-21 14:30:45,2026-05-21,4,羽毛球馆-4号,16:00-17:00,1,1,已售/已满,已售,晴,25,25,3,0.0,65,39
2026-05-21 15:00:45,2026-05-21,4,羽毛球馆-4号,16:00-17:00,1,1,已售/已满,已售,晴,25,22,4,0.0,56,39
2026-05-21 15:30:43,2026-05-21,4,羽毛球馆-4号,16:00-17:00,1,1,已售/已满,已售,晴,25,23,4,0.0,57,40
2026-05-21 16:00:51,2026-05-21,4,羽毛球馆-4号,16:00-17:00,1,1,已售/已满,已售,晴,25,23,4,0.0,57,40
2026-05-21 16:30:48,2026-05-21,4,羽毛球馆-4号,16:00-17:00,1,1,已售/已满,已售,晴,25,24,3,0.0,60,39
2026-05-21 17:00:49,2026-05-21,4,羽毛球馆-4号,16:00-17:00,1,1,已售/已满,已售,晴,25,24,4,0.0,61,39
2026-05-21 17:30:47,2026-05-21,4,羽毛球馆-4号,16:00-17:00,1,1,已售/已满,已售,多云,24,23,3,0.0,64,39
2026-05-21 18:00:50,2026-05-21,4,羽毛球馆-4号,16:00-17:00,1,1,已售/已满,已售,多云,24,23,3,0.0,68,39
2026-05-21 18:30:50,2026-05-21,4,羽毛球馆-4号,16:00-17:00,1,1,已售/已满,已售,阴,24,25,2,0.0,68,40
2026-05-21 19:00:50,2026-05-21,4,羽毛球馆-4号,16:00-17:00,1,1,已售/已满,已售,阴,23,23,3,0.0,76,40
2026-05-21 19:30:46,2026-05-21,4,羽毛球馆-4号,16:00-17:00,1,1,已售/已满,已售,阴,23,24,2,0.0,77,39
2026-05-21 20:00:49,2026-05-21,4,羽毛球馆-4号,16:00-17:00,1,1,已售/已满,已售,雾,22,23,2,0.0,89,39
2026-05-21 20:30:44,2026-05-21,4,羽毛球馆-4号,16:00-17:00,1,1,已售/已满,已售,雾,22,24,2,0.0,93,43
2026-05-21 21:00:56,2026-05-21,4,羽毛球馆-4号,16:00-17:00,1,1,已售/已满,已售,雾,20,21,2,0.0,98,43
2026-05-21 21:30:46,2026-05-21,4,羽毛球馆-4号,16:00-17:00,1,1,已售/已满,已售,雾,20,22,1,0.0,99,41
2026-05-21 22:01:02,2026-05-21,4,羽毛球馆-4号,16:00-17:00,1,1,已售/已满,已售,雾,19,20,2,0.0,93,41
2026-05-21 22:30:47,2026-05-21,4,羽毛球馆-4号,16:00-17:00,1,1,已售/已满,已售,雾,19,19,3,0.0,88,46
2026-05-21 23:00:56,2026-05-21,4,羽毛球馆-4号,16:00-17:00,1,1,已售/已满,已售,多云,18,17,3,0.0,85,46
2026-05-21 23:30:55,2026-05-21,4,羽毛球馆-4号,16:00-17:00,1,1,已售/已满,已售,多云,18,17,3,0.0,85,48
2026-05-21 00:30:49,2026-05-21,4,羽毛球馆-4号,17:00-18:00,1,1,已售/已满,已售,多云,15,13,3,0.0,100,26
2026-05-21 01:00:55,2026-05-21,4,羽毛球馆-4号,17:00-18:00,1,1,已售/已满,已售,多云,15,12,4,0.0,100,26
2026-05-21 01:30:47,2026-05-21,4,羽毛球馆-4号,17:00-18:00,1,1,已售/已满,已售,多云,15,13,4,0.0,100,28
2026-05-21 02:00:53,2026-05-21,4,羽毛球馆-4号,17:00-18:00,1,1,已售/已满,已售,多云,15,12,4,0.0,100,28
2026-05-21 02:30:49,2026-05-21,4,羽毛球馆-4号,17:00-18:00,1,1,已售/已满,已售,多云,15,14,3,0.0,100,29
2026-05-21 03:00:55,2026-05-21,4,羽毛球馆-4号,17:00-18:00,1,1,已售/已满,已售,多云,15,12,4,0.0,100,29
2026-05-21 03:30:49,2026-05-21,4,羽毛球馆-4号,17:00-18:00,1,1,已售/已满,已售,多云,15,14,3,0.0,100,30
2026-05-21 04:30:45,2026-05-21,4,羽毛球馆-4号,17:00-18:00,1,1,已售/已满,已售,多云,15,12,4,0.0,100,29
2026-05-21 05:00:52,2026-05-21,4,羽毛球馆-4号,17:00-18:00,1,1,已售/已满,已售,多云,15,12,4,0.0,100,29
2026-05-21 05:30:49,2026-05-21,4,羽毛球馆-4号,17:00-18:00,1,1,已售/已满,已售,多云,15,13,3,0.0,100,28
2026-05-21 06:00:50,2026-05-21,4,羽毛球馆-4号,17:00-18:00,1,1,已售/已满,已售,多云,15,13,4,0.0,99,28
2026-05-21 06:30:38,2026-05-21,4,羽毛球馆-4号,17:00-18:00,1,1,已售/已满,已售,多云,15,13,3,0.0,97,28
2026-05-21 07:00:43,2026-05-21,4,羽毛球馆-4号,17:00-18:00,1,1,已售/已满,已售,晴,15,11,5,0.0,93,28
2026-05-21 07:30:39,2026-05-21,4,羽毛球馆-4号,17:00-18:00,1,1,已售/已满,已售,晴,17,13,4,0.0,89,29
2026-05-21 07:50:40,2026-05-21,4,羽毛球馆-4号,17:00-18:00,1,1,已售/已满,已售,晴,17,13,4,0.0,88,29
2026-05-21 07:53:31,2026-05-21,4,羽毛球馆-4号,17:00-18:00,1,1,已售/已满,已售,晴,17,12,5,0.0,86,29
2026-05-21 07:56:31,2026-05-21,4,羽毛球馆-4号,17:00-18:00,1,1,已售/已满,已售,晴,17,12,5,0.0,86,29
2026-05-21 07:59:26,2026-05-21,4,羽毛球馆-4号,17:00-18:00,1,1,已售/已满,已售,晴,17,12,5,0.0,86,29
2026-05-21 08:00:45,2026-05-21,4,羽毛球馆-4号,17:00-18:00,1,1,已售/已满,已售,晴,17,12,5,0.0,86,29
2026-05-21 08:02:30,2026-05-21,4,羽毛球馆-4号,17:00-18:00,1,1,已售/已满,已售,多云,17,12,5,0.0,87,29
2026-05-21 08:05:36,2026-05-21,4,羽毛球馆-4号,17:00-18:00,1,1,已售/已满,已售,多云,17,12,5,0.0,86,29
2026-05-21 08:08:31,2026-05-21,4,羽毛球馆-4号,17:00-18:00,1,1,已售/已满,已售,多云,17,12,5,0.0,86,29
2026-05-21 08:11:30,2026-05-21,4,羽毛球馆-4号,17:00-18:00,1,1,已售/已满,已售,多云,17,12,5,0.0,86,29
2026-05-21 08:14:31,2026-05-21,4,羽毛球馆-4号,17:00-18:00,1,1,已售/已满,已售,多云,17,12,5,0.0,86,29
2026-05-21 08:17:30,2026-05-21,4,羽毛球馆-4号,17:00-18:00,1,1,已售/已满,已售,多云,17,12,5,0.0,86,29
2026-05-21 08:20:35,2026-05-21,4,羽毛球馆-4号,17:00-18:00,1,1,已售/已满,已售,多云,17,14,4,0.0,85,29
2026-05-21 08:25:32,2026-05-21,4,羽毛球馆-4号,17:00-18:00,1,1,已售/已满,已售,多云,17,14,4,0.0,85,28
2026-05-21 08:30:42,2026-05-21,4,羽毛球馆-4号,17:00-18:00,1,1,已售/已满,已售,多云,18,15,4,0.0,84,28
2026-05-21 08:35:31,2026-05-21,4,羽毛球馆-4号,17:00-18:00,1,1,已售/已满,已售,多云,18,15,4,0.0,84,28
2026-05-21 08:40:38,2026-05-21,4,羽毛球馆-4号,17:00-18:00,1,1,已售/已满,已售,多云,18,15,4,0.0,82,28
2026-05-21 08:45:33,2026-05-21,4,羽毛球馆-4号,17:00-18:00,1,1,已售/已满,已售,多云,18,15,4,0.0,82,28
2026-05-21 08:50:36,2026-05-21,4,羽毛球馆-4号,17:00-18:00,1,1,已售/已满,已售,多云,18,15,4,0.0,82,28
2026-05-21 08:55:34,2026-05-21,4,羽毛球馆-4号,17:00-18:00,1,1,已售/已满,已售,多云,18,15,4,0.0,84,28
2026-05-21 09:00:51,2026-05-21,4,羽毛球馆-4号,17:00-18:00,1,1,已售/已满,已售,多云,18,15,4,0.0,84,28
2026-05-21 09:01:59,2026-05-21,4,羽毛球馆-4号,17:00-18:00,1,1,已售/已满,已售,多云,18,15,4,0.0,83,28
2026-05-21 09:05:33,2026-05-21,4,羽毛球馆-4号,17:00-18:00,1,1,已售/已满,已售,多云,18,15,4,0.0,83,28
2026-05-21 09:20:38,2026-05-21,4,羽毛球馆-4号,17:00-18:00,1,1,已售/已满,已售,多云,18,16,3,0.0,81,28
2026-05-21 09:30:46,2026-05-21,4,羽毛球馆-4号,17:00-18:00,1,1,已售/已满,已售,多云,18,16,3,0.0,81,32
2026-05-21 09:40:36,2026-05-21,4,羽毛球馆-4号,17:00-18:00,1,1,已售/已满,已售,多云,19,17,3,0.0,79,32
2026-05-21 09:50:42,2026-05-21,4,羽毛球馆-4号,17:00-18:00,1,1,已售/已满,已售,多云,19,17,4,0.0,81,32
2026-05-21 10:00:46,2026-05-21,4,羽毛球馆-4号,17:00-18:00,1,1,已售/已满,已售,多云,19,17,4,0.0,79,32
2026-05-21 10:10:40,2026-05-21,4,羽毛球馆-4号,17:00-18:00,1,1,已售/已满,已售,多云,19,17,4,0.0,79,32
2026-05-21 10:20:38,2026-05-21,4,羽毛球馆-4号,17:00-18:00,1,1,已售/已满,已售,多云,19,17,4,0.0,79,32
2026-05-21 10:30:41,2026-05-21,4,羽毛球馆-4号,17:00-18:00,1,1,已售/已满,已售,多云,19,18,3,0.0,78,31
2026-05-21 11:00:44,2026-05-21,4,羽毛球馆-4号,17:00-18:00,1,1,已售/已满,已售,多云,21,17,5,0.0,74,31
2026-05-21 11:30:38,2026-05-21,4,羽毛球馆-4号,17:00-18:00,1,1,已售/已满,已售,多云,21,19,3,0.0,72,33
2026-05-21 12:00:46,2026-05-21,4,羽毛球馆-4号,17:00-18:00,1,1,已售/已满,已售,多云,22,19,4,0.0,70,33
2026-05-21 12:30:42,2026-05-21,4,羽毛球馆-4号,17:00-18:00,1,1,已售/已满,已售,多云,22,21,3,0.0,68,35
2026-05-21 13:00:43,2026-05-21,4,羽毛球馆-4号,17:00-18:00,1,1,已售/已满,已售,多云,24,22,4,0.0,66,35
2026-05-21 13:30:43,2026-05-21,4,羽毛球馆-4号,17:00-18:00,1,1,已售/已满,已售,多云,24,22,4,0.0,66,36
2026-05-21 14:00:48,2026-05-21,4,羽毛球馆-4号,17:00-18:00,1,1,已售/已满,已售,多云,25,23,4,0.0,66,36
2026-05-21 14:30:45,2026-05-21,4,羽毛球馆-4号,17:00-18:00,1,1,已售/已满,已售,晴,25,25,3,0.0,65,39
2026-05-21 15:00:45,2026-05-21,4,羽毛球馆-4号,17:00-18:00,1,1,已售/已满,已售,晴,25,22,4,0.0,56,39
2026-05-21 15:30:43,2026-05-21,4,羽毛球馆-4号,17:00-18:00,1,1,已售/已满,已售,晴,25,23,4,0.0,57,40
2026-05-21 16:00:51,2026-05-21,4,羽毛球馆-4号,17:00-18:00,1,1,已售/已满,已售,晴,25,23,4,0.0,57,40
2026-05-21 16:30:48,2026-05-21,4,羽毛球馆-4号,17:00-18:00,1,1,已售/已满,已售,晴,25,24,3,0.0,60,39
2026-05-21 17:00:49,2026-05-21,4,羽毛球馆-4号,17:00-18:00,1,1,已售/已满,已售,晴,25,24,4,0.0,61,39
2026-05-21 17:30:47,2026-05-21,4,羽毛球馆-4号,17:00-18:00,1,1,已售/已满,已售,多云,24,23,3,0.0,64,39
2026-05-21 18:00:50,2026-05-21,4,羽毛球馆-4号,17:00-18:00,1,1,已售/已满,已售,多云,24,23,3,0.0,68,39
2026-05-21 18:30:50,2026-05-21,4,羽毛球馆-4号,17:00-18:00,1,1,已售/已满,已售,阴,24,25,2,0.0,68,40
2026-05-21 19:00:50,2026-05-21,4,羽毛球馆-4号,17:00-18:00,1,1,已售/已满,已售,阴,23,23,3,0.0,76,40
2026-05-21 19:30:46,2026-05-21,4,羽毛球馆-4号,17:00-18:00,1,1,已售/已满,已售,阴,23,24,2,0.0,77,39
2026-05-21 20:00:49,2026-05-21,4,羽毛球馆-4号,17:00-18:00,1,1,已售/已满,已售,雾,22,23,2,0.0,89,39
2026-05-21 20:30:44,2026-05-21,4,羽毛球馆-4号,17:00-18:00,1,1,已售/已满,已售,雾,22,24,2,0.0,93,43
2026-05-21 21:00:56,2026-05-21,4,羽毛球馆-4号,17:00-18:00,1,1,已售/已满,已售,雾,20,21,2,0.0,98,43
2026-05-21 21:30:46,2026-05-21,4,羽毛球馆-4号,17:00-18:00,1,1,已售/已满,已售,雾,20,22,1,0.0,99,41
2026-05-21 22:01:02,2026-05-21,4,羽毛球馆-4号,17:00-18:00,1,1,已售/已满,已售,雾,19,20,2,0.0,93,41
2026-05-21 22:30:47,2026-05-21,4,羽毛球馆-4号,17:00-18:00,1,1,已售/已满,已售,雾,19,19,3,0.0,88,46
2026-05-21 23:00:56,2026-05-21,4,羽毛球馆-4号,17:00-18:00,1,1,已售/已满,已售,多云,18,17,3,0.0,85,46
2026-05-21 23:30:55,2026-05-21,4,羽毛球馆-4号,17:00-18:00,1,1,已售/已满,已售,多云,18,17,3,0.0,85,48
2026-05-21 00:30:49,2026-05-21,4,羽毛球馆-4号,18:30-19:30,1,1,已售/已满,已售,多云,15,13,3,0.0,100,26
2026-05-21 01:00:55,2026-05-21,4,羽毛球馆-4号,18:30-19:30,1,1,已售/已满,已售,多云,15,12,4,0.0,100,26
2026-05-21 01:30:47,2026-05-21,4,羽毛球馆-4号,18:30-19:30,1,1,已售/已满,已售,多云,15,13,4,0.0,100,28
2026-05-21 02:00:53,2026-05-21,4,羽毛球馆-4号,18:30-19:30,1,1,已售/已满,已售,多云,15,12,4,0.0,100,28
2026-05-21 02:30:49,2026-05-21,4,羽毛球馆-4号,18:30-19:30,1,1,已售/已满,已售,多云,15,14,3,0.0,100,29
2026-05-21 03:00:55,2026-05-21,4,羽毛球馆-4号,18:30-19:30,1,1,已售/已满,已售,多云,15,12,4,0.0,100,29
2026-05-21 03:30:49,2026-05-21,4,羽毛球馆-4号,18:30-19:30,1,1,已售/已满,已售,多云,15,14,3,0.0,100,30
2026-05-21 04:30:45,2026-05-21,4,羽毛球馆-4号,18:30-19:30,1,1,已售/已满,已售,多云,15,12,4,0.0,100,29
2026-05-21 05:00:52,2026-05-21,4,羽毛球馆-4号,18:30-19:30,1,1,已售/已满,已售,多云,15,12,4,0.0,100,29
2026-05-21 05:30:49,2026-05-21,4,羽毛球馆-4号,18:30-19:30,1,1,已售/已满,已售,多云,15,13,3,0.0,100,28
2026-05-21 06:00:50,2026-05-21,4,羽毛球馆-4号,18:30-19:30,1,1,已售/已满,已售,多云,15,13,4,0.0,99,28
2026-05-21 06:30:38,2026-05-21,4,羽毛球馆-4号,18:30-19:30,1,1,已售/已满,已售,多云,15,13,3,0.0,97,28
2026-05-21 07:00:43,2026-05-21,4,羽毛球馆-4号,18:30-19:30,1,1,已售/已满,已售,晴,15,11,5,0.0,93,28
2026-05-21 07:30:39,2026-05-21,4,羽毛球馆-4号,18:30-19:30,1,1,已售/已满,已售,晴,17,13,4,0.0,89,29
2026-05-21 07:50:40,2026-05-21,4,羽毛球馆-4号,18:30-19:30,1,1,已售/已满,已售,晴,17,13,4,0.0,88,29
2026-05-21 07:53:31,2026-05-21,4,羽毛球馆-4号,18:30-19:30,1,1,已售/已满,已售,晴,17,12,5,0.0,86,29
2026-05-21 07:56:31,2026-05-21,4,羽毛球馆-4号,18:30-19:30,1,1,已售/已满,已售,晴,17,12,5,0.0,86,29
2026-05-21 07:59:26,2026-05-21,4,羽毛球馆-4号,18:30-19:30,1,1,已售/已满,已售,晴,17,12,5,0.0,86,29
2026-05-21 08:00:45,2026-05-21,4,羽毛球馆-4号,18:30-19:30,1,1,已售/已满,已售,晴,17,12,5,0.0,86,29
2026-05-21 08:02:30,2026-05-21,4,羽毛球馆-4号,18:30-19:30,1,1,已售/已满,已售,多云,17,12,5,0.0,87,29
2026-05-21 08:05:36,2026-05-21,4,羽毛球馆-4号,18:30-19:30,1,1,已售/已满,已售,多云,17,12,5,0.0,86,29
2026-05-21 08:08:31,2026-05-21,4,羽毛球馆-4号,18:30-19:30,1,1,已售/已满,已售,多云,17,12,5,0.0,86,29
2026-05-21 08:11:30,2026-05-21,4,羽毛球馆-4号,18:30-19:30,1,1,已售/已满,已售,多云,17,12,5,0.0,86,29
2026-05-21 08:14:31,2026-05-21,4,羽毛球馆-4号,18:30-19:30,1,1,已售/已满,已售,多云,17,12,5,0.0,86,29
2026-05-21 08:17:30,2026-05-21,4,羽毛球馆-4号,18:30-19:30,1,1,已售/已满,已售,多云,17,12,5,0.0,86,29
2026-05-21 08:20:35,2026-05-21,4,羽毛球馆-4号,18:30-19:30,1,1,已售/已满,已售,多云,17,14,4,0.0,85,29
2026-05-21 08:25:32,2026-05-21,4,羽毛球馆-4号,18:30-19:30,1,1,已售/已满,已售,多云,17,14,4,0.0,85,28
2026-05-21 08:30:42,2026-05-21,4,羽毛球馆-4号,18:30-19:30,1,1,已售/已满,已售,多云,18,15,4,0.0,84,28
2026-05-21 08:35:31,2026-05-21,4,羽毛球馆-4号,18:30-19:30,1,1,已售/已满,已售,多云,18,15,4,0.0,84,28
2026-05-21 08:40:38,2026-05-21,4,羽毛球馆-4号,18:30-19:30,1,1,已售/已满,已售,多云,18,15,4,0.0,82,28
2026-05-21 08:45:33,2026-05-21,4,羽毛球馆-4号,18:30-19:30,1,1,已售/已满,已售,多云,18,15,4,0.0,82,28
2026-05-21 08:50:36,2026-05-21,4,羽毛球馆-4号,18:30-19:30,1,1,已售/已满,已售,多云,18,15,4,0.0,82,28
2026-05-21 08:55:34,2026-05-21,4,羽毛球馆-4号,18:30-19:30,1,1,已售/已满,已售,多云,18,15,4,0.0,84,28
2026-05-21 09:00:51,2026-05-21,4,羽毛球馆-4号,18:30-19:30,1,1,已售/已满,已售,多云,18,15,4,0.0,84,28
2026-05-21 09:01:59,2026-05-21,4,羽毛球馆-4号,18:30-19:30,1,1,已售/已满,已售,多云,18,15,4,0.0,83,28
2026-05-21 09:05:33,2026-05-21,4,羽毛球馆-4号,18:30-19:30,1,1,已售/已满,已售,多云,18,15,4,0.0,83,28
2026-05-21 09:20:38,2026-05-21,4,羽毛球馆-4号,18:30-19:30,1,1,已售/已满,已售,多云,18,16,3,0.0,81,28
2026-05-21 09:30:46,2026-05-21,4,羽毛球馆-4号,18:30-19:30,1,1,已售/已满,已售,多云,18,16,3,0.0,81,32
2026-05-21 09:40:36,2026-05-21,4,羽毛球馆-4号,18:30-19:30,1,1,已售/已满,已售,多云,19,17,3,0.0,79,32
2026-05-21 09:50:42,2026-05-21,4,羽毛球馆-4号,18:30-19:30,1,1,已售/已满,已售,多云,19,17,4,0.0,81,32
2026-05-21 10:00:46,2026-05-21,4,羽毛球馆-4号,18:30-19:30,1,1,已售/已满,已售,多云,19,17,4,0.0,79,32
2026-05-21 10:10:40,2026-05-21,4,羽毛球馆-4号,18:30-19:30,1,1,已售/已满,已售,多云,19,17,4,0.0,79,32
2026-05-21 10:20:38,2026-05-21,4,羽毛球馆-4号,18:30-19:30,1,1,已售/已满,已售,多云,19,17,4,0.0,79,32
2026-05-21 10:30:41,2026-05-21,4,羽毛球馆-4号,18:30-19:30,1,1,已售/已满,已售,多云,19,18,3,0.0,78,31
2026-05-21 11:00:44,2026-05-21,4,羽毛球馆-4号,18:30-19:30,1,1,已售/已满,已售,多云,21,17,5,0.0,74,31
2026-05-21 11:30:38,2026-05-21,4,羽毛球馆-4号,18:30-19:30,1,1,已售/已满,已售,多云,21,19,3,0.0,72,33
2026-05-21 12:00:46,2026-05-21,4,羽毛球馆-4号,18:30-19:30,1,1,已售/已满,已售,多云,22,19,4,0.0,70,33
2026-05-21 12:30:42,2026-05-21,4,羽毛球馆-4号,18:30-19:30,1,1,已售/已满,已售,多云,22,21,3,0.0,68,35
2026-05-21 13:00:43,2026-05-21,4,羽毛球馆-4号,18:30-19:30,1,1,已售/已满,已售,多云,24,22,4,0.0,66,35
2026-05-21 13:30:43,2026-05-21,4,羽毛球馆-4号,18:30-19:30,1,1,已售/已满,已售,多云,24,22,4,0.0,66,36
2026-05-21 14:00:48,2026-05-21,4,羽毛球馆-4号,18:30-19:30,1,1,已售/已满,已售,多云,25,23,4,0.0,66,36
2026-05-21 14:30:45,2026-05-21,4,羽毛球馆-4号,18:30-19:30,1,1,已售/已满,已售,晴,25,25,3,0.0,65,39
2026-05-21 15:00:45,2026-05-21,4,羽毛球馆-4号,18:30-19:30,1,1,已售/已满,已售,晴,25,22,4,0.0,56,39
2026-05-21 15:30:43,2026-05-21,4,羽毛球馆-4号,18:30-19:30,1,1,已售/已满,已售,晴,25,23,4,0.0,57,40
2026-05-21 16:00:51,2026-05-21,4,羽毛球馆-4号,18:30-19:30,1,1,已售/已满,已售,晴,25,23,4,0.0,57,40
2026-05-21 16:30:48,2026-05-21,4,羽毛球馆-4号,18:30-19:30,1,1,已售/已满,已售,晴,25,24,3,0.0,60,39
2026-05-21 17:00:49,2026-05-21,4,羽毛球馆-4号,18:30-19:30,1,1,已售/已满,已售,晴,25,24,4,0.0,61,39
2026-05-21 17:30:47,2026-05-21,4,羽毛球馆-4号,18:30-19:30,1,1,已售/已满,已售,多云,24,23,3,0.0,64,39
2026-05-21 18:00:50,2026-05-21,4,羽毛球馆-4号,18:30-19:30,1,1,已售/已满,已售,多云,24,23,3,0.0,68,39
2026-05-21 18:30:50,2026-05-21,4,羽毛球馆-4号,18:30-19:30,1,1,已售/已满,已售,阴,24,25,2,0.0,68,40
2026-05-21 19:00:50,2026-05-21,4,羽毛球馆-4号,18:30-19:30,1,1,已售/已满,已售,阴,23,23,3,0.0,76,40
2026-05-21 19:30:46,2026-05-21,4,羽毛球馆-4号,18:30-19:30,1,1,已售/已满,已售,阴,23,24,2,0.0,77,39
2026-05-21 20:00:49,2026-05-21,4,羽毛球馆-4号,18:30-19:30,1,1,已售/已满,已售,雾,22,23,2,0.0,89,39
2026-05-21 20:30:44,2026-05-21,4,羽毛球馆-4号,18:30-19:30,1,1,已售/已满,已售,雾,22,24,2,0.0,93,43
2026-05-21 21:00:56,2026-05-21,4,羽毛球馆-4号,18:30-19:30,1,1,已售/已满,已售,雾,20,21,2,0.0,98,43
2026-05-21 21:30:46,2026-05-21,4,羽毛球馆-4号,18:30-19:30,1,1,已售/已满,已售,雾,20,22,1,0.0,99,41
2026-05-21 22:01:02,2026-05-21,4,羽毛球馆-4号,18:30-19:30,1,1,已售/已满,已售,雾,19,20,2,0.0,93,41
2026-05-21 22:30:47,2026-05-21,4,羽毛球馆-4号,18:30-19:30,1,1,已售/已满,已售,雾,19,19,3,0.0,88,46
2026-05-21 23:00:56,2026-05-21,4,羽毛球馆-4号,18:30-19:30,1,1,已售/已满,已售,多云,18,17,3,0.0,85,46
2026-05-21 23:30:55,2026-05-21,4,羽毛球馆-4号,18:30-19:30,1,1,已售/已满,已售,多云,18,17,3,0.0,85,48
2026-05-21 00:30:49,2026-05-21,4,羽毛球馆-4号,19:30-20:30,1,1,已售/已满,已售,多云,15,13,3,0.0,100,26
2026-05-21 01:00:55,2026-05-21,4,羽毛球馆-4号,19:30-20:30,1,1,已售/已满,已售,多云,15,12,4,0.0,100,26
2026-05-21 01:30:47,2026-05-21,4,羽毛球馆-4号,19:30-20:30,1,1,已售/已满,已售,多云,15,13,4,0.0,100,28
2026-05-21 02:00:53,2026-05-21,4,羽毛球馆-4号,19:30-20:30,1,1,已售/已满,已售,多云,15,12,4,0.0,100,28
2026-05-21 02:30:49,2026-05-21,4,羽毛球馆-4号,19:30-20:30,1,1,已售/已满,已售,多云,15,14,3,0.0,100,29
2026-05-21 03:00:55,2026-05-21,4,羽毛球馆-4号,19:30-20:30,1,1,已售/已满,已售,多云,15,12,4,0.0,100,29
2026-05-21 03:30:49,2026-05-21,4,羽毛球馆-4号,19:30-20:30,1,1,已售/已满,已售,多云,15,14,3,0.0,100,30
2026-05-21 04:30:45,2026-05-21,4,羽毛球馆-4号,19:30-20:30,1,1,已售/已满,已售,多云,15,12,4,0.0,100,29
2026-05-21 05:00:52,2026-05-21,4,羽毛球馆-4号,19:30-20:30,1,1,已售/已满,已售,多云,15,12,4,0.0,100,29
2026-05-21 05:30:49,2026-05-21,4,羽毛球馆-4号,19:30-20:30,1,1,已售/已满,已售,多云,15,13,3,0.0,100,28
2026-05-21 06:00:50,2026-05-21,4,羽毛球馆-4号,19:30-20:30,1,1,已售/已满,已售,多云,15,13,4,0.0,99,28
2026-05-21 06:30:38,2026-05-21,4,羽毛球馆-4号,19:30-20:30,1,1,已售/已满,已售,多云,15,13,3,0.0,97,28
2026-05-21 07:00:43,2026-05-21,4,羽毛球馆-4号,19:30-20:30,1,1,已售/已满,已售,晴,15,11,5,0.0,93,28
2026-05-21 07:30:39,2026-05-21,4,羽毛球馆-4号,19:30-20:30,1,1,已售/已满,已售,晴,17,13,4,0.0,89,29
2026-05-21 07:50:40,2026-05-21,4,羽毛球馆-4号,19:30-20:30,1,1,已售/已满,已售,晴,17,13,4,0.0,88,29
2026-05-21 07:53:31,2026-05-21,4,羽毛球馆-4号,19:30-20:30,1,1,已售/已满,已售,晴,17,12,5,0.0,86,29
2026-05-21 07:56:31,2026-05-21,4,羽毛球馆-4号,19:30-20:30,1,1,已售/已满,已售,晴,17,12,5,0.0,86,29
2026-05-21 07:59:26,2026-05-21,4,羽毛球馆-4号,19:30-20:30,1,1,已售/已满,已售,晴,17,12,5,0.0,86,29
2026-05-21 08:00:45,2026-05-21,4,羽毛球馆-4号,19:30-20:30,1,1,已售/已满,已售,晴,17,12,5,0.0,86,29
2026-05-21 08:02:30,2026-05-21,4,羽毛球馆-4号,19:30-20:30,1,1,已售/已满,已售,多云,17,12,5,0.0,87,29
2026-05-21 08:05:36,2026-05-21,4,羽毛球馆-4号,19:30-20:30,1,1,已售/已满,已售,多云,17,12,5,0.0,86,29
2026-05-21 08:08:31,2026-05-21,4,羽毛球馆-4号,19:30-20:30,1,1,已售/已满,已售,多云,17,12,5,0.0,86,29
2026-05-21 08:11:30,2026-05-21,4,羽毛球馆-4号,19:30-20:30,1,1,已售/已满,已售,多云,17,12,5,0.0,86,29
2026-05-21 08:14:31,2026-05-21,4,羽毛球馆-4号,19:30-20:30,1,1,已售/已满,已售,多云,17,12,5,0.0,86,29
2026-05-21 08:17:30,2026-05-21,4,羽毛球馆-4号,19:30-20:30,1,1,已售/已满,已售,多云,17,12,5,0.0,86,29
2026-05-21 08:20:35,2026-05-21,4,羽毛球馆-4号,19:30-20:30,1,1,已售/已满,已售,多云,17,14,4,0.0,85,29
2026-05-21 08:25:32,2026-05-21,4,羽毛球馆-4号,19:30-20:30,1,1,已售/已满,已售,多云,17,14,4,0.0,85,28
2026-05-21 08:30:42,2026-05-21,4,羽毛球馆-4号,19:30-20:30,1,1,已售/已满,已售,多云,18,15,4,0.0,84,28
2026-05-21 08:35:31,2026-05-21,4,羽毛球馆-4号,19:30-20:30,1,1,已售/已满,已售,多云,18,15,4,0.0,84,28
2026-05-21 08:40:38,2026-05-21,4,羽毛球馆-4号,19:30-20:30,1,1,已售/已满,已售,多云,18,15,4,0.0,82,28
2026-05-21 08:45:33,2026-05-21,4,羽毛球馆-4号,19:30-20:30,1,1,已售/已满,已售,多云,18,15,4,0.0,82,28
2026-05-21 08:50:36,2026-05-21,4,羽毛球馆-4号,19:30-20:30,1,1,已售/已满,已售,多云,18,15,4,0.0,82,28
2026-05-21 08:55:34,2026-05-21,4,羽毛球馆-4号,19:30-20:30,1,1,已售/已满,已售,多云,18,15,4,0.0,84,28
2026-05-21 09:00:51,2026-05-21,4,羽毛球馆-4号,19:30-20:30,1,1,已售/已满,已售,多云,18,15,4,0.0,84,28
2026-05-21 09:01:59,2026-05-21,4,羽毛球馆-4号,19:30-20:30,1,1,已售/已满,已售,多云,18,15,4,0.0,83,28
2026-05-21 09:05:33,2026-05-21,4,羽毛球馆-4号,19:30-20:30,1,1,已售/已满,已售,多云,18,15,4,0.0,83,28
2026-05-21 09:20:38,2026-05-21,4,羽毛球馆-4号,19:30-20:30,1,1,已售/已满,已售,多云,18,16,3,0.0,81,28
2026-05-21 09:30:46,2026-05-21,4,羽毛球馆-4号,19:30-20:30,1,1,已售/已满,已售,多云,18,16,3,0.0,81,32
2026-05-21 09:40:36,2026-05-21,4,羽毛球馆-4号,19:30-20:30,1,1,已售/已满,已售,多云,19,17,3,0.0,79,32
2026-05-21 09:50:42,2026-05-21,4,羽毛球馆-4号,19:30-20:30,1,1,已售/已满,已售,多云,19,17,4,0.0,81,32
2026-05-21 10:00:46,2026-05-21,4,羽毛球馆-4号,19:30-20:30,1,1,已售/已满,已售,多云,19,17,4,0.0,79,32
2026-05-21 10:10:40,2026-05-21,4,羽毛球馆-4号,19:30-20:30,1,1,已售/已满,已售,多云,19,17,4,0.0,79,32
2026-05-21 10:20:38,2026-05-21,4,羽毛球馆-4号,19:30-20:30,1,1,已售/已满,已售,多云,19,17,4,0.0,79,32
2026-05-21 10:30:41,2026-05-21,4,羽毛球馆-4号,19:30-20:30,1,1,已售/已满,已售,多云,19,18,3,0.0,78,31
2026-05-21 11:00:44,2026-05-21,4,羽毛球馆-4号,19:30-20:30,1,1,已售/已满,已售,多云,21,17,5,0.0,74,31
2026-05-21 11:30:38,2026-05-21,4,羽毛球馆-4号,19:30-20:30,1,1,已售/已满,已售,多云,21,19,3,0.0,72,33
2026-05-21 12:00:46,2026-05-21,4,羽毛球馆-4号,19:30-20:30,1,1,已售/已满,已售,多云,22,19,4,0.0,70,33
2026-05-21 12:30:42,2026-05-21,4,羽毛球馆-4号,19:30-20:30,1,1,已售/已满,已售,多云,22,21,3,0.0,68,35
2026-05-21 13:00:43,2026-05-21,4,羽毛球馆-4号,19:30-20:30,1,1,已售/已满,已售,多云,24,22,4,0.0,66,35
2026-05-21 13:30:43,2026-05-21,4,羽毛球馆-4号,19:30-20:30,1,1,已售/已满,已售,多云,24,22,4,0.0,66,36
2026-05-21 14:00:48,2026-05-21,4,羽毛球馆-4号,19:30-20:30,1,1,已售/已满,已售,多云,25,23,4,0.0,66,36
2026-05-21 14:30:45,2026-05-21,4,羽毛球馆-4号,19:30-20:30,1,1,已售/已满,已售,晴,25,25,3,0.0,65,39
2026-05-21 15:00:45,2026-05-21,4,羽毛球馆-4号,19:30-20:30,1,1,已售/已满,已售,晴,25,22,4,0.0,56,39
2026-05-21 15:30:43,2026-05-21,4,羽毛球馆-4号,19:30-20:30,1,1,已售/已满,已售,晴,25,23,4,0.0,57,40
2026-05-21 16:00:51,2026-05-21,4,羽毛球馆-4号,19:30-20:30,1,1,已售/已满,已售,晴,25,23,4,0.0,57,40
2026-05-21 16:30:48,2026-05-21,4,羽毛球馆-4号,19:30-20:30,1,1,已售/已满,已售,晴,25,24,3,0.0,60,39
2026-05-21 17:00:49,2026-05-21,4,羽毛球馆-4号,19:30-20:30,1,1,已售/已满,已售,晴,25,24,4,0.0,61,39
2026-05-21 17:30:47,2026-05-21,4,羽毛球馆-4号,19:30-20:30,1,1,已售/已满,已售,多云,24,23,3,0.0,64,39
2026-05-21 18:00:50,2026-05-21,4,羽毛球馆-4号,19:30-20:30,1,1,已售/已满,已售,多云,24,23,3,0.0,68,39
2026-05-21 18:30:50,2026-05-21,4,羽毛球馆-4号,19:30-20:30,1,1,未支付锁定,,阴,24,25,2,0.0,68,40
2026-05-21 19:00:50,2026-05-21,4,羽毛球馆-4号,19:30-20:30,1,1,未支付锁定,,阴,23,23,3,0.0,76,40
2026-05-21 19:30:46,2026-05-21,4,羽毛球馆-4号,19:30-20:30,1,1,未支付锁定,,阴,23,24,2,0.0,77,39
2026-05-21 20:00:49,2026-05-21,4,羽毛球馆-4号,19:30-20:30,1,1,未支付锁定,,雾,22,23,2,0.0,89,39
2026-05-21 20:30:44,2026-05-21,4,羽毛球馆-4号,19:30-20:30,0,1,不开放/已过期,,雾,22,24,2,0.0,93,43
2026-05-21 21:00:56,2026-05-21,4,羽毛球馆-4号,19:30-20:30,0,1,不开放/已过期,,雾,20,21,2,0.0,98,43
2026-05-21 21:30:46,2026-05-21,4,羽毛球馆-4号,19:30-20:30,0,1,不开放/已过期,,雾,20,22,1,0.0,99,41
2026-05-21 22:01:02,2026-05-21,4,羽毛球馆-4号,19:30-20:30,0,1,不开放/已过期,,雾,19,20,2,0.0,93,41
2026-05-21 22:30:47,2026-05-21,4,羽毛球馆-4号,19:30-20:30,0,1,不开放/已过期,,雾,19,19,3,0.0,88,46
2026-05-21 23:00:56,2026-05-21,4,羽毛球馆-4号,19:30-20:30,0,1,不开放/已过期,,多云,18,17,3,0.0,85,46
2026-05-21 23:30:55,2026-05-21,4,羽毛球馆-4号,19:30-20:30,0,1,不开放/已过期,,多云,18,17,3,0.0,85,48
2026-05-21 00:30:49,2026-05-21,4,羽毛球馆-4号,20:30-21:30,1,1,已售/已满,已售,多云,15,13,3,0.0,100,26
2026-05-21 01:00:55,2026-05-21,4,羽毛球馆-4号,20:30-21:30,1,1,已售/已满,已售,多云,15,12,4,0.0,100,26
2026-05-21 01:30:47,2026-05-21,4,羽毛球馆-4号,20:30-21:30,1,1,已售/已满,已售,多云,15,13,4,0.0,100,28
2026-05-21 02:00:53,2026-05-21,4,羽毛球馆-4号,20:30-21:30,1,1,已售/已满,已售,多云,15,12,4,0.0,100,28
2026-05-21 02:30:49,2026-05-21,4,羽毛球馆-4号,20:30-21:30,1,1,已售/已满,已售,多云,15,14,3,0.0,100,29
2026-05-21 03:00:55,2026-05-21,4,羽毛球馆-4号,20:30-21:30,1,1,已售/已满,已售,多云,15,12,4,0.0,100,29
2026-05-21 03:30:49,2026-05-21,4,羽毛球馆-4号,20:30-21:30,1,1,已售/已满,已售,多云,15,14,3,0.0,100,30
2026-05-21 04:30:45,2026-05-21,4,羽毛球馆-4号,20:30-21:30,1,1,已售/已满,已售,多云,15,12,4,0.0,100,29
2026-05-21 05:00:52,2026-05-21,4,羽毛球馆-4号,20:30-21:30,1,1,已售/已满,已售,多云,15,12,4,0.0,100,29
2026-05-21 05:30:49,2026-05-21,4,羽毛球馆-4号,20:30-21:30,1,1,已售/已满,已售,多云,15,13,3,0.0,100,28
2026-05-21 06:00:50,2026-05-21,4,羽毛球馆-4号,20:30-21:30,1,1,已售/已满,已售,多云,15,13,4,0.0,99,28
2026-05-21 06:30:38,2026-05-21,4,羽毛球馆-4号,20:30-21:30,1,1,已售/已满,已售,多云,15,13,3,0.0,97,28
2026-05-21 07:00:43,2026-05-21,4,羽毛球馆-4号,20:30-21:30,1,1,已售/已满,已售,晴,15,11,5,0.0,93,28
2026-05-21 07:30:39,2026-05-21,4,羽毛球馆-4号,20:30-21:30,1,1,已售/已满,已售,晴,17,13,4,0.0,89,29
2026-05-21 07:50:40,2026-05-21,4,羽毛球馆-4号,20:30-21:30,1,1,已售/已满,已售,晴,17,13,4,0.0,88,29
2026-05-21 07:53:31,2026-05-21,4,羽毛球馆-4号,20:30-21:30,1,1,已售/已满,已售,晴,17,12,5,0.0,86,29
2026-05-21 07:56:31,2026-05-21,4,羽毛球馆-4号,20:30-21:30,1,1,已售/已满,已售,晴,17,12,5,0.0,86,29
2026-05-21 07:59:26,2026-05-21,4,羽毛球馆-4号,20:30-21:30,1,1,已售/已满,已售,晴,17,12,5,0.0,86,29
2026-05-21 08:00:45,2026-05-21,4,羽毛球馆-4号,20:30-21:30,1,1,已售/已满,已售,晴,17,12,5,0.0,86,29
2026-05-21 08:02:30,2026-05-21,4,羽毛球馆-4号,20:30-21:30,1,1,已售/已满,已售,多云,17,12,5,0.0,87,29
2026-05-21 08:05:36,2026-05-21,4,羽毛球馆-4号,20:30-21:30,1,1,已售/已满,已售,多云,17,12,5,0.0,86,29
2026-05-21 08:08:31,2026-05-21,4,羽毛球馆-4号,20:30-21:30,1,1,已售/已满,已售,多云,17,12,5,0.0,86,29
2026-05-21 08:11:30,2026-05-21,4,羽毛球馆-4号,20:30-21:30,1,1,已售/已满,已售,多云,17,12,5,0.0,86,29
2026-05-21 08:14:31,2026-05-21,4,羽毛球馆-4号,20:30-21:30,1,1,已售/已满,已售,多云,17,12,5,0.0,86,29
2026-05-21 08:17:30,2026-05-21,4,羽毛球馆-4号,20:30-21:30,1,1,已售/已满,已售,多云,17,12,5,0.0,86,29
2026-05-21 08:20:35,2026-05-21,4,羽毛球馆-4号,20:30-21:30,1,1,已售/已满,已售,多云,17,14,4,0.0,85,29
2026-05-21 08:25:32,2026-05-21,4,羽毛球馆-4号,20:30-21:30,1,1,已售/已满,已售,多云,17,14,4,0.0,85,28
2026-05-21 08:30:42,2026-05-21,4,羽毛球馆-4号,20:30-21:30,1,1,已售/已满,已售,多云,18,15,4,0.0,84,28
2026-05-21 08:35:31,2026-05-21,4,羽毛球馆-4号,20:30-21:30,1,1,已售/已满,已售,多云,18,15,4,0.0,84,28
2026-05-21 08:40:38,2026-05-21,4,羽毛球馆-4号,20:30-21:30,1,1,已售/已满,已售,多云,18,15,4,0.0,82,28
2026-05-21 08:45:33,2026-05-21,4,羽毛球馆-4号,20:30-21:30,1,1,已售/已满,已售,多云,18,15,4,0.0,82,28
2026-05-21 08:50:36,2026-05-21,4,羽毛球馆-4号,20:30-21:30,1,1,已售/已满,已售,多云,18,15,4,0.0,82,28
2026-05-21 08:55:34,2026-05-21,4,羽毛球馆-4号,20:30-21:30,1,1,已售/已满,已售,多云,18,15,4,0.0,84,28
2026-05-21 09:00:51,2026-05-21,4,羽毛球馆-4号,20:30-21:30,1,1,已售/已满,已售,多云,18,15,4,0.0,84,28
2026-05-21 09:01:59,2026-05-21,4,羽毛球馆-4号,20:30-21:30,1,1,已售/已满,已售,多云,18,15,4,0.0,83,28
2026-05-21 09:05:33,2026-05-21,4,羽毛球馆-4号,20:30-21:30,1,1,已售/已满,已售,多云,18,15,4,0.0,83,28
2026-05-21 09:20:38,2026-05-21,4,羽毛球馆-4号,20:30-21:30,1,1,已售/已满,已售,多云,18,16,3,0.0,81,28
2026-05-21 09:30:46,2026-05-21,4,羽毛球馆-4号,20:30-21:30,1,1,已售/已满,已售,多云,18,16,3,0.0,81,32
2026-05-21 09:40:36,2026-05-21,4,羽毛球馆-4号,20:30-21:30,1,1,已售/已满,已售,多云,19,17,3,0.0,79,32
2026-05-21 09:50:42,2026-05-21,4,羽毛球馆-4号,20:30-21:30,1,1,已售/已满,已售,多云,19,17,4,0.0,81,32
2026-05-21 10:00:46,2026-05-21,4,羽毛球馆-4号,20:30-21:30,1,1,已售/已满,已售,多云,19,17,4,0.0,79,32
2026-05-21 10:10:40,2026-05-21,4,羽毛球馆-4号,20:30-21:30,1,1,已售/已满,已售,多云,19,17,4,0.0,79,32
2026-05-21 10:20:38,2026-05-21,4,羽毛球馆-4号,20:30-21:30,1,1,已售/已满,已售,多云,19,17,4,0.0,79,32
2026-05-21 10:30:41,2026-05-21,4,羽毛球馆-4号,20:30-21:30,1,1,已售/已满,已售,多云,19,18,3,0.0,78,31
2026-05-21 11:00:44,2026-05-21,4,羽毛球馆-4号,20:30-21:30,1,1,已售/已满,已售,多云,21,17,5,0.0,74,31
2026-05-21 11:30:38,2026-05-21,4,羽毛球馆-4号,20:30-21:30,1,1,已售/已满,已售,多云,21,19,3,0.0,72,33
2026-05-21 12:00:46,2026-05-21,4,羽毛球馆-4号,20:30-21:30,1,1,已售/已满,已售,多云,22,19,4,0.0,70,33
2026-05-21 12:30:42,2026-05-21,4,羽毛球馆-4号,20:30-21:30,1,1,已售/已满,已售,多云,22,21,3,0.0,68,35
2026-05-21 13:00:43,2026-05-21,4,羽毛球馆-4号,20:30-21:30,1,1,已售/已满,已售,多云,24,22,4,0.0,66,35
2026-05-21 13:30:43,2026-05-21,4,羽毛球馆-4号,20:30-21:30,1,1,已售/已满,已售,多云,24,22,4,0.0,66,36
2026-05-21 14:00:48,2026-05-21,4,羽毛球馆-4号,20:30-21:30,1,1,已售/已满,已售,多云,25,23,4,0.0,66,36
2026-05-21 14:30:45,2026-05-21,4,羽毛球馆-4号,20:30-21:30,1,1,已售/已满,已售,晴,25,25,3,0.0,65,39
2026-05-21 15:00:45,2026-05-21,4,羽毛球馆-4号,20:30-21:30,1,1,已售/已满,已售,晴,25,22,4,0.0,56,39
2026-05-21 15:30:43,2026-05-21,4,羽毛球馆-4号,20:30-21:30,1,1,已售/已满,已售,晴,25,23,4,0.0,57,40
2026-05-21 16:00:51,2026-05-21,4,羽毛球馆-4号,20:30-21:30,1,1,已售/已满,已售,晴,25,23,4,0.0,57,40
2026-05-21 16:30:48,2026-05-21,4,羽毛球馆-4号,20:30-21:30,1,1,已售/已满,已售,晴,25,24,3,0.0,60,39
2026-05-21 17:00:49,2026-05-21,4,羽毛球馆-4号,20:30-21:30,1,1,已售/已满,已售,晴,25,24,4,0.0,61,39
2026-05-21 17:30:47,2026-05-21,4,羽毛球馆-4号,20:30-21:30,1,1,已售/已满,已售,多云,24,23,3,0.0,64,39
2026-05-21 18:00:50,2026-05-21,4,羽毛球馆-4号,20:30-21:30,1,1,已售/已满,已售,多云,24,23,3,0.0,68,39
2026-05-21 18:30:50,2026-05-21,4,羽毛球馆-4号,20:30-21:30,1,1,已售/已满,已售,阴,24,25,2,0.0,68,40
2026-05-21 19:00:50,2026-05-21,4,羽毛球馆-4号,20:30-21:30,1,1,已售/已满,已售,阴,23,23,3,0.0,76,40
2026-05-21 19:30:46,2026-05-21,4,羽毛球馆-4号,20:30-21:30,1,1,已售/已满,已售,阴,23,24,2,0.0,77,39
2026-05-21 20:00:49,2026-05-21,4,羽毛球馆-4号,20:30-21:30,1,1,已售/已满,已售,雾,22,23,2,0.0,89,39
2026-05-21 20:30:44,2026-05-21,4,羽毛球馆-4号,20:30-21:30,1,1,已售/已满,已售,雾,22,24,2,0.0,93,43
2026-05-21 21:00:56,2026-05-21,4,羽毛球馆-4号,20:30-21:30,1,1,已售/已满,已售,雾,20,21,2,0.0,98,43
2026-05-21 21:30:46,2026-05-21,4,羽毛球馆-4号,20:30-21:30,1,1,已售/已满,已售,雾,20,22,1,0.0,99,41
2026-05-21 22:01:02,2026-05-21,4,羽毛球馆-4号,20:30-21:30,1,1,已售/已满,已售,雾,19,20,2,0.0,93,41
2026-05-21 22:30:47,2026-05-21,4,羽毛球馆-4号,20:30-21:30,1,1,已售/已满,已售,雾,19,19,3,0.0,88,46
2026-05-21 23:00:56,2026-05-21,4,羽毛球馆-4号,20:30-21:30,1,1,已售/已满,已售,多云,18,17,3,0.0,85,46
2026-05-21 23:30:55,2026-05-21,4,羽毛球馆-4号,20:30-21:30,1,1,已售/已满,已售,多云,18,17,3,0.0,85,48
2026-05-21 00:30:49,2026-05-21,4,羽毛球馆-5号,07:00-08:00,0,1,可预约,￥0.0,多云,15,13,3,0.0,100,26
2026-05-21 01:00:55,2026-05-21,4,羽毛球馆-5号,07:00-08:00,0,1,可预约,￥0.0,多云,15,12,4,0.0,100,26
2026-05-21 01:30:47,2026-05-21,4,羽毛球馆-5号,07:00-08:00,0,1,可预约,￥0.0,多云,15,13,4,0.0,100,28
2026-05-21 02:00:53,2026-05-21,4,羽毛球馆-5号,07:00-08:00,0,1,可预约,￥0.0,多云,15,12,4,0.0,100,28
2026-05-21 02:30:49,2026-05-21,4,羽毛球馆-5号,07:00-08:00,0,1,可预约,￥0.0,多云,15,14,3,0.0,100,29
2026-05-21 03:00:55,2026-05-21,4,羽毛球馆-5号,07:00-08:00,0,1,可预约,￥0.0,多云,15,12,4,0.0,100,29
2026-05-21 03:30:49,2026-05-21,4,羽毛球馆-5号,07:00-08:00,0,1,可预约,￥0.0,多云,15,14,3,0.0,100,30
2026-05-21 04:30:45,2026-05-21,4,羽毛球馆-5号,07:00-08:00,0,1,可预约,￥0.0,多云,15,12,4,0.0,100,29
2026-05-21 05:00:52,2026-05-21,4,羽毛球馆-5号,07:00-08:00,0,1,可预约,￥0.0,多云,15,12,4,0.0,100,29
2026-05-21 05:30:49,2026-05-21,4,羽毛球馆-5号,07:00-08:00,0,1,可预约,￥0.0,多云,15,13,3,0.0,100,28
2026-05-21 06:00:50,2026-05-21,4,羽毛球馆-5号,07:00-08:00,0,1,可预约,￥0.0,多云,15,13,4,0.0,99,28
2026-05-21 06:30:38,2026-05-21,4,羽毛球馆-5号,07:00-08:00,0,1,可预约,￥0.0,多云,15,13,3,0.0,97,28
2026-05-21 07:00:43,2026-05-21,4,羽毛球馆-5号,07:00-08:00,0,1,可预约,￥0.0,晴,15,11,5,0.0,93,28
2026-05-21 07:30:39,2026-05-21,4,羽毛球馆-5号,07:00-08:00,0,1,可预约,￥0.0,晴,17,13,4,0.0,89,29
2026-05-21 07:50:40,2026-05-21,4,羽毛球馆-5号,07:00-08:00,0,1,可预约,￥0.0,晴,17,13,4,0.0,88,29
2026-05-21 07:53:31,2026-05-21,4,羽毛球馆-5号,07:00-08:00,0,1,可预约,￥0.0,晴,17,12,5,0.0,86,29
2026-05-21 07:56:31,2026-05-21,4,羽毛球馆-5号,07:00-08:00,0,1,可预约,￥0.0,晴,17,12,5,0.0,86,29
2026-05-21 07:59:26,2026-05-21,4,羽毛球馆-5号,07:00-08:00,0,1,可预约,￥0.0,晴,17,12,5,0.0,86,29
2026-05-21 08:00:45,2026-05-21,4,羽毛球馆-5号,07:00-08:00,0,1,不开放/已过期,,晴,17,12,5,0.0,86,29
2026-05-21 08:02:30,2026-05-21,4,羽毛球馆-5号,07:00-08:00,0,1,不开放/已过期,,多云,17,12,5,0.0,87,29
2026-05-21 08:05:36,2026-05-21,4,羽毛球馆-5号,07:00-08:00,0,1,不开放/已过期,,多云,17,12,5,0.0,86,29
2026-05-21 08:08:31,2026-05-21,4,羽毛球馆-5号,07:00-08:00,0,1,不开放/已过期,,多云,17,12,5,0.0,86,29
2026-05-21 08:11:30,2026-05-21,4,羽毛球馆-5号,07:00-08:00,0,1,不开放/已过期,,多云,17,12,5,0.0,86,29
2026-05-21 08:14:31,2026-05-21,4,羽毛球馆-5号,07:00-08:00,0,1,不开放/已过期,,多云,17,12,5,0.0,86,29
2026-05-21 08:17:30,2026-05-21,4,羽毛球馆-5号,07:00-08:00,0,1,不开放/已过期,,多云,17,12,5,0.0,86,29
2026-05-21 08:20:35,2026-05-21,4,羽毛球馆-5号,07:00-08:00,0,1,不开放/已过期,,多云,17,14,4,0.0,85,29
2026-05-21 08:25:32,2026-05-21,4,羽毛球馆-5号,07:00-08:00,0,1,不开放/已过期,,多云,17,14,4,0.0,85,28
2026-05-21 08:30:42,2026-05-21,4,羽毛球馆-5号,07:00-08:00,0,1,不开放/已过期,,多云,18,15,4,0.0,84,28
2026-05-21 08:35:31,2026-05-21,4,羽毛球馆-5号,07:00-08:00,0,1,不开放/已过期,,多云,18,15,4,0.0,84,28
2026-05-21 08:40:38,2026-05-21,4,羽毛球馆-5号,07:00-08:00,0,1,不开放/已过期,,多云,18,15,4,0.0,82,28
2026-05-21 08:45:33,2026-05-21,4,羽毛球馆-5号,07:00-08:00,0,1,不开放/已过期,,多云,18,15,4,0.0,82,28
2026-05-21 08:50:36,2026-05-21,4,羽毛球馆-5号,07:00-08:00,0,1,不开放/已过期,,多云,18,15,4,0.0,82,28
2026-05-21 08:55:34,2026-05-21,4,羽毛球馆-5号,07:00-08:00,0,1,不开放/已过期,,多云,18,15,4,0.0,84,28
2026-05-21 09:00:51,2026-05-21,4,羽毛球馆-5号,07:00-08:00,0,1,不开放/已过期,,多云,18,15,4,0.0,84,28
2026-05-21 09:01:59,2026-05-21,4,羽毛球馆-5号,07:00-08:00,0,1,不开放/已过期,,多云,18,15,4,0.0,83,28
2026-05-21 09:05:33,2026-05-21,4,羽毛球馆-5号,07:00-08:00,0,1,不开放/已过期,,多云,18,15,4,0.0,83,28
2026-05-21 09:20:38,2026-05-21,4,羽毛球馆-5号,07:00-08:00,0,1,不开放/已过期,,多云,18,16,3,0.0,81,28
2026-05-21 09:30:46,2026-05-21,4,羽毛球馆-5号,07:00-08:00,0,1,不开放/已过期,,多云,18,16,3,0.0,81,32
2026-05-21 09:40:36,2026-05-21,4,羽毛球馆-5号,07:00-08:00,0,1,不开放/已过期,,多云,19,17,3,0.0,79,32
2026-05-21 09:50:42,2026-05-21,4,羽毛球馆-5号,07:00-08:00,0,1,不开放/已过期,,多云,19,17,4,0.0,81,32
2026-05-21 10:00:46,2026-05-21,4,羽毛球馆-5号,07:00-08:00,0,1,不开放/已过期,,多云,19,17,4,0.0,79,32
2026-05-21 10:10:40,2026-05-21,4,羽毛球馆-5号,07:00-08:00,0,1,不开放/已过期,,多云,19,17,4,0.0,79,32
2026-05-21 10:20:38,2026-05-21,4,羽毛球馆-5号,07:00-08:00,0,1,不开放/已过期,,多云,19,17,4,0.0,79,32
2026-05-21 10:30:41,2026-05-21,4,羽毛球馆-5号,07:00-08:00,0,1,不开放/已过期,,多云,19,18,3,0.0,78,31
2026-05-21 11:00:44,2026-05-21,4,羽毛球馆-5号,07:00-08:00,0,1,不开放/已过期,,多云,21,17,5,0.0,74,31
2026-05-21 11:30:38,2026-05-21,4,羽毛球馆-5号,07:00-08:00,0,1,不开放/已过期,,多云,21,19,3,0.0,72,33
2026-05-21 12:00:46,2026-05-21,4,羽毛球馆-5号,07:00-08:00,0,1,不开放/已过期,,多云,22,19,4,0.0,70,33
2026-05-21 12:30:42,2026-05-21,4,羽毛球馆-5号,07:00-08:00,0,1,不开放/已过期,,多云,22,21,3,0.0,68,35
2026-05-21 13:00:43,2026-05-21,4,羽毛球馆-5号,07:00-08:00,0,1,不开放/已过期,,多云,24,22,4,0.0,66,35
2026-05-21 13:30:43,2026-05-21,4,羽毛球馆-5号,07:00-08:00,0,1,不开放/已过期,,多云,24,22,4,0.0,66,36
2026-05-21 14:00:48,2026-05-21,4,羽毛球馆-5号,07:00-08:00,0,1,不开放/已过期,,多云,25,23,4,0.0,66,36
2026-05-21 14:30:45,2026-05-21,4,羽毛球馆-5号,07:00-08:00,0,1,不开放/已过期,,晴,25,25,3,0.0,65,39
2026-05-21 15:00:45,2026-05-21,4,羽毛球馆-5号,07:00-08:00,0,1,不开放/已过期,,晴,25,22,4,0.0,56,39
2026-05-21 15:30:43,2026-05-21,4,羽毛球馆-5号,07:00-08:00,0,1,不开放/已过期,,晴,25,23,4,0.0,57,40
2026-05-21 16:00:51,2026-05-21,4,羽毛球馆-5号,07:00-08:00,0,1,不开放/已过期,,晴,25,23,4,0.0,57,40
2026-05-21 16:30:48,2026-05-21,4,羽毛球馆-5号,07:00-08:00,0,1,不开放/已过期,,晴,25,24,3,0.0,60,39
2026-05-21 17:00:49,2026-05-21,4,羽毛球馆-5号,07:00-08:00,0,1,不开放/已过期,,晴,25,24,4,0.0,61,39
2026-05-21 17:30:47,2026-05-21,4,羽毛球馆-5号,07:00-08:00,0,1,不开放/已过期,,多云,24,23,3,0.0,64,39
2026-05-21 18:00:50,2026-05-21,4,羽毛球馆-5号,07:00-08:00,0,1,不开放/已过期,,多云,24,23,3,0.0,68,39
2026-05-21 18:30:50,2026-05-21,4,羽毛球馆-5号,07:00-08:00,0,1,不开放/已过期,,阴,24,25,2,0.0,68,40
2026-05-21 19:00:50,2026-05-21,4,羽毛球馆-5号,07:00-08:00,0,1,不开放/已过期,,阴,23,23,3,0.0,76,40
2026-05-21 19:30:46,2026-05-21,4,羽毛球馆-5号,07:00-08:00,0,1,不开放/已过期,,阴,23,24,2,0.0,77,39
2026-05-21 20:00:49,2026-05-21,4,羽毛球馆-5号,07:00-08:00,0,1,不开放/已过期,,雾,22,23,2,0.0,89,39
2026-05-21 20:30:44,2026-05-21,4,羽毛球馆-5号,07:00-08:00,0,1,不开放/已过期,,雾,22,24,2,0.0,93,43
2026-05-21 21:00:56,2026-05-21,4,羽毛球馆-5号,07:00-08:00,0,1,不开放/已过期,,雾,20,21,2,0.0,98,43
2026-05-21 21:30:46,2026-05-21,4,羽毛球馆-5号,07:00-08:00,0,1,不开放/已过期,,雾,20,22,1,0.0,99,41
2026-05-21 22:01:02,2026-05-21,4,羽毛球馆-5号,07:00-08:00,0,1,不开放/已过期,,雾,19,20,2,0.0,93,41
2026-05-21 22:30:47,2026-05-21,4,羽毛球馆-5号,07:00-08:00,0,1,不开放/已过期,,雾,19,19,3,0.0,88,46
2026-05-21 23:00:56,2026-05-21,4,羽毛球馆-5号,07:00-08:00,0,1,不开放/已过期,,多云,18,17,3,0.0,85,46
2026-05-21 23:30:55,2026-05-21,4,羽毛球馆-5号,07:00-08:00,0,1,不开放/已过期,,多云,18,17,3,0.0,85,48
2026-05-21 00:30:49,2026-05-21,4,羽毛球馆-5号,08:00-09:00,1,1,已售/已满,已售,多云,15,13,3,0.0,100,26
2026-05-21 01:00:55,2026-05-21,4,羽毛球馆-5号,08:00-09:00,1,1,已售/已满,已售,多云,15,12,4,0.0,100,26
2026-05-21 01:30:47,2026-05-21,4,羽毛球馆-5号,08:00-09:00,1,1,已售/已满,已售,多云,15,13,4,0.0,100,28
2026-05-21 02:00:53,2026-05-21,4,羽毛球馆-5号,08:00-09:00,1,1,已售/已满,已售,多云,15,12,4,0.0,100,28
2026-05-21 02:30:49,2026-05-21,4,羽毛球馆-5号,08:00-09:00,1,1,已售/已满,已售,多云,15,14,3,0.0,100,29
2026-05-21 03:00:55,2026-05-21,4,羽毛球馆-5号,08:00-09:00,1,1,已售/已满,已售,多云,15,12,4,0.0,100,29
2026-05-21 03:30:49,2026-05-21,4,羽毛球馆-5号,08:00-09:00,1,1,已售/已满,已售,多云,15,14,3,0.0,100,30
2026-05-21 04:30:45,2026-05-21,4,羽毛球馆-5号,08:00-09:00,1,1,已售/已满,已售,多云,15,12,4,0.0,100,29
2026-05-21 05:00:52,2026-05-21,4,羽毛球馆-5号,08:00-09:00,1,1,已售/已满,已售,多云,15,12,4,0.0,100,29
2026-05-21 05:30:49,2026-05-21,4,羽毛球馆-5号,08:00-09:00,1,1,已售/已满,已售,多云,15,13,3,0.0,100,28
2026-05-21 06:00:50,2026-05-21,4,羽毛球馆-5号,08:00-09:00,1,1,已售/已满,已售,多云,15,13,4,0.0,99,28
2026-05-21 06:30:38,2026-05-21,4,羽毛球馆-5号,08:00-09:00,1,1,已售/已满,已售,多云,15,13,3,0.0,97,28
2026-05-21 07:00:43,2026-05-21,4,羽毛球馆-5号,08:00-09:00,1,1,已售/已满,已售,晴,15,11,5,0.0,93,28
2026-05-21 07:30:39,2026-05-21,4,羽毛球馆-5号,08:00-09:00,1,1,已售/已满,已售,晴,17,13,4,0.0,89,29
2026-05-21 07:50:40,2026-05-21,4,羽毛球馆-5号,08:00-09:00,1,1,已售/已满,已售,晴,17,13,4,0.0,88,29
2026-05-21 07:53:31,2026-05-21,4,羽毛球馆-5号,08:00-09:00,1,1,已售/已满,已售,晴,17,12,5,0.0,86,29
2026-05-21 07:56:31,2026-05-21,4,羽毛球馆-5号,08:00-09:00,1,1,已售/已满,已售,晴,17,12,5,0.0,86,29
2026-05-21 07:59:26,2026-05-21,4,羽毛球馆-5号,08:00-09:00,1,1,已售/已满,已售,晴,17,12,5,0.0,86,29
2026-05-21 08:00:45,2026-05-21,4,羽毛球馆-5号,08:00-09:00,1,1,已售/已满,已售,晴,17,12,5,0.0,86,29
2026-05-21 08:02:30,2026-05-21,4,羽毛球馆-5号,08:00-09:00,1,1,已售/已满,已售,多云,17,12,5,0.0,87,29
2026-05-21 08:05:36,2026-05-21,4,羽毛球馆-5号,08:00-09:00,1,1,已售/已满,已售,多云,17,12,5,0.0,86,29
2026-05-21 08:08:31,2026-05-21,4,羽毛球馆-5号,08:00-09:00,1,1,已售/已满,已售,多云,17,12,5,0.0,86,29
2026-05-21 08:11:30,2026-05-21,4,羽毛球馆-5号,08:00-09:00,1,1,已售/已满,已售,多云,17,12,5,0.0,86,29
2026-05-21 08:14:31,2026-05-21,4,羽毛球馆-5号,08:00-09:00,1,1,已售/已满,已售,多云,17,12,5,0.0,86,29
2026-05-21 08:17:30,2026-05-21,4,羽毛球馆-5号,08:00-09:00,1,1,已售/已满,已售,多云,17,12,5,0.0,86,29
2026-05-21 08:20:35,2026-05-21,4,羽毛球馆-5号,08:00-09:00,1,1,已售/已满,已售,多云,17,14,4,0.0,85,29
2026-05-21 08:25:32,2026-05-21,4,羽毛球馆-5号,08:00-09:00,1,1,已售/已满,已售,多云,17,14,4,0.0,85,28
2026-05-21 08:30:42,2026-05-21,4,羽毛球馆-5号,08:00-09:00,1,1,已售/已满,已售,多云,18,15,4,0.0,84,28
2026-05-21 08:35:31,2026-05-21,4,羽毛球馆-5号,08:00-09:00,1,1,已售/已满,已售,多云,18,15,4,0.0,84,28
2026-05-21 08:40:38,2026-05-21,4,羽毛球馆-5号,08:00-09:00,1,1,已售/已满,已售,多云,18,15,4,0.0,82,28
2026-05-21 08:45:33,2026-05-21,4,羽毛球馆-5号,08:00-09:00,1,1,已售/已满,已售,多云,18,15,4,0.0,82,28
2026-05-21 08:50:36,2026-05-21,4,羽毛球馆-5号,08:00-09:00,1,1,已售/已满,已售,多云,18,15,4,0.0,82,28
2026-05-21 08:55:34,2026-05-21,4,羽毛球馆-5号,08:00-09:00,1,1,已售/已满,已售,多云,18,15,4,0.0,84,28
2026-05-21 09:00:51,2026-05-21,4,羽毛球馆-5号,08:00-09:00,1,1,已售/已满,已售,多云,18,15,4,0.0,84,28
2026-05-21 09:01:59,2026-05-21,4,羽毛球馆-5号,08:00-09:00,1,1,已售/已满,已售,多云,18,15,4,0.0,83,28
2026-05-21 09:05:33,2026-05-21,4,羽毛球馆-5号,08:00-09:00,1,1,已售/已满,已售,多云,18,15,4,0.0,83,28
2026-05-21 09:20:38,2026-05-21,4,羽毛球馆-5号,08:00-09:00,1,1,已售/已满,已售,多云,18,16,3,0.0,81,28
2026-05-21 09:30:46,2026-05-21,4,羽毛球馆-5号,08:00-09:00,1,1,已售/已满,已售,多云,18,16,3,0.0,81,32
2026-05-21 09:40:36,2026-05-21,4,羽毛球馆-5号,08:00-09:00,1,1,已售/已满,已售,多云,19,17,3,0.0,79,32
2026-05-21 09:50:42,2026-05-21,4,羽毛球馆-5号,08:00-09:00,1,1,已售/已满,已售,多云,19,17,4,0.0,81,32
2026-05-21 10:00:46,2026-05-21,4,羽毛球馆-5号,08:00-09:00,1,1,已售/已满,已售,多云,19,17,4,0.0,79,32
2026-05-21 10:10:40,2026-05-21,4,羽毛球馆-5号,08:00-09:00,1,1,已售/已满,已售,多云,19,17,4,0.0,79,32
2026-05-21 10:20:38,2026-05-21,4,羽毛球馆-5号,08:00-09:00,1,1,已售/已满,已售,多云,19,17,4,0.0,79,32
2026-05-21 10:30:41,2026-05-21,4,羽毛球馆-5号,08:00-09:00,1,1,已售/已满,已售,多云,19,18,3,0.0,78,31
2026-05-21 11:00:44,2026-05-21,4,羽毛球馆-5号,08:00-09:00,1,1,已售/已满,已售,多云,21,17,5,0.0,74,31
2026-05-21 11:30:38,2026-05-21,4,羽毛球馆-5号,08:00-09:00,1,1,已售/已满,已售,多云,21,19,3,0.0,72,33
2026-05-21 12:00:46,2026-05-21,4,羽毛球馆-5号,08:00-09:00,1,1,已售/已满,已售,多云,22,19,4,0.0,70,33
2026-05-21 12:30:42,2026-05-21,4,羽毛球馆-5号,08:00-09:00,1,1,已售/已满,已售,多云,22,21,3,0.0,68,35
2026-05-21 13:00:43,2026-05-21,4,羽毛球馆-5号,08:00-09:00,1,1,已售/已满,已售,多云,24,22,4,0.0,66,35
2026-05-21 13:30:43,2026-05-21,4,羽毛球馆-5号,08:00-09:00,1,1,已售/已满,已售,多云,24,22,4,0.0,66,36
2026-05-21 14:00:48,2026-05-21,4,羽毛球馆-5号,08:00-09:00,1,1,已售/已满,已售,多云,25,23,4,0.0,66,36
2026-05-21 14:30:45,2026-05-21,4,羽毛球馆-5号,08:00-09:00,1,1,已售/已满,已售,晴,25,25,3,0.0,65,39
2026-05-21 15:00:45,2026-05-21,4,羽毛球馆-5号,08:00-09:00,1,1,已售/已满,已售,晴,25,22,4,0.0,56,39
2026-05-21 15:30:43,2026-05-21,4,羽毛球馆-5号,08:00-09:00,1,1,已售/已满,已售,晴,25,23,4,0.0,57,40
2026-05-21 16:00:51,2026-05-21,4,羽毛球馆-5号,08:00-09:00,1,1,已售/已满,已售,晴,25,23,4,0.0,57,40
2026-05-21 16:30:48,2026-05-21,4,羽毛球馆-5号,08:00-09:00,1,1,已售/已满,已售,晴,25,24,3,0.0,60,39
2026-05-21 17:00:49,2026-05-21,4,羽毛球馆-5号,08:00-09:00,1,1,已售/已满,已售,晴,25,24,4,0.0,61,39
2026-05-21 17:30:47,2026-05-21,4,羽毛球馆-5号,08:00-09:00,1,1,已售/已满,已售,多云,24,23,3,0.0,64,39
2026-05-21 18:00:50,2026-05-21,4,羽毛球馆-5号,08:00-09:00,1,1,已售/已满,已售,多云,24,23,3,0.0,68,39
2026-05-21 18:30:50,2026-05-21,4,羽毛球馆-5号,08:00-09:00,1,1,已售/已满,已售,阴,24,25,2,0.0,68,40
2026-05-21 19:00:50,2026-05-21,4,羽毛球馆-5号,08:00-09:00,1,1,已售/已满,已售,阴,23,23,3,0.0,76,40
2026-05-21 19:30:46,2026-05-21,4,羽毛球馆-5号,08:00-09:00,1,1,已售/已满,已售,阴,23,24,2,0.0,77,39
2026-05-21 20:00:49,2026-05-21,4,羽毛球馆-5号,08:00-09:00,1,1,已售/已满,已售,雾,22,23,2,0.0,89,39
2026-05-21 20:30:44,2026-05-21,4,羽毛球馆-5号,08:00-09:00,1,1,已售/已满,已售,雾,22,24,2,0.0,93,43
2026-05-21 21:00:56,2026-05-21,4,羽毛球馆-5号,08:00-09:00,1,1,已售/已满,已售,雾,20,21,2,0.0,98,43
2026-05-21 21:30:46,2026-05-21,4,羽毛球馆-5号,08:00-09:00,1,1,已售/已满,已售,雾,20,22,1,0.0,99,41
2026-05-21 22:01:02,2026-05-21,4,羽毛球馆-5号,08:00-09:00,1,1,已售/已满,已售,雾,19,20,2,0.0,93,41
2026-05-21 22:30:47,2026-05-21,4,羽毛球馆-5号,08:00-09:00,1,1,已售/已满,已售,雾,19,19,3,0.0,88,46
2026-05-21 23:00:56,2026-05-21,4,羽毛球馆-5号,08:00-09:00,1,1,已售/已满,已售,多云,18,17,3,0.0,85,46
2026-05-21 23:30:55,2026-05-21,4,羽毛球馆-5号,08:00-09:00,1,1,已售/已满,已售,多云,18,17,3,0.0,85,48
2026-05-21 00:30:49,2026-05-21,4,羽毛球馆-5号,09:00-10:00,0,1,可预约,￥12.0,多云,15,13,3,0.0,100,26
2026-05-21 01:00:55,2026-05-21,4,羽毛球馆-5号,09:00-10:00,0,1,可预约,￥12.0,多云,15,12,4,0.0,100,26
2026-05-21 01:30:47,2026-05-21,4,羽毛球馆-5号,09:00-10:00,0,1,可预约,￥12.0,多云,15,13,4,0.0,100,28
2026-05-21 02:00:53,2026-05-21,4,羽毛球馆-5号,09:00-10:00,0,1,可预约,￥12.0,多云,15,12,4,0.0,100,28
2026-05-21 02:30:49,2026-05-21,4,羽毛球馆-5号,09:00-10:00,0,1,可预约,￥12.0,多云,15,14,3,0.0,100,29
2026-05-21 03:00:55,2026-05-21,4,羽毛球馆-5号,09:00-10:00,0,1,可预约,￥12.0,多云,15,12,4,0.0,100,29
2026-05-21 03:30:49,2026-05-21,4,羽毛球馆-5号,09:00-10:00,0,1,可预约,￥12.0,多云,15,14,3,0.0,100,30
2026-05-21 04:30:45,2026-05-21,4,羽毛球馆-5号,09:00-10:00,0,1,可预约,￥12.0,多云,15,12,4,0.0,100,29
2026-05-21 05:00:52,2026-05-21,4,羽毛球馆-5号,09:00-10:00,0,1,可预约,￥12.0,多云,15,12,4,0.0,100,29
2026-05-21 05:30:49,2026-05-21,4,羽毛球馆-5号,09:00-10:00,0,1,可预约,￥12.0,多云,15,13,3,0.0,100,28
2026-05-21 06:00:50,2026-05-21,4,羽毛球馆-5号,09:00-10:00,0,1,可预约,￥12.0,多云,15,13,4,0.0,99,28
2026-05-21 06:30:38,2026-05-21,4,羽毛球馆-5号,09:00-10:00,0,1,可预约,￥12.0,多云,15,13,3,0.0,97,28
2026-05-21 07:00:43,2026-05-21,4,羽毛球馆-5号,09:00-10:00,0,1,可预约,￥12.0,晴,15,11,5,0.0,93,28
2026-05-21 07:30:39,2026-05-21,4,羽毛球馆-5号,09:00-10:00,0,1,可预约,￥12.0,晴,17,13,4,0.0,89,29
2026-05-21 07:50:40,2026-05-21,4,羽毛球馆-5号,09:00-10:00,0,1,可预约,￥12.0,晴,17,13,4,0.0,88,29
2026-05-21 07:53:31,2026-05-21,4,羽毛球馆-5号,09:00-10:00,0,1,可预约,￥12.0,晴,17,12,5,0.0,86,29
2026-05-21 07:56:31,2026-05-21,4,羽毛球馆-5号,09:00-10:00,0,1,可预约,￥12.0,晴,17,12,5,0.0,86,29
2026-05-21 07:59:26,2026-05-21,4,羽毛球馆-5号,09:00-10:00,0,1,可预约,￥12.0,晴,17,12,5,0.0,86,29
2026-05-21 08:00:45,2026-05-21,4,羽毛球馆-5号,09:00-10:00,0,1,可预约,￥12.0,晴,17,12,5,0.0,86,29
2026-05-21 08:02:30,2026-05-21,4,羽毛球馆-5号,09:00-10:00,0,1,可预约,￥12.0,多云,17,12,5,0.0,87,29
2026-05-21 08:05:36,2026-05-21,4,羽毛球馆-5号,09:00-10:00,0,1,可预约,￥12.0,多云,17,12,5,0.0,86,29
2026-05-21 08:08:31,2026-05-21,4,羽毛球馆-5号,09:00-10:00,0,1,可预约,￥12.0,多云,17,12,5,0.0,86,29
2026-05-21 08:11:30,2026-05-21,4,羽毛球馆-5号,09:00-10:00,0,1,可预约,￥12.0,多云,17,12,5,0.0,86,29
2026-05-21 08:14:31,2026-05-21,4,羽毛球馆-5号,09:00-10:00,0,1,可预约,￥12.0,多云,17,12,5,0.0,86,29
2026-05-21 08:17:30,2026-05-21,4,羽毛球馆-5号,09:00-10:00,0,1,可预约,￥12.0,多云,17,12,5,0.0,86,29
2026-05-21 08:20:35,2026-05-21,4,羽毛球馆-5号,09:00-10:00,0,1,可预约,￥12.0,多云,17,14,4,0.0,85,29
2026-05-21 08:25:32,2026-05-21,4,羽毛球馆-5号,09:00-10:00,0,1,可预约,￥12.0,多云,17,14,4,0.0,85,28
2026-05-21 08:30:42,2026-05-21,4,羽毛球馆-5号,09:00-10:00,0,1,可预约,￥12.0,多云,18,15,4,0.0,84,28
2026-05-21 08:35:31,2026-05-21,4,羽毛球馆-5号,09:00-10:00,0,1,可预约,￥12.0,多云,18,15,4,0.0,84,28
2026-05-21 08:40:38,2026-05-21,4,羽毛球馆-5号,09:00-10:00,0,1,可预约,￥12.0,多云,18,15,4,0.0,82,28
2026-05-21 08:45:33,2026-05-21,4,羽毛球馆-5号,09:00-10:00,0,1,可预约,￥12.0,多云,18,15,4,0.0,82,28
2026-05-21 08:50:36,2026-05-21,4,羽毛球馆-5号,09:00-10:00,0,1,可预约,￥12.0,多云,18,15,4,0.0,82,28
2026-05-21 08:55:34,2026-05-21,4,羽毛球馆-5号,09:00-10:00,0,1,可预约,￥12.0,多云,18,15,4,0.0,84,28
2026-05-21 09:00:51,2026-05-21,4,羽毛球馆-5号,09:00-10:00,0,1,可预约,￥12.0,多云,18,15,4,0.0,84,28
2026-05-21 09:01:59,2026-05-21,4,羽毛球馆-5号,09:00-10:00,0,1,可预约,￥12.0,多云,18,15,4,0.0,83,28
2026-05-21 09:05:33,2026-05-21,4,羽毛球馆-5号,09:00-10:00,0,1,可预约,￥12.0,多云,18,15,4,0.0,83,28
2026-05-21 09:20:38,2026-05-21,4,羽毛球馆-5号,09:00-10:00,0,1,可预约,￥12.0,多云,18,16,3,0.0,81,28
2026-05-21 09:30:46,2026-05-21,4,羽毛球馆-5号,09:00-10:00,0,1,可预约,￥12.0,多云,18,16,3,0.0,81,32
2026-05-21 09:40:36,2026-05-21,4,羽毛球馆-5号,09:00-10:00,0,1,可预约,￥12.0,多云,19,17,3,0.0,79,32
2026-05-21 09:50:42,2026-05-21,4,羽毛球馆-5号,09:00-10:00,0,1,可预约,￥12.0,多云,19,17,4,0.0,81,32
2026-05-21 10:00:46,2026-05-21,4,羽毛球馆-5号,09:00-10:00,0,1,不开放/已过期,,多云,19,17,4,0.0,79,32
2026-05-21 10:10:40,2026-05-21,4,羽毛球馆-5号,09:00-10:00,0,1,不开放/已过期,,多云,19,17,4,0.0,79,32
2026-05-21 10:20:38,2026-05-21,4,羽毛球馆-5号,09:00-10:00,0,1,不开放/已过期,,多云,19,17,4,0.0,79,32
2026-05-21 10:30:41,2026-05-21,4,羽毛球馆-5号,09:00-10:00,0,1,不开放/已过期,,多云,19,18,3,0.0,78,31
2026-05-21 11:00:44,2026-05-21,4,羽毛球馆-5号,09:00-10:00,0,1,不开放/已过期,,多云,21,17,5,0.0,74,31
2026-05-21 11:30:38,2026-05-21,4,羽毛球馆-5号,09:00-10:00,0,1,不开放/已过期,,多云,21,19,3,0.0,72,33
2026-05-21 12:00:46,2026-05-21,4,羽毛球馆-5号,09:00-10:00,0,1,不开放/已过期,,多云,22,19,4,0.0,70,33
2026-05-21 12:30:42,2026-05-21,4,羽毛球馆-5号,09:00-10:00,0,1,不开放/已过期,,多云,22,21,3,0.0,68,35
2026-05-21 13:00:43,2026-05-21,4,羽毛球馆-5号,09:00-10:00,0,1,不开放/已过期,,多云,24,22,4,0.0,66,35
2026-05-21 13:30:43,2026-05-21,4,羽毛球馆-5号,09:00-10:00,0,1,不开放/已过期,,多云,24,22,4,0.0,66,36
2026-05-21 14:00:48,2026-05-21,4,羽毛球馆-5号,09:00-10:00,0,1,不开放/已过期,,多云,25,23,4,0.0,66,36
2026-05-21 14:30:45,2026-05-21,4,羽毛球馆-5号,09:00-10:00,0,1,不开放/已过期,,晴,25,25,3,0.0,65,39
2026-05-21 15:00:45,2026-05-21,4,羽毛球馆-5号,09:00-10:00,0,1,不开放/已过期,,晴,25,22,4,0.0,56,39
2026-05-21 15:30:43,2026-05-21,4,羽毛球馆-5号,09:00-10:00,0,1,不开放/已过期,,晴,25,23,4,0.0,57,40
2026-05-21 16:00:51,2026-05-21,4,羽毛球馆-5号,09:00-10:00,0,1,不开放/已过期,,晴,25,23,4,0.0,57,40
2026-05-21 16:30:48,2026-05-21,4,羽毛球馆-5号,09:00-10:00,0,1,不开放/已过期,,晴,25,24,3,0.0,60,39
2026-05-21 17:00:49,2026-05-21,4,羽毛球馆-5号,09:00-10:00,0,1,不开放/已过期,,晴,25,24,4,0.0,61,39
2026-05-21 17:30:47,2026-05-21,4,羽毛球馆-5号,09:00-10:00,0,1,不开放/已过期,,多云,24,23,3,0.0,64,39
2026-05-21 18:00:50,2026-05-21,4,羽毛球馆-5号,09:00-10:00,0,1,不开放/已过期,,多云,24,23,3,0.0,68,39
2026-05-21 18:30:50,2026-05-21,4,羽毛球馆-5号,09:00-10:00,0,1,不开放/已过期,,阴,24,25,2,0.0,68,40
2026-05-21 19:00:50,2026-05-21,4,羽毛球馆-5号,09:00-10:00,0,1,不开放/已过期,,阴,23,23,3,0.0,76,40
2026-05-21 19:30:46,2026-05-21,4,羽毛球馆-5号,09:00-10:00,0,1,不开放/已过期,,阴,23,24,2,0.0,77,39
2026-05-21 20:00:49,2026-05-21,4,羽毛球馆-5号,09:00-10:00,0,1,不开放/已过期,,雾,22,23,2,0.0,89,39
2026-05-21 20:30:44,2026-05-21,4,羽毛球馆-5号,09:00-10:00,0,1,不开放/已过期,,雾,22,24,2,0.0,93,43
2026-05-21 21:00:56,2026-05-21,4,羽毛球馆-5号,09:00-10:00,0,1,不开放/已过期,,雾,20,21,2,0.0,98,43
2026-05-21 21:30:46,2026-05-21,4,羽毛球馆-5号,09:00-10:00,0,1,不开放/已过期,,雾,20,22,1,0.0,99,41
2026-05-21 22:01:02,2026-05-21,4,羽毛球馆-5号,09:00-10:00,0,1,不开放/已过期,,雾,19,20,2,0.0,93,41
2026-05-21 22:30:47,2026-05-21,4,羽毛球馆-5号,09:00-10:00,0,1,不开放/已过期,,雾,19,19,3,0.0,88,46
2026-05-21 23:00:56,2026-05-21,4,羽毛球馆-5号,09:00-10:00,0,1,不开放/已过期,,多云,18,17,3,0.0,85,46
2026-05-21 23:30:55,2026-05-21,4,羽毛球馆-5号,09:00-10:00,0,1,不开放/已过期,,多云,18,17,3,0.0,85,48
2026-05-21 00:30:49,2026-05-21,4,羽毛球馆-5号,10:00-11:00,1,1,已售/已满,教学时间,多云,15,13,3,0.0,100,26
2026-05-21 01:00:55,2026-05-21,4,羽毛球馆-5号,10:00-11:00,1,1,已售/已满,教学时间,多云,15,12,4,0.0,100,26
2026-05-21 01:30:47,2026-05-21,4,羽毛球馆-5号,10:00-11:00,1,1,已售/已满,教学时间,多云,15,13,4,0.0,100,28
2026-05-21 02:00:53,2026-05-21,4,羽毛球馆-5号,10:00-11:00,1,1,已售/已满,教学时间,多云,15,12,4,0.0,100,28
2026-05-21 02:30:49,2026-05-21,4,羽毛球馆-5号,10:00-11:00,1,1,已售/已满,教学时间,多云,15,14,3,0.0,100,29
2026-05-21 03:00:55,2026-05-21,4,羽毛球馆-5号,10:00-11:00,1,1,已售/已满,教学时间,多云,15,12,4,0.0,100,29
2026-05-21 03:30:49,2026-05-21,4,羽毛球馆-5号,10:00-11:00,1,1,已售/已满,教学时间,多云,15,14,3,0.0,100,30
2026-05-21 04:30:45,2026-05-21,4,羽毛球馆-5号,10:00-11:00,1,1,已售/已满,教学时间,多云,15,12,4,0.0,100,29
2026-05-21 05:00:52,2026-05-21,4,羽毛球馆-5号,10:00-11:00,1,1,已售/已满,教学时间,多云,15,12,4,0.0,100,29
2026-05-21 05:30:49,2026-05-21,4,羽毛球馆-5号,10:00-11:00,1,1,已售/已满,教学时间,多云,15,13,3,0.0,100,28
2026-05-21 06:00:50,2026-05-21,4,羽毛球馆-5号,10:00-11:00,1,1,已售/已满,教学时间,多云,15,13,4,0.0,99,28
2026-05-21 06:30:38,2026-05-21,4,羽毛球馆-5号,10:00-11:00,1,1,已售/已满,教学时间,多云,15,13,3,0.0,97,28
2026-05-21 07:00:43,2026-05-21,4,羽毛球馆-5号,10:00-11:00,1,1,已售/已满,教学时间,晴,15,11,5,0.0,93,28
2026-05-21 07:30:39,2026-05-21,4,羽毛球馆-5号,10:00-11:00,1,1,已售/已满,教学时间,晴,17,13,4,0.0,89,29
2026-05-21 07:50:40,2026-05-21,4,羽毛球馆-5号,10:00-11:00,1,1,已售/已满,教学时间,晴,17,13,4,0.0,88,29
2026-05-21 07:53:31,2026-05-21,4,羽毛球馆-5号,10:00-11:00,1,1,已售/已满,教学时间,晴,17,12,5,0.0,86,29
2026-05-21 07:56:31,2026-05-21,4,羽毛球馆-5号,10:00-11:00,1,1,已售/已满,教学时间,晴,17,12,5,0.0,86,29
2026-05-21 07:59:26,2026-05-21,4,羽毛球馆-5号,10:00-11:00,1,1,已售/已满,教学时间,晴,17,12,5,0.0,86,29
2026-05-21 08:00:45,2026-05-21,4,羽毛球馆-5号,10:00-11:00,1,1,已售/已满,教学时间,晴,17,12,5,0.0,86,29
2026-05-21 08:02:30,2026-05-21,4,羽毛球馆-5号,10:00-11:00,1,1,已售/已满,教学时间,多云,17,12,5,0.0,87,29
2026-05-21 08:05:36,2026-05-21,4,羽毛球馆-5号,10:00-11:00,1,1,已售/已满,教学时间,多云,17,12,5,0.0,86,29
2026-05-21 08:08:31,2026-05-21,4,羽毛球馆-5号,10:00-11:00,1,1,已售/已满,教学时间,多云,17,12,5,0.0,86,29
2026-05-21 08:11:30,2026-05-21,4,羽毛球馆-5号,10:00-11:00,1,1,已售/已满,教学时间,多云,17,12,5,0.0,86,29
2026-05-21 08:14:31,2026-05-21,4,羽毛球馆-5号,10:00-11:00,1,1,已售/已满,教学时间,多云,17,12,5,0.0,86,29
2026-05-21 08:17:30,2026-05-21,4,羽毛球馆-5号,10:00-11:00,1,1,已售/已满,教学时间,多云,17,12,5,0.0,86,29
2026-05-21 08:20:35,2026-05-21,4,羽毛球馆-5号,10:00-11:00,1,1,已售/已满,教学时间,多云,17,14,4,0.0,85,29
2026-05-21 08:25:32,2026-05-21,4,羽毛球馆-5号,10:00-11:00,1,1,已售/已满,教学时间,多云,17,14,4,0.0,85,28
2026-05-21 08:30:42,2026-05-21,4,羽毛球馆-5号,10:00-11:00,1,1,已售/已满,教学时间,多云,18,15,4,0.0,84,28
2026-05-21 08:35:31,2026-05-21,4,羽毛球馆-5号,10:00-11:00,1,1,已售/已满,教学时间,多云,18,15,4,0.0,84,28
2026-05-21 08:40:38,2026-05-21,4,羽毛球馆-5号,10:00-11:00,1,1,已售/已满,教学时间,多云,18,15,4,0.0,82,28
2026-05-21 08:45:33,2026-05-21,4,羽毛球馆-5号,10:00-11:00,1,1,已售/已满,教学时间,多云,18,15,4,0.0,82,28
2026-05-21 08:50:36,2026-05-21,4,羽毛球馆-5号,10:00-11:00,1,1,已售/已满,教学时间,多云,18,15,4,0.0,82,28
2026-05-21 08:55:34,2026-05-21,4,羽毛球馆-5号,10:00-11:00,1,1,已售/已满,教学时间,多云,18,15,4,0.0,84,28
2026-05-21 09:00:51,2026-05-21,4,羽毛球馆-5号,10:00-11:00,1,1,已售/已满,教学时间,多云,18,15,4,0.0,84,28
2026-05-21 09:01:59,2026-05-21,4,羽毛球馆-5号,10:00-11:00,1,1,已售/已满,教学时间,多云,18,15,4,0.0,83,28
2026-05-21 09:05:33,2026-05-21,4,羽毛球馆-5号,10:00-11:00,1,1,已售/已满,教学时间,多云,18,15,4,0.0,83,28
2026-05-21 09:20:38,2026-05-21,4,羽毛球馆-5号,10:00-11:00,1,1,已售/已满,教学时间,多云,18,16,3,0.0,81,28
2026-05-21 09:30:46,2026-05-21,4,羽毛球馆-5号,10:00-11:00,1,1,已售/已满,教学时间,多云,18,16,3,0.0,81,32
2026-05-21 09:40:36,2026-05-21,4,羽毛球馆-5号,10:00-11:00,1,1,已售/已满,教学时间,多云,19,17,3,0.0,79,32
2026-05-21 09:50:42,2026-05-21,4,羽毛球馆-5号,10:00-11:00,1,1,已售/已满,教学时间,多云,19,17,4,0.0,81,32
2026-05-21 10:00:46,2026-05-21,4,羽毛球馆-5号,10:00-11:00,1,1,已售/已满,教学时间,多云,19,17,4,0.0,79,32
2026-05-21 10:10:40,2026-05-21,4,羽毛球馆-5号,10:00-11:00,1,1,已售/已满,教学时间,多云,19,17,4,0.0,79,32
2026-05-21 10:20:38,2026-05-21,4,羽毛球馆-5号,10:00-11:00,1,1,已售/已满,教学时间,多云,19,17,4,0.0,79,32
2026-05-21 10:30:41,2026-05-21,4,羽毛球馆-5号,10:00-11:00,1,1,已售/已满,教学时间,多云,19,18,3,0.0,78,31
2026-05-21 11:00:44,2026-05-21,4,羽毛球馆-5号,10:00-11:00,1,1,已售/已满,教学时间,多云,21,17,5,0.0,74,31
2026-05-21 11:30:38,2026-05-21,4,羽毛球馆-5号,10:00-11:00,1,1,已售/已满,教学时间,多云,21,19,3,0.0,72,33
2026-05-21 12:00:46,2026-05-21,4,羽毛球馆-5号,10:00-11:00,1,1,已售/已满,教学时间,多云,22,19,4,0.0,70,33
2026-05-21 12:30:42,2026-05-21,4,羽毛球馆-5号,10:00-11:00,1,1,已售/已满,教学时间,多云,22,21,3,0.0,68,35
2026-05-21 13:00:43,2026-05-21,4,羽毛球馆-5号,10:00-11:00,1,1,已售/已满,教学时间,多云,24,22,4,0.0,66,35
2026-05-21 13:30:43,2026-05-21,4,羽毛球馆-5号,10:00-11:00,1,1,已售/已满,教学时间,多云,24,22,4,0.0,66,36
2026-05-21 14:00:48,2026-05-21,4,羽毛球馆-5号,10:00-11:00,1,1,已售/已满,教学时间,多云,25,23,4,0.0,66,36
2026-05-21 14:30:45,2026-05-21,4,羽毛球馆-5号,10:00-11:00,1,1,已售/已满,教学时间,晴,25,25,3,0.0,65,39
2026-05-21 15:00:45,2026-05-21,4,羽毛球馆-5号,10:00-11:00,1,1,已售/已满,教学时间,晴,25,22,4,0.0,56,39
2026-05-21 15:30:43,2026-05-21,4,羽毛球馆-5号,10:00-11:00,1,1,已售/已满,教学时间,晴,25,23,4,0.0,57,40
2026-05-21 16:00:51,2026-05-21,4,羽毛球馆-5号,10:00-11:00,1,1,已售/已满,教学时间,晴,25,23,4,0.0,57,40
2026-05-21 16:30:48,2026-05-21,4,羽毛球馆-5号,10:00-11:00,1,1,已售/已满,教学时间,晴,25,24,3,0.0,60,39
2026-05-21 17:00:49,2026-05-21,4,羽毛球馆-5号,10:00-11:00,1,1,已售/已满,教学时间,晴,25,24,4,0.0,61,39
2026-05-21 17:30:47,2026-05-21,4,羽毛球馆-5号,10:00-11:00,1,1,已售/已满,教学时间,多云,24,23,3,0.0,64,39
2026-05-21 18:00:50,2026-05-21,4,羽毛球馆-5号,10:00-11:00,1,1,已售/已满,教学时间,多云,24,23,3,0.0,68,39
2026-05-21 18:30:50,2026-05-21,4,羽毛球馆-5号,10:00-11:00,1,1,已售/已满,教学时间,阴,24,25,2,0.0,68,40
2026-05-21 19:00:50,2026-05-21,4,羽毛球馆-5号,10:00-11:00,1,1,已售/已满,教学时间,阴,23,23,3,0.0,76,40
2026-05-21 19:30:46,2026-05-21,4,羽毛球馆-5号,10:00-11:00,1,1,已售/已满,教学时间,阴,23,24,2,0.0,77,39
2026-05-21 20:00:49,2026-05-21,4,羽毛球馆-5号,10:00-11:00,1,1,已售/已满,教学时间,雾,22,23,2,0.0,89,39
2026-05-21 20:30:44,2026-05-21,4,羽毛球馆-5号,10:00-11:00,1,1,已售/已满,教学时间,雾,22,24,2,0.0,93,43
2026-05-21 21:00:56,2026-05-21,4,羽毛球馆-5号,10:00-11:00,1,1,已售/已满,教学时间,雾,20,21,2,0.0,98,43
2026-05-21 21:30:46,2026-05-21,4,羽毛球馆-5号,10:00-11:00,1,1,已售/已满,教学时间,雾,20,22,1,0.0,99,41
2026-05-21 22:01:02,2026-05-21,4,羽毛球馆-5号,10:00-11:00,1,1,已售/已满,教学时间,雾,19,20,2,0.0,93,41
2026-05-21 22:30:47,2026-05-21,4,羽毛球馆-5号,10:00-11:00,1,1,已售/已满,教学时间,雾,19,19,3,0.0,88,46
2026-05-21 23:00:56,2026-05-21,4,羽毛球馆-5号,10:00-11:00,1,1,已售/已满,教学时间,多云,18,17,3,0.0,85,46
2026-05-21 23:30:55,2026-05-21,4,羽毛球馆-5号,10:00-11:00,1,1,已售/已满,教学时间,多云,18,17,3,0.0,85,48
2026-05-21 00:30:49,2026-05-21,4,羽毛球馆-5号,11:00-12:00,1,1,已售/已满,教学时间,多云,15,13,3,0.0,100,26
2026-05-21 01:00:55,2026-05-21,4,羽毛球馆-5号,11:00-12:00,1,1,已售/已满,教学时间,多云,15,12,4,0.0,100,26
2026-05-21 01:30:47,2026-05-21,4,羽毛球馆-5号,11:00-12:00,1,1,已售/已满,教学时间,多云,15,13,4,0.0,100,28
2026-05-21 02:00:53,2026-05-21,4,羽毛球馆-5号,11:00-12:00,1,1,已售/已满,教学时间,多云,15,12,4,0.0,100,28
2026-05-21 02:30:49,2026-05-21,4,羽毛球馆-5号,11:00-12:00,1,1,已售/已满,教学时间,多云,15,14,3,0.0,100,29
2026-05-21 03:00:55,2026-05-21,4,羽毛球馆-5号,11:00-12:00,1,1,已售/已满,教学时间,多云,15,12,4,0.0,100,29
2026-05-21 03:30:49,2026-05-21,4,羽毛球馆-5号,11:00-12:00,1,1,已售/已满,教学时间,多云,15,14,3,0.0,100,30
2026-05-21 04:30:45,2026-05-21,4,羽毛球馆-5号,11:00-12:00,1,1,已售/已满,教学时间,多云,15,12,4,0.0,100,29
2026-05-21 05:00:52,2026-05-21,4,羽毛球馆-5号,11:00-12:00,1,1,已售/已满,教学时间,多云,15,12,4,0.0,100,29
2026-05-21 05:30:49,2026-05-21,4,羽毛球馆-5号,11:00-12:00,1,1,已售/已满,教学时间,多云,15,13,3,0.0,100,28
2026-05-21 06:00:50,2026-05-21,4,羽毛球馆-5号,11:00-12:00,1,1,已售/已满,教学时间,多云,15,13,4,0.0,99,28
2026-05-21 06:30:38,2026-05-21,4,羽毛球馆-5号,11:00-12:00,1,1,已售/已满,教学时间,多云,15,13,3,0.0,97,28
2026-05-21 07:00:43,2026-05-21,4,羽毛球馆-5号,11:00-12:00,1,1,已售/已满,教学时间,晴,15,11,5,0.0,93,28
2026-05-21 07:30:39,2026-05-21,4,羽毛球馆-5号,11:00-12:00,1,1,已售/已满,教学时间,晴,17,13,4,0.0,89,29
2026-05-21 07:50:40,2026-05-21,4,羽毛球馆-5号,11:00-12:00,1,1,已售/已满,教学时间,晴,17,13,4,0.0,88,29
2026-05-21 07:53:31,2026-05-21,4,羽毛球馆-5号,11:00-12:00,1,1,已售/已满,教学时间,晴,17,12,5,0.0,86,29
2026-05-21 07:56:31,2026-05-21,4,羽毛球馆-5号,11:00-12:00,1,1,已售/已满,教学时间,晴,17,12,5,0.0,86,29
2026-05-21 07:59:26,2026-05-21,4,羽毛球馆-5号,11:00-12:00,1,1,已售/已满,教学时间,晴,17,12,5,0.0,86,29
2026-05-21 08:00:45,2026-05-21,4,羽毛球馆-5号,11:00-12:00,1,1,已售/已满,教学时间,晴,17,12,5,0.0,86,29
2026-05-21 08:02:30,2026-05-21,4,羽毛球馆-5号,11:00-12:00,1,1,已售/已满,教学时间,多云,17,12,5,0.0,87,29
2026-05-21 08:05:36,2026-05-21,4,羽毛球馆-5号,11:00-12:00,1,1,已售/已满,教学时间,多云,17,12,5,0.0,86,29
2026-05-21 08:08:31,2026-05-21,4,羽毛球馆-5号,11:00-12:00,1,1,已售/已满,教学时间,多云,17,12,5,0.0,86,29
2026-05-21 08:11:30,2026-05-21,4,羽毛球馆-5号,11:00-12:00,1,1,已售/已满,教学时间,多云,17,12,5,0.0,86,29
2026-05-21 08:14:31,2026-05-21,4,羽毛球馆-5号,11:00-12:00,1,1,已售/已满,教学时间,多云,17,12,5,0.0,86,29
2026-05-21 08:17:30,2026-05-21,4,羽毛球馆-5号,11:00-12:00,1,1,已售/已满,教学时间,多云,17,12,5,0.0,86,29
2026-05-21 08:20:35,2026-05-21,4,羽毛球馆-5号,11:00-12:00,1,1,已售/已满,教学时间,多云,17,14,4,0.0,85,29
2026-05-21 08:25:32,2026-05-21,4,羽毛球馆-5号,11:00-12:00,1,1,已售/已满,教学时间,多云,17,14,4,0.0,85,28
2026-05-21 08:30:42,2026-05-21,4,羽毛球馆-5号,11:00-12:00,1,1,已售/已满,教学时间,多云,18,15,4,0.0,84,28
2026-05-21 08:35:31,2026-05-21,4,羽毛球馆-5号,11:00-12:00,1,1,已售/已满,教学时间,多云,18,15,4,0.0,84,28
2026-05-21 08:40:38,2026-05-21,4,羽毛球馆-5号,11:00-12:00,1,1,已售/已满,教学时间,多云,18,15,4,0.0,82,28
2026-05-21 08:45:33,2026-05-21,4,羽毛球馆-5号,11:00-12:00,1,1,已售/已满,教学时间,多云,18,15,4,0.0,82,28
2026-05-21 08:50:36,2026-05-21,4,羽毛球馆-5号,11:00-12:00,1,1,已售/已满,教学时间,多云,18,15,4,0.0,82,28
2026-05-21 08:55:34,2026-05-21,4,羽毛球馆-5号,11:00-12:00,1,1,已售/已满,教学时间,多云,18,15,4,0.0,84,28
2026-05-21 09:00:51,2026-05-21,4,羽毛球馆-5号,11:00-12:00,1,1,已售/已满,教学时间,多云,18,15,4,0.0,84,28
2026-05-21 09:01:59,2026-05-21,4,羽毛球馆-5号,11:00-12:00,1,1,已售/已满,教学时间,多云,18,15,4,0.0,83,28
2026-05-21 09:05:33,2026-05-21,4,羽毛球馆-5号,11:00-12:00,1,1,已售/已满,教学时间,多云,18,15,4,0.0,83,28
2026-05-21 09:20:38,2026-05-21,4,羽毛球馆-5号,11:00-12:00,1,1,已售/已满,教学时间,多云,18,16,3,0.0,81,28
2026-05-21 09:30:46,2026-05-21,4,羽毛球馆-5号,11:00-12:00,1,1,已售/已满,教学时间,多云,18,16,3,0.0,81,32
2026-05-21 09:40:36,2026-05-21,4,羽毛球馆-5号,11:00-12:00,1,1,已售/已满,教学时间,多云,19,17,3,0.0,79,32
2026-05-21 09:50:42,2026-05-21,4,羽毛球馆-5号,11:00-12:00,1,1,已售/已满,教学时间,多云,19,17,4,0.0,81,32
2026-05-21 10:00:46,2026-05-21,4,羽毛球馆-5号,11:00-12:00,1,1,已售/已满,教学时间,多云,19,17,4,0.0,79,32
2026-05-21 10:10:40,2026-05-21,4,羽毛球馆-5号,11:00-12:00,1,1,已售/已满,教学时间,多云,19,17,4,0.0,79,32
2026-05-21 10:20:38,2026-05-21,4,羽毛球馆-5号,11:00-12:00,1,1,已售/已满,教学时间,多云,19,17,4,0.0,79,32
2026-05-21 10:30:41,2026-05-21,4,羽毛球馆-5号,11:00-12:00,1,1,已售/已满,教学时间,多云,19,18,3,0.0,78,31
2026-05-21 11:00:44,2026-05-21,4,羽毛球馆-5号,11:00-12:00,1,1,已售/已满,教学时间,多云,21,17,5,0.0,74,31
2026-05-21 11:30:38,2026-05-21,4,羽毛球馆-5号,11:00-12:00,1,1,已售/已满,教学时间,多云,21,19,3,0.0,72,33
2026-05-21 12:00:46,2026-05-21,4,羽毛球馆-5号,11:00-12:00,1,1,已售/已满,教学时间,多云,22,19,4,0.0,70,33
2026-05-21 12:30:42,2026-05-21,4,羽毛球馆-5号,11:00-12:00,1,1,已售/已满,教学时间,多云,22,21,3,0.0,68,35
2026-05-21 13:00:43,2026-05-21,4,羽毛球馆-5号,11:00-12:00,1,1,已售/已满,教学时间,多云,24,22,4,0.0,66,35
2026-05-21 13:30:43,2026-05-21,4,羽毛球馆-5号,11:00-12:00,1,1,已售/已满,教学时间,多云,24,22,4,0.0,66,36
2026-05-21 14:00:48,2026-05-21,4,羽毛球馆-5号,11:00-12:00,1,1,已售/已满,教学时间,多云,25,23,4,0.0,66,36
2026-05-21 14:30:45,2026-05-21,4,羽毛球馆-5号,11:00-12:00,1,1,已售/已满,教学时间,晴,25,25,3,0.0,65,39
2026-05-21 15:00:45,2026-05-21,4,羽毛球馆-5号,11:00-12:00,1,1,已售/已满,教学时间,晴,25,22,4,0.0,56,39
2026-05-21 15:30:43,2026-05-21,4,羽毛球馆-5号,11:00-12:00,1,1,已售/已满,教学时间,晴,25,23,4,0.0,57,40
2026-05-21 16:00:51,2026-05-21,4,羽毛球馆-5号,11:00-12:00,1,1,已售/已满,教学时间,晴,25,23,4,0.0,57,40
2026-05-21 16:30:48,2026-05-21,4,羽毛球馆-5号,11:00-12:00,1,1,已售/已满,教学时间,晴,25,24,3,0.0,60,39
2026-05-21 17:00:49,2026-05-21,4,羽毛球馆-5号,11:00-12:00,1,1,已售/已满,教学时间,晴,25,24,4,0.0,61,39
2026-05-21 17:30:47,2026-05-21,4,羽毛球馆-5号,11:00-12:00,1,1,已售/已满,教学时间,多云,24,23,3,0.0,64,39
2026-05-21 18:00:50,2026-05-21,4,羽毛球馆-5号,11:00-12:00,1,1,已售/已满,教学时间,多云,24,23,3,0.0,68,39
2026-05-21 18:30:50,2026-05-21,4,羽毛球馆-5号,11:00-12:00,1,1,已售/已满,教学时间,阴,24,25,2,0.0,68,40
2026-05-21 19:00:50,2026-05-21,4,羽毛球馆-5号,11:00-12:00,1,1,已售/已满,教学时间,阴,23,23,3,0.0,76,40
2026-05-21 19:30:46,2026-05-21,4,羽毛球馆-5号,11:00-12:00,1,1,已售/已满,教学时间,阴,23,24,2,0.0,77,39
2026-05-21 20:00:49,2026-05-21,4,羽毛球馆-5号,11:00-12:00,1,1,已售/已满,教学时间,雾,22,23,2,0.0,89,39
2026-05-21 20:30:44,2026-05-21,4,羽毛球馆-5号,11:00-12:00,1,1,已售/已满,教学时间,雾,22,24,2,0.0,93,43
2026-05-21 21:00:56,2026-05-21,4,羽毛球馆-5号,11:00-12:00,1,1,已售/已满,教学时间,雾,20,21,2,0.0,98,43
2026-05-21 21:30:46,2026-05-21,4,羽毛球馆-5号,11:00-12:00,1,1,已售/已满,教学时间,雾,20,22,1,0.0,99,41
2026-05-21 22:01:02,2026-05-21,4,羽毛球馆-5号,11:00-12:00,1,1,已售/已满,教学时间,雾,19,20,2,0.0,93,41
2026-05-21 22:30:47,2026-05-21,4,羽毛球馆-5号,11:00-12:00,1,1,已售/已满,教学时间,雾,19,19,3,0.0,88,46
2026-05-21 23:00:56,2026-05-21,4,羽毛球馆-5号,11:00-12:00,1,1,已售/已满,教学时间,多云,18,17,3,0.0,85,46
2026-05-21 23:30:55,2026-05-21,4,羽毛球馆-5号,11:00-12:00,1,1,已售/已满,教学时间,多云,18,17,3,0.0,85,48
2026-05-21 00:30:49,2026-05-21,4,羽毛球馆-5号,12:00-12:55,1,1,已售/已满,已售,多云,15,13,3,0.0,100,26
2026-05-21 01:00:55,2026-05-21,4,羽毛球馆-5号,12:00-12:55,1,1,已售/已满,已售,多云,15,12,4,0.0,100,26
2026-05-21 01:30:47,2026-05-21,4,羽毛球馆-5号,12:00-12:55,1,1,已售/已满,已售,多云,15,13,4,0.0,100,28
2026-05-21 02:00:53,2026-05-21,4,羽毛球馆-5号,12:00-12:55,1,1,已售/已满,已售,多云,15,12,4,0.0,100,28
2026-05-21 02:30:49,2026-05-21,4,羽毛球馆-5号,12:00-12:55,1,1,已售/已满,已售,多云,15,14,3,0.0,100,29
2026-05-21 03:00:55,2026-05-21,4,羽毛球馆-5号,12:00-12:55,1,1,已售/已满,已售,多云,15,12,4,0.0,100,29
2026-05-21 03:30:49,2026-05-21,4,羽毛球馆-5号,12:00-12:55,1,1,已售/已满,已售,多云,15,14,3,0.0,100,30
2026-05-21 04:30:45,2026-05-21,4,羽毛球馆-5号,12:00-12:55,1,1,已售/已满,已售,多云,15,12,4,0.0,100,29
2026-05-21 05:00:52,2026-05-21,4,羽毛球馆-5号,12:00-12:55,1,1,已售/已满,已售,多云,15,12,4,0.0,100,29
2026-05-21 05:30:49,2026-05-21,4,羽毛球馆-5号,12:00-12:55,1,1,已售/已满,已售,多云,15,13,3,0.0,100,28
2026-05-21 06:00:50,2026-05-21,4,羽毛球馆-5号,12:00-12:55,1,1,已售/已满,已售,多云,15,13,4,0.0,99,28
2026-05-21 06:30:38,2026-05-21,4,羽毛球馆-5号,12:00-12:55,1,1,已售/已满,已售,多云,15,13,3,0.0,97,28
2026-05-21 07:00:43,2026-05-21,4,羽毛球馆-5号,12:00-12:55,1,1,已售/已满,已售,晴,15,11,5,0.0,93,28
2026-05-21 07:30:39,2026-05-21,4,羽毛球馆-5号,12:00-12:55,1,1,已售/已满,已售,晴,17,13,4,0.0,89,29
2026-05-21 07:50:40,2026-05-21,4,羽毛球馆-5号,12:00-12:55,1,1,已售/已满,已售,晴,17,13,4,0.0,88,29
2026-05-21 07:53:31,2026-05-21,4,羽毛球馆-5号,12:00-12:55,1,1,已售/已满,已售,晴,17,12,5,0.0,86,29
2026-05-21 07:56:31,2026-05-21,4,羽毛球馆-5号,12:00-12:55,1,1,已售/已满,已售,晴,17,12,5,0.0,86,29
2026-05-21 07:59:26,2026-05-21,4,羽毛球馆-5号,12:00-12:55,1,1,已售/已满,已售,晴,17,12,5,0.0,86,29
2026-05-21 08:00:45,2026-05-21,4,羽毛球馆-5号,12:00-12:55,1,1,已售/已满,已售,晴,17,12,5,0.0,86,29
2026-05-21 08:02:30,2026-05-21,4,羽毛球馆-5号,12:00-12:55,1,1,已售/已满,已售,多云,17,12,5,0.0,87,29
2026-05-21 08:05:36,2026-05-21,4,羽毛球馆-5号,12:00-12:55,1,1,已售/已满,已售,多云,17,12,5,0.0,86,29
2026-05-21 08:08:31,2026-05-21,4,羽毛球馆-5号,12:00-12:55,1,1,已售/已满,已售,多云,17,12,5,0.0,86,29
2026-05-21 08:11:30,2026-05-21,4,羽毛球馆-5号,12:00-12:55,1,1,已售/已满,已售,多云,17,12,5,0.0,86,29
2026-05-21 08:14:31,2026-05-21,4,羽毛球馆-5号,12:00-12:55,1,1,已售/已满,已售,多云,17,12,5,0.0,86,29
2026-05-21 08:17:30,2026-05-21,4,羽毛球馆-5号,12:00-12:55,1,1,已售/已满,已售,多云,17,12,5,0.0,86,29
2026-05-21 08:20:35,2026-05-21,4,羽毛球馆-5号,12:00-12:55,1,1,已售/已满,已售,多云,17,14,4,0.0,85,29
2026-05-21 08:25:32,2026-05-21,4,羽毛球馆-5号,12:00-12:55,1,1,已售/已满,已售,多云,17,14,4,0.0,85,28
2026-05-21 08:30:42,2026-05-21,4,羽毛球馆-5号,12:00-12:55,1,1,已售/已满,已售,多云,18,15,4,0.0,84,28
2026-05-21 08:35:31,2026-05-21,4,羽毛球馆-5号,12:00-12:55,1,1,已售/已满,已售,多云,18,15,4,0.0,84,28
2026-05-21 08:40:38,2026-05-21,4,羽毛球馆-5号,12:00-12:55,1,1,已售/已满,已售,多云,18,15,4,0.0,82,28
2026-05-21 08:45:33,2026-05-21,4,羽毛球馆-5号,12:00-12:55,1,1,已售/已满,已售,多云,18,15,4,0.0,82,28
2026-05-21 08:50:36,2026-05-21,4,羽毛球馆-5号,12:00-12:55,1,1,已售/已满,已售,多云,18,15,4,0.0,82,28
2026-05-21 08:55:34,2026-05-21,4,羽毛球馆-5号,12:00-12:55,1,1,已售/已满,已售,多云,18,15,4,0.0,84,28
2026-05-21 09:00:51,2026-05-21,4,羽毛球馆-5号,12:00-12:55,1,1,已售/已满,已售,多云,18,15,4,0.0,84,28
2026-05-21 09:01:59,2026-05-21,4,羽毛球馆-5号,12:00-12:55,1,1,已售/已满,已售,多云,18,15,4,0.0,83,28
2026-05-21 09:05:33,2026-05-21,4,羽毛球馆-5号,12:00-12:55,1,1,已售/已满,已售,多云,18,15,4,0.0,83,28
2026-05-21 09:20:38,2026-05-21,4,羽毛球馆-5号,12:00-12:55,1,1,已售/已满,已售,多云,18,16,3,0.0,81,28
2026-05-21 09:30:46,2026-05-21,4,羽毛球馆-5号,12:00-12:55,1,1,已售/已满,已售,多云,18,16,3,0.0,81,32
2026-05-21 09:40:36,2026-05-21,4,羽毛球馆-5号,12:00-12:55,1,1,已售/已满,已售,多云,19,17,3,0.0,79,32
2026-05-21 09:50:42,2026-05-21,4,羽毛球馆-5号,12:00-12:55,1,1,已售/已满,已售,多云,19,17,4,0.0,81,32
2026-05-21 10:00:46,2026-05-21,4,羽毛球馆-5号,12:00-12:55,1,1,已售/已满,已售,多云,19,17,4,0.0,79,32
2026-05-21 10:10:40,2026-05-21,4,羽毛球馆-5号,12:00-12:55,1,1,已售/已满,已售,多云,19,17,4,0.0,79,32
2026-05-21 10:20:38,2026-05-21,4,羽毛球馆-5号,12:00-12:55,1,1,已售/已满,已售,多云,19,17,4,0.0,79,32
2026-05-21 10:30:41,2026-05-21,4,羽毛球馆-5号,12:00-12:55,1,1,已售/已满,已售,多云,19,18,3,0.0,78,31
2026-05-21 11:00:44,2026-05-21,4,羽毛球馆-5号,12:00-12:55,1,1,已售/已满,已售,多云,21,17,5,0.0,74,31
2026-05-21 11:30:38,2026-05-21,4,羽毛球馆-5号,12:00-12:55,1,1,已售/已满,已售,多云,21,19,3,0.0,72,33
2026-05-21 12:00:46,2026-05-21,4,羽毛球馆-5号,12:00-12:55,1,1,已售/已满,已售,多云,22,19,4,0.0,70,33
2026-05-21 12:30:42,2026-05-21,4,羽毛球馆-5号,12:00-12:55,1,1,已售/已满,已售,多云,22,21,3,0.0,68,35
2026-05-21 13:00:43,2026-05-21,4,羽毛球馆-5号,12:00-12:55,1,1,已售/已满,已售,多云,24,22,4,0.0,66,35
2026-05-21 13:30:43,2026-05-21,4,羽毛球馆-5号,12:00-12:55,1,1,已售/已满,已售,多云,24,22,4,0.0,66,36
2026-05-21 14:00:48,2026-05-21,4,羽毛球馆-5号,12:00-12:55,1,1,已售/已满,已售,多云,25,23,4,0.0,66,36
2026-05-21 14:30:45,2026-05-21,4,羽毛球馆-5号,12:00-12:55,1,1,已售/已满,已售,晴,25,25,3,0.0,65,39
2026-05-21 15:00:45,2026-05-21,4,羽毛球馆-5号,12:00-12:55,1,1,已售/已满,已售,晴,25,22,4,0.0,56,39
2026-05-21 15:30:43,2026-05-21,4,羽毛球馆-5号,12:00-12:55,1,1,已售/已满,已售,晴,25,23,4,0.0,57,40
2026-05-21 16:00:51,2026-05-21,4,羽毛球馆-5号,12:00-12:55,1,1,已售/已满,已售,晴,25,23,4,0.0,57,40
2026-05-21 16:30:48,2026-05-21,4,羽毛球馆-5号,12:00-12:55,1,1,已售/已满,已售,晴,25,24,3,0.0,60,39
2026-05-21 17:00:49,2026-05-21,4,羽毛球馆-5号,12:00-12:55,1,1,已售/已满,已售,晴,25,24,4,0.0,61,39
2026-05-21 17:30:47,2026-05-21,4,羽毛球馆-5号,12:00-12:55,1,1,已售/已满,已售,多云,24,23,3,0.0,64,39
2026-05-21 18:00:50,2026-05-21,4,羽毛球馆-5号,12:00-12:55,1,1,已售/已满,已售,多云,24,23,3,0.0,68,39
2026-05-21 18:30:50,2026-05-21,4,羽毛球馆-5号,12:00-12:55,1,1,已售/已满,已售,阴,24,25,2,0.0,68,40
2026-05-21 19:00:50,2026-05-21,4,羽毛球馆-5号,12:00-12:55,1,1,已售/已满,已售,阴,23,23,3,0.0,76,40
2026-05-21 19:30:46,2026-05-21,4,羽毛球馆-5号,12:00-12:55,1,1,已售/已满,已售,阴,23,24,2,0.0,77,39
2026-05-21 20:00:49,2026-05-21,4,羽毛球馆-5号,12:00-12:55,1,1,已售/已满,已售,雾,22,23,2,0.0,89,39
2026-05-21 20:30:44,2026-05-21,4,羽毛球馆-5号,12:00-12:55,1,1,已售/已满,已售,雾,22,24,2,0.0,93,43
2026-05-21 21:00:56,2026-05-21,4,羽毛球馆-5号,12:00-12:55,1,1,已售/已满,已售,雾,20,21,2,0.0,98,43
2026-05-21 21:30:46,2026-05-21,4,羽毛球馆-5号,12:00-12:55,1,1,已售/已满,已售,雾,20,22,1,0.0,99,41
2026-05-21 22:01:02,2026-05-21,4,羽毛球馆-5号,12:00-12:55,1,1,已售/已满,已售,雾,19,20,2,0.0,93,41
2026-05-21 22:30:47,2026-05-21,4,羽毛球馆-5号,12:00-12:55,1,1,已售/已满,已售,雾,19,19,3,0.0,88,46
2026-05-21 23:00:56,2026-05-21,4,羽毛球馆-5号,12:00-12:55,1,1,已售/已满,已售,多云,18,17,3,0.0,85,46
2026-05-21 23:30:55,2026-05-21,4,羽毛球馆-5号,12:00-12:55,1,1,已售/已满,已售,多云,18,17,3,0.0,85,48
2026-05-21 00:30:49,2026-05-21,4,羽毛球馆-5号,12:55-13:50,1,1,已售/已满,已售,多云,15,13,3,0.0,100,26
2026-05-21 01:00:55,2026-05-21,4,羽毛球馆-5号,12:55-13:50,1,1,已售/已满,已售,多云,15,12,4,0.0,100,26
2026-05-21 01:30:47,2026-05-21,4,羽毛球馆-5号,12:55-13:50,1,1,已售/已满,已售,多云,15,13,4,0.0,100,28
2026-05-21 02:00:53,2026-05-21,4,羽毛球馆-5号,12:55-13:50,1,1,已售/已满,已售,多云,15,12,4,0.0,100,28
2026-05-21 02:30:49,2026-05-21,4,羽毛球馆-5号,12:55-13:50,1,1,已售/已满,已售,多云,15,14,3,0.0,100,29
2026-05-21 03:00:55,2026-05-21,4,羽毛球馆-5号,12:55-13:50,1,1,已售/已满,已售,多云,15,12,4,0.0,100,29
2026-05-21 03:30:49,2026-05-21,4,羽毛球馆-5号,12:55-13:50,1,1,已售/已满,已售,多云,15,14,3,0.0,100,30
2026-05-21 04:30:45,2026-05-21,4,羽毛球馆-5号,12:55-13:50,1,1,已售/已满,已售,多云,15,12,4,0.0,100,29
2026-05-21 05:00:52,2026-05-21,4,羽毛球馆-5号,12:55-13:50,1,1,已售/已满,已售,多云,15,12,4,0.0,100,29
2026-05-21 05:30:49,2026-05-21,4,羽毛球馆-5号,12:55-13:50,1,1,已售/已满,已售,多云,15,13,3,0.0,100,28
2026-05-21 06:00:50,2026-05-21,4,羽毛球馆-5号,12:55-13:50,1,1,已售/已满,已售,多云,15,13,4,0.0,99,28
2026-05-21 06:30:38,2026-05-21,4,羽毛球馆-5号,12:55-13:50,1,1,已售/已满,已售,多云,15,13,3,0.0,97,28
2026-05-21 07:00:43,2026-05-21,4,羽毛球馆-5号,12:55-13:50,1,1,已售/已满,已售,晴,15,11,5,0.0,93,28
2026-05-21 07:30:39,2026-05-21,4,羽毛球馆-5号,12:55-13:50,1,1,已售/已满,已售,晴,17,13,4,0.0,89,29
2026-05-21 07:50:40,2026-05-21,4,羽毛球馆-5号,12:55-13:50,1,1,已售/已满,已售,晴,17,13,4,0.0,88,29
2026-05-21 07:53:31,2026-05-21,4,羽毛球馆-5号,12:55-13:50,1,1,已售/已满,已售,晴,17,12,5,0.0,86,29
2026-05-21 07:56:31,2026-05-21,4,羽毛球馆-5号,12:55-13:50,1,1,已售/已满,已售,晴,17,12,5,0.0,86,29
2026-05-21 07:59:26,2026-05-21,4,羽毛球馆-5号,12:55-13:50,1,1,已售/已满,已售,晴,17,12,5,0.0,86,29
2026-05-21 08:00:45,2026-05-21,4,羽毛球馆-5号,12:55-13:50,1,1,已售/已满,已售,晴,17,12,5,0.0,86,29
2026-05-21 08:02:30,2026-05-21,4,羽毛球馆-5号,12:55-13:50,1,1,已售/已满,已售,多云,17,12,5,0.0,87,29
2026-05-21 08:05:36,2026-05-21,4,羽毛球馆-5号,12:55-13:50,1,1,已售/已满,已售,多云,17,12,5,0.0,86,29
2026-05-21 08:08:31,2026-05-21,4,羽毛球馆-5号,12:55-13:50,1,1,已售/已满,已售,多云,17,12,5,0.0,86,29
2026-05-21 08:11:30,2026-05-21,4,羽毛球馆-5号,12:55-13:50,1,1,已售/已满,已售,多云,17,12,5,0.0,86,29
2026-05-21 08:14:31,2026-05-21,4,羽毛球馆-5号,12:55-13:50,1,1,已售/已满,已售,多云,17,12,5,0.0,86,29
2026-05-21 08:17:30,2026-05-21,4,羽毛球馆-5号,12:55-13:50,1,1,已售/已满,已售,多云,17,12,5,0.0,86,29
2026-05-21 08:20:35,2026-05-21,4,羽毛球馆-5号,12:55-13:50,1,1,已售/已满,已售,多云,17,14,4,0.0,85,29
2026-05-21 08:25:32,2026-05-21,4,羽毛球馆-5号,12:55-13:50,1,1,已售/已满,已售,多云,17,14,4,0.0,85,28
2026-05-21 08:30:42,2026-05-21,4,羽毛球馆-5号,12:55-13:50,1,1,已售/已满,已售,多云,18,15,4,0.0,84,28
2026-05-21 08:35:31,2026-05-21,4,羽毛球馆-5号,12:55-13:50,1,1,已售/已满,已售,多云,18,15,4,0.0,84,28
2026-05-21 08:40:38,2026-05-21,4,羽毛球馆-5号,12:55-13:50,1,1,已售/已满,已售,多云,18,15,4,0.0,82,28
2026-05-21 08:45:33,2026-05-21,4,羽毛球馆-5号,12:55-13:50,1,1,已售/已满,已售,多云,18,15,4,0.0,82,28
2026-05-21 08:50:36,2026-05-21,4,羽毛球馆-5号,12:55-13:50,1,1,已售/已满,已售,多云,18,15,4,0.0,82,28
2026-05-21 08:55:34,2026-05-21,4,羽毛球馆-5号,12:55-13:50,1,1,已售/已满,已售,多云,18,15,4,0.0,84,28
2026-05-21 09:00:51,2026-05-21,4,羽毛球馆-5号,12:55-13:50,1,1,已售/已满,已售,多云,18,15,4,0.0,84,28
2026-05-21 09:01:59,2026-05-21,4,羽毛球馆-5号,12:55-13:50,1,1,已售/已满,已售,多云,18,15,4,0.0,83,28
2026-05-21 09:05:33,2026-05-21,4,羽毛球馆-5号,12:55-13:50,1,1,已售/已满,已售,多云,18,15,4,0.0,83,28
2026-05-21 09:20:38,2026-05-21,4,羽毛球馆-5号,12:55-13:50,1,1,已售/已满,已售,多云,18,16,3,0.0,81,28
2026-05-21 09:30:46,2026-05-21,4,羽毛球馆-5号,12:55-13:50,1,1,已售/已满,已售,多云,18,16,3,0.0,81,32
2026-05-21 09:40:36,2026-05-21,4,羽毛球馆-5号,12:55-13:50,1,1,已售/已满,已售,多云,19,17,3,0.0,79,32
2026-05-21 09:50:42,2026-05-21,4,羽毛球馆-5号,12:55-13:50,1,1,已售/已满,已售,多云,19,17,4,0.0,81,32
2026-05-21 10:00:46,2026-05-21,4,羽毛球馆-5号,12:55-13:50,1,1,已售/已满,已售,多云,19,17,4,0.0,79,32
2026-05-21 10:10:40,2026-05-21,4,羽毛球馆-5号,12:55-13:50,1,1,已售/已满,已售,多云,19,17,4,0.0,79,32
2026-05-21 10:20:38,2026-05-21,4,羽毛球馆-5号,12:55-13:50,1,1,已售/已满,已售,多云,19,17,4,0.0,79,32
2026-05-21 10:30:41,2026-05-21,4,羽毛球馆-5号,12:55-13:50,1,1,已售/已满,已售,多云,19,18,3,0.0,78,31
2026-05-21 11:00:44,2026-05-21,4,羽毛球馆-5号,12:55-13:50,1,1,已售/已满,已售,多云,21,17,5,0.0,74,31
2026-05-21 11:30:38,2026-05-21,4,羽毛球馆-5号,12:55-13:50,1,1,已售/已满,已售,多云,21,19,3,0.0,72,33
2026-05-21 12:00:46,2026-05-21,4,羽毛球馆-5号,12:55-13:50,1,1,已售/已满,已售,多云,22,19,4,0.0,70,33
2026-05-21 12:30:42,2026-05-21,4,羽毛球馆-5号,12:55-13:50,1,1,已售/已满,已售,多云,22,21,3,0.0,68,35
2026-05-21 13:00:43,2026-05-21,4,羽毛球馆-5号,12:55-13:50,1,1,已售/已满,已售,多云,24,22,4,0.0,66,35
2026-05-21 13:30:43,2026-05-21,4,羽毛球馆-5号,12:55-13:50,1,1,已售/已满,已售,多云,24,22,4,0.0,66,36
2026-05-21 14:00:48,2026-05-21,4,羽毛球馆-5号,12:55-13:50,1,1,已售/已满,已售,多云,25,23,4,0.0,66,36
2026-05-21 14:30:45,2026-05-21,4,羽毛球馆-5号,12:55-13:50,1,1,已售/已满,已售,晴,25,25,3,0.0,65,39
2026-05-21 15:00:45,2026-05-21,4,羽毛球馆-5号,12:55-13:50,1,1,已售/已满,已售,晴,25,22,4,0.0,56,39
2026-05-21 15:30:43,2026-05-21,4,羽毛球馆-5号,12:55-13:50,1,1,已售/已满,已售,晴,25,23,4,0.0,57,40
2026-05-21 16:00:51,2026-05-21,4,羽毛球馆-5号,12:55-13:50,1,1,已售/已满,已售,晴,25,23,4,0.0,57,40
2026-05-21 16:30:48,2026-05-21,4,羽毛球馆-5号,12:55-13:50,1,1,已售/已满,已售,晴,25,24,3,0.0,60,39
2026-05-21 17:00:49,2026-05-21,4,羽毛球馆-5号,12:55-13:50,1,1,已售/已满,已售,晴,25,24,4,0.0,61,39
2026-05-21 17:30:47,2026-05-21,4,羽毛球馆-5号,12:55-13:50,1,1,已售/已满,已售,多云,24,23,3,0.0,64,39
2026-05-21 18:00:50,2026-05-21,4,羽毛球馆-5号,12:55-13:50,1,1,已售/已满,已售,多云,24,23,3,0.0,68,39
2026-05-21 18:30:50,2026-05-21,4,羽毛球馆-5号,12:55-13:50,1,1,已售/已满,已售,阴,24,25,2,0.0,68,40
2026-05-21 19:00:50,2026-05-21,4,羽毛球馆-5号,12:55-13:50,1,1,已售/已满,已售,阴,23,23,3,0.0,76,40
2026-05-21 19:30:46,2026-05-21,4,羽毛球馆-5号,12:55-13:50,1,1,已售/已满,已售,阴,23,24,2,0.0,77,39
2026-05-21 20:00:49,2026-05-21,4,羽毛球馆-5号,12:55-13:50,1,1,已售/已满,已售,雾,22,23,2,0.0,89,39
2026-05-21 20:30:44,2026-05-21,4,羽毛球馆-5号,12:55-13:50,1,1,已售/已满,已售,雾,22,24,2,0.0,93,43
2026-05-21 21:00:56,2026-05-21,4,羽毛球馆-5号,12:55-13:50,1,1,已售/已满,已售,雾,20,21,2,0.0,98,43
2026-05-21 21:30:46,2026-05-21,4,羽毛球馆-5号,12:55-13:50,1,1,已售/已满,已售,雾,20,22,1,0.0,99,41
2026-05-21 22:01:02,2026-05-21,4,羽毛球馆-5号,12:55-13:50,1,1,已售/已满,已售,雾,19,20,2,0.0,93,41
2026-05-21 22:30:47,2026-05-21,4,羽毛球馆-5号,12:55-13:50,1,1,已售/已满,已售,雾,19,19,3,0.0,88,46
2026-05-21 23:00:56,2026-05-21,4,羽毛球馆-5号,12:55-13:50,1,1,已售/已满,已售,多云,18,17,3,0.0,85,46
2026-05-21 23:30:55,2026-05-21,4,羽毛球馆-5号,12:55-13:50,1,1,已售/已满,已售,多云,18,17,3,0.0,85,48
2026-05-21 00:30:49,2026-05-21,4,羽毛球馆-5号,14:00-15:00,0,1,可预约,￥12.0,多云,15,13,3,0.0,100,26
2026-05-21 01:00:55,2026-05-21,4,羽毛球馆-5号,14:00-15:00,0,1,可预约,￥12.0,多云,15,12,4,0.0,100,26
2026-05-21 01:30:47,2026-05-21,4,羽毛球馆-5号,14:00-15:00,0,1,可预约,￥12.0,多云,15,13,4,0.0,100,28
2026-05-21 02:00:53,2026-05-21,4,羽毛球馆-5号,14:00-15:00,0,1,可预约,￥12.0,多云,15,12,4,0.0,100,28
2026-05-21 02:30:49,2026-05-21,4,羽毛球馆-5号,14:00-15:00,0,1,可预约,￥12.0,多云,15,14,3,0.0,100,29
2026-05-21 03:00:55,2026-05-21,4,羽毛球馆-5号,14:00-15:00,0,1,可预约,￥12.0,多云,15,12,4,0.0,100,29
2026-05-21 03:30:49,2026-05-21,4,羽毛球馆-5号,14:00-15:00,0,1,可预约,￥12.0,多云,15,14,3,0.0,100,30
2026-05-21 04:30:45,2026-05-21,4,羽毛球馆-5号,14:00-15:00,0,1,可预约,￥12.0,多云,15,12,4,0.0,100,29
2026-05-21 05:00:52,2026-05-21,4,羽毛球馆-5号,14:00-15:00,0,1,可预约,￥12.0,多云,15,12,4,0.0,100,29
2026-05-21 05:30:49,2026-05-21,4,羽毛球馆-5号,14:00-15:00,0,1,可预约,￥12.0,多云,15,13,3,0.0,100,28
2026-05-21 06:00:50,2026-05-21,4,羽毛球馆-5号,14:00-15:00,0,1,可预约,￥12.0,多云,15,13,4,0.0,99,28
2026-05-21 06:30:38,2026-05-21,4,羽毛球馆-5号,14:00-15:00,0,1,可预约,￥12.0,多云,15,13,3,0.0,97,28
2026-05-21 07:00:43,2026-05-21,4,羽毛球馆-5号,14:00-15:00,0,1,可预约,￥12.0,晴,15,11,5,0.0,93,28
2026-05-21 07:30:39,2026-05-21,4,羽毛球馆-5号,14:00-15:00,0,1,可预约,￥12.0,晴,17,13,4,0.0,89,29
2026-05-21 07:50:40,2026-05-21,4,羽毛球馆-5号,14:00-15:00,0,1,可预约,￥12.0,晴,17,13,4,0.0,88,29
2026-05-21 07:53:31,2026-05-21,4,羽毛球馆-5号,14:00-15:00,0,1,可预约,￥12.0,晴,17,12,5,0.0,86,29
2026-05-21 07:56:31,2026-05-21,4,羽毛球馆-5号,14:00-15:00,0,1,可预约,￥12.0,晴,17,12,5,0.0,86,29
2026-05-21 07:59:26,2026-05-21,4,羽毛球馆-5号,14:00-15:00,0,1,可预约,￥12.0,晴,17,12,5,0.0,86,29
2026-05-21 08:00:45,2026-05-21,4,羽毛球馆-5号,14:00-15:00,0,1,可预约,￥12.0,晴,17,12,5,0.0,86,29
2026-05-21 08:02:30,2026-05-21,4,羽毛球馆-5号,14:00-15:00,0,1,可预约,￥12.0,多云,17,12,5,0.0,87,29
2026-05-21 08:05:36,2026-05-21,4,羽毛球馆-5号,14:00-15:00,0,1,可预约,￥12.0,多云,17,12,5,0.0,86,29
2026-05-21 08:08:31,2026-05-21,4,羽毛球馆-5号,14:00-15:00,0,1,可预约,￥12.0,多云,17,12,5,0.0,86,29
2026-05-21 08:11:30,2026-05-21,4,羽毛球馆-5号,14:00-15:00,0,1,可预约,￥12.0,多云,17,12,5,0.0,86,29
2026-05-21 08:14:31,2026-05-21,4,羽毛球馆-5号,14:00-15:00,0,1,可预约,￥12.0,多云,17,12,5,0.0,86,29
2026-05-21 08:17:30,2026-05-21,4,羽毛球馆-5号,14:00-15:00,0,1,可预约,￥12.0,多云,17,12,5,0.0,86,29
2026-05-21 08:20:35,2026-05-21,4,羽毛球馆-5号,14:00-15:00,0,1,可预约,￥12.0,多云,17,14,4,0.0,85,29
2026-05-21 08:25:32,2026-05-21,4,羽毛球馆-5号,14:00-15:00,0,1,可预约,￥12.0,多云,17,14,4,0.0,85,28
2026-05-21 08:30:42,2026-05-21,4,羽毛球馆-5号,14:00-15:00,0,1,可预约,￥12.0,多云,18,15,4,0.0,84,28
2026-05-21 08:35:31,2026-05-21,4,羽毛球馆-5号,14:00-15:00,0,1,可预约,￥12.0,多云,18,15,4,0.0,84,28
2026-05-21 08:40:38,2026-05-21,4,羽毛球馆-5号,14:00-15:00,0,1,可预约,￥12.0,多云,18,15,4,0.0,82,28
2026-05-21 08:45:33,2026-05-21,4,羽毛球馆-5号,14:00-15:00,0,1,可预约,￥12.0,多云,18,15,4,0.0,82,28
2026-05-21 08:50:36,2026-05-21,4,羽毛球馆-5号,14:00-15:00,0,1,可预约,￥12.0,多云,18,15,4,0.0,82,28
2026-05-21 08:55:34,2026-05-21,4,羽毛球馆-5号,14:00-15:00,0,1,可预约,￥12.0,多云,18,15,4,0.0,84,28
2026-05-21 09:00:51,2026-05-21,4,羽毛球馆-5号,14:00-15:00,0,1,可预约,￥12.0,多云,18,15,4,0.0,84,28
2026-05-21 09:01:59,2026-05-21,4,羽毛球馆-5号,14:00-15:00,0,1,可预约,￥12.0,多云,18,15,4,0.0,83,28
2026-05-21 09:05:33,2026-05-21,4,羽毛球馆-5号,14:00-15:00,0,1,可预约,￥12.0,多云,18,15,4,0.0,83,28
2026-05-21 09:20:38,2026-05-21,4,羽毛球馆-5号,14:00-15:00,0,1,可预约,￥12.0,多云,18,16,3,0.0,81,28
2026-05-21 09:30:46,2026-05-21,4,羽毛球馆-5号,14:00-15:00,0,1,可预约,￥12.0,多云,18,16,3,0.0,81,32
2026-05-21 09:40:36,2026-05-21,4,羽毛球馆-5号,14:00-15:00,0,1,可预约,￥12.0,多云,19,17,3,0.0,79,32
2026-05-21 09:50:42,2026-05-21,4,羽毛球馆-5号,14:00-15:00,0,1,可预约,￥12.0,多云,19,17,4,0.0,81,32
2026-05-21 10:00:46,2026-05-21,4,羽毛球馆-5号,14:00-15:00,0,1,可预约,￥12.0,多云,19,17,4,0.0,79,32
2026-05-21 10:10:40,2026-05-21,4,羽毛球馆-5号,14:00-15:00,0,1,可预约,￥12.0,多云,19,17,4,0.0,79,32
2026-05-21 10:20:38,2026-05-21,4,羽毛球馆-5号,14:00-15:00,0,1,可预约,￥12.0,多云,19,17,4,0.0,79,32
2026-05-21 10:30:41,2026-05-21,4,羽毛球馆-5号,14:00-15:00,0,1,可预约,￥12.0,多云,19,18,3,0.0,78,31
2026-05-21 11:00:44,2026-05-21,4,羽毛球馆-5号,14:00-15:00,0,1,可预约,￥12.0,多云,21,17,5,0.0,74,31
2026-05-21 11:30:38,2026-05-21,4,羽毛球馆-5号,14:00-15:00,0,1,可预约,￥12.0,多云,21,19,3,0.0,72,33
2026-05-21 12:00:46,2026-05-21,4,羽毛球馆-5号,14:00-15:00,0,1,可预约,￥12.0,多云,22,19,4,0.0,70,33
2026-05-21 12:30:42,2026-05-21,4,羽毛球馆-5号,14:00-15:00,0,1,可预约,￥12.0,多云,22,21,3,0.0,68,35
2026-05-21 13:00:43,2026-05-21,4,羽毛球馆-5号,14:00-15:00,0,1,可预约,￥12.0,多云,24,22,4,0.0,66,35
2026-05-21 13:30:43,2026-05-21,4,羽毛球馆-5号,14:00-15:00,0,1,可预约,￥12.0,多云,24,22,4,0.0,66,36
2026-05-21 14:00:48,2026-05-21,4,羽毛球馆-5号,14:00-15:00,0,1,可预约,￥12.0,多云,25,23,4,0.0,66,36
2026-05-21 14:30:45,2026-05-21,4,羽毛球馆-5号,14:00-15:00,0,1,可预约,￥12.0,晴,25,25,3,0.0,65,39
2026-05-21 15:00:45,2026-05-21,4,羽毛球馆-5号,14:00-15:00,0,1,不开放/已过期,,晴,25,22,4,0.0,56,39
2026-05-21 15:30:43,2026-05-21,4,羽毛球馆-5号,14:00-15:00,0,1,不开放/已过期,,晴,25,23,4,0.0,57,40
2026-05-21 16:00:51,2026-05-21,4,羽毛球馆-5号,14:00-15:00,0,1,不开放/已过期,,晴,25,23,4,0.0,57,40
2026-05-21 16:30:48,2026-05-21,4,羽毛球馆-5号,14:00-15:00,0,1,不开放/已过期,,晴,25,24,3,0.0,60,39
2026-05-21 17:00:49,2026-05-21,4,羽毛球馆-5号,14:00-15:00,0,1,不开放/已过期,,晴,25,24,4,0.0,61,39
2026-05-21 17:30:47,2026-05-21,4,羽毛球馆-5号,14:00-15:00,0,1,不开放/已过期,,多云,24,23,3,0.0,64,39
2026-05-21 18:00:50,2026-05-21,4,羽毛球馆-5号,14:00-15:00,0,1,不开放/已过期,,多云,24,23,3,0.0,68,39
2026-05-21 18:30:50,2026-05-21,4,羽毛球馆-5号,14:00-15:00,0,1,不开放/已过期,,阴,24,25,2,0.0,68,40
2026-05-21 19:00:50,2026-05-21,4,羽毛球馆-5号,14:00-15:00,0,1,不开放/已过期,,阴,23,23,3,0.0,76,40
2026-05-21 19:30:46,2026-05-21,4,羽毛球馆-5号,14:00-15:00,0,1,不开放/已过期,,阴,23,24,2,0.0,77,39
2026-05-21 20:00:49,2026-05-21,4,羽毛球馆-5号,14:00-15:00,0,1,不开放/已过期,,雾,22,23,2,0.0,89,39
2026-05-21 20:30:44,2026-05-21,4,羽毛球馆-5号,14:00-15:00,0,1,不开放/已过期,,雾,22,24,2,0.0,93,43
2026-05-21 21:00:56,2026-05-21,4,羽毛球馆-5号,14:00-15:00,0,1,不开放/已过期,,雾,20,21,2,0.0,98,43
2026-05-21 21:30:46,2026-05-21,4,羽毛球馆-5号,14:00-15:00,0,1,不开放/已过期,,雾,20,22,1,0.0,99,41
2026-05-21 22:01:02,2026-05-21,4,羽毛球馆-5号,14:00-15:00,0,1,不开放/已过期,,雾,19,20,2,0.0,93,41
2026-05-21 22:30:47,2026-05-21,4,羽毛球馆-5号,14:00-15:00,0,1,不开放/已过期,,雾,19,19,3,0.0,88,46
2026-05-21 23:00:56,2026-05-21,4,羽毛球馆-5号,14:00-15:00,0,1,不开放/已过期,,多云,18,17,3,0.0,85,46
2026-05-21 23:30:55,2026-05-21,4,羽毛球馆-5号,14:00-15:00,0,1,不开放/已过期,,多云,18,17,3,0.0,85,48
2026-05-21 00:30:49,2026-05-21,4,羽毛球馆-5号,15:00-16:00,0,1,可预约,￥12.0,多云,15,13,3,0.0,100,26
2026-05-21 01:00:55,2026-05-21,4,羽毛球馆-5号,15:00-16:00,0,1,可预约,￥12.0,多云,15,12,4,0.0,100,26
2026-05-21 01:30:47,2026-05-21,4,羽毛球馆-5号,15:00-16:00,0,1,可预约,￥12.0,多云,15,13,4,0.0,100,28
2026-05-21 02:00:53,2026-05-21,4,羽毛球馆-5号,15:00-16:00,0,1,可预约,￥12.0,多云,15,12,4,0.0,100,28
2026-05-21 02:30:49,2026-05-21,4,羽毛球馆-5号,15:00-16:00,0,1,可预约,￥12.0,多云,15,14,3,0.0,100,29
2026-05-21 03:00:55,2026-05-21,4,羽毛球馆-5号,15:00-16:00,0,1,可预约,￥12.0,多云,15,12,4,0.0,100,29
2026-05-21 03:30:49,2026-05-21,4,羽毛球馆-5号,15:00-16:00,0,1,可预约,￥12.0,多云,15,14,3,0.0,100,30
2026-05-21 04:30:45,2026-05-21,4,羽毛球馆-5号,15:00-16:00,0,1,可预约,￥12.0,多云,15,12,4,0.0,100,29
2026-05-21 05:00:52,2026-05-21,4,羽毛球馆-5号,15:00-16:00,0,1,可预约,￥12.0,多云,15,12,4,0.0,100,29
2026-05-21 05:30:49,2026-05-21,4,羽毛球馆-5号,15:00-16:00,0,1,可预约,￥12.0,多云,15,13,3,0.0,100,28
2026-05-21 06:00:50,2026-05-21,4,羽毛球馆-5号,15:00-16:00,0,1,可预约,￥12.0,多云,15,13,4,0.0,99,28
2026-05-21 06:30:38,2026-05-21,4,羽毛球馆-5号,15:00-16:00,0,1,可预约,￥12.0,多云,15,13,3,0.0,97,28
2026-05-21 07:00:43,2026-05-21,4,羽毛球馆-5号,15:00-16:00,0,1,可预约,￥12.0,晴,15,11,5,0.0,93,28
2026-05-21 07:30:39,2026-05-21,4,羽毛球馆-5号,15:00-16:00,0,1,可预约,￥12.0,晴,17,13,4,0.0,89,29
2026-05-21 07:50:40,2026-05-21,4,羽毛球馆-5号,15:00-16:00,0,1,可预约,￥12.0,晴,17,13,4,0.0,88,29
2026-05-21 07:53:31,2026-05-21,4,羽毛球馆-5号,15:00-16:00,0,1,可预约,￥12.0,晴,17,12,5,0.0,86,29
2026-05-21 07:56:31,2026-05-21,4,羽毛球馆-5号,15:00-16:00,0,1,可预约,￥12.0,晴,17,12,5,0.0,86,29
2026-05-21 07:59:26,2026-05-21,4,羽毛球馆-5号,15:00-16:00,0,1,可预约,￥12.0,晴,17,12,5,0.0,86,29
2026-05-21 08:00:45,2026-05-21,4,羽毛球馆-5号,15:00-16:00,0,1,可预约,￥12.0,晴,17,12,5,0.0,86,29
2026-05-21 08:02:30,2026-05-21,4,羽毛球馆-5号,15:00-16:00,0,1,可预约,￥12.0,多云,17,12,5,0.0,87,29
2026-05-21 08:05:36,2026-05-21,4,羽毛球馆-5号,15:00-16:00,0,1,可预约,￥12.0,多云,17,12,5,0.0,86,29
2026-05-21 08:08:31,2026-05-21,4,羽毛球馆-5号,15:00-16:00,0,1,可预约,￥12.0,多云,17,12,5,0.0,86,29
2026-05-21 08:11:30,2026-05-21,4,羽毛球馆-5号,15:00-16:00,0,1,可预约,￥12.0,多云,17,12,5,0.0,86,29
2026-05-21 08:14:31,2026-05-21,4,羽毛球馆-5号,15:00-16:00,0,1,可预约,￥12.0,多云,17,12,5,0.0,86,29
2026-05-21 08:17:30,2026-05-21,4,羽毛球馆-5号,15:00-16:00,0,1,可预约,￥12.0,多云,17,12,5,0.0,86,29
2026-05-21 08:20:35,2026-05-21,4,羽毛球馆-5号,15:00-16:00,0,1,可预约,￥12.0,多云,17,14,4,0.0,85,29
2026-05-21 08:25:32,2026-05-21,4,羽毛球馆-5号,15:00-16:00,0,1,可预约,￥12.0,多云,17,14,4,0.0,85,28
2026-05-21 08:30:42,2026-05-21,4,羽毛球馆-5号,15:00-16:00,0,1,可预约,￥12.0,多云,18,15,4,0.0,84,28
2026-05-21 08:35:31,2026-05-21,4,羽毛球馆-5号,15:00-16:00,0,1,可预约,￥12.0,多云,18,15,4,0.0,84,28
2026-05-21 08:40:38,2026-05-21,4,羽毛球馆-5号,15:00-16:00,0,1,可预约,￥12.0,多云,18,15,4,0.0,82,28
2026-05-21 08:45:33,2026-05-21,4,羽毛球馆-5号,15:00-16:00,0,1,可预约,￥12.0,多云,18,15,4,0.0,82,28
2026-05-21 08:50:36,2026-05-21,4,羽毛球馆-5号,15:00-16:00,0,1,可预约,￥12.0,多云,18,15,4,0.0,82,28
2026-05-21 08:55:34,2026-05-21,4,羽毛球馆-5号,15:00-16:00,0,1,可预约,￥12.0,多云,18,15,4,0.0,84,28
2026-05-21 09:00:51,2026-05-21,4,羽毛球馆-5号,15:00-16:00,0,1,可预约,￥12.0,多云,18,15,4,0.0,84,28
2026-05-21 09:01:59,2026-05-21,4,羽毛球馆-5号,15:00-16:00,0,1,可预约,￥12.0,多云,18,15,4,0.0,83,28
2026-05-21 09:05:33,2026-05-21,4,羽毛球馆-5号,15:00-16:00,0,1,可预约,￥12.0,多云,18,15,4,0.0,83,28
2026-05-21 09:20:38,2026-05-21,4,羽毛球馆-5号,15:00-16:00,0,1,可预约,￥12.0,多云,18,16,3,0.0,81,28
2026-05-21 09:30:46,2026-05-21,4,羽毛球馆-5号,15:00-16:00,0,1,可预约,￥12.0,多云,18,16,3,0.0,81,32
2026-05-21 09:40:36,2026-05-21,4,羽毛球馆-5号,15:00-16:00,0,1,可预约,￥12.0,多云,19,17,3,0.0,79,32
2026-05-21 09:50:42,2026-05-21,4,羽毛球馆-5号,15:00-16:00,0,1,可预约,￥12.0,多云,19,17,4,0.0,81,32
2026-05-21 10:00:46,2026-05-21,4,羽毛球馆-5号,15:00-16:00,0,1,可预约,￥12.0,多云,19,17,4,0.0,79,32
2026-05-21 10:10:40,2026-05-21,4,羽毛球馆-5号,15:00-16:00,0,1,可预约,￥12.0,多云,19,17,4,0.0,79,32
2026-05-21 10:20:38,2026-05-21,4,羽毛球馆-5号,15:00-16:00,0,1,可预约,￥12.0,多云,19,17,4,0.0,79,32
2026-05-21 10:30:41,2026-05-21,4,羽毛球馆-5号,15:00-16:00,0,1,可预约,￥12.0,多云,19,18,3,0.0,78,31
2026-05-21 11:00:44,2026-05-21,4,羽毛球馆-5号,15:00-16:00,0,1,可预约,￥12.0,多云,21,17,5,0.0,74,31
2026-05-21 11:30:38,2026-05-21,4,羽毛球馆-5号,15:00-16:00,0,1,可预约,￥12.0,多云,21,19,3,0.0,72,33
2026-05-21 12:00:46,2026-05-21,4,羽毛球馆-5号,15:00-16:00,0,1,可预约,￥12.0,多云,22,19,4,0.0,70,33
2026-05-21 12:30:42,2026-05-21,4,羽毛球馆-5号,15:00-16:00,0,1,可预约,￥12.0,多云,22,21,3,0.0,68,35
2026-05-21 13:00:43,2026-05-21,4,羽毛球馆-5号,15:00-16:00,0,1,可预约,￥12.0,多云,24,22,4,0.0,66,35
2026-05-21 13:30:43,2026-05-21,4,羽毛球馆-5号,15:00-16:00,0,1,可预约,￥12.0,多云,24,22,4,0.0,66,36
2026-05-21 14:00:48,2026-05-21,4,羽毛球馆-5号,15:00-16:00,0,1,可预约,￥12.0,多云,25,23,4,0.0,66,36
2026-05-21 14:30:45,2026-05-21,4,羽毛球馆-5号,15:00-16:00,0,1,可预约,￥12.0,晴,25,25,3,0.0,65,39
2026-05-21 15:00:45,2026-05-21,4,羽毛球馆-5号,15:00-16:00,0,1,可预约,￥12.0,晴,25,22,4,0.0,56,39
2026-05-21 15:30:43,2026-05-21,4,羽毛球馆-5号,15:00-16:00,0,1,可预约,￥12.0,晴,25,23,4,0.0,57,40
2026-05-21 16:00:51,2026-05-21,4,羽毛球馆-5号,15:00-16:00,0,1,不开放/已过期,,晴,25,23,4,0.0,57,40
2026-05-21 16:30:48,2026-05-21,4,羽毛球馆-5号,15:00-16:00,0,1,不开放/已过期,,晴,25,24,3,0.0,60,39
2026-05-21 17:00:49,2026-05-21,4,羽毛球馆-5号,15:00-16:00,0,1,不开放/已过期,,晴,25,24,4,0.0,61,39
2026-05-21 17:30:47,2026-05-21,4,羽毛球馆-5号,15:00-16:00,0,1,不开放/已过期,,多云,24,23,3,0.0,64,39
2026-05-21 18:00:50,2026-05-21,4,羽毛球馆-5号,15:00-16:00,0,1,不开放/已过期,,多云,24,23,3,0.0,68,39
2026-05-21 18:30:50,2026-05-21,4,羽毛球馆-5号,15:00-16:00,0,1,不开放/已过期,,阴,24,25,2,0.0,68,40
2026-05-21 19:00:50,2026-05-21,4,羽毛球馆-5号,15:00-16:00,0,1,不开放/已过期,,阴,23,23,3,0.0,76,40
2026-05-21 19:30:46,2026-05-21,4,羽毛球馆-5号,15:00-16:00,0,1,不开放/已过期,,阴,23,24,2,0.0,77,39
2026-05-21 20:00:49,2026-05-21,4,羽毛球馆-5号,15:00-16:00,0,1,不开放/已过期,,雾,22,23,2,0.0,89,39
2026-05-21 20:30:44,2026-05-21,4,羽毛球馆-5号,15:00-16:00,0,1,不开放/已过期,,雾,22,24,2,0.0,93,43
2026-05-21 21:00:56,2026-05-21,4,羽毛球馆-5号,15:00-16:00,0,1,不开放/已过期,,雾,20,21,2,0.0,98,43
2026-05-21 21:30:46,2026-05-21,4,羽毛球馆-5号,15:00-16:00,0,1,不开放/已过期,,雾,20,22,1,0.0,99,41
2026-05-21 22:01:02,2026-05-21,4,羽毛球馆-5号,15:00-16:00,0,1,不开放/已过期,,雾,19,20,2,0.0,93,41
2026-05-21 22:30:47,2026-05-21,4,羽毛球馆-5号,15:00-16:00,0,1,不开放/已过期,,雾,19,19,3,0.0,88,46
2026-05-21 23:00:56,2026-05-21,4,羽毛球馆-5号,15:00-16:00,0,1,不开放/已过期,,多云,18,17,3,0.0,85,46
2026-05-21 23:30:55,2026-05-21,4,羽毛球馆-5号,15:00-16:00,0,1,不开放/已过期,,多云,18,17,3,0.0,85,48
2026-05-21 00:30:49,2026-05-21,4,羽毛球馆-5号,16:00-17:00,1,1,已售/已满,已售,多云,15,13,3,0.0,100,26
2026-05-21 01:00:55,2026-05-21,4,羽毛球馆-5号,16:00-17:00,1,1,已售/已满,已售,多云,15,12,4,0.0,100,26
2026-05-21 01:30:47,2026-05-21,4,羽毛球馆-5号,16:00-17:00,1,1,已售/已满,已售,多云,15,13,4,0.0,100,28
2026-05-21 02:00:53,2026-05-21,4,羽毛球馆-5号,16:00-17:00,1,1,已售/已满,已售,多云,15,12,4,0.0,100,28
2026-05-21 02:30:49,2026-05-21,4,羽毛球馆-5号,16:00-17:00,1,1,已售/已满,已售,多云,15,14,3,0.0,100,29
2026-05-21 03:00:55,2026-05-21,4,羽毛球馆-5号,16:00-17:00,1,1,已售/已满,已售,多云,15,12,4,0.0,100,29
2026-05-21 03:30:49,2026-05-21,4,羽毛球馆-5号,16:00-17:00,1,1,已售/已满,已售,多云,15,14,3,0.0,100,30
2026-05-21 04:30:45,2026-05-21,4,羽毛球馆-5号,16:00-17:00,1,1,已售/已满,已售,多云,15,12,4,0.0,100,29
2026-05-21 05:00:52,2026-05-21,4,羽毛球馆-5号,16:00-17:00,1,1,已售/已满,已售,多云,15,12,4,0.0,100,29
2026-05-21 05:30:49,2026-05-21,4,羽毛球馆-5号,16:00-17:00,1,1,已售/已满,已售,多云,15,13,3,0.0,100,28
2026-05-21 06:00:50,2026-05-21,4,羽毛球馆-5号,16:00-17:00,1,1,已售/已满,已售,多云,15,13,4,0.0,99,28
2026-05-21 06:30:38,2026-05-21,4,羽毛球馆-5号,16:00-17:00,1,1,已售/已满,已售,多云,15,13,3,0.0,97,28
2026-05-21 07:00:43,2026-05-21,4,羽毛球馆-5号,16:00-17:00,1,1,已售/已满,已售,晴,15,11,5,0.0,93,28
2026-05-21 07:30:39,2026-05-21,4,羽毛球馆-5号,16:00-17:00,1,1,已售/已满,已售,晴,17,13,4,0.0,89,29
2026-05-21 07:50:40,2026-05-21,4,羽毛球馆-5号,16:00-17:00,1,1,已售/已满,已售,晴,17,13,4,0.0,88,29
2026-05-21 07:53:31,2026-05-21,4,羽毛球馆-5号,16:00-17:00,1,1,已售/已满,已售,晴,17,12,5,0.0,86,29
2026-05-21 07:56:31,2026-05-21,4,羽毛球馆-5号,16:00-17:00,1,1,已售/已满,已售,晴,17,12,5,0.0,86,29
2026-05-21 07:59:26,2026-05-21,4,羽毛球馆-5号,16:00-17:00,1,1,已售/已满,已售,晴,17,12,5,0.0,86,29
2026-05-21 08:00:45,2026-05-21,4,羽毛球馆-5号,16:00-17:00,1,1,已售/已满,已售,晴,17,12,5,0.0,86,29
2026-05-21 08:02:30,2026-05-21,4,羽毛球馆-5号,16:00-17:00,1,1,已售/已满,已售,多云,17,12,5,0.0,87,29
2026-05-21 08:05:36,2026-05-21,4,羽毛球馆-5号,16:00-17:00,1,1,已售/已满,已售,多云,17,12,5,0.0,86,29
2026-05-21 08:08:31,2026-05-21,4,羽毛球馆-5号,16:00-17:00,1,1,已售/已满,已售,多云,17,12,5,0.0,86,29
2026-05-21 08:11:30,2026-05-21,4,羽毛球馆-5号,16:00-17:00,1,1,已售/已满,已售,多云,17,12,5,0.0,86,29
2026-05-21 08:14:31,2026-05-21,4,羽毛球馆-5号,16:00-17:00,1,1,已售/已满,已售,多云,17,12,5,0.0,86,29
2026-05-21 08:17:30,2026-05-21,4,羽毛球馆-5号,16:00-17:00,1,1,已售/已满,已售,多云,17,12,5,0.0,86,29
2026-05-21 08:20:35,2026-05-21,4,羽毛球馆-5号,16:00-17:00,1,1,已售/已满,已售,多云,17,14,4,0.0,85,29
2026-05-21 08:25:32,2026-05-21,4,羽毛球馆-5号,16:00-17:00,1,1,已售/已满,已售,多云,17,14,4,0.0,85,28
2026-05-21 08:30:42,2026-05-21,4,羽毛球馆-5号,16:00-17:00,1,1,已售/已满,已售,多云,18,15,4,0.0,84,28
2026-05-21 08:35:31,2026-05-21,4,羽毛球馆-5号,16:00-17:00,1,1,已售/已满,已售,多云,18,15,4,0.0,84,28
2026-05-21 08:40:38,2026-05-21,4,羽毛球馆-5号,16:00-17:00,1,1,已售/已满,已售,多云,18,15,4,0.0,82,28
2026-05-21 08:45:33,2026-05-21,4,羽毛球馆-5号,16:00-17:00,1,1,已售/已满,已售,多云,18,15,4,0.0,82,28
2026-05-21 08:50:36,2026-05-21,4,羽毛球馆-5号,16:00-17:00,1,1,已售/已满,已售,多云,18,15,4,0.0,82,28
2026-05-21 08:55:34,2026-05-21,4,羽毛球馆-5号,16:00-17:00,1,1,已售/已满,已售,多云,18,15,4,0.0,84,28
2026-05-21 09:00:51,2026-05-21,4,羽毛球馆-5号,16:00-17:00,1,1,已售/已满,已售,多云,18,15,4,0.0,84,28
2026-05-21 09:01:59,2026-05-21,4,羽毛球馆-5号,16:00-17:00,1,1,已售/已满,已售,多云,18,15,4,0.0,83,28
2026-05-21 09:05:33,2026-05-21,4,羽毛球馆-5号,16:00-17:00,1,1,已售/已满,已售,多云,18,15,4,0.0,83,28
2026-05-21 09:20:38,2026-05-21,4,羽毛球馆-5号,16:00-17:00,1,1,已售/已满,已售,多云,18,16,3,0.0,81,28
2026-05-21 09:30:46,2026-05-21,4,羽毛球馆-5号,16:00-17:00,1,1,已售/已满,已售,多云,18,16,3,0.0,81,32
2026-05-21 09:40:36,2026-05-21,4,羽毛球馆-5号,16:00-17:00,1,1,已售/已满,已售,多云,19,17,3,0.0,79,32
2026-05-21 09:50:42,2026-05-21,4,羽毛球馆-5号,16:00-17:00,1,1,已售/已满,已售,多云,19,17,4,0.0,81,32
2026-05-21 10:00:46,2026-05-21,4,羽毛球馆-5号,16:00-17:00,1,1,已售/已满,已售,多云,19,17,4,0.0,79,32
2026-05-21 10:10:40,2026-05-21,4,羽毛球馆-5号,16:00-17:00,1,1,已售/已满,已售,多云,19,17,4,0.0,79,32
2026-05-21 10:20:38,2026-05-21,4,羽毛球馆-5号,16:00-17:00,1,1,已售/已满,已售,多云,19,17,4,0.0,79,32
2026-05-21 10:30:41,2026-05-21,4,羽毛球馆-5号,16:00-17:00,1,1,已售/已满,已售,多云,19,18,3,0.0,78,31
2026-05-21 11:00:44,2026-05-21,4,羽毛球馆-5号,16:00-17:00,1,1,已售/已满,已售,多云,21,17,5,0.0,74,31
2026-05-21 11:30:38,2026-05-21,4,羽毛球馆-5号,16:00-17:00,1,1,已售/已满,已售,多云,21,19,3,0.0,72,33
2026-05-21 12:00:46,2026-05-21,4,羽毛球馆-5号,16:00-17:00,1,1,已售/已满,已售,多云,22,19,4,0.0,70,33
2026-05-21 12:30:42,2026-05-21,4,羽毛球馆-5号,16:00-17:00,1,1,已售/已满,已售,多云,22,21,3,0.0,68,35
2026-05-21 13:00:43,2026-05-21,4,羽毛球馆-5号,16:00-17:00,1,1,已售/已满,已售,多云,24,22,4,0.0,66,35
2026-05-21 13:30:43,2026-05-21,4,羽毛球馆-5号,16:00-17:00,1,1,已售/已满,已售,多云,24,22,4,0.0,66,36
2026-05-21 14:00:48,2026-05-21,4,羽毛球馆-5号,16:00-17:00,1,1,已售/已满,已售,多云,25,23,4,0.0,66,36
2026-05-21 14:30:45,2026-05-21,4,羽毛球馆-5号,16:00-17:00,1,1,已售/已满,已售,晴,25,25,3,0.0,65,39
2026-05-21 15:00:45,2026-05-21,4,羽毛球馆-5号,16:00-17:00,1,1,已售/已满,已售,晴,25,22,4,0.0,56,39
2026-05-21 15:30:43,2026-05-21,4,羽毛球馆-5号,16:00-17:00,1,1,已售/已满,已售,晴,25,23,4,0.0,57,40
2026-05-21 16:00:51,2026-05-21,4,羽毛球馆-5号,16:00-17:00,1,1,已售/已满,已售,晴,25,23,4,0.0,57,40
2026-05-21 16:30:48,2026-05-21,4,羽毛球馆-5号,16:00-17:00,1,1,已售/已满,已售,晴,25,24,3,0.0,60,39
2026-05-21 17:00:49,2026-05-21,4,羽毛球馆-5号,16:00-17:00,1,1,已售/已满,已售,晴,25,24,4,0.0,61,39
2026-05-21 17:30:47,2026-05-21,4,羽毛球馆-5号,16:00-17:00,1,1,已售/已满,已售,多云,24,23,3,0.0,64,39
2026-05-21 18:00:50,2026-05-21,4,羽毛球馆-5号,16:00-17:00,1,1,已售/已满,已售,多云,24,23,3,0.0,68,39
2026-05-21 18:30:50,2026-05-21,4,羽毛球馆-5号,16:00-17:00,1,1,已售/已满,已售,阴,24,25,2,0.0,68,40
2026-05-21 19:00:50,2026-05-21,4,羽毛球馆-5号,16:00-17:00,1,1,已售/已满,已售,阴,23,23,3,0.0,76,40
2026-05-21 19:30:46,2026-05-21,4,羽毛球馆-5号,16:00-17:00,1,1,已售/已满,已售,阴,23,24,2,0.0,77,39
2026-05-21 20:00:49,2026-05-21,4,羽毛球馆-5号,16:00-17:00,1,1,已售/已满,已售,雾,22,23,2,0.0,89,39
2026-05-21 20:30:44,2026-05-21,4,羽毛球馆-5号,16:00-17:00,1,1,已售/已满,已售,雾,22,24,2,0.0,93,43
2026-05-21 21:00:56,2026-05-21,4,羽毛球馆-5号,16:00-17:00,1,1,已售/已满,已售,雾,20,21,2,0.0,98,43
2026-05-21 21:30:46,2026-05-21,4,羽毛球馆-5号,16:00-17:00,1,1,已售/已满,已售,雾,20,22,1,0.0,99,41
2026-05-21 22:01:02,2026-05-21,4,羽毛球馆-5号,16:00-17:00,1,1,已售/已满,已售,雾,19,20,2,0.0,93,41
2026-05-21 22:30:47,2026-05-21,4,羽毛球馆-5号,16:00-17:00,1,1,已售/已满,已售,雾,19,19,3,0.0,88,46
2026-05-21 23:00:56,2026-05-21,4,羽毛球馆-5号,16:00-17:00,1,1,已售/已满,已售,多云,18,17,3,0.0,85,46
2026-05-21 23:30:55,2026-05-21,4,羽毛球馆-5号,16:00-17:00,1,1,已售/已满,已售,多云,18,17,3,0.0,85,48
2026-05-21 00:30:49,2026-05-21,4,羽毛球馆-5号,17:00-18:00,1,1,已售/已满,已售,多云,15,13,3,0.0,100,26
2026-05-21 01:00:55,2026-05-21,4,羽毛球馆-5号,17:00-18:00,1,1,已售/已满,已售,多云,15,12,4,0.0,100,26
2026-05-21 01:30:47,2026-05-21,4,羽毛球馆-5号,17:00-18:00,1,1,已售/已满,已售,多云,15,13,4,0.0,100,28
2026-05-21 02:00:53,2026-05-21,4,羽毛球馆-5号,17:00-18:00,1,1,已售/已满,已售,多云,15,12,4,0.0,100,28
2026-05-21 02:30:49,2026-05-21,4,羽毛球馆-5号,17:00-18:00,1,1,已售/已满,已售,多云,15,14,3,0.0,100,29
2026-05-21 03:00:55,2026-05-21,4,羽毛球馆-5号,17:00-18:00,1,1,已售/已满,已售,多云,15,12,4,0.0,100,29
2026-05-21 03:30:49,2026-05-21,4,羽毛球馆-5号,17:00-18:00,1,1,已售/已满,已售,多云,15,14,3,0.0,100,30
2026-05-21 04:30:45,2026-05-21,4,羽毛球馆-5号,17:00-18:00,1,1,已售/已满,已售,多云,15,12,4,0.0,100,29
2026-05-21 05:00:52,2026-05-21,4,羽毛球馆-5号,17:00-18:00,1,1,已售/已满,已售,多云,15,12,4,0.0,100,29
2026-05-21 05:30:49,2026-05-21,4,羽毛球馆-5号,17:00-18:00,1,1,已售/已满,已售,多云,15,13,3,0.0,100,28
2026-05-21 06:00:50,2026-05-21,4,羽毛球馆-5号,17:00-18:00,1,1,已售/已满,已售,多云,15,13,4,0.0,99,28
2026-05-21 06:30:38,2026-05-21,4,羽毛球馆-5号,17:00-18:00,1,1,已售/已满,已售,多云,15,13,3,0.0,97,28
2026-05-21 07:00:43,2026-05-21,4,羽毛球馆-5号,17:00-18:00,1,1,已售/已满,已售,晴,15,11,5,0.0,93,28
2026-05-21 07:30:39,2026-05-21,4,羽毛球馆-5号,17:00-18:00,1,1,已售/已满,已售,晴,17,13,4,0.0,89,29
2026-05-21 07:50:40,2026-05-21,4,羽毛球馆-5号,17:00-18:00,1,1,已售/已满,已售,晴,17,13,4,0.0,88,29
2026-05-21 07:53:31,2026-05-21,4,羽毛球馆-5号,17:00-18:00,1,1,已售/已满,已售,晴,17,12,5,0.0,86,29
2026-05-21 07:56:31,2026-05-21,4,羽毛球馆-5号,17:00-18:00,1,1,已售/已满,已售,晴,17,12,5,0.0,86,29
2026-05-21 07:59:26,2026-05-21,4,羽毛球馆-5号,17:00-18:00,1,1,已售/已满,已售,晴,17,12,5,0.0,86,29
2026-05-21 08:00:45,2026-05-21,4,羽毛球馆-5号,17:00-18:00,1,1,已售/已满,已售,晴,17,12,5,0.0,86,29
2026-05-21 08:02:30,2026-05-21,4,羽毛球馆-5号,17:00-18:00,1,1,已售/已满,已售,多云,17,12,5,0.0,87,29
2026-05-21 08:05:36,2026-05-21,4,羽毛球馆-5号,17:00-18:00,1,1,已售/已满,已售,多云,17,12,5,0.0,86,29
2026-05-21 08:08:31,2026-05-21,4,羽毛球馆-5号,17:00-18:00,1,1,已售/已满,已售,多云,17,12,5,0.0,86,29
2026-05-21 08:11:30,2026-05-21,4,羽毛球馆-5号,17:00-18:00,1,1,已售/已满,已售,多云,17,12,5,0.0,86,29
2026-05-21 08:14:31,2026-05-21,4,羽毛球馆-5号,17:00-18:00,1,1,已售/已满,已售,多云,17,12,5,0.0,86,29
2026-05-21 08:17:30,2026-05-21,4,羽毛球馆-5号,17:00-18:00,1,1,已售/已满,已售,多云,17,12,5,0.0,86,29
2026-05-21 08:20:35,2026-05-21,4,羽毛球馆-5号,17:00-18:00,1,1,已售/已满,已售,多云,17,14,4,0.0,85,29
2026-05-21 08:25:32,2026-05-21,4,羽毛球馆-5号,17:00-18:00,1,1,已售/已满,已售,多云,17,14,4,0.0,85,28
2026-05-21 08:30:42,2026-05-21,4,羽毛球馆-5号,17:00-18:00,1,1,已售/已满,已售,多云,18,15,4,0.0,84,28
2026-05-21 08:35:31,2026-05-21,4,羽毛球馆-5号,17:00-18:00,1,1,已售/已满,已售,多云,18,15,4,0.0,84,28
2026-05-21 08:40:38,2026-05-21,4,羽毛球馆-5号,17:00-18:00,1,1,已售/已满,已售,多云,18,15,4,0.0,82,28
2026-05-21 08:45:33,2026-05-21,4,羽毛球馆-5号,17:00-18:00,1,1,已售/已满,已售,多云,18,15,4,0.0,82,28
2026-05-21 08:50:36,2026-05-21,4,羽毛球馆-5号,17:00-18:00,1,1,已售/已满,已售,多云,18,15,4,0.0,82,28
2026-05-21 08:55:34,2026-05-21,4,羽毛球馆-5号,17:00-18:00,1,1,已售/已满,已售,多云,18,15,4,0.0,84,28
2026-05-21 09:00:51,2026-05-21,4,羽毛球馆-5号,17:00-18:00,1,1,已售/已满,已售,多云,18,15,4,0.0,84,28
2026-05-21 09:01:59,2026-05-21,4,羽毛球馆-5号,17:00-18:00,1,1,已售/已满,已售,多云,18,15,4,0.0,83,28
2026-05-21 09:05:33,2026-05-21,4,羽毛球馆-5号,17:00-18:00,1,1,已售/已满,已售,多云,18,15,4,0.0,83,28
2026-05-21 09:20:38,2026-05-21,4,羽毛球馆-5号,17:00-18:00,1,1,已售/已满,已售,多云,18,16,3,0.0,81,28
2026-05-21 09:30:46,2026-05-21,4,羽毛球馆-5号,17:00-18:00,1,1,已售/已满,已售,多云,18,16,3,0.0,81,32
2026-05-21 09:40:36,2026-05-21,4,羽毛球馆-5号,17:00-18:00,1,1,已售/已满,已售,多云,19,17,3,0.0,79,32
2026-05-21 09:50:42,2026-05-21,4,羽毛球馆-5号,17:00-18:00,1,1,已售/已满,已售,多云,19,17,4,0.0,81,32
2026-05-21 10:00:46,2026-05-21,4,羽毛球馆-5号,17:00-18:00,1,1,已售/已满,已售,多云,19,17,4,0.0,79,32
2026-05-21 10:10:40,2026-05-21,4,羽毛球馆-5号,17:00-18:00,1,1,已售/已满,已售,多云,19,17,4,0.0,79,32
2026-05-21 10:20:38,2026-05-21,4,羽毛球馆-5号,17:00-18:00,1,1,已售/已满,已售,多云,19,17,4,0.0,79,32
2026-05-21 10:30:41,2026-05-21,4,羽毛球馆-5号,17:00-18:00,1,1,已售/已满,已售,多云,19,18,3,0.0,78,31
2026-05-21 11:00:44,2026-05-21,4,羽毛球馆-5号,17:00-18:00,1,1,已售/已满,已售,多云,21,17,5,0.0,74,31
2026-05-21 11:30:38,2026-05-21,4,羽毛球馆-5号,17:00-18:00,1,1,已售/已满,已售,多云,21,19,3,0.0,72,33
2026-05-21 12:00:46,2026-05-21,4,羽毛球馆-5号,17:00-18:00,1,1,已售/已满,已售,多云,22,19,4,0.0,70,33
2026-05-21 12:30:42,2026-05-21,4,羽毛球馆-5号,17:00-18:00,1,1,已售/已满,已售,多云,22,21,3,0.0,68,35
2026-05-21 13:00:43,2026-05-21,4,羽毛球馆-5号,17:00-18:00,1,1,已售/已满,已售,多云,24,22,4,0.0,66,35
2026-05-21 13:30:43,2026-05-21,4,羽毛球馆-5号,17:00-18:00,1,1,已售/已满,已售,多云,24,22,4,0.0,66,36
2026-05-21 14:00:48,2026-05-21,4,羽毛球馆-5号,17:00-18:00,1,1,已售/已满,已售,多云,25,23,4,0.0,66,36
2026-05-21 14:30:45,2026-05-21,4,羽毛球馆-5号,17:00-18:00,1,1,已售/已满,已售,晴,25,25,3,0.0,65,39
2026-05-21 15:00:45,2026-05-21,4,羽毛球馆-5号,17:00-18:00,1,1,已售/已满,已售,晴,25,22,4,0.0,56,39
2026-05-21 15:30:43,2026-05-21,4,羽毛球馆-5号,17:00-18:00,1,1,已售/已满,已售,晴,25,23,4,0.0,57,40
2026-05-21 16:00:51,2026-05-21,4,羽毛球馆-5号,17:00-18:00,1,1,已售/已满,已售,晴,25,23,4,0.0,57,40
2026-05-21 16:30:48,2026-05-21,4,羽毛球馆-5号,17:00-18:00,1,1,已售/已满,已售,晴,25,24,3,0.0,60,39
2026-05-21 17:00:49,2026-05-21,4,羽毛球馆-5号,17:00-18:00,1,1,已售/已满,已售,晴,25,24,4,0.0,61,39
2026-05-21 17:30:47,2026-05-21,4,羽毛球馆-5号,17:00-18:00,1,1,已售/已满,已售,多云,24,23,3,0.0,64,39
2026-05-21 18:00:50,2026-05-21,4,羽毛球馆-5号,17:00-18:00,1,1,已售/已满,已售,多云,24,23,3,0.0,68,39
2026-05-21 18:30:50,2026-05-21,4,羽毛球馆-5号,17:00-18:00,1,1,已售/已满,已售,阴,24,25,2,0.0,68,40
2026-05-21 19:00:50,2026-05-21,4,羽毛球馆-5号,17:00-18:00,1,1,已售/已满,已售,阴,23,23,3,0.0,76,40
2026-05-21 19:30:46,2026-05-21,4,羽毛球馆-5号,17:00-18:00,1,1,已售/已满,已售,阴,23,24,2,0.0,77,39
2026-05-21 20:00:49,2026-05-21,4,羽毛球馆-5号,17:00-18:00,1,1,已售/已满,已售,雾,22,23,2,0.0,89,39
2026-05-21 20:30:44,2026-05-21,4,羽毛球馆-5号,17:00-18:00,1,1,已售/已满,已售,雾,22,24,2,0.0,93,43
2026-05-21 21:00:56,2026-05-21,4,羽毛球馆-5号,17:00-18:00,1,1,已售/已满,已售,雾,20,21,2,0.0,98,43
2026-05-21 21:30:46,2026-05-21,4,羽毛球馆-5号,17:00-18:00,1,1,已售/已满,已售,雾,20,22,1,0.0,99,41
2026-05-21 22:01:02,2026-05-21,4,羽毛球馆-5号,17:00-18:00,1,1,已售/已满,已售,雾,19,20,2,0.0,93,41
2026-05-21 22:30:47,2026-05-21,4,羽毛球馆-5号,17:00-18:00,1,1,已售/已满,已售,雾,19,19,3,0.0,88,46
2026-05-21 23:00:56,2026-05-21,4,羽毛球馆-5号,17:00-18:00,1,1,已售/已满,已售,多云,18,17,3,0.0,85,46
2026-05-21 23:30:55,2026-05-21,4,羽毛球馆-5号,17:00-18:00,1,1,已售/已满,已售,多云,18,17,3,0.0,85,48
2026-05-21 00:30:49,2026-05-21,4,羽毛球馆-5号,18:30-19:30,1,1,已售/已满,已售,多云,15,13,3,0.0,100,26
2026-05-21 01:00:55,2026-05-21,4,羽毛球馆-5号,18:30-19:30,1,1,已售/已满,已售,多云,15,12,4,0.0,100,26
2026-05-21 01:30:47,2026-05-21,4,羽毛球馆-5号,18:30-19:30,1,1,已售/已满,已售,多云,15,13,4,0.0,100,28
2026-05-21 02:00:53,2026-05-21,4,羽毛球馆-5号,18:30-19:30,1,1,已售/已满,已售,多云,15,12,4,0.0,100,28
2026-05-21 02:30:49,2026-05-21,4,羽毛球馆-5号,18:30-19:30,1,1,已售/已满,已售,多云,15,14,3,0.0,100,29
2026-05-21 03:00:55,2026-05-21,4,羽毛球馆-5号,18:30-19:30,1,1,已售/已满,已售,多云,15,12,4,0.0,100,29
2026-05-21 03:30:49,2026-05-21,4,羽毛球馆-5号,18:30-19:30,1,1,已售/已满,已售,多云,15,14,3,0.0,100,30
2026-05-21 04:30:45,2026-05-21,4,羽毛球馆-5号,18:30-19:30,1,1,已售/已满,已售,多云,15,12,4,0.0,100,29
2026-05-21 05:00:52,2026-05-21,4,羽毛球馆-5号,18:30-19:30,1,1,已售/已满,已售,多云,15,12,4,0.0,100,29
2026-05-21 05:30:49,2026-05-21,4,羽毛球馆-5号,18:30-19:30,1,1,已售/已满,已售,多云,15,13,3,0.0,100,28
2026-05-21 06:00:50,2026-05-21,4,羽毛球馆-5号,18:30-19:30,1,1,已售/已满,已售,多云,15,13,4,0.0,99,28
2026-05-21 06:30:38,2026-05-21,4,羽毛球馆-5号,18:30-19:30,1,1,已售/已满,已售,多云,15,13,3,0.0,97,28
2026-05-21 07:00:43,2026-05-21,4,羽毛球馆-5号,18:30-19:30,1,1,已售/已满,已售,晴,15,11,5,0.0,93,28
2026-05-21 07:30:39,2026-05-21,4,羽毛球馆-5号,18:30-19:30,1,1,已售/已满,已售,晴,17,13,4,0.0,89,29
2026-05-21 07:50:40,2026-05-21,4,羽毛球馆-5号,18:30-19:30,1,1,已售/已满,已售,晴,17,13,4,0.0,88,29
2026-05-21 07:53:31,2026-05-21,4,羽毛球馆-5号,18:30-19:30,1,1,已售/已满,已售,晴,17,12,5,0.0,86,29
2026-05-21 07:56:31,2026-05-21,4,羽毛球馆-5号,18:30-19:30,1,1,已售/已满,已售,晴,17,12,5,0.0,86,29
2026-05-21 07:59:26,2026-05-21,4,羽毛球馆-5号,18:30-19:30,1,1,已售/已满,已售,晴,17,12,5,0.0,86,29
2026-05-21 08:00:45,2026-05-21,4,羽毛球馆-5号,18:30-19:30,1,1,已售/已满,已售,晴,17,12,5,0.0,86,29
2026-05-21 08:02:30,2026-05-21,4,羽毛球馆-5号,18:30-19:30,1,1,已售/已满,已售,多云,17,12,5,0.0,87,29
2026-05-21 08:05:36,2026-05-21,4,羽毛球馆-5号,18:30-19:30,1,1,已售/已满,已售,多云,17,12,5,0.0,86,29
2026-05-21 08:08:31,2026-05-21,4,羽毛球馆-5号,18:30-19:30,1,1,已售/已满,已售,多云,17,12,5,0.0,86,29
2026-05-21 08:11:30,2026-05-21,4,羽毛球馆-5号,18:30-19:30,1,1,已售/已满,已售,多云,17,12,5,0.0,86,29
2026-05-21 08:14:31,2026-05-21,4,羽毛球馆-5号,18:30-19:30,1,1,已售/已满,已售,多云,17,12,5,0.0,86,29
2026-05-21 08:17:30,2026-05-21,4,羽毛球馆-5号,18:30-19:30,1,1,已售/已满,已售,多云,17,12,5,0.0,86,29
2026-05-21 08:20:35,2026-05-21,4,羽毛球馆-5号,18:30-19:30,1,1,已售/已满,已售,多云,17,14,4,0.0,85,29
2026-05-21 08:25:32,2026-05-21,4,羽毛球馆-5号,18:30-19:30,1,1,已售/已满,已售,多云,17,14,4,0.0,85,28
2026-05-21 08:30:42,2026-05-21,4,羽毛球馆-5号,18:30-19:30,1,1,已售/已满,已售,多云,18,15,4,0.0,84,28
2026-05-21 08:35:31,2026-05-21,4,羽毛球馆-5号,18:30-19:30,1,1,已售/已满,已售,多云,18,15,4,0.0,84,28
2026-05-21 08:40:38,2026-05-21,4,羽毛球馆-5号,18:30-19:30,1,1,已售/已满,已售,多云,18,15,4,0.0,82,28
2026-05-21 08:45:33,2026-05-21,4,羽毛球馆-5号,18:30-19:30,1,1,已售/已满,已售,多云,18,15,4,0.0,82,28
2026-05-21 08:50:36,2026-05-21,4,羽毛球馆-5号,18:30-19:30,1,1,已售/已满,已售,多云,18,15,4,0.0,82,28
2026-05-21 08:55:34,2026-05-21,4,羽毛球馆-5号,18:30-19:30,1,1,已售/已满,已售,多云,18,15,4,0.0,84,28
2026-05-21 09:00:51,2026-05-21,4,羽毛球馆-5号,18:30-19:30,1,1,已售/已满,已售,多云,18,15,4,0.0,84,28
2026-05-21 09:01:59,2026-05-21,4,羽毛球馆-5号,18:30-19:30,1,1,已售/已满,已售,多云,18,15,4,0.0,83,28
2026-05-21 09:05:33,2026-05-21,4,羽毛球馆-5号,18:30-19:30,1,1,已售/已满,已售,多云,18,15,4,0.0,83,28
2026-05-21 09:20:38,2026-05-21,4,羽毛球馆-5号,18:30-19:30,1,1,已售/已满,已售,多云,18,16,3,0.0,81,28
2026-05-21 09:30:46,2026-05-21,4,羽毛球馆-5号,18:30-19:30,1,1,已售/已满,已售,多云,18,16,3,0.0,81,32
2026-05-21 09:40:36,2026-05-21,4,羽毛球馆-5号,18:30-19:30,1,1,已售/已满,已售,多云,19,17,3,0.0,79,32
2026-05-21 09:50:42,2026-05-21,4,羽毛球馆-5号,18:30-19:30,1,1,已售/已满,已售,多云,19,17,4,0.0,81,32
2026-05-21 10:00:46,2026-05-21,4,羽毛球馆-5号,18:30-19:30,1,1,已售/已满,已售,多云,19,17,4,0.0,79,32
2026-05-21 10:10:40,2026-05-21,4,羽毛球馆-5号,18:30-19:30,1,1,已售/已满,已售,多云,19,17,4,0.0,79,32
2026-05-21 10:20:38,2026-05-21,4,羽毛球馆-5号,18:30-19:30,1,1,已售/已满,已售,多云,19,17,4,0.0,79,32
2026-05-21 10:30:41,2026-05-21,4,羽毛球馆-5号,18:30-19:30,1,1,已售/已满,已售,多云,19,18,3,0.0,78,31
2026-05-21 11:00:44,2026-05-21,4,羽毛球馆-5号,18:30-19:30,1,1,已售/已满,已售,多云,21,17,5,0.0,74,31
2026-05-21 11:30:38,2026-05-21,4,羽毛球馆-5号,18:30-19:30,1,1,已售/已满,已售,多云,21,19,3,0.0,72,33
2026-05-21 12:00:46,2026-05-21,4,羽毛球馆-5号,18:30-19:30,1,1,已售/已满,已售,多云,22,19,4,0.0,70,33
2026-05-21 12:30:42,2026-05-21,4,羽毛球馆-5号,18:30-19:30,1,1,已售/已满,已售,多云,22,21,3,0.0,68,35
2026-05-21 13:00:43,2026-05-21,4,羽毛球馆-5号,18:30-19:30,1,1,已售/已满,已售,多云,24,22,4,0.0,66,35
2026-05-21 13:30:43,2026-05-21,4,羽毛球馆-5号,18:30-19:30,1,1,已售/已满,已售,多云,24,22,4,0.0,66,36
2026-05-21 14:00:48,2026-05-21,4,羽毛球馆-5号,18:30-19:30,1,1,已售/已满,已售,多云,25,23,4,0.0,66,36
2026-05-21 14:30:45,2026-05-21,4,羽毛球馆-5号,18:30-19:30,1,1,已售/已满,已售,晴,25,25,3,0.0,65,39
2026-05-21 15:00:45,2026-05-21,4,羽毛球馆-5号,18:30-19:30,1,1,已售/已满,已售,晴,25,22,4,0.0,56,39
2026-05-21 15:30:43,2026-05-21,4,羽毛球馆-5号,18:30-19:30,1,1,已售/已满,已售,晴,25,23,4,0.0,57,40
2026-05-21 16:00:51,2026-05-21,4,羽毛球馆-5号,18:30-19:30,1,1,已售/已满,已售,晴,25,23,4,0.0,57,40
2026-05-21 16:30:48,2026-05-21,4,羽毛球馆-5号,18:30-19:30,1,1,已售/已满,已售,晴,25,24,3,0.0,60,39
2026-05-21 17:00:49,2026-05-21,4,羽毛球馆-5号,18:30-19:30,1,1,已售/已满,已售,晴,25,24,4,0.0,61,39
2026-05-21 17:30:47,2026-05-21,4,羽毛球馆-5号,18:30-19:30,1,1,已售/已满,已售,多云,24,23,3,0.0,64,39
2026-05-21 18:00:50,2026-05-21,4,羽毛球馆-5号,18:30-19:30,1,1,已售/已满,已售,多云,24,23,3,0.0,68,39
2026-05-21 18:30:50,2026-05-21,4,羽毛球馆-5号,18:30-19:30,1,1,已售/已满,已售,阴,24,25,2,0.0,68,40
2026-05-21 19:00:50,2026-05-21,4,羽毛球馆-5号,18:30-19:30,1,1,已售/已满,已售,阴,23,23,3,0.0,76,40
2026-05-21 19:30:46,2026-05-21,4,羽毛球馆-5号,18:30-19:30,1,1,已售/已满,已售,阴,23,24,2,0.0,77,39
2026-05-21 20:00:49,2026-05-21,4,羽毛球馆-5号,18:30-19:30,1,1,已售/已满,已售,雾,22,23,2,0.0,89,39
2026-05-21 20:30:44,2026-05-21,4,羽毛球馆-5号,18:30-19:30,1,1,已售/已满,已售,雾,22,24,2,0.0,93,43
2026-05-21 21:00:56,2026-05-21,4,羽毛球馆-5号,18:30-19:30,1,1,已售/已满,已售,雾,20,21,2,0.0,98,43
2026-05-21 21:30:46,2026-05-21,4,羽毛球馆-5号,18:30-19:30,1,1,已售/已满,已售,雾,20,22,1,0.0,99,41
2026-05-21 22:01:02,2026-05-21,4,羽毛球馆-5号,18:30-19:30,1,1,已售/已满,已售,雾,19,20,2,0.0,93,41
2026-05-21 22:30:47,2026-05-21,4,羽毛球馆-5号,18:30-19:30,1,1,已售/已满,已售,雾,19,19,3,0.0,88,46
2026-05-21 23:00:56,2026-05-21,4,羽毛球馆-5号,18:30-19:30,1,1,已售/已满,已售,多云,18,17,3,0.0,85,46
2026-05-21 23:30:55,2026-05-21,4,羽毛球馆-5号,18:30-19:30,1,1,已售/已满,已售,多云,18,17,3,0.0,85,48
2026-05-21 00:30:49,2026-05-21,4,羽毛球馆-5号,19:30-20:30,1,1,已售/已满,已售,多云,15,13,3,0.0,100,26
2026-05-21 01:00:55,2026-05-21,4,羽毛球馆-5号,19:30-20:30,1,1,已售/已满,已售,多云,15,12,4,0.0,100,26
2026-05-21 01:30:47,2026-05-21,4,羽毛球馆-5号,19:30-20:30,1,1,已售/已满,已售,多云,15,13,4,0.0,100,28
2026-05-21 02:00:53,2026-05-21,4,羽毛球馆-5号,19:30-20:30,1,1,已售/已满,已售,多云,15,12,4,0.0,100,28
2026-05-21 02:30:49,2026-05-21,4,羽毛球馆-5号,19:30-20:30,1,1,已售/已满,已售,多云,15,14,3,0.0,100,29
2026-05-21 03:00:55,2026-05-21,4,羽毛球馆-5号,19:30-20:30,1,1,已售/已满,已售,多云,15,12,4,0.0,100,29
2026-05-21 03:30:49,2026-05-21,4,羽毛球馆-5号,19:30-20:30,1,1,已售/已满,已售,多云,15,14,3,0.0,100,30
2026-05-21 04:30:45,2026-05-21,4,羽毛球馆-5号,19:30-20:30,1,1,已售/已满,已售,多云,15,12,4,0.0,100,29
2026-05-21 05:00:52,2026-05-21,4,羽毛球馆-5号,19:30-20:30,1,1,已售/已满,已售,多云,15,12,4,0.0,100,29
2026-05-21 05:30:49,2026-05-21,4,羽毛球馆-5号,19:30-20:30,1,1,已售/已满,已售,多云,15,13,3,0.0,100,28
2026-05-21 06:00:50,2026-05-21,4,羽毛球馆-5号,19:30-20:30,1,1,已售/已满,已售,多云,15,13,4,0.0,99,28
2026-05-21 06:30:38,2026-05-21,4,羽毛球馆-5号,19:30-20:30,1,1,已售/已满,已售,多云,15,13,3,0.0,97,28
2026-05-21 07:00:43,2026-05-21,4,羽毛球馆-5号,19:30-20:30,1,1,已售/已满,已售,晴,15,11,5,0.0,93,28
2026-05-21 07:30:39,2026-05-21,4,羽毛球馆-5号,19:30-20:30,1,1,已售/已满,已售,晴,17,13,4,0.0,89,29
2026-05-21 07:50:40,2026-05-21,4,羽毛球馆-5号,19:30-20:30,1,1,已售/已满,已售,晴,17,13,4,0.0,88,29
2026-05-21 07:53:31,2026-05-21,4,羽毛球馆-5号,19:30-20:30,1,1,已售/已满,已售,晴,17,12,5,0.0,86,29
2026-05-21 07:56:31,2026-05-21,4,羽毛球馆-5号,19:30-20:30,1,1,已售/已满,已售,晴,17,12,5,0.0,86,29
2026-05-21 07:59:26,2026-05-21,4,羽毛球馆-5号,19:30-20:30,1,1,已售/已满,已售,晴,17,12,5,0.0,86,29
2026-05-21 08:00:45,2026-05-21,4,羽毛球馆-5号,19:30-20:30,1,1,已售/已满,已售,晴,17,12,5,0.0,86,29
2026-05-21 08:02:30,2026-05-21,4,羽毛球馆-5号,19:30-20:30,1,1,已售/已满,已售,多云,17,12,5,0.0,87,29
2026-05-21 08:05:36,2026-05-21,4,羽毛球馆-5号,19:30-20:30,1,1,已售/已满,已售,多云,17,12,5,0.0,86,29
2026-05-21 08:08:31,2026-05-21,4,羽毛球馆-5号,19:30-20:30,1,1,已售/已满,已售,多云,17,12,5,0.0,86,29
2026-05-21 08:11:30,2026-05-21,4,羽毛球馆-5号,19:30-20:30,1,1,已售/已满,已售,多云,17,12,5,0.0,86,29
2026-05-21 08:14:31,2026-05-21,4,羽毛球馆-5号,19:30-20:30,1,1,已售/已满,已售,多云,17,12,5,0.0,86,29
2026-05-21 08:17:30,2026-05-21,4,羽毛球馆-5号,19:30-20:30,1,1,已售/已满,已售,多云,17,12,5,0.0,86,29
2026-05-21 08:20:35,2026-05-21,4,羽毛球馆-5号,19:30-20:30,1,1,已售/已满,已售,多云,17,14,4,0.0,85,29
2026-05-21 08:25:32,2026-05-21,4,羽毛球馆-5号,19:30-20:30,1,1,已售/已满,已售,多云,17,14,4,0.0,85,28
2026-05-21 08:30:42,2026-05-21,4,羽毛球馆-5号,19:30-20:30,1,1,已售/已满,已售,多云,18,15,4,0.0,84,28
2026-05-21 08:35:31,2026-05-21,4,羽毛球馆-5号,19:30-20:30,1,1,已售/已满,已售,多云,18,15,4,0.0,84,28
2026-05-21 08:40:38,2026-05-21,4,羽毛球馆-5号,19:30-20:30,1,1,已售/已满,已售,多云,18,15,4,0.0,82,28
2026-05-21 08:45:33,2026-05-21,4,羽毛球馆-5号,19:30-20:30,1,1,已售/已满,已售,多云,18,15,4,0.0,82,28
2026-05-21 08:50:36,2026-05-21,4,羽毛球馆-5号,19:30-20:30,1,1,已售/已满,已售,多云,18,15,4,0.0,82,28
2026-05-21 08:55:34,2026-05-21,4,羽毛球馆-5号,19:30-20:30,1,1,已售/已满,已售,多云,18,15,4,0.0,84,28
2026-05-21 09:00:51,2026-05-21,4,羽毛球馆-5号,19:30-20:30,1,1,已售/已满,已售,多云,18,15,4,0.0,84,28
2026-05-21 09:01:59,2026-05-21,4,羽毛球馆-5号,19:30-20:30,1,1,已售/已满,已售,多云,18,15,4,0.0,83,28
2026-05-21 09:05:33,2026-05-21,4,羽毛球馆-5号,19:30-20:30,1,1,已售/已满,已售,多云,18,15,4,0.0,83,28
2026-05-21 09:20:38,2026-05-21,4,羽毛球馆-5号,19:30-20:30,1,1,已售/已满,已售,多云,18,16,3,0.0,81,28
2026-05-21 09:30:46,2026-05-21,4,羽毛球馆-5号,19:30-20:30,1,1,已售/已满,已售,多云,18,16,3,0.0,81,32
2026-05-21 09:40:36,2026-05-21,4,羽毛球馆-5号,19:30-20:30,1,1,已售/已满,已售,多云,19,17,3,0.0,79,32
2026-05-21 09:50:42,2026-05-21,4,羽毛球馆-5号,19:30-20:30,1,1,已售/已满,已售,多云,19,17,4,0.0,81,32
2026-05-21 10:00:46,2026-05-21,4,羽毛球馆-5号,19:30-20:30,1,1,已售/已满,已售,多云,19,17,4,0.0,79,32
2026-05-21 10:10:40,2026-05-21,4,羽毛球馆-5号,19:30-20:30,1,1,已售/已满,已售,多云,19,17,4,0.0,79,32
2026-05-21 10:20:38,2026-05-21,4,羽毛球馆-5号,19:30-20:30,1,1,已售/已满,已售,多云,19,17,4,0.0,79,32
2026-05-21 10:30:41,2026-05-21,4,羽毛球馆-5号,19:30-20:30,1,1,已售/已满,已售,多云,19,18,3,0.0,78,31
2026-05-21 11:00:44,2026-05-21,4,羽毛球馆-5号,19:30-20:30,1,1,已售/已满,已售,多云,21,17,5,0.0,74,31
2026-05-21 11:30:38,2026-05-21,4,羽毛球馆-5号,19:30-20:30,1,1,已售/已满,已售,多云,21,19,3,0.0,72,33
2026-05-21 12:00:46,2026-05-21,4,羽毛球馆-5号,19:30-20:30,1,1,已售/已满,已售,多云,22,19,4,0.0,70,33
2026-05-21 12:30:42,2026-05-21,4,羽毛球馆-5号,19:30-20:30,1,1,已售/已满,已售,多云,22,21,3,0.0,68,35
2026-05-21 13:00:43,2026-05-21,4,羽毛球馆-5号,19:30-20:30,1,1,已售/已满,已售,多云,24,22,4,0.0,66,35
2026-05-21 13:30:43,2026-05-21,4,羽毛球馆-5号,19:30-20:30,1,1,已售/已满,已售,多云,24,22,4,0.0,66,36
2026-05-21 14:00:48,2026-05-21,4,羽毛球馆-5号,19:30-20:30,1,1,已售/已满,已售,多云,25,23,4,0.0,66,36
2026-05-21 14:30:45,2026-05-21,4,羽毛球馆-5号,19:30-20:30,1,1,已售/已满,已售,晴,25,25,3,0.0,65,39
2026-05-21 15:00:45,2026-05-21,4,羽毛球馆-5号,19:30-20:30,1,1,已售/已满,已售,晴,25,22,4,0.0,56,39
2026-05-21 15:30:43,2026-05-21,4,羽毛球馆-5号,19:30-20:30,1,1,已售/已满,已售,晴,25,23,4,0.0,57,40
2026-05-21 16:00:51,2026-05-21,4,羽毛球馆-5号,19:30-20:30,1,1,已售/已满,已售,晴,25,23,4,0.0,57,40
2026-05-21 16:30:48,2026-05-21,4,羽毛球馆-5号,19:30-20:30,1,1,已售/已满,已售,晴,25,24,3,0.0,60,39
2026-05-21 17:00:49,2026-05-21,4,羽毛球馆-5号,19:30-20:30,1,1,已售/已满,已售,晴,25,24,4,0.0,61,39
2026-05-21 17:30:47,2026-05-21,4,羽毛球馆-5号,19:30-20:30,1,1,已售/已满,已售,多云,24,23,3,0.0,64,39
2026-05-21 18:00:50,2026-05-21,4,羽毛球馆-5号,19:30-20:30,1,1,已售/已满,已售,多云,24,23,3,0.0,68,39
2026-05-21 18:30:50,2026-05-21,4,羽毛球馆-5号,19:30-20:30,1,1,已售/已满,已售,阴,24,25,2,0.0,68,40
2026-05-21 19:00:50,2026-05-21,4,羽毛球馆-5号,19:30-20:30,1,1,已售/已满,已售,阴,23,23,3,0.0,76,40
2026-05-21 19:30:46,2026-05-21,4,羽毛球馆-5号,19:30-20:30,1,1,已售/已满,已售,阴,23,24,2,0.0,77,39
2026-05-21 20:00:49,2026-05-21,4,羽毛球馆-5号,19:30-20:30,1,1,已售/已满,已售,雾,22,23,2,0.0,89,39
2026-05-21 20:30:44,2026-05-21,4,羽毛球馆-5号,19:30-20:30,1,1,已售/已满,已售,雾,22,24,2,0.0,93,43
2026-05-21 21:00:56,2026-05-21,4,羽毛球馆-5号,19:30-20:30,1,1,已售/已满,已售,雾,20,21,2,0.0,98,43
2026-05-21 21:30:46,2026-05-21,4,羽毛球馆-5号,19:30-20:30,1,1,已售/已满,已售,雾,20,22,1,0.0,99,41
2026-05-21 22:01:02,2026-05-21,4,羽毛球馆-5号,19:30-20:30,1,1,已售/已满,已售,雾,19,20,2,0.0,93,41
2026-05-21 22:30:47,2026-05-21,4,羽毛球馆-5号,19:30-20:30,1,1,已售/已满,已售,雾,19,19,3,0.0,88,46
2026-05-21 23:00:56,2026-05-21,4,羽毛球馆-5号,19:30-20:30,1,1,已售/已满,已售,多云,18,17,3,0.0,85,46
2026-05-21 23:30:55,2026-05-21,4,羽毛球馆-5号,19:30-20:30,1,1,已售/已满,已售,多云,18,17,3,0.0,85,48
2026-05-21 00:30:49,2026-05-21,4,羽毛球馆-5号,20:30-21:30,1,1,已售/已满,已售,多云,15,13,3,0.0,100,26
2026-05-21 01:00:55,2026-05-21,4,羽毛球馆-5号,20:30-21:30,1,1,已售/已满,已售,多云,15,12,4,0.0,100,26
2026-05-21 01:30:47,2026-05-21,4,羽毛球馆-5号,20:30-21:30,1,1,已售/已满,已售,多云,15,13,4,0.0,100,28
2026-05-21 02:00:53,2026-05-21,4,羽毛球馆-5号,20:30-21:30,1,1,已售/已满,已售,多云,15,12,4,0.0,100,28
2026-05-21 02:30:49,2026-05-21,4,羽毛球馆-5号,20:30-21:30,1,1,已售/已满,已售,多云,15,14,3,0.0,100,29
2026-05-21 03:00:55,2026-05-21,4,羽毛球馆-5号,20:30-21:30,1,1,已售/已满,已售,多云,15,12,4,0.0,100,29
2026-05-21 03:30:49,2026-05-21,4,羽毛球馆-5号,20:30-21:30,1,1,已售/已满,已售,多云,15,14,3,0.0,100,30
2026-05-21 04:30:45,2026-05-21,4,羽毛球馆-5号,20:30-21:30,1,1,已售/已满,已售,多云,15,12,4,0.0,100,29
2026-05-21 05:00:52,2026-05-21,4,羽毛球馆-5号,20:30-21:30,1,1,已售/已满,已售,多云,15,12,4,0.0,100,29
2026-05-21 05:30:49,2026-05-21,4,羽毛球馆-5号,20:30-21:30,1,1,已售/已满,已售,多云,15,13,3,0.0,100,28
2026-05-21 06:00:50,2026-05-21,4,羽毛球馆-5号,20:30-21:30,1,1,已售/已满,已售,多云,15,13,4,0.0,99,28
2026-05-21 06:30:38,2026-05-21,4,羽毛球馆-5号,20:30-21:30,1,1,已售/已满,已售,多云,15,13,3,0.0,97,28
2026-05-21 07:00:43,2026-05-21,4,羽毛球馆-5号,20:30-21:30,1,1,已售/已满,已售,晴,15,11,5,0.0,93,28
2026-05-21 07:30:39,2026-05-21,4,羽毛球馆-5号,20:30-21:30,1,1,已售/已满,已售,晴,17,13,4,0.0,89,29
2026-05-21 07:50:40,2026-05-21,4,羽毛球馆-5号,20:30-21:30,1,1,已售/已满,已售,晴,17,13,4,0.0,88,29
2026-05-21 07:53:31,2026-05-21,4,羽毛球馆-5号,20:30-21:30,1,1,已售/已满,已售,晴,17,12,5,0.0,86,29
2026-05-21 07:56:31,2026-05-21,4,羽毛球馆-5号,20:30-21:30,1,1,已售/已满,已售,晴,17,12,5,0.0,86,29
2026-05-21 07:59:26,2026-05-21,4,羽毛球馆-5号,20:30-21:30,1,1,已售/已满,已售,晴,17,12,5,0.0,86,29
2026-05-21 08:00:45,2026-05-21,4,羽毛球馆-5号,20:30-21:30,1,1,已售/已满,已售,晴,17,12,5,0.0,86,29
2026-05-21 08:02:30,2026-05-21,4,羽毛球馆-5号,20:30-21:30,1,1,已售/已满,已售,多云,17,12,5,0.0,87,29
2026-05-21 08:05:36,2026-05-21,4,羽毛球馆-5号,20:30-21:30,1,1,已售/已满,已售,多云,17,12,5,0.0,86,29
2026-05-21 08:08:31,2026-05-21,4,羽毛球馆-5号,20:30-21:30,1,1,已售/已满,已售,多云,17,12,5,0.0,86,29
2026-05-21 08:11:30,2026-05-21,4,羽毛球馆-5号,20:30-21:30,1,1,已售/已满,已售,多云,17,12,5,0.0,86,29
2026-05-21 08:14:31,2026-05-21,4,羽毛球馆-5号,20:30-21:30,1,1,已售/已满,已售,多云,17,12,5,0.0,86,29
2026-05-21 08:17:30,2026-05-21,4,羽毛球馆-5号,20:30-21:30,1,1,已售/已满,已售,多云,17,12,5,0.0,86,29
2026-05-21 08:20:35,2026-05-21,4,羽毛球馆-5号,20:30-21:30,1,1,已售/已满,已售,多云,17,14,4,0.0,85,29
2026-05-21 08:25:32,2026-05-21,4,羽毛球馆-5号,20:30-21:30,1,1,已售/已满,已售,多云,17,14,4,0.0,85,28
2026-05-21 08:30:42,2026-05-21,4,羽毛球馆-5号,20:30-21:30,1,1,已售/已满,已售,多云,18,15,4,0.0,84,28
2026-05-21 08:35:31,2026-05-21,4,羽毛球馆-5号,20:30-21:30,1,1,已售/已满,已售,多云,18,15,4,0.0,84,28
2026-05-21 08:40:38,2026-05-21,4,羽毛球馆-5号,20:30-21:30,1,1,已售/已满,已售,多云,18,15,4,0.0,82,28
2026-05-21 08:45:33,2026-05-21,4,羽毛球馆-5号,20:30-21:30,1,1,已售/已满,已售,多云,18,15,4,0.0,82,28
2026-05-21 08:50:36,2026-05-21,4,羽毛球馆-5号,20:30-21:30,1,1,已售/已满,已售,多云,18,15,4,0.0,82,28
2026-05-21 08:55:34,2026-05-21,4,羽毛球馆-5号,20:30-21:30,1,1,已售/已满,已售,多云,18,15,4,0.0,84,28
2026-05-21 09:00:51,2026-05-21,4,羽毛球馆-5号,20:30-21:30,1,1,已售/已满,已售,多云,18,15,4,0.0,84,28
2026-05-21 09:01:59,2026-05-21,4,羽毛球馆-5号,20:30-21:30,1,1,已售/已满,已售,多云,18,15,4,0.0,83,28
2026-05-21 09:05:33,2026-05-21,4,羽毛球馆-5号,20:30-21:30,1,1,已售/已满,已售,多云,18,15,4,0.0,83,28
2026-05-21 09:20:38,2026-05-21,4,羽毛球馆-5号,20:30-21:30,1,1,已售/已满,已售,多云,18,16,3,0.0,81,28
2026-05-21 09:30:46,2026-05-21,4,羽毛球馆-5号,20:30-21:30,1,1,已售/已满,已售,多云,18,16,3,0.0,81,32
2026-05-21 09:40:36,2026-05-21,4,羽毛球馆-5号,20:30-21:30,1,1,已售/已满,已售,多云,19,17,3,0.0,79,32
2026-05-21 09:50:42,2026-05-21,4,羽毛球馆-5号,20:30-21:30,1,1,已售/已满,已售,多云,19,17,4,0.0,81,32
2026-05-21 10:00:46,2026-05-21,4,羽毛球馆-5号,20:30-21:30,1,1,已售/已满,已售,多云,19,17,4,0.0,79,32
2026-05-21 10:10:40,2026-05-21,4,羽毛球馆-5号,20:30-21:30,1,1,已售/已满,已售,多云,19,17,4,0.0,79,32
2026-05-21 10:20:38,2026-05-21,4,羽毛球馆-5号,20:30-21:30,1,1,已售/已满,已售,多云,19,17,4,0.0,79,32
2026-05-21 10:30:41,2026-05-21,4,羽毛球馆-5号,20:30-21:30,1,1,已售/已满,已售,多云,19,18,3,0.0,78,31
2026-05-21 11:00:44,2026-05-21,4,羽毛球馆-5号,20:30-21:30,1,1,已售/已满,已售,多云,21,17,5,0.0,74,31
2026-05-21 11:30:38,2026-05-21,4,羽毛球馆-5号,20:30-21:30,1,1,已售/已满,已售,多云,21,19,3,0.0,72,33
2026-05-21 12:00:46,2026-05-21,4,羽毛球馆-5号,20:30-21:30,1,1,已售/已满,已售,多云,22,19,4,0.0,70,33
2026-05-21 12:30:42,2026-05-21,4,羽毛球馆-5号,20:30-21:30,1,1,已售/已满,已售,多云,22,21,3,0.0,68,35
2026-05-21 13:00:43,2026-05-21,4,羽毛球馆-5号,20:30-21:30,1,1,已售/已满,已售,多云,24,22,4,0.0,66,35
2026-05-21 13:30:43,2026-05-21,4,羽毛球馆-5号,20:30-21:30,1,1,已售/已满,已售,多云,24,22,4,0.0,66,36
2026-05-21 14:00:48,2026-05-21,4,羽毛球馆-5号,20:30-21:30,1,1,已售/已满,已售,多云,25,23,4,0.0,66,36
2026-05-21 14:30:45,2026-05-21,4,羽毛球馆-5号,20:30-21:30,1,1,已售/已满,已售,晴,25,25,3,0.0,65,39
2026-05-21 15:00:45,2026-05-21,4,羽毛球馆-5号,20:30-21:30,1,1,已售/已满,已售,晴,25,22,4,0.0,56,39
2026-05-21 15:30:43,2026-05-21,4,羽毛球馆-5号,20:30-21:30,1,1,已售/已满,已售,晴,25,23,4,0.0,57,40
2026-05-21 16:00:51,2026-05-21,4,羽毛球馆-5号,20:30-21:30,1,1,已售/已满,已售,晴,25,23,4,0.0,57,40
2026-05-21 16:30:48,2026-05-21,4,羽毛球馆-5号,20:30-21:30,1,1,已售/已满,已售,晴,25,24,3,0.0,60,39
2026-05-21 17:00:49,2026-05-21,4,羽毛球馆-5号,20:30-21:30,1,1,已售/已满,已售,晴,25,24,4,0.0,61,39
2026-05-21 17:30:47,2026-05-21,4,羽毛球馆-5号,20:30-21:30,1,1,已售/已满,已售,多云,24,23,3,0.0,64,39
2026-05-21 18:00:50,2026-05-21,4,羽毛球馆-5号,20:30-21:30,1,1,已售/已满,已售,多云,24,23,3,0.0,68,39
2026-05-21 18:30:50,2026-05-21,4,羽毛球馆-5号,20:30-21:30,1,1,已售/已满,已售,阴,24,25,2,0.0,68,40
2026-05-21 19:00:50,2026-05-21,4,羽毛球馆-5号,20:30-21:30,1,1,已售/已满,已售,阴,23,23,3,0.0,76,40
2026-05-21 19:30:46,2026-05-21,4,羽毛球馆-5号,20:30-21:30,1,1,已售/已满,已售,阴,23,24,2,0.0,77,39
2026-05-21 20:00:49,2026-05-21,4,羽毛球馆-5号,20:30-21:30,1,1,已售/已满,已售,雾,22,23,2,0.0,89,39
2026-05-21 20:30:44,2026-05-21,4,羽毛球馆-5号,20:30-21:30,1,1,已售/已满,已售,雾,22,24,2,0.0,93,43
2026-05-21 21:00:56,2026-05-21,4,羽毛球馆-5号,20:30-21:30,1,1,已售/已满,已售,雾,20,21,2,0.0,98,43
2026-05-21 21:30:46,2026-05-21,4,羽毛球馆-5号,20:30-21:30,1,1,已售/已满,已售,雾,20,22,1,0.0,99,41
2026-05-21 22:01:02,2026-05-21,4,羽毛球馆-5号,20:30-21:30,1,1,已售/已满,已售,雾,19,20,2,0.0,93,41
2026-05-21 22:30:47,2026-05-21,4,羽毛球馆-5号,20:30-21:30,1,1,已售/已满,已售,雾,19,19,3,0.0,88,46
2026-05-21 23:00:56,2026-05-21,4,羽毛球馆-5号,20:30-21:30,1,1,已售/已满,已售,多云,18,17,3,0.0,85,46
2026-05-21 23:30:55,2026-05-21,4,羽毛球馆-5号,20:30-21:30,1,1,已售/已满,已售,多云,18,17,3,0.0,85,48
2026-05-21 00:30:49,2026-05-21,4,羽毛球馆-6号,07:00-08:00,0,1,可预约,￥0.0,多云,15,13,3,0.0,100,26
2026-05-21 01:00:55,2026-05-21,4,羽毛球馆-6号,07:00-08:00,0,1,可预约,￥0.0,多云,15,12,4,0.0,100,26
2026-05-21 01:30:47,2026-05-21,4,羽毛球馆-6号,07:00-08:00,0,1,可预约,￥0.0,多云,15,13,4,0.0,100,28
2026-05-21 02:00:53,2026-05-21,4,羽毛球馆-6号,07:00-08:00,0,1,可预约,￥0.0,多云,15,12,4,0.0,100,28
2026-05-21 02:30:49,2026-05-21,4,羽毛球馆-6号,07:00-08:00,0,1,可预约,￥0.0,多云,15,14,3,0.0,100,29
2026-05-21 03:00:55,2026-05-21,4,羽毛球馆-6号,07:00-08:00,0,1,可预约,￥0.0,多云,15,12,4,0.0,100,29
2026-05-21 03:30:49,2026-05-21,4,羽毛球馆-6号,07:00-08:00,0,1,可预约,￥0.0,多云,15,14,3,0.0,100,30
2026-05-21 04:30:45,2026-05-21,4,羽毛球馆-6号,07:00-08:00,0,1,可预约,￥0.0,多云,15,12,4,0.0,100,29
2026-05-21 05:00:52,2026-05-21,4,羽毛球馆-6号,07:00-08:00,0,1,可预约,￥0.0,多云,15,12,4,0.0,100,29
2026-05-21 05:30:49,2026-05-21,4,羽毛球馆-6号,07:00-08:00,0,1,可预约,￥0.0,多云,15,13,3,0.0,100,28
2026-05-21 06:00:50,2026-05-21,4,羽毛球馆-6号,07:00-08:00,0,1,可预约,￥0.0,多云,15,13,4,0.0,99,28
2026-05-21 06:30:38,2026-05-21,4,羽毛球馆-6号,07:00-08:00,0,1,可预约,￥0.0,多云,15,13,3,0.0,97,28
2026-05-21 07:00:43,2026-05-21,4,羽毛球馆-6号,07:00-08:00,0,1,可预约,￥0.0,晴,15,11,5,0.0,93,28
2026-05-21 07:30:39,2026-05-21,4,羽毛球馆-6号,07:00-08:00,0,1,可预约,￥0.0,晴,17,13,4,0.0,89,29
2026-05-21 07:50:40,2026-05-21,4,羽毛球馆-6号,07:00-08:00,0,1,可预约,￥0.0,晴,17,13,4,0.0,88,29
2026-05-21 07:53:31,2026-05-21,4,羽毛球馆-6号,07:00-08:00,0,1,可预约,￥0.0,晴,17,12,5,0.0,86,29
2026-05-21 07:56:31,2026-05-21,4,羽毛球馆-6号,07:00-08:00,0,1,可预约,￥0.0,晴,17,12,5,0.0,86,29
2026-05-21 07:59:26,2026-05-21,4,羽毛球馆-6号,07:00-08:00,0,1,可预约,￥0.0,晴,17,12,5,0.0,86,29
2026-05-21 08:00:45,2026-05-21,4,羽毛球馆-6号,07:00-08:00,0,1,不开放/已过期,,晴,17,12,5,0.0,86,29
2026-05-21 08:02:30,2026-05-21,4,羽毛球馆-6号,07:00-08:00,0,1,不开放/已过期,,多云,17,12,5,0.0,87,29
2026-05-21 08:05:36,2026-05-21,4,羽毛球馆-6号,07:00-08:00,0,1,不开放/已过期,,多云,17,12,5,0.0,86,29
2026-05-21 08:08:31,2026-05-21,4,羽毛球馆-6号,07:00-08:00,0,1,不开放/已过期,,多云,17,12,5,0.0,86,29
2026-05-21 08:11:30,2026-05-21,4,羽毛球馆-6号,07:00-08:00,0,1,不开放/已过期,,多云,17,12,5,0.0,86,29
2026-05-21 08:14:31,2026-05-21,4,羽毛球馆-6号,07:00-08:00,0,1,不开放/已过期,,多云,17,12,5,0.0,86,29
2026-05-21 08:17:30,2026-05-21,4,羽毛球馆-6号,07:00-08:00,0,1,不开放/已过期,,多云,17,12,5,0.0,86,29
2026-05-21 08:20:35,2026-05-21,4,羽毛球馆-6号,07:00-08:00,0,1,不开放/已过期,,多云,17,14,4,0.0,85,29
2026-05-21 08:25:32,2026-05-21,4,羽毛球馆-6号,07:00-08:00,0,1,不开放/已过期,,多云,17,14,4,0.0,85,28
2026-05-21 08:30:42,2026-05-21,4,羽毛球馆-6号,07:00-08:00,0,1,不开放/已过期,,多云,18,15,4,0.0,84,28
2026-05-21 08:35:31,2026-05-21,4,羽毛球馆-6号,07:00-08:00,0,1,不开放/已过期,,多云,18,15,4,0.0,84,28
2026-05-21 08:40:38,2026-05-21,4,羽毛球馆-6号,07:00-08:00,0,1,不开放/已过期,,多云,18,15,4,0.0,82,28
2026-05-21 08:45:33,2026-05-21,4,羽毛球馆-6号,07:00-08:00,0,1,不开放/已过期,,多云,18,15,4,0.0,82,28
2026-05-21 08:50:36,2026-05-21,4,羽毛球馆-6号,07:00-08:00,0,1,不开放/已过期,,多云,18,15,4,0.0,82,28
2026-05-21 08:55:34,2026-05-21,4,羽毛球馆-6号,07:00-08:00,0,1,不开放/已过期,,多云,18,15,4,0.0,84,28
2026-05-21 09:00:51,2026-05-21,4,羽毛球馆-6号,07:00-08:00,0,1,不开放/已过期,,多云,18,15,4,0.0,84,28
2026-05-21 09:01:59,2026-05-21,4,羽毛球馆-6号,07:00-08:00,0,1,不开放/已过期,,多云,18,15,4,0.0,83,28
2026-05-21 09:05:33,2026-05-21,4,羽毛球馆-6号,07:00-08:00,0,1,不开放/已过期,,多云,18,15,4,0.0,83,28
2026-05-21 09:20:38,2026-05-21,4,羽毛球馆-6号,07:00-08:00,0,1,不开放/已过期,,多云,18,16,3,0.0,81,28
2026-05-21 09:30:46,2026-05-21,4,羽毛球馆-6号,07:00-08:00,0,1,不开放/已过期,,多云,18,16,3,0.0,81,32
2026-05-21 09:40:36,2026-05-21,4,羽毛球馆-6号,07:00-08:00,0,1,不开放/已过期,,多云,19,17,3,0.0,79,32
2026-05-21 09:50:42,2026-05-21,4,羽毛球馆-6号,07:00-08:00,0,1,不开放/已过期,,多云,19,17,4,0.0,81,32
2026-05-21 10:00:46,2026-05-21,4,羽毛球馆-6号,07:00-08:00,0,1,不开放/已过期,,多云,19,17,4,0.0,79,32
2026-05-21 10:10:40,2026-05-21,4,羽毛球馆-6号,07:00-08:00,0,1,不开放/已过期,,多云,19,17,4,0.0,79,32
2026-05-21 10:20:38,2026-05-21,4,羽毛球馆-6号,07:00-08:00,0,1,不开放/已过期,,多云,19,17,4,0.0,79,32
2026-05-21 10:30:41,2026-05-21,4,羽毛球馆-6号,07:00-08:00,0,1,不开放/已过期,,多云,19,18,3,0.0,78,31
2026-05-21 11:00:44,2026-05-21,4,羽毛球馆-6号,07:00-08:00,0,1,不开放/已过期,,多云,21,17,5,0.0,74,31
2026-05-21 11:30:38,2026-05-21,4,羽毛球馆-6号,07:00-08:00,0,1,不开放/已过期,,多云,21,19,3,0.0,72,33
2026-05-21 12:00:46,2026-05-21,4,羽毛球馆-6号,07:00-08:00,0,1,不开放/已过期,,多云,22,19,4,0.0,70,33
2026-05-21 12:30:42,2026-05-21,4,羽毛球馆-6号,07:00-08:00,0,1,不开放/已过期,,多云,22,21,3,0.0,68,35
2026-05-21 13:00:43,2026-05-21,4,羽毛球馆-6号,07:00-08:00,0,1,不开放/已过期,,多云,24,22,4,0.0,66,35
2026-05-21 13:30:43,2026-05-21,4,羽毛球馆-6号,07:00-08:00,0,1,不开放/已过期,,多云,24,22,4,0.0,66,36
2026-05-21 14:00:48,2026-05-21,4,羽毛球馆-6号,07:00-08:00,0,1,不开放/已过期,,多云,25,23,4,0.0,66,36
2026-05-21 14:30:45,2026-05-21,4,羽毛球馆-6号,07:00-08:00,0,1,不开放/已过期,,晴,25,25,3,0.0,65,39
2026-05-21 15:00:45,2026-05-21,4,羽毛球馆-6号,07:00-08:00,0,1,不开放/已过期,,晴,25,22,4,0.0,56,39
2026-05-21 15:30:43,2026-05-21,4,羽毛球馆-6号,07:00-08:00,0,1,不开放/已过期,,晴,25,23,4,0.0,57,40
2026-05-21 16:00:51,2026-05-21,4,羽毛球馆-6号,07:00-08:00,0,1,不开放/已过期,,晴,25,23,4,0.0,57,40
2026-05-21 16:30:48,2026-05-21,4,羽毛球馆-6号,07:00-08:00,0,1,不开放/已过期,,晴,25,24,3,0.0,60,39
2026-05-21 17:00:49,2026-05-21,4,羽毛球馆-6号,07:00-08:00,0,1,不开放/已过期,,晴,25,24,4,0.0,61,39
2026-05-21 17:30:47,2026-05-21,4,羽毛球馆-6号,07:00-08:00,0,1,不开放/已过期,,多云,24,23,3,0.0,64,39
2026-05-21 18:00:50,2026-05-21,4,羽毛球馆-6号,07:00-08:00,0,1,不开放/已过期,,多云,24,23,3,0.0,68,39
2026-05-21 18:30:50,2026-05-21,4,羽毛球馆-6号,07:00-08:00,0,1,不开放/已过期,,阴,24,25,2,0.0,68,40
2026-05-21 19:00:50,2026-05-21,4,羽毛球馆-6号,07:00-08:00,0,1,不开放/已过期,,阴,23,23,3,0.0,76,40
2026-05-21 19:30:46,2026-05-21,4,羽毛球馆-6号,07:00-08:00,0,1,不开放/已过期,,阴,23,24,2,0.0,77,39
2026-05-21 20:00:49,2026-05-21,4,羽毛球馆-6号,07:00-08:00,0,1,不开放/已过期,,雾,22,23,2,0.0,89,39
2026-05-21 20:30:44,2026-05-21,4,羽毛球馆-6号,07:00-08:00,0,1,不开放/已过期,,雾,22,24,2,0.0,93,43
2026-05-21 21:00:56,2026-05-21,4,羽毛球馆-6号,07:00-08:00,0,1,不开放/已过期,,雾,20,21,2,0.0,98,43
2026-05-21 21:30:46,2026-05-21,4,羽毛球馆-6号,07:00-08:00,0,1,不开放/已过期,,雾,20,22,1,0.0,99,41
2026-05-21 22:01:02,2026-05-21,4,羽毛球馆-6号,07:00-08:00,0,1,不开放/已过期,,雾,19,20,2,0.0,93,41
2026-05-21 22:30:47,2026-05-21,4,羽毛球馆-6号,07:00-08:00,0,1,不开放/已过期,,雾,19,19,3,0.0,88,46
2026-05-21 23:00:56,2026-05-21,4,羽毛球馆-6号,07:00-08:00,0,1,不开放/已过期,,多云,18,17,3,0.0,85,46
2026-05-21 23:30:55,2026-05-21,4,羽毛球馆-6号,07:00-08:00,0,1,不开放/已过期,,多云,18,17,3,0.0,85,48
2026-05-21 00:30:49,2026-05-21,4,羽毛球馆-6号,08:00-09:00,1,1,已售/已满,已售,多云,15,13,3,0.0,100,26
2026-05-21 01:00:55,2026-05-21,4,羽毛球馆-6号,08:00-09:00,1,1,已售/已满,已售,多云,15,12,4,0.0,100,26
2026-05-21 01:30:47,2026-05-21,4,羽毛球馆-6号,08:00-09:00,1,1,已售/已满,已售,多云,15,13,4,0.0,100,28
2026-05-21 02:00:53,2026-05-21,4,羽毛球馆-6号,08:00-09:00,1,1,已售/已满,已售,多云,15,12,4,0.0,100,28
2026-05-21 02:30:49,2026-05-21,4,羽毛球馆-6号,08:00-09:00,1,1,已售/已满,已售,多云,15,14,3,0.0,100,29
2026-05-21 03:00:55,2026-05-21,4,羽毛球馆-6号,08:00-09:00,1,1,已售/已满,已售,多云,15,12,4,0.0,100,29
2026-05-21 03:30:49,2026-05-21,4,羽毛球馆-6号,08:00-09:00,1,1,已售/已满,已售,多云,15,14,3,0.0,100,30
2026-05-21 04:30:45,2026-05-21,4,羽毛球馆-6号,08:00-09:00,1,1,已售/已满,已售,多云,15,12,4,0.0,100,29
2026-05-21 05:00:52,2026-05-21,4,羽毛球馆-6号,08:00-09:00,1,1,已售/已满,已售,多云,15,12,4,0.0,100,29
2026-05-21 05:30:49,2026-05-21,4,羽毛球馆-6号,08:00-09:00,1,1,已售/已满,已售,多云,15,13,3,0.0,100,28
2026-05-21 06:00:50,2026-05-21,4,羽毛球馆-6号,08:00-09:00,1,1,已售/已满,已售,多云,15,13,4,0.0,99,28
2026-05-21 06:30:38,2026-05-21,4,羽毛球馆-6号,08:00-09:00,1,1,已售/已满,已售,多云,15,13,3,0.0,97,28
2026-05-21 07:00:43,2026-05-21,4,羽毛球馆-6号,08:00-09:00,1,1,已售/已满,已售,晴,15,11,5,0.0,93,28
2026-05-21 07:30:39,2026-05-21,4,羽毛球馆-6号,08:00-09:00,1,1,已售/已满,已售,晴,17,13,4,0.0,89,29
2026-05-21 07:50:40,2026-05-21,4,羽毛球馆-6号,08:00-09:00,1,1,已售/已满,已售,晴,17,13,4,0.0,88,29
2026-05-21 07:53:31,2026-05-21,4,羽毛球馆-6号,08:00-09:00,1,1,已售/已满,已售,晴,17,12,5,0.0,86,29
2026-05-21 07:56:31,2026-05-21,4,羽毛球馆-6号,08:00-09:00,1,1,已售/已满,已售,晴,17,12,5,0.0,86,29
2026-05-21 07:59:26,2026-05-21,4,羽毛球馆-6号,08:00-09:00,1,1,已售/已满,已售,晴,17,12,5,0.0,86,29
2026-05-21 08:00:45,2026-05-21,4,羽毛球馆-6号,08:00-09:00,1,1,已售/已满,已售,晴,17,12,5,0.0,86,29
2026-05-21 08:02:30,2026-05-21,4,羽毛球馆-6号,08:00-09:00,1,1,已售/已满,已售,多云,17,12,5,0.0,87,29
2026-05-21 08:05:36,2026-05-21,4,羽毛球馆-6号,08:00-09:00,1,1,已售/已满,已售,多云,17,12,5,0.0,86,29
2026-05-21 08:08:31,2026-05-21,4,羽毛球馆-6号,08:00-09:00,1,1,已售/已满,已售,多云,17,12,5,0.0,86,29
2026-05-21 08:11:30,2026-05-21,4,羽毛球馆-6号,08:00-09:00,1,1,已售/已满,已售,多云,17,12,5,0.0,86,29
2026-05-21 08:14:31,2026-05-21,4,羽毛球馆-6号,08:00-09:00,1,1,已售/已满,已售,多云,17,12,5,0.0,86,29
2026-05-21 08:17:30,2026-05-21,4,羽毛球馆-6号,08:00-09:00,1,1,已售/已满,已售,多云,17,12,5,0.0,86,29
2026-05-21 08:20:35,2026-05-21,4,羽毛球馆-6号,08:00-09:00,1,1,已售/已满,已售,多云,17,14,4,0.0,85,29
2026-05-21 08:25:32,2026-05-21,4,羽毛球馆-6号,08:00-09:00,1,1,已售/已满,已售,多云,17,14,4,0.0,85,28
2026-05-21 08:30:42,2026-05-21,4,羽毛球馆-6号,08:00-09:00,1,1,已售/已满,已售,多云,18,15,4,0.0,84,28
2026-05-21 08:35:31,2026-05-21,4,羽毛球馆-6号,08:00-09:00,1,1,已售/已满,已售,多云,18,15,4,0.0,84,28
2026-05-21 08:40:38,2026-05-21,4,羽毛球馆-6号,08:00-09:00,1,1,已售/已满,已售,多云,18,15,4,0.0,82,28
2026-05-21 08:45:33,2026-05-21,4,羽毛球馆-6号,08:00-09:00,1,1,已售/已满,已售,多云,18,15,4,0.0,82,28
2026-05-21 08:50:36,2026-05-21,4,羽毛球馆-6号,08:00-09:00,1,1,已售/已满,已售,多云,18,15,4,0.0,82,28
2026-05-21 08:55:34,2026-05-21,4,羽毛球馆-6号,08:00-09:00,1,1,已售/已满,已售,多云,18,15,4,0.0,84,28
2026-05-21 09:00:51,2026-05-21,4,羽毛球馆-6号,08:00-09:00,1,1,已售/已满,已售,多云,18,15,4,0.0,84,28
2026-05-21 09:01:59,2026-05-21,4,羽毛球馆-6号,08:00-09:00,1,1,已售/已满,已售,多云,18,15,4,0.0,83,28
2026-05-21 09:05:33,2026-05-21,4,羽毛球馆-6号,08:00-09:00,1,1,已售/已满,已售,多云,18,15,4,0.0,83,28
2026-05-21 09:20:38,2026-05-21,4,羽毛球馆-6号,08:00-09:00,1,1,已售/已满,已售,多云,18,16,3,0.0,81,28
2026-05-21 09:30:46,2026-05-21,4,羽毛球馆-6号,08:00-09:00,1,1,已售/已满,已售,多云,18,16,3,0.0,81,32
2026-05-21 09:40:36,2026-05-21,4,羽毛球馆-6号,08:00-09:00,1,1,已售/已满,已售,多云,19,17,3,0.0,79,32
2026-05-21 09:50:42,2026-05-21,4,羽毛球馆-6号,08:00-09:00,1,1,已售/已满,已售,多云,19,17,4,0.0,81,32
2026-05-21 10:00:46,2026-05-21,4,羽毛球馆-6号,08:00-09:00,1,1,已售/已满,已售,多云,19,17,4,0.0,79,32
2026-05-21 10:10:40,2026-05-21,4,羽毛球馆-6号,08:00-09:00,1,1,已售/已满,已售,多云,19,17,4,0.0,79,32
2026-05-21 10:20:38,2026-05-21,4,羽毛球馆-6号,08:00-09:00,1,1,已售/已满,已售,多云,19,17,4,0.0,79,32
2026-05-21 10:30:41,2026-05-21,4,羽毛球馆-6号,08:00-09:00,1,1,已售/已满,已售,多云,19,18,3,0.0,78,31
2026-05-21 11:00:44,2026-05-21,4,羽毛球馆-6号,08:00-09:00,1,1,已售/已满,已售,多云,21,17,5,0.0,74,31
2026-05-21 11:30:38,2026-05-21,4,羽毛球馆-6号,08:00-09:00,1,1,已售/已满,已售,多云,21,19,3,0.0,72,33
2026-05-21 12:00:46,2026-05-21,4,羽毛球馆-6号,08:00-09:00,1,1,已售/已满,已售,多云,22,19,4,0.0,70,33
2026-05-21 12:30:42,2026-05-21,4,羽毛球馆-6号,08:00-09:00,1,1,已售/已满,已售,多云,22,21,3,0.0,68,35
2026-05-21 13:00:43,2026-05-21,4,羽毛球馆-6号,08:00-09:00,1,1,已售/已满,已售,多云,24,22,4,0.0,66,35
2026-05-21 13:30:43,2026-05-21,4,羽毛球馆-6号,08:00-09:00,1,1,已售/已满,已售,多云,24,22,4,0.0,66,36
2026-05-21 14:00:48,2026-05-21,4,羽毛球馆-6号,08:00-09:00,1,1,已售/已满,已售,多云,25,23,4,0.0,66,36
2026-05-21 14:30:45,2026-05-21,4,羽毛球馆-6号,08:00-09:00,1,1,已售/已满,已售,晴,25,25,3,0.0,65,39
2026-05-21 15:00:45,2026-05-21,4,羽毛球馆-6号,08:00-09:00,1,1,已售/已满,已售,晴,25,22,4,0.0,56,39
2026-05-21 15:30:43,2026-05-21,4,羽毛球馆-6号,08:00-09:00,1,1,已售/已满,已售,晴,25,23,4,0.0,57,40
2026-05-21 16:00:51,2026-05-21,4,羽毛球馆-6号,08:00-09:00,1,1,已售/已满,已售,晴,25,23,4,0.0,57,40
2026-05-21 16:30:48,2026-05-21,4,羽毛球馆-6号,08:00-09:00,1,1,已售/已满,已售,晴,25,24,3,0.0,60,39
2026-05-21 17:00:49,2026-05-21,4,羽毛球馆-6号,08:00-09:00,1,1,已售/已满,已售,晴,25,24,4,0.0,61,39
2026-05-21 17:30:47,2026-05-21,4,羽毛球馆-6号,08:00-09:00,1,1,已售/已满,已售,多云,24,23,3,0.0,64,39
2026-05-21 18:00:50,2026-05-21,4,羽毛球馆-6号,08:00-09:00,1,1,已售/已满,已售,多云,24,23,3,0.0,68,39
2026-05-21 18:30:50,2026-05-21,4,羽毛球馆-6号,08:00-09:00,1,1,已售/已满,已售,阴,24,25,2,0.0,68,40
2026-05-21 19:00:50,2026-05-21,4,羽毛球馆-6号,08:00-09:00,1,1,已售/已满,已售,阴,23,23,3,0.0,76,40
2026-05-21 19:30:46,2026-05-21,4,羽毛球馆-6号,08:00-09:00,1,1,已售/已满,已售,阴,23,24,2,0.0,77,39
2026-05-21 20:00:49,2026-05-21,4,羽毛球馆-6号,08:00-09:00,1,1,已售/已满,已售,雾,22,23,2,0.0,89,39
2026-05-21 20:30:44,2026-05-21,4,羽毛球馆-6号,08:00-09:00,1,1,已售/已满,已售,雾,22,24,2,0.0,93,43
2026-05-21 21:00:56,2026-05-21,4,羽毛球馆-6号,08:00-09:00,1,1,已售/已满,已售,雾,20,21,2,0.0,98,43
2026-05-21 21:30:46,2026-05-21,4,羽毛球馆-6号,08:00-09:00,1,1,已售/已满,已售,雾,20,22,1,0.0,99,41
2026-05-21 22:01:02,2026-05-21,4,羽毛球馆-6号,08:00-09:00,1,1,已售/已满,已售,雾,19,20,2,0.0,93,41
2026-05-21 22:30:47,2026-05-21,4,羽毛球馆-6号,08:00-09:00,1,1,已售/已满,已售,雾,19,19,3,0.0,88,46
2026-05-21 23:00:56,2026-05-21,4,羽毛球馆-6号,08:00-09:00,1,1,已售/已满,已售,多云,18,17,3,0.0,85,46
2026-05-21 23:30:55,2026-05-21,4,羽毛球馆-6号,08:00-09:00,1,1,已售/已满,已售,多云,18,17,3,0.0,85,48
2026-05-21 00:30:49,2026-05-21,4,羽毛球馆-6号,09:00-10:00,0,1,可预约,￥12.0,多云,15,13,3,0.0,100,26
2026-05-21 01:00:55,2026-05-21,4,羽毛球馆-6号,09:00-10:00,0,1,可预约,￥12.0,多云,15,12,4,0.0,100,26
2026-05-21 01:30:47,2026-05-21,4,羽毛球馆-6号,09:00-10:00,0,1,可预约,￥12.0,多云,15,13,4,0.0,100,28
2026-05-21 02:00:53,2026-05-21,4,羽毛球馆-6号,09:00-10:00,0,1,可预约,￥12.0,多云,15,12,4,0.0,100,28
2026-05-21 02:30:49,2026-05-21,4,羽毛球馆-6号,09:00-10:00,0,1,可预约,￥12.0,多云,15,14,3,0.0,100,29
2026-05-21 03:00:55,2026-05-21,4,羽毛球馆-6号,09:00-10:00,0,1,可预约,￥12.0,多云,15,12,4,0.0,100,29
2026-05-21 03:30:49,2026-05-21,4,羽毛球馆-6号,09:00-10:00,0,1,可预约,￥12.0,多云,15,14,3,0.0,100,30
2026-05-21 04:30:45,2026-05-21,4,羽毛球馆-6号,09:00-10:00,0,1,可预约,￥12.0,多云,15,12,4,0.0,100,29
2026-05-21 05:00:52,2026-05-21,4,羽毛球馆-6号,09:00-10:00,0,1,可预约,￥12.0,多云,15,12,4,0.0,100,29
2026-05-21 05:30:49,2026-05-21,4,羽毛球馆-6号,09:00-10:00,0,1,可预约,￥12.0,多云,15,13,3,0.0,100,28
2026-05-21 06:00:50,2026-05-21,4,羽毛球馆-6号,09:00-10:00,0,1,可预约,￥12.0,多云,15,13,4,0.0,99,28
2026-05-21 06:30:38,2026-05-21,4,羽毛球馆-6号,09:00-10:00,0,1,可预约,￥12.0,多云,15,13,3,0.0,97,28
2026-05-21 07:00:43,2026-05-21,4,羽毛球馆-6号,09:00-10:00,0,1,可预约,￥12.0,晴,15,11,5,0.0,93,28
2026-05-21 07:30:39,2026-05-21,4,羽毛球馆-6号,09:00-10:00,0,1,可预约,￥12.0,晴,17,13,4,0.0,89,29
2026-05-21 07:50:40,2026-05-21,4,羽毛球馆-6号,09:00-10:00,0,1,可预约,￥12.0,晴,17,13,4,0.0,88,29
2026-05-21 07:53:31,2026-05-21,4,羽毛球馆-6号,09:00-10:00,0,1,可预约,￥12.0,晴,17,12,5,0.0,86,29
2026-05-21 07:56:31,2026-05-21,4,羽毛球馆-6号,09:00-10:00,0,1,可预约,￥12.0,晴,17,12,5,0.0,86,29
2026-05-21 07:59:26,2026-05-21,4,羽毛球馆-6号,09:00-10:00,0,1,可预约,￥12.0,晴,17,12,5,0.0,86,29
2026-05-21 08:00:45,2026-05-21,4,羽毛球馆-6号,09:00-10:00,0,1,可预约,￥12.0,晴,17,12,5,0.0,86,29
2026-05-21 08:02:30,2026-05-21,4,羽毛球馆-6号,09:00-10:00,0,1,可预约,￥12.0,多云,17,12,5,0.0,87,29
2026-05-21 08:05:36,2026-05-21,4,羽毛球馆-6号,09:00-10:00,0,1,可预约,￥12.0,多云,17,12,5,0.0,86,29
2026-05-21 08:08:31,2026-05-21,4,羽毛球馆-6号,09:00-10:00,0,1,可预约,￥12.0,多云,17,12,5,0.0,86,29
2026-05-21 08:11:30,2026-05-21,4,羽毛球馆-6号,09:00-10:00,0,1,可预约,￥12.0,多云,17,12,5,0.0,86,29
2026-05-21 08:14:31,2026-05-21,4,羽毛球馆-6号,09:00-10:00,0,1,可预约,￥12.0,多云,17,12,5,0.0,86,29
2026-05-21 08:17:30,2026-05-21,4,羽毛球馆-6号,09:00-10:00,0,1,可预约,￥12.0,多云,17,12,5,0.0,86,29
2026-05-21 08:20:35,2026-05-21,4,羽毛球馆-6号,09:00-10:00,0,1,可预约,￥12.0,多云,17,14,4,0.0,85,29
2026-05-21 08:25:32,2026-05-21,4,羽毛球馆-6号,09:00-10:00,0,1,可预约,￥12.0,多云,17,14,4,0.0,85,28
2026-05-21 08:30:42,2026-05-21,4,羽毛球馆-6号,09:00-10:00,0,1,可预约,￥12.0,多云,18,15,4,0.0,84,28
2026-05-21 08:35:31,2026-05-21,4,羽毛球馆-6号,09:00-10:00,0,1,可预约,￥12.0,多云,18,15,4,0.0,84,28
2026-05-21 08:40:38,2026-05-21,4,羽毛球馆-6号,09:00-10:00,0,1,可预约,￥12.0,多云,18,15,4,0.0,82,28
2026-05-21 08:45:33,2026-05-21,4,羽毛球馆-6号,09:00-10:00,0,1,可预约,￥12.0,多云,18,15,4,0.0,82,28
2026-05-21 08:50:36,2026-05-21,4,羽毛球馆-6号,09:00-10:00,0,1,可预约,￥12.0,多云,18,15,4,0.0,82,28
2026-05-21 08:55:34,2026-05-21,4,羽毛球馆-6号,09:00-10:00,0,1,可预约,￥12.0,多云,18,15,4,0.0,84,28
2026-05-21 09:00:51,2026-05-21,4,羽毛球馆-6号,09:00-10:00,0,1,可预约,￥12.0,多云,18,15,4,0.0,84,28
2026-05-21 09:01:59,2026-05-21,4,羽毛球馆-6号,09:00-10:00,0,1,可预约,￥12.0,多云,18,15,4,0.0,83,28
2026-05-21 09:05:33,2026-05-21,4,羽毛球馆-6号,09:00-10:00,0,1,可预约,￥12.0,多云,18,15,4,0.0,83,28
2026-05-21 09:20:38,2026-05-21,4,羽毛球馆-6号,09:00-10:00,0,1,可预约,￥12.0,多云,18,16,3,0.0,81,28
2026-05-21 09:30:46,2026-05-21,4,羽毛球馆-6号,09:00-10:00,0,1,可预约,￥12.0,多云,18,16,3,0.0,81,32
2026-05-21 09:40:36,2026-05-21,4,羽毛球馆-6号,09:00-10:00,0,1,可预约,￥12.0,多云,19,17,3,0.0,79,32
2026-05-21 09:50:42,2026-05-21,4,羽毛球馆-6号,09:00-10:00,0,1,可预约,￥12.0,多云,19,17,4,0.0,81,32
2026-05-21 10:00:46,2026-05-21,4,羽毛球馆-6号,09:00-10:00,0,1,不开放/已过期,,多云,19,17,4,0.0,79,32
2026-05-21 10:10:40,2026-05-21,4,羽毛球馆-6号,09:00-10:00,0,1,不开放/已过期,,多云,19,17,4,0.0,79,32
2026-05-21 10:20:38,2026-05-21,4,羽毛球馆-6号,09:00-10:00,0,1,不开放/已过期,,多云,19,17,4,0.0,79,32
2026-05-21 10:30:41,2026-05-21,4,羽毛球馆-6号,09:00-10:00,0,1,不开放/已过期,,多云,19,18,3,0.0,78,31
2026-05-21 11:00:44,2026-05-21,4,羽毛球馆-6号,09:00-10:00,0,1,不开放/已过期,,多云,21,17,5,0.0,74,31
2026-05-21 11:30:38,2026-05-21,4,羽毛球馆-6号,09:00-10:00,0,1,不开放/已过期,,多云,21,19,3,0.0,72,33
2026-05-21 12:00:46,2026-05-21,4,羽毛球馆-6号,09:00-10:00,0,1,不开放/已过期,,多云,22,19,4,0.0,70,33
2026-05-21 12:30:42,2026-05-21,4,羽毛球馆-6号,09:00-10:00,0,1,不开放/已过期,,多云,22,21,3,0.0,68,35
2026-05-21 13:00:43,2026-05-21,4,羽毛球馆-6号,09:00-10:00,0,1,不开放/已过期,,多云,24,22,4,0.0,66,35
2026-05-21 13:30:43,2026-05-21,4,羽毛球馆-6号,09:00-10:00,0,1,不开放/已过期,,多云,24,22,4,0.0,66,36
2026-05-21 14:00:48,2026-05-21,4,羽毛球馆-6号,09:00-10:00,0,1,不开放/已过期,,多云,25,23,4,0.0,66,36
2026-05-21 14:30:45,2026-05-21,4,羽毛球馆-6号,09:00-10:00,0,1,不开放/已过期,,晴,25,25,3,0.0,65,39
2026-05-21 15:00:45,2026-05-21,4,羽毛球馆-6号,09:00-10:00,0,1,不开放/已过期,,晴,25,22,4,0.0,56,39
2026-05-21 15:30:43,2026-05-21,4,羽毛球馆-6号,09:00-10:00,0,1,不开放/已过期,,晴,25,23,4,0.0,57,40
2026-05-21 16:00:51,2026-05-21,4,羽毛球馆-6号,09:00-10:00,0,1,不开放/已过期,,晴,25,23,4,0.0,57,40
2026-05-21 16:30:48,2026-05-21,4,羽毛球馆-6号,09:00-10:00,0,1,不开放/已过期,,晴,25,24,3,0.0,60,39
2026-05-21 17:00:49,2026-05-21,4,羽毛球馆-6号,09:00-10:00,0,1,不开放/已过期,,晴,25,24,4,0.0,61,39
2026-05-21 17:30:47,2026-05-21,4,羽毛球馆-6号,09:00-10:00,0,1,不开放/已过期,,多云,24,23,3,0.0,64,39
2026-05-21 18:00:50,2026-05-21,4,羽毛球馆-6号,09:00-10:00,0,1,不开放/已过期,,多云,24,23,3,0.0,68,39
2026-05-21 18:30:50,2026-05-21,4,羽毛球馆-6号,09:00-10:00,0,1,不开放/已过期,,阴,24,25,2,0.0,68,40
2026-05-21 19:00:50,2026-05-21,4,羽毛球馆-6号,09:00-10:00,0,1,不开放/已过期,,阴,23,23,3,0.0,76,40
2026-05-21 19:30:46,2026-05-21,4,羽毛球馆-6号,09:00-10:00,0,1,不开放/已过期,,阴,23,24,2,0.0,77,39
2026-05-21 20:00:49,2026-05-21,4,羽毛球馆-6号,09:00-10:00,0,1,不开放/已过期,,雾,22,23,2,0.0,89,39
2026-05-21 20:30:44,2026-05-21,4,羽毛球馆-6号,09:00-10:00,0,1,不开放/已过期,,雾,22,24,2,0.0,93,43
2026-05-21 21:00:56,2026-05-21,4,羽毛球馆-6号,09:00-10:00,0,1,不开放/已过期,,雾,20,21,2,0.0,98,43
2026-05-21 21:30:46,2026-05-21,4,羽毛球馆-6号,09:00-10:00,0,1,不开放/已过期,,雾,20,22,1,0.0,99,41
2026-05-21 22:01:02,2026-05-21,4,羽毛球馆-6号,09:00-10:00,0,1,不开放/已过期,,雾,19,20,2,0.0,93,41
2026-05-21 22:30:47,2026-05-21,4,羽毛球馆-6号,09:00-10:00,0,1,不开放/已过期,,雾,19,19,3,0.0,88,46
2026-05-21 23:00:56,2026-05-21,4,羽毛球馆-6号,09:00-10:00,0,1,不开放/已过期,,多云,18,17,3,0.0,85,46
2026-05-21 23:30:55,2026-05-21,4,羽毛球馆-6号,09:00-10:00,0,1,不开放/已过期,,多云,18,17,3,0.0,85,48
2026-05-21 00:30:49,2026-05-21,4,羽毛球馆-6号,10:00-11:00,1,1,已售/已满,教学时间,多云,15,13,3,0.0,100,26
2026-05-21 01:00:55,2026-05-21,4,羽毛球馆-6号,10:00-11:00,1,1,已售/已满,教学时间,多云,15,12,4,0.0,100,26
2026-05-21 01:30:47,2026-05-21,4,羽毛球馆-6号,10:00-11:00,1,1,已售/已满,教学时间,多云,15,13,4,0.0,100,28
2026-05-21 02:00:53,2026-05-21,4,羽毛球馆-6号,10:00-11:00,1,1,已售/已满,教学时间,多云,15,12,4,0.0,100,28
2026-05-21 02:30:49,2026-05-21,4,羽毛球馆-6号,10:00-11:00,1,1,已售/已满,教学时间,多云,15,14,3,0.0,100,29
2026-05-21 03:00:55,2026-05-21,4,羽毛球馆-6号,10:00-11:00,1,1,已售/已满,教学时间,多云,15,12,4,0.0,100,29
2026-05-21 03:30:49,2026-05-21,4,羽毛球馆-6号,10:00-11:00,1,1,已售/已满,教学时间,多云,15,14,3,0.0,100,30
2026-05-21 04:30:45,2026-05-21,4,羽毛球馆-6号,10:00-11:00,1,1,已售/已满,教学时间,多云,15,12,4,0.0,100,29
2026-05-21 05:00:52,2026-05-21,4,羽毛球馆-6号,10:00-11:00,1,1,已售/已满,教学时间,多云,15,12,4,0.0,100,29
2026-05-21 05:30:49,2026-05-21,4,羽毛球馆-6号,10:00-11:00,1,1,已售/已满,教学时间,多云,15,13,3,0.0,100,28
2026-05-21 06:00:50,2026-05-21,4,羽毛球馆-6号,10:00-11:00,1,1,已售/已满,教学时间,多云,15,13,4,0.0,99,28
2026-05-21 06:30:38,2026-05-21,4,羽毛球馆-6号,10:00-11:00,1,1,已售/已满,教学时间,多云,15,13,3,0.0,97,28
2026-05-21 07:00:43,2026-05-21,4,羽毛球馆-6号,10:00-11:00,1,1,已售/已满,教学时间,晴,15,11,5,0.0,93,28
2026-05-21 07:30:39,2026-05-21,4,羽毛球馆-6号,10:00-11:00,1,1,已售/已满,教学时间,晴,17,13,4,0.0,89,29
2026-05-21 07:50:40,2026-05-21,4,羽毛球馆-6号,10:00-11:00,1,1,已售/已满,教学时间,晴,17,13,4,0.0,88,29
2026-05-21 07:53:31,2026-05-21,4,羽毛球馆-6号,10:00-11:00,1,1,已售/已满,教学时间,晴,17,12,5,0.0,86,29
2026-05-21 07:56:31,2026-05-21,4,羽毛球馆-6号,10:00-11:00,1,1,已售/已满,教学时间,晴,17,12,5,0.0,86,29
2026-05-21 07:59:26,2026-05-21,4,羽毛球馆-6号,10:00-11:00,1,1,已售/已满,教学时间,晴,17,12,5,0.0,86,29
2026-05-21 08:00:45,2026-05-21,4,羽毛球馆-6号,10:00-11:00,1,1,已售/已满,教学时间,晴,17,12,5,0.0,86,29
2026-05-21 08:02:30,2026-05-21,4,羽毛球馆-6号,10:00-11:00,1,1,已售/已满,教学时间,多云,17,12,5,0.0,87,29
2026-05-21 08:05:36,2026-05-21,4,羽毛球馆-6号,10:00-11:00,1,1,已售/已满,教学时间,多云,17,12,5,0.0,86,29
2026-05-21 08:08:31,2026-05-21,4,羽毛球馆-6号,10:00-11:00,1,1,已售/已满,教学时间,多云,17,12,5,0.0,86,29
2026-05-21 08:11:30,2026-05-21,4,羽毛球馆-6号,10:00-11:00,1,1,已售/已满,教学时间,多云,17,12,5,0.0,86,29
2026-05-21 08:14:31,2026-05-21,4,羽毛球馆-6号,10:00-11:00,1,1,已售/已满,教学时间,多云,17,12,5,0.0,86,29
2026-05-21 08:17:30,2026-05-21,4,羽毛球馆-6号,10:00-11:00,1,1,已售/已满,教学时间,多云,17,12,5,0.0,86,29
2026-05-21 08:20:35,2026-05-21,4,羽毛球馆-6号,10:00-11:00,1,1,已售/已满,教学时间,多云,17,14,4,0.0,85,29
2026-05-21 08:25:32,2026-05-21,4,羽毛球馆-6号,10:00-11:00,1,1,已售/已满,教学时间,多云,17,14,4,0.0,85,28
2026-05-21 08:30:42,2026-05-21,4,羽毛球馆-6号,10:00-11:00,1,1,已售/已满,教学时间,多云,18,15,4,0.0,84,28
2026-05-21 08:35:31,2026-05-21,4,羽毛球馆-6号,10:00-11:00,1,1,已售/已满,教学时间,多云,18,15,4,0.0,84,28
2026-05-21 08:40:38,2026-05-21,4,羽毛球馆-6号,10:00-11:00,1,1,已售/已满,教学时间,多云,18,15,4,0.0,82,28
2026-05-21 08:45:33,2026-05-21,4,羽毛球馆-6号,10:00-11:00,1,1,已售/已满,教学时间,多云,18,15,4,0.0,82,28
2026-05-21 08:50:36,2026-05-21,4,羽毛球馆-6号,10:00-11:00,1,1,已售/已满,教学时间,多云,18,15,4,0.0,82,28
2026-05-21 08:55:34,2026-05-21,4,羽毛球馆-6号,10:00-11:00,1,1,已售/已满,教学时间,多云,18,15,4,0.0,84,28
2026-05-21 09:00:51,2026-05-21,4,羽毛球馆-6号,10:00-11:00,1,1,已售/已满,教学时间,多云,18,15,4,0.0,84,28
2026-05-21 09:01:59,2026-05-21,4,羽毛球馆-6号,10:00-11:00,1,1,已售/已满,教学时间,多云,18,15,4,0.0,83,28
2026-05-21 09:05:33,2026-05-21,4,羽毛球馆-6号,10:00-11:00,1,1,已售/已满,教学时间,多云,18,15,4,0.0,83,28
2026-05-21 09:20:38,2026-05-21,4,羽毛球馆-6号,10:00-11:00,1,1,已售/已满,教学时间,多云,18,16,3,0.0,81,28
2026-05-21 09:30:46,2026-05-21,4,羽毛球馆-6号,10:00-11:00,1,1,已售/已满,教学时间,多云,18,16,3,0.0,81,32
2026-05-21 09:40:36,2026-05-21,4,羽毛球馆-6号,10:00-11:00,1,1,已售/已满,教学时间,多云,19,17,3,0.0,79,32
2026-05-21 09:50:42,2026-05-21,4,羽毛球馆-6号,10:00-11:00,1,1,已售/已满,教学时间,多云,19,17,4,0.0,81,32
2026-05-21 10:00:46,2026-05-21,4,羽毛球馆-6号,10:00-11:00,1,1,已售/已满,教学时间,多云,19,17,4,0.0,79,32
2026-05-21 10:10:40,2026-05-21,4,羽毛球馆-6号,10:00-11:00,1,1,已售/已满,教学时间,多云,19,17,4,0.0,79,32
2026-05-21 10:20:38,2026-05-21,4,羽毛球馆-6号,10:00-11:00,1,1,已售/已满,教学时间,多云,19,17,4,0.0,79,32
2026-05-21 10:30:41,2026-05-21,4,羽毛球馆-6号,10:00-11:00,1,1,已售/已满,教学时间,多云,19,18,3,0.0,78,31
2026-05-21 11:00:44,2026-05-21,4,羽毛球馆-6号,10:00-11:00,1,1,已售/已满,教学时间,多云,21,17,5,0.0,74,31
2026-05-21 11:30:38,2026-05-21,4,羽毛球馆-6号,10:00-11:00,1,1,已售/已满,教学时间,多云,21,19,3,0.0,72,33
2026-05-21 12:00:46,2026-05-21,4,羽毛球馆-6号,10:00-11:00,1,1,已售/已满,教学时间,多云,22,19,4,0.0,70,33
2026-05-21 12:30:42,2026-05-21,4,羽毛球馆-6号,10:00-11:00,1,1,已售/已满,教学时间,多云,22,21,3,0.0,68,35
2026-05-21 13:00:43,2026-05-21,4,羽毛球馆-6号,10:00-11:00,1,1,已售/已满,教学时间,多云,24,22,4,0.0,66,35
2026-05-21 13:30:43,2026-05-21,4,羽毛球馆-6号,10:00-11:00,1,1,已售/已满,教学时间,多云,24,22,4,0.0,66,36
2026-05-21 14:00:48,2026-05-21,4,羽毛球馆-6号,10:00-11:00,1,1,已售/已满,教学时间,多云,25,23,4,0.0,66,36
2026-05-21 14:30:45,2026-05-21,4,羽毛球馆-6号,10:00-11:00,1,1,已售/已满,教学时间,晴,25,25,3,0.0,65,39
2026-05-21 15:00:45,2026-05-21,4,羽毛球馆-6号,10:00-11:00,1,1,已售/已满,教学时间,晴,25,22,4,0.0,56,39
2026-05-21 15:30:43,2026-05-21,4,羽毛球馆-6号,10:00-11:00,1,1,已售/已满,教学时间,晴,25,23,4,0.0,57,40
2026-05-21 16:00:51,2026-05-21,4,羽毛球馆-6号,10:00-11:00,1,1,已售/已满,教学时间,晴,25,23,4,0.0,57,40
2026-05-21 16:30:48,2026-05-21,4,羽毛球馆-6号,10:00-11:00,1,1,已售/已满,教学时间,晴,25,24,3,0.0,60,39
2026-05-21 17:00:49,2026-05-21,4,羽毛球馆-6号,10:00-11:00,1,1,已售/已满,教学时间,晴,25,24,4,0.0,61,39
2026-05-21 17:30:47,2026-05-21,4,羽毛球馆-6号,10:00-11:00,1,1,已售/已满,教学时间,多云,24,23,3,0.0,64,39
2026-05-21 18:00:50,2026-05-21,4,羽毛球馆-6号,10:00-11:00,1,1,已售/已满,教学时间,多云,24,23,3,0.0,68,39
2026-05-21 18:30:50,2026-05-21,4,羽毛球馆-6号,10:00-11:00,1,1,已售/已满,教学时间,阴,24,25,2,0.0,68,40
2026-05-21 19:00:50,2026-05-21,4,羽毛球馆-6号,10:00-11:00,1,1,已售/已满,教学时间,阴,23,23,3,0.0,76,40
2026-05-21 19:30:46,2026-05-21,4,羽毛球馆-6号,10:00-11:00,1,1,已售/已满,教学时间,阴,23,24,2,0.0,77,39
2026-05-21 20:00:49,2026-05-21,4,羽毛球馆-6号,10:00-11:00,1,1,已售/已满,教学时间,雾,22,23,2,0.0,89,39
2026-05-21 20:30:44,2026-05-21,4,羽毛球馆-6号,10:00-11:00,1,1,已售/已满,教学时间,雾,22,24,2,0.0,93,43
2026-05-21 21:00:56,2026-05-21,4,羽毛球馆-6号,10:00-11:00,1,1,已售/已满,教学时间,雾,20,21,2,0.0,98,43
2026-05-21 21:30:46,2026-05-21,4,羽毛球馆-6号,10:00-11:00,1,1,已售/已满,教学时间,雾,20,22,1,0.0,99,41
2026-05-21 22:01:02,2026-05-21,4,羽毛球馆-6号,10:00-11:00,1,1,已售/已满,教学时间,雾,19,20,2,0.0,93,41
2026-05-21 22:30:47,2026-05-21,4,羽毛球馆-6号,10:00-11:00,1,1,已售/已满,教学时间,雾,19,19,3,0.0,88,46
2026-05-21 23:00:56,2026-05-21,4,羽毛球馆-6号,10:00-11:00,1,1,已售/已满,教学时间,多云,18,17,3,0.0,85,46
2026-05-21 23:30:55,2026-05-21,4,羽毛球馆-6号,10:00-11:00,1,1,已售/已满,教学时间,多云,18,17,3,0.0,85,48
2026-05-21 00:30:49,2026-05-21,4,羽毛球馆-6号,11:00-12:00,1,1,已售/已满,教学时间,多云,15,13,3,0.0,100,26
2026-05-21 01:00:55,2026-05-21,4,羽毛球馆-6号,11:00-12:00,1,1,已售/已满,教学时间,多云,15,12,4,0.0,100,26
2026-05-21 01:30:47,2026-05-21,4,羽毛球馆-6号,11:00-12:00,1,1,已售/已满,教学时间,多云,15,13,4,0.0,100,28
2026-05-21 02:00:53,2026-05-21,4,羽毛球馆-6号,11:00-12:00,1,1,已售/已满,教学时间,多云,15,12,4,0.0,100,28
2026-05-21 02:30:49,2026-05-21,4,羽毛球馆-6号,11:00-12:00,1,1,已售/已满,教学时间,多云,15,14,3,0.0,100,29
2026-05-21 03:00:55,2026-05-21,4,羽毛球馆-6号,11:00-12:00,1,1,已售/已满,教学时间,多云,15,12,4,0.0,100,29
2026-05-21 03:30:49,2026-05-21,4,羽毛球馆-6号,11:00-12:00,1,1,已售/已满,教学时间,多云,15,14,3,0.0,100,30
2026-05-21 04:30:45,2026-05-21,4,羽毛球馆-6号,11:00-12:00,1,1,已售/已满,教学时间,多云,15,12,4,0.0,100,29
2026-05-21 05:00:52,2026-05-21,4,羽毛球馆-6号,11:00-12:00,1,1,已售/已满,教学时间,多云,15,12,4,0.0,100,29
2026-05-21 05:30:49,2026-05-21,4,羽毛球馆-6号,11:00-12:00,1,1,已售/已满,教学时间,多云,15,13,3,0.0,100,28
2026-05-21 06:00:50,2026-05-21,4,羽毛球馆-6号,11:00-12:00,1,1,已售/已满,教学时间,多云,15,13,4,0.0,99,28
2026-05-21 06:30:38,2026-05-21,4,羽毛球馆-6号,11:00-12:00,1,1,已售/已满,教学时间,多云,15,13,3,0.0,97,28
2026-05-21 07:00:43,2026-05-21,4,羽毛球馆-6号,11:00-12:00,1,1,已售/已满,教学时间,晴,15,11,5,0.0,93,28
2026-05-21 07:30:39,2026-05-21,4,羽毛球馆-6号,11:00-12:00,1,1,已售/已满,教学时间,晴,17,13,4,0.0,89,29
2026-05-21 07:50:40,2026-05-21,4,羽毛球馆-6号,11:00-12:00,1,1,已售/已满,教学时间,晴,17,13,4,0.0,88,29
2026-05-21 07:53:31,2026-05-21,4,羽毛球馆-6号,11:00-12:00,1,1,已售/已满,教学时间,晴,17,12,5,0.0,86,29
2026-05-21 07:56:31,2026-05-21,4,羽毛球馆-6号,11:00-12:00,1,1,已售/已满,教学时间,晴,17,12,5,0.0,86,29
2026-05-21 07:59:26,2026-05-21,4,羽毛球馆-6号,11:00-12:00,1,1,已售/已满,教学时间,晴,17,12,5,0.0,86,29
2026-05-21 08:00:45,2026-05-21,4,羽毛球馆-6号,11:00-12:00,1,1,已售/已满,教学时间,晴,17,12,5,0.0,86,29
2026-05-21 08:02:30,2026-05-21,4,羽毛球馆-6号,11:00-12:00,1,1,已售/已满,教学时间,多云,17,12,5,0.0,87,29
2026-05-21 08:05:36,2026-05-21,4,羽毛球馆-6号,11:00-12:00,1,1,已售/已满,教学时间,多云,17,12,5,0.0,86,29
2026-05-21 08:08:31,2026-05-21,4,羽毛球馆-6号,11:00-12:00,1,1,已售/已满,教学时间,多云,17,12,5,0.0,86,29
2026-05-21 08:11:30,2026-05-21,4,羽毛球馆-6号,11:00-12:00,1,1,已售/已满,教学时间,多云,17,12,5,0.0,86,29
2026-05-21 08:14:31,2026-05-21,4,羽毛球馆-6号,11:00-12:00,1,1,已售/已满,教学时间,多云,17,12,5,0.0,86,29
2026-05-21 08:17:30,2026-05-21,4,羽毛球馆-6号,11:00-12:00,1,1,已售/已满,教学时间,多云,17,12,5,0.0,86,29
2026-05-21 08:20:35,2026-05-21,4,羽毛球馆-6号,11:00-12:00,1,1,已售/已满,教学时间,多云,17,14,4,0.0,85,29
2026-05-21 08:25:32,2026-05-21,4,羽毛球馆-6号,11:00-12:00,1,1,已售/已满,教学时间,多云,17,14,4,0.0,85,28
2026-05-21 08:30:42,2026-05-21,4,羽毛球馆-6号,11:00-12:00,1,1,已售/已满,教学时间,多云,18,15,4,0.0,84,28
2026-05-21 08:35:31,2026-05-21,4,羽毛球馆-6号,11:00-12:00,1,1,已售/已满,教学时间,多云,18,15,4,0.0,84,28
2026-05-21 08:40:38,2026-05-21,4,羽毛球馆-6号,11:00-12:00,1,1,已售/已满,教学时间,多云,18,15,4,0.0,82,28
2026-05-21 08:45:33,2026-05-21,4,羽毛球馆-6号,11:00-12:00,1,1,已售/已满,教学时间,多云,18,15,4,0.0,82,28
2026-05-21 08:50:36,2026-05-21,4,羽毛球馆-6号,11:00-12:00,1,1,已售/已满,教学时间,多云,18,15,4,0.0,82,28
2026-05-21 08:55:34,2026-05-21,4,羽毛球馆-6号,11:00-12:00,1,1,已售/已满,教学时间,多云,18,15,4,0.0,84,28
2026-05-21 09:00:51,2026-05-21,4,羽毛球馆-6号,11:00-12:00,1,1,已售/已满,教学时间,多云,18,15,4,0.0,84,28
2026-05-21 09:01:59,2026-05-21,4,羽毛球馆-6号,11:00-12:00,1,1,已售/已满,教学时间,多云,18,15,4,0.0,83,28
2026-05-21 09:05:33,2026-05-21,4,羽毛球馆-6号,11:00-12:00,1,1,已售/已满,教学时间,多云,18,15,4,0.0,83,28
2026-05-21 09:20:38,2026-05-21,4,羽毛球馆-6号,11:00-12:00,1,1,已售/已满,教学时间,多云,18,16,3,0.0,81,28
2026-05-21 09:30:46,2026-05-21,4,羽毛球馆-6号,11:00-12:00,1,1,已售/已满,教学时间,多云,18,16,3,0.0,81,32
2026-05-21 09:40:36,2026-05-21,4,羽毛球馆-6号,11:00-12:00,1,1,已售/已满,教学时间,多云,19,17,3,0.0,79,32
2026-05-21 09:50:42,2026-05-21,4,羽毛球馆-6号,11:00-12:00,1,1,已售/已满,教学时间,多云,19,17,4,0.0,81,32
2026-05-21 10:00:46,2026-05-21,4,羽毛球馆-6号,11:00-12:00,1,1,已售/已满,教学时间,多云,19,17,4,0.0,79,32
2026-05-21 10:10:40,2026-05-21,4,羽毛球馆-6号,11:00-12:00,1,1,已售/已满,教学时间,多云,19,17,4,0.0,79,32
2026-05-21 10:20:38,2026-05-21,4,羽毛球馆-6号,11:00-12:00,1,1,已售/已满,教学时间,多云,19,17,4,0.0,79,32
2026-05-21 10:30:41,2026-05-21,4,羽毛球馆-6号,11:00-12:00,1,1,已售/已满,教学时间,多云,19,18,3,0.0,78,31
2026-05-21 11:00:44,2026-05-21,4,羽毛球馆-6号,11:00-12:00,1,1,已售/已满,教学时间,多云,21,17,5,0.0,74,31
2026-05-21 11:30:38,2026-05-21,4,羽毛球馆-6号,11:00-12:00,1,1,已售/已满,教学时间,多云,21,19,3,0.0,72,33
2026-05-21 12:00:46,2026-05-21,4,羽毛球馆-6号,11:00-12:00,1,1,已售/已满,教学时间,多云,22,19,4,0.0,70,33
2026-05-21 12:30:42,2026-05-21,4,羽毛球馆-6号,11:00-12:00,1,1,已售/已满,教学时间,多云,22,21,3,0.0,68,35
2026-05-21 13:00:43,2026-05-21,4,羽毛球馆-6号,11:00-12:00,1,1,已售/已满,教学时间,多云,24,22,4,0.0,66,35
2026-05-21 13:30:43,2026-05-21,4,羽毛球馆-6号,11:00-12:00,1,1,已售/已满,教学时间,多云,24,22,4,0.0,66,36
2026-05-21 14:00:48,2026-05-21,4,羽毛球馆-6号,11:00-12:00,1,1,已售/已满,教学时间,多云,25,23,4,0.0,66,36
2026-05-21 14:30:45,2026-05-21,4,羽毛球馆-6号,11:00-12:00,1,1,已售/已满,教学时间,晴,25,25,3,0.0,65,39
2026-05-21 15:00:45,2026-05-21,4,羽毛球馆-6号,11:00-12:00,1,1,已售/已满,教学时间,晴,25,22,4,0.0,56,39
2026-05-21 15:30:43,2026-05-21,4,羽毛球馆-6号,11:00-12:00,1,1,已售/已满,教学时间,晴,25,23,4,0.0,57,40
2026-05-21 16:00:51,2026-05-21,4,羽毛球馆-6号,11:00-12:00,1,1,已售/已满,教学时间,晴,25,23,4,0.0,57,40
2026-05-21 16:30:48,2026-05-21,4,羽毛球馆-6号,11:00-12:00,1,1,已售/已满,教学时间,晴,25,24,3,0.0,60,39
2026-05-21 17:00:49,2026-05-21,4,羽毛球馆-6号,11:00-12:00,1,1,已售/已满,教学时间,晴,25,24,4,0.0,61,39
2026-05-21 17:30:47,2026-05-21,4,羽毛球馆-6号,11:00-12:00,1,1,已售/已满,教学时间,多云,24,23,3,0.0,64,39
2026-05-21 18:00:50,2026-05-21,4,羽毛球馆-6号,11:00-12:00,1,1,已售/已满,教学时间,多云,24,23,3,0.0,68,39
2026-05-21 18:30:50,2026-05-21,4,羽毛球馆-6号,11:00-12:00,1,1,已售/已满,教学时间,阴,24,25,2,0.0,68,40
2026-05-21 19:00:50,2026-05-21,4,羽毛球馆-6号,11:00-12:00,1,1,已售/已满,教学时间,阴,23,23,3,0.0,76,40
2026-05-21 19:30:46,2026-05-21,4,羽毛球馆-6号,11:00-12:00,1,1,已售/已满,教学时间,阴,23,24,2,0.0,77,39
2026-05-21 20:00:49,2026-05-21,4,羽毛球馆-6号,11:00-12:00,1,1,已售/已满,教学时间,雾,22,23,2,0.0,89,39
2026-05-21 20:30:44,2026-05-21,4,羽毛球馆-6号,11:00-12:00,1,1,已售/已满,教学时间,雾,22,24,2,0.0,93,43
2026-05-21 21:00:56,2026-05-21,4,羽毛球馆-6号,11:00-12:00,1,1,已售/已满,教学时间,雾,20,21,2,0.0,98,43
2026-05-21 21:30:46,2026-05-21,4,羽毛球馆-6号,11:00-12:00,1,1,已售/已满,教学时间,雾,20,22,1,0.0,99,41
2026-05-21 22:01:02,2026-05-21,4,羽毛球馆-6号,11:00-12:00,1,1,已售/已满,教学时间,雾,19,20,2,0.0,93,41
2026-05-21 22:30:47,2026-05-21,4,羽毛球馆-6号,11:00-12:00,1,1,已售/已满,教学时间,雾,19,19,3,0.0,88,46
2026-05-21 23:00:56,2026-05-21,4,羽毛球馆-6号,11:00-12:00,1,1,已售/已满,教学时间,多云,18,17,3,0.0,85,46
2026-05-21 23:30:55,2026-05-21,4,羽毛球馆-6号,11:00-12:00,1,1,已售/已满,教学时间,多云,18,17,3,0.0,85,48
2026-05-21 00:30:49,2026-05-21,4,羽毛球馆-6号,12:00-12:55,1,1,已售/已满,已售,多云,15,13,3,0.0,100,26
2026-05-21 01:00:55,2026-05-21,4,羽毛球馆-6号,12:00-12:55,1,1,已售/已满,已售,多云,15,12,4,0.0,100,26
2026-05-21 01:30:47,2026-05-21,4,羽毛球馆-6号,12:00-12:55,1,1,已售/已满,已售,多云,15,13,4,0.0,100,28
2026-05-21 02:00:53,2026-05-21,4,羽毛球馆-6号,12:00-12:55,1,1,已售/已满,已售,多云,15,12,4,0.0,100,28
2026-05-21 02:30:49,2026-05-21,4,羽毛球馆-6号,12:00-12:55,1,1,已售/已满,已售,多云,15,14,3,0.0,100,29
2026-05-21 03:00:55,2026-05-21,4,羽毛球馆-6号,12:00-12:55,1,1,已售/已满,已售,多云,15,12,4,0.0,100,29
2026-05-21 03:30:49,2026-05-21,4,羽毛球馆-6号,12:00-12:55,1,1,已售/已满,已售,多云,15,14,3,0.0,100,30
2026-05-21 04:30:45,2026-05-21,4,羽毛球馆-6号,12:00-12:55,1,1,已售/已满,已售,多云,15,12,4,0.0,100,29
2026-05-21 05:00:52,2026-05-21,4,羽毛球馆-6号,12:00-12:55,1,1,已售/已满,已售,多云,15,12,4,0.0,100,29
2026-05-21 05:30:49,2026-05-21,4,羽毛球馆-6号,12:00-12:55,1,1,已售/已满,已售,多云,15,13,3,0.0,100,28
2026-05-21 06:00:50,2026-05-21,4,羽毛球馆-6号,12:00-12:55,1,1,已售/已满,已售,多云,15,13,4,0.0,99,28
2026-05-21 06:30:38,2026-05-21,4,羽毛球馆-6号,12:00-12:55,1,1,已售/已满,已售,多云,15,13,3,0.0,97,28
2026-05-21 07:00:43,2026-05-21,4,羽毛球馆-6号,12:00-12:55,1,1,已售/已满,已售,晴,15,11,5,0.0,93,28
2026-05-21 07:30:39,2026-05-21,4,羽毛球馆-6号,12:00-12:55,1,1,已售/已满,已售,晴,17,13,4,0.0,89,29
2026-05-21 07:50:40,2026-05-21,4,羽毛球馆-6号,12:00-12:55,1,1,已售/已满,已售,晴,17,13,4,0.0,88,29
2026-05-21 07:53:31,2026-05-21,4,羽毛球馆-6号,12:00-12:55,1,1,已售/已满,已售,晴,17,12,5,0.0,86,29
2026-05-21 07:56:31,2026-05-21,4,羽毛球馆-6号,12:00-12:55,1,1,已售/已满,已售,晴,17,12,5,0.0,86,29
2026-05-21 07:59:26,2026-05-21,4,羽毛球馆-6号,12:00-12:55,1,1,已售/已满,已售,晴,17,12,5,0.0,86,29
2026-05-21 08:00:45,2026-05-21,4,羽毛球馆-6号,12:00-12:55,1,1,已售/已满,已售,晴,17,12,5,0.0,86,29
2026-05-21 08:02:30,2026-05-21,4,羽毛球馆-6号,12:00-12:55,1,1,已售/已满,已售,多云,17,12,5,0.0,87,29
2026-05-21 08:05:36,2026-05-21,4,羽毛球馆-6号,12:00-12:55,1,1,已售/已满,已售,多云,17,12,5,0.0,86,29
2026-05-21 08:08:31,2026-05-21,4,羽毛球馆-6号,12:00-12:55,1,1,已售/已满,已售,多云,17,12,5,0.0,86,29
2026-05-21 08:11:30,2026-05-21,4,羽毛球馆-6号,12:00-12:55,1,1,已售/已满,已售,多云,17,12,5,0.0,86,29
2026-05-21 08:14:31,2026-05-21,4,羽毛球馆-6号,12:00-12:55,1,1,已售/已满,已售,多云,17,12,5,0.0,86,29
2026-05-21 08:17:30,2026-05-21,4,羽毛球馆-6号,12:00-12:55,1,1,已售/已满,已售,多云,17,12,5,0.0,86,29
2026-05-21 08:20:35,2026-05-21,4,羽毛球馆-6号,12:00-12:55,1,1,已售/已满,已售,多云,17,14,4,0.0,85,29
2026-05-21 08:25:32,2026-05-21,4,羽毛球馆-6号,12:00-12:55,1,1,已售/已满,已售,多云,17,14,4,0.0,85,28
2026-05-21 08:30:42,2026-05-21,4,羽毛球馆-6号,12:00-12:55,1,1,已售/已满,已售,多云,18,15,4,0.0,84,28
2026-05-21 08:35:31,2026-05-21,4,羽毛球馆-6号,12:00-12:55,1,1,已售/已满,已售,多云,18,15,4,0.0,84,28
2026-05-21 08:40:38,2026-05-21,4,羽毛球馆-6号,12:00-12:55,1,1,已售/已满,已售,多云,18,15,4,0.0,82,28
2026-05-21 08:45:33,2026-05-21,4,羽毛球馆-6号,12:00-12:55,1,1,已售/已满,已售,多云,18,15,4,0.0,82,28
2026-05-21 08:50:36,2026-05-21,4,羽毛球馆-6号,12:00-12:55,1,1,已售/已满,已售,多云,18,15,4,0.0,82,28
2026-05-21 08:55:34,2026-05-21,4,羽毛球馆-6号,12:00-12:55,1,1,已售/已满,已售,多云,18,15,4,0.0,84,28
2026-05-21 09:00:51,2026-05-21,4,羽毛球馆-6号,12:00-12:55,1,1,已售/已满,已售,多云,18,15,4,0.0,84,28
2026-05-21 09:01:59,2026-05-21,4,羽毛球馆-6号,12:00-12:55,1,1,已售/已满,已售,多云,18,15,4,0.0,83,28
2026-05-21 09:05:33,2026-05-21,4,羽毛球馆-6号,12:00-12:55,1,1,已售/已满,已售,多云,18,15,4,0.0,83,28
2026-05-21 09:20:38,2026-05-21,4,羽毛球馆-6号,12:00-12:55,1,1,已售/已满,已售,多云,18,16,3,0.0,81,28
2026-05-21 09:30:46,2026-05-21,4,羽毛球馆-6号,12:00-12:55,1,1,已售/已满,已售,多云,18,16,3,0.0,81,32
2026-05-21 09:40:36,2026-05-21,4,羽毛球馆-6号,12:00-12:55,1,1,已售/已满,已售,多云,19,17,3,0.0,79,32
2026-05-21 09:50:42,2026-05-21,4,羽毛球馆-6号,12:00-12:55,1,1,已售/已满,已售,多云,19,17,4,0.0,81,32
2026-05-21 10:00:46,2026-05-21,4,羽毛球馆-6号,12:00-12:55,1,1,已售/已满,已售,多云,19,17,4,0.0,79,32
2026-05-21 10:10:40,2026-05-21,4,羽毛球馆-6号,12:00-12:55,1,1,已售/已满,已售,多云,19,17,4,0.0,79,32
2026-05-21 10:20:38,2026-05-21,4,羽毛球馆-6号,12:00-12:55,1,1,已售/已满,已售,多云,19,17,4,0.0,79,32
2026-05-21 10:30:41,2026-05-21,4,羽毛球馆-6号,12:00-12:55,1,1,已售/已满,已售,多云,19,18,3,0.0,78,31
2026-05-21 11:00:44,2026-05-21,4,羽毛球馆-6号,12:00-12:55,1,1,已售/已满,已售,多云,21,17,5,0.0,74,31
2026-05-21 11:30:38,2026-05-21,4,羽毛球馆-6号,12:00-12:55,1,1,已售/已满,已售,多云,21,19,3,0.0,72,33
2026-05-21 12:00:46,2026-05-21,4,羽毛球馆-6号,12:00-12:55,1,1,已售/已满,已售,多云,22,19,4,0.0,70,33
2026-05-21 12:30:42,2026-05-21,4,羽毛球馆-6号,12:00-12:55,1,1,已售/已满,已售,多云,22,21,3,0.0,68,35
2026-05-21 13:00:43,2026-05-21,4,羽毛球馆-6号,12:00-12:55,1,1,已售/已满,已售,多云,24,22,4,0.0,66,35
2026-05-21 13:30:43,2026-05-21,4,羽毛球馆-6号,12:00-12:55,1,1,已售/已满,已售,多云,24,22,4,0.0,66,36
2026-05-21 14:00:48,2026-05-21,4,羽毛球馆-6号,12:00-12:55,1,1,已售/已满,已售,多云,25,23,4,0.0,66,36
2026-05-21 14:30:45,2026-05-21,4,羽毛球馆-6号,12:00-12:55,1,1,已售/已满,已售,晴,25,25,3,0.0,65,39
2026-05-21 15:00:45,2026-05-21,4,羽毛球馆-6号,12:00-12:55,1,1,已售/已满,已售,晴,25,22,4,0.0,56,39
2026-05-21 15:30:43,2026-05-21,4,羽毛球馆-6号,12:00-12:55,1,1,已售/已满,已售,晴,25,23,4,0.0,57,40
2026-05-21 16:00:51,2026-05-21,4,羽毛球馆-6号,12:00-12:55,1,1,已售/已满,已售,晴,25,23,4,0.0,57,40
2026-05-21 16:30:48,2026-05-21,4,羽毛球馆-6号,12:00-12:55,1,1,已售/已满,已售,晴,25,24,3,0.0,60,39
2026-05-21 17:00:49,2026-05-21,4,羽毛球馆-6号,12:00-12:55,1,1,已售/已满,已售,晴,25,24,4,0.0,61,39
2026-05-21 17:30:47,2026-05-21,4,羽毛球馆-6号,12:00-12:55,1,1,已售/已满,已售,多云,24,23,3,0.0,64,39
2026-05-21 18:00:50,2026-05-21,4,羽毛球馆-6号,12:00-12:55,1,1,已售/已满,已售,多云,24,23,3,0.0,68,39
2026-05-21 18:30:50,2026-05-21,4,羽毛球馆-6号,12:00-12:55,1,1,已售/已满,已售,阴,24,25,2,0.0,68,40
2026-05-21 19:00:50,2026-05-21,4,羽毛球馆-6号,12:00-12:55,1,1,已售/已满,已售,阴,23,23,3,0.0,76,40
2026-05-21 19:30:46,2026-05-21,4,羽毛球馆-6号,12:00-12:55,1,1,已售/已满,已售,阴,23,24,2,0.0,77,39
2026-05-21 20:00:49,2026-05-21,4,羽毛球馆-6号,12:00-12:55,1,1,已售/已满,已售,雾,22,23,2,0.0,89,39
2026-05-21 20:30:44,2026-05-21,4,羽毛球馆-6号,12:00-12:55,1,1,已售/已满,已售,雾,22,24,2,0.0,93,43
2026-05-21 21:00:56,2026-05-21,4,羽毛球馆-6号,12:00-12:55,1,1,已售/已满,已售,雾,20,21,2,0.0,98,43
2026-05-21 21:30:46,2026-05-21,4,羽毛球馆-6号,12:00-12:55,1,1,已售/已满,已售,雾,20,22,1,0.0,99,41
2026-05-21 22:01:02,2026-05-21,4,羽毛球馆-6号,12:00-12:55,1,1,已售/已满,已售,雾,19,20,2,0.0,93,41
2026-05-21 22:30:47,2026-05-21,4,羽毛球馆-6号,12:00-12:55,1,1,已售/已满,已售,雾,19,19,3,0.0,88,46
2026-05-21 23:00:56,2026-05-21,4,羽毛球馆-6号,12:00-12:55,1,1,已售/已满,已售,多云,18,17,3,0.0,85,46
2026-05-21 23:30:55,2026-05-21,4,羽毛球馆-6号,12:00-12:55,1,1,已售/已满,已售,多云,18,17,3,0.0,85,48
2026-05-21 00:30:49,2026-05-21,4,羽毛球馆-6号,12:55-13:50,1,1,已售/已满,已售,多云,15,13,3,0.0,100,26
2026-05-21 01:00:55,2026-05-21,4,羽毛球馆-6号,12:55-13:50,1,1,已售/已满,已售,多云,15,12,4,0.0,100,26
2026-05-21 01:30:47,2026-05-21,4,羽毛球馆-6号,12:55-13:50,1,1,已售/已满,已售,多云,15,13,4,0.0,100,28
2026-05-21 02:00:53,2026-05-21,4,羽毛球馆-6号,12:55-13:50,1,1,已售/已满,已售,多云,15,12,4,0.0,100,28
2026-05-21 02:30:49,2026-05-21,4,羽毛球馆-6号,12:55-13:50,1,1,已售/已满,已售,多云,15,14,3,0.0,100,29
2026-05-21 03:00:55,2026-05-21,4,羽毛球馆-6号,12:55-13:50,1,1,已售/已满,已售,多云,15,12,4,0.0,100,29
2026-05-21 03:30:49,2026-05-21,4,羽毛球馆-6号,12:55-13:50,1,1,已售/已满,已售,多云,15,14,3,0.0,100,30
2026-05-21 04:30:45,2026-05-21,4,羽毛球馆-6号,12:55-13:50,1,1,已售/已满,已售,多云,15,12,4,0.0,100,29
2026-05-21 05:00:52,2026-05-21,4,羽毛球馆-6号,12:55-13:50,1,1,已售/已满,已售,多云,15,12,4,0.0,100,29
2026-05-21 05:30:49,2026-05-21,4,羽毛球馆-6号,12:55-13:50,1,1,已售/已满,已售,多云,15,13,3,0.0,100,28
2026-05-21 06:00:50,2026-05-21,4,羽毛球馆-6号,12:55-13:50,1,1,已售/已满,已售,多云,15,13,4,0.0,99,28
2026-05-21 06:30:38,2026-05-21,4,羽毛球馆-6号,12:55-13:50,1,1,已售/已满,已售,多云,15,13,3,0.0,97,28
2026-05-21 07:00:43,2026-05-21,4,羽毛球馆-6号,12:55-13:50,1,1,已售/已满,已售,晴,15,11,5,0.0,93,28
2026-05-21 07:30:39,2026-05-21,4,羽毛球馆-6号,12:55-13:50,1,1,已售/已满,已售,晴,17,13,4,0.0,89,29
2026-05-21 07:50:40,2026-05-21,4,羽毛球馆-6号,12:55-13:50,1,1,已售/已满,已售,晴,17,13,4,0.0,88,29
2026-05-21 07:53:31,2026-05-21,4,羽毛球馆-6号,12:55-13:50,1,1,已售/已满,已售,晴,17,12,5,0.0,86,29
2026-05-21 07:56:31,2026-05-21,4,羽毛球馆-6号,12:55-13:50,1,1,已售/已满,已售,晴,17,12,5,0.0,86,29
2026-05-21 07:59:26,2026-05-21,4,羽毛球馆-6号,12:55-13:50,1,1,已售/已满,已售,晴,17,12,5,0.0,86,29
2026-05-21 08:00:45,2026-05-21,4,羽毛球馆-6号,12:55-13:50,1,1,已售/已满,已售,晴,17,12,5,0.0,86,29
2026-05-21 08:02:30,2026-05-21,4,羽毛球馆-6号,12:55-13:50,1,1,已售/已满,已售,多云,17,12,5,0.0,87,29
2026-05-21 08:05:36,2026-05-21,4,羽毛球馆-6号,12:55-13:50,1,1,已售/已满,已售,多云,17,12,5,0.0,86,29
2026-05-21 08:08:31,2026-05-21,4,羽毛球馆-6号,12:55-13:50,1,1,已售/已满,已售,多云,17,12,5,0.0,86,29
2026-05-21 08:11:30,2026-05-21,4,羽毛球馆-6号,12:55-13:50,1,1,已售/已满,已售,多云,17,12,5,0.0,86,29
2026-05-21 08:14:31,2026-05-21,4,羽毛球馆-6号,12:55-13:50,1,1,已售/已满,已售,多云,17,12,5,0.0,86,29
2026-05-21 08:17:30,2026-05-21,4,羽毛球馆-6号,12:55-13:50,1,1,已售/已满,已售,多云,17,12,5,0.0,86,29
2026-05-21 08:20:35,2026-05-21,4,羽毛球馆-6号,12:55-13:50,1,1,已售/已满,已售,多云,17,14,4,0.0,85,29
2026-05-21 08:25:32,2026-05-21,4,羽毛球馆-6号,12:55-13:50,1,1,已售/已满,已售,多云,17,14,4,0.0,85,28
2026-05-21 08:30:42,2026-05-21,4,羽毛球馆-6号,12:55-13:50,1,1,已售/已满,已售,多云,18,15,4,0.0,84,28
2026-05-21 08:35:31,2026-05-21,4,羽毛球馆-6号,12:55-13:50,1,1,已售/已满,已售,多云,18,15,4,0.0,84,28
2026-05-21 08:40:38,2026-05-21,4,羽毛球馆-6号,12:55-13:50,1,1,已售/已满,已售,多云,18,15,4,0.0,82,28
2026-05-21 08:45:33,2026-05-21,4,羽毛球馆-6号,12:55-13:50,1,1,已售/已满,已售,多云,18,15,4,0.0,82,28
2026-05-21 08:50:36,2026-05-21,4,羽毛球馆-6号,12:55-13:50,1,1,已售/已满,已售,多云,18,15,4,0.0,82,28
2026-05-21 08:55:34,2026-05-21,4,羽毛球馆-6号,12:55-13:50,1,1,已售/已满,已售,多云,18,15,4,0.0,84,28
2026-05-21 09:00:51,2026-05-21,4,羽毛球馆-6号,12:55-13:50,1,1,已售/已满,已售,多云,18,15,4,0.0,84,28
2026-05-21 09:01:59,2026-05-21,4,羽毛球馆-6号,12:55-13:50,1,1,已售/已满,已售,多云,18,15,4,0.0,83,28
2026-05-21 09:05:33,2026-05-21,4,羽毛球馆-6号,12:55-13:50,1,1,已售/已满,已售,多云,18,15,4,0.0,83,28
2026-05-21 09:20:38,2026-05-21,4,羽毛球馆-6号,12:55-13:50,1,1,已售/已满,已售,多云,18,16,3,0.0,81,28
2026-05-21 09:30:46,2026-05-21,4,羽毛球馆-6号,12:55-13:50,1,1,已售/已满,已售,多云,18,16,3,0.0,81,32
2026-05-21 09:40:36,2026-05-21,4,羽毛球馆-6号,12:55-13:50,1,1,已售/已满,已售,多云,19,17,3,0.0,79,32
2026-05-21 09:50:42,2026-05-21,4,羽毛球馆-6号,12:55-13:50,1,1,已售/已满,已售,多云,19,17,4,0.0,81,32
2026-05-21 10:00:46,2026-05-21,4,羽毛球馆-6号,12:55-13:50,1,1,已售/已满,已售,多云,19,17,4,0.0,79,32
2026-05-21 10:10:40,2026-05-21,4,羽毛球馆-6号,12:55-13:50,1,1,已售/已满,已售,多云,19,17,4,0.0,79,32
2026-05-21 10:20:38,2026-05-21,4,羽毛球馆-6号,12:55-13:50,1,1,已售/已满,已售,多云,19,17,4,0.0,79,32
2026-05-21 10:30:41,2026-05-21,4,羽毛球馆-6号,12:55-13:50,1,1,已售/已满,已售,多云,19,18,3,0.0,78,31
2026-05-21 11:00:44,2026-05-21,4,羽毛球馆-6号,12:55-13:50,1,1,已售/已满,已售,多云,21,17,5,0.0,74,31
2026-05-21 11:30:38,2026-05-21,4,羽毛球馆-6号,12:55-13:50,1,1,已售/已满,已售,多云,21,19,3,0.0,72,33
2026-05-21 12:00:46,2026-05-21,4,羽毛球馆-6号,12:55-13:50,1,1,已售/已满,已售,多云,22,19,4,0.0,70,33
2026-05-21 12:30:42,2026-05-21,4,羽毛球馆-6号,12:55-13:50,1,1,已售/已满,已售,多云,22,21,3,0.0,68,35
2026-05-21 13:00:43,2026-05-21,4,羽毛球馆-6号,12:55-13:50,1,1,已售/已满,已售,多云,24,22,4,0.0,66,35
2026-05-21 13:30:43,2026-05-21,4,羽毛球馆-6号,12:55-13:50,1,1,已售/已满,已售,多云,24,22,4,0.0,66,36
2026-05-21 14:00:48,2026-05-21,4,羽毛球馆-6号,12:55-13:50,1,1,已售/已满,已售,多云,25,23,4,0.0,66,36
2026-05-21 14:30:45,2026-05-21,4,羽毛球馆-6号,12:55-13:50,1,1,已售/已满,已售,晴,25,25,3,0.0,65,39
2026-05-21 15:00:45,2026-05-21,4,羽毛球馆-6号,12:55-13:50,1,1,已售/已满,已售,晴,25,22,4,0.0,56,39
2026-05-21 15:30:43,2026-05-21,4,羽毛球馆-6号,12:55-13:50,1,1,已售/已满,已售,晴,25,23,4,0.0,57,40
2026-05-21 16:00:51,2026-05-21,4,羽毛球馆-6号,12:55-13:50,1,1,已售/已满,已售,晴,25,23,4,0.0,57,40
2026-05-21 16:30:48,2026-05-21,4,羽毛球馆-6号,12:55-13:50,1,1,已售/已满,已售,晴,25,24,3,0.0,60,39
2026-05-21 17:00:49,2026-05-21,4,羽毛球馆-6号,12:55-13:50,1,1,已售/已满,已售,晴,25,24,4,0.0,61,39
2026-05-21 17:30:47,2026-05-21,4,羽毛球馆-6号,12:55-13:50,1,1,已售/已满,已售,多云,24,23,3,0.0,64,39
2026-05-21 18:00:50,2026-05-21,4,羽毛球馆-6号,12:55-13:50,1,1,已售/已满,已售,多云,24,23,3,0.0,68,39
2026-05-21 18:30:50,2026-05-21,4,羽毛球馆-6号,12:55-13:50,1,1,已售/已满,已售,阴,24,25,2,0.0,68,40
2026-05-21 19:00:50,2026-05-21,4,羽毛球馆-6号,12:55-13:50,1,1,已售/已满,已售,阴,23,23,3,0.0,76,40
2026-05-21 19:30:46,2026-05-21,4,羽毛球馆-6号,12:55-13:50,1,1,已售/已满,已售,阴,23,24,2,0.0,77,39
2026-05-21 20:00:49,2026-05-21,4,羽毛球馆-6号,12:55-13:50,1,1,已售/已满,已售,雾,22,23,2,0.0,89,39
2026-05-21 20:30:44,2026-05-21,4,羽毛球馆-6号,12:55-13:50,1,1,已售/已满,已售,雾,22,24,2,0.0,93,43
2026-05-21 21:00:56,2026-05-21,4,羽毛球馆-6号,12:55-13:50,1,1,已售/已满,已售,雾,20,21,2,0.0,98,43
2026-05-21 21:30:46,2026-05-21,4,羽毛球馆-6号,12:55-13:50,1,1,已售/已满,已售,雾,20,22,1,0.0,99,41
2026-05-21 22:01:02,2026-05-21,4,羽毛球馆-6号,12:55-13:50,1,1,已售/已满,已售,雾,19,20,2,0.0,93,41
2026-05-21 22:30:47,2026-05-21,4,羽毛球馆-6号,12:55-13:50,1,1,已售/已满,已售,雾,19,19,3,0.0,88,46
2026-05-21 23:00:56,2026-05-21,4,羽毛球馆-6号,12:55-13:50,1,1,已售/已满,已售,多云,18,17,3,0.0,85,46
2026-05-21 23:30:55,2026-05-21,4,羽毛球馆-6号,12:55-13:50,1,1,已售/已满,已售,多云,18,17,3,0.0,85,48
2026-05-21 00:30:49,2026-05-21,4,羽毛球馆-6号,14:00-15:00,0,1,可预约,￥12.0,多云,15,13,3,0.0,100,26
2026-05-21 01:00:55,2026-05-21,4,羽毛球馆-6号,14:00-15:00,0,1,可预约,￥12.0,多云,15,12,4,0.0,100,26
2026-05-21 01:30:47,2026-05-21,4,羽毛球馆-6号,14:00-15:00,0,1,可预约,￥12.0,多云,15,13,4,0.0,100,28
2026-05-21 02:00:53,2026-05-21,4,羽毛球馆-6号,14:00-15:00,0,1,可预约,￥12.0,多云,15,12,4,0.0,100,28
2026-05-21 02:30:49,2026-05-21,4,羽毛球馆-6号,14:00-15:00,0,1,可预约,￥12.0,多云,15,14,3,0.0,100,29
2026-05-21 03:00:55,2026-05-21,4,羽毛球馆-6号,14:00-15:00,0,1,可预约,￥12.0,多云,15,12,4,0.0,100,29
2026-05-21 03:30:49,2026-05-21,4,羽毛球馆-6号,14:00-15:00,0,1,可预约,￥12.0,多云,15,14,3,0.0,100,30
2026-05-21 04:30:45,2026-05-21,4,羽毛球馆-6号,14:00-15:00,0,1,可预约,￥12.0,多云,15,12,4,0.0,100,29
2026-05-21 05:00:52,2026-05-21,4,羽毛球馆-6号,14:00-15:00,0,1,可预约,￥12.0,多云,15,12,4,0.0,100,29
2026-05-21 05:30:49,2026-05-21,4,羽毛球馆-6号,14:00-15:00,0,1,可预约,￥12.0,多云,15,13,3,0.0,100,28
2026-05-21 06:00:50,2026-05-21,4,羽毛球馆-6号,14:00-15:00,0,1,可预约,￥12.0,多云,15,13,4,0.0,99,28
2026-05-21 06:30:38,2026-05-21,4,羽毛球馆-6号,14:00-15:00,0,1,可预约,￥12.0,多云,15,13,3,0.0,97,28
2026-05-21 07:00:43,2026-05-21,4,羽毛球馆-6号,14:00-15:00,0,1,可预约,￥12.0,晴,15,11,5,0.0,93,28
2026-05-21 07:30:39,2026-05-21,4,羽毛球馆-6号,14:00-15:00,0,1,可预约,￥12.0,晴,17,13,4,0.0,89,29
2026-05-21 07:50:40,2026-05-21,4,羽毛球馆-6号,14:00-15:00,0,1,可预约,￥12.0,晴,17,13,4,0.0,88,29
2026-05-21 07:53:31,2026-05-21,4,羽毛球馆-6号,14:00-15:00,0,1,可预约,￥12.0,晴,17,12,5,0.0,86,29
2026-05-21 07:56:31,2026-05-21,4,羽毛球馆-6号,14:00-15:00,0,1,可预约,￥12.0,晴,17,12,5,0.0,86,29
2026-05-21 07:59:26,2026-05-21,4,羽毛球馆-6号,14:00-15:00,0,1,可预约,￥12.0,晴,17,12,5,0.0,86,29
2026-05-21 08:00:45,2026-05-21,4,羽毛球馆-6号,14:00-15:00,0,1,可预约,￥12.0,晴,17,12,5,0.0,86,29
2026-05-21 08:02:30,2026-05-21,4,羽毛球馆-6号,14:00-15:00,0,1,可预约,￥12.0,多云,17,12,5,0.0,87,29
2026-05-21 08:05:36,2026-05-21,4,羽毛球馆-6号,14:00-15:00,0,1,可预约,￥12.0,多云,17,12,5,0.0,86,29
2026-05-21 08:08:31,2026-05-21,4,羽毛球馆-6号,14:00-15:00,0,1,可预约,￥12.0,多云,17,12,5,0.0,86,29
2026-05-21 08:11:30,2026-05-21,4,羽毛球馆-6号,14:00-15:00,0,1,可预约,￥12.0,多云,17,12,5,0.0,86,29
2026-05-21 08:14:31,2026-05-21,4,羽毛球馆-6号,14:00-15:00,0,1,可预约,￥12.0,多云,17,12,5,0.0,86,29
2026-05-21 08:17:30,2026-05-21,4,羽毛球馆-6号,14:00-15:00,0,1,可预约,￥12.0,多云,17,12,5,0.0,86,29
2026-05-21 08:20:35,2026-05-21,4,羽毛球馆-6号,14:00-15:00,0,1,可预约,￥12.0,多云,17,14,4,0.0,85,29
2026-05-21 08:25:32,2026-05-21,4,羽毛球馆-6号,14:00-15:00,0,1,可预约,￥12.0,多云,17,14,4,0.0,85,28
2026-05-21 08:30:42,2026-05-21,4,羽毛球馆-6号,14:00-15:00,0,1,可预约,￥12.0,多云,18,15,4,0.0,84,28
2026-05-21 08:35:31,2026-05-21,4,羽毛球馆-6号,14:00-15:00,0,1,可预约,￥12.0,多云,18,15,4,0.0,84,28
2026-05-21 08:40:38,2026-05-21,4,羽毛球馆-6号,14:00-15:00,0,1,可预约,￥12.0,多云,18,15,4,0.0,82,28
2026-05-21 08:45:33,2026-05-21,4,羽毛球馆-6号,14:00-15:00,0,1,可预约,￥12.0,多云,18,15,4,0.0,82,28
2026-05-21 08:50:36,2026-05-21,4,羽毛球馆-6号,14:00-15:00,0,1,可预约,￥12.0,多云,18,15,4,0.0,82,28
2026-05-21 08:55:34,2026-05-21,4,羽毛球馆-6号,14:00-15:00,0,1,可预约,￥12.0,多云,18,15,4,0.0,84,28
2026-05-21 09:00:51,2026-05-21,4,羽毛球馆-6号,14:00-15:00,0,1,可预约,￥12.0,多云,18,15,4,0.0,84,28
2026-05-21 09:01:59,2026-05-21,4,羽毛球馆-6号,14:00-15:00,0,1,可预约,￥12.0,多云,18,15,4,0.0,83,28
2026-05-21 09:05:33,2026-05-21,4,羽毛球馆-6号,14:00-15:00,0,1,可预约,￥12.0,多云,18,15,4,0.0,83,28
2026-05-21 09:20:38,2026-05-21,4,羽毛球馆-6号,14:00-15:00,0,1,可预约,￥12.0,多云,18,16,3,0.0,81,28
2026-05-21 09:30:46,2026-05-21,4,羽毛球馆-6号,14:00-15:00,0,1,可预约,￥12.0,多云,18,16,3,0.0,81,32
2026-05-21 09:40:36,2026-05-21,4,羽毛球馆-6号,14:00-15:00,0,1,可预约,￥12.0,多云,19,17,3,0.0,79,32
2026-05-21 09:50:42,2026-05-21,4,羽毛球馆-6号,14:00-15:00,0,1,可预约,￥12.0,多云,19,17,4,0.0,81,32
2026-05-21 10:00:46,2026-05-21,4,羽毛球馆-6号,14:00-15:00,0,1,可预约,￥12.0,多云,19,17,4,0.0,79,32
2026-05-21 10:10:40,2026-05-21,4,羽毛球馆-6号,14:00-15:00,0,1,可预约,￥12.0,多云,19,17,4,0.0,79,32
2026-05-21 10:20:38,2026-05-21,4,羽毛球馆-6号,14:00-15:00,0,1,可预约,￥12.0,多云,19,17,4,0.0,79,32
2026-05-21 10:30:41,2026-05-21,4,羽毛球馆-6号,14:00-15:00,0,1,可预约,￥12.0,多云,19,18,3,0.0,78,31
2026-05-21 11:00:44,2026-05-21,4,羽毛球馆-6号,14:00-15:00,0,1,可预约,￥12.0,多云,21,17,5,0.0,74,31
2026-05-21 11:30:38,2026-05-21,4,羽毛球馆-6号,14:00-15:00,0,1,可预约,￥12.0,多云,21,19,3,0.0,72,33
2026-05-21 12:00:46,2026-05-21,4,羽毛球馆-6号,14:00-15:00,0,1,可预约,￥12.0,多云,22,19,4,0.0,70,33
2026-05-21 12:30:42,2026-05-21,4,羽毛球馆-6号,14:00-15:00,0,1,可预约,￥12.0,多云,22,21,3,0.0,68,35
2026-05-21 13:00:43,2026-05-21,4,羽毛球馆-6号,14:00-15:00,0,1,可预约,￥12.0,多云,24,22,4,0.0,66,35
2026-05-21 13:30:43,2026-05-21,4,羽毛球馆-6号,14:00-15:00,0,1,可预约,￥12.0,多云,24,22,4,0.0,66,36
2026-05-21 14:00:48,2026-05-21,4,羽毛球馆-6号,14:00-15:00,0,1,可预约,￥12.0,多云,25,23,4,0.0,66,36
2026-05-21 14:30:45,2026-05-21,4,羽毛球馆-6号,14:00-15:00,0,1,可预约,￥12.0,晴,25,25,3,0.0,65,39
2026-05-21 15:00:45,2026-05-21,4,羽毛球馆-6号,14:00-15:00,0,1,不开放/已过期,,晴,25,22,4,0.0,56,39
2026-05-21 15:30:43,2026-05-21,4,羽毛球馆-6号,14:00-15:00,0,1,不开放/已过期,,晴,25,23,4,0.0,57,40
2026-05-21 16:00:51,2026-05-21,4,羽毛球馆-6号,14:00-15:00,0,1,不开放/已过期,,晴,25,23,4,0.0,57,40
2026-05-21 16:30:48,2026-05-21,4,羽毛球馆-6号,14:00-15:00,0,1,不开放/已过期,,晴,25,24,3,0.0,60,39
2026-05-21 17:00:49,2026-05-21,4,羽毛球馆-6号,14:00-15:00,0,1,不开放/已过期,,晴,25,24,4,0.0,61,39
2026-05-21 17:30:47,2026-05-21,4,羽毛球馆-6号,14:00-15:00,0,1,不开放/已过期,,多云,24,23,3,0.0,64,39
2026-05-21 18:00:50,2026-05-21,4,羽毛球馆-6号,14:00-15:00,0,1,不开放/已过期,,多云,24,23,3,0.0,68,39
2026-05-21 18:30:50,2026-05-21,4,羽毛球馆-6号,14:00-15:00,0,1,不开放/已过期,,阴,24,25,2,0.0,68,40
2026-05-21 19:00:50,2026-05-21,4,羽毛球馆-6号,14:00-15:00,0,1,不开放/已过期,,阴,23,23,3,0.0,76,40
2026-05-21 19:30:46,2026-05-21,4,羽毛球馆-6号,14:00-15:00,0,1,不开放/已过期,,阴,23,24,2,0.0,77,39
2026-05-21 20:00:49,2026-05-21,4,羽毛球馆-6号,14:00-15:00,0,1,不开放/已过期,,雾,22,23,2,0.0,89,39
2026-05-21 20:30:44,2026-05-21,4,羽毛球馆-6号,14:00-15:00,0,1,不开放/已过期,,雾,22,24,2,0.0,93,43
2026-05-21 21:00:56,2026-05-21,4,羽毛球馆-6号,14:00-15:00,0,1,不开放/已过期,,雾,20,21,2,0.0,98,43
2026-05-21 21:30:46,2026-05-21,4,羽毛球馆-6号,14:00-15:00,0,1,不开放/已过期,,雾,20,22,1,0.0,99,41
2026-05-21 22:01:02,2026-05-21,4,羽毛球馆-6号,14:00-15:00,0,1,不开放/已过期,,雾,19,20,2,0.0,93,41
2026-05-21 22:30:47,2026-05-21,4,羽毛球馆-6号,14:00-15:00,0,1,不开放/已过期,,雾,19,19,3,0.0,88,46
2026-05-21 23:00:56,2026-05-21,4,羽毛球馆-6号,14:00-15:00,0,1,不开放/已过期,,多云,18,17,3,0.0,85,46
2026-05-21 23:30:55,2026-05-21,4,羽毛球馆-6号,14:00-15:00,0,1,不开放/已过期,,多云,18,17,3,0.0,85,48
2026-05-21 00:30:49,2026-05-21,4,羽毛球馆-6号,15:00-16:00,1,1,已售/已满,已售,多云,15,13,3,0.0,100,26
2026-05-21 01:00:55,2026-05-21,4,羽毛球馆-6号,15:00-16:00,1,1,已售/已满,已售,多云,15,12,4,0.0,100,26
2026-05-21 01:30:47,2026-05-21,4,羽毛球馆-6号,15:00-16:00,1,1,已售/已满,已售,多云,15,13,4,0.0,100,28
2026-05-21 02:00:53,2026-05-21,4,羽毛球馆-6号,15:00-16:00,1,1,已售/已满,已售,多云,15,12,4,0.0,100,28
2026-05-21 02:30:49,2026-05-21,4,羽毛球馆-6号,15:00-16:00,1,1,已售/已满,已售,多云,15,14,3,0.0,100,29
2026-05-21 03:00:55,2026-05-21,4,羽毛球馆-6号,15:00-16:00,1,1,已售/已满,已售,多云,15,12,4,0.0,100,29
2026-05-21 03:30:49,2026-05-21,4,羽毛球馆-6号,15:00-16:00,1,1,已售/已满,已售,多云,15,14,3,0.0,100,30
2026-05-21 04:30:45,2026-05-21,4,羽毛球馆-6号,15:00-16:00,1,1,已售/已满,已售,多云,15,12,4,0.0,100,29
2026-05-21 05:00:52,2026-05-21,4,羽毛球馆-6号,15:00-16:00,1,1,已售/已满,已售,多云,15,12,4,0.0,100,29
2026-05-21 05:30:49,2026-05-21,4,羽毛球馆-6号,15:00-16:00,1,1,已售/已满,已售,多云,15,13,3,0.0,100,28
2026-05-21 06:00:50,2026-05-21,4,羽毛球馆-6号,15:00-16:00,1,1,已售/已满,已售,多云,15,13,4,0.0,99,28
2026-05-21 06:30:38,2026-05-21,4,羽毛球馆-6号,15:00-16:00,1,1,已售/已满,已售,多云,15,13,3,0.0,97,28
2026-05-21 07:00:43,2026-05-21,4,羽毛球馆-6号,15:00-16:00,1,1,已售/已满,已售,晴,15,11,5,0.0,93,28
2026-05-21 07:30:39,2026-05-21,4,羽毛球馆-6号,15:00-16:00,1,1,已售/已满,已售,晴,17,13,4,0.0,89,29
2026-05-21 07:50:40,2026-05-21,4,羽毛球馆-6号,15:00-16:00,1,1,已售/已满,已售,晴,17,13,4,0.0,88,29
2026-05-21 07:53:31,2026-05-21,4,羽毛球馆-6号,15:00-16:00,1,1,已售/已满,已售,晴,17,12,5,0.0,86,29
2026-05-21 07:56:31,2026-05-21,4,羽毛球馆-6号,15:00-16:00,1,1,已售/已满,已售,晴,17,12,5,0.0,86,29
2026-05-21 07:59:26,2026-05-21,4,羽毛球馆-6号,15:00-16:00,1,1,已售/已满,已售,晴,17,12,5,0.0,86,29
2026-05-21 08:00:45,2026-05-21,4,羽毛球馆-6号,15:00-16:00,1,1,已售/已满,已售,晴,17,12,5,0.0,86,29
2026-05-21 08:02:30,2026-05-21,4,羽毛球馆-6号,15:00-16:00,1,1,已售/已满,已售,多云,17,12,5,0.0,87,29
2026-05-21 08:05:36,2026-05-21,4,羽毛球馆-6号,15:00-16:00,1,1,已售/已满,已售,多云,17,12,5,0.0,86,29
2026-05-21 08:08:31,2026-05-21,4,羽毛球馆-6号,15:00-16:00,1,1,已售/已满,已售,多云,17,12,5,0.0,86,29
2026-05-21 08:11:30,2026-05-21,4,羽毛球馆-6号,15:00-16:00,1,1,已售/已满,已售,多云,17,12,5,0.0,86,29
2026-05-21 08:14:31,2026-05-21,4,羽毛球馆-6号,15:00-16:00,1,1,已售/已满,已售,多云,17,12,5,0.0,86,29
2026-05-21 08:17:30,2026-05-21,4,羽毛球馆-6号,15:00-16:00,1,1,已售/已满,已售,多云,17,12,5,0.0,86,29
2026-05-21 08:20:35,2026-05-21,4,羽毛球馆-6号,15:00-16:00,1,1,已售/已满,已售,多云,17,14,4,0.0,85,29
2026-05-21 08:25:32,2026-05-21,4,羽毛球馆-6号,15:00-16:00,1,1,已售/已满,已售,多云,17,14,4,0.0,85,28
2026-05-21 08:30:42,2026-05-21,4,羽毛球馆-6号,15:00-16:00,1,1,已售/已满,已售,多云,18,15,4,0.0,84,28
2026-05-21 08:35:31,2026-05-21,4,羽毛球馆-6号,15:00-16:00,1,1,已售/已满,已售,多云,18,15,4,0.0,84,28
2026-05-21 08:40:38,2026-05-21,4,羽毛球馆-6号,15:00-16:00,1,1,已售/已满,已售,多云,18,15,4,0.0,82,28
2026-05-21 08:45:33,2026-05-21,4,羽毛球馆-6号,15:00-16:00,1,1,已售/已满,已售,多云,18,15,4,0.0,82,28
2026-05-21 08:50:36,2026-05-21,4,羽毛球馆-6号,15:00-16:00,1,1,已售/已满,已售,多云,18,15,4,0.0,82,28
2026-05-21 08:55:34,2026-05-21,4,羽毛球馆-6号,15:00-16:00,1,1,已售/已满,已售,多云,18,15,4,0.0,84,28
2026-05-21 09:00:51,2026-05-21,4,羽毛球馆-6号,15:00-16:00,1,1,已售/已满,已售,多云,18,15,4,0.0,84,28
2026-05-21 09:01:59,2026-05-21,4,羽毛球馆-6号,15:00-16:00,1,1,已售/已满,已售,多云,18,15,4,0.0,83,28
2026-05-21 09:05:33,2026-05-21,4,羽毛球馆-6号,15:00-16:00,1,1,已售/已满,已售,多云,18,15,4,0.0,83,28
2026-05-21 09:20:38,2026-05-21,4,羽毛球馆-6号,15:00-16:00,1,1,已售/已满,已售,多云,18,16,3,0.0,81,28
2026-05-21 09:30:46,2026-05-21,4,羽毛球馆-6号,15:00-16:00,1,1,已售/已满,已售,多云,18,16,3,0.0,81,32
2026-05-21 09:40:36,2026-05-21,4,羽毛球馆-6号,15:00-16:00,1,1,已售/已满,已售,多云,19,17,3,0.0,79,32
2026-05-21 09:50:42,2026-05-21,4,羽毛球馆-6号,15:00-16:00,1,1,已售/已满,已售,多云,19,17,4,0.0,81,32
2026-05-21 10:00:46,2026-05-21,4,羽毛球馆-6号,15:00-16:00,1,1,已售/已满,已售,多云,19,17,4,0.0,79,32
2026-05-21 10:10:40,2026-05-21,4,羽毛球馆-6号,15:00-16:00,1,1,已售/已满,已售,多云,19,17,4,0.0,79,32
2026-05-21 10:20:38,2026-05-21,4,羽毛球馆-6号,15:00-16:00,1,1,已售/已满,已售,多云,19,17,4,0.0,79,32
2026-05-21 10:30:41,2026-05-21,4,羽毛球馆-6号,15:00-16:00,1,1,已售/已满,已售,多云,19,18,3,0.0,78,31
2026-05-21 11:00:44,2026-05-21,4,羽毛球馆-6号,15:00-16:00,1,1,已售/已满,已售,多云,21,17,5,0.0,74,31
2026-05-21 11:30:38,2026-05-21,4,羽毛球馆-6号,15:00-16:00,1,1,已售/已满,已售,多云,21,19,3,0.0,72,33
2026-05-21 12:00:46,2026-05-21,4,羽毛球馆-6号,15:00-16:00,1,1,已售/已满,已售,多云,22,19,4,0.0,70,33
2026-05-21 12:30:42,2026-05-21,4,羽毛球馆-6号,15:00-16:00,1,1,已售/已满,已售,多云,22,21,3,0.0,68,35
2026-05-21 13:00:43,2026-05-21,4,羽毛球馆-6号,15:00-16:00,1,1,已售/已满,已售,多云,24,22,4,0.0,66,35
2026-05-21 13:30:43,2026-05-21,4,羽毛球馆-6号,15:00-16:00,1,1,已售/已满,已售,多云,24,22,4,0.0,66,36
2026-05-21 14:00:48,2026-05-21,4,羽毛球馆-6号,15:00-16:00,0,1,可预约,￥12.0,多云,25,23,4,0.0,66,36
2026-05-21 14:30:45,2026-05-21,4,羽毛球馆-6号,15:00-16:00,0,1,可预约,￥12.0,晴,25,25,3,0.0,65,39
2026-05-21 15:00:45,2026-05-21,4,羽毛球馆-6号,15:00-16:00,0,1,可预约,￥12.0,晴,25,22,4,0.0,56,39
2026-05-21 15:30:43,2026-05-21,4,羽毛球馆-6号,15:00-16:00,0,1,可预约,￥12.0,晴,25,23,4,0.0,57,40
2026-05-21 16:00:51,2026-05-21,4,羽毛球馆-6号,15:00-16:00,0,1,不开放/已过期,,晴,25,23,4,0.0,57,40
2026-05-21 16:30:48,2026-05-21,4,羽毛球馆-6号,15:00-16:00,0,1,不开放/已过期,,晴,25,24,3,0.0,60,39
2026-05-21 17:00:49,2026-05-21,4,羽毛球馆-6号,15:00-16:00,0,1,不开放/已过期,,晴,25,24,4,0.0,61,39
2026-05-21 17:30:47,2026-05-21,4,羽毛球馆-6号,15:00-16:00,0,1,不开放/已过期,,多云,24,23,3,0.0,64,39
2026-05-21 18:00:50,2026-05-21,4,羽毛球馆-6号,15:00-16:00,0,1,不开放/已过期,,多云,24,23,3,0.0,68,39
2026-05-21 18:30:50,2026-05-21,4,羽毛球馆-6号,15:00-16:00,0,1,不开放/已过期,,阴,24,25,2,0.0,68,40
2026-05-21 19:00:50,2026-05-21,4,羽毛球馆-6号,15:00-16:00,0,1,不开放/已过期,,阴,23,23,3,0.0,76,40
2026-05-21 19:30:46,2026-05-21,4,羽毛球馆-6号,15:00-16:00,0,1,不开放/已过期,,阴,23,24,2,0.0,77,39
2026-05-21 20:00:49,2026-05-21,4,羽毛球馆-6号,15:00-16:00,0,1,不开放/已过期,,雾,22,23,2,0.0,89,39
2026-05-21 20:30:44,2026-05-21,4,羽毛球馆-6号,15:00-16:00,0,1,不开放/已过期,,雾,22,24,2,0.0,93,43
2026-05-21 21:00:56,2026-05-21,4,羽毛球馆-6号,15:00-16:00,0,1,不开放/已过期,,雾,20,21,2,0.0,98,43
2026-05-21 21:30:46,2026-05-21,4,羽毛球馆-6号,15:00-16:00,0,1,不开放/已过期,,雾,20,22,1,0.0,99,41
2026-05-21 22:01:02,2026-05-21,4,羽毛球馆-6号,15:00-16:00,0,1,不开放/已过期,,雾,19,20,2,0.0,93,41
2026-05-21 22:30:47,2026-05-21,4,羽毛球馆-6号,15:00-16:00,0,1,不开放/已过期,,雾,19,19,3,0.0,88,46
2026-05-21 23:00:56,2026-05-21,4,羽毛球馆-6号,15:00-16:00,0,1,不开放/已过期,,多云,18,17,3,0.0,85,46
2026-05-21 23:30:55,2026-05-21,4,羽毛球馆-6号,15:00-16:00,0,1,不开放/已过期,,多云,18,17,3,0.0,85,48
2026-05-21 00:30:49,2026-05-21,4,羽毛球馆-6号,16:00-17:00,0,1,可预约,￥12.0,多云,15,13,3,0.0,100,26
2026-05-21 01:00:55,2026-05-21,4,羽毛球馆-6号,16:00-17:00,0,1,可预约,￥12.0,多云,15,12,4,0.0,100,26
2026-05-21 01:30:47,2026-05-21,4,羽毛球馆-6号,16:00-17:00,0,1,可预约,￥12.0,多云,15,13,4,0.0,100,28
2026-05-21 02:00:53,2026-05-21,4,羽毛球馆-6号,16:00-17:00,0,1,可预约,￥12.0,多云,15,12,4,0.0,100,28
2026-05-21 02:30:49,2026-05-21,4,羽毛球馆-6号,16:00-17:00,0,1,可预约,￥12.0,多云,15,14,3,0.0,100,29
2026-05-21 03:00:55,2026-05-21,4,羽毛球馆-6号,16:00-17:00,0,1,可预约,￥12.0,多云,15,12,4,0.0,100,29
2026-05-21 03:30:49,2026-05-21,4,羽毛球馆-6号,16:00-17:00,0,1,可预约,￥12.0,多云,15,14,3,0.0,100,30
2026-05-21 04:30:45,2026-05-21,4,羽毛球馆-6号,16:00-17:00,0,1,可预约,￥12.0,多云,15,12,4,0.0,100,29
2026-05-21 05:00:52,2026-05-21,4,羽毛球馆-6号,16:00-17:00,0,1,可预约,￥12.0,多云,15,12,4,0.0,100,29
2026-05-21 05:30:49,2026-05-21,4,羽毛球馆-6号,16:00-17:00,0,1,可预约,￥12.0,多云,15,13,3,0.0,100,28
2026-05-21 06:00:50,2026-05-21,4,羽毛球馆-6号,16:00-17:00,0,1,可预约,￥12.0,多云,15,13,4,0.0,99,28
2026-05-21 06:30:38,2026-05-21,4,羽毛球馆-6号,16:00-17:00,0,1,可预约,￥12.0,多云,15,13,3,0.0,97,28
2026-05-21 07:00:43,2026-05-21,4,羽毛球馆-6号,16:00-17:00,0,1,可预约,￥12.0,晴,15,11,5,0.0,93,28
2026-05-21 07:30:39,2026-05-21,4,羽毛球馆-6号,16:00-17:00,0,1,可预约,￥12.0,晴,17,13,4,0.0,89,29
2026-05-21 07:50:40,2026-05-21,4,羽毛球馆-6号,16:00-17:00,0,1,可预约,￥12.0,晴,17,13,4,0.0,88,29
2026-05-21 07:53:31,2026-05-21,4,羽毛球馆-6号,16:00-17:00,0,1,可预约,￥12.0,晴,17,12,5,0.0,86,29
2026-05-21 07:56:31,2026-05-21,4,羽毛球馆-6号,16:00-17:00,0,1,可预约,￥12.0,晴,17,12,5,0.0,86,29
2026-05-21 07:59:26,2026-05-21,4,羽毛球馆-6号,16:00-17:00,0,1,可预约,￥12.0,晴,17,12,5,0.0,86,29
2026-05-21 08:00:45,2026-05-21,4,羽毛球馆-6号,16:00-17:00,0,1,可预约,￥12.0,晴,17,12,5,0.0,86,29
2026-05-21 08:02:30,2026-05-21,4,羽毛球馆-6号,16:00-17:00,0,1,可预约,￥12.0,多云,17,12,5,0.0,87,29
2026-05-21 08:05:36,2026-05-21,4,羽毛球馆-6号,16:00-17:00,0,1,可预约,￥12.0,多云,17,12,5,0.0,86,29
2026-05-21 08:08:31,2026-05-21,4,羽毛球馆-6号,16:00-17:00,0,1,可预约,￥12.0,多云,17,12,5,0.0,86,29
2026-05-21 08:11:30,2026-05-21,4,羽毛球馆-6号,16:00-17:00,0,1,可预约,￥12.0,多云,17,12,5,0.0,86,29
2026-05-21 08:14:31,2026-05-21,4,羽毛球馆-6号,16:00-17:00,0,1,可预约,￥12.0,多云,17,12,5,0.0,86,29
2026-05-21 08:17:30,2026-05-21,4,羽毛球馆-6号,16:00-17:00,0,1,可预约,￥12.0,多云,17,12,5,0.0,86,29
2026-05-21 08:20:35,2026-05-21,4,羽毛球馆-6号,16:00-17:00,0,1,可预约,￥12.0,多云,17,14,4,0.0,85,29
2026-05-21 08:25:32,2026-05-21,4,羽毛球馆-6号,16:00-17:00,0,1,可预约,￥12.0,多云,17,14,4,0.0,85,28
2026-05-21 08:30:42,2026-05-21,4,羽毛球馆-6号,16:00-17:00,0,1,可预约,￥12.0,多云,18,15,4,0.0,84,28
2026-05-21 08:35:31,2026-05-21,4,羽毛球馆-6号,16:00-17:00,0,1,可预约,￥12.0,多云,18,15,4,0.0,84,28
2026-05-21 08:40:38,2026-05-21,4,羽毛球馆-6号,16:00-17:00,0,1,可预约,￥12.0,多云,18,15,4,0.0,82,28
2026-05-21 08:45:33,2026-05-21,4,羽毛球馆-6号,16:00-17:00,0,1,可预约,￥12.0,多云,18,15,4,0.0,82,28
2026-05-21 08:50:36,2026-05-21,4,羽毛球馆-6号,16:00-17:00,0,1,可预约,￥12.0,多云,18,15,4,0.0,82,28
2026-05-21 08:55:34,2026-05-21,4,羽毛球馆-6号,16:00-17:00,0,1,可预约,￥12.0,多云,18,15,4,0.0,84,28
2026-05-21 09:00:51,2026-05-21,4,羽毛球馆-6号,16:00-17:00,0,1,可预约,￥12.0,多云,18,15,4,0.0,84,28
2026-05-21 09:01:59,2026-05-21,4,羽毛球馆-6号,16:00-17:00,0,1,可预约,￥12.0,多云,18,15,4,0.0,83,28
2026-05-21 09:05:33,2026-05-21,4,羽毛球馆-6号,16:00-17:00,0,1,可预约,￥12.0,多云,18,15,4,0.0,83,28
2026-05-21 09:20:38,2026-05-21,4,羽毛球馆-6号,16:00-17:00,0,1,可预约,￥12.0,多云,18,16,3,0.0,81,28
2026-05-21 09:30:46,2026-05-21,4,羽毛球馆-6号,16:00-17:00,0,1,可预约,￥12.0,多云,18,16,3,0.0,81,32
2026-05-21 09:40:36,2026-05-21,4,羽毛球馆-6号,16:00-17:00,0,1,可预约,￥12.0,多云,19,17,3,0.0,79,32
2026-05-21 09:50:42,2026-05-21,4,羽毛球馆-6号,16:00-17:00,0,1,可预约,￥12.0,多云,19,17,4,0.0,81,32
2026-05-21 10:00:46,2026-05-21,4,羽毛球馆-6号,16:00-17:00,1,1,已售/已满,已售,多云,19,17,4,0.0,79,32
2026-05-21 10:10:40,2026-05-21,4,羽毛球馆-6号,16:00-17:00,1,1,已售/已满,已售,多云,19,17,4,0.0,79,32
2026-05-21 10:20:38,2026-05-21,4,羽毛球馆-6号,16:00-17:00,1,1,已售/已满,已售,多云,19,17,4,0.0,79,32
2026-05-21 10:30:41,2026-05-21,4,羽毛球馆-6号,16:00-17:00,1,1,已售/已满,已售,多云,19,18,3,0.0,78,31
2026-05-21 11:00:44,2026-05-21,4,羽毛球馆-6号,16:00-17:00,1,1,已售/已满,已售,多云,21,17,5,0.0,74,31
2026-05-21 11:30:38,2026-05-21,4,羽毛球馆-6号,16:00-17:00,1,1,已售/已满,已售,多云,21,19,3,0.0,72,33
2026-05-21 12:00:46,2026-05-21,4,羽毛球馆-6号,16:00-17:00,1,1,已售/已满,已售,多云,22,19,4,0.0,70,33
2026-05-21 12:30:42,2026-05-21,4,羽毛球馆-6号,16:00-17:00,1,1,已售/已满,已售,多云,22,21,3,0.0,68,35
2026-05-21 13:00:43,2026-05-21,4,羽毛球馆-6号,16:00-17:00,1,1,已售/已满,已售,多云,24,22,4,0.0,66,35
2026-05-21 13:30:43,2026-05-21,4,羽毛球馆-6号,16:00-17:00,1,1,已售/已满,已售,多云,24,22,4,0.0,66,36
2026-05-21 14:00:48,2026-05-21,4,羽毛球馆-6号,16:00-17:00,1,1,已售/已满,已售,多云,25,23,4,0.0,66,36
2026-05-21 14:30:45,2026-05-21,4,羽毛球馆-6号,16:00-17:00,1,1,已售/已满,已售,晴,25,25,3,0.0,65,39
2026-05-21 15:00:45,2026-05-21,4,羽毛球馆-6号,16:00-17:00,1,1,已售/已满,已售,晴,25,22,4,0.0,56,39
2026-05-21 15:30:43,2026-05-21,4,羽毛球馆-6号,16:00-17:00,1,1,已售/已满,已售,晴,25,23,4,0.0,57,40
2026-05-21 16:00:51,2026-05-21,4,羽毛球馆-6号,16:00-17:00,1,1,已售/已满,已售,晴,25,23,4,0.0,57,40
2026-05-21 16:30:48,2026-05-21,4,羽毛球馆-6号,16:00-17:00,1,1,已售/已满,已售,晴,25,24,3,0.0,60,39
2026-05-21 17:00:49,2026-05-21,4,羽毛球馆-6号,16:00-17:00,1,1,已售/已满,已售,晴,25,24,4,0.0,61,39
2026-05-21 17:30:47,2026-05-21,4,羽毛球馆-6号,16:00-17:00,1,1,已售/已满,已售,多云,24,23,3,0.0,64,39
2026-05-21 18:00:50,2026-05-21,4,羽毛球馆-6号,16:00-17:00,1,1,已售/已满,已售,多云,24,23,3,0.0,68,39
2026-05-21 18:30:50,2026-05-21,4,羽毛球馆-6号,16:00-17:00,1,1,已售/已满,已售,阴,24,25,2,0.0,68,40
2026-05-21 19:00:50,2026-05-21,4,羽毛球馆-6号,16:00-17:00,1,1,已售/已满,已售,阴,23,23,3,0.0,76,40
2026-05-21 19:30:46,2026-05-21,4,羽毛球馆-6号,16:00-17:00,1,1,已售/已满,已售,阴,23,24,2,0.0,77,39
2026-05-21 20:00:49,2026-05-21,4,羽毛球馆-6号,16:00-17:00,1,1,已售/已满,已售,雾,22,23,2,0.0,89,39
2026-05-21 20:30:44,2026-05-21,4,羽毛球馆-6号,16:00-17:00,1,1,已售/已满,已售,雾,22,24,2,0.0,93,43
2026-05-21 21:00:56,2026-05-21,4,羽毛球馆-6号,16:00-17:00,1,1,已售/已满,已售,雾,20,21,2,0.0,98,43
2026-05-21 21:30:46,2026-05-21,4,羽毛球馆-6号,16:00-17:00,1,1,已售/已满,已售,雾,20,22,1,0.0,99,41
2026-05-21 22:01:02,2026-05-21,4,羽毛球馆-6号,16:00-17:00,1,1,已售/已满,已售,雾,19,20,2,0.0,93,41
2026-05-21 22:30:47,2026-05-21,4,羽毛球馆-6号,16:00-17:00,1,1,已售/已满,已售,雾,19,19,3,0.0,88,46
2026-05-21 23:00:56,2026-05-21,4,羽毛球馆-6号,16:00-17:00,1,1,已售/已满,已售,多云,18,17,3,0.0,85,46
2026-05-21 23:30:55,2026-05-21,4,羽毛球馆-6号,16:00-17:00,1,1,已售/已满,已售,多云,18,17,3,0.0,85,48
2026-05-21 00:30:49,2026-05-21,4,羽毛球馆-6号,17:00-18:00,1,1,已售/已满,已售,多云,15,13,3,0.0,100,26
2026-05-21 01:00:55,2026-05-21,4,羽毛球馆-6号,17:00-18:00,1,1,已售/已满,已售,多云,15,12,4,0.0,100,26
2026-05-21 01:30:47,2026-05-21,4,羽毛球馆-6号,17:00-18:00,1,1,已售/已满,已售,多云,15,13,4,0.0,100,28
2026-05-21 02:00:53,2026-05-21,4,羽毛球馆-6号,17:00-18:00,1,1,已售/已满,已售,多云,15,12,4,0.0,100,28
2026-05-21 02:30:49,2026-05-21,4,羽毛球馆-6号,17:00-18:00,1,1,已售/已满,已售,多云,15,14,3,0.0,100,29
2026-05-21 03:00:55,2026-05-21,4,羽毛球馆-6号,17:00-18:00,1,1,已售/已满,已售,多云,15,12,4,0.0,100,29
2026-05-21 03:30:49,2026-05-21,4,羽毛球馆-6号,17:00-18:00,1,1,已售/已满,已售,多云,15,14,3,0.0,100,30
2026-05-21 04:30:45,2026-05-21,4,羽毛球馆-6号,17:00-18:00,1,1,已售/已满,已售,多云,15,12,4,0.0,100,29
2026-05-21 05:00:52,2026-05-21,4,羽毛球馆-6号,17:00-18:00,1,1,已售/已满,已售,多云,15,12,4,0.0,100,29
2026-05-21 05:30:49,2026-05-21,4,羽毛球馆-6号,17:00-18:00,1,1,已售/已满,已售,多云,15,13,3,0.0,100,28
2026-05-21 06:00:50,2026-05-21,4,羽毛球馆-6号,17:00-18:00,1,1,已售/已满,已售,多云,15,13,4,0.0,99,28
2026-05-21 06:30:38,2026-05-21,4,羽毛球馆-6号,17:00-18:00,1,1,已售/已满,已售,多云,15,13,3,0.0,97,28
2026-05-21 07:00:43,2026-05-21,4,羽毛球馆-6号,17:00-18:00,1,1,已售/已满,已售,晴,15,11,5,0.0,93,28
2026-05-21 07:30:39,2026-05-21,4,羽毛球馆-6号,17:00-18:00,1,1,已售/已满,已售,晴,17,13,4,0.0,89,29
2026-05-21 07:50:40,2026-05-21,4,羽毛球馆-6号,17:00-18:00,1,1,已售/已满,已售,晴,17,13,4,0.0,88,29
2026-05-21 07:53:31,2026-05-21,4,羽毛球馆-6号,17:00-18:00,1,1,已售/已满,已售,晴,17,12,5,0.0,86,29
2026-05-21 07:56:31,2026-05-21,4,羽毛球馆-6号,17:00-18:00,1,1,已售/已满,已售,晴,17,12,5,0.0,86,29
2026-05-21 07:59:26,2026-05-21,4,羽毛球馆-6号,17:00-18:00,1,1,已售/已满,已售,晴,17,12,5,0.0,86,29
2026-05-21 08:00:45,2026-05-21,4,羽毛球馆-6号,17:00-18:00,1,1,已售/已满,已售,晴,17,12,5,0.0,86,29
2026-05-21 08:02:30,2026-05-21,4,羽毛球馆-6号,17:00-18:00,1,1,已售/已满,已售,多云,17,12,5,0.0,87,29
2026-05-21 08:05:36,2026-05-21,4,羽毛球馆-6号,17:00-18:00,1,1,已售/已满,已售,多云,17,12,5,0.0,86,29
2026-05-21 08:08:31,2026-05-21,4,羽毛球馆-6号,17:00-18:00,1,1,已售/已满,已售,多云,17,12,5,0.0,86,29
2026-05-21 08:11:30,2026-05-21,4,羽毛球馆-6号,17:00-18:00,1,1,已售/已满,已售,多云,17,12,5,0.0,86,29
2026-05-21 08:14:31,2026-05-21,4,羽毛球馆-6号,17:00-18:00,1,1,已售/已满,已售,多云,17,12,5,0.0,86,29
2026-05-21 08:17:30,2026-05-21,4,羽毛球馆-6号,17:00-18:00,1,1,已售/已满,已售,多云,17,12,5,0.0,86,29
2026-05-21 08:20:35,2026-05-21,4,羽毛球馆-6号,17:00-18:00,1,1,已售/已满,已售,多云,17,14,4,0.0,85,29
2026-05-21 08:25:32,2026-05-21,4,羽毛球馆-6号,17:00-18:00,1,1,已售/已满,已售,多云,17,14,4,0.0,85,28
2026-05-21 08:30:42,2026-05-21,4,羽毛球馆-6号,17:00-18:00,1,1,已售/已满,已售,多云,18,15,4,0.0,84,28
2026-05-21 08:35:31,2026-05-21,4,羽毛球馆-6号,17:00-18:00,1,1,已售/已满,已售,多云,18,15,4,0.0,84,28
2026-05-21 08:40:38,2026-05-21,4,羽毛球馆-6号,17:00-18:00,1,1,已售/已满,已售,多云,18,15,4,0.0,82,28
2026-05-21 08:45:33,2026-05-21,4,羽毛球馆-6号,17:00-18:00,1,1,已售/已满,已售,多云,18,15,4,0.0,82,28
2026-05-21 08:50:36,2026-05-21,4,羽毛球馆-6号,17:00-18:00,1,1,已售/已满,已售,多云,18,15,4,0.0,82,28
2026-05-21 08:55:34,2026-05-21,4,羽毛球馆-6号,17:00-18:00,1,1,已售/已满,已售,多云,18,15,4,0.0,84,28
2026-05-21 09:00:51,2026-05-21,4,羽毛球馆-6号,17:00-18:00,1,1,已售/已满,已售,多云,18,15,4,0.0,84,28
2026-05-21 09:01:59,2026-05-21,4,羽毛球馆-6号,17:00-18:00,1,1,已售/已满,已售,多云,18,15,4,0.0,83,28
2026-05-21 09:05:33,2026-05-21,4,羽毛球馆-6号,17:00-18:00,1,1,已售/已满,已售,多云,18,15,4,0.0,83,28
2026-05-21 09:20:38,2026-05-21,4,羽毛球馆-6号,17:00-18:00,1,1,已售/已满,已售,多云,18,16,3,0.0,81,28
2026-05-21 09:30:46,2026-05-21,4,羽毛球馆-6号,17:00-18:00,1,1,已售/已满,已售,多云,18,16,3,0.0,81,32
2026-05-21 09:40:36,2026-05-21,4,羽毛球馆-6号,17:00-18:00,1,1,已售/已满,已售,多云,19,17,3,0.0,79,32
2026-05-21 09:50:42,2026-05-21,4,羽毛球馆-6号,17:00-18:00,1,1,已售/已满,已售,多云,19,17,4,0.0,81,32
2026-05-21 10:00:46,2026-05-21,4,羽毛球馆-6号,17:00-18:00,1,1,已售/已满,已售,多云,19,17,4,0.0,79,32
2026-05-21 10:10:40,2026-05-21,4,羽毛球馆-6号,17:00-18:00,1,1,已售/已满,已售,多云,19,17,4,0.0,79,32
2026-05-21 10:20:38,2026-05-21,4,羽毛球馆-6号,17:00-18:00,1,1,已售/已满,已售,多云,19,17,4,0.0,79,32
2026-05-21 10:30:41,2026-05-21,4,羽毛球馆-6号,17:00-18:00,1,1,已售/已满,已售,多云,19,18,3,0.0,78,31
2026-05-21 11:00:44,2026-05-21,4,羽毛球馆-6号,17:00-18:00,1,1,已售/已满,已售,多云,21,17,5,0.0,74,31
2026-05-21 11:30:38,2026-05-21,4,羽毛球馆-6号,17:00-18:00,1,1,已售/已满,已售,多云,21,19,3,0.0,72,33
2026-05-21 12:00:46,2026-05-21,4,羽毛球馆-6号,17:00-18:00,1,1,已售/已满,已售,多云,22,19,4,0.0,70,33
2026-05-21 12:30:42,2026-05-21,4,羽毛球馆-6号,17:00-18:00,1,1,已售/已满,已售,多云,22,21,3,0.0,68,35
2026-05-21 13:00:43,2026-05-21,4,羽毛球馆-6号,17:00-18:00,1,1,已售/已满,已售,多云,24,22,4,0.0,66,35
2026-05-21 13:30:43,2026-05-21,4,羽毛球馆-6号,17:00-18:00,1,1,已售/已满,已售,多云,24,22,4,0.0,66,36
2026-05-21 14:00:48,2026-05-21,4,羽毛球馆-6号,17:00-18:00,1,1,已售/已满,已售,多云,25,23,4,0.0,66,36
2026-05-21 14:30:45,2026-05-21,4,羽毛球馆-6号,17:00-18:00,1,1,已售/已满,已售,晴,25,25,3,0.0,65,39
2026-05-21 15:00:45,2026-05-21,4,羽毛球馆-6号,17:00-18:00,1,1,已售/已满,已售,晴,25,22,4,0.0,56,39
2026-05-21 15:30:43,2026-05-21,4,羽毛球馆-6号,17:00-18:00,1,1,已售/已满,已售,晴,25,23,4,0.0,57,40
2026-05-21 16:00:51,2026-05-21,4,羽毛球馆-6号,17:00-18:00,1,1,已售/已满,已售,晴,25,23,4,0.0,57,40
2026-05-21 16:30:48,2026-05-21,4,羽毛球馆-6号,17:00-18:00,1,1,已售/已满,已售,晴,25,24,3,0.0,60,39
2026-05-21 17:00:49,2026-05-21,4,羽毛球馆-6号,17:00-18:00,1,1,已售/已满,已售,晴,25,24,4,0.0,61,39
2026-05-21 17:30:47,2026-05-21,4,羽毛球馆-6号,17:00-18:00,1,1,已售/已满,已售,多云,24,23,3,0.0,64,39
2026-05-21 18:00:50,2026-05-21,4,羽毛球馆-6号,17:00-18:00,1,1,已售/已满,已售,多云,24,23,3,0.0,68,39
2026-05-21 18:30:50,2026-05-21,4,羽毛球馆-6号,17:00-18:00,1,1,已售/已满,已售,阴,24,25,2,0.0,68,40
2026-05-21 19:00:50,2026-05-21,4,羽毛球馆-6号,17:00-18:00,1,1,已售/已满,已售,阴,23,23,3,0.0,76,40
2026-05-21 19:30:46,2026-05-21,4,羽毛球馆-6号,17:00-18:00,1,1,已售/已满,已售,阴,23,24,2,0.0,77,39
2026-05-21 20:00:49,2026-05-21,4,羽毛球馆-6号,17:00-18:00,1,1,已售/已满,已售,雾,22,23,2,0.0,89,39
2026-05-21 20:30:44,2026-05-21,4,羽毛球馆-6号,17:00-18:00,1,1,已售/已满,已售,雾,22,24,2,0.0,93,43
2026-05-21 21:00:56,2026-05-21,4,羽毛球馆-6号,17:00-18:00,1,1,已售/已满,已售,雾,20,21,2,0.0,98,43
2026-05-21 21:30:46,2026-05-21,4,羽毛球馆-6号,17:00-18:00,1,1,已售/已满,已售,雾,20,22,1,0.0,99,41
2026-05-21 22:01:02,2026-05-21,4,羽毛球馆-6号,17:00-18:00,1,1,已售/已满,已售,雾,19,20,2,0.0,93,41
2026-05-21 22:30:47,2026-05-21,4,羽毛球馆-6号,17:00-18:00,1,1,已售/已满,已售,雾,19,19,3,0.0,88,46
2026-05-21 23:00:56,2026-05-21,4,羽毛球馆-6号,17:00-18:00,1,1,已售/已满,已售,多云,18,17,3,0.0,85,46
2026-05-21 23:30:55,2026-05-21,4,羽毛球馆-6号,17:00-18:00,1,1,已售/已满,已售,多云,18,17,3,0.0,85,48
2026-05-21 00:30:49,2026-05-21,4,羽毛球馆-6号,18:30-19:30,1,1,已售/已满,教工羽毛球赛,多云,15,13,3,0.0,100,26
2026-05-21 01:00:55,2026-05-21,4,羽毛球馆-6号,18:30-19:30,1,1,已售/已满,教工羽毛球赛,多云,15,12,4,0.0,100,26
2026-05-21 01:30:47,2026-05-21,4,羽毛球馆-6号,18:30-19:30,1,1,已售/已满,教工羽毛球赛,多云,15,13,4,0.0,100,28
2026-05-21 02:00:53,2026-05-21,4,羽毛球馆-6号,18:30-19:30,1,1,已售/已满,教工羽毛球赛,多云,15,12,4,0.0,100,28
2026-05-21 02:30:49,2026-05-21,4,羽毛球馆-6号,18:30-19:30,1,1,已售/已满,教工羽毛球赛,多云,15,14,3,0.0,100,29
2026-05-21 03:00:55,2026-05-21,4,羽毛球馆-6号,18:30-19:30,1,1,已售/已满,教工羽毛球赛,多云,15,12,4,0.0,100,29
2026-05-21 03:30:49,2026-05-21,4,羽毛球馆-6号,18:30-19:30,1,1,已售/已满,教工羽毛球赛,多云,15,14,3,0.0,100,30
2026-05-21 04:30:45,2026-05-21,4,羽毛球馆-6号,18:30-19:30,1,1,已售/已满,教工羽毛球赛,多云,15,12,4,0.0,100,29
2026-05-21 05:00:52,2026-05-21,4,羽毛球馆-6号,18:30-19:30,1,1,已售/已满,教工羽毛球赛,多云,15,12,4,0.0,100,29
2026-05-21 05:30:49,2026-05-21,4,羽毛球馆-6号,18:30-19:30,1,1,已售/已满,教工羽毛球赛,多云,15,13,3,0.0,100,28
2026-05-21 06:00:50,2026-05-21,4,羽毛球馆-6号,18:30-19:30,1,1,已售/已满,教工羽毛球赛,多云,15,13,4,0.0,99,28
2026-05-21 06:30:38,2026-05-21,4,羽毛球馆-6号,18:30-19:30,1,1,已售/已满,教工羽毛球赛,多云,15,13,3,0.0,97,28
2026-05-21 07:00:43,2026-05-21,4,羽毛球馆-6号,18:30-19:30,1,1,已售/已满,教工羽毛球赛,晴,15,11,5,0.0,93,28
2026-05-21 07:30:39,2026-05-21,4,羽毛球馆-6号,18:30-19:30,1,1,已售/已满,教工羽毛球赛,晴,17,13,4,0.0,89,29
2026-05-21 07:50:40,2026-05-21,4,羽毛球馆-6号,18:30-19:30,1,1,已售/已满,教工羽毛球赛,晴,17,13,4,0.0,88,29
2026-05-21 07:53:31,2026-05-21,4,羽毛球馆-6号,18:30-19:30,1,1,已售/已满,教工羽毛球赛,晴,17,12,5,0.0,86,29
2026-05-21 07:56:31,2026-05-21,4,羽毛球馆-6号,18:30-19:30,1,1,已售/已满,教工羽毛球赛,晴,17,12,5,0.0,86,29
2026-05-21 07:59:26,2026-05-21,4,羽毛球馆-6号,18:30-19:30,1,1,已售/已满,教工羽毛球赛,晴,17,12,5,0.0,86,29
2026-05-21 08:00:45,2026-05-21,4,羽毛球馆-6号,18:30-19:30,1,1,已售/已满,教工羽毛球赛,晴,17,12,5,0.0,86,29
2026-05-21 08:02:30,2026-05-21,4,羽毛球馆-6号,18:30-19:30,1,1,已售/已满,教工羽毛球赛,多云,17,12,5,0.0,87,29
2026-05-21 08:05:36,2026-05-21,4,羽毛球馆-6号,18:30-19:30,1,1,已售/已满,教工羽毛球赛,多云,17,12,5,0.0,86,29
2026-05-21 08:08:31,2026-05-21,4,羽毛球馆-6号,18:30-19:30,1,1,已售/已满,教工羽毛球赛,多云,17,12,5,0.0,86,29
2026-05-21 08:11:30,2026-05-21,4,羽毛球馆-6号,18:30-19:30,1,1,已售/已满,教工羽毛球赛,多云,17,12,5,0.0,86,29
2026-05-21 08:14:31,2026-05-21,4,羽毛球馆-6号,18:30-19:30,1,1,已售/已满,教工羽毛球赛,多云,17,12,5,0.0,86,29
2026-05-21 08:17:30,2026-05-21,4,羽毛球馆-6号,18:30-19:30,1,1,已售/已满,教工羽毛球赛,多云,17,12,5,0.0,86,29
2026-05-21 08:20:35,2026-05-21,4,羽毛球馆-6号,18:30-19:30,1,1,已售/已满,教工羽毛球赛,多云,17,14,4,0.0,85,29
2026-05-21 08:25:32,2026-05-21,4,羽毛球馆-6号,18:30-19:30,1,1,已售/已满,教工羽毛球赛,多云,17,14,4,0.0,85,28
2026-05-21 08:30:42,2026-05-21,4,羽毛球馆-6号,18:30-19:30,1,1,已售/已满,教工羽毛球赛,多云,18,15,4,0.0,84,28
2026-05-21 08:35:31,2026-05-21,4,羽毛球馆-6号,18:30-19:30,1,1,已售/已满,教工羽毛球赛,多云,18,15,4,0.0,84,28
2026-05-21 08:40:38,2026-05-21,4,羽毛球馆-6号,18:30-19:30,1,1,已售/已满,教工羽毛球赛,多云,18,15,4,0.0,82,28
2026-05-21 08:45:33,2026-05-21,4,羽毛球馆-6号,18:30-19:30,1,1,已售/已满,教工羽毛球赛,多云,18,15,4,0.0,82,28
2026-05-21 08:50:36,2026-05-21,4,羽毛球馆-6号,18:30-19:30,1,1,已售/已满,教工羽毛球赛,多云,18,15,4,0.0,82,28
2026-05-21 08:55:34,2026-05-21,4,羽毛球馆-6号,18:30-19:30,1,1,已售/已满,教工羽毛球赛,多云,18,15,4,0.0,84,28
2026-05-21 09:00:51,2026-05-21,4,羽毛球馆-6号,18:30-19:30,1,1,已售/已满,教工羽毛球赛,多云,18,15,4,0.0,84,28
2026-05-21 09:01:59,2026-05-21,4,羽毛球馆-6号,18:30-19:30,1,1,已售/已满,教工羽毛球赛,多云,18,15,4,0.0,83,28
2026-05-21 09:05:33,2026-05-21,4,羽毛球馆-6号,18:30-19:30,1,1,已售/已满,教工羽毛球赛,多云,18,15,4,0.0,83,28
2026-05-21 09:20:38,2026-05-21,4,羽毛球馆-6号,18:30-19:30,1,1,已售/已满,教工羽毛球赛,多云,18,16,3,0.0,81,28
2026-05-21 09:30:46,2026-05-21,4,羽毛球馆-6号,18:30-19:30,1,1,已售/已满,教工羽毛球赛,多云,18,16,3,0.0,81,32
2026-05-21 09:40:36,2026-05-21,4,羽毛球馆-6号,18:30-19:30,1,1,已售/已满,教工羽毛球赛,多云,19,17,3,0.0,79,32
2026-05-21 09:50:42,2026-05-21,4,羽毛球馆-6号,18:30-19:30,1,1,已售/已满,教工羽毛球赛,多云,19,17,4,0.0,81,32
2026-05-21 10:00:46,2026-05-21,4,羽毛球馆-6号,18:30-19:30,1,1,已售/已满,教工羽毛球赛,多云,19,17,4,0.0,79,32
2026-05-21 10:10:40,2026-05-21,4,羽毛球馆-6号,18:30-19:30,1,1,已售/已满,教工羽毛球赛,多云,19,17,4,0.0,79,32
2026-05-21 10:20:38,2026-05-21,4,羽毛球馆-6号,18:30-19:30,1,1,已售/已满,教工羽毛球赛,多云,19,17,4,0.0,79,32
2026-05-21 10:30:41,2026-05-21,4,羽毛球馆-6号,18:30-19:30,1,1,已售/已满,教工羽毛球赛,多云,19,18,3,0.0,78,31
2026-05-21 11:00:44,2026-05-21,4,羽毛球馆-6号,18:30-19:30,1,1,已售/已满,教工羽毛球赛,多云,21,17,5,0.0,74,31
2026-05-21 11:30:38,2026-05-21,4,羽毛球馆-6号,18:30-19:30,1,1,已售/已满,教工羽毛球赛,多云,21,19,3,0.0,72,33
2026-05-21 12:00:46,2026-05-21,4,羽毛球馆-6号,18:30-19:30,1,1,已售/已满,教工羽毛球赛,多云,22,19,4,0.0,70,33
2026-05-21 12:30:42,2026-05-21,4,羽毛球馆-6号,18:30-19:30,1,1,已售/已满,教工羽毛球赛,多云,22,21,3,0.0,68,35
2026-05-21 13:00:43,2026-05-21,4,羽毛球馆-6号,18:30-19:30,1,1,已售/已满,教工羽毛球赛,多云,24,22,4,0.0,66,35
2026-05-21 13:30:43,2026-05-21,4,羽毛球馆-6号,18:30-19:30,1,1,已售/已满,教工羽毛球赛,多云,24,22,4,0.0,66,36
2026-05-21 14:00:48,2026-05-21,4,羽毛球馆-6号,18:30-19:30,1,1,已售/已满,教工羽毛球赛,多云,25,23,4,0.0,66,36
2026-05-21 14:30:45,2026-05-21,4,羽毛球馆-6号,18:30-19:30,1,1,已售/已满,教工羽毛球赛,晴,25,25,3,0.0,65,39
2026-05-21 15:00:45,2026-05-21,4,羽毛球馆-6号,18:30-19:30,1,1,已售/已满,教工羽毛球赛,晴,25,22,4,0.0,56,39
2026-05-21 15:30:43,2026-05-21,4,羽毛球馆-6号,18:30-19:30,1,1,已售/已满,教工羽毛球赛,晴,25,23,4,0.0,57,40
2026-05-21 16:00:51,2026-05-21,4,羽毛球馆-6号,18:30-19:30,1,1,已售/已满,教工羽毛球赛,晴,25,23,4,0.0,57,40
2026-05-21 16:30:48,2026-05-21,4,羽毛球馆-6号,18:30-19:30,1,1,已售/已满,教工羽毛球赛,晴,25,24,3,0.0,60,39
2026-05-21 17:00:49,2026-05-21,4,羽毛球馆-6号,18:30-19:30,1,1,已售/已满,教工羽毛球赛,晴,25,24,4,0.0,61,39
2026-05-21 17:30:47,2026-05-21,4,羽毛球馆-6号,18:30-19:30,1,1,已售/已满,教工羽毛球赛,多云,24,23,3,0.0,64,39
2026-05-21 18:00:50,2026-05-21,4,羽毛球馆-6号,18:30-19:30,1,1,已售/已满,教工羽毛球赛,多云,24,23,3,0.0,68,39
2026-05-21 18:30:50,2026-05-21,4,羽毛球馆-6号,18:30-19:30,1,1,已售/已满,教工羽毛球赛,阴,24,25,2,0.0,68,40
2026-05-21 19:00:50,2026-05-21,4,羽毛球馆-6号,18:30-19:30,1,1,已售/已满,教工羽毛球赛,阴,23,23,3,0.0,76,40
2026-05-21 19:30:46,2026-05-21,4,羽毛球馆-6号,18:30-19:30,1,1,已售/已满,教工羽毛球赛,阴,23,24,2,0.0,77,39
2026-05-21 20:00:49,2026-05-21,4,羽毛球馆-6号,18:30-19:30,1,1,已售/已满,教工羽毛球赛,雾,22,23,2,0.0,89,39
2026-05-21 20:30:44,2026-05-21,4,羽毛球馆-6号,18:30-19:30,1,1,已售/已满,教工羽毛球赛,雾,22,24,2,0.0,93,43
2026-05-21 21:00:56,2026-05-21,4,羽毛球馆-6号,18:30-19:30,1,1,已售/已满,教工羽毛球赛,雾,20,21,2,0.0,98,43
2026-05-21 21:30:46,2026-05-21,4,羽毛球馆-6号,18:30-19:30,1,1,已售/已满,教工羽毛球赛,雾,20,22,1,0.0,99,41
2026-05-21 22:01:02,2026-05-21,4,羽毛球馆-6号,18:30-19:30,1,1,已售/已满,教工羽毛球赛,雾,19,20,2,0.0,93,41
2026-05-21 22:30:47,2026-05-21,4,羽毛球馆-6号,18:30-19:30,1,1,已售/已满,教工羽毛球赛,雾,19,19,3,0.0,88,46
2026-05-21 23:00:56,2026-05-21,4,羽毛球馆-6号,18:30-19:30,1,1,已售/已满,教工羽毛球赛,多云,18,17,3,0.0,85,46
2026-05-21 23:30:55,2026-05-21,4,羽毛球馆-6号,18:30-19:30,1,1,已售/已满,教工羽毛球赛,多云,18,17,3,0.0,85,48
2026-05-21 00:30:49,2026-05-21,4,羽毛球馆-6号,19:30-20:30,1,1,已售/已满,教工羽毛球赛,多云,15,13,3,0.0,100,26
2026-05-21 01:00:55,2026-05-21,4,羽毛球馆-6号,19:30-20:30,1,1,已售/已满,教工羽毛球赛,多云,15,12,4,0.0,100,26
2026-05-21 01:30:47,2026-05-21,4,羽毛球馆-6号,19:30-20:30,1,1,已售/已满,教工羽毛球赛,多云,15,13,4,0.0,100,28
2026-05-21 02:00:53,2026-05-21,4,羽毛球馆-6号,19:30-20:30,1,1,已售/已满,教工羽毛球赛,多云,15,12,4,0.0,100,28
2026-05-21 02:30:49,2026-05-21,4,羽毛球馆-6号,19:30-20:30,1,1,已售/已满,教工羽毛球赛,多云,15,14,3,0.0,100,29
2026-05-21 03:00:55,2026-05-21,4,羽毛球馆-6号,19:30-20:30,1,1,已售/已满,教工羽毛球赛,多云,15,12,4,0.0,100,29
2026-05-21 03:30:49,2026-05-21,4,羽毛球馆-6号,19:30-20:30,1,1,已售/已满,教工羽毛球赛,多云,15,14,3,0.0,100,30
2026-05-21 04:30:45,2026-05-21,4,羽毛球馆-6号,19:30-20:30,1,1,已售/已满,教工羽毛球赛,多云,15,12,4,0.0,100,29
2026-05-21 05:00:52,2026-05-21,4,羽毛球馆-6号,19:30-20:30,1,1,已售/已满,教工羽毛球赛,多云,15,12,4,0.0,100,29
2026-05-21 05:30:49,2026-05-21,4,羽毛球馆-6号,19:30-20:30,1,1,已售/已满,教工羽毛球赛,多云,15,13,3,0.0,100,28
2026-05-21 06:00:50,2026-05-21,4,羽毛球馆-6号,19:30-20:30,1,1,已售/已满,教工羽毛球赛,多云,15,13,4,0.0,99,28
2026-05-21 06:30:38,2026-05-21,4,羽毛球馆-6号,19:30-20:30,1,1,已售/已满,教工羽毛球赛,多云,15,13,3,0.0,97,28
2026-05-21 07:00:43,2026-05-21,4,羽毛球馆-6号,19:30-20:30,1,1,已售/已满,教工羽毛球赛,晴,15,11,5,0.0,93,28
2026-05-21 07:30:39,2026-05-21,4,羽毛球馆-6号,19:30-20:30,1,1,已售/已满,教工羽毛球赛,晴,17,13,4,0.0,89,29
2026-05-21 07:50:40,2026-05-21,4,羽毛球馆-6号,19:30-20:30,1,1,已售/已满,教工羽毛球赛,晴,17,13,4,0.0,88,29
2026-05-21 07:53:31,2026-05-21,4,羽毛球馆-6号,19:30-20:30,1,1,已售/已满,教工羽毛球赛,晴,17,12,5,0.0,86,29
2026-05-21 07:56:31,2026-05-21,4,羽毛球馆-6号,19:30-20:30,1,1,已售/已满,教工羽毛球赛,晴,17,12,5,0.0,86,29
2026-05-21 07:59:26,2026-05-21,4,羽毛球馆-6号,19:30-20:30,1,1,已售/已满,教工羽毛球赛,晴,17,12,5,0.0,86,29
2026-05-21 08:00:45,2026-05-21,4,羽毛球馆-6号,19:30-20:30,1,1,已售/已满,教工羽毛球赛,晴,17,12,5,0.0,86,29
2026-05-21 08:02:30,2026-05-21,4,羽毛球馆-6号,19:30-20:30,1,1,已售/已满,教工羽毛球赛,多云,17,12,5,0.0,87,29
2026-05-21 08:05:36,2026-05-21,4,羽毛球馆-6号,19:30-20:30,1,1,已售/已满,教工羽毛球赛,多云,17,12,5,0.0,86,29
2026-05-21 08:08:31,2026-05-21,4,羽毛球馆-6号,19:30-20:30,1,1,已售/已满,教工羽毛球赛,多云,17,12,5,0.0,86,29
2026-05-21 08:11:30,2026-05-21,4,羽毛球馆-6号,19:30-20:30,1,1,已售/已满,教工羽毛球赛,多云,17,12,5,0.0,86,29
2026-05-21 08:14:31,2026-05-21,4,羽毛球馆-6号,19:30-20:30,1,1,已售/已满,教工羽毛球赛,多云,17,12,5,0.0,86,29
2026-05-21 08:17:30,2026-05-21,4,羽毛球馆-6号,19:30-20:30,1,1,已售/已满,教工羽毛球赛,多云,17,12,5,0.0,86,29
2026-05-21 08:20:35,2026-05-21,4,羽毛球馆-6号,19:30-20:30,1,1,已售/已满,教工羽毛球赛,多云,17,14,4,0.0,85,29
2026-05-21 08:25:32,2026-05-21,4,羽毛球馆-6号,19:30-20:30,1,1,已售/已满,教工羽毛球赛,多云,17,14,4,0.0,85,28
2026-05-21 08:30:42,2026-05-21,4,羽毛球馆-6号,19:30-20:30,1,1,已售/已满,教工羽毛球赛,多云,18,15,4,0.0,84,28
2026-05-21 08:35:31,2026-05-21,4,羽毛球馆-6号,19:30-20:30,1,1,已售/已满,教工羽毛球赛,多云,18,15,4,0.0,84,28
2026-05-21 08:40:38,2026-05-21,4,羽毛球馆-6号,19:30-20:30,1,1,已售/已满,教工羽毛球赛,多云,18,15,4,0.0,82,28
2026-05-21 08:45:33,2026-05-21,4,羽毛球馆-6号,19:30-20:30,1,1,已售/已满,教工羽毛球赛,多云,18,15,4,0.0,82,28
2026-05-21 08:50:36,2026-05-21,4,羽毛球馆-6号,19:30-20:30,1,1,已售/已满,教工羽毛球赛,多云,18,15,4,0.0,82,28
2026-05-21 08:55:34,2026-05-21,4,羽毛球馆-6号,19:30-20:30,1,1,已售/已满,教工羽毛球赛,多云,18,15,4,0.0,84,28
2026-05-21 09:00:51,2026-05-21,4,羽毛球馆-6号,19:30-20:30,1,1,已售/已满,教工羽毛球赛,多云,18,15,4,0.0,84,28
2026-05-21 09:01:59,2026-05-21,4,羽毛球馆-6号,19:30-20:30,1,1,已售/已满,教工羽毛球赛,多云,18,15,4,0.0,83,28
2026-05-21 09:05:33,2026-05-21,4,羽毛球馆-6号,19:30-20:30,1,1,已售/已满,教工羽毛球赛,多云,18,15,4,0.0,83,28
2026-05-21 09:20:38,2026-05-21,4,羽毛球馆-6号,19:30-20:30,1,1,已售/已满,教工羽毛球赛,多云,18,16,3,0.0,81,28
2026-05-21 09:30:46,2026-05-21,4,羽毛球馆-6号,19:30-20:30,1,1,已售/已满,教工羽毛球赛,多云,18,16,3,0.0,81,32
2026-05-21 09:40:36,2026-05-21,4,羽毛球馆-6号,19:30-20:30,1,1,已售/已满,教工羽毛球赛,多云,19,17,3,0.0,79,32
2026-05-21 09:50:42,2026-05-21,4,羽毛球馆-6号,19:30-20:30,1,1,已售/已满,教工羽毛球赛,多云,19,17,4,0.0,81,32
2026-05-21 10:00:46,2026-05-21,4,羽毛球馆-6号,19:30-20:30,1,1,已售/已满,教工羽毛球赛,多云,19,17,4,0.0,79,32
2026-05-21 10:10:40,2026-05-21,4,羽毛球馆-6号,19:30-20:30,1,1,已售/已满,教工羽毛球赛,多云,19,17,4,0.0,79,32
2026-05-21 10:20:38,2026-05-21,4,羽毛球馆-6号,19:30-20:30,1,1,已售/已满,教工羽毛球赛,多云,19,17,4,0.0,79,32
2026-05-21 10:30:41,2026-05-21,4,羽毛球馆-6号,19:30-20:30,1,1,已售/已满,教工羽毛球赛,多云,19,18,3,0.0,78,31
2026-05-21 11:00:44,2026-05-21,4,羽毛球馆-6号,19:30-20:30,1,1,已售/已满,教工羽毛球赛,多云,21,17,5,0.0,74,31
2026-05-21 11:30:38,2026-05-21,4,羽毛球馆-6号,19:30-20:30,1,1,已售/已满,教工羽毛球赛,多云,21,19,3,0.0,72,33
2026-05-21 12:00:46,2026-05-21,4,羽毛球馆-6号,19:30-20:30,1,1,已售/已满,教工羽毛球赛,多云,22,19,4,0.0,70,33
2026-05-21 12:30:42,2026-05-21,4,羽毛球馆-6号,19:30-20:30,1,1,已售/已满,教工羽毛球赛,多云,22,21,3,0.0,68,35
2026-05-21 13:00:43,2026-05-21,4,羽毛球馆-6号,19:30-20:30,1,1,已售/已满,教工羽毛球赛,多云,24,22,4,0.0,66,35
2026-05-21 13:30:43,2026-05-21,4,羽毛球馆-6号,19:30-20:30,1,1,已售/已满,教工羽毛球赛,多云,24,22,4,0.0,66,36
2026-05-21 14:00:48,2026-05-21,4,羽毛球馆-6号,19:30-20:30,1,1,已售/已满,教工羽毛球赛,多云,25,23,4,0.0,66,36
2026-05-21 14:30:45,2026-05-21,4,羽毛球馆-6号,19:30-20:30,1,1,已售/已满,教工羽毛球赛,晴,25,25,3,0.0,65,39
2026-05-21 15:00:45,2026-05-21,4,羽毛球馆-6号,19:30-20:30,1,1,已售/已满,教工羽毛球赛,晴,25,22,4,0.0,56,39
2026-05-21 15:30:43,2026-05-21,4,羽毛球馆-6号,19:30-20:30,1,1,已售/已满,教工羽毛球赛,晴,25,23,4,0.0,57,40
2026-05-21 16:00:51,2026-05-21,4,羽毛球馆-6号,19:30-20:30,1,1,已售/已满,教工羽毛球赛,晴,25,23,4,0.0,57,40
2026-05-21 16:30:48,2026-05-21,4,羽毛球馆-6号,19:30-20:30,1,1,已售/已满,教工羽毛球赛,晴,25,24,3,0.0,60,39
2026-05-21 17:00:49,2026-05-21,4,羽毛球馆-6号,19:30-20:30,1,1,已售/已满,教工羽毛球赛,晴,25,24,4,0.0,61,39
2026-05-21 17:30:47,2026-05-21,4,羽毛球馆-6号,19:30-20:30,1,1,已售/已满,教工羽毛球赛,多云,24,23,3,0.0,64,39
2026-05-21 18:00:50,2026-05-21,4,羽毛球馆-6号,19:30-20:30,1,1,已售/已满,教工羽毛球赛,多云,24,23,3,0.0,68,39
2026-05-21 18:30:50,2026-05-21,4,羽毛球馆-6号,19:30-20:30,1,1,已售/已满,教工羽毛球赛,阴,24,25,2,0.0,68,40
2026-05-21 19:00:50,2026-05-21,4,羽毛球馆-6号,19:30-20:30,1,1,已售/已满,教工羽毛球赛,阴,23,23,3,0.0,76,40
2026-05-21 19:30:46,2026-05-21,4,羽毛球馆-6号,19:30-20:30,1,1,已售/已满,教工羽毛球赛,阴,23,24,2,0.0,77,39
2026-05-21 20:00:49,2026-05-21,4,羽毛球馆-6号,19:30-20:30,1,1,已售/已满,教工羽毛球赛,雾,22,23,2,0.0,89,39
2026-05-21 20:30:44,2026-05-21,4,羽毛球馆-6号,19:30-20:30,1,1,已售/已满,教工羽毛球赛,雾,22,24,2,0.0,93,43
2026-05-21 21:00:56,2026-05-21,4,羽毛球馆-6号,19:30-20:30,1,1,已售/已满,教工羽毛球赛,雾,20,21,2,0.0,98,43
2026-05-21 21:30:46,2026-05-21,4,羽毛球馆-6号,19:30-20:30,1,1,已售/已满,教工羽毛球赛,雾,20,22,1,0.0,99,41
2026-05-21 22:01:02,2026-05-21,4,羽毛球馆-6号,19:30-20:30,1,1,已售/已满,教工羽毛球赛,雾,19,20,2,0.0,93,41
2026-05-21 22:30:47,2026-05-21,4,羽毛球馆-6号,19:30-20:30,1,1,已售/已满,教工羽毛球赛,雾,19,19,3,0.0,88,46
2026-05-21 23:00:56,2026-05-21,4,羽毛球馆-6号,19:30-20:30,1,1,已售/已满,教工羽毛球赛,多云,18,17,3,0.0,85,46
2026-05-21 23:30:55,2026-05-21,4,羽毛球馆-6号,19:30-20:30,1,1,已售/已满,教工羽毛球赛,多云,18,17,3,0.0,85,48
2026-05-21 00:30:49,2026-05-21,4,羽毛球馆-6号,20:30-21:30,1,1,已售/已满,教工羽毛球赛,多云,15,13,3,0.0,100,26
2026-05-21 01:00:55,2026-05-21,4,羽毛球馆-6号,20:30-21:30,1,1,已售/已满,教工羽毛球赛,多云,15,12,4,0.0,100,26
2026-05-21 01:30:47,2026-05-21,4,羽毛球馆-6号,20:30-21:30,1,1,已售/已满,教工羽毛球赛,多云,15,13,4,0.0,100,28
2026-05-21 02:00:53,2026-05-21,4,羽毛球馆-6号,20:30-21:30,1,1,已售/已满,教工羽毛球赛,多云,15,12,4,0.0,100,28
2026-05-21 02:30:49,2026-05-21,4,羽毛球馆-6号,20:30-21:30,1,1,已售/已满,教工羽毛球赛,多云,15,14,3,0.0,100,29
2026-05-21 03:00:55,2026-05-21,4,羽毛球馆-6号,20:30-21:30,1,1,已售/已满,教工羽毛球赛,多云,15,12,4,0.0,100,29
2026-05-21 03:30:49,2026-05-21,4,羽毛球馆-6号,20:30-21:30,1,1,已售/已满,教工羽毛球赛,多云,15,14,3,0.0,100,30
2026-05-21 04:30:45,2026-05-21,4,羽毛球馆-6号,20:30-21:30,1,1,已售/已满,教工羽毛球赛,多云,15,12,4,0.0,100,29
2026-05-21 05:00:52,2026-05-21,4,羽毛球馆-6号,20:30-21:30,1,1,已售/已满,教工羽毛球赛,多云,15,12,4,0.0,100,29
2026-05-21 05:30:49,2026-05-21,4,羽毛球馆-6号,20:30-21:30,1,1,已售/已满,教工羽毛球赛,多云,15,13,3,0.0,100,28
2026-05-21 06:00:50,2026-05-21,4,羽毛球馆-6号,20:30-21:30,1,1,已售/已满,教工羽毛球赛,多云,15,13,4,0.0,99,28
2026-05-21 06:30:38,2026-05-21,4,羽毛球馆-6号,20:30-21:30,1,1,已售/已满,教工羽毛球赛,多云,15,13,3,0.0,97,28
2026-05-21 07:00:43,2026-05-21,4,羽毛球馆-6号,20:30-21:30,1,1,已售/已满,教工羽毛球赛,晴,15,11,5,0.0,93,28
2026-05-21 07:30:39,2026-05-21,4,羽毛球馆-6号,20:30-21:30,1,1,已售/已满,教工羽毛球赛,晴,17,13,4,0.0,89,29
2026-05-21 07:50:40,2026-05-21,4,羽毛球馆-6号,20:30-21:30,1,1,已售/已满,教工羽毛球赛,晴,17,13,4,0.0,88,29
2026-05-21 07:53:31,2026-05-21,4,羽毛球馆-6号,20:30-21:30,1,1,已售/已满,教工羽毛球赛,晴,17,12,5,0.0,86,29
2026-05-21 07:56:31,2026-05-21,4,羽毛球馆-6号,20:30-21:30,1,1,已售/已满,教工羽毛球赛,晴,17,12,5,0.0,86,29
2026-05-21 07:59:26,2026-05-21,4,羽毛球馆-6号,20:30-21:30,1,1,已售/已满,教工羽毛球赛,晴,17,12,5,0.0,86,29
2026-05-21 08:00:45,2026-05-21,4,羽毛球馆-6号,20:30-21:30,1,1,已售/已满,教工羽毛球赛,晴,17,12,5,0.0,86,29
2026-05-21 08:02:30,2026-05-21,4,羽毛球馆-6号,20:30-21:30,1,1,已售/已满,教工羽毛球赛,多云,17,12,5,0.0,87,29
2026-05-21 08:05:36,2026-05-21,4,羽毛球馆-6号,20:30-21:30,1,1,已售/已满,教工羽毛球赛,多云,17,12,5,0.0,86,29
2026-05-21 08:08:31,2026-05-21,4,羽毛球馆-6号,20:30-21:30,1,1,已售/已满,教工羽毛球赛,多云,17,12,5,0.0,86,29
2026-05-21 08:11:30,2026-05-21,4,羽毛球馆-6号,20:30-21:30,1,1,已售/已满,教工羽毛球赛,多云,17,12,5,0.0,86,29
2026-05-21 08:14:31,2026-05-21,4,羽毛球馆-6号,20:30-21:30,1,1,已售/已满,教工羽毛球赛,多云,17,12,5,0.0,86,29
2026-05-21 08:17:30,2026-05-21,4,羽毛球馆-6号,20:30-21:30,1,1,已售/已满,教工羽毛球赛,多云,17,12,5,0.0,86,29
2026-05-21 08:20:35,2026-05-21,4,羽毛球馆-6号,20:30-21:30,1,1,已售/已满,教工羽毛球赛,多云,17,14,4,0.0,85,29
2026-05-21 08:25:32,2026-05-21,4,羽毛球馆-6号,20:30-21:30,1,1,已售/已满,教工羽毛球赛,多云,17,14,4,0.0,85,28
2026-05-21 08:30:42,2026-05-21,4,羽毛球馆-6号,20:30-21:30,1,1,已售/已满,教工羽毛球赛,多云,18,15,4,0.0,84,28
2026-05-21 08:35:31,2026-05-21,4,羽毛球馆-6号,20:30-21:30,1,1,已售/已满,教工羽毛球赛,多云,18,15,4,0.0,84,28
2026-05-21 08:40:38,2026-05-21,4,羽毛球馆-6号,20:30-21:30,1,1,已售/已满,教工羽毛球赛,多云,18,15,4,0.0,82,28
2026-05-21 08:45:33,2026-05-21,4,羽毛球馆-6号,20:30-21:30,1,1,已售/已满,教工羽毛球赛,多云,18,15,4,0.0,82,28
2026-05-21 08:50:36,2026-05-21,4,羽毛球馆-6号,20:30-21:30,1,1,已售/已满,教工羽毛球赛,多云,18,15,4,0.0,82,28
2026-05-21 08:55:34,2026-05-21,4,羽毛球馆-6号,20:30-21:30,1,1,已售/已满,教工羽毛球赛,多云,18,15,4,0.0,84,28
2026-05-21 09:00:51,2026-05-21,4,羽毛球馆-6号,20:30-21:30,1,1,已售/已满,教工羽毛球赛,多云,18,15,4,0.0,84,28
2026-05-21 09:01:59,2026-05-21,4,羽毛球馆-6号,20:30-21:30,1,1,已售/已满,教工羽毛球赛,多云,18,15,4,0.0,83,28
2026-05-21 09:05:33,2026-05-21,4,羽毛球馆-6号,20:30-21:30,1,1,已售/已满,教工羽毛球赛,多云,18,15,4,0.0,83,28
2026-05-21 09:20:38,2026-05-21,4,羽毛球馆-6号,20:30-21:30,1,1,已售/已满,教工羽毛球赛,多云,18,16,3,0.0,81,28
2026-05-21 09:30:46,2026-05-21,4,羽毛球馆-6号,20:30-21:30,1,1,已售/已满,教工羽毛球赛,多云,18,16,3,0.0,81,32
2026-05-21 09:40:36,2026-05-21,4,羽毛球馆-6号,20:30-21:30,1,1,已售/已满,教工羽毛球赛,多云,19,17,3,0.0,79,32
2026-05-21 09:50:42,2026-05-21,4,羽毛球馆-6号,20:30-21:30,1,1,已售/已满,教工羽毛球赛,多云,19,17,4,0.0,81,32
2026-05-21 10:00:46,2026-05-21,4,羽毛球馆-6号,20:30-21:30,1,1,已售/已满,教工羽毛球赛,多云,19,17,4,0.0,79,32
2026-05-21 10:10:40,2026-05-21,4,羽毛球馆-6号,20:30-21:30,1,1,已售/已满,教工羽毛球赛,多云,19,17,4,0.0,79,32
2026-05-21 10:20:38,2026-05-21,4,羽毛球馆-6号,20:30-21:30,1,1,已售/已满,教工羽毛球赛,多云,19,17,4,0.0,79,32
2026-05-21 10:30:41,2026-05-21,4,羽毛球馆-6号,20:30-21:30,1,1,已售/已满,教工羽毛球赛,多云,19,18,3,0.0,78,31
2026-05-21 11:00:44,2026-05-21,4,羽毛球馆-6号,20:30-21:30,1,1,已售/已满,教工羽毛球赛,多云,21,17,5,0.0,74,31
2026-05-21 11:30:38,2026-05-21,4,羽毛球馆-6号,20:30-21:30,1,1,已售/已满,教工羽毛球赛,多云,21,19,3,0.0,72,33
2026-05-21 12:00:46,2026-05-21,4,羽毛球馆-6号,20:30-21:30,1,1,已售/已满,教工羽毛球赛,多云,22,19,4,0.0,70,33
2026-05-21 12:30:42,2026-05-21,4,羽毛球馆-6号,20:30-21:30,1,1,已售/已满,教工羽毛球赛,多云,22,21,3,0.0,68,35
2026-05-21 13:00:43,2026-05-21,4,羽毛球馆-6号,20:30-21:30,1,1,已售/已满,教工羽毛球赛,多云,24,22,4,0.0,66,35
2026-05-21 13:30:43,2026-05-21,4,羽毛球馆-6号,20:30-21:30,1,1,已售/已满,教工羽毛球赛,多云,24,22,4,0.0,66,36
2026-05-21 14:00:48,2026-05-21,4,羽毛球馆-6号,20:30-21:30,1,1,已售/已满,教工羽毛球赛,多云,25,23,4,0.0,66,36
2026-05-21 14:30:45,2026-05-21,4,羽毛球馆-6号,20:30-21:30,1,1,已售/已满,教工羽毛球赛,晴,25,25,3,0.0,65,39
2026-05-21 15:00:45,2026-05-21,4,羽毛球馆-6号,20:30-21:30,1,1,已售/已满,教工羽毛球赛,晴,25,22,4,0.0,56,39
2026-05-21 15:30:43,2026-05-21,4,羽毛球馆-6号,20:30-21:30,1,1,已售/已满,教工羽毛球赛,晴,25,23,4,0.0,57,40
2026-05-21 16:00:51,2026-05-21,4,羽毛球馆-6号,20:30-21:30,1,1,已售/已满,教工羽毛球赛,晴,25,23,4,0.0,57,40
2026-05-21 16:30:48,2026-05-21,4,羽毛球馆-6号,20:30-21:30,1,1,已售/已满,教工羽毛球赛,晴,25,24,3,0.0,60,39
2026-05-21 17:00:49,2026-05-21,4,羽毛球馆-6号,20:30-21:30,1,1,已售/已满,教工羽毛球赛,晴,25,24,4,0.0,61,39
2026-05-21 17:30:47,2026-05-21,4,羽毛球馆-6号,20:30-21:30,1,1,已售/已满,教工羽毛球赛,多云,24,23,3,0.0,64,39
2026-05-21 18:00:50,2026-05-21,4,羽毛球馆-6号,20:30-21:30,1,1,已售/已满,教工羽毛球赛,多云,24,23,3,0.0,68,39
2026-05-21 18:30:50,2026-05-21,4,羽毛球馆-6号,20:30-21:30,1,1,已售/已满,教工羽毛球赛,阴,24,25,2,0.0,68,40
2026-05-21 19:00:50,2026-05-21,4,羽毛球馆-6号,20:30-21:30,1,1,已售/已满,教工羽毛球赛,阴,23,23,3,0.0,76,40
2026-05-21 19:30:46,2026-05-21,4,羽毛球馆-6号,20:30-21:30,1,1,已售/已满,教工羽毛球赛,阴,23,24,2,0.0,77,39
2026-05-21 20:00:49,2026-05-21,4,羽毛球馆-6号,20:30-21:30,1,1,已售/已满,教工羽毛球赛,雾,22,23,2,0.0,89,39
2026-05-21 20:30:44,2026-05-21,4,羽毛球馆-6号,20:30-21:30,1,1,已售/已满,教工羽毛球赛,雾,22,24,2,0.0,93,43
2026-05-21 21:00:56,2026-05-21,4,羽毛球馆-6号,20:30-21:30,1,1,已售/已满,教工羽毛球赛,雾,20,21,2,0.0,98,43
2026-05-21 21:30:46,2026-05-21,4,羽毛球馆-6号,20:30-21:30,1,1,已售/已满,教工羽毛球赛,雾,20,22,1,0.0,99,41
2026-05-21 22:01:02,2026-05-21,4,羽毛球馆-6号,20:30-21:30,1,1,已售/已满,教工羽毛球赛,雾,19,20,2,0.0,93,41
2026-05-21 22:30:47,2026-05-21,4,羽毛球馆-6号,20:30-21:30,1,1,已售/已满,教工羽毛球赛,雾,19,19,3,0.0,88,46
2026-05-21 23:00:56,2026-05-21,4,羽毛球馆-6号,20:30-21:30,1,1,已售/已满,教工羽毛球赛,多云,18,17,3,0.0,85,46
2026-05-21 23:30:55,2026-05-21,4,羽毛球馆-6号,20:30-21:30,1,1,已售/已满,教工羽毛球赛,多云,18,17,3,0.0,85,48
2026-05-21 00:30:49,2026-05-21,4,羽毛球馆-7号,07:00-08:00,0,1,可预约,￥0.0,多云,15,13,3,0.0,100,26
2026-05-21 01:00:55,2026-05-21,4,羽毛球馆-7号,07:00-08:00,0,1,可预约,￥0.0,多云,15,12,4,0.0,100,26
2026-05-21 01:30:47,2026-05-21,4,羽毛球馆-7号,07:00-08:00,0,1,可预约,￥0.0,多云,15,13,4,0.0,100,28
2026-05-21 02:00:53,2026-05-21,4,羽毛球馆-7号,07:00-08:00,0,1,可预约,￥0.0,多云,15,12,4,0.0,100,28
2026-05-21 02:30:49,2026-05-21,4,羽毛球馆-7号,07:00-08:00,0,1,可预约,￥0.0,多云,15,14,3,0.0,100,29
2026-05-21 03:00:55,2026-05-21,4,羽毛球馆-7号,07:00-08:00,0,1,可预约,￥0.0,多云,15,12,4,0.0,100,29
2026-05-21 03:30:49,2026-05-21,4,羽毛球馆-7号,07:00-08:00,0,1,可预约,￥0.0,多云,15,14,3,0.0,100,30
2026-05-21 04:30:45,2026-05-21,4,羽毛球馆-7号,07:00-08:00,0,1,可预约,￥0.0,多云,15,12,4,0.0,100,29
2026-05-21 05:00:52,2026-05-21,4,羽毛球馆-7号,07:00-08:00,0,1,可预约,￥0.0,多云,15,12,4,0.0,100,29
2026-05-21 05:30:49,2026-05-21,4,羽毛球馆-7号,07:00-08:00,0,1,可预约,￥0.0,多云,15,13,3,0.0,100,28
2026-05-21 06:00:50,2026-05-21,4,羽毛球馆-7号,07:00-08:00,0,1,可预约,￥0.0,多云,15,13,4,0.0,99,28
2026-05-21 06:30:38,2026-05-21,4,羽毛球馆-7号,07:00-08:00,0,1,可预约,￥0.0,多云,15,13,3,0.0,97,28
2026-05-21 07:00:43,2026-05-21,4,羽毛球馆-7号,07:00-08:00,0,1,可预约,￥0.0,晴,15,11,5,0.0,93,28
2026-05-21 07:30:39,2026-05-21,4,羽毛球馆-7号,07:00-08:00,0,1,可预约,￥0.0,晴,17,13,4,0.0,89,29
2026-05-21 07:50:40,2026-05-21,4,羽毛球馆-7号,07:00-08:00,0,1,可预约,￥0.0,晴,17,13,4,0.0,88,29
2026-05-21 07:53:31,2026-05-21,4,羽毛球馆-7号,07:00-08:00,0,1,可预约,￥0.0,晴,17,12,5,0.0,86,29
2026-05-21 07:56:31,2026-05-21,4,羽毛球馆-7号,07:00-08:00,0,1,可预约,￥0.0,晴,17,12,5,0.0,86,29
2026-05-21 07:59:26,2026-05-21,4,羽毛球馆-7号,07:00-08:00,0,1,可预约,￥0.0,晴,17,12,5,0.0,86,29
2026-05-21 08:00:45,2026-05-21,4,羽毛球馆-7号,07:00-08:00,0,1,不开放/已过期,,晴,17,12,5,0.0,86,29
2026-05-21 08:02:30,2026-05-21,4,羽毛球馆-7号,07:00-08:00,0,1,不开放/已过期,,多云,17,12,5,0.0,87,29
2026-05-21 08:05:36,2026-05-21,4,羽毛球馆-7号,07:00-08:00,0,1,不开放/已过期,,多云,17,12,5,0.0,86,29
2026-05-21 08:08:31,2026-05-21,4,羽毛球馆-7号,07:00-08:00,0,1,不开放/已过期,,多云,17,12,5,0.0,86,29
2026-05-21 08:11:30,2026-05-21,4,羽毛球馆-7号,07:00-08:00,0,1,不开放/已过期,,多云,17,12,5,0.0,86,29
2026-05-21 08:14:31,2026-05-21,4,羽毛球馆-7号,07:00-08:00,0,1,不开放/已过期,,多云,17,12,5,0.0,86,29
2026-05-21 08:17:30,2026-05-21,4,羽毛球馆-7号,07:00-08:00,0,1,不开放/已过期,,多云,17,12,5,0.0,86,29
2026-05-21 08:20:35,2026-05-21,4,羽毛球馆-7号,07:00-08:00,0,1,不开放/已过期,,多云,17,14,4,0.0,85,29
2026-05-21 08:25:32,2026-05-21,4,羽毛球馆-7号,07:00-08:00,0,1,不开放/已过期,,多云,17,14,4,0.0,85,28
2026-05-21 08:30:42,2026-05-21,4,羽毛球馆-7号,07:00-08:00,0,1,不开放/已过期,,多云,18,15,4,0.0,84,28
2026-05-21 08:35:31,2026-05-21,4,羽毛球馆-7号,07:00-08:00,0,1,不开放/已过期,,多云,18,15,4,0.0,84,28
2026-05-21 08:40:38,2026-05-21,4,羽毛球馆-7号,07:00-08:00,0,1,不开放/已过期,,多云,18,15,4,0.0,82,28
2026-05-21 08:45:33,2026-05-21,4,羽毛球馆-7号,07:00-08:00,0,1,不开放/已过期,,多云,18,15,4,0.0,82,28
2026-05-21 08:50:36,2026-05-21,4,羽毛球馆-7号,07:00-08:00,0,1,不开放/已过期,,多云,18,15,4,0.0,82,28
2026-05-21 08:55:34,2026-05-21,4,羽毛球馆-7号,07:00-08:00,0,1,不开放/已过期,,多云,18,15,4,0.0,84,28
2026-05-21 09:00:51,2026-05-21,4,羽毛球馆-7号,07:00-08:00,0,1,不开放/已过期,,多云,18,15,4,0.0,84,28
2026-05-21 09:01:59,2026-05-21,4,羽毛球馆-7号,07:00-08:00,0,1,不开放/已过期,,多云,18,15,4,0.0,83,28
2026-05-21 09:05:33,2026-05-21,4,羽毛球馆-7号,07:00-08:00,0,1,不开放/已过期,,多云,18,15,4,0.0,83,28
2026-05-21 09:20:38,2026-05-21,4,羽毛球馆-7号,07:00-08:00,0,1,不开放/已过期,,多云,18,16,3,0.0,81,28
2026-05-21 09:30:46,2026-05-21,4,羽毛球馆-7号,07:00-08:00,0,1,不开放/已过期,,多云,18,16,3,0.0,81,32
2026-05-21 09:40:36,2026-05-21,4,羽毛球馆-7号,07:00-08:00,0,1,不开放/已过期,,多云,19,17,3,0.0,79,32
2026-05-21 09:50:42,2026-05-21,4,羽毛球馆-7号,07:00-08:00,0,1,不开放/已过期,,多云,19,17,4,0.0,81,32
2026-05-21 10:00:46,2026-05-21,4,羽毛球馆-7号,07:00-08:00,0,1,不开放/已过期,,多云,19,17,4,0.0,79,32
2026-05-21 10:10:40,2026-05-21,4,羽毛球馆-7号,07:00-08:00,0,1,不开放/已过期,,多云,19,17,4,0.0,79,32
2026-05-21 10:20:38,2026-05-21,4,羽毛球馆-7号,07:00-08:00,0,1,不开放/已过期,,多云,19,17,4,0.0,79,32
2026-05-21 10:30:41,2026-05-21,4,羽毛球馆-7号,07:00-08:00,0,1,不开放/已过期,,多云,19,18,3,0.0,78,31
2026-05-21 11:00:44,2026-05-21,4,羽毛球馆-7号,07:00-08:00,0,1,不开放/已过期,,多云,21,17,5,0.0,74,31
2026-05-21 11:30:38,2026-05-21,4,羽毛球馆-7号,07:00-08:00,0,1,不开放/已过期,,多云,21,19,3,0.0,72,33
2026-05-21 12:00:46,2026-05-21,4,羽毛球馆-7号,07:00-08:00,0,1,不开放/已过期,,多云,22,19,4,0.0,70,33
2026-05-21 12:30:42,2026-05-21,4,羽毛球馆-7号,07:00-08:00,0,1,不开放/已过期,,多云,22,21,3,0.0,68,35
2026-05-21 13:00:43,2026-05-21,4,羽毛球馆-7号,07:00-08:00,0,1,不开放/已过期,,多云,24,22,4,0.0,66,35
2026-05-21 13:30:43,2026-05-21,4,羽毛球馆-7号,07:00-08:00,0,1,不开放/已过期,,多云,24,22,4,0.0,66,36
2026-05-21 14:00:48,2026-05-21,4,羽毛球馆-7号,07:00-08:00,0,1,不开放/已过期,,多云,25,23,4,0.0,66,36
2026-05-21 14:30:45,2026-05-21,4,羽毛球馆-7号,07:00-08:00,0,1,不开放/已过期,,晴,25,25,3,0.0,65,39
2026-05-21 15:00:45,2026-05-21,4,羽毛球馆-7号,07:00-08:00,0,1,不开放/已过期,,晴,25,22,4,0.0,56,39
2026-05-21 15:30:43,2026-05-21,4,羽毛球馆-7号,07:00-08:00,0,1,不开放/已过期,,晴,25,23,4,0.0,57,40
2026-05-21 16:00:51,2026-05-21,4,羽毛球馆-7号,07:00-08:00,0,1,不开放/已过期,,晴,25,23,4,0.0,57,40
2026-05-21 16:30:48,2026-05-21,4,羽毛球馆-7号,07:00-08:00,0,1,不开放/已过期,,晴,25,24,3,0.0,60,39
2026-05-21 17:00:49,2026-05-21,4,羽毛球馆-7号,07:00-08:00,0,1,不开放/已过期,,晴,25,24,4,0.0,61,39
2026-05-21 17:30:47,2026-05-21,4,羽毛球馆-7号,07:00-08:00,0,1,不开放/已过期,,多云,24,23,3,0.0,64,39
2026-05-21 18:00:50,2026-05-21,4,羽毛球馆-7号,07:00-08:00,0,1,不开放/已过期,,多云,24,23,3,0.0,68,39
2026-05-21 18:30:50,2026-05-21,4,羽毛球馆-7号,07:00-08:00,0,1,不开放/已过期,,阴,24,25,2,0.0,68,40
2026-05-21 19:00:50,2026-05-21,4,羽毛球馆-7号,07:00-08:00,0,1,不开放/已过期,,阴,23,23,3,0.0,76,40
2026-05-21 19:30:46,2026-05-21,4,羽毛球馆-7号,07:00-08:00,0,1,不开放/已过期,,阴,23,24,2,0.0,77,39
2026-05-21 20:00:49,2026-05-21,4,羽毛球馆-7号,07:00-08:00,0,1,不开放/已过期,,雾,22,23,2,0.0,89,39
2026-05-21 20:30:44,2026-05-21,4,羽毛球馆-7号,07:00-08:00,0,1,不开放/已过期,,雾,22,24,2,0.0,93,43
2026-05-21 21:00:56,2026-05-21,4,羽毛球馆-7号,07:00-08:00,0,1,不开放/已过期,,雾,20,21,2,0.0,98,43
2026-05-21 21:30:46,2026-05-21,4,羽毛球馆-7号,07:00-08:00,0,1,不开放/已过期,,雾,20,22,1,0.0,99,41
2026-05-21 22:01:02,2026-05-21,4,羽毛球馆-7号,07:00-08:00,0,1,不开放/已过期,,雾,19,20,2,0.0,93,41
2026-05-21 22:30:47,2026-05-21,4,羽毛球馆-7号,07:00-08:00,0,1,不开放/已过期,,雾,19,19,3,0.0,88,46
2026-05-21 23:00:56,2026-05-21,4,羽毛球馆-7号,07:00-08:00,0,1,不开放/已过期,,多云,18,17,3,0.0,85,46
2026-05-21 23:30:55,2026-05-21,4,羽毛球馆-7号,07:00-08:00,0,1,不开放/已过期,,多云,18,17,3,0.0,85,48
2026-05-21 00:30:49,2026-05-21,4,羽毛球馆-7号,08:00-09:00,1,1,已售/已满,已售,多云,15,13,3,0.0,100,26
2026-05-21 01:00:55,2026-05-21,4,羽毛球馆-7号,08:00-09:00,1,1,已售/已满,已售,多云,15,12,4,0.0,100,26
2026-05-21 01:30:47,2026-05-21,4,羽毛球馆-7号,08:00-09:00,1,1,已售/已满,已售,多云,15,13,4,0.0,100,28
2026-05-21 02:00:53,2026-05-21,4,羽毛球馆-7号,08:00-09:00,1,1,已售/已满,已售,多云,15,12,4,0.0,100,28
2026-05-21 02:30:49,2026-05-21,4,羽毛球馆-7号,08:00-09:00,1,1,已售/已满,已售,多云,15,14,3,0.0,100,29
2026-05-21 03:00:55,2026-05-21,4,羽毛球馆-7号,08:00-09:00,1,1,已售/已满,已售,多云,15,12,4,0.0,100,29
2026-05-21 03:30:49,2026-05-21,4,羽毛球馆-7号,08:00-09:00,1,1,已售/已满,已售,多云,15,14,3,0.0,100,30
2026-05-21 04:30:45,2026-05-21,4,羽毛球馆-7号,08:00-09:00,1,1,已售/已满,已售,多云,15,12,4,0.0,100,29
2026-05-21 05:00:52,2026-05-21,4,羽毛球馆-7号,08:00-09:00,1,1,已售/已满,已售,多云,15,12,4,0.0,100,29
2026-05-21 05:30:49,2026-05-21,4,羽毛球馆-7号,08:00-09:00,1,1,已售/已满,已售,多云,15,13,3,0.0,100,28
2026-05-21 06:00:50,2026-05-21,4,羽毛球馆-7号,08:00-09:00,1,1,已售/已满,已售,多云,15,13,4,0.0,99,28
2026-05-21 06:30:38,2026-05-21,4,羽毛球馆-7号,08:00-09:00,1,1,已售/已满,已售,多云,15,13,3,0.0,97,28
2026-05-21 07:00:43,2026-05-21,4,羽毛球馆-7号,08:00-09:00,1,1,已售/已满,已售,晴,15,11,5,0.0,93,28
2026-05-21 07:30:39,2026-05-21,4,羽毛球馆-7号,08:00-09:00,1,1,已售/已满,已售,晴,17,13,4,0.0,89,29
2026-05-21 07:50:40,2026-05-21,4,羽毛球馆-7号,08:00-09:00,1,1,已售/已满,已售,晴,17,13,4,0.0,88,29
2026-05-21 07:53:31,2026-05-21,4,羽毛球馆-7号,08:00-09:00,1,1,已售/已满,已售,晴,17,12,5,0.0,86,29
2026-05-21 07:56:31,2026-05-21,4,羽毛球馆-7号,08:00-09:00,1,1,已售/已满,已售,晴,17,12,5,0.0,86,29
2026-05-21 07:59:26,2026-05-21,4,羽毛球馆-7号,08:00-09:00,1,1,已售/已满,已售,晴,17,12,5,0.0,86,29
2026-05-21 08:00:45,2026-05-21,4,羽毛球馆-7号,08:00-09:00,1,1,已售/已满,已售,晴,17,12,5,0.0,86,29
2026-05-21 08:02:30,2026-05-21,4,羽毛球馆-7号,08:00-09:00,1,1,已售/已满,已售,多云,17,12,5,0.0,87,29
2026-05-21 08:05:36,2026-05-21,4,羽毛球馆-7号,08:00-09:00,1,1,已售/已满,已售,多云,17,12,5,0.0,86,29
2026-05-21 08:08:31,2026-05-21,4,羽毛球馆-7号,08:00-09:00,1,1,已售/已满,已售,多云,17,12,5,0.0,86,29
2026-05-21 08:11:30,2026-05-21,4,羽毛球馆-7号,08:00-09:00,1,1,已售/已满,已售,多云,17,12,5,0.0,86,29
2026-05-21 08:14:31,2026-05-21,4,羽毛球馆-7号,08:00-09:00,1,1,已售/已满,已售,多云,17,12,5,0.0,86,29
2026-05-21 08:17:30,2026-05-21,4,羽毛球馆-7号,08:00-09:00,1,1,已售/已满,已售,多云,17,12,5,0.0,86,29
2026-05-21 08:20:35,2026-05-21,4,羽毛球馆-7号,08:00-09:00,1,1,已售/已满,已售,多云,17,14,4,0.0,85,29
2026-05-21 08:25:32,2026-05-21,4,羽毛球馆-7号,08:00-09:00,1,1,已售/已满,已售,多云,17,14,4,0.0,85,28
2026-05-21 08:30:42,2026-05-21,4,羽毛球馆-7号,08:00-09:00,1,1,已售/已满,已售,多云,18,15,4,0.0,84,28
2026-05-21 08:35:31,2026-05-21,4,羽毛球馆-7号,08:00-09:00,1,1,已售/已满,已售,多云,18,15,4,0.0,84,28
2026-05-21 08:40:38,2026-05-21,4,羽毛球馆-7号,08:00-09:00,1,1,已售/已满,已售,多云,18,15,4,0.0,82,28
2026-05-21 08:45:33,2026-05-21,4,羽毛球馆-7号,08:00-09:00,1,1,已售/已满,已售,多云,18,15,4,0.0,82,28
2026-05-21 08:50:36,2026-05-21,4,羽毛球馆-7号,08:00-09:00,1,1,已售/已满,已售,多云,18,15,4,0.0,82,28
2026-05-21 08:55:34,2026-05-21,4,羽毛球馆-7号,08:00-09:00,1,1,已售/已满,已售,多云,18,15,4,0.0,84,28
2026-05-21 09:00:51,2026-05-21,4,羽毛球馆-7号,08:00-09:00,1,1,已售/已满,已售,多云,18,15,4,0.0,84,28
2026-05-21 09:01:59,2026-05-21,4,羽毛球馆-7号,08:00-09:00,1,1,已售/已满,已售,多云,18,15,4,0.0,83,28
2026-05-21 09:05:33,2026-05-21,4,羽毛球馆-7号,08:00-09:00,1,1,已售/已满,已售,多云,18,15,4,0.0,83,28
2026-05-21 09:20:38,2026-05-21,4,羽毛球馆-7号,08:00-09:00,1,1,已售/已满,已售,多云,18,16,3,0.0,81,28
2026-05-21 09:30:46,2026-05-21,4,羽毛球馆-7号,08:00-09:00,1,1,已售/已满,已售,多云,18,16,3,0.0,81,32
2026-05-21 09:40:36,2026-05-21,4,羽毛球馆-7号,08:00-09:00,1,1,已售/已满,已售,多云,19,17,3,0.0,79,32
2026-05-21 09:50:42,2026-05-21,4,羽毛球馆-7号,08:00-09:00,1,1,已售/已满,已售,多云,19,17,4,0.0,81,32
2026-05-21 10:00:46,2026-05-21,4,羽毛球馆-7号,08:00-09:00,1,1,已售/已满,已售,多云,19,17,4,0.0,79,32
2026-05-21 10:10:40,2026-05-21,4,羽毛球馆-7号,08:00-09:00,1,1,已售/已满,已售,多云,19,17,4,0.0,79,32
2026-05-21 10:20:38,2026-05-21,4,羽毛球馆-7号,08:00-09:00,1,1,已售/已满,已售,多云,19,17,4,0.0,79,32
2026-05-21 10:30:41,2026-05-21,4,羽毛球馆-7号,08:00-09:00,1,1,已售/已满,已售,多云,19,18,3,0.0,78,31
2026-05-21 11:00:44,2026-05-21,4,羽毛球馆-7号,08:00-09:00,1,1,已售/已满,已售,多云,21,17,5,0.0,74,31
2026-05-21 11:30:38,2026-05-21,4,羽毛球馆-7号,08:00-09:00,1,1,已售/已满,已售,多云,21,19,3,0.0,72,33
2026-05-21 12:00:46,2026-05-21,4,羽毛球馆-7号,08:00-09:00,1,1,已售/已满,已售,多云,22,19,4,0.0,70,33
2026-05-21 12:30:42,2026-05-21,4,羽毛球馆-7号,08:00-09:00,1,1,已售/已满,已售,多云,22,21,3,0.0,68,35
2026-05-21 13:00:43,2026-05-21,4,羽毛球馆-7号,08:00-09:00,1,1,已售/已满,已售,多云,24,22,4,0.0,66,35
2026-05-21 13:30:43,2026-05-21,4,羽毛球馆-7号,08:00-09:00,1,1,已售/已满,已售,多云,24,22,4,0.0,66,36
2026-05-21 14:00:48,2026-05-21,4,羽毛球馆-7号,08:00-09:00,1,1,已售/已满,已售,多云,25,23,4,0.0,66,36
2026-05-21 14:30:45,2026-05-21,4,羽毛球馆-7号,08:00-09:00,1,1,已售/已满,已售,晴,25,25,3,0.0,65,39
2026-05-21 15:00:45,2026-05-21,4,羽毛球馆-7号,08:00-09:00,1,1,已售/已满,已售,晴,25,22,4,0.0,56,39
2026-05-21 15:30:43,2026-05-21,4,羽毛球馆-7号,08:00-09:00,1,1,已售/已满,已售,晴,25,23,4,0.0,57,40
2026-05-21 16:00:51,2026-05-21,4,羽毛球馆-7号,08:00-09:00,1,1,已售/已满,已售,晴,25,23,4,0.0,57,40
2026-05-21 16:30:48,2026-05-21,4,羽毛球馆-7号,08:00-09:00,1,1,已售/已满,已售,晴,25,24,3,0.0,60,39
2026-05-21 17:00:49,2026-05-21,4,羽毛球馆-7号,08:00-09:00,1,1,已售/已满,已售,晴,25,24,4,0.0,61,39
2026-05-21 17:30:47,2026-05-21,4,羽毛球馆-7号,08:00-09:00,1,1,已售/已满,已售,多云,24,23,3,0.0,64,39
2026-05-21 18:00:50,2026-05-21,4,羽毛球馆-7号,08:00-09:00,1,1,已售/已满,已售,多云,24,23,3,0.0,68,39
2026-05-21 18:30:50,2026-05-21,4,羽毛球馆-7号,08:00-09:00,1,1,已售/已满,已售,阴,24,25,2,0.0,68,40
2026-05-21 19:00:50,2026-05-21,4,羽毛球馆-7号,08:00-09:00,1,1,已售/已满,已售,阴,23,23,3,0.0,76,40
2026-05-21 19:30:46,2026-05-21,4,羽毛球馆-7号,08:00-09:00,1,1,已售/已满,已售,阴,23,24,2,0.0,77,39
2026-05-21 20:00:49,2026-05-21,4,羽毛球馆-7号,08:00-09:00,1,1,已售/已满,已售,雾,22,23,2,0.0,89,39
2026-05-21 20:30:44,2026-05-21,4,羽毛球馆-7号,08:00-09:00,1,1,已售/已满,已售,雾,22,24,2,0.0,93,43
2026-05-21 21:00:56,2026-05-21,4,羽毛球馆-7号,08:00-09:00,1,1,已售/已满,已售,雾,20,21,2,0.0,98,43
2026-05-21 21:30:46,2026-05-21,4,羽毛球馆-7号,08:00-09:00,1,1,已售/已满,已售,雾,20,22,1,0.0,99,41
2026-05-21 22:01:02,2026-05-21,4,羽毛球馆-7号,08:00-09:00,1,1,已售/已满,已售,雾,19,20,2,0.0,93,41
2026-05-21 22:30:47,2026-05-21,4,羽毛球馆-7号,08:00-09:00,1,1,已售/已满,已售,雾,19,19,3,0.0,88,46
2026-05-21 23:00:56,2026-05-21,4,羽毛球馆-7号,08:00-09:00,1,1,已售/已满,已售,多云,18,17,3,0.0,85,46
2026-05-21 23:30:55,2026-05-21,4,羽毛球馆-7号,08:00-09:00,1,1,已售/已满,已售,多云,18,17,3,0.0,85,48
2026-05-21 00:30:49,2026-05-21,4,羽毛球馆-7号,09:00-10:00,0,1,可预约,￥12.0,多云,15,13,3,0.0,100,26
2026-05-21 01:00:55,2026-05-21,4,羽毛球馆-7号,09:00-10:00,0,1,可预约,￥12.0,多云,15,12,4,0.0,100,26
2026-05-21 01:30:47,2026-05-21,4,羽毛球馆-7号,09:00-10:00,0,1,可预约,￥12.0,多云,15,13,4,0.0,100,28
2026-05-21 02:00:53,2026-05-21,4,羽毛球馆-7号,09:00-10:00,0,1,可预约,￥12.0,多云,15,12,4,0.0,100,28
2026-05-21 02:30:49,2026-05-21,4,羽毛球馆-7号,09:00-10:00,0,1,可预约,￥12.0,多云,15,14,3,0.0,100,29
2026-05-21 03:00:55,2026-05-21,4,羽毛球馆-7号,09:00-10:00,0,1,可预约,￥12.0,多云,15,12,4,0.0,100,29
2026-05-21 03:30:49,2026-05-21,4,羽毛球馆-7号,09:00-10:00,0,1,可预约,￥12.0,多云,15,14,3,0.0,100,30
2026-05-21 04:30:45,2026-05-21,4,羽毛球馆-7号,09:00-10:00,0,1,可预约,￥12.0,多云,15,12,4,0.0,100,29
2026-05-21 05:00:52,2026-05-21,4,羽毛球馆-7号,09:00-10:00,0,1,可预约,￥12.0,多云,15,12,4,0.0,100,29
2026-05-21 05:30:49,2026-05-21,4,羽毛球馆-7号,09:00-10:00,0,1,可预约,￥12.0,多云,15,13,3,0.0,100,28
2026-05-21 06:00:50,2026-05-21,4,羽毛球馆-7号,09:00-10:00,0,1,可预约,￥12.0,多云,15,13,4,0.0,99,28
2026-05-21 06:30:38,2026-05-21,4,羽毛球馆-7号,09:00-10:00,0,1,可预约,￥12.0,多云,15,13,3,0.0,97,28
2026-05-21 07:00:43,2026-05-21,4,羽毛球馆-7号,09:00-10:00,0,1,可预约,￥12.0,晴,15,11,5,0.0,93,28
2026-05-21 07:30:39,2026-05-21,4,羽毛球馆-7号,09:00-10:00,0,1,可预约,￥12.0,晴,17,13,4,0.0,89,29
2026-05-21 07:50:40,2026-05-21,4,羽毛球馆-7号,09:00-10:00,0,1,可预约,￥12.0,晴,17,13,4,0.0,88,29
2026-05-21 07:53:31,2026-05-21,4,羽毛球馆-7号,09:00-10:00,0,1,可预约,￥12.0,晴,17,12,5,0.0,86,29
2026-05-21 07:56:31,2026-05-21,4,羽毛球馆-7号,09:00-10:00,0,1,可预约,￥12.0,晴,17,12,5,0.0,86,29
2026-05-21 07:59:26,2026-05-21,4,羽毛球馆-7号,09:00-10:00,0,1,可预约,￥12.0,晴,17,12,5,0.0,86,29
2026-05-21 08:00:45,2026-05-21,4,羽毛球馆-7号,09:00-10:00,0,1,可预约,￥12.0,晴,17,12,5,0.0,86,29
2026-05-21 08:02:30,2026-05-21,4,羽毛球馆-7号,09:00-10:00,0,1,可预约,￥12.0,多云,17,12,5,0.0,87,29
2026-05-21 08:05:36,2026-05-21,4,羽毛球馆-7号,09:00-10:00,0,1,可预约,￥12.0,多云,17,12,5,0.0,86,29
2026-05-21 08:08:31,2026-05-21,4,羽毛球馆-7号,09:00-10:00,0,1,可预约,￥12.0,多云,17,12,5,0.0,86,29
2026-05-21 08:11:30,2026-05-21,4,羽毛球馆-7号,09:00-10:00,0,1,可预约,￥12.0,多云,17,12,5,0.0,86,29
2026-05-21 08:14:31,2026-05-21,4,羽毛球馆-7号,09:00-10:00,0,1,可预约,￥12.0,多云,17,12,5,0.0,86,29
2026-05-21 08:17:30,2026-05-21,4,羽毛球馆-7号,09:00-10:00,0,1,可预约,￥12.0,多云,17,12,5,0.0,86,29
2026-05-21 08:20:35,2026-05-21,4,羽毛球馆-7号,09:00-10:00,0,1,可预约,￥12.0,多云,17,14,4,0.0,85,29
2026-05-21 08:25:32,2026-05-21,4,羽毛球馆-7号,09:00-10:00,0,1,可预约,￥12.0,多云,17,14,4,0.0,85,28
2026-05-21 08:30:42,2026-05-21,4,羽毛球馆-7号,09:00-10:00,0,1,可预约,￥12.0,多云,18,15,4,0.0,84,28
2026-05-21 08:35:31,2026-05-21,4,羽毛球馆-7号,09:00-10:00,0,1,可预约,￥12.0,多云,18,15,4,0.0,84,28
2026-05-21 08:40:38,2026-05-21,4,羽毛球馆-7号,09:00-10:00,0,1,可预约,￥12.0,多云,18,15,4,0.0,82,28
2026-05-21 08:45:33,2026-05-21,4,羽毛球馆-7号,09:00-10:00,0,1,可预约,￥12.0,多云,18,15,4,0.0,82,28
2026-05-21 08:50:36,2026-05-21,4,羽毛球馆-7号,09:00-10:00,0,1,可预约,￥12.0,多云,18,15,4,0.0,82,28
2026-05-21 08:55:34,2026-05-21,4,羽毛球馆-7号,09:00-10:00,0,1,可预约,￥12.0,多云,18,15,4,0.0,84,28
2026-05-21 09:00:51,2026-05-21,4,羽毛球馆-7号,09:00-10:00,0,1,可预约,￥12.0,多云,18,15,4,0.0,84,28
2026-05-21 09:01:59,2026-05-21,4,羽毛球馆-7号,09:00-10:00,0,1,可预约,￥12.0,多云,18,15,4,0.0,83,28
2026-05-21 09:05:33,2026-05-21,4,羽毛球馆-7号,09:00-10:00,0,1,可预约,￥12.0,多云,18,15,4,0.0,83,28
2026-05-21 09:20:38,2026-05-21,4,羽毛球馆-7号,09:00-10:00,0,1,可预约,￥12.0,多云,18,16,3,0.0,81,28
2026-05-21 09:30:46,2026-05-21,4,羽毛球馆-7号,09:00-10:00,0,1,可预约,￥12.0,多云,18,16,3,0.0,81,32
2026-05-21 09:40:36,2026-05-21,4,羽毛球馆-7号,09:00-10:00,0,1,可预约,￥12.0,多云,19,17,3,0.0,79,32
2026-05-21 09:50:42,2026-05-21,4,羽毛球馆-7号,09:00-10:00,0,1,可预约,￥12.0,多云,19,17,4,0.0,81,32
2026-05-21 10:00:46,2026-05-21,4,羽毛球馆-7号,09:00-10:00,0,1,不开放/已过期,,多云,19,17,4,0.0,79,32
2026-05-21 10:10:40,2026-05-21,4,羽毛球馆-7号,09:00-10:00,0,1,不开放/已过期,,多云,19,17,4,0.0,79,32
2026-05-21 10:20:38,2026-05-21,4,羽毛球馆-7号,09:00-10:00,0,1,不开放/已过期,,多云,19,17,4,0.0,79,32
2026-05-21 10:30:41,2026-05-21,4,羽毛球馆-7号,09:00-10:00,0,1,不开放/已过期,,多云,19,18,3,0.0,78,31
2026-05-21 11:00:44,2026-05-21,4,羽毛球馆-7号,09:00-10:00,0,1,不开放/已过期,,多云,21,17,5,0.0,74,31
2026-05-21 11:30:38,2026-05-21,4,羽毛球馆-7号,09:00-10:00,0,1,不开放/已过期,,多云,21,19,3,0.0,72,33
2026-05-21 12:00:46,2026-05-21,4,羽毛球馆-7号,09:00-10:00,0,1,不开放/已过期,,多云,22,19,4,0.0,70,33
2026-05-21 12:30:42,2026-05-21,4,羽毛球馆-7号,09:00-10:00,0,1,不开放/已过期,,多云,22,21,3,0.0,68,35
2026-05-21 13:00:43,2026-05-21,4,羽毛球馆-7号,09:00-10:00,0,1,不开放/已过期,,多云,24,22,4,0.0,66,35
2026-05-21 13:30:43,2026-05-21,4,羽毛球馆-7号,09:00-10:00,0,1,不开放/已过期,,多云,24,22,4,0.0,66,36
2026-05-21 14:00:48,2026-05-21,4,羽毛球馆-7号,09:00-10:00,0,1,不开放/已过期,,多云,25,23,4,0.0,66,36
2026-05-21 14:30:45,2026-05-21,4,羽毛球馆-7号,09:00-10:00,0,1,不开放/已过期,,晴,25,25,3,0.0,65,39
2026-05-21 15:00:45,2026-05-21,4,羽毛球馆-7号,09:00-10:00,0,1,不开放/已过期,,晴,25,22,4,0.0,56,39
2026-05-21 15:30:43,2026-05-21,4,羽毛球馆-7号,09:00-10:00,0,1,不开放/已过期,,晴,25,23,4,0.0,57,40
2026-05-21 16:00:51,2026-05-21,4,羽毛球馆-7号,09:00-10:00,0,1,不开放/已过期,,晴,25,23,4,0.0,57,40
2026-05-21 16:30:48,2026-05-21,4,羽毛球馆-7号,09:00-10:00,0,1,不开放/已过期,,晴,25,24,3,0.0,60,39
2026-05-21 17:00:49,2026-05-21,4,羽毛球馆-7号,09:00-10:00,0,1,不开放/已过期,,晴,25,24,4,0.0,61,39
2026-05-21 17:30:47,2026-05-21,4,羽毛球馆-7号,09:00-10:00,0,1,不开放/已过期,,多云,24,23,3,0.0,64,39
2026-05-21 18:00:50,2026-05-21,4,羽毛球馆-7号,09:00-10:00,0,1,不开放/已过期,,多云,24,23,3,0.0,68,39
2026-05-21 18:30:50,2026-05-21,4,羽毛球馆-7号,09:00-10:00,0,1,不开放/已过期,,阴,24,25,2,0.0,68,40
2026-05-21 19:00:50,2026-05-21,4,羽毛球馆-7号,09:00-10:00,0,1,不开放/已过期,,阴,23,23,3,0.0,76,40
2026-05-21 19:30:46,2026-05-21,4,羽毛球馆-7号,09:00-10:00,0,1,不开放/已过期,,阴,23,24,2,0.0,77,39
2026-05-21 20:00:49,2026-05-21,4,羽毛球馆-7号,09:00-10:00,0,1,不开放/已过期,,雾,22,23,2,0.0,89,39
2026-05-21 20:30:44,2026-05-21,4,羽毛球馆-7号,09:00-10:00,0,1,不开放/已过期,,雾,22,24,2,0.0,93,43
2026-05-21 21:00:56,2026-05-21,4,羽毛球馆-7号,09:00-10:00,0,1,不开放/已过期,,雾,20,21,2,0.0,98,43
2026-05-21 21:30:46,2026-05-21,4,羽毛球馆-7号,09:00-10:00,0,1,不开放/已过期,,雾,20,22,1,0.0,99,41
2026-05-21 22:01:02,2026-05-21,4,羽毛球馆-7号,09:00-10:00,0,1,不开放/已过期,,雾,19,20,2,0.0,93,41
2026-05-21 22:30:47,2026-05-21,4,羽毛球馆-7号,09:00-10:00,0,1,不开放/已过期,,雾,19,19,3,0.0,88,46
2026-05-21 23:00:56,2026-05-21,4,羽毛球馆-7号,09:00-10:00,0,1,不开放/已过期,,多云,18,17,3,0.0,85,46
2026-05-21 23:30:55,2026-05-21,4,羽毛球馆-7号,09:00-10:00,0,1,不开放/已过期,,多云,18,17,3,0.0,85,48
2026-05-21 00:30:49,2026-05-21,4,羽毛球馆-7号,10:00-11:00,1,1,已售/已满,教学时间,多云,15,13,3,0.0,100,26
2026-05-21 01:00:55,2026-05-21,4,羽毛球馆-7号,10:00-11:00,1,1,已售/已满,教学时间,多云,15,12,4,0.0,100,26
2026-05-21 01:30:47,2026-05-21,4,羽毛球馆-7号,10:00-11:00,1,1,已售/已满,教学时间,多云,15,13,4,0.0,100,28
2026-05-21 02:00:53,2026-05-21,4,羽毛球馆-7号,10:00-11:00,1,1,已售/已满,教学时间,多云,15,12,4,0.0,100,28
2026-05-21 02:30:49,2026-05-21,4,羽毛球馆-7号,10:00-11:00,1,1,已售/已满,教学时间,多云,15,14,3,0.0,100,29
2026-05-21 03:00:55,2026-05-21,4,羽毛球馆-7号,10:00-11:00,1,1,已售/已满,教学时间,多云,15,12,4,0.0,100,29
2026-05-21 03:30:49,2026-05-21,4,羽毛球馆-7号,10:00-11:00,1,1,已售/已满,教学时间,多云,15,14,3,0.0,100,30
2026-05-21 04:30:45,2026-05-21,4,羽毛球馆-7号,10:00-11:00,1,1,已售/已满,教学时间,多云,15,12,4,0.0,100,29
2026-05-21 05:00:52,2026-05-21,4,羽毛球馆-7号,10:00-11:00,1,1,已售/已满,教学时间,多云,15,12,4,0.0,100,29
2026-05-21 05:30:49,2026-05-21,4,羽毛球馆-7号,10:00-11:00,1,1,已售/已满,教学时间,多云,15,13,3,0.0,100,28
2026-05-21 06:00:50,2026-05-21,4,羽毛球馆-7号,10:00-11:00,1,1,已售/已满,教学时间,多云,15,13,4,0.0,99,28
2026-05-21 06:30:38,2026-05-21,4,羽毛球馆-7号,10:00-11:00,1,1,已售/已满,教学时间,多云,15,13,3,0.0,97,28
2026-05-21 07:00:43,2026-05-21,4,羽毛球馆-7号,10:00-11:00,1,1,已售/已满,教学时间,晴,15,11,5,0.0,93,28
2026-05-21 07:30:39,2026-05-21,4,羽毛球馆-7号,10:00-11:00,1,1,已售/已满,教学时间,晴,17,13,4,0.0,89,29
2026-05-21 07:50:40,2026-05-21,4,羽毛球馆-7号,10:00-11:00,1,1,已售/已满,教学时间,晴,17,13,4,0.0,88,29
2026-05-21 07:53:31,2026-05-21,4,羽毛球馆-7号,10:00-11:00,1,1,已售/已满,教学时间,晴,17,12,5,0.0,86,29
2026-05-21 07:56:31,2026-05-21,4,羽毛球馆-7号,10:00-11:00,1,1,已售/已满,教学时间,晴,17,12,5,0.0,86,29
2026-05-21 07:59:26,2026-05-21,4,羽毛球馆-7号,10:00-11:00,1,1,已售/已满,教学时间,晴,17,12,5,0.0,86,29
2026-05-21 08:00:45,2026-05-21,4,羽毛球馆-7号,10:00-11:00,1,1,已售/已满,教学时间,晴,17,12,5,0.0,86,29
2026-05-21 08:02:30,2026-05-21,4,羽毛球馆-7号,10:00-11:00,1,1,已售/已满,教学时间,多云,17,12,5,0.0,87,29
2026-05-21 08:05:36,2026-05-21,4,羽毛球馆-7号,10:00-11:00,1,1,已售/已满,教学时间,多云,17,12,5,0.0,86,29
2026-05-21 08:08:31,2026-05-21,4,羽毛球馆-7号,10:00-11:00,1,1,已售/已满,教学时间,多云,17,12,5,0.0,86,29
2026-05-21 08:11:30,2026-05-21,4,羽毛球馆-7号,10:00-11:00,1,1,已售/已满,教学时间,多云,17,12,5,0.0,86,29
2026-05-21 08:14:31,2026-05-21,4,羽毛球馆-7号,10:00-11:00,1,1,已售/已满,教学时间,多云,17,12,5,0.0,86,29
2026-05-21 08:17:30,2026-05-21,4,羽毛球馆-7号,10:00-11:00,1,1,已售/已满,教学时间,多云,17,12,5,0.0,86,29
2026-05-21 08:20:35,2026-05-21,4,羽毛球馆-7号,10:00-11:00,1,1,已售/已满,教学时间,多云,17,14,4,0.0,85,29
2026-05-21 08:25:32,2026-05-21,4,羽毛球馆-7号,10:00-11:00,1,1,已售/已满,教学时间,多云,17,14,4,0.0,85,28
2026-05-21 08:30:42,2026-05-21,4,羽毛球馆-7号,10:00-11:00,1,1,已售/已满,教学时间,多云,18,15,4,0.0,84,28
2026-05-21 08:35:31,2026-05-21,4,羽毛球馆-7号,10:00-11:00,1,1,已售/已满,教学时间,多云,18,15,4,0.0,84,28
2026-05-21 08:40:38,2026-05-21,4,羽毛球馆-7号,10:00-11:00,1,1,已售/已满,教学时间,多云,18,15,4,0.0,82,28
2026-05-21 08:45:33,2026-05-21,4,羽毛球馆-7号,10:00-11:00,1,1,已售/已满,教学时间,多云,18,15,4,0.0,82,28
2026-05-21 08:50:36,2026-05-21,4,羽毛球馆-7号,10:00-11:00,1,1,已售/已满,教学时间,多云,18,15,4,0.0,82,28
2026-05-21 08:55:34,2026-05-21,4,羽毛球馆-7号,10:00-11:00,1,1,已售/已满,教学时间,多云,18,15,4,0.0,84,28
2026-05-21 09:00:51,2026-05-21,4,羽毛球馆-7号,10:00-11:00,1,1,已售/已满,教学时间,多云,18,15,4,0.0,84,28
2026-05-21 09:01:59,2026-05-21,4,羽毛球馆-7号,10:00-11:00,1,1,已售/已满,教学时间,多云,18,15,4,0.0,83,28
2026-05-21 09:05:33,2026-05-21,4,羽毛球馆-7号,10:00-11:00,1,1,已售/已满,教学时间,多云,18,15,4,0.0,83,28
2026-05-21 09:20:38,2026-05-21,4,羽毛球馆-7号,10:00-11:00,1,1,已售/已满,教学时间,多云,18,16,3,0.0,81,28
2026-05-21 09:30:46,2026-05-21,4,羽毛球馆-7号,10:00-11:00,1,1,已售/已满,教学时间,多云,18,16,3,0.0,81,32
2026-05-21 09:40:36,2026-05-21,4,羽毛球馆-7号,10:00-11:00,1,1,已售/已满,教学时间,多云,19,17,3,0.0,79,32
2026-05-21 09:50:42,2026-05-21,4,羽毛球馆-7号,10:00-11:00,1,1,已售/已满,教学时间,多云,19,17,4,0.0,81,32
2026-05-21 10:00:46,2026-05-21,4,羽毛球馆-7号,10:00-11:00,1,1,已售/已满,教学时间,多云,19,17,4,0.0,79,32
2026-05-21 10:10:40,2026-05-21,4,羽毛球馆-7号,10:00-11:00,1,1,已售/已满,教学时间,多云,19,17,4,0.0,79,32
2026-05-21 10:20:38,2026-05-21,4,羽毛球馆-7号,10:00-11:00,1,1,已售/已满,教学时间,多云,19,17,4,0.0,79,32
2026-05-21 10:30:41,2026-05-21,4,羽毛球馆-7号,10:00-11:00,1,1,已售/已满,教学时间,多云,19,18,3,0.0,78,31
2026-05-21 11:00:44,2026-05-21,4,羽毛球馆-7号,10:00-11:00,1,1,已售/已满,教学时间,多云,21,17,5,0.0,74,31
2026-05-21 11:30:38,2026-05-21,4,羽毛球馆-7号,10:00-11:00,1,1,已售/已满,教学时间,多云,21,19,3,0.0,72,33
2026-05-21 12:00:46,2026-05-21,4,羽毛球馆-7号,10:00-11:00,1,1,已售/已满,教学时间,多云,22,19,4,0.0,70,33
2026-05-21 12:30:42,2026-05-21,4,羽毛球馆-7号,10:00-11:00,1,1,已售/已满,教学时间,多云,22,21,3,0.0,68,35
2026-05-21 13:00:43,2026-05-21,4,羽毛球馆-7号,10:00-11:00,1,1,已售/已满,教学时间,多云,24,22,4,0.0,66,35
2026-05-21 13:30:43,2026-05-21,4,羽毛球馆-7号,10:00-11:00,1,1,已售/已满,教学时间,多云,24,22,4,0.0,66,36
2026-05-21 14:00:48,2026-05-21,4,羽毛球馆-7号,10:00-11:00,1,1,已售/已满,教学时间,多云,25,23,4,0.0,66,36
2026-05-21 14:30:45,2026-05-21,4,羽毛球馆-7号,10:00-11:00,1,1,已售/已满,教学时间,晴,25,25,3,0.0,65,39
2026-05-21 15:00:45,2026-05-21,4,羽毛球馆-7号,10:00-11:00,1,1,已售/已满,教学时间,晴,25,22,4,0.0,56,39
2026-05-21 15:30:43,2026-05-21,4,羽毛球馆-7号,10:00-11:00,1,1,已售/已满,教学时间,晴,25,23,4,0.0,57,40
2026-05-21 16:00:51,2026-05-21,4,羽毛球馆-7号,10:00-11:00,1,1,已售/已满,教学时间,晴,25,23,4,0.0,57,40
2026-05-21 16:30:48,2026-05-21,4,羽毛球馆-7号,10:00-11:00,1,1,已售/已满,教学时间,晴,25,24,3,0.0,60,39
2026-05-21 17:00:49,2026-05-21,4,羽毛球馆-7号,10:00-11:00,1,1,已售/已满,教学时间,晴,25,24,4,0.0,61,39
2026-05-21 17:30:47,2026-05-21,4,羽毛球馆-7号,10:00-11:00,1,1,已售/已满,教学时间,多云,24,23,3,0.0,64,39
2026-05-21 18:00:50,2026-05-21,4,羽毛球馆-7号,10:00-11:00,1,1,已售/已满,教学时间,多云,24,23,3,0.0,68,39
2026-05-21 18:30:50,2026-05-21,4,羽毛球馆-7号,10:00-11:00,1,1,已售/已满,教学时间,阴,24,25,2,0.0,68,40
2026-05-21 19:00:50,2026-05-21,4,羽毛球馆-7号,10:00-11:00,1,1,已售/已满,教学时间,阴,23,23,3,0.0,76,40
2026-05-21 19:30:46,2026-05-21,4,羽毛球馆-7号,10:00-11:00,1,1,已售/已满,教学时间,阴,23,24,2,0.0,77,39
2026-05-21 20:00:49,2026-05-21,4,羽毛球馆-7号,10:00-11:00,1,1,已售/已满,教学时间,雾,22,23,2,0.0,89,39
2026-05-21 20:30:44,2026-05-21,4,羽毛球馆-7号,10:00-11:00,1,1,已售/已满,教学时间,雾,22,24,2,0.0,93,43
2026-05-21 21:00:56,2026-05-21,4,羽毛球馆-7号,10:00-11:00,1,1,已售/已满,教学时间,雾,20,21,2,0.0,98,43
2026-05-21 21:30:46,2026-05-21,4,羽毛球馆-7号,10:00-11:00,1,1,已售/已满,教学时间,雾,20,22,1,0.0,99,41
2026-05-21 22:01:02,2026-05-21,4,羽毛球馆-7号,10:00-11:00,1,1,已售/已满,教学时间,雾,19,20,2,0.0,93,41
2026-05-21 22:30:47,2026-05-21,4,羽毛球馆-7号,10:00-11:00,1,1,已售/已满,教学时间,雾,19,19,3,0.0,88,46
2026-05-21 23:00:56,2026-05-21,4,羽毛球馆-7号,10:00-11:00,1,1,已售/已满,教学时间,多云,18,17,3,0.0,85,46
2026-05-21 23:30:55,2026-05-21,4,羽毛球馆-7号,10:00-11:00,1,1,已售/已满,教学时间,多云,18,17,3,0.0,85,48
2026-05-21 00:30:49,2026-05-21,4,羽毛球馆-7号,11:00-12:00,1,1,已售/已满,教学时间,多云,15,13,3,0.0,100,26
2026-05-21 01:00:55,2026-05-21,4,羽毛球馆-7号,11:00-12:00,1,1,已售/已满,教学时间,多云,15,12,4,0.0,100,26
2026-05-21 01:30:47,2026-05-21,4,羽毛球馆-7号,11:00-12:00,1,1,已售/已满,教学时间,多云,15,13,4,0.0,100,28
2026-05-21 02:00:53,2026-05-21,4,羽毛球馆-7号,11:00-12:00,1,1,已售/已满,教学时间,多云,15,12,4,0.0,100,28
2026-05-21 02:30:49,2026-05-21,4,羽毛球馆-7号,11:00-12:00,1,1,已售/已满,教学时间,多云,15,14,3,0.0,100,29
2026-05-21 03:00:55,2026-05-21,4,羽毛球馆-7号,11:00-12:00,1,1,已售/已满,教学时间,多云,15,12,4,0.0,100,29
2026-05-21 03:30:49,2026-05-21,4,羽毛球馆-7号,11:00-12:00,1,1,已售/已满,教学时间,多云,15,14,3,0.0,100,30
2026-05-21 04:30:45,2026-05-21,4,羽毛球馆-7号,11:00-12:00,1,1,已售/已满,教学时间,多云,15,12,4,0.0,100,29
2026-05-21 05:00:52,2026-05-21,4,羽毛球馆-7号,11:00-12:00,1,1,已售/已满,教学时间,多云,15,12,4,0.0,100,29
2026-05-21 05:30:49,2026-05-21,4,羽毛球馆-7号,11:00-12:00,1,1,已售/已满,教学时间,多云,15,13,3,0.0,100,28
2026-05-21 06:00:50,2026-05-21,4,羽毛球馆-7号,11:00-12:00,1,1,已售/已满,教学时间,多云,15,13,4,0.0,99,28
2026-05-21 06:30:38,2026-05-21,4,羽毛球馆-7号,11:00-12:00,1,1,已售/已满,教学时间,多云,15,13,3,0.0,97,28
2026-05-21 07:00:43,2026-05-21,4,羽毛球馆-7号,11:00-12:00,1,1,已售/已满,教学时间,晴,15,11,5,0.0,93,28
2026-05-21 07:30:39,2026-05-21,4,羽毛球馆-7号,11:00-12:00,1,1,已售/已满,教学时间,晴,17,13,4,0.0,89,29
2026-05-21 07:50:40,2026-05-21,4,羽毛球馆-7号,11:00-12:00,1,1,已售/已满,教学时间,晴,17,13,4,0.0,88,29
2026-05-21 07:53:31,2026-05-21,4,羽毛球馆-7号,11:00-12:00,1,1,已售/已满,教学时间,晴,17,12,5,0.0,86,29
2026-05-21 07:56:31,2026-05-21,4,羽毛球馆-7号,11:00-12:00,1,1,已售/已满,教学时间,晴,17,12,5,0.0,86,29
2026-05-21 07:59:26,2026-05-21,4,羽毛球馆-7号,11:00-12:00,1,1,已售/已满,教学时间,晴,17,12,5,0.0,86,29
2026-05-21 08:00:45,2026-05-21,4,羽毛球馆-7号,11:00-12:00,1,1,已售/已满,教学时间,晴,17,12,5,0.0,86,29
2026-05-21 08:02:30,2026-05-21,4,羽毛球馆-7号,11:00-12:00,1,1,已售/已满,教学时间,多云,17,12,5,0.0,87,29
2026-05-21 08:05:36,2026-05-21,4,羽毛球馆-7号,11:00-12:00,1,1,已售/已满,教学时间,多云,17,12,5,0.0,86,29
2026-05-21 08:08:31,2026-05-21,4,羽毛球馆-7号,11:00-12:00,1,1,已售/已满,教学时间,多云,17,12,5,0.0,86,29
2026-05-21 08:11:30,2026-05-21,4,羽毛球馆-7号,11:00-12:00,1,1,已售/已满,教学时间,多云,17,12,5,0.0,86,29
2026-05-21 08:14:31,2026-05-21,4,羽毛球馆-7号,11:00-12:00,1,1,已售/已满,教学时间,多云,17,12,5,0.0,86,29
2026-05-21 08:17:30,2026-05-21,4,羽毛球馆-7号,11:00-12:00,1,1,已售/已满,教学时间,多云,17,12,5,0.0,86,29
2026-05-21 08:20:35,2026-05-21,4,羽毛球馆-7号,11:00-12:00,1,1,已售/已满,教学时间,多云,17,14,4,0.0,85,29
2026-05-21 08:25:32,2026-05-21,4,羽毛球馆-7号,11:00-12:00,1,1,已售/已满,教学时间,多云,17,14,4,0.0,85,28
2026-05-21 08:30:42,2026-05-21,4,羽毛球馆-7号,11:00-12:00,1,1,已售/已满,教学时间,多云,18,15,4,0.0,84,28
2026-05-21 08:35:31,2026-05-21,4,羽毛球馆-7号,11:00-12:00,1,1,已售/已满,教学时间,多云,18,15,4,0.0,84,28
2026-05-21 08:40:38,2026-05-21,4,羽毛球馆-7号,11:00-12:00,1,1,已售/已满,教学时间,多云,18,15,4,0.0,82,28
2026-05-21 08:45:33,2026-05-21,4,羽毛球馆-7号,11:00-12:00,1,1,已售/已满,教学时间,多云,18,15,4,0.0,82,28
2026-05-21 08:50:36,2026-05-21,4,羽毛球馆-7号,11:00-12:00,1,1,已售/已满,教学时间,多云,18,15,4,0.0,82,28
2026-05-21 08:55:34,2026-05-21,4,羽毛球馆-7号,11:00-12:00,1,1,已售/已满,教学时间,多云,18,15,4,0.0,84,28
2026-05-21 09:00:51,2026-05-21,4,羽毛球馆-7号,11:00-12:00,1,1,已售/已满,教学时间,多云,18,15,4,0.0,84,28
2026-05-21 09:01:59,2026-05-21,4,羽毛球馆-7号,11:00-12:00,1,1,已售/已满,教学时间,多云,18,15,4,0.0,83,28
2026-05-21 09:05:33,2026-05-21,4,羽毛球馆-7号,11:00-12:00,1,1,已售/已满,教学时间,多云,18,15,4,0.0,83,28
2026-05-21 09:20:38,2026-05-21,4,羽毛球馆-7号,11:00-12:00,1,1,已售/已满,教学时间,多云,18,16,3,0.0,81,28
2026-05-21 09:30:46,2026-05-21,4,羽毛球馆-7号,11:00-12:00,1,1,已售/已满,教学时间,多云,18,16,3,0.0,81,32
2026-05-21 09:40:36,2026-05-21,4,羽毛球馆-7号,11:00-12:00,1,1,已售/已满,教学时间,多云,19,17,3,0.0,79,32
2026-05-21 09:50:42,2026-05-21,4,羽毛球馆-7号,11:00-12:00,1,1,已售/已满,教学时间,多云,19,17,4,0.0,81,32
2026-05-21 10:00:46,2026-05-21,4,羽毛球馆-7号,11:00-12:00,1,1,已售/已满,教学时间,多云,19,17,4,0.0,79,32
2026-05-21 10:10:40,2026-05-21,4,羽毛球馆-7号,11:00-12:00,1,1,已售/已满,教学时间,多云,19,17,4,0.0,79,32
2026-05-21 10:20:38,2026-05-21,4,羽毛球馆-7号,11:00-12:00,1,1,已售/已满,教学时间,多云,19,17,4,0.0,79,32
2026-05-21 10:30:41,2026-05-21,4,羽毛球馆-7号,11:00-12:00,1,1,已售/已满,教学时间,多云,19,18,3,0.0,78,31
2026-05-21 11:00:44,2026-05-21,4,羽毛球馆-7号,11:00-12:00,1,1,已售/已满,教学时间,多云,21,17,5,0.0,74,31
2026-05-21 11:30:38,2026-05-21,4,羽毛球馆-7号,11:00-12:00,1,1,已售/已满,教学时间,多云,21,19,3,0.0,72,33
2026-05-21 12:00:46,2026-05-21,4,羽毛球馆-7号,11:00-12:00,1,1,已售/已满,教学时间,多云,22,19,4,0.0,70,33
2026-05-21 12:30:42,2026-05-21,4,羽毛球馆-7号,11:00-12:00,1,1,已售/已满,教学时间,多云,22,21,3,0.0,68,35
2026-05-21 13:00:43,2026-05-21,4,羽毛球馆-7号,11:00-12:00,1,1,已售/已满,教学时间,多云,24,22,4,0.0,66,35
2026-05-21 13:30:43,2026-05-21,4,羽毛球馆-7号,11:00-12:00,1,1,已售/已满,教学时间,多云,24,22,4,0.0,66,36
2026-05-21 14:00:48,2026-05-21,4,羽毛球馆-7号,11:00-12:00,1,1,已售/已满,教学时间,多云,25,23,4,0.0,66,36
2026-05-21 14:30:45,2026-05-21,4,羽毛球馆-7号,11:00-12:00,1,1,已售/已满,教学时间,晴,25,25,3,0.0,65,39
2026-05-21 15:00:45,2026-05-21,4,羽毛球馆-7号,11:00-12:00,1,1,已售/已满,教学时间,晴,25,22,4,0.0,56,39
2026-05-21 15:30:43,2026-05-21,4,羽毛球馆-7号,11:00-12:00,1,1,已售/已满,教学时间,晴,25,23,4,0.0,57,40
2026-05-21 16:00:51,2026-05-21,4,羽毛球馆-7号,11:00-12:00,1,1,已售/已满,教学时间,晴,25,23,4,0.0,57,40
2026-05-21 16:30:48,2026-05-21,4,羽毛球馆-7号,11:00-12:00,1,1,已售/已满,教学时间,晴,25,24,3,0.0,60,39
2026-05-21 17:00:49,2026-05-21,4,羽毛球馆-7号,11:00-12:00,1,1,已售/已满,教学时间,晴,25,24,4,0.0,61,39
2026-05-21 17:30:47,2026-05-21,4,羽毛球馆-7号,11:00-12:00,1,1,已售/已满,教学时间,多云,24,23,3,0.0,64,39
2026-05-21 18:00:50,2026-05-21,4,羽毛球馆-7号,11:00-12:00,1,1,已售/已满,教学时间,多云,24,23,3,0.0,68,39
2026-05-21 18:30:50,2026-05-21,4,羽毛球馆-7号,11:00-12:00,1,1,已售/已满,教学时间,阴,24,25,2,0.0,68,40
2026-05-21 19:00:50,2026-05-21,4,羽毛球馆-7号,11:00-12:00,1,1,已售/已满,教学时间,阴,23,23,3,0.0,76,40
2026-05-21 19:30:46,2026-05-21,4,羽毛球馆-7号,11:00-12:00,1,1,已售/已满,教学时间,阴,23,24,2,0.0,77,39
2026-05-21 20:00:49,2026-05-21,4,羽毛球馆-7号,11:00-12:00,1,1,已售/已满,教学时间,雾,22,23,2,0.0,89,39
2026-05-21 20:30:44,2026-05-21,4,羽毛球馆-7号,11:00-12:00,1,1,已售/已满,教学时间,雾,22,24,2,0.0,93,43
2026-05-21 21:00:56,2026-05-21,4,羽毛球馆-7号,11:00-12:00,1,1,已售/已满,教学时间,雾,20,21,2,0.0,98,43
2026-05-21 21:30:46,2026-05-21,4,羽毛球馆-7号,11:00-12:00,1,1,已售/已满,教学时间,雾,20,22,1,0.0,99,41
2026-05-21 22:01:02,2026-05-21,4,羽毛球馆-7号,11:00-12:00,1,1,已售/已满,教学时间,雾,19,20,2,0.0,93,41
2026-05-21 22:30:47,2026-05-21,4,羽毛球馆-7号,11:00-12:00,1,1,已售/已满,教学时间,雾,19,19,3,0.0,88,46
2026-05-21 23:00:56,2026-05-21,4,羽毛球馆-7号,11:00-12:00,1,1,已售/已满,教学时间,多云,18,17,3,0.0,85,46
2026-05-21 23:30:55,2026-05-21,4,羽毛球馆-7号,11:00-12:00,1,1,已售/已满,教学时间,多云,18,17,3,0.0,85,48
2026-05-21 00:30:49,2026-05-21,4,羽毛球馆-7号,12:00-12:55,1,1,已售/已满,已售,多云,15,13,3,0.0,100,26
2026-05-21 01:00:55,2026-05-21,4,羽毛球馆-7号,12:00-12:55,1,1,已售/已满,已售,多云,15,12,4,0.0,100,26
2026-05-21 01:30:47,2026-05-21,4,羽毛球馆-7号,12:00-12:55,1,1,已售/已满,已售,多云,15,13,4,0.0,100,28
2026-05-21 02:00:53,2026-05-21,4,羽毛球馆-7号,12:00-12:55,1,1,已售/已满,已售,多云,15,12,4,0.0,100,28
2026-05-21 02:30:49,2026-05-21,4,羽毛球馆-7号,12:00-12:55,1,1,已售/已满,已售,多云,15,14,3,0.0,100,29
2026-05-21 03:00:55,2026-05-21,4,羽毛球馆-7号,12:00-12:55,1,1,已售/已满,已售,多云,15,12,4,0.0,100,29
2026-05-21 03:30:49,2026-05-21,4,羽毛球馆-7号,12:00-12:55,1,1,已售/已满,已售,多云,15,14,3,0.0,100,30
2026-05-21 04:30:45,2026-05-21,4,羽毛球馆-7号,12:00-12:55,1,1,已售/已满,已售,多云,15,12,4,0.0,100,29
2026-05-21 05:00:52,2026-05-21,4,羽毛球馆-7号,12:00-12:55,1,1,已售/已满,已售,多云,15,12,4,0.0,100,29
2026-05-21 05:30:49,2026-05-21,4,羽毛球馆-7号,12:00-12:55,1,1,已售/已满,已售,多云,15,13,3,0.0,100,28
2026-05-21 06:00:50,2026-05-21,4,羽毛球馆-7号,12:00-12:55,1,1,已售/已满,已售,多云,15,13,4,0.0,99,28
2026-05-21 06:30:38,2026-05-21,4,羽毛球馆-7号,12:00-12:55,1,1,已售/已满,已售,多云,15,13,3,0.0,97,28
2026-05-21 07:00:43,2026-05-21,4,羽毛球馆-7号,12:00-12:55,1,1,已售/已满,已售,晴,15,11,5,0.0,93,28
2026-05-21 07:30:39,2026-05-21,4,羽毛球馆-7号,12:00-12:55,1,1,已售/已满,已售,晴,17,13,4,0.0,89,29
2026-05-21 07:50:40,2026-05-21,4,羽毛球馆-7号,12:00-12:55,1,1,已售/已满,已售,晴,17,13,4,0.0,88,29
2026-05-21 07:53:31,2026-05-21,4,羽毛球馆-7号,12:00-12:55,1,1,已售/已满,已售,晴,17,12,5,0.0,86,29
2026-05-21 07:56:31,2026-05-21,4,羽毛球馆-7号,12:00-12:55,1,1,已售/已满,已售,晴,17,12,5,0.0,86,29
2026-05-21 07:59:26,2026-05-21,4,羽毛球馆-7号,12:00-12:55,1,1,已售/已满,已售,晴,17,12,5,0.0,86,29
2026-05-21 08:00:45,2026-05-21,4,羽毛球馆-7号,12:00-12:55,1,1,已售/已满,已售,晴,17,12,5,0.0,86,29
2026-05-21 08:02:30,2026-05-21,4,羽毛球馆-7号,12:00-12:55,1,1,已售/已满,已售,多云,17,12,5,0.0,87,29
2026-05-21 08:05:36,2026-05-21,4,羽毛球馆-7号,12:00-12:55,1,1,已售/已满,已售,多云,17,12,5,0.0,86,29
2026-05-21 08:08:31,2026-05-21,4,羽毛球馆-7号,12:00-12:55,1,1,已售/已满,已售,多云,17,12,5,0.0,86,29
2026-05-21 08:11:30,2026-05-21,4,羽毛球馆-7号,12:00-12:55,1,1,已售/已满,已售,多云,17,12,5,0.0,86,29
2026-05-21 08:14:31,2026-05-21,4,羽毛球馆-7号,12:00-12:55,1,1,已售/已满,已售,多云,17,12,5,0.0,86,29
2026-05-21 08:17:30,2026-05-21,4,羽毛球馆-7号,12:00-12:55,1,1,已售/已满,已售,多云,17,12,5,0.0,86,29
2026-05-21 08:20:35,2026-05-21,4,羽毛球馆-7号,12:00-12:55,1,1,已售/已满,已售,多云,17,14,4,0.0,85,29
2026-05-21 08:25:32,2026-05-21,4,羽毛球馆-7号,12:00-12:55,1,1,已售/已满,已售,多云,17,14,4,0.0,85,28
2026-05-21 08:30:42,2026-05-21,4,羽毛球馆-7号,12:00-12:55,1,1,已售/已满,已售,多云,18,15,4,0.0,84,28
2026-05-21 08:35:31,2026-05-21,4,羽毛球馆-7号,12:00-12:55,1,1,已售/已满,已售,多云,18,15,4,0.0,84,28
2026-05-21 08:40:38,2026-05-21,4,羽毛球馆-7号,12:00-12:55,1,1,已售/已满,已售,多云,18,15,4,0.0,82,28
2026-05-21 08:45:33,2026-05-21,4,羽毛球馆-7号,12:00-12:55,1,1,已售/已满,已售,多云,18,15,4,0.0,82,28
2026-05-21 08:50:36,2026-05-21,4,羽毛球馆-7号,12:00-12:55,1,1,已售/已满,已售,多云,18,15,4,0.0,82,28
2026-05-21 08:55:34,2026-05-21,4,羽毛球馆-7号,12:00-12:55,1,1,已售/已满,已售,多云,18,15,4,0.0,84,28
2026-05-21 09:00:51,2026-05-21,4,羽毛球馆-7号,12:00-12:55,1,1,已售/已满,已售,多云,18,15,4,0.0,84,28
2026-05-21 09:01:59,2026-05-21,4,羽毛球馆-7号,12:00-12:55,1,1,已售/已满,已售,多云,18,15,4,0.0,83,28
2026-05-21 09:05:33,2026-05-21,4,羽毛球馆-7号,12:00-12:55,1,1,已售/已满,已售,多云,18,15,4,0.0,83,28
2026-05-21 09:20:38,2026-05-21,4,羽毛球馆-7号,12:00-12:55,1,1,已售/已满,已售,多云,18,16,3,0.0,81,28
2026-05-21 09:30:46,2026-05-21,4,羽毛球馆-7号,12:00-12:55,1,1,已售/已满,已售,多云,18,16,3,0.0,81,32
2026-05-21 09:40:36,2026-05-21,4,羽毛球馆-7号,12:00-12:55,1,1,已售/已满,已售,多云,19,17,3,0.0,79,32
2026-05-21 09:50:42,2026-05-21,4,羽毛球馆-7号,12:00-12:55,1,1,已售/已满,已售,多云,19,17,4,0.0,81,32
2026-05-21 10:00:46,2026-05-21,4,羽毛球馆-7号,12:00-12:55,1,1,已售/已满,已售,多云,19,17,4,0.0,79,32
2026-05-21 10:10:40,2026-05-21,4,羽毛球馆-7号,12:00-12:55,1,1,已售/已满,已售,多云,19,17,4,0.0,79,32
2026-05-21 10:20:38,2026-05-21,4,羽毛球馆-7号,12:00-12:55,1,1,已售/已满,已售,多云,19,17,4,0.0,79,32
2026-05-21 10:30:41,2026-05-21,4,羽毛球馆-7号,12:00-12:55,1,1,已售/已满,已售,多云,19,18,3,0.0,78,31
2026-05-21 11:00:44,2026-05-21,4,羽毛球馆-7号,12:00-12:55,1,1,已售/已满,已售,多云,21,17,5,0.0,74,31
2026-05-21 11:30:38,2026-05-21,4,羽毛球馆-7号,12:00-12:55,1,1,已售/已满,已售,多云,21,19,3,0.0,72,33
2026-05-21 12:00:46,2026-05-21,4,羽毛球馆-7号,12:00-12:55,1,1,已售/已满,已售,多云,22,19,4,0.0,70,33
2026-05-21 12:30:42,2026-05-21,4,羽毛球馆-7号,12:00-12:55,1,1,已售/已满,已售,多云,22,21,3,0.0,68,35
2026-05-21 13:00:43,2026-05-21,4,羽毛球馆-7号,12:00-12:55,1,1,已售/已满,已售,多云,24,22,4,0.0,66,35
2026-05-21 13:30:43,2026-05-21,4,羽毛球馆-7号,12:00-12:55,1,1,已售/已满,已售,多云,24,22,4,0.0,66,36
2026-05-21 14:00:48,2026-05-21,4,羽毛球馆-7号,12:00-12:55,1,1,已售/已满,已售,多云,25,23,4,0.0,66,36
2026-05-21 14:30:45,2026-05-21,4,羽毛球馆-7号,12:00-12:55,1,1,已售/已满,已售,晴,25,25,3,0.0,65,39
2026-05-21 15:00:45,2026-05-21,4,羽毛球馆-7号,12:00-12:55,1,1,已售/已满,已售,晴,25,22,4,0.0,56,39
2026-05-21 15:30:43,2026-05-21,4,羽毛球馆-7号,12:00-12:55,1,1,已售/已满,已售,晴,25,23,4,0.0,57,40
2026-05-21 16:00:51,2026-05-21,4,羽毛球馆-7号,12:00-12:55,1,1,已售/已满,已售,晴,25,23,4,0.0,57,40
2026-05-21 16:30:48,2026-05-21,4,羽毛球馆-7号,12:00-12:55,1,1,已售/已满,已售,晴,25,24,3,0.0,60,39
2026-05-21 17:00:49,2026-05-21,4,羽毛球馆-7号,12:00-12:55,1,1,已售/已满,已售,晴,25,24,4,0.0,61,39
2026-05-21 17:30:47,2026-05-21,4,羽毛球馆-7号,12:00-12:55,1,1,已售/已满,已售,多云,24,23,3,0.0,64,39
2026-05-21 18:00:50,2026-05-21,4,羽毛球馆-7号,12:00-12:55,1,1,已售/已满,已售,多云,24,23,3,0.0,68,39
2026-05-21 18:30:50,2026-05-21,4,羽毛球馆-7号,12:00-12:55,1,1,已售/已满,已售,阴,24,25,2,0.0,68,40
2026-05-21 19:00:50,2026-05-21,4,羽毛球馆-7号,12:00-12:55,1,1,已售/已满,已售,阴,23,23,3,0.0,76,40
2026-05-21 19:30:46,2026-05-21,4,羽毛球馆-7号,12:00-12:55,1,1,已售/已满,已售,阴,23,24,2,0.0,77,39
2026-05-21 20:00:49,2026-05-21,4,羽毛球馆-7号,12:00-12:55,1,1,已售/已满,已售,雾,22,23,2,0.0,89,39
2026-05-21 20:30:44,2026-05-21,4,羽毛球馆-7号,12:00-12:55,1,1,已售/已满,已售,雾,22,24,2,0.0,93,43
2026-05-21 21:00:56,2026-05-21,4,羽毛球馆-7号,12:00-12:55,1,1,已售/已满,已售,雾,20,21,2,0.0,98,43
2026-05-21 21:30:46,2026-05-21,4,羽毛球馆-7号,12:00-12:55,1,1,已售/已满,已售,雾,20,22,1,0.0,99,41
2026-05-21 22:01:02,2026-05-21,4,羽毛球馆-7号,12:00-12:55,1,1,已售/已满,已售,雾,19,20,2,0.0,93,41
2026-05-21 22:30:47,2026-05-21,4,羽毛球馆-7号,12:00-12:55,1,1,已售/已满,已售,雾,19,19,3,0.0,88,46
2026-05-21 23:00:56,2026-05-21,4,羽毛球馆-7号,12:00-12:55,1,1,已售/已满,已售,多云,18,17,3,0.0,85,46
2026-05-21 23:30:55,2026-05-21,4,羽毛球馆-7号,12:00-12:55,1,1,已售/已满,已售,多云,18,17,3,0.0,85,48
2026-05-21 00:30:49,2026-05-21,4,羽毛球馆-7号,12:55-13:50,1,1,已售/已满,已售,多云,15,13,3,0.0,100,26
2026-05-21 01:00:55,2026-05-21,4,羽毛球馆-7号,12:55-13:50,1,1,已售/已满,已售,多云,15,12,4,0.0,100,26
2026-05-21 01:30:47,2026-05-21,4,羽毛球馆-7号,12:55-13:50,1,1,已售/已满,已售,多云,15,13,4,0.0,100,28
2026-05-21 02:00:53,2026-05-21,4,羽毛球馆-7号,12:55-13:50,1,1,已售/已满,已售,多云,15,12,4,0.0,100,28
2026-05-21 02:30:49,2026-05-21,4,羽毛球馆-7号,12:55-13:50,1,1,已售/已满,已售,多云,15,14,3,0.0,100,29
2026-05-21 03:00:55,2026-05-21,4,羽毛球馆-7号,12:55-13:50,1,1,已售/已满,已售,多云,15,12,4,0.0,100,29
2026-05-21 03:30:49,2026-05-21,4,羽毛球馆-7号,12:55-13:50,1,1,已售/已满,已售,多云,15,14,3,0.0,100,30
2026-05-21 04:30:45,2026-05-21,4,羽毛球馆-7号,12:55-13:50,1,1,已售/已满,已售,多云,15,12,4,0.0,100,29
2026-05-21 05:00:52,2026-05-21,4,羽毛球馆-7号,12:55-13:50,1,1,已售/已满,已售,多云,15,12,4,0.0,100,29
2026-05-21 05:30:49,2026-05-21,4,羽毛球馆-7号,12:55-13:50,1,1,已售/已满,已售,多云,15,13,3,0.0,100,28
2026-05-21 06:00:50,2026-05-21,4,羽毛球馆-7号,12:55-13:50,1,1,已售/已满,已售,多云,15,13,4,0.0,99,28
2026-05-21 06:30:38,2026-05-21,4,羽毛球馆-7号,12:55-13:50,1,1,已售/已满,已售,多云,15,13,3,0.0,97,28
2026-05-21 07:00:43,2026-05-21,4,羽毛球馆-7号,12:55-13:50,1,1,已售/已满,已售,晴,15,11,5,0.0,93,28
2026-05-21 07:30:39,2026-05-21,4,羽毛球馆-7号,12:55-13:50,1,1,已售/已满,已售,晴,17,13,4,0.0,89,29
2026-05-21 07:50:40,2026-05-21,4,羽毛球馆-7号,12:55-13:50,1,1,已售/已满,已售,晴,17,13,4,0.0,88,29
2026-05-21 07:53:31,2026-05-21,4,羽毛球馆-7号,12:55-13:50,1,1,已售/已满,已售,晴,17,12,5,0.0,86,29
2026-05-21 07:56:31,2026-05-21,4,羽毛球馆-7号,12:55-13:50,1,1,已售/已满,已售,晴,17,12,5,0.0,86,29
2026-05-21 07:59:26,2026-05-21,4,羽毛球馆-7号,12:55-13:50,1,1,已售/已满,已售,晴,17,12,5,0.0,86,29
2026-05-21 08:00:45,2026-05-21,4,羽毛球馆-7号,12:55-13:50,1,1,已售/已满,已售,晴,17,12,5,0.0,86,29
2026-05-21 08:02:30,2026-05-21,4,羽毛球馆-7号,12:55-13:50,1,1,已售/已满,已售,多云,17,12,5,0.0,87,29
2026-05-21 08:05:36,2026-05-21,4,羽毛球馆-7号,12:55-13:50,1,1,已售/已满,已售,多云,17,12,5,0.0,86,29
2026-05-21 08:08:31,2026-05-21,4,羽毛球馆-7号,12:55-13:50,1,1,已售/已满,已售,多云,17,12,5,0.0,86,29
2026-05-21 08:11:30,2026-05-21,4,羽毛球馆-7号,12:55-13:50,1,1,已售/已满,已售,多云,17,12,5,0.0,86,29
2026-05-21 08:14:31,2026-05-21,4,羽毛球馆-7号,12:55-13:50,1,1,已售/已满,已售,多云,17,12,5,0.0,86,29
2026-05-21 08:17:30,2026-05-21,4,羽毛球馆-7号,12:55-13:50,1,1,已售/已满,已售,多云,17,12,5,0.0,86,29
2026-05-21 08:20:35,2026-05-21,4,羽毛球馆-7号,12:55-13:50,1,1,已售/已满,已售,多云,17,14,4,0.0,85,29
2026-05-21 08:25:32,2026-05-21,4,羽毛球馆-7号,12:55-13:50,1,1,已售/已满,已售,多云,17,14,4,0.0,85,28
2026-05-21 08:30:42,2026-05-21,4,羽毛球馆-7号,12:55-13:50,1,1,已售/已满,已售,多云,18,15,4,0.0,84,28
2026-05-21 08:35:31,2026-05-21,4,羽毛球馆-7号,12:55-13:50,1,1,已售/已满,已售,多云,18,15,4,0.0,84,28
2026-05-21 08:40:38,2026-05-21,4,羽毛球馆-7号,12:55-13:50,1,1,已售/已满,已售,多云,18,15,4,0.0,82,28
2026-05-21 08:45:33,2026-05-21,4,羽毛球馆-7号,12:55-13:50,1,1,已售/已满,已售,多云,18,15,4,0.0,82,28
2026-05-21 08:50:36,2026-05-21,4,羽毛球馆-7号,12:55-13:50,1,1,已售/已满,已售,多云,18,15,4,0.0,82,28
2026-05-21 08:55:34,2026-05-21,4,羽毛球馆-7号,12:55-13:50,1,1,已售/已满,已售,多云,18,15,4,0.0,84,28
2026-05-21 09:00:51,2026-05-21,4,羽毛球馆-7号,12:55-13:50,1,1,已售/已满,已售,多云,18,15,4,0.0,84,28
2026-05-21 09:01:59,2026-05-21,4,羽毛球馆-7号,12:55-13:50,1,1,已售/已满,已售,多云,18,15,4,0.0,83,28
2026-05-21 09:05:33,2026-05-21,4,羽毛球馆-7号,12:55-13:50,1,1,已售/已满,已售,多云,18,15,4,0.0,83,28
2026-05-21 09:20:38,2026-05-21,4,羽毛球馆-7号,12:55-13:50,1,1,已售/已满,已售,多云,18,16,3,0.0,81,28
2026-05-21 09:30:46,2026-05-21,4,羽毛球馆-7号,12:55-13:50,1,1,已售/已满,已售,多云,18,16,3,0.0,81,32
2026-05-21 09:40:36,2026-05-21,4,羽毛球馆-7号,12:55-13:50,1,1,已售/已满,已售,多云,19,17,3,0.0,79,32
2026-05-21 09:50:42,2026-05-21,4,羽毛球馆-7号,12:55-13:50,1,1,已售/已满,已售,多云,19,17,4,0.0,81,32
2026-05-21 10:00:46,2026-05-21,4,羽毛球馆-7号,12:55-13:50,1,1,已售/已满,已售,多云,19,17,4,0.0,79,32
2026-05-21 10:10:40,2026-05-21,4,羽毛球馆-7号,12:55-13:50,1,1,已售/已满,已售,多云,19,17,4,0.0,79,32
2026-05-21 10:20:38,2026-05-21,4,羽毛球馆-7号,12:55-13:50,1,1,已售/已满,已售,多云,19,17,4,0.0,79,32
2026-05-21 10:30:41,2026-05-21,4,羽毛球馆-7号,12:55-13:50,1,1,已售/已满,已售,多云,19,18,3,0.0,78,31
2026-05-21 11:00:44,2026-05-21,4,羽毛球馆-7号,12:55-13:50,1,1,已售/已满,已售,多云,21,17,5,0.0,74,31
2026-05-21 11:30:38,2026-05-21,4,羽毛球馆-7号,12:55-13:50,1,1,已售/已满,已售,多云,21,19,3,0.0,72,33
2026-05-21 12:00:46,2026-05-21,4,羽毛球馆-7号,12:55-13:50,1,1,已售/已满,已售,多云,22,19,4,0.0,70,33
2026-05-21 12:30:42,2026-05-21,4,羽毛球馆-7号,12:55-13:50,1,1,已售/已满,已售,多云,22,21,3,0.0,68,35
2026-05-21 13:00:43,2026-05-21,4,羽毛球馆-7号,12:55-13:50,1,1,已售/已满,已售,多云,24,22,4,0.0,66,35
2026-05-21 13:30:43,2026-05-21,4,羽毛球馆-7号,12:55-13:50,1,1,已售/已满,已售,多云,24,22,4,0.0,66,36
2026-05-21 14:00:48,2026-05-21,4,羽毛球馆-7号,12:55-13:50,1,1,已售/已满,已售,多云,25,23,4,0.0,66,36
2026-05-21 14:30:45,2026-05-21,4,羽毛球馆-7号,12:55-13:50,1,1,已售/已满,已售,晴,25,25,3,0.0,65,39
2026-05-21 15:00:45,2026-05-21,4,羽毛球馆-7号,12:55-13:50,1,1,已售/已满,已售,晴,25,22,4,0.0,56,39
2026-05-21 15:30:43,2026-05-21,4,羽毛球馆-7号,12:55-13:50,1,1,已售/已满,已售,晴,25,23,4,0.0,57,40
2026-05-21 16:00:51,2026-05-21,4,羽毛球馆-7号,12:55-13:50,1,1,已售/已满,已售,晴,25,23,4,0.0,57,40
2026-05-21 16:30:48,2026-05-21,4,羽毛球馆-7号,12:55-13:50,1,1,已售/已满,已售,晴,25,24,3,0.0,60,39
2026-05-21 17:00:49,2026-05-21,4,羽毛球馆-7号,12:55-13:50,1,1,已售/已满,已售,晴,25,24,4,0.0,61,39
2026-05-21 17:30:47,2026-05-21,4,羽毛球馆-7号,12:55-13:50,1,1,已售/已满,已售,多云,24,23,3,0.0,64,39
2026-05-21 18:00:50,2026-05-21,4,羽毛球馆-7号,12:55-13:50,1,1,已售/已满,已售,多云,24,23,3,0.0,68,39
2026-05-21 18:30:50,2026-05-21,4,羽毛球馆-7号,12:55-13:50,1,1,已售/已满,已售,阴,24,25,2,0.0,68,40
2026-05-21 19:00:50,2026-05-21,4,羽毛球馆-7号,12:55-13:50,1,1,已售/已满,已售,阴,23,23,3,0.0,76,40
2026-05-21 19:30:46,2026-05-21,4,羽毛球馆-7号,12:55-13:50,1,1,已售/已满,已售,阴,23,24,2,0.0,77,39
2026-05-21 20:00:49,2026-05-21,4,羽毛球馆-7号,12:55-13:50,1,1,已售/已满,已售,雾,22,23,2,0.0,89,39
2026-05-21 20:30:44,2026-05-21,4,羽毛球馆-7号,12:55-13:50,1,1,已售/已满,已售,雾,22,24,2,0.0,93,43
2026-05-21 21:00:56,2026-05-21,4,羽毛球馆-7号,12:55-13:50,1,1,已售/已满,已售,雾,20,21,2,0.0,98,43
2026-05-21 21:30:46,2026-05-21,4,羽毛球馆-7号,12:55-13:50,1,1,已售/已满,已售,雾,20,22,1,0.0,99,41
2026-05-21 22:01:02,2026-05-21,4,羽毛球馆-7号,12:55-13:50,1,1,已售/已满,已售,雾,19,20,2,0.0,93,41
2026-05-21 22:30:47,2026-05-21,4,羽毛球馆-7号,12:55-13:50,1,1,已售/已满,已售,雾,19,19,3,0.0,88,46
2026-05-21 23:00:56,2026-05-21,4,羽毛球馆-7号,12:55-13:50,1,1,已售/已满,已售,多云,18,17,3,0.0,85,46
2026-05-21 23:30:55,2026-05-21,4,羽毛球馆-7号,12:55-13:50,1,1,已售/已满,已售,多云,18,17,3,0.0,85,48
2026-05-21 00:30:49,2026-05-21,4,羽毛球馆-7号,14:00-15:00,0,1,可预约,￥12.0,多云,15,13,3,0.0,100,26
2026-05-21 01:00:55,2026-05-21,4,羽毛球馆-7号,14:00-15:00,0,1,可预约,￥12.0,多云,15,12,4,0.0,100,26
2026-05-21 01:30:47,2026-05-21,4,羽毛球馆-7号,14:00-15:00,0,1,可预约,￥12.0,多云,15,13,4,0.0,100,28
2026-05-21 02:00:53,2026-05-21,4,羽毛球馆-7号,14:00-15:00,0,1,可预约,￥12.0,多云,15,12,4,0.0,100,28
2026-05-21 02:30:49,2026-05-21,4,羽毛球馆-7号,14:00-15:00,0,1,可预约,￥12.0,多云,15,14,3,0.0,100,29
2026-05-21 03:00:55,2026-05-21,4,羽毛球馆-7号,14:00-15:00,0,1,可预约,￥12.0,多云,15,12,4,0.0,100,29
2026-05-21 03:30:49,2026-05-21,4,羽毛球馆-7号,14:00-15:00,0,1,可预约,￥12.0,多云,15,14,3,0.0,100,30
2026-05-21 04:30:45,2026-05-21,4,羽毛球馆-7号,14:00-15:00,0,1,可预约,￥12.0,多云,15,12,4,0.0,100,29
2026-05-21 05:00:52,2026-05-21,4,羽毛球馆-7号,14:00-15:00,0,1,可预约,￥12.0,多云,15,12,4,0.0,100,29
2026-05-21 05:30:49,2026-05-21,4,羽毛球馆-7号,14:00-15:00,0,1,可预约,￥12.0,多云,15,13,3,0.0,100,28
2026-05-21 06:00:50,2026-05-21,4,羽毛球馆-7号,14:00-15:00,0,1,可预约,￥12.0,多云,15,13,4,0.0,99,28
2026-05-21 06:30:38,2026-05-21,4,羽毛球馆-7号,14:00-15:00,0,1,可预约,￥12.0,多云,15,13,3,0.0,97,28
2026-05-21 07:00:43,2026-05-21,4,羽毛球馆-7号,14:00-15:00,0,1,可预约,￥12.0,晴,15,11,5,0.0,93,28
2026-05-21 07:30:39,2026-05-21,4,羽毛球馆-7号,14:00-15:00,0,1,可预约,￥12.0,晴,17,13,4,0.0,89,29
2026-05-21 07:50:40,2026-05-21,4,羽毛球馆-7号,14:00-15:00,0,1,可预约,￥12.0,晴,17,13,4,0.0,88,29
2026-05-21 07:53:31,2026-05-21,4,羽毛球馆-7号,14:00-15:00,0,1,可预约,￥12.0,晴,17,12,5,0.0,86,29
2026-05-21 07:56:31,2026-05-21,4,羽毛球馆-7号,14:00-15:00,0,1,可预约,￥12.0,晴,17,12,5,0.0,86,29
2026-05-21 07:59:26,2026-05-21,4,羽毛球馆-7号,14:00-15:00,0,1,可预约,￥12.0,晴,17,12,5,0.0,86,29
2026-05-21 08:00:45,2026-05-21,4,羽毛球馆-7号,14:00-15:00,0,1,可预约,￥12.0,晴,17,12,5,0.0,86,29
2026-05-21 08:02:30,2026-05-21,4,羽毛球馆-7号,14:00-15:00,0,1,可预约,￥12.0,多云,17,12,5,0.0,87,29
2026-05-21 08:05:36,2026-05-21,4,羽毛球馆-7号,14:00-15:00,0,1,可预约,￥12.0,多云,17,12,5,0.0,86,29
2026-05-21 08:08:31,2026-05-21,4,羽毛球馆-7号,14:00-15:00,0,1,可预约,￥12.0,多云,17,12,5,0.0,86,29
2026-05-21 08:11:30,2026-05-21,4,羽毛球馆-7号,14:00-15:00,0,1,可预约,￥12.0,多云,17,12,5,0.0,86,29
2026-05-21 08:14:31,2026-05-21,4,羽毛球馆-7号,14:00-15:00,0,1,可预约,￥12.0,多云,17,12,5,0.0,86,29
2026-05-21 08:17:30,2026-05-21,4,羽毛球馆-7号,14:00-15:00,0,1,可预约,￥12.0,多云,17,12,5,0.0,86,29
2026-05-21 08:20:35,2026-05-21,4,羽毛球馆-7号,14:00-15:00,0,1,可预约,￥12.0,多云,17,14,4,0.0,85,29
2026-05-21 08:25:32,2026-05-21,4,羽毛球馆-7号,14:00-15:00,0,1,可预约,￥12.0,多云,17,14,4,0.0,85,28
2026-05-21 08:30:42,2026-05-21,4,羽毛球馆-7号,14:00-15:00,0,1,可预约,￥12.0,多云,18,15,4,0.0,84,28
2026-05-21 08:35:31,2026-05-21,4,羽毛球馆-7号,14:00-15:00,0,1,可预约,￥12.0,多云,18,15,4,0.0,84,28
2026-05-21 08:40:38,2026-05-21,4,羽毛球馆-7号,14:00-15:00,0,1,可预约,￥12.0,多云,18,15,4,0.0,82,28
2026-05-21 08:45:33,2026-05-21,4,羽毛球馆-7号,14:00-15:00,0,1,可预约,￥12.0,多云,18,15,4,0.0,82,28
2026-05-21 08:50:36,2026-05-21,4,羽毛球馆-7号,14:00-15:00,0,1,可预约,￥12.0,多云,18,15,4,0.0,82,28
2026-05-21 08:55:34,2026-05-21,4,羽毛球馆-7号,14:00-15:00,0,1,可预约,￥12.0,多云,18,15,4,0.0,84,28
2026-05-21 09:00:51,2026-05-21,4,羽毛球馆-7号,14:00-15:00,0,1,可预约,￥12.0,多云,18,15,4,0.0,84,28
2026-05-21 09:01:59,2026-05-21,4,羽毛球馆-7号,14:00-15:00,0,1,可预约,￥12.0,多云,18,15,4,0.0,83,28
2026-05-21 09:05:33,2026-05-21,4,羽毛球馆-7号,14:00-15:00,0,1,可预约,￥12.0,多云,18,15,4,0.0,83,28
2026-05-21 09:20:38,2026-05-21,4,羽毛球馆-7号,14:00-15:00,0,1,可预约,￥12.0,多云,18,16,3,0.0,81,28
2026-05-21 09:30:46,2026-05-21,4,羽毛球馆-7号,14:00-15:00,0,1,可预约,￥12.0,多云,18,16,3,0.0,81,32
2026-05-21 09:40:36,2026-05-21,4,羽毛球馆-7号,14:00-15:00,0,1,可预约,￥12.0,多云,19,17,3,0.0,79,32
2026-05-21 09:50:42,2026-05-21,4,羽毛球馆-7号,14:00-15:00,0,1,可预约,￥12.0,多云,19,17,4,0.0,81,32
2026-05-21 10:00:46,2026-05-21,4,羽毛球馆-7号,14:00-15:00,0,1,可预约,￥12.0,多云,19,17,4,0.0,79,32
2026-05-21 10:10:40,2026-05-21,4,羽毛球馆-7号,14:00-15:00,0,1,可预约,￥12.0,多云,19,17,4,0.0,79,32
2026-05-21 10:20:38,2026-05-21,4,羽毛球馆-7号,14:00-15:00,0,1,可预约,￥12.0,多云,19,17,4,0.0,79,32
2026-05-21 10:30:41,2026-05-21,4,羽毛球馆-7号,14:00-15:00,0,1,可预约,￥12.0,多云,19,18,3,0.0,78,31
2026-05-21 11:00:44,2026-05-21,4,羽毛球馆-7号,14:00-15:00,0,1,可预约,￥12.0,多云,21,17,5,0.0,74,31
2026-05-21 11:30:38,2026-05-21,4,羽毛球馆-7号,14:00-15:00,0,1,可预约,￥12.0,多云,21,19,3,0.0,72,33
2026-05-21 12:00:46,2026-05-21,4,羽毛球馆-7号,14:00-15:00,0,1,可预约,￥12.0,多云,22,19,4,0.0,70,33
2026-05-21 12:30:42,2026-05-21,4,羽毛球馆-7号,14:00-15:00,0,1,可预约,￥12.0,多云,22,21,3,0.0,68,35
2026-05-21 13:00:43,2026-05-21,4,羽毛球馆-7号,14:00-15:00,0,1,可预约,￥12.0,多云,24,22,4,0.0,66,35
2026-05-21 13:30:43,2026-05-21,4,羽毛球馆-7号,14:00-15:00,0,1,可预约,￥12.0,多云,24,22,4,0.0,66,36
2026-05-21 14:00:48,2026-05-21,4,羽毛球馆-7号,14:00-15:00,0,1,可预约,￥12.0,多云,25,23,4,0.0,66,36
2026-05-21 14:30:45,2026-05-21,4,羽毛球馆-7号,14:00-15:00,0,1,可预约,￥12.0,晴,25,25,3,0.0,65,39
2026-05-21 15:00:45,2026-05-21,4,羽毛球馆-7号,14:00-15:00,0,1,不开放/已过期,,晴,25,22,4,0.0,56,39
2026-05-21 15:30:43,2026-05-21,4,羽毛球馆-7号,14:00-15:00,0,1,不开放/已过期,,晴,25,23,4,0.0,57,40
2026-05-21 16:00:51,2026-05-21,4,羽毛球馆-7号,14:00-15:00,0,1,不开放/已过期,,晴,25,23,4,0.0,57,40
2026-05-21 16:30:48,2026-05-21,4,羽毛球馆-7号,14:00-15:00,0,1,不开放/已过期,,晴,25,24,3,0.0,60,39
2026-05-21 17:00:49,2026-05-21,4,羽毛球馆-7号,14:00-15:00,0,1,不开放/已过期,,晴,25,24,4,0.0,61,39
2026-05-21 17:30:47,2026-05-21,4,羽毛球馆-7号,14:00-15:00,0,1,不开放/已过期,,多云,24,23,3,0.0,64,39
2026-05-21 18:00:50,2026-05-21,4,羽毛球馆-7号,14:00-15:00,0,1,不开放/已过期,,多云,24,23,3,0.0,68,39
2026-05-21 18:30:50,2026-05-21,4,羽毛球馆-7号,14:00-15:00,0,1,不开放/已过期,,阴,24,25,2,0.0,68,40
2026-05-21 19:00:50,2026-05-21,4,羽毛球馆-7号,14:00-15:00,0,1,不开放/已过期,,阴,23,23,3,0.0,76,40
2026-05-21 19:30:46,2026-05-21,4,羽毛球馆-7号,14:00-15:00,0,1,不开放/已过期,,阴,23,24,2,0.0,77,39
2026-05-21 20:00:49,2026-05-21,4,羽毛球馆-7号,14:00-15:00,0,1,不开放/已过期,,雾,22,23,2,0.0,89,39
2026-05-21 20:30:44,2026-05-21,4,羽毛球馆-7号,14:00-15:00,0,1,不开放/已过期,,雾,22,24,2,0.0,93,43
2026-05-21 21:00:56,2026-05-21,4,羽毛球馆-7号,14:00-15:00,0,1,不开放/已过期,,雾,20,21,2,0.0,98,43
2026-05-21 21:30:46,2026-05-21,4,羽毛球馆-7号,14:00-15:00,0,1,不开放/已过期,,雾,20,22,1,0.0,99,41
2026-05-21 22:01:02,2026-05-21,4,羽毛球馆-7号,14:00-15:00,0,1,不开放/已过期,,雾,19,20,2,0.0,93,41
2026-05-21 22:30:47,2026-05-21,4,羽毛球馆-7号,14:00-15:00,0,1,不开放/已过期,,雾,19,19,3,0.0,88,46
2026-05-21 23:00:56,2026-05-21,4,羽毛球馆-7号,14:00-15:00,0,1,不开放/已过期,,多云,18,17,3,0.0,85,46
2026-05-21 23:30:55,2026-05-21,4,羽毛球馆-7号,14:00-15:00,0,1,不开放/已过期,,多云,18,17,3,0.0,85,48
2026-05-21 00:30:49,2026-05-21,4,羽毛球馆-7号,15:00-16:00,0,1,可预约,￥12.0,多云,15,13,3,0.0,100,26
2026-05-21 01:00:55,2026-05-21,4,羽毛球馆-7号,15:00-16:00,0,1,可预约,￥12.0,多云,15,12,4,0.0,100,26
2026-05-21 01:30:47,2026-05-21,4,羽毛球馆-7号,15:00-16:00,0,1,可预约,￥12.0,多云,15,13,4,0.0,100,28
2026-05-21 02:00:53,2026-05-21,4,羽毛球馆-7号,15:00-16:00,0,1,可预约,￥12.0,多云,15,12,4,0.0,100,28
2026-05-21 02:30:49,2026-05-21,4,羽毛球馆-7号,15:00-16:00,0,1,可预约,￥12.0,多云,15,14,3,0.0,100,29
2026-05-21 03:00:55,2026-05-21,4,羽毛球馆-7号,15:00-16:00,0,1,可预约,￥12.0,多云,15,12,4,0.0,100,29
2026-05-21 03:30:49,2026-05-21,4,羽毛球馆-7号,15:00-16:00,0,1,可预约,￥12.0,多云,15,14,3,0.0,100,30
2026-05-21 04:30:45,2026-05-21,4,羽毛球馆-7号,15:00-16:00,0,1,可预约,￥12.0,多云,15,12,4,0.0,100,29
2026-05-21 05:00:52,2026-05-21,4,羽毛球馆-7号,15:00-16:00,0,1,可预约,￥12.0,多云,15,12,4,0.0,100,29
2026-05-21 05:30:49,2026-05-21,4,羽毛球馆-7号,15:00-16:00,0,1,可预约,￥12.0,多云,15,13,3,0.0,100,28
2026-05-21 06:00:50,2026-05-21,4,羽毛球馆-7号,15:00-16:00,0,1,可预约,￥12.0,多云,15,13,4,0.0,99,28
2026-05-21 06:30:38,2026-05-21,4,羽毛球馆-7号,15:00-16:00,0,1,可预约,￥12.0,多云,15,13,3,0.0,97,28
2026-05-21 07:00:43,2026-05-21,4,羽毛球馆-7号,15:00-16:00,0,1,可预约,￥12.0,晴,15,11,5,0.0,93,28
2026-05-21 07:30:39,2026-05-21,4,羽毛球馆-7号,15:00-16:00,0,1,可预约,￥12.0,晴,17,13,4,0.0,89,29
2026-05-21 07:50:40,2026-05-21,4,羽毛球馆-7号,15:00-16:00,0,1,可预约,￥12.0,晴,17,13,4,0.0,88,29
2026-05-21 07:53:31,2026-05-21,4,羽毛球馆-7号,15:00-16:00,0,1,可预约,￥12.0,晴,17,12,5,0.0,86,29
2026-05-21 07:56:31,2026-05-21,4,羽毛球馆-7号,15:00-16:00,0,1,可预约,￥12.0,晴,17,12,5,0.0,86,29
2026-05-21 07:59:26,2026-05-21,4,羽毛球馆-7号,15:00-16:00,0,1,可预约,￥12.0,晴,17,12,5,0.0,86,29
2026-05-21 08:00:45,2026-05-21,4,羽毛球馆-7号,15:00-16:00,0,1,可预约,￥12.0,晴,17,12,5,0.0,86,29
2026-05-21 08:02:30,2026-05-21,4,羽毛球馆-7号,15:00-16:00,0,1,可预约,￥12.0,多云,17,12,5,0.0,87,29
2026-05-21 08:05:36,2026-05-21,4,羽毛球馆-7号,15:00-16:00,0,1,可预约,￥12.0,多云,17,12,5,0.0,86,29
2026-05-21 08:08:31,2026-05-21,4,羽毛球馆-7号,15:00-16:00,0,1,可预约,￥12.0,多云,17,12,5,0.0,86,29
2026-05-21 08:11:30,2026-05-21,4,羽毛球馆-7号,15:00-16:00,0,1,可预约,￥12.0,多云,17,12,5,0.0,86,29
2026-05-21 08:14:31,2026-05-21,4,羽毛球馆-7号,15:00-16:00,0,1,可预约,￥12.0,多云,17,12,5,0.0,86,29
2026-05-21 08:17:30,2026-05-21,4,羽毛球馆-7号,15:00-16:00,0,1,可预约,￥12.0,多云,17,12,5,0.0,86,29
2026-05-21 08:20:35,2026-05-21,4,羽毛球馆-7号,15:00-16:00,0,1,可预约,￥12.0,多云,17,14,4,0.0,85,29
2026-05-21 08:25:32,2026-05-21,4,羽毛球馆-7号,15:00-16:00,0,1,可预约,￥12.0,多云,17,14,4,0.0,85,28
2026-05-21 08:30:42,2026-05-21,4,羽毛球馆-7号,15:00-16:00,0,1,可预约,￥12.0,多云,18,15,4,0.0,84,28
2026-05-21 08:35:31,2026-05-21,4,羽毛球馆-7号,15:00-16:00,0,1,可预约,￥12.0,多云,18,15,4,0.0,84,28
2026-05-21 08:40:38,2026-05-21,4,羽毛球馆-7号,15:00-16:00,0,1,可预约,￥12.0,多云,18,15,4,0.0,82,28
2026-05-21 08:45:33,2026-05-21,4,羽毛球馆-7号,15:00-16:00,0,1,可预约,￥12.0,多云,18,15,4,0.0,82,28
2026-05-21 08:50:36,2026-05-21,4,羽毛球馆-7号,15:00-16:00,0,1,可预约,￥12.0,多云,18,15,4,0.0,82,28
2026-05-21 08:55:34,2026-05-21,4,羽毛球馆-7号,15:00-16:00,0,1,可预约,￥12.0,多云,18,15,4,0.0,84,28
2026-05-21 09:00:51,2026-05-21,4,羽毛球馆-7号,15:00-16:00,0,1,可预约,￥12.0,多云,18,15,4,0.0,84,28
2026-05-21 09:01:59,2026-05-21,4,羽毛球馆-7号,15:00-16:00,0,1,可预约,￥12.0,多云,18,15,4,0.0,83,28
2026-05-21 09:05:33,2026-05-21,4,羽毛球馆-7号,15:00-16:00,0,1,可预约,￥12.0,多云,18,15,4,0.0,83,28
2026-05-21 09:20:38,2026-05-21,4,羽毛球馆-7号,15:00-16:00,0,1,可预约,￥12.0,多云,18,16,3,0.0,81,28
2026-05-21 09:30:46,2026-05-21,4,羽毛球馆-7号,15:00-16:00,0,1,可预约,￥12.0,多云,18,16,3,0.0,81,32
2026-05-21 09:40:36,2026-05-21,4,羽毛球馆-7号,15:00-16:00,0,1,可预约,￥12.0,多云,19,17,3,0.0,79,32
2026-05-21 09:50:42,2026-05-21,4,羽毛球馆-7号,15:00-16:00,0,1,可预约,￥12.0,多云,19,17,4,0.0,81,32
2026-05-21 10:00:46,2026-05-21,4,羽毛球馆-7号,15:00-16:00,0,1,可预约,￥12.0,多云,19,17,4,0.0,79,32
2026-05-21 10:10:40,2026-05-21,4,羽毛球馆-7号,15:00-16:00,0,1,可预约,￥12.0,多云,19,17,4,0.0,79,32
2026-05-21 10:20:38,2026-05-21,4,羽毛球馆-7号,15:00-16:00,0,1,可预约,￥12.0,多云,19,17,4,0.0,79,32
2026-05-21 10:30:41,2026-05-21,4,羽毛球馆-7号,15:00-16:00,0,1,可预约,￥12.0,多云,19,18,3,0.0,78,31
2026-05-21 11:00:44,2026-05-21,4,羽毛球馆-7号,15:00-16:00,0,1,可预约,￥12.0,多云,21,17,5,0.0,74,31
2026-05-21 11:30:38,2026-05-21,4,羽毛球馆-7号,15:00-16:00,0,1,可预约,￥12.0,多云,21,19,3,0.0,72,33
2026-05-21 12:00:46,2026-05-21,4,羽毛球馆-7号,15:00-16:00,0,1,可预约,￥12.0,多云,22,19,4,0.0,70,33
2026-05-21 12:30:42,2026-05-21,4,羽毛球馆-7号,15:00-16:00,0,1,可预约,￥12.0,多云,22,21,3,0.0,68,35
2026-05-21 13:00:43,2026-05-21,4,羽毛球馆-7号,15:00-16:00,0,1,可预约,￥12.0,多云,24,22,4,0.0,66,35
2026-05-21 13:30:43,2026-05-21,4,羽毛球馆-7号,15:00-16:00,0,1,可预约,￥12.0,多云,24,22,4,0.0,66,36
2026-05-21 14:00:48,2026-05-21,4,羽毛球馆-7号,15:00-16:00,0,1,可预约,￥12.0,多云,25,23,4,0.0,66,36
2026-05-21 14:30:45,2026-05-21,4,羽毛球馆-7号,15:00-16:00,0,1,可预约,￥12.0,晴,25,25,3,0.0,65,39
2026-05-21 15:00:45,2026-05-21,4,羽毛球馆-7号,15:00-16:00,0,1,可预约,￥12.0,晴,25,22,4,0.0,56,39
2026-05-21 15:30:43,2026-05-21,4,羽毛球馆-7号,15:00-16:00,0,1,可预约,￥12.0,晴,25,23,4,0.0,57,40
2026-05-21 16:00:51,2026-05-21,4,羽毛球馆-7号,15:00-16:00,0,1,不开放/已过期,,晴,25,23,4,0.0,57,40
2026-05-21 16:30:48,2026-05-21,4,羽毛球馆-7号,15:00-16:00,0,1,不开放/已过期,,晴,25,24,3,0.0,60,39
2026-05-21 17:00:49,2026-05-21,4,羽毛球馆-7号,15:00-16:00,0,1,不开放/已过期,,晴,25,24,4,0.0,61,39
2026-05-21 17:30:47,2026-05-21,4,羽毛球馆-7号,15:00-16:00,0,1,不开放/已过期,,多云,24,23,3,0.0,64,39
2026-05-21 18:00:50,2026-05-21,4,羽毛球馆-7号,15:00-16:00,0,1,不开放/已过期,,多云,24,23,3,0.0,68,39
2026-05-21 18:30:50,2026-05-21,4,羽毛球馆-7号,15:00-16:00,0,1,不开放/已过期,,阴,24,25,2,0.0,68,40
2026-05-21 19:00:50,2026-05-21,4,羽毛球馆-7号,15:00-16:00,0,1,不开放/已过期,,阴,23,23,3,0.0,76,40
2026-05-21 19:30:46,2026-05-21,4,羽毛球馆-7号,15:00-16:00,0,1,不开放/已过期,,阴,23,24,2,0.0,77,39
2026-05-21 20:00:49,2026-05-21,4,羽毛球馆-7号,15:00-16:00,0,1,不开放/已过期,,雾,22,23,2,0.0,89,39
2026-05-21 20:30:44,2026-05-21,4,羽毛球馆-7号,15:00-16:00,0,1,不开放/已过期,,雾,22,24,2,0.0,93,43
2026-05-21 21:00:56,2026-05-21,4,羽毛球馆-7号,15:00-16:00,0,1,不开放/已过期,,雾,20,21,2,0.0,98,43
2026-05-21 21:30:46,2026-05-21,4,羽毛球馆-7号,15:00-16:00,0,1,不开放/已过期,,雾,20,22,1,0.0,99,41
2026-05-21 22:01:02,2026-05-21,4,羽毛球馆-7号,15:00-16:00,0,1,不开放/已过期,,雾,19,20,2,0.0,93,41
2026-05-21 22:30:47,2026-05-21,4,羽毛球馆-7号,15:00-16:00,0,1,不开放/已过期,,雾,19,19,3,0.0,88,46
2026-05-21 23:00:56,2026-05-21,4,羽毛球馆-7号,15:00-16:00,0,1,不开放/已过期,,多云,18,17,3,0.0,85,46
2026-05-21 23:30:55,2026-05-21,4,羽毛球馆-7号,15:00-16:00,0,1,不开放/已过期,,多云,18,17,3,0.0,85,48
2026-05-21 00:30:49,2026-05-21,4,羽毛球馆-7号,16:00-17:00,1,1,已售/已满,已售,多云,15,13,3,0.0,100,26
2026-05-21 01:00:55,2026-05-21,4,羽毛球馆-7号,16:00-17:00,1,1,已售/已满,已售,多云,15,12,4,0.0,100,26
2026-05-21 01:30:47,2026-05-21,4,羽毛球馆-7号,16:00-17:00,1,1,已售/已满,已售,多云,15,13,4,0.0,100,28
2026-05-21 02:00:53,2026-05-21,4,羽毛球馆-7号,16:00-17:00,1,1,已售/已满,已售,多云,15,12,4,0.0,100,28
2026-05-21 02:30:49,2026-05-21,4,羽毛球馆-7号,16:00-17:00,1,1,已售/已满,已售,多云,15,14,3,0.0,100,29
2026-05-21 03:00:55,2026-05-21,4,羽毛球馆-7号,16:00-17:00,1,1,已售/已满,已售,多云,15,12,4,0.0,100,29
2026-05-21 03:30:49,2026-05-21,4,羽毛球馆-7号,16:00-17:00,1,1,已售/已满,已售,多云,15,14,3,0.0,100,30
2026-05-21 04:30:45,2026-05-21,4,羽毛球馆-7号,16:00-17:00,1,1,已售/已满,已售,多云,15,12,4,0.0,100,29
2026-05-21 05:00:52,2026-05-21,4,羽毛球馆-7号,16:00-17:00,1,1,已售/已满,已售,多云,15,12,4,0.0,100,29
2026-05-21 05:30:49,2026-05-21,4,羽毛球馆-7号,16:00-17:00,1,1,已售/已满,已售,多云,15,13,3,0.0,100,28
2026-05-21 06:00:50,2026-05-21,4,羽毛球馆-7号,16:00-17:00,1,1,已售/已满,已售,多云,15,13,4,0.0,99,28
2026-05-21 06:30:38,2026-05-21,4,羽毛球馆-7号,16:00-17:00,1,1,已售/已满,已售,多云,15,13,3,0.0,97,28
2026-05-21 07:00:43,2026-05-21,4,羽毛球馆-7号,16:00-17:00,1,1,已售/已满,已售,晴,15,11,5,0.0,93,28
2026-05-21 07:30:39,2026-05-21,4,羽毛球馆-7号,16:00-17:00,1,1,已售/已满,已售,晴,17,13,4,0.0,89,29
2026-05-21 07:50:40,2026-05-21,4,羽毛球馆-7号,16:00-17:00,1,1,已售/已满,已售,晴,17,13,4,0.0,88,29
2026-05-21 07:53:31,2026-05-21,4,羽毛球馆-7号,16:00-17:00,1,1,已售/已满,已售,晴,17,12,5,0.0,86,29
2026-05-21 07:56:31,2026-05-21,4,羽毛球馆-7号,16:00-17:00,1,1,已售/已满,已售,晴,17,12,5,0.0,86,29
2026-05-21 07:59:26,2026-05-21,4,羽毛球馆-7号,16:00-17:00,1,1,已售/已满,已售,晴,17,12,5,0.0,86,29
2026-05-21 08:00:45,2026-05-21,4,羽毛球馆-7号,16:00-17:00,1,1,已售/已满,已售,晴,17,12,5,0.0,86,29
2026-05-21 08:02:30,2026-05-21,4,羽毛球馆-7号,16:00-17:00,1,1,已售/已满,已售,多云,17,12,5,0.0,87,29
2026-05-21 08:05:36,2026-05-21,4,羽毛球馆-7号,16:00-17:00,1,1,已售/已满,已售,多云,17,12,5,0.0,86,29
2026-05-21 08:08:31,2026-05-21,4,羽毛球馆-7号,16:00-17:00,1,1,已售/已满,已售,多云,17,12,5,0.0,86,29
2026-05-21 08:11:30,2026-05-21,4,羽毛球馆-7号,16:00-17:00,1,1,已售/已满,已售,多云,17,12,5,0.0,86,29
2026-05-21 08:14:31,2026-05-21,4,羽毛球馆-7号,16:00-17:00,1,1,已售/已满,已售,多云,17,12,5,0.0,86,29
2026-05-21 08:17:30,2026-05-21,4,羽毛球馆-7号,16:00-17:00,1,1,已售/已满,已售,多云,17,12,5,0.0,86,29
2026-05-21 08:20:35,2026-05-21,4,羽毛球馆-7号,16:00-17:00,1,1,已售/已满,已售,多云,17,14,4,0.0,85,29
2026-05-21 08:25:32,2026-05-21,4,羽毛球馆-7号,16:00-17:00,1,1,已售/已满,已售,多云,17,14,4,0.0,85,28
2026-05-21 08:30:42,2026-05-21,4,羽毛球馆-7号,16:00-17:00,1,1,已售/已满,已售,多云,18,15,4,0.0,84,28
2026-05-21 08:35:31,2026-05-21,4,羽毛球馆-7号,16:00-17:00,1,1,已售/已满,已售,多云,18,15,4,0.0,84,28
2026-05-21 08:40:38,2026-05-21,4,羽毛球馆-7号,16:00-17:00,1,1,已售/已满,已售,多云,18,15,4,0.0,82,28
2026-05-21 08:45:33,2026-05-21,4,羽毛球馆-7号,16:00-17:00,1,1,已售/已满,已售,多云,18,15,4,0.0,82,28
2026-05-21 08:50:36,2026-05-21,4,羽毛球馆-7号,16:00-17:00,1,1,已售/已满,已售,多云,18,15,4,0.0,82,28
2026-05-21 08:55:34,2026-05-21,4,羽毛球馆-7号,16:00-17:00,1,1,已售/已满,已售,多云,18,15,4,0.0,84,28
2026-05-21 09:00:51,2026-05-21,4,羽毛球馆-7号,16:00-17:00,1,1,已售/已满,已售,多云,18,15,4,0.0,84,28
2026-05-21 09:01:59,2026-05-21,4,羽毛球馆-7号,16:00-17:00,1,1,已售/已满,已售,多云,18,15,4,0.0,83,28
2026-05-21 09:05:33,2026-05-21,4,羽毛球馆-7号,16:00-17:00,1,1,已售/已满,已售,多云,18,15,4,0.0,83,28
2026-05-21 09:20:38,2026-05-21,4,羽毛球馆-7号,16:00-17:00,1,1,已售/已满,已售,多云,18,16,3,0.0,81,28
2026-05-21 09:30:46,2026-05-21,4,羽毛球馆-7号,16:00-17:00,1,1,已售/已满,已售,多云,18,16,3,0.0,81,32
2026-05-21 09:40:36,2026-05-21,4,羽毛球馆-7号,16:00-17:00,1,1,已售/已满,已售,多云,19,17,3,0.0,79,32
2026-05-21 09:50:42,2026-05-21,4,羽毛球馆-7号,16:00-17:00,1,1,已售/已满,已售,多云,19,17,4,0.0,81,32
2026-05-21 10:00:46,2026-05-21,4,羽毛球馆-7号,16:00-17:00,1,1,已售/已满,已售,多云,19,17,4,0.0,79,32
2026-05-21 10:10:40,2026-05-21,4,羽毛球馆-7号,16:00-17:00,1,1,已售/已满,已售,多云,19,17,4,0.0,79,32
2026-05-21 10:20:38,2026-05-21,4,羽毛球馆-7号,16:00-17:00,1,1,已售/已满,已售,多云,19,17,4,0.0,79,32
2026-05-21 10:30:41,2026-05-21,4,羽毛球馆-7号,16:00-17:00,1,1,已售/已满,已售,多云,19,18,3,0.0,78,31
2026-05-21 11:00:44,2026-05-21,4,羽毛球馆-7号,16:00-17:00,1,1,已售/已满,已售,多云,21,17,5,0.0,74,31
2026-05-21 11:30:38,2026-05-21,4,羽毛球馆-7号,16:00-17:00,1,1,已售/已满,已售,多云,21,19,3,0.0,72,33
2026-05-21 12:00:46,2026-05-21,4,羽毛球馆-7号,16:00-17:00,1,1,已售/已满,已售,多云,22,19,4,0.0,70,33
2026-05-21 12:30:42,2026-05-21,4,羽毛球馆-7号,16:00-17:00,1,1,已售/已满,已售,多云,22,21,3,0.0,68,35
2026-05-21 13:00:43,2026-05-21,4,羽毛球馆-7号,16:00-17:00,1,1,已售/已满,已售,多云,24,22,4,0.0,66,35
2026-05-21 13:30:43,2026-05-21,4,羽毛球馆-7号,16:00-17:00,1,1,已售/已满,已售,多云,24,22,4,0.0,66,36
2026-05-21 14:00:48,2026-05-21,4,羽毛球馆-7号,16:00-17:00,1,1,已售/已满,已售,多云,25,23,4,0.0,66,36
2026-05-21 14:30:45,2026-05-21,4,羽毛球馆-7号,16:00-17:00,1,1,已售/已满,已售,晴,25,25,3,0.0,65,39
2026-05-21 15:00:45,2026-05-21,4,羽毛球馆-7号,16:00-17:00,1,1,已售/已满,已售,晴,25,22,4,0.0,56,39
2026-05-21 15:30:43,2026-05-21,4,羽毛球馆-7号,16:00-17:00,1,1,已售/已满,已售,晴,25,23,4,0.0,57,40
2026-05-21 16:00:51,2026-05-21,4,羽毛球馆-7号,16:00-17:00,1,1,已售/已满,已售,晴,25,23,4,0.0,57,40
2026-05-21 16:30:48,2026-05-21,4,羽毛球馆-7号,16:00-17:00,1,1,已售/已满,已售,晴,25,24,3,0.0,60,39
2026-05-21 17:00:49,2026-05-21,4,羽毛球馆-7号,16:00-17:00,1,1,已售/已满,已售,晴,25,24,4,0.0,61,39
2026-05-21 17:30:47,2026-05-21,4,羽毛球馆-7号,16:00-17:00,1,1,已售/已满,已售,多云,24,23,3,0.0,64,39
2026-05-21 18:00:50,2026-05-21,4,羽毛球馆-7号,16:00-17:00,1,1,已售/已满,已售,多云,24,23,3,0.0,68,39
2026-05-21 18:30:50,2026-05-21,4,羽毛球馆-7号,16:00-17:00,1,1,已售/已满,已售,阴,24,25,2,0.0,68,40
2026-05-21 19:00:50,2026-05-21,4,羽毛球馆-7号,16:00-17:00,1,1,已售/已满,已售,阴,23,23,3,0.0,76,40
2026-05-21 19:30:46,2026-05-21,4,羽毛球馆-7号,16:00-17:00,1,1,已售/已满,已售,阴,23,24,2,0.0,77,39
2026-05-21 20:00:49,2026-05-21,4,羽毛球馆-7号,16:00-17:00,1,1,已售/已满,已售,雾,22,23,2,0.0,89,39
2026-05-21 20:30:44,2026-05-21,4,羽毛球馆-7号,16:00-17:00,1,1,已售/已满,已售,雾,22,24,2,0.0,93,43
2026-05-21 21:00:56,2026-05-21,4,羽毛球馆-7号,16:00-17:00,1,1,已售/已满,已售,雾,20,21,2,0.0,98,43
2026-05-21 21:30:46,2026-05-21,4,羽毛球馆-7号,16:00-17:00,1,1,已售/已满,已售,雾,20,22,1,0.0,99,41
2026-05-21 22:01:02,2026-05-21,4,羽毛球馆-7号,16:00-17:00,1,1,已售/已满,已售,雾,19,20,2,0.0,93,41
2026-05-21 22:30:47,2026-05-21,4,羽毛球馆-7号,16:00-17:00,1,1,已售/已满,已售,雾,19,19,3,0.0,88,46
2026-05-21 23:00:56,2026-05-21,4,羽毛球馆-7号,16:00-17:00,1,1,已售/已满,已售,多云,18,17,3,0.0,85,46
2026-05-21 23:30:55,2026-05-21,4,羽毛球馆-7号,16:00-17:00,1,1,已售/已满,已售,多云,18,17,3,0.0,85,48
2026-05-21 00:30:49,2026-05-21,4,羽毛球馆-7号,17:00-18:00,1,1,已售/已满,已售,多云,15,13,3,0.0,100,26
2026-05-21 01:00:55,2026-05-21,4,羽毛球馆-7号,17:00-18:00,1,1,已售/已满,已售,多云,15,12,4,0.0,100,26
2026-05-21 01:30:47,2026-05-21,4,羽毛球馆-7号,17:00-18:00,1,1,已售/已满,已售,多云,15,13,4,0.0,100,28
2026-05-21 02:00:53,2026-05-21,4,羽毛球馆-7号,17:00-18:00,1,1,已售/已满,已售,多云,15,12,4,0.0,100,28
2026-05-21 02:30:49,2026-05-21,4,羽毛球馆-7号,17:00-18:00,1,1,已售/已满,已售,多云,15,14,3,0.0,100,29
2026-05-21 03:00:55,2026-05-21,4,羽毛球馆-7号,17:00-18:00,1,1,已售/已满,已售,多云,15,12,4,0.0,100,29
2026-05-21 03:30:49,2026-05-21,4,羽毛球馆-7号,17:00-18:00,1,1,已售/已满,已售,多云,15,14,3,0.0,100,30
2026-05-21 04:30:45,2026-05-21,4,羽毛球馆-7号,17:00-18:00,1,1,已售/已满,已售,多云,15,12,4,0.0,100,29
2026-05-21 05:00:52,2026-05-21,4,羽毛球馆-7号,17:00-18:00,1,1,已售/已满,已售,多云,15,12,4,0.0,100,29
2026-05-21 05:30:49,2026-05-21,4,羽毛球馆-7号,17:00-18:00,1,1,已售/已满,已售,多云,15,13,3,0.0,100,28
2026-05-21 06:00:50,2026-05-21,4,羽毛球馆-7号,17:00-18:00,1,1,已售/已满,已售,多云,15,13,4,0.0,99,28
2026-05-21 06:30:38,2026-05-21,4,羽毛球馆-7号,17:00-18:00,1,1,已售/已满,已售,多云,15,13,3,0.0,97,28
2026-05-21 07:00:43,2026-05-21,4,羽毛球馆-7号,17:00-18:00,1,1,已售/已满,已售,晴,15,11,5,0.0,93,28
2026-05-21 07:30:39,2026-05-21,4,羽毛球馆-7号,17:00-18:00,1,1,已售/已满,已售,晴,17,13,4,0.0,89,29
2026-05-21 07:50:40,2026-05-21,4,羽毛球馆-7号,17:00-18:00,1,1,已售/已满,已售,晴,17,13,4,0.0,88,29
2026-05-21 07:53:31,2026-05-21,4,羽毛球馆-7号,17:00-18:00,1,1,已售/已满,已售,晴,17,12,5,0.0,86,29
2026-05-21 07:56:31,2026-05-21,4,羽毛球馆-7号,17:00-18:00,1,1,已售/已满,已售,晴,17,12,5,0.0,86,29
2026-05-21 07:59:26,2026-05-21,4,羽毛球馆-7号,17:00-18:00,1,1,已售/已满,已售,晴,17,12,5,0.0,86,29
2026-05-21 08:00:45,2026-05-21,4,羽毛球馆-7号,17:00-18:00,1,1,已售/已满,已售,晴,17,12,5,0.0,86,29
2026-05-21 08:02:30,2026-05-21,4,羽毛球馆-7号,17:00-18:00,1,1,已售/已满,已售,多云,17,12,5,0.0,87,29
2026-05-21 08:05:36,2026-05-21,4,羽毛球馆-7号,17:00-18:00,1,1,已售/已满,已售,多云,17,12,5,0.0,86,29
2026-05-21 08:08:31,2026-05-21,4,羽毛球馆-7号,17:00-18:00,1,1,已售/已满,已售,多云,17,12,5,0.0,86,29
2026-05-21 08:11:30,2026-05-21,4,羽毛球馆-7号,17:00-18:00,1,1,已售/已满,已售,多云,17,12,5,0.0,86,29
2026-05-21 08:14:31,2026-05-21,4,羽毛球馆-7号,17:00-18:00,1,1,已售/已满,已售,多云,17,12,5,0.0,86,29
2026-05-21 08:17:30,2026-05-21,4,羽毛球馆-7号,17:00-18:00,1,1,已售/已满,已售,多云,17,12,5,0.0,86,29
2026-05-21 08:20:35,2026-05-21,4,羽毛球馆-7号,17:00-18:00,1,1,已售/已满,已售,多云,17,14,4,0.0,85,29
2026-05-21 08:25:32,2026-05-21,4,羽毛球馆-7号,17:00-18:00,1,1,已售/已满,已售,多云,17,14,4,0.0,85,28
2026-05-21 08:30:42,2026-05-21,4,羽毛球馆-7号,17:00-18:00,1,1,已售/已满,已售,多云,18,15,4,0.0,84,28
2026-05-21 08:35:31,2026-05-21,4,羽毛球馆-7号,17:00-18:00,1,1,已售/已满,已售,多云,18,15,4,0.0,84,28
2026-05-21 08:40:38,2026-05-21,4,羽毛球馆-7号,17:00-18:00,1,1,已售/已满,已售,多云,18,15,4,0.0,82,28
2026-05-21 08:45:33,2026-05-21,4,羽毛球馆-7号,17:00-18:00,1,1,已售/已满,已售,多云,18,15,4,0.0,82,28
2026-05-21 08:50:36,2026-05-21,4,羽毛球馆-7号,17:00-18:00,1,1,已售/已满,已售,多云,18,15,4,0.0,82,28
2026-05-21 08:55:34,2026-05-21,4,羽毛球馆-7号,17:00-18:00,1,1,已售/已满,已售,多云,18,15,4,0.0,84,28
2026-05-21 09:00:51,2026-05-21,4,羽毛球馆-7号,17:00-18:00,1,1,已售/已满,已售,多云,18,15,4,0.0,84,28
2026-05-21 09:01:59,2026-05-21,4,羽毛球馆-7号,17:00-18:00,1,1,已售/已满,已售,多云,18,15,4,0.0,83,28
2026-05-21 09:05:33,2026-05-21,4,羽毛球馆-7号,17:00-18:00,1,1,已售/已满,已售,多云,18,15,4,0.0,83,28
2026-05-21 09:20:38,2026-05-21,4,羽毛球馆-7号,17:00-18:00,1,1,已售/已满,已售,多云,18,16,3,0.0,81,28
2026-05-21 09:30:46,2026-05-21,4,羽毛球馆-7号,17:00-18:00,1,1,已售/已满,已售,多云,18,16,3,0.0,81,32
2026-05-21 09:40:36,2026-05-21,4,羽毛球馆-7号,17:00-18:00,1,1,已售/已满,已售,多云,19,17,3,0.0,79,32
2026-05-21 09:50:42,2026-05-21,4,羽毛球馆-7号,17:00-18:00,1,1,已售/已满,已售,多云,19,17,4,0.0,81,32
2026-05-21 10:00:46,2026-05-21,4,羽毛球馆-7号,17:00-18:00,1,1,已售/已满,已售,多云,19,17,4,0.0,79,32
2026-05-21 10:10:40,2026-05-21,4,羽毛球馆-7号,17:00-18:00,1,1,已售/已满,已售,多云,19,17,4,0.0,79,32
2026-05-21 10:20:38,2026-05-21,4,羽毛球馆-7号,17:00-18:00,1,1,已售/已满,已售,多云,19,17,4,0.0,79,32
2026-05-21 10:30:41,2026-05-21,4,羽毛球馆-7号,17:00-18:00,1,1,已售/已满,已售,多云,19,18,3,0.0,78,31
2026-05-21 11:00:44,2026-05-21,4,羽毛球馆-7号,17:00-18:00,1,1,已售/已满,已售,多云,21,17,5,0.0,74,31
2026-05-21 11:30:38,2026-05-21,4,羽毛球馆-7号,17:00-18:00,1,1,已售/已满,已售,多云,21,19,3,0.0,72,33
2026-05-21 12:00:46,2026-05-21,4,羽毛球馆-7号,17:00-18:00,1,1,已售/已满,已售,多云,22,19,4,0.0,70,33
2026-05-21 12:30:42,2026-05-21,4,羽毛球馆-7号,17:00-18:00,1,1,已售/已满,已售,多云,22,21,3,0.0,68,35
2026-05-21 13:00:43,2026-05-21,4,羽毛球馆-7号,17:00-18:00,1,1,已售/已满,已售,多云,24,22,4,0.0,66,35
2026-05-21 13:30:43,2026-05-21,4,羽毛球馆-7号,17:00-18:00,1,1,已售/已满,已售,多云,24,22,4,0.0,66,36
2026-05-21 14:00:48,2026-05-21,4,羽毛球馆-7号,17:00-18:00,1,1,已售/已满,已售,多云,25,23,4,0.0,66,36
2026-05-21 14:30:45,2026-05-21,4,羽毛球馆-7号,17:00-18:00,1,1,已售/已满,已售,晴,25,25,3,0.0,65,39
2026-05-21 15:00:45,2026-05-21,4,羽毛球馆-7号,17:00-18:00,1,1,已售/已满,已售,晴,25,22,4,0.0,56,39
2026-05-21 15:30:43,2026-05-21,4,羽毛球馆-7号,17:00-18:00,1,1,已售/已满,已售,晴,25,23,4,0.0,57,40
2026-05-21 16:00:51,2026-05-21,4,羽毛球馆-7号,17:00-18:00,0,1,可预约,￥12.0,晴,25,23,4,0.0,57,40
2026-05-21 16:30:48,2026-05-21,4,羽毛球馆-7号,17:00-18:00,1,1,已售/已满,已售,晴,25,24,3,0.0,60,39
2026-05-21 17:00:49,2026-05-21,4,羽毛球馆-7号,17:00-18:00,1,1,已售/已满,已售,晴,25,24,4,0.0,61,39
2026-05-21 17:30:47,2026-05-21,4,羽毛球馆-7号,17:00-18:00,1,1,已售/已满,已售,多云,24,23,3,0.0,64,39
2026-05-21 18:00:50,2026-05-21,4,羽毛球馆-7号,17:00-18:00,1,1,已售/已满,已售,多云,24,23,3,0.0,68,39
2026-05-21 18:30:50,2026-05-21,4,羽毛球馆-7号,17:00-18:00,1,1,已售/已满,已售,阴,24,25,2,0.0,68,40
2026-05-21 19:00:50,2026-05-21,4,羽毛球馆-7号,17:00-18:00,1,1,已售/已满,已售,阴,23,23,3,0.0,76,40
2026-05-21 19:30:46,2026-05-21,4,羽毛球馆-7号,17:00-18:00,1,1,已售/已满,已售,阴,23,24,2,0.0,77,39
2026-05-21 20:00:49,2026-05-21,4,羽毛球馆-7号,17:00-18:00,1,1,已售/已满,已售,雾,22,23,2,0.0,89,39
2026-05-21 20:30:44,2026-05-21,4,羽毛球馆-7号,17:00-18:00,1,1,已售/已满,已售,雾,22,24,2,0.0,93,43
2026-05-21 21:00:56,2026-05-21,4,羽毛球馆-7号,17:00-18:00,1,1,已售/已满,已售,雾,20,21,2,0.0,98,43
2026-05-21 21:30:46,2026-05-21,4,羽毛球馆-7号,17:00-18:00,1,1,已售/已满,已售,雾,20,22,1,0.0,99,41
2026-05-21 22:01:02,2026-05-21,4,羽毛球馆-7号,17:00-18:00,1,1,已售/已满,已售,雾,19,20,2,0.0,93,41
2026-05-21 22:30:47,2026-05-21,4,羽毛球馆-7号,17:00-18:00,1,1,已售/已满,已售,雾,19,19,3,0.0,88,46
2026-05-21 23:00:56,2026-05-21,4,羽毛球馆-7号,17:00-18:00,1,1,已售/已满,已售,多云,18,17,3,0.0,85,46
2026-05-21 23:30:55,2026-05-21,4,羽毛球馆-7号,17:00-18:00,1,1,已售/已满,已售,多云,18,17,3,0.0,85,48
2026-05-21 00:30:49,2026-05-21,4,羽毛球馆-7号,18:30-19:30,1,1,已售/已满,教工羽毛球赛,多云,15,13,3,0.0,100,26
2026-05-21 01:00:55,2026-05-21,4,羽毛球馆-7号,18:30-19:30,1,1,已售/已满,教工羽毛球赛,多云,15,12,4,0.0,100,26
2026-05-21 01:30:47,2026-05-21,4,羽毛球馆-7号,18:30-19:30,1,1,已售/已满,教工羽毛球赛,多云,15,13,4,0.0,100,28
2026-05-21 02:00:53,2026-05-21,4,羽毛球馆-7号,18:30-19:30,1,1,已售/已满,教工羽毛球赛,多云,15,12,4,0.0,100,28
2026-05-21 02:30:49,2026-05-21,4,羽毛球馆-7号,18:30-19:30,1,1,已售/已满,教工羽毛球赛,多云,15,14,3,0.0,100,29
2026-05-21 03:00:55,2026-05-21,4,羽毛球馆-7号,18:30-19:30,1,1,已售/已满,教工羽毛球赛,多云,15,12,4,0.0,100,29
2026-05-21 03:30:49,2026-05-21,4,羽毛球馆-7号,18:30-19:30,1,1,已售/已满,教工羽毛球赛,多云,15,14,3,0.0,100,30
2026-05-21 04:30:45,2026-05-21,4,羽毛球馆-7号,18:30-19:30,1,1,已售/已满,教工羽毛球赛,多云,15,12,4,0.0,100,29
2026-05-21 05:00:52,2026-05-21,4,羽毛球馆-7号,18:30-19:30,1,1,已售/已满,教工羽毛球赛,多云,15,12,4,0.0,100,29
2026-05-21 05:30:49,2026-05-21,4,羽毛球馆-7号,18:30-19:30,1,1,已售/已满,教工羽毛球赛,多云,15,13,3,0.0,100,28
2026-05-21 06:00:50,2026-05-21,4,羽毛球馆-7号,18:30-19:30,1,1,已售/已满,教工羽毛球赛,多云,15,13,4,0.0,99,28
2026-05-21 06:30:38,2026-05-21,4,羽毛球馆-7号,18:30-19:30,1,1,已售/已满,教工羽毛球赛,多云,15,13,3,0.0,97,28
2026-05-21 07:00:43,2026-05-21,4,羽毛球馆-7号,18:30-19:30,1,1,已售/已满,教工羽毛球赛,晴,15,11,5,0.0,93,28
2026-05-21 07:30:39,2026-05-21,4,羽毛球馆-7号,18:30-19:30,1,1,已售/已满,教工羽毛球赛,晴,17,13,4,0.0,89,29
2026-05-21 07:50:40,2026-05-21,4,羽毛球馆-7号,18:30-19:30,1,1,已售/已满,教工羽毛球赛,晴,17,13,4,0.0,88,29
2026-05-21 07:53:31,2026-05-21,4,羽毛球馆-7号,18:30-19:30,1,1,已售/已满,教工羽毛球赛,晴,17,12,5,0.0,86,29
2026-05-21 07:56:31,2026-05-21,4,羽毛球馆-7号,18:30-19:30,1,1,已售/已满,教工羽毛球赛,晴,17,12,5,0.0,86,29
2026-05-21 07:59:26,2026-05-21,4,羽毛球馆-7号,18:30-19:30,1,1,已售/已满,教工羽毛球赛,晴,17,12,5,0.0,86,29
2026-05-21 08:00:45,2026-05-21,4,羽毛球馆-7号,18:30-19:30,1,1,已售/已满,教工羽毛球赛,晴,17,12,5,0.0,86,29
2026-05-21 08:02:30,2026-05-21,4,羽毛球馆-7号,18:30-19:30,1,1,已售/已满,教工羽毛球赛,多云,17,12,5,0.0,87,29
2026-05-21 08:05:36,2026-05-21,4,羽毛球馆-7号,18:30-19:30,1,1,已售/已满,教工羽毛球赛,多云,17,12,5,0.0,86,29
2026-05-21 08:08:31,2026-05-21,4,羽毛球馆-7号,18:30-19:30,1,1,已售/已满,教工羽毛球赛,多云,17,12,5,0.0,86,29
2026-05-21 08:11:30,2026-05-21,4,羽毛球馆-7号,18:30-19:30,1,1,已售/已满,教工羽毛球赛,多云,17,12,5,0.0,86,29
2026-05-21 08:14:31,2026-05-21,4,羽毛球馆-7号,18:30-19:30,1,1,已售/已满,教工羽毛球赛,多云,17,12,5,0.0,86,29
2026-05-21 08:17:30,2026-05-21,4,羽毛球馆-7号,18:30-19:30,1,1,已售/已满,教工羽毛球赛,多云,17,12,5,0.0,86,29
2026-05-21 08:20:35,2026-05-21,4,羽毛球馆-7号,18:30-19:30,1,1,已售/已满,教工羽毛球赛,多云,17,14,4,0.0,85,29
2026-05-21 08:25:32,2026-05-21,4,羽毛球馆-7号,18:30-19:30,1,1,已售/已满,教工羽毛球赛,多云,17,14,4,0.0,85,28
2026-05-21 08:30:42,2026-05-21,4,羽毛球馆-7号,18:30-19:30,1,1,已售/已满,教工羽毛球赛,多云,18,15,4,0.0,84,28
2026-05-21 08:35:31,2026-05-21,4,羽毛球馆-7号,18:30-19:30,1,1,已售/已满,教工羽毛球赛,多云,18,15,4,0.0,84,28
2026-05-21 08:40:38,2026-05-21,4,羽毛球馆-7号,18:30-19:30,1,1,已售/已满,教工羽毛球赛,多云,18,15,4,0.0,82,28
2026-05-21 08:45:33,2026-05-21,4,羽毛球馆-7号,18:30-19:30,1,1,已售/已满,教工羽毛球赛,多云,18,15,4,0.0,82,28
2026-05-21 08:50:36,2026-05-21,4,羽毛球馆-7号,18:30-19:30,1,1,已售/已满,教工羽毛球赛,多云,18,15,4,0.0,82,28
2026-05-21 08:55:34,2026-05-21,4,羽毛球馆-7号,18:30-19:30,1,1,已售/已满,教工羽毛球赛,多云,18,15,4,0.0,84,28
2026-05-21 09:00:51,2026-05-21,4,羽毛球馆-7号,18:30-19:30,1,1,已售/已满,教工羽毛球赛,多云,18,15,4,0.0,84,28
2026-05-21 09:01:59,2026-05-21,4,羽毛球馆-7号,18:30-19:30,1,1,已售/已满,教工羽毛球赛,多云,18,15,4,0.0,83,28
2026-05-21 09:05:33,2026-05-21,4,羽毛球馆-7号,18:30-19:30,1,1,已售/已满,教工羽毛球赛,多云,18,15,4,0.0,83,28
2026-05-21 09:20:38,2026-05-21,4,羽毛球馆-7号,18:30-19:30,1,1,已售/已满,教工羽毛球赛,多云,18,16,3,0.0,81,28
2026-05-21 09:30:46,2026-05-21,4,羽毛球馆-7号,18:30-19:30,1,1,已售/已满,教工羽毛球赛,多云,18,16,3,0.0,81,32
2026-05-21 09:40:36,2026-05-21,4,羽毛球馆-7号,18:30-19:30,1,1,已售/已满,教工羽毛球赛,多云,19,17,3,0.0,79,32
2026-05-21 09:50:42,2026-05-21,4,羽毛球馆-7号,18:30-19:30,1,1,已售/已满,教工羽毛球赛,多云,19,17,4,0.0,81,32
2026-05-21 10:00:46,2026-05-21,4,羽毛球馆-7号,18:30-19:30,1,1,已售/已满,教工羽毛球赛,多云,19,17,4,0.0,79,32
2026-05-21 10:10:40,2026-05-21,4,羽毛球馆-7号,18:30-19:30,1,1,已售/已满,教工羽毛球赛,多云,19,17,4,0.0,79,32
2026-05-21 10:20:38,2026-05-21,4,羽毛球馆-7号,18:30-19:30,1,1,已售/已满,教工羽毛球赛,多云,19,17,4,0.0,79,32
2026-05-21 10:30:41,2026-05-21,4,羽毛球馆-7号,18:30-19:30,1,1,已售/已满,教工羽毛球赛,多云,19,18,3,0.0,78,31
2026-05-21 11:00:44,2026-05-21,4,羽毛球馆-7号,18:30-19:30,1,1,已售/已满,教工羽毛球赛,多云,21,17,5,0.0,74,31
2026-05-21 11:30:38,2026-05-21,4,羽毛球馆-7号,18:30-19:30,1,1,已售/已满,教工羽毛球赛,多云,21,19,3,0.0,72,33
2026-05-21 12:00:46,2026-05-21,4,羽毛球馆-7号,18:30-19:30,1,1,已售/已满,教工羽毛球赛,多云,22,19,4,0.0,70,33
2026-05-21 12:30:42,2026-05-21,4,羽毛球馆-7号,18:30-19:30,1,1,已售/已满,教工羽毛球赛,多云,22,21,3,0.0,68,35
2026-05-21 13:00:43,2026-05-21,4,羽毛球馆-7号,18:30-19:30,1,1,已售/已满,教工羽毛球赛,多云,24,22,4,0.0,66,35
2026-05-21 13:30:43,2026-05-21,4,羽毛球馆-7号,18:30-19:30,1,1,已售/已满,教工羽毛球赛,多云,24,22,4,0.0,66,36
2026-05-21 14:00:48,2026-05-21,4,羽毛球馆-7号,18:30-19:30,1,1,已售/已满,教工羽毛球赛,多云,25,23,4,0.0,66,36
2026-05-21 14:30:45,2026-05-21,4,羽毛球馆-7号,18:30-19:30,1,1,已售/已满,教工羽毛球赛,晴,25,25,3,0.0,65,39
2026-05-21 15:00:45,2026-05-21,4,羽毛球馆-7号,18:30-19:30,1,1,已售/已满,教工羽毛球赛,晴,25,22,4,0.0,56,39
2026-05-21 15:30:43,2026-05-21,4,羽毛球馆-7号,18:30-19:30,1,1,已售/已满,教工羽毛球赛,晴,25,23,4,0.0,57,40
2026-05-21 16:00:51,2026-05-21,4,羽毛球馆-7号,18:30-19:30,1,1,已售/已满,教工羽毛球赛,晴,25,23,4,0.0,57,40
2026-05-21 16:30:48,2026-05-21,4,羽毛球馆-7号,18:30-19:30,1,1,已售/已满,教工羽毛球赛,晴,25,24,3,0.0,60,39
2026-05-21 17:00:49,2026-05-21,4,羽毛球馆-7号,18:30-19:30,1,1,已售/已满,教工羽毛球赛,晴,25,24,4,0.0,61,39
2026-05-21 17:30:47,2026-05-21,4,羽毛球馆-7号,18:30-19:30,1,1,已售/已满,教工羽毛球赛,多云,24,23,3,0.0,64,39
2026-05-21 18:00:50,2026-05-21,4,羽毛球馆-7号,18:30-19:30,1,1,已售/已满,教工羽毛球赛,多云,24,23,3,0.0,68,39
2026-05-21 18:30:50,2026-05-21,4,羽毛球馆-7号,18:30-19:30,1,1,已售/已满,教工羽毛球赛,阴,24,25,2,0.0,68,40
2026-05-21 19:00:50,2026-05-21,4,羽毛球馆-7号,18:30-19:30,1,1,已售/已满,教工羽毛球赛,阴,23,23,3,0.0,76,40
2026-05-21 19:30:46,2026-05-21,4,羽毛球馆-7号,18:30-19:30,1,1,已售/已满,教工羽毛球赛,阴,23,24,2,0.0,77,39
2026-05-21 20:00:49,2026-05-21,4,羽毛球馆-7号,18:30-19:30,1,1,已售/已满,教工羽毛球赛,雾,22,23,2,0.0,89,39
2026-05-21 20:30:44,2026-05-21,4,羽毛球馆-7号,18:30-19:30,1,1,已售/已满,教工羽毛球赛,雾,22,24,2,0.0,93,43
2026-05-21 21:00:56,2026-05-21,4,羽毛球馆-7号,18:30-19:30,1,1,已售/已满,教工羽毛球赛,雾,20,21,2,0.0,98,43
2026-05-21 21:30:46,2026-05-21,4,羽毛球馆-7号,18:30-19:30,1,1,已售/已满,教工羽毛球赛,雾,20,22,1,0.0,99,41
2026-05-21 22:01:02,2026-05-21,4,羽毛球馆-7号,18:30-19:30,1,1,已售/已满,教工羽毛球赛,雾,19,20,2,0.0,93,41
2026-05-21 22:30:47,2026-05-21,4,羽毛球馆-7号,18:30-19:30,1,1,已售/已满,教工羽毛球赛,雾,19,19,3,0.0,88,46
2026-05-21 23:00:56,2026-05-21,4,羽毛球馆-7号,18:30-19:30,1,1,已售/已满,教工羽毛球赛,多云,18,17,3,0.0,85,46
2026-05-21 23:30:55,2026-05-21,4,羽毛球馆-7号,18:30-19:30,1,1,已售/已满,教工羽毛球赛,多云,18,17,3,0.0,85,48
2026-05-21 00:30:49,2026-05-21,4,羽毛球馆-7号,19:30-20:30,1,1,已售/已满,教工羽毛球赛,多云,15,13,3,0.0,100,26
2026-05-21 01:00:55,2026-05-21,4,羽毛球馆-7号,19:30-20:30,1,1,已售/已满,教工羽毛球赛,多云,15,12,4,0.0,100,26
2026-05-21 01:30:47,2026-05-21,4,羽毛球馆-7号,19:30-20:30,1,1,已售/已满,教工羽毛球赛,多云,15,13,4,0.0,100,28
2026-05-21 02:00:53,2026-05-21,4,羽毛球馆-7号,19:30-20:30,1,1,已售/已满,教工羽毛球赛,多云,15,12,4,0.0,100,28
2026-05-21 02:30:49,2026-05-21,4,羽毛球馆-7号,19:30-20:30,1,1,已售/已满,教工羽毛球赛,多云,15,14,3,0.0,100,29
2026-05-21 03:00:55,2026-05-21,4,羽毛球馆-7号,19:30-20:30,1,1,已售/已满,教工羽毛球赛,多云,15,12,4,0.0,100,29
2026-05-21 03:30:49,2026-05-21,4,羽毛球馆-7号,19:30-20:30,1,1,已售/已满,教工羽毛球赛,多云,15,14,3,0.0,100,30
2026-05-21 04:30:45,2026-05-21,4,羽毛球馆-7号,19:30-20:30,1,1,已售/已满,教工羽毛球赛,多云,15,12,4,0.0,100,29
2026-05-21 05:00:52,2026-05-21,4,羽毛球馆-7号,19:30-20:30,1,1,已售/已满,教工羽毛球赛,多云,15,12,4,0.0,100,29
2026-05-21 05:30:49,2026-05-21,4,羽毛球馆-7号,19:30-20:30,1,1,已售/已满,教工羽毛球赛,多云,15,13,3,0.0,100,28
2026-05-21 06:00:50,2026-05-21,4,羽毛球馆-7号,19:30-20:30,1,1,已售/已满,教工羽毛球赛,多云,15,13,4,0.0,99,28
2026-05-21 06:30:38,2026-05-21,4,羽毛球馆-7号,19:30-20:30,1,1,已售/已满,教工羽毛球赛,多云,15,13,3,0.0,97,28
2026-05-21 07:00:43,2026-05-21,4,羽毛球馆-7号,19:30-20:30,1,1,已售/已满,教工羽毛球赛,晴,15,11,5,0.0,93,28
2026-05-21 07:30:39,2026-05-21,4,羽毛球馆-7号,19:30-20:30,1,1,已售/已满,教工羽毛球赛,晴,17,13,4,0.0,89,29
2026-05-21 07:50:40,2026-05-21,4,羽毛球馆-7号,19:30-20:30,1,1,已售/已满,教工羽毛球赛,晴,17,13,4,0.0,88,29
2026-05-21 07:53:31,2026-05-21,4,羽毛球馆-7号,19:30-20:30,1,1,已售/已满,教工羽毛球赛,晴,17,12,5,0.0,86,29
2026-05-21 07:56:31,2026-05-21,4,羽毛球馆-7号,19:30-20:30,1,1,已售/已满,教工羽毛球赛,晴,17,12,5,0.0,86,29
2026-05-21 07:59:26,2026-05-21,4,羽毛球馆-7号,19:30-20:30,1,1,已售/已满,教工羽毛球赛,晴,17,12,5,0.0,86,29
2026-05-21 08:00:45,2026-05-21,4,羽毛球馆-7号,19:30-20:30,1,1,已售/已满,教工羽毛球赛,晴,17,12,5,0.0,86,29
2026-05-21 08:02:30,2026-05-21,4,羽毛球馆-7号,19:30-20:30,1,1,已售/已满,教工羽毛球赛,多云,17,12,5,0.0,87,29
2026-05-21 08:05:36,2026-05-21,4,羽毛球馆-7号,19:30-20:30,1,1,已售/已满,教工羽毛球赛,多云,17,12,5,0.0,86,29
2026-05-21 08:08:31,2026-05-21,4,羽毛球馆-7号,19:30-20:30,1,1,已售/已满,教工羽毛球赛,多云,17,12,5,0.0,86,29
2026-05-21 08:11:30,2026-05-21,4,羽毛球馆-7号,19:30-20:30,1,1,已售/已满,教工羽毛球赛,多云,17,12,5,0.0,86,29
2026-05-21 08:14:31,2026-05-21,4,羽毛球馆-7号,19:30-20:30,1,1,已售/已满,教工羽毛球赛,多云,17,12,5,0.0,86,29
2026-05-21 08:17:30,2026-05-21,4,羽毛球馆-7号,19:30-20:30,1,1,已售/已满,教工羽毛球赛,多云,17,12,5,0.0,86,29
2026-05-21 08:20:35,2026-05-21,4,羽毛球馆-7号,19:30-20:30,1,1,已售/已满,教工羽毛球赛,多云,17,14,4,0.0,85,29
2026-05-21 08:25:32,2026-05-21,4,羽毛球馆-7号,19:30-20:30,1,1,已售/已满,教工羽毛球赛,多云,17,14,4,0.0,85,28
2026-05-21 08:30:42,2026-05-21,4,羽毛球馆-7号,19:30-20:30,1,1,已售/已满,教工羽毛球赛,多云,18,15,4,0.0,84,28
2026-05-21 08:35:31,2026-05-21,4,羽毛球馆-7号,19:30-20:30,1,1,已售/已满,教工羽毛球赛,多云,18,15,4,0.0,84,28
2026-05-21 08:40:38,2026-05-21,4,羽毛球馆-7号,19:30-20:30,1,1,已售/已满,教工羽毛球赛,多云,18,15,4,0.0,82,28
2026-05-21 08:45:33,2026-05-21,4,羽毛球馆-7号,19:30-20:30,1,1,已售/已满,教工羽毛球赛,多云,18,15,4,0.0,82,28
2026-05-21 08:50:36,2026-05-21,4,羽毛球馆-7号,19:30-20:30,1,1,已售/已满,教工羽毛球赛,多云,18,15,4,0.0,82,28
2026-05-21 08:55:34,2026-05-21,4,羽毛球馆-7号,19:30-20:30,1,1,已售/已满,教工羽毛球赛,多云,18,15,4,0.0,84,28
2026-05-21 09:00:51,2026-05-21,4,羽毛球馆-7号,19:30-20:30,1,1,已售/已满,教工羽毛球赛,多云,18,15,4,0.0,84,28
2026-05-21 09:01:59,2026-05-21,4,羽毛球馆-7号,19:30-20:30,1,1,已售/已满,教工羽毛球赛,多云,18,15,4,0.0,83,28
2026-05-21 09:05:33,2026-05-21,4,羽毛球馆-7号,19:30-20:30,1,1,已售/已满,教工羽毛球赛,多云,18,15,4,0.0,83,28
2026-05-21 09:20:38,2026-05-21,4,羽毛球馆-7号,19:30-20:30,1,1,已售/已满,教工羽毛球赛,多云,18,16,3,0.0,81,28
2026-05-21 09:30:46,2026-05-21,4,羽毛球馆-7号,19:30-20:30,1,1,已售/已满,教工羽毛球赛,多云,18,16,3,0.0,81,32
2026-05-21 09:40:36,2026-05-21,4,羽毛球馆-7号,19:30-20:30,1,1,已售/已满,教工羽毛球赛,多云,19,17,3,0.0,79,32
2026-05-21 09:50:42,2026-05-21,4,羽毛球馆-7号,19:30-20:30,1,1,已售/已满,教工羽毛球赛,多云,19,17,4,0.0,81,32
2026-05-21 10:00:46,2026-05-21,4,羽毛球馆-7号,19:30-20:30,1,1,已售/已满,教工羽毛球赛,多云,19,17,4,0.0,79,32
2026-05-21 10:10:40,2026-05-21,4,羽毛球馆-7号,19:30-20:30,1,1,已售/已满,教工羽毛球赛,多云,19,17,4,0.0,79,32
2026-05-21 10:20:38,2026-05-21,4,羽毛球馆-7号,19:30-20:30,1,1,已售/已满,教工羽毛球赛,多云,19,17,4,0.0,79,32
2026-05-21 10:30:41,2026-05-21,4,羽毛球馆-7号,19:30-20:30,1,1,已售/已满,教工羽毛球赛,多云,19,18,3,0.0,78,31
2026-05-21 11:00:44,2026-05-21,4,羽毛球馆-7号,19:30-20:30,1,1,已售/已满,教工羽毛球赛,多云,21,17,5,0.0,74,31
2026-05-21 11:30:38,2026-05-21,4,羽毛球馆-7号,19:30-20:30,1,1,已售/已满,教工羽毛球赛,多云,21,19,3,0.0,72,33
2026-05-21 12:00:46,2026-05-21,4,羽毛球馆-7号,19:30-20:30,1,1,已售/已满,教工羽毛球赛,多云,22,19,4,0.0,70,33
2026-05-21 12:30:42,2026-05-21,4,羽毛球馆-7号,19:30-20:30,1,1,已售/已满,教工羽毛球赛,多云,22,21,3,0.0,68,35
2026-05-21 13:00:43,2026-05-21,4,羽毛球馆-7号,19:30-20:30,1,1,已售/已满,教工羽毛球赛,多云,24,22,4,0.0,66,35
2026-05-21 13:30:43,2026-05-21,4,羽毛球馆-7号,19:30-20:30,1,1,已售/已满,教工羽毛球赛,多云,24,22,4,0.0,66,36
2026-05-21 14:00:48,2026-05-21,4,羽毛球馆-7号,19:30-20:30,1,1,已售/已满,教工羽毛球赛,多云,25,23,4,0.0,66,36
2026-05-21 14:30:45,2026-05-21,4,羽毛球馆-7号,19:30-20:30,1,1,已售/已满,教工羽毛球赛,晴,25,25,3,0.0,65,39
2026-05-21 15:00:45,2026-05-21,4,羽毛球馆-7号,19:30-20:30,1,1,已售/已满,教工羽毛球赛,晴,25,22,4,0.0,56,39
2026-05-21 15:30:43,2026-05-21,4,羽毛球馆-7号,19:30-20:30,1,1,已售/已满,教工羽毛球赛,晴,25,23,4,0.0,57,40
2026-05-21 16:00:51,2026-05-21,4,羽毛球馆-7号,19:30-20:30,1,1,已售/已满,教工羽毛球赛,晴,25,23,4,0.0,57,40
2026-05-21 16:30:48,2026-05-21,4,羽毛球馆-7号,19:30-20:30,1,1,已售/已满,教工羽毛球赛,晴,25,24,3,0.0,60,39
2026-05-21 17:00:49,2026-05-21,4,羽毛球馆-7号,19:30-20:30,1,1,已售/已满,教工羽毛球赛,晴,25,24,4,0.0,61,39
2026-05-21 17:30:47,2026-05-21,4,羽毛球馆-7号,19:30-20:30,1,1,已售/已满,教工羽毛球赛,多云,24,23,3,0.0,64,39
2026-05-21 18:00:50,2026-05-21,4,羽毛球馆-7号,19:30-20:30,1,1,已售/已满,教工羽毛球赛,多云,24,23,3,0.0,68,39
2026-05-21 18:30:50,2026-05-21,4,羽毛球馆-7号,19:30-20:30,1,1,已售/已满,教工羽毛球赛,阴,24,25,2,0.0,68,40
2026-05-21 19:00:50,2026-05-21,4,羽毛球馆-7号,19:30-20:30,1,1,已售/已满,教工羽毛球赛,阴,23,23,3,0.0,76,40
2026-05-21 19:30:46,2026-05-21,4,羽毛球馆-7号,19:30-20:30,1,1,已售/已满,教工羽毛球赛,阴,23,24,2,0.0,77,39
2026-05-21 20:00:49,2026-05-21,4,羽毛球馆-7号,19:30-20:30,1,1,已售/已满,教工羽毛球赛,雾,22,23,2,0.0,89,39
2026-05-21 20:30:44,2026-05-21,4,羽毛球馆-7号,19:30-20:30,1,1,已售/已满,教工羽毛球赛,雾,22,24,2,0.0,93,43
2026-05-21 21:00:56,2026-05-21,4,羽毛球馆-7号,19:30-20:30,1,1,已售/已满,教工羽毛球赛,雾,20,21,2,0.0,98,43
2026-05-21 21:30:46,2026-05-21,4,羽毛球馆-7号,19:30-20:30,1,1,已售/已满,教工羽毛球赛,雾,20,22,1,0.0,99,41
2026-05-21 22:01:02,2026-05-21,4,羽毛球馆-7号,19:30-20:30,1,1,已售/已满,教工羽毛球赛,雾,19,20,2,0.0,93,41
2026-05-21 22:30:47,2026-05-21,4,羽毛球馆-7号,19:30-20:30,1,1,已售/已满,教工羽毛球赛,雾,19,19,3,0.0,88,46
2026-05-21 23:00:56,2026-05-21,4,羽毛球馆-7号,19:30-20:30,1,1,已售/已满,教工羽毛球赛,多云,18,17,3,0.0,85,46
2026-05-21 23:30:55,2026-05-21,4,羽毛球馆-7号,19:30-20:30,1,1,已售/已满,教工羽毛球赛,多云,18,17,3,0.0,85,48
2026-05-21 00:30:49,2026-05-21,4,羽毛球馆-7号,20:30-21:30,1,1,已售/已满,教工羽毛球赛,多云,15,13,3,0.0,100,26
2026-05-21 01:00:55,2026-05-21,4,羽毛球馆-7号,20:30-21:30,1,1,已售/已满,教工羽毛球赛,多云,15,12,4,0.0,100,26
2026-05-21 01:30:47,2026-05-21,4,羽毛球馆-7号,20:30-21:30,1,1,已售/已满,教工羽毛球赛,多云,15,13,4,0.0,100,28
2026-05-21 02:00:53,2026-05-21,4,羽毛球馆-7号,20:30-21:30,1,1,已售/已满,教工羽毛球赛,多云,15,12,4,0.0,100,28
2026-05-21 02:30:49,2026-05-21,4,羽毛球馆-7号,20:30-21:30,1,1,已售/已满,教工羽毛球赛,多云,15,14,3,0.0,100,29
2026-05-21 03:00:55,2026-05-21,4,羽毛球馆-7号,20:30-21:30,1,1,已售/已满,教工羽毛球赛,多云,15,12,4,0.0,100,29
2026-05-21 03:30:49,2026-05-21,4,羽毛球馆-7号,20:30-21:30,1,1,已售/已满,教工羽毛球赛,多云,15,14,3,0.0,100,30
2026-05-21 04:30:45,2026-05-21,4,羽毛球馆-7号,20:30-21:30,1,1,已售/已满,教工羽毛球赛,多云,15,12,4,0.0,100,29
2026-05-21 05:00:52,2026-05-21,4,羽毛球馆-7号,20:30-21:30,1,1,已售/已满,教工羽毛球赛,多云,15,12,4,0.0,100,29
2026-05-21 05:30:49,2026-05-21,4,羽毛球馆-7号,20:30-21:30,1,1,已售/已满,教工羽毛球赛,多云,15,13,3,0.0,100,28
2026-05-21 06:00:50,2026-05-21,4,羽毛球馆-7号,20:30-21:30,1,1,已售/已满,教工羽毛球赛,多云,15,13,4,0.0,99,28
2026-05-21 06:30:38,2026-05-21,4,羽毛球馆-7号,20:30-21:30,1,1,已售/已满,教工羽毛球赛,多云,15,13,3,0.0,97,28
2026-05-21 07:00:43,2026-05-21,4,羽毛球馆-7号,20:30-21:30,1,1,已售/已满,教工羽毛球赛,晴,15,11,5,0.0,93,28
2026-05-21 07:30:39,2026-05-21,4,羽毛球馆-7号,20:30-21:30,1,1,已售/已满,教工羽毛球赛,晴,17,13,4,0.0,89,29
2026-05-21 07:50:40,2026-05-21,4,羽毛球馆-7号,20:30-21:30,1,1,已售/已满,教工羽毛球赛,晴,17,13,4,0.0,88,29
2026-05-21 07:53:31,2026-05-21,4,羽毛球馆-7号,20:30-21:30,1,1,已售/已满,教工羽毛球赛,晴,17,12,5,0.0,86,29
2026-05-21 07:56:31,2026-05-21,4,羽毛球馆-7号,20:30-21:30,1,1,已售/已满,教工羽毛球赛,晴,17,12,5,0.0,86,29
2026-05-21 07:59:26,2026-05-21,4,羽毛球馆-7号,20:30-21:30,1,1,已售/已满,教工羽毛球赛,晴,17,12,5,0.0,86,29
2026-05-21 08:00:45,2026-05-21,4,羽毛球馆-7号,20:30-21:30,1,1,已售/已满,教工羽毛球赛,晴,17,12,5,0.0,86,29
2026-05-21 08:02:30,2026-05-21,4,羽毛球馆-7号,20:30-21:30,1,1,已售/已满,教工羽毛球赛,多云,17,12,5,0.0,87,29
2026-05-21 08:05:36,2026-05-21,4,羽毛球馆-7号,20:30-21:30,1,1,已售/已满,教工羽毛球赛,多云,17,12,5,0.0,86,29
2026-05-21 08:08:31,2026-05-21,4,羽毛球馆-7号,20:30-21:30,1,1,已售/已满,教工羽毛球赛,多云,17,12,5,0.0,86,29
2026-05-21 08:11:30,2026-05-21,4,羽毛球馆-7号,20:30-21:30,1,1,已售/已满,教工羽毛球赛,多云,17,12,5,0.0,86,29
2026-05-21 08:14:31,2026-05-21,4,羽毛球馆-7号,20:30-21:30,1,1,已售/已满,教工羽毛球赛,多云,17,12,5,0.0,86,29
2026-05-21 08:17:30,2026-05-21,4,羽毛球馆-7号,20:30-21:30,1,1,已售/已满,教工羽毛球赛,多云,17,12,5,0.0,86,29
2026-05-21 08:20:35,2026-05-21,4,羽毛球馆-7号,20:30-21:30,1,1,已售/已满,教工羽毛球赛,多云,17,14,4,0.0,85,29
2026-05-21 08:25:32,2026-05-21,4,羽毛球馆-7号,20:30-21:30,1,1,已售/已满,教工羽毛球赛,多云,17,14,4,0.0,85,28
2026-05-21 08:30:42,2026-05-21,4,羽毛球馆-7号,20:30-21:30,1,1,已售/已满,教工羽毛球赛,多云,18,15,4,0.0,84,28
2026-05-21 08:35:31,2026-05-21,4,羽毛球馆-7号,20:30-21:30,1,1,已售/已满,教工羽毛球赛,多云,18,15,4,0.0,84,28
2026-05-21 08:40:38,2026-05-21,4,羽毛球馆-7号,20:30-21:30,1,1,已售/已满,教工羽毛球赛,多云,18,15,4,0.0,82,28
2026-05-21 08:45:33,2026-05-21,4,羽毛球馆-7号,20:30-21:30,1,1,已售/已满,教工羽毛球赛,多云,18,15,4,0.0,82,28
2026-05-21 08:50:36,2026-05-21,4,羽毛球馆-7号,20:30-21:30,1,1,已售/已满,教工羽毛球赛,多云,18,15,4,0.0,82,28
2026-05-21 08:55:34,2026-05-21,4,羽毛球馆-7号,20:30-21:30,1,1,已售/已满,教工羽毛球赛,多云,18,15,4,0.0,84,28
2026-05-21 09:00:51,2026-05-21,4,羽毛球馆-7号,20:30-21:30,1,1,已售/已满,教工羽毛球赛,多云,18,15,4,0.0,84,28
2026-05-21 09:01:59,2026-05-21,4,羽毛球馆-7号,20:30-21:30,1,1,已售/已满,教工羽毛球赛,多云,18,15,4,0.0,83,28
2026-05-21 09:05:33,2026-05-21,4,羽毛球馆-7号,20:30-21:30,1,1,已售/已满,教工羽毛球赛,多云,18,15,4,0.0,83,28
2026-05-21 09:20:38,2026-05-21,4,羽毛球馆-7号,20:30-21:30,1,1,已售/已满,教工羽毛球赛,多云,18,16,3,0.0,81,28
2026-05-21 09:30:46,2026-05-21,4,羽毛球馆-7号,20:30-21:30,1,1,已售/已满,教工羽毛球赛,多云,18,16,3,0.0,81,32
2026-05-21 09:40:36,2026-05-21,4,羽毛球馆-7号,20:30-21:30,1,1,已售/已满,教工羽毛球赛,多云,19,17,3,0.0,79,32
2026-05-21 09:50:42,2026-05-21,4,羽毛球馆-7号,20:30-21:30,1,1,已售/已满,教工羽毛球赛,多云,19,17,4,0.0,81,32
2026-05-21 10:00:46,2026-05-21,4,羽毛球馆-7号,20:30-21:30,1,1,已售/已满,教工羽毛球赛,多云,19,17,4,0.0,79,32
2026-05-21 10:10:40,2026-05-21,4,羽毛球馆-7号,20:30-21:30,1,1,已售/已满,教工羽毛球赛,多云,19,17,4,0.0,79,32
2026-05-21 10:20:38,2026-05-21,4,羽毛球馆-7号,20:30-21:30,1,1,已售/已满,教工羽毛球赛,多云,19,17,4,0.0,79,32
2026-05-21 10:30:41,2026-05-21,4,羽毛球馆-7号,20:30-21:30,1,1,已售/已满,教工羽毛球赛,多云,19,18,3,0.0,78,31
2026-05-21 11:00:44,2026-05-21,4,羽毛球馆-7号,20:30-21:30,1,1,已售/已满,教工羽毛球赛,多云,21,17,5,0.0,74,31
2026-05-21 11:30:38,2026-05-21,4,羽毛球馆-7号,20:30-21:30,1,1,已售/已满,教工羽毛球赛,多云,21,19,3,0.0,72,33
2026-05-21 12:00:46,2026-05-21,4,羽毛球馆-7号,20:30-21:30,1,1,已售/已满,教工羽毛球赛,多云,22,19,4,0.0,70,33
2026-05-21 12:30:42,2026-05-21,4,羽毛球馆-7号,20:30-21:30,1,1,已售/已满,教工羽毛球赛,多云,22,21,3,0.0,68,35
2026-05-21 13:00:43,2026-05-21,4,羽毛球馆-7号,20:30-21:30,1,1,已售/已满,教工羽毛球赛,多云,24,22,4,0.0,66,35
2026-05-21 13:30:43,2026-05-21,4,羽毛球馆-7号,20:30-21:30,1,1,已售/已满,教工羽毛球赛,多云,24,22,4,0.0,66,36
2026-05-21 14:00:48,2026-05-21,4,羽毛球馆-7号,20:30-21:30,1,1,已售/已满,教工羽毛球赛,多云,25,23,4,0.0,66,36
2026-05-21 14:30:45,2026-05-21,4,羽毛球馆-7号,20:30-21:30,1,1,已售/已满,教工羽毛球赛,晴,25,25,3,0.0,65,39
2026-05-21 15:00:45,2026-05-21,4,羽毛球馆-7号,20:30-21:30,1,1,已售/已满,教工羽毛球赛,晴,25,22,4,0.0,56,39
2026-05-21 15:30:43,2026-05-21,4,羽毛球馆-7号,20:30-21:30,1,1,已售/已满,教工羽毛球赛,晴,25,23,4,0.0,57,40
2026-05-21 16:00:51,2026-05-21,4,羽毛球馆-7号,20:30-21:30,1,1,已售/已满,教工羽毛球赛,晴,25,23,4,0.0,57,40
2026-05-21 16:30:48,2026-05-21,4,羽毛球馆-7号,20:30-21:30,1,1,已售/已满,教工羽毛球赛,晴,25,24,3,0.0,60,39
2026-05-21 17:00:49,2026-05-21,4,羽毛球馆-7号,20:30-21:30,1,1,已售/已满,教工羽毛球赛,晴,25,24,4,0.0,61,39
2026-05-21 17:30:47,2026-05-21,4,羽毛球馆-7号,20:30-21:30,1,1,已售/已满,教工羽毛球赛,多云,24,23,3,0.0,64,39
2026-05-21 18:00:50,2026-05-21,4,羽毛球馆-7号,20:30-21:30,1,1,已售/已满,教工羽毛球赛,多云,24,23,3,0.0,68,39
2026-05-21 18:30:50,2026-05-21,4,羽毛球馆-7号,20:30-21:30,1,1,已售/已满,教工羽毛球赛,阴,24,25,2,0.0,68,40
2026-05-21 19:00:50,2026-05-21,4,羽毛球馆-7号,20:30-21:30,1,1,已售/已满,教工羽毛球赛,阴,23,23,3,0.0,76,40
2026-05-21 19:30:46,2026-05-21,4,羽毛球馆-7号,20:30-21:30,1,1,已售/已满,教工羽毛球赛,阴,23,24,2,0.0,77,39
2026-05-21 20:00:49,2026-05-21,4,羽毛球馆-7号,20:30-21:30,1,1,已售/已满,教工羽毛球赛,雾,22,23,2,0.0,89,39
2026-05-21 20:30:44,2026-05-21,4,羽毛球馆-7号,20:30-21:30,1,1,已售/已满,教工羽毛球赛,雾,22,24,2,0.0,93,43
2026-05-21 21:00:56,2026-05-21,4,羽毛球馆-7号,20:30-21:30,1,1,已售/已满,教工羽毛球赛,雾,20,21,2,0.0,98,43
2026-05-21 21:30:46,2026-05-21,4,羽毛球馆-7号,20:30-21:30,1,1,已售/已满,教工羽毛球赛,雾,20,22,1,0.0,99,41
2026-05-21 22:01:02,2026-05-21,4,羽毛球馆-7号,20:30-21:30,1,1,已售/已满,教工羽毛球赛,雾,19,20,2,0.0,93,41
2026-05-21 22:30:47,2026-05-21,4,羽毛球馆-7号,20:30-21:30,1,1,已售/已满,教工羽毛球赛,雾,19,19,3,0.0,88,46
2026-05-21 23:00:56,2026-05-21,4,羽毛球馆-7号,20:30-21:30,1,1,已售/已满,教工羽毛球赛,多云,18,17,3,0.0,85,46
2026-05-21 23:30:55,2026-05-21,4,羽毛球馆-7号,20:30-21:30,1,1,已售/已满,教工羽毛球赛,多云,18,17,3,0.0,85,48
2026-05-21 00:30:49,2026-05-21,4,羽毛球馆-8号,07:00-08:00,0,1,可预约,￥0.0,多云,15,13,3,0.0,100,26
2026-05-21 01:00:55,2026-05-21,4,羽毛球馆-8号,07:00-08:00,0,1,可预约,￥0.0,多云,15,12,4,0.0,100,26
2026-05-21 01:30:47,2026-05-21,4,羽毛球馆-8号,07:00-08:00,0,1,可预约,￥0.0,多云,15,13,4,0.0,100,28
2026-05-21 02:00:53,2026-05-21,4,羽毛球馆-8号,07:00-08:00,0,1,可预约,￥0.0,多云,15,12,4,0.0,100,28
2026-05-21 02:30:49,2026-05-21,4,羽毛球馆-8号,07:00-08:00,0,1,可预约,￥0.0,多云,15,14,3,0.0,100,29
2026-05-21 03:00:55,2026-05-21,4,羽毛球馆-8号,07:00-08:00,0,1,可预约,￥0.0,多云,15,12,4,0.0,100,29
2026-05-21 03:30:49,2026-05-21,4,羽毛球馆-8号,07:00-08:00,0,1,可预约,￥0.0,多云,15,14,3,0.0,100,30
2026-05-21 04:30:45,2026-05-21,4,羽毛球馆-8号,07:00-08:00,0,1,可预约,￥0.0,多云,15,12,4,0.0,100,29
2026-05-21 05:00:52,2026-05-21,4,羽毛球馆-8号,07:00-08:00,0,1,可预约,￥0.0,多云,15,12,4,0.0,100,29
2026-05-21 05:30:49,2026-05-21,4,羽毛球馆-8号,07:00-08:00,0,1,可预约,￥0.0,多云,15,13,3,0.0,100,28
2026-05-21 06:00:50,2026-05-21,4,羽毛球馆-8号,07:00-08:00,0,1,可预约,￥0.0,多云,15,13,4,0.0,99,28
2026-05-21 06:30:38,2026-05-21,4,羽毛球馆-8号,07:00-08:00,0,1,可预约,￥0.0,多云,15,13,3,0.0,97,28
2026-05-21 07:00:43,2026-05-21,4,羽毛球馆-8号,07:00-08:00,0,1,可预约,￥0.0,晴,15,11,5,0.0,93,28
2026-05-21 07:30:39,2026-05-21,4,羽毛球馆-8号,07:00-08:00,0,1,可预约,￥0.0,晴,17,13,4,0.0,89,29
2026-05-21 07:50:40,2026-05-21,4,羽毛球馆-8号,07:00-08:00,0,1,可预约,￥0.0,晴,17,13,4,0.0,88,29
2026-05-21 07:53:31,2026-05-21,4,羽毛球馆-8号,07:00-08:00,0,1,可预约,￥0.0,晴,17,12,5,0.0,86,29
2026-05-21 07:56:31,2026-05-21,4,羽毛球馆-8号,07:00-08:00,0,1,可预约,￥0.0,晴,17,12,5,0.0,86,29
2026-05-21 07:59:26,2026-05-21,4,羽毛球馆-8号,07:00-08:00,0,1,可预约,￥0.0,晴,17,12,5,0.0,86,29
2026-05-21 08:00:45,2026-05-21,4,羽毛球馆-8号,07:00-08:00,0,1,不开放/已过期,,晴,17,12,5,0.0,86,29
2026-05-21 08:02:30,2026-05-21,4,羽毛球馆-8号,07:00-08:00,0,1,不开放/已过期,,多云,17,12,5,0.0,87,29
2026-05-21 08:05:36,2026-05-21,4,羽毛球馆-8号,07:00-08:00,0,1,不开放/已过期,,多云,17,12,5,0.0,86,29
2026-05-21 08:08:31,2026-05-21,4,羽毛球馆-8号,07:00-08:00,0,1,不开放/已过期,,多云,17,12,5,0.0,86,29
2026-05-21 08:11:30,2026-05-21,4,羽毛球馆-8号,07:00-08:00,0,1,不开放/已过期,,多云,17,12,5,0.0,86,29
2026-05-21 08:14:31,2026-05-21,4,羽毛球馆-8号,07:00-08:00,0,1,不开放/已过期,,多云,17,12,5,0.0,86,29
2026-05-21 08:17:30,2026-05-21,4,羽毛球馆-8号,07:00-08:00,0,1,不开放/已过期,,多云,17,12,5,0.0,86,29
2026-05-21 08:20:35,2026-05-21,4,羽毛球馆-8号,07:00-08:00,0,1,不开放/已过期,,多云,17,14,4,0.0,85,29
2026-05-21 08:25:32,2026-05-21,4,羽毛球馆-8号,07:00-08:00,0,1,不开放/已过期,,多云,17,14,4,0.0,85,28
2026-05-21 08:30:42,2026-05-21,4,羽毛球馆-8号,07:00-08:00,0,1,不开放/已过期,,多云,18,15,4,0.0,84,28
2026-05-21 08:35:31,2026-05-21,4,羽毛球馆-8号,07:00-08:00,0,1,不开放/已过期,,多云,18,15,4,0.0,84,28
2026-05-21 08:40:38,2026-05-21,4,羽毛球馆-8号,07:00-08:00,0,1,不开放/已过期,,多云,18,15,4,0.0,82,28
2026-05-21 08:45:33,2026-05-21,4,羽毛球馆-8号,07:00-08:00,0,1,不开放/已过期,,多云,18,15,4,0.0,82,28
2026-05-21 08:50:36,2026-05-21,4,羽毛球馆-8号,07:00-08:00,0,1,不开放/已过期,,多云,18,15,4,0.0,82,28
2026-05-21 08:55:34,2026-05-21,4,羽毛球馆-8号,07:00-08:00,0,1,不开放/已过期,,多云,18,15,4,0.0,84,28
2026-05-21 09:00:51,2026-05-21,4,羽毛球馆-8号,07:00-08:00,0,1,不开放/已过期,,多云,18,15,4,0.0,84,28
2026-05-21 09:01:59,2026-05-21,4,羽毛球馆-8号,07:00-08:00,0,1,不开放/已过期,,多云,18,15,4,0.0,83,28
2026-05-21 09:05:33,2026-05-21,4,羽毛球馆-8号,07:00-08:00,0,1,不开放/已过期,,多云,18,15,4,0.0,83,28
2026-05-21 09:20:38,2026-05-21,4,羽毛球馆-8号,07:00-08:00,0,1,不开放/已过期,,多云,18,16,3,0.0,81,28
2026-05-21 09:30:46,2026-05-21,4,羽毛球馆-8号,07:00-08:00,0,1,不开放/已过期,,多云,18,16,3,0.0,81,32
2026-05-21 09:40:36,2026-05-21,4,羽毛球馆-8号,07:00-08:00,0,1,不开放/已过期,,多云,19,17,3,0.0,79,32
2026-05-21 09:50:42,2026-05-21,4,羽毛球馆-8号,07:00-08:00,0,1,不开放/已过期,,多云,19,17,4,0.0,81,32
2026-05-21 10:00:46,2026-05-21,4,羽毛球馆-8号,07:00-08:00,0,1,不开放/已过期,,多云,19,17,4,0.0,79,32
2026-05-21 10:10:40,2026-05-21,4,羽毛球馆-8号,07:00-08:00,0,1,不开放/已过期,,多云,19,17,4,0.0,79,32
2026-05-21 10:20:38,2026-05-21,4,羽毛球馆-8号,07:00-08:00,0,1,不开放/已过期,,多云,19,17,4,0.0,79,32
2026-05-21 10:30:41,2026-05-21,4,羽毛球馆-8号,07:00-08:00,0,1,不开放/已过期,,多云,19,18,3,0.0,78,31
2026-05-21 11:00:44,2026-05-21,4,羽毛球馆-8号,07:00-08:00,0,1,不开放/已过期,,多云,21,17,5,0.0,74,31
2026-05-21 11:30:38,2026-05-21,4,羽毛球馆-8号,07:00-08:00,0,1,不开放/已过期,,多云,21,19,3,0.0,72,33
2026-05-21 12:00:46,2026-05-21,4,羽毛球馆-8号,07:00-08:00,0,1,不开放/已过期,,多云,22,19,4,0.0,70,33
2026-05-21 12:30:42,2026-05-21,4,羽毛球馆-8号,07:00-08:00,0,1,不开放/已过期,,多云,22,21,3,0.0,68,35
2026-05-21 13:00:43,2026-05-21,4,羽毛球馆-8号,07:00-08:00,0,1,不开放/已过期,,多云,24,22,4,0.0,66,35
2026-05-21 13:30:43,2026-05-21,4,羽毛球馆-8号,07:00-08:00,0,1,不开放/已过期,,多云,24,22,4,0.0,66,36
2026-05-21 14:00:48,2026-05-21,4,羽毛球馆-8号,07:00-08:00,0,1,不开放/已过期,,多云,25,23,4,0.0,66,36
2026-05-21 14:30:45,2026-05-21,4,羽毛球馆-8号,07:00-08:00,0,1,不开放/已过期,,晴,25,25,3,0.0,65,39
2026-05-21 15:00:45,2026-05-21,4,羽毛球馆-8号,07:00-08:00,0,1,不开放/已过期,,晴,25,22,4,0.0,56,39
2026-05-21 15:30:43,2026-05-21,4,羽毛球馆-8号,07:00-08:00,0,1,不开放/已过期,,晴,25,23,4,0.0,57,40
2026-05-21 16:00:51,2026-05-21,4,羽毛球馆-8号,07:00-08:00,0,1,不开放/已过期,,晴,25,23,4,0.0,57,40
2026-05-21 16:30:48,2026-05-21,4,羽毛球馆-8号,07:00-08:00,0,1,不开放/已过期,,晴,25,24,3,0.0,60,39
2026-05-21 17:00:49,2026-05-21,4,羽毛球馆-8号,07:00-08:00,0,1,不开放/已过期,,晴,25,24,4,0.0,61,39
2026-05-21 17:30:47,2026-05-21,4,羽毛球馆-8号,07:00-08:00,0,1,不开放/已过期,,多云,24,23,3,0.0,64,39
2026-05-21 18:00:50,2026-05-21,4,羽毛球馆-8号,07:00-08:00,0,1,不开放/已过期,,多云,24,23,3,0.0,68,39
2026-05-21 18:30:50,2026-05-21,4,羽毛球馆-8号,07:00-08:00,0,1,不开放/已过期,,阴,24,25,2,0.0,68,40
2026-05-21 19:00:50,2026-05-21,4,羽毛球馆-8号,07:00-08:00,0,1,不开放/已过期,,阴,23,23,3,0.0,76,40
2026-05-21 19:30:46,2026-05-21,4,羽毛球馆-8号,07:00-08:00,0,1,不开放/已过期,,阴,23,24,2,0.0,77,39
2026-05-21 20:00:49,2026-05-21,4,羽毛球馆-8号,07:00-08:00,0,1,不开放/已过期,,雾,22,23,2,0.0,89,39
2026-05-21 20:30:44,2026-05-21,4,羽毛球馆-8号,07:00-08:00,0,1,不开放/已过期,,雾,22,24,2,0.0,93,43
2026-05-21 21:00:56,2026-05-21,4,羽毛球馆-8号,07:00-08:00,0,1,不开放/已过期,,雾,20,21,2,0.0,98,43
2026-05-21 21:30:46,2026-05-21,4,羽毛球馆-8号,07:00-08:00,0,1,不开放/已过期,,雾,20,22,1,0.0,99,41
2026-05-21 22:01:02,2026-05-21,4,羽毛球馆-8号,07:00-08:00,0,1,不开放/已过期,,雾,19,20,2,0.0,93,41
2026-05-21 22:30:47,2026-05-21,4,羽毛球馆-8号,07:00-08:00,0,1,不开放/已过期,,雾,19,19,3,0.0,88,46
2026-05-21 23:00:56,2026-05-21,4,羽毛球馆-8号,07:00-08:00,0,1,不开放/已过期,,多云,18,17,3,0.0,85,46
2026-05-21 23:30:55,2026-05-21,4,羽毛球馆-8号,07:00-08:00,0,1,不开放/已过期,,多云,18,17,3,0.0,85,48
2026-05-21 00:30:49,2026-05-21,4,羽毛球馆-8号,08:00-09:00,0,1,可预约,￥0.0,多云,15,13,3,0.0,100,26
2026-05-21 01:00:55,2026-05-21,4,羽毛球馆-8号,08:00-09:00,0,1,可预约,￥0.0,多云,15,12,4,0.0,100,26
2026-05-21 01:30:47,2026-05-21,4,羽毛球馆-8号,08:00-09:00,0,1,可预约,￥0.0,多云,15,13,4,0.0,100,28
2026-05-21 02:00:53,2026-05-21,4,羽毛球馆-8号,08:00-09:00,0,1,可预约,￥0.0,多云,15,12,4,0.0,100,28
2026-05-21 02:30:49,2026-05-21,4,羽毛球馆-8号,08:00-09:00,0,1,可预约,￥0.0,多云,15,14,3,0.0,100,29
2026-05-21 03:00:55,2026-05-21,4,羽毛球馆-8号,08:00-09:00,0,1,可预约,￥0.0,多云,15,12,4,0.0,100,29
2026-05-21 03:30:49,2026-05-21,4,羽毛球馆-8号,08:00-09:00,0,1,可预约,￥0.0,多云,15,14,3,0.0,100,30
2026-05-21 04:30:45,2026-05-21,4,羽毛球馆-8号,08:00-09:00,0,1,可预约,￥0.0,多云,15,12,4,0.0,100,29
2026-05-21 05:00:52,2026-05-21,4,羽毛球馆-8号,08:00-09:00,0,1,可预约,￥0.0,多云,15,12,4,0.0,100,29
2026-05-21 05:30:49,2026-05-21,4,羽毛球馆-8号,08:00-09:00,0,1,可预约,￥0.0,多云,15,13,3,0.0,100,28
2026-05-21 06:00:50,2026-05-21,4,羽毛球馆-8号,08:00-09:00,0,1,可预约,￥0.0,多云,15,13,4,0.0,99,28
2026-05-21 06:30:38,2026-05-21,4,羽毛球馆-8号,08:00-09:00,0,1,可预约,￥0.0,多云,15,13,3,0.0,97,28
2026-05-21 07:00:43,2026-05-21,4,羽毛球馆-8号,08:00-09:00,0,1,可预约,￥0.0,晴,15,11,5,0.0,93,28
2026-05-21 07:30:39,2026-05-21,4,羽毛球馆-8号,08:00-09:00,0,1,可预约,￥0.0,晴,17,13,4,0.0,89,29
2026-05-21 07:50:40,2026-05-21,4,羽毛球馆-8号,08:00-09:00,0,1,可预约,￥0.0,晴,17,13,4,0.0,88,29
2026-05-21 07:53:31,2026-05-21,4,羽毛球馆-8号,08:00-09:00,0,1,可预约,￥0.0,晴,17,12,5,0.0,86,29
2026-05-21 07:56:31,2026-05-21,4,羽毛球馆-8号,08:00-09:00,0,1,可预约,￥0.0,晴,17,12,5,0.0,86,29
2026-05-21 07:59:26,2026-05-21,4,羽毛球馆-8号,08:00-09:00,0,1,可预约,￥0.0,晴,17,12,5,0.0,86,29
2026-05-21 08:00:45,2026-05-21,4,羽毛球馆-8号,08:00-09:00,1,1,已售/已满,已售,晴,17,12,5,0.0,86,29
2026-05-21 08:02:30,2026-05-21,4,羽毛球馆-8号,08:00-09:00,1,1,已售/已满,已售,多云,17,12,5,0.0,87,29
2026-05-21 08:05:36,2026-05-21,4,羽毛球馆-8号,08:00-09:00,1,1,已售/已满,已售,多云,17,12,5,0.0,86,29
2026-05-21 08:08:31,2026-05-21,4,羽毛球馆-8号,08:00-09:00,1,1,已售/已满,已售,多云,17,12,5,0.0,86,29
2026-05-21 08:11:30,2026-05-21,4,羽毛球馆-8号,08:00-09:00,1,1,已售/已满,已售,多云,17,12,5,0.0,86,29
2026-05-21 08:14:31,2026-05-21,4,羽毛球馆-8号,08:00-09:00,1,1,已售/已满,已售,多云,17,12,5,0.0,86,29
2026-05-21 08:17:30,2026-05-21,4,羽毛球馆-8号,08:00-09:00,1,1,已售/已满,已售,多云,17,12,5,0.0,86,29
2026-05-21 08:20:35,2026-05-21,4,羽毛球馆-8号,08:00-09:00,1,1,已售/已满,已售,多云,17,14,4,0.0,85,29
2026-05-21 08:25:32,2026-05-21,4,羽毛球馆-8号,08:00-09:00,1,1,已售/已满,已售,多云,17,14,4,0.0,85,28
2026-05-21 08:30:42,2026-05-21,4,羽毛球馆-8号,08:00-09:00,1,1,已售/已满,已售,多云,18,15,4,0.0,84,28
2026-05-21 08:35:31,2026-05-21,4,羽毛球馆-8号,08:00-09:00,1,1,已售/已满,已售,多云,18,15,4,0.0,84,28
2026-05-21 08:40:38,2026-05-21,4,羽毛球馆-8号,08:00-09:00,1,1,已售/已满,已售,多云,18,15,4,0.0,82,28
2026-05-21 08:45:33,2026-05-21,4,羽毛球馆-8号,08:00-09:00,1,1,已售/已满,已售,多云,18,15,4,0.0,82,28
2026-05-21 08:50:36,2026-05-21,4,羽毛球馆-8号,08:00-09:00,1,1,已售/已满,已售,多云,18,15,4,0.0,82,28
2026-05-21 08:55:34,2026-05-21,4,羽毛球馆-8号,08:00-09:00,1,1,已售/已满,已售,多云,18,15,4,0.0,84,28
2026-05-21 09:00:51,2026-05-21,4,羽毛球馆-8号,08:00-09:00,1,1,已售/已满,已售,多云,18,15,4,0.0,84,28
2026-05-21 09:01:59,2026-05-21,4,羽毛球馆-8号,08:00-09:00,1,1,已售/已满,已售,多云,18,15,4,0.0,83,28
2026-05-21 09:05:33,2026-05-21,4,羽毛球馆-8号,08:00-09:00,1,1,已售/已满,已售,多云,18,15,4,0.0,83,28
2026-05-21 09:20:38,2026-05-21,4,羽毛球馆-8号,08:00-09:00,1,1,已售/已满,已售,多云,18,16,3,0.0,81,28
2026-05-21 09:30:46,2026-05-21,4,羽毛球馆-8号,08:00-09:00,1,1,已售/已满,已售,多云,18,16,3,0.0,81,32
2026-05-21 09:40:36,2026-05-21,4,羽毛球馆-8号,08:00-09:00,1,1,已售/已满,已售,多云,19,17,3,0.0,79,32
2026-05-21 09:50:42,2026-05-21,4,羽毛球馆-8号,08:00-09:00,1,1,已售/已满,已售,多云,19,17,4,0.0,81,32
2026-05-21 10:00:46,2026-05-21,4,羽毛球馆-8号,08:00-09:00,1,1,已售/已满,已售,多云,19,17,4,0.0,79,32
2026-05-21 10:10:40,2026-05-21,4,羽毛球馆-8号,08:00-09:00,1,1,已售/已满,已售,多云,19,17,4,0.0,79,32
2026-05-21 10:20:38,2026-05-21,4,羽毛球馆-8号,08:00-09:00,1,1,已售/已满,已售,多云,19,17,4,0.0,79,32
2026-05-21 10:30:41,2026-05-21,4,羽毛球馆-8号,08:00-09:00,1,1,已售/已满,已售,多云,19,18,3,0.0,78,31
2026-05-21 11:00:44,2026-05-21,4,羽毛球馆-8号,08:00-09:00,1,1,已售/已满,已售,多云,21,17,5,0.0,74,31
2026-05-21 11:30:38,2026-05-21,4,羽毛球馆-8号,08:00-09:00,1,1,已售/已满,已售,多云,21,19,3,0.0,72,33
2026-05-21 12:00:46,2026-05-21,4,羽毛球馆-8号,08:00-09:00,1,1,已售/已满,已售,多云,22,19,4,0.0,70,33
2026-05-21 12:30:42,2026-05-21,4,羽毛球馆-8号,08:00-09:00,1,1,已售/已满,已售,多云,22,21,3,0.0,68,35
2026-05-21 13:00:43,2026-05-21,4,羽毛球馆-8号,08:00-09:00,1,1,已售/已满,已售,多云,24,22,4,0.0,66,35
2026-05-21 13:30:43,2026-05-21,4,羽毛球馆-8号,08:00-09:00,1,1,已售/已满,已售,多云,24,22,4,0.0,66,36
2026-05-21 14:00:48,2026-05-21,4,羽毛球馆-8号,08:00-09:00,1,1,已售/已满,已售,多云,25,23,4,0.0,66,36
2026-05-21 14:30:45,2026-05-21,4,羽毛球馆-8号,08:00-09:00,1,1,已售/已满,已售,晴,25,25,3,0.0,65,39
2026-05-21 15:00:45,2026-05-21,4,羽毛球馆-8号,08:00-09:00,1,1,已售/已满,已售,晴,25,22,4,0.0,56,39
2026-05-21 15:30:43,2026-05-21,4,羽毛球馆-8号,08:00-09:00,1,1,已售/已满,已售,晴,25,23,4,0.0,57,40
2026-05-21 16:00:51,2026-05-21,4,羽毛球馆-8号,08:00-09:00,1,1,已售/已满,已售,晴,25,23,4,0.0,57,40
2026-05-21 16:30:48,2026-05-21,4,羽毛球馆-8号,08:00-09:00,1,1,已售/已满,已售,晴,25,24,3,0.0,60,39
2026-05-21 17:00:49,2026-05-21,4,羽毛球馆-8号,08:00-09:00,1,1,已售/已满,已售,晴,25,24,4,0.0,61,39
2026-05-21 17:30:47,2026-05-21,4,羽毛球馆-8号,08:00-09:00,1,1,已售/已满,已售,多云,24,23,3,0.0,64,39
2026-05-21 18:00:50,2026-05-21,4,羽毛球馆-8号,08:00-09:00,1,1,已售/已满,已售,多云,24,23,3,0.0,68,39
2026-05-21 18:30:50,2026-05-21,4,羽毛球馆-8号,08:00-09:00,1,1,已售/已满,已售,阴,24,25,2,0.0,68,40
2026-05-21 19:00:50,2026-05-21,4,羽毛球馆-8号,08:00-09:00,1,1,已售/已满,已售,阴,23,23,3,0.0,76,40
2026-05-21 19:30:46,2026-05-21,4,羽毛球馆-8号,08:00-09:00,1,1,已售/已满,已售,阴,23,24,2,0.0,77,39
2026-05-21 20:00:49,2026-05-21,4,羽毛球馆-8号,08:00-09:00,1,1,已售/已满,已售,雾,22,23,2,0.0,89,39
2026-05-21 20:30:44,2026-05-21,4,羽毛球馆-8号,08:00-09:00,1,1,已售/已满,已售,雾,22,24,2,0.0,93,43
2026-05-21 21:00:56,2026-05-21,4,羽毛球馆-8号,08:00-09:00,1,1,已售/已满,已售,雾,20,21,2,0.0,98,43
2026-05-21 21:30:46,2026-05-21,4,羽毛球馆-8号,08:00-09:00,1,1,已售/已满,已售,雾,20,22,1,0.0,99,41
2026-05-21 22:01:02,2026-05-21,4,羽毛球馆-8号,08:00-09:00,1,1,已售/已满,已售,雾,19,20,2,0.0,93,41
2026-05-21 22:30:47,2026-05-21,4,羽毛球馆-8号,08:00-09:00,1,1,已售/已满,已售,雾,19,19,3,0.0,88,46
2026-05-21 23:00:56,2026-05-21,4,羽毛球馆-8号,08:00-09:00,1,1,已售/已满,已售,多云,18,17,3,0.0,85,46
2026-05-21 23:30:55,2026-05-21,4,羽毛球馆-8号,08:00-09:00,1,1,已售/已满,已售,多云,18,17,3,0.0,85,48
2026-05-21 00:30:49,2026-05-21,4,羽毛球馆-8号,09:00-10:00,0,1,可预约,￥12.0,多云,15,13,3,0.0,100,26
2026-05-21 01:00:55,2026-05-21,4,羽毛球馆-8号,09:00-10:00,0,1,可预约,￥12.0,多云,15,12,4,0.0,100,26
2026-05-21 01:30:47,2026-05-21,4,羽毛球馆-8号,09:00-10:00,0,1,可预约,￥12.0,多云,15,13,4,0.0,100,28
2026-05-21 02:00:53,2026-05-21,4,羽毛球馆-8号,09:00-10:00,0,1,可预约,￥12.0,多云,15,12,4,0.0,100,28
2026-05-21 02:30:49,2026-05-21,4,羽毛球馆-8号,09:00-10:00,0,1,可预约,￥12.0,多云,15,14,3,0.0,100,29
2026-05-21 03:00:55,2026-05-21,4,羽毛球馆-8号,09:00-10:00,0,1,可预约,￥12.0,多云,15,12,4,0.0,100,29
2026-05-21 03:30:49,2026-05-21,4,羽毛球馆-8号,09:00-10:00,0,1,可预约,￥12.0,多云,15,14,3,0.0,100,30
2026-05-21 04:30:45,2026-05-21,4,羽毛球馆-8号,09:00-10:00,0,1,可预约,￥12.0,多云,15,12,4,0.0,100,29
2026-05-21 05:00:52,2026-05-21,4,羽毛球馆-8号,09:00-10:00,0,1,可预约,￥12.0,多云,15,12,4,0.0,100,29
2026-05-21 05:30:49,2026-05-21,4,羽毛球馆-8号,09:00-10:00,0,1,可预约,￥12.0,多云,15,13,3,0.0,100,28
2026-05-21 06:00:50,2026-05-21,4,羽毛球馆-8号,09:00-10:00,0,1,可预约,￥12.0,多云,15,13,4,0.0,99,28
2026-05-21 06:30:38,2026-05-21,4,羽毛球馆-8号,09:00-10:00,0,1,可预约,￥12.0,多云,15,13,3,0.0,97,28
2026-05-21 07:00:43,2026-05-21,4,羽毛球馆-8号,09:00-10:00,0,1,可预约,￥12.0,晴,15,11,5,0.0,93,28
2026-05-21 07:30:39,2026-05-21,4,羽毛球馆-8号,09:00-10:00,0,1,可预约,￥12.0,晴,17,13,4,0.0,89,29
2026-05-21 07:50:40,2026-05-21,4,羽毛球馆-8号,09:00-10:00,0,1,可预约,￥12.0,晴,17,13,4,0.0,88,29
2026-05-21 07:53:31,2026-05-21,4,羽毛球馆-8号,09:00-10:00,0,1,可预约,￥12.0,晴,17,12,5,0.0,86,29
2026-05-21 07:56:31,2026-05-21,4,羽毛球馆-8号,09:00-10:00,0,1,可预约,￥12.0,晴,17,12,5,0.0,86,29
2026-05-21 07:59:26,2026-05-21,4,羽毛球馆-8号,09:00-10:00,0,1,可预约,￥12.0,晴,17,12,5,0.0,86,29
2026-05-21 08:00:45,2026-05-21,4,羽毛球馆-8号,09:00-10:00,0,1,可预约,￥12.0,晴,17,12,5,0.0,86,29
2026-05-21 08:02:30,2026-05-21,4,羽毛球馆-8号,09:00-10:00,0,1,可预约,￥12.0,多云,17,12,5,0.0,87,29
2026-05-21 08:05:36,2026-05-21,4,羽毛球馆-8号,09:00-10:00,0,1,可预约,￥12.0,多云,17,12,5,0.0,86,29
2026-05-21 08:08:31,2026-05-21,4,羽毛球馆-8号,09:00-10:00,0,1,可预约,￥12.0,多云,17,12,5,0.0,86,29
2026-05-21 08:11:30,2026-05-21,4,羽毛球馆-8号,09:00-10:00,0,1,可预约,￥12.0,多云,17,12,5,0.0,86,29
2026-05-21 08:14:31,2026-05-21,4,羽毛球馆-8号,09:00-10:00,0,1,可预约,￥12.0,多云,17,12,5,0.0,86,29
2026-05-21 08:17:30,2026-05-21,4,羽毛球馆-8号,09:00-10:00,0,1,可预约,￥12.0,多云,17,12,5,0.0,86,29
2026-05-21 08:20:35,2026-05-21,4,羽毛球馆-8号,09:00-10:00,0,1,可预约,￥12.0,多云,17,14,4,0.0,85,29
2026-05-21 08:25:32,2026-05-21,4,羽毛球馆-8号,09:00-10:00,0,1,可预约,￥12.0,多云,17,14,4,0.0,85,28
2026-05-21 08:30:42,2026-05-21,4,羽毛球馆-8号,09:00-10:00,0,1,可预约,￥12.0,多云,18,15,4,0.0,84,28
2026-05-21 08:35:31,2026-05-21,4,羽毛球馆-8号,09:00-10:00,0,1,可预约,￥12.0,多云,18,15,4,0.0,84,28
2026-05-21 08:40:38,2026-05-21,4,羽毛球馆-8号,09:00-10:00,0,1,可预约,￥12.0,多云,18,15,4,0.0,82,28
2026-05-21 08:45:33,2026-05-21,4,羽毛球馆-8号,09:00-10:00,0,1,可预约,￥12.0,多云,18,15,4,0.0,82,28
2026-05-21 08:50:36,2026-05-21,4,羽毛球馆-8号,09:00-10:00,0,1,可预约,￥12.0,多云,18,15,4,0.0,82,28
2026-05-21 08:55:34,2026-05-21,4,羽毛球馆-8号,09:00-10:00,0,1,可预约,￥12.0,多云,18,15,4,0.0,84,28
2026-05-21 09:00:51,2026-05-21,4,羽毛球馆-8号,09:00-10:00,0,1,可预约,￥12.0,多云,18,15,4,0.0,84,28
2026-05-21 09:01:59,2026-05-21,4,羽毛球馆-8号,09:00-10:00,0,1,可预约,￥12.0,多云,18,15,4,0.0,83,28
2026-05-21 09:05:33,2026-05-21,4,羽毛球馆-8号,09:00-10:00,0,1,可预约,￥12.0,多云,18,15,4,0.0,83,28
2026-05-21 09:20:38,2026-05-21,4,羽毛球馆-8号,09:00-10:00,0,1,可预约,￥12.0,多云,18,16,3,0.0,81,28
2026-05-21 09:30:46,2026-05-21,4,羽毛球馆-8号,09:00-10:00,0,1,可预约,￥12.0,多云,18,16,3,0.0,81,32
2026-05-21 09:40:36,2026-05-21,4,羽毛球馆-8号,09:00-10:00,0,1,可预约,￥12.0,多云,19,17,3,0.0,79,32
2026-05-21 09:50:42,2026-05-21,4,羽毛球馆-8号,09:00-10:00,0,1,可预约,￥12.0,多云,19,17,4,0.0,81,32
2026-05-21 10:00:46,2026-05-21,4,羽毛球馆-8号,09:00-10:00,0,1,不开放/已过期,,多云,19,17,4,0.0,79,32
2026-05-21 10:10:40,2026-05-21,4,羽毛球馆-8号,09:00-10:00,0,1,不开放/已过期,,多云,19,17,4,0.0,79,32
2026-05-21 10:20:38,2026-05-21,4,羽毛球馆-8号,09:00-10:00,0,1,不开放/已过期,,多云,19,17,4,0.0,79,32
2026-05-21 10:30:41,2026-05-21,4,羽毛球馆-8号,09:00-10:00,0,1,不开放/已过期,,多云,19,18,3,0.0,78,31
2026-05-21 11:00:44,2026-05-21,4,羽毛球馆-8号,09:00-10:00,0,1,不开放/已过期,,多云,21,17,5,0.0,74,31
2026-05-21 11:30:38,2026-05-21,4,羽毛球馆-8号,09:00-10:00,0,1,不开放/已过期,,多云,21,19,3,0.0,72,33
2026-05-21 12:00:46,2026-05-21,4,羽毛球馆-8号,09:00-10:00,0,1,不开放/已过期,,多云,22,19,4,0.0,70,33
2026-05-21 12:30:42,2026-05-21,4,羽毛球馆-8号,09:00-10:00,0,1,不开放/已过期,,多云,22,21,3,0.0,68,35
2026-05-21 13:00:43,2026-05-21,4,羽毛球馆-8号,09:00-10:00,0,1,不开放/已过期,,多云,24,22,4,0.0,66,35
2026-05-21 13:30:43,2026-05-21,4,羽毛球馆-8号,09:00-10:00,0,1,不开放/已过期,,多云,24,22,4,0.0,66,36
2026-05-21 14:00:48,2026-05-21,4,羽毛球馆-8号,09:00-10:00,0,1,不开放/已过期,,多云,25,23,4,0.0,66,36
2026-05-21 14:30:45,2026-05-21,4,羽毛球馆-8号,09:00-10:00,0,1,不开放/已过期,,晴,25,25,3,0.0,65,39
2026-05-21 15:00:45,2026-05-21,4,羽毛球馆-8号,09:00-10:00,0,1,不开放/已过期,,晴,25,22,4,0.0,56,39
2026-05-21 15:30:43,2026-05-21,4,羽毛球馆-8号,09:00-10:00,0,1,不开放/已过期,,晴,25,23,4,0.0,57,40
2026-05-21 16:00:51,2026-05-21,4,羽毛球馆-8号,09:00-10:00,0,1,不开放/已过期,,晴,25,23,4,0.0,57,40
2026-05-21 16:30:48,2026-05-21,4,羽毛球馆-8号,09:00-10:00,0,1,不开放/已过期,,晴,25,24,3,0.0,60,39
2026-05-21 17:00:49,2026-05-21,4,羽毛球馆-8号,09:00-10:00,0,1,不开放/已过期,,晴,25,24,4,0.0,61,39
2026-05-21 17:30:47,2026-05-21,4,羽毛球馆-8号,09:00-10:00,0,1,不开放/已过期,,多云,24,23,3,0.0,64,39
2026-05-21 18:00:50,2026-05-21,4,羽毛球馆-8号,09:00-10:00,0,1,不开放/已过期,,多云,24,23,3,0.0,68,39
2026-05-21 18:30:50,2026-05-21,4,羽毛球馆-8号,09:00-10:00,0,1,不开放/已过期,,阴,24,25,2,0.0,68,40
2026-05-21 19:00:50,2026-05-21,4,羽毛球馆-8号,09:00-10:00,0,1,不开放/已过期,,阴,23,23,3,0.0,76,40
2026-05-21 19:30:46,2026-05-21,4,羽毛球馆-8号,09:00-10:00,0,1,不开放/已过期,,阴,23,24,2,0.0,77,39
2026-05-21 20:00:49,2026-05-21,4,羽毛球馆-8号,09:00-10:00,0,1,不开放/已过期,,雾,22,23,2,0.0,89,39
2026-05-21 20:30:44,2026-05-21,4,羽毛球馆-8号,09:00-10:00,0,1,不开放/已过期,,雾,22,24,2,0.0,93,43
2026-05-21 21:00:56,2026-05-21,4,羽毛球馆-8号,09:00-10:00,0,1,不开放/已过期,,雾,20,21,2,0.0,98,43
2026-05-21 21:30:46,2026-05-21,4,羽毛球馆-8号,09:00-10:00,0,1,不开放/已过期,,雾,20,22,1,0.0,99,41
2026-05-21 22:01:02,2026-05-21,4,羽毛球馆-8号,09:00-10:00,0,1,不开放/已过期,,雾,19,20,2,0.0,93,41
2026-05-21 22:30:47,2026-05-21,4,羽毛球馆-8号,09:00-10:00,0,1,不开放/已过期,,雾,19,19,3,0.0,88,46
2026-05-21 23:00:56,2026-05-21,4,羽毛球馆-8号,09:00-10:00,0,1,不开放/已过期,,多云,18,17,3,0.0,85,46
2026-05-21 23:30:55,2026-05-21,4,羽毛球馆-8号,09:00-10:00,0,1,不开放/已过期,,多云,18,17,3,0.0,85,48
2026-05-21 00:30:49,2026-05-21,4,羽毛球馆-8号,10:00-11:00,1,1,已售/已满,教学时间,多云,15,13,3,0.0,100,26
2026-05-21 01:00:55,2026-05-21,4,羽毛球馆-8号,10:00-11:00,1,1,已售/已满,教学时间,多云,15,12,4,0.0,100,26
2026-05-21 01:30:47,2026-05-21,4,羽毛球馆-8号,10:00-11:00,1,1,已售/已满,教学时间,多云,15,13,4,0.0,100,28
2026-05-21 02:00:53,2026-05-21,4,羽毛球馆-8号,10:00-11:00,1,1,已售/已满,教学时间,多云,15,12,4,0.0,100,28
2026-05-21 02:30:49,2026-05-21,4,羽毛球馆-8号,10:00-11:00,1,1,已售/已满,教学时间,多云,15,14,3,0.0,100,29
2026-05-21 03:00:55,2026-05-21,4,羽毛球馆-8号,10:00-11:00,1,1,已售/已满,教学时间,多云,15,12,4,0.0,100,29
2026-05-21 03:30:49,2026-05-21,4,羽毛球馆-8号,10:00-11:00,1,1,已售/已满,教学时间,多云,15,14,3,0.0,100,30
2026-05-21 04:30:45,2026-05-21,4,羽毛球馆-8号,10:00-11:00,1,1,已售/已满,教学时间,多云,15,12,4,0.0,100,29
2026-05-21 05:00:52,2026-05-21,4,羽毛球馆-8号,10:00-11:00,1,1,已售/已满,教学时间,多云,15,12,4,0.0,100,29
2026-05-21 05:30:49,2026-05-21,4,羽毛球馆-8号,10:00-11:00,1,1,已售/已满,教学时间,多云,15,13,3,0.0,100,28
2026-05-21 06:00:50,2026-05-21,4,羽毛球馆-8号,10:00-11:00,1,1,已售/已满,教学时间,多云,15,13,4,0.0,99,28
2026-05-21 06:30:38,2026-05-21,4,羽毛球馆-8号,10:00-11:00,1,1,已售/已满,教学时间,多云,15,13,3,0.0,97,28
2026-05-21 07:00:43,2026-05-21,4,羽毛球馆-8号,10:00-11:00,1,1,已售/已满,教学时间,晴,15,11,5,0.0,93,28
2026-05-21 07:30:39,2026-05-21,4,羽毛球馆-8号,10:00-11:00,1,1,已售/已满,教学时间,晴,17,13,4,0.0,89,29
2026-05-21 07:50:40,2026-05-21,4,羽毛球馆-8号,10:00-11:00,1,1,已售/已满,教学时间,晴,17,13,4,0.0,88,29
2026-05-21 07:53:31,2026-05-21,4,羽毛球馆-8号,10:00-11:00,1,1,已售/已满,教学时间,晴,17,12,5,0.0,86,29
2026-05-21 07:56:31,2026-05-21,4,羽毛球馆-8号,10:00-11:00,1,1,已售/已满,教学时间,晴,17,12,5,0.0,86,29
2026-05-21 07:59:26,2026-05-21,4,羽毛球馆-8号,10:00-11:00,1,1,已售/已满,教学时间,晴,17,12,5,0.0,86,29
2026-05-21 08:00:45,2026-05-21,4,羽毛球馆-8号,10:00-11:00,1,1,已售/已满,教学时间,晴,17,12,5,0.0,86,29
2026-05-21 08:02:30,2026-05-21,4,羽毛球馆-8号,10:00-11:00,1,1,已售/已满,教学时间,多云,17,12,5,0.0,87,29
2026-05-21 08:05:36,2026-05-21,4,羽毛球馆-8号,10:00-11:00,1,1,已售/已满,教学时间,多云,17,12,5,0.0,86,29
2026-05-21 08:08:31,2026-05-21,4,羽毛球馆-8号,10:00-11:00,1,1,已售/已满,教学时间,多云,17,12,5,0.0,86,29
2026-05-21 08:11:30,2026-05-21,4,羽毛球馆-8号,10:00-11:00,1,1,已售/已满,教学时间,多云,17,12,5,0.0,86,29
2026-05-21 08:14:31,2026-05-21,4,羽毛球馆-8号,10:00-11:00,1,1,已售/已满,教学时间,多云,17,12,5,0.0,86,29
2026-05-21 08:17:30,2026-05-21,4,羽毛球馆-8号,10:00-11:00,1,1,已售/已满,教学时间,多云,17,12,5,0.0,86,29
2026-05-21 08:20:35,2026-05-21,4,羽毛球馆-8号,10:00-11:00,1,1,已售/已满,教学时间,多云,17,14,4,0.0,85,29
2026-05-21 08:25:32,2026-05-21,4,羽毛球馆-8号,10:00-11:00,1,1,已售/已满,教学时间,多云,17,14,4,0.0,85,28
2026-05-21 08:30:42,2026-05-21,4,羽毛球馆-8号,10:00-11:00,1,1,已售/已满,教学时间,多云,18,15,4,0.0,84,28
2026-05-21 08:35:31,2026-05-21,4,羽毛球馆-8号,10:00-11:00,1,1,已售/已满,教学时间,多云,18,15,4,0.0,84,28
2026-05-21 08:40:38,2026-05-21,4,羽毛球馆-8号,10:00-11:00,1,1,已售/已满,教学时间,多云,18,15,4,0.0,82,28
2026-05-21 08:45:33,2026-05-21,4,羽毛球馆-8号,10:00-11:00,1,1,已售/已满,教学时间,多云,18,15,4,0.0,82,28
2026-05-21 08:50:36,2026-05-21,4,羽毛球馆-8号,10:00-11:00,1,1,已售/已满,教学时间,多云,18,15,4,0.0,82,28
2026-05-21 08:55:34,2026-05-21,4,羽毛球馆-8号,10:00-11:00,1,1,已售/已满,教学时间,多云,18,15,4,0.0,84,28
2026-05-21 09:00:51,2026-05-21,4,羽毛球馆-8号,10:00-11:00,1,1,已售/已满,教学时间,多云,18,15,4,0.0,84,28
2026-05-21 09:01:59,2026-05-21,4,羽毛球馆-8号,10:00-11:00,1,1,已售/已满,教学时间,多云,18,15,4,0.0,83,28
2026-05-21 09:05:33,2026-05-21,4,羽毛球馆-8号,10:00-11:00,1,1,已售/已满,教学时间,多云,18,15,4,0.0,83,28
2026-05-21 09:20:38,2026-05-21,4,羽毛球馆-8号,10:00-11:00,1,1,已售/已满,教学时间,多云,18,16,3,0.0,81,28
2026-05-21 09:30:46,2026-05-21,4,羽毛球馆-8号,10:00-11:00,1,1,已售/已满,教学时间,多云,18,16,3,0.0,81,32
2026-05-21 09:40:36,2026-05-21,4,羽毛球馆-8号,10:00-11:00,1,1,已售/已满,教学时间,多云,19,17,3,0.0,79,32
2026-05-21 09:50:42,2026-05-21,4,羽毛球馆-8号,10:00-11:00,1,1,已售/已满,教学时间,多云,19,17,4,0.0,81,32
2026-05-21 10:00:46,2026-05-21,4,羽毛球馆-8号,10:00-11:00,1,1,已售/已满,教学时间,多云,19,17,4,0.0,79,32
2026-05-21 10:10:40,2026-05-21,4,羽毛球馆-8号,10:00-11:00,1,1,已售/已满,教学时间,多云,19,17,4,0.0,79,32
2026-05-21 10:20:38,2026-05-21,4,羽毛球馆-8号,10:00-11:00,1,1,已售/已满,教学时间,多云,19,17,4,0.0,79,32
2026-05-21 10:30:41,2026-05-21,4,羽毛球馆-8号,10:00-11:00,1,1,已售/已满,教学时间,多云,19,18,3,0.0,78,31
2026-05-21 11:00:44,2026-05-21,4,羽毛球馆-8号,10:00-11:00,1,1,已售/已满,教学时间,多云,21,17,5,0.0,74,31
2026-05-21 11:30:38,2026-05-21,4,羽毛球馆-8号,10:00-11:00,1,1,已售/已满,教学时间,多云,21,19,3,0.0,72,33
2026-05-21 12:00:46,2026-05-21,4,羽毛球馆-8号,10:00-11:00,1,1,已售/已满,教学时间,多云,22,19,4,0.0,70,33
2026-05-21 12:30:42,2026-05-21,4,羽毛球馆-8号,10:00-11:00,1,1,已售/已满,教学时间,多云,22,21,3,0.0,68,35
2026-05-21 13:00:43,2026-05-21,4,羽毛球馆-8号,10:00-11:00,1,1,已售/已满,教学时间,多云,24,22,4,0.0,66,35
2026-05-21 13:30:43,2026-05-21,4,羽毛球馆-8号,10:00-11:00,1,1,已售/已满,教学时间,多云,24,22,4,0.0,66,36
2026-05-21 14:00:48,2026-05-21,4,羽毛球馆-8号,10:00-11:00,1,1,已售/已满,教学时间,多云,25,23,4,0.0,66,36
2026-05-21 14:30:45,2026-05-21,4,羽毛球馆-8号,10:00-11:00,1,1,已售/已满,教学时间,晴,25,25,3,0.0,65,39
2026-05-21 15:00:45,2026-05-21,4,羽毛球馆-8号,10:00-11:00,1,1,已售/已满,教学时间,晴,25,22,4,0.0,56,39
2026-05-21 15:30:43,2026-05-21,4,羽毛球馆-8号,10:00-11:00,1,1,已售/已满,教学时间,晴,25,23,4,0.0,57,40
2026-05-21 16:00:51,2026-05-21,4,羽毛球馆-8号,10:00-11:00,1,1,已售/已满,教学时间,晴,25,23,4,0.0,57,40
2026-05-21 16:30:48,2026-05-21,4,羽毛球馆-8号,10:00-11:00,1,1,已售/已满,教学时间,晴,25,24,3,0.0,60,39
2026-05-21 17:00:49,2026-05-21,4,羽毛球馆-8号,10:00-11:00,1,1,已售/已满,教学时间,晴,25,24,4,0.0,61,39
2026-05-21 17:30:47,2026-05-21,4,羽毛球馆-8号,10:00-11:00,1,1,已售/已满,教学时间,多云,24,23,3,0.0,64,39
2026-05-21 18:00:50,2026-05-21,4,羽毛球馆-8号,10:00-11:00,1,1,已售/已满,教学时间,多云,24,23,3,0.0,68,39
2026-05-21 18:30:50,2026-05-21,4,羽毛球馆-8号,10:00-11:00,1,1,已售/已满,教学时间,阴,24,25,2,0.0,68,40
2026-05-21 19:00:50,2026-05-21,4,羽毛球馆-8号,10:00-11:00,1,1,已售/已满,教学时间,阴,23,23,3,0.0,76,40
2026-05-21 19:30:46,2026-05-21,4,羽毛球馆-8号,10:00-11:00,1,1,已售/已满,教学时间,阴,23,24,2,0.0,77,39
2026-05-21 20:00:49,2026-05-21,4,羽毛球馆-8号,10:00-11:00,1,1,已售/已满,教学时间,雾,22,23,2,0.0,89,39
2026-05-21 20:30:44,2026-05-21,4,羽毛球馆-8号,10:00-11:00,1,1,已售/已满,教学时间,雾,22,24,2,0.0,93,43
2026-05-21 21:00:56,2026-05-21,4,羽毛球馆-8号,10:00-11:00,1,1,已售/已满,教学时间,雾,20,21,2,0.0,98,43
2026-05-21 21:30:46,2026-05-21,4,羽毛球馆-8号,10:00-11:00,1,1,已售/已满,教学时间,雾,20,22,1,0.0,99,41
2026-05-21 22:01:02,2026-05-21,4,羽毛球馆-8号,10:00-11:00,1,1,已售/已满,教学时间,雾,19,20,2,0.0,93,41
2026-05-21 22:30:47,2026-05-21,4,羽毛球馆-8号,10:00-11:00,1,1,已售/已满,教学时间,雾,19,19,3,0.0,88,46
2026-05-21 23:00:56,2026-05-21,4,羽毛球馆-8号,10:00-11:00,1,1,已售/已满,教学时间,多云,18,17,3,0.0,85,46
2026-05-21 23:30:55,2026-05-21,4,羽毛球馆-8号,10:00-11:00,1,1,已售/已满,教学时间,多云,18,17,3,0.0,85,48
2026-05-21 00:30:49,2026-05-21,4,羽毛球馆-8号,11:00-12:00,1,1,已售/已满,教学时间,多云,15,13,3,0.0,100,26
2026-05-21 01:00:55,2026-05-21,4,羽毛球馆-8号,11:00-12:00,1,1,已售/已满,教学时间,多云,15,12,4,0.0,100,26
2026-05-21 01:30:47,2026-05-21,4,羽毛球馆-8号,11:00-12:00,1,1,已售/已满,教学时间,多云,15,13,4,0.0,100,28
2026-05-21 02:00:53,2026-05-21,4,羽毛球馆-8号,11:00-12:00,1,1,已售/已满,教学时间,多云,15,12,4,0.0,100,28
2026-05-21 02:30:49,2026-05-21,4,羽毛球馆-8号,11:00-12:00,1,1,已售/已满,教学时间,多云,15,14,3,0.0,100,29
2026-05-21 03:00:55,2026-05-21,4,羽毛球馆-8号,11:00-12:00,1,1,已售/已满,教学时间,多云,15,12,4,0.0,100,29
2026-05-21 03:30:49,2026-05-21,4,羽毛球馆-8号,11:00-12:00,1,1,已售/已满,教学时间,多云,15,14,3,0.0,100,30
2026-05-21 04:30:45,2026-05-21,4,羽毛球馆-8号,11:00-12:00,1,1,已售/已满,教学时间,多云,15,12,4,0.0,100,29
2026-05-21 05:00:52,2026-05-21,4,羽毛球馆-8号,11:00-12:00,1,1,已售/已满,教学时间,多云,15,12,4,0.0,100,29
2026-05-21 05:30:49,2026-05-21,4,羽毛球馆-8号,11:00-12:00,1,1,已售/已满,教学时间,多云,15,13,3,0.0,100,28
2026-05-21 06:00:50,2026-05-21,4,羽毛球馆-8号,11:00-12:00,1,1,已售/已满,教学时间,多云,15,13,4,0.0,99,28
2026-05-21 06:30:38,2026-05-21,4,羽毛球馆-8号,11:00-12:00,1,1,已售/已满,教学时间,多云,15,13,3,0.0,97,28
2026-05-21 07:00:43,2026-05-21,4,羽毛球馆-8号,11:00-12:00,1,1,已售/已满,教学时间,晴,15,11,5,0.0,93,28
2026-05-21 07:30:39,2026-05-21,4,羽毛球馆-8号,11:00-12:00,1,1,已售/已满,教学时间,晴,17,13,4,0.0,89,29
2026-05-21 07:50:40,2026-05-21,4,羽毛球馆-8号,11:00-12:00,1,1,已售/已满,教学时间,晴,17,13,4,0.0,88,29
2026-05-21 07:53:31,2026-05-21,4,羽毛球馆-8号,11:00-12:00,1,1,已售/已满,教学时间,晴,17,12,5,0.0,86,29
2026-05-21 07:56:31,2026-05-21,4,羽毛球馆-8号,11:00-12:00,1,1,已售/已满,教学时间,晴,17,12,5,0.0,86,29
2026-05-21 07:59:26,2026-05-21,4,羽毛球馆-8号,11:00-12:00,1,1,已售/已满,教学时间,晴,17,12,5,0.0,86,29
2026-05-21 08:00:45,2026-05-21,4,羽毛球馆-8号,11:00-12:00,1,1,已售/已满,教学时间,晴,17,12,5,0.0,86,29
2026-05-21 08:02:30,2026-05-21,4,羽毛球馆-8号,11:00-12:00,1,1,已售/已满,教学时间,多云,17,12,5,0.0,87,29
2026-05-21 08:05:36,2026-05-21,4,羽毛球馆-8号,11:00-12:00,1,1,已售/已满,教学时间,多云,17,12,5,0.0,86,29
2026-05-21 08:08:31,2026-05-21,4,羽毛球馆-8号,11:00-12:00,1,1,已售/已满,教学时间,多云,17,12,5,0.0,86,29
2026-05-21 08:11:30,2026-05-21,4,羽毛球馆-8号,11:00-12:00,1,1,已售/已满,教学时间,多云,17,12,5,0.0,86,29
2026-05-21 08:14:31,2026-05-21,4,羽毛球馆-8号,11:00-12:00,1,1,已售/已满,教学时间,多云,17,12,5,0.0,86,29
2026-05-21 08:17:30,2026-05-21,4,羽毛球馆-8号,11:00-12:00,1,1,已售/已满,教学时间,多云,17,12,5,0.0,86,29
2026-05-21 08:20:35,2026-05-21,4,羽毛球馆-8号,11:00-12:00,1,1,已售/已满,教学时间,多云,17,14,4,0.0,85,29
2026-05-21 08:25:32,2026-05-21,4,羽毛球馆-8号,11:00-12:00,1,1,已售/已满,教学时间,多云,17,14,4,0.0,85,28
2026-05-21 08:30:42,2026-05-21,4,羽毛球馆-8号,11:00-12:00,1,1,已售/已满,教学时间,多云,18,15,4,0.0,84,28
2026-05-21 08:35:31,2026-05-21,4,羽毛球馆-8号,11:00-12:00,1,1,已售/已满,教学时间,多云,18,15,4,0.0,84,28
2026-05-21 08:40:38,2026-05-21,4,羽毛球馆-8号,11:00-12:00,1,1,已售/已满,教学时间,多云,18,15,4,0.0,82,28
2026-05-21 08:45:33,2026-05-21,4,羽毛球馆-8号,11:00-12:00,1,1,已售/已满,教学时间,多云,18,15,4,0.0,82,28
2026-05-21 08:50:36,2026-05-21,4,羽毛球馆-8号,11:00-12:00,1,1,已售/已满,教学时间,多云,18,15,4,0.0,82,28
2026-05-21 08:55:34,2026-05-21,4,羽毛球馆-8号,11:00-12:00,1,1,已售/已满,教学时间,多云,18,15,4,0.0,84,28
2026-05-21 09:00:51,2026-05-21,4,羽毛球馆-8号,11:00-12:00,1,1,已售/已满,教学时间,多云,18,15,4,0.0,84,28
2026-05-21 09:01:59,2026-05-21,4,羽毛球馆-8号,11:00-12:00,1,1,已售/已满,教学时间,多云,18,15,4,0.0,83,28
2026-05-21 09:05:33,2026-05-21,4,羽毛球馆-8号,11:00-12:00,1,1,已售/已满,教学时间,多云,18,15,4,0.0,83,28
2026-05-21 09:20:38,2026-05-21,4,羽毛球馆-8号,11:00-12:00,1,1,已售/已满,教学时间,多云,18,16,3,0.0,81,28
2026-05-21 09:30:46,2026-05-21,4,羽毛球馆-8号,11:00-12:00,1,1,已售/已满,教学时间,多云,18,16,3,0.0,81,32
2026-05-21 09:40:36,2026-05-21,4,羽毛球馆-8号,11:00-12:00,1,1,已售/已满,教学时间,多云,19,17,3,0.0,79,32
2026-05-21 09:50:42,2026-05-21,4,羽毛球馆-8号,11:00-12:00,1,1,已售/已满,教学时间,多云,19,17,4,0.0,81,32
2026-05-21 10:00:46,2026-05-21,4,羽毛球馆-8号,11:00-12:00,1,1,已售/已满,教学时间,多云,19,17,4,0.0,79,32
2026-05-21 10:10:40,2026-05-21,4,羽毛球馆-8号,11:00-12:00,1,1,已售/已满,教学时间,多云,19,17,4,0.0,79,32
2026-05-21 10:20:38,2026-05-21,4,羽毛球馆-8号,11:00-12:00,1,1,已售/已满,教学时间,多云,19,17,4,0.0,79,32
2026-05-21 10:30:41,2026-05-21,4,羽毛球馆-8号,11:00-12:00,1,1,已售/已满,教学时间,多云,19,18,3,0.0,78,31
2026-05-21 11:00:44,2026-05-21,4,羽毛球馆-8号,11:00-12:00,1,1,已售/已满,教学时间,多云,21,17,5,0.0,74,31
2026-05-21 11:30:38,2026-05-21,4,羽毛球馆-8号,11:00-12:00,1,1,已售/已满,教学时间,多云,21,19,3,0.0,72,33
2026-05-21 12:00:46,2026-05-21,4,羽毛球馆-8号,11:00-12:00,1,1,已售/已满,教学时间,多云,22,19,4,0.0,70,33
2026-05-21 12:30:42,2026-05-21,4,羽毛球馆-8号,11:00-12:00,1,1,已售/已满,教学时间,多云,22,21,3,0.0,68,35
2026-05-21 13:00:43,2026-05-21,4,羽毛球馆-8号,11:00-12:00,1,1,已售/已满,教学时间,多云,24,22,4,0.0,66,35
2026-05-21 13:30:43,2026-05-21,4,羽毛球馆-8号,11:00-12:00,1,1,已售/已满,教学时间,多云,24,22,4,0.0,66,36
2026-05-21 14:00:48,2026-05-21,4,羽毛球馆-8号,11:00-12:00,1,1,已售/已满,教学时间,多云,25,23,4,0.0,66,36
2026-05-21 14:30:45,2026-05-21,4,羽毛球馆-8号,11:00-12:00,1,1,已售/已满,教学时间,晴,25,25,3,0.0,65,39
2026-05-21 15:00:45,2026-05-21,4,羽毛球馆-8号,11:00-12:00,1,1,已售/已满,教学时间,晴,25,22,4,0.0,56,39
2026-05-21 15:30:43,2026-05-21,4,羽毛球馆-8号,11:00-12:00,1,1,已售/已满,教学时间,晴,25,23,4,0.0,57,40
2026-05-21 16:00:51,2026-05-21,4,羽毛球馆-8号,11:00-12:00,1,1,已售/已满,教学时间,晴,25,23,4,0.0,57,40
2026-05-21 16:30:48,2026-05-21,4,羽毛球馆-8号,11:00-12:00,1,1,已售/已满,教学时间,晴,25,24,3,0.0,60,39
2026-05-21 17:00:49,2026-05-21,4,羽毛球馆-8号,11:00-12:00,1,1,已售/已满,教学时间,晴,25,24,4,0.0,61,39
2026-05-21 17:30:47,2026-05-21,4,羽毛球馆-8号,11:00-12:00,1,1,已售/已满,教学时间,多云,24,23,3,0.0,64,39
2026-05-21 18:00:50,2026-05-21,4,羽毛球馆-8号,11:00-12:00,1,1,已售/已满,教学时间,多云,24,23,3,0.0,68,39
2026-05-21 18:30:50,2026-05-21,4,羽毛球馆-8号,11:00-12:00,1,1,已售/已满,教学时间,阴,24,25,2,0.0,68,40
2026-05-21 19:00:50,2026-05-21,4,羽毛球馆-8号,11:00-12:00,1,1,已售/已满,教学时间,阴,23,23,3,0.0,76,40
2026-05-21 19:30:46,2026-05-21,4,羽毛球馆-8号,11:00-12:00,1,1,已售/已满,教学时间,阴,23,24,2,0.0,77,39
2026-05-21 20:00:49,2026-05-21,4,羽毛球馆-8号,11:00-12:00,1,1,已售/已满,教学时间,雾,22,23,2,0.0,89,39
2026-05-21 20:30:44,2026-05-21,4,羽毛球馆-8号,11:00-12:00,1,1,已售/已满,教学时间,雾,22,24,2,0.0,93,43
2026-05-21 21:00:56,2026-05-21,4,羽毛球馆-8号,11:00-12:00,1,1,已售/已满,教学时间,雾,20,21,2,0.0,98,43
2026-05-21 21:30:46,2026-05-21,4,羽毛球馆-8号,11:00-12:00,1,1,已售/已满,教学时间,雾,20,22,1,0.0,99,41
2026-05-21 22:01:02,2026-05-21,4,羽毛球馆-8号,11:00-12:00,1,1,已售/已满,教学时间,雾,19,20,2,0.0,93,41
2026-05-21 22:30:47,2026-05-21,4,羽毛球馆-8号,11:00-12:00,1,1,已售/已满,教学时间,雾,19,19,3,0.0,88,46
2026-05-21 23:00:56,2026-05-21,4,羽毛球馆-8号,11:00-12:00,1,1,已售/已满,教学时间,多云,18,17,3,0.0,85,46
2026-05-21 23:30:55,2026-05-21,4,羽毛球馆-8号,11:00-12:00,1,1,已售/已满,教学时间,多云,18,17,3,0.0,85,48
2026-05-21 00:30:49,2026-05-21,4,羽毛球馆-8号,12:00-12:55,1,1,已售/已满,已售,多云,15,13,3,0.0,100,26
2026-05-21 01:00:55,2026-05-21,4,羽毛球馆-8号,12:00-12:55,1,1,已售/已满,已售,多云,15,12,4,0.0,100,26
2026-05-21 01:30:47,2026-05-21,4,羽毛球馆-8号,12:00-12:55,1,1,已售/已满,已售,多云,15,13,4,0.0,100,28
2026-05-21 02:00:53,2026-05-21,4,羽毛球馆-8号,12:00-12:55,1,1,已售/已满,已售,多云,15,12,4,0.0,100,28
2026-05-21 02:30:49,2026-05-21,4,羽毛球馆-8号,12:00-12:55,1,1,已售/已满,已售,多云,15,14,3,0.0,100,29
2026-05-21 03:00:55,2026-05-21,4,羽毛球馆-8号,12:00-12:55,1,1,已售/已满,已售,多云,15,12,4,0.0,100,29
2026-05-21 03:30:49,2026-05-21,4,羽毛球馆-8号,12:00-12:55,1,1,已售/已满,已售,多云,15,14,3,0.0,100,30
2026-05-21 04:30:45,2026-05-21,4,羽毛球馆-8号,12:00-12:55,1,1,已售/已满,已售,多云,15,12,4,0.0,100,29
2026-05-21 05:00:52,2026-05-21,4,羽毛球馆-8号,12:00-12:55,1,1,已售/已满,已售,多云,15,12,4,0.0,100,29
2026-05-21 05:30:49,2026-05-21,4,羽毛球馆-8号,12:00-12:55,1,1,已售/已满,已售,多云,15,13,3,0.0,100,28
2026-05-21 06:00:50,2026-05-21,4,羽毛球馆-8号,12:00-12:55,1,1,已售/已满,已售,多云,15,13,4,0.0,99,28
2026-05-21 06:30:38,2026-05-21,4,羽毛球馆-8号,12:00-12:55,1,1,已售/已满,已售,多云,15,13,3,0.0,97,28
2026-05-21 07:00:43,2026-05-21,4,羽毛球馆-8号,12:00-12:55,1,1,已售/已满,已售,晴,15,11,5,0.0,93,28
2026-05-21 07:30:39,2026-05-21,4,羽毛球馆-8号,12:00-12:55,1,1,已售/已满,已售,晴,17,13,4,0.0,89,29
2026-05-21 07:50:40,2026-05-21,4,羽毛球馆-8号,12:00-12:55,1,1,已售/已满,已售,晴,17,13,4,0.0,88,29
2026-05-21 07:53:31,2026-05-21,4,羽毛球馆-8号,12:00-12:55,1,1,已售/已满,已售,晴,17,12,5,0.0,86,29
2026-05-21 07:56:31,2026-05-21,4,羽毛球馆-8号,12:00-12:55,1,1,已售/已满,已售,晴,17,12,5,0.0,86,29
2026-05-21 07:59:26,2026-05-21,4,羽毛球馆-8号,12:00-12:55,1,1,已售/已满,已售,晴,17,12,5,0.0,86,29
2026-05-21 08:00:45,2026-05-21,4,羽毛球馆-8号,12:00-12:55,1,1,已售/已满,已售,晴,17,12,5,0.0,86,29
2026-05-21 08:02:30,2026-05-21,4,羽毛球馆-8号,12:00-12:55,1,1,已售/已满,已售,多云,17,12,5,0.0,87,29
2026-05-21 08:05:36,2026-05-21,4,羽毛球馆-8号,12:00-12:55,1,1,已售/已满,已售,多云,17,12,5,0.0,86,29
2026-05-21 08:08:31,2026-05-21,4,羽毛球馆-8号,12:00-12:55,1,1,已售/已满,已售,多云,17,12,5,0.0,86,29
2026-05-21 08:11:30,2026-05-21,4,羽毛球馆-8号,12:00-12:55,1,1,已售/已满,已售,多云,17,12,5,0.0,86,29
2026-05-21 08:14:31,2026-05-21,4,羽毛球馆-8号,12:00-12:55,1,1,已售/已满,已售,多云,17,12,5,0.0,86,29
2026-05-21 08:17:30,2026-05-21,4,羽毛球馆-8号,12:00-12:55,1,1,已售/已满,已售,多云,17,12,5,0.0,86,29
2026-05-21 08:20:35,2026-05-21,4,羽毛球馆-8号,12:00-12:55,1,1,已售/已满,已售,多云,17,14,4,0.0,85,29
2026-05-21 08:25:32,2026-05-21,4,羽毛球馆-8号,12:00-12:55,1,1,已售/已满,已售,多云,17,14,4,0.0,85,28
2026-05-21 08:30:42,2026-05-21,4,羽毛球馆-8号,12:00-12:55,1,1,已售/已满,已售,多云,18,15,4,0.0,84,28
2026-05-21 08:35:31,2026-05-21,4,羽毛球馆-8号,12:00-12:55,1,1,已售/已满,已售,多云,18,15,4,0.0,84,28
2026-05-21 08:40:38,2026-05-21,4,羽毛球馆-8号,12:00-12:55,1,1,已售/已满,已售,多云,18,15,4,0.0,82,28
2026-05-21 08:45:33,2026-05-21,4,羽毛球馆-8号,12:00-12:55,1,1,已售/已满,已售,多云,18,15,4,0.0,82,28
2026-05-21 08:50:36,2026-05-21,4,羽毛球馆-8号,12:00-12:55,1,1,已售/已满,已售,多云,18,15,4,0.0,82,28
2026-05-21 08:55:34,2026-05-21,4,羽毛球馆-8号,12:00-12:55,1,1,已售/已满,已售,多云,18,15,4,0.0,84,28
2026-05-21 09:00:51,2026-05-21,4,羽毛球馆-8号,12:00-12:55,1,1,已售/已满,已售,多云,18,15,4,0.0,84,28
2026-05-21 09:01:59,2026-05-21,4,羽毛球馆-8号,12:00-12:55,1,1,已售/已满,已售,多云,18,15,4,0.0,83,28
2026-05-21 09:05:33,2026-05-21,4,羽毛球馆-8号,12:00-12:55,1,1,已售/已满,已售,多云,18,15,4,0.0,83,28
2026-05-21 09:20:38,2026-05-21,4,羽毛球馆-8号,12:00-12:55,1,1,已售/已满,已售,多云,18,16,3,0.0,81,28
2026-05-21 09:30:46,2026-05-21,4,羽毛球馆-8号,12:00-12:55,1,1,已售/已满,已售,多云,18,16,3,0.0,81,32
2026-05-21 09:40:36,2026-05-21,4,羽毛球馆-8号,12:00-12:55,1,1,已售/已满,已售,多云,19,17,3,0.0,79,32
2026-05-21 09:50:42,2026-05-21,4,羽毛球馆-8号,12:00-12:55,1,1,已售/已满,已售,多云,19,17,4,0.0,81,32
2026-05-21 10:00:46,2026-05-21,4,羽毛球馆-8号,12:00-12:55,1,1,已售/已满,已售,多云,19,17,4,0.0,79,32
2026-05-21 10:10:40,2026-05-21,4,羽毛球馆-8号,12:00-12:55,1,1,已售/已满,已售,多云,19,17,4,0.0,79,32
2026-05-21 10:20:38,2026-05-21,4,羽毛球馆-8号,12:00-12:55,1,1,已售/已满,已售,多云,19,17,4,0.0,79,32
2026-05-21 10:30:41,2026-05-21,4,羽毛球馆-8号,12:00-12:55,1,1,已售/已满,已售,多云,19,18,3,0.0,78,31
2026-05-21 11:00:44,2026-05-21,4,羽毛球馆-8号,12:00-12:55,1,1,已售/已满,已售,多云,21,17,5,0.0,74,31
2026-05-21 11:30:38,2026-05-21,4,羽毛球馆-8号,12:00-12:55,1,1,已售/已满,已售,多云,21,19,3,0.0,72,33
2026-05-21 12:00:46,2026-05-21,4,羽毛球馆-8号,12:00-12:55,1,1,已售/已满,已售,多云,22,19,4,0.0,70,33
2026-05-21 12:30:42,2026-05-21,4,羽毛球馆-8号,12:00-12:55,1,1,已售/已满,已售,多云,22,21,3,0.0,68,35
2026-05-21 13:00:43,2026-05-21,4,羽毛球馆-8号,12:00-12:55,1,1,已售/已满,已售,多云,24,22,4,0.0,66,35
2026-05-21 13:30:43,2026-05-21,4,羽毛球馆-8号,12:00-12:55,1,1,已售/已满,已售,多云,24,22,4,0.0,66,36
2026-05-21 14:00:48,2026-05-21,4,羽毛球馆-8号,12:00-12:55,1,1,已售/已满,已售,多云,25,23,4,0.0,66,36
2026-05-21 14:30:45,2026-05-21,4,羽毛球馆-8号,12:00-12:55,1,1,已售/已满,已售,晴,25,25,3,0.0,65,39
2026-05-21 15:00:45,2026-05-21,4,羽毛球馆-8号,12:00-12:55,1,1,已售/已满,已售,晴,25,22,4,0.0,56,39
2026-05-21 15:30:43,2026-05-21,4,羽毛球馆-8号,12:00-12:55,1,1,已售/已满,已售,晴,25,23,4,0.0,57,40
2026-05-21 16:00:51,2026-05-21,4,羽毛球馆-8号,12:00-12:55,1,1,已售/已满,已售,晴,25,23,4,0.0,57,40
2026-05-21 16:30:48,2026-05-21,4,羽毛球馆-8号,12:00-12:55,1,1,已售/已满,已售,晴,25,24,3,0.0,60,39
2026-05-21 17:00:49,2026-05-21,4,羽毛球馆-8号,12:00-12:55,1,1,已售/已满,已售,晴,25,24,4,0.0,61,39
2026-05-21 17:30:47,2026-05-21,4,羽毛球馆-8号,12:00-12:55,1,1,已售/已满,已售,多云,24,23,3,0.0,64,39
2026-05-21 18:00:50,2026-05-21,4,羽毛球馆-8号,12:00-12:55,1,1,已售/已满,已售,多云,24,23,3,0.0,68,39
2026-05-21 18:30:50,2026-05-21,4,羽毛球馆-8号,12:00-12:55,1,1,已售/已满,已售,阴,24,25,2,0.0,68,40
2026-05-21 19:00:50,2026-05-21,4,羽毛球馆-8号,12:00-12:55,1,1,已售/已满,已售,阴,23,23,3,0.0,76,40
2026-05-21 19:30:46,2026-05-21,4,羽毛球馆-8号,12:00-12:55,1,1,已售/已满,已售,阴,23,24,2,0.0,77,39
2026-05-21 20:00:49,2026-05-21,4,羽毛球馆-8号,12:00-12:55,1,1,已售/已满,已售,雾,22,23,2,0.0,89,39
2026-05-21 20:30:44,2026-05-21,4,羽毛球馆-8号,12:00-12:55,1,1,已售/已满,已售,雾,22,24,2,0.0,93,43
2026-05-21 21:00:56,2026-05-21,4,羽毛球馆-8号,12:00-12:55,1,1,已售/已满,已售,雾,20,21,2,0.0,98,43
2026-05-21 21:30:46,2026-05-21,4,羽毛球馆-8号,12:00-12:55,1,1,已售/已满,已售,雾,20,22,1,0.0,99,41
2026-05-21 22:01:02,2026-05-21,4,羽毛球馆-8号,12:00-12:55,1,1,已售/已满,已售,雾,19,20,2,0.0,93,41
2026-05-21 22:30:47,2026-05-21,4,羽毛球馆-8号,12:00-12:55,1,1,已售/已满,已售,雾,19,19,3,0.0,88,46
2026-05-21 23:00:56,2026-05-21,4,羽毛球馆-8号,12:00-12:55,1,1,已售/已满,已售,多云,18,17,3,0.0,85,46
2026-05-21 23:30:55,2026-05-21,4,羽毛球馆-8号,12:00-12:55,1,1,已售/已满,已售,多云,18,17,3,0.0,85,48
2026-05-21 00:30:49,2026-05-21,4,羽毛球馆-8号,12:55-13:50,1,1,已售/已满,已售,多云,15,13,3,0.0,100,26
2026-05-21 01:00:55,2026-05-21,4,羽毛球馆-8号,12:55-13:50,1,1,已售/已满,已售,多云,15,12,4,0.0,100,26
2026-05-21 01:30:47,2026-05-21,4,羽毛球馆-8号,12:55-13:50,1,1,已售/已满,已售,多云,15,13,4,0.0,100,28
2026-05-21 02:00:53,2026-05-21,4,羽毛球馆-8号,12:55-13:50,1,1,已售/已满,已售,多云,15,12,4,0.0,100,28
2026-05-21 02:30:49,2026-05-21,4,羽毛球馆-8号,12:55-13:50,1,1,已售/已满,已售,多云,15,14,3,0.0,100,29
2026-05-21 03:00:55,2026-05-21,4,羽毛球馆-8号,12:55-13:50,1,1,已售/已满,已售,多云,15,12,4,0.0,100,29
2026-05-21 03:30:49,2026-05-21,4,羽毛球馆-8号,12:55-13:50,1,1,已售/已满,已售,多云,15,14,3,0.0,100,30
2026-05-21 04:30:45,2026-05-21,4,羽毛球馆-8号,12:55-13:50,1,1,已售/已满,已售,多云,15,12,4,0.0,100,29
2026-05-21 05:00:52,2026-05-21,4,羽毛球馆-8号,12:55-13:50,1,1,已售/已满,已售,多云,15,12,4,0.0,100,29
2026-05-21 05:30:49,2026-05-21,4,羽毛球馆-8号,12:55-13:50,1,1,已售/已满,已售,多云,15,13,3,0.0,100,28
2026-05-21 06:00:50,2026-05-21,4,羽毛球馆-8号,12:55-13:50,1,1,已售/已满,已售,多云,15,13,4,0.0,99,28
2026-05-21 06:30:38,2026-05-21,4,羽毛球馆-8号,12:55-13:50,1,1,已售/已满,已售,多云,15,13,3,0.0,97,28
2026-05-21 07:00:43,2026-05-21,4,羽毛球馆-8号,12:55-13:50,1,1,已售/已满,已售,晴,15,11,5,0.0,93,28
2026-05-21 07:30:39,2026-05-21,4,羽毛球馆-8号,12:55-13:50,1,1,已售/已满,已售,晴,17,13,4,0.0,89,29
2026-05-21 07:50:40,2026-05-21,4,羽毛球馆-8号,12:55-13:50,1,1,已售/已满,已售,晴,17,13,4,0.0,88,29
2026-05-21 07:53:31,2026-05-21,4,羽毛球馆-8号,12:55-13:50,1,1,已售/已满,已售,晴,17,12,5,0.0,86,29
2026-05-21 07:56:31,2026-05-21,4,羽毛球馆-8号,12:55-13:50,1,1,已售/已满,已售,晴,17,12,5,0.0,86,29
2026-05-21 07:59:26,2026-05-21,4,羽毛球馆-8号,12:55-13:50,1,1,已售/已满,已售,晴,17,12,5,0.0,86,29
2026-05-21 08:00:45,2026-05-21,4,羽毛球馆-8号,12:55-13:50,1,1,已售/已满,已售,晴,17,12,5,0.0,86,29
2026-05-21 08:02:30,2026-05-21,4,羽毛球馆-8号,12:55-13:50,1,1,已售/已满,已售,多云,17,12,5,0.0,87,29
2026-05-21 08:05:36,2026-05-21,4,羽毛球馆-8号,12:55-13:50,1,1,已售/已满,已售,多云,17,12,5,0.0,86,29
2026-05-21 08:08:31,2026-05-21,4,羽毛球馆-8号,12:55-13:50,1,1,已售/已满,已售,多云,17,12,5,0.0,86,29
2026-05-21 08:11:30,2026-05-21,4,羽毛球馆-8号,12:55-13:50,1,1,已售/已满,已售,多云,17,12,5,0.0,86,29
2026-05-21 08:14:31,2026-05-21,4,羽毛球馆-8号,12:55-13:50,1,1,已售/已满,已售,多云,17,12,5,0.0,86,29
2026-05-21 08:17:30,2026-05-21,4,羽毛球馆-8号,12:55-13:50,1,1,已售/已满,已售,多云,17,12,5,0.0,86,29
2026-05-21 08:20:35,2026-05-21,4,羽毛球馆-8号,12:55-13:50,1,1,已售/已满,已售,多云,17,14,4,0.0,85,29
2026-05-21 08:25:32,2026-05-21,4,羽毛球馆-8号,12:55-13:50,1,1,已售/已满,已售,多云,17,14,4,0.0,85,28
2026-05-21 08:30:42,2026-05-21,4,羽毛球馆-8号,12:55-13:50,1,1,已售/已满,已售,多云,18,15,4,0.0,84,28
2026-05-21 08:35:31,2026-05-21,4,羽毛球馆-8号,12:55-13:50,1,1,已售/已满,已售,多云,18,15,4,0.0,84,28
2026-05-21 08:40:38,2026-05-21,4,羽毛球馆-8号,12:55-13:50,1,1,已售/已满,已售,多云,18,15,4,0.0,82,28
2026-05-21 08:45:33,2026-05-21,4,羽毛球馆-8号,12:55-13:50,1,1,已售/已满,已售,多云,18,15,4,0.0,82,28
2026-05-21 08:50:36,2026-05-21,4,羽毛球馆-8号,12:55-13:50,1,1,已售/已满,已售,多云,18,15,4,0.0,82,28
2026-05-21 08:55:34,2026-05-21,4,羽毛球馆-8号,12:55-13:50,1,1,已售/已满,已售,多云,18,15,4,0.0,84,28
2026-05-21 09:00:51,2026-05-21,4,羽毛球馆-8号,12:55-13:50,1,1,已售/已满,已售,多云,18,15,4,0.0,84,28
2026-05-21 09:01:59,2026-05-21,4,羽毛球馆-8号,12:55-13:50,1,1,已售/已满,已售,多云,18,15,4,0.0,83,28
2026-05-21 09:05:33,2026-05-21,4,羽毛球馆-8号,12:55-13:50,1,1,已售/已满,已售,多云,18,15,4,0.0,83,28
2026-05-21 09:20:38,2026-05-21,4,羽毛球馆-8号,12:55-13:50,1,1,已售/已满,已售,多云,18,16,3,0.0,81,28
2026-05-21 09:30:46,2026-05-21,4,羽毛球馆-8号,12:55-13:50,1,1,已售/已满,已售,多云,18,16,3,0.0,81,32
2026-05-21 09:40:36,2026-05-21,4,羽毛球馆-8号,12:55-13:50,1,1,已售/已满,已售,多云,19,17,3,0.0,79,32
2026-05-21 09:50:42,2026-05-21,4,羽毛球馆-8号,12:55-13:50,1,1,已售/已满,已售,多云,19,17,4,0.0,81,32
2026-05-21 10:00:46,2026-05-21,4,羽毛球馆-8号,12:55-13:50,1,1,已售/已满,已售,多云,19,17,4,0.0,79,32
2026-05-21 10:10:40,2026-05-21,4,羽毛球馆-8号,12:55-13:50,1,1,已售/已满,已售,多云,19,17,4,0.0,79,32
2026-05-21 10:20:38,2026-05-21,4,羽毛球馆-8号,12:55-13:50,1,1,已售/已满,已售,多云,19,17,4,0.0,79,32
2026-05-21 10:30:41,2026-05-21,4,羽毛球馆-8号,12:55-13:50,1,1,已售/已满,已售,多云,19,18,3,0.0,78,31
2026-05-21 11:00:44,2026-05-21,4,羽毛球馆-8号,12:55-13:50,1,1,已售/已满,已售,多云,21,17,5,0.0,74,31
2026-05-21 11:30:38,2026-05-21,4,羽毛球馆-8号,12:55-13:50,1,1,已售/已满,已售,多云,21,19,3,0.0,72,33
2026-05-21 12:00:46,2026-05-21,4,羽毛球馆-8号,12:55-13:50,1,1,已售/已满,已售,多云,22,19,4,0.0,70,33
2026-05-21 12:30:42,2026-05-21,4,羽毛球馆-8号,12:55-13:50,1,1,已售/已满,已售,多云,22,21,3,0.0,68,35
2026-05-21 13:00:43,2026-05-21,4,羽毛球馆-8号,12:55-13:50,1,1,已售/已满,已售,多云,24,22,4,0.0,66,35
2026-05-21 13:30:43,2026-05-21,4,羽毛球馆-8号,12:55-13:50,1,1,已售/已满,已售,多云,24,22,4,0.0,66,36
2026-05-21 14:00:48,2026-05-21,4,羽毛球馆-8号,12:55-13:50,1,1,已售/已满,已售,多云,25,23,4,0.0,66,36
2026-05-21 14:30:45,2026-05-21,4,羽毛球馆-8号,12:55-13:50,1,1,已售/已满,已售,晴,25,25,3,0.0,65,39
2026-05-21 15:00:45,2026-05-21,4,羽毛球馆-8号,12:55-13:50,1,1,已售/已满,已售,晴,25,22,4,0.0,56,39
2026-05-21 15:30:43,2026-05-21,4,羽毛球馆-8号,12:55-13:50,1,1,已售/已满,已售,晴,25,23,4,0.0,57,40
2026-05-21 16:00:51,2026-05-21,4,羽毛球馆-8号,12:55-13:50,1,1,已售/已满,已售,晴,25,23,4,0.0,57,40
2026-05-21 16:30:48,2026-05-21,4,羽毛球馆-8号,12:55-13:50,1,1,已售/已满,已售,晴,25,24,3,0.0,60,39
2026-05-21 17:00:49,2026-05-21,4,羽毛球馆-8号,12:55-13:50,1,1,已售/已满,已售,晴,25,24,4,0.0,61,39
2026-05-21 17:30:47,2026-05-21,4,羽毛球馆-8号,12:55-13:50,1,1,已售/已满,已售,多云,24,23,3,0.0,64,39
2026-05-21 18:00:50,2026-05-21,4,羽毛球馆-8号,12:55-13:50,1,1,已售/已满,已售,多云,24,23,3,0.0,68,39
2026-05-21 18:30:50,2026-05-21,4,羽毛球馆-8号,12:55-13:50,1,1,已售/已满,已售,阴,24,25,2,0.0,68,40
2026-05-21 19:00:50,2026-05-21,4,羽毛球馆-8号,12:55-13:50,1,1,已售/已满,已售,阴,23,23,3,0.0,76,40
2026-05-21 19:30:46,2026-05-21,4,羽毛球馆-8号,12:55-13:50,1,1,已售/已满,已售,阴,23,24,2,0.0,77,39
2026-05-21 20:00:49,2026-05-21,4,羽毛球馆-8号,12:55-13:50,1,1,已售/已满,已售,雾,22,23,2,0.0,89,39
2026-05-21 20:30:44,2026-05-21,4,羽毛球馆-8号,12:55-13:50,1,1,已售/已满,已售,雾,22,24,2,0.0,93,43
2026-05-21 21:00:56,2026-05-21,4,羽毛球馆-8号,12:55-13:50,1,1,已售/已满,已售,雾,20,21,2,0.0,98,43
2026-05-21 21:30:46,2026-05-21,4,羽毛球馆-8号,12:55-13:50,1,1,已售/已满,已售,雾,20,22,1,0.0,99,41
2026-05-21 22:01:02,2026-05-21,4,羽毛球馆-8号,12:55-13:50,1,1,已售/已满,已售,雾,19,20,2,0.0,93,41
2026-05-21 22:30:47,2026-05-21,4,羽毛球馆-8号,12:55-13:50,1,1,已售/已满,已售,雾,19,19,3,0.0,88,46
2026-05-21 23:00:56,2026-05-21,4,羽毛球馆-8号,12:55-13:50,1,1,已售/已满,已售,多云,18,17,3,0.0,85,46
2026-05-21 23:30:55,2026-05-21,4,羽毛球馆-8号,12:55-13:50,1,1,已售/已满,已售,多云,18,17,3,0.0,85,48
2026-05-21 00:30:49,2026-05-21,4,羽毛球馆-8号,14:00-15:00,0,1,可预约,￥12.0,多云,15,13,3,0.0,100,26
2026-05-21 01:00:55,2026-05-21,4,羽毛球馆-8号,14:00-15:00,0,1,可预约,￥12.0,多云,15,12,4,0.0,100,26
2026-05-21 01:30:47,2026-05-21,4,羽毛球馆-8号,14:00-15:00,0,1,可预约,￥12.0,多云,15,13,4,0.0,100,28
2026-05-21 02:00:53,2026-05-21,4,羽毛球馆-8号,14:00-15:00,0,1,可预约,￥12.0,多云,15,12,4,0.0,100,28
2026-05-21 02:30:49,2026-05-21,4,羽毛球馆-8号,14:00-15:00,0,1,可预约,￥12.0,多云,15,14,3,0.0,100,29
2026-05-21 03:00:55,2026-05-21,4,羽毛球馆-8号,14:00-15:00,0,1,可预约,￥12.0,多云,15,12,4,0.0,100,29
2026-05-21 03:30:49,2026-05-21,4,羽毛球馆-8号,14:00-15:00,0,1,可预约,￥12.0,多云,15,14,3,0.0,100,30
2026-05-21 04:30:45,2026-05-21,4,羽毛球馆-8号,14:00-15:00,0,1,可预约,￥12.0,多云,15,12,4,0.0,100,29
2026-05-21 05:00:52,2026-05-21,4,羽毛球馆-8号,14:00-15:00,0,1,可预约,￥12.0,多云,15,12,4,0.0,100,29
2026-05-21 05:30:49,2026-05-21,4,羽毛球馆-8号,14:00-15:00,0,1,可预约,￥12.0,多云,15,13,3,0.0,100,28
2026-05-21 06:00:50,2026-05-21,4,羽毛球馆-8号,14:00-15:00,0,1,可预约,￥12.0,多云,15,13,4,0.0,99,28
2026-05-21 06:30:38,2026-05-21,4,羽毛球馆-8号,14:00-15:00,0,1,可预约,￥12.0,多云,15,13,3,0.0,97,28
2026-05-21 07:00:43,2026-05-21,4,羽毛球馆-8号,14:00-15:00,0,1,可预约,￥12.0,晴,15,11,5,0.0,93,28
2026-05-21 07:30:39,2026-05-21,4,羽毛球馆-8号,14:00-15:00,1,1,已售/已满,已售,晴,17,13,4,0.0,89,29
2026-05-21 07:50:40,2026-05-21,4,羽毛球馆-8号,14:00-15:00,1,1,已售/已满,已售,晴,17,13,4,0.0,88,29
2026-05-21 07:53:31,2026-05-21,4,羽毛球馆-8号,14:00-15:00,1,1,已售/已满,已售,晴,17,12,5,0.0,86,29
2026-05-21 07:56:31,2026-05-21,4,羽毛球馆-8号,14:00-15:00,1,1,已售/已满,已售,晴,17,12,5,0.0,86,29
2026-05-21 07:59:26,2026-05-21,4,羽毛球馆-8号,14:00-15:00,1,1,已售/已满,已售,晴,17,12,5,0.0,86,29
2026-05-21 08:00:45,2026-05-21,4,羽毛球馆-8号,14:00-15:00,1,1,已售/已满,已售,晴,17,12,5,0.0,86,29
2026-05-21 08:02:30,2026-05-21,4,羽毛球馆-8号,14:00-15:00,1,1,已售/已满,已售,多云,17,12,5,0.0,87,29
2026-05-21 08:05:36,2026-05-21,4,羽毛球馆-8号,14:00-15:00,1,1,已售/已满,已售,多云,17,12,5,0.0,86,29
2026-05-21 08:08:31,2026-05-21,4,羽毛球馆-8号,14:00-15:00,1,1,已售/已满,已售,多云,17,12,5,0.0,86,29
2026-05-21 08:11:30,2026-05-21,4,羽毛球馆-8号,14:00-15:00,1,1,已售/已满,已售,多云,17,12,5,0.0,86,29
2026-05-21 08:14:31,2026-05-21,4,羽毛球馆-8号,14:00-15:00,1,1,已售/已满,已售,多云,17,12,5,0.0,86,29
2026-05-21 08:17:30,2026-05-21,4,羽毛球馆-8号,14:00-15:00,1,1,已售/已满,已售,多云,17,12,5,0.0,86,29
2026-05-21 08:20:35,2026-05-21,4,羽毛球馆-8号,14:00-15:00,1,1,已售/已满,已售,多云,17,14,4,0.0,85,29
2026-05-21 08:25:32,2026-05-21,4,羽毛球馆-8号,14:00-15:00,1,1,已售/已满,已售,多云,17,14,4,0.0,85,28
2026-05-21 08:30:42,2026-05-21,4,羽毛球馆-8号,14:00-15:00,1,1,已售/已满,已售,多云,18,15,4,0.0,84,28
2026-05-21 08:35:31,2026-05-21,4,羽毛球馆-8号,14:00-15:00,1,1,已售/已满,已售,多云,18,15,4,0.0,84,28
2026-05-21 08:40:38,2026-05-21,4,羽毛球馆-8号,14:00-15:00,1,1,已售/已满,已售,多云,18,15,4,0.0,82,28
2026-05-21 08:45:33,2026-05-21,4,羽毛球馆-8号,14:00-15:00,1,1,已售/已满,已售,多云,18,15,4,0.0,82,28
2026-05-21 08:50:36,2026-05-21,4,羽毛球馆-8号,14:00-15:00,1,1,已售/已满,已售,多云,18,15,4,0.0,82,28
2026-05-21 08:55:34,2026-05-21,4,羽毛球馆-8号,14:00-15:00,1,1,已售/已满,已售,多云,18,15,4,0.0,84,28
2026-05-21 09:00:51,2026-05-21,4,羽毛球馆-8号,14:00-15:00,1,1,已售/已满,已售,多云,18,15,4,0.0,84,28
2026-05-21 09:01:59,2026-05-21,4,羽毛球馆-8号,14:00-15:00,1,1,已售/已满,已售,多云,18,15,4,0.0,83,28
2026-05-21 09:05:33,2026-05-21,4,羽毛球馆-8号,14:00-15:00,1,1,已售/已满,已售,多云,18,15,4,0.0,83,28
2026-05-21 09:20:38,2026-05-21,4,羽毛球馆-8号,14:00-15:00,1,1,已售/已满,已售,多云,18,16,3,0.0,81,28
2026-05-21 09:30:46,2026-05-21,4,羽毛球馆-8号,14:00-15:00,1,1,已售/已满,已售,多云,18,16,3,0.0,81,32
2026-05-21 09:40:36,2026-05-21,4,羽毛球馆-8号,14:00-15:00,1,1,已售/已满,已售,多云,19,17,3,0.0,79,32
2026-05-21 09:50:42,2026-05-21,4,羽毛球馆-8号,14:00-15:00,1,1,已售/已满,已售,多云,19,17,4,0.0,81,32
2026-05-21 10:00:46,2026-05-21,4,羽毛球馆-8号,14:00-15:00,1,1,已售/已满,已售,多云,19,17,4,0.0,79,32
2026-05-21 10:10:40,2026-05-21,4,羽毛球馆-8号,14:00-15:00,1,1,已售/已满,已售,多云,19,17,4,0.0,79,32
2026-05-21 10:20:38,2026-05-21,4,羽毛球馆-8号,14:00-15:00,1,1,已售/已满,已售,多云,19,17,4,0.0,79,32
2026-05-21 10:30:41,2026-05-21,4,羽毛球馆-8号,14:00-15:00,1,1,已售/已满,已售,多云,19,18,3,0.0,78,31
2026-05-21 11:00:44,2026-05-21,4,羽毛球馆-8号,14:00-15:00,1,1,已售/已满,已售,多云,21,17,5,0.0,74,31
2026-05-21 11:30:38,2026-05-21,4,羽毛球馆-8号,14:00-15:00,1,1,已售/已满,已售,多云,21,19,3,0.0,72,33
2026-05-21 12:00:46,2026-05-21,4,羽毛球馆-8号,14:00-15:00,1,1,已售/已满,已售,多云,22,19,4,0.0,70,33
2026-05-21 12:30:42,2026-05-21,4,羽毛球馆-8号,14:00-15:00,1,1,已售/已满,已售,多云,22,21,3,0.0,68,35
2026-05-21 13:00:43,2026-05-21,4,羽毛球馆-8号,14:00-15:00,1,1,已售/已满,已售,多云,24,22,4,0.0,66,35
2026-05-21 13:30:43,2026-05-21,4,羽毛球馆-8号,14:00-15:00,1,1,已售/已满,已售,多云,24,22,4,0.0,66,36
2026-05-21 14:00:48,2026-05-21,4,羽毛球馆-8号,14:00-15:00,1,1,已售/已满,已售,多云,25,23,4,0.0,66,36
2026-05-21 14:30:45,2026-05-21,4,羽毛球馆-8号,14:00-15:00,1,1,已售/已满,已售,晴,25,25,3,0.0,65,39
2026-05-21 15:00:45,2026-05-21,4,羽毛球馆-8号,14:00-15:00,1,1,已售/已满,已售,晴,25,22,4,0.0,56,39
2026-05-21 15:30:43,2026-05-21,4,羽毛球馆-8号,14:00-15:00,1,1,已售/已满,已售,晴,25,23,4,0.0,57,40
2026-05-21 16:00:51,2026-05-21,4,羽毛球馆-8号,14:00-15:00,1,1,已售/已满,已售,晴,25,23,4,0.0,57,40
2026-05-21 16:30:48,2026-05-21,4,羽毛球馆-8号,14:00-15:00,1,1,已售/已满,已售,晴,25,24,3,0.0,60,39
2026-05-21 17:00:49,2026-05-21,4,羽毛球馆-8号,14:00-15:00,1,1,已售/已满,已售,晴,25,24,4,0.0,61,39
2026-05-21 17:30:47,2026-05-21,4,羽毛球馆-8号,14:00-15:00,1,1,已售/已满,已售,多云,24,23,3,0.0,64,39
2026-05-21 18:00:50,2026-05-21,4,羽毛球馆-8号,14:00-15:00,1,1,已售/已满,已售,多云,24,23,3,0.0,68,39
2026-05-21 18:30:50,2026-05-21,4,羽毛球馆-8号,14:00-15:00,1,1,已售/已满,已售,阴,24,25,2,0.0,68,40
2026-05-21 19:00:50,2026-05-21,4,羽毛球馆-8号,14:00-15:00,1,1,已售/已满,已售,阴,23,23,3,0.0,76,40
2026-05-21 19:30:46,2026-05-21,4,羽毛球馆-8号,14:00-15:00,1,1,已售/已满,已售,阴,23,24,2,0.0,77,39
2026-05-21 20:00:49,2026-05-21,4,羽毛球馆-8号,14:00-15:00,1,1,已售/已满,已售,雾,22,23,2,0.0,89,39
2026-05-21 20:30:44,2026-05-21,4,羽毛球馆-8号,14:00-15:00,1,1,已售/已满,已售,雾,22,24,2,0.0,93,43
2026-05-21 21:00:56,2026-05-21,4,羽毛球馆-8号,14:00-15:00,1,1,已售/已满,已售,雾,20,21,2,0.0,98,43
2026-05-21 21:30:46,2026-05-21,4,羽毛球馆-8号,14:00-15:00,1,1,已售/已满,已售,雾,20,22,1,0.0,99,41
2026-05-21 22:01:02,2026-05-21,4,羽毛球馆-8号,14:00-15:00,1,1,已售/已满,已售,雾,19,20,2,0.0,93,41
2026-05-21 22:30:47,2026-05-21,4,羽毛球馆-8号,14:00-15:00,1,1,已售/已满,已售,雾,19,19,3,0.0,88,46
2026-05-21 23:00:56,2026-05-21,4,羽毛球馆-8号,14:00-15:00,1,1,已售/已满,已售,多云,18,17,3,0.0,85,46
2026-05-21 23:30:55,2026-05-21,4,羽毛球馆-8号,14:00-15:00,1,1,已售/已满,已售,多云,18,17,3,0.0,85,48
2026-05-21 00:30:49,2026-05-21,4,羽毛球馆-8号,15:00-16:00,1,1,已售/已满,已售,多云,15,13,3,0.0,100,26
2026-05-21 01:00:55,2026-05-21,4,羽毛球馆-8号,15:00-16:00,1,1,已售/已满,已售,多云,15,12,4,0.0,100,26
2026-05-21 01:30:47,2026-05-21,4,羽毛球馆-8号,15:00-16:00,1,1,已售/已满,已售,多云,15,13,4,0.0,100,28
2026-05-21 02:00:53,2026-05-21,4,羽毛球馆-8号,15:00-16:00,1,1,已售/已满,已售,多云,15,12,4,0.0,100,28
2026-05-21 02:30:49,2026-05-21,4,羽毛球馆-8号,15:00-16:00,1,1,已售/已满,已售,多云,15,14,3,0.0,100,29
2026-05-21 03:00:55,2026-05-21,4,羽毛球馆-8号,15:00-16:00,1,1,已售/已满,已售,多云,15,12,4,0.0,100,29
2026-05-21 03:30:49,2026-05-21,4,羽毛球馆-8号,15:00-16:00,1,1,已售/已满,已售,多云,15,14,3,0.0,100,30
2026-05-21 04:30:45,2026-05-21,4,羽毛球馆-8号,15:00-16:00,1,1,已售/已满,已售,多云,15,12,4,0.0,100,29
2026-05-21 05:00:52,2026-05-21,4,羽毛球馆-8号,15:00-16:00,1,1,已售/已满,已售,多云,15,12,4,0.0,100,29
2026-05-21 05:30:49,2026-05-21,4,羽毛球馆-8号,15:00-16:00,1,1,已售/已满,已售,多云,15,13,3,0.0,100,28
2026-05-21 06:00:50,2026-05-21,4,羽毛球馆-8号,15:00-16:00,1,1,已售/已满,已售,多云,15,13,4,0.0,99,28
2026-05-21 06:30:38,2026-05-21,4,羽毛球馆-8号,15:00-16:00,1,1,已售/已满,已售,多云,15,13,3,0.0,97,28
2026-05-21 07:00:43,2026-05-21,4,羽毛球馆-8号,15:00-16:00,1,1,已售/已满,已售,晴,15,11,5,0.0,93,28
2026-05-21 07:30:39,2026-05-21,4,羽毛球馆-8号,15:00-16:00,1,1,已售/已满,已售,晴,17,13,4,0.0,89,29
2026-05-21 07:50:40,2026-05-21,4,羽毛球馆-8号,15:00-16:00,1,1,已售/已满,已售,晴,17,13,4,0.0,88,29
2026-05-21 07:53:31,2026-05-21,4,羽毛球馆-8号,15:00-16:00,1,1,已售/已满,已售,晴,17,12,5,0.0,86,29
2026-05-21 07:56:31,2026-05-21,4,羽毛球馆-8号,15:00-16:00,1,1,已售/已满,已售,晴,17,12,5,0.0,86,29
2026-05-21 07:59:26,2026-05-21,4,羽毛球馆-8号,15:00-16:00,1,1,已售/已满,已售,晴,17,12,5,0.0,86,29
2026-05-21 08:00:45,2026-05-21,4,羽毛球馆-8号,15:00-16:00,1,1,已售/已满,已售,晴,17,12,5,0.0,86,29
2026-05-21 08:02:30,2026-05-21,4,羽毛球馆-8号,15:00-16:00,1,1,已售/已满,已售,多云,17,12,5,0.0,87,29
2026-05-21 08:05:36,2026-05-21,4,羽毛球馆-8号,15:00-16:00,1,1,已售/已满,已售,多云,17,12,5,0.0,86,29
2026-05-21 08:08:31,2026-05-21,4,羽毛球馆-8号,15:00-16:00,1,1,已售/已满,已售,多云,17,12,5,0.0,86,29
2026-05-21 08:11:30,2026-05-21,4,羽毛球馆-8号,15:00-16:00,1,1,已售/已满,已售,多云,17,12,5,0.0,86,29
2026-05-21 08:14:31,2026-05-21,4,羽毛球馆-8号,15:00-16:00,1,1,已售/已满,已售,多云,17,12,5,0.0,86,29
2026-05-21 08:17:30,2026-05-21,4,羽毛球馆-8号,15:00-16:00,1,1,已售/已满,已售,多云,17,12,5,0.0,86,29
2026-05-21 08:20:35,2026-05-21,4,羽毛球馆-8号,15:00-16:00,1,1,已售/已满,已售,多云,17,14,4,0.0,85,29
2026-05-21 08:25:32,2026-05-21,4,羽毛球馆-8号,15:00-16:00,1,1,已售/已满,已售,多云,17,14,4,0.0,85,28
2026-05-21 08:30:42,2026-05-21,4,羽毛球馆-8号,15:00-16:00,1,1,已售/已满,已售,多云,18,15,4,0.0,84,28
2026-05-21 08:35:31,2026-05-21,4,羽毛球馆-8号,15:00-16:00,1,1,已售/已满,已售,多云,18,15,4,0.0,84,28
2026-05-21 08:40:38,2026-05-21,4,羽毛球馆-8号,15:00-16:00,1,1,已售/已满,已售,多云,18,15,4,0.0,82,28
2026-05-21 08:45:33,2026-05-21,4,羽毛球馆-8号,15:00-16:00,1,1,已售/已满,已售,多云,18,15,4,0.0,82,28
2026-05-21 08:50:36,2026-05-21,4,羽毛球馆-8号,15:00-16:00,1,1,已售/已满,已售,多云,18,15,4,0.0,82,28
2026-05-21 08:55:34,2026-05-21,4,羽毛球馆-8号,15:00-16:00,1,1,已售/已满,已售,多云,18,15,4,0.0,84,28
2026-05-21 09:00:51,2026-05-21,4,羽毛球馆-8号,15:00-16:00,1,1,已售/已满,已售,多云,18,15,4,0.0,84,28
2026-05-21 09:01:59,2026-05-21,4,羽毛球馆-8号,15:00-16:00,1,1,已售/已满,已售,多云,18,15,4,0.0,83,28
2026-05-21 09:05:33,2026-05-21,4,羽毛球馆-8号,15:00-16:00,1,1,已售/已满,已售,多云,18,15,4,0.0,83,28
2026-05-21 09:20:38,2026-05-21,4,羽毛球馆-8号,15:00-16:00,1,1,已售/已满,已售,多云,18,16,3,0.0,81,28
2026-05-21 09:30:46,2026-05-21,4,羽毛球馆-8号,15:00-16:00,1,1,已售/已满,已售,多云,18,16,3,0.0,81,32
2026-05-21 09:40:36,2026-05-21,4,羽毛球馆-8号,15:00-16:00,1,1,已售/已满,已售,多云,19,17,3,0.0,79,32
2026-05-21 09:50:42,2026-05-21,4,羽毛球馆-8号,15:00-16:00,1,1,已售/已满,已售,多云,19,17,4,0.0,81,32
2026-05-21 10:00:46,2026-05-21,4,羽毛球馆-8号,15:00-16:00,1,1,已售/已满,已售,多云,19,17,4,0.0,79,32
2026-05-21 10:10:40,2026-05-21,4,羽毛球馆-8号,15:00-16:00,1,1,已售/已满,已售,多云,19,17,4,0.0,79,32
2026-05-21 10:20:38,2026-05-21,4,羽毛球馆-8号,15:00-16:00,1,1,已售/已满,已售,多云,19,17,4,0.0,79,32
2026-05-21 10:30:41,2026-05-21,4,羽毛球馆-8号,15:00-16:00,1,1,已售/已满,已售,多云,19,18,3,0.0,78,31
2026-05-21 11:00:44,2026-05-21,4,羽毛球馆-8号,15:00-16:00,1,1,已售/已满,已售,多云,21,17,5,0.0,74,31
2026-05-21 11:30:38,2026-05-21,4,羽毛球馆-8号,15:00-16:00,1,1,已售/已满,已售,多云,21,19,3,0.0,72,33
2026-05-21 12:00:46,2026-05-21,4,羽毛球馆-8号,15:00-16:00,1,1,已售/已满,已售,多云,22,19,4,0.0,70,33
2026-05-21 12:30:42,2026-05-21,4,羽毛球馆-8号,15:00-16:00,1,1,已售/已满,已售,多云,22,21,3,0.0,68,35
2026-05-21 13:00:43,2026-05-21,4,羽毛球馆-8号,15:00-16:00,1,1,已售/已满,已售,多云,24,22,4,0.0,66,35
2026-05-21 13:30:43,2026-05-21,4,羽毛球馆-8号,15:00-16:00,1,1,已售/已满,已售,多云,24,22,4,0.0,66,36
2026-05-21 14:00:48,2026-05-21,4,羽毛球馆-8号,15:00-16:00,1,1,已售/已满,已售,多云,25,23,4,0.0,66,36
2026-05-21 14:30:45,2026-05-21,4,羽毛球馆-8号,15:00-16:00,1,1,已售/已满,已售,晴,25,25,3,0.0,65,39
2026-05-21 15:00:45,2026-05-21,4,羽毛球馆-8号,15:00-16:00,1,1,已售/已满,已售,晴,25,22,4,0.0,56,39
2026-05-21 15:30:43,2026-05-21,4,羽毛球馆-8号,15:00-16:00,1,1,已售/已满,已售,晴,25,23,4,0.0,57,40
2026-05-21 16:00:51,2026-05-21,4,羽毛球馆-8号,15:00-16:00,1,1,已售/已满,已售,晴,25,23,4,0.0,57,40
2026-05-21 16:30:48,2026-05-21,4,羽毛球馆-8号,15:00-16:00,1,1,已售/已满,已售,晴,25,24,3,0.0,60,39
2026-05-21 17:00:49,2026-05-21,4,羽毛球馆-8号,15:00-16:00,1,1,已售/已满,已售,晴,25,24,4,0.0,61,39
2026-05-21 17:30:47,2026-05-21,4,羽毛球馆-8号,15:00-16:00,1,1,已售/已满,已售,多云,24,23,3,0.0,64,39
2026-05-21 18:00:50,2026-05-21,4,羽毛球馆-8号,15:00-16:00,1,1,已售/已满,已售,多云,24,23,3,0.0,68,39
2026-05-21 18:30:50,2026-05-21,4,羽毛球馆-8号,15:00-16:00,1,1,已售/已满,已售,阴,24,25,2,0.0,68,40
2026-05-21 19:00:50,2026-05-21,4,羽毛球馆-8号,15:00-16:00,1,1,已售/已满,已售,阴,23,23,3,0.0,76,40
2026-05-21 19:30:46,2026-05-21,4,羽毛球馆-8号,15:00-16:00,1,1,已售/已满,已售,阴,23,24,2,0.0,77,39
2026-05-21 20:00:49,2026-05-21,4,羽毛球馆-8号,15:00-16:00,1,1,已售/已满,已售,雾,22,23,2,0.0,89,39
2026-05-21 20:30:44,2026-05-21,4,羽毛球馆-8号,15:00-16:00,1,1,已售/已满,已售,雾,22,24,2,0.0,93,43
2026-05-21 21:00:56,2026-05-21,4,羽毛球馆-8号,15:00-16:00,1,1,已售/已满,已售,雾,20,21,2,0.0,98,43
2026-05-21 21:30:46,2026-05-21,4,羽毛球馆-8号,15:00-16:00,1,1,已售/已满,已售,雾,20,22,1,0.0,99,41
2026-05-21 22:01:02,2026-05-21,4,羽毛球馆-8号,15:00-16:00,1,1,已售/已满,已售,雾,19,20,2,0.0,93,41
2026-05-21 22:30:47,2026-05-21,4,羽毛球馆-8号,15:00-16:00,1,1,已售/已满,已售,雾,19,19,3,0.0,88,46
2026-05-21 23:00:56,2026-05-21,4,羽毛球馆-8号,15:00-16:00,1,1,已售/已满,已售,多云,18,17,3,0.0,85,46
2026-05-21 23:30:55,2026-05-21,4,羽毛球馆-8号,15:00-16:00,1,1,已售/已满,已售,多云,18,17,3,0.0,85,48
2026-05-21 00:30:49,2026-05-21,4,羽毛球馆-8号,16:00-17:00,1,1,已售/已满,已售,多云,15,13,3,0.0,100,26
2026-05-21 01:00:55,2026-05-21,4,羽毛球馆-8号,16:00-17:00,1,1,已售/已满,已售,多云,15,12,4,0.0,100,26
2026-05-21 01:30:47,2026-05-21,4,羽毛球馆-8号,16:00-17:00,1,1,已售/已满,已售,多云,15,13,4,0.0,100,28
2026-05-21 02:00:53,2026-05-21,4,羽毛球馆-8号,16:00-17:00,1,1,已售/已满,已售,多云,15,12,4,0.0,100,28
2026-05-21 02:30:49,2026-05-21,4,羽毛球馆-8号,16:00-17:00,1,1,已售/已满,已售,多云,15,14,3,0.0,100,29
2026-05-21 03:00:55,2026-05-21,4,羽毛球馆-8号,16:00-17:00,1,1,已售/已满,已售,多云,15,12,4,0.0,100,29
2026-05-21 03:30:49,2026-05-21,4,羽毛球馆-8号,16:00-17:00,1,1,已售/已满,已售,多云,15,14,3,0.0,100,30
2026-05-21 04:30:45,2026-05-21,4,羽毛球馆-8号,16:00-17:00,1,1,已售/已满,已售,多云,15,12,4,0.0,100,29
2026-05-21 05:00:52,2026-05-21,4,羽毛球馆-8号,16:00-17:00,1,1,已售/已满,已售,多云,15,12,4,0.0,100,29
2026-05-21 05:30:49,2026-05-21,4,羽毛球馆-8号,16:00-17:00,1,1,已售/已满,已售,多云,15,13,3,0.0,100,28
2026-05-21 06:00:50,2026-05-21,4,羽毛球馆-8号,16:00-17:00,1,1,已售/已满,已售,多云,15,13,4,0.0,99,28
2026-05-21 06:30:38,2026-05-21,4,羽毛球馆-8号,16:00-17:00,1,1,已售/已满,已售,多云,15,13,3,0.0,97,28
2026-05-21 07:00:43,2026-05-21,4,羽毛球馆-8号,16:00-17:00,1,1,已售/已满,已售,晴,15,11,5,0.0,93,28
2026-05-21 07:30:39,2026-05-21,4,羽毛球馆-8号,16:00-17:00,1,1,已售/已满,已售,晴,17,13,4,0.0,89,29
2026-05-21 07:50:40,2026-05-21,4,羽毛球馆-8号,16:00-17:00,1,1,已售/已满,已售,晴,17,13,4,0.0,88,29
2026-05-21 07:53:31,2026-05-21,4,羽毛球馆-8号,16:00-17:00,1,1,已售/已满,已售,晴,17,12,5,0.0,86,29
2026-05-21 07:56:31,2026-05-21,4,羽毛球馆-8号,16:00-17:00,1,1,已售/已满,已售,晴,17,12,5,0.0,86,29
2026-05-21 07:59:26,2026-05-21,4,羽毛球馆-8号,16:00-17:00,1,1,已售/已满,已售,晴,17,12,5,0.0,86,29
2026-05-21 08:00:45,2026-05-21,4,羽毛球馆-8号,16:00-17:00,1,1,已售/已满,已售,晴,17,12,5,0.0,86,29
2026-05-21 08:02:30,2026-05-21,4,羽毛球馆-8号,16:00-17:00,1,1,已售/已满,已售,多云,17,12,5,0.0,87,29
2026-05-21 08:05:36,2026-05-21,4,羽毛球馆-8号,16:00-17:00,1,1,已售/已满,已售,多云,17,12,5,0.0,86,29
2026-05-21 08:08:31,2026-05-21,4,羽毛球馆-8号,16:00-17:00,1,1,已售/已满,已售,多云,17,12,5,0.0,86,29
2026-05-21 08:11:30,2026-05-21,4,羽毛球馆-8号,16:00-17:00,1,1,已售/已满,已售,多云,17,12,5,0.0,86,29
2026-05-21 08:14:31,2026-05-21,4,羽毛球馆-8号,16:00-17:00,1,1,已售/已满,已售,多云,17,12,5,0.0,86,29
2026-05-21 08:17:30,2026-05-21,4,羽毛球馆-8号,16:00-17:00,1,1,已售/已满,已售,多云,17,12,5,0.0,86,29
2026-05-21 08:20:35,2026-05-21,4,羽毛球馆-8号,16:00-17:00,1,1,已售/已满,已售,多云,17,14,4,0.0,85,29
2026-05-21 08:25:32,2026-05-21,4,羽毛球馆-8号,16:00-17:00,1,1,已售/已满,已售,多云,17,14,4,0.0,85,28
2026-05-21 08:30:42,2026-05-21,4,羽毛球馆-8号,16:00-17:00,1,1,已售/已满,已售,多云,18,15,4,0.0,84,28
2026-05-21 08:35:31,2026-05-21,4,羽毛球馆-8号,16:00-17:00,1,1,已售/已满,已售,多云,18,15,4,0.0,84,28
2026-05-21 08:40:38,2026-05-21,4,羽毛球馆-8号,16:00-17:00,1,1,已售/已满,已售,多云,18,15,4,0.0,82,28
2026-05-21 08:45:33,2026-05-21,4,羽毛球馆-8号,16:00-17:00,1,1,已售/已满,已售,多云,18,15,4,0.0,82,28
2026-05-21 08:50:36,2026-05-21,4,羽毛球馆-8号,16:00-17:00,1,1,已售/已满,已售,多云,18,15,4,0.0,82,28
2026-05-21 08:55:34,2026-05-21,4,羽毛球馆-8号,16:00-17:00,1,1,已售/已满,已售,多云,18,15,4,0.0,84,28
2026-05-21 09:00:51,2026-05-21,4,羽毛球馆-8号,16:00-17:00,1,1,已售/已满,已售,多云,18,15,4,0.0,84,28
2026-05-21 09:01:59,2026-05-21,4,羽毛球馆-8号,16:00-17:00,1,1,已售/已满,已售,多云,18,15,4,0.0,83,28
2026-05-21 09:05:33,2026-05-21,4,羽毛球馆-8号,16:00-17:00,1,1,已售/已满,已售,多云,18,15,4,0.0,83,28
2026-05-21 09:20:38,2026-05-21,4,羽毛球馆-8号,16:00-17:00,1,1,已售/已满,已售,多云,18,16,3,0.0,81,28
2026-05-21 09:30:46,2026-05-21,4,羽毛球馆-8号,16:00-17:00,1,1,已售/已满,已售,多云,18,16,3,0.0,81,32
2026-05-21 09:40:36,2026-05-21,4,羽毛球馆-8号,16:00-17:00,1,1,已售/已满,已售,多云,19,17,3,0.0,79,32
2026-05-21 09:50:42,2026-05-21,4,羽毛球馆-8号,16:00-17:00,1,1,已售/已满,已售,多云,19,17,4,0.0,81,32
2026-05-21 10:00:46,2026-05-21,4,羽毛球馆-8号,16:00-17:00,1,1,已售/已满,已售,多云,19,17,4,0.0,79,32
2026-05-21 10:10:40,2026-05-21,4,羽毛球馆-8号,16:00-17:00,1,1,已售/已满,已售,多云,19,17,4,0.0,79,32
2026-05-21 10:20:38,2026-05-21,4,羽毛球馆-8号,16:00-17:00,1,1,已售/已满,已售,多云,19,17,4,0.0,79,32
2026-05-21 10:30:41,2026-05-21,4,羽毛球馆-8号,16:00-17:00,1,1,已售/已满,已售,多云,19,18,3,0.0,78,31
2026-05-21 11:00:44,2026-05-21,4,羽毛球馆-8号,16:00-17:00,1,1,已售/已满,已售,多云,21,17,5,0.0,74,31
2026-05-21 11:30:38,2026-05-21,4,羽毛球馆-8号,16:00-17:00,1,1,已售/已满,已售,多云,21,19,3,0.0,72,33
2026-05-21 12:00:46,2026-05-21,4,羽毛球馆-8号,16:00-17:00,1,1,已售/已满,已售,多云,22,19,4,0.0,70,33
2026-05-21 12:30:42,2026-05-21,4,羽毛球馆-8号,16:00-17:00,1,1,已售/已满,已售,多云,22,21,3,0.0,68,35
2026-05-21 13:00:43,2026-05-21,4,羽毛球馆-8号,16:00-17:00,1,1,已售/已满,已售,多云,24,22,4,0.0,66,35
2026-05-21 13:30:43,2026-05-21,4,羽毛球馆-8号,16:00-17:00,1,1,已售/已满,已售,多云,24,22,4,0.0,66,36
2026-05-21 14:00:48,2026-05-21,4,羽毛球馆-8号,16:00-17:00,1,1,已售/已满,已售,多云,25,23,4,0.0,66,36
2026-05-21 14:30:45,2026-05-21,4,羽毛球馆-8号,16:00-17:00,1,1,已售/已满,已售,晴,25,25,3,0.0,65,39
2026-05-21 15:00:45,2026-05-21,4,羽毛球馆-8号,16:00-17:00,1,1,已售/已满,已售,晴,25,22,4,0.0,56,39
2026-05-21 15:30:43,2026-05-21,4,羽毛球馆-8号,16:00-17:00,1,1,已售/已满,已售,晴,25,23,4,0.0,57,40
2026-05-21 16:00:51,2026-05-21,4,羽毛球馆-8号,16:00-17:00,1,1,已售/已满,已售,晴,25,23,4,0.0,57,40
2026-05-21 16:30:48,2026-05-21,4,羽毛球馆-8号,16:00-17:00,1,1,已售/已满,已售,晴,25,24,3,0.0,60,39
2026-05-21 17:00:49,2026-05-21,4,羽毛球馆-8号,16:00-17:00,1,1,已售/已满,已售,晴,25,24,4,0.0,61,39
2026-05-21 17:30:47,2026-05-21,4,羽毛球馆-8号,16:00-17:00,1,1,已售/已满,已售,多云,24,23,3,0.0,64,39
2026-05-21 18:00:50,2026-05-21,4,羽毛球馆-8号,16:00-17:00,1,1,已售/已满,已售,多云,24,23,3,0.0,68,39
2026-05-21 18:30:50,2026-05-21,4,羽毛球馆-8号,16:00-17:00,1,1,已售/已满,已售,阴,24,25,2,0.0,68,40
2026-05-21 19:00:50,2026-05-21,4,羽毛球馆-8号,16:00-17:00,1,1,已售/已满,已售,阴,23,23,3,0.0,76,40
2026-05-21 19:30:46,2026-05-21,4,羽毛球馆-8号,16:00-17:00,1,1,已售/已满,已售,阴,23,24,2,0.0,77,39
2026-05-21 20:00:49,2026-05-21,4,羽毛球馆-8号,16:00-17:00,1,1,已售/已满,已售,雾,22,23,2,0.0,89,39
2026-05-21 20:30:44,2026-05-21,4,羽毛球馆-8号,16:00-17:00,1,1,已售/已满,已售,雾,22,24,2,0.0,93,43
2026-05-21 21:00:56,2026-05-21,4,羽毛球馆-8号,16:00-17:00,1,1,已售/已满,已售,雾,20,21,2,0.0,98,43
2026-05-21 21:30:46,2026-05-21,4,羽毛球馆-8号,16:00-17:00,1,1,已售/已满,已售,雾,20,22,1,0.0,99,41
2026-05-21 22:01:02,2026-05-21,4,羽毛球馆-8号,16:00-17:00,1,1,已售/已满,已售,雾,19,20,2,0.0,93,41
2026-05-21 22:30:47,2026-05-21,4,羽毛球馆-8号,16:00-17:00,1,1,已售/已满,已售,雾,19,19,3,0.0,88,46
2026-05-21 23:00:56,2026-05-21,4,羽毛球馆-8号,16:00-17:00,1,1,已售/已满,已售,多云,18,17,3,0.0,85,46
2026-05-21 23:30:55,2026-05-21,4,羽毛球馆-8号,16:00-17:00,1,1,已售/已满,已售,多云,18,17,3,0.0,85,48
2026-05-21 00:30:49,2026-05-21,4,羽毛球馆-8号,17:00-18:00,1,1,已售/已满,已售,多云,15,13,3,0.0,100,26
2026-05-21 01:00:55,2026-05-21,4,羽毛球馆-8号,17:00-18:00,1,1,已售/已满,已售,多云,15,12,4,0.0,100,26
2026-05-21 01:30:47,2026-05-21,4,羽毛球馆-8号,17:00-18:00,1,1,已售/已满,已售,多云,15,13,4,0.0,100,28
2026-05-21 02:00:53,2026-05-21,4,羽毛球馆-8号,17:00-18:00,1,1,已售/已满,已售,多云,15,12,4,0.0,100,28
2026-05-21 02:30:49,2026-05-21,4,羽毛球馆-8号,17:00-18:00,1,1,已售/已满,已售,多云,15,14,3,0.0,100,29
2026-05-21 03:00:55,2026-05-21,4,羽毛球馆-8号,17:00-18:00,1,1,已售/已满,已售,多云,15,12,4,0.0,100,29
2026-05-21 03:30:49,2026-05-21,4,羽毛球馆-8号,17:00-18:00,1,1,已售/已满,已售,多云,15,14,3,0.0,100,30
2026-05-21 04:30:45,2026-05-21,4,羽毛球馆-8号,17:00-18:00,1,1,已售/已满,已售,多云,15,12,4,0.0,100,29
2026-05-21 05:00:52,2026-05-21,4,羽毛球馆-8号,17:00-18:00,1,1,已售/已满,已售,多云,15,12,4,0.0,100,29
2026-05-21 05:30:49,2026-05-21,4,羽毛球馆-8号,17:00-18:00,1,1,已售/已满,已售,多云,15,13,3,0.0,100,28
2026-05-21 06:00:50,2026-05-21,4,羽毛球馆-8号,17:00-18:00,1,1,已售/已满,已售,多云,15,13,4,0.0,99,28
2026-05-21 06:30:38,2026-05-21,4,羽毛球馆-8号,17:00-18:00,1,1,已售/已满,已售,多云,15,13,3,0.0,97,28
2026-05-21 07:00:43,2026-05-21,4,羽毛球馆-8号,17:00-18:00,1,1,已售/已满,已售,晴,15,11,5,0.0,93,28
2026-05-21 07:30:39,2026-05-21,4,羽毛球馆-8号,17:00-18:00,1,1,已售/已满,已售,晴,17,13,4,0.0,89,29
2026-05-21 07:50:40,2026-05-21,4,羽毛球馆-8号,17:00-18:00,1,1,已售/已满,已售,晴,17,13,4,0.0,88,29
2026-05-21 07:53:31,2026-05-21,4,羽毛球馆-8号,17:00-18:00,1,1,已售/已满,已售,晴,17,12,5,0.0,86,29
2026-05-21 07:56:31,2026-05-21,4,羽毛球馆-8号,17:00-18:00,1,1,已售/已满,已售,晴,17,12,5,0.0,86,29
2026-05-21 07:59:26,2026-05-21,4,羽毛球馆-8号,17:00-18:00,1,1,已售/已满,已售,晴,17,12,5,0.0,86,29
2026-05-21 08:00:45,2026-05-21,4,羽毛球馆-8号,17:00-18:00,1,1,已售/已满,已售,晴,17,12,5,0.0,86,29
2026-05-21 08:02:30,2026-05-21,4,羽毛球馆-8号,17:00-18:00,1,1,已售/已满,已售,多云,17,12,5,0.0,87,29
2026-05-21 08:05:36,2026-05-21,4,羽毛球馆-8号,17:00-18:00,1,1,已售/已满,已售,多云,17,12,5,0.0,86,29
2026-05-21 08:08:31,2026-05-21,4,羽毛球馆-8号,17:00-18:00,1,1,已售/已满,已售,多云,17,12,5,0.0,86,29
2026-05-21 08:11:30,2026-05-21,4,羽毛球馆-8号,17:00-18:00,1,1,已售/已满,已售,多云,17,12,5,0.0,86,29
2026-05-21 08:14:31,2026-05-21,4,羽毛球馆-8号,17:00-18:00,1,1,已售/已满,已售,多云,17,12,5,0.0,86,29
2026-05-21 08:17:30,2026-05-21,4,羽毛球馆-8号,17:00-18:00,1,1,已售/已满,已售,多云,17,12,5,0.0,86,29
2026-05-21 08:20:35,2026-05-21,4,羽毛球馆-8号,17:00-18:00,1,1,已售/已满,已售,多云,17,14,4,0.0,85,29
2026-05-21 08:25:32,2026-05-21,4,羽毛球馆-8号,17:00-18:00,1,1,已售/已满,已售,多云,17,14,4,0.0,85,28
2026-05-21 08:30:42,2026-05-21,4,羽毛球馆-8号,17:00-18:00,1,1,已售/已满,已售,多云,18,15,4,0.0,84,28
2026-05-21 08:35:31,2026-05-21,4,羽毛球馆-8号,17:00-18:00,1,1,已售/已满,已售,多云,18,15,4,0.0,84,28
2026-05-21 08:40:38,2026-05-21,4,羽毛球馆-8号,17:00-18:00,1,1,已售/已满,已售,多云,18,15,4,0.0,82,28
2026-05-21 08:45:33,2026-05-21,4,羽毛球馆-8号,17:00-18:00,1,1,已售/已满,已售,多云,18,15,4,0.0,82,28
2026-05-21 08:50:36,2026-05-21,4,羽毛球馆-8号,17:00-18:00,1,1,已售/已满,已售,多云,18,15,4,0.0,82,28
2026-05-21 08:55:34,2026-05-21,4,羽毛球馆-8号,17:00-18:00,1,1,已售/已满,已售,多云,18,15,4,0.0,84,28
2026-05-21 09:00:51,2026-05-21,4,羽毛球馆-8号,17:00-18:00,1,1,已售/已满,已售,多云,18,15,4,0.0,84,28
2026-05-21 09:01:59,2026-05-21,4,羽毛球馆-8号,17:00-18:00,1,1,已售/已满,已售,多云,18,15,4,0.0,83,28
2026-05-21 09:05:33,2026-05-21,4,羽毛球馆-8号,17:00-18:00,1,1,已售/已满,已售,多云,18,15,4,0.0,83,28
2026-05-21 09:20:38,2026-05-21,4,羽毛球馆-8号,17:00-18:00,1,1,已售/已满,已售,多云,18,16,3,0.0,81,28
2026-05-21 09:30:46,2026-05-21,4,羽毛球馆-8号,17:00-18:00,1,1,已售/已满,已售,多云,18,16,3,0.0,81,32
2026-05-21 09:40:36,2026-05-21,4,羽毛球馆-8号,17:00-18:00,1,1,已售/已满,已售,多云,19,17,3,0.0,79,32
2026-05-21 09:50:42,2026-05-21,4,羽毛球馆-8号,17:00-18:00,1,1,已售/已满,已售,多云,19,17,4,0.0,81,32
2026-05-21 10:00:46,2026-05-21,4,羽毛球馆-8号,17:00-18:00,1,1,已售/已满,已售,多云,19,17,4,0.0,79,32
2026-05-21 10:10:40,2026-05-21,4,羽毛球馆-8号,17:00-18:00,1,1,已售/已满,已售,多云,19,17,4,0.0,79,32
2026-05-21 10:20:38,2026-05-21,4,羽毛球馆-8号,17:00-18:00,1,1,已售/已满,已售,多云,19,17,4,0.0,79,32
2026-05-21 10:30:41,2026-05-21,4,羽毛球馆-8号,17:00-18:00,1,1,已售/已满,已售,多云,19,18,3,0.0,78,31
2026-05-21 11:00:44,2026-05-21,4,羽毛球馆-8号,17:00-18:00,1,1,已售/已满,已售,多云,21,17,5,0.0,74,31
2026-05-21 11:30:38,2026-05-21,4,羽毛球馆-8号,17:00-18:00,1,1,已售/已满,已售,多云,21,19,3,0.0,72,33
2026-05-21 12:00:46,2026-05-21,4,羽毛球馆-8号,17:00-18:00,1,1,已售/已满,已售,多云,22,19,4,0.0,70,33
2026-05-21 12:30:42,2026-05-21,4,羽毛球馆-8号,17:00-18:00,1,1,已售/已满,已售,多云,22,21,3,0.0,68,35
2026-05-21 13:00:43,2026-05-21,4,羽毛球馆-8号,17:00-18:00,1,1,已售/已满,已售,多云,24,22,4,0.0,66,35
2026-05-21 13:30:43,2026-05-21,4,羽毛球馆-8号,17:00-18:00,1,1,已售/已满,已售,多云,24,22,4,0.0,66,36
2026-05-21 14:00:48,2026-05-21,4,羽毛球馆-8号,17:00-18:00,1,1,已售/已满,已售,多云,25,23,4,0.0,66,36
2026-05-21 14:30:45,2026-05-21,4,羽毛球馆-8号,17:00-18:00,1,1,已售/已满,已售,晴,25,25,3,0.0,65,39
2026-05-21 15:00:45,2026-05-21,4,羽毛球馆-8号,17:00-18:00,1,1,已售/已满,已售,晴,25,22,4,0.0,56,39
2026-05-21 15:30:43,2026-05-21,4,羽毛球馆-8号,17:00-18:00,1,1,已售/已满,已售,晴,25,23,4,0.0,57,40
2026-05-21 16:00:51,2026-05-21,4,羽毛球馆-8号,17:00-18:00,1,1,已售/已满,已售,晴,25,23,4,0.0,57,40
2026-05-21 16:30:48,2026-05-21,4,羽毛球馆-8号,17:00-18:00,1,1,已售/已满,已售,晴,25,24,3,0.0,60,39
2026-05-21 17:00:49,2026-05-21,4,羽毛球馆-8号,17:00-18:00,1,1,已售/已满,已售,晴,25,24,4,0.0,61,39
2026-05-21 17:30:47,2026-05-21,4,羽毛球馆-8号,17:00-18:00,1,1,已售/已满,已售,多云,24,23,3,0.0,64,39
2026-05-21 18:00:50,2026-05-21,4,羽毛球馆-8号,17:00-18:00,1,1,已售/已满,已售,多云,24,23,3,0.0,68,39
2026-05-21 18:30:50,2026-05-21,4,羽毛球馆-8号,17:00-18:00,1,1,已售/已满,已售,阴,24,25,2,0.0,68,40
2026-05-21 19:00:50,2026-05-21,4,羽毛球馆-8号,17:00-18:00,1,1,已售/已满,已售,阴,23,23,3,0.0,76,40
2026-05-21 19:30:46,2026-05-21,4,羽毛球馆-8号,17:00-18:00,1,1,已售/已满,已售,阴,23,24,2,0.0,77,39
2026-05-21 20:00:49,2026-05-21,4,羽毛球馆-8号,17:00-18:00,1,1,已售/已满,已售,雾,22,23,2,0.0,89,39
2026-05-21 20:30:44,2026-05-21,4,羽毛球馆-8号,17:00-18:00,1,1,已售/已满,已售,雾,22,24,2,0.0,93,43
2026-05-21 21:00:56,2026-05-21,4,羽毛球馆-8号,17:00-18:00,1,1,已售/已满,已售,雾,20,21,2,0.0,98,43
2026-05-21 21:30:46,2026-05-21,4,羽毛球馆-8号,17:00-18:00,1,1,已售/已满,已售,雾,20,22,1,0.0,99,41
2026-05-21 22:01:02,2026-05-21,4,羽毛球馆-8号,17:00-18:00,1,1,已售/已满,已售,雾,19,20,2,0.0,93,41
2026-05-21 22:30:47,2026-05-21,4,羽毛球馆-8号,17:00-18:00,1,1,已售/已满,已售,雾,19,19,3,0.0,88,46
2026-05-21 23:00:56,2026-05-21,4,羽毛球馆-8号,17:00-18:00,1,1,已售/已满,已售,多云,18,17,3,0.0,85,46
2026-05-21 23:30:55,2026-05-21,4,羽毛球馆-8号,17:00-18:00,1,1,已售/已满,已售,多云,18,17,3,0.0,85,48
2026-05-21 00:30:49,2026-05-21,4,羽毛球馆-8号,18:30-19:30,1,1,已售/已满,教工羽毛球赛,多云,15,13,3,0.0,100,26
2026-05-21 01:00:55,2026-05-21,4,羽毛球馆-8号,18:30-19:30,1,1,已售/已满,教工羽毛球赛,多云,15,12,4,0.0,100,26
2026-05-21 01:30:47,2026-05-21,4,羽毛球馆-8号,18:30-19:30,1,1,已售/已满,教工羽毛球赛,多云,15,13,4,0.0,100,28
2026-05-21 02:00:53,2026-05-21,4,羽毛球馆-8号,18:30-19:30,1,1,已售/已满,教工羽毛球赛,多云,15,12,4,0.0,100,28
2026-05-21 02:30:49,2026-05-21,4,羽毛球馆-8号,18:30-19:30,1,1,已售/已满,教工羽毛球赛,多云,15,14,3,0.0,100,29
2026-05-21 03:00:55,2026-05-21,4,羽毛球馆-8号,18:30-19:30,1,1,已售/已满,教工羽毛球赛,多云,15,12,4,0.0,100,29
2026-05-21 03:30:49,2026-05-21,4,羽毛球馆-8号,18:30-19:30,1,1,已售/已满,教工羽毛球赛,多云,15,14,3,0.0,100,30
2026-05-21 04:30:45,2026-05-21,4,羽毛球馆-8号,18:30-19:30,1,1,已售/已满,教工羽毛球赛,多云,15,12,4,0.0,100,29
2026-05-21 05:00:52,2026-05-21,4,羽毛球馆-8号,18:30-19:30,1,1,已售/已满,教工羽毛球赛,多云,15,12,4,0.0,100,29
2026-05-21 05:30:49,2026-05-21,4,羽毛球馆-8号,18:30-19:30,1,1,已售/已满,教工羽毛球赛,多云,15,13,3,0.0,100,28
2026-05-21 06:00:50,2026-05-21,4,羽毛球馆-8号,18:30-19:30,1,1,已售/已满,教工羽毛球赛,多云,15,13,4,0.0,99,28
2026-05-21 06:30:38,2026-05-21,4,羽毛球馆-8号,18:30-19:30,1,1,已售/已满,教工羽毛球赛,多云,15,13,3,0.0,97,28
2026-05-21 07:00:43,2026-05-21,4,羽毛球馆-8号,18:30-19:30,1,1,已售/已满,教工羽毛球赛,晴,15,11,5,0.0,93,28
2026-05-21 07:30:39,2026-05-21,4,羽毛球馆-8号,18:30-19:30,1,1,已售/已满,教工羽毛球赛,晴,17,13,4,0.0,89,29
2026-05-21 07:50:40,2026-05-21,4,羽毛球馆-8号,18:30-19:30,1,1,已售/已满,教工羽毛球赛,晴,17,13,4,0.0,88,29
2026-05-21 07:53:31,2026-05-21,4,羽毛球馆-8号,18:30-19:30,1,1,已售/已满,教工羽毛球赛,晴,17,12,5,0.0,86,29
2026-05-21 07:56:31,2026-05-21,4,羽毛球馆-8号,18:30-19:30,1,1,已售/已满,教工羽毛球赛,晴,17,12,5,0.0,86,29
2026-05-21 07:59:26,2026-05-21,4,羽毛球馆-8号,18:30-19:30,1,1,已售/已满,教工羽毛球赛,晴,17,12,5,0.0,86,29
2026-05-21 08:00:45,2026-05-21,4,羽毛球馆-8号,18:30-19:30,1,1,已售/已满,教工羽毛球赛,晴,17,12,5,0.0,86,29
2026-05-21 08:02:30,2026-05-21,4,羽毛球馆-8号,18:30-19:30,1,1,已售/已满,教工羽毛球赛,多云,17,12,5,0.0,87,29
2026-05-21 08:05:36,2026-05-21,4,羽毛球馆-8号,18:30-19:30,1,1,已售/已满,教工羽毛球赛,多云,17,12,5,0.0,86,29
2026-05-21 08:08:31,2026-05-21,4,羽毛球馆-8号,18:30-19:30,1,1,已售/已满,教工羽毛球赛,多云,17,12,5,0.0,86,29
2026-05-21 08:11:30,2026-05-21,4,羽毛球馆-8号,18:30-19:30,1,1,已售/已满,教工羽毛球赛,多云,17,12,5,0.0,86,29
2026-05-21 08:14:31,2026-05-21,4,羽毛球馆-8号,18:30-19:30,1,1,已售/已满,教工羽毛球赛,多云,17,12,5,0.0,86,29
2026-05-21 08:17:30,2026-05-21,4,羽毛球馆-8号,18:30-19:30,1,1,已售/已满,教工羽毛球赛,多云,17,12,5,0.0,86,29
2026-05-21 08:20:35,2026-05-21,4,羽毛球馆-8号,18:30-19:30,1,1,已售/已满,教工羽毛球赛,多云,17,14,4,0.0,85,29
2026-05-21 08:25:32,2026-05-21,4,羽毛球馆-8号,18:30-19:30,1,1,已售/已满,教工羽毛球赛,多云,17,14,4,0.0,85,28
2026-05-21 08:30:42,2026-05-21,4,羽毛球馆-8号,18:30-19:30,1,1,已售/已满,教工羽毛球赛,多云,18,15,4,0.0,84,28
2026-05-21 08:35:31,2026-05-21,4,羽毛球馆-8号,18:30-19:30,1,1,已售/已满,教工羽毛球赛,多云,18,15,4,0.0,84,28
2026-05-21 08:40:38,2026-05-21,4,羽毛球馆-8号,18:30-19:30,1,1,已售/已满,教工羽毛球赛,多云,18,15,4,0.0,82,28
2026-05-21 08:45:33,2026-05-21,4,羽毛球馆-8号,18:30-19:30,1,1,已售/已满,教工羽毛球赛,多云,18,15,4,0.0,82,28
2026-05-21 08:50:36,2026-05-21,4,羽毛球馆-8号,18:30-19:30,1,1,已售/已满,教工羽毛球赛,多云,18,15,4,0.0,82,28
2026-05-21 08:55:34,2026-05-21,4,羽毛球馆-8号,18:30-19:30,1,1,已售/已满,教工羽毛球赛,多云,18,15,4,0.0,84,28
2026-05-21 09:00:51,2026-05-21,4,羽毛球馆-8号,18:30-19:30,1,1,已售/已满,教工羽毛球赛,多云,18,15,4,0.0,84,28
2026-05-21 09:01:59,2026-05-21,4,羽毛球馆-8号,18:30-19:30,1,1,已售/已满,教工羽毛球赛,多云,18,15,4,0.0,83,28
2026-05-21 09:05:33,2026-05-21,4,羽毛球馆-8号,18:30-19:30,1,1,已售/已满,教工羽毛球赛,多云,18,15,4,0.0,83,28
2026-05-21 09:20:38,2026-05-21,4,羽毛球馆-8号,18:30-19:30,1,1,已售/已满,教工羽毛球赛,多云,18,16,3,0.0,81,28
2026-05-21 09:30:46,2026-05-21,4,羽毛球馆-8号,18:30-19:30,1,1,已售/已满,教工羽毛球赛,多云,18,16,3,0.0,81,32
2026-05-21 09:40:36,2026-05-21,4,羽毛球馆-8号,18:30-19:30,1,1,已售/已满,教工羽毛球赛,多云,19,17,3,0.0,79,32
2026-05-21 09:50:42,2026-05-21,4,羽毛球馆-8号,18:30-19:30,1,1,已售/已满,教工羽毛球赛,多云,19,17,4,0.0,81,32
2026-05-21 10:00:46,2026-05-21,4,羽毛球馆-8号,18:30-19:30,1,1,已售/已满,教工羽毛球赛,多云,19,17,4,0.0,79,32
2026-05-21 10:10:40,2026-05-21,4,羽毛球馆-8号,18:30-19:30,1,1,已售/已满,教工羽毛球赛,多云,19,17,4,0.0,79,32
2026-05-21 10:20:38,2026-05-21,4,羽毛球馆-8号,18:30-19:30,1,1,已售/已满,教工羽毛球赛,多云,19,17,4,0.0,79,32
2026-05-21 10:30:41,2026-05-21,4,羽毛球馆-8号,18:30-19:30,1,1,已售/已满,教工羽毛球赛,多云,19,18,3,0.0,78,31
2026-05-21 11:00:44,2026-05-21,4,羽毛球馆-8号,18:30-19:30,1,1,已售/已满,教工羽毛球赛,多云,21,17,5,0.0,74,31
2026-05-21 11:30:38,2026-05-21,4,羽毛球馆-8号,18:30-19:30,1,1,已售/已满,教工羽毛球赛,多云,21,19,3,0.0,72,33
2026-05-21 12:00:46,2026-05-21,4,羽毛球馆-8号,18:30-19:30,1,1,已售/已满,教工羽毛球赛,多云,22,19,4,0.0,70,33
2026-05-21 12:30:42,2026-05-21,4,羽毛球馆-8号,18:30-19:30,1,1,已售/已满,教工羽毛球赛,多云,22,21,3,0.0,68,35
2026-05-21 13:00:43,2026-05-21,4,羽毛球馆-8号,18:30-19:30,1,1,已售/已满,教工羽毛球赛,多云,24,22,4,0.0,66,35
2026-05-21 13:30:43,2026-05-21,4,羽毛球馆-8号,18:30-19:30,1,1,已售/已满,教工羽毛球赛,多云,24,22,4,0.0,66,36
2026-05-21 14:00:48,2026-05-21,4,羽毛球馆-8号,18:30-19:30,1,1,已售/已满,教工羽毛球赛,多云,25,23,4,0.0,66,36
2026-05-21 14:30:45,2026-05-21,4,羽毛球馆-8号,18:30-19:30,1,1,已售/已满,教工羽毛球赛,晴,25,25,3,0.0,65,39
2026-05-21 15:00:45,2026-05-21,4,羽毛球馆-8号,18:30-19:30,1,1,已售/已满,教工羽毛球赛,晴,25,22,4,0.0,56,39
2026-05-21 15:30:43,2026-05-21,4,羽毛球馆-8号,18:30-19:30,1,1,已售/已满,教工羽毛球赛,晴,25,23,4,0.0,57,40
2026-05-21 16:00:51,2026-05-21,4,羽毛球馆-8号,18:30-19:30,1,1,已售/已满,教工羽毛球赛,晴,25,23,4,0.0,57,40
2026-05-21 16:30:48,2026-05-21,4,羽毛球馆-8号,18:30-19:30,1,1,已售/已满,教工羽毛球赛,晴,25,24,3,0.0,60,39
2026-05-21 17:00:49,2026-05-21,4,羽毛球馆-8号,18:30-19:30,1,1,已售/已满,教工羽毛球赛,晴,25,24,4,0.0,61,39
2026-05-21 17:30:47,2026-05-21,4,羽毛球馆-8号,18:30-19:30,1,1,已售/已满,教工羽毛球赛,多云,24,23,3,0.0,64,39
2026-05-21 18:00:50,2026-05-21,4,羽毛球馆-8号,18:30-19:30,1,1,已售/已满,教工羽毛球赛,多云,24,23,3,0.0,68,39
2026-05-21 18:30:50,2026-05-21,4,羽毛球馆-8号,18:30-19:30,1,1,已售/已满,教工羽毛球赛,阴,24,25,2,0.0,68,40
2026-05-21 19:00:50,2026-05-21,4,羽毛球馆-8号,18:30-19:30,1,1,已售/已满,教工羽毛球赛,阴,23,23,3,0.0,76,40
2026-05-21 19:30:46,2026-05-21,4,羽毛球馆-8号,18:30-19:30,1,1,已售/已满,教工羽毛球赛,阴,23,24,2,0.0,77,39
2026-05-21 20:00:49,2026-05-21,4,羽毛球馆-8号,18:30-19:30,1,1,已售/已满,教工羽毛球赛,雾,22,23,2,0.0,89,39
2026-05-21 20:30:44,2026-05-21,4,羽毛球馆-8号,18:30-19:30,1,1,已售/已满,教工羽毛球赛,雾,22,24,2,0.0,93,43
2026-05-21 21:00:56,2026-05-21,4,羽毛球馆-8号,18:30-19:30,1,1,已售/已满,教工羽毛球赛,雾,20,21,2,0.0,98,43
2026-05-21 21:30:46,2026-05-21,4,羽毛球馆-8号,18:30-19:30,1,1,已售/已满,教工羽毛球赛,雾,20,22,1,0.0,99,41
2026-05-21 22:01:02,2026-05-21,4,羽毛球馆-8号,18:30-19:30,1,1,已售/已满,教工羽毛球赛,雾,19,20,2,0.0,93,41
2026-05-21 22:30:47,2026-05-21,4,羽毛球馆-8号,18:30-19:30,1,1,已售/已满,教工羽毛球赛,雾,19,19,3,0.0,88,46
2026-05-21 23:00:56,2026-05-21,4,羽毛球馆-8号,18:30-19:30,1,1,已售/已满,教工羽毛球赛,多云,18,17,3,0.0,85,46
2026-05-21 23:30:55,2026-05-21,4,羽毛球馆-8号,18:30-19:30,1,1,已售/已满,教工羽毛球赛,多云,18,17,3,0.0,85,48
2026-05-21 00:30:49,2026-05-21,4,羽毛球馆-8号,19:30-20:30,1,1,已售/已满,教工羽毛球赛,多云,15,13,3,0.0,100,26
2026-05-21 01:00:55,2026-05-21,4,羽毛球馆-8号,19:30-20:30,1,1,已售/已满,教工羽毛球赛,多云,15,12,4,0.0,100,26
2026-05-21 01:30:47,2026-05-21,4,羽毛球馆-8号,19:30-20:30,1,1,已售/已满,教工羽毛球赛,多云,15,13,4,0.0,100,28
2026-05-21 02:00:53,2026-05-21,4,羽毛球馆-8号,19:30-20:30,1,1,已售/已满,教工羽毛球赛,多云,15,12,4,0.0,100,28
2026-05-21 02:30:49,2026-05-21,4,羽毛球馆-8号,19:30-20:30,1,1,已售/已满,教工羽毛球赛,多云,15,14,3,0.0,100,29
2026-05-21 03:00:55,2026-05-21,4,羽毛球馆-8号,19:30-20:30,1,1,已售/已满,教工羽毛球赛,多云,15,12,4,0.0,100,29
2026-05-21 03:30:49,2026-05-21,4,羽毛球馆-8号,19:30-20:30,1,1,已售/已满,教工羽毛球赛,多云,15,14,3,0.0,100,30
2026-05-21 04:30:45,2026-05-21,4,羽毛球馆-8号,19:30-20:30,1,1,已售/已满,教工羽毛球赛,多云,15,12,4,0.0,100,29
2026-05-21 05:00:52,2026-05-21,4,羽毛球馆-8号,19:30-20:30,1,1,已售/已满,教工羽毛球赛,多云,15,12,4,0.0,100,29
2026-05-21 05:30:49,2026-05-21,4,羽毛球馆-8号,19:30-20:30,1,1,已售/已满,教工羽毛球赛,多云,15,13,3,0.0,100,28
2026-05-21 06:00:50,2026-05-21,4,羽毛球馆-8号,19:30-20:30,1,1,已售/已满,教工羽毛球赛,多云,15,13,4,0.0,99,28
2026-05-21 06:30:38,2026-05-21,4,羽毛球馆-8号,19:30-20:30,1,1,已售/已满,教工羽毛球赛,多云,15,13,3,0.0,97,28
2026-05-21 07:00:43,2026-05-21,4,羽毛球馆-8号,19:30-20:30,1,1,已售/已满,教工羽毛球赛,晴,15,11,5,0.0,93,28
2026-05-21 07:30:39,2026-05-21,4,羽毛球馆-8号,19:30-20:30,1,1,已售/已满,教工羽毛球赛,晴,17,13,4,0.0,89,29
2026-05-21 07:50:40,2026-05-21,4,羽毛球馆-8号,19:30-20:30,1,1,已售/已满,教工羽毛球赛,晴,17,13,4,0.0,88,29
2026-05-21 07:53:31,2026-05-21,4,羽毛球馆-8号,19:30-20:30,1,1,已售/已满,教工羽毛球赛,晴,17,12,5,0.0,86,29
2026-05-21 07:56:31,2026-05-21,4,羽毛球馆-8号,19:30-20:30,1,1,已售/已满,教工羽毛球赛,晴,17,12,5,0.0,86,29
2026-05-21 07:59:26,2026-05-21,4,羽毛球馆-8号,19:30-20:30,1,1,已售/已满,教工羽毛球赛,晴,17,12,5,0.0,86,29
2026-05-21 08:00:45,2026-05-21,4,羽毛球馆-8号,19:30-20:30,1,1,已售/已满,教工羽毛球赛,晴,17,12,5,0.0,86,29
2026-05-21 08:02:30,2026-05-21,4,羽毛球馆-8号,19:30-20:30,1,1,已售/已满,教工羽毛球赛,多云,17,12,5,0.0,87,29
2026-05-21 08:05:36,2026-05-21,4,羽毛球馆-8号,19:30-20:30,1,1,已售/已满,教工羽毛球赛,多云,17,12,5,0.0,86,29
2026-05-21 08:08:31,2026-05-21,4,羽毛球馆-8号,19:30-20:30,1,1,已售/已满,教工羽毛球赛,多云,17,12,5,0.0,86,29
2026-05-21 08:11:30,2026-05-21,4,羽毛球馆-8号,19:30-20:30,1,1,已售/已满,教工羽毛球赛,多云,17,12,5,0.0,86,29
2026-05-21 08:14:31,2026-05-21,4,羽毛球馆-8号,19:30-20:30,1,1,已售/已满,教工羽毛球赛,多云,17,12,5,0.0,86,29
2026-05-21 08:17:30,2026-05-21,4,羽毛球馆-8号,19:30-20:30,1,1,已售/已满,教工羽毛球赛,多云,17,12,5,0.0,86,29
2026-05-21 08:20:35,2026-05-21,4,羽毛球馆-8号,19:30-20:30,1,1,已售/已满,教工羽毛球赛,多云,17,14,4,0.0,85,29
2026-05-21 08:25:32,2026-05-21,4,羽毛球馆-8号,19:30-20:30,1,1,已售/已满,教工羽毛球赛,多云,17,14,4,0.0,85,28
2026-05-21 08:30:42,2026-05-21,4,羽毛球馆-8号,19:30-20:30,1,1,已售/已满,教工羽毛球赛,多云,18,15,4,0.0,84,28
2026-05-21 08:35:31,2026-05-21,4,羽毛球馆-8号,19:30-20:30,1,1,已售/已满,教工羽毛球赛,多云,18,15,4,0.0,84,28
2026-05-21 08:40:38,2026-05-21,4,羽毛球馆-8号,19:30-20:30,1,1,已售/已满,教工羽毛球赛,多云,18,15,4,0.0,82,28
2026-05-21 08:45:33,2026-05-21,4,羽毛球馆-8号,19:30-20:30,1,1,已售/已满,教工羽毛球赛,多云,18,15,4,0.0,82,28
2026-05-21 08:50:36,2026-05-21,4,羽毛球馆-8号,19:30-20:30,1,1,已售/已满,教工羽毛球赛,多云,18,15,4,0.0,82,28
2026-05-21 08:55:34,2026-05-21,4,羽毛球馆-8号,19:30-20:30,1,1,已售/已满,教工羽毛球赛,多云,18,15,4,0.0,84,28
2026-05-21 09:00:51,2026-05-21,4,羽毛球馆-8号,19:30-20:30,1,1,已售/已满,教工羽毛球赛,多云,18,15,4,0.0,84,28
2026-05-21 09:01:59,2026-05-21,4,羽毛球馆-8号,19:30-20:30,1,1,已售/已满,教工羽毛球赛,多云,18,15,4,0.0,83,28
2026-05-21 09:05:33,2026-05-21,4,羽毛球馆-8号,19:30-20:30,1,1,已售/已满,教工羽毛球赛,多云,18,15,4,0.0,83,28
2026-05-21 09:20:38,2026-05-21,4,羽毛球馆-8号,19:30-20:30,1,1,已售/已满,教工羽毛球赛,多云,18,16,3,0.0,81,28
2026-05-21 09:30:46,2026-05-21,4,羽毛球馆-8号,19:30-20:30,1,1,已售/已满,教工羽毛球赛,多云,18,16,3,0.0,81,32
2026-05-21 09:40:36,2026-05-21,4,羽毛球馆-8号,19:30-20:30,1,1,已售/已满,教工羽毛球赛,多云,19,17,3,0.0,79,32
2026-05-21 09:50:42,2026-05-21,4,羽毛球馆-8号,19:30-20:30,1,1,已售/已满,教工羽毛球赛,多云,19,17,4,0.0,81,32
2026-05-21 10:00:46,2026-05-21,4,羽毛球馆-8号,19:30-20:30,1,1,已售/已满,教工羽毛球赛,多云,19,17,4,0.0,79,32
2026-05-21 10:10:40,2026-05-21,4,羽毛球馆-8号,19:30-20:30,1,1,已售/已满,教工羽毛球赛,多云,19,17,4,0.0,79,32
2026-05-21 10:20:38,2026-05-21,4,羽毛球馆-8号,19:30-20:30,1,1,已售/已满,教工羽毛球赛,多云,19,17,4,0.0,79,32
2026-05-21 10:30:41,2026-05-21,4,羽毛球馆-8号,19:30-20:30,1,1,已售/已满,教工羽毛球赛,多云,19,18,3,0.0,78,31
2026-05-21 11:00:44,2026-05-21,4,羽毛球馆-8号,19:30-20:30,1,1,已售/已满,教工羽毛球赛,多云,21,17,5,0.0,74,31
2026-05-21 11:30:38,2026-05-21,4,羽毛球馆-8号,19:30-20:30,1,1,已售/已满,教工羽毛球赛,多云,21,19,3,0.0,72,33
2026-05-21 12:00:46,2026-05-21,4,羽毛球馆-8号,19:30-20:30,1,1,已售/已满,教工羽毛球赛,多云,22,19,4,0.0,70,33
2026-05-21 12:30:42,2026-05-21,4,羽毛球馆-8号,19:30-20:30,1,1,已售/已满,教工羽毛球赛,多云,22,21,3,0.0,68,35
2026-05-21 13:00:43,2026-05-21,4,羽毛球馆-8号,19:30-20:30,1,1,已售/已满,教工羽毛球赛,多云,24,22,4,0.0,66,35
2026-05-21 13:30:43,2026-05-21,4,羽毛球馆-8号,19:30-20:30,1,1,已售/已满,教工羽毛球赛,多云,24,22,4,0.0,66,36
2026-05-21 14:00:48,2026-05-21,4,羽毛球馆-8号,19:30-20:30,1,1,已售/已满,教工羽毛球赛,多云,25,23,4,0.0,66,36
2026-05-21 14:30:45,2026-05-21,4,羽毛球馆-8号,19:30-20:30,1,1,已售/已满,教工羽毛球赛,晴,25,25,3,0.0,65,39
2026-05-21 15:00:45,2026-05-21,4,羽毛球馆-8号,19:30-20:30,1,1,已售/已满,教工羽毛球赛,晴,25,22,4,0.0,56,39
2026-05-21 15:30:43,2026-05-21,4,羽毛球馆-8号,19:30-20:30,1,1,已售/已满,教工羽毛球赛,晴,25,23,4,0.0,57,40
2026-05-21 16:00:51,2026-05-21,4,羽毛球馆-8号,19:30-20:30,1,1,已售/已满,教工羽毛球赛,晴,25,23,4,0.0,57,40
2026-05-21 16:30:48,2026-05-21,4,羽毛球馆-8号,19:30-20:30,1,1,已售/已满,教工羽毛球赛,晴,25,24,3,0.0,60,39
2026-05-21 17:00:49,2026-05-21,4,羽毛球馆-8号,19:30-20:30,1,1,已售/已满,教工羽毛球赛,晴,25,24,4,0.0,61,39
2026-05-21 17:30:47,2026-05-21,4,羽毛球馆-8号,19:30-20:30,1,1,已售/已满,教工羽毛球赛,多云,24,23,3,0.0,64,39
2026-05-21 18:00:50,2026-05-21,4,羽毛球馆-8号,19:30-20:30,1,1,已售/已满,教工羽毛球赛,多云,24,23,3,0.0,68,39
2026-05-21 18:30:50,2026-05-21,4,羽毛球馆-8号,19:30-20:30,1,1,已售/已满,教工羽毛球赛,阴,24,25,2,0.0,68,40
2026-05-21 19:00:50,2026-05-21,4,羽毛球馆-8号,19:30-20:30,1,1,已售/已满,教工羽毛球赛,阴,23,23,3,0.0,76,40
2026-05-21 19:30:46,2026-05-21,4,羽毛球馆-8号,19:30-20:30,1,1,已售/已满,教工羽毛球赛,阴,23,24,2,0.0,77,39
2026-05-21 20:00:49,2026-05-21,4,羽毛球馆-8号,19:30-20:30,1,1,已售/已满,教工羽毛球赛,雾,22,23,2,0.0,89,39
2026-05-21 20:30:44,2026-05-21,4,羽毛球馆-8号,19:30-20:30,1,1,已售/已满,教工羽毛球赛,雾,22,24,2,0.0,93,43
2026-05-21 21:00:56,2026-05-21,4,羽毛球馆-8号,19:30-20:30,1,1,已售/已满,教工羽毛球赛,雾,20,21,2,0.0,98,43
2026-05-21 21:30:46,2026-05-21,4,羽毛球馆-8号,19:30-20:30,1,1,已售/已满,教工羽毛球赛,雾,20,22,1,0.0,99,41
2026-05-21 22:01:02,2026-05-21,4,羽毛球馆-8号,19:30-20:30,1,1,已售/已满,教工羽毛球赛,雾,19,20,2,0.0,93,41
2026-05-21 22:30:47,2026-05-21,4,羽毛球馆-8号,19:30-20:30,1,1,已售/已满,教工羽毛球赛,雾,19,19,3,0.0,88,46
2026-05-21 23:00:56,2026-05-21,4,羽毛球馆-8号,19:30-20:30,1,1,已售/已满,教工羽毛球赛,多云,18,17,3,0.0,85,46
2026-05-21 23:30:55,2026-05-21,4,羽毛球馆-8号,19:30-20:30,1,1,已售/已满,教工羽毛球赛,多云,18,17,3,0.0,85,48
2026-05-21 00:30:49,2026-05-21,4,羽毛球馆-8号,20:30-21:30,1,1,已售/已满,教工羽毛球赛,多云,15,13,3,0.0,100,26
2026-05-21 01:00:55,2026-05-21,4,羽毛球馆-8号,20:30-21:30,1,1,已售/已满,教工羽毛球赛,多云,15,12,4,0.0,100,26
2026-05-21 01:30:47,2026-05-21,4,羽毛球馆-8号,20:30-21:30,1,1,已售/已满,教工羽毛球赛,多云,15,13,4,0.0,100,28
2026-05-21 02:00:53,2026-05-21,4,羽毛球馆-8号,20:30-21:30,1,1,已售/已满,教工羽毛球赛,多云,15,12,4,0.0,100,28
2026-05-21 02:30:49,2026-05-21,4,羽毛球馆-8号,20:30-21:30,1,1,已售/已满,教工羽毛球赛,多云,15,14,3,0.0,100,29
2026-05-21 03:00:55,2026-05-21,4,羽毛球馆-8号,20:30-21:30,1,1,已售/已满,教工羽毛球赛,多云,15,12,4,0.0,100,29
2026-05-21 03:30:49,2026-05-21,4,羽毛球馆-8号,20:30-21:30,1,1,已售/已满,教工羽毛球赛,多云,15,14,3,0.0,100,30
2026-05-21 04:30:45,2026-05-21,4,羽毛球馆-8号,20:30-21:30,1,1,已售/已满,教工羽毛球赛,多云,15,12,4,0.0,100,29
2026-05-21 05:00:52,2026-05-21,4,羽毛球馆-8号,20:30-21:30,1,1,已售/已满,教工羽毛球赛,多云,15,12,4,0.0,100,29
2026-05-21 05:30:49,2026-05-21,4,羽毛球馆-8号,20:30-21:30,1,1,已售/已满,教工羽毛球赛,多云,15,13,3,0.0,100,28
2026-05-21 06:00:50,2026-05-21,4,羽毛球馆-8号,20:30-21:30,1,1,已售/已满,教工羽毛球赛,多云,15,13,4,0.0,99,28
2026-05-21 06:30:38,2026-05-21,4,羽毛球馆-8号,20:30-21:30,1,1,已售/已满,教工羽毛球赛,多云,15,13,3,0.0,97,28
2026-05-21 07:00:43,2026-05-21,4,羽毛球馆-8号,20:30-21:30,1,1,已售/已满,教工羽毛球赛,晴,15,11,5,0.0,93,28
2026-05-21 07:30:39,2026-05-21,4,羽毛球馆-8号,20:30-21:30,1,1,已售/已满,教工羽毛球赛,晴,17,13,4,0.0,89,29
2026-05-21 07:50:40,2026-05-21,4,羽毛球馆-8号,20:30-21:30,1,1,已售/已满,教工羽毛球赛,晴,17,13,4,0.0,88,29
2026-05-21 07:53:31,2026-05-21,4,羽毛球馆-8号,20:30-21:30,1,1,已售/已满,教工羽毛球赛,晴,17,12,5,0.0,86,29
2026-05-21 07:56:31,2026-05-21,4,羽毛球馆-8号,20:30-21:30,1,1,已售/已满,教工羽毛球赛,晴,17,12,5,0.0,86,29
2026-05-21 07:59:26,2026-05-21,4,羽毛球馆-8号,20:30-21:30,1,1,已售/已满,教工羽毛球赛,晴,17,12,5,0.0,86,29
2026-05-21 08:00:45,2026-05-21,4,羽毛球馆-8号,20:30-21:30,1,1,已售/已满,教工羽毛球赛,晴,17,12,5,0.0,86,29
2026-05-21 08:02:30,2026-05-21,4,羽毛球馆-8号,20:30-21:30,1,1,已售/已满,教工羽毛球赛,多云,17,12,5,0.0,87,29
2026-05-21 08:05:36,2026-05-21,4,羽毛球馆-8号,20:30-21:30,1,1,已售/已满,教工羽毛球赛,多云,17,12,5,0.0,86,29
2026-05-21 08:08:31,2026-05-21,4,羽毛球馆-8号,20:30-21:30,1,1,已售/已满,教工羽毛球赛,多云,17,12,5,0.0,86,29
2026-05-21 08:11:30,2026-05-21,4,羽毛球馆-8号,20:30-21:30,1,1,已售/已满,教工羽毛球赛,多云,17,12,5,0.0,86,29
2026-05-21 08:14:31,2026-05-21,4,羽毛球馆-8号,20:30-21:30,1,1,已售/已满,教工羽毛球赛,多云,17,12,5,0.0,86,29
2026-05-21 08:17:30,2026-05-21,4,羽毛球馆-8号,20:30-21:30,1,1,已售/已满,教工羽毛球赛,多云,17,12,5,0.0,86,29
2026-05-21 08:20:35,2026-05-21,4,羽毛球馆-8号,20:30-21:30,1,1,已售/已满,教工羽毛球赛,多云,17,14,4,0.0,85,29
2026-05-21 08:25:32,2026-05-21,4,羽毛球馆-8号,20:30-21:30,1,1,已售/已满,教工羽毛球赛,多云,17,14,4,0.0,85,28
2026-05-21 08:30:42,2026-05-21,4,羽毛球馆-8号,20:30-21:30,1,1,已售/已满,教工羽毛球赛,多云,18,15,4,0.0,84,28
2026-05-21 08:35:31,2026-05-21,4,羽毛球馆-8号,20:30-21:30,1,1,已售/已满,教工羽毛球赛,多云,18,15,4,0.0,84,28
2026-05-21 08:40:38,2026-05-21,4,羽毛球馆-8号,20:30-21:30,1,1,已售/已满,教工羽毛球赛,多云,18,15,4,0.0,82,28
2026-05-21 08:45:33,2026-05-21,4,羽毛球馆-8号,20:30-21:30,1,1,已售/已满,教工羽毛球赛,多云,18,15,4,0.0,82,28
2026-05-21 08:50:36,2026-05-21,4,羽毛球馆-8号,20:30-21:30,1,1,已售/已满,教工羽毛球赛,多云,18,15,4,0.0,82,28
2026-05-21 08:55:34,2026-05-21,4,羽毛球馆-8号,20:30-21:30,1,1,已售/已满,教工羽毛球赛,多云,18,15,4,0.0,84,28
2026-05-21 09:00:51,2026-05-21,4,羽毛球馆-8号,20:30-21:30,1,1,已售/已满,教工羽毛球赛,多云,18,15,4,0.0,84,28
2026-05-21 09:01:59,2026-05-21,4,羽毛球馆-8号,20:30-21:30,1,1,已售/已满,教工羽毛球赛,多云,18,15,4,0.0,83,28
2026-05-21 09:05:33,2026-05-21,4,羽毛球馆-8号,20:30-21:30,1,1,已售/已满,教工羽毛球赛,多云,18,15,4,0.0,83,28
2026-05-21 09:20:38,2026-05-21,4,羽毛球馆-8号,20:30-21:30,1,1,已售/已满,教工羽毛球赛,多云,18,16,3,0.0,81,28
2026-05-21 09:30:46,2026-05-21,4,羽毛球馆-8号,20:30-21:30,1,1,已售/已满,教工羽毛球赛,多云,18,16,3,0.0,81,32
2026-05-21 09:40:36,2026-05-21,4,羽毛球馆-8号,20:30-21:30,1,1,已售/已满,教工羽毛球赛,多云,19,17,3,0.0,79,32
2026-05-21 09:50:42,2026-05-21,4,羽毛球馆-8号,20:30-21:30,1,1,已售/已满,教工羽毛球赛,多云,19,17,4,0.0,81,32
2026-05-21 10:00:46,2026-05-21,4,羽毛球馆-8号,20:30-21:30,1,1,已售/已满,教工羽毛球赛,多云,19,17,4,0.0,79,32
2026-05-21 10:10:40,2026-05-21,4,羽毛球馆-8号,20:30-21:30,1,1,已售/已满,教工羽毛球赛,多云,19,17,4,0.0,79,32
2026-05-21 10:20:38,2026-05-21,4,羽毛球馆-8号,20:30-21:30,1,1,已售/已满,教工羽毛球赛,多云,19,17,4,0.0,79,32
2026-05-21 10:30:41,2026-05-21,4,羽毛球馆-8号,20:30-21:30,1,1,已售/已满,教工羽毛球赛,多云,19,18,3,0.0,78,31
2026-05-21 11:00:44,2026-05-21,4,羽毛球馆-8号,20:30-21:30,1,1,已售/已满,教工羽毛球赛,多云,21,17,5,0.0,74,31
2026-05-21 11:30:38,2026-05-21,4,羽毛球馆-8号,20:30-21:30,1,1,已售/已满,教工羽毛球赛,多云,21,19,3,0.0,72,33
2026-05-21 12:00:46,2026-05-21,4,羽毛球馆-8号,20:30-21:30,1,1,已售/已满,教工羽毛球赛,多云,22,19,4,0.0,70,33
2026-05-21 12:30:42,2026-05-21,4,羽毛球馆-8号,20:30-21:30,1,1,已售/已满,教工羽毛球赛,多云,22,21,3,0.0,68,35
2026-05-21 13:00:43,2026-05-21,4,羽毛球馆-8号,20:30-21:30,1,1,已售/已满,教工羽毛球赛,多云,24,22,4,0.0,66,35
2026-05-21 13:30:43,2026-05-21,4,羽毛球馆-8号,20:30-21:30,1,1,已售/已满,教工羽毛球赛,多云,24,22,4,0.0,66,36
2026-05-21 14:00:48,2026-05-21,4,羽毛球馆-8号,20:30-21:30,1,1,已售/已满,教工羽毛球赛,多云,25,23,4,0.0,66,36
2026-05-21 14:30:45,2026-05-21,4,羽毛球馆-8号,20:30-21:30,1,1,已售/已满,教工羽毛球赛,晴,25,25,3,0.0,65,39
2026-05-21 15:00:45,2026-05-21,4,羽毛球馆-8号,20:30-21:30,1,1,已售/已满,教工羽毛球赛,晴,25,22,4,0.0,56,39
2026-05-21 15:30:43,2026-05-21,4,羽毛球馆-8号,20:30-21:30,1,1,已售/已满,教工羽毛球赛,晴,25,23,4,0.0,57,40
2026-05-21 16:00:51,2026-05-21,4,羽毛球馆-8号,20:30-21:30,1,1,已售/已满,教工羽毛球赛,晴,25,23,4,0.0,57,40
2026-05-21 16:30:48,2026-05-21,4,羽毛球馆-8号,20:30-21:30,1,1,已售/已满,教工羽毛球赛,晴,25,24,3,0.0,60,39
2026-05-21 17:00:49,2026-05-21,4,羽毛球馆-8号,20:30-21:30,1,1,已售/已满,教工羽毛球赛,晴,25,24,4,0.0,61,39
2026-05-21 17:30:47,2026-05-21,4,羽毛球馆-8号,20:30-21:30,1,1,已售/已满,教工羽毛球赛,多云,24,23,3,0.0,64,39
2026-05-21 18:00:50,2026-05-21,4,羽毛球馆-8号,20:30-21:30,1,1,已售/已满,教工羽毛球赛,多云,24,23,3,0.0,68,39
2026-05-21 18:30:50,2026-05-21,4,羽毛球馆-8号,20:30-21:30,1,1,已售/已满,教工羽毛球赛,阴,24,25,2,0.0,68,40
2026-05-21 19:00:50,2026-05-21,4,羽毛球馆-8号,20:30-21:30,1,1,已售/已满,教工羽毛球赛,阴,23,23,3,0.0,76,40
2026-05-21 19:30:46,2026-05-21,4,羽毛球馆-8号,20:30-21:30,1,1,已售/已满,教工羽毛球赛,阴,23,24,2,0.0,77,39
2026-05-21 20:00:49,2026-05-21,4,羽毛球馆-8号,20:30-21:30,1,1,已售/已满,教工羽毛球赛,雾,22,23,2,0.0,89,39
2026-05-21 20:30:44,2026-05-21,4,羽毛球馆-8号,20:30-21:30,1,1,已售/已满,教工羽毛球赛,雾,22,24,2,0.0,93,43
2026-05-21 21:00:56,2026-05-21,4,羽毛球馆-8号,20:30-21:30,1,1,已售/已满,教工羽毛球赛,雾,20,21,2,0.0,98,43
2026-05-21 21:30:46,2026-05-21,4,羽毛球馆-8号,20:30-21:30,1,1,已售/已满,教工羽毛球赛,雾,20,22,1,0.0,99,41
2026-05-21 22:01:02,2026-05-21,4,羽毛球馆-8号,20:30-21:30,1,1,已售/已满,教工羽毛球赛,雾,19,20,2,0.0,93,41
2026-05-21 22:30:47,2026-05-21,4,羽毛球馆-8号,20:30-21:30,1,1,已售/已满,教工羽毛球赛,雾,19,19,3,0.0,88,46
2026-05-21 23:00:56,2026-05-21,4,羽毛球馆-8号,20:30-21:30,1,1,已售/已满,教工羽毛球赛,多云,18,17,3,0.0,85,46
2026-05-21 23:30:55,2026-05-21,4,羽毛球馆-8号,20:30-21:30,1,1,已售/已满,教工羽毛球赛,多云,18,17,3,0.0,85,48
2026-05-21 00:30:49,2026-05-21,4,羽毛球馆-9号,07:00-08:00,0,1,可预约,￥0.0,多云,15,13,3,0.0,100,26
2026-05-21 01:00:55,2026-05-21,4,羽毛球馆-9号,07:00-08:00,0,1,可预约,￥0.0,多云,15,12,4,0.0,100,26
2026-05-21 01:30:47,2026-05-21,4,羽毛球馆-9号,07:00-08:00,0,1,可预约,￥0.0,多云,15,13,4,0.0,100,28
2026-05-21 02:00:53,2026-05-21,4,羽毛球馆-9号,07:00-08:00,0,1,可预约,￥0.0,多云,15,12,4,0.0,100,28
2026-05-21 02:30:49,2026-05-21,4,羽毛球馆-9号,07:00-08:00,0,1,可预约,￥0.0,多云,15,14,3,0.0,100,29
2026-05-21 03:00:55,2026-05-21,4,羽毛球馆-9号,07:00-08:00,0,1,可预约,￥0.0,多云,15,12,4,0.0,100,29
2026-05-21 03:30:49,2026-05-21,4,羽毛球馆-9号,07:00-08:00,0,1,可预约,￥0.0,多云,15,14,3,0.0,100,30
2026-05-21 04:30:45,2026-05-21,4,羽毛球馆-9号,07:00-08:00,0,1,可预约,￥0.0,多云,15,12,4,0.0,100,29
2026-05-21 05:00:52,2026-05-21,4,羽毛球馆-9号,07:00-08:00,0,1,可预约,￥0.0,多云,15,12,4,0.0,100,29
2026-05-21 05:30:49,2026-05-21,4,羽毛球馆-9号,07:00-08:00,0,1,可预约,￥0.0,多云,15,13,3,0.0,100,28
2026-05-21 06:00:50,2026-05-21,4,羽毛球馆-9号,07:00-08:00,0,1,可预约,￥0.0,多云,15,13,4,0.0,99,28
2026-05-21 06:30:38,2026-05-21,4,羽毛球馆-9号,07:00-08:00,0,1,可预约,￥0.0,多云,15,13,3,0.0,97,28
2026-05-21 07:00:43,2026-05-21,4,羽毛球馆-9号,07:00-08:00,0,1,可预约,￥0.0,晴,15,11,5,0.0,93,28
2026-05-21 07:30:39,2026-05-21,4,羽毛球馆-9号,07:00-08:00,0,1,可预约,￥0.0,晴,17,13,4,0.0,89,29
2026-05-21 07:50:40,2026-05-21,4,羽毛球馆-9号,07:00-08:00,0,1,可预约,￥0.0,晴,17,13,4,0.0,88,29
2026-05-21 07:53:31,2026-05-21,4,羽毛球馆-9号,07:00-08:00,0,1,可预约,￥0.0,晴,17,12,5,0.0,86,29
2026-05-21 07:56:31,2026-05-21,4,羽毛球馆-9号,07:00-08:00,0,1,可预约,￥0.0,晴,17,12,5,0.0,86,29
2026-05-21 07:59:26,2026-05-21,4,羽毛球馆-9号,07:00-08:00,0,1,可预约,￥0.0,晴,17,12,5,0.0,86,29
2026-05-21 08:00:45,2026-05-21,4,羽毛球馆-9号,07:00-08:00,0,1,不开放/已过期,,晴,17,12,5,0.0,86,29
2026-05-21 08:02:30,2026-05-21,4,羽毛球馆-9号,07:00-08:00,0,1,不开放/已过期,,多云,17,12,5,0.0,87,29
2026-05-21 08:05:36,2026-05-21,4,羽毛球馆-9号,07:00-08:00,0,1,不开放/已过期,,多云,17,12,5,0.0,86,29
2026-05-21 08:08:31,2026-05-21,4,羽毛球馆-9号,07:00-08:00,0,1,不开放/已过期,,多云,17,12,5,0.0,86,29
2026-05-21 08:11:30,2026-05-21,4,羽毛球馆-9号,07:00-08:00,0,1,不开放/已过期,,多云,17,12,5,0.0,86,29
2026-05-21 08:14:31,2026-05-21,4,羽毛球馆-9号,07:00-08:00,0,1,不开放/已过期,,多云,17,12,5,0.0,86,29
2026-05-21 08:17:30,2026-05-21,4,羽毛球馆-9号,07:00-08:00,0,1,不开放/已过期,,多云,17,12,5,0.0,86,29
2026-05-21 08:20:35,2026-05-21,4,羽毛球馆-9号,07:00-08:00,0,1,不开放/已过期,,多云,17,14,4,0.0,85,29
2026-05-21 08:25:32,2026-05-21,4,羽毛球馆-9号,07:00-08:00,0,1,不开放/已过期,,多云,17,14,4,0.0,85,28
2026-05-21 08:30:42,2026-05-21,4,羽毛球馆-9号,07:00-08:00,0,1,不开放/已过期,,多云,18,15,4,0.0,84,28
2026-05-21 08:35:31,2026-05-21,4,羽毛球馆-9号,07:00-08:00,0,1,不开放/已过期,,多云,18,15,4,0.0,84,28
2026-05-21 08:40:38,2026-05-21,4,羽毛球馆-9号,07:00-08:00,0,1,不开放/已过期,,多云,18,15,4,0.0,82,28
2026-05-21 08:45:33,2026-05-21,4,羽毛球馆-9号,07:00-08:00,0,1,不开放/已过期,,多云,18,15,4,0.0,82,28
2026-05-21 08:50:36,2026-05-21,4,羽毛球馆-9号,07:00-08:00,0,1,不开放/已过期,,多云,18,15,4,0.0,82,28
2026-05-21 08:55:34,2026-05-21,4,羽毛球馆-9号,07:00-08:00,0,1,不开放/已过期,,多云,18,15,4,0.0,84,28
2026-05-21 09:00:51,2026-05-21,4,羽毛球馆-9号,07:00-08:00,0,1,不开放/已过期,,多云,18,15,4,0.0,84,28
2026-05-21 09:01:59,2026-05-21,4,羽毛球馆-9号,07:00-08:00,0,1,不开放/已过期,,多云,18,15,4,0.0,83,28
2026-05-21 09:05:33,2026-05-21,4,羽毛球馆-9号,07:00-08:00,0,1,不开放/已过期,,多云,18,15,4,0.0,83,28
2026-05-21 09:20:38,2026-05-21,4,羽毛球馆-9号,07:00-08:00,0,1,不开放/已过期,,多云,18,16,3,0.0,81,28
2026-05-21 09:30:46,2026-05-21,4,羽毛球馆-9号,07:00-08:00,0,1,不开放/已过期,,多云,18,16,3,0.0,81,32
2026-05-21 09:40:36,2026-05-21,4,羽毛球馆-9号,07:00-08:00,0,1,不开放/已过期,,多云,19,17,3,0.0,79,32
2026-05-21 09:50:42,2026-05-21,4,羽毛球馆-9号,07:00-08:00,0,1,不开放/已过期,,多云,19,17,4,0.0,81,32
2026-05-21 10:00:46,2026-05-21,4,羽毛球馆-9号,07:00-08:00,0,1,不开放/已过期,,多云,19,17,4,0.0,79,32
2026-05-21 10:10:40,2026-05-21,4,羽毛球馆-9号,07:00-08:00,0,1,不开放/已过期,,多云,19,17,4,0.0,79,32
2026-05-21 10:20:38,2026-05-21,4,羽毛球馆-9号,07:00-08:00,0,1,不开放/已过期,,多云,19,17,4,0.0,79,32
2026-05-21 10:30:41,2026-05-21,4,羽毛球馆-9号,07:00-08:00,0,1,不开放/已过期,,多云,19,18,3,0.0,78,31
2026-05-21 11:00:44,2026-05-21,4,羽毛球馆-9号,07:00-08:00,0,1,不开放/已过期,,多云,21,17,5,0.0,74,31
2026-05-21 11:30:38,2026-05-21,4,羽毛球馆-9号,07:00-08:00,0,1,不开放/已过期,,多云,21,19,3,0.0,72,33
2026-05-21 12:00:46,2026-05-21,4,羽毛球馆-9号,07:00-08:00,0,1,不开放/已过期,,多云,22,19,4,0.0,70,33
2026-05-21 12:30:42,2026-05-21,4,羽毛球馆-9号,07:00-08:00,0,1,不开放/已过期,,多云,22,21,3,0.0,68,35
2026-05-21 13:00:43,2026-05-21,4,羽毛球馆-9号,07:00-08:00,0,1,不开放/已过期,,多云,24,22,4,0.0,66,35
2026-05-21 13:30:43,2026-05-21,4,羽毛球馆-9号,07:00-08:00,0,1,不开放/已过期,,多云,24,22,4,0.0,66,36
2026-05-21 14:00:48,2026-05-21,4,羽毛球馆-9号,07:00-08:00,0,1,不开放/已过期,,多云,25,23,4,0.0,66,36
2026-05-21 14:30:45,2026-05-21,4,羽毛球馆-9号,07:00-08:00,0,1,不开放/已过期,,晴,25,25,3,0.0,65,39
2026-05-21 15:00:45,2026-05-21,4,羽毛球馆-9号,07:00-08:00,0,1,不开放/已过期,,晴,25,22,4,0.0,56,39
2026-05-21 15:30:43,2026-05-21,4,羽毛球馆-9号,07:00-08:00,0,1,不开放/已过期,,晴,25,23,4,0.0,57,40
2026-05-21 16:00:51,2026-05-21,4,羽毛球馆-9号,07:00-08:00,0,1,不开放/已过期,,晴,25,23,4,0.0,57,40
2026-05-21 16:30:48,2026-05-21,4,羽毛球馆-9号,07:00-08:00,0,1,不开放/已过期,,晴,25,24,3,0.0,60,39
2026-05-21 17:00:49,2026-05-21,4,羽毛球馆-9号,07:00-08:00,0,1,不开放/已过期,,晴,25,24,4,0.0,61,39
2026-05-21 17:30:47,2026-05-21,4,羽毛球馆-9号,07:00-08:00,0,1,不开放/已过期,,多云,24,23,3,0.0,64,39
2026-05-21 18:00:50,2026-05-21,4,羽毛球馆-9号,07:00-08:00,0,1,不开放/已过期,,多云,24,23,3,0.0,68,39
2026-05-21 18:30:50,2026-05-21,4,羽毛球馆-9号,07:00-08:00,0,1,不开放/已过期,,阴,24,25,2,0.0,68,40
2026-05-21 19:00:50,2026-05-21,4,羽毛球馆-9号,07:00-08:00,0,1,不开放/已过期,,阴,23,23,3,0.0,76,40
2026-05-21 19:30:46,2026-05-21,4,羽毛球馆-9号,07:00-08:00,0,1,不开放/已过期,,阴,23,24,2,0.0,77,39
2026-05-21 20:00:49,2026-05-21,4,羽毛球馆-9号,07:00-08:00,0,1,不开放/已过期,,雾,22,23,2,0.0,89,39
2026-05-21 20:30:44,2026-05-21,4,羽毛球馆-9号,07:00-08:00,0,1,不开放/已过期,,雾,22,24,2,0.0,93,43
2026-05-21 21:00:56,2026-05-21,4,羽毛球馆-9号,07:00-08:00,0,1,不开放/已过期,,雾,20,21,2,0.0,98,43
2026-05-21 21:30:46,2026-05-21,4,羽毛球馆-9号,07:00-08:00,0,1,不开放/已过期,,雾,20,22,1,0.0,99,41
2026-05-21 22:01:02,2026-05-21,4,羽毛球馆-9号,07:00-08:00,0,1,不开放/已过期,,雾,19,20,2,0.0,93,41
2026-05-21 22:30:47,2026-05-21,4,羽毛球馆-9号,07:00-08:00,0,1,不开放/已过期,,雾,19,19,3,0.0,88,46
2026-05-21 23:00:56,2026-05-21,4,羽毛球馆-9号,07:00-08:00,0,1,不开放/已过期,,多云,18,17,3,0.0,85,46
2026-05-21 23:30:55,2026-05-21,4,羽毛球馆-9号,07:00-08:00,0,1,不开放/已过期,,多云,18,17,3,0.0,85,48
2026-05-21 00:30:49,2026-05-21,4,羽毛球馆-9号,08:00-09:00,1,1,已售/已满,已售,多云,15,13,3,0.0,100,26
2026-05-21 01:00:55,2026-05-21,4,羽毛球馆-9号,08:00-09:00,1,1,已售/已满,已售,多云,15,12,4,0.0,100,26
2026-05-21 01:30:47,2026-05-21,4,羽毛球馆-9号,08:00-09:00,1,1,已售/已满,已售,多云,15,13,4,0.0,100,28
2026-05-21 02:00:53,2026-05-21,4,羽毛球馆-9号,08:00-09:00,1,1,已售/已满,已售,多云,15,12,4,0.0,100,28
2026-05-21 02:30:49,2026-05-21,4,羽毛球馆-9号,08:00-09:00,1,1,已售/已满,已售,多云,15,14,3,0.0,100,29
2026-05-21 03:00:55,2026-05-21,4,羽毛球馆-9号,08:00-09:00,1,1,已售/已满,已售,多云,15,12,4,0.0,100,29
2026-05-21 03:30:49,2026-05-21,4,羽毛球馆-9号,08:00-09:00,1,1,已售/已满,已售,多云,15,14,3,0.0,100,30
2026-05-21 04:30:45,2026-05-21,4,羽毛球馆-9号,08:00-09:00,1,1,已售/已满,已售,多云,15,12,4,0.0,100,29
2026-05-21 05:00:52,2026-05-21,4,羽毛球馆-9号,08:00-09:00,1,1,已售/已满,已售,多云,15,12,4,0.0,100,29
2026-05-21 05:30:49,2026-05-21,4,羽毛球馆-9号,08:00-09:00,1,1,已售/已满,已售,多云,15,13,3,0.0,100,28
2026-05-21 06:00:50,2026-05-21,4,羽毛球馆-9号,08:00-09:00,1,1,已售/已满,已售,多云,15,13,4,0.0,99,28
2026-05-21 06:30:38,2026-05-21,4,羽毛球馆-9号,08:00-09:00,1,1,已售/已满,已售,多云,15,13,3,0.0,97,28
2026-05-21 07:00:43,2026-05-21,4,羽毛球馆-9号,08:00-09:00,1,1,已售/已满,已售,晴,15,11,5,0.0,93,28
2026-05-21 07:30:39,2026-05-21,4,羽毛球馆-9号,08:00-09:00,1,1,已售/已满,已售,晴,17,13,4,0.0,89,29
2026-05-21 07:50:40,2026-05-21,4,羽毛球馆-9号,08:00-09:00,1,1,已售/已满,已售,晴,17,13,4,0.0,88,29
2026-05-21 07:53:31,2026-05-21,4,羽毛球馆-9号,08:00-09:00,1,1,已售/已满,已售,晴,17,12,5,0.0,86,29
2026-05-21 07:56:31,2026-05-21,4,羽毛球馆-9号,08:00-09:00,1,1,已售/已满,已售,晴,17,12,5,0.0,86,29
2026-05-21 07:59:26,2026-05-21,4,羽毛球馆-9号,08:00-09:00,1,1,已售/已满,已售,晴,17,12,5,0.0,86,29
2026-05-21 08:00:45,2026-05-21,4,羽毛球馆-9号,08:00-09:00,1,1,已售/已满,已售,晴,17,12,5,0.0,86,29
2026-05-21 08:02:30,2026-05-21,4,羽毛球馆-9号,08:00-09:00,1,1,已售/已满,已售,多云,17,12,5,0.0,87,29
2026-05-21 08:05:36,2026-05-21,4,羽毛球馆-9号,08:00-09:00,1,1,已售/已满,已售,多云,17,12,5,0.0,86,29
2026-05-21 08:08:31,2026-05-21,4,羽毛球馆-9号,08:00-09:00,1,1,已售/已满,已售,多云,17,12,5,0.0,86,29
2026-05-21 08:11:30,2026-05-21,4,羽毛球馆-9号,08:00-09:00,1,1,已售/已满,已售,多云,17,12,5,0.0,86,29
2026-05-21 08:14:31,2026-05-21,4,羽毛球馆-9号,08:00-09:00,1,1,已售/已满,已售,多云,17,12,5,0.0,86,29
2026-05-21 08:17:30,2026-05-21,4,羽毛球馆-9号,08:00-09:00,1,1,已售/已满,已售,多云,17,12,5,0.0,86,29
2026-05-21 08:20:35,2026-05-21,4,羽毛球馆-9号,08:00-09:00,1,1,已售/已满,已售,多云,17,14,4,0.0,85,29
2026-05-21 08:25:32,2026-05-21,4,羽毛球馆-9号,08:00-09:00,1,1,已售/已满,已售,多云,17,14,4,0.0,85,28
2026-05-21 08:30:42,2026-05-21,4,羽毛球馆-9号,08:00-09:00,1,1,已售/已满,已售,多云,18,15,4,0.0,84,28
2026-05-21 08:35:31,2026-05-21,4,羽毛球馆-9号,08:00-09:00,1,1,已售/已满,已售,多云,18,15,4,0.0,84,28
2026-05-21 08:40:38,2026-05-21,4,羽毛球馆-9号,08:00-09:00,1,1,已售/已满,已售,多云,18,15,4,0.0,82,28
2026-05-21 08:45:33,2026-05-21,4,羽毛球馆-9号,08:00-09:00,1,1,已售/已满,已售,多云,18,15,4,0.0,82,28
2026-05-21 08:50:36,2026-05-21,4,羽毛球馆-9号,08:00-09:00,1,1,已售/已满,已售,多云,18,15,4,0.0,82,28
2026-05-21 08:55:34,2026-05-21,4,羽毛球馆-9号,08:00-09:00,1,1,已售/已满,已售,多云,18,15,4,0.0,84,28
2026-05-21 09:00:51,2026-05-21,4,羽毛球馆-9号,08:00-09:00,1,1,已售/已满,已售,多云,18,15,4,0.0,84,28
2026-05-21 09:01:59,2026-05-21,4,羽毛球馆-9号,08:00-09:00,1,1,已售/已满,已售,多云,18,15,4,0.0,83,28
2026-05-21 09:05:33,2026-05-21,4,羽毛球馆-9号,08:00-09:00,1,1,已售/已满,已售,多云,18,15,4,0.0,83,28
2026-05-21 09:20:38,2026-05-21,4,羽毛球馆-9号,08:00-09:00,1,1,已售/已满,已售,多云,18,16,3,0.0,81,28
2026-05-21 09:30:46,2026-05-21,4,羽毛球馆-9号,08:00-09:00,1,1,已售/已满,已售,多云,18,16,3,0.0,81,32
2026-05-21 09:40:36,2026-05-21,4,羽毛球馆-9号,08:00-09:00,1,1,已售/已满,已售,多云,19,17,3,0.0,79,32
2026-05-21 09:50:42,2026-05-21,4,羽毛球馆-9号,08:00-09:00,1,1,已售/已满,已售,多云,19,17,4,0.0,81,32
2026-05-21 10:00:46,2026-05-21,4,羽毛球馆-9号,08:00-09:00,1,1,已售/已满,已售,多云,19,17,4,0.0,79,32
2026-05-21 10:10:40,2026-05-21,4,羽毛球馆-9号,08:00-09:00,1,1,已售/已满,已售,多云,19,17,4,0.0,79,32
2026-05-21 10:20:38,2026-05-21,4,羽毛球馆-9号,08:00-09:00,1,1,已售/已满,已售,多云,19,17,4,0.0,79,32
2026-05-21 10:30:41,2026-05-21,4,羽毛球馆-9号,08:00-09:00,1,1,已售/已满,已售,多云,19,18,3,0.0,78,31
2026-05-21 11:00:44,2026-05-21,4,羽毛球馆-9号,08:00-09:00,1,1,已售/已满,已售,多云,21,17,5,0.0,74,31
2026-05-21 11:30:38,2026-05-21,4,羽毛球馆-9号,08:00-09:00,1,1,已售/已满,已售,多云,21,19,3,0.0,72,33
2026-05-21 12:00:46,2026-05-21,4,羽毛球馆-9号,08:00-09:00,1,1,已售/已满,已售,多云,22,19,4,0.0,70,33
2026-05-21 12:30:42,2026-05-21,4,羽毛球馆-9号,08:00-09:00,1,1,已售/已满,已售,多云,22,21,3,0.0,68,35
2026-05-21 13:00:43,2026-05-21,4,羽毛球馆-9号,08:00-09:00,1,1,已售/已满,已售,多云,24,22,4,0.0,66,35
2026-05-21 13:30:43,2026-05-21,4,羽毛球馆-9号,08:00-09:00,1,1,已售/已满,已售,多云,24,22,4,0.0,66,36
2026-05-21 14:00:48,2026-05-21,4,羽毛球馆-9号,08:00-09:00,1,1,已售/已满,已售,多云,25,23,4,0.0,66,36
2026-05-21 14:30:45,2026-05-21,4,羽毛球馆-9号,08:00-09:00,1,1,已售/已满,已售,晴,25,25,3,0.0,65,39
2026-05-21 15:00:45,2026-05-21,4,羽毛球馆-9号,08:00-09:00,1,1,已售/已满,已售,晴,25,22,4,0.0,56,39
2026-05-21 15:30:43,2026-05-21,4,羽毛球馆-9号,08:00-09:00,1,1,已售/已满,已售,晴,25,23,4,0.0,57,40
2026-05-21 16:00:51,2026-05-21,4,羽毛球馆-9号,08:00-09:00,1,1,已售/已满,已售,晴,25,23,4,0.0,57,40
2026-05-21 16:30:48,2026-05-21,4,羽毛球馆-9号,08:00-09:00,1,1,已售/已满,已售,晴,25,24,3,0.0,60,39
2026-05-21 17:00:49,2026-05-21,4,羽毛球馆-9号,08:00-09:00,1,1,已售/已满,已售,晴,25,24,4,0.0,61,39
2026-05-21 17:30:47,2026-05-21,4,羽毛球馆-9号,08:00-09:00,1,1,已售/已满,已售,多云,24,23,3,0.0,64,39
2026-05-21 18:00:50,2026-05-21,4,羽毛球馆-9号,08:00-09:00,1,1,已售/已满,已售,多云,24,23,3,0.0,68,39
2026-05-21 18:30:50,2026-05-21,4,羽毛球馆-9号,08:00-09:00,1,1,已售/已满,已售,阴,24,25,2,0.0,68,40
2026-05-21 19:00:50,2026-05-21,4,羽毛球馆-9号,08:00-09:00,1,1,已售/已满,已售,阴,23,23,3,0.0,76,40
2026-05-21 19:30:46,2026-05-21,4,羽毛球馆-9号,08:00-09:00,1,1,已售/已满,已售,阴,23,24,2,0.0,77,39
2026-05-21 20:00:49,2026-05-21,4,羽毛球馆-9号,08:00-09:00,1,1,已售/已满,已售,雾,22,23,2,0.0,89,39
2026-05-21 20:30:44,2026-05-21,4,羽毛球馆-9号,08:00-09:00,1,1,已售/已满,已售,雾,22,24,2,0.0,93,43
2026-05-21 21:00:56,2026-05-21,4,羽毛球馆-9号,08:00-09:00,1,1,已售/已满,已售,雾,20,21,2,0.0,98,43
2026-05-21 21:30:46,2026-05-21,4,羽毛球馆-9号,08:00-09:00,1,1,已售/已满,已售,雾,20,22,1,0.0,99,41
2026-05-21 22:01:02,2026-05-21,4,羽毛球馆-9号,08:00-09:00,1,1,已售/已满,已售,雾,19,20,2,0.0,93,41
2026-05-21 22:30:47,2026-05-21,4,羽毛球馆-9号,08:00-09:00,1,1,已售/已满,已售,雾,19,19,3,0.0,88,46
2026-05-21 23:00:56,2026-05-21,4,羽毛球馆-9号,08:00-09:00,1,1,已售/已满,已售,多云,18,17,3,0.0,85,46
2026-05-21 23:30:55,2026-05-21,4,羽毛球馆-9号,08:00-09:00,1,1,已售/已满,已售,多云,18,17,3,0.0,85,48
2026-05-21 00:30:49,2026-05-21,4,羽毛球馆-9号,09:00-10:00,0,1,可预约,￥12.0,多云,15,13,3,0.0,100,26
2026-05-21 01:00:55,2026-05-21,4,羽毛球馆-9号,09:00-10:00,0,1,可预约,￥12.0,多云,15,12,4,0.0,100,26
2026-05-21 01:30:47,2026-05-21,4,羽毛球馆-9号,09:00-10:00,0,1,可预约,￥12.0,多云,15,13,4,0.0,100,28
2026-05-21 02:00:53,2026-05-21,4,羽毛球馆-9号,09:00-10:00,0,1,可预约,￥12.0,多云,15,12,4,0.0,100,28
2026-05-21 02:30:49,2026-05-21,4,羽毛球馆-9号,09:00-10:00,0,1,可预约,￥12.0,多云,15,14,3,0.0,100,29
2026-05-21 03:00:55,2026-05-21,4,羽毛球馆-9号,09:00-10:00,0,1,可预约,￥12.0,多云,15,12,4,0.0,100,29
2026-05-21 03:30:49,2026-05-21,4,羽毛球馆-9号,09:00-10:00,0,1,可预约,￥12.0,多云,15,14,3,0.0,100,30
2026-05-21 04:30:45,2026-05-21,4,羽毛球馆-9号,09:00-10:00,0,1,可预约,￥12.0,多云,15,12,4,0.0,100,29
2026-05-21 05:00:52,2026-05-21,4,羽毛球馆-9号,09:00-10:00,0,1,可预约,￥12.0,多云,15,12,4,0.0,100,29
2026-05-21 05:30:49,2026-05-21,4,羽毛球馆-9号,09:00-10:00,0,1,可预约,￥12.0,多云,15,13,3,0.0,100,28
2026-05-21 06:00:50,2026-05-21,4,羽毛球馆-9号,09:00-10:00,0,1,可预约,￥12.0,多云,15,13,4,0.0,99,28
2026-05-21 06:30:38,2026-05-21,4,羽毛球馆-9号,09:00-10:00,0,1,可预约,￥12.0,多云,15,13,3,0.0,97,28
2026-05-21 07:00:43,2026-05-21,4,羽毛球馆-9号,09:00-10:00,0,1,可预约,￥12.0,晴,15,11,5,0.0,93,28
2026-05-21 07:30:39,2026-05-21,4,羽毛球馆-9号,09:00-10:00,0,1,可预约,￥12.0,晴,17,13,4,0.0,89,29
2026-05-21 07:50:40,2026-05-21,4,羽毛球馆-9号,09:00-10:00,0,1,可预约,￥12.0,晴,17,13,4,0.0,88,29
2026-05-21 07:53:31,2026-05-21,4,羽毛球馆-9号,09:00-10:00,0,1,可预约,￥12.0,晴,17,12,5,0.0,86,29
2026-05-21 07:56:31,2026-05-21,4,羽毛球馆-9号,09:00-10:00,0,1,可预约,￥12.0,晴,17,12,5,0.0,86,29
2026-05-21 07:59:26,2026-05-21,4,羽毛球馆-9号,09:00-10:00,0,1,可预约,￥12.0,晴,17,12,5,0.0,86,29
2026-05-21 08:00:45,2026-05-21,4,羽毛球馆-9号,09:00-10:00,0,1,可预约,￥12.0,晴,17,12,5,0.0,86,29
2026-05-21 08:02:30,2026-05-21,4,羽毛球馆-9号,09:00-10:00,0,1,可预约,￥12.0,多云,17,12,5,0.0,87,29
2026-05-21 08:05:36,2026-05-21,4,羽毛球馆-9号,09:00-10:00,0,1,可预约,￥12.0,多云,17,12,5,0.0,86,29
2026-05-21 08:08:31,2026-05-21,4,羽毛球馆-9号,09:00-10:00,0,1,可预约,￥12.0,多云,17,12,5,0.0,86,29
2026-05-21 08:11:30,2026-05-21,4,羽毛球馆-9号,09:00-10:00,0,1,可预约,￥12.0,多云,17,12,5,0.0,86,29
2026-05-21 08:14:31,2026-05-21,4,羽毛球馆-9号,09:00-10:00,0,1,可预约,￥12.0,多云,17,12,5,0.0,86,29
2026-05-21 08:17:30,2026-05-21,4,羽毛球馆-9号,09:00-10:00,0,1,可预约,￥12.0,多云,17,12,5,0.0,86,29
2026-05-21 08:20:35,2026-05-21,4,羽毛球馆-9号,09:00-10:00,0,1,可预约,￥12.0,多云,17,14,4,0.0,85,29
2026-05-21 08:25:32,2026-05-21,4,羽毛球馆-9号,09:00-10:00,0,1,可预约,￥12.0,多云,17,14,4,0.0,85,28
2026-05-21 08:30:42,2026-05-21,4,羽毛球馆-9号,09:00-10:00,0,1,可预约,￥12.0,多云,18,15,4,0.0,84,28
2026-05-21 08:35:31,2026-05-21,4,羽毛球馆-9号,09:00-10:00,0,1,可预约,￥12.0,多云,18,15,4,0.0,84,28
2026-05-21 08:40:38,2026-05-21,4,羽毛球馆-9号,09:00-10:00,0,1,可预约,￥12.0,多云,18,15,4,0.0,82,28
2026-05-21 08:45:33,2026-05-21,4,羽毛球馆-9号,09:00-10:00,0,1,可预约,￥12.0,多云,18,15,4,0.0,82,28
2026-05-21 08:50:36,2026-05-21,4,羽毛球馆-9号,09:00-10:00,0,1,可预约,￥12.0,多云,18,15,4,0.0,82,28
2026-05-21 08:55:34,2026-05-21,4,羽毛球馆-9号,09:00-10:00,0,1,可预约,￥12.0,多云,18,15,4,0.0,84,28
2026-05-21 09:00:51,2026-05-21,4,羽毛球馆-9号,09:00-10:00,0,1,可预约,￥12.0,多云,18,15,4,0.0,84,28
2026-05-21 09:01:59,2026-05-21,4,羽毛球馆-9号,09:00-10:00,0,1,可预约,￥12.0,多云,18,15,4,0.0,83,28
2026-05-21 09:05:33,2026-05-21,4,羽毛球馆-9号,09:00-10:00,0,1,可预约,￥12.0,多云,18,15,4,0.0,83,28
2026-05-21 09:20:38,2026-05-21,4,羽毛球馆-9号,09:00-10:00,0,1,可预约,￥12.0,多云,18,16,3,0.0,81,28
2026-05-21 09:30:46,2026-05-21,4,羽毛球馆-9号,09:00-10:00,0,1,可预约,￥12.0,多云,18,16,3,0.0,81,32
2026-05-21 09:40:36,2026-05-21,4,羽毛球馆-9号,09:00-10:00,0,1,可预约,￥12.0,多云,19,17,3,0.0,79,32
2026-05-21 09:50:42,2026-05-21,4,羽毛球馆-9号,09:00-10:00,0,1,可预约,￥12.0,多云,19,17,4,0.0,81,32
2026-05-21 10:00:46,2026-05-21,4,羽毛球馆-9号,09:00-10:00,0,1,不开放/已过期,,多云,19,17,4,0.0,79,32
2026-05-21 10:10:40,2026-05-21,4,羽毛球馆-9号,09:00-10:00,0,1,不开放/已过期,,多云,19,17,4,0.0,79,32
2026-05-21 10:20:38,2026-05-21,4,羽毛球馆-9号,09:00-10:00,0,1,不开放/已过期,,多云,19,17,4,0.0,79,32
2026-05-21 10:30:41,2026-05-21,4,羽毛球馆-9号,09:00-10:00,0,1,不开放/已过期,,多云,19,18,3,0.0,78,31
2026-05-21 11:00:44,2026-05-21,4,羽毛球馆-9号,09:00-10:00,0,1,不开放/已过期,,多云,21,17,5,0.0,74,31
2026-05-21 11:30:38,2026-05-21,4,羽毛球馆-9号,09:00-10:00,0,1,不开放/已过期,,多云,21,19,3,0.0,72,33
2026-05-21 12:00:46,2026-05-21,4,羽毛球馆-9号,09:00-10:00,0,1,不开放/已过期,,多云,22,19,4,0.0,70,33
2026-05-21 12:30:42,2026-05-21,4,羽毛球馆-9号,09:00-10:00,0,1,不开放/已过期,,多云,22,21,3,0.0,68,35
2026-05-21 13:00:43,2026-05-21,4,羽毛球馆-9号,09:00-10:00,0,1,不开放/已过期,,多云,24,22,4,0.0,66,35
2026-05-21 13:30:43,2026-05-21,4,羽毛球馆-9号,09:00-10:00,0,1,不开放/已过期,,多云,24,22,4,0.0,66,36
2026-05-21 14:00:48,2026-05-21,4,羽毛球馆-9号,09:00-10:00,0,1,不开放/已过期,,多云,25,23,4,0.0,66,36
2026-05-21 14:30:45,2026-05-21,4,羽毛球馆-9号,09:00-10:00,0,1,不开放/已过期,,晴,25,25,3,0.0,65,39
2026-05-21 15:00:45,2026-05-21,4,羽毛球馆-9号,09:00-10:00,0,1,不开放/已过期,,晴,25,22,4,0.0,56,39
2026-05-21 15:30:43,2026-05-21,4,羽毛球馆-9号,09:00-10:00,0,1,不开放/已过期,,晴,25,23,4,0.0,57,40
2026-05-21 16:00:51,2026-05-21,4,羽毛球馆-9号,09:00-10:00,0,1,不开放/已过期,,晴,25,23,4,0.0,57,40
2026-05-21 16:30:48,2026-05-21,4,羽毛球馆-9号,09:00-10:00,0,1,不开放/已过期,,晴,25,24,3,0.0,60,39
2026-05-21 17:00:49,2026-05-21,4,羽毛球馆-9号,09:00-10:00,0,1,不开放/已过期,,晴,25,24,4,0.0,61,39
2026-05-21 17:30:47,2026-05-21,4,羽毛球馆-9号,09:00-10:00,0,1,不开放/已过期,,多云,24,23,3,0.0,64,39
2026-05-21 18:00:50,2026-05-21,4,羽毛球馆-9号,09:00-10:00,0,1,不开放/已过期,,多云,24,23,3,0.0,68,39
2026-05-21 18:30:50,2026-05-21,4,羽毛球馆-9号,09:00-10:00,0,1,不开放/已过期,,阴,24,25,2,0.0,68,40
2026-05-21 19:00:50,2026-05-21,4,羽毛球馆-9号,09:00-10:00,0,1,不开放/已过期,,阴,23,23,3,0.0,76,40
2026-05-21 19:30:46,2026-05-21,4,羽毛球馆-9号,09:00-10:00,0,1,不开放/已过期,,阴,23,24,2,0.0,77,39
2026-05-21 20:00:49,2026-05-21,4,羽毛球馆-9号,09:00-10:00,0,1,不开放/已过期,,雾,22,23,2,0.0,89,39
2026-05-21 20:30:44,2026-05-21,4,羽毛球馆-9号,09:00-10:00,0,1,不开放/已过期,,雾,22,24,2,0.0,93,43
2026-05-21 21:00:56,2026-05-21,4,羽毛球馆-9号,09:00-10:00,0,1,不开放/已过期,,雾,20,21,2,0.0,98,43
2026-05-21 21:30:46,2026-05-21,4,羽毛球馆-9号,09:00-10:00,0,1,不开放/已过期,,雾,20,22,1,0.0,99,41
2026-05-21 22:01:02,2026-05-21,4,羽毛球馆-9号,09:00-10:00,0,1,不开放/已过期,,雾,19,20,2,0.0,93,41
2026-05-21 22:30:47,2026-05-21,4,羽毛球馆-9号,09:00-10:00,0,1,不开放/已过期,,雾,19,19,3,0.0,88,46
2026-05-21 23:00:56,2026-05-21,4,羽毛球馆-9号,09:00-10:00,0,1,不开放/已过期,,多云,18,17,3,0.0,85,46
2026-05-21 23:30:55,2026-05-21,4,羽毛球馆-9号,09:00-10:00,0,1,不开放/已过期,,多云,18,17,3,0.0,85,48
2026-05-21 00:30:49,2026-05-21,4,羽毛球馆-9号,10:00-11:00,1,1,已售/已满,教学时间,多云,15,13,3,0.0,100,26
2026-05-21 01:00:55,2026-05-21,4,羽毛球馆-9号,10:00-11:00,1,1,已售/已满,教学时间,多云,15,12,4,0.0,100,26
2026-05-21 01:30:47,2026-05-21,4,羽毛球馆-9号,10:00-11:00,1,1,已售/已满,教学时间,多云,15,13,4,0.0,100,28
2026-05-21 02:00:53,2026-05-21,4,羽毛球馆-9号,10:00-11:00,1,1,已售/已满,教学时间,多云,15,12,4,0.0,100,28
2026-05-21 02:30:49,2026-05-21,4,羽毛球馆-9号,10:00-11:00,1,1,已售/已满,教学时间,多云,15,14,3,0.0,100,29
2026-05-21 03:00:55,2026-05-21,4,羽毛球馆-9号,10:00-11:00,1,1,已售/已满,教学时间,多云,15,12,4,0.0,100,29
2026-05-21 03:30:49,2026-05-21,4,羽毛球馆-9号,10:00-11:00,1,1,已售/已满,教学时间,多云,15,14,3,0.0,100,30
2026-05-21 04:30:45,2026-05-21,4,羽毛球馆-9号,10:00-11:00,1,1,已售/已满,教学时间,多云,15,12,4,0.0,100,29
2026-05-21 05:00:52,2026-05-21,4,羽毛球馆-9号,10:00-11:00,1,1,已售/已满,教学时间,多云,15,12,4,0.0,100,29
2026-05-21 05:30:49,2026-05-21,4,羽毛球馆-9号,10:00-11:00,1,1,已售/已满,教学时间,多云,15,13,3,0.0,100,28
2026-05-21 06:00:50,2026-05-21,4,羽毛球馆-9号,10:00-11:00,1,1,已售/已满,教学时间,多云,15,13,4,0.0,99,28
2026-05-21 06:30:38,2026-05-21,4,羽毛球馆-9号,10:00-11:00,1,1,已售/已满,教学时间,多云,15,13,3,0.0,97,28
2026-05-21 07:00:43,2026-05-21,4,羽毛球馆-9号,10:00-11:00,1,1,已售/已满,教学时间,晴,15,11,5,0.0,93,28
2026-05-21 07:30:39,2026-05-21,4,羽毛球馆-9号,10:00-11:00,1,1,已售/已满,教学时间,晴,17,13,4,0.0,89,29
2026-05-21 07:50:40,2026-05-21,4,羽毛球馆-9号,10:00-11:00,1,1,已售/已满,教学时间,晴,17,13,4,0.0,88,29
2026-05-21 07:53:31,2026-05-21,4,羽毛球馆-9号,10:00-11:00,1,1,已售/已满,教学时间,晴,17,12,5,0.0,86,29
2026-05-21 07:56:31,2026-05-21,4,羽毛球馆-9号,10:00-11:00,1,1,已售/已满,教学时间,晴,17,12,5,0.0,86,29
2026-05-21 07:59:26,2026-05-21,4,羽毛球馆-9号,10:00-11:00,1,1,已售/已满,教学时间,晴,17,12,5,0.0,86,29
2026-05-21 08:00:45,2026-05-21,4,羽毛球馆-9号,10:00-11:00,1,1,已售/已满,教学时间,晴,17,12,5,0.0,86,29
2026-05-21 08:02:30,2026-05-21,4,羽毛球馆-9号,10:00-11:00,1,1,已售/已满,教学时间,多云,17,12,5,0.0,87,29
2026-05-21 08:05:36,2026-05-21,4,羽毛球馆-9号,10:00-11:00,1,1,已售/已满,教学时间,多云,17,12,5,0.0,86,29
2026-05-21 08:08:31,2026-05-21,4,羽毛球馆-9号,10:00-11:00,1,1,已售/已满,教学时间,多云,17,12,5,0.0,86,29
2026-05-21 08:11:30,2026-05-21,4,羽毛球馆-9号,10:00-11:00,1,1,已售/已满,教学时间,多云,17,12,5,0.0,86,29
2026-05-21 08:14:31,2026-05-21,4,羽毛球馆-9号,10:00-11:00,1,1,已售/已满,教学时间,多云,17,12,5,0.0,86,29
2026-05-21 08:17:30,2026-05-21,4,羽毛球馆-9号,10:00-11:00,1,1,已售/已满,教学时间,多云,17,12,5,0.0,86,29
2026-05-21 08:20:35,2026-05-21,4,羽毛球馆-9号,10:00-11:00,1,1,已售/已满,教学时间,多云,17,14,4,0.0,85,29
2026-05-21 08:25:32,2026-05-21,4,羽毛球馆-9号,10:00-11:00,1,1,已售/已满,教学时间,多云,17,14,4,0.0,85,28
2026-05-21 08:30:42,2026-05-21,4,羽毛球馆-9号,10:00-11:00,1,1,已售/已满,教学时间,多云,18,15,4,0.0,84,28
2026-05-21 08:35:31,2026-05-21,4,羽毛球馆-9号,10:00-11:00,1,1,已售/已满,教学时间,多云,18,15,4,0.0,84,28
2026-05-21 08:40:38,2026-05-21,4,羽毛球馆-9号,10:00-11:00,1,1,已售/已满,教学时间,多云,18,15,4,0.0,82,28
2026-05-21 08:45:33,2026-05-21,4,羽毛球馆-9号,10:00-11:00,1,1,已售/已满,教学时间,多云,18,15,4,0.0,82,28
2026-05-21 08:50:36,2026-05-21,4,羽毛球馆-9号,10:00-11:00,1,1,已售/已满,教学时间,多云,18,15,4,0.0,82,28
2026-05-21 08:55:34,2026-05-21,4,羽毛球馆-9号,10:00-11:00,1,1,已售/已满,教学时间,多云,18,15,4,0.0,84,28
2026-05-21 09:00:51,2026-05-21,4,羽毛球馆-9号,10:00-11:00,1,1,已售/已满,教学时间,多云,18,15,4,0.0,84,28
2026-05-21 09:01:59,2026-05-21,4,羽毛球馆-9号,10:00-11:00,1,1,已售/已满,教学时间,多云,18,15,4,0.0,83,28
2026-05-21 09:05:33,2026-05-21,4,羽毛球馆-9号,10:00-11:00,1,1,已售/已满,教学时间,多云,18,15,4,0.0,83,28
2026-05-21 09:20:38,2026-05-21,4,羽毛球馆-9号,10:00-11:00,1,1,已售/已满,教学时间,多云,18,16,3,0.0,81,28
2026-05-21 09:30:46,2026-05-21,4,羽毛球馆-9号,10:00-11:00,1,1,已售/已满,教学时间,多云,18,16,3,0.0,81,32
2026-05-21 09:40:36,2026-05-21,4,羽毛球馆-9号,10:00-11:00,1,1,已售/已满,教学时间,多云,19,17,3,0.0,79,32
2026-05-21 09:50:42,2026-05-21,4,羽毛球馆-9号,10:00-11:00,1,1,已售/已满,教学时间,多云,19,17,4,0.0,81,32
2026-05-21 10:00:46,2026-05-21,4,羽毛球馆-9号,10:00-11:00,1,1,已售/已满,教学时间,多云,19,17,4,0.0,79,32
2026-05-21 10:10:40,2026-05-21,4,羽毛球馆-9号,10:00-11:00,1,1,已售/已满,教学时间,多云,19,17,4,0.0,79,32
2026-05-21 10:20:38,2026-05-21,4,羽毛球馆-9号,10:00-11:00,1,1,已售/已满,教学时间,多云,19,17,4,0.0,79,32
2026-05-21 10:30:41,2026-05-21,4,羽毛球馆-9号,10:00-11:00,1,1,已售/已满,教学时间,多云,19,18,3,0.0,78,31
2026-05-21 11:00:44,2026-05-21,4,羽毛球馆-9号,10:00-11:00,1,1,已售/已满,教学时间,多云,21,17,5,0.0,74,31
2026-05-21 11:30:38,2026-05-21,4,羽毛球馆-9号,10:00-11:00,1,1,已售/已满,教学时间,多云,21,19,3,0.0,72,33
2026-05-21 12:00:46,2026-05-21,4,羽毛球馆-9号,10:00-11:00,1,1,已售/已满,教学时间,多云,22,19,4,0.0,70,33
2026-05-21 12:30:42,2026-05-21,4,羽毛球馆-9号,10:00-11:00,1,1,已售/已满,教学时间,多云,22,21,3,0.0,68,35
2026-05-21 13:00:43,2026-05-21,4,羽毛球馆-9号,10:00-11:00,1,1,已售/已满,教学时间,多云,24,22,4,0.0,66,35
2026-05-21 13:30:43,2026-05-21,4,羽毛球馆-9号,10:00-11:00,1,1,已售/已满,教学时间,多云,24,22,4,0.0,66,36
2026-05-21 14:00:48,2026-05-21,4,羽毛球馆-9号,10:00-11:00,1,1,已售/已满,教学时间,多云,25,23,4,0.0,66,36
2026-05-21 14:30:45,2026-05-21,4,羽毛球馆-9号,10:00-11:00,1,1,已售/已满,教学时间,晴,25,25,3,0.0,65,39
2026-05-21 15:00:45,2026-05-21,4,羽毛球馆-9号,10:00-11:00,1,1,已售/已满,教学时间,晴,25,22,4,0.0,56,39
2026-05-21 15:30:43,2026-05-21,4,羽毛球馆-9号,10:00-11:00,1,1,已售/已满,教学时间,晴,25,23,4,0.0,57,40
2026-05-21 16:00:51,2026-05-21,4,羽毛球馆-9号,10:00-11:00,1,1,已售/已满,教学时间,晴,25,23,4,0.0,57,40
2026-05-21 16:30:48,2026-05-21,4,羽毛球馆-9号,10:00-11:00,1,1,已售/已满,教学时间,晴,25,24,3,0.0,60,39
2026-05-21 17:00:49,2026-05-21,4,羽毛球馆-9号,10:00-11:00,1,1,已售/已满,教学时间,晴,25,24,4,0.0,61,39
2026-05-21 17:30:47,2026-05-21,4,羽毛球馆-9号,10:00-11:00,1,1,已售/已满,教学时间,多云,24,23,3,0.0,64,39
2026-05-21 18:00:50,2026-05-21,4,羽毛球馆-9号,10:00-11:00,1,1,已售/已满,教学时间,多云,24,23,3,0.0,68,39
2026-05-21 18:30:50,2026-05-21,4,羽毛球馆-9号,10:00-11:00,1,1,已售/已满,教学时间,阴,24,25,2,0.0,68,40
2026-05-21 19:00:50,2026-05-21,4,羽毛球馆-9号,10:00-11:00,1,1,已售/已满,教学时间,阴,23,23,3,0.0,76,40
2026-05-21 19:30:46,2026-05-21,4,羽毛球馆-9号,10:00-11:00,1,1,已售/已满,教学时间,阴,23,24,2,0.0,77,39
2026-05-21 20:00:49,2026-05-21,4,羽毛球馆-9号,10:00-11:00,1,1,已售/已满,教学时间,雾,22,23,2,0.0,89,39
2026-05-21 20:30:44,2026-05-21,4,羽毛球馆-9号,10:00-11:00,1,1,已售/已满,教学时间,雾,22,24,2,0.0,93,43
2026-05-21 21:00:56,2026-05-21,4,羽毛球馆-9号,10:00-11:00,1,1,已售/已满,教学时间,雾,20,21,2,0.0,98,43
2026-05-21 21:30:46,2026-05-21,4,羽毛球馆-9号,10:00-11:00,1,1,已售/已满,教学时间,雾,20,22,1,0.0,99,41
2026-05-21 22:01:02,2026-05-21,4,羽毛球馆-9号,10:00-11:00,1,1,已售/已满,教学时间,雾,19,20,2,0.0,93,41
2026-05-21 22:30:47,2026-05-21,4,羽毛球馆-9号,10:00-11:00,1,1,已售/已满,教学时间,雾,19,19,3,0.0,88,46
2026-05-21 23:00:56,2026-05-21,4,羽毛球馆-9号,10:00-11:00,1,1,已售/已满,教学时间,多云,18,17,3,0.0,85,46
2026-05-21 23:30:55,2026-05-21,4,羽毛球馆-9号,10:00-11:00,1,1,已售/已满,教学时间,多云,18,17,3,0.0,85,48
2026-05-21 00:30:49,2026-05-21,4,羽毛球馆-9号,11:00-12:00,1,1,已售/已满,教学时间,多云,15,13,3,0.0,100,26
2026-05-21 01:00:55,2026-05-21,4,羽毛球馆-9号,11:00-12:00,1,1,已售/已满,教学时间,多云,15,12,4,0.0,100,26
2026-05-21 01:30:47,2026-05-21,4,羽毛球馆-9号,11:00-12:00,1,1,已售/已满,教学时间,多云,15,13,4,0.0,100,28
2026-05-21 02:00:53,2026-05-21,4,羽毛球馆-9号,11:00-12:00,1,1,已售/已满,教学时间,多云,15,12,4,0.0,100,28
2026-05-21 02:30:49,2026-05-21,4,羽毛球馆-9号,11:00-12:00,1,1,已售/已满,教学时间,多云,15,14,3,0.0,100,29
2026-05-21 03:00:55,2026-05-21,4,羽毛球馆-9号,11:00-12:00,1,1,已售/已满,教学时间,多云,15,12,4,0.0,100,29
2026-05-21 03:30:49,2026-05-21,4,羽毛球馆-9号,11:00-12:00,1,1,已售/已满,教学时间,多云,15,14,3,0.0,100,30
2026-05-21 04:30:45,2026-05-21,4,羽毛球馆-9号,11:00-12:00,1,1,已售/已满,教学时间,多云,15,12,4,0.0,100,29
2026-05-21 05:00:52,2026-05-21,4,羽毛球馆-9号,11:00-12:00,1,1,已售/已满,教学时间,多云,15,12,4,0.0,100,29
2026-05-21 05:30:49,2026-05-21,4,羽毛球馆-9号,11:00-12:00,1,1,已售/已满,教学时间,多云,15,13,3,0.0,100,28
2026-05-21 06:00:50,2026-05-21,4,羽毛球馆-9号,11:00-12:00,1,1,已售/已满,教学时间,多云,15,13,4,0.0,99,28
2026-05-21 06:30:38,2026-05-21,4,羽毛球馆-9号,11:00-12:00,1,1,已售/已满,教学时间,多云,15,13,3,0.0,97,28
2026-05-21 07:00:43,2026-05-21,4,羽毛球馆-9号,11:00-12:00,1,1,已售/已满,教学时间,晴,15,11,5,0.0,93,28
2026-05-21 07:30:39,2026-05-21,4,羽毛球馆-9号,11:00-12:00,1,1,已售/已满,教学时间,晴,17,13,4,0.0,89,29
2026-05-21 07:50:40,2026-05-21,4,羽毛球馆-9号,11:00-12:00,1,1,已售/已满,教学时间,晴,17,13,4,0.0,88,29
2026-05-21 07:53:31,2026-05-21,4,羽毛球馆-9号,11:00-12:00,1,1,已售/已满,教学时间,晴,17,12,5,0.0,86,29
2026-05-21 07:56:31,2026-05-21,4,羽毛球馆-9号,11:00-12:00,1,1,已售/已满,教学时间,晴,17,12,5,0.0,86,29
2026-05-21 07:59:26,2026-05-21,4,羽毛球馆-9号,11:00-12:00,1,1,已售/已满,教学时间,晴,17,12,5,0.0,86,29
2026-05-21 08:00:45,2026-05-21,4,羽毛球馆-9号,11:00-12:00,1,1,已售/已满,教学时间,晴,17,12,5,0.0,86,29
2026-05-21 08:02:30,2026-05-21,4,羽毛球馆-9号,11:00-12:00,1,1,已售/已满,教学时间,多云,17,12,5,0.0,87,29
2026-05-21 08:05:36,2026-05-21,4,羽毛球馆-9号,11:00-12:00,1,1,已售/已满,教学时间,多云,17,12,5,0.0,86,29
2026-05-21 08:08:31,2026-05-21,4,羽毛球馆-9号,11:00-12:00,1,1,已售/已满,教学时间,多云,17,12,5,0.0,86,29
2026-05-21 08:11:30,2026-05-21,4,羽毛球馆-9号,11:00-12:00,1,1,已售/已满,教学时间,多云,17,12,5,0.0,86,29
2026-05-21 08:14:31,2026-05-21,4,羽毛球馆-9号,11:00-12:00,1,1,已售/已满,教学时间,多云,17,12,5,0.0,86,29
2026-05-21 08:17:30,2026-05-21,4,羽毛球馆-9号,11:00-12:00,1,1,已售/已满,教学时间,多云,17,12,5,0.0,86,29
2026-05-21 08:20:35,2026-05-21,4,羽毛球馆-9号,11:00-12:00,1,1,已售/已满,教学时间,多云,17,14,4,0.0,85,29
2026-05-21 08:25:32,2026-05-21,4,羽毛球馆-9号,11:00-12:00,1,1,已售/已满,教学时间,多云,17,14,4,0.0,85,28
2026-05-21 08:30:42,2026-05-21,4,羽毛球馆-9号,11:00-12:00,1,1,已售/已满,教学时间,多云,18,15,4,0.0,84,28
2026-05-21 08:35:31,2026-05-21,4,羽毛球馆-9号,11:00-12:00,1,1,已售/已满,教学时间,多云,18,15,4,0.0,84,28
2026-05-21 08:40:38,2026-05-21,4,羽毛球馆-9号,11:00-12:00,1,1,已售/已满,教学时间,多云,18,15,4,0.0,82,28
2026-05-21 08:45:33,2026-05-21,4,羽毛球馆-9号,11:00-12:00,1,1,已售/已满,教学时间,多云,18,15,4,0.0,82,28
2026-05-21 08:50:36,2026-05-21,4,羽毛球馆-9号,11:00-12:00,1,1,已售/已满,教学时间,多云,18,15,4,0.0,82,28
2026-05-21 08:55:34,2026-05-21,4,羽毛球馆-9号,11:00-12:00,1,1,已售/已满,教学时间,多云,18,15,4,0.0,84,28
2026-05-21 09:00:51,2026-05-21,4,羽毛球馆-9号,11:00-12:00,1,1,已售/已满,教学时间,多云,18,15,4,0.0,84,28
2026-05-21 09:01:59,2026-05-21,4,羽毛球馆-9号,11:00-12:00,1,1,已售/已满,教学时间,多云,18,15,4,0.0,83,28
2026-05-21 09:05:33,2026-05-21,4,羽毛球馆-9号,11:00-12:00,1,1,已售/已满,教学时间,多云,18,15,4,0.0,83,28
2026-05-21 09:20:38,2026-05-21,4,羽毛球馆-9号,11:00-12:00,1,1,已售/已满,教学时间,多云,18,16,3,0.0,81,28
2026-05-21 09:30:46,2026-05-21,4,羽毛球馆-9号,11:00-12:00,1,1,已售/已满,教学时间,多云,18,16,3,0.0,81,32
2026-05-21 09:40:36,2026-05-21,4,羽毛球馆-9号,11:00-12:00,1,1,已售/已满,教学时间,多云,19,17,3,0.0,79,32
2026-05-21 09:50:42,2026-05-21,4,羽毛球馆-9号,11:00-12:00,1,1,已售/已满,教学时间,多云,19,17,4,0.0,81,32
2026-05-21 10:00:46,2026-05-21,4,羽毛球馆-9号,11:00-12:00,1,1,已售/已满,教学时间,多云,19,17,4,0.0,79,32
2026-05-21 10:10:40,2026-05-21,4,羽毛球馆-9号,11:00-12:00,1,1,已售/已满,教学时间,多云,19,17,4,0.0,79,32
2026-05-21 10:20:38,2026-05-21,4,羽毛球馆-9号,11:00-12:00,1,1,已售/已满,教学时间,多云,19,17,4,0.0,79,32
2026-05-21 10:30:41,2026-05-21,4,羽毛球馆-9号,11:00-12:00,1,1,已售/已满,教学时间,多云,19,18,3,0.0,78,31
2026-05-21 11:00:44,2026-05-21,4,羽毛球馆-9号,11:00-12:00,1,1,已售/已满,教学时间,多云,21,17,5,0.0,74,31
2026-05-21 11:30:38,2026-05-21,4,羽毛球馆-9号,11:00-12:00,1,1,已售/已满,教学时间,多云,21,19,3,0.0,72,33
2026-05-21 12:00:46,2026-05-21,4,羽毛球馆-9号,11:00-12:00,1,1,已售/已满,教学时间,多云,22,19,4,0.0,70,33
2026-05-21 12:30:42,2026-05-21,4,羽毛球馆-9号,11:00-12:00,1,1,已售/已满,教学时间,多云,22,21,3,0.0,68,35
2026-05-21 13:00:43,2026-05-21,4,羽毛球馆-9号,11:00-12:00,1,1,已售/已满,教学时间,多云,24,22,4,0.0,66,35
2026-05-21 13:30:43,2026-05-21,4,羽毛球馆-9号,11:00-12:00,1,1,已售/已满,教学时间,多云,24,22,4,0.0,66,36
2026-05-21 14:00:48,2026-05-21,4,羽毛球馆-9号,11:00-12:00,1,1,已售/已满,教学时间,多云,25,23,4,0.0,66,36
2026-05-21 14:30:45,2026-05-21,4,羽毛球馆-9号,11:00-12:00,1,1,已售/已满,教学时间,晴,25,25,3,0.0,65,39
2026-05-21 15:00:45,2026-05-21,4,羽毛球馆-9号,11:00-12:00,1,1,已售/已满,教学时间,晴,25,22,4,0.0,56,39
2026-05-21 15:30:43,2026-05-21,4,羽毛球馆-9号,11:00-12:00,1,1,已售/已满,教学时间,晴,25,23,4,0.0,57,40
2026-05-21 16:00:51,2026-05-21,4,羽毛球馆-9号,11:00-12:00,1,1,已售/已满,教学时间,晴,25,23,4,0.0,57,40
2026-05-21 16:30:48,2026-05-21,4,羽毛球馆-9号,11:00-12:00,1,1,已售/已满,教学时间,晴,25,24,3,0.0,60,39
2026-05-21 17:00:49,2026-05-21,4,羽毛球馆-9号,11:00-12:00,1,1,已售/已满,教学时间,晴,25,24,4,0.0,61,39
2026-05-21 17:30:47,2026-05-21,4,羽毛球馆-9号,11:00-12:00,1,1,已售/已满,教学时间,多云,24,23,3,0.0,64,39
2026-05-21 18:00:50,2026-05-21,4,羽毛球馆-9号,11:00-12:00,1,1,已售/已满,教学时间,多云,24,23,3,0.0,68,39
2026-05-21 18:30:50,2026-05-21,4,羽毛球馆-9号,11:00-12:00,1,1,已售/已满,教学时间,阴,24,25,2,0.0,68,40
2026-05-21 19:00:50,2026-05-21,4,羽毛球馆-9号,11:00-12:00,1,1,已售/已满,教学时间,阴,23,23,3,0.0,76,40
2026-05-21 19:30:46,2026-05-21,4,羽毛球馆-9号,11:00-12:00,1,1,已售/已满,教学时间,阴,23,24,2,0.0,77,39
2026-05-21 20:00:49,2026-05-21,4,羽毛球馆-9号,11:00-12:00,1,1,已售/已满,教学时间,雾,22,23,2,0.0,89,39
2026-05-21 20:30:44,2026-05-21,4,羽毛球馆-9号,11:00-12:00,1,1,已售/已满,教学时间,雾,22,24,2,0.0,93,43
2026-05-21 21:00:56,2026-05-21,4,羽毛球馆-9号,11:00-12:00,1,1,已售/已满,教学时间,雾,20,21,2,0.0,98,43
2026-05-21 21:30:46,2026-05-21,4,羽毛球馆-9号,11:00-12:00,1,1,已售/已满,教学时间,雾,20,22,1,0.0,99,41
2026-05-21 22:01:02,2026-05-21,4,羽毛球馆-9号,11:00-12:00,1,1,已售/已满,教学时间,雾,19,20,2,0.0,93,41
2026-05-21 22:30:47,2026-05-21,4,羽毛球馆-9号,11:00-12:00,1,1,已售/已满,教学时间,雾,19,19,3,0.0,88,46
2026-05-21 23:00:56,2026-05-21,4,羽毛球馆-9号,11:00-12:00,1,1,已售/已满,教学时间,多云,18,17,3,0.0,85,46
2026-05-21 23:30:55,2026-05-21,4,羽毛球馆-9号,11:00-12:00,1,1,已售/已满,教学时间,多云,18,17,3,0.0,85,48
2026-05-21 00:30:49,2026-05-21,4,羽毛球馆-9号,12:00-12:55,1,1,已售/已满,已售,多云,15,13,3,0.0,100,26
2026-05-21 01:00:55,2026-05-21,4,羽毛球馆-9号,12:00-12:55,1,1,已售/已满,已售,多云,15,12,4,0.0,100,26
2026-05-21 01:30:47,2026-05-21,4,羽毛球馆-9号,12:00-12:55,1,1,已售/已满,已售,多云,15,13,4,0.0,100,28
2026-05-21 02:00:53,2026-05-21,4,羽毛球馆-9号,12:00-12:55,1,1,已售/已满,已售,多云,15,12,4,0.0,100,28
2026-05-21 02:30:49,2026-05-21,4,羽毛球馆-9号,12:00-12:55,1,1,已售/已满,已售,多云,15,14,3,0.0,100,29
2026-05-21 03:00:55,2026-05-21,4,羽毛球馆-9号,12:00-12:55,1,1,已售/已满,已售,多云,15,12,4,0.0,100,29
2026-05-21 03:30:49,2026-05-21,4,羽毛球馆-9号,12:00-12:55,1,1,已售/已满,已售,多云,15,14,3,0.0,100,30
2026-05-21 04:30:45,2026-05-21,4,羽毛球馆-9号,12:00-12:55,1,1,已售/已满,已售,多云,15,12,4,0.0,100,29
2026-05-21 05:00:52,2026-05-21,4,羽毛球馆-9号,12:00-12:55,1,1,已售/已满,已售,多云,15,12,4,0.0,100,29
2026-05-21 05:30:49,2026-05-21,4,羽毛球馆-9号,12:00-12:55,1,1,已售/已满,已售,多云,15,13,3,0.0,100,28
2026-05-21 06:00:50,2026-05-21,4,羽毛球馆-9号,12:00-12:55,1,1,已售/已满,已售,多云,15,13,4,0.0,99,28
2026-05-21 06:30:38,2026-05-21,4,羽毛球馆-9号,12:00-12:55,1,1,已售/已满,已售,多云,15,13,3,0.0,97,28
2026-05-21 07:00:43,2026-05-21,4,羽毛球馆-9号,12:00-12:55,1,1,已售/已满,已售,晴,15,11,5,0.0,93,28
2026-05-21 07:30:39,2026-05-21,4,羽毛球馆-9号,12:00-12:55,1,1,已售/已满,已售,晴,17,13,4,0.0,89,29
2026-05-21 07:50:40,2026-05-21,4,羽毛球馆-9号,12:00-12:55,1,1,已售/已满,已售,晴,17,13,4,0.0,88,29
2026-05-21 07:53:31,2026-05-21,4,羽毛球馆-9号,12:00-12:55,1,1,已售/已满,已售,晴,17,12,5,0.0,86,29
2026-05-21 07:56:31,2026-05-21,4,羽毛球馆-9号,12:00-12:55,1,1,已售/已满,已售,晴,17,12,5,0.0,86,29
2026-05-21 07:59:26,2026-05-21,4,羽毛球馆-9号,12:00-12:55,1,1,已售/已满,已售,晴,17,12,5,0.0,86,29
2026-05-21 08:00:45,2026-05-21,4,羽毛球馆-9号,12:00-12:55,1,1,已售/已满,已售,晴,17,12,5,0.0,86,29
2026-05-21 08:02:30,2026-05-21,4,羽毛球馆-9号,12:00-12:55,1,1,已售/已满,已售,多云,17,12,5,0.0,87,29
2026-05-21 08:05:36,2026-05-21,4,羽毛球馆-9号,12:00-12:55,1,1,已售/已满,已售,多云,17,12,5,0.0,86,29
2026-05-21 08:08:31,2026-05-21,4,羽毛球馆-9号,12:00-12:55,1,1,已售/已满,已售,多云,17,12,5,0.0,86,29
2026-05-21 08:11:30,2026-05-21,4,羽毛球馆-9号,12:00-12:55,1,1,已售/已满,已售,多云,17,12,5,0.0,86,29
2026-05-21 08:14:31,2026-05-21,4,羽毛球馆-9号,12:00-12:55,1,1,已售/已满,已售,多云,17,12,5,0.0,86,29
2026-05-21 08:17:30,2026-05-21,4,羽毛球馆-9号,12:00-12:55,1,1,已售/已满,已售,多云,17,12,5,0.0,86,29
2026-05-21 08:20:35,2026-05-21,4,羽毛球馆-9号,12:00-12:55,1,1,已售/已满,已售,多云,17,14,4,0.0,85,29
2026-05-21 08:25:32,2026-05-21,4,羽毛球馆-9号,12:00-12:55,1,1,已售/已满,已售,多云,17,14,4,0.0,85,28
2026-05-21 08:30:42,2026-05-21,4,羽毛球馆-9号,12:00-12:55,1,1,已售/已满,已售,多云,18,15,4,0.0,84,28
2026-05-21 08:35:31,2026-05-21,4,羽毛球馆-9号,12:00-12:55,1,1,已售/已满,已售,多云,18,15,4,0.0,84,28
2026-05-21 08:40:38,2026-05-21,4,羽毛球馆-9号,12:00-12:55,1,1,已售/已满,已售,多云,18,15,4,0.0,82,28
2026-05-21 08:45:33,2026-05-21,4,羽毛球馆-9号,12:00-12:55,1,1,已售/已满,已售,多云,18,15,4,0.0,82,28
2026-05-21 08:50:36,2026-05-21,4,羽毛球馆-9号,12:00-12:55,1,1,已售/已满,已售,多云,18,15,4,0.0,82,28
2026-05-21 08:55:34,2026-05-21,4,羽毛球馆-9号,12:00-12:55,1,1,已售/已满,已售,多云,18,15,4,0.0,84,28
2026-05-21 09:00:51,2026-05-21,4,羽毛球馆-9号,12:00-12:55,1,1,已售/已满,已售,多云,18,15,4,0.0,84,28
2026-05-21 09:01:59,2026-05-21,4,羽毛球馆-9号,12:00-12:55,1,1,已售/已满,已售,多云,18,15,4,0.0,83,28
2026-05-21 09:05:33,2026-05-21,4,羽毛球馆-9号,12:00-12:55,1,1,已售/已满,已售,多云,18,15,4,0.0,83,28
2026-05-21 09:20:38,2026-05-21,4,羽毛球馆-9号,12:00-12:55,1,1,已售/已满,已售,多云,18,16,3,0.0,81,28
2026-05-21 09:30:46,2026-05-21,4,羽毛球馆-9号,12:00-12:55,1,1,已售/已满,已售,多云,18,16,3,0.0,81,32
2026-05-21 09:40:36,2026-05-21,4,羽毛球馆-9号,12:00-12:55,1,1,已售/已满,已售,多云,19,17,3,0.0,79,32
2026-05-21 09:50:42,2026-05-21,4,羽毛球馆-9号,12:00-12:55,1,1,已售/已满,已售,多云,19,17,4,0.0,81,32
2026-05-21 10:00:46,2026-05-21,4,羽毛球馆-9号,12:00-12:55,1,1,已售/已满,已售,多云,19,17,4,0.0,79,32
2026-05-21 10:10:40,2026-05-21,4,羽毛球馆-9号,12:00-12:55,1,1,已售/已满,已售,多云,19,17,4,0.0,79,32
2026-05-21 10:20:38,2026-05-21,4,羽毛球馆-9号,12:00-12:55,1,1,已售/已满,已售,多云,19,17,4,0.0,79,32
2026-05-21 10:30:41,2026-05-21,4,羽毛球馆-9号,12:00-12:55,1,1,已售/已满,已售,多云,19,18,3,0.0,78,31
2026-05-21 11:00:44,2026-05-21,4,羽毛球馆-9号,12:00-12:55,1,1,已售/已满,已售,多云,21,17,5,0.0,74,31
2026-05-21 11:30:38,2026-05-21,4,羽毛球馆-9号,12:00-12:55,1,1,已售/已满,已售,多云,21,19,3,0.0,72,33
2026-05-21 12:00:46,2026-05-21,4,羽毛球馆-9号,12:00-12:55,1,1,已售/已满,已售,多云,22,19,4,0.0,70,33
2026-05-21 12:30:42,2026-05-21,4,羽毛球馆-9号,12:00-12:55,1,1,已售/已满,已售,多云,22,21,3,0.0,68,35
2026-05-21 13:00:43,2026-05-21,4,羽毛球馆-9号,12:00-12:55,1,1,已售/已满,已售,多云,24,22,4,0.0,66,35
2026-05-21 13:30:43,2026-05-21,4,羽毛球馆-9号,12:00-12:55,1,1,已售/已满,已售,多云,24,22,4,0.0,66,36
2026-05-21 14:00:48,2026-05-21,4,羽毛球馆-9号,12:00-12:55,1,1,已售/已满,已售,多云,25,23,4,0.0,66,36
2026-05-21 14:30:45,2026-05-21,4,羽毛球馆-9号,12:00-12:55,1,1,已售/已满,已售,晴,25,25,3,0.0,65,39
2026-05-21 15:00:45,2026-05-21,4,羽毛球馆-9号,12:00-12:55,1,1,已售/已满,已售,晴,25,22,4,0.0,56,39
2026-05-21 15:30:43,2026-05-21,4,羽毛球馆-9号,12:00-12:55,1,1,已售/已满,已售,晴,25,23,4,0.0,57,40
2026-05-21 16:00:51,2026-05-21,4,羽毛球馆-9号,12:00-12:55,1,1,已售/已满,已售,晴,25,23,4,0.0,57,40
2026-05-21 16:30:48,2026-05-21,4,羽毛球馆-9号,12:00-12:55,1,1,已售/已满,已售,晴,25,24,3,0.0,60,39
2026-05-21 17:00:49,2026-05-21,4,羽毛球馆-9号,12:00-12:55,1,1,已售/已满,已售,晴,25,24,4,0.0,61,39
2026-05-21 17:30:47,2026-05-21,4,羽毛球馆-9号,12:00-12:55,1,1,已售/已满,已售,多云,24,23,3,0.0,64,39
2026-05-21 18:00:50,2026-05-21,4,羽毛球馆-9号,12:00-12:55,1,1,已售/已满,已售,多云,24,23,3,0.0,68,39
2026-05-21 18:30:50,2026-05-21,4,羽毛球馆-9号,12:00-12:55,1,1,已售/已满,已售,阴,24,25,2,0.0,68,40
2026-05-21 19:00:50,2026-05-21,4,羽毛球馆-9号,12:00-12:55,1,1,已售/已满,已售,阴,23,23,3,0.0,76,40
2026-05-21 19:30:46,2026-05-21,4,羽毛球馆-9号,12:00-12:55,1,1,已售/已满,已售,阴,23,24,2,0.0,77,39
2026-05-21 20:00:49,2026-05-21,4,羽毛球馆-9号,12:00-12:55,1,1,已售/已满,已售,雾,22,23,2,0.0,89,39
2026-05-21 20:30:44,2026-05-21,4,羽毛球馆-9号,12:00-12:55,1,1,已售/已满,已售,雾,22,24,2,0.0,93,43
2026-05-21 21:00:56,2026-05-21,4,羽毛球馆-9号,12:00-12:55,1,1,已售/已满,已售,雾,20,21,2,0.0,98,43
2026-05-21 21:30:46,2026-05-21,4,羽毛球馆-9号,12:00-12:55,1,1,已售/已满,已售,雾,20,22,1,0.0,99,41
2026-05-21 22:01:02,2026-05-21,4,羽毛球馆-9号,12:00-12:55,1,1,已售/已满,已售,雾,19,20,2,0.0,93,41
2026-05-21 22:30:47,2026-05-21,4,羽毛球馆-9号,12:00-12:55,1,1,已售/已满,已售,雾,19,19,3,0.0,88,46
2026-05-21 23:00:56,2026-05-21,4,羽毛球馆-9号,12:00-12:55,1,1,已售/已满,已售,多云,18,17,3,0.0,85,46
2026-05-21 23:30:55,2026-05-21,4,羽毛球馆-9号,12:00-12:55,1,1,已售/已满,已售,多云,18,17,3,0.0,85,48
2026-05-21 00:30:49,2026-05-21,4,羽毛球馆-9号,12:55-13:50,1,1,已售/已满,已售,多云,15,13,3,0.0,100,26
2026-05-21 01:00:55,2026-05-21,4,羽毛球馆-9号,12:55-13:50,1,1,已售/已满,已售,多云,15,12,4,0.0,100,26
2026-05-21 01:30:47,2026-05-21,4,羽毛球馆-9号,12:55-13:50,1,1,已售/已满,已售,多云,15,13,4,0.0,100,28
2026-05-21 02:00:53,2026-05-21,4,羽毛球馆-9号,12:55-13:50,1,1,已售/已满,已售,多云,15,12,4,0.0,100,28
2026-05-21 02:30:49,2026-05-21,4,羽毛球馆-9号,12:55-13:50,1,1,已售/已满,已售,多云,15,14,3,0.0,100,29
2026-05-21 03:00:55,2026-05-21,4,羽毛球馆-9号,12:55-13:50,1,1,已售/已满,已售,多云,15,12,4,0.0,100,29
2026-05-21 03:30:49,2026-05-21,4,羽毛球馆-9号,12:55-13:50,1,1,已售/已满,已售,多云,15,14,3,0.0,100,30
2026-05-21 04:30:45,2026-05-21,4,羽毛球馆-9号,12:55-13:50,1,1,已售/已满,已售,多云,15,12,4,0.0,100,29
2026-05-21 05:00:52,2026-05-21,4,羽毛球馆-9号,12:55-13:50,1,1,已售/已满,已售,多云,15,12,4,0.0,100,29
2026-05-21 05:30:49,2026-05-21,4,羽毛球馆-9号,12:55-13:50,1,1,已售/已满,已售,多云,15,13,3,0.0,100,28
2026-05-21 06:00:50,2026-05-21,4,羽毛球馆-9号,12:55-13:50,1,1,已售/已满,已售,多云,15,13,4,0.0,99,28
2026-05-21 06:30:38,2026-05-21,4,羽毛球馆-9号,12:55-13:50,1,1,已售/已满,已售,多云,15,13,3,0.0,97,28
2026-05-21 07:00:43,2026-05-21,4,羽毛球馆-9号,12:55-13:50,1,1,已售/已满,已售,晴,15,11,5,0.0,93,28
2026-05-21 07:30:39,2026-05-21,4,羽毛球馆-9号,12:55-13:50,1,1,已售/已满,已售,晴,17,13,4,0.0,89,29
2026-05-21 07:50:40,2026-05-21,4,羽毛球馆-9号,12:55-13:50,1,1,已售/已满,已售,晴,17,13,4,0.0,88,29
2026-05-21 07:53:31,2026-05-21,4,羽毛球馆-9号,12:55-13:50,1,1,已售/已满,已售,晴,17,12,5,0.0,86,29
2026-05-21 07:56:31,2026-05-21,4,羽毛球馆-9号,12:55-13:50,1,1,已售/已满,已售,晴,17,12,5,0.0,86,29
2026-05-21 07:59:26,2026-05-21,4,羽毛球馆-9号,12:55-13:50,1,1,已售/已满,已售,晴,17,12,5,0.0,86,29
2026-05-21 08:00:45,2026-05-21,4,羽毛球馆-9号,12:55-13:50,1,1,已售/已满,已售,晴,17,12,5,0.0,86,29
2026-05-21 08:02:30,2026-05-21,4,羽毛球馆-9号,12:55-13:50,1,1,已售/已满,已售,多云,17,12,5,0.0,87,29
2026-05-21 08:05:36,2026-05-21,4,羽毛球馆-9号,12:55-13:50,1,1,已售/已满,已售,多云,17,12,5,0.0,86,29
2026-05-21 08:08:31,2026-05-21,4,羽毛球馆-9号,12:55-13:50,1,1,已售/已满,已售,多云,17,12,5,0.0,86,29
2026-05-21 08:11:30,2026-05-21,4,羽毛球馆-9号,12:55-13:50,1,1,已售/已满,已售,多云,17,12,5,0.0,86,29
2026-05-21 08:14:31,2026-05-21,4,羽毛球馆-9号,12:55-13:50,1,1,已售/已满,已售,多云,17,12,5,0.0,86,29
2026-05-21 08:17:30,2026-05-21,4,羽毛球馆-9号,12:55-13:50,1,1,已售/已满,已售,多云,17,12,5,0.0,86,29
2026-05-21 08:20:35,2026-05-21,4,羽毛球馆-9号,12:55-13:50,1,1,已售/已满,已售,多云,17,14,4,0.0,85,29
2026-05-21 08:25:32,2026-05-21,4,羽毛球馆-9号,12:55-13:50,1,1,已售/已满,已售,多云,17,14,4,0.0,85,28
2026-05-21 08:30:42,2026-05-21,4,羽毛球馆-9号,12:55-13:50,1,1,已售/已满,已售,多云,18,15,4,0.0,84,28
2026-05-21 08:35:31,2026-05-21,4,羽毛球馆-9号,12:55-13:50,1,1,已售/已满,已售,多云,18,15,4,0.0,84,28
2026-05-21 08:40:38,2026-05-21,4,羽毛球馆-9号,12:55-13:50,1,1,已售/已满,已售,多云,18,15,4,0.0,82,28
2026-05-21 08:45:33,2026-05-21,4,羽毛球馆-9号,12:55-13:50,1,1,已售/已满,已售,多云,18,15,4,0.0,82,28
2026-05-21 08:50:36,2026-05-21,4,羽毛球馆-9号,12:55-13:50,1,1,已售/已满,已售,多云,18,15,4,0.0,82,28
2026-05-21 08:55:34,2026-05-21,4,羽毛球馆-9号,12:55-13:50,1,1,已售/已满,已售,多云,18,15,4,0.0,84,28
2026-05-21 09:00:51,2026-05-21,4,羽毛球馆-9号,12:55-13:50,1,1,已售/已满,已售,多云,18,15,4,0.0,84,28
2026-05-21 09:01:59,2026-05-21,4,羽毛球馆-9号,12:55-13:50,1,1,已售/已满,已售,多云,18,15,4,0.0,83,28
2026-05-21 09:05:33,2026-05-21,4,羽毛球馆-9号,12:55-13:50,1,1,已售/已满,已售,多云,18,15,4,0.0,83,28
2026-05-21 09:20:38,2026-05-21,4,羽毛球馆-9号,12:55-13:50,1,1,已售/已满,已售,多云,18,16,3,0.0,81,28
2026-05-21 09:30:46,2026-05-21,4,羽毛球馆-9号,12:55-13:50,1,1,已售/已满,已售,多云,18,16,3,0.0,81,32
2026-05-21 09:40:36,2026-05-21,4,羽毛球馆-9号,12:55-13:50,1,1,已售/已满,已售,多云,19,17,3,0.0,79,32
2026-05-21 09:50:42,2026-05-21,4,羽毛球馆-9号,12:55-13:50,1,1,已售/已满,已售,多云,19,17,4,0.0,81,32
2026-05-21 10:00:46,2026-05-21,4,羽毛球馆-9号,12:55-13:50,1,1,已售/已满,已售,多云,19,17,4,0.0,79,32
2026-05-21 10:10:40,2026-05-21,4,羽毛球馆-9号,12:55-13:50,1,1,已售/已满,已售,多云,19,17,4,0.0,79,32
2026-05-21 10:20:38,2026-05-21,4,羽毛球馆-9号,12:55-13:50,1,1,已售/已满,已售,多云,19,17,4,0.0,79,32
2026-05-21 10:30:41,2026-05-21,4,羽毛球馆-9号,12:55-13:50,1,1,已售/已满,已售,多云,19,18,3,0.0,78,31
2026-05-21 11:00:44,2026-05-21,4,羽毛球馆-9号,12:55-13:50,1,1,已售/已满,已售,多云,21,17,5,0.0,74,31
2026-05-21 11:30:38,2026-05-21,4,羽毛球馆-9号,12:55-13:50,1,1,已售/已满,已售,多云,21,19,3,0.0,72,33
2026-05-21 12:00:46,2026-05-21,4,羽毛球馆-9号,12:55-13:50,1,1,已售/已满,已售,多云,22,19,4,0.0,70,33
2026-05-21 12:30:42,2026-05-21,4,羽毛球馆-9号,12:55-13:50,1,1,已售/已满,已售,多云,22,21,3,0.0,68,35
2026-05-21 13:00:43,2026-05-21,4,羽毛球馆-9号,12:55-13:50,1,1,已售/已满,已售,多云,24,22,4,0.0,66,35
2026-05-21 13:30:43,2026-05-21,4,羽毛球馆-9号,12:55-13:50,1,1,已售/已满,已售,多云,24,22,4,0.0,66,36
2026-05-21 14:00:48,2026-05-21,4,羽毛球馆-9号,12:55-13:50,1,1,已售/已满,已售,多云,25,23,4,0.0,66,36
2026-05-21 14:30:45,2026-05-21,4,羽毛球馆-9号,12:55-13:50,1,1,已售/已满,已售,晴,25,25,3,0.0,65,39
2026-05-21 15:00:45,2026-05-21,4,羽毛球馆-9号,12:55-13:50,1,1,已售/已满,已售,晴,25,22,4,0.0,56,39
2026-05-21 15:30:43,2026-05-21,4,羽毛球馆-9号,12:55-13:50,1,1,已售/已满,已售,晴,25,23,4,0.0,57,40
2026-05-21 16:00:51,2026-05-21,4,羽毛球馆-9号,12:55-13:50,1,1,已售/已满,已售,晴,25,23,4,0.0,57,40
2026-05-21 16:30:48,2026-05-21,4,羽毛球馆-9号,12:55-13:50,1,1,已售/已满,已售,晴,25,24,3,0.0,60,39
2026-05-21 17:00:49,2026-05-21,4,羽毛球馆-9号,12:55-13:50,1,1,已售/已满,已售,晴,25,24,4,0.0,61,39
2026-05-21 17:30:47,2026-05-21,4,羽毛球馆-9号,12:55-13:50,1,1,已售/已满,已售,多云,24,23,3,0.0,64,39
2026-05-21 18:00:50,2026-05-21,4,羽毛球馆-9号,12:55-13:50,1,1,已售/已满,已售,多云,24,23,3,0.0,68,39
2026-05-21 18:30:50,2026-05-21,4,羽毛球馆-9号,12:55-13:50,1,1,已售/已满,已售,阴,24,25,2,0.0,68,40
2026-05-21 19:00:50,2026-05-21,4,羽毛球馆-9号,12:55-13:50,1,1,已售/已满,已售,阴,23,23,3,0.0,76,40
2026-05-21 19:30:46,2026-05-21,4,羽毛球馆-9号,12:55-13:50,1,1,已售/已满,已售,阴,23,24,2,0.0,77,39
2026-05-21 20:00:49,2026-05-21,4,羽毛球馆-9号,12:55-13:50,1,1,已售/已满,已售,雾,22,23,2,0.0,89,39
2026-05-21 20:30:44,2026-05-21,4,羽毛球馆-9号,12:55-13:50,1,1,已售/已满,已售,雾,22,24,2,0.0,93,43
2026-05-21 21:00:56,2026-05-21,4,羽毛球馆-9号,12:55-13:50,1,1,已售/已满,已售,雾,20,21,2,0.0,98,43
2026-05-21 21:30:46,2026-05-21,4,羽毛球馆-9号,12:55-13:50,1,1,已售/已满,已售,雾,20,22,1,0.0,99,41
2026-05-21 22:01:02,2026-05-21,4,羽毛球馆-9号,12:55-13:50,1,1,已售/已满,已售,雾,19,20,2,0.0,93,41
2026-05-21 22:30:47,2026-05-21,4,羽毛球馆-9号,12:55-13:50,1,1,已售/已满,已售,雾,19,19,3,0.0,88,46
2026-05-21 23:00:56,2026-05-21,4,羽毛球馆-9号,12:55-13:50,1,1,已售/已满,已售,多云,18,17,3,0.0,85,46
2026-05-21 23:30:55,2026-05-21,4,羽毛球馆-9号,12:55-13:50,1,1,已售/已满,已售,多云,18,17,3,0.0,85,48
2026-05-21 00:30:49,2026-05-21,4,羽毛球馆-9号,14:00-15:00,0,1,可预约,￥12.0,多云,15,13,3,0.0,100,26
2026-05-21 01:00:55,2026-05-21,4,羽毛球馆-9号,14:00-15:00,0,1,可预约,￥12.0,多云,15,12,4,0.0,100,26
2026-05-21 01:30:47,2026-05-21,4,羽毛球馆-9号,14:00-15:00,0,1,可预约,￥12.0,多云,15,13,4,0.0,100,28
2026-05-21 02:00:53,2026-05-21,4,羽毛球馆-9号,14:00-15:00,0,1,可预约,￥12.0,多云,15,12,4,0.0,100,28
2026-05-21 02:30:49,2026-05-21,4,羽毛球馆-9号,14:00-15:00,0,1,可预约,￥12.0,多云,15,14,3,0.0,100,29
2026-05-21 03:00:55,2026-05-21,4,羽毛球馆-9号,14:00-15:00,0,1,可预约,￥12.0,多云,15,12,4,0.0,100,29
2026-05-21 03:30:49,2026-05-21,4,羽毛球馆-9号,14:00-15:00,0,1,可预约,￥12.0,多云,15,14,3,0.0,100,30
2026-05-21 04:30:45,2026-05-21,4,羽毛球馆-9号,14:00-15:00,0,1,可预约,￥12.0,多云,15,12,4,0.0,100,29
2026-05-21 05:00:52,2026-05-21,4,羽毛球馆-9号,14:00-15:00,0,1,可预约,￥12.0,多云,15,12,4,0.0,100,29
2026-05-21 05:30:49,2026-05-21,4,羽毛球馆-9号,14:00-15:00,0,1,可预约,￥12.0,多云,15,13,3,0.0,100,28
2026-05-21 06:00:50,2026-05-21,4,羽毛球馆-9号,14:00-15:00,0,1,可预约,￥12.0,多云,15,13,4,0.0,99,28
2026-05-21 06:30:38,2026-05-21,4,羽毛球馆-9号,14:00-15:00,0,1,可预约,￥12.0,多云,15,13,3,0.0,97,28
2026-05-21 07:00:43,2026-05-21,4,羽毛球馆-9号,14:00-15:00,0,1,可预约,￥12.0,晴,15,11,5,0.0,93,28
2026-05-21 07:30:39,2026-05-21,4,羽毛球馆-9号,14:00-15:00,0,1,可预约,￥12.0,晴,17,13,4,0.0,89,29
2026-05-21 07:50:40,2026-05-21,4,羽毛球馆-9号,14:00-15:00,0,1,可预约,￥12.0,晴,17,13,4,0.0,88,29
2026-05-21 07:53:31,2026-05-21,4,羽毛球馆-9号,14:00-15:00,0,1,可预约,￥12.0,晴,17,12,5,0.0,86,29
2026-05-21 07:56:31,2026-05-21,4,羽毛球馆-9号,14:00-15:00,0,1,可预约,￥12.0,晴,17,12,5,0.0,86,29
2026-05-21 07:59:26,2026-05-21,4,羽毛球馆-9号,14:00-15:00,0,1,可预约,￥12.0,晴,17,12,5,0.0,86,29
2026-05-21 08:00:45,2026-05-21,4,羽毛球馆-9号,14:00-15:00,0,1,可预约,￥12.0,晴,17,12,5,0.0,86,29
2026-05-21 08:02:30,2026-05-21,4,羽毛球馆-9号,14:00-15:00,0,1,可预约,￥12.0,多云,17,12,5,0.0,87,29
2026-05-21 08:05:36,2026-05-21,4,羽毛球馆-9号,14:00-15:00,0,1,可预约,￥12.0,多云,17,12,5,0.0,86,29
2026-05-21 08:08:31,2026-05-21,4,羽毛球馆-9号,14:00-15:00,0,1,可预约,￥12.0,多云,17,12,5,0.0,86,29
2026-05-21 08:11:30,2026-05-21,4,羽毛球馆-9号,14:00-15:00,0,1,可预约,￥12.0,多云,17,12,5,0.0,86,29
2026-05-21 08:14:31,2026-05-21,4,羽毛球馆-9号,14:00-15:00,0,1,可预约,￥12.0,多云,17,12,5,0.0,86,29
2026-05-21 08:17:30,2026-05-21,4,羽毛球馆-9号,14:00-15:00,0,1,可预约,￥12.0,多云,17,12,5,0.0,86,29
2026-05-21 08:20:35,2026-05-21,4,羽毛球馆-9号,14:00-15:00,0,1,可预约,￥12.0,多云,17,14,4,0.0,85,29
2026-05-21 08:25:32,2026-05-21,4,羽毛球馆-9号,14:00-15:00,0,1,可预约,￥12.0,多云,17,14,4,0.0,85,28
2026-05-21 08:30:42,2026-05-21,4,羽毛球馆-9号,14:00-15:00,0,1,可预约,￥12.0,多云,18,15,4,0.0,84,28
2026-05-21 08:35:31,2026-05-21,4,羽毛球馆-9号,14:00-15:00,0,1,可预约,￥12.0,多云,18,15,4,0.0,84,28
2026-05-21 08:40:38,2026-05-21,4,羽毛球馆-9号,14:00-15:00,0,1,可预约,￥12.0,多云,18,15,4,0.0,82,28
2026-05-21 08:45:33,2026-05-21,4,羽毛球馆-9号,14:00-15:00,0,1,可预约,￥12.0,多云,18,15,4,0.0,82,28
2026-05-21 08:50:36,2026-05-21,4,羽毛球馆-9号,14:00-15:00,0,1,可预约,￥12.0,多云,18,15,4,0.0,82,28
2026-05-21 08:55:34,2026-05-21,4,羽毛球馆-9号,14:00-15:00,0,1,可预约,￥12.0,多云,18,15,4,0.0,84,28
2026-05-21 09:00:51,2026-05-21,4,羽毛球馆-9号,14:00-15:00,0,1,可预约,￥12.0,多云,18,15,4,0.0,84,28
2026-05-21 09:01:59,2026-05-21,4,羽毛球馆-9号,14:00-15:00,0,1,可预约,￥12.0,多云,18,15,4,0.0,83,28
2026-05-21 09:05:33,2026-05-21,4,羽毛球馆-9号,14:00-15:00,0,1,可预约,￥12.0,多云,18,15,4,0.0,83,28
2026-05-21 09:20:38,2026-05-21,4,羽毛球馆-9号,14:00-15:00,0,1,可预约,￥12.0,多云,18,16,3,0.0,81,28
2026-05-21 09:30:46,2026-05-21,4,羽毛球馆-9号,14:00-15:00,0,1,可预约,￥12.0,多云,18,16,3,0.0,81,32
2026-05-21 09:40:36,2026-05-21,4,羽毛球馆-9号,14:00-15:00,0,1,可预约,￥12.0,多云,19,17,3,0.0,79,32
2026-05-21 09:50:42,2026-05-21,4,羽毛球馆-9号,14:00-15:00,0,1,可预约,￥12.0,多云,19,17,4,0.0,81,32
2026-05-21 10:00:46,2026-05-21,4,羽毛球馆-9号,14:00-15:00,0,1,可预约,￥12.0,多云,19,17,4,0.0,79,32
2026-05-21 10:10:40,2026-05-21,4,羽毛球馆-9号,14:00-15:00,0,1,可预约,￥12.0,多云,19,17,4,0.0,79,32
2026-05-21 10:20:38,2026-05-21,4,羽毛球馆-9号,14:00-15:00,0,1,可预约,￥12.0,多云,19,17,4,0.0,79,32
2026-05-21 10:30:41,2026-05-21,4,羽毛球馆-9号,14:00-15:00,0,1,可预约,￥12.0,多云,19,18,3,0.0,78,31
2026-05-21 11:00:44,2026-05-21,4,羽毛球馆-9号,14:00-15:00,0,1,可预约,￥12.0,多云,21,17,5,0.0,74,31
2026-05-21 11:30:38,2026-05-21,4,羽毛球馆-9号,14:00-15:00,0,1,可预约,￥12.0,多云,21,19,3,0.0,72,33
2026-05-21 12:00:46,2026-05-21,4,羽毛球馆-9号,14:00-15:00,0,1,可预约,￥12.0,多云,22,19,4,0.0,70,33
2026-05-21 12:30:42,2026-05-21,4,羽毛球馆-9号,14:00-15:00,0,1,可预约,￥12.0,多云,22,21,3,0.0,68,35
2026-05-21 13:00:43,2026-05-21,4,羽毛球馆-9号,14:00-15:00,0,1,可预约,￥12.0,多云,24,22,4,0.0,66,35
2026-05-21 13:30:43,2026-05-21,4,羽毛球馆-9号,14:00-15:00,0,1,可预约,￥12.0,多云,24,22,4,0.0,66,36
2026-05-21 14:00:48,2026-05-21,4,羽毛球馆-9号,14:00-15:00,0,1,可预约,￥12.0,多云,25,23,4,0.0,66,36
2026-05-21 14:30:45,2026-05-21,4,羽毛球馆-9号,14:00-15:00,0,1,可预约,￥12.0,晴,25,25,3,0.0,65,39
2026-05-21 15:00:45,2026-05-21,4,羽毛球馆-9号,14:00-15:00,0,1,不开放/已过期,,晴,25,22,4,0.0,56,39
2026-05-21 15:30:43,2026-05-21,4,羽毛球馆-9号,14:00-15:00,0,1,不开放/已过期,,晴,25,23,4,0.0,57,40
2026-05-21 16:00:51,2026-05-21,4,羽毛球馆-9号,14:00-15:00,0,1,不开放/已过期,,晴,25,23,4,0.0,57,40
2026-05-21 16:30:48,2026-05-21,4,羽毛球馆-9号,14:00-15:00,0,1,不开放/已过期,,晴,25,24,3,0.0,60,39
2026-05-21 17:00:49,2026-05-21,4,羽毛球馆-9号,14:00-15:00,0,1,不开放/已过期,,晴,25,24,4,0.0,61,39
2026-05-21 17:30:47,2026-05-21,4,羽毛球馆-9号,14:00-15:00,0,1,不开放/已过期,,多云,24,23,3,0.0,64,39
2026-05-21 18:00:50,2026-05-21,4,羽毛球馆-9号,14:00-15:00,0,1,不开放/已过期,,多云,24,23,3,0.0,68,39
2026-05-21 18:30:50,2026-05-21,4,羽毛球馆-9号,14:00-15:00,0,1,不开放/已过期,,阴,24,25,2,0.0,68,40
2026-05-21 19:00:50,2026-05-21,4,羽毛球馆-9号,14:00-15:00,0,1,不开放/已过期,,阴,23,23,3,0.0,76,40
2026-05-21 19:30:46,2026-05-21,4,羽毛球馆-9号,14:00-15:00,0,1,不开放/已过期,,阴,23,24,2,0.0,77,39
2026-05-21 20:00:49,2026-05-21,4,羽毛球馆-9号,14:00-15:00,0,1,不开放/已过期,,雾,22,23,2,0.0,89,39
2026-05-21 20:30:44,2026-05-21,4,羽毛球馆-9号,14:00-15:00,0,1,不开放/已过期,,雾,22,24,2,0.0,93,43
2026-05-21 21:00:56,2026-05-21,4,羽毛球馆-9号,14:00-15:00,0,1,不开放/已过期,,雾,20,21,2,0.0,98,43
2026-05-21 21:30:46,2026-05-21,4,羽毛球馆-9号,14:00-15:00,0,1,不开放/已过期,,雾,20,22,1,0.0,99,41
2026-05-21 22:01:02,2026-05-21,4,羽毛球馆-9号,14:00-15:00,0,1,不开放/已过期,,雾,19,20,2,0.0,93,41
2026-05-21 22:30:47,2026-05-21,4,羽毛球馆-9号,14:00-15:00,0,1,不开放/已过期,,雾,19,19,3,0.0,88,46
2026-05-21 23:00:56,2026-05-21,4,羽毛球馆-9号,14:00-15:00,0,1,不开放/已过期,,多云,18,17,3,0.0,85,46
2026-05-21 23:30:55,2026-05-21,4,羽毛球馆-9号,14:00-15:00,0,1,不开放/已过期,,多云,18,17,3,0.0,85,48
2026-05-21 00:30:49,2026-05-21,4,羽毛球馆-9号,15:00-16:00,0,1,可预约,￥12.0,多云,15,13,3,0.0,100,26
2026-05-21 01:00:55,2026-05-21,4,羽毛球馆-9号,15:00-16:00,0,1,可预约,￥12.0,多云,15,12,4,0.0,100,26
2026-05-21 01:30:47,2026-05-21,4,羽毛球馆-9号,15:00-16:00,0,1,可预约,￥12.0,多云,15,13,4,0.0,100,28
2026-05-21 02:00:53,2026-05-21,4,羽毛球馆-9号,15:00-16:00,0,1,可预约,￥12.0,多云,15,12,4,0.0,100,28
2026-05-21 02:30:49,2026-05-21,4,羽毛球馆-9号,15:00-16:00,0,1,可预约,￥12.0,多云,15,14,3,0.0,100,29
2026-05-21 03:00:55,2026-05-21,4,羽毛球馆-9号,15:00-16:00,0,1,可预约,￥12.0,多云,15,12,4,0.0,100,29
2026-05-21 03:30:49,2026-05-21,4,羽毛球馆-9号,15:00-16:00,0,1,可预约,￥12.0,多云,15,14,3,0.0,100,30
2026-05-21 04:30:45,2026-05-21,4,羽毛球馆-9号,15:00-16:00,0,1,可预约,￥12.0,多云,15,12,4,0.0,100,29
2026-05-21 05:00:52,2026-05-21,4,羽毛球馆-9号,15:00-16:00,0,1,可预约,￥12.0,多云,15,12,4,0.0,100,29
2026-05-21 05:30:49,2026-05-21,4,羽毛球馆-9号,15:00-16:00,0,1,可预约,￥12.0,多云,15,13,3,0.0,100,28
2026-05-21 06:00:50,2026-05-21,4,羽毛球馆-9号,15:00-16:00,0,1,可预约,￥12.0,多云,15,13,4,0.0,99,28
2026-05-21 06:30:38,2026-05-21,4,羽毛球馆-9号,15:00-16:00,0,1,可预约,￥12.0,多云,15,13,3,0.0,97,28
2026-05-21 07:00:43,2026-05-21,4,羽毛球馆-9号,15:00-16:00,0,1,可预约,￥12.0,晴,15,11,5,0.0,93,28
2026-05-21 07:30:39,2026-05-21,4,羽毛球馆-9号,15:00-16:00,0,1,可预约,￥12.0,晴,17,13,4,0.0,89,29
2026-05-21 07:50:40,2026-05-21,4,羽毛球馆-9号,15:00-16:00,0,1,可预约,￥12.0,晴,17,13,4,0.0,88,29
2026-05-21 07:53:31,2026-05-21,4,羽毛球馆-9号,15:00-16:00,0,1,可预约,￥12.0,晴,17,12,5,0.0,86,29
2026-05-21 07:56:31,2026-05-21,4,羽毛球馆-9号,15:00-16:00,0,1,可预约,￥12.0,晴,17,12,5,0.0,86,29
2026-05-21 07:59:26,2026-05-21,4,羽毛球馆-9号,15:00-16:00,0,1,可预约,￥12.0,晴,17,12,5,0.0,86,29
2026-05-21 08:00:45,2026-05-21,4,羽毛球馆-9号,15:00-16:00,0,1,可预约,￥12.0,晴,17,12,5,0.0,86,29
2026-05-21 08:02:30,2026-05-21,4,羽毛球馆-9号,15:00-16:00,0,1,可预约,￥12.0,多云,17,12,5,0.0,87,29
2026-05-21 08:05:36,2026-05-21,4,羽毛球馆-9号,15:00-16:00,0,1,可预约,￥12.0,多云,17,12,5,0.0,86,29
2026-05-21 08:08:31,2026-05-21,4,羽毛球馆-9号,15:00-16:00,0,1,可预约,￥12.0,多云,17,12,5,0.0,86,29
2026-05-21 08:11:30,2026-05-21,4,羽毛球馆-9号,15:00-16:00,0,1,可预约,￥12.0,多云,17,12,5,0.0,86,29
2026-05-21 08:14:31,2026-05-21,4,羽毛球馆-9号,15:00-16:00,0,1,可预约,￥12.0,多云,17,12,5,0.0,86,29
2026-05-21 08:17:30,2026-05-21,4,羽毛球馆-9号,15:00-16:00,0,1,可预约,￥12.0,多云,17,12,5,0.0,86,29
2026-05-21 08:20:35,2026-05-21,4,羽毛球馆-9号,15:00-16:00,0,1,可预约,￥12.0,多云,17,14,4,0.0,85,29
2026-05-21 08:25:32,2026-05-21,4,羽毛球馆-9号,15:00-16:00,0,1,可预约,￥12.0,多云,17,14,4,0.0,85,28
2026-05-21 08:30:42,2026-05-21,4,羽毛球馆-9号,15:00-16:00,0,1,可预约,￥12.0,多云,18,15,4,0.0,84,28
2026-05-21 08:35:31,2026-05-21,4,羽毛球馆-9号,15:00-16:00,0,1,可预约,￥12.0,多云,18,15,4,0.0,84,28
2026-05-21 08:40:38,2026-05-21,4,羽毛球馆-9号,15:00-16:00,0,1,可预约,￥12.0,多云,18,15,4,0.0,82,28
2026-05-21 08:45:33,2026-05-21,4,羽毛球馆-9号,15:00-16:00,0,1,可预约,￥12.0,多云,18,15,4,0.0,82,28
2026-05-21 08:50:36,2026-05-21,4,羽毛球馆-9号,15:00-16:00,0,1,可预约,￥12.0,多云,18,15,4,0.0,82,28
2026-05-21 08:55:34,2026-05-21,4,羽毛球馆-9号,15:00-16:00,0,1,可预约,￥12.0,多云,18,15,4,0.0,84,28
2026-05-21 09:00:51,2026-05-21,4,羽毛球馆-9号,15:00-16:00,0,1,可预约,￥12.0,多云,18,15,4,0.0,84,28
2026-05-21 09:01:59,2026-05-21,4,羽毛球馆-9号,15:00-16:00,0,1,可预约,￥12.0,多云,18,15,4,0.0,83,28
2026-05-21 09:05:33,2026-05-21,4,羽毛球馆-9号,15:00-16:00,0,1,可预约,￥12.0,多云,18,15,4,0.0,83,28
2026-05-21 09:20:38,2026-05-21,4,羽毛球馆-9号,15:00-16:00,0,1,可预约,￥12.0,多云,18,16,3,0.0,81,28
2026-05-21 09:30:46,2026-05-21,4,羽毛球馆-9号,15:00-16:00,0,1,可预约,￥12.0,多云,18,16,3,0.0,81,32
2026-05-21 09:40:36,2026-05-21,4,羽毛球馆-9号,15:00-16:00,0,1,可预约,￥12.0,多云,19,17,3,0.0,79,32
2026-05-21 09:50:42,2026-05-21,4,羽毛球馆-9号,15:00-16:00,0,1,可预约,￥12.0,多云,19,17,4,0.0,81,32
2026-05-21 10:00:46,2026-05-21,4,羽毛球馆-9号,15:00-16:00,0,1,可预约,￥12.0,多云,19,17,4,0.0,79,32
2026-05-21 10:10:40,2026-05-21,4,羽毛球馆-9号,15:00-16:00,0,1,可预约,￥12.0,多云,19,17,4,0.0,79,32
2026-05-21 10:20:38,2026-05-21,4,羽毛球馆-9号,15:00-16:00,0,1,可预约,￥12.0,多云,19,17,4,0.0,79,32
2026-05-21 10:30:41,2026-05-21,4,羽毛球馆-9号,15:00-16:00,0,1,可预约,￥12.0,多云,19,18,3,0.0,78,31
2026-05-21 11:00:44,2026-05-21,4,羽毛球馆-9号,15:00-16:00,0,1,可预约,￥12.0,多云,21,17,5,0.0,74,31
2026-05-21 11:30:38,2026-05-21,4,羽毛球馆-9号,15:00-16:00,0,1,可预约,￥12.0,多云,21,19,3,0.0,72,33
2026-05-21 12:00:46,2026-05-21,4,羽毛球馆-9号,15:00-16:00,0,1,可预约,￥12.0,多云,22,19,4,0.0,70,33
2026-05-21 12:30:42,2026-05-21,4,羽毛球馆-9号,15:00-16:00,0,1,可预约,￥12.0,多云,22,21,3,0.0,68,35
2026-05-21 13:00:43,2026-05-21,4,羽毛球馆-9号,15:00-16:00,0,1,可预约,￥12.0,多云,24,22,4,0.0,66,35
2026-05-21 13:30:43,2026-05-21,4,羽毛球馆-9号,15:00-16:00,0,1,可预约,￥12.0,多云,24,22,4,0.0,66,36
2026-05-21 14:00:48,2026-05-21,4,羽毛球馆-9号,15:00-16:00,0,1,可预约,￥12.0,多云,25,23,4,0.0,66,36
2026-05-21 14:30:45,2026-05-21,4,羽毛球馆-9号,15:00-16:00,0,1,可预约,￥12.0,晴,25,25,3,0.0,65,39
2026-05-21 15:00:45,2026-05-21,4,羽毛球馆-9号,15:00-16:00,0,1,可预约,￥12.0,晴,25,22,4,0.0,56,39
2026-05-21 15:30:43,2026-05-21,4,羽毛球馆-9号,15:00-16:00,0,1,可预约,￥12.0,晴,25,23,4,0.0,57,40
2026-05-21 16:00:51,2026-05-21,4,羽毛球馆-9号,15:00-16:00,0,1,不开放/已过期,,晴,25,23,4,0.0,57,40
2026-05-21 16:30:48,2026-05-21,4,羽毛球馆-9号,15:00-16:00,0,1,不开放/已过期,,晴,25,24,3,0.0,60,39
2026-05-21 17:00:49,2026-05-21,4,羽毛球馆-9号,15:00-16:00,0,1,不开放/已过期,,晴,25,24,4,0.0,61,39
2026-05-21 17:30:47,2026-05-21,4,羽毛球馆-9号,15:00-16:00,0,1,不开放/已过期,,多云,24,23,3,0.0,64,39
2026-05-21 18:00:50,2026-05-21,4,羽毛球馆-9号,15:00-16:00,0,1,不开放/已过期,,多云,24,23,3,0.0,68,39
2026-05-21 18:30:50,2026-05-21,4,羽毛球馆-9号,15:00-16:00,0,1,不开放/已过期,,阴,24,25,2,0.0,68,40
2026-05-21 19:00:50,2026-05-21,4,羽毛球馆-9号,15:00-16:00,0,1,不开放/已过期,,阴,23,23,3,0.0,76,40
2026-05-21 19:30:46,2026-05-21,4,羽毛球馆-9号,15:00-16:00,0,1,不开放/已过期,,阴,23,24,2,0.0,77,39
2026-05-21 20:00:49,2026-05-21,4,羽毛球馆-9号,15:00-16:00,0,1,不开放/已过期,,雾,22,23,2,0.0,89,39
2026-05-21 20:30:44,2026-05-21,4,羽毛球馆-9号,15:00-16:00,0,1,不开放/已过期,,雾,22,24,2,0.0,93,43
2026-05-21 21:00:56,2026-05-21,4,羽毛球馆-9号,15:00-16:00,0,1,不开放/已过期,,雾,20,21,2,0.0,98,43
2026-05-21 21:30:46,2026-05-21,4,羽毛球馆-9号,15:00-16:00,0,1,不开放/已过期,,雾,20,22,1,0.0,99,41
2026-05-21 22:01:02,2026-05-21,4,羽毛球馆-9号,15:00-16:00,0,1,不开放/已过期,,雾,19,20,2,0.0,93,41
2026-05-21 22:30:47,2026-05-21,4,羽毛球馆-9号,15:00-16:00,0,1,不开放/已过期,,雾,19,19,3,0.0,88,46
2026-05-21 23:00:56,2026-05-21,4,羽毛球馆-9号,15:00-16:00,0,1,不开放/已过期,,多云,18,17,3,0.0,85,46
2026-05-21 23:30:55,2026-05-21,4,羽毛球馆-9号,15:00-16:00,0,1,不开放/已过期,,多云,18,17,3,0.0,85,48
2026-05-21 00:30:49,2026-05-21,4,羽毛球馆-9号,16:00-17:00,1,1,已售/已满,已售,多云,15,13,3,0.0,100,26
2026-05-21 01:00:55,2026-05-21,4,羽毛球馆-9号,16:00-17:00,1,1,已售/已满,已售,多云,15,12,4,0.0,100,26
2026-05-21 01:30:47,2026-05-21,4,羽毛球馆-9号,16:00-17:00,1,1,已售/已满,已售,多云,15,13,4,0.0,100,28
2026-05-21 02:00:53,2026-05-21,4,羽毛球馆-9号,16:00-17:00,1,1,已售/已满,已售,多云,15,12,4,0.0,100,28
2026-05-21 02:30:49,2026-05-21,4,羽毛球馆-9号,16:00-17:00,1,1,已售/已满,已售,多云,15,14,3,0.0,100,29
2026-05-21 03:00:55,2026-05-21,4,羽毛球馆-9号,16:00-17:00,1,1,已售/已满,已售,多云,15,12,4,0.0,100,29
2026-05-21 03:30:49,2026-05-21,4,羽毛球馆-9号,16:00-17:00,1,1,已售/已满,已售,多云,15,14,3,0.0,100,30
2026-05-21 04:30:45,2026-05-21,4,羽毛球馆-9号,16:00-17:00,1,1,已售/已满,已售,多云,15,12,4,0.0,100,29
2026-05-21 05:00:52,2026-05-21,4,羽毛球馆-9号,16:00-17:00,1,1,已售/已满,已售,多云,15,12,4,0.0,100,29
2026-05-21 05:30:49,2026-05-21,4,羽毛球馆-9号,16:00-17:00,1,1,已售/已满,已售,多云,15,13,3,0.0,100,28
2026-05-21 06:00:50,2026-05-21,4,羽毛球馆-9号,16:00-17:00,1,1,已售/已满,已售,多云,15,13,4,0.0,99,28
2026-05-21 06:30:38,2026-05-21,4,羽毛球馆-9号,16:00-17:00,1,1,已售/已满,已售,多云,15,13,3,0.0,97,28
2026-05-21 07:00:43,2026-05-21,4,羽毛球馆-9号,16:00-17:00,1,1,已售/已满,已售,晴,15,11,5,0.0,93,28
2026-05-21 07:30:39,2026-05-21,4,羽毛球馆-9号,16:00-17:00,1,1,已售/已满,已售,晴,17,13,4,0.0,89,29
2026-05-21 07:50:40,2026-05-21,4,羽毛球馆-9号,16:00-17:00,1,1,已售/已满,已售,晴,17,13,4,0.0,88,29
2026-05-21 07:53:31,2026-05-21,4,羽毛球馆-9号,16:00-17:00,1,1,已售/已满,已售,晴,17,12,5,0.0,86,29
2026-05-21 07:56:31,2026-05-21,4,羽毛球馆-9号,16:00-17:00,1,1,已售/已满,已售,晴,17,12,5,0.0,86,29
2026-05-21 07:59:26,2026-05-21,4,羽毛球馆-9号,16:00-17:00,1,1,已售/已满,已售,晴,17,12,5,0.0,86,29
2026-05-21 08:00:45,2026-05-21,4,羽毛球馆-9号,16:00-17:00,1,1,已售/已满,已售,晴,17,12,5,0.0,86,29
2026-05-21 08:02:30,2026-05-21,4,羽毛球馆-9号,16:00-17:00,1,1,已售/已满,已售,多云,17,12,5,0.0,87,29
2026-05-21 08:05:36,2026-05-21,4,羽毛球馆-9号,16:00-17:00,1,1,已售/已满,已售,多云,17,12,5,0.0,86,29
2026-05-21 08:08:31,2026-05-21,4,羽毛球馆-9号,16:00-17:00,1,1,已售/已满,已售,多云,17,12,5,0.0,86,29
2026-05-21 08:11:30,2026-05-21,4,羽毛球馆-9号,16:00-17:00,1,1,已售/已满,已售,多云,17,12,5,0.0,86,29
2026-05-21 08:14:31,2026-05-21,4,羽毛球馆-9号,16:00-17:00,1,1,已售/已满,已售,多云,17,12,5,0.0,86,29
2026-05-21 08:17:30,2026-05-21,4,羽毛球馆-9号,16:00-17:00,1,1,已售/已满,已售,多云,17,12,5,0.0,86,29
2026-05-21 08:20:35,2026-05-21,4,羽毛球馆-9号,16:00-17:00,1,1,已售/已满,已售,多云,17,14,4,0.0,85,29
2026-05-21 08:25:32,2026-05-21,4,羽毛球馆-9号,16:00-17:00,1,1,已售/已满,已售,多云,17,14,4,0.0,85,28
2026-05-21 08:30:42,2026-05-21,4,羽毛球馆-9号,16:00-17:00,1,1,已售/已满,已售,多云,18,15,4,0.0,84,28
2026-05-21 08:35:31,2026-05-21,4,羽毛球馆-9号,16:00-17:00,1,1,已售/已满,已售,多云,18,15,4,0.0,84,28
2026-05-21 08:40:38,2026-05-21,4,羽毛球馆-9号,16:00-17:00,1,1,已售/已满,已售,多云,18,15,4,0.0,82,28
2026-05-21 08:45:33,2026-05-21,4,羽毛球馆-9号,16:00-17:00,1,1,已售/已满,已售,多云,18,15,4,0.0,82,28
2026-05-21 08:50:36,2026-05-21,4,羽毛球馆-9号,16:00-17:00,1,1,已售/已满,已售,多云,18,15,4,0.0,82,28
2026-05-21 08:55:34,2026-05-21,4,羽毛球馆-9号,16:00-17:00,1,1,已售/已满,已售,多云,18,15,4,0.0,84,28
2026-05-21 09:00:51,2026-05-21,4,羽毛球馆-9号,16:00-17:00,1,1,已售/已满,已售,多云,18,15,4,0.0,84,28
2026-05-21 09:01:59,2026-05-21,4,羽毛球馆-9号,16:00-17:00,1,1,已售/已满,已售,多云,18,15,4,0.0,83,28
2026-05-21 09:05:33,2026-05-21,4,羽毛球馆-9号,16:00-17:00,1,1,已售/已满,已售,多云,18,15,4,0.0,83,28
2026-05-21 09:20:38,2026-05-21,4,羽毛球馆-9号,16:00-17:00,1,1,已售/已满,已售,多云,18,16,3,0.0,81,28
2026-05-21 09:30:46,2026-05-21,4,羽毛球馆-9号,16:00-17:00,0,1,可预约,￥12.0,多云,18,16,3,0.0,81,32
2026-05-21 09:40:36,2026-05-21,4,羽毛球馆-9号,16:00-17:00,0,1,可预约,￥12.0,多云,19,17,3,0.0,79,32
2026-05-21 09:50:42,2026-05-21,4,羽毛球馆-9号,16:00-17:00,0,1,可预约,￥12.0,多云,19,17,4,0.0,81,32
2026-05-21 10:00:46,2026-05-21,4,羽毛球馆-9号,16:00-17:00,0,1,可预约,￥12.0,多云,19,17,4,0.0,79,32
2026-05-21 10:10:40,2026-05-21,4,羽毛球馆-9号,16:00-17:00,1,1,已售/已满,已售,多云,19,17,4,0.0,79,32
2026-05-21 10:20:38,2026-05-21,4,羽毛球馆-9号,16:00-17:00,0,1,可预约,￥12.0,多云,19,17,4,0.0,79,32
2026-05-21 10:30:41,2026-05-21,4,羽毛球馆-9号,16:00-17:00,0,1,可预约,￥12.0,多云,19,18,3,0.0,78,31
2026-05-21 11:00:44,2026-05-21,4,羽毛球馆-9号,16:00-17:00,1,1,已售/已满,已售,多云,21,17,5,0.0,74,31
2026-05-21 11:30:38,2026-05-21,4,羽毛球馆-9号,16:00-17:00,1,1,已售/已满,已售,多云,21,19,3,0.0,72,33
2026-05-21 12:00:46,2026-05-21,4,羽毛球馆-9号,16:00-17:00,1,1,已售/已满,已售,多云,22,19,4,0.0,70,33
2026-05-21 12:30:42,2026-05-21,4,羽毛球馆-9号,16:00-17:00,1,1,已售/已满,已售,多云,22,21,3,0.0,68,35
2026-05-21 13:00:43,2026-05-21,4,羽毛球馆-9号,16:00-17:00,1,1,已售/已满,已售,多云,24,22,4,0.0,66,35
2026-05-21 13:30:43,2026-05-21,4,羽毛球馆-9号,16:00-17:00,1,1,已售/已满,已售,多云,24,22,4,0.0,66,36
2026-05-21 14:00:48,2026-05-21,4,羽毛球馆-9号,16:00-17:00,1,1,已售/已满,已售,多云,25,23,4,0.0,66,36
2026-05-21 14:30:45,2026-05-21,4,羽毛球馆-9号,16:00-17:00,1,1,已售/已满,已售,晴,25,25,3,0.0,65,39
2026-05-21 15:00:45,2026-05-21,4,羽毛球馆-9号,16:00-17:00,1,1,已售/已满,已售,晴,25,22,4,0.0,56,39
2026-05-21 15:30:43,2026-05-21,4,羽毛球馆-9号,16:00-17:00,1,1,已售/已满,已售,晴,25,23,4,0.0,57,40
2026-05-21 16:00:51,2026-05-21,4,羽毛球馆-9号,16:00-17:00,1,1,已售/已满,已售,晴,25,23,4,0.0,57,40
2026-05-21 16:30:48,2026-05-21,4,羽毛球馆-9号,16:00-17:00,1,1,已售/已满,已售,晴,25,24,3,0.0,60,39
2026-05-21 17:00:49,2026-05-21,4,羽毛球馆-9号,16:00-17:00,1,1,已售/已满,已售,晴,25,24,4,0.0,61,39
2026-05-21 17:30:47,2026-05-21,4,羽毛球馆-9号,16:00-17:00,1,1,已售/已满,已售,多云,24,23,3,0.0,64,39
2026-05-21 18:00:50,2026-05-21,4,羽毛球馆-9号,16:00-17:00,1,1,已售/已满,已售,多云,24,23,3,0.0,68,39
2026-05-21 18:30:50,2026-05-21,4,羽毛球馆-9号,16:00-17:00,1,1,已售/已满,已售,阴,24,25,2,0.0,68,40
2026-05-21 19:00:50,2026-05-21,4,羽毛球馆-9号,16:00-17:00,1,1,已售/已满,已售,阴,23,23,3,0.0,76,40
2026-05-21 19:30:46,2026-05-21,4,羽毛球馆-9号,16:00-17:00,1,1,已售/已满,已售,阴,23,24,2,0.0,77,39
2026-05-21 20:00:49,2026-05-21,4,羽毛球馆-9号,16:00-17:00,1,1,已售/已满,已售,雾,22,23,2,0.0,89,39
2026-05-21 20:30:44,2026-05-21,4,羽毛球馆-9号,16:00-17:00,1,1,已售/已满,已售,雾,22,24,2,0.0,93,43
2026-05-21 21:00:56,2026-05-21,4,羽毛球馆-9号,16:00-17:00,1,1,已售/已满,已售,雾,20,21,2,0.0,98,43
2026-05-21 21:30:46,2026-05-21,4,羽毛球馆-9号,16:00-17:00,1,1,已售/已满,已售,雾,20,22,1,0.0,99,41
2026-05-21 22:01:02,2026-05-21,4,羽毛球馆-9号,16:00-17:00,1,1,已售/已满,已售,雾,19,20,2,0.0,93,41
2026-05-21 22:30:47,2026-05-21,4,羽毛球馆-9号,16:00-17:00,1,1,已售/已满,已售,雾,19,19,3,0.0,88,46
2026-05-21 23:00:56,2026-05-21,4,羽毛球馆-9号,16:00-17:00,1,1,已售/已满,已售,多云,18,17,3,0.0,85,46
2026-05-21 23:30:55,2026-05-21,4,羽毛球馆-9号,16:00-17:00,1,1,已售/已满,已售,多云,18,17,3,0.0,85,48
2026-05-21 00:30:49,2026-05-21,4,羽毛球馆-9号,17:00-18:00,1,1,已售/已满,已售,多云,15,13,3,0.0,100,26
2026-05-21 01:00:55,2026-05-21,4,羽毛球馆-9号,17:00-18:00,1,1,已售/已满,已售,多云,15,12,4,0.0,100,26
2026-05-21 01:30:47,2026-05-21,4,羽毛球馆-9号,17:00-18:00,1,1,已售/已满,已售,多云,15,13,4,0.0,100,28
2026-05-21 02:00:53,2026-05-21,4,羽毛球馆-9号,17:00-18:00,1,1,已售/已满,已售,多云,15,12,4,0.0,100,28
2026-05-21 02:30:49,2026-05-21,4,羽毛球馆-9号,17:00-18:00,1,1,已售/已满,已售,多云,15,14,3,0.0,100,29
2026-05-21 03:00:55,2026-05-21,4,羽毛球馆-9号,17:00-18:00,1,1,已售/已满,已售,多云,15,12,4,0.0,100,29
2026-05-21 03:30:49,2026-05-21,4,羽毛球馆-9号,17:00-18:00,1,1,已售/已满,已售,多云,15,14,3,0.0,100,30
2026-05-21 04:30:45,2026-05-21,4,羽毛球馆-9号,17:00-18:00,1,1,已售/已满,已售,多云,15,12,4,0.0,100,29
2026-05-21 05:00:52,2026-05-21,4,羽毛球馆-9号,17:00-18:00,1,1,已售/已满,已售,多云,15,12,4,0.0,100,29
2026-05-21 05:30:49,2026-05-21,4,羽毛球馆-9号,17:00-18:00,1,1,已售/已满,已售,多云,15,13,3,0.0,100,28
2026-05-21 06:00:50,2026-05-21,4,羽毛球馆-9号,17:00-18:00,1,1,已售/已满,已售,多云,15,13,4,0.0,99,28
2026-05-21 06:30:38,2026-05-21,4,羽毛球馆-9号,17:00-18:00,1,1,已售/已满,已售,多云,15,13,3,0.0,97,28
2026-05-21 07:00:43,2026-05-21,4,羽毛球馆-9号,17:00-18:00,1,1,已售/已满,已售,晴,15,11,5,0.0,93,28
2026-05-21 07:30:39,2026-05-21,4,羽毛球馆-9号,17:00-18:00,1,1,已售/已满,已售,晴,17,13,4,0.0,89,29
2026-05-21 07:50:40,2026-05-21,4,羽毛球馆-9号,17:00-18:00,1,1,已售/已满,已售,晴,17,13,4,0.0,88,29
2026-05-21 07:53:31,2026-05-21,4,羽毛球馆-9号,17:00-18:00,1,1,已售/已满,已售,晴,17,12,5,0.0,86,29
2026-05-21 07:56:31,2026-05-21,4,羽毛球馆-9号,17:00-18:00,1,1,已售/已满,已售,晴,17,12,5,0.0,86,29
2026-05-21 07:59:26,2026-05-21,4,羽毛球馆-9号,17:00-18:00,1,1,已售/已满,已售,晴,17,12,5,0.0,86,29
2026-05-21 08:00:45,2026-05-21,4,羽毛球馆-9号,17:00-18:00,1,1,已售/已满,已售,晴,17,12,5,0.0,86,29
2026-05-21 08:02:30,2026-05-21,4,羽毛球馆-9号,17:00-18:00,1,1,已售/已满,已售,多云,17,12,5,0.0,87,29
2026-05-21 08:05:36,2026-05-21,4,羽毛球馆-9号,17:00-18:00,1,1,已售/已满,已售,多云,17,12,5,0.0,86,29
2026-05-21 08:08:31,2026-05-21,4,羽毛球馆-9号,17:00-18:00,1,1,已售/已满,已售,多云,17,12,5,0.0,86,29
2026-05-21 08:11:30,2026-05-21,4,羽毛球馆-9号,17:00-18:00,1,1,已售/已满,已售,多云,17,12,5,0.0,86,29
2026-05-21 08:14:31,2026-05-21,4,羽毛球馆-9号,17:00-18:00,1,1,已售/已满,已售,多云,17,12,5,0.0,86,29
2026-05-21 08:17:30,2026-05-21,4,羽毛球馆-9号,17:00-18:00,1,1,已售/已满,已售,多云,17,12,5,0.0,86,29
2026-05-21 08:20:35,2026-05-21,4,羽毛球馆-9号,17:00-18:00,1,1,已售/已满,已售,多云,17,14,4,0.0,85,29
2026-05-21 08:25:32,2026-05-21,4,羽毛球馆-9号,17:00-18:00,1,1,已售/已满,已售,多云,17,14,4,0.0,85,28
2026-05-21 08:30:42,2026-05-21,4,羽毛球馆-9号,17:00-18:00,1,1,已售/已满,已售,多云,18,15,4,0.0,84,28
2026-05-21 08:35:31,2026-05-21,4,羽毛球馆-9号,17:00-18:00,1,1,已售/已满,已售,多云,18,15,4,0.0,84,28
2026-05-21 08:40:38,2026-05-21,4,羽毛球馆-9号,17:00-18:00,1,1,已售/已满,已售,多云,18,15,4,0.0,82,28
2026-05-21 08:45:33,2026-05-21,4,羽毛球馆-9号,17:00-18:00,1,1,已售/已满,已售,多云,18,15,4,0.0,82,28
2026-05-21 08:50:36,2026-05-21,4,羽毛球馆-9号,17:00-18:00,1,1,已售/已满,已售,多云,18,15,4,0.0,82,28
2026-05-21 08:55:34,2026-05-21,4,羽毛球馆-9号,17:00-18:00,1,1,已售/已满,已售,多云,18,15,4,0.0,84,28
2026-05-21 09:00:51,2026-05-21,4,羽毛球馆-9号,17:00-18:00,1,1,已售/已满,已售,多云,18,15,4,0.0,84,28
2026-05-21 09:01:59,2026-05-21,4,羽毛球馆-9号,17:00-18:00,1,1,已售/已满,已售,多云,18,15,4,0.0,83,28
2026-05-21 09:05:33,2026-05-21,4,羽毛球馆-9号,17:00-18:00,1,1,已售/已满,已售,多云,18,15,4,0.0,83,28
2026-05-21 09:20:38,2026-05-21,4,羽毛球馆-9号,17:00-18:00,1,1,已售/已满,已售,多云,18,16,3,0.0,81,28
2026-05-21 09:30:46,2026-05-21,4,羽毛球馆-9号,17:00-18:00,0,1,可预约,￥12.0,多云,18,16,3,0.0,81,32
2026-05-21 09:40:36,2026-05-21,4,羽毛球馆-9号,17:00-18:00,1,1,已售/已满,已售,多云,19,17,3,0.0,79,32
2026-05-21 09:50:42,2026-05-21,4,羽毛球馆-9号,17:00-18:00,1,1,已售/已满,已售,多云,19,17,4,0.0,81,32
2026-05-21 10:00:46,2026-05-21,4,羽毛球馆-9号,17:00-18:00,1,1,已售/已满,已售,多云,19,17,4,0.0,79,32
2026-05-21 10:10:40,2026-05-21,4,羽毛球馆-9号,17:00-18:00,1,1,已售/已满,已售,多云,19,17,4,0.0,79,32
2026-05-21 10:20:38,2026-05-21,4,羽毛球馆-9号,17:00-18:00,1,1,已售/已满,已售,多云,19,17,4,0.0,79,32
2026-05-21 10:30:41,2026-05-21,4,羽毛球馆-9号,17:00-18:00,1,1,已售/已满,已售,多云,19,18,3,0.0,78,31
2026-05-21 11:00:44,2026-05-21,4,羽毛球馆-9号,17:00-18:00,1,1,已售/已满,已售,多云,21,17,5,0.0,74,31
2026-05-21 11:30:38,2026-05-21,4,羽毛球馆-9号,17:00-18:00,1,1,已售/已满,已售,多云,21,19,3,0.0,72,33
2026-05-21 12:00:46,2026-05-21,4,羽毛球馆-9号,17:00-18:00,1,1,已售/已满,已售,多云,22,19,4,0.0,70,33
2026-05-21 12:30:42,2026-05-21,4,羽毛球馆-9号,17:00-18:00,1,1,已售/已满,已售,多云,22,21,3,0.0,68,35
2026-05-21 13:00:43,2026-05-21,4,羽毛球馆-9号,17:00-18:00,1,1,已售/已满,已售,多云,24,22,4,0.0,66,35
2026-05-21 13:30:43,2026-05-21,4,羽毛球馆-9号,17:00-18:00,1,1,已售/已满,已售,多云,24,22,4,0.0,66,36
2026-05-21 14:00:48,2026-05-21,4,羽毛球馆-9号,17:00-18:00,1,1,已售/已满,已售,多云,25,23,4,0.0,66,36
2026-05-21 14:30:45,2026-05-21,4,羽毛球馆-9号,17:00-18:00,1,1,已售/已满,已售,晴,25,25,3,0.0,65,39
2026-05-21 15:00:45,2026-05-21,4,羽毛球馆-9号,17:00-18:00,1,1,已售/已满,已售,晴,25,22,4,0.0,56,39
2026-05-21 15:30:43,2026-05-21,4,羽毛球馆-9号,17:00-18:00,1,1,已售/已满,已售,晴,25,23,4,0.0,57,40
2026-05-21 16:00:51,2026-05-21,4,羽毛球馆-9号,17:00-18:00,1,1,已售/已满,已售,晴,25,23,4,0.0,57,40
2026-05-21 16:30:48,2026-05-21,4,羽毛球馆-9号,17:00-18:00,1,1,已售/已满,已售,晴,25,24,3,0.0,60,39
2026-05-21 17:00:49,2026-05-21,4,羽毛球馆-9号,17:00-18:00,1,1,已售/已满,已售,晴,25,24,4,0.0,61,39
2026-05-21 17:30:47,2026-05-21,4,羽毛球馆-9号,17:00-18:00,1,1,已售/已满,已售,多云,24,23,3,0.0,64,39
2026-05-21 18:00:50,2026-05-21,4,羽毛球馆-9号,17:00-18:00,1,1,已售/已满,已售,多云,24,23,3,0.0,68,39
2026-05-21 18:30:50,2026-05-21,4,羽毛球馆-9号,17:00-18:00,1,1,已售/已满,已售,阴,24,25,2,0.0,68,40
2026-05-21 19:00:50,2026-05-21,4,羽毛球馆-9号,17:00-18:00,1,1,已售/已满,已售,阴,23,23,3,0.0,76,40
2026-05-21 19:30:46,2026-05-21,4,羽毛球馆-9号,17:00-18:00,1,1,已售/已满,已售,阴,23,24,2,0.0,77,39
2026-05-21 20:00:49,2026-05-21,4,羽毛球馆-9号,17:00-18:00,1,1,已售/已满,已售,雾,22,23,2,0.0,89,39
2026-05-21 20:30:44,2026-05-21,4,羽毛球馆-9号,17:00-18:00,1,1,已售/已满,已售,雾,22,24,2,0.0,93,43
2026-05-21 21:00:56,2026-05-21,4,羽毛球馆-9号,17:00-18:00,1,1,已售/已满,已售,雾,20,21,2,0.0,98,43
2026-05-21 21:30:46,2026-05-21,4,羽毛球馆-9号,17:00-18:00,1,1,已售/已满,已售,雾,20,22,1,0.0,99,41
2026-05-21 22:01:02,2026-05-21,4,羽毛球馆-9号,17:00-18:00,1,1,已售/已满,已售,雾,19,20,2,0.0,93,41
2026-05-21 22:30:47,2026-05-21,4,羽毛球馆-9号,17:00-18:00,1,1,已售/已满,已售,雾,19,19,3,0.0,88,46
2026-05-21 23:00:56,2026-05-21,4,羽毛球馆-9号,17:00-18:00,1,1,已售/已满,已售,多云,18,17,3,0.0,85,46
2026-05-21 23:30:55,2026-05-21,4,羽毛球馆-9号,17:00-18:00,1,1,已售/已满,已售,多云,18,17,3,0.0,85,48
2026-05-21 00:30:49,2026-05-21,4,羽毛球馆-9号,18:30-19:30,1,1,已售/已满,教工羽毛球赛,多云,15,13,3,0.0,100,26
2026-05-21 01:00:55,2026-05-21,4,羽毛球馆-9号,18:30-19:30,1,1,已售/已满,教工羽毛球赛,多云,15,12,4,0.0,100,26
2026-05-21 01:30:47,2026-05-21,4,羽毛球馆-9号,18:30-19:30,1,1,已售/已满,教工羽毛球赛,多云,15,13,4,0.0,100,28
2026-05-21 02:00:53,2026-05-21,4,羽毛球馆-9号,18:30-19:30,1,1,已售/已满,教工羽毛球赛,多云,15,12,4,0.0,100,28
2026-05-21 02:30:49,2026-05-21,4,羽毛球馆-9号,18:30-19:30,1,1,已售/已满,教工羽毛球赛,多云,15,14,3,0.0,100,29
2026-05-21 03:00:55,2026-05-21,4,羽毛球馆-9号,18:30-19:30,1,1,已售/已满,教工羽毛球赛,多云,15,12,4,0.0,100,29
2026-05-21 03:30:49,2026-05-21,4,羽毛球馆-9号,18:30-19:30,1,1,已售/已满,教工羽毛球赛,多云,15,14,3,0.0,100,30
2026-05-21 04:30:45,2026-05-21,4,羽毛球馆-9号,18:30-19:30,1,1,已售/已满,教工羽毛球赛,多云,15,12,4,0.0,100,29
2026-05-21 05:00:52,2026-05-21,4,羽毛球馆-9号,18:30-19:30,1,1,已售/已满,教工羽毛球赛,多云,15,12,4,0.0,100,29
2026-05-21 05:30:49,2026-05-21,4,羽毛球馆-9号,18:30-19:30,1,1,已售/已满,教工羽毛球赛,多云,15,13,3,0.0,100,28
2026-05-21 06:00:50,2026-05-21,4,羽毛球馆-9号,18:30-19:30,1,1,已售/已满,教工羽毛球赛,多云,15,13,4,0.0,99,28
2026-05-21 06:30:38,2026-05-21,4,羽毛球馆-9号,18:30-19:30,1,1,已售/已满,教工羽毛球赛,多云,15,13,3,0.0,97,28
2026-05-21 07:00:43,2026-05-21,4,羽毛球馆-9号,18:30-19:30,1,1,已售/已满,教工羽毛球赛,晴,15,11,5,0.0,93,28
2026-05-21 07:30:39,2026-05-21,4,羽毛球馆-9号,18:30-19:30,1,1,已售/已满,教工羽毛球赛,晴,17,13,4,0.0,89,29
2026-05-21 07:50:40,2026-05-21,4,羽毛球馆-9号,18:30-19:30,1,1,已售/已满,教工羽毛球赛,晴,17,13,4,0.0,88,29
2026-05-21 07:53:31,2026-05-21,4,羽毛球馆-9号,18:30-19:30,1,1,已售/已满,教工羽毛球赛,晴,17,12,5,0.0,86,29
2026-05-21 07:56:31,2026-05-21,4,羽毛球馆-9号,18:30-19:30,1,1,已售/已满,教工羽毛球赛,晴,17,12,5,0.0,86,29
2026-05-21 07:59:26,2026-05-21,4,羽毛球馆-9号,18:30-19:30,1,1,已售/已满,教工羽毛球赛,晴,17,12,5,0.0,86,29
2026-05-21 08:00:45,2026-05-21,4,羽毛球馆-9号,18:30-19:30,1,1,已售/已满,教工羽毛球赛,晴,17,12,5,0.0,86,29
2026-05-21 08:02:30,2026-05-21,4,羽毛球馆-9号,18:30-19:30,1,1,已售/已满,教工羽毛球赛,多云,17,12,5,0.0,87,29
2026-05-21 08:05:36,2026-05-21,4,羽毛球馆-9号,18:30-19:30,1,1,已售/已满,教工羽毛球赛,多云,17,12,5,0.0,86,29
2026-05-21 08:08:31,2026-05-21,4,羽毛球馆-9号,18:30-19:30,1,1,已售/已满,教工羽毛球赛,多云,17,12,5,0.0,86,29
2026-05-21 08:11:30,2026-05-21,4,羽毛球馆-9号,18:30-19:30,1,1,已售/已满,教工羽毛球赛,多云,17,12,5,0.0,86,29
2026-05-21 08:14:31,2026-05-21,4,羽毛球馆-9号,18:30-19:30,1,1,已售/已满,教工羽毛球赛,多云,17,12,5,0.0,86,29
2026-05-21 08:17:30,2026-05-21,4,羽毛球馆-9号,18:30-19:30,1,1,已售/已满,教工羽毛球赛,多云,17,12,5,0.0,86,29
2026-05-21 08:20:35,2026-05-21,4,羽毛球馆-9号,18:30-19:30,1,1,已售/已满,教工羽毛球赛,多云,17,14,4,0.0,85,29
2026-05-21 08:25:32,2026-05-21,4,羽毛球馆-9号,18:30-19:30,1,1,已售/已满,教工羽毛球赛,多云,17,14,4,0.0,85,28
2026-05-21 08:30:42,2026-05-21,4,羽毛球馆-9号,18:30-19:30,1,1,已售/已满,教工羽毛球赛,多云,18,15,4,0.0,84,28
2026-05-21 08:35:31,2026-05-21,4,羽毛球馆-9号,18:30-19:30,1,1,已售/已满,教工羽毛球赛,多云,18,15,4,0.0,84,28
2026-05-21 08:40:38,2026-05-21,4,羽毛球馆-9号,18:30-19:30,1,1,已售/已满,教工羽毛球赛,多云,18,15,4,0.0,82,28
2026-05-21 08:45:33,2026-05-21,4,羽毛球馆-9号,18:30-19:30,1,1,已售/已满,教工羽毛球赛,多云,18,15,4,0.0,82,28
2026-05-21 08:50:36,2026-05-21,4,羽毛球馆-9号,18:30-19:30,1,1,已售/已满,教工羽毛球赛,多云,18,15,4,0.0,82,28
2026-05-21 08:55:34,2026-05-21,4,羽毛球馆-9号,18:30-19:30,1,1,已售/已满,教工羽毛球赛,多云,18,15,4,0.0,84,28
2026-05-21 09:00:51,2026-05-21,4,羽毛球馆-9号,18:30-19:30,1,1,已售/已满,教工羽毛球赛,多云,18,15,4,0.0,84,28
2026-05-21 09:01:59,2026-05-21,4,羽毛球馆-9号,18:30-19:30,1,1,已售/已满,教工羽毛球赛,多云,18,15,4,0.0,83,28
2026-05-21 09:05:33,2026-05-21,4,羽毛球馆-9号,18:30-19:30,1,1,已售/已满,教工羽毛球赛,多云,18,15,4,0.0,83,28
2026-05-21 09:20:38,2026-05-21,4,羽毛球馆-9号,18:30-19:30,1,1,已售/已满,教工羽毛球赛,多云,18,16,3,0.0,81,28
2026-05-21 09:30:46,2026-05-21,4,羽毛球馆-9号,18:30-19:30,1,1,已售/已满,教工羽毛球赛,多云,18,16,3,0.0,81,32
2026-05-21 09:40:36,2026-05-21,4,羽毛球馆-9号,18:30-19:30,1,1,已售/已满,教工羽毛球赛,多云,19,17,3,0.0,79,32
2026-05-21 09:50:42,2026-05-21,4,羽毛球馆-9号,18:30-19:30,1,1,已售/已满,教工羽毛球赛,多云,19,17,4,0.0,81,32
2026-05-21 10:00:46,2026-05-21,4,羽毛球馆-9号,18:30-19:30,1,1,已售/已满,教工羽毛球赛,多云,19,17,4,0.0,79,32
2026-05-21 10:10:40,2026-05-21,4,羽毛球馆-9号,18:30-19:30,1,1,已售/已满,教工羽毛球赛,多云,19,17,4,0.0,79,32
2026-05-21 10:20:38,2026-05-21,4,羽毛球馆-9号,18:30-19:30,1,1,已售/已满,教工羽毛球赛,多云,19,17,4,0.0,79,32
2026-05-21 10:30:41,2026-05-21,4,羽毛球馆-9号,18:30-19:30,1,1,已售/已满,教工羽毛球赛,多云,19,18,3,0.0,78,31
2026-05-21 11:00:44,2026-05-21,4,羽毛球馆-9号,18:30-19:30,1,1,已售/已满,教工羽毛球赛,多云,21,17,5,0.0,74,31
2026-05-21 11:30:38,2026-05-21,4,羽毛球馆-9号,18:30-19:30,1,1,已售/已满,教工羽毛球赛,多云,21,19,3,0.0,72,33
2026-05-21 12:00:46,2026-05-21,4,羽毛球馆-9号,18:30-19:30,1,1,已售/已满,教工羽毛球赛,多云,22,19,4,0.0,70,33
2026-05-21 12:30:42,2026-05-21,4,羽毛球馆-9号,18:30-19:30,1,1,已售/已满,教工羽毛球赛,多云,22,21,3,0.0,68,35
2026-05-21 13:00:43,2026-05-21,4,羽毛球馆-9号,18:30-19:30,1,1,已售/已满,教工羽毛球赛,多云,24,22,4,0.0,66,35
2026-05-21 13:30:43,2026-05-21,4,羽毛球馆-9号,18:30-19:30,1,1,已售/已满,教工羽毛球赛,多云,24,22,4,0.0,66,36
2026-05-21 14:00:48,2026-05-21,4,羽毛球馆-9号,18:30-19:30,1,1,已售/已满,教工羽毛球赛,多云,25,23,4,0.0,66,36
2026-05-21 14:30:45,2026-05-21,4,羽毛球馆-9号,18:30-19:30,1,1,已售/已满,教工羽毛球赛,晴,25,25,3,0.0,65,39
2026-05-21 15:00:45,2026-05-21,4,羽毛球馆-9号,18:30-19:30,1,1,已售/已满,教工羽毛球赛,晴,25,22,4,0.0,56,39
2026-05-21 15:30:43,2026-05-21,4,羽毛球馆-9号,18:30-19:30,1,1,已售/已满,教工羽毛球赛,晴,25,23,4,0.0,57,40
2026-05-21 16:00:51,2026-05-21,4,羽毛球馆-9号,18:30-19:30,1,1,已售/已满,教工羽毛球赛,晴,25,23,4,0.0,57,40
2026-05-21 16:30:48,2026-05-21,4,羽毛球馆-9号,18:30-19:30,1,1,已售/已满,教工羽毛球赛,晴,25,24,3,0.0,60,39
2026-05-21 17:00:49,2026-05-21,4,羽毛球馆-9号,18:30-19:30,1,1,已售/已满,教工羽毛球赛,晴,25,24,4,0.0,61,39
2026-05-21 17:30:47,2026-05-21,4,羽毛球馆-9号,18:30-19:30,1,1,已售/已满,教工羽毛球赛,多云,24,23,3,0.0,64,39
2026-05-21 18:00:50,2026-05-21,4,羽毛球馆-9号,18:30-19:30,1,1,已售/已满,教工羽毛球赛,多云,24,23,3,0.0,68,39
2026-05-21 18:30:50,2026-05-21,4,羽毛球馆-9号,18:30-19:30,1,1,已售/已满,教工羽毛球赛,阴,24,25,2,0.0,68,40
2026-05-21 19:00:50,2026-05-21,4,羽毛球馆-9号,18:30-19:30,1,1,已售/已满,教工羽毛球赛,阴,23,23,3,0.0,76,40
2026-05-21 19:30:46,2026-05-21,4,羽毛球馆-9号,18:30-19:30,1,1,已售/已满,教工羽毛球赛,阴,23,24,2,0.0,77,39
2026-05-21 20:00:49,2026-05-21,4,羽毛球馆-9号,18:30-19:30,1,1,已售/已满,教工羽毛球赛,雾,22,23,2,0.0,89,39
2026-05-21 20:30:44,2026-05-21,4,羽毛球馆-9号,18:30-19:30,1,1,已售/已满,教工羽毛球赛,雾,22,24,2,0.0,93,43
2026-05-21 21:00:56,2026-05-21,4,羽毛球馆-9号,18:30-19:30,1,1,已售/已满,教工羽毛球赛,雾,20,21,2,0.0,98,43
2026-05-21 21:30:46,2026-05-21,4,羽毛球馆-9号,18:30-19:30,1,1,已售/已满,教工羽毛球赛,雾,20,22,1,0.0,99,41
2026-05-21 22:01:02,2026-05-21,4,羽毛球馆-9号,18:30-19:30,1,1,已售/已满,教工羽毛球赛,雾,19,20,2,0.0,93,41
2026-05-21 22:30:47,2026-05-21,4,羽毛球馆-9号,18:30-19:30,1,1,已售/已满,教工羽毛球赛,雾,19,19,3,0.0,88,46
2026-05-21 23:00:56,2026-05-21,4,羽毛球馆-9号,18:30-19:30,1,1,已售/已满,教工羽毛球赛,多云,18,17,3,0.0,85,46
2026-05-21 23:30:55,2026-05-21,4,羽毛球馆-9号,18:30-19:30,1,1,已售/已满,教工羽毛球赛,多云,18,17,3,0.0,85,48
2026-05-21 00:30:49,2026-05-21,4,羽毛球馆-9号,19:30-20:30,1,1,已售/已满,教工羽毛球赛,多云,15,13,3,0.0,100,26
2026-05-21 01:00:55,2026-05-21,4,羽毛球馆-9号,19:30-20:30,1,1,已售/已满,教工羽毛球赛,多云,15,12,4,0.0,100,26
2026-05-21 01:30:47,2026-05-21,4,羽毛球馆-9号,19:30-20:30,1,1,已售/已满,教工羽毛球赛,多云,15,13,4,0.0,100,28
2026-05-21 02:00:53,2026-05-21,4,羽毛球馆-9号,19:30-20:30,1,1,已售/已满,教工羽毛球赛,多云,15,12,4,0.0,100,28
2026-05-21 02:30:49,2026-05-21,4,羽毛球馆-9号,19:30-20:30,1,1,已售/已满,教工羽毛球赛,多云,15,14,3,0.0,100,29
2026-05-21 03:00:55,2026-05-21,4,羽毛球馆-9号,19:30-20:30,1,1,已售/已满,教工羽毛球赛,多云,15,12,4,0.0,100,29
2026-05-21 03:30:49,2026-05-21,4,羽毛球馆-9号,19:30-20:30,1,1,已售/已满,教工羽毛球赛,多云,15,14,3,0.0,100,30
2026-05-21 04:30:45,2026-05-21,4,羽毛球馆-9号,19:30-20:30,1,1,已售/已满,教工羽毛球赛,多云,15,12,4,0.0,100,29
2026-05-21 05:00:52,2026-05-21,4,羽毛球馆-9号,19:30-20:30,1,1,已售/已满,教工羽毛球赛,多云,15,12,4,0.0,100,29
2026-05-21 05:30:49,2026-05-21,4,羽毛球馆-9号,19:30-20:30,1,1,已售/已满,教工羽毛球赛,多云,15,13,3,0.0,100,28
2026-05-21 06:00:50,2026-05-21,4,羽毛球馆-9号,19:30-20:30,1,1,已售/已满,教工羽毛球赛,多云,15,13,4,0.0,99,28
2026-05-21 06:30:38,2026-05-21,4,羽毛球馆-9号,19:30-20:30,1,1,已售/已满,教工羽毛球赛,多云,15,13,3,0.0,97,28
2026-05-21 07:00:43,2026-05-21,4,羽毛球馆-9号,19:30-20:30,1,1,已售/已满,教工羽毛球赛,晴,15,11,5,0.0,93,28
2026-05-21 07:30:39,2026-05-21,4,羽毛球馆-9号,19:30-20:30,1,1,已售/已满,教工羽毛球赛,晴,17,13,4,0.0,89,29
2026-05-21 07:50:40,2026-05-21,4,羽毛球馆-9号,19:30-20:30,1,1,已售/已满,教工羽毛球赛,晴,17,13,4,0.0,88,29
2026-05-21 07:53:31,2026-05-21,4,羽毛球馆-9号,19:30-20:30,1,1,已售/已满,教工羽毛球赛,晴,17,12,5,0.0,86,29
2026-05-21 07:56:31,2026-05-21,4,羽毛球馆-9号,19:30-20:30,1,1,已售/已满,教工羽毛球赛,晴,17,12,5,0.0,86,29
2026-05-21 07:59:26,2026-05-21,4,羽毛球馆-9号,19:30-20:30,1,1,已售/已满,教工羽毛球赛,晴,17,12,5,0.0,86,29
2026-05-21 08:00:45,2026-05-21,4,羽毛球馆-9号,19:30-20:30,1,1,已售/已满,教工羽毛球赛,晴,17,12,5,0.0,86,29
2026-05-21 08:02:30,2026-05-21,4,羽毛球馆-9号,19:30-20:30,1,1,已售/已满,教工羽毛球赛,多云,17,12,5,0.0,87,29
2026-05-21 08:05:36,2026-05-21,4,羽毛球馆-9号,19:30-20:30,1,1,已售/已满,教工羽毛球赛,多云,17,12,5,0.0,86,29
2026-05-21 08:08:31,2026-05-21,4,羽毛球馆-9号,19:30-20:30,1,1,已售/已满,教工羽毛球赛,多云,17,12,5,0.0,86,29
2026-05-21 08:11:30,2026-05-21,4,羽毛球馆-9号,19:30-20:30,1,1,已售/已满,教工羽毛球赛,多云,17,12,5,0.0,86,29
2026-05-21 08:14:31,2026-05-21,4,羽毛球馆-9号,19:30-20:30,1,1,已售/已满,教工羽毛球赛,多云,17,12,5,0.0,86,29
2026-05-21 08:17:30,2026-05-21,4,羽毛球馆-9号,19:30-20:30,1,1,已售/已满,教工羽毛球赛,多云,17,12,5,0.0,86,29
2026-05-21 08:20:35,2026-05-21,4,羽毛球馆-9号,19:30-20:30,1,1,已售/已满,教工羽毛球赛,多云,17,14,4,0.0,85,29
2026-05-21 08:25:32,2026-05-21,4,羽毛球馆-9号,19:30-20:30,1,1,已售/已满,教工羽毛球赛,多云,17,14,4,0.0,85,28
2026-05-21 08:30:42,2026-05-21,4,羽毛球馆-9号,19:30-20:30,1,1,已售/已满,教工羽毛球赛,多云,18,15,4,0.0,84,28
2026-05-21 08:35:31,2026-05-21,4,羽毛球馆-9号,19:30-20:30,1,1,已售/已满,教工羽毛球赛,多云,18,15,4,0.0,84,28
2026-05-21 08:40:38,2026-05-21,4,羽毛球馆-9号,19:30-20:30,1,1,已售/已满,教工羽毛球赛,多云,18,15,4,0.0,82,28
2026-05-21 08:45:33,2026-05-21,4,羽毛球馆-9号,19:30-20:30,1,1,已售/已满,教工羽毛球赛,多云,18,15,4,0.0,82,28
2026-05-21 08:50:36,2026-05-21,4,羽毛球馆-9号,19:30-20:30,1,1,已售/已满,教工羽毛球赛,多云,18,15,4,0.0,82,28
2026-05-21 08:55:34,2026-05-21,4,羽毛球馆-9号,19:30-20:30,1,1,已售/已满,教工羽毛球赛,多云,18,15,4,0.0,84,28
2026-05-21 09:00:51,2026-05-21,4,羽毛球馆-9号,19:30-20:30,1,1,已售/已满,教工羽毛球赛,多云,18,15,4,0.0,84,28
2026-05-21 09:01:59,2026-05-21,4,羽毛球馆-9号,19:30-20:30,1,1,已售/已满,教工羽毛球赛,多云,18,15,4,0.0,83,28
2026-05-21 09:05:33,2026-05-21,4,羽毛球馆-9号,19:30-20:30,1,1,已售/已满,教工羽毛球赛,多云,18,15,4,0.0,83,28
2026-05-21 09:20:38,2026-05-21,4,羽毛球馆-9号,19:30-20:30,1,1,已售/已满,教工羽毛球赛,多云,18,16,3,0.0,81,28
2026-05-21 09:30:46,2026-05-21,4,羽毛球馆-9号,19:30-20:30,1,1,已售/已满,教工羽毛球赛,多云,18,16,3,0.0,81,32
2026-05-21 09:40:36,2026-05-21,4,羽毛球馆-9号,19:30-20:30,1,1,已售/已满,教工羽毛球赛,多云,19,17,3,0.0,79,32
2026-05-21 09:50:42,2026-05-21,4,羽毛球馆-9号,19:30-20:30,1,1,已售/已满,教工羽毛球赛,多云,19,17,4,0.0,81,32
2026-05-21 10:00:46,2026-05-21,4,羽毛球馆-9号,19:30-20:30,1,1,已售/已满,教工羽毛球赛,多云,19,17,4,0.0,79,32
2026-05-21 10:10:40,2026-05-21,4,羽毛球馆-9号,19:30-20:30,1,1,已售/已满,教工羽毛球赛,多云,19,17,4,0.0,79,32
2026-05-21 10:20:38,2026-05-21,4,羽毛球馆-9号,19:30-20:30,1,1,已售/已满,教工羽毛球赛,多云,19,17,4,0.0,79,32
2026-05-21 10:30:41,2026-05-21,4,羽毛球馆-9号,19:30-20:30,1,1,已售/已满,教工羽毛球赛,多云,19,18,3,0.0,78,31
2026-05-21 11:00:44,2026-05-21,4,羽毛球馆-9号,19:30-20:30,1,1,已售/已满,教工羽毛球赛,多云,21,17,5,0.0,74,31
2026-05-21 11:30:38,2026-05-21,4,羽毛球馆-9号,19:30-20:30,1,1,已售/已满,教工羽毛球赛,多云,21,19,3,0.0,72,33
2026-05-21 12:00:46,2026-05-21,4,羽毛球馆-9号,19:30-20:30,1,1,已售/已满,教工羽毛球赛,多云,22,19,4,0.0,70,33
2026-05-21 12:30:42,2026-05-21,4,羽毛球馆-9号,19:30-20:30,1,1,已售/已满,教工羽毛球赛,多云,22,21,3,0.0,68,35
2026-05-21 13:00:43,2026-05-21,4,羽毛球馆-9号,19:30-20:30,1,1,已售/已满,教工羽毛球赛,多云,24,22,4,0.0,66,35
2026-05-21 13:30:43,2026-05-21,4,羽毛球馆-9号,19:30-20:30,1,1,已售/已满,教工羽毛球赛,多云,24,22,4,0.0,66,36
2026-05-21 14:00:48,2026-05-21,4,羽毛球馆-9号,19:30-20:30,1,1,已售/已满,教工羽毛球赛,多云,25,23,4,0.0,66,36
2026-05-21 14:30:45,2026-05-21,4,羽毛球馆-9号,19:30-20:30,1,1,已售/已满,教工羽毛球赛,晴,25,25,3,0.0,65,39
2026-05-21 15:00:45,2026-05-21,4,羽毛球馆-9号,19:30-20:30,1,1,已售/已满,教工羽毛球赛,晴,25,22,4,0.0,56,39
2026-05-21 15:30:43,2026-05-21,4,羽毛球馆-9号,19:30-20:30,1,1,已售/已满,教工羽毛球赛,晴,25,23,4,0.0,57,40
2026-05-21 16:00:51,2026-05-21,4,羽毛球馆-9号,19:30-20:30,1,1,已售/已满,教工羽毛球赛,晴,25,23,4,0.0,57,40
2026-05-21 16:30:48,2026-05-21,4,羽毛球馆-9号,19:30-20:30,1,1,已售/已满,教工羽毛球赛,晴,25,24,3,0.0,60,39
2026-05-21 17:00:49,2026-05-21,4,羽毛球馆-9号,19:30-20:30,1,1,已售/已满,教工羽毛球赛,晴,25,24,4,0.0,61,39
2026-05-21 17:30:47,2026-05-21,4,羽毛球馆-9号,19:30-20:30,1,1,已售/已满,教工羽毛球赛,多云,24,23,3,0.0,64,39
2026-05-21 18:00:50,2026-05-21,4,羽毛球馆-9号,19:30-20:30,1,1,已售/已满,教工羽毛球赛,多云,24,23,3,0.0,68,39
2026-05-21 18:30:50,2026-05-21,4,羽毛球馆-9号,19:30-20:30,1,1,已售/已满,教工羽毛球赛,阴,24,25,2,0.0,68,40
2026-05-21 19:00:50,2026-05-21,4,羽毛球馆-9号,19:30-20:30,1,1,已售/已满,教工羽毛球赛,阴,23,23,3,0.0,76,40
2026-05-21 19:30:46,2026-05-21,4,羽毛球馆-9号,19:30-20:30,1,1,已售/已满,教工羽毛球赛,阴,23,24,2,0.0,77,39
2026-05-21 20:00:49,2026-05-21,4,羽毛球馆-9号,19:30-20:30,1,1,已售/已满,教工羽毛球赛,雾,22,23,2,0.0,89,39
2026-05-21 20:30:44,2026-05-21,4,羽毛球馆-9号,19:30-20:30,1,1,已售/已满,教工羽毛球赛,雾,22,24,2,0.0,93,43
2026-05-21 21:00:56,2026-05-21,4,羽毛球馆-9号,19:30-20:30,1,1,已售/已满,教工羽毛球赛,雾,20,21,2,0.0,98,43
2026-05-21 21:30:46,2026-05-21,4,羽毛球馆-9号,19:30-20:30,1,1,已售/已满,教工羽毛球赛,雾,20,22,1,0.0,99,41
2026-05-21 22:01:02,2026-05-21,4,羽毛球馆-9号,19:30-20:30,1,1,已售/已满,教工羽毛球赛,雾,19,20,2,0.0,93,41
2026-05-21 22:30:47,2026-05-21,4,羽毛球馆-9号,19:30-20:30,1,1,已售/已满,教工羽毛球赛,雾,19,19,3,0.0,88,46
2026-05-21 23:00:56,2026-05-21,4,羽毛球馆-9号,19:30-20:30,1,1,已售/已满,教工羽毛球赛,多云,18,17,3,0.0,85,46
2026-05-21 23:30:55,2026-05-21,4,羽毛球馆-9号,19:30-20:30,1,1,已售/已满,教工羽毛球赛,多云,18,17,3,0.0,85,48
2026-05-21 00:30:49,2026-05-21,4,羽毛球馆-9号,20:30-21:30,1,1,已售/已满,教工羽毛球赛,多云,15,13,3,0.0,100,26
2026-05-21 01:00:55,2026-05-21,4,羽毛球馆-9号,20:30-21:30,1,1,已售/已满,教工羽毛球赛,多云,15,12,4,0.0,100,26
2026-05-21 01:30:47,2026-05-21,4,羽毛球馆-9号,20:30-21:30,1,1,已售/已满,教工羽毛球赛,多云,15,13,4,0.0,100,28
2026-05-21 02:00:53,2026-05-21,4,羽毛球馆-9号,20:30-21:30,1,1,已售/已满,教工羽毛球赛,多云,15,12,4,0.0,100,28
2026-05-21 02:30:49,2026-05-21,4,羽毛球馆-9号,20:30-21:30,1,1,已售/已满,教工羽毛球赛,多云,15,14,3,0.0,100,29
2026-05-21 03:00:55,2026-05-21,4,羽毛球馆-9号,20:30-21:30,1,1,已售/已满,教工羽毛球赛,多云,15,12,4,0.0,100,29
2026-05-21 03:30:49,2026-05-21,4,羽毛球馆-9号,20:30-21:30,1,1,已售/已满,教工羽毛球赛,多云,15,14,3,0.0,100,30
2026-05-21 04:30:45,2026-05-21,4,羽毛球馆-9号,20:30-21:30,1,1,已售/已满,教工羽毛球赛,多云,15,12,4,0.0,100,29
2026-05-21 05:00:52,2026-05-21,4,羽毛球馆-9号,20:30-21:30,1,1,已售/已满,教工羽毛球赛,多云,15,12,4,0.0,100,29
2026-05-21 05:30:49,2026-05-21,4,羽毛球馆-9号,20:30-21:30,1,1,已售/已满,教工羽毛球赛,多云,15,13,3,0.0,100,28
2026-05-21 06:00:50,2026-05-21,4,羽毛球馆-9号,20:30-21:30,1,1,已售/已满,教工羽毛球赛,多云,15,13,4,0.0,99,28
2026-05-21 06:30:38,2026-05-21,4,羽毛球馆-9号,20:30-21:30,1,1,已售/已满,教工羽毛球赛,多云,15,13,3,0.0,97,28
2026-05-21 07:00:43,2026-05-21,4,羽毛球馆-9号,20:30-21:30,1,1,已售/已满,教工羽毛球赛,晴,15,11,5,0.0,93,28
2026-05-21 07:30:39,2026-05-21,4,羽毛球馆-9号,20:30-21:30,1,1,已售/已满,教工羽毛球赛,晴,17,13,4,0.0,89,29
2026-05-21 07:50:40,2026-05-21,4,羽毛球馆-9号,20:30-21:30,1,1,已售/已满,教工羽毛球赛,晴,17,13,4,0.0,88,29
2026-05-21 07:53:31,2026-05-21,4,羽毛球馆-9号,20:30-21:30,1,1,已售/已满,教工羽毛球赛,晴,17,12,5,0.0,86,29
2026-05-21 07:56:31,2026-05-21,4,羽毛球馆-9号,20:30-21:30,1,1,已售/已满,教工羽毛球赛,晴,17,12,5,0.0,86,29
2026-05-21 07:59:26,2026-05-21,4,羽毛球馆-9号,20:30-21:30,1,1,已售/已满,教工羽毛球赛,晴,17,12,5,0.0,86,29
2026-05-21 08:00:45,2026-05-21,4,羽毛球馆-9号,20:30-21:30,1,1,已售/已满,教工羽毛球赛,晴,17,12,5,0.0,86,29
2026-05-21 08:02:30,2026-05-21,4,羽毛球馆-9号,20:30-21:30,1,1,已售/已满,教工羽毛球赛,多云,17,12,5,0.0,87,29
2026-05-21 08:05:36,2026-05-21,4,羽毛球馆-9号,20:30-21:30,1,1,已售/已满,教工羽毛球赛,多云,17,12,5,0.0,86,29
2026-05-21 08:08:31,2026-05-21,4,羽毛球馆-9号,20:30-21:30,1,1,已售/已满,教工羽毛球赛,多云,17,12,5,0.0,86,29
2026-05-21 08:11:30,2026-05-21,4,羽毛球馆-9号,20:30-21:30,1,1,已售/已满,教工羽毛球赛,多云,17,12,5,0.0,86,29
2026-05-21 08:14:31,2026-05-21,4,羽毛球馆-9号,20:30-21:30,1,1,已售/已满,教工羽毛球赛,多云,17,12,5,0.0,86,29
2026-05-21 08:17:30,2026-05-21,4,羽毛球馆-9号,20:30-21:30,1,1,已售/已满,教工羽毛球赛,多云,17,12,5,0.0,86,29
2026-05-21 08:20:35,2026-05-21,4,羽毛球馆-9号,20:30-21:30,1,1,已售/已满,教工羽毛球赛,多云,17,14,4,0.0,85,29
2026-05-21 08:25:32,2026-05-21,4,羽毛球馆-9号,20:30-21:30,1,1,已售/已满,教工羽毛球赛,多云,17,14,4,0.0,85,28
2026-05-21 08:30:42,2026-05-21,4,羽毛球馆-9号,20:30-21:30,1,1,已售/已满,教工羽毛球赛,多云,18,15,4,0.0,84,28
2026-05-21 08:35:31,2026-05-21,4,羽毛球馆-9号,20:30-21:30,1,1,已售/已满,教工羽毛球赛,多云,18,15,4,0.0,84,28
2026-05-21 08:40:38,2026-05-21,4,羽毛球馆-9号,20:30-21:30,1,1,已售/已满,教工羽毛球赛,多云,18,15,4,0.0,82,28
2026-05-21 08:45:33,2026-05-21,4,羽毛球馆-9号,20:30-21:30,1,1,已售/已满,教工羽毛球赛,多云,18,15,4,0.0,82,28
2026-05-21 08:50:36,2026-05-21,4,羽毛球馆-9号,20:30-21:30,1,1,已售/已满,教工羽毛球赛,多云,18,15,4,0.0,82,28
2026-05-21 08:55:34,2026-05-21,4,羽毛球馆-9号,20:30-21:30,1,1,已售/已满,教工羽毛球赛,多云,18,15,4,0.0,84,28
2026-05-21 09:00:51,2026-05-21,4,羽毛球馆-9号,20:30-21:30,1,1,已售/已满,教工羽毛球赛,多云,18,15,4,0.0,84,28
2026-05-21 09:01:59,2026-05-21,4,羽毛球馆-9号,20:30-21:30,1,1,已售/已满,教工羽毛球赛,多云,18,15,4,0.0,83,28
2026-05-21 09:05:33,2026-05-21,4,羽毛球馆-9号,20:30-21:30,1,1,已售/已满,教工羽毛球赛,多云,18,15,4,0.0,83,28
2026-05-21 09:20:38,2026-05-21,4,羽毛球馆-9号,20:30-21:30,1,1,已售/已满,教工羽毛球赛,多云,18,16,3,0.0,81,28
2026-05-21 09:30:46,2026-05-21,4,羽毛球馆-9号,20:30-21:30,1,1,已售/已满,教工羽毛球赛,多云,18,16,3,0.0,81,32
2026-05-21 09:40:36,2026-05-21,4,羽毛球馆-9号,20:30-21:30,1,1,已售/已满,教工羽毛球赛,多云,19,17,3,0.0,79,32
2026-05-21 09:50:42,2026-05-21,4,羽毛球馆-9号,20:30-21:30,1,1,已售/已满,教工羽毛球赛,多云,19,17,4,0.0,81,32
2026-05-21 10:00:46,2026-05-21,4,羽毛球馆-9号,20:30-21:30,1,1,已售/已满,教工羽毛球赛,多云,19,17,4,0.0,79,32
2026-05-21 10:10:40,2026-05-21,4,羽毛球馆-9号,20:30-21:30,1,1,已售/已满,教工羽毛球赛,多云,19,17,4,0.0,79,32
2026-05-21 10:20:38,2026-05-21,4,羽毛球馆-9号,20:30-21:30,1,1,已售/已满,教工羽毛球赛,多云,19,17,4,0.0,79,32
2026-05-21 10:30:41,2026-05-21,4,羽毛球馆-9号,20:30-21:30,1,1,已售/已满,教工羽毛球赛,多云,19,18,3,0.0,78,31
2026-05-21 11:00:44,2026-05-21,4,羽毛球馆-9号,20:30-21:30,1,1,已售/已满,教工羽毛球赛,多云,21,17,5,0.0,74,31
2026-05-21 11:30:38,2026-05-21,4,羽毛球馆-9号,20:30-21:30,1,1,已售/已满,教工羽毛球赛,多云,21,19,3,0.0,72,33
2026-05-21 12:00:46,2026-05-21,4,羽毛球馆-9号,20:30-21:30,1,1,已售/已满,教工羽毛球赛,多云,22,19,4,0.0,70,33
2026-05-21 12:30:42,2026-05-21,4,羽毛球馆-9号,20:30-21:30,1,1,已售/已满,教工羽毛球赛,多云,22,21,3,0.0,68,35
2026-05-21 13:00:43,2026-05-21,4,羽毛球馆-9号,20:30-21:30,1,1,已售/已满,教工羽毛球赛,多云,24,22,4,0.0,66,35
2026-05-21 13:30:43,2026-05-21,4,羽毛球馆-9号,20:30-21:30,1,1,已售/已满,教工羽毛球赛,多云,24,22,4,0.0,66,36
2026-05-21 14:00:48,2026-05-21,4,羽毛球馆-9号,20:30-21:30,1,1,已售/已满,教工羽毛球赛,多云,25,23,4,0.0,66,36
2026-05-21 14:30:45,2026-05-21,4,羽毛球馆-9号,20:30-21:30,1,1,已售/已满,教工羽毛球赛,晴,25,25,3,0.0,65,39
2026-05-21 15:00:45,2026-05-21,4,羽毛球馆-9号,20:30-21:30,1,1,已售/已满,教工羽毛球赛,晴,25,22,4,0.0,56,39
2026-05-21 15:30:43,2026-05-21,4,羽毛球馆-9号,20:30-21:30,1,1,已售/已满,教工羽毛球赛,晴,25,23,4,0.0,57,40
2026-05-21 16:00:51,2026-05-21,4,羽毛球馆-9号,20:30-21:30,1,1,已售/已满,教工羽毛球赛,晴,25,23,4,0.0,57,40
2026-05-21 16:30:48,2026-05-21,4,羽毛球馆-9号,20:30-21:30,1,1,已售/已满,教工羽毛球赛,晴,25,24,3,0.0,60,39
2026-05-21 17:00:49,2026-05-21,4,羽毛球馆-9号,20:30-21:30,1,1,已售/已满,教工羽毛球赛,晴,25,24,4,0.0,61,39
2026-05-21 17:30:47,2026-05-21,4,羽毛球馆-9号,20:30-21:30,1,1,已售/已满,教工羽毛球赛,多云,24,23,3,0.0,64,39
2026-05-21 18:00:50,2026-05-21,4,羽毛球馆-9号,20:30-21:30,1,1,已售/已满,教工羽毛球赛,多云,24,23,3,0.0,68,39
2026-05-21 18:30:50,2026-05-21,4,羽毛球馆-9号,20:30-21:30,1,1,已售/已满,教工羽毛球赛,阴,24,25,2,0.0,68,40
2026-05-21 19:00:50,2026-05-21,4,羽毛球馆-9号,20:30-21:30,1,1,已售/已满,教工羽毛球赛,阴,23,23,3,0.0,76,40
2026-05-21 19:30:46,2026-05-21,4,羽毛球馆-9号,20:30-21:30,1,1,已售/已满,教工羽毛球赛,阴,23,24,2,0.0,77,39
2026-05-21 20:00:49,2026-05-21,4,羽毛球馆-9号,20:30-21:30,1,1,已售/已满,教工羽毛球赛,雾,22,23,2,0.0,89,39
2026-05-21 20:30:44,2026-05-21,4,羽毛球馆-9号,20:30-21:30,1,1,已售/已满,教工羽毛球赛,雾,22,24,2,0.0,93,43
2026-05-21 21:00:56,2026-05-21,4,羽毛球馆-9号,20:30-21:30,1,1,已售/已满,教工羽毛球赛,雾,20,21,2,0.0,98,43
2026-05-21 21:30:46,2026-05-21,4,羽毛球馆-9号,20:30-21:30,1,1,已售/已满,教工羽毛球赛,雾,20,22,1,0.0,99,41
2026-05-21 22:01:02,2026-05-21,4,羽毛球馆-9号,20:30-21:30,1,1,已售/已满,教工羽毛球赛,雾,19,20,2,0.0,93,41
2026-05-21 22:30:47,2026-05-21,4,羽毛球馆-9号,20:30-21:30,1,1,已售/已满,教工羽毛球赛,雾,19,19,3,0.0,88,46
2026-05-21 23:00:56,2026-05-21,4,羽毛球馆-9号,20:30-21:30,1,1,已售/已满,教工羽毛球赛,多云,18,17,3,0.0,85,46
2026-05-21 23:30:55,2026-05-21,4,羽毛球馆-9号,20:30-21:30,1,1,已售/已满,教工羽毛球赛,多云,18,17,3,0.0,85,48
2026-05-21 00:30:49,2026-05-21,5,健身中心,06:30-08:00,39,110,可预约,￥0.0,多云,15,13,3,0.0,100,26
2026-05-21 01:00:55,2026-05-21,5,健身中心,06:30-08:00,37,110,可预约,￥0.0,多云,15,12,4,0.0,100,26
2026-05-21 01:30:47,2026-05-21,5,健身中心,06:30-08:00,37,110,可预约,￥0.0,多云,15,13,4,0.0,100,28
2026-05-21 02:00:53,2026-05-21,5,健身中心,06:30-08:00,37,110,可预约,￥0.0,多云,15,12,4,0.0,100,28
2026-05-21 02:30:49,2026-05-21,5,健身中心,06:30-08:00,37,110,可预约,￥0.0,多云,15,14,3,0.0,100,29
2026-05-21 03:00:55,2026-05-21,5,健身中心,06:30-08:00,37,110,可预约,￥0.0,多云,15,12,4,0.0,100,29
2026-05-21 03:30:49,2026-05-21,5,健身中心,06:30-08:00,37,110,可预约,￥0.0,多云,15,14,3,0.0,100,30
2026-05-21 04:30:45,2026-05-21,5,健身中心,06:30-08:00,37,110,可预约,￥0.0,多云,15,12,4,0.0,100,29
2026-05-21 05:00:52,2026-05-21,5,健身中心,06:30-08:00,36,110,可预约,￥0.0,多云,15,12,4,0.0,100,29
2026-05-21 05:30:49,2026-05-21,5,健身中心,06:30-08:00,36,110,可预约,￥0.0,多云,15,13,3,0.0,100,28
2026-05-21 06:00:50,2026-05-21,5,健身中心,06:30-08:00,38,110,可预约,￥0.0,多云,15,13,4,0.0,99,28
2026-05-21 06:30:38,2026-05-21,5,健身中心,06:30-08:00,39,110,可预约,￥0.0,多云,15,13,3,0.0,97,28
2026-05-21 07:00:43,2026-05-21,5,健身中心,06:30-08:00,44,110,可预约,￥0.0,晴,15,11,5,0.0,93,28
2026-05-21 07:30:39,2026-05-21,5,健身中心,06:30-08:00,46,110,可预约,￥0.0,晴,17,13,4,0.0,89,29
2026-05-21 07:50:40,2026-05-21,5,健身中心,06:30-08:00,47,110,可预约,￥0.0,晴,17,13,4,0.0,88,29
2026-05-21 07:53:31,2026-05-21,5,健身中心,06:30-08:00,47,110,可预约,￥0.0,晴,17,12,5,0.0,86,29
2026-05-21 07:56:31,2026-05-21,5,健身中心,06:30-08:00,47,110,可预约,￥0.0,晴,17,12,5,0.0,86,29
2026-05-21 07:59:26,2026-05-21,5,健身中心,06:30-08:00,47,110,不开放/已过期,,晴,17,12,5,0.0,86,29
2026-05-21 08:00:45,2026-05-21,5,健身中心,06:30-08:00,47,110,不开放/已过期,,晴,17,12,5,0.0,86,29
2026-05-21 08:02:30,2026-05-21,5,健身中心,06:30-08:00,47,110,不开放/已过期,,多云,17,12,5,0.0,87,29
2026-05-21 08:05:36,2026-05-21,5,健身中心,06:30-08:00,47,110,不开放/已过期,,多云,17,12,5,0.0,86,29
2026-05-21 08:08:31,2026-05-21,5,健身中心,06:30-08:00,47,110,不开放/已过期,,多云,17,12,5,0.0,86,29
2026-05-21 08:11:30,2026-05-21,5,健身中心,06:30-08:00,47,110,不开放/已过期,,多云,17,12,5,0.0,86,29
2026-05-21 08:14:31,2026-05-21,5,健身中心,06:30-08:00,47,110,不开放/已过期,,多云,17,12,5,0.0,86,29
2026-05-21 08:17:30,2026-05-21,5,健身中心,06:30-08:00,47,110,不开放/已过期,,多云,17,12,5,0.0,86,29
2026-05-21 08:20:35,2026-05-21,5,健身中心,06:30-08:00,47,110,不开放/已过期,,多云,17,14,4,0.0,85,29
2026-05-21 08:25:32,2026-05-21,5,健身中心,06:30-08:00,47,110,不开放/已过期,,多云,17,14,4,0.0,85,28
2026-05-21 08:30:42,2026-05-21,5,健身中心,06:30-08:00,47,110,不开放/已过期,,多云,18,15,4,0.0,84,28
2026-05-21 08:35:31,2026-05-21,5,健身中心,06:30-08:00,47,110,不开放/已过期,,多云,18,15,4,0.0,84,28
2026-05-21 08:40:38,2026-05-21,5,健身中心,06:30-08:00,47,110,不开放/已过期,,多云,18,15,4,0.0,82,28
2026-05-21 08:45:33,2026-05-21,5,健身中心,06:30-08:00,47,110,不开放/已过期,,多云,18,15,4,0.0,82,28
2026-05-21 08:50:36,2026-05-21,5,健身中心,06:30-08:00,47,110,不开放/已过期,,多云,18,15,4,0.0,82,28
2026-05-21 08:55:34,2026-05-21,5,健身中心,06:30-08:00,47,110,不开放/已过期,,多云,18,15,4,0.0,84,28
2026-05-21 09:00:51,2026-05-21,5,健身中心,06:30-08:00,47,110,不开放/已过期,,多云,18,15,4,0.0,84,28
2026-05-21 09:01:59,2026-05-21,5,健身中心,06:30-08:00,47,110,不开放/已过期,,多云,18,15,4,0.0,83,28
2026-05-21 09:05:33,2026-05-21,5,健身中心,06:30-08:00,47,110,不开放/已过期,,多云,18,15,4,0.0,83,28
2026-05-21 09:20:38,2026-05-21,5,健身中心,06:30-08:00,47,110,不开放/已过期,,多云,18,16,3,0.0,81,28
2026-05-21 09:30:46,2026-05-21,5,健身中心,06:30-08:00,47,110,不开放/已过期,,多云,18,16,3,0.0,81,32
2026-05-21 09:40:36,2026-05-21,5,健身中心,06:30-08:00,47,110,不开放/已过期,,多云,19,17,3,0.0,79,32
2026-05-21 09:50:42,2026-05-21,5,健身中心,06:30-08:00,47,110,不开放/已过期,,多云,19,17,4,0.0,81,32
2026-05-21 10:00:46,2026-05-21,5,健身中心,06:30-08:00,47,110,不开放/已过期,,多云,19,17,4,0.0,79,32
2026-05-21 10:10:40,2026-05-21,5,健身中心,06:30-08:00,47,110,不开放/已过期,,多云,19,17,4,0.0,79,32
2026-05-21 10:20:38,2026-05-21,5,健身中心,06:30-08:00,47,110,不开放/已过期,,多云,19,17,4,0.0,79,32
2026-05-21 10:30:41,2026-05-21,5,健身中心,06:30-08:00,47,110,不开放/已过期,,多云,19,18,3,0.0,78,31
2026-05-21 11:00:44,2026-05-21,5,健身中心,06:30-08:00,47,110,不开放/已过期,,多云,21,17,5,0.0,74,31
2026-05-21 11:30:38,2026-05-21,5,健身中心,06:30-08:00,47,110,不开放/已过期,,多云,21,19,3,0.0,72,33
2026-05-21 12:00:46,2026-05-21,5,健身中心,06:30-08:00,47,110,不开放/已过期,,多云,22,19,4,0.0,70,33
2026-05-21 12:30:42,2026-05-21,5,健身中心,06:30-08:00,47,110,不开放/已过期,,多云,22,21,3,0.0,68,35
2026-05-21 13:00:43,2026-05-21,5,健身中心,06:30-08:00,47,110,不开放/已过期,,多云,24,22,4,0.0,66,35
2026-05-21 13:30:43,2026-05-21,5,健身中心,06:30-08:00,47,110,不开放/已过期,,多云,24,22,4,0.0,66,36
2026-05-21 14:00:48,2026-05-21,5,健身中心,06:30-08:00,47,110,不开放/已过期,,多云,25,23,4,0.0,66,36
2026-05-21 14:30:45,2026-05-21,5,健身中心,06:30-08:00,47,110,不开放/已过期,,晴,25,25,3,0.0,65,39
2026-05-21 15:00:45,2026-05-21,5,健身中心,06:30-08:00,47,110,不开放/已过期,,晴,25,22,4,0.0,56,39
2026-05-21 15:30:43,2026-05-21,5,健身中心,06:30-08:00,47,110,不开放/已过期,,晴,25,23,4,0.0,57,40
2026-05-21 16:00:51,2026-05-21,5,健身中心,06:30-08:00,47,110,不开放/已过期,,晴,25,23,4,0.0,57,40
2026-05-21 16:30:48,2026-05-21,5,健身中心,06:30-08:00,47,110,不开放/已过期,,晴,25,24,3,0.0,60,39
2026-05-21 17:00:49,2026-05-21,5,健身中心,06:30-08:00,47,110,不开放/已过期,,晴,25,24,4,0.0,61,39
2026-05-21 17:30:47,2026-05-21,5,健身中心,06:30-08:00,47,110,不开放/已过期,,多云,24,23,3,0.0,64,39
2026-05-21 18:00:50,2026-05-21,5,健身中心,06:30-08:00,47,110,不开放/已过期,,多云,24,23,3,0.0,68,39
2026-05-21 18:30:50,2026-05-21,5,健身中心,06:30-08:00,47,110,不开放/已过期,,阴,24,25,2,0.0,68,40
2026-05-21 19:00:50,2026-05-21,5,健身中心,06:30-08:00,47,110,不开放/已过期,,阴,23,23,3,0.0,76,40
2026-05-21 19:30:46,2026-05-21,5,健身中心,06:30-08:00,47,110,不开放/已过期,,阴,23,24,2,0.0,77,39
2026-05-21 20:00:49,2026-05-21,5,健身中心,06:30-08:00,47,110,不开放/已过期,,雾,22,23,2,0.0,89,39
2026-05-21 20:30:44,2026-05-21,5,健身中心,06:30-08:00,47,110,不开放/已过期,,雾,22,24,2,0.0,93,43
2026-05-21 21:00:56,2026-05-21,5,健身中心,06:30-08:00,47,110,不开放/已过期,,雾,20,21,2,0.0,98,43
2026-05-21 21:30:46,2026-05-21,5,健身中心,06:30-08:00,47,110,不开放/已过期,,雾,20,22,1,0.0,99,41
2026-05-21 22:01:02,2026-05-21,5,健身中心,06:30-08:00,47,110,不开放/已过期,,雾,19,20,2,0.0,93,41
2026-05-21 22:30:47,2026-05-21,5,健身中心,06:30-08:00,47,110,不开放/已过期,,雾,19,19,3,0.0,88,46
2026-05-21 23:00:56,2026-05-21,5,健身中心,06:30-08:00,47,110,不开放/已过期,,多云,18,17,3,0.0,85,46
2026-05-21 23:30:55,2026-05-21,5,健身中心,06:30-08:00,47,110,不开放/已过期,,多云,18,17,3,0.0,85,48
2026-05-21 00:30:49,2026-05-21,5,健身中心,08:00-09:30,109,110,可预约,￥0.0,多云,15,13,3,0.0,100,26
2026-05-21 01:00:55,2026-05-21,5,健身中心,08:00-09:30,108,110,可预约,￥0.0,多云,15,12,4,0.0,100,26
2026-05-21 01:30:47,2026-05-21,5,健身中心,08:00-09:30,107,110,可预约,￥0.0,多云,15,13,4,0.0,100,28
2026-05-21 02:00:53,2026-05-21,5,健身中心,08:00-09:30,106,110,可预约,￥0.0,多云,15,12,4,0.0,100,28
2026-05-21 02:30:49,2026-05-21,5,健身中心,08:00-09:30,106,110,可预约,￥0.0,多云,15,14,3,0.0,100,29
2026-05-21 03:00:55,2026-05-21,5,健身中心,08:00-09:30,104,110,可预约,￥0.0,多云,15,12,4,0.0,100,29
2026-05-21 03:30:49,2026-05-21,5,健身中心,08:00-09:30,104,110,可预约,￥0.0,多云,15,14,3,0.0,100,30
2026-05-21 04:30:45,2026-05-21,5,健身中心,08:00-09:30,104,110,可预约,￥0.0,多云,15,12,4,0.0,100,29
2026-05-21 05:00:52,2026-05-21,5,健身中心,08:00-09:30,104,110,可预约,￥0.0,多云,15,12,4,0.0,100,29
2026-05-21 05:30:49,2026-05-21,5,健身中心,08:00-09:30,104,110,可预约,￥0.0,多云,15,13,3,0.0,100,28
2026-05-21 06:00:50,2026-05-21,5,健身中心,08:00-09:30,105,110,可预约,￥0.0,多云,15,13,4,0.0,99,28
2026-05-21 06:30:38,2026-05-21,5,健身中心,08:00-09:30,106,110,可预约,￥0.0,多云,15,13,3,0.0,97,28
2026-05-21 07:00:43,2026-05-21,5,健身中心,08:00-09:30,106,110,可预约,￥0.0,晴,15,11,5,0.0,93,28
2026-05-21 07:30:39,2026-05-21,5,健身中心,08:00-09:30,109,110,可预约,￥0.0,晴,17,13,4,0.0,89,29
2026-05-21 07:50:40,2026-05-21,5,健身中心,08:00-09:30,110,110,已售/已满,,晴,17,13,4,0.0,88,29
2026-05-21 07:53:31,2026-05-21,5,健身中心,08:00-09:30,110,110,已售/已满,,晴,17,12,5,0.0,86,29
2026-05-21 07:56:31,2026-05-21,5,健身中心,08:00-09:30,110,110,已售/已满,,晴,17,12,5,0.0,86,29
2026-05-21 07:59:26,2026-05-21,5,健身中心,08:00-09:30,110,110,已售/已满,,晴,17,12,5,0.0,86,29
2026-05-21 08:00:45,2026-05-21,5,健身中心,08:00-09:30,110,110,已售/已满,,晴,17,12,5,0.0,86,29
2026-05-21 08:02:30,2026-05-21,5,健身中心,08:00-09:30,110,110,已售/已满,,多云,17,12,5,0.0,87,29
2026-05-21 08:05:36,2026-05-21,5,健身中心,08:00-09:30,110,110,已售/已满,,多云,17,12,5,0.0,86,29
2026-05-21 08:08:31,2026-05-21,5,健身中心,08:00-09:30,110,110,已售/已满,,多云,17,12,5,0.0,86,29
2026-05-21 08:11:30,2026-05-21,5,健身中心,08:00-09:30,110,110,已售/已满,,多云,17,12,5,0.0,86,29
2026-05-21 08:14:31,2026-05-21,5,健身中心,08:00-09:30,110,110,已售/已满,,多云,17,12,5,0.0,86,29
2026-05-21 08:17:30,2026-05-21,5,健身中心,08:00-09:30,110,110,已售/已满,,多云,17,12,5,0.0,86,29
2026-05-21 08:20:35,2026-05-21,5,健身中心,08:00-09:30,110,110,已售/已满,,多云,17,14,4,0.0,85,29
2026-05-21 08:25:32,2026-05-21,5,健身中心,08:00-09:30,110,110,已售/已满,,多云,17,14,4,0.0,85,28
2026-05-21 08:30:42,2026-05-21,5,健身中心,08:00-09:30,110,110,已售/已满,,多云,18,15,4,0.0,84,28
2026-05-21 08:35:31,2026-05-21,5,健身中心,08:00-09:30,110,110,已售/已满,,多云,18,15,4,0.0,84,28
2026-05-21 08:40:38,2026-05-21,5,健身中心,08:00-09:30,110,110,已售/已满,,多云,18,15,4,0.0,82,28
2026-05-21 08:45:33,2026-05-21,5,健身中心,08:00-09:30,110,110,已售/已满,,多云,18,15,4,0.0,82,28
2026-05-21 08:50:36,2026-05-21,5,健身中心,08:00-09:30,110,110,已售/已满,,多云,18,15,4,0.0,82,28
2026-05-21 08:55:34,2026-05-21,5,健身中心,08:00-09:30,110,110,已售/已满,,多云,18,15,4,0.0,84,28
2026-05-21 09:00:51,2026-05-21,5,健身中心,08:00-09:30,110,110,已售/已满,,多云,18,15,4,0.0,84,28
2026-05-21 09:01:59,2026-05-21,5,健身中心,08:00-09:30,110,110,已售/已满,,多云,18,15,4,0.0,83,28
2026-05-21 09:05:33,2026-05-21,5,健身中心,08:00-09:30,110,110,已售/已满,,多云,18,15,4,0.0,83,28
2026-05-21 09:20:38,2026-05-21,5,健身中心,08:00-09:30,110,110,已售/已满,,多云,18,16,3,0.0,81,28
2026-05-21 09:30:46,2026-05-21,5,健身中心,08:00-09:30,110,110,已售/已满,,多云,18,16,3,0.0,81,32
2026-05-21 09:40:36,2026-05-21,5,健身中心,08:00-09:30,110,110,已售/已满,,多云,19,17,3,0.0,79,32
2026-05-21 09:50:42,2026-05-21,5,健身中心,08:00-09:30,110,110,已售/已满,,多云,19,17,4,0.0,81,32
2026-05-21 10:00:46,2026-05-21,5,健身中心,08:00-09:30,110,110,已售/已满,,多云,19,17,4,0.0,79,32
2026-05-21 10:10:40,2026-05-21,5,健身中心,08:00-09:30,110,110,已售/已满,,多云,19,17,4,0.0,79,32
2026-05-21 10:20:38,2026-05-21,5,健身中心,08:00-09:30,110,110,已售/已满,,多云,19,17,4,0.0,79,32
2026-05-21 10:30:41,2026-05-21,5,健身中心,08:00-09:30,110,110,已售/已满,,多云,19,18,3,0.0,78,31
2026-05-21 11:00:44,2026-05-21,5,健身中心,08:00-09:30,110,110,已售/已满,,多云,21,17,5,0.0,74,31
2026-05-21 11:30:38,2026-05-21,5,健身中心,08:00-09:30,110,110,已售/已满,,多云,21,19,3,0.0,72,33
2026-05-21 12:00:46,2026-05-21,5,健身中心,08:00-09:30,110,110,已售/已满,,多云,22,19,4,0.0,70,33
2026-05-21 12:30:42,2026-05-21,5,健身中心,08:00-09:30,110,110,已售/已满,,多云,22,21,3,0.0,68,35
2026-05-21 13:00:43,2026-05-21,5,健身中心,08:00-09:30,110,110,已售/已满,,多云,24,22,4,0.0,66,35
2026-05-21 13:30:43,2026-05-21,5,健身中心,08:00-09:30,110,110,已售/已满,,多云,24,22,4,0.0,66,36
2026-05-21 14:00:48,2026-05-21,5,健身中心,08:00-09:30,110,110,已售/已满,,多云,25,23,4,0.0,66,36
2026-05-21 14:30:45,2026-05-21,5,健身中心,08:00-09:30,110,110,已售/已满,,晴,25,25,3,0.0,65,39
2026-05-21 15:00:45,2026-05-21,5,健身中心,08:00-09:30,110,110,已售/已满,,晴,25,22,4,0.0,56,39
2026-05-21 15:30:43,2026-05-21,5,健身中心,08:00-09:30,110,110,已售/已满,,晴,25,23,4,0.0,57,40
2026-05-21 16:00:51,2026-05-21,5,健身中心,08:00-09:30,110,110,已售/已满,,晴,25,23,4,0.0,57,40
2026-05-21 16:30:48,2026-05-21,5,健身中心,08:00-09:30,110,110,已售/已满,,晴,25,24,3,0.0,60,39
2026-05-21 17:00:49,2026-05-21,5,健身中心,08:00-09:30,110,110,已售/已满,,晴,25,24,4,0.0,61,39
2026-05-21 17:30:47,2026-05-21,5,健身中心,08:00-09:30,110,110,已售/已满,,多云,24,23,3,0.0,64,39
2026-05-21 18:00:50,2026-05-21,5,健身中心,08:00-09:30,110,110,已售/已满,,多云,24,23,3,0.0,68,39
2026-05-21 18:30:50,2026-05-21,5,健身中心,08:00-09:30,110,110,已售/已满,,阴,24,25,2,0.0,68,40
2026-05-21 19:00:50,2026-05-21,5,健身中心,08:00-09:30,110,110,已售/已满,,阴,23,23,3,0.0,76,40
2026-05-21 19:30:46,2026-05-21,5,健身中心,08:00-09:30,110,110,已售/已满,,阴,23,24,2,0.0,77,39
2026-05-21 20:00:49,2026-05-21,5,健身中心,08:00-09:30,110,110,已售/已满,,雾,22,23,2,0.0,89,39
2026-05-21 20:30:44,2026-05-21,5,健身中心,08:00-09:30,110,110,已售/已满,,雾,22,24,2,0.0,93,43
2026-05-21 21:00:56,2026-05-21,5,健身中心,08:00-09:30,110,110,已售/已满,,雾,20,21,2,0.0,98,43
2026-05-21 21:30:46,2026-05-21,5,健身中心,08:00-09:30,110,110,已售/已满,,雾,20,22,1,0.0,99,41
2026-05-21 22:01:02,2026-05-21,5,健身中心,08:00-09:30,110,110,已售/已满,,雾,19,20,2,0.0,93,41
2026-05-21 22:30:47,2026-05-21,5,健身中心,08:00-09:30,110,110,已售/已满,,雾,19,19,3,0.0,88,46
2026-05-21 23:00:56,2026-05-21,5,健身中心,08:00-09:30,110,110,已售/已满,,多云,18,17,3,0.0,85,46
2026-05-21 23:30:55,2026-05-21,5,健身中心,08:00-09:30,110,110,已售/已满,,多云,18,17,3,0.0,85,48
2026-05-21 00:30:49,2026-05-21,5,健身中心,10:00-11:30,10,110,可预约,￥5.0,多云,15,13,3,0.0,100,26
2026-05-21 01:00:55,2026-05-21,5,健身中心,10:00-11:30,11,110,可预约,￥5.0,多云,15,12,4,0.0,100,26
2026-05-21 01:30:47,2026-05-21,5,健身中心,10:00-11:30,13,110,可预约,￥5.0,多云,15,13,4,0.0,100,28
2026-05-21 02:00:53,2026-05-21,5,健身中心,10:00-11:30,13,110,可预约,￥5.0,多云,15,12,4,0.0,100,28
2026-05-21 02:30:49,2026-05-21,5,健身中心,10:00-11:30,13,110,可预约,￥5.0,多云,15,14,3,0.0,100,29
2026-05-21 03:00:55,2026-05-21,5,健身中心,10:00-11:30,13,110,可预约,￥5.0,多云,15,12,4,0.0,100,29
2026-05-21 03:30:49,2026-05-21,5,健身中心,10:00-11:30,14,110,可预约,￥5.0,多云,15,14,3,0.0,100,30
2026-05-21 04:30:45,2026-05-21,5,健身中心,10:00-11:30,14,110,可预约,￥5.0,多云,15,12,4,0.0,100,29
2026-05-21 05:00:52,2026-05-21,5,健身中心,10:00-11:30,14,110,可预约,￥5.0,多云,15,12,4,0.0,100,29
2026-05-21 05:30:49,2026-05-21,5,健身中心,10:00-11:30,14,110,可预约,￥5.0,多云,15,13,3,0.0,100,28
2026-05-21 06:00:50,2026-05-21,5,健身中心,10:00-11:30,14,110,可预约,￥5.0,多云,15,13,4,0.0,99,28
2026-05-21 06:30:38,2026-05-21,5,健身中心,10:00-11:30,14,110,可预约,￥5.0,多云,15,13,3,0.0,97,28
2026-05-21 07:00:43,2026-05-21,5,健身中心,10:00-11:30,14,110,可预约,￥5.0,晴,15,11,5,0.0,93,28
2026-05-21 07:30:39,2026-05-21,5,健身中心,10:00-11:30,15,110,可预约,￥5.0,晴,17,13,4,0.0,89,29
2026-05-21 07:50:40,2026-05-21,5,健身中心,10:00-11:30,14,110,可预约,￥5.0,晴,17,13,4,0.0,88,29
2026-05-21 07:53:31,2026-05-21,5,健身中心,10:00-11:30,14,110,可预约,￥5.0,晴,17,12,5,0.0,86,29
2026-05-21 07:56:31,2026-05-21,5,健身中心,10:00-11:30,14,110,可预约,￥5.0,晴,17,12,5,0.0,86,29
2026-05-21 07:59:26,2026-05-21,5,健身中心,10:00-11:30,15,110,可预约,￥5.0,晴,17,12,5,0.0,86,29
2026-05-21 08:00:45,2026-05-21,5,健身中心,10:00-11:30,15,110,可预约,￥5.0,晴,17,12,5,0.0,86,29
2026-05-21 08:02:30,2026-05-21,5,健身中心,10:00-11:30,16,110,可预约,￥5.0,多云,17,12,5,0.0,87,29
2026-05-21 08:05:36,2026-05-21,5,健身中心,10:00-11:30,17,110,可预约,￥5.0,多云,17,12,5,0.0,86,29
2026-05-21 08:08:31,2026-05-21,5,健身中心,10:00-11:30,17,110,可预约,￥5.0,多云,17,12,5,0.0,86,29
2026-05-21 08:11:30,2026-05-21,5,健身中心,10:00-11:30,17,110,可预约,￥5.0,多云,17,12,5,0.0,86,29
2026-05-21 08:14:31,2026-05-21,5,健身中心,10:00-11:30,17,110,可预约,￥5.0,多云,17,12,5,0.0,86,29
2026-05-21 08:17:30,2026-05-21,5,健身中心,10:00-11:30,17,110,可预约,￥5.0,多云,17,12,5,0.0,86,29
2026-05-21 08:20:35,2026-05-21,5,健身中心,10:00-11:30,17,110,可预约,￥5.0,多云,17,14,4,0.0,85,29
2026-05-21 08:25:32,2026-05-21,5,健身中心,10:00-11:30,18,110,可预约,￥5.0,多云,17,14,4,0.0,85,28
2026-05-21 08:30:42,2026-05-21,5,健身中心,10:00-11:30,19,110,可预约,￥5.0,多云,18,15,4,0.0,84,28
2026-05-21 08:35:31,2026-05-21,5,健身中心,10:00-11:30,19,110,可预约,￥5.0,多云,18,15,4,0.0,84,28
2026-05-21 08:40:38,2026-05-21,5,健身中心,10:00-11:30,19,110,可预约,￥5.0,多云,18,15,4,0.0,82,28
2026-05-21 08:45:33,2026-05-21,5,健身中心,10:00-11:30,19,110,可预约,￥5.0,多云,18,15,4,0.0,82,28
2026-05-21 08:50:36,2026-05-21,5,健身中心,10:00-11:30,20,110,可预约,￥5.0,多云,18,15,4,0.0,82,28
2026-05-21 08:55:34,2026-05-21,5,健身中心,10:00-11:30,20,110,可预约,￥5.0,多云,18,15,4,0.0,84,28
2026-05-21 09:00:51,2026-05-21,5,健身中心,10:00-11:30,21,110,可预约,￥5.0,多云,18,15,4,0.0,84,28
2026-05-21 09:01:59,2026-05-21,5,健身中心,10:00-11:30,21,110,可预约,￥5.0,多云,18,15,4,0.0,83,28
2026-05-21 09:05:33,2026-05-21,5,健身中心,10:00-11:30,22,110,可预约,￥5.0,多云,18,15,4,0.0,83,28
2026-05-21 09:20:38,2026-05-21,5,健身中心,10:00-11:30,24,110,可预约,￥5.0,多云,18,16,3,0.0,81,28
2026-05-21 09:30:46,2026-05-21,5,健身中心,10:00-11:30,25,110,可预约,￥5.0,多云,18,16,3,0.0,81,32
2026-05-21 09:40:36,2026-05-21,5,健身中心,10:00-11:30,26,110,可预约,￥5.0,多云,19,17,3,0.0,79,32
2026-05-21 09:50:42,2026-05-21,5,健身中心,10:00-11:30,31,110,可预约,￥5.0,多云,19,17,4,0.0,81,32
2026-05-21 10:00:46,2026-05-21,5,健身中心,10:00-11:30,35,110,可预约,￥5.0,多云,19,17,4,0.0,79,32
2026-05-21 10:10:40,2026-05-21,5,健身中心,10:00-11:30,38,110,可预约,￥5.0,多云,19,17,4,0.0,79,32
2026-05-21 10:20:38,2026-05-21,5,健身中心,10:00-11:30,38,110,可预约,￥5.0,多云,19,17,4,0.0,79,32
2026-05-21 10:30:41,2026-05-21,5,健身中心,10:00-11:30,38,110,可预约,￥5.0,多云,19,18,3,0.0,78,31
2026-05-21 11:00:44,2026-05-21,5,健身中心,10:00-11:30,38,110,可预约,￥5.0,多云,21,17,5,0.0,74,31
2026-05-21 11:30:38,2026-05-21,5,健身中心,10:00-11:30,39,110,不开放/已过期,,多云,21,19,3,0.0,72,33
2026-05-21 12:00:46,2026-05-21,5,健身中心,10:00-11:30,39,110,不开放/已过期,,多云,22,19,4,0.0,70,33
2026-05-21 12:30:42,2026-05-21,5,健身中心,10:00-11:30,39,110,不开放/已过期,,多云,22,21,3,0.0,68,35
2026-05-21 13:00:43,2026-05-21,5,健身中心,10:00-11:30,39,110,不开放/已过期,,多云,24,22,4,0.0,66,35
2026-05-21 13:30:43,2026-05-21,5,健身中心,10:00-11:30,39,110,不开放/已过期,,多云,24,22,4,0.0,66,36
2026-05-21 14:00:48,2026-05-21,5,健身中心,10:00-11:30,39,110,不开放/已过期,,多云,25,23,4,0.0,66,36
2026-05-21 14:30:45,2026-05-21,5,健身中心,10:00-11:30,39,110,不开放/已过期,,晴,25,25,3,0.0,65,39
2026-05-21 15:00:45,2026-05-21,5,健身中心,10:00-11:30,39,110,不开放/已过期,,晴,25,22,4,0.0,56,39
2026-05-21 15:30:43,2026-05-21,5,健身中心,10:00-11:30,39,110,不开放/已过期,,晴,25,23,4,0.0,57,40
2026-05-21 16:00:51,2026-05-21,5,健身中心,10:00-11:30,39,110,不开放/已过期,,晴,25,23,4,0.0,57,40
2026-05-21 16:30:48,2026-05-21,5,健身中心,10:00-11:30,39,110,不开放/已过期,,晴,25,24,3,0.0,60,39
2026-05-21 17:00:49,2026-05-21,5,健身中心,10:00-11:30,39,110,不开放/已过期,,晴,25,24,4,0.0,61,39
2026-05-21 17:30:47,2026-05-21,5,健身中心,10:00-11:30,39,110,不开放/已过期,,多云,24,23,3,0.0,64,39
2026-05-21 18:00:50,2026-05-21,5,健身中心,10:00-11:30,39,110,不开放/已过期,,多云,24,23,3,0.0,68,39
2026-05-21 18:30:50,2026-05-21,5,健身中心,10:00-11:30,39,110,不开放/已过期,,阴,24,25,2,0.0,68,40
2026-05-21 19:00:50,2026-05-21,5,健身中心,10:00-11:30,39,110,不开放/已过期,,阴,23,23,3,0.0,76,40
2026-05-21 19:30:46,2026-05-21,5,健身中心,10:00-11:30,39,110,不开放/已过期,,阴,23,24,2,0.0,77,39
2026-05-21 20:00:49,2026-05-21,5,健身中心,10:00-11:30,39,110,不开放/已过期,,雾,22,23,2,0.0,89,39
2026-05-21 20:30:44,2026-05-21,5,健身中心,10:00-11:30,39,110,不开放/已过期,,雾,22,24,2,0.0,93,43
2026-05-21 21:00:56,2026-05-21,5,健身中心,10:00-11:30,39,110,不开放/已过期,,雾,20,21,2,0.0,98,43
2026-05-21 21:30:46,2026-05-21,5,健身中心,10:00-11:30,39,110,不开放/已过期,,雾,20,22,1,0.0,99,41
2026-05-21 22:01:02,2026-05-21,5,健身中心,10:00-11:30,39,110,不开放/已过期,,雾,19,20,2,0.0,93,41
2026-05-21 22:30:47,2026-05-21,5,健身中心,10:00-11:30,39,110,不开放/已过期,,雾,19,19,3,0.0,88,46
2026-05-21 23:00:56,2026-05-21,5,健身中心,10:00-11:30,39,110,不开放/已过期,,多云,18,17,3,0.0,85,46
2026-05-21 23:30:55,2026-05-21,5,健身中心,10:00-11:30,39,110,不开放/已过期,,多云,18,17,3,0.0,85,48
2026-05-21 00:30:49,2026-05-21,5,健身中心,12:00-13:30,99,110,可预约,￥0.0,多云,15,13,3,0.0,100,26
2026-05-21 01:00:55,2026-05-21,5,健身中心,12:00-13:30,102,110,可预约,￥0.0,多云,15,12,4,0.0,100,26
2026-05-21 01:30:47,2026-05-21,5,健身中心,12:00-13:30,104,110,可预约,￥0.0,多云,15,13,4,0.0,100,28
2026-05-21 02:00:53,2026-05-21,5,健身中心,12:00-13:30,104,110,可预约,￥0.0,多云,15,12,4,0.0,100,28
2026-05-21 02:30:49,2026-05-21,5,健身中心,12:00-13:30,104,110,可预约,￥0.0,多云,15,14,3,0.0,100,29
2026-05-21 03:00:55,2026-05-21,5,健身中心,12:00-13:30,104,110,可预约,￥0.0,多云,15,12,4,0.0,100,29
2026-05-21 03:30:49,2026-05-21,5,健身中心,12:00-13:30,104,110,可预约,￥0.0,多云,15,14,3,0.0,100,30
2026-05-21 04:30:45,2026-05-21,5,健身中心,12:00-13:30,104,110,可预约,￥0.0,多云,15,12,4,0.0,100,29
2026-05-21 05:00:52,2026-05-21,5,健身中心,12:00-13:30,104,110,可预约,￥0.0,多云,15,12,4,0.0,100,29
2026-05-21 05:30:49,2026-05-21,5,健身中心,12:00-13:30,103,110,可预约,￥0.0,多云,15,13,3,0.0,100,28
2026-05-21 06:00:50,2026-05-21,5,健身中心,12:00-13:30,104,110,可预约,￥0.0,多云,15,13,4,0.0,99,28
2026-05-21 06:30:38,2026-05-21,5,健身中心,12:00-13:30,104,110,可预约,￥0.0,多云,15,13,3,0.0,97,28
2026-05-21 07:00:43,2026-05-21,5,健身中心,12:00-13:30,104,110,可预约,￥0.0,晴,15,11,5,0.0,93,28
2026-05-21 07:30:39,2026-05-21,5,健身中心,12:00-13:30,103,110,可预约,￥0.0,晴,17,13,4,0.0,89,29
2026-05-21 07:50:40,2026-05-21,5,健身中心,12:00-13:30,105,110,可预约,￥0.0,晴,17,13,4,0.0,88,29
2026-05-21 07:53:31,2026-05-21,5,健身中心,12:00-13:30,105,110,可预约,￥0.0,晴,17,12,5,0.0,86,29
2026-05-21 07:56:31,2026-05-21,5,健身中心,12:00-13:30,105,110,可预约,￥0.0,晴,17,12,5,0.0,86,29
2026-05-21 07:59:26,2026-05-21,5,健身中心,12:00-13:30,105,110,可预约,￥0.0,晴,17,12,5,0.0,86,29
2026-05-21 08:00:45,2026-05-21,5,健身中心,12:00-13:30,105,110,可预约,￥0.0,晴,17,12,5,0.0,86,29
2026-05-21 08:02:30,2026-05-21,5,健身中心,12:00-13:30,105,110,可预约,￥0.0,多云,17,12,5,0.0,87,29
2026-05-21 08:05:36,2026-05-21,5,健身中心,12:00-13:30,106,110,可预约,￥0.0,多云,17,12,5,0.0,86,29
2026-05-21 08:08:31,2026-05-21,5,健身中心,12:00-13:30,106,110,可预约,￥0.0,多云,17,12,5,0.0,86,29
2026-05-21 08:11:30,2026-05-21,5,健身中心,12:00-13:30,107,110,可预约,￥0.0,多云,17,12,5,0.0,86,29
2026-05-21 08:14:31,2026-05-21,5,健身中心,12:00-13:30,108,110,可预约,￥0.0,多云,17,12,5,0.0,86,29
2026-05-21 08:17:30,2026-05-21,5,健身中心,12:00-13:30,108,110,可预约,￥0.0,多云,17,12,5,0.0,86,29
2026-05-21 08:20:35,2026-05-21,5,健身中心,12:00-13:30,108,110,可预约,￥0.0,多云,17,14,4,0.0,85,29
2026-05-21 08:25:32,2026-05-21,5,健身中心,12:00-13:30,108,110,可预约,￥0.0,多云,17,14,4,0.0,85,28
2026-05-21 08:30:42,2026-05-21,5,健身中心,12:00-13:30,109,110,可预约,￥0.0,多云,18,15,4,0.0,84,28
2026-05-21 08:35:31,2026-05-21,5,健身中心,12:00-13:30,110,110,可预约,￥0.0,多云,18,15,4,0.0,84,28
2026-05-21 08:40:38,2026-05-21,5,健身中心,12:00-13:30,110,110,已售/已满,,多云,18,15,4,0.0,82,28
2026-05-21 08:45:33,2026-05-21,5,健身中心,12:00-13:30,110,110,已售/已满,,多云,18,15,4,0.0,82,28
2026-05-21 08:50:36,2026-05-21,5,健身中心,12:00-13:30,110,110,已售/已满,,多云,18,15,4,0.0,82,28
2026-05-21 08:55:34,2026-05-21,5,健身中心,12:00-13:30,110,110,已售/已满,,多云,18,15,4,0.0,84,28
2026-05-21 09:00:51,2026-05-21,5,健身中心,12:00-13:30,109,110,可预约,￥0.0,多云,18,15,4,0.0,84,28
2026-05-21 09:01:59,2026-05-21,5,健身中心,12:00-13:30,109,110,可预约,￥0.0,多云,18,15,4,0.0,83,28
2026-05-21 09:05:33,2026-05-21,5,健身中心,12:00-13:30,109,110,可预约,￥0.0,多云,18,15,4,0.0,83,28
2026-05-21 09:20:38,2026-05-21,5,健身中心,12:00-13:30,108,110,可预约,￥0.0,多云,18,16,3,0.0,81,28
2026-05-21 09:30:46,2026-05-21,5,健身中心,12:00-13:30,109,110,可预约,￥0.0,多云,18,16,3,0.0,81,32
2026-05-21 09:40:36,2026-05-21,5,健身中心,12:00-13:30,110,110,已售/已满,,多云,19,17,3,0.0,79,32
2026-05-21 09:50:42,2026-05-21,5,健身中心,12:00-13:30,110,110,已售/已满,,多云,19,17,4,0.0,81,32
2026-05-21 10:00:46,2026-05-21,5,健身中心,12:00-13:30,109,110,可预约,￥0.0,多云,19,17,4,0.0,79,32
2026-05-21 10:10:40,2026-05-21,5,健身中心,12:00-13:30,110,110,已售/已满,,多云,19,17,4,0.0,79,32
2026-05-21 10:20:38,2026-05-21,5,健身中心,12:00-13:30,109,110,可预约,￥0.0,多云,19,17,4,0.0,79,32
2026-05-21 10:30:41,2026-05-21,5,健身中心,12:00-13:30,110,110,已售/已满,,多云,19,18,3,0.0,78,31
2026-05-21 11:00:44,2026-05-21,5,健身中心,12:00-13:30,109,110,可预约,￥0.0,多云,21,17,5,0.0,74,31
2026-05-21 11:30:38,2026-05-21,5,健身中心,12:00-13:30,110,110,已售/已满,,多云,21,19,3,0.0,72,33
2026-05-21 12:00:46,2026-05-21,5,健身中心,12:00-13:30,110,110,已售/已满,,多云,22,19,4,0.0,70,33
2026-05-21 12:30:42,2026-05-21,5,健身中心,12:00-13:30,110,110,已售/已满,,多云,22,21,3,0.0,68,35
2026-05-21 13:00:43,2026-05-21,5,健身中心,12:00-13:30,110,110,已售/已满,,多云,24,22,4,0.0,66,35
2026-05-21 13:30:43,2026-05-21,5,健身中心,12:00-13:30,110,110,已售/已满,,多云,24,22,4,0.0,66,36
2026-05-21 14:00:48,2026-05-21,5,健身中心,12:00-13:30,110,110,已售/已满,,多云,25,23,4,0.0,66,36
2026-05-21 14:30:45,2026-05-21,5,健身中心,12:00-13:30,110,110,已售/已满,,晴,25,25,3,0.0,65,39
2026-05-21 15:00:45,2026-05-21,5,健身中心,12:00-13:30,110,110,已售/已满,,晴,25,22,4,0.0,56,39
2026-05-21 15:30:43,2026-05-21,5,健身中心,12:00-13:30,110,110,已售/已满,,晴,25,23,4,0.0,57,40
2026-05-21 16:00:51,2026-05-21,5,健身中心,12:00-13:30,110,110,已售/已满,,晴,25,23,4,0.0,57,40
2026-05-21 16:30:48,2026-05-21,5,健身中心,12:00-13:30,110,110,已售/已满,,晴,25,24,3,0.0,60,39
2026-05-21 17:00:49,2026-05-21,5,健身中心,12:00-13:30,110,110,已售/已满,,晴,25,24,4,0.0,61,39
2026-05-21 17:30:47,2026-05-21,5,健身中心,12:00-13:30,110,110,已售/已满,,多云,24,23,3,0.0,64,39
2026-05-21 18:00:50,2026-05-21,5,健身中心,12:00-13:30,110,110,已售/已满,,多云,24,23,3,0.0,68,39
2026-05-21 18:30:50,2026-05-21,5,健身中心,12:00-13:30,110,110,已售/已满,,阴,24,25,2,0.0,68,40
2026-05-21 19:00:50,2026-05-21,5,健身中心,12:00-13:30,110,110,已售/已满,,阴,23,23,3,0.0,76,40
2026-05-21 19:30:46,2026-05-21,5,健身中心,12:00-13:30,110,110,已售/已满,,阴,23,24,2,0.0,77,39
2026-05-21 20:00:49,2026-05-21,5,健身中心,12:00-13:30,110,110,已售/已满,,雾,22,23,2,0.0,89,39
2026-05-21 20:30:44,2026-05-21,5,健身中心,12:00-13:30,110,110,已售/已满,,雾,22,24,2,0.0,93,43
2026-05-21 21:00:56,2026-05-21,5,健身中心,12:00-13:30,110,110,已售/已满,,雾,20,21,2,0.0,98,43
2026-05-21 21:30:46,2026-05-21,5,健身中心,12:00-13:30,110,110,已售/已满,,雾,20,22,1,0.0,99,41
2026-05-21 22:01:02,2026-05-21,5,健身中心,12:00-13:30,110,110,已售/已满,,雾,19,20,2,0.0,93,41
2026-05-21 22:30:47,2026-05-21,5,健身中心,12:00-13:30,110,110,已售/已满,,雾,19,19,3,0.0,88,46
2026-05-21 23:00:56,2026-05-21,5,健身中心,12:00-13:30,110,110,已售/已满,,多云,18,17,3,0.0,85,46
2026-05-21 23:30:55,2026-05-21,5,健身中心,12:00-13:30,110,110,已售/已满,,多云,18,17,3,0.0,85,48
2026-05-21 00:30:49,2026-05-21,5,健身中心,14:00-15:30,2,110,可预约,￥5.0,多云,15,13,3,0.0,100,26
2026-05-21 01:00:55,2026-05-21,5,健身中心,14:00-15:30,2,110,可预约,￥5.0,多云,15,12,4,0.0,100,26
2026-05-21 01:30:47,2026-05-21,5,健身中心,14:00-15:30,2,110,可预约,￥5.0,多云,15,13,4,0.0,100,28
2026-05-21 02:00:53,2026-05-21,5,健身中心,14:00-15:30,2,110,可预约,￥5.0,多云,15,12,4,0.0,100,28
2026-05-21 02:30:49,2026-05-21,5,健身中心,14:00-15:30,3,110,可预约,￥5.0,多云,15,14,3,0.0,100,29
2026-05-21 03:00:55,2026-05-21,5,健身中心,14:00-15:30,3,110,可预约,￥5.0,多云,15,12,4,0.0,100,29
2026-05-21 03:30:49,2026-05-21,5,健身中心,14:00-15:30,3,110,可预约,￥5.0,多云,15,14,3,0.0,100,30
2026-05-21 04:30:45,2026-05-21,5,健身中心,14:00-15:30,3,110,可预约,￥5.0,多云,15,12,4,0.0,100,29
2026-05-21 05:00:52,2026-05-21,5,健身中心,14:00-15:30,3,110,可预约,￥5.0,多云,15,12,4,0.0,100,29
2026-05-21 05:30:49,2026-05-21,5,健身中心,14:00-15:30,3,110,可预约,￥5.0,多云,15,13,3,0.0,100,28
2026-05-21 06:00:50,2026-05-21,5,健身中心,14:00-15:30,3,110,可预约,￥5.0,多云,15,13,4,0.0,99,28
2026-05-21 06:30:38,2026-05-21,5,健身中心,14:00-15:30,3,110,可预约,￥5.0,多云,15,13,3,0.0,97,28
2026-05-21 07:00:43,2026-05-21,5,健身中心,14:00-15:30,3,110,可预约,￥5.0,晴,15,11,5,0.0,93,28
2026-05-21 07:30:39,2026-05-21,5,健身中心,14:00-15:30,3,110,可预约,￥5.0,晴,17,13,4,0.0,89,29
2026-05-21 07:50:40,2026-05-21,5,健身中心,14:00-15:30,3,110,可预约,￥5.0,晴,17,13,4,0.0,88,29
2026-05-21 07:53:31,2026-05-21,5,健身中心,14:00-15:30,3,110,可预约,￥5.0,晴,17,12,5,0.0,86,29
2026-05-21 07:56:31,2026-05-21,5,健身中心,14:00-15:30,3,110,可预约,￥5.0,晴,17,12,5,0.0,86,29
2026-05-21 07:59:26,2026-05-21,5,健身中心,14:00-15:30,3,110,可预约,￥5.0,晴,17,12,5,0.0,86,29
2026-05-21 08:00:45,2026-05-21,5,健身中心,14:00-15:30,3,110,可预约,￥5.0,晴,17,12,5,0.0,86,29
2026-05-21 08:02:30,2026-05-21,5,健身中心,14:00-15:30,3,110,可预约,￥5.0,多云,17,12,5,0.0,87,29
2026-05-21 08:05:36,2026-05-21,5,健身中心,14:00-15:30,3,110,可预约,￥5.0,多云,17,12,5,0.0,86,29
2026-05-21 08:08:31,2026-05-21,5,健身中心,14:00-15:30,3,110,可预约,￥5.0,多云,17,12,5,0.0,86,29
2026-05-21 08:11:30,2026-05-21,5,健身中心,14:00-15:30,4,110,可预约,￥5.0,多云,17,12,5,0.0,86,29
2026-05-21 08:14:31,2026-05-21,5,健身中心,14:00-15:30,4,110,可预约,￥5.0,多云,17,12,5,0.0,86,29
2026-05-21 08:17:30,2026-05-21,5,健身中心,14:00-15:30,4,110,可预约,￥5.0,多云,17,12,5,0.0,86,29
2026-05-21 08:20:35,2026-05-21,5,健身中心,14:00-15:30,4,110,可预约,￥5.0,多云,17,14,4,0.0,85,29
2026-05-21 08:25:32,2026-05-21,5,健身中心,14:00-15:30,4,110,可预约,￥5.0,多云,17,14,4,0.0,85,28
2026-05-21 08:30:42,2026-05-21,5,健身中心,14:00-15:30,4,110,可预约,￥5.0,多云,18,15,4,0.0,84,28
2026-05-21 08:35:31,2026-05-21,5,健身中心,14:00-15:30,4,110,可预约,￥5.0,多云,18,15,4,0.0,84,28
2026-05-21 08:40:38,2026-05-21,5,健身中心,14:00-15:30,4,110,可预约,￥5.0,多云,18,15,4,0.0,82,28
2026-05-21 08:45:33,2026-05-21,5,健身中心,14:00-15:30,4,110,可预约,￥5.0,多云,18,15,4,0.0,82,28
2026-05-21 08:50:36,2026-05-21,5,健身中心,14:00-15:30,4,110,可预约,￥5.0,多云,18,15,4,0.0,82,28
2026-05-21 08:55:34,2026-05-21,5,健身中心,14:00-15:30,4,110,可预约,￥5.0,多云,18,15,4,0.0,84,28
2026-05-21 09:00:51,2026-05-21,5,健身中心,14:00-15:30,4,110,可预约,￥5.0,多云,18,15,4,0.0,84,28
2026-05-21 09:01:59,2026-05-21,5,健身中心,14:00-15:30,4,110,可预约,￥5.0,多云,18,15,4,0.0,83,28
2026-05-21 09:05:33,2026-05-21,5,健身中心,14:00-15:30,4,110,可预约,￥5.0,多云,18,15,4,0.0,83,28
2026-05-21 09:20:38,2026-05-21,5,健身中心,14:00-15:30,4,110,可预约,￥5.0,多云,18,16,3,0.0,81,28
2026-05-21 09:30:46,2026-05-21,5,健身中心,14:00-15:30,5,110,可预约,￥5.0,多云,18,16,3,0.0,81,32
2026-05-21 09:40:36,2026-05-21,5,健身中心,14:00-15:30,5,110,可预约,￥5.0,多云,19,17,3,0.0,79,32
2026-05-21 09:50:42,2026-05-21,5,健身中心,14:00-15:30,9,110,可预约,￥5.0,多云,19,17,4,0.0,81,32
2026-05-21 10:00:46,2026-05-21,5,健身中心,14:00-15:30,9,110,可预约,￥5.0,多云,19,17,4,0.0,79,32
2026-05-21 10:10:40,2026-05-21,5,健身中心,14:00-15:30,9,110,可预约,￥5.0,多云,19,17,4,0.0,79,32
2026-05-21 10:20:38,2026-05-21,5,健身中心,14:00-15:30,10,110,可预约,￥5.0,多云,19,17,4,0.0,79,32
2026-05-21 10:30:41,2026-05-21,5,健身中心,14:00-15:30,10,110,可预约,￥5.0,多云,19,18,3,0.0,78,31
2026-05-21 11:00:44,2026-05-21,5,健身中心,14:00-15:30,11,110,可预约,￥5.0,多云,21,17,5,0.0,74,31
2026-05-21 11:30:38,2026-05-21,5,健身中心,14:00-15:30,12,110,可预约,￥5.0,多云,21,19,3,0.0,72,33
2026-05-21 12:00:46,2026-05-21,5,健身中心,14:00-15:30,16,110,可预约,￥5.0,多云,22,19,4,0.0,70,33
2026-05-21 12:30:42,2026-05-21,5,健身中心,14:00-15:30,16,110,可预约,￥5.0,多云,22,21,3,0.0,68,35
2026-05-21 13:00:43,2026-05-21,5,健身中心,14:00-15:30,20,110,可预约,￥5.0,多云,24,22,4,0.0,66,35
2026-05-21 13:30:43,2026-05-21,5,健身中心,14:00-15:30,23,110,可预约,￥5.0,多云,24,22,4,0.0,66,36
2026-05-21 14:00:48,2026-05-21,5,健身中心,14:00-15:30,26,110,可预约,￥5.0,多云,25,23,4,0.0,66,36
2026-05-21 14:30:45,2026-05-21,5,健身中心,14:00-15:30,27,110,可预约,￥5.0,晴,25,25,3,0.0,65,39
2026-05-21 15:00:45,2026-05-21,5,健身中心,14:00-15:30,33,110,可预约,￥5.0,晴,25,22,4,0.0,56,39
2026-05-21 15:30:43,2026-05-21,5,健身中心,14:00-15:30,37,110,不开放/已过期,,晴,25,23,4,0.0,57,40
2026-05-21 16:00:51,2026-05-21,5,健身中心,14:00-15:30,37,110,不开放/已过期,,晴,25,23,4,0.0,57,40
2026-05-21 16:30:48,2026-05-21,5,健身中心,14:00-15:30,37,110,不开放/已过期,,晴,25,24,3,0.0,60,39
2026-05-21 17:00:49,2026-05-21,5,健身中心,14:00-15:30,37,110,不开放/已过期,,晴,25,24,4,0.0,61,39
2026-05-21 17:30:47,2026-05-21,5,健身中心,14:00-15:30,37,110,不开放/已过期,,多云,24,23,3,0.0,64,39
2026-05-21 18:00:50,2026-05-21,5,健身中心,14:00-15:30,37,110,不开放/已过期,,多云,24,23,3,0.0,68,39
2026-05-21 18:30:50,2026-05-21,5,健身中心,14:00-15:30,37,110,不开放/已过期,,阴,24,25,2,0.0,68,40
2026-05-21 19:00:50,2026-05-21,5,健身中心,14:00-15:30,37,110,不开放/已过期,,阴,23,23,3,0.0,76,40
2026-05-21 19:30:46,2026-05-21,5,健身中心,14:00-15:30,37,110,不开放/已过期,,阴,23,24,2,0.0,77,39
2026-05-21 20:00:49,2026-05-21,5,健身中心,14:00-15:30,37,110,不开放/已过期,,雾,22,23,2,0.0,89,39
2026-05-21 20:30:44,2026-05-21,5,健身中心,14:00-15:30,37,110,不开放/已过期,,雾,22,24,2,0.0,93,43
2026-05-21 21:00:56,2026-05-21,5,健身中心,14:00-15:30,37,110,不开放/已过期,,雾,20,21,2,0.0,98,43
2026-05-21 21:30:46,2026-05-21,5,健身中心,14:00-15:30,37,110,不开放/已过期,,雾,20,22,1,0.0,99,41
2026-05-21 22:01:02,2026-05-21,5,健身中心,14:00-15:30,37,110,不开放/已过期,,雾,19,20,2,0.0,93,41
2026-05-21 22:30:47,2026-05-21,5,健身中心,14:00-15:30,37,110,不开放/已过期,,雾,19,19,3,0.0,88,46
2026-05-21 23:00:56,2026-05-21,5,健身中心,14:00-15:30,37,110,不开放/已过期,,多云,18,17,3,0.0,85,46
2026-05-21 23:30:55,2026-05-21,5,健身中心,14:00-15:30,37,110,不开放/已过期,,多云,18,17,3,0.0,85,48
2026-05-21 00:30:49,2026-05-21,5,健身中心,16:00-17:30,14,110,可预约,￥5.0,多云,15,13,3,0.0,100,26
2026-05-21 01:00:55,2026-05-21,5,健身中心,16:00-17:30,17,110,可预约,￥5.0,多云,15,12,4,0.0,100,26
2026-05-21 01:30:47,2026-05-21,5,健身中心,16:00-17:30,17,110,可预约,￥5.0,多云,15,13,4,0.0,100,28
2026-05-21 02:00:53,2026-05-21,5,健身中心,16:00-17:30,17,110,可预约,￥5.0,多云,15,12,4,0.0,100,28
2026-05-21 02:30:49,2026-05-21,5,健身中心,16:00-17:30,17,110,可预约,￥5.0,多云,15,14,3,0.0,100,29
2026-05-21 03:00:55,2026-05-21,5,健身中心,16:00-17:30,17,110,可预约,￥5.0,多云,15,12,4,0.0,100,29
2026-05-21 03:30:49,2026-05-21,5,健身中心,16:00-17:30,17,110,可预约,￥5.0,多云,15,14,3,0.0,100,30
2026-05-21 04:30:45,2026-05-21,5,健身中心,16:00-17:30,17,110,可预约,￥5.0,多云,15,12,4,0.0,100,29
2026-05-21 05:00:52,2026-05-21,5,健身中心,16:00-17:30,17,110,可预约,￥5.0,多云,15,12,4,0.0,100,29
2026-05-21 05:30:49,2026-05-21,5,健身中心,16:00-17:30,17,110,可预约,￥5.0,多云,15,13,3,0.0,100,28
2026-05-21 06:00:50,2026-05-21,5,健身中心,16:00-17:30,17,110,可预约,￥5.0,多云,15,13,4,0.0,99,28
2026-05-21 06:30:38,2026-05-21,5,健身中心,16:00-17:30,17,110,可预约,￥5.0,多云,15,13,3,0.0,97,28
2026-05-21 07:00:43,2026-05-21,5,健身中心,16:00-17:30,17,110,可预约,￥5.0,晴,15,11,5,0.0,93,28
2026-05-21 07:30:39,2026-05-21,5,健身中心,16:00-17:30,17,110,可预约,￥5.0,晴,17,13,4,0.0,89,29
2026-05-21 07:50:40,2026-05-21,5,健身中心,16:00-17:30,17,110,可预约,￥5.0,晴,17,13,4,0.0,88,29
2026-05-21 07:53:31,2026-05-21,5,健身中心,16:00-17:30,18,110,可预约,￥5.0,晴,17,12,5,0.0,86,29
2026-05-21 07:56:31,2026-05-21,5,健身中心,16:00-17:30,18,110,可预约,￥5.0,晴,17,12,5,0.0,86,29
2026-05-21 07:59:26,2026-05-21,5,健身中心,16:00-17:30,18,110,可预约,￥5.0,晴,17,12,5,0.0,86,29
2026-05-21 08:00:45,2026-05-21,5,健身中心,16:00-17:30,18,110,可预约,￥5.0,晴,17,12,5,0.0,86,29
2026-05-21 08:02:30,2026-05-21,5,健身中心,16:00-17:30,18,110,可预约,￥5.0,多云,17,12,5,0.0,87,29
2026-05-21 08:05:36,2026-05-21,5,健身中心,16:00-17:30,18,110,可预约,￥5.0,多云,17,12,5,0.0,86,29
2026-05-21 08:08:31,2026-05-21,5,健身中心,16:00-17:30,18,110,可预约,￥5.0,多云,17,12,5,0.0,86,29
2026-05-21 08:11:30,2026-05-21,5,健身中心,16:00-17:30,18,110,可预约,￥5.0,多云,17,12,5,0.0,86,29
2026-05-21 08:14:31,2026-05-21,5,健身中心,16:00-17:30,18,110,可预约,￥5.0,多云,17,12,5,0.0,86,29
2026-05-21 08:17:30,2026-05-21,5,健身中心,16:00-17:30,18,110,可预约,￥5.0,多云,17,12,5,0.0,86,29
2026-05-21 08:20:35,2026-05-21,5,健身中心,16:00-17:30,19,110,可预约,￥5.0,多云,17,14,4,0.0,85,29
2026-05-21 08:25:32,2026-05-21,5,健身中心,16:00-17:30,19,110,可预约,￥5.0,多云,17,14,4,0.0,85,28
2026-05-21 08:30:42,2026-05-21,5,健身中心,16:00-17:30,19,110,可预约,￥5.0,多云,18,15,4,0.0,84,28
2026-05-21 08:35:31,2026-05-21,5,健身中心,16:00-17:30,19,110,可预约,￥5.0,多云,18,15,4,0.0,84,28
2026-05-21 08:40:38,2026-05-21,5,健身中心,16:00-17:30,19,110,可预约,￥5.0,多云,18,15,4,0.0,82,28
2026-05-21 08:45:33,2026-05-21,5,健身中心,16:00-17:30,20,110,可预约,￥5.0,多云,18,15,4,0.0,82,28
2026-05-21 08:50:36,2026-05-21,5,健身中心,16:00-17:30,25,110,可预约,￥5.0,多云,18,15,4,0.0,82,28
2026-05-21 08:55:34,2026-05-21,5,健身中心,16:00-17:30,25,110,可预约,￥5.0,多云,18,15,4,0.0,84,28
2026-05-21 09:00:51,2026-05-21,5,健身中心,16:00-17:30,25,110,可预约,￥5.0,多云,18,15,4,0.0,84,28
2026-05-21 09:01:59,2026-05-21,5,健身中心,16:00-17:30,25,110,可预约,￥5.0,多云,18,15,4,0.0,83,28
2026-05-21 09:05:33,2026-05-21,5,健身中心,16:00-17:30,25,110,可预约,￥5.0,多云,18,15,4,0.0,83,28
2026-05-21 09:20:38,2026-05-21,5,健身中心,16:00-17:30,25,110,可预约,￥5.0,多云,18,16,3,0.0,81,28
2026-05-21 09:30:46,2026-05-21,5,健身中心,16:00-17:30,26,110,可预约,￥5.0,多云,18,16,3,0.0,81,32
2026-05-21 09:40:36,2026-05-21,5,健身中心,16:00-17:30,26,110,可预约,￥5.0,多云,19,17,3,0.0,79,32
2026-05-21 09:50:42,2026-05-21,5,健身中心,16:00-17:30,26,110,可预约,￥5.0,多云,19,17,4,0.0,81,32
2026-05-21 10:00:46,2026-05-21,5,健身中心,16:00-17:30,27,110,可预约,￥5.0,多云,19,17,4,0.0,79,32
2026-05-21 10:10:40,2026-05-21,5,健身中心,16:00-17:30,27,110,可预约,￥5.0,多云,19,17,4,0.0,79,32
2026-05-21 10:20:38,2026-05-21,5,健身中心,16:00-17:30,27,110,可预约,￥5.0,多云,19,17,4,0.0,79,32
2026-05-21 10:30:41,2026-05-21,5,健身中心,16:00-17:30,27,110,可预约,￥5.0,多云,19,18,3,0.0,78,31
2026-05-21 11:00:44,2026-05-21,5,健身中心,16:00-17:30,30,110,可预约,￥5.0,多云,21,17,5,0.0,74,31
2026-05-21 11:30:38,2026-05-21,5,健身中心,16:00-17:30,34,110,可预约,￥5.0,多云,21,19,3,0.0,72,33
2026-05-21 12:00:46,2026-05-21,5,健身中心,16:00-17:30,33,110,可预约,￥5.0,多云,22,19,4,0.0,70,33
2026-05-21 12:30:42,2026-05-21,5,健身中心,16:00-17:30,40,110,可预约,￥5.0,多云,22,21,3,0.0,68,35
2026-05-21 13:00:43,2026-05-21,5,健身中心,16:00-17:30,46,110,可预约,￥5.0,多云,24,22,4,0.0,66,35
2026-05-21 13:30:43,2026-05-21,5,健身中心,16:00-17:30,49,110,可预约,￥5.0,多云,24,22,4,0.0,66,36
2026-05-21 14:00:48,2026-05-21,5,健身中心,16:00-17:30,51,110,可预约,￥5.0,多云,25,23,4,0.0,66,36
2026-05-21 14:30:45,2026-05-21,5,健身中心,16:00-17:30,57,110,可预约,￥5.0,晴,25,25,3,0.0,65,39
2026-05-21 15:00:45,2026-05-21,5,健身中心,16:00-17:30,62,110,可预约,￥5.0,晴,25,22,4,0.0,56,39
2026-05-21 15:30:43,2026-05-21,5,健身中心,16:00-17:30,69,110,可预约,￥5.0,晴,25,23,4,0.0,57,40
2026-05-21 16:00:51,2026-05-21,5,健身中心,16:00-17:30,85,110,可预约,￥5.0,晴,25,23,4,0.0,57,40
2026-05-21 16:30:48,2026-05-21,5,健身中心,16:00-17:30,98,110,可预约,￥5.0,晴,25,24,3,0.0,60,39
2026-05-21 17:00:49,2026-05-21,5,健身中心,16:00-17:30,100,110,可预约,￥5.0,晴,25,24,4,0.0,61,39
2026-05-21 17:30:47,2026-05-21,5,健身中心,16:00-17:30,105,110,不开放/已过期,,多云,24,23,3,0.0,64,39
2026-05-21 18:00:50,2026-05-21,5,健身中心,16:00-17:30,105,110,不开放/已过期,,多云,24,23,3,0.0,68,39
2026-05-21 18:30:50,2026-05-21,5,健身中心,16:00-17:30,105,110,不开放/已过期,,阴,24,25,2,0.0,68,40
2026-05-21 19:00:50,2026-05-21,5,健身中心,16:00-17:30,105,110,不开放/已过期,,阴,23,23,3,0.0,76,40
2026-05-21 19:30:46,2026-05-21,5,健身中心,16:00-17:30,105,110,不开放/已过期,,阴,23,24,2,0.0,77,39
2026-05-21 20:00:49,2026-05-21,5,健身中心,16:00-17:30,105,110,不开放/已过期,,雾,22,23,2,0.0,89,39
2026-05-21 20:30:44,2026-05-21,5,健身中心,16:00-17:30,105,110,不开放/已过期,,雾,22,24,2,0.0,93,43
2026-05-21 21:00:56,2026-05-21,5,健身中心,16:00-17:30,105,110,不开放/已过期,,雾,20,21,2,0.0,98,43
2026-05-21 21:30:46,2026-05-21,5,健身中心,16:00-17:30,105,110,不开放/已过期,,雾,20,22,1,0.0,99,41
2026-05-21 22:01:02,2026-05-21,5,健身中心,16:00-17:30,105,110,不开放/已过期,,雾,19,20,2,0.0,93,41
2026-05-21 22:30:47,2026-05-21,5,健身中心,16:00-17:30,105,110,不开放/已过期,,雾,19,19,3,0.0,88,46
2026-05-21 23:00:56,2026-05-21,5,健身中心,16:00-17:30,105,110,不开放/已过期,,多云,18,17,3,0.0,85,46
2026-05-21 23:30:55,2026-05-21,5,健身中心,16:00-17:30,105,110,不开放/已过期,,多云,18,17,3,0.0,85,48
2026-05-21 00:30:49,2026-05-21,5,健身中心,18:00-19:30,7,110,可预约,￥5.0,多云,15,13,3,0.0,100,26
2026-05-21 01:00:55,2026-05-21,5,健身中心,18:00-19:30,7,110,可预约,￥5.0,多云,15,12,4,0.0,100,26
2026-05-21 01:30:47,2026-05-21,5,健身中心,18:00-19:30,7,110,可预约,￥5.0,多云,15,13,4,0.0,100,28
2026-05-21 02:00:53,2026-05-21,5,健身中心,18:00-19:30,7,110,可预约,￥5.0,多云,15,12,4,0.0,100,28
2026-05-21 02:30:49,2026-05-21,5,健身中心,18:00-19:30,7,110,可预约,￥5.0,多云,15,14,3,0.0,100,29
2026-05-21 03:00:55,2026-05-21,5,健身中心,18:00-19:30,7,110,可预约,￥5.0,多云,15,12,4,0.0,100,29
2026-05-21 03:30:49,2026-05-21,5,健身中心,18:00-19:30,7,110,可预约,￥5.0,多云,15,14,3,0.0,100,30
2026-05-21 04:30:45,2026-05-21,5,健身中心,18:00-19:30,7,110,可预约,￥5.0,多云,15,12,4,0.0,100,29
2026-05-21 05:00:52,2026-05-21,5,健身中心,18:00-19:30,7,110,可预约,￥5.0,多云,15,12,4,0.0,100,29
2026-05-21 05:30:49,2026-05-21,5,健身中心,18:00-19:30,7,110,可预约,￥5.0,多云,15,13,3,0.0,100,28
2026-05-21 06:00:50,2026-05-21,5,健身中心,18:00-19:30,7,110,可预约,￥5.0,多云,15,13,4,0.0,99,28
2026-05-21 06:30:38,2026-05-21,5,健身中心,18:00-19:30,7,110,可预约,￥5.0,多云,15,13,3,0.0,97,28
2026-05-21 07:00:43,2026-05-21,5,健身中心,18:00-19:30,7,110,可预约,￥5.0,晴,15,11,5,0.0,93,28
2026-05-21 07:30:39,2026-05-21,5,健身中心,18:00-19:30,7,110,可预约,￥5.0,晴,17,13,4,0.0,89,29
2026-05-21 07:50:40,2026-05-21,5,健身中心,18:00-19:30,7,110,可预约,￥5.0,晴,17,13,4,0.0,88,29
2026-05-21 07:53:31,2026-05-21,5,健身中心,18:00-19:30,7,110,可预约,￥5.0,晴,17,12,5,0.0,86,29
2026-05-21 07:56:31,2026-05-21,5,健身中心,18:00-19:30,7,110,可预约,￥5.0,晴,17,12,5,0.0,86,29
2026-05-21 07:59:26,2026-05-21,5,健身中心,18:00-19:30,7,110,可预约,￥5.0,晴,17,12,5,0.0,86,29
2026-05-21 08:00:45,2026-05-21,5,健身中心,18:00-19:30,7,110,可预约,￥5.0,晴,17,12,5,0.0,86,29
2026-05-21 08:02:30,2026-05-21,5,健身中心,18:00-19:30,7,110,可预约,￥5.0,多云,17,12,5,0.0,87,29
2026-05-21 08:05:36,2026-05-21,5,健身中心,18:00-19:30,7,110,可预约,￥5.0,多云,17,12,5,0.0,86,29
2026-05-21 08:08:31,2026-05-21,5,健身中心,18:00-19:30,7,110,可预约,￥5.0,多云,17,12,5,0.0,86,29
2026-05-21 08:11:30,2026-05-21,5,健身中心,18:00-19:30,7,110,可预约,￥5.0,多云,17,12,5,0.0,86,29
2026-05-21 08:14:31,2026-05-21,5,健身中心,18:00-19:30,7,110,可预约,￥5.0,多云,17,12,5,0.0,86,29
2026-05-21 08:17:30,2026-05-21,5,健身中心,18:00-19:30,7,110,可预约,￥5.0,多云,17,12,5,0.0,86,29
2026-05-21 08:20:35,2026-05-21,5,健身中心,18:00-19:30,7,110,可预约,￥5.0,多云,17,14,4,0.0,85,29
2026-05-21 08:25:32,2026-05-21,5,健身中心,18:00-19:30,7,110,可预约,￥5.0,多云,17,14,4,0.0,85,28
2026-05-21 08:30:42,2026-05-21,5,健身中心,18:00-19:30,7,110,可预约,￥5.0,多云,18,15,4,0.0,84,28
2026-05-21 08:35:31,2026-05-21,5,健身中心,18:00-19:30,7,110,可预约,￥5.0,多云,18,15,4,0.0,84,28
2026-05-21 08:40:38,2026-05-21,5,健身中心,18:00-19:30,7,110,可预约,￥5.0,多云,18,15,4,0.0,82,28
2026-05-21 08:45:33,2026-05-21,5,健身中心,18:00-19:30,8,110,可预约,￥5.0,多云,18,15,4,0.0,82,28
2026-05-21 08:50:36,2026-05-21,5,健身中心,18:00-19:30,10,110,可预约,￥5.0,多云,18,15,4,0.0,82,28
2026-05-21 08:55:34,2026-05-21,5,健身中心,18:00-19:30,10,110,可预约,￥5.0,多云,18,15,4,0.0,84,28
2026-05-21 09:00:51,2026-05-21,5,健身中心,18:00-19:30,11,110,可预约,￥5.0,多云,18,15,4,0.0,84,28
2026-05-21 09:01:59,2026-05-21,5,健身中心,18:00-19:30,11,110,可预约,￥5.0,多云,18,15,4,0.0,83,28
2026-05-21 09:05:33,2026-05-21,5,健身中心,18:00-19:30,11,110,可预约,￥5.0,多云,18,15,4,0.0,83,28
2026-05-21 09:20:38,2026-05-21,5,健身中心,18:00-19:30,12,110,可预约,￥5.0,多云,18,16,3,0.0,81,28
2026-05-21 09:30:46,2026-05-21,5,健身中心,18:00-19:30,15,110,可预约,￥5.0,多云,18,16,3,0.0,81,32
2026-05-21 09:40:36,2026-05-21,5,健身中心,18:00-19:30,15,110,可预约,￥5.0,多云,19,17,3,0.0,79,32
2026-05-21 09:50:42,2026-05-21,5,健身中心,18:00-19:30,15,110,可预约,￥5.0,多云,19,17,4,0.0,81,32
2026-05-21 10:00:46,2026-05-21,5,健身中心,18:00-19:30,15,110,可预约,￥5.0,多云,19,17,4,0.0,79,32
2026-05-21 10:10:40,2026-05-21,5,健身中心,18:00-19:30,16,110,可预约,￥5.0,多云,19,17,4,0.0,79,32
2026-05-21 10:20:38,2026-05-21,5,健身中心,18:00-19:30,17,110,可预约,￥5.0,多云,19,17,4,0.0,79,32
2026-05-21 10:30:41,2026-05-21,5,健身中心,18:00-19:30,18,110,可预约,￥5.0,多云,19,18,3,0.0,78,31
2026-05-21 11:00:44,2026-05-21,5,健身中心,18:00-19:30,19,110,可预约,￥5.0,多云,21,17,5,0.0,74,31
2026-05-21 11:30:38,2026-05-21,5,健身中心,18:00-19:30,21,110,可预约,￥5.0,多云,21,19,3,0.0,72,33
2026-05-21 12:00:46,2026-05-21,5,健身中心,18:00-19:30,24,110,可预约,￥5.0,多云,22,19,4,0.0,70,33
2026-05-21 12:30:42,2026-05-21,5,健身中心,18:00-19:30,30,110,可预约,￥5.0,多云,22,21,3,0.0,68,35
2026-05-21 13:00:43,2026-05-21,5,健身中心,18:00-19:30,34,110,可预约,￥5.0,多云,24,22,4,0.0,66,35
2026-05-21 13:30:43,2026-05-21,5,健身中心,18:00-19:30,36,110,可预约,￥5.0,多云,24,22,4,0.0,66,36
2026-05-21 14:00:48,2026-05-21,5,健身中心,18:00-19:30,38,110,可预约,￥5.0,多云,25,23,4,0.0,66,36
2026-05-21 14:30:45,2026-05-21,5,健身中心,18:00-19:30,43,110,可预约,￥5.0,晴,25,25,3,0.0,65,39
2026-05-21 15:00:45,2026-05-21,5,健身中心,18:00-19:30,49,110,可预约,￥5.0,晴,25,22,4,0.0,56,39
2026-05-21 15:30:43,2026-05-21,5,健身中心,18:00-19:30,56,110,可预约,￥5.0,晴,25,23,4,0.0,57,40
2026-05-21 16:00:51,2026-05-21,5,健身中心,18:00-19:30,60,110,可预约,￥5.0,晴,25,23,4,0.0,57,40
2026-05-21 16:30:48,2026-05-21,5,健身中心,18:00-19:30,63,110,可预约,￥5.0,晴,25,24,3,0.0,60,39
2026-05-21 17:00:49,2026-05-21,5,健身中心,18:00-19:30,64,110,可预约,￥5.0,晴,25,24,4,0.0,61,39
2026-05-21 17:30:47,2026-05-21,5,健身中心,18:00-19:30,71,110,可预约,￥5.0,多云,24,23,3,0.0,64,39
2026-05-21 18:00:50,2026-05-21,5,健身中心,18:00-19:30,85,110,可预约,￥5.0,多云,24,23,3,0.0,68,39
2026-05-21 18:30:50,2026-05-21,5,健身中心,18:00-19:30,95,110,可预约,￥5.0,阴,24,25,2,0.0,68,40
2026-05-21 19:00:50,2026-05-21,5,健身中心,18:00-19:30,100,110,可预约,￥5.0,阴,23,23,3,0.0,76,40
2026-05-21 19:30:46,2026-05-21,5,健身中心,18:00-19:30,103,110,不开放/已过期,,阴,23,24,2,0.0,77,39
2026-05-21 20:00:49,2026-05-21,5,健身中心,18:00-19:30,103,110,不开放/已过期,,雾,22,23,2,0.0,89,39
2026-05-21 20:30:44,2026-05-21,5,健身中心,18:00-19:30,103,110,不开放/已过期,,雾,22,24,2,0.0,93,43
2026-05-21 21:00:56,2026-05-21,5,健身中心,18:00-19:30,103,110,不开放/已过期,,雾,20,21,2,0.0,98,43
2026-05-21 21:30:46,2026-05-21,5,健身中心,18:00-19:30,103,110,不开放/已过期,,雾,20,22,1,0.0,99,41
2026-05-21 22:01:02,2026-05-21,5,健身中心,18:00-19:30,103,110,不开放/已过期,,雾,19,20,2,0.0,93,41
2026-05-21 22:30:47,2026-05-21,5,健身中心,18:00-19:30,103,110,不开放/已过期,,雾,19,19,3,0.0,88,46
2026-05-21 23:00:56,2026-05-21,5,健身中心,18:00-19:30,103,110,不开放/已过期,,多云,18,17,3,0.0,85,46
2026-05-21 23:30:55,2026-05-21,5,健身中心,18:00-19:30,103,110,不开放/已过期,,多云,18,17,3,0.0,85,48
2026-05-21 00:30:49,2026-05-21,5,健身中心,20:00-21:30,4,110,可预约,￥5.0,多云,15,13,3,0.0,100,26
2026-05-21 01:00:55,2026-05-21,5,健身中心,20:00-21:30,4,110,可预约,￥5.0,多云,15,12,4,0.0,100,26
2026-05-21 01:30:47,2026-05-21,5,健身中心,20:00-21:30,4,110,可预约,￥5.0,多云,15,13,4,0.0,100,28
2026-05-21 02:00:53,2026-05-21,5,健身中心,20:00-21:30,4,110,可预约,￥5.0,多云,15,12,4,0.0,100,28
2026-05-21 02:30:49,2026-05-21,5,健身中心,20:00-21:30,4,110,可预约,￥5.0,多云,15,14,3,0.0,100,29
2026-05-21 03:00:55,2026-05-21,5,健身中心,20:00-21:30,4,110,可预约,￥5.0,多云,15,12,4,0.0,100,29
2026-05-21 03:30:49,2026-05-21,5,健身中心,20:00-21:30,4,110,可预约,￥5.0,多云,15,14,3,0.0,100,30
2026-05-21 04:30:45,2026-05-21,5,健身中心,20:00-21:30,4,110,可预约,￥5.0,多云,15,12,4,0.0,100,29
2026-05-21 05:00:52,2026-05-21,5,健身中心,20:00-21:30,4,110,可预约,￥5.0,多云,15,12,4,0.0,100,29
2026-05-21 05:30:49,2026-05-21,5,健身中心,20:00-21:30,4,110,可预约,￥5.0,多云,15,13,3,0.0,100,28
2026-05-21 06:00:50,2026-05-21,5,健身中心,20:00-21:30,4,110,可预约,￥5.0,多云,15,13,4,0.0,99,28
2026-05-21 06:30:38,2026-05-21,5,健身中心,20:00-21:30,4,110,可预约,￥5.0,多云,15,13,3,0.0,97,28
2026-05-21 07:00:43,2026-05-21,5,健身中心,20:00-21:30,4,110,可预约,￥5.0,晴,15,11,5,0.0,93,28
2026-05-21 07:30:39,2026-05-21,5,健身中心,20:00-21:30,4,110,可预约,￥5.0,晴,17,13,4,0.0,89,29
2026-05-21 07:50:40,2026-05-21,5,健身中心,20:00-21:30,4,110,可预约,￥5.0,晴,17,13,4,0.0,88,29
2026-05-21 07:53:31,2026-05-21,5,健身中心,20:00-21:30,4,110,可预约,￥5.0,晴,17,12,5,0.0,86,29
2026-05-21 07:56:31,2026-05-21,5,健身中心,20:00-21:30,4,110,可预约,￥5.0,晴,17,12,5,0.0,86,29
2026-05-21 07:59:26,2026-05-21,5,健身中心,20:00-21:30,4,110,可预约,￥5.0,晴,17,12,5,0.0,86,29
2026-05-21 08:00:45,2026-05-21,5,健身中心,20:00-21:30,4,110,可预约,￥5.0,晴,17,12,5,0.0,86,29
2026-05-21 08:02:30,2026-05-21,5,健身中心,20:00-21:30,4,110,可预约,￥5.0,多云,17,12,5,0.0,87,29
2026-05-21 08:05:36,2026-05-21,5,健身中心,20:00-21:30,4,110,可预约,￥5.0,多云,17,12,5,0.0,86,29
2026-05-21 08:08:31,2026-05-21,5,健身中心,20:00-21:30,4,110,可预约,￥5.0,多云,17,12,5,0.0,86,29
2026-05-21 08:11:30,2026-05-21,5,健身中心,20:00-21:30,4,110,可预约,￥5.0,多云,17,12,5,0.0,86,29
2026-05-21 08:14:31,2026-05-21,5,健身中心,20:00-21:30,4,110,可预约,￥5.0,多云,17,12,5,0.0,86,29
2026-05-21 08:17:30,2026-05-21,5,健身中心,20:00-21:30,4,110,可预约,￥5.0,多云,17,12,5,0.0,86,29
2026-05-21 08:20:35,2026-05-21,5,健身中心,20:00-21:30,4,110,可预约,￥5.0,多云,17,14,4,0.0,85,29
2026-05-21 08:25:32,2026-05-21,5,健身中心,20:00-21:30,4,110,可预约,￥5.0,多云,17,14,4,0.0,85,28
2026-05-21 08:30:42,2026-05-21,5,健身中心,20:00-21:30,4,110,可预约,￥5.0,多云,18,15,4,0.0,84,28
2026-05-21 08:35:31,2026-05-21,5,健身中心,20:00-21:30,4,110,可预约,￥5.0,多云,18,15,4,0.0,84,28
2026-05-21 08:40:38,2026-05-21,5,健身中心,20:00-21:30,4,110,可预约,￥5.0,多云,18,15,4,0.0,82,28
2026-05-21 08:45:33,2026-05-21,5,健身中心,20:00-21:30,5,110,可预约,￥5.0,多云,18,15,4,0.0,82,28
2026-05-21 08:50:36,2026-05-21,5,健身中心,20:00-21:30,5,110,可预约,￥5.0,多云,18,15,4,0.0,82,28
2026-05-21 08:55:34,2026-05-21,5,健身中心,20:00-21:30,5,110,可预约,￥5.0,多云,18,15,4,0.0,84,28
2026-05-21 09:00:51,2026-05-21,5,健身中心,20:00-21:30,6,110,可预约,￥5.0,多云,18,15,4,0.0,84,28
2026-05-21 09:01:59,2026-05-21,5,健身中心,20:00-21:30,6,110,可预约,￥5.0,多云,18,15,4,0.0,83,28
2026-05-21 09:05:33,2026-05-21,5,健身中心,20:00-21:30,6,110,可预约,￥5.0,多云,18,15,4,0.0,83,28
2026-05-21 09:20:38,2026-05-21,5,健身中心,20:00-21:30,7,110,可预约,￥5.0,多云,18,16,3,0.0,81,28
2026-05-21 09:30:46,2026-05-21,5,健身中心,20:00-21:30,7,110,可预约,￥5.0,多云,18,16,3,0.0,81,32
2026-05-21 09:40:36,2026-05-21,5,健身中心,20:00-21:30,7,110,可预约,￥5.0,多云,19,17,3,0.0,79,32
2026-05-21 09:50:42,2026-05-21,5,健身中心,20:00-21:30,7,110,可预约,￥5.0,多云,19,17,4,0.0,81,32
2026-05-21 10:00:46,2026-05-21,5,健身中心,20:00-21:30,7,110,可预约,￥5.0,多云,19,17,4,0.0,79,32
2026-05-21 10:10:40,2026-05-21,5,健身中心,20:00-21:30,7,110,可预约,￥5.0,多云,19,17,4,0.0,79,32
2026-05-21 10:20:38,2026-05-21,5,健身中心,20:00-21:30,7,110,可预约,￥5.0,多云,19,17,4,0.0,79,32
2026-05-21 10:30:41,2026-05-21,5,健身中心,20:00-21:30,7,110,可预约,￥5.0,多云,19,18,3,0.0,78,31
2026-05-21 11:00:44,2026-05-21,5,健身中心,20:00-21:30,7,110,可预约,￥5.0,多云,21,17,5,0.0,74,31
2026-05-21 11:30:38,2026-05-21,5,健身中心,20:00-21:30,7,110,可预约,￥5.0,多云,21,19,3,0.0,72,33
2026-05-21 12:00:46,2026-05-21,5,健身中心,20:00-21:30,9,110,可预约,￥5.0,多云,22,19,4,0.0,70,33
2026-05-21 12:30:42,2026-05-21,5,健身中心,20:00-21:30,9,110,可预约,￥5.0,多云,22,21,3,0.0,68,35
2026-05-21 13:00:43,2026-05-21,5,健身中心,20:00-21:30,11,110,可预约,￥5.0,多云,24,22,4,0.0,66,35
2026-05-21 13:30:43,2026-05-21,5,健身中心,20:00-21:30,11,110,可预约,￥5.0,多云,24,22,4,0.0,66,36
2026-05-21 14:00:48,2026-05-21,5,健身中心,20:00-21:30,10,110,可预约,￥5.0,多云,25,23,4,0.0,66,36
2026-05-21 14:30:45,2026-05-21,5,健身中心,20:00-21:30,11,110,可预约,￥5.0,晴,25,25,3,0.0,65,39
2026-05-21 15:00:45,2026-05-21,5,健身中心,20:00-21:30,15,110,可预约,￥5.0,晴,25,22,4,0.0,56,39
2026-05-21 15:30:43,2026-05-21,5,健身中心,20:00-21:30,17,110,可预约,￥5.0,晴,25,23,4,0.0,57,40
2026-05-21 16:00:51,2026-05-21,5,健身中心,20:00-21:30,19,110,可预约,￥5.0,晴,25,23,4,0.0,57,40
2026-05-21 16:30:48,2026-05-21,5,健身中心,20:00-21:30,24,110,可预约,￥5.0,晴,25,24,3,0.0,60,39
2026-05-21 17:00:49,2026-05-21,5,健身中心,20:00-21:30,24,110,可预约,￥5.0,晴,25,24,4,0.0,61,39
2026-05-21 17:30:47,2026-05-21,5,健身中心,20:00-21:30,26,110,可预约,￥5.0,多云,24,23,3,0.0,64,39
2026-05-21 18:00:50,2026-05-21,5,健身中心,20:00-21:30,29,110,可预约,￥5.0,多云,24,23,3,0.0,68,39
2026-05-21 18:30:50,2026-05-21,5,健身中心,20:00-21:30,36,110,可预约,￥5.0,阴,24,25,2,0.0,68,40
2026-05-21 19:00:50,2026-05-21,5,健身中心,20:00-21:30,44,110,可预约,￥5.0,阴,23,23,3,0.0,76,40
2026-05-21 19:30:46,2026-05-21,5,健身中心,20:00-21:30,49,110,可预约,￥5.0,阴,23,24,2,0.0,77,39
2026-05-21 20:00:49,2026-05-21,5,健身中心,20:00-21:30,65,110,可预约,￥5.0,雾,22,23,2,0.0,89,39
2026-05-21 20:30:44,2026-05-21,5,健身中心,20:00-21:30,69,110,可预约,￥5.0,雾,22,24,2,0.0,93,43
2026-05-21 21:00:56,2026-05-21,5,健身中心,20:00-21:30,69,110,可预约,￥5.0,雾,20,21,2,0.0,98,43
2026-05-21 21:30:46,2026-05-21,5,健身中心,20:00-21:30,69,110,不开放/已过期,,雾,20,22,1,0.0,99,41
2026-05-21 22:01:02,2026-05-21,5,健身中心,20:00-21:30,69,110,不开放/已过期,,雾,19,20,2,0.0,93,41
2026-05-21 22:30:47,2026-05-21,5,健身中心,20:00-21:30,69,110,不开放/已过期,,雾,19,19,3,0.0,88,46
2026-05-21 23:00:56,2026-05-21,5,健身中心,20:00-21:30,69,110,不开放/已过期,,多云,18,17,3,0.0,85,46
2026-05-21 23:30:55,2026-05-21,5,健身中心,20:00-21:30,69,110,不开放/已过期,,多云,18,17,3,0.0,85,48
2026-05-21 00:30:49,2026-05-21,6,篮球场-东场地北半场,09:00-10:00,0,1,可预约,￥50.0,多云,15,13,3,0.0,100,26
2026-05-21 01:00:55,2026-05-21,6,篮球场-东场地北半场,09:00-10:00,0,1,可预约,￥50.0,多云,15,12,4,0.0,100,26
2026-05-21 01:30:47,2026-05-21,6,篮球场-东场地北半场,09:00-10:00,0,1,可预约,￥50.0,多云,15,13,4,0.0,100,28
2026-05-21 02:00:53,2026-05-21,6,篮球场-东场地北半场,09:00-10:00,0,1,可预约,￥50.0,多云,15,12,4,0.0,100,28
2026-05-21 02:30:49,2026-05-21,6,篮球场-东场地北半场,09:00-10:00,0,1,可预约,￥50.0,多云,15,14,3,0.0,100,29
2026-05-21 03:00:55,2026-05-21,6,篮球场-东场地北半场,09:00-10:00,0,1,可预约,￥50.0,多云,15,12,4,0.0,100,29
2026-05-21 03:30:49,2026-05-21,6,篮球场-东场地北半场,09:00-10:00,0,1,可预约,￥50.0,多云,15,14,3,0.0,100,30
2026-05-21 04:30:45,2026-05-21,6,篮球场-东场地北半场,09:00-10:00,0,1,可预约,￥50.0,多云,15,12,4,0.0,100,29
2026-05-21 05:00:52,2026-05-21,6,篮球场-东场地北半场,09:00-10:00,0,1,可预约,￥50.0,多云,15,12,4,0.0,100,29
2026-05-21 05:30:49,2026-05-21,6,篮球场-东场地北半场,09:00-10:00,0,1,可预约,￥50.0,多云,15,13,3,0.0,100,28
2026-05-21 06:00:50,2026-05-21,6,篮球场-东场地北半场,09:00-10:00,0,1,可预约,￥50.0,多云,15,13,4,0.0,99,28
2026-05-21 06:30:38,2026-05-21,6,篮球场-东场地北半场,09:00-10:00,0,1,可预约,￥50.0,多云,15,13,3,0.0,97,28
2026-05-21 07:00:43,2026-05-21,6,篮球场-东场地北半场,09:00-10:00,0,1,可预约,￥50.0,晴,15,11,5,0.0,93,28
2026-05-21 07:30:39,2026-05-21,6,篮球场-东场地北半场,09:00-10:00,0,1,可预约,￥50.0,晴,17,13,4,0.0,89,29
2026-05-21 07:50:40,2026-05-21,6,篮球场-东场地北半场,09:00-10:00,0,1,可预约,￥50.0,晴,17,13,4,0.0,88,29
2026-05-21 07:53:31,2026-05-21,6,篮球场-东场地北半场,09:00-10:00,0,1,可预约,￥50.0,晴,17,12,5,0.0,86,29
2026-05-21 07:56:31,2026-05-21,6,篮球场-东场地北半场,09:00-10:00,0,1,可预约,￥50.0,晴,17,12,5,0.0,86,29
2026-05-21 07:59:26,2026-05-21,6,篮球场-东场地北半场,09:00-10:00,0,1,可预约,￥50.0,晴,17,12,5,0.0,86,29
2026-05-21 08:00:45,2026-05-21,6,篮球场-东场地北半场,09:00-10:00,0,1,可预约,￥50.0,晴,17,12,5,0.0,86,29
2026-05-21 08:02:30,2026-05-21,6,篮球场-东场地北半场,09:00-10:00,0,1,可预约,￥50.0,多云,17,12,5,0.0,87,29
2026-05-21 08:05:36,2026-05-21,6,篮球场-东场地北半场,09:00-10:00,0,1,可预约,￥50.0,多云,17,12,5,0.0,86,29
2026-05-21 08:08:31,2026-05-21,6,篮球场-东场地北半场,09:00-10:00,0,1,可预约,￥50.0,多云,17,12,5,0.0,86,29
2026-05-21 08:11:30,2026-05-21,6,篮球场-东场地北半场,09:00-10:00,0,1,可预约,￥50.0,多云,17,12,5,0.0,86,29
2026-05-21 08:14:31,2026-05-21,6,篮球场-东场地北半场,09:00-10:00,0,1,可预约,￥50.0,多云,17,12,5,0.0,86,29
2026-05-21 08:17:30,2026-05-21,6,篮球场-东场地北半场,09:00-10:00,0,1,可预约,￥50.0,多云,17,12,5,0.0,86,29
2026-05-21 08:20:35,2026-05-21,6,篮球场-东场地北半场,09:00-10:00,0,1,可预约,￥50.0,多云,17,14,4,0.0,85,29
2026-05-21 08:25:32,2026-05-21,6,篮球场-东场地北半场,09:00-10:00,0,1,可预约,￥50.0,多云,17,14,4,0.0,85,28
2026-05-21 08:30:42,2026-05-21,6,篮球场-东场地北半场,09:00-10:00,0,1,可预约,￥50.0,多云,18,15,4,0.0,84,28
2026-05-21 08:35:31,2026-05-21,6,篮球场-东场地北半场,09:00-10:00,0,1,可预约,￥50.0,多云,18,15,4,0.0,84,28
2026-05-21 08:40:38,2026-05-21,6,篮球场-东场地北半场,09:00-10:00,0,1,可预约,￥50.0,多云,18,15,4,0.0,82,28
2026-05-21 08:45:33,2026-05-21,6,篮球场-东场地北半场,09:00-10:00,0,1,可预约,￥50.0,多云,18,15,4,0.0,82,28
2026-05-21 08:50:36,2026-05-21,6,篮球场-东场地北半场,09:00-10:00,0,1,可预约,￥50.0,多云,18,15,4,0.0,82,28
2026-05-21 08:55:34,2026-05-21,6,篮球场-东场地北半场,09:00-10:00,0,1,可预约,￥50.0,多云,18,15,4,0.0,84,28
2026-05-21 09:00:51,2026-05-21,6,篮球场-东场地北半场,09:00-10:00,0,1,可预约,￥50.0,多云,18,15,4,0.0,84,28
2026-05-21 09:01:59,2026-05-21,6,篮球场-东场地北半场,09:00-10:00,0,1,可预约,￥50.0,多云,18,15,4,0.0,83,28
2026-05-21 09:05:33,2026-05-21,6,篮球场-东场地北半场,09:00-10:00,0,1,可预约,￥50.0,多云,18,15,4,0.0,83,28
2026-05-21 09:20:38,2026-05-21,6,篮球场-东场地北半场,09:00-10:00,0,1,可预约,￥50.0,多云,18,16,3,0.0,81,28
2026-05-21 09:30:46,2026-05-21,6,篮球场-东场地北半场,09:00-10:00,0,1,可预约,￥50.0,多云,18,16,3,0.0,81,32
2026-05-21 09:40:36,2026-05-21,6,篮球场-东场地北半场,09:00-10:00,0,1,可预约,￥50.0,多云,19,17,3,0.0,79,32
2026-05-21 09:50:42,2026-05-21,6,篮球场-东场地北半场,09:00-10:00,0,1,可预约,￥50.0,多云,19,17,4,0.0,81,32
2026-05-21 10:00:46,2026-05-21,6,篮球场-东场地北半场,09:00-10:00,0,1,不开放/已过期,,多云,19,17,4,0.0,79,32
2026-05-21 10:10:40,2026-05-21,6,篮球场-东场地北半场,09:00-10:00,0,1,不开放/已过期,,多云,19,17,4,0.0,79,32
2026-05-21 10:20:38,2026-05-21,6,篮球场-东场地北半场,09:00-10:00,0,1,不开放/已过期,,多云,19,17,4,0.0,79,32
2026-05-21 10:30:41,2026-05-21,6,篮球场-东场地北半场,09:00-10:00,0,1,不开放/已过期,,多云,19,18,3,0.0,78,31
2026-05-21 11:00:44,2026-05-21,6,篮球场-东场地北半场,09:00-10:00,0,1,不开放/已过期,,多云,21,17,5,0.0,74,31
2026-05-21 11:30:38,2026-05-21,6,篮球场-东场地北半场,09:00-10:00,0,1,不开放/已过期,,多云,21,19,3,0.0,72,33
2026-05-21 12:00:46,2026-05-21,6,篮球场-东场地北半场,09:00-10:00,0,1,不开放/已过期,,多云,22,19,4,0.0,70,33
2026-05-21 12:30:42,2026-05-21,6,篮球场-东场地北半场,09:00-10:00,0,1,不开放/已过期,,多云,22,21,3,0.0,68,35
2026-05-21 13:00:43,2026-05-21,6,篮球场-东场地北半场,09:00-10:00,0,1,不开放/已过期,,多云,24,22,4,0.0,66,35
2026-05-21 13:30:43,2026-05-21,6,篮球场-东场地北半场,09:00-10:00,0,1,不开放/已过期,,多云,24,22,4,0.0,66,36
2026-05-21 14:00:48,2026-05-21,6,篮球场-东场地北半场,09:00-10:00,0,1,不开放/已过期,,多云,25,23,4,0.0,66,36
2026-05-21 14:30:45,2026-05-21,6,篮球场-东场地北半场,09:00-10:00,0,1,不开放/已过期,,晴,25,25,3,0.0,65,39
2026-05-21 15:00:45,2026-05-21,6,篮球场-东场地北半场,09:00-10:00,0,1,不开放/已过期,,晴,25,22,4,0.0,56,39
2026-05-21 15:30:43,2026-05-21,6,篮球场-东场地北半场,09:00-10:00,0,1,不开放/已过期,,晴,25,23,4,0.0,57,40
2026-05-21 16:00:51,2026-05-21,6,篮球场-东场地北半场,09:00-10:00,0,1,不开放/已过期,,晴,25,23,4,0.0,57,40
2026-05-21 16:30:48,2026-05-21,6,篮球场-东场地北半场,09:00-10:00,0,1,不开放/已过期,,晴,25,24,3,0.0,60,39
2026-05-21 17:00:49,2026-05-21,6,篮球场-东场地北半场,09:00-10:00,0,1,不开放/已过期,,晴,25,24,4,0.0,61,39
2026-05-21 17:30:47,2026-05-21,6,篮球场-东场地北半场,09:00-10:00,0,1,不开放/已过期,,多云,24,23,3,0.0,64,39
2026-05-21 18:00:50,2026-05-21,6,篮球场-东场地北半场,09:00-10:00,0,1,不开放/已过期,,多云,24,23,3,0.0,68,39
2026-05-21 18:30:50,2026-05-21,6,篮球场-东场地北半场,09:00-10:00,0,1,不开放/已过期,,阴,24,25,2,0.0,68,40
2026-05-21 19:00:50,2026-05-21,6,篮球场-东场地北半场,09:00-10:00,0,1,不开放/已过期,,阴,23,23,3,0.0,76,40
2026-05-21 19:30:46,2026-05-21,6,篮球场-东场地北半场,09:00-10:00,0,1,不开放/已过期,,阴,23,24,2,0.0,77,39
2026-05-21 20:00:49,2026-05-21,6,篮球场-东场地北半场,09:00-10:00,0,1,不开放/已过期,,雾,22,23,2,0.0,89,39
2026-05-21 20:30:44,2026-05-21,6,篮球场-东场地北半场,09:00-10:00,0,1,不开放/已过期,,雾,22,24,2,0.0,93,43
2026-05-21 21:00:56,2026-05-21,6,篮球场-东场地北半场,09:00-10:00,0,1,不开放/已过期,,雾,20,21,2,0.0,98,43
2026-05-21 21:30:46,2026-05-21,6,篮球场-东场地北半场,09:00-10:00,0,1,不开放/已过期,,雾,20,22,1,0.0,99,41
2026-05-21 22:01:02,2026-05-21,6,篮球场-东场地北半场,09:00-10:00,0,1,不开放/已过期,,雾,19,20,2,0.0,93,41
2026-05-21 22:30:47,2026-05-21,6,篮球场-东场地北半场,09:00-10:00,0,1,不开放/已过期,,雾,19,19,3,0.0,88,46
2026-05-21 23:00:56,2026-05-21,6,篮球场-东场地北半场,09:00-10:00,0,1,不开放/已过期,,多云,18,17,3,0.0,85,46
2026-05-21 23:30:55,2026-05-21,6,篮球场-东场地北半场,09:00-10:00,0,1,不开放/已过期,,多云,18,17,3,0.0,85,48
2026-05-21 00:30:49,2026-05-21,6,篮球场-东场地北半场,10:30-11:30,1,1,已售/已满,教学时间,多云,15,13,3,0.0,100,26
2026-05-21 01:00:55,2026-05-21,6,篮球场-东场地北半场,10:30-11:30,1,1,已售/已满,教学时间,多云,15,12,4,0.0,100,26
2026-05-21 01:30:47,2026-05-21,6,篮球场-东场地北半场,10:30-11:30,1,1,已售/已满,教学时间,多云,15,13,4,0.0,100,28
2026-05-21 02:00:53,2026-05-21,6,篮球场-东场地北半场,10:30-11:30,1,1,已售/已满,教学时间,多云,15,12,4,0.0,100,28
2026-05-21 02:30:49,2026-05-21,6,篮球场-东场地北半场,10:30-11:30,1,1,已售/已满,教学时间,多云,15,14,3,0.0,100,29
2026-05-21 03:00:55,2026-05-21,6,篮球场-东场地北半场,10:30-11:30,1,1,已售/已满,教学时间,多云,15,12,4,0.0,100,29
2026-05-21 03:30:49,2026-05-21,6,篮球场-东场地北半场,10:30-11:30,1,1,已售/已满,教学时间,多云,15,14,3,0.0,100,30
2026-05-21 04:30:45,2026-05-21,6,篮球场-东场地北半场,10:30-11:30,1,1,已售/已满,教学时间,多云,15,12,4,0.0,100,29
2026-05-21 05:00:52,2026-05-21,6,篮球场-东场地北半场,10:30-11:30,1,1,已售/已满,教学时间,多云,15,12,4,0.0,100,29
2026-05-21 05:30:49,2026-05-21,6,篮球场-东场地北半场,10:30-11:30,1,1,已售/已满,教学时间,多云,15,13,3,0.0,100,28
2026-05-21 06:00:50,2026-05-21,6,篮球场-东场地北半场,10:30-11:30,1,1,已售/已满,教学时间,多云,15,13,4,0.0,99,28
2026-05-21 06:30:38,2026-05-21,6,篮球场-东场地北半场,10:30-11:30,1,1,已售/已满,教学时间,多云,15,13,3,0.0,97,28
2026-05-21 07:00:43,2026-05-21,6,篮球场-东场地北半场,10:30-11:30,1,1,已售/已满,教学时间,晴,15,11,5,0.0,93,28
2026-05-21 07:30:39,2026-05-21,6,篮球场-东场地北半场,10:30-11:30,1,1,已售/已满,教学时间,晴,17,13,4,0.0,89,29
2026-05-21 07:50:40,2026-05-21,6,篮球场-东场地北半场,10:30-11:30,1,1,已售/已满,教学时间,晴,17,13,4,0.0,88,29
2026-05-21 07:53:31,2026-05-21,6,篮球场-东场地北半场,10:30-11:30,1,1,已售/已满,教学时间,晴,17,12,5,0.0,86,29
2026-05-21 07:56:31,2026-05-21,6,篮球场-东场地北半场,10:30-11:30,1,1,已售/已满,教学时间,晴,17,12,5,0.0,86,29
2026-05-21 07:59:26,2026-05-21,6,篮球场-东场地北半场,10:30-11:30,1,1,已售/已满,教学时间,晴,17,12,5,0.0,86,29
2026-05-21 08:00:45,2026-05-21,6,篮球场-东场地北半场,10:30-11:30,1,1,已售/已满,教学时间,晴,17,12,5,0.0,86,29
2026-05-21 08:02:30,2026-05-21,6,篮球场-东场地北半场,10:30-11:30,1,1,已售/已满,教学时间,多云,17,12,5,0.0,87,29
2026-05-21 08:05:36,2026-05-21,6,篮球场-东场地北半场,10:30-11:30,1,1,已售/已满,教学时间,多云,17,12,5,0.0,86,29
2026-05-21 08:08:31,2026-05-21,6,篮球场-东场地北半场,10:30-11:30,1,1,已售/已满,教学时间,多云,17,12,5,0.0,86,29
2026-05-21 08:11:30,2026-05-21,6,篮球场-东场地北半场,10:30-11:30,1,1,已售/已满,教学时间,多云,17,12,5,0.0,86,29
2026-05-21 08:14:31,2026-05-21,6,篮球场-东场地北半场,10:30-11:30,1,1,已售/已满,教学时间,多云,17,12,5,0.0,86,29
2026-05-21 08:17:30,2026-05-21,6,篮球场-东场地北半场,10:30-11:30,1,1,已售/已满,教学时间,多云,17,12,5,0.0,86,29
2026-05-21 08:20:35,2026-05-21,6,篮球场-东场地北半场,10:30-11:30,1,1,已售/已满,教学时间,多云,17,14,4,0.0,85,29
2026-05-21 08:25:32,2026-05-21,6,篮球场-东场地北半场,10:30-11:30,1,1,已售/已满,教学时间,多云,17,14,4,0.0,85,28
2026-05-21 08:30:42,2026-05-21,6,篮球场-东场地北半场,10:30-11:30,1,1,已售/已满,教学时间,多云,18,15,4,0.0,84,28
2026-05-21 08:35:31,2026-05-21,6,篮球场-东场地北半场,10:30-11:30,1,1,已售/已满,教学时间,多云,18,15,4,0.0,84,28
2026-05-21 08:40:38,2026-05-21,6,篮球场-东场地北半场,10:30-11:30,1,1,已售/已满,教学时间,多云,18,15,4,0.0,82,28
2026-05-21 08:45:33,2026-05-21,6,篮球场-东场地北半场,10:30-11:30,1,1,已售/已满,教学时间,多云,18,15,4,0.0,82,28
2026-05-21 08:50:36,2026-05-21,6,篮球场-东场地北半场,10:30-11:30,1,1,已售/已满,教学时间,多云,18,15,4,0.0,82,28
2026-05-21 08:55:34,2026-05-21,6,篮球场-东场地北半场,10:30-11:30,1,1,已售/已满,教学时间,多云,18,15,4,0.0,84,28
2026-05-21 09:00:51,2026-05-21,6,篮球场-东场地北半场,10:30-11:30,1,1,已售/已满,教学时间,多云,18,15,4,0.0,84,28
2026-05-21 09:01:59,2026-05-21,6,篮球场-东场地北半场,10:30-11:30,1,1,已售/已满,教学时间,多云,18,15,4,0.0,83,28
2026-05-21 09:05:33,2026-05-21,6,篮球场-东场地北半场,10:30-11:30,1,1,已售/已满,教学时间,多云,18,15,4,0.0,83,28
2026-05-21 09:20:38,2026-05-21,6,篮球场-东场地北半场,10:30-11:30,1,1,已售/已满,教学时间,多云,18,16,3,0.0,81,28
2026-05-21 09:30:46,2026-05-21,6,篮球场-东场地北半场,10:30-11:30,1,1,已售/已满,教学时间,多云,18,16,3,0.0,81,32
2026-05-21 09:40:36,2026-05-21,6,篮球场-东场地北半场,10:30-11:30,1,1,已售/已满,教学时间,多云,19,17,3,0.0,79,32
2026-05-21 09:50:42,2026-05-21,6,篮球场-东场地北半场,10:30-11:30,1,1,已售/已满,教学时间,多云,19,17,4,0.0,81,32
2026-05-21 10:00:46,2026-05-21,6,篮球场-东场地北半场,10:30-11:30,1,1,已售/已满,教学时间,多云,19,17,4,0.0,79,32
2026-05-21 10:10:40,2026-05-21,6,篮球场-东场地北半场,10:30-11:30,1,1,已售/已满,教学时间,多云,19,17,4,0.0,79,32
2026-05-21 10:20:38,2026-05-21,6,篮球场-东场地北半场,10:30-11:30,1,1,已售/已满,教学时间,多云,19,17,4,0.0,79,32
2026-05-21 10:30:41,2026-05-21,6,篮球场-东场地北半场,10:30-11:30,1,1,已售/已满,教学时间,多云,19,18,3,0.0,78,31
2026-05-21 11:00:44,2026-05-21,6,篮球场-东场地北半场,10:30-11:30,1,1,已售/已满,教学时间,多云,21,17,5,0.0,74,31
2026-05-21 11:30:38,2026-05-21,6,篮球场-东场地北半场,10:30-11:30,1,1,已售/已满,教学时间,多云,21,19,3,0.0,72,33
2026-05-21 12:00:46,2026-05-21,6,篮球场-东场地北半场,10:30-11:30,1,1,已售/已满,教学时间,多云,22,19,4,0.0,70,33
2026-05-21 12:30:42,2026-05-21,6,篮球场-东场地北半场,10:30-11:30,1,1,已售/已满,教学时间,多云,22,21,3,0.0,68,35
2026-05-21 13:00:43,2026-05-21,6,篮球场-东场地北半场,10:30-11:30,1,1,已售/已满,教学时间,多云,24,22,4,0.0,66,35
2026-05-21 13:30:43,2026-05-21,6,篮球场-东场地北半场,10:30-11:30,1,1,已售/已满,教学时间,多云,24,22,4,0.0,66,36
2026-05-21 14:00:48,2026-05-21,6,篮球场-东场地北半场,10:30-11:30,1,1,已售/已满,教学时间,多云,25,23,4,0.0,66,36
2026-05-21 14:30:45,2026-05-21,6,篮球场-东场地北半场,10:30-11:30,1,1,已售/已满,教学时间,晴,25,25,3,0.0,65,39
2026-05-21 15:00:45,2026-05-21,6,篮球场-东场地北半场,10:30-11:30,1,1,已售/已满,教学时间,晴,25,22,4,0.0,56,39
2026-05-21 15:30:43,2026-05-21,6,篮球场-东场地北半场,10:30-11:30,1,1,已售/已满,教学时间,晴,25,23,4,0.0,57,40
2026-05-21 16:00:51,2026-05-21,6,篮球场-东场地北半场,10:30-11:30,1,1,已售/已满,教学时间,晴,25,23,4,0.0,57,40
2026-05-21 16:30:48,2026-05-21,6,篮球场-东场地北半场,10:30-11:30,1,1,已售/已满,教学时间,晴,25,24,3,0.0,60,39
2026-05-21 17:00:49,2026-05-21,6,篮球场-东场地北半场,10:30-11:30,1,1,已售/已满,教学时间,晴,25,24,4,0.0,61,39
2026-05-21 17:30:47,2026-05-21,6,篮球场-东场地北半场,10:30-11:30,1,1,已售/已满,教学时间,多云,24,23,3,0.0,64,39
2026-05-21 18:00:50,2026-05-21,6,篮球场-东场地北半场,10:30-11:30,1,1,已售/已满,教学时间,多云,24,23,3,0.0,68,39
2026-05-21 18:30:50,2026-05-21,6,篮球场-东场地北半场,10:30-11:30,1,1,已售/已满,教学时间,阴,24,25,2,0.0,68,40
2026-05-21 19:00:50,2026-05-21,6,篮球场-东场地北半场,10:30-11:30,1,1,已售/已满,教学时间,阴,23,23,3,0.0,76,40
2026-05-21 19:30:46,2026-05-21,6,篮球场-东场地北半场,10:30-11:30,1,1,已售/已满,教学时间,阴,23,24,2,0.0,77,39
2026-05-21 20:00:49,2026-05-21,6,篮球场-东场地北半场,10:30-11:30,1,1,已售/已满,教学时间,雾,22,23,2,0.0,89,39
2026-05-21 20:30:44,2026-05-21,6,篮球场-东场地北半场,10:30-11:30,1,1,已售/已满,教学时间,雾,22,24,2,0.0,93,43
2026-05-21 21:00:56,2026-05-21,6,篮球场-东场地北半场,10:30-11:30,1,1,已售/已满,教学时间,雾,20,21,2,0.0,98,43
2026-05-21 21:30:46,2026-05-21,6,篮球场-东场地北半场,10:30-11:30,1,1,已售/已满,教学时间,雾,20,22,1,0.0,99,41
2026-05-21 22:01:02,2026-05-21,6,篮球场-东场地北半场,10:30-11:30,1,1,已售/已满,教学时间,雾,19,20,2,0.0,93,41
2026-05-21 22:30:47,2026-05-21,6,篮球场-东场地北半场,10:30-11:30,1,1,已售/已满,教学时间,雾,19,19,3,0.0,88,46
2026-05-21 23:00:56,2026-05-21,6,篮球场-东场地北半场,10:30-11:30,1,1,已售/已满,教学时间,多云,18,17,3,0.0,85,46
2026-05-21 23:30:55,2026-05-21,6,篮球场-东场地北半场,10:30-11:30,1,1,已售/已满,教学时间,多云,18,17,3,0.0,85,48
2026-05-21 00:30:49,2026-05-21,6,篮球场-东场地北半场,14:00-15:00,1,1,已售/已满,教学时间,多云,15,13,3,0.0,100,26
2026-05-21 01:00:55,2026-05-21,6,篮球场-东场地北半场,14:00-15:00,1,1,已售/已满,教学时间,多云,15,12,4,0.0,100,26
2026-05-21 01:30:47,2026-05-21,6,篮球场-东场地北半场,14:00-15:00,1,1,已售/已满,教学时间,多云,15,13,4,0.0,100,28
2026-05-21 02:00:53,2026-05-21,6,篮球场-东场地北半场,14:00-15:00,1,1,已售/已满,教学时间,多云,15,12,4,0.0,100,28
2026-05-21 02:30:49,2026-05-21,6,篮球场-东场地北半场,14:00-15:00,1,1,已售/已满,教学时间,多云,15,14,3,0.0,100,29
2026-05-21 03:00:55,2026-05-21,6,篮球场-东场地北半场,14:00-15:00,1,1,已售/已满,教学时间,多云,15,12,4,0.0,100,29
2026-05-21 03:30:49,2026-05-21,6,篮球场-东场地北半场,14:00-15:00,1,1,已售/已满,教学时间,多云,15,14,3,0.0,100,30
2026-05-21 04:30:45,2026-05-21,6,篮球场-东场地北半场,14:00-15:00,1,1,已售/已满,教学时间,多云,15,12,4,0.0,100,29
2026-05-21 05:00:52,2026-05-21,6,篮球场-东场地北半场,14:00-15:00,1,1,已售/已满,教学时间,多云,15,12,4,0.0,100,29
2026-05-21 05:30:49,2026-05-21,6,篮球场-东场地北半场,14:00-15:00,1,1,已售/已满,教学时间,多云,15,13,3,0.0,100,28
2026-05-21 06:00:50,2026-05-21,6,篮球场-东场地北半场,14:00-15:00,1,1,已售/已满,教学时间,多云,15,13,4,0.0,99,28
2026-05-21 06:30:38,2026-05-21,6,篮球场-东场地北半场,14:00-15:00,1,1,已售/已满,教学时间,多云,15,13,3,0.0,97,28
2026-05-21 07:00:43,2026-05-21,6,篮球场-东场地北半场,14:00-15:00,1,1,已售/已满,教学时间,晴,15,11,5,0.0,93,28
2026-05-21 07:30:39,2026-05-21,6,篮球场-东场地北半场,14:00-15:00,1,1,已售/已满,教学时间,晴,17,13,4,0.0,89,29
2026-05-21 07:50:40,2026-05-21,6,篮球场-东场地北半场,14:00-15:00,1,1,已售/已满,教学时间,晴,17,13,4,0.0,88,29
2026-05-21 07:53:31,2026-05-21,6,篮球场-东场地北半场,14:00-15:00,1,1,已售/已满,教学时间,晴,17,12,5,0.0,86,29
2026-05-21 07:56:31,2026-05-21,6,篮球场-东场地北半场,14:00-15:00,1,1,已售/已满,教学时间,晴,17,12,5,0.0,86,29
2026-05-21 07:59:26,2026-05-21,6,篮球场-东场地北半场,14:00-15:00,1,1,已售/已满,教学时间,晴,17,12,5,0.0,86,29
2026-05-21 08:00:45,2026-05-21,6,篮球场-东场地北半场,14:00-15:00,1,1,已售/已满,教学时间,晴,17,12,5,0.0,86,29
2026-05-21 08:02:30,2026-05-21,6,篮球场-东场地北半场,14:00-15:00,1,1,已售/已满,教学时间,多云,17,12,5,0.0,87,29
2026-05-21 08:05:36,2026-05-21,6,篮球场-东场地北半场,14:00-15:00,1,1,已售/已满,教学时间,多云,17,12,5,0.0,86,29
2026-05-21 08:08:31,2026-05-21,6,篮球场-东场地北半场,14:00-15:00,1,1,已售/已满,教学时间,多云,17,12,5,0.0,86,29
2026-05-21 08:11:30,2026-05-21,6,篮球场-东场地北半场,14:00-15:00,1,1,已售/已满,教学时间,多云,17,12,5,0.0,86,29
2026-05-21 08:14:31,2026-05-21,6,篮球场-东场地北半场,14:00-15:00,1,1,已售/已满,教学时间,多云,17,12,5,0.0,86,29
2026-05-21 08:17:30,2026-05-21,6,篮球场-东场地北半场,14:00-15:00,1,1,已售/已满,教学时间,多云,17,12,5,0.0,86,29
2026-05-21 08:20:35,2026-05-21,6,篮球场-东场地北半场,14:00-15:00,1,1,已售/已满,教学时间,多云,17,14,4,0.0,85,29
2026-05-21 08:25:32,2026-05-21,6,篮球场-东场地北半场,14:00-15:00,1,1,已售/已满,教学时间,多云,17,14,4,0.0,85,28
2026-05-21 08:30:42,2026-05-21,6,篮球场-东场地北半场,14:00-15:00,1,1,已售/已满,教学时间,多云,18,15,4,0.0,84,28
2026-05-21 08:35:31,2026-05-21,6,篮球场-东场地北半场,14:00-15:00,1,1,已售/已满,教学时间,多云,18,15,4,0.0,84,28
2026-05-21 08:40:38,2026-05-21,6,篮球场-东场地北半场,14:00-15:00,1,1,已售/已满,教学时间,多云,18,15,4,0.0,82,28
2026-05-21 08:45:33,2026-05-21,6,篮球场-东场地北半场,14:00-15:00,1,1,已售/已满,教学时间,多云,18,15,4,0.0,82,28
2026-05-21 08:50:36,2026-05-21,6,篮球场-东场地北半场,14:00-15:00,1,1,已售/已满,教学时间,多云,18,15,4,0.0,82,28
2026-05-21 08:55:34,2026-05-21,6,篮球场-东场地北半场,14:00-15:00,1,1,已售/已满,教学时间,多云,18,15,4,0.0,84,28
2026-05-21 09:00:51,2026-05-21,6,篮球场-东场地北半场,14:00-15:00,1,1,已售/已满,教学时间,多云,18,15,4,0.0,84,28
2026-05-21 09:01:59,2026-05-21,6,篮球场-东场地北半场,14:00-15:00,1,1,已售/已满,教学时间,多云,18,15,4,0.0,83,28
2026-05-21 09:05:33,2026-05-21,6,篮球场-东场地北半场,14:00-15:00,1,1,已售/已满,教学时间,多云,18,15,4,0.0,83,28
2026-05-21 09:20:38,2026-05-21,6,篮球场-东场地北半场,14:00-15:00,1,1,已售/已满,教学时间,多云,18,16,3,0.0,81,28
2026-05-21 09:30:46,2026-05-21,6,篮球场-东场地北半场,14:00-15:00,1,1,已售/已满,教学时间,多云,18,16,3,0.0,81,32
2026-05-21 09:40:36,2026-05-21,6,篮球场-东场地北半场,14:00-15:00,1,1,已售/已满,教学时间,多云,19,17,3,0.0,79,32
2026-05-21 09:50:42,2026-05-21,6,篮球场-东场地北半场,14:00-15:00,1,1,已售/已满,教学时间,多云,19,17,4,0.0,81,32
2026-05-21 10:00:46,2026-05-21,6,篮球场-东场地北半场,14:00-15:00,1,1,已售/已满,教学时间,多云,19,17,4,0.0,79,32
2026-05-21 10:10:40,2026-05-21,6,篮球场-东场地北半场,14:00-15:00,1,1,已售/已满,教学时间,多云,19,17,4,0.0,79,32
2026-05-21 10:20:38,2026-05-21,6,篮球场-东场地北半场,14:00-15:00,1,1,已售/已满,教学时间,多云,19,17,4,0.0,79,32
2026-05-21 10:30:41,2026-05-21,6,篮球场-东场地北半场,14:00-15:00,1,1,已售/已满,教学时间,多云,19,18,3,0.0,78,31
2026-05-21 11:00:44,2026-05-21,6,篮球场-东场地北半场,14:00-15:00,1,1,已售/已满,教学时间,多云,21,17,5,0.0,74,31
2026-05-21 11:30:38,2026-05-21,6,篮球场-东场地北半场,14:00-15:00,1,1,已售/已满,教学时间,多云,21,19,3,0.0,72,33
2026-05-21 12:00:46,2026-05-21,6,篮球场-东场地北半场,14:00-15:00,1,1,已售/已满,教学时间,多云,22,19,4,0.0,70,33
2026-05-21 12:30:42,2026-05-21,6,篮球场-东场地北半场,14:00-15:00,1,1,已售/已满,教学时间,多云,22,21,3,0.0,68,35
2026-05-21 13:00:43,2026-05-21,6,篮球场-东场地北半场,14:00-15:00,1,1,已售/已满,教学时间,多云,24,22,4,0.0,66,35
2026-05-21 13:30:43,2026-05-21,6,篮球场-东场地北半场,14:00-15:00,1,1,已售/已满,教学时间,多云,24,22,4,0.0,66,36
2026-05-21 14:00:48,2026-05-21,6,篮球场-东场地北半场,14:00-15:00,1,1,已售/已满,教学时间,多云,25,23,4,0.0,66,36
2026-05-21 14:30:45,2026-05-21,6,篮球场-东场地北半场,14:00-15:00,1,1,已售/已满,教学时间,晴,25,25,3,0.0,65,39
2026-05-21 15:00:45,2026-05-21,6,篮球场-东场地北半场,14:00-15:00,1,1,已售/已满,教学时间,晴,25,22,4,0.0,56,39
2026-05-21 15:30:43,2026-05-21,6,篮球场-东场地北半场,14:00-15:00,1,1,已售/已满,教学时间,晴,25,23,4,0.0,57,40
2026-05-21 16:00:51,2026-05-21,6,篮球场-东场地北半场,14:00-15:00,1,1,已售/已满,教学时间,晴,25,23,4,0.0,57,40
2026-05-21 16:30:48,2026-05-21,6,篮球场-东场地北半场,14:00-15:00,1,1,已售/已满,教学时间,晴,25,24,3,0.0,60,39
2026-05-21 17:00:49,2026-05-21,6,篮球场-东场地北半场,14:00-15:00,1,1,已售/已满,教学时间,晴,25,24,4,0.0,61,39
2026-05-21 17:30:47,2026-05-21,6,篮球场-东场地北半场,14:00-15:00,1,1,已售/已满,教学时间,多云,24,23,3,0.0,64,39
2026-05-21 18:00:50,2026-05-21,6,篮球场-东场地北半场,14:00-15:00,1,1,已售/已满,教学时间,多云,24,23,3,0.0,68,39
2026-05-21 18:30:50,2026-05-21,6,篮球场-东场地北半场,14:00-15:00,1,1,已售/已满,教学时间,阴,24,25,2,0.0,68,40
2026-05-21 19:00:50,2026-05-21,6,篮球场-东场地北半场,14:00-15:00,1,1,已售/已满,教学时间,阴,23,23,3,0.0,76,40
2026-05-21 19:30:46,2026-05-21,6,篮球场-东场地北半场,14:00-15:00,1,1,已售/已满,教学时间,阴,23,24,2,0.0,77,39
2026-05-21 20:00:49,2026-05-21,6,篮球场-东场地北半场,14:00-15:00,1,1,已售/已满,教学时间,雾,22,23,2,0.0,89,39
2026-05-21 20:30:44,2026-05-21,6,篮球场-东场地北半场,14:00-15:00,1,1,已售/已满,教学时间,雾,22,24,2,0.0,93,43
2026-05-21 21:00:56,2026-05-21,6,篮球场-东场地北半场,14:00-15:00,1,1,已售/已满,教学时间,雾,20,21,2,0.0,98,43
2026-05-21 21:30:46,2026-05-21,6,篮球场-东场地北半场,14:00-15:00,1,1,已售/已满,教学时间,雾,20,22,1,0.0,99,41
2026-05-21 22:01:02,2026-05-21,6,篮球场-东场地北半场,14:00-15:00,1,1,已售/已满,教学时间,雾,19,20,2,0.0,93,41
2026-05-21 22:30:47,2026-05-21,6,篮球场-东场地北半场,14:00-15:00,1,1,已售/已满,教学时间,雾,19,19,3,0.0,88,46
2026-05-21 23:00:56,2026-05-21,6,篮球场-东场地北半场,14:00-15:00,1,1,已售/已满,教学时间,多云,18,17,3,0.0,85,46
2026-05-21 23:30:55,2026-05-21,6,篮球场-东场地北半场,14:00-15:00,1,1,已售/已满,教学时间,多云,18,17,3,0.0,85,48
2026-05-21 00:30:49,2026-05-21,6,篮球场-东场地北半场,15:00-16:00,1,1,已售/已满,教学时间,多云,15,13,3,0.0,100,26
2026-05-21 01:00:55,2026-05-21,6,篮球场-东场地北半场,15:00-16:00,1,1,已售/已满,教学时间,多云,15,12,4,0.0,100,26
2026-05-21 01:30:47,2026-05-21,6,篮球场-东场地北半场,15:00-16:00,1,1,已售/已满,教学时间,多云,15,13,4,0.0,100,28
2026-05-21 02:00:53,2026-05-21,6,篮球场-东场地北半场,15:00-16:00,1,1,已售/已满,教学时间,多云,15,12,4,0.0,100,28
2026-05-21 02:30:49,2026-05-21,6,篮球场-东场地北半场,15:00-16:00,1,1,已售/已满,教学时间,多云,15,14,3,0.0,100,29
2026-05-21 03:00:55,2026-05-21,6,篮球场-东场地北半场,15:00-16:00,1,1,已售/已满,教学时间,多云,15,12,4,0.0,100,29
2026-05-21 03:30:49,2026-05-21,6,篮球场-东场地北半场,15:00-16:00,1,1,已售/已满,教学时间,多云,15,14,3,0.0,100,30
2026-05-21 04:30:45,2026-05-21,6,篮球场-东场地北半场,15:00-16:00,1,1,已售/已满,教学时间,多云,15,12,4,0.0,100,29
2026-05-21 05:00:52,2026-05-21,6,篮球场-东场地北半场,15:00-16:00,1,1,已售/已满,教学时间,多云,15,12,4,0.0,100,29
2026-05-21 05:30:49,2026-05-21,6,篮球场-东场地北半场,15:00-16:00,1,1,已售/已满,教学时间,多云,15,13,3,0.0,100,28
2026-05-21 06:00:50,2026-05-21,6,篮球场-东场地北半场,15:00-16:00,1,1,已售/已满,教学时间,多云,15,13,4,0.0,99,28
2026-05-21 06:30:38,2026-05-21,6,篮球场-东场地北半场,15:00-16:00,1,1,已售/已满,教学时间,多云,15,13,3,0.0,97,28
2026-05-21 07:00:43,2026-05-21,6,篮球场-东场地北半场,15:00-16:00,1,1,已售/已满,教学时间,晴,15,11,5,0.0,93,28
2026-05-21 07:30:39,2026-05-21,6,篮球场-东场地北半场,15:00-16:00,1,1,已售/已满,教学时间,晴,17,13,4,0.0,89,29
2026-05-21 07:50:40,2026-05-21,6,篮球场-东场地北半场,15:00-16:00,1,1,已售/已满,教学时间,晴,17,13,4,0.0,88,29
2026-05-21 07:53:31,2026-05-21,6,篮球场-东场地北半场,15:00-16:00,1,1,已售/已满,教学时间,晴,17,12,5,0.0,86,29
2026-05-21 07:56:31,2026-05-21,6,篮球场-东场地北半场,15:00-16:00,1,1,已售/已满,教学时间,晴,17,12,5,0.0,86,29
2026-05-21 07:59:26,2026-05-21,6,篮球场-东场地北半场,15:00-16:00,1,1,已售/已满,教学时间,晴,17,12,5,0.0,86,29
2026-05-21 08:00:45,2026-05-21,6,篮球场-东场地北半场,15:00-16:00,1,1,已售/已满,教学时间,晴,17,12,5,0.0,86,29
2026-05-21 08:02:30,2026-05-21,6,篮球场-东场地北半场,15:00-16:00,1,1,已售/已满,教学时间,多云,17,12,5,0.0,87,29
2026-05-21 08:05:36,2026-05-21,6,篮球场-东场地北半场,15:00-16:00,1,1,已售/已满,教学时间,多云,17,12,5,0.0,86,29
2026-05-21 08:08:31,2026-05-21,6,篮球场-东场地北半场,15:00-16:00,1,1,已售/已满,教学时间,多云,17,12,5,0.0,86,29
2026-05-21 08:11:30,2026-05-21,6,篮球场-东场地北半场,15:00-16:00,1,1,已售/已满,教学时间,多云,17,12,5,0.0,86,29
2026-05-21 08:14:31,2026-05-21,6,篮球场-东场地北半场,15:00-16:00,1,1,已售/已满,教学时间,多云,17,12,5,0.0,86,29
2026-05-21 08:17:30,2026-05-21,6,篮球场-东场地北半场,15:00-16:00,1,1,已售/已满,教学时间,多云,17,12,5,0.0,86,29
2026-05-21 08:20:35,2026-05-21,6,篮球场-东场地北半场,15:00-16:00,1,1,已售/已满,教学时间,多云,17,14,4,0.0,85,29
2026-05-21 08:25:32,2026-05-21,6,篮球场-东场地北半场,15:00-16:00,1,1,已售/已满,教学时间,多云,17,14,4,0.0,85,28
2026-05-21 08:30:42,2026-05-21,6,篮球场-东场地北半场,15:00-16:00,1,1,已售/已满,教学时间,多云,18,15,4,0.0,84,28
2026-05-21 08:35:31,2026-05-21,6,篮球场-东场地北半场,15:00-16:00,1,1,已售/已满,教学时间,多云,18,15,4,0.0,84,28
2026-05-21 08:40:38,2026-05-21,6,篮球场-东场地北半场,15:00-16:00,1,1,已售/已满,教学时间,多云,18,15,4,0.0,82,28
2026-05-21 08:45:33,2026-05-21,6,篮球场-东场地北半场,15:00-16:00,1,1,已售/已满,教学时间,多云,18,15,4,0.0,82,28
2026-05-21 08:50:36,2026-05-21,6,篮球场-东场地北半场,15:00-16:00,1,1,已售/已满,教学时间,多云,18,15,4,0.0,82,28
2026-05-21 08:55:34,2026-05-21,6,篮球场-东场地北半场,15:00-16:00,1,1,已售/已满,教学时间,多云,18,15,4,0.0,84,28
2026-05-21 09:00:51,2026-05-21,6,篮球场-东场地北半场,15:00-16:00,1,1,已售/已满,教学时间,多云,18,15,4,0.0,84,28
2026-05-21 09:01:59,2026-05-21,6,篮球场-东场地北半场,15:00-16:00,1,1,已售/已满,教学时间,多云,18,15,4,0.0,83,28
2026-05-21 09:05:33,2026-05-21,6,篮球场-东场地北半场,15:00-16:00,1,1,已售/已满,教学时间,多云,18,15,4,0.0,83,28
2026-05-21 09:20:38,2026-05-21,6,篮球场-东场地北半场,15:00-16:00,1,1,已售/已满,教学时间,多云,18,16,3,0.0,81,28
2026-05-21 09:30:46,2026-05-21,6,篮球场-东场地北半场,15:00-16:00,1,1,已售/已满,教学时间,多云,18,16,3,0.0,81,32
2026-05-21 09:40:36,2026-05-21,6,篮球场-东场地北半场,15:00-16:00,1,1,已售/已满,教学时间,多云,19,17,3,0.0,79,32
2026-05-21 09:50:42,2026-05-21,6,篮球场-东场地北半场,15:00-16:00,1,1,已售/已满,教学时间,多云,19,17,4,0.0,81,32
2026-05-21 10:00:46,2026-05-21,6,篮球场-东场地北半场,15:00-16:00,1,1,已售/已满,教学时间,多云,19,17,4,0.0,79,32
2026-05-21 10:10:40,2026-05-21,6,篮球场-东场地北半场,15:00-16:00,1,1,已售/已满,教学时间,多云,19,17,4,0.0,79,32
2026-05-21 10:20:38,2026-05-21,6,篮球场-东场地北半场,15:00-16:00,1,1,已售/已满,教学时间,多云,19,17,4,0.0,79,32
2026-05-21 10:30:41,2026-05-21,6,篮球场-东场地北半场,15:00-16:00,1,1,已售/已满,教学时间,多云,19,18,3,0.0,78,31
2026-05-21 11:00:44,2026-05-21,6,篮球场-东场地北半场,15:00-16:00,1,1,已售/已满,教学时间,多云,21,17,5,0.0,74,31
2026-05-21 11:30:38,2026-05-21,6,篮球场-东场地北半场,15:00-16:00,1,1,已售/已满,教学时间,多云,21,19,3,0.0,72,33
2026-05-21 12:00:46,2026-05-21,6,篮球场-东场地北半场,15:00-16:00,1,1,已售/已满,教学时间,多云,22,19,4,0.0,70,33
2026-05-21 12:30:42,2026-05-21,6,篮球场-东场地北半场,15:00-16:00,1,1,已售/已满,教学时间,多云,22,21,3,0.0,68,35
2026-05-21 13:00:43,2026-05-21,6,篮球场-东场地北半场,15:00-16:00,1,1,已售/已满,教学时间,多云,24,22,4,0.0,66,35
2026-05-21 13:30:43,2026-05-21,6,篮球场-东场地北半场,15:00-16:00,1,1,已售/已满,教学时间,多云,24,22,4,0.0,66,36
2026-05-21 14:00:48,2026-05-21,6,篮球场-东场地北半场,15:00-16:00,1,1,已售/已满,教学时间,多云,25,23,4,0.0,66,36
2026-05-21 14:30:45,2026-05-21,6,篮球场-东场地北半场,15:00-16:00,1,1,已售/已满,教学时间,晴,25,25,3,0.0,65,39
2026-05-21 15:00:45,2026-05-21,6,篮球场-东场地北半场,15:00-16:00,1,1,已售/已满,教学时间,晴,25,22,4,0.0,56,39
2026-05-21 15:30:43,2026-05-21,6,篮球场-东场地北半场,15:00-16:00,1,1,已售/已满,教学时间,晴,25,23,4,0.0,57,40
2026-05-21 16:00:51,2026-05-21,6,篮球场-东场地北半场,15:00-16:00,1,1,已售/已满,教学时间,晴,25,23,4,0.0,57,40
2026-05-21 16:30:48,2026-05-21,6,篮球场-东场地北半场,15:00-16:00,1,1,已售/已满,教学时间,晴,25,24,3,0.0,60,39
2026-05-21 17:00:49,2026-05-21,6,篮球场-东场地北半场,15:00-16:00,1,1,已售/已满,教学时间,晴,25,24,4,0.0,61,39
2026-05-21 17:30:47,2026-05-21,6,篮球场-东场地北半场,15:00-16:00,1,1,已售/已满,教学时间,多云,24,23,3,0.0,64,39
2026-05-21 18:00:50,2026-05-21,6,篮球场-东场地北半场,15:00-16:00,1,1,已售/已满,教学时间,多云,24,23,3,0.0,68,39
2026-05-21 18:30:50,2026-05-21,6,篮球场-东场地北半场,15:00-16:00,1,1,已售/已满,教学时间,阴,24,25,2,0.0,68,40
2026-05-21 19:00:50,2026-05-21,6,篮球场-东场地北半场,15:00-16:00,1,1,已售/已满,教学时间,阴,23,23,3,0.0,76,40
2026-05-21 19:30:46,2026-05-21,6,篮球场-东场地北半场,15:00-16:00,1,1,已售/已满,教学时间,阴,23,24,2,0.0,77,39
2026-05-21 20:00:49,2026-05-21,6,篮球场-东场地北半场,15:00-16:00,1,1,已售/已满,教学时间,雾,22,23,2,0.0,89,39
2026-05-21 20:30:44,2026-05-21,6,篮球场-东场地北半场,15:00-16:00,1,1,已售/已满,教学时间,雾,22,24,2,0.0,93,43
2026-05-21 21:00:56,2026-05-21,6,篮球场-东场地北半场,15:00-16:00,1,1,已售/已满,教学时间,雾,20,21,2,0.0,98,43
2026-05-21 21:30:46,2026-05-21,6,篮球场-东场地北半场,15:00-16:00,1,1,已售/已满,教学时间,雾,20,22,1,0.0,99,41
2026-05-21 22:01:02,2026-05-21,6,篮球场-东场地北半场,15:00-16:00,1,1,已售/已满,教学时间,雾,19,20,2,0.0,93,41
2026-05-21 22:30:47,2026-05-21,6,篮球场-东场地北半场,15:00-16:00,1,1,已售/已满,教学时间,雾,19,19,3,0.0,88,46
2026-05-21 23:00:56,2026-05-21,6,篮球场-东场地北半场,15:00-16:00,1,1,已售/已满,教学时间,多云,18,17,3,0.0,85,46
2026-05-21 23:30:55,2026-05-21,6,篮球场-东场地北半场,15:00-16:00,1,1,已售/已满,教学时间,多云,18,17,3,0.0,85,48
2026-05-21 00:30:49,2026-05-21,6,篮球场-东场地北半场,16:00-17:00,0,1,可预约,￥50.0,多云,15,13,3,0.0,100,26
2026-05-21 01:00:55,2026-05-21,6,篮球场-东场地北半场,16:00-17:00,0,1,可预约,￥50.0,多云,15,12,4,0.0,100,26
2026-05-21 01:30:47,2026-05-21,6,篮球场-东场地北半场,16:00-17:00,0,1,可预约,￥50.0,多云,15,13,4,0.0,100,28
2026-05-21 02:00:53,2026-05-21,6,篮球场-东场地北半场,16:00-17:00,0,1,可预约,￥50.0,多云,15,12,4,0.0,100,28
2026-05-21 02:30:49,2026-05-21,6,篮球场-东场地北半场,16:00-17:00,0,1,可预约,￥50.0,多云,15,14,3,0.0,100,29
2026-05-21 03:00:55,2026-05-21,6,篮球场-东场地北半场,16:00-17:00,0,1,可预约,￥50.0,多云,15,12,4,0.0,100,29
2026-05-21 03:30:49,2026-05-21,6,篮球场-东场地北半场,16:00-17:00,0,1,可预约,￥50.0,多云,15,14,3,0.0,100,30
2026-05-21 04:30:45,2026-05-21,6,篮球场-东场地北半场,16:00-17:00,0,1,可预约,￥50.0,多云,15,12,4,0.0,100,29
2026-05-21 05:00:52,2026-05-21,6,篮球场-东场地北半场,16:00-17:00,0,1,可预约,￥50.0,多云,15,12,4,0.0,100,29
2026-05-21 05:30:49,2026-05-21,6,篮球场-东场地北半场,16:00-17:00,0,1,可预约,￥50.0,多云,15,13,3,0.0,100,28
2026-05-21 06:00:50,2026-05-21,6,篮球场-东场地北半场,16:00-17:00,0,1,可预约,￥50.0,多云,15,13,4,0.0,99,28
2026-05-21 06:30:38,2026-05-21,6,篮球场-东场地北半场,16:00-17:00,0,1,可预约,￥50.0,多云,15,13,3,0.0,97,28
2026-05-21 07:00:43,2026-05-21,6,篮球场-东场地北半场,16:00-17:00,0,1,可预约,￥50.0,晴,15,11,5,0.0,93,28
2026-05-21 07:30:39,2026-05-21,6,篮球场-东场地北半场,16:00-17:00,0,1,可预约,￥50.0,晴,17,13,4,0.0,89,29
2026-05-21 07:50:40,2026-05-21,6,篮球场-东场地北半场,16:00-17:00,0,1,可预约,￥50.0,晴,17,13,4,0.0,88,29
2026-05-21 07:53:31,2026-05-21,6,篮球场-东场地北半场,16:00-17:00,0,1,可预约,￥50.0,晴,17,12,5,0.0,86,29
2026-05-21 07:56:31,2026-05-21,6,篮球场-东场地北半场,16:00-17:00,0,1,可预约,￥50.0,晴,17,12,5,0.0,86,29
2026-05-21 07:59:26,2026-05-21,6,篮球场-东场地北半场,16:00-17:00,0,1,可预约,￥50.0,晴,17,12,5,0.0,86,29
2026-05-21 08:00:45,2026-05-21,6,篮球场-东场地北半场,16:00-17:00,0,1,可预约,￥50.0,晴,17,12,5,0.0,86,29
2026-05-21 08:02:30,2026-05-21,6,篮球场-东场地北半场,16:00-17:00,0,1,可预约,￥50.0,多云,17,12,5,0.0,87,29
2026-05-21 08:05:36,2026-05-21,6,篮球场-东场地北半场,16:00-17:00,0,1,可预约,￥50.0,多云,17,12,5,0.0,86,29
2026-05-21 08:08:31,2026-05-21,6,篮球场-东场地北半场,16:00-17:00,0,1,可预约,￥50.0,多云,17,12,5,0.0,86,29
2026-05-21 08:11:30,2026-05-21,6,篮球场-东场地北半场,16:00-17:00,0,1,可预约,￥50.0,多云,17,12,5,0.0,86,29
2026-05-21 08:14:31,2026-05-21,6,篮球场-东场地北半场,16:00-17:00,0,1,可预约,￥50.0,多云,17,12,5,0.0,86,29
2026-05-21 08:17:30,2026-05-21,6,篮球场-东场地北半场,16:00-17:00,0,1,可预约,￥50.0,多云,17,12,5,0.0,86,29
2026-05-21 08:20:35,2026-05-21,6,篮球场-东场地北半场,16:00-17:00,0,1,可预约,￥50.0,多云,17,14,4,0.0,85,29
2026-05-21 08:25:32,2026-05-21,6,篮球场-东场地北半场,16:00-17:00,0,1,可预约,￥50.0,多云,17,14,4,0.0,85,28
2026-05-21 08:30:42,2026-05-21,6,篮球场-东场地北半场,16:00-17:00,0,1,可预约,￥50.0,多云,18,15,4,0.0,84,28
2026-05-21 08:35:31,2026-05-21,6,篮球场-东场地北半场,16:00-17:00,0,1,可预约,￥50.0,多云,18,15,4,0.0,84,28
2026-05-21 08:40:38,2026-05-21,6,篮球场-东场地北半场,16:00-17:00,0,1,可预约,￥50.0,多云,18,15,4,0.0,82,28
2026-05-21 08:45:33,2026-05-21,6,篮球场-东场地北半场,16:00-17:00,0,1,可预约,￥50.0,多云,18,15,4,0.0,82,28
2026-05-21 08:50:36,2026-05-21,6,篮球场-东场地北半场,16:00-17:00,0,1,可预约,￥50.0,多云,18,15,4,0.0,82,28
2026-05-21 08:55:34,2026-05-21,6,篮球场-东场地北半场,16:00-17:00,0,1,可预约,￥50.0,多云,18,15,4,0.0,84,28
2026-05-21 09:00:51,2026-05-21,6,篮球场-东场地北半场,16:00-17:00,0,1,可预约,￥50.0,多云,18,15,4,0.0,84,28
2026-05-21 09:01:59,2026-05-21,6,篮球场-东场地北半场,16:00-17:00,0,1,可预约,￥50.0,多云,18,15,4,0.0,83,28
2026-05-21 09:05:33,2026-05-21,6,篮球场-东场地北半场,16:00-17:00,0,1,可预约,￥50.0,多云,18,15,4,0.0,83,28
2026-05-21 09:20:38,2026-05-21,6,篮球场-东场地北半场,16:00-17:00,0,1,可预约,￥50.0,多云,18,16,3,0.0,81,28
2026-05-21 09:30:46,2026-05-21,6,篮球场-东场地北半场,16:00-17:00,0,1,可预约,￥50.0,多云,18,16,3,0.0,81,32
2026-05-21 09:40:36,2026-05-21,6,篮球场-东场地北半场,16:00-17:00,0,1,可预约,￥50.0,多云,19,17,3,0.0,79,32
2026-05-21 09:50:42,2026-05-21,6,篮球场-东场地北半场,16:00-17:00,0,1,可预约,￥50.0,多云,19,17,4,0.0,81,32
2026-05-21 10:00:46,2026-05-21,6,篮球场-东场地北半场,16:00-17:00,0,1,可预约,￥50.0,多云,19,17,4,0.0,79,32
2026-05-21 10:10:40,2026-05-21,6,篮球场-东场地北半场,16:00-17:00,0,1,可预约,￥50.0,多云,19,17,4,0.0,79,32
2026-05-21 10:20:38,2026-05-21,6,篮球场-东场地北半场,16:00-17:00,0,1,可预约,￥50.0,多云,19,17,4,0.0,79,32
2026-05-21 10:30:41,2026-05-21,6,篮球场-东场地北半场,16:00-17:00,0,1,可预约,￥50.0,多云,19,18,3,0.0,78,31
2026-05-21 11:00:44,2026-05-21,6,篮球场-东场地北半场,16:00-17:00,0,1,可预约,￥50.0,多云,21,17,5,0.0,74,31
2026-05-21 11:30:38,2026-05-21,6,篮球场-东场地北半场,16:00-17:00,0,1,可预约,￥50.0,多云,21,19,3,0.0,72,33
2026-05-21 12:00:46,2026-05-21,6,篮球场-东场地北半场,16:00-17:00,0,1,可预约,￥50.0,多云,22,19,4,0.0,70,33
2026-05-21 12:30:42,2026-05-21,6,篮球场-东场地北半场,16:00-17:00,0,1,可预约,￥50.0,多云,22,21,3,0.0,68,35
2026-05-21 13:00:43,2026-05-21,6,篮球场-东场地北半场,16:00-17:00,0,1,可预约,￥50.0,多云,24,22,4,0.0,66,35
2026-05-21 13:30:43,2026-05-21,6,篮球场-东场地北半场,16:00-17:00,0,1,可预约,￥50.0,多云,24,22,4,0.0,66,36
2026-05-21 14:00:48,2026-05-21,6,篮球场-东场地北半场,16:00-17:00,0,1,可预约,￥50.0,多云,25,23,4,0.0,66,36
2026-05-21 14:30:45,2026-05-21,6,篮球场-东场地北半场,16:00-17:00,0,1,可预约,￥50.0,晴,25,25,3,0.0,65,39
2026-05-21 15:00:45,2026-05-21,6,篮球场-东场地北半场,16:00-17:00,0,1,可预约,￥50.0,晴,25,22,4,0.0,56,39
2026-05-21 15:30:43,2026-05-21,6,篮球场-东场地北半场,16:00-17:00,0,1,可预约,￥50.0,晴,25,23,4,0.0,57,40
2026-05-21 16:00:51,2026-05-21,6,篮球场-东场地北半场,16:00-17:00,0,1,可预约,￥50.0,晴,25,23,4,0.0,57,40
2026-05-21 16:30:48,2026-05-21,6,篮球场-东场地北半场,16:00-17:00,0,1,可预约,￥50.0,晴,25,24,3,0.0,60,39
2026-05-21 17:00:49,2026-05-21,6,篮球场-东场地北半场,16:00-17:00,0,1,不开放/已过期,,晴,25,24,4,0.0,61,39
2026-05-21 17:30:47,2026-05-21,6,篮球场-东场地北半场,16:00-17:00,0,1,不开放/已过期,,多云,24,23,3,0.0,64,39
2026-05-21 18:00:50,2026-05-21,6,篮球场-东场地北半场,16:00-17:00,0,1,不开放/已过期,,多云,24,23,3,0.0,68,39
2026-05-21 18:30:50,2026-05-21,6,篮球场-东场地北半场,16:00-17:00,0,1,不开放/已过期,,阴,24,25,2,0.0,68,40
2026-05-21 19:00:50,2026-05-21,6,篮球场-东场地北半场,16:00-17:00,0,1,不开放/已过期,,阴,23,23,3,0.0,76,40
2026-05-21 19:30:46,2026-05-21,6,篮球场-东场地北半场,16:00-17:00,0,1,不开放/已过期,,阴,23,24,2,0.0,77,39
2026-05-21 20:00:49,2026-05-21,6,篮球场-东场地北半场,16:00-17:00,0,1,不开放/已过期,,雾,22,23,2,0.0,89,39
2026-05-21 20:30:44,2026-05-21,6,篮球场-东场地北半场,16:00-17:00,0,1,不开放/已过期,,雾,22,24,2,0.0,93,43
2026-05-21 21:00:56,2026-05-21,6,篮球场-东场地北半场,16:00-17:00,0,1,不开放/已过期,,雾,20,21,2,0.0,98,43
2026-05-21 21:30:46,2026-05-21,6,篮球场-东场地北半场,16:00-17:00,0,1,不开放/已过期,,雾,20,22,1,0.0,99,41
2026-05-21 22:01:02,2026-05-21,6,篮球场-东场地北半场,16:00-17:00,0,1,不开放/已过期,,雾,19,20,2,0.0,93,41
2026-05-21 22:30:47,2026-05-21,6,篮球场-东场地北半场,16:00-17:00,0,1,不开放/已过期,,雾,19,19,3,0.0,88,46
2026-05-21 23:00:56,2026-05-21,6,篮球场-东场地北半场,16:00-17:00,0,1,不开放/已过期,,多云,18,17,3,0.0,85,46
2026-05-21 23:30:55,2026-05-21,6,篮球场-东场地北半场,16:00-17:00,0,1,不开放/已过期,,多云,18,17,3,0.0,85,48
2026-05-21 00:30:49,2026-05-21,6,篮球场-东场地北半场,19:00-20:00,0,1,可预约,￥50.0,多云,15,13,3,0.0,100,26
2026-05-21 01:00:55,2026-05-21,6,篮球场-东场地北半场,19:00-20:00,0,1,可预约,￥50.0,多云,15,12,4,0.0,100,26
2026-05-21 01:30:47,2026-05-21,6,篮球场-东场地北半场,19:00-20:00,0,1,可预约,￥50.0,多云,15,13,4,0.0,100,28
2026-05-21 02:00:53,2026-05-21,6,篮球场-东场地北半场,19:00-20:00,0,1,可预约,￥50.0,多云,15,12,4,0.0,100,28
2026-05-21 02:30:49,2026-05-21,6,篮球场-东场地北半场,19:00-20:00,0,1,可预约,￥50.0,多云,15,14,3,0.0,100,29
2026-05-21 03:00:55,2026-05-21,6,篮球场-东场地北半场,19:00-20:00,0,1,可预约,￥50.0,多云,15,12,4,0.0,100,29
2026-05-21 03:30:49,2026-05-21,6,篮球场-东场地北半场,19:00-20:00,0,1,可预约,￥50.0,多云,15,14,3,0.0,100,30
2026-05-21 04:30:45,2026-05-21,6,篮球场-东场地北半场,19:00-20:00,0,1,可预约,￥50.0,多云,15,12,4,0.0,100,29
2026-05-21 05:00:52,2026-05-21,6,篮球场-东场地北半场,19:00-20:00,0,1,可预约,￥50.0,多云,15,12,4,0.0,100,29
2026-05-21 05:30:49,2026-05-21,6,篮球场-东场地北半场,19:00-20:00,0,1,可预约,￥50.0,多云,15,13,3,0.0,100,28
2026-05-21 06:00:50,2026-05-21,6,篮球场-东场地北半场,19:00-20:00,0,1,可预约,￥50.0,多云,15,13,4,0.0,99,28
2026-05-21 06:30:38,2026-05-21,6,篮球场-东场地北半场,19:00-20:00,0,1,可预约,￥50.0,多云,15,13,3,0.0,97,28
2026-05-21 07:00:43,2026-05-21,6,篮球场-东场地北半场,19:00-20:00,0,1,可预约,￥50.0,晴,15,11,5,0.0,93,28
2026-05-21 07:30:39,2026-05-21,6,篮球场-东场地北半场,19:00-20:00,0,1,可预约,￥50.0,晴,17,13,4,0.0,89,29
2026-05-21 07:50:40,2026-05-21,6,篮球场-东场地北半场,19:00-20:00,0,1,可预约,￥50.0,晴,17,13,4,0.0,88,29
2026-05-21 07:53:31,2026-05-21,6,篮球场-东场地北半场,19:00-20:00,0,1,可预约,￥50.0,晴,17,12,5,0.0,86,29
2026-05-21 07:56:31,2026-05-21,6,篮球场-东场地北半场,19:00-20:00,0,1,可预约,￥50.0,晴,17,12,5,0.0,86,29
2026-05-21 07:59:26,2026-05-21,6,篮球场-东场地北半场,19:00-20:00,0,1,可预约,￥50.0,晴,17,12,5,0.0,86,29
2026-05-21 08:00:45,2026-05-21,6,篮球场-东场地北半场,19:00-20:00,0,1,可预约,￥50.0,晴,17,12,5,0.0,86,29
2026-05-21 08:02:30,2026-05-21,6,篮球场-东场地北半场,19:00-20:00,0,1,可预约,￥50.0,多云,17,12,5,0.0,87,29
2026-05-21 08:05:36,2026-05-21,6,篮球场-东场地北半场,19:00-20:00,0,1,可预约,￥50.0,多云,17,12,5,0.0,86,29
2026-05-21 08:08:31,2026-05-21,6,篮球场-东场地北半场,19:00-20:00,0,1,可预约,￥50.0,多云,17,12,5,0.0,86,29
2026-05-21 08:11:30,2026-05-21,6,篮球场-东场地北半场,19:00-20:00,0,1,可预约,￥50.0,多云,17,12,5,0.0,86,29
2026-05-21 08:14:31,2026-05-21,6,篮球场-东场地北半场,19:00-20:00,0,1,可预约,￥50.0,多云,17,12,5,0.0,86,29
2026-05-21 08:17:30,2026-05-21,6,篮球场-东场地北半场,19:00-20:00,0,1,可预约,￥50.0,多云,17,12,5,0.0,86,29
2026-05-21 08:20:35,2026-05-21,6,篮球场-东场地北半场,19:00-20:00,0,1,可预约,￥50.0,多云,17,14,4,0.0,85,29
2026-05-21 08:25:32,2026-05-21,6,篮球场-东场地北半场,19:00-20:00,0,1,可预约,￥50.0,多云,17,14,4,0.0,85,28
2026-05-21 08:30:42,2026-05-21,6,篮球场-东场地北半场,19:00-20:00,0,1,可预约,￥50.0,多云,18,15,4,0.0,84,28
2026-05-21 08:35:31,2026-05-21,6,篮球场-东场地北半场,19:00-20:00,0,1,可预约,￥50.0,多云,18,15,4,0.0,84,28
2026-05-21 08:40:38,2026-05-21,6,篮球场-东场地北半场,19:00-20:00,0,1,可预约,￥50.0,多云,18,15,4,0.0,82,28
2026-05-21 08:45:33,2026-05-21,6,篮球场-东场地北半场,19:00-20:00,0,1,可预约,￥50.0,多云,18,15,4,0.0,82,28
2026-05-21 08:50:36,2026-05-21,6,篮球场-东场地北半场,19:00-20:00,0,1,可预约,￥50.0,多云,18,15,4,0.0,82,28
2026-05-21 08:55:34,2026-05-21,6,篮球场-东场地北半场,19:00-20:00,0,1,可预约,￥50.0,多云,18,15,4,0.0,84,28
2026-05-21 09:00:51,2026-05-21,6,篮球场-东场地北半场,19:00-20:00,0,1,可预约,￥50.0,多云,18,15,4,0.0,84,28
2026-05-21 09:01:59,2026-05-21,6,篮球场-东场地北半场,19:00-20:00,0,1,可预约,￥50.0,多云,18,15,4,0.0,83,28
2026-05-21 09:05:33,2026-05-21,6,篮球场-东场地北半场,19:00-20:00,0,1,可预约,￥50.0,多云,18,15,4,0.0,83,28
2026-05-21 09:20:38,2026-05-21,6,篮球场-东场地北半场,19:00-20:00,0,1,可预约,￥50.0,多云,18,16,3,0.0,81,28
2026-05-21 09:30:46,2026-05-21,6,篮球场-东场地北半场,19:00-20:00,0,1,可预约,￥50.0,多云,18,16,3,0.0,81,32
2026-05-21 09:40:36,2026-05-21,6,篮球场-东场地北半场,19:00-20:00,0,1,可预约,￥50.0,多云,19,17,3,0.0,79,32
2026-05-21 09:50:42,2026-05-21,6,篮球场-东场地北半场,19:00-20:00,0,1,可预约,￥50.0,多云,19,17,4,0.0,81,32
2026-05-21 10:00:46,2026-05-21,6,篮球场-东场地北半场,19:00-20:00,0,1,可预约,￥50.0,多云,19,17,4,0.0,79,32
2026-05-21 10:10:40,2026-05-21,6,篮球场-东场地北半场,19:00-20:00,0,1,可预约,￥50.0,多云,19,17,4,0.0,79,32
2026-05-21 10:20:38,2026-05-21,6,篮球场-东场地北半场,19:00-20:00,0,1,可预约,￥50.0,多云,19,17,4,0.0,79,32
2026-05-21 10:30:41,2026-05-21,6,篮球场-东场地北半场,19:00-20:00,0,1,可预约,￥50.0,多云,19,18,3,0.0,78,31
2026-05-21 11:00:44,2026-05-21,6,篮球场-东场地北半场,19:00-20:00,0,1,可预约,￥50.0,多云,21,17,5,0.0,74,31
2026-05-21 11:30:38,2026-05-21,6,篮球场-东场地北半场,19:00-20:00,0,1,可预约,￥50.0,多云,21,19,3,0.0,72,33
2026-05-21 12:00:46,2026-05-21,6,篮球场-东场地北半场,19:00-20:00,0,1,可预约,￥50.0,多云,22,19,4,0.0,70,33
2026-05-21 12:30:42,2026-05-21,6,篮球场-东场地北半场,19:00-20:00,0,1,可预约,￥50.0,多云,22,21,3,0.0,68,35
2026-05-21 13:00:43,2026-05-21,6,篮球场-东场地北半场,19:00-20:00,0,1,可预约,￥50.0,多云,24,22,4,0.0,66,35
2026-05-21 13:30:43,2026-05-21,6,篮球场-东场地北半场,19:00-20:00,0,1,可预约,￥50.0,多云,24,22,4,0.0,66,36
2026-05-21 14:00:48,2026-05-21,6,篮球场-东场地北半场,19:00-20:00,0,1,可预约,￥50.0,多云,25,23,4,0.0,66,36
2026-05-21 14:30:45,2026-05-21,6,篮球场-东场地北半场,19:00-20:00,0,1,可预约,￥50.0,晴,25,25,3,0.0,65,39
2026-05-21 15:00:45,2026-05-21,6,篮球场-东场地北半场,19:00-20:00,0,1,可预约,￥50.0,晴,25,22,4,0.0,56,39
2026-05-21 15:30:43,2026-05-21,6,篮球场-东场地北半场,19:00-20:00,0,1,可预约,￥50.0,晴,25,23,4,0.0,57,40
2026-05-21 16:00:51,2026-05-21,6,篮球场-东场地北半场,19:00-20:00,0,1,可预约,￥50.0,晴,25,23,4,0.0,57,40
2026-05-21 16:30:48,2026-05-21,6,篮球场-东场地北半场,19:00-20:00,0,1,可预约,￥50.0,晴,25,24,3,0.0,60,39
2026-05-21 17:00:49,2026-05-21,6,篮球场-东场地北半场,19:00-20:00,0,1,可预约,￥50.0,晴,25,24,4,0.0,61,39
2026-05-21 17:30:47,2026-05-21,6,篮球场-东场地北半场,19:00-20:00,0,1,可预约,￥50.0,多云,24,23,3,0.0,64,39
2026-05-21 18:00:50,2026-05-21,6,篮球场-东场地北半场,19:00-20:00,0,1,可预约,￥50.0,多云,24,23,3,0.0,68,39
2026-05-21 18:30:50,2026-05-21,6,篮球场-东场地北半场,19:00-20:00,0,1,可预约,￥50.0,阴,24,25,2,0.0,68,40
2026-05-21 19:00:50,2026-05-21,6,篮球场-东场地北半场,19:00-20:00,0,1,可预约,￥50.0,阴,23,23,3,0.0,76,40
2026-05-21 19:30:46,2026-05-21,6,篮球场-东场地北半场,19:00-20:00,0,1,可预约,￥50.0,阴,23,24,2,0.0,77,39
2026-05-21 20:00:49,2026-05-21,6,篮球场-东场地北半场,19:00-20:00,0,1,不开放/已过期,,雾,22,23,2,0.0,89,39
2026-05-21 20:30:44,2026-05-21,6,篮球场-东场地北半场,19:00-20:00,0,1,不开放/已过期,,雾,22,24,2,0.0,93,43
2026-05-21 21:00:56,2026-05-21,6,篮球场-东场地北半场,19:00-20:00,0,1,不开放/已过期,,雾,20,21,2,0.0,98,43
2026-05-21 21:30:46,2026-05-21,6,篮球场-东场地北半场,19:00-20:00,0,1,不开放/已过期,,雾,20,22,1,0.0,99,41
2026-05-21 22:01:02,2026-05-21,6,篮球场-东场地北半场,19:00-20:00,0,1,不开放/已过期,,雾,19,20,2,0.0,93,41
2026-05-21 22:30:47,2026-05-21,6,篮球场-东场地北半场,19:00-20:00,0,1,不开放/已过期,,雾,19,19,3,0.0,88,46
2026-05-21 23:00:56,2026-05-21,6,篮球场-东场地北半场,19:00-20:00,0,1,不开放/已过期,,多云,18,17,3,0.0,85,46
2026-05-21 23:30:55,2026-05-21,6,篮球场-东场地北半场,19:00-20:00,0,1,不开放/已过期,,多云,18,17,3,0.0,85,48
2026-05-21 00:30:49,2026-05-21,6,篮球场-东场地北半场,20:30-21:30,0,1,可预约,￥50.0,多云,15,13,3,0.0,100,26
2026-05-21 01:00:55,2026-05-21,6,篮球场-东场地北半场,20:30-21:30,0,1,可预约,￥50.0,多云,15,12,4,0.0,100,26
2026-05-21 01:30:47,2026-05-21,6,篮球场-东场地北半场,20:30-21:30,0,1,可预约,￥50.0,多云,15,13,4,0.0,100,28
2026-05-21 02:00:53,2026-05-21,6,篮球场-东场地北半场,20:30-21:30,0,1,可预约,￥50.0,多云,15,12,4,0.0,100,28
2026-05-21 02:30:49,2026-05-21,6,篮球场-东场地北半场,20:30-21:30,0,1,可预约,￥50.0,多云,15,14,3,0.0,100,29
2026-05-21 03:00:55,2026-05-21,6,篮球场-东场地北半场,20:30-21:30,0,1,可预约,￥50.0,多云,15,12,4,0.0,100,29
2026-05-21 03:30:49,2026-05-21,6,篮球场-东场地北半场,20:30-21:30,0,1,可预约,￥50.0,多云,15,14,3,0.0,100,30
2026-05-21 04:30:45,2026-05-21,6,篮球场-东场地北半场,20:30-21:30,0,1,可预约,￥50.0,多云,15,12,4,0.0,100,29
2026-05-21 05:00:52,2026-05-21,6,篮球场-东场地北半场,20:30-21:30,0,1,可预约,￥50.0,多云,15,12,4,0.0,100,29
2026-05-21 05:30:49,2026-05-21,6,篮球场-东场地北半场,20:30-21:30,0,1,可预约,￥50.0,多云,15,13,3,0.0,100,28
2026-05-21 06:00:50,2026-05-21,6,篮球场-东场地北半场,20:30-21:30,0,1,可预约,￥50.0,多云,15,13,4,0.0,99,28
2026-05-21 06:30:38,2026-05-21,6,篮球场-东场地北半场,20:30-21:30,0,1,可预约,￥50.0,多云,15,13,3,0.0,97,28
2026-05-21 07:00:43,2026-05-21,6,篮球场-东场地北半场,20:30-21:30,0,1,可预约,￥50.0,晴,15,11,5,0.0,93,28
2026-05-21 07:30:39,2026-05-21,6,篮球场-东场地北半场,20:30-21:30,0,1,可预约,￥50.0,晴,17,13,4,0.0,89,29
2026-05-21 07:50:40,2026-05-21,6,篮球场-东场地北半场,20:30-21:30,0,1,可预约,￥50.0,晴,17,13,4,0.0,88,29
2026-05-21 07:53:31,2026-05-21,6,篮球场-东场地北半场,20:30-21:30,0,1,可预约,￥50.0,晴,17,12,5,0.0,86,29
2026-05-21 07:56:31,2026-05-21,6,篮球场-东场地北半场,20:30-21:30,0,1,可预约,￥50.0,晴,17,12,5,0.0,86,29
2026-05-21 07:59:26,2026-05-21,6,篮球场-东场地北半场,20:30-21:30,0,1,可预约,￥50.0,晴,17,12,5,0.0,86,29
2026-05-21 08:00:45,2026-05-21,6,篮球场-东场地北半场,20:30-21:30,0,1,可预约,￥50.0,晴,17,12,5,0.0,86,29
2026-05-21 08:02:30,2026-05-21,6,篮球场-东场地北半场,20:30-21:30,0,1,可预约,￥50.0,多云,17,12,5,0.0,87,29
2026-05-21 08:05:36,2026-05-21,6,篮球场-东场地北半场,20:30-21:30,0,1,可预约,￥50.0,多云,17,12,5,0.0,86,29
2026-05-21 08:08:31,2026-05-21,6,篮球场-东场地北半场,20:30-21:30,0,1,可预约,￥50.0,多云,17,12,5,0.0,86,29
2026-05-21 08:11:30,2026-05-21,6,篮球场-东场地北半场,20:30-21:30,0,1,可预约,￥50.0,多云,17,12,5,0.0,86,29
2026-05-21 08:14:31,2026-05-21,6,篮球场-东场地北半场,20:30-21:30,0,1,可预约,￥50.0,多云,17,12,5,0.0,86,29
2026-05-21 08:17:30,2026-05-21,6,篮球场-东场地北半场,20:30-21:30,0,1,可预约,￥50.0,多云,17,12,5,0.0,86,29
2026-05-21 08:20:35,2026-05-21,6,篮球场-东场地北半场,20:30-21:30,0,1,可预约,￥50.0,多云,17,14,4,0.0,85,29
2026-05-21 08:25:32,2026-05-21,6,篮球场-东场地北半场,20:30-21:30,0,1,可预约,￥50.0,多云,17,14,4,0.0,85,28
2026-05-21 08:30:42,2026-05-21,6,篮球场-东场地北半场,20:30-21:30,0,1,可预约,￥50.0,多云,18,15,4,0.0,84,28
2026-05-21 08:35:31,2026-05-21,6,篮球场-东场地北半场,20:30-21:30,0,1,可预约,￥50.0,多云,18,15,4,0.0,84,28
2026-05-21 08:40:38,2026-05-21,6,篮球场-东场地北半场,20:30-21:30,0,1,可预约,￥50.0,多云,18,15,4,0.0,82,28
2026-05-21 08:45:33,2026-05-21,6,篮球场-东场地北半场,20:30-21:30,0,1,可预约,￥50.0,多云,18,15,4,0.0,82,28
2026-05-21 08:50:36,2026-05-21,6,篮球场-东场地北半场,20:30-21:30,0,1,可预约,￥50.0,多云,18,15,4,0.0,82,28
2026-05-21 08:55:34,2026-05-21,6,篮球场-东场地北半场,20:30-21:30,0,1,可预约,￥50.0,多云,18,15,4,0.0,84,28
2026-05-21 09:00:51,2026-05-21,6,篮球场-东场地北半场,20:30-21:30,0,1,可预约,￥50.0,多云,18,15,4,0.0,84,28
2026-05-21 09:01:59,2026-05-21,6,篮球场-东场地北半场,20:30-21:30,0,1,可预约,￥50.0,多云,18,15,4,0.0,83,28
2026-05-21 09:05:33,2026-05-21,6,篮球场-东场地北半场,20:30-21:30,0,1,可预约,￥50.0,多云,18,15,4,0.0,83,28
2026-05-21 09:20:38,2026-05-21,6,篮球场-东场地北半场,20:30-21:30,0,1,可预约,￥50.0,多云,18,16,3,0.0,81,28
2026-05-21 09:30:46,2026-05-21,6,篮球场-东场地北半场,20:30-21:30,0,1,可预约,￥50.0,多云,18,16,3,0.0,81,32
2026-05-21 09:40:36,2026-05-21,6,篮球场-东场地北半场,20:30-21:30,0,1,可预约,￥50.0,多云,19,17,3,0.0,79,32
2026-05-21 09:50:42,2026-05-21,6,篮球场-东场地北半场,20:30-21:30,0,1,可预约,￥50.0,多云,19,17,4,0.0,81,32
2026-05-21 10:00:46,2026-05-21,6,篮球场-东场地北半场,20:30-21:30,0,1,可预约,￥50.0,多云,19,17,4,0.0,79,32
2026-05-21 10:10:40,2026-05-21,6,篮球场-东场地北半场,20:30-21:30,0,1,可预约,￥50.0,多云,19,17,4,0.0,79,32
2026-05-21 10:20:38,2026-05-21,6,篮球场-东场地北半场,20:30-21:30,0,1,可预约,￥50.0,多云,19,17,4,0.0,79,32
2026-05-21 10:30:41,2026-05-21,6,篮球场-东场地北半场,20:30-21:30,0,1,可预约,￥50.0,多云,19,18,3,0.0,78,31
2026-05-21 11:00:44,2026-05-21,6,篮球场-东场地北半场,20:30-21:30,0,1,可预约,￥50.0,多云,21,17,5,0.0,74,31
2026-05-21 11:30:38,2026-05-21,6,篮球场-东场地北半场,20:30-21:30,0,1,可预约,￥50.0,多云,21,19,3,0.0,72,33
2026-05-21 12:00:46,2026-05-21,6,篮球场-东场地北半场,20:30-21:30,0,1,可预约,￥50.0,多云,22,19,4,0.0,70,33
2026-05-21 12:30:42,2026-05-21,6,篮球场-东场地北半场,20:30-21:30,0,1,可预约,￥50.0,多云,22,21,3,0.0,68,35
2026-05-21 13:00:43,2026-05-21,6,篮球场-东场地北半场,20:30-21:30,0,1,可预约,￥50.0,多云,24,22,4,0.0,66,35
2026-05-21 13:30:43,2026-05-21,6,篮球场-东场地北半场,20:30-21:30,0,1,可预约,￥50.0,多云,24,22,4,0.0,66,36
2026-05-21 14:00:48,2026-05-21,6,篮球场-东场地北半场,20:30-21:30,0,1,可预约,￥50.0,多云,25,23,4,0.0,66,36
2026-05-21 14:30:45,2026-05-21,6,篮球场-东场地北半场,20:30-21:30,0,1,可预约,￥50.0,晴,25,25,3,0.0,65,39
2026-05-21 15:00:45,2026-05-21,6,篮球场-东场地北半场,20:30-21:30,0,1,可预约,￥50.0,晴,25,22,4,0.0,56,39
2026-05-21 15:30:43,2026-05-21,6,篮球场-东场地北半场,20:30-21:30,0,1,可预约,￥50.0,晴,25,23,4,0.0,57,40
2026-05-21 16:00:51,2026-05-21,6,篮球场-东场地北半场,20:30-21:30,0,1,可预约,￥50.0,晴,25,23,4,0.0,57,40
2026-05-21 16:30:48,2026-05-21,6,篮球场-东场地北半场,20:30-21:30,0,1,可预约,￥50.0,晴,25,24,3,0.0,60,39
2026-05-21 17:00:49,2026-05-21,6,篮球场-东场地北半场,20:30-21:30,0,1,可预约,￥50.0,晴,25,24,4,0.0,61,39
2026-05-21 17:30:47,2026-05-21,6,篮球场-东场地北半场,20:30-21:30,0,1,可预约,￥50.0,多云,24,23,3,0.0,64,39
2026-05-21 18:00:50,2026-05-21,6,篮球场-东场地北半场,20:30-21:30,0,1,可预约,￥50.0,多云,24,23,3,0.0,68,39
2026-05-21 18:30:50,2026-05-21,6,篮球场-东场地北半场,20:30-21:30,0,1,可预约,￥50.0,阴,24,25,2,0.0,68,40
2026-05-21 19:00:50,2026-05-21,6,篮球场-东场地北半场,20:30-21:30,0,1,可预约,￥50.0,阴,23,23,3,0.0,76,40
2026-05-21 19:30:46,2026-05-21,6,篮球场-东场地北半场,20:30-21:30,0,1,可预约,￥50.0,阴,23,24,2,0.0,77,39
2026-05-21 20:00:49,2026-05-21,6,篮球场-东场地北半场,20:30-21:30,0,1,可预约,￥50.0,雾,22,23,2,0.0,89,39
2026-05-21 20:30:44,2026-05-21,6,篮球场-东场地北半场,20:30-21:30,0,1,可预约,￥50.0,雾,22,24,2,0.0,93,43
2026-05-21 21:00:56,2026-05-21,6,篮球场-东场地北半场,20:30-21:30,0,1,可预约,￥50.0,雾,20,21,2,0.0,98,43
2026-05-21 21:30:46,2026-05-21,6,篮球场-东场地北半场,20:30-21:30,0,1,不开放/已过期,,雾,20,22,1,0.0,99,41
2026-05-21 22:01:02,2026-05-21,6,篮球场-东场地北半场,20:30-21:30,0,1,不开放/已过期,,雾,19,20,2,0.0,93,41
2026-05-21 22:30:47,2026-05-21,6,篮球场-东场地北半场,20:30-21:30,0,1,不开放/已过期,,雾,19,19,3,0.0,88,46
2026-05-21 23:00:56,2026-05-21,6,篮球场-东场地北半场,20:30-21:30,0,1,不开放/已过期,,多云,18,17,3,0.0,85,46
2026-05-21 23:30:55,2026-05-21,6,篮球场-东场地北半场,20:30-21:30,0,1,不开放/已过期,,多云,18,17,3,0.0,85,48
2026-05-21 00:30:49,2026-05-21,6,篮球场-东场地南半场,09:00-10:00,0,1,可预约,￥50.0,多云,15,13,3,0.0,100,26
2026-05-21 01:00:55,2026-05-21,6,篮球场-东场地南半场,09:00-10:00,0,1,可预约,￥50.0,多云,15,12,4,0.0,100,26
2026-05-21 01:30:47,2026-05-21,6,篮球场-东场地南半场,09:00-10:00,0,1,可预约,￥50.0,多云,15,13,4,0.0,100,28
2026-05-21 02:00:53,2026-05-21,6,篮球场-东场地南半场,09:00-10:00,0,1,可预约,￥50.0,多云,15,12,4,0.0,100,28
2026-05-21 02:30:49,2026-05-21,6,篮球场-东场地南半场,09:00-10:00,0,1,可预约,￥50.0,多云,15,14,3,0.0,100,29
2026-05-21 03:00:55,2026-05-21,6,篮球场-东场地南半场,09:00-10:00,0,1,可预约,￥50.0,多云,15,12,4,0.0,100,29
2026-05-21 03:30:49,2026-05-21,6,篮球场-东场地南半场,09:00-10:00,0,1,可预约,￥50.0,多云,15,14,3,0.0,100,30
2026-05-21 04:30:45,2026-05-21,6,篮球场-东场地南半场,09:00-10:00,0,1,可预约,￥50.0,多云,15,12,4,0.0,100,29
2026-05-21 05:00:52,2026-05-21,6,篮球场-东场地南半场,09:00-10:00,0,1,可预约,￥50.0,多云,15,12,4,0.0,100,29
2026-05-21 05:30:49,2026-05-21,6,篮球场-东场地南半场,09:00-10:00,0,1,可预约,￥50.0,多云,15,13,3,0.0,100,28
2026-05-21 06:00:50,2026-05-21,6,篮球场-东场地南半场,09:00-10:00,0,1,可预约,￥50.0,多云,15,13,4,0.0,99,28
2026-05-21 06:30:38,2026-05-21,6,篮球场-东场地南半场,09:00-10:00,0,1,可预约,￥50.0,多云,15,13,3,0.0,97,28
2026-05-21 07:00:43,2026-05-21,6,篮球场-东场地南半场,09:00-10:00,0,1,可预约,￥50.0,晴,15,11,5,0.0,93,28
2026-05-21 07:30:39,2026-05-21,6,篮球场-东场地南半场,09:00-10:00,0,1,可预约,￥50.0,晴,17,13,4,0.0,89,29
2026-05-21 07:50:40,2026-05-21,6,篮球场-东场地南半场,09:00-10:00,0,1,可预约,￥50.0,晴,17,13,4,0.0,88,29
2026-05-21 07:53:31,2026-05-21,6,篮球场-东场地南半场,09:00-10:00,0,1,可预约,￥50.0,晴,17,12,5,0.0,86,29
2026-05-21 07:56:31,2026-05-21,6,篮球场-东场地南半场,09:00-10:00,0,1,可预约,￥50.0,晴,17,12,5,0.0,86,29
2026-05-21 07:59:26,2026-05-21,6,篮球场-东场地南半场,09:00-10:00,0,1,可预约,￥50.0,晴,17,12,5,0.0,86,29
2026-05-21 08:00:45,2026-05-21,6,篮球场-东场地南半场,09:00-10:00,0,1,可预约,￥50.0,晴,17,12,5,0.0,86,29
2026-05-21 08:02:30,2026-05-21,6,篮球场-东场地南半场,09:00-10:00,0,1,可预约,￥50.0,多云,17,12,5,0.0,87,29
2026-05-21 08:05:36,2026-05-21,6,篮球场-东场地南半场,09:00-10:00,0,1,可预约,￥50.0,多云,17,12,5,0.0,86,29
2026-05-21 08:08:31,2026-05-21,6,篮球场-东场地南半场,09:00-10:00,0,1,可预约,￥50.0,多云,17,12,5,0.0,86,29
2026-05-21 08:11:30,2026-05-21,6,篮球场-东场地南半场,09:00-10:00,0,1,可预约,￥50.0,多云,17,12,5,0.0,86,29
2026-05-21 08:14:31,2026-05-21,6,篮球场-东场地南半场,09:00-10:00,0,1,可预约,￥50.0,多云,17,12,5,0.0,86,29
2026-05-21 08:17:30,2026-05-21,6,篮球场-东场地南半场,09:00-10:00,0,1,可预约,￥50.0,多云,17,12,5,0.0,86,29
2026-05-21 08:20:35,2026-05-21,6,篮球场-东场地南半场,09:00-10:00,0,1,可预约,￥50.0,多云,17,14,4,0.0,85,29
2026-05-21 08:25:32,2026-05-21,6,篮球场-东场地南半场,09:00-10:00,0,1,可预约,￥50.0,多云,17,14,4,0.0,85,28
2026-05-21 08:30:42,2026-05-21,6,篮球场-东场地南半场,09:00-10:00,0,1,可预约,￥50.0,多云,18,15,4,0.0,84,28
2026-05-21 08:35:31,2026-05-21,6,篮球场-东场地南半场,09:00-10:00,0,1,可预约,￥50.0,多云,18,15,4,0.0,84,28
2026-05-21 08:40:38,2026-05-21,6,篮球场-东场地南半场,09:00-10:00,0,1,可预约,￥50.0,多云,18,15,4,0.0,82,28
2026-05-21 08:45:33,2026-05-21,6,篮球场-东场地南半场,09:00-10:00,0,1,可预约,￥50.0,多云,18,15,4,0.0,82,28
2026-05-21 08:50:36,2026-05-21,6,篮球场-东场地南半场,09:00-10:00,0,1,可预约,￥50.0,多云,18,15,4,0.0,82,28
2026-05-21 08:55:34,2026-05-21,6,篮球场-东场地南半场,09:00-10:00,0,1,可预约,￥50.0,多云,18,15,4,0.0,84,28
2026-05-21 09:00:51,2026-05-21,6,篮球场-东场地南半场,09:00-10:00,0,1,可预约,￥50.0,多云,18,15,4,0.0,84,28
2026-05-21 09:01:59,2026-05-21,6,篮球场-东场地南半场,09:00-10:00,0,1,可预约,￥50.0,多云,18,15,4,0.0,83,28
2026-05-21 09:05:33,2026-05-21,6,篮球场-东场地南半场,09:00-10:00,0,1,可预约,￥50.0,多云,18,15,4,0.0,83,28
2026-05-21 09:20:38,2026-05-21,6,篮球场-东场地南半场,09:00-10:00,0,1,可预约,￥50.0,多云,18,16,3,0.0,81,28
2026-05-21 09:30:46,2026-05-21,6,篮球场-东场地南半场,09:00-10:00,0,1,可预约,￥50.0,多云,18,16,3,0.0,81,32
2026-05-21 09:40:36,2026-05-21,6,篮球场-东场地南半场,09:00-10:00,0,1,可预约,￥50.0,多云,19,17,3,0.0,79,32
2026-05-21 09:50:42,2026-05-21,6,篮球场-东场地南半场,09:00-10:00,0,1,可预约,￥50.0,多云,19,17,4,0.0,81,32
2026-05-21 10:00:46,2026-05-21,6,篮球场-东场地南半场,09:00-10:00,0,1,不开放/已过期,,多云,19,17,4,0.0,79,32
2026-05-21 10:10:40,2026-05-21,6,篮球场-东场地南半场,09:00-10:00,0,1,不开放/已过期,,多云,19,17,4,0.0,79,32
2026-05-21 10:20:38,2026-05-21,6,篮球场-东场地南半场,09:00-10:00,0,1,不开放/已过期,,多云,19,17,4,0.0,79,32
2026-05-21 10:30:41,2026-05-21,6,篮球场-东场地南半场,09:00-10:00,0,1,不开放/已过期,,多云,19,18,3,0.0,78,31
2026-05-21 11:00:44,2026-05-21,6,篮球场-东场地南半场,09:00-10:00,0,1,不开放/已过期,,多云,21,17,5,0.0,74,31
2026-05-21 11:30:38,2026-05-21,6,篮球场-东场地南半场,09:00-10:00,0,1,不开放/已过期,,多云,21,19,3,0.0,72,33
2026-05-21 12:00:46,2026-05-21,6,篮球场-东场地南半场,09:00-10:00,0,1,不开放/已过期,,多云,22,19,4,0.0,70,33
2026-05-21 12:30:42,2026-05-21,6,篮球场-东场地南半场,09:00-10:00,0,1,不开放/已过期,,多云,22,21,3,0.0,68,35
2026-05-21 13:00:43,2026-05-21,6,篮球场-东场地南半场,09:00-10:00,0,1,不开放/已过期,,多云,24,22,4,0.0,66,35
2026-05-21 13:30:43,2026-05-21,6,篮球场-东场地南半场,09:00-10:00,0,1,不开放/已过期,,多云,24,22,4,0.0,66,36
2026-05-21 14:00:48,2026-05-21,6,篮球场-东场地南半场,09:00-10:00,0,1,不开放/已过期,,多云,25,23,4,0.0,66,36
2026-05-21 14:30:45,2026-05-21,6,篮球场-东场地南半场,09:00-10:00,0,1,不开放/已过期,,晴,25,25,3,0.0,65,39
2026-05-21 15:00:45,2026-05-21,6,篮球场-东场地南半场,09:00-10:00,0,1,不开放/已过期,,晴,25,22,4,0.0,56,39
2026-05-21 15:30:43,2026-05-21,6,篮球场-东场地南半场,09:00-10:00,0,1,不开放/已过期,,晴,25,23,4,0.0,57,40
2026-05-21 16:00:51,2026-05-21,6,篮球场-东场地南半场,09:00-10:00,0,1,不开放/已过期,,晴,25,23,4,0.0,57,40
2026-05-21 16:30:48,2026-05-21,6,篮球场-东场地南半场,09:00-10:00,0,1,不开放/已过期,,晴,25,24,3,0.0,60,39
2026-05-21 17:00:49,2026-05-21,6,篮球场-东场地南半场,09:00-10:00,0,1,不开放/已过期,,晴,25,24,4,0.0,61,39
2026-05-21 17:30:47,2026-05-21,6,篮球场-东场地南半场,09:00-10:00,0,1,不开放/已过期,,多云,24,23,3,0.0,64,39
2026-05-21 18:00:50,2026-05-21,6,篮球场-东场地南半场,09:00-10:00,0,1,不开放/已过期,,多云,24,23,3,0.0,68,39
2026-05-21 18:30:50,2026-05-21,6,篮球场-东场地南半场,09:00-10:00,0,1,不开放/已过期,,阴,24,25,2,0.0,68,40
2026-05-21 19:00:50,2026-05-21,6,篮球场-东场地南半场,09:00-10:00,0,1,不开放/已过期,,阴,23,23,3,0.0,76,40
2026-05-21 19:30:46,2026-05-21,6,篮球场-东场地南半场,09:00-10:00,0,1,不开放/已过期,,阴,23,24,2,0.0,77,39
2026-05-21 20:00:49,2026-05-21,6,篮球场-东场地南半场,09:00-10:00,0,1,不开放/已过期,,雾,22,23,2,0.0,89,39
2026-05-21 20:30:44,2026-05-21,6,篮球场-东场地南半场,09:00-10:00,0,1,不开放/已过期,,雾,22,24,2,0.0,93,43
2026-05-21 21:00:56,2026-05-21,6,篮球场-东场地南半场,09:00-10:00,0,1,不开放/已过期,,雾,20,21,2,0.0,98,43
2026-05-21 21:30:46,2026-05-21,6,篮球场-东场地南半场,09:00-10:00,0,1,不开放/已过期,,雾,20,22,1,0.0,99,41
2026-05-21 22:01:02,2026-05-21,6,篮球场-东场地南半场,09:00-10:00,0,1,不开放/已过期,,雾,19,20,2,0.0,93,41
2026-05-21 22:30:47,2026-05-21,6,篮球场-东场地南半场,09:00-10:00,0,1,不开放/已过期,,雾,19,19,3,0.0,88,46
2026-05-21 23:00:56,2026-05-21,6,篮球场-东场地南半场,09:00-10:00,0,1,不开放/已过期,,多云,18,17,3,0.0,85,46
2026-05-21 23:30:55,2026-05-21,6,篮球场-东场地南半场,09:00-10:00,0,1,不开放/已过期,,多云,18,17,3,0.0,85,48
2026-05-21 00:30:49,2026-05-21,6,篮球场-东场地南半场,10:30-11:30,1,1,已售/已满,教学时间,多云,15,13,3,0.0,100,26
2026-05-21 01:00:55,2026-05-21,6,篮球场-东场地南半场,10:30-11:30,1,1,已售/已满,教学时间,多云,15,12,4,0.0,100,26
2026-05-21 01:30:47,2026-05-21,6,篮球场-东场地南半场,10:30-11:30,1,1,已售/已满,教学时间,多云,15,13,4,0.0,100,28
2026-05-21 02:00:53,2026-05-21,6,篮球场-东场地南半场,10:30-11:30,1,1,已售/已满,教学时间,多云,15,12,4,0.0,100,28
2026-05-21 02:30:49,2026-05-21,6,篮球场-东场地南半场,10:30-11:30,1,1,已售/已满,教学时间,多云,15,14,3,0.0,100,29
2026-05-21 03:00:55,2026-05-21,6,篮球场-东场地南半场,10:30-11:30,1,1,已售/已满,教学时间,多云,15,12,4,0.0,100,29
2026-05-21 03:30:49,2026-05-21,6,篮球场-东场地南半场,10:30-11:30,1,1,已售/已满,教学时间,多云,15,14,3,0.0,100,30
2026-05-21 04:30:45,2026-05-21,6,篮球场-东场地南半场,10:30-11:30,1,1,已售/已满,教学时间,多云,15,12,4,0.0,100,29
2026-05-21 05:00:52,2026-05-21,6,篮球场-东场地南半场,10:30-11:30,1,1,已售/已满,教学时间,多云,15,12,4,0.0,100,29
2026-05-21 05:30:49,2026-05-21,6,篮球场-东场地南半场,10:30-11:30,1,1,已售/已满,教学时间,多云,15,13,3,0.0,100,28
2026-05-21 06:00:50,2026-05-21,6,篮球场-东场地南半场,10:30-11:30,1,1,已售/已满,教学时间,多云,15,13,4,0.0,99,28
2026-05-21 06:30:38,2026-05-21,6,篮球场-东场地南半场,10:30-11:30,1,1,已售/已满,教学时间,多云,15,13,3,0.0,97,28
2026-05-21 07:00:43,2026-05-21,6,篮球场-东场地南半场,10:30-11:30,1,1,已售/已满,教学时间,晴,15,11,5,0.0,93,28
2026-05-21 07:30:39,2026-05-21,6,篮球场-东场地南半场,10:30-11:30,1,1,已售/已满,教学时间,晴,17,13,4,0.0,89,29
2026-05-21 07:50:40,2026-05-21,6,篮球场-东场地南半场,10:30-11:30,1,1,已售/已满,教学时间,晴,17,13,4,0.0,88,29
2026-05-21 07:53:31,2026-05-21,6,篮球场-东场地南半场,10:30-11:30,1,1,已售/已满,教学时间,晴,17,12,5,0.0,86,29
2026-05-21 07:56:31,2026-05-21,6,篮球场-东场地南半场,10:30-11:30,1,1,已售/已满,教学时间,晴,17,12,5,0.0,86,29
2026-05-21 07:59:26,2026-05-21,6,篮球场-东场地南半场,10:30-11:30,1,1,已售/已满,教学时间,晴,17,12,5,0.0,86,29
2026-05-21 08:00:45,2026-05-21,6,篮球场-东场地南半场,10:30-11:30,1,1,已售/已满,教学时间,晴,17,12,5,0.0,86,29
2026-05-21 08:02:30,2026-05-21,6,篮球场-东场地南半场,10:30-11:30,1,1,已售/已满,教学时间,多云,17,12,5,0.0,87,29
2026-05-21 08:05:36,2026-05-21,6,篮球场-东场地南半场,10:30-11:30,1,1,已售/已满,教学时间,多云,17,12,5,0.0,86,29
2026-05-21 08:08:31,2026-05-21,6,篮球场-东场地南半场,10:30-11:30,1,1,已售/已满,教学时间,多云,17,12,5,0.0,86,29
2026-05-21 08:11:30,2026-05-21,6,篮球场-东场地南半场,10:30-11:30,1,1,已售/已满,教学时间,多云,17,12,5,0.0,86,29
2026-05-21 08:14:31,2026-05-21,6,篮球场-东场地南半场,10:30-11:30,1,1,已售/已满,教学时间,多云,17,12,5,0.0,86,29
2026-05-21 08:17:30,2026-05-21,6,篮球场-东场地南半场,10:30-11:30,1,1,已售/已满,教学时间,多云,17,12,5,0.0,86,29
2026-05-21 08:20:35,2026-05-21,6,篮球场-东场地南半场,10:30-11:30,1,1,已售/已满,教学时间,多云,17,14,4,0.0,85,29
2026-05-21 08:25:32,2026-05-21,6,篮球场-东场地南半场,10:30-11:30,1,1,已售/已满,教学时间,多云,17,14,4,0.0,85,28
2026-05-21 08:30:42,2026-05-21,6,篮球场-东场地南半场,10:30-11:30,1,1,已售/已满,教学时间,多云,18,15,4,0.0,84,28
2026-05-21 08:35:31,2026-05-21,6,篮球场-东场地南半场,10:30-11:30,1,1,已售/已满,教学时间,多云,18,15,4,0.0,84,28
2026-05-21 08:40:38,2026-05-21,6,篮球场-东场地南半场,10:30-11:30,1,1,已售/已满,教学时间,多云,18,15,4,0.0,82,28
2026-05-21 08:45:33,2026-05-21,6,篮球场-东场地南半场,10:30-11:30,1,1,已售/已满,教学时间,多云,18,15,4,0.0,82,28
2026-05-21 08:50:36,2026-05-21,6,篮球场-东场地南半场,10:30-11:30,1,1,已售/已满,教学时间,多云,18,15,4,0.0,82,28
2026-05-21 08:55:34,2026-05-21,6,篮球场-东场地南半场,10:30-11:30,1,1,已售/已满,教学时间,多云,18,15,4,0.0,84,28
2026-05-21 09:00:51,2026-05-21,6,篮球场-东场地南半场,10:30-11:30,1,1,已售/已满,教学时间,多云,18,15,4,0.0,84,28
2026-05-21 09:01:59,2026-05-21,6,篮球场-东场地南半场,10:30-11:30,1,1,已售/已满,教学时间,多云,18,15,4,0.0,83,28
2026-05-21 09:05:33,2026-05-21,6,篮球场-东场地南半场,10:30-11:30,1,1,已售/已满,教学时间,多云,18,15,4,0.0,83,28
2026-05-21 09:20:38,2026-05-21,6,篮球场-东场地南半场,10:30-11:30,1,1,已售/已满,教学时间,多云,18,16,3,0.0,81,28
2026-05-21 09:30:46,2026-05-21,6,篮球场-东场地南半场,10:30-11:30,1,1,已售/已满,教学时间,多云,18,16,3,0.0,81,32
2026-05-21 09:40:36,2026-05-21,6,篮球场-东场地南半场,10:30-11:30,1,1,已售/已满,教学时间,多云,19,17,3,0.0,79,32
2026-05-21 09:50:42,2026-05-21,6,篮球场-东场地南半场,10:30-11:30,1,1,已售/已满,教学时间,多云,19,17,4,0.0,81,32
2026-05-21 10:00:46,2026-05-21,6,篮球场-东场地南半场,10:30-11:30,1,1,已售/已满,教学时间,多云,19,17,4,0.0,79,32
2026-05-21 10:10:40,2026-05-21,6,篮球场-东场地南半场,10:30-11:30,1,1,已售/已满,教学时间,多云,19,17,4,0.0,79,32
2026-05-21 10:20:38,2026-05-21,6,篮球场-东场地南半场,10:30-11:30,1,1,已售/已满,教学时间,多云,19,17,4,0.0,79,32
2026-05-21 10:30:41,2026-05-21,6,篮球场-东场地南半场,10:30-11:30,1,1,已售/已满,教学时间,多云,19,18,3,0.0,78,31
2026-05-21 11:00:44,2026-05-21,6,篮球场-东场地南半场,10:30-11:30,1,1,已售/已满,教学时间,多云,21,17,5,0.0,74,31
2026-05-21 11:30:38,2026-05-21,6,篮球场-东场地南半场,10:30-11:30,1,1,已售/已满,教学时间,多云,21,19,3,0.0,72,33
2026-05-21 12:00:46,2026-05-21,6,篮球场-东场地南半场,10:30-11:30,1,1,已售/已满,教学时间,多云,22,19,4,0.0,70,33
2026-05-21 12:30:42,2026-05-21,6,篮球场-东场地南半场,10:30-11:30,1,1,已售/已满,教学时间,多云,22,21,3,0.0,68,35
2026-05-21 13:00:43,2026-05-21,6,篮球场-东场地南半场,10:30-11:30,1,1,已售/已满,教学时间,多云,24,22,4,0.0,66,35
2026-05-21 13:30:43,2026-05-21,6,篮球场-东场地南半场,10:30-11:30,1,1,已售/已满,教学时间,多云,24,22,4,0.0,66,36
2026-05-21 14:00:48,2026-05-21,6,篮球场-东场地南半场,10:30-11:30,1,1,已售/已满,教学时间,多云,25,23,4,0.0,66,36
2026-05-21 14:30:45,2026-05-21,6,篮球场-东场地南半场,10:30-11:30,1,1,已售/已满,教学时间,晴,25,25,3,0.0,65,39
2026-05-21 15:00:45,2026-05-21,6,篮球场-东场地南半场,10:30-11:30,1,1,已售/已满,教学时间,晴,25,22,4,0.0,56,39
2026-05-21 15:30:43,2026-05-21,6,篮球场-东场地南半场,10:30-11:30,1,1,已售/已满,教学时间,晴,25,23,4,0.0,57,40
2026-05-21 16:00:51,2026-05-21,6,篮球场-东场地南半场,10:30-11:30,1,1,已售/已满,教学时间,晴,25,23,4,0.0,57,40
2026-05-21 16:30:48,2026-05-21,6,篮球场-东场地南半场,10:30-11:30,1,1,已售/已满,教学时间,晴,25,24,3,0.0,60,39
2026-05-21 17:00:49,2026-05-21,6,篮球场-东场地南半场,10:30-11:30,1,1,已售/已满,教学时间,晴,25,24,4,0.0,61,39
2026-05-21 17:30:47,2026-05-21,6,篮球场-东场地南半场,10:30-11:30,1,1,已售/已满,教学时间,多云,24,23,3,0.0,64,39
2026-05-21 18:00:50,2026-05-21,6,篮球场-东场地南半场,10:30-11:30,1,1,已售/已满,教学时间,多云,24,23,3,0.0,68,39
2026-05-21 18:30:50,2026-05-21,6,篮球场-东场地南半场,10:30-11:30,1,1,已售/已满,教学时间,阴,24,25,2,0.0,68,40
2026-05-21 19:00:50,2026-05-21,6,篮球场-东场地南半场,10:30-11:30,1,1,已售/已满,教学时间,阴,23,23,3,0.0,76,40
2026-05-21 19:30:46,2026-05-21,6,篮球场-东场地南半场,10:30-11:30,1,1,已售/已满,教学时间,阴,23,24,2,0.0,77,39
2026-05-21 20:00:49,2026-05-21,6,篮球场-东场地南半场,10:30-11:30,1,1,已售/已满,教学时间,雾,22,23,2,0.0,89,39
2026-05-21 20:30:44,2026-05-21,6,篮球场-东场地南半场,10:30-11:30,1,1,已售/已满,教学时间,雾,22,24,2,0.0,93,43
2026-05-21 21:00:56,2026-05-21,6,篮球场-东场地南半场,10:30-11:30,1,1,已售/已满,教学时间,雾,20,21,2,0.0,98,43
2026-05-21 21:30:46,2026-05-21,6,篮球场-东场地南半场,10:30-11:30,1,1,已售/已满,教学时间,雾,20,22,1,0.0,99,41
2026-05-21 22:01:02,2026-05-21,6,篮球场-东场地南半场,10:30-11:30,1,1,已售/已满,教学时间,雾,19,20,2,0.0,93,41
2026-05-21 22:30:47,2026-05-21,6,篮球场-东场地南半场,10:30-11:30,1,1,已售/已满,教学时间,雾,19,19,3,0.0,88,46
2026-05-21 23:00:56,2026-05-21,6,篮球场-东场地南半场,10:30-11:30,1,1,已售/已满,教学时间,多云,18,17,3,0.0,85,46
2026-05-21 23:30:55,2026-05-21,6,篮球场-东场地南半场,10:30-11:30,1,1,已售/已满,教学时间,多云,18,17,3,0.0,85,48
2026-05-21 00:30:49,2026-05-21,6,篮球场-东场地南半场,14:00-15:00,1,1,已售/已满,教学时间,多云,15,13,3,0.0,100,26
2026-05-21 01:00:55,2026-05-21,6,篮球场-东场地南半场,14:00-15:00,1,1,已售/已满,教学时间,多云,15,12,4,0.0,100,26
2026-05-21 01:30:47,2026-05-21,6,篮球场-东场地南半场,14:00-15:00,1,1,已售/已满,教学时间,多云,15,13,4,0.0,100,28
2026-05-21 02:00:53,2026-05-21,6,篮球场-东场地南半场,14:00-15:00,1,1,已售/已满,教学时间,多云,15,12,4,0.0,100,28
2026-05-21 02:30:49,2026-05-21,6,篮球场-东场地南半场,14:00-15:00,1,1,已售/已满,教学时间,多云,15,14,3,0.0,100,29
2026-05-21 03:00:55,2026-05-21,6,篮球场-东场地南半场,14:00-15:00,1,1,已售/已满,教学时间,多云,15,12,4,0.0,100,29
2026-05-21 03:30:49,2026-05-21,6,篮球场-东场地南半场,14:00-15:00,1,1,已售/已满,教学时间,多云,15,14,3,0.0,100,30
2026-05-21 04:30:45,2026-05-21,6,篮球场-东场地南半场,14:00-15:00,1,1,已售/已满,教学时间,多云,15,12,4,0.0,100,29
2026-05-21 05:00:52,2026-05-21,6,篮球场-东场地南半场,14:00-15:00,1,1,已售/已满,教学时间,多云,15,12,4,0.0,100,29
2026-05-21 05:30:49,2026-05-21,6,篮球场-东场地南半场,14:00-15:00,1,1,已售/已满,教学时间,多云,15,13,3,0.0,100,28
2026-05-21 06:00:50,2026-05-21,6,篮球场-东场地南半场,14:00-15:00,1,1,已售/已满,教学时间,多云,15,13,4,0.0,99,28
2026-05-21 06:30:38,2026-05-21,6,篮球场-东场地南半场,14:00-15:00,1,1,已售/已满,教学时间,多云,15,13,3,0.0,97,28
2026-05-21 07:00:43,2026-05-21,6,篮球场-东场地南半场,14:00-15:00,1,1,已售/已满,教学时间,晴,15,11,5,0.0,93,28
2026-05-21 07:30:39,2026-05-21,6,篮球场-东场地南半场,14:00-15:00,1,1,已售/已满,教学时间,晴,17,13,4,0.0,89,29
2026-05-21 07:50:40,2026-05-21,6,篮球场-东场地南半场,14:00-15:00,1,1,已售/已满,教学时间,晴,17,13,4,0.0,88,29
2026-05-21 07:53:31,2026-05-21,6,篮球场-东场地南半场,14:00-15:00,1,1,已售/已满,教学时间,晴,17,12,5,0.0,86,29
2026-05-21 07:56:31,2026-05-21,6,篮球场-东场地南半场,14:00-15:00,1,1,已售/已满,教学时间,晴,17,12,5,0.0,86,29
2026-05-21 07:59:26,2026-05-21,6,篮球场-东场地南半场,14:00-15:00,1,1,已售/已满,教学时间,晴,17,12,5,0.0,86,29
2026-05-21 08:00:45,2026-05-21,6,篮球场-东场地南半场,14:00-15:00,1,1,已售/已满,教学时间,晴,17,12,5,0.0,86,29
2026-05-21 08:02:30,2026-05-21,6,篮球场-东场地南半场,14:00-15:00,1,1,已售/已满,教学时间,多云,17,12,5,0.0,87,29
2026-05-21 08:05:36,2026-05-21,6,篮球场-东场地南半场,14:00-15:00,1,1,已售/已满,教学时间,多云,17,12,5,0.0,86,29
2026-05-21 08:08:31,2026-05-21,6,篮球场-东场地南半场,14:00-15:00,1,1,已售/已满,教学时间,多云,17,12,5,0.0,86,29
2026-05-21 08:11:30,2026-05-21,6,篮球场-东场地南半场,14:00-15:00,1,1,已售/已满,教学时间,多云,17,12,5,0.0,86,29
2026-05-21 08:14:31,2026-05-21,6,篮球场-东场地南半场,14:00-15:00,1,1,已售/已满,教学时间,多云,17,12,5,0.0,86,29
2026-05-21 08:17:30,2026-05-21,6,篮球场-东场地南半场,14:00-15:00,1,1,已售/已满,教学时间,多云,17,12,5,0.0,86,29
2026-05-21 08:20:35,2026-05-21,6,篮球场-东场地南半场,14:00-15:00,1,1,已售/已满,教学时间,多云,17,14,4,0.0,85,29
2026-05-21 08:25:32,2026-05-21,6,篮球场-东场地南半场,14:00-15:00,1,1,已售/已满,教学时间,多云,17,14,4,0.0,85,28
2026-05-21 08:30:42,2026-05-21,6,篮球场-东场地南半场,14:00-15:00,1,1,已售/已满,教学时间,多云,18,15,4,0.0,84,28
2026-05-21 08:35:31,2026-05-21,6,篮球场-东场地南半场,14:00-15:00,1,1,已售/已满,教学时间,多云,18,15,4,0.0,84,28
2026-05-21 08:40:38,2026-05-21,6,篮球场-东场地南半场,14:00-15:00,1,1,已售/已满,教学时间,多云,18,15,4,0.0,82,28
2026-05-21 08:45:33,2026-05-21,6,篮球场-东场地南半场,14:00-15:00,1,1,已售/已满,教学时间,多云,18,15,4,0.0,82,28
2026-05-21 08:50:36,2026-05-21,6,篮球场-东场地南半场,14:00-15:00,1,1,已售/已满,教学时间,多云,18,15,4,0.0,82,28
2026-05-21 08:55:34,2026-05-21,6,篮球场-东场地南半场,14:00-15:00,1,1,已售/已满,教学时间,多云,18,15,4,0.0,84,28
2026-05-21 09:00:51,2026-05-21,6,篮球场-东场地南半场,14:00-15:00,1,1,已售/已满,教学时间,多云,18,15,4,0.0,84,28
2026-05-21 09:01:59,2026-05-21,6,篮球场-东场地南半场,14:00-15:00,1,1,已售/已满,教学时间,多云,18,15,4,0.0,83,28
2026-05-21 09:05:33,2026-05-21,6,篮球场-东场地南半场,14:00-15:00,1,1,已售/已满,教学时间,多云,18,15,4,0.0,83,28
2026-05-21 09:20:38,2026-05-21,6,篮球场-东场地南半场,14:00-15:00,1,1,已售/已满,教学时间,多云,18,16,3,0.0,81,28
2026-05-21 09:30:46,2026-05-21,6,篮球场-东场地南半场,14:00-15:00,1,1,已售/已满,教学时间,多云,18,16,3,0.0,81,32
2026-05-21 09:40:36,2026-05-21,6,篮球场-东场地南半场,14:00-15:00,1,1,已售/已满,教学时间,多云,19,17,3,0.0,79,32
2026-05-21 09:50:42,2026-05-21,6,篮球场-东场地南半场,14:00-15:00,1,1,已售/已满,教学时间,多云,19,17,4,0.0,81,32
2026-05-21 10:00:46,2026-05-21,6,篮球场-东场地南半场,14:00-15:00,1,1,已售/已满,教学时间,多云,19,17,4,0.0,79,32
2026-05-21 10:10:40,2026-05-21,6,篮球场-东场地南半场,14:00-15:00,1,1,已售/已满,教学时间,多云,19,17,4,0.0,79,32
2026-05-21 10:20:38,2026-05-21,6,篮球场-东场地南半场,14:00-15:00,1,1,已售/已满,教学时间,多云,19,17,4,0.0,79,32
2026-05-21 10:30:41,2026-05-21,6,篮球场-东场地南半场,14:00-15:00,1,1,已售/已满,教学时间,多云,19,18,3,0.0,78,31
2026-05-21 11:00:44,2026-05-21,6,篮球场-东场地南半场,14:00-15:00,1,1,已售/已满,教学时间,多云,21,17,5,0.0,74,31
2026-05-21 11:30:38,2026-05-21,6,篮球场-东场地南半场,14:00-15:00,1,1,已售/已满,教学时间,多云,21,19,3,0.0,72,33
2026-05-21 12:00:46,2026-05-21,6,篮球场-东场地南半场,14:00-15:00,1,1,已售/已满,教学时间,多云,22,19,4,0.0,70,33
2026-05-21 12:30:42,2026-05-21,6,篮球场-东场地南半场,14:00-15:00,1,1,已售/已满,教学时间,多云,22,21,3,0.0,68,35
2026-05-21 13:00:43,2026-05-21,6,篮球场-东场地南半场,14:00-15:00,1,1,已售/已满,教学时间,多云,24,22,4,0.0,66,35
2026-05-21 13:30:43,2026-05-21,6,篮球场-东场地南半场,14:00-15:00,1,1,已售/已满,教学时间,多云,24,22,4,0.0,66,36
2026-05-21 14:00:48,2026-05-21,6,篮球场-东场地南半场,14:00-15:00,1,1,已售/已满,教学时间,多云,25,23,4,0.0,66,36
2026-05-21 14:30:45,2026-05-21,6,篮球场-东场地南半场,14:00-15:00,1,1,已售/已满,教学时间,晴,25,25,3,0.0,65,39
2026-05-21 15:00:45,2026-05-21,6,篮球场-东场地南半场,14:00-15:00,1,1,已售/已满,教学时间,晴,25,22,4,0.0,56,39
2026-05-21 15:30:43,2026-05-21,6,篮球场-东场地南半场,14:00-15:00,1,1,已售/已满,教学时间,晴,25,23,4,0.0,57,40
2026-05-21 16:00:51,2026-05-21,6,篮球场-东场地南半场,14:00-15:00,1,1,已售/已满,教学时间,晴,25,23,4,0.0,57,40
2026-05-21 16:30:48,2026-05-21,6,篮球场-东场地南半场,14:00-15:00,1,1,已售/已满,教学时间,晴,25,24,3,0.0,60,39
2026-05-21 17:00:49,2026-05-21,6,篮球场-东场地南半场,14:00-15:00,1,1,已售/已满,教学时间,晴,25,24,4,0.0,61,39
2026-05-21 17:30:47,2026-05-21,6,篮球场-东场地南半场,14:00-15:00,1,1,已售/已满,教学时间,多云,24,23,3,0.0,64,39
2026-05-21 18:00:50,2026-05-21,6,篮球场-东场地南半场,14:00-15:00,1,1,已售/已满,教学时间,多云,24,23,3,0.0,68,39
2026-05-21 18:30:50,2026-05-21,6,篮球场-东场地南半场,14:00-15:00,1,1,已售/已满,教学时间,阴,24,25,2,0.0,68,40
2026-05-21 19:00:50,2026-05-21,6,篮球场-东场地南半场,14:00-15:00,1,1,已售/已满,教学时间,阴,23,23,3,0.0,76,40
2026-05-21 19:30:46,2026-05-21,6,篮球场-东场地南半场,14:00-15:00,1,1,已售/已满,教学时间,阴,23,24,2,0.0,77,39
2026-05-21 20:00:49,2026-05-21,6,篮球场-东场地南半场,14:00-15:00,1,1,已售/已满,教学时间,雾,22,23,2,0.0,89,39
2026-05-21 20:30:44,2026-05-21,6,篮球场-东场地南半场,14:00-15:00,1,1,已售/已满,教学时间,雾,22,24,2,0.0,93,43
2026-05-21 21:00:56,2026-05-21,6,篮球场-东场地南半场,14:00-15:00,1,1,已售/已满,教学时间,雾,20,21,2,0.0,98,43
2026-05-21 21:30:46,2026-05-21,6,篮球场-东场地南半场,14:00-15:00,1,1,已售/已满,教学时间,雾,20,22,1,0.0,99,41
2026-05-21 22:01:02,2026-05-21,6,篮球场-东场地南半场,14:00-15:00,1,1,已售/已满,教学时间,雾,19,20,2,0.0,93,41
2026-05-21 22:30:47,2026-05-21,6,篮球场-东场地南半场,14:00-15:00,1,1,已售/已满,教学时间,雾,19,19,3,0.0,88,46
2026-05-21 23:00:56,2026-05-21,6,篮球场-东场地南半场,14:00-15:00,1,1,已售/已满,教学时间,多云,18,17,3,0.0,85,46
2026-05-21 23:30:55,2026-05-21,6,篮球场-东场地南半场,14:00-15:00,1,1,已售/已满,教学时间,多云,18,17,3,0.0,85,48
2026-05-21 00:30:49,2026-05-21,6,篮球场-东场地南半场,15:00-16:00,1,1,已售/已满,教学时间,多云,15,13,3,0.0,100,26
2026-05-21 01:00:55,2026-05-21,6,篮球场-东场地南半场,15:00-16:00,1,1,已售/已满,教学时间,多云,15,12,4,0.0,100,26
2026-05-21 01:30:47,2026-05-21,6,篮球场-东场地南半场,15:00-16:00,1,1,已售/已满,教学时间,多云,15,13,4,0.0,100,28
2026-05-21 02:00:53,2026-05-21,6,篮球场-东场地南半场,15:00-16:00,1,1,已售/已满,教学时间,多云,15,12,4,0.0,100,28
2026-05-21 02:30:49,2026-05-21,6,篮球场-东场地南半场,15:00-16:00,1,1,已售/已满,教学时间,多云,15,14,3,0.0,100,29
2026-05-21 03:00:55,2026-05-21,6,篮球场-东场地南半场,15:00-16:00,1,1,已售/已满,教学时间,多云,15,12,4,0.0,100,29
2026-05-21 03:30:49,2026-05-21,6,篮球场-东场地南半场,15:00-16:00,1,1,已售/已满,教学时间,多云,15,14,3,0.0,100,30
2026-05-21 04:30:45,2026-05-21,6,篮球场-东场地南半场,15:00-16:00,1,1,已售/已满,教学时间,多云,15,12,4,0.0,100,29
2026-05-21 05:00:52,2026-05-21,6,篮球场-东场地南半场,15:00-16:00,1,1,已售/已满,教学时间,多云,15,12,4,0.0,100,29
2026-05-21 05:30:49,2026-05-21,6,篮球场-东场地南半场,15:00-16:00,1,1,已售/已满,教学时间,多云,15,13,3,0.0,100,28
2026-05-21 06:00:50,2026-05-21,6,篮球场-东场地南半场,15:00-16:00,1,1,已售/已满,教学时间,多云,15,13,4,0.0,99,28
2026-05-21 06:30:38,2026-05-21,6,篮球场-东场地南半场,15:00-16:00,1,1,已售/已满,教学时间,多云,15,13,3,0.0,97,28
2026-05-21 07:00:43,2026-05-21,6,篮球场-东场地南半场,15:00-16:00,1,1,已售/已满,教学时间,晴,15,11,5,0.0,93,28
2026-05-21 07:30:39,2026-05-21,6,篮球场-东场地南半场,15:00-16:00,1,1,已售/已满,教学时间,晴,17,13,4,0.0,89,29
2026-05-21 07:50:40,2026-05-21,6,篮球场-东场地南半场,15:00-16:00,1,1,已售/已满,教学时间,晴,17,13,4,0.0,88,29
2026-05-21 07:53:31,2026-05-21,6,篮球场-东场地南半场,15:00-16:00,1,1,已售/已满,教学时间,晴,17,12,5,0.0,86,29
2026-05-21 07:56:31,2026-05-21,6,篮球场-东场地南半场,15:00-16:00,1,1,已售/已满,教学时间,晴,17,12,5,0.0,86,29
2026-05-21 07:59:26,2026-05-21,6,篮球场-东场地南半场,15:00-16:00,1,1,已售/已满,教学时间,晴,17,12,5,0.0,86,29
2026-05-21 08:00:45,2026-05-21,6,篮球场-东场地南半场,15:00-16:00,1,1,已售/已满,教学时间,晴,17,12,5,0.0,86,29
2026-05-21 08:02:30,2026-05-21,6,篮球场-东场地南半场,15:00-16:00,1,1,已售/已满,教学时间,多云,17,12,5,0.0,87,29
2026-05-21 08:05:36,2026-05-21,6,篮球场-东场地南半场,15:00-16:00,1,1,已售/已满,教学时间,多云,17,12,5,0.0,86,29
2026-05-21 08:08:31,2026-05-21,6,篮球场-东场地南半场,15:00-16:00,1,1,已售/已满,教学时间,多云,17,12,5,0.0,86,29
2026-05-21 08:11:30,2026-05-21,6,篮球场-东场地南半场,15:00-16:00,1,1,已售/已满,教学时间,多云,17,12,5,0.0,86,29
2026-05-21 08:14:31,2026-05-21,6,篮球场-东场地南半场,15:00-16:00,1,1,已售/已满,教学时间,多云,17,12,5,0.0,86,29
2026-05-21 08:17:30,2026-05-21,6,篮球场-东场地南半场,15:00-16:00,1,1,已售/已满,教学时间,多云,17,12,5,0.0,86,29
2026-05-21 08:20:35,2026-05-21,6,篮球场-东场地南半场,15:00-16:00,1,1,已售/已满,教学时间,多云,17,14,4,0.0,85,29
2026-05-21 08:25:32,2026-05-21,6,篮球场-东场地南半场,15:00-16:00,1,1,已售/已满,教学时间,多云,17,14,4,0.0,85,28
2026-05-21 08:30:42,2026-05-21,6,篮球场-东场地南半场,15:00-16:00,1,1,已售/已满,教学时间,多云,18,15,4,0.0,84,28
2026-05-21 08:35:31,2026-05-21,6,篮球场-东场地南半场,15:00-16:00,1,1,已售/已满,教学时间,多云,18,15,4,0.0,84,28
2026-05-21 08:40:38,2026-05-21,6,篮球场-东场地南半场,15:00-16:00,1,1,已售/已满,教学时间,多云,18,15,4,0.0,82,28
2026-05-21 08:45:33,2026-05-21,6,篮球场-东场地南半场,15:00-16:00,1,1,已售/已满,教学时间,多云,18,15,4,0.0,82,28
2026-05-21 08:50:36,2026-05-21,6,篮球场-东场地南半场,15:00-16:00,1,1,已售/已满,教学时间,多云,18,15,4,0.0,82,28
2026-05-21 08:55:34,2026-05-21,6,篮球场-东场地南半场,15:00-16:00,1,1,已售/已满,教学时间,多云,18,15,4,0.0,84,28
2026-05-21 09:00:51,2026-05-21,6,篮球场-东场地南半场,15:00-16:00,1,1,已售/已满,教学时间,多云,18,15,4,0.0,84,28
2026-05-21 09:01:59,2026-05-21,6,篮球场-东场地南半场,15:00-16:00,1,1,已售/已满,教学时间,多云,18,15,4,0.0,83,28
2026-05-21 09:05:33,2026-05-21,6,篮球场-东场地南半场,15:00-16:00,1,1,已售/已满,教学时间,多云,18,15,4,0.0,83,28
2026-05-21 09:20:38,2026-05-21,6,篮球场-东场地南半场,15:00-16:00,1,1,已售/已满,教学时间,多云,18,16,3,0.0,81,28
2026-05-21 09:30:46,2026-05-21,6,篮球场-东场地南半场,15:00-16:00,1,1,已售/已满,教学时间,多云,18,16,3,0.0,81,32
2026-05-21 09:40:36,2026-05-21,6,篮球场-东场地南半场,15:00-16:00,1,1,已售/已满,教学时间,多云,19,17,3,0.0,79,32
2026-05-21 09:50:42,2026-05-21,6,篮球场-东场地南半场,15:00-16:00,1,1,已售/已满,教学时间,多云,19,17,4,0.0,81,32
2026-05-21 10:00:46,2026-05-21,6,篮球场-东场地南半场,15:00-16:00,1,1,已售/已满,教学时间,多云,19,17,4,0.0,79,32
2026-05-21 10:10:40,2026-05-21,6,篮球场-东场地南半场,15:00-16:00,1,1,已售/已满,教学时间,多云,19,17,4,0.0,79,32
2026-05-21 10:20:38,2026-05-21,6,篮球场-东场地南半场,15:00-16:00,1,1,已售/已满,教学时间,多云,19,17,4,0.0,79,32
2026-05-21 10:30:41,2026-05-21,6,篮球场-东场地南半场,15:00-16:00,1,1,已售/已满,教学时间,多云,19,18,3,0.0,78,31
2026-05-21 11:00:44,2026-05-21,6,篮球场-东场地南半场,15:00-16:00,1,1,已售/已满,教学时间,多云,21,17,5,0.0,74,31
2026-05-21 11:30:38,2026-05-21,6,篮球场-东场地南半场,15:00-16:00,1,1,已售/已满,教学时间,多云,21,19,3,0.0,72,33
2026-05-21 12:00:46,2026-05-21,6,篮球场-东场地南半场,15:00-16:00,1,1,已售/已满,教学时间,多云,22,19,4,0.0,70,33
2026-05-21 12:30:42,2026-05-21,6,篮球场-东场地南半场,15:00-16:00,1,1,已售/已满,教学时间,多云,22,21,3,0.0,68,35
2026-05-21 13:00:43,2026-05-21,6,篮球场-东场地南半场,15:00-16:00,1,1,已售/已满,教学时间,多云,24,22,4,0.0,66,35
2026-05-21 13:30:43,2026-05-21,6,篮球场-东场地南半场,15:00-16:00,1,1,已售/已满,教学时间,多云,24,22,4,0.0,66,36
2026-05-21 14:00:48,2026-05-21,6,篮球场-东场地南半场,15:00-16:00,1,1,已售/已满,教学时间,多云,25,23,4,0.0,66,36
2026-05-21 14:30:45,2026-05-21,6,篮球场-东场地南半场,15:00-16:00,1,1,已售/已满,教学时间,晴,25,25,3,0.0,65,39
2026-05-21 15:00:45,2026-05-21,6,篮球场-东场地南半场,15:00-16:00,1,1,已售/已满,教学时间,晴,25,22,4,0.0,56,39
2026-05-21 15:30:43,2026-05-21,6,篮球场-东场地南半场,15:00-16:00,1,1,已售/已满,教学时间,晴,25,23,4,0.0,57,40
2026-05-21 16:00:51,2026-05-21,6,篮球场-东场地南半场,15:00-16:00,1,1,已售/已满,教学时间,晴,25,23,4,0.0,57,40
2026-05-21 16:30:48,2026-05-21,6,篮球场-东场地南半场,15:00-16:00,1,1,已售/已满,教学时间,晴,25,24,3,0.0,60,39
2026-05-21 17:00:49,2026-05-21,6,篮球场-东场地南半场,15:00-16:00,1,1,已售/已满,教学时间,晴,25,24,4,0.0,61,39
2026-05-21 17:30:47,2026-05-21,6,篮球场-东场地南半场,15:00-16:00,1,1,已售/已满,教学时间,多云,24,23,3,0.0,64,39
2026-05-21 18:00:50,2026-05-21,6,篮球场-东场地南半场,15:00-16:00,1,1,已售/已满,教学时间,多云,24,23,3,0.0,68,39
2026-05-21 18:30:50,2026-05-21,6,篮球场-东场地南半场,15:00-16:00,1,1,已售/已满,教学时间,阴,24,25,2,0.0,68,40
2026-05-21 19:00:50,2026-05-21,6,篮球场-东场地南半场,15:00-16:00,1,1,已售/已满,教学时间,阴,23,23,3,0.0,76,40
2026-05-21 19:30:46,2026-05-21,6,篮球场-东场地南半场,15:00-16:00,1,1,已售/已满,教学时间,阴,23,24,2,0.0,77,39
2026-05-21 20:00:49,2026-05-21,6,篮球场-东场地南半场,15:00-16:00,1,1,已售/已满,教学时间,雾,22,23,2,0.0,89,39
2026-05-21 20:30:44,2026-05-21,6,篮球场-东场地南半场,15:00-16:00,1,1,已售/已满,教学时间,雾,22,24,2,0.0,93,43
2026-05-21 21:00:56,2026-05-21,6,篮球场-东场地南半场,15:00-16:00,1,1,已售/已满,教学时间,雾,20,21,2,0.0,98,43
2026-05-21 21:30:46,2026-05-21,6,篮球场-东场地南半场,15:00-16:00,1,1,已售/已满,教学时间,雾,20,22,1,0.0,99,41
2026-05-21 22:01:02,2026-05-21,6,篮球场-东场地南半场,15:00-16:00,1,1,已售/已满,教学时间,雾,19,20,2,0.0,93,41
2026-05-21 22:30:47,2026-05-21,6,篮球场-东场地南半场,15:00-16:00,1,1,已售/已满,教学时间,雾,19,19,3,0.0,88,46
2026-05-21 23:00:56,2026-05-21,6,篮球场-东场地南半场,15:00-16:00,1,1,已售/已满,教学时间,多云,18,17,3,0.0,85,46
2026-05-21 23:30:55,2026-05-21,6,篮球场-东场地南半场,15:00-16:00,1,1,已售/已满,教学时间,多云,18,17,3,0.0,85,48
2026-05-21 00:30:49,2026-05-21,6,篮球场-东场地南半场,16:00-17:00,0,1,可预约,￥50.0,多云,15,13,3,0.0,100,26
2026-05-21 01:00:55,2026-05-21,6,篮球场-东场地南半场,16:00-17:00,0,1,可预约,￥50.0,多云,15,12,4,0.0,100,26
2026-05-21 01:30:47,2026-05-21,6,篮球场-东场地南半场,16:00-17:00,0,1,可预约,￥50.0,多云,15,13,4,0.0,100,28
2026-05-21 02:00:53,2026-05-21,6,篮球场-东场地南半场,16:00-17:00,0,1,可预约,￥50.0,多云,15,12,4,0.0,100,28
2026-05-21 02:30:49,2026-05-21,6,篮球场-东场地南半场,16:00-17:00,0,1,可预约,￥50.0,多云,15,14,3,0.0,100,29
2026-05-21 03:00:55,2026-05-21,6,篮球场-东场地南半场,16:00-17:00,0,1,可预约,￥50.0,多云,15,12,4,0.0,100,29
2026-05-21 03:30:49,2026-05-21,6,篮球场-东场地南半场,16:00-17:00,0,1,可预约,￥50.0,多云,15,14,3,0.0,100,30
2026-05-21 04:30:45,2026-05-21,6,篮球场-东场地南半场,16:00-17:00,0,1,可预约,￥50.0,多云,15,12,4,0.0,100,29
2026-05-21 05:00:52,2026-05-21,6,篮球场-东场地南半场,16:00-17:00,0,1,可预约,￥50.0,多云,15,12,4,0.0,100,29
2026-05-21 05:30:49,2026-05-21,6,篮球场-东场地南半场,16:00-17:00,0,1,可预约,￥50.0,多云,15,13,3,0.0,100,28
2026-05-21 06:00:50,2026-05-21,6,篮球场-东场地南半场,16:00-17:00,0,1,可预约,￥50.0,多云,15,13,4,0.0,99,28
2026-05-21 06:30:38,2026-05-21,6,篮球场-东场地南半场,16:00-17:00,0,1,可预约,￥50.0,多云,15,13,3,0.0,97,28
2026-05-21 07:00:43,2026-05-21,6,篮球场-东场地南半场,16:00-17:00,0,1,可预约,￥50.0,晴,15,11,5,0.0,93,28
2026-05-21 07:30:39,2026-05-21,6,篮球场-东场地南半场,16:00-17:00,0,1,可预约,￥50.0,晴,17,13,4,0.0,89,29
2026-05-21 07:50:40,2026-05-21,6,篮球场-东场地南半场,16:00-17:00,0,1,可预约,￥50.0,晴,17,13,4,0.0,88,29
2026-05-21 07:53:31,2026-05-21,6,篮球场-东场地南半场,16:00-17:00,0,1,可预约,￥50.0,晴,17,12,5,0.0,86,29
2026-05-21 07:56:31,2026-05-21,6,篮球场-东场地南半场,16:00-17:00,0,1,可预约,￥50.0,晴,17,12,5,0.0,86,29
2026-05-21 07:59:26,2026-05-21,6,篮球场-东场地南半场,16:00-17:00,0,1,可预约,￥50.0,晴,17,12,5,0.0,86,29
2026-05-21 08:00:45,2026-05-21,6,篮球场-东场地南半场,16:00-17:00,0,1,可预约,￥50.0,晴,17,12,5,0.0,86,29
2026-05-21 08:02:30,2026-05-21,6,篮球场-东场地南半场,16:00-17:00,0,1,可预约,￥50.0,多云,17,12,5,0.0,87,29
2026-05-21 08:05:36,2026-05-21,6,篮球场-东场地南半场,16:00-17:00,0,1,可预约,￥50.0,多云,17,12,5,0.0,86,29
2026-05-21 08:08:31,2026-05-21,6,篮球场-东场地南半场,16:00-17:00,0,1,可预约,￥50.0,多云,17,12,5,0.0,86,29
2026-05-21 08:11:30,2026-05-21,6,篮球场-东场地南半场,16:00-17:00,0,1,可预约,￥50.0,多云,17,12,5,0.0,86,29
2026-05-21 08:14:31,2026-05-21,6,篮球场-东场地南半场,16:00-17:00,0,1,可预约,￥50.0,多云,17,12,5,0.0,86,29
2026-05-21 08:17:30,2026-05-21,6,篮球场-东场地南半场,16:00-17:00,0,1,可预约,￥50.0,多云,17,12,5,0.0,86,29
2026-05-21 08:20:35,2026-05-21,6,篮球场-东场地南半场,16:00-17:00,0,1,可预约,￥50.0,多云,17,14,4,0.0,85,29
2026-05-21 08:25:32,2026-05-21,6,篮球场-东场地南半场,16:00-17:00,0,1,可预约,￥50.0,多云,17,14,4,0.0,85,28
2026-05-21 08:30:42,2026-05-21,6,篮球场-东场地南半场,16:00-17:00,0,1,可预约,￥50.0,多云,18,15,4,0.0,84,28
2026-05-21 08:35:31,2026-05-21,6,篮球场-东场地南半场,16:00-17:00,0,1,可预约,￥50.0,多云,18,15,4,0.0,84,28
2026-05-21 08:40:38,2026-05-21,6,篮球场-东场地南半场,16:00-17:00,0,1,可预约,￥50.0,多云,18,15,4,0.0,82,28
2026-05-21 08:45:33,2026-05-21,6,篮球场-东场地南半场,16:00-17:00,0,1,可预约,￥50.0,多云,18,15,4,0.0,82,28
2026-05-21 08:50:36,2026-05-21,6,篮球场-东场地南半场,16:00-17:00,0,1,可预约,￥50.0,多云,18,15,4,0.0,82,28
2026-05-21 08:55:34,2026-05-21,6,篮球场-东场地南半场,16:00-17:00,0,1,可预约,￥50.0,多云,18,15,4,0.0,84,28
2026-05-21 09:00:51,2026-05-21,6,篮球场-东场地南半场,16:00-17:00,0,1,可预约,￥50.0,多云,18,15,4,0.0,84,28
2026-05-21 09:01:59,2026-05-21,6,篮球场-东场地南半场,16:00-17:00,0,1,可预约,￥50.0,多云,18,15,4,0.0,83,28
2026-05-21 09:05:33,2026-05-21,6,篮球场-东场地南半场,16:00-17:00,0,1,可预约,￥50.0,多云,18,15,4,0.0,83,28
2026-05-21 09:20:38,2026-05-21,6,篮球场-东场地南半场,16:00-17:00,0,1,可预约,￥50.0,多云,18,16,3,0.0,81,28
2026-05-21 09:30:46,2026-05-21,6,篮球场-东场地南半场,16:00-17:00,0,1,可预约,￥50.0,多云,18,16,3,0.0,81,32
2026-05-21 09:40:36,2026-05-21,6,篮球场-东场地南半场,16:00-17:00,0,1,可预约,￥50.0,多云,19,17,3,0.0,79,32
2026-05-21 09:50:42,2026-05-21,6,篮球场-东场地南半场,16:00-17:00,0,1,可预约,￥50.0,多云,19,17,4,0.0,81,32
2026-05-21 10:00:46,2026-05-21,6,篮球场-东场地南半场,16:00-17:00,0,1,可预约,￥50.0,多云,19,17,4,0.0,79,32
2026-05-21 10:10:40,2026-05-21,6,篮球场-东场地南半场,16:00-17:00,0,1,可预约,￥50.0,多云,19,17,4,0.0,79,32
2026-05-21 10:20:38,2026-05-21,6,篮球场-东场地南半场,16:00-17:00,0,1,可预约,￥50.0,多云,19,17,4,0.0,79,32
2026-05-21 10:30:41,2026-05-21,6,篮球场-东场地南半场,16:00-17:00,0,1,可预约,￥50.0,多云,19,18,3,0.0,78,31
2026-05-21 11:00:44,2026-05-21,6,篮球场-东场地南半场,16:00-17:00,0,1,可预约,￥50.0,多云,21,17,5,0.0,74,31
2026-05-21 11:30:38,2026-05-21,6,篮球场-东场地南半场,16:00-17:00,0,1,可预约,￥50.0,多云,21,19,3,0.0,72,33
2026-05-21 12:00:46,2026-05-21,6,篮球场-东场地南半场,16:00-17:00,0,1,可预约,￥50.0,多云,22,19,4,0.0,70,33
2026-05-21 12:30:42,2026-05-21,6,篮球场-东场地南半场,16:00-17:00,0,1,可预约,￥50.0,多云,22,21,3,0.0,68,35
2026-05-21 13:00:43,2026-05-21,6,篮球场-东场地南半场,16:00-17:00,0,1,可预约,￥50.0,多云,24,22,4,0.0,66,35
2026-05-21 13:30:43,2026-05-21,6,篮球场-东场地南半场,16:00-17:00,0,1,可预约,￥50.0,多云,24,22,4,0.0,66,36
2026-05-21 14:00:48,2026-05-21,6,篮球场-东场地南半场,16:00-17:00,0,1,可预约,￥50.0,多云,25,23,4,0.0,66,36
2026-05-21 14:30:45,2026-05-21,6,篮球场-东场地南半场,16:00-17:00,0,1,可预约,￥50.0,晴,25,25,3,0.0,65,39
2026-05-21 15:00:45,2026-05-21,6,篮球场-东场地南半场,16:00-17:00,0,1,可预约,￥50.0,晴,25,22,4,0.0,56,39
2026-05-21 15:30:43,2026-05-21,6,篮球场-东场地南半场,16:00-17:00,0,1,可预约,￥50.0,晴,25,23,4,0.0,57,40
2026-05-21 16:00:51,2026-05-21,6,篮球场-东场地南半场,16:00-17:00,0,1,可预约,￥50.0,晴,25,23,4,0.0,57,40
2026-05-21 16:30:48,2026-05-21,6,篮球场-东场地南半场,16:00-17:00,0,1,可预约,￥50.0,晴,25,24,3,0.0,60,39
2026-05-21 17:00:49,2026-05-21,6,篮球场-东场地南半场,16:00-17:00,0,1,不开放/已过期,,晴,25,24,4,0.0,61,39
2026-05-21 17:30:47,2026-05-21,6,篮球场-东场地南半场,16:00-17:00,0,1,不开放/已过期,,多云,24,23,3,0.0,64,39
2026-05-21 18:00:50,2026-05-21,6,篮球场-东场地南半场,16:00-17:00,0,1,不开放/已过期,,多云,24,23,3,0.0,68,39
2026-05-21 18:30:50,2026-05-21,6,篮球场-东场地南半场,16:00-17:00,0,1,不开放/已过期,,阴,24,25,2,0.0,68,40
2026-05-21 19:00:50,2026-05-21,6,篮球场-东场地南半场,16:00-17:00,0,1,不开放/已过期,,阴,23,23,3,0.0,76,40
2026-05-21 19:30:46,2026-05-21,6,篮球场-东场地南半场,16:00-17:00,0,1,不开放/已过期,,阴,23,24,2,0.0,77,39
2026-05-21 20:00:49,2026-05-21,6,篮球场-东场地南半场,16:00-17:00,0,1,不开放/已过期,,雾,22,23,2,0.0,89,39
2026-05-21 20:30:44,2026-05-21,6,篮球场-东场地南半场,16:00-17:00,0,1,不开放/已过期,,雾,22,24,2,0.0,93,43
2026-05-21 21:00:56,2026-05-21,6,篮球场-东场地南半场,16:00-17:00,0,1,不开放/已过期,,雾,20,21,2,0.0,98,43
2026-05-21 21:30:46,2026-05-21,6,篮球场-东场地南半场,16:00-17:00,0,1,不开放/已过期,,雾,20,22,1,0.0,99,41
2026-05-21 22:01:02,2026-05-21,6,篮球场-东场地南半场,16:00-17:00,0,1,不开放/已过期,,雾,19,20,2,0.0,93,41
2026-05-21 22:30:47,2026-05-21,6,篮球场-东场地南半场,16:00-17:00,0,1,不开放/已过期,,雾,19,19,3,0.0,88,46
2026-05-21 23:00:56,2026-05-21,6,篮球场-东场地南半场,16:00-17:00,0,1,不开放/已过期,,多云,18,17,3,0.0,85,46
2026-05-21 23:30:55,2026-05-21,6,篮球场-东场地南半场,16:00-17:00,0,1,不开放/已过期,,多云,18,17,3,0.0,85,48
2026-05-21 00:30:49,2026-05-21,6,篮球场-东场地南半场,19:00-20:00,0,1,可预约,￥50.0,多云,15,13,3,0.0,100,26
2026-05-21 01:00:55,2026-05-21,6,篮球场-东场地南半场,19:00-20:00,0,1,可预约,￥50.0,多云,15,12,4,0.0,100,26
2026-05-21 01:30:47,2026-05-21,6,篮球场-东场地南半场,19:00-20:00,0,1,可预约,￥50.0,多云,15,13,4,0.0,100,28
2026-05-21 02:00:53,2026-05-21,6,篮球场-东场地南半场,19:00-20:00,0,1,可预约,￥50.0,多云,15,12,4,0.0,100,28
2026-05-21 02:30:49,2026-05-21,6,篮球场-东场地南半场,19:00-20:00,0,1,可预约,￥50.0,多云,15,14,3,0.0,100,29
2026-05-21 03:00:55,2026-05-21,6,篮球场-东场地南半场,19:00-20:00,0,1,可预约,￥50.0,多云,15,12,4,0.0,100,29
2026-05-21 03:30:49,2026-05-21,6,篮球场-东场地南半场,19:00-20:00,0,1,可预约,￥50.0,多云,15,14,3,0.0,100,30
2026-05-21 04:30:45,2026-05-21,6,篮球场-东场地南半场,19:00-20:00,0,1,可预约,￥50.0,多云,15,12,4,0.0,100,29
2026-05-21 05:00:52,2026-05-21,6,篮球场-东场地南半场,19:00-20:00,0,1,可预约,￥50.0,多云,15,12,4,0.0,100,29
2026-05-21 05:30:49,2026-05-21,6,篮球场-东场地南半场,19:00-20:00,0,1,可预约,￥50.0,多云,15,13,3,0.0,100,28
2026-05-21 06:00:50,2026-05-21,6,篮球场-东场地南半场,19:00-20:00,0,1,可预约,￥50.0,多云,15,13,4,0.0,99,28
2026-05-21 06:30:38,2026-05-21,6,篮球场-东场地南半场,19:00-20:00,0,1,可预约,￥50.0,多云,15,13,3,0.0,97,28
2026-05-21 07:00:43,2026-05-21,6,篮球场-东场地南半场,19:00-20:00,0,1,可预约,￥50.0,晴,15,11,5,0.0,93,28
2026-05-21 07:30:39,2026-05-21,6,篮球场-东场地南半场,19:00-20:00,0,1,可预约,￥50.0,晴,17,13,4,0.0,89,29
2026-05-21 07:50:40,2026-05-21,6,篮球场-东场地南半场,19:00-20:00,0,1,可预约,￥50.0,晴,17,13,4,0.0,88,29
2026-05-21 07:53:31,2026-05-21,6,篮球场-东场地南半场,19:00-20:00,0,1,可预约,￥50.0,晴,17,12,5,0.0,86,29
2026-05-21 07:56:31,2026-05-21,6,篮球场-东场地南半场,19:00-20:00,0,1,可预约,￥50.0,晴,17,12,5,0.0,86,29
2026-05-21 07:59:26,2026-05-21,6,篮球场-东场地南半场,19:00-20:00,0,1,可预约,￥50.0,晴,17,12,5,0.0,86,29
2026-05-21 08:00:45,2026-05-21,6,篮球场-东场地南半场,19:00-20:00,0,1,可预约,￥50.0,晴,17,12,5,0.0,86,29
2026-05-21 08:02:30,2026-05-21,6,篮球场-东场地南半场,19:00-20:00,0,1,可预约,￥50.0,多云,17,12,5,0.0,87,29
2026-05-21 08:05:36,2026-05-21,6,篮球场-东场地南半场,19:00-20:00,0,1,可预约,￥50.0,多云,17,12,5,0.0,86,29
2026-05-21 08:08:31,2026-05-21,6,篮球场-东场地南半场,19:00-20:00,0,1,可预约,￥50.0,多云,17,12,5,0.0,86,29
2026-05-21 08:11:30,2026-05-21,6,篮球场-东场地南半场,19:00-20:00,0,1,可预约,￥50.0,多云,17,12,5,0.0,86,29
2026-05-21 08:14:31,2026-05-21,6,篮球场-东场地南半场,19:00-20:00,0,1,可预约,￥50.0,多云,17,12,5,0.0,86,29
2026-05-21 08:17:30,2026-05-21,6,篮球场-东场地南半场,19:00-20:00,0,1,可预约,￥50.0,多云,17,12,5,0.0,86,29
2026-05-21 08:20:35,2026-05-21,6,篮球场-东场地南半场,19:00-20:00,0,1,可预约,￥50.0,多云,17,14,4,0.0,85,29
2026-05-21 08:25:32,2026-05-21,6,篮球场-东场地南半场,19:00-20:00,0,1,可预约,￥50.0,多云,17,14,4,0.0,85,28
2026-05-21 08:30:42,2026-05-21,6,篮球场-东场地南半场,19:00-20:00,0,1,可预约,￥50.0,多云,18,15,4,0.0,84,28
2026-05-21 08:35:31,2026-05-21,6,篮球场-东场地南半场,19:00-20:00,0,1,可预约,￥50.0,多云,18,15,4,0.0,84,28
2026-05-21 08:40:38,2026-05-21,6,篮球场-东场地南半场,19:00-20:00,0,1,可预约,￥50.0,多云,18,15,4,0.0,82,28
2026-05-21 08:45:33,2026-05-21,6,篮球场-东场地南半场,19:00-20:00,0,1,可预约,￥50.0,多云,18,15,4,0.0,82,28
2026-05-21 08:50:36,2026-05-21,6,篮球场-东场地南半场,19:00-20:00,0,1,可预约,￥50.0,多云,18,15,4,0.0,82,28
2026-05-21 08:55:34,2026-05-21,6,篮球场-东场地南半场,19:00-20:00,0,1,可预约,￥50.0,多云,18,15,4,0.0,84,28
2026-05-21 09:00:51,2026-05-21,6,篮球场-东场地南半场,19:00-20:00,0,1,可预约,￥50.0,多云,18,15,4,0.0,84,28
2026-05-21 09:01:59,2026-05-21,6,篮球场-东场地南半场,19:00-20:00,0,1,可预约,￥50.0,多云,18,15,4,0.0,83,28
2026-05-21 09:05:33,2026-05-21,6,篮球场-东场地南半场,19:00-20:00,0,1,可预约,￥50.0,多云,18,15,4,0.0,83,28
2026-05-21 09:20:38,2026-05-21,6,篮球场-东场地南半场,19:00-20:00,0,1,可预约,￥50.0,多云,18,16,3,0.0,81,28
2026-05-21 09:30:46,2026-05-21,6,篮球场-东场地南半场,19:00-20:00,0,1,可预约,￥50.0,多云,18,16,3,0.0,81,32
2026-05-21 09:40:36,2026-05-21,6,篮球场-东场地南半场,19:00-20:00,0,1,可预约,￥50.0,多云,19,17,3,0.0,79,32
2026-05-21 09:50:42,2026-05-21,6,篮球场-东场地南半场,19:00-20:00,0,1,可预约,￥50.0,多云,19,17,4,0.0,81,32
2026-05-21 10:00:46,2026-05-21,6,篮球场-东场地南半场,19:00-20:00,0,1,可预约,￥50.0,多云,19,17,4,0.0,79,32
2026-05-21 10:10:40,2026-05-21,6,篮球场-东场地南半场,19:00-20:00,0,1,可预约,￥50.0,多云,19,17,4,0.0,79,32
2026-05-21 10:20:38,2026-05-21,6,篮球场-东场地南半场,19:00-20:00,0,1,可预约,￥50.0,多云,19,17,4,0.0,79,32
2026-05-21 10:30:41,2026-05-21,6,篮球场-东场地南半场,19:00-20:00,0,1,可预约,￥50.0,多云,19,18,3,0.0,78,31
2026-05-21 11:00:44,2026-05-21,6,篮球场-东场地南半场,19:00-20:00,0,1,可预约,￥50.0,多云,21,17,5,0.0,74,31
2026-05-21 11:30:38,2026-05-21,6,篮球场-东场地南半场,19:00-20:00,0,1,可预约,￥50.0,多云,21,19,3,0.0,72,33
2026-05-21 12:00:46,2026-05-21,6,篮球场-东场地南半场,19:00-20:00,0,1,可预约,￥50.0,多云,22,19,4,0.0,70,33
2026-05-21 12:30:42,2026-05-21,6,篮球场-东场地南半场,19:00-20:00,0,1,可预约,￥50.0,多云,22,21,3,0.0,68,35
2026-05-21 13:00:43,2026-05-21,6,篮球场-东场地南半场,19:00-20:00,0,1,可预约,￥50.0,多云,24,22,4,0.0,66,35
2026-05-21 13:30:43,2026-05-21,6,篮球场-东场地南半场,19:00-20:00,0,1,可预约,￥50.0,多云,24,22,4,0.0,66,36
2026-05-21 14:00:48,2026-05-21,6,篮球场-东场地南半场,19:00-20:00,0,1,可预约,￥50.0,多云,25,23,4,0.0,66,36
2026-05-21 14:30:45,2026-05-21,6,篮球场-东场地南半场,19:00-20:00,0,1,可预约,￥50.0,晴,25,25,3,0.0,65,39
2026-05-21 15:00:45,2026-05-21,6,篮球场-东场地南半场,19:00-20:00,0,1,可预约,￥50.0,晴,25,22,4,0.0,56,39
2026-05-21 15:30:43,2026-05-21,6,篮球场-东场地南半场,19:00-20:00,0,1,可预约,￥50.0,晴,25,23,4,0.0,57,40
2026-05-21 16:00:51,2026-05-21,6,篮球场-东场地南半场,19:00-20:00,0,1,可预约,￥50.0,晴,25,23,4,0.0,57,40
2026-05-21 16:30:48,2026-05-21,6,篮球场-东场地南半场,19:00-20:00,0,1,可预约,￥50.0,晴,25,24,3,0.0,60,39
2026-05-21 17:00:49,2026-05-21,6,篮球场-东场地南半场,19:00-20:00,0,1,可预约,￥50.0,晴,25,24,4,0.0,61,39
2026-05-21 17:30:47,2026-05-21,6,篮球场-东场地南半场,19:00-20:00,0,1,可预约,￥50.0,多云,24,23,3,0.0,64,39
2026-05-21 18:00:50,2026-05-21,6,篮球场-东场地南半场,19:00-20:00,0,1,可预约,￥50.0,多云,24,23,3,0.0,68,39
2026-05-21 18:30:50,2026-05-21,6,篮球场-东场地南半场,19:00-20:00,0,1,可预约,￥50.0,阴,24,25,2,0.0,68,40
2026-05-21 19:00:50,2026-05-21,6,篮球场-东场地南半场,19:00-20:00,0,1,可预约,￥50.0,阴,23,23,3,0.0,76,40
2026-05-21 19:30:46,2026-05-21,6,篮球场-东场地南半场,19:00-20:00,0,1,可预约,￥50.0,阴,23,24,2,0.0,77,39
2026-05-21 20:00:49,2026-05-21,6,篮球场-东场地南半场,19:00-20:00,0,1,不开放/已过期,,雾,22,23,2,0.0,89,39
2026-05-21 20:30:44,2026-05-21,6,篮球场-东场地南半场,19:00-20:00,0,1,不开放/已过期,,雾,22,24,2,0.0,93,43
2026-05-21 21:00:56,2026-05-21,6,篮球场-东场地南半场,19:00-20:00,0,1,不开放/已过期,,雾,20,21,2,0.0,98,43
2026-05-21 21:30:46,2026-05-21,6,篮球场-东场地南半场,19:00-20:00,0,1,不开放/已过期,,雾,20,22,1,0.0,99,41
2026-05-21 22:01:02,2026-05-21,6,篮球场-东场地南半场,19:00-20:00,0,1,不开放/已过期,,雾,19,20,2,0.0,93,41
2026-05-21 22:30:47,2026-05-21,6,篮球场-东场地南半场,19:00-20:00,0,1,不开放/已过期,,雾,19,19,3,0.0,88,46
2026-05-21 23:00:56,2026-05-21,6,篮球场-东场地南半场,19:00-20:00,0,1,不开放/已过期,,多云,18,17,3,0.0,85,46
2026-05-21 23:30:55,2026-05-21,6,篮球场-东场地南半场,19:00-20:00,0,1,不开放/已过期,,多云,18,17,3,0.0,85,48
2026-05-21 00:30:49,2026-05-21,6,篮球场-东场地南半场,20:30-21:30,0,1,可预约,￥50.0,多云,15,13,3,0.0,100,26
2026-05-21 01:00:55,2026-05-21,6,篮球场-东场地南半场,20:30-21:30,0,1,可预约,￥50.0,多云,15,12,4,0.0,100,26
2026-05-21 01:30:47,2026-05-21,6,篮球场-东场地南半场,20:30-21:30,0,1,可预约,￥50.0,多云,15,13,4,0.0,100,28
2026-05-21 02:00:53,2026-05-21,6,篮球场-东场地南半场,20:30-21:30,0,1,可预约,￥50.0,多云,15,12,4,0.0,100,28
2026-05-21 02:30:49,2026-05-21,6,篮球场-东场地南半场,20:30-21:30,0,1,可预约,￥50.0,多云,15,14,3,0.0,100,29
2026-05-21 03:00:55,2026-05-21,6,篮球场-东场地南半场,20:30-21:30,0,1,可预约,￥50.0,多云,15,12,4,0.0,100,29
2026-05-21 03:30:49,2026-05-21,6,篮球场-东场地南半场,20:30-21:30,0,1,可预约,￥50.0,多云,15,14,3,0.0,100,30
2026-05-21 04:30:45,2026-05-21,6,篮球场-东场地南半场,20:30-21:30,0,1,可预约,￥50.0,多云,15,12,4,0.0,100,29
2026-05-21 05:00:52,2026-05-21,6,篮球场-东场地南半场,20:30-21:30,0,1,可预约,￥50.0,多云,15,12,4,0.0,100,29
2026-05-21 05:30:49,2026-05-21,6,篮球场-东场地南半场,20:30-21:30,0,1,可预约,￥50.0,多云,15,13,3,0.0,100,28
2026-05-21 06:00:50,2026-05-21,6,篮球场-东场地南半场,20:30-21:30,0,1,可预约,￥50.0,多云,15,13,4,0.0,99,28
2026-05-21 06:30:38,2026-05-21,6,篮球场-东场地南半场,20:30-21:30,0,1,可预约,￥50.0,多云,15,13,3,0.0,97,28
2026-05-21 07:00:43,2026-05-21,6,篮球场-东场地南半场,20:30-21:30,0,1,可预约,￥50.0,晴,15,11,5,0.0,93,28
2026-05-21 07:30:39,2026-05-21,6,篮球场-东场地南半场,20:30-21:30,0,1,可预约,￥50.0,晴,17,13,4,0.0,89,29
2026-05-21 07:50:40,2026-05-21,6,篮球场-东场地南半场,20:30-21:30,0,1,可预约,￥50.0,晴,17,13,4,0.0,88,29
2026-05-21 07:53:31,2026-05-21,6,篮球场-东场地南半场,20:30-21:30,0,1,可预约,￥50.0,晴,17,12,5,0.0,86,29
2026-05-21 07:56:31,2026-05-21,6,篮球场-东场地南半场,20:30-21:30,0,1,可预约,￥50.0,晴,17,12,5,0.0,86,29
2026-05-21 07:59:26,2026-05-21,6,篮球场-东场地南半场,20:30-21:30,0,1,可预约,￥50.0,晴,17,12,5,0.0,86,29
2026-05-21 08:00:45,2026-05-21,6,篮球场-东场地南半场,20:30-21:30,0,1,可预约,￥50.0,晴,17,12,5,0.0,86,29
2026-05-21 08:02:30,2026-05-21,6,篮球场-东场地南半场,20:30-21:30,0,1,可预约,￥50.0,多云,17,12,5,0.0,87,29
2026-05-21 08:05:36,2026-05-21,6,篮球场-东场地南半场,20:30-21:30,0,1,可预约,￥50.0,多云,17,12,5,0.0,86,29
2026-05-21 08:08:31,2026-05-21,6,篮球场-东场地南半场,20:30-21:30,0,1,可预约,￥50.0,多云,17,12,5,0.0,86,29
2026-05-21 08:11:30,2026-05-21,6,篮球场-东场地南半场,20:30-21:30,0,1,可预约,￥50.0,多云,17,12,5,0.0,86,29
2026-05-21 08:14:31,2026-05-21,6,篮球场-东场地南半场,20:30-21:30,0,1,可预约,￥50.0,多云,17,12,5,0.0,86,29
2026-05-21 08:17:30,2026-05-21,6,篮球场-东场地南半场,20:30-21:30,0,1,可预约,￥50.0,多云,17,12,5,0.0,86,29
2026-05-21 08:20:35,2026-05-21,6,篮球场-东场地南半场,20:30-21:30,0,1,可预约,￥50.0,多云,17,14,4,0.0,85,29
2026-05-21 08:25:32,2026-05-21,6,篮球场-东场地南半场,20:30-21:30,0,1,可预约,￥50.0,多云,17,14,4,0.0,85,28
2026-05-21 08:30:42,2026-05-21,6,篮球场-东场地南半场,20:30-21:30,0,1,可预约,￥50.0,多云,18,15,4,0.0,84,28
2026-05-21 08:35:31,2026-05-21,6,篮球场-东场地南半场,20:30-21:30,0,1,可预约,￥50.0,多云,18,15,4,0.0,84,28
2026-05-21 08:40:38,2026-05-21,6,篮球场-东场地南半场,20:30-21:30,0,1,可预约,￥50.0,多云,18,15,4,0.0,82,28
2026-05-21 08:45:33,2026-05-21,6,篮球场-东场地南半场,20:30-21:30,0,1,可预约,￥50.0,多云,18,15,4,0.0,82,28
2026-05-21 08:50:36,2026-05-21,6,篮球场-东场地南半场,20:30-21:30,0,1,可预约,￥50.0,多云,18,15,4,0.0,82,28
2026-05-21 08:55:34,2026-05-21,6,篮球场-东场地南半场,20:30-21:30,0,1,可预约,￥50.0,多云,18,15,4,0.0,84,28
2026-05-21 09:00:51,2026-05-21,6,篮球场-东场地南半场,20:30-21:30,0,1,可预约,￥50.0,多云,18,15,4,0.0,84,28
2026-05-21 09:01:59,2026-05-21,6,篮球场-东场地南半场,20:30-21:30,0,1,可预约,￥50.0,多云,18,15,4,0.0,83,28
2026-05-21 09:05:33,2026-05-21,6,篮球场-东场地南半场,20:30-21:30,0,1,可预约,￥50.0,多云,18,15,4,0.0,83,28
2026-05-21 09:20:38,2026-05-21,6,篮球场-东场地南半场,20:30-21:30,0,1,可预约,￥50.0,多云,18,16,3,0.0,81,28
2026-05-21 09:30:46,2026-05-21,6,篮球场-东场地南半场,20:30-21:30,0,1,可预约,￥50.0,多云,18,16,3,0.0,81,32
2026-05-21 09:40:36,2026-05-21,6,篮球场-东场地南半场,20:30-21:30,0,1,可预约,￥50.0,多云,19,17,3,0.0,79,32
2026-05-21 09:50:42,2026-05-21,6,篮球场-东场地南半场,20:30-21:30,0,1,可预约,￥50.0,多云,19,17,4,0.0,81,32
2026-05-21 10:00:46,2026-05-21,6,篮球场-东场地南半场,20:30-21:30,0,1,可预约,￥50.0,多云,19,17,4,0.0,79,32
2026-05-21 10:10:40,2026-05-21,6,篮球场-东场地南半场,20:30-21:30,0,1,可预约,￥50.0,多云,19,17,4,0.0,79,32
2026-05-21 10:20:38,2026-05-21,6,篮球场-东场地南半场,20:30-21:30,0,1,可预约,￥50.0,多云,19,17,4,0.0,79,32
2026-05-21 10:30:41,2026-05-21,6,篮球场-东场地南半场,20:30-21:30,0,1,可预约,￥50.0,多云,19,18,3,0.0,78,31
2026-05-21 11:00:44,2026-05-21,6,篮球场-东场地南半场,20:30-21:30,0,1,可预约,￥50.0,多云,21,17,5,0.0,74,31
2026-05-21 11:30:38,2026-05-21,6,篮球场-东场地南半场,20:30-21:30,0,1,可预约,￥50.0,多云,21,19,3,0.0,72,33
2026-05-21 12:00:46,2026-05-21,6,篮球场-东场地南半场,20:30-21:30,0,1,可预约,￥50.0,多云,22,19,4,0.0,70,33
2026-05-21 12:30:42,2026-05-21,6,篮球场-东场地南半场,20:30-21:30,0,1,可预约,￥50.0,多云,22,21,3,0.0,68,35
2026-05-21 13:00:43,2026-05-21,6,篮球场-东场地南半场,20:30-21:30,0,1,可预约,￥50.0,多云,24,22,4,0.0,66,35
2026-05-21 13:30:43,2026-05-21,6,篮球场-东场地南半场,20:30-21:30,0,1,可预约,￥50.0,多云,24,22,4,0.0,66,36
2026-05-21 14:00:48,2026-05-21,6,篮球场-东场地南半场,20:30-21:30,0,1,可预约,￥50.0,多云,25,23,4,0.0,66,36
2026-05-21 14:30:45,2026-05-21,6,篮球场-东场地南半场,20:30-21:30,0,1,可预约,￥50.0,晴,25,25,3,0.0,65,39
2026-05-21 15:00:45,2026-05-21,6,篮球场-东场地南半场,20:30-21:30,0,1,可预约,￥50.0,晴,25,22,4,0.0,56,39
2026-05-21 15:30:43,2026-05-21,6,篮球场-东场地南半场,20:30-21:30,0,1,可预约,￥50.0,晴,25,23,4,0.0,57,40
2026-05-21 16:00:51,2026-05-21,6,篮球场-东场地南半场,20:30-21:30,0,1,可预约,￥50.0,晴,25,23,4,0.0,57,40
2026-05-21 16:30:48,2026-05-21,6,篮球场-东场地南半场,20:30-21:30,0,1,可预约,￥50.0,晴,25,24,3,0.0,60,39
2026-05-21 17:00:49,2026-05-21,6,篮球场-东场地南半场,20:30-21:30,0,1,可预约,￥50.0,晴,25,24,4,0.0,61,39
2026-05-21 17:30:47,2026-05-21,6,篮球场-东场地南半场,20:30-21:30,0,1,可预约,￥50.0,多云,24,23,3,0.0,64,39
2026-05-21 18:00:50,2026-05-21,6,篮球场-东场地南半场,20:30-21:30,0,1,可预约,￥50.0,多云,24,23,3,0.0,68,39
2026-05-21 18:30:50,2026-05-21,6,篮球场-东场地南半场,20:30-21:30,0,1,可预约,￥50.0,阴,24,25,2,0.0,68,40
2026-05-21 19:00:50,2026-05-21,6,篮球场-东场地南半场,20:30-21:30,0,1,可预约,￥50.0,阴,23,23,3,0.0,76,40
2026-05-21 19:30:46,2026-05-21,6,篮球场-东场地南半场,20:30-21:30,0,1,可预约,￥50.0,阴,23,24,2,0.0,77,39
2026-05-21 20:00:49,2026-05-21,6,篮球场-东场地南半场,20:30-21:30,0,1,可预约,￥50.0,雾,22,23,2,0.0,89,39
2026-05-21 20:30:44,2026-05-21,6,篮球场-东场地南半场,20:30-21:30,0,1,可预约,￥50.0,雾,22,24,2,0.0,93,43
2026-05-21 21:00:56,2026-05-21,6,篮球场-东场地南半场,20:30-21:30,0,1,可预约,￥50.0,雾,20,21,2,0.0,98,43
2026-05-21 21:30:46,2026-05-21,6,篮球场-东场地南半场,20:30-21:30,0,1,不开放/已过期,,雾,20,22,1,0.0,99,41
2026-05-21 22:01:02,2026-05-21,6,篮球场-东场地南半场,20:30-21:30,0,1,不开放/已过期,,雾,19,20,2,0.0,93,41
2026-05-21 22:30:47,2026-05-21,6,篮球场-东场地南半场,20:30-21:30,0,1,不开放/已过期,,雾,19,19,3,0.0,88,46
2026-05-21 23:00:56,2026-05-21,6,篮球场-东场地南半场,20:30-21:30,0,1,不开放/已过期,,多云,18,17,3,0.0,85,46
2026-05-21 23:30:55,2026-05-21,6,篮球场-东场地南半场,20:30-21:30,0,1,不开放/已过期,,多云,18,17,3,0.0,85,48
2026-05-21 00:30:49,2026-05-21,6,篮球场-西场地北半场,09:00-10:00,0,1,可预约,￥50.0,多云,15,13,3,0.0,100,26
2026-05-21 01:00:55,2026-05-21,6,篮球场-西场地北半场,09:00-10:00,0,1,可预约,￥50.0,多云,15,12,4,0.0,100,26
2026-05-21 01:30:47,2026-05-21,6,篮球场-西场地北半场,09:00-10:00,0,1,可预约,￥50.0,多云,15,13,4,0.0,100,28
2026-05-21 02:00:53,2026-05-21,6,篮球场-西场地北半场,09:00-10:00,0,1,可预约,￥50.0,多云,15,12,4,0.0,100,28
2026-05-21 02:30:49,2026-05-21,6,篮球场-西场地北半场,09:00-10:00,0,1,可预约,￥50.0,多云,15,14,3,0.0,100,29
2026-05-21 03:00:55,2026-05-21,6,篮球场-西场地北半场,09:00-10:00,0,1,可预约,￥50.0,多云,15,12,4,0.0,100,29
2026-05-21 03:30:49,2026-05-21,6,篮球场-西场地北半场,09:00-10:00,0,1,可预约,￥50.0,多云,15,14,3,0.0,100,30
2026-05-21 04:30:45,2026-05-21,6,篮球场-西场地北半场,09:00-10:00,0,1,可预约,￥50.0,多云,15,12,4,0.0,100,29
2026-05-21 05:00:52,2026-05-21,6,篮球场-西场地北半场,09:00-10:00,0,1,可预约,￥50.0,多云,15,12,4,0.0,100,29
2026-05-21 05:30:49,2026-05-21,6,篮球场-西场地北半场,09:00-10:00,0,1,可预约,￥50.0,多云,15,13,3,0.0,100,28
2026-05-21 06:00:50,2026-05-21,6,篮球场-西场地北半场,09:00-10:00,0,1,可预约,￥50.0,多云,15,13,4,0.0,99,28
2026-05-21 06:30:38,2026-05-21,6,篮球场-西场地北半场,09:00-10:00,0,1,可预约,￥50.0,多云,15,13,3,0.0,97,28
2026-05-21 07:00:43,2026-05-21,6,篮球场-西场地北半场,09:00-10:00,0,1,可预约,￥50.0,晴,15,11,5,0.0,93,28
2026-05-21 07:30:39,2026-05-21,6,篮球场-西场地北半场,09:00-10:00,0,1,可预约,￥50.0,晴,17,13,4,0.0,89,29
2026-05-21 07:50:40,2026-05-21,6,篮球场-西场地北半场,09:00-10:00,0,1,可预约,￥50.0,晴,17,13,4,0.0,88,29
2026-05-21 07:53:31,2026-05-21,6,篮球场-西场地北半场,09:00-10:00,0,1,可预约,￥50.0,晴,17,12,5,0.0,86,29
2026-05-21 07:56:31,2026-05-21,6,篮球场-西场地北半场,09:00-10:00,0,1,可预约,￥50.0,晴,17,12,5,0.0,86,29
2026-05-21 07:59:26,2026-05-21,6,篮球场-西场地北半场,09:00-10:00,0,1,可预约,￥50.0,晴,17,12,5,0.0,86,29
2026-05-21 08:00:45,2026-05-21,6,篮球场-西场地北半场,09:00-10:00,0,1,可预约,￥50.0,晴,17,12,5,0.0,86,29
2026-05-21 08:02:30,2026-05-21,6,篮球场-西场地北半场,09:00-10:00,0,1,可预约,￥50.0,多云,17,12,5,0.0,87,29
2026-05-21 08:05:36,2026-05-21,6,篮球场-西场地北半场,09:00-10:00,0,1,可预约,￥50.0,多云,17,12,5,0.0,86,29
2026-05-21 08:08:31,2026-05-21,6,篮球场-西场地北半场,09:00-10:00,0,1,可预约,￥50.0,多云,17,12,5,0.0,86,29
2026-05-21 08:11:30,2026-05-21,6,篮球场-西场地北半场,09:00-10:00,0,1,可预约,￥50.0,多云,17,12,5,0.0,86,29
2026-05-21 08:14:31,2026-05-21,6,篮球场-西场地北半场,09:00-10:00,0,1,可预约,￥50.0,多云,17,12,5,0.0,86,29
2026-05-21 08:17:30,2026-05-21,6,篮球场-西场地北半场,09:00-10:00,0,1,可预约,￥50.0,多云,17,12,5,0.0,86,29
2026-05-21 08:20:35,2026-05-21,6,篮球场-西场地北半场,09:00-10:00,0,1,可预约,￥50.0,多云,17,14,4,0.0,85,29
2026-05-21 08:25:32,2026-05-21,6,篮球场-西场地北半场,09:00-10:00,0,1,可预约,￥50.0,多云,17,14,4,0.0,85,28
2026-05-21 08:30:42,2026-05-21,6,篮球场-西场地北半场,09:00-10:00,0,1,可预约,￥50.0,多云,18,15,4,0.0,84,28
2026-05-21 08:35:31,2026-05-21,6,篮球场-西场地北半场,09:00-10:00,0,1,可预约,￥50.0,多云,18,15,4,0.0,84,28
2026-05-21 08:40:38,2026-05-21,6,篮球场-西场地北半场,09:00-10:00,0,1,可预约,￥50.0,多云,18,15,4,0.0,82,28
2026-05-21 08:45:33,2026-05-21,6,篮球场-西场地北半场,09:00-10:00,0,1,可预约,￥50.0,多云,18,15,4,0.0,82,28
2026-05-21 08:50:36,2026-05-21,6,篮球场-西场地北半场,09:00-10:00,0,1,可预约,￥50.0,多云,18,15,4,0.0,82,28
2026-05-21 08:55:34,2026-05-21,6,篮球场-西场地北半场,09:00-10:00,0,1,可预约,￥50.0,多云,18,15,4,0.0,84,28
2026-05-21 09:00:51,2026-05-21,6,篮球场-西场地北半场,09:00-10:00,0,1,可预约,￥50.0,多云,18,15,4,0.0,84,28
2026-05-21 09:01:59,2026-05-21,6,篮球场-西场地北半场,09:00-10:00,0,1,可预约,￥50.0,多云,18,15,4,0.0,83,28
2026-05-21 09:05:33,2026-05-21,6,篮球场-西场地北半场,09:00-10:00,0,1,可预约,￥50.0,多云,18,15,4,0.0,83,28
2026-05-21 09:20:38,2026-05-21,6,篮球场-西场地北半场,09:00-10:00,0,1,可预约,￥50.0,多云,18,16,3,0.0,81,28
2026-05-21 09:30:46,2026-05-21,6,篮球场-西场地北半场,09:00-10:00,0,1,可预约,￥50.0,多云,18,16,3,0.0,81,32
2026-05-21 09:40:36,2026-05-21,6,篮球场-西场地北半场,09:00-10:00,0,1,可预约,￥50.0,多云,19,17,3,0.0,79,32
2026-05-21 09:50:42,2026-05-21,6,篮球场-西场地北半场,09:00-10:00,0,1,可预约,￥50.0,多云,19,17,4,0.0,81,32
2026-05-21 10:00:46,2026-05-21,6,篮球场-西场地北半场,09:00-10:00,0,1,不开放/已过期,,多云,19,17,4,0.0,79,32
2026-05-21 10:10:40,2026-05-21,6,篮球场-西场地北半场,09:00-10:00,0,1,不开放/已过期,,多云,19,17,4,0.0,79,32
2026-05-21 10:20:38,2026-05-21,6,篮球场-西场地北半场,09:00-10:00,0,1,不开放/已过期,,多云,19,17,4,0.0,79,32
2026-05-21 10:30:41,2026-05-21,6,篮球场-西场地北半场,09:00-10:00,0,1,不开放/已过期,,多云,19,18,3,0.0,78,31
2026-05-21 11:00:44,2026-05-21,6,篮球场-西场地北半场,09:00-10:00,0,1,不开放/已过期,,多云,21,17,5,0.0,74,31
2026-05-21 11:30:38,2026-05-21,6,篮球场-西场地北半场,09:00-10:00,0,1,不开放/已过期,,多云,21,19,3,0.0,72,33
2026-05-21 12:00:46,2026-05-21,6,篮球场-西场地北半场,09:00-10:00,0,1,不开放/已过期,,多云,22,19,4,0.0,70,33
2026-05-21 12:30:42,2026-05-21,6,篮球场-西场地北半场,09:00-10:00,0,1,不开放/已过期,,多云,22,21,3,0.0,68,35
2026-05-21 13:00:43,2026-05-21,6,篮球场-西场地北半场,09:00-10:00,0,1,不开放/已过期,,多云,24,22,4,0.0,66,35
2026-05-21 13:30:43,2026-05-21,6,篮球场-西场地北半场,09:00-10:00,0,1,不开放/已过期,,多云,24,22,4,0.0,66,36
2026-05-21 14:00:48,2026-05-21,6,篮球场-西场地北半场,09:00-10:00,0,1,不开放/已过期,,多云,25,23,4,0.0,66,36
2026-05-21 14:30:45,2026-05-21,6,篮球场-西场地北半场,09:00-10:00,0,1,不开放/已过期,,晴,25,25,3,0.0,65,39
2026-05-21 15:00:45,2026-05-21,6,篮球场-西场地北半场,09:00-10:00,0,1,不开放/已过期,,晴,25,22,4,0.0,56,39
2026-05-21 15:30:43,2026-05-21,6,篮球场-西场地北半场,09:00-10:00,0,1,不开放/已过期,,晴,25,23,4,0.0,57,40
2026-05-21 16:00:51,2026-05-21,6,篮球场-西场地北半场,09:00-10:00,0,1,不开放/已过期,,晴,25,23,4,0.0,57,40
2026-05-21 16:30:48,2026-05-21,6,篮球场-西场地北半场,09:00-10:00,0,1,不开放/已过期,,晴,25,24,3,0.0,60,39
2026-05-21 17:00:49,2026-05-21,6,篮球场-西场地北半场,09:00-10:00,0,1,不开放/已过期,,晴,25,24,4,0.0,61,39
2026-05-21 17:30:47,2026-05-21,6,篮球场-西场地北半场,09:00-10:00,0,1,不开放/已过期,,多云,24,23,3,0.0,64,39
2026-05-21 18:00:50,2026-05-21,6,篮球场-西场地北半场,09:00-10:00,0,1,不开放/已过期,,多云,24,23,3,0.0,68,39
2026-05-21 18:30:50,2026-05-21,6,篮球场-西场地北半场,09:00-10:00,0,1,不开放/已过期,,阴,24,25,2,0.0,68,40
2026-05-21 19:00:50,2026-05-21,6,篮球场-西场地北半场,09:00-10:00,0,1,不开放/已过期,,阴,23,23,3,0.0,76,40
2026-05-21 19:30:46,2026-05-21,6,篮球场-西场地北半场,09:00-10:00,0,1,不开放/已过期,,阴,23,24,2,0.0,77,39
2026-05-21 20:00:49,2026-05-21,6,篮球场-西场地北半场,09:00-10:00,0,1,不开放/已过期,,雾,22,23,2,0.0,89,39
2026-05-21 20:30:44,2026-05-21,6,篮球场-西场地北半场,09:00-10:00,0,1,不开放/已过期,,雾,22,24,2,0.0,93,43
2026-05-21 21:00:56,2026-05-21,6,篮球场-西场地北半场,09:00-10:00,0,1,不开放/已过期,,雾,20,21,2,0.0,98,43
2026-05-21 21:30:46,2026-05-21,6,篮球场-西场地北半场,09:00-10:00,0,1,不开放/已过期,,雾,20,22,1,0.0,99,41
2026-05-21 22:01:02,2026-05-21,6,篮球场-西场地北半场,09:00-10:00,0,1,不开放/已过期,,雾,19,20,2,0.0,93,41
2026-05-21 22:30:47,2026-05-21,6,篮球场-西场地北半场,09:00-10:00,0,1,不开放/已过期,,雾,19,19,3,0.0,88,46
2026-05-21 23:00:56,2026-05-21,6,篮球场-西场地北半场,09:00-10:00,0,1,不开放/已过期,,多云,18,17,3,0.0,85,46
2026-05-21 23:30:55,2026-05-21,6,篮球场-西场地北半场,09:00-10:00,0,1,不开放/已过期,,多云,18,17,3,0.0,85,48
2026-05-21 00:30:49,2026-05-21,6,篮球场-西场地北半场,10:30-11:30,1,1,已售/已满,教学时间,多云,15,13,3,0.0,100,26
2026-05-21 01:00:55,2026-05-21,6,篮球场-西场地北半场,10:30-11:30,1,1,已售/已满,教学时间,多云,15,12,4,0.0,100,26
2026-05-21 01:30:47,2026-05-21,6,篮球场-西场地北半场,10:30-11:30,1,1,已售/已满,教学时间,多云,15,13,4,0.0,100,28
2026-05-21 02:00:53,2026-05-21,6,篮球场-西场地北半场,10:30-11:30,1,1,已售/已满,教学时间,多云,15,12,4,0.0,100,28
2026-05-21 02:30:49,2026-05-21,6,篮球场-西场地北半场,10:30-11:30,1,1,已售/已满,教学时间,多云,15,14,3,0.0,100,29
2026-05-21 03:00:55,2026-05-21,6,篮球场-西场地北半场,10:30-11:30,1,1,已售/已满,教学时间,多云,15,12,4,0.0,100,29
2026-05-21 03:30:49,2026-05-21,6,篮球场-西场地北半场,10:30-11:30,1,1,已售/已满,教学时间,多云,15,14,3,0.0,100,30
2026-05-21 04:30:45,2026-05-21,6,篮球场-西场地北半场,10:30-11:30,1,1,已售/已满,教学时间,多云,15,12,4,0.0,100,29
2026-05-21 05:00:52,2026-05-21,6,篮球场-西场地北半场,10:30-11:30,1,1,已售/已满,教学时间,多云,15,12,4,0.0,100,29
2026-05-21 05:30:49,2026-05-21,6,篮球场-西场地北半场,10:30-11:30,1,1,已售/已满,教学时间,多云,15,13,3,0.0,100,28
2026-05-21 06:00:50,2026-05-21,6,篮球场-西场地北半场,10:30-11:30,1,1,已售/已满,教学时间,多云,15,13,4,0.0,99,28
2026-05-21 06:30:38,2026-05-21,6,篮球场-西场地北半场,10:30-11:30,1,1,已售/已满,教学时间,多云,15,13,3,0.0,97,28
2026-05-21 07:00:43,2026-05-21,6,篮球场-西场地北半场,10:30-11:30,1,1,已售/已满,教学时间,晴,15,11,5,0.0,93,28
2026-05-21 07:30:39,2026-05-21,6,篮球场-西场地北半场,10:30-11:30,1,1,已售/已满,教学时间,晴,17,13,4,0.0,89,29
2026-05-21 07:50:40,2026-05-21,6,篮球场-西场地北半场,10:30-11:30,1,1,已售/已满,教学时间,晴,17,13,4,0.0,88,29
2026-05-21 07:53:31,2026-05-21,6,篮球场-西场地北半场,10:30-11:30,1,1,已售/已满,教学时间,晴,17,12,5,0.0,86,29
2026-05-21 07:56:31,2026-05-21,6,篮球场-西场地北半场,10:30-11:30,1,1,已售/已满,教学时间,晴,17,12,5,0.0,86,29
2026-05-21 07:59:26,2026-05-21,6,篮球场-西场地北半场,10:30-11:30,1,1,已售/已满,教学时间,晴,17,12,5,0.0,86,29
2026-05-21 08:00:45,2026-05-21,6,篮球场-西场地北半场,10:30-11:30,1,1,已售/已满,教学时间,晴,17,12,5,0.0,86,29
2026-05-21 08:02:30,2026-05-21,6,篮球场-西场地北半场,10:30-11:30,1,1,已售/已满,教学时间,多云,17,12,5,0.0,87,29
2026-05-21 08:05:36,2026-05-21,6,篮球场-西场地北半场,10:30-11:30,1,1,已售/已满,教学时间,多云,17,12,5,0.0,86,29
2026-05-21 08:08:31,2026-05-21,6,篮球场-西场地北半场,10:30-11:30,1,1,已售/已满,教学时间,多云,17,12,5,0.0,86,29
2026-05-21 08:11:30,2026-05-21,6,篮球场-西场地北半场,10:30-11:30,1,1,已售/已满,教学时间,多云,17,12,5,0.0,86,29
2026-05-21 08:14:31,2026-05-21,6,篮球场-西场地北半场,10:30-11:30,1,1,已售/已满,教学时间,多云,17,12,5,0.0,86,29
2026-05-21 08:17:30,2026-05-21,6,篮球场-西场地北半场,10:30-11:30,1,1,已售/已满,教学时间,多云,17,12,5,0.0,86,29
2026-05-21 08:20:35,2026-05-21,6,篮球场-西场地北半场,10:30-11:30,1,1,已售/已满,教学时间,多云,17,14,4,0.0,85,29
2026-05-21 08:25:32,2026-05-21,6,篮球场-西场地北半场,10:30-11:30,1,1,已售/已满,教学时间,多云,17,14,4,0.0,85,28
2026-05-21 08:30:42,2026-05-21,6,篮球场-西场地北半场,10:30-11:30,1,1,已售/已满,教学时间,多云,18,15,4,0.0,84,28
2026-05-21 08:35:31,2026-05-21,6,篮球场-西场地北半场,10:30-11:30,1,1,已售/已满,教学时间,多云,18,15,4,0.0,84,28
2026-05-21 08:40:38,2026-05-21,6,篮球场-西场地北半场,10:30-11:30,1,1,已售/已满,教学时间,多云,18,15,4,0.0,82,28
2026-05-21 08:45:33,2026-05-21,6,篮球场-西场地北半场,10:30-11:30,1,1,已售/已满,教学时间,多云,18,15,4,0.0,82,28
2026-05-21 08:50:36,2026-05-21,6,篮球场-西场地北半场,10:30-11:30,1,1,已售/已满,教学时间,多云,18,15,4,0.0,82,28
2026-05-21 08:55:34,2026-05-21,6,篮球场-西场地北半场,10:30-11:30,1,1,已售/已满,教学时间,多云,18,15,4,0.0,84,28
2026-05-21 09:00:51,2026-05-21,6,篮球场-西场地北半场,10:30-11:30,1,1,已售/已满,教学时间,多云,18,15,4,0.0,84,28
2026-05-21 09:01:59,2026-05-21,6,篮球场-西场地北半场,10:30-11:30,1,1,已售/已满,教学时间,多云,18,15,4,0.0,83,28
2026-05-21 09:05:33,2026-05-21,6,篮球场-西场地北半场,10:30-11:30,1,1,已售/已满,教学时间,多云,18,15,4,0.0,83,28
2026-05-21 09:20:38,2026-05-21,6,篮球场-西场地北半场,10:30-11:30,1,1,已售/已满,教学时间,多云,18,16,3,0.0,81,28
2026-05-21 09:30:46,2026-05-21,6,篮球场-西场地北半场,10:30-11:30,1,1,已售/已满,教学时间,多云,18,16,3,0.0,81,32
2026-05-21 09:40:36,2026-05-21,6,篮球场-西场地北半场,10:30-11:30,1,1,已售/已满,教学时间,多云,19,17,3,0.0,79,32
2026-05-21 09:50:42,2026-05-21,6,篮球场-西场地北半场,10:30-11:30,1,1,已售/已满,教学时间,多云,19,17,4,0.0,81,32
2026-05-21 10:00:46,2026-05-21,6,篮球场-西场地北半场,10:30-11:30,1,1,已售/已满,教学时间,多云,19,17,4,0.0,79,32
2026-05-21 10:10:40,2026-05-21,6,篮球场-西场地北半场,10:30-11:30,1,1,已售/已满,教学时间,多云,19,17,4,0.0,79,32
2026-05-21 10:20:38,2026-05-21,6,篮球场-西场地北半场,10:30-11:30,1,1,已售/已满,教学时间,多云,19,17,4,0.0,79,32
2026-05-21 10:30:41,2026-05-21,6,篮球场-西场地北半场,10:30-11:30,1,1,已售/已满,教学时间,多云,19,18,3,0.0,78,31
2026-05-21 11:00:44,2026-05-21,6,篮球场-西场地北半场,10:30-11:30,1,1,已售/已满,教学时间,多云,21,17,5,0.0,74,31
2026-05-21 11:30:38,2026-05-21,6,篮球场-西场地北半场,10:30-11:30,1,1,已售/已满,教学时间,多云,21,19,3,0.0,72,33
2026-05-21 12:00:46,2026-05-21,6,篮球场-西场地北半场,10:30-11:30,1,1,已售/已满,教学时间,多云,22,19,4,0.0,70,33
2026-05-21 12:30:42,2026-05-21,6,篮球场-西场地北半场,10:30-11:30,1,1,已售/已满,教学时间,多云,22,21,3,0.0,68,35
2026-05-21 13:00:43,2026-05-21,6,篮球场-西场地北半场,10:30-11:30,1,1,已售/已满,教学时间,多云,24,22,4,0.0,66,35
2026-05-21 13:30:43,2026-05-21,6,篮球场-西场地北半场,10:30-11:30,1,1,已售/已满,教学时间,多云,24,22,4,0.0,66,36
2026-05-21 14:00:48,2026-05-21,6,篮球场-西场地北半场,10:30-11:30,1,1,已售/已满,教学时间,多云,25,23,4,0.0,66,36
2026-05-21 14:30:45,2026-05-21,6,篮球场-西场地北半场,10:30-11:30,1,1,已售/已满,教学时间,晴,25,25,3,0.0,65,39
2026-05-21 15:00:45,2026-05-21,6,篮球场-西场地北半场,10:30-11:30,1,1,已售/已满,教学时间,晴,25,22,4,0.0,56,39
2026-05-21 15:30:43,2026-05-21,6,篮球场-西场地北半场,10:30-11:30,1,1,已售/已满,教学时间,晴,25,23,4,0.0,57,40
2026-05-21 16:00:51,2026-05-21,6,篮球场-西场地北半场,10:30-11:30,1,1,已售/已满,教学时间,晴,25,23,4,0.0,57,40
2026-05-21 16:30:48,2026-05-21,6,篮球场-西场地北半场,10:30-11:30,1,1,已售/已满,教学时间,晴,25,24,3,0.0,60,39
2026-05-21 17:00:49,2026-05-21,6,篮球场-西场地北半场,10:30-11:30,1,1,已售/已满,教学时间,晴,25,24,4,0.0,61,39
2026-05-21 17:30:47,2026-05-21,6,篮球场-西场地北半场,10:30-11:30,1,1,已售/已满,教学时间,多云,24,23,3,0.0,64,39
2026-05-21 18:00:50,2026-05-21,6,篮球场-西场地北半场,10:30-11:30,1,1,已售/已满,教学时间,多云,24,23,3,0.0,68,39
2026-05-21 18:30:50,2026-05-21,6,篮球场-西场地北半场,10:30-11:30,1,1,已售/已满,教学时间,阴,24,25,2,0.0,68,40
2026-05-21 19:00:50,2026-05-21,6,篮球场-西场地北半场,10:30-11:30,1,1,已售/已满,教学时间,阴,23,23,3,0.0,76,40
2026-05-21 19:30:46,2026-05-21,6,篮球场-西场地北半场,10:30-11:30,1,1,已售/已满,教学时间,阴,23,24,2,0.0,77,39
2026-05-21 20:00:49,2026-05-21,6,篮球场-西场地北半场,10:30-11:30,1,1,已售/已满,教学时间,雾,22,23,2,0.0,89,39
2026-05-21 20:30:44,2026-05-21,6,篮球场-西场地北半场,10:30-11:30,1,1,已售/已满,教学时间,雾,22,24,2,0.0,93,43
2026-05-21 21:00:56,2026-05-21,6,篮球场-西场地北半场,10:30-11:30,1,1,已售/已满,教学时间,雾,20,21,2,0.0,98,43
2026-05-21 21:30:46,2026-05-21,6,篮球场-西场地北半场,10:30-11:30,1,1,已售/已满,教学时间,雾,20,22,1,0.0,99,41
2026-05-21 22:01:02,2026-05-21,6,篮球场-西场地北半场,10:30-11:30,1,1,已售/已满,教学时间,雾,19,20,2,0.0,93,41
2026-05-21 22:30:47,2026-05-21,6,篮球场-西场地北半场,10:30-11:30,1,1,已售/已满,教学时间,雾,19,19,3,0.0,88,46
2026-05-21 23:00:56,2026-05-21,6,篮球场-西场地北半场,10:30-11:30,1,1,已售/已满,教学时间,多云,18,17,3,0.0,85,46
2026-05-21 23:30:55,2026-05-21,6,篮球场-西场地北半场,10:30-11:30,1,1,已售/已满,教学时间,多云,18,17,3,0.0,85,48
2026-05-21 00:30:49,2026-05-21,6,篮球场-西场地北半场,14:00-15:00,1,1,已售/已满,教学时间,多云,15,13,3,0.0,100,26
2026-05-21 01:00:55,2026-05-21,6,篮球场-西场地北半场,14:00-15:00,1,1,已售/已满,教学时间,多云,15,12,4,0.0,100,26
2026-05-21 01:30:47,2026-05-21,6,篮球场-西场地北半场,14:00-15:00,1,1,已售/已满,教学时间,多云,15,13,4,0.0,100,28
2026-05-21 02:00:53,2026-05-21,6,篮球场-西场地北半场,14:00-15:00,1,1,已售/已满,教学时间,多云,15,12,4,0.0,100,28
2026-05-21 02:30:49,2026-05-21,6,篮球场-西场地北半场,14:00-15:00,1,1,已售/已满,教学时间,多云,15,14,3,0.0,100,29
2026-05-21 03:00:55,2026-05-21,6,篮球场-西场地北半场,14:00-15:00,1,1,已售/已满,教学时间,多云,15,12,4,0.0,100,29
2026-05-21 03:30:49,2026-05-21,6,篮球场-西场地北半场,14:00-15:00,1,1,已售/已满,教学时间,多云,15,14,3,0.0,100,30
2026-05-21 04:30:45,2026-05-21,6,篮球场-西场地北半场,14:00-15:00,1,1,已售/已满,教学时间,多云,15,12,4,0.0,100,29
2026-05-21 05:00:52,2026-05-21,6,篮球场-西场地北半场,14:00-15:00,1,1,已售/已满,教学时间,多云,15,12,4,0.0,100,29
2026-05-21 05:30:49,2026-05-21,6,篮球场-西场地北半场,14:00-15:00,1,1,已售/已满,教学时间,多云,15,13,3,0.0,100,28
2026-05-21 06:00:50,2026-05-21,6,篮球场-西场地北半场,14:00-15:00,1,1,已售/已满,教学时间,多云,15,13,4,0.0,99,28
2026-05-21 06:30:38,2026-05-21,6,篮球场-西场地北半场,14:00-15:00,1,1,已售/已满,教学时间,多云,15,13,3,0.0,97,28
2026-05-21 07:00:43,2026-05-21,6,篮球场-西场地北半场,14:00-15:00,1,1,已售/已满,教学时间,晴,15,11,5,0.0,93,28
2026-05-21 07:30:39,2026-05-21,6,篮球场-西场地北半场,14:00-15:00,1,1,已售/已满,教学时间,晴,17,13,4,0.0,89,29
2026-05-21 07:50:40,2026-05-21,6,篮球场-西场地北半场,14:00-15:00,1,1,已售/已满,教学时间,晴,17,13,4,0.0,88,29
2026-05-21 07:53:31,2026-05-21,6,篮球场-西场地北半场,14:00-15:00,1,1,已售/已满,教学时间,晴,17,12,5,0.0,86,29
2026-05-21 07:56:31,2026-05-21,6,篮球场-西场地北半场,14:00-15:00,1,1,已售/已满,教学时间,晴,17,12,5,0.0,86,29
2026-05-21 07:59:26,2026-05-21,6,篮球场-西场地北半场,14:00-15:00,1,1,已售/已满,教学时间,晴,17,12,5,0.0,86,29
2026-05-21 08:00:45,2026-05-21,6,篮球场-西场地北半场,14:00-15:00,1,1,已售/已满,教学时间,晴,17,12,5,0.0,86,29
2026-05-21 08:02:30,2026-05-21,6,篮球场-西场地北半场,14:00-15:00,1,1,已售/已满,教学时间,多云,17,12,5,0.0,87,29
2026-05-21 08:05:36,2026-05-21,6,篮球场-西场地北半场,14:00-15:00,1,1,已售/已满,教学时间,多云,17,12,5,0.0,86,29
2026-05-21 08:08:31,2026-05-21,6,篮球场-西场地北半场,14:00-15:00,1,1,已售/已满,教学时间,多云,17,12,5,0.0,86,29
2026-05-21 08:11:30,2026-05-21,6,篮球场-西场地北半场,14:00-15:00,1,1,已售/已满,教学时间,多云,17,12,5,0.0,86,29
2026-05-21 08:14:31,2026-05-21,6,篮球场-西场地北半场,14:00-15:00,1,1,已售/已满,教学时间,多云,17,12,5,0.0,86,29
2026-05-21 08:17:30,2026-05-21,6,篮球场-西场地北半场,14:00-15:00,1,1,已售/已满,教学时间,多云,17,12,5,0.0,86,29
2026-05-21 08:20:35,2026-05-21,6,篮球场-西场地北半场,14:00-15:00,1,1,已售/已满,教学时间,多云,17,14,4,0.0,85,29
2026-05-21 08:25:32,2026-05-21,6,篮球场-西场地北半场,14:00-15:00,1,1,已售/已满,教学时间,多云,17,14,4,0.0,85,28
2026-05-21 08:30:42,2026-05-21,6,篮球场-西场地北半场,14:00-15:00,1,1,已售/已满,教学时间,多云,18,15,4,0.0,84,28
2026-05-21 08:35:31,2026-05-21,6,篮球场-西场地北半场,14:00-15:00,1,1,已售/已满,教学时间,多云,18,15,4,0.0,84,28
2026-05-21 08:40:38,2026-05-21,6,篮球场-西场地北半场,14:00-15:00,1,1,已售/已满,教学时间,多云,18,15,4,0.0,82,28
2026-05-21 08:45:33,2026-05-21,6,篮球场-西场地北半场,14:00-15:00,1,1,已售/已满,教学时间,多云,18,15,4,0.0,82,28
2026-05-21 08:50:36,2026-05-21,6,篮球场-西场地北半场,14:00-15:00,1,1,已售/已满,教学时间,多云,18,15,4,0.0,82,28
2026-05-21 08:55:34,2026-05-21,6,篮球场-西场地北半场,14:00-15:00,1,1,已售/已满,教学时间,多云,18,15,4,0.0,84,28
2026-05-21 09:00:51,2026-05-21,6,篮球场-西场地北半场,14:00-15:00,1,1,已售/已满,教学时间,多云,18,15,4,0.0,84,28
2026-05-21 09:01:59,2026-05-21,6,篮球场-西场地北半场,14:00-15:00,1,1,已售/已满,教学时间,多云,18,15,4,0.0,83,28
2026-05-21 09:05:33,2026-05-21,6,篮球场-西场地北半场,14:00-15:00,1,1,已售/已满,教学时间,多云,18,15,4,0.0,83,28
2026-05-21 09:20:38,2026-05-21,6,篮球场-西场地北半场,14:00-15:00,1,1,已售/已满,教学时间,多云,18,16,3,0.0,81,28
2026-05-21 09:30:46,2026-05-21,6,篮球场-西场地北半场,14:00-15:00,1,1,已售/已满,教学时间,多云,18,16,3,0.0,81,32
2026-05-21 09:40:36,2026-05-21,6,篮球场-西场地北半场,14:00-15:00,1,1,已售/已满,教学时间,多云,19,17,3,0.0,79,32
2026-05-21 09:50:42,2026-05-21,6,篮球场-西场地北半场,14:00-15:00,1,1,已售/已满,教学时间,多云,19,17,4,0.0,81,32
2026-05-21 10:00:46,2026-05-21,6,篮球场-西场地北半场,14:00-15:00,1,1,已售/已满,教学时间,多云,19,17,4,0.0,79,32
2026-05-21 10:10:40,2026-05-21,6,篮球场-西场地北半场,14:00-15:00,1,1,已售/已满,教学时间,多云,19,17,4,0.0,79,32
2026-05-21 10:20:38,2026-05-21,6,篮球场-西场地北半场,14:00-15:00,1,1,已售/已满,教学时间,多云,19,17,4,0.0,79,32
2026-05-21 10:30:41,2026-05-21,6,篮球场-西场地北半场,14:00-15:00,1,1,已售/已满,教学时间,多云,19,18,3,0.0,78,31
2026-05-21 11:00:44,2026-05-21,6,篮球场-西场地北半场,14:00-15:00,1,1,已售/已满,教学时间,多云,21,17,5,0.0,74,31
2026-05-21 11:30:38,2026-05-21,6,篮球场-西场地北半场,14:00-15:00,1,1,已售/已满,教学时间,多云,21,19,3,0.0,72,33
2026-05-21 12:00:46,2026-05-21,6,篮球场-西场地北半场,14:00-15:00,1,1,已售/已满,教学时间,多云,22,19,4,0.0,70,33
2026-05-21 12:30:42,2026-05-21,6,篮球场-西场地北半场,14:00-15:00,1,1,已售/已满,教学时间,多云,22,21,3,0.0,68,35
2026-05-21 13:00:43,2026-05-21,6,篮球场-西场地北半场,14:00-15:00,1,1,已售/已满,教学时间,多云,24,22,4,0.0,66,35
2026-05-21 13:30:43,2026-05-21,6,篮球场-西场地北半场,14:00-15:00,1,1,已售/已满,教学时间,多云,24,22,4,0.0,66,36
2026-05-21 14:00:48,2026-05-21,6,篮球场-西场地北半场,14:00-15:00,1,1,已售/已满,教学时间,多云,25,23,4,0.0,66,36
2026-05-21 14:30:45,2026-05-21,6,篮球场-西场地北半场,14:00-15:00,1,1,已售/已满,教学时间,晴,25,25,3,0.0,65,39
2026-05-21 15:00:45,2026-05-21,6,篮球场-西场地北半场,14:00-15:00,1,1,已售/已满,教学时间,晴,25,22,4,0.0,56,39
2026-05-21 15:30:43,2026-05-21,6,篮球场-西场地北半场,14:00-15:00,1,1,已售/已满,教学时间,晴,25,23,4,0.0,57,40
2026-05-21 16:00:51,2026-05-21,6,篮球场-西场地北半场,14:00-15:00,1,1,已售/已满,教学时间,晴,25,23,4,0.0,57,40
2026-05-21 16:30:48,2026-05-21,6,篮球场-西场地北半场,14:00-15:00,1,1,已售/已满,教学时间,晴,25,24,3,0.0,60,39
2026-05-21 17:00:49,2026-05-21,6,篮球场-西场地北半场,14:00-15:00,1,1,已售/已满,教学时间,晴,25,24,4,0.0,61,39
2026-05-21 17:30:47,2026-05-21,6,篮球场-西场地北半场,14:00-15:00,1,1,已售/已满,教学时间,多云,24,23,3,0.0,64,39
2026-05-21 18:00:50,2026-05-21,6,篮球场-西场地北半场,14:00-15:00,1,1,已售/已满,教学时间,多云,24,23,3,0.0,68,39
2026-05-21 18:30:50,2026-05-21,6,篮球场-西场地北半场,14:00-15:00,1,1,已售/已满,教学时间,阴,24,25,2,0.0,68,40
2026-05-21 19:00:50,2026-05-21,6,篮球场-西场地北半场,14:00-15:00,1,1,已售/已满,教学时间,阴,23,23,3,0.0,76,40
2026-05-21 19:30:46,2026-05-21,6,篮球场-西场地北半场,14:00-15:00,1,1,已售/已满,教学时间,阴,23,24,2,0.0,77,39
2026-05-21 20:00:49,2026-05-21,6,篮球场-西场地北半场,14:00-15:00,1,1,已售/已满,教学时间,雾,22,23,2,0.0,89,39
2026-05-21 20:30:44,2026-05-21,6,篮球场-西场地北半场,14:00-15:00,1,1,已售/已满,教学时间,雾,22,24,2,0.0,93,43
2026-05-21 21:00:56,2026-05-21,6,篮球场-西场地北半场,14:00-15:00,1,1,已售/已满,教学时间,雾,20,21,2,0.0,98,43
2026-05-21 21:30:46,2026-05-21,6,篮球场-西场地北半场,14:00-15:00,1,1,已售/已满,教学时间,雾,20,22,1,0.0,99,41
2026-05-21 22:01:02,2026-05-21,6,篮球场-西场地北半场,14:00-15:00,1,1,已售/已满,教学时间,雾,19,20,2,0.0,93,41
2026-05-21 22:30:47,2026-05-21,6,篮球场-西场地北半场,14:00-15:00,1,1,已售/已满,教学时间,雾,19,19,3,0.0,88,46
2026-05-21 23:00:56,2026-05-21,6,篮球场-西场地北半场,14:00-15:00,1,1,已售/已满,教学时间,多云,18,17,3,0.0,85,46
2026-05-21 23:30:55,2026-05-21,6,篮球场-西场地北半场,14:00-15:00,1,1,已售/已满,教学时间,多云,18,17,3,0.0,85,48
2026-05-21 00:30:49,2026-05-21,6,篮球场-西场地北半场,15:00-16:00,1,1,已售/已满,教学时间,多云,15,13,3,0.0,100,26
2026-05-21 01:00:55,2026-05-21,6,篮球场-西场地北半场,15:00-16:00,1,1,已售/已满,教学时间,多云,15,12,4,0.0,100,26
2026-05-21 01:30:47,2026-05-21,6,篮球场-西场地北半场,15:00-16:00,1,1,已售/已满,教学时间,多云,15,13,4,0.0,100,28
2026-05-21 02:00:53,2026-05-21,6,篮球场-西场地北半场,15:00-16:00,1,1,已售/已满,教学时间,多云,15,12,4,0.0,100,28
2026-05-21 02:30:49,2026-05-21,6,篮球场-西场地北半场,15:00-16:00,1,1,已售/已满,教学时间,多云,15,14,3,0.0,100,29
2026-05-21 03:00:55,2026-05-21,6,篮球场-西场地北半场,15:00-16:00,1,1,已售/已满,教学时间,多云,15,12,4,0.0,100,29
2026-05-21 03:30:49,2026-05-21,6,篮球场-西场地北半场,15:00-16:00,1,1,已售/已满,教学时间,多云,15,14,3,0.0,100,30
2026-05-21 04:30:45,2026-05-21,6,篮球场-西场地北半场,15:00-16:00,1,1,已售/已满,教学时间,多云,15,12,4,0.0,100,29
2026-05-21 05:00:52,2026-05-21,6,篮球场-西场地北半场,15:00-16:00,1,1,已售/已满,教学时间,多云,15,12,4,0.0,100,29
2026-05-21 05:30:49,2026-05-21,6,篮球场-西场地北半场,15:00-16:00,1,1,已售/已满,教学时间,多云,15,13,3,0.0,100,28
2026-05-21 06:00:50,2026-05-21,6,篮球场-西场地北半场,15:00-16:00,1,1,已售/已满,教学时间,多云,15,13,4,0.0,99,28
2026-05-21 06:30:38,2026-05-21,6,篮球场-西场地北半场,15:00-16:00,1,1,已售/已满,教学时间,多云,15,13,3,0.0,97,28
2026-05-21 07:00:43,2026-05-21,6,篮球场-西场地北半场,15:00-16:00,1,1,已售/已满,教学时间,晴,15,11,5,0.0,93,28
2026-05-21 07:30:39,2026-05-21,6,篮球场-西场地北半场,15:00-16:00,1,1,已售/已满,教学时间,晴,17,13,4,0.0,89,29
2026-05-21 07:50:40,2026-05-21,6,篮球场-西场地北半场,15:00-16:00,1,1,已售/已满,教学时间,晴,17,13,4,0.0,88,29
2026-05-21 07:53:31,2026-05-21,6,篮球场-西场地北半场,15:00-16:00,1,1,已售/已满,教学时间,晴,17,12,5,0.0,86,29
2026-05-21 07:56:31,2026-05-21,6,篮球场-西场地北半场,15:00-16:00,1,1,已售/已满,教学时间,晴,17,12,5,0.0,86,29
2026-05-21 07:59:26,2026-05-21,6,篮球场-西场地北半场,15:00-16:00,1,1,已售/已满,教学时间,晴,17,12,5,0.0,86,29
2026-05-21 08:00:45,2026-05-21,6,篮球场-西场地北半场,15:00-16:00,1,1,已售/已满,教学时间,晴,17,12,5,0.0,86,29
2026-05-21 08:02:30,2026-05-21,6,篮球场-西场地北半场,15:00-16:00,1,1,已售/已满,教学时间,多云,17,12,5,0.0,87,29
2026-05-21 08:05:36,2026-05-21,6,篮球场-西场地北半场,15:00-16:00,1,1,已售/已满,教学时间,多云,17,12,5,0.0,86,29
2026-05-21 08:08:31,2026-05-21,6,篮球场-西场地北半场,15:00-16:00,1,1,已售/已满,教学时间,多云,17,12,5,0.0,86,29
2026-05-21 08:11:30,2026-05-21,6,篮球场-西场地北半场,15:00-16:00,1,1,已售/已满,教学时间,多云,17,12,5,0.0,86,29
2026-05-21 08:14:31,2026-05-21,6,篮球场-西场地北半场,15:00-16:00,1,1,已售/已满,教学时间,多云,17,12,5,0.0,86,29
2026-05-21 08:17:30,2026-05-21,6,篮球场-西场地北半场,15:00-16:00,1,1,已售/已满,教学时间,多云,17,12,5,0.0,86,29
2026-05-21 08:20:35,2026-05-21,6,篮球场-西场地北半场,15:00-16:00,1,1,已售/已满,教学时间,多云,17,14,4,0.0,85,29
2026-05-21 08:25:32,2026-05-21,6,篮球场-西场地北半场,15:00-16:00,1,1,已售/已满,教学时间,多云,17,14,4,0.0,85,28
2026-05-21 08:30:42,2026-05-21,6,篮球场-西场地北半场,15:00-16:00,1,1,已售/已满,教学时间,多云,18,15,4,0.0,84,28
2026-05-21 08:35:31,2026-05-21,6,篮球场-西场地北半场,15:00-16:00,1,1,已售/已满,教学时间,多云,18,15,4,0.0,84,28
2026-05-21 08:40:38,2026-05-21,6,篮球场-西场地北半场,15:00-16:00,1,1,已售/已满,教学时间,多云,18,15,4,0.0,82,28
2026-05-21 08:45:33,2026-05-21,6,篮球场-西场地北半场,15:00-16:00,1,1,已售/已满,教学时间,多云,18,15,4,0.0,82,28
2026-05-21 08:50:36,2026-05-21,6,篮球场-西场地北半场,15:00-16:00,1,1,已售/已满,教学时间,多云,18,15,4,0.0,82,28
2026-05-21 08:55:34,2026-05-21,6,篮球场-西场地北半场,15:00-16:00,1,1,已售/已满,教学时间,多云,18,15,4,0.0,84,28
2026-05-21 09:00:51,2026-05-21,6,篮球场-西场地北半场,15:00-16:00,1,1,已售/已满,教学时间,多云,18,15,4,0.0,84,28
2026-05-21 09:01:59,2026-05-21,6,篮球场-西场地北半场,15:00-16:00,1,1,已售/已满,教学时间,多云,18,15,4,0.0,83,28
2026-05-21 09:05:33,2026-05-21,6,篮球场-西场地北半场,15:00-16:00,1,1,已售/已满,教学时间,多云,18,15,4,0.0,83,28
2026-05-21 09:20:38,2026-05-21,6,篮球场-西场地北半场,15:00-16:00,1,1,已售/已满,教学时间,多云,18,16,3,0.0,81,28
2026-05-21 09:30:46,2026-05-21,6,篮球场-西场地北半场,15:00-16:00,1,1,已售/已满,教学时间,多云,18,16,3,0.0,81,32
2026-05-21 09:40:36,2026-05-21,6,篮球场-西场地北半场,15:00-16:00,1,1,已售/已满,教学时间,多云,19,17,3,0.0,79,32
2026-05-21 09:50:42,2026-05-21,6,篮球场-西场地北半场,15:00-16:00,1,1,已售/已满,教学时间,多云,19,17,4,0.0,81,32
2026-05-21 10:00:46,2026-05-21,6,篮球场-西场地北半场,15:00-16:00,1,1,已售/已满,教学时间,多云,19,17,4,0.0,79,32
2026-05-21 10:10:40,2026-05-21,6,篮球场-西场地北半场,15:00-16:00,1,1,已售/已满,教学时间,多云,19,17,4,0.0,79,32
2026-05-21 10:20:38,2026-05-21,6,篮球场-西场地北半场,15:00-16:00,1,1,已售/已满,教学时间,多云,19,17,4,0.0,79,32
2026-05-21 10:30:41,2026-05-21,6,篮球场-西场地北半场,15:00-16:00,1,1,已售/已满,教学时间,多云,19,18,3,0.0,78,31
2026-05-21 11:00:44,2026-05-21,6,篮球场-西场地北半场,15:00-16:00,1,1,已售/已满,教学时间,多云,21,17,5,0.0,74,31
2026-05-21 11:30:38,2026-05-21,6,篮球场-西场地北半场,15:00-16:00,1,1,已售/已满,教学时间,多云,21,19,3,0.0,72,33
2026-05-21 12:00:46,2026-05-21,6,篮球场-西场地北半场,15:00-16:00,1,1,已售/已满,教学时间,多云,22,19,4,0.0,70,33
2026-05-21 12:30:42,2026-05-21,6,篮球场-西场地北半场,15:00-16:00,1,1,已售/已满,教学时间,多云,22,21,3,0.0,68,35
2026-05-21 13:00:43,2026-05-21,6,篮球场-西场地北半场,15:00-16:00,1,1,已售/已满,教学时间,多云,24,22,4,0.0,66,35
2026-05-21 13:30:43,2026-05-21,6,篮球场-西场地北半场,15:00-16:00,1,1,已售/已满,教学时间,多云,24,22,4,0.0,66,36
2026-05-21 14:00:48,2026-05-21,6,篮球场-西场地北半场,15:00-16:00,1,1,已售/已满,教学时间,多云,25,23,4,0.0,66,36
2026-05-21 14:30:45,2026-05-21,6,篮球场-西场地北半场,15:00-16:00,1,1,已售/已满,教学时间,晴,25,25,3,0.0,65,39
2026-05-21 15:00:45,2026-05-21,6,篮球场-西场地北半场,15:00-16:00,1,1,已售/已满,教学时间,晴,25,22,4,0.0,56,39
2026-05-21 15:30:43,2026-05-21,6,篮球场-西场地北半场,15:00-16:00,1,1,已售/已满,教学时间,晴,25,23,4,0.0,57,40
2026-05-21 16:00:51,2026-05-21,6,篮球场-西场地北半场,15:00-16:00,1,1,已售/已满,教学时间,晴,25,23,4,0.0,57,40
2026-05-21 16:30:48,2026-05-21,6,篮球场-西场地北半场,15:00-16:00,1,1,已售/已满,教学时间,晴,25,24,3,0.0,60,39
2026-05-21 17:00:49,2026-05-21,6,篮球场-西场地北半场,15:00-16:00,1,1,已售/已满,教学时间,晴,25,24,4,0.0,61,39
2026-05-21 17:30:47,2026-05-21,6,篮球场-西场地北半场,15:00-16:00,1,1,已售/已满,教学时间,多云,24,23,3,0.0,64,39
2026-05-21 18:00:50,2026-05-21,6,篮球场-西场地北半场,15:00-16:00,1,1,已售/已满,教学时间,多云,24,23,3,0.0,68,39
2026-05-21 18:30:50,2026-05-21,6,篮球场-西场地北半场,15:00-16:00,1,1,已售/已满,教学时间,阴,24,25,2,0.0,68,40
2026-05-21 19:00:50,2026-05-21,6,篮球场-西场地北半场,15:00-16:00,1,1,已售/已满,教学时间,阴,23,23,3,0.0,76,40
2026-05-21 19:30:46,2026-05-21,6,篮球场-西场地北半场,15:00-16:00,1,1,已售/已满,教学时间,阴,23,24,2,0.0,77,39
2026-05-21 20:00:49,2026-05-21,6,篮球场-西场地北半场,15:00-16:00,1,1,已售/已满,教学时间,雾,22,23,2,0.0,89,39
2026-05-21 20:30:44,2026-05-21,6,篮球场-西场地北半场,15:00-16:00,1,1,已售/已满,教学时间,雾,22,24,2,0.0,93,43
2026-05-21 21:00:56,2026-05-21,6,篮球场-西场地北半场,15:00-16:00,1,1,已售/已满,教学时间,雾,20,21,2,0.0,98,43
2026-05-21 21:30:46,2026-05-21,6,篮球场-西场地北半场,15:00-16:00,1,1,已售/已满,教学时间,雾,20,22,1,0.0,99,41
2026-05-21 22:01:02,2026-05-21,6,篮球场-西场地北半场,15:00-16:00,1,1,已售/已满,教学时间,雾,19,20,2,0.0,93,41
2026-05-21 22:30:47,2026-05-21,6,篮球场-西场地北半场,15:00-16:00,1,1,已售/已满,教学时间,雾,19,19,3,0.0,88,46
2026-05-21 23:00:56,2026-05-21,6,篮球场-西场地北半场,15:00-16:00,1,1,已售/已满,教学时间,多云,18,17,3,0.0,85,46
2026-05-21 23:30:55,2026-05-21,6,篮球场-西场地北半场,15:00-16:00,1,1,已售/已满,教学时间,多云,18,17,3,0.0,85,48
2026-05-21 00:30:49,2026-05-21,6,篮球场-西场地北半场,16:00-17:00,0,1,可预约,￥50.0,多云,15,13,3,0.0,100,26
2026-05-21 01:00:55,2026-05-21,6,篮球场-西场地北半场,16:00-17:00,0,1,可预约,￥50.0,多云,15,12,4,0.0,100,26
2026-05-21 01:30:47,2026-05-21,6,篮球场-西场地北半场,16:00-17:00,0,1,可预约,￥50.0,多云,15,13,4,0.0,100,28
2026-05-21 02:00:53,2026-05-21,6,篮球场-西场地北半场,16:00-17:00,0,1,可预约,￥50.0,多云,15,12,4,0.0,100,28
2026-05-21 02:30:49,2026-05-21,6,篮球场-西场地北半场,16:00-17:00,0,1,可预约,￥50.0,多云,15,14,3,0.0,100,29
2026-05-21 03:00:55,2026-05-21,6,篮球场-西场地北半场,16:00-17:00,0,1,可预约,￥50.0,多云,15,12,4,0.0,100,29
2026-05-21 03:30:49,2026-05-21,6,篮球场-西场地北半场,16:00-17:00,0,1,可预约,￥50.0,多云,15,14,3,0.0,100,30
2026-05-21 04:30:45,2026-05-21,6,篮球场-西场地北半场,16:00-17:00,0,1,可预约,￥50.0,多云,15,12,4,0.0,100,29
2026-05-21 05:00:52,2026-05-21,6,篮球场-西场地北半场,16:00-17:00,0,1,可预约,￥50.0,多云,15,12,4,0.0,100,29
2026-05-21 05:30:49,2026-05-21,6,篮球场-西场地北半场,16:00-17:00,0,1,可预约,￥50.0,多云,15,13,3,0.0,100,28
2026-05-21 06:00:50,2026-05-21,6,篮球场-西场地北半场,16:00-17:00,0,1,可预约,￥50.0,多云,15,13,4,0.0,99,28
2026-05-21 06:30:38,2026-05-21,6,篮球场-西场地北半场,16:00-17:00,0,1,可预约,￥50.0,多云,15,13,3,0.0,97,28
2026-05-21 07:00:43,2026-05-21,6,篮球场-西场地北半场,16:00-17:00,0,1,可预约,￥50.0,晴,15,11,5,0.0,93,28
2026-05-21 07:30:39,2026-05-21,6,篮球场-西场地北半场,16:00-17:00,0,1,可预约,￥50.0,晴,17,13,4,0.0,89,29
2026-05-21 07:50:40,2026-05-21,6,篮球场-西场地北半场,16:00-17:00,0,1,可预约,￥50.0,晴,17,13,4,0.0,88,29
2026-05-21 07:53:31,2026-05-21,6,篮球场-西场地北半场,16:00-17:00,0,1,可预约,￥50.0,晴,17,12,5,0.0,86,29
2026-05-21 07:56:31,2026-05-21,6,篮球场-西场地北半场,16:00-17:00,0,1,可预约,￥50.0,晴,17,12,5,0.0,86,29
2026-05-21 07:59:26,2026-05-21,6,篮球场-西场地北半场,16:00-17:00,0,1,可预约,￥50.0,晴,17,12,5,0.0,86,29
2026-05-21 08:00:45,2026-05-21,6,篮球场-西场地北半场,16:00-17:00,0,1,可预约,￥50.0,晴,17,12,5,0.0,86,29
2026-05-21 08:02:30,2026-05-21,6,篮球场-西场地北半场,16:00-17:00,0,1,可预约,￥50.0,多云,17,12,5,0.0,87,29
2026-05-21 08:05:36,2026-05-21,6,篮球场-西场地北半场,16:00-17:00,0,1,可预约,￥50.0,多云,17,12,5,0.0,86,29
2026-05-21 08:08:31,2026-05-21,6,篮球场-西场地北半场,16:00-17:00,0,1,可预约,￥50.0,多云,17,12,5,0.0,86,29
2026-05-21 08:11:30,2026-05-21,6,篮球场-西场地北半场,16:00-17:00,0,1,可预约,￥50.0,多云,17,12,5,0.0,86,29
2026-05-21 08:14:31,2026-05-21,6,篮球场-西场地北半场,16:00-17:00,0,1,可预约,￥50.0,多云,17,12,5,0.0,86,29
2026-05-21 08:17:30,2026-05-21,6,篮球场-西场地北半场,16:00-17:00,0,1,可预约,￥50.0,多云,17,12,5,0.0,86,29
2026-05-21 08:20:35,2026-05-21,6,篮球场-西场地北半场,16:00-17:00,0,1,可预约,￥50.0,多云,17,14,4,0.0,85,29
2026-05-21 08:25:32,2026-05-21,6,篮球场-西场地北半场,16:00-17:00,0,1,可预约,￥50.0,多云,17,14,4,0.0,85,28
2026-05-21 08:30:42,2026-05-21,6,篮球场-西场地北半场,16:00-17:00,0,1,可预约,￥50.0,多云,18,15,4,0.0,84,28
2026-05-21 08:35:31,2026-05-21,6,篮球场-西场地北半场,16:00-17:00,0,1,可预约,￥50.0,多云,18,15,4,0.0,84,28
2026-05-21 08:40:38,2026-05-21,6,篮球场-西场地北半场,16:00-17:00,0,1,可预约,￥50.0,多云,18,15,4,0.0,82,28
2026-05-21 08:45:33,2026-05-21,6,篮球场-西场地北半场,16:00-17:00,0,1,可预约,￥50.0,多云,18,15,4,0.0,82,28
2026-05-21 08:50:36,2026-05-21,6,篮球场-西场地北半场,16:00-17:00,0,1,可预约,￥50.0,多云,18,15,4,0.0,82,28
2026-05-21 08:55:34,2026-05-21,6,篮球场-西场地北半场,16:00-17:00,0,1,可预约,￥50.0,多云,18,15,4,0.0,84,28
2026-05-21 09:00:51,2026-05-21,6,篮球场-西场地北半场,16:00-17:00,0,1,可预约,￥50.0,多云,18,15,4,0.0,84,28
2026-05-21 09:01:59,2026-05-21,6,篮球场-西场地北半场,16:00-17:00,0,1,可预约,￥50.0,多云,18,15,4,0.0,83,28
2026-05-21 09:05:33,2026-05-21,6,篮球场-西场地北半场,16:00-17:00,0,1,可预约,￥50.0,多云,18,15,4,0.0,83,28
2026-05-21 09:20:38,2026-05-21,6,篮球场-西场地北半场,16:00-17:00,0,1,可预约,￥50.0,多云,18,16,3,0.0,81,28
2026-05-21 09:30:46,2026-05-21,6,篮球场-西场地北半场,16:00-17:00,0,1,可预约,￥50.0,多云,18,16,3,0.0,81,32
2026-05-21 09:40:36,2026-05-21,6,篮球场-西场地北半场,16:00-17:00,0,1,可预约,￥50.0,多云,19,17,3,0.0,79,32
2026-05-21 09:50:42,2026-05-21,6,篮球场-西场地北半场,16:00-17:00,0,1,可预约,￥50.0,多云,19,17,4,0.0,81,32
2026-05-21 10:00:46,2026-05-21,6,篮球场-西场地北半场,16:00-17:00,0,1,可预约,￥50.0,多云,19,17,4,0.0,79,32
2026-05-21 10:10:40,2026-05-21,6,篮球场-西场地北半场,16:00-17:00,0,1,可预约,￥50.0,多云,19,17,4,0.0,79,32
2026-05-21 10:20:38,2026-05-21,6,篮球场-西场地北半场,16:00-17:00,0,1,可预约,￥50.0,多云,19,17,4,0.0,79,32
2026-05-21 10:30:41,2026-05-21,6,篮球场-西场地北半场,16:00-17:00,0,1,可预约,￥50.0,多云,19,18,3,0.0,78,31
2026-05-21 11:00:44,2026-05-21,6,篮球场-西场地北半场,16:00-17:00,0,1,可预约,￥50.0,多云,21,17,5,0.0,74,31
2026-05-21 11:30:38,2026-05-21,6,篮球场-西场地北半场,16:00-17:00,0,1,可预约,￥50.0,多云,21,19,3,0.0,72,33
2026-05-21 12:00:46,2026-05-21,6,篮球场-西场地北半场,16:00-17:00,0,1,可预约,￥50.0,多云,22,19,4,0.0,70,33
2026-05-21 12:30:42,2026-05-21,6,篮球场-西场地北半场,16:00-17:00,0,1,可预约,￥50.0,多云,22,21,3,0.0,68,35
2026-05-21 13:00:43,2026-05-21,6,篮球场-西场地北半场,16:00-17:00,0,1,可预约,￥50.0,多云,24,22,4,0.0,66,35
2026-05-21 13:30:43,2026-05-21,6,篮球场-西场地北半场,16:00-17:00,0,1,可预约,￥50.0,多云,24,22,4,0.0,66,36
2026-05-21 14:00:48,2026-05-21,6,篮球场-西场地北半场,16:00-17:00,0,1,可预约,￥50.0,多云,25,23,4,0.0,66,36
2026-05-21 14:30:45,2026-05-21,6,篮球场-西场地北半场,16:00-17:00,0,1,可预约,￥50.0,晴,25,25,3,0.0,65,39
2026-05-21 15:00:45,2026-05-21,6,篮球场-西场地北半场,16:00-17:00,0,1,可预约,￥50.0,晴,25,22,4,0.0,56,39
2026-05-21 15:30:43,2026-05-21,6,篮球场-西场地北半场,16:00-17:00,0,1,可预约,￥50.0,晴,25,23,4,0.0,57,40
2026-05-21 16:00:51,2026-05-21,6,篮球场-西场地北半场,16:00-17:00,0,1,可预约,￥50.0,晴,25,23,4,0.0,57,40
2026-05-21 16:30:48,2026-05-21,6,篮球场-西场地北半场,16:00-17:00,0,1,可预约,￥50.0,晴,25,24,3,0.0,60,39
2026-05-21 17:00:49,2026-05-21,6,篮球场-西场地北半场,16:00-17:00,0,1,不开放/已过期,,晴,25,24,4,0.0,61,39
2026-05-21 17:30:47,2026-05-21,6,篮球场-西场地北半场,16:00-17:00,0,1,不开放/已过期,,多云,24,23,3,0.0,64,39
2026-05-21 18:00:50,2026-05-21,6,篮球场-西场地北半场,16:00-17:00,0,1,不开放/已过期,,多云,24,23,3,0.0,68,39
2026-05-21 18:30:50,2026-05-21,6,篮球场-西场地北半场,16:00-17:00,0,1,不开放/已过期,,阴,24,25,2,0.0,68,40
2026-05-21 19:00:50,2026-05-21,6,篮球场-西场地北半场,16:00-17:00,0,1,不开放/已过期,,阴,23,23,3,0.0,76,40
2026-05-21 19:30:46,2026-05-21,6,篮球场-西场地北半场,16:00-17:00,0,1,不开放/已过期,,阴,23,24,2,0.0,77,39
2026-05-21 20:00:49,2026-05-21,6,篮球场-西场地北半场,16:00-17:00,0,1,不开放/已过期,,雾,22,23,2,0.0,89,39
2026-05-21 20:30:44,2026-05-21,6,篮球场-西场地北半场,16:00-17:00,0,1,不开放/已过期,,雾,22,24,2,0.0,93,43
2026-05-21 21:00:56,2026-05-21,6,篮球场-西场地北半场,16:00-17:00,0,1,不开放/已过期,,雾,20,21,2,0.0,98,43
2026-05-21 21:30:46,2026-05-21,6,篮球场-西场地北半场,16:00-17:00,0,1,不开放/已过期,,雾,20,22,1,0.0,99,41
2026-05-21 22:01:02,2026-05-21,6,篮球场-西场地北半场,16:00-17:00,0,1,不开放/已过期,,雾,19,20,2,0.0,93,41
2026-05-21 22:30:47,2026-05-21,6,篮球场-西场地北半场,16:00-17:00,0,1,不开放/已过期,,雾,19,19,3,0.0,88,46
2026-05-21 23:00:56,2026-05-21,6,篮球场-西场地北半场,16:00-17:00,0,1,不开放/已过期,,多云,18,17,3,0.0,85,46
2026-05-21 23:30:55,2026-05-21,6,篮球场-西场地北半场,16:00-17:00,0,1,不开放/已过期,,多云,18,17,3,0.0,85,48
2026-05-21 00:30:49,2026-05-21,6,篮球场-西场地北半场,19:00-20:00,0,1,可预约,￥50.0,多云,15,13,3,0.0,100,26
2026-05-21 01:00:55,2026-05-21,6,篮球场-西场地北半场,19:00-20:00,0,1,可预约,￥50.0,多云,15,12,4,0.0,100,26
2026-05-21 01:30:47,2026-05-21,6,篮球场-西场地北半场,19:00-20:00,0,1,可预约,￥50.0,多云,15,13,4,0.0,100,28
2026-05-21 02:00:53,2026-05-21,6,篮球场-西场地北半场,19:00-20:00,0,1,可预约,￥50.0,多云,15,12,4,0.0,100,28
2026-05-21 02:30:49,2026-05-21,6,篮球场-西场地北半场,19:00-20:00,0,1,可预约,￥50.0,多云,15,14,3,0.0,100,29
2026-05-21 03:00:55,2026-05-21,6,篮球场-西场地北半场,19:00-20:00,0,1,可预约,￥50.0,多云,15,12,4,0.0,100,29
2026-05-21 03:30:49,2026-05-21,6,篮球场-西场地北半场,19:00-20:00,0,1,可预约,￥50.0,多云,15,14,3,0.0,100,30
2026-05-21 04:30:45,2026-05-21,6,篮球场-西场地北半场,19:00-20:00,0,1,可预约,￥50.0,多云,15,12,4,0.0,100,29
2026-05-21 05:00:52,2026-05-21,6,篮球场-西场地北半场,19:00-20:00,0,1,可预约,￥50.0,多云,15,12,4,0.0,100,29
2026-05-21 05:30:49,2026-05-21,6,篮球场-西场地北半场,19:00-20:00,0,1,可预约,￥50.0,多云,15,13,3,0.0,100,28
2026-05-21 06:00:50,2026-05-21,6,篮球场-西场地北半场,19:00-20:00,0,1,可预约,￥50.0,多云,15,13,4,0.0,99,28
2026-05-21 06:30:38,2026-05-21,6,篮球场-西场地北半场,19:00-20:00,0,1,可预约,￥50.0,多云,15,13,3,0.0,97,28
2026-05-21 07:00:43,2026-05-21,6,篮球场-西场地北半场,19:00-20:00,0,1,可预约,￥50.0,晴,15,11,5,0.0,93,28
2026-05-21 07:30:39,2026-05-21,6,篮球场-西场地北半场,19:00-20:00,0,1,可预约,￥50.0,晴,17,13,4,0.0,89,29
2026-05-21 07:50:40,2026-05-21,6,篮球场-西场地北半场,19:00-20:00,0,1,可预约,￥50.0,晴,17,13,4,0.0,88,29
2026-05-21 07:53:31,2026-05-21,6,篮球场-西场地北半场,19:00-20:00,0,1,可预约,￥50.0,晴,17,12,5,0.0,86,29
2026-05-21 07:56:31,2026-05-21,6,篮球场-西场地北半场,19:00-20:00,0,1,可预约,￥50.0,晴,17,12,5,0.0,86,29
2026-05-21 07:59:26,2026-05-21,6,篮球场-西场地北半场,19:00-20:00,0,1,可预约,￥50.0,晴,17,12,5,0.0,86,29
2026-05-21 08:00:45,2026-05-21,6,篮球场-西场地北半场,19:00-20:00,0,1,可预约,￥50.0,晴,17,12,5,0.0,86,29
2026-05-21 08:02:30,2026-05-21,6,篮球场-西场地北半场,19:00-20:00,0,1,可预约,￥50.0,多云,17,12,5,0.0,87,29
2026-05-21 08:05:36,2026-05-21,6,篮球场-西场地北半场,19:00-20:00,0,1,可预约,￥50.0,多云,17,12,5,0.0,86,29
2026-05-21 08:08:31,2026-05-21,6,篮球场-西场地北半场,19:00-20:00,0,1,可预约,￥50.0,多云,17,12,5,0.0,86,29
2026-05-21 08:11:30,2026-05-21,6,篮球场-西场地北半场,19:00-20:00,0,1,可预约,￥50.0,多云,17,12,5,0.0,86,29
2026-05-21 08:14:31,2026-05-21,6,篮球场-西场地北半场,19:00-20:00,0,1,可预约,￥50.0,多云,17,12,5,0.0,86,29
2026-05-21 08:17:30,2026-05-21,6,篮球场-西场地北半场,19:00-20:00,0,1,可预约,￥50.0,多云,17,12,5,0.0,86,29
2026-05-21 08:20:35,2026-05-21,6,篮球场-西场地北半场,19:00-20:00,0,1,可预约,￥50.0,多云,17,14,4,0.0,85,29
2026-05-21 08:25:32,2026-05-21,6,篮球场-西场地北半场,19:00-20:00,0,1,可预约,￥50.0,多云,17,14,4,0.0,85,28
2026-05-21 08:30:42,2026-05-21,6,篮球场-西场地北半场,19:00-20:00,0,1,可预约,￥50.0,多云,18,15,4,0.0,84,28
2026-05-21 08:35:31,2026-05-21,6,篮球场-西场地北半场,19:00-20:00,0,1,可预约,￥50.0,多云,18,15,4,0.0,84,28
2026-05-21 08:40:38,2026-05-21,6,篮球场-西场地北半场,19:00-20:00,0,1,可预约,￥50.0,多云,18,15,4,0.0,82,28
2026-05-21 08:45:33,2026-05-21,6,篮球场-西场地北半场,19:00-20:00,0,1,可预约,￥50.0,多云,18,15,4,0.0,82,28
2026-05-21 08:50:36,2026-05-21,6,篮球场-西场地北半场,19:00-20:00,0,1,可预约,￥50.0,多云,18,15,4,0.0,82,28
2026-05-21 08:55:34,2026-05-21,6,篮球场-西场地北半场,19:00-20:00,0,1,可预约,￥50.0,多云,18,15,4,0.0,84,28
2026-05-21 09:00:51,2026-05-21,6,篮球场-西场地北半场,19:00-20:00,0,1,可预约,￥50.0,多云,18,15,4,0.0,84,28
2026-05-21 09:01:59,2026-05-21,6,篮球场-西场地北半场,19:00-20:00,0,1,可预约,￥50.0,多云,18,15,4,0.0,83,28
2026-05-21 09:05:33,2026-05-21,6,篮球场-西场地北半场,19:00-20:00,0,1,可预约,￥50.0,多云,18,15,4,0.0,83,28
2026-05-21 09:20:38,2026-05-21,6,篮球场-西场地北半场,19:00-20:00,0,1,可预约,￥50.0,多云,18,16,3,0.0,81,28
2026-05-21 09:30:46,2026-05-21,6,篮球场-西场地北半场,19:00-20:00,0,1,可预约,￥50.0,多云,18,16,3,0.0,81,32
2026-05-21 09:40:36,2026-05-21,6,篮球场-西场地北半场,19:00-20:00,0,1,可预约,￥50.0,多云,19,17,3,0.0,79,32
2026-05-21 09:50:42,2026-05-21,6,篮球场-西场地北半场,19:00-20:00,0,1,可预约,￥50.0,多云,19,17,4,0.0,81,32
2026-05-21 10:00:46,2026-05-21,6,篮球场-西场地北半场,19:00-20:00,0,1,可预约,￥50.0,多云,19,17,4,0.0,79,32
2026-05-21 10:10:40,2026-05-21,6,篮球场-西场地北半场,19:00-20:00,0,1,可预约,￥50.0,多云,19,17,4,0.0,79,32
2026-05-21 10:20:38,2026-05-21,6,篮球场-西场地北半场,19:00-20:00,0,1,可预约,￥50.0,多云,19,17,4,0.0,79,32
2026-05-21 10:30:41,2026-05-21,6,篮球场-西场地北半场,19:00-20:00,0,1,可预约,￥50.0,多云,19,18,3,0.0,78,31
2026-05-21 11:00:44,2026-05-21,6,篮球场-西场地北半场,19:00-20:00,0,1,可预约,￥50.0,多云,21,17,5,0.0,74,31
2026-05-21 11:30:38,2026-05-21,6,篮球场-西场地北半场,19:00-20:00,0,1,可预约,￥50.0,多云,21,19,3,0.0,72,33
2026-05-21 12:00:46,2026-05-21,6,篮球场-西场地北半场,19:00-20:00,0,1,可预约,￥50.0,多云,22,19,4,0.0,70,33
2026-05-21 12:30:42,2026-05-21,6,篮球场-西场地北半场,19:00-20:00,0,1,可预约,￥50.0,多云,22,21,3,0.0,68,35
2026-05-21 13:00:43,2026-05-21,6,篮球场-西场地北半场,19:00-20:00,0,1,可预约,￥50.0,多云,24,22,4,0.0,66,35
2026-05-21 13:30:43,2026-05-21,6,篮球场-西场地北半场,19:00-20:00,0,1,可预约,￥50.0,多云,24,22,4,0.0,66,36
2026-05-21 14:00:48,2026-05-21,6,篮球场-西场地北半场,19:00-20:00,0,1,可预约,￥50.0,多云,25,23,4,0.0,66,36
2026-05-21 14:30:45,2026-05-21,6,篮球场-西场地北半场,19:00-20:00,0,1,可预约,￥50.0,晴,25,25,3,0.0,65,39
2026-05-21 15:00:45,2026-05-21,6,篮球场-西场地北半场,19:00-20:00,0,1,可预约,￥50.0,晴,25,22,4,0.0,56,39
2026-05-21 15:30:43,2026-05-21,6,篮球场-西场地北半场,19:00-20:00,0,1,可预约,￥50.0,晴,25,23,4,0.0,57,40
2026-05-21 16:00:51,2026-05-21,6,篮球场-西场地北半场,19:00-20:00,0,1,可预约,￥50.0,晴,25,23,4,0.0,57,40
2026-05-21 16:30:48,2026-05-21,6,篮球场-西场地北半场,19:00-20:00,0,1,可预约,￥50.0,晴,25,24,3,0.0,60,39
2026-05-21 17:00:49,2026-05-21,6,篮球场-西场地北半场,19:00-20:00,0,1,可预约,￥50.0,晴,25,24,4,0.0,61,39
2026-05-21 17:30:47,2026-05-21,6,篮球场-西场地北半场,19:00-20:00,0,1,可预约,￥50.0,多云,24,23,3,0.0,64,39
2026-05-21 18:00:50,2026-05-21,6,篮球场-西场地北半场,19:00-20:00,0,1,可预约,￥50.0,多云,24,23,3,0.0,68,39
2026-05-21 18:30:50,2026-05-21,6,篮球场-西场地北半场,19:00-20:00,0,1,可预约,￥50.0,阴,24,25,2,0.0,68,40
2026-05-21 19:00:50,2026-05-21,6,篮球场-西场地北半场,19:00-20:00,0,1,可预约,￥50.0,阴,23,23,3,0.0,76,40
2026-05-21 19:30:46,2026-05-21,6,篮球场-西场地北半场,19:00-20:00,0,1,可预约,￥50.0,阴,23,24,2,0.0,77,39
2026-05-21 20:00:49,2026-05-21,6,篮球场-西场地北半场,19:00-20:00,0,1,不开放/已过期,,雾,22,23,2,0.0,89,39
2026-05-21 20:30:44,2026-05-21,6,篮球场-西场地北半场,19:00-20:00,0,1,不开放/已过期,,雾,22,24,2,0.0,93,43
2026-05-21 21:00:56,2026-05-21,6,篮球场-西场地北半场,19:00-20:00,0,1,不开放/已过期,,雾,20,21,2,0.0,98,43
2026-05-21 21:30:46,2026-05-21,6,篮球场-西场地北半场,19:00-20:00,0,1,不开放/已过期,,雾,20,22,1,0.0,99,41
2026-05-21 22:01:02,2026-05-21,6,篮球场-西场地北半场,19:00-20:00,0,1,不开放/已过期,,雾,19,20,2,0.0,93,41
2026-05-21 22:30:47,2026-05-21,6,篮球场-西场地北半场,19:00-20:00,0,1,不开放/已过期,,雾,19,19,3,0.0,88,46
2026-05-21 23:00:56,2026-05-21,6,篮球场-西场地北半场,19:00-20:00,0,1,不开放/已过期,,多云,18,17,3,0.0,85,46
2026-05-21 23:30:55,2026-05-21,6,篮球场-西场地北半场,19:00-20:00,0,1,不开放/已过期,,多云,18,17,3,0.0,85,48
2026-05-21 00:30:49,2026-05-21,6,篮球场-西场地北半场,20:30-21:30,0,1,可预约,￥50.0,多云,15,13,3,0.0,100,26
2026-05-21 01:00:55,2026-05-21,6,篮球场-西场地北半场,20:30-21:30,0,1,可预约,￥50.0,多云,15,12,4,0.0,100,26
2026-05-21 01:30:47,2026-05-21,6,篮球场-西场地北半场,20:30-21:30,0,1,可预约,￥50.0,多云,15,13,4,0.0,100,28
2026-05-21 02:00:53,2026-05-21,6,篮球场-西场地北半场,20:30-21:30,0,1,可预约,￥50.0,多云,15,12,4,0.0,100,28
2026-05-21 02:30:49,2026-05-21,6,篮球场-西场地北半场,20:30-21:30,0,1,可预约,￥50.0,多云,15,14,3,0.0,100,29
2026-05-21 03:00:55,2026-05-21,6,篮球场-西场地北半场,20:30-21:30,0,1,可预约,￥50.0,多云,15,12,4,0.0,100,29
2026-05-21 03:30:49,2026-05-21,6,篮球场-西场地北半场,20:30-21:30,0,1,可预约,￥50.0,多云,15,14,3,0.0,100,30
2026-05-21 04:30:45,2026-05-21,6,篮球场-西场地北半场,20:30-21:30,0,1,可预约,￥50.0,多云,15,12,4,0.0,100,29
2026-05-21 05:00:52,2026-05-21,6,篮球场-西场地北半场,20:30-21:30,0,1,可预约,￥50.0,多云,15,12,4,0.0,100,29
2026-05-21 05:30:49,2026-05-21,6,篮球场-西场地北半场,20:30-21:30,0,1,可预约,￥50.0,多云,15,13,3,0.0,100,28
2026-05-21 06:00:50,2026-05-21,6,篮球场-西场地北半场,20:30-21:30,0,1,可预约,￥50.0,多云,15,13,4,0.0,99,28
2026-05-21 06:30:38,2026-05-21,6,篮球场-西场地北半场,20:30-21:30,0,1,可预约,￥50.0,多云,15,13,3,0.0,97,28
2026-05-21 07:00:43,2026-05-21,6,篮球场-西场地北半场,20:30-21:30,0,1,可预约,￥50.0,晴,15,11,5,0.0,93,28
2026-05-21 07:30:39,2026-05-21,6,篮球场-西场地北半场,20:30-21:30,0,1,可预约,￥50.0,晴,17,13,4,0.0,89,29
2026-05-21 07:50:40,2026-05-21,6,篮球场-西场地北半场,20:30-21:30,0,1,可预约,￥50.0,晴,17,13,4,0.0,88,29
2026-05-21 07:53:31,2026-05-21,6,篮球场-西场地北半场,20:30-21:30,0,1,可预约,￥50.0,晴,17,12,5,0.0,86,29
2026-05-21 07:56:31,2026-05-21,6,篮球场-西场地北半场,20:30-21:30,0,1,可预约,￥50.0,晴,17,12,5,0.0,86,29
2026-05-21 07:59:26,2026-05-21,6,篮球场-西场地北半场,20:30-21:30,0,1,可预约,￥50.0,晴,17,12,5,0.0,86,29
2026-05-21 08:00:45,2026-05-21,6,篮球场-西场地北半场,20:30-21:30,0,1,可预约,￥50.0,晴,17,12,5,0.0,86,29
2026-05-21 08:02:30,2026-05-21,6,篮球场-西场地北半场,20:30-21:30,0,1,可预约,￥50.0,多云,17,12,5,0.0,87,29
2026-05-21 08:05:36,2026-05-21,6,篮球场-西场地北半场,20:30-21:30,0,1,可预约,￥50.0,多云,17,12,5,0.0,86,29
2026-05-21 08:08:31,2026-05-21,6,篮球场-西场地北半场,20:30-21:30,0,1,可预约,￥50.0,多云,17,12,5,0.0,86,29
2026-05-21 08:11:30,2026-05-21,6,篮球场-西场地北半场,20:30-21:30,0,1,可预约,￥50.0,多云,17,12,5,0.0,86,29
2026-05-21 08:14:31,2026-05-21,6,篮球场-西场地北半场,20:30-21:30,0,1,可预约,￥50.0,多云,17,12,5,0.0,86,29
2026-05-21 08:17:30,2026-05-21,6,篮球场-西场地北半场,20:30-21:30,0,1,可预约,￥50.0,多云,17,12,5,0.0,86,29
2026-05-21 08:20:35,2026-05-21,6,篮球场-西场地北半场,20:30-21:30,0,1,可预约,￥50.0,多云,17,14,4,0.0,85,29
2026-05-21 08:25:32,2026-05-21,6,篮球场-西场地北半场,20:30-21:30,0,1,可预约,￥50.0,多云,17,14,4,0.0,85,28
2026-05-21 08:30:42,2026-05-21,6,篮球场-西场地北半场,20:30-21:30,0,1,可预约,￥50.0,多云,18,15,4,0.0,84,28
2026-05-21 08:35:31,2026-05-21,6,篮球场-西场地北半场,20:30-21:30,0,1,可预约,￥50.0,多云,18,15,4,0.0,84,28
2026-05-21 08:40:38,2026-05-21,6,篮球场-西场地北半场,20:30-21:30,0,1,可预约,￥50.0,多云,18,15,4,0.0,82,28
2026-05-21 08:45:33,2026-05-21,6,篮球场-西场地北半场,20:30-21:30,0,1,可预约,￥50.0,多云,18,15,4,0.0,82,28
2026-05-21 08:50:36,2026-05-21,6,篮球场-西场地北半场,20:30-21:30,0,1,可预约,￥50.0,多云,18,15,4,0.0,82,28
2026-05-21 08:55:34,2026-05-21,6,篮球场-西场地北半场,20:30-21:30,0,1,可预约,￥50.0,多云,18,15,4,0.0,84,28
2026-05-21 09:00:51,2026-05-21,6,篮球场-西场地北半场,20:30-21:30,0,1,可预约,￥50.0,多云,18,15,4,0.0,84,28
2026-05-21 09:01:59,2026-05-21,6,篮球场-西场地北半场,20:30-21:30,0,1,可预约,￥50.0,多云,18,15,4,0.0,83,28
2026-05-21 09:05:33,2026-05-21,6,篮球场-西场地北半场,20:30-21:30,0,1,可预约,￥50.0,多云,18,15,4,0.0,83,28
2026-05-21 09:20:38,2026-05-21,6,篮球场-西场地北半场,20:30-21:30,0,1,可预约,￥50.0,多云,18,16,3,0.0,81,28
2026-05-21 09:30:46,2026-05-21,6,篮球场-西场地北半场,20:30-21:30,0,1,可预约,￥50.0,多云,18,16,3,0.0,81,32
2026-05-21 09:40:36,2026-05-21,6,篮球场-西场地北半场,20:30-21:30,0,1,可预约,￥50.0,多云,19,17,3,0.0,79,32
2026-05-21 09:50:42,2026-05-21,6,篮球场-西场地北半场,20:30-21:30,0,1,可预约,￥50.0,多云,19,17,4,0.0,81,32
2026-05-21 10:00:46,2026-05-21,6,篮球场-西场地北半场,20:30-21:30,0,1,可预约,￥50.0,多云,19,17,4,0.0,79,32
2026-05-21 10:10:40,2026-05-21,6,篮球场-西场地北半场,20:30-21:30,0,1,可预约,￥50.0,多云,19,17,4,0.0,79,32
2026-05-21 10:20:38,2026-05-21,6,篮球场-西场地北半场,20:30-21:30,0,1,可预约,￥50.0,多云,19,17,4,0.0,79,32
2026-05-21 10:30:41,2026-05-21,6,篮球场-西场地北半场,20:30-21:30,0,1,可预约,￥50.0,多云,19,18,3,0.0,78,31
2026-05-21 11:00:44,2026-05-21,6,篮球场-西场地北半场,20:30-21:30,0,1,可预约,￥50.0,多云,21,17,5,0.0,74,31
2026-05-21 11:30:38,2026-05-21,6,篮球场-西场地北半场,20:30-21:30,0,1,可预约,￥50.0,多云,21,19,3,0.0,72,33
2026-05-21 12:00:46,2026-05-21,6,篮球场-西场地北半场,20:30-21:30,0,1,可预约,￥50.0,多云,22,19,4,0.0,70,33
2026-05-21 12:30:42,2026-05-21,6,篮球场-西场地北半场,20:30-21:30,0,1,可预约,￥50.0,多云,22,21,3,0.0,68,35
2026-05-21 13:00:43,2026-05-21,6,篮球场-西场地北半场,20:30-21:30,0,1,可预约,￥50.0,多云,24,22,4,0.0,66,35
2026-05-21 13:30:43,2026-05-21,6,篮球场-西场地北半场,20:30-21:30,0,1,可预约,￥50.0,多云,24,22,4,0.0,66,36
2026-05-21 14:00:48,2026-05-21,6,篮球场-西场地北半场,20:30-21:30,0,1,可预约,￥50.0,多云,25,23,4,0.0,66,36
2026-05-21 14:30:45,2026-05-21,6,篮球场-西场地北半场,20:30-21:30,0,1,可预约,￥50.0,晴,25,25,3,0.0,65,39
2026-05-21 15:00:45,2026-05-21,6,篮球场-西场地北半场,20:30-21:30,0,1,可预约,￥50.0,晴,25,22,4,0.0,56,39
2026-05-21 15:30:43,2026-05-21,6,篮球场-西场地北半场,20:30-21:30,0,1,可预约,￥50.0,晴,25,23,4,0.0,57,40
2026-05-21 16:00:51,2026-05-21,6,篮球场-西场地北半场,20:30-21:30,0,1,可预约,￥50.0,晴,25,23,4,0.0,57,40
2026-05-21 16:30:48,2026-05-21,6,篮球场-西场地北半场,20:30-21:30,0,1,可预约,￥50.0,晴,25,24,3,0.0,60,39
2026-05-21 17:00:49,2026-05-21,6,篮球场-西场地北半场,20:30-21:30,0,1,可预约,￥50.0,晴,25,24,4,0.0,61,39
2026-05-21 17:30:47,2026-05-21,6,篮球场-西场地北半场,20:30-21:30,0,1,可预约,￥50.0,多云,24,23,3,0.0,64,39
2026-05-21 18:00:50,2026-05-21,6,篮球场-西场地北半场,20:30-21:30,0,1,可预约,￥50.0,多云,24,23,3,0.0,68,39
2026-05-21 18:30:50,2026-05-21,6,篮球场-西场地北半场,20:30-21:30,0,1,可预约,￥50.0,阴,24,25,2,0.0,68,40
2026-05-21 19:00:50,2026-05-21,6,篮球场-西场地北半场,20:30-21:30,0,1,可预约,￥50.0,阴,23,23,3,0.0,76,40
2026-05-21 19:30:46,2026-05-21,6,篮球场-西场地北半场,20:30-21:30,0,1,可预约,￥50.0,阴,23,24,2,0.0,77,39
2026-05-21 20:00:49,2026-05-21,6,篮球场-西场地北半场,20:30-21:30,0,1,可预约,￥50.0,雾,22,23,2,0.0,89,39
2026-05-21 20:30:44,2026-05-21,6,篮球场-西场地北半场,20:30-21:30,0,1,可预约,￥50.0,雾,22,24,2,0.0,93,43
2026-05-21 21:00:56,2026-05-21,6,篮球场-西场地北半场,20:30-21:30,0,1,可预约,￥50.0,雾,20,21,2,0.0,98,43
2026-05-21 21:30:46,2026-05-21,6,篮球场-西场地北半场,20:30-21:30,0,1,不开放/已过期,,雾,20,22,1,0.0,99,41
2026-05-21 22:01:02,2026-05-21,6,篮球场-西场地北半场,20:30-21:30,0,1,不开放/已过期,,雾,19,20,2,0.0,93,41
2026-05-21 22:30:47,2026-05-21,6,篮球场-西场地北半场,20:30-21:30,0,1,不开放/已过期,,雾,19,19,3,0.0,88,46
2026-05-21 23:00:56,2026-05-21,6,篮球场-西场地北半场,20:30-21:30,0,1,不开放/已过期,,多云,18,17,3,0.0,85,46
2026-05-21 23:30:55,2026-05-21,6,篮球场-西场地北半场,20:30-21:30,0,1,不开放/已过期,,多云,18,17,3,0.0,85,48
2026-05-21 00:30:49,2026-05-21,6,篮球场-西场地南半场,09:00-10:00,0,1,可预约,￥50.0,多云,15,13,3,0.0,100,26
2026-05-21 01:00:55,2026-05-21,6,篮球场-西场地南半场,09:00-10:00,0,1,可预约,￥50.0,多云,15,12,4,0.0,100,26
2026-05-21 01:30:47,2026-05-21,6,篮球场-西场地南半场,09:00-10:00,0,1,可预约,￥50.0,多云,15,13,4,0.0,100,28
2026-05-21 02:00:53,2026-05-21,6,篮球场-西场地南半场,09:00-10:00,0,1,可预约,￥50.0,多云,15,12,4,0.0,100,28
2026-05-21 02:30:49,2026-05-21,6,篮球场-西场地南半场,09:00-10:00,0,1,可预约,￥50.0,多云,15,14,3,0.0,100,29
2026-05-21 03:00:55,2026-05-21,6,篮球场-西场地南半场,09:00-10:00,0,1,可预约,￥50.0,多云,15,12,4,0.0,100,29
2026-05-21 03:30:49,2026-05-21,6,篮球场-西场地南半场,09:00-10:00,0,1,可预约,￥50.0,多云,15,14,3,0.0,100,30
2026-05-21 04:30:45,2026-05-21,6,篮球场-西场地南半场,09:00-10:00,0,1,可预约,￥50.0,多云,15,12,4,0.0,100,29
2026-05-21 05:00:52,2026-05-21,6,篮球场-西场地南半场,09:00-10:00,0,1,可预约,￥50.0,多云,15,12,4,0.0,100,29
2026-05-21 05:30:49,2026-05-21,6,篮球场-西场地南半场,09:00-10:00,0,1,可预约,￥50.0,多云,15,13,3,0.0,100,28
2026-05-21 06:00:50,2026-05-21,6,篮球场-西场地南半场,09:00-10:00,0,1,可预约,￥50.0,多云,15,13,4,0.0,99,28
2026-05-21 06:30:38,2026-05-21,6,篮球场-西场地南半场,09:00-10:00,0,1,可预约,￥50.0,多云,15,13,3,0.0,97,28
2026-05-21 07:00:43,2026-05-21,6,篮球场-西场地南半场,09:00-10:00,0,1,可预约,￥50.0,晴,15,11,5,0.0,93,28
2026-05-21 07:30:39,2026-05-21,6,篮球场-西场地南半场,09:00-10:00,0,1,可预约,￥50.0,晴,17,13,4,0.0,89,29
2026-05-21 07:50:40,2026-05-21,6,篮球场-西场地南半场,09:00-10:00,0,1,可预约,￥50.0,晴,17,13,4,0.0,88,29
2026-05-21 07:53:31,2026-05-21,6,篮球场-西场地南半场,09:00-10:00,0,1,可预约,￥50.0,晴,17,12,5,0.0,86,29
2026-05-21 07:56:31,2026-05-21,6,篮球场-西场地南半场,09:00-10:00,0,1,可预约,￥50.0,晴,17,12,5,0.0,86,29
2026-05-21 07:59:26,2026-05-21,6,篮球场-西场地南半场,09:00-10:00,0,1,可预约,￥50.0,晴,17,12,5,0.0,86,29
2026-05-21 08:00:45,2026-05-21,6,篮球场-西场地南半场,09:00-10:00,0,1,可预约,￥50.0,晴,17,12,5,0.0,86,29
2026-05-21 08:02:30,2026-05-21,6,篮球场-西场地南半场,09:00-10:00,0,1,可预约,￥50.0,多云,17,12,5,0.0,87,29
2026-05-21 08:05:36,2026-05-21,6,篮球场-西场地南半场,09:00-10:00,0,1,可预约,￥50.0,多云,17,12,5,0.0,86,29
2026-05-21 08:08:31,2026-05-21,6,篮球场-西场地南半场,09:00-10:00,0,1,可预约,￥50.0,多云,17,12,5,0.0,86,29
2026-05-21 08:11:30,2026-05-21,6,篮球场-西场地南半场,09:00-10:00,0,1,可预约,￥50.0,多云,17,12,5,0.0,86,29
2026-05-21 08:14:31,2026-05-21,6,篮球场-西场地南半场,09:00-10:00,0,1,可预约,￥50.0,多云,17,12,5,0.0,86,29
2026-05-21 08:17:30,2026-05-21,6,篮球场-西场地南半场,09:00-10:00,0,1,可预约,￥50.0,多云,17,12,5,0.0,86,29
2026-05-21 08:20:35,2026-05-21,6,篮球场-西场地南半场,09:00-10:00,0,1,可预约,￥50.0,多云,17,14,4,0.0,85,29
2026-05-21 08:25:32,2026-05-21,6,篮球场-西场地南半场,09:00-10:00,0,1,可预约,￥50.0,多云,17,14,4,0.0,85,28
2026-05-21 08:30:42,2026-05-21,6,篮球场-西场地南半场,09:00-10:00,0,1,可预约,￥50.0,多云,18,15,4,0.0,84,28
2026-05-21 08:35:31,2026-05-21,6,篮球场-西场地南半场,09:00-10:00,0,1,可预约,￥50.0,多云,18,15,4,0.0,84,28
2026-05-21 08:40:38,2026-05-21,6,篮球场-西场地南半场,09:00-10:00,0,1,可预约,￥50.0,多云,18,15,4,0.0,82,28
2026-05-21 08:45:33,2026-05-21,6,篮球场-西场地南半场,09:00-10:00,0,1,可预约,￥50.0,多云,18,15,4,0.0,82,28
2026-05-21 08:50:36,2026-05-21,6,篮球场-西场地南半场,09:00-10:00,0,1,可预约,￥50.0,多云,18,15,4,0.0,82,28
2026-05-21 08:55:34,2026-05-21,6,篮球场-西场地南半场,09:00-10:00,0,1,可预约,￥50.0,多云,18,15,4,0.0,84,28
2026-05-21 09:00:51,2026-05-21,6,篮球场-西场地南半场,09:00-10:00,0,1,可预约,￥50.0,多云,18,15,4,0.0,84,28
2026-05-21 09:01:59,2026-05-21,6,篮球场-西场地南半场,09:00-10:00,0,1,可预约,￥50.0,多云,18,15,4,0.0,83,28
2026-05-21 09:05:33,2026-05-21,6,篮球场-西场地南半场,09:00-10:00,0,1,可预约,￥50.0,多云,18,15,4,0.0,83,28
2026-05-21 09:20:38,2026-05-21,6,篮球场-西场地南半场,09:00-10:00,0,1,可预约,￥50.0,多云,18,16,3,0.0,81,28
2026-05-21 09:30:46,2026-05-21,6,篮球场-西场地南半场,09:00-10:00,0,1,可预约,￥50.0,多云,18,16,3,0.0,81,32
2026-05-21 09:40:36,2026-05-21,6,篮球场-西场地南半场,09:00-10:00,0,1,可预约,￥50.0,多云,19,17,3,0.0,79,32
2026-05-21 09:50:42,2026-05-21,6,篮球场-西场地南半场,09:00-10:00,0,1,可预约,￥50.0,多云,19,17,4,0.0,81,32
2026-05-21 10:00:46,2026-05-21,6,篮球场-西场地南半场,09:00-10:00,0,1,不开放/已过期,,多云,19,17,4,0.0,79,32
2026-05-21 10:10:40,2026-05-21,6,篮球场-西场地南半场,09:00-10:00,0,1,不开放/已过期,,多云,19,17,4,0.0,79,32
2026-05-21 10:20:38,2026-05-21,6,篮球场-西场地南半场,09:00-10:00,0,1,不开放/已过期,,多云,19,17,4,0.0,79,32
2026-05-21 10:30:41,2026-05-21,6,篮球场-西场地南半场,09:00-10:00,0,1,不开放/已过期,,多云,19,18,3,0.0,78,31
2026-05-21 11:00:44,2026-05-21,6,篮球场-西场地南半场,09:00-10:00,0,1,不开放/已过期,,多云,21,17,5,0.0,74,31
2026-05-21 11:30:38,2026-05-21,6,篮球场-西场地南半场,09:00-10:00,0,1,不开放/已过期,,多云,21,19,3,0.0,72,33
2026-05-21 12:00:46,2026-05-21,6,篮球场-西场地南半场,09:00-10:00,0,1,不开放/已过期,,多云,22,19,4,0.0,70,33
2026-05-21 12:30:42,2026-05-21,6,篮球场-西场地南半场,09:00-10:00,0,1,不开放/已过期,,多云,22,21,3,0.0,68,35
2026-05-21 13:00:43,2026-05-21,6,篮球场-西场地南半场,09:00-10:00,0,1,不开放/已过期,,多云,24,22,4,0.0,66,35
2026-05-21 13:30:43,2026-05-21,6,篮球场-西场地南半场,09:00-10:00,0,1,不开放/已过期,,多云,24,22,4,0.0,66,36
2026-05-21 14:00:48,2026-05-21,6,篮球场-西场地南半场,09:00-10:00,0,1,不开放/已过期,,多云,25,23,4,0.0,66,36
2026-05-21 14:30:45,2026-05-21,6,篮球场-西场地南半场,09:00-10:00,0,1,不开放/已过期,,晴,25,25,3,0.0,65,39
2026-05-21 15:00:45,2026-05-21,6,篮球场-西场地南半场,09:00-10:00,0,1,不开放/已过期,,晴,25,22,4,0.0,56,39
2026-05-21 15:30:43,2026-05-21,6,篮球场-西场地南半场,09:00-10:00,0,1,不开放/已过期,,晴,25,23,4,0.0,57,40
2026-05-21 16:00:51,2026-05-21,6,篮球场-西场地南半场,09:00-10:00,0,1,不开放/已过期,,晴,25,23,4,0.0,57,40
2026-05-21 16:30:48,2026-05-21,6,篮球场-西场地南半场,09:00-10:00,0,1,不开放/已过期,,晴,25,24,3,0.0,60,39
2026-05-21 17:00:49,2026-05-21,6,篮球场-西场地南半场,09:00-10:00,0,1,不开放/已过期,,晴,25,24,4,0.0,61,39
2026-05-21 17:30:47,2026-05-21,6,篮球场-西场地南半场,09:00-10:00,0,1,不开放/已过期,,多云,24,23,3,0.0,64,39
2026-05-21 18:00:50,2026-05-21,6,篮球场-西场地南半场,09:00-10:00,0,1,不开放/已过期,,多云,24,23,3,0.0,68,39
2026-05-21 18:30:50,2026-05-21,6,篮球场-西场地南半场,09:00-10:00,0,1,不开放/已过期,,阴,24,25,2,0.0,68,40
2026-05-21 19:00:50,2026-05-21,6,篮球场-西场地南半场,09:00-10:00,0,1,不开放/已过期,,阴,23,23,3,0.0,76,40
2026-05-21 19:30:46,2026-05-21,6,篮球场-西场地南半场,09:00-10:00,0,1,不开放/已过期,,阴,23,24,2,0.0,77,39
2026-05-21 20:00:49,2026-05-21,6,篮球场-西场地南半场,09:00-10:00,0,1,不开放/已过期,,雾,22,23,2,0.0,89,39
2026-05-21 20:30:44,2026-05-21,6,篮球场-西场地南半场,09:00-10:00,0,1,不开放/已过期,,雾,22,24,2,0.0,93,43
2026-05-21 21:00:56,2026-05-21,6,篮球场-西场地南半场,09:00-10:00,0,1,不开放/已过期,,雾,20,21,2,0.0,98,43
2026-05-21 21:30:46,2026-05-21,6,篮球场-西场地南半场,09:00-10:00,0,1,不开放/已过期,,雾,20,22,1,0.0,99,41
2026-05-21 22:01:02,2026-05-21,6,篮球场-西场地南半场,09:00-10:00,0,1,不开放/已过期,,雾,19,20,2,0.0,93,41
2026-05-21 22:30:47,2026-05-21,6,篮球场-西场地南半场,09:00-10:00,0,1,不开放/已过期,,雾,19,19,3,0.0,88,46
2026-05-21 23:00:56,2026-05-21,6,篮球场-西场地南半场,09:00-10:00,0,1,不开放/已过期,,多云,18,17,3,0.0,85,46
2026-05-21 23:30:55,2026-05-21,6,篮球场-西场地南半场,09:00-10:00,0,1,不开放/已过期,,多云,18,17,3,0.0,85,48
2026-05-21 00:30:49,2026-05-21,6,篮球场-西场地南半场,10:30-11:30,1,1,已售/已满,教学时间,多云,15,13,3,0.0,100,26
2026-05-21 01:00:55,2026-05-21,6,篮球场-西场地南半场,10:30-11:30,1,1,已售/已满,教学时间,多云,15,12,4,0.0,100,26
2026-05-21 01:30:47,2026-05-21,6,篮球场-西场地南半场,10:30-11:30,1,1,已售/已满,教学时间,多云,15,13,4,0.0,100,28
2026-05-21 02:00:53,2026-05-21,6,篮球场-西场地南半场,10:30-11:30,1,1,已售/已满,教学时间,多云,15,12,4,0.0,100,28
2026-05-21 02:30:49,2026-05-21,6,篮球场-西场地南半场,10:30-11:30,1,1,已售/已满,教学时间,多云,15,14,3,0.0,100,29
2026-05-21 03:00:55,2026-05-21,6,篮球场-西场地南半场,10:30-11:30,1,1,已售/已满,教学时间,多云,15,12,4,0.0,100,29
2026-05-21 03:30:49,2026-05-21,6,篮球场-西场地南半场,10:30-11:30,1,1,已售/已满,教学时间,多云,15,14,3,0.0,100,30
2026-05-21 04:30:45,2026-05-21,6,篮球场-西场地南半场,10:30-11:30,1,1,已售/已满,教学时间,多云,15,12,4,0.0,100,29
2026-05-21 05:00:52,2026-05-21,6,篮球场-西场地南半场,10:30-11:30,1,1,已售/已满,教学时间,多云,15,12,4,0.0,100,29
2026-05-21 05:30:49,2026-05-21,6,篮球场-西场地南半场,10:30-11:30,1,1,已售/已满,教学时间,多云,15,13,3,0.0,100,28
2026-05-21 06:00:50,2026-05-21,6,篮球场-西场地南半场,10:30-11:30,1,1,已售/已满,教学时间,多云,15,13,4,0.0,99,28
2026-05-21 06:30:38,2026-05-21,6,篮球场-西场地南半场,10:30-11:30,1,1,已售/已满,教学时间,多云,15,13,3,0.0,97,28
2026-05-21 07:00:43,2026-05-21,6,篮球场-西场地南半场,10:30-11:30,1,1,已售/已满,教学时间,晴,15,11,5,0.0,93,28
2026-05-21 07:30:39,2026-05-21,6,篮球场-西场地南半场,10:30-11:30,1,1,已售/已满,教学时间,晴,17,13,4,0.0,89,29
2026-05-21 07:50:40,2026-05-21,6,篮球场-西场地南半场,10:30-11:30,1,1,已售/已满,教学时间,晴,17,13,4,0.0,88,29
2026-05-21 07:53:31,2026-05-21,6,篮球场-西场地南半场,10:30-11:30,1,1,已售/已满,教学时间,晴,17,12,5,0.0,86,29
2026-05-21 07:56:31,2026-05-21,6,篮球场-西场地南半场,10:30-11:30,1,1,已售/已满,教学时间,晴,17,12,5,0.0,86,29
2026-05-21 07:59:26,2026-05-21,6,篮球场-西场地南半场,10:30-11:30,1,1,已售/已满,教学时间,晴,17,12,5,0.0,86,29
2026-05-21 08:00:45,2026-05-21,6,篮球场-西场地南半场,10:30-11:30,1,1,已售/已满,教学时间,晴,17,12,5,0.0,86,29
2026-05-21 08:02:30,2026-05-21,6,篮球场-西场地南半场,10:30-11:30,1,1,已售/已满,教学时间,多云,17,12,5,0.0,87,29
2026-05-21 08:05:36,2026-05-21,6,篮球场-西场地南半场,10:30-11:30,1,1,已售/已满,教学时间,多云,17,12,5,0.0,86,29
2026-05-21 08:08:31,2026-05-21,6,篮球场-西场地南半场,10:30-11:30,1,1,已售/已满,教学时间,多云,17,12,5,0.0,86,29
2026-05-21 08:11:30,2026-05-21,6,篮球场-西场地南半场,10:30-11:30,1,1,已售/已满,教学时间,多云,17,12,5,0.0,86,29
2026-05-21 08:14:31,2026-05-21,6,篮球场-西场地南半场,10:30-11:30,1,1,已售/已满,教学时间,多云,17,12,5,0.0,86,29
2026-05-21 08:17:30,2026-05-21,6,篮球场-西场地南半场,10:30-11:30,1,1,已售/已满,教学时间,多云,17,12,5,0.0,86,29
2026-05-21 08:20:35,2026-05-21,6,篮球场-西场地南半场,10:30-11:30,1,1,已售/已满,教学时间,多云,17,14,4,0.0,85,29
2026-05-21 08:25:32,2026-05-21,6,篮球场-西场地南半场,10:30-11:30,1,1,已售/已满,教学时间,多云,17,14,4,0.0,85,28
2026-05-21 08:30:42,2026-05-21,6,篮球场-西场地南半场,10:30-11:30,1,1,已售/已满,教学时间,多云,18,15,4,0.0,84,28
2026-05-21 08:35:31,2026-05-21,6,篮球场-西场地南半场,10:30-11:30,1,1,已售/已满,教学时间,多云,18,15,4,0.0,84,28
2026-05-21 08:40:38,2026-05-21,6,篮球场-西场地南半场,10:30-11:30,1,1,已售/已满,教学时间,多云,18,15,4,0.0,82,28
2026-05-21 08:45:33,2026-05-21,6,篮球场-西场地南半场,10:30-11:30,1,1,已售/已满,教学时间,多云,18,15,4,0.0,82,28
2026-05-21 08:50:36,2026-05-21,6,篮球场-西场地南半场,10:30-11:30,1,1,已售/已满,教学时间,多云,18,15,4,0.0,82,28
2026-05-21 08:55:34,2026-05-21,6,篮球场-西场地南半场,10:30-11:30,1,1,已售/已满,教学时间,多云,18,15,4,0.0,84,28
2026-05-21 09:00:51,2026-05-21,6,篮球场-西场地南半场,10:30-11:30,1,1,已售/已满,教学时间,多云,18,15,4,0.0,84,28
2026-05-21 09:01:59,2026-05-21,6,篮球场-西场地南半场,10:30-11:30,1,1,已售/已满,教学时间,多云,18,15,4,0.0,83,28
2026-05-21 09:05:33,2026-05-21,6,篮球场-西场地南半场,10:30-11:30,1,1,已售/已满,教学时间,多云,18,15,4,0.0,83,28
2026-05-21 09:20:38,2026-05-21,6,篮球场-西场地南半场,10:30-11:30,1,1,已售/已满,教学时间,多云,18,16,3,0.0,81,28
2026-05-21 09:30:46,2026-05-21,6,篮球场-西场地南半场,10:30-11:30,1,1,已售/已满,教学时间,多云,18,16,3,0.0,81,32
2026-05-21 09:40:36,2026-05-21,6,篮球场-西场地南半场,10:30-11:30,1,1,已售/已满,教学时间,多云,19,17,3,0.0,79,32
2026-05-21 09:50:42,2026-05-21,6,篮球场-西场地南半场,10:30-11:30,1,1,已售/已满,教学时间,多云,19,17,4,0.0,81,32
2026-05-21 10:00:46,2026-05-21,6,篮球场-西场地南半场,10:30-11:30,1,1,已售/已满,教学时间,多云,19,17,4,0.0,79,32
2026-05-21 10:10:40,2026-05-21,6,篮球场-西场地南半场,10:30-11:30,1,1,已售/已满,教学时间,多云,19,17,4,0.0,79,32
2026-05-21 10:20:38,2026-05-21,6,篮球场-西场地南半场,10:30-11:30,1,1,已售/已满,教学时间,多云,19,17,4,0.0,79,32
2026-05-21 10:30:41,2026-05-21,6,篮球场-西场地南半场,10:30-11:30,1,1,已售/已满,教学时间,多云,19,18,3,0.0,78,31
2026-05-21 11:00:44,2026-05-21,6,篮球场-西场地南半场,10:30-11:30,1,1,已售/已满,教学时间,多云,21,17,5,0.0,74,31
2026-05-21 11:30:38,2026-05-21,6,篮球场-西场地南半场,10:30-11:30,1,1,已售/已满,教学时间,多云,21,19,3,0.0,72,33
2026-05-21 12:00:46,2026-05-21,6,篮球场-西场地南半场,10:30-11:30,1,1,已售/已满,教学时间,多云,22,19,4,0.0,70,33
2026-05-21 12:30:42,2026-05-21,6,篮球场-西场地南半场,10:30-11:30,1,1,已售/已满,教学时间,多云,22,21,3,0.0,68,35
2026-05-21 13:00:43,2026-05-21,6,篮球场-西场地南半场,10:30-11:30,1,1,已售/已满,教学时间,多云,24,22,4,0.0,66,35
2026-05-21 13:30:43,2026-05-21,6,篮球场-西场地南半场,10:30-11:30,1,1,已售/已满,教学时间,多云,24,22,4,0.0,66,36
2026-05-21 14:00:48,2026-05-21,6,篮球场-西场地南半场,10:30-11:30,1,1,已售/已满,教学时间,多云,25,23,4,0.0,66,36
2026-05-21 14:30:45,2026-05-21,6,篮球场-西场地南半场,10:30-11:30,1,1,已售/已满,教学时间,晴,25,25,3,0.0,65,39
2026-05-21 15:00:45,2026-05-21,6,篮球场-西场地南半场,10:30-11:30,1,1,已售/已满,教学时间,晴,25,22,4,0.0,56,39
2026-05-21 15:30:43,2026-05-21,6,篮球场-西场地南半场,10:30-11:30,1,1,已售/已满,教学时间,晴,25,23,4,0.0,57,40
2026-05-21 16:00:51,2026-05-21,6,篮球场-西场地南半场,10:30-11:30,1,1,已售/已满,教学时间,晴,25,23,4,0.0,57,40
2026-05-21 16:30:48,2026-05-21,6,篮球场-西场地南半场,10:30-11:30,1,1,已售/已满,教学时间,晴,25,24,3,0.0,60,39
2026-05-21 17:00:49,2026-05-21,6,篮球场-西场地南半场,10:30-11:30,1,1,已售/已满,教学时间,晴,25,24,4,0.0,61,39
2026-05-21 17:30:47,2026-05-21,6,篮球场-西场地南半场,10:30-11:30,1,1,已售/已满,教学时间,多云,24,23,3,0.0,64,39
2026-05-21 18:00:50,2026-05-21,6,篮球场-西场地南半场,10:30-11:30,1,1,已售/已满,教学时间,多云,24,23,3,0.0,68,39
2026-05-21 18:30:50,2026-05-21,6,篮球场-西场地南半场,10:30-11:30,1,1,已售/已满,教学时间,阴,24,25,2,0.0,68,40
2026-05-21 19:00:50,2026-05-21,6,篮球场-西场地南半场,10:30-11:30,1,1,已售/已满,教学时间,阴,23,23,3,0.0,76,40
2026-05-21 19:30:46,2026-05-21,6,篮球场-西场地南半场,10:30-11:30,1,1,已售/已满,教学时间,阴,23,24,2,0.0,77,39
2026-05-21 20:00:49,2026-05-21,6,篮球场-西场地南半场,10:30-11:30,1,1,已售/已满,教学时间,雾,22,23,2,0.0,89,39
2026-05-21 20:30:44,2026-05-21,6,篮球场-西场地南半场,10:30-11:30,1,1,已售/已满,教学时间,雾,22,24,2,0.0,93,43
2026-05-21 21:00:56,2026-05-21,6,篮球场-西场地南半场,10:30-11:30,1,1,已售/已满,教学时间,雾,20,21,2,0.0,98,43
2026-05-21 21:30:46,2026-05-21,6,篮球场-西场地南半场,10:30-11:30,1,1,已售/已满,教学时间,雾,20,22,1,0.0,99,41
2026-05-21 22:01:02,2026-05-21,6,篮球场-西场地南半场,10:30-11:30,1,1,已售/已满,教学时间,雾,19,20,2,0.0,93,41
2026-05-21 22:30:47,2026-05-21,6,篮球场-西场地南半场,10:30-11:30,1,1,已售/已满,教学时间,雾,19,19,3,0.0,88,46
2026-05-21 23:00:56,2026-05-21,6,篮球场-西场地南半场,10:30-11:30,1,1,已售/已满,教学时间,多云,18,17,3,0.0,85,46
2026-05-21 23:30:55,2026-05-21,6,篮球场-西场地南半场,10:30-11:30,1,1,已售/已满,教学时间,多云,18,17,3,0.0,85,48
2026-05-21 00:30:49,2026-05-21,6,篮球场-西场地南半场,14:00-15:00,1,1,已售/已满,教学时间,多云,15,13,3,0.0,100,26
2026-05-21 01:00:55,2026-05-21,6,篮球场-西场地南半场,14:00-15:00,1,1,已售/已满,教学时间,多云,15,12,4,0.0,100,26
2026-05-21 01:30:47,2026-05-21,6,篮球场-西场地南半场,14:00-15:00,1,1,已售/已满,教学时间,多云,15,13,4,0.0,100,28
2026-05-21 02:00:53,2026-05-21,6,篮球场-西场地南半场,14:00-15:00,1,1,已售/已满,教学时间,多云,15,12,4,0.0,100,28
2026-05-21 02:30:49,2026-05-21,6,篮球场-西场地南半场,14:00-15:00,1,1,已售/已满,教学时间,多云,15,14,3,0.0,100,29
2026-05-21 03:00:55,2026-05-21,6,篮球场-西场地南半场,14:00-15:00,1,1,已售/已满,教学时间,多云,15,12,4,0.0,100,29
2026-05-21 03:30:49,2026-05-21,6,篮球场-西场地南半场,14:00-15:00,1,1,已售/已满,教学时间,多云,15,14,3,0.0,100,30
2026-05-21 04:30:45,2026-05-21,6,篮球场-西场地南半场,14:00-15:00,1,1,已售/已满,教学时间,多云,15,12,4,0.0,100,29
2026-05-21 05:00:52,2026-05-21,6,篮球场-西场地南半场,14:00-15:00,1,1,已售/已满,教学时间,多云,15,12,4,0.0,100,29
2026-05-21 05:30:49,2026-05-21,6,篮球场-西场地南半场,14:00-15:00,1,1,已售/已满,教学时间,多云,15,13,3,0.0,100,28
2026-05-21 06:00:50,2026-05-21,6,篮球场-西场地南半场,14:00-15:00,1,1,已售/已满,教学时间,多云,15,13,4,0.0,99,28
2026-05-21 06:30:38,2026-05-21,6,篮球场-西场地南半场,14:00-15:00,1,1,已售/已满,教学时间,多云,15,13,3,0.0,97,28
2026-05-21 07:00:43,2026-05-21,6,篮球场-西场地南半场,14:00-15:00,1,1,已售/已满,教学时间,晴,15,11,5,0.0,93,28
2026-05-21 07:30:39,2026-05-21,6,篮球场-西场地南半场,14:00-15:00,1,1,已售/已满,教学时间,晴,17,13,4,0.0,89,29
2026-05-21 07:50:40,2026-05-21,6,篮球场-西场地南半场,14:00-15:00,1,1,已售/已满,教学时间,晴,17,13,4,0.0,88,29
2026-05-21 07:53:31,2026-05-21,6,篮球场-西场地南半场,14:00-15:00,1,1,已售/已满,教学时间,晴,17,12,5,0.0,86,29
2026-05-21 07:56:31,2026-05-21,6,篮球场-西场地南半场,14:00-15:00,1,1,已售/已满,教学时间,晴,17,12,5,0.0,86,29
2026-05-21 07:59:26,2026-05-21,6,篮球场-西场地南半场,14:00-15:00,1,1,已售/已满,教学时间,晴,17,12,5,0.0,86,29
2026-05-21 08:00:45,2026-05-21,6,篮球场-西场地南半场,14:00-15:00,1,1,已售/已满,教学时间,晴,17,12,5,0.0,86,29
2026-05-21 08:02:30,2026-05-21,6,篮球场-西场地南半场,14:00-15:00,1,1,已售/已满,教学时间,多云,17,12,5,0.0,87,29
2026-05-21 08:05:36,2026-05-21,6,篮球场-西场地南半场,14:00-15:00,1,1,已售/已满,教学时间,多云,17,12,5,0.0,86,29
2026-05-21 08:08:31,2026-05-21,6,篮球场-西场地南半场,14:00-15:00,1,1,已售/已满,教学时间,多云,17,12,5,0.0,86,29
2026-05-21 08:11:30,2026-05-21,6,篮球场-西场地南半场,14:00-15:00,1,1,已售/已满,教学时间,多云,17,12,5,0.0,86,29
2026-05-21 08:14:31,2026-05-21,6,篮球场-西场地南半场,14:00-15:00,1,1,已售/已满,教学时间,多云,17,12,5,0.0,86,29
2026-05-21 08:17:30,2026-05-21,6,篮球场-西场地南半场,14:00-15:00,1,1,已售/已满,教学时间,多云,17,12,5,0.0,86,29
2026-05-21 08:20:35,2026-05-21,6,篮球场-西场地南半场,14:00-15:00,1,1,已售/已满,教学时间,多云,17,14,4,0.0,85,29
2026-05-21 08:25:32,2026-05-21,6,篮球场-西场地南半场,14:00-15:00,1,1,已售/已满,教学时间,多云,17,14,4,0.0,85,28
2026-05-21 08:30:42,2026-05-21,6,篮球场-西场地南半场,14:00-15:00,1,1,已售/已满,教学时间,多云,18,15,4,0.0,84,28
2026-05-21 08:35:31,2026-05-21,6,篮球场-西场地南半场,14:00-15:00,1,1,已售/已满,教学时间,多云,18,15,4,0.0,84,28
2026-05-21 08:40:38,2026-05-21,6,篮球场-西场地南半场,14:00-15:00,1,1,已售/已满,教学时间,多云,18,15,4,0.0,82,28
2026-05-21 08:45:33,2026-05-21,6,篮球场-西场地南半场,14:00-15:00,1,1,已售/已满,教学时间,多云,18,15,4,0.0,82,28
2026-05-21 08:50:36,2026-05-21,6,篮球场-西场地南半场,14:00-15:00,1,1,已售/已满,教学时间,多云,18,15,4,0.0,82,28
2026-05-21 08:55:34,2026-05-21,6,篮球场-西场地南半场,14:00-15:00,1,1,已售/已满,教学时间,多云,18,15,4,0.0,84,28
2026-05-21 09:00:51,2026-05-21,6,篮球场-西场地南半场,14:00-15:00,1,1,已售/已满,教学时间,多云,18,15,4,0.0,84,28
2026-05-21 09:01:59,2026-05-21,6,篮球场-西场地南半场,14:00-15:00,1,1,已售/已满,教学时间,多云,18,15,4,0.0,83,28
2026-05-21 09:05:33,2026-05-21,6,篮球场-西场地南半场,14:00-15:00,1,1,已售/已满,教学时间,多云,18,15,4,0.0,83,28
2026-05-21 09:20:38,2026-05-21,6,篮球场-西场地南半场,14:00-15:00,1,1,已售/已满,教学时间,多云,18,16,3,0.0,81,28
2026-05-21 09:30:46,2026-05-21,6,篮球场-西场地南半场,14:00-15:00,1,1,已售/已满,教学时间,多云,18,16,3,0.0,81,32
2026-05-21 09:40:36,2026-05-21,6,篮球场-西场地南半场,14:00-15:00,1,1,已售/已满,教学时间,多云,19,17,3,0.0,79,32
2026-05-21 09:50:42,2026-05-21,6,篮球场-西场地南半场,14:00-15:00,1,1,已售/已满,教学时间,多云,19,17,4,0.0,81,32
2026-05-21 10:00:46,2026-05-21,6,篮球场-西场地南半场,14:00-15:00,1,1,已售/已满,教学时间,多云,19,17,4,0.0,79,32
2026-05-21 10:10:40,2026-05-21,6,篮球场-西场地南半场,14:00-15:00,1,1,已售/已满,教学时间,多云,19,17,4,0.0,79,32
2026-05-21 10:20:38,2026-05-21,6,篮球场-西场地南半场,14:00-15:00,1,1,已售/已满,教学时间,多云,19,17,4,0.0,79,32
2026-05-21 10:30:41,2026-05-21,6,篮球场-西场地南半场,14:00-15:00,1,1,已售/已满,教学时间,多云,19,18,3,0.0,78,31
2026-05-21 11:00:44,2026-05-21,6,篮球场-西场地南半场,14:00-15:00,1,1,已售/已满,教学时间,多云,21,17,5,0.0,74,31
2026-05-21 11:30:38,2026-05-21,6,篮球场-西场地南半场,14:00-15:00,1,1,已售/已满,教学时间,多云,21,19,3,0.0,72,33
2026-05-21 12:00:46,2026-05-21,6,篮球场-西场地南半场,14:00-15:00,1,1,已售/已满,教学时间,多云,22,19,4,0.0,70,33
2026-05-21 12:30:42,2026-05-21,6,篮球场-西场地南半场,14:00-15:00,1,1,已售/已满,教学时间,多云,22,21,3,0.0,68,35
2026-05-21 13:00:43,2026-05-21,6,篮球场-西场地南半场,14:00-15:00,1,1,已售/已满,教学时间,多云,24,22,4,0.0,66,35
2026-05-21 13:30:43,2026-05-21,6,篮球场-西场地南半场,14:00-15:00,1,1,已售/已满,教学时间,多云,24,22,4,0.0,66,36
2026-05-21 14:00:48,2026-05-21,6,篮球场-西场地南半场,14:00-15:00,1,1,已售/已满,教学时间,多云,25,23,4,0.0,66,36
2026-05-21 14:30:45,2026-05-21,6,篮球场-西场地南半场,14:00-15:00,1,1,已售/已满,教学时间,晴,25,25,3,0.0,65,39
2026-05-21 15:00:45,2026-05-21,6,篮球场-西场地南半场,14:00-15:00,1,1,已售/已满,教学时间,晴,25,22,4,0.0,56,39
2026-05-21 15:30:43,2026-05-21,6,篮球场-西场地南半场,14:00-15:00,1,1,已售/已满,教学时间,晴,25,23,4,0.0,57,40
2026-05-21 16:00:51,2026-05-21,6,篮球场-西场地南半场,14:00-15:00,1,1,已售/已满,教学时间,晴,25,23,4,0.0,57,40
2026-05-21 16:30:48,2026-05-21,6,篮球场-西场地南半场,14:00-15:00,1,1,已售/已满,教学时间,晴,25,24,3,0.0,60,39
2026-05-21 17:00:49,2026-05-21,6,篮球场-西场地南半场,14:00-15:00,1,1,已售/已满,教学时间,晴,25,24,4,0.0,61,39
2026-05-21 17:30:47,2026-05-21,6,篮球场-西场地南半场,14:00-15:00,1,1,已售/已满,教学时间,多云,24,23,3,0.0,64,39
2026-05-21 18:00:50,2026-05-21,6,篮球场-西场地南半场,14:00-15:00,1,1,已售/已满,教学时间,多云,24,23,3,0.0,68,39
2026-05-21 18:30:50,2026-05-21,6,篮球场-西场地南半场,14:00-15:00,1,1,已售/已满,教学时间,阴,24,25,2,0.0,68,40
2026-05-21 19:00:50,2026-05-21,6,篮球场-西场地南半场,14:00-15:00,1,1,已售/已满,教学时间,阴,23,23,3,0.0,76,40
2026-05-21 19:30:46,2026-05-21,6,篮球场-西场地南半场,14:00-15:00,1,1,已售/已满,教学时间,阴,23,24,2,0.0,77,39
2026-05-21 20:00:49,2026-05-21,6,篮球场-西场地南半场,14:00-15:00,1,1,已售/已满,教学时间,雾,22,23,2,0.0,89,39
2026-05-21 20:30:44,2026-05-21,6,篮球场-西场地南半场,14:00-15:00,1,1,已售/已满,教学时间,雾,22,24,2,0.0,93,43
2026-05-21 21:00:56,2026-05-21,6,篮球场-西场地南半场,14:00-15:00,1,1,已售/已满,教学时间,雾,20,21,2,0.0,98,43
2026-05-21 21:30:46,2026-05-21,6,篮球场-西场地南半场,14:00-15:00,1,1,已售/已满,教学时间,雾,20,22,1,0.0,99,41
2026-05-21 22:01:02,2026-05-21,6,篮球场-西场地南半场,14:00-15:00,1,1,已售/已满,教学时间,雾,19,20,2,0.0,93,41
2026-05-21 22:30:47,2026-05-21,6,篮球场-西场地南半场,14:00-15:00,1,1,已售/已满,教学时间,雾,19,19,3,0.0,88,46
2026-05-21 23:00:56,2026-05-21,6,篮球场-西场地南半场,14:00-15:00,1,1,已售/已满,教学时间,多云,18,17,3,0.0,85,46
2026-05-21 23:30:55,2026-05-21,6,篮球场-西场地南半场,14:00-15:00,1,1,已售/已满,教学时间,多云,18,17,3,0.0,85,48
2026-05-21 00:30:49,2026-05-21,6,篮球场-西场地南半场,15:00-16:00,1,1,已售/已满,教学时间,多云,15,13,3,0.0,100,26
2026-05-21 01:00:55,2026-05-21,6,篮球场-西场地南半场,15:00-16:00,1,1,已售/已满,教学时间,多云,15,12,4,0.0,100,26
2026-05-21 01:30:47,2026-05-21,6,篮球场-西场地南半场,15:00-16:00,1,1,已售/已满,教学时间,多云,15,13,4,0.0,100,28
2026-05-21 02:00:53,2026-05-21,6,篮球场-西场地南半场,15:00-16:00,1,1,已售/已满,教学时间,多云,15,12,4,0.0,100,28
2026-05-21 02:30:49,2026-05-21,6,篮球场-西场地南半场,15:00-16:00,1,1,已售/已满,教学时间,多云,15,14,3,0.0,100,29
2026-05-21 03:00:55,2026-05-21,6,篮球场-西场地南半场,15:00-16:00,1,1,已售/已满,教学时间,多云,15,12,4,0.0,100,29
2026-05-21 03:30:49,2026-05-21,6,篮球场-西场地南半场,15:00-16:00,1,1,已售/已满,教学时间,多云,15,14,3,0.0,100,30
2026-05-21 04:30:45,2026-05-21,6,篮球场-西场地南半场,15:00-16:00,1,1,已售/已满,教学时间,多云,15,12,4,0.0,100,29
2026-05-21 05:00:52,2026-05-21,6,篮球场-西场地南半场,15:00-16:00,1,1,已售/已满,教学时间,多云,15,12,4,0.0,100,29
2026-05-21 05:30:49,2026-05-21,6,篮球场-西场地南半场,15:00-16:00,1,1,已售/已满,教学时间,多云,15,13,3,0.0,100,28
2026-05-21 06:00:50,2026-05-21,6,篮球场-西场地南半场,15:00-16:00,1,1,已售/已满,教学时间,多云,15,13,4,0.0,99,28
2026-05-21 06:30:38,2026-05-21,6,篮球场-西场地南半场,15:00-16:00,1,1,已售/已满,教学时间,多云,15,13,3,0.0,97,28
2026-05-21 07:00:43,2026-05-21,6,篮球场-西场地南半场,15:00-16:00,1,1,已售/已满,教学时间,晴,15,11,5,0.0,93,28
2026-05-21 07:30:39,2026-05-21,6,篮球场-西场地南半场,15:00-16:00,1,1,已售/已满,教学时间,晴,17,13,4,0.0,89,29
2026-05-21 07:50:40,2026-05-21,6,篮球场-西场地南半场,15:00-16:00,1,1,已售/已满,教学时间,晴,17,13,4,0.0,88,29
2026-05-21 07:53:31,2026-05-21,6,篮球场-西场地南半场,15:00-16:00,1,1,已售/已满,教学时间,晴,17,12,5,0.0,86,29
2026-05-21 07:56:31,2026-05-21,6,篮球场-西场地南半场,15:00-16:00,1,1,已售/已满,教学时间,晴,17,12,5,0.0,86,29
2026-05-21 07:59:26,2026-05-21,6,篮球场-西场地南半场,15:00-16:00,1,1,已售/已满,教学时间,晴,17,12,5,0.0,86,29
2026-05-21 08:00:45,2026-05-21,6,篮球场-西场地南半场,15:00-16:00,1,1,已售/已满,教学时间,晴,17,12,5,0.0,86,29
2026-05-21 08:02:30,2026-05-21,6,篮球场-西场地南半场,15:00-16:00,1,1,已售/已满,教学时间,多云,17,12,5,0.0,87,29
2026-05-21 08:05:36,2026-05-21,6,篮球场-西场地南半场,15:00-16:00,1,1,已售/已满,教学时间,多云,17,12,5,0.0,86,29
2026-05-21 08:08:31,2026-05-21,6,篮球场-西场地南半场,15:00-16:00,1,1,已售/已满,教学时间,多云,17,12,5,0.0,86,29
2026-05-21 08:11:30,2026-05-21,6,篮球场-西场地南半场,15:00-16:00,1,1,已售/已满,教学时间,多云,17,12,5,0.0,86,29
2026-05-21 08:14:31,2026-05-21,6,篮球场-西场地南半场,15:00-16:00,1,1,已售/已满,教学时间,多云,17,12,5,0.0,86,29
2026-05-21 08:17:30,2026-05-21,6,篮球场-西场地南半场,15:00-16:00,1,1,已售/已满,教学时间,多云,17,12,5,0.0,86,29
2026-05-21 08:20:35,2026-05-21,6,篮球场-西场地南半场,15:00-16:00,1,1,已售/已满,教学时间,多云,17,14,4,0.0,85,29
2026-05-21 08:25:32,2026-05-21,6,篮球场-西场地南半场,15:00-16:00,1,1,已售/已满,教学时间,多云,17,14,4,0.0,85,28
2026-05-21 08:30:42,2026-05-21,6,篮球场-西场地南半场,15:00-16:00,1,1,已售/已满,教学时间,多云,18,15,4,0.0,84,28
2026-05-21 08:35:31,2026-05-21,6,篮球场-西场地南半场,15:00-16:00,1,1,已售/已满,教学时间,多云,18,15,4,0.0,84,28
2026-05-21 08:40:38,2026-05-21,6,篮球场-西场地南半场,15:00-16:00,1,1,已售/已满,教学时间,多云,18,15,4,0.0,82,28
2026-05-21 08:45:33,2026-05-21,6,篮球场-西场地南半场,15:00-16:00,1,1,已售/已满,教学时间,多云,18,15,4,0.0,82,28
2026-05-21 08:50:36,2026-05-21,6,篮球场-西场地南半场,15:00-16:00,1,1,已售/已满,教学时间,多云,18,15,4,0.0,82,28
2026-05-21 08:55:34,2026-05-21,6,篮球场-西场地南半场,15:00-16:00,1,1,已售/已满,教学时间,多云,18,15,4,0.0,84,28
2026-05-21 09:00:51,2026-05-21,6,篮球场-西场地南半场,15:00-16:00,1,1,已售/已满,教学时间,多云,18,15,4,0.0,84,28
2026-05-21 09:01:59,2026-05-21,6,篮球场-西场地南半场,15:00-16:00,1,1,已售/已满,教学时间,多云,18,15,4,0.0,83,28
2026-05-21 09:05:33,2026-05-21,6,篮球场-西场地南半场,15:00-16:00,1,1,已售/已满,教学时间,多云,18,15,4,0.0,83,28
2026-05-21 09:20:38,2026-05-21,6,篮球场-西场地南半场,15:00-16:00,1,1,已售/已满,教学时间,多云,18,16,3,0.0,81,28
2026-05-21 09:30:46,2026-05-21,6,篮球场-西场地南半场,15:00-16:00,1,1,已售/已满,教学时间,多云,18,16,3,0.0,81,32
2026-05-21 09:40:36,2026-05-21,6,篮球场-西场地南半场,15:00-16:00,1,1,已售/已满,教学时间,多云,19,17,3,0.0,79,32
2026-05-21 09:50:42,2026-05-21,6,篮球场-西场地南半场,15:00-16:00,1,1,已售/已满,教学时间,多云,19,17,4,0.0,81,32
2026-05-21 10:00:46,2026-05-21,6,篮球场-西场地南半场,15:00-16:00,1,1,已售/已满,教学时间,多云,19,17,4,0.0,79,32
2026-05-21 10:10:40,2026-05-21,6,篮球场-西场地南半场,15:00-16:00,1,1,已售/已满,教学时间,多云,19,17,4,0.0,79,32
2026-05-21 10:20:38,2026-05-21,6,篮球场-西场地南半场,15:00-16:00,1,1,已售/已满,教学时间,多云,19,17,4,0.0,79,32
2026-05-21 10:30:41,2026-05-21,6,篮球场-西场地南半场,15:00-16:00,1,1,已售/已满,教学时间,多云,19,18,3,0.0,78,31
2026-05-21 11:00:44,2026-05-21,6,篮球场-西场地南半场,15:00-16:00,1,1,已售/已满,教学时间,多云,21,17,5,0.0,74,31
2026-05-21 11:30:38,2026-05-21,6,篮球场-西场地南半场,15:00-16:00,1,1,已售/已满,教学时间,多云,21,19,3,0.0,72,33
2026-05-21 12:00:46,2026-05-21,6,篮球场-西场地南半场,15:00-16:00,1,1,已售/已满,教学时间,多云,22,19,4,0.0,70,33
2026-05-21 12:30:42,2026-05-21,6,篮球场-西场地南半场,15:00-16:00,1,1,已售/已满,教学时间,多云,22,21,3,0.0,68,35
2026-05-21 13:00:43,2026-05-21,6,篮球场-西场地南半场,15:00-16:00,1,1,已售/已满,教学时间,多云,24,22,4,0.0,66,35
2026-05-21 13:30:43,2026-05-21,6,篮球场-西场地南半场,15:00-16:00,1,1,已售/已满,教学时间,多云,24,22,4,0.0,66,36
2026-05-21 14:00:48,2026-05-21,6,篮球场-西场地南半场,15:00-16:00,1,1,已售/已满,教学时间,多云,25,23,4,0.0,66,36
2026-05-21 14:30:45,2026-05-21,6,篮球场-西场地南半场,15:00-16:00,1,1,已售/已满,教学时间,晴,25,25,3,0.0,65,39
2026-05-21 15:00:45,2026-05-21,6,篮球场-西场地南半场,15:00-16:00,1,1,已售/已满,教学时间,晴,25,22,4,0.0,56,39
2026-05-21 15:30:43,2026-05-21,6,篮球场-西场地南半场,15:00-16:00,1,1,已售/已满,教学时间,晴,25,23,4,0.0,57,40
2026-05-21 16:00:51,2026-05-21,6,篮球场-西场地南半场,15:00-16:00,1,1,已售/已满,教学时间,晴,25,23,4,0.0,57,40
2026-05-21 16:30:48,2026-05-21,6,篮球场-西场地南半场,15:00-16:00,1,1,已售/已满,教学时间,晴,25,24,3,0.0,60,39
2026-05-21 17:00:49,2026-05-21,6,篮球场-西场地南半场,15:00-16:00,1,1,已售/已满,教学时间,晴,25,24,4,0.0,61,39
2026-05-21 17:30:47,2026-05-21,6,篮球场-西场地南半场,15:00-16:00,1,1,已售/已满,教学时间,多云,24,23,3,0.0,64,39
2026-05-21 18:00:50,2026-05-21,6,篮球场-西场地南半场,15:00-16:00,1,1,已售/已满,教学时间,多云,24,23,3,0.0,68,39
2026-05-21 18:30:50,2026-05-21,6,篮球场-西场地南半场,15:00-16:00,1,1,已售/已满,教学时间,阴,24,25,2,0.0,68,40
2026-05-21 19:00:50,2026-05-21,6,篮球场-西场地南半场,15:00-16:00,1,1,已售/已满,教学时间,阴,23,23,3,0.0,76,40
2026-05-21 19:30:46,2026-05-21,6,篮球场-西场地南半场,15:00-16:00,1,1,已售/已满,教学时间,阴,23,24,2,0.0,77,39
2026-05-21 20:00:49,2026-05-21,6,篮球场-西场地南半场,15:00-16:00,1,1,已售/已满,教学时间,雾,22,23,2,0.0,89,39
2026-05-21 20:30:44,2026-05-21,6,篮球场-西场地南半场,15:00-16:00,1,1,已售/已满,教学时间,雾,22,24,2,0.0,93,43
2026-05-21 21:00:56,2026-05-21,6,篮球场-西场地南半场,15:00-16:00,1,1,已售/已满,教学时间,雾,20,21,2,0.0,98,43
2026-05-21 21:30:46,2026-05-21,6,篮球场-西场地南半场,15:00-16:00,1,1,已售/已满,教学时间,雾,20,22,1,0.0,99,41
2026-05-21 22:01:02,2026-05-21,6,篮球场-西场地南半场,15:00-16:00,1,1,已售/已满,教学时间,雾,19,20,2,0.0,93,41
2026-05-21 22:30:47,2026-05-21,6,篮球场-西场地南半场,15:00-16:00,1,1,已售/已满,教学时间,雾,19,19,3,0.0,88,46
2026-05-21 23:00:56,2026-05-21,6,篮球场-西场地南半场,15:00-16:00,1,1,已售/已满,教学时间,多云,18,17,3,0.0,85,46
2026-05-21 23:30:55,2026-05-21,6,篮球场-西场地南半场,15:00-16:00,1,1,已售/已满,教学时间,多云,18,17,3,0.0,85,48
2026-05-21 00:30:49,2026-05-21,6,篮球场-西场地南半场,16:00-17:00,0,1,可预约,￥50.0,多云,15,13,3,0.0,100,26
2026-05-21 01:00:55,2026-05-21,6,篮球场-西场地南半场,16:00-17:00,0,1,可预约,￥50.0,多云,15,12,4,0.0,100,26
2026-05-21 01:30:47,2026-05-21,6,篮球场-西场地南半场,16:00-17:00,0,1,可预约,￥50.0,多云,15,13,4,0.0,100,28
2026-05-21 02:00:53,2026-05-21,6,篮球场-西场地南半场,16:00-17:00,0,1,可预约,￥50.0,多云,15,12,4,0.0,100,28
2026-05-21 02:30:49,2026-05-21,6,篮球场-西场地南半场,16:00-17:00,0,1,可预约,￥50.0,多云,15,14,3,0.0,100,29
2026-05-21 03:00:55,2026-05-21,6,篮球场-西场地南半场,16:00-17:00,0,1,可预约,￥50.0,多云,15,12,4,0.0,100,29
2026-05-21 03:30:49,2026-05-21,6,篮球场-西场地南半场,16:00-17:00,0,1,可预约,￥50.0,多云,15,14,3,0.0,100,30
2026-05-21 04:30:45,2026-05-21,6,篮球场-西场地南半场,16:00-17:00,0,1,可预约,￥50.0,多云,15,12,4,0.0,100,29
2026-05-21 05:00:52,2026-05-21,6,篮球场-西场地南半场,16:00-17:00,0,1,可预约,￥50.0,多云,15,12,4,0.0,100,29
2026-05-21 05:30:49,2026-05-21,6,篮球场-西场地南半场,16:00-17:00,0,1,可预约,￥50.0,多云,15,13,3,0.0,100,28
2026-05-21 06:00:50,2026-05-21,6,篮球场-西场地南半场,16:00-17:00,0,1,可预约,￥50.0,多云,15,13,4,0.0,99,28
2026-05-21 06:30:38,2026-05-21,6,篮球场-西场地南半场,16:00-17:00,0,1,可预约,￥50.0,多云,15,13,3,0.0,97,28
2026-05-21 07:00:43,2026-05-21,6,篮球场-西场地南半场,16:00-17:00,0,1,可预约,￥50.0,晴,15,11,5,0.0,93,28
2026-05-21 07:30:39,2026-05-21,6,篮球场-西场地南半场,16:00-17:00,0,1,可预约,￥50.0,晴,17,13,4,0.0,89,29
2026-05-21 07:50:40,2026-05-21,6,篮球场-西场地南半场,16:00-17:00,0,1,可预约,￥50.0,晴,17,13,4,0.0,88,29
2026-05-21 07:53:31,2026-05-21,6,篮球场-西场地南半场,16:00-17:00,0,1,可预约,￥50.0,晴,17,12,5,0.0,86,29
2026-05-21 07:56:31,2026-05-21,6,篮球场-西场地南半场,16:00-17:00,0,1,可预约,￥50.0,晴,17,12,5,0.0,86,29
2026-05-21 07:59:26,2026-05-21,6,篮球场-西场地南半场,16:00-17:00,0,1,可预约,￥50.0,晴,17,12,5,0.0,86,29
2026-05-21 08:00:45,2026-05-21,6,篮球场-西场地南半场,16:00-17:00,0,1,可预约,￥50.0,晴,17,12,5,0.0,86,29
2026-05-21 08:02:30,2026-05-21,6,篮球场-西场地南半场,16:00-17:00,0,1,可预约,￥50.0,多云,17,12,5,0.0,87,29
2026-05-21 08:05:36,2026-05-21,6,篮球场-西场地南半场,16:00-17:00,0,1,可预约,￥50.0,多云,17,12,5,0.0,86,29
2026-05-21 08:08:31,2026-05-21,6,篮球场-西场地南半场,16:00-17:00,0,1,可预约,￥50.0,多云,17,12,5,0.0,86,29
2026-05-21 08:11:30,2026-05-21,6,篮球场-西场地南半场,16:00-17:00,0,1,可预约,￥50.0,多云,17,12,5,0.0,86,29
2026-05-21 08:14:31,2026-05-21,6,篮球场-西场地南半场,16:00-17:00,0,1,可预约,￥50.0,多云,17,12,5,0.0,86,29
2026-05-21 08:17:30,2026-05-21,6,篮球场-西场地南半场,16:00-17:00,0,1,可预约,￥50.0,多云,17,12,5,0.0,86,29
2026-05-21 08:20:35,2026-05-21,6,篮球场-西场地南半场,16:00-17:00,0,1,可预约,￥50.0,多云,17,14,4,0.0,85,29
2026-05-21 08:25:32,2026-05-21,6,篮球场-西场地南半场,16:00-17:00,0,1,可预约,￥50.0,多云,17,14,4,0.0,85,28
2026-05-21 08:30:42,2026-05-21,6,篮球场-西场地南半场,16:00-17:00,0,1,可预约,￥50.0,多云,18,15,4,0.0,84,28
2026-05-21 08:35:31,2026-05-21,6,篮球场-西场地南半场,16:00-17:00,0,1,可预约,￥50.0,多云,18,15,4,0.0,84,28
2026-05-21 08:40:38,2026-05-21,6,篮球场-西场地南半场,16:00-17:00,0,1,可预约,￥50.0,多云,18,15,4,0.0,82,28
2026-05-21 08:45:33,2026-05-21,6,篮球场-西场地南半场,16:00-17:00,0,1,可预约,￥50.0,多云,18,15,4,0.0,82,28
2026-05-21 08:50:36,2026-05-21,6,篮球场-西场地南半场,16:00-17:00,0,1,可预约,￥50.0,多云,18,15,4,0.0,82,28
2026-05-21 08:55:34,2026-05-21,6,篮球场-西场地南半场,16:00-17:00,0,1,可预约,￥50.0,多云,18,15,4,0.0,84,28
2026-05-21 09:00:51,2026-05-21,6,篮球场-西场地南半场,16:00-17:00,0,1,可预约,￥50.0,多云,18,15,4,0.0,84,28
2026-05-21 09:01:59,2026-05-21,6,篮球场-西场地南半场,16:00-17:00,0,1,可预约,￥50.0,多云,18,15,4,0.0,83,28
2026-05-21 09:05:33,2026-05-21,6,篮球场-西场地南半场,16:00-17:00,0,1,可预约,￥50.0,多云,18,15,4,0.0,83,28
2026-05-21 09:20:38,2026-05-21,6,篮球场-西场地南半场,16:00-17:00,0,1,可预约,￥50.0,多云,18,16,3,0.0,81,28
2026-05-21 09:30:46,2026-05-21,6,篮球场-西场地南半场,16:00-17:00,0,1,可预约,￥50.0,多云,18,16,3,0.0,81,32
2026-05-21 09:40:36,2026-05-21,6,篮球场-西场地南半场,16:00-17:00,0,1,可预约,￥50.0,多云,19,17,3,0.0,79,32
2026-05-21 09:50:42,2026-05-21,6,篮球场-西场地南半场,16:00-17:00,0,1,可预约,￥50.0,多云,19,17,4,0.0,81,32
2026-05-21 10:00:46,2026-05-21,6,篮球场-西场地南半场,16:00-17:00,0,1,可预约,￥50.0,多云,19,17,4,0.0,79,32
2026-05-21 10:10:40,2026-05-21,6,篮球场-西场地南半场,16:00-17:00,0,1,可预约,￥50.0,多云,19,17,4,0.0,79,32
2026-05-21 10:20:38,2026-05-21,6,篮球场-西场地南半场,16:00-17:00,0,1,可预约,￥50.0,多云,19,17,4,0.0,79,32
2026-05-21 10:30:41,2026-05-21,6,篮球场-西场地南半场,16:00-17:00,0,1,可预约,￥50.0,多云,19,18,3,0.0,78,31
2026-05-21 11:00:44,2026-05-21,6,篮球场-西场地南半场,16:00-17:00,0,1,可预约,￥50.0,多云,21,17,5,0.0,74,31
2026-05-21 11:30:38,2026-05-21,6,篮球场-西场地南半场,16:00-17:00,0,1,可预约,￥50.0,多云,21,19,3,0.0,72,33
2026-05-21 12:00:46,2026-05-21,6,篮球场-西场地南半场,16:00-17:00,0,1,可预约,￥50.0,多云,22,19,4,0.0,70,33
2026-05-21 12:30:42,2026-05-21,6,篮球场-西场地南半场,16:00-17:00,0,1,可预约,￥50.0,多云,22,21,3,0.0,68,35
2026-05-21 13:00:43,2026-05-21,6,篮球场-西场地南半场,16:00-17:00,0,1,可预约,￥50.0,多云,24,22,4,0.0,66,35
2026-05-21 13:30:43,2026-05-21,6,篮球场-西场地南半场,16:00-17:00,0,1,可预约,￥50.0,多云,24,22,4,0.0,66,36
2026-05-21 14:00:48,2026-05-21,6,篮球场-西场地南半场,16:00-17:00,0,1,可预约,￥50.0,多云,25,23,4,0.0,66,36
2026-05-21 14:30:45,2026-05-21,6,篮球场-西场地南半场,16:00-17:00,0,1,可预约,￥50.0,晴,25,25,3,0.0,65,39
2026-05-21 15:00:45,2026-05-21,6,篮球场-西场地南半场,16:00-17:00,0,1,可预约,￥50.0,晴,25,22,4,0.0,56,39
2026-05-21 15:30:43,2026-05-21,6,篮球场-西场地南半场,16:00-17:00,0,1,可预约,￥50.0,晴,25,23,4,0.0,57,40
2026-05-21 16:00:51,2026-05-21,6,篮球场-西场地南半场,16:00-17:00,0,1,可预约,￥50.0,晴,25,23,4,0.0,57,40
2026-05-21 16:30:48,2026-05-21,6,篮球场-西场地南半场,16:00-17:00,0,1,可预约,￥50.0,晴,25,24,3,0.0,60,39
2026-05-21 17:00:49,2026-05-21,6,篮球场-西场地南半场,16:00-17:00,0,1,不开放/已过期,,晴,25,24,4,0.0,61,39
2026-05-21 17:30:47,2026-05-21,6,篮球场-西场地南半场,16:00-17:00,0,1,不开放/已过期,,多云,24,23,3,0.0,64,39
2026-05-21 18:00:50,2026-05-21,6,篮球场-西场地南半场,16:00-17:00,0,1,不开放/已过期,,多云,24,23,3,0.0,68,39
2026-05-21 18:30:50,2026-05-21,6,篮球场-西场地南半场,16:00-17:00,0,1,不开放/已过期,,阴,24,25,2,0.0,68,40
2026-05-21 19:00:50,2026-05-21,6,篮球场-西场地南半场,16:00-17:00,0,1,不开放/已过期,,阴,23,23,3,0.0,76,40
2026-05-21 19:30:46,2026-05-21,6,篮球场-西场地南半场,16:00-17:00,0,1,不开放/已过期,,阴,23,24,2,0.0,77,39
2026-05-21 20:00:49,2026-05-21,6,篮球场-西场地南半场,16:00-17:00,0,1,不开放/已过期,,雾,22,23,2,0.0,89,39
2026-05-21 20:30:44,2026-05-21,6,篮球场-西场地南半场,16:00-17:00,0,1,不开放/已过期,,雾,22,24,2,0.0,93,43
2026-05-21 21:00:56,2026-05-21,6,篮球场-西场地南半场,16:00-17:00,0,1,不开放/已过期,,雾,20,21,2,0.0,98,43
2026-05-21 21:30:46,2026-05-21,6,篮球场-西场地南半场,16:00-17:00,0,1,不开放/已过期,,雾,20,22,1,0.0,99,41
2026-05-21 22:01:02,2026-05-21,6,篮球场-西场地南半场,16:00-17:00,0,1,不开放/已过期,,雾,19,20,2,0.0,93,41
2026-05-21 22:30:47,2026-05-21,6,篮球场-西场地南半场,16:00-17:00,0,1,不开放/已过期,,雾,19,19,3,0.0,88,46
2026-05-21 23:00:56,2026-05-21,6,篮球场-西场地南半场,16:00-17:00,0,1,不开放/已过期,,多云,18,17,3,0.0,85,46
2026-05-21 23:30:55,2026-05-21,6,篮球场-西场地南半场,16:00-17:00,0,1,不开放/已过期,,多云,18,17,3,0.0,85,48
2026-05-21 00:30:49,2026-05-21,6,篮球场-西场地南半场,19:00-20:00,0,1,可预约,￥50.0,多云,15,13,3,0.0,100,26
2026-05-21 01:00:55,2026-05-21,6,篮球场-西场地南半场,19:00-20:00,0,1,可预约,￥50.0,多云,15,12,4,0.0,100,26
2026-05-21 01:30:47,2026-05-21,6,篮球场-西场地南半场,19:00-20:00,0,1,可预约,￥50.0,多云,15,13,4,0.0,100,28
2026-05-21 02:00:53,2026-05-21,6,篮球场-西场地南半场,19:00-20:00,0,1,可预约,￥50.0,多云,15,12,4,0.0,100,28
2026-05-21 02:30:49,2026-05-21,6,篮球场-西场地南半场,19:00-20:00,0,1,可预约,￥50.0,多云,15,14,3,0.0,100,29
2026-05-21 03:00:55,2026-05-21,6,篮球场-西场地南半场,19:00-20:00,0,1,可预约,￥50.0,多云,15,12,4,0.0,100,29
2026-05-21 03:30:49,2026-05-21,6,篮球场-西场地南半场,19:00-20:00,0,1,可预约,￥50.0,多云,15,14,3,0.0,100,30
2026-05-21 04:30:45,2026-05-21,6,篮球场-西场地南半场,19:00-20:00,0,1,可预约,￥50.0,多云,15,12,4,0.0,100,29
2026-05-21 05:00:52,2026-05-21,6,篮球场-西场地南半场,19:00-20:00,0,1,可预约,￥50.0,多云,15,12,4,0.0,100,29
2026-05-21 05:30:49,2026-05-21,6,篮球场-西场地南半场,19:00-20:00,0,1,可预约,￥50.0,多云,15,13,3,0.0,100,28
2026-05-21 06:00:50,2026-05-21,6,篮球场-西场地南半场,19:00-20:00,0,1,可预约,￥50.0,多云,15,13,4,0.0,99,28
2026-05-21 06:30:38,2026-05-21,6,篮球场-西场地南半场,19:00-20:00,0,1,可预约,￥50.0,多云,15,13,3,0.0,97,28
2026-05-21 07:00:43,2026-05-21,6,篮球场-西场地南半场,19:00-20:00,0,1,可预约,￥50.0,晴,15,11,5,0.0,93,28
2026-05-21 07:30:39,2026-05-21,6,篮球场-西场地南半场,19:00-20:00,0,1,可预约,￥50.0,晴,17,13,4,0.0,89,29
2026-05-21 07:50:40,2026-05-21,6,篮球场-西场地南半场,19:00-20:00,0,1,可预约,￥50.0,晴,17,13,4,0.0,88,29
2026-05-21 07:53:31,2026-05-21,6,篮球场-西场地南半场,19:00-20:00,0,1,可预约,￥50.0,晴,17,12,5,0.0,86,29
2026-05-21 07:56:31,2026-05-21,6,篮球场-西场地南半场,19:00-20:00,0,1,可预约,￥50.0,晴,17,12,5,0.0,86,29
2026-05-21 07:59:26,2026-05-21,6,篮球场-西场地南半场,19:00-20:00,0,1,可预约,￥50.0,晴,17,12,5,0.0,86,29
2026-05-21 08:00:45,2026-05-21,6,篮球场-西场地南半场,19:00-20:00,0,1,可预约,￥50.0,晴,17,12,5,0.0,86,29
2026-05-21 08:02:30,2026-05-21,6,篮球场-西场地南半场,19:00-20:00,0,1,可预约,￥50.0,多云,17,12,5,0.0,87,29
2026-05-21 08:05:36,2026-05-21,6,篮球场-西场地南半场,19:00-20:00,0,1,可预约,￥50.0,多云,17,12,5,0.0,86,29
2026-05-21 08:08:31,2026-05-21,6,篮球场-西场地南半场,19:00-20:00,0,1,可预约,￥50.0,多云,17,12,5,0.0,86,29
2026-05-21 08:11:30,2026-05-21,6,篮球场-西场地南半场,19:00-20:00,0,1,可预约,￥50.0,多云,17,12,5,0.0,86,29
2026-05-21 08:14:31,2026-05-21,6,篮球场-西场地南半场,19:00-20:00,0,1,可预约,￥50.0,多云,17,12,5,0.0,86,29
2026-05-21 08:17:30,2026-05-21,6,篮球场-西场地南半场,19:00-20:00,0,1,可预约,￥50.0,多云,17,12,5,0.0,86,29
2026-05-21 08:20:35,2026-05-21,6,篮球场-西场地南半场,19:00-20:00,0,1,可预约,￥50.0,多云,17,14,4,0.0,85,29
2026-05-21 08:25:32,2026-05-21,6,篮球场-西场地南半场,19:00-20:00,0,1,可预约,￥50.0,多云,17,14,4,0.0,85,28
2026-05-21 08:30:42,2026-05-21,6,篮球场-西场地南半场,19:00-20:00,0,1,可预约,￥50.0,多云,18,15,4,0.0,84,28
2026-05-21 08:35:31,2026-05-21,6,篮球场-西场地南半场,19:00-20:00,0,1,可预约,￥50.0,多云,18,15,4,0.0,84,28
2026-05-21 08:40:38,2026-05-21,6,篮球场-西场地南半场,19:00-20:00,0,1,可预约,￥50.0,多云,18,15,4,0.0,82,28
2026-05-21 08:45:33,2026-05-21,6,篮球场-西场地南半场,19:00-20:00,0,1,可预约,￥50.0,多云,18,15,4,0.0,82,28
2026-05-21 08:50:36,2026-05-21,6,篮球场-西场地南半场,19:00-20:00,0,1,可预约,￥50.0,多云,18,15,4,0.0,82,28
2026-05-21 08:55:34,2026-05-21,6,篮球场-西场地南半场,19:00-20:00,0,1,可预约,￥50.0,多云,18,15,4,0.0,84,28
2026-05-21 09:00:51,2026-05-21,6,篮球场-西场地南半场,19:00-20:00,0,1,可预约,￥50.0,多云,18,15,4,0.0,84,28
2026-05-21 09:01:59,2026-05-21,6,篮球场-西场地南半场,19:00-20:00,0,1,可预约,￥50.0,多云,18,15,4,0.0,83,28
2026-05-21 09:05:33,2026-05-21,6,篮球场-西场地南半场,19:00-20:00,0,1,可预约,￥50.0,多云,18,15,4,0.0,83,28
2026-05-21 09:20:38,2026-05-21,6,篮球场-西场地南半场,19:00-20:00,0,1,可预约,￥50.0,多云,18,16,3,0.0,81,28
2026-05-21 09:30:46,2026-05-21,6,篮球场-西场地南半场,19:00-20:00,0,1,可预约,￥50.0,多云,18,16,3,0.0,81,32
2026-05-21 09:40:36,2026-05-21,6,篮球场-西场地南半场,19:00-20:00,0,1,可预约,￥50.0,多云,19,17,3,0.0,79,32
2026-05-21 09:50:42,2026-05-21,6,篮球场-西场地南半场,19:00-20:00,0,1,可预约,￥50.0,多云,19,17,4,0.0,81,32
2026-05-21 10:00:46,2026-05-21,6,篮球场-西场地南半场,19:00-20:00,0,1,可预约,￥50.0,多云,19,17,4,0.0,79,32
2026-05-21 10:10:40,2026-05-21,6,篮球场-西场地南半场,19:00-20:00,0,1,可预约,￥50.0,多云,19,17,4,0.0,79,32
2026-05-21 10:20:38,2026-05-21,6,篮球场-西场地南半场,19:00-20:00,0,1,可预约,￥50.0,多云,19,17,4,0.0,79,32
2026-05-21 10:30:41,2026-05-21,6,篮球场-西场地南半场,19:00-20:00,0,1,可预约,￥50.0,多云,19,18,3,0.0,78,31
2026-05-21 11:00:44,2026-05-21,6,篮球场-西场地南半场,19:00-20:00,0,1,可预约,￥50.0,多云,21,17,5,0.0,74,31
2026-05-21 11:30:38,2026-05-21,6,篮球场-西场地南半场,19:00-20:00,0,1,可预约,￥50.0,多云,21,19,3,0.0,72,33
2026-05-21 12:00:46,2026-05-21,6,篮球场-西场地南半场,19:00-20:00,0,1,可预约,￥50.0,多云,22,19,4,0.0,70,33
2026-05-21 12:30:42,2026-05-21,6,篮球场-西场地南半场,19:00-20:00,0,1,可预约,￥50.0,多云,22,21,3,0.0,68,35
2026-05-21 13:00:43,2026-05-21,6,篮球场-西场地南半场,19:00-20:00,0,1,可预约,￥50.0,多云,24,22,4,0.0,66,35
2026-05-21 13:30:43,2026-05-21,6,篮球场-西场地南半场,19:00-20:00,0,1,可预约,￥50.0,多云,24,22,4,0.0,66,36
2026-05-21 14:00:48,2026-05-21,6,篮球场-西场地南半场,19:00-20:00,0,1,可预约,￥50.0,多云,25,23,4,0.0,66,36
2026-05-21 14:30:45,2026-05-21,6,篮球场-西场地南半场,19:00-20:00,0,1,可预约,￥50.0,晴,25,25,3,0.0,65,39
2026-05-21 15:00:45,2026-05-21,6,篮球场-西场地南半场,19:00-20:00,0,1,可预约,￥50.0,晴,25,22,4,0.0,56,39
2026-05-21 15:30:43,2026-05-21,6,篮球场-西场地南半场,19:00-20:00,0,1,可预约,￥50.0,晴,25,23,4,0.0,57,40
2026-05-21 16:00:51,2026-05-21,6,篮球场-西场地南半场,19:00-20:00,0,1,可预约,￥50.0,晴,25,23,4,0.0,57,40
2026-05-21 16:30:48,2026-05-21,6,篮球场-西场地南半场,19:00-20:00,0,1,可预约,￥50.0,晴,25,24,3,0.0,60,39
2026-05-21 17:00:49,2026-05-21,6,篮球场-西场地南半场,19:00-20:00,0,1,可预约,￥50.0,晴,25,24,4,0.0,61,39
2026-05-21 17:30:47,2026-05-21,6,篮球场-西场地南半场,19:00-20:00,0,1,可预约,￥50.0,多云,24,23,3,0.0,64,39
2026-05-21 18:00:50,2026-05-21,6,篮球场-西场地南半场,19:00-20:00,0,1,可预约,￥50.0,多云,24,23,3,0.0,68,39
2026-05-21 18:30:50,2026-05-21,6,篮球场-西场地南半场,19:00-20:00,0,1,可预约,￥50.0,阴,24,25,2,0.0,68,40
2026-05-21 19:00:50,2026-05-21,6,篮球场-西场地南半场,19:00-20:00,0,1,可预约,￥50.0,阴,23,23,3,0.0,76,40
2026-05-21 19:30:46,2026-05-21,6,篮球场-西场地南半场,19:00-20:00,0,1,可预约,￥50.0,阴,23,24,2,0.0,77,39
2026-05-21 20:00:49,2026-05-21,6,篮球场-西场地南半场,19:00-20:00,0,1,不开放/已过期,,雾,22,23,2,0.0,89,39
2026-05-21 20:30:44,2026-05-21,6,篮球场-西场地南半场,19:00-20:00,0,1,不开放/已过期,,雾,22,24,2,0.0,93,43
2026-05-21 21:00:56,2026-05-21,6,篮球场-西场地南半场,19:00-20:00,0,1,不开放/已过期,,雾,20,21,2,0.0,98,43
2026-05-21 21:30:46,2026-05-21,6,篮球场-西场地南半场,19:00-20:00,0,1,不开放/已过期,,雾,20,22,1,0.0,99,41
2026-05-21 22:01:02,2026-05-21,6,篮球场-西场地南半场,19:00-20:00,0,1,不开放/已过期,,雾,19,20,2,0.0,93,41
2026-05-21 22:30:47,2026-05-21,6,篮球场-西场地南半场,19:00-20:00,0,1,不开放/已过期,,雾,19,19,3,0.0,88,46
2026-05-21 23:00:56,2026-05-21,6,篮球场-西场地南半场,19:00-20:00,0,1,不开放/已过期,,多云,18,17,3,0.0,85,46
2026-05-21 23:30:55,2026-05-21,6,篮球场-西场地南半场,19:00-20:00,0,1,不开放/已过期,,多云,18,17,3,0.0,85,48
2026-05-21 00:30:49,2026-05-21,6,篮球场-西场地南半场,20:30-21:30,0,1,可预约,￥50.0,多云,15,13,3,0.0,100,26
2026-05-21 01:00:55,2026-05-21,6,篮球场-西场地南半场,20:30-21:30,0,1,可预约,￥50.0,多云,15,12,4,0.0,100,26
2026-05-21 01:30:47,2026-05-21,6,篮球场-西场地南半场,20:30-21:30,0,1,可预约,￥50.0,多云,15,13,4,0.0,100,28
2026-05-21 02:00:53,2026-05-21,6,篮球场-西场地南半场,20:30-21:30,0,1,可预约,￥50.0,多云,15,12,4,0.0,100,28
2026-05-21 02:30:49,2026-05-21,6,篮球场-西场地南半场,20:30-21:30,0,1,可预约,￥50.0,多云,15,14,3,0.0,100,29
2026-05-21 03:00:55,2026-05-21,6,篮球场-西场地南半场,20:30-21:30,0,1,可预约,￥50.0,多云,15,12,4,0.0,100,29
2026-05-21 03:30:49,2026-05-21,6,篮球场-西场地南半场,20:30-21:30,0,1,可预约,￥50.0,多云,15,14,3,0.0,100,30
2026-05-21 04:30:45,2026-05-21,6,篮球场-西场地南半场,20:30-21:30,0,1,可预约,￥50.0,多云,15,12,4,0.0,100,29
2026-05-21 05:00:52,2026-05-21,6,篮球场-西场地南半场,20:30-21:30,0,1,可预约,￥50.0,多云,15,12,4,0.0,100,29
2026-05-21 05:30:49,2026-05-21,6,篮球场-西场地南半场,20:30-21:30,0,1,可预约,￥50.0,多云,15,13,3,0.0,100,28
2026-05-21 06:00:50,2026-05-21,6,篮球场-西场地南半场,20:30-21:30,0,1,可预约,￥50.0,多云,15,13,4,0.0,99,28
2026-05-21 06:30:38,2026-05-21,6,篮球场-西场地南半场,20:30-21:30,0,1,可预约,￥50.0,多云,15,13,3,0.0,97,28
2026-05-21 07:00:43,2026-05-21,6,篮球场-西场地南半场,20:30-21:30,0,1,可预约,￥50.0,晴,15,11,5,0.0,93,28
2026-05-21 07:30:39,2026-05-21,6,篮球场-西场地南半场,20:30-21:30,0,1,可预约,￥50.0,晴,17,13,4,0.0,89,29
2026-05-21 07:50:40,2026-05-21,6,篮球场-西场地南半场,20:30-21:30,0,1,可预约,￥50.0,晴,17,13,4,0.0,88,29
2026-05-21 07:53:31,2026-05-21,6,篮球场-西场地南半场,20:30-21:30,0,1,可预约,￥50.0,晴,17,12,5,0.0,86,29
2026-05-21 07:56:31,2026-05-21,6,篮球场-西场地南半场,20:30-21:30,0,1,可预约,￥50.0,晴,17,12,5,0.0,86,29
2026-05-21 07:59:26,2026-05-21,6,篮球场-西场地南半场,20:30-21:30,0,1,可预约,￥50.0,晴,17,12,5,0.0,86,29
2026-05-21 08:00:45,2026-05-21,6,篮球场-西场地南半场,20:30-21:30,0,1,可预约,￥50.0,晴,17,12,5,0.0,86,29
2026-05-21 08:02:30,2026-05-21,6,篮球场-西场地南半场,20:30-21:30,0,1,可预约,￥50.0,多云,17,12,5,0.0,87,29
2026-05-21 08:05:36,2026-05-21,6,篮球场-西场地南半场,20:30-21:30,0,1,可预约,￥50.0,多云,17,12,5,0.0,86,29
2026-05-21 08:08:31,2026-05-21,6,篮球场-西场地南半场,20:30-21:30,0,1,可预约,￥50.0,多云,17,12,5,0.0,86,29
2026-05-21 08:11:30,2026-05-21,6,篮球场-西场地南半场,20:30-21:30,0,1,可预约,￥50.0,多云,17,12,5,0.0,86,29
2026-05-21 08:14:31,2026-05-21,6,篮球场-西场地南半场,20:30-21:30,0,1,可预约,￥50.0,多云,17,12,5,0.0,86,29
2026-05-21 08:17:30,2026-05-21,6,篮球场-西场地南半场,20:30-21:30,0,1,可预约,￥50.0,多云,17,12,5,0.0,86,29
2026-05-21 08:20:35,2026-05-21,6,篮球场-西场地南半场,20:30-21:30,0,1,可预约,￥50.0,多云,17,14,4,0.0,85,29
2026-05-21 08:25:32,2026-05-21,6,篮球场-西场地南半场,20:30-21:30,0,1,可预约,￥50.0,多云,17,14,4,0.0,85,28
2026-05-21 08:30:42,2026-05-21,6,篮球场-西场地南半场,20:30-21:30,0,1,可预约,￥50.0,多云,18,15,4,0.0,84,28
2026-05-21 08:35:31,2026-05-21,6,篮球场-西场地南半场,20:30-21:30,0,1,可预约,￥50.0,多云,18,15,4,0.0,84,28
2026-05-21 08:40:38,2026-05-21,6,篮球场-西场地南半场,20:30-21:30,0,1,可预约,￥50.0,多云,18,15,4,0.0,82,28
2026-05-21 08:45:33,2026-05-21,6,篮球场-西场地南半场,20:30-21:30,0,1,可预约,￥50.0,多云,18,15,4,0.0,82,28
2026-05-21 08:50:36,2026-05-21,6,篮球场-西场地南半场,20:30-21:30,0,1,可预约,￥50.0,多云,18,15,4,0.0,82,28
2026-05-21 08:55:34,2026-05-21,6,篮球场-西场地南半场,20:30-21:30,0,1,可预约,￥50.0,多云,18,15,4,0.0,84,28
2026-05-21 09:00:51,2026-05-21,6,篮球场-西场地南半场,20:30-21:30,0,1,可预约,￥50.0,多云,18,15,4,0.0,84,28
2026-05-21 09:01:59,2026-05-21,6,篮球场-西场地南半场,20:30-21:30,0,1,可预约,￥50.0,多云,18,15,4,0.0,83,28
2026-05-21 09:05:33,2026-05-21,6,篮球场-西场地南半场,20:30-21:30,0,1,可预约,￥50.0,多云,18,15,4,0.0,83,28
2026-05-21 09:20:38,2026-05-21,6,篮球场-西场地南半场,20:30-21:30,0,1,可预约,￥50.0,多云,18,16,3,0.0,81,28
2026-05-21 09:30:46,2026-05-21,6,篮球场-西场地南半场,20:30-21:30,0,1,可预约,￥50.0,多云,18,16,3,0.0,81,32
2026-05-21 09:40:36,2026-05-21,6,篮球场-西场地南半场,20:30-21:30,0,1,可预约,￥50.0,多云,19,17,3,0.0,79,32
2026-05-21 09:50:42,2026-05-21,6,篮球场-西场地南半场,20:30-21:30,0,1,可预约,￥50.0,多云,19,17,4,0.0,81,32
2026-05-21 10:00:46,2026-05-21,6,篮球场-西场地南半场,20:30-21:30,0,1,可预约,￥50.0,多云,19,17,4,0.0,79,32
2026-05-21 10:10:40,2026-05-21,6,篮球场-西场地南半场,20:30-21:30,0,1,可预约,￥50.0,多云,19,17,4,0.0,79,32
2026-05-21 10:20:38,2026-05-21,6,篮球场-西场地南半场,20:30-21:30,0,1,可预约,￥50.0,多云,19,17,4,0.0,79,32
2026-05-21 10:30:41,2026-05-21,6,篮球场-西场地南半场,20:30-21:30,0,1,可预约,￥50.0,多云,19,18,3,0.0,78,31
2026-05-21 11:00:44,2026-05-21,6,篮球场-西场地南半场,20:30-21:30,0,1,可预约,￥50.0,多云,21,17,5,0.0,74,31
2026-05-21 11:30:38,2026-05-21,6,篮球场-西场地南半场,20:30-21:30,0,1,可预约,￥50.0,多云,21,19,3,0.0,72,33
2026-05-21 12:00:46,2026-05-21,6,篮球场-西场地南半场,20:30-21:30,0,1,可预约,￥50.0,多云,22,19,4,0.0,70,33
2026-05-21 12:30:42,2026-05-21,6,篮球场-西场地南半场,20:30-21:30,0,1,可预约,￥50.0,多云,22,21,3,0.0,68,35
2026-05-21 13:00:43,2026-05-21,6,篮球场-西场地南半场,20:30-21:30,0,1,可预约,￥50.0,多云,24,22,4,0.0,66,35
2026-05-21 13:30:43,2026-05-21,6,篮球场-西场地南半场,20:30-21:30,0,1,可预约,￥50.0,多云,24,22,4,0.0,66,36
2026-05-21 14:00:48,2026-05-21,6,篮球场-西场地南半场,20:30-21:30,0,1,可预约,￥50.0,多云,25,23,4,0.0,66,36
2026-05-21 14:30:45,2026-05-21,6,篮球场-西场地南半场,20:30-21:30,0,1,可预约,￥50.0,晴,25,25,3,0.0,65,39
2026-05-21 15:00:45,2026-05-21,6,篮球场-西场地南半场,20:30-21:30,0,1,可预约,￥50.0,晴,25,22,4,0.0,56,39
2026-05-21 15:30:43,2026-05-21,6,篮球场-西场地南半场,20:30-21:30,0,1,可预约,￥50.0,晴,25,23,4,0.0,57,40
2026-05-21 16:00:51,2026-05-21,6,篮球场-西场地南半场,20:30-21:30,0,1,可预约,￥50.0,晴,25,23,4,0.0,57,40
2026-05-21 16:30:48,2026-05-21,6,篮球场-西场地南半场,20:30-21:30,0,1,可预约,￥50.0,晴,25,24,3,0.0,60,39
2026-05-21 17:00:49,2026-05-21,6,篮球场-西场地南半场,20:30-21:30,0,1,可预约,￥50.0,晴,25,24,4,0.0,61,39
2026-05-21 17:30:47,2026-05-21,6,篮球场-西场地南半场,20:30-21:30,0,1,可预约,￥50.0,多云,24,23,3,0.0,64,39
2026-05-21 18:00:50,2026-05-21,6,篮球场-西场地南半场,20:30-21:30,0,1,可预约,￥50.0,多云,24,23,3,0.0,68,39
2026-05-21 18:30:50,2026-05-21,6,篮球场-西场地南半场,20:30-21:30,0,1,可预约,￥50.0,阴,24,25,2,0.0,68,40
2026-05-21 19:00:50,2026-05-21,6,篮球场-西场地南半场,20:30-21:30,0,1,可预约,￥50.0,阴,23,23,3,0.0,76,40
2026-05-21 19:30:46,2026-05-21,6,篮球场-西场地南半场,20:30-21:30,0,1,可预约,￥50.0,阴,23,24,2,0.0,77,39
2026-05-21 20:00:49,2026-05-21,6,篮球场-西场地南半场,20:30-21:30,0,1,可预约,￥50.0,雾,22,23,2,0.0,89,39
2026-05-21 20:30:44,2026-05-21,6,篮球场-西场地南半场,20:30-21:30,0,1,可预约,￥50.0,雾,22,24,2,0.0,93,43
2026-05-21 21:00:56,2026-05-21,6,篮球场-西场地南半场,20:30-21:30,0,1,可预约,￥50.0,雾,20,21,2,0.0,98,43
2026-05-21 21:30:46,2026-05-21,6,篮球场-西场地南半场,20:30-21:30,0,1,不开放/已过期,,雾,20,22,1,0.0,99,41
2026-05-21 22:01:02,2026-05-21,6,篮球场-西场地南半场,20:30-21:30,0,1,不开放/已过期,,雾,19,20,2,0.0,93,41
2026-05-21 22:30:47,2026-05-21,6,篮球场-西场地南半场,20:30-21:30,0,1,不开放/已过期,,雾,19,19,3,0.0,88,46
2026-05-21 23:00:56,2026-05-21,6,篮球场-西场地南半场,20:30-21:30,0,1,不开放/已过期,,多云,18,17,3,0.0,85,46
2026-05-21 23:30:55,2026-05-21,6,篮球场-西场地南半场,20:30-21:30,0,1,不开放/已过期,,多云,18,17,3,0.0,85,48
2026-05-21 00:30:49,2026-05-21,15,排球场-1号,09:00-10:00,0,1,可预约,￥150.0,多云,15,13,3,0.0,100,26
2026-05-21 01:00:55,2026-05-21,15,排球场-1号,09:00-10:00,0,1,可预约,￥150.0,多云,15,12,4,0.0,100,26
2026-05-21 01:30:47,2026-05-21,15,排球场-1号,09:00-10:00,0,1,可预约,￥150.0,多云,15,13,4,0.0,100,28
2026-05-21 02:00:53,2026-05-21,15,排球场-1号,09:00-10:00,0,1,可预约,￥150.0,多云,15,12,4,0.0,100,28
2026-05-21 02:30:49,2026-05-21,15,排球场-1号,09:00-10:00,0,1,可预约,￥150.0,多云,15,14,3,0.0,100,29
2026-05-21 03:00:55,2026-05-21,15,排球场-1号,09:00-10:00,0,1,可预约,￥150.0,多云,15,12,4,0.0,100,29
2026-05-21 03:30:49,2026-05-21,15,排球场-1号,09:00-10:00,0,1,可预约,￥150.0,多云,15,14,3,0.0,100,30
2026-05-21 04:30:45,2026-05-21,15,排球场-1号,09:00-10:00,0,1,可预约,￥150.0,多云,15,12,4,0.0,100,29
2026-05-21 05:00:52,2026-05-21,15,排球场-1号,09:00-10:00,0,1,可预约,￥150.0,多云,15,12,4,0.0,100,29
2026-05-21 05:30:49,2026-05-21,15,排球场-1号,09:00-10:00,0,1,可预约,￥150.0,多云,15,13,3,0.0,100,28
2026-05-21 06:00:50,2026-05-21,15,排球场-1号,09:00-10:00,0,1,可预约,￥150.0,多云,15,13,4,0.0,99,28
2026-05-21 06:30:38,2026-05-21,15,排球场-1号,09:00-10:00,0,1,可预约,￥150.0,多云,15,13,3,0.0,97,28
2026-05-21 07:00:43,2026-05-21,15,排球场-1号,09:00-10:00,0,1,可预约,￥150.0,晴,15,11,5,0.0,93,28
2026-05-21 07:30:39,2026-05-21,15,排球场-1号,09:00-10:00,0,1,可预约,￥150.0,晴,17,13,4,0.0,89,29
2026-05-21 07:50:40,2026-05-21,15,排球场-1号,09:00-10:00,0,1,可预约,￥150.0,晴,17,13,4,0.0,88,29
2026-05-21 07:53:31,2026-05-21,15,排球场-1号,09:00-10:00,0,1,可预约,￥150.0,晴,17,12,5,0.0,86,29
2026-05-21 07:56:31,2026-05-21,15,排球场-1号,09:00-10:00,0,1,可预约,￥150.0,晴,17,12,5,0.0,86,29
2026-05-21 07:59:26,2026-05-21,15,排球场-1号,09:00-10:00,0,1,可预约,￥150.0,晴,17,12,5,0.0,86,29
2026-05-21 08:00:45,2026-05-21,15,排球场-1号,09:00-10:00,0,1,可预约,￥150.0,晴,17,12,5,0.0,86,29
2026-05-21 08:02:30,2026-05-21,15,排球场-1号,09:00-10:00,0,1,可预约,￥150.0,多云,17,12,5,0.0,87,29
2026-05-21 08:05:36,2026-05-21,15,排球场-1号,09:00-10:00,0,1,可预约,￥150.0,多云,17,12,5,0.0,86,29
2026-05-21 08:08:31,2026-05-21,15,排球场-1号,09:00-10:00,0,1,可预约,￥150.0,多云,17,12,5,0.0,86,29
2026-05-21 08:11:30,2026-05-21,15,排球场-1号,09:00-10:00,0,1,可预约,￥150.0,多云,17,12,5,0.0,86,29
2026-05-21 08:14:31,2026-05-21,15,排球场-1号,09:00-10:00,0,1,可预约,￥150.0,多云,17,12,5,0.0,86,29
2026-05-21 08:17:30,2026-05-21,15,排球场-1号,09:00-10:00,0,1,可预约,￥150.0,多云,17,12,5,0.0,86,29
2026-05-21 08:20:35,2026-05-21,15,排球场-1号,09:00-10:00,0,1,可预约,￥150.0,多云,17,14,4,0.0,85,29
2026-05-21 08:25:32,2026-05-21,15,排球场-1号,09:00-10:00,0,1,可预约,￥150.0,多云,17,14,4,0.0,85,28
2026-05-21 08:30:42,2026-05-21,15,排球场-1号,09:00-10:00,0,1,可预约,￥150.0,多云,18,15,4,0.0,84,28
2026-05-21 08:35:31,2026-05-21,15,排球场-1号,09:00-10:00,0,1,可预约,￥150.0,多云,18,15,4,0.0,84,28
2026-05-21 08:40:38,2026-05-21,15,排球场-1号,09:00-10:00,0,1,可预约,￥150.0,多云,18,15,4,0.0,82,28
2026-05-21 08:45:33,2026-05-21,15,排球场-1号,09:00-10:00,0,1,可预约,￥150.0,多云,18,15,4,0.0,82,28
2026-05-21 08:50:36,2026-05-21,15,排球场-1号,09:00-10:00,0,1,可预约,￥150.0,多云,18,15,4,0.0,82,28
2026-05-21 08:55:34,2026-05-21,15,排球场-1号,09:00-10:00,0,1,可预约,￥150.0,多云,18,15,4,0.0,84,28
2026-05-21 09:00:51,2026-05-21,15,排球场-1号,09:00-10:00,0,1,可预约,￥150.0,多云,18,15,4,0.0,84,28
2026-05-21 09:01:59,2026-05-21,15,排球场-1号,09:00-10:00,0,1,可预约,￥150.0,多云,18,15,4,0.0,83,28
2026-05-21 09:05:33,2026-05-21,15,排球场-1号,09:00-10:00,0,1,可预约,￥150.0,多云,18,15,4,0.0,83,28
2026-05-21 09:20:38,2026-05-21,15,排球场-1号,09:00-10:00,0,1,可预约,￥150.0,多云,18,16,3,0.0,81,28
2026-05-21 09:30:46,2026-05-21,15,排球场-1号,09:00-10:00,0,1,可预约,￥150.0,多云,18,16,3,0.0,81,32
2026-05-21 09:40:36,2026-05-21,15,排球场-1号,09:00-10:00,0,1,可预约,￥150.0,多云,19,17,3,0.0,79,32
2026-05-21 09:50:42,2026-05-21,15,排球场-1号,09:00-10:00,0,1,可预约,￥150.0,多云,19,17,4,0.0,81,32
2026-05-21 10:00:46,2026-05-21,15,排球场-1号,09:00-10:00,0,1,不开放/已过期,,多云,19,17,4,0.0,79,32
2026-05-21 10:10:40,2026-05-21,15,排球场-1号,09:00-10:00,0,1,不开放/已过期,,多云,19,17,4,0.0,79,32
2026-05-21 10:20:38,2026-05-21,15,排球场-1号,09:00-10:00,0,1,不开放/已过期,,多云,19,17,4,0.0,79,32
2026-05-21 10:30:41,2026-05-21,15,排球场-1号,09:00-10:00,0,1,不开放/已过期,,多云,19,18,3,0.0,78,31
2026-05-21 11:00:44,2026-05-21,15,排球场-1号,09:00-10:00,0,1,不开放/已过期,,多云,21,17,5,0.0,74,31
2026-05-21 11:30:38,2026-05-21,15,排球场-1号,09:00-10:00,0,1,不开放/已过期,,多云,21,19,3,0.0,72,33
2026-05-21 12:00:46,2026-05-21,15,排球场-1号,09:00-10:00,0,1,不开放/已过期,,多云,22,19,4,0.0,70,33
2026-05-21 12:30:42,2026-05-21,15,排球场-1号,09:00-10:00,0,1,不开放/已过期,,多云,22,21,3,0.0,68,35
2026-05-21 13:00:43,2026-05-21,15,排球场-1号,09:00-10:00,0,1,不开放/已过期,,多云,24,22,4,0.0,66,35
2026-05-21 13:30:43,2026-05-21,15,排球场-1号,09:00-10:00,0,1,不开放/已过期,,多云,24,22,4,0.0,66,36
2026-05-21 14:00:48,2026-05-21,15,排球场-1号,09:00-10:00,0,1,不开放/已过期,,多云,25,23,4,0.0,66,36
2026-05-21 14:30:45,2026-05-21,15,排球场-1号,09:00-10:00,0,1,不开放/已过期,,晴,25,25,3,0.0,65,39
2026-05-21 15:00:45,2026-05-21,15,排球场-1号,09:00-10:00,0,1,不开放/已过期,,晴,25,22,4,0.0,56,39
2026-05-21 15:30:43,2026-05-21,15,排球场-1号,09:00-10:00,0,1,不开放/已过期,,晴,25,23,4,0.0,57,40
2026-05-21 16:00:51,2026-05-21,15,排球场-1号,09:00-10:00,0,1,不开放/已过期,,晴,25,23,4,0.0,57,40
2026-05-21 16:30:48,2026-05-21,15,排球场-1号,09:00-10:00,0,1,不开放/已过期,,晴,25,24,3,0.0,60,39
2026-05-21 17:00:49,2026-05-21,15,排球场-1号,09:00-10:00,0,1,不开放/已过期,,晴,25,24,4,0.0,61,39
2026-05-21 17:30:47,2026-05-21,15,排球场-1号,09:00-10:00,0,1,不开放/已过期,,多云,24,23,3,0.0,64,39
2026-05-21 18:00:50,2026-05-21,15,排球场-1号,09:00-10:00,0,1,不开放/已过期,,多云,24,23,3,0.0,68,39
2026-05-21 18:30:50,2026-05-21,15,排球场-1号,09:00-10:00,0,1,不开放/已过期,,阴,24,25,2,0.0,68,40
2026-05-21 19:00:50,2026-05-21,15,排球场-1号,09:00-10:00,0,1,不开放/已过期,,阴,23,23,3,0.0,76,40
2026-05-21 19:30:46,2026-05-21,15,排球场-1号,09:00-10:00,0,1,不开放/已过期,,阴,23,24,2,0.0,77,39
2026-05-21 20:00:49,2026-05-21,15,排球场-1号,09:00-10:00,0,1,不开放/已过期,,雾,22,23,2,0.0,89,39
2026-05-21 20:30:44,2026-05-21,15,排球场-1号,09:00-10:00,0,1,不开放/已过期,,雾,22,24,2,0.0,93,43
2026-05-21 21:00:56,2026-05-21,15,排球场-1号,09:00-10:00,0,1,不开放/已过期,,雾,20,21,2,0.0,98,43
2026-05-21 21:30:46,2026-05-21,15,排球场-1号,09:00-10:00,0,1,不开放/已过期,,雾,20,22,1,0.0,99,41
2026-05-21 22:01:02,2026-05-21,15,排球场-1号,09:00-10:00,0,1,不开放/已过期,,雾,19,20,2,0.0,93,41
2026-05-21 22:30:47,2026-05-21,15,排球场-1号,09:00-10:00,0,1,不开放/已过期,,雾,19,19,3,0.0,88,46
2026-05-21 23:00:56,2026-05-21,15,排球场-1号,09:00-10:00,0,1,不开放/已过期,,多云,18,17,3,0.0,85,46
2026-05-21 23:30:55,2026-05-21,15,排球场-1号,09:00-10:00,0,1,不开放/已过期,,多云,18,17,3,0.0,85,48
2026-05-21 00:30:49,2026-05-21,15,排球场-1号,10:30-11:30,1,1,已售/已满,教学时间,多云,15,13,3,0.0,100,26
2026-05-21 01:00:55,2026-05-21,15,排球场-1号,10:30-11:30,1,1,已售/已满,教学时间,多云,15,12,4,0.0,100,26
2026-05-21 01:30:47,2026-05-21,15,排球场-1号,10:30-11:30,1,1,已售/已满,教学时间,多云,15,13,4,0.0,100,28
2026-05-21 02:00:53,2026-05-21,15,排球场-1号,10:30-11:30,1,1,已售/已满,教学时间,多云,15,12,4,0.0,100,28
2026-05-21 02:30:49,2026-05-21,15,排球场-1号,10:30-11:30,1,1,已售/已满,教学时间,多云,15,14,3,0.0,100,29
2026-05-21 03:00:55,2026-05-21,15,排球场-1号,10:30-11:30,1,1,已售/已满,教学时间,多云,15,12,4,0.0,100,29
2026-05-21 03:30:49,2026-05-21,15,排球场-1号,10:30-11:30,1,1,已售/已满,教学时间,多云,15,14,3,0.0,100,30
2026-05-21 04:30:45,2026-05-21,15,排球场-1号,10:30-11:30,1,1,已售/已满,教学时间,多云,15,12,4,0.0,100,29
2026-05-21 05:00:52,2026-05-21,15,排球场-1号,10:30-11:30,1,1,已售/已满,教学时间,多云,15,12,4,0.0,100,29
2026-05-21 05:30:49,2026-05-21,15,排球场-1号,10:30-11:30,1,1,已售/已满,教学时间,多云,15,13,3,0.0,100,28
2026-05-21 06:00:50,2026-05-21,15,排球场-1号,10:30-11:30,1,1,已售/已满,教学时间,多云,15,13,4,0.0,99,28
2026-05-21 06:30:38,2026-05-21,15,排球场-1号,10:30-11:30,1,1,已售/已满,教学时间,多云,15,13,3,0.0,97,28
2026-05-21 07:00:43,2026-05-21,15,排球场-1号,10:30-11:30,1,1,已售/已满,教学时间,晴,15,11,5,0.0,93,28
2026-05-21 07:30:39,2026-05-21,15,排球场-1号,10:30-11:30,1,1,已售/已满,教学时间,晴,17,13,4,0.0,89,29
2026-05-21 07:50:40,2026-05-21,15,排球场-1号,10:30-11:30,1,1,已售/已满,教学时间,晴,17,13,4,0.0,88,29
2026-05-21 07:53:31,2026-05-21,15,排球场-1号,10:30-11:30,1,1,已售/已满,教学时间,晴,17,12,5,0.0,86,29
2026-05-21 07:56:31,2026-05-21,15,排球场-1号,10:30-11:30,1,1,已售/已满,教学时间,晴,17,12,5,0.0,86,29
2026-05-21 07:59:26,2026-05-21,15,排球场-1号,10:30-11:30,1,1,已售/已满,教学时间,晴,17,12,5,0.0,86,29
2026-05-21 08:00:45,2026-05-21,15,排球场-1号,10:30-11:30,1,1,已售/已满,教学时间,晴,17,12,5,0.0,86,29
2026-05-21 08:02:30,2026-05-21,15,排球场-1号,10:30-11:30,1,1,已售/已满,教学时间,多云,17,12,5,0.0,87,29
2026-05-21 08:05:36,2026-05-21,15,排球场-1号,10:30-11:30,1,1,已售/已满,教学时间,多云,17,12,5,0.0,86,29
2026-05-21 08:08:31,2026-05-21,15,排球场-1号,10:30-11:30,1,1,已售/已满,教学时间,多云,17,12,5,0.0,86,29
2026-05-21 08:11:30,2026-05-21,15,排球场-1号,10:30-11:30,1,1,已售/已满,教学时间,多云,17,12,5,0.0,86,29
2026-05-21 08:14:31,2026-05-21,15,排球场-1号,10:30-11:30,1,1,已售/已满,教学时间,多云,17,12,5,0.0,86,29
2026-05-21 08:17:30,2026-05-21,15,排球场-1号,10:30-11:30,1,1,已售/已满,教学时间,多云,17,12,5,0.0,86,29
2026-05-21 08:20:35,2026-05-21,15,排球场-1号,10:30-11:30,1,1,已售/已满,教学时间,多云,17,14,4,0.0,85,29
2026-05-21 08:25:32,2026-05-21,15,排球场-1号,10:30-11:30,1,1,已售/已满,教学时间,多云,17,14,4,0.0,85,28
2026-05-21 08:30:42,2026-05-21,15,排球场-1号,10:30-11:30,1,1,已售/已满,教学时间,多云,18,15,4,0.0,84,28
2026-05-21 08:35:31,2026-05-21,15,排球场-1号,10:30-11:30,1,1,已售/已满,教学时间,多云,18,15,4,0.0,84,28
2026-05-21 08:40:38,2026-05-21,15,排球场-1号,10:30-11:30,1,1,已售/已满,教学时间,多云,18,15,4,0.0,82,28
2026-05-21 08:45:33,2026-05-21,15,排球场-1号,10:30-11:30,1,1,已售/已满,教学时间,多云,18,15,4,0.0,82,28
2026-05-21 08:50:36,2026-05-21,15,排球场-1号,10:30-11:30,1,1,已售/已满,教学时间,多云,18,15,4,0.0,82,28
2026-05-21 08:55:34,2026-05-21,15,排球场-1号,10:30-11:30,1,1,已售/已满,教学时间,多云,18,15,4,0.0,84,28
2026-05-21 09:00:51,2026-05-21,15,排球场-1号,10:30-11:30,1,1,已售/已满,教学时间,多云,18,15,4,0.0,84,28
2026-05-21 09:01:59,2026-05-21,15,排球场-1号,10:30-11:30,1,1,已售/已满,教学时间,多云,18,15,4,0.0,83,28
2026-05-21 09:05:33,2026-05-21,15,排球场-1号,10:30-11:30,1,1,已售/已满,教学时间,多云,18,15,4,0.0,83,28
2026-05-21 09:20:38,2026-05-21,15,排球场-1号,10:30-11:30,1,1,已售/已满,教学时间,多云,18,16,3,0.0,81,28
2026-05-21 09:30:46,2026-05-21,15,排球场-1号,10:30-11:30,1,1,已售/已满,教学时间,多云,18,16,3,0.0,81,32
2026-05-21 09:40:36,2026-05-21,15,排球场-1号,10:30-11:30,1,1,已售/已满,教学时间,多云,19,17,3,0.0,79,32
2026-05-21 09:50:42,2026-05-21,15,排球场-1号,10:30-11:30,1,1,已售/已满,教学时间,多云,19,17,4,0.0,81,32
2026-05-21 10:00:46,2026-05-21,15,排球场-1号,10:30-11:30,1,1,已售/已满,教学时间,多云,19,17,4,0.0,79,32
2026-05-21 10:10:40,2026-05-21,15,排球场-1号,10:30-11:30,1,1,已售/已满,教学时间,多云,19,17,4,0.0,79,32
2026-05-21 10:20:38,2026-05-21,15,排球场-1号,10:30-11:30,1,1,已售/已满,教学时间,多云,19,17,4,0.0,79,32
2026-05-21 10:30:41,2026-05-21,15,排球场-1号,10:30-11:30,1,1,已售/已满,教学时间,多云,19,18,3,0.0,78,31
2026-05-21 11:00:44,2026-05-21,15,排球场-1号,10:30-11:30,1,1,已售/已满,教学时间,多云,21,17,5,0.0,74,31
2026-05-21 11:30:38,2026-05-21,15,排球场-1号,10:30-11:30,1,1,已售/已满,教学时间,多云,21,19,3,0.0,72,33
2026-05-21 12:00:46,2026-05-21,15,排球场-1号,10:30-11:30,1,1,已售/已满,教学时间,多云,22,19,4,0.0,70,33
2026-05-21 12:30:42,2026-05-21,15,排球场-1号,10:30-11:30,1,1,已售/已满,教学时间,多云,22,21,3,0.0,68,35
2026-05-21 13:00:43,2026-05-21,15,排球场-1号,10:30-11:30,1,1,已售/已满,教学时间,多云,24,22,4,0.0,66,35
2026-05-21 13:30:43,2026-05-21,15,排球场-1号,10:30-11:30,1,1,已售/已满,教学时间,多云,24,22,4,0.0,66,36
2026-05-21 14:00:48,2026-05-21,15,排球场-1号,10:30-11:30,1,1,已售/已满,教学时间,多云,25,23,4,0.0,66,36
2026-05-21 14:30:45,2026-05-21,15,排球场-1号,10:30-11:30,1,1,已售/已满,教学时间,晴,25,25,3,0.0,65,39
2026-05-21 15:00:45,2026-05-21,15,排球场-1号,10:30-11:30,1,1,已售/已满,教学时间,晴,25,22,4,0.0,56,39
2026-05-21 15:30:43,2026-05-21,15,排球场-1号,10:30-11:30,1,1,已售/已满,教学时间,晴,25,23,4,0.0,57,40
2026-05-21 16:00:51,2026-05-21,15,排球场-1号,10:30-11:30,1,1,已售/已满,教学时间,晴,25,23,4,0.0,57,40
2026-05-21 16:30:48,2026-05-21,15,排球场-1号,10:30-11:30,1,1,已售/已满,教学时间,晴,25,24,3,0.0,60,39
2026-05-21 17:00:49,2026-05-21,15,排球场-1号,10:30-11:30,1,1,已售/已满,教学时间,晴,25,24,4,0.0,61,39
2026-05-21 17:30:47,2026-05-21,15,排球场-1号,10:30-11:30,1,1,已售/已满,教学时间,多云,24,23,3,0.0,64,39
2026-05-21 18:00:50,2026-05-21,15,排球场-1号,10:30-11:30,1,1,已售/已满,教学时间,多云,24,23,3,0.0,68,39
2026-05-21 18:30:50,2026-05-21,15,排球场-1号,10:30-11:30,1,1,已售/已满,教学时间,阴,24,25,2,0.0,68,40
2026-05-21 19:00:50,2026-05-21,15,排球场-1号,10:30-11:30,1,1,已售/已满,教学时间,阴,23,23,3,0.0,76,40
2026-05-21 19:30:46,2026-05-21,15,排球场-1号,10:30-11:30,1,1,已售/已满,教学时间,阴,23,24,2,0.0,77,39
2026-05-21 20:00:49,2026-05-21,15,排球场-1号,10:30-11:30,1,1,已售/已满,教学时间,雾,22,23,2,0.0,89,39
2026-05-21 20:30:44,2026-05-21,15,排球场-1号,10:30-11:30,1,1,已售/已满,教学时间,雾,22,24,2,0.0,93,43
2026-05-21 21:00:56,2026-05-21,15,排球场-1号,10:30-11:30,1,1,已售/已满,教学时间,雾,20,21,2,0.0,98,43
2026-05-21 21:30:46,2026-05-21,15,排球场-1号,10:30-11:30,1,1,已售/已满,教学时间,雾,20,22,1,0.0,99,41
2026-05-21 22:01:02,2026-05-21,15,排球场-1号,10:30-11:30,1,1,已售/已满,教学时间,雾,19,20,2,0.0,93,41
2026-05-21 22:30:47,2026-05-21,15,排球场-1号,10:30-11:30,1,1,已售/已满,教学时间,雾,19,19,3,0.0,88,46
2026-05-21 23:00:56,2026-05-21,15,排球场-1号,10:30-11:30,1,1,已售/已满,教学时间,多云,18,17,3,0.0,85,46
2026-05-21 23:30:55,2026-05-21,15,排球场-1号,10:30-11:30,1,1,已售/已满,教学时间,多云,18,17,3,0.0,85,48
2026-05-21 00:30:49,2026-05-21,15,排球场-1号,14:00-15:00,0,1,不开放/已过期,排球队训练,多云,15,13,3,0.0,100,26
2026-05-21 01:00:55,2026-05-21,15,排球场-1号,14:00-15:00,0,1,不开放/已过期,排球队训练,多云,15,12,4,0.0,100,26
2026-05-21 01:30:47,2026-05-21,15,排球场-1号,14:00-15:00,0,1,不开放/已过期,排球队训练,多云,15,13,4,0.0,100,28
2026-05-21 02:00:53,2026-05-21,15,排球场-1号,14:00-15:00,0,1,不开放/已过期,排球队训练,多云,15,12,4,0.0,100,28
2026-05-21 02:30:49,2026-05-21,15,排球场-1号,14:00-15:00,0,1,不开放/已过期,排球队训练,多云,15,14,3,0.0,100,29
2026-05-21 03:00:55,2026-05-21,15,排球场-1号,14:00-15:00,0,1,不开放/已过期,排球队训练,多云,15,12,4,0.0,100,29
2026-05-21 03:30:49,2026-05-21,15,排球场-1号,14:00-15:00,0,1,不开放/已过期,排球队训练,多云,15,14,3,0.0,100,30
2026-05-21 04:30:45,2026-05-21,15,排球场-1号,14:00-15:00,0,1,不开放/已过期,排球队训练,多云,15,12,4,0.0,100,29
2026-05-21 05:00:52,2026-05-21,15,排球场-1号,14:00-15:00,0,1,不开放/已过期,排球队训练,多云,15,12,4,0.0,100,29
2026-05-21 05:30:49,2026-05-21,15,排球场-1号,14:00-15:00,0,1,不开放/已过期,排球队训练,多云,15,13,3,0.0,100,28
2026-05-21 06:00:50,2026-05-21,15,排球场-1号,14:00-15:00,0,1,不开放/已过期,排球队训练,多云,15,13,4,0.0,99,28
2026-05-21 06:30:38,2026-05-21,15,排球场-1号,14:00-15:00,0,1,不开放/已过期,排球队训练,多云,15,13,3,0.0,97,28
2026-05-21 07:00:43,2026-05-21,15,排球场-1号,14:00-15:00,0,1,不开放/已过期,排球队训练,晴,15,11,5,0.0,93,28
2026-05-21 07:30:39,2026-05-21,15,排球场-1号,14:00-15:00,0,1,不开放/已过期,排球队训练,晴,17,13,4,0.0,89,29
2026-05-21 07:50:40,2026-05-21,15,排球场-1号,14:00-15:00,0,1,不开放/已过期,排球队训练,晴,17,13,4,0.0,88,29
2026-05-21 07:53:31,2026-05-21,15,排球场-1号,14:00-15:00,0,1,不开放/已过期,排球队训练,晴,17,12,5,0.0,86,29
2026-05-21 07:56:31,2026-05-21,15,排球场-1号,14:00-15:00,0,1,不开放/已过期,排球队训练,晴,17,12,5,0.0,86,29
2026-05-21 07:59:26,2026-05-21,15,排球场-1号,14:00-15:00,0,1,不开放/已过期,排球队训练,晴,17,12,5,0.0,86,29
2026-05-21 08:00:45,2026-05-21,15,排球场-1号,14:00-15:00,0,1,不开放/已过期,排球队训练,晴,17,12,5,0.0,86,29
2026-05-21 08:02:30,2026-05-21,15,排球场-1号,14:00-15:00,0,1,不开放/已过期,排球队训练,多云,17,12,5,0.0,87,29
2026-05-21 08:05:36,2026-05-21,15,排球场-1号,14:00-15:00,0,1,不开放/已过期,排球队训练,多云,17,12,5,0.0,86,29
2026-05-21 08:08:31,2026-05-21,15,排球场-1号,14:00-15:00,0,1,不开放/已过期,排球队训练,多云,17,12,5,0.0,86,29
2026-05-21 08:11:30,2026-05-21,15,排球场-1号,14:00-15:00,0,1,不开放/已过期,排球队训练,多云,17,12,5,0.0,86,29
2026-05-21 08:14:31,2026-05-21,15,排球场-1号,14:00-15:00,0,1,不开放/已过期,排球队训练,多云,17,12,5,0.0,86,29
2026-05-21 08:17:30,2026-05-21,15,排球场-1号,14:00-15:00,0,1,不开放/已过期,排球队训练,多云,17,12,5,0.0,86,29
2026-05-21 08:20:35,2026-05-21,15,排球场-1号,14:00-15:00,0,1,不开放/已过期,排球队训练,多云,17,14,4,0.0,85,29
2026-05-21 08:25:32,2026-05-21,15,排球场-1号,14:00-15:00,0,1,不开放/已过期,排球队训练,多云,17,14,4,0.0,85,28
2026-05-21 08:30:42,2026-05-21,15,排球场-1号,14:00-15:00,0,1,不开放/已过期,排球队训练,多云,18,15,4,0.0,84,28
2026-05-21 08:35:31,2026-05-21,15,排球场-1号,14:00-15:00,0,1,不开放/已过期,排球队训练,多云,18,15,4,0.0,84,28
2026-05-21 08:40:38,2026-05-21,15,排球场-1号,14:00-15:00,0,1,不开放/已过期,排球队训练,多云,18,15,4,0.0,82,28
2026-05-21 08:45:33,2026-05-21,15,排球场-1号,14:00-15:00,0,1,不开放/已过期,排球队训练,多云,18,15,4,0.0,82,28
2026-05-21 08:50:36,2026-05-21,15,排球场-1号,14:00-15:00,0,1,不开放/已过期,排球队训练,多云,18,15,4,0.0,82,28
2026-05-21 08:55:34,2026-05-21,15,排球场-1号,14:00-15:00,0,1,不开放/已过期,排球队训练,多云,18,15,4,0.0,84,28
2026-05-21 09:00:51,2026-05-21,15,排球场-1号,14:00-15:00,0,1,不开放/已过期,排球队训练,多云,18,15,4,0.0,84,28
2026-05-21 09:01:59,2026-05-21,15,排球场-1号,14:00-15:00,0,1,不开放/已过期,排球队训练,多云,18,15,4,0.0,83,28
2026-05-21 09:05:33,2026-05-21,15,排球场-1号,14:00-15:00,0,1,不开放/已过期,排球队训练,多云,18,15,4,0.0,83,28
2026-05-21 09:20:38,2026-05-21,15,排球场-1号,14:00-15:00,0,1,不开放/已过期,排球队训练,多云,18,16,3,0.0,81,28
2026-05-21 09:30:46,2026-05-21,15,排球场-1号,14:00-15:00,0,1,不开放/已过期,排球队训练,多云,18,16,3,0.0,81,32
2026-05-21 09:40:36,2026-05-21,15,排球场-1号,14:00-15:00,0,1,不开放/已过期,排球队训练,多云,19,17,3,0.0,79,32
2026-05-21 09:50:42,2026-05-21,15,排球场-1号,14:00-15:00,0,1,不开放/已过期,排球队训练,多云,19,17,4,0.0,81,32
2026-05-21 10:00:46,2026-05-21,15,排球场-1号,14:00-15:00,0,1,不开放/已过期,排球队训练,多云,19,17,4,0.0,79,32
2026-05-21 10:10:40,2026-05-21,15,排球场-1号,14:00-15:00,0,1,不开放/已过期,排球队训练,多云,19,17,4,0.0,79,32
2026-05-21 10:20:38,2026-05-21,15,排球场-1号,14:00-15:00,0,1,不开放/已过期,排球队训练,多云,19,17,4,0.0,79,32
2026-05-21 10:30:41,2026-05-21,15,排球场-1号,14:00-15:00,0,1,不开放/已过期,排球队训练,多云,19,18,3,0.0,78,31
2026-05-21 11:00:44,2026-05-21,15,排球场-1号,14:00-15:00,0,1,不开放/已过期,排球队训练,多云,21,17,5,0.0,74,31
2026-05-21 11:30:38,2026-05-21,15,排球场-1号,14:00-15:00,0,1,不开放/已过期,排球队训练,多云,21,19,3,0.0,72,33
2026-05-21 12:00:46,2026-05-21,15,排球场-1号,14:00-15:00,0,1,不开放/已过期,排球队训练,多云,22,19,4,0.0,70,33
2026-05-21 12:30:42,2026-05-21,15,排球场-1号,14:00-15:00,0,1,不开放/已过期,排球队训练,多云,22,21,3,0.0,68,35
2026-05-21 13:00:43,2026-05-21,15,排球场-1号,14:00-15:00,0,1,不开放/已过期,排球队训练,多云,24,22,4,0.0,66,35
2026-05-21 13:30:43,2026-05-21,15,排球场-1号,14:00-15:00,0,1,不开放/已过期,排球队训练,多云,24,22,4,0.0,66,36
2026-05-21 14:00:48,2026-05-21,15,排球场-1号,14:00-15:00,0,1,不开放/已过期,排球队训练,多云,25,23,4,0.0,66,36
2026-05-21 14:30:45,2026-05-21,15,排球场-1号,14:00-15:00,0,1,不开放/已过期,排球队训练,晴,25,25,3,0.0,65,39
2026-05-21 15:00:45,2026-05-21,15,排球场-1号,14:00-15:00,0,1,不开放/已过期,排球队训练,晴,25,22,4,0.0,56,39
2026-05-21 15:30:43,2026-05-21,15,排球场-1号,14:00-15:00,0,1,不开放/已过期,排球队训练,晴,25,23,4,0.0,57,40
2026-05-21 16:00:51,2026-05-21,15,排球场-1号,14:00-15:00,0,1,不开放/已过期,排球队训练,晴,25,23,4,0.0,57,40
2026-05-21 16:30:48,2026-05-21,15,排球场-1号,14:00-15:00,0,1,不开放/已过期,排球队训练,晴,25,24,3,0.0,60,39
2026-05-21 17:00:49,2026-05-21,15,排球场-1号,14:00-15:00,0,1,不开放/已过期,排球队训练,晴,25,24,4,0.0,61,39
2026-05-21 17:30:47,2026-05-21,15,排球场-1号,14:00-15:00,0,1,不开放/已过期,排球队训练,多云,24,23,3,0.0,64,39
2026-05-21 18:00:50,2026-05-21,15,排球场-1号,14:00-15:00,0,1,不开放/已过期,排球队训练,多云,24,23,3,0.0,68,39
2026-05-21 18:30:50,2026-05-21,15,排球场-1号,14:00-15:00,0,1,不开放/已过期,排球队训练,阴,24,25,2,0.0,68,40
2026-05-21 19:00:50,2026-05-21,15,排球场-1号,14:00-15:00,0,1,不开放/已过期,排球队训练,阴,23,23,3,0.0,76,40
2026-05-21 19:30:46,2026-05-21,15,排球场-1号,14:00-15:00,0,1,不开放/已过期,排球队训练,阴,23,24,2,0.0,77,39
2026-05-21 20:00:49,2026-05-21,15,排球场-1号,14:00-15:00,0,1,不开放/已过期,排球队训练,雾,22,23,2,0.0,89,39
2026-05-21 20:30:44,2026-05-21,15,排球场-1号,14:00-15:00,0,1,不开放/已过期,排球队训练,雾,22,24,2,0.0,93,43
2026-05-21 21:00:56,2026-05-21,15,排球场-1号,14:00-15:00,0,1,不开放/已过期,排球队训练,雾,20,21,2,0.0,98,43
2026-05-21 21:30:46,2026-05-21,15,排球场-1号,14:00-15:00,0,1,不开放/已过期,排球队训练,雾,20,22,1,0.0,99,41
2026-05-21 22:01:02,2026-05-21,15,排球场-1号,14:00-15:00,0,1,不开放/已过期,排球队训练,雾,19,20,2,0.0,93,41
2026-05-21 22:30:47,2026-05-21,15,排球场-1号,14:00-15:00,0,1,不开放/已过期,排球队训练,雾,19,19,3,0.0,88,46
2026-05-21 23:00:56,2026-05-21,15,排球场-1号,14:00-15:00,0,1,不开放/已过期,排球队训练,多云,18,17,3,0.0,85,46
2026-05-21 23:30:55,2026-05-21,15,排球场-1号,14:00-15:00,0,1,不开放/已过期,排球队训练,多云,18,17,3,0.0,85,48
2026-05-21 00:30:49,2026-05-21,15,排球场-1号,15:00-16:00,0,1,不开放/已过期,排球队训练,多云,15,13,3,0.0,100,26
2026-05-21 01:00:55,2026-05-21,15,排球场-1号,15:00-16:00,0,1,不开放/已过期,排球队训练,多云,15,12,4,0.0,100,26
2026-05-21 01:30:47,2026-05-21,15,排球场-1号,15:00-16:00,0,1,不开放/已过期,排球队训练,多云,15,13,4,0.0,100,28
2026-05-21 02:00:53,2026-05-21,15,排球场-1号,15:00-16:00,0,1,不开放/已过期,排球队训练,多云,15,12,4,0.0,100,28
2026-05-21 02:30:49,2026-05-21,15,排球场-1号,15:00-16:00,0,1,不开放/已过期,排球队训练,多云,15,14,3,0.0,100,29
2026-05-21 03:00:55,2026-05-21,15,排球场-1号,15:00-16:00,0,1,不开放/已过期,排球队训练,多云,15,12,4,0.0,100,29
2026-05-21 03:30:49,2026-05-21,15,排球场-1号,15:00-16:00,0,1,不开放/已过期,排球队训练,多云,15,14,3,0.0,100,30
2026-05-21 04:30:45,2026-05-21,15,排球场-1号,15:00-16:00,0,1,不开放/已过期,排球队训练,多云,15,12,4,0.0,100,29
2026-05-21 05:00:52,2026-05-21,15,排球场-1号,15:00-16:00,0,1,不开放/已过期,排球队训练,多云,15,12,4,0.0,100,29
2026-05-21 05:30:49,2026-05-21,15,排球场-1号,15:00-16:00,0,1,不开放/已过期,排球队训练,多云,15,13,3,0.0,100,28
2026-05-21 06:00:50,2026-05-21,15,排球场-1号,15:00-16:00,0,1,不开放/已过期,排球队训练,多云,15,13,4,0.0,99,28
2026-05-21 06:30:38,2026-05-21,15,排球场-1号,15:00-16:00,0,1,不开放/已过期,排球队训练,多云,15,13,3,0.0,97,28
2026-05-21 07:00:43,2026-05-21,15,排球场-1号,15:00-16:00,0,1,不开放/已过期,排球队训练,晴,15,11,5,0.0,93,28
2026-05-21 07:30:39,2026-05-21,15,排球场-1号,15:00-16:00,0,1,不开放/已过期,排球队训练,晴,17,13,4,0.0,89,29
2026-05-21 07:50:40,2026-05-21,15,排球场-1号,15:00-16:00,0,1,不开放/已过期,排球队训练,晴,17,13,4,0.0,88,29
2026-05-21 07:53:31,2026-05-21,15,排球场-1号,15:00-16:00,0,1,不开放/已过期,排球队训练,晴,17,12,5,0.0,86,29
2026-05-21 07:56:31,2026-05-21,15,排球场-1号,15:00-16:00,0,1,不开放/已过期,排球队训练,晴,17,12,5,0.0,86,29
2026-05-21 07:59:26,2026-05-21,15,排球场-1号,15:00-16:00,0,1,不开放/已过期,排球队训练,晴,17,12,5,0.0,86,29
2026-05-21 08:00:45,2026-05-21,15,排球场-1号,15:00-16:00,0,1,不开放/已过期,排球队训练,晴,17,12,5,0.0,86,29
2026-05-21 08:02:30,2026-05-21,15,排球场-1号,15:00-16:00,0,1,不开放/已过期,排球队训练,多云,17,12,5,0.0,87,29
2026-05-21 08:05:36,2026-05-21,15,排球场-1号,15:00-16:00,0,1,不开放/已过期,排球队训练,多云,17,12,5,0.0,86,29
2026-05-21 08:08:31,2026-05-21,15,排球场-1号,15:00-16:00,0,1,不开放/已过期,排球队训练,多云,17,12,5,0.0,86,29
2026-05-21 08:11:30,2026-05-21,15,排球场-1号,15:00-16:00,0,1,不开放/已过期,排球队训练,多云,17,12,5,0.0,86,29
2026-05-21 08:14:31,2026-05-21,15,排球场-1号,15:00-16:00,0,1,不开放/已过期,排球队训练,多云,17,12,5,0.0,86,29
2026-05-21 08:17:30,2026-05-21,15,排球场-1号,15:00-16:00,0,1,不开放/已过期,排球队训练,多云,17,12,5,0.0,86,29
2026-05-21 08:20:35,2026-05-21,15,排球场-1号,15:00-16:00,0,1,不开放/已过期,排球队训练,多云,17,14,4,0.0,85,29
2026-05-21 08:25:32,2026-05-21,15,排球场-1号,15:00-16:00,0,1,不开放/已过期,排球队训练,多云,17,14,4,0.0,85,28
2026-05-21 08:30:42,2026-05-21,15,排球场-1号,15:00-16:00,0,1,不开放/已过期,排球队训练,多云,18,15,4,0.0,84,28
2026-05-21 08:35:31,2026-05-21,15,排球场-1号,15:00-16:00,0,1,不开放/已过期,排球队训练,多云,18,15,4,0.0,84,28
2026-05-21 08:40:38,2026-05-21,15,排球场-1号,15:00-16:00,0,1,不开放/已过期,排球队训练,多云,18,15,4,0.0,82,28
2026-05-21 08:45:33,2026-05-21,15,排球场-1号,15:00-16:00,0,1,不开放/已过期,排球队训练,多云,18,15,4,0.0,82,28
2026-05-21 08:50:36,2026-05-21,15,排球场-1号,15:00-16:00,0,1,不开放/已过期,排球队训练,多云,18,15,4,0.0,82,28
2026-05-21 08:55:34,2026-05-21,15,排球场-1号,15:00-16:00,0,1,不开放/已过期,排球队训练,多云,18,15,4,0.0,84,28
2026-05-21 09:00:51,2026-05-21,15,排球场-1号,15:00-16:00,0,1,不开放/已过期,排球队训练,多云,18,15,4,0.0,84,28
2026-05-21 09:01:59,2026-05-21,15,排球场-1号,15:00-16:00,0,1,不开放/已过期,排球队训练,多云,18,15,4,0.0,83,28
2026-05-21 09:05:33,2026-05-21,15,排球场-1号,15:00-16:00,0,1,不开放/已过期,排球队训练,多云,18,15,4,0.0,83,28
2026-05-21 09:20:38,2026-05-21,15,排球场-1号,15:00-16:00,0,1,不开放/已过期,排球队训练,多云,18,16,3,0.0,81,28
2026-05-21 09:30:46,2026-05-21,15,排球场-1号,15:00-16:00,0,1,不开放/已过期,排球队训练,多云,18,16,3,0.0,81,32
2026-05-21 09:40:36,2026-05-21,15,排球场-1号,15:00-16:00,0,1,不开放/已过期,排球队训练,多云,19,17,3,0.0,79,32
2026-05-21 09:50:42,2026-05-21,15,排球场-1号,15:00-16:00,0,1,不开放/已过期,排球队训练,多云,19,17,4,0.0,81,32
2026-05-21 10:00:46,2026-05-21,15,排球场-1号,15:00-16:00,0,1,不开放/已过期,排球队训练,多云,19,17,4,0.0,79,32
2026-05-21 10:10:40,2026-05-21,15,排球场-1号,15:00-16:00,0,1,不开放/已过期,排球队训练,多云,19,17,4,0.0,79,32
2026-05-21 10:20:38,2026-05-21,15,排球场-1号,15:00-16:00,0,1,不开放/已过期,排球队训练,多云,19,17,4,0.0,79,32
2026-05-21 10:30:41,2026-05-21,15,排球场-1号,15:00-16:00,0,1,不开放/已过期,排球队训练,多云,19,18,3,0.0,78,31
2026-05-21 11:00:44,2026-05-21,15,排球场-1号,15:00-16:00,0,1,不开放/已过期,排球队训练,多云,21,17,5,0.0,74,31
2026-05-21 11:30:38,2026-05-21,15,排球场-1号,15:00-16:00,0,1,不开放/已过期,排球队训练,多云,21,19,3,0.0,72,33
2026-05-21 12:00:46,2026-05-21,15,排球场-1号,15:00-16:00,0,1,不开放/已过期,排球队训练,多云,22,19,4,0.0,70,33
2026-05-21 12:30:42,2026-05-21,15,排球场-1号,15:00-16:00,0,1,不开放/已过期,排球队训练,多云,22,21,3,0.0,68,35
2026-05-21 13:00:43,2026-05-21,15,排球场-1号,15:00-16:00,0,1,不开放/已过期,排球队训练,多云,24,22,4,0.0,66,35
2026-05-21 13:30:43,2026-05-21,15,排球场-1号,15:00-16:00,0,1,不开放/已过期,排球队训练,多云,24,22,4,0.0,66,36
2026-05-21 14:00:48,2026-05-21,15,排球场-1号,15:00-16:00,0,1,不开放/已过期,排球队训练,多云,25,23,4,0.0,66,36
2026-05-21 14:30:45,2026-05-21,15,排球场-1号,15:00-16:00,0,1,不开放/已过期,排球队训练,晴,25,25,3,0.0,65,39
2026-05-21 15:00:45,2026-05-21,15,排球场-1号,15:00-16:00,0,1,不开放/已过期,排球队训练,晴,25,22,4,0.0,56,39
2026-05-21 15:30:43,2026-05-21,15,排球场-1号,15:00-16:00,0,1,不开放/已过期,排球队训练,晴,25,23,4,0.0,57,40
2026-05-21 16:00:51,2026-05-21,15,排球场-1号,15:00-16:00,0,1,不开放/已过期,排球队训练,晴,25,23,4,0.0,57,40
2026-05-21 16:30:48,2026-05-21,15,排球场-1号,15:00-16:00,0,1,不开放/已过期,排球队训练,晴,25,24,3,0.0,60,39
2026-05-21 17:00:49,2026-05-21,15,排球场-1号,15:00-16:00,0,1,不开放/已过期,排球队训练,晴,25,24,4,0.0,61,39
2026-05-21 17:30:47,2026-05-21,15,排球场-1号,15:00-16:00,0,1,不开放/已过期,排球队训练,多云,24,23,3,0.0,64,39
2026-05-21 18:00:50,2026-05-21,15,排球场-1号,15:00-16:00,0,1,不开放/已过期,排球队训练,多云,24,23,3,0.0,68,39
2026-05-21 18:30:50,2026-05-21,15,排球场-1号,15:00-16:00,0,1,不开放/已过期,排球队训练,阴,24,25,2,0.0,68,40
2026-05-21 19:00:50,2026-05-21,15,排球场-1号,15:00-16:00,0,1,不开放/已过期,排球队训练,阴,23,23,3,0.0,76,40
2026-05-21 19:30:46,2026-05-21,15,排球场-1号,15:00-16:00,0,1,不开放/已过期,排球队训练,阴,23,24,2,0.0,77,39
2026-05-21 20:00:49,2026-05-21,15,排球场-1号,15:00-16:00,0,1,不开放/已过期,排球队训练,雾,22,23,2,0.0,89,39
2026-05-21 20:30:44,2026-05-21,15,排球场-1号,15:00-16:00,0,1,不开放/已过期,排球队训练,雾,22,24,2,0.0,93,43
2026-05-21 21:00:56,2026-05-21,15,排球场-1号,15:00-16:00,0,1,不开放/已过期,排球队训练,雾,20,21,2,0.0,98,43
2026-05-21 21:30:46,2026-05-21,15,排球场-1号,15:00-16:00,0,1,不开放/已过期,排球队训练,雾,20,22,1,0.0,99,41
2026-05-21 22:01:02,2026-05-21,15,排球场-1号,15:00-16:00,0,1,不开放/已过期,排球队训练,雾,19,20,2,0.0,93,41
2026-05-21 22:30:47,2026-05-21,15,排球场-1号,15:00-16:00,0,1,不开放/已过期,排球队训练,雾,19,19,3,0.0,88,46
2026-05-21 23:00:56,2026-05-21,15,排球场-1号,15:00-16:00,0,1,不开放/已过期,排球队训练,多云,18,17,3,0.0,85,46
2026-05-21 23:30:55,2026-05-21,15,排球场-1号,15:00-16:00,0,1,不开放/已过期,排球队训练,多云,18,17,3,0.0,85,48
2026-05-21 00:30:49,2026-05-21,15,排球场-1号,16:00-17:00,0,1,不开放/已过期,排球队训练,多云,15,13,3,0.0,100,26
2026-05-21 01:00:55,2026-05-21,15,排球场-1号,16:00-17:00,0,1,不开放/已过期,排球队训练,多云,15,12,4,0.0,100,26
2026-05-21 01:30:47,2026-05-21,15,排球场-1号,16:00-17:00,0,1,不开放/已过期,排球队训练,多云,15,13,4,0.0,100,28
2026-05-21 02:00:53,2026-05-21,15,排球场-1号,16:00-17:00,0,1,不开放/已过期,排球队训练,多云,15,12,4,0.0,100,28
2026-05-21 02:30:49,2026-05-21,15,排球场-1号,16:00-17:00,0,1,不开放/已过期,排球队训练,多云,15,14,3,0.0,100,29
2026-05-21 03:00:55,2026-05-21,15,排球场-1号,16:00-17:00,0,1,不开放/已过期,排球队训练,多云,15,12,4,0.0,100,29
2026-05-21 03:30:49,2026-05-21,15,排球场-1号,16:00-17:00,0,1,不开放/已过期,排球队训练,多云,15,14,3,0.0,100,30
2026-05-21 04:30:45,2026-05-21,15,排球场-1号,16:00-17:00,0,1,不开放/已过期,排球队训练,多云,15,12,4,0.0,100,29
2026-05-21 05:00:52,2026-05-21,15,排球场-1号,16:00-17:00,0,1,不开放/已过期,排球队训练,多云,15,12,4,0.0,100,29
2026-05-21 05:30:49,2026-05-21,15,排球场-1号,16:00-17:00,0,1,不开放/已过期,排球队训练,多云,15,13,3,0.0,100,28
2026-05-21 06:00:50,2026-05-21,15,排球场-1号,16:00-17:00,0,1,不开放/已过期,排球队训练,多云,15,13,4,0.0,99,28
2026-05-21 06:30:38,2026-05-21,15,排球场-1号,16:00-17:00,0,1,不开放/已过期,排球队训练,多云,15,13,3,0.0,97,28
2026-05-21 07:00:43,2026-05-21,15,排球场-1号,16:00-17:00,0,1,不开放/已过期,排球队训练,晴,15,11,5,0.0,93,28
2026-05-21 07:30:39,2026-05-21,15,排球场-1号,16:00-17:00,0,1,不开放/已过期,排球队训练,晴,17,13,4,0.0,89,29
2026-05-21 07:50:40,2026-05-21,15,排球场-1号,16:00-17:00,0,1,不开放/已过期,排球队训练,晴,17,13,4,0.0,88,29
2026-05-21 07:53:31,2026-05-21,15,排球场-1号,16:00-17:00,0,1,不开放/已过期,排球队训练,晴,17,12,5,0.0,86,29
2026-05-21 07:56:31,2026-05-21,15,排球场-1号,16:00-17:00,0,1,不开放/已过期,排球队训练,晴,17,12,5,0.0,86,29
2026-05-21 07:59:26,2026-05-21,15,排球场-1号,16:00-17:00,0,1,不开放/已过期,排球队训练,晴,17,12,5,0.0,86,29
2026-05-21 08:00:45,2026-05-21,15,排球场-1号,16:00-17:00,0,1,不开放/已过期,排球队训练,晴,17,12,5,0.0,86,29
2026-05-21 08:02:30,2026-05-21,15,排球场-1号,16:00-17:00,0,1,不开放/已过期,排球队训练,多云,17,12,5,0.0,87,29
2026-05-21 08:05:36,2026-05-21,15,排球场-1号,16:00-17:00,0,1,不开放/已过期,排球队训练,多云,17,12,5,0.0,86,29
2026-05-21 08:08:31,2026-05-21,15,排球场-1号,16:00-17:00,0,1,不开放/已过期,排球队训练,多云,17,12,5,0.0,86,29
2026-05-21 08:11:30,2026-05-21,15,排球场-1号,16:00-17:00,0,1,不开放/已过期,排球队训练,多云,17,12,5,0.0,86,29
2026-05-21 08:14:31,2026-05-21,15,排球场-1号,16:00-17:00,0,1,不开放/已过期,排球队训练,多云,17,12,5,0.0,86,29
2026-05-21 08:17:30,2026-05-21,15,排球场-1号,16:00-17:00,0,1,不开放/已过期,排球队训练,多云,17,12,5,0.0,86,29
2026-05-21 08:20:35,2026-05-21,15,排球场-1号,16:00-17:00,0,1,不开放/已过期,排球队训练,多云,17,14,4,0.0,85,29
2026-05-21 08:25:32,2026-05-21,15,排球场-1号,16:00-17:00,0,1,不开放/已过期,排球队训练,多云,17,14,4,0.0,85,28
2026-05-21 08:30:42,2026-05-21,15,排球场-1号,16:00-17:00,0,1,不开放/已过期,排球队训练,多云,18,15,4,0.0,84,28
2026-05-21 08:35:31,2026-05-21,15,排球场-1号,16:00-17:00,0,1,不开放/已过期,排球队训练,多云,18,15,4,0.0,84,28
2026-05-21 08:40:38,2026-05-21,15,排球场-1号,16:00-17:00,0,1,不开放/已过期,排球队训练,多云,18,15,4,0.0,82,28
2026-05-21 08:45:33,2026-05-21,15,排球场-1号,16:00-17:00,0,1,不开放/已过期,排球队训练,多云,18,15,4,0.0,82,28
2026-05-21 08:50:36,2026-05-21,15,排球场-1号,16:00-17:00,0,1,不开放/已过期,排球队训练,多云,18,15,4,0.0,82,28
2026-05-21 08:55:34,2026-05-21,15,排球场-1号,16:00-17:00,0,1,不开放/已过期,排球队训练,多云,18,15,4,0.0,84,28
2026-05-21 09:00:51,2026-05-21,15,排球场-1号,16:00-17:00,0,1,不开放/已过期,排球队训练,多云,18,15,4,0.0,84,28
2026-05-21 09:01:59,2026-05-21,15,排球场-1号,16:00-17:00,0,1,不开放/已过期,排球队训练,多云,18,15,4,0.0,83,28
2026-05-21 09:05:33,2026-05-21,15,排球场-1号,16:00-17:00,0,1,不开放/已过期,排球队训练,多云,18,15,4,0.0,83,28
2026-05-21 09:20:38,2026-05-21,15,排球场-1号,16:00-17:00,0,1,不开放/已过期,排球队训练,多云,18,16,3,0.0,81,28
2026-05-21 09:30:46,2026-05-21,15,排球场-1号,16:00-17:00,0,1,不开放/已过期,排球队训练,多云,18,16,3,0.0,81,32
2026-05-21 09:40:36,2026-05-21,15,排球场-1号,16:00-17:00,0,1,不开放/已过期,排球队训练,多云,19,17,3,0.0,79,32
2026-05-21 09:50:42,2026-05-21,15,排球场-1号,16:00-17:00,0,1,不开放/已过期,排球队训练,多云,19,17,4,0.0,81,32
2026-05-21 10:00:46,2026-05-21,15,排球场-1号,16:00-17:00,0,1,不开放/已过期,排球队训练,多云,19,17,4,0.0,79,32
2026-05-21 10:10:40,2026-05-21,15,排球场-1号,16:00-17:00,0,1,不开放/已过期,排球队训练,多云,19,17,4,0.0,79,32
2026-05-21 10:20:38,2026-05-21,15,排球场-1号,16:00-17:00,0,1,不开放/已过期,排球队训练,多云,19,17,4,0.0,79,32
2026-05-21 10:30:41,2026-05-21,15,排球场-1号,16:00-17:00,0,1,不开放/已过期,排球队训练,多云,19,18,3,0.0,78,31
2026-05-21 11:00:44,2026-05-21,15,排球场-1号,16:00-17:00,0,1,不开放/已过期,排球队训练,多云,21,17,5,0.0,74,31
2026-05-21 11:30:38,2026-05-21,15,排球场-1号,16:00-17:00,0,1,不开放/已过期,排球队训练,多云,21,19,3,0.0,72,33
2026-05-21 12:00:46,2026-05-21,15,排球场-1号,16:00-17:00,0,1,不开放/已过期,排球队训练,多云,22,19,4,0.0,70,33
2026-05-21 12:30:42,2026-05-21,15,排球场-1号,16:00-17:00,0,1,不开放/已过期,排球队训练,多云,22,21,3,0.0,68,35
2026-05-21 13:00:43,2026-05-21,15,排球场-1号,16:00-17:00,0,1,不开放/已过期,排球队训练,多云,24,22,4,0.0,66,35
2026-05-21 13:30:43,2026-05-21,15,排球场-1号,16:00-17:00,0,1,不开放/已过期,排球队训练,多云,24,22,4,0.0,66,36
2026-05-21 14:00:48,2026-05-21,15,排球场-1号,16:00-17:00,0,1,不开放/已过期,排球队训练,多云,25,23,4,0.0,66,36
2026-05-21 14:30:45,2026-05-21,15,排球场-1号,16:00-17:00,0,1,不开放/已过期,排球队训练,晴,25,25,3,0.0,65,39
2026-05-21 15:00:45,2026-05-21,15,排球场-1号,16:00-17:00,0,1,不开放/已过期,排球队训练,晴,25,22,4,0.0,56,39
2026-05-21 15:30:43,2026-05-21,15,排球场-1号,16:00-17:00,0,1,不开放/已过期,排球队训练,晴,25,23,4,0.0,57,40
2026-05-21 16:00:51,2026-05-21,15,排球场-1号,16:00-17:00,0,1,不开放/已过期,排球队训练,晴,25,23,4,0.0,57,40
2026-05-21 16:30:48,2026-05-21,15,排球场-1号,16:00-17:00,0,1,不开放/已过期,排球队训练,晴,25,24,3,0.0,60,39
2026-05-21 17:00:49,2026-05-21,15,排球场-1号,16:00-17:00,0,1,不开放/已过期,排球队训练,晴,25,24,4,0.0,61,39
2026-05-21 17:30:47,2026-05-21,15,排球场-1号,16:00-17:00,0,1,不开放/已过期,排球队训练,多云,24,23,3,0.0,64,39
2026-05-21 18:00:50,2026-05-21,15,排球场-1号,16:00-17:00,0,1,不开放/已过期,排球队训练,多云,24,23,3,0.0,68,39
2026-05-21 18:30:50,2026-05-21,15,排球场-1号,16:00-17:00,0,1,不开放/已过期,排球队训练,阴,24,25,2,0.0,68,40
2026-05-21 19:00:50,2026-05-21,15,排球场-1号,16:00-17:00,0,1,不开放/已过期,排球队训练,阴,23,23,3,0.0,76,40
2026-05-21 19:30:46,2026-05-21,15,排球场-1号,16:00-17:00,0,1,不开放/已过期,排球队训练,阴,23,24,2,0.0,77,39
2026-05-21 20:00:49,2026-05-21,15,排球场-1号,16:00-17:00,0,1,不开放/已过期,排球队训练,雾,22,23,2,0.0,89,39
2026-05-21 20:30:44,2026-05-21,15,排球场-1号,16:00-17:00,0,1,不开放/已过期,排球队训练,雾,22,24,2,0.0,93,43
2026-05-21 21:00:56,2026-05-21,15,排球场-1号,16:00-17:00,0,1,不开放/已过期,排球队训练,雾,20,21,2,0.0,98,43
2026-05-21 21:30:46,2026-05-21,15,排球场-1号,16:00-17:00,0,1,不开放/已过期,排球队训练,雾,20,22,1,0.0,99,41
2026-05-21 22:01:02,2026-05-21,15,排球场-1号,16:00-17:00,0,1,不开放/已过期,排球队训练,雾,19,20,2,0.0,93,41
2026-05-21 22:30:47,2026-05-21,15,排球场-1号,16:00-17:00,0,1,不开放/已过期,排球队训练,雾,19,19,3,0.0,88,46
2026-05-21 23:00:56,2026-05-21,15,排球场-1号,16:00-17:00,0,1,不开放/已过期,排球队训练,多云,18,17,3,0.0,85,46
2026-05-21 23:30:55,2026-05-21,15,排球场-1号,16:00-17:00,0,1,不开放/已过期,排球队训练,多云,18,17,3,0.0,85,48
2026-05-21 00:30:49,2026-05-21,15,排球场-1号,19:00-20:00,1,1,已售/已满,已售,多云,15,13,3,0.0,100,26
2026-05-21 01:00:55,2026-05-21,15,排球场-1号,19:00-20:00,1,1,已售/已满,已售,多云,15,12,4,0.0,100,26
2026-05-21 01:30:47,2026-05-21,15,排球场-1号,19:00-20:00,1,1,已售/已满,已售,多云,15,13,4,0.0,100,28
2026-05-21 02:00:53,2026-05-21,15,排球场-1号,19:00-20:00,1,1,已售/已满,已售,多云,15,12,4,0.0,100,28
2026-05-21 02:30:49,2026-05-21,15,排球场-1号,19:00-20:00,1,1,已售/已满,已售,多云,15,14,3,0.0,100,29
2026-05-21 03:00:55,2026-05-21,15,排球场-1号,19:00-20:00,1,1,已售/已满,已售,多云,15,12,4,0.0,100,29
2026-05-21 03:30:49,2026-05-21,15,排球场-1号,19:00-20:00,1,1,已售/已满,已售,多云,15,14,3,0.0,100,30
2026-05-21 04:30:45,2026-05-21,15,排球场-1号,19:00-20:00,1,1,已售/已满,已售,多云,15,12,4,0.0,100,29
2026-05-21 05:00:52,2026-05-21,15,排球场-1号,19:00-20:00,1,1,已售/已满,已售,多云,15,12,4,0.0,100,29
2026-05-21 05:30:49,2026-05-21,15,排球场-1号,19:00-20:00,1,1,已售/已满,已售,多云,15,13,3,0.0,100,28
2026-05-21 06:00:50,2026-05-21,15,排球场-1号,19:00-20:00,1,1,已售/已满,已售,多云,15,13,4,0.0,99,28
2026-05-21 06:30:38,2026-05-21,15,排球场-1号,19:00-20:00,1,1,已售/已满,已售,多云,15,13,3,0.0,97,28
2026-05-21 07:00:43,2026-05-21,15,排球场-1号,19:00-20:00,1,1,已售/已满,已售,晴,15,11,5,0.0,93,28
2026-05-21 07:30:39,2026-05-21,15,排球场-1号,19:00-20:00,1,1,已售/已满,已售,晴,17,13,4,0.0,89,29
2026-05-21 07:50:40,2026-05-21,15,排球场-1号,19:00-20:00,1,1,已售/已满,已售,晴,17,13,4,0.0,88,29
2026-05-21 07:53:31,2026-05-21,15,排球场-1号,19:00-20:00,1,1,已售/已满,已售,晴,17,12,5,0.0,86,29
2026-05-21 07:56:31,2026-05-21,15,排球场-1号,19:00-20:00,1,1,已售/已满,已售,晴,17,12,5,0.0,86,29
2026-05-21 07:59:26,2026-05-21,15,排球场-1号,19:00-20:00,1,1,已售/已满,已售,晴,17,12,5,0.0,86,29
2026-05-21 08:00:45,2026-05-21,15,排球场-1号,19:00-20:00,1,1,已售/已满,已售,晴,17,12,5,0.0,86,29
2026-05-21 08:02:30,2026-05-21,15,排球场-1号,19:00-20:00,1,1,已售/已满,已售,多云,17,12,5,0.0,87,29
2026-05-21 08:05:36,2026-05-21,15,排球场-1号,19:00-20:00,1,1,已售/已满,已售,多云,17,12,5,0.0,86,29
2026-05-21 08:08:31,2026-05-21,15,排球场-1号,19:00-20:00,1,1,已售/已满,已售,多云,17,12,5,0.0,86,29
2026-05-21 08:11:30,2026-05-21,15,排球场-1号,19:00-20:00,1,1,已售/已满,已售,多云,17,12,5,0.0,86,29
2026-05-21 08:14:31,2026-05-21,15,排球场-1号,19:00-20:00,1,1,已售/已满,已售,多云,17,12,5,0.0,86,29
2026-05-21 08:17:30,2026-05-21,15,排球场-1号,19:00-20:00,1,1,已售/已满,已售,多云,17,12,5,0.0,86,29
2026-05-21 08:20:35,2026-05-21,15,排球场-1号,19:00-20:00,1,1,已售/已满,已售,多云,17,14,4,0.0,85,29
2026-05-21 08:25:32,2026-05-21,15,排球场-1号,19:00-20:00,1,1,已售/已满,已售,多云,17,14,4,0.0,85,28
2026-05-21 08:30:42,2026-05-21,15,排球场-1号,19:00-20:00,1,1,已售/已满,已售,多云,18,15,4,0.0,84,28
2026-05-21 08:35:31,2026-05-21,15,排球场-1号,19:00-20:00,1,1,已售/已满,已售,多云,18,15,4,0.0,84,28
2026-05-21 08:40:38,2026-05-21,15,排球场-1号,19:00-20:00,1,1,已售/已满,已售,多云,18,15,4,0.0,82,28
2026-05-21 08:45:33,2026-05-21,15,排球场-1号,19:00-20:00,1,1,已售/已满,已售,多云,18,15,4,0.0,82,28
2026-05-21 08:50:36,2026-05-21,15,排球场-1号,19:00-20:00,1,1,已售/已满,已售,多云,18,15,4,0.0,82,28
2026-05-21 08:55:34,2026-05-21,15,排球场-1号,19:00-20:00,1,1,已售/已满,已售,多云,18,15,4,0.0,84,28
2026-05-21 09:00:51,2026-05-21,15,排球场-1号,19:00-20:00,1,1,已售/已满,已售,多云,18,15,4,0.0,84,28
2026-05-21 09:01:59,2026-05-21,15,排球场-1号,19:00-20:00,1,1,已售/已满,已售,多云,18,15,4,0.0,83,28
2026-05-21 09:05:33,2026-05-21,15,排球场-1号,19:00-20:00,1,1,已售/已满,已售,多云,18,15,4,0.0,83,28
2026-05-21 09:20:38,2026-05-21,15,排球场-1号,19:00-20:00,1,1,已售/已满,已售,多云,18,16,3,0.0,81,28
2026-05-21 09:30:46,2026-05-21,15,排球场-1号,19:00-20:00,1,1,已售/已满,已售,多云,18,16,3,0.0,81,32
2026-05-21 09:40:36,2026-05-21,15,排球场-1号,19:00-20:00,1,1,已售/已满,已售,多云,19,17,3,0.0,79,32
2026-05-21 09:50:42,2026-05-21,15,排球场-1号,19:00-20:00,1,1,已售/已满,已售,多云,19,17,4,0.0,81,32
2026-05-21 10:00:46,2026-05-21,15,排球场-1号,19:00-20:00,1,1,已售/已满,已售,多云,19,17,4,0.0,79,32
2026-05-21 10:10:40,2026-05-21,15,排球场-1号,19:00-20:00,1,1,已售/已满,已售,多云,19,17,4,0.0,79,32
2026-05-21 10:20:38,2026-05-21,15,排球场-1号,19:00-20:00,1,1,已售/已满,已售,多云,19,17,4,0.0,79,32
2026-05-21 10:30:41,2026-05-21,15,排球场-1号,19:00-20:00,1,1,已售/已满,已售,多云,19,18,3,0.0,78,31
2026-05-21 11:00:44,2026-05-21,15,排球场-1号,19:00-20:00,1,1,已售/已满,已售,多云,21,17,5,0.0,74,31
2026-05-21 11:30:38,2026-05-21,15,排球场-1号,19:00-20:00,1,1,已售/已满,已售,多云,21,19,3,0.0,72,33
2026-05-21 12:00:46,2026-05-21,15,排球场-1号,19:00-20:00,1,1,已售/已满,已售,多云,22,19,4,0.0,70,33
2026-05-21 12:30:42,2026-05-21,15,排球场-1号,19:00-20:00,1,1,已售/已满,已售,多云,22,21,3,0.0,68,35
2026-05-21 13:00:43,2026-05-21,15,排球场-1号,19:00-20:00,1,1,已售/已满,已售,多云,24,22,4,0.0,66,35
2026-05-21 13:30:43,2026-05-21,15,排球场-1号,19:00-20:00,1,1,已售/已满,已售,多云,24,22,4,0.0,66,36
2026-05-21 14:00:48,2026-05-21,15,排球场-1号,19:00-20:00,1,1,已售/已满,已售,多云,25,23,4,0.0,66,36
2026-05-21 14:30:45,2026-05-21,15,排球场-1号,19:00-20:00,1,1,已售/已满,已售,晴,25,25,3,0.0,65,39
2026-05-21 15:00:45,2026-05-21,15,排球场-1号,19:00-20:00,1,1,已售/已满,已售,晴,25,22,4,0.0,56,39
2026-05-21 15:30:43,2026-05-21,15,排球场-1号,19:00-20:00,1,1,已售/已满,已售,晴,25,23,4,0.0,57,40
2026-05-21 16:00:51,2026-05-21,15,排球场-1号,19:00-20:00,1,1,已售/已满,已售,晴,25,23,4,0.0,57,40
2026-05-21 16:30:48,2026-05-21,15,排球场-1号,19:00-20:00,1,1,已售/已满,已售,晴,25,24,3,0.0,60,39
2026-05-21 17:00:49,2026-05-21,15,排球场-1号,19:00-20:00,1,1,已售/已满,已售,晴,25,24,4,0.0,61,39
2026-05-21 17:30:47,2026-05-21,15,排球场-1号,19:00-20:00,1,1,已售/已满,已售,多云,24,23,3,0.0,64,39
2026-05-21 18:00:50,2026-05-21,15,排球场-1号,19:00-20:00,1,1,已售/已满,已售,多云,24,23,3,0.0,68,39
2026-05-21 18:30:50,2026-05-21,15,排球场-1号,19:00-20:00,1,1,已售/已满,已售,阴,24,25,2,0.0,68,40
2026-05-21 19:00:50,2026-05-21,15,排球场-1号,19:00-20:00,1,1,已售/已满,已售,阴,23,23,3,0.0,76,40
2026-05-21 19:30:46,2026-05-21,15,排球场-1号,19:00-20:00,1,1,已售/已满,已售,阴,23,24,2,0.0,77,39
2026-05-21 20:00:49,2026-05-21,15,排球场-1号,19:00-20:00,1,1,已售/已满,已售,雾,22,23,2,0.0,89,39
2026-05-21 20:30:44,2026-05-21,15,排球场-1号,19:00-20:00,1,1,已售/已满,已售,雾,22,24,2,0.0,93,43
2026-05-21 21:00:56,2026-05-21,15,排球场-1号,19:00-20:00,1,1,已售/已满,已售,雾,20,21,2,0.0,98,43
2026-05-21 21:30:46,2026-05-21,15,排球场-1号,19:00-20:00,1,1,已售/已满,已售,雾,20,22,1,0.0,99,41
2026-05-21 22:01:02,2026-05-21,15,排球场-1号,19:00-20:00,1,1,已售/已满,已售,雾,19,20,2,0.0,93,41
2026-05-21 22:30:47,2026-05-21,15,排球场-1号,19:00-20:00,1,1,已售/已满,已售,雾,19,19,3,0.0,88,46
2026-05-21 23:00:56,2026-05-21,15,排球场-1号,19:00-20:00,1,1,已售/已满,已售,多云,18,17,3,0.0,85,46
2026-05-21 23:30:55,2026-05-21,15,排球场-1号,19:00-20:00,1,1,已售/已满,已售,多云,18,17,3,0.0,85,48
2026-05-21 00:30:49,2026-05-21,15,排球场-1号,20:30-21:30,1,1,已售/已满,已售,多云,15,13,3,0.0,100,26
2026-05-21 01:00:55,2026-05-21,15,排球场-1号,20:30-21:30,1,1,已售/已满,已售,多云,15,12,4,0.0,100,26
2026-05-21 01:30:47,2026-05-21,15,排球场-1号,20:30-21:30,1,1,已售/已满,已售,多云,15,13,4,0.0,100,28
2026-05-21 02:00:53,2026-05-21,15,排球场-1号,20:30-21:30,1,1,已售/已满,已售,多云,15,12,4,0.0,100,28
2026-05-21 02:30:49,2026-05-21,15,排球场-1号,20:30-21:30,1,1,已售/已满,已售,多云,15,14,3,0.0,100,29
2026-05-21 03:00:55,2026-05-21,15,排球场-1号,20:30-21:30,1,1,已售/已满,已售,多云,15,12,4,0.0,100,29
2026-05-21 03:30:49,2026-05-21,15,排球场-1号,20:30-21:30,1,1,已售/已满,已售,多云,15,14,3,0.0,100,30
2026-05-21 04:30:45,2026-05-21,15,排球场-1号,20:30-21:30,1,1,已售/已满,已售,多云,15,12,4,0.0,100,29
2026-05-21 05:00:52,2026-05-21,15,排球场-1号,20:30-21:30,1,1,已售/已满,已售,多云,15,12,4,0.0,100,29
2026-05-21 05:30:49,2026-05-21,15,排球场-1号,20:30-21:30,1,1,已售/已满,已售,多云,15,13,3,0.0,100,28
2026-05-21 06:00:50,2026-05-21,15,排球场-1号,20:30-21:30,1,1,已售/已满,已售,多云,15,13,4,0.0,99,28
2026-05-21 06:30:38,2026-05-21,15,排球场-1号,20:30-21:30,1,1,已售/已满,已售,多云,15,13,3,0.0,97,28
2026-05-21 07:00:43,2026-05-21,15,排球场-1号,20:30-21:30,1,1,已售/已满,已售,晴,15,11,5,0.0,93,28
2026-05-21 07:30:39,2026-05-21,15,排球场-1号,20:30-21:30,1,1,已售/已满,已售,晴,17,13,4,0.0,89,29
2026-05-21 07:50:40,2026-05-21,15,排球场-1号,20:30-21:30,1,1,已售/已满,已售,晴,17,13,4,0.0,88,29
2026-05-21 07:53:31,2026-05-21,15,排球场-1号,20:30-21:30,1,1,已售/已满,已售,晴,17,12,5,0.0,86,29
2026-05-21 07:56:31,2026-05-21,15,排球场-1号,20:30-21:30,1,1,已售/已满,已售,晴,17,12,5,0.0,86,29
2026-05-21 07:59:26,2026-05-21,15,排球场-1号,20:30-21:30,1,1,已售/已满,已售,晴,17,12,5,0.0,86,29
2026-05-21 08:00:45,2026-05-21,15,排球场-1号,20:30-21:30,1,1,已售/已满,已售,晴,17,12,5,0.0,86,29
2026-05-21 08:02:30,2026-05-21,15,排球场-1号,20:30-21:30,1,1,已售/已满,已售,多云,17,12,5,0.0,87,29
2026-05-21 08:05:36,2026-05-21,15,排球场-1号,20:30-21:30,1,1,已售/已满,已售,多云,17,12,5,0.0,86,29
2026-05-21 08:08:31,2026-05-21,15,排球场-1号,20:30-21:30,1,1,已售/已满,已售,多云,17,12,5,0.0,86,29
2026-05-21 08:11:30,2026-05-21,15,排球场-1号,20:30-21:30,1,1,已售/已满,已售,多云,17,12,5,0.0,86,29
2026-05-21 08:14:31,2026-05-21,15,排球场-1号,20:30-21:30,1,1,已售/已满,已售,多云,17,12,5,0.0,86,29
2026-05-21 08:17:30,2026-05-21,15,排球场-1号,20:30-21:30,1,1,已售/已满,已售,多云,17,12,5,0.0,86,29
2026-05-21 08:20:35,2026-05-21,15,排球场-1号,20:30-21:30,1,1,已售/已满,已售,多云,17,14,4,0.0,85,29
2026-05-21 08:25:32,2026-05-21,15,排球场-1号,20:30-21:30,1,1,已售/已满,已售,多云,17,14,4,0.0,85,28
2026-05-21 08:30:42,2026-05-21,15,排球场-1号,20:30-21:30,1,1,已售/已满,已售,多云,18,15,4,0.0,84,28
2026-05-21 08:35:31,2026-05-21,15,排球场-1号,20:30-21:30,1,1,已售/已满,已售,多云,18,15,4,0.0,84,28
2026-05-21 08:40:38,2026-05-21,15,排球场-1号,20:30-21:30,1,1,已售/已满,已售,多云,18,15,4,0.0,82,28
2026-05-21 08:45:33,2026-05-21,15,排球场-1号,20:30-21:30,1,1,已售/已满,已售,多云,18,15,4,0.0,82,28
2026-05-21 08:50:36,2026-05-21,15,排球场-1号,20:30-21:30,1,1,已售/已满,已售,多云,18,15,4,0.0,82,28
2026-05-21 08:55:34,2026-05-21,15,排球场-1号,20:30-21:30,1,1,已售/已满,已售,多云,18,15,4,0.0,84,28
2026-05-21 09:00:51,2026-05-21,15,排球场-1号,20:30-21:30,1,1,已售/已满,已售,多云,18,15,4,0.0,84,28
2026-05-21 09:01:59,2026-05-21,15,排球场-1号,20:30-21:30,1,1,已售/已满,已售,多云,18,15,4,0.0,83,28
2026-05-21 09:05:33,2026-05-21,15,排球场-1号,20:30-21:30,1,1,已售/已满,已售,多云,18,15,4,0.0,83,28
2026-05-21 09:20:38,2026-05-21,15,排球场-1号,20:30-21:30,1,1,已售/已满,已售,多云,18,16,3,0.0,81,28
2026-05-21 09:30:46,2026-05-21,15,排球场-1号,20:30-21:30,1,1,已售/已满,已售,多云,18,16,3,0.0,81,32
2026-05-21 09:40:36,2026-05-21,15,排球场-1号,20:30-21:30,1,1,已售/已满,已售,多云,19,17,3,0.0,79,32
2026-05-21 09:50:42,2026-05-21,15,排球场-1号,20:30-21:30,1,1,已售/已满,已售,多云,19,17,4,0.0,81,32
2026-05-21 10:00:46,2026-05-21,15,排球场-1号,20:30-21:30,1,1,已售/已满,已售,多云,19,17,4,0.0,79,32
2026-05-21 10:10:40,2026-05-21,15,排球场-1号,20:30-21:30,1,1,已售/已满,已售,多云,19,17,4,0.0,79,32
2026-05-21 10:20:38,2026-05-21,15,排球场-1号,20:30-21:30,1,1,已售/已满,已售,多云,19,17,4,0.0,79,32
2026-05-21 10:30:41,2026-05-21,15,排球场-1号,20:30-21:30,1,1,已售/已满,已售,多云,19,18,3,0.0,78,31
2026-05-21 11:00:44,2026-05-21,15,排球场-1号,20:30-21:30,1,1,已售/已满,已售,多云,21,17,5,0.0,74,31
2026-05-21 11:30:38,2026-05-21,15,排球场-1号,20:30-21:30,1,1,已售/已满,已售,多云,21,19,3,0.0,72,33
2026-05-21 12:00:46,2026-05-21,15,排球场-1号,20:30-21:30,1,1,已售/已满,已售,多云,22,19,4,0.0,70,33
2026-05-21 12:30:42,2026-05-21,15,排球场-1号,20:30-21:30,1,1,已售/已满,已售,多云,22,21,3,0.0,68,35
2026-05-21 13:00:43,2026-05-21,15,排球场-1号,20:30-21:30,1,1,已售/已满,已售,多云,24,22,4,0.0,66,35
2026-05-21 13:30:43,2026-05-21,15,排球场-1号,20:30-21:30,1,1,已售/已满,已售,多云,24,22,4,0.0,66,36
2026-05-21 14:00:48,2026-05-21,15,排球场-1号,20:30-21:30,1,1,已售/已满,已售,多云,25,23,4,0.0,66,36
2026-05-21 14:30:45,2026-05-21,15,排球场-1号,20:30-21:30,1,1,已售/已满,已售,晴,25,25,3,0.0,65,39
2026-05-21 15:00:45,2026-05-21,15,排球场-1号,20:30-21:30,1,1,已售/已满,已售,晴,25,22,4,0.0,56,39
2026-05-21 15:30:43,2026-05-21,15,排球场-1号,20:30-21:30,1,1,已售/已满,已售,晴,25,23,4,0.0,57,40
2026-05-21 16:00:51,2026-05-21,15,排球场-1号,20:30-21:30,1,1,已售/已满,已售,晴,25,23,4,0.0,57,40
2026-05-21 16:30:48,2026-05-21,15,排球场-1号,20:30-21:30,1,1,已售/已满,已售,晴,25,24,3,0.0,60,39
2026-05-21 17:00:49,2026-05-21,15,排球场-1号,20:30-21:30,1,1,已售/已满,已售,晴,25,24,4,0.0,61,39
2026-05-21 17:30:47,2026-05-21,15,排球场-1号,20:30-21:30,1,1,已售/已满,已售,多云,24,23,3,0.0,64,39
2026-05-21 18:00:50,2026-05-21,15,排球场-1号,20:30-21:30,1,1,已售/已满,已售,多云,24,23,3,0.0,68,39
2026-05-21 18:30:50,2026-05-21,15,排球场-1号,20:30-21:30,1,1,已售/已满,已售,阴,24,25,2,0.0,68,40
2026-05-21 19:00:50,2026-05-21,15,排球场-1号,20:30-21:30,1,1,已售/已满,已售,阴,23,23,3,0.0,76,40
2026-05-21 19:30:46,2026-05-21,15,排球场-1号,20:30-21:30,1,1,已售/已满,已售,阴,23,24,2,0.0,77,39
2026-05-21 20:00:49,2026-05-21,15,排球场-1号,20:30-21:30,1,1,已售/已满,已售,雾,22,23,2,0.0,89,39
2026-05-21 20:30:44,2026-05-21,15,排球场-1号,20:30-21:30,1,1,已售/已满,已售,雾,22,24,2,0.0,93,43
2026-05-21 21:00:56,2026-05-21,15,排球场-1号,20:30-21:30,1,1,已售/已满,已售,雾,20,21,2,0.0,98,43
2026-05-21 21:30:46,2026-05-21,15,排球场-1号,20:30-21:30,1,1,已售/已满,已售,雾,20,22,1,0.0,99,41
2026-05-21 22:01:02,2026-05-21,15,排球场-1号,20:30-21:30,1,1,已售/已满,已售,雾,19,20,2,0.0,93,41
2026-05-21 22:30:47,2026-05-21,15,排球场-1号,20:30-21:30,1,1,已售/已满,已售,雾,19,19,3,0.0,88,46
2026-05-21 23:00:56,2026-05-21,15,排球场-1号,20:30-21:30,1,1,已售/已满,已售,多云,18,17,3,0.0,85,46
2026-05-21 23:30:55,2026-05-21,15,排球场-1号,20:30-21:30,1,1,已售/已满,已售,多云,18,17,3,0.0,85,48
2026-05-21 00:30:49,2026-05-21,15,排球场-2号,09:00-10:00,0,1,可预约,￥150.0,多云,15,13,3,0.0,100,26
2026-05-21 01:00:55,2026-05-21,15,排球场-2号,09:00-10:00,0,1,可预约,￥150.0,多云,15,12,4,0.0,100,26
2026-05-21 01:30:47,2026-05-21,15,排球场-2号,09:00-10:00,0,1,可预约,￥150.0,多云,15,13,4,0.0,100,28
2026-05-21 02:00:53,2026-05-21,15,排球场-2号,09:00-10:00,0,1,可预约,￥150.0,多云,15,12,4,0.0,100,28
2026-05-21 02:30:49,2026-05-21,15,排球场-2号,09:00-10:00,0,1,可预约,￥150.0,多云,15,14,3,0.0,100,29
2026-05-21 03:00:55,2026-05-21,15,排球场-2号,09:00-10:00,0,1,可预约,￥150.0,多云,15,12,4,0.0,100,29
2026-05-21 03:30:49,2026-05-21,15,排球场-2号,09:00-10:00,0,1,可预约,￥150.0,多云,15,14,3,0.0,100,30
2026-05-21 04:30:45,2026-05-21,15,排球场-2号,09:00-10:00,0,1,可预约,￥150.0,多云,15,12,4,0.0,100,29
2026-05-21 05:00:52,2026-05-21,15,排球场-2号,09:00-10:00,0,1,可预约,￥150.0,多云,15,12,4,0.0,100,29
2026-05-21 05:30:49,2026-05-21,15,排球场-2号,09:00-10:00,0,1,可预约,￥150.0,多云,15,13,3,0.0,100,28
2026-05-21 06:00:50,2026-05-21,15,排球场-2号,09:00-10:00,0,1,可预约,￥150.0,多云,15,13,4,0.0,99,28
2026-05-21 06:30:38,2026-05-21,15,排球场-2号,09:00-10:00,0,1,可预约,￥150.0,多云,15,13,3,0.0,97,28
2026-05-21 07:00:43,2026-05-21,15,排球场-2号,09:00-10:00,0,1,可预约,￥150.0,晴,15,11,5,0.0,93,28
2026-05-21 07:30:39,2026-05-21,15,排球场-2号,09:00-10:00,0,1,可预约,￥150.0,晴,17,13,4,0.0,89,29
2026-05-21 07:50:40,2026-05-21,15,排球场-2号,09:00-10:00,0,1,可预约,￥150.0,晴,17,13,4,0.0,88,29
2026-05-21 07:53:31,2026-05-21,15,排球场-2号,09:00-10:00,0,1,可预约,￥150.0,晴,17,12,5,0.0,86,29
2026-05-21 07:56:31,2026-05-21,15,排球场-2号,09:00-10:00,0,1,可预约,￥150.0,晴,17,12,5,0.0,86,29
2026-05-21 07:59:26,2026-05-21,15,排球场-2号,09:00-10:00,0,1,可预约,￥150.0,晴,17,12,5,0.0,86,29
2026-05-21 08:00:45,2026-05-21,15,排球场-2号,09:00-10:00,0,1,可预约,￥150.0,晴,17,12,5,0.0,86,29
2026-05-21 08:02:30,2026-05-21,15,排球场-2号,09:00-10:00,0,1,可预约,￥150.0,多云,17,12,5,0.0,87,29
2026-05-21 08:05:36,2026-05-21,15,排球场-2号,09:00-10:00,0,1,可预约,￥150.0,多云,17,12,5,0.0,86,29
2026-05-21 08:08:31,2026-05-21,15,排球场-2号,09:00-10:00,0,1,可预约,￥150.0,多云,17,12,5,0.0,86,29
2026-05-21 08:11:30,2026-05-21,15,排球场-2号,09:00-10:00,0,1,可预约,￥150.0,多云,17,12,5,0.0,86,29
2026-05-21 08:14:31,2026-05-21,15,排球场-2号,09:00-10:00,0,1,可预约,￥150.0,多云,17,12,5,0.0,86,29
2026-05-21 08:17:30,2026-05-21,15,排球场-2号,09:00-10:00,0,1,可预约,￥150.0,多云,17,12,5,0.0,86,29
2026-05-21 08:20:35,2026-05-21,15,排球场-2号,09:00-10:00,0,1,可预约,￥150.0,多云,17,14,4,0.0,85,29
2026-05-21 08:25:32,2026-05-21,15,排球场-2号,09:00-10:00,0,1,可预约,￥150.0,多云,17,14,4,0.0,85,28
2026-05-21 08:30:42,2026-05-21,15,排球场-2号,09:00-10:00,0,1,可预约,￥150.0,多云,18,15,4,0.0,84,28
2026-05-21 08:35:31,2026-05-21,15,排球场-2号,09:00-10:00,0,1,可预约,￥150.0,多云,18,15,4,0.0,84,28
2026-05-21 08:40:38,2026-05-21,15,排球场-2号,09:00-10:00,0,1,可预约,￥150.0,多云,18,15,4,0.0,82,28
2026-05-21 08:45:33,2026-05-21,15,排球场-2号,09:00-10:00,0,1,可预约,￥150.0,多云,18,15,4,0.0,82,28
2026-05-21 08:50:36,2026-05-21,15,排球场-2号,09:00-10:00,0,1,可预约,￥150.0,多云,18,15,4,0.0,82,28
2026-05-21 08:55:34,2026-05-21,15,排球场-2号,09:00-10:00,0,1,可预约,￥150.0,多云,18,15,4,0.0,84,28
2026-05-21 09:00:51,2026-05-21,15,排球场-2号,09:00-10:00,0,1,可预约,￥150.0,多云,18,15,4,0.0,84,28
2026-05-21 09:01:59,2026-05-21,15,排球场-2号,09:00-10:00,0,1,可预约,￥150.0,多云,18,15,4,0.0,83,28
2026-05-21 09:05:33,2026-05-21,15,排球场-2号,09:00-10:00,0,1,可预约,￥150.0,多云,18,15,4,0.0,83,28
2026-05-21 09:20:38,2026-05-21,15,排球场-2号,09:00-10:00,0,1,可预约,￥150.0,多云,18,16,3,0.0,81,28
2026-05-21 09:30:46,2026-05-21,15,排球场-2号,09:00-10:00,0,1,可预约,￥150.0,多云,18,16,3,0.0,81,32
2026-05-21 09:40:36,2026-05-21,15,排球场-2号,09:00-10:00,0,1,可预约,￥150.0,多云,19,17,3,0.0,79,32
2026-05-21 09:50:42,2026-05-21,15,排球场-2号,09:00-10:00,0,1,可预约,￥150.0,多云,19,17,4,0.0,81,32
2026-05-21 10:00:46,2026-05-21,15,排球场-2号,09:00-10:00,0,1,不开放/已过期,,多云,19,17,4,0.0,79,32
2026-05-21 10:10:40,2026-05-21,15,排球场-2号,09:00-10:00,0,1,不开放/已过期,,多云,19,17,4,0.0,79,32
2026-05-21 10:20:38,2026-05-21,15,排球场-2号,09:00-10:00,0,1,不开放/已过期,,多云,19,17,4,0.0,79,32
2026-05-21 10:30:41,2026-05-21,15,排球场-2号,09:00-10:00,0,1,不开放/已过期,,多云,19,18,3,0.0,78,31
2026-05-21 11:00:44,2026-05-21,15,排球场-2号,09:00-10:00,0,1,不开放/已过期,,多云,21,17,5,0.0,74,31
2026-05-21 11:30:38,2026-05-21,15,排球场-2号,09:00-10:00,0,1,不开放/已过期,,多云,21,19,3,0.0,72,33
2026-05-21 12:00:46,2026-05-21,15,排球场-2号,09:00-10:00,0,1,不开放/已过期,,多云,22,19,4,0.0,70,33
2026-05-21 12:30:42,2026-05-21,15,排球场-2号,09:00-10:00,0,1,不开放/已过期,,多云,22,21,3,0.0,68,35
2026-05-21 13:00:43,2026-05-21,15,排球场-2号,09:00-10:00,0,1,不开放/已过期,,多云,24,22,4,0.0,66,35
2026-05-21 13:30:43,2026-05-21,15,排球场-2号,09:00-10:00,0,1,不开放/已过期,,多云,24,22,4,0.0,66,36
2026-05-21 14:00:48,2026-05-21,15,排球场-2号,09:00-10:00,0,1,不开放/已过期,,多云,25,23,4,0.0,66,36
2026-05-21 14:30:45,2026-05-21,15,排球场-2号,09:00-10:00,0,1,不开放/已过期,,晴,25,25,3,0.0,65,39
2026-05-21 15:00:45,2026-05-21,15,排球场-2号,09:00-10:00,0,1,不开放/已过期,,晴,25,22,4,0.0,56,39
2026-05-21 15:30:43,2026-05-21,15,排球场-2号,09:00-10:00,0,1,不开放/已过期,,晴,25,23,4,0.0,57,40
2026-05-21 16:00:51,2026-05-21,15,排球场-2号,09:00-10:00,0,1,不开放/已过期,,晴,25,23,4,0.0,57,40
2026-05-21 16:30:48,2026-05-21,15,排球场-2号,09:00-10:00,0,1,不开放/已过期,,晴,25,24,3,0.0,60,39
2026-05-21 17:00:49,2026-05-21,15,排球场-2号,09:00-10:00,0,1,不开放/已过期,,晴,25,24,4,0.0,61,39
2026-05-21 17:30:47,2026-05-21,15,排球场-2号,09:00-10:00,0,1,不开放/已过期,,多云,24,23,3,0.0,64,39
2026-05-21 18:00:50,2026-05-21,15,排球场-2号,09:00-10:00,0,1,不开放/已过期,,多云,24,23,3,0.0,68,39
2026-05-21 18:30:50,2026-05-21,15,排球场-2号,09:00-10:00,0,1,不开放/已过期,,阴,24,25,2,0.0,68,40
2026-05-21 19:00:50,2026-05-21,15,排球场-2号,09:00-10:00,0,1,不开放/已过期,,阴,23,23,3,0.0,76,40
2026-05-21 19:30:46,2026-05-21,15,排球场-2号,09:00-10:00,0,1,不开放/已过期,,阴,23,24,2,0.0,77,39
2026-05-21 20:00:49,2026-05-21,15,排球场-2号,09:00-10:00,0,1,不开放/已过期,,雾,22,23,2,0.0,89,39
2026-05-21 20:30:44,2026-05-21,15,排球场-2号,09:00-10:00,0,1,不开放/已过期,,雾,22,24,2,0.0,93,43
2026-05-21 21:00:56,2026-05-21,15,排球场-2号,09:00-10:00,0,1,不开放/已过期,,雾,20,21,2,0.0,98,43
2026-05-21 21:30:46,2026-05-21,15,排球场-2号,09:00-10:00,0,1,不开放/已过期,,雾,20,22,1,0.0,99,41
2026-05-21 22:01:02,2026-05-21,15,排球场-2号,09:00-10:00,0,1,不开放/已过期,,雾,19,20,2,0.0,93,41
2026-05-21 22:30:47,2026-05-21,15,排球场-2号,09:00-10:00,0,1,不开放/已过期,,雾,19,19,3,0.0,88,46
2026-05-21 23:00:56,2026-05-21,15,排球场-2号,09:00-10:00,0,1,不开放/已过期,,多云,18,17,3,0.0,85,46
2026-05-21 23:30:55,2026-05-21,15,排球场-2号,09:00-10:00,0,1,不开放/已过期,,多云,18,17,3,0.0,85,48
2026-05-21 00:30:49,2026-05-21,15,排球场-2号,10:30-11:30,1,1,已售/已满,教学时间,多云,15,13,3,0.0,100,26
2026-05-21 01:00:55,2026-05-21,15,排球场-2号,10:30-11:30,1,1,已售/已满,教学时间,多云,15,12,4,0.0,100,26
2026-05-21 01:30:47,2026-05-21,15,排球场-2号,10:30-11:30,1,1,已售/已满,教学时间,多云,15,13,4,0.0,100,28
2026-05-21 02:00:53,2026-05-21,15,排球场-2号,10:30-11:30,1,1,已售/已满,教学时间,多云,15,12,4,0.0,100,28
2026-05-21 02:30:49,2026-05-21,15,排球场-2号,10:30-11:30,1,1,已售/已满,教学时间,多云,15,14,3,0.0,100,29
2026-05-21 03:00:55,2026-05-21,15,排球场-2号,10:30-11:30,1,1,已售/已满,教学时间,多云,15,12,4,0.0,100,29
2026-05-21 03:30:49,2026-05-21,15,排球场-2号,10:30-11:30,1,1,已售/已满,教学时间,多云,15,14,3,0.0,100,30
2026-05-21 04:30:45,2026-05-21,15,排球场-2号,10:30-11:30,1,1,已售/已满,教学时间,多云,15,12,4,0.0,100,29
2026-05-21 05:00:52,2026-05-21,15,排球场-2号,10:30-11:30,1,1,已售/已满,教学时间,多云,15,12,4,0.0,100,29
2026-05-21 05:30:49,2026-05-21,15,排球场-2号,10:30-11:30,1,1,已售/已满,教学时间,多云,15,13,3,0.0,100,28
2026-05-21 06:00:50,2026-05-21,15,排球场-2号,10:30-11:30,1,1,已售/已满,教学时间,多云,15,13,4,0.0,99,28
2026-05-21 06:30:38,2026-05-21,15,排球场-2号,10:30-11:30,1,1,已售/已满,教学时间,多云,15,13,3,0.0,97,28
2026-05-21 07:00:43,2026-05-21,15,排球场-2号,10:30-11:30,1,1,已售/已满,教学时间,晴,15,11,5,0.0,93,28
2026-05-21 07:30:39,2026-05-21,15,排球场-2号,10:30-11:30,1,1,已售/已满,教学时间,晴,17,13,4,0.0,89,29
2026-05-21 07:50:40,2026-05-21,15,排球场-2号,10:30-11:30,1,1,已售/已满,教学时间,晴,17,13,4,0.0,88,29
2026-05-21 07:53:31,2026-05-21,15,排球场-2号,10:30-11:30,1,1,已售/已满,教学时间,晴,17,12,5,0.0,86,29
2026-05-21 07:56:31,2026-05-21,15,排球场-2号,10:30-11:30,1,1,已售/已满,教学时间,晴,17,12,5,0.0,86,29
2026-05-21 07:59:26,2026-05-21,15,排球场-2号,10:30-11:30,1,1,已售/已满,教学时间,晴,17,12,5,0.0,86,29
2026-05-21 08:00:45,2026-05-21,15,排球场-2号,10:30-11:30,1,1,已售/已满,教学时间,晴,17,12,5,0.0,86,29
2026-05-21 08:02:30,2026-05-21,15,排球场-2号,10:30-11:30,1,1,已售/已满,教学时间,多云,17,12,5,0.0,87,29
2026-05-21 08:05:36,2026-05-21,15,排球场-2号,10:30-11:30,1,1,已售/已满,教学时间,多云,17,12,5,0.0,86,29
2026-05-21 08:08:31,2026-05-21,15,排球场-2号,10:30-11:30,1,1,已售/已满,教学时间,多云,17,12,5,0.0,86,29
2026-05-21 08:11:30,2026-05-21,15,排球场-2号,10:30-11:30,1,1,已售/已满,教学时间,多云,17,12,5,0.0,86,29
2026-05-21 08:14:31,2026-05-21,15,排球场-2号,10:30-11:30,1,1,已售/已满,教学时间,多云,17,12,5,0.0,86,29
2026-05-21 08:17:30,2026-05-21,15,排球场-2号,10:30-11:30,1,1,已售/已满,教学时间,多云,17,12,5,0.0,86,29
2026-05-21 08:20:35,2026-05-21,15,排球场-2号,10:30-11:30,1,1,已售/已满,教学时间,多云,17,14,4,0.0,85,29
2026-05-21 08:25:32,2026-05-21,15,排球场-2号,10:30-11:30,1,1,已售/已满,教学时间,多云,17,14,4,0.0,85,28
2026-05-21 08:30:42,2026-05-21,15,排球场-2号,10:30-11:30,1,1,已售/已满,教学时间,多云,18,15,4,0.0,84,28
2026-05-21 08:35:31,2026-05-21,15,排球场-2号,10:30-11:30,1,1,已售/已满,教学时间,多云,18,15,4,0.0,84,28
2026-05-21 08:40:38,2026-05-21,15,排球场-2号,10:30-11:30,1,1,已售/已满,教学时间,多云,18,15,4,0.0,82,28
2026-05-21 08:45:33,2026-05-21,15,排球场-2号,10:30-11:30,1,1,已售/已满,教学时间,多云,18,15,4,0.0,82,28
2026-05-21 08:50:36,2026-05-21,15,排球场-2号,10:30-11:30,1,1,已售/已满,教学时间,多云,18,15,4,0.0,82,28
2026-05-21 08:55:34,2026-05-21,15,排球场-2号,10:30-11:30,1,1,已售/已满,教学时间,多云,18,15,4,0.0,84,28
2026-05-21 09:00:51,2026-05-21,15,排球场-2号,10:30-11:30,1,1,已售/已满,教学时间,多云,18,15,4,0.0,84,28
2026-05-21 09:01:59,2026-05-21,15,排球场-2号,10:30-11:30,1,1,已售/已满,教学时间,多云,18,15,4,0.0,83,28
2026-05-21 09:05:33,2026-05-21,15,排球场-2号,10:30-11:30,1,1,已售/已满,教学时间,多云,18,15,4,0.0,83,28
2026-05-21 09:20:38,2026-05-21,15,排球场-2号,10:30-11:30,1,1,已售/已满,教学时间,多云,18,16,3,0.0,81,28
2026-05-21 09:30:46,2026-05-21,15,排球场-2号,10:30-11:30,1,1,已售/已满,教学时间,多云,18,16,3,0.0,81,32
2026-05-21 09:40:36,2026-05-21,15,排球场-2号,10:30-11:30,1,1,已售/已满,教学时间,多云,19,17,3,0.0,79,32
2026-05-21 09:50:42,2026-05-21,15,排球场-2号,10:30-11:30,1,1,已售/已满,教学时间,多云,19,17,4,0.0,81,32
2026-05-21 10:00:46,2026-05-21,15,排球场-2号,10:30-11:30,1,1,已售/已满,教学时间,多云,19,17,4,0.0,79,32
2026-05-21 10:10:40,2026-05-21,15,排球场-2号,10:30-11:30,1,1,已售/已满,教学时间,多云,19,17,4,0.0,79,32
2026-05-21 10:20:38,2026-05-21,15,排球场-2号,10:30-11:30,1,1,已售/已满,教学时间,多云,19,17,4,0.0,79,32
2026-05-21 10:30:41,2026-05-21,15,排球场-2号,10:30-11:30,1,1,已售/已满,教学时间,多云,19,18,3,0.0,78,31
2026-05-21 11:00:44,2026-05-21,15,排球场-2号,10:30-11:30,1,1,已售/已满,教学时间,多云,21,17,5,0.0,74,31
2026-05-21 11:30:38,2026-05-21,15,排球场-2号,10:30-11:30,1,1,已售/已满,教学时间,多云,21,19,3,0.0,72,33
2026-05-21 12:00:46,2026-05-21,15,排球场-2号,10:30-11:30,1,1,已售/已满,教学时间,多云,22,19,4,0.0,70,33
2026-05-21 12:30:42,2026-05-21,15,排球场-2号,10:30-11:30,1,1,已售/已满,教学时间,多云,22,21,3,0.0,68,35
2026-05-21 13:00:43,2026-05-21,15,排球场-2号,10:30-11:30,1,1,已售/已满,教学时间,多云,24,22,4,0.0,66,35
2026-05-21 13:30:43,2026-05-21,15,排球场-2号,10:30-11:30,1,1,已售/已满,教学时间,多云,24,22,4,0.0,66,36
2026-05-21 14:00:48,2026-05-21,15,排球场-2号,10:30-11:30,1,1,已售/已满,教学时间,多云,25,23,4,0.0,66,36
2026-05-21 14:30:45,2026-05-21,15,排球场-2号,10:30-11:30,1,1,已售/已满,教学时间,晴,25,25,3,0.0,65,39
2026-05-21 15:00:45,2026-05-21,15,排球场-2号,10:30-11:30,1,1,已售/已满,教学时间,晴,25,22,4,0.0,56,39
2026-05-21 15:30:43,2026-05-21,15,排球场-2号,10:30-11:30,1,1,已售/已满,教学时间,晴,25,23,4,0.0,57,40
2026-05-21 16:00:51,2026-05-21,15,排球场-2号,10:30-11:30,1,1,已售/已满,教学时间,晴,25,23,4,0.0,57,40
2026-05-21 16:30:48,2026-05-21,15,排球场-2号,10:30-11:30,1,1,已售/已满,教学时间,晴,25,24,3,0.0,60,39
2026-05-21 17:00:49,2026-05-21,15,排球场-2号,10:30-11:30,1,1,已售/已满,教学时间,晴,25,24,4,0.0,61,39
2026-05-21 17:30:47,2026-05-21,15,排球场-2号,10:30-11:30,1,1,已售/已满,教学时间,多云,24,23,3,0.0,64,39
2026-05-21 18:00:50,2026-05-21,15,排球场-2号,10:30-11:30,1,1,已售/已满,教学时间,多云,24,23,3,0.0,68,39
2026-05-21 18:30:50,2026-05-21,15,排球场-2号,10:30-11:30,1,1,已售/已满,教学时间,阴,24,25,2,0.0,68,40
2026-05-21 19:00:50,2026-05-21,15,排球场-2号,10:30-11:30,1,1,已售/已满,教学时间,阴,23,23,3,0.0,76,40
2026-05-21 19:30:46,2026-05-21,15,排球场-2号,10:30-11:30,1,1,已售/已满,教学时间,阴,23,24,2,0.0,77,39
2026-05-21 20:00:49,2026-05-21,15,排球场-2号,10:30-11:30,1,1,已售/已满,教学时间,雾,22,23,2,0.0,89,39
2026-05-21 20:30:44,2026-05-21,15,排球场-2号,10:30-11:30,1,1,已售/已满,教学时间,雾,22,24,2,0.0,93,43
2026-05-21 21:00:56,2026-05-21,15,排球场-2号,10:30-11:30,1,1,已售/已满,教学时间,雾,20,21,2,0.0,98,43
2026-05-21 21:30:46,2026-05-21,15,排球场-2号,10:30-11:30,1,1,已售/已满,教学时间,雾,20,22,1,0.0,99,41
2026-05-21 22:01:02,2026-05-21,15,排球场-2号,10:30-11:30,1,1,已售/已满,教学时间,雾,19,20,2,0.0,93,41
2026-05-21 22:30:47,2026-05-21,15,排球场-2号,10:30-11:30,1,1,已售/已满,教学时间,雾,19,19,3,0.0,88,46
2026-05-21 23:00:56,2026-05-21,15,排球场-2号,10:30-11:30,1,1,已售/已满,教学时间,多云,18,17,3,0.0,85,46
2026-05-21 23:30:55,2026-05-21,15,排球场-2号,10:30-11:30,1,1,已售/已满,教学时间,多云,18,17,3,0.0,85,48
2026-05-21 00:30:49,2026-05-21,15,排球场-2号,14:00-15:00,0,1,不开放/已过期,排球队训练,多云,15,13,3,0.0,100,26
2026-05-21 01:00:55,2026-05-21,15,排球场-2号,14:00-15:00,0,1,不开放/已过期,排球队训练,多云,15,12,4,0.0,100,26
2026-05-21 01:30:47,2026-05-21,15,排球场-2号,14:00-15:00,0,1,不开放/已过期,排球队训练,多云,15,13,4,0.0,100,28
2026-05-21 02:00:53,2026-05-21,15,排球场-2号,14:00-15:00,0,1,不开放/已过期,排球队训练,多云,15,12,4,0.0,100,28
2026-05-21 02:30:49,2026-05-21,15,排球场-2号,14:00-15:00,0,1,不开放/已过期,排球队训练,多云,15,14,3,0.0,100,29
2026-05-21 03:00:55,2026-05-21,15,排球场-2号,14:00-15:00,0,1,不开放/已过期,排球队训练,多云,15,12,4,0.0,100,29
2026-05-21 03:30:49,2026-05-21,15,排球场-2号,14:00-15:00,0,1,不开放/已过期,排球队训练,多云,15,14,3,0.0,100,30
2026-05-21 04:30:45,2026-05-21,15,排球场-2号,14:00-15:00,0,1,不开放/已过期,排球队训练,多云,15,12,4,0.0,100,29
2026-05-21 05:00:52,2026-05-21,15,排球场-2号,14:00-15:00,0,1,不开放/已过期,排球队训练,多云,15,12,4,0.0,100,29
2026-05-21 05:30:49,2026-05-21,15,排球场-2号,14:00-15:00,0,1,不开放/已过期,排球队训练,多云,15,13,3,0.0,100,28
2026-05-21 06:00:50,2026-05-21,15,排球场-2号,14:00-15:00,0,1,不开放/已过期,排球队训练,多云,15,13,4,0.0,99,28
2026-05-21 06:30:38,2026-05-21,15,排球场-2号,14:00-15:00,0,1,不开放/已过期,排球队训练,多云,15,13,3,0.0,97,28
2026-05-21 07:00:43,2026-05-21,15,排球场-2号,14:00-15:00,0,1,不开放/已过期,排球队训练,晴,15,11,5,0.0,93,28
2026-05-21 07:30:39,2026-05-21,15,排球场-2号,14:00-15:00,0,1,不开放/已过期,排球队训练,晴,17,13,4,0.0,89,29
2026-05-21 07:50:40,2026-05-21,15,排球场-2号,14:00-15:00,0,1,不开放/已过期,排球队训练,晴,17,13,4,0.0,88,29
2026-05-21 07:53:31,2026-05-21,15,排球场-2号,14:00-15:00,0,1,不开放/已过期,排球队训练,晴,17,12,5,0.0,86,29
2026-05-21 07:56:31,2026-05-21,15,排球场-2号,14:00-15:00,0,1,不开放/已过期,排球队训练,晴,17,12,5,0.0,86,29
2026-05-21 07:59:26,2026-05-21,15,排球场-2号,14:00-15:00,0,1,不开放/已过期,排球队训练,晴,17,12,5,0.0,86,29
2026-05-21 08:00:45,2026-05-21,15,排球场-2号,14:00-15:00,0,1,不开放/已过期,排球队训练,晴,17,12,5,0.0,86,29
2026-05-21 08:02:30,2026-05-21,15,排球场-2号,14:00-15:00,0,1,不开放/已过期,排球队训练,多云,17,12,5,0.0,87,29
2026-05-21 08:05:36,2026-05-21,15,排球场-2号,14:00-15:00,0,1,不开放/已过期,排球队训练,多云,17,12,5,0.0,86,29
2026-05-21 08:08:31,2026-05-21,15,排球场-2号,14:00-15:00,0,1,不开放/已过期,排球队训练,多云,17,12,5,0.0,86,29
2026-05-21 08:11:30,2026-05-21,15,排球场-2号,14:00-15:00,0,1,不开放/已过期,排球队训练,多云,17,12,5,0.0,86,29
2026-05-21 08:14:31,2026-05-21,15,排球场-2号,14:00-15:00,0,1,不开放/已过期,排球队训练,多云,17,12,5,0.0,86,29
2026-05-21 08:17:30,2026-05-21,15,排球场-2号,14:00-15:00,0,1,不开放/已过期,排球队训练,多云,17,12,5,0.0,86,29
2026-05-21 08:20:35,2026-05-21,15,排球场-2号,14:00-15:00,0,1,不开放/已过期,排球队训练,多云,17,14,4,0.0,85,29
2026-05-21 08:25:32,2026-05-21,15,排球场-2号,14:00-15:00,0,1,不开放/已过期,排球队训练,多云,17,14,4,0.0,85,28
2026-05-21 08:30:42,2026-05-21,15,排球场-2号,14:00-15:00,0,1,不开放/已过期,排球队训练,多云,18,15,4,0.0,84,28
2026-05-21 08:35:31,2026-05-21,15,排球场-2号,14:00-15:00,0,1,不开放/已过期,排球队训练,多云,18,15,4,0.0,84,28
2026-05-21 08:40:38,2026-05-21,15,排球场-2号,14:00-15:00,0,1,不开放/已过期,排球队训练,多云,18,15,4,0.0,82,28
2026-05-21 08:45:33,2026-05-21,15,排球场-2号,14:00-15:00,0,1,不开放/已过期,排球队训练,多云,18,15,4,0.0,82,28
2026-05-21 08:50:36,2026-05-21,15,排球场-2号,14:00-15:00,0,1,不开放/已过期,排球队训练,多云,18,15,4,0.0,82,28
2026-05-21 08:55:34,2026-05-21,15,排球场-2号,14:00-15:00,0,1,不开放/已过期,排球队训练,多云,18,15,4,0.0,84,28
2026-05-21 09:00:51,2026-05-21,15,排球场-2号,14:00-15:00,0,1,不开放/已过期,排球队训练,多云,18,15,4,0.0,84,28
2026-05-21 09:01:59,2026-05-21,15,排球场-2号,14:00-15:00,0,1,不开放/已过期,排球队训练,多云,18,15,4,0.0,83,28
2026-05-21 09:05:33,2026-05-21,15,排球场-2号,14:00-15:00,0,1,不开放/已过期,排球队训练,多云,18,15,4,0.0,83,28
2026-05-21 09:20:38,2026-05-21,15,排球场-2号,14:00-15:00,0,1,不开放/已过期,排球队训练,多云,18,16,3,0.0,81,28
2026-05-21 09:30:46,2026-05-21,15,排球场-2号,14:00-15:00,0,1,不开放/已过期,排球队训练,多云,18,16,3,0.0,81,32
2026-05-21 09:40:36,2026-05-21,15,排球场-2号,14:00-15:00,0,1,不开放/已过期,排球队训练,多云,19,17,3,0.0,79,32
2026-05-21 09:50:42,2026-05-21,15,排球场-2号,14:00-15:00,0,1,不开放/已过期,排球队训练,多云,19,17,4,0.0,81,32
2026-05-21 10:00:46,2026-05-21,15,排球场-2号,14:00-15:00,0,1,不开放/已过期,排球队训练,多云,19,17,4,0.0,79,32
2026-05-21 10:10:40,2026-05-21,15,排球场-2号,14:00-15:00,0,1,不开放/已过期,排球队训练,多云,19,17,4,0.0,79,32
2026-05-21 10:20:38,2026-05-21,15,排球场-2号,14:00-15:00,0,1,不开放/已过期,排球队训练,多云,19,17,4,0.0,79,32
2026-05-21 10:30:41,2026-05-21,15,排球场-2号,14:00-15:00,0,1,不开放/已过期,排球队训练,多云,19,18,3,0.0,78,31
2026-05-21 11:00:44,2026-05-21,15,排球场-2号,14:00-15:00,0,1,不开放/已过期,排球队训练,多云,21,17,5,0.0,74,31
2026-05-21 11:30:38,2026-05-21,15,排球场-2号,14:00-15:00,0,1,不开放/已过期,排球队训练,多云,21,19,3,0.0,72,33
2026-05-21 12:00:46,2026-05-21,15,排球场-2号,14:00-15:00,0,1,不开放/已过期,排球队训练,多云,22,19,4,0.0,70,33
2026-05-21 12:30:42,2026-05-21,15,排球场-2号,14:00-15:00,0,1,不开放/已过期,排球队训练,多云,22,21,3,0.0,68,35
2026-05-21 13:00:43,2026-05-21,15,排球场-2号,14:00-15:00,0,1,不开放/已过期,排球队训练,多云,24,22,4,0.0,66,35
2026-05-21 13:30:43,2026-05-21,15,排球场-2号,14:00-15:00,0,1,不开放/已过期,排球队训练,多云,24,22,4,0.0,66,36
2026-05-21 14:00:48,2026-05-21,15,排球场-2号,14:00-15:00,0,1,不开放/已过期,排球队训练,多云,25,23,4,0.0,66,36
2026-05-21 14:30:45,2026-05-21,15,排球场-2号,14:00-15:00,0,1,不开放/已过期,排球队训练,晴,25,25,3,0.0,65,39
2026-05-21 15:00:45,2026-05-21,15,排球场-2号,14:00-15:00,0,1,不开放/已过期,排球队训练,晴,25,22,4,0.0,56,39
2026-05-21 15:30:43,2026-05-21,15,排球场-2号,14:00-15:00,0,1,不开放/已过期,排球队训练,晴,25,23,4,0.0,57,40
2026-05-21 16:00:51,2026-05-21,15,排球场-2号,14:00-15:00,0,1,不开放/已过期,排球队训练,晴,25,23,4,0.0,57,40
2026-05-21 16:30:48,2026-05-21,15,排球场-2号,14:00-15:00,0,1,不开放/已过期,排球队训练,晴,25,24,3,0.0,60,39
2026-05-21 17:00:49,2026-05-21,15,排球场-2号,14:00-15:00,0,1,不开放/已过期,排球队训练,晴,25,24,4,0.0,61,39
2026-05-21 17:30:47,2026-05-21,15,排球场-2号,14:00-15:00,0,1,不开放/已过期,排球队训练,多云,24,23,3,0.0,64,39
2026-05-21 18:00:50,2026-05-21,15,排球场-2号,14:00-15:00,0,1,不开放/已过期,排球队训练,多云,24,23,3,0.0,68,39
2026-05-21 18:30:50,2026-05-21,15,排球场-2号,14:00-15:00,0,1,不开放/已过期,排球队训练,阴,24,25,2,0.0,68,40
2026-05-21 19:00:50,2026-05-21,15,排球场-2号,14:00-15:00,0,1,不开放/已过期,排球队训练,阴,23,23,3,0.0,76,40
2026-05-21 19:30:46,2026-05-21,15,排球场-2号,14:00-15:00,0,1,不开放/已过期,排球队训练,阴,23,24,2,0.0,77,39
2026-05-21 20:00:49,2026-05-21,15,排球场-2号,14:00-15:00,0,1,不开放/已过期,排球队训练,雾,22,23,2,0.0,89,39
2026-05-21 20:30:44,2026-05-21,15,排球场-2号,14:00-15:00,0,1,不开放/已过期,排球队训练,雾,22,24,2,0.0,93,43
2026-05-21 21:00:56,2026-05-21,15,排球场-2号,14:00-15:00,0,1,不开放/已过期,排球队训练,雾,20,21,2,0.0,98,43
2026-05-21 21:30:46,2026-05-21,15,排球场-2号,14:00-15:00,0,1,不开放/已过期,排球队训练,雾,20,22,1,0.0,99,41
2026-05-21 22:01:02,2026-05-21,15,排球场-2号,14:00-15:00,0,1,不开放/已过期,排球队训练,雾,19,20,2,0.0,93,41
2026-05-21 22:30:47,2026-05-21,15,排球场-2号,14:00-15:00,0,1,不开放/已过期,排球队训练,雾,19,19,3,0.0,88,46
2026-05-21 23:00:56,2026-05-21,15,排球场-2号,14:00-15:00,0,1,不开放/已过期,排球队训练,多云,18,17,3,0.0,85,46
2026-05-21 23:30:55,2026-05-21,15,排球场-2号,14:00-15:00,0,1,不开放/已过期,排球队训练,多云,18,17,3,0.0,85,48
2026-05-21 00:30:49,2026-05-21,15,排球场-2号,15:00-16:00,0,1,不开放/已过期,排球队训练,多云,15,13,3,0.0,100,26
2026-05-21 01:00:55,2026-05-21,15,排球场-2号,15:00-16:00,0,1,不开放/已过期,排球队训练,多云,15,12,4,0.0,100,26
2026-05-21 01:30:47,2026-05-21,15,排球场-2号,15:00-16:00,0,1,不开放/已过期,排球队训练,多云,15,13,4,0.0,100,28
2026-05-21 02:00:53,2026-05-21,15,排球场-2号,15:00-16:00,0,1,不开放/已过期,排球队训练,多云,15,12,4,0.0,100,28
2026-05-21 02:30:49,2026-05-21,15,排球场-2号,15:00-16:00,0,1,不开放/已过期,排球队训练,多云,15,14,3,0.0,100,29
2026-05-21 03:00:55,2026-05-21,15,排球场-2号,15:00-16:00,0,1,不开放/已过期,排球队训练,多云,15,12,4,0.0,100,29
2026-05-21 03:30:49,2026-05-21,15,排球场-2号,15:00-16:00,0,1,不开放/已过期,排球队训练,多云,15,14,3,0.0,100,30
2026-05-21 04:30:45,2026-05-21,15,排球场-2号,15:00-16:00,0,1,不开放/已过期,排球队训练,多云,15,12,4,0.0,100,29
2026-05-21 05:00:52,2026-05-21,15,排球场-2号,15:00-16:00,0,1,不开放/已过期,排球队训练,多云,15,12,4,0.0,100,29
2026-05-21 05:30:49,2026-05-21,15,排球场-2号,15:00-16:00,0,1,不开放/已过期,排球队训练,多云,15,13,3,0.0,100,28
2026-05-21 06:00:50,2026-05-21,15,排球场-2号,15:00-16:00,0,1,不开放/已过期,排球队训练,多云,15,13,4,0.0,99,28
2026-05-21 06:30:38,2026-05-21,15,排球场-2号,15:00-16:00,0,1,不开放/已过期,排球队训练,多云,15,13,3,0.0,97,28
2026-05-21 07:00:43,2026-05-21,15,排球场-2号,15:00-16:00,0,1,不开放/已过期,排球队训练,晴,15,11,5,0.0,93,28
2026-05-21 07:30:39,2026-05-21,15,排球场-2号,15:00-16:00,0,1,不开放/已过期,排球队训练,晴,17,13,4,0.0,89,29
2026-05-21 07:50:40,2026-05-21,15,排球场-2号,15:00-16:00,0,1,不开放/已过期,排球队训练,晴,17,13,4,0.0,88,29
2026-05-21 07:53:31,2026-05-21,15,排球场-2号,15:00-16:00,0,1,不开放/已过期,排球队训练,晴,17,12,5,0.0,86,29
2026-05-21 07:56:31,2026-05-21,15,排球场-2号,15:00-16:00,0,1,不开放/已过期,排球队训练,晴,17,12,5,0.0,86,29
2026-05-21 07:59:26,2026-05-21,15,排球场-2号,15:00-16:00,0,1,不开放/已过期,排球队训练,晴,17,12,5,0.0,86,29
2026-05-21 08:00:45,2026-05-21,15,排球场-2号,15:00-16:00,0,1,不开放/已过期,排球队训练,晴,17,12,5,0.0,86,29
2026-05-21 08:02:30,2026-05-21,15,排球场-2号,15:00-16:00,0,1,不开放/已过期,排球队训练,多云,17,12,5,0.0,87,29
2026-05-21 08:05:36,2026-05-21,15,排球场-2号,15:00-16:00,0,1,不开放/已过期,排球队训练,多云,17,12,5,0.0,86,29
2026-05-21 08:08:31,2026-05-21,15,排球场-2号,15:00-16:00,0,1,不开放/已过期,排球队训练,多云,17,12,5,0.0,86,29
2026-05-21 08:11:30,2026-05-21,15,排球场-2号,15:00-16:00,0,1,不开放/已过期,排球队训练,多云,17,12,5,0.0,86,29
2026-05-21 08:14:31,2026-05-21,15,排球场-2号,15:00-16:00,0,1,不开放/已过期,排球队训练,多云,17,12,5,0.0,86,29
2026-05-21 08:17:30,2026-05-21,15,排球场-2号,15:00-16:00,0,1,不开放/已过期,排球队训练,多云,17,12,5,0.0,86,29
2026-05-21 08:20:35,2026-05-21,15,排球场-2号,15:00-16:00,0,1,不开放/已过期,排球队训练,多云,17,14,4,0.0,85,29
2026-05-21 08:25:32,2026-05-21,15,排球场-2号,15:00-16:00,0,1,不开放/已过期,排球队训练,多云,17,14,4,0.0,85,28
2026-05-21 08:30:42,2026-05-21,15,排球场-2号,15:00-16:00,0,1,不开放/已过期,排球队训练,多云,18,15,4,0.0,84,28
2026-05-21 08:35:31,2026-05-21,15,排球场-2号,15:00-16:00,0,1,不开放/已过期,排球队训练,多云,18,15,4,0.0,84,28
2026-05-21 08:40:38,2026-05-21,15,排球场-2号,15:00-16:00,0,1,不开放/已过期,排球队训练,多云,18,15,4,0.0,82,28
2026-05-21 08:45:33,2026-05-21,15,排球场-2号,15:00-16:00,0,1,不开放/已过期,排球队训练,多云,18,15,4,0.0,82,28
2026-05-21 08:50:36,2026-05-21,15,排球场-2号,15:00-16:00,0,1,不开放/已过期,排球队训练,多云,18,15,4,0.0,82,28
2026-05-21 08:55:34,2026-05-21,15,排球场-2号,15:00-16:00,0,1,不开放/已过期,排球队训练,多云,18,15,4,0.0,84,28
2026-05-21 09:00:51,2026-05-21,15,排球场-2号,15:00-16:00,0,1,不开放/已过期,排球队训练,多云,18,15,4,0.0,84,28
2026-05-21 09:01:59,2026-05-21,15,排球场-2号,15:00-16:00,0,1,不开放/已过期,排球队训练,多云,18,15,4,0.0,83,28
2026-05-21 09:05:33,2026-05-21,15,排球场-2号,15:00-16:00,0,1,不开放/已过期,排球队训练,多云,18,15,4,0.0,83,28
2026-05-21 09:20:38,2026-05-21,15,排球场-2号,15:00-16:00,0,1,不开放/已过期,排球队训练,多云,18,16,3,0.0,81,28
2026-05-21 09:30:46,2026-05-21,15,排球场-2号,15:00-16:00,0,1,不开放/已过期,排球队训练,多云,18,16,3,0.0,81,32
2026-05-21 09:40:36,2026-05-21,15,排球场-2号,15:00-16:00,0,1,不开放/已过期,排球队训练,多云,19,17,3,0.0,79,32
2026-05-21 09:50:42,2026-05-21,15,排球场-2号,15:00-16:00,0,1,不开放/已过期,排球队训练,多云,19,17,4,0.0,81,32
2026-05-21 10:00:46,2026-05-21,15,排球场-2号,15:00-16:00,0,1,不开放/已过期,排球队训练,多云,19,17,4,0.0,79,32
2026-05-21 10:10:40,2026-05-21,15,排球场-2号,15:00-16:00,0,1,不开放/已过期,排球队训练,多云,19,17,4,0.0,79,32
2026-05-21 10:20:38,2026-05-21,15,排球场-2号,15:00-16:00,0,1,不开放/已过期,排球队训练,多云,19,17,4,0.0,79,32
2026-05-21 10:30:41,2026-05-21,15,排球场-2号,15:00-16:00,0,1,不开放/已过期,排球队训练,多云,19,18,3,0.0,78,31
2026-05-21 11:00:44,2026-05-21,15,排球场-2号,15:00-16:00,0,1,不开放/已过期,排球队训练,多云,21,17,5,0.0,74,31
2026-05-21 11:30:38,2026-05-21,15,排球场-2号,15:00-16:00,0,1,不开放/已过期,排球队训练,多云,21,19,3,0.0,72,33
2026-05-21 12:00:46,2026-05-21,15,排球场-2号,15:00-16:00,0,1,不开放/已过期,排球队训练,多云,22,19,4,0.0,70,33
2026-05-21 12:30:42,2026-05-21,15,排球场-2号,15:00-16:00,0,1,不开放/已过期,排球队训练,多云,22,21,3,0.0,68,35
2026-05-21 13:00:43,2026-05-21,15,排球场-2号,15:00-16:00,0,1,不开放/已过期,排球队训练,多云,24,22,4,0.0,66,35
2026-05-21 13:30:43,2026-05-21,15,排球场-2号,15:00-16:00,0,1,不开放/已过期,排球队训练,多云,24,22,4,0.0,66,36
2026-05-21 14:00:48,2026-05-21,15,排球场-2号,15:00-16:00,0,1,不开放/已过期,排球队训练,多云,25,23,4,0.0,66,36
2026-05-21 14:30:45,2026-05-21,15,排球场-2号,15:00-16:00,0,1,不开放/已过期,排球队训练,晴,25,25,3,0.0,65,39
2026-05-21 15:00:45,2026-05-21,15,排球场-2号,15:00-16:00,0,1,不开放/已过期,排球队训练,晴,25,22,4,0.0,56,39
2026-05-21 15:30:43,2026-05-21,15,排球场-2号,15:00-16:00,0,1,不开放/已过期,排球队训练,晴,25,23,4,0.0,57,40
2026-05-21 16:00:51,2026-05-21,15,排球场-2号,15:00-16:00,0,1,不开放/已过期,排球队训练,晴,25,23,4,0.0,57,40
2026-05-21 16:30:48,2026-05-21,15,排球场-2号,15:00-16:00,0,1,不开放/已过期,排球队训练,晴,25,24,3,0.0,60,39
2026-05-21 17:00:49,2026-05-21,15,排球场-2号,15:00-16:00,0,1,不开放/已过期,排球队训练,晴,25,24,4,0.0,61,39
2026-05-21 17:30:47,2026-05-21,15,排球场-2号,15:00-16:00,0,1,不开放/已过期,排球队训练,多云,24,23,3,0.0,64,39
2026-05-21 18:00:50,2026-05-21,15,排球场-2号,15:00-16:00,0,1,不开放/已过期,排球队训练,多云,24,23,3,0.0,68,39
2026-05-21 18:30:50,2026-05-21,15,排球场-2号,15:00-16:00,0,1,不开放/已过期,排球队训练,阴,24,25,2,0.0,68,40
2026-05-21 19:00:50,2026-05-21,15,排球场-2号,15:00-16:00,0,1,不开放/已过期,排球队训练,阴,23,23,3,0.0,76,40
2026-05-21 19:30:46,2026-05-21,15,排球场-2号,15:00-16:00,0,1,不开放/已过期,排球队训练,阴,23,24,2,0.0,77,39
2026-05-21 20:00:49,2026-05-21,15,排球场-2号,15:00-16:00,0,1,不开放/已过期,排球队训练,雾,22,23,2,0.0,89,39
2026-05-21 20:30:44,2026-05-21,15,排球场-2号,15:00-16:00,0,1,不开放/已过期,排球队训练,雾,22,24,2,0.0,93,43
2026-05-21 21:00:56,2026-05-21,15,排球场-2号,15:00-16:00,0,1,不开放/已过期,排球队训练,雾,20,21,2,0.0,98,43
2026-05-21 21:30:46,2026-05-21,15,排球场-2号,15:00-16:00,0,1,不开放/已过期,排球队训练,雾,20,22,1,0.0,99,41
2026-05-21 22:01:02,2026-05-21,15,排球场-2号,15:00-16:00,0,1,不开放/已过期,排球队训练,雾,19,20,2,0.0,93,41
2026-05-21 22:30:47,2026-05-21,15,排球场-2号,15:00-16:00,0,1,不开放/已过期,排球队训练,雾,19,19,3,0.0,88,46
2026-05-21 23:00:56,2026-05-21,15,排球场-2号,15:00-16:00,0,1,不开放/已过期,排球队训练,多云,18,17,3,0.0,85,46
2026-05-21 23:30:55,2026-05-21,15,排球场-2号,15:00-16:00,0,1,不开放/已过期,排球队训练,多云,18,17,3,0.0,85,48
2026-05-21 00:30:49,2026-05-21,15,排球场-2号,16:00-17:00,0,1,不开放/已过期,排球队训练,多云,15,13,3,0.0,100,26
2026-05-21 01:00:55,2026-05-21,15,排球场-2号,16:00-17:00,0,1,不开放/已过期,排球队训练,多云,15,12,4,0.0,100,26
2026-05-21 01:30:47,2026-05-21,15,排球场-2号,16:00-17:00,0,1,不开放/已过期,排球队训练,多云,15,13,4,0.0,100,28
2026-05-21 02:00:53,2026-05-21,15,排球场-2号,16:00-17:00,0,1,不开放/已过期,排球队训练,多云,15,12,4,0.0,100,28
2026-05-21 02:30:49,2026-05-21,15,排球场-2号,16:00-17:00,0,1,不开放/已过期,排球队训练,多云,15,14,3,0.0,100,29
2026-05-21 03:00:55,2026-05-21,15,排球场-2号,16:00-17:00,0,1,不开放/已过期,排球队训练,多云,15,12,4,0.0,100,29
2026-05-21 03:30:49,2026-05-21,15,排球场-2号,16:00-17:00,0,1,不开放/已过期,排球队训练,多云,15,14,3,0.0,100,30
2026-05-21 04:30:45,2026-05-21,15,排球场-2号,16:00-17:00,0,1,不开放/已过期,排球队训练,多云,15,12,4,0.0,100,29
2026-05-21 05:00:52,2026-05-21,15,排球场-2号,16:00-17:00,0,1,不开放/已过期,排球队训练,多云,15,12,4,0.0,100,29
2026-05-21 05:30:49,2026-05-21,15,排球场-2号,16:00-17:00,0,1,不开放/已过期,排球队训练,多云,15,13,3,0.0,100,28
2026-05-21 06:00:50,2026-05-21,15,排球场-2号,16:00-17:00,0,1,不开放/已过期,排球队训练,多云,15,13,4,0.0,99,28
2026-05-21 06:30:38,2026-05-21,15,排球场-2号,16:00-17:00,0,1,不开放/已过期,排球队训练,多云,15,13,3,0.0,97,28
2026-05-21 07:00:43,2026-05-21,15,排球场-2号,16:00-17:00,0,1,不开放/已过期,排球队训练,晴,15,11,5,0.0,93,28
2026-05-21 07:30:39,2026-05-21,15,排球场-2号,16:00-17:00,0,1,不开放/已过期,排球队训练,晴,17,13,4,0.0,89,29
2026-05-21 07:50:40,2026-05-21,15,排球场-2号,16:00-17:00,0,1,不开放/已过期,排球队训练,晴,17,13,4,0.0,88,29
2026-05-21 07:53:31,2026-05-21,15,排球场-2号,16:00-17:00,0,1,不开放/已过期,排球队训练,晴,17,12,5,0.0,86,29
2026-05-21 07:56:31,2026-05-21,15,排球场-2号,16:00-17:00,0,1,不开放/已过期,排球队训练,晴,17,12,5,0.0,86,29
2026-05-21 07:59:26,2026-05-21,15,排球场-2号,16:00-17:00,0,1,不开放/已过期,排球队训练,晴,17,12,5,0.0,86,29
2026-05-21 08:00:45,2026-05-21,15,排球场-2号,16:00-17:00,0,1,不开放/已过期,排球队训练,晴,17,12,5,0.0,86,29
2026-05-21 08:02:30,2026-05-21,15,排球场-2号,16:00-17:00,0,1,不开放/已过期,排球队训练,多云,17,12,5,0.0,87,29
2026-05-21 08:05:36,2026-05-21,15,排球场-2号,16:00-17:00,0,1,不开放/已过期,排球队训练,多云,17,12,5,0.0,86,29
2026-05-21 08:08:31,2026-05-21,15,排球场-2号,16:00-17:00,0,1,不开放/已过期,排球队训练,多云,17,12,5,0.0,86,29
2026-05-21 08:11:30,2026-05-21,15,排球场-2号,16:00-17:00,0,1,不开放/已过期,排球队训练,多云,17,12,5,0.0,86,29
2026-05-21 08:14:31,2026-05-21,15,排球场-2号,16:00-17:00,0,1,不开放/已过期,排球队训练,多云,17,12,5,0.0,86,29
2026-05-21 08:17:30,2026-05-21,15,排球场-2号,16:00-17:00,0,1,不开放/已过期,排球队训练,多云,17,12,5,0.0,86,29
2026-05-21 08:20:35,2026-05-21,15,排球场-2号,16:00-17:00,0,1,不开放/已过期,排球队训练,多云,17,14,4,0.0,85,29
2026-05-21 08:25:32,2026-05-21,15,排球场-2号,16:00-17:00,0,1,不开放/已过期,排球队训练,多云,17,14,4,0.0,85,28
2026-05-21 08:30:42,2026-05-21,15,排球场-2号,16:00-17:00,0,1,不开放/已过期,排球队训练,多云,18,15,4,0.0,84,28
2026-05-21 08:35:31,2026-05-21,15,排球场-2号,16:00-17:00,0,1,不开放/已过期,排球队训练,多云,18,15,4,0.0,84,28
2026-05-21 08:40:38,2026-05-21,15,排球场-2号,16:00-17:00,0,1,不开放/已过期,排球队训练,多云,18,15,4,0.0,82,28
2026-05-21 08:45:33,2026-05-21,15,排球场-2号,16:00-17:00,0,1,不开放/已过期,排球队训练,多云,18,15,4,0.0,82,28
2026-05-21 08:50:36,2026-05-21,15,排球场-2号,16:00-17:00,0,1,不开放/已过期,排球队训练,多云,18,15,4,0.0,82,28
2026-05-21 08:55:34,2026-05-21,15,排球场-2号,16:00-17:00,0,1,不开放/已过期,排球队训练,多云,18,15,4,0.0,84,28
2026-05-21 09:00:51,2026-05-21,15,排球场-2号,16:00-17:00,0,1,不开放/已过期,排球队训练,多云,18,15,4,0.0,84,28
2026-05-21 09:01:59,2026-05-21,15,排球场-2号,16:00-17:00,0,1,不开放/已过期,排球队训练,多云,18,15,4,0.0,83,28
2026-05-21 09:05:33,2026-05-21,15,排球场-2号,16:00-17:00,0,1,不开放/已过期,排球队训练,多云,18,15,4,0.0,83,28
2026-05-21 09:20:38,2026-05-21,15,排球场-2号,16:00-17:00,0,1,不开放/已过期,排球队训练,多云,18,16,3,0.0,81,28
2026-05-21 09:30:46,2026-05-21,15,排球场-2号,16:00-17:00,0,1,不开放/已过期,排球队训练,多云,18,16,3,0.0,81,32
2026-05-21 09:40:36,2026-05-21,15,排球场-2号,16:00-17:00,0,1,不开放/已过期,排球队训练,多云,19,17,3,0.0,79,32
2026-05-21 09:50:42,2026-05-21,15,排球场-2号,16:00-17:00,0,1,不开放/已过期,排球队训练,多云,19,17,4,0.0,81,32
2026-05-21 10:00:46,2026-05-21,15,排球场-2号,16:00-17:00,0,1,不开放/已过期,排球队训练,多云,19,17,4,0.0,79,32
2026-05-21 10:10:40,2026-05-21,15,排球场-2号,16:00-17:00,0,1,不开放/已过期,排球队训练,多云,19,17,4,0.0,79,32
2026-05-21 10:20:38,2026-05-21,15,排球场-2号,16:00-17:00,0,1,不开放/已过期,排球队训练,多云,19,17,4,0.0,79,32
2026-05-21 10:30:41,2026-05-21,15,排球场-2号,16:00-17:00,0,1,不开放/已过期,排球队训练,多云,19,18,3,0.0,78,31
2026-05-21 11:00:44,2026-05-21,15,排球场-2号,16:00-17:00,0,1,不开放/已过期,排球队训练,多云,21,17,5,0.0,74,31
2026-05-21 11:30:38,2026-05-21,15,排球场-2号,16:00-17:00,0,1,不开放/已过期,排球队训练,多云,21,19,3,0.0,72,33
2026-05-21 12:00:46,2026-05-21,15,排球场-2号,16:00-17:00,0,1,不开放/已过期,排球队训练,多云,22,19,4,0.0,70,33
2026-05-21 12:30:42,2026-05-21,15,排球场-2号,16:00-17:00,0,1,不开放/已过期,排球队训练,多云,22,21,3,0.0,68,35
2026-05-21 13:00:43,2026-05-21,15,排球场-2号,16:00-17:00,0,1,不开放/已过期,排球队训练,多云,24,22,4,0.0,66,35
2026-05-21 13:30:43,2026-05-21,15,排球场-2号,16:00-17:00,0,1,不开放/已过期,排球队训练,多云,24,22,4,0.0,66,36
2026-05-21 14:00:48,2026-05-21,15,排球场-2号,16:00-17:00,0,1,不开放/已过期,排球队训练,多云,25,23,4,0.0,66,36
2026-05-21 14:30:45,2026-05-21,15,排球场-2号,16:00-17:00,0,1,不开放/已过期,排球队训练,晴,25,25,3,0.0,65,39
2026-05-21 15:00:45,2026-05-21,15,排球场-2号,16:00-17:00,0,1,不开放/已过期,排球队训练,晴,25,22,4,0.0,56,39
2026-05-21 15:30:43,2026-05-21,15,排球场-2号,16:00-17:00,0,1,不开放/已过期,排球队训练,晴,25,23,4,0.0,57,40
2026-05-21 16:00:51,2026-05-21,15,排球场-2号,16:00-17:00,0,1,不开放/已过期,排球队训练,晴,25,23,4,0.0,57,40
2026-05-21 16:30:48,2026-05-21,15,排球场-2号,16:00-17:00,0,1,不开放/已过期,排球队训练,晴,25,24,3,0.0,60,39
2026-05-21 17:00:49,2026-05-21,15,排球场-2号,16:00-17:00,0,1,不开放/已过期,排球队训练,晴,25,24,4,0.0,61,39
2026-05-21 17:30:47,2026-05-21,15,排球场-2号,16:00-17:00,0,1,不开放/已过期,排球队训练,多云,24,23,3,0.0,64,39
2026-05-21 18:00:50,2026-05-21,15,排球场-2号,16:00-17:00,0,1,不开放/已过期,排球队训练,多云,24,23,3,0.0,68,39
2026-05-21 18:30:50,2026-05-21,15,排球场-2号,16:00-17:00,0,1,不开放/已过期,排球队训练,阴,24,25,2,0.0,68,40
2026-05-21 19:00:50,2026-05-21,15,排球场-2号,16:00-17:00,0,1,不开放/已过期,排球队训练,阴,23,23,3,0.0,76,40
2026-05-21 19:30:46,2026-05-21,15,排球场-2号,16:00-17:00,0,1,不开放/已过期,排球队训练,阴,23,24,2,0.0,77,39
2026-05-21 20:00:49,2026-05-21,15,排球场-2号,16:00-17:00,0,1,不开放/已过期,排球队训练,雾,22,23,2,0.0,89,39
2026-05-21 20:30:44,2026-05-21,15,排球场-2号,16:00-17:00,0,1,不开放/已过期,排球队训练,雾,22,24,2,0.0,93,43
2026-05-21 21:00:56,2026-05-21,15,排球场-2号,16:00-17:00,0,1,不开放/已过期,排球队训练,雾,20,21,2,0.0,98,43
2026-05-21 21:30:46,2026-05-21,15,排球场-2号,16:00-17:00,0,1,不开放/已过期,排球队训练,雾,20,22,1,0.0,99,41
2026-05-21 22:01:02,2026-05-21,15,排球场-2号,16:00-17:00,0,1,不开放/已过期,排球队训练,雾,19,20,2,0.0,93,41
2026-05-21 22:30:47,2026-05-21,15,排球场-2号,16:00-17:00,0,1,不开放/已过期,排球队训练,雾,19,19,3,0.0,88,46
2026-05-21 23:00:56,2026-05-21,15,排球场-2号,16:00-17:00,0,1,不开放/已过期,排球队训练,多云,18,17,3,0.0,85,46
2026-05-21 23:30:55,2026-05-21,15,排球场-2号,16:00-17:00,0,1,不开放/已过期,排球队训练,多云,18,17,3,0.0,85,48
2026-05-21 00:30:49,2026-05-21,15,排球场-2号,19:00-20:00,0,1,可预约,￥150.0,多云,15,13,3,0.0,100,26
2026-05-21 01:00:55,2026-05-21,15,排球场-2号,19:00-20:00,0,1,可预约,￥150.0,多云,15,12,4,0.0,100,26
2026-05-21 01:30:47,2026-05-21,15,排球场-2号,19:00-20:00,0,1,可预约,￥150.0,多云,15,13,4,0.0,100,28
2026-05-21 02:00:53,2026-05-21,15,排球场-2号,19:00-20:00,0,1,可预约,￥150.0,多云,15,12,4,0.0,100,28
2026-05-21 02:30:49,2026-05-21,15,排球场-2号,19:00-20:00,0,1,可预约,￥150.0,多云,15,14,3,0.0,100,29
2026-05-21 03:00:55,2026-05-21,15,排球场-2号,19:00-20:00,0,1,可预约,￥150.0,多云,15,12,4,0.0,100,29
2026-05-21 03:30:49,2026-05-21,15,排球场-2号,19:00-20:00,0,1,可预约,￥150.0,多云,15,14,3,0.0,100,30
2026-05-21 04:30:45,2026-05-21,15,排球场-2号,19:00-20:00,0,1,可预约,￥150.0,多云,15,12,4,0.0,100,29
2026-05-21 05:00:52,2026-05-21,15,排球场-2号,19:00-20:00,0,1,可预约,￥150.0,多云,15,12,4,0.0,100,29
2026-05-21 05:30:49,2026-05-21,15,排球场-2号,19:00-20:00,0,1,可预约,￥150.0,多云,15,13,3,0.0,100,28
2026-05-21 06:00:50,2026-05-21,15,排球场-2号,19:00-20:00,0,1,可预约,￥150.0,多云,15,13,4,0.0,99,28
2026-05-21 06:30:38,2026-05-21,15,排球场-2号,19:00-20:00,0,1,可预约,￥150.0,多云,15,13,3,0.0,97,28
2026-05-21 07:00:43,2026-05-21,15,排球场-2号,19:00-20:00,0,1,可预约,￥150.0,晴,15,11,5,0.0,93,28
2026-05-21 07:30:39,2026-05-21,15,排球场-2号,19:00-20:00,0,1,可预约,￥150.0,晴,17,13,4,0.0,89,29
2026-05-21 07:50:40,2026-05-21,15,排球场-2号,19:00-20:00,0,1,可预约,￥150.0,晴,17,13,4,0.0,88,29
2026-05-21 07:53:31,2026-05-21,15,排球场-2号,19:00-20:00,0,1,可预约,￥150.0,晴,17,12,5,0.0,86,29
2026-05-21 07:56:31,2026-05-21,15,排球场-2号,19:00-20:00,0,1,可预约,￥150.0,晴,17,12,5,0.0,86,29
2026-05-21 07:59:26,2026-05-21,15,排球场-2号,19:00-20:00,0,1,可预约,￥150.0,晴,17,12,5,0.0,86,29
2026-05-21 08:00:45,2026-05-21,15,排球场-2号,19:00-20:00,0,1,可预约,￥150.0,晴,17,12,5,0.0,86,29
2026-05-21 08:02:30,2026-05-21,15,排球场-2号,19:00-20:00,0,1,可预约,￥150.0,多云,17,12,5,0.0,87,29
2026-05-21 08:05:36,2026-05-21,15,排球场-2号,19:00-20:00,0,1,可预约,￥150.0,多云,17,12,5,0.0,86,29
2026-05-21 08:08:31,2026-05-21,15,排球场-2号,19:00-20:00,0,1,可预约,￥150.0,多云,17,12,5,0.0,86,29
2026-05-21 08:11:30,2026-05-21,15,排球场-2号,19:00-20:00,0,1,可预约,￥150.0,多云,17,12,5,0.0,86,29
2026-05-21 08:14:31,2026-05-21,15,排球场-2号,19:00-20:00,0,1,可预约,￥150.0,多云,17,12,5,0.0,86,29
2026-05-21 08:17:30,2026-05-21,15,排球场-2号,19:00-20:00,0,1,可预约,￥150.0,多云,17,12,5,0.0,86,29
2026-05-21 08:20:35,2026-05-21,15,排球场-2号,19:00-20:00,0,1,可预约,￥150.0,多云,17,14,4,0.0,85,29
2026-05-21 08:25:32,2026-05-21,15,排球场-2号,19:00-20:00,0,1,可预约,￥150.0,多云,17,14,4,0.0,85,28
2026-05-21 08:30:42,2026-05-21,15,排球场-2号,19:00-20:00,0,1,可预约,￥150.0,多云,18,15,4,0.0,84,28
2026-05-21 08:35:31,2026-05-21,15,排球场-2号,19:00-20:00,0,1,可预约,￥150.0,多云,18,15,4,0.0,84,28
2026-05-21 08:40:38,2026-05-21,15,排球场-2号,19:00-20:00,0,1,可预约,￥150.0,多云,18,15,4,0.0,82,28
2026-05-21 08:45:33,2026-05-21,15,排球场-2号,19:00-20:00,0,1,可预约,￥150.0,多云,18,15,4,0.0,82,28
2026-05-21 08:50:36,2026-05-21,15,排球场-2号,19:00-20:00,0,1,可预约,￥150.0,多云,18,15,4,0.0,82,28
2026-05-21 08:55:34,2026-05-21,15,排球场-2号,19:00-20:00,0,1,可预约,￥150.0,多云,18,15,4,0.0,84,28
2026-05-21 09:00:51,2026-05-21,15,排球场-2号,19:00-20:00,0,1,可预约,￥150.0,多云,18,15,4,0.0,84,28
2026-05-21 09:01:59,2026-05-21,15,排球场-2号,19:00-20:00,0,1,可预约,￥150.0,多云,18,15,4,0.0,83,28
2026-05-21 09:05:33,2026-05-21,15,排球场-2号,19:00-20:00,0,1,可预约,￥150.0,多云,18,15,4,0.0,83,28
2026-05-21 09:20:38,2026-05-21,15,排球场-2号,19:00-20:00,0,1,可预约,￥150.0,多云,18,16,3,0.0,81,28
2026-05-21 09:30:46,2026-05-21,15,排球场-2号,19:00-20:00,0,1,可预约,￥150.0,多云,18,16,3,0.0,81,32
2026-05-21 09:40:36,2026-05-21,15,排球场-2号,19:00-20:00,0,1,可预约,￥150.0,多云,19,17,3,0.0,79,32
2026-05-21 09:50:42,2026-05-21,15,排球场-2号,19:00-20:00,0,1,可预约,￥150.0,多云,19,17,4,0.0,81,32
2026-05-21 10:00:46,2026-05-21,15,排球场-2号,19:00-20:00,0,1,可预约,￥150.0,多云,19,17,4,0.0,79,32
2026-05-21 10:10:40,2026-05-21,15,排球场-2号,19:00-20:00,0,1,可预约,￥150.0,多云,19,17,4,0.0,79,32
2026-05-21 10:20:38,2026-05-21,15,排球场-2号,19:00-20:00,0,1,可预约,￥150.0,多云,19,17,4,0.0,79,32
2026-05-21 10:30:41,2026-05-21,15,排球场-2号,19:00-20:00,0,1,可预约,￥150.0,多云,19,18,3,0.0,78,31
2026-05-21 11:00:44,2026-05-21,15,排球场-2号,19:00-20:00,0,1,可预约,￥150.0,多云,21,17,5,0.0,74,31
2026-05-21 11:30:38,2026-05-21,15,排球场-2号,19:00-20:00,0,1,可预约,￥150.0,多云,21,19,3,0.0,72,33
2026-05-21 12:00:46,2026-05-21,15,排球场-2号,19:00-20:00,0,1,可预约,￥150.0,多云,22,19,4,0.0,70,33
2026-05-21 12:30:42,2026-05-21,15,排球场-2号,19:00-20:00,0,1,可预约,￥150.0,多云,22,21,3,0.0,68,35
2026-05-21 13:00:43,2026-05-21,15,排球场-2号,19:00-20:00,0,1,可预约,￥150.0,多云,24,22,4,0.0,66,35
2026-05-21 13:30:43,2026-05-21,15,排球场-2号,19:00-20:00,0,1,可预约,￥150.0,多云,24,22,4,0.0,66,36
2026-05-21 14:00:48,2026-05-21,15,排球场-2号,19:00-20:00,0,1,可预约,￥150.0,多云,25,23,4,0.0,66,36
2026-05-21 14:30:45,2026-05-21,15,排球场-2号,19:00-20:00,0,1,可预约,￥150.0,晴,25,25,3,0.0,65,39
2026-05-21 15:00:45,2026-05-21,15,排球场-2号,19:00-20:00,0,1,可预约,￥150.0,晴,25,22,4,0.0,56,39
2026-05-21 15:30:43,2026-05-21,15,排球场-2号,19:00-20:00,0,1,可预约,￥150.0,晴,25,23,4,0.0,57,40
2026-05-21 16:00:51,2026-05-21,15,排球场-2号,19:00-20:00,0,1,可预约,￥150.0,晴,25,23,4,0.0,57,40
2026-05-21 16:30:48,2026-05-21,15,排球场-2号,19:00-20:00,0,1,可预约,￥150.0,晴,25,24,3,0.0,60,39
2026-05-21 17:00:49,2026-05-21,15,排球场-2号,19:00-20:00,0,1,可预约,￥150.0,晴,25,24,4,0.0,61,39
2026-05-21 17:30:47,2026-05-21,15,排球场-2号,19:00-20:00,0,1,可预约,￥150.0,多云,24,23,3,0.0,64,39
2026-05-21 18:00:50,2026-05-21,15,排球场-2号,19:00-20:00,0,1,可预约,￥150.0,多云,24,23,3,0.0,68,39
2026-05-21 18:30:50,2026-05-21,15,排球场-2号,19:00-20:00,0,1,可预约,￥150.0,阴,24,25,2,0.0,68,40
2026-05-21 19:00:50,2026-05-21,15,排球场-2号,19:00-20:00,0,1,可预约,￥150.0,阴,23,23,3,0.0,76,40
2026-05-21 19:30:46,2026-05-21,15,排球场-2号,19:00-20:00,0,1,可预约,￥150.0,阴,23,24,2,0.0,77,39
2026-05-21 20:00:49,2026-05-21,15,排球场-2号,19:00-20:00,0,1,不开放/已过期,,雾,22,23,2,0.0,89,39
2026-05-21 20:30:44,2026-05-21,15,排球场-2号,19:00-20:00,0,1,不开放/已过期,,雾,22,24,2,0.0,93,43
2026-05-21 21:00:56,2026-05-21,15,排球场-2号,19:00-20:00,0,1,不开放/已过期,,雾,20,21,2,0.0,98,43
2026-05-21 21:30:46,2026-05-21,15,排球场-2号,19:00-20:00,0,1,不开放/已过期,,雾,20,22,1,0.0,99,41
2026-05-21 22:01:02,2026-05-21,15,排球场-2号,19:00-20:00,0,1,不开放/已过期,,雾,19,20,2,0.0,93,41
2026-05-21 22:30:47,2026-05-21,15,排球场-2号,19:00-20:00,0,1,不开放/已过期,,雾,19,19,3,0.0,88,46
2026-05-21 23:00:56,2026-05-21,15,排球场-2号,19:00-20:00,0,1,不开放/已过期,,多云,18,17,3,0.0,85,46
2026-05-21 23:30:55,2026-05-21,15,排球场-2号,19:00-20:00,0,1,不开放/已过期,,多云,18,17,3,0.0,85,48
2026-05-21 00:30:49,2026-05-21,15,排球场-2号,20:30-21:30,0,1,可预约,￥150.0,多云,15,13,3,0.0,100,26
2026-05-21 01:00:55,2026-05-21,15,排球场-2号,20:30-21:30,0,1,可预约,￥150.0,多云,15,12,4,0.0,100,26
2026-05-21 01:30:47,2026-05-21,15,排球场-2号,20:30-21:30,0,1,可预约,￥150.0,多云,15,13,4,0.0,100,28
2026-05-21 02:00:53,2026-05-21,15,排球场-2号,20:30-21:30,0,1,可预约,￥150.0,多云,15,12,4,0.0,100,28
2026-05-21 02:30:49,2026-05-21,15,排球场-2号,20:30-21:30,0,1,可预约,￥150.0,多云,15,14,3,0.0,100,29
2026-05-21 03:00:55,2026-05-21,15,排球场-2号,20:30-21:30,0,1,可预约,￥150.0,多云,15,12,4,0.0,100,29
2026-05-21 03:30:49,2026-05-21,15,排球场-2号,20:30-21:30,0,1,可预约,￥150.0,多云,15,14,3,0.0,100,30
2026-05-21 04:30:45,2026-05-21,15,排球场-2号,20:30-21:30,0,1,可预约,￥150.0,多云,15,12,4,0.0,100,29
2026-05-21 05:00:52,2026-05-21,15,排球场-2号,20:30-21:30,0,1,可预约,￥150.0,多云,15,12,4,0.0,100,29
2026-05-21 05:30:49,2026-05-21,15,排球场-2号,20:30-21:30,0,1,可预约,￥150.0,多云,15,13,3,0.0,100,28
2026-05-21 06:00:50,2026-05-21,15,排球场-2号,20:30-21:30,0,1,可预约,￥150.0,多云,15,13,4,0.0,99,28
2026-05-21 06:30:38,2026-05-21,15,排球场-2号,20:30-21:30,0,1,可预约,￥150.0,多云,15,13,3,0.0,97,28
2026-05-21 07:00:43,2026-05-21,15,排球场-2号,20:30-21:30,0,1,可预约,￥150.0,晴,15,11,5,0.0,93,28
2026-05-21 07:30:39,2026-05-21,15,排球场-2号,20:30-21:30,0,1,可预约,￥150.0,晴,17,13,4,0.0,89,29
2026-05-21 07:50:40,2026-05-21,15,排球场-2号,20:30-21:30,0,1,可预约,￥150.0,晴,17,13,4,0.0,88,29
2026-05-21 07:53:31,2026-05-21,15,排球场-2号,20:30-21:30,0,1,可预约,￥150.0,晴,17,12,5,0.0,86,29
2026-05-21 07:56:31,2026-05-21,15,排球场-2号,20:30-21:30,0,1,可预约,￥150.0,晴,17,12,5,0.0,86,29
2026-05-21 07:59:26,2026-05-21,15,排球场-2号,20:30-21:30,0,1,可预约,￥150.0,晴,17,12,5,0.0,86,29
2026-05-21 08:00:45,2026-05-21,15,排球场-2号,20:30-21:30,0,1,可预约,￥150.0,晴,17,12,5,0.0,86,29
2026-05-21 08:02:30,2026-05-21,15,排球场-2号,20:30-21:30,0,1,可预约,￥150.0,多云,17,12,5,0.0,87,29
2026-05-21 08:05:36,2026-05-21,15,排球场-2号,20:30-21:30,0,1,可预约,￥150.0,多云,17,12,5,0.0,86,29
2026-05-21 08:08:31,2026-05-21,15,排球场-2号,20:30-21:30,0,1,可预约,￥150.0,多云,17,12,5,0.0,86,29
2026-05-21 08:11:30,2026-05-21,15,排球场-2号,20:30-21:30,0,1,可预约,￥150.0,多云,17,12,5,0.0,86,29
2026-05-21 08:14:31,2026-05-21,15,排球场-2号,20:30-21:30,0,1,可预约,￥150.0,多云,17,12,5,0.0,86,29
2026-05-21 08:17:30,2026-05-21,15,排球场-2号,20:30-21:30,0,1,可预约,￥150.0,多云,17,12,5,0.0,86,29
2026-05-21 08:20:35,2026-05-21,15,排球场-2号,20:30-21:30,0,1,可预约,￥150.0,多云,17,14,4,0.0,85,29
2026-05-21 08:25:32,2026-05-21,15,排球场-2号,20:30-21:30,0,1,可预约,￥150.0,多云,17,14,4,0.0,85,28
2026-05-21 08:30:42,2026-05-21,15,排球场-2号,20:30-21:30,0,1,可预约,￥150.0,多云,18,15,4,0.0,84,28
2026-05-21 08:35:31,2026-05-21,15,排球场-2号,20:30-21:30,0,1,可预约,￥150.0,多云,18,15,4,0.0,84,28
2026-05-21 08:40:38,2026-05-21,15,排球场-2号,20:30-21:30,0,1,可预约,￥150.0,多云,18,15,4,0.0,82,28
2026-05-21 08:45:33,2026-05-21,15,排球场-2号,20:30-21:30,0,1,可预约,￥150.0,多云,18,15,4,0.0,82,28
2026-05-21 08:50:36,2026-05-21,15,排球场-2号,20:30-21:30,0,1,可预约,￥150.0,多云,18,15,4,0.0,82,28
2026-05-21 08:55:34,2026-05-21,15,排球场-2号,20:30-21:30,0,1,可预约,￥150.0,多云,18,15,4,0.0,84,28
2026-05-21 09:00:51,2026-05-21,15,排球场-2号,20:30-21:30,0,1,可预约,￥150.0,多云,18,15,4,0.0,84,28
2026-05-21 09:01:59,2026-05-21,15,排球场-2号,20:30-21:30,0,1,可预约,￥150.0,多云,18,15,4,0.0,83,28
2026-05-21 09:05:33,2026-05-21,15,排球场-2号,20:30-21:30,0,1,可预约,￥150.0,多云,18,15,4,0.0,83,28
2026-05-21 09:20:38,2026-05-21,15,排球场-2号,20:30-21:30,0,1,可预约,￥150.0,多云,18,16,3,0.0,81,28
2026-05-21 09:30:46,2026-05-21,15,排球场-2号,20:30-21:30,0,1,可预约,￥150.0,多云,18,16,3,0.0,81,32
2026-05-21 09:40:36,2026-05-21,15,排球场-2号,20:30-21:30,0,1,可预约,￥150.0,多云,19,17,3,0.0,79,32
2026-05-21 09:50:42,2026-05-21,15,排球场-2号,20:30-21:30,0,1,可预约,￥150.0,多云,19,17,4,0.0,81,32
2026-05-21 10:00:46,2026-05-21,15,排球场-2号,20:30-21:30,0,1,可预约,￥150.0,多云,19,17,4,0.0,79,32
2026-05-21 10:10:40,2026-05-21,15,排球场-2号,20:30-21:30,0,1,可预约,￥150.0,多云,19,17,4,0.0,79,32
2026-05-21 10:20:38,2026-05-21,15,排球场-2号,20:30-21:30,0,1,可预约,￥150.0,多云,19,17,4,0.0,79,32
2026-05-21 10:30:41,2026-05-21,15,排球场-2号,20:30-21:30,0,1,可预约,￥150.0,多云,19,18,3,0.0,78,31
2026-05-21 11:00:44,2026-05-21,15,排球场-2号,20:30-21:30,0,1,可预约,￥150.0,多云,21,17,5,0.0,74,31
2026-05-21 11:30:38,2026-05-21,15,排球场-2号,20:30-21:30,0,1,可预约,￥150.0,多云,21,19,3,0.0,72,33
2026-05-21 12:00:46,2026-05-21,15,排球场-2号,20:30-21:30,0,1,可预约,￥150.0,多云,22,19,4,0.0,70,33
2026-05-21 12:30:42,2026-05-21,15,排球场-2号,20:30-21:30,0,1,可预约,￥150.0,多云,22,21,3,0.0,68,35
2026-05-21 13:00:43,2026-05-21,15,排球场-2号,20:30-21:30,0,1,可预约,￥150.0,多云,24,22,4,0.0,66,35
2026-05-21 13:30:43,2026-05-21,15,排球场-2号,20:30-21:30,0,1,可预约,￥150.0,多云,24,22,4,0.0,66,36
2026-05-21 14:00:48,2026-05-21,15,排球场-2号,20:30-21:30,0,1,可预约,￥150.0,多云,25,23,4,0.0,66,36
2026-05-21 14:30:45,2026-05-21,15,排球场-2号,20:30-21:30,0,1,可预约,￥150.0,晴,25,25,3,0.0,65,39
2026-05-21 15:00:45,2026-05-21,15,排球场-2号,20:30-21:30,0,1,可预约,￥150.0,晴,25,22,4,0.0,56,39
2026-05-21 15:30:43,2026-05-21,15,排球场-2号,20:30-21:30,0,1,可预约,￥150.0,晴,25,23,4,0.0,57,40
2026-05-21 16:00:51,2026-05-21,15,排球场-2号,20:30-21:30,0,1,可预约,￥150.0,晴,25,23,4,0.0,57,40
2026-05-21 16:30:48,2026-05-21,15,排球场-2号,20:30-21:30,0,1,可预约,￥150.0,晴,25,24,3,0.0,60,39
2026-05-21 17:00:49,2026-05-21,15,排球场-2号,20:30-21:30,0,1,可预约,￥150.0,晴,25,24,4,0.0,61,39
2026-05-21 17:30:47,2026-05-21,15,排球场-2号,20:30-21:30,0,1,可预约,￥150.0,多云,24,23,3,0.0,64,39
2026-05-21 18:00:50,2026-05-21,15,排球场-2号,20:30-21:30,0,1,可预约,￥150.0,多云,24,23,3,0.0,68,39
2026-05-21 18:30:50,2026-05-21,15,排球场-2号,20:30-21:30,0,1,可预约,￥150.0,阴,24,25,2,0.0,68,40
2026-05-21 19:00:50,2026-05-21,15,排球场-2号,20:30-21:30,0,1,可预约,￥150.0,阴,23,23,3,0.0,76,40
2026-05-21 19:30:46,2026-05-21,15,排球场-2号,20:30-21:30,0,1,可预约,￥150.0,阴,23,24,2,0.0,77,39
2026-05-21 20:00:49,2026-05-21,15,排球场-2号,20:30-21:30,0,1,可预约,￥150.0,雾,22,23,2,0.0,89,39
2026-05-21 20:30:44,2026-05-21,15,排球场-2号,20:30-21:30,0,1,可预约,￥150.0,雾,22,24,2,0.0,93,43
2026-05-21 21:00:56,2026-05-21,15,排球场-2号,20:30-21:30,0,1,可预约,￥150.0,雾,20,21,2,0.0,98,43
2026-05-21 21:30:46,2026-05-21,15,排球场-2号,20:30-21:30,0,1,不开放/已过期,,雾,20,22,1,0.0,99,41
2026-05-21 22:01:02,2026-05-21,15,排球场-2号,20:30-21:30,0,1,不开放/已过期,,雾,19,20,2,0.0,93,41
2026-05-21 22:30:47,2026-05-21,15,排球场-2号,20:30-21:30,0,1,不开放/已过期,,雾,19,19,3,0.0,88,46
2026-05-21 23:00:56,2026-05-21,15,排球场-2号,20:30-21:30,0,1,不开放/已过期,,多云,18,17,3,0.0,85,46
2026-05-21 23:30:55,2026-05-21,15,排球场-2号,20:30-21:30,0,1,不开放/已过期,,多云,18,17,3,0.0,85,48
2026-05-21 08:00:45,2026-05-22,1,游泳馆,06:30-08:00,0,60,可预约,￥0.0,晴,17,12,5,0.0,86,29
2026-05-21 08:02:30,2026-05-22,1,游泳馆,06:30-08:00,0,60,可预约,￥0.0,多云,17,12,5,0.0,87,29
2026-05-21 08:05:36,2026-05-22,1,游泳馆,06:30-08:00,0,60,可预约,￥0.0,多云,17,12,5,0.0,86,29
2026-05-21 08:08:31,2026-05-22,1,游泳馆,06:30-08:00,0,60,可预约,￥0.0,多云,17,12,5,0.0,86,29
2026-05-21 08:11:30,2026-05-22,1,游泳馆,06:30-08:00,0,60,可预约,￥0.0,多云,17,12,5,0.0,86,29
2026-05-21 08:14:31,2026-05-22,1,游泳馆,06:30-08:00,0,60,可预约,￥0.0,多云,17,12,5,0.0,86,29
2026-05-21 08:17:30,2026-05-22,1,游泳馆,06:30-08:00,0,60,可预约,￥0.0,多云,17,12,5,0.0,86,29
2026-05-21 08:20:35,2026-05-22,1,游泳馆,06:30-08:00,0,60,可预约,￥0.0,多云,17,14,4,0.0,85,29
2026-05-21 08:25:32,2026-05-22,1,游泳馆,06:30-08:00,0,60,可预约,￥0.0,多云,17,14,4,0.0,85,28
2026-05-21 08:30:42,2026-05-22,1,游泳馆,06:30-08:00,0,60,可预约,￥0.0,多云,18,15,4,0.0,84,28
2026-05-21 08:35:31,2026-05-22,1,游泳馆,06:30-08:00,1,60,可预约,￥0.0,多云,18,15,4,0.0,84,28
2026-05-21 08:40:38,2026-05-22,1,游泳馆,06:30-08:00,1,60,可预约,￥0.0,多云,18,15,4,0.0,82,28
2026-05-21 08:45:33,2026-05-22,1,游泳馆,06:30-08:00,1,60,可预约,￥0.0,多云,18,15,4,0.0,82,28
2026-05-21 08:50:36,2026-05-22,1,游泳馆,06:30-08:00,1,60,可预约,￥0.0,多云,18,15,4,0.0,82,28
2026-05-21 08:55:34,2026-05-22,1,游泳馆,06:30-08:00,1,60,可预约,￥0.0,多云,18,15,4,0.0,84,28
2026-05-21 09:00:51,2026-05-22,1,游泳馆,06:30-08:00,1,60,可预约,￥0.0,多云,18,15,4,0.0,84,28
2026-05-21 09:01:59,2026-05-22,1,游泳馆,06:30-08:00,1,60,可预约,￥0.0,多云,18,15,4,0.0,83,28
2026-05-21 09:05:33,2026-05-22,1,游泳馆,06:30-08:00,1,60,可预约,￥0.0,多云,18,15,4,0.0,83,28
2026-05-21 09:20:38,2026-05-22,1,游泳馆,06:30-08:00,1,60,可预约,￥0.0,多云,18,16,3,0.0,81,28
2026-05-21 09:30:46,2026-05-22,1,游泳馆,06:30-08:00,1,60,可预约,￥0.0,多云,18,16,3,0.0,81,32
2026-05-21 09:40:36,2026-05-22,1,游泳馆,06:30-08:00,1,60,可预约,￥0.0,多云,19,17,3,0.0,79,32
2026-05-21 09:50:42,2026-05-22,1,游泳馆,06:30-08:00,1,60,可预约,￥0.0,多云,19,17,4,0.0,81,32
2026-05-21 10:00:46,2026-05-22,1,游泳馆,06:30-08:00,1,60,可预约,￥0.0,多云,19,17,4,0.0,79,32
2026-05-21 10:10:40,2026-05-22,1,游泳馆,06:30-08:00,1,60,可预约,￥0.0,多云,19,17,4,0.0,79,32
2026-05-21 10:20:38,2026-05-22,1,游泳馆,06:30-08:00,1,60,可预约,￥0.0,多云,19,17,4,0.0,79,32
2026-05-21 10:30:41,2026-05-22,1,游泳馆,06:30-08:00,1,60,可预约,￥0.0,多云,19,18,3,0.0,78,31
2026-05-21 11:00:44,2026-05-22,1,游泳馆,06:30-08:00,1,60,可预约,￥0.0,多云,21,17,5,0.0,74,31
2026-05-21 11:30:38,2026-05-22,1,游泳馆,06:30-08:00,1,60,可预约,￥0.0,多云,21,19,3,0.0,72,33
2026-05-21 12:00:46,2026-05-22,1,游泳馆,06:30-08:00,1,60,可预约,￥0.0,多云,22,19,4,0.0,70,33
2026-05-21 12:30:42,2026-05-22,1,游泳馆,06:30-08:00,1,60,可预约,￥0.0,多云,22,21,3,0.0,68,35
2026-05-21 13:00:43,2026-05-22,1,游泳馆,06:30-08:00,1,60,可预约,￥0.0,多云,24,22,4,0.0,66,35
2026-05-21 13:30:43,2026-05-22,1,游泳馆,06:30-08:00,1,60,可预约,￥0.0,多云,24,22,4,0.0,66,36
2026-05-21 14:00:48,2026-05-22,1,游泳馆,06:30-08:00,1,60,可预约,￥0.0,多云,25,23,4,0.0,66,36
2026-05-21 14:30:45,2026-05-22,1,游泳馆,06:30-08:00,1,60,可预约,￥0.0,晴,25,25,3,0.0,65,39
2026-05-21 15:00:45,2026-05-22,1,游泳馆,06:30-08:00,2,60,可预约,￥0.0,晴,25,22,4,0.0,56,39
2026-05-21 15:30:43,2026-05-22,1,游泳馆,06:30-08:00,4,60,可预约,￥0.0,晴,25,23,4,0.0,57,40
2026-05-21 16:00:51,2026-05-22,1,游泳馆,06:30-08:00,5,60,可预约,￥0.0,晴,25,23,4,0.0,57,40
2026-05-21 16:30:48,2026-05-22,1,游泳馆,06:30-08:00,5,60,可预约,￥0.0,晴,25,24,3,0.0,60,39
2026-05-21 17:00:49,2026-05-22,1,游泳馆,06:30-08:00,5,60,可预约,￥0.0,晴,25,24,4,0.0,61,39
2026-05-21 17:30:47,2026-05-22,1,游泳馆,06:30-08:00,5,60,可预约,￥0.0,多云,24,23,3,0.0,64,39
2026-05-21 18:00:50,2026-05-22,1,游泳馆,06:30-08:00,5,60,可预约,￥0.0,多云,24,23,3,0.0,68,39
2026-05-21 18:30:50,2026-05-22,1,游泳馆,06:30-08:00,8,60,可预约,￥0.0,阴,24,25,2,0.0,68,40
2026-05-21 19:00:50,2026-05-22,1,游泳馆,06:30-08:00,8,60,可预约,￥0.0,阴,23,23,3,0.0,76,40
2026-05-21 19:30:46,2026-05-22,1,游泳馆,06:30-08:00,9,60,可预约,￥0.0,阴,23,24,2,0.0,77,39
2026-05-21 20:00:49,2026-05-22,1,游泳馆,06:30-08:00,9,60,可预约,￥0.0,雾,22,23,2,0.0,89,39
2026-05-21 20:30:44,2026-05-22,1,游泳馆,06:30-08:00,9,60,可预约,￥0.0,雾,22,24,2,0.0,93,43
2026-05-21 21:00:56,2026-05-22,1,游泳馆,06:30-08:00,10,60,可预约,￥0.0,雾,20,21,2,0.0,98,43
2026-05-21 21:30:46,2026-05-22,1,游泳馆,06:30-08:00,13,60,可预约,￥0.0,雾,20,22,1,0.0,99,41
2026-05-21 22:01:02,2026-05-22,1,游泳馆,06:30-08:00,14,60,可预约,￥0.0,雾,19,20,2,0.0,93,41
2026-05-21 22:30:47,2026-05-22,1,游泳馆,06:30-08:00,13,60,可预约,￥0.0,雾,19,19,3,0.0,88,46
2026-05-21 23:00:56,2026-05-22,1,游泳馆,06:30-08:00,13,60,可预约,￥0.0,多云,18,17,3,0.0,85,46
2026-05-21 23:30:55,2026-05-22,1,游泳馆,06:30-08:00,14,60,可预约,￥0.0,多云,18,17,3,0.0,85,48
2026-05-21 08:00:45,2026-05-22,1,游泳馆,08:00-09:30,0,60,可预约,￥0.0,晴,17,12,5,0.0,86,29
2026-05-21 08:02:30,2026-05-22,1,游泳馆,08:00-09:30,0,60,可预约,￥0.0,多云,17,12,5,0.0,87,29
2026-05-21 08:05:36,2026-05-22,1,游泳馆,08:00-09:30,1,60,可预约,￥0.0,多云,17,12,5,0.0,86,29
2026-05-21 08:08:31,2026-05-22,1,游泳馆,08:00-09:30,2,60,可预约,￥0.0,多云,17,12,5,0.0,86,29
2026-05-21 08:11:30,2026-05-22,1,游泳馆,08:00-09:30,1,60,可预约,￥0.0,多云,17,12,5,0.0,86,29
2026-05-21 08:14:31,2026-05-22,1,游泳馆,08:00-09:30,2,60,可预约,￥0.0,多云,17,12,5,0.0,86,29
2026-05-21 08:17:30,2026-05-22,1,游泳馆,08:00-09:30,2,60,可预约,￥0.0,多云,17,12,5,0.0,86,29
2026-05-21 08:20:35,2026-05-22,1,游泳馆,08:00-09:30,2,60,可预约,￥0.0,多云,17,14,4,0.0,85,29
2026-05-21 08:25:32,2026-05-22,1,游泳馆,08:00-09:30,2,60,可预约,￥0.0,多云,17,14,4,0.0,85,28
2026-05-21 08:30:42,2026-05-22,1,游泳馆,08:00-09:30,2,60,可预约,￥0.0,多云,18,15,4,0.0,84,28
2026-05-21 08:35:31,2026-05-22,1,游泳馆,08:00-09:30,3,60,可预约,￥0.0,多云,18,15,4,0.0,84,28
2026-05-21 08:40:38,2026-05-22,1,游泳馆,08:00-09:30,4,60,可预约,￥0.0,多云,18,15,4,0.0,82,28
2026-05-21 08:45:33,2026-05-22,1,游泳馆,08:00-09:30,4,60,可预约,￥0.0,多云,18,15,4,0.0,82,28
2026-05-21 08:50:36,2026-05-22,1,游泳馆,08:00-09:30,4,60,可预约,￥0.0,多云,18,15,4,0.0,82,28
2026-05-21 08:55:34,2026-05-22,1,游泳馆,08:00-09:30,5,60,可预约,￥0.0,多云,18,15,4,0.0,84,28
2026-05-21 09:00:51,2026-05-22,1,游泳馆,08:00-09:30,8,60,可预约,￥0.0,多云,18,15,4,0.0,84,28
2026-05-21 09:01:59,2026-05-22,1,游泳馆,08:00-09:30,8,60,可预约,￥0.0,多云,18,15,4,0.0,83,28
2026-05-21 09:05:33,2026-05-22,1,游泳馆,08:00-09:30,9,60,可预约,￥0.0,多云,18,15,4,0.0,83,28
2026-05-21 09:20:38,2026-05-22,1,游泳馆,08:00-09:30,9,60,可预约,￥0.0,多云,18,16,3,0.0,81,28
2026-05-21 09:30:46,2026-05-22,1,游泳馆,08:00-09:30,9,60,可预约,￥0.0,多云,18,16,3,0.0,81,32
2026-05-21 09:40:36,2026-05-22,1,游泳馆,08:00-09:30,11,60,可预约,￥0.0,多云,19,17,3,0.0,79,32
2026-05-21 09:50:42,2026-05-22,1,游泳馆,08:00-09:30,12,60,可预约,￥0.0,多云,19,17,4,0.0,81,32
2026-05-21 10:00:46,2026-05-22,1,游泳馆,08:00-09:30,13,60,可预约,￥0.0,多云,19,17,4,0.0,79,32
2026-05-21 10:10:40,2026-05-22,1,游泳馆,08:00-09:30,15,60,可预约,￥0.0,多云,19,17,4,0.0,79,32
2026-05-21 10:20:38,2026-05-22,1,游泳馆,08:00-09:30,15,60,可预约,￥0.0,多云,19,17,4,0.0,79,32
2026-05-21 10:30:41,2026-05-22,1,游泳馆,08:00-09:30,15,60,可预约,￥0.0,多云,19,18,3,0.0,78,31
2026-05-21 11:00:44,2026-05-22,1,游泳馆,08:00-09:30,19,60,可预约,￥0.0,多云,21,17,5,0.0,74,31
2026-05-21 11:30:38,2026-05-22,1,游泳馆,08:00-09:30,21,60,可预约,￥0.0,多云,21,19,3,0.0,72,33
2026-05-21 12:00:46,2026-05-22,1,游泳馆,08:00-09:30,23,60,可预约,￥0.0,多云,22,19,4,0.0,70,33
2026-05-21 12:30:42,2026-05-22,1,游泳馆,08:00-09:30,24,60,可预约,￥0.0,多云,22,21,3,0.0,68,35
2026-05-21 13:00:43,2026-05-22,1,游泳馆,08:00-09:30,25,60,可预约,￥0.0,多云,24,22,4,0.0,66,35
2026-05-21 13:30:43,2026-05-22,1,游泳馆,08:00-09:30,26,60,可预约,￥0.0,多云,24,22,4,0.0,66,36
2026-05-21 14:00:48,2026-05-22,1,游泳馆,08:00-09:30,30,60,可预约,￥0.0,多云,25,23,4,0.0,66,36
2026-05-21 14:30:45,2026-05-22,1,游泳馆,08:00-09:30,30,60,可预约,￥0.0,晴,25,25,3,0.0,65,39
2026-05-21 15:00:45,2026-05-22,1,游泳馆,08:00-09:30,30,60,可预约,￥0.0,晴,25,22,4,0.0,56,39
2026-05-21 15:30:43,2026-05-22,1,游泳馆,08:00-09:30,33,60,可预约,￥0.0,晴,25,23,4,0.0,57,40
2026-05-21 16:00:51,2026-05-22,1,游泳馆,08:00-09:30,34,60,可预约,￥0.0,晴,25,23,4,0.0,57,40
2026-05-21 16:30:48,2026-05-22,1,游泳馆,08:00-09:30,35,60,可预约,￥0.0,晴,25,24,3,0.0,60,39
2026-05-21 17:00:49,2026-05-22,1,游泳馆,08:00-09:30,35,60,可预约,￥0.0,晴,25,24,4,0.0,61,39
2026-05-21 17:30:47,2026-05-22,1,游泳馆,08:00-09:30,38,60,可预约,￥0.0,多云,24,23,3,0.0,64,39
2026-05-21 18:00:50,2026-05-22,1,游泳馆,08:00-09:30,40,60,可预约,￥0.0,多云,24,23,3,0.0,68,39
2026-05-21 18:30:50,2026-05-22,1,游泳馆,08:00-09:30,40,60,可预约,￥0.0,阴,24,25,2,0.0,68,40
2026-05-21 19:00:50,2026-05-22,1,游泳馆,08:00-09:30,41,60,可预约,￥0.0,阴,23,23,3,0.0,76,40
2026-05-21 19:30:46,2026-05-22,1,游泳馆,08:00-09:30,43,60,可预约,￥0.0,阴,23,24,2,0.0,77,39
2026-05-21 20:00:49,2026-05-22,1,游泳馆,08:00-09:30,43,60,可预约,￥0.0,雾,22,23,2,0.0,89,39
2026-05-21 20:30:44,2026-05-22,1,游泳馆,08:00-09:30,44,60,可预约,￥0.0,雾,22,24,2,0.0,93,43
2026-05-21 21:00:56,2026-05-22,1,游泳馆,08:00-09:30,45,60,可预约,￥0.0,雾,20,21,2,0.0,98,43
2026-05-21 21:30:46,2026-05-22,1,游泳馆,08:00-09:30,44,60,可预约,￥0.0,雾,20,22,1,0.0,99,41
2026-05-21 22:01:02,2026-05-22,1,游泳馆,08:00-09:30,47,60,可预约,￥0.0,雾,19,20,2,0.0,93,41
2026-05-21 22:30:47,2026-05-22,1,游泳馆,08:00-09:30,50,60,可预约,￥0.0,雾,19,19,3,0.0,88,46
2026-05-21 23:00:56,2026-05-22,1,游泳馆,08:00-09:30,54,60,可预约,￥0.0,多云,18,17,3,0.0,85,46
2026-05-21 23:30:55,2026-05-22,1,游泳馆,08:00-09:30,53,60,可预约,￥0.0,多云,18,17,3,0.0,85,48
2026-05-21 08:00:45,2026-05-22,1,游泳馆,10:00-11:30,65,60,已售/已满,教学时间,晴,17,12,5,0.0,86,29
2026-05-21 08:02:30,2026-05-22,1,游泳馆,10:00-11:30,65,60,已售/已满,教学时间,多云,17,12,5,0.0,87,29
2026-05-21 08:05:36,2026-05-22,1,游泳馆,10:00-11:30,65,60,已售/已满,教学时间,多云,17,12,5,0.0,86,29
2026-05-21 08:08:31,2026-05-22,1,游泳馆,10:00-11:30,65,60,已售/已满,教学时间,多云,17,12,5,0.0,86,29
2026-05-21 08:11:30,2026-05-22,1,游泳馆,10:00-11:30,65,60,已售/已满,教学时间,多云,17,12,5,0.0,86,29
2026-05-21 08:14:31,2026-05-22,1,游泳馆,10:00-11:30,65,60,已售/已满,教学时间,多云,17,12,5,0.0,86,29
2026-05-21 08:17:30,2026-05-22,1,游泳馆,10:00-11:30,65,60,已售/已满,教学时间,多云,17,12,5,0.0,86,29
2026-05-21 08:20:35,2026-05-22,1,游泳馆,10:00-11:30,65,60,已售/已满,教学时间,多云,17,14,4,0.0,85,29
2026-05-21 08:25:32,2026-05-22,1,游泳馆,10:00-11:30,65,60,已售/已满,教学时间,多云,17,14,4,0.0,85,28
2026-05-21 08:30:42,2026-05-22,1,游泳馆,10:00-11:30,65,60,已售/已满,教学时间,多云,18,15,4,0.0,84,28
2026-05-21 08:35:31,2026-05-22,1,游泳馆,10:00-11:30,65,60,已售/已满,教学时间,多云,18,15,4,0.0,84,28
2026-05-21 08:40:38,2026-05-22,1,游泳馆,10:00-11:30,65,60,已售/已满,教学时间,多云,18,15,4,0.0,82,28
2026-05-21 08:45:33,2026-05-22,1,游泳馆,10:00-11:30,65,60,已售/已满,教学时间,多云,18,15,4,0.0,82,28
2026-05-21 08:50:36,2026-05-22,1,游泳馆,10:00-11:30,65,60,已售/已满,教学时间,多云,18,15,4,0.0,82,28
2026-05-21 08:55:34,2026-05-22,1,游泳馆,10:00-11:30,65,60,已售/已满,教学时间,多云,18,15,4,0.0,84,28
2026-05-21 09:00:51,2026-05-22,1,游泳馆,10:00-11:30,65,60,已售/已满,教学时间,多云,18,15,4,0.0,84,28
2026-05-21 09:01:59,2026-05-22,1,游泳馆,10:00-11:30,65,60,已售/已满,教学时间,多云,18,15,4,0.0,83,28
2026-05-21 09:05:33,2026-05-22,1,游泳馆,10:00-11:30,65,60,已售/已满,教学时间,多云,18,15,4,0.0,83,28
2026-05-21 09:20:38,2026-05-22,1,游泳馆,10:00-11:30,65,60,已售/已满,教学时间,多云,18,16,3,0.0,81,28
2026-05-21 09:30:46,2026-05-22,1,游泳馆,10:00-11:30,65,60,已售/已满,教学时间,多云,18,16,3,0.0,81,32
2026-05-21 09:40:36,2026-05-22,1,游泳馆,10:00-11:30,65,60,已售/已满,教学时间,多云,19,17,3,0.0,79,32
2026-05-21 09:50:42,2026-05-22,1,游泳馆,10:00-11:30,65,60,已售/已满,教学时间,多云,19,17,4,0.0,81,32
2026-05-21 10:00:46,2026-05-22,1,游泳馆,10:00-11:30,65,60,已售/已满,教学时间,多云,19,17,4,0.0,79,32
2026-05-21 10:10:40,2026-05-22,1,游泳馆,10:00-11:30,65,60,已售/已满,教学时间,多云,19,17,4,0.0,79,32
2026-05-21 10:20:38,2026-05-22,1,游泳馆,10:00-11:30,65,60,已售/已满,教学时间,多云,19,17,4,0.0,79,32
2026-05-21 10:30:41,2026-05-22,1,游泳馆,10:00-11:30,65,60,已售/已满,教学时间,多云,19,18,3,0.0,78,31
2026-05-21 11:00:44,2026-05-22,1,游泳馆,10:00-11:30,65,60,已售/已满,教学时间,多云,21,17,5,0.0,74,31
2026-05-21 11:30:38,2026-05-22,1,游泳馆,10:00-11:30,65,60,已售/已满,教学时间,多云,21,19,3,0.0,72,33
2026-05-21 12:00:46,2026-05-22,1,游泳馆,10:00-11:30,65,60,已售/已满,教学时间,多云,22,19,4,0.0,70,33
2026-05-21 12:30:42,2026-05-22,1,游泳馆,10:00-11:30,65,60,已售/已满,教学时间,多云,22,21,3,0.0,68,35
2026-05-21 13:00:43,2026-05-22,1,游泳馆,10:00-11:30,65,60,已售/已满,教学时间,多云,24,22,4,0.0,66,35
2026-05-21 13:30:43,2026-05-22,1,游泳馆,10:00-11:30,65,60,已售/已满,教学时间,多云,24,22,4,0.0,66,36
2026-05-21 14:00:48,2026-05-22,1,游泳馆,10:00-11:30,65,60,已售/已满,教学时间,多云,25,23,4,0.0,66,36
2026-05-21 14:30:45,2026-05-22,1,游泳馆,10:00-11:30,65,60,已售/已满,教学时间,晴,25,25,3,0.0,65,39
2026-05-21 15:00:45,2026-05-22,1,游泳馆,10:00-11:30,65,60,已售/已满,教学时间,晴,25,22,4,0.0,56,39
2026-05-21 15:30:43,2026-05-22,1,游泳馆,10:00-11:30,65,60,已售/已满,教学时间,晴,25,23,4,0.0,57,40
2026-05-21 16:00:51,2026-05-22,1,游泳馆,10:00-11:30,65,60,已售/已满,教学时间,晴,25,23,4,0.0,57,40
2026-05-21 16:30:48,2026-05-22,1,游泳馆,10:00-11:30,65,60,已售/已满,教学时间,晴,25,24,3,0.0,60,39
2026-05-21 17:00:49,2026-05-22,1,游泳馆,10:00-11:30,65,60,已售/已满,教学时间,晴,25,24,4,0.0,61,39
2026-05-21 17:30:47,2026-05-22,1,游泳馆,10:00-11:30,65,60,已售/已满,教学时间,多云,24,23,3,0.0,64,39
2026-05-21 18:00:50,2026-05-22,1,游泳馆,10:00-11:30,65,60,已售/已满,教学时间,多云,24,23,3,0.0,68,39
2026-05-21 18:30:50,2026-05-22,1,游泳馆,10:00-11:30,65,60,已售/已满,教学时间,阴,24,25,2,0.0,68,40
2026-05-21 19:00:50,2026-05-22,1,游泳馆,10:00-11:30,65,60,已售/已满,教学时间,阴,23,23,3,0.0,76,40
2026-05-21 19:30:46,2026-05-22,1,游泳馆,10:00-11:30,65,60,已售/已满,教学时间,阴,23,24,2,0.0,77,39
2026-05-21 20:00:49,2026-05-22,1,游泳馆,10:00-11:30,65,60,已售/已满,教学时间,雾,22,23,2,0.0,89,39
2026-05-21 20:30:44,2026-05-22,1,游泳馆,10:00-11:30,65,60,已售/已满,教学时间,雾,22,24,2,0.0,93,43
2026-05-21 21:00:56,2026-05-22,1,游泳馆,10:00-11:30,65,60,已售/已满,教学时间,雾,20,21,2,0.0,98,43
2026-05-21 21:30:46,2026-05-22,1,游泳馆,10:00-11:30,65,60,已售/已满,教学时间,雾,20,22,1,0.0,99,41
2026-05-21 22:01:02,2026-05-22,1,游泳馆,10:00-11:30,65,60,已售/已满,教学时间,雾,19,20,2,0.0,93,41
2026-05-21 22:30:47,2026-05-22,1,游泳馆,10:00-11:30,65,60,已售/已满,教学时间,雾,19,19,3,0.0,88,46
2026-05-21 23:00:56,2026-05-22,1,游泳馆,10:00-11:30,65,60,已售/已满,教学时间,多云,18,17,3,0.0,85,46
2026-05-21 23:30:55,2026-05-22,1,游泳馆,10:00-11:30,65,60,已售/已满,教学时间,多云,18,17,3,0.0,85,48
2026-05-21 08:00:45,2026-05-22,1,游泳馆,12:00-13:30,0,60,可预约,￥0.0,晴,17,12,5,0.0,86,29
2026-05-21 08:02:30,2026-05-22,1,游泳馆,12:00-13:30,0,60,可预约,￥0.0,多云,17,12,5,0.0,87,29
2026-05-21 08:05:36,2026-05-22,1,游泳馆,12:00-13:30,0,60,可预约,￥0.0,多云,17,12,5,0.0,86,29
2026-05-21 08:08:31,2026-05-22,1,游泳馆,12:00-13:30,0,60,可预约,￥0.0,多云,17,12,5,0.0,86,29
2026-05-21 08:11:30,2026-05-22,1,游泳馆,12:00-13:30,0,60,可预约,￥0.0,多云,17,12,5,0.0,86,29
2026-05-21 08:14:31,2026-05-22,1,游泳馆,12:00-13:30,0,60,可预约,￥0.0,多云,17,12,5,0.0,86,29
2026-05-21 08:17:30,2026-05-22,1,游泳馆,12:00-13:30,0,60,可预约,￥0.0,多云,17,12,5,0.0,86,29
2026-05-21 08:20:35,2026-05-22,1,游泳馆,12:00-13:30,0,60,可预约,￥0.0,多云,17,14,4,0.0,85,29
2026-05-21 08:25:32,2026-05-22,1,游泳馆,12:00-13:30,0,60,可预约,￥0.0,多云,17,14,4,0.0,85,28
2026-05-21 08:30:42,2026-05-22,1,游泳馆,12:00-13:30,0,60,可预约,￥0.0,多云,18,15,4,0.0,84,28
2026-05-21 08:35:31,2026-05-22,1,游泳馆,12:00-13:30,1,60,可预约,￥0.0,多云,18,15,4,0.0,84,28
2026-05-21 08:40:38,2026-05-22,1,游泳馆,12:00-13:30,2,60,可预约,￥0.0,多云,18,15,4,0.0,82,28
2026-05-21 08:45:33,2026-05-22,1,游泳馆,12:00-13:30,2,60,可预约,￥0.0,多云,18,15,4,0.0,82,28
2026-05-21 08:50:36,2026-05-22,1,游泳馆,12:00-13:30,4,60,可预约,￥0.0,多云,18,15,4,0.0,82,28
2026-05-21 08:55:34,2026-05-22,1,游泳馆,12:00-13:30,6,60,可预约,￥0.0,多云,18,15,4,0.0,84,28
2026-05-21 09:00:51,2026-05-22,1,游泳馆,12:00-13:30,6,60,可预约,￥0.0,多云,18,15,4,0.0,84,28
2026-05-21 09:01:59,2026-05-22,1,游泳馆,12:00-13:30,7,60,可预约,￥0.0,多云,18,15,4,0.0,83,28
2026-05-21 09:05:33,2026-05-22,1,游泳馆,12:00-13:30,7,60,可预约,￥0.0,多云,18,15,4,0.0,83,28
2026-05-21 09:20:38,2026-05-22,1,游泳馆,12:00-13:30,7,60,可预约,￥0.0,多云,18,16,3,0.0,81,28
2026-05-21 09:30:46,2026-05-22,1,游泳馆,12:00-13:30,7,60,可预约,￥0.0,多云,18,16,3,0.0,81,32
2026-05-21 09:40:36,2026-05-22,1,游泳馆,12:00-13:30,8,60,可预约,￥0.0,多云,19,17,3,0.0,79,32
2026-05-21 09:50:42,2026-05-22,1,游泳馆,12:00-13:30,8,60,可预约,￥0.0,多云,19,17,4,0.0,81,32
2026-05-21 10:00:46,2026-05-22,1,游泳馆,12:00-13:30,8,60,可预约,￥0.0,多云,19,17,4,0.0,79,32
2026-05-21 10:10:40,2026-05-22,1,游泳馆,12:00-13:30,10,60,可预约,￥0.0,多云,19,17,4,0.0,79,32
2026-05-21 10:20:38,2026-05-22,1,游泳馆,12:00-13:30,12,60,可预约,￥0.0,多云,19,17,4,0.0,79,32
2026-05-21 10:30:41,2026-05-22,1,游泳馆,12:00-13:30,13,60,可预约,￥0.0,多云,19,18,3,0.0,78,31
2026-05-21 11:00:44,2026-05-22,1,游泳馆,12:00-13:30,14,60,可预约,￥0.0,多云,21,17,5,0.0,74,31
2026-05-21 11:30:38,2026-05-22,1,游泳馆,12:00-13:30,20,60,可预约,￥0.0,多云,21,19,3,0.0,72,33
2026-05-21 12:00:46,2026-05-22,1,游泳馆,12:00-13:30,22,60,可预约,￥0.0,多云,22,19,4,0.0,70,33
2026-05-21 12:30:42,2026-05-22,1,游泳馆,12:00-13:30,29,60,可预约,￥0.0,多云,22,21,3,0.0,68,35
2026-05-21 13:00:43,2026-05-22,1,游泳馆,12:00-13:30,30,60,可预约,￥0.0,多云,24,22,4,0.0,66,35
2026-05-21 13:30:43,2026-05-22,1,游泳馆,12:00-13:30,33,60,可预约,￥0.0,多云,24,22,4,0.0,66,36
2026-05-21 14:00:48,2026-05-22,1,游泳馆,12:00-13:30,35,60,可预约,￥0.0,多云,25,23,4,0.0,66,36
2026-05-21 14:30:45,2026-05-22,1,游泳馆,12:00-13:30,37,60,可预约,￥0.0,晴,25,25,3,0.0,65,39
2026-05-21 15:00:45,2026-05-22,1,游泳馆,12:00-13:30,40,60,可预约,￥0.0,晴,25,22,4,0.0,56,39
2026-05-21 15:30:43,2026-05-22,1,游泳馆,12:00-13:30,41,60,可预约,￥0.0,晴,25,23,4,0.0,57,40
2026-05-21 16:00:51,2026-05-22,1,游泳馆,12:00-13:30,42,60,可预约,￥0.0,晴,25,23,4,0.0,57,40
2026-05-21 16:30:48,2026-05-22,1,游泳馆,12:00-13:30,44,60,可预约,￥0.0,晴,25,24,3,0.0,60,39
2026-05-21 17:00:49,2026-05-22,1,游泳馆,12:00-13:30,47,60,可预约,￥0.0,晴,25,24,4,0.0,61,39
2026-05-21 17:30:47,2026-05-22,1,游泳馆,12:00-13:30,47,60,可预约,￥0.0,多云,24,23,3,0.0,64,39
2026-05-21 18:00:50,2026-05-22,1,游泳馆,12:00-13:30,48,60,可预约,￥0.0,多云,24,23,3,0.0,68,39
2026-05-21 18:30:50,2026-05-22,1,游泳馆,12:00-13:30,50,60,可预约,￥0.0,阴,24,25,2,0.0,68,40
2026-05-21 19:00:50,2026-05-22,1,游泳馆,12:00-13:30,55,60,可预约,￥0.0,阴,23,23,3,0.0,76,40
2026-05-21 19:30:46,2026-05-22,1,游泳馆,12:00-13:30,55,60,可预约,￥0.0,阴,23,24,2,0.0,77,39
2026-05-21 20:00:49,2026-05-22,1,游泳馆,12:00-13:30,58,60,可预约,￥0.0,雾,22,23,2,0.0,89,39
2026-05-21 20:30:44,2026-05-22,1,游泳馆,12:00-13:30,60,60,可预约,￥0.0,雾,22,24,2,0.0,93,43
2026-05-21 21:00:56,2026-05-22,1,游泳馆,12:00-13:30,60,60,已售/已满,,雾,20,21,2,0.0,98,43
2026-05-21 21:30:46,2026-05-22,1,游泳馆,12:00-13:30,60,60,已售/已满,,雾,20,22,1,0.0,99,41
2026-05-21 22:01:02,2026-05-22,1,游泳馆,12:00-13:30,60,60,已售/已满,,雾,19,20,2,0.0,93,41
2026-05-21 22:30:47,2026-05-22,1,游泳馆,12:00-13:30,59,60,可预约,￥0.0,雾,19,19,3,0.0,88,46
2026-05-21 23:00:56,2026-05-22,1,游泳馆,12:00-13:30,60,60,已售/已满,,多云,18,17,3,0.0,85,46
2026-05-21 23:30:55,2026-05-22,1,游泳馆,12:00-13:30,60,60,已售/已满,,多云,18,17,3,0.0,85,48
2026-05-21 08:00:45,2026-05-22,1,游泳馆,14:00-15:30,65,60,已售/已满,教学时间,晴,17,12,5,0.0,86,29
2026-05-21 08:02:30,2026-05-22,1,游泳馆,14:00-15:30,65,60,已售/已满,教学时间,多云,17,12,5,0.0,87,29
2026-05-21 08:05:36,2026-05-22,1,游泳馆,14:00-15:30,65,60,已售/已满,教学时间,多云,17,12,5,0.0,86,29
2026-05-21 08:08:31,2026-05-22,1,游泳馆,14:00-15:30,65,60,已售/已满,教学时间,多云,17,12,5,0.0,86,29
2026-05-21 08:11:30,2026-05-22,1,游泳馆,14:00-15:30,65,60,已售/已满,教学时间,多云,17,12,5,0.0,86,29
2026-05-21 08:14:31,2026-05-22,1,游泳馆,14:00-15:30,65,60,已售/已满,教学时间,多云,17,12,5,0.0,86,29
2026-05-21 08:17:30,2026-05-22,1,游泳馆,14:00-15:30,65,60,已售/已满,教学时间,多云,17,12,5,0.0,86,29
2026-05-21 08:20:35,2026-05-22,1,游泳馆,14:00-15:30,65,60,已售/已满,教学时间,多云,17,14,4,0.0,85,29
2026-05-21 08:25:32,2026-05-22,1,游泳馆,14:00-15:30,65,60,已售/已满,教学时间,多云,17,14,4,0.0,85,28
2026-05-21 08:30:42,2026-05-22,1,游泳馆,14:00-15:30,65,60,已售/已满,教学时间,多云,18,15,4,0.0,84,28
2026-05-21 08:35:31,2026-05-22,1,游泳馆,14:00-15:30,65,60,已售/已满,教学时间,多云,18,15,4,0.0,84,28
2026-05-21 08:40:38,2026-05-22,1,游泳馆,14:00-15:30,65,60,已售/已满,教学时间,多云,18,15,4,0.0,82,28
2026-05-21 08:45:33,2026-05-22,1,游泳馆,14:00-15:30,65,60,已售/已满,教学时间,多云,18,15,4,0.0,82,28
2026-05-21 08:50:36,2026-05-22,1,游泳馆,14:00-15:30,65,60,已售/已满,教学时间,多云,18,15,4,0.0,82,28
2026-05-21 08:55:34,2026-05-22,1,游泳馆,14:00-15:30,65,60,已售/已满,教学时间,多云,18,15,4,0.0,84,28
2026-05-21 09:00:51,2026-05-22,1,游泳馆,14:00-15:30,65,60,已售/已满,教学时间,多云,18,15,4,0.0,84,28
2026-05-21 09:01:59,2026-05-22,1,游泳馆,14:00-15:30,65,60,已售/已满,教学时间,多云,18,15,4,0.0,83,28
2026-05-21 09:05:33,2026-05-22,1,游泳馆,14:00-15:30,65,60,已售/已满,教学时间,多云,18,15,4,0.0,83,28
2026-05-21 09:20:38,2026-05-22,1,游泳馆,14:00-15:30,65,60,已售/已满,教学时间,多云,18,16,3,0.0,81,28
2026-05-21 09:30:46,2026-05-22,1,游泳馆,14:00-15:30,65,60,已售/已满,教学时间,多云,18,16,3,0.0,81,32
2026-05-21 09:40:36,2026-05-22,1,游泳馆,14:00-15:30,65,60,已售/已满,教学时间,多云,19,17,3,0.0,79,32
2026-05-21 09:50:42,2026-05-22,1,游泳馆,14:00-15:30,65,60,已售/已满,教学时间,多云,19,17,4,0.0,81,32
2026-05-21 10:00:46,2026-05-22,1,游泳馆,14:00-15:30,65,60,已售/已满,教学时间,多云,19,17,4,0.0,79,32
2026-05-21 10:10:40,2026-05-22,1,游泳馆,14:00-15:30,65,60,已售/已满,教学时间,多云,19,17,4,0.0,79,32
2026-05-21 10:20:38,2026-05-22,1,游泳馆,14:00-15:30,65,60,已售/已满,教学时间,多云,19,17,4,0.0,79,32
2026-05-21 10:30:41,2026-05-22,1,游泳馆,14:00-15:30,65,60,已售/已满,教学时间,多云,19,18,3,0.0,78,31
2026-05-21 11:00:44,2026-05-22,1,游泳馆,14:00-15:30,65,60,已售/已满,教学时间,多云,21,17,5,0.0,74,31
2026-05-21 11:30:38,2026-05-22,1,游泳馆,14:00-15:30,65,60,已售/已满,教学时间,多云,21,19,3,0.0,72,33
2026-05-21 12:00:46,2026-05-22,1,游泳馆,14:00-15:30,65,60,已售/已满,教学时间,多云,22,19,4,0.0,70,33
2026-05-21 12:30:42,2026-05-22,1,游泳馆,14:00-15:30,65,60,已售/已满,教学时间,多云,22,21,3,0.0,68,35
2026-05-21 13:00:43,2026-05-22,1,游泳馆,14:00-15:30,65,60,已售/已满,教学时间,多云,24,22,4,0.0,66,35
2026-05-21 13:30:43,2026-05-22,1,游泳馆,14:00-15:30,65,60,已售/已满,教学时间,多云,24,22,4,0.0,66,36
2026-05-21 14:00:48,2026-05-22,1,游泳馆,14:00-15:30,65,60,已售/已满,教学时间,多云,25,23,4,0.0,66,36
2026-05-21 14:30:45,2026-05-22,1,游泳馆,14:00-15:30,65,60,已售/已满,教学时间,晴,25,25,3,0.0,65,39
2026-05-21 15:00:45,2026-05-22,1,游泳馆,14:00-15:30,65,60,已售/已满,教学时间,晴,25,22,4,0.0,56,39
2026-05-21 15:30:43,2026-05-22,1,游泳馆,14:00-15:30,65,60,已售/已满,教学时间,晴,25,23,4,0.0,57,40
2026-05-21 16:00:51,2026-05-22,1,游泳馆,14:00-15:30,65,60,已售/已满,教学时间,晴,25,23,4,0.0,57,40
2026-05-21 16:30:48,2026-05-22,1,游泳馆,14:00-15:30,65,60,已售/已满,教学时间,晴,25,24,3,0.0,60,39
2026-05-21 17:00:49,2026-05-22,1,游泳馆,14:00-15:30,65,60,已售/已满,教学时间,晴,25,24,4,0.0,61,39
2026-05-21 17:30:47,2026-05-22,1,游泳馆,14:00-15:30,65,60,已售/已满,教学时间,多云,24,23,3,0.0,64,39
2026-05-21 18:00:50,2026-05-22,1,游泳馆,14:00-15:30,65,60,已售/已满,教学时间,多云,24,23,3,0.0,68,39
2026-05-21 18:30:50,2026-05-22,1,游泳馆,14:00-15:30,65,60,已售/已满,教学时间,阴,24,25,2,0.0,68,40
2026-05-21 19:00:50,2026-05-22,1,游泳馆,14:00-15:30,65,60,已售/已满,教学时间,阴,23,23,3,0.0,76,40
2026-05-21 19:30:46,2026-05-22,1,游泳馆,14:00-15:30,65,60,已售/已满,教学时间,阴,23,24,2,0.0,77,39
2026-05-21 20:00:49,2026-05-22,1,游泳馆,14:00-15:30,65,60,已售/已满,教学时间,雾,22,23,2,0.0,89,39
2026-05-21 20:30:44,2026-05-22,1,游泳馆,14:00-15:30,65,60,已售/已满,教学时间,雾,22,24,2,0.0,93,43
2026-05-21 21:00:56,2026-05-22,1,游泳馆,14:00-15:30,65,60,已售/已满,教学时间,雾,20,21,2,0.0,98,43
2026-05-21 21:30:46,2026-05-22,1,游泳馆,14:00-15:30,65,60,已售/已满,教学时间,雾,20,22,1,0.0,99,41
2026-05-21 22:01:02,2026-05-22,1,游泳馆,14:00-15:30,65,60,已售/已满,教学时间,雾,19,20,2,0.0,93,41
2026-05-21 22:30:47,2026-05-22,1,游泳馆,14:00-15:30,65,60,已售/已满,教学时间,雾,19,19,3,0.0,88,46
2026-05-21 23:00:56,2026-05-22,1,游泳馆,14:00-15:30,65,60,已售/已满,教学时间,多云,18,17,3,0.0,85,46
2026-05-21 23:30:55,2026-05-22,1,游泳馆,14:00-15:30,65,60,已售/已满,教学时间,多云,18,17,3,0.0,85,48
2026-05-21 08:00:45,2026-05-22,1,游泳馆,16:00-17:30,5,60,可预约,￥15.0,晴,17,12,5,0.0,86,29
2026-05-21 08:02:30,2026-05-22,1,游泳馆,16:00-17:30,5,60,可预约,￥15.0,多云,17,12,5,0.0,87,29
2026-05-21 08:05:36,2026-05-22,1,游泳馆,16:00-17:30,5,60,可预约,￥15.0,多云,17,12,5,0.0,86,29
2026-05-21 08:08:31,2026-05-22,1,游泳馆,16:00-17:30,5,60,可预约,￥15.0,多云,17,12,5,0.0,86,29
2026-05-21 08:11:30,2026-05-22,1,游泳馆,16:00-17:30,5,60,可预约,￥15.0,多云,17,12,5,0.0,86,29
2026-05-21 08:14:31,2026-05-22,1,游泳馆,16:00-17:30,5,60,可预约,￥15.0,多云,17,12,5,0.0,86,29
2026-05-21 08:17:30,2026-05-22,1,游泳馆,16:00-17:30,5,60,可预约,￥15.0,多云,17,12,5,0.0,86,29
2026-05-21 08:20:35,2026-05-22,1,游泳馆,16:00-17:30,5,60,可预约,￥15.0,多云,17,14,4,0.0,85,29
2026-05-21 08:25:32,2026-05-22,1,游泳馆,16:00-17:30,5,60,可预约,￥15.0,多云,17,14,4,0.0,85,28
2026-05-21 08:30:42,2026-05-22,1,游泳馆,16:00-17:30,5,60,可预约,￥15.0,多云,18,15,4,0.0,84,28
2026-05-21 08:35:31,2026-05-22,1,游泳馆,16:00-17:30,5,60,可预约,￥15.0,多云,18,15,4,0.0,84,28
2026-05-21 08:40:38,2026-05-22,1,游泳馆,16:00-17:30,5,60,可预约,￥15.0,多云,18,15,4,0.0,82,28
2026-05-21 08:45:33,2026-05-22,1,游泳馆,16:00-17:30,5,60,可预约,￥15.0,多云,18,15,4,0.0,82,28
2026-05-21 08:50:36,2026-05-22,1,游泳馆,16:00-17:30,5,60,可预约,￥15.0,多云,18,15,4,0.0,82,28
2026-05-21 08:55:34,2026-05-22,1,游泳馆,16:00-17:30,5,60,可预约,￥15.0,多云,18,15,4,0.0,84,28
2026-05-21 09:00:51,2026-05-22,1,游泳馆,16:00-17:30,5,60,可预约,￥15.0,多云,18,15,4,0.0,84,28
2026-05-21 09:01:59,2026-05-22,1,游泳馆,16:00-17:30,5,60,可预约,￥15.0,多云,18,15,4,0.0,83,28
2026-05-21 09:05:33,2026-05-22,1,游泳馆,16:00-17:30,5,60,可预约,￥15.0,多云,18,15,4,0.0,83,28
2026-05-21 09:20:38,2026-05-22,1,游泳馆,16:00-17:30,5,60,可预约,￥15.0,多云,18,16,3,0.0,81,28
2026-05-21 09:30:46,2026-05-22,1,游泳馆,16:00-17:30,5,60,可预约,￥15.0,多云,18,16,3,0.0,81,32
2026-05-21 09:40:36,2026-05-22,1,游泳馆,16:00-17:30,5,60,可预约,￥15.0,多云,19,17,3,0.0,79,32
2026-05-21 09:50:42,2026-05-22,1,游泳馆,16:00-17:30,5,60,可预约,￥15.0,多云,19,17,4,0.0,81,32
2026-05-21 10:00:46,2026-05-22,1,游泳馆,16:00-17:30,5,60,可预约,￥15.0,多云,19,17,4,0.0,79,32
2026-05-21 10:10:40,2026-05-22,1,游泳馆,16:00-17:30,5,60,可预约,￥15.0,多云,19,17,4,0.0,79,32
2026-05-21 10:20:38,2026-05-22,1,游泳馆,16:00-17:30,5,60,可预约,￥15.0,多云,19,17,4,0.0,79,32
2026-05-21 10:30:41,2026-05-22,1,游泳馆,16:00-17:30,5,60,可预约,￥15.0,多云,19,18,3,0.0,78,31
2026-05-21 11:00:44,2026-05-22,1,游泳馆,16:00-17:30,5,60,可预约,￥15.0,多云,21,17,5,0.0,74,31
2026-05-21 11:30:38,2026-05-22,1,游泳馆,16:00-17:30,5,60,可预约,￥15.0,多云,21,19,3,0.0,72,33
2026-05-21 12:00:46,2026-05-22,1,游泳馆,16:00-17:30,6,60,可预约,￥15.0,多云,22,19,4,0.0,70,33
2026-05-21 12:30:42,2026-05-22,1,游泳馆,16:00-17:30,6,60,可预约,￥15.0,多云,22,21,3,0.0,68,35
2026-05-21 13:00:43,2026-05-22,1,游泳馆,16:00-17:30,6,60,可预约,￥15.0,多云,24,22,4,0.0,66,35
2026-05-21 13:30:43,2026-05-22,1,游泳馆,16:00-17:30,8,60,可预约,￥15.0,多云,24,22,4,0.0,66,36
2026-05-21 14:00:48,2026-05-22,1,游泳馆,16:00-17:30,8,60,可预约,￥15.0,多云,25,23,4,0.0,66,36
2026-05-21 14:30:45,2026-05-22,1,游泳馆,16:00-17:30,8,60,可预约,￥15.0,晴,25,25,3,0.0,65,39
2026-05-21 15:00:45,2026-05-22,1,游泳馆,16:00-17:30,8,60,可预约,￥15.0,晴,25,22,4,0.0,56,39
2026-05-21 15:30:43,2026-05-22,1,游泳馆,16:00-17:30,8,60,可预约,￥15.0,晴,25,23,4,0.0,57,40
2026-05-21 16:00:51,2026-05-22,1,游泳馆,16:00-17:30,8,60,可预约,￥15.0,晴,25,23,4,0.0,57,40
2026-05-21 16:30:48,2026-05-22,1,游泳馆,16:00-17:30,8,60,可预约,￥15.0,晴,25,24,3,0.0,60,39
2026-05-21 17:00:49,2026-05-22,1,游泳馆,16:00-17:30,8,60,可预约,￥15.0,晴,25,24,4,0.0,61,39
2026-05-21 17:30:47,2026-05-22,1,游泳馆,16:00-17:30,8,60,可预约,￥15.0,多云,24,23,3,0.0,64,39
2026-05-21 18:00:50,2026-05-22,1,游泳馆,16:00-17:30,8,60,可预约,￥15.0,多云,24,23,3,0.0,68,39
2026-05-21 18:30:50,2026-05-22,1,游泳馆,16:00-17:30,9,60,可预约,￥15.0,阴,24,25,2,0.0,68,40
2026-05-21 19:00:50,2026-05-22,1,游泳馆,16:00-17:30,9,60,可预约,￥15.0,阴,23,23,3,0.0,76,40
2026-05-21 19:30:46,2026-05-22,1,游泳馆,16:00-17:30,9,60,可预约,￥15.0,阴,23,24,2,0.0,77,39
2026-05-21 20:00:49,2026-05-22,1,游泳馆,16:00-17:30,9,60,可预约,￥15.0,雾,22,23,2,0.0,89,39
2026-05-21 20:30:44,2026-05-22,1,游泳馆,16:00-17:30,9,60,可预约,￥15.0,雾,22,24,2,0.0,93,43
2026-05-21 21:00:56,2026-05-22,1,游泳馆,16:00-17:30,9,60,可预约,￥15.0,雾,20,21,2,0.0,98,43
2026-05-21 21:30:46,2026-05-22,1,游泳馆,16:00-17:30,9,60,可预约,￥15.0,雾,20,22,1,0.0,99,41
2026-05-21 22:01:02,2026-05-22,1,游泳馆,16:00-17:30,9,60,可预约,￥15.0,雾,19,20,2,0.0,93,41
2026-05-21 22:30:47,2026-05-22,1,游泳馆,16:00-17:30,9,60,可预约,￥15.0,雾,19,19,3,0.0,88,46
2026-05-21 23:00:56,2026-05-22,1,游泳馆,16:00-17:30,9,60,可预约,￥15.0,多云,18,17,3,0.0,85,46
2026-05-21 23:30:55,2026-05-22,1,游泳馆,16:00-17:30,9,60,可预约,￥15.0,多云,18,17,3,0.0,85,48
2026-05-21 08:00:45,2026-05-22,1,游泳馆,18:00-19:30,5,60,可预约,￥15.0,晴,17,12,5,0.0,86,29
2026-05-21 08:02:30,2026-05-22,1,游泳馆,18:00-19:30,5,60,可预约,￥15.0,多云,17,12,5,0.0,87,29
2026-05-21 08:05:36,2026-05-22,1,游泳馆,18:00-19:30,5,60,可预约,￥15.0,多云,17,12,5,0.0,86,29
2026-05-21 08:08:31,2026-05-22,1,游泳馆,18:00-19:30,5,60,可预约,￥15.0,多云,17,12,5,0.0,86,29
2026-05-21 08:11:30,2026-05-22,1,游泳馆,18:00-19:30,5,60,可预约,￥15.0,多云,17,12,5,0.0,86,29
2026-05-21 08:14:31,2026-05-22,1,游泳馆,18:00-19:30,5,60,可预约,￥15.0,多云,17,12,5,0.0,86,29
2026-05-21 08:17:30,2026-05-22,1,游泳馆,18:00-19:30,5,60,可预约,￥15.0,多云,17,12,5,0.0,86,29
2026-05-21 08:20:35,2026-05-22,1,游泳馆,18:00-19:30,5,60,可预约,￥15.0,多云,17,14,4,0.0,85,29
2026-05-21 08:25:32,2026-05-22,1,游泳馆,18:00-19:30,5,60,可预约,￥15.0,多云,17,14,4,0.0,85,28
2026-05-21 08:30:42,2026-05-22,1,游泳馆,18:00-19:30,5,60,可预约,￥15.0,多云,18,15,4,0.0,84,28
2026-05-21 08:35:31,2026-05-22,1,游泳馆,18:00-19:30,5,60,可预约,￥15.0,多云,18,15,4,0.0,84,28
2026-05-21 08:40:38,2026-05-22,1,游泳馆,18:00-19:30,5,60,可预约,￥15.0,多云,18,15,4,0.0,82,28
2026-05-21 08:45:33,2026-05-22,1,游泳馆,18:00-19:30,5,60,可预约,￥15.0,多云,18,15,4,0.0,82,28
2026-05-21 08:50:36,2026-05-22,1,游泳馆,18:00-19:30,5,60,可预约,￥15.0,多云,18,15,4,0.0,82,28
2026-05-21 08:55:34,2026-05-22,1,游泳馆,18:00-19:30,5,60,可预约,￥15.0,多云,18,15,4,0.0,84,28
2026-05-21 09:00:51,2026-05-22,1,游泳馆,18:00-19:30,5,60,可预约,￥15.0,多云,18,15,4,0.0,84,28
2026-05-21 09:01:59,2026-05-22,1,游泳馆,18:00-19:30,5,60,可预约,￥15.0,多云,18,15,4,0.0,83,28
2026-05-21 09:05:33,2026-05-22,1,游泳馆,18:00-19:30,5,60,可预约,￥15.0,多云,18,15,4,0.0,83,28
2026-05-21 09:20:38,2026-05-22,1,游泳馆,18:00-19:30,5,60,可预约,￥15.0,多云,18,16,3,0.0,81,28
2026-05-21 09:30:46,2026-05-22,1,游泳馆,18:00-19:30,5,60,可预约,￥15.0,多云,18,16,3,0.0,81,32
2026-05-21 09:40:36,2026-05-22,1,游泳馆,18:00-19:30,5,60,可预约,￥15.0,多云,19,17,3,0.0,79,32
2026-05-21 09:50:42,2026-05-22,1,游泳馆,18:00-19:30,5,60,可预约,￥15.0,多云,19,17,4,0.0,81,32
2026-05-21 10:00:46,2026-05-22,1,游泳馆,18:00-19:30,5,60,可预约,￥15.0,多云,19,17,4,0.0,79,32
2026-05-21 10:10:40,2026-05-22,1,游泳馆,18:00-19:30,5,60,可预约,￥15.0,多云,19,17,4,0.0,79,32
2026-05-21 10:20:38,2026-05-22,1,游泳馆,18:00-19:30,5,60,可预约,￥15.0,多云,19,17,4,0.0,79,32
2026-05-21 10:30:41,2026-05-22,1,游泳馆,18:00-19:30,5,60,可预约,￥15.0,多云,19,18,3,0.0,78,31
2026-05-21 11:00:44,2026-05-22,1,游泳馆,18:00-19:30,5,60,可预约,￥15.0,多云,21,17,5,0.0,74,31
2026-05-21 11:30:38,2026-05-22,1,游泳馆,18:00-19:30,5,60,可预约,￥15.0,多云,21,19,3,0.0,72,33
2026-05-21 12:00:46,2026-05-22,1,游泳馆,18:00-19:30,5,60,可预约,￥15.0,多云,22,19,4,0.0,70,33
2026-05-21 12:30:42,2026-05-22,1,游泳馆,18:00-19:30,5,60,可预约,￥15.0,多云,22,21,3,0.0,68,35
2026-05-21 13:00:43,2026-05-22,1,游泳馆,18:00-19:30,5,60,可预约,￥15.0,多云,24,22,4,0.0,66,35
2026-05-21 13:30:43,2026-05-22,1,游泳馆,18:00-19:30,5,60,可预约,￥15.0,多云,24,22,4,0.0,66,36
2026-05-21 14:00:48,2026-05-22,1,游泳馆,18:00-19:30,5,60,可预约,￥15.0,多云,25,23,4,0.0,66,36
2026-05-21 14:30:45,2026-05-22,1,游泳馆,18:00-19:30,5,60,可预约,￥15.0,晴,25,25,3,0.0,65,39
2026-05-21 15:00:45,2026-05-22,1,游泳馆,18:00-19:30,5,60,可预约,￥15.0,晴,25,22,4,0.0,56,39
2026-05-21 15:30:43,2026-05-22,1,游泳馆,18:00-19:30,5,60,可预约,￥15.0,晴,25,23,4,0.0,57,40
2026-05-21 16:00:51,2026-05-22,1,游泳馆,18:00-19:30,5,60,可预约,￥15.0,晴,25,23,4,0.0,57,40
2026-05-21 16:30:48,2026-05-22,1,游泳馆,18:00-19:30,5,60,可预约,￥15.0,晴,25,24,3,0.0,60,39
2026-05-21 17:00:49,2026-05-22,1,游泳馆,18:00-19:30,5,60,可预约,￥15.0,晴,25,24,4,0.0,61,39
2026-05-21 17:30:47,2026-05-22,1,游泳馆,18:00-19:30,5,60,可预约,￥15.0,多云,24,23,3,0.0,64,39
2026-05-21 18:00:50,2026-05-22,1,游泳馆,18:00-19:30,5,60,可预约,￥15.0,多云,24,23,3,0.0,68,39
2026-05-21 18:30:50,2026-05-22,1,游泳馆,18:00-19:30,5,60,可预约,￥15.0,阴,24,25,2,0.0,68,40
2026-05-21 19:00:50,2026-05-22,1,游泳馆,18:00-19:30,5,60,可预约,￥15.0,阴,23,23,3,0.0,76,40
2026-05-21 19:30:46,2026-05-22,1,游泳馆,18:00-19:30,5,60,可预约,￥15.0,阴,23,24,2,0.0,77,39
2026-05-21 20:00:49,2026-05-22,1,游泳馆,18:00-19:30,5,60,可预约,￥15.0,雾,22,23,2,0.0,89,39
2026-05-21 20:30:44,2026-05-22,1,游泳馆,18:00-19:30,5,60,可预约,￥15.0,雾,22,24,2,0.0,93,43
2026-05-21 21:00:56,2026-05-22,1,游泳馆,18:00-19:30,5,60,可预约,￥15.0,雾,20,21,2,0.0,98,43
2026-05-21 21:30:46,2026-05-22,1,游泳馆,18:00-19:30,5,60,可预约,￥15.0,雾,20,22,1,0.0,99,41
2026-05-21 22:01:02,2026-05-22,1,游泳馆,18:00-19:30,5,60,可预约,￥15.0,雾,19,20,2,0.0,93,41
2026-05-21 22:30:47,2026-05-22,1,游泳馆,18:00-19:30,5,60,可预约,￥15.0,雾,19,19,3,0.0,88,46
2026-05-21 23:00:56,2026-05-22,1,游泳馆,18:00-19:30,5,60,可预约,￥15.0,多云,18,17,3,0.0,85,46
2026-05-21 23:30:55,2026-05-22,1,游泳馆,18:00-19:30,5,60,可预约,￥15.0,多云,18,17,3,0.0,85,48
2026-05-21 08:00:45,2026-05-22,1,游泳馆,20:00-21:30,5,60,可预约,￥15.0,晴,17,12,5,0.0,86,29
2026-05-21 08:02:30,2026-05-22,1,游泳馆,20:00-21:30,5,60,可预约,￥15.0,多云,17,12,5,0.0,87,29
2026-05-21 08:05:36,2026-05-22,1,游泳馆,20:00-21:30,5,60,可预约,￥15.0,多云,17,12,5,0.0,86,29
2026-05-21 08:08:31,2026-05-22,1,游泳馆,20:00-21:30,5,60,可预约,￥15.0,多云,17,12,5,0.0,86,29
2026-05-21 08:11:30,2026-05-22,1,游泳馆,20:00-21:30,5,60,可预约,￥15.0,多云,17,12,5,0.0,86,29
2026-05-21 08:14:31,2026-05-22,1,游泳馆,20:00-21:30,5,60,可预约,￥15.0,多云,17,12,5,0.0,86,29
2026-05-21 08:17:30,2026-05-22,1,游泳馆,20:00-21:30,5,60,可预约,￥15.0,多云,17,12,5,0.0,86,29
2026-05-21 08:20:35,2026-05-22,1,游泳馆,20:00-21:30,5,60,可预约,￥15.0,多云,17,14,4,0.0,85,29
2026-05-21 08:25:32,2026-05-22,1,游泳馆,20:00-21:30,5,60,可预约,￥15.0,多云,17,14,4,0.0,85,28
2026-05-21 08:30:42,2026-05-22,1,游泳馆,20:00-21:30,5,60,可预约,￥15.0,多云,18,15,4,0.0,84,28
2026-05-21 08:35:31,2026-05-22,1,游泳馆,20:00-21:30,5,60,可预约,￥15.0,多云,18,15,4,0.0,84,28
2026-05-21 08:40:38,2026-05-22,1,游泳馆,20:00-21:30,5,60,可预约,￥15.0,多云,18,15,4,0.0,82,28
2026-05-21 08:45:33,2026-05-22,1,游泳馆,20:00-21:30,5,60,可预约,￥15.0,多云,18,15,4,0.0,82,28
2026-05-21 08:50:36,2026-05-22,1,游泳馆,20:00-21:30,5,60,可预约,￥15.0,多云,18,15,4,0.0,82,28
2026-05-21 08:55:34,2026-05-22,1,游泳馆,20:00-21:30,5,60,可预约,￥15.0,多云,18,15,4,0.0,84,28
2026-05-21 09:00:51,2026-05-22,1,游泳馆,20:00-21:30,5,60,可预约,￥15.0,多云,18,15,4,0.0,84,28
2026-05-21 09:01:59,2026-05-22,1,游泳馆,20:00-21:30,5,60,可预约,￥15.0,多云,18,15,4,0.0,83,28
2026-05-21 09:05:33,2026-05-22,1,游泳馆,20:00-21:30,5,60,可预约,￥15.0,多云,18,15,4,0.0,83,28
2026-05-21 09:20:38,2026-05-22,1,游泳馆,20:00-21:30,5,60,可预约,￥15.0,多云,18,16,3,0.0,81,28
2026-05-21 09:30:46,2026-05-22,1,游泳馆,20:00-21:30,5,60,可预约,￥15.0,多云,18,16,3,0.0,81,32
2026-05-21 09:40:36,2026-05-22,1,游泳馆,20:00-21:30,5,60,可预约,￥15.0,多云,19,17,3,0.0,79,32
2026-05-21 09:50:42,2026-05-22,1,游泳馆,20:00-21:30,5,60,可预约,￥15.0,多云,19,17,4,0.0,81,32
2026-05-21 10:00:46,2026-05-22,1,游泳馆,20:00-21:30,5,60,可预约,￥15.0,多云,19,17,4,0.0,79,32
2026-05-21 10:10:40,2026-05-22,1,游泳馆,20:00-21:30,5,60,可预约,￥15.0,多云,19,17,4,0.0,79,32
2026-05-21 10:20:38,2026-05-22,1,游泳馆,20:00-21:30,5,60,可预约,￥15.0,多云,19,17,4,0.0,79,32
2026-05-21 10:30:41,2026-05-22,1,游泳馆,20:00-21:30,5,60,可预约,￥15.0,多云,19,18,3,0.0,78,31
2026-05-21 11:00:44,2026-05-22,1,游泳馆,20:00-21:30,5,60,可预约,￥15.0,多云,21,17,5,0.0,74,31
2026-05-21 11:30:38,2026-05-22,1,游泳馆,20:00-21:30,5,60,可预约,￥15.0,多云,21,19,3,0.0,72,33
2026-05-21 12:00:46,2026-05-22,1,游泳馆,20:00-21:30,5,60,可预约,￥15.0,多云,22,19,4,0.0,70,33
2026-05-21 12:30:42,2026-05-22,1,游泳馆,20:00-21:30,6,60,可预约,￥15.0,多云,22,21,3,0.0,68,35
2026-05-21 13:00:43,2026-05-22,1,游泳馆,20:00-21:30,6,60,可预约,￥15.0,多云,24,22,4,0.0,66,35
2026-05-21 13:30:43,2026-05-22,1,游泳馆,20:00-21:30,6,60,可预约,￥15.0,多云,24,22,4,0.0,66,36
2026-05-21 14:00:48,2026-05-22,1,游泳馆,20:00-21:30,6,60,可预约,￥15.0,多云,25,23,4,0.0,66,36
2026-05-21 14:30:45,2026-05-22,1,游泳馆,20:00-21:30,6,60,可预约,￥15.0,晴,25,25,3,0.0,65,39
2026-05-21 15:00:45,2026-05-22,1,游泳馆,20:00-21:30,6,60,可预约,￥15.0,晴,25,22,4,0.0,56,39
2026-05-21 15:30:43,2026-05-22,1,游泳馆,20:00-21:30,6,60,可预约,￥15.0,晴,25,23,4,0.0,57,40
2026-05-21 16:00:51,2026-05-22,1,游泳馆,20:00-21:30,6,60,可预约,￥15.0,晴,25,23,4,0.0,57,40
2026-05-21 16:30:48,2026-05-22,1,游泳馆,20:00-21:30,6,60,可预约,￥15.0,晴,25,24,3,0.0,60,39
2026-05-21 17:00:49,2026-05-22,1,游泳馆,20:00-21:30,6,60,可预约,￥15.0,晴,25,24,4,0.0,61,39
2026-05-21 17:30:47,2026-05-22,1,游泳馆,20:00-21:30,6,60,可预约,￥15.0,多云,24,23,3,0.0,64,39
2026-05-21 18:00:50,2026-05-22,1,游泳馆,20:00-21:30,6,60,可预约,￥15.0,多云,24,23,3,0.0,68,39
2026-05-21 18:30:50,2026-05-22,1,游泳馆,20:00-21:30,6,60,可预约,￥15.0,阴,24,25,2,0.0,68,40
2026-05-21 19:00:50,2026-05-22,1,游泳馆,20:00-21:30,6,60,可预约,￥15.0,阴,23,23,3,0.0,76,40
2026-05-21 19:30:46,2026-05-22,1,游泳馆,20:00-21:30,6,60,可预约,￥15.0,阴,23,24,2,0.0,77,39
2026-05-21 20:00:49,2026-05-22,1,游泳馆,20:00-21:30,6,60,可预约,￥15.0,雾,22,23,2,0.0,89,39
2026-05-21 20:30:44,2026-05-22,1,游泳馆,20:00-21:30,6,60,可预约,￥15.0,雾,22,24,2,0.0,93,43
2026-05-21 21:00:56,2026-05-22,1,游泳馆,20:00-21:30,6,60,可预约,￥15.0,雾,20,21,2,0.0,98,43
2026-05-21 21:30:46,2026-05-22,1,游泳馆,20:00-21:30,6,60,可预约,￥15.0,雾,20,22,1,0.0,99,41
2026-05-21 22:01:02,2026-05-22,1,游泳馆,20:00-21:30,5,60,可预约,￥15.0,雾,19,20,2,0.0,93,41
2026-05-21 22:30:47,2026-05-22,1,游泳馆,20:00-21:30,5,60,可预约,￥15.0,雾,19,19,3,0.0,88,46
2026-05-21 23:00:56,2026-05-22,1,游泳馆,20:00-21:30,5,60,可预约,￥15.0,多云,18,17,3,0.0,85,46
2026-05-21 23:30:55,2026-05-22,1,游泳馆,20:00-21:30,5,60,可预约,￥15.0,多云,18,17,3,0.0,85,48
2026-05-21 08:00:45,2026-05-22,2,乒乓球厅-10号,07:00-08:00,0,1,可预约,￥0.0,晴,17,12,5,0.0,86,29
2026-05-21 08:02:30,2026-05-22,2,乒乓球厅-10号,07:00-08:00,0,1,可预约,￥0.0,多云,17,12,5,0.0,87,29
2026-05-21 08:05:36,2026-05-22,2,乒乓球厅-10号,07:00-08:00,0,1,可预约,￥0.0,多云,17,12,5,0.0,86,29
2026-05-21 08:08:31,2026-05-22,2,乒乓球厅-10号,07:00-08:00,0,1,可预约,￥0.0,多云,17,12,5,0.0,86,29
2026-05-21 08:11:30,2026-05-22,2,乒乓球厅-10号,07:00-08:00,0,1,可预约,￥0.0,多云,17,12,5,0.0,86,29
2026-05-21 08:14:31,2026-05-22,2,乒乓球厅-10号,07:00-08:00,0,1,可预约,￥0.0,多云,17,12,5,0.0,86,29
2026-05-21 08:17:30,2026-05-22,2,乒乓球厅-10号,07:00-08:00,0,1,可预约,￥0.0,多云,17,12,5,0.0,86,29
2026-05-21 08:20:35,2026-05-22,2,乒乓球厅-10号,07:00-08:00,0,1,可预约,￥0.0,多云,17,14,4,0.0,85,29
2026-05-21 08:25:32,2026-05-22,2,乒乓球厅-10号,07:00-08:00,0,1,可预约,￥0.0,多云,17,14,4,0.0,85,28
2026-05-21 08:30:42,2026-05-22,2,乒乓球厅-10号,07:00-08:00,0,1,可预约,￥0.0,多云,18,15,4,0.0,84,28
2026-05-21 08:35:31,2026-05-22,2,乒乓球厅-10号,07:00-08:00,0,1,可预约,￥0.0,多云,18,15,4,0.0,84,28
2026-05-21 08:40:38,2026-05-22,2,乒乓球厅-10号,07:00-08:00,0,1,可预约,￥0.0,多云,18,15,4,0.0,82,28
2026-05-21 08:45:33,2026-05-22,2,乒乓球厅-10号,07:00-08:00,0,1,可预约,￥0.0,多云,18,15,4,0.0,82,28
2026-05-21 08:50:36,2026-05-22,2,乒乓球厅-10号,07:00-08:00,0,1,可预约,￥0.0,多云,18,15,4,0.0,82,28
2026-05-21 08:55:34,2026-05-22,2,乒乓球厅-10号,07:00-08:00,0,1,可预约,￥0.0,多云,18,15,4,0.0,84,28
2026-05-21 09:00:51,2026-05-22,2,乒乓球厅-10号,07:00-08:00,0,1,可预约,￥0.0,多云,18,15,4,0.0,84,28
2026-05-21 09:01:59,2026-05-22,2,乒乓球厅-10号,07:00-08:00,0,1,可预约,￥0.0,多云,18,15,4,0.0,83,28
2026-05-21 09:05:33,2026-05-22,2,乒乓球厅-10号,07:00-08:00,0,1,可预约,￥0.0,多云,18,15,4,0.0,83,28
2026-05-21 09:20:38,2026-05-22,2,乒乓球厅-10号,07:00-08:00,0,1,可预约,￥0.0,多云,18,16,3,0.0,81,28
2026-05-21 09:30:46,2026-05-22,2,乒乓球厅-10号,07:00-08:00,0,1,可预约,￥0.0,多云,18,16,3,0.0,81,32
2026-05-21 09:40:36,2026-05-22,2,乒乓球厅-10号,07:00-08:00,0,1,可预约,￥0.0,多云,19,17,3,0.0,79,32
2026-05-21 09:50:42,2026-05-22,2,乒乓球厅-10号,07:00-08:00,0,1,可预约,￥0.0,多云,19,17,4,0.0,81,32
2026-05-21 10:00:46,2026-05-22,2,乒乓球厅-10号,07:00-08:00,0,1,可预约,￥0.0,多云,19,17,4,0.0,79,32
2026-05-21 10:10:40,2026-05-22,2,乒乓球厅-10号,07:00-08:00,0,1,可预约,￥0.0,多云,19,17,4,0.0,79,32
2026-05-21 10:20:38,2026-05-22,2,乒乓球厅-10号,07:00-08:00,0,1,可预约,￥0.0,多云,19,17,4,0.0,79,32
2026-05-21 10:30:41,2026-05-22,2,乒乓球厅-10号,07:00-08:00,0,1,可预约,￥0.0,多云,19,18,3,0.0,78,31
2026-05-21 11:00:44,2026-05-22,2,乒乓球厅-10号,07:00-08:00,0,1,可预约,￥0.0,多云,21,17,5,0.0,74,31
2026-05-21 11:30:38,2026-05-22,2,乒乓球厅-10号,07:00-08:00,0,1,可预约,￥0.0,多云,21,19,3,0.0,72,33
2026-05-21 12:00:46,2026-05-22,2,乒乓球厅-10号,07:00-08:00,0,1,可预约,￥0.0,多云,22,19,4,0.0,70,33
2026-05-21 12:30:42,2026-05-22,2,乒乓球厅-10号,07:00-08:00,0,1,可预约,￥0.0,多云,22,21,3,0.0,68,35
2026-05-21 13:00:43,2026-05-22,2,乒乓球厅-10号,07:00-08:00,0,1,可预约,￥0.0,多云,24,22,4,0.0,66,35
2026-05-21 13:30:43,2026-05-22,2,乒乓球厅-10号,07:00-08:00,0,1,可预约,￥0.0,多云,24,22,4,0.0,66,36
2026-05-21 14:00:48,2026-05-22,2,乒乓球厅-10号,07:00-08:00,0,1,可预约,￥0.0,多云,25,23,4,0.0,66,36
2026-05-21 14:30:45,2026-05-22,2,乒乓球厅-10号,07:00-08:00,0,1,可预约,￥0.0,晴,25,25,3,0.0,65,39
2026-05-21 15:00:45,2026-05-22,2,乒乓球厅-10号,07:00-08:00,0,1,可预约,￥0.0,晴,25,22,4,0.0,56,39
2026-05-21 15:30:43,2026-05-22,2,乒乓球厅-10号,07:00-08:00,0,1,可预约,￥0.0,晴,25,23,4,0.0,57,40
2026-05-21 16:00:51,2026-05-22,2,乒乓球厅-10号,07:00-08:00,0,1,可预约,￥0.0,晴,25,23,4,0.0,57,40
2026-05-21 16:30:48,2026-05-22,2,乒乓球厅-10号,07:00-08:00,0,1,可预约,￥0.0,晴,25,24,3,0.0,60,39
2026-05-21 17:00:49,2026-05-22,2,乒乓球厅-10号,07:00-08:00,0,1,可预约,￥0.0,晴,25,24,4,0.0,61,39
2026-05-21 17:30:47,2026-05-22,2,乒乓球厅-10号,07:00-08:00,0,1,可预约,￥0.0,多云,24,23,3,0.0,64,39
2026-05-21 18:00:50,2026-05-22,2,乒乓球厅-10号,07:00-08:00,0,1,可预约,￥0.0,多云,24,23,3,0.0,68,39
2026-05-21 18:30:50,2026-05-22,2,乒乓球厅-10号,07:00-08:00,0,1,可预约,￥0.0,阴,24,25,2,0.0,68,40
2026-05-21 19:00:50,2026-05-22,2,乒乓球厅-10号,07:00-08:00,0,1,可预约,￥0.0,阴,23,23,3,0.0,76,40
2026-05-21 19:30:46,2026-05-22,2,乒乓球厅-10号,07:00-08:00,0,1,可预约,￥0.0,阴,23,24,2,0.0,77,39
2026-05-21 20:00:49,2026-05-22,2,乒乓球厅-10号,07:00-08:00,0,1,可预约,￥0.0,雾,22,23,2,0.0,89,39
2026-05-21 20:30:44,2026-05-22,2,乒乓球厅-10号,07:00-08:00,0,1,可预约,￥0.0,雾,22,24,2,0.0,93,43
2026-05-21 21:00:56,2026-05-22,2,乒乓球厅-10号,07:00-08:00,0,1,可预约,￥0.0,雾,20,21,2,0.0,98,43
2026-05-21 21:30:46,2026-05-22,2,乒乓球厅-10号,07:00-08:00,0,1,可预约,￥0.0,雾,20,22,1,0.0,99,41
2026-05-21 22:01:02,2026-05-22,2,乒乓球厅-10号,07:00-08:00,0,1,可预约,￥0.0,雾,19,20,2,0.0,93,41
2026-05-21 22:30:47,2026-05-22,2,乒乓球厅-10号,07:00-08:00,0,1,可预约,￥0.0,雾,19,19,3,0.0,88,46
2026-05-21 23:00:56,2026-05-22,2,乒乓球厅-10号,07:00-08:00,0,1,可预约,￥0.0,多云,18,17,3,0.0,85,46
2026-05-21 23:30:55,2026-05-22,2,乒乓球厅-10号,07:00-08:00,0,1,可预约,￥0.0,多云,18,17,3,0.0,85,48
2026-05-21 08:00:45,2026-05-22,2,乒乓球厅-10号,08:00-09:00,0,1,可预约,￥0.0,晴,17,12,5,0.0,86,29
2026-05-21 08:02:30,2026-05-22,2,乒乓球厅-10号,08:00-09:00,0,1,可预约,￥0.0,多云,17,12,5,0.0,87,29
2026-05-21 08:05:36,2026-05-22,2,乒乓球厅-10号,08:00-09:00,0,1,可预约,￥0.0,多云,17,12,5,0.0,86,29
2026-05-21 08:08:31,2026-05-22,2,乒乓球厅-10号,08:00-09:00,0,1,可预约,￥0.0,多云,17,12,5,0.0,86,29
2026-05-21 08:11:30,2026-05-22,2,乒乓球厅-10号,08:00-09:00,0,1,可预约,￥0.0,多云,17,12,5,0.0,86,29
2026-05-21 08:14:31,2026-05-22,2,乒乓球厅-10号,08:00-09:00,0,1,可预约,￥0.0,多云,17,12,5,0.0,86,29
2026-05-21 08:17:30,2026-05-22,2,乒乓球厅-10号,08:00-09:00,0,1,可预约,￥0.0,多云,17,12,5,0.0,86,29
2026-05-21 08:20:35,2026-05-22,2,乒乓球厅-10号,08:00-09:00,0,1,可预约,￥0.0,多云,17,14,4,0.0,85,29
2026-05-21 08:25:32,2026-05-22,2,乒乓球厅-10号,08:00-09:00,0,1,可预约,￥0.0,多云,17,14,4,0.0,85,28
2026-05-21 08:30:42,2026-05-22,2,乒乓球厅-10号,08:00-09:00,0,1,可预约,￥0.0,多云,18,15,4,0.0,84,28
2026-05-21 08:35:31,2026-05-22,2,乒乓球厅-10号,08:00-09:00,0,1,可预约,￥0.0,多云,18,15,4,0.0,84,28
2026-05-21 08:40:38,2026-05-22,2,乒乓球厅-10号,08:00-09:00,0,1,可预约,￥0.0,多云,18,15,4,0.0,82,28
2026-05-21 08:45:33,2026-05-22,2,乒乓球厅-10号,08:00-09:00,0,1,可预约,￥0.0,多云,18,15,4,0.0,82,28
2026-05-21 08:50:36,2026-05-22,2,乒乓球厅-10号,08:00-09:00,0,1,可预约,￥0.0,多云,18,15,4,0.0,82,28
2026-05-21 08:55:34,2026-05-22,2,乒乓球厅-10号,08:00-09:00,0,1,可预约,￥0.0,多云,18,15,4,0.0,84,28
2026-05-21 09:00:51,2026-05-22,2,乒乓球厅-10号,08:00-09:00,0,1,可预约,￥0.0,多云,18,15,4,0.0,84,28
2026-05-21 09:01:59,2026-05-22,2,乒乓球厅-10号,08:00-09:00,0,1,可预约,￥0.0,多云,18,15,4,0.0,83,28
2026-05-21 09:05:33,2026-05-22,2,乒乓球厅-10号,08:00-09:00,0,1,可预约,￥0.0,多云,18,15,4,0.0,83,28
2026-05-21 09:20:38,2026-05-22,2,乒乓球厅-10号,08:00-09:00,0,1,可预约,￥0.0,多云,18,16,3,0.0,81,28
2026-05-21 09:30:46,2026-05-22,2,乒乓球厅-10号,08:00-09:00,0,1,可预约,￥0.0,多云,18,16,3,0.0,81,32
2026-05-21 09:40:36,2026-05-22,2,乒乓球厅-10号,08:00-09:00,0,1,可预约,￥0.0,多云,19,17,3,0.0,79,32
2026-05-21 09:50:42,2026-05-22,2,乒乓球厅-10号,08:00-09:00,0,1,可预约,￥0.0,多云,19,17,4,0.0,81,32
2026-05-21 10:00:46,2026-05-22,2,乒乓球厅-10号,08:00-09:00,0,1,可预约,￥0.0,多云,19,17,4,0.0,79,32
2026-05-21 10:10:40,2026-05-22,2,乒乓球厅-10号,08:00-09:00,0,1,可预约,￥0.0,多云,19,17,4,0.0,79,32
2026-05-21 10:20:38,2026-05-22,2,乒乓球厅-10号,08:00-09:00,0,1,可预约,￥0.0,多云,19,17,4,0.0,79,32
2026-05-21 10:30:41,2026-05-22,2,乒乓球厅-10号,08:00-09:00,0,1,可预约,￥0.0,多云,19,18,3,0.0,78,31
2026-05-21 11:00:44,2026-05-22,2,乒乓球厅-10号,08:00-09:00,0,1,可预约,￥0.0,多云,21,17,5,0.0,74,31
2026-05-21 11:30:38,2026-05-22,2,乒乓球厅-10号,08:00-09:00,0,1,可预约,￥0.0,多云,21,19,3,0.0,72,33
2026-05-21 12:00:46,2026-05-22,2,乒乓球厅-10号,08:00-09:00,0,1,可预约,￥0.0,多云,22,19,4,0.0,70,33
2026-05-21 12:30:42,2026-05-22,2,乒乓球厅-10号,08:00-09:00,0,1,可预约,￥0.0,多云,22,21,3,0.0,68,35
2026-05-21 13:00:43,2026-05-22,2,乒乓球厅-10号,08:00-09:00,0,1,可预约,￥0.0,多云,24,22,4,0.0,66,35
2026-05-21 13:30:43,2026-05-22,2,乒乓球厅-10号,08:00-09:00,0,1,可预约,￥0.0,多云,24,22,4,0.0,66,36
2026-05-21 14:00:48,2026-05-22,2,乒乓球厅-10号,08:00-09:00,0,1,可预约,￥0.0,多云,25,23,4,0.0,66,36
2026-05-21 14:30:45,2026-05-22,2,乒乓球厅-10号,08:00-09:00,0,1,可预约,￥0.0,晴,25,25,3,0.0,65,39
2026-05-21 15:00:45,2026-05-22,2,乒乓球厅-10号,08:00-09:00,0,1,可预约,￥0.0,晴,25,22,4,0.0,56,39
2026-05-21 15:30:43,2026-05-22,2,乒乓球厅-10号,08:00-09:00,0,1,可预约,￥0.0,晴,25,23,4,0.0,57,40
2026-05-21 16:00:51,2026-05-22,2,乒乓球厅-10号,08:00-09:00,0,1,可预约,￥0.0,晴,25,23,4,0.0,57,40
2026-05-21 16:30:48,2026-05-22,2,乒乓球厅-10号,08:00-09:00,0,1,可预约,￥0.0,晴,25,24,3,0.0,60,39
2026-05-21 17:00:49,2026-05-22,2,乒乓球厅-10号,08:00-09:00,0,1,可预约,￥0.0,晴,25,24,4,0.0,61,39
2026-05-21 17:30:47,2026-05-22,2,乒乓球厅-10号,08:00-09:00,0,1,可预约,￥0.0,多云,24,23,3,0.0,64,39
2026-05-21 18:00:50,2026-05-22,2,乒乓球厅-10号,08:00-09:00,0,1,可预约,￥0.0,多云,24,23,3,0.0,68,39
2026-05-21 18:30:50,2026-05-22,2,乒乓球厅-10号,08:00-09:00,0,1,可预约,￥0.0,阴,24,25,2,0.0,68,40
2026-05-21 19:00:50,2026-05-22,2,乒乓球厅-10号,08:00-09:00,0,1,可预约,￥0.0,阴,23,23,3,0.0,76,40
2026-05-21 19:30:46,2026-05-22,2,乒乓球厅-10号,08:00-09:00,0,1,可预约,￥0.0,阴,23,24,2,0.0,77,39
2026-05-21 20:00:49,2026-05-22,2,乒乓球厅-10号,08:00-09:00,0,1,可预约,￥0.0,雾,22,23,2,0.0,89,39
2026-05-21 20:30:44,2026-05-22,2,乒乓球厅-10号,08:00-09:00,0,1,可预约,￥0.0,雾,22,24,2,0.0,93,43
2026-05-21 21:00:56,2026-05-22,2,乒乓球厅-10号,08:00-09:00,0,1,可预约,￥0.0,雾,20,21,2,0.0,98,43
2026-05-21 21:30:46,2026-05-22,2,乒乓球厅-10号,08:00-09:00,0,1,可预约,￥0.0,雾,20,22,1,0.0,99,41
2026-05-21 22:01:02,2026-05-22,2,乒乓球厅-10号,08:00-09:00,0,1,可预约,￥0.0,雾,19,20,2,0.0,93,41
2026-05-21 22:30:47,2026-05-22,2,乒乓球厅-10号,08:00-09:00,0,1,可预约,￥0.0,雾,19,19,3,0.0,88,46
2026-05-21 23:00:56,2026-05-22,2,乒乓球厅-10号,08:00-09:00,0,1,可预约,￥0.0,多云,18,17,3,0.0,85,46
2026-05-21 23:30:55,2026-05-22,2,乒乓球厅-10号,08:00-09:00,0,1,可预约,￥0.0,多云,18,17,3,0.0,85,48
2026-05-21 08:00:45,2026-05-22,2,乒乓球厅-10号,09:00-10:00,0,1,可预约,￥5.0,晴,17,12,5,0.0,86,29
2026-05-21 08:02:30,2026-05-22,2,乒乓球厅-10号,09:00-10:00,0,1,可预约,￥5.0,多云,17,12,5,0.0,87,29
2026-05-21 08:05:36,2026-05-22,2,乒乓球厅-10号,09:00-10:00,0,1,可预约,￥5.0,多云,17,12,5,0.0,86,29
2026-05-21 08:08:31,2026-05-22,2,乒乓球厅-10号,09:00-10:00,0,1,可预约,￥5.0,多云,17,12,5,0.0,86,29
2026-05-21 08:11:30,2026-05-22,2,乒乓球厅-10号,09:00-10:00,0,1,可预约,￥5.0,多云,17,12,5,0.0,86,29
2026-05-21 08:14:31,2026-05-22,2,乒乓球厅-10号,09:00-10:00,0,1,可预约,￥5.0,多云,17,12,5,0.0,86,29
2026-05-21 08:17:30,2026-05-22,2,乒乓球厅-10号,09:00-10:00,0,1,可预约,￥5.0,多云,17,12,5,0.0,86,29
2026-05-21 08:20:35,2026-05-22,2,乒乓球厅-10号,09:00-10:00,0,1,可预约,￥5.0,多云,17,14,4,0.0,85,29
2026-05-21 08:25:32,2026-05-22,2,乒乓球厅-10号,09:00-10:00,0,1,可预约,￥5.0,多云,17,14,4,0.0,85,28
2026-05-21 08:30:42,2026-05-22,2,乒乓球厅-10号,09:00-10:00,0,1,可预约,￥5.0,多云,18,15,4,0.0,84,28
2026-05-21 08:35:31,2026-05-22,2,乒乓球厅-10号,09:00-10:00,0,1,可预约,￥5.0,多云,18,15,4,0.0,84,28
2026-05-21 08:40:38,2026-05-22,2,乒乓球厅-10号,09:00-10:00,0,1,可预约,￥5.0,多云,18,15,4,0.0,82,28
2026-05-21 08:45:33,2026-05-22,2,乒乓球厅-10号,09:00-10:00,0,1,可预约,￥5.0,多云,18,15,4,0.0,82,28
2026-05-21 08:50:36,2026-05-22,2,乒乓球厅-10号,09:00-10:00,0,1,可预约,￥5.0,多云,18,15,4,0.0,82,28
2026-05-21 08:55:34,2026-05-22,2,乒乓球厅-10号,09:00-10:00,0,1,可预约,￥5.0,多云,18,15,4,0.0,84,28
2026-05-21 09:00:51,2026-05-22,2,乒乓球厅-10号,09:00-10:00,0,1,可预约,￥5.0,多云,18,15,4,0.0,84,28
2026-05-21 09:01:59,2026-05-22,2,乒乓球厅-10号,09:00-10:00,0,1,可预约,￥5.0,多云,18,15,4,0.0,83,28
2026-05-21 09:05:33,2026-05-22,2,乒乓球厅-10号,09:00-10:00,0,1,可预约,￥5.0,多云,18,15,4,0.0,83,28
2026-05-21 09:20:38,2026-05-22,2,乒乓球厅-10号,09:00-10:00,0,1,可预约,￥5.0,多云,18,16,3,0.0,81,28
2026-05-21 09:30:46,2026-05-22,2,乒乓球厅-10号,09:00-10:00,0,1,可预约,￥5.0,多云,18,16,3,0.0,81,32
2026-05-21 09:40:36,2026-05-22,2,乒乓球厅-10号,09:00-10:00,0,1,可预约,￥5.0,多云,19,17,3,0.0,79,32
2026-05-21 09:50:42,2026-05-22,2,乒乓球厅-10号,09:00-10:00,0,1,可预约,￥5.0,多云,19,17,4,0.0,81,32
2026-05-21 10:00:46,2026-05-22,2,乒乓球厅-10号,09:00-10:00,0,1,可预约,￥5.0,多云,19,17,4,0.0,79,32
2026-05-21 10:10:40,2026-05-22,2,乒乓球厅-10号,09:00-10:00,0,1,可预约,￥5.0,多云,19,17,4,0.0,79,32
2026-05-21 10:20:38,2026-05-22,2,乒乓球厅-10号,09:00-10:00,0,1,可预约,￥5.0,多云,19,17,4,0.0,79,32
2026-05-21 10:30:41,2026-05-22,2,乒乓球厅-10号,09:00-10:00,0,1,可预约,￥5.0,多云,19,18,3,0.0,78,31
2026-05-21 11:00:44,2026-05-22,2,乒乓球厅-10号,09:00-10:00,0,1,可预约,￥5.0,多云,21,17,5,0.0,74,31
2026-05-21 11:30:38,2026-05-22,2,乒乓球厅-10号,09:00-10:00,0,1,可预约,￥5.0,多云,21,19,3,0.0,72,33
2026-05-21 12:00:46,2026-05-22,2,乒乓球厅-10号,09:00-10:00,0,1,可预约,￥5.0,多云,22,19,4,0.0,70,33
2026-05-21 12:30:42,2026-05-22,2,乒乓球厅-10号,09:00-10:00,0,1,可预约,￥5.0,多云,22,21,3,0.0,68,35
2026-05-21 13:00:43,2026-05-22,2,乒乓球厅-10号,09:00-10:00,0,1,可预约,￥5.0,多云,24,22,4,0.0,66,35
2026-05-21 13:30:43,2026-05-22,2,乒乓球厅-10号,09:00-10:00,0,1,可预约,￥5.0,多云,24,22,4,0.0,66,36
2026-05-21 14:00:48,2026-05-22,2,乒乓球厅-10号,09:00-10:00,0,1,可预约,￥5.0,多云,25,23,4,0.0,66,36
2026-05-21 14:30:45,2026-05-22,2,乒乓球厅-10号,09:00-10:00,0,1,可预约,￥5.0,晴,25,25,3,0.0,65,39
2026-05-21 15:00:45,2026-05-22,2,乒乓球厅-10号,09:00-10:00,0,1,可预约,￥5.0,晴,25,22,4,0.0,56,39
2026-05-21 15:30:43,2026-05-22,2,乒乓球厅-10号,09:00-10:00,0,1,可预约,￥5.0,晴,25,23,4,0.0,57,40
2026-05-21 16:00:51,2026-05-22,2,乒乓球厅-10号,09:00-10:00,0,1,可预约,￥5.0,晴,25,23,4,0.0,57,40
2026-05-21 16:30:48,2026-05-22,2,乒乓球厅-10号,09:00-10:00,0,1,可预约,￥5.0,晴,25,24,3,0.0,60,39
2026-05-21 17:00:49,2026-05-22,2,乒乓球厅-10号,09:00-10:00,0,1,可预约,￥5.0,晴,25,24,4,0.0,61,39
2026-05-21 17:30:47,2026-05-22,2,乒乓球厅-10号,09:00-10:00,0,1,可预约,￥5.0,多云,24,23,3,0.0,64,39
2026-05-21 18:00:50,2026-05-22,2,乒乓球厅-10号,09:00-10:00,0,1,可预约,￥5.0,多云,24,23,3,0.0,68,39
2026-05-21 18:30:50,2026-05-22,2,乒乓球厅-10号,09:00-10:00,0,1,可预约,￥5.0,阴,24,25,2,0.0,68,40
2026-05-21 19:00:50,2026-05-22,2,乒乓球厅-10号,09:00-10:00,0,1,可预约,￥5.0,阴,23,23,3,0.0,76,40
2026-05-21 19:30:46,2026-05-22,2,乒乓球厅-10号,09:00-10:00,0,1,可预约,￥5.0,阴,23,24,2,0.0,77,39
2026-05-21 20:00:49,2026-05-22,2,乒乓球厅-10号,09:00-10:00,0,1,可预约,￥5.0,雾,22,23,2,0.0,89,39
2026-05-21 20:30:44,2026-05-22,2,乒乓球厅-10号,09:00-10:00,0,1,可预约,￥5.0,雾,22,24,2,0.0,93,43
2026-05-21 21:00:56,2026-05-22,2,乒乓球厅-10号,09:00-10:00,0,1,可预约,￥5.0,雾,20,21,2,0.0,98,43
2026-05-21 21:30:46,2026-05-22,2,乒乓球厅-10号,09:00-10:00,0,1,可预约,￥5.0,雾,20,22,1,0.0,99,41
2026-05-21 22:01:02,2026-05-22,2,乒乓球厅-10号,09:00-10:00,0,1,可预约,￥5.0,雾,19,20,2,0.0,93,41
2026-05-21 22:30:47,2026-05-22,2,乒乓球厅-10号,09:00-10:00,0,1,可预约,￥5.0,雾,19,19,3,0.0,88,46
2026-05-21 23:00:56,2026-05-22,2,乒乓球厅-10号,09:00-10:00,0,1,可预约,￥5.0,多云,18,17,3,0.0,85,46
2026-05-21 23:30:55,2026-05-22,2,乒乓球厅-10号,09:00-10:00,0,1,可预约,￥5.0,多云,18,17,3,0.0,85,48
2026-05-21 08:00:45,2026-05-22,2,乒乓球厅-10号,10:00-11:00,0,1,可预约,￥5.0,晴,17,12,5,0.0,86,29
2026-05-21 08:02:30,2026-05-22,2,乒乓球厅-10号,10:00-11:00,0,1,可预约,￥5.0,多云,17,12,5,0.0,87,29
2026-05-21 08:05:36,2026-05-22,2,乒乓球厅-10号,10:00-11:00,0,1,可预约,￥5.0,多云,17,12,5,0.0,86,29
2026-05-21 08:08:31,2026-05-22,2,乒乓球厅-10号,10:00-11:00,0,1,可预约,￥5.0,多云,17,12,5,0.0,86,29
2026-05-21 08:11:30,2026-05-22,2,乒乓球厅-10号,10:00-11:00,0,1,可预约,￥5.0,多云,17,12,5,0.0,86,29
2026-05-21 08:14:31,2026-05-22,2,乒乓球厅-10号,10:00-11:00,0,1,可预约,￥5.0,多云,17,12,5,0.0,86,29
2026-05-21 08:17:30,2026-05-22,2,乒乓球厅-10号,10:00-11:00,0,1,可预约,￥5.0,多云,17,12,5,0.0,86,29
2026-05-21 08:20:35,2026-05-22,2,乒乓球厅-10号,10:00-11:00,0,1,可预约,￥5.0,多云,17,14,4,0.0,85,29
2026-05-21 08:25:32,2026-05-22,2,乒乓球厅-10号,10:00-11:00,0,1,可预约,￥5.0,多云,17,14,4,0.0,85,28
2026-05-21 08:30:42,2026-05-22,2,乒乓球厅-10号,10:00-11:00,0,1,可预约,￥5.0,多云,18,15,4,0.0,84,28
2026-05-21 08:35:31,2026-05-22,2,乒乓球厅-10号,10:00-11:00,0,1,可预约,￥5.0,多云,18,15,4,0.0,84,28
2026-05-21 08:40:38,2026-05-22,2,乒乓球厅-10号,10:00-11:00,0,1,可预约,￥5.0,多云,18,15,4,0.0,82,28
2026-05-21 08:45:33,2026-05-22,2,乒乓球厅-10号,10:00-11:00,0,1,可预约,￥5.0,多云,18,15,4,0.0,82,28
2026-05-21 08:50:36,2026-05-22,2,乒乓球厅-10号,10:00-11:00,0,1,可预约,￥5.0,多云,18,15,4,0.0,82,28
2026-05-21 08:55:34,2026-05-22,2,乒乓球厅-10号,10:00-11:00,0,1,可预约,￥5.0,多云,18,15,4,0.0,84,28
2026-05-21 09:00:51,2026-05-22,2,乒乓球厅-10号,10:00-11:00,0,1,可预约,￥5.0,多云,18,15,4,0.0,84,28
2026-05-21 09:01:59,2026-05-22,2,乒乓球厅-10号,10:00-11:00,0,1,可预约,￥5.0,多云,18,15,4,0.0,83,28
2026-05-21 09:05:33,2026-05-22,2,乒乓球厅-10号,10:00-11:00,0,1,可预约,￥5.0,多云,18,15,4,0.0,83,28
2026-05-21 09:20:38,2026-05-22,2,乒乓球厅-10号,10:00-11:00,0,1,可预约,￥5.0,多云,18,16,3,0.0,81,28
2026-05-21 09:30:46,2026-05-22,2,乒乓球厅-10号,10:00-11:00,0,1,可预约,￥5.0,多云,18,16,3,0.0,81,32
2026-05-21 09:40:36,2026-05-22,2,乒乓球厅-10号,10:00-11:00,0,1,可预约,￥5.0,多云,19,17,3,0.0,79,32
2026-05-21 09:50:42,2026-05-22,2,乒乓球厅-10号,10:00-11:00,0,1,可预约,￥5.0,多云,19,17,4,0.0,81,32
2026-05-21 10:00:46,2026-05-22,2,乒乓球厅-10号,10:00-11:00,0,1,可预约,￥5.0,多云,19,17,4,0.0,79,32
2026-05-21 10:10:40,2026-05-22,2,乒乓球厅-10号,10:00-11:00,0,1,可预约,￥5.0,多云,19,17,4,0.0,79,32
2026-05-21 10:20:38,2026-05-22,2,乒乓球厅-10号,10:00-11:00,0,1,可预约,￥5.0,多云,19,17,4,0.0,79,32
2026-05-21 10:30:41,2026-05-22,2,乒乓球厅-10号,10:00-11:00,0,1,可预约,￥5.0,多云,19,18,3,0.0,78,31
2026-05-21 11:00:44,2026-05-22,2,乒乓球厅-10号,10:00-11:00,0,1,可预约,￥5.0,多云,21,17,5,0.0,74,31
2026-05-21 11:30:38,2026-05-22,2,乒乓球厅-10号,10:00-11:00,0,1,可预约,￥5.0,多云,21,19,3,0.0,72,33
2026-05-21 12:00:46,2026-05-22,2,乒乓球厅-10号,10:00-11:00,0,1,可预约,￥5.0,多云,22,19,4,0.0,70,33
2026-05-21 12:30:42,2026-05-22,2,乒乓球厅-10号,10:00-11:00,0,1,可预约,￥5.0,多云,22,21,3,0.0,68,35
2026-05-21 13:00:43,2026-05-22,2,乒乓球厅-10号,10:00-11:00,0,1,可预约,￥5.0,多云,24,22,4,0.0,66,35
2026-05-21 13:30:43,2026-05-22,2,乒乓球厅-10号,10:00-11:00,0,1,可预约,￥5.0,多云,24,22,4,0.0,66,36
2026-05-21 14:00:48,2026-05-22,2,乒乓球厅-10号,10:00-11:00,0,1,可预约,￥5.0,多云,25,23,4,0.0,66,36
2026-05-21 14:30:45,2026-05-22,2,乒乓球厅-10号,10:00-11:00,0,1,可预约,￥5.0,晴,25,25,3,0.0,65,39
2026-05-21 15:00:45,2026-05-22,2,乒乓球厅-10号,10:00-11:00,0,1,可预约,￥5.0,晴,25,22,4,0.0,56,39
2026-05-21 15:30:43,2026-05-22,2,乒乓球厅-10号,10:00-11:00,0,1,可预约,￥5.0,晴,25,23,4,0.0,57,40
2026-05-21 16:00:51,2026-05-22,2,乒乓球厅-10号,10:00-11:00,0,1,可预约,￥5.0,晴,25,23,4,0.0,57,40
2026-05-21 16:30:48,2026-05-22,2,乒乓球厅-10号,10:00-11:00,0,1,可预约,￥5.0,晴,25,24,3,0.0,60,39
2026-05-21 17:00:49,2026-05-22,2,乒乓球厅-10号,10:00-11:00,0,1,可预约,￥5.0,晴,25,24,4,0.0,61,39
2026-05-21 17:30:47,2026-05-22,2,乒乓球厅-10号,10:00-11:00,0,1,可预约,￥5.0,多云,24,23,3,0.0,64,39
2026-05-21 18:00:50,2026-05-22,2,乒乓球厅-10号,10:00-11:00,0,1,可预约,￥5.0,多云,24,23,3,0.0,68,39
2026-05-21 18:30:50,2026-05-22,2,乒乓球厅-10号,10:00-11:00,0,1,可预约,￥5.0,阴,24,25,2,0.0,68,40
2026-05-21 19:00:50,2026-05-22,2,乒乓球厅-10号,10:00-11:00,0,1,可预约,￥5.0,阴,23,23,3,0.0,76,40
2026-05-21 19:30:46,2026-05-22,2,乒乓球厅-10号,10:00-11:00,0,1,可预约,￥5.0,阴,23,24,2,0.0,77,39
2026-05-21 20:00:49,2026-05-22,2,乒乓球厅-10号,10:00-11:00,0,1,可预约,￥5.0,雾,22,23,2,0.0,89,39
2026-05-21 20:30:44,2026-05-22,2,乒乓球厅-10号,10:00-11:00,0,1,可预约,￥5.0,雾,22,24,2,0.0,93,43
2026-05-21 21:00:56,2026-05-22,2,乒乓球厅-10号,10:00-11:00,0,1,可预约,￥5.0,雾,20,21,2,0.0,98,43
2026-05-21 21:30:46,2026-05-22,2,乒乓球厅-10号,10:00-11:00,0,1,可预约,￥5.0,雾,20,22,1,0.0,99,41
2026-05-21 22:01:02,2026-05-22,2,乒乓球厅-10号,10:00-11:00,0,1,可预约,￥5.0,雾,19,20,2,0.0,93,41
2026-05-21 22:30:47,2026-05-22,2,乒乓球厅-10号,10:00-11:00,0,1,可预约,￥5.0,雾,19,19,3,0.0,88,46
2026-05-21 23:00:56,2026-05-22,2,乒乓球厅-10号,10:00-11:00,0,1,可预约,￥5.0,多云,18,17,3,0.0,85,46
2026-05-21 23:30:55,2026-05-22,2,乒乓球厅-10号,10:00-11:00,0,1,可预约,￥5.0,多云,18,17,3,0.0,85,48
2026-05-21 08:00:45,2026-05-22,2,乒乓球厅-10号,11:00-12:00,0,1,可预约,￥5.0,晴,17,12,5,0.0,86,29
2026-05-21 08:02:30,2026-05-22,2,乒乓球厅-10号,11:00-12:00,0,1,可预约,￥5.0,多云,17,12,5,0.0,87,29
2026-05-21 08:05:36,2026-05-22,2,乒乓球厅-10号,11:00-12:00,0,1,可预约,￥5.0,多云,17,12,5,0.0,86,29
2026-05-21 08:08:31,2026-05-22,2,乒乓球厅-10号,11:00-12:00,0,1,可预约,￥5.0,多云,17,12,5,0.0,86,29
2026-05-21 08:11:30,2026-05-22,2,乒乓球厅-10号,11:00-12:00,0,1,可预约,￥5.0,多云,17,12,5,0.0,86,29
2026-05-21 08:14:31,2026-05-22,2,乒乓球厅-10号,11:00-12:00,0,1,可预约,￥5.0,多云,17,12,5,0.0,86,29
2026-05-21 08:17:30,2026-05-22,2,乒乓球厅-10号,11:00-12:00,0,1,可预约,￥5.0,多云,17,12,5,0.0,86,29
2026-05-21 08:20:35,2026-05-22,2,乒乓球厅-10号,11:00-12:00,0,1,可预约,￥5.0,多云,17,14,4,0.0,85,29
2026-05-21 08:25:32,2026-05-22,2,乒乓球厅-10号,11:00-12:00,0,1,可预约,￥5.0,多云,17,14,4,0.0,85,28
2026-05-21 08:30:42,2026-05-22,2,乒乓球厅-10号,11:00-12:00,0,1,可预约,￥5.0,多云,18,15,4,0.0,84,28
2026-05-21 08:35:31,2026-05-22,2,乒乓球厅-10号,11:00-12:00,0,1,可预约,￥5.0,多云,18,15,4,0.0,84,28
2026-05-21 08:40:38,2026-05-22,2,乒乓球厅-10号,11:00-12:00,0,1,可预约,￥5.0,多云,18,15,4,0.0,82,28
2026-05-21 08:45:33,2026-05-22,2,乒乓球厅-10号,11:00-12:00,0,1,可预约,￥5.0,多云,18,15,4,0.0,82,28
2026-05-21 08:50:36,2026-05-22,2,乒乓球厅-10号,11:00-12:00,0,1,可预约,￥5.0,多云,18,15,4,0.0,82,28
2026-05-21 08:55:34,2026-05-22,2,乒乓球厅-10号,11:00-12:00,0,1,可预约,￥5.0,多云,18,15,4,0.0,84,28
2026-05-21 09:00:51,2026-05-22,2,乒乓球厅-10号,11:00-12:00,0,1,可预约,￥5.0,多云,18,15,4,0.0,84,28
2026-05-21 09:01:59,2026-05-22,2,乒乓球厅-10号,11:00-12:00,0,1,可预约,￥5.0,多云,18,15,4,0.0,83,28
2026-05-21 09:05:33,2026-05-22,2,乒乓球厅-10号,11:00-12:00,0,1,可预约,￥5.0,多云,18,15,4,0.0,83,28
2026-05-21 09:20:38,2026-05-22,2,乒乓球厅-10号,11:00-12:00,0,1,可预约,￥5.0,多云,18,16,3,0.0,81,28
2026-05-21 09:30:46,2026-05-22,2,乒乓球厅-10号,11:00-12:00,0,1,可预约,￥5.0,多云,18,16,3,0.0,81,32
2026-05-21 09:40:36,2026-05-22,2,乒乓球厅-10号,11:00-12:00,0,1,可预约,￥5.0,多云,19,17,3,0.0,79,32
2026-05-21 09:50:42,2026-05-22,2,乒乓球厅-10号,11:00-12:00,0,1,可预约,￥5.0,多云,19,17,4,0.0,81,32
2026-05-21 10:00:46,2026-05-22,2,乒乓球厅-10号,11:00-12:00,0,1,可预约,￥5.0,多云,19,17,4,0.0,79,32
2026-05-21 10:10:40,2026-05-22,2,乒乓球厅-10号,11:00-12:00,0,1,可预约,￥5.0,多云,19,17,4,0.0,79,32
2026-05-21 10:20:38,2026-05-22,2,乒乓球厅-10号,11:00-12:00,0,1,可预约,￥5.0,多云,19,17,4,0.0,79,32
2026-05-21 10:30:41,2026-05-22,2,乒乓球厅-10号,11:00-12:00,0,1,可预约,￥5.0,多云,19,18,3,0.0,78,31
2026-05-21 11:00:44,2026-05-22,2,乒乓球厅-10号,11:00-12:00,0,1,可预约,￥5.0,多云,21,17,5,0.0,74,31
2026-05-21 11:30:38,2026-05-22,2,乒乓球厅-10号,11:00-12:00,0,1,可预约,￥5.0,多云,21,19,3,0.0,72,33
2026-05-21 12:00:46,2026-05-22,2,乒乓球厅-10号,11:00-12:00,0,1,可预约,￥5.0,多云,22,19,4,0.0,70,33
2026-05-21 12:30:42,2026-05-22,2,乒乓球厅-10号,11:00-12:00,0,1,可预约,￥5.0,多云,22,21,3,0.0,68,35
2026-05-21 13:00:43,2026-05-22,2,乒乓球厅-10号,11:00-12:00,0,1,可预约,￥5.0,多云,24,22,4,0.0,66,35
2026-05-21 13:30:43,2026-05-22,2,乒乓球厅-10号,11:00-12:00,0,1,可预约,￥5.0,多云,24,22,4,0.0,66,36
2026-05-21 14:00:48,2026-05-22,2,乒乓球厅-10号,11:00-12:00,0,1,可预约,￥5.0,多云,25,23,4,0.0,66,36
2026-05-21 14:30:45,2026-05-22,2,乒乓球厅-10号,11:00-12:00,0,1,可预约,￥5.0,晴,25,25,3,0.0,65,39
2026-05-21 15:00:45,2026-05-22,2,乒乓球厅-10号,11:00-12:00,0,1,可预约,￥5.0,晴,25,22,4,0.0,56,39
2026-05-21 15:30:43,2026-05-22,2,乒乓球厅-10号,11:00-12:00,0,1,可预约,￥5.0,晴,25,23,4,0.0,57,40
2026-05-21 16:00:51,2026-05-22,2,乒乓球厅-10号,11:00-12:00,0,1,可预约,￥5.0,晴,25,23,4,0.0,57,40
2026-05-21 16:30:48,2026-05-22,2,乒乓球厅-10号,11:00-12:00,0,1,可预约,￥5.0,晴,25,24,3,0.0,60,39
2026-05-21 17:00:49,2026-05-22,2,乒乓球厅-10号,11:00-12:00,0,1,可预约,￥5.0,晴,25,24,4,0.0,61,39
2026-05-21 17:30:47,2026-05-22,2,乒乓球厅-10号,11:00-12:00,0,1,可预约,￥5.0,多云,24,23,3,0.0,64,39
2026-05-21 18:00:50,2026-05-22,2,乒乓球厅-10号,11:00-12:00,0,1,可预约,￥5.0,多云,24,23,3,0.0,68,39
2026-05-21 18:30:50,2026-05-22,2,乒乓球厅-10号,11:00-12:00,0,1,可预约,￥5.0,阴,24,25,2,0.0,68,40
2026-05-21 19:00:50,2026-05-22,2,乒乓球厅-10号,11:00-12:00,0,1,可预约,￥5.0,阴,23,23,3,0.0,76,40
2026-05-21 19:30:46,2026-05-22,2,乒乓球厅-10号,11:00-12:00,0,1,可预约,￥5.0,阴,23,24,2,0.0,77,39
2026-05-21 20:00:49,2026-05-22,2,乒乓球厅-10号,11:00-12:00,0,1,可预约,￥5.0,雾,22,23,2,0.0,89,39
2026-05-21 20:30:44,2026-05-22,2,乒乓球厅-10号,11:00-12:00,0,1,可预约,￥5.0,雾,22,24,2,0.0,93,43
2026-05-21 21:00:56,2026-05-22,2,乒乓球厅-10号,11:00-12:00,0,1,可预约,￥5.0,雾,20,21,2,0.0,98,43
2026-05-21 21:30:46,2026-05-22,2,乒乓球厅-10号,11:00-12:00,0,1,可预约,￥5.0,雾,20,22,1,0.0,99,41
2026-05-21 22:01:02,2026-05-22,2,乒乓球厅-10号,11:00-12:00,0,1,可预约,￥5.0,雾,19,20,2,0.0,93,41
2026-05-21 22:30:47,2026-05-22,2,乒乓球厅-10号,11:00-12:00,0,1,可预约,￥5.0,雾,19,19,3,0.0,88,46
2026-05-21 23:00:56,2026-05-22,2,乒乓球厅-10号,11:00-12:00,0,1,可预约,￥5.0,多云,18,17,3,0.0,85,46
2026-05-21 23:30:55,2026-05-22,2,乒乓球厅-10号,11:00-12:00,0,1,可预约,￥5.0,多云,18,17,3,0.0,85,48
2026-05-21 08:00:45,2026-05-22,2,乒乓球厅-10号,12:00-12:55,0,1,可预约,￥0.0,晴,17,12,5,0.0,86,29
2026-05-21 08:02:30,2026-05-22,2,乒乓球厅-10号,12:00-12:55,0,1,可预约,￥0.0,多云,17,12,5,0.0,87,29
2026-05-21 08:05:36,2026-05-22,2,乒乓球厅-10号,12:00-12:55,0,1,可预约,￥0.0,多云,17,12,5,0.0,86,29
2026-05-21 08:08:31,2026-05-22,2,乒乓球厅-10号,12:00-12:55,0,1,可预约,￥0.0,多云,17,12,5,0.0,86,29
2026-05-21 08:11:30,2026-05-22,2,乒乓球厅-10号,12:00-12:55,0,1,可预约,￥0.0,多云,17,12,5,0.0,86,29
2026-05-21 08:14:31,2026-05-22,2,乒乓球厅-10号,12:00-12:55,0,1,可预约,￥0.0,多云,17,12,5,0.0,86,29
2026-05-21 08:17:30,2026-05-22,2,乒乓球厅-10号,12:00-12:55,0,1,可预约,￥0.0,多云,17,12,5,0.0,86,29
2026-05-21 08:20:35,2026-05-22,2,乒乓球厅-10号,12:00-12:55,0,1,可预约,￥0.0,多云,17,14,4,0.0,85,29
2026-05-21 08:25:32,2026-05-22,2,乒乓球厅-10号,12:00-12:55,0,1,可预约,￥0.0,多云,17,14,4,0.0,85,28
2026-05-21 08:30:42,2026-05-22,2,乒乓球厅-10号,12:00-12:55,0,1,可预约,￥0.0,多云,18,15,4,0.0,84,28
2026-05-21 08:35:31,2026-05-22,2,乒乓球厅-10号,12:00-12:55,0,1,可预约,￥0.0,多云,18,15,4,0.0,84,28
2026-05-21 08:40:38,2026-05-22,2,乒乓球厅-10号,12:00-12:55,0,1,可预约,￥0.0,多云,18,15,4,0.0,82,28
2026-05-21 08:45:33,2026-05-22,2,乒乓球厅-10号,12:00-12:55,0,1,可预约,￥0.0,多云,18,15,4,0.0,82,28
2026-05-21 08:50:36,2026-05-22,2,乒乓球厅-10号,12:00-12:55,0,1,可预约,￥0.0,多云,18,15,4,0.0,82,28
2026-05-21 08:55:34,2026-05-22,2,乒乓球厅-10号,12:00-12:55,0,1,可预约,￥0.0,多云,18,15,4,0.0,84,28
2026-05-21 09:00:51,2026-05-22,2,乒乓球厅-10号,12:00-12:55,0,1,可预约,￥0.0,多云,18,15,4,0.0,84,28
2026-05-21 09:01:59,2026-05-22,2,乒乓球厅-10号,12:00-12:55,0,1,可预约,￥0.0,多云,18,15,4,0.0,83,28
2026-05-21 09:05:33,2026-05-22,2,乒乓球厅-10号,12:00-12:55,0,1,可预约,￥0.0,多云,18,15,4,0.0,83,28
2026-05-21 09:20:38,2026-05-22,2,乒乓球厅-10号,12:00-12:55,0,1,可预约,￥0.0,多云,18,16,3,0.0,81,28
2026-05-21 09:30:46,2026-05-22,2,乒乓球厅-10号,12:00-12:55,0,1,可预约,￥0.0,多云,18,16,3,0.0,81,32
2026-05-21 09:40:36,2026-05-22,2,乒乓球厅-10号,12:00-12:55,0,1,可预约,￥0.0,多云,19,17,3,0.0,79,32
2026-05-21 09:50:42,2026-05-22,2,乒乓球厅-10号,12:00-12:55,0,1,可预约,￥0.0,多云,19,17,4,0.0,81,32
2026-05-21 10:00:46,2026-05-22,2,乒乓球厅-10号,12:00-12:55,0,1,可预约,￥0.0,多云,19,17,4,0.0,79,32
2026-05-21 10:10:40,2026-05-22,2,乒乓球厅-10号,12:00-12:55,0,1,可预约,￥0.0,多云,19,17,4,0.0,79,32
2026-05-21 10:20:38,2026-05-22,2,乒乓球厅-10号,12:00-12:55,0,1,可预约,￥0.0,多云,19,17,4,0.0,79,32
2026-05-21 10:30:41,2026-05-22,2,乒乓球厅-10号,12:00-12:55,0,1,可预约,￥0.0,多云,19,18,3,0.0,78,31
2026-05-21 11:00:44,2026-05-22,2,乒乓球厅-10号,12:00-12:55,0,1,可预约,￥0.0,多云,21,17,5,0.0,74,31
2026-05-21 11:30:38,2026-05-22,2,乒乓球厅-10号,12:00-12:55,0,1,可预约,￥0.0,多云,21,19,3,0.0,72,33
2026-05-21 12:00:46,2026-05-22,2,乒乓球厅-10号,12:00-12:55,0,1,可预约,￥0.0,多云,22,19,4,0.0,70,33
2026-05-21 12:30:42,2026-05-22,2,乒乓球厅-10号,12:00-12:55,0,1,可预约,￥0.0,多云,22,21,3,0.0,68,35
2026-05-21 13:00:43,2026-05-22,2,乒乓球厅-10号,12:00-12:55,0,1,可预约,￥0.0,多云,24,22,4,0.0,66,35
2026-05-21 13:30:43,2026-05-22,2,乒乓球厅-10号,12:00-12:55,0,1,可预约,￥0.0,多云,24,22,4,0.0,66,36
2026-05-21 14:00:48,2026-05-22,2,乒乓球厅-10号,12:00-12:55,0,1,可预约,￥0.0,多云,25,23,4,0.0,66,36
2026-05-21 14:30:45,2026-05-22,2,乒乓球厅-10号,12:00-12:55,0,1,可预约,￥0.0,晴,25,25,3,0.0,65,39
2026-05-21 15:00:45,2026-05-22,2,乒乓球厅-10号,12:00-12:55,0,1,可预约,￥0.0,晴,25,22,4,0.0,56,39
2026-05-21 15:30:43,2026-05-22,2,乒乓球厅-10号,12:00-12:55,0,1,可预约,￥0.0,晴,25,23,4,0.0,57,40
2026-05-21 16:00:51,2026-05-22,2,乒乓球厅-10号,12:00-12:55,0,1,可预约,￥0.0,晴,25,23,4,0.0,57,40
2026-05-21 16:30:48,2026-05-22,2,乒乓球厅-10号,12:00-12:55,0,1,可预约,￥0.0,晴,25,24,3,0.0,60,39
2026-05-21 17:00:49,2026-05-22,2,乒乓球厅-10号,12:00-12:55,0,1,可预约,￥0.0,晴,25,24,4,0.0,61,39
2026-05-21 17:30:47,2026-05-22,2,乒乓球厅-10号,12:00-12:55,0,1,可预约,￥0.0,多云,24,23,3,0.0,64,39
2026-05-21 18:00:50,2026-05-22,2,乒乓球厅-10号,12:00-12:55,0,1,可预约,￥0.0,多云,24,23,3,0.0,68,39
2026-05-21 18:30:50,2026-05-22,2,乒乓球厅-10号,12:00-12:55,0,1,可预约,￥0.0,阴,24,25,2,0.0,68,40
2026-05-21 19:00:50,2026-05-22,2,乒乓球厅-10号,12:00-12:55,0,1,可预约,￥0.0,阴,23,23,3,0.0,76,40
2026-05-21 19:30:46,2026-05-22,2,乒乓球厅-10号,12:00-12:55,0,1,可预约,￥0.0,阴,23,24,2,0.0,77,39
2026-05-21 20:00:49,2026-05-22,2,乒乓球厅-10号,12:00-12:55,0,1,可预约,￥0.0,雾,22,23,2,0.0,89,39
2026-05-21 20:30:44,2026-05-22,2,乒乓球厅-10号,12:00-12:55,0,1,可预约,￥0.0,雾,22,24,2,0.0,93,43
2026-05-21 21:00:56,2026-05-22,2,乒乓球厅-10号,12:00-12:55,0,1,可预约,￥0.0,雾,20,21,2,0.0,98,43
2026-05-21 21:30:46,2026-05-22,2,乒乓球厅-10号,12:00-12:55,0,1,可预约,￥0.0,雾,20,22,1,0.0,99,41
2026-05-21 22:01:02,2026-05-22,2,乒乓球厅-10号,12:00-12:55,0,1,可预约,￥0.0,雾,19,20,2,0.0,93,41
2026-05-21 22:30:47,2026-05-22,2,乒乓球厅-10号,12:00-12:55,0,1,可预约,￥0.0,雾,19,19,3,0.0,88,46
2026-05-21 23:00:56,2026-05-22,2,乒乓球厅-10号,12:00-12:55,0,1,可预约,￥0.0,多云,18,17,3,0.0,85,46
2026-05-21 23:30:55,2026-05-22,2,乒乓球厅-10号,12:00-12:55,0,1,可预约,￥0.0,多云,18,17,3,0.0,85,48
2026-05-21 08:00:45,2026-05-22,2,乒乓球厅-10号,12:55-13:50,0,1,可预约,￥0.0,晴,17,12,5,0.0,86,29
2026-05-21 08:02:30,2026-05-22,2,乒乓球厅-10号,12:55-13:50,0,1,可预约,￥0.0,多云,17,12,5,0.0,87,29
2026-05-21 08:05:36,2026-05-22,2,乒乓球厅-10号,12:55-13:50,0,1,可预约,￥0.0,多云,17,12,5,0.0,86,29
2026-05-21 08:08:31,2026-05-22,2,乒乓球厅-10号,12:55-13:50,0,1,可预约,￥0.0,多云,17,12,5,0.0,86,29
2026-05-21 08:11:30,2026-05-22,2,乒乓球厅-10号,12:55-13:50,0,1,可预约,￥0.0,多云,17,12,5,0.0,86,29
2026-05-21 08:14:31,2026-05-22,2,乒乓球厅-10号,12:55-13:50,0,1,可预约,￥0.0,多云,17,12,5,0.0,86,29
2026-05-21 08:17:30,2026-05-22,2,乒乓球厅-10号,12:55-13:50,0,1,可预约,￥0.0,多云,17,12,5,0.0,86,29
2026-05-21 08:20:35,2026-05-22,2,乒乓球厅-10号,12:55-13:50,0,1,可预约,￥0.0,多云,17,14,4,0.0,85,29
2026-05-21 08:25:32,2026-05-22,2,乒乓球厅-10号,12:55-13:50,0,1,可预约,￥0.0,多云,17,14,4,0.0,85,28
2026-05-21 08:30:42,2026-05-22,2,乒乓球厅-10号,12:55-13:50,0,1,可预约,￥0.0,多云,18,15,4,0.0,84,28
2026-05-21 08:35:31,2026-05-22,2,乒乓球厅-10号,12:55-13:50,0,1,可预约,￥0.0,多云,18,15,4,0.0,84,28
2026-05-21 08:40:38,2026-05-22,2,乒乓球厅-10号,12:55-13:50,0,1,可预约,￥0.0,多云,18,15,4,0.0,82,28
2026-05-21 08:45:33,2026-05-22,2,乒乓球厅-10号,12:55-13:50,0,1,可预约,￥0.0,多云,18,15,4,0.0,82,28
2026-05-21 08:50:36,2026-05-22,2,乒乓球厅-10号,12:55-13:50,0,1,可预约,￥0.0,多云,18,15,4,0.0,82,28
2026-05-21 08:55:34,2026-05-22,2,乒乓球厅-10号,12:55-13:50,0,1,可预约,￥0.0,多云,18,15,4,0.0,84,28
2026-05-21 09:00:51,2026-05-22,2,乒乓球厅-10号,12:55-13:50,0,1,可预约,￥0.0,多云,18,15,4,0.0,84,28
2026-05-21 09:01:59,2026-05-22,2,乒乓球厅-10号,12:55-13:50,0,1,可预约,￥0.0,多云,18,15,4,0.0,83,28
2026-05-21 09:05:33,2026-05-22,2,乒乓球厅-10号,12:55-13:50,0,1,可预约,￥0.0,多云,18,15,4,0.0,83,28
2026-05-21 09:20:38,2026-05-22,2,乒乓球厅-10号,12:55-13:50,0,1,可预约,￥0.0,多云,18,16,3,0.0,81,28
2026-05-21 09:30:46,2026-05-22,2,乒乓球厅-10号,12:55-13:50,0,1,可预约,￥0.0,多云,18,16,3,0.0,81,32
2026-05-21 09:40:36,2026-05-22,2,乒乓球厅-10号,12:55-13:50,0,1,可预约,￥0.0,多云,19,17,3,0.0,79,32
2026-05-21 09:50:42,2026-05-22,2,乒乓球厅-10号,12:55-13:50,0,1,可预约,￥0.0,多云,19,17,4,0.0,81,32
2026-05-21 10:00:46,2026-05-22,2,乒乓球厅-10号,12:55-13:50,0,1,可预约,￥0.0,多云,19,17,4,0.0,79,32
2026-05-21 10:10:40,2026-05-22,2,乒乓球厅-10号,12:55-13:50,0,1,可预约,￥0.0,多云,19,17,4,0.0,79,32
2026-05-21 10:20:38,2026-05-22,2,乒乓球厅-10号,12:55-13:50,0,1,可预约,￥0.0,多云,19,17,4,0.0,79,32
2026-05-21 10:30:41,2026-05-22,2,乒乓球厅-10号,12:55-13:50,0,1,可预约,￥0.0,多云,19,18,3,0.0,78,31
2026-05-21 11:00:44,2026-05-22,2,乒乓球厅-10号,12:55-13:50,0,1,可预约,￥0.0,多云,21,17,5,0.0,74,31
2026-05-21 11:30:38,2026-05-22,2,乒乓球厅-10号,12:55-13:50,0,1,可预约,￥0.0,多云,21,19,3,0.0,72,33
2026-05-21 12:00:46,2026-05-22,2,乒乓球厅-10号,12:55-13:50,0,1,可预约,￥0.0,多云,22,19,4,0.0,70,33
2026-05-21 12:30:42,2026-05-22,2,乒乓球厅-10号,12:55-13:50,0,1,可预约,￥0.0,多云,22,21,3,0.0,68,35
2026-05-21 13:00:43,2026-05-22,2,乒乓球厅-10号,12:55-13:50,0,1,可预约,￥0.0,多云,24,22,4,0.0,66,35
2026-05-21 13:30:43,2026-05-22,2,乒乓球厅-10号,12:55-13:50,0,1,可预约,￥0.0,多云,24,22,4,0.0,66,36
2026-05-21 14:00:48,2026-05-22,2,乒乓球厅-10号,12:55-13:50,0,1,可预约,￥0.0,多云,25,23,4,0.0,66,36
2026-05-21 14:30:45,2026-05-22,2,乒乓球厅-10号,12:55-13:50,0,1,可预约,￥0.0,晴,25,25,3,0.0,65,39
2026-05-21 15:00:45,2026-05-22,2,乒乓球厅-10号,12:55-13:50,0,1,可预约,￥0.0,晴,25,22,4,0.0,56,39
2026-05-21 15:30:43,2026-05-22,2,乒乓球厅-10号,12:55-13:50,0,1,可预约,￥0.0,晴,25,23,4,0.0,57,40
2026-05-21 16:00:51,2026-05-22,2,乒乓球厅-10号,12:55-13:50,0,1,可预约,￥0.0,晴,25,23,4,0.0,57,40
2026-05-21 16:30:48,2026-05-22,2,乒乓球厅-10号,12:55-13:50,0,1,可预约,￥0.0,晴,25,24,3,0.0,60,39
2026-05-21 17:00:49,2026-05-22,2,乒乓球厅-10号,12:55-13:50,0,1,可预约,￥0.0,晴,25,24,4,0.0,61,39
2026-05-21 17:30:47,2026-05-22,2,乒乓球厅-10号,12:55-13:50,0,1,可预约,￥0.0,多云,24,23,3,0.0,64,39
2026-05-21 18:00:50,2026-05-22,2,乒乓球厅-10号,12:55-13:50,0,1,可预约,￥0.0,多云,24,23,3,0.0,68,39
2026-05-21 18:30:50,2026-05-22,2,乒乓球厅-10号,12:55-13:50,0,1,可预约,￥0.0,阴,24,25,2,0.0,68,40
2026-05-21 19:00:50,2026-05-22,2,乒乓球厅-10号,12:55-13:50,0,1,可预约,￥0.0,阴,23,23,3,0.0,76,40
2026-05-21 19:30:46,2026-05-22,2,乒乓球厅-10号,12:55-13:50,0,1,可预约,￥0.0,阴,23,24,2,0.0,77,39
2026-05-21 20:00:49,2026-05-22,2,乒乓球厅-10号,12:55-13:50,0,1,可预约,￥0.0,雾,22,23,2,0.0,89,39
2026-05-21 20:30:44,2026-05-22,2,乒乓球厅-10号,12:55-13:50,0,1,可预约,￥0.0,雾,22,24,2,0.0,93,43
2026-05-21 21:00:56,2026-05-22,2,乒乓球厅-10号,12:55-13:50,0,1,可预约,￥0.0,雾,20,21,2,0.0,98,43
2026-05-21 21:30:46,2026-05-22,2,乒乓球厅-10号,12:55-13:50,0,1,可预约,￥0.0,雾,20,22,1,0.0,99,41
2026-05-21 22:01:02,2026-05-22,2,乒乓球厅-10号,12:55-13:50,0,1,可预约,￥0.0,雾,19,20,2,0.0,93,41
2026-05-21 22:30:47,2026-05-22,2,乒乓球厅-10号,12:55-13:50,0,1,可预约,￥0.0,雾,19,19,3,0.0,88,46
2026-05-21 23:00:56,2026-05-22,2,乒乓球厅-10号,12:55-13:50,0,1,可预约,￥0.0,多云,18,17,3,0.0,85,46
2026-05-21 23:30:55,2026-05-22,2,乒乓球厅-10号,12:55-13:50,0,1,可预约,￥0.0,多云,18,17,3,0.0,85,48
2026-05-21 08:00:45,2026-05-22,2,乒乓球厅-10号,14:00-15:00,1,1,已售/已满,教学时间,晴,17,12,5,0.0,86,29
2026-05-21 08:02:30,2026-05-22,2,乒乓球厅-10号,14:00-15:00,1,1,已售/已满,教学时间,多云,17,12,5,0.0,87,29
2026-05-21 08:05:36,2026-05-22,2,乒乓球厅-10号,14:00-15:00,1,1,已售/已满,教学时间,多云,17,12,5,0.0,86,29
2026-05-21 08:08:31,2026-05-22,2,乒乓球厅-10号,14:00-15:00,1,1,已售/已满,教学时间,多云,17,12,5,0.0,86,29
2026-05-21 08:11:30,2026-05-22,2,乒乓球厅-10号,14:00-15:00,1,1,已售/已满,教学时间,多云,17,12,5,0.0,86,29
2026-05-21 08:14:31,2026-05-22,2,乒乓球厅-10号,14:00-15:00,1,1,已售/已满,教学时间,多云,17,12,5,0.0,86,29
2026-05-21 08:17:30,2026-05-22,2,乒乓球厅-10号,14:00-15:00,1,1,已售/已满,教学时间,多云,17,12,5,0.0,86,29
2026-05-21 08:20:35,2026-05-22,2,乒乓球厅-10号,14:00-15:00,1,1,已售/已满,教学时间,多云,17,14,4,0.0,85,29
2026-05-21 08:25:32,2026-05-22,2,乒乓球厅-10号,14:00-15:00,1,1,已售/已满,教学时间,多云,17,14,4,0.0,85,28
2026-05-21 08:30:42,2026-05-22,2,乒乓球厅-10号,14:00-15:00,1,1,已售/已满,教学时间,多云,18,15,4,0.0,84,28
2026-05-21 08:35:31,2026-05-22,2,乒乓球厅-10号,14:00-15:00,1,1,已售/已满,教学时间,多云,18,15,4,0.0,84,28
2026-05-21 08:40:38,2026-05-22,2,乒乓球厅-10号,14:00-15:00,1,1,已售/已满,教学时间,多云,18,15,4,0.0,82,28
2026-05-21 08:45:33,2026-05-22,2,乒乓球厅-10号,14:00-15:00,1,1,已售/已满,教学时间,多云,18,15,4,0.0,82,28
2026-05-21 08:50:36,2026-05-22,2,乒乓球厅-10号,14:00-15:00,1,1,已售/已满,教学时间,多云,18,15,4,0.0,82,28
2026-05-21 08:55:34,2026-05-22,2,乒乓球厅-10号,14:00-15:00,1,1,已售/已满,教学时间,多云,18,15,4,0.0,84,28
2026-05-21 09:00:51,2026-05-22,2,乒乓球厅-10号,14:00-15:00,1,1,已售/已满,教学时间,多云,18,15,4,0.0,84,28
2026-05-21 09:01:59,2026-05-22,2,乒乓球厅-10号,14:00-15:00,1,1,已售/已满,教学时间,多云,18,15,4,0.0,83,28
2026-05-21 09:05:33,2026-05-22,2,乒乓球厅-10号,14:00-15:00,1,1,已售/已满,教学时间,多云,18,15,4,0.0,83,28
2026-05-21 09:20:38,2026-05-22,2,乒乓球厅-10号,14:00-15:00,1,1,已售/已满,教学时间,多云,18,16,3,0.0,81,28
2026-05-21 09:30:46,2026-05-22,2,乒乓球厅-10号,14:00-15:00,1,1,已售/已满,教学时间,多云,18,16,3,0.0,81,32
2026-05-21 09:40:36,2026-05-22,2,乒乓球厅-10号,14:00-15:00,1,1,已售/已满,教学时间,多云,19,17,3,0.0,79,32
2026-05-21 09:50:42,2026-05-22,2,乒乓球厅-10号,14:00-15:00,1,1,已售/已满,教学时间,多云,19,17,4,0.0,81,32
2026-05-21 10:00:46,2026-05-22,2,乒乓球厅-10号,14:00-15:00,1,1,已售/已满,教学时间,多云,19,17,4,0.0,79,32
2026-05-21 10:10:40,2026-05-22,2,乒乓球厅-10号,14:00-15:00,1,1,已售/已满,教学时间,多云,19,17,4,0.0,79,32
2026-05-21 10:20:38,2026-05-22,2,乒乓球厅-10号,14:00-15:00,1,1,已售/已满,教学时间,多云,19,17,4,0.0,79,32
2026-05-21 10:30:41,2026-05-22,2,乒乓球厅-10号,14:00-15:00,1,1,已售/已满,教学时间,多云,19,18,3,0.0,78,31
2026-05-21 11:00:44,2026-05-22,2,乒乓球厅-10号,14:00-15:00,1,1,已售/已满,教学时间,多云,21,17,5,0.0,74,31
2026-05-21 11:30:38,2026-05-22,2,乒乓球厅-10号,14:00-15:00,1,1,已售/已满,教学时间,多云,21,19,3,0.0,72,33
2026-05-21 12:00:46,2026-05-22,2,乒乓球厅-10号,14:00-15:00,1,1,已售/已满,教学时间,多云,22,19,4,0.0,70,33
2026-05-21 12:30:42,2026-05-22,2,乒乓球厅-10号,14:00-15:00,1,1,已售/已满,教学时间,多云,22,21,3,0.0,68,35
2026-05-21 13:00:43,2026-05-22,2,乒乓球厅-10号,14:00-15:00,1,1,已售/已满,教学时间,多云,24,22,4,0.0,66,35
2026-05-21 13:30:43,2026-05-22,2,乒乓球厅-10号,14:00-15:00,1,1,已售/已满,教学时间,多云,24,22,4,0.0,66,36
2026-05-21 14:00:48,2026-05-22,2,乒乓球厅-10号,14:00-15:00,1,1,已售/已满,教学时间,多云,25,23,4,0.0,66,36
2026-05-21 14:30:45,2026-05-22,2,乒乓球厅-10号,14:00-15:00,1,1,已售/已满,教学时间,晴,25,25,3,0.0,65,39
2026-05-21 15:00:45,2026-05-22,2,乒乓球厅-10号,14:00-15:00,1,1,已售/已满,教学时间,晴,25,22,4,0.0,56,39
2026-05-21 15:30:43,2026-05-22,2,乒乓球厅-10号,14:00-15:00,1,1,已售/已满,教学时间,晴,25,23,4,0.0,57,40
2026-05-21 16:00:51,2026-05-22,2,乒乓球厅-10号,14:00-15:00,1,1,已售/已满,教学时间,晴,25,23,4,0.0,57,40
2026-05-21 16:30:48,2026-05-22,2,乒乓球厅-10号,14:00-15:00,1,1,已售/已满,教学时间,晴,25,24,3,0.0,60,39
2026-05-21 17:00:49,2026-05-22,2,乒乓球厅-10号,14:00-15:00,1,1,已售/已满,教学时间,晴,25,24,4,0.0,61,39
2026-05-21 17:30:47,2026-05-22,2,乒乓球厅-10号,14:00-15:00,1,1,已售/已满,教学时间,多云,24,23,3,0.0,64,39
2026-05-21 18:00:50,2026-05-22,2,乒乓球厅-10号,14:00-15:00,1,1,已售/已满,教学时间,多云,24,23,3,0.0,68,39
2026-05-21 18:30:50,2026-05-22,2,乒乓球厅-10号,14:00-15:00,1,1,已售/已满,教学时间,阴,24,25,2,0.0,68,40
2026-05-21 19:00:50,2026-05-22,2,乒乓球厅-10号,14:00-15:00,1,1,已售/已满,教学时间,阴,23,23,3,0.0,76,40
2026-05-21 19:30:46,2026-05-22,2,乒乓球厅-10号,14:00-15:00,1,1,已售/已满,教学时间,阴,23,24,2,0.0,77,39
2026-05-21 20:00:49,2026-05-22,2,乒乓球厅-10号,14:00-15:00,1,1,已售/已满,教学时间,雾,22,23,2,0.0,89,39
2026-05-21 20:30:44,2026-05-22,2,乒乓球厅-10号,14:00-15:00,1,1,已售/已满,教学时间,雾,22,24,2,0.0,93,43
2026-05-21 21:00:56,2026-05-22,2,乒乓球厅-10号,14:00-15:00,1,1,已售/已满,教学时间,雾,20,21,2,0.0,98,43
2026-05-21 21:30:46,2026-05-22,2,乒乓球厅-10号,14:00-15:00,1,1,已售/已满,教学时间,雾,20,22,1,0.0,99,41
2026-05-21 22:01:02,2026-05-22,2,乒乓球厅-10号,14:00-15:00,1,1,已售/已满,教学时间,雾,19,20,2,0.0,93,41
2026-05-21 22:30:47,2026-05-22,2,乒乓球厅-10号,14:00-15:00,1,1,已售/已满,教学时间,雾,19,19,3,0.0,88,46
2026-05-21 23:00:56,2026-05-22,2,乒乓球厅-10号,14:00-15:00,1,1,已售/已满,教学时间,多云,18,17,3,0.0,85,46
2026-05-21 23:30:55,2026-05-22,2,乒乓球厅-10号,14:00-15:00,1,1,已售/已满,教学时间,多云,18,17,3,0.0,85,48
2026-05-21 08:00:45,2026-05-22,2,乒乓球厅-10号,15:00-16:00,1,1,已售/已满,教学时间,晴,17,12,5,0.0,86,29
2026-05-21 08:02:30,2026-05-22,2,乒乓球厅-10号,15:00-16:00,1,1,已售/已满,教学时间,多云,17,12,5,0.0,87,29
2026-05-21 08:05:36,2026-05-22,2,乒乓球厅-10号,15:00-16:00,1,1,已售/已满,教学时间,多云,17,12,5,0.0,86,29
2026-05-21 08:08:31,2026-05-22,2,乒乓球厅-10号,15:00-16:00,1,1,已售/已满,教学时间,多云,17,12,5,0.0,86,29
2026-05-21 08:11:30,2026-05-22,2,乒乓球厅-10号,15:00-16:00,1,1,已售/已满,教学时间,多云,17,12,5,0.0,86,29
2026-05-21 08:14:31,2026-05-22,2,乒乓球厅-10号,15:00-16:00,1,1,已售/已满,教学时间,多云,17,12,5,0.0,86,29
2026-05-21 08:17:30,2026-05-22,2,乒乓球厅-10号,15:00-16:00,1,1,已售/已满,教学时间,多云,17,12,5,0.0,86,29
2026-05-21 08:20:35,2026-05-22,2,乒乓球厅-10号,15:00-16:00,1,1,已售/已满,教学时间,多云,17,14,4,0.0,85,29
2026-05-21 08:25:32,2026-05-22,2,乒乓球厅-10号,15:00-16:00,1,1,已售/已满,教学时间,多云,17,14,4,0.0,85,28
2026-05-21 08:30:42,2026-05-22,2,乒乓球厅-10号,15:00-16:00,1,1,已售/已满,教学时间,多云,18,15,4,0.0,84,28
2026-05-21 08:35:31,2026-05-22,2,乒乓球厅-10号,15:00-16:00,1,1,已售/已满,教学时间,多云,18,15,4,0.0,84,28
2026-05-21 08:40:38,2026-05-22,2,乒乓球厅-10号,15:00-16:00,1,1,已售/已满,教学时间,多云,18,15,4,0.0,82,28
2026-05-21 08:45:33,2026-05-22,2,乒乓球厅-10号,15:00-16:00,1,1,已售/已满,教学时间,多云,18,15,4,0.0,82,28
2026-05-21 08:50:36,2026-05-22,2,乒乓球厅-10号,15:00-16:00,1,1,已售/已满,教学时间,多云,18,15,4,0.0,82,28
2026-05-21 08:55:34,2026-05-22,2,乒乓球厅-10号,15:00-16:00,1,1,已售/已满,教学时间,多云,18,15,4,0.0,84,28
2026-05-21 09:00:51,2026-05-22,2,乒乓球厅-10号,15:00-16:00,1,1,已售/已满,教学时间,多云,18,15,4,0.0,84,28
2026-05-21 09:01:59,2026-05-22,2,乒乓球厅-10号,15:00-16:00,1,1,已售/已满,教学时间,多云,18,15,4,0.0,83,28
2026-05-21 09:05:33,2026-05-22,2,乒乓球厅-10号,15:00-16:00,1,1,已售/已满,教学时间,多云,18,15,4,0.0,83,28
2026-05-21 09:20:38,2026-05-22,2,乒乓球厅-10号,15:00-16:00,1,1,已售/已满,教学时间,多云,18,16,3,0.0,81,28
2026-05-21 09:30:46,2026-05-22,2,乒乓球厅-10号,15:00-16:00,1,1,已售/已满,教学时间,多云,18,16,3,0.0,81,32
2026-05-21 09:40:36,2026-05-22,2,乒乓球厅-10号,15:00-16:00,1,1,已售/已满,教学时间,多云,19,17,3,0.0,79,32
2026-05-21 09:50:42,2026-05-22,2,乒乓球厅-10号,15:00-16:00,1,1,已售/已满,教学时间,多云,19,17,4,0.0,81,32
2026-05-21 10:00:46,2026-05-22,2,乒乓球厅-10号,15:00-16:00,1,1,已售/已满,教学时间,多云,19,17,4,0.0,79,32
2026-05-21 10:10:40,2026-05-22,2,乒乓球厅-10号,15:00-16:00,1,1,已售/已满,教学时间,多云,19,17,4,0.0,79,32
2026-05-21 10:20:38,2026-05-22,2,乒乓球厅-10号,15:00-16:00,1,1,已售/已满,教学时间,多云,19,17,4,0.0,79,32
2026-05-21 10:30:41,2026-05-22,2,乒乓球厅-10号,15:00-16:00,1,1,已售/已满,教学时间,多云,19,18,3,0.0,78,31
2026-05-21 11:00:44,2026-05-22,2,乒乓球厅-10号,15:00-16:00,1,1,已售/已满,教学时间,多云,21,17,5,0.0,74,31
2026-05-21 11:30:38,2026-05-22,2,乒乓球厅-10号,15:00-16:00,1,1,已售/已满,教学时间,多云,21,19,3,0.0,72,33
2026-05-21 12:00:46,2026-05-22,2,乒乓球厅-10号,15:00-16:00,1,1,已售/已满,教学时间,多云,22,19,4,0.0,70,33
2026-05-21 12:30:42,2026-05-22,2,乒乓球厅-10号,15:00-16:00,1,1,已售/已满,教学时间,多云,22,21,3,0.0,68,35
2026-05-21 13:00:43,2026-05-22,2,乒乓球厅-10号,15:00-16:00,1,1,已售/已满,教学时间,多云,24,22,4,0.0,66,35
2026-05-21 13:30:43,2026-05-22,2,乒乓球厅-10号,15:00-16:00,1,1,已售/已满,教学时间,多云,24,22,4,0.0,66,36
2026-05-21 14:00:48,2026-05-22,2,乒乓球厅-10号,15:00-16:00,1,1,已售/已满,教学时间,多云,25,23,4,0.0,66,36
2026-05-21 14:30:45,2026-05-22,2,乒乓球厅-10号,15:00-16:00,1,1,已售/已满,教学时间,晴,25,25,3,0.0,65,39
2026-05-21 15:00:45,2026-05-22,2,乒乓球厅-10号,15:00-16:00,1,1,已售/已满,教学时间,晴,25,22,4,0.0,56,39
2026-05-21 15:30:43,2026-05-22,2,乒乓球厅-10号,15:00-16:00,1,1,已售/已满,教学时间,晴,25,23,4,0.0,57,40
2026-05-21 16:00:51,2026-05-22,2,乒乓球厅-10号,15:00-16:00,1,1,已售/已满,教学时间,晴,25,23,4,0.0,57,40
2026-05-21 16:30:48,2026-05-22,2,乒乓球厅-10号,15:00-16:00,1,1,已售/已满,教学时间,晴,25,24,3,0.0,60,39
2026-05-21 17:00:49,2026-05-22,2,乒乓球厅-10号,15:00-16:00,1,1,已售/已满,教学时间,晴,25,24,4,0.0,61,39
2026-05-21 17:30:47,2026-05-22,2,乒乓球厅-10号,15:00-16:00,1,1,已售/已满,教学时间,多云,24,23,3,0.0,64,39
2026-05-21 18:00:50,2026-05-22,2,乒乓球厅-10号,15:00-16:00,1,1,已售/已满,教学时间,多云,24,23,3,0.0,68,39
2026-05-21 18:30:50,2026-05-22,2,乒乓球厅-10号,15:00-16:00,1,1,已售/已满,教学时间,阴,24,25,2,0.0,68,40
2026-05-21 19:00:50,2026-05-22,2,乒乓球厅-10号,15:00-16:00,1,1,已售/已满,教学时间,阴,23,23,3,0.0,76,40
2026-05-21 19:30:46,2026-05-22,2,乒乓球厅-10号,15:00-16:00,1,1,已售/已满,教学时间,阴,23,24,2,0.0,77,39
2026-05-21 20:00:49,2026-05-22,2,乒乓球厅-10号,15:00-16:00,1,1,已售/已满,教学时间,雾,22,23,2,0.0,89,39
2026-05-21 20:30:44,2026-05-22,2,乒乓球厅-10号,15:00-16:00,1,1,已售/已满,教学时间,雾,22,24,2,0.0,93,43
2026-05-21 21:00:56,2026-05-22,2,乒乓球厅-10号,15:00-16:00,1,1,已售/已满,教学时间,雾,20,21,2,0.0,98,43
2026-05-21 21:30:46,2026-05-22,2,乒乓球厅-10号,15:00-16:00,1,1,已售/已满,教学时间,雾,20,22,1,0.0,99,41
2026-05-21 22:01:02,2026-05-22,2,乒乓球厅-10号,15:00-16:00,1,1,已售/已满,教学时间,雾,19,20,2,0.0,93,41
2026-05-21 22:30:47,2026-05-22,2,乒乓球厅-10号,15:00-16:00,1,1,已售/已满,教学时间,雾,19,19,3,0.0,88,46
2026-05-21 23:00:56,2026-05-22,2,乒乓球厅-10号,15:00-16:00,1,1,已售/已满,教学时间,多云,18,17,3,0.0,85,46
2026-05-21 23:30:55,2026-05-22,2,乒乓球厅-10号,15:00-16:00,1,1,已售/已满,教学时间,多云,18,17,3,0.0,85,48
2026-05-21 08:00:45,2026-05-22,2,乒乓球厅-10号,16:00-17:00,0,1,可预约,￥5.0,晴,17,12,5,0.0,86,29
2026-05-21 08:02:30,2026-05-22,2,乒乓球厅-10号,16:00-17:00,0,1,可预约,￥5.0,多云,17,12,5,0.0,87,29
2026-05-21 08:05:36,2026-05-22,2,乒乓球厅-10号,16:00-17:00,0,1,可预约,￥5.0,多云,17,12,5,0.0,86,29
2026-05-21 08:08:31,2026-05-22,2,乒乓球厅-10号,16:00-17:00,0,1,可预约,￥5.0,多云,17,12,5,0.0,86,29
2026-05-21 08:11:30,2026-05-22,2,乒乓球厅-10号,16:00-17:00,0,1,可预约,￥5.0,多云,17,12,5,0.0,86,29
2026-05-21 08:14:31,2026-05-22,2,乒乓球厅-10号,16:00-17:00,0,1,可预约,￥5.0,多云,17,12,5,0.0,86,29
2026-05-21 08:17:30,2026-05-22,2,乒乓球厅-10号,16:00-17:00,0,1,可预约,￥5.0,多云,17,12,5,0.0,86,29
2026-05-21 08:20:35,2026-05-22,2,乒乓球厅-10号,16:00-17:00,0,1,可预约,￥5.0,多云,17,14,4,0.0,85,29
2026-05-21 08:25:32,2026-05-22,2,乒乓球厅-10号,16:00-17:00,0,1,可预约,￥5.0,多云,17,14,4,0.0,85,28
2026-05-21 08:30:42,2026-05-22,2,乒乓球厅-10号,16:00-17:00,0,1,可预约,￥5.0,多云,18,15,4,0.0,84,28
2026-05-21 08:35:31,2026-05-22,2,乒乓球厅-10号,16:00-17:00,0,1,可预约,￥5.0,多云,18,15,4,0.0,84,28
2026-05-21 08:40:38,2026-05-22,2,乒乓球厅-10号,16:00-17:00,0,1,可预约,￥5.0,多云,18,15,4,0.0,82,28
2026-05-21 08:45:33,2026-05-22,2,乒乓球厅-10号,16:00-17:00,0,1,可预约,￥5.0,多云,18,15,4,0.0,82,28
2026-05-21 08:50:36,2026-05-22,2,乒乓球厅-10号,16:00-17:00,0,1,可预约,￥5.0,多云,18,15,4,0.0,82,28
2026-05-21 08:55:34,2026-05-22,2,乒乓球厅-10号,16:00-17:00,0,1,可预约,￥5.0,多云,18,15,4,0.0,84,28
2026-05-21 09:00:51,2026-05-22,2,乒乓球厅-10号,16:00-17:00,0,1,可预约,￥5.0,多云,18,15,4,0.0,84,28
2026-05-21 09:01:59,2026-05-22,2,乒乓球厅-10号,16:00-17:00,0,1,可预约,￥5.0,多云,18,15,4,0.0,83,28
2026-05-21 09:05:33,2026-05-22,2,乒乓球厅-10号,16:00-17:00,0,1,可预约,￥5.0,多云,18,15,4,0.0,83,28
2026-05-21 09:20:38,2026-05-22,2,乒乓球厅-10号,16:00-17:00,0,1,可预约,￥5.0,多云,18,16,3,0.0,81,28
2026-05-21 09:30:46,2026-05-22,2,乒乓球厅-10号,16:00-17:00,0,1,可预约,￥5.0,多云,18,16,3,0.0,81,32
2026-05-21 09:40:36,2026-05-22,2,乒乓球厅-10号,16:00-17:00,0,1,可预约,￥5.0,多云,19,17,3,0.0,79,32
2026-05-21 09:50:42,2026-05-22,2,乒乓球厅-10号,16:00-17:00,0,1,可预约,￥5.0,多云,19,17,4,0.0,81,32
2026-05-21 10:00:46,2026-05-22,2,乒乓球厅-10号,16:00-17:00,0,1,可预约,￥5.0,多云,19,17,4,0.0,79,32
2026-05-21 10:10:40,2026-05-22,2,乒乓球厅-10号,16:00-17:00,0,1,可预约,￥5.0,多云,19,17,4,0.0,79,32
2026-05-21 10:20:38,2026-05-22,2,乒乓球厅-10号,16:00-17:00,0,1,可预约,￥5.0,多云,19,17,4,0.0,79,32
2026-05-21 10:30:41,2026-05-22,2,乒乓球厅-10号,16:00-17:00,0,1,可预约,￥5.0,多云,19,18,3,0.0,78,31
2026-05-21 11:00:44,2026-05-22,2,乒乓球厅-10号,16:00-17:00,0,1,可预约,￥5.0,多云,21,17,5,0.0,74,31
2026-05-21 11:30:38,2026-05-22,2,乒乓球厅-10号,16:00-17:00,0,1,可预约,￥5.0,多云,21,19,3,0.0,72,33
2026-05-21 12:00:46,2026-05-22,2,乒乓球厅-10号,16:00-17:00,0,1,可预约,￥5.0,多云,22,19,4,0.0,70,33
2026-05-21 12:30:42,2026-05-22,2,乒乓球厅-10号,16:00-17:00,0,1,可预约,￥5.0,多云,22,21,3,0.0,68,35
2026-05-21 13:00:43,2026-05-22,2,乒乓球厅-10号,16:00-17:00,0,1,可预约,￥5.0,多云,24,22,4,0.0,66,35
2026-05-21 13:30:43,2026-05-22,2,乒乓球厅-10号,16:00-17:00,0,1,可预约,￥5.0,多云,24,22,4,0.0,66,36
2026-05-21 14:00:48,2026-05-22,2,乒乓球厅-10号,16:00-17:00,0,1,可预约,￥5.0,多云,25,23,4,0.0,66,36
2026-05-21 14:30:45,2026-05-22,2,乒乓球厅-10号,16:00-17:00,0,1,可预约,￥5.0,晴,25,25,3,0.0,65,39
2026-05-21 15:00:45,2026-05-22,2,乒乓球厅-10号,16:00-17:00,0,1,可预约,￥5.0,晴,25,22,4,0.0,56,39
2026-05-21 15:30:43,2026-05-22,2,乒乓球厅-10号,16:00-17:00,0,1,可预约,￥5.0,晴,25,23,4,0.0,57,40
2026-05-21 16:00:51,2026-05-22,2,乒乓球厅-10号,16:00-17:00,0,1,可预约,￥5.0,晴,25,23,4,0.0,57,40
2026-05-21 16:30:48,2026-05-22,2,乒乓球厅-10号,16:00-17:00,0,1,可预约,￥5.0,晴,25,24,3,0.0,60,39
2026-05-21 17:00:49,2026-05-22,2,乒乓球厅-10号,16:00-17:00,0,1,可预约,￥5.0,晴,25,24,4,0.0,61,39
2026-05-21 17:30:47,2026-05-22,2,乒乓球厅-10号,16:00-17:00,0,1,可预约,￥5.0,多云,24,23,3,0.0,64,39
2026-05-21 18:00:50,2026-05-22,2,乒乓球厅-10号,16:00-17:00,0,1,可预约,￥5.0,多云,24,23,3,0.0,68,39
2026-05-21 18:30:50,2026-05-22,2,乒乓球厅-10号,16:00-17:00,0,1,可预约,￥5.0,阴,24,25,2,0.0,68,40
2026-05-21 19:00:50,2026-05-22,2,乒乓球厅-10号,16:00-17:00,0,1,可预约,￥5.0,阴,23,23,3,0.0,76,40
2026-05-21 19:30:46,2026-05-22,2,乒乓球厅-10号,16:00-17:00,0,1,可预约,￥5.0,阴,23,24,2,0.0,77,39
2026-05-21 20:00:49,2026-05-22,2,乒乓球厅-10号,16:00-17:00,0,1,可预约,￥5.0,雾,22,23,2,0.0,89,39
2026-05-21 20:30:44,2026-05-22,2,乒乓球厅-10号,16:00-17:00,0,1,可预约,￥5.0,雾,22,24,2,0.0,93,43
2026-05-21 21:00:56,2026-05-22,2,乒乓球厅-10号,16:00-17:00,0,1,可预约,￥5.0,雾,20,21,2,0.0,98,43
2026-05-21 21:30:46,2026-05-22,2,乒乓球厅-10号,16:00-17:00,0,1,可预约,￥5.0,雾,20,22,1,0.0,99,41
2026-05-21 22:01:02,2026-05-22,2,乒乓球厅-10号,16:00-17:00,0,1,可预约,￥5.0,雾,19,20,2,0.0,93,41
2026-05-21 22:30:47,2026-05-22,2,乒乓球厅-10号,16:00-17:00,0,1,可预约,￥5.0,雾,19,19,3,0.0,88,46
2026-05-21 23:00:56,2026-05-22,2,乒乓球厅-10号,16:00-17:00,0,1,可预约,￥5.0,多云,18,17,3,0.0,85,46
2026-05-21 23:30:55,2026-05-22,2,乒乓球厅-10号,16:00-17:00,0,1,可预约,￥5.0,多云,18,17,3,0.0,85,48
2026-05-21 08:00:45,2026-05-22,2,乒乓球厅-10号,17:00-18:00,0,1,可预约,￥5.0,晴,17,12,5,0.0,86,29
2026-05-21 08:02:30,2026-05-22,2,乒乓球厅-10号,17:00-18:00,0,1,可预约,￥5.0,多云,17,12,5,0.0,87,29
2026-05-21 08:05:36,2026-05-22,2,乒乓球厅-10号,17:00-18:00,0,1,可预约,￥5.0,多云,17,12,5,0.0,86,29
2026-05-21 08:08:31,2026-05-22,2,乒乓球厅-10号,17:00-18:00,0,1,可预约,￥5.0,多云,17,12,5,0.0,86,29
2026-05-21 08:11:30,2026-05-22,2,乒乓球厅-10号,17:00-18:00,0,1,可预约,￥5.0,多云,17,12,5,0.0,86,29
2026-05-21 08:14:31,2026-05-22,2,乒乓球厅-10号,17:00-18:00,0,1,可预约,￥5.0,多云,17,12,5,0.0,86,29
2026-05-21 08:17:30,2026-05-22,2,乒乓球厅-10号,17:00-18:00,0,1,可预约,￥5.0,多云,17,12,5,0.0,86,29
2026-05-21 08:20:35,2026-05-22,2,乒乓球厅-10号,17:00-18:00,0,1,可预约,￥5.0,多云,17,14,4,0.0,85,29
2026-05-21 08:25:32,2026-05-22,2,乒乓球厅-10号,17:00-18:00,0,1,可预约,￥5.0,多云,17,14,4,0.0,85,28
2026-05-21 08:30:42,2026-05-22,2,乒乓球厅-10号,17:00-18:00,0,1,可预约,￥5.0,多云,18,15,4,0.0,84,28
2026-05-21 08:35:31,2026-05-22,2,乒乓球厅-10号,17:00-18:00,0,1,可预约,￥5.0,多云,18,15,4,0.0,84,28
2026-05-21 08:40:38,2026-05-22,2,乒乓球厅-10号,17:00-18:00,0,1,可预约,￥5.0,多云,18,15,4,0.0,82,28
2026-05-21 08:45:33,2026-05-22,2,乒乓球厅-10号,17:00-18:00,0,1,可预约,￥5.0,多云,18,15,4,0.0,82,28
2026-05-21 08:50:36,2026-05-22,2,乒乓球厅-10号,17:00-18:00,0,1,可预约,￥5.0,多云,18,15,4,0.0,82,28
2026-05-21 08:55:34,2026-05-22,2,乒乓球厅-10号,17:00-18:00,0,1,可预约,￥5.0,多云,18,15,4,0.0,84,28
2026-05-21 09:00:51,2026-05-22,2,乒乓球厅-10号,17:00-18:00,0,1,可预约,￥5.0,多云,18,15,4,0.0,84,28
2026-05-21 09:01:59,2026-05-22,2,乒乓球厅-10号,17:00-18:00,0,1,可预约,￥5.0,多云,18,15,4,0.0,83,28
2026-05-21 09:05:33,2026-05-22,2,乒乓球厅-10号,17:00-18:00,0,1,可预约,￥5.0,多云,18,15,4,0.0,83,28
2026-05-21 09:20:38,2026-05-22,2,乒乓球厅-10号,17:00-18:00,0,1,可预约,￥5.0,多云,18,16,3,0.0,81,28
2026-05-21 09:30:46,2026-05-22,2,乒乓球厅-10号,17:00-18:00,0,1,可预约,￥5.0,多云,18,16,3,0.0,81,32
2026-05-21 09:40:36,2026-05-22,2,乒乓球厅-10号,17:00-18:00,0,1,可预约,￥5.0,多云,19,17,3,0.0,79,32
2026-05-21 09:50:42,2026-05-22,2,乒乓球厅-10号,17:00-18:00,0,1,可预约,￥5.0,多云,19,17,4,0.0,81,32
2026-05-21 10:00:46,2026-05-22,2,乒乓球厅-10号,17:00-18:00,0,1,可预约,￥5.0,多云,19,17,4,0.0,79,32
2026-05-21 10:10:40,2026-05-22,2,乒乓球厅-10号,17:00-18:00,0,1,可预约,￥5.0,多云,19,17,4,0.0,79,32
2026-05-21 10:20:38,2026-05-22,2,乒乓球厅-10号,17:00-18:00,0,1,可预约,￥5.0,多云,19,17,4,0.0,79,32
2026-05-21 10:30:41,2026-05-22,2,乒乓球厅-10号,17:00-18:00,0,1,可预约,￥5.0,多云,19,18,3,0.0,78,31
2026-05-21 11:00:44,2026-05-22,2,乒乓球厅-10号,17:00-18:00,0,1,可预约,￥5.0,多云,21,17,5,0.0,74,31
2026-05-21 11:30:38,2026-05-22,2,乒乓球厅-10号,17:00-18:00,0,1,可预约,￥5.0,多云,21,19,3,0.0,72,33
2026-05-21 12:00:46,2026-05-22,2,乒乓球厅-10号,17:00-18:00,0,1,可预约,￥5.0,多云,22,19,4,0.0,70,33
2026-05-21 12:30:42,2026-05-22,2,乒乓球厅-10号,17:00-18:00,0,1,可预约,￥5.0,多云,22,21,3,0.0,68,35
2026-05-21 13:00:43,2026-05-22,2,乒乓球厅-10号,17:00-18:00,0,1,可预约,￥5.0,多云,24,22,4,0.0,66,35
2026-05-21 13:30:43,2026-05-22,2,乒乓球厅-10号,17:00-18:00,0,1,可预约,￥5.0,多云,24,22,4,0.0,66,36
2026-05-21 14:00:48,2026-05-22,2,乒乓球厅-10号,17:00-18:00,0,1,可预约,￥5.0,多云,25,23,4,0.0,66,36
2026-05-21 14:30:45,2026-05-22,2,乒乓球厅-10号,17:00-18:00,0,1,可预约,￥5.0,晴,25,25,3,0.0,65,39
2026-05-21 15:00:45,2026-05-22,2,乒乓球厅-10号,17:00-18:00,0,1,可预约,￥5.0,晴,25,22,4,0.0,56,39
2026-05-21 15:30:43,2026-05-22,2,乒乓球厅-10号,17:00-18:00,0,1,可预约,￥5.0,晴,25,23,4,0.0,57,40
2026-05-21 16:00:51,2026-05-22,2,乒乓球厅-10号,17:00-18:00,0,1,可预约,￥5.0,晴,25,23,4,0.0,57,40
2026-05-21 16:30:48,2026-05-22,2,乒乓球厅-10号,17:00-18:00,0,1,可预约,￥5.0,晴,25,24,3,0.0,60,39
2026-05-21 17:00:49,2026-05-22,2,乒乓球厅-10号,17:00-18:00,0,1,可预约,￥5.0,晴,25,24,4,0.0,61,39
2026-05-21 17:30:47,2026-05-22,2,乒乓球厅-10号,17:00-18:00,0,1,可预约,￥5.0,多云,24,23,3,0.0,64,39
2026-05-21 18:00:50,2026-05-22,2,乒乓球厅-10号,17:00-18:00,0,1,可预约,￥5.0,多云,24,23,3,0.0,68,39
2026-05-21 18:30:50,2026-05-22,2,乒乓球厅-10号,17:00-18:00,0,1,可预约,￥5.0,阴,24,25,2,0.0,68,40
2026-05-21 19:00:50,2026-05-22,2,乒乓球厅-10号,17:00-18:00,0,1,可预约,￥5.0,阴,23,23,3,0.0,76,40
2026-05-21 19:30:46,2026-05-22,2,乒乓球厅-10号,17:00-18:00,0,1,可预约,￥5.0,阴,23,24,2,0.0,77,39
2026-05-21 20:00:49,2026-05-22,2,乒乓球厅-10号,17:00-18:00,0,1,可预约,￥5.0,雾,22,23,2,0.0,89,39
2026-05-21 20:30:44,2026-05-22,2,乒乓球厅-10号,17:00-18:00,0,1,可预约,￥5.0,雾,22,24,2,0.0,93,43
2026-05-21 21:00:56,2026-05-22,2,乒乓球厅-10号,17:00-18:00,0,1,可预约,￥5.0,雾,20,21,2,0.0,98,43
2026-05-21 21:30:46,2026-05-22,2,乒乓球厅-10号,17:00-18:00,0,1,可预约,￥5.0,雾,20,22,1,0.0,99,41
2026-05-21 22:01:02,2026-05-22,2,乒乓球厅-10号,17:00-18:00,0,1,可预约,￥5.0,雾,19,20,2,0.0,93,41
2026-05-21 22:30:47,2026-05-22,2,乒乓球厅-10号,17:00-18:00,0,1,可预约,￥5.0,雾,19,19,3,0.0,88,46
2026-05-21 23:00:56,2026-05-22,2,乒乓球厅-10号,17:00-18:00,0,1,可预约,￥5.0,多云,18,17,3,0.0,85,46
2026-05-21 23:30:55,2026-05-22,2,乒乓球厅-10号,17:00-18:00,0,1,可预约,￥5.0,多云,18,17,3,0.0,85,48
2026-05-21 08:00:45,2026-05-22,2,乒乓球厅-10号,18:30-19:30,0,1,可预约,￥5.0,晴,17,12,5,0.0,86,29
2026-05-21 08:02:30,2026-05-22,2,乒乓球厅-10号,18:30-19:30,0,1,可预约,￥5.0,多云,17,12,5,0.0,87,29
2026-05-21 08:05:36,2026-05-22,2,乒乓球厅-10号,18:30-19:30,0,1,可预约,￥5.0,多云,17,12,5,0.0,86,29
2026-05-21 08:08:31,2026-05-22,2,乒乓球厅-10号,18:30-19:30,0,1,可预约,￥5.0,多云,17,12,5,0.0,86,29
2026-05-21 08:11:30,2026-05-22,2,乒乓球厅-10号,18:30-19:30,0,1,可预约,￥5.0,多云,17,12,5,0.0,86,29
2026-05-21 08:14:31,2026-05-22,2,乒乓球厅-10号,18:30-19:30,0,1,可预约,￥5.0,多云,17,12,5,0.0,86,29
2026-05-21 08:17:30,2026-05-22,2,乒乓球厅-10号,18:30-19:30,0,1,可预约,￥5.0,多云,17,12,5,0.0,86,29
2026-05-21 08:20:35,2026-05-22,2,乒乓球厅-10号,18:30-19:30,0,1,可预约,￥5.0,多云,17,14,4,0.0,85,29
2026-05-21 08:25:32,2026-05-22,2,乒乓球厅-10号,18:30-19:30,0,1,可预约,￥5.0,多云,17,14,4,0.0,85,28
2026-05-21 08:30:42,2026-05-22,2,乒乓球厅-10号,18:30-19:30,0,1,可预约,￥5.0,多云,18,15,4,0.0,84,28
2026-05-21 08:35:31,2026-05-22,2,乒乓球厅-10号,18:30-19:30,0,1,可预约,￥5.0,多云,18,15,4,0.0,84,28
2026-05-21 08:40:38,2026-05-22,2,乒乓球厅-10号,18:30-19:30,0,1,可预约,￥5.0,多云,18,15,4,0.0,82,28
2026-05-21 08:45:33,2026-05-22,2,乒乓球厅-10号,18:30-19:30,0,1,可预约,￥5.0,多云,18,15,4,0.0,82,28
2026-05-21 08:50:36,2026-05-22,2,乒乓球厅-10号,18:30-19:30,0,1,可预约,￥5.0,多云,18,15,4,0.0,82,28
2026-05-21 08:55:34,2026-05-22,2,乒乓球厅-10号,18:30-19:30,0,1,可预约,￥5.0,多云,18,15,4,0.0,84,28
2026-05-21 09:00:51,2026-05-22,2,乒乓球厅-10号,18:30-19:30,0,1,可预约,￥5.0,多云,18,15,4,0.0,84,28
2026-05-21 09:01:59,2026-05-22,2,乒乓球厅-10号,18:30-19:30,0,1,可预约,￥5.0,多云,18,15,4,0.0,83,28
2026-05-21 09:05:33,2026-05-22,2,乒乓球厅-10号,18:30-19:30,0,1,可预约,￥5.0,多云,18,15,4,0.0,83,28
2026-05-21 09:20:38,2026-05-22,2,乒乓球厅-10号,18:30-19:30,0,1,可预约,￥5.0,多云,18,16,3,0.0,81,28
2026-05-21 09:30:46,2026-05-22,2,乒乓球厅-10号,18:30-19:30,0,1,可预约,￥5.0,多云,18,16,3,0.0,81,32
2026-05-21 09:40:36,2026-05-22,2,乒乓球厅-10号,18:30-19:30,0,1,可预约,￥5.0,多云,19,17,3,0.0,79,32
2026-05-21 09:50:42,2026-05-22,2,乒乓球厅-10号,18:30-19:30,0,1,可预约,￥5.0,多云,19,17,4,0.0,81,32
2026-05-21 10:00:46,2026-05-22,2,乒乓球厅-10号,18:30-19:30,0,1,可预约,￥5.0,多云,19,17,4,0.0,79,32
2026-05-21 10:10:40,2026-05-22,2,乒乓球厅-10号,18:30-19:30,0,1,可预约,￥5.0,多云,19,17,4,0.0,79,32
2026-05-21 10:20:38,2026-05-22,2,乒乓球厅-10号,18:30-19:30,0,1,可预约,￥5.0,多云,19,17,4,0.0,79,32
2026-05-21 10:30:41,2026-05-22,2,乒乓球厅-10号,18:30-19:30,0,1,可预约,￥5.0,多云,19,18,3,0.0,78,31
2026-05-21 11:00:44,2026-05-22,2,乒乓球厅-10号,18:30-19:30,0,1,可预约,￥5.0,多云,21,17,5,0.0,74,31
2026-05-21 11:30:38,2026-05-22,2,乒乓球厅-10号,18:30-19:30,0,1,可预约,￥5.0,多云,21,19,3,0.0,72,33
2026-05-21 12:00:46,2026-05-22,2,乒乓球厅-10号,18:30-19:30,0,1,可预约,￥5.0,多云,22,19,4,0.0,70,33
2026-05-21 12:30:42,2026-05-22,2,乒乓球厅-10号,18:30-19:30,0,1,可预约,￥5.0,多云,22,21,3,0.0,68,35
2026-05-21 13:00:43,2026-05-22,2,乒乓球厅-10号,18:30-19:30,0,1,可预约,￥5.0,多云,24,22,4,0.0,66,35
2026-05-21 13:30:43,2026-05-22,2,乒乓球厅-10号,18:30-19:30,0,1,可预约,￥5.0,多云,24,22,4,0.0,66,36
2026-05-21 14:00:48,2026-05-22,2,乒乓球厅-10号,18:30-19:30,0,1,可预约,￥5.0,多云,25,23,4,0.0,66,36
2026-05-21 14:30:45,2026-05-22,2,乒乓球厅-10号,18:30-19:30,0,1,可预约,￥5.0,晴,25,25,3,0.0,65,39
2026-05-21 15:00:45,2026-05-22,2,乒乓球厅-10号,18:30-19:30,0,1,可预约,￥5.0,晴,25,22,4,0.0,56,39
2026-05-21 15:30:43,2026-05-22,2,乒乓球厅-10号,18:30-19:30,0,1,可预约,￥5.0,晴,25,23,4,0.0,57,40
2026-05-21 16:00:51,2026-05-22,2,乒乓球厅-10号,18:30-19:30,0,1,可预约,￥5.0,晴,25,23,4,0.0,57,40
2026-05-21 16:30:48,2026-05-22,2,乒乓球厅-10号,18:30-19:30,0,1,可预约,￥5.0,晴,25,24,3,0.0,60,39
2026-05-21 17:00:49,2026-05-22,2,乒乓球厅-10号,18:30-19:30,0,1,可预约,￥5.0,晴,25,24,4,0.0,61,39
2026-05-21 17:30:47,2026-05-22,2,乒乓球厅-10号,18:30-19:30,0,1,可预约,￥5.0,多云,24,23,3,0.0,64,39
2026-05-21 18:00:50,2026-05-22,2,乒乓球厅-10号,18:30-19:30,0,1,可预约,￥5.0,多云,24,23,3,0.0,68,39
2026-05-21 18:30:50,2026-05-22,2,乒乓球厅-10号,18:30-19:30,0,1,可预约,￥5.0,阴,24,25,2,0.0,68,40
2026-05-21 19:00:50,2026-05-22,2,乒乓球厅-10号,18:30-19:30,0,1,可预约,￥5.0,阴,23,23,3,0.0,76,40
2026-05-21 19:30:46,2026-05-22,2,乒乓球厅-10号,18:30-19:30,0,1,可预约,￥5.0,阴,23,24,2,0.0,77,39
2026-05-21 20:00:49,2026-05-22,2,乒乓球厅-10号,18:30-19:30,0,1,可预约,￥5.0,雾,22,23,2,0.0,89,39
2026-05-21 20:30:44,2026-05-22,2,乒乓球厅-10号,18:30-19:30,0,1,可预约,￥5.0,雾,22,24,2,0.0,93,43
2026-05-21 21:00:56,2026-05-22,2,乒乓球厅-10号,18:30-19:30,0,1,可预约,￥5.0,雾,20,21,2,0.0,98,43
2026-05-21 21:30:46,2026-05-22,2,乒乓球厅-10号,18:30-19:30,0,1,可预约,￥5.0,雾,20,22,1,0.0,99,41
2026-05-21 22:01:02,2026-05-22,2,乒乓球厅-10号,18:30-19:30,0,1,可预约,￥5.0,雾,19,20,2,0.0,93,41
2026-05-21 22:30:47,2026-05-22,2,乒乓球厅-10号,18:30-19:30,0,1,可预约,￥5.0,雾,19,19,3,0.0,88,46
2026-05-21 23:00:56,2026-05-22,2,乒乓球厅-10号,18:30-19:30,0,1,可预约,￥5.0,多云,18,17,3,0.0,85,46
2026-05-21 23:30:55,2026-05-22,2,乒乓球厅-10号,18:30-19:30,0,1,可预约,￥5.0,多云,18,17,3,0.0,85,48
2026-05-21 08:00:45,2026-05-22,2,乒乓球厅-10号,19:30-20:30,0,1,可预约,￥5.0,晴,17,12,5,0.0,86,29
2026-05-21 08:02:30,2026-05-22,2,乒乓球厅-10号,19:30-20:30,0,1,可预约,￥5.0,多云,17,12,5,0.0,87,29
2026-05-21 08:05:36,2026-05-22,2,乒乓球厅-10号,19:30-20:30,0,1,可预约,￥5.0,多云,17,12,5,0.0,86,29
2026-05-21 08:08:31,2026-05-22,2,乒乓球厅-10号,19:30-20:30,0,1,可预约,￥5.0,多云,17,12,5,0.0,86,29
2026-05-21 08:11:30,2026-05-22,2,乒乓球厅-10号,19:30-20:30,0,1,可预约,￥5.0,多云,17,12,5,0.0,86,29
2026-05-21 08:14:31,2026-05-22,2,乒乓球厅-10号,19:30-20:30,0,1,可预约,￥5.0,多云,17,12,5,0.0,86,29
2026-05-21 08:17:30,2026-05-22,2,乒乓球厅-10号,19:30-20:30,0,1,可预约,￥5.0,多云,17,12,5,0.0,86,29
2026-05-21 08:20:35,2026-05-22,2,乒乓球厅-10号,19:30-20:30,0,1,可预约,￥5.0,多云,17,14,4,0.0,85,29
2026-05-21 08:25:32,2026-05-22,2,乒乓球厅-10号,19:30-20:30,0,1,可预约,￥5.0,多云,17,14,4,0.0,85,28
2026-05-21 08:30:42,2026-05-22,2,乒乓球厅-10号,19:30-20:30,0,1,可预约,￥5.0,多云,18,15,4,0.0,84,28
2026-05-21 08:35:31,2026-05-22,2,乒乓球厅-10号,19:30-20:30,0,1,可预约,￥5.0,多云,18,15,4,0.0,84,28
2026-05-21 08:40:38,2026-05-22,2,乒乓球厅-10号,19:30-20:30,0,1,可预约,￥5.0,多云,18,15,4,0.0,82,28
2026-05-21 08:45:33,2026-05-22,2,乒乓球厅-10号,19:30-20:30,0,1,可预约,￥5.0,多云,18,15,4,0.0,82,28
2026-05-21 08:50:36,2026-05-22,2,乒乓球厅-10号,19:30-20:30,0,1,可预约,￥5.0,多云,18,15,4,0.0,82,28
2026-05-21 08:55:34,2026-05-22,2,乒乓球厅-10号,19:30-20:30,0,1,可预约,￥5.0,多云,18,15,4,0.0,84,28
2026-05-21 09:00:51,2026-05-22,2,乒乓球厅-10号,19:30-20:30,0,1,可预约,￥5.0,多云,18,15,4,0.0,84,28
2026-05-21 09:01:59,2026-05-22,2,乒乓球厅-10号,19:30-20:30,0,1,可预约,￥5.0,多云,18,15,4,0.0,83,28
2026-05-21 09:05:33,2026-05-22,2,乒乓球厅-10号,19:30-20:30,0,1,可预约,￥5.0,多云,18,15,4,0.0,83,28
2026-05-21 09:20:38,2026-05-22,2,乒乓球厅-10号,19:30-20:30,0,1,可预约,￥5.0,多云,18,16,3,0.0,81,28
2026-05-21 09:30:46,2026-05-22,2,乒乓球厅-10号,19:30-20:30,0,1,可预约,￥5.0,多云,18,16,3,0.0,81,32
2026-05-21 09:40:36,2026-05-22,2,乒乓球厅-10号,19:30-20:30,0,1,可预约,￥5.0,多云,19,17,3,0.0,79,32
2026-05-21 09:50:42,2026-05-22,2,乒乓球厅-10号,19:30-20:30,0,1,可预约,￥5.0,多云,19,17,4,0.0,81,32
2026-05-21 10:00:46,2026-05-22,2,乒乓球厅-10号,19:30-20:30,0,1,可预约,￥5.0,多云,19,17,4,0.0,79,32
2026-05-21 10:10:40,2026-05-22,2,乒乓球厅-10号,19:30-20:30,0,1,可预约,￥5.0,多云,19,17,4,0.0,79,32
2026-05-21 10:20:38,2026-05-22,2,乒乓球厅-10号,19:30-20:30,0,1,可预约,￥5.0,多云,19,17,4,0.0,79,32
2026-05-21 10:30:41,2026-05-22,2,乒乓球厅-10号,19:30-20:30,0,1,可预约,￥5.0,多云,19,18,3,0.0,78,31
2026-05-21 11:00:44,2026-05-22,2,乒乓球厅-10号,19:30-20:30,0,1,可预约,￥5.0,多云,21,17,5,0.0,74,31
2026-05-21 11:30:38,2026-05-22,2,乒乓球厅-10号,19:30-20:30,0,1,可预约,￥5.0,多云,21,19,3,0.0,72,33
2026-05-21 12:00:46,2026-05-22,2,乒乓球厅-10号,19:30-20:30,0,1,可预约,￥5.0,多云,22,19,4,0.0,70,33
2026-05-21 12:30:42,2026-05-22,2,乒乓球厅-10号,19:30-20:30,0,1,可预约,￥5.0,多云,22,21,3,0.0,68,35
2026-05-21 13:00:43,2026-05-22,2,乒乓球厅-10号,19:30-20:30,0,1,可预约,￥5.0,多云,24,22,4,0.0,66,35
2026-05-21 13:30:43,2026-05-22,2,乒乓球厅-10号,19:30-20:30,0,1,可预约,￥5.0,多云,24,22,4,0.0,66,36
2026-05-21 14:00:48,2026-05-22,2,乒乓球厅-10号,19:30-20:30,0,1,可预约,￥5.0,多云,25,23,4,0.0,66,36
2026-05-21 14:30:45,2026-05-22,2,乒乓球厅-10号,19:30-20:30,0,1,可预约,￥5.0,晴,25,25,3,0.0,65,39
2026-05-21 15:00:45,2026-05-22,2,乒乓球厅-10号,19:30-20:30,0,1,可预约,￥5.0,晴,25,22,4,0.0,56,39
2026-05-21 15:30:43,2026-05-22,2,乒乓球厅-10号,19:30-20:30,0,1,可预约,￥5.0,晴,25,23,4,0.0,57,40
2026-05-21 16:00:51,2026-05-22,2,乒乓球厅-10号,19:30-20:30,0,1,可预约,￥5.0,晴,25,23,4,0.0,57,40
2026-05-21 16:30:48,2026-05-22,2,乒乓球厅-10号,19:30-20:30,0,1,可预约,￥5.0,晴,25,24,3,0.0,60,39
2026-05-21 17:00:49,2026-05-22,2,乒乓球厅-10号,19:30-20:30,0,1,可预约,￥5.0,晴,25,24,4,0.0,61,39
2026-05-21 17:30:47,2026-05-22,2,乒乓球厅-10号,19:30-20:30,0,1,可预约,￥5.0,多云,24,23,3,0.0,64,39
2026-05-21 18:00:50,2026-05-22,2,乒乓球厅-10号,19:30-20:30,0,1,可预约,￥5.0,多云,24,23,3,0.0,68,39
2026-05-21 18:30:50,2026-05-22,2,乒乓球厅-10号,19:30-20:30,0,1,可预约,￥5.0,阴,24,25,2,0.0,68,40
2026-05-21 19:00:50,2026-05-22,2,乒乓球厅-10号,19:30-20:30,0,1,可预约,￥5.0,阴,23,23,3,0.0,76,40
2026-05-21 19:30:46,2026-05-22,2,乒乓球厅-10号,19:30-20:30,0,1,可预约,￥5.0,阴,23,24,2,0.0,77,39
2026-05-21 20:00:49,2026-05-22,2,乒乓球厅-10号,19:30-20:30,0,1,可预约,￥5.0,雾,22,23,2,0.0,89,39
2026-05-21 20:30:44,2026-05-22,2,乒乓球厅-10号,19:30-20:30,0,1,可预约,￥5.0,雾,22,24,2,0.0,93,43
2026-05-21 21:00:56,2026-05-22,2,乒乓球厅-10号,19:30-20:30,0,1,可预约,￥5.0,雾,20,21,2,0.0,98,43
2026-05-21 21:30:46,2026-05-22,2,乒乓球厅-10号,19:30-20:30,0,1,可预约,￥5.0,雾,20,22,1,0.0,99,41
2026-05-21 22:01:02,2026-05-22,2,乒乓球厅-10号,19:30-20:30,0,1,可预约,￥5.0,雾,19,20,2,0.0,93,41
2026-05-21 22:30:47,2026-05-22,2,乒乓球厅-10号,19:30-20:30,0,1,可预约,￥5.0,雾,19,19,3,0.0,88,46
2026-05-21 23:00:56,2026-05-22,2,乒乓球厅-10号,19:30-20:30,0,1,可预约,￥5.0,多云,18,17,3,0.0,85,46
2026-05-21 23:30:55,2026-05-22,2,乒乓球厅-10号,19:30-20:30,0,1,可预约,￥5.0,多云,18,17,3,0.0,85,48
2026-05-21 08:00:45,2026-05-22,2,乒乓球厅-10号,20:30-21:30,0,1,可预约,￥5.0,晴,17,12,5,0.0,86,29
2026-05-21 08:02:30,2026-05-22,2,乒乓球厅-10号,20:30-21:30,0,1,可预约,￥5.0,多云,17,12,5,0.0,87,29
2026-05-21 08:05:36,2026-05-22,2,乒乓球厅-10号,20:30-21:30,0,1,可预约,￥5.0,多云,17,12,5,0.0,86,29
2026-05-21 08:08:31,2026-05-22,2,乒乓球厅-10号,20:30-21:30,0,1,可预约,￥5.0,多云,17,12,5,0.0,86,29
2026-05-21 08:11:30,2026-05-22,2,乒乓球厅-10号,20:30-21:30,0,1,可预约,￥5.0,多云,17,12,5,0.0,86,29
2026-05-21 08:14:31,2026-05-22,2,乒乓球厅-10号,20:30-21:30,0,1,可预约,￥5.0,多云,17,12,5,0.0,86,29
2026-05-21 08:17:30,2026-05-22,2,乒乓球厅-10号,20:30-21:30,0,1,可预约,￥5.0,多云,17,12,5,0.0,86,29
2026-05-21 08:20:35,2026-05-22,2,乒乓球厅-10号,20:30-21:30,0,1,可预约,￥5.0,多云,17,14,4,0.0,85,29
2026-05-21 08:25:32,2026-05-22,2,乒乓球厅-10号,20:30-21:30,0,1,可预约,￥5.0,多云,17,14,4,0.0,85,28
2026-05-21 08:30:42,2026-05-22,2,乒乓球厅-10号,20:30-21:30,0,1,可预约,￥5.0,多云,18,15,4,0.0,84,28
2026-05-21 08:35:31,2026-05-22,2,乒乓球厅-10号,20:30-21:30,0,1,可预约,￥5.0,多云,18,15,4,0.0,84,28
2026-05-21 08:40:38,2026-05-22,2,乒乓球厅-10号,20:30-21:30,0,1,可预约,￥5.0,多云,18,15,4,0.0,82,28
2026-05-21 08:45:33,2026-05-22,2,乒乓球厅-10号,20:30-21:30,0,1,可预约,￥5.0,多云,18,15,4,0.0,82,28
2026-05-21 08:50:36,2026-05-22,2,乒乓球厅-10号,20:30-21:30,0,1,可预约,￥5.0,多云,18,15,4,0.0,82,28
2026-05-21 08:55:34,2026-05-22,2,乒乓球厅-10号,20:30-21:30,0,1,可预约,￥5.0,多云,18,15,4,0.0,84,28
2026-05-21 09:00:51,2026-05-22,2,乒乓球厅-10号,20:30-21:30,0,1,可预约,￥5.0,多云,18,15,4,0.0,84,28
2026-05-21 09:01:59,2026-05-22,2,乒乓球厅-10号,20:30-21:30,0,1,可预约,￥5.0,多云,18,15,4,0.0,83,28
2026-05-21 09:05:33,2026-05-22,2,乒乓球厅-10号,20:30-21:30,0,1,可预约,￥5.0,多云,18,15,4,0.0,83,28
2026-05-21 09:20:38,2026-05-22,2,乒乓球厅-10号,20:30-21:30,0,1,可预约,￥5.0,多云,18,16,3,0.0,81,28
2026-05-21 09:30:46,2026-05-22,2,乒乓球厅-10号,20:30-21:30,0,1,可预约,￥5.0,多云,18,16,3,0.0,81,32
2026-05-21 09:40:36,2026-05-22,2,乒乓球厅-10号,20:30-21:30,0,1,可预约,￥5.0,多云,19,17,3,0.0,79,32
2026-05-21 09:50:42,2026-05-22,2,乒乓球厅-10号,20:30-21:30,0,1,可预约,￥5.0,多云,19,17,4,0.0,81,32
2026-05-21 10:00:46,2026-05-22,2,乒乓球厅-10号,20:30-21:30,0,1,可预约,￥5.0,多云,19,17,4,0.0,79,32
2026-05-21 10:10:40,2026-05-22,2,乒乓球厅-10号,20:30-21:30,0,1,可预约,￥5.0,多云,19,17,4,0.0,79,32
2026-05-21 10:20:38,2026-05-22,2,乒乓球厅-10号,20:30-21:30,0,1,可预约,￥5.0,多云,19,17,4,0.0,79,32
2026-05-21 10:30:41,2026-05-22,2,乒乓球厅-10号,20:30-21:30,0,1,可预约,￥5.0,多云,19,18,3,0.0,78,31
2026-05-21 11:00:44,2026-05-22,2,乒乓球厅-10号,20:30-21:30,0,1,可预约,￥5.0,多云,21,17,5,0.0,74,31
2026-05-21 11:30:38,2026-05-22,2,乒乓球厅-10号,20:30-21:30,0,1,可预约,￥5.0,多云,21,19,3,0.0,72,33
2026-05-21 12:00:46,2026-05-22,2,乒乓球厅-10号,20:30-21:30,0,1,可预约,￥5.0,多云,22,19,4,0.0,70,33
2026-05-21 12:30:42,2026-05-22,2,乒乓球厅-10号,20:30-21:30,0,1,可预约,￥5.0,多云,22,21,3,0.0,68,35
2026-05-21 13:00:43,2026-05-22,2,乒乓球厅-10号,20:30-21:30,0,1,可预约,￥5.0,多云,24,22,4,0.0,66,35
2026-05-21 13:30:43,2026-05-22,2,乒乓球厅-10号,20:30-21:30,0,1,可预约,￥5.0,多云,24,22,4,0.0,66,36
2026-05-21 14:00:48,2026-05-22,2,乒乓球厅-10号,20:30-21:30,0,1,可预约,￥5.0,多云,25,23,4,0.0,66,36
2026-05-21 14:30:45,2026-05-22,2,乒乓球厅-10号,20:30-21:30,0,1,可预约,￥5.0,晴,25,25,3,0.0,65,39
2026-05-21 15:00:45,2026-05-22,2,乒乓球厅-10号,20:30-21:30,0,1,可预约,￥5.0,晴,25,22,4,0.0,56,39
2026-05-21 15:30:43,2026-05-22,2,乒乓球厅-10号,20:30-21:30,0,1,可预约,￥5.0,晴,25,23,4,0.0,57,40
2026-05-21 16:00:51,2026-05-22,2,乒乓球厅-10号,20:30-21:30,0,1,可预约,￥5.0,晴,25,23,4,0.0,57,40
2026-05-21 16:30:48,2026-05-22,2,乒乓球厅-10号,20:30-21:30,0,1,可预约,￥5.0,晴,25,24,3,0.0,60,39
2026-05-21 17:00:49,2026-05-22,2,乒乓球厅-10号,20:30-21:30,0,1,可预约,￥5.0,晴,25,24,4,0.0,61,39
2026-05-21 17:30:47,2026-05-22,2,乒乓球厅-10号,20:30-21:30,0,1,可预约,￥5.0,多云,24,23,3,0.0,64,39
2026-05-21 18:00:50,2026-05-22,2,乒乓球厅-10号,20:30-21:30,0,1,可预约,￥5.0,多云,24,23,3,0.0,68,39
2026-05-21 18:30:50,2026-05-22,2,乒乓球厅-10号,20:30-21:30,0,1,可预约,￥5.0,阴,24,25,2,0.0,68,40
2026-05-21 19:00:50,2026-05-22,2,乒乓球厅-10号,20:30-21:30,0,1,可预约,￥5.0,阴,23,23,3,0.0,76,40
2026-05-21 19:30:46,2026-05-22,2,乒乓球厅-10号,20:30-21:30,0,1,可预约,￥5.0,阴,23,24,2,0.0,77,39
2026-05-21 20:00:49,2026-05-22,2,乒乓球厅-10号,20:30-21:30,0,1,可预约,￥5.0,雾,22,23,2,0.0,89,39
2026-05-21 20:30:44,2026-05-22,2,乒乓球厅-10号,20:30-21:30,0,1,可预约,￥5.0,雾,22,24,2,0.0,93,43
2026-05-21 21:00:56,2026-05-22,2,乒乓球厅-10号,20:30-21:30,0,1,可预约,￥5.0,雾,20,21,2,0.0,98,43
2026-05-21 21:30:46,2026-05-22,2,乒乓球厅-10号,20:30-21:30,0,1,可预约,￥5.0,雾,20,22,1,0.0,99,41
2026-05-21 22:01:02,2026-05-22,2,乒乓球厅-10号,20:30-21:30,0,1,可预约,￥5.0,雾,19,20,2,0.0,93,41
2026-05-21 22:30:47,2026-05-22,2,乒乓球厅-10号,20:30-21:30,0,1,可预约,￥5.0,雾,19,19,3,0.0,88,46
2026-05-21 23:00:56,2026-05-22,2,乒乓球厅-10号,20:30-21:30,0,1,可预约,￥5.0,多云,18,17,3,0.0,85,46
2026-05-21 23:30:55,2026-05-22,2,乒乓球厅-10号,20:30-21:30,0,1,可预约,￥5.0,多云,18,17,3,0.0,85,48
2026-05-21 08:00:45,2026-05-22,2,乒乓球厅-11号,07:00-08:00,0,1,可预约,￥0.0,晴,17,12,5,0.0,86,29
2026-05-21 08:02:30,2026-05-22,2,乒乓球厅-11号,07:00-08:00,0,1,可预约,￥0.0,多云,17,12,5,0.0,87,29
2026-05-21 08:05:36,2026-05-22,2,乒乓球厅-11号,07:00-08:00,0,1,可预约,￥0.0,多云,17,12,5,0.0,86,29
2026-05-21 08:08:31,2026-05-22,2,乒乓球厅-11号,07:00-08:00,0,1,可预约,￥0.0,多云,17,12,5,0.0,86,29
2026-05-21 08:11:30,2026-05-22,2,乒乓球厅-11号,07:00-08:00,0,1,可预约,￥0.0,多云,17,12,5,0.0,86,29
2026-05-21 08:14:31,2026-05-22,2,乒乓球厅-11号,07:00-08:00,0,1,可预约,￥0.0,多云,17,12,5,0.0,86,29
2026-05-21 08:17:30,2026-05-22,2,乒乓球厅-11号,07:00-08:00,0,1,可预约,￥0.0,多云,17,12,5,0.0,86,29
2026-05-21 08:20:35,2026-05-22,2,乒乓球厅-11号,07:00-08:00,0,1,可预约,￥0.0,多云,17,14,4,0.0,85,29
2026-05-21 08:25:32,2026-05-22,2,乒乓球厅-11号,07:00-08:00,0,1,可预约,￥0.0,多云,17,14,4,0.0,85,28
2026-05-21 08:30:42,2026-05-22,2,乒乓球厅-11号,07:00-08:00,0,1,可预约,￥0.0,多云,18,15,4,0.0,84,28
2026-05-21 08:35:31,2026-05-22,2,乒乓球厅-11号,07:00-08:00,0,1,可预约,￥0.0,多云,18,15,4,0.0,84,28
2026-05-21 08:40:38,2026-05-22,2,乒乓球厅-11号,07:00-08:00,0,1,可预约,￥0.0,多云,18,15,4,0.0,82,28
2026-05-21 08:45:33,2026-05-22,2,乒乓球厅-11号,07:00-08:00,0,1,可预约,￥0.0,多云,18,15,4,0.0,82,28
2026-05-21 08:50:36,2026-05-22,2,乒乓球厅-11号,07:00-08:00,0,1,可预约,￥0.0,多云,18,15,4,0.0,82,28
2026-05-21 08:55:34,2026-05-22,2,乒乓球厅-11号,07:00-08:00,0,1,可预约,￥0.0,多云,18,15,4,0.0,84,28
2026-05-21 09:00:51,2026-05-22,2,乒乓球厅-11号,07:00-08:00,0,1,可预约,￥0.0,多云,18,15,4,0.0,84,28
2026-05-21 09:01:59,2026-05-22,2,乒乓球厅-11号,07:00-08:00,0,1,可预约,￥0.0,多云,18,15,4,0.0,83,28
2026-05-21 09:05:33,2026-05-22,2,乒乓球厅-11号,07:00-08:00,0,1,可预约,￥0.0,多云,18,15,4,0.0,83,28
2026-05-21 09:20:38,2026-05-22,2,乒乓球厅-11号,07:00-08:00,0,1,可预约,￥0.0,多云,18,16,3,0.0,81,28
2026-05-21 09:30:46,2026-05-22,2,乒乓球厅-11号,07:00-08:00,0,1,可预约,￥0.0,多云,18,16,3,0.0,81,32
2026-05-21 09:40:36,2026-05-22,2,乒乓球厅-11号,07:00-08:00,0,1,可预约,￥0.0,多云,19,17,3,0.0,79,32
2026-05-21 09:50:42,2026-05-22,2,乒乓球厅-11号,07:00-08:00,0,1,可预约,￥0.0,多云,19,17,4,0.0,81,32
2026-05-21 10:00:46,2026-05-22,2,乒乓球厅-11号,07:00-08:00,0,1,可预约,￥0.0,多云,19,17,4,0.0,79,32
2026-05-21 10:10:40,2026-05-22,2,乒乓球厅-11号,07:00-08:00,0,1,可预约,￥0.0,多云,19,17,4,0.0,79,32
2026-05-21 10:20:38,2026-05-22,2,乒乓球厅-11号,07:00-08:00,0,1,可预约,￥0.0,多云,19,17,4,0.0,79,32
2026-05-21 10:30:41,2026-05-22,2,乒乓球厅-11号,07:00-08:00,0,1,可预约,￥0.0,多云,19,18,3,0.0,78,31
2026-05-21 11:00:44,2026-05-22,2,乒乓球厅-11号,07:00-08:00,0,1,可预约,￥0.0,多云,21,17,5,0.0,74,31
2026-05-21 11:30:38,2026-05-22,2,乒乓球厅-11号,07:00-08:00,0,1,可预约,￥0.0,多云,21,19,3,0.0,72,33
2026-05-21 12:00:46,2026-05-22,2,乒乓球厅-11号,07:00-08:00,0,1,可预约,￥0.0,多云,22,19,4,0.0,70,33
2026-05-21 12:30:42,2026-05-22,2,乒乓球厅-11号,07:00-08:00,0,1,可预约,￥0.0,多云,22,21,3,0.0,68,35
2026-05-21 13:00:43,2026-05-22,2,乒乓球厅-11号,07:00-08:00,0,1,可预约,￥0.0,多云,24,22,4,0.0,66,35
2026-05-21 13:30:43,2026-05-22,2,乒乓球厅-11号,07:00-08:00,0,1,可预约,￥0.0,多云,24,22,4,0.0,66,36
2026-05-21 14:00:48,2026-05-22,2,乒乓球厅-11号,07:00-08:00,0,1,可预约,￥0.0,多云,25,23,4,0.0,66,36
2026-05-21 14:30:45,2026-05-22,2,乒乓球厅-11号,07:00-08:00,0,1,可预约,￥0.0,晴,25,25,3,0.0,65,39
2026-05-21 15:00:45,2026-05-22,2,乒乓球厅-11号,07:00-08:00,0,1,可预约,￥0.0,晴,25,22,4,0.0,56,39
2026-05-21 15:30:43,2026-05-22,2,乒乓球厅-11号,07:00-08:00,0,1,可预约,￥0.0,晴,25,23,4,0.0,57,40
2026-05-21 16:00:51,2026-05-22,2,乒乓球厅-11号,07:00-08:00,0,1,可预约,￥0.0,晴,25,23,4,0.0,57,40
2026-05-21 16:30:48,2026-05-22,2,乒乓球厅-11号,07:00-08:00,0,1,可预约,￥0.0,晴,25,24,3,0.0,60,39
2026-05-21 17:00:49,2026-05-22,2,乒乓球厅-11号,07:00-08:00,0,1,可预约,￥0.0,晴,25,24,4,0.0,61,39
2026-05-21 17:30:47,2026-05-22,2,乒乓球厅-11号,07:00-08:00,0,1,可预约,￥0.0,多云,24,23,3,0.0,64,39
2026-05-21 18:00:50,2026-05-22,2,乒乓球厅-11号,07:00-08:00,0,1,可预约,￥0.0,多云,24,23,3,0.0,68,39
2026-05-21 18:30:50,2026-05-22,2,乒乓球厅-11号,07:00-08:00,0,1,可预约,￥0.0,阴,24,25,2,0.0,68,40
2026-05-21 19:00:50,2026-05-22,2,乒乓球厅-11号,07:00-08:00,0,1,可预约,￥0.0,阴,23,23,3,0.0,76,40
2026-05-21 19:30:46,2026-05-22,2,乒乓球厅-11号,07:00-08:00,0,1,可预约,￥0.0,阴,23,24,2,0.0,77,39
2026-05-21 20:00:49,2026-05-22,2,乒乓球厅-11号,07:00-08:00,0,1,可预约,￥0.0,雾,22,23,2,0.0,89,39
2026-05-21 20:30:44,2026-05-22,2,乒乓球厅-11号,07:00-08:00,0,1,可预约,￥0.0,雾,22,24,2,0.0,93,43
2026-05-21 21:00:56,2026-05-22,2,乒乓球厅-11号,07:00-08:00,0,1,可预约,￥0.0,雾,20,21,2,0.0,98,43
2026-05-21 21:30:46,2026-05-22,2,乒乓球厅-11号,07:00-08:00,0,1,可预约,￥0.0,雾,20,22,1,0.0,99,41
2026-05-21 22:01:02,2026-05-22,2,乒乓球厅-11号,07:00-08:00,0,1,可预约,￥0.0,雾,19,20,2,0.0,93,41
2026-05-21 22:30:47,2026-05-22,2,乒乓球厅-11号,07:00-08:00,0,1,可预约,￥0.0,雾,19,19,3,0.0,88,46
2026-05-21 23:00:56,2026-05-22,2,乒乓球厅-11号,07:00-08:00,0,1,可预约,￥0.0,多云,18,17,3,0.0,85,46
2026-05-21 23:30:55,2026-05-22,2,乒乓球厅-11号,07:00-08:00,0,1,可预约,￥0.0,多云,18,17,3,0.0,85,48
2026-05-21 08:00:45,2026-05-22,2,乒乓球厅-11号,08:00-09:00,0,1,可预约,￥0.0,晴,17,12,5,0.0,86,29
2026-05-21 08:02:30,2026-05-22,2,乒乓球厅-11号,08:00-09:00,0,1,可预约,￥0.0,多云,17,12,5,0.0,87,29
2026-05-21 08:05:36,2026-05-22,2,乒乓球厅-11号,08:00-09:00,0,1,可预约,￥0.0,多云,17,12,5,0.0,86,29
2026-05-21 08:08:31,2026-05-22,2,乒乓球厅-11号,08:00-09:00,0,1,可预约,￥0.0,多云,17,12,5,0.0,86,29
2026-05-21 08:11:30,2026-05-22,2,乒乓球厅-11号,08:00-09:00,0,1,可预约,￥0.0,多云,17,12,5,0.0,86,29
2026-05-21 08:14:31,2026-05-22,2,乒乓球厅-11号,08:00-09:00,0,1,可预约,￥0.0,多云,17,12,5,0.0,86,29
2026-05-21 08:17:30,2026-05-22,2,乒乓球厅-11号,08:00-09:00,0,1,可预约,￥0.0,多云,17,12,5,0.0,86,29
2026-05-21 08:20:35,2026-05-22,2,乒乓球厅-11号,08:00-09:00,0,1,可预约,￥0.0,多云,17,14,4,0.0,85,29
2026-05-21 08:25:32,2026-05-22,2,乒乓球厅-11号,08:00-09:00,0,1,可预约,￥0.0,多云,17,14,4,0.0,85,28
2026-05-21 08:30:42,2026-05-22,2,乒乓球厅-11号,08:00-09:00,0,1,可预约,￥0.0,多云,18,15,4,0.0,84,28
2026-05-21 08:35:31,2026-05-22,2,乒乓球厅-11号,08:00-09:00,0,1,可预约,￥0.0,多云,18,15,4,0.0,84,28
2026-05-21 08:40:38,2026-05-22,2,乒乓球厅-11号,08:00-09:00,0,1,可预约,￥0.0,多云,18,15,4,0.0,82,28
2026-05-21 08:45:33,2026-05-22,2,乒乓球厅-11号,08:00-09:00,0,1,可预约,￥0.0,多云,18,15,4,0.0,82,28
2026-05-21 08:50:36,2026-05-22,2,乒乓球厅-11号,08:00-09:00,0,1,可预约,￥0.0,多云,18,15,4,0.0,82,28
2026-05-21 08:55:34,2026-05-22,2,乒乓球厅-11号,08:00-09:00,0,1,可预约,￥0.0,多云,18,15,4,0.0,84,28
2026-05-21 09:00:51,2026-05-22,2,乒乓球厅-11号,08:00-09:00,0,1,可预约,￥0.0,多云,18,15,4,0.0,84,28
2026-05-21 09:01:59,2026-05-22,2,乒乓球厅-11号,08:00-09:00,0,1,可预约,￥0.0,多云,18,15,4,0.0,83,28
2026-05-21 09:05:33,2026-05-22,2,乒乓球厅-11号,08:00-09:00,0,1,可预约,￥0.0,多云,18,15,4,0.0,83,28
2026-05-21 09:20:38,2026-05-22,2,乒乓球厅-11号,08:00-09:00,0,1,可预约,￥0.0,多云,18,16,3,0.0,81,28
2026-05-21 09:30:46,2026-05-22,2,乒乓球厅-11号,08:00-09:00,0,1,可预约,￥0.0,多云,18,16,3,0.0,81,32
2026-05-21 09:40:36,2026-05-22,2,乒乓球厅-11号,08:00-09:00,0,1,可预约,￥0.0,多云,19,17,3,0.0,79,32
2026-05-21 09:50:42,2026-05-22,2,乒乓球厅-11号,08:00-09:00,0,1,可预约,￥0.0,多云,19,17,4,0.0,81,32
2026-05-21 10:00:46,2026-05-22,2,乒乓球厅-11号,08:00-09:00,0,1,可预约,￥0.0,多云,19,17,4,0.0,79,32
2026-05-21 10:10:40,2026-05-22,2,乒乓球厅-11号,08:00-09:00,0,1,可预约,￥0.0,多云,19,17,4,0.0,79,32
2026-05-21 10:20:38,2026-05-22,2,乒乓球厅-11号,08:00-09:00,0,1,可预约,￥0.0,多云,19,17,4,0.0,79,32
2026-05-21 10:30:41,2026-05-22,2,乒乓球厅-11号,08:00-09:00,0,1,可预约,￥0.0,多云,19,18,3,0.0,78,31
2026-05-21 11:00:44,2026-05-22,2,乒乓球厅-11号,08:00-09:00,0,1,可预约,￥0.0,多云,21,17,5,0.0,74,31
2026-05-21 11:30:38,2026-05-22,2,乒乓球厅-11号,08:00-09:00,0,1,可预约,￥0.0,多云,21,19,3,0.0,72,33
2026-05-21 12:00:46,2026-05-22,2,乒乓球厅-11号,08:00-09:00,0,1,可预约,￥0.0,多云,22,19,4,0.0,70,33
2026-05-21 12:30:42,2026-05-22,2,乒乓球厅-11号,08:00-09:00,0,1,可预约,￥0.0,多云,22,21,3,0.0,68,35
2026-05-21 13:00:43,2026-05-22,2,乒乓球厅-11号,08:00-09:00,0,1,可预约,￥0.0,多云,24,22,4,0.0,66,35
2026-05-21 13:30:43,2026-05-22,2,乒乓球厅-11号,08:00-09:00,0,1,可预约,￥0.0,多云,24,22,4,0.0,66,36
2026-05-21 14:00:48,2026-05-22,2,乒乓球厅-11号,08:00-09:00,0,1,可预约,￥0.0,多云,25,23,4,0.0,66,36
2026-05-21 14:30:45,2026-05-22,2,乒乓球厅-11号,08:00-09:00,0,1,可预约,￥0.0,晴,25,25,3,0.0,65,39
2026-05-21 15:00:45,2026-05-22,2,乒乓球厅-11号,08:00-09:00,0,1,可预约,￥0.0,晴,25,22,4,0.0,56,39
2026-05-21 15:30:43,2026-05-22,2,乒乓球厅-11号,08:00-09:00,0,1,可预约,￥0.0,晴,25,23,4,0.0,57,40
2026-05-21 16:00:51,2026-05-22,2,乒乓球厅-11号,08:00-09:00,0,1,可预约,￥0.0,晴,25,23,4,0.0,57,40
2026-05-21 16:30:48,2026-05-22,2,乒乓球厅-11号,08:00-09:00,0,1,可预约,￥0.0,晴,25,24,3,0.0,60,39
2026-05-21 17:00:49,2026-05-22,2,乒乓球厅-11号,08:00-09:00,0,1,可预约,￥0.0,晴,25,24,4,0.0,61,39
2026-05-21 17:30:47,2026-05-22,2,乒乓球厅-11号,08:00-09:00,0,1,可预约,￥0.0,多云,24,23,3,0.0,64,39
2026-05-21 18:00:50,2026-05-22,2,乒乓球厅-11号,08:00-09:00,0,1,可预约,￥0.0,多云,24,23,3,0.0,68,39
2026-05-21 18:30:50,2026-05-22,2,乒乓球厅-11号,08:00-09:00,0,1,可预约,￥0.0,阴,24,25,2,0.0,68,40
2026-05-21 19:00:50,2026-05-22,2,乒乓球厅-11号,08:00-09:00,0,1,可预约,￥0.0,阴,23,23,3,0.0,76,40
2026-05-21 19:30:46,2026-05-22,2,乒乓球厅-11号,08:00-09:00,0,1,可预约,￥0.0,阴,23,24,2,0.0,77,39
2026-05-21 20:00:49,2026-05-22,2,乒乓球厅-11号,08:00-09:00,0,1,可预约,￥0.0,雾,22,23,2,0.0,89,39
2026-05-21 20:30:44,2026-05-22,2,乒乓球厅-11号,08:00-09:00,0,1,可预约,￥0.0,雾,22,24,2,0.0,93,43
2026-05-21 21:00:56,2026-05-22,2,乒乓球厅-11号,08:00-09:00,0,1,可预约,￥0.0,雾,20,21,2,0.0,98,43
2026-05-21 21:30:46,2026-05-22,2,乒乓球厅-11号,08:00-09:00,0,1,可预约,￥0.0,雾,20,22,1,0.0,99,41
2026-05-21 22:01:02,2026-05-22,2,乒乓球厅-11号,08:00-09:00,0,1,可预约,￥0.0,雾,19,20,2,0.0,93,41
2026-05-21 22:30:47,2026-05-22,2,乒乓球厅-11号,08:00-09:00,0,1,可预约,￥0.0,雾,19,19,3,0.0,88,46
2026-05-21 23:00:56,2026-05-22,2,乒乓球厅-11号,08:00-09:00,0,1,可预约,￥0.0,多云,18,17,3,0.0,85,46
2026-05-21 23:30:55,2026-05-22,2,乒乓球厅-11号,08:00-09:00,0,1,可预约,￥0.0,多云,18,17,3,0.0,85,48
2026-05-21 08:00:45,2026-05-22,2,乒乓球厅-11号,09:00-10:00,0,1,可预约,￥5.0,晴,17,12,5,0.0,86,29
2026-05-21 08:02:30,2026-05-22,2,乒乓球厅-11号,09:00-10:00,0,1,可预约,￥5.0,多云,17,12,5,0.0,87,29
2026-05-21 08:05:36,2026-05-22,2,乒乓球厅-11号,09:00-10:00,0,1,可预约,￥5.0,多云,17,12,5,0.0,86,29
2026-05-21 08:08:31,2026-05-22,2,乒乓球厅-11号,09:00-10:00,0,1,可预约,￥5.0,多云,17,12,5,0.0,86,29
2026-05-21 08:11:30,2026-05-22,2,乒乓球厅-11号,09:00-10:00,0,1,可预约,￥5.0,多云,17,12,5,0.0,86,29
2026-05-21 08:14:31,2026-05-22,2,乒乓球厅-11号,09:00-10:00,0,1,可预约,￥5.0,多云,17,12,5,0.0,86,29
2026-05-21 08:17:30,2026-05-22,2,乒乓球厅-11号,09:00-10:00,0,1,可预约,￥5.0,多云,17,12,5,0.0,86,29
2026-05-21 08:20:35,2026-05-22,2,乒乓球厅-11号,09:00-10:00,0,1,可预约,￥5.0,多云,17,14,4,0.0,85,29
2026-05-21 08:25:32,2026-05-22,2,乒乓球厅-11号,09:00-10:00,0,1,可预约,￥5.0,多云,17,14,4,0.0,85,28
2026-05-21 08:30:42,2026-05-22,2,乒乓球厅-11号,09:00-10:00,0,1,可预约,￥5.0,多云,18,15,4,0.0,84,28
2026-05-21 08:35:31,2026-05-22,2,乒乓球厅-11号,09:00-10:00,0,1,可预约,￥5.0,多云,18,15,4,0.0,84,28
2026-05-21 08:40:38,2026-05-22,2,乒乓球厅-11号,09:00-10:00,0,1,可预约,￥5.0,多云,18,15,4,0.0,82,28
2026-05-21 08:45:33,2026-05-22,2,乒乓球厅-11号,09:00-10:00,0,1,可预约,￥5.0,多云,18,15,4,0.0,82,28
2026-05-21 08:50:36,2026-05-22,2,乒乓球厅-11号,09:00-10:00,0,1,可预约,￥5.0,多云,18,15,4,0.0,82,28
2026-05-21 08:55:34,2026-05-22,2,乒乓球厅-11号,09:00-10:00,0,1,可预约,￥5.0,多云,18,15,4,0.0,84,28
2026-05-21 09:00:51,2026-05-22,2,乒乓球厅-11号,09:00-10:00,0,1,可预约,￥5.0,多云,18,15,4,0.0,84,28
2026-05-21 09:01:59,2026-05-22,2,乒乓球厅-11号,09:00-10:00,0,1,可预约,￥5.0,多云,18,15,4,0.0,83,28
2026-05-21 09:05:33,2026-05-22,2,乒乓球厅-11号,09:00-10:00,0,1,可预约,￥5.0,多云,18,15,4,0.0,83,28
2026-05-21 09:20:38,2026-05-22,2,乒乓球厅-11号,09:00-10:00,0,1,可预约,￥5.0,多云,18,16,3,0.0,81,28
2026-05-21 09:30:46,2026-05-22,2,乒乓球厅-11号,09:00-10:00,0,1,可预约,￥5.0,多云,18,16,3,0.0,81,32
2026-05-21 09:40:36,2026-05-22,2,乒乓球厅-11号,09:00-10:00,0,1,可预约,￥5.0,多云,19,17,3,0.0,79,32
2026-05-21 09:50:42,2026-05-22,2,乒乓球厅-11号,09:00-10:00,0,1,可预约,￥5.0,多云,19,17,4,0.0,81,32
2026-05-21 10:00:46,2026-05-22,2,乒乓球厅-11号,09:00-10:00,0,1,可预约,￥5.0,多云,19,17,4,0.0,79,32
2026-05-21 10:10:40,2026-05-22,2,乒乓球厅-11号,09:00-10:00,0,1,可预约,￥5.0,多云,19,17,4,0.0,79,32
2026-05-21 10:20:38,2026-05-22,2,乒乓球厅-11号,09:00-10:00,0,1,可预约,￥5.0,多云,19,17,4,0.0,79,32
2026-05-21 10:30:41,2026-05-22,2,乒乓球厅-11号,09:00-10:00,0,1,可预约,￥5.0,多云,19,18,3,0.0,78,31
2026-05-21 11:00:44,2026-05-22,2,乒乓球厅-11号,09:00-10:00,0,1,可预约,￥5.0,多云,21,17,5,0.0,74,31
2026-05-21 11:30:38,2026-05-22,2,乒乓球厅-11号,09:00-10:00,0,1,可预约,￥5.0,多云,21,19,3,0.0,72,33
2026-05-21 12:00:46,2026-05-22,2,乒乓球厅-11号,09:00-10:00,0,1,可预约,￥5.0,多云,22,19,4,0.0,70,33
2026-05-21 12:30:42,2026-05-22,2,乒乓球厅-11号,09:00-10:00,0,1,可预约,￥5.0,多云,22,21,3,0.0,68,35
2026-05-21 13:00:43,2026-05-22,2,乒乓球厅-11号,09:00-10:00,0,1,可预约,￥5.0,多云,24,22,4,0.0,66,35
2026-05-21 13:30:43,2026-05-22,2,乒乓球厅-11号,09:00-10:00,0,1,可预约,￥5.0,多云,24,22,4,0.0,66,36
2026-05-21 14:00:48,2026-05-22,2,乒乓球厅-11号,09:00-10:00,0,1,可预约,￥5.0,多云,25,23,4,0.0,66,36
2026-05-21 14:30:45,2026-05-22,2,乒乓球厅-11号,09:00-10:00,0,1,可预约,￥5.0,晴,25,25,3,0.0,65,39
2026-05-21 15:00:45,2026-05-22,2,乒乓球厅-11号,09:00-10:00,0,1,可预约,￥5.0,晴,25,22,4,0.0,56,39
2026-05-21 15:30:43,2026-05-22,2,乒乓球厅-11号,09:00-10:00,0,1,可预约,￥5.0,晴,25,23,4,0.0,57,40
2026-05-21 16:00:51,2026-05-22,2,乒乓球厅-11号,09:00-10:00,0,1,可预约,￥5.0,晴,25,23,4,0.0,57,40
2026-05-21 16:30:48,2026-05-22,2,乒乓球厅-11号,09:00-10:00,0,1,可预约,￥5.0,晴,25,24,3,0.0,60,39
2026-05-21 17:00:49,2026-05-22,2,乒乓球厅-11号,09:00-10:00,0,1,可预约,￥5.0,晴,25,24,4,0.0,61,39
2026-05-21 17:30:47,2026-05-22,2,乒乓球厅-11号,09:00-10:00,0,1,可预约,￥5.0,多云,24,23,3,0.0,64,39
2026-05-21 18:00:50,2026-05-22,2,乒乓球厅-11号,09:00-10:00,0,1,可预约,￥5.0,多云,24,23,3,0.0,68,39
2026-05-21 18:30:50,2026-05-22,2,乒乓球厅-11号,09:00-10:00,0,1,可预约,￥5.0,阴,24,25,2,0.0,68,40
2026-05-21 19:00:50,2026-05-22,2,乒乓球厅-11号,09:00-10:00,0,1,可预约,￥5.0,阴,23,23,3,0.0,76,40
2026-05-21 19:30:46,2026-05-22,2,乒乓球厅-11号,09:00-10:00,0,1,可预约,￥5.0,阴,23,24,2,0.0,77,39
2026-05-21 20:00:49,2026-05-22,2,乒乓球厅-11号,09:00-10:00,0,1,可预约,￥5.0,雾,22,23,2,0.0,89,39
2026-05-21 20:30:44,2026-05-22,2,乒乓球厅-11号,09:00-10:00,0,1,可预约,￥5.0,雾,22,24,2,0.0,93,43
2026-05-21 21:00:56,2026-05-22,2,乒乓球厅-11号,09:00-10:00,0,1,可预约,￥5.0,雾,20,21,2,0.0,98,43
2026-05-21 21:30:46,2026-05-22,2,乒乓球厅-11号,09:00-10:00,0,1,可预约,￥5.0,雾,20,22,1,0.0,99,41
2026-05-21 22:01:02,2026-05-22,2,乒乓球厅-11号,09:00-10:00,0,1,可预约,￥5.0,雾,19,20,2,0.0,93,41
2026-05-21 22:30:47,2026-05-22,2,乒乓球厅-11号,09:00-10:00,0,1,可预约,￥5.0,雾,19,19,3,0.0,88,46
2026-05-21 23:00:56,2026-05-22,2,乒乓球厅-11号,09:00-10:00,0,1,可预约,￥5.0,多云,18,17,3,0.0,85,46
2026-05-21 23:30:55,2026-05-22,2,乒乓球厅-11号,09:00-10:00,0,1,可预约,￥5.0,多云,18,17,3,0.0,85,48
2026-05-21 08:00:45,2026-05-22,2,乒乓球厅-11号,10:00-11:00,0,1,可预约,￥5.0,晴,17,12,5,0.0,86,29
2026-05-21 08:02:30,2026-05-22,2,乒乓球厅-11号,10:00-11:00,0,1,可预约,￥5.0,多云,17,12,5,0.0,87,29
2026-05-21 08:05:36,2026-05-22,2,乒乓球厅-11号,10:00-11:00,0,1,可预约,￥5.0,多云,17,12,5,0.0,86,29
2026-05-21 08:08:31,2026-05-22,2,乒乓球厅-11号,10:00-11:00,0,1,可预约,￥5.0,多云,17,12,5,0.0,86,29
2026-05-21 08:11:30,2026-05-22,2,乒乓球厅-11号,10:00-11:00,0,1,可预约,￥5.0,多云,17,12,5,0.0,86,29
2026-05-21 08:14:31,2026-05-22,2,乒乓球厅-11号,10:00-11:00,0,1,可预约,￥5.0,多云,17,12,5,0.0,86,29
2026-05-21 08:17:30,2026-05-22,2,乒乓球厅-11号,10:00-11:00,0,1,可预约,￥5.0,多云,17,12,5,0.0,86,29
2026-05-21 08:20:35,2026-05-22,2,乒乓球厅-11号,10:00-11:00,0,1,可预约,￥5.0,多云,17,14,4,0.0,85,29
2026-05-21 08:25:32,2026-05-22,2,乒乓球厅-11号,10:00-11:00,0,1,可预约,￥5.0,多云,17,14,4,0.0,85,28
2026-05-21 08:30:42,2026-05-22,2,乒乓球厅-11号,10:00-11:00,0,1,可预约,￥5.0,多云,18,15,4,0.0,84,28
2026-05-21 08:35:31,2026-05-22,2,乒乓球厅-11号,10:00-11:00,0,1,可预约,￥5.0,多云,18,15,4,0.0,84,28
2026-05-21 08:40:38,2026-05-22,2,乒乓球厅-11号,10:00-11:00,0,1,可预约,￥5.0,多云,18,15,4,0.0,82,28
2026-05-21 08:45:33,2026-05-22,2,乒乓球厅-11号,10:00-11:00,0,1,可预约,￥5.0,多云,18,15,4,0.0,82,28
2026-05-21 08:50:36,2026-05-22,2,乒乓球厅-11号,10:00-11:00,0,1,可预约,￥5.0,多云,18,15,4,0.0,82,28
2026-05-21 08:55:34,2026-05-22,2,乒乓球厅-11号,10:00-11:00,0,1,可预约,￥5.0,多云,18,15,4,0.0,84,28
2026-05-21 09:00:51,2026-05-22,2,乒乓球厅-11号,10:00-11:00,0,1,可预约,￥5.0,多云,18,15,4,0.0,84,28
2026-05-21 09:01:59,2026-05-22,2,乒乓球厅-11号,10:00-11:00,0,1,可预约,￥5.0,多云,18,15,4,0.0,83,28
2026-05-21 09:05:33,2026-05-22,2,乒乓球厅-11号,10:00-11:00,0,1,可预约,￥5.0,多云,18,15,4,0.0,83,28
2026-05-21 09:20:38,2026-05-22,2,乒乓球厅-11号,10:00-11:00,0,1,可预约,￥5.0,多云,18,16,3,0.0,81,28
2026-05-21 09:30:46,2026-05-22,2,乒乓球厅-11号,10:00-11:00,0,1,可预约,￥5.0,多云,18,16,3,0.0,81,32
2026-05-21 09:40:36,2026-05-22,2,乒乓球厅-11号,10:00-11:00,0,1,可预约,￥5.0,多云,19,17,3,0.0,79,32
2026-05-21 09:50:42,2026-05-22,2,乒乓球厅-11号,10:00-11:00,0,1,可预约,￥5.0,多云,19,17,4,0.0,81,32
2026-05-21 10:00:46,2026-05-22,2,乒乓球厅-11号,10:00-11:00,0,1,可预约,￥5.0,多云,19,17,4,0.0,79,32
2026-05-21 10:10:40,2026-05-22,2,乒乓球厅-11号,10:00-11:00,0,1,可预约,￥5.0,多云,19,17,4,0.0,79,32
2026-05-21 10:20:38,2026-05-22,2,乒乓球厅-11号,10:00-11:00,0,1,可预约,￥5.0,多云,19,17,4,0.0,79,32
2026-05-21 10:30:41,2026-05-22,2,乒乓球厅-11号,10:00-11:00,0,1,可预约,￥5.0,多云,19,18,3,0.0,78,31
2026-05-21 11:00:44,2026-05-22,2,乒乓球厅-11号,10:00-11:00,0,1,可预约,￥5.0,多云,21,17,5,0.0,74,31
2026-05-21 11:30:38,2026-05-22,2,乒乓球厅-11号,10:00-11:00,0,1,可预约,￥5.0,多云,21,19,3,0.0,72,33
2026-05-21 12:00:46,2026-05-22,2,乒乓球厅-11号,10:00-11:00,0,1,可预约,￥5.0,多云,22,19,4,0.0,70,33
2026-05-21 12:30:42,2026-05-22,2,乒乓球厅-11号,10:00-11:00,0,1,可预约,￥5.0,多云,22,21,3,0.0,68,35
2026-05-21 13:00:43,2026-05-22,2,乒乓球厅-11号,10:00-11:00,0,1,可预约,￥5.0,多云,24,22,4,0.0,66,35
2026-05-21 13:30:43,2026-05-22,2,乒乓球厅-11号,10:00-11:00,0,1,可预约,￥5.0,多云,24,22,4,0.0,66,36
2026-05-21 14:00:48,2026-05-22,2,乒乓球厅-11号,10:00-11:00,0,1,可预约,￥5.0,多云,25,23,4,0.0,66,36
2026-05-21 14:30:45,2026-05-22,2,乒乓球厅-11号,10:00-11:00,0,1,可预约,￥5.0,晴,25,25,3,0.0,65,39
2026-05-21 15:00:45,2026-05-22,2,乒乓球厅-11号,10:00-11:00,0,1,可预约,￥5.0,晴,25,22,4,0.0,56,39
2026-05-21 15:30:43,2026-05-22,2,乒乓球厅-11号,10:00-11:00,0,1,可预约,￥5.0,晴,25,23,4,0.0,57,40
2026-05-21 16:00:51,2026-05-22,2,乒乓球厅-11号,10:00-11:00,0,1,可预约,￥5.0,晴,25,23,4,0.0,57,40
2026-05-21 16:30:48,2026-05-22,2,乒乓球厅-11号,10:00-11:00,0,1,可预约,￥5.0,晴,25,24,3,0.0,60,39
2026-05-21 17:00:49,2026-05-22,2,乒乓球厅-11号,10:00-11:00,0,1,可预约,￥5.0,晴,25,24,4,0.0,61,39
2026-05-21 17:30:47,2026-05-22,2,乒乓球厅-11号,10:00-11:00,0,1,可预约,￥5.0,多云,24,23,3,0.0,64,39
2026-05-21 18:00:50,2026-05-22,2,乒乓球厅-11号,10:00-11:00,0,1,可预约,￥5.0,多云,24,23,3,0.0,68,39
2026-05-21 18:30:50,2026-05-22,2,乒乓球厅-11号,10:00-11:00,0,1,可预约,￥5.0,阴,24,25,2,0.0,68,40
2026-05-21 19:00:50,2026-05-22,2,乒乓球厅-11号,10:00-11:00,0,1,可预约,￥5.0,阴,23,23,3,0.0,76,40
2026-05-21 19:30:46,2026-05-22,2,乒乓球厅-11号,10:00-11:00,0,1,可预约,￥5.0,阴,23,24,2,0.0,77,39
2026-05-21 20:00:49,2026-05-22,2,乒乓球厅-11号,10:00-11:00,0,1,可预约,￥5.0,雾,22,23,2,0.0,89,39
2026-05-21 20:30:44,2026-05-22,2,乒乓球厅-11号,10:00-11:00,0,1,可预约,￥5.0,雾,22,24,2,0.0,93,43
2026-05-21 21:00:56,2026-05-22,2,乒乓球厅-11号,10:00-11:00,0,1,可预约,￥5.0,雾,20,21,2,0.0,98,43
2026-05-21 21:30:46,2026-05-22,2,乒乓球厅-11号,10:00-11:00,0,1,可预约,￥5.0,雾,20,22,1,0.0,99,41
2026-05-21 22:01:02,2026-05-22,2,乒乓球厅-11号,10:00-11:00,0,1,可预约,￥5.0,雾,19,20,2,0.0,93,41
2026-05-21 22:30:47,2026-05-22,2,乒乓球厅-11号,10:00-11:00,0,1,可预约,￥5.0,雾,19,19,3,0.0,88,46
2026-05-21 23:00:56,2026-05-22,2,乒乓球厅-11号,10:00-11:00,0,1,可预约,￥5.0,多云,18,17,3,0.0,85,46
2026-05-21 23:30:55,2026-05-22,2,乒乓球厅-11号,10:00-11:00,0,1,可预约,￥5.0,多云,18,17,3,0.0,85,48
2026-05-21 08:00:45,2026-05-22,2,乒乓球厅-11号,11:00-12:00,0,1,可预约,￥5.0,晴,17,12,5,0.0,86,29
2026-05-21 08:02:30,2026-05-22,2,乒乓球厅-11号,11:00-12:00,0,1,可预约,￥5.0,多云,17,12,5,0.0,87,29
2026-05-21 08:05:36,2026-05-22,2,乒乓球厅-11号,11:00-12:00,0,1,可预约,￥5.0,多云,17,12,5,0.0,86,29
2026-05-21 08:08:31,2026-05-22,2,乒乓球厅-11号,11:00-12:00,0,1,可预约,￥5.0,多云,17,12,5,0.0,86,29
2026-05-21 08:11:30,2026-05-22,2,乒乓球厅-11号,11:00-12:00,0,1,可预约,￥5.0,多云,17,12,5,0.0,86,29
2026-05-21 08:14:31,2026-05-22,2,乒乓球厅-11号,11:00-12:00,0,1,可预约,￥5.0,多云,17,12,5,0.0,86,29
2026-05-21 08:17:30,2026-05-22,2,乒乓球厅-11号,11:00-12:00,0,1,可预约,￥5.0,多云,17,12,5,0.0,86,29
2026-05-21 08:20:35,2026-05-22,2,乒乓球厅-11号,11:00-12:00,0,1,可预约,￥5.0,多云,17,14,4,0.0,85,29
2026-05-21 08:25:32,2026-05-22,2,乒乓球厅-11号,11:00-12:00,0,1,可预约,￥5.0,多云,17,14,4,0.0,85,28
2026-05-21 08:30:42,2026-05-22,2,乒乓球厅-11号,11:00-12:00,0,1,可预约,￥5.0,多云,18,15,4,0.0,84,28
2026-05-21 08:35:31,2026-05-22,2,乒乓球厅-11号,11:00-12:00,0,1,可预约,￥5.0,多云,18,15,4,0.0,84,28
2026-05-21 08:40:38,2026-05-22,2,乒乓球厅-11号,11:00-12:00,0,1,可预约,￥5.0,多云,18,15,4,0.0,82,28
2026-05-21 08:45:33,2026-05-22,2,乒乓球厅-11号,11:00-12:00,0,1,可预约,￥5.0,多云,18,15,4,0.0,82,28
2026-05-21 08:50:36,2026-05-22,2,乒乓球厅-11号,11:00-12:00,0,1,可预约,￥5.0,多云,18,15,4,0.0,82,28
2026-05-21 08:55:34,2026-05-22,2,乒乓球厅-11号,11:00-12:00,0,1,可预约,￥5.0,多云,18,15,4,0.0,84,28
2026-05-21 09:00:51,2026-05-22,2,乒乓球厅-11号,11:00-12:00,0,1,可预约,￥5.0,多云,18,15,4,0.0,84,28
2026-05-21 09:01:59,2026-05-22,2,乒乓球厅-11号,11:00-12:00,0,1,可预约,￥5.0,多云,18,15,4,0.0,83,28
2026-05-21 09:05:33,2026-05-22,2,乒乓球厅-11号,11:00-12:00,0,1,可预约,￥5.0,多云,18,15,4,0.0,83,28
2026-05-21 09:20:38,2026-05-22,2,乒乓球厅-11号,11:00-12:00,0,1,可预约,￥5.0,多云,18,16,3,0.0,81,28
2026-05-21 09:30:46,2026-05-22,2,乒乓球厅-11号,11:00-12:00,0,1,可预约,￥5.0,多云,18,16,3,0.0,81,32
2026-05-21 09:40:36,2026-05-22,2,乒乓球厅-11号,11:00-12:00,0,1,可预约,￥5.0,多云,19,17,3,0.0,79,32
2026-05-21 09:50:42,2026-05-22,2,乒乓球厅-11号,11:00-12:00,0,1,可预约,￥5.0,多云,19,17,4,0.0,81,32
2026-05-21 10:00:46,2026-05-22,2,乒乓球厅-11号,11:00-12:00,0,1,可预约,￥5.0,多云,19,17,4,0.0,79,32
2026-05-21 10:10:40,2026-05-22,2,乒乓球厅-11号,11:00-12:00,0,1,可预约,￥5.0,多云,19,17,4,0.0,79,32
2026-05-21 10:20:38,2026-05-22,2,乒乓球厅-11号,11:00-12:00,0,1,可预约,￥5.0,多云,19,17,4,0.0,79,32
2026-05-21 10:30:41,2026-05-22,2,乒乓球厅-11号,11:00-12:00,0,1,可预约,￥5.0,多云,19,18,3,0.0,78,31
2026-05-21 11:00:44,2026-05-22,2,乒乓球厅-11号,11:00-12:00,0,1,可预约,￥5.0,多云,21,17,5,0.0,74,31
2026-05-21 11:30:38,2026-05-22,2,乒乓球厅-11号,11:00-12:00,0,1,可预约,￥5.0,多云,21,19,3,0.0,72,33
2026-05-21 12:00:46,2026-05-22,2,乒乓球厅-11号,11:00-12:00,0,1,可预约,￥5.0,多云,22,19,4,0.0,70,33
2026-05-21 12:30:42,2026-05-22,2,乒乓球厅-11号,11:00-12:00,0,1,可预约,￥5.0,多云,22,21,3,0.0,68,35
2026-05-21 13:00:43,2026-05-22,2,乒乓球厅-11号,11:00-12:00,0,1,可预约,￥5.0,多云,24,22,4,0.0,66,35
2026-05-21 13:30:43,2026-05-22,2,乒乓球厅-11号,11:00-12:00,0,1,可预约,￥5.0,多云,24,22,4,0.0,66,36
2026-05-21 14:00:48,2026-05-22,2,乒乓球厅-11号,11:00-12:00,0,1,可预约,￥5.0,多云,25,23,4,0.0,66,36
2026-05-21 14:30:45,2026-05-22,2,乒乓球厅-11号,11:00-12:00,0,1,可预约,￥5.0,晴,25,25,3,0.0,65,39
2026-05-21 15:00:45,2026-05-22,2,乒乓球厅-11号,11:00-12:00,0,1,可预约,￥5.0,晴,25,22,4,0.0,56,39
2026-05-21 15:30:43,2026-05-22,2,乒乓球厅-11号,11:00-12:00,0,1,可预约,￥5.0,晴,25,23,4,0.0,57,40
2026-05-21 16:00:51,2026-05-22,2,乒乓球厅-11号,11:00-12:00,0,1,可预约,￥5.0,晴,25,23,4,0.0,57,40
2026-05-21 16:30:48,2026-05-22,2,乒乓球厅-11号,11:00-12:00,0,1,可预约,￥5.0,晴,25,24,3,0.0,60,39
2026-05-21 17:00:49,2026-05-22,2,乒乓球厅-11号,11:00-12:00,0,1,可预约,￥5.0,晴,25,24,4,0.0,61,39
2026-05-21 17:30:47,2026-05-22,2,乒乓球厅-11号,11:00-12:00,0,1,可预约,￥5.0,多云,24,23,3,0.0,64,39
2026-05-21 18:00:50,2026-05-22,2,乒乓球厅-11号,11:00-12:00,0,1,可预约,￥5.0,多云,24,23,3,0.0,68,39
2026-05-21 18:30:50,2026-05-22,2,乒乓球厅-11号,11:00-12:00,0,1,可预约,￥5.0,阴,24,25,2,0.0,68,40
2026-05-21 19:00:50,2026-05-22,2,乒乓球厅-11号,11:00-12:00,0,1,可预约,￥5.0,阴,23,23,3,0.0,76,40
2026-05-21 19:30:46,2026-05-22,2,乒乓球厅-11号,11:00-12:00,0,1,可预约,￥5.0,阴,23,24,2,0.0,77,39
2026-05-21 20:00:49,2026-05-22,2,乒乓球厅-11号,11:00-12:00,0,1,可预约,￥5.0,雾,22,23,2,0.0,89,39
2026-05-21 20:30:44,2026-05-22,2,乒乓球厅-11号,11:00-12:00,0,1,可预约,￥5.0,雾,22,24,2,0.0,93,43
2026-05-21 21:00:56,2026-05-22,2,乒乓球厅-11号,11:00-12:00,0,1,可预约,￥5.0,雾,20,21,2,0.0,98,43
2026-05-21 21:30:46,2026-05-22,2,乒乓球厅-11号,11:00-12:00,0,1,可预约,￥5.0,雾,20,22,1,0.0,99,41
2026-05-21 22:01:02,2026-05-22,2,乒乓球厅-11号,11:00-12:00,0,1,可预约,￥5.0,雾,19,20,2,0.0,93,41
2026-05-21 22:30:47,2026-05-22,2,乒乓球厅-11号,11:00-12:00,0,1,可预约,￥5.0,雾,19,19,3,0.0,88,46
2026-05-21 23:00:56,2026-05-22,2,乒乓球厅-11号,11:00-12:00,0,1,可预约,￥5.0,多云,18,17,3,0.0,85,46
2026-05-21 23:30:55,2026-05-22,2,乒乓球厅-11号,11:00-12:00,0,1,可预约,￥5.0,多云,18,17,3,0.0,85,48
2026-05-21 08:00:45,2026-05-22,2,乒乓球厅-11号,12:00-12:55,0,1,可预约,￥0.0,晴,17,12,5,0.0,86,29
2026-05-21 08:02:30,2026-05-22,2,乒乓球厅-11号,12:00-12:55,0,1,可预约,￥0.0,多云,17,12,5,0.0,87,29
2026-05-21 08:05:36,2026-05-22,2,乒乓球厅-11号,12:00-12:55,0,1,可预约,￥0.0,多云,17,12,5,0.0,86,29
2026-05-21 08:08:31,2026-05-22,2,乒乓球厅-11号,12:00-12:55,0,1,可预约,￥0.0,多云,17,12,5,0.0,86,29
2026-05-21 08:11:30,2026-05-22,2,乒乓球厅-11号,12:00-12:55,0,1,可预约,￥0.0,多云,17,12,5,0.0,86,29
2026-05-21 08:14:31,2026-05-22,2,乒乓球厅-11号,12:00-12:55,0,1,可预约,￥0.0,多云,17,12,5,0.0,86,29
2026-05-21 08:17:30,2026-05-22,2,乒乓球厅-11号,12:00-12:55,0,1,可预约,￥0.0,多云,17,12,5,0.0,86,29
2026-05-21 08:20:35,2026-05-22,2,乒乓球厅-11号,12:00-12:55,0,1,可预约,￥0.0,多云,17,14,4,0.0,85,29
2026-05-21 08:25:32,2026-05-22,2,乒乓球厅-11号,12:00-12:55,0,1,可预约,￥0.0,多云,17,14,4,0.0,85,28
2026-05-21 08:30:42,2026-05-22,2,乒乓球厅-11号,12:00-12:55,0,1,可预约,￥0.0,多云,18,15,4,0.0,84,28
2026-05-21 08:35:31,2026-05-22,2,乒乓球厅-11号,12:00-12:55,0,1,可预约,￥0.0,多云,18,15,4,0.0,84,28
2026-05-21 08:40:38,2026-05-22,2,乒乓球厅-11号,12:00-12:55,0,1,可预约,￥0.0,多云,18,15,4,0.0,82,28
2026-05-21 08:45:33,2026-05-22,2,乒乓球厅-11号,12:00-12:55,0,1,可预约,￥0.0,多云,18,15,4,0.0,82,28
2026-05-21 08:50:36,2026-05-22,2,乒乓球厅-11号,12:00-12:55,0,1,可预约,￥0.0,多云,18,15,4,0.0,82,28
2026-05-21 08:55:34,2026-05-22,2,乒乓球厅-11号,12:00-12:55,0,1,可预约,￥0.0,多云,18,15,4,0.0,84,28
2026-05-21 09:00:51,2026-05-22,2,乒乓球厅-11号,12:00-12:55,0,1,可预约,￥0.0,多云,18,15,4,0.0,84,28
2026-05-21 09:01:59,2026-05-22,2,乒乓球厅-11号,12:00-12:55,0,1,可预约,￥0.0,多云,18,15,4,0.0,83,28
2026-05-21 09:05:33,2026-05-22,2,乒乓球厅-11号,12:00-12:55,0,1,可预约,￥0.0,多云,18,15,4,0.0,83,28
2026-05-21 09:20:38,2026-05-22,2,乒乓球厅-11号,12:00-12:55,0,1,可预约,￥0.0,多云,18,16,3,0.0,81,28
2026-05-21 09:30:46,2026-05-22,2,乒乓球厅-11号,12:00-12:55,0,1,可预约,￥0.0,多云,18,16,3,0.0,81,32
2026-05-21 09:40:36,2026-05-22,2,乒乓球厅-11号,12:00-12:55,0,1,可预约,￥0.0,多云,19,17,3,0.0,79,32
2026-05-21 09:50:42,2026-05-22,2,乒乓球厅-11号,12:00-12:55,0,1,可预约,￥0.0,多云,19,17,4,0.0,81,32
2026-05-21 10:00:46,2026-05-22,2,乒乓球厅-11号,12:00-12:55,0,1,可预约,￥0.0,多云,19,17,4,0.0,79,32
2026-05-21 10:10:40,2026-05-22,2,乒乓球厅-11号,12:00-12:55,0,1,可预约,￥0.0,多云,19,17,4,0.0,79,32
2026-05-21 10:20:38,2026-05-22,2,乒乓球厅-11号,12:00-12:55,0,1,可预约,￥0.0,多云,19,17,4,0.0,79,32
2026-05-21 10:30:41,2026-05-22,2,乒乓球厅-11号,12:00-12:55,0,1,可预约,￥0.0,多云,19,18,3,0.0,78,31
2026-05-21 11:00:44,2026-05-22,2,乒乓球厅-11号,12:00-12:55,0,1,可预约,￥0.0,多云,21,17,5,0.0,74,31
2026-05-21 11:30:38,2026-05-22,2,乒乓球厅-11号,12:00-12:55,0,1,可预约,￥0.0,多云,21,19,3,0.0,72,33
2026-05-21 12:00:46,2026-05-22,2,乒乓球厅-11号,12:00-12:55,0,1,可预约,￥0.0,多云,22,19,4,0.0,70,33
2026-05-21 12:30:42,2026-05-22,2,乒乓球厅-11号,12:00-12:55,0,1,可预约,￥0.0,多云,22,21,3,0.0,68,35
2026-05-21 13:00:43,2026-05-22,2,乒乓球厅-11号,12:00-12:55,0,1,可预约,￥0.0,多云,24,22,4,0.0,66,35
2026-05-21 13:30:43,2026-05-22,2,乒乓球厅-11号,12:00-12:55,0,1,可预约,￥0.0,多云,24,22,4,0.0,66,36
2026-05-21 14:00:48,2026-05-22,2,乒乓球厅-11号,12:00-12:55,0,1,可预约,￥0.0,多云,25,23,4,0.0,66,36
2026-05-21 14:30:45,2026-05-22,2,乒乓球厅-11号,12:00-12:55,0,1,可预约,￥0.0,晴,25,25,3,0.0,65,39
2026-05-21 15:00:45,2026-05-22,2,乒乓球厅-11号,12:00-12:55,0,1,可预约,￥0.0,晴,25,22,4,0.0,56,39
2026-05-21 15:30:43,2026-05-22,2,乒乓球厅-11号,12:00-12:55,0,1,可预约,￥0.0,晴,25,23,4,0.0,57,40
2026-05-21 16:00:51,2026-05-22,2,乒乓球厅-11号,12:00-12:55,0,1,可预约,￥0.0,晴,25,23,4,0.0,57,40
2026-05-21 16:30:48,2026-05-22,2,乒乓球厅-11号,12:00-12:55,0,1,可预约,￥0.0,晴,25,24,3,0.0,60,39
2026-05-21 17:00:49,2026-05-22,2,乒乓球厅-11号,12:00-12:55,0,1,可预约,￥0.0,晴,25,24,4,0.0,61,39
2026-05-21 17:30:47,2026-05-22,2,乒乓球厅-11号,12:00-12:55,0,1,可预约,￥0.0,多云,24,23,3,0.0,64,39
2026-05-21 18:00:50,2026-05-22,2,乒乓球厅-11号,12:00-12:55,0,1,可预约,￥0.0,多云,24,23,3,0.0,68,39
2026-05-21 18:30:50,2026-05-22,2,乒乓球厅-11号,12:00-12:55,0,1,可预约,￥0.0,阴,24,25,2,0.0,68,40
2026-05-21 19:00:50,2026-05-22,2,乒乓球厅-11号,12:00-12:55,0,1,可预约,￥0.0,阴,23,23,3,0.0,76,40
2026-05-21 19:30:46,2026-05-22,2,乒乓球厅-11号,12:00-12:55,0,1,可预约,￥0.0,阴,23,24,2,0.0,77,39
2026-05-21 20:00:49,2026-05-22,2,乒乓球厅-11号,12:00-12:55,0,1,可预约,￥0.0,雾,22,23,2,0.0,89,39
2026-05-21 20:30:44,2026-05-22,2,乒乓球厅-11号,12:00-12:55,0,1,可预约,￥0.0,雾,22,24,2,0.0,93,43
2026-05-21 21:00:56,2026-05-22,2,乒乓球厅-11号,12:00-12:55,0,1,可预约,￥0.0,雾,20,21,2,0.0,98,43
2026-05-21 21:30:46,2026-05-22,2,乒乓球厅-11号,12:00-12:55,0,1,可预约,￥0.0,雾,20,22,1,0.0,99,41
2026-05-21 22:01:02,2026-05-22,2,乒乓球厅-11号,12:00-12:55,0,1,可预约,￥0.0,雾,19,20,2,0.0,93,41
2026-05-21 22:30:47,2026-05-22,2,乒乓球厅-11号,12:00-12:55,0,1,可预约,￥0.0,雾,19,19,3,0.0,88,46
2026-05-21 23:00:56,2026-05-22,2,乒乓球厅-11号,12:00-12:55,0,1,可预约,￥0.0,多云,18,17,3,0.0,85,46
2026-05-21 23:30:55,2026-05-22,2,乒乓球厅-11号,12:00-12:55,0,1,可预约,￥0.0,多云,18,17,3,0.0,85,48
2026-05-21 08:00:45,2026-05-22,2,乒乓球厅-11号,12:55-13:50,0,1,可预约,￥0.0,晴,17,12,5,0.0,86,29
2026-05-21 08:02:30,2026-05-22,2,乒乓球厅-11号,12:55-13:50,0,1,可预约,￥0.0,多云,17,12,5,0.0,87,29
2026-05-21 08:05:36,2026-05-22,2,乒乓球厅-11号,12:55-13:50,0,1,可预约,￥0.0,多云,17,12,5,0.0,86,29
2026-05-21 08:08:31,2026-05-22,2,乒乓球厅-11号,12:55-13:50,0,1,可预约,￥0.0,多云,17,12,5,0.0,86,29
2026-05-21 08:11:30,2026-05-22,2,乒乓球厅-11号,12:55-13:50,0,1,可预约,￥0.0,多云,17,12,5,0.0,86,29
2026-05-21 08:14:31,2026-05-22,2,乒乓球厅-11号,12:55-13:50,0,1,可预约,￥0.0,多云,17,12,5,0.0,86,29
2026-05-21 08:17:30,2026-05-22,2,乒乓球厅-11号,12:55-13:50,0,1,可预约,￥0.0,多云,17,12,5,0.0,86,29
2026-05-21 08:20:35,2026-05-22,2,乒乓球厅-11号,12:55-13:50,0,1,可预约,￥0.0,多云,17,14,4,0.0,85,29
2026-05-21 08:25:32,2026-05-22,2,乒乓球厅-11号,12:55-13:50,0,1,可预约,￥0.0,多云,17,14,4,0.0,85,28
2026-05-21 08:30:42,2026-05-22,2,乒乓球厅-11号,12:55-13:50,0,1,可预约,￥0.0,多云,18,15,4,0.0,84,28
2026-05-21 08:35:31,2026-05-22,2,乒乓球厅-11号,12:55-13:50,0,1,可预约,￥0.0,多云,18,15,4,0.0,84,28
2026-05-21 08:40:38,2026-05-22,2,乒乓球厅-11号,12:55-13:50,0,1,可预约,￥0.0,多云,18,15,4,0.0,82,28
2026-05-21 08:45:33,2026-05-22,2,乒乓球厅-11号,12:55-13:50,0,1,可预约,￥0.0,多云,18,15,4,0.0,82,28
2026-05-21 08:50:36,2026-05-22,2,乒乓球厅-11号,12:55-13:50,0,1,可预约,￥0.0,多云,18,15,4,0.0,82,28
2026-05-21 08:55:34,2026-05-22,2,乒乓球厅-11号,12:55-13:50,0,1,可预约,￥0.0,多云,18,15,4,0.0,84,28
2026-05-21 09:00:51,2026-05-22,2,乒乓球厅-11号,12:55-13:50,0,1,可预约,￥0.0,多云,18,15,4,0.0,84,28
2026-05-21 09:01:59,2026-05-22,2,乒乓球厅-11号,12:55-13:50,0,1,可预约,￥0.0,多云,18,15,4,0.0,83,28
2026-05-21 09:05:33,2026-05-22,2,乒乓球厅-11号,12:55-13:50,0,1,可预约,￥0.0,多云,18,15,4,0.0,83,28
2026-05-21 09:20:38,2026-05-22,2,乒乓球厅-11号,12:55-13:50,0,1,可预约,￥0.0,多云,18,16,3,0.0,81,28
2026-05-21 09:30:46,2026-05-22,2,乒乓球厅-11号,12:55-13:50,0,1,可预约,￥0.0,多云,18,16,3,0.0,81,32
2026-05-21 09:40:36,2026-05-22,2,乒乓球厅-11号,12:55-13:50,0,1,可预约,￥0.0,多云,19,17,3,0.0,79,32
2026-05-21 09:50:42,2026-05-22,2,乒乓球厅-11号,12:55-13:50,0,1,可预约,￥0.0,多云,19,17,4,0.0,81,32
2026-05-21 10:00:46,2026-05-22,2,乒乓球厅-11号,12:55-13:50,0,1,可预约,￥0.0,多云,19,17,4,0.0,79,32
2026-05-21 10:10:40,2026-05-22,2,乒乓球厅-11号,12:55-13:50,0,1,可预约,￥0.0,多云,19,17,4,0.0,79,32
2026-05-21 10:20:38,2026-05-22,2,乒乓球厅-11号,12:55-13:50,0,1,可预约,￥0.0,多云,19,17,4,0.0,79,32
2026-05-21 10:30:41,2026-05-22,2,乒乓球厅-11号,12:55-13:50,0,1,可预约,￥0.0,多云,19,18,3,0.0,78,31
2026-05-21 11:00:44,2026-05-22,2,乒乓球厅-11号,12:55-13:50,0,1,可预约,￥0.0,多云,21,17,5,0.0,74,31
2026-05-21 11:30:38,2026-05-22,2,乒乓球厅-11号,12:55-13:50,0,1,可预约,￥0.0,多云,21,19,3,0.0,72,33
2026-05-21 12:00:46,2026-05-22,2,乒乓球厅-11号,12:55-13:50,0,1,可预约,￥0.0,多云,22,19,4,0.0,70,33
2026-05-21 12:30:42,2026-05-22,2,乒乓球厅-11号,12:55-13:50,0,1,可预约,￥0.0,多云,22,21,3,0.0,68,35
2026-05-21 13:00:43,2026-05-22,2,乒乓球厅-11号,12:55-13:50,0,1,可预约,￥0.0,多云,24,22,4,0.0,66,35
2026-05-21 13:30:43,2026-05-22,2,乒乓球厅-11号,12:55-13:50,0,1,可预约,￥0.0,多云,24,22,4,0.0,66,36
2026-05-21 14:00:48,2026-05-22,2,乒乓球厅-11号,12:55-13:50,0,1,可预约,￥0.0,多云,25,23,4,0.0,66,36
2026-05-21 14:30:45,2026-05-22,2,乒乓球厅-11号,12:55-13:50,0,1,可预约,￥0.0,晴,25,25,3,0.0,65,39
2026-05-21 15:00:45,2026-05-22,2,乒乓球厅-11号,12:55-13:50,0,1,可预约,￥0.0,晴,25,22,4,0.0,56,39
2026-05-21 15:30:43,2026-05-22,2,乒乓球厅-11号,12:55-13:50,0,1,可预约,￥0.0,晴,25,23,4,0.0,57,40
2026-05-21 16:00:51,2026-05-22,2,乒乓球厅-11号,12:55-13:50,0,1,可预约,￥0.0,晴,25,23,4,0.0,57,40
2026-05-21 16:30:48,2026-05-22,2,乒乓球厅-11号,12:55-13:50,0,1,可预约,￥0.0,晴,25,24,3,0.0,60,39
2026-05-21 17:00:49,2026-05-22,2,乒乓球厅-11号,12:55-13:50,0,1,可预约,￥0.0,晴,25,24,4,0.0,61,39
2026-05-21 17:30:47,2026-05-22,2,乒乓球厅-11号,12:55-13:50,0,1,可预约,￥0.0,多云,24,23,3,0.0,64,39
2026-05-21 18:00:50,2026-05-22,2,乒乓球厅-11号,12:55-13:50,0,1,可预约,￥0.0,多云,24,23,3,0.0,68,39
2026-05-21 18:30:50,2026-05-22,2,乒乓球厅-11号,12:55-13:50,0,1,可预约,￥0.0,阴,24,25,2,0.0,68,40
2026-05-21 19:00:50,2026-05-22,2,乒乓球厅-11号,12:55-13:50,0,1,可预约,￥0.0,阴,23,23,3,0.0,76,40
2026-05-21 19:30:46,2026-05-22,2,乒乓球厅-11号,12:55-13:50,0,1,可预约,￥0.0,阴,23,24,2,0.0,77,39
2026-05-21 20:00:49,2026-05-22,2,乒乓球厅-11号,12:55-13:50,0,1,可预约,￥0.0,雾,22,23,2,0.0,89,39
2026-05-21 20:30:44,2026-05-22,2,乒乓球厅-11号,12:55-13:50,0,1,可预约,￥0.0,雾,22,24,2,0.0,93,43
2026-05-21 21:00:56,2026-05-22,2,乒乓球厅-11号,12:55-13:50,0,1,可预约,￥0.0,雾,20,21,2,0.0,98,43
2026-05-21 21:30:46,2026-05-22,2,乒乓球厅-11号,12:55-13:50,0,1,可预约,￥0.0,雾,20,22,1,0.0,99,41
2026-05-21 22:01:02,2026-05-22,2,乒乓球厅-11号,12:55-13:50,0,1,可预约,￥0.0,雾,19,20,2,0.0,93,41
2026-05-21 22:30:47,2026-05-22,2,乒乓球厅-11号,12:55-13:50,0,1,可预约,￥0.0,雾,19,19,3,0.0,88,46
2026-05-21 23:00:56,2026-05-22,2,乒乓球厅-11号,12:55-13:50,0,1,可预约,￥0.0,多云,18,17,3,0.0,85,46
2026-05-21 23:30:55,2026-05-22,2,乒乓球厅-11号,12:55-13:50,0,1,可预约,￥0.0,多云,18,17,3,0.0,85,48
2026-05-21 08:00:45,2026-05-22,2,乒乓球厅-11号,14:00-15:00,1,1,已售/已满,教学时间,晴,17,12,5,0.0,86,29
2026-05-21 08:02:30,2026-05-22,2,乒乓球厅-11号,14:00-15:00,1,1,已售/已满,教学时间,多云,17,12,5,0.0,87,29
2026-05-21 08:05:36,2026-05-22,2,乒乓球厅-11号,14:00-15:00,1,1,已售/已满,教学时间,多云,17,12,5,0.0,86,29
2026-05-21 08:08:31,2026-05-22,2,乒乓球厅-11号,14:00-15:00,1,1,已售/已满,教学时间,多云,17,12,5,0.0,86,29
2026-05-21 08:11:30,2026-05-22,2,乒乓球厅-11号,14:00-15:00,1,1,已售/已满,教学时间,多云,17,12,5,0.0,86,29
2026-05-21 08:14:31,2026-05-22,2,乒乓球厅-11号,14:00-15:00,1,1,已售/已满,教学时间,多云,17,12,5,0.0,86,29
2026-05-21 08:17:30,2026-05-22,2,乒乓球厅-11号,14:00-15:00,1,1,已售/已满,教学时间,多云,17,12,5,0.0,86,29
2026-05-21 08:20:35,2026-05-22,2,乒乓球厅-11号,14:00-15:00,1,1,已售/已满,教学时间,多云,17,14,4,0.0,85,29
2026-05-21 08:25:32,2026-05-22,2,乒乓球厅-11号,14:00-15:00,1,1,已售/已满,教学时间,多云,17,14,4,0.0,85,28
2026-05-21 08:30:42,2026-05-22,2,乒乓球厅-11号,14:00-15:00,1,1,已售/已满,教学时间,多云,18,15,4,0.0,84,28
2026-05-21 08:35:31,2026-05-22,2,乒乓球厅-11号,14:00-15:00,1,1,已售/已满,教学时间,多云,18,15,4,0.0,84,28
2026-05-21 08:40:38,2026-05-22,2,乒乓球厅-11号,14:00-15:00,1,1,已售/已满,教学时间,多云,18,15,4,0.0,82,28
2026-05-21 08:45:33,2026-05-22,2,乒乓球厅-11号,14:00-15:00,1,1,已售/已满,教学时间,多云,18,15,4,0.0,82,28
2026-05-21 08:50:36,2026-05-22,2,乒乓球厅-11号,14:00-15:00,1,1,已售/已满,教学时间,多云,18,15,4,0.0,82,28
2026-05-21 08:55:34,2026-05-22,2,乒乓球厅-11号,14:00-15:00,1,1,已售/已满,教学时间,多云,18,15,4,0.0,84,28
2026-05-21 09:00:51,2026-05-22,2,乒乓球厅-11号,14:00-15:00,1,1,已售/已满,教学时间,多云,18,15,4,0.0,84,28
2026-05-21 09:01:59,2026-05-22,2,乒乓球厅-11号,14:00-15:00,1,1,已售/已满,教学时间,多云,18,15,4,0.0,83,28
2026-05-21 09:05:33,2026-05-22,2,乒乓球厅-11号,14:00-15:00,1,1,已售/已满,教学时间,多云,18,15,4,0.0,83,28
2026-05-21 09:20:38,2026-05-22,2,乒乓球厅-11号,14:00-15:00,1,1,已售/已满,教学时间,多云,18,16,3,0.0,81,28
2026-05-21 09:30:46,2026-05-22,2,乒乓球厅-11号,14:00-15:00,1,1,已售/已满,教学时间,多云,18,16,3,0.0,81,32
2026-05-21 09:40:36,2026-05-22,2,乒乓球厅-11号,14:00-15:00,1,1,已售/已满,教学时间,多云,19,17,3,0.0,79,32
2026-05-21 09:50:42,2026-05-22,2,乒乓球厅-11号,14:00-15:00,1,1,已售/已满,教学时间,多云,19,17,4,0.0,81,32
2026-05-21 10:00:46,2026-05-22,2,乒乓球厅-11号,14:00-15:00,1,1,已售/已满,教学时间,多云,19,17,4,0.0,79,32
2026-05-21 10:10:40,2026-05-22,2,乒乓球厅-11号,14:00-15:00,1,1,已售/已满,教学时间,多云,19,17,4,0.0,79,32
2026-05-21 10:20:38,2026-05-22,2,乒乓球厅-11号,14:00-15:00,1,1,已售/已满,教学时间,多云,19,17,4,0.0,79,32
2026-05-21 10:30:41,2026-05-22,2,乒乓球厅-11号,14:00-15:00,1,1,已售/已满,教学时间,多云,19,18,3,0.0,78,31
2026-05-21 11:00:44,2026-05-22,2,乒乓球厅-11号,14:00-15:00,1,1,已售/已满,教学时间,多云,21,17,5,0.0,74,31
2026-05-21 11:30:38,2026-05-22,2,乒乓球厅-11号,14:00-15:00,1,1,已售/已满,教学时间,多云,21,19,3,0.0,72,33
2026-05-21 12:00:46,2026-05-22,2,乒乓球厅-11号,14:00-15:00,1,1,已售/已满,教学时间,多云,22,19,4,0.0,70,33
2026-05-21 12:30:42,2026-05-22,2,乒乓球厅-11号,14:00-15:00,1,1,已售/已满,教学时间,多云,22,21,3,0.0,68,35
2026-05-21 13:00:43,2026-05-22,2,乒乓球厅-11号,14:00-15:00,1,1,已售/已满,教学时间,多云,24,22,4,0.0,66,35
2026-05-21 13:30:43,2026-05-22,2,乒乓球厅-11号,14:00-15:00,1,1,已售/已满,教学时间,多云,24,22,4,0.0,66,36
2026-05-21 14:00:48,2026-05-22,2,乒乓球厅-11号,14:00-15:00,1,1,已售/已满,教学时间,多云,25,23,4,0.0,66,36
2026-05-21 14:30:45,2026-05-22,2,乒乓球厅-11号,14:00-15:00,1,1,已售/已满,教学时间,晴,25,25,3,0.0,65,39
2026-05-21 15:00:45,2026-05-22,2,乒乓球厅-11号,14:00-15:00,1,1,已售/已满,教学时间,晴,25,22,4,0.0,56,39
2026-05-21 15:30:43,2026-05-22,2,乒乓球厅-11号,14:00-15:00,1,1,已售/已满,教学时间,晴,25,23,4,0.0,57,40
2026-05-21 16:00:51,2026-05-22,2,乒乓球厅-11号,14:00-15:00,1,1,已售/已满,教学时间,晴,25,23,4,0.0,57,40
2026-05-21 16:30:48,2026-05-22,2,乒乓球厅-11号,14:00-15:00,1,1,已售/已满,教学时间,晴,25,24,3,0.0,60,39
2026-05-21 17:00:49,2026-05-22,2,乒乓球厅-11号,14:00-15:00,1,1,已售/已满,教学时间,晴,25,24,4,0.0,61,39
2026-05-21 17:30:47,2026-05-22,2,乒乓球厅-11号,14:00-15:00,1,1,已售/已满,教学时间,多云,24,23,3,0.0,64,39
2026-05-21 18:00:50,2026-05-22,2,乒乓球厅-11号,14:00-15:00,1,1,已售/已满,教学时间,多云,24,23,3,0.0,68,39
2026-05-21 18:30:50,2026-05-22,2,乒乓球厅-11号,14:00-15:00,1,1,已售/已满,教学时间,阴,24,25,2,0.0,68,40
2026-05-21 19:00:50,2026-05-22,2,乒乓球厅-11号,14:00-15:00,1,1,已售/已满,教学时间,阴,23,23,3,0.0,76,40
2026-05-21 19:30:46,2026-05-22,2,乒乓球厅-11号,14:00-15:00,1,1,已售/已满,教学时间,阴,23,24,2,0.0,77,39
2026-05-21 20:00:49,2026-05-22,2,乒乓球厅-11号,14:00-15:00,1,1,已售/已满,教学时间,雾,22,23,2,0.0,89,39
2026-05-21 20:30:44,2026-05-22,2,乒乓球厅-11号,14:00-15:00,1,1,已售/已满,教学时间,雾,22,24,2,0.0,93,43
2026-05-21 21:00:56,2026-05-22,2,乒乓球厅-11号,14:00-15:00,1,1,已售/已满,教学时间,雾,20,21,2,0.0,98,43
2026-05-21 21:30:46,2026-05-22,2,乒乓球厅-11号,14:00-15:00,1,1,已售/已满,教学时间,雾,20,22,1,0.0,99,41
2026-05-21 22:01:02,2026-05-22,2,乒乓球厅-11号,14:00-15:00,1,1,已售/已满,教学时间,雾,19,20,2,0.0,93,41
2026-05-21 22:30:47,2026-05-22,2,乒乓球厅-11号,14:00-15:00,1,1,已售/已满,教学时间,雾,19,19,3,0.0,88,46
2026-05-21 23:00:56,2026-05-22,2,乒乓球厅-11号,14:00-15:00,1,1,已售/已满,教学时间,多云,18,17,3,0.0,85,46
2026-05-21 23:30:55,2026-05-22,2,乒乓球厅-11号,14:00-15:00,1,1,已售/已满,教学时间,多云,18,17,3,0.0,85,48
2026-05-21 08:00:45,2026-05-22,2,乒乓球厅-11号,15:00-16:00,1,1,已售/已满,教学时间,晴,17,12,5,0.0,86,29
2026-05-21 08:02:30,2026-05-22,2,乒乓球厅-11号,15:00-16:00,1,1,已售/已满,教学时间,多云,17,12,5,0.0,87,29
2026-05-21 08:05:36,2026-05-22,2,乒乓球厅-11号,15:00-16:00,1,1,已售/已满,教学时间,多云,17,12,5,0.0,86,29
2026-05-21 08:08:31,2026-05-22,2,乒乓球厅-11号,15:00-16:00,1,1,已售/已满,教学时间,多云,17,12,5,0.0,86,29
2026-05-21 08:11:30,2026-05-22,2,乒乓球厅-11号,15:00-16:00,1,1,已售/已满,教学时间,多云,17,12,5,0.0,86,29
2026-05-21 08:14:31,2026-05-22,2,乒乓球厅-11号,15:00-16:00,1,1,已售/已满,教学时间,多云,17,12,5,0.0,86,29
2026-05-21 08:17:30,2026-05-22,2,乒乓球厅-11号,15:00-16:00,1,1,已售/已满,教学时间,多云,17,12,5,0.0,86,29
2026-05-21 08:20:35,2026-05-22,2,乒乓球厅-11号,15:00-16:00,1,1,已售/已满,教学时间,多云,17,14,4,0.0,85,29
2026-05-21 08:25:32,2026-05-22,2,乒乓球厅-11号,15:00-16:00,1,1,已售/已满,教学时间,多云,17,14,4,0.0,85,28
2026-05-21 08:30:42,2026-05-22,2,乒乓球厅-11号,15:00-16:00,1,1,已售/已满,教学时间,多云,18,15,4,0.0,84,28
2026-05-21 08:35:31,2026-05-22,2,乒乓球厅-11号,15:00-16:00,1,1,已售/已满,教学时间,多云,18,15,4,0.0,84,28
2026-05-21 08:40:38,2026-05-22,2,乒乓球厅-11号,15:00-16:00,1,1,已售/已满,教学时间,多云,18,15,4,0.0,82,28
2026-05-21 08:45:33,2026-05-22,2,乒乓球厅-11号,15:00-16:00,1,1,已售/已满,教学时间,多云,18,15,4,0.0,82,28
2026-05-21 08:50:36,2026-05-22,2,乒乓球厅-11号,15:00-16:00,1,1,已售/已满,教学时间,多云,18,15,4,0.0,82,28
2026-05-21 08:55:34,2026-05-22,2,乒乓球厅-11号,15:00-16:00,1,1,已售/已满,教学时间,多云,18,15,4,0.0,84,28
2026-05-21 09:00:51,2026-05-22,2,乒乓球厅-11号,15:00-16:00,1,1,已售/已满,教学时间,多云,18,15,4,0.0,84,28
2026-05-21 09:01:59,2026-05-22,2,乒乓球厅-11号,15:00-16:00,1,1,已售/已满,教学时间,多云,18,15,4,0.0,83,28
2026-05-21 09:05:33,2026-05-22,2,乒乓球厅-11号,15:00-16:00,1,1,已售/已满,教学时间,多云,18,15,4,0.0,83,28
2026-05-21 09:20:38,2026-05-22,2,乒乓球厅-11号,15:00-16:00,1,1,已售/已满,教学时间,多云,18,16,3,0.0,81,28
2026-05-21 09:30:46,2026-05-22,2,乒乓球厅-11号,15:00-16:00,1,1,已售/已满,教学时间,多云,18,16,3,0.0,81,32
2026-05-21 09:40:36,2026-05-22,2,乒乓球厅-11号,15:00-16:00,1,1,已售/已满,教学时间,多云,19,17,3,0.0,79,32
2026-05-21 09:50:42,2026-05-22,2,乒乓球厅-11号,15:00-16:00,1,1,已售/已满,教学时间,多云,19,17,4,0.0,81,32
2026-05-21 10:00:46,2026-05-22,2,乒乓球厅-11号,15:00-16:00,1,1,已售/已满,教学时间,多云,19,17,4,0.0,79,32
2026-05-21 10:10:40,2026-05-22,2,乒乓球厅-11号,15:00-16:00,1,1,已售/已满,教学时间,多云,19,17,4,0.0,79,32
2026-05-21 10:20:38,2026-05-22,2,乒乓球厅-11号,15:00-16:00,1,1,已售/已满,教学时间,多云,19,17,4,0.0,79,32
2026-05-21 10:30:41,2026-05-22,2,乒乓球厅-11号,15:00-16:00,1,1,已售/已满,教学时间,多云,19,18,3,0.0,78,31
2026-05-21 11:00:44,2026-05-22,2,乒乓球厅-11号,15:00-16:00,1,1,已售/已满,教学时间,多云,21,17,5,0.0,74,31
2026-05-21 11:30:38,2026-05-22,2,乒乓球厅-11号,15:00-16:00,1,1,已售/已满,教学时间,多云,21,19,3,0.0,72,33
2026-05-21 12:00:46,2026-05-22,2,乒乓球厅-11号,15:00-16:00,1,1,已售/已满,教学时间,多云,22,19,4,0.0,70,33
2026-05-21 12:30:42,2026-05-22,2,乒乓球厅-11号,15:00-16:00,1,1,已售/已满,教学时间,多云,22,21,3,0.0,68,35
2026-05-21 13:00:43,2026-05-22,2,乒乓球厅-11号,15:00-16:00,1,1,已售/已满,教学时间,多云,24,22,4,0.0,66,35
2026-05-21 13:30:43,2026-05-22,2,乒乓球厅-11号,15:00-16:00,1,1,已售/已满,教学时间,多云,24,22,4,0.0,66,36
2026-05-21 14:00:48,2026-05-22,2,乒乓球厅-11号,15:00-16:00,1,1,已售/已满,教学时间,多云,25,23,4,0.0,66,36
2026-05-21 14:30:45,2026-05-22,2,乒乓球厅-11号,15:00-16:00,1,1,已售/已满,教学时间,晴,25,25,3,0.0,65,39
2026-05-21 15:00:45,2026-05-22,2,乒乓球厅-11号,15:00-16:00,1,1,已售/已满,教学时间,晴,25,22,4,0.0,56,39
2026-05-21 15:30:43,2026-05-22,2,乒乓球厅-11号,15:00-16:00,1,1,已售/已满,教学时间,晴,25,23,4,0.0,57,40
2026-05-21 16:00:51,2026-05-22,2,乒乓球厅-11号,15:00-16:00,1,1,已售/已满,教学时间,晴,25,23,4,0.0,57,40
2026-05-21 16:30:48,2026-05-22,2,乒乓球厅-11号,15:00-16:00,1,1,已售/已满,教学时间,晴,25,24,3,0.0,60,39
2026-05-21 17:00:49,2026-05-22,2,乒乓球厅-11号,15:00-16:00,1,1,已售/已满,教学时间,晴,25,24,4,0.0,61,39
2026-05-21 17:30:47,2026-05-22,2,乒乓球厅-11号,15:00-16:00,1,1,已售/已满,教学时间,多云,24,23,3,0.0,64,39
2026-05-21 18:00:50,2026-05-22,2,乒乓球厅-11号,15:00-16:00,1,1,已售/已满,教学时间,多云,24,23,3,0.0,68,39
2026-05-21 18:30:50,2026-05-22,2,乒乓球厅-11号,15:00-16:00,1,1,已售/已满,教学时间,阴,24,25,2,0.0,68,40
2026-05-21 19:00:50,2026-05-22,2,乒乓球厅-11号,15:00-16:00,1,1,已售/已满,教学时间,阴,23,23,3,0.0,76,40
2026-05-21 19:30:46,2026-05-22,2,乒乓球厅-11号,15:00-16:00,1,1,已售/已满,教学时间,阴,23,24,2,0.0,77,39
2026-05-21 20:00:49,2026-05-22,2,乒乓球厅-11号,15:00-16:00,1,1,已售/已满,教学时间,雾,22,23,2,0.0,89,39
2026-05-21 20:30:44,2026-05-22,2,乒乓球厅-11号,15:00-16:00,1,1,已售/已满,教学时间,雾,22,24,2,0.0,93,43
2026-05-21 21:00:56,2026-05-22,2,乒乓球厅-11号,15:00-16:00,1,1,已售/已满,教学时间,雾,20,21,2,0.0,98,43
2026-05-21 21:30:46,2026-05-22,2,乒乓球厅-11号,15:00-16:00,1,1,已售/已满,教学时间,雾,20,22,1,0.0,99,41
2026-05-21 22:01:02,2026-05-22,2,乒乓球厅-11号,15:00-16:00,1,1,已售/已满,教学时间,雾,19,20,2,0.0,93,41
2026-05-21 22:30:47,2026-05-22,2,乒乓球厅-11号,15:00-16:00,1,1,已售/已满,教学时间,雾,19,19,3,0.0,88,46
2026-05-21 23:00:56,2026-05-22,2,乒乓球厅-11号,15:00-16:00,1,1,已售/已满,教学时间,多云,18,17,3,0.0,85,46
2026-05-21 23:30:55,2026-05-22,2,乒乓球厅-11号,15:00-16:00,1,1,已售/已满,教学时间,多云,18,17,3,0.0,85,48
2026-05-21 08:00:45,2026-05-22,2,乒乓球厅-11号,16:00-17:00,0,1,可预约,￥5.0,晴,17,12,5,0.0,86,29
2026-05-21 08:02:30,2026-05-22,2,乒乓球厅-11号,16:00-17:00,0,1,可预约,￥5.0,多云,17,12,5,0.0,87,29
2026-05-21 08:05:36,2026-05-22,2,乒乓球厅-11号,16:00-17:00,0,1,可预约,￥5.0,多云,17,12,5,0.0,86,29
2026-05-21 08:08:31,2026-05-22,2,乒乓球厅-11号,16:00-17:00,0,1,可预约,￥5.0,多云,17,12,5,0.0,86,29
2026-05-21 08:11:30,2026-05-22,2,乒乓球厅-11号,16:00-17:00,0,1,可预约,￥5.0,多云,17,12,5,0.0,86,29
2026-05-21 08:14:31,2026-05-22,2,乒乓球厅-11号,16:00-17:00,0,1,可预约,￥5.0,多云,17,12,5,0.0,86,29
2026-05-21 08:17:30,2026-05-22,2,乒乓球厅-11号,16:00-17:00,0,1,可预约,￥5.0,多云,17,12,5,0.0,86,29
2026-05-21 08:20:35,2026-05-22,2,乒乓球厅-11号,16:00-17:00,0,1,可预约,￥5.0,多云,17,14,4,0.0,85,29
2026-05-21 08:25:32,2026-05-22,2,乒乓球厅-11号,16:00-17:00,0,1,可预约,￥5.0,多云,17,14,4,0.0,85,28
2026-05-21 08:30:42,2026-05-22,2,乒乓球厅-11号,16:00-17:00,0,1,可预约,￥5.0,多云,18,15,4,0.0,84,28
2026-05-21 08:35:31,2026-05-22,2,乒乓球厅-11号,16:00-17:00,0,1,可预约,￥5.0,多云,18,15,4,0.0,84,28
2026-05-21 08:40:38,2026-05-22,2,乒乓球厅-11号,16:00-17:00,0,1,可预约,￥5.0,多云,18,15,4,0.0,82,28
2026-05-21 08:45:33,2026-05-22,2,乒乓球厅-11号,16:00-17:00,0,1,可预约,￥5.0,多云,18,15,4,0.0,82,28
2026-05-21 08:50:36,2026-05-22,2,乒乓球厅-11号,16:00-17:00,0,1,可预约,￥5.0,多云,18,15,4,0.0,82,28
2026-05-21 08:55:34,2026-05-22,2,乒乓球厅-11号,16:00-17:00,0,1,可预约,￥5.0,多云,18,15,4,0.0,84,28
2026-05-21 09:00:51,2026-05-22,2,乒乓球厅-11号,16:00-17:00,0,1,可预约,￥5.0,多云,18,15,4,0.0,84,28
2026-05-21 09:01:59,2026-05-22,2,乒乓球厅-11号,16:00-17:00,0,1,可预约,￥5.0,多云,18,15,4,0.0,83,28
2026-05-21 09:05:33,2026-05-22,2,乒乓球厅-11号,16:00-17:00,0,1,可预约,￥5.0,多云,18,15,4,0.0,83,28
2026-05-21 09:20:38,2026-05-22,2,乒乓球厅-11号,16:00-17:00,0,1,可预约,￥5.0,多云,18,16,3,0.0,81,28
2026-05-21 09:30:46,2026-05-22,2,乒乓球厅-11号,16:00-17:00,0,1,可预约,￥5.0,多云,18,16,3,0.0,81,32
2026-05-21 09:40:36,2026-05-22,2,乒乓球厅-11号,16:00-17:00,0,1,可预约,￥5.0,多云,19,17,3,0.0,79,32
2026-05-21 09:50:42,2026-05-22,2,乒乓球厅-11号,16:00-17:00,0,1,可预约,￥5.0,多云,19,17,4,0.0,81,32
2026-05-21 10:00:46,2026-05-22,2,乒乓球厅-11号,16:00-17:00,0,1,可预约,￥5.0,多云,19,17,4,0.0,79,32
2026-05-21 10:10:40,2026-05-22,2,乒乓球厅-11号,16:00-17:00,0,1,可预约,￥5.0,多云,19,17,4,0.0,79,32
2026-05-21 10:20:38,2026-05-22,2,乒乓球厅-11号,16:00-17:00,0,1,可预约,￥5.0,多云,19,17,4,0.0,79,32
2026-05-21 10:30:41,2026-05-22,2,乒乓球厅-11号,16:00-17:00,0,1,可预约,￥5.0,多云,19,18,3,0.0,78,31
2026-05-21 11:00:44,2026-05-22,2,乒乓球厅-11号,16:00-17:00,0,1,可预约,￥5.0,多云,21,17,5,0.0,74,31
2026-05-21 11:30:38,2026-05-22,2,乒乓球厅-11号,16:00-17:00,0,1,可预约,￥5.0,多云,21,19,3,0.0,72,33
2026-05-21 12:00:46,2026-05-22,2,乒乓球厅-11号,16:00-17:00,0,1,可预约,￥5.0,多云,22,19,4,0.0,70,33
2026-05-21 12:30:42,2026-05-22,2,乒乓球厅-11号,16:00-17:00,0,1,可预约,￥5.0,多云,22,21,3,0.0,68,35
2026-05-21 13:00:43,2026-05-22,2,乒乓球厅-11号,16:00-17:00,0,1,可预约,￥5.0,多云,24,22,4,0.0,66,35
2026-05-21 13:30:43,2026-05-22,2,乒乓球厅-11号,16:00-17:00,0,1,可预约,￥5.0,多云,24,22,4,0.0,66,36
2026-05-21 14:00:48,2026-05-22,2,乒乓球厅-11号,16:00-17:00,0,1,可预约,￥5.0,多云,25,23,4,0.0,66,36
2026-05-21 14:30:45,2026-05-22,2,乒乓球厅-11号,16:00-17:00,0,1,可预约,￥5.0,晴,25,25,3,0.0,65,39
2026-05-21 15:00:45,2026-05-22,2,乒乓球厅-11号,16:00-17:00,0,1,可预约,￥5.0,晴,25,22,4,0.0,56,39
2026-05-21 15:30:43,2026-05-22,2,乒乓球厅-11号,16:00-17:00,0,1,可预约,￥5.0,晴,25,23,4,0.0,57,40
2026-05-21 16:00:51,2026-05-22,2,乒乓球厅-11号,16:00-17:00,0,1,可预约,￥5.0,晴,25,23,4,0.0,57,40
2026-05-21 16:30:48,2026-05-22,2,乒乓球厅-11号,16:00-17:00,0,1,可预约,￥5.0,晴,25,24,3,0.0,60,39
2026-05-21 17:00:49,2026-05-22,2,乒乓球厅-11号,16:00-17:00,0,1,可预约,￥5.0,晴,25,24,4,0.0,61,39
2026-05-21 17:30:47,2026-05-22,2,乒乓球厅-11号,16:00-17:00,0,1,可预约,￥5.0,多云,24,23,3,0.0,64,39
2026-05-21 18:00:50,2026-05-22,2,乒乓球厅-11号,16:00-17:00,0,1,可预约,￥5.0,多云,24,23,3,0.0,68,39
2026-05-21 18:30:50,2026-05-22,2,乒乓球厅-11号,16:00-17:00,0,1,可预约,￥5.0,阴,24,25,2,0.0,68,40
2026-05-21 19:00:50,2026-05-22,2,乒乓球厅-11号,16:00-17:00,0,1,可预约,￥5.0,阴,23,23,3,0.0,76,40
2026-05-21 19:30:46,2026-05-22,2,乒乓球厅-11号,16:00-17:00,0,1,可预约,￥5.0,阴,23,24,2,0.0,77,39
2026-05-21 20:00:49,2026-05-22,2,乒乓球厅-11号,16:00-17:00,0,1,可预约,￥5.0,雾,22,23,2,0.0,89,39
2026-05-21 20:30:44,2026-05-22,2,乒乓球厅-11号,16:00-17:00,0,1,可预约,￥5.0,雾,22,24,2,0.0,93,43
2026-05-21 21:00:56,2026-05-22,2,乒乓球厅-11号,16:00-17:00,0,1,可预约,￥5.0,雾,20,21,2,0.0,98,43
2026-05-21 21:30:46,2026-05-22,2,乒乓球厅-11号,16:00-17:00,0,1,可预约,￥5.0,雾,20,22,1,0.0,99,41
2026-05-21 22:01:02,2026-05-22,2,乒乓球厅-11号,16:00-17:00,0,1,可预约,￥5.0,雾,19,20,2,0.0,93,41
2026-05-21 22:30:47,2026-05-22,2,乒乓球厅-11号,16:00-17:00,0,1,可预约,￥5.0,雾,19,19,3,0.0,88,46
2026-05-21 23:00:56,2026-05-22,2,乒乓球厅-11号,16:00-17:00,0,1,可预约,￥5.0,多云,18,17,3,0.0,85,46
2026-05-21 23:30:55,2026-05-22,2,乒乓球厅-11号,16:00-17:00,0,1,可预约,￥5.0,多云,18,17,3,0.0,85,48
2026-05-21 08:00:45,2026-05-22,2,乒乓球厅-11号,17:00-18:00,0,1,可预约,￥5.0,晴,17,12,5,0.0,86,29
2026-05-21 08:02:30,2026-05-22,2,乒乓球厅-11号,17:00-18:00,0,1,可预约,￥5.0,多云,17,12,5,0.0,87,29
2026-05-21 08:05:36,2026-05-22,2,乒乓球厅-11号,17:00-18:00,0,1,可预约,￥5.0,多云,17,12,5,0.0,86,29
2026-05-21 08:08:31,2026-05-22,2,乒乓球厅-11号,17:00-18:00,0,1,可预约,￥5.0,多云,17,12,5,0.0,86,29
2026-05-21 08:11:30,2026-05-22,2,乒乓球厅-11号,17:00-18:00,0,1,可预约,￥5.0,多云,17,12,5,0.0,86,29
2026-05-21 08:14:31,2026-05-22,2,乒乓球厅-11号,17:00-18:00,0,1,可预约,￥5.0,多云,17,12,5,0.0,86,29
2026-05-21 08:17:30,2026-05-22,2,乒乓球厅-11号,17:00-18:00,0,1,可预约,￥5.0,多云,17,12,5,0.0,86,29
2026-05-21 08:20:35,2026-05-22,2,乒乓球厅-11号,17:00-18:00,0,1,可预约,￥5.0,多云,17,14,4,0.0,85,29
2026-05-21 08:25:32,2026-05-22,2,乒乓球厅-11号,17:00-18:00,0,1,可预约,￥5.0,多云,17,14,4,0.0,85,28
2026-05-21 08:30:42,2026-05-22,2,乒乓球厅-11号,17:00-18:00,0,1,可预约,￥5.0,多云,18,15,4,0.0,84,28
2026-05-21 08:35:31,2026-05-22,2,乒乓球厅-11号,17:00-18:00,0,1,可预约,￥5.0,多云,18,15,4,0.0,84,28
2026-05-21 08:40:38,2026-05-22,2,乒乓球厅-11号,17:00-18:00,0,1,可预约,￥5.0,多云,18,15,4,0.0,82,28
2026-05-21 08:45:33,2026-05-22,2,乒乓球厅-11号,17:00-18:00,0,1,可预约,￥5.0,多云,18,15,4,0.0,82,28
2026-05-21 08:50:36,2026-05-22,2,乒乓球厅-11号,17:00-18:00,0,1,可预约,￥5.0,多云,18,15,4,0.0,82,28
2026-05-21 08:55:34,2026-05-22,2,乒乓球厅-11号,17:00-18:00,0,1,可预约,￥5.0,多云,18,15,4,0.0,84,28
2026-05-21 09:00:51,2026-05-22,2,乒乓球厅-11号,17:00-18:00,0,1,可预约,￥5.0,多云,18,15,4,0.0,84,28
2026-05-21 09:01:59,2026-05-22,2,乒乓球厅-11号,17:00-18:00,0,1,可预约,￥5.0,多云,18,15,4,0.0,83,28
2026-05-21 09:05:33,2026-05-22,2,乒乓球厅-11号,17:00-18:00,0,1,可预约,￥5.0,多云,18,15,4,0.0,83,28
2026-05-21 09:20:38,2026-05-22,2,乒乓球厅-11号,17:00-18:00,0,1,可预约,￥5.0,多云,18,16,3,0.0,81,28
2026-05-21 09:30:46,2026-05-22,2,乒乓球厅-11号,17:00-18:00,0,1,可预约,￥5.0,多云,18,16,3,0.0,81,32
2026-05-21 09:40:36,2026-05-22,2,乒乓球厅-11号,17:00-18:00,0,1,可预约,￥5.0,多云,19,17,3,0.0,79,32
2026-05-21 09:50:42,2026-05-22,2,乒乓球厅-11号,17:00-18:00,0,1,可预约,￥5.0,多云,19,17,4,0.0,81,32
2026-05-21 10:00:46,2026-05-22,2,乒乓球厅-11号,17:00-18:00,0,1,可预约,￥5.0,多云,19,17,4,0.0,79,32
2026-05-21 10:10:40,2026-05-22,2,乒乓球厅-11号,17:00-18:00,0,1,可预约,￥5.0,多云,19,17,4,0.0,79,32
2026-05-21 10:20:38,2026-05-22,2,乒乓球厅-11号,17:00-18:00,0,1,可预约,￥5.0,多云,19,17,4,0.0,79,32
2026-05-21 10:30:41,2026-05-22,2,乒乓球厅-11号,17:00-18:00,0,1,可预约,￥5.0,多云,19,18,3,0.0,78,31
2026-05-21 11:00:44,2026-05-22,2,乒乓球厅-11号,17:00-18:00,0,1,可预约,￥5.0,多云,21,17,5,0.0,74,31
2026-05-21 11:30:38,2026-05-22,2,乒乓球厅-11号,17:00-18:00,0,1,可预约,￥5.0,多云,21,19,3,0.0,72,33
2026-05-21 12:00:46,2026-05-22,2,乒乓球厅-11号,17:00-18:00,0,1,可预约,￥5.0,多云,22,19,4,0.0,70,33
2026-05-21 12:30:42,2026-05-22,2,乒乓球厅-11号,17:00-18:00,0,1,可预约,￥5.0,多云,22,21,3,0.0,68,35
2026-05-21 13:00:43,2026-05-22,2,乒乓球厅-11号,17:00-18:00,0,1,可预约,￥5.0,多云,24,22,4,0.0,66,35
2026-05-21 13:30:43,2026-05-22,2,乒乓球厅-11号,17:00-18:00,0,1,可预约,￥5.0,多云,24,22,4,0.0,66,36
2026-05-21 14:00:48,2026-05-22,2,乒乓球厅-11号,17:00-18:00,0,1,可预约,￥5.0,多云,25,23,4,0.0,66,36
2026-05-21 14:30:45,2026-05-22,2,乒乓球厅-11号,17:00-18:00,0,1,可预约,￥5.0,晴,25,25,3,0.0,65,39
2026-05-21 15:00:45,2026-05-22,2,乒乓球厅-11号,17:00-18:00,0,1,可预约,￥5.0,晴,25,22,4,0.0,56,39
2026-05-21 15:30:43,2026-05-22,2,乒乓球厅-11号,17:00-18:00,0,1,可预约,￥5.0,晴,25,23,4,0.0,57,40
2026-05-21 16:00:51,2026-05-22,2,乒乓球厅-11号,17:00-18:00,0,1,可预约,￥5.0,晴,25,23,4,0.0,57,40
2026-05-21 16:30:48,2026-05-22,2,乒乓球厅-11号,17:00-18:00,0,1,可预约,￥5.0,晴,25,24,3,0.0,60,39
2026-05-21 17:00:49,2026-05-22,2,乒乓球厅-11号,17:00-18:00,0,1,可预约,￥5.0,晴,25,24,4,0.0,61,39
2026-05-21 17:30:47,2026-05-22,2,乒乓球厅-11号,17:00-18:00,0,1,可预约,￥5.0,多云,24,23,3,0.0,64,39
2026-05-21 18:00:50,2026-05-22,2,乒乓球厅-11号,17:00-18:00,0,1,可预约,￥5.0,多云,24,23,3,0.0,68,39
2026-05-21 18:30:50,2026-05-22,2,乒乓球厅-11号,17:00-18:00,0,1,可预约,￥5.0,阴,24,25,2,0.0,68,40
2026-05-21 19:00:50,2026-05-22,2,乒乓球厅-11号,17:00-18:00,0,1,可预约,￥5.0,阴,23,23,3,0.0,76,40
2026-05-21 19:30:46,2026-05-22,2,乒乓球厅-11号,17:00-18:00,0,1,可预约,￥5.0,阴,23,24,2,0.0,77,39
2026-05-21 20:00:49,2026-05-22,2,乒乓球厅-11号,17:00-18:00,0,1,可预约,￥5.0,雾,22,23,2,0.0,89,39
2026-05-21 20:30:44,2026-05-22,2,乒乓球厅-11号,17:00-18:00,0,1,可预约,￥5.0,雾,22,24,2,0.0,93,43
2026-05-21 21:00:56,2026-05-22,2,乒乓球厅-11号,17:00-18:00,0,1,可预约,￥5.0,雾,20,21,2,0.0,98,43
2026-05-21 21:30:46,2026-05-22,2,乒乓球厅-11号,17:00-18:00,0,1,可预约,￥5.0,雾,20,22,1,0.0,99,41
2026-05-21 22:01:02,2026-05-22,2,乒乓球厅-11号,17:00-18:00,0,1,可预约,￥5.0,雾,19,20,2,0.0,93,41
2026-05-21 22:30:47,2026-05-22,2,乒乓球厅-11号,17:00-18:00,0,1,可预约,￥5.0,雾,19,19,3,0.0,88,46
2026-05-21 23:00:56,2026-05-22,2,乒乓球厅-11号,17:00-18:00,0,1,可预约,￥5.0,多云,18,17,3,0.0,85,46
2026-05-21 23:30:55,2026-05-22,2,乒乓球厅-11号,17:00-18:00,0,1,可预约,￥5.0,多云,18,17,3,0.0,85,48
2026-05-21 08:00:45,2026-05-22,2,乒乓球厅-11号,18:30-19:30,0,1,可预约,￥5.0,晴,17,12,5,0.0,86,29
2026-05-21 08:02:30,2026-05-22,2,乒乓球厅-11号,18:30-19:30,0,1,可预约,￥5.0,多云,17,12,5,0.0,87,29
2026-05-21 08:05:36,2026-05-22,2,乒乓球厅-11号,18:30-19:30,0,1,可预约,￥5.0,多云,17,12,5,0.0,86,29
2026-05-21 08:08:31,2026-05-22,2,乒乓球厅-11号,18:30-19:30,0,1,可预约,￥5.0,多云,17,12,5,0.0,86,29
2026-05-21 08:11:30,2026-05-22,2,乒乓球厅-11号,18:30-19:30,0,1,可预约,￥5.0,多云,17,12,5,0.0,86,29
2026-05-21 08:14:31,2026-05-22,2,乒乓球厅-11号,18:30-19:30,0,1,可预约,￥5.0,多云,17,12,5,0.0,86,29
2026-05-21 08:17:30,2026-05-22,2,乒乓球厅-11号,18:30-19:30,0,1,可预约,￥5.0,多云,17,12,5,0.0,86,29
2026-05-21 08:20:35,2026-05-22,2,乒乓球厅-11号,18:30-19:30,0,1,可预约,￥5.0,多云,17,14,4,0.0,85,29
2026-05-21 08:25:32,2026-05-22,2,乒乓球厅-11号,18:30-19:30,0,1,可预约,￥5.0,多云,17,14,4,0.0,85,28
2026-05-21 08:30:42,2026-05-22,2,乒乓球厅-11号,18:30-19:30,0,1,可预约,￥5.0,多云,18,15,4,0.0,84,28
2026-05-21 08:35:31,2026-05-22,2,乒乓球厅-11号,18:30-19:30,0,1,可预约,￥5.0,多云,18,15,4,0.0,84,28
2026-05-21 08:40:38,2026-05-22,2,乒乓球厅-11号,18:30-19:30,0,1,可预约,￥5.0,多云,18,15,4,0.0,82,28
2026-05-21 08:45:33,2026-05-22,2,乒乓球厅-11号,18:30-19:30,0,1,可预约,￥5.0,多云,18,15,4,0.0,82,28
2026-05-21 08:50:36,2026-05-22,2,乒乓球厅-11号,18:30-19:30,0,1,可预约,￥5.0,多云,18,15,4,0.0,82,28
2026-05-21 08:55:34,2026-05-22,2,乒乓球厅-11号,18:30-19:30,0,1,可预约,￥5.0,多云,18,15,4,0.0,84,28
2026-05-21 09:00:51,2026-05-22,2,乒乓球厅-11号,18:30-19:30,0,1,可预约,￥5.0,多云,18,15,4,0.0,84,28
2026-05-21 09:01:59,2026-05-22,2,乒乓球厅-11号,18:30-19:30,0,1,可预约,￥5.0,多云,18,15,4,0.0,83,28
2026-05-21 09:05:33,2026-05-22,2,乒乓球厅-11号,18:30-19:30,0,1,可预约,￥5.0,多云,18,15,4,0.0,83,28
2026-05-21 09:20:38,2026-05-22,2,乒乓球厅-11号,18:30-19:30,0,1,可预约,￥5.0,多云,18,16,3,0.0,81,28
2026-05-21 09:30:46,2026-05-22,2,乒乓球厅-11号,18:30-19:30,0,1,可预约,￥5.0,多云,18,16,3,0.0,81,32
2026-05-21 09:40:36,2026-05-22,2,乒乓球厅-11号,18:30-19:30,0,1,可预约,￥5.0,多云,19,17,3,0.0,79,32
2026-05-21 09:50:42,2026-05-22,2,乒乓球厅-11号,18:30-19:30,0,1,可预约,￥5.0,多云,19,17,4,0.0,81,32
2026-05-21 10:00:46,2026-05-22,2,乒乓球厅-11号,18:30-19:30,0,1,可预约,￥5.0,多云,19,17,4,0.0,79,32
2026-05-21 10:10:40,2026-05-22,2,乒乓球厅-11号,18:30-19:30,0,1,可预约,￥5.0,多云,19,17,4,0.0,79,32
2026-05-21 10:20:38,2026-05-22,2,乒乓球厅-11号,18:30-19:30,0,1,可预约,￥5.0,多云,19,17,4,0.0,79,32
2026-05-21 10:30:41,2026-05-22,2,乒乓球厅-11号,18:30-19:30,0,1,可预约,￥5.0,多云,19,18,3,0.0,78,31
2026-05-21 11:00:44,2026-05-22,2,乒乓球厅-11号,18:30-19:30,0,1,可预约,￥5.0,多云,21,17,5,0.0,74,31
2026-05-21 11:30:38,2026-05-22,2,乒乓球厅-11号,18:30-19:30,0,1,可预约,￥5.0,多云,21,19,3,0.0,72,33
2026-05-21 12:00:46,2026-05-22,2,乒乓球厅-11号,18:30-19:30,0,1,可预约,￥5.0,多云,22,19,4,0.0,70,33
2026-05-21 12:30:42,2026-05-22,2,乒乓球厅-11号,18:30-19:30,0,1,可预约,￥5.0,多云,22,21,3,0.0,68,35
2026-05-21 13:00:43,2026-05-22,2,乒乓球厅-11号,18:30-19:30,0,1,可预约,￥5.0,多云,24,22,4,0.0,66,35
2026-05-21 13:30:43,2026-05-22,2,乒乓球厅-11号,18:30-19:30,0,1,可预约,￥5.0,多云,24,22,4,0.0,66,36
2026-05-21 14:00:48,2026-05-22,2,乒乓球厅-11号,18:30-19:30,0,1,可预约,￥5.0,多云,25,23,4,0.0,66,36
2026-05-21 14:30:45,2026-05-22,2,乒乓球厅-11号,18:30-19:30,0,1,可预约,￥5.0,晴,25,25,3,0.0,65,39
2026-05-21 15:00:45,2026-05-22,2,乒乓球厅-11号,18:30-19:30,0,1,可预约,￥5.0,晴,25,22,4,0.0,56,39
2026-05-21 15:30:43,2026-05-22,2,乒乓球厅-11号,18:30-19:30,0,1,可预约,￥5.0,晴,25,23,4,0.0,57,40
2026-05-21 16:00:51,2026-05-22,2,乒乓球厅-11号,18:30-19:30,0,1,可预约,￥5.0,晴,25,23,4,0.0,57,40
2026-05-21 16:30:48,2026-05-22,2,乒乓球厅-11号,18:30-19:30,0,1,可预约,￥5.0,晴,25,24,3,0.0,60,39
2026-05-21 17:00:49,2026-05-22,2,乒乓球厅-11号,18:30-19:30,0,1,可预约,￥5.0,晴,25,24,4,0.0,61,39
2026-05-21 17:30:47,2026-05-22,2,乒乓球厅-11号,18:30-19:30,0,1,可预约,￥5.0,多云,24,23,3,0.0,64,39
2026-05-21 18:00:50,2026-05-22,2,乒乓球厅-11号,18:30-19:30,0,1,可预约,￥5.0,多云,24,23,3,0.0,68,39
2026-05-21 18:30:50,2026-05-22,2,乒乓球厅-11号,18:30-19:30,0,1,可预约,￥5.0,阴,24,25,2,0.0,68,40
2026-05-21 19:00:50,2026-05-22,2,乒乓球厅-11号,18:30-19:30,0,1,可预约,￥5.0,阴,23,23,3,0.0,76,40
2026-05-21 19:30:46,2026-05-22,2,乒乓球厅-11号,18:30-19:30,0,1,可预约,￥5.0,阴,23,24,2,0.0,77,39
2026-05-21 20:00:49,2026-05-22,2,乒乓球厅-11号,18:30-19:30,0,1,可预约,￥5.0,雾,22,23,2,0.0,89,39
2026-05-21 20:30:44,2026-05-22,2,乒乓球厅-11号,18:30-19:30,0,1,可预约,￥5.0,雾,22,24,2,0.0,93,43
2026-05-21 21:00:56,2026-05-22,2,乒乓球厅-11号,18:30-19:30,0,1,可预约,￥5.0,雾,20,21,2,0.0,98,43
2026-05-21 21:30:46,2026-05-22,2,乒乓球厅-11号,18:30-19:30,0,1,可预约,￥5.0,雾,20,22,1,0.0,99,41
2026-05-21 22:01:02,2026-05-22,2,乒乓球厅-11号,18:30-19:30,0,1,可预约,￥5.0,雾,19,20,2,0.0,93,41
2026-05-21 22:30:47,2026-05-22,2,乒乓球厅-11号,18:30-19:30,0,1,可预约,￥5.0,雾,19,19,3,0.0,88,46
2026-05-21 23:00:56,2026-05-22,2,乒乓球厅-11号,18:30-19:30,0,1,可预约,￥5.0,多云,18,17,3,0.0,85,46
2026-05-21 23:30:55,2026-05-22,2,乒乓球厅-11号,18:30-19:30,0,1,可预约,￥5.0,多云,18,17,3,0.0,85,48
2026-05-21 08:00:45,2026-05-22,2,乒乓球厅-11号,19:30-20:30,0,1,可预约,￥5.0,晴,17,12,5,0.0,86,29
2026-05-21 08:02:30,2026-05-22,2,乒乓球厅-11号,19:30-20:30,0,1,可预约,￥5.0,多云,17,12,5,0.0,87,29
2026-05-21 08:05:36,2026-05-22,2,乒乓球厅-11号,19:30-20:30,0,1,可预约,￥5.0,多云,17,12,5,0.0,86,29
2026-05-21 08:08:31,2026-05-22,2,乒乓球厅-11号,19:30-20:30,0,1,可预约,￥5.0,多云,17,12,5,0.0,86,29
2026-05-21 08:11:30,2026-05-22,2,乒乓球厅-11号,19:30-20:30,0,1,可预约,￥5.0,多云,17,12,5,0.0,86,29
2026-05-21 08:14:31,2026-05-22,2,乒乓球厅-11号,19:30-20:30,0,1,可预约,￥5.0,多云,17,12,5,0.0,86,29
2026-05-21 08:17:30,2026-05-22,2,乒乓球厅-11号,19:30-20:30,0,1,可预约,￥5.0,多云,17,12,5,0.0,86,29
2026-05-21 08:20:35,2026-05-22,2,乒乓球厅-11号,19:30-20:30,0,1,可预约,￥5.0,多云,17,14,4,0.0,85,29
2026-05-21 08:25:32,2026-05-22,2,乒乓球厅-11号,19:30-20:30,0,1,可预约,￥5.0,多云,17,14,4,0.0,85,28
2026-05-21 08:30:42,2026-05-22,2,乒乓球厅-11号,19:30-20:30,0,1,可预约,￥5.0,多云,18,15,4,0.0,84,28
2026-05-21 08:35:31,2026-05-22,2,乒乓球厅-11号,19:30-20:30,0,1,可预约,￥5.0,多云,18,15,4,0.0,84,28
2026-05-21 08:40:38,2026-05-22,2,乒乓球厅-11号,19:30-20:30,0,1,可预约,￥5.0,多云,18,15,4,0.0,82,28
2026-05-21 08:45:33,2026-05-22,2,乒乓球厅-11号,19:30-20:30,0,1,可预约,￥5.0,多云,18,15,4,0.0,82,28
2026-05-21 08:50:36,2026-05-22,2,乒乓球厅-11号,19:30-20:30,0,1,可预约,￥5.0,多云,18,15,4,0.0,82,28
2026-05-21 08:55:34,2026-05-22,2,乒乓球厅-11号,19:30-20:30,0,1,可预约,￥5.0,多云,18,15,4,0.0,84,28
2026-05-21 09:00:51,2026-05-22,2,乒乓球厅-11号,19:30-20:30,0,1,可预约,￥5.0,多云,18,15,4,0.0,84,28
2026-05-21 09:01:59,2026-05-22,2,乒乓球厅-11号,19:30-20:30,0,1,可预约,￥5.0,多云,18,15,4,0.0,83,28
2026-05-21 09:05:33,2026-05-22,2,乒乓球厅-11号,19:30-20:30,0,1,可预约,￥5.0,多云,18,15,4,0.0,83,28
2026-05-21 09:20:38,2026-05-22,2,乒乓球厅-11号,19:30-20:30,0,1,可预约,￥5.0,多云,18,16,3,0.0,81,28
2026-05-21 09:30:46,2026-05-22,2,乒乓球厅-11号,19:30-20:30,0,1,可预约,￥5.0,多云,18,16,3,0.0,81,32
2026-05-21 09:40:36,2026-05-22,2,乒乓球厅-11号,19:30-20:30,0,1,可预约,￥5.0,多云,19,17,3,0.0,79,32
2026-05-21 09:50:42,2026-05-22,2,乒乓球厅-11号,19:30-20:30,0,1,可预约,￥5.0,多云,19,17,4,0.0,81,32
2026-05-21 10:00:46,2026-05-22,2,乒乓球厅-11号,19:30-20:30,0,1,可预约,￥5.0,多云,19,17,4,0.0,79,32
2026-05-21 10:10:40,2026-05-22,2,乒乓球厅-11号,19:30-20:30,0,1,可预约,￥5.0,多云,19,17,4,0.0,79,32
2026-05-21 10:20:38,2026-05-22,2,乒乓球厅-11号,19:30-20:30,0,1,可预约,￥5.0,多云,19,17,4,0.0,79,32
2026-05-21 10:30:41,2026-05-22,2,乒乓球厅-11号,19:30-20:30,0,1,可预约,￥5.0,多云,19,18,3,0.0,78,31
2026-05-21 11:00:44,2026-05-22,2,乒乓球厅-11号,19:30-20:30,0,1,可预约,￥5.0,多云,21,17,5,0.0,74,31
2026-05-21 11:30:38,2026-05-22,2,乒乓球厅-11号,19:30-20:30,0,1,可预约,￥5.0,多云,21,19,3,0.0,72,33
2026-05-21 12:00:46,2026-05-22,2,乒乓球厅-11号,19:30-20:30,0,1,可预约,￥5.0,多云,22,19,4,0.0,70,33
2026-05-21 12:30:42,2026-05-22,2,乒乓球厅-11号,19:30-20:30,0,1,可预约,￥5.0,多云,22,21,3,0.0,68,35
2026-05-21 13:00:43,2026-05-22,2,乒乓球厅-11号,19:30-20:30,0,1,可预约,￥5.0,多云,24,22,4,0.0,66,35
2026-05-21 13:30:43,2026-05-22,2,乒乓球厅-11号,19:30-20:30,0,1,可预约,￥5.0,多云,24,22,4,0.0,66,36
2026-05-21 14:00:48,2026-05-22,2,乒乓球厅-11号,19:30-20:30,0,1,可预约,￥5.0,多云,25,23,4,0.0,66,36
2026-05-21 14:30:45,2026-05-22,2,乒乓球厅-11号,19:30-20:30,0,1,可预约,￥5.0,晴,25,25,3,0.0,65,39
2026-05-21 15:00:45,2026-05-22,2,乒乓球厅-11号,19:30-20:30,0,1,可预约,￥5.0,晴,25,22,4,0.0,56,39
2026-05-21 15:30:43,2026-05-22,2,乒乓球厅-11号,19:30-20:30,0,1,可预约,￥5.0,晴,25,23,4,0.0,57,40
2026-05-21 16:00:51,2026-05-22,2,乒乓球厅-11号,19:30-20:30,0,1,可预约,￥5.0,晴,25,23,4,0.0,57,40
2026-05-21 16:30:48,2026-05-22,2,乒乓球厅-11号,19:30-20:30,0,1,可预约,￥5.0,晴,25,24,3,0.0,60,39
2026-05-21 17:00:49,2026-05-22,2,乒乓球厅-11号,19:30-20:30,0,1,可预约,￥5.0,晴,25,24,4,0.0,61,39
2026-05-21 17:30:47,2026-05-22,2,乒乓球厅-11号,19:30-20:30,0,1,可预约,￥5.0,多云,24,23,3,0.0,64,39
2026-05-21 18:00:50,2026-05-22,2,乒乓球厅-11号,19:30-20:30,0,1,可预约,￥5.0,多云,24,23,3,0.0,68,39
2026-05-21 18:30:50,2026-05-22,2,乒乓球厅-11号,19:30-20:30,0,1,可预约,￥5.0,阴,24,25,2,0.0,68,40
2026-05-21 19:00:50,2026-05-22,2,乒乓球厅-11号,19:30-20:30,0,1,可预约,￥5.0,阴,23,23,3,0.0,76,40
2026-05-21 19:30:46,2026-05-22,2,乒乓球厅-11号,19:30-20:30,0,1,可预约,￥5.0,阴,23,24,2,0.0,77,39
2026-05-21 20:00:49,2026-05-22,2,乒乓球厅-11号,19:30-20:30,0,1,可预约,￥5.0,雾,22,23,2,0.0,89,39
2026-05-21 20:30:44,2026-05-22,2,乒乓球厅-11号,19:30-20:30,0,1,可预约,￥5.0,雾,22,24,2,0.0,93,43
2026-05-21 21:00:56,2026-05-22,2,乒乓球厅-11号,19:30-20:30,0,1,可预约,￥5.0,雾,20,21,2,0.0,98,43
2026-05-21 21:30:46,2026-05-22,2,乒乓球厅-11号,19:30-20:30,0,1,可预约,￥5.0,雾,20,22,1,0.0,99,41
2026-05-21 22:01:02,2026-05-22,2,乒乓球厅-11号,19:30-20:30,0,1,可预约,￥5.0,雾,19,20,2,0.0,93,41
2026-05-21 22:30:47,2026-05-22,2,乒乓球厅-11号,19:30-20:30,0,1,可预约,￥5.0,雾,19,19,3,0.0,88,46
2026-05-21 23:00:56,2026-05-22,2,乒乓球厅-11号,19:30-20:30,0,1,可预约,￥5.0,多云,18,17,3,0.0,85,46
2026-05-21 23:30:55,2026-05-22,2,乒乓球厅-11号,19:30-20:30,0,1,可预约,￥5.0,多云,18,17,3,0.0,85,48
2026-05-21 08:00:45,2026-05-22,2,乒乓球厅-11号,20:30-21:30,0,1,可预约,￥5.0,晴,17,12,5,0.0,86,29
2026-05-21 08:02:30,2026-05-22,2,乒乓球厅-11号,20:30-21:30,0,1,可预约,￥5.0,多云,17,12,5,0.0,87,29
2026-05-21 08:05:36,2026-05-22,2,乒乓球厅-11号,20:30-21:30,0,1,可预约,￥5.0,多云,17,12,5,0.0,86,29
2026-05-21 08:08:31,2026-05-22,2,乒乓球厅-11号,20:30-21:30,0,1,可预约,￥5.0,多云,17,12,5,0.0,86,29
2026-05-21 08:11:30,2026-05-22,2,乒乓球厅-11号,20:30-21:30,0,1,可预约,￥5.0,多云,17,12,5,0.0,86,29
2026-05-21 08:14:31,2026-05-22,2,乒乓球厅-11号,20:30-21:30,0,1,可预约,￥5.0,多云,17,12,5,0.0,86,29
2026-05-21 08:17:30,2026-05-22,2,乒乓球厅-11号,20:30-21:30,0,1,可预约,￥5.0,多云,17,12,5,0.0,86,29
2026-05-21 08:20:35,2026-05-22,2,乒乓球厅-11号,20:30-21:30,0,1,可预约,￥5.0,多云,17,14,4,0.0,85,29
2026-05-21 08:25:32,2026-05-22,2,乒乓球厅-11号,20:30-21:30,0,1,可预约,￥5.0,多云,17,14,4,0.0,85,28
2026-05-21 08:30:42,2026-05-22,2,乒乓球厅-11号,20:30-21:30,0,1,可预约,￥5.0,多云,18,15,4,0.0,84,28
2026-05-21 08:35:31,2026-05-22,2,乒乓球厅-11号,20:30-21:30,0,1,可预约,￥5.0,多云,18,15,4,0.0,84,28
2026-05-21 08:40:38,2026-05-22,2,乒乓球厅-11号,20:30-21:30,0,1,可预约,￥5.0,多云,18,15,4,0.0,82,28
2026-05-21 08:45:33,2026-05-22,2,乒乓球厅-11号,20:30-21:30,0,1,可预约,￥5.0,多云,18,15,4,0.0,82,28
2026-05-21 08:50:36,2026-05-22,2,乒乓球厅-11号,20:30-21:30,0,1,可预约,￥5.0,多云,18,15,4,0.0,82,28
2026-05-21 08:55:34,2026-05-22,2,乒乓球厅-11号,20:30-21:30,0,1,可预约,￥5.0,多云,18,15,4,0.0,84,28
2026-05-21 09:00:51,2026-05-22,2,乒乓球厅-11号,20:30-21:30,0,1,可预约,￥5.0,多云,18,15,4,0.0,84,28
2026-05-21 09:01:59,2026-05-22,2,乒乓球厅-11号,20:30-21:30,0,1,可预约,￥5.0,多云,18,15,4,0.0,83,28
2026-05-21 09:05:33,2026-05-22,2,乒乓球厅-11号,20:30-21:30,0,1,可预约,￥5.0,多云,18,15,4,0.0,83,28
2026-05-21 09:20:38,2026-05-22,2,乒乓球厅-11号,20:30-21:30,0,1,可预约,￥5.0,多云,18,16,3,0.0,81,28
2026-05-21 09:30:46,2026-05-22,2,乒乓球厅-11号,20:30-21:30,0,1,可预约,￥5.0,多云,18,16,3,0.0,81,32
2026-05-21 09:40:36,2026-05-22,2,乒乓球厅-11号,20:30-21:30,0,1,可预约,￥5.0,多云,19,17,3,0.0,79,32
2026-05-21 09:50:42,2026-05-22,2,乒乓球厅-11号,20:30-21:30,0,1,可预约,￥5.0,多云,19,17,4,0.0,81,32
2026-05-21 10:00:46,2026-05-22,2,乒乓球厅-11号,20:30-21:30,0,1,可预约,￥5.0,多云,19,17,4,0.0,79,32
2026-05-21 10:10:40,2026-05-22,2,乒乓球厅-11号,20:30-21:30,0,1,可预约,￥5.0,多云,19,17,4,0.0,79,32
2026-05-21 10:20:38,2026-05-22,2,乒乓球厅-11号,20:30-21:30,0,1,可预约,￥5.0,多云,19,17,4,0.0,79,32
2026-05-21 10:30:41,2026-05-22,2,乒乓球厅-11号,20:30-21:30,0,1,可预约,￥5.0,多云,19,18,3,0.0,78,31
2026-05-21 11:00:44,2026-05-22,2,乒乓球厅-11号,20:30-21:30,0,1,可预约,￥5.0,多云,21,17,5,0.0,74,31
2026-05-21 11:30:38,2026-05-22,2,乒乓球厅-11号,20:30-21:30,0,1,可预约,￥5.0,多云,21,19,3,0.0,72,33
2026-05-21 12:00:46,2026-05-22,2,乒乓球厅-11号,20:30-21:30,0,1,可预约,￥5.0,多云,22,19,4,0.0,70,33
2026-05-21 12:30:42,2026-05-22,2,乒乓球厅-11号,20:30-21:30,0,1,可预约,￥5.0,多云,22,21,3,0.0,68,35
2026-05-21 13:00:43,2026-05-22,2,乒乓球厅-11号,20:30-21:30,0,1,可预约,￥5.0,多云,24,22,4,0.0,66,35
2026-05-21 13:30:43,2026-05-22,2,乒乓球厅-11号,20:30-21:30,0,1,可预约,￥5.0,多云,24,22,4,0.0,66,36
2026-05-21 14:00:48,2026-05-22,2,乒乓球厅-11号,20:30-21:30,0,1,可预约,￥5.0,多云,25,23,4,0.0,66,36
2026-05-21 14:30:45,2026-05-22,2,乒乓球厅-11号,20:30-21:30,0,1,可预约,￥5.0,晴,25,25,3,0.0,65,39
2026-05-21 15:00:45,2026-05-22,2,乒乓球厅-11号,20:30-21:30,0,1,可预约,￥5.0,晴,25,22,4,0.0,56,39
2026-05-21 15:30:43,2026-05-22,2,乒乓球厅-11号,20:30-21:30,0,1,可预约,￥5.0,晴,25,23,4,0.0,57,40
2026-05-21 16:00:51,2026-05-22,2,乒乓球厅-11号,20:30-21:30,0,1,可预约,￥5.0,晴,25,23,4,0.0,57,40
2026-05-21 16:30:48,2026-05-22,2,乒乓球厅-11号,20:30-21:30,0,1,可预约,￥5.0,晴,25,24,3,0.0,60,39
2026-05-21 17:00:49,2026-05-22,2,乒乓球厅-11号,20:30-21:30,0,1,可预约,￥5.0,晴,25,24,4,0.0,61,39
2026-05-21 17:30:47,2026-05-22,2,乒乓球厅-11号,20:30-21:30,0,1,可预约,￥5.0,多云,24,23,3,0.0,64,39
2026-05-21 18:00:50,2026-05-22,2,乒乓球厅-11号,20:30-21:30,0,1,可预约,￥5.0,多云,24,23,3,0.0,68,39
2026-05-21 18:30:50,2026-05-22,2,乒乓球厅-11号,20:30-21:30,0,1,可预约,￥5.0,阴,24,25,2,0.0,68,40
2026-05-21 19:00:50,2026-05-22,2,乒乓球厅-11号,20:30-21:30,0,1,可预约,￥5.0,阴,23,23,3,0.0,76,40
2026-05-21 19:30:46,2026-05-22,2,乒乓球厅-11号,20:30-21:30,0,1,可预约,￥5.0,阴,23,24,2,0.0,77,39
2026-05-21 20:00:49,2026-05-22,2,乒乓球厅-11号,20:30-21:30,0,1,可预约,￥5.0,雾,22,23,2,0.0,89,39
2026-05-21 20:30:44,2026-05-22,2,乒乓球厅-11号,20:30-21:30,0,1,可预约,￥5.0,雾,22,24,2,0.0,93,43
2026-05-21 21:00:56,2026-05-22,2,乒乓球厅-11号,20:30-21:30,0,1,可预约,￥5.0,雾,20,21,2,0.0,98,43
2026-05-21 21:30:46,2026-05-22,2,乒乓球厅-11号,20:30-21:30,0,1,可预约,￥5.0,雾,20,22,1,0.0,99,41
2026-05-21 22:01:02,2026-05-22,2,乒乓球厅-11号,20:30-21:30,0,1,可预约,￥5.0,雾,19,20,2,0.0,93,41
2026-05-21 22:30:47,2026-05-22,2,乒乓球厅-11号,20:30-21:30,0,1,可预约,￥5.0,雾,19,19,3,0.0,88,46
2026-05-21 23:00:56,2026-05-22,2,乒乓球厅-11号,20:30-21:30,0,1,可预约,￥5.0,多云,18,17,3,0.0,85,46
2026-05-21 23:30:55,2026-05-22,2,乒乓球厅-11号,20:30-21:30,0,1,可预约,￥5.0,多云,18,17,3,0.0,85,48
2026-05-21 08:00:45,2026-05-22,2,乒乓球厅-12号,07:00-08:00,0,1,可预约,￥0.0,晴,17,12,5,0.0,86,29
2026-05-21 08:02:30,2026-05-22,2,乒乓球厅-12号,07:00-08:00,0,1,可预约,￥0.0,多云,17,12,5,0.0,87,29
2026-05-21 08:05:36,2026-05-22,2,乒乓球厅-12号,07:00-08:00,0,1,可预约,￥0.0,多云,17,12,5,0.0,86,29
2026-05-21 08:08:31,2026-05-22,2,乒乓球厅-12号,07:00-08:00,0,1,可预约,￥0.0,多云,17,12,5,0.0,86,29
2026-05-21 08:11:30,2026-05-22,2,乒乓球厅-12号,07:00-08:00,0,1,可预约,￥0.0,多云,17,12,5,0.0,86,29
2026-05-21 08:14:31,2026-05-22,2,乒乓球厅-12号,07:00-08:00,0,1,可预约,￥0.0,多云,17,12,5,0.0,86,29
2026-05-21 08:17:30,2026-05-22,2,乒乓球厅-12号,07:00-08:00,0,1,可预约,￥0.0,多云,17,12,5,0.0,86,29
2026-05-21 08:20:35,2026-05-22,2,乒乓球厅-12号,07:00-08:00,0,1,可预约,￥0.0,多云,17,14,4,0.0,85,29
2026-05-21 08:25:32,2026-05-22,2,乒乓球厅-12号,07:00-08:00,0,1,可预约,￥0.0,多云,17,14,4,0.0,85,28
2026-05-21 08:30:42,2026-05-22,2,乒乓球厅-12号,07:00-08:00,0,1,可预约,￥0.0,多云,18,15,4,0.0,84,28
2026-05-21 08:35:31,2026-05-22,2,乒乓球厅-12号,07:00-08:00,0,1,可预约,￥0.0,多云,18,15,4,0.0,84,28
2026-05-21 08:40:38,2026-05-22,2,乒乓球厅-12号,07:00-08:00,0,1,可预约,￥0.0,多云,18,15,4,0.0,82,28
2026-05-21 08:45:33,2026-05-22,2,乒乓球厅-12号,07:00-08:00,0,1,可预约,￥0.0,多云,18,15,4,0.0,82,28
2026-05-21 08:50:36,2026-05-22,2,乒乓球厅-12号,07:00-08:00,0,1,可预约,￥0.0,多云,18,15,4,0.0,82,28
2026-05-21 08:55:34,2026-05-22,2,乒乓球厅-12号,07:00-08:00,0,1,可预约,￥0.0,多云,18,15,4,0.0,84,28
2026-05-21 09:00:51,2026-05-22,2,乒乓球厅-12号,07:00-08:00,0,1,可预约,￥0.0,多云,18,15,4,0.0,84,28
2026-05-21 09:01:59,2026-05-22,2,乒乓球厅-12号,07:00-08:00,0,1,可预约,￥0.0,多云,18,15,4,0.0,83,28
2026-05-21 09:05:33,2026-05-22,2,乒乓球厅-12号,07:00-08:00,0,1,可预约,￥0.0,多云,18,15,4,0.0,83,28
2026-05-21 09:20:38,2026-05-22,2,乒乓球厅-12号,07:00-08:00,0,1,可预约,￥0.0,多云,18,16,3,0.0,81,28
2026-05-21 09:30:46,2026-05-22,2,乒乓球厅-12号,07:00-08:00,0,1,可预约,￥0.0,多云,18,16,3,0.0,81,32
2026-05-21 09:40:36,2026-05-22,2,乒乓球厅-12号,07:00-08:00,0,1,可预约,￥0.0,多云,19,17,3,0.0,79,32
2026-05-21 09:50:42,2026-05-22,2,乒乓球厅-12号,07:00-08:00,0,1,可预约,￥0.0,多云,19,17,4,0.0,81,32
2026-05-21 10:00:46,2026-05-22,2,乒乓球厅-12号,07:00-08:00,0,1,可预约,￥0.0,多云,19,17,4,0.0,79,32
2026-05-21 10:10:40,2026-05-22,2,乒乓球厅-12号,07:00-08:00,0,1,可预约,￥0.0,多云,19,17,4,0.0,79,32
2026-05-21 10:20:38,2026-05-22,2,乒乓球厅-12号,07:00-08:00,0,1,可预约,￥0.0,多云,19,17,4,0.0,79,32
2026-05-21 10:30:41,2026-05-22,2,乒乓球厅-12号,07:00-08:00,0,1,可预约,￥0.0,多云,19,18,3,0.0,78,31
2026-05-21 11:00:44,2026-05-22,2,乒乓球厅-12号,07:00-08:00,0,1,可预约,￥0.0,多云,21,17,5,0.0,74,31
2026-05-21 11:30:38,2026-05-22,2,乒乓球厅-12号,07:00-08:00,0,1,可预约,￥0.0,多云,21,19,3,0.0,72,33
2026-05-21 12:00:46,2026-05-22,2,乒乓球厅-12号,07:00-08:00,0,1,可预约,￥0.0,多云,22,19,4,0.0,70,33
2026-05-21 12:30:42,2026-05-22,2,乒乓球厅-12号,07:00-08:00,0,1,可预约,￥0.0,多云,22,21,3,0.0,68,35
2026-05-21 13:00:43,2026-05-22,2,乒乓球厅-12号,07:00-08:00,0,1,可预约,￥0.0,多云,24,22,4,0.0,66,35
2026-05-21 13:30:43,2026-05-22,2,乒乓球厅-12号,07:00-08:00,0,1,可预约,￥0.0,多云,24,22,4,0.0,66,36
2026-05-21 14:00:48,2026-05-22,2,乒乓球厅-12号,07:00-08:00,0,1,可预约,￥0.0,多云,25,23,4,0.0,66,36
2026-05-21 14:30:45,2026-05-22,2,乒乓球厅-12号,07:00-08:00,0,1,可预约,￥0.0,晴,25,25,3,0.0,65,39
2026-05-21 15:00:45,2026-05-22,2,乒乓球厅-12号,07:00-08:00,0,1,可预约,￥0.0,晴,25,22,4,0.0,56,39
2026-05-21 15:30:43,2026-05-22,2,乒乓球厅-12号,07:00-08:00,0,1,可预约,￥0.0,晴,25,23,4,0.0,57,40
2026-05-21 16:00:51,2026-05-22,2,乒乓球厅-12号,07:00-08:00,0,1,可预约,￥0.0,晴,25,23,4,0.0,57,40
2026-05-21 16:30:48,2026-05-22,2,乒乓球厅-12号,07:00-08:00,0,1,可预约,￥0.0,晴,25,24,3,0.0,60,39
2026-05-21 17:00:49,2026-05-22,2,乒乓球厅-12号,07:00-08:00,0,1,可预约,￥0.0,晴,25,24,4,0.0,61,39
2026-05-21 17:30:47,2026-05-22,2,乒乓球厅-12号,07:00-08:00,0,1,可预约,￥0.0,多云,24,23,3,0.0,64,39
2026-05-21 18:00:50,2026-05-22,2,乒乓球厅-12号,07:00-08:00,0,1,可预约,￥0.0,多云,24,23,3,0.0,68,39
2026-05-21 18:30:50,2026-05-22,2,乒乓球厅-12号,07:00-08:00,0,1,可预约,￥0.0,阴,24,25,2,0.0,68,40
2026-05-21 19:00:50,2026-05-22,2,乒乓球厅-12号,07:00-08:00,0,1,可预约,￥0.0,阴,23,23,3,0.0,76,40
2026-05-21 19:30:46,2026-05-22,2,乒乓球厅-12号,07:00-08:00,0,1,可预约,￥0.0,阴,23,24,2,0.0,77,39
2026-05-21 20:00:49,2026-05-22,2,乒乓球厅-12号,07:00-08:00,0,1,可预约,￥0.0,雾,22,23,2,0.0,89,39
2026-05-21 20:30:44,2026-05-22,2,乒乓球厅-12号,07:00-08:00,0,1,可预约,￥0.0,雾,22,24,2,0.0,93,43
2026-05-21 21:00:56,2026-05-22,2,乒乓球厅-12号,07:00-08:00,0,1,可预约,￥0.0,雾,20,21,2,0.0,98,43
2026-05-21 21:30:46,2026-05-22,2,乒乓球厅-12号,07:00-08:00,0,1,可预约,￥0.0,雾,20,22,1,0.0,99,41
2026-05-21 22:01:02,2026-05-22,2,乒乓球厅-12号,07:00-08:00,0,1,可预约,￥0.0,雾,19,20,2,0.0,93,41
2026-05-21 22:30:47,2026-05-22,2,乒乓球厅-12号,07:00-08:00,0,1,可预约,￥0.0,雾,19,19,3,0.0,88,46
2026-05-21 23:00:56,2026-05-22,2,乒乓球厅-12号,07:00-08:00,0,1,可预约,￥0.0,多云,18,17,3,0.0,85,46
2026-05-21 23:30:55,2026-05-22,2,乒乓球厅-12号,07:00-08:00,0,1,可预约,￥0.0,多云,18,17,3,0.0,85,48
2026-05-21 08:00:45,2026-05-22,2,乒乓球厅-12号,08:00-09:00,0,1,可预约,￥0.0,晴,17,12,5,0.0,86,29
2026-05-21 08:02:30,2026-05-22,2,乒乓球厅-12号,08:00-09:00,0,1,可预约,￥0.0,多云,17,12,5,0.0,87,29
2026-05-21 08:05:36,2026-05-22,2,乒乓球厅-12号,08:00-09:00,0,1,可预约,￥0.0,多云,17,12,5,0.0,86,29
2026-05-21 08:08:31,2026-05-22,2,乒乓球厅-12号,08:00-09:00,0,1,可预约,￥0.0,多云,17,12,5,0.0,86,29
2026-05-21 08:11:30,2026-05-22,2,乒乓球厅-12号,08:00-09:00,0,1,可预约,￥0.0,多云,17,12,5,0.0,86,29
2026-05-21 08:14:31,2026-05-22,2,乒乓球厅-12号,08:00-09:00,0,1,可预约,￥0.0,多云,17,12,5,0.0,86,29
2026-05-21 08:17:30,2026-05-22,2,乒乓球厅-12号,08:00-09:00,0,1,可预约,￥0.0,多云,17,12,5,0.0,86,29
2026-05-21 08:20:35,2026-05-22,2,乒乓球厅-12号,08:00-09:00,0,1,可预约,￥0.0,多云,17,14,4,0.0,85,29
2026-05-21 08:25:32,2026-05-22,2,乒乓球厅-12号,08:00-09:00,0,1,可预约,￥0.0,多云,17,14,4,0.0,85,28
2026-05-21 08:30:42,2026-05-22,2,乒乓球厅-12号,08:00-09:00,0,1,可预约,￥0.0,多云,18,15,4,0.0,84,28
2026-05-21 08:35:31,2026-05-22,2,乒乓球厅-12号,08:00-09:00,0,1,可预约,￥0.0,多云,18,15,4,0.0,84,28
2026-05-21 08:40:38,2026-05-22,2,乒乓球厅-12号,08:00-09:00,0,1,可预约,￥0.0,多云,18,15,4,0.0,82,28
2026-05-21 08:45:33,2026-05-22,2,乒乓球厅-12号,08:00-09:00,0,1,可预约,￥0.0,多云,18,15,4,0.0,82,28
2026-05-21 08:50:36,2026-05-22,2,乒乓球厅-12号,08:00-09:00,0,1,可预约,￥0.0,多云,18,15,4,0.0,82,28
2026-05-21 08:55:34,2026-05-22,2,乒乓球厅-12号,08:00-09:00,0,1,可预约,￥0.0,多云,18,15,4,0.0,84,28
2026-05-21 09:00:51,2026-05-22,2,乒乓球厅-12号,08:00-09:00,0,1,可预约,￥0.0,多云,18,15,4,0.0,84,28
2026-05-21 09:01:59,2026-05-22,2,乒乓球厅-12号,08:00-09:00,0,1,可预约,￥0.0,多云,18,15,4,0.0,83,28
2026-05-21 09:05:33,2026-05-22,2,乒乓球厅-12号,08:00-09:00,0,1,可预约,￥0.0,多云,18,15,4,0.0,83,28
2026-05-21 09:20:38,2026-05-22,2,乒乓球厅-12号,08:00-09:00,0,1,可预约,￥0.0,多云,18,16,3,0.0,81,28
2026-05-21 09:30:46,2026-05-22,2,乒乓球厅-12号,08:00-09:00,0,1,可预约,￥0.0,多云,18,16,3,0.0,81,32
2026-05-21 09:40:36,2026-05-22,2,乒乓球厅-12号,08:00-09:00,0,1,可预约,￥0.0,多云,19,17,3,0.0,79,32
2026-05-21 09:50:42,2026-05-22,2,乒乓球厅-12号,08:00-09:00,0,1,可预约,￥0.0,多云,19,17,4,0.0,81,32
2026-05-21 10:00:46,2026-05-22,2,乒乓球厅-12号,08:00-09:00,0,1,可预约,￥0.0,多云,19,17,4,0.0,79,32
2026-05-21 10:10:40,2026-05-22,2,乒乓球厅-12号,08:00-09:00,0,1,可预约,￥0.0,多云,19,17,4,0.0,79,32
2026-05-21 10:20:38,2026-05-22,2,乒乓球厅-12号,08:00-09:00,0,1,可预约,￥0.0,多云,19,17,4,0.0,79,32
2026-05-21 10:30:41,2026-05-22,2,乒乓球厅-12号,08:00-09:00,0,1,可预约,￥0.0,多云,19,18,3,0.0,78,31
2026-05-21 11:00:44,2026-05-22,2,乒乓球厅-12号,08:00-09:00,0,1,可预约,￥0.0,多云,21,17,5,0.0,74,31
2026-05-21 11:30:38,2026-05-22,2,乒乓球厅-12号,08:00-09:00,0,1,可预约,￥0.0,多云,21,19,3,0.0,72,33
2026-05-21 12:00:46,2026-05-22,2,乒乓球厅-12号,08:00-09:00,0,1,可预约,￥0.0,多云,22,19,4,0.0,70,33
2026-05-21 12:30:42,2026-05-22,2,乒乓球厅-12号,08:00-09:00,0,1,可预约,￥0.0,多云,22,21,3,0.0,68,35
2026-05-21 13:00:43,2026-05-22,2,乒乓球厅-12号,08:00-09:00,0,1,可预约,￥0.0,多云,24,22,4,0.0,66,35
2026-05-21 13:30:43,2026-05-22,2,乒乓球厅-12号,08:00-09:00,0,1,可预约,￥0.0,多云,24,22,4,0.0,66,36
2026-05-21 14:00:48,2026-05-22,2,乒乓球厅-12号,08:00-09:00,0,1,可预约,￥0.0,多云,25,23,4,0.0,66,36
2026-05-21 14:30:45,2026-05-22,2,乒乓球厅-12号,08:00-09:00,0,1,可预约,￥0.0,晴,25,25,3,0.0,65,39
2026-05-21 15:00:45,2026-05-22,2,乒乓球厅-12号,08:00-09:00,0,1,可预约,￥0.0,晴,25,22,4,0.0,56,39
2026-05-21 15:30:43,2026-05-22,2,乒乓球厅-12号,08:00-09:00,0,1,可预约,￥0.0,晴,25,23,4,0.0,57,40
2026-05-21 16:00:51,2026-05-22,2,乒乓球厅-12号,08:00-09:00,0,1,可预约,￥0.0,晴,25,23,4,0.0,57,40
2026-05-21 16:30:48,2026-05-22,2,乒乓球厅-12号,08:00-09:00,0,1,可预约,￥0.0,晴,25,24,3,0.0,60,39
2026-05-21 17:00:49,2026-05-22,2,乒乓球厅-12号,08:00-09:00,0,1,可预约,￥0.0,晴,25,24,4,0.0,61,39
2026-05-21 17:30:47,2026-05-22,2,乒乓球厅-12号,08:00-09:00,0,1,可预约,￥0.0,多云,24,23,3,0.0,64,39
2026-05-21 18:00:50,2026-05-22,2,乒乓球厅-12号,08:00-09:00,0,1,可预约,￥0.0,多云,24,23,3,0.0,68,39
2026-05-21 18:30:50,2026-05-22,2,乒乓球厅-12号,08:00-09:00,0,1,可预约,￥0.0,阴,24,25,2,0.0,68,40
2026-05-21 19:00:50,2026-05-22,2,乒乓球厅-12号,08:00-09:00,0,1,可预约,￥0.0,阴,23,23,3,0.0,76,40
2026-05-21 19:30:46,2026-05-22,2,乒乓球厅-12号,08:00-09:00,0,1,可预约,￥0.0,阴,23,24,2,0.0,77,39
2026-05-21 20:00:49,2026-05-22,2,乒乓球厅-12号,08:00-09:00,0,1,可预约,￥0.0,雾,22,23,2,0.0,89,39
2026-05-21 20:30:44,2026-05-22,2,乒乓球厅-12号,08:00-09:00,0,1,可预约,￥0.0,雾,22,24,2,0.0,93,43
2026-05-21 21:00:56,2026-05-22,2,乒乓球厅-12号,08:00-09:00,0,1,可预约,￥0.0,雾,20,21,2,0.0,98,43
2026-05-21 21:30:46,2026-05-22,2,乒乓球厅-12号,08:00-09:00,0,1,可预约,￥0.0,雾,20,22,1,0.0,99,41
2026-05-21 22:01:02,2026-05-22,2,乒乓球厅-12号,08:00-09:00,0,1,可预约,￥0.0,雾,19,20,2,0.0,93,41
2026-05-21 22:30:47,2026-05-22,2,乒乓球厅-12号,08:00-09:00,0,1,可预约,￥0.0,雾,19,19,3,0.0,88,46
2026-05-21 23:00:56,2026-05-22,2,乒乓球厅-12号,08:00-09:00,0,1,可预约,￥0.0,多云,18,17,3,0.0,85,46
2026-05-21 23:30:55,2026-05-22,2,乒乓球厅-12号,08:00-09:00,0,1,可预约,￥0.0,多云,18,17,3,0.0,85,48
2026-05-21 08:00:45,2026-05-22,2,乒乓球厅-12号,09:00-10:00,0,1,可预约,￥5.0,晴,17,12,5,0.0,86,29
2026-05-21 08:02:30,2026-05-22,2,乒乓球厅-12号,09:00-10:00,0,1,可预约,￥5.0,多云,17,12,5,0.0,87,29
2026-05-21 08:05:36,2026-05-22,2,乒乓球厅-12号,09:00-10:00,0,1,可预约,￥5.0,多云,17,12,5,0.0,86,29
2026-05-21 08:08:31,2026-05-22,2,乒乓球厅-12号,09:00-10:00,0,1,可预约,￥5.0,多云,17,12,5,0.0,86,29
2026-05-21 08:11:30,2026-05-22,2,乒乓球厅-12号,09:00-10:00,0,1,可预约,￥5.0,多云,17,12,5,0.0,86,29
2026-05-21 08:14:31,2026-05-22,2,乒乓球厅-12号,09:00-10:00,0,1,可预约,￥5.0,多云,17,12,5,0.0,86,29
2026-05-21 08:17:30,2026-05-22,2,乒乓球厅-12号,09:00-10:00,0,1,可预约,￥5.0,多云,17,12,5,0.0,86,29
2026-05-21 08:20:35,2026-05-22,2,乒乓球厅-12号,09:00-10:00,0,1,可预约,￥5.0,多云,17,14,4,0.0,85,29
2026-05-21 08:25:32,2026-05-22,2,乒乓球厅-12号,09:00-10:00,0,1,可预约,￥5.0,多云,17,14,4,0.0,85,28
2026-05-21 08:30:42,2026-05-22,2,乒乓球厅-12号,09:00-10:00,0,1,可预约,￥5.0,多云,18,15,4,0.0,84,28
2026-05-21 08:35:31,2026-05-22,2,乒乓球厅-12号,09:00-10:00,0,1,可预约,￥5.0,多云,18,15,4,0.0,84,28
2026-05-21 08:40:38,2026-05-22,2,乒乓球厅-12号,09:00-10:00,0,1,可预约,￥5.0,多云,18,15,4,0.0,82,28
2026-05-21 08:45:33,2026-05-22,2,乒乓球厅-12号,09:00-10:00,0,1,可预约,￥5.0,多云,18,15,4,0.0,82,28
2026-05-21 08:50:36,2026-05-22,2,乒乓球厅-12号,09:00-10:00,0,1,可预约,￥5.0,多云,18,15,4,0.0,82,28
2026-05-21 08:55:34,2026-05-22,2,乒乓球厅-12号,09:00-10:00,0,1,可预约,￥5.0,多云,18,15,4,0.0,84,28
2026-05-21 09:00:51,2026-05-22,2,乒乓球厅-12号,09:00-10:00,0,1,可预约,￥5.0,多云,18,15,4,0.0,84,28
2026-05-21 09:01:59,2026-05-22,2,乒乓球厅-12号,09:00-10:00,0,1,可预约,￥5.0,多云,18,15,4,0.0,83,28
2026-05-21 09:05:33,2026-05-22,2,乒乓球厅-12号,09:00-10:00,0,1,可预约,￥5.0,多云,18,15,4,0.0,83,28
2026-05-21 09:20:38,2026-05-22,2,乒乓球厅-12号,09:00-10:00,0,1,可预约,￥5.0,多云,18,16,3,0.0,81,28
2026-05-21 09:30:46,2026-05-22,2,乒乓球厅-12号,09:00-10:00,0,1,可预约,￥5.0,多云,18,16,3,0.0,81,32
2026-05-21 09:40:36,2026-05-22,2,乒乓球厅-12号,09:00-10:00,0,1,可预约,￥5.0,多云,19,17,3,0.0,79,32
2026-05-21 09:50:42,2026-05-22,2,乒乓球厅-12号,09:00-10:00,0,1,可预约,￥5.0,多云,19,17,4,0.0,81,32
2026-05-21 10:00:46,2026-05-22,2,乒乓球厅-12号,09:00-10:00,0,1,可预约,￥5.0,多云,19,17,4,0.0,79,32
2026-05-21 10:10:40,2026-05-22,2,乒乓球厅-12号,09:00-10:00,0,1,可预约,￥5.0,多云,19,17,4,0.0,79,32
2026-05-21 10:20:38,2026-05-22,2,乒乓球厅-12号,09:00-10:00,0,1,可预约,￥5.0,多云,19,17,4,0.0,79,32
2026-05-21 10:30:41,2026-05-22,2,乒乓球厅-12号,09:00-10:00,0,1,可预约,￥5.0,多云,19,18,3,0.0,78,31
2026-05-21 11:00:44,2026-05-22,2,乒乓球厅-12号,09:00-10:00,0,1,可预约,￥5.0,多云,21,17,5,0.0,74,31
2026-05-21 11:30:38,2026-05-22,2,乒乓球厅-12号,09:00-10:00,0,1,可预约,￥5.0,多云,21,19,3,0.0,72,33
2026-05-21 12:00:46,2026-05-22,2,乒乓球厅-12号,09:00-10:00,0,1,可预约,￥5.0,多云,22,19,4,0.0,70,33
2026-05-21 12:30:42,2026-05-22,2,乒乓球厅-12号,09:00-10:00,0,1,可预约,￥5.0,多云,22,21,3,0.0,68,35
2026-05-21 13:00:43,2026-05-22,2,乒乓球厅-12号,09:00-10:00,0,1,可预约,￥5.0,多云,24,22,4,0.0,66,35
2026-05-21 13:30:43,2026-05-22,2,乒乓球厅-12号,09:00-10:00,0,1,可预约,￥5.0,多云,24,22,4,0.0,66,36
2026-05-21 14:00:48,2026-05-22,2,乒乓球厅-12号,09:00-10:00,0,1,可预约,￥5.0,多云,25,23,4,0.0,66,36
2026-05-21 14:30:45,2026-05-22,2,乒乓球厅-12号,09:00-10:00,0,1,可预约,￥5.0,晴,25,25,3,0.0,65,39
2026-05-21 15:00:45,2026-05-22,2,乒乓球厅-12号,09:00-10:00,0,1,可预约,￥5.0,晴,25,22,4,0.0,56,39
2026-05-21 15:30:43,2026-05-22,2,乒乓球厅-12号,09:00-10:00,0,1,可预约,￥5.0,晴,25,23,4,0.0,57,40
2026-05-21 16:00:51,2026-05-22,2,乒乓球厅-12号,09:00-10:00,0,1,可预约,￥5.0,晴,25,23,4,0.0,57,40
2026-05-21 16:30:48,2026-05-22,2,乒乓球厅-12号,09:00-10:00,0,1,可预约,￥5.0,晴,25,24,3,0.0,60,39
2026-05-21 17:00:49,2026-05-22,2,乒乓球厅-12号,09:00-10:00,0,1,可预约,￥5.0,晴,25,24,4,0.0,61,39
2026-05-21 17:30:47,2026-05-22,2,乒乓球厅-12号,09:00-10:00,0,1,可预约,￥5.0,多云,24,23,3,0.0,64,39
2026-05-21 18:00:50,2026-05-22,2,乒乓球厅-12号,09:00-10:00,0,1,可预约,￥5.0,多云,24,23,3,0.0,68,39
2026-05-21 18:30:50,2026-05-22,2,乒乓球厅-12号,09:00-10:00,0,1,可预约,￥5.0,阴,24,25,2,0.0,68,40
2026-05-21 19:00:50,2026-05-22,2,乒乓球厅-12号,09:00-10:00,0,1,可预约,￥5.0,阴,23,23,3,0.0,76,40
2026-05-21 19:30:46,2026-05-22,2,乒乓球厅-12号,09:00-10:00,0,1,可预约,￥5.0,阴,23,24,2,0.0,77,39
2026-05-21 20:00:49,2026-05-22,2,乒乓球厅-12号,09:00-10:00,0,1,可预约,￥5.0,雾,22,23,2,0.0,89,39
2026-05-21 20:30:44,2026-05-22,2,乒乓球厅-12号,09:00-10:00,0,1,可预约,￥5.0,雾,22,24,2,0.0,93,43
2026-05-21 21:00:56,2026-05-22,2,乒乓球厅-12号,09:00-10:00,0,1,可预约,￥5.0,雾,20,21,2,0.0,98,43
2026-05-21 21:30:46,2026-05-22,2,乒乓球厅-12号,09:00-10:00,0,1,可预约,￥5.0,雾,20,22,1,0.0,99,41
2026-05-21 22:01:02,2026-05-22,2,乒乓球厅-12号,09:00-10:00,0,1,可预约,￥5.0,雾,19,20,2,0.0,93,41
2026-05-21 22:30:47,2026-05-22,2,乒乓球厅-12号,09:00-10:00,0,1,可预约,￥5.0,雾,19,19,3,0.0,88,46
2026-05-21 23:00:56,2026-05-22,2,乒乓球厅-12号,09:00-10:00,0,1,可预约,￥5.0,多云,18,17,3,0.0,85,46
2026-05-21 23:30:55,2026-05-22,2,乒乓球厅-12号,09:00-10:00,0,1,可预约,￥5.0,多云,18,17,3,0.0,85,48
2026-05-21 08:00:45,2026-05-22,2,乒乓球厅-12号,10:00-11:00,0,1,可预约,￥5.0,晴,17,12,5,0.0,86,29
2026-05-21 08:02:30,2026-05-22,2,乒乓球厅-12号,10:00-11:00,0,1,可预约,￥5.0,多云,17,12,5,0.0,87,29
2026-05-21 08:05:36,2026-05-22,2,乒乓球厅-12号,10:00-11:00,0,1,可预约,￥5.0,多云,17,12,5,0.0,86,29
2026-05-21 08:08:31,2026-05-22,2,乒乓球厅-12号,10:00-11:00,0,1,可预约,￥5.0,多云,17,12,5,0.0,86,29
2026-05-21 08:11:30,2026-05-22,2,乒乓球厅-12号,10:00-11:00,0,1,可预约,￥5.0,多云,17,12,5,0.0,86,29
2026-05-21 08:14:31,2026-05-22,2,乒乓球厅-12号,10:00-11:00,0,1,可预约,￥5.0,多云,17,12,5,0.0,86,29
2026-05-21 08:17:30,2026-05-22,2,乒乓球厅-12号,10:00-11:00,0,1,可预约,￥5.0,多云,17,12,5,0.0,86,29
2026-05-21 08:20:35,2026-05-22,2,乒乓球厅-12号,10:00-11:00,0,1,可预约,￥5.0,多云,17,14,4,0.0,85,29
2026-05-21 08:25:32,2026-05-22,2,乒乓球厅-12号,10:00-11:00,0,1,可预约,￥5.0,多云,17,14,4,0.0,85,28
2026-05-21 08:30:42,2026-05-22,2,乒乓球厅-12号,10:00-11:00,0,1,可预约,￥5.0,多云,18,15,4,0.0,84,28
2026-05-21 08:35:31,2026-05-22,2,乒乓球厅-12号,10:00-11:00,0,1,可预约,￥5.0,多云,18,15,4,0.0,84,28
2026-05-21 08:40:38,2026-05-22,2,乒乓球厅-12号,10:00-11:00,0,1,可预约,￥5.0,多云,18,15,4,0.0,82,28
2026-05-21 08:45:33,2026-05-22,2,乒乓球厅-12号,10:00-11:00,0,1,可预约,￥5.0,多云,18,15,4,0.0,82,28
2026-05-21 08:50:36,2026-05-22,2,乒乓球厅-12号,10:00-11:00,0,1,可预约,￥5.0,多云,18,15,4,0.0,82,28
2026-05-21 08:55:34,2026-05-22,2,乒乓球厅-12号,10:00-11:00,0,1,可预约,￥5.0,多云,18,15,4,0.0,84,28
2026-05-21 09:00:51,2026-05-22,2,乒乓球厅-12号,10:00-11:00,0,1,可预约,￥5.0,多云,18,15,4,0.0,84,28
2026-05-21 09:01:59,2026-05-22,2,乒乓球厅-12号,10:00-11:00,0,1,可预约,￥5.0,多云,18,15,4,0.0,83,28
2026-05-21 09:05:33,2026-05-22,2,乒乓球厅-12号,10:00-11:00,0,1,可预约,￥5.0,多云,18,15,4,0.0,83,28
2026-05-21 09:20:38,2026-05-22,2,乒乓球厅-12号,10:00-11:00,0,1,可预约,￥5.0,多云,18,16,3,0.0,81,28
2026-05-21 09:30:46,2026-05-22,2,乒乓球厅-12号,10:00-11:00,0,1,可预约,￥5.0,多云,18,16,3,0.0,81,32
2026-05-21 09:40:36,2026-05-22,2,乒乓球厅-12号,10:00-11:00,0,1,可预约,￥5.0,多云,19,17,3,0.0,79,32
2026-05-21 09:50:42,2026-05-22,2,乒乓球厅-12号,10:00-11:00,0,1,可预约,￥5.0,多云,19,17,4,0.0,81,32
2026-05-21 10:00:46,2026-05-22,2,乒乓球厅-12号,10:00-11:00,0,1,可预约,￥5.0,多云,19,17,4,0.0,79,32
2026-05-21 10:10:40,2026-05-22,2,乒乓球厅-12号,10:00-11:00,0,1,可预约,￥5.0,多云,19,17,4,0.0,79,32
2026-05-21 10:20:38,2026-05-22,2,乒乓球厅-12号,10:00-11:00,0,1,可预约,￥5.0,多云,19,17,4,0.0,79,32
2026-05-21 10:30:41,2026-05-22,2,乒乓球厅-12号,10:00-11:00,0,1,可预约,￥5.0,多云,19,18,3,0.0,78,31
2026-05-21 11:00:44,2026-05-22,2,乒乓球厅-12号,10:00-11:00,0,1,可预约,￥5.0,多云,21,17,5,0.0,74,31
2026-05-21 11:30:38,2026-05-22,2,乒乓球厅-12号,10:00-11:00,0,1,可预约,￥5.0,多云,21,19,3,0.0,72,33
2026-05-21 12:00:46,2026-05-22,2,乒乓球厅-12号,10:00-11:00,0,1,可预约,￥5.0,多云,22,19,4,0.0,70,33
2026-05-21 12:30:42,2026-05-22,2,乒乓球厅-12号,10:00-11:00,0,1,可预约,￥5.0,多云,22,21,3,0.0,68,35
2026-05-21 13:00:43,2026-05-22,2,乒乓球厅-12号,10:00-11:00,0,1,可预约,￥5.0,多云,24,22,4,0.0,66,35
2026-05-21 13:30:43,2026-05-22,2,乒乓球厅-12号,10:00-11:00,0,1,可预约,￥5.0,多云,24,22,4,0.0,66,36
2026-05-21 14:00:48,2026-05-22,2,乒乓球厅-12号,10:00-11:00,0,1,可预约,￥5.0,多云,25,23,4,0.0,66,36
2026-05-21 14:30:45,2026-05-22,2,乒乓球厅-12号,10:00-11:00,0,1,可预约,￥5.0,晴,25,25,3,0.0,65,39
2026-05-21 15:00:45,2026-05-22,2,乒乓球厅-12号,10:00-11:00,0,1,可预约,￥5.0,晴,25,22,4,0.0,56,39
2026-05-21 15:30:43,2026-05-22,2,乒乓球厅-12号,10:00-11:00,0,1,可预约,￥5.0,晴,25,23,4,0.0,57,40
2026-05-21 16:00:51,2026-05-22,2,乒乓球厅-12号,10:00-11:00,0,1,可预约,￥5.0,晴,25,23,4,0.0,57,40
2026-05-21 16:30:48,2026-05-22,2,乒乓球厅-12号,10:00-11:00,0,1,可预约,￥5.0,晴,25,24,3,0.0,60,39
2026-05-21 17:00:49,2026-05-22,2,乒乓球厅-12号,10:00-11:00,0,1,可预约,￥5.0,晴,25,24,4,0.0,61,39
2026-05-21 17:30:47,2026-05-22,2,乒乓球厅-12号,10:00-11:00,0,1,可预约,￥5.0,多云,24,23,3,0.0,64,39
2026-05-21 18:00:50,2026-05-22,2,乒乓球厅-12号,10:00-11:00,0,1,可预约,￥5.0,多云,24,23,3,0.0,68,39
2026-05-21 18:30:50,2026-05-22,2,乒乓球厅-12号,10:00-11:00,0,1,可预约,￥5.0,阴,24,25,2,0.0,68,40
2026-05-21 19:00:50,2026-05-22,2,乒乓球厅-12号,10:00-11:00,0,1,可预约,￥5.0,阴,23,23,3,0.0,76,40
2026-05-21 19:30:46,2026-05-22,2,乒乓球厅-12号,10:00-11:00,0,1,可预约,￥5.0,阴,23,24,2,0.0,77,39
2026-05-21 20:00:49,2026-05-22,2,乒乓球厅-12号,10:00-11:00,0,1,可预约,￥5.0,雾,22,23,2,0.0,89,39
2026-05-21 20:30:44,2026-05-22,2,乒乓球厅-12号,10:00-11:00,0,1,可预约,￥5.0,雾,22,24,2,0.0,93,43
2026-05-21 21:00:56,2026-05-22,2,乒乓球厅-12号,10:00-11:00,0,1,可预约,￥5.0,雾,20,21,2,0.0,98,43
2026-05-21 21:30:46,2026-05-22,2,乒乓球厅-12号,10:00-11:00,0,1,可预约,￥5.0,雾,20,22,1,0.0,99,41
2026-05-21 22:01:02,2026-05-22,2,乒乓球厅-12号,10:00-11:00,0,1,可预约,￥5.0,雾,19,20,2,0.0,93,41
2026-05-21 22:30:47,2026-05-22,2,乒乓球厅-12号,10:00-11:00,0,1,可预约,￥5.0,雾,19,19,3,0.0,88,46
2026-05-21 23:00:56,2026-05-22,2,乒乓球厅-12号,10:00-11:00,0,1,可预约,￥5.0,多云,18,17,3,0.0,85,46
2026-05-21 23:30:55,2026-05-22,2,乒乓球厅-12号,10:00-11:00,0,1,可预约,￥5.0,多云,18,17,3,0.0,85,48
2026-05-21 08:00:45,2026-05-22,2,乒乓球厅-12号,11:00-12:00,0,1,可预约,￥5.0,晴,17,12,5,0.0,86,29
2026-05-21 08:02:30,2026-05-22,2,乒乓球厅-12号,11:00-12:00,0,1,可预约,￥5.0,多云,17,12,5,0.0,87,29
2026-05-21 08:05:36,2026-05-22,2,乒乓球厅-12号,11:00-12:00,0,1,可预约,￥5.0,多云,17,12,5,0.0,86,29
2026-05-21 08:08:31,2026-05-22,2,乒乓球厅-12号,11:00-12:00,0,1,可预约,￥5.0,多云,17,12,5,0.0,86,29
2026-05-21 08:11:30,2026-05-22,2,乒乓球厅-12号,11:00-12:00,0,1,可预约,￥5.0,多云,17,12,5,0.0,86,29
2026-05-21 08:14:31,2026-05-22,2,乒乓球厅-12号,11:00-12:00,0,1,可预约,￥5.0,多云,17,12,5,0.0,86,29
2026-05-21 08:17:30,2026-05-22,2,乒乓球厅-12号,11:00-12:00,0,1,可预约,￥5.0,多云,17,12,5,0.0,86,29
2026-05-21 08:20:35,2026-05-22,2,乒乓球厅-12号,11:00-12:00,0,1,可预约,￥5.0,多云,17,14,4,0.0,85,29
2026-05-21 08:25:32,2026-05-22,2,乒乓球厅-12号,11:00-12:00,0,1,可预约,￥5.0,多云,17,14,4,0.0,85,28
2026-05-21 08:30:42,2026-05-22,2,乒乓球厅-12号,11:00-12:00,0,1,可预约,￥5.0,多云,18,15,4,0.0,84,28
2026-05-21 08:35:31,2026-05-22,2,乒乓球厅-12号,11:00-12:00,0,1,可预约,￥5.0,多云,18,15,4,0.0,84,28
2026-05-21 08:40:38,2026-05-22,2,乒乓球厅-12号,11:00-12:00,0,1,可预约,￥5.0,多云,18,15,4,0.0,82,28
2026-05-21 08:45:33,2026-05-22,2,乒乓球厅-12号,11:00-12:00,0,1,可预约,￥5.0,多云,18,15,4,0.0,82,28
2026-05-21 08:50:36,2026-05-22,2,乒乓球厅-12号,11:00-12:00,0,1,可预约,￥5.0,多云,18,15,4,0.0,82,28
2026-05-21 08:55:34,2026-05-22,2,乒乓球厅-12号,11:00-12:00,0,1,可预约,￥5.0,多云,18,15,4,0.0,84,28
2026-05-21 09:00:51,2026-05-22,2,乒乓球厅-12号,11:00-12:00,0,1,可预约,￥5.0,多云,18,15,4,0.0,84,28
2026-05-21 09:01:59,2026-05-22,2,乒乓球厅-12号,11:00-12:00,0,1,可预约,￥5.0,多云,18,15,4,0.0,83,28
2026-05-21 09:05:33,2026-05-22,2,乒乓球厅-12号,11:00-12:00,0,1,可预约,￥5.0,多云,18,15,4,0.0,83,28
2026-05-21 09:20:38,2026-05-22,2,乒乓球厅-12号,11:00-12:00,0,1,可预约,￥5.0,多云,18,16,3,0.0,81,28
2026-05-21 09:30:46,2026-05-22,2,乒乓球厅-12号,11:00-12:00,0,1,可预约,￥5.0,多云,18,16,3,0.0,81,32
2026-05-21 09:40:36,2026-05-22,2,乒乓球厅-12号,11:00-12:00,0,1,可预约,￥5.0,多云,19,17,3,0.0,79,32
2026-05-21 09:50:42,2026-05-22,2,乒乓球厅-12号,11:00-12:00,0,1,可预约,￥5.0,多云,19,17,4,0.0,81,32
2026-05-21 10:00:46,2026-05-22,2,乒乓球厅-12号,11:00-12:00,0,1,可预约,￥5.0,多云,19,17,4,0.0,79,32
2026-05-21 10:10:40,2026-05-22,2,乒乓球厅-12号,11:00-12:00,0,1,可预约,￥5.0,多云,19,17,4,0.0,79,32
2026-05-21 10:20:38,2026-05-22,2,乒乓球厅-12号,11:00-12:00,0,1,可预约,￥5.0,多云,19,17,4,0.0,79,32
2026-05-21 10:30:41,2026-05-22,2,乒乓球厅-12号,11:00-12:00,0,1,可预约,￥5.0,多云,19,18,3,0.0,78,31
2026-05-21 11:00:44,2026-05-22,2,乒乓球厅-12号,11:00-12:00,0,1,可预约,￥5.0,多云,21,17,5,0.0,74,31
2026-05-21 11:30:38,2026-05-22,2,乒乓球厅-12号,11:00-12:00,0,1,可预约,￥5.0,多云,21,19,3,0.0,72,33
2026-05-21 12:00:46,2026-05-22,2,乒乓球厅-12号,11:00-12:00,0,1,可预约,￥5.0,多云,22,19,4,0.0,70,33
2026-05-21 12:30:42,2026-05-22,2,乒乓球厅-12号,11:00-12:00,0,1,可预约,￥5.0,多云,22,21,3,0.0,68,35
2026-05-21 13:00:43,2026-05-22,2,乒乓球厅-12号,11:00-12:00,0,1,可预约,￥5.0,多云,24,22,4,0.0,66,35
2026-05-21 13:30:43,2026-05-22,2,乒乓球厅-12号,11:00-12:00,0,1,可预约,￥5.0,多云,24,22,4,0.0,66,36
2026-05-21 14:00:48,2026-05-22,2,乒乓球厅-12号,11:00-12:00,0,1,可预约,￥5.0,多云,25,23,4,0.0,66,36
2026-05-21 14:30:45,2026-05-22,2,乒乓球厅-12号,11:00-12:00,0,1,可预约,￥5.0,晴,25,25,3,0.0,65,39
2026-05-21 15:00:45,2026-05-22,2,乒乓球厅-12号,11:00-12:00,0,1,可预约,￥5.0,晴,25,22,4,0.0,56,39
2026-05-21 15:30:43,2026-05-22,2,乒乓球厅-12号,11:00-12:00,0,1,可预约,￥5.0,晴,25,23,4,0.0,57,40
2026-05-21 16:00:51,2026-05-22,2,乒乓球厅-12号,11:00-12:00,0,1,可预约,￥5.0,晴,25,23,4,0.0,57,40
2026-05-21 16:30:48,2026-05-22,2,乒乓球厅-12号,11:00-12:00,0,1,可预约,￥5.0,晴,25,24,3,0.0,60,39
2026-05-21 17:00:49,2026-05-22,2,乒乓球厅-12号,11:00-12:00,0,1,可预约,￥5.0,晴,25,24,4,0.0,61,39
2026-05-21 17:30:47,2026-05-22,2,乒乓球厅-12号,11:00-12:00,0,1,可预约,￥5.0,多云,24,23,3,0.0,64,39
2026-05-21 18:00:50,2026-05-22,2,乒乓球厅-12号,11:00-12:00,0,1,可预约,￥5.0,多云,24,23,3,0.0,68,39
2026-05-21 18:30:50,2026-05-22,2,乒乓球厅-12号,11:00-12:00,0,1,可预约,￥5.0,阴,24,25,2,0.0,68,40
2026-05-21 19:00:50,2026-05-22,2,乒乓球厅-12号,11:00-12:00,0,1,可预约,￥5.0,阴,23,23,3,0.0,76,40
2026-05-21 19:30:46,2026-05-22,2,乒乓球厅-12号,11:00-12:00,0,1,可预约,￥5.0,阴,23,24,2,0.0,77,39
2026-05-21 20:00:49,2026-05-22,2,乒乓球厅-12号,11:00-12:00,0,1,可预约,￥5.0,雾,22,23,2,0.0,89,39
2026-05-21 20:30:44,2026-05-22,2,乒乓球厅-12号,11:00-12:00,0,1,可预约,￥5.0,雾,22,24,2,0.0,93,43
2026-05-21 21:00:56,2026-05-22,2,乒乓球厅-12号,11:00-12:00,0,1,可预约,￥5.0,雾,20,21,2,0.0,98,43
2026-05-21 21:30:46,2026-05-22,2,乒乓球厅-12号,11:00-12:00,0,1,可预约,￥5.0,雾,20,22,1,0.0,99,41
2026-05-21 22:01:02,2026-05-22,2,乒乓球厅-12号,11:00-12:00,0,1,可预约,￥5.0,雾,19,20,2,0.0,93,41
2026-05-21 22:30:47,2026-05-22,2,乒乓球厅-12号,11:00-12:00,0,1,可预约,￥5.0,雾,19,19,3,0.0,88,46
2026-05-21 23:00:56,2026-05-22,2,乒乓球厅-12号,11:00-12:00,0,1,可预约,￥5.0,多云,18,17,3,0.0,85,46
2026-05-21 23:30:55,2026-05-22,2,乒乓球厅-12号,11:00-12:00,0,1,可预约,￥5.0,多云,18,17,3,0.0,85,48
2026-05-21 08:00:45,2026-05-22,2,乒乓球厅-12号,12:00-12:55,0,1,可预约,￥0.0,晴,17,12,5,0.0,86,29
2026-05-21 08:02:30,2026-05-22,2,乒乓球厅-12号,12:00-12:55,0,1,可预约,￥0.0,多云,17,12,5,0.0,87,29
2026-05-21 08:05:36,2026-05-22,2,乒乓球厅-12号,12:00-12:55,0,1,可预约,￥0.0,多云,17,12,5,0.0,86,29
2026-05-21 08:08:31,2026-05-22,2,乒乓球厅-12号,12:00-12:55,0,1,可预约,￥0.0,多云,17,12,5,0.0,86,29
2026-05-21 08:11:30,2026-05-22,2,乒乓球厅-12号,12:00-12:55,0,1,可预约,￥0.0,多云,17,12,5,0.0,86,29
2026-05-21 08:14:31,2026-05-22,2,乒乓球厅-12号,12:00-12:55,0,1,可预约,￥0.0,多云,17,12,5,0.0,86,29
2026-05-21 08:17:30,2026-05-22,2,乒乓球厅-12号,12:00-12:55,0,1,可预约,￥0.0,多云,17,12,5,0.0,86,29
2026-05-21 08:20:35,2026-05-22,2,乒乓球厅-12号,12:00-12:55,0,1,可预约,￥0.0,多云,17,14,4,0.0,85,29
2026-05-21 08:25:32,2026-05-22,2,乒乓球厅-12号,12:00-12:55,0,1,可预约,￥0.0,多云,17,14,4,0.0,85,28
2026-05-21 08:30:42,2026-05-22,2,乒乓球厅-12号,12:00-12:55,0,1,可预约,￥0.0,多云,18,15,4,0.0,84,28
2026-05-21 08:35:31,2026-05-22,2,乒乓球厅-12号,12:00-12:55,0,1,可预约,￥0.0,多云,18,15,4,0.0,84,28
2026-05-21 08:40:38,2026-05-22,2,乒乓球厅-12号,12:00-12:55,0,1,可预约,￥0.0,多云,18,15,4,0.0,82,28
2026-05-21 08:45:33,2026-05-22,2,乒乓球厅-12号,12:00-12:55,0,1,可预约,￥0.0,多云,18,15,4,0.0,82,28
2026-05-21 08:50:36,2026-05-22,2,乒乓球厅-12号,12:00-12:55,0,1,可预约,￥0.0,多云,18,15,4,0.0,82,28
2026-05-21 08:55:34,2026-05-22,2,乒乓球厅-12号,12:00-12:55,0,1,可预约,￥0.0,多云,18,15,4,0.0,84,28
2026-05-21 09:00:51,2026-05-22,2,乒乓球厅-12号,12:00-12:55,0,1,可预约,￥0.0,多云,18,15,4,0.0,84,28
2026-05-21 09:01:59,2026-05-22,2,乒乓球厅-12号,12:00-12:55,0,1,可预约,￥0.0,多云,18,15,4,0.0,83,28
2026-05-21 09:05:33,2026-05-22,2,乒乓球厅-12号,12:00-12:55,0,1,可预约,￥0.0,多云,18,15,4,0.0,83,28
2026-05-21 09:20:38,2026-05-22,2,乒乓球厅-12号,12:00-12:55,0,1,可预约,￥0.0,多云,18,16,3,0.0,81,28
2026-05-21 09:30:46,2026-05-22,2,乒乓球厅-12号,12:00-12:55,0,1,可预约,￥0.0,多云,18,16,3,0.0,81,32
2026-05-21 09:40:36,2026-05-22,2,乒乓球厅-12号,12:00-12:55,0,1,可预约,￥0.0,多云,19,17,3,0.0,79,32
2026-05-21 09:50:42,2026-05-22,2,乒乓球厅-12号,12:00-12:55,0,1,可预约,￥0.0,多云,19,17,4,0.0,81,32
2026-05-21 10:00:46,2026-05-22,2,乒乓球厅-12号,12:00-12:55,0,1,可预约,￥0.0,多云,19,17,4,0.0,79,32
2026-05-21 10:10:40,2026-05-22,2,乒乓球厅-12号,12:00-12:55,0,1,可预约,￥0.0,多云,19,17,4,0.0,79,32
2026-05-21 10:20:38,2026-05-22,2,乒乓球厅-12号,12:00-12:55,0,1,可预约,￥0.0,多云,19,17,4,0.0,79,32
2026-05-21 10:30:41,2026-05-22,2,乒乓球厅-12号,12:00-12:55,0,1,可预约,￥0.0,多云,19,18,3,0.0,78,31
2026-05-21 11:00:44,2026-05-22,2,乒乓球厅-12号,12:00-12:55,0,1,可预约,￥0.0,多云,21,17,5,0.0,74,31
2026-05-21 11:30:38,2026-05-22,2,乒乓球厅-12号,12:00-12:55,0,1,可预约,￥0.0,多云,21,19,3,0.0,72,33
2026-05-21 12:00:46,2026-05-22,2,乒乓球厅-12号,12:00-12:55,0,1,可预约,￥0.0,多云,22,19,4,0.0,70,33
2026-05-21 12:30:42,2026-05-22,2,乒乓球厅-12号,12:00-12:55,0,1,可预约,￥0.0,多云,22,21,3,0.0,68,35
2026-05-21 13:00:43,2026-05-22,2,乒乓球厅-12号,12:00-12:55,0,1,可预约,￥0.0,多云,24,22,4,0.0,66,35
2026-05-21 13:30:43,2026-05-22,2,乒乓球厅-12号,12:00-12:55,0,1,可预约,￥0.0,多云,24,22,4,0.0,66,36
2026-05-21 14:00:48,2026-05-22,2,乒乓球厅-12号,12:00-12:55,0,1,可预约,￥0.0,多云,25,23,4,0.0,66,36
2026-05-21 14:30:45,2026-05-22,2,乒乓球厅-12号,12:00-12:55,0,1,可预约,￥0.0,晴,25,25,3,0.0,65,39
2026-05-21 15:00:45,2026-05-22,2,乒乓球厅-12号,12:00-12:55,0,1,可预约,￥0.0,晴,25,22,4,0.0,56,39
2026-05-21 15:30:43,2026-05-22,2,乒乓球厅-12号,12:00-12:55,0,1,可预约,￥0.0,晴,25,23,4,0.0,57,40
2026-05-21 16:00:51,2026-05-22,2,乒乓球厅-12号,12:00-12:55,0,1,可预约,￥0.0,晴,25,23,4,0.0,57,40
2026-05-21 16:30:48,2026-05-22,2,乒乓球厅-12号,12:00-12:55,0,1,可预约,￥0.0,晴,25,24,3,0.0,60,39
2026-05-21 17:00:49,2026-05-22,2,乒乓球厅-12号,12:00-12:55,0,1,可预约,￥0.0,晴,25,24,4,0.0,61,39
2026-05-21 17:30:47,2026-05-22,2,乒乓球厅-12号,12:00-12:55,0,1,可预约,￥0.0,多云,24,23,3,0.0,64,39
2026-05-21 18:00:50,2026-05-22,2,乒乓球厅-12号,12:00-12:55,0,1,可预约,￥0.0,多云,24,23,3,0.0,68,39
2026-05-21 18:30:50,2026-05-22,2,乒乓球厅-12号,12:00-12:55,0,1,可预约,￥0.0,阴,24,25,2,0.0,68,40
2026-05-21 19:00:50,2026-05-22,2,乒乓球厅-12号,12:00-12:55,0,1,可预约,￥0.0,阴,23,23,3,0.0,76,40
2026-05-21 19:30:46,2026-05-22,2,乒乓球厅-12号,12:00-12:55,0,1,可预约,￥0.0,阴,23,24,2,0.0,77,39
2026-05-21 20:00:49,2026-05-22,2,乒乓球厅-12号,12:00-12:55,0,1,可预约,￥0.0,雾,22,23,2,0.0,89,39
2026-05-21 20:30:44,2026-05-22,2,乒乓球厅-12号,12:00-12:55,0,1,可预约,￥0.0,雾,22,24,2,0.0,93,43
2026-05-21 21:00:56,2026-05-22,2,乒乓球厅-12号,12:00-12:55,0,1,可预约,￥0.0,雾,20,21,2,0.0,98,43
2026-05-21 21:30:46,2026-05-22,2,乒乓球厅-12号,12:00-12:55,0,1,可预约,￥0.0,雾,20,22,1,0.0,99,41
2026-05-21 22:01:02,2026-05-22,2,乒乓球厅-12号,12:00-12:55,0,1,可预约,￥0.0,雾,19,20,2,0.0,93,41
2026-05-21 22:30:47,2026-05-22,2,乒乓球厅-12号,12:00-12:55,0,1,可预约,￥0.0,雾,19,19,3,0.0,88,46
2026-05-21 23:00:56,2026-05-22,2,乒乓球厅-12号,12:00-12:55,0,1,可预约,￥0.0,多云,18,17,3,0.0,85,46
2026-05-21 23:30:55,2026-05-22,2,乒乓球厅-12号,12:00-12:55,0,1,可预约,￥0.0,多云,18,17,3,0.0,85,48
2026-05-21 08:00:45,2026-05-22,2,乒乓球厅-12号,12:55-13:50,0,1,可预约,￥0.0,晴,17,12,5,0.0,86,29
2026-05-21 08:02:30,2026-05-22,2,乒乓球厅-12号,12:55-13:50,0,1,可预约,￥0.0,多云,17,12,5,0.0,87,29
2026-05-21 08:05:36,2026-05-22,2,乒乓球厅-12号,12:55-13:50,0,1,可预约,￥0.0,多云,17,12,5,0.0,86,29
2026-05-21 08:08:31,2026-05-22,2,乒乓球厅-12号,12:55-13:50,0,1,可预约,￥0.0,多云,17,12,5,0.0,86,29
2026-05-21 08:11:30,2026-05-22,2,乒乓球厅-12号,12:55-13:50,0,1,可预约,￥0.0,多云,17,12,5,0.0,86,29
2026-05-21 08:14:31,2026-05-22,2,乒乓球厅-12号,12:55-13:50,0,1,可预约,￥0.0,多云,17,12,5,0.0,86,29
2026-05-21 08:17:30,2026-05-22,2,乒乓球厅-12号,12:55-13:50,0,1,可预约,￥0.0,多云,17,12,5,0.0,86,29
2026-05-21 08:20:35,2026-05-22,2,乒乓球厅-12号,12:55-13:50,0,1,可预约,￥0.0,多云,17,14,4,0.0,85,29
2026-05-21 08:25:32,2026-05-22,2,乒乓球厅-12号,12:55-13:50,0,1,可预约,￥0.0,多云,17,14,4,0.0,85,28
2026-05-21 08:30:42,2026-05-22,2,乒乓球厅-12号,12:55-13:50,0,1,可预约,￥0.0,多云,18,15,4,0.0,84,28
2026-05-21 08:35:31,2026-05-22,2,乒乓球厅-12号,12:55-13:50,0,1,可预约,￥0.0,多云,18,15,4,0.0,84,28
2026-05-21 08:40:38,2026-05-22,2,乒乓球厅-12号,12:55-13:50,0,1,可预约,￥0.0,多云,18,15,4,0.0,82,28
2026-05-21 08:45:33,2026-05-22,2,乒乓球厅-12号,12:55-13:50,0,1,可预约,￥0.0,多云,18,15,4,0.0,82,28
2026-05-21 08:50:36,2026-05-22,2,乒乓球厅-12号,12:55-13:50,0,1,可预约,￥0.0,多云,18,15,4,0.0,82,28
2026-05-21 08:55:34,2026-05-22,2,乒乓球厅-12号,12:55-13:50,0,1,可预约,￥0.0,多云,18,15,4,0.0,84,28
2026-05-21 09:00:51,2026-05-22,2,乒乓球厅-12号,12:55-13:50,0,1,可预约,￥0.0,多云,18,15,4,0.0,84,28
2026-05-21 09:01:59,2026-05-22,2,乒乓球厅-12号,12:55-13:50,0,1,可预约,￥0.0,多云,18,15,4,0.0,83,28
2026-05-21 09:05:33,2026-05-22,2,乒乓球厅-12号,12:55-13:50,0,1,可预约,￥0.0,多云,18,15,4,0.0,83,28
2026-05-21 09:20:38,2026-05-22,2,乒乓球厅-12号,12:55-13:50,0,1,可预约,￥0.0,多云,18,16,3,0.0,81,28
2026-05-21 09:30:46,2026-05-22,2,乒乓球厅-12号,12:55-13:50,0,1,可预约,￥0.0,多云,18,16,3,0.0,81,32
2026-05-21 09:40:36,2026-05-22,2,乒乓球厅-12号,12:55-13:50,0,1,可预约,￥0.0,多云,19,17,3,0.0,79,32
2026-05-21 09:50:42,2026-05-22,2,乒乓球厅-12号,12:55-13:50,0,1,可预约,￥0.0,多云,19,17,4,0.0,81,32
2026-05-21 10:00:46,2026-05-22,2,乒乓球厅-12号,12:55-13:50,0,1,可预约,￥0.0,多云,19,17,4,0.0,79,32
2026-05-21 10:10:40,2026-05-22,2,乒乓球厅-12号,12:55-13:50,0,1,可预约,￥0.0,多云,19,17,4,0.0,79,32
2026-05-21 10:20:38,2026-05-22,2,乒乓球厅-12号,12:55-13:50,0,1,可预约,￥0.0,多云,19,17,4,0.0,79,32
2026-05-21 10:30:41,2026-05-22,2,乒乓球厅-12号,12:55-13:50,0,1,可预约,￥0.0,多云,19,18,3,0.0,78,31
2026-05-21 11:00:44,2026-05-22,2,乒乓球厅-12号,12:55-13:50,0,1,可预约,￥0.0,多云,21,17,5,0.0,74,31
2026-05-21 11:30:38,2026-05-22,2,乒乓球厅-12号,12:55-13:50,0,1,可预约,￥0.0,多云,21,19,3,0.0,72,33
2026-05-21 12:00:46,2026-05-22,2,乒乓球厅-12号,12:55-13:50,0,1,可预约,￥0.0,多云,22,19,4,0.0,70,33
2026-05-21 12:30:42,2026-05-22,2,乒乓球厅-12号,12:55-13:50,0,1,可预约,￥0.0,多云,22,21,3,0.0,68,35
2026-05-21 13:00:43,2026-05-22,2,乒乓球厅-12号,12:55-13:50,0,1,可预约,￥0.0,多云,24,22,4,0.0,66,35
2026-05-21 13:30:43,2026-05-22,2,乒乓球厅-12号,12:55-13:50,0,1,可预约,￥0.0,多云,24,22,4,0.0,66,36
2026-05-21 14:00:48,2026-05-22,2,乒乓球厅-12号,12:55-13:50,0,1,可预约,￥0.0,多云,25,23,4,0.0,66,36
2026-05-21 14:30:45,2026-05-22,2,乒乓球厅-12号,12:55-13:50,0,1,可预约,￥0.0,晴,25,25,3,0.0,65,39
2026-05-21 15:00:45,2026-05-22,2,乒乓球厅-12号,12:55-13:50,0,1,可预约,￥0.0,晴,25,22,4,0.0,56,39
2026-05-21 15:30:43,2026-05-22,2,乒乓球厅-12号,12:55-13:50,0,1,可预约,￥0.0,晴,25,23,4,0.0,57,40
2026-05-21 16:00:51,2026-05-22,2,乒乓球厅-12号,12:55-13:50,0,1,可预约,￥0.0,晴,25,23,4,0.0,57,40
2026-05-21 16:30:48,2026-05-22,2,乒乓球厅-12号,12:55-13:50,0,1,可预约,￥0.0,晴,25,24,3,0.0,60,39
2026-05-21 17:00:49,2026-05-22,2,乒乓球厅-12号,12:55-13:50,0,1,可预约,￥0.0,晴,25,24,4,0.0,61,39
2026-05-21 17:30:47,2026-05-22,2,乒乓球厅-12号,12:55-13:50,0,1,可预约,￥0.0,多云,24,23,3,0.0,64,39
2026-05-21 18:00:50,2026-05-22,2,乒乓球厅-12号,12:55-13:50,0,1,可预约,￥0.0,多云,24,23,3,0.0,68,39
2026-05-21 18:30:50,2026-05-22,2,乒乓球厅-12号,12:55-13:50,0,1,可预约,￥0.0,阴,24,25,2,0.0,68,40
2026-05-21 19:00:50,2026-05-22,2,乒乓球厅-12号,12:55-13:50,0,1,可预约,￥0.0,阴,23,23,3,0.0,76,40
2026-05-21 19:30:46,2026-05-22,2,乒乓球厅-12号,12:55-13:50,0,1,可预约,￥0.0,阴,23,24,2,0.0,77,39
2026-05-21 20:00:49,2026-05-22,2,乒乓球厅-12号,12:55-13:50,0,1,可预约,￥0.0,雾,22,23,2,0.0,89,39
2026-05-21 20:30:44,2026-05-22,2,乒乓球厅-12号,12:55-13:50,0,1,可预约,￥0.0,雾,22,24,2,0.0,93,43
2026-05-21 21:00:56,2026-05-22,2,乒乓球厅-12号,12:55-13:50,0,1,可预约,￥0.0,雾,20,21,2,0.0,98,43
2026-05-21 21:30:46,2026-05-22,2,乒乓球厅-12号,12:55-13:50,0,1,可预约,￥0.0,雾,20,22,1,0.0,99,41
2026-05-21 22:01:02,2026-05-22,2,乒乓球厅-12号,12:55-13:50,0,1,可预约,￥0.0,雾,19,20,2,0.0,93,41
2026-05-21 22:30:47,2026-05-22,2,乒乓球厅-12号,12:55-13:50,0,1,可预约,￥0.0,雾,19,19,3,0.0,88,46
2026-05-21 23:00:56,2026-05-22,2,乒乓球厅-12号,12:55-13:50,0,1,可预约,￥0.0,多云,18,17,3,0.0,85,46
2026-05-21 23:30:55,2026-05-22,2,乒乓球厅-12号,12:55-13:50,0,1,可预约,￥0.0,多云,18,17,3,0.0,85,48
2026-05-21 08:00:45,2026-05-22,2,乒乓球厅-12号,14:00-15:00,1,1,已售/已满,教学时间,晴,17,12,5,0.0,86,29
2026-05-21 08:02:30,2026-05-22,2,乒乓球厅-12号,14:00-15:00,1,1,已售/已满,教学时间,多云,17,12,5,0.0,87,29
2026-05-21 08:05:36,2026-05-22,2,乒乓球厅-12号,14:00-15:00,1,1,已售/已满,教学时间,多云,17,12,5,0.0,86,29
2026-05-21 08:08:31,2026-05-22,2,乒乓球厅-12号,14:00-15:00,1,1,已售/已满,教学时间,多云,17,12,5,0.0,86,29
2026-05-21 08:11:30,2026-05-22,2,乒乓球厅-12号,14:00-15:00,1,1,已售/已满,教学时间,多云,17,12,5,0.0,86,29
2026-05-21 08:14:31,2026-05-22,2,乒乓球厅-12号,14:00-15:00,1,1,已售/已满,教学时间,多云,17,12,5,0.0,86,29
2026-05-21 08:17:30,2026-05-22,2,乒乓球厅-12号,14:00-15:00,1,1,已售/已满,教学时间,多云,17,12,5,0.0,86,29
2026-05-21 08:20:35,2026-05-22,2,乒乓球厅-12号,14:00-15:00,1,1,已售/已满,教学时间,多云,17,14,4,0.0,85,29
2026-05-21 08:25:32,2026-05-22,2,乒乓球厅-12号,14:00-15:00,1,1,已售/已满,教学时间,多云,17,14,4,0.0,85,28
2026-05-21 08:30:42,2026-05-22,2,乒乓球厅-12号,14:00-15:00,1,1,已售/已满,教学时间,多云,18,15,4,0.0,84,28
2026-05-21 08:35:31,2026-05-22,2,乒乓球厅-12号,14:00-15:00,1,1,已售/已满,教学时间,多云,18,15,4,0.0,84,28
2026-05-21 08:40:38,2026-05-22,2,乒乓球厅-12号,14:00-15:00,1,1,已售/已满,教学时间,多云,18,15,4,0.0,82,28
2026-05-21 08:45:33,2026-05-22,2,乒乓球厅-12号,14:00-15:00,1,1,已售/已满,教学时间,多云,18,15,4,0.0,82,28
2026-05-21 08:50:36,2026-05-22,2,乒乓球厅-12号,14:00-15:00,1,1,已售/已满,教学时间,多云,18,15,4,0.0,82,28
2026-05-21 08:55:34,2026-05-22,2,乒乓球厅-12号,14:00-15:00,1,1,已售/已满,教学时间,多云,18,15,4,0.0,84,28
2026-05-21 09:00:51,2026-05-22,2,乒乓球厅-12号,14:00-15:00,1,1,已售/已满,教学时间,多云,18,15,4,0.0,84,28
2026-05-21 09:01:59,2026-05-22,2,乒乓球厅-12号,14:00-15:00,1,1,已售/已满,教学时间,多云,18,15,4,0.0,83,28
2026-05-21 09:05:33,2026-05-22,2,乒乓球厅-12号,14:00-15:00,1,1,已售/已满,教学时间,多云,18,15,4,0.0,83,28
2026-05-21 09:20:38,2026-05-22,2,乒乓球厅-12号,14:00-15:00,1,1,已售/已满,教学时间,多云,18,16,3,0.0,81,28
2026-05-21 09:30:46,2026-05-22,2,乒乓球厅-12号,14:00-15:00,1,1,已售/已满,教学时间,多云,18,16,3,0.0,81,32
2026-05-21 09:40:36,2026-05-22,2,乒乓球厅-12号,14:00-15:00,1,1,已售/已满,教学时间,多云,19,17,3,0.0,79,32
2026-05-21 09:50:42,2026-05-22,2,乒乓球厅-12号,14:00-15:00,1,1,已售/已满,教学时间,多云,19,17,4,0.0,81,32
2026-05-21 10:00:46,2026-05-22,2,乒乓球厅-12号,14:00-15:00,1,1,已售/已满,教学时间,多云,19,17,4,0.0,79,32
2026-05-21 10:10:40,2026-05-22,2,乒乓球厅-12号,14:00-15:00,1,1,已售/已满,教学时间,多云,19,17,4,0.0,79,32
2026-05-21 10:20:38,2026-05-22,2,乒乓球厅-12号,14:00-15:00,1,1,已售/已满,教学时间,多云,19,17,4,0.0,79,32
2026-05-21 10:30:41,2026-05-22,2,乒乓球厅-12号,14:00-15:00,1,1,已售/已满,教学时间,多云,19,18,3,0.0,78,31
2026-05-21 11:00:44,2026-05-22,2,乒乓球厅-12号,14:00-15:00,1,1,已售/已满,教学时间,多云,21,17,5,0.0,74,31
2026-05-21 11:30:38,2026-05-22,2,乒乓球厅-12号,14:00-15:00,1,1,已售/已满,教学时间,多云,21,19,3,0.0,72,33
2026-05-21 12:00:46,2026-05-22,2,乒乓球厅-12号,14:00-15:00,1,1,已售/已满,教学时间,多云,22,19,4,0.0,70,33
2026-05-21 12:30:42,2026-05-22,2,乒乓球厅-12号,14:00-15:00,1,1,已售/已满,教学时间,多云,22,21,3,0.0,68,35
2026-05-21 13:00:43,2026-05-22,2,乒乓球厅-12号,14:00-15:00,1,1,已售/已满,教学时间,多云,24,22,4,0.0,66,35
2026-05-21 13:30:43,2026-05-22,2,乒乓球厅-12号,14:00-15:00,1,1,已售/已满,教学时间,多云,24,22,4,0.0,66,36
2026-05-21 14:00:48,2026-05-22,2,乒乓球厅-12号,14:00-15:00,1,1,已售/已满,教学时间,多云,25,23,4,0.0,66,36
2026-05-21 14:30:45,2026-05-22,2,乒乓球厅-12号,14:00-15:00,1,1,已售/已满,教学时间,晴,25,25,3,0.0,65,39
2026-05-21 15:00:45,2026-05-22,2,乒乓球厅-12号,14:00-15:00,1,1,已售/已满,教学时间,晴,25,22,4,0.0,56,39
2026-05-21 15:30:43,2026-05-22,2,乒乓球厅-12号,14:00-15:00,1,1,已售/已满,教学时间,晴,25,23,4,0.0,57,40
2026-05-21 16:00:51,2026-05-22,2,乒乓球厅-12号,14:00-15:00,1,1,已售/已满,教学时间,晴,25,23,4,0.0,57,40
2026-05-21 16:30:48,2026-05-22,2,乒乓球厅-12号,14:00-15:00,1,1,已售/已满,教学时间,晴,25,24,3,0.0,60,39
2026-05-21 17:00:49,2026-05-22,2,乒乓球厅-12号,14:00-15:00,1,1,已售/已满,教学时间,晴,25,24,4,0.0,61,39
2026-05-21 17:30:47,2026-05-22,2,乒乓球厅-12号,14:00-15:00,1,1,已售/已满,教学时间,多云,24,23,3,0.0,64,39
2026-05-21 18:00:50,2026-05-22,2,乒乓球厅-12号,14:00-15:00,1,1,已售/已满,教学时间,多云,24,23,3,0.0,68,39
2026-05-21 18:30:50,2026-05-22,2,乒乓球厅-12号,14:00-15:00,1,1,已售/已满,教学时间,阴,24,25,2,0.0,68,40
2026-05-21 19:00:50,2026-05-22,2,乒乓球厅-12号,14:00-15:00,1,1,已售/已满,教学时间,阴,23,23,3,0.0,76,40
2026-05-21 19:30:46,2026-05-22,2,乒乓球厅-12号,14:00-15:00,1,1,已售/已满,教学时间,阴,23,24,2,0.0,77,39
2026-05-21 20:00:49,2026-05-22,2,乒乓球厅-12号,14:00-15:00,1,1,已售/已满,教学时间,雾,22,23,2,0.0,89,39
2026-05-21 20:30:44,2026-05-22,2,乒乓球厅-12号,14:00-15:00,1,1,已售/已满,教学时间,雾,22,24,2,0.0,93,43
2026-05-21 21:00:56,2026-05-22,2,乒乓球厅-12号,14:00-15:00,1,1,已售/已满,教学时间,雾,20,21,2,0.0,98,43
2026-05-21 21:30:46,2026-05-22,2,乒乓球厅-12号,14:00-15:00,1,1,已售/已满,教学时间,雾,20,22,1,0.0,99,41
2026-05-21 22:01:02,2026-05-22,2,乒乓球厅-12号,14:00-15:00,1,1,已售/已满,教学时间,雾,19,20,2,0.0,93,41
2026-05-21 22:30:47,2026-05-22,2,乒乓球厅-12号,14:00-15:00,1,1,已售/已满,教学时间,雾,19,19,3,0.0,88,46
2026-05-21 23:00:56,2026-05-22,2,乒乓球厅-12号,14:00-15:00,1,1,已售/已满,教学时间,多云,18,17,3,0.0,85,46
2026-05-21 23:30:55,2026-05-22,2,乒乓球厅-12号,14:00-15:00,1,1,已售/已满,教学时间,多云,18,17,3,0.0,85,48
2026-05-21 08:00:45,2026-05-22,2,乒乓球厅-12号,15:00-16:00,1,1,已售/已满,教学时间,晴,17,12,5,0.0,86,29
2026-05-21 08:02:30,2026-05-22,2,乒乓球厅-12号,15:00-16:00,1,1,已售/已满,教学时间,多云,17,12,5,0.0,87,29
2026-05-21 08:05:36,2026-05-22,2,乒乓球厅-12号,15:00-16:00,1,1,已售/已满,教学时间,多云,17,12,5,0.0,86,29
2026-05-21 08:08:31,2026-05-22,2,乒乓球厅-12号,15:00-16:00,1,1,已售/已满,教学时间,多云,17,12,5,0.0,86,29
2026-05-21 08:11:30,2026-05-22,2,乒乓球厅-12号,15:00-16:00,1,1,已售/已满,教学时间,多云,17,12,5,0.0,86,29
2026-05-21 08:14:31,2026-05-22,2,乒乓球厅-12号,15:00-16:00,1,1,已售/已满,教学时间,多云,17,12,5,0.0,86,29
2026-05-21 08:17:30,2026-05-22,2,乒乓球厅-12号,15:00-16:00,1,1,已售/已满,教学时间,多云,17,12,5,0.0,86,29
2026-05-21 08:20:35,2026-05-22,2,乒乓球厅-12号,15:00-16:00,1,1,已售/已满,教学时间,多云,17,14,4,0.0,85,29
2026-05-21 08:25:32,2026-05-22,2,乒乓球厅-12号,15:00-16:00,1,1,已售/已满,教学时间,多云,17,14,4,0.0,85,28
2026-05-21 08:30:42,2026-05-22,2,乒乓球厅-12号,15:00-16:00,1,1,已售/已满,教学时间,多云,18,15,4,0.0,84,28
2026-05-21 08:35:31,2026-05-22,2,乒乓球厅-12号,15:00-16:00,1,1,已售/已满,教学时间,多云,18,15,4,0.0,84,28
2026-05-21 08:40:38,2026-05-22,2,乒乓球厅-12号,15:00-16:00,1,1,已售/已满,教学时间,多云,18,15,4,0.0,82,28
2026-05-21 08:45:33,2026-05-22,2,乒乓球厅-12号,15:00-16:00,1,1,已售/已满,教学时间,多云,18,15,4,0.0,82,28
2026-05-21 08:50:36,2026-05-22,2,乒乓球厅-12号,15:00-16:00,1,1,已售/已满,教学时间,多云,18,15,4,0.0,82,28
2026-05-21 08:55:34,2026-05-22,2,乒乓球厅-12号,15:00-16:00,1,1,已售/已满,教学时间,多云,18,15,4,0.0,84,28
2026-05-21 09:00:51,2026-05-22,2,乒乓球厅-12号,15:00-16:00,1,1,已售/已满,教学时间,多云,18,15,4,0.0,84,28
2026-05-21 09:01:59,2026-05-22,2,乒乓球厅-12号,15:00-16:00,1,1,已售/已满,教学时间,多云,18,15,4,0.0,83,28
2026-05-21 09:05:33,2026-05-22,2,乒乓球厅-12号,15:00-16:00,1,1,已售/已满,教学时间,多云,18,15,4,0.0,83,28
2026-05-21 09:20:38,2026-05-22,2,乒乓球厅-12号,15:00-16:00,1,1,已售/已满,教学时间,多云,18,16,3,0.0,81,28
2026-05-21 09:30:46,2026-05-22,2,乒乓球厅-12号,15:00-16:00,1,1,已售/已满,教学时间,多云,18,16,3,0.0,81,32
2026-05-21 09:40:36,2026-05-22,2,乒乓球厅-12号,15:00-16:00,1,1,已售/已满,教学时间,多云,19,17,3,0.0,79,32
2026-05-21 09:50:42,2026-05-22,2,乒乓球厅-12号,15:00-16:00,1,1,已售/已满,教学时间,多云,19,17,4,0.0,81,32
2026-05-21 10:00:46,2026-05-22,2,乒乓球厅-12号,15:00-16:00,1,1,已售/已满,教学时间,多云,19,17,4,0.0,79,32
2026-05-21 10:10:40,2026-05-22,2,乒乓球厅-12号,15:00-16:00,1,1,已售/已满,教学时间,多云,19,17,4,0.0,79,32
2026-05-21 10:20:38,2026-05-22,2,乒乓球厅-12号,15:00-16:00,1,1,已售/已满,教学时间,多云,19,17,4,0.0,79,32
2026-05-21 10:30:41,2026-05-22,2,乒乓球厅-12号,15:00-16:00,1,1,已售/已满,教学时间,多云,19,18,3,0.0,78,31
2026-05-21 11:00:44,2026-05-22,2,乒乓球厅-12号,15:00-16:00,1,1,已售/已满,教学时间,多云,21,17,5,0.0,74,31
2026-05-21 11:30:38,2026-05-22,2,乒乓球厅-12号,15:00-16:00,1,1,已售/已满,教学时间,多云,21,19,3,0.0,72,33
2026-05-21 12:00:46,2026-05-22,2,乒乓球厅-12号,15:00-16:00,1,1,已售/已满,教学时间,多云,22,19,4,0.0,70,33
2026-05-21 12:30:42,2026-05-22,2,乒乓球厅-12号,15:00-16:00,1,1,已售/已满,教学时间,多云,22,21,3,0.0,68,35
2026-05-21 13:00:43,2026-05-22,2,乒乓球厅-12号,15:00-16:00,1,1,已售/已满,教学时间,多云,24,22,4,0.0,66,35
2026-05-21 13:30:43,2026-05-22,2,乒乓球厅-12号,15:00-16:00,1,1,已售/已满,教学时间,多云,24,22,4,0.0,66,36
2026-05-21 14:00:48,2026-05-22,2,乒乓球厅-12号,15:00-16:00,1,1,已售/已满,教学时间,多云,25,23,4,0.0,66,36
2026-05-21 14:30:45,2026-05-22,2,乒乓球厅-12号,15:00-16:00,1,1,已售/已满,教学时间,晴,25,25,3,0.0,65,39
2026-05-21 15:00:45,2026-05-22,2,乒乓球厅-12号,15:00-16:00,1,1,已售/已满,教学时间,晴,25,22,4,0.0,56,39
2026-05-21 15:30:43,2026-05-22,2,乒乓球厅-12号,15:00-16:00,1,1,已售/已满,教学时间,晴,25,23,4,0.0,57,40
2026-05-21 16:00:51,2026-05-22,2,乒乓球厅-12号,15:00-16:00,1,1,已售/已满,教学时间,晴,25,23,4,0.0,57,40
2026-05-21 16:30:48,2026-05-22,2,乒乓球厅-12号,15:00-16:00,1,1,已售/已满,教学时间,晴,25,24,3,0.0,60,39
2026-05-21 17:00:49,2026-05-22,2,乒乓球厅-12号,15:00-16:00,1,1,已售/已满,教学时间,晴,25,24,4,0.0,61,39
2026-05-21 17:30:47,2026-05-22,2,乒乓球厅-12号,15:00-16:00,1,1,已售/已满,教学时间,多云,24,23,3,0.0,64,39
2026-05-21 18:00:50,2026-05-22,2,乒乓球厅-12号,15:00-16:00,1,1,已售/已满,教学时间,多云,24,23,3,0.0,68,39
2026-05-21 18:30:50,2026-05-22,2,乒乓球厅-12号,15:00-16:00,1,1,已售/已满,教学时间,阴,24,25,2,0.0,68,40
2026-05-21 19:00:50,2026-05-22,2,乒乓球厅-12号,15:00-16:00,1,1,已售/已满,教学时间,阴,23,23,3,0.0,76,40
2026-05-21 19:30:46,2026-05-22,2,乒乓球厅-12号,15:00-16:00,1,1,已售/已满,教学时间,阴,23,24,2,0.0,77,39
2026-05-21 20:00:49,2026-05-22,2,乒乓球厅-12号,15:00-16:00,1,1,已售/已满,教学时间,雾,22,23,2,0.0,89,39
2026-05-21 20:30:44,2026-05-22,2,乒乓球厅-12号,15:00-16:00,1,1,已售/已满,教学时间,雾,22,24,2,0.0,93,43
2026-05-21 21:00:56,2026-05-22,2,乒乓球厅-12号,15:00-16:00,1,1,已售/已满,教学时间,雾,20,21,2,0.0,98,43
2026-05-21 21:30:46,2026-05-22,2,乒乓球厅-12号,15:00-16:00,1,1,已售/已满,教学时间,雾,20,22,1,0.0,99,41
2026-05-21 22:01:02,2026-05-22,2,乒乓球厅-12号,15:00-16:00,1,1,已售/已满,教学时间,雾,19,20,2,0.0,93,41
2026-05-21 22:30:47,2026-05-22,2,乒乓球厅-12号,15:00-16:00,1,1,已售/已满,教学时间,雾,19,19,3,0.0,88,46
2026-05-21 23:00:56,2026-05-22,2,乒乓球厅-12号,15:00-16:00,1,1,已售/已满,教学时间,多云,18,17,3,0.0,85,46
2026-05-21 23:30:55,2026-05-22,2,乒乓球厅-12号,15:00-16:00,1,1,已售/已满,教学时间,多云,18,17,3,0.0,85,48
2026-05-21 08:00:45,2026-05-22,2,乒乓球厅-12号,16:00-17:00,0,1,可预约,￥5.0,晴,17,12,5,0.0,86,29
2026-05-21 08:02:30,2026-05-22,2,乒乓球厅-12号,16:00-17:00,0,1,可预约,￥5.0,多云,17,12,5,0.0,87,29
2026-05-21 08:05:36,2026-05-22,2,乒乓球厅-12号,16:00-17:00,0,1,可预约,￥5.0,多云,17,12,5,0.0,86,29
2026-05-21 08:08:31,2026-05-22,2,乒乓球厅-12号,16:00-17:00,0,1,可预约,￥5.0,多云,17,12,5,0.0,86,29
2026-05-21 08:11:30,2026-05-22,2,乒乓球厅-12号,16:00-17:00,0,1,可预约,￥5.0,多云,17,12,5,0.0,86,29
2026-05-21 08:14:31,2026-05-22,2,乒乓球厅-12号,16:00-17:00,0,1,可预约,￥5.0,多云,17,12,5,0.0,86,29
2026-05-21 08:17:30,2026-05-22,2,乒乓球厅-12号,16:00-17:00,0,1,可预约,￥5.0,多云,17,12,5,0.0,86,29
2026-05-21 08:20:35,2026-05-22,2,乒乓球厅-12号,16:00-17:00,0,1,可预约,￥5.0,多云,17,14,4,0.0,85,29
2026-05-21 08:25:32,2026-05-22,2,乒乓球厅-12号,16:00-17:00,0,1,可预约,￥5.0,多云,17,14,4,0.0,85,28
2026-05-21 08:30:42,2026-05-22,2,乒乓球厅-12号,16:00-17:00,0,1,可预约,￥5.0,多云,18,15,4,0.0,84,28
2026-05-21 08:35:31,2026-05-22,2,乒乓球厅-12号,16:00-17:00,0,1,可预约,￥5.0,多云,18,15,4,0.0,84,28
2026-05-21 08:40:38,2026-05-22,2,乒乓球厅-12号,16:00-17:00,0,1,可预约,￥5.0,多云,18,15,4,0.0,82,28
2026-05-21 08:45:33,2026-05-22,2,乒乓球厅-12号,16:00-17:00,0,1,可预约,￥5.0,多云,18,15,4,0.0,82,28
2026-05-21 08:50:36,2026-05-22,2,乒乓球厅-12号,16:00-17:00,0,1,可预约,￥5.0,多云,18,15,4,0.0,82,28
2026-05-21 08:55:34,2026-05-22,2,乒乓球厅-12号,16:00-17:00,0,1,可预约,￥5.0,多云,18,15,4,0.0,84,28
2026-05-21 09:00:51,2026-05-22,2,乒乓球厅-12号,16:00-17:00,0,1,可预约,￥5.0,多云,18,15,4,0.0,84,28
2026-05-21 09:01:59,2026-05-22,2,乒乓球厅-12号,16:00-17:00,0,1,可预约,￥5.0,多云,18,15,4,0.0,83,28
2026-05-21 09:05:33,2026-05-22,2,乒乓球厅-12号,16:00-17:00,0,1,可预约,￥5.0,多云,18,15,4,0.0,83,28
2026-05-21 09:20:38,2026-05-22,2,乒乓球厅-12号,16:00-17:00,0,1,可预约,￥5.0,多云,18,16,3,0.0,81,28
2026-05-21 09:30:46,2026-05-22,2,乒乓球厅-12号,16:00-17:00,0,1,可预约,￥5.0,多云,18,16,3,0.0,81,32
2026-05-21 09:40:36,2026-05-22,2,乒乓球厅-12号,16:00-17:00,0,1,可预约,￥5.0,多云,19,17,3,0.0,79,32
2026-05-21 09:50:42,2026-05-22,2,乒乓球厅-12号,16:00-17:00,0,1,可预约,￥5.0,多云,19,17,4,0.0,81,32
2026-05-21 10:00:46,2026-05-22,2,乒乓球厅-12号,16:00-17:00,0,1,可预约,￥5.0,多云,19,17,4,0.0,79,32
2026-05-21 10:10:40,2026-05-22,2,乒乓球厅-12号,16:00-17:00,0,1,可预约,￥5.0,多云,19,17,4,0.0,79,32
2026-05-21 10:20:38,2026-05-22,2,乒乓球厅-12号,16:00-17:00,0,1,可预约,￥5.0,多云,19,17,4,0.0,79,32
2026-05-21 10:30:41,2026-05-22,2,乒乓球厅-12号,16:00-17:00,0,1,可预约,￥5.0,多云,19,18,3,0.0,78,31
2026-05-21 11:00:44,2026-05-22,2,乒乓球厅-12号,16:00-17:00,0,1,可预约,￥5.0,多云,21,17,5,0.0,74,31
2026-05-21 11:30:38,2026-05-22,2,乒乓球厅-12号,16:00-17:00,0,1,可预约,￥5.0,多云,21,19,3,0.0,72,33
2026-05-21 12:00:46,2026-05-22,2,乒乓球厅-12号,16:00-17:00,0,1,可预约,￥5.0,多云,22,19,4,0.0,70,33
2026-05-21 12:30:42,2026-05-22,2,乒乓球厅-12号,16:00-17:00,0,1,可预约,￥5.0,多云,22,21,3,0.0,68,35
2026-05-21 13:00:43,2026-05-22,2,乒乓球厅-12号,16:00-17:00,0,1,可预约,￥5.0,多云,24,22,4,0.0,66,35
2026-05-21 13:30:43,2026-05-22,2,乒乓球厅-12号,16:00-17:00,0,1,可预约,￥5.0,多云,24,22,4,0.0,66,36
2026-05-21 14:00:48,2026-05-22,2,乒乓球厅-12号,16:00-17:00,0,1,可预约,￥5.0,多云,25,23,4,0.0,66,36
2026-05-21 14:30:45,2026-05-22,2,乒乓球厅-12号,16:00-17:00,0,1,可预约,￥5.0,晴,25,25,3,0.0,65,39
2026-05-21 15:00:45,2026-05-22,2,乒乓球厅-12号,16:00-17:00,0,1,可预约,￥5.0,晴,25,22,4,0.0,56,39
2026-05-21 15:30:43,2026-05-22,2,乒乓球厅-12号,16:00-17:00,0,1,可预约,￥5.0,晴,25,23,4,0.0,57,40
2026-05-21 16:00:51,2026-05-22,2,乒乓球厅-12号,16:00-17:00,0,1,可预约,￥5.0,晴,25,23,4,0.0,57,40
2026-05-21 16:30:48,2026-05-22,2,乒乓球厅-12号,16:00-17:00,0,1,可预约,￥5.0,晴,25,24,3,0.0,60,39
2026-05-21 17:00:49,2026-05-22,2,乒乓球厅-12号,16:00-17:00,0,1,可预约,￥5.0,晴,25,24,4,0.0,61,39
2026-05-21 17:30:47,2026-05-22,2,乒乓球厅-12号,16:00-17:00,0,1,可预约,￥5.0,多云,24,23,3,0.0,64,39
2026-05-21 18:00:50,2026-05-22,2,乒乓球厅-12号,16:00-17:00,0,1,可预约,￥5.0,多云,24,23,3,0.0,68,39
2026-05-21 18:30:50,2026-05-22,2,乒乓球厅-12号,16:00-17:00,0,1,可预约,￥5.0,阴,24,25,2,0.0,68,40
2026-05-21 19:00:50,2026-05-22,2,乒乓球厅-12号,16:00-17:00,0,1,可预约,￥5.0,阴,23,23,3,0.0,76,40
2026-05-21 19:30:46,2026-05-22,2,乒乓球厅-12号,16:00-17:00,0,1,可预约,￥5.0,阴,23,24,2,0.0,77,39
2026-05-21 20:00:49,2026-05-22,2,乒乓球厅-12号,16:00-17:00,0,1,可预约,￥5.0,雾,22,23,2,0.0,89,39
2026-05-21 20:30:44,2026-05-22,2,乒乓球厅-12号,16:00-17:00,0,1,可预约,￥5.0,雾,22,24,2,0.0,93,43
2026-05-21 21:00:56,2026-05-22,2,乒乓球厅-12号,16:00-17:00,0,1,可预约,￥5.0,雾,20,21,2,0.0,98,43
2026-05-21 21:30:46,2026-05-22,2,乒乓球厅-12号,16:00-17:00,0,1,可预约,￥5.0,雾,20,22,1,0.0,99,41
2026-05-21 22:01:02,2026-05-22,2,乒乓球厅-12号,16:00-17:00,0,1,可预约,￥5.0,雾,19,20,2,0.0,93,41
2026-05-21 22:30:47,2026-05-22,2,乒乓球厅-12号,16:00-17:00,0,1,可预约,￥5.0,雾,19,19,3,0.0,88,46
2026-05-21 23:00:56,2026-05-22,2,乒乓球厅-12号,16:00-17:00,0,1,可预约,￥5.0,多云,18,17,3,0.0,85,46
2026-05-21 23:30:55,2026-05-22,2,乒乓球厅-12号,16:00-17:00,0,1,可预约,￥5.0,多云,18,17,3,0.0,85,48
2026-05-21 08:00:45,2026-05-22,2,乒乓球厅-12号,17:00-18:00,0,1,可预约,￥5.0,晴,17,12,5,0.0,86,29
2026-05-21 08:02:30,2026-05-22,2,乒乓球厅-12号,17:00-18:00,0,1,可预约,￥5.0,多云,17,12,5,0.0,87,29
2026-05-21 08:05:36,2026-05-22,2,乒乓球厅-12号,17:00-18:00,0,1,可预约,￥5.0,多云,17,12,5,0.0,86,29
2026-05-21 08:08:31,2026-05-22,2,乒乓球厅-12号,17:00-18:00,0,1,可预约,￥5.0,多云,17,12,5,0.0,86,29
2026-05-21 08:11:30,2026-05-22,2,乒乓球厅-12号,17:00-18:00,0,1,可预约,￥5.0,多云,17,12,5,0.0,86,29
2026-05-21 08:14:31,2026-05-22,2,乒乓球厅-12号,17:00-18:00,0,1,可预约,￥5.0,多云,17,12,5,0.0,86,29
2026-05-21 08:17:30,2026-05-22,2,乒乓球厅-12号,17:00-18:00,0,1,可预约,￥5.0,多云,17,12,5,0.0,86,29
2026-05-21 08:20:35,2026-05-22,2,乒乓球厅-12号,17:00-18:00,0,1,可预约,￥5.0,多云,17,14,4,0.0,85,29
2026-05-21 08:25:32,2026-05-22,2,乒乓球厅-12号,17:00-18:00,0,1,可预约,￥5.0,多云,17,14,4,0.0,85,28
2026-05-21 08:30:42,2026-05-22,2,乒乓球厅-12号,17:00-18:00,0,1,可预约,￥5.0,多云,18,15,4,0.0,84,28
2026-05-21 08:35:31,2026-05-22,2,乒乓球厅-12号,17:00-18:00,0,1,可预约,￥5.0,多云,18,15,4,0.0,84,28
2026-05-21 08:40:38,2026-05-22,2,乒乓球厅-12号,17:00-18:00,0,1,可预约,￥5.0,多云,18,15,4,0.0,82,28
2026-05-21 08:45:33,2026-05-22,2,乒乓球厅-12号,17:00-18:00,0,1,可预约,￥5.0,多云,18,15,4,0.0,82,28
2026-05-21 08:50:36,2026-05-22,2,乒乓球厅-12号,17:00-18:00,0,1,可预约,￥5.0,多云,18,15,4,0.0,82,28
2026-05-21 08:55:34,2026-05-22,2,乒乓球厅-12号,17:00-18:00,0,1,可预约,￥5.0,多云,18,15,4,0.0,84,28
2026-05-21 09:00:51,2026-05-22,2,乒乓球厅-12号,17:00-18:00,0,1,可预约,￥5.0,多云,18,15,4,0.0,84,28
2026-05-21 09:01:59,2026-05-22,2,乒乓球厅-12号,17:00-18:00,0,1,可预约,￥5.0,多云,18,15,4,0.0,83,28
2026-05-21 09:05:33,2026-05-22,2,乒乓球厅-12号,17:00-18:00,0,1,可预约,￥5.0,多云,18,15,4,0.0,83,28
2026-05-21 09:20:38,2026-05-22,2,乒乓球厅-12号,17:00-18:00,0,1,可预约,￥5.0,多云,18,16,3,0.0,81,28
2026-05-21 09:30:46,2026-05-22,2,乒乓球厅-12号,17:00-18:00,0,1,可预约,￥5.0,多云,18,16,3,0.0,81,32
2026-05-21 09:40:36,2026-05-22,2,乒乓球厅-12号,17:00-18:00,0,1,可预约,￥5.0,多云,19,17,3,0.0,79,32
2026-05-21 09:50:42,2026-05-22,2,乒乓球厅-12号,17:00-18:00,0,1,可预约,￥5.0,多云,19,17,4,0.0,81,32
2026-05-21 10:00:46,2026-05-22,2,乒乓球厅-12号,17:00-18:00,0,1,可预约,￥5.0,多云,19,17,4,0.0,79,32
2026-05-21 10:10:40,2026-05-22,2,乒乓球厅-12号,17:00-18:00,0,1,可预约,￥5.0,多云,19,17,4,0.0,79,32
2026-05-21 10:20:38,2026-05-22,2,乒乓球厅-12号,17:00-18:00,0,1,可预约,￥5.0,多云,19,17,4,0.0,79,32
2026-05-21 10:30:41,2026-05-22,2,乒乓球厅-12号,17:00-18:00,0,1,可预约,￥5.0,多云,19,18,3,0.0,78,31
2026-05-21 11:00:44,2026-05-22,2,乒乓球厅-12号,17:00-18:00,0,1,可预约,￥5.0,多云,21,17,5,0.0,74,31
2026-05-21 11:30:38,2026-05-22,2,乒乓球厅-12号,17:00-18:00,0,1,可预约,￥5.0,多云,21,19,3,0.0,72,33
2026-05-21 12:00:46,2026-05-22,2,乒乓球厅-12号,17:00-18:00,0,1,可预约,￥5.0,多云,22,19,4,0.0,70,33
2026-05-21 12:30:42,2026-05-22,2,乒乓球厅-12号,17:00-18:00,0,1,可预约,￥5.0,多云,22,21,3,0.0,68,35
2026-05-21 13:00:43,2026-05-22,2,乒乓球厅-12号,17:00-18:00,0,1,可预约,￥5.0,多云,24,22,4,0.0,66,35
2026-05-21 13:30:43,2026-05-22,2,乒乓球厅-12号,17:00-18:00,0,1,可预约,￥5.0,多云,24,22,4,0.0,66,36
2026-05-21 14:00:48,2026-05-22,2,乒乓球厅-12号,17:00-18:00,0,1,可预约,￥5.0,多云,25,23,4,0.0,66,36
2026-05-21 14:30:45,2026-05-22,2,乒乓球厅-12号,17:00-18:00,0,1,可预约,￥5.0,晴,25,25,3,0.0,65,39
2026-05-21 15:00:45,2026-05-22,2,乒乓球厅-12号,17:00-18:00,0,1,可预约,￥5.0,晴,25,22,4,0.0,56,39
2026-05-21 15:30:43,2026-05-22,2,乒乓球厅-12号,17:00-18:00,0,1,可预约,￥5.0,晴,25,23,4,0.0,57,40
2026-05-21 16:00:51,2026-05-22,2,乒乓球厅-12号,17:00-18:00,0,1,可预约,￥5.0,晴,25,23,4,0.0,57,40
2026-05-21 16:30:48,2026-05-22,2,乒乓球厅-12号,17:00-18:00,0,1,可预约,￥5.0,晴,25,24,3,0.0,60,39
2026-05-21 17:00:49,2026-05-22,2,乒乓球厅-12号,17:00-18:00,0,1,可预约,￥5.0,晴,25,24,4,0.0,61,39
2026-05-21 17:30:47,2026-05-22,2,乒乓球厅-12号,17:00-18:00,0,1,可预约,￥5.0,多云,24,23,3,0.0,64,39
2026-05-21 18:00:50,2026-05-22,2,乒乓球厅-12号,17:00-18:00,0,1,可预约,￥5.0,多云,24,23,3,0.0,68,39
2026-05-21 18:30:50,2026-05-22,2,乒乓球厅-12号,17:00-18:00,0,1,可预约,￥5.0,阴,24,25,2,0.0,68,40
2026-05-21 19:00:50,2026-05-22,2,乒乓球厅-12号,17:00-18:00,0,1,可预约,￥5.0,阴,23,23,3,0.0,76,40
2026-05-21 19:30:46,2026-05-22,2,乒乓球厅-12号,17:00-18:00,0,1,可预约,￥5.0,阴,23,24,2,0.0,77,39
2026-05-21 20:00:49,2026-05-22,2,乒乓球厅-12号,17:00-18:00,0,1,可预约,￥5.0,雾,22,23,2,0.0,89,39
2026-05-21 20:30:44,2026-05-22,2,乒乓球厅-12号,17:00-18:00,0,1,可预约,￥5.0,雾,22,24,2,0.0,93,43
2026-05-21 21:00:56,2026-05-22,2,乒乓球厅-12号,17:00-18:00,0,1,可预约,￥5.0,雾,20,21,2,0.0,98,43
2026-05-21 21:30:46,2026-05-22,2,乒乓球厅-12号,17:00-18:00,0,1,可预约,￥5.0,雾,20,22,1,0.0,99,41
2026-05-21 22:01:02,2026-05-22,2,乒乓球厅-12号,17:00-18:00,0,1,可预约,￥5.0,雾,19,20,2,0.0,93,41
2026-05-21 22:30:47,2026-05-22,2,乒乓球厅-12号,17:00-18:00,0,1,可预约,￥5.0,雾,19,19,3,0.0,88,46
2026-05-21 23:00:56,2026-05-22,2,乒乓球厅-12号,17:00-18:00,0,1,可预约,￥5.0,多云,18,17,3,0.0,85,46
2026-05-21 23:30:55,2026-05-22,2,乒乓球厅-12号,17:00-18:00,0,1,可预约,￥5.0,多云,18,17,3,0.0,85,48
2026-05-21 08:00:45,2026-05-22,2,乒乓球厅-12号,18:30-19:30,0,1,可预约,￥5.0,晴,17,12,5,0.0,86,29
2026-05-21 08:02:30,2026-05-22,2,乒乓球厅-12号,18:30-19:30,0,1,可预约,￥5.0,多云,17,12,5,0.0,87,29
2026-05-21 08:05:36,2026-05-22,2,乒乓球厅-12号,18:30-19:30,0,1,可预约,￥5.0,多云,17,12,5,0.0,86,29
2026-05-21 08:08:31,2026-05-22,2,乒乓球厅-12号,18:30-19:30,0,1,可预约,￥5.0,多云,17,12,5,0.0,86,29
2026-05-21 08:11:30,2026-05-22,2,乒乓球厅-12号,18:30-19:30,0,1,可预约,￥5.0,多云,17,12,5,0.0,86,29
2026-05-21 08:14:31,2026-05-22,2,乒乓球厅-12号,18:30-19:30,0,1,可预约,￥5.0,多云,17,12,5,0.0,86,29
2026-05-21 08:17:30,2026-05-22,2,乒乓球厅-12号,18:30-19:30,0,1,可预约,￥5.0,多云,17,12,5,0.0,86,29
2026-05-21 08:20:35,2026-05-22,2,乒乓球厅-12号,18:30-19:30,0,1,可预约,￥5.0,多云,17,14,4,0.0,85,29
2026-05-21 08:25:32,2026-05-22,2,乒乓球厅-12号,18:30-19:30,0,1,可预约,￥5.0,多云,17,14,4,0.0,85,28
2026-05-21 08:30:42,2026-05-22,2,乒乓球厅-12号,18:30-19:30,0,1,可预约,￥5.0,多云,18,15,4,0.0,84,28
2026-05-21 08:35:31,2026-05-22,2,乒乓球厅-12号,18:30-19:30,0,1,可预约,￥5.0,多云,18,15,4,0.0,84,28
2026-05-21 08:40:38,2026-05-22,2,乒乓球厅-12号,18:30-19:30,0,1,可预约,￥5.0,多云,18,15,4,0.0,82,28
2026-05-21 08:45:33,2026-05-22,2,乒乓球厅-12号,18:30-19:30,0,1,可预约,￥5.0,多云,18,15,4,0.0,82,28
2026-05-21 08:50:36,2026-05-22,2,乒乓球厅-12号,18:30-19:30,0,1,可预约,￥5.0,多云,18,15,4,0.0,82,28
2026-05-21 08:55:34,2026-05-22,2,乒乓球厅-12号,18:30-19:30,0,1,可预约,￥5.0,多云,18,15,4,0.0,84,28
2026-05-21 09:00:51,2026-05-22,2,乒乓球厅-12号,18:30-19:30,0,1,可预约,￥5.0,多云,18,15,4,0.0,84,28
2026-05-21 09:01:59,2026-05-22,2,乒乓球厅-12号,18:30-19:30,0,1,可预约,￥5.0,多云,18,15,4,0.0,83,28
2026-05-21 09:05:33,2026-05-22,2,乒乓球厅-12号,18:30-19:30,0,1,可预约,￥5.0,多云,18,15,4,0.0,83,28
2026-05-21 09:20:38,2026-05-22,2,乒乓球厅-12号,18:30-19:30,0,1,可预约,￥5.0,多云,18,16,3,0.0,81,28
2026-05-21 09:30:46,2026-05-22,2,乒乓球厅-12号,18:30-19:30,0,1,可预约,￥5.0,多云,18,16,3,0.0,81,32
2026-05-21 09:40:36,2026-05-22,2,乒乓球厅-12号,18:30-19:30,0,1,可预约,￥5.0,多云,19,17,3,0.0,79,32
2026-05-21 09:50:42,2026-05-22,2,乒乓球厅-12号,18:30-19:30,0,1,可预约,￥5.0,多云,19,17,4,0.0,81,32
2026-05-21 10:00:46,2026-05-22,2,乒乓球厅-12号,18:30-19:30,0,1,可预约,￥5.0,多云,19,17,4,0.0,79,32
2026-05-21 10:10:40,2026-05-22,2,乒乓球厅-12号,18:30-19:30,0,1,可预约,￥5.0,多云,19,17,4,0.0,79,32
2026-05-21 10:20:38,2026-05-22,2,乒乓球厅-12号,18:30-19:30,0,1,可预约,￥5.0,多云,19,17,4,0.0,79,32
2026-05-21 10:30:41,2026-05-22,2,乒乓球厅-12号,18:30-19:30,0,1,可预约,￥5.0,多云,19,18,3,0.0,78,31
2026-05-21 11:00:44,2026-05-22,2,乒乓球厅-12号,18:30-19:30,0,1,可预约,￥5.0,多云,21,17,5,0.0,74,31
2026-05-21 11:30:38,2026-05-22,2,乒乓球厅-12号,18:30-19:30,0,1,可预约,￥5.0,多云,21,19,3,0.0,72,33
2026-05-21 12:00:46,2026-05-22,2,乒乓球厅-12号,18:30-19:30,0,1,可预约,￥5.0,多云,22,19,4,0.0,70,33
2026-05-21 12:30:42,2026-05-22,2,乒乓球厅-12号,18:30-19:30,0,1,可预约,￥5.0,多云,22,21,3,0.0,68,35
2026-05-21 13:00:43,2026-05-22,2,乒乓球厅-12号,18:30-19:30,0,1,可预约,￥5.0,多云,24,22,4,0.0,66,35
2026-05-21 13:30:43,2026-05-22,2,乒乓球厅-12号,18:30-19:30,0,1,可预约,￥5.0,多云,24,22,4,0.0,66,36
2026-05-21 14:00:48,2026-05-22,2,乒乓球厅-12号,18:30-19:30,0,1,可预约,￥5.0,多云,25,23,4,0.0,66,36
2026-05-21 14:30:45,2026-05-22,2,乒乓球厅-12号,18:30-19:30,0,1,可预约,￥5.0,晴,25,25,3,0.0,65,39
2026-05-21 15:00:45,2026-05-22,2,乒乓球厅-12号,18:30-19:30,0,1,可预约,￥5.0,晴,25,22,4,0.0,56,39
2026-05-21 15:30:43,2026-05-22,2,乒乓球厅-12号,18:30-19:30,0,1,可预约,￥5.0,晴,25,23,4,0.0,57,40
2026-05-21 16:00:51,2026-05-22,2,乒乓球厅-12号,18:30-19:30,0,1,可预约,￥5.0,晴,25,23,4,0.0,57,40
2026-05-21 16:30:48,2026-05-22,2,乒乓球厅-12号,18:30-19:30,0,1,可预约,￥5.0,晴,25,24,3,0.0,60,39
2026-05-21 17:00:49,2026-05-22,2,乒乓球厅-12号,18:30-19:30,0,1,可预约,￥5.0,晴,25,24,4,0.0,61,39
2026-05-21 17:30:47,2026-05-22,2,乒乓球厅-12号,18:30-19:30,0,1,可预约,￥5.0,多云,24,23,3,0.0,64,39
2026-05-21 18:00:50,2026-05-22,2,乒乓球厅-12号,18:30-19:30,0,1,可预约,￥5.0,多云,24,23,3,0.0,68,39
2026-05-21 18:30:50,2026-05-22,2,乒乓球厅-12号,18:30-19:30,0,1,可预约,￥5.0,阴,24,25,2,0.0,68,40
2026-05-21 19:00:50,2026-05-22,2,乒乓球厅-12号,18:30-19:30,0,1,可预约,￥5.0,阴,23,23,3,0.0,76,40
2026-05-21 19:30:46,2026-05-22,2,乒乓球厅-12号,18:30-19:30,0,1,可预约,￥5.0,阴,23,24,2,0.0,77,39
2026-05-21 20:00:49,2026-05-22,2,乒乓球厅-12号,18:30-19:30,0,1,可预约,￥5.0,雾,22,23,2,0.0,89,39
2026-05-21 20:30:44,2026-05-22,2,乒乓球厅-12号,18:30-19:30,0,1,可预约,￥5.0,雾,22,24,2,0.0,93,43
2026-05-21 21:00:56,2026-05-22,2,乒乓球厅-12号,18:30-19:30,0,1,可预约,￥5.0,雾,20,21,2,0.0,98,43
2026-05-21 21:30:46,2026-05-22,2,乒乓球厅-12号,18:30-19:30,0,1,可预约,￥5.0,雾,20,22,1,0.0,99,41
2026-05-21 22:01:02,2026-05-22,2,乒乓球厅-12号,18:30-19:30,0,1,可预约,￥5.0,雾,19,20,2,0.0,93,41
2026-05-21 22:30:47,2026-05-22,2,乒乓球厅-12号,18:30-19:30,0,1,可预约,￥5.0,雾,19,19,3,0.0,88,46
2026-05-21 23:00:56,2026-05-22,2,乒乓球厅-12号,18:30-19:30,0,1,可预约,￥5.0,多云,18,17,3,0.0,85,46
2026-05-21 23:30:55,2026-05-22,2,乒乓球厅-12号,18:30-19:30,0,1,可预约,￥5.0,多云,18,17,3,0.0,85,48
2026-05-21 08:00:45,2026-05-22,2,乒乓球厅-12号,19:30-20:30,0,1,可预约,￥5.0,晴,17,12,5,0.0,86,29
2026-05-21 08:02:30,2026-05-22,2,乒乓球厅-12号,19:30-20:30,0,1,可预约,￥5.0,多云,17,12,5,0.0,87,29
2026-05-21 08:05:36,2026-05-22,2,乒乓球厅-12号,19:30-20:30,0,1,可预约,￥5.0,多云,17,12,5,0.0,86,29
2026-05-21 08:08:31,2026-05-22,2,乒乓球厅-12号,19:30-20:30,0,1,可预约,￥5.0,多云,17,12,5,0.0,86,29
2026-05-21 08:11:30,2026-05-22,2,乒乓球厅-12号,19:30-20:30,0,1,可预约,￥5.0,多云,17,12,5,0.0,86,29
2026-05-21 08:14:31,2026-05-22,2,乒乓球厅-12号,19:30-20:30,0,1,可预约,￥5.0,多云,17,12,5,0.0,86,29
2026-05-21 08:17:30,2026-05-22,2,乒乓球厅-12号,19:30-20:30,0,1,可预约,￥5.0,多云,17,12,5,0.0,86,29
2026-05-21 08:20:35,2026-05-22,2,乒乓球厅-12号,19:30-20:30,0,1,可预约,￥5.0,多云,17,14,4,0.0,85,29
2026-05-21 08:25:32,2026-05-22,2,乒乓球厅-12号,19:30-20:30,0,1,可预约,￥5.0,多云,17,14,4,0.0,85,28
2026-05-21 08:30:42,2026-05-22,2,乒乓球厅-12号,19:30-20:30,0,1,可预约,￥5.0,多云,18,15,4,0.0,84,28
2026-05-21 08:35:31,2026-05-22,2,乒乓球厅-12号,19:30-20:30,0,1,可预约,￥5.0,多云,18,15,4,0.0,84,28
2026-05-21 08:40:38,2026-05-22,2,乒乓球厅-12号,19:30-20:30,0,1,可预约,￥5.0,多云,18,15,4,0.0,82,28
2026-05-21 08:45:33,2026-05-22,2,乒乓球厅-12号,19:30-20:30,0,1,可预约,￥5.0,多云,18,15,4,0.0,82,28
2026-05-21 08:50:36,2026-05-22,2,乒乓球厅-12号,19:30-20:30,0,1,可预约,￥5.0,多云,18,15,4,0.0,82,28
2026-05-21 08:55:34,2026-05-22,2,乒乓球厅-12号,19:30-20:30,0,1,可预约,￥5.0,多云,18,15,4,0.0,84,28
2026-05-21 09:00:51,2026-05-22,2,乒乓球厅-12号,19:30-20:30,0,1,可预约,￥5.0,多云,18,15,4,0.0,84,28
2026-05-21 09:01:59,2026-05-22,2,乒乓球厅-12号,19:30-20:30,0,1,可预约,￥5.0,多云,18,15,4,0.0,83,28
2026-05-21 09:05:33,2026-05-22,2,乒乓球厅-12号,19:30-20:30,0,1,可预约,￥5.0,多云,18,15,4,0.0,83,28
2026-05-21 09:20:38,2026-05-22,2,乒乓球厅-12号,19:30-20:30,0,1,可预约,￥5.0,多云,18,16,3,0.0,81,28
2026-05-21 09:30:46,2026-05-22,2,乒乓球厅-12号,19:30-20:30,0,1,可预约,￥5.0,多云,18,16,3,0.0,81,32
2026-05-21 09:40:36,2026-05-22,2,乒乓球厅-12号,19:30-20:30,0,1,可预约,￥5.0,多云,19,17,3,0.0,79,32
2026-05-21 09:50:42,2026-05-22,2,乒乓球厅-12号,19:30-20:30,0,1,可预约,￥5.0,多云,19,17,4,0.0,81,32
2026-05-21 10:00:46,2026-05-22,2,乒乓球厅-12号,19:30-20:30,0,1,可预约,￥5.0,多云,19,17,4,0.0,79,32
2026-05-21 10:10:40,2026-05-22,2,乒乓球厅-12号,19:30-20:30,0,1,可预约,￥5.0,多云,19,17,4,0.0,79,32
2026-05-21 10:20:38,2026-05-22,2,乒乓球厅-12号,19:30-20:30,0,1,可预约,￥5.0,多云,19,17,4,0.0,79,32
2026-05-21 10:30:41,2026-05-22,2,乒乓球厅-12号,19:30-20:30,0,1,可预约,￥5.0,多云,19,18,3,0.0,78,31
2026-05-21 11:00:44,2026-05-22,2,乒乓球厅-12号,19:30-20:30,0,1,可预约,￥5.0,多云,21,17,5,0.0,74,31
2026-05-21 11:30:38,2026-05-22,2,乒乓球厅-12号,19:30-20:30,0,1,可预约,￥5.0,多云,21,19,3,0.0,72,33
2026-05-21 12:00:46,2026-05-22,2,乒乓球厅-12号,19:30-20:30,0,1,可预约,￥5.0,多云,22,19,4,0.0,70,33
2026-05-21 12:30:42,2026-05-22,2,乒乓球厅-12号,19:30-20:30,0,1,可预约,￥5.0,多云,22,21,3,0.0,68,35
2026-05-21 13:00:43,2026-05-22,2,乒乓球厅-12号,19:30-20:30,0,1,可预约,￥5.0,多云,24,22,4,0.0,66,35
2026-05-21 13:30:43,2026-05-22,2,乒乓球厅-12号,19:30-20:30,0,1,可预约,￥5.0,多云,24,22,4,0.0,66,36
2026-05-21 14:00:48,2026-05-22,2,乒乓球厅-12号,19:30-20:30,0,1,可预约,￥5.0,多云,25,23,4,0.0,66,36
2026-05-21 14:30:45,2026-05-22,2,乒乓球厅-12号,19:30-20:30,0,1,可预约,￥5.0,晴,25,25,3,0.0,65,39
2026-05-21 15:00:45,2026-05-22,2,乒乓球厅-12号,19:30-20:30,0,1,可预约,￥5.0,晴,25,22,4,0.0,56,39
2026-05-21 15:30:43,2026-05-22,2,乒乓球厅-12号,19:30-20:30,0,1,可预约,￥5.0,晴,25,23,4,0.0,57,40
2026-05-21 16:00:51,2026-05-22,2,乒乓球厅-12号,19:30-20:30,0,1,可预约,￥5.0,晴,25,23,4,0.0,57,40
2026-05-21 16:30:48,2026-05-22,2,乒乓球厅-12号,19:30-20:30,0,1,可预约,￥5.0,晴,25,24,3,0.0,60,39
2026-05-21 17:00:49,2026-05-22,2,乒乓球厅-12号,19:30-20:30,0,1,可预约,￥5.0,晴,25,24,4,0.0,61,39
2026-05-21 17:30:47,2026-05-22,2,乒乓球厅-12号,19:30-20:30,0,1,可预约,￥5.0,多云,24,23,3,0.0,64,39
2026-05-21 18:00:50,2026-05-22,2,乒乓球厅-12号,19:30-20:30,0,1,可预约,￥5.0,多云,24,23,3,0.0,68,39
2026-05-21 18:30:50,2026-05-22,2,乒乓球厅-12号,19:30-20:30,0,1,可预约,￥5.0,阴,24,25,2,0.0,68,40
2026-05-21 19:00:50,2026-05-22,2,乒乓球厅-12号,19:30-20:30,0,1,可预约,￥5.0,阴,23,23,3,0.0,76,40
2026-05-21 19:30:46,2026-05-22,2,乒乓球厅-12号,19:30-20:30,0,1,可预约,￥5.0,阴,23,24,2,0.0,77,39
2026-05-21 20:00:49,2026-05-22,2,乒乓球厅-12号,19:30-20:30,0,1,可预约,￥5.0,雾,22,23,2,0.0,89,39
2026-05-21 20:30:44,2026-05-22,2,乒乓球厅-12号,19:30-20:30,0,1,可预约,￥5.0,雾,22,24,2,0.0,93,43
2026-05-21 21:00:56,2026-05-22,2,乒乓球厅-12号,19:30-20:30,0,1,可预约,￥5.0,雾,20,21,2,0.0,98,43
2026-05-21 21:30:46,2026-05-22,2,乒乓球厅-12号,19:30-20:30,0,1,可预约,￥5.0,雾,20,22,1,0.0,99,41
2026-05-21 22:01:02,2026-05-22,2,乒乓球厅-12号,19:30-20:30,0,1,可预约,￥5.0,雾,19,20,2,0.0,93,41
2026-05-21 22:30:47,2026-05-22,2,乒乓球厅-12号,19:30-20:30,0,1,可预约,￥5.0,雾,19,19,3,0.0,88,46
2026-05-21 23:00:56,2026-05-22,2,乒乓球厅-12号,19:30-20:30,0,1,可预约,￥5.0,多云,18,17,3,0.0,85,46
2026-05-21 23:30:55,2026-05-22,2,乒乓球厅-12号,19:30-20:30,0,1,可预约,￥5.0,多云,18,17,3,0.0,85,48
2026-05-21 08:00:45,2026-05-22,2,乒乓球厅-12号,20:30-21:30,0,1,可预约,￥5.0,晴,17,12,5,0.0,86,29
2026-05-21 08:02:30,2026-05-22,2,乒乓球厅-12号,20:30-21:30,0,1,可预约,￥5.0,多云,17,12,5,0.0,87,29
2026-05-21 08:05:36,2026-05-22,2,乒乓球厅-12号,20:30-21:30,0,1,可预约,￥5.0,多云,17,12,5,0.0,86,29
2026-05-21 08:08:31,2026-05-22,2,乒乓球厅-12号,20:30-21:30,0,1,可预约,￥5.0,多云,17,12,5,0.0,86,29
2026-05-21 08:11:30,2026-05-22,2,乒乓球厅-12号,20:30-21:30,0,1,可预约,￥5.0,多云,17,12,5,0.0,86,29
2026-05-21 08:14:31,2026-05-22,2,乒乓球厅-12号,20:30-21:30,0,1,可预约,￥5.0,多云,17,12,5,0.0,86,29
2026-05-21 08:17:30,2026-05-22,2,乒乓球厅-12号,20:30-21:30,0,1,可预约,￥5.0,多云,17,12,5,0.0,86,29
2026-05-21 08:20:35,2026-05-22,2,乒乓球厅-12号,20:30-21:30,0,1,可预约,￥5.0,多云,17,14,4,0.0,85,29
2026-05-21 08:25:32,2026-05-22,2,乒乓球厅-12号,20:30-21:30,0,1,可预约,￥5.0,多云,17,14,4,0.0,85,28
2026-05-21 08:30:42,2026-05-22,2,乒乓球厅-12号,20:30-21:30,0,1,可预约,￥5.0,多云,18,15,4,0.0,84,28
2026-05-21 08:35:31,2026-05-22,2,乒乓球厅-12号,20:30-21:30,0,1,可预约,￥5.0,多云,18,15,4,0.0,84,28
2026-05-21 08:40:38,2026-05-22,2,乒乓球厅-12号,20:30-21:30,0,1,可预约,￥5.0,多云,18,15,4,0.0,82,28
2026-05-21 08:45:33,2026-05-22,2,乒乓球厅-12号,20:30-21:30,0,1,可预约,￥5.0,多云,18,15,4,0.0,82,28
2026-05-21 08:50:36,2026-05-22,2,乒乓球厅-12号,20:30-21:30,0,1,可预约,￥5.0,多云,18,15,4,0.0,82,28
2026-05-21 08:55:34,2026-05-22,2,乒乓球厅-12号,20:30-21:30,0,1,可预约,￥5.0,多云,18,15,4,0.0,84,28
2026-05-21 09:00:51,2026-05-22,2,乒乓球厅-12号,20:30-21:30,0,1,可预约,￥5.0,多云,18,15,4,0.0,84,28
2026-05-21 09:01:59,2026-05-22,2,乒乓球厅-12号,20:30-21:30,0,1,可预约,￥5.0,多云,18,15,4,0.0,83,28
2026-05-21 09:05:33,2026-05-22,2,乒乓球厅-12号,20:30-21:30,0,1,可预约,￥5.0,多云,18,15,4,0.0,83,28
2026-05-21 09:20:38,2026-05-22,2,乒乓球厅-12号,20:30-21:30,0,1,可预约,￥5.0,多云,18,16,3,0.0,81,28
2026-05-21 09:30:46,2026-05-22,2,乒乓球厅-12号,20:30-21:30,0,1,可预约,￥5.0,多云,18,16,3,0.0,81,32
2026-05-21 09:40:36,2026-05-22,2,乒乓球厅-12号,20:30-21:30,0,1,可预约,￥5.0,多云,19,17,3,0.0,79,32
2026-05-21 09:50:42,2026-05-22,2,乒乓球厅-12号,20:30-21:30,0,1,可预约,￥5.0,多云,19,17,4,0.0,81,32
2026-05-21 10:00:46,2026-05-22,2,乒乓球厅-12号,20:30-21:30,0,1,可预约,￥5.0,多云,19,17,4,0.0,79,32
2026-05-21 10:10:40,2026-05-22,2,乒乓球厅-12号,20:30-21:30,0,1,可预约,￥5.0,多云,19,17,4,0.0,79,32
2026-05-21 10:20:38,2026-05-22,2,乒乓球厅-12号,20:30-21:30,0,1,可预约,￥5.0,多云,19,17,4,0.0,79,32
2026-05-21 10:30:41,2026-05-22,2,乒乓球厅-12号,20:30-21:30,0,1,可预约,￥5.0,多云,19,18,3,0.0,78,31
2026-05-21 11:00:44,2026-05-22,2,乒乓球厅-12号,20:30-21:30,0,1,可预约,￥5.0,多云,21,17,5,0.0,74,31
2026-05-21 11:30:38,2026-05-22,2,乒乓球厅-12号,20:30-21:30,0,1,可预约,￥5.0,多云,21,19,3,0.0,72,33
2026-05-21 12:00:46,2026-05-22,2,乒乓球厅-12号,20:30-21:30,0,1,可预约,￥5.0,多云,22,19,4,0.0,70,33
2026-05-21 12:30:42,2026-05-22,2,乒乓球厅-12号,20:30-21:30,0,1,可预约,￥5.0,多云,22,21,3,0.0,68,35
2026-05-21 13:00:43,2026-05-22,2,乒乓球厅-12号,20:30-21:30,0,1,可预约,￥5.0,多云,24,22,4,0.0,66,35
2026-05-21 13:30:43,2026-05-22,2,乒乓球厅-12号,20:30-21:30,0,1,可预约,￥5.0,多云,24,22,4,0.0,66,36
2026-05-21 14:00:48,2026-05-22,2,乒乓球厅-12号,20:30-21:30,0,1,可预约,￥5.0,多云,25,23,4,0.0,66,36
2026-05-21 14:30:45,2026-05-22,2,乒乓球厅-12号,20:30-21:30,0,1,可预约,￥5.0,晴,25,25,3,0.0,65,39
2026-05-21 15:00:45,2026-05-22,2,乒乓球厅-12号,20:30-21:30,0,1,可预约,￥5.0,晴,25,22,4,0.0,56,39
2026-05-21 15:30:43,2026-05-22,2,乒乓球厅-12号,20:30-21:30,0,1,可预约,￥5.0,晴,25,23,4,0.0,57,40
2026-05-21 16:00:51,2026-05-22,2,乒乓球厅-12号,20:30-21:30,0,1,可预约,￥5.0,晴,25,23,4,0.0,57,40
2026-05-21 16:30:48,2026-05-22,2,乒乓球厅-12号,20:30-21:30,0,1,可预约,￥5.0,晴,25,24,3,0.0,60,39
2026-05-21 17:00:49,2026-05-22,2,乒乓球厅-12号,20:30-21:30,0,1,可预约,￥5.0,晴,25,24,4,0.0,61,39
2026-05-21 17:30:47,2026-05-22,2,乒乓球厅-12号,20:30-21:30,0,1,可预约,￥5.0,多云,24,23,3,0.0,64,39
2026-05-21 18:00:50,2026-05-22,2,乒乓球厅-12号,20:30-21:30,0,1,可预约,￥5.0,多云,24,23,3,0.0,68,39
2026-05-21 18:30:50,2026-05-22,2,乒乓球厅-12号,20:30-21:30,0,1,可预约,￥5.0,阴,24,25,2,0.0,68,40
2026-05-21 19:00:50,2026-05-22,2,乒乓球厅-12号,20:30-21:30,0,1,可预约,￥5.0,阴,23,23,3,0.0,76,40
2026-05-21 19:30:46,2026-05-22,2,乒乓球厅-12号,20:30-21:30,0,1,可预约,￥5.0,阴,23,24,2,0.0,77,39
2026-05-21 20:00:49,2026-05-22,2,乒乓球厅-12号,20:30-21:30,0,1,可预约,￥5.0,雾,22,23,2,0.0,89,39
2026-05-21 20:30:44,2026-05-22,2,乒乓球厅-12号,20:30-21:30,0,1,可预约,￥5.0,雾,22,24,2,0.0,93,43
2026-05-21 21:00:56,2026-05-22,2,乒乓球厅-12号,20:30-21:30,0,1,可预约,￥5.0,雾,20,21,2,0.0,98,43
2026-05-21 21:30:46,2026-05-22,2,乒乓球厅-12号,20:30-21:30,0,1,可预约,￥5.0,雾,20,22,1,0.0,99,41
2026-05-21 22:01:02,2026-05-22,2,乒乓球厅-12号,20:30-21:30,0,1,可预约,￥5.0,雾,19,20,2,0.0,93,41
2026-05-21 22:30:47,2026-05-22,2,乒乓球厅-12号,20:30-21:30,0,1,可预约,￥5.0,雾,19,19,3,0.0,88,46
2026-05-21 23:00:56,2026-05-22,2,乒乓球厅-12号,20:30-21:30,0,1,可预约,￥5.0,多云,18,17,3,0.0,85,46
2026-05-21 23:30:55,2026-05-22,2,乒乓球厅-12号,20:30-21:30,0,1,可预约,￥5.0,多云,18,17,3,0.0,85,48
2026-05-21 08:00:45,2026-05-22,2,乒乓球厅-13号,07:00-08:00,0,1,可预约,￥0.0,晴,17,12,5,0.0,86,29
2026-05-21 08:02:30,2026-05-22,2,乒乓球厅-13号,07:00-08:00,0,1,可预约,￥0.0,多云,17,12,5,0.0,87,29
2026-05-21 08:05:36,2026-05-22,2,乒乓球厅-13号,07:00-08:00,0,1,可预约,￥0.0,多云,17,12,5,0.0,86,29
2026-05-21 08:08:31,2026-05-22,2,乒乓球厅-13号,07:00-08:00,0,1,可预约,￥0.0,多云,17,12,5,0.0,86,29
2026-05-21 08:11:30,2026-05-22,2,乒乓球厅-13号,07:00-08:00,0,1,可预约,￥0.0,多云,17,12,5,0.0,86,29
2026-05-21 08:14:31,2026-05-22,2,乒乓球厅-13号,07:00-08:00,0,1,可预约,￥0.0,多云,17,12,5,0.0,86,29
2026-05-21 08:17:30,2026-05-22,2,乒乓球厅-13号,07:00-08:00,0,1,可预约,￥0.0,多云,17,12,5,0.0,86,29
2026-05-21 08:20:35,2026-05-22,2,乒乓球厅-13号,07:00-08:00,0,1,可预约,￥0.0,多云,17,14,4,0.0,85,29
2026-05-21 08:25:32,2026-05-22,2,乒乓球厅-13号,07:00-08:00,0,1,可预约,￥0.0,多云,17,14,4,0.0,85,28
2026-05-21 08:30:42,2026-05-22,2,乒乓球厅-13号,07:00-08:00,0,1,可预约,￥0.0,多云,18,15,4,0.0,84,28
2026-05-21 08:35:31,2026-05-22,2,乒乓球厅-13号,07:00-08:00,0,1,可预约,￥0.0,多云,18,15,4,0.0,84,28
2026-05-21 08:40:38,2026-05-22,2,乒乓球厅-13号,07:00-08:00,0,1,可预约,￥0.0,多云,18,15,4,0.0,82,28
2026-05-21 08:45:33,2026-05-22,2,乒乓球厅-13号,07:00-08:00,0,1,可预约,￥0.0,多云,18,15,4,0.0,82,28
2026-05-21 08:50:36,2026-05-22,2,乒乓球厅-13号,07:00-08:00,0,1,可预约,￥0.0,多云,18,15,4,0.0,82,28
2026-05-21 08:55:34,2026-05-22,2,乒乓球厅-13号,07:00-08:00,0,1,可预约,￥0.0,多云,18,15,4,0.0,84,28
2026-05-21 09:00:51,2026-05-22,2,乒乓球厅-13号,07:00-08:00,0,1,可预约,￥0.0,多云,18,15,4,0.0,84,28
2026-05-21 09:01:59,2026-05-22,2,乒乓球厅-13号,07:00-08:00,0,1,可预约,￥0.0,多云,18,15,4,0.0,83,28
2026-05-21 09:05:33,2026-05-22,2,乒乓球厅-13号,07:00-08:00,0,1,可预约,￥0.0,多云,18,15,4,0.0,83,28
2026-05-21 09:20:38,2026-05-22,2,乒乓球厅-13号,07:00-08:00,0,1,可预约,￥0.0,多云,18,16,3,0.0,81,28
2026-05-21 09:30:46,2026-05-22,2,乒乓球厅-13号,07:00-08:00,0,1,可预约,￥0.0,多云,18,16,3,0.0,81,32
2026-05-21 09:40:36,2026-05-22,2,乒乓球厅-13号,07:00-08:00,0,1,可预约,￥0.0,多云,19,17,3,0.0,79,32
2026-05-21 09:50:42,2026-05-22,2,乒乓球厅-13号,07:00-08:00,0,1,可预约,￥0.0,多云,19,17,4,0.0,81,32
2026-05-21 10:00:46,2026-05-22,2,乒乓球厅-13号,07:00-08:00,0,1,可预约,￥0.0,多云,19,17,4,0.0,79,32
2026-05-21 10:10:40,2026-05-22,2,乒乓球厅-13号,07:00-08:00,0,1,可预约,￥0.0,多云,19,17,4,0.0,79,32
2026-05-21 10:20:38,2026-05-22,2,乒乓球厅-13号,07:00-08:00,0,1,可预约,￥0.0,多云,19,17,4,0.0,79,32
2026-05-21 10:30:41,2026-05-22,2,乒乓球厅-13号,07:00-08:00,0,1,可预约,￥0.0,多云,19,18,3,0.0,78,31
2026-05-21 11:00:44,2026-05-22,2,乒乓球厅-13号,07:00-08:00,0,1,可预约,￥0.0,多云,21,17,5,0.0,74,31
2026-05-21 11:30:38,2026-05-22,2,乒乓球厅-13号,07:00-08:00,0,1,可预约,￥0.0,多云,21,19,3,0.0,72,33
2026-05-21 12:00:46,2026-05-22,2,乒乓球厅-13号,07:00-08:00,0,1,可预约,￥0.0,多云,22,19,4,0.0,70,33
2026-05-21 12:30:42,2026-05-22,2,乒乓球厅-13号,07:00-08:00,0,1,可预约,￥0.0,多云,22,21,3,0.0,68,35
2026-05-21 13:00:43,2026-05-22,2,乒乓球厅-13号,07:00-08:00,0,1,可预约,￥0.0,多云,24,22,4,0.0,66,35
2026-05-21 13:30:43,2026-05-22,2,乒乓球厅-13号,07:00-08:00,0,1,可预约,￥0.0,多云,24,22,4,0.0,66,36
2026-05-21 14:00:48,2026-05-22,2,乒乓球厅-13号,07:00-08:00,0,1,可预约,￥0.0,多云,25,23,4,0.0,66,36
2026-05-21 14:30:45,2026-05-22,2,乒乓球厅-13号,07:00-08:00,0,1,可预约,￥0.0,晴,25,25,3,0.0,65,39
2026-05-21 15:00:45,2026-05-22,2,乒乓球厅-13号,07:00-08:00,0,1,可预约,￥0.0,晴,25,22,4,0.0,56,39
2026-05-21 15:30:43,2026-05-22,2,乒乓球厅-13号,07:00-08:00,0,1,可预约,￥0.0,晴,25,23,4,0.0,57,40
2026-05-21 16:00:51,2026-05-22,2,乒乓球厅-13号,07:00-08:00,0,1,可预约,￥0.0,晴,25,23,4,0.0,57,40
2026-05-21 16:30:48,2026-05-22,2,乒乓球厅-13号,07:00-08:00,0,1,可预约,￥0.0,晴,25,24,3,0.0,60,39
2026-05-21 17:00:49,2026-05-22,2,乒乓球厅-13号,07:00-08:00,0,1,可预约,￥0.0,晴,25,24,4,0.0,61,39
2026-05-21 17:30:47,2026-05-22,2,乒乓球厅-13号,07:00-08:00,0,1,可预约,￥0.0,多云,24,23,3,0.0,64,39
2026-05-21 18:00:50,2026-05-22,2,乒乓球厅-13号,07:00-08:00,0,1,可预约,￥0.0,多云,24,23,3,0.0,68,39
2026-05-21 18:30:50,2026-05-22,2,乒乓球厅-13号,07:00-08:00,0,1,可预约,￥0.0,阴,24,25,2,0.0,68,40
2026-05-21 19:00:50,2026-05-22,2,乒乓球厅-13号,07:00-08:00,0,1,可预约,￥0.0,阴,23,23,3,0.0,76,40
2026-05-21 19:30:46,2026-05-22,2,乒乓球厅-13号,07:00-08:00,0,1,可预约,￥0.0,阴,23,24,2,0.0,77,39
2026-05-21 20:00:49,2026-05-22,2,乒乓球厅-13号,07:00-08:00,0,1,可预约,￥0.0,雾,22,23,2,0.0,89,39
2026-05-21 20:30:44,2026-05-22,2,乒乓球厅-13号,07:00-08:00,0,1,可预约,￥0.0,雾,22,24,2,0.0,93,43
2026-05-21 21:00:56,2026-05-22,2,乒乓球厅-13号,07:00-08:00,0,1,可预约,￥0.0,雾,20,21,2,0.0,98,43
2026-05-21 21:30:46,2026-05-22,2,乒乓球厅-13号,07:00-08:00,0,1,可预约,￥0.0,雾,20,22,1,0.0,99,41
2026-05-21 22:01:02,2026-05-22,2,乒乓球厅-13号,07:00-08:00,0,1,可预约,￥0.0,雾,19,20,2,0.0,93,41
2026-05-21 22:30:47,2026-05-22,2,乒乓球厅-13号,07:00-08:00,0,1,可预约,￥0.0,雾,19,19,3,0.0,88,46
2026-05-21 23:00:56,2026-05-22,2,乒乓球厅-13号,07:00-08:00,0,1,可预约,￥0.0,多云,18,17,3,0.0,85,46
2026-05-21 23:30:55,2026-05-22,2,乒乓球厅-13号,07:00-08:00,0,1,可预约,￥0.0,多云,18,17,3,0.0,85,48
2026-05-21 08:00:45,2026-05-22,2,乒乓球厅-13号,08:00-09:00,0,1,可预约,￥0.0,晴,17,12,5,0.0,86,29
2026-05-21 08:02:30,2026-05-22,2,乒乓球厅-13号,08:00-09:00,0,1,可预约,￥0.0,多云,17,12,5,0.0,87,29
2026-05-21 08:05:36,2026-05-22,2,乒乓球厅-13号,08:00-09:00,0,1,可预约,￥0.0,多云,17,12,5,0.0,86,29
2026-05-21 08:08:31,2026-05-22,2,乒乓球厅-13号,08:00-09:00,0,1,可预约,￥0.0,多云,17,12,5,0.0,86,29
2026-05-21 08:11:30,2026-05-22,2,乒乓球厅-13号,08:00-09:00,0,1,可预约,￥0.0,多云,17,12,5,0.0,86,29
2026-05-21 08:14:31,2026-05-22,2,乒乓球厅-13号,08:00-09:00,0,1,可预约,￥0.0,多云,17,12,5,0.0,86,29
2026-05-21 08:17:30,2026-05-22,2,乒乓球厅-13号,08:00-09:00,0,1,可预约,￥0.0,多云,17,12,5,0.0,86,29
2026-05-21 08:20:35,2026-05-22,2,乒乓球厅-13号,08:00-09:00,0,1,可预约,￥0.0,多云,17,14,4,0.0,85,29
2026-05-21 08:25:32,2026-05-22,2,乒乓球厅-13号,08:00-09:00,0,1,可预约,￥0.0,多云,17,14,4,0.0,85,28
2026-05-21 08:30:42,2026-05-22,2,乒乓球厅-13号,08:00-09:00,0,1,可预约,￥0.0,多云,18,15,4,0.0,84,28
2026-05-21 08:35:31,2026-05-22,2,乒乓球厅-13号,08:00-09:00,0,1,可预约,￥0.0,多云,18,15,4,0.0,84,28
2026-05-21 08:40:38,2026-05-22,2,乒乓球厅-13号,08:00-09:00,0,1,可预约,￥0.0,多云,18,15,4,0.0,82,28
2026-05-21 08:45:33,2026-05-22,2,乒乓球厅-13号,08:00-09:00,0,1,可预约,￥0.0,多云,18,15,4,0.0,82,28
2026-05-21 08:50:36,2026-05-22,2,乒乓球厅-13号,08:00-09:00,0,1,可预约,￥0.0,多云,18,15,4,0.0,82,28
2026-05-21 08:55:34,2026-05-22,2,乒乓球厅-13号,08:00-09:00,0,1,可预约,￥0.0,多云,18,15,4,0.0,84,28
2026-05-21 09:00:51,2026-05-22,2,乒乓球厅-13号,08:00-09:00,0,1,可预约,￥0.0,多云,18,15,4,0.0,84,28
2026-05-21 09:01:59,2026-05-22,2,乒乓球厅-13号,08:00-09:00,0,1,可预约,￥0.0,多云,18,15,4,0.0,83,28
2026-05-21 09:05:33,2026-05-22,2,乒乓球厅-13号,08:00-09:00,0,1,可预约,￥0.0,多云,18,15,4,0.0,83,28
2026-05-21 09:20:38,2026-05-22,2,乒乓球厅-13号,08:00-09:00,0,1,可预约,￥0.0,多云,18,16,3,0.0,81,28
2026-05-21 09:30:46,2026-05-22,2,乒乓球厅-13号,08:00-09:00,0,1,可预约,￥0.0,多云,18,16,3,0.0,81,32
2026-05-21 09:40:36,2026-05-22,2,乒乓球厅-13号,08:00-09:00,0,1,可预约,￥0.0,多云,19,17,3,0.0,79,32
2026-05-21 09:50:42,2026-05-22,2,乒乓球厅-13号,08:00-09:00,0,1,可预约,￥0.0,多云,19,17,4,0.0,81,32
2026-05-21 10:00:46,2026-05-22,2,乒乓球厅-13号,08:00-09:00,0,1,可预约,￥0.0,多云,19,17,4,0.0,79,32
2026-05-21 10:10:40,2026-05-22,2,乒乓球厅-13号,08:00-09:00,0,1,可预约,￥0.0,多云,19,17,4,0.0,79,32
2026-05-21 10:20:38,2026-05-22,2,乒乓球厅-13号,08:00-09:00,0,1,可预约,￥0.0,多云,19,17,4,0.0,79,32
2026-05-21 10:30:41,2026-05-22,2,乒乓球厅-13号,08:00-09:00,0,1,可预约,￥0.0,多云,19,18,3,0.0,78,31
2026-05-21 11:00:44,2026-05-22,2,乒乓球厅-13号,08:00-09:00,0,1,可预约,￥0.0,多云,21,17,5,0.0,74,31
2026-05-21 11:30:38,2026-05-22,2,乒乓球厅-13号,08:00-09:00,0,1,可预约,￥0.0,多云,21,19,3,0.0,72,33
2026-05-21 12:00:46,2026-05-22,2,乒乓球厅-13号,08:00-09:00,0,1,可预约,￥0.0,多云,22,19,4,0.0,70,33
2026-05-21 12:30:42,2026-05-22,2,乒乓球厅-13号,08:00-09:00,0,1,可预约,￥0.0,多云,22,21,3,0.0,68,35
2026-05-21 13:00:43,2026-05-22,2,乒乓球厅-13号,08:00-09:00,0,1,可预约,￥0.0,多云,24,22,4,0.0,66,35
2026-05-21 13:30:43,2026-05-22,2,乒乓球厅-13号,08:00-09:00,0,1,可预约,￥0.0,多云,24,22,4,0.0,66,36
2026-05-21 14:00:48,2026-05-22,2,乒乓球厅-13号,08:00-09:00,0,1,可预约,￥0.0,多云,25,23,4,0.0,66,36
2026-05-21 14:30:45,2026-05-22,2,乒乓球厅-13号,08:00-09:00,0,1,可预约,￥0.0,晴,25,25,3,0.0,65,39
2026-05-21 15:00:45,2026-05-22,2,乒乓球厅-13号,08:00-09:00,0,1,可预约,￥0.0,晴,25,22,4,0.0,56,39
2026-05-21 15:30:43,2026-05-22,2,乒乓球厅-13号,08:00-09:00,0,1,可预约,￥0.0,晴,25,23,4,0.0,57,40
2026-05-21 16:00:51,2026-05-22,2,乒乓球厅-13号,08:00-09:00,0,1,可预约,￥0.0,晴,25,23,4,0.0,57,40
2026-05-21 16:30:48,2026-05-22,2,乒乓球厅-13号,08:00-09:00,0,1,可预约,￥0.0,晴,25,24,3,0.0,60,39
2026-05-21 17:00:49,2026-05-22,2,乒乓球厅-13号,08:00-09:00,0,1,可预约,￥0.0,晴,25,24,4,0.0,61,39
2026-05-21 17:30:47,2026-05-22,2,乒乓球厅-13号,08:00-09:00,0,1,可预约,￥0.0,多云,24,23,3,0.0,64,39
2026-05-21 18:00:50,2026-05-22,2,乒乓球厅-13号,08:00-09:00,0,1,可预约,￥0.0,多云,24,23,3,0.0,68,39
2026-05-21 18:30:50,2026-05-22,2,乒乓球厅-13号,08:00-09:00,0,1,可预约,￥0.0,阴,24,25,2,0.0,68,40
2026-05-21 19:00:50,2026-05-22,2,乒乓球厅-13号,08:00-09:00,0,1,可预约,￥0.0,阴,23,23,3,0.0,76,40
2026-05-21 19:30:46,2026-05-22,2,乒乓球厅-13号,08:00-09:00,0,1,可预约,￥0.0,阴,23,24,2,0.0,77,39
2026-05-21 20:00:49,2026-05-22,2,乒乓球厅-13号,08:00-09:00,0,1,可预约,￥0.0,雾,22,23,2,0.0,89,39
2026-05-21 20:30:44,2026-05-22,2,乒乓球厅-13号,08:00-09:00,0,1,可预约,￥0.0,雾,22,24,2,0.0,93,43
2026-05-21 21:00:56,2026-05-22,2,乒乓球厅-13号,08:00-09:00,0,1,可预约,￥0.0,雾,20,21,2,0.0,98,43
2026-05-21 21:30:46,2026-05-22,2,乒乓球厅-13号,08:00-09:00,0,1,可预约,￥0.0,雾,20,22,1,0.0,99,41
2026-05-21 22:01:02,2026-05-22,2,乒乓球厅-13号,08:00-09:00,0,1,可预约,￥0.0,雾,19,20,2,0.0,93,41
2026-05-21 22:30:47,2026-05-22,2,乒乓球厅-13号,08:00-09:00,0,1,可预约,￥0.0,雾,19,19,3,0.0,88,46
2026-05-21 23:00:56,2026-05-22,2,乒乓球厅-13号,08:00-09:00,0,1,可预约,￥0.0,多云,18,17,3,0.0,85,46
2026-05-21 23:30:55,2026-05-22,2,乒乓球厅-13号,08:00-09:00,0,1,可预约,￥0.0,多云,18,17,3,0.0,85,48
2026-05-21 08:00:45,2026-05-22,2,乒乓球厅-13号,09:00-10:00,0,1,可预约,￥5.0,晴,17,12,5,0.0,86,29
2026-05-21 08:02:30,2026-05-22,2,乒乓球厅-13号,09:00-10:00,0,1,可预约,￥5.0,多云,17,12,5,0.0,87,29
2026-05-21 08:05:36,2026-05-22,2,乒乓球厅-13号,09:00-10:00,0,1,可预约,￥5.0,多云,17,12,5,0.0,86,29
2026-05-21 08:08:31,2026-05-22,2,乒乓球厅-13号,09:00-10:00,0,1,可预约,￥5.0,多云,17,12,5,0.0,86,29
2026-05-21 08:11:30,2026-05-22,2,乒乓球厅-13号,09:00-10:00,0,1,可预约,￥5.0,多云,17,12,5,0.0,86,29
2026-05-21 08:14:31,2026-05-22,2,乒乓球厅-13号,09:00-10:00,0,1,可预约,￥5.0,多云,17,12,5,0.0,86,29
2026-05-21 08:17:30,2026-05-22,2,乒乓球厅-13号,09:00-10:00,0,1,可预约,￥5.0,多云,17,12,5,0.0,86,29
2026-05-21 08:20:35,2026-05-22,2,乒乓球厅-13号,09:00-10:00,0,1,可预约,￥5.0,多云,17,14,4,0.0,85,29
2026-05-21 08:25:32,2026-05-22,2,乒乓球厅-13号,09:00-10:00,0,1,可预约,￥5.0,多云,17,14,4,0.0,85,28
2026-05-21 08:30:42,2026-05-22,2,乒乓球厅-13号,09:00-10:00,0,1,可预约,￥5.0,多云,18,15,4,0.0,84,28
2026-05-21 08:35:31,2026-05-22,2,乒乓球厅-13号,09:00-10:00,0,1,可预约,￥5.0,多云,18,15,4,0.0,84,28
2026-05-21 08:40:38,2026-05-22,2,乒乓球厅-13号,09:00-10:00,0,1,可预约,￥5.0,多云,18,15,4,0.0,82,28
2026-05-21 08:45:33,2026-05-22,2,乒乓球厅-13号,09:00-10:00,0,1,可预约,￥5.0,多云,18,15,4,0.0,82,28
2026-05-21 08:50:36,2026-05-22,2,乒乓球厅-13号,09:00-10:00,0,1,可预约,￥5.0,多云,18,15,4,0.0,82,28
2026-05-21 08:55:34,2026-05-22,2,乒乓球厅-13号,09:00-10:00,0,1,可预约,￥5.0,多云,18,15,4,0.0,84,28
2026-05-21 09:00:51,2026-05-22,2,乒乓球厅-13号,09:00-10:00,0,1,可预约,￥5.0,多云,18,15,4,0.0,84,28
2026-05-21 09:01:59,2026-05-22,2,乒乓球厅-13号,09:00-10:00,0,1,可预约,￥5.0,多云,18,15,4,0.0,83,28
2026-05-21 09:05:33,2026-05-22,2,乒乓球厅-13号,09:00-10:00,0,1,可预约,￥5.0,多云,18,15,4,0.0,83,28
2026-05-21 09:20:38,2026-05-22,2,乒乓球厅-13号,09:00-10:00,0,1,可预约,￥5.0,多云,18,16,3,0.0,81,28
2026-05-21 09:30:46,2026-05-22,2,乒乓球厅-13号,09:00-10:00,0,1,可预约,￥5.0,多云,18,16,3,0.0,81,32
2026-05-21 09:40:36,2026-05-22,2,乒乓球厅-13号,09:00-10:00,0,1,可预约,￥5.0,多云,19,17,3,0.0,79,32
2026-05-21 09:50:42,2026-05-22,2,乒乓球厅-13号,09:00-10:00,0,1,可预约,￥5.0,多云,19,17,4,0.0,81,32
2026-05-21 10:00:46,2026-05-22,2,乒乓球厅-13号,09:00-10:00,0,1,可预约,￥5.0,多云,19,17,4,0.0,79,32
2026-05-21 10:10:40,2026-05-22,2,乒乓球厅-13号,09:00-10:00,0,1,可预约,￥5.0,多云,19,17,4,0.0,79,32
2026-05-21 10:20:38,2026-05-22,2,乒乓球厅-13号,09:00-10:00,0,1,可预约,￥5.0,多云,19,17,4,0.0,79,32
2026-05-21 10:30:41,2026-05-22,2,乒乓球厅-13号,09:00-10:00,0,1,可预约,￥5.0,多云,19,18,3,0.0,78,31
2026-05-21 11:00:44,2026-05-22,2,乒乓球厅-13号,09:00-10:00,0,1,可预约,￥5.0,多云,21,17,5,0.0,74,31
2026-05-21 11:30:38,2026-05-22,2,乒乓球厅-13号,09:00-10:00,0,1,可预约,￥5.0,多云,21,19,3,0.0,72,33
2026-05-21 12:00:46,2026-05-22,2,乒乓球厅-13号,09:00-10:00,0,1,可预约,￥5.0,多云,22,19,4,0.0,70,33
2026-05-21 12:30:42,2026-05-22,2,乒乓球厅-13号,09:00-10:00,0,1,可预约,￥5.0,多云,22,21,3,0.0,68,35
2026-05-21 13:00:43,2026-05-22,2,乒乓球厅-13号,09:00-10:00,0,1,可预约,￥5.0,多云,24,22,4,0.0,66,35
2026-05-21 13:30:43,2026-05-22,2,乒乓球厅-13号,09:00-10:00,0,1,可预约,￥5.0,多云,24,22,4,0.0,66,36
2026-05-21 14:00:48,2026-05-22,2,乒乓球厅-13号,09:00-10:00,0,1,可预约,￥5.0,多云,25,23,4,0.0,66,36
2026-05-21 14:30:45,2026-05-22,2,乒乓球厅-13号,09:00-10:00,0,1,可预约,￥5.0,晴,25,25,3,0.0,65,39
2026-05-21 15:00:45,2026-05-22,2,乒乓球厅-13号,09:00-10:00,0,1,可预约,￥5.0,晴,25,22,4,0.0,56,39
2026-05-21 15:30:43,2026-05-22,2,乒乓球厅-13号,09:00-10:00,0,1,可预约,￥5.0,晴,25,23,4,0.0,57,40
2026-05-21 16:00:51,2026-05-22,2,乒乓球厅-13号,09:00-10:00,0,1,可预约,￥5.0,晴,25,23,4,0.0,57,40
2026-05-21 16:30:48,2026-05-22,2,乒乓球厅-13号,09:00-10:00,0,1,可预约,￥5.0,晴,25,24,3,0.0,60,39
2026-05-21 17:00:49,2026-05-22,2,乒乓球厅-13号,09:00-10:00,0,1,可预约,￥5.0,晴,25,24,4,0.0,61,39
2026-05-21 17:30:47,2026-05-22,2,乒乓球厅-13号,09:00-10:00,0,1,可预约,￥5.0,多云,24,23,3,0.0,64,39
2026-05-21 18:00:50,2026-05-22,2,乒乓球厅-13号,09:00-10:00,0,1,可预约,￥5.0,多云,24,23,3,0.0,68,39
2026-05-21 18:30:50,2026-05-22,2,乒乓球厅-13号,09:00-10:00,0,1,可预约,￥5.0,阴,24,25,2,0.0,68,40
2026-05-21 19:00:50,2026-05-22,2,乒乓球厅-13号,09:00-10:00,0,1,可预约,￥5.0,阴,23,23,3,0.0,76,40
2026-05-21 19:30:46,2026-05-22,2,乒乓球厅-13号,09:00-10:00,0,1,可预约,￥5.0,阴,23,24,2,0.0,77,39
2026-05-21 20:00:49,2026-05-22,2,乒乓球厅-13号,09:00-10:00,0,1,可预约,￥5.0,雾,22,23,2,0.0,89,39
2026-05-21 20:30:44,2026-05-22,2,乒乓球厅-13号,09:00-10:00,0,1,可预约,￥5.0,雾,22,24,2,0.0,93,43
2026-05-21 21:00:56,2026-05-22,2,乒乓球厅-13号,09:00-10:00,0,1,可预约,￥5.0,雾,20,21,2,0.0,98,43
2026-05-21 21:30:46,2026-05-22,2,乒乓球厅-13号,09:00-10:00,0,1,可预约,￥5.0,雾,20,22,1,0.0,99,41
2026-05-21 22:01:02,2026-05-22,2,乒乓球厅-13号,09:00-10:00,0,1,可预约,￥5.0,雾,19,20,2,0.0,93,41
2026-05-21 22:30:47,2026-05-22,2,乒乓球厅-13号,09:00-10:00,0,1,可预约,￥5.0,雾,19,19,3,0.0,88,46
2026-05-21 23:00:56,2026-05-22,2,乒乓球厅-13号,09:00-10:00,0,1,可预约,￥5.0,多云,18,17,3,0.0,85,46
2026-05-21 23:30:55,2026-05-22,2,乒乓球厅-13号,09:00-10:00,0,1,可预约,￥5.0,多云,18,17,3,0.0,85,48
2026-05-21 08:00:45,2026-05-22,2,乒乓球厅-13号,10:00-11:00,0,1,可预约,￥5.0,晴,17,12,5,0.0,86,29
2026-05-21 08:02:30,2026-05-22,2,乒乓球厅-13号,10:00-11:00,0,1,可预约,￥5.0,多云,17,12,5,0.0,87,29
2026-05-21 08:05:36,2026-05-22,2,乒乓球厅-13号,10:00-11:00,0,1,可预约,￥5.0,多云,17,12,5,0.0,86,29
2026-05-21 08:08:31,2026-05-22,2,乒乓球厅-13号,10:00-11:00,0,1,可预约,￥5.0,多云,17,12,5,0.0,86,29
2026-05-21 08:11:30,2026-05-22,2,乒乓球厅-13号,10:00-11:00,0,1,可预约,￥5.0,多云,17,12,5,0.0,86,29
2026-05-21 08:14:31,2026-05-22,2,乒乓球厅-13号,10:00-11:00,0,1,可预约,￥5.0,多云,17,12,5,0.0,86,29
2026-05-21 08:17:30,2026-05-22,2,乒乓球厅-13号,10:00-11:00,0,1,可预约,￥5.0,多云,17,12,5,0.0,86,29
2026-05-21 08:20:35,2026-05-22,2,乒乓球厅-13号,10:00-11:00,0,1,可预约,￥5.0,多云,17,14,4,0.0,85,29
2026-05-21 08:25:32,2026-05-22,2,乒乓球厅-13号,10:00-11:00,0,1,可预约,￥5.0,多云,17,14,4,0.0,85,28
2026-05-21 08:30:42,2026-05-22,2,乒乓球厅-13号,10:00-11:00,0,1,可预约,￥5.0,多云,18,15,4,0.0,84,28
2026-05-21 08:35:31,2026-05-22,2,乒乓球厅-13号,10:00-11:00,0,1,可预约,￥5.0,多云,18,15,4,0.0,84,28
2026-05-21 08:40:38,2026-05-22,2,乒乓球厅-13号,10:00-11:00,0,1,可预约,￥5.0,多云,18,15,4,0.0,82,28
2026-05-21 08:45:33,2026-05-22,2,乒乓球厅-13号,10:00-11:00,0,1,可预约,￥5.0,多云,18,15,4,0.0,82,28
2026-05-21 08:50:36,2026-05-22,2,乒乓球厅-13号,10:00-11:00,0,1,可预约,￥5.0,多云,18,15,4,0.0,82,28
2026-05-21 08:55:34,2026-05-22,2,乒乓球厅-13号,10:00-11:00,0,1,可预约,￥5.0,多云,18,15,4,0.0,84,28
2026-05-21 09:00:51,2026-05-22,2,乒乓球厅-13号,10:00-11:00,0,1,可预约,￥5.0,多云,18,15,4,0.0,84,28
2026-05-21 09:01:59,2026-05-22,2,乒乓球厅-13号,10:00-11:00,0,1,可预约,￥5.0,多云,18,15,4,0.0,83,28
2026-05-21 09:05:33,2026-05-22,2,乒乓球厅-13号,10:00-11:00,0,1,可预约,￥5.0,多云,18,15,4,0.0,83,28
2026-05-21 09:20:38,2026-05-22,2,乒乓球厅-13号,10:00-11:00,0,1,可预约,￥5.0,多云,18,16,3,0.0,81,28
2026-05-21 09:30:46,2026-05-22,2,乒乓球厅-13号,10:00-11:00,0,1,可预约,￥5.0,多云,18,16,3,0.0,81,32
2026-05-21 09:40:36,2026-05-22,2,乒乓球厅-13号,10:00-11:00,0,1,可预约,￥5.0,多云,19,17,3,0.0,79,32
2026-05-21 09:50:42,2026-05-22,2,乒乓球厅-13号,10:00-11:00,0,1,可预约,￥5.0,多云,19,17,4,0.0,81,32
2026-05-21 10:00:46,2026-05-22,2,乒乓球厅-13号,10:00-11:00,0,1,可预约,￥5.0,多云,19,17,4,0.0,79,32
2026-05-21 10:10:40,2026-05-22,2,乒乓球厅-13号,10:00-11:00,0,1,可预约,￥5.0,多云,19,17,4,0.0,79,32
2026-05-21 10:20:38,2026-05-22,2,乒乓球厅-13号,10:00-11:00,0,1,可预约,￥5.0,多云,19,17,4,0.0,79,32
2026-05-21 10:30:41,2026-05-22,2,乒乓球厅-13号,10:00-11:00,0,1,可预约,￥5.0,多云,19,18,3,0.0,78,31
2026-05-21 11:00:44,2026-05-22,2,乒乓球厅-13号,10:00-11:00,0,1,可预约,￥5.0,多云,21,17,5,0.0,74,31
2026-05-21 11:30:38,2026-05-22,2,乒乓球厅-13号,10:00-11:00,0,1,可预约,￥5.0,多云,21,19,3,0.0,72,33
2026-05-21 12:00:46,2026-05-22,2,乒乓球厅-13号,10:00-11:00,0,1,可预约,￥5.0,多云,22,19,4,0.0,70,33
2026-05-21 12:30:42,2026-05-22,2,乒乓球厅-13号,10:00-11:00,0,1,可预约,￥5.0,多云,22,21,3,0.0,68,35
2026-05-21 13:00:43,2026-05-22,2,乒乓球厅-13号,10:00-11:00,0,1,可预约,￥5.0,多云,24,22,4,0.0,66,35
2026-05-21 13:30:43,2026-05-22,2,乒乓球厅-13号,10:00-11:00,0,1,可预约,￥5.0,多云,24,22,4,0.0,66,36
2026-05-21 14:00:48,2026-05-22,2,乒乓球厅-13号,10:00-11:00,0,1,可预约,￥5.0,多云,25,23,4,0.0,66,36
2026-05-21 14:30:45,2026-05-22,2,乒乓球厅-13号,10:00-11:00,0,1,可预约,￥5.0,晴,25,25,3,0.0,65,39
2026-05-21 15:00:45,2026-05-22,2,乒乓球厅-13号,10:00-11:00,0,1,可预约,￥5.0,晴,25,22,4,0.0,56,39
2026-05-21 15:30:43,2026-05-22,2,乒乓球厅-13号,10:00-11:00,0,1,可预约,￥5.0,晴,25,23,4,0.0,57,40
2026-05-21 16:00:51,2026-05-22,2,乒乓球厅-13号,10:00-11:00,0,1,可预约,￥5.0,晴,25,23,4,0.0,57,40
2026-05-21 16:30:48,2026-05-22,2,乒乓球厅-13号,10:00-11:00,0,1,可预约,￥5.0,晴,25,24,3,0.0,60,39
2026-05-21 17:00:49,2026-05-22,2,乒乓球厅-13号,10:00-11:00,0,1,可预约,￥5.0,晴,25,24,4,0.0,61,39
2026-05-21 17:30:47,2026-05-22,2,乒乓球厅-13号,10:00-11:00,0,1,可预约,￥5.0,多云,24,23,3,0.0,64,39
2026-05-21 18:00:50,2026-05-22,2,乒乓球厅-13号,10:00-11:00,0,1,可预约,￥5.0,多云,24,23,3,0.0,68,39
2026-05-21 18:30:50,2026-05-22,2,乒乓球厅-13号,10:00-11:00,0,1,可预约,￥5.0,阴,24,25,2,0.0,68,40
2026-05-21 19:00:50,2026-05-22,2,乒乓球厅-13号,10:00-11:00,0,1,可预约,￥5.0,阴,23,23,3,0.0,76,40
2026-05-21 19:30:46,2026-05-22,2,乒乓球厅-13号,10:00-11:00,0,1,可预约,￥5.0,阴,23,24,2,0.0,77,39
2026-05-21 20:00:49,2026-05-22,2,乒乓球厅-13号,10:00-11:00,0,1,可预约,￥5.0,雾,22,23,2,0.0,89,39
2026-05-21 20:30:44,2026-05-22,2,乒乓球厅-13号,10:00-11:00,0,1,可预约,￥5.0,雾,22,24,2,0.0,93,43
2026-05-21 21:00:56,2026-05-22,2,乒乓球厅-13号,10:00-11:00,0,1,可预约,￥5.0,雾,20,21,2,0.0,98,43
2026-05-21 21:30:46,2026-05-22,2,乒乓球厅-13号,10:00-11:00,0,1,可预约,￥5.0,雾,20,22,1,0.0,99,41
2026-05-21 22:01:02,2026-05-22,2,乒乓球厅-13号,10:00-11:00,0,1,可预约,￥5.0,雾,19,20,2,0.0,93,41
2026-05-21 22:30:47,2026-05-22,2,乒乓球厅-13号,10:00-11:00,0,1,可预约,￥5.0,雾,19,19,3,0.0,88,46
2026-05-21 23:00:56,2026-05-22,2,乒乓球厅-13号,10:00-11:00,0,1,可预约,￥5.0,多云,18,17,3,0.0,85,46
2026-05-21 23:30:55,2026-05-22,2,乒乓球厅-13号,10:00-11:00,0,1,可预约,￥5.0,多云,18,17,3,0.0,85,48
2026-05-21 08:00:45,2026-05-22,2,乒乓球厅-13号,11:00-12:00,0,1,可预约,￥5.0,晴,17,12,5,0.0,86,29
2026-05-21 08:02:30,2026-05-22,2,乒乓球厅-13号,11:00-12:00,0,1,可预约,￥5.0,多云,17,12,5,0.0,87,29
2026-05-21 08:05:36,2026-05-22,2,乒乓球厅-13号,11:00-12:00,0,1,可预约,￥5.0,多云,17,12,5,0.0,86,29
2026-05-21 08:08:31,2026-05-22,2,乒乓球厅-13号,11:00-12:00,0,1,可预约,￥5.0,多云,17,12,5,0.0,86,29
2026-05-21 08:11:30,2026-05-22,2,乒乓球厅-13号,11:00-12:00,0,1,可预约,￥5.0,多云,17,12,5,0.0,86,29
2026-05-21 08:14:31,2026-05-22,2,乒乓球厅-13号,11:00-12:00,0,1,可预约,￥5.0,多云,17,12,5,0.0,86,29
2026-05-21 08:17:30,2026-05-22,2,乒乓球厅-13号,11:00-12:00,0,1,可预约,￥5.0,多云,17,12,5,0.0,86,29
2026-05-21 08:20:35,2026-05-22,2,乒乓球厅-13号,11:00-12:00,0,1,可预约,￥5.0,多云,17,14,4,0.0,85,29
2026-05-21 08:25:32,2026-05-22,2,乒乓球厅-13号,11:00-12:00,0,1,可预约,￥5.0,多云,17,14,4,0.0,85,28
2026-05-21 08:30:42,2026-05-22,2,乒乓球厅-13号,11:00-12:00,0,1,可预约,￥5.0,多云,18,15,4,0.0,84,28
2026-05-21 08:35:31,2026-05-22,2,乒乓球厅-13号,11:00-12:00,0,1,可预约,￥5.0,多云,18,15,4,0.0,84,28
2026-05-21 08:40:38,2026-05-22,2,乒乓球厅-13号,11:00-12:00,0,1,可预约,￥5.0,多云,18,15,4,0.0,82,28
2026-05-21 08:45:33,2026-05-22,2,乒乓球厅-13号,11:00-12:00,0,1,可预约,￥5.0,多云,18,15,4,0.0,82,28
2026-05-21 08:50:36,2026-05-22,2,乒乓球厅-13号,11:00-12:00,0,1,可预约,￥5.0,多云,18,15,4,0.0,82,28
2026-05-21 08:55:34,2026-05-22,2,乒乓球厅-13号,11:00-12:00,0,1,可预约,￥5.0,多云,18,15,4,0.0,84,28
2026-05-21 09:00:51,2026-05-22,2,乒乓球厅-13号,11:00-12:00,0,1,可预约,￥5.0,多云,18,15,4,0.0,84,28
2026-05-21 09:01:59,2026-05-22,2,乒乓球厅-13号,11:00-12:00,0,1,可预约,￥5.0,多云,18,15,4,0.0,83,28
2026-05-21 09:05:33,2026-05-22,2,乒乓球厅-13号,11:00-12:00,0,1,可预约,￥5.0,多云,18,15,4,0.0,83,28
2026-05-21 09:20:38,2026-05-22,2,乒乓球厅-13号,11:00-12:00,0,1,可预约,￥5.0,多云,18,16,3,0.0,81,28
2026-05-21 09:30:46,2026-05-22,2,乒乓球厅-13号,11:00-12:00,0,1,可预约,￥5.0,多云,18,16,3,0.0,81,32
2026-05-21 09:40:36,2026-05-22,2,乒乓球厅-13号,11:00-12:00,0,1,可预约,￥5.0,多云,19,17,3,0.0,79,32
2026-05-21 09:50:42,2026-05-22,2,乒乓球厅-13号,11:00-12:00,0,1,可预约,￥5.0,多云,19,17,4,0.0,81,32
2026-05-21 10:00:46,2026-05-22,2,乒乓球厅-13号,11:00-12:00,0,1,可预约,￥5.0,多云,19,17,4,0.0,79,32
2026-05-21 10:10:40,2026-05-22,2,乒乓球厅-13号,11:00-12:00,0,1,可预约,￥5.0,多云,19,17,4,0.0,79,32
2026-05-21 10:20:38,2026-05-22,2,乒乓球厅-13号,11:00-12:00,0,1,可预约,￥5.0,多云,19,17,4,0.0,79,32
2026-05-21 10:30:41,2026-05-22,2,乒乓球厅-13号,11:00-12:00,0,1,可预约,￥5.0,多云,19,18,3,0.0,78,31
2026-05-21 11:00:44,2026-05-22,2,乒乓球厅-13号,11:00-12:00,0,1,可预约,￥5.0,多云,21,17,5,0.0,74,31
2026-05-21 11:30:38,2026-05-22,2,乒乓球厅-13号,11:00-12:00,0,1,可预约,￥5.0,多云,21,19,3,0.0,72,33
2026-05-21 12:00:46,2026-05-22,2,乒乓球厅-13号,11:00-12:00,0,1,可预约,￥5.0,多云,22,19,4,0.0,70,33
2026-05-21 12:30:42,2026-05-22,2,乒乓球厅-13号,11:00-12:00,0,1,可预约,￥5.0,多云,22,21,3,0.0,68,35
2026-05-21 13:00:43,2026-05-22,2,乒乓球厅-13号,11:00-12:00,0,1,可预约,￥5.0,多云,24,22,4,0.0,66,35
2026-05-21 13:30:43,2026-05-22,2,乒乓球厅-13号,11:00-12:00,0,1,可预约,￥5.0,多云,24,22,4,0.0,66,36
2026-05-21 14:00:48,2026-05-22,2,乒乓球厅-13号,11:00-12:00,0,1,可预约,￥5.0,多云,25,23,4,0.0,66,36
2026-05-21 14:30:45,2026-05-22,2,乒乓球厅-13号,11:00-12:00,0,1,可预约,￥5.0,晴,25,25,3,0.0,65,39
2026-05-21 15:00:45,2026-05-22,2,乒乓球厅-13号,11:00-12:00,0,1,可预约,￥5.0,晴,25,22,4,0.0,56,39
2026-05-21 15:30:43,2026-05-22,2,乒乓球厅-13号,11:00-12:00,0,1,可预约,￥5.0,晴,25,23,4,0.0,57,40
2026-05-21 16:00:51,2026-05-22,2,乒乓球厅-13号,11:00-12:00,0,1,可预约,￥5.0,晴,25,23,4,0.0,57,40
2026-05-21 16:30:48,2026-05-22,2,乒乓球厅-13号,11:00-12:00,0,1,可预约,￥5.0,晴,25,24,3,0.0,60,39
2026-05-21 17:00:49,2026-05-22,2,乒乓球厅-13号,11:00-12:00,0,1,可预约,￥5.0,晴,25,24,4,0.0,61,39
2026-05-21 17:30:47,2026-05-22,2,乒乓球厅-13号,11:00-12:00,0,1,可预约,￥5.0,多云,24,23,3,0.0,64,39
2026-05-21 18:00:50,2026-05-22,2,乒乓球厅-13号,11:00-12:00,0,1,可预约,￥5.0,多云,24,23,3,0.0,68,39
2026-05-21 18:30:50,2026-05-22,2,乒乓球厅-13号,11:00-12:00,0,1,可预约,￥5.0,阴,24,25,2,0.0,68,40
2026-05-21 19:00:50,2026-05-22,2,乒乓球厅-13号,11:00-12:00,0,1,可预约,￥5.0,阴,23,23,3,0.0,76,40
2026-05-21 19:30:46,2026-05-22,2,乒乓球厅-13号,11:00-12:00,0,1,可预约,￥5.0,阴,23,24,2,0.0,77,39
2026-05-21 20:00:49,2026-05-22,2,乒乓球厅-13号,11:00-12:00,0,1,可预约,￥5.0,雾,22,23,2,0.0,89,39
2026-05-21 20:30:44,2026-05-22,2,乒乓球厅-13号,11:00-12:00,0,1,可预约,￥5.0,雾,22,24,2,0.0,93,43
2026-05-21 21:00:56,2026-05-22,2,乒乓球厅-13号,11:00-12:00,0,1,可预约,￥5.0,雾,20,21,2,0.0,98,43
2026-05-21 21:30:46,2026-05-22,2,乒乓球厅-13号,11:00-12:00,0,1,可预约,￥5.0,雾,20,22,1,0.0,99,41
2026-05-21 22:01:02,2026-05-22,2,乒乓球厅-13号,11:00-12:00,0,1,可预约,￥5.0,雾,19,20,2,0.0,93,41
2026-05-21 22:30:47,2026-05-22,2,乒乓球厅-13号,11:00-12:00,0,1,可预约,￥5.0,雾,19,19,3,0.0,88,46
2026-05-21 23:00:56,2026-05-22,2,乒乓球厅-13号,11:00-12:00,0,1,可预约,￥5.0,多云,18,17,3,0.0,85,46
2026-05-21 23:30:55,2026-05-22,2,乒乓球厅-13号,11:00-12:00,0,1,可预约,￥5.0,多云,18,17,3,0.0,85,48
2026-05-21 08:00:45,2026-05-22,2,乒乓球厅-13号,12:00-12:55,0,1,可预约,￥0.0,晴,17,12,5,0.0,86,29
2026-05-21 08:02:30,2026-05-22,2,乒乓球厅-13号,12:00-12:55,0,1,可预约,￥0.0,多云,17,12,5,0.0,87,29
2026-05-21 08:05:36,2026-05-22,2,乒乓球厅-13号,12:00-12:55,0,1,可预约,￥0.0,多云,17,12,5,0.0,86,29
2026-05-21 08:08:31,2026-05-22,2,乒乓球厅-13号,12:00-12:55,0,1,可预约,￥0.0,多云,17,12,5,0.0,86,29
2026-05-21 08:11:30,2026-05-22,2,乒乓球厅-13号,12:00-12:55,0,1,可预约,￥0.0,多云,17,12,5,0.0,86,29
2026-05-21 08:14:31,2026-05-22,2,乒乓球厅-13号,12:00-12:55,0,1,可预约,￥0.0,多云,17,12,5,0.0,86,29
2026-05-21 08:17:30,2026-05-22,2,乒乓球厅-13号,12:00-12:55,0,1,可预约,￥0.0,多云,17,12,5,0.0,86,29
2026-05-21 08:20:35,2026-05-22,2,乒乓球厅-13号,12:00-12:55,0,1,可预约,￥0.0,多云,17,14,4,0.0,85,29
2026-05-21 08:25:32,2026-05-22,2,乒乓球厅-13号,12:00-12:55,0,1,可预约,￥0.0,多云,17,14,4,0.0,85,28
2026-05-21 08:30:42,2026-05-22,2,乒乓球厅-13号,12:00-12:55,0,1,可预约,￥0.0,多云,18,15,4,0.0,84,28
2026-05-21 08:35:31,2026-05-22,2,乒乓球厅-13号,12:00-12:55,0,1,可预约,￥0.0,多云,18,15,4,0.0,84,28
2026-05-21 08:40:38,2026-05-22,2,乒乓球厅-13号,12:00-12:55,0,1,可预约,￥0.0,多云,18,15,4,0.0,82,28
2026-05-21 08:45:33,2026-05-22,2,乒乓球厅-13号,12:00-12:55,0,1,可预约,￥0.0,多云,18,15,4,0.0,82,28
2026-05-21 08:50:36,2026-05-22,2,乒乓球厅-13号,12:00-12:55,0,1,可预约,￥0.0,多云,18,15,4,0.0,82,28
2026-05-21 08:55:34,2026-05-22,2,乒乓球厅-13号,12:00-12:55,0,1,可预约,￥0.0,多云,18,15,4,0.0,84,28
2026-05-21 09:00:51,2026-05-22,2,乒乓球厅-13号,12:00-12:55,0,1,可预约,￥0.0,多云,18,15,4,0.0,84,28
2026-05-21 09:01:59,2026-05-22,2,乒乓球厅-13号,12:00-12:55,0,1,可预约,￥0.0,多云,18,15,4,0.0,83,28
2026-05-21 09:05:33,2026-05-22,2,乒乓球厅-13号,12:00-12:55,0,1,可预约,￥0.0,多云,18,15,4,0.0,83,28
2026-05-21 09:20:38,2026-05-22,2,乒乓球厅-13号,12:00-12:55,0,1,可预约,￥0.0,多云,18,16,3,0.0,81,28
2026-05-21 09:30:46,2026-05-22,2,乒乓球厅-13号,12:00-12:55,0,1,可预约,￥0.0,多云,18,16,3,0.0,81,32
2026-05-21 09:40:36,2026-05-22,2,乒乓球厅-13号,12:00-12:55,0,1,可预约,￥0.0,多云,19,17,3,0.0,79,32
2026-05-21 09:50:42,2026-05-22,2,乒乓球厅-13号,12:00-12:55,0,1,可预约,￥0.0,多云,19,17,4,0.0,81,32
2026-05-21 10:00:46,2026-05-22,2,乒乓球厅-13号,12:00-12:55,0,1,可预约,￥0.0,多云,19,17,4,0.0,79,32
2026-05-21 10:10:40,2026-05-22,2,乒乓球厅-13号,12:00-12:55,0,1,可预约,￥0.0,多云,19,17,4,0.0,79,32
2026-05-21 10:20:38,2026-05-22,2,乒乓球厅-13号,12:00-12:55,0,1,可预约,￥0.0,多云,19,17,4,0.0,79,32
2026-05-21 10:30:41,2026-05-22,2,乒乓球厅-13号,12:00-12:55,0,1,可预约,￥0.0,多云,19,18,3,0.0,78,31
2026-05-21 11:00:44,2026-05-22,2,乒乓球厅-13号,12:00-12:55,0,1,可预约,￥0.0,多云,21,17,5,0.0,74,31
2026-05-21 11:30:38,2026-05-22,2,乒乓球厅-13号,12:00-12:55,0,1,可预约,￥0.0,多云,21,19,3,0.0,72,33
2026-05-21 12:00:46,2026-05-22,2,乒乓球厅-13号,12:00-12:55,0,1,可预约,￥0.0,多云,22,19,4,0.0,70,33
2026-05-21 12:30:42,2026-05-22,2,乒乓球厅-13号,12:00-12:55,0,1,可预约,￥0.0,多云,22,21,3,0.0,68,35
2026-05-21 13:00:43,2026-05-22,2,乒乓球厅-13号,12:00-12:55,0,1,可预约,￥0.0,多云,24,22,4,0.0,66,35
2026-05-21 13:30:43,2026-05-22,2,乒乓球厅-13号,12:00-12:55,0,1,可预约,￥0.0,多云,24,22,4,0.0,66,36
2026-05-21 14:00:48,2026-05-22,2,乒乓球厅-13号,12:00-12:55,0,1,可预约,￥0.0,多云,25,23,4,0.0,66,36
2026-05-21 14:30:45,2026-05-22,2,乒乓球厅-13号,12:00-12:55,0,1,可预约,￥0.0,晴,25,25,3,0.0,65,39
2026-05-21 15:00:45,2026-05-22,2,乒乓球厅-13号,12:00-12:55,0,1,可预约,￥0.0,晴,25,22,4,0.0,56,39
2026-05-21 15:30:43,2026-05-22,2,乒乓球厅-13号,12:00-12:55,0,1,可预约,￥0.0,晴,25,23,4,0.0,57,40
2026-05-21 16:00:51,2026-05-22,2,乒乓球厅-13号,12:00-12:55,0,1,可预约,￥0.0,晴,25,23,4,0.0,57,40
2026-05-21 16:30:48,2026-05-22,2,乒乓球厅-13号,12:00-12:55,0,1,可预约,￥0.0,晴,25,24,3,0.0,60,39
2026-05-21 17:00:49,2026-05-22,2,乒乓球厅-13号,12:00-12:55,0,1,可预约,￥0.0,晴,25,24,4,0.0,61,39
2026-05-21 17:30:47,2026-05-22,2,乒乓球厅-13号,12:00-12:55,0,1,可预约,￥0.0,多云,24,23,3,0.0,64,39
2026-05-21 18:00:50,2026-05-22,2,乒乓球厅-13号,12:00-12:55,0,1,可预约,￥0.0,多云,24,23,3,0.0,68,39
2026-05-21 18:30:50,2026-05-22,2,乒乓球厅-13号,12:00-12:55,0,1,可预约,￥0.0,阴,24,25,2,0.0,68,40
2026-05-21 19:00:50,2026-05-22,2,乒乓球厅-13号,12:00-12:55,0,1,可预约,￥0.0,阴,23,23,3,0.0,76,40
2026-05-21 19:30:46,2026-05-22,2,乒乓球厅-13号,12:00-12:55,0,1,可预约,￥0.0,阴,23,24,2,0.0,77,39
2026-05-21 20:00:49,2026-05-22,2,乒乓球厅-13号,12:00-12:55,0,1,可预约,￥0.0,雾,22,23,2,0.0,89,39
2026-05-21 20:30:44,2026-05-22,2,乒乓球厅-13号,12:00-12:55,0,1,可预约,￥0.0,雾,22,24,2,0.0,93,43
2026-05-21 21:00:56,2026-05-22,2,乒乓球厅-13号,12:00-12:55,0,1,可预约,￥0.0,雾,20,21,2,0.0,98,43
2026-05-21 21:30:46,2026-05-22,2,乒乓球厅-13号,12:00-12:55,0,1,可预约,￥0.0,雾,20,22,1,0.0,99,41
2026-05-21 22:01:02,2026-05-22,2,乒乓球厅-13号,12:00-12:55,0,1,可预约,￥0.0,雾,19,20,2,0.0,93,41
2026-05-21 22:30:47,2026-05-22,2,乒乓球厅-13号,12:00-12:55,0,1,可预约,￥0.0,雾,19,19,3,0.0,88,46
2026-05-21 23:00:56,2026-05-22,2,乒乓球厅-13号,12:00-12:55,0,1,可预约,￥0.0,多云,18,17,3,0.0,85,46
2026-05-21 23:30:55,2026-05-22,2,乒乓球厅-13号,12:00-12:55,0,1,可预约,￥0.0,多云,18,17,3,0.0,85,48
2026-05-21 08:00:45,2026-05-22,2,乒乓球厅-13号,12:55-13:50,0,1,可预约,￥0.0,晴,17,12,5,0.0,86,29
2026-05-21 08:02:30,2026-05-22,2,乒乓球厅-13号,12:55-13:50,0,1,可预约,￥0.0,多云,17,12,5,0.0,87,29
2026-05-21 08:05:36,2026-05-22,2,乒乓球厅-13号,12:55-13:50,0,1,可预约,￥0.0,多云,17,12,5,0.0,86,29
2026-05-21 08:08:31,2026-05-22,2,乒乓球厅-13号,12:55-13:50,0,1,可预约,￥0.0,多云,17,12,5,0.0,86,29
2026-05-21 08:11:30,2026-05-22,2,乒乓球厅-13号,12:55-13:50,0,1,可预约,￥0.0,多云,17,12,5,0.0,86,29
2026-05-21 08:14:31,2026-05-22,2,乒乓球厅-13号,12:55-13:50,0,1,可预约,￥0.0,多云,17,12,5,0.0,86,29
2026-05-21 08:17:30,2026-05-22,2,乒乓球厅-13号,12:55-13:50,0,1,可预约,￥0.0,多云,17,12,5,0.0,86,29
2026-05-21 08:20:35,2026-05-22,2,乒乓球厅-13号,12:55-13:50,0,1,可预约,￥0.0,多云,17,14,4,0.0,85,29
2026-05-21 08:25:32,2026-05-22,2,乒乓球厅-13号,12:55-13:50,1,1,已售/已满,已售,多云,17,14,4,0.0,85,28
2026-05-21 08:30:42,2026-05-22,2,乒乓球厅-13号,12:55-13:50,1,1,已售/已满,已售,多云,18,15,4,0.0,84,28
2026-05-21 08:35:31,2026-05-22,2,乒乓球厅-13号,12:55-13:50,1,1,已售/已满,已售,多云,18,15,4,0.0,84,28
2026-05-21 08:40:38,2026-05-22,2,乒乓球厅-13号,12:55-13:50,1,1,已售/已满,已售,多云,18,15,4,0.0,82,28
2026-05-21 08:45:33,2026-05-22,2,乒乓球厅-13号,12:55-13:50,1,1,已售/已满,已售,多云,18,15,4,0.0,82,28
2026-05-21 08:50:36,2026-05-22,2,乒乓球厅-13号,12:55-13:50,1,1,已售/已满,已售,多云,18,15,4,0.0,82,28
2026-05-21 08:55:34,2026-05-22,2,乒乓球厅-13号,12:55-13:50,1,1,已售/已满,已售,多云,18,15,4,0.0,84,28
2026-05-21 09:00:51,2026-05-22,2,乒乓球厅-13号,12:55-13:50,1,1,已售/已满,已售,多云,18,15,4,0.0,84,28
2026-05-21 09:01:59,2026-05-22,2,乒乓球厅-13号,12:55-13:50,1,1,已售/已满,已售,多云,18,15,4,0.0,83,28
2026-05-21 09:05:33,2026-05-22,2,乒乓球厅-13号,12:55-13:50,1,1,已售/已满,已售,多云,18,15,4,0.0,83,28
2026-05-21 09:20:38,2026-05-22,2,乒乓球厅-13号,12:55-13:50,1,1,已售/已满,已售,多云,18,16,3,0.0,81,28
2026-05-21 09:30:46,2026-05-22,2,乒乓球厅-13号,12:55-13:50,1,1,已售/已满,已售,多云,18,16,3,0.0,81,32
2026-05-21 09:40:36,2026-05-22,2,乒乓球厅-13号,12:55-13:50,1,1,已售/已满,已售,多云,19,17,3,0.0,79,32
2026-05-21 09:50:42,2026-05-22,2,乒乓球厅-13号,12:55-13:50,1,1,已售/已满,已售,多云,19,17,4,0.0,81,32
2026-05-21 10:00:46,2026-05-22,2,乒乓球厅-13号,12:55-13:50,1,1,已售/已满,已售,多云,19,17,4,0.0,79,32
2026-05-21 10:10:40,2026-05-22,2,乒乓球厅-13号,12:55-13:50,1,1,已售/已满,已售,多云,19,17,4,0.0,79,32
2026-05-21 10:20:38,2026-05-22,2,乒乓球厅-13号,12:55-13:50,1,1,已售/已满,已售,多云,19,17,4,0.0,79,32
2026-05-21 10:30:41,2026-05-22,2,乒乓球厅-13号,12:55-13:50,1,1,已售/已满,已售,多云,19,18,3,0.0,78,31
2026-05-21 11:00:44,2026-05-22,2,乒乓球厅-13号,12:55-13:50,1,1,已售/已满,已售,多云,21,17,5,0.0,74,31
2026-05-21 11:30:38,2026-05-22,2,乒乓球厅-13号,12:55-13:50,1,1,已售/已满,已售,多云,21,19,3,0.0,72,33
2026-05-21 12:00:46,2026-05-22,2,乒乓球厅-13号,12:55-13:50,1,1,已售/已满,已售,多云,22,19,4,0.0,70,33
2026-05-21 12:30:42,2026-05-22,2,乒乓球厅-13号,12:55-13:50,1,1,已售/已满,已售,多云,22,21,3,0.0,68,35
2026-05-21 13:00:43,2026-05-22,2,乒乓球厅-13号,12:55-13:50,1,1,已售/已满,已售,多云,24,22,4,0.0,66,35
2026-05-21 13:30:43,2026-05-22,2,乒乓球厅-13号,12:55-13:50,1,1,已售/已满,已售,多云,24,22,4,0.0,66,36
2026-05-21 14:00:48,2026-05-22,2,乒乓球厅-13号,12:55-13:50,1,1,已售/已满,已售,多云,25,23,4,0.0,66,36
2026-05-21 14:30:45,2026-05-22,2,乒乓球厅-13号,12:55-13:50,1,1,已售/已满,已售,晴,25,25,3,0.0,65,39
2026-05-21 15:00:45,2026-05-22,2,乒乓球厅-13号,12:55-13:50,1,1,已售/已满,已售,晴,25,22,4,0.0,56,39
2026-05-21 15:30:43,2026-05-22,2,乒乓球厅-13号,12:55-13:50,1,1,已售/已满,已售,晴,25,23,4,0.0,57,40
2026-05-21 16:00:51,2026-05-22,2,乒乓球厅-13号,12:55-13:50,1,1,已售/已满,已售,晴,25,23,4,0.0,57,40
2026-05-21 16:30:48,2026-05-22,2,乒乓球厅-13号,12:55-13:50,1,1,已售/已满,已售,晴,25,24,3,0.0,60,39
2026-05-21 17:00:49,2026-05-22,2,乒乓球厅-13号,12:55-13:50,1,1,已售/已满,已售,晴,25,24,4,0.0,61,39
2026-05-21 17:30:47,2026-05-22,2,乒乓球厅-13号,12:55-13:50,1,1,已售/已满,已售,多云,24,23,3,0.0,64,39
2026-05-21 18:00:50,2026-05-22,2,乒乓球厅-13号,12:55-13:50,1,1,已售/已满,已售,多云,24,23,3,0.0,68,39
2026-05-21 18:30:50,2026-05-22,2,乒乓球厅-13号,12:55-13:50,1,1,已售/已满,已售,阴,24,25,2,0.0,68,40
2026-05-21 19:00:50,2026-05-22,2,乒乓球厅-13号,12:55-13:50,1,1,已售/已满,已售,阴,23,23,3,0.0,76,40
2026-05-21 19:30:46,2026-05-22,2,乒乓球厅-13号,12:55-13:50,1,1,已售/已满,已售,阴,23,24,2,0.0,77,39
2026-05-21 20:00:49,2026-05-22,2,乒乓球厅-13号,12:55-13:50,1,1,已售/已满,已售,雾,22,23,2,0.0,89,39
2026-05-21 20:30:44,2026-05-22,2,乒乓球厅-13号,12:55-13:50,1,1,已售/已满,已售,雾,22,24,2,0.0,93,43
2026-05-21 21:00:56,2026-05-22,2,乒乓球厅-13号,12:55-13:50,1,1,已售/已满,已售,雾,20,21,2,0.0,98,43
2026-05-21 21:30:46,2026-05-22,2,乒乓球厅-13号,12:55-13:50,1,1,已售/已满,已售,雾,20,22,1,0.0,99,41
2026-05-21 22:01:02,2026-05-22,2,乒乓球厅-13号,12:55-13:50,1,1,已售/已满,已售,雾,19,20,2,0.0,93,41
2026-05-21 22:30:47,2026-05-22,2,乒乓球厅-13号,12:55-13:50,1,1,已售/已满,已售,雾,19,19,3,0.0,88,46
2026-05-21 23:00:56,2026-05-22,2,乒乓球厅-13号,12:55-13:50,1,1,已售/已满,已售,多云,18,17,3,0.0,85,46
2026-05-21 23:30:55,2026-05-22,2,乒乓球厅-13号,12:55-13:50,1,1,已售/已满,已售,多云,18,17,3,0.0,85,48
2026-05-21 08:00:45,2026-05-22,2,乒乓球厅-13号,14:00-15:00,1,1,已售/已满,教学时间,晴,17,12,5,0.0,86,29
2026-05-21 08:02:30,2026-05-22,2,乒乓球厅-13号,14:00-15:00,1,1,已售/已满,教学时间,多云,17,12,5,0.0,87,29
2026-05-21 08:05:36,2026-05-22,2,乒乓球厅-13号,14:00-15:00,1,1,已售/已满,教学时间,多云,17,12,5,0.0,86,29
2026-05-21 08:08:31,2026-05-22,2,乒乓球厅-13号,14:00-15:00,1,1,已售/已满,教学时间,多云,17,12,5,0.0,86,29
2026-05-21 08:11:30,2026-05-22,2,乒乓球厅-13号,14:00-15:00,1,1,已售/已满,教学时间,多云,17,12,5,0.0,86,29
2026-05-21 08:14:31,2026-05-22,2,乒乓球厅-13号,14:00-15:00,1,1,已售/已满,教学时间,多云,17,12,5,0.0,86,29
2026-05-21 08:17:30,2026-05-22,2,乒乓球厅-13号,14:00-15:00,1,1,已售/已满,教学时间,多云,17,12,5,0.0,86,29
2026-05-21 08:20:35,2026-05-22,2,乒乓球厅-13号,14:00-15:00,1,1,已售/已满,教学时间,多云,17,14,4,0.0,85,29
2026-05-21 08:25:32,2026-05-22,2,乒乓球厅-13号,14:00-15:00,1,1,已售/已满,教学时间,多云,17,14,4,0.0,85,28
2026-05-21 08:30:42,2026-05-22,2,乒乓球厅-13号,14:00-15:00,1,1,已售/已满,教学时间,多云,18,15,4,0.0,84,28
2026-05-21 08:35:31,2026-05-22,2,乒乓球厅-13号,14:00-15:00,1,1,已售/已满,教学时间,多云,18,15,4,0.0,84,28
2026-05-21 08:40:38,2026-05-22,2,乒乓球厅-13号,14:00-15:00,1,1,已售/已满,教学时间,多云,18,15,4,0.0,82,28
2026-05-21 08:45:33,2026-05-22,2,乒乓球厅-13号,14:00-15:00,1,1,已售/已满,教学时间,多云,18,15,4,0.0,82,28
2026-05-21 08:50:36,2026-05-22,2,乒乓球厅-13号,14:00-15:00,1,1,已售/已满,教学时间,多云,18,15,4,0.0,82,28
2026-05-21 08:55:34,2026-05-22,2,乒乓球厅-13号,14:00-15:00,1,1,已售/已满,教学时间,多云,18,15,4,0.0,84,28
2026-05-21 09:00:51,2026-05-22,2,乒乓球厅-13号,14:00-15:00,1,1,已售/已满,教学时间,多云,18,15,4,0.0,84,28
2026-05-21 09:01:59,2026-05-22,2,乒乓球厅-13号,14:00-15:00,1,1,已售/已满,教学时间,多云,18,15,4,0.0,83,28
2026-05-21 09:05:33,2026-05-22,2,乒乓球厅-13号,14:00-15:00,1,1,已售/已满,教学时间,多云,18,15,4,0.0,83,28
2026-05-21 09:20:38,2026-05-22,2,乒乓球厅-13号,14:00-15:00,1,1,已售/已满,教学时间,多云,18,16,3,0.0,81,28
2026-05-21 09:30:46,2026-05-22,2,乒乓球厅-13号,14:00-15:00,1,1,已售/已满,教学时间,多云,18,16,3,0.0,81,32
2026-05-21 09:40:36,2026-05-22,2,乒乓球厅-13号,14:00-15:00,1,1,已售/已满,教学时间,多云,19,17,3,0.0,79,32
2026-05-21 09:50:42,2026-05-22,2,乒乓球厅-13号,14:00-15:00,1,1,已售/已满,教学时间,多云,19,17,4,0.0,81,32
2026-05-21 10:00:46,2026-05-22,2,乒乓球厅-13号,14:00-15:00,1,1,已售/已满,教学时间,多云,19,17,4,0.0,79,32
2026-05-21 10:10:40,2026-05-22,2,乒乓球厅-13号,14:00-15:00,1,1,已售/已满,教学时间,多云,19,17,4,0.0,79,32
2026-05-21 10:20:38,2026-05-22,2,乒乓球厅-13号,14:00-15:00,1,1,已售/已满,教学时间,多云,19,17,4,0.0,79,32
2026-05-21 10:30:41,2026-05-22,2,乒乓球厅-13号,14:00-15:00,1,1,已售/已满,教学时间,多云,19,18,3,0.0,78,31
2026-05-21 11:00:44,2026-05-22,2,乒乓球厅-13号,14:00-15:00,1,1,已售/已满,教学时间,多云,21,17,5,0.0,74,31
2026-05-21 11:30:38,2026-05-22,2,乒乓球厅-13号,14:00-15:00,1,1,已售/已满,教学时间,多云,21,19,3,0.0,72,33
2026-05-21 12:00:46,2026-05-22,2,乒乓球厅-13号,14:00-15:00,1,1,已售/已满,教学时间,多云,22,19,4,0.0,70,33
2026-05-21 12:30:42,2026-05-22,2,乒乓球厅-13号,14:00-15:00,1,1,已售/已满,教学时间,多云,22,21,3,0.0,68,35
2026-05-21 13:00:43,2026-05-22,2,乒乓球厅-13号,14:00-15:00,1,1,已售/已满,教学时间,多云,24,22,4,0.0,66,35
2026-05-21 13:30:43,2026-05-22,2,乒乓球厅-13号,14:00-15:00,1,1,已售/已满,教学时间,多云,24,22,4,0.0,66,36
2026-05-21 14:00:48,2026-05-22,2,乒乓球厅-13号,14:00-15:00,1,1,已售/已满,教学时间,多云,25,23,4,0.0,66,36
2026-05-21 14:30:45,2026-05-22,2,乒乓球厅-13号,14:00-15:00,1,1,已售/已满,教学时间,晴,25,25,3,0.0,65,39
2026-05-21 15:00:45,2026-05-22,2,乒乓球厅-13号,14:00-15:00,1,1,已售/已满,教学时间,晴,25,22,4,0.0,56,39
2026-05-21 15:30:43,2026-05-22,2,乒乓球厅-13号,14:00-15:00,1,1,已售/已满,教学时间,晴,25,23,4,0.0,57,40
2026-05-21 16:00:51,2026-05-22,2,乒乓球厅-13号,14:00-15:00,1,1,已售/已满,教学时间,晴,25,23,4,0.0,57,40
2026-05-21 16:30:48,2026-05-22,2,乒乓球厅-13号,14:00-15:00,1,1,已售/已满,教学时间,晴,25,24,3,0.0,60,39
2026-05-21 17:00:49,2026-05-22,2,乒乓球厅-13号,14:00-15:00,1,1,已售/已满,教学时间,晴,25,24,4,0.0,61,39
2026-05-21 17:30:47,2026-05-22,2,乒乓球厅-13号,14:00-15:00,1,1,已售/已满,教学时间,多云,24,23,3,0.0,64,39
2026-05-21 18:00:50,2026-05-22,2,乒乓球厅-13号,14:00-15:00,1,1,已售/已满,教学时间,多云,24,23,3,0.0,68,39
2026-05-21 18:30:50,2026-05-22,2,乒乓球厅-13号,14:00-15:00,1,1,已售/已满,教学时间,阴,24,25,2,0.0,68,40
2026-05-21 19:00:50,2026-05-22,2,乒乓球厅-13号,14:00-15:00,1,1,已售/已满,教学时间,阴,23,23,3,0.0,76,40
2026-05-21 19:30:46,2026-05-22,2,乒乓球厅-13号,14:00-15:00,1,1,已售/已满,教学时间,阴,23,24,2,0.0,77,39
2026-05-21 20:00:49,2026-05-22,2,乒乓球厅-13号,14:00-15:00,1,1,已售/已满,教学时间,雾,22,23,2,0.0,89,39
2026-05-21 20:30:44,2026-05-22,2,乒乓球厅-13号,14:00-15:00,1,1,已售/已满,教学时间,雾,22,24,2,0.0,93,43
2026-05-21 21:00:56,2026-05-22,2,乒乓球厅-13号,14:00-15:00,1,1,已售/已满,教学时间,雾,20,21,2,0.0,98,43
2026-05-21 21:30:46,2026-05-22,2,乒乓球厅-13号,14:00-15:00,1,1,已售/已满,教学时间,雾,20,22,1,0.0,99,41
2026-05-21 22:01:02,2026-05-22,2,乒乓球厅-13号,14:00-15:00,1,1,已售/已满,教学时间,雾,19,20,2,0.0,93,41
2026-05-21 22:30:47,2026-05-22,2,乒乓球厅-13号,14:00-15:00,1,1,已售/已满,教学时间,雾,19,19,3,0.0,88,46
2026-05-21 23:00:56,2026-05-22,2,乒乓球厅-13号,14:00-15:00,1,1,已售/已满,教学时间,多云,18,17,3,0.0,85,46
2026-05-21 23:30:55,2026-05-22,2,乒乓球厅-13号,14:00-15:00,1,1,已售/已满,教学时间,多云,18,17,3,0.0,85,48
2026-05-21 08:00:45,2026-05-22,2,乒乓球厅-13号,15:00-16:00,1,1,已售/已满,教学时间,晴,17,12,5,0.0,86,29
2026-05-21 08:02:30,2026-05-22,2,乒乓球厅-13号,15:00-16:00,1,1,已售/已满,教学时间,多云,17,12,5,0.0,87,29
2026-05-21 08:05:36,2026-05-22,2,乒乓球厅-13号,15:00-16:00,1,1,已售/已满,教学时间,多云,17,12,5,0.0,86,29
2026-05-21 08:08:31,2026-05-22,2,乒乓球厅-13号,15:00-16:00,1,1,已售/已满,教学时间,多云,17,12,5,0.0,86,29
2026-05-21 08:11:30,2026-05-22,2,乒乓球厅-13号,15:00-16:00,1,1,已售/已满,教学时间,多云,17,12,5,0.0,86,29
2026-05-21 08:14:31,2026-05-22,2,乒乓球厅-13号,15:00-16:00,1,1,已售/已满,教学时间,多云,17,12,5,0.0,86,29
2026-05-21 08:17:30,2026-05-22,2,乒乓球厅-13号,15:00-16:00,1,1,已售/已满,教学时间,多云,17,12,5,0.0,86,29
2026-05-21 08:20:35,2026-05-22,2,乒乓球厅-13号,15:00-16:00,1,1,已售/已满,教学时间,多云,17,14,4,0.0,85,29
2026-05-21 08:25:32,2026-05-22,2,乒乓球厅-13号,15:00-16:00,1,1,已售/已满,教学时间,多云,17,14,4,0.0,85,28
2026-05-21 08:30:42,2026-05-22,2,乒乓球厅-13号,15:00-16:00,1,1,已售/已满,教学时间,多云,18,15,4,0.0,84,28
2026-05-21 08:35:31,2026-05-22,2,乒乓球厅-13号,15:00-16:00,1,1,已售/已满,教学时间,多云,18,15,4,0.0,84,28
2026-05-21 08:40:38,2026-05-22,2,乒乓球厅-13号,15:00-16:00,1,1,已售/已满,教学时间,多云,18,15,4,0.0,82,28
2026-05-21 08:45:33,2026-05-22,2,乒乓球厅-13号,15:00-16:00,1,1,已售/已满,教学时间,多云,18,15,4,0.0,82,28
2026-05-21 08:50:36,2026-05-22,2,乒乓球厅-13号,15:00-16:00,1,1,已售/已满,教学时间,多云,18,15,4,0.0,82,28
2026-05-21 08:55:34,2026-05-22,2,乒乓球厅-13号,15:00-16:00,1,1,已售/已满,教学时间,多云,18,15,4,0.0,84,28
2026-05-21 09:00:51,2026-05-22,2,乒乓球厅-13号,15:00-16:00,1,1,已售/已满,教学时间,多云,18,15,4,0.0,84,28
2026-05-21 09:01:59,2026-05-22,2,乒乓球厅-13号,15:00-16:00,1,1,已售/已满,教学时间,多云,18,15,4,0.0,83,28
2026-05-21 09:05:33,2026-05-22,2,乒乓球厅-13号,15:00-16:00,1,1,已售/已满,教学时间,多云,18,15,4,0.0,83,28
2026-05-21 09:20:38,2026-05-22,2,乒乓球厅-13号,15:00-16:00,1,1,已售/已满,教学时间,多云,18,16,3,0.0,81,28
2026-05-21 09:30:46,2026-05-22,2,乒乓球厅-13号,15:00-16:00,1,1,已售/已满,教学时间,多云,18,16,3,0.0,81,32
2026-05-21 09:40:36,2026-05-22,2,乒乓球厅-13号,15:00-16:00,1,1,已售/已满,教学时间,多云,19,17,3,0.0,79,32
2026-05-21 09:50:42,2026-05-22,2,乒乓球厅-13号,15:00-16:00,1,1,已售/已满,教学时间,多云,19,17,4,0.0,81,32
2026-05-21 10:00:46,2026-05-22,2,乒乓球厅-13号,15:00-16:00,1,1,已售/已满,教学时间,多云,19,17,4,0.0,79,32
2026-05-21 10:10:40,2026-05-22,2,乒乓球厅-13号,15:00-16:00,1,1,已售/已满,教学时间,多云,19,17,4,0.0,79,32
2026-05-21 10:20:38,2026-05-22,2,乒乓球厅-13号,15:00-16:00,1,1,已售/已满,教学时间,多云,19,17,4,0.0,79,32
2026-05-21 10:30:41,2026-05-22,2,乒乓球厅-13号,15:00-16:00,1,1,已售/已满,教学时间,多云,19,18,3,0.0,78,31
2026-05-21 11:00:44,2026-05-22,2,乒乓球厅-13号,15:00-16:00,1,1,已售/已满,教学时间,多云,21,17,5,0.0,74,31
2026-05-21 11:30:38,2026-05-22,2,乒乓球厅-13号,15:00-16:00,1,1,已售/已满,教学时间,多云,21,19,3,0.0,72,33
2026-05-21 12:00:46,2026-05-22,2,乒乓球厅-13号,15:00-16:00,1,1,已售/已满,教学时间,多云,22,19,4,0.0,70,33
2026-05-21 12:30:42,2026-05-22,2,乒乓球厅-13号,15:00-16:00,1,1,已售/已满,教学时间,多云,22,21,3,0.0,68,35
2026-05-21 13:00:43,2026-05-22,2,乒乓球厅-13号,15:00-16:00,1,1,已售/已满,教学时间,多云,24,22,4,0.0,66,35
2026-05-21 13:30:43,2026-05-22,2,乒乓球厅-13号,15:00-16:00,1,1,已售/已满,教学时间,多云,24,22,4,0.0,66,36
2026-05-21 14:00:48,2026-05-22,2,乒乓球厅-13号,15:00-16:00,1,1,已售/已满,教学时间,多云,25,23,4,0.0,66,36
2026-05-21 14:30:45,2026-05-22,2,乒乓球厅-13号,15:00-16:00,1,1,已售/已满,教学时间,晴,25,25,3,0.0,65,39
2026-05-21 15:00:45,2026-05-22,2,乒乓球厅-13号,15:00-16:00,1,1,已售/已满,教学时间,晴,25,22,4,0.0,56,39
2026-05-21 15:30:43,2026-05-22,2,乒乓球厅-13号,15:00-16:00,1,1,已售/已满,教学时间,晴,25,23,4,0.0,57,40
2026-05-21 16:00:51,2026-05-22,2,乒乓球厅-13号,15:00-16:00,1,1,已售/已满,教学时间,晴,25,23,4,0.0,57,40
2026-05-21 16:30:48,2026-05-22,2,乒乓球厅-13号,15:00-16:00,1,1,已售/已满,教学时间,晴,25,24,3,0.0,60,39
2026-05-21 17:00:49,2026-05-22,2,乒乓球厅-13号,15:00-16:00,1,1,已售/已满,教学时间,晴,25,24,4,0.0,61,39
2026-05-21 17:30:47,2026-05-22,2,乒乓球厅-13号,15:00-16:00,1,1,已售/已满,教学时间,多云,24,23,3,0.0,64,39
2026-05-21 18:00:50,2026-05-22,2,乒乓球厅-13号,15:00-16:00,1,1,已售/已满,教学时间,多云,24,23,3,0.0,68,39
2026-05-21 18:30:50,2026-05-22,2,乒乓球厅-13号,15:00-16:00,1,1,已售/已满,教学时间,阴,24,25,2,0.0,68,40
2026-05-21 19:00:50,2026-05-22,2,乒乓球厅-13号,15:00-16:00,1,1,已售/已满,教学时间,阴,23,23,3,0.0,76,40
2026-05-21 19:30:46,2026-05-22,2,乒乓球厅-13号,15:00-16:00,1,1,已售/已满,教学时间,阴,23,24,2,0.0,77,39
2026-05-21 20:00:49,2026-05-22,2,乒乓球厅-13号,15:00-16:00,1,1,已售/已满,教学时间,雾,22,23,2,0.0,89,39
2026-05-21 20:30:44,2026-05-22,2,乒乓球厅-13号,15:00-16:00,1,1,已售/已满,教学时间,雾,22,24,2,0.0,93,43
2026-05-21 21:00:56,2026-05-22,2,乒乓球厅-13号,15:00-16:00,1,1,已售/已满,教学时间,雾,20,21,2,0.0,98,43
2026-05-21 21:30:46,2026-05-22,2,乒乓球厅-13号,15:00-16:00,1,1,已售/已满,教学时间,雾,20,22,1,0.0,99,41
2026-05-21 22:01:02,2026-05-22,2,乒乓球厅-13号,15:00-16:00,1,1,已售/已满,教学时间,雾,19,20,2,0.0,93,41
2026-05-21 22:30:47,2026-05-22,2,乒乓球厅-13号,15:00-16:00,1,1,已售/已满,教学时间,雾,19,19,3,0.0,88,46
2026-05-21 23:00:56,2026-05-22,2,乒乓球厅-13号,15:00-16:00,1,1,已售/已满,教学时间,多云,18,17,3,0.0,85,46
2026-05-21 23:30:55,2026-05-22,2,乒乓球厅-13号,15:00-16:00,1,1,已售/已满,教学时间,多云,18,17,3,0.0,85,48
2026-05-21 08:00:45,2026-05-22,2,乒乓球厅-13号,16:00-17:00,0,1,可预约,￥5.0,晴,17,12,5,0.0,86,29
2026-05-21 08:02:30,2026-05-22,2,乒乓球厅-13号,16:00-17:00,0,1,可预约,￥5.0,多云,17,12,5,0.0,87,29
2026-05-21 08:05:36,2026-05-22,2,乒乓球厅-13号,16:00-17:00,0,1,可预约,￥5.0,多云,17,12,5,0.0,86,29
2026-05-21 08:08:31,2026-05-22,2,乒乓球厅-13号,16:00-17:00,0,1,可预约,￥5.0,多云,17,12,5,0.0,86,29
2026-05-21 08:11:30,2026-05-22,2,乒乓球厅-13号,16:00-17:00,0,1,可预约,￥5.0,多云,17,12,5,0.0,86,29
2026-05-21 08:14:31,2026-05-22,2,乒乓球厅-13号,16:00-17:00,0,1,可预约,￥5.0,多云,17,12,5,0.0,86,29
2026-05-21 08:17:30,2026-05-22,2,乒乓球厅-13号,16:00-17:00,0,1,可预约,￥5.0,多云,17,12,5,0.0,86,29
2026-05-21 08:20:35,2026-05-22,2,乒乓球厅-13号,16:00-17:00,0,1,可预约,￥5.0,多云,17,14,4,0.0,85,29
2026-05-21 08:25:32,2026-05-22,2,乒乓球厅-13号,16:00-17:00,0,1,可预约,￥5.0,多云,17,14,4,0.0,85,28
2026-05-21 08:30:42,2026-05-22,2,乒乓球厅-13号,16:00-17:00,0,1,可预约,￥5.0,多云,18,15,4,0.0,84,28
2026-05-21 08:35:31,2026-05-22,2,乒乓球厅-13号,16:00-17:00,0,1,可预约,￥5.0,多云,18,15,4,0.0,84,28
2026-05-21 08:40:38,2026-05-22,2,乒乓球厅-13号,16:00-17:00,0,1,可预约,￥5.0,多云,18,15,4,0.0,82,28
2026-05-21 08:45:33,2026-05-22,2,乒乓球厅-13号,16:00-17:00,0,1,可预约,￥5.0,多云,18,15,4,0.0,82,28
2026-05-21 08:50:36,2026-05-22,2,乒乓球厅-13号,16:00-17:00,0,1,可预约,￥5.0,多云,18,15,4,0.0,82,28
2026-05-21 08:55:34,2026-05-22,2,乒乓球厅-13号,16:00-17:00,0,1,可预约,￥5.0,多云,18,15,4,0.0,84,28
2026-05-21 09:00:51,2026-05-22,2,乒乓球厅-13号,16:00-17:00,0,1,可预约,￥5.0,多云,18,15,4,0.0,84,28
2026-05-21 09:01:59,2026-05-22,2,乒乓球厅-13号,16:00-17:00,0,1,可预约,￥5.0,多云,18,15,4,0.0,83,28
2026-05-21 09:05:33,2026-05-22,2,乒乓球厅-13号,16:00-17:00,0,1,可预约,￥5.0,多云,18,15,4,0.0,83,28
2026-05-21 09:20:38,2026-05-22,2,乒乓球厅-13号,16:00-17:00,0,1,可预约,￥5.0,多云,18,16,3,0.0,81,28
2026-05-21 09:30:46,2026-05-22,2,乒乓球厅-13号,16:00-17:00,0,1,可预约,￥5.0,多云,18,16,3,0.0,81,32
2026-05-21 09:40:36,2026-05-22,2,乒乓球厅-13号,16:00-17:00,0,1,可预约,￥5.0,多云,19,17,3,0.0,79,32
2026-05-21 09:50:42,2026-05-22,2,乒乓球厅-13号,16:00-17:00,0,1,可预约,￥5.0,多云,19,17,4,0.0,81,32
2026-05-21 10:00:46,2026-05-22,2,乒乓球厅-13号,16:00-17:00,0,1,可预约,￥5.0,多云,19,17,4,0.0,79,32
2026-05-21 10:10:40,2026-05-22,2,乒乓球厅-13号,16:00-17:00,0,1,可预约,￥5.0,多云,19,17,4,0.0,79,32
2026-05-21 10:20:38,2026-05-22,2,乒乓球厅-13号,16:00-17:00,0,1,可预约,￥5.0,多云,19,17,4,0.0,79,32
2026-05-21 10:30:41,2026-05-22,2,乒乓球厅-13号,16:00-17:00,0,1,可预约,￥5.0,多云,19,18,3,0.0,78,31
2026-05-21 11:00:44,2026-05-22,2,乒乓球厅-13号,16:00-17:00,0,1,可预约,￥5.0,多云,21,17,5,0.0,74,31
2026-05-21 11:30:38,2026-05-22,2,乒乓球厅-13号,16:00-17:00,0,1,可预约,￥5.0,多云,21,19,3,0.0,72,33
2026-05-21 12:00:46,2026-05-22,2,乒乓球厅-13号,16:00-17:00,0,1,可预约,￥5.0,多云,22,19,4,0.0,70,33
2026-05-21 12:30:42,2026-05-22,2,乒乓球厅-13号,16:00-17:00,0,1,可预约,￥5.0,多云,22,21,3,0.0,68,35
2026-05-21 13:00:43,2026-05-22,2,乒乓球厅-13号,16:00-17:00,0,1,可预约,￥5.0,多云,24,22,4,0.0,66,35
2026-05-21 13:30:43,2026-05-22,2,乒乓球厅-13号,16:00-17:00,0,1,可预约,￥5.0,多云,24,22,4,0.0,66,36
2026-05-21 14:00:48,2026-05-22,2,乒乓球厅-13号,16:00-17:00,0,1,可预约,￥5.0,多云,25,23,4,0.0,66,36
2026-05-21 14:30:45,2026-05-22,2,乒乓球厅-13号,16:00-17:00,0,1,可预约,￥5.0,晴,25,25,3,0.0,65,39
2026-05-21 15:00:45,2026-05-22,2,乒乓球厅-13号,16:00-17:00,0,1,可预约,￥5.0,晴,25,22,4,0.0,56,39
2026-05-21 15:30:43,2026-05-22,2,乒乓球厅-13号,16:00-17:00,0,1,可预约,￥5.0,晴,25,23,4,0.0,57,40
2026-05-21 16:00:51,2026-05-22,2,乒乓球厅-13号,16:00-17:00,0,1,可预约,￥5.0,晴,25,23,4,0.0,57,40
2026-05-21 16:30:48,2026-05-22,2,乒乓球厅-13号,16:00-17:00,0,1,可预约,￥5.0,晴,25,24,3,0.0,60,39
2026-05-21 17:00:49,2026-05-22,2,乒乓球厅-13号,16:00-17:00,0,1,可预约,￥5.0,晴,25,24,4,0.0,61,39
2026-05-21 17:30:47,2026-05-22,2,乒乓球厅-13号,16:00-17:00,0,1,可预约,￥5.0,多云,24,23,3,0.0,64,39
2026-05-21 18:00:50,2026-05-22,2,乒乓球厅-13号,16:00-17:00,0,1,可预约,￥5.0,多云,24,23,3,0.0,68,39
2026-05-21 18:30:50,2026-05-22,2,乒乓球厅-13号,16:00-17:00,0,1,可预约,￥5.0,阴,24,25,2,0.0,68,40
2026-05-21 19:00:50,2026-05-22,2,乒乓球厅-13号,16:00-17:00,0,1,可预约,￥5.0,阴,23,23,3,0.0,76,40
2026-05-21 19:30:46,2026-05-22,2,乒乓球厅-13号,16:00-17:00,0,1,可预约,￥5.0,阴,23,24,2,0.0,77,39
2026-05-21 20:00:49,2026-05-22,2,乒乓球厅-13号,16:00-17:00,0,1,可预约,￥5.0,雾,22,23,2,0.0,89,39
2026-05-21 20:30:44,2026-05-22,2,乒乓球厅-13号,16:00-17:00,0,1,可预约,￥5.0,雾,22,24,2,0.0,93,43
2026-05-21 21:00:56,2026-05-22,2,乒乓球厅-13号,16:00-17:00,0,1,可预约,￥5.0,雾,20,21,2,0.0,98,43
2026-05-21 21:30:46,2026-05-22,2,乒乓球厅-13号,16:00-17:00,0,1,可预约,￥5.0,雾,20,22,1,0.0,99,41
2026-05-21 22:01:02,2026-05-22,2,乒乓球厅-13号,16:00-17:00,0,1,可预约,￥5.0,雾,19,20,2,0.0,93,41
2026-05-21 22:30:47,2026-05-22,2,乒乓球厅-13号,16:00-17:00,0,1,可预约,￥5.0,雾,19,19,3,0.0,88,46
2026-05-21 23:00:56,2026-05-22,2,乒乓球厅-13号,16:00-17:00,0,1,可预约,￥5.0,多云,18,17,3,0.0,85,46
2026-05-21 23:30:55,2026-05-22,2,乒乓球厅-13号,16:00-17:00,0,1,可预约,￥5.0,多云,18,17,3,0.0,85,48
2026-05-21 08:00:45,2026-05-22,2,乒乓球厅-13号,17:00-18:00,0,1,可预约,￥5.0,晴,17,12,5,0.0,86,29
2026-05-21 08:02:30,2026-05-22,2,乒乓球厅-13号,17:00-18:00,0,1,可预约,￥5.0,多云,17,12,5,0.0,87,29
2026-05-21 08:05:36,2026-05-22,2,乒乓球厅-13号,17:00-18:00,0,1,可预约,￥5.0,多云,17,12,5,0.0,86,29
2026-05-21 08:08:31,2026-05-22,2,乒乓球厅-13号,17:00-18:00,0,1,可预约,￥5.0,多云,17,12,5,0.0,86,29
2026-05-21 08:11:30,2026-05-22,2,乒乓球厅-13号,17:00-18:00,0,1,可预约,￥5.0,多云,17,12,5,0.0,86,29
2026-05-21 08:14:31,2026-05-22,2,乒乓球厅-13号,17:00-18:00,0,1,可预约,￥5.0,多云,17,12,5,0.0,86,29
2026-05-21 08:17:30,2026-05-22,2,乒乓球厅-13号,17:00-18:00,0,1,可预约,￥5.0,多云,17,12,5,0.0,86,29
2026-05-21 08:20:35,2026-05-22,2,乒乓球厅-13号,17:00-18:00,0,1,可预约,￥5.0,多云,17,14,4,0.0,85,29
2026-05-21 08:25:32,2026-05-22,2,乒乓球厅-13号,17:00-18:00,0,1,可预约,￥5.0,多云,17,14,4,0.0,85,28
2026-05-21 08:30:42,2026-05-22,2,乒乓球厅-13号,17:00-18:00,0,1,可预约,￥5.0,多云,18,15,4,0.0,84,28
2026-05-21 08:35:31,2026-05-22,2,乒乓球厅-13号,17:00-18:00,0,1,可预约,￥5.0,多云,18,15,4,0.0,84,28
2026-05-21 08:40:38,2026-05-22,2,乒乓球厅-13号,17:00-18:00,0,1,可预约,￥5.0,多云,18,15,4,0.0,82,28
2026-05-21 08:45:33,2026-05-22,2,乒乓球厅-13号,17:00-18:00,0,1,可预约,￥5.0,多云,18,15,4,0.0,82,28
2026-05-21 08:50:36,2026-05-22,2,乒乓球厅-13号,17:00-18:00,0,1,可预约,￥5.0,多云,18,15,4,0.0,82,28
2026-05-21 08:55:34,2026-05-22,2,乒乓球厅-13号,17:00-18:00,0,1,可预约,￥5.0,多云,18,15,4,0.0,84,28
2026-05-21 09:00:51,2026-05-22,2,乒乓球厅-13号,17:00-18:00,0,1,可预约,￥5.0,多云,18,15,4,0.0,84,28
2026-05-21 09:01:59,2026-05-22,2,乒乓球厅-13号,17:00-18:00,0,1,可预约,￥5.0,多云,18,15,4,0.0,83,28
2026-05-21 09:05:33,2026-05-22,2,乒乓球厅-13号,17:00-18:00,0,1,可预约,￥5.0,多云,18,15,4,0.0,83,28
2026-05-21 09:20:38,2026-05-22,2,乒乓球厅-13号,17:00-18:00,0,1,可预约,￥5.0,多云,18,16,3,0.0,81,28
2026-05-21 09:30:46,2026-05-22,2,乒乓球厅-13号,17:00-18:00,0,1,可预约,￥5.0,多云,18,16,3,0.0,81,32
2026-05-21 09:40:36,2026-05-22,2,乒乓球厅-13号,17:00-18:00,0,1,可预约,￥5.0,多云,19,17,3,0.0,79,32
2026-05-21 09:50:42,2026-05-22,2,乒乓球厅-13号,17:00-18:00,0,1,可预约,￥5.0,多云,19,17,4,0.0,81,32
2026-05-21 10:00:46,2026-05-22,2,乒乓球厅-13号,17:00-18:00,0,1,可预约,￥5.0,多云,19,17,4,0.0,79,32
2026-05-21 10:10:40,2026-05-22,2,乒乓球厅-13号,17:00-18:00,0,1,可预约,￥5.0,多云,19,17,4,0.0,79,32
2026-05-21 10:20:38,2026-05-22,2,乒乓球厅-13号,17:00-18:00,0,1,可预约,￥5.0,多云,19,17,4,0.0,79,32
2026-05-21 10:30:41,2026-05-22,2,乒乓球厅-13号,17:00-18:00,0,1,可预约,￥5.0,多云,19,18,3,0.0,78,31
2026-05-21 11:00:44,2026-05-22,2,乒乓球厅-13号,17:00-18:00,0,1,可预约,￥5.0,多云,21,17,5,0.0,74,31
2026-05-21 11:30:38,2026-05-22,2,乒乓球厅-13号,17:00-18:00,0,1,可预约,￥5.0,多云,21,19,3,0.0,72,33
2026-05-21 12:00:46,2026-05-22,2,乒乓球厅-13号,17:00-18:00,0,1,可预约,￥5.0,多云,22,19,4,0.0,70,33
2026-05-21 12:30:42,2026-05-22,2,乒乓球厅-13号,17:00-18:00,0,1,可预约,￥5.0,多云,22,21,3,0.0,68,35
2026-05-21 13:00:43,2026-05-22,2,乒乓球厅-13号,17:00-18:00,0,1,可预约,￥5.0,多云,24,22,4,0.0,66,35
2026-05-21 13:30:43,2026-05-22,2,乒乓球厅-13号,17:00-18:00,0,1,可预约,￥5.0,多云,24,22,4,0.0,66,36
2026-05-21 14:00:48,2026-05-22,2,乒乓球厅-13号,17:00-18:00,0,1,可预约,￥5.0,多云,25,23,4,0.0,66,36
2026-05-21 14:30:45,2026-05-22,2,乒乓球厅-13号,17:00-18:00,0,1,可预约,￥5.0,晴,25,25,3,0.0,65,39
2026-05-21 15:00:45,2026-05-22,2,乒乓球厅-13号,17:00-18:00,0,1,可预约,￥5.0,晴,25,22,4,0.0,56,39
2026-05-21 15:30:43,2026-05-22,2,乒乓球厅-13号,17:00-18:00,0,1,可预约,￥5.0,晴,25,23,4,0.0,57,40
2026-05-21 16:00:51,2026-05-22,2,乒乓球厅-13号,17:00-18:00,0,1,可预约,￥5.0,晴,25,23,4,0.0,57,40
2026-05-21 16:30:48,2026-05-22,2,乒乓球厅-13号,17:00-18:00,0,1,可预约,￥5.0,晴,25,24,3,0.0,60,39
2026-05-21 17:00:49,2026-05-22,2,乒乓球厅-13号,17:00-18:00,0,1,可预约,￥5.0,晴,25,24,4,0.0,61,39
2026-05-21 17:30:47,2026-05-22,2,乒乓球厅-13号,17:00-18:00,0,1,可预约,￥5.0,多云,24,23,3,0.0,64,39
2026-05-21 18:00:50,2026-05-22,2,乒乓球厅-13号,17:00-18:00,0,1,可预约,￥5.0,多云,24,23,3,0.0,68,39
2026-05-21 18:30:50,2026-05-22,2,乒乓球厅-13号,17:00-18:00,0,1,可预约,￥5.0,阴,24,25,2,0.0,68,40
2026-05-21 19:00:50,2026-05-22,2,乒乓球厅-13号,17:00-18:00,0,1,可预约,￥5.0,阴,23,23,3,0.0,76,40
2026-05-21 19:30:46,2026-05-22,2,乒乓球厅-13号,17:00-18:00,0,1,可预约,￥5.0,阴,23,24,2,0.0,77,39
2026-05-21 20:00:49,2026-05-22,2,乒乓球厅-13号,17:00-18:00,0,1,可预约,￥5.0,雾,22,23,2,0.0,89,39
2026-05-21 20:30:44,2026-05-22,2,乒乓球厅-13号,17:00-18:00,0,1,可预约,￥5.0,雾,22,24,2,0.0,93,43
2026-05-21 21:00:56,2026-05-22,2,乒乓球厅-13号,17:00-18:00,0,1,可预约,￥5.0,雾,20,21,2,0.0,98,43
2026-05-21 21:30:46,2026-05-22,2,乒乓球厅-13号,17:00-18:00,0,1,可预约,￥5.0,雾,20,22,1,0.0,99,41
2026-05-21 22:01:02,2026-05-22,2,乒乓球厅-13号,17:00-18:00,0,1,可预约,￥5.0,雾,19,20,2,0.0,93,41
2026-05-21 22:30:47,2026-05-22,2,乒乓球厅-13号,17:00-18:00,0,1,可预约,￥5.0,雾,19,19,3,0.0,88,46
2026-05-21 23:00:56,2026-05-22,2,乒乓球厅-13号,17:00-18:00,0,1,可预约,￥5.0,多云,18,17,3,0.0,85,46
2026-05-21 23:30:55,2026-05-22,2,乒乓球厅-13号,17:00-18:00,0,1,可预约,￥5.0,多云,18,17,3,0.0,85,48
2026-05-21 08:00:45,2026-05-22,2,乒乓球厅-13号,18:30-19:30,0,1,可预约,￥5.0,晴,17,12,5,0.0,86,29
2026-05-21 08:02:30,2026-05-22,2,乒乓球厅-13号,18:30-19:30,0,1,可预约,￥5.0,多云,17,12,5,0.0,87,29
2026-05-21 08:05:36,2026-05-22,2,乒乓球厅-13号,18:30-19:30,0,1,可预约,￥5.0,多云,17,12,5,0.0,86,29
2026-05-21 08:08:31,2026-05-22,2,乒乓球厅-13号,18:30-19:30,0,1,可预约,￥5.0,多云,17,12,5,0.0,86,29
2026-05-21 08:11:30,2026-05-22,2,乒乓球厅-13号,18:30-19:30,0,1,可预约,￥5.0,多云,17,12,5,0.0,86,29
2026-05-21 08:14:31,2026-05-22,2,乒乓球厅-13号,18:30-19:30,0,1,可预约,￥5.0,多云,17,12,5,0.0,86,29
2026-05-21 08:17:30,2026-05-22,2,乒乓球厅-13号,18:30-19:30,0,1,可预约,￥5.0,多云,17,12,5,0.0,86,29
2026-05-21 08:20:35,2026-05-22,2,乒乓球厅-13号,18:30-19:30,0,1,可预约,￥5.0,多云,17,14,4,0.0,85,29
2026-05-21 08:25:32,2026-05-22,2,乒乓球厅-13号,18:30-19:30,0,1,可预约,￥5.0,多云,17,14,4,0.0,85,28
2026-05-21 08:30:42,2026-05-22,2,乒乓球厅-13号,18:30-19:30,0,1,可预约,￥5.0,多云,18,15,4,0.0,84,28
2026-05-21 08:35:31,2026-05-22,2,乒乓球厅-13号,18:30-19:30,0,1,可预约,￥5.0,多云,18,15,4,0.0,84,28
2026-05-21 08:40:38,2026-05-22,2,乒乓球厅-13号,18:30-19:30,0,1,可预约,￥5.0,多云,18,15,4,0.0,82,28
2026-05-21 08:45:33,2026-05-22,2,乒乓球厅-13号,18:30-19:30,0,1,可预约,￥5.0,多云,18,15,4,0.0,82,28
2026-05-21 08:50:36,2026-05-22,2,乒乓球厅-13号,18:30-19:30,0,1,可预约,￥5.0,多云,18,15,4,0.0,82,28
2026-05-21 08:55:34,2026-05-22,2,乒乓球厅-13号,18:30-19:30,0,1,可预约,￥5.0,多云,18,15,4,0.0,84,28
2026-05-21 09:00:51,2026-05-22,2,乒乓球厅-13号,18:30-19:30,0,1,可预约,￥5.0,多云,18,15,4,0.0,84,28
2026-05-21 09:01:59,2026-05-22,2,乒乓球厅-13号,18:30-19:30,0,1,可预约,￥5.0,多云,18,15,4,0.0,83,28
2026-05-21 09:05:33,2026-05-22,2,乒乓球厅-13号,18:30-19:30,0,1,可预约,￥5.0,多云,18,15,4,0.0,83,28
2026-05-21 09:20:38,2026-05-22,2,乒乓球厅-13号,18:30-19:30,0,1,可预约,￥5.0,多云,18,16,3,0.0,81,28
2026-05-21 09:30:46,2026-05-22,2,乒乓球厅-13号,18:30-19:30,0,1,可预约,￥5.0,多云,18,16,3,0.0,81,32
2026-05-21 09:40:36,2026-05-22,2,乒乓球厅-13号,18:30-19:30,0,1,可预约,￥5.0,多云,19,17,3,0.0,79,32
2026-05-21 09:50:42,2026-05-22,2,乒乓球厅-13号,18:30-19:30,0,1,可预约,￥5.0,多云,19,17,4,0.0,81,32
2026-05-21 10:00:46,2026-05-22,2,乒乓球厅-13号,18:30-19:30,0,1,可预约,￥5.0,多云,19,17,4,0.0,79,32
2026-05-21 10:10:40,2026-05-22,2,乒乓球厅-13号,18:30-19:30,0,1,可预约,￥5.0,多云,19,17,4,0.0,79,32
2026-05-21 10:20:38,2026-05-22,2,乒乓球厅-13号,18:30-19:30,0,1,可预约,￥5.0,多云,19,17,4,0.0,79,32
2026-05-21 10:30:41,2026-05-22,2,乒乓球厅-13号,18:30-19:30,0,1,可预约,￥5.0,多云,19,18,3,0.0,78,31
2026-05-21 11:00:44,2026-05-22,2,乒乓球厅-13号,18:30-19:30,0,1,可预约,￥5.0,多云,21,17,5,0.0,74,31
2026-05-21 11:30:38,2026-05-22,2,乒乓球厅-13号,18:30-19:30,0,1,可预约,￥5.0,多云,21,19,3,0.0,72,33
2026-05-21 12:00:46,2026-05-22,2,乒乓球厅-13号,18:30-19:30,0,1,可预约,￥5.0,多云,22,19,4,0.0,70,33
2026-05-21 12:30:42,2026-05-22,2,乒乓球厅-13号,18:30-19:30,0,1,可预约,￥5.0,多云,22,21,3,0.0,68,35
2026-05-21 13:00:43,2026-05-22,2,乒乓球厅-13号,18:30-19:30,0,1,可预约,￥5.0,多云,24,22,4,0.0,66,35
2026-05-21 13:30:43,2026-05-22,2,乒乓球厅-13号,18:30-19:30,0,1,可预约,￥5.0,多云,24,22,4,0.0,66,36
2026-05-21 14:00:48,2026-05-22,2,乒乓球厅-13号,18:30-19:30,0,1,可预约,￥5.0,多云,25,23,4,0.0,66,36
2026-05-21 14:30:45,2026-05-22,2,乒乓球厅-13号,18:30-19:30,0,1,可预约,￥5.0,晴,25,25,3,0.0,65,39
2026-05-21 15:00:45,2026-05-22,2,乒乓球厅-13号,18:30-19:30,0,1,可预约,￥5.0,晴,25,22,4,0.0,56,39
2026-05-21 15:30:43,2026-05-22,2,乒乓球厅-13号,18:30-19:30,0,1,可预约,￥5.0,晴,25,23,4,0.0,57,40
2026-05-21 16:00:51,2026-05-22,2,乒乓球厅-13号,18:30-19:30,0,1,可预约,￥5.0,晴,25,23,4,0.0,57,40
2026-05-21 16:30:48,2026-05-22,2,乒乓球厅-13号,18:30-19:30,0,1,可预约,￥5.0,晴,25,24,3,0.0,60,39
2026-05-21 17:00:49,2026-05-22,2,乒乓球厅-13号,18:30-19:30,0,1,可预约,￥5.0,晴,25,24,4,0.0,61,39
2026-05-21 17:30:47,2026-05-22,2,乒乓球厅-13号,18:30-19:30,0,1,可预约,￥5.0,多云,24,23,3,0.0,64,39
2026-05-21 18:00:50,2026-05-22,2,乒乓球厅-13号,18:30-19:30,0,1,可预约,￥5.0,多云,24,23,3,0.0,68,39
2026-05-21 18:30:50,2026-05-22,2,乒乓球厅-13号,18:30-19:30,0,1,可预约,￥5.0,阴,24,25,2,0.0,68,40
2026-05-21 19:00:50,2026-05-22,2,乒乓球厅-13号,18:30-19:30,0,1,可预约,￥5.0,阴,23,23,3,0.0,76,40
2026-05-21 19:30:46,2026-05-22,2,乒乓球厅-13号,18:30-19:30,0,1,可预约,￥5.0,阴,23,24,2,0.0,77,39
2026-05-21 20:00:49,2026-05-22,2,乒乓球厅-13号,18:30-19:30,0,1,可预约,￥5.0,雾,22,23,2,0.0,89,39
2026-05-21 20:30:44,2026-05-22,2,乒乓球厅-13号,18:30-19:30,0,1,可预约,￥5.0,雾,22,24,2,0.0,93,43
2026-05-21 21:00:56,2026-05-22,2,乒乓球厅-13号,18:30-19:30,0,1,可预约,￥5.0,雾,20,21,2,0.0,98,43
2026-05-21 21:30:46,2026-05-22,2,乒乓球厅-13号,18:30-19:30,0,1,可预约,￥5.0,雾,20,22,1,0.0,99,41
2026-05-21 22:01:02,2026-05-22,2,乒乓球厅-13号,18:30-19:30,0,1,可预约,￥5.0,雾,19,20,2,0.0,93,41
2026-05-21 22:30:47,2026-05-22,2,乒乓球厅-13号,18:30-19:30,0,1,可预约,￥5.0,雾,19,19,3,0.0,88,46
2026-05-21 23:00:56,2026-05-22,2,乒乓球厅-13号,18:30-19:30,0,1,可预约,￥5.0,多云,18,17,3,0.0,85,46
2026-05-21 23:30:55,2026-05-22,2,乒乓球厅-13号,18:30-19:30,0,1,可预约,￥5.0,多云,18,17,3,0.0,85,48
2026-05-21 08:00:45,2026-05-22,2,乒乓球厅-13号,19:30-20:30,0,1,可预约,￥5.0,晴,17,12,5,0.0,86,29
2026-05-21 08:02:30,2026-05-22,2,乒乓球厅-13号,19:30-20:30,0,1,可预约,￥5.0,多云,17,12,5,0.0,87,29
2026-05-21 08:05:36,2026-05-22,2,乒乓球厅-13号,19:30-20:30,0,1,可预约,￥5.0,多云,17,12,5,0.0,86,29
2026-05-21 08:08:31,2026-05-22,2,乒乓球厅-13号,19:30-20:30,0,1,可预约,￥5.0,多云,17,12,5,0.0,86,29
2026-05-21 08:11:30,2026-05-22,2,乒乓球厅-13号,19:30-20:30,0,1,可预约,￥5.0,多云,17,12,5,0.0,86,29
2026-05-21 08:14:31,2026-05-22,2,乒乓球厅-13号,19:30-20:30,0,1,可预约,￥5.0,多云,17,12,5,0.0,86,29
2026-05-21 08:17:30,2026-05-22,2,乒乓球厅-13号,19:30-20:30,0,1,可预约,￥5.0,多云,17,12,5,0.0,86,29
2026-05-21 08:20:35,2026-05-22,2,乒乓球厅-13号,19:30-20:30,0,1,可预约,￥5.0,多云,17,14,4,0.0,85,29
2026-05-21 08:25:32,2026-05-22,2,乒乓球厅-13号,19:30-20:30,0,1,可预约,￥5.0,多云,17,14,4,0.0,85,28
2026-05-21 08:30:42,2026-05-22,2,乒乓球厅-13号,19:30-20:30,0,1,可预约,￥5.0,多云,18,15,4,0.0,84,28
2026-05-21 08:35:31,2026-05-22,2,乒乓球厅-13号,19:30-20:30,0,1,可预约,￥5.0,多云,18,15,4,0.0,84,28
2026-05-21 08:40:38,2026-05-22,2,乒乓球厅-13号,19:30-20:30,0,1,可预约,￥5.0,多云,18,15,4,0.0,82,28
2026-05-21 08:45:33,2026-05-22,2,乒乓球厅-13号,19:30-20:30,0,1,可预约,￥5.0,多云,18,15,4,0.0,82,28
2026-05-21 08:50:36,2026-05-22,2,乒乓球厅-13号,19:30-20:30,0,1,可预约,￥5.0,多云,18,15,4,0.0,82,28
2026-05-21 08:55:34,2026-05-22,2,乒乓球厅-13号,19:30-20:30,0,1,可预约,￥5.0,多云,18,15,4,0.0,84,28
2026-05-21 09:00:51,2026-05-22,2,乒乓球厅-13号,19:30-20:30,0,1,可预约,￥5.0,多云,18,15,4,0.0,84,28
2026-05-21 09:01:59,2026-05-22,2,乒乓球厅-13号,19:30-20:30,0,1,可预约,￥5.0,多云,18,15,4,0.0,83,28
2026-05-21 09:05:33,2026-05-22,2,乒乓球厅-13号,19:30-20:30,0,1,可预约,￥5.0,多云,18,15,4,0.0,83,28
2026-05-21 09:20:38,2026-05-22,2,乒乓球厅-13号,19:30-20:30,0,1,可预约,￥5.0,多云,18,16,3,0.0,81,28
2026-05-21 09:30:46,2026-05-22,2,乒乓球厅-13号,19:30-20:30,0,1,可预约,￥5.0,多云,18,16,3,0.0,81,32
2026-05-21 09:40:36,2026-05-22,2,乒乓球厅-13号,19:30-20:30,0,1,可预约,￥5.0,多云,19,17,3,0.0,79,32
2026-05-21 09:50:42,2026-05-22,2,乒乓球厅-13号,19:30-20:30,0,1,可预约,￥5.0,多云,19,17,4,0.0,81,32
2026-05-21 10:00:46,2026-05-22,2,乒乓球厅-13号,19:30-20:30,0,1,可预约,￥5.0,多云,19,17,4,0.0,79,32
2026-05-21 10:10:40,2026-05-22,2,乒乓球厅-13号,19:30-20:30,0,1,可预约,￥5.0,多云,19,17,4,0.0,79,32
2026-05-21 10:20:38,2026-05-22,2,乒乓球厅-13号,19:30-20:30,0,1,可预约,￥5.0,多云,19,17,4,0.0,79,32
2026-05-21 10:30:41,2026-05-22,2,乒乓球厅-13号,19:30-20:30,0,1,可预约,￥5.0,多云,19,18,3,0.0,78,31
2026-05-21 11:00:44,2026-05-22,2,乒乓球厅-13号,19:30-20:30,0,1,可预约,￥5.0,多云,21,17,5,0.0,74,31
2026-05-21 11:30:38,2026-05-22,2,乒乓球厅-13号,19:30-20:30,0,1,可预约,￥5.0,多云,21,19,3,0.0,72,33
2026-05-21 12:00:46,2026-05-22,2,乒乓球厅-13号,19:30-20:30,0,1,可预约,￥5.0,多云,22,19,4,0.0,70,33
2026-05-21 12:30:42,2026-05-22,2,乒乓球厅-13号,19:30-20:30,0,1,可预约,￥5.0,多云,22,21,3,0.0,68,35
2026-05-21 13:00:43,2026-05-22,2,乒乓球厅-13号,19:30-20:30,0,1,可预约,￥5.0,多云,24,22,4,0.0,66,35
2026-05-21 13:30:43,2026-05-22,2,乒乓球厅-13号,19:30-20:30,0,1,可预约,￥5.0,多云,24,22,4,0.0,66,36
2026-05-21 14:00:48,2026-05-22,2,乒乓球厅-13号,19:30-20:30,0,1,可预约,￥5.0,多云,25,23,4,0.0,66,36
2026-05-21 14:30:45,2026-05-22,2,乒乓球厅-13号,19:30-20:30,0,1,可预约,￥5.0,晴,25,25,3,0.0,65,39
2026-05-21 15:00:45,2026-05-22,2,乒乓球厅-13号,19:30-20:30,0,1,可预约,￥5.0,晴,25,22,4,0.0,56,39
2026-05-21 15:30:43,2026-05-22,2,乒乓球厅-13号,19:30-20:30,0,1,可预约,￥5.0,晴,25,23,4,0.0,57,40
2026-05-21 16:00:51,2026-05-22,2,乒乓球厅-13号,19:30-20:30,0,1,可预约,￥5.0,晴,25,23,4,0.0,57,40
2026-05-21 16:30:48,2026-05-22,2,乒乓球厅-13号,19:30-20:30,0,1,可预约,￥5.0,晴,25,24,3,0.0,60,39
2026-05-21 17:00:49,2026-05-22,2,乒乓球厅-13号,19:30-20:30,0,1,可预约,￥5.0,晴,25,24,4,0.0,61,39
2026-05-21 17:30:47,2026-05-22,2,乒乓球厅-13号,19:30-20:30,0,1,可预约,￥5.0,多云,24,23,3,0.0,64,39
2026-05-21 18:00:50,2026-05-22,2,乒乓球厅-13号,19:30-20:30,0,1,可预约,￥5.0,多云,24,23,3,0.0,68,39
2026-05-21 18:30:50,2026-05-22,2,乒乓球厅-13号,19:30-20:30,0,1,可预约,￥5.0,阴,24,25,2,0.0,68,40
2026-05-21 19:00:50,2026-05-22,2,乒乓球厅-13号,19:30-20:30,0,1,可预约,￥5.0,阴,23,23,3,0.0,76,40
2026-05-21 19:30:46,2026-05-22,2,乒乓球厅-13号,19:30-20:30,0,1,可预约,￥5.0,阴,23,24,2,0.0,77,39
2026-05-21 20:00:49,2026-05-22,2,乒乓球厅-13号,19:30-20:30,0,1,可预约,￥5.0,雾,22,23,2,0.0,89,39
2026-05-21 20:30:44,2026-05-22,2,乒乓球厅-13号,19:30-20:30,0,1,可预约,￥5.0,雾,22,24,2,0.0,93,43
2026-05-21 21:00:56,2026-05-22,2,乒乓球厅-13号,19:30-20:30,0,1,可预约,￥5.0,雾,20,21,2,0.0,98,43
2026-05-21 21:30:46,2026-05-22,2,乒乓球厅-13号,19:30-20:30,0,1,可预约,￥5.0,雾,20,22,1,0.0,99,41
2026-05-21 22:01:02,2026-05-22,2,乒乓球厅-13号,19:30-20:30,0,1,可预约,￥5.0,雾,19,20,2,0.0,93,41
2026-05-21 22:30:47,2026-05-22,2,乒乓球厅-13号,19:30-20:30,0,1,可预约,￥5.0,雾,19,19,3,0.0,88,46
2026-05-21 23:00:56,2026-05-22,2,乒乓球厅-13号,19:30-20:30,0,1,可预约,￥5.0,多云,18,17,3,0.0,85,46
2026-05-21 23:30:55,2026-05-22,2,乒乓球厅-13号,19:30-20:30,0,1,可预约,￥5.0,多云,18,17,3,0.0,85,48
2026-05-21 08:00:45,2026-05-22,2,乒乓球厅-13号,20:30-21:30,0,1,可预约,￥5.0,晴,17,12,5,0.0,86,29
2026-05-21 08:02:30,2026-05-22,2,乒乓球厅-13号,20:30-21:30,0,1,可预约,￥5.0,多云,17,12,5,0.0,87,29
2026-05-21 08:05:36,2026-05-22,2,乒乓球厅-13号,20:30-21:30,0,1,可预约,￥5.0,多云,17,12,5,0.0,86,29
2026-05-21 08:08:31,2026-05-22,2,乒乓球厅-13号,20:30-21:30,0,1,可预约,￥5.0,多云,17,12,5,0.0,86,29
2026-05-21 08:11:30,2026-05-22,2,乒乓球厅-13号,20:30-21:30,0,1,可预约,￥5.0,多云,17,12,5,0.0,86,29
2026-05-21 08:14:31,2026-05-22,2,乒乓球厅-13号,20:30-21:30,0,1,可预约,￥5.0,多云,17,12,5,0.0,86,29
2026-05-21 08:17:30,2026-05-22,2,乒乓球厅-13号,20:30-21:30,0,1,可预约,￥5.0,多云,17,12,5,0.0,86,29
2026-05-21 08:20:35,2026-05-22,2,乒乓球厅-13号,20:30-21:30,0,1,可预约,￥5.0,多云,17,14,4,0.0,85,29
2026-05-21 08:25:32,2026-05-22,2,乒乓球厅-13号,20:30-21:30,0,1,可预约,￥5.0,多云,17,14,4,0.0,85,28
2026-05-21 08:30:42,2026-05-22,2,乒乓球厅-13号,20:30-21:30,0,1,可预约,￥5.0,多云,18,15,4,0.0,84,28
2026-05-21 08:35:31,2026-05-22,2,乒乓球厅-13号,20:30-21:30,0,1,可预约,￥5.0,多云,18,15,4,0.0,84,28
2026-05-21 08:40:38,2026-05-22,2,乒乓球厅-13号,20:30-21:30,0,1,可预约,￥5.0,多云,18,15,4,0.0,82,28
2026-05-21 08:45:33,2026-05-22,2,乒乓球厅-13号,20:30-21:30,0,1,可预约,￥5.0,多云,18,15,4,0.0,82,28
2026-05-21 08:50:36,2026-05-22,2,乒乓球厅-13号,20:30-21:30,0,1,可预约,￥5.0,多云,18,15,4,0.0,82,28
2026-05-21 08:55:34,2026-05-22,2,乒乓球厅-13号,20:30-21:30,0,1,可预约,￥5.0,多云,18,15,4,0.0,84,28
2026-05-21 09:00:51,2026-05-22,2,乒乓球厅-13号,20:30-21:30,0,1,可预约,￥5.0,多云,18,15,4,0.0,84,28
2026-05-21 09:01:59,2026-05-22,2,乒乓球厅-13号,20:30-21:30,0,1,可预约,￥5.0,多云,18,15,4,0.0,83,28
2026-05-21 09:05:33,2026-05-22,2,乒乓球厅-13号,20:30-21:30,0,1,可预约,￥5.0,多云,18,15,4,0.0,83,28
2026-05-21 09:20:38,2026-05-22,2,乒乓球厅-13号,20:30-21:30,0,1,可预约,￥5.0,多云,18,16,3,0.0,81,28
2026-05-21 09:30:46,2026-05-22,2,乒乓球厅-13号,20:30-21:30,0,1,可预约,￥5.0,多云,18,16,3,0.0,81,32
2026-05-21 09:40:36,2026-05-22,2,乒乓球厅-13号,20:30-21:30,0,1,可预约,￥5.0,多云,19,17,3,0.0,79,32
2026-05-21 09:50:42,2026-05-22,2,乒乓球厅-13号,20:30-21:30,0,1,可预约,￥5.0,多云,19,17,4,0.0,81,32
2026-05-21 10:00:46,2026-05-22,2,乒乓球厅-13号,20:30-21:30,0,1,可预约,￥5.0,多云,19,17,4,0.0,79,32
2026-05-21 10:10:40,2026-05-22,2,乒乓球厅-13号,20:30-21:30,0,1,可预约,￥5.0,多云,19,17,4,0.0,79,32
2026-05-21 10:20:38,2026-05-22,2,乒乓球厅-13号,20:30-21:30,0,1,可预约,￥5.0,多云,19,17,4,0.0,79,32
2026-05-21 10:30:41,2026-05-22,2,乒乓球厅-13号,20:30-21:30,0,1,可预约,￥5.0,多云,19,18,3,0.0,78,31
2026-05-21 11:00:44,2026-05-22,2,乒乓球厅-13号,20:30-21:30,0,1,可预约,￥5.0,多云,21,17,5,0.0,74,31
2026-05-21 11:30:38,2026-05-22,2,乒乓球厅-13号,20:30-21:30,0,1,可预约,￥5.0,多云,21,19,3,0.0,72,33
2026-05-21 12:00:46,2026-05-22,2,乒乓球厅-13号,20:30-21:30,0,1,可预约,￥5.0,多云,22,19,4,0.0,70,33
2026-05-21 12:30:42,2026-05-22,2,乒乓球厅-13号,20:30-21:30,0,1,可预约,￥5.0,多云,22,21,3,0.0,68,35
2026-05-21 13:00:43,2026-05-22,2,乒乓球厅-13号,20:30-21:30,0,1,可预约,￥5.0,多云,24,22,4,0.0,66,35
2026-05-21 13:30:43,2026-05-22,2,乒乓球厅-13号,20:30-21:30,0,1,可预约,￥5.0,多云,24,22,4,0.0,66,36
2026-05-21 14:00:48,2026-05-22,2,乒乓球厅-13号,20:30-21:30,0,1,可预约,￥5.0,多云,25,23,4,0.0,66,36
2026-05-21 14:30:45,2026-05-22,2,乒乓球厅-13号,20:30-21:30,0,1,可预约,￥5.0,晴,25,25,3,0.0,65,39
2026-05-21 15:00:45,2026-05-22,2,乒乓球厅-13号,20:30-21:30,0,1,可预约,￥5.0,晴,25,22,4,0.0,56,39
2026-05-21 15:30:43,2026-05-22,2,乒乓球厅-13号,20:30-21:30,0,1,可预约,￥5.0,晴,25,23,4,0.0,57,40
2026-05-21 16:00:51,2026-05-22,2,乒乓球厅-13号,20:30-21:30,0,1,可预约,￥5.0,晴,25,23,4,0.0,57,40
2026-05-21 16:30:48,2026-05-22,2,乒乓球厅-13号,20:30-21:30,0,1,可预约,￥5.0,晴,25,24,3,0.0,60,39
2026-05-21 17:00:49,2026-05-22,2,乒乓球厅-13号,20:30-21:30,0,1,可预约,￥5.0,晴,25,24,4,0.0,61,39
2026-05-21 17:30:47,2026-05-22,2,乒乓球厅-13号,20:30-21:30,0,1,可预约,￥5.0,多云,24,23,3,0.0,64,39
2026-05-21 18:00:50,2026-05-22,2,乒乓球厅-13号,20:30-21:30,0,1,可预约,￥5.0,多云,24,23,3,0.0,68,39
2026-05-21 18:30:50,2026-05-22,2,乒乓球厅-13号,20:30-21:30,0,1,可预约,￥5.0,阴,24,25,2,0.0,68,40
2026-05-21 19:00:50,2026-05-22,2,乒乓球厅-13号,20:30-21:30,0,1,可预约,￥5.0,阴,23,23,3,0.0,76,40
2026-05-21 19:30:46,2026-05-22,2,乒乓球厅-13号,20:30-21:30,0,1,可预约,￥5.0,阴,23,24,2,0.0,77,39
2026-05-21 20:00:49,2026-05-22,2,乒乓球厅-13号,20:30-21:30,0,1,可预约,￥5.0,雾,22,23,2,0.0,89,39
2026-05-21 20:30:44,2026-05-22,2,乒乓球厅-13号,20:30-21:30,0,1,可预约,￥5.0,雾,22,24,2,0.0,93,43
2026-05-21 21:00:56,2026-05-22,2,乒乓球厅-13号,20:30-21:30,0,1,可预约,￥5.0,雾,20,21,2,0.0,98,43
2026-05-21 21:30:46,2026-05-22,2,乒乓球厅-13号,20:30-21:30,0,1,可预约,￥5.0,雾,20,22,1,0.0,99,41
2026-05-21 22:01:02,2026-05-22,2,乒乓球厅-13号,20:30-21:30,0,1,可预约,￥5.0,雾,19,20,2,0.0,93,41
2026-05-21 22:30:47,2026-05-22,2,乒乓球厅-13号,20:30-21:30,0,1,可预约,￥5.0,雾,19,19,3,0.0,88,46
2026-05-21 23:00:56,2026-05-22,2,乒乓球厅-13号,20:30-21:30,0,1,可预约,￥5.0,多云,18,17,3,0.0,85,46
2026-05-21 23:30:55,2026-05-22,2,乒乓球厅-13号,20:30-21:30,0,1,可预约,￥5.0,多云,18,17,3,0.0,85,48
2026-05-21 08:00:45,2026-05-22,2,乒乓球厅-14号,07:00-08:00,0,1,可预约,￥0.0,晴,17,12,5,0.0,86,29
2026-05-21 08:02:30,2026-05-22,2,乒乓球厅-14号,07:00-08:00,0,1,可预约,￥0.0,多云,17,12,5,0.0,87,29
2026-05-21 08:05:36,2026-05-22,2,乒乓球厅-14号,07:00-08:00,0,1,可预约,￥0.0,多云,17,12,5,0.0,86,29
2026-05-21 08:08:31,2026-05-22,2,乒乓球厅-14号,07:00-08:00,0,1,可预约,￥0.0,多云,17,12,5,0.0,86,29
2026-05-21 08:11:30,2026-05-22,2,乒乓球厅-14号,07:00-08:00,0,1,可预约,￥0.0,多云,17,12,5,0.0,86,29
2026-05-21 08:14:31,2026-05-22,2,乒乓球厅-14号,07:00-08:00,0,1,可预约,￥0.0,多云,17,12,5,0.0,86,29
2026-05-21 08:17:30,2026-05-22,2,乒乓球厅-14号,07:00-08:00,0,1,可预约,￥0.0,多云,17,12,5,0.0,86,29
2026-05-21 08:20:35,2026-05-22,2,乒乓球厅-14号,07:00-08:00,0,1,可预约,￥0.0,多云,17,14,4,0.0,85,29
2026-05-21 08:25:32,2026-05-22,2,乒乓球厅-14号,07:00-08:00,0,1,可预约,￥0.0,多云,17,14,4,0.0,85,28
2026-05-21 08:30:42,2026-05-22,2,乒乓球厅-14号,07:00-08:00,0,1,可预约,￥0.0,多云,18,15,4,0.0,84,28
2026-05-21 08:35:31,2026-05-22,2,乒乓球厅-14号,07:00-08:00,0,1,可预约,￥0.0,多云,18,15,4,0.0,84,28
2026-05-21 08:40:38,2026-05-22,2,乒乓球厅-14号,07:00-08:00,0,1,可预约,￥0.0,多云,18,15,4,0.0,82,28
2026-05-21 08:45:33,2026-05-22,2,乒乓球厅-14号,07:00-08:00,0,1,可预约,￥0.0,多云,18,15,4,0.0,82,28
2026-05-21 08:50:36,2026-05-22,2,乒乓球厅-14号,07:00-08:00,0,1,可预约,￥0.0,多云,18,15,4,0.0,82,28
2026-05-21 08:55:34,2026-05-22,2,乒乓球厅-14号,07:00-08:00,0,1,可预约,￥0.0,多云,18,15,4,0.0,84,28
2026-05-21 09:00:51,2026-05-22,2,乒乓球厅-14号,07:00-08:00,0,1,可预约,￥0.0,多云,18,15,4,0.0,84,28
2026-05-21 09:01:59,2026-05-22,2,乒乓球厅-14号,07:00-08:00,0,1,可预约,￥0.0,多云,18,15,4,0.0,83,28
2026-05-21 09:05:33,2026-05-22,2,乒乓球厅-14号,07:00-08:00,0,1,可预约,￥0.0,多云,18,15,4,0.0,83,28
2026-05-21 09:20:38,2026-05-22,2,乒乓球厅-14号,07:00-08:00,0,1,可预约,￥0.0,多云,18,16,3,0.0,81,28
2026-05-21 09:30:46,2026-05-22,2,乒乓球厅-14号,07:00-08:00,0,1,可预约,￥0.0,多云,18,16,3,0.0,81,32
2026-05-21 09:40:36,2026-05-22,2,乒乓球厅-14号,07:00-08:00,0,1,可预约,￥0.0,多云,19,17,3,0.0,79,32
2026-05-21 09:50:42,2026-05-22,2,乒乓球厅-14号,07:00-08:00,0,1,可预约,￥0.0,多云,19,17,4,0.0,81,32
2026-05-21 10:00:46,2026-05-22,2,乒乓球厅-14号,07:00-08:00,0,1,可预约,￥0.0,多云,19,17,4,0.0,79,32
2026-05-21 10:10:40,2026-05-22,2,乒乓球厅-14号,07:00-08:00,0,1,可预约,￥0.0,多云,19,17,4,0.0,79,32
2026-05-21 10:20:38,2026-05-22,2,乒乓球厅-14号,07:00-08:00,0,1,可预约,￥0.0,多云,19,17,4,0.0,79,32
2026-05-21 10:30:41,2026-05-22,2,乒乓球厅-14号,07:00-08:00,0,1,可预约,￥0.0,多云,19,18,3,0.0,78,31
2026-05-21 11:00:44,2026-05-22,2,乒乓球厅-14号,07:00-08:00,0,1,可预约,￥0.0,多云,21,17,5,0.0,74,31
2026-05-21 11:30:38,2026-05-22,2,乒乓球厅-14号,07:00-08:00,0,1,可预约,￥0.0,多云,21,19,3,0.0,72,33
2026-05-21 12:00:46,2026-05-22,2,乒乓球厅-14号,07:00-08:00,0,1,可预约,￥0.0,多云,22,19,4,0.0,70,33
2026-05-21 12:30:42,2026-05-22,2,乒乓球厅-14号,07:00-08:00,0,1,可预约,￥0.0,多云,22,21,3,0.0,68,35
2026-05-21 13:00:43,2026-05-22,2,乒乓球厅-14号,07:00-08:00,0,1,可预约,￥0.0,多云,24,22,4,0.0,66,35
2026-05-21 13:30:43,2026-05-22,2,乒乓球厅-14号,07:00-08:00,0,1,可预约,￥0.0,多云,24,22,4,0.0,66,36
2026-05-21 14:00:48,2026-05-22,2,乒乓球厅-14号,07:00-08:00,0,1,可预约,￥0.0,多云,25,23,4,0.0,66,36
2026-05-21 14:30:45,2026-05-22,2,乒乓球厅-14号,07:00-08:00,0,1,可预约,￥0.0,晴,25,25,3,0.0,65,39
2026-05-21 15:00:45,2026-05-22,2,乒乓球厅-14号,07:00-08:00,0,1,可预约,￥0.0,晴,25,22,4,0.0,56,39
2026-05-21 15:30:43,2026-05-22,2,乒乓球厅-14号,07:00-08:00,0,1,可预约,￥0.0,晴,25,23,4,0.0,57,40
2026-05-21 16:00:51,2026-05-22,2,乒乓球厅-14号,07:00-08:00,0,1,可预约,￥0.0,晴,25,23,4,0.0,57,40
2026-05-21 16:30:48,2026-05-22,2,乒乓球厅-14号,07:00-08:00,0,1,可预约,￥0.0,晴,25,24,3,0.0,60,39
2026-05-21 17:00:49,2026-05-22,2,乒乓球厅-14号,07:00-08:00,0,1,可预约,￥0.0,晴,25,24,4,0.0,61,39
2026-05-21 17:30:47,2026-05-22,2,乒乓球厅-14号,07:00-08:00,0,1,可预约,￥0.0,多云,24,23,3,0.0,64,39
2026-05-21 18:00:50,2026-05-22,2,乒乓球厅-14号,07:00-08:00,0,1,可预约,￥0.0,多云,24,23,3,0.0,68,39
2026-05-21 18:30:50,2026-05-22,2,乒乓球厅-14号,07:00-08:00,0,1,可预约,￥0.0,阴,24,25,2,0.0,68,40
2026-05-21 19:00:50,2026-05-22,2,乒乓球厅-14号,07:00-08:00,0,1,可预约,￥0.0,阴,23,23,3,0.0,76,40
2026-05-21 19:30:46,2026-05-22,2,乒乓球厅-14号,07:00-08:00,0,1,可预约,￥0.0,阴,23,24,2,0.0,77,39
2026-05-21 20:00:49,2026-05-22,2,乒乓球厅-14号,07:00-08:00,0,1,可预约,￥0.0,雾,22,23,2,0.0,89,39
2026-05-21 20:30:44,2026-05-22,2,乒乓球厅-14号,07:00-08:00,0,1,可预约,￥0.0,雾,22,24,2,0.0,93,43
2026-05-21 21:00:56,2026-05-22,2,乒乓球厅-14号,07:00-08:00,0,1,可预约,￥0.0,雾,20,21,2,0.0,98,43
2026-05-21 21:30:46,2026-05-22,2,乒乓球厅-14号,07:00-08:00,0,1,可预约,￥0.0,雾,20,22,1,0.0,99,41
2026-05-21 22:01:02,2026-05-22,2,乒乓球厅-14号,07:00-08:00,0,1,可预约,￥0.0,雾,19,20,2,0.0,93,41
2026-05-21 22:30:47,2026-05-22,2,乒乓球厅-14号,07:00-08:00,0,1,可预约,￥0.0,雾,19,19,3,0.0,88,46
2026-05-21 23:00:56,2026-05-22,2,乒乓球厅-14号,07:00-08:00,0,1,可预约,￥0.0,多云,18,17,3,0.0,85,46
2026-05-21 23:30:55,2026-05-22,2,乒乓球厅-14号,07:00-08:00,0,1,可预约,￥0.0,多云,18,17,3,0.0,85,48
2026-05-21 08:00:45,2026-05-22,2,乒乓球厅-14号,08:00-09:00,0,1,可预约,￥0.0,晴,17,12,5,0.0,86,29
2026-05-21 08:02:30,2026-05-22,2,乒乓球厅-14号,08:00-09:00,0,1,可预约,￥0.0,多云,17,12,5,0.0,87,29
2026-05-21 08:05:36,2026-05-22,2,乒乓球厅-14号,08:00-09:00,0,1,可预约,￥0.0,多云,17,12,5,0.0,86,29
2026-05-21 08:08:31,2026-05-22,2,乒乓球厅-14号,08:00-09:00,0,1,可预约,￥0.0,多云,17,12,5,0.0,86,29
2026-05-21 08:11:30,2026-05-22,2,乒乓球厅-14号,08:00-09:00,0,1,可预约,￥0.0,多云,17,12,5,0.0,86,29
2026-05-21 08:14:31,2026-05-22,2,乒乓球厅-14号,08:00-09:00,0,1,可预约,￥0.0,多云,17,12,5,0.0,86,29
2026-05-21 08:17:30,2026-05-22,2,乒乓球厅-14号,08:00-09:00,0,1,可预约,￥0.0,多云,17,12,5,0.0,86,29
2026-05-21 08:20:35,2026-05-22,2,乒乓球厅-14号,08:00-09:00,0,1,可预约,￥0.0,多云,17,14,4,0.0,85,29
2026-05-21 08:25:32,2026-05-22,2,乒乓球厅-14号,08:00-09:00,0,1,可预约,￥0.0,多云,17,14,4,0.0,85,28
2026-05-21 08:30:42,2026-05-22,2,乒乓球厅-14号,08:00-09:00,0,1,可预约,￥0.0,多云,18,15,4,0.0,84,28
2026-05-21 08:35:31,2026-05-22,2,乒乓球厅-14号,08:00-09:00,0,1,可预约,￥0.0,多云,18,15,4,0.0,84,28
2026-05-21 08:40:38,2026-05-22,2,乒乓球厅-14号,08:00-09:00,0,1,可预约,￥0.0,多云,18,15,4,0.0,82,28
2026-05-21 08:45:33,2026-05-22,2,乒乓球厅-14号,08:00-09:00,0,1,可预约,￥0.0,多云,18,15,4,0.0,82,28
2026-05-21 08:50:36,2026-05-22,2,乒乓球厅-14号,08:00-09:00,0,1,可预约,￥0.0,多云,18,15,4,0.0,82,28
2026-05-21 08:55:34,2026-05-22,2,乒乓球厅-14号,08:00-09:00,0,1,可预约,￥0.0,多云,18,15,4,0.0,84,28
2026-05-21 09:00:51,2026-05-22,2,乒乓球厅-14号,08:00-09:00,0,1,可预约,￥0.0,多云,18,15,4,0.0,84,28
2026-05-21 09:01:59,2026-05-22,2,乒乓球厅-14号,08:00-09:00,0,1,可预约,￥0.0,多云,18,15,4,0.0,83,28
2026-05-21 09:05:33,2026-05-22,2,乒乓球厅-14号,08:00-09:00,0,1,可预约,￥0.0,多云,18,15,4,0.0,83,28
2026-05-21 09:20:38,2026-05-22,2,乒乓球厅-14号,08:00-09:00,0,1,可预约,￥0.0,多云,18,16,3,0.0,81,28
2026-05-21 09:30:46,2026-05-22,2,乒乓球厅-14号,08:00-09:00,0,1,可预约,￥0.0,多云,18,16,3,0.0,81,32
2026-05-21 09:40:36,2026-05-22,2,乒乓球厅-14号,08:00-09:00,0,1,可预约,￥0.0,多云,19,17,3,0.0,79,32
2026-05-21 09:50:42,2026-05-22,2,乒乓球厅-14号,08:00-09:00,0,1,可预约,￥0.0,多云,19,17,4,0.0,81,32
2026-05-21 10:00:46,2026-05-22,2,乒乓球厅-14号,08:00-09:00,0,1,可预约,￥0.0,多云,19,17,4,0.0,79,32
2026-05-21 10:10:40,2026-05-22,2,乒乓球厅-14号,08:00-09:00,0,1,可预约,￥0.0,多云,19,17,4,0.0,79,32
2026-05-21 10:20:38,2026-05-22,2,乒乓球厅-14号,08:00-09:00,0,1,可预约,￥0.0,多云,19,17,4,0.0,79,32
2026-05-21 10:30:41,2026-05-22,2,乒乓球厅-14号,08:00-09:00,0,1,可预约,￥0.0,多云,19,18,3,0.0,78,31
2026-05-21 11:00:44,2026-05-22,2,乒乓球厅-14号,08:00-09:00,0,1,可预约,￥0.0,多云,21,17,5,0.0,74,31
2026-05-21 11:30:38,2026-05-22,2,乒乓球厅-14号,08:00-09:00,0,1,可预约,￥0.0,多云,21,19,3,0.0,72,33
2026-05-21 12:00:46,2026-05-22,2,乒乓球厅-14号,08:00-09:00,0,1,可预约,￥0.0,多云,22,19,4,0.0,70,33
2026-05-21 12:30:42,2026-05-22,2,乒乓球厅-14号,08:00-09:00,0,1,可预约,￥0.0,多云,22,21,3,0.0,68,35
2026-05-21 13:00:43,2026-05-22,2,乒乓球厅-14号,08:00-09:00,0,1,可预约,￥0.0,多云,24,22,4,0.0,66,35
2026-05-21 13:30:43,2026-05-22,2,乒乓球厅-14号,08:00-09:00,0,1,可预约,￥0.0,多云,24,22,4,0.0,66,36
2026-05-21 14:00:48,2026-05-22,2,乒乓球厅-14号,08:00-09:00,0,1,可预约,￥0.0,多云,25,23,4,0.0,66,36
2026-05-21 14:30:45,2026-05-22,2,乒乓球厅-14号,08:00-09:00,0,1,可预约,￥0.0,晴,25,25,3,0.0,65,39
2026-05-21 15:00:45,2026-05-22,2,乒乓球厅-14号,08:00-09:00,0,1,可预约,￥0.0,晴,25,22,4,0.0,56,39
2026-05-21 15:30:43,2026-05-22,2,乒乓球厅-14号,08:00-09:00,0,1,可预约,￥0.0,晴,25,23,4,0.0,57,40
2026-05-21 16:00:51,2026-05-22,2,乒乓球厅-14号,08:00-09:00,0,1,可预约,￥0.0,晴,25,23,4,0.0,57,40
2026-05-21 16:30:48,2026-05-22,2,乒乓球厅-14号,08:00-09:00,0,1,可预约,￥0.0,晴,25,24,3,0.0,60,39
2026-05-21 17:00:49,2026-05-22,2,乒乓球厅-14号,08:00-09:00,0,1,可预约,￥0.0,晴,25,24,4,0.0,61,39
2026-05-21 17:30:47,2026-05-22,2,乒乓球厅-14号,08:00-09:00,0,1,可预约,￥0.0,多云,24,23,3,0.0,64,39
2026-05-21 18:00:50,2026-05-22,2,乒乓球厅-14号,08:00-09:00,0,1,可预约,￥0.0,多云,24,23,3,0.0,68,39
2026-05-21 18:30:50,2026-05-22,2,乒乓球厅-14号,08:00-09:00,0,1,可预约,￥0.0,阴,24,25,2,0.0,68,40
2026-05-21 19:00:50,2026-05-22,2,乒乓球厅-14号,08:00-09:00,0,1,可预约,￥0.0,阴,23,23,3,0.0,76,40
2026-05-21 19:30:46,2026-05-22,2,乒乓球厅-14号,08:00-09:00,0,1,可预约,￥0.0,阴,23,24,2,0.0,77,39
2026-05-21 20:00:49,2026-05-22,2,乒乓球厅-14号,08:00-09:00,0,1,可预约,￥0.0,雾,22,23,2,0.0,89,39
2026-05-21 20:30:44,2026-05-22,2,乒乓球厅-14号,08:00-09:00,0,1,可预约,￥0.0,雾,22,24,2,0.0,93,43
2026-05-21 21:00:56,2026-05-22,2,乒乓球厅-14号,08:00-09:00,0,1,可预约,￥0.0,雾,20,21,2,0.0,98,43
2026-05-21 21:30:46,2026-05-22,2,乒乓球厅-14号,08:00-09:00,0,1,可预约,￥0.0,雾,20,22,1,0.0,99,41
2026-05-21 22:01:02,2026-05-22,2,乒乓球厅-14号,08:00-09:00,0,1,可预约,￥0.0,雾,19,20,2,0.0,93,41
2026-05-21 22:30:47,2026-05-22,2,乒乓球厅-14号,08:00-09:00,0,1,可预约,￥0.0,雾,19,19,3,0.0,88,46
2026-05-21 23:00:56,2026-05-22,2,乒乓球厅-14号,08:00-09:00,0,1,可预约,￥0.0,多云,18,17,3,0.0,85,46
2026-05-21 23:30:55,2026-05-22,2,乒乓球厅-14号,08:00-09:00,0,1,可预约,￥0.0,多云,18,17,3,0.0,85,48
2026-05-21 08:00:45,2026-05-22,2,乒乓球厅-14号,09:00-10:00,0,1,可预约,￥5.0,晴,17,12,5,0.0,86,29
2026-05-21 08:02:30,2026-05-22,2,乒乓球厅-14号,09:00-10:00,0,1,可预约,￥5.0,多云,17,12,5,0.0,87,29
2026-05-21 08:05:36,2026-05-22,2,乒乓球厅-14号,09:00-10:00,0,1,可预约,￥5.0,多云,17,12,5,0.0,86,29
2026-05-21 08:08:31,2026-05-22,2,乒乓球厅-14号,09:00-10:00,0,1,可预约,￥5.0,多云,17,12,5,0.0,86,29
2026-05-21 08:11:30,2026-05-22,2,乒乓球厅-14号,09:00-10:00,0,1,可预约,￥5.0,多云,17,12,5,0.0,86,29
2026-05-21 08:14:31,2026-05-22,2,乒乓球厅-14号,09:00-10:00,0,1,可预约,￥5.0,多云,17,12,5,0.0,86,29
2026-05-21 08:17:30,2026-05-22,2,乒乓球厅-14号,09:00-10:00,0,1,可预约,￥5.0,多云,17,12,5,0.0,86,29
2026-05-21 08:20:35,2026-05-22,2,乒乓球厅-14号,09:00-10:00,0,1,可预约,￥5.0,多云,17,14,4,0.0,85,29
2026-05-21 08:25:32,2026-05-22,2,乒乓球厅-14号,09:00-10:00,0,1,可预约,￥5.0,多云,17,14,4,0.0,85,28
2026-05-21 08:30:42,2026-05-22,2,乒乓球厅-14号,09:00-10:00,0,1,可预约,￥5.0,多云,18,15,4,0.0,84,28
2026-05-21 08:35:31,2026-05-22,2,乒乓球厅-14号,09:00-10:00,0,1,可预约,￥5.0,多云,18,15,4,0.0,84,28
2026-05-21 08:40:38,2026-05-22,2,乒乓球厅-14号,09:00-10:00,0,1,可预约,￥5.0,多云,18,15,4,0.0,82,28
2026-05-21 08:45:33,2026-05-22,2,乒乓球厅-14号,09:00-10:00,0,1,可预约,￥5.0,多云,18,15,4,0.0,82,28
2026-05-21 08:50:36,2026-05-22,2,乒乓球厅-14号,09:00-10:00,0,1,可预约,￥5.0,多云,18,15,4,0.0,82,28
2026-05-21 08:55:34,2026-05-22,2,乒乓球厅-14号,09:00-10:00,0,1,可预约,￥5.0,多云,18,15,4,0.0,84,28
2026-05-21 09:00:51,2026-05-22,2,乒乓球厅-14号,09:00-10:00,0,1,可预约,￥5.0,多云,18,15,4,0.0,84,28
2026-05-21 09:01:59,2026-05-22,2,乒乓球厅-14号,09:00-10:00,0,1,可预约,￥5.0,多云,18,15,4,0.0,83,28
2026-05-21 09:05:33,2026-05-22,2,乒乓球厅-14号,09:00-10:00,0,1,可预约,￥5.0,多云,18,15,4,0.0,83,28
2026-05-21 09:20:38,2026-05-22,2,乒乓球厅-14号,09:00-10:00,0,1,可预约,￥5.0,多云,18,16,3,0.0,81,28
2026-05-21 09:30:46,2026-05-22,2,乒乓球厅-14号,09:00-10:00,0,1,可预约,￥5.0,多云,18,16,3,0.0,81,32
2026-05-21 09:40:36,2026-05-22,2,乒乓球厅-14号,09:00-10:00,0,1,可预约,￥5.0,多云,19,17,3,0.0,79,32
2026-05-21 09:50:42,2026-05-22,2,乒乓球厅-14号,09:00-10:00,0,1,可预约,￥5.0,多云,19,17,4,0.0,81,32
2026-05-21 10:00:46,2026-05-22,2,乒乓球厅-14号,09:00-10:00,0,1,可预约,￥5.0,多云,19,17,4,0.0,79,32
2026-05-21 10:10:40,2026-05-22,2,乒乓球厅-14号,09:00-10:00,0,1,可预约,￥5.0,多云,19,17,4,0.0,79,32
2026-05-21 10:20:38,2026-05-22,2,乒乓球厅-14号,09:00-10:00,0,1,可预约,￥5.0,多云,19,17,4,0.0,79,32
2026-05-21 10:30:41,2026-05-22,2,乒乓球厅-14号,09:00-10:00,0,1,可预约,￥5.0,多云,19,18,3,0.0,78,31
2026-05-21 11:00:44,2026-05-22,2,乒乓球厅-14号,09:00-10:00,0,1,可预约,￥5.0,多云,21,17,5,0.0,74,31
2026-05-21 11:30:38,2026-05-22,2,乒乓球厅-14号,09:00-10:00,0,1,可预约,￥5.0,多云,21,19,3,0.0,72,33
2026-05-21 12:00:46,2026-05-22,2,乒乓球厅-14号,09:00-10:00,0,1,可预约,￥5.0,多云,22,19,4,0.0,70,33
2026-05-21 12:30:42,2026-05-22,2,乒乓球厅-14号,09:00-10:00,0,1,可预约,￥5.0,多云,22,21,3,0.0,68,35
2026-05-21 13:00:43,2026-05-22,2,乒乓球厅-14号,09:00-10:00,0,1,可预约,￥5.0,多云,24,22,4,0.0,66,35
2026-05-21 13:30:43,2026-05-22,2,乒乓球厅-14号,09:00-10:00,0,1,可预约,￥5.0,多云,24,22,4,0.0,66,36
2026-05-21 14:00:48,2026-05-22,2,乒乓球厅-14号,09:00-10:00,0,1,可预约,￥5.0,多云,25,23,4,0.0,66,36
2026-05-21 14:30:45,2026-05-22,2,乒乓球厅-14号,09:00-10:00,0,1,可预约,￥5.0,晴,25,25,3,0.0,65,39
2026-05-21 15:00:45,2026-05-22,2,乒乓球厅-14号,09:00-10:00,0,1,可预约,￥5.0,晴,25,22,4,0.0,56,39
2026-05-21 15:30:43,2026-05-22,2,乒乓球厅-14号,09:00-10:00,0,1,可预约,￥5.0,晴,25,23,4,0.0,57,40
2026-05-21 16:00:51,2026-05-22,2,乒乓球厅-14号,09:00-10:00,0,1,可预约,￥5.0,晴,25,23,4,0.0,57,40
2026-05-21 16:30:48,2026-05-22,2,乒乓球厅-14号,09:00-10:00,0,1,可预约,￥5.0,晴,25,24,3,0.0,60,39
2026-05-21 17:00:49,2026-05-22,2,乒乓球厅-14号,09:00-10:00,0,1,可预约,￥5.0,晴,25,24,4,0.0,61,39
2026-05-21 17:30:47,2026-05-22,2,乒乓球厅-14号,09:00-10:00,0,1,可预约,￥5.0,多云,24,23,3,0.0,64,39
2026-05-21 18:00:50,2026-05-22,2,乒乓球厅-14号,09:00-10:00,0,1,可预约,￥5.0,多云,24,23,3,0.0,68,39
2026-05-21 18:30:50,2026-05-22,2,乒乓球厅-14号,09:00-10:00,0,1,可预约,￥5.0,阴,24,25,2,0.0,68,40
2026-05-21 19:00:50,2026-05-22,2,乒乓球厅-14号,09:00-10:00,0,1,可预约,￥5.0,阴,23,23,3,0.0,76,40
2026-05-21 19:30:46,2026-05-22,2,乒乓球厅-14号,09:00-10:00,0,1,可预约,￥5.0,阴,23,24,2,0.0,77,39
2026-05-21 20:00:49,2026-05-22,2,乒乓球厅-14号,09:00-10:00,0,1,可预约,￥5.0,雾,22,23,2,0.0,89,39
2026-05-21 20:30:44,2026-05-22,2,乒乓球厅-14号,09:00-10:00,0,1,可预约,￥5.0,雾,22,24,2,0.0,93,43
2026-05-21 21:00:56,2026-05-22,2,乒乓球厅-14号,09:00-10:00,0,1,可预约,￥5.0,雾,20,21,2,0.0,98,43
2026-05-21 21:30:46,2026-05-22,2,乒乓球厅-14号,09:00-10:00,0,1,可预约,￥5.0,雾,20,22,1,0.0,99,41
2026-05-21 22:01:02,2026-05-22,2,乒乓球厅-14号,09:00-10:00,0,1,可预约,￥5.0,雾,19,20,2,0.0,93,41
2026-05-21 22:30:47,2026-05-22,2,乒乓球厅-14号,09:00-10:00,0,1,可预约,￥5.0,雾,19,19,3,0.0,88,46
2026-05-21 23:00:56,2026-05-22,2,乒乓球厅-14号,09:00-10:00,0,1,可预约,￥5.0,多云,18,17,3,0.0,85,46
2026-05-21 23:30:55,2026-05-22,2,乒乓球厅-14号,09:00-10:00,0,1,可预约,￥5.0,多云,18,17,3,0.0,85,48
2026-05-21 08:00:45,2026-05-22,2,乒乓球厅-14号,10:00-11:00,0,1,可预约,￥5.0,晴,17,12,5,0.0,86,29
2026-05-21 08:02:30,2026-05-22,2,乒乓球厅-14号,10:00-11:00,0,1,可预约,￥5.0,多云,17,12,5,0.0,87,29
2026-05-21 08:05:36,2026-05-22,2,乒乓球厅-14号,10:00-11:00,0,1,可预约,￥5.0,多云,17,12,5,0.0,86,29
2026-05-21 08:08:31,2026-05-22,2,乒乓球厅-14号,10:00-11:00,0,1,可预约,￥5.0,多云,17,12,5,0.0,86,29
2026-05-21 08:11:30,2026-05-22,2,乒乓球厅-14号,10:00-11:00,0,1,可预约,￥5.0,多云,17,12,5,0.0,86,29
2026-05-21 08:14:31,2026-05-22,2,乒乓球厅-14号,10:00-11:00,0,1,可预约,￥5.0,多云,17,12,5,0.0,86,29
2026-05-21 08:17:30,2026-05-22,2,乒乓球厅-14号,10:00-11:00,0,1,可预约,￥5.0,多云,17,12,5,0.0,86,29
2026-05-21 08:20:35,2026-05-22,2,乒乓球厅-14号,10:00-11:00,0,1,可预约,￥5.0,多云,17,14,4,0.0,85,29
2026-05-21 08:25:32,2026-05-22,2,乒乓球厅-14号,10:00-11:00,0,1,可预约,￥5.0,多云,17,14,4,0.0,85,28
2026-05-21 08:30:42,2026-05-22,2,乒乓球厅-14号,10:00-11:00,0,1,可预约,￥5.0,多云,18,15,4,0.0,84,28
2026-05-21 08:35:31,2026-05-22,2,乒乓球厅-14号,10:00-11:00,0,1,可预约,￥5.0,多云,18,15,4,0.0,84,28
2026-05-21 08:40:38,2026-05-22,2,乒乓球厅-14号,10:00-11:00,0,1,可预约,￥5.0,多云,18,15,4,0.0,82,28
2026-05-21 08:45:33,2026-05-22,2,乒乓球厅-14号,10:00-11:00,0,1,可预约,￥5.0,多云,18,15,4,0.0,82,28
2026-05-21 08:50:36,2026-05-22,2,乒乓球厅-14号,10:00-11:00,0,1,可预约,￥5.0,多云,18,15,4,0.0,82,28
2026-05-21 08:55:34,2026-05-22,2,乒乓球厅-14号,10:00-11:00,0,1,可预约,￥5.0,多云,18,15,4,0.0,84,28
2026-05-21 09:00:51,2026-05-22,2,乒乓球厅-14号,10:00-11:00,0,1,可预约,￥5.0,多云,18,15,4,0.0,84,28
2026-05-21 09:01:59,2026-05-22,2,乒乓球厅-14号,10:00-11:00,0,1,可预约,￥5.0,多云,18,15,4,0.0,83,28
2026-05-21 09:05:33,2026-05-22,2,乒乓球厅-14号,10:00-11:00,0,1,可预约,￥5.0,多云,18,15,4,0.0,83,28
2026-05-21 09:20:38,2026-05-22,2,乒乓球厅-14号,10:00-11:00,0,1,可预约,￥5.0,多云,18,16,3,0.0,81,28
2026-05-21 09:30:46,2026-05-22,2,乒乓球厅-14号,10:00-11:00,0,1,可预约,￥5.0,多云,18,16,3,0.0,81,32
2026-05-21 09:40:36,2026-05-22,2,乒乓球厅-14号,10:00-11:00,0,1,可预约,￥5.0,多云,19,17,3,0.0,79,32
2026-05-21 09:50:42,2026-05-22,2,乒乓球厅-14号,10:00-11:00,0,1,可预约,￥5.0,多云,19,17,4,0.0,81,32
2026-05-21 10:00:46,2026-05-22,2,乒乓球厅-14号,10:00-11:00,0,1,可预约,￥5.0,多云,19,17,4,0.0,79,32
2026-05-21 10:10:40,2026-05-22,2,乒乓球厅-14号,10:00-11:00,0,1,可预约,￥5.0,多云,19,17,4,0.0,79,32
2026-05-21 10:20:38,2026-05-22,2,乒乓球厅-14号,10:00-11:00,0,1,可预约,￥5.0,多云,19,17,4,0.0,79,32
2026-05-21 10:30:41,2026-05-22,2,乒乓球厅-14号,10:00-11:00,0,1,可预约,￥5.0,多云,19,18,3,0.0,78,31
2026-05-21 11:00:44,2026-05-22,2,乒乓球厅-14号,10:00-11:00,0,1,可预约,￥5.0,多云,21,17,5,0.0,74,31
2026-05-21 11:30:38,2026-05-22,2,乒乓球厅-14号,10:00-11:00,0,1,可预约,￥5.0,多云,21,19,3,0.0,72,33
2026-05-21 12:00:46,2026-05-22,2,乒乓球厅-14号,10:00-11:00,0,1,可预约,￥5.0,多云,22,19,4,0.0,70,33
2026-05-21 12:30:42,2026-05-22,2,乒乓球厅-14号,10:00-11:00,0,1,可预约,￥5.0,多云,22,21,3,0.0,68,35
2026-05-21 13:00:43,2026-05-22,2,乒乓球厅-14号,10:00-11:00,0,1,可预约,￥5.0,多云,24,22,4,0.0,66,35
2026-05-21 13:30:43,2026-05-22,2,乒乓球厅-14号,10:00-11:00,0,1,可预约,￥5.0,多云,24,22,4,0.0,66,36
2026-05-21 14:00:48,2026-05-22,2,乒乓球厅-14号,10:00-11:00,0,1,可预约,￥5.0,多云,25,23,4,0.0,66,36
2026-05-21 14:30:45,2026-05-22,2,乒乓球厅-14号,10:00-11:00,0,1,可预约,￥5.0,晴,25,25,3,0.0,65,39
2026-05-21 15:00:45,2026-05-22,2,乒乓球厅-14号,10:00-11:00,0,1,可预约,￥5.0,晴,25,22,4,0.0,56,39
2026-05-21 15:30:43,2026-05-22,2,乒乓球厅-14号,10:00-11:00,0,1,可预约,￥5.0,晴,25,23,4,0.0,57,40
2026-05-21 16:00:51,2026-05-22,2,乒乓球厅-14号,10:00-11:00,0,1,可预约,￥5.0,晴,25,23,4,0.0,57,40
2026-05-21 16:30:48,2026-05-22,2,乒乓球厅-14号,10:00-11:00,0,1,可预约,￥5.0,晴,25,24,3,0.0,60,39
2026-05-21 17:00:49,2026-05-22,2,乒乓球厅-14号,10:00-11:00,0,1,可预约,￥5.0,晴,25,24,4,0.0,61,39
2026-05-21 17:30:47,2026-05-22,2,乒乓球厅-14号,10:00-11:00,0,1,可预约,￥5.0,多云,24,23,3,0.0,64,39
2026-05-21 18:00:50,2026-05-22,2,乒乓球厅-14号,10:00-11:00,0,1,可预约,￥5.0,多云,24,23,3,0.0,68,39
2026-05-21 18:30:50,2026-05-22,2,乒乓球厅-14号,10:00-11:00,0,1,可预约,￥5.0,阴,24,25,2,0.0,68,40
2026-05-21 19:00:50,2026-05-22,2,乒乓球厅-14号,10:00-11:00,0,1,可预约,￥5.0,阴,23,23,3,0.0,76,40
2026-05-21 19:30:46,2026-05-22,2,乒乓球厅-14号,10:00-11:00,0,1,可预约,￥5.0,阴,23,24,2,0.0,77,39
2026-05-21 20:00:49,2026-05-22,2,乒乓球厅-14号,10:00-11:00,0,1,可预约,￥5.0,雾,22,23,2,0.0,89,39
2026-05-21 20:30:44,2026-05-22,2,乒乓球厅-14号,10:00-11:00,0,1,可预约,￥5.0,雾,22,24,2,0.0,93,43
2026-05-21 21:00:56,2026-05-22,2,乒乓球厅-14号,10:00-11:00,0,1,可预约,￥5.0,雾,20,21,2,0.0,98,43
2026-05-21 21:30:46,2026-05-22,2,乒乓球厅-14号,10:00-11:00,0,1,可预约,￥5.0,雾,20,22,1,0.0,99,41
2026-05-21 22:01:02,2026-05-22,2,乒乓球厅-14号,10:00-11:00,0,1,可预约,￥5.0,雾,19,20,2,0.0,93,41
2026-05-21 22:30:47,2026-05-22,2,乒乓球厅-14号,10:00-11:00,0,1,可预约,￥5.0,雾,19,19,3,0.0,88,46
2026-05-21 23:00:56,2026-05-22,2,乒乓球厅-14号,10:00-11:00,0,1,可预约,￥5.0,多云,18,17,3,0.0,85,46
2026-05-21 23:30:55,2026-05-22,2,乒乓球厅-14号,10:00-11:00,0,1,可预约,￥5.0,多云,18,17,3,0.0,85,48
2026-05-21 08:00:45,2026-05-22,2,乒乓球厅-14号,11:00-12:00,0,1,可预约,￥5.0,晴,17,12,5,0.0,86,29
2026-05-21 08:02:30,2026-05-22,2,乒乓球厅-14号,11:00-12:00,0,1,可预约,￥5.0,多云,17,12,5,0.0,87,29
2026-05-21 08:05:36,2026-05-22,2,乒乓球厅-14号,11:00-12:00,0,1,可预约,￥5.0,多云,17,12,5,0.0,86,29
2026-05-21 08:08:31,2026-05-22,2,乒乓球厅-14号,11:00-12:00,0,1,可预约,￥5.0,多云,17,12,5,0.0,86,29
2026-05-21 08:11:30,2026-05-22,2,乒乓球厅-14号,11:00-12:00,0,1,可预约,￥5.0,多云,17,12,5,0.0,86,29
2026-05-21 08:14:31,2026-05-22,2,乒乓球厅-14号,11:00-12:00,0,1,可预约,￥5.0,多云,17,12,5,0.0,86,29
2026-05-21 08:17:30,2026-05-22,2,乒乓球厅-14号,11:00-12:00,0,1,可预约,￥5.0,多云,17,12,5,0.0,86,29
2026-05-21 08:20:35,2026-05-22,2,乒乓球厅-14号,11:00-12:00,0,1,可预约,￥5.0,多云,17,14,4,0.0,85,29
2026-05-21 08:25:32,2026-05-22,2,乒乓球厅-14号,11:00-12:00,0,1,可预约,￥5.0,多云,17,14,4,0.0,85,28
2026-05-21 08:30:42,2026-05-22,2,乒乓球厅-14号,11:00-12:00,0,1,可预约,￥5.0,多云,18,15,4,0.0,84,28
2026-05-21 08:35:31,2026-05-22,2,乒乓球厅-14号,11:00-12:00,0,1,可预约,￥5.0,多云,18,15,4,0.0,84,28
2026-05-21 08:40:38,2026-05-22,2,乒乓球厅-14号,11:00-12:00,0,1,可预约,￥5.0,多云,18,15,4,0.0,82,28
2026-05-21 08:45:33,2026-05-22,2,乒乓球厅-14号,11:00-12:00,0,1,可预约,￥5.0,多云,18,15,4,0.0,82,28
2026-05-21 08:50:36,2026-05-22,2,乒乓球厅-14号,11:00-12:00,0,1,可预约,￥5.0,多云,18,15,4,0.0,82,28
2026-05-21 08:55:34,2026-05-22,2,乒乓球厅-14号,11:00-12:00,0,1,可预约,￥5.0,多云,18,15,4,0.0,84,28
2026-05-21 09:00:51,2026-05-22,2,乒乓球厅-14号,11:00-12:00,0,1,可预约,￥5.0,多云,18,15,4,0.0,84,28
2026-05-21 09:01:59,2026-05-22,2,乒乓球厅-14号,11:00-12:00,0,1,可预约,￥5.0,多云,18,15,4,0.0,83,28
2026-05-21 09:05:33,2026-05-22,2,乒乓球厅-14号,11:00-12:00,0,1,可预约,￥5.0,多云,18,15,4,0.0,83,28
2026-05-21 09:20:38,2026-05-22,2,乒乓球厅-14号,11:00-12:00,0,1,可预约,￥5.0,多云,18,16,3,0.0,81,28
2026-05-21 09:30:46,2026-05-22,2,乒乓球厅-14号,11:00-12:00,0,1,可预约,￥5.0,多云,18,16,3,0.0,81,32
2026-05-21 09:40:36,2026-05-22,2,乒乓球厅-14号,11:00-12:00,0,1,可预约,￥5.0,多云,19,17,3,0.0,79,32
2026-05-21 09:50:42,2026-05-22,2,乒乓球厅-14号,11:00-12:00,0,1,可预约,￥5.0,多云,19,17,4,0.0,81,32
2026-05-21 10:00:46,2026-05-22,2,乒乓球厅-14号,11:00-12:00,0,1,可预约,￥5.0,多云,19,17,4,0.0,79,32
2026-05-21 10:10:40,2026-05-22,2,乒乓球厅-14号,11:00-12:00,0,1,可预约,￥5.0,多云,19,17,4,0.0,79,32
2026-05-21 10:20:38,2026-05-22,2,乒乓球厅-14号,11:00-12:00,0,1,可预约,￥5.0,多云,19,17,4,0.0,79,32
2026-05-21 10:30:41,2026-05-22,2,乒乓球厅-14号,11:00-12:00,0,1,可预约,￥5.0,多云,19,18,3,0.0,78,31
2026-05-21 11:00:44,2026-05-22,2,乒乓球厅-14号,11:00-12:00,0,1,可预约,￥5.0,多云,21,17,5,0.0,74,31
2026-05-21 11:30:38,2026-05-22,2,乒乓球厅-14号,11:00-12:00,0,1,可预约,￥5.0,多云,21,19,3,0.0,72,33
2026-05-21 12:00:46,2026-05-22,2,乒乓球厅-14号,11:00-12:00,0,1,可预约,￥5.0,多云,22,19,4,0.0,70,33
2026-05-21 12:30:42,2026-05-22,2,乒乓球厅-14号,11:00-12:00,0,1,可预约,￥5.0,多云,22,21,3,0.0,68,35
2026-05-21 13:00:43,2026-05-22,2,乒乓球厅-14号,11:00-12:00,0,1,可预约,￥5.0,多云,24,22,4,0.0,66,35
2026-05-21 13:30:43,2026-05-22,2,乒乓球厅-14号,11:00-12:00,0,1,可预约,￥5.0,多云,24,22,4,0.0,66,36
2026-05-21 14:00:48,2026-05-22,2,乒乓球厅-14号,11:00-12:00,0,1,可预约,￥5.0,多云,25,23,4,0.0,66,36
2026-05-21 14:30:45,2026-05-22,2,乒乓球厅-14号,11:00-12:00,0,1,可预约,￥5.0,晴,25,25,3,0.0,65,39
2026-05-21 15:00:45,2026-05-22,2,乒乓球厅-14号,11:00-12:00,0,1,可预约,￥5.0,晴,25,22,4,0.0,56,39
2026-05-21 15:30:43,2026-05-22,2,乒乓球厅-14号,11:00-12:00,0,1,可预约,￥5.0,晴,25,23,4,0.0,57,40
2026-05-21 16:00:51,2026-05-22,2,乒乓球厅-14号,11:00-12:00,0,1,可预约,￥5.0,晴,25,23,4,0.0,57,40
2026-05-21 16:30:48,2026-05-22,2,乒乓球厅-14号,11:00-12:00,0,1,可预约,￥5.0,晴,25,24,3,0.0,60,39
2026-05-21 17:00:49,2026-05-22,2,乒乓球厅-14号,11:00-12:00,0,1,可预约,￥5.0,晴,25,24,4,0.0,61,39
2026-05-21 17:30:47,2026-05-22,2,乒乓球厅-14号,11:00-12:00,0,1,可预约,￥5.0,多云,24,23,3,0.0,64,39
2026-05-21 18:00:50,2026-05-22,2,乒乓球厅-14号,11:00-12:00,0,1,可预约,￥5.0,多云,24,23,3,0.0,68,39
2026-05-21 18:30:50,2026-05-22,2,乒乓球厅-14号,11:00-12:00,0,1,可预约,￥5.0,阴,24,25,2,0.0,68,40
2026-05-21 19:00:50,2026-05-22,2,乒乓球厅-14号,11:00-12:00,0,1,可预约,￥5.0,阴,23,23,3,0.0,76,40
2026-05-21 19:30:46,2026-05-22,2,乒乓球厅-14号,11:00-12:00,0,1,可预约,￥5.0,阴,23,24,2,0.0,77,39
2026-05-21 20:00:49,2026-05-22,2,乒乓球厅-14号,11:00-12:00,0,1,可预约,￥5.0,雾,22,23,2,0.0,89,39
2026-05-21 20:30:44,2026-05-22,2,乒乓球厅-14号,11:00-12:00,0,1,可预约,￥5.0,雾,22,24,2,0.0,93,43
2026-05-21 21:00:56,2026-05-22,2,乒乓球厅-14号,11:00-12:00,0,1,可预约,￥5.0,雾,20,21,2,0.0,98,43
2026-05-21 21:30:46,2026-05-22,2,乒乓球厅-14号,11:00-12:00,0,1,可预约,￥5.0,雾,20,22,1,0.0,99,41
2026-05-21 22:01:02,2026-05-22,2,乒乓球厅-14号,11:00-12:00,0,1,可预约,￥5.0,雾,19,20,2,0.0,93,41
2026-05-21 22:30:47,2026-05-22,2,乒乓球厅-14号,11:00-12:00,0,1,可预约,￥5.0,雾,19,19,3,0.0,88,46
2026-05-21 23:00:56,2026-05-22,2,乒乓球厅-14号,11:00-12:00,0,1,可预约,￥5.0,多云,18,17,3,0.0,85,46
2026-05-21 23:30:55,2026-05-22,2,乒乓球厅-14号,11:00-12:00,0,1,可预约,￥5.0,多云,18,17,3,0.0,85,48
2026-05-21 08:00:45,2026-05-22,2,乒乓球厅-14号,12:00-12:55,0,1,可预约,￥0.0,晴,17,12,5,0.0,86,29
2026-05-21 08:02:30,2026-05-22,2,乒乓球厅-14号,12:00-12:55,0,1,可预约,￥0.0,多云,17,12,5,0.0,87,29
2026-05-21 08:05:36,2026-05-22,2,乒乓球厅-14号,12:00-12:55,0,1,可预约,￥0.0,多云,17,12,5,0.0,86,29
2026-05-21 08:08:31,2026-05-22,2,乒乓球厅-14号,12:00-12:55,0,1,可预约,￥0.0,多云,17,12,5,0.0,86,29
2026-05-21 08:11:30,2026-05-22,2,乒乓球厅-14号,12:00-12:55,0,1,可预约,￥0.0,多云,17,12,5,0.0,86,29
2026-05-21 08:14:31,2026-05-22,2,乒乓球厅-14号,12:00-12:55,0,1,可预约,￥0.0,多云,17,12,5,0.0,86,29
2026-05-21 08:17:30,2026-05-22,2,乒乓球厅-14号,12:00-12:55,0,1,可预约,￥0.0,多云,17,12,5,0.0,86,29
2026-05-21 08:20:35,2026-05-22,2,乒乓球厅-14号,12:00-12:55,0,1,可预约,￥0.0,多云,17,14,4,0.0,85,29
2026-05-21 08:25:32,2026-05-22,2,乒乓球厅-14号,12:00-12:55,0,1,可预约,￥0.0,多云,17,14,4,0.0,85,28
2026-05-21 08:30:42,2026-05-22,2,乒乓球厅-14号,12:00-12:55,0,1,可预约,￥0.0,多云,18,15,4,0.0,84,28
2026-05-21 08:35:31,2026-05-22,2,乒乓球厅-14号,12:00-12:55,0,1,可预约,￥0.0,多云,18,15,4,0.0,84,28
2026-05-21 08:40:38,2026-05-22,2,乒乓球厅-14号,12:00-12:55,0,1,可预约,￥0.0,多云,18,15,4,0.0,82,28
2026-05-21 08:45:33,2026-05-22,2,乒乓球厅-14号,12:00-12:55,0,1,可预约,￥0.0,多云,18,15,4,0.0,82,28
2026-05-21 08:50:36,2026-05-22,2,乒乓球厅-14号,12:00-12:55,0,1,可预约,￥0.0,多云,18,15,4,0.0,82,28
2026-05-21 08:55:34,2026-05-22,2,乒乓球厅-14号,12:00-12:55,0,1,可预约,￥0.0,多云,18,15,4,0.0,84,28
2026-05-21 09:00:51,2026-05-22,2,乒乓球厅-14号,12:00-12:55,0,1,可预约,￥0.0,多云,18,15,4,0.0,84,28
2026-05-21 09:01:59,2026-05-22,2,乒乓球厅-14号,12:00-12:55,0,1,可预约,￥0.0,多云,18,15,4,0.0,83,28
2026-05-21 09:05:33,2026-05-22,2,乒乓球厅-14号,12:00-12:55,0,1,可预约,￥0.0,多云,18,15,4,0.0,83,28
2026-05-21 09:20:38,2026-05-22,2,乒乓球厅-14号,12:00-12:55,0,1,可预约,￥0.0,多云,18,16,3,0.0,81,28
2026-05-21 09:30:46,2026-05-22,2,乒乓球厅-14号,12:00-12:55,0,1,可预约,￥0.0,多云,18,16,3,0.0,81,32
2026-05-21 09:40:36,2026-05-22,2,乒乓球厅-14号,12:00-12:55,0,1,可预约,￥0.0,多云,19,17,3,0.0,79,32
2026-05-21 09:50:42,2026-05-22,2,乒乓球厅-14号,12:00-12:55,0,1,可预约,￥0.0,多云,19,17,4,0.0,81,32
2026-05-21 10:00:46,2026-05-22,2,乒乓球厅-14号,12:00-12:55,0,1,可预约,￥0.0,多云,19,17,4,0.0,79,32
2026-05-21 10:10:40,2026-05-22,2,乒乓球厅-14号,12:00-12:55,0,1,可预约,￥0.0,多云,19,17,4,0.0,79,32
2026-05-21 10:20:38,2026-05-22,2,乒乓球厅-14号,12:00-12:55,0,1,可预约,￥0.0,多云,19,17,4,0.0,79,32
2026-05-21 10:30:41,2026-05-22,2,乒乓球厅-14号,12:00-12:55,0,1,可预约,￥0.0,多云,19,18,3,0.0,78,31
2026-05-21 11:00:44,2026-05-22,2,乒乓球厅-14号,12:00-12:55,0,1,可预约,￥0.0,多云,21,17,5,0.0,74,31
2026-05-21 11:30:38,2026-05-22,2,乒乓球厅-14号,12:00-12:55,0,1,可预约,￥0.0,多云,21,19,3,0.0,72,33
2026-05-21 12:00:46,2026-05-22,2,乒乓球厅-14号,12:00-12:55,0,1,可预约,￥0.0,多云,22,19,4,0.0,70,33
2026-05-21 12:30:42,2026-05-22,2,乒乓球厅-14号,12:00-12:55,0,1,可预约,￥0.0,多云,22,21,3,0.0,68,35
2026-05-21 13:00:43,2026-05-22,2,乒乓球厅-14号,12:00-12:55,0,1,可预约,￥0.0,多云,24,22,4,0.0,66,35
2026-05-21 13:30:43,2026-05-22,2,乒乓球厅-14号,12:00-12:55,0,1,可预约,￥0.0,多云,24,22,4,0.0,66,36
2026-05-21 14:00:48,2026-05-22,2,乒乓球厅-14号,12:00-12:55,0,1,可预约,￥0.0,多云,25,23,4,0.0,66,36
2026-05-21 14:30:45,2026-05-22,2,乒乓球厅-14号,12:00-12:55,0,1,可预约,￥0.0,晴,25,25,3,0.0,65,39
2026-05-21 15:00:45,2026-05-22,2,乒乓球厅-14号,12:00-12:55,0,1,可预约,￥0.0,晴,25,22,4,0.0,56,39
2026-05-21 15:30:43,2026-05-22,2,乒乓球厅-14号,12:00-12:55,0,1,可预约,￥0.0,晴,25,23,4,0.0,57,40
2026-05-21 16:00:51,2026-05-22,2,乒乓球厅-14号,12:00-12:55,0,1,可预约,￥0.0,晴,25,23,4,0.0,57,40
2026-05-21 16:30:48,2026-05-22,2,乒乓球厅-14号,12:00-12:55,0,1,可预约,￥0.0,晴,25,24,3,0.0,60,39
2026-05-21 17:00:49,2026-05-22,2,乒乓球厅-14号,12:00-12:55,0,1,可预约,￥0.0,晴,25,24,4,0.0,61,39
2026-05-21 17:30:47,2026-05-22,2,乒乓球厅-14号,12:00-12:55,0,1,可预约,￥0.0,多云,24,23,3,0.0,64,39
2026-05-21 18:00:50,2026-05-22,2,乒乓球厅-14号,12:00-12:55,0,1,可预约,￥0.0,多云,24,23,3,0.0,68,39
2026-05-21 18:30:50,2026-05-22,2,乒乓球厅-14号,12:00-12:55,0,1,可预约,￥0.0,阴,24,25,2,0.0,68,40
2026-05-21 19:00:50,2026-05-22,2,乒乓球厅-14号,12:00-12:55,0,1,可预约,￥0.0,阴,23,23,3,0.0,76,40
2026-05-21 19:30:46,2026-05-22,2,乒乓球厅-14号,12:00-12:55,0,1,可预约,￥0.0,阴,23,24,2,0.0,77,39
2026-05-21 20:00:49,2026-05-22,2,乒乓球厅-14号,12:00-12:55,0,1,可预约,￥0.0,雾,22,23,2,0.0,89,39
2026-05-21 20:30:44,2026-05-22,2,乒乓球厅-14号,12:00-12:55,0,1,可预约,￥0.0,雾,22,24,2,0.0,93,43
2026-05-21 21:00:56,2026-05-22,2,乒乓球厅-14号,12:00-12:55,0,1,可预约,￥0.0,雾,20,21,2,0.0,98,43
2026-05-21 21:30:46,2026-05-22,2,乒乓球厅-14号,12:00-12:55,0,1,可预约,￥0.0,雾,20,22,1,0.0,99,41
2026-05-21 22:01:02,2026-05-22,2,乒乓球厅-14号,12:00-12:55,0,1,可预约,￥0.0,雾,19,20,2,0.0,93,41
2026-05-21 22:30:47,2026-05-22,2,乒乓球厅-14号,12:00-12:55,0,1,可预约,￥0.0,雾,19,19,3,0.0,88,46
2026-05-21 23:00:56,2026-05-22,2,乒乓球厅-14号,12:00-12:55,0,1,可预约,￥0.0,多云,18,17,3,0.0,85,46
2026-05-21 23:30:55,2026-05-22,2,乒乓球厅-14号,12:00-12:55,0,1,可预约,￥0.0,多云,18,17,3,0.0,85,48
2026-05-21 08:00:45,2026-05-22,2,乒乓球厅-14号,12:55-13:50,0,1,可预约,￥0.0,晴,17,12,5,0.0,86,29
2026-05-21 08:02:30,2026-05-22,2,乒乓球厅-14号,12:55-13:50,0,1,可预约,￥0.0,多云,17,12,5,0.0,87,29
2026-05-21 08:05:36,2026-05-22,2,乒乓球厅-14号,12:55-13:50,0,1,可预约,￥0.0,多云,17,12,5,0.0,86,29
2026-05-21 08:08:31,2026-05-22,2,乒乓球厅-14号,12:55-13:50,0,1,可预约,￥0.0,多云,17,12,5,0.0,86,29
2026-05-21 08:11:30,2026-05-22,2,乒乓球厅-14号,12:55-13:50,0,1,可预约,￥0.0,多云,17,12,5,0.0,86,29
2026-05-21 08:14:31,2026-05-22,2,乒乓球厅-14号,12:55-13:50,0,1,可预约,￥0.0,多云,17,12,5,0.0,86,29
2026-05-21 08:17:30,2026-05-22,2,乒乓球厅-14号,12:55-13:50,0,1,可预约,￥0.0,多云,17,12,5,0.0,86,29
2026-05-21 08:20:35,2026-05-22,2,乒乓球厅-14号,12:55-13:50,0,1,可预约,￥0.0,多云,17,14,4,0.0,85,29
2026-05-21 08:25:32,2026-05-22,2,乒乓球厅-14号,12:55-13:50,0,1,可预约,￥0.0,多云,17,14,4,0.0,85,28
2026-05-21 08:30:42,2026-05-22,2,乒乓球厅-14号,12:55-13:50,0,1,可预约,￥0.0,多云,18,15,4,0.0,84,28
2026-05-21 08:35:31,2026-05-22,2,乒乓球厅-14号,12:55-13:50,0,1,可预约,￥0.0,多云,18,15,4,0.0,84,28
2026-05-21 08:40:38,2026-05-22,2,乒乓球厅-14号,12:55-13:50,0,1,可预约,￥0.0,多云,18,15,4,0.0,82,28
2026-05-21 08:45:33,2026-05-22,2,乒乓球厅-14号,12:55-13:50,0,1,可预约,￥0.0,多云,18,15,4,0.0,82,28
2026-05-21 08:50:36,2026-05-22,2,乒乓球厅-14号,12:55-13:50,0,1,可预约,￥0.0,多云,18,15,4,0.0,82,28
2026-05-21 08:55:34,2026-05-22,2,乒乓球厅-14号,12:55-13:50,0,1,可预约,￥0.0,多云,18,15,4,0.0,84,28
2026-05-21 09:00:51,2026-05-22,2,乒乓球厅-14号,12:55-13:50,0,1,可预约,￥0.0,多云,18,15,4,0.0,84,28
2026-05-21 09:01:59,2026-05-22,2,乒乓球厅-14号,12:55-13:50,0,1,可预约,￥0.0,多云,18,15,4,0.0,83,28
2026-05-21 09:05:33,2026-05-22,2,乒乓球厅-14号,12:55-13:50,0,1,可预约,￥0.0,多云,18,15,4,0.0,83,28
2026-05-21 09:20:38,2026-05-22,2,乒乓球厅-14号,12:55-13:50,0,1,可预约,￥0.0,多云,18,16,3,0.0,81,28
2026-05-21 09:30:46,2026-05-22,2,乒乓球厅-14号,12:55-13:50,0,1,可预约,￥0.0,多云,18,16,3,0.0,81,32
2026-05-21 09:40:36,2026-05-22,2,乒乓球厅-14号,12:55-13:50,0,1,可预约,￥0.0,多云,19,17,3,0.0,79,32
2026-05-21 09:50:42,2026-05-22,2,乒乓球厅-14号,12:55-13:50,0,1,可预约,￥0.0,多云,19,17,4,0.0,81,32
2026-05-21 10:00:46,2026-05-22,2,乒乓球厅-14号,12:55-13:50,0,1,可预约,￥0.0,多云,19,17,4,0.0,79,32
2026-05-21 10:10:40,2026-05-22,2,乒乓球厅-14号,12:55-13:50,0,1,可预约,￥0.0,多云,19,17,4,0.0,79,32
2026-05-21 10:20:38,2026-05-22,2,乒乓球厅-14号,12:55-13:50,0,1,可预约,￥0.0,多云,19,17,4,0.0,79,32
2026-05-21 10:30:41,2026-05-22,2,乒乓球厅-14号,12:55-13:50,0,1,可预约,￥0.0,多云,19,18,3,0.0,78,31
2026-05-21 11:00:44,2026-05-22,2,乒乓球厅-14号,12:55-13:50,0,1,可预约,￥0.0,多云,21,17,5,0.0,74,31
2026-05-21 11:30:38,2026-05-22,2,乒乓球厅-14号,12:55-13:50,0,1,可预约,￥0.0,多云,21,19,3,0.0,72,33
2026-05-21 12:00:46,2026-05-22,2,乒乓球厅-14号,12:55-13:50,0,1,可预约,￥0.0,多云,22,19,4,0.0,70,33
2026-05-21 12:30:42,2026-05-22,2,乒乓球厅-14号,12:55-13:50,0,1,可预约,￥0.0,多云,22,21,3,0.0,68,35
2026-05-21 13:00:43,2026-05-22,2,乒乓球厅-14号,12:55-13:50,0,1,可预约,￥0.0,多云,24,22,4,0.0,66,35
2026-05-21 13:30:43,2026-05-22,2,乒乓球厅-14号,12:55-13:50,0,1,可预约,￥0.0,多云,24,22,4,0.0,66,36
2026-05-21 14:00:48,2026-05-22,2,乒乓球厅-14号,12:55-13:50,0,1,可预约,￥0.0,多云,25,23,4,0.0,66,36
2026-05-21 14:30:45,2026-05-22,2,乒乓球厅-14号,12:55-13:50,0,1,可预约,￥0.0,晴,25,25,3,0.0,65,39
2026-05-21 15:00:45,2026-05-22,2,乒乓球厅-14号,12:55-13:50,0,1,可预约,￥0.0,晴,25,22,4,0.0,56,39
2026-05-21 15:30:43,2026-05-22,2,乒乓球厅-14号,12:55-13:50,0,1,可预约,￥0.0,晴,25,23,4,0.0,57,40
2026-05-21 16:00:51,2026-05-22,2,乒乓球厅-14号,12:55-13:50,0,1,可预约,￥0.0,晴,25,23,4,0.0,57,40
2026-05-21 16:30:48,2026-05-22,2,乒乓球厅-14号,12:55-13:50,0,1,可预约,￥0.0,晴,25,24,3,0.0,60,39
2026-05-21 17:00:49,2026-05-22,2,乒乓球厅-14号,12:55-13:50,0,1,可预约,￥0.0,晴,25,24,4,0.0,61,39
2026-05-21 17:30:47,2026-05-22,2,乒乓球厅-14号,12:55-13:50,0,1,可预约,￥0.0,多云,24,23,3,0.0,64,39
2026-05-21 18:00:50,2026-05-22,2,乒乓球厅-14号,12:55-13:50,0,1,可预约,￥0.0,多云,24,23,3,0.0,68,39
2026-05-21 18:30:50,2026-05-22,2,乒乓球厅-14号,12:55-13:50,0,1,可预约,￥0.0,阴,24,25,2,0.0,68,40
2026-05-21 19:00:50,2026-05-22,2,乒乓球厅-14号,12:55-13:50,0,1,可预约,￥0.0,阴,23,23,3,0.0,76,40
2026-05-21 19:30:46,2026-05-22,2,乒乓球厅-14号,12:55-13:50,0,1,可预约,￥0.0,阴,23,24,2,0.0,77,39
2026-05-21 20:00:49,2026-05-22,2,乒乓球厅-14号,12:55-13:50,0,1,可预约,￥0.0,雾,22,23,2,0.0,89,39
2026-05-21 20:30:44,2026-05-22,2,乒乓球厅-14号,12:55-13:50,0,1,可预约,￥0.0,雾,22,24,2,0.0,93,43
2026-05-21 21:00:56,2026-05-22,2,乒乓球厅-14号,12:55-13:50,0,1,可预约,￥0.0,雾,20,21,2,0.0,98,43
2026-05-21 21:30:46,2026-05-22,2,乒乓球厅-14号,12:55-13:50,0,1,可预约,￥0.0,雾,20,22,1,0.0,99,41
2026-05-21 22:01:02,2026-05-22,2,乒乓球厅-14号,12:55-13:50,0,1,可预约,￥0.0,雾,19,20,2,0.0,93,41
2026-05-21 22:30:47,2026-05-22,2,乒乓球厅-14号,12:55-13:50,0,1,可预约,￥0.0,雾,19,19,3,0.0,88,46
2026-05-21 23:00:56,2026-05-22,2,乒乓球厅-14号,12:55-13:50,0,1,可预约,￥0.0,多云,18,17,3,0.0,85,46
2026-05-21 23:30:55,2026-05-22,2,乒乓球厅-14号,12:55-13:50,0,1,可预约,￥0.0,多云,18,17,3,0.0,85,48
2026-05-21 08:00:45,2026-05-22,2,乒乓球厅-14号,14:00-15:00,1,1,已售/已满,教学时间,晴,17,12,5,0.0,86,29
2026-05-21 08:02:30,2026-05-22,2,乒乓球厅-14号,14:00-15:00,1,1,已售/已满,教学时间,多云,17,12,5,0.0,87,29
2026-05-21 08:05:36,2026-05-22,2,乒乓球厅-14号,14:00-15:00,1,1,已售/已满,教学时间,多云,17,12,5,0.0,86,29
2026-05-21 08:08:31,2026-05-22,2,乒乓球厅-14号,14:00-15:00,1,1,已售/已满,教学时间,多云,17,12,5,0.0,86,29
2026-05-21 08:11:30,2026-05-22,2,乒乓球厅-14号,14:00-15:00,1,1,已售/已满,教学时间,多云,17,12,5,0.0,86,29
2026-05-21 08:14:31,2026-05-22,2,乒乓球厅-14号,14:00-15:00,1,1,已售/已满,教学时间,多云,17,12,5,0.0,86,29
2026-05-21 08:17:30,2026-05-22,2,乒乓球厅-14号,14:00-15:00,1,1,已售/已满,教学时间,多云,17,12,5,0.0,86,29
2026-05-21 08:20:35,2026-05-22,2,乒乓球厅-14号,14:00-15:00,1,1,已售/已满,教学时间,多云,17,14,4,0.0,85,29
2026-05-21 08:25:32,2026-05-22,2,乒乓球厅-14号,14:00-15:00,1,1,已售/已满,教学时间,多云,17,14,4,0.0,85,28
2026-05-21 08:30:42,2026-05-22,2,乒乓球厅-14号,14:00-15:00,1,1,已售/已满,教学时间,多云,18,15,4,0.0,84,28
2026-05-21 08:35:31,2026-05-22,2,乒乓球厅-14号,14:00-15:00,1,1,已售/已满,教学时间,多云,18,15,4,0.0,84,28
2026-05-21 08:40:38,2026-05-22,2,乒乓球厅-14号,14:00-15:00,1,1,已售/已满,教学时间,多云,18,15,4,0.0,82,28
2026-05-21 08:45:33,2026-05-22,2,乒乓球厅-14号,14:00-15:00,1,1,已售/已满,教学时间,多云,18,15,4,0.0,82,28
2026-05-21 08:50:36,2026-05-22,2,乒乓球厅-14号,14:00-15:00,1,1,已售/已满,教学时间,多云,18,15,4,0.0,82,28
2026-05-21 08:55:34,2026-05-22,2,乒乓球厅-14号,14:00-15:00,1,1,已售/已满,教学时间,多云,18,15,4,0.0,84,28
2026-05-21 09:00:51,2026-05-22,2,乒乓球厅-14号,14:00-15:00,1,1,已售/已满,教学时间,多云,18,15,4,0.0,84,28
2026-05-21 09:01:59,2026-05-22,2,乒乓球厅-14号,14:00-15:00,1,1,已售/已满,教学时间,多云,18,15,4,0.0,83,28
2026-05-21 09:05:33,2026-05-22,2,乒乓球厅-14号,14:00-15:00,1,1,已售/已满,教学时间,多云,18,15,4,0.0,83,28
2026-05-21 09:20:38,2026-05-22,2,乒乓球厅-14号,14:00-15:00,1,1,已售/已满,教学时间,多云,18,16,3,0.0,81,28
2026-05-21 09:30:46,2026-05-22,2,乒乓球厅-14号,14:00-15:00,1,1,已售/已满,教学时间,多云,18,16,3,0.0,81,32
2026-05-21 09:40:36,2026-05-22,2,乒乓球厅-14号,14:00-15:00,1,1,已售/已满,教学时间,多云,19,17,3,0.0,79,32
2026-05-21 09:50:42,2026-05-22,2,乒乓球厅-14号,14:00-15:00,1,1,已售/已满,教学时间,多云,19,17,4,0.0,81,32
2026-05-21 10:00:46,2026-05-22,2,乒乓球厅-14号,14:00-15:00,1,1,已售/已满,教学时间,多云,19,17,4,0.0,79,32
2026-05-21 10:10:40,2026-05-22,2,乒乓球厅-14号,14:00-15:00,1,1,已售/已满,教学时间,多云,19,17,4,0.0,79,32
2026-05-21 10:20:38,2026-05-22,2,乒乓球厅-14号,14:00-15:00,1,1,已售/已满,教学时间,多云,19,17,4,0.0,79,32
2026-05-21 10:30:41,2026-05-22,2,乒乓球厅-14号,14:00-15:00,1,1,已售/已满,教学时间,多云,19,18,3,0.0,78,31
2026-05-21 11:00:44,2026-05-22,2,乒乓球厅-14号,14:00-15:00,1,1,已售/已满,教学时间,多云,21,17,5,0.0,74,31
2026-05-21 11:30:38,2026-05-22,2,乒乓球厅-14号,14:00-15:00,1,1,已售/已满,教学时间,多云,21,19,3,0.0,72,33
2026-05-21 12:00:46,2026-05-22,2,乒乓球厅-14号,14:00-15:00,1,1,已售/已满,教学时间,多云,22,19,4,0.0,70,33
2026-05-21 12:30:42,2026-05-22,2,乒乓球厅-14号,14:00-15:00,1,1,已售/已满,教学时间,多云,22,21,3,0.0,68,35
2026-05-21 13:00:43,2026-05-22,2,乒乓球厅-14号,14:00-15:00,1,1,已售/已满,教学时间,多云,24,22,4,0.0,66,35
2026-05-21 13:30:43,2026-05-22,2,乒乓球厅-14号,14:00-15:00,1,1,已售/已满,教学时间,多云,24,22,4,0.0,66,36
2026-05-21 14:00:48,2026-05-22,2,乒乓球厅-14号,14:00-15:00,1,1,已售/已满,教学时间,多云,25,23,4,0.0,66,36
2026-05-21 14:30:45,2026-05-22,2,乒乓球厅-14号,14:00-15:00,1,1,已售/已满,教学时间,晴,25,25,3,0.0,65,39
2026-05-21 15:00:45,2026-05-22,2,乒乓球厅-14号,14:00-15:00,1,1,已售/已满,教学时间,晴,25,22,4,0.0,56,39
2026-05-21 15:30:43,2026-05-22,2,乒乓球厅-14号,14:00-15:00,1,1,已售/已满,教学时间,晴,25,23,4,0.0,57,40
2026-05-21 16:00:51,2026-05-22,2,乒乓球厅-14号,14:00-15:00,1,1,已售/已满,教学时间,晴,25,23,4,0.0,57,40
2026-05-21 16:30:48,2026-05-22,2,乒乓球厅-14号,14:00-15:00,1,1,已售/已满,教学时间,晴,25,24,3,0.0,60,39
2026-05-21 17:00:49,2026-05-22,2,乒乓球厅-14号,14:00-15:00,1,1,已售/已满,教学时间,晴,25,24,4,0.0,61,39
2026-05-21 17:30:47,2026-05-22,2,乒乓球厅-14号,14:00-15:00,1,1,已售/已满,教学时间,多云,24,23,3,0.0,64,39
2026-05-21 18:00:50,2026-05-22,2,乒乓球厅-14号,14:00-15:00,1,1,已售/已满,教学时间,多云,24,23,3,0.0,68,39
2026-05-21 18:30:50,2026-05-22,2,乒乓球厅-14号,14:00-15:00,1,1,已售/已满,教学时间,阴,24,25,2,0.0,68,40
2026-05-21 19:00:50,2026-05-22,2,乒乓球厅-14号,14:00-15:00,1,1,已售/已满,教学时间,阴,23,23,3,0.0,76,40
2026-05-21 19:30:46,2026-05-22,2,乒乓球厅-14号,14:00-15:00,1,1,已售/已满,教学时间,阴,23,24,2,0.0,77,39
2026-05-21 20:00:49,2026-05-22,2,乒乓球厅-14号,14:00-15:00,1,1,已售/已满,教学时间,雾,22,23,2,0.0,89,39
2026-05-21 20:30:44,2026-05-22,2,乒乓球厅-14号,14:00-15:00,1,1,已售/已满,教学时间,雾,22,24,2,0.0,93,43
2026-05-21 21:00:56,2026-05-22,2,乒乓球厅-14号,14:00-15:00,1,1,已售/已满,教学时间,雾,20,21,2,0.0,98,43
2026-05-21 21:30:46,2026-05-22,2,乒乓球厅-14号,14:00-15:00,1,1,已售/已满,教学时间,雾,20,22,1,0.0,99,41
2026-05-21 22:01:02,2026-05-22,2,乒乓球厅-14号,14:00-15:00,1,1,已售/已满,教学时间,雾,19,20,2,0.0,93,41
2026-05-21 22:30:47,2026-05-22,2,乒乓球厅-14号,14:00-15:00,1,1,已售/已满,教学时间,雾,19,19,3,0.0,88,46
2026-05-21 23:00:56,2026-05-22,2,乒乓球厅-14号,14:00-15:00,1,1,已售/已满,教学时间,多云,18,17,3,0.0,85,46
2026-05-21 23:30:55,2026-05-22,2,乒乓球厅-14号,14:00-15:00,1,1,已售/已满,教学时间,多云,18,17,3,0.0,85,48
2026-05-21 08:00:45,2026-05-22,2,乒乓球厅-14号,15:00-16:00,1,1,已售/已满,教学时间,晴,17,12,5,0.0,86,29
2026-05-21 08:02:30,2026-05-22,2,乒乓球厅-14号,15:00-16:00,1,1,已售/已满,教学时间,多云,17,12,5,0.0,87,29
2026-05-21 08:05:36,2026-05-22,2,乒乓球厅-14号,15:00-16:00,1,1,已售/已满,教学时间,多云,17,12,5,0.0,86,29
2026-05-21 08:08:31,2026-05-22,2,乒乓球厅-14号,15:00-16:00,1,1,已售/已满,教学时间,多云,17,12,5,0.0,86,29
2026-05-21 08:11:30,2026-05-22,2,乒乓球厅-14号,15:00-16:00,1,1,已售/已满,教学时间,多云,17,12,5,0.0,86,29
2026-05-21 08:14:31,2026-05-22,2,乒乓球厅-14号,15:00-16:00,1,1,已售/已满,教学时间,多云,17,12,5,0.0,86,29
2026-05-21 08:17:30,2026-05-22,2,乒乓球厅-14号,15:00-16:00,1,1,已售/已满,教学时间,多云,17,12,5,0.0,86,29
2026-05-21 08:20:35,2026-05-22,2,乒乓球厅-14号,15:00-16:00,1,1,已售/已满,教学时间,多云,17,14,4,0.0,85,29
2026-05-21 08:25:32,2026-05-22,2,乒乓球厅-14号,15:00-16:00,1,1,已售/已满,教学时间,多云,17,14,4,0.0,85,28
2026-05-21 08:30:42,2026-05-22,2,乒乓球厅-14号,15:00-16:00,1,1,已售/已满,教学时间,多云,18,15,4,0.0,84,28
2026-05-21 08:35:31,2026-05-22,2,乒乓球厅-14号,15:00-16:00,1,1,已售/已满,教学时间,多云,18,15,4,0.0,84,28
2026-05-21 08:40:38,2026-05-22,2,乒乓球厅-14号,15:00-16:00,1,1,已售/已满,教学时间,多云,18,15,4,0.0,82,28
2026-05-21 08:45:33,2026-05-22,2,乒乓球厅-14号,15:00-16:00,1,1,已售/已满,教学时间,多云,18,15,4,0.0,82,28
2026-05-21 08:50:36,2026-05-22,2,乒乓球厅-14号,15:00-16:00,1,1,已售/已满,教学时间,多云,18,15,4,0.0,82,28
2026-05-21 08:55:34,2026-05-22,2,乒乓球厅-14号,15:00-16:00,1,1,已售/已满,教学时间,多云,18,15,4,0.0,84,28
2026-05-21 09:00:51,2026-05-22,2,乒乓球厅-14号,15:00-16:00,1,1,已售/已满,教学时间,多云,18,15,4,0.0,84,28
2026-05-21 09:01:59,2026-05-22,2,乒乓球厅-14号,15:00-16:00,1,1,已售/已满,教学时间,多云,18,15,4,0.0,83,28
2026-05-21 09:05:33,2026-05-22,2,乒乓球厅-14号,15:00-16:00,1,1,已售/已满,教学时间,多云,18,15,4,0.0,83,28
2026-05-21 09:20:38,2026-05-22,2,乒乓球厅-14号,15:00-16:00,1,1,已售/已满,教学时间,多云,18,16,3,0.0,81,28
2026-05-21 09:30:46,2026-05-22,2,乒乓球厅-14号,15:00-16:00,1,1,已售/已满,教学时间,多云,18,16,3,0.0,81,32
2026-05-21 09:40:36,2026-05-22,2,乒乓球厅-14号,15:00-16:00,1,1,已售/已满,教学时间,多云,19,17,3,0.0,79,32
2026-05-21 09:50:42,2026-05-22,2,乒乓球厅-14号,15:00-16:00,1,1,已售/已满,教学时间,多云,19,17,4,0.0,81,32
2026-05-21 10:00:46,2026-05-22,2,乒乓球厅-14号,15:00-16:00,1,1,已售/已满,教学时间,多云,19,17,4,0.0,79,32
2026-05-21 10:10:40,2026-05-22,2,乒乓球厅-14号,15:00-16:00,1,1,已售/已满,教学时间,多云,19,17,4,0.0,79,32
2026-05-21 10:20:38,2026-05-22,2,乒乓球厅-14号,15:00-16:00,1,1,已售/已满,教学时间,多云,19,17,4,0.0,79,32
2026-05-21 10:30:41,2026-05-22,2,乒乓球厅-14号,15:00-16:00,1,1,已售/已满,教学时间,多云,19,18,3,0.0,78,31
2026-05-21 11:00:44,2026-05-22,2,乒乓球厅-14号,15:00-16:00,1,1,已售/已满,教学时间,多云,21,17,5,0.0,74,31
2026-05-21 11:30:38,2026-05-22,2,乒乓球厅-14号,15:00-16:00,1,1,已售/已满,教学时间,多云,21,19,3,0.0,72,33
2026-05-21 12:00:46,2026-05-22,2,乒乓球厅-14号,15:00-16:00,1,1,已售/已满,教学时间,多云,22,19,4,0.0,70,33
2026-05-21 12:30:42,2026-05-22,2,乒乓球厅-14号,15:00-16:00,1,1,已售/已满,教学时间,多云,22,21,3,0.0,68,35
2026-05-21 13:00:43,2026-05-22,2,乒乓球厅-14号,15:00-16:00,1,1,已售/已满,教学时间,多云,24,22,4,0.0,66,35
2026-05-21 13:30:43,2026-05-22,2,乒乓球厅-14号,15:00-16:00,1,1,已售/已满,教学时间,多云,24,22,4,0.0,66,36
2026-05-21 14:00:48,2026-05-22,2,乒乓球厅-14号,15:00-16:00,1,1,已售/已满,教学时间,多云,25,23,4,0.0,66,36
2026-05-21 14:30:45,2026-05-22,2,乒乓球厅-14号,15:00-16:00,1,1,已售/已满,教学时间,晴,25,25,3,0.0,65,39
2026-05-21 15:00:45,2026-05-22,2,乒乓球厅-14号,15:00-16:00,1,1,已售/已满,教学时间,晴,25,22,4,0.0,56,39
2026-05-21 15:30:43,2026-05-22,2,乒乓球厅-14号,15:00-16:00,1,1,已售/已满,教学时间,晴,25,23,4,0.0,57,40
2026-05-21 16:00:51,2026-05-22,2,乒乓球厅-14号,15:00-16:00,1,1,已售/已满,教学时间,晴,25,23,4,0.0,57,40
2026-05-21 16:30:48,2026-05-22,2,乒乓球厅-14号,15:00-16:00,1,1,已售/已满,教学时间,晴,25,24,3,0.0,60,39
2026-05-21 17:00:49,2026-05-22,2,乒乓球厅-14号,15:00-16:00,1,1,已售/已满,教学时间,晴,25,24,4,0.0,61,39
2026-05-21 17:30:47,2026-05-22,2,乒乓球厅-14号,15:00-16:00,1,1,已售/已满,教学时间,多云,24,23,3,0.0,64,39
2026-05-21 18:00:50,2026-05-22,2,乒乓球厅-14号,15:00-16:00,1,1,已售/已满,教学时间,多云,24,23,3,0.0,68,39
2026-05-21 18:30:50,2026-05-22,2,乒乓球厅-14号,15:00-16:00,1,1,已售/已满,教学时间,阴,24,25,2,0.0,68,40
2026-05-21 19:00:50,2026-05-22,2,乒乓球厅-14号,15:00-16:00,1,1,已售/已满,教学时间,阴,23,23,3,0.0,76,40
2026-05-21 19:30:46,2026-05-22,2,乒乓球厅-14号,15:00-16:00,1,1,已售/已满,教学时间,阴,23,24,2,0.0,77,39
2026-05-21 20:00:49,2026-05-22,2,乒乓球厅-14号,15:00-16:00,1,1,已售/已满,教学时间,雾,22,23,2,0.0,89,39
2026-05-21 20:30:44,2026-05-22,2,乒乓球厅-14号,15:00-16:00,1,1,已售/已满,教学时间,雾,22,24,2,0.0,93,43
2026-05-21 21:00:56,2026-05-22,2,乒乓球厅-14号,15:00-16:00,1,1,已售/已满,教学时间,雾,20,21,2,0.0,98,43
2026-05-21 21:30:46,2026-05-22,2,乒乓球厅-14号,15:00-16:00,1,1,已售/已满,教学时间,雾,20,22,1,0.0,99,41
2026-05-21 22:01:02,2026-05-22,2,乒乓球厅-14号,15:00-16:00,1,1,已售/已满,教学时间,雾,19,20,2,0.0,93,41
2026-05-21 22:30:47,2026-05-22,2,乒乓球厅-14号,15:00-16:00,1,1,已售/已满,教学时间,雾,19,19,3,0.0,88,46
2026-05-21 23:00:56,2026-05-22,2,乒乓球厅-14号,15:00-16:00,1,1,已售/已满,教学时间,多云,18,17,3,0.0,85,46
2026-05-21 23:30:55,2026-05-22,2,乒乓球厅-14号,15:00-16:00,1,1,已售/已满,教学时间,多云,18,17,3,0.0,85,48
2026-05-21 08:00:45,2026-05-22,2,乒乓球厅-14号,16:00-17:00,0,1,可预约,￥5.0,晴,17,12,5,0.0,86,29
2026-05-21 08:02:30,2026-05-22,2,乒乓球厅-14号,16:00-17:00,0,1,可预约,￥5.0,多云,17,12,5,0.0,87,29
2026-05-21 08:05:36,2026-05-22,2,乒乓球厅-14号,16:00-17:00,0,1,可预约,￥5.0,多云,17,12,5,0.0,86,29
2026-05-21 08:08:31,2026-05-22,2,乒乓球厅-14号,16:00-17:00,0,1,可预约,￥5.0,多云,17,12,5,0.0,86,29
2026-05-21 08:11:30,2026-05-22,2,乒乓球厅-14号,16:00-17:00,0,1,可预约,￥5.0,多云,17,12,5,0.0,86,29
2026-05-21 08:14:31,2026-05-22,2,乒乓球厅-14号,16:00-17:00,0,1,可预约,￥5.0,多云,17,12,5,0.0,86,29
2026-05-21 08:17:30,2026-05-22,2,乒乓球厅-14号,16:00-17:00,0,1,可预约,￥5.0,多云,17,12,5,0.0,86,29
2026-05-21 08:20:35,2026-05-22,2,乒乓球厅-14号,16:00-17:00,0,1,可预约,￥5.0,多云,17,14,4,0.0,85,29
2026-05-21 08:25:32,2026-05-22,2,乒乓球厅-14号,16:00-17:00,0,1,可预约,￥5.0,多云,17,14,4,0.0,85,28
2026-05-21 08:30:42,2026-05-22,2,乒乓球厅-14号,16:00-17:00,0,1,可预约,￥5.0,多云,18,15,4,0.0,84,28
2026-05-21 08:35:31,2026-05-22,2,乒乓球厅-14号,16:00-17:00,0,1,可预约,￥5.0,多云,18,15,4,0.0,84,28
2026-05-21 08:40:38,2026-05-22,2,乒乓球厅-14号,16:00-17:00,0,1,可预约,￥5.0,多云,18,15,4,0.0,82,28
2026-05-21 08:45:33,2026-05-22,2,乒乓球厅-14号,16:00-17:00,0,1,可预约,￥5.0,多云,18,15,4,0.0,82,28
2026-05-21 08:50:36,2026-05-22,2,乒乓球厅-14号,16:00-17:00,0,1,可预约,￥5.0,多云,18,15,4,0.0,82,28
2026-05-21 08:55:34,2026-05-22,2,乒乓球厅-14号,16:00-17:00,0,1,可预约,￥5.0,多云,18,15,4,0.0,84,28
2026-05-21 09:00:51,2026-05-22,2,乒乓球厅-14号,16:00-17:00,0,1,可预约,￥5.0,多云,18,15,4,0.0,84,28
2026-05-21 09:01:59,2026-05-22,2,乒乓球厅-14号,16:00-17:00,0,1,可预约,￥5.0,多云,18,15,4,0.0,83,28
2026-05-21 09:05:33,2026-05-22,2,乒乓球厅-14号,16:00-17:00,0,1,可预约,￥5.0,多云,18,15,4,0.0,83,28
2026-05-21 09:20:38,2026-05-22,2,乒乓球厅-14号,16:00-17:00,0,1,可预约,￥5.0,多云,18,16,3,0.0,81,28
2026-05-21 09:30:46,2026-05-22,2,乒乓球厅-14号,16:00-17:00,0,1,可预约,￥5.0,多云,18,16,3,0.0,81,32
2026-05-21 09:40:36,2026-05-22,2,乒乓球厅-14号,16:00-17:00,0,1,可预约,￥5.0,多云,19,17,3,0.0,79,32
2026-05-21 09:50:42,2026-05-22,2,乒乓球厅-14号,16:00-17:00,0,1,可预约,￥5.0,多云,19,17,4,0.0,81,32
2026-05-21 10:00:46,2026-05-22,2,乒乓球厅-14号,16:00-17:00,0,1,可预约,￥5.0,多云,19,17,4,0.0,79,32
2026-05-21 10:10:40,2026-05-22,2,乒乓球厅-14号,16:00-17:00,0,1,可预约,￥5.0,多云,19,17,4,0.0,79,32
2026-05-21 10:20:38,2026-05-22,2,乒乓球厅-14号,16:00-17:00,0,1,可预约,￥5.0,多云,19,17,4,0.0,79,32
2026-05-21 10:30:41,2026-05-22,2,乒乓球厅-14号,16:00-17:00,0,1,可预约,￥5.0,多云,19,18,3,0.0,78,31
2026-05-21 11:00:44,2026-05-22,2,乒乓球厅-14号,16:00-17:00,0,1,可预约,￥5.0,多云,21,17,5,0.0,74,31
2026-05-21 11:30:38,2026-05-22,2,乒乓球厅-14号,16:00-17:00,0,1,可预约,￥5.0,多云,21,19,3,0.0,72,33
2026-05-21 12:00:46,2026-05-22,2,乒乓球厅-14号,16:00-17:00,0,1,可预约,￥5.0,多云,22,19,4,0.0,70,33
2026-05-21 12:30:42,2026-05-22,2,乒乓球厅-14号,16:00-17:00,0,1,可预约,￥5.0,多云,22,21,3,0.0,68,35
2026-05-21 13:00:43,2026-05-22,2,乒乓球厅-14号,16:00-17:00,0,1,可预约,￥5.0,多云,24,22,4,0.0,66,35
2026-05-21 13:30:43,2026-05-22,2,乒乓球厅-14号,16:00-17:00,0,1,可预约,￥5.0,多云,24,22,4,0.0,66,36
2026-05-21 14:00:48,2026-05-22,2,乒乓球厅-14号,16:00-17:00,0,1,可预约,￥5.0,多云,25,23,4,0.0,66,36
2026-05-21 14:30:45,2026-05-22,2,乒乓球厅-14号,16:00-17:00,0,1,可预约,￥5.0,晴,25,25,3,0.0,65,39
2026-05-21 15:00:45,2026-05-22,2,乒乓球厅-14号,16:00-17:00,0,1,可预约,￥5.0,晴,25,22,4,0.0,56,39
2026-05-21 15:30:43,2026-05-22,2,乒乓球厅-14号,16:00-17:00,0,1,可预约,￥5.0,晴,25,23,4,0.0,57,40
2026-05-21 16:00:51,2026-05-22,2,乒乓球厅-14号,16:00-17:00,0,1,可预约,￥5.0,晴,25,23,4,0.0,57,40
2026-05-21 16:30:48,2026-05-22,2,乒乓球厅-14号,16:00-17:00,0,1,可预约,￥5.0,晴,25,24,3,0.0,60,39
2026-05-21 17:00:49,2026-05-22,2,乒乓球厅-14号,16:00-17:00,0,1,可预约,￥5.0,晴,25,24,4,0.0,61,39
2026-05-21 17:30:47,2026-05-22,2,乒乓球厅-14号,16:00-17:00,0,1,可预约,￥5.0,多云,24,23,3,0.0,64,39
2026-05-21 18:00:50,2026-05-22,2,乒乓球厅-14号,16:00-17:00,0,1,可预约,￥5.0,多云,24,23,3,0.0,68,39
2026-05-21 18:30:50,2026-05-22,2,乒乓球厅-14号,16:00-17:00,0,1,可预约,￥5.0,阴,24,25,2,0.0,68,40
2026-05-21 19:00:50,2026-05-22,2,乒乓球厅-14号,16:00-17:00,0,1,可预约,￥5.0,阴,23,23,3,0.0,76,40
2026-05-21 19:30:46,2026-05-22,2,乒乓球厅-14号,16:00-17:00,0,1,可预约,￥5.0,阴,23,24,2,0.0,77,39
2026-05-21 20:00:49,2026-05-22,2,乒乓球厅-14号,16:00-17:00,0,1,可预约,￥5.0,雾,22,23,2,0.0,89,39
2026-05-21 20:30:44,2026-05-22,2,乒乓球厅-14号,16:00-17:00,0,1,可预约,￥5.0,雾,22,24,2,0.0,93,43
2026-05-21 21:00:56,2026-05-22,2,乒乓球厅-14号,16:00-17:00,0,1,可预约,￥5.0,雾,20,21,2,0.0,98,43
2026-05-21 21:30:46,2026-05-22,2,乒乓球厅-14号,16:00-17:00,0,1,可预约,￥5.0,雾,20,22,1,0.0,99,41
2026-05-21 22:01:02,2026-05-22,2,乒乓球厅-14号,16:00-17:00,0,1,可预约,￥5.0,雾,19,20,2,0.0,93,41
2026-05-21 22:30:47,2026-05-22,2,乒乓球厅-14号,16:00-17:00,0,1,可预约,￥5.0,雾,19,19,3,0.0,88,46
2026-05-21 23:00:56,2026-05-22,2,乒乓球厅-14号,16:00-17:00,0,1,可预约,￥5.0,多云,18,17,3,0.0,85,46
2026-05-21 23:30:55,2026-05-22,2,乒乓球厅-14号,16:00-17:00,0,1,可预约,￥5.0,多云,18,17,3,0.0,85,48
2026-05-21 08:00:45,2026-05-22,2,乒乓球厅-14号,17:00-18:00,0,1,可预约,￥5.0,晴,17,12,5,0.0,86,29
2026-05-21 08:02:30,2026-05-22,2,乒乓球厅-14号,17:00-18:00,0,1,可预约,￥5.0,多云,17,12,5,0.0,87,29
2026-05-21 08:05:36,2026-05-22,2,乒乓球厅-14号,17:00-18:00,0,1,可预约,￥5.0,多云,17,12,5,0.0,86,29
2026-05-21 08:08:31,2026-05-22,2,乒乓球厅-14号,17:00-18:00,0,1,可预约,￥5.0,多云,17,12,5,0.0,86,29
2026-05-21 08:11:30,2026-05-22,2,乒乓球厅-14号,17:00-18:00,0,1,可预约,￥5.0,多云,17,12,5,0.0,86,29
2026-05-21 08:14:31,2026-05-22,2,乒乓球厅-14号,17:00-18:00,0,1,可预约,￥5.0,多云,17,12,5,0.0,86,29
2026-05-21 08:17:30,2026-05-22,2,乒乓球厅-14号,17:00-18:00,0,1,可预约,￥5.0,多云,17,12,5,0.0,86,29
2026-05-21 08:20:35,2026-05-22,2,乒乓球厅-14号,17:00-18:00,0,1,可预约,￥5.0,多云,17,14,4,0.0,85,29
2026-05-21 08:25:32,2026-05-22,2,乒乓球厅-14号,17:00-18:00,0,1,可预约,￥5.0,多云,17,14,4,0.0,85,28
2026-05-21 08:30:42,2026-05-22,2,乒乓球厅-14号,17:00-18:00,0,1,可预约,￥5.0,多云,18,15,4,0.0,84,28
2026-05-21 08:35:31,2026-05-22,2,乒乓球厅-14号,17:00-18:00,0,1,可预约,￥5.0,多云,18,15,4,0.0,84,28
2026-05-21 08:40:38,2026-05-22,2,乒乓球厅-14号,17:00-18:00,0,1,可预约,￥5.0,多云,18,15,4,0.0,82,28
2026-05-21 08:45:33,2026-05-22,2,乒乓球厅-14号,17:00-18:00,0,1,可预约,￥5.0,多云,18,15,4,0.0,82,28
2026-05-21 08:50:36,2026-05-22,2,乒乓球厅-14号,17:00-18:00,0,1,可预约,￥5.0,多云,18,15,4,0.0,82,28
2026-05-21 08:55:34,2026-05-22,2,乒乓球厅-14号,17:00-18:00,0,1,可预约,￥5.0,多云,18,15,4,0.0,84,28
2026-05-21 09:00:51,2026-05-22,2,乒乓球厅-14号,17:00-18:00,0,1,可预约,￥5.0,多云,18,15,4,0.0,84,28
2026-05-21 09:01:59,2026-05-22,2,乒乓球厅-14号,17:00-18:00,0,1,可预约,￥5.0,多云,18,15,4,0.0,83,28
2026-05-21 09:05:33,2026-05-22,2,乒乓球厅-14号,17:00-18:00,0,1,可预约,￥5.0,多云,18,15,4,0.0,83,28
2026-05-21 09:20:38,2026-05-22,2,乒乓球厅-14号,17:00-18:00,0,1,可预约,￥5.0,多云,18,16,3,0.0,81,28
2026-05-21 09:30:46,2026-05-22,2,乒乓球厅-14号,17:00-18:00,0,1,可预约,￥5.0,多云,18,16,3,0.0,81,32
2026-05-21 09:40:36,2026-05-22,2,乒乓球厅-14号,17:00-18:00,0,1,可预约,￥5.0,多云,19,17,3,0.0,79,32
2026-05-21 09:50:42,2026-05-22,2,乒乓球厅-14号,17:00-18:00,0,1,可预约,￥5.0,多云,19,17,4,0.0,81,32
2026-05-21 10:00:46,2026-05-22,2,乒乓球厅-14号,17:00-18:00,0,1,可预约,￥5.0,多云,19,17,4,0.0,79,32
2026-05-21 10:10:40,2026-05-22,2,乒乓球厅-14号,17:00-18:00,0,1,可预约,￥5.0,多云,19,17,4,0.0,79,32
2026-05-21 10:20:38,2026-05-22,2,乒乓球厅-14号,17:00-18:00,0,1,可预约,￥5.0,多云,19,17,4,0.0,79,32
2026-05-21 10:30:41,2026-05-22,2,乒乓球厅-14号,17:00-18:00,0,1,可预约,￥5.0,多云,19,18,3,0.0,78,31
2026-05-21 11:00:44,2026-05-22,2,乒乓球厅-14号,17:00-18:00,0,1,可预约,￥5.0,多云,21,17,5,0.0,74,31
2026-05-21 11:30:38,2026-05-22,2,乒乓球厅-14号,17:00-18:00,0,1,可预约,￥5.0,多云,21,19,3,0.0,72,33
2026-05-21 12:00:46,2026-05-22,2,乒乓球厅-14号,17:00-18:00,0,1,可预约,￥5.0,多云,22,19,4,0.0,70,33
2026-05-21 12:30:42,2026-05-22,2,乒乓球厅-14号,17:00-18:00,0,1,可预约,￥5.0,多云,22,21,3,0.0,68,35
2026-05-21 13:00:43,2026-05-22,2,乒乓球厅-14号,17:00-18:00,0,1,可预约,￥5.0,多云,24,22,4,0.0,66,35
2026-05-21 13:30:43,2026-05-22,2,乒乓球厅-14号,17:00-18:00,0,1,可预约,￥5.0,多云,24,22,4,0.0,66,36
2026-05-21 14:00:48,2026-05-22,2,乒乓球厅-14号,17:00-18:00,0,1,可预约,￥5.0,多云,25,23,4,0.0,66,36
2026-05-21 14:30:45,2026-05-22,2,乒乓球厅-14号,17:00-18:00,0,1,可预约,￥5.0,晴,25,25,3,0.0,65,39
2026-05-21 15:00:45,2026-05-22,2,乒乓球厅-14号,17:00-18:00,0,1,可预约,￥5.0,晴,25,22,4,0.0,56,39
2026-05-21 15:30:43,2026-05-22,2,乒乓球厅-14号,17:00-18:00,0,1,可预约,￥5.0,晴,25,23,4,0.0,57,40
2026-05-21 16:00:51,2026-05-22,2,乒乓球厅-14号,17:00-18:00,0,1,可预约,￥5.0,晴,25,23,4,0.0,57,40
2026-05-21 16:30:48,2026-05-22,2,乒乓球厅-14号,17:00-18:00,0,1,可预约,￥5.0,晴,25,24,3,0.0,60,39
2026-05-21 17:00:49,2026-05-22,2,乒乓球厅-14号,17:00-18:00,0,1,可预约,￥5.0,晴,25,24,4,0.0,61,39
2026-05-21 17:30:47,2026-05-22,2,乒乓球厅-14号,17:00-18:00,0,1,可预约,￥5.0,多云,24,23,3,0.0,64,39
2026-05-21 18:00:50,2026-05-22,2,乒乓球厅-14号,17:00-18:00,0,1,可预约,￥5.0,多云,24,23,3,0.0,68,39
2026-05-21 18:30:50,2026-05-22,2,乒乓球厅-14号,17:00-18:00,0,1,可预约,￥5.0,阴,24,25,2,0.0,68,40
2026-05-21 19:00:50,2026-05-22,2,乒乓球厅-14号,17:00-18:00,0,1,可预约,￥5.0,阴,23,23,3,0.0,76,40
2026-05-21 19:30:46,2026-05-22,2,乒乓球厅-14号,17:00-18:00,0,1,可预约,￥5.0,阴,23,24,2,0.0,77,39
2026-05-21 20:00:49,2026-05-22,2,乒乓球厅-14号,17:00-18:00,0,1,可预约,￥5.0,雾,22,23,2,0.0,89,39
2026-05-21 20:30:44,2026-05-22,2,乒乓球厅-14号,17:00-18:00,0,1,可预约,￥5.0,雾,22,24,2,0.0,93,43
2026-05-21 21:00:56,2026-05-22,2,乒乓球厅-14号,17:00-18:00,0,1,可预约,￥5.0,雾,20,21,2,0.0,98,43
2026-05-21 21:30:46,2026-05-22,2,乒乓球厅-14号,17:00-18:00,0,1,可预约,￥5.0,雾,20,22,1,0.0,99,41
2026-05-21 22:01:02,2026-05-22,2,乒乓球厅-14号,17:00-18:00,0,1,可预约,￥5.0,雾,19,20,2,0.0,93,41
2026-05-21 22:30:47,2026-05-22,2,乒乓球厅-14号,17:00-18:00,0,1,可预约,￥5.0,雾,19,19,3,0.0,88,46
2026-05-21 23:00:56,2026-05-22,2,乒乓球厅-14号,17:00-18:00,0,1,可预约,￥5.0,多云,18,17,3,0.0,85,46
2026-05-21 23:30:55,2026-05-22,2,乒乓球厅-14号,17:00-18:00,0,1,可预约,￥5.0,多云,18,17,3,0.0,85,48
2026-05-21 08:00:45,2026-05-22,2,乒乓球厅-14号,18:30-19:30,0,1,可预约,￥5.0,晴,17,12,5,0.0,86,29
2026-05-21 08:02:30,2026-05-22,2,乒乓球厅-14号,18:30-19:30,0,1,可预约,￥5.0,多云,17,12,5,0.0,87,29
2026-05-21 08:05:36,2026-05-22,2,乒乓球厅-14号,18:30-19:30,0,1,可预约,￥5.0,多云,17,12,5,0.0,86,29
2026-05-21 08:08:31,2026-05-22,2,乒乓球厅-14号,18:30-19:30,0,1,可预约,￥5.0,多云,17,12,5,0.0,86,29
2026-05-21 08:11:30,2026-05-22,2,乒乓球厅-14号,18:30-19:30,0,1,可预约,￥5.0,多云,17,12,5,0.0,86,29
2026-05-21 08:14:31,2026-05-22,2,乒乓球厅-14号,18:30-19:30,0,1,可预约,￥5.0,多云,17,12,5,0.0,86,29
2026-05-21 08:17:30,2026-05-22,2,乒乓球厅-14号,18:30-19:30,0,1,可预约,￥5.0,多云,17,12,5,0.0,86,29
2026-05-21 08:20:35,2026-05-22,2,乒乓球厅-14号,18:30-19:30,0,1,可预约,￥5.0,多云,17,14,4,0.0,85,29
2026-05-21 08:25:32,2026-05-22,2,乒乓球厅-14号,18:30-19:30,0,1,可预约,￥5.0,多云,17,14,4,0.0,85,28
2026-05-21 08:30:42,2026-05-22,2,乒乓球厅-14号,18:30-19:30,0,1,可预约,￥5.0,多云,18,15,4,0.0,84,28
2026-05-21 08:35:31,2026-05-22,2,乒乓球厅-14号,18:30-19:30,0,1,可预约,￥5.0,多云,18,15,4,0.0,84,28
2026-05-21 08:40:38,2026-05-22,2,乒乓球厅-14号,18:30-19:30,0,1,可预约,￥5.0,多云,18,15,4,0.0,82,28
2026-05-21 08:45:33,2026-05-22,2,乒乓球厅-14号,18:30-19:30,0,1,可预约,￥5.0,多云,18,15,4,0.0,82,28
2026-05-21 08:50:36,2026-05-22,2,乒乓球厅-14号,18:30-19:30,0,1,可预约,￥5.0,多云,18,15,4,0.0,82,28
2026-05-21 08:55:34,2026-05-22,2,乒乓球厅-14号,18:30-19:30,0,1,可预约,￥5.0,多云,18,15,4,0.0,84,28
2026-05-21 09:00:51,2026-05-22,2,乒乓球厅-14号,18:30-19:30,0,1,可预约,￥5.0,多云,18,15,4,0.0,84,28
2026-05-21 09:01:59,2026-05-22,2,乒乓球厅-14号,18:30-19:30,0,1,可预约,￥5.0,多云,18,15,4,0.0,83,28
2026-05-21 09:05:33,2026-05-22,2,乒乓球厅-14号,18:30-19:30,0,1,可预约,￥5.0,多云,18,15,4,0.0,83,28
2026-05-21 09:20:38,2026-05-22,2,乒乓球厅-14号,18:30-19:30,0,1,可预约,￥5.0,多云,18,16,3,0.0,81,28
2026-05-21 09:30:46,2026-05-22,2,乒乓球厅-14号,18:30-19:30,0,1,可预约,￥5.0,多云,18,16,3,0.0,81,32
2026-05-21 09:40:36,2026-05-22,2,乒乓球厅-14号,18:30-19:30,0,1,可预约,￥5.0,多云,19,17,3,0.0,79,32
2026-05-21 09:50:42,2026-05-22,2,乒乓球厅-14号,18:30-19:30,0,1,可预约,￥5.0,多云,19,17,4,0.0,81,32
2026-05-21 10:00:46,2026-05-22,2,乒乓球厅-14号,18:30-19:30,0,1,可预约,￥5.0,多云,19,17,4,0.0,79,32
2026-05-21 10:10:40,2026-05-22,2,乒乓球厅-14号,18:30-19:30,0,1,可预约,￥5.0,多云,19,17,4,0.0,79,32
2026-05-21 10:20:38,2026-05-22,2,乒乓球厅-14号,18:30-19:30,0,1,可预约,￥5.0,多云,19,17,4,0.0,79,32
2026-05-21 10:30:41,2026-05-22,2,乒乓球厅-14号,18:30-19:30,0,1,可预约,￥5.0,多云,19,18,3,0.0,78,31
2026-05-21 11:00:44,2026-05-22,2,乒乓球厅-14号,18:30-19:30,0,1,可预约,￥5.0,多云,21,17,5,0.0,74,31
2026-05-21 11:30:38,2026-05-22,2,乒乓球厅-14号,18:30-19:30,0,1,可预约,￥5.0,多云,21,19,3,0.0,72,33
2026-05-21 12:00:46,2026-05-22,2,乒乓球厅-14号,18:30-19:30,0,1,可预约,￥5.0,多云,22,19,4,0.0,70,33
2026-05-21 12:30:42,2026-05-22,2,乒乓球厅-14号,18:30-19:30,0,1,可预约,￥5.0,多云,22,21,3,0.0,68,35
2026-05-21 13:00:43,2026-05-22,2,乒乓球厅-14号,18:30-19:30,0,1,可预约,￥5.0,多云,24,22,4,0.0,66,35
2026-05-21 13:30:43,2026-05-22,2,乒乓球厅-14号,18:30-19:30,0,1,可预约,￥5.0,多云,24,22,4,0.0,66,36
2026-05-21 14:00:48,2026-05-22,2,乒乓球厅-14号,18:30-19:30,0,1,可预约,￥5.0,多云,25,23,4,0.0,66,36
2026-05-21 14:30:45,2026-05-22,2,乒乓球厅-14号,18:30-19:30,0,1,可预约,￥5.0,晴,25,25,3,0.0,65,39
2026-05-21 15:00:45,2026-05-22,2,乒乓球厅-14号,18:30-19:30,0,1,可预约,￥5.0,晴,25,22,4,0.0,56,39
2026-05-21 15:30:43,2026-05-22,2,乒乓球厅-14号,18:30-19:30,0,1,可预约,￥5.0,晴,25,23,4,0.0,57,40
2026-05-21 16:00:51,2026-05-22,2,乒乓球厅-14号,18:30-19:30,0,1,可预约,￥5.0,晴,25,23,4,0.0,57,40
2026-05-21 16:30:48,2026-05-22,2,乒乓球厅-14号,18:30-19:30,0,1,可预约,￥5.0,晴,25,24,3,0.0,60,39
2026-05-21 17:00:49,2026-05-22,2,乒乓球厅-14号,18:30-19:30,0,1,可预约,￥5.0,晴,25,24,4,0.0,61,39
2026-05-21 17:30:47,2026-05-22,2,乒乓球厅-14号,18:30-19:30,0,1,可预约,￥5.0,多云,24,23,3,0.0,64,39
2026-05-21 18:00:50,2026-05-22,2,乒乓球厅-14号,18:30-19:30,0,1,可预约,￥5.0,多云,24,23,3,0.0,68,39
2026-05-21 18:30:50,2026-05-22,2,乒乓球厅-14号,18:30-19:30,0,1,可预约,￥5.0,阴,24,25,2,0.0,68,40
2026-05-21 19:00:50,2026-05-22,2,乒乓球厅-14号,18:30-19:30,0,1,可预约,￥5.0,阴,23,23,3,0.0,76,40
2026-05-21 19:30:46,2026-05-22,2,乒乓球厅-14号,18:30-19:30,0,1,可预约,￥5.0,阴,23,24,2,0.0,77,39
2026-05-21 20:00:49,2026-05-22,2,乒乓球厅-14号,18:30-19:30,0,1,可预约,￥5.0,雾,22,23,2,0.0,89,39
2026-05-21 20:30:44,2026-05-22,2,乒乓球厅-14号,18:30-19:30,0,1,可预约,￥5.0,雾,22,24,2,0.0,93,43
2026-05-21 21:00:56,2026-05-22,2,乒乓球厅-14号,18:30-19:30,0,1,可预约,￥5.0,雾,20,21,2,0.0,98,43
2026-05-21 21:30:46,2026-05-22,2,乒乓球厅-14号,18:30-19:30,0,1,可预约,￥5.0,雾,20,22,1,0.0,99,41
2026-05-21 22:01:02,2026-05-22,2,乒乓球厅-14号,18:30-19:30,0,1,可预约,￥5.0,雾,19,20,2,0.0,93,41
2026-05-21 22:30:47,2026-05-22,2,乒乓球厅-14号,18:30-19:30,0,1,可预约,￥5.0,雾,19,19,3,0.0,88,46
2026-05-21 23:00:56,2026-05-22,2,乒乓球厅-14号,18:30-19:30,0,1,可预约,￥5.0,多云,18,17,3,0.0,85,46
2026-05-21 23:30:55,2026-05-22,2,乒乓球厅-14号,18:30-19:30,0,1,可预约,￥5.0,多云,18,17,3,0.0,85,48
2026-05-21 08:00:45,2026-05-22,2,乒乓球厅-14号,19:30-20:30,0,1,可预约,￥5.0,晴,17,12,5,0.0,86,29
2026-05-21 08:02:30,2026-05-22,2,乒乓球厅-14号,19:30-20:30,0,1,可预约,￥5.0,多云,17,12,5,0.0,87,29
2026-05-21 08:05:36,2026-05-22,2,乒乓球厅-14号,19:30-20:30,0,1,可预约,￥5.0,多云,17,12,5,0.0,86,29
2026-05-21 08:08:31,2026-05-22,2,乒乓球厅-14号,19:30-20:30,0,1,可预约,￥5.0,多云,17,12,5,0.0,86,29
2026-05-21 08:11:30,2026-05-22,2,乒乓球厅-14号,19:30-20:30,0,1,可预约,￥5.0,多云,17,12,5,0.0,86,29
2026-05-21 08:14:31,2026-05-22,2,乒乓球厅-14号,19:30-20:30,0,1,可预约,￥5.0,多云,17,12,5,0.0,86,29
2026-05-21 08:17:30,2026-05-22,2,乒乓球厅-14号,19:30-20:30,0,1,可预约,￥5.0,多云,17,12,5,0.0,86,29
2026-05-21 08:20:35,2026-05-22,2,乒乓球厅-14号,19:30-20:30,0,1,可预约,￥5.0,多云,17,14,4,0.0,85,29
2026-05-21 08:25:32,2026-05-22,2,乒乓球厅-14号,19:30-20:30,0,1,可预约,￥5.0,多云,17,14,4,0.0,85,28
2026-05-21 08:30:42,2026-05-22,2,乒乓球厅-14号,19:30-20:30,0,1,可预约,￥5.0,多云,18,15,4,0.0,84,28
2026-05-21 08:35:31,2026-05-22,2,乒乓球厅-14号,19:30-20:30,0,1,可预约,￥5.0,多云,18,15,4,0.0,84,28
2026-05-21 08:40:38,2026-05-22,2,乒乓球厅-14号,19:30-20:30,0,1,可预约,￥5.0,多云,18,15,4,0.0,82,28
2026-05-21 08:45:33,2026-05-22,2,乒乓球厅-14号,19:30-20:30,0,1,可预约,￥5.0,多云,18,15,4,0.0,82,28
2026-05-21 08:50:36,2026-05-22,2,乒乓球厅-14号,19:30-20:30,0,1,可预约,￥5.0,多云,18,15,4,0.0,82,28
2026-05-21 08:55:34,2026-05-22,2,乒乓球厅-14号,19:30-20:30,0,1,可预约,￥5.0,多云,18,15,4,0.0,84,28
2026-05-21 09:00:51,2026-05-22,2,乒乓球厅-14号,19:30-20:30,0,1,可预约,￥5.0,多云,18,15,4,0.0,84,28
2026-05-21 09:01:59,2026-05-22,2,乒乓球厅-14号,19:30-20:30,0,1,可预约,￥5.0,多云,18,15,4,0.0,83,28
2026-05-21 09:05:33,2026-05-22,2,乒乓球厅-14号,19:30-20:30,0,1,可预约,￥5.0,多云,18,15,4,0.0,83,28
2026-05-21 09:20:38,2026-05-22,2,乒乓球厅-14号,19:30-20:30,0,1,可预约,￥5.0,多云,18,16,3,0.0,81,28
2026-05-21 09:30:46,2026-05-22,2,乒乓球厅-14号,19:30-20:30,0,1,可预约,￥5.0,多云,18,16,3,0.0,81,32
2026-05-21 09:40:36,2026-05-22,2,乒乓球厅-14号,19:30-20:30,0,1,可预约,￥5.0,多云,19,17,3,0.0,79,32
2026-05-21 09:50:42,2026-05-22,2,乒乓球厅-14号,19:30-20:30,0,1,可预约,￥5.0,多云,19,17,4,0.0,81,32
2026-05-21 10:00:46,2026-05-22,2,乒乓球厅-14号,19:30-20:30,0,1,可预约,￥5.0,多云,19,17,4,0.0,79,32
2026-05-21 10:10:40,2026-05-22,2,乒乓球厅-14号,19:30-20:30,0,1,可预约,￥5.0,多云,19,17,4,0.0,79,32
2026-05-21 10:20:38,2026-05-22,2,乒乓球厅-14号,19:30-20:30,0,1,可预约,￥5.0,多云,19,17,4,0.0,79,32
2026-05-21 10:30:41,2026-05-22,2,乒乓球厅-14号,19:30-20:30,0,1,可预约,￥5.0,多云,19,18,3,0.0,78,31
2026-05-21 11:00:44,2026-05-22,2,乒乓球厅-14号,19:30-20:30,0,1,可预约,￥5.0,多云,21,17,5,0.0,74,31
2026-05-21 11:30:38,2026-05-22,2,乒乓球厅-14号,19:30-20:30,0,1,可预约,￥5.0,多云,21,19,3,0.0,72,33
2026-05-21 12:00:46,2026-05-22,2,乒乓球厅-14号,19:30-20:30,0,1,可预约,￥5.0,多云,22,19,4,0.0,70,33
2026-05-21 12:30:42,2026-05-22,2,乒乓球厅-14号,19:30-20:30,0,1,可预约,￥5.0,多云,22,21,3,0.0,68,35
2026-05-21 13:00:43,2026-05-22,2,乒乓球厅-14号,19:30-20:30,0,1,可预约,￥5.0,多云,24,22,4,0.0,66,35
2026-05-21 13:30:43,2026-05-22,2,乒乓球厅-14号,19:30-20:30,0,1,可预约,￥5.0,多云,24,22,4,0.0,66,36
2026-05-21 14:00:48,2026-05-22,2,乒乓球厅-14号,19:30-20:30,0,1,可预约,￥5.0,多云,25,23,4,0.0,66,36
2026-05-21 14:30:45,2026-05-22,2,乒乓球厅-14号,19:30-20:30,0,1,可预约,￥5.0,晴,25,25,3,0.0,65,39
2026-05-21 15:00:45,2026-05-22,2,乒乓球厅-14号,19:30-20:30,0,1,可预约,￥5.0,晴,25,22,4,0.0,56,39
2026-05-21 15:30:43,2026-05-22,2,乒乓球厅-14号,19:30-20:30,0,1,可预约,￥5.0,晴,25,23,4,0.0,57,40
2026-05-21 16:00:51,2026-05-22,2,乒乓球厅-14号,19:30-20:30,0,1,可预约,￥5.0,晴,25,23,4,0.0,57,40
2026-05-21 16:30:48,2026-05-22,2,乒乓球厅-14号,19:30-20:30,0,1,可预约,￥5.0,晴,25,24,3,0.0,60,39
2026-05-21 17:00:49,2026-05-22,2,乒乓球厅-14号,19:30-20:30,0,1,可预约,￥5.0,晴,25,24,4,0.0,61,39
2026-05-21 17:30:47,2026-05-22,2,乒乓球厅-14号,19:30-20:30,0,1,可预约,￥5.0,多云,24,23,3,0.0,64,39
2026-05-21 18:00:50,2026-05-22,2,乒乓球厅-14号,19:30-20:30,0,1,可预约,￥5.0,多云,24,23,3,0.0,68,39
2026-05-21 18:30:50,2026-05-22,2,乒乓球厅-14号,19:30-20:30,0,1,可预约,￥5.0,阴,24,25,2,0.0,68,40
2026-05-21 19:00:50,2026-05-22,2,乒乓球厅-14号,19:30-20:30,0,1,可预约,￥5.0,阴,23,23,3,0.0,76,40
2026-05-21 19:30:46,2026-05-22,2,乒乓球厅-14号,19:30-20:30,0,1,可预约,￥5.0,阴,23,24,2,0.0,77,39
2026-05-21 20:00:49,2026-05-22,2,乒乓球厅-14号,19:30-20:30,0,1,可预约,￥5.0,雾,22,23,2,0.0,89,39
2026-05-21 20:30:44,2026-05-22,2,乒乓球厅-14号,19:30-20:30,0,1,可预约,￥5.0,雾,22,24,2,0.0,93,43
2026-05-21 21:00:56,2026-05-22,2,乒乓球厅-14号,19:30-20:30,0,1,可预约,￥5.0,雾,20,21,2,0.0,98,43
2026-05-21 21:30:46,2026-05-22,2,乒乓球厅-14号,19:30-20:30,0,1,可预约,￥5.0,雾,20,22,1,0.0,99,41
2026-05-21 22:01:02,2026-05-22,2,乒乓球厅-14号,19:30-20:30,0,1,可预约,￥5.0,雾,19,20,2,0.0,93,41
2026-05-21 22:30:47,2026-05-22,2,乒乓球厅-14号,19:30-20:30,0,1,可预约,￥5.0,雾,19,19,3,0.0,88,46
2026-05-21 23:00:56,2026-05-22,2,乒乓球厅-14号,19:30-20:30,0,1,可预约,￥5.0,多云,18,17,3,0.0,85,46
2026-05-21 23:30:55,2026-05-22,2,乒乓球厅-14号,19:30-20:30,0,1,可预约,￥5.0,多云,18,17,3,0.0,85,48
2026-05-21 08:00:45,2026-05-22,2,乒乓球厅-14号,20:30-21:30,0,1,可预约,￥5.0,晴,17,12,5,0.0,86,29
2026-05-21 08:02:30,2026-05-22,2,乒乓球厅-14号,20:30-21:30,0,1,可预约,￥5.0,多云,17,12,5,0.0,87,29
2026-05-21 08:05:36,2026-05-22,2,乒乓球厅-14号,20:30-21:30,0,1,可预约,￥5.0,多云,17,12,5,0.0,86,29
2026-05-21 08:08:31,2026-05-22,2,乒乓球厅-14号,20:30-21:30,0,1,可预约,￥5.0,多云,17,12,5,0.0,86,29
2026-05-21 08:11:30,2026-05-22,2,乒乓球厅-14号,20:30-21:30,0,1,可预约,￥5.0,多云,17,12,5,0.0,86,29
2026-05-21 08:14:31,2026-05-22,2,乒乓球厅-14号,20:30-21:30,0,1,可预约,￥5.0,多云,17,12,5,0.0,86,29
2026-05-21 08:17:30,2026-05-22,2,乒乓球厅-14号,20:30-21:30,0,1,可预约,￥5.0,多云,17,12,5,0.0,86,29
2026-05-21 08:20:35,2026-05-22,2,乒乓球厅-14号,20:30-21:30,0,1,可预约,￥5.0,多云,17,14,4,0.0,85,29
2026-05-21 08:25:32,2026-05-22,2,乒乓球厅-14号,20:30-21:30,0,1,可预约,￥5.0,多云,17,14,4,0.0,85,28
2026-05-21 08:30:42,2026-05-22,2,乒乓球厅-14号,20:30-21:30,0,1,可预约,￥5.0,多云,18,15,4,0.0,84,28
2026-05-21 08:35:31,2026-05-22,2,乒乓球厅-14号,20:30-21:30,0,1,可预约,￥5.0,多云,18,15,4,0.0,84,28
2026-05-21 08:40:38,2026-05-22,2,乒乓球厅-14号,20:30-21:30,0,1,可预约,￥5.0,多云,18,15,4,0.0,82,28
2026-05-21 08:45:33,2026-05-22,2,乒乓球厅-14号,20:30-21:30,0,1,可预约,￥5.0,多云,18,15,4,0.0,82,28
2026-05-21 08:50:36,2026-05-22,2,乒乓球厅-14号,20:30-21:30,0,1,可预约,￥5.0,多云,18,15,4,0.0,82,28
2026-05-21 08:55:34,2026-05-22,2,乒乓球厅-14号,20:30-21:30,0,1,可预约,￥5.0,多云,18,15,4,0.0,84,28
2026-05-21 09:00:51,2026-05-22,2,乒乓球厅-14号,20:30-21:30,0,1,可预约,￥5.0,多云,18,15,4,0.0,84,28
2026-05-21 09:01:59,2026-05-22,2,乒乓球厅-14号,20:30-21:30,0,1,可预约,￥5.0,多云,18,15,4,0.0,83,28
2026-05-21 09:05:33,2026-05-22,2,乒乓球厅-14号,20:30-21:30,0,1,可预约,￥5.0,多云,18,15,4,0.0,83,28
2026-05-21 09:20:38,2026-05-22,2,乒乓球厅-14号,20:30-21:30,0,1,可预约,￥5.0,多云,18,16,3,0.0,81,28
2026-05-21 09:30:46,2026-05-22,2,乒乓球厅-14号,20:30-21:30,0,1,可预约,￥5.0,多云,18,16,3,0.0,81,32
2026-05-21 09:40:36,2026-05-22,2,乒乓球厅-14号,20:30-21:30,0,1,可预约,￥5.0,多云,19,17,3,0.0,79,32
2026-05-21 09:50:42,2026-05-22,2,乒乓球厅-14号,20:30-21:30,0,1,可预约,￥5.0,多云,19,17,4,0.0,81,32
2026-05-21 10:00:46,2026-05-22,2,乒乓球厅-14号,20:30-21:30,0,1,可预约,￥5.0,多云,19,17,4,0.0,79,32
2026-05-21 10:10:40,2026-05-22,2,乒乓球厅-14号,20:30-21:30,0,1,可预约,￥5.0,多云,19,17,4,0.0,79,32
2026-05-21 10:20:38,2026-05-22,2,乒乓球厅-14号,20:30-21:30,0,1,可预约,￥5.0,多云,19,17,4,0.0,79,32
2026-05-21 10:30:41,2026-05-22,2,乒乓球厅-14号,20:30-21:30,0,1,可预约,￥5.0,多云,19,18,3,0.0,78,31
2026-05-21 11:00:44,2026-05-22,2,乒乓球厅-14号,20:30-21:30,0,1,可预约,￥5.0,多云,21,17,5,0.0,74,31
2026-05-21 11:30:38,2026-05-22,2,乒乓球厅-14号,20:30-21:30,0,1,可预约,￥5.0,多云,21,19,3,0.0,72,33
2026-05-21 12:00:46,2026-05-22,2,乒乓球厅-14号,20:30-21:30,0,1,可预约,￥5.0,多云,22,19,4,0.0,70,33
2026-05-21 12:30:42,2026-05-22,2,乒乓球厅-14号,20:30-21:30,0,1,可预约,￥5.0,多云,22,21,3,0.0,68,35
2026-05-21 13:00:43,2026-05-22,2,乒乓球厅-14号,20:30-21:30,0,1,可预约,￥5.0,多云,24,22,4,0.0,66,35
2026-05-21 13:30:43,2026-05-22,2,乒乓球厅-14号,20:30-21:30,0,1,可预约,￥5.0,多云,24,22,4,0.0,66,36
2026-05-21 14:00:48,2026-05-22,2,乒乓球厅-14号,20:30-21:30,0,1,可预约,￥5.0,多云,25,23,4,0.0,66,36
2026-05-21 14:30:45,2026-05-22,2,乒乓球厅-14号,20:30-21:30,0,1,可预约,￥5.0,晴,25,25,3,0.0,65,39
2026-05-21 15:00:45,2026-05-22,2,乒乓球厅-14号,20:30-21:30,0,1,可预约,￥5.0,晴,25,22,4,0.0,56,39
2026-05-21 15:30:43,2026-05-22,2,乒乓球厅-14号,20:30-21:30,0,1,可预约,￥5.0,晴,25,23,4,0.0,57,40
2026-05-21 16:00:51,2026-05-22,2,乒乓球厅-14号,20:30-21:30,0,1,可预约,￥5.0,晴,25,23,4,0.0,57,40
2026-05-21 16:30:48,2026-05-22,2,乒乓球厅-14号,20:30-21:30,0,1,可预约,￥5.0,晴,25,24,3,0.0,60,39
2026-05-21 17:00:49,2026-05-22,2,乒乓球厅-14号,20:30-21:30,0,1,可预约,￥5.0,晴,25,24,4,0.0,61,39
2026-05-21 17:30:47,2026-05-22,2,乒乓球厅-14号,20:30-21:30,0,1,可预约,￥5.0,多云,24,23,3,0.0,64,39
2026-05-21 18:00:50,2026-05-22,2,乒乓球厅-14号,20:30-21:30,0,1,可预约,￥5.0,多云,24,23,3,0.0,68,39
2026-05-21 18:30:50,2026-05-22,2,乒乓球厅-14号,20:30-21:30,0,1,可预约,￥5.0,阴,24,25,2,0.0,68,40
2026-05-21 19:00:50,2026-05-22,2,乒乓球厅-14号,20:30-21:30,0,1,可预约,￥5.0,阴,23,23,3,0.0,76,40
2026-05-21 19:30:46,2026-05-22,2,乒乓球厅-14号,20:30-21:30,0,1,可预约,￥5.0,阴,23,24,2,0.0,77,39
2026-05-21 20:00:49,2026-05-22,2,乒乓球厅-14号,20:30-21:30,0,1,可预约,￥5.0,雾,22,23,2,0.0,89,39
2026-05-21 20:30:44,2026-05-22,2,乒乓球厅-14号,20:30-21:30,0,1,可预约,￥5.0,雾,22,24,2,0.0,93,43
2026-05-21 21:00:56,2026-05-22,2,乒乓球厅-14号,20:30-21:30,0,1,可预约,￥5.0,雾,20,21,2,0.0,98,43
2026-05-21 21:30:46,2026-05-22,2,乒乓球厅-14号,20:30-21:30,0,1,可预约,￥5.0,雾,20,22,1,0.0,99,41
2026-05-21 22:01:02,2026-05-22,2,乒乓球厅-14号,20:30-21:30,0,1,可预约,￥5.0,雾,19,20,2,0.0,93,41
2026-05-21 22:30:47,2026-05-22,2,乒乓球厅-14号,20:30-21:30,0,1,可预约,￥5.0,雾,19,19,3,0.0,88,46
2026-05-21 23:00:56,2026-05-22,2,乒乓球厅-14号,20:30-21:30,0,1,可预约,￥5.0,多云,18,17,3,0.0,85,46
2026-05-21 23:30:55,2026-05-22,2,乒乓球厅-14号,20:30-21:30,0,1,可预约,￥5.0,多云,18,17,3,0.0,85,48
2026-05-21 08:00:45,2026-05-22,2,乒乓球厅-15号,07:00-08:00,0,1,可预约,￥0.0,晴,17,12,5,0.0,86,29
2026-05-21 08:02:30,2026-05-22,2,乒乓球厅-15号,07:00-08:00,0,1,可预约,￥0.0,多云,17,12,5,0.0,87,29
2026-05-21 08:05:36,2026-05-22,2,乒乓球厅-15号,07:00-08:00,0,1,可预约,￥0.0,多云,17,12,5,0.0,86,29
2026-05-21 08:08:31,2026-05-22,2,乒乓球厅-15号,07:00-08:00,0,1,可预约,￥0.0,多云,17,12,5,0.0,86,29
2026-05-21 08:11:30,2026-05-22,2,乒乓球厅-15号,07:00-08:00,0,1,可预约,￥0.0,多云,17,12,5,0.0,86,29
2026-05-21 08:14:31,2026-05-22,2,乒乓球厅-15号,07:00-08:00,0,1,可预约,￥0.0,多云,17,12,5,0.0,86,29
2026-05-21 08:17:30,2026-05-22,2,乒乓球厅-15号,07:00-08:00,0,1,可预约,￥0.0,多云,17,12,5,0.0,86,29
2026-05-21 08:20:35,2026-05-22,2,乒乓球厅-15号,07:00-08:00,0,1,可预约,￥0.0,多云,17,14,4,0.0,85,29
2026-05-21 08:25:32,2026-05-22,2,乒乓球厅-15号,07:00-08:00,0,1,可预约,￥0.0,多云,17,14,4,0.0,85,28
2026-05-21 08:30:42,2026-05-22,2,乒乓球厅-15号,07:00-08:00,0,1,可预约,￥0.0,多云,18,15,4,0.0,84,28
2026-05-21 08:35:31,2026-05-22,2,乒乓球厅-15号,07:00-08:00,0,1,可预约,￥0.0,多云,18,15,4,0.0,84,28
2026-05-21 08:40:38,2026-05-22,2,乒乓球厅-15号,07:00-08:00,0,1,可预约,￥0.0,多云,18,15,4,0.0,82,28
2026-05-21 08:45:33,2026-05-22,2,乒乓球厅-15号,07:00-08:00,0,1,可预约,￥0.0,多云,18,15,4,0.0,82,28
2026-05-21 08:50:36,2026-05-22,2,乒乓球厅-15号,07:00-08:00,0,1,可预约,￥0.0,多云,18,15,4,0.0,82,28
2026-05-21 08:55:34,2026-05-22,2,乒乓球厅-15号,07:00-08:00,0,1,可预约,￥0.0,多云,18,15,4,0.0,84,28
2026-05-21 09:00:51,2026-05-22,2,乒乓球厅-15号,07:00-08:00,0,1,可预约,￥0.0,多云,18,15,4,0.0,84,28
2026-05-21 09:01:59,2026-05-22,2,乒乓球厅-15号,07:00-08:00,0,1,可预约,￥0.0,多云,18,15,4,0.0,83,28
2026-05-21 09:05:33,2026-05-22,2,乒乓球厅-15号,07:00-08:00,0,1,可预约,￥0.0,多云,18,15,4,0.0,83,28
2026-05-21 09:20:38,2026-05-22,2,乒乓球厅-15号,07:00-08:00,0,1,可预约,￥0.0,多云,18,16,3,0.0,81,28
2026-05-21 09:30:46,2026-05-22,2,乒乓球厅-15号,07:00-08:00,0,1,可预约,￥0.0,多云,18,16,3,0.0,81,32
2026-05-21 09:40:36,2026-05-22,2,乒乓球厅-15号,07:00-08:00,0,1,可预约,￥0.0,多云,19,17,3,0.0,79,32
2026-05-21 09:50:42,2026-05-22,2,乒乓球厅-15号,07:00-08:00,0,1,可预约,￥0.0,多云,19,17,4,0.0,81,32
2026-05-21 10:00:46,2026-05-22,2,乒乓球厅-15号,07:00-08:00,0,1,可预约,￥0.0,多云,19,17,4,0.0,79,32
2026-05-21 10:10:40,2026-05-22,2,乒乓球厅-15号,07:00-08:00,0,1,可预约,￥0.0,多云,19,17,4,0.0,79,32
2026-05-21 10:20:38,2026-05-22,2,乒乓球厅-15号,07:00-08:00,0,1,可预约,￥0.0,多云,19,17,4,0.0,79,32
2026-05-21 10:30:41,2026-05-22,2,乒乓球厅-15号,07:00-08:00,0,1,可预约,￥0.0,多云,19,18,3,0.0,78,31
2026-05-21 11:00:44,2026-05-22,2,乒乓球厅-15号,07:00-08:00,0,1,可预约,￥0.0,多云,21,17,5,0.0,74,31
2026-05-21 11:30:38,2026-05-22,2,乒乓球厅-15号,07:00-08:00,0,1,可预约,￥0.0,多云,21,19,3,0.0,72,33
2026-05-21 12:00:46,2026-05-22,2,乒乓球厅-15号,07:00-08:00,0,1,可预约,￥0.0,多云,22,19,4,0.0,70,33
2026-05-21 12:30:42,2026-05-22,2,乒乓球厅-15号,07:00-08:00,0,1,可预约,￥0.0,多云,22,21,3,0.0,68,35
2026-05-21 13:00:43,2026-05-22,2,乒乓球厅-15号,07:00-08:00,0,1,可预约,￥0.0,多云,24,22,4,0.0,66,35
2026-05-21 13:30:43,2026-05-22,2,乒乓球厅-15号,07:00-08:00,0,1,可预约,￥0.0,多云,24,22,4,0.0,66,36
2026-05-21 14:00:48,2026-05-22,2,乒乓球厅-15号,07:00-08:00,0,1,可预约,￥0.0,多云,25,23,4,0.0,66,36
2026-05-21 14:30:45,2026-05-22,2,乒乓球厅-15号,07:00-08:00,0,1,可预约,￥0.0,晴,25,25,3,0.0,65,39
2026-05-21 15:00:45,2026-05-22,2,乒乓球厅-15号,07:00-08:00,0,1,可预约,￥0.0,晴,25,22,4,0.0,56,39
2026-05-21 15:30:43,2026-05-22,2,乒乓球厅-15号,07:00-08:00,0,1,可预约,￥0.0,晴,25,23,4,0.0,57,40
2026-05-21 16:00:51,2026-05-22,2,乒乓球厅-15号,07:00-08:00,0,1,可预约,￥0.0,晴,25,23,4,0.0,57,40
2026-05-21 16:30:48,2026-05-22,2,乒乓球厅-15号,07:00-08:00,0,1,可预约,￥0.0,晴,25,24,3,0.0,60,39
2026-05-21 17:00:49,2026-05-22,2,乒乓球厅-15号,07:00-08:00,0,1,可预约,￥0.0,晴,25,24,4,0.0,61,39
2026-05-21 17:30:47,2026-05-22,2,乒乓球厅-15号,07:00-08:00,0,1,可预约,￥0.0,多云,24,23,3,0.0,64,39
2026-05-21 18:00:50,2026-05-22,2,乒乓球厅-15号,07:00-08:00,0,1,可预约,￥0.0,多云,24,23,3,0.0,68,39
2026-05-21 18:30:50,2026-05-22,2,乒乓球厅-15号,07:00-08:00,0,1,可预约,￥0.0,阴,24,25,2,0.0,68,40
2026-05-21 19:00:50,2026-05-22,2,乒乓球厅-15号,07:00-08:00,0,1,可预约,￥0.0,阴,23,23,3,0.0,76,40
2026-05-21 19:30:46,2026-05-22,2,乒乓球厅-15号,07:00-08:00,0,1,可预约,￥0.0,阴,23,24,2,0.0,77,39
2026-05-21 20:00:49,2026-05-22,2,乒乓球厅-15号,07:00-08:00,0,1,可预约,￥0.0,雾,22,23,2,0.0,89,39
2026-05-21 20:30:44,2026-05-22,2,乒乓球厅-15号,07:00-08:00,0,1,可预约,￥0.0,雾,22,24,2,0.0,93,43
2026-05-21 21:00:56,2026-05-22,2,乒乓球厅-15号,07:00-08:00,0,1,可预约,￥0.0,雾,20,21,2,0.0,98,43
2026-05-21 21:30:46,2026-05-22,2,乒乓球厅-15号,07:00-08:00,0,1,可预约,￥0.0,雾,20,22,1,0.0,99,41
2026-05-21 22:01:02,2026-05-22,2,乒乓球厅-15号,07:00-08:00,0,1,可预约,￥0.0,雾,19,20,2,0.0,93,41
2026-05-21 22:30:47,2026-05-22,2,乒乓球厅-15号,07:00-08:00,0,1,可预约,￥0.0,雾,19,19,3,0.0,88,46
2026-05-21 23:00:56,2026-05-22,2,乒乓球厅-15号,07:00-08:00,0,1,可预约,￥0.0,多云,18,17,3,0.0,85,46
2026-05-21 23:30:55,2026-05-22,2,乒乓球厅-15号,07:00-08:00,0,1,可预约,￥0.0,多云,18,17,3,0.0,85,48
2026-05-21 08:00:45,2026-05-22,2,乒乓球厅-15号,08:00-09:00,0,1,可预约,￥0.0,晴,17,12,5,0.0,86,29
2026-05-21 08:02:30,2026-05-22,2,乒乓球厅-15号,08:00-09:00,0,1,可预约,￥0.0,多云,17,12,5,0.0,87,29
2026-05-21 08:05:36,2026-05-22,2,乒乓球厅-15号,08:00-09:00,0,1,可预约,￥0.0,多云,17,12,5,0.0,86,29
2026-05-21 08:08:31,2026-05-22,2,乒乓球厅-15号,08:00-09:00,0,1,可预约,￥0.0,多云,17,12,5,0.0,86,29
2026-05-21 08:11:30,2026-05-22,2,乒乓球厅-15号,08:00-09:00,0,1,可预约,￥0.0,多云,17,12,5,0.0,86,29
2026-05-21 08:14:31,2026-05-22,2,乒乓球厅-15号,08:00-09:00,0,1,可预约,￥0.0,多云,17,12,5,0.0,86,29
2026-05-21 08:17:30,2026-05-22,2,乒乓球厅-15号,08:00-09:00,0,1,可预约,￥0.0,多云,17,12,5,0.0,86,29
2026-05-21 08:20:35,2026-05-22,2,乒乓球厅-15号,08:00-09:00,0,1,可预约,￥0.0,多云,17,14,4,0.0,85,29
2026-05-21 08:25:32,2026-05-22,2,乒乓球厅-15号,08:00-09:00,0,1,可预约,￥0.0,多云,17,14,4,0.0,85,28
2026-05-21 08:30:42,2026-05-22,2,乒乓球厅-15号,08:00-09:00,0,1,可预约,￥0.0,多云,18,15,4,0.0,84,28
2026-05-21 08:35:31,2026-05-22,2,乒乓球厅-15号,08:00-09:00,0,1,可预约,￥0.0,多云,18,15,4,0.0,84,28
2026-05-21 08:40:38,2026-05-22,2,乒乓球厅-15号,08:00-09:00,0,1,可预约,￥0.0,多云,18,15,4,0.0,82,28
2026-05-21 08:45:33,2026-05-22,2,乒乓球厅-15号,08:00-09:00,0,1,可预约,￥0.0,多云,18,15,4,0.0,82,28
2026-05-21 08:50:36,2026-05-22,2,乒乓球厅-15号,08:00-09:00,0,1,可预约,￥0.0,多云,18,15,4,0.0,82,28
2026-05-21 08:55:34,2026-05-22,2,乒乓球厅-15号,08:00-09:00,0,1,可预约,￥0.0,多云,18,15,4,0.0,84,28
2026-05-21 09:00:51,2026-05-22,2,乒乓球厅-15号,08:00-09:00,0,1,可预约,￥0.0,多云,18,15,4,0.0,84,28
2026-05-21 09:01:59,2026-05-22,2,乒乓球厅-15号,08:00-09:00,0,1,可预约,￥0.0,多云,18,15,4,0.0,83,28
2026-05-21 09:05:33,2026-05-22,2,乒乓球厅-15号,08:00-09:00,0,1,可预约,￥0.0,多云,18,15,4,0.0,83,28
2026-05-21 09:20:38,2026-05-22,2,乒乓球厅-15号,08:00-09:00,0,1,可预约,￥0.0,多云,18,16,3,0.0,81,28
2026-05-21 09:30:46,2026-05-22,2,乒乓球厅-15号,08:00-09:00,0,1,可预约,￥0.0,多云,18,16,3,0.0,81,32
2026-05-21 09:40:36,2026-05-22,2,乒乓球厅-15号,08:00-09:00,0,1,可预约,￥0.0,多云,19,17,3,0.0,79,32
2026-05-21 09:50:42,2026-05-22,2,乒乓球厅-15号,08:00-09:00,0,1,可预约,￥0.0,多云,19,17,4,0.0,81,32
2026-05-21 10:00:46,2026-05-22,2,乒乓球厅-15号,08:00-09:00,0,1,可预约,￥0.0,多云,19,17,4,0.0,79,32
2026-05-21 10:10:40,2026-05-22,2,乒乓球厅-15号,08:00-09:00,0,1,可预约,￥0.0,多云,19,17,4,0.0,79,32
2026-05-21 10:20:38,2026-05-22,2,乒乓球厅-15号,08:00-09:00,0,1,可预约,￥0.0,多云,19,17,4,0.0,79,32
2026-05-21 10:30:41,2026-05-22,2,乒乓球厅-15号,08:00-09:00,0,1,可预约,￥0.0,多云,19,18,3,0.0,78,31
2026-05-21 11:00:44,2026-05-22,2,乒乓球厅-15号,08:00-09:00,0,1,可预约,￥0.0,多云,21,17,5,0.0,74,31
2026-05-21 11:30:38,2026-05-22,2,乒乓球厅-15号,08:00-09:00,0,1,可预约,￥0.0,多云,21,19,3,0.0,72,33
2026-05-21 12:00:46,2026-05-22,2,乒乓球厅-15号,08:00-09:00,0,1,可预约,￥0.0,多云,22,19,4,0.0,70,33
2026-05-21 12:30:42,2026-05-22,2,乒乓球厅-15号,08:00-09:00,0,1,可预约,￥0.0,多云,22,21,3,0.0,68,35
2026-05-21 13:00:43,2026-05-22,2,乒乓球厅-15号,08:00-09:00,0,1,可预约,￥0.0,多云,24,22,4,0.0,66,35
2026-05-21 13:30:43,2026-05-22,2,乒乓球厅-15号,08:00-09:00,0,1,可预约,￥0.0,多云,24,22,4,0.0,66,36
2026-05-21 14:00:48,2026-05-22,2,乒乓球厅-15号,08:00-09:00,0,1,可预约,￥0.0,多云,25,23,4,0.0,66,36
2026-05-21 14:30:45,2026-05-22,2,乒乓球厅-15号,08:00-09:00,0,1,可预约,￥0.0,晴,25,25,3,0.0,65,39
2026-05-21 15:00:45,2026-05-22,2,乒乓球厅-15号,08:00-09:00,0,1,可预约,￥0.0,晴,25,22,4,0.0,56,39
2026-05-21 15:30:43,2026-05-22,2,乒乓球厅-15号,08:00-09:00,0,1,可预约,￥0.0,晴,25,23,4,0.0,57,40
2026-05-21 16:00:51,2026-05-22,2,乒乓球厅-15号,08:00-09:00,0,1,可预约,￥0.0,晴,25,23,4,0.0,57,40
2026-05-21 16:30:48,2026-05-22,2,乒乓球厅-15号,08:00-09:00,0,1,可预约,￥0.0,晴,25,24,3,0.0,60,39
2026-05-21 17:00:49,2026-05-22,2,乒乓球厅-15号,08:00-09:00,0,1,可预约,￥0.0,晴,25,24,4,0.0,61,39
2026-05-21 17:30:47,2026-05-22,2,乒乓球厅-15号,08:00-09:00,0,1,可预约,￥0.0,多云,24,23,3,0.0,64,39
2026-05-21 18:00:50,2026-05-22,2,乒乓球厅-15号,08:00-09:00,0,1,可预约,￥0.0,多云,24,23,3,0.0,68,39
2026-05-21 18:30:50,2026-05-22,2,乒乓球厅-15号,08:00-09:00,0,1,可预约,￥0.0,阴,24,25,2,0.0,68,40
2026-05-21 19:00:50,2026-05-22,2,乒乓球厅-15号,08:00-09:00,0,1,可预约,￥0.0,阴,23,23,3,0.0,76,40
2026-05-21 19:30:46,2026-05-22,2,乒乓球厅-15号,08:00-09:00,0,1,可预约,￥0.0,阴,23,24,2,0.0,77,39
2026-05-21 20:00:49,2026-05-22,2,乒乓球厅-15号,08:00-09:00,0,1,可预约,￥0.0,雾,22,23,2,0.0,89,39
2026-05-21 20:30:44,2026-05-22,2,乒乓球厅-15号,08:00-09:00,0,1,可预约,￥0.0,雾,22,24,2,0.0,93,43
2026-05-21 21:00:56,2026-05-22,2,乒乓球厅-15号,08:00-09:00,0,1,可预约,￥0.0,雾,20,21,2,0.0,98,43
2026-05-21 21:30:46,2026-05-22,2,乒乓球厅-15号,08:00-09:00,0,1,可预约,￥0.0,雾,20,22,1,0.0,99,41
2026-05-21 22:01:02,2026-05-22,2,乒乓球厅-15号,08:00-09:00,0,1,可预约,￥0.0,雾,19,20,2,0.0,93,41
2026-05-21 22:30:47,2026-05-22,2,乒乓球厅-15号,08:00-09:00,0,1,可预约,￥0.0,雾,19,19,3,0.0,88,46
2026-05-21 23:00:56,2026-05-22,2,乒乓球厅-15号,08:00-09:00,0,1,可预约,￥0.0,多云,18,17,3,0.0,85,46
2026-05-21 23:30:55,2026-05-22,2,乒乓球厅-15号,08:00-09:00,0,1,可预约,￥0.0,多云,18,17,3,0.0,85,48
2026-05-21 08:00:45,2026-05-22,2,乒乓球厅-15号,09:00-10:00,0,1,可预约,￥5.0,晴,17,12,5,0.0,86,29
2026-05-21 08:02:30,2026-05-22,2,乒乓球厅-15号,09:00-10:00,0,1,可预约,￥5.0,多云,17,12,5,0.0,87,29
2026-05-21 08:05:36,2026-05-22,2,乒乓球厅-15号,09:00-10:00,0,1,可预约,￥5.0,多云,17,12,5,0.0,86,29
2026-05-21 08:08:31,2026-05-22,2,乒乓球厅-15号,09:00-10:00,0,1,可预约,￥5.0,多云,17,12,5,0.0,86,29
2026-05-21 08:11:30,2026-05-22,2,乒乓球厅-15号,09:00-10:00,0,1,可预约,￥5.0,多云,17,12,5,0.0,86,29
2026-05-21 08:14:31,2026-05-22,2,乒乓球厅-15号,09:00-10:00,0,1,可预约,￥5.0,多云,17,12,5,0.0,86,29
2026-05-21 08:17:30,2026-05-22,2,乒乓球厅-15号,09:00-10:00,0,1,可预约,￥5.0,多云,17,12,5,0.0,86,29
2026-05-21 08:20:35,2026-05-22,2,乒乓球厅-15号,09:00-10:00,0,1,可预约,￥5.0,多云,17,14,4,0.0,85,29
2026-05-21 08:25:32,2026-05-22,2,乒乓球厅-15号,09:00-10:00,0,1,可预约,￥5.0,多云,17,14,4,0.0,85,28
2026-05-21 08:30:42,2026-05-22,2,乒乓球厅-15号,09:00-10:00,0,1,可预约,￥5.0,多云,18,15,4,0.0,84,28
2026-05-21 08:35:31,2026-05-22,2,乒乓球厅-15号,09:00-10:00,0,1,可预约,￥5.0,多云,18,15,4,0.0,84,28
2026-05-21 08:40:38,2026-05-22,2,乒乓球厅-15号,09:00-10:00,0,1,可预约,￥5.0,多云,18,15,4,0.0,82,28
2026-05-21 08:45:33,2026-05-22,2,乒乓球厅-15号,09:00-10:00,0,1,可预约,￥5.0,多云,18,15,4,0.0,82,28
2026-05-21 08:50:36,2026-05-22,2,乒乓球厅-15号,09:00-10:00,0,1,可预约,￥5.0,多云,18,15,4,0.0,82,28
2026-05-21 08:55:34,2026-05-22,2,乒乓球厅-15号,09:00-10:00,0,1,可预约,￥5.0,多云,18,15,4,0.0,84,28
2026-05-21 09:00:51,2026-05-22,2,乒乓球厅-15号,09:00-10:00,0,1,可预约,￥5.0,多云,18,15,4,0.0,84,28
2026-05-21 09:01:59,2026-05-22,2,乒乓球厅-15号,09:00-10:00,0,1,可预约,￥5.0,多云,18,15,4,0.0,83,28
2026-05-21 09:05:33,2026-05-22,2,乒乓球厅-15号,09:00-10:00,0,1,可预约,￥5.0,多云,18,15,4,0.0,83,28
2026-05-21 09:20:38,2026-05-22,2,乒乓球厅-15号,09:00-10:00,0,1,可预约,￥5.0,多云,18,16,3,0.0,81,28
2026-05-21 09:30:46,2026-05-22,2,乒乓球厅-15号,09:00-10:00,0,1,可预约,￥5.0,多云,18,16,3,0.0,81,32
2026-05-21 09:40:36,2026-05-22,2,乒乓球厅-15号,09:00-10:00,0,1,可预约,￥5.0,多云,19,17,3,0.0,79,32
2026-05-21 09:50:42,2026-05-22,2,乒乓球厅-15号,09:00-10:00,0,1,可预约,￥5.0,多云,19,17,4,0.0,81,32
2026-05-21 10:00:46,2026-05-22,2,乒乓球厅-15号,09:00-10:00,0,1,可预约,￥5.0,多云,19,17,4,0.0,79,32
2026-05-21 10:10:40,2026-05-22,2,乒乓球厅-15号,09:00-10:00,0,1,可预约,￥5.0,多云,19,17,4,0.0,79,32
2026-05-21 10:20:38,2026-05-22,2,乒乓球厅-15号,09:00-10:00,0,1,可预约,￥5.0,多云,19,17,4,0.0,79,32
2026-05-21 10:30:41,2026-05-22,2,乒乓球厅-15号,09:00-10:00,0,1,可预约,￥5.0,多云,19,18,3,0.0,78,31
2026-05-21 11:00:44,2026-05-22,2,乒乓球厅-15号,09:00-10:00,0,1,可预约,￥5.0,多云,21,17,5,0.0,74,31
2026-05-21 11:30:38,2026-05-22,2,乒乓球厅-15号,09:00-10:00,0,1,可预约,￥5.0,多云,21,19,3,0.0,72,33
2026-05-21 12:00:46,2026-05-22,2,乒乓球厅-15号,09:00-10:00,0,1,可预约,￥5.0,多云,22,19,4,0.0,70,33
2026-05-21 12:30:42,2026-05-22,2,乒乓球厅-15号,09:00-10:00,0,1,可预约,￥5.0,多云,22,21,3,0.0,68,35
2026-05-21 13:00:43,2026-05-22,2,乒乓球厅-15号,09:00-10:00,0,1,可预约,￥5.0,多云,24,22,4,0.0,66,35
2026-05-21 13:30:43,2026-05-22,2,乒乓球厅-15号,09:00-10:00,0,1,可预约,￥5.0,多云,24,22,4,0.0,66,36
2026-05-21 14:00:48,2026-05-22,2,乒乓球厅-15号,09:00-10:00,0,1,可预约,￥5.0,多云,25,23,4,0.0,66,36
2026-05-21 14:30:45,2026-05-22,2,乒乓球厅-15号,09:00-10:00,0,1,可预约,￥5.0,晴,25,25,3,0.0,65,39
2026-05-21 15:00:45,2026-05-22,2,乒乓球厅-15号,09:00-10:00,0,1,可预约,￥5.0,晴,25,22,4,0.0,56,39
2026-05-21 15:30:43,2026-05-22,2,乒乓球厅-15号,09:00-10:00,0,1,可预约,￥5.0,晴,25,23,4,0.0,57,40
2026-05-21 16:00:51,2026-05-22,2,乒乓球厅-15号,09:00-10:00,0,1,可预约,￥5.0,晴,25,23,4,0.0,57,40
2026-05-21 16:30:48,2026-05-22,2,乒乓球厅-15号,09:00-10:00,0,1,可预约,￥5.0,晴,25,24,3,0.0,60,39
2026-05-21 17:00:49,2026-05-22,2,乒乓球厅-15号,09:00-10:00,0,1,可预约,￥5.0,晴,25,24,4,0.0,61,39
2026-05-21 17:30:47,2026-05-22,2,乒乓球厅-15号,09:00-10:00,0,1,可预约,￥5.0,多云,24,23,3,0.0,64,39
2026-05-21 18:00:50,2026-05-22,2,乒乓球厅-15号,09:00-10:00,0,1,可预约,￥5.0,多云,24,23,3,0.0,68,39
2026-05-21 18:30:50,2026-05-22,2,乒乓球厅-15号,09:00-10:00,0,1,可预约,￥5.0,阴,24,25,2,0.0,68,40
2026-05-21 19:00:50,2026-05-22,2,乒乓球厅-15号,09:00-10:00,0,1,可预约,￥5.0,阴,23,23,3,0.0,76,40
2026-05-21 19:30:46,2026-05-22,2,乒乓球厅-15号,09:00-10:00,0,1,可预约,￥5.0,阴,23,24,2,0.0,77,39
2026-05-21 20:00:49,2026-05-22,2,乒乓球厅-15号,09:00-10:00,0,1,可预约,￥5.0,雾,22,23,2,0.0,89,39
2026-05-21 20:30:44,2026-05-22,2,乒乓球厅-15号,09:00-10:00,0,1,可预约,￥5.0,雾,22,24,2,0.0,93,43
2026-05-21 21:00:56,2026-05-22,2,乒乓球厅-15号,09:00-10:00,0,1,可预约,￥5.0,雾,20,21,2,0.0,98,43
2026-05-21 21:30:46,2026-05-22,2,乒乓球厅-15号,09:00-10:00,0,1,可预约,￥5.0,雾,20,22,1,0.0,99,41
2026-05-21 22:01:02,2026-05-22,2,乒乓球厅-15号,09:00-10:00,0,1,可预约,￥5.0,雾,19,20,2,0.0,93,41
2026-05-21 22:30:47,2026-05-22,2,乒乓球厅-15号,09:00-10:00,0,1,可预约,￥5.0,雾,19,19,3,0.0,88,46
2026-05-21 23:00:56,2026-05-22,2,乒乓球厅-15号,09:00-10:00,0,1,可预约,￥5.0,多云,18,17,3,0.0,85,46
2026-05-21 23:30:55,2026-05-22,2,乒乓球厅-15号,09:00-10:00,0,1,可预约,￥5.0,多云,18,17,3,0.0,85,48
2026-05-21 08:00:45,2026-05-22,2,乒乓球厅-15号,10:00-11:00,0,1,可预约,￥5.0,晴,17,12,5,0.0,86,29
2026-05-21 08:02:30,2026-05-22,2,乒乓球厅-15号,10:00-11:00,0,1,可预约,￥5.0,多云,17,12,5,0.0,87,29
2026-05-21 08:05:36,2026-05-22,2,乒乓球厅-15号,10:00-11:00,0,1,可预约,￥5.0,多云,17,12,5,0.0,86,29
2026-05-21 08:08:31,2026-05-22,2,乒乓球厅-15号,10:00-11:00,0,1,可预约,￥5.0,多云,17,12,5,0.0,86,29
2026-05-21 08:11:30,2026-05-22,2,乒乓球厅-15号,10:00-11:00,0,1,可预约,￥5.0,多云,17,12,5,0.0,86,29
2026-05-21 08:14:31,2026-05-22,2,乒乓球厅-15号,10:00-11:00,0,1,可预约,￥5.0,多云,17,12,5,0.0,86,29
2026-05-21 08:17:30,2026-05-22,2,乒乓球厅-15号,10:00-11:00,0,1,可预约,￥5.0,多云,17,12,5,0.0,86,29
2026-05-21 08:20:35,2026-05-22,2,乒乓球厅-15号,10:00-11:00,0,1,可预约,￥5.0,多云,17,14,4,0.0,85,29
2026-05-21 08:25:32,2026-05-22,2,乒乓球厅-15号,10:00-11:00,0,1,可预约,￥5.0,多云,17,14,4,0.0,85,28
2026-05-21 08:30:42,2026-05-22,2,乒乓球厅-15号,10:00-11:00,0,1,可预约,￥5.0,多云,18,15,4,0.0,84,28
2026-05-21 08:35:31,2026-05-22,2,乒乓球厅-15号,10:00-11:00,0,1,可预约,￥5.0,多云,18,15,4,0.0,84,28
2026-05-21 08:40:38,2026-05-22,2,乒乓球厅-15号,10:00-11:00,0,1,可预约,￥5.0,多云,18,15,4,0.0,82,28
2026-05-21 08:45:33,2026-05-22,2,乒乓球厅-15号,10:00-11:00,0,1,可预约,￥5.0,多云,18,15,4,0.0,82,28
2026-05-21 08:50:36,2026-05-22,2,乒乓球厅-15号,10:00-11:00,0,1,可预约,￥5.0,多云,18,15,4,0.0,82,28
2026-05-21 08:55:34,2026-05-22,2,乒乓球厅-15号,10:00-11:00,0,1,可预约,￥5.0,多云,18,15,4,0.0,84,28
2026-05-21 09:00:51,2026-05-22,2,乒乓球厅-15号,10:00-11:00,0,1,可预约,￥5.0,多云,18,15,4,0.0,84,28
2026-05-21 09:01:59,2026-05-22,2,乒乓球厅-15号,10:00-11:00,0,1,可预约,￥5.0,多云,18,15,4,0.0,83,28
2026-05-21 09:05:33,2026-05-22,2,乒乓球厅-15号,10:00-11:00,0,1,可预约,￥5.0,多云,18,15,4,0.0,83,28
2026-05-21 09:20:38,2026-05-22,2,乒乓球厅-15号,10:00-11:00,0,1,可预约,￥5.0,多云,18,16,3,0.0,81,28
2026-05-21 09:30:46,2026-05-22,2,乒乓球厅-15号,10:00-11:00,0,1,可预约,￥5.0,多云,18,16,3,0.0,81,32
2026-05-21 09:40:36,2026-05-22,2,乒乓球厅-15号,10:00-11:00,0,1,可预约,￥5.0,多云,19,17,3,0.0,79,32
2026-05-21 09:50:42,2026-05-22,2,乒乓球厅-15号,10:00-11:00,0,1,可预约,￥5.0,多云,19,17,4,0.0,81,32
2026-05-21 10:00:46,2026-05-22,2,乒乓球厅-15号,10:00-11:00,0,1,可预约,￥5.0,多云,19,17,4,0.0,79,32
2026-05-21 10:10:40,2026-05-22,2,乒乓球厅-15号,10:00-11:00,0,1,可预约,￥5.0,多云,19,17,4,0.0,79,32
2026-05-21 10:20:38,2026-05-22,2,乒乓球厅-15号,10:00-11:00,0,1,可预约,￥5.0,多云,19,17,4,0.0,79,32
2026-05-21 10:30:41,2026-05-22,2,乒乓球厅-15号,10:00-11:00,0,1,可预约,￥5.0,多云,19,18,3,0.0,78,31
2026-05-21 11:00:44,2026-05-22,2,乒乓球厅-15号,10:00-11:00,0,1,可预约,￥5.0,多云,21,17,5,0.0,74,31
2026-05-21 11:30:38,2026-05-22,2,乒乓球厅-15号,10:00-11:00,0,1,可预约,￥5.0,多云,21,19,3,0.0,72,33
2026-05-21 12:00:46,2026-05-22,2,乒乓球厅-15号,10:00-11:00,0,1,可预约,￥5.0,多云,22,19,4,0.0,70,33
2026-05-21 12:30:42,2026-05-22,2,乒乓球厅-15号,10:00-11:00,0,1,可预约,￥5.0,多云,22,21,3,0.0,68,35
2026-05-21 13:00:43,2026-05-22,2,乒乓球厅-15号,10:00-11:00,0,1,可预约,￥5.0,多云,24,22,4,0.0,66,35
2026-05-21 13:30:43,2026-05-22,2,乒乓球厅-15号,10:00-11:00,0,1,可预约,￥5.0,多云,24,22,4,0.0,66,36
2026-05-21 14:00:48,2026-05-22,2,乒乓球厅-15号,10:00-11:00,0,1,可预约,￥5.0,多云,25,23,4,0.0,66,36
2026-05-21 14:30:45,2026-05-22,2,乒乓球厅-15号,10:00-11:00,0,1,可预约,￥5.0,晴,25,25,3,0.0,65,39
2026-05-21 15:00:45,2026-05-22,2,乒乓球厅-15号,10:00-11:00,0,1,可预约,￥5.0,晴,25,22,4,0.0,56,39
2026-05-21 15:30:43,2026-05-22,2,乒乓球厅-15号,10:00-11:00,0,1,可预约,￥5.0,晴,25,23,4,0.0,57,40
2026-05-21 16:00:51,2026-05-22,2,乒乓球厅-15号,10:00-11:00,0,1,可预约,￥5.0,晴,25,23,4,0.0,57,40
2026-05-21 16:30:48,2026-05-22,2,乒乓球厅-15号,10:00-11:00,0,1,可预约,￥5.0,晴,25,24,3,0.0,60,39
2026-05-21 17:00:49,2026-05-22,2,乒乓球厅-15号,10:00-11:00,0,1,可预约,￥5.0,晴,25,24,4,0.0,61,39
2026-05-21 17:30:47,2026-05-22,2,乒乓球厅-15号,10:00-11:00,0,1,可预约,￥5.0,多云,24,23,3,0.0,64,39
2026-05-21 18:00:50,2026-05-22,2,乒乓球厅-15号,10:00-11:00,0,1,可预约,￥5.0,多云,24,23,3,0.0,68,39
2026-05-21 18:30:50,2026-05-22,2,乒乓球厅-15号,10:00-11:00,0,1,可预约,￥5.0,阴,24,25,2,0.0,68,40
2026-05-21 19:00:50,2026-05-22,2,乒乓球厅-15号,10:00-11:00,0,1,可预约,￥5.0,阴,23,23,3,0.0,76,40
2026-05-21 19:30:46,2026-05-22,2,乒乓球厅-15号,10:00-11:00,0,1,可预约,￥5.0,阴,23,24,2,0.0,77,39
2026-05-21 20:00:49,2026-05-22,2,乒乓球厅-15号,10:00-11:00,0,1,可预约,￥5.0,雾,22,23,2,0.0,89,39
2026-05-21 20:30:44,2026-05-22,2,乒乓球厅-15号,10:00-11:00,0,1,可预约,￥5.0,雾,22,24,2,0.0,93,43
2026-05-21 21:00:56,2026-05-22,2,乒乓球厅-15号,10:00-11:00,0,1,可预约,￥5.0,雾,20,21,2,0.0,98,43
2026-05-21 21:30:46,2026-05-22,2,乒乓球厅-15号,10:00-11:00,0,1,可预约,￥5.0,雾,20,22,1,0.0,99,41
2026-05-21 22:01:02,2026-05-22,2,乒乓球厅-15号,10:00-11:00,0,1,可预约,￥5.0,雾,19,20,2,0.0,93,41
2026-05-21 22:30:47,2026-05-22,2,乒乓球厅-15号,10:00-11:00,0,1,可预约,￥5.0,雾,19,19,3,0.0,88,46
2026-05-21 23:00:56,2026-05-22,2,乒乓球厅-15号,10:00-11:00,0,1,可预约,￥5.0,多云,18,17,3,0.0,85,46
2026-05-21 23:30:55,2026-05-22,2,乒乓球厅-15号,10:00-11:00,0,1,可预约,￥5.0,多云,18,17,3,0.0,85,48
2026-05-21 08:00:45,2026-05-22,2,乒乓球厅-15号,11:00-12:00,0,1,可预约,￥5.0,晴,17,12,5,0.0,86,29
2026-05-21 08:02:30,2026-05-22,2,乒乓球厅-15号,11:00-12:00,0,1,可预约,￥5.0,多云,17,12,5,0.0,87,29
2026-05-21 08:05:36,2026-05-22,2,乒乓球厅-15号,11:00-12:00,0,1,可预约,￥5.0,多云,17,12,5,0.0,86,29
2026-05-21 08:08:31,2026-05-22,2,乒乓球厅-15号,11:00-12:00,0,1,可预约,￥5.0,多云,17,12,5,0.0,86,29
2026-05-21 08:11:30,2026-05-22,2,乒乓球厅-15号,11:00-12:00,0,1,可预约,￥5.0,多云,17,12,5,0.0,86,29
2026-05-21 08:14:31,2026-05-22,2,乒乓球厅-15号,11:00-12:00,0,1,可预约,￥5.0,多云,17,12,5,0.0,86,29
2026-05-21 08:17:30,2026-05-22,2,乒乓球厅-15号,11:00-12:00,0,1,可预约,￥5.0,多云,17,12,5,0.0,86,29
2026-05-21 08:20:35,2026-05-22,2,乒乓球厅-15号,11:00-12:00,0,1,可预约,￥5.0,多云,17,14,4,0.0,85,29
2026-05-21 08:25:32,2026-05-22,2,乒乓球厅-15号,11:00-12:00,0,1,可预约,￥5.0,多云,17,14,4,0.0,85,28
2026-05-21 08:30:42,2026-05-22,2,乒乓球厅-15号,11:00-12:00,0,1,可预约,￥5.0,多云,18,15,4,0.0,84,28
2026-05-21 08:35:31,2026-05-22,2,乒乓球厅-15号,11:00-12:00,0,1,可预约,￥5.0,多云,18,15,4,0.0,84,28
2026-05-21 08:40:38,2026-05-22,2,乒乓球厅-15号,11:00-12:00,0,1,可预约,￥5.0,多云,18,15,4,0.0,82,28
2026-05-21 08:45:33,2026-05-22,2,乒乓球厅-15号,11:00-12:00,0,1,可预约,￥5.0,多云,18,15,4,0.0,82,28
2026-05-21 08:50:36,2026-05-22,2,乒乓球厅-15号,11:00-12:00,0,1,可预约,￥5.0,多云,18,15,4,0.0,82,28
2026-05-21 08:55:34,2026-05-22,2,乒乓球厅-15号,11:00-12:00,0,1,可预约,￥5.0,多云,18,15,4,0.0,84,28
2026-05-21 09:00:51,2026-05-22,2,乒乓球厅-15号,11:00-12:00,0,1,可预约,￥5.0,多云,18,15,4,0.0,84,28
2026-05-21 09:01:59,2026-05-22,2,乒乓球厅-15号,11:00-12:00,0,1,可预约,￥5.0,多云,18,15,4,0.0,83,28
2026-05-21 09:05:33,2026-05-22,2,乒乓球厅-15号,11:00-12:00,0,1,可预约,￥5.0,多云,18,15,4,0.0,83,28
2026-05-21 09:20:38,2026-05-22,2,乒乓球厅-15号,11:00-12:00,0,1,可预约,￥5.0,多云,18,16,3,0.0,81,28
2026-05-21 09:30:46,2026-05-22,2,乒乓球厅-15号,11:00-12:00,0,1,可预约,￥5.0,多云,18,16,3,0.0,81,32
2026-05-21 09:40:36,2026-05-22,2,乒乓球厅-15号,11:00-12:00,0,1,可预约,￥5.0,多云,19,17,3,0.0,79,32
2026-05-21 09:50:42,2026-05-22,2,乒乓球厅-15号,11:00-12:00,0,1,可预约,￥5.0,多云,19,17,4,0.0,81,32
2026-05-21 10:00:46,2026-05-22,2,乒乓球厅-15号,11:00-12:00,0,1,可预约,￥5.0,多云,19,17,4,0.0,79,32
2026-05-21 10:10:40,2026-05-22,2,乒乓球厅-15号,11:00-12:00,0,1,可预约,￥5.0,多云,19,17,4,0.0,79,32
2026-05-21 10:20:38,2026-05-22,2,乒乓球厅-15号,11:00-12:00,0,1,可预约,￥5.0,多云,19,17,4,0.0,79,32
2026-05-21 10:30:41,2026-05-22,2,乒乓球厅-15号,11:00-12:00,0,1,可预约,￥5.0,多云,19,18,3,0.0,78,31
2026-05-21 11:00:44,2026-05-22,2,乒乓球厅-15号,11:00-12:00,0,1,可预约,￥5.0,多云,21,17,5,0.0,74,31
2026-05-21 11:30:38,2026-05-22,2,乒乓球厅-15号,11:00-12:00,0,1,可预约,￥5.0,多云,21,19,3,0.0,72,33
2026-05-21 12:00:46,2026-05-22,2,乒乓球厅-15号,11:00-12:00,0,1,可预约,￥5.0,多云,22,19,4,0.0,70,33
2026-05-21 12:30:42,2026-05-22,2,乒乓球厅-15号,11:00-12:00,0,1,可预约,￥5.0,多云,22,21,3,0.0,68,35
2026-05-21 13:00:43,2026-05-22,2,乒乓球厅-15号,11:00-12:00,0,1,可预约,￥5.0,多云,24,22,4,0.0,66,35
2026-05-21 13:30:43,2026-05-22,2,乒乓球厅-15号,11:00-12:00,0,1,可预约,￥5.0,多云,24,22,4,0.0,66,36
2026-05-21 14:00:48,2026-05-22,2,乒乓球厅-15号,11:00-12:00,0,1,可预约,￥5.0,多云,25,23,4,0.0,66,36
2026-05-21 14:30:45,2026-05-22,2,乒乓球厅-15号,11:00-12:00,0,1,可预约,￥5.0,晴,25,25,3,0.0,65,39
2026-05-21 15:00:45,2026-05-22,2,乒乓球厅-15号,11:00-12:00,0,1,可预约,￥5.0,晴,25,22,4,0.0,56,39
2026-05-21 15:30:43,2026-05-22,2,乒乓球厅-15号,11:00-12:00,0,1,可预约,￥5.0,晴,25,23,4,0.0,57,40
2026-05-21 16:00:51,2026-05-22,2,乒乓球厅-15号,11:00-12:00,0,1,可预约,￥5.0,晴,25,23,4,0.0,57,40
2026-05-21 16:30:48,2026-05-22,2,乒乓球厅-15号,11:00-12:00,0,1,可预约,￥5.0,晴,25,24,3,0.0,60,39
2026-05-21 17:00:49,2026-05-22,2,乒乓球厅-15号,11:00-12:00,0,1,可预约,￥5.0,晴,25,24,4,0.0,61,39
2026-05-21 17:30:47,2026-05-22,2,乒乓球厅-15号,11:00-12:00,0,1,可预约,￥5.0,多云,24,23,3,0.0,64,39
2026-05-21 18:00:50,2026-05-22,2,乒乓球厅-15号,11:00-12:00,0,1,可预约,￥5.0,多云,24,23,3,0.0,68,39
2026-05-21 18:30:50,2026-05-22,2,乒乓球厅-15号,11:00-12:00,0,1,可预约,￥5.0,阴,24,25,2,0.0,68,40
2026-05-21 19:00:50,2026-05-22,2,乒乓球厅-15号,11:00-12:00,0,1,可预约,￥5.0,阴,23,23,3,0.0,76,40
2026-05-21 19:30:46,2026-05-22,2,乒乓球厅-15号,11:00-12:00,0,1,可预约,￥5.0,阴,23,24,2,0.0,77,39
2026-05-21 20:00:49,2026-05-22,2,乒乓球厅-15号,11:00-12:00,0,1,可预约,￥5.0,雾,22,23,2,0.0,89,39
2026-05-21 20:30:44,2026-05-22,2,乒乓球厅-15号,11:00-12:00,0,1,可预约,￥5.0,雾,22,24,2,0.0,93,43
2026-05-21 21:00:56,2026-05-22,2,乒乓球厅-15号,11:00-12:00,0,1,可预约,￥5.0,雾,20,21,2,0.0,98,43
2026-05-21 21:30:46,2026-05-22,2,乒乓球厅-15号,11:00-12:00,0,1,可预约,￥5.0,雾,20,22,1,0.0,99,41
2026-05-21 22:01:02,2026-05-22,2,乒乓球厅-15号,11:00-12:00,0,1,可预约,￥5.0,雾,19,20,2,0.0,93,41
2026-05-21 22:30:47,2026-05-22,2,乒乓球厅-15号,11:00-12:00,0,1,可预约,￥5.0,雾,19,19,3,0.0,88,46
2026-05-21 23:00:56,2026-05-22,2,乒乓球厅-15号,11:00-12:00,0,1,可预约,￥5.0,多云,18,17,3,0.0,85,46
2026-05-21 23:30:55,2026-05-22,2,乒乓球厅-15号,11:00-12:00,0,1,可预约,￥5.0,多云,18,17,3,0.0,85,48
2026-05-21 08:00:45,2026-05-22,2,乒乓球厅-15号,12:00-12:55,0,1,可预约,￥0.0,晴,17,12,5,0.0,86,29
2026-05-21 08:02:30,2026-05-22,2,乒乓球厅-15号,12:00-12:55,0,1,可预约,￥0.0,多云,17,12,5,0.0,87,29
2026-05-21 08:05:36,2026-05-22,2,乒乓球厅-15号,12:00-12:55,0,1,可预约,￥0.0,多云,17,12,5,0.0,86,29
2026-05-21 08:08:31,2026-05-22,2,乒乓球厅-15号,12:00-12:55,0,1,可预约,￥0.0,多云,17,12,5,0.0,86,29
2026-05-21 08:11:30,2026-05-22,2,乒乓球厅-15号,12:00-12:55,0,1,可预约,￥0.0,多云,17,12,5,0.0,86,29
2026-05-21 08:14:31,2026-05-22,2,乒乓球厅-15号,12:00-12:55,0,1,可预约,￥0.0,多云,17,12,5,0.0,86,29
2026-05-21 08:17:30,2026-05-22,2,乒乓球厅-15号,12:00-12:55,0,1,可预约,￥0.0,多云,17,12,5,0.0,86,29
2026-05-21 08:20:35,2026-05-22,2,乒乓球厅-15号,12:00-12:55,0,1,可预约,￥0.0,多云,17,14,4,0.0,85,29
2026-05-21 08:25:32,2026-05-22,2,乒乓球厅-15号,12:00-12:55,0,1,可预约,￥0.0,多云,17,14,4,0.0,85,28
2026-05-21 08:30:42,2026-05-22,2,乒乓球厅-15号,12:00-12:55,0,1,可预约,￥0.0,多云,18,15,4,0.0,84,28
2026-05-21 08:35:31,2026-05-22,2,乒乓球厅-15号,12:00-12:55,0,1,可预约,￥0.0,多云,18,15,4,0.0,84,28
2026-05-21 08:40:38,2026-05-22,2,乒乓球厅-15号,12:00-12:55,0,1,可预约,￥0.0,多云,18,15,4,0.0,82,28
2026-05-21 08:45:33,2026-05-22,2,乒乓球厅-15号,12:00-12:55,0,1,可预约,￥0.0,多云,18,15,4,0.0,82,28
2026-05-21 08:50:36,2026-05-22,2,乒乓球厅-15号,12:00-12:55,0,1,可预约,￥0.0,多云,18,15,4,0.0,82,28
2026-05-21 08:55:34,2026-05-22,2,乒乓球厅-15号,12:00-12:55,0,1,可预约,￥0.0,多云,18,15,4,0.0,84,28
2026-05-21 09:00:51,2026-05-22,2,乒乓球厅-15号,12:00-12:55,0,1,可预约,￥0.0,多云,18,15,4,0.0,84,28
2026-05-21 09:01:59,2026-05-22,2,乒乓球厅-15号,12:00-12:55,0,1,可预约,￥0.0,多云,18,15,4,0.0,83,28
2026-05-21 09:05:33,2026-05-22,2,乒乓球厅-15号,12:00-12:55,0,1,可预约,￥0.0,多云,18,15,4,0.0,83,28
2026-05-21 09:20:38,2026-05-22,2,乒乓球厅-15号,12:00-12:55,0,1,可预约,￥0.0,多云,18,16,3,0.0,81,28
2026-05-21 09:30:46,2026-05-22,2,乒乓球厅-15号,12:00-12:55,0,1,可预约,￥0.0,多云,18,16,3,0.0,81,32
2026-05-21 09:40:36,2026-05-22,2,乒乓球厅-15号,12:00-12:55,0,1,可预约,￥0.0,多云,19,17,3,0.0,79,32
2026-05-21 09:50:42,2026-05-22,2,乒乓球厅-15号,12:00-12:55,0,1,可预约,￥0.0,多云,19,17,4,0.0,81,32
2026-05-21 10:00:46,2026-05-22,2,乒乓球厅-15号,12:00-12:55,0,1,可预约,￥0.0,多云,19,17,4,0.0,79,32
2026-05-21 10:10:40,2026-05-22,2,乒乓球厅-15号,12:00-12:55,0,1,可预约,￥0.0,多云,19,17,4,0.0,79,32
2026-05-21 10:20:38,2026-05-22,2,乒乓球厅-15号,12:00-12:55,0,1,可预约,￥0.0,多云,19,17,4,0.0,79,32
2026-05-21 10:30:41,2026-05-22,2,乒乓球厅-15号,12:00-12:55,0,1,可预约,￥0.0,多云,19,18,3,0.0,78,31
2026-05-21 11:00:44,2026-05-22,2,乒乓球厅-15号,12:00-12:55,0,1,可预约,￥0.0,多云,21,17,5,0.0,74,31
2026-05-21 11:30:38,2026-05-22,2,乒乓球厅-15号,12:00-12:55,0,1,可预约,￥0.0,多云,21,19,3,0.0,72,33
2026-05-21 12:00:46,2026-05-22,2,乒乓球厅-15号,12:00-12:55,0,1,可预约,￥0.0,多云,22,19,4,0.0,70,33
2026-05-21 12:30:42,2026-05-22,2,乒乓球厅-15号,12:00-12:55,0,1,可预约,￥0.0,多云,22,21,3,0.0,68,35
2026-05-21 13:00:43,2026-05-22,2,乒乓球厅-15号,12:00-12:55,0,1,可预约,￥0.0,多云,24,22,4,0.0,66,35
2026-05-21 13:30:43,2026-05-22,2,乒乓球厅-15号,12:00-12:55,0,1,可预约,￥0.0,多云,24,22,4,0.0,66,36
2026-05-21 14:00:48,2026-05-22,2,乒乓球厅-15号,12:00-12:55,0,1,可预约,￥0.0,多云,25,23,4,0.0,66,36
2026-05-21 14:30:45,2026-05-22,2,乒乓球厅-15号,12:00-12:55,0,1,可预约,￥0.0,晴,25,25,3,0.0,65,39
2026-05-21 15:00:45,2026-05-22,2,乒乓球厅-15号,12:00-12:55,0,1,可预约,￥0.0,晴,25,22,4,0.0,56,39
2026-05-21 15:30:43,2026-05-22,2,乒乓球厅-15号,12:00-12:55,0,1,可预约,￥0.0,晴,25,23,4,0.0,57,40
2026-05-21 16:00:51,2026-05-22,2,乒乓球厅-15号,12:00-12:55,0,1,可预约,￥0.0,晴,25,23,4,0.0,57,40
2026-05-21 16:30:48,2026-05-22,2,乒乓球厅-15号,12:00-12:55,0,1,可预约,￥0.0,晴,25,24,3,0.0,60,39
2026-05-21 17:00:49,2026-05-22,2,乒乓球厅-15号,12:00-12:55,0,1,可预约,￥0.0,晴,25,24,4,0.0,61,39
2026-05-21 17:30:47,2026-05-22,2,乒乓球厅-15号,12:00-12:55,0,1,可预约,￥0.0,多云,24,23,3,0.0,64,39
2026-05-21 18:00:50,2026-05-22,2,乒乓球厅-15号,12:00-12:55,0,1,可预约,￥0.0,多云,24,23,3,0.0,68,39
2026-05-21 18:30:50,2026-05-22,2,乒乓球厅-15号,12:00-12:55,0,1,可预约,￥0.0,阴,24,25,2,0.0,68,40
2026-05-21 19:00:50,2026-05-22,2,乒乓球厅-15号,12:00-12:55,0,1,可预约,￥0.0,阴,23,23,3,0.0,76,40
2026-05-21 19:30:46,2026-05-22,2,乒乓球厅-15号,12:00-12:55,0,1,可预约,￥0.0,阴,23,24,2,0.0,77,39
2026-05-21 20:00:49,2026-05-22,2,乒乓球厅-15号,12:00-12:55,0,1,可预约,￥0.0,雾,22,23,2,0.0,89,39
2026-05-21 20:30:44,2026-05-22,2,乒乓球厅-15号,12:00-12:55,0,1,可预约,￥0.0,雾,22,24,2,0.0,93,43
2026-05-21 21:00:56,2026-05-22,2,乒乓球厅-15号,12:00-12:55,0,1,可预约,￥0.0,雾,20,21,2,0.0,98,43
2026-05-21 21:30:46,2026-05-22,2,乒乓球厅-15号,12:00-12:55,0,1,可预约,￥0.0,雾,20,22,1,0.0,99,41
2026-05-21 22:01:02,2026-05-22,2,乒乓球厅-15号,12:00-12:55,0,1,可预约,￥0.0,雾,19,20,2,0.0,93,41
2026-05-21 22:30:47,2026-05-22,2,乒乓球厅-15号,12:00-12:55,0,1,可预约,￥0.0,雾,19,19,3,0.0,88,46
2026-05-21 23:00:56,2026-05-22,2,乒乓球厅-15号,12:00-12:55,0,1,可预约,￥0.0,多云,18,17,3,0.0,85,46
2026-05-21 23:30:55,2026-05-22,2,乒乓球厅-15号,12:00-12:55,0,1,可预约,￥0.0,多云,18,17,3,0.0,85,48
2026-05-21 08:00:45,2026-05-22,2,乒乓球厅-15号,12:55-13:50,0,1,可预约,￥0.0,晴,17,12,5,0.0,86,29
2026-05-21 08:02:30,2026-05-22,2,乒乓球厅-15号,12:55-13:50,0,1,可预约,￥0.0,多云,17,12,5,0.0,87,29
2026-05-21 08:05:36,2026-05-22,2,乒乓球厅-15号,12:55-13:50,0,1,可预约,￥0.0,多云,17,12,5,0.0,86,29
2026-05-21 08:08:31,2026-05-22,2,乒乓球厅-15号,12:55-13:50,0,1,可预约,￥0.0,多云,17,12,5,0.0,86,29
2026-05-21 08:11:30,2026-05-22,2,乒乓球厅-15号,12:55-13:50,0,1,可预约,￥0.0,多云,17,12,5,0.0,86,29
2026-05-21 08:14:31,2026-05-22,2,乒乓球厅-15号,12:55-13:50,0,1,可预约,￥0.0,多云,17,12,5,0.0,86,29
2026-05-21 08:17:30,2026-05-22,2,乒乓球厅-15号,12:55-13:50,0,1,可预约,￥0.0,多云,17,12,5,0.0,86,29
2026-05-21 08:20:35,2026-05-22,2,乒乓球厅-15号,12:55-13:50,0,1,可预约,￥0.0,多云,17,14,4,0.0,85,29
2026-05-21 08:25:32,2026-05-22,2,乒乓球厅-15号,12:55-13:50,0,1,可预约,￥0.0,多云,17,14,4,0.0,85,28
2026-05-21 08:30:42,2026-05-22,2,乒乓球厅-15号,12:55-13:50,0,1,可预约,￥0.0,多云,18,15,4,0.0,84,28
2026-05-21 08:35:31,2026-05-22,2,乒乓球厅-15号,12:55-13:50,0,1,可预约,￥0.0,多云,18,15,4,0.0,84,28
2026-05-21 08:40:38,2026-05-22,2,乒乓球厅-15号,12:55-13:50,0,1,可预约,￥0.0,多云,18,15,4,0.0,82,28
2026-05-21 08:45:33,2026-05-22,2,乒乓球厅-15号,12:55-13:50,0,1,可预约,￥0.0,多云,18,15,4,0.0,82,28
2026-05-21 08:50:36,2026-05-22,2,乒乓球厅-15号,12:55-13:50,0,1,可预约,￥0.0,多云,18,15,4,0.0,82,28
2026-05-21 08:55:34,2026-05-22,2,乒乓球厅-15号,12:55-13:50,0,1,可预约,￥0.0,多云,18,15,4,0.0,84,28
2026-05-21 09:00:51,2026-05-22,2,乒乓球厅-15号,12:55-13:50,0,1,可预约,￥0.0,多云,18,15,4,0.0,84,28
2026-05-21 09:01:59,2026-05-22,2,乒乓球厅-15号,12:55-13:50,0,1,可预约,￥0.0,多云,18,15,4,0.0,83,28
2026-05-21 09:05:33,2026-05-22,2,乒乓球厅-15号,12:55-13:50,0,1,可预约,￥0.0,多云,18,15,4,0.0,83,28
2026-05-21 09:20:38,2026-05-22,2,乒乓球厅-15号,12:55-13:50,0,1,可预约,￥0.0,多云,18,16,3,0.0,81,28
2026-05-21 09:30:46,2026-05-22,2,乒乓球厅-15号,12:55-13:50,0,1,可预约,￥0.0,多云,18,16,3,0.0,81,32
2026-05-21 09:40:36,2026-05-22,2,乒乓球厅-15号,12:55-13:50,0,1,可预约,￥0.0,多云,19,17,3,0.0,79,32
2026-05-21 09:50:42,2026-05-22,2,乒乓球厅-15号,12:55-13:50,0,1,可预约,￥0.0,多云,19,17,4,0.0,81,32
2026-05-21 10:00:46,2026-05-22,2,乒乓球厅-15号,12:55-13:50,0,1,可预约,￥0.0,多云,19,17,4,0.0,79,32
2026-05-21 10:10:40,2026-05-22,2,乒乓球厅-15号,12:55-13:50,0,1,可预约,￥0.0,多云,19,17,4,0.0,79,32
2026-05-21 10:20:38,2026-05-22,2,乒乓球厅-15号,12:55-13:50,0,1,可预约,￥0.0,多云,19,17,4,0.0,79,32
2026-05-21 10:30:41,2026-05-22,2,乒乓球厅-15号,12:55-13:50,0,1,可预约,￥0.0,多云,19,18,3,0.0,78,31
2026-05-21 11:00:44,2026-05-22,2,乒乓球厅-15号,12:55-13:50,0,1,可预约,￥0.0,多云,21,17,5,0.0,74,31
2026-05-21 11:30:38,2026-05-22,2,乒乓球厅-15号,12:55-13:50,0,1,可预约,￥0.0,多云,21,19,3,0.0,72,33
2026-05-21 12:00:46,2026-05-22,2,乒乓球厅-15号,12:55-13:50,0,1,可预约,￥0.0,多云,22,19,4,0.0,70,33
2026-05-21 12:30:42,2026-05-22,2,乒乓球厅-15号,12:55-13:50,0,1,可预约,￥0.0,多云,22,21,3,0.0,68,35
2026-05-21 13:00:43,2026-05-22,2,乒乓球厅-15号,12:55-13:50,0,1,可预约,￥0.0,多云,24,22,4,0.0,66,35
2026-05-21 13:30:43,2026-05-22,2,乒乓球厅-15号,12:55-13:50,0,1,可预约,￥0.0,多云,24,22,4,0.0,66,36
2026-05-21 14:00:48,2026-05-22,2,乒乓球厅-15号,12:55-13:50,0,1,可预约,￥0.0,多云,25,23,4,0.0,66,36
2026-05-21 14:30:45,2026-05-22,2,乒乓球厅-15号,12:55-13:50,0,1,可预约,￥0.0,晴,25,25,3,0.0,65,39
2026-05-21 15:00:45,2026-05-22,2,乒乓球厅-15号,12:55-13:50,0,1,可预约,￥0.0,晴,25,22,4,0.0,56,39
2026-05-21 15:30:43,2026-05-22,2,乒乓球厅-15号,12:55-13:50,0,1,可预约,￥0.0,晴,25,23,4,0.0,57,40
2026-05-21 16:00:51,2026-05-22,2,乒乓球厅-15号,12:55-13:50,0,1,可预约,￥0.0,晴,25,23,4,0.0,57,40
2026-05-21 16:30:48,2026-05-22,2,乒乓球厅-15号,12:55-13:50,0,1,可预约,￥0.0,晴,25,24,3,0.0,60,39
2026-05-21 17:00:49,2026-05-22,2,乒乓球厅-15号,12:55-13:50,0,1,可预约,￥0.0,晴,25,24,4,0.0,61,39
2026-05-21 17:30:47,2026-05-22,2,乒乓球厅-15号,12:55-13:50,0,1,可预约,￥0.0,多云,24,23,3,0.0,64,39
2026-05-21 18:00:50,2026-05-22,2,乒乓球厅-15号,12:55-13:50,0,1,可预约,￥0.0,多云,24,23,3,0.0,68,39
2026-05-21 18:30:50,2026-05-22,2,乒乓球厅-15号,12:55-13:50,0,1,可预约,￥0.0,阴,24,25,2,0.0,68,40
2026-05-21 19:00:50,2026-05-22,2,乒乓球厅-15号,12:55-13:50,0,1,可预约,￥0.0,阴,23,23,3,0.0,76,40
2026-05-21 19:30:46,2026-05-22,2,乒乓球厅-15号,12:55-13:50,0,1,可预约,￥0.0,阴,23,24,2,0.0,77,39
2026-05-21 20:00:49,2026-05-22,2,乒乓球厅-15号,12:55-13:50,0,1,可预约,￥0.0,雾,22,23,2,0.0,89,39
2026-05-21 20:30:44,2026-05-22,2,乒乓球厅-15号,12:55-13:50,0,1,可预约,￥0.0,雾,22,24,2,0.0,93,43
2026-05-21 21:00:56,2026-05-22,2,乒乓球厅-15号,12:55-13:50,0,1,可预约,￥0.0,雾,20,21,2,0.0,98,43
2026-05-21 21:30:46,2026-05-22,2,乒乓球厅-15号,12:55-13:50,0,1,可预约,￥0.0,雾,20,22,1,0.0,99,41
2026-05-21 22:01:02,2026-05-22,2,乒乓球厅-15号,12:55-13:50,0,1,可预约,￥0.0,雾,19,20,2,0.0,93,41
2026-05-21 22:30:47,2026-05-22,2,乒乓球厅-15号,12:55-13:50,0,1,可预约,￥0.0,雾,19,19,3,0.0,88,46
2026-05-21 23:00:56,2026-05-22,2,乒乓球厅-15号,12:55-13:50,0,1,可预约,￥0.0,多云,18,17,3,0.0,85,46
2026-05-21 23:30:55,2026-05-22,2,乒乓球厅-15号,12:55-13:50,0,1,可预约,￥0.0,多云,18,17,3,0.0,85,48
2026-05-21 08:00:45,2026-05-22,2,乒乓球厅-15号,14:00-15:00,1,1,已售/已满,教学时间,晴,17,12,5,0.0,86,29
2026-05-21 08:02:30,2026-05-22,2,乒乓球厅-15号,14:00-15:00,1,1,已售/已满,教学时间,多云,17,12,5,0.0,87,29
2026-05-21 08:05:36,2026-05-22,2,乒乓球厅-15号,14:00-15:00,1,1,已售/已满,教学时间,多云,17,12,5,0.0,86,29
2026-05-21 08:08:31,2026-05-22,2,乒乓球厅-15号,14:00-15:00,1,1,已售/已满,教学时间,多云,17,12,5,0.0,86,29
2026-05-21 08:11:30,2026-05-22,2,乒乓球厅-15号,14:00-15:00,1,1,已售/已满,教学时间,多云,17,12,5,0.0,86,29
2026-05-21 08:14:31,2026-05-22,2,乒乓球厅-15号,14:00-15:00,1,1,已售/已满,教学时间,多云,17,12,5,0.0,86,29
2026-05-21 08:17:30,2026-05-22,2,乒乓球厅-15号,14:00-15:00,1,1,已售/已满,教学时间,多云,17,12,5,0.0,86,29
2026-05-21 08:20:35,2026-05-22,2,乒乓球厅-15号,14:00-15:00,1,1,已售/已满,教学时间,多云,17,14,4,0.0,85,29
2026-05-21 08:25:32,2026-05-22,2,乒乓球厅-15号,14:00-15:00,1,1,已售/已满,教学时间,多云,17,14,4,0.0,85,28
2026-05-21 08:30:42,2026-05-22,2,乒乓球厅-15号,14:00-15:00,1,1,已售/已满,教学时间,多云,18,15,4,0.0,84,28
2026-05-21 08:35:31,2026-05-22,2,乒乓球厅-15号,14:00-15:00,1,1,已售/已满,教学时间,多云,18,15,4,0.0,84,28
2026-05-21 08:40:38,2026-05-22,2,乒乓球厅-15号,14:00-15:00,1,1,已售/已满,教学时间,多云,18,15,4,0.0,82,28
2026-05-21 08:45:33,2026-05-22,2,乒乓球厅-15号,14:00-15:00,1,1,已售/已满,教学时间,多云,18,15,4,0.0,82,28
2026-05-21 08:50:36,2026-05-22,2,乒乓球厅-15号,14:00-15:00,1,1,已售/已满,教学时间,多云,18,15,4,0.0,82,28
2026-05-21 08:55:34,2026-05-22,2,乒乓球厅-15号,14:00-15:00,1,1,已售/已满,教学时间,多云,18,15,4,0.0,84,28
2026-05-21 09:00:51,2026-05-22,2,乒乓球厅-15号,14:00-15:00,1,1,已售/已满,教学时间,多云,18,15,4,0.0,84,28
2026-05-21 09:01:59,2026-05-22,2,乒乓球厅-15号,14:00-15:00,1,1,已售/已满,教学时间,多云,18,15,4,0.0,83,28
2026-05-21 09:05:33,2026-05-22,2,乒乓球厅-15号,14:00-15:00,1,1,已售/已满,教学时间,多云,18,15,4,0.0,83,28
2026-05-21 09:20:38,2026-05-22,2,乒乓球厅-15号,14:00-15:00,1,1,已售/已满,教学时间,多云,18,16,3,0.0,81,28
2026-05-21 09:30:46,2026-05-22,2,乒乓球厅-15号,14:00-15:00,1,1,已售/已满,教学时间,多云,18,16,3,0.0,81,32
2026-05-21 09:40:36,2026-05-22,2,乒乓球厅-15号,14:00-15:00,1,1,已售/已满,教学时间,多云,19,17,3,0.0,79,32
2026-05-21 09:50:42,2026-05-22,2,乒乓球厅-15号,14:00-15:00,1,1,已售/已满,教学时间,多云,19,17,4,0.0,81,32
2026-05-21 10:00:46,2026-05-22,2,乒乓球厅-15号,14:00-15:00,1,1,已售/已满,教学时间,多云,19,17,4,0.0,79,32
2026-05-21 10:10:40,2026-05-22,2,乒乓球厅-15号,14:00-15:00,1,1,已售/已满,教学时间,多云,19,17,4,0.0,79,32
2026-05-21 10:20:38,2026-05-22,2,乒乓球厅-15号,14:00-15:00,1,1,已售/已满,教学时间,多云,19,17,4,0.0,79,32
2026-05-21 10:30:41,2026-05-22,2,乒乓球厅-15号,14:00-15:00,1,1,已售/已满,教学时间,多云,19,18,3,0.0,78,31
2026-05-21 11:00:44,2026-05-22,2,乒乓球厅-15号,14:00-15:00,1,1,已售/已满,教学时间,多云,21,17,5,0.0,74,31
2026-05-21 11:30:38,2026-05-22,2,乒乓球厅-15号,14:00-15:00,1,1,已售/已满,教学时间,多云,21,19,3,0.0,72,33
2026-05-21 12:00:46,2026-05-22,2,乒乓球厅-15号,14:00-15:00,1,1,已售/已满,教学时间,多云,22,19,4,0.0,70,33
2026-05-21 12:30:42,2026-05-22,2,乒乓球厅-15号,14:00-15:00,1,1,已售/已满,教学时间,多云,22,21,3,0.0,68,35
2026-05-21 13:00:43,2026-05-22,2,乒乓球厅-15号,14:00-15:00,1,1,已售/已满,教学时间,多云,24,22,4,0.0,66,35
2026-05-21 13:30:43,2026-05-22,2,乒乓球厅-15号,14:00-15:00,1,1,已售/已满,教学时间,多云,24,22,4,0.0,66,36
2026-05-21 14:00:48,2026-05-22,2,乒乓球厅-15号,14:00-15:00,1,1,已售/已满,教学时间,多云,25,23,4,0.0,66,36
2026-05-21 14:30:45,2026-05-22,2,乒乓球厅-15号,14:00-15:00,1,1,已售/已满,教学时间,晴,25,25,3,0.0,65,39
2026-05-21 15:00:45,2026-05-22,2,乒乓球厅-15号,14:00-15:00,1,1,已售/已满,教学时间,晴,25,22,4,0.0,56,39
2026-05-21 15:30:43,2026-05-22,2,乒乓球厅-15号,14:00-15:00,1,1,已售/已满,教学时间,晴,25,23,4,0.0,57,40
2026-05-21 16:00:51,2026-05-22,2,乒乓球厅-15号,14:00-15:00,1,1,已售/已满,教学时间,晴,25,23,4,0.0,57,40
2026-05-21 16:30:48,2026-05-22,2,乒乓球厅-15号,14:00-15:00,1,1,已售/已满,教学时间,晴,25,24,3,0.0,60,39
2026-05-21 17:00:49,2026-05-22,2,乒乓球厅-15号,14:00-15:00,1,1,已售/已满,教学时间,晴,25,24,4,0.0,61,39
2026-05-21 17:30:47,2026-05-22,2,乒乓球厅-15号,14:00-15:00,1,1,已售/已满,教学时间,多云,24,23,3,0.0,64,39
2026-05-21 18:00:50,2026-05-22,2,乒乓球厅-15号,14:00-15:00,1,1,已售/已满,教学时间,多云,24,23,3,0.0,68,39
2026-05-21 18:30:50,2026-05-22,2,乒乓球厅-15号,14:00-15:00,1,1,已售/已满,教学时间,阴,24,25,2,0.0,68,40
2026-05-21 19:00:50,2026-05-22,2,乒乓球厅-15号,14:00-15:00,1,1,已售/已满,教学时间,阴,23,23,3,0.0,76,40
2026-05-21 19:30:46,2026-05-22,2,乒乓球厅-15号,14:00-15:00,1,1,已售/已满,教学时间,阴,23,24,2,0.0,77,39
2026-05-21 20:00:49,2026-05-22,2,乒乓球厅-15号,14:00-15:00,1,1,已售/已满,教学时间,雾,22,23,2,0.0,89,39
2026-05-21 20:30:44,2026-05-22,2,乒乓球厅-15号,14:00-15:00,1,1,已售/已满,教学时间,雾,22,24,2,0.0,93,43
2026-05-21 21:00:56,2026-05-22,2,乒乓球厅-15号,14:00-15:00,1,1,已售/已满,教学时间,雾,20,21,2,0.0,98,43
2026-05-21 21:30:46,2026-05-22,2,乒乓球厅-15号,14:00-15:00,1,1,已售/已满,教学时间,雾,20,22,1,0.0,99,41
2026-05-21 22:01:02,2026-05-22,2,乒乓球厅-15号,14:00-15:00,1,1,已售/已满,教学时间,雾,19,20,2,0.0,93,41
2026-05-21 22:30:47,2026-05-22,2,乒乓球厅-15号,14:00-15:00,1,1,已售/已满,教学时间,雾,19,19,3,0.0,88,46
2026-05-21 23:00:56,2026-05-22,2,乒乓球厅-15号,14:00-15:00,1,1,已售/已满,教学时间,多云,18,17,3,0.0,85,46
2026-05-21 23:30:55,2026-05-22,2,乒乓球厅-15号,14:00-15:00,1,1,已售/已满,教学时间,多云,18,17,3,0.0,85,48
2026-05-21 08:00:45,2026-05-22,2,乒乓球厅-15号,15:00-16:00,1,1,已售/已满,教学时间,晴,17,12,5,0.0,86,29
2026-05-21 08:02:30,2026-05-22,2,乒乓球厅-15号,15:00-16:00,1,1,已售/已满,教学时间,多云,17,12,5,0.0,87,29
2026-05-21 08:05:36,2026-05-22,2,乒乓球厅-15号,15:00-16:00,1,1,已售/已满,教学时间,多云,17,12,5,0.0,86,29
2026-05-21 08:08:31,2026-05-22,2,乒乓球厅-15号,15:00-16:00,1,1,已售/已满,教学时间,多云,17,12,5,0.0,86,29
2026-05-21 08:11:30,2026-05-22,2,乒乓球厅-15号,15:00-16:00,1,1,已售/已满,教学时间,多云,17,12,5,0.0,86,29
2026-05-21 08:14:31,2026-05-22,2,乒乓球厅-15号,15:00-16:00,1,1,已售/已满,教学时间,多云,17,12,5,0.0,86,29
2026-05-21 08:17:30,2026-05-22,2,乒乓球厅-15号,15:00-16:00,1,1,已售/已满,教学时间,多云,17,12,5,0.0,86,29
2026-05-21 08:20:35,2026-05-22,2,乒乓球厅-15号,15:00-16:00,1,1,已售/已满,教学时间,多云,17,14,4,0.0,85,29
2026-05-21 08:25:32,2026-05-22,2,乒乓球厅-15号,15:00-16:00,1,1,已售/已满,教学时间,多云,17,14,4,0.0,85,28
2026-05-21 08:30:42,2026-05-22,2,乒乓球厅-15号,15:00-16:00,1,1,已售/已满,教学时间,多云,18,15,4,0.0,84,28
2026-05-21 08:35:31,2026-05-22,2,乒乓球厅-15号,15:00-16:00,1,1,已售/已满,教学时间,多云,18,15,4,0.0,84,28
2026-05-21 08:40:38,2026-05-22,2,乒乓球厅-15号,15:00-16:00,1,1,已售/已满,教学时间,多云,18,15,4,0.0,82,28
2026-05-21 08:45:33,2026-05-22,2,乒乓球厅-15号,15:00-16:00,1,1,已售/已满,教学时间,多云,18,15,4,0.0,82,28
2026-05-21 08:50:36,2026-05-22,2,乒乓球厅-15号,15:00-16:00,1,1,已售/已满,教学时间,多云,18,15,4,0.0,82,28
2026-05-21 08:55:34,2026-05-22,2,乒乓球厅-15号,15:00-16:00,1,1,已售/已满,教学时间,多云,18,15,4,0.0,84,28
2026-05-21 09:00:51,2026-05-22,2,乒乓球厅-15号,15:00-16:00,1,1,已售/已满,教学时间,多云,18,15,4,0.0,84,28
2026-05-21 09:01:59,2026-05-22,2,乒乓球厅-15号,15:00-16:00,1,1,已售/已满,教学时间,多云,18,15,4,0.0,83,28
2026-05-21 09:05:33,2026-05-22,2,乒乓球厅-15号,15:00-16:00,1,1,已售/已满,教学时间,多云,18,15,4,0.0,83,28
2026-05-21 09:20:38,2026-05-22,2,乒乓球厅-15号,15:00-16:00,1,1,已售/已满,教学时间,多云,18,16,3,0.0,81,28
2026-05-21 09:30:46,2026-05-22,2,乒乓球厅-15号,15:00-16:00,1,1,已售/已满,教学时间,多云,18,16,3,0.0,81,32
2026-05-21 09:40:36,2026-05-22,2,乒乓球厅-15号,15:00-16:00,1,1,已售/已满,教学时间,多云,19,17,3,0.0,79,32
2026-05-21 09:50:42,2026-05-22,2,乒乓球厅-15号,15:00-16:00,1,1,已售/已满,教学时间,多云,19,17,4,0.0,81,32
2026-05-21 10:00:46,2026-05-22,2,乒乓球厅-15号,15:00-16:00,1,1,已售/已满,教学时间,多云,19,17,4,0.0,79,32
2026-05-21 10:10:40,2026-05-22,2,乒乓球厅-15号,15:00-16:00,1,1,已售/已满,教学时间,多云,19,17,4,0.0,79,32
2026-05-21 10:20:38,2026-05-22,2,乒乓球厅-15号,15:00-16:00,1,1,已售/已满,教学时间,多云,19,17,4,0.0,79,32
2026-05-21 10:30:41,2026-05-22,2,乒乓球厅-15号,15:00-16:00,1,1,已售/已满,教学时间,多云,19,18,3,0.0,78,31
2026-05-21 11:00:44,2026-05-22,2,乒乓球厅-15号,15:00-16:00,1,1,已售/已满,教学时间,多云,21,17,5,0.0,74,31
2026-05-21 11:30:38,2026-05-22,2,乒乓球厅-15号,15:00-16:00,1,1,已售/已满,教学时间,多云,21,19,3,0.0,72,33
2026-05-21 12:00:46,2026-05-22,2,乒乓球厅-15号,15:00-16:00,1,1,已售/已满,教学时间,多云,22,19,4,0.0,70,33
2026-05-21 12:30:42,2026-05-22,2,乒乓球厅-15号,15:00-16:00,1,1,已售/已满,教学时间,多云,22,21,3,0.0,68,35
2026-05-21 13:00:43,2026-05-22,2,乒乓球厅-15号,15:00-16:00,1,1,已售/已满,教学时间,多云,24,22,4,0.0,66,35
2026-05-21 13:30:43,2026-05-22,2,乒乓球厅-15号,15:00-16:00,1,1,已售/已满,教学时间,多云,24,22,4,0.0,66,36
2026-05-21 14:00:48,2026-05-22,2,乒乓球厅-15号,15:00-16:00,1,1,已售/已满,教学时间,多云,25,23,4,0.0,66,36
2026-05-21 14:30:45,2026-05-22,2,乒乓球厅-15号,15:00-16:00,1,1,已售/已满,教学时间,晴,25,25,3,0.0,65,39
2026-05-21 15:00:45,2026-05-22,2,乒乓球厅-15号,15:00-16:00,1,1,已售/已满,教学时间,晴,25,22,4,0.0,56,39
2026-05-21 15:30:43,2026-05-22,2,乒乓球厅-15号,15:00-16:00,1,1,已售/已满,教学时间,晴,25,23,4,0.0,57,40
2026-05-21 16:00:51,2026-05-22,2,乒乓球厅-15号,15:00-16:00,1,1,已售/已满,教学时间,晴,25,23,4,0.0,57,40
2026-05-21 16:30:48,2026-05-22,2,乒乓球厅-15号,15:00-16:00,1,1,已售/已满,教学时间,晴,25,24,3,0.0,60,39
2026-05-21 17:00:49,2026-05-22,2,乒乓球厅-15号,15:00-16:00,1,1,已售/已满,教学时间,晴,25,24,4,0.0,61,39
2026-05-21 17:30:47,2026-05-22,2,乒乓球厅-15号,15:00-16:00,1,1,已售/已满,教学时间,多云,24,23,3,0.0,64,39
2026-05-21 18:00:50,2026-05-22,2,乒乓球厅-15号,15:00-16:00,1,1,已售/已满,教学时间,多云,24,23,3,0.0,68,39
2026-05-21 18:30:50,2026-05-22,2,乒乓球厅-15号,15:00-16:00,1,1,已售/已满,教学时间,阴,24,25,2,0.0,68,40
2026-05-21 19:00:50,2026-05-22,2,乒乓球厅-15号,15:00-16:00,1,1,已售/已满,教学时间,阴,23,23,3,0.0,76,40
2026-05-21 19:30:46,2026-05-22,2,乒乓球厅-15号,15:00-16:00,1,1,已售/已满,教学时间,阴,23,24,2,0.0,77,39
2026-05-21 20:00:49,2026-05-22,2,乒乓球厅-15号,15:00-16:00,1,1,已售/已满,教学时间,雾,22,23,2,0.0,89,39
2026-05-21 20:30:44,2026-05-22,2,乒乓球厅-15号,15:00-16:00,1,1,已售/已满,教学时间,雾,22,24,2,0.0,93,43
2026-05-21 21:00:56,2026-05-22,2,乒乓球厅-15号,15:00-16:00,1,1,已售/已满,教学时间,雾,20,21,2,0.0,98,43
2026-05-21 21:30:46,2026-05-22,2,乒乓球厅-15号,15:00-16:00,1,1,已售/已满,教学时间,雾,20,22,1,0.0,99,41
2026-05-21 22:01:02,2026-05-22,2,乒乓球厅-15号,15:00-16:00,1,1,已售/已满,教学时间,雾,19,20,2,0.0,93,41
2026-05-21 22:30:47,2026-05-22,2,乒乓球厅-15号,15:00-16:00,1,1,已售/已满,教学时间,雾,19,19,3,0.0,88,46
2026-05-21 23:00:56,2026-05-22,2,乒乓球厅-15号,15:00-16:00,1,1,已售/已满,教学时间,多云,18,17,3,0.0,85,46
2026-05-21 23:30:55,2026-05-22,2,乒乓球厅-15号,15:00-16:00,1,1,已售/已满,教学时间,多云,18,17,3,0.0,85,48
2026-05-21 08:00:45,2026-05-22,2,乒乓球厅-15号,16:00-17:00,0,1,可预约,￥5.0,晴,17,12,5,0.0,86,29
2026-05-21 08:02:30,2026-05-22,2,乒乓球厅-15号,16:00-17:00,0,1,可预约,￥5.0,多云,17,12,5,0.0,87,29
2026-05-21 08:05:36,2026-05-22,2,乒乓球厅-15号,16:00-17:00,0,1,可预约,￥5.0,多云,17,12,5,0.0,86,29
2026-05-21 08:08:31,2026-05-22,2,乒乓球厅-15号,16:00-17:00,0,1,可预约,￥5.0,多云,17,12,5,0.0,86,29
2026-05-21 08:11:30,2026-05-22,2,乒乓球厅-15号,16:00-17:00,0,1,可预约,￥5.0,多云,17,12,5,0.0,86,29
2026-05-21 08:14:31,2026-05-22,2,乒乓球厅-15号,16:00-17:00,0,1,可预约,￥5.0,多云,17,12,5,0.0,86,29
2026-05-21 08:17:30,2026-05-22,2,乒乓球厅-15号,16:00-17:00,0,1,可预约,￥5.0,多云,17,12,5,0.0,86,29
2026-05-21 08:20:35,2026-05-22,2,乒乓球厅-15号,16:00-17:00,0,1,可预约,￥5.0,多云,17,14,4,0.0,85,29
2026-05-21 08:25:32,2026-05-22,2,乒乓球厅-15号,16:00-17:00,0,1,可预约,￥5.0,多云,17,14,4,0.0,85,28
2026-05-21 08:30:42,2026-05-22,2,乒乓球厅-15号,16:00-17:00,0,1,可预约,￥5.0,多云,18,15,4,0.0,84,28
2026-05-21 08:35:31,2026-05-22,2,乒乓球厅-15号,16:00-17:00,0,1,可预约,￥5.0,多云,18,15,4,0.0,84,28
2026-05-21 08:40:38,2026-05-22,2,乒乓球厅-15号,16:00-17:00,0,1,可预约,￥5.0,多云,18,15,4,0.0,82,28
2026-05-21 08:45:33,2026-05-22,2,乒乓球厅-15号,16:00-17:00,0,1,可预约,￥5.0,多云,18,15,4,0.0,82,28
2026-05-21 08:50:36,2026-05-22,2,乒乓球厅-15号,16:00-17:00,0,1,可预约,￥5.0,多云,18,15,4,0.0,82,28
2026-05-21 08:55:34,2026-05-22,2,乒乓球厅-15号,16:00-17:00,0,1,可预约,￥5.0,多云,18,15,4,0.0,84,28
2026-05-21 09:00:51,2026-05-22,2,乒乓球厅-15号,16:00-17:00,0,1,可预约,￥5.0,多云,18,15,4,0.0,84,28
2026-05-21 09:01:59,2026-05-22,2,乒乓球厅-15号,16:00-17:00,0,1,可预约,￥5.0,多云,18,15,4,0.0,83,28
2026-05-21 09:05:33,2026-05-22,2,乒乓球厅-15号,16:00-17:00,0,1,可预约,￥5.0,多云,18,15,4,0.0,83,28
2026-05-21 09:20:38,2026-05-22,2,乒乓球厅-15号,16:00-17:00,0,1,可预约,￥5.0,多云,18,16,3,0.0,81,28
2026-05-21 09:30:46,2026-05-22,2,乒乓球厅-15号,16:00-17:00,0,1,可预约,￥5.0,多云,18,16,3,0.0,81,32
2026-05-21 09:40:36,2026-05-22,2,乒乓球厅-15号,16:00-17:00,0,1,可预约,￥5.0,多云,19,17,3,0.0,79,32
2026-05-21 09:50:42,2026-05-22,2,乒乓球厅-15号,16:00-17:00,0,1,可预约,￥5.0,多云,19,17,4,0.0,81,32
2026-05-21 10:00:46,2026-05-22,2,乒乓球厅-15号,16:00-17:00,0,1,可预约,￥5.0,多云,19,17,4,0.0,79,32
2026-05-21 10:10:40,2026-05-22,2,乒乓球厅-15号,16:00-17:00,0,1,可预约,￥5.0,多云,19,17,4,0.0,79,32
2026-05-21 10:20:38,2026-05-22,2,乒乓球厅-15号,16:00-17:00,0,1,可预约,￥5.0,多云,19,17,4,0.0,79,32
2026-05-21 10:30:41,2026-05-22,2,乒乓球厅-15号,16:00-17:00,0,1,可预约,￥5.0,多云,19,18,3,0.0,78,31
2026-05-21 11:00:44,2026-05-22,2,乒乓球厅-15号,16:00-17:00,0,1,可预约,￥5.0,多云,21,17,5,0.0,74,31
2026-05-21 11:30:38,2026-05-22,2,乒乓球厅-15号,16:00-17:00,0,1,可预约,￥5.0,多云,21,19,3,0.0,72,33
2026-05-21 12:00:46,2026-05-22,2,乒乓球厅-15号,16:00-17:00,0,1,可预约,￥5.0,多云,22,19,4,0.0,70,33
2026-05-21 12:30:42,2026-05-22,2,乒乓球厅-15号,16:00-17:00,0,1,可预约,￥5.0,多云,22,21,3,0.0,68,35
2026-05-21 13:00:43,2026-05-22,2,乒乓球厅-15号,16:00-17:00,0,1,可预约,￥5.0,多云,24,22,4,0.0,66,35
2026-05-21 13:30:43,2026-05-22,2,乒乓球厅-15号,16:00-17:00,0,1,可预约,￥5.0,多云,24,22,4,0.0,66,36
2026-05-21 14:00:48,2026-05-22,2,乒乓球厅-15号,16:00-17:00,0,1,可预约,￥5.0,多云,25,23,4,0.0,66,36
2026-05-21 14:30:45,2026-05-22,2,乒乓球厅-15号,16:00-17:00,0,1,可预约,￥5.0,晴,25,25,3,0.0,65,39
2026-05-21 15:00:45,2026-05-22,2,乒乓球厅-15号,16:00-17:00,0,1,可预约,￥5.0,晴,25,22,4,0.0,56,39
2026-05-21 15:30:43,2026-05-22,2,乒乓球厅-15号,16:00-17:00,0,1,可预约,￥5.0,晴,25,23,4,0.0,57,40
2026-05-21 16:00:51,2026-05-22,2,乒乓球厅-15号,16:00-17:00,0,1,可预约,￥5.0,晴,25,23,4,0.0,57,40
2026-05-21 16:30:48,2026-05-22,2,乒乓球厅-15号,16:00-17:00,0,1,可预约,￥5.0,晴,25,24,3,0.0,60,39
2026-05-21 17:00:49,2026-05-22,2,乒乓球厅-15号,16:00-17:00,0,1,可预约,￥5.0,晴,25,24,4,0.0,61,39
2026-05-21 17:30:47,2026-05-22,2,乒乓球厅-15号,16:00-17:00,0,1,可预约,￥5.0,多云,24,23,3,0.0,64,39
2026-05-21 18:00:50,2026-05-22,2,乒乓球厅-15号,16:00-17:00,0,1,可预约,￥5.0,多云,24,23,3,0.0,68,39
2026-05-21 18:30:50,2026-05-22,2,乒乓球厅-15号,16:00-17:00,0,1,可预约,￥5.0,阴,24,25,2,0.0,68,40
2026-05-21 19:00:50,2026-05-22,2,乒乓球厅-15号,16:00-17:00,0,1,可预约,￥5.0,阴,23,23,3,0.0,76,40
2026-05-21 19:30:46,2026-05-22,2,乒乓球厅-15号,16:00-17:00,0,1,可预约,￥5.0,阴,23,24,2,0.0,77,39
2026-05-21 20:00:49,2026-05-22,2,乒乓球厅-15号,16:00-17:00,0,1,可预约,￥5.0,雾,22,23,2,0.0,89,39
2026-05-21 20:30:44,2026-05-22,2,乒乓球厅-15号,16:00-17:00,0,1,可预约,￥5.0,雾,22,24,2,0.0,93,43
2026-05-21 21:00:56,2026-05-22,2,乒乓球厅-15号,16:00-17:00,0,1,可预约,￥5.0,雾,20,21,2,0.0,98,43
2026-05-21 21:30:46,2026-05-22,2,乒乓球厅-15号,16:00-17:00,0,1,可预约,￥5.0,雾,20,22,1,0.0,99,41
2026-05-21 22:01:02,2026-05-22,2,乒乓球厅-15号,16:00-17:00,0,1,可预约,￥5.0,雾,19,20,2,0.0,93,41
2026-05-21 22:30:47,2026-05-22,2,乒乓球厅-15号,16:00-17:00,0,1,可预约,￥5.0,雾,19,19,3,0.0,88,46
2026-05-21 23:00:56,2026-05-22,2,乒乓球厅-15号,16:00-17:00,0,1,可预约,￥5.0,多云,18,17,3,0.0,85,46
2026-05-21 23:30:55,2026-05-22,2,乒乓球厅-15号,16:00-17:00,0,1,可预约,￥5.0,多云,18,17,3,0.0,85,48
2026-05-21 08:00:45,2026-05-22,2,乒乓球厅-15号,17:00-18:00,0,1,可预约,￥5.0,晴,17,12,5,0.0,86,29
2026-05-21 08:02:30,2026-05-22,2,乒乓球厅-15号,17:00-18:00,0,1,可预约,￥5.0,多云,17,12,5,0.0,87,29
2026-05-21 08:05:36,2026-05-22,2,乒乓球厅-15号,17:00-18:00,0,1,可预约,￥5.0,多云,17,12,5,0.0,86,29
2026-05-21 08:08:31,2026-05-22,2,乒乓球厅-15号,17:00-18:00,0,1,可预约,￥5.0,多云,17,12,5,0.0,86,29
2026-05-21 08:11:30,2026-05-22,2,乒乓球厅-15号,17:00-18:00,0,1,可预约,￥5.0,多云,17,12,5,0.0,86,29
2026-05-21 08:14:31,2026-05-22,2,乒乓球厅-15号,17:00-18:00,0,1,可预约,￥5.0,多云,17,12,5,0.0,86,29
2026-05-21 08:17:30,2026-05-22,2,乒乓球厅-15号,17:00-18:00,0,1,可预约,￥5.0,多云,17,12,5,0.0,86,29
2026-05-21 08:20:35,2026-05-22,2,乒乓球厅-15号,17:00-18:00,0,1,可预约,￥5.0,多云,17,14,4,0.0,85,29
2026-05-21 08:25:32,2026-05-22,2,乒乓球厅-15号,17:00-18:00,0,1,可预约,￥5.0,多云,17,14,4,0.0,85,28
2026-05-21 08:30:42,2026-05-22,2,乒乓球厅-15号,17:00-18:00,0,1,可预约,￥5.0,多云,18,15,4,0.0,84,28
2026-05-21 08:35:31,2026-05-22,2,乒乓球厅-15号,17:00-18:00,0,1,可预约,￥5.0,多云,18,15,4,0.0,84,28
2026-05-21 08:40:38,2026-05-22,2,乒乓球厅-15号,17:00-18:00,0,1,可预约,￥5.0,多云,18,15,4,0.0,82,28
2026-05-21 08:45:33,2026-05-22,2,乒乓球厅-15号,17:00-18:00,0,1,可预约,￥5.0,多云,18,15,4,0.0,82,28
2026-05-21 08:50:36,2026-05-22,2,乒乓球厅-15号,17:00-18:00,0,1,可预约,￥5.0,多云,18,15,4,0.0,82,28
2026-05-21 08:55:34,2026-05-22,2,乒乓球厅-15号,17:00-18:00,0,1,可预约,￥5.0,多云,18,15,4,0.0,84,28
2026-05-21 09:00:51,2026-05-22,2,乒乓球厅-15号,17:00-18:00,0,1,可预约,￥5.0,多云,18,15,4,0.0,84,28
2026-05-21 09:01:59,2026-05-22,2,乒乓球厅-15号,17:00-18:00,0,1,可预约,￥5.0,多云,18,15,4,0.0,83,28
2026-05-21 09:05:33,2026-05-22,2,乒乓球厅-15号,17:00-18:00,0,1,可预约,￥5.0,多云,18,15,4,0.0,83,28
2026-05-21 09:20:38,2026-05-22,2,乒乓球厅-15号,17:00-18:00,0,1,可预约,￥5.0,多云,18,16,3,0.0,81,28
2026-05-21 09:30:46,2026-05-22,2,乒乓球厅-15号,17:00-18:00,0,1,可预约,￥5.0,多云,18,16,3,0.0,81,32
2026-05-21 09:40:36,2026-05-22,2,乒乓球厅-15号,17:00-18:00,0,1,可预约,￥5.0,多云,19,17,3,0.0,79,32
2026-05-21 09:50:42,2026-05-22,2,乒乓球厅-15号,17:00-18:00,0,1,可预约,￥5.0,多云,19,17,4,0.0,81,32
2026-05-21 10:00:46,2026-05-22,2,乒乓球厅-15号,17:00-18:00,0,1,可预约,￥5.0,多云,19,17,4,0.0,79,32
2026-05-21 10:10:40,2026-05-22,2,乒乓球厅-15号,17:00-18:00,0,1,可预约,￥5.0,多云,19,17,4,0.0,79,32
2026-05-21 10:20:38,2026-05-22,2,乒乓球厅-15号,17:00-18:00,0,1,可预约,￥5.0,多云,19,17,4,0.0,79,32
2026-05-21 10:30:41,2026-05-22,2,乒乓球厅-15号,17:00-18:00,0,1,可预约,￥5.0,多云,19,18,3,0.0,78,31
2026-05-21 11:00:44,2026-05-22,2,乒乓球厅-15号,17:00-18:00,0,1,可预约,￥5.0,多云,21,17,5,0.0,74,31
2026-05-21 11:30:38,2026-05-22,2,乒乓球厅-15号,17:00-18:00,0,1,可预约,￥5.0,多云,21,19,3,0.0,72,33
2026-05-21 12:00:46,2026-05-22,2,乒乓球厅-15号,17:00-18:00,0,1,可预约,￥5.0,多云,22,19,4,0.0,70,33
2026-05-21 12:30:42,2026-05-22,2,乒乓球厅-15号,17:00-18:00,0,1,可预约,￥5.0,多云,22,21,3,0.0,68,35
2026-05-21 13:00:43,2026-05-22,2,乒乓球厅-15号,17:00-18:00,0,1,可预约,￥5.0,多云,24,22,4,0.0,66,35
2026-05-21 13:30:43,2026-05-22,2,乒乓球厅-15号,17:00-18:00,0,1,可预约,￥5.0,多云,24,22,4,0.0,66,36
2026-05-21 14:00:48,2026-05-22,2,乒乓球厅-15号,17:00-18:00,0,1,可预约,￥5.0,多云,25,23,4,0.0,66,36
2026-05-21 14:30:45,2026-05-22,2,乒乓球厅-15号,17:00-18:00,0,1,可预约,￥5.0,晴,25,25,3,0.0,65,39
2026-05-21 15:00:45,2026-05-22,2,乒乓球厅-15号,17:00-18:00,0,1,可预约,￥5.0,晴,25,22,4,0.0,56,39
2026-05-21 15:30:43,2026-05-22,2,乒乓球厅-15号,17:00-18:00,0,1,可预约,￥5.0,晴,25,23,4,0.0,57,40
2026-05-21 16:00:51,2026-05-22,2,乒乓球厅-15号,17:00-18:00,0,1,可预约,￥5.0,晴,25,23,4,0.0,57,40
2026-05-21 16:30:48,2026-05-22,2,乒乓球厅-15号,17:00-18:00,0,1,可预约,￥5.0,晴,25,24,3,0.0,60,39
2026-05-21 17:00:49,2026-05-22,2,乒乓球厅-15号,17:00-18:00,0,1,可预约,￥5.0,晴,25,24,4,0.0,61,39
2026-05-21 17:30:47,2026-05-22,2,乒乓球厅-15号,17:00-18:00,0,1,可预约,￥5.0,多云,24,23,3,0.0,64,39
2026-05-21 18:00:50,2026-05-22,2,乒乓球厅-15号,17:00-18:00,0,1,可预约,￥5.0,多云,24,23,3,0.0,68,39
2026-05-21 18:30:50,2026-05-22,2,乒乓球厅-15号,17:00-18:00,0,1,可预约,￥5.0,阴,24,25,2,0.0,68,40
2026-05-21 19:00:50,2026-05-22,2,乒乓球厅-15号,17:00-18:00,0,1,可预约,￥5.0,阴,23,23,3,0.0,76,40
2026-05-21 19:30:46,2026-05-22,2,乒乓球厅-15号,17:00-18:00,0,1,可预约,￥5.0,阴,23,24,2,0.0,77,39
2026-05-21 20:00:49,2026-05-22,2,乒乓球厅-15号,17:00-18:00,0,1,可预约,￥5.0,雾,22,23,2,0.0,89,39
2026-05-21 20:30:44,2026-05-22,2,乒乓球厅-15号,17:00-18:00,0,1,可预约,￥5.0,雾,22,24,2,0.0,93,43
2026-05-21 21:00:56,2026-05-22,2,乒乓球厅-15号,17:00-18:00,0,1,可预约,￥5.0,雾,20,21,2,0.0,98,43
2026-05-21 21:30:46,2026-05-22,2,乒乓球厅-15号,17:00-18:00,0,1,可预约,￥5.0,雾,20,22,1,0.0,99,41
2026-05-21 22:01:02,2026-05-22,2,乒乓球厅-15号,17:00-18:00,0,1,可预约,￥5.0,雾,19,20,2,0.0,93,41
2026-05-21 22:30:47,2026-05-22,2,乒乓球厅-15号,17:00-18:00,0,1,可预约,￥5.0,雾,19,19,3,0.0,88,46
2026-05-21 23:00:56,2026-05-22,2,乒乓球厅-15号,17:00-18:00,0,1,可预约,￥5.0,多云,18,17,3,0.0,85,46
2026-05-21 23:30:55,2026-05-22,2,乒乓球厅-15号,17:00-18:00,0,1,可预约,￥5.0,多云,18,17,3,0.0,85,48
2026-05-21 08:00:45,2026-05-22,2,乒乓球厅-15号,18:30-19:30,0,1,可预约,￥5.0,晴,17,12,5,0.0,86,29
2026-05-21 08:02:30,2026-05-22,2,乒乓球厅-15号,18:30-19:30,0,1,可预约,￥5.0,多云,17,12,5,0.0,87,29
2026-05-21 08:05:36,2026-05-22,2,乒乓球厅-15号,18:30-19:30,0,1,可预约,￥5.0,多云,17,12,5,0.0,86,29
2026-05-21 08:08:31,2026-05-22,2,乒乓球厅-15号,18:30-19:30,0,1,可预约,￥5.0,多云,17,12,5,0.0,86,29
2026-05-21 08:11:30,2026-05-22,2,乒乓球厅-15号,18:30-19:30,0,1,可预约,￥5.0,多云,17,12,5,0.0,86,29
2026-05-21 08:14:31,2026-05-22,2,乒乓球厅-15号,18:30-19:30,0,1,可预约,￥5.0,多云,17,12,5,0.0,86,29
2026-05-21 08:17:30,2026-05-22,2,乒乓球厅-15号,18:30-19:30,0,1,可预约,￥5.0,多云,17,12,5,0.0,86,29
2026-05-21 08:20:35,2026-05-22,2,乒乓球厅-15号,18:30-19:30,0,1,可预约,￥5.0,多云,17,14,4,0.0,85,29
2026-05-21 08:25:32,2026-05-22,2,乒乓球厅-15号,18:30-19:30,0,1,可预约,￥5.0,多云,17,14,4,0.0,85,28
2026-05-21 08:30:42,2026-05-22,2,乒乓球厅-15号,18:30-19:30,0,1,可预约,￥5.0,多云,18,15,4,0.0,84,28
2026-05-21 08:35:31,2026-05-22,2,乒乓球厅-15号,18:30-19:30,0,1,可预约,￥5.0,多云,18,15,4,0.0,84,28
2026-05-21 08:40:38,2026-05-22,2,乒乓球厅-15号,18:30-19:30,0,1,可预约,￥5.0,多云,18,15,4,0.0,82,28
2026-05-21 08:45:33,2026-05-22,2,乒乓球厅-15号,18:30-19:30,0,1,可预约,￥5.0,多云,18,15,4,0.0,82,28
2026-05-21 08:50:36,2026-05-22,2,乒乓球厅-15号,18:30-19:30,0,1,可预约,￥5.0,多云,18,15,4,0.0,82,28
2026-05-21 08:55:34,2026-05-22,2,乒乓球厅-15号,18:30-19:30,0,1,可预约,￥5.0,多云,18,15,4,0.0,84,28
2026-05-21 09:00:51,2026-05-22,2,乒乓球厅-15号,18:30-19:30,0,1,可预约,￥5.0,多云,18,15,4,0.0,84,28
2026-05-21 09:01:59,2026-05-22,2,乒乓球厅-15号,18:30-19:30,0,1,可预约,￥5.0,多云,18,15,4,0.0,83,28
2026-05-21 09:05:33,2026-05-22,2,乒乓球厅-15号,18:30-19:30,0,1,可预约,￥5.0,多云,18,15,4,0.0,83,28
2026-05-21 09:20:38,2026-05-22,2,乒乓球厅-15号,18:30-19:30,0,1,可预约,￥5.0,多云,18,16,3,0.0,81,28
2026-05-21 09:30:46,2026-05-22,2,乒乓球厅-15号,18:30-19:30,0,1,可预约,￥5.0,多云,18,16,3,0.0,81,32
2026-05-21 09:40:36,2026-05-22,2,乒乓球厅-15号,18:30-19:30,0,1,可预约,￥5.0,多云,19,17,3,0.0,79,32
2026-05-21 09:50:42,2026-05-22,2,乒乓球厅-15号,18:30-19:30,0,1,可预约,￥5.0,多云,19,17,4,0.0,81,32
2026-05-21 10:00:46,2026-05-22,2,乒乓球厅-15号,18:30-19:30,0,1,可预约,￥5.0,多云,19,17,4,0.0,79,32
2026-05-21 10:10:40,2026-05-22,2,乒乓球厅-15号,18:30-19:30,0,1,可预约,￥5.0,多云,19,17,4,0.0,79,32
2026-05-21 10:20:38,2026-05-22,2,乒乓球厅-15号,18:30-19:30,0,1,可预约,￥5.0,多云,19,17,4,0.0,79,32
2026-05-21 10:30:41,2026-05-22,2,乒乓球厅-15号,18:30-19:30,0,1,可预约,￥5.0,多云,19,18,3,0.0,78,31
2026-05-21 11:00:44,2026-05-22,2,乒乓球厅-15号,18:30-19:30,0,1,可预约,￥5.0,多云,21,17,5,0.0,74,31
2026-05-21 11:30:38,2026-05-22,2,乒乓球厅-15号,18:30-19:30,0,1,可预约,￥5.0,多云,21,19,3,0.0,72,33
2026-05-21 12:00:46,2026-05-22,2,乒乓球厅-15号,18:30-19:30,0,1,可预约,￥5.0,多云,22,19,4,0.0,70,33
2026-05-21 12:30:42,2026-05-22,2,乒乓球厅-15号,18:30-19:30,0,1,可预约,￥5.0,多云,22,21,3,0.0,68,35
2026-05-21 13:00:43,2026-05-22,2,乒乓球厅-15号,18:30-19:30,0,1,可预约,￥5.0,多云,24,22,4,0.0,66,35
2026-05-21 13:30:43,2026-05-22,2,乒乓球厅-15号,18:30-19:30,0,1,可预约,￥5.0,多云,24,22,4,0.0,66,36
2026-05-21 14:00:48,2026-05-22,2,乒乓球厅-15号,18:30-19:30,0,1,可预约,￥5.0,多云,25,23,4,0.0,66,36
2026-05-21 14:30:45,2026-05-22,2,乒乓球厅-15号,18:30-19:30,0,1,可预约,￥5.0,晴,25,25,3,0.0,65,39
2026-05-21 15:00:45,2026-05-22,2,乒乓球厅-15号,18:30-19:30,0,1,可预约,￥5.0,晴,25,22,4,0.0,56,39
2026-05-21 15:30:43,2026-05-22,2,乒乓球厅-15号,18:30-19:30,0,1,可预约,￥5.0,晴,25,23,4,0.0,57,40
2026-05-21 16:00:51,2026-05-22,2,乒乓球厅-15号,18:30-19:30,0,1,可预约,￥5.0,晴,25,23,4,0.0,57,40
2026-05-21 16:30:48,2026-05-22,2,乒乓球厅-15号,18:30-19:30,0,1,可预约,￥5.0,晴,25,24,3,0.0,60,39
2026-05-21 17:00:49,2026-05-22,2,乒乓球厅-15号,18:30-19:30,0,1,可预约,￥5.0,晴,25,24,4,0.0,61,39
2026-05-21 17:30:47,2026-05-22,2,乒乓球厅-15号,18:30-19:30,0,1,可预约,￥5.0,多云,24,23,3,0.0,64,39
2026-05-21 18:00:50,2026-05-22,2,乒乓球厅-15号,18:30-19:30,0,1,可预约,￥5.0,多云,24,23,3,0.0,68,39
2026-05-21 18:30:50,2026-05-22,2,乒乓球厅-15号,18:30-19:30,0,1,可预约,￥5.0,阴,24,25,2,0.0,68,40
2026-05-21 19:00:50,2026-05-22,2,乒乓球厅-15号,18:30-19:30,0,1,可预约,￥5.0,阴,23,23,3,0.0,76,40
2026-05-21 19:30:46,2026-05-22,2,乒乓球厅-15号,18:30-19:30,0,1,可预约,￥5.0,阴,23,24,2,0.0,77,39
2026-05-21 20:00:49,2026-05-22,2,乒乓球厅-15号,18:30-19:30,0,1,可预约,￥5.0,雾,22,23,2,0.0,89,39
2026-05-21 20:30:44,2026-05-22,2,乒乓球厅-15号,18:30-19:30,0,1,可预约,￥5.0,雾,22,24,2,0.0,93,43
2026-05-21 21:00:56,2026-05-22,2,乒乓球厅-15号,18:30-19:30,0,1,可预约,￥5.0,雾,20,21,2,0.0,98,43
2026-05-21 21:30:46,2026-05-22,2,乒乓球厅-15号,18:30-19:30,0,1,可预约,￥5.0,雾,20,22,1,0.0,99,41
2026-05-21 22:01:02,2026-05-22,2,乒乓球厅-15号,18:30-19:30,0,1,可预约,￥5.0,雾,19,20,2,0.0,93,41
2026-05-21 22:30:47,2026-05-22,2,乒乓球厅-15号,18:30-19:30,0,1,可预约,￥5.0,雾,19,19,3,0.0,88,46
2026-05-21 23:00:56,2026-05-22,2,乒乓球厅-15号,18:30-19:30,0,1,可预约,￥5.0,多云,18,17,3,0.0,85,46
2026-05-21 23:30:55,2026-05-22,2,乒乓球厅-15号,18:30-19:30,0,1,可预约,￥5.0,多云,18,17,3,0.0,85,48
2026-05-21 08:00:45,2026-05-22,2,乒乓球厅-15号,19:30-20:30,0,1,可预约,￥5.0,晴,17,12,5,0.0,86,29
2026-05-21 08:02:30,2026-05-22,2,乒乓球厅-15号,19:30-20:30,0,1,可预约,￥5.0,多云,17,12,5,0.0,87,29
2026-05-21 08:05:36,2026-05-22,2,乒乓球厅-15号,19:30-20:30,0,1,可预约,￥5.0,多云,17,12,5,0.0,86,29
2026-05-21 08:08:31,2026-05-22,2,乒乓球厅-15号,19:30-20:30,0,1,可预约,￥5.0,多云,17,12,5,0.0,86,29
2026-05-21 08:11:30,2026-05-22,2,乒乓球厅-15号,19:30-20:30,0,1,可预约,￥5.0,多云,17,12,5,0.0,86,29
2026-05-21 08:14:31,2026-05-22,2,乒乓球厅-15号,19:30-20:30,0,1,可预约,￥5.0,多云,17,12,5,0.0,86,29
2026-05-21 08:17:30,2026-05-22,2,乒乓球厅-15号,19:30-20:30,0,1,可预约,￥5.0,多云,17,12,5,0.0,86,29
2026-05-21 08:20:35,2026-05-22,2,乒乓球厅-15号,19:30-20:30,0,1,可预约,￥5.0,多云,17,14,4,0.0,85,29
2026-05-21 08:25:32,2026-05-22,2,乒乓球厅-15号,19:30-20:30,0,1,可预约,￥5.0,多云,17,14,4,0.0,85,28
2026-05-21 08:30:42,2026-05-22,2,乒乓球厅-15号,19:30-20:30,0,1,可预约,￥5.0,多云,18,15,4,0.0,84,28
2026-05-21 08:35:31,2026-05-22,2,乒乓球厅-15号,19:30-20:30,0,1,可预约,￥5.0,多云,18,15,4,0.0,84,28
2026-05-21 08:40:38,2026-05-22,2,乒乓球厅-15号,19:30-20:30,0,1,可预约,￥5.0,多云,18,15,4,0.0,82,28
2026-05-21 08:45:33,2026-05-22,2,乒乓球厅-15号,19:30-20:30,0,1,可预约,￥5.0,多云,18,15,4,0.0,82,28
2026-05-21 08:50:36,2026-05-22,2,乒乓球厅-15号,19:30-20:30,0,1,可预约,￥5.0,多云,18,15,4,0.0,82,28
2026-05-21 08:55:34,2026-05-22,2,乒乓球厅-15号,19:30-20:30,0,1,可预约,￥5.0,多云,18,15,4,0.0,84,28
2026-05-21 09:00:51,2026-05-22,2,乒乓球厅-15号,19:30-20:30,0,1,可预约,￥5.0,多云,18,15,4,0.0,84,28
2026-05-21 09:01:59,2026-05-22,2,乒乓球厅-15号,19:30-20:30,0,1,可预约,￥5.0,多云,18,15,4,0.0,83,28
2026-05-21 09:05:33,2026-05-22,2,乒乓球厅-15号,19:30-20:30,0,1,可预约,￥5.0,多云,18,15,4,0.0,83,28
2026-05-21 09:20:38,2026-05-22,2,乒乓球厅-15号,19:30-20:30,0,1,可预约,￥5.0,多云,18,16,3,0.0,81,28
2026-05-21 09:30:46,2026-05-22,2,乒乓球厅-15号,19:30-20:30,0,1,可预约,￥5.0,多云,18,16,3,0.0,81,32
2026-05-21 09:40:36,2026-05-22,2,乒乓球厅-15号,19:30-20:30,0,1,可预约,￥5.0,多云,19,17,3,0.0,79,32
2026-05-21 09:50:42,2026-05-22,2,乒乓球厅-15号,19:30-20:30,0,1,可预约,￥5.0,多云,19,17,4,0.0,81,32
2026-05-21 10:00:46,2026-05-22,2,乒乓球厅-15号,19:30-20:30,0,1,可预约,￥5.0,多云,19,17,4,0.0,79,32
2026-05-21 10:10:40,2026-05-22,2,乒乓球厅-15号,19:30-20:30,0,1,可预约,￥5.0,多云,19,17,4,0.0,79,32
2026-05-21 10:20:38,2026-05-22,2,乒乓球厅-15号,19:30-20:30,0,1,可预约,￥5.0,多云,19,17,4,0.0,79,32
2026-05-21 10:30:41,2026-05-22,2,乒乓球厅-15号,19:30-20:30,0,1,可预约,￥5.0,多云,19,18,3,0.0,78,31
2026-05-21 11:00:44,2026-05-22,2,乒乓球厅-15号,19:30-20:30,0,1,可预约,￥5.0,多云,21,17,5,0.0,74,31
2026-05-21 11:30:38,2026-05-22,2,乒乓球厅-15号,19:30-20:30,0,1,可预约,￥5.0,多云,21,19,3,0.0,72,33
2026-05-21 12:00:46,2026-05-22,2,乒乓球厅-15号,19:30-20:30,0,1,可预约,￥5.0,多云,22,19,4,0.0,70,33
2026-05-21 12:30:42,2026-05-22,2,乒乓球厅-15号,19:30-20:30,0,1,可预约,￥5.0,多云,22,21,3,0.0,68,35
2026-05-21 13:00:43,2026-05-22,2,乒乓球厅-15号,19:30-20:30,0,1,可预约,￥5.0,多云,24,22,4,0.0,66,35
2026-05-21 13:30:43,2026-05-22,2,乒乓球厅-15号,19:30-20:30,0,1,可预约,￥5.0,多云,24,22,4,0.0,66,36
2026-05-21 14:00:48,2026-05-22,2,乒乓球厅-15号,19:30-20:30,0,1,可预约,￥5.0,多云,25,23,4,0.0,66,36
2026-05-21 14:30:45,2026-05-22,2,乒乓球厅-15号,19:30-20:30,0,1,可预约,￥5.0,晴,25,25,3,0.0,65,39
2026-05-21 15:00:45,2026-05-22,2,乒乓球厅-15号,19:30-20:30,0,1,可预约,￥5.0,晴,25,22,4,0.0,56,39
2026-05-21 15:30:43,2026-05-22,2,乒乓球厅-15号,19:30-20:30,0,1,可预约,￥5.0,晴,25,23,4,0.0,57,40
2026-05-21 16:00:51,2026-05-22,2,乒乓球厅-15号,19:30-20:30,0,1,可预约,￥5.0,晴,25,23,4,0.0,57,40
2026-05-21 16:30:48,2026-05-22,2,乒乓球厅-15号,19:30-20:30,0,1,可预约,￥5.0,晴,25,24,3,0.0,60,39
2026-05-21 17:00:49,2026-05-22,2,乒乓球厅-15号,19:30-20:30,0,1,可预约,￥5.0,晴,25,24,4,0.0,61,39
2026-05-21 17:30:47,2026-05-22,2,乒乓球厅-15号,19:30-20:30,0,1,可预约,￥5.0,多云,24,23,3,0.0,64,39
2026-05-21 18:00:50,2026-05-22,2,乒乓球厅-15号,19:30-20:30,0,1,可预约,￥5.0,多云,24,23,3,0.0,68,39
2026-05-21 18:30:50,2026-05-22,2,乒乓球厅-15号,19:30-20:30,0,1,可预约,￥5.0,阴,24,25,2,0.0,68,40
2026-05-21 19:00:50,2026-05-22,2,乒乓球厅-15号,19:30-20:30,0,1,可预约,￥5.0,阴,23,23,3,0.0,76,40
2026-05-21 19:30:46,2026-05-22,2,乒乓球厅-15号,19:30-20:30,0,1,可预约,￥5.0,阴,23,24,2,0.0,77,39
2026-05-21 20:00:49,2026-05-22,2,乒乓球厅-15号,19:30-20:30,0,1,可预约,￥5.0,雾,22,23,2,0.0,89,39
2026-05-21 20:30:44,2026-05-22,2,乒乓球厅-15号,19:30-20:30,0,1,可预约,￥5.0,雾,22,24,2,0.0,93,43
2026-05-21 21:00:56,2026-05-22,2,乒乓球厅-15号,19:30-20:30,0,1,可预约,￥5.0,雾,20,21,2,0.0,98,43
2026-05-21 21:30:46,2026-05-22,2,乒乓球厅-15号,19:30-20:30,0,1,可预约,￥5.0,雾,20,22,1,0.0,99,41
2026-05-21 22:01:02,2026-05-22,2,乒乓球厅-15号,19:30-20:30,0,1,可预约,￥5.0,雾,19,20,2,0.0,93,41
2026-05-21 22:30:47,2026-05-22,2,乒乓球厅-15号,19:30-20:30,0,1,可预约,￥5.0,雾,19,19,3,0.0,88,46
2026-05-21 23:00:56,2026-05-22,2,乒乓球厅-15号,19:30-20:30,0,1,可预约,￥5.0,多云,18,17,3,0.0,85,46
2026-05-21 23:30:55,2026-05-22,2,乒乓球厅-15号,19:30-20:30,0,1,可预约,￥5.0,多云,18,17,3,0.0,85,48
2026-05-21 08:00:45,2026-05-22,2,乒乓球厅-15号,20:30-21:30,0,1,可预约,￥5.0,晴,17,12,5,0.0,86,29
2026-05-21 08:02:30,2026-05-22,2,乒乓球厅-15号,20:30-21:30,0,1,可预约,￥5.0,多云,17,12,5,0.0,87,29
2026-05-21 08:05:36,2026-05-22,2,乒乓球厅-15号,20:30-21:30,0,1,可预约,￥5.0,多云,17,12,5,0.0,86,29
2026-05-21 08:08:31,2026-05-22,2,乒乓球厅-15号,20:30-21:30,0,1,可预约,￥5.0,多云,17,12,5,0.0,86,29
2026-05-21 08:11:30,2026-05-22,2,乒乓球厅-15号,20:30-21:30,0,1,可预约,￥5.0,多云,17,12,5,0.0,86,29
2026-05-21 08:14:31,2026-05-22,2,乒乓球厅-15号,20:30-21:30,0,1,可预约,￥5.0,多云,17,12,5,0.0,86,29
2026-05-21 08:17:30,2026-05-22,2,乒乓球厅-15号,20:30-21:30,0,1,可预约,￥5.0,多云,17,12,5,0.0,86,29
2026-05-21 08:20:35,2026-05-22,2,乒乓球厅-15号,20:30-21:30,0,1,可预约,￥5.0,多云,17,14,4,0.0,85,29
2026-05-21 08:25:32,2026-05-22,2,乒乓球厅-15号,20:30-21:30,0,1,可预约,￥5.0,多云,17,14,4,0.0,85,28
2026-05-21 08:30:42,2026-05-22,2,乒乓球厅-15号,20:30-21:30,0,1,可预约,￥5.0,多云,18,15,4,0.0,84,28
2026-05-21 08:35:31,2026-05-22,2,乒乓球厅-15号,20:30-21:30,0,1,可预约,￥5.0,多云,18,15,4,0.0,84,28
2026-05-21 08:40:38,2026-05-22,2,乒乓球厅-15号,20:30-21:30,0,1,可预约,￥5.0,多云,18,15,4,0.0,82,28
2026-05-21 08:45:33,2026-05-22,2,乒乓球厅-15号,20:30-21:30,0,1,可预约,￥5.0,多云,18,15,4,0.0,82,28
2026-05-21 08:50:36,2026-05-22,2,乒乓球厅-15号,20:30-21:30,0,1,可预约,￥5.0,多云,18,15,4,0.0,82,28
2026-05-21 08:55:34,2026-05-22,2,乒乓球厅-15号,20:30-21:30,0,1,可预约,￥5.0,多云,18,15,4,0.0,84,28
2026-05-21 09:00:51,2026-05-22,2,乒乓球厅-15号,20:30-21:30,0,1,可预约,￥5.0,多云,18,15,4,0.0,84,28
2026-05-21 09:01:59,2026-05-22,2,乒乓球厅-15号,20:30-21:30,0,1,可预约,￥5.0,多云,18,15,4,0.0,83,28
2026-05-21 09:05:33,2026-05-22,2,乒乓球厅-15号,20:30-21:30,0,1,可预约,￥5.0,多云,18,15,4,0.0,83,28
2026-05-21 09:20:38,2026-05-22,2,乒乓球厅-15号,20:30-21:30,0,1,可预约,￥5.0,多云,18,16,3,0.0,81,28
2026-05-21 09:30:46,2026-05-22,2,乒乓球厅-15号,20:30-21:30,0,1,可预约,￥5.0,多云,18,16,3,0.0,81,32
2026-05-21 09:40:36,2026-05-22,2,乒乓球厅-15号,20:30-21:30,0,1,可预约,￥5.0,多云,19,17,3,0.0,79,32
2026-05-21 09:50:42,2026-05-22,2,乒乓球厅-15号,20:30-21:30,0,1,可预约,￥5.0,多云,19,17,4,0.0,81,32
2026-05-21 10:00:46,2026-05-22,2,乒乓球厅-15号,20:30-21:30,0,1,可预约,￥5.0,多云,19,17,4,0.0,79,32
2026-05-21 10:10:40,2026-05-22,2,乒乓球厅-15号,20:30-21:30,0,1,可预约,￥5.0,多云,19,17,4,0.0,79,32
2026-05-21 10:20:38,2026-05-22,2,乒乓球厅-15号,20:30-21:30,0,1,可预约,￥5.0,多云,19,17,4,0.0,79,32
2026-05-21 10:30:41,2026-05-22,2,乒乓球厅-15号,20:30-21:30,0,1,可预约,￥5.0,多云,19,18,3,0.0,78,31
2026-05-21 11:00:44,2026-05-22,2,乒乓球厅-15号,20:30-21:30,0,1,可预约,￥5.0,多云,21,17,5,0.0,74,31
2026-05-21 11:30:38,2026-05-22,2,乒乓球厅-15号,20:30-21:30,0,1,可预约,￥5.0,多云,21,19,3,0.0,72,33
2026-05-21 12:00:46,2026-05-22,2,乒乓球厅-15号,20:30-21:30,0,1,可预约,￥5.0,多云,22,19,4,0.0,70,33
2026-05-21 12:30:42,2026-05-22,2,乒乓球厅-15号,20:30-21:30,0,1,可预约,￥5.0,多云,22,21,3,0.0,68,35
2026-05-21 13:00:43,2026-05-22,2,乒乓球厅-15号,20:30-21:30,0,1,可预约,￥5.0,多云,24,22,4,0.0,66,35
2026-05-21 13:30:43,2026-05-22,2,乒乓球厅-15号,20:30-21:30,0,1,可预约,￥5.0,多云,24,22,4,0.0,66,36
2026-05-21 14:00:48,2026-05-22,2,乒乓球厅-15号,20:30-21:30,0,1,可预约,￥5.0,多云,25,23,4,0.0,66,36
2026-05-21 14:30:45,2026-05-22,2,乒乓球厅-15号,20:30-21:30,0,1,可预约,￥5.0,晴,25,25,3,0.0,65,39
2026-05-21 15:00:45,2026-05-22,2,乒乓球厅-15号,20:30-21:30,0,1,可预约,￥5.0,晴,25,22,4,0.0,56,39
2026-05-21 15:30:43,2026-05-22,2,乒乓球厅-15号,20:30-21:30,0,1,可预约,￥5.0,晴,25,23,4,0.0,57,40
2026-05-21 16:00:51,2026-05-22,2,乒乓球厅-15号,20:30-21:30,0,1,可预约,￥5.0,晴,25,23,4,0.0,57,40
2026-05-21 16:30:48,2026-05-22,2,乒乓球厅-15号,20:30-21:30,0,1,可预约,￥5.0,晴,25,24,3,0.0,60,39
2026-05-21 17:00:49,2026-05-22,2,乒乓球厅-15号,20:30-21:30,0,1,可预约,￥5.0,晴,25,24,4,0.0,61,39
2026-05-21 17:30:47,2026-05-22,2,乒乓球厅-15号,20:30-21:30,0,1,可预约,￥5.0,多云,24,23,3,0.0,64,39
2026-05-21 18:00:50,2026-05-22,2,乒乓球厅-15号,20:30-21:30,0,1,可预约,￥5.0,多云,24,23,3,0.0,68,39
2026-05-21 18:30:50,2026-05-22,2,乒乓球厅-15号,20:30-21:30,0,1,可预约,￥5.0,阴,24,25,2,0.0,68,40
2026-05-21 19:00:50,2026-05-22,2,乒乓球厅-15号,20:30-21:30,0,1,可预约,￥5.0,阴,23,23,3,0.0,76,40
2026-05-21 19:30:46,2026-05-22,2,乒乓球厅-15号,20:30-21:30,0,1,可预约,￥5.0,阴,23,24,2,0.0,77,39
2026-05-21 20:00:49,2026-05-22,2,乒乓球厅-15号,20:30-21:30,0,1,可预约,￥5.0,雾,22,23,2,0.0,89,39
2026-05-21 20:30:44,2026-05-22,2,乒乓球厅-15号,20:30-21:30,0,1,可预约,￥5.0,雾,22,24,2,0.0,93,43
2026-05-21 21:00:56,2026-05-22,2,乒乓球厅-15号,20:30-21:30,0,1,可预约,￥5.0,雾,20,21,2,0.0,98,43
2026-05-21 21:30:46,2026-05-22,2,乒乓球厅-15号,20:30-21:30,0,1,可预约,￥5.0,雾,20,22,1,0.0,99,41
2026-05-21 22:01:02,2026-05-22,2,乒乓球厅-15号,20:30-21:30,0,1,可预约,￥5.0,雾,19,20,2,0.0,93,41
2026-05-21 22:30:47,2026-05-22,2,乒乓球厅-15号,20:30-21:30,0,1,可预约,￥5.0,雾,19,19,3,0.0,88,46
2026-05-21 23:00:56,2026-05-22,2,乒乓球厅-15号,20:30-21:30,0,1,可预约,￥5.0,多云,18,17,3,0.0,85,46
2026-05-21 23:30:55,2026-05-22,2,乒乓球厅-15号,20:30-21:30,0,1,可预约,￥5.0,多云,18,17,3,0.0,85,48
2026-05-21 08:00:45,2026-05-22,2,乒乓球厅-16号,07:00-08:00,0,1,可预约,￥0.0,晴,17,12,5,0.0,86,29
2026-05-21 08:02:30,2026-05-22,2,乒乓球厅-16号,07:00-08:00,0,1,可预约,￥0.0,多云,17,12,5,0.0,87,29
2026-05-21 08:05:36,2026-05-22,2,乒乓球厅-16号,07:00-08:00,0,1,可预约,￥0.0,多云,17,12,5,0.0,86,29
2026-05-21 08:08:31,2026-05-22,2,乒乓球厅-16号,07:00-08:00,0,1,可预约,￥0.0,多云,17,12,5,0.0,86,29
2026-05-21 08:11:30,2026-05-22,2,乒乓球厅-16号,07:00-08:00,0,1,可预约,￥0.0,多云,17,12,5,0.0,86,29
2026-05-21 08:14:31,2026-05-22,2,乒乓球厅-16号,07:00-08:00,0,1,可预约,￥0.0,多云,17,12,5,0.0,86,29
2026-05-21 08:17:30,2026-05-22,2,乒乓球厅-16号,07:00-08:00,0,1,可预约,￥0.0,多云,17,12,5,0.0,86,29
2026-05-21 08:20:35,2026-05-22,2,乒乓球厅-16号,07:00-08:00,0,1,可预约,￥0.0,多云,17,14,4,0.0,85,29
2026-05-21 08:25:32,2026-05-22,2,乒乓球厅-16号,07:00-08:00,0,1,可预约,￥0.0,多云,17,14,4,0.0,85,28
2026-05-21 08:30:42,2026-05-22,2,乒乓球厅-16号,07:00-08:00,0,1,可预约,￥0.0,多云,18,15,4,0.0,84,28
2026-05-21 08:35:31,2026-05-22,2,乒乓球厅-16号,07:00-08:00,0,1,可预约,￥0.0,多云,18,15,4,0.0,84,28
2026-05-21 08:40:38,2026-05-22,2,乒乓球厅-16号,07:00-08:00,0,1,可预约,￥0.0,多云,18,15,4,0.0,82,28
2026-05-21 08:45:33,2026-05-22,2,乒乓球厅-16号,07:00-08:00,0,1,可预约,￥0.0,多云,18,15,4,0.0,82,28
2026-05-21 08:50:36,2026-05-22,2,乒乓球厅-16号,07:00-08:00,0,1,可预约,￥0.0,多云,18,15,4,0.0,82,28
2026-05-21 08:55:34,2026-05-22,2,乒乓球厅-16号,07:00-08:00,0,1,可预约,￥0.0,多云,18,15,4,0.0,84,28
2026-05-21 09:00:51,2026-05-22,2,乒乓球厅-16号,07:00-08:00,0,1,可预约,￥0.0,多云,18,15,4,0.0,84,28
2026-05-21 09:01:59,2026-05-22,2,乒乓球厅-16号,07:00-08:00,0,1,可预约,￥0.0,多云,18,15,4,0.0,83,28
2026-05-21 09:05:33,2026-05-22,2,乒乓球厅-16号,07:00-08:00,0,1,可预约,￥0.0,多云,18,15,4,0.0,83,28
2026-05-21 09:20:38,2026-05-22,2,乒乓球厅-16号,07:00-08:00,0,1,可预约,￥0.0,多云,18,16,3,0.0,81,28
2026-05-21 09:30:46,2026-05-22,2,乒乓球厅-16号,07:00-08:00,0,1,可预约,￥0.0,多云,18,16,3,0.0,81,32
2026-05-21 09:40:36,2026-05-22,2,乒乓球厅-16号,07:00-08:00,0,1,可预约,￥0.0,多云,19,17,3,0.0,79,32
2026-05-21 09:50:42,2026-05-22,2,乒乓球厅-16号,07:00-08:00,0,1,可预约,￥0.0,多云,19,17,4,0.0,81,32
2026-05-21 10:00:46,2026-05-22,2,乒乓球厅-16号,07:00-08:00,0,1,可预约,￥0.0,多云,19,17,4,0.0,79,32
2026-05-21 10:10:40,2026-05-22,2,乒乓球厅-16号,07:00-08:00,0,1,可预约,￥0.0,多云,19,17,4,0.0,79,32
2026-05-21 10:20:38,2026-05-22,2,乒乓球厅-16号,07:00-08:00,0,1,可预约,￥0.0,多云,19,17,4,0.0,79,32
2026-05-21 10:30:41,2026-05-22,2,乒乓球厅-16号,07:00-08:00,0,1,可预约,￥0.0,多云,19,18,3,0.0,78,31
2026-05-21 11:00:44,2026-05-22,2,乒乓球厅-16号,07:00-08:00,0,1,可预约,￥0.0,多云,21,17,5,0.0,74,31
2026-05-21 11:30:38,2026-05-22,2,乒乓球厅-16号,07:00-08:00,0,1,可预约,￥0.0,多云,21,19,3,0.0,72,33
2026-05-21 12:00:46,2026-05-22,2,乒乓球厅-16号,07:00-08:00,0,1,可预约,￥0.0,多云,22,19,4,0.0,70,33
2026-05-21 12:30:42,2026-05-22,2,乒乓球厅-16号,07:00-08:00,0,1,可预约,￥0.0,多云,22,21,3,0.0,68,35
2026-05-21 13:00:43,2026-05-22,2,乒乓球厅-16号,07:00-08:00,0,1,可预约,￥0.0,多云,24,22,4,0.0,66,35
2026-05-21 13:30:43,2026-05-22,2,乒乓球厅-16号,07:00-08:00,0,1,可预约,￥0.0,多云,24,22,4,0.0,66,36
2026-05-21 14:00:48,2026-05-22,2,乒乓球厅-16号,07:00-08:00,0,1,可预约,￥0.0,多云,25,23,4,0.0,66,36
2026-05-21 14:30:45,2026-05-22,2,乒乓球厅-16号,07:00-08:00,0,1,可预约,￥0.0,晴,25,25,3,0.0,65,39
2026-05-21 15:00:45,2026-05-22,2,乒乓球厅-16号,07:00-08:00,0,1,可预约,￥0.0,晴,25,22,4,0.0,56,39
2026-05-21 15:30:43,2026-05-22,2,乒乓球厅-16号,07:00-08:00,0,1,可预约,￥0.0,晴,25,23,4,0.0,57,40
2026-05-21 16:00:51,2026-05-22,2,乒乓球厅-16号,07:00-08:00,0,1,可预约,￥0.0,晴,25,23,4,0.0,57,40
2026-05-21 16:30:48,2026-05-22,2,乒乓球厅-16号,07:00-08:00,0,1,可预约,￥0.0,晴,25,24,3,0.0,60,39
2026-05-21 17:00:49,2026-05-22,2,乒乓球厅-16号,07:00-08:00,0,1,可预约,￥0.0,晴,25,24,4,0.0,61,39
2026-05-21 17:30:47,2026-05-22,2,乒乓球厅-16号,07:00-08:00,0,1,可预约,￥0.0,多云,24,23,3,0.0,64,39
2026-05-21 18:00:50,2026-05-22,2,乒乓球厅-16号,07:00-08:00,0,1,可预约,￥0.0,多云,24,23,3,0.0,68,39
2026-05-21 18:30:50,2026-05-22,2,乒乓球厅-16号,07:00-08:00,0,1,可预约,￥0.0,阴,24,25,2,0.0,68,40
2026-05-21 19:00:50,2026-05-22,2,乒乓球厅-16号,07:00-08:00,0,1,可预约,￥0.0,阴,23,23,3,0.0,76,40
2026-05-21 19:30:46,2026-05-22,2,乒乓球厅-16号,07:00-08:00,0,1,可预约,￥0.0,阴,23,24,2,0.0,77,39
2026-05-21 20:00:49,2026-05-22,2,乒乓球厅-16号,07:00-08:00,0,1,可预约,￥0.0,雾,22,23,2,0.0,89,39
2026-05-21 20:30:44,2026-05-22,2,乒乓球厅-16号,07:00-08:00,0,1,可预约,￥0.0,雾,22,24,2,0.0,93,43
2026-05-21 21:00:56,2026-05-22,2,乒乓球厅-16号,07:00-08:00,0,1,可预约,￥0.0,雾,20,21,2,0.0,98,43
2026-05-21 21:30:46,2026-05-22,2,乒乓球厅-16号,07:00-08:00,0,1,可预约,￥0.0,雾,20,22,1,0.0,99,41
2026-05-21 22:01:02,2026-05-22,2,乒乓球厅-16号,07:00-08:00,0,1,可预约,￥0.0,雾,19,20,2,0.0,93,41
2026-05-21 22:30:47,2026-05-22,2,乒乓球厅-16号,07:00-08:00,0,1,可预约,￥0.0,雾,19,19,3,0.0,88,46
2026-05-21 23:00:56,2026-05-22,2,乒乓球厅-16号,07:00-08:00,0,1,可预约,￥0.0,多云,18,17,3,0.0,85,46
2026-05-21 23:30:55,2026-05-22,2,乒乓球厅-16号,07:00-08:00,0,1,可预约,￥0.0,多云,18,17,3,0.0,85,48
2026-05-21 08:00:45,2026-05-22,2,乒乓球厅-16号,08:00-09:00,0,1,可预约,￥0.0,晴,17,12,5,0.0,86,29
2026-05-21 08:02:30,2026-05-22,2,乒乓球厅-16号,08:00-09:00,0,1,可预约,￥0.0,多云,17,12,5,0.0,87,29
2026-05-21 08:05:36,2026-05-22,2,乒乓球厅-16号,08:00-09:00,0,1,可预约,￥0.0,多云,17,12,5,0.0,86,29
2026-05-21 08:08:31,2026-05-22,2,乒乓球厅-16号,08:00-09:00,0,1,可预约,￥0.0,多云,17,12,5,0.0,86,29
2026-05-21 08:11:30,2026-05-22,2,乒乓球厅-16号,08:00-09:00,0,1,可预约,￥0.0,多云,17,12,5,0.0,86,29
2026-05-21 08:14:31,2026-05-22,2,乒乓球厅-16号,08:00-09:00,0,1,可预约,￥0.0,多云,17,12,5,0.0,86,29
2026-05-21 08:17:30,2026-05-22,2,乒乓球厅-16号,08:00-09:00,0,1,可预约,￥0.0,多云,17,12,5,0.0,86,29
2026-05-21 08:20:35,2026-05-22,2,乒乓球厅-16号,08:00-09:00,0,1,可预约,￥0.0,多云,17,14,4,0.0,85,29
2026-05-21 08:25:32,2026-05-22,2,乒乓球厅-16号,08:00-09:00,0,1,可预约,￥0.0,多云,17,14,4,0.0,85,28
2026-05-21 08:30:42,2026-05-22,2,乒乓球厅-16号,08:00-09:00,0,1,可预约,￥0.0,多云,18,15,4,0.0,84,28
2026-05-21 08:35:31,2026-05-22,2,乒乓球厅-16号,08:00-09:00,0,1,可预约,￥0.0,多云,18,15,4,0.0,84,28
2026-05-21 08:40:38,2026-05-22,2,乒乓球厅-16号,08:00-09:00,0,1,可预约,￥0.0,多云,18,15,4,0.0,82,28
2026-05-21 08:45:33,2026-05-22,2,乒乓球厅-16号,08:00-09:00,0,1,可预约,￥0.0,多云,18,15,4,0.0,82,28
2026-05-21 08:50:36,2026-05-22,2,乒乓球厅-16号,08:00-09:00,0,1,可预约,￥0.0,多云,18,15,4,0.0,82,28
2026-05-21 08:55:34,2026-05-22,2,乒乓球厅-16号,08:00-09:00,0,1,可预约,￥0.0,多云,18,15,4,0.0,84,28
2026-05-21 09:00:51,2026-05-22,2,乒乓球厅-16号,08:00-09:00,0,1,可预约,￥0.0,多云,18,15,4,0.0,84,28
2026-05-21 09:01:59,2026-05-22,2,乒乓球厅-16号,08:00-09:00,0,1,可预约,￥0.0,多云,18,15,4,0.0,83,28
2026-05-21 09:05:33,2026-05-22,2,乒乓球厅-16号,08:00-09:00,0,1,可预约,￥0.0,多云,18,15,4,0.0,83,28
2026-05-21 09:20:38,2026-05-22,2,乒乓球厅-16号,08:00-09:00,0,1,可预约,￥0.0,多云,18,16,3,0.0,81,28
2026-05-21 09:30:46,2026-05-22,2,乒乓球厅-16号,08:00-09:00,0,1,可预约,￥0.0,多云,18,16,3,0.0,81,32
2026-05-21 09:40:36,2026-05-22,2,乒乓球厅-16号,08:00-09:00,0,1,可预约,￥0.0,多云,19,17,3,0.0,79,32
2026-05-21 09:50:42,2026-05-22,2,乒乓球厅-16号,08:00-09:00,0,1,可预约,￥0.0,多云,19,17,4,0.0,81,32
2026-05-21 10:00:46,2026-05-22,2,乒乓球厅-16号,08:00-09:00,0,1,可预约,￥0.0,多云,19,17,4,0.0,79,32
2026-05-21 10:10:40,2026-05-22,2,乒乓球厅-16号,08:00-09:00,0,1,可预约,￥0.0,多云,19,17,4,0.0,79,32
2026-05-21 10:20:38,2026-05-22,2,乒乓球厅-16号,08:00-09:00,0,1,可预约,￥0.0,多云,19,17,4,0.0,79,32
2026-05-21 10:30:41,2026-05-22,2,乒乓球厅-16号,08:00-09:00,0,1,可预约,￥0.0,多云,19,18,3,0.0,78,31
2026-05-21 11:00:44,2026-05-22,2,乒乓球厅-16号,08:00-09:00,0,1,可预约,￥0.0,多云,21,17,5,0.0,74,31
2026-05-21 11:30:38,2026-05-22,2,乒乓球厅-16号,08:00-09:00,0,1,可预约,￥0.0,多云,21,19,3,0.0,72,33
2026-05-21 12:00:46,2026-05-22,2,乒乓球厅-16号,08:00-09:00,0,1,可预约,￥0.0,多云,22,19,4,0.0,70,33
2026-05-21 12:30:42,2026-05-22,2,乒乓球厅-16号,08:00-09:00,0,1,可预约,￥0.0,多云,22,21,3,0.0,68,35
2026-05-21 13:00:43,2026-05-22,2,乒乓球厅-16号,08:00-09:00,0,1,可预约,￥0.0,多云,24,22,4,0.0,66,35
2026-05-21 13:30:43,2026-05-22,2,乒乓球厅-16号,08:00-09:00,0,1,可预约,￥0.0,多云,24,22,4,0.0,66,36
2026-05-21 14:00:48,2026-05-22,2,乒乓球厅-16号,08:00-09:00,0,1,可预约,￥0.0,多云,25,23,4,0.0,66,36
2026-05-21 14:30:45,2026-05-22,2,乒乓球厅-16号,08:00-09:00,0,1,可预约,￥0.0,晴,25,25,3,0.0,65,39
2026-05-21 15:00:45,2026-05-22,2,乒乓球厅-16号,08:00-09:00,0,1,可预约,￥0.0,晴,25,22,4,0.0,56,39
2026-05-21 15:30:43,2026-05-22,2,乒乓球厅-16号,08:00-09:00,0,1,可预约,￥0.0,晴,25,23,4,0.0,57,40
2026-05-21 16:00:51,2026-05-22,2,乒乓球厅-16号,08:00-09:00,0,1,可预约,￥0.0,晴,25,23,4,0.0,57,40
2026-05-21 16:30:48,2026-05-22,2,乒乓球厅-16号,08:00-09:00,0,1,可预约,￥0.0,晴,25,24,3,0.0,60,39
2026-05-21 17:00:49,2026-05-22,2,乒乓球厅-16号,08:00-09:00,0,1,可预约,￥0.0,晴,25,24,4,0.0,61,39
2026-05-21 17:30:47,2026-05-22,2,乒乓球厅-16号,08:00-09:00,0,1,可预约,￥0.0,多云,24,23,3,0.0,64,39
2026-05-21 18:00:50,2026-05-22,2,乒乓球厅-16号,08:00-09:00,0,1,可预约,￥0.0,多云,24,23,3,0.0,68,39
2026-05-21 18:30:50,2026-05-22,2,乒乓球厅-16号,08:00-09:00,0,1,可预约,￥0.0,阴,24,25,2,0.0,68,40
2026-05-21 19:00:50,2026-05-22,2,乒乓球厅-16号,08:00-09:00,0,1,可预约,￥0.0,阴,23,23,3,0.0,76,40
2026-05-21 19:30:46,2026-05-22,2,乒乓球厅-16号,08:00-09:00,0,1,可预约,￥0.0,阴,23,24,2,0.0,77,39
2026-05-21 20:00:49,2026-05-22,2,乒乓球厅-16号,08:00-09:00,0,1,可预约,￥0.0,雾,22,23,2,0.0,89,39
2026-05-21 20:30:44,2026-05-22,2,乒乓球厅-16号,08:00-09:00,0,1,可预约,￥0.0,雾,22,24,2,0.0,93,43
2026-05-21 21:00:56,2026-05-22,2,乒乓球厅-16号,08:00-09:00,0,1,可预约,￥0.0,雾,20,21,2,0.0,98,43
2026-05-21 21:30:46,2026-05-22,2,乒乓球厅-16号,08:00-09:00,0,1,可预约,￥0.0,雾,20,22,1,0.0,99,41
2026-05-21 22:01:02,2026-05-22,2,乒乓球厅-16号,08:00-09:00,0,1,可预约,￥0.0,雾,19,20,2,0.0,93,41
2026-05-21 22:30:47,2026-05-22,2,乒乓球厅-16号,08:00-09:00,0,1,可预约,￥0.0,雾,19,19,3,0.0,88,46
2026-05-21 23:00:56,2026-05-22,2,乒乓球厅-16号,08:00-09:00,0,1,可预约,￥0.0,多云,18,17,3,0.0,85,46
2026-05-21 23:30:55,2026-05-22,2,乒乓球厅-16号,08:00-09:00,0,1,可预约,￥0.0,多云,18,17,3,0.0,85,48
2026-05-21 08:00:45,2026-05-22,2,乒乓球厅-16号,09:00-10:00,0,1,可预约,￥5.0,晴,17,12,5,0.0,86,29
2026-05-21 08:02:30,2026-05-22,2,乒乓球厅-16号,09:00-10:00,0,1,可预约,￥5.0,多云,17,12,5,0.0,87,29
2026-05-21 08:05:36,2026-05-22,2,乒乓球厅-16号,09:00-10:00,0,1,可预约,￥5.0,多云,17,12,5,0.0,86,29
2026-05-21 08:08:31,2026-05-22,2,乒乓球厅-16号,09:00-10:00,0,1,可预约,￥5.0,多云,17,12,5,0.0,86,29
2026-05-21 08:11:30,2026-05-22,2,乒乓球厅-16号,09:00-10:00,0,1,可预约,￥5.0,多云,17,12,5,0.0,86,29
2026-05-21 08:14:31,2026-05-22,2,乒乓球厅-16号,09:00-10:00,0,1,可预约,￥5.0,多云,17,12,5,0.0,86,29
2026-05-21 08:17:30,2026-05-22,2,乒乓球厅-16号,09:00-10:00,0,1,可预约,￥5.0,多云,17,12,5,0.0,86,29
2026-05-21 08:20:35,2026-05-22,2,乒乓球厅-16号,09:00-10:00,0,1,可预约,￥5.0,多云,17,14,4,0.0,85,29
2026-05-21 08:25:32,2026-05-22,2,乒乓球厅-16号,09:00-10:00,0,1,可预约,￥5.0,多云,17,14,4,0.0,85,28
2026-05-21 08:30:42,2026-05-22,2,乒乓球厅-16号,09:00-10:00,0,1,可预约,￥5.0,多云,18,15,4,0.0,84,28
2026-05-21 08:35:31,2026-05-22,2,乒乓球厅-16号,09:00-10:00,0,1,可预约,￥5.0,多云,18,15,4,0.0,84,28
2026-05-21 08:40:38,2026-05-22,2,乒乓球厅-16号,09:00-10:00,0,1,可预约,￥5.0,多云,18,15,4,0.0,82,28
2026-05-21 08:45:33,2026-05-22,2,乒乓球厅-16号,09:00-10:00,0,1,可预约,￥5.0,多云,18,15,4,0.0,82,28
2026-05-21 08:50:36,2026-05-22,2,乒乓球厅-16号,09:00-10:00,0,1,可预约,￥5.0,多云,18,15,4,0.0,82,28
2026-05-21 08:55:34,2026-05-22,2,乒乓球厅-16号,09:00-10:00,0,1,可预约,￥5.0,多云,18,15,4,0.0,84,28
2026-05-21 09:00:51,2026-05-22,2,乒乓球厅-16号,09:00-10:00,0,1,可预约,￥5.0,多云,18,15,4,0.0,84,28
2026-05-21 09:01:59,2026-05-22,2,乒乓球厅-16号,09:00-10:00,0,1,可预约,￥5.0,多云,18,15,4,0.0,83,28
2026-05-21 09:05:33,2026-05-22,2,乒乓球厅-16号,09:00-10:00,0,1,可预约,￥5.0,多云,18,15,4,0.0,83,28
2026-05-21 09:20:38,2026-05-22,2,乒乓球厅-16号,09:00-10:00,0,1,可预约,￥5.0,多云,18,16,3,0.0,81,28
2026-05-21 09:30:46,2026-05-22,2,乒乓球厅-16号,09:00-10:00,0,1,可预约,￥5.0,多云,18,16,3,0.0,81,32
2026-05-21 09:40:36,2026-05-22,2,乒乓球厅-16号,09:00-10:00,0,1,可预约,￥5.0,多云,19,17,3,0.0,79,32
2026-05-21 09:50:42,2026-05-22,2,乒乓球厅-16号,09:00-10:00,0,1,可预约,￥5.0,多云,19,17,4,0.0,81,32
2026-05-21 10:00:46,2026-05-22,2,乒乓球厅-16号,09:00-10:00,0,1,可预约,￥5.0,多云,19,17,4,0.0,79,32
2026-05-21 10:10:40,2026-05-22,2,乒乓球厅-16号,09:00-10:00,0,1,可预约,￥5.0,多云,19,17,4,0.0,79,32
2026-05-21 10:20:38,2026-05-22,2,乒乓球厅-16号,09:00-10:00,0,1,可预约,￥5.0,多云,19,17,4,0.0,79,32
2026-05-21 10:30:41,2026-05-22,2,乒乓球厅-16号,09:00-10:00,0,1,可预约,￥5.0,多云,19,18,3,0.0,78,31
2026-05-21 11:00:44,2026-05-22,2,乒乓球厅-16号,09:00-10:00,0,1,可预约,￥5.0,多云,21,17,5,0.0,74,31
2026-05-21 11:30:38,2026-05-22,2,乒乓球厅-16号,09:00-10:00,0,1,可预约,￥5.0,多云,21,19,3,0.0,72,33
2026-05-21 12:00:46,2026-05-22,2,乒乓球厅-16号,09:00-10:00,0,1,可预约,￥5.0,多云,22,19,4,0.0,70,33
2026-05-21 12:30:42,2026-05-22,2,乒乓球厅-16号,09:00-10:00,0,1,可预约,￥5.0,多云,22,21,3,0.0,68,35
2026-05-21 13:00:43,2026-05-22,2,乒乓球厅-16号,09:00-10:00,0,1,可预约,￥5.0,多云,24,22,4,0.0,66,35
2026-05-21 13:30:43,2026-05-22,2,乒乓球厅-16号,09:00-10:00,0,1,可预约,￥5.0,多云,24,22,4,0.0,66,36
2026-05-21 14:00:48,2026-05-22,2,乒乓球厅-16号,09:00-10:00,0,1,可预约,￥5.0,多云,25,23,4,0.0,66,36
2026-05-21 14:30:45,2026-05-22,2,乒乓球厅-16号,09:00-10:00,0,1,可预约,￥5.0,晴,25,25,3,0.0,65,39
2026-05-21 15:00:45,2026-05-22,2,乒乓球厅-16号,09:00-10:00,0,1,可预约,￥5.0,晴,25,22,4,0.0,56,39
2026-05-21 15:30:43,2026-05-22,2,乒乓球厅-16号,09:00-10:00,0,1,可预约,￥5.0,晴,25,23,4,0.0,57,40
2026-05-21 16:00:51,2026-05-22,2,乒乓球厅-16号,09:00-10:00,0,1,可预约,￥5.0,晴,25,23,4,0.0,57,40
2026-05-21 16:30:48,2026-05-22,2,乒乓球厅-16号,09:00-10:00,0,1,可预约,￥5.0,晴,25,24,3,0.0,60,39
2026-05-21 17:00:49,2026-05-22,2,乒乓球厅-16号,09:00-10:00,0,1,可预约,￥5.0,晴,25,24,4,0.0,61,39
2026-05-21 17:30:47,2026-05-22,2,乒乓球厅-16号,09:00-10:00,0,1,可预约,￥5.0,多云,24,23,3,0.0,64,39
2026-05-21 18:00:50,2026-05-22,2,乒乓球厅-16号,09:00-10:00,0,1,可预约,￥5.0,多云,24,23,3,0.0,68,39
2026-05-21 18:30:50,2026-05-22,2,乒乓球厅-16号,09:00-10:00,0,1,可预约,￥5.0,阴,24,25,2,0.0,68,40
2026-05-21 19:00:50,2026-05-22,2,乒乓球厅-16号,09:00-10:00,0,1,可预约,￥5.0,阴,23,23,3,0.0,76,40
2026-05-21 19:30:46,2026-05-22,2,乒乓球厅-16号,09:00-10:00,0,1,可预约,￥5.0,阴,23,24,2,0.0,77,39
2026-05-21 20:00:49,2026-05-22,2,乒乓球厅-16号,09:00-10:00,0,1,可预约,￥5.0,雾,22,23,2,0.0,89,39
2026-05-21 20:30:44,2026-05-22,2,乒乓球厅-16号,09:00-10:00,0,1,可预约,￥5.0,雾,22,24,2,0.0,93,43
2026-05-21 21:00:56,2026-05-22,2,乒乓球厅-16号,09:00-10:00,0,1,可预约,￥5.0,雾,20,21,2,0.0,98,43
2026-05-21 21:30:46,2026-05-22,2,乒乓球厅-16号,09:00-10:00,0,1,可预约,￥5.0,雾,20,22,1,0.0,99,41
2026-05-21 22:01:02,2026-05-22,2,乒乓球厅-16号,09:00-10:00,0,1,可预约,￥5.0,雾,19,20,2,0.0,93,41
2026-05-21 22:30:47,2026-05-22,2,乒乓球厅-16号,09:00-10:00,0,1,可预约,￥5.0,雾,19,19,3,0.0,88,46
2026-05-21 23:00:56,2026-05-22,2,乒乓球厅-16号,09:00-10:00,0,1,可预约,￥5.0,多云,18,17,3,0.0,85,46
2026-05-21 23:30:55,2026-05-22,2,乒乓球厅-16号,09:00-10:00,0,1,可预约,￥5.0,多云,18,17,3,0.0,85,48
2026-05-21 08:00:45,2026-05-22,2,乒乓球厅-16号,10:00-11:00,0,1,可预约,￥5.0,晴,17,12,5,0.0,86,29
2026-05-21 08:02:30,2026-05-22,2,乒乓球厅-16号,10:00-11:00,0,1,可预约,￥5.0,多云,17,12,5,0.0,87,29
2026-05-21 08:05:36,2026-05-22,2,乒乓球厅-16号,10:00-11:00,0,1,可预约,￥5.0,多云,17,12,5,0.0,86,29
2026-05-21 08:08:31,2026-05-22,2,乒乓球厅-16号,10:00-11:00,0,1,可预约,￥5.0,多云,17,12,5,0.0,86,29
2026-05-21 08:11:30,2026-05-22,2,乒乓球厅-16号,10:00-11:00,0,1,可预约,￥5.0,多云,17,12,5,0.0,86,29
2026-05-21 08:14:31,2026-05-22,2,乒乓球厅-16号,10:00-11:00,0,1,可预约,￥5.0,多云,17,12,5,0.0,86,29
2026-05-21 08:17:30,2026-05-22,2,乒乓球厅-16号,10:00-11:00,0,1,可预约,￥5.0,多云,17,12,5,0.0,86,29
2026-05-21 08:20:35,2026-05-22,2,乒乓球厅-16号,10:00-11:00,0,1,可预约,￥5.0,多云,17,14,4,0.0,85,29
2026-05-21 08:25:32,2026-05-22,2,乒乓球厅-16号,10:00-11:00,0,1,可预约,￥5.0,多云,17,14,4,0.0,85,28
2026-05-21 08:30:42,2026-05-22,2,乒乓球厅-16号,10:00-11:00,0,1,可预约,￥5.0,多云,18,15,4,0.0,84,28
2026-05-21 08:35:31,2026-05-22,2,乒乓球厅-16号,10:00-11:00,0,1,可预约,￥5.0,多云,18,15,4,0.0,84,28
2026-05-21 08:40:38,2026-05-22,2,乒乓球厅-16号,10:00-11:00,0,1,可预约,￥5.0,多云,18,15,4,0.0,82,28
2026-05-21 08:45:33,2026-05-22,2,乒乓球厅-16号,10:00-11:00,0,1,可预约,￥5.0,多云,18,15,4,0.0,82,28
2026-05-21 08:50:36,2026-05-22,2,乒乓球厅-16号,10:00-11:00,0,1,可预约,￥5.0,多云,18,15,4,0.0,82,28
2026-05-21 08:55:34,2026-05-22,2,乒乓球厅-16号,10:00-11:00,0,1,可预约,￥5.0,多云,18,15,4,0.0,84,28
2026-05-21 09:00:51,2026-05-22,2,乒乓球厅-16号,10:00-11:00,0,1,可预约,￥5.0,多云,18,15,4,0.0,84,28
2026-05-21 09:01:59,2026-05-22,2,乒乓球厅-16号,10:00-11:00,0,1,可预约,￥5.0,多云,18,15,4,0.0,83,28
2026-05-21 09:05:33,2026-05-22,2,乒乓球厅-16号,10:00-11:00,0,1,可预约,￥5.0,多云,18,15,4,0.0,83,28
2026-05-21 09:20:38,2026-05-22,2,乒乓球厅-16号,10:00-11:00,0,1,可预约,￥5.0,多云,18,16,3,0.0,81,28
2026-05-21 09:30:46,2026-05-22,2,乒乓球厅-16号,10:00-11:00,0,1,可预约,￥5.0,多云,18,16,3,0.0,81,32
2026-05-21 09:40:36,2026-05-22,2,乒乓球厅-16号,10:00-11:00,0,1,可预约,￥5.0,多云,19,17,3,0.0,79,32
2026-05-21 09:50:42,2026-05-22,2,乒乓球厅-16号,10:00-11:00,0,1,可预约,￥5.0,多云,19,17,4,0.0,81,32
2026-05-21 10:00:46,2026-05-22,2,乒乓球厅-16号,10:00-11:00,0,1,可预约,￥5.0,多云,19,17,4,0.0,79,32
2026-05-21 10:10:40,2026-05-22,2,乒乓球厅-16号,10:00-11:00,0,1,可预约,￥5.0,多云,19,17,4,0.0,79,32
2026-05-21 10:20:38,2026-05-22,2,乒乓球厅-16号,10:00-11:00,0,1,可预约,￥5.0,多云,19,17,4,0.0,79,32
2026-05-21 10:30:41,2026-05-22,2,乒乓球厅-16号,10:00-11:00,0,1,可预约,￥5.0,多云,19,18,3,0.0,78,31
2026-05-21 11:00:44,2026-05-22,2,乒乓球厅-16号,10:00-11:00,0,1,可预约,￥5.0,多云,21,17,5,0.0,74,31
2026-05-21 11:30:38,2026-05-22,2,乒乓球厅-16号,10:00-11:00,0,1,可预约,￥5.0,多云,21,19,3,0.0,72,33
2026-05-21 12:00:46,2026-05-22,2,乒乓球厅-16号,10:00-11:00,0,1,可预约,￥5.0,多云,22,19,4,0.0,70,33
2026-05-21 12:30:42,2026-05-22,2,乒乓球厅-16号,10:00-11:00,0,1,可预约,￥5.0,多云,22,21,3,0.0,68,35
2026-05-21 13:00:43,2026-05-22,2,乒乓球厅-16号,10:00-11:00,0,1,可预约,￥5.0,多云,24,22,4,0.0,66,35
2026-05-21 13:30:43,2026-05-22,2,乒乓球厅-16号,10:00-11:00,0,1,可预约,￥5.0,多云,24,22,4,0.0,66,36
2026-05-21 14:00:48,2026-05-22,2,乒乓球厅-16号,10:00-11:00,0,1,可预约,￥5.0,多云,25,23,4,0.0,66,36
2026-05-21 14:30:45,2026-05-22,2,乒乓球厅-16号,10:00-11:00,0,1,可预约,￥5.0,晴,25,25,3,0.0,65,39
2026-05-21 15:00:45,2026-05-22,2,乒乓球厅-16号,10:00-11:00,0,1,可预约,￥5.0,晴,25,22,4,0.0,56,39
2026-05-21 15:30:43,2026-05-22,2,乒乓球厅-16号,10:00-11:00,0,1,可预约,￥5.0,晴,25,23,4,0.0,57,40
2026-05-21 16:00:51,2026-05-22,2,乒乓球厅-16号,10:00-11:00,0,1,可预约,￥5.0,晴,25,23,4,0.0,57,40
2026-05-21 16:30:48,2026-05-22,2,乒乓球厅-16号,10:00-11:00,0,1,可预约,￥5.0,晴,25,24,3,0.0,60,39
2026-05-21 17:00:49,2026-05-22,2,乒乓球厅-16号,10:00-11:00,0,1,可预约,￥5.0,晴,25,24,4,0.0,61,39
2026-05-21 17:30:47,2026-05-22,2,乒乓球厅-16号,10:00-11:00,0,1,可预约,￥5.0,多云,24,23,3,0.0,64,39
2026-05-21 18:00:50,2026-05-22,2,乒乓球厅-16号,10:00-11:00,0,1,可预约,￥5.0,多云,24,23,3,0.0,68,39
2026-05-21 18:30:50,2026-05-22,2,乒乓球厅-16号,10:00-11:00,0,1,可预约,￥5.0,阴,24,25,2,0.0,68,40
2026-05-21 19:00:50,2026-05-22,2,乒乓球厅-16号,10:00-11:00,0,1,可预约,￥5.0,阴,23,23,3,0.0,76,40
2026-05-21 19:30:46,2026-05-22,2,乒乓球厅-16号,10:00-11:00,0,1,可预约,￥5.0,阴,23,24,2,0.0,77,39
2026-05-21 20:00:49,2026-05-22,2,乒乓球厅-16号,10:00-11:00,0,1,可预约,￥5.0,雾,22,23,2,0.0,89,39
2026-05-21 20:30:44,2026-05-22,2,乒乓球厅-16号,10:00-11:00,0,1,可预约,￥5.0,雾,22,24,2,0.0,93,43
2026-05-21 21:00:56,2026-05-22,2,乒乓球厅-16号,10:00-11:00,0,1,可预约,￥5.0,雾,20,21,2,0.0,98,43
2026-05-21 21:30:46,2026-05-22,2,乒乓球厅-16号,10:00-11:00,0,1,可预约,￥5.0,雾,20,22,1,0.0,99,41
2026-05-21 22:01:02,2026-05-22,2,乒乓球厅-16号,10:00-11:00,0,1,可预约,￥5.0,雾,19,20,2,0.0,93,41
2026-05-21 22:30:47,2026-05-22,2,乒乓球厅-16号,10:00-11:00,0,1,可预约,￥5.0,雾,19,19,3,0.0,88,46
2026-05-21 23:00:56,2026-05-22,2,乒乓球厅-16号,10:00-11:00,0,1,可预约,￥5.0,多云,18,17,3,0.0,85,46
2026-05-21 23:30:55,2026-05-22,2,乒乓球厅-16号,10:00-11:00,0,1,可预约,￥5.0,多云,18,17,3,0.0,85,48
2026-05-21 08:00:45,2026-05-22,2,乒乓球厅-16号,11:00-12:00,0,1,可预约,￥5.0,晴,17,12,5,0.0,86,29
2026-05-21 08:02:30,2026-05-22,2,乒乓球厅-16号,11:00-12:00,0,1,可预约,￥5.0,多云,17,12,5,0.0,87,29
2026-05-21 08:05:36,2026-05-22,2,乒乓球厅-16号,11:00-12:00,0,1,可预约,￥5.0,多云,17,12,5,0.0,86,29
2026-05-21 08:08:31,2026-05-22,2,乒乓球厅-16号,11:00-12:00,0,1,可预约,￥5.0,多云,17,12,5,0.0,86,29
2026-05-21 08:11:30,2026-05-22,2,乒乓球厅-16号,11:00-12:00,0,1,可预约,￥5.0,多云,17,12,5,0.0,86,29
2026-05-21 08:14:31,2026-05-22,2,乒乓球厅-16号,11:00-12:00,0,1,可预约,￥5.0,多云,17,12,5,0.0,86,29
2026-05-21 08:17:30,2026-05-22,2,乒乓球厅-16号,11:00-12:00,0,1,可预约,￥5.0,多云,17,12,5,0.0,86,29
2026-05-21 08:20:35,2026-05-22,2,乒乓球厅-16号,11:00-12:00,0,1,可预约,￥5.0,多云,17,14,4,0.0,85,29
2026-05-21 08:25:32,2026-05-22,2,乒乓球厅-16号,11:00-12:00,0,1,可预约,￥5.0,多云,17,14,4,0.0,85,28
2026-05-21 08:30:42,2026-05-22,2,乒乓球厅-16号,11:00-12:00,0,1,可预约,￥5.0,多云,18,15,4,0.0,84,28
2026-05-21 08:35:31,2026-05-22,2,乒乓球厅-16号,11:00-12:00,0,1,可预约,￥5.0,多云,18,15,4,0.0,84,28
2026-05-21 08:40:38,2026-05-22,2,乒乓球厅-16号,11:00-12:00,0,1,可预约,￥5.0,多云,18,15,4,0.0,82,28
2026-05-21 08:45:33,2026-05-22,2,乒乓球厅-16号,11:00-12:00,0,1,可预约,￥5.0,多云,18,15,4,0.0,82,28
2026-05-21 08:50:36,2026-05-22,2,乒乓球厅-16号,11:00-12:00,0,1,可预约,￥5.0,多云,18,15,4,0.0,82,28
2026-05-21 08:55:34,2026-05-22,2,乒乓球厅-16号,11:00-12:00,0,1,可预约,￥5.0,多云,18,15,4,0.0,84,28
2026-05-21 09:00:51,2026-05-22,2,乒乓球厅-16号,11:00-12:00,0,1,可预约,￥5.0,多云,18,15,4,0.0,84,28
2026-05-21 09:01:59,2026-05-22,2,乒乓球厅-16号,11:00-12:00,0,1,可预约,￥5.0,多云,18,15,4,0.0,83,28
2026-05-21 09:05:33,2026-05-22,2,乒乓球厅-16号,11:00-12:00,0,1,可预约,￥5.0,多云,18,15,4,0.0,83,28
2026-05-21 09:20:38,2026-05-22,2,乒乓球厅-16号,11:00-12:00,0,1,可预约,￥5.0,多云,18,16,3,0.0,81,28
2026-05-21 09:30:46,2026-05-22,2,乒乓球厅-16号,11:00-12:00,0,1,可预约,￥5.0,多云,18,16,3,0.0,81,32
2026-05-21 09:40:36,2026-05-22,2,乒乓球厅-16号,11:00-12:00,0,1,可预约,￥5.0,多云,19,17,3,0.0,79,32
2026-05-21 09:50:42,2026-05-22,2,乒乓球厅-16号,11:00-12:00,0,1,可预约,￥5.0,多云,19,17,4,0.0,81,32
2026-05-21 10:00:46,2026-05-22,2,乒乓球厅-16号,11:00-12:00,0,1,可预约,￥5.0,多云,19,17,4,0.0,79,32
2026-05-21 10:10:40,2026-05-22,2,乒乓球厅-16号,11:00-12:00,0,1,可预约,￥5.0,多云,19,17,4,0.0,79,32
2026-05-21 10:20:38,2026-05-22,2,乒乓球厅-16号,11:00-12:00,0,1,可预约,￥5.0,多云,19,17,4,0.0,79,32
2026-05-21 10:30:41,2026-05-22,2,乒乓球厅-16号,11:00-12:00,0,1,可预约,￥5.0,多云,19,18,3,0.0,78,31
2026-05-21 11:00:44,2026-05-22,2,乒乓球厅-16号,11:00-12:00,0,1,可预约,￥5.0,多云,21,17,5,0.0,74,31
2026-05-21 11:30:38,2026-05-22,2,乒乓球厅-16号,11:00-12:00,0,1,可预约,￥5.0,多云,21,19,3,0.0,72,33
2026-05-21 12:00:46,2026-05-22,2,乒乓球厅-16号,11:00-12:00,0,1,可预约,￥5.0,多云,22,19,4,0.0,70,33
2026-05-21 12:30:42,2026-05-22,2,乒乓球厅-16号,11:00-12:00,0,1,可预约,￥5.0,多云,22,21,3,0.0,68,35
2026-05-21 13:00:43,2026-05-22,2,乒乓球厅-16号,11:00-12:00,0,1,可预约,￥5.0,多云,24,22,4,0.0,66,35
2026-05-21 13:30:43,2026-05-22,2,乒乓球厅-16号,11:00-12:00,0,1,可预约,￥5.0,多云,24,22,4,0.0,66,36
2026-05-21 14:00:48,2026-05-22,2,乒乓球厅-16号,11:00-12:00,0,1,可预约,￥5.0,多云,25,23,4,0.0,66,36
2026-05-21 14:30:45,2026-05-22,2,乒乓球厅-16号,11:00-12:00,0,1,可预约,￥5.0,晴,25,25,3,0.0,65,39
2026-05-21 15:00:45,2026-05-22,2,乒乓球厅-16号,11:00-12:00,0,1,可预约,￥5.0,晴,25,22,4,0.0,56,39
2026-05-21 15:30:43,2026-05-22,2,乒乓球厅-16号,11:00-12:00,0,1,可预约,￥5.0,晴,25,23,4,0.0,57,40
2026-05-21 16:00:51,2026-05-22,2,乒乓球厅-16号,11:00-12:00,0,1,可预约,￥5.0,晴,25,23,4,0.0,57,40
2026-05-21 16:30:48,2026-05-22,2,乒乓球厅-16号,11:00-12:00,0,1,可预约,￥5.0,晴,25,24,3,0.0,60,39
2026-05-21 17:00:49,2026-05-22,2,乒乓球厅-16号,11:00-12:00,0,1,可预约,￥5.0,晴,25,24,4,0.0,61,39
2026-05-21 17:30:47,2026-05-22,2,乒乓球厅-16号,11:00-12:00,0,1,可预约,￥5.0,多云,24,23,3,0.0,64,39
2026-05-21 18:00:50,2026-05-22,2,乒乓球厅-16号,11:00-12:00,0,1,可预约,￥5.0,多云,24,23,3,0.0,68,39
2026-05-21 18:30:50,2026-05-22,2,乒乓球厅-16号,11:00-12:00,0,1,可预约,￥5.0,阴,24,25,2,0.0,68,40
2026-05-21 19:00:50,2026-05-22,2,乒乓球厅-16号,11:00-12:00,0,1,可预约,￥5.0,阴,23,23,3,0.0,76,40
2026-05-21 19:30:46,2026-05-22,2,乒乓球厅-16号,11:00-12:00,0,1,可预约,￥5.0,阴,23,24,2,0.0,77,39
2026-05-21 20:00:49,2026-05-22,2,乒乓球厅-16号,11:00-12:00,0,1,可预约,￥5.0,雾,22,23,2,0.0,89,39
2026-05-21 20:30:44,2026-05-22,2,乒乓球厅-16号,11:00-12:00,0,1,可预约,￥5.0,雾,22,24,2,0.0,93,43
2026-05-21 21:00:56,2026-05-22,2,乒乓球厅-16号,11:00-12:00,0,1,可预约,￥5.0,雾,20,21,2,0.0,98,43
2026-05-21 21:30:46,2026-05-22,2,乒乓球厅-16号,11:00-12:00,0,1,可预约,￥5.0,雾,20,22,1,0.0,99,41
2026-05-21 22:01:02,2026-05-22,2,乒乓球厅-16号,11:00-12:00,0,1,可预约,￥5.0,雾,19,20,2,0.0,93,41
2026-05-21 22:30:47,2026-05-22,2,乒乓球厅-16号,11:00-12:00,0,1,可预约,￥5.0,雾,19,19,3,0.0,88,46
2026-05-21 23:00:56,2026-05-22,2,乒乓球厅-16号,11:00-12:00,0,1,可预约,￥5.0,多云,18,17,3,0.0,85,46
2026-05-21 23:30:55,2026-05-22,2,乒乓球厅-16号,11:00-12:00,0,1,可预约,￥5.0,多云,18,17,3,0.0,85,48
2026-05-21 08:00:45,2026-05-22,2,乒乓球厅-16号,12:00-12:55,0,1,可预约,￥0.0,晴,17,12,5,0.0,86,29
2026-05-21 08:02:30,2026-05-22,2,乒乓球厅-16号,12:00-12:55,0,1,可预约,￥0.0,多云,17,12,5,0.0,87,29
2026-05-21 08:05:36,2026-05-22,2,乒乓球厅-16号,12:00-12:55,0,1,可预约,￥0.0,多云,17,12,5,0.0,86,29
2026-05-21 08:08:31,2026-05-22,2,乒乓球厅-16号,12:00-12:55,0,1,可预约,￥0.0,多云,17,12,5,0.0,86,29
2026-05-21 08:11:30,2026-05-22,2,乒乓球厅-16号,12:00-12:55,0,1,可预约,￥0.0,多云,17,12,5,0.0,86,29
2026-05-21 08:14:31,2026-05-22,2,乒乓球厅-16号,12:00-12:55,0,1,可预约,￥0.0,多云,17,12,5,0.0,86,29
2026-05-21 08:17:30,2026-05-22,2,乒乓球厅-16号,12:00-12:55,0,1,可预约,￥0.0,多云,17,12,5,0.0,86,29
2026-05-21 08:20:35,2026-05-22,2,乒乓球厅-16号,12:00-12:55,0,1,可预约,￥0.0,多云,17,14,4,0.0,85,29
2026-05-21 08:25:32,2026-05-22,2,乒乓球厅-16号,12:00-12:55,0,1,可预约,￥0.0,多云,17,14,4,0.0,85,28
2026-05-21 08:30:42,2026-05-22,2,乒乓球厅-16号,12:00-12:55,0,1,可预约,￥0.0,多云,18,15,4,0.0,84,28
2026-05-21 08:35:31,2026-05-22,2,乒乓球厅-16号,12:00-12:55,0,1,可预约,￥0.0,多云,18,15,4,0.0,84,28
2026-05-21 08:40:38,2026-05-22,2,乒乓球厅-16号,12:00-12:55,0,1,可预约,￥0.0,多云,18,15,4,0.0,82,28
2026-05-21 08:45:33,2026-05-22,2,乒乓球厅-16号,12:00-12:55,0,1,可预约,￥0.0,多云,18,15,4,0.0,82,28
2026-05-21 08:50:36,2026-05-22,2,乒乓球厅-16号,12:00-12:55,0,1,可预约,￥0.0,多云,18,15,4,0.0,82,28
2026-05-21 08:55:34,2026-05-22,2,乒乓球厅-16号,12:00-12:55,0,1,可预约,￥0.0,多云,18,15,4,0.0,84,28
2026-05-21 09:00:51,2026-05-22,2,乒乓球厅-16号,12:00-12:55,0,1,可预约,￥0.0,多云,18,15,4,0.0,84,28
2026-05-21 09:01:59,2026-05-22,2,乒乓球厅-16号,12:00-12:55,0,1,可预约,￥0.0,多云,18,15,4,0.0,83,28
2026-05-21 09:05:33,2026-05-22,2,乒乓球厅-16号,12:00-12:55,0,1,可预约,￥0.0,多云,18,15,4,0.0,83,28
2026-05-21 09:20:38,2026-05-22,2,乒乓球厅-16号,12:00-12:55,0,1,可预约,￥0.0,多云,18,16,3,0.0,81,28
2026-05-21 09:30:46,2026-05-22,2,乒乓球厅-16号,12:00-12:55,0,1,可预约,￥0.0,多云,18,16,3,0.0,81,32
2026-05-21 09:40:36,2026-05-22,2,乒乓球厅-16号,12:00-12:55,0,1,可预约,￥0.0,多云,19,17,3,0.0,79,32
2026-05-21 09:50:42,2026-05-22,2,乒乓球厅-16号,12:00-12:55,0,1,可预约,￥0.0,多云,19,17,4,0.0,81,32
2026-05-21 10:00:46,2026-05-22,2,乒乓球厅-16号,12:00-12:55,0,1,可预约,￥0.0,多云,19,17,4,0.0,79,32
2026-05-21 10:10:40,2026-05-22,2,乒乓球厅-16号,12:00-12:55,0,1,可预约,￥0.0,多云,19,17,4,0.0,79,32
2026-05-21 10:20:38,2026-05-22,2,乒乓球厅-16号,12:00-12:55,0,1,可预约,￥0.0,多云,19,17,4,0.0,79,32
2026-05-21 10:30:41,2026-05-22,2,乒乓球厅-16号,12:00-12:55,0,1,可预约,￥0.0,多云,19,18,3,0.0,78,31
2026-05-21 11:00:44,2026-05-22,2,乒乓球厅-16号,12:00-12:55,0,1,可预约,￥0.0,多云,21,17,5,0.0,74,31
2026-05-21 11:30:38,2026-05-22,2,乒乓球厅-16号,12:00-12:55,0,1,可预约,￥0.0,多云,21,19,3,0.0,72,33
2026-05-21 12:00:46,2026-05-22,2,乒乓球厅-16号,12:00-12:55,0,1,可预约,￥0.0,多云,22,19,4,0.0,70,33
2026-05-21 12:30:42,2026-05-22,2,乒乓球厅-16号,12:00-12:55,0,1,可预约,￥0.0,多云,22,21,3,0.0,68,35
2026-05-21 13:00:43,2026-05-22,2,乒乓球厅-16号,12:00-12:55,0,1,可预约,￥0.0,多云,24,22,4,0.0,66,35
2026-05-21 13:30:43,2026-05-22,2,乒乓球厅-16号,12:00-12:55,0,1,可预约,￥0.0,多云,24,22,4,0.0,66,36
2026-05-21 14:00:48,2026-05-22,2,乒乓球厅-16号,12:00-12:55,0,1,可预约,￥0.0,多云,25,23,4,0.0,66,36
2026-05-21 14:30:45,2026-05-22,2,乒乓球厅-16号,12:00-12:55,0,1,可预约,￥0.0,晴,25,25,3,0.0,65,39
2026-05-21 15:00:45,2026-05-22,2,乒乓球厅-16号,12:00-12:55,0,1,可预约,￥0.0,晴,25,22,4,0.0,56,39
2026-05-21 15:30:43,2026-05-22,2,乒乓球厅-16号,12:00-12:55,0,1,可预约,￥0.0,晴,25,23,4,0.0,57,40
2026-05-21 16:00:51,2026-05-22,2,乒乓球厅-16号,12:00-12:55,0,1,可预约,￥0.0,晴,25,23,4,0.0,57,40
2026-05-21 16:30:48,2026-05-22,2,乒乓球厅-16号,12:00-12:55,0,1,可预约,￥0.0,晴,25,24,3,0.0,60,39
2026-05-21 17:00:49,2026-05-22,2,乒乓球厅-16号,12:00-12:55,0,1,可预约,￥0.0,晴,25,24,4,0.0,61,39
2026-05-21 17:30:47,2026-05-22,2,乒乓球厅-16号,12:00-12:55,0,1,可预约,￥0.0,多云,24,23,3,0.0,64,39
2026-05-21 18:00:50,2026-05-22,2,乒乓球厅-16号,12:00-12:55,0,1,可预约,￥0.0,多云,24,23,3,0.0,68,39
2026-05-21 18:30:50,2026-05-22,2,乒乓球厅-16号,12:00-12:55,0,1,可预约,￥0.0,阴,24,25,2,0.0,68,40
2026-05-21 19:00:50,2026-05-22,2,乒乓球厅-16号,12:00-12:55,0,1,可预约,￥0.0,阴,23,23,3,0.0,76,40
2026-05-21 19:30:46,2026-05-22,2,乒乓球厅-16号,12:00-12:55,0,1,可预约,￥0.0,阴,23,24,2,0.0,77,39
2026-05-21 20:00:49,2026-05-22,2,乒乓球厅-16号,12:00-12:55,0,1,可预约,￥0.0,雾,22,23,2,0.0,89,39
2026-05-21 20:30:44,2026-05-22,2,乒乓球厅-16号,12:00-12:55,0,1,可预约,￥0.0,雾,22,24,2,0.0,93,43
2026-05-21 21:00:56,2026-05-22,2,乒乓球厅-16号,12:00-12:55,0,1,可预约,￥0.0,雾,20,21,2,0.0,98,43
2026-05-21 21:30:46,2026-05-22,2,乒乓球厅-16号,12:00-12:55,0,1,可预约,￥0.0,雾,20,22,1,0.0,99,41
2026-05-21 22:01:02,2026-05-22,2,乒乓球厅-16号,12:00-12:55,0,1,可预约,￥0.0,雾,19,20,2,0.0,93,41
2026-05-21 22:30:47,2026-05-22,2,乒乓球厅-16号,12:00-12:55,0,1,可预约,￥0.0,雾,19,19,3,0.0,88,46
2026-05-21 23:00:56,2026-05-22,2,乒乓球厅-16号,12:00-12:55,0,1,可预约,￥0.0,多云,18,17,3,0.0,85,46
2026-05-21 23:30:55,2026-05-22,2,乒乓球厅-16号,12:00-12:55,0,1,可预约,￥0.0,多云,18,17,3,0.0,85,48
2026-05-21 08:00:45,2026-05-22,2,乒乓球厅-16号,12:55-13:50,0,1,可预约,￥0.0,晴,17,12,5,0.0,86,29
2026-05-21 08:02:30,2026-05-22,2,乒乓球厅-16号,12:55-13:50,0,1,可预约,￥0.0,多云,17,12,5,0.0,87,29
2026-05-21 08:05:36,2026-05-22,2,乒乓球厅-16号,12:55-13:50,0,1,可预约,￥0.0,多云,17,12,5,0.0,86,29
2026-05-21 08:08:31,2026-05-22,2,乒乓球厅-16号,12:55-13:50,0,1,可预约,￥0.0,多云,17,12,5,0.0,86,29
2026-05-21 08:11:30,2026-05-22,2,乒乓球厅-16号,12:55-13:50,0,1,可预约,￥0.0,多云,17,12,5,0.0,86,29
2026-05-21 08:14:31,2026-05-22,2,乒乓球厅-16号,12:55-13:50,0,1,可预约,￥0.0,多云,17,12,5,0.0,86,29
2026-05-21 08:17:30,2026-05-22,2,乒乓球厅-16号,12:55-13:50,0,1,可预约,￥0.0,多云,17,12,5,0.0,86,29
2026-05-21 08:20:35,2026-05-22,2,乒乓球厅-16号,12:55-13:50,0,1,可预约,￥0.0,多云,17,14,4,0.0,85,29
2026-05-21 08:25:32,2026-05-22,2,乒乓球厅-16号,12:55-13:50,0,1,可预约,￥0.0,多云,17,14,4,0.0,85,28
2026-05-21 08:30:42,2026-05-22,2,乒乓球厅-16号,12:55-13:50,0,1,可预约,￥0.0,多云,18,15,4,0.0,84,28
2026-05-21 08:35:31,2026-05-22,2,乒乓球厅-16号,12:55-13:50,0,1,可预约,￥0.0,多云,18,15,4,0.0,84,28
2026-05-21 08:40:38,2026-05-22,2,乒乓球厅-16号,12:55-13:50,0,1,可预约,￥0.0,多云,18,15,4,0.0,82,28
2026-05-21 08:45:33,2026-05-22,2,乒乓球厅-16号,12:55-13:50,0,1,可预约,￥0.0,多云,18,15,4,0.0,82,28
2026-05-21 08:50:36,2026-05-22,2,乒乓球厅-16号,12:55-13:50,0,1,可预约,￥0.0,多云,18,15,4,0.0,82,28
2026-05-21 08:55:34,2026-05-22,2,乒乓球厅-16号,12:55-13:50,0,1,可预约,￥0.0,多云,18,15,4,0.0,84,28
2026-05-21 09:00:51,2026-05-22,2,乒乓球厅-16号,12:55-13:50,0,1,可预约,￥0.0,多云,18,15,4,0.0,84,28
2026-05-21 09:01:59,2026-05-22,2,乒乓球厅-16号,12:55-13:50,0,1,可预约,￥0.0,多云,18,15,4,0.0,83,28
2026-05-21 09:05:33,2026-05-22,2,乒乓球厅-16号,12:55-13:50,0,1,可预约,￥0.0,多云,18,15,4,0.0,83,28
2026-05-21 09:20:38,2026-05-22,2,乒乓球厅-16号,12:55-13:50,0,1,可预约,￥0.0,多云,18,16,3,0.0,81,28
2026-05-21 09:30:46,2026-05-22,2,乒乓球厅-16号,12:55-13:50,0,1,可预约,￥0.0,多云,18,16,3,0.0,81,32
2026-05-21 09:40:36,2026-05-22,2,乒乓球厅-16号,12:55-13:50,0,1,可预约,￥0.0,多云,19,17,3,0.0,79,32
2026-05-21 09:50:42,2026-05-22,2,乒乓球厅-16号,12:55-13:50,0,1,可预约,￥0.0,多云,19,17,4,0.0,81,32
2026-05-21 10:00:46,2026-05-22,2,乒乓球厅-16号,12:55-13:50,0,1,可预约,￥0.0,多云,19,17,4,0.0,79,32
2026-05-21 10:10:40,2026-05-22,2,乒乓球厅-16号,12:55-13:50,0,1,可预约,￥0.0,多云,19,17,4,0.0,79,32
2026-05-21 10:20:38,2026-05-22,2,乒乓球厅-16号,12:55-13:50,0,1,可预约,￥0.0,多云,19,17,4,0.0,79,32
2026-05-21 10:30:41,2026-05-22,2,乒乓球厅-16号,12:55-13:50,0,1,可预约,￥0.0,多云,19,18,3,0.0,78,31
2026-05-21 11:00:44,2026-05-22,2,乒乓球厅-16号,12:55-13:50,0,1,可预约,￥0.0,多云,21,17,5,0.0,74,31
2026-05-21 11:30:38,2026-05-22,2,乒乓球厅-16号,12:55-13:50,0,1,可预约,￥0.0,多云,21,19,3,0.0,72,33
2026-05-21 12:00:46,2026-05-22,2,乒乓球厅-16号,12:55-13:50,0,1,可预约,￥0.0,多云,22,19,4,0.0,70,33
2026-05-21 12:30:42,2026-05-22,2,乒乓球厅-16号,12:55-13:50,0,1,可预约,￥0.0,多云,22,21,3,0.0,68,35
2026-05-21 13:00:43,2026-05-22,2,乒乓球厅-16号,12:55-13:50,0,1,可预约,￥0.0,多云,24,22,4,0.0,66,35
2026-05-21 13:30:43,2026-05-22,2,乒乓球厅-16号,12:55-13:50,0,1,可预约,￥0.0,多云,24,22,4,0.0,66,36
2026-05-21 14:00:48,2026-05-22,2,乒乓球厅-16号,12:55-13:50,0,1,可预约,￥0.0,多云,25,23,4,0.0,66,36
2026-05-21 14:30:45,2026-05-22,2,乒乓球厅-16号,12:55-13:50,0,1,可预约,￥0.0,晴,25,25,3,0.0,65,39
2026-05-21 15:00:45,2026-05-22,2,乒乓球厅-16号,12:55-13:50,0,1,可预约,￥0.0,晴,25,22,4,0.0,56,39
2026-05-21 15:30:43,2026-05-22,2,乒乓球厅-16号,12:55-13:50,0,1,可预约,￥0.0,晴,25,23,4,0.0,57,40
2026-05-21 16:00:51,2026-05-22,2,乒乓球厅-16号,12:55-13:50,0,1,可预约,￥0.0,晴,25,23,4,0.0,57,40
2026-05-21 16:30:48,2026-05-22,2,乒乓球厅-16号,12:55-13:50,0,1,可预约,￥0.0,晴,25,24,3,0.0,60,39
2026-05-21 17:00:49,2026-05-22,2,乒乓球厅-16号,12:55-13:50,0,1,可预约,￥0.0,晴,25,24,4,0.0,61,39
2026-05-21 17:30:47,2026-05-22,2,乒乓球厅-16号,12:55-13:50,0,1,可预约,￥0.0,多云,24,23,3,0.0,64,39
2026-05-21 18:00:50,2026-05-22,2,乒乓球厅-16号,12:55-13:50,0,1,可预约,￥0.0,多云,24,23,3,0.0,68,39
2026-05-21 18:30:50,2026-05-22,2,乒乓球厅-16号,12:55-13:50,0,1,可预约,￥0.0,阴,24,25,2,0.0,68,40
2026-05-21 19:00:50,2026-05-22,2,乒乓球厅-16号,12:55-13:50,0,1,可预约,￥0.0,阴,23,23,3,0.0,76,40
2026-05-21 19:30:46,2026-05-22,2,乒乓球厅-16号,12:55-13:50,0,1,可预约,￥0.0,阴,23,24,2,0.0,77,39
2026-05-21 20:00:49,2026-05-22,2,乒乓球厅-16号,12:55-13:50,0,1,可预约,￥0.0,雾,22,23,2,0.0,89,39
2026-05-21 20:30:44,2026-05-22,2,乒乓球厅-16号,12:55-13:50,0,1,可预约,￥0.0,雾,22,24,2,0.0,93,43
2026-05-21 21:00:56,2026-05-22,2,乒乓球厅-16号,12:55-13:50,0,1,可预约,￥0.0,雾,20,21,2,0.0,98,43
2026-05-21 21:30:46,2026-05-22,2,乒乓球厅-16号,12:55-13:50,0,1,可预约,￥0.0,雾,20,22,1,0.0,99,41
2026-05-21 22:01:02,2026-05-22,2,乒乓球厅-16号,12:55-13:50,0,1,可预约,￥0.0,雾,19,20,2,0.0,93,41
2026-05-21 22:30:47,2026-05-22,2,乒乓球厅-16号,12:55-13:50,0,1,可预约,￥0.0,雾,19,19,3,0.0,88,46
2026-05-21 23:00:56,2026-05-22,2,乒乓球厅-16号,12:55-13:50,0,1,可预约,￥0.0,多云,18,17,3,0.0,85,46
2026-05-21 23:30:55,2026-05-22,2,乒乓球厅-16号,12:55-13:50,0,1,可预约,￥0.0,多云,18,17,3,0.0,85,48
2026-05-21 08:00:45,2026-05-22,2,乒乓球厅-16号,14:00-15:00,1,1,已售/已满,教学时间,晴,17,12,5,0.0,86,29
2026-05-21 08:02:30,2026-05-22,2,乒乓球厅-16号,14:00-15:00,1,1,已售/已满,教学时间,多云,17,12,5,0.0,87,29
2026-05-21 08:05:36,2026-05-22,2,乒乓球厅-16号,14:00-15:00,1,1,已售/已满,教学时间,多云,17,12,5,0.0,86,29
2026-05-21 08:08:31,2026-05-22,2,乒乓球厅-16号,14:00-15:00,1,1,已售/已满,教学时间,多云,17,12,5,0.0,86,29
2026-05-21 08:11:30,2026-05-22,2,乒乓球厅-16号,14:00-15:00,1,1,已售/已满,教学时间,多云,17,12,5,0.0,86,29
2026-05-21 08:14:31,2026-05-22,2,乒乓球厅-16号,14:00-15:00,1,1,已售/已满,教学时间,多云,17,12,5,0.0,86,29
2026-05-21 08:17:30,2026-05-22,2,乒乓球厅-16号,14:00-15:00,1,1,已售/已满,教学时间,多云,17,12,5,0.0,86,29
2026-05-21 08:20:35,2026-05-22,2,乒乓球厅-16号,14:00-15:00,1,1,已售/已满,教学时间,多云,17,14,4,0.0,85,29
2026-05-21 08:25:32,2026-05-22,2,乒乓球厅-16号,14:00-15:00,1,1,已售/已满,教学时间,多云,17,14,4,0.0,85,28
2026-05-21 08:30:42,2026-05-22,2,乒乓球厅-16号,14:00-15:00,1,1,已售/已满,教学时间,多云,18,15,4,0.0,84,28
2026-05-21 08:35:31,2026-05-22,2,乒乓球厅-16号,14:00-15:00,1,1,已售/已满,教学时间,多云,18,15,4,0.0,84,28
2026-05-21 08:40:38,2026-05-22,2,乒乓球厅-16号,14:00-15:00,1,1,已售/已满,教学时间,多云,18,15,4,0.0,82,28
2026-05-21 08:45:33,2026-05-22,2,乒乓球厅-16号,14:00-15:00,1,1,已售/已满,教学时间,多云,18,15,4,0.0,82,28
2026-05-21 08:50:36,2026-05-22,2,乒乓球厅-16号,14:00-15:00,1,1,已售/已满,教学时间,多云,18,15,4,0.0,82,28
2026-05-21 08:55:34,2026-05-22,2,乒乓球厅-16号,14:00-15:00,1,1,已售/已满,教学时间,多云,18,15,4,0.0,84,28
2026-05-21 09:00:51,2026-05-22,2,乒乓球厅-16号,14:00-15:00,1,1,已售/已满,教学时间,多云,18,15,4,0.0,84,28
2026-05-21 09:01:59,2026-05-22,2,乒乓球厅-16号,14:00-15:00,1,1,已售/已满,教学时间,多云,18,15,4,0.0,83,28
2026-05-21 09:05:33,2026-05-22,2,乒乓球厅-16号,14:00-15:00,1,1,已售/已满,教学时间,多云,18,15,4,0.0,83,28
2026-05-21 09:20:38,2026-05-22,2,乒乓球厅-16号,14:00-15:00,1,1,已售/已满,教学时间,多云,18,16,3,0.0,81,28
2026-05-21 09:30:46,2026-05-22,2,乒乓球厅-16号,14:00-15:00,1,1,已售/已满,教学时间,多云,18,16,3,0.0,81,32
2026-05-21 09:40:36,2026-05-22,2,乒乓球厅-16号,14:00-15:00,1,1,已售/已满,教学时间,多云,19,17,3,0.0,79,32
2026-05-21 09:50:42,2026-05-22,2,乒乓球厅-16号,14:00-15:00,1,1,已售/已满,教学时间,多云,19,17,4,0.0,81,32
2026-05-21 10:00:46,2026-05-22,2,乒乓球厅-16号,14:00-15:00,1,1,已售/已满,教学时间,多云,19,17,4,0.0,79,32
2026-05-21 10:10:40,2026-05-22,2,乒乓球厅-16号,14:00-15:00,1,1,已售/已满,教学时间,多云,19,17,4,0.0,79,32
2026-05-21 10:20:38,2026-05-22,2,乒乓球厅-16号,14:00-15:00,1,1,已售/已满,教学时间,多云,19,17,4,0.0,79,32
2026-05-21 10:30:41,2026-05-22,2,乒乓球厅-16号,14:00-15:00,1,1,已售/已满,教学时间,多云,19,18,3,0.0,78,31
2026-05-21 11:00:44,2026-05-22,2,乒乓球厅-16号,14:00-15:00,1,1,已售/已满,教学时间,多云,21,17,5,0.0,74,31
2026-05-21 11:30:38,2026-05-22,2,乒乓球厅-16号,14:00-15:00,1,1,已售/已满,教学时间,多云,21,19,3,0.0,72,33
2026-05-21 12:00:46,2026-05-22,2,乒乓球厅-16号,14:00-15:00,1,1,已售/已满,教学时间,多云,22,19,4,0.0,70,33
2026-05-21 12:30:42,2026-05-22,2,乒乓球厅-16号,14:00-15:00,1,1,已售/已满,教学时间,多云,22,21,3,0.0,68,35
2026-05-21 13:00:43,2026-05-22,2,乒乓球厅-16号,14:00-15:00,1,1,已售/已满,教学时间,多云,24,22,4,0.0,66,35
2026-05-21 13:30:43,2026-05-22,2,乒乓球厅-16号,14:00-15:00,1,1,已售/已满,教学时间,多云,24,22,4,0.0,66,36
2026-05-21 14:00:48,2026-05-22,2,乒乓球厅-16号,14:00-15:00,1,1,已售/已满,教学时间,多云,25,23,4,0.0,66,36
2026-05-21 14:30:45,2026-05-22,2,乒乓球厅-16号,14:00-15:00,1,1,已售/已满,教学时间,晴,25,25,3,0.0,65,39
2026-05-21 15:00:45,2026-05-22,2,乒乓球厅-16号,14:00-15:00,1,1,已售/已满,教学时间,晴,25,22,4,0.0,56,39
2026-05-21 15:30:43,2026-05-22,2,乒乓球厅-16号,14:00-15:00,1,1,已售/已满,教学时间,晴,25,23,4,0.0,57,40
2026-05-21 16:00:51,2026-05-22,2,乒乓球厅-16号,14:00-15:00,1,1,已售/已满,教学时间,晴,25,23,4,0.0,57,40
2026-05-21 16:30:48,2026-05-22,2,乒乓球厅-16号,14:00-15:00,1,1,已售/已满,教学时间,晴,25,24,3,0.0,60,39
2026-05-21 17:00:49,2026-05-22,2,乒乓球厅-16号,14:00-15:00,1,1,已售/已满,教学时间,晴,25,24,4,0.0,61,39
2026-05-21 17:30:47,2026-05-22,2,乒乓球厅-16号,14:00-15:00,1,1,已售/已满,教学时间,多云,24,23,3,0.0,64,39
2026-05-21 18:00:50,2026-05-22,2,乒乓球厅-16号,14:00-15:00,1,1,已售/已满,教学时间,多云,24,23,3,0.0,68,39
2026-05-21 18:30:50,2026-05-22,2,乒乓球厅-16号,14:00-15:00,1,1,已售/已满,教学时间,阴,24,25,2,0.0,68,40
2026-05-21 19:00:50,2026-05-22,2,乒乓球厅-16号,14:00-15:00,1,1,已售/已满,教学时间,阴,23,23,3,0.0,76,40
2026-05-21 19:30:46,2026-05-22,2,乒乓球厅-16号,14:00-15:00,1,1,已售/已满,教学时间,阴,23,24,2,0.0,77,39
2026-05-21 20:00:49,2026-05-22,2,乒乓球厅-16号,14:00-15:00,1,1,已售/已满,教学时间,雾,22,23,2,0.0,89,39
2026-05-21 20:30:44,2026-05-22,2,乒乓球厅-16号,14:00-15:00,1,1,已售/已满,教学时间,雾,22,24,2,0.0,93,43
2026-05-21 21:00:56,2026-05-22,2,乒乓球厅-16号,14:00-15:00,1,1,已售/已满,教学时间,雾,20,21,2,0.0,98,43
2026-05-21 21:30:46,2026-05-22,2,乒乓球厅-16号,14:00-15:00,1,1,已售/已满,教学时间,雾,20,22,1,0.0,99,41
2026-05-21 22:01:02,2026-05-22,2,乒乓球厅-16号,14:00-15:00,1,1,已售/已满,教学时间,雾,19,20,2,0.0,93,41
2026-05-21 22:30:47,2026-05-22,2,乒乓球厅-16号,14:00-15:00,1,1,已售/已满,教学时间,雾,19,19,3,0.0,88,46
2026-05-21 23:00:56,2026-05-22,2,乒乓球厅-16号,14:00-15:00,1,1,已售/已满,教学时间,多云,18,17,3,0.0,85,46
2026-05-21 23:30:55,2026-05-22,2,乒乓球厅-16号,14:00-15:00,1,1,已售/已满,教学时间,多云,18,17,3,0.0,85,48
2026-05-21 08:00:45,2026-05-22,2,乒乓球厅-16号,15:00-16:00,1,1,已售/已满,教学时间,晴,17,12,5,0.0,86,29
2026-05-21 08:02:30,2026-05-22,2,乒乓球厅-16号,15:00-16:00,1,1,已售/已满,教学时间,多云,17,12,5,0.0,87,29
2026-05-21 08:05:36,2026-05-22,2,乒乓球厅-16号,15:00-16:00,1,1,已售/已满,教学时间,多云,17,12,5,0.0,86,29
2026-05-21 08:08:31,2026-05-22,2,乒乓球厅-16号,15:00-16:00,1,1,已售/已满,教学时间,多云,17,12,5,0.0,86,29
2026-05-21 08:11:30,2026-05-22,2,乒乓球厅-16号,15:00-16:00,1,1,已售/已满,教学时间,多云,17,12,5,0.0,86,29
2026-05-21 08:14:31,2026-05-22,2,乒乓球厅-16号,15:00-16:00,1,1,已售/已满,教学时间,多云,17,12,5,0.0,86,29
2026-05-21 08:17:30,2026-05-22,2,乒乓球厅-16号,15:00-16:00,1,1,已售/已满,教学时间,多云,17,12,5,0.0,86,29
2026-05-21 08:20:35,2026-05-22,2,乒乓球厅-16号,15:00-16:00,1,1,已售/已满,教学时间,多云,17,14,4,0.0,85,29
2026-05-21 08:25:32,2026-05-22,2,乒乓球厅-16号,15:00-16:00,1,1,已售/已满,教学时间,多云,17,14,4,0.0,85,28
2026-05-21 08:30:42,2026-05-22,2,乒乓球厅-16号,15:00-16:00,1,1,已售/已满,教学时间,多云,18,15,4,0.0,84,28
2026-05-21 08:35:31,2026-05-22,2,乒乓球厅-16号,15:00-16:00,1,1,已售/已满,教学时间,多云,18,15,4,0.0,84,28
2026-05-21 08:40:38,2026-05-22,2,乒乓球厅-16号,15:00-16:00,1,1,已售/已满,教学时间,多云,18,15,4,0.0,82,28
2026-05-21 08:45:33,2026-05-22,2,乒乓球厅-16号,15:00-16:00,1,1,已售/已满,教学时间,多云,18,15,4,0.0,82,28
2026-05-21 08:50:36,2026-05-22,2,乒乓球厅-16号,15:00-16:00,1,1,已售/已满,教学时间,多云,18,15,4,0.0,82,28
2026-05-21 08:55:34,2026-05-22,2,乒乓球厅-16号,15:00-16:00,1,1,已售/已满,教学时间,多云,18,15,4,0.0,84,28
2026-05-21 09:00:51,2026-05-22,2,乒乓球厅-16号,15:00-16:00,1,1,已售/已满,教学时间,多云,18,15,4,0.0,84,28
2026-05-21 09:01:59,2026-05-22,2,乒乓球厅-16号,15:00-16:00,1,1,已售/已满,教学时间,多云,18,15,4,0.0,83,28
2026-05-21 09:05:33,2026-05-22,2,乒乓球厅-16号,15:00-16:00,1,1,已售/已满,教学时间,多云,18,15,4,0.0,83,28
2026-05-21 09:20:38,2026-05-22,2,乒乓球厅-16号,15:00-16:00,1,1,已售/已满,教学时间,多云,18,16,3,0.0,81,28
2026-05-21 09:30:46,2026-05-22,2,乒乓球厅-16号,15:00-16:00,1,1,已售/已满,教学时间,多云,18,16,3,0.0,81,32
2026-05-21 09:40:36,2026-05-22,2,乒乓球厅-16号,15:00-16:00,1,1,已售/已满,教学时间,多云,19,17,3,0.0,79,32
2026-05-21 09:50:42,2026-05-22,2,乒乓球厅-16号,15:00-16:00,1,1,已售/已满,教学时间,多云,19,17,4,0.0,81,32
2026-05-21 10:00:46,2026-05-22,2,乒乓球厅-16号,15:00-16:00,1,1,已售/已满,教学时间,多云,19,17,4,0.0,79,32
2026-05-21 10:10:40,2026-05-22,2,乒乓球厅-16号,15:00-16:00,1,1,已售/已满,教学时间,多云,19,17,4,0.0,79,32
2026-05-21 10:20:38,2026-05-22,2,乒乓球厅-16号,15:00-16:00,1,1,已售/已满,教学时间,多云,19,17,4,0.0,79,32
2026-05-21 10:30:41,2026-05-22,2,乒乓球厅-16号,15:00-16:00,1,1,已售/已满,教学时间,多云,19,18,3,0.0,78,31
2026-05-21 11:00:44,2026-05-22,2,乒乓球厅-16号,15:00-16:00,1,1,已售/已满,教学时间,多云,21,17,5,0.0,74,31
2026-05-21 11:30:38,2026-05-22,2,乒乓球厅-16号,15:00-16:00,1,1,已售/已满,教学时间,多云,21,19,3,0.0,72,33
2026-05-21 12:00:46,2026-05-22,2,乒乓球厅-16号,15:00-16:00,1,1,已售/已满,教学时间,多云,22,19,4,0.0,70,33
2026-05-21 12:30:42,2026-05-22,2,乒乓球厅-16号,15:00-16:00,1,1,已售/已满,教学时间,多云,22,21,3,0.0,68,35
2026-05-21 13:00:43,2026-05-22,2,乒乓球厅-16号,15:00-16:00,1,1,已售/已满,教学时间,多云,24,22,4,0.0,66,35
2026-05-21 13:30:43,2026-05-22,2,乒乓球厅-16号,15:00-16:00,1,1,已售/已满,教学时间,多云,24,22,4,0.0,66,36
2026-05-21 14:00:48,2026-05-22,2,乒乓球厅-16号,15:00-16:00,1,1,已售/已满,教学时间,多云,25,23,4,0.0,66,36
2026-05-21 14:30:45,2026-05-22,2,乒乓球厅-16号,15:00-16:00,1,1,已售/已满,教学时间,晴,25,25,3,0.0,65,39
2026-05-21 15:00:45,2026-05-22,2,乒乓球厅-16号,15:00-16:00,1,1,已售/已满,教学时间,晴,25,22,4,0.0,56,39
2026-05-21 15:30:43,2026-05-22,2,乒乓球厅-16号,15:00-16:00,1,1,已售/已满,教学时间,晴,25,23,4,0.0,57,40
2026-05-21 16:00:51,2026-05-22,2,乒乓球厅-16号,15:00-16:00,1,1,已售/已满,教学时间,晴,25,23,4,0.0,57,40
2026-05-21 16:30:48,2026-05-22,2,乒乓球厅-16号,15:00-16:00,1,1,已售/已满,教学时间,晴,25,24,3,0.0,60,39
2026-05-21 17:00:49,2026-05-22,2,乒乓球厅-16号,15:00-16:00,1,1,已售/已满,教学时间,晴,25,24,4,0.0,61,39
2026-05-21 17:30:47,2026-05-22,2,乒乓球厅-16号,15:00-16:00,1,1,已售/已满,教学时间,多云,24,23,3,0.0,64,39
2026-05-21 18:00:50,2026-05-22,2,乒乓球厅-16号,15:00-16:00,1,1,已售/已满,教学时间,多云,24,23,3,0.0,68,39
2026-05-21 18:30:50,2026-05-22,2,乒乓球厅-16号,15:00-16:00,1,1,已售/已满,教学时间,阴,24,25,2,0.0,68,40
2026-05-21 19:00:50,2026-05-22,2,乒乓球厅-16号,15:00-16:00,1,1,已售/已满,教学时间,阴,23,23,3,0.0,76,40
2026-05-21 19:30:46,2026-05-22,2,乒乓球厅-16号,15:00-16:00,1,1,已售/已满,教学时间,阴,23,24,2,0.0,77,39
2026-05-21 20:00:49,2026-05-22,2,乒乓球厅-16号,15:00-16:00,1,1,已售/已满,教学时间,雾,22,23,2,0.0,89,39
2026-05-21 20:30:44,2026-05-22,2,乒乓球厅-16号,15:00-16:00,1,1,已售/已满,教学时间,雾,22,24,2,0.0,93,43
2026-05-21 21:00:56,2026-05-22,2,乒乓球厅-16号,15:00-16:00,1,1,已售/已满,教学时间,雾,20,21,2,0.0,98,43
2026-05-21 21:30:46,2026-05-22,2,乒乓球厅-16号,15:00-16:00,1,1,已售/已满,教学时间,雾,20,22,1,0.0,99,41
2026-05-21 22:01:02,2026-05-22,2,乒乓球厅-16号,15:00-16:00,1,1,已售/已满,教学时间,雾,19,20,2,0.0,93,41
2026-05-21 22:30:47,2026-05-22,2,乒乓球厅-16号,15:00-16:00,1,1,已售/已满,教学时间,雾,19,19,3,0.0,88,46
2026-05-21 23:00:56,2026-05-22,2,乒乓球厅-16号,15:00-16:00,1,1,已售/已满,教学时间,多云,18,17,3,0.0,85,46
2026-05-21 23:30:55,2026-05-22,2,乒乓球厅-16号,15:00-16:00,1,1,已售/已满,教学时间,多云,18,17,3,0.0,85,48
2026-05-21 08:00:45,2026-05-22,2,乒乓球厅-16号,16:00-17:00,0,1,可预约,￥5.0,晴,17,12,5,0.0,86,29
2026-05-21 08:02:30,2026-05-22,2,乒乓球厅-16号,16:00-17:00,0,1,可预约,￥5.0,多云,17,12,5,0.0,87,29
2026-05-21 08:05:36,2026-05-22,2,乒乓球厅-16号,16:00-17:00,0,1,可预约,￥5.0,多云,17,12,5,0.0,86,29
2026-05-21 08:08:31,2026-05-22,2,乒乓球厅-16号,16:00-17:00,0,1,可预约,￥5.0,多云,17,12,5,0.0,86,29
2026-05-21 08:11:30,2026-05-22,2,乒乓球厅-16号,16:00-17:00,0,1,可预约,￥5.0,多云,17,12,5,0.0,86,29
2026-05-21 08:14:31,2026-05-22,2,乒乓球厅-16号,16:00-17:00,0,1,可预约,￥5.0,多云,17,12,5,0.0,86,29
2026-05-21 08:17:30,2026-05-22,2,乒乓球厅-16号,16:00-17:00,0,1,可预约,￥5.0,多云,17,12,5,0.0,86,29
2026-05-21 08:20:35,2026-05-22,2,乒乓球厅-16号,16:00-17:00,0,1,可预约,￥5.0,多云,17,14,4,0.0,85,29
2026-05-21 08:25:32,2026-05-22,2,乒乓球厅-16号,16:00-17:00,0,1,可预约,￥5.0,多云,17,14,4,0.0,85,28
2026-05-21 08:30:42,2026-05-22,2,乒乓球厅-16号,16:00-17:00,0,1,可预约,￥5.0,多云,18,15,4,0.0,84,28
2026-05-21 08:35:31,2026-05-22,2,乒乓球厅-16号,16:00-17:00,0,1,可预约,￥5.0,多云,18,15,4,0.0,84,28
2026-05-21 08:40:38,2026-05-22,2,乒乓球厅-16号,16:00-17:00,0,1,可预约,￥5.0,多云,18,15,4,0.0,82,28
2026-05-21 08:45:33,2026-05-22,2,乒乓球厅-16号,16:00-17:00,0,1,可预约,￥5.0,多云,18,15,4,0.0,82,28
2026-05-21 08:50:36,2026-05-22,2,乒乓球厅-16号,16:00-17:00,0,1,可预约,￥5.0,多云,18,15,4,0.0,82,28
2026-05-21 08:55:34,2026-05-22,2,乒乓球厅-16号,16:00-17:00,0,1,可预约,￥5.0,多云,18,15,4,0.0,84,28
2026-05-21 09:00:51,2026-05-22,2,乒乓球厅-16号,16:00-17:00,0,1,可预约,￥5.0,多云,18,15,4,0.0,84,28
2026-05-21 09:01:59,2026-05-22,2,乒乓球厅-16号,16:00-17:00,0,1,可预约,￥5.0,多云,18,15,4,0.0,83,28
2026-05-21 09:05:33,2026-05-22,2,乒乓球厅-16号,16:00-17:00,0,1,可预约,￥5.0,多云,18,15,4,0.0,83,28
2026-05-21 09:20:38,2026-05-22,2,乒乓球厅-16号,16:00-17:00,0,1,可预约,￥5.0,多云,18,16,3,0.0,81,28
2026-05-21 09:30:46,2026-05-22,2,乒乓球厅-16号,16:00-17:00,0,1,可预约,￥5.0,多云,18,16,3,0.0,81,32
2026-05-21 09:40:36,2026-05-22,2,乒乓球厅-16号,16:00-17:00,0,1,可预约,￥5.0,多云,19,17,3,0.0,79,32
2026-05-21 09:50:42,2026-05-22,2,乒乓球厅-16号,16:00-17:00,0,1,可预约,￥5.0,多云,19,17,4,0.0,81,32
2026-05-21 10:00:46,2026-05-22,2,乒乓球厅-16号,16:00-17:00,0,1,可预约,￥5.0,多云,19,17,4,0.0,79,32
2026-05-21 10:10:40,2026-05-22,2,乒乓球厅-16号,16:00-17:00,0,1,可预约,￥5.0,多云,19,17,4,0.0,79,32
2026-05-21 10:20:38,2026-05-22,2,乒乓球厅-16号,16:00-17:00,0,1,可预约,￥5.0,多云,19,17,4,0.0,79,32
2026-05-21 10:30:41,2026-05-22,2,乒乓球厅-16号,16:00-17:00,0,1,可预约,￥5.0,多云,19,18,3,0.0,78,31
2026-05-21 11:00:44,2026-05-22,2,乒乓球厅-16号,16:00-17:00,0,1,可预约,￥5.0,多云,21,17,5,0.0,74,31
2026-05-21 11:30:38,2026-05-22,2,乒乓球厅-16号,16:00-17:00,0,1,可预约,￥5.0,多云,21,19,3,0.0,72,33
2026-05-21 12:00:46,2026-05-22,2,乒乓球厅-16号,16:00-17:00,0,1,可预约,￥5.0,多云,22,19,4,0.0,70,33
2026-05-21 12:30:42,2026-05-22,2,乒乓球厅-16号,16:00-17:00,0,1,可预约,￥5.0,多云,22,21,3,0.0,68,35
2026-05-21 13:00:43,2026-05-22,2,乒乓球厅-16号,16:00-17:00,0,1,可预约,￥5.0,多云,24,22,4,0.0,66,35
2026-05-21 13:30:43,2026-05-22,2,乒乓球厅-16号,16:00-17:00,0,1,可预约,￥5.0,多云,24,22,4,0.0,66,36
2026-05-21 14:00:48,2026-05-22,2,乒乓球厅-16号,16:00-17:00,0,1,可预约,￥5.0,多云,25,23,4,0.0,66,36
2026-05-21 14:30:45,2026-05-22,2,乒乓球厅-16号,16:00-17:00,0,1,可预约,￥5.0,晴,25,25,3,0.0,65,39
2026-05-21 15:00:45,2026-05-22,2,乒乓球厅-16号,16:00-17:00,0,1,可预约,￥5.0,晴,25,22,4,0.0,56,39
2026-05-21 15:30:43,2026-05-22,2,乒乓球厅-16号,16:00-17:00,0,1,可预约,￥5.0,晴,25,23,4,0.0,57,40
2026-05-21 16:00:51,2026-05-22,2,乒乓球厅-16号,16:00-17:00,0,1,可预约,￥5.0,晴,25,23,4,0.0,57,40
2026-05-21 16:30:48,2026-05-22,2,乒乓球厅-16号,16:00-17:00,0,1,可预约,￥5.0,晴,25,24,3,0.0,60,39
2026-05-21 17:00:49,2026-05-22,2,乒乓球厅-16号,16:00-17:00,0,1,可预约,￥5.0,晴,25,24,4,0.0,61,39
2026-05-21 17:30:47,2026-05-22,2,乒乓球厅-16号,16:00-17:00,0,1,可预约,￥5.0,多云,24,23,3,0.0,64,39
2026-05-21 18:00:50,2026-05-22,2,乒乓球厅-16号,16:00-17:00,0,1,可预约,￥5.0,多云,24,23,3,0.0,68,39
2026-05-21 18:30:50,2026-05-22,2,乒乓球厅-16号,16:00-17:00,0,1,可预约,￥5.0,阴,24,25,2,0.0,68,40
2026-05-21 19:00:50,2026-05-22,2,乒乓球厅-16号,16:00-17:00,0,1,可预约,￥5.0,阴,23,23,3,0.0,76,40
2026-05-21 19:30:46,2026-05-22,2,乒乓球厅-16号,16:00-17:00,0,1,可预约,￥5.0,阴,23,24,2,0.0,77,39
2026-05-21 20:00:49,2026-05-22,2,乒乓球厅-16号,16:00-17:00,0,1,可预约,￥5.0,雾,22,23,2,0.0,89,39
2026-05-21 20:30:44,2026-05-22,2,乒乓球厅-16号,16:00-17:00,0,1,可预约,￥5.0,雾,22,24,2,0.0,93,43
2026-05-21 21:00:56,2026-05-22,2,乒乓球厅-16号,16:00-17:00,0,1,可预约,￥5.0,雾,20,21,2,0.0,98,43
2026-05-21 21:30:46,2026-05-22,2,乒乓球厅-16号,16:00-17:00,0,1,可预约,￥5.0,雾,20,22,1,0.0,99,41
2026-05-21 22:01:02,2026-05-22,2,乒乓球厅-16号,16:00-17:00,0,1,可预约,￥5.0,雾,19,20,2,0.0,93,41
2026-05-21 22:30:47,2026-05-22,2,乒乓球厅-16号,16:00-17:00,0,1,可预约,￥5.0,雾,19,19,3,0.0,88,46
2026-05-21 23:00:56,2026-05-22,2,乒乓球厅-16号,16:00-17:00,0,1,可预约,￥5.0,多云,18,17,3,0.0,85,46
2026-05-21 23:30:55,2026-05-22,2,乒乓球厅-16号,16:00-17:00,0,1,可预约,￥5.0,多云,18,17,3,0.0,85,48
2026-05-21 08:00:45,2026-05-22,2,乒乓球厅-16号,17:00-18:00,0,1,可预约,￥5.0,晴,17,12,5,0.0,86,29
2026-05-21 08:02:30,2026-05-22,2,乒乓球厅-16号,17:00-18:00,0,1,可预约,￥5.0,多云,17,12,5,0.0,87,29
2026-05-21 08:05:36,2026-05-22,2,乒乓球厅-16号,17:00-18:00,0,1,可预约,￥5.0,多云,17,12,5,0.0,86,29
2026-05-21 08:08:31,2026-05-22,2,乒乓球厅-16号,17:00-18:00,0,1,可预约,￥5.0,多云,17,12,5,0.0,86,29
2026-05-21 08:11:30,2026-05-22,2,乒乓球厅-16号,17:00-18:00,0,1,可预约,￥5.0,多云,17,12,5,0.0,86,29
2026-05-21 08:14:31,2026-05-22,2,乒乓球厅-16号,17:00-18:00,0,1,可预约,￥5.0,多云,17,12,5,0.0,86,29
2026-05-21 08:17:30,2026-05-22,2,乒乓球厅-16号,17:00-18:00,0,1,可预约,￥5.0,多云,17,12,5,0.0,86,29
2026-05-21 08:20:35,2026-05-22,2,乒乓球厅-16号,17:00-18:00,0,1,可预约,￥5.0,多云,17,14,4,0.0,85,29
2026-05-21 08:25:32,2026-05-22,2,乒乓球厅-16号,17:00-18:00,0,1,可预约,￥5.0,多云,17,14,4,0.0,85,28
2026-05-21 08:30:42,2026-05-22,2,乒乓球厅-16号,17:00-18:00,0,1,可预约,￥5.0,多云,18,15,4,0.0,84,28
2026-05-21 08:35:31,2026-05-22,2,乒乓球厅-16号,17:00-18:00,0,1,可预约,￥5.0,多云,18,15,4,0.0,84,28
2026-05-21 08:40:38,2026-05-22,2,乒乓球厅-16号,17:00-18:00,0,1,可预约,￥5.0,多云,18,15,4,0.0,82,28
2026-05-21 08:45:33,2026-05-22,2,乒乓球厅-16号,17:00-18:00,0,1,可预约,￥5.0,多云,18,15,4,0.0,82,28
2026-05-21 08:50:36,2026-05-22,2,乒乓球厅-16号,17:00-18:00,0,1,可预约,￥5.0,多云,18,15,4,0.0,82,28
2026-05-21 08:55:34,2026-05-22,2,乒乓球厅-16号,17:00-18:00,0,1,可预约,￥5.0,多云,18,15,4,0.0,84,28
2026-05-21 09:00:51,2026-05-22,2,乒乓球厅-16号,17:00-18:00,0,1,可预约,￥5.0,多云,18,15,4,0.0,84,28
2026-05-21 09:01:59,2026-05-22,2,乒乓球厅-16号,17:00-18:00,0,1,可预约,￥5.0,多云,18,15,4,0.0,83,28
2026-05-21 09:05:33,2026-05-22,2,乒乓球厅-16号,17:00-18:00,0,1,可预约,￥5.0,多云,18,15,4,0.0,83,28
2026-05-21 09:20:38,2026-05-22,2,乒乓球厅-16号,17:00-18:00,0,1,可预约,￥5.0,多云,18,16,3,0.0,81,28
2026-05-21 09:30:46,2026-05-22,2,乒乓球厅-16号,17:00-18:00,0,1,可预约,￥5.0,多云,18,16,3,0.0,81,32
2026-05-21 09:40:36,2026-05-22,2,乒乓球厅-16号,17:00-18:00,0,1,可预约,￥5.0,多云,19,17,3,0.0,79,32
2026-05-21 09:50:42,2026-05-22,2,乒乓球厅-16号,17:00-18:00,0,1,可预约,￥5.0,多云,19,17,4,0.0,81,32
2026-05-21 10:00:46,2026-05-22,2,乒乓球厅-16号,17:00-18:00,0,1,可预约,￥5.0,多云,19,17,4,0.0,79,32
2026-05-21 10:10:40,2026-05-22,2,乒乓球厅-16号,17:00-18:00,0,1,可预约,￥5.0,多云,19,17,4,0.0,79,32
2026-05-21 10:20:38,2026-05-22,2,乒乓球厅-16号,17:00-18:00,0,1,可预约,￥5.0,多云,19,17,4,0.0,79,32
2026-05-21 10:30:41,2026-05-22,2,乒乓球厅-16号,17:00-18:00,0,1,可预约,￥5.0,多云,19,18,3,0.0,78,31
2026-05-21 11:00:44,2026-05-22,2,乒乓球厅-16号,17:00-18:00,0,1,可预约,￥5.0,多云,21,17,5,0.0,74,31
2026-05-21 11:30:38,2026-05-22,2,乒乓球厅-16号,17:00-18:00,0,1,可预约,￥5.0,多云,21,19,3,0.0,72,33
2026-05-21 12:00:46,2026-05-22,2,乒乓球厅-16号,17:00-18:00,0,1,可预约,￥5.0,多云,22,19,4,0.0,70,33
2026-05-21 12:30:42,2026-05-22,2,乒乓球厅-16号,17:00-18:00,0,1,可预约,￥5.0,多云,22,21,3,0.0,68,35
2026-05-21 13:00:43,2026-05-22,2,乒乓球厅-16号,17:00-18:00,0,1,可预约,￥5.0,多云,24,22,4,0.0,66,35
2026-05-21 13:30:43,2026-05-22,2,乒乓球厅-16号,17:00-18:00,0,1,可预约,￥5.0,多云,24,22,4,0.0,66,36
2026-05-21 14:00:48,2026-05-22,2,乒乓球厅-16号,17:00-18:00,0,1,可预约,￥5.0,多云,25,23,4,0.0,66,36
2026-05-21 14:30:45,2026-05-22,2,乒乓球厅-16号,17:00-18:00,0,1,可预约,￥5.0,晴,25,25,3,0.0,65,39
2026-05-21 15:00:45,2026-05-22,2,乒乓球厅-16号,17:00-18:00,0,1,可预约,￥5.0,晴,25,22,4,0.0,56,39
2026-05-21 15:30:43,2026-05-22,2,乒乓球厅-16号,17:00-18:00,0,1,可预约,￥5.0,晴,25,23,4,0.0,57,40
2026-05-21 16:00:51,2026-05-22,2,乒乓球厅-16号,17:00-18:00,0,1,可预约,￥5.0,晴,25,23,4,0.0,57,40
2026-05-21 16:30:48,2026-05-22,2,乒乓球厅-16号,17:00-18:00,0,1,可预约,￥5.0,晴,25,24,3,0.0,60,39
2026-05-21 17:00:49,2026-05-22,2,乒乓球厅-16号,17:00-18:00,0,1,可预约,￥5.0,晴,25,24,4,0.0,61,39
2026-05-21 17:30:47,2026-05-22,2,乒乓球厅-16号,17:00-18:00,0,1,可预约,￥5.0,多云,24,23,3,0.0,64,39
2026-05-21 18:00:50,2026-05-22,2,乒乓球厅-16号,17:00-18:00,0,1,可预约,￥5.0,多云,24,23,3,0.0,68,39
2026-05-21 18:30:50,2026-05-22,2,乒乓球厅-16号,17:00-18:00,0,1,可预约,￥5.0,阴,24,25,2,0.0,68,40
2026-05-21 19:00:50,2026-05-22,2,乒乓球厅-16号,17:00-18:00,0,1,可预约,￥5.0,阴,23,23,3,0.0,76,40
2026-05-21 19:30:46,2026-05-22,2,乒乓球厅-16号,17:00-18:00,0,1,可预约,￥5.0,阴,23,24,2,0.0,77,39
2026-05-21 20:00:49,2026-05-22,2,乒乓球厅-16号,17:00-18:00,0,1,可预约,￥5.0,雾,22,23,2,0.0,89,39
2026-05-21 20:30:44,2026-05-22,2,乒乓球厅-16号,17:00-18:00,0,1,可预约,￥5.0,雾,22,24,2,0.0,93,43
2026-05-21 21:00:56,2026-05-22,2,乒乓球厅-16号,17:00-18:00,0,1,可预约,￥5.0,雾,20,21,2,0.0,98,43
2026-05-21 21:30:46,2026-05-22,2,乒乓球厅-16号,17:00-18:00,0,1,可预约,￥5.0,雾,20,22,1,0.0,99,41
2026-05-21 22:01:02,2026-05-22,2,乒乓球厅-16号,17:00-18:00,0,1,可预约,￥5.0,雾,19,20,2,0.0,93,41
2026-05-21 22:30:47,2026-05-22,2,乒乓球厅-16号,17:00-18:00,0,1,可预约,￥5.0,雾,19,19,3,0.0,88,46
2026-05-21 23:00:56,2026-05-22,2,乒乓球厅-16号,17:00-18:00,0,1,可预约,￥5.0,多云,18,17,3,0.0,85,46
2026-05-21 23:30:55,2026-05-22,2,乒乓球厅-16号,17:00-18:00,0,1,可预约,￥5.0,多云,18,17,3,0.0,85,48
2026-05-21 08:00:45,2026-05-22,2,乒乓球厅-16号,18:30-19:30,0,1,可预约,￥5.0,晴,17,12,5,0.0,86,29
2026-05-21 08:02:30,2026-05-22,2,乒乓球厅-16号,18:30-19:30,0,1,可预约,￥5.0,多云,17,12,5,0.0,87,29
2026-05-21 08:05:36,2026-05-22,2,乒乓球厅-16号,18:30-19:30,0,1,可预约,￥5.0,多云,17,12,5,0.0,86,29
2026-05-21 08:08:31,2026-05-22,2,乒乓球厅-16号,18:30-19:30,0,1,可预约,￥5.0,多云,17,12,5,0.0,86,29
2026-05-21 08:11:30,2026-05-22,2,乒乓球厅-16号,18:30-19:30,0,1,可预约,￥5.0,多云,17,12,5,0.0,86,29
2026-05-21 08:14:31,2026-05-22,2,乒乓球厅-16号,18:30-19:30,0,1,可预约,￥5.0,多云,17,12,5,0.0,86,29
2026-05-21 08:17:30,2026-05-22,2,乒乓球厅-16号,18:30-19:30,0,1,可预约,￥5.0,多云,17,12,5,0.0,86,29
2026-05-21 08:20:35,2026-05-22,2,乒乓球厅-16号,18:30-19:30,0,1,可预约,￥5.0,多云,17,14,4,0.0,85,29
2026-05-21 08:25:32,2026-05-22,2,乒乓球厅-16号,18:30-19:30,0,1,可预约,￥5.0,多云,17,14,4,0.0,85,28
2026-05-21 08:30:42,2026-05-22,2,乒乓球厅-16号,18:30-19:30,0,1,可预约,￥5.0,多云,18,15,4,0.0,84,28
2026-05-21 08:35:31,2026-05-22,2,乒乓球厅-16号,18:30-19:30,0,1,可预约,￥5.0,多云,18,15,4,0.0,84,28
2026-05-21 08:40:38,2026-05-22,2,乒乓球厅-16号,18:30-19:30,0,1,可预约,￥5.0,多云,18,15,4,0.0,82,28
2026-05-21 08:45:33,2026-05-22,2,乒乓球厅-16号,18:30-19:30,0,1,可预约,￥5.0,多云,18,15,4,0.0,82,28
2026-05-21 08:50:36,2026-05-22,2,乒乓球厅-16号,18:30-19:30,0,1,可预约,￥5.0,多云,18,15,4,0.0,82,28
2026-05-21 08:55:34,2026-05-22,2,乒乓球厅-16号,18:30-19:30,0,1,可预约,￥5.0,多云,18,15,4,0.0,84,28
2026-05-21 09:00:51,2026-05-22,2,乒乓球厅-16号,18:30-19:30,0,1,可预约,￥5.0,多云,18,15,4,0.0,84,28
2026-05-21 09:01:59,2026-05-22,2,乒乓球厅-16号,18:30-19:30,0,1,可预约,￥5.0,多云,18,15,4,0.0,83,28
2026-05-21 09:05:33,2026-05-22,2,乒乓球厅-16号,18:30-19:30,0,1,可预约,￥5.0,多云,18,15,4,0.0,83,28
2026-05-21 09:20:38,2026-05-22,2,乒乓球厅-16号,18:30-19:30,0,1,可预约,￥5.0,多云,18,16,3,0.0,81,28
2026-05-21 09:30:46,2026-05-22,2,乒乓球厅-16号,18:30-19:30,0,1,可预约,￥5.0,多云,18,16,3,0.0,81,32
2026-05-21 09:40:36,2026-05-22,2,乒乓球厅-16号,18:30-19:30,0,1,可预约,￥5.0,多云,19,17,3,0.0,79,32
2026-05-21 09:50:42,2026-05-22,2,乒乓球厅-16号,18:30-19:30,0,1,可预约,￥5.0,多云,19,17,4,0.0,81,32
2026-05-21 10:00:46,2026-05-22,2,乒乓球厅-16号,18:30-19:30,0,1,可预约,￥5.0,多云,19,17,4,0.0,79,32
2026-05-21 10:10:40,2026-05-22,2,乒乓球厅-16号,18:30-19:30,0,1,可预约,￥5.0,多云,19,17,4,0.0,79,32
2026-05-21 10:20:38,2026-05-22,2,乒乓球厅-16号,18:30-19:30,0,1,可预约,￥5.0,多云,19,17,4,0.0,79,32
2026-05-21 10:30:41,2026-05-22,2,乒乓球厅-16号,18:30-19:30,0,1,可预约,￥5.0,多云,19,18,3,0.0,78,31
2026-05-21 11:00:44,2026-05-22,2,乒乓球厅-16号,18:30-19:30,0,1,可预约,￥5.0,多云,21,17,5,0.0,74,31
2026-05-21 11:30:38,2026-05-22,2,乒乓球厅-16号,18:30-19:30,0,1,可预约,￥5.0,多云,21,19,3,0.0,72,33
2026-05-21 12:00:46,2026-05-22,2,乒乓球厅-16号,18:30-19:30,0,1,可预约,￥5.0,多云,22,19,4,0.0,70,33
2026-05-21 12:30:42,2026-05-22,2,乒乓球厅-16号,18:30-19:30,0,1,可预约,￥5.0,多云,22,21,3,0.0,68,35
2026-05-21 13:00:43,2026-05-22,2,乒乓球厅-16号,18:30-19:30,0,1,可预约,￥5.0,多云,24,22,4,0.0,66,35
2026-05-21 13:30:43,2026-05-22,2,乒乓球厅-16号,18:30-19:30,0,1,可预约,￥5.0,多云,24,22,4,0.0,66,36
2026-05-21 14:00:48,2026-05-22,2,乒乓球厅-16号,18:30-19:30,0,1,可预约,￥5.0,多云,25,23,4,0.0,66,36
2026-05-21 14:30:45,2026-05-22,2,乒乓球厅-16号,18:30-19:30,0,1,可预约,￥5.0,晴,25,25,3,0.0,65,39
2026-05-21 15:00:45,2026-05-22,2,乒乓球厅-16号,18:30-19:30,0,1,可预约,￥5.0,晴,25,22,4,0.0,56,39
2026-05-21 15:30:43,2026-05-22,2,乒乓球厅-16号,18:30-19:30,0,1,可预约,￥5.0,晴,25,23,4,0.0,57,40
2026-05-21 16:00:51,2026-05-22,2,乒乓球厅-16号,18:30-19:30,0,1,可预约,￥5.0,晴,25,23,4,0.0,57,40
2026-05-21 16:30:48,2026-05-22,2,乒乓球厅-16号,18:30-19:30,0,1,可预约,￥5.0,晴,25,24,3,0.0,60,39
2026-05-21 17:00:49,2026-05-22,2,乒乓球厅-16号,18:30-19:30,0,1,可预约,￥5.0,晴,25,24,4,0.0,61,39
2026-05-21 17:30:47,2026-05-22,2,乒乓球厅-16号,18:30-19:30,0,1,可预约,￥5.0,多云,24,23,3,0.0,64,39
2026-05-21 18:00:50,2026-05-22,2,乒乓球厅-16号,18:30-19:30,0,1,可预约,￥5.0,多云,24,23,3,0.0,68,39
2026-05-21 18:30:50,2026-05-22,2,乒乓球厅-16号,18:30-19:30,0,1,可预约,￥5.0,阴,24,25,2,0.0,68,40
2026-05-21 19:00:50,2026-05-22,2,乒乓球厅-16号,18:30-19:30,0,1,可预约,￥5.0,阴,23,23,3,0.0,76,40
2026-05-21 19:30:46,2026-05-22,2,乒乓球厅-16号,18:30-19:30,0,1,可预约,￥5.0,阴,23,24,2,0.0,77,39
2026-05-21 20:00:49,2026-05-22,2,乒乓球厅-16号,18:30-19:30,0,1,可预约,￥5.0,雾,22,23,2,0.0,89,39
2026-05-21 20:30:44,2026-05-22,2,乒乓球厅-16号,18:30-19:30,0,1,可预约,￥5.0,雾,22,24,2,0.0,93,43
2026-05-21 21:00:56,2026-05-22,2,乒乓球厅-16号,18:30-19:30,0,1,可预约,￥5.0,雾,20,21,2,0.0,98,43
2026-05-21 21:30:46,2026-05-22,2,乒乓球厅-16号,18:30-19:30,0,1,可预约,￥5.0,雾,20,22,1,0.0,99,41
2026-05-21 22:01:02,2026-05-22,2,乒乓球厅-16号,18:30-19:30,0,1,可预约,￥5.0,雾,19,20,2,0.0,93,41
2026-05-21 22:30:47,2026-05-22,2,乒乓球厅-16号,18:30-19:30,0,1,可预约,￥5.0,雾,19,19,3,0.0,88,46
2026-05-21 23:00:56,2026-05-22,2,乒乓球厅-16号,18:30-19:30,0,1,可预约,￥5.0,多云,18,17,3,0.0,85,46
2026-05-21 23:30:55,2026-05-22,2,乒乓球厅-16号,18:30-19:30,0,1,可预约,￥5.0,多云,18,17,3,0.0,85,48
2026-05-21 08:00:45,2026-05-22,2,乒乓球厅-16号,19:30-20:30,0,1,可预约,￥5.0,晴,17,12,5,0.0,86,29
2026-05-21 08:02:30,2026-05-22,2,乒乓球厅-16号,19:30-20:30,0,1,可预约,￥5.0,多云,17,12,5,0.0,87,29
2026-05-21 08:05:36,2026-05-22,2,乒乓球厅-16号,19:30-20:30,0,1,可预约,￥5.0,多云,17,12,5,0.0,86,29
2026-05-21 08:08:31,2026-05-22,2,乒乓球厅-16号,19:30-20:30,0,1,可预约,￥5.0,多云,17,12,5,0.0,86,29
2026-05-21 08:11:30,2026-05-22,2,乒乓球厅-16号,19:30-20:30,0,1,可预约,￥5.0,多云,17,12,5,0.0,86,29
2026-05-21 08:14:31,2026-05-22,2,乒乓球厅-16号,19:30-20:30,0,1,可预约,￥5.0,多云,17,12,5,0.0,86,29
2026-05-21 08:17:30,2026-05-22,2,乒乓球厅-16号,19:30-20:30,0,1,可预约,￥5.0,多云,17,12,5,0.0,86,29
2026-05-21 08:20:35,2026-05-22,2,乒乓球厅-16号,19:30-20:30,0,1,可预约,￥5.0,多云,17,14,4,0.0,85,29
2026-05-21 08:25:32,2026-05-22,2,乒乓球厅-16号,19:30-20:30,0,1,可预约,￥5.0,多云,17,14,4,0.0,85,28
2026-05-21 08:30:42,2026-05-22,2,乒乓球厅-16号,19:30-20:30,0,1,可预约,￥5.0,多云,18,15,4,0.0,84,28
2026-05-21 08:35:31,2026-05-22,2,乒乓球厅-16号,19:30-20:30,0,1,可预约,￥5.0,多云,18,15,4,0.0,84,28
2026-05-21 08:40:38,2026-05-22,2,乒乓球厅-16号,19:30-20:30,0,1,可预约,￥5.0,多云,18,15,4,0.0,82,28
2026-05-21 08:45:33,2026-05-22,2,乒乓球厅-16号,19:30-20:30,0,1,可预约,￥5.0,多云,18,15,4,0.0,82,28
2026-05-21 08:50:36,2026-05-22,2,乒乓球厅-16号,19:30-20:30,0,1,可预约,￥5.0,多云,18,15,4,0.0,82,28
2026-05-21 08:55:34,2026-05-22,2,乒乓球厅-16号,19:30-20:30,0,1,可预约,￥5.0,多云,18,15,4,0.0,84,28
2026-05-21 09:00:51,2026-05-22,2,乒乓球厅-16号,19:30-20:30,0,1,可预约,￥5.0,多云,18,15,4,0.0,84,28
2026-05-21 09:01:59,2026-05-22,2,乒乓球厅-16号,19:30-20:30,0,1,可预约,￥5.0,多云,18,15,4,0.0,83,28
2026-05-21 09:05:33,2026-05-22,2,乒乓球厅-16号,19:30-20:30,0,1,可预约,￥5.0,多云,18,15,4,0.0,83,28
2026-05-21 09:20:38,2026-05-22,2,乒乓球厅-16号,19:30-20:30,0,1,可预约,￥5.0,多云,18,16,3,0.0,81,28
2026-05-21 09:30:46,2026-05-22,2,乒乓球厅-16号,19:30-20:30,0,1,可预约,￥5.0,多云,18,16,3,0.0,81,32
2026-05-21 09:40:36,2026-05-22,2,乒乓球厅-16号,19:30-20:30,0,1,可预约,￥5.0,多云,19,17,3,0.0,79,32
2026-05-21 09:50:42,2026-05-22,2,乒乓球厅-16号,19:30-20:30,0,1,可预约,￥5.0,多云,19,17,4,0.0,81,32
2026-05-21 10:00:46,2026-05-22,2,乒乓球厅-16号,19:30-20:30,0,1,可预约,￥5.0,多云,19,17,4,0.0,79,32
2026-05-21 10:10:40,2026-05-22,2,乒乓球厅-16号,19:30-20:30,0,1,可预约,￥5.0,多云,19,17,4,0.0,79,32
2026-05-21 10:20:38,2026-05-22,2,乒乓球厅-16号,19:30-20:30,0,1,可预约,￥5.0,多云,19,17,4,0.0,79,32
2026-05-21 10:30:41,2026-05-22,2,乒乓球厅-16号,19:30-20:30,0,1,可预约,￥5.0,多云,19,18,3,0.0,78,31
2026-05-21 11:00:44,2026-05-22,2,乒乓球厅-16号,19:30-20:30,0,1,可预约,￥5.0,多云,21,17,5,0.0,74,31
2026-05-21 11:30:38,2026-05-22,2,乒乓球厅-16号,19:30-20:30,0,1,可预约,￥5.0,多云,21,19,3,0.0,72,33
2026-05-21 12:00:46,2026-05-22,2,乒乓球厅-16号,19:30-20:30,0,1,可预约,￥5.0,多云,22,19,4,0.0,70,33
2026-05-21 12:30:42,2026-05-22,2,乒乓球厅-16号,19:30-20:30,0,1,可预约,￥5.0,多云,22,21,3,0.0,68,35
2026-05-21 13:00:43,2026-05-22,2,乒乓球厅-16号,19:30-20:30,0,1,可预约,￥5.0,多云,24,22,4,0.0,66,35
2026-05-21 13:30:43,2026-05-22,2,乒乓球厅-16号,19:30-20:30,0,1,可预约,￥5.0,多云,24,22,4,0.0,66,36
2026-05-21 14:00:48,2026-05-22,2,乒乓球厅-16号,19:30-20:30,0,1,可预约,￥5.0,多云,25,23,4,0.0,66,36
2026-05-21 14:30:45,2026-05-22,2,乒乓球厅-16号,19:30-20:30,0,1,可预约,￥5.0,晴,25,25,3,0.0,65,39
2026-05-21 15:00:45,2026-05-22,2,乒乓球厅-16号,19:30-20:30,0,1,可预约,￥5.0,晴,25,22,4,0.0,56,39
2026-05-21 15:30:43,2026-05-22,2,乒乓球厅-16号,19:30-20:30,0,1,可预约,￥5.0,晴,25,23,4,0.0,57,40
2026-05-21 16:00:51,2026-05-22,2,乒乓球厅-16号,19:30-20:30,0,1,可预约,￥5.0,晴,25,23,4,0.0,57,40
2026-05-21 16:30:48,2026-05-22,2,乒乓球厅-16号,19:30-20:30,0,1,可预约,￥5.0,晴,25,24,3,0.0,60,39
2026-05-21 17:00:49,2026-05-22,2,乒乓球厅-16号,19:30-20:30,0,1,可预约,￥5.0,晴,25,24,4,0.0,61,39
2026-05-21 17:30:47,2026-05-22,2,乒乓球厅-16号,19:30-20:30,0,1,可预约,￥5.0,多云,24,23,3,0.0,64,39
2026-05-21 18:00:50,2026-05-22,2,乒乓球厅-16号,19:30-20:30,0,1,可预约,￥5.0,多云,24,23,3,0.0,68,39
2026-05-21 18:30:50,2026-05-22,2,乒乓球厅-16号,19:30-20:30,0,1,可预约,￥5.0,阴,24,25,2,0.0,68,40
2026-05-21 19:00:50,2026-05-22,2,乒乓球厅-16号,19:30-20:30,0,1,可预约,￥5.0,阴,23,23,3,0.0,76,40
2026-05-21 19:30:46,2026-05-22,2,乒乓球厅-16号,19:30-20:30,0,1,可预约,￥5.0,阴,23,24,2,0.0,77,39
2026-05-21 20:00:49,2026-05-22,2,乒乓球厅-16号,19:30-20:30,0,1,可预约,￥5.0,雾,22,23,2,0.0,89,39
2026-05-21 20:30:44,2026-05-22,2,乒乓球厅-16号,19:30-20:30,0,1,可预约,￥5.0,雾,22,24,2,0.0,93,43
2026-05-21 21:00:56,2026-05-22,2,乒乓球厅-16号,19:30-20:30,0,1,可预约,￥5.0,雾,20,21,2,0.0,98,43
2026-05-21 21:30:46,2026-05-22,2,乒乓球厅-16号,19:30-20:30,0,1,可预约,￥5.0,雾,20,22,1,0.0,99,41
2026-05-21 22:01:02,2026-05-22,2,乒乓球厅-16号,19:30-20:30,0,1,可预约,￥5.0,雾,19,20,2,0.0,93,41
2026-05-21 22:30:47,2026-05-22,2,乒乓球厅-16号,19:30-20:30,0,1,可预约,￥5.0,雾,19,19,3,0.0,88,46
2026-05-21 23:00:56,2026-05-22,2,乒乓球厅-16号,19:30-20:30,0,1,可预约,￥5.0,多云,18,17,3,0.0,85,46
2026-05-21 23:30:55,2026-05-22,2,乒乓球厅-16号,19:30-20:30,0,1,可预约,￥5.0,多云,18,17,3,0.0,85,48
2026-05-21 08:00:45,2026-05-22,2,乒乓球厅-16号,20:30-21:30,0,1,可预约,￥5.0,晴,17,12,5,0.0,86,29
2026-05-21 08:02:30,2026-05-22,2,乒乓球厅-16号,20:30-21:30,0,1,可预约,￥5.0,多云,17,12,5,0.0,87,29
2026-05-21 08:05:36,2026-05-22,2,乒乓球厅-16号,20:30-21:30,0,1,可预约,￥5.0,多云,17,12,5,0.0,86,29
2026-05-21 08:08:31,2026-05-22,2,乒乓球厅-16号,20:30-21:30,0,1,可预约,￥5.0,多云,17,12,5,0.0,86,29
2026-05-21 08:11:30,2026-05-22,2,乒乓球厅-16号,20:30-21:30,0,1,可预约,￥5.0,多云,17,12,5,0.0,86,29
2026-05-21 08:14:31,2026-05-22,2,乒乓球厅-16号,20:30-21:30,0,1,可预约,￥5.0,多云,17,12,5,0.0,86,29
2026-05-21 08:17:30,2026-05-22,2,乒乓球厅-16号,20:30-21:30,0,1,可预约,￥5.0,多云,17,12,5,0.0,86,29
2026-05-21 08:20:35,2026-05-22,2,乒乓球厅-16号,20:30-21:30,0,1,可预约,￥5.0,多云,17,14,4,0.0,85,29
2026-05-21 08:25:32,2026-05-22,2,乒乓球厅-16号,20:30-21:30,0,1,可预约,￥5.0,多云,17,14,4,0.0,85,28
2026-05-21 08:30:42,2026-05-22,2,乒乓球厅-16号,20:30-21:30,0,1,可预约,￥5.0,多云,18,15,4,0.0,84,28
2026-05-21 08:35:31,2026-05-22,2,乒乓球厅-16号,20:30-21:30,0,1,可预约,￥5.0,多云,18,15,4,0.0,84,28
2026-05-21 08:40:38,2026-05-22,2,乒乓球厅-16号,20:30-21:30,0,1,可预约,￥5.0,多云,18,15,4,0.0,82,28
2026-05-21 08:45:33,2026-05-22,2,乒乓球厅-16号,20:30-21:30,0,1,可预约,￥5.0,多云,18,15,4,0.0,82,28
2026-05-21 08:50:36,2026-05-22,2,乒乓球厅-16号,20:30-21:30,0,1,可预约,￥5.0,多云,18,15,4,0.0,82,28
2026-05-21 08:55:34,2026-05-22,2,乒乓球厅-16号,20:30-21:30,0,1,可预约,￥5.0,多云,18,15,4,0.0,84,28
2026-05-21 09:00:51,2026-05-22,2,乒乓球厅-16号,20:30-21:30,0,1,可预约,￥5.0,多云,18,15,4,0.0,84,28
2026-05-21 09:01:59,2026-05-22,2,乒乓球厅-16号,20:30-21:30,0,1,可预约,￥5.0,多云,18,15,4,0.0,83,28
2026-05-21 09:05:33,2026-05-22,2,乒乓球厅-16号,20:30-21:30,0,1,可预约,￥5.0,多云,18,15,4,0.0,83,28
2026-05-21 09:20:38,2026-05-22,2,乒乓球厅-16号,20:30-21:30,0,1,可预约,￥5.0,多云,18,16,3,0.0,81,28
2026-05-21 09:30:46,2026-05-22,2,乒乓球厅-16号,20:30-21:30,0,1,可预约,￥5.0,多云,18,16,3,0.0,81,32
2026-05-21 09:40:36,2026-05-22,2,乒乓球厅-16号,20:30-21:30,0,1,可预约,￥5.0,多云,19,17,3,0.0,79,32
2026-05-21 09:50:42,2026-05-22,2,乒乓球厅-16号,20:30-21:30,0,1,可预约,￥5.0,多云,19,17,4,0.0,81,32
2026-05-21 10:00:46,2026-05-22,2,乒乓球厅-16号,20:30-21:30,0,1,可预约,￥5.0,多云,19,17,4,0.0,79,32
2026-05-21 10:10:40,2026-05-22,2,乒乓球厅-16号,20:30-21:30,0,1,可预约,￥5.0,多云,19,17,4,0.0,79,32
2026-05-21 10:20:38,2026-05-22,2,乒乓球厅-16号,20:30-21:30,0,1,可预约,￥5.0,多云,19,17,4,0.0,79,32
2026-05-21 10:30:41,2026-05-22,2,乒乓球厅-16号,20:30-21:30,0,1,可预约,￥5.0,多云,19,18,3,0.0,78,31
2026-05-21 11:00:44,2026-05-22,2,乒乓球厅-16号,20:30-21:30,0,1,可预约,￥5.0,多云,21,17,5,0.0,74,31
2026-05-21 11:30:38,2026-05-22,2,乒乓球厅-16号,20:30-21:30,0,1,可预约,￥5.0,多云,21,19,3,0.0,72,33
2026-05-21 12:00:46,2026-05-22,2,乒乓球厅-16号,20:30-21:30,0,1,可预约,￥5.0,多云,22,19,4,0.0,70,33
2026-05-21 12:30:42,2026-05-22,2,乒乓球厅-16号,20:30-21:30,0,1,可预约,￥5.0,多云,22,21,3,0.0,68,35
2026-05-21 13:00:43,2026-05-22,2,乒乓球厅-16号,20:30-21:30,0,1,可预约,￥5.0,多云,24,22,4,0.0,66,35
2026-05-21 13:30:43,2026-05-22,2,乒乓球厅-16号,20:30-21:30,0,1,可预约,￥5.0,多云,24,22,4,0.0,66,36
2026-05-21 14:00:48,2026-05-22,2,乒乓球厅-16号,20:30-21:30,0,1,可预约,￥5.0,多云,25,23,4,0.0,66,36
2026-05-21 14:30:45,2026-05-22,2,乒乓球厅-16号,20:30-21:30,0,1,可预约,￥5.0,晴,25,25,3,0.0,65,39
2026-05-21 15:00:45,2026-05-22,2,乒乓球厅-16号,20:30-21:30,0,1,可预约,￥5.0,晴,25,22,4,0.0,56,39
2026-05-21 15:30:43,2026-05-22,2,乒乓球厅-16号,20:30-21:30,0,1,可预约,￥5.0,晴,25,23,4,0.0,57,40
2026-05-21 16:00:51,2026-05-22,2,乒乓球厅-16号,20:30-21:30,0,1,可预约,￥5.0,晴,25,23,4,0.0,57,40
2026-05-21 16:30:48,2026-05-22,2,乒乓球厅-16号,20:30-21:30,0,1,可预约,￥5.0,晴,25,24,3,0.0,60,39
2026-05-21 17:00:49,2026-05-22,2,乒乓球厅-16号,20:30-21:30,0,1,可预约,￥5.0,晴,25,24,4,0.0,61,39
2026-05-21 17:30:47,2026-05-22,2,乒乓球厅-16号,20:30-21:30,0,1,可预约,￥5.0,多云,24,23,3,0.0,64,39
2026-05-21 18:00:50,2026-05-22,2,乒乓球厅-16号,20:30-21:30,0,1,可预约,￥5.0,多云,24,23,3,0.0,68,39
2026-05-21 18:30:50,2026-05-22,2,乒乓球厅-16号,20:30-21:30,0,1,可预约,￥5.0,阴,24,25,2,0.0,68,40
2026-05-21 19:00:50,2026-05-22,2,乒乓球厅-16号,20:30-21:30,0,1,可预约,￥5.0,阴,23,23,3,0.0,76,40
2026-05-21 19:30:46,2026-05-22,2,乒乓球厅-16号,20:30-21:30,0,1,可预约,￥5.0,阴,23,24,2,0.0,77,39
2026-05-21 20:00:49,2026-05-22,2,乒乓球厅-16号,20:30-21:30,0,1,可预约,￥5.0,雾,22,23,2,0.0,89,39
2026-05-21 20:30:44,2026-05-22,2,乒乓球厅-16号,20:30-21:30,0,1,可预约,￥5.0,雾,22,24,2,0.0,93,43
2026-05-21 21:00:56,2026-05-22,2,乒乓球厅-16号,20:30-21:30,0,1,可预约,￥5.0,雾,20,21,2,0.0,98,43
2026-05-21 21:30:46,2026-05-22,2,乒乓球厅-16号,20:30-21:30,0,1,可预约,￥5.0,雾,20,22,1,0.0,99,41
2026-05-21 22:01:02,2026-05-22,2,乒乓球厅-16号,20:30-21:30,0,1,可预约,￥5.0,雾,19,20,2,0.0,93,41
2026-05-21 22:30:47,2026-05-22,2,乒乓球厅-16号,20:30-21:30,0,1,可预约,￥5.0,雾,19,19,3,0.0,88,46
2026-05-21 23:00:56,2026-05-22,2,乒乓球厅-16号,20:30-21:30,0,1,可预约,￥5.0,多云,18,17,3,0.0,85,46
2026-05-21 23:30:55,2026-05-22,2,乒乓球厅-16号,20:30-21:30,0,1,可预约,￥5.0,多云,18,17,3,0.0,85,48
2026-05-21 08:00:45,2026-05-22,2,乒乓球厅-1号,07:00-08:00,0,1,可预约,￥0.0,晴,17,12,5,0.0,86,29
2026-05-21 08:02:30,2026-05-22,2,乒乓球厅-1号,07:00-08:00,0,1,可预约,￥0.0,多云,17,12,5,0.0,87,29
2026-05-21 08:05:36,2026-05-22,2,乒乓球厅-1号,07:00-08:00,0,1,可预约,￥0.0,多云,17,12,5,0.0,86,29
2026-05-21 08:08:31,2026-05-22,2,乒乓球厅-1号,07:00-08:00,0,1,可预约,￥0.0,多云,17,12,5,0.0,86,29
2026-05-21 08:11:30,2026-05-22,2,乒乓球厅-1号,07:00-08:00,0,1,可预约,￥0.0,多云,17,12,5,0.0,86,29
2026-05-21 08:14:31,2026-05-22,2,乒乓球厅-1号,07:00-08:00,0,1,可预约,￥0.0,多云,17,12,5,0.0,86,29
2026-05-21 08:17:30,2026-05-22,2,乒乓球厅-1号,07:00-08:00,0,1,可预约,￥0.0,多云,17,12,5,0.0,86,29
2026-05-21 08:20:35,2026-05-22,2,乒乓球厅-1号,07:00-08:00,0,1,可预约,￥0.0,多云,17,14,4,0.0,85,29
2026-05-21 08:25:32,2026-05-22,2,乒乓球厅-1号,07:00-08:00,0,1,可预约,￥0.0,多云,17,14,4,0.0,85,28
2026-05-21 08:30:42,2026-05-22,2,乒乓球厅-1号,07:00-08:00,0,1,可预约,￥0.0,多云,18,15,4,0.0,84,28
2026-05-21 08:35:31,2026-05-22,2,乒乓球厅-1号,07:00-08:00,0,1,可预约,￥0.0,多云,18,15,4,0.0,84,28
2026-05-21 08:40:38,2026-05-22,2,乒乓球厅-1号,07:00-08:00,0,1,可预约,￥0.0,多云,18,15,4,0.0,82,28
2026-05-21 08:45:33,2026-05-22,2,乒乓球厅-1号,07:00-08:00,0,1,可预约,￥0.0,多云,18,15,4,0.0,82,28
2026-05-21 08:50:36,2026-05-22,2,乒乓球厅-1号,07:00-08:00,0,1,可预约,￥0.0,多云,18,15,4,0.0,82,28
2026-05-21 08:55:34,2026-05-22,2,乒乓球厅-1号,07:00-08:00,0,1,可预约,￥0.0,多云,18,15,4,0.0,84,28
2026-05-21 09:00:51,2026-05-22,2,乒乓球厅-1号,07:00-08:00,0,1,可预约,￥0.0,多云,18,15,4,0.0,84,28
2026-05-21 09:01:59,2026-05-22,2,乒乓球厅-1号,07:00-08:00,0,1,可预约,￥0.0,多云,18,15,4,0.0,83,28
2026-05-21 09:05:33,2026-05-22,2,乒乓球厅-1号,07:00-08:00,0,1,可预约,￥0.0,多云,18,15,4,0.0,83,28
2026-05-21 09:20:38,2026-05-22,2,乒乓球厅-1号,07:00-08:00,0,1,可预约,￥0.0,多云,18,16,3,0.0,81,28
2026-05-21 09:30:46,2026-05-22,2,乒乓球厅-1号,07:00-08:00,0,1,可预约,￥0.0,多云,18,16,3,0.0,81,32
2026-05-21 09:40:36,2026-05-22,2,乒乓球厅-1号,07:00-08:00,0,1,可预约,￥0.0,多云,19,17,3,0.0,79,32
2026-05-21 09:50:42,2026-05-22,2,乒乓球厅-1号,07:00-08:00,0,1,可预约,￥0.0,多云,19,17,4,0.0,81,32
2026-05-21 10:00:46,2026-05-22,2,乒乓球厅-1号,07:00-08:00,0,1,可预约,￥0.0,多云,19,17,4,0.0,79,32
2026-05-21 10:10:40,2026-05-22,2,乒乓球厅-1号,07:00-08:00,0,1,可预约,￥0.0,多云,19,17,4,0.0,79,32
2026-05-21 10:20:38,2026-05-22,2,乒乓球厅-1号,07:00-08:00,0,1,可预约,￥0.0,多云,19,17,4,0.0,79,32
2026-05-21 10:30:41,2026-05-22,2,乒乓球厅-1号,07:00-08:00,0,1,可预约,￥0.0,多云,19,18,3,0.0,78,31
2026-05-21 11:00:44,2026-05-22,2,乒乓球厅-1号,07:00-08:00,0,1,可预约,￥0.0,多云,21,17,5,0.0,74,31
2026-05-21 11:30:38,2026-05-22,2,乒乓球厅-1号,07:00-08:00,0,1,可预约,￥0.0,多云,21,19,3,0.0,72,33
2026-05-21 12:00:46,2026-05-22,2,乒乓球厅-1号,07:00-08:00,0,1,可预约,￥0.0,多云,22,19,4,0.0,70,33
2026-05-21 12:30:42,2026-05-22,2,乒乓球厅-1号,07:00-08:00,0,1,可预约,￥0.0,多云,22,21,3,0.0,68,35
2026-05-21 13:00:43,2026-05-22,2,乒乓球厅-1号,07:00-08:00,0,1,可预约,￥0.0,多云,24,22,4,0.0,66,35
2026-05-21 13:30:43,2026-05-22,2,乒乓球厅-1号,07:00-08:00,0,1,可预约,￥0.0,多云,24,22,4,0.0,66,36
2026-05-21 14:00:48,2026-05-22,2,乒乓球厅-1号,07:00-08:00,0,1,可预约,￥0.0,多云,25,23,4,0.0,66,36
2026-05-21 14:30:45,2026-05-22,2,乒乓球厅-1号,07:00-08:00,0,1,可预约,￥0.0,晴,25,25,3,0.0,65,39
2026-05-21 15:00:45,2026-05-22,2,乒乓球厅-1号,07:00-08:00,0,1,可预约,￥0.0,晴,25,22,4,0.0,56,39
2026-05-21 15:30:43,2026-05-22,2,乒乓球厅-1号,07:00-08:00,0,1,可预约,￥0.0,晴,25,23,4,0.0,57,40
2026-05-21 16:00:51,2026-05-22,2,乒乓球厅-1号,07:00-08:00,0,1,可预约,￥0.0,晴,25,23,4,0.0,57,40
2026-05-21 16:30:48,2026-05-22,2,乒乓球厅-1号,07:00-08:00,0,1,可预约,￥0.0,晴,25,24,3,0.0,60,39
2026-05-21 17:00:49,2026-05-22,2,乒乓球厅-1号,07:00-08:00,0,1,可预约,￥0.0,晴,25,24,4,0.0,61,39
2026-05-21 17:30:47,2026-05-22,2,乒乓球厅-1号,07:00-08:00,0,1,可预约,￥0.0,多云,24,23,3,0.0,64,39
2026-05-21 18:00:50,2026-05-22,2,乒乓球厅-1号,07:00-08:00,0,1,可预约,￥0.0,多云,24,23,3,0.0,68,39
2026-05-21 18:30:50,2026-05-22,2,乒乓球厅-1号,07:00-08:00,0,1,可预约,￥0.0,阴,24,25,2,0.0,68,40
2026-05-21 19:00:50,2026-05-22,2,乒乓球厅-1号,07:00-08:00,0,1,可预约,￥0.0,阴,23,23,3,0.0,76,40
2026-05-21 19:30:46,2026-05-22,2,乒乓球厅-1号,07:00-08:00,0,1,可预约,￥0.0,阴,23,24,2,0.0,77,39
2026-05-21 20:00:49,2026-05-22,2,乒乓球厅-1号,07:00-08:00,0,1,可预约,￥0.0,雾,22,23,2,0.0,89,39
2026-05-21 20:30:44,2026-05-22,2,乒乓球厅-1号,07:00-08:00,0,1,可预约,￥0.0,雾,22,24,2,0.0,93,43
2026-05-21 21:00:56,2026-05-22,2,乒乓球厅-1号,07:00-08:00,0,1,可预约,￥0.0,雾,20,21,2,0.0,98,43
2026-05-21 21:30:46,2026-05-22,2,乒乓球厅-1号,07:00-08:00,0,1,可预约,￥0.0,雾,20,22,1,0.0,99,41
2026-05-21 22:01:02,2026-05-22,2,乒乓球厅-1号,07:00-08:00,0,1,可预约,￥0.0,雾,19,20,2,0.0,93,41
2026-05-21 22:30:47,2026-05-22,2,乒乓球厅-1号,07:00-08:00,0,1,可预约,￥0.0,雾,19,19,3,0.0,88,46
2026-05-21 23:00:56,2026-05-22,2,乒乓球厅-1号,07:00-08:00,0,1,可预约,￥0.0,多云,18,17,3,0.0,85,46
2026-05-21 23:30:55,2026-05-22,2,乒乓球厅-1号,07:00-08:00,0,1,可预约,￥0.0,多云,18,17,3,0.0,85,48
2026-05-21 08:00:45,2026-05-22,2,乒乓球厅-1号,08:00-09:00,0,1,可预约,￥0.0,晴,17,12,5,0.0,86,29
2026-05-21 08:02:30,2026-05-22,2,乒乓球厅-1号,08:00-09:00,0,1,可预约,￥0.0,多云,17,12,5,0.0,87,29
2026-05-21 08:05:36,2026-05-22,2,乒乓球厅-1号,08:00-09:00,0,1,可预约,￥0.0,多云,17,12,5,0.0,86,29
2026-05-21 08:08:31,2026-05-22,2,乒乓球厅-1号,08:00-09:00,0,1,可预约,￥0.0,多云,17,12,5,0.0,86,29
2026-05-21 08:11:30,2026-05-22,2,乒乓球厅-1号,08:00-09:00,0,1,可预约,￥0.0,多云,17,12,5,0.0,86,29
2026-05-21 08:14:31,2026-05-22,2,乒乓球厅-1号,08:00-09:00,0,1,可预约,￥0.0,多云,17,12,5,0.0,86,29
2026-05-21 08:17:30,2026-05-22,2,乒乓球厅-1号,08:00-09:00,0,1,可预约,￥0.0,多云,17,12,5,0.0,86,29
2026-05-21 08:20:35,2026-05-22,2,乒乓球厅-1号,08:00-09:00,0,1,可预约,￥0.0,多云,17,14,4,0.0,85,29
2026-05-21 08:25:32,2026-05-22,2,乒乓球厅-1号,08:00-09:00,0,1,可预约,￥0.0,多云,17,14,4,0.0,85,28
2026-05-21 08:30:42,2026-05-22,2,乒乓球厅-1号,08:00-09:00,0,1,可预约,￥0.0,多云,18,15,4,0.0,84,28
2026-05-21 08:35:31,2026-05-22,2,乒乓球厅-1号,08:00-09:00,0,1,可预约,￥0.0,多云,18,15,4,0.0,84,28
2026-05-21 08:40:38,2026-05-22,2,乒乓球厅-1号,08:00-09:00,0,1,可预约,￥0.0,多云,18,15,4,0.0,82,28
2026-05-21 08:45:33,2026-05-22,2,乒乓球厅-1号,08:00-09:00,0,1,可预约,￥0.0,多云,18,15,4,0.0,82,28
2026-05-21 08:50:36,2026-05-22,2,乒乓球厅-1号,08:00-09:00,0,1,可预约,￥0.0,多云,18,15,4,0.0,82,28
2026-05-21 08:55:34,2026-05-22,2,乒乓球厅-1号,08:00-09:00,0,1,可预约,￥0.0,多云,18,15,4,0.0,84,28
2026-05-21 09:00:51,2026-05-22,2,乒乓球厅-1号,08:00-09:00,0,1,可预约,￥0.0,多云,18,15,4,0.0,84,28
2026-05-21 09:01:59,2026-05-22,2,乒乓球厅-1号,08:00-09:00,0,1,可预约,￥0.0,多云,18,15,4,0.0,83,28
2026-05-21 09:05:33,2026-05-22,2,乒乓球厅-1号,08:00-09:00,0,1,可预约,￥0.0,多云,18,15,4,0.0,83,28
2026-05-21 09:20:38,2026-05-22,2,乒乓球厅-1号,08:00-09:00,0,1,可预约,￥0.0,多云,18,16,3,0.0,81,28
2026-05-21 09:30:46,2026-05-22,2,乒乓球厅-1号,08:00-09:00,0,1,可预约,￥0.0,多云,18,16,3,0.0,81,32
2026-05-21 09:40:36,2026-05-22,2,乒乓球厅-1号,08:00-09:00,0,1,可预约,￥0.0,多云,19,17,3,0.0,79,32
2026-05-21 09:50:42,2026-05-22,2,乒乓球厅-1号,08:00-09:00,0,1,可预约,￥0.0,多云,19,17,4,0.0,81,32
2026-05-21 10:00:46,2026-05-22,2,乒乓球厅-1号,08:00-09:00,0,1,可预约,￥0.0,多云,19,17,4,0.0,79,32
2026-05-21 10:10:40,2026-05-22,2,乒乓球厅-1号,08:00-09:00,0,1,可预约,￥0.0,多云,19,17,4,0.0,79,32
2026-05-21 10:20:38,2026-05-22,2,乒乓球厅-1号,08:00-09:00,0,1,可预约,￥0.0,多云,19,17,4,0.0,79,32
2026-05-21 10:30:41,2026-05-22,2,乒乓球厅-1号,08:00-09:00,0,1,可预约,￥0.0,多云,19,18,3,0.0,78,31
2026-05-21 11:00:44,2026-05-22,2,乒乓球厅-1号,08:00-09:00,0,1,可预约,￥0.0,多云,21,17,5,0.0,74,31
2026-05-21 11:30:38,2026-05-22,2,乒乓球厅-1号,08:00-09:00,0,1,可预约,￥0.0,多云,21,19,3,0.0,72,33
2026-05-21 12:00:46,2026-05-22,2,乒乓球厅-1号,08:00-09:00,0,1,可预约,￥0.0,多云,22,19,4,0.0,70,33
2026-05-21 12:30:42,2026-05-22,2,乒乓球厅-1号,08:00-09:00,0,1,可预约,￥0.0,多云,22,21,3,0.0,68,35
2026-05-21 13:00:43,2026-05-22,2,乒乓球厅-1号,08:00-09:00,0,1,可预约,￥0.0,多云,24,22,4,0.0,66,35
2026-05-21 13:30:43,2026-05-22,2,乒乓球厅-1号,08:00-09:00,0,1,可预约,￥0.0,多云,24,22,4,0.0,66,36
2026-05-21 14:00:48,2026-05-22,2,乒乓球厅-1号,08:00-09:00,0,1,可预约,￥0.0,多云,25,23,4,0.0,66,36
2026-05-21 14:30:45,2026-05-22,2,乒乓球厅-1号,08:00-09:00,0,1,可预约,￥0.0,晴,25,25,3,0.0,65,39
2026-05-21 15:00:45,2026-05-22,2,乒乓球厅-1号,08:00-09:00,0,1,可预约,￥0.0,晴,25,22,4,0.0,56,39
2026-05-21 15:30:43,2026-05-22,2,乒乓球厅-1号,08:00-09:00,0,1,可预约,￥0.0,晴,25,23,4,0.0,57,40
2026-05-21 16:00:51,2026-05-22,2,乒乓球厅-1号,08:00-09:00,0,1,可预约,￥0.0,晴,25,23,4,0.0,57,40
2026-05-21 16:30:48,2026-05-22,2,乒乓球厅-1号,08:00-09:00,0,1,可预约,￥0.0,晴,25,24,3,0.0,60,39
2026-05-21 17:00:49,2026-05-22,2,乒乓球厅-1号,08:00-09:00,0,1,可预约,￥0.0,晴,25,24,4,0.0,61,39
2026-05-21 17:30:47,2026-05-22,2,乒乓球厅-1号,08:00-09:00,0,1,可预约,￥0.0,多云,24,23,3,0.0,64,39
2026-05-21 18:00:50,2026-05-22,2,乒乓球厅-1号,08:00-09:00,0,1,可预约,￥0.0,多云,24,23,3,0.0,68,39
2026-05-21 18:30:50,2026-05-22,2,乒乓球厅-1号,08:00-09:00,0,1,可预约,￥0.0,阴,24,25,2,0.0,68,40
2026-05-21 19:00:50,2026-05-22,2,乒乓球厅-1号,08:00-09:00,0,1,可预约,￥0.0,阴,23,23,3,0.0,76,40
2026-05-21 19:30:46,2026-05-22,2,乒乓球厅-1号,08:00-09:00,0,1,可预约,￥0.0,阴,23,24,2,0.0,77,39
2026-05-21 20:00:49,2026-05-22,2,乒乓球厅-1号,08:00-09:00,0,1,可预约,￥0.0,雾,22,23,2,0.0,89,39
2026-05-21 20:30:44,2026-05-22,2,乒乓球厅-1号,08:00-09:00,0,1,可预约,￥0.0,雾,22,24,2,0.0,93,43
2026-05-21 21:00:56,2026-05-22,2,乒乓球厅-1号,08:00-09:00,0,1,可预约,￥0.0,雾,20,21,2,0.0,98,43
2026-05-21 21:30:46,2026-05-22,2,乒乓球厅-1号,08:00-09:00,0,1,可预约,￥0.0,雾,20,22,1,0.0,99,41
2026-05-21 22:01:02,2026-05-22,2,乒乓球厅-1号,08:00-09:00,0,1,可预约,￥0.0,雾,19,20,2,0.0,93,41
2026-05-21 22:30:47,2026-05-22,2,乒乓球厅-1号,08:00-09:00,0,1,可预约,￥0.0,雾,19,19,3,0.0,88,46
2026-05-21 23:00:56,2026-05-22,2,乒乓球厅-1号,08:00-09:00,0,1,可预约,￥0.0,多云,18,17,3,0.0,85,46
2026-05-21 23:30:55,2026-05-22,2,乒乓球厅-1号,08:00-09:00,0,1,可预约,￥0.0,多云,18,17,3,0.0,85,48
2026-05-21 08:00:45,2026-05-22,2,乒乓球厅-1号,09:00-10:00,0,1,可预约,￥5.0,晴,17,12,5,0.0,86,29
2026-05-21 08:02:30,2026-05-22,2,乒乓球厅-1号,09:00-10:00,0,1,可预约,￥5.0,多云,17,12,5,0.0,87,29
2026-05-21 08:05:36,2026-05-22,2,乒乓球厅-1号,09:00-10:00,0,1,可预约,￥5.0,多云,17,12,5,0.0,86,29
2026-05-21 08:08:31,2026-05-22,2,乒乓球厅-1号,09:00-10:00,0,1,可预约,￥5.0,多云,17,12,5,0.0,86,29
2026-05-21 08:11:30,2026-05-22,2,乒乓球厅-1号,09:00-10:00,0,1,可预约,￥5.0,多云,17,12,5,0.0,86,29
2026-05-21 08:14:31,2026-05-22,2,乒乓球厅-1号,09:00-10:00,0,1,可预约,￥5.0,多云,17,12,5,0.0,86,29
2026-05-21 08:17:30,2026-05-22,2,乒乓球厅-1号,09:00-10:00,0,1,可预约,￥5.0,多云,17,12,5,0.0,86,29
2026-05-21 08:20:35,2026-05-22,2,乒乓球厅-1号,09:00-10:00,0,1,可预约,￥5.0,多云,17,14,4,0.0,85,29
2026-05-21 08:25:32,2026-05-22,2,乒乓球厅-1号,09:00-10:00,0,1,可预约,￥5.0,多云,17,14,4,0.0,85,28
2026-05-21 08:30:42,2026-05-22,2,乒乓球厅-1号,09:00-10:00,0,1,可预约,￥5.0,多云,18,15,4,0.0,84,28
2026-05-21 08:35:31,2026-05-22,2,乒乓球厅-1号,09:00-10:00,0,1,可预约,￥5.0,多云,18,15,4,0.0,84,28
2026-05-21 08:40:38,2026-05-22,2,乒乓球厅-1号,09:00-10:00,0,1,可预约,￥5.0,多云,18,15,4,0.0,82,28
2026-05-21 08:45:33,2026-05-22,2,乒乓球厅-1号,09:00-10:00,0,1,可预约,￥5.0,多云,18,15,4,0.0,82,28
2026-05-21 08:50:36,2026-05-22,2,乒乓球厅-1号,09:00-10:00,0,1,可预约,￥5.0,多云,18,15,4,0.0,82,28
2026-05-21 08:55:34,2026-05-22,2,乒乓球厅-1号,09:00-10:00,0,1,可预约,￥5.0,多云,18,15,4,0.0,84,28
2026-05-21 09:00:51,2026-05-22,2,乒乓球厅-1号,09:00-10:00,0,1,可预约,￥5.0,多云,18,15,4,0.0,84,28
2026-05-21 09:01:59,2026-05-22,2,乒乓球厅-1号,09:00-10:00,0,1,可预约,￥5.0,多云,18,15,4,0.0,83,28
2026-05-21 09:05:33,2026-05-22,2,乒乓球厅-1号,09:00-10:00,0,1,可预约,￥5.0,多云,18,15,4,0.0,83,28
2026-05-21 09:20:38,2026-05-22,2,乒乓球厅-1号,09:00-10:00,0,1,可预约,￥5.0,多云,18,16,3,0.0,81,28
2026-05-21 09:30:46,2026-05-22,2,乒乓球厅-1号,09:00-10:00,0,1,可预约,￥5.0,多云,18,16,3,0.0,81,32
2026-05-21 09:40:36,2026-05-22,2,乒乓球厅-1号,09:00-10:00,0,1,可预约,￥5.0,多云,19,17,3,0.0,79,32
2026-05-21 09:50:42,2026-05-22,2,乒乓球厅-1号,09:00-10:00,0,1,可预约,￥5.0,多云,19,17,4,0.0,81,32
2026-05-21 10:00:46,2026-05-22,2,乒乓球厅-1号,09:00-10:00,0,1,可预约,￥5.0,多云,19,17,4,0.0,79,32
2026-05-21 10:10:40,2026-05-22,2,乒乓球厅-1号,09:00-10:00,0,1,可预约,￥5.0,多云,19,17,4,0.0,79,32
2026-05-21 10:20:38,2026-05-22,2,乒乓球厅-1号,09:00-10:00,0,1,可预约,￥5.0,多云,19,17,4,0.0,79,32
2026-05-21 10:30:41,2026-05-22,2,乒乓球厅-1号,09:00-10:00,0,1,可预约,￥5.0,多云,19,18,3,0.0,78,31
2026-05-21 11:00:44,2026-05-22,2,乒乓球厅-1号,09:00-10:00,0,1,可预约,￥5.0,多云,21,17,5,0.0,74,31
2026-05-21 11:30:38,2026-05-22,2,乒乓球厅-1号,09:00-10:00,0,1,可预约,￥5.0,多云,21,19,3,0.0,72,33
2026-05-21 12:00:46,2026-05-22,2,乒乓球厅-1号,09:00-10:00,0,1,可预约,￥5.0,多云,22,19,4,0.0,70,33
2026-05-21 12:30:42,2026-05-22,2,乒乓球厅-1号,09:00-10:00,0,1,可预约,￥5.0,多云,22,21,3,0.0,68,35
2026-05-21 13:00:43,2026-05-22,2,乒乓球厅-1号,09:00-10:00,0,1,可预约,￥5.0,多云,24,22,4,0.0,66,35
2026-05-21 13:30:43,2026-05-22,2,乒乓球厅-1号,09:00-10:00,0,1,可预约,￥5.0,多云,24,22,4,0.0,66,36
2026-05-21 14:00:48,2026-05-22,2,乒乓球厅-1号,09:00-10:00,0,1,可预约,￥5.0,多云,25,23,4,0.0,66,36
2026-05-21 14:30:45,2026-05-22,2,乒乓球厅-1号,09:00-10:00,0,1,可预约,￥5.0,晴,25,25,3,0.0,65,39
2026-05-21 15:00:45,2026-05-22,2,乒乓球厅-1号,09:00-10:00,0,1,可预约,￥5.0,晴,25,22,4,0.0,56,39
2026-05-21 15:30:43,2026-05-22,2,乒乓球厅-1号,09:00-10:00,0,1,可预约,￥5.0,晴,25,23,4,0.0,57,40
2026-05-21 16:00:51,2026-05-22,2,乒乓球厅-1号,09:00-10:00,0,1,可预约,￥5.0,晴,25,23,4,0.0,57,40
2026-05-21 16:30:48,2026-05-22,2,乒乓球厅-1号,09:00-10:00,0,1,可预约,￥5.0,晴,25,24,3,0.0,60,39
2026-05-21 17:00:49,2026-05-22,2,乒乓球厅-1号,09:00-10:00,0,1,可预约,￥5.0,晴,25,24,4,0.0,61,39
2026-05-21 17:30:47,2026-05-22,2,乒乓球厅-1号,09:00-10:00,0,1,可预约,￥5.0,多云,24,23,3,0.0,64,39
2026-05-21 18:00:50,2026-05-22,2,乒乓球厅-1号,09:00-10:00,0,1,可预约,￥5.0,多云,24,23,3,0.0,68,39
2026-05-21 18:30:50,2026-05-22,2,乒乓球厅-1号,09:00-10:00,0,1,可预约,￥5.0,阴,24,25,2,0.0,68,40
2026-05-21 19:00:50,2026-05-22,2,乒乓球厅-1号,09:00-10:00,0,1,可预约,￥5.0,阴,23,23,3,0.0,76,40
2026-05-21 19:30:46,2026-05-22,2,乒乓球厅-1号,09:00-10:00,0,1,可预约,￥5.0,阴,23,24,2,0.0,77,39
2026-05-21 20:00:49,2026-05-22,2,乒乓球厅-1号,09:00-10:00,0,1,可预约,￥5.0,雾,22,23,2,0.0,89,39
2026-05-21 20:30:44,2026-05-22,2,乒乓球厅-1号,09:00-10:00,0,1,可预约,￥5.0,雾,22,24,2,0.0,93,43
2026-05-21 21:00:56,2026-05-22,2,乒乓球厅-1号,09:00-10:00,0,1,可预约,￥5.0,雾,20,21,2,0.0,98,43
2026-05-21 21:30:46,2026-05-22,2,乒乓球厅-1号,09:00-10:00,0,1,可预约,￥5.0,雾,20,22,1,0.0,99,41
2026-05-21 22:01:02,2026-05-22,2,乒乓球厅-1号,09:00-10:00,0,1,可预约,￥5.0,雾,19,20,2,0.0,93,41
2026-05-21 22:30:47,2026-05-22,2,乒乓球厅-1号,09:00-10:00,0,1,可预约,￥5.0,雾,19,19,3,0.0,88,46
2026-05-21 23:00:56,2026-05-22,2,乒乓球厅-1号,09:00-10:00,0,1,可预约,￥5.0,多云,18,17,3,0.0,85,46
2026-05-21 23:30:55,2026-05-22,2,乒乓球厅-1号,09:00-10:00,0,1,可预约,￥5.0,多云,18,17,3,0.0,85,48
2026-05-21 08:00:45,2026-05-22,2,乒乓球厅-1号,10:00-11:00,0,1,可预约,￥5.0,晴,17,12,5,0.0,86,29
2026-05-21 08:02:30,2026-05-22,2,乒乓球厅-1号,10:00-11:00,0,1,可预约,￥5.0,多云,17,12,5,0.0,87,29
2026-05-21 08:05:36,2026-05-22,2,乒乓球厅-1号,10:00-11:00,0,1,可预约,￥5.0,多云,17,12,5,0.0,86,29
2026-05-21 08:08:31,2026-05-22,2,乒乓球厅-1号,10:00-11:00,0,1,可预约,￥5.0,多云,17,12,5,0.0,86,29
2026-05-21 08:11:30,2026-05-22,2,乒乓球厅-1号,10:00-11:00,0,1,可预约,￥5.0,多云,17,12,5,0.0,86,29
2026-05-21 08:14:31,2026-05-22,2,乒乓球厅-1号,10:00-11:00,0,1,可预约,￥5.0,多云,17,12,5,0.0,86,29
2026-05-21 08:17:30,2026-05-22,2,乒乓球厅-1号,10:00-11:00,0,1,可预约,￥5.0,多云,17,12,5,0.0,86,29
2026-05-21 08:20:35,2026-05-22,2,乒乓球厅-1号,10:00-11:00,0,1,可预约,￥5.0,多云,17,14,4,0.0,85,29
2026-05-21 08:25:32,2026-05-22,2,乒乓球厅-1号,10:00-11:00,0,1,可预约,￥5.0,多云,17,14,4,0.0,85,28
2026-05-21 08:30:42,2026-05-22,2,乒乓球厅-1号,10:00-11:00,0,1,可预约,￥5.0,多云,18,15,4,0.0,84,28
2026-05-21 08:35:31,2026-05-22,2,乒乓球厅-1号,10:00-11:00,0,1,可预约,￥5.0,多云,18,15,4,0.0,84,28
2026-05-21 08:40:38,2026-05-22,2,乒乓球厅-1号,10:00-11:00,0,1,可预约,￥5.0,多云,18,15,4,0.0,82,28
2026-05-21 08:45:33,2026-05-22,2,乒乓球厅-1号,10:00-11:00,0,1,可预约,￥5.0,多云,18,15,4,0.0,82,28
2026-05-21 08:50:36,2026-05-22,2,乒乓球厅-1号,10:00-11:00,0,1,可预约,￥5.0,多云,18,15,4,0.0,82,28
2026-05-21 08:55:34,2026-05-22,2,乒乓球厅-1号,10:00-11:00,0,1,可预约,￥5.0,多云,18,15,4,0.0,84,28
2026-05-21 09:00:51,2026-05-22,2,乒乓球厅-1号,10:00-11:00,0,1,可预约,￥5.0,多云,18,15,4,0.0,84,28
2026-05-21 09:01:59,2026-05-22,2,乒乓球厅-1号,10:00-11:00,0,1,可预约,￥5.0,多云,18,15,4,0.0,83,28
2026-05-21 09:05:33,2026-05-22,2,乒乓球厅-1号,10:00-11:00,0,1,可预约,￥5.0,多云,18,15,4,0.0,83,28
2026-05-21 09:20:38,2026-05-22,2,乒乓球厅-1号,10:00-11:00,0,1,可预约,￥5.0,多云,18,16,3,0.0,81,28
2026-05-21 09:30:46,2026-05-22,2,乒乓球厅-1号,10:00-11:00,0,1,可预约,￥5.0,多云,18,16,3,0.0,81,32
2026-05-21 09:40:36,2026-05-22,2,乒乓球厅-1号,10:00-11:00,0,1,可预约,￥5.0,多云,19,17,3,0.0,79,32
2026-05-21 09:50:42,2026-05-22,2,乒乓球厅-1号,10:00-11:00,0,1,可预约,￥5.0,多云,19,17,4,0.0,81,32
2026-05-21 10:00:46,2026-05-22,2,乒乓球厅-1号,10:00-11:00,0,1,可预约,￥5.0,多云,19,17,4,0.0,79,32
2026-05-21 10:10:40,2026-05-22,2,乒乓球厅-1号,10:00-11:00,0,1,可预约,￥5.0,多云,19,17,4,0.0,79,32
2026-05-21 10:20:38,2026-05-22,2,乒乓球厅-1号,10:00-11:00,0,1,可预约,￥5.0,多云,19,17,4,0.0,79,32
2026-05-21 10:30:41,2026-05-22,2,乒乓球厅-1号,10:00-11:00,0,1,可预约,￥5.0,多云,19,18,3,0.0,78,31
2026-05-21 11:00:44,2026-05-22,2,乒乓球厅-1号,10:00-11:00,0,1,可预约,￥5.0,多云,21,17,5,0.0,74,31
2026-05-21 11:30:38,2026-05-22,2,乒乓球厅-1号,10:00-11:00,0,1,可预约,￥5.0,多云,21,19,3,0.0,72,33
2026-05-21 12:00:46,2026-05-22,2,乒乓球厅-1号,10:00-11:00,0,1,可预约,￥5.0,多云,22,19,4,0.0,70,33
2026-05-21 12:30:42,2026-05-22,2,乒乓球厅-1号,10:00-11:00,0,1,可预约,￥5.0,多云,22,21,3,0.0,68,35
2026-05-21 13:00:43,2026-05-22,2,乒乓球厅-1号,10:00-11:00,0,1,可预约,￥5.0,多云,24,22,4,0.0,66,35
2026-05-21 13:30:43,2026-05-22,2,乒乓球厅-1号,10:00-11:00,0,1,可预约,￥5.0,多云,24,22,4,0.0,66,36
2026-05-21 14:00:48,2026-05-22,2,乒乓球厅-1号,10:00-11:00,0,1,可预约,￥5.0,多云,25,23,4,0.0,66,36
2026-05-21 14:30:45,2026-05-22,2,乒乓球厅-1号,10:00-11:00,0,1,可预约,￥5.0,晴,25,25,3,0.0,65,39
2026-05-21 15:00:45,2026-05-22,2,乒乓球厅-1号,10:00-11:00,0,1,可预约,￥5.0,晴,25,22,4,0.0,56,39
2026-05-21 15:30:43,2026-05-22,2,乒乓球厅-1号,10:00-11:00,0,1,可预约,￥5.0,晴,25,23,4,0.0,57,40
2026-05-21 16:00:51,2026-05-22,2,乒乓球厅-1号,10:00-11:00,0,1,可预约,￥5.0,晴,25,23,4,0.0,57,40
2026-05-21 16:30:48,2026-05-22,2,乒乓球厅-1号,10:00-11:00,0,1,可预约,￥5.0,晴,25,24,3,0.0,60,39
2026-05-21 17:00:49,2026-05-22,2,乒乓球厅-1号,10:00-11:00,0,1,可预约,￥5.0,晴,25,24,4,0.0,61,39
2026-05-21 17:30:47,2026-05-22,2,乒乓球厅-1号,10:00-11:00,0,1,可预约,￥5.0,多云,24,23,3,0.0,64,39
2026-05-21 18:00:50,2026-05-22,2,乒乓球厅-1号,10:00-11:00,0,1,可预约,￥5.0,多云,24,23,3,0.0,68,39
2026-05-21 18:30:50,2026-05-22,2,乒乓球厅-1号,10:00-11:00,0,1,可预约,￥5.0,阴,24,25,2,0.0,68,40
2026-05-21 19:00:50,2026-05-22,2,乒乓球厅-1号,10:00-11:00,0,1,可预约,￥5.0,阴,23,23,3,0.0,76,40
2026-05-21 19:30:46,2026-05-22,2,乒乓球厅-1号,10:00-11:00,0,1,可预约,￥5.0,阴,23,24,2,0.0,77,39
2026-05-21 20:00:49,2026-05-22,2,乒乓球厅-1号,10:00-11:00,0,1,可预约,￥5.0,雾,22,23,2,0.0,89,39
2026-05-21 20:30:44,2026-05-22,2,乒乓球厅-1号,10:00-11:00,0,1,可预约,￥5.0,雾,22,24,2,0.0,93,43
2026-05-21 21:00:56,2026-05-22,2,乒乓球厅-1号,10:00-11:00,0,1,可预约,￥5.0,雾,20,21,2,0.0,98,43
2026-05-21 21:30:46,2026-05-22,2,乒乓球厅-1号,10:00-11:00,0,1,可预约,￥5.0,雾,20,22,1,0.0,99,41
2026-05-21 22:01:02,2026-05-22,2,乒乓球厅-1号,10:00-11:00,0,1,可预约,￥5.0,雾,19,20,2,0.0,93,41
2026-05-21 22:30:47,2026-05-22,2,乒乓球厅-1号,10:00-11:00,0,1,可预约,￥5.0,雾,19,19,3,0.0,88,46
2026-05-21 23:00:56,2026-05-22,2,乒乓球厅-1号,10:00-11:00,0,1,可预约,￥5.0,多云,18,17,3,0.0,85,46
2026-05-21 23:30:55,2026-05-22,2,乒乓球厅-1号,10:00-11:00,0,1,可预约,￥5.0,多云,18,17,3,0.0,85,48
2026-05-21 08:00:45,2026-05-22,2,乒乓球厅-1号,11:00-12:00,0,1,可预约,￥5.0,晴,17,12,5,0.0,86,29
2026-05-21 08:02:30,2026-05-22,2,乒乓球厅-1号,11:00-12:00,0,1,可预约,￥5.0,多云,17,12,5,0.0,87,29
2026-05-21 08:05:36,2026-05-22,2,乒乓球厅-1号,11:00-12:00,0,1,可预约,￥5.0,多云,17,12,5,0.0,86,29
2026-05-21 08:08:31,2026-05-22,2,乒乓球厅-1号,11:00-12:00,0,1,可预约,￥5.0,多云,17,12,5,0.0,86,29
2026-05-21 08:11:30,2026-05-22,2,乒乓球厅-1号,11:00-12:00,0,1,可预约,￥5.0,多云,17,12,5,0.0,86,29
2026-05-21 08:14:31,2026-05-22,2,乒乓球厅-1号,11:00-12:00,0,1,可预约,￥5.0,多云,17,12,5,0.0,86,29
2026-05-21 08:17:30,2026-05-22,2,乒乓球厅-1号,11:00-12:00,0,1,可预约,￥5.0,多云,17,12,5,0.0,86,29
2026-05-21 08:20:35,2026-05-22,2,乒乓球厅-1号,11:00-12:00,0,1,可预约,￥5.0,多云,17,14,4,0.0,85,29
2026-05-21 08:25:32,2026-05-22,2,乒乓球厅-1号,11:00-12:00,0,1,可预约,￥5.0,多云,17,14,4,0.0,85,28
2026-05-21 08:30:42,2026-05-22,2,乒乓球厅-1号,11:00-12:00,0,1,可预约,￥5.0,多云,18,15,4,0.0,84,28
2026-05-21 08:35:31,2026-05-22,2,乒乓球厅-1号,11:00-12:00,0,1,可预约,￥5.0,多云,18,15,4,0.0,84,28
2026-05-21 08:40:38,2026-05-22,2,乒乓球厅-1号,11:00-12:00,0,1,可预约,￥5.0,多云,18,15,4,0.0,82,28
2026-05-21 08:45:33,2026-05-22,2,乒乓球厅-1号,11:00-12:00,0,1,可预约,￥5.0,多云,18,15,4,0.0,82,28
2026-05-21 08:50:36,2026-05-22,2,乒乓球厅-1号,11:00-12:00,0,1,可预约,￥5.0,多云,18,15,4,0.0,82,28
2026-05-21 08:55:34,2026-05-22,2,乒乓球厅-1号,11:00-12:00,0,1,可预约,￥5.0,多云,18,15,4,0.0,84,28
2026-05-21 09:00:51,2026-05-22,2,乒乓球厅-1号,11:00-12:00,0,1,可预约,￥5.0,多云,18,15,4,0.0,84,28
2026-05-21 09:01:59,2026-05-22,2,乒乓球厅-1号,11:00-12:00,0,1,可预约,￥5.0,多云,18,15,4,0.0,83,28
2026-05-21 09:05:33,2026-05-22,2,乒乓球厅-1号,11:00-12:00,0,1,可预约,￥5.0,多云,18,15,4,0.0,83,28
2026-05-21 09:20:38,2026-05-22,2,乒乓球厅-1号,11:00-12:00,0,1,可预约,￥5.0,多云,18,16,3,0.0,81,28
2026-05-21 09:30:46,2026-05-22,2,乒乓球厅-1号,11:00-12:00,0,1,可预约,￥5.0,多云,18,16,3,0.0,81,32
2026-05-21 09:40:36,2026-05-22,2,乒乓球厅-1号,11:00-12:00,0,1,可预约,￥5.0,多云,19,17,3,0.0,79,32
2026-05-21 09:50:42,2026-05-22,2,乒乓球厅-1号,11:00-12:00,0,1,可预约,￥5.0,多云,19,17,4,0.0,81,32
2026-05-21 10:00:46,2026-05-22,2,乒乓球厅-1号,11:00-12:00,0,1,可预约,￥5.0,多云,19,17,4,0.0,79,32
2026-05-21 10:10:40,2026-05-22,2,乒乓球厅-1号,11:00-12:00,0,1,可预约,￥5.0,多云,19,17,4,0.0,79,32
2026-05-21 10:20:38,2026-05-22,2,乒乓球厅-1号,11:00-12:00,0,1,可预约,￥5.0,多云,19,17,4,0.0,79,32
2026-05-21 10:30:41,2026-05-22,2,乒乓球厅-1号,11:00-12:00,0,1,可预约,￥5.0,多云,19,18,3,0.0,78,31
2026-05-21 11:00:44,2026-05-22,2,乒乓球厅-1号,11:00-12:00,0,1,可预约,￥5.0,多云,21,17,5,0.0,74,31
2026-05-21 11:30:38,2026-05-22,2,乒乓球厅-1号,11:00-12:00,0,1,可预约,￥5.0,多云,21,19,3,0.0,72,33
2026-05-21 12:00:46,2026-05-22,2,乒乓球厅-1号,11:00-12:00,0,1,可预约,￥5.0,多云,22,19,4,0.0,70,33
2026-05-21 12:30:42,2026-05-22,2,乒乓球厅-1号,11:00-12:00,0,1,可预约,￥5.0,多云,22,21,3,0.0,68,35
2026-05-21 13:00:43,2026-05-22,2,乒乓球厅-1号,11:00-12:00,0,1,可预约,￥5.0,多云,24,22,4,0.0,66,35
2026-05-21 13:30:43,2026-05-22,2,乒乓球厅-1号,11:00-12:00,0,1,可预约,￥5.0,多云,24,22,4,0.0,66,36
2026-05-21 14:00:48,2026-05-22,2,乒乓球厅-1号,11:00-12:00,0,1,可预约,￥5.0,多云,25,23,4,0.0,66,36
2026-05-21 14:30:45,2026-05-22,2,乒乓球厅-1号,11:00-12:00,0,1,可预约,￥5.0,晴,25,25,3,0.0,65,39
2026-05-21 15:00:45,2026-05-22,2,乒乓球厅-1号,11:00-12:00,0,1,可预约,￥5.0,晴,25,22,4,0.0,56,39
2026-05-21 15:30:43,2026-05-22,2,乒乓球厅-1号,11:00-12:00,0,1,可预约,￥5.0,晴,25,23,4,0.0,57,40
2026-05-21 16:00:51,2026-05-22,2,乒乓球厅-1号,11:00-12:00,0,1,可预约,￥5.0,晴,25,23,4,0.0,57,40
2026-05-21 16:30:48,2026-05-22,2,乒乓球厅-1号,11:00-12:00,0,1,可预约,￥5.0,晴,25,24,3,0.0,60,39
2026-05-21 17:00:49,2026-05-22,2,乒乓球厅-1号,11:00-12:00,0,1,可预约,￥5.0,晴,25,24,4,0.0,61,39
2026-05-21 17:30:47,2026-05-22,2,乒乓球厅-1号,11:00-12:00,0,1,可预约,￥5.0,多云,24,23,3,0.0,64,39
2026-05-21 18:00:50,2026-05-22,2,乒乓球厅-1号,11:00-12:00,0,1,可预约,￥5.0,多云,24,23,3,0.0,68,39
2026-05-21 18:30:50,2026-05-22,2,乒乓球厅-1号,11:00-12:00,0,1,可预约,￥5.0,阴,24,25,2,0.0,68,40
2026-05-21 19:00:50,2026-05-22,2,乒乓球厅-1号,11:00-12:00,0,1,可预约,￥5.0,阴,23,23,3,0.0,76,40
2026-05-21 19:30:46,2026-05-22,2,乒乓球厅-1号,11:00-12:00,0,1,可预约,￥5.0,阴,23,24,2,0.0,77,39
2026-05-21 20:00:49,2026-05-22,2,乒乓球厅-1号,11:00-12:00,0,1,可预约,￥5.0,雾,22,23,2,0.0,89,39
2026-05-21 20:30:44,2026-05-22,2,乒乓球厅-1号,11:00-12:00,0,1,可预约,￥5.0,雾,22,24,2,0.0,93,43
2026-05-21 21:00:56,2026-05-22,2,乒乓球厅-1号,11:00-12:00,0,1,可预约,￥5.0,雾,20,21,2,0.0,98,43
2026-05-21 21:30:46,2026-05-22,2,乒乓球厅-1号,11:00-12:00,0,1,可预约,￥5.0,雾,20,22,1,0.0,99,41
2026-05-21 22:01:02,2026-05-22,2,乒乓球厅-1号,11:00-12:00,0,1,可预约,￥5.0,雾,19,20,2,0.0,93,41
2026-05-21 22:30:47,2026-05-22,2,乒乓球厅-1号,11:00-12:00,0,1,可预约,￥5.0,雾,19,19,3,0.0,88,46
2026-05-21 23:00:56,2026-05-22,2,乒乓球厅-1号,11:00-12:00,0,1,可预约,￥5.0,多云,18,17,3,0.0,85,46
2026-05-21 23:30:55,2026-05-22,2,乒乓球厅-1号,11:00-12:00,0,1,可预约,￥5.0,多云,18,17,3,0.0,85,48
2026-05-21 08:00:45,2026-05-22,2,乒乓球厅-1号,12:00-12:55,0,1,可预约,￥0.0,晴,17,12,5,0.0,86,29
2026-05-21 08:02:30,2026-05-22,2,乒乓球厅-1号,12:00-12:55,0,1,可预约,￥0.0,多云,17,12,5,0.0,87,29
2026-05-21 08:05:36,2026-05-22,2,乒乓球厅-1号,12:00-12:55,0,1,可预约,￥0.0,多云,17,12,5,0.0,86,29
2026-05-21 08:08:31,2026-05-22,2,乒乓球厅-1号,12:00-12:55,0,1,可预约,￥0.0,多云,17,12,5,0.0,86,29
2026-05-21 08:11:30,2026-05-22,2,乒乓球厅-1号,12:00-12:55,0,1,可预约,￥0.0,多云,17,12,5,0.0,86,29
2026-05-21 08:14:31,2026-05-22,2,乒乓球厅-1号,12:00-12:55,0,1,可预约,￥0.0,多云,17,12,5,0.0,86,29
2026-05-21 08:17:30,2026-05-22,2,乒乓球厅-1号,12:00-12:55,0,1,可预约,￥0.0,多云,17,12,5,0.0,86,29
2026-05-21 08:20:35,2026-05-22,2,乒乓球厅-1号,12:00-12:55,0,1,可预约,￥0.0,多云,17,14,4,0.0,85,29
2026-05-21 08:25:32,2026-05-22,2,乒乓球厅-1号,12:00-12:55,0,1,可预约,￥0.0,多云,17,14,4,0.0,85,28
2026-05-21 08:30:42,2026-05-22,2,乒乓球厅-1号,12:00-12:55,0,1,可预约,￥0.0,多云,18,15,4,0.0,84,28
2026-05-21 08:35:31,2026-05-22,2,乒乓球厅-1号,12:00-12:55,0,1,可预约,￥0.0,多云,18,15,4,0.0,84,28
2026-05-21 08:40:38,2026-05-22,2,乒乓球厅-1号,12:00-12:55,0,1,可预约,￥0.0,多云,18,15,4,0.0,82,28
2026-05-21 08:45:33,2026-05-22,2,乒乓球厅-1号,12:00-12:55,0,1,可预约,￥0.0,多云,18,15,4,0.0,82,28
2026-05-21 08:50:36,2026-05-22,2,乒乓球厅-1号,12:00-12:55,0,1,可预约,￥0.0,多云,18,15,4,0.0,82,28
2026-05-21 08:55:34,2026-05-22,2,乒乓球厅-1号,12:00-12:55,0,1,可预约,￥0.0,多云,18,15,4,0.0,84,28
2026-05-21 09:00:51,2026-05-22,2,乒乓球厅-1号,12:00-12:55,0,1,可预约,￥0.0,多云,18,15,4,0.0,84,28
2026-05-21 09:01:59,2026-05-22,2,乒乓球厅-1号,12:00-12:55,0,1,可预约,￥0.0,多云,18,15,4,0.0,83,28
2026-05-21 09:05:33,2026-05-22,2,乒乓球厅-1号,12:00-12:55,0,1,可预约,￥0.0,多云,18,15,4,0.0,83,28
2026-05-21 09:20:38,2026-05-22,2,乒乓球厅-1号,12:00-12:55,0,1,可预约,￥0.0,多云,18,16,3,0.0,81,28
2026-05-21 09:30:46,2026-05-22,2,乒乓球厅-1号,12:00-12:55,0,1,可预约,￥0.0,多云,18,16,3,0.0,81,32
2026-05-21 09:40:36,2026-05-22,2,乒乓球厅-1号,12:00-12:55,0,1,可预约,￥0.0,多云,19,17,3,0.0,79,32
2026-05-21 09:50:42,2026-05-22,2,乒乓球厅-1号,12:00-12:55,0,1,可预约,￥0.0,多云,19,17,4,0.0,81,32
2026-05-21 10:00:46,2026-05-22,2,乒乓球厅-1号,12:00-12:55,0,1,可预约,￥0.0,多云,19,17,4,0.0,79,32
2026-05-21 10:10:40,2026-05-22,2,乒乓球厅-1号,12:00-12:55,0,1,可预约,￥0.0,多云,19,17,4,0.0,79,32
2026-05-21 10:20:38,2026-05-22,2,乒乓球厅-1号,12:00-12:55,0,1,可预约,￥0.0,多云,19,17,4,0.0,79,32
2026-05-21 10:30:41,2026-05-22,2,乒乓球厅-1号,12:00-12:55,0,1,可预约,￥0.0,多云,19,18,3,0.0,78,31
2026-05-21 11:00:44,2026-05-22,2,乒乓球厅-1号,12:00-12:55,0,1,可预约,￥0.0,多云,21,17,5,0.0,74,31
2026-05-21 11:30:38,2026-05-22,2,乒乓球厅-1号,12:00-12:55,0,1,可预约,￥0.0,多云,21,19,3,0.0,72,33
2026-05-21 12:00:46,2026-05-22,2,乒乓球厅-1号,12:00-12:55,0,1,可预约,￥0.0,多云,22,19,4,0.0,70,33
2026-05-21 12:30:42,2026-05-22,2,乒乓球厅-1号,12:00-12:55,0,1,可预约,￥0.0,多云,22,21,3,0.0,68,35
2026-05-21 13:00:43,2026-05-22,2,乒乓球厅-1号,12:00-12:55,0,1,可预约,￥0.0,多云,24,22,4,0.0,66,35
2026-05-21 13:30:43,2026-05-22,2,乒乓球厅-1号,12:00-12:55,0,1,可预约,￥0.0,多云,24,22,4,0.0,66,36
2026-05-21 14:00:48,2026-05-22,2,乒乓球厅-1号,12:00-12:55,0,1,可预约,￥0.0,多云,25,23,4,0.0,66,36
2026-05-21 14:30:45,2026-05-22,2,乒乓球厅-1号,12:00-12:55,0,1,可预约,￥0.0,晴,25,25,3,0.0,65,39
2026-05-21 15:00:45,2026-05-22,2,乒乓球厅-1号,12:00-12:55,0,1,可预约,￥0.0,晴,25,22,4,0.0,56,39
2026-05-21 15:30:43,2026-05-22,2,乒乓球厅-1号,12:00-12:55,0,1,可预约,￥0.0,晴,25,23,4,0.0,57,40
2026-05-21 16:00:51,2026-05-22,2,乒乓球厅-1号,12:00-12:55,0,1,可预约,￥0.0,晴,25,23,4,0.0,57,40
2026-05-21 16:30:48,2026-05-22,2,乒乓球厅-1号,12:00-12:55,0,1,可预约,￥0.0,晴,25,24,3,0.0,60,39
2026-05-21 17:00:49,2026-05-22,2,乒乓球厅-1号,12:00-12:55,0,1,可预约,￥0.0,晴,25,24,4,0.0,61,39
2026-05-21 17:30:47,2026-05-22,2,乒乓球厅-1号,12:00-12:55,0,1,可预约,￥0.0,多云,24,23,3,0.0,64,39
2026-05-21 18:00:50,2026-05-22,2,乒乓球厅-1号,12:00-12:55,0,1,可预约,￥0.0,多云,24,23,3,0.0,68,39
2026-05-21 18:30:50,2026-05-22,2,乒乓球厅-1号,12:00-12:55,0,1,可预约,￥0.0,阴,24,25,2,0.0,68,40
2026-05-21 19:00:50,2026-05-22,2,乒乓球厅-1号,12:00-12:55,0,1,可预约,￥0.0,阴,23,23,3,0.0,76,40
2026-05-21 19:30:46,2026-05-22,2,乒乓球厅-1号,12:00-12:55,0,1,可预约,￥0.0,阴,23,24,2,0.0,77,39
2026-05-21 20:00:49,2026-05-22,2,乒乓球厅-1号,12:00-12:55,0,1,可预约,￥0.0,雾,22,23,2,0.0,89,39
2026-05-21 20:30:44,2026-05-22,2,乒乓球厅-1号,12:00-12:55,0,1,可预约,￥0.0,雾,22,24,2,0.0,93,43
2026-05-21 21:00:56,2026-05-22,2,乒乓球厅-1号,12:00-12:55,0,1,可预约,￥0.0,雾,20,21,2,0.0,98,43
2026-05-21 21:30:46,2026-05-22,2,乒乓球厅-1号,12:00-12:55,0,1,可预约,￥0.0,雾,20,22,1,0.0,99,41
2026-05-21 22:01:02,2026-05-22,2,乒乓球厅-1号,12:00-12:55,0,1,可预约,￥0.0,雾,19,20,2,0.0,93,41
2026-05-21 22:30:47,2026-05-22,2,乒乓球厅-1号,12:00-12:55,0,1,可预约,￥0.0,雾,19,19,3,0.0,88,46
2026-05-21 23:00:56,2026-05-22,2,乒乓球厅-1号,12:00-12:55,0,1,可预约,￥0.0,多云,18,17,3,0.0,85,46
2026-05-21 23:30:55,2026-05-22,2,乒乓球厅-1号,12:00-12:55,0,1,可预约,￥0.0,多云,18,17,3,0.0,85,48
2026-05-21 08:00:45,2026-05-22,2,乒乓球厅-1号,12:55-13:50,0,1,可预约,￥0.0,晴,17,12,5,0.0,86,29
2026-05-21 08:02:30,2026-05-22,2,乒乓球厅-1号,12:55-13:50,0,1,可预约,￥0.0,多云,17,12,5,0.0,87,29
2026-05-21 08:05:36,2026-05-22,2,乒乓球厅-1号,12:55-13:50,0,1,可预约,￥0.0,多云,17,12,5,0.0,86,29
2026-05-21 08:08:31,2026-05-22,2,乒乓球厅-1号,12:55-13:50,0,1,可预约,￥0.0,多云,17,12,5,0.0,86,29
2026-05-21 08:11:30,2026-05-22,2,乒乓球厅-1号,12:55-13:50,0,1,可预约,￥0.0,多云,17,12,5,0.0,86,29
2026-05-21 08:14:31,2026-05-22,2,乒乓球厅-1号,12:55-13:50,0,1,可预约,￥0.0,多云,17,12,5,0.0,86,29
2026-05-21 08:17:30,2026-05-22,2,乒乓球厅-1号,12:55-13:50,0,1,可预约,￥0.0,多云,17,12,5,0.0,86,29
2026-05-21 08:20:35,2026-05-22,2,乒乓球厅-1号,12:55-13:50,0,1,可预约,￥0.0,多云,17,14,4,0.0,85,29
2026-05-21 08:25:32,2026-05-22,2,乒乓球厅-1号,12:55-13:50,0,1,可预约,￥0.0,多云,17,14,4,0.0,85,28
2026-05-21 08:30:42,2026-05-22,2,乒乓球厅-1号,12:55-13:50,0,1,可预约,￥0.0,多云,18,15,4,0.0,84,28
2026-05-21 08:35:31,2026-05-22,2,乒乓球厅-1号,12:55-13:50,0,1,可预约,￥0.0,多云,18,15,4,0.0,84,28
2026-05-21 08:40:38,2026-05-22,2,乒乓球厅-1号,12:55-13:50,0,1,可预约,￥0.0,多云,18,15,4,0.0,82,28
2026-05-21 08:45:33,2026-05-22,2,乒乓球厅-1号,12:55-13:50,0,1,可预约,￥0.0,多云,18,15,4,0.0,82,28
2026-05-21 08:50:36,2026-05-22,2,乒乓球厅-1号,12:55-13:50,0,1,可预约,￥0.0,多云,18,15,4,0.0,82,28
2026-05-21 08:55:34,2026-05-22,2,乒乓球厅-1号,12:55-13:50,0,1,可预约,￥0.0,多云,18,15,4,0.0,84,28
2026-05-21 09:00:51,2026-05-22,2,乒乓球厅-1号,12:55-13:50,0,1,可预约,￥0.0,多云,18,15,4,0.0,84,28
2026-05-21 09:01:59,2026-05-22,2,乒乓球厅-1号,12:55-13:50,0,1,可预约,￥0.0,多云,18,15,4,0.0,83,28
2026-05-21 09:05:33,2026-05-22,2,乒乓球厅-1号,12:55-13:50,0,1,可预约,￥0.0,多云,18,15,4,0.0,83,28
2026-05-21 09:20:38,2026-05-22,2,乒乓球厅-1号,12:55-13:50,0,1,可预约,￥0.0,多云,18,16,3,0.0,81,28
2026-05-21 09:30:46,2026-05-22,2,乒乓球厅-1号,12:55-13:50,0,1,可预约,￥0.0,多云,18,16,3,0.0,81,32
2026-05-21 09:40:36,2026-05-22,2,乒乓球厅-1号,12:55-13:50,0,1,可预约,￥0.0,多云,19,17,3,0.0,79,32
2026-05-21 09:50:42,2026-05-22,2,乒乓球厅-1号,12:55-13:50,0,1,可预约,￥0.0,多云,19,17,4,0.0,81,32
2026-05-21 10:00:46,2026-05-22,2,乒乓球厅-1号,12:55-13:50,0,1,可预约,￥0.0,多云,19,17,4,0.0,79,32
2026-05-21 10:10:40,2026-05-22,2,乒乓球厅-1号,12:55-13:50,0,1,可预约,￥0.0,多云,19,17,4,0.0,79,32
2026-05-21 10:20:38,2026-05-22,2,乒乓球厅-1号,12:55-13:50,0,1,可预约,￥0.0,多云,19,17,4,0.0,79,32
2026-05-21 10:30:41,2026-05-22,2,乒乓球厅-1号,12:55-13:50,0,1,可预约,￥0.0,多云,19,18,3,0.0,78,31
2026-05-21 11:00:44,2026-05-22,2,乒乓球厅-1号,12:55-13:50,0,1,可预约,￥0.0,多云,21,17,5,0.0,74,31
2026-05-21 11:30:38,2026-05-22,2,乒乓球厅-1号,12:55-13:50,0,1,可预约,￥0.0,多云,21,19,3,0.0,72,33
2026-05-21 12:00:46,2026-05-22,2,乒乓球厅-1号,12:55-13:50,0,1,可预约,￥0.0,多云,22,19,4,0.0,70,33
2026-05-21 12:30:42,2026-05-22,2,乒乓球厅-1号,12:55-13:50,0,1,可预约,￥0.0,多云,22,21,3,0.0,68,35
2026-05-21 13:00:43,2026-05-22,2,乒乓球厅-1号,12:55-13:50,0,1,可预约,￥0.0,多云,24,22,4,0.0,66,35
2026-05-21 13:30:43,2026-05-22,2,乒乓球厅-1号,12:55-13:50,0,1,可预约,￥0.0,多云,24,22,4,0.0,66,36
2026-05-21 14:00:48,2026-05-22,2,乒乓球厅-1号,12:55-13:50,0,1,可预约,￥0.0,多云,25,23,4,0.0,66,36
2026-05-21 14:30:45,2026-05-22,2,乒乓球厅-1号,12:55-13:50,0,1,可预约,￥0.0,晴,25,25,3,0.0,65,39
2026-05-21 15:00:45,2026-05-22,2,乒乓球厅-1号,12:55-13:50,0,1,可预约,￥0.0,晴,25,22,4,0.0,56,39
2026-05-21 15:30:43,2026-05-22,2,乒乓球厅-1号,12:55-13:50,0,1,可预约,￥0.0,晴,25,23,4,0.0,57,40
2026-05-21 16:00:51,2026-05-22,2,乒乓球厅-1号,12:55-13:50,0,1,可预约,￥0.0,晴,25,23,4,0.0,57,40
2026-05-21 16:30:48,2026-05-22,2,乒乓球厅-1号,12:55-13:50,0,1,可预约,￥0.0,晴,25,24,3,0.0,60,39
2026-05-21 17:00:49,2026-05-22,2,乒乓球厅-1号,12:55-13:50,0,1,可预约,￥0.0,晴,25,24,4,0.0,61,39
2026-05-21 17:30:47,2026-05-22,2,乒乓球厅-1号,12:55-13:50,0,1,可预约,￥0.0,多云,24,23,3,0.0,64,39
2026-05-21 18:00:50,2026-05-22,2,乒乓球厅-1号,12:55-13:50,0,1,可预约,￥0.0,多云,24,23,3,0.0,68,39
2026-05-21 18:30:50,2026-05-22,2,乒乓球厅-1号,12:55-13:50,0,1,可预约,￥0.0,阴,24,25,2,0.0,68,40
2026-05-21 19:00:50,2026-05-22,2,乒乓球厅-1号,12:55-13:50,0,1,可预约,￥0.0,阴,23,23,3,0.0,76,40
2026-05-21 19:30:46,2026-05-22,2,乒乓球厅-1号,12:55-13:50,0,1,可预约,￥0.0,阴,23,24,2,0.0,77,39
2026-05-21 20:00:49,2026-05-22,2,乒乓球厅-1号,12:55-13:50,0,1,可预约,￥0.0,雾,22,23,2,0.0,89,39
2026-05-21 20:30:44,2026-05-22,2,乒乓球厅-1号,12:55-13:50,0,1,可预约,￥0.0,雾,22,24,2,0.0,93,43
2026-05-21 21:00:56,2026-05-22,2,乒乓球厅-1号,12:55-13:50,0,1,可预约,￥0.0,雾,20,21,2,0.0,98,43
2026-05-21 21:30:46,2026-05-22,2,乒乓球厅-1号,12:55-13:50,0,1,可预约,￥0.0,雾,20,22,1,0.0,99,41
2026-05-21 22:01:02,2026-05-22,2,乒乓球厅-1号,12:55-13:50,0,1,可预约,￥0.0,雾,19,20,2,0.0,93,41
2026-05-21 22:30:47,2026-05-22,2,乒乓球厅-1号,12:55-13:50,0,1,可预约,￥0.0,雾,19,19,3,0.0,88,46
2026-05-21 23:00:56,2026-05-22,2,乒乓球厅-1号,12:55-13:50,0,1,可预约,￥0.0,多云,18,17,3,0.0,85,46
2026-05-21 23:30:55,2026-05-22,2,乒乓球厅-1号,12:55-13:50,0,1,可预约,￥0.0,多云,18,17,3,0.0,85,48
2026-05-21 08:00:45,2026-05-22,2,乒乓球厅-1号,14:00-15:00,1,1,已售/已满,教学时间,晴,17,12,5,0.0,86,29
2026-05-21 08:02:30,2026-05-22,2,乒乓球厅-1号,14:00-15:00,1,1,已售/已满,教学时间,多云,17,12,5,0.0,87,29
2026-05-21 08:05:36,2026-05-22,2,乒乓球厅-1号,14:00-15:00,1,1,已售/已满,教学时间,多云,17,12,5,0.0,86,29
2026-05-21 08:08:31,2026-05-22,2,乒乓球厅-1号,14:00-15:00,1,1,已售/已满,教学时间,多云,17,12,5,0.0,86,29
2026-05-21 08:11:30,2026-05-22,2,乒乓球厅-1号,14:00-15:00,1,1,已售/已满,教学时间,多云,17,12,5,0.0,86,29
2026-05-21 08:14:31,2026-05-22,2,乒乓球厅-1号,14:00-15:00,1,1,已售/已满,教学时间,多云,17,12,5,0.0,86,29
2026-05-21 08:17:30,2026-05-22,2,乒乓球厅-1号,14:00-15:00,1,1,已售/已满,教学时间,多云,17,12,5,0.0,86,29
2026-05-21 08:20:35,2026-05-22,2,乒乓球厅-1号,14:00-15:00,1,1,已售/已满,教学时间,多云,17,14,4,0.0,85,29
2026-05-21 08:25:32,2026-05-22,2,乒乓球厅-1号,14:00-15:00,1,1,已售/已满,教学时间,多云,17,14,4,0.0,85,28
2026-05-21 08:30:42,2026-05-22,2,乒乓球厅-1号,14:00-15:00,1,1,已售/已满,教学时间,多云,18,15,4,0.0,84,28
2026-05-21 08:35:31,2026-05-22,2,乒乓球厅-1号,14:00-15:00,1,1,已售/已满,教学时间,多云,18,15,4,0.0,84,28
2026-05-21 08:40:38,2026-05-22,2,乒乓球厅-1号,14:00-15:00,1,1,已售/已满,教学时间,多云,18,15,4,0.0,82,28
2026-05-21 08:45:33,2026-05-22,2,乒乓球厅-1号,14:00-15:00,1,1,已售/已满,教学时间,多云,18,15,4,0.0,82,28
2026-05-21 08:50:36,2026-05-22,2,乒乓球厅-1号,14:00-15:00,1,1,已售/已满,教学时间,多云,18,15,4,0.0,82,28
2026-05-21 08:55:34,2026-05-22,2,乒乓球厅-1号,14:00-15:00,1,1,已售/已满,教学时间,多云,18,15,4,0.0,84,28
2026-05-21 09:00:51,2026-05-22,2,乒乓球厅-1号,14:00-15:00,1,1,已售/已满,教学时间,多云,18,15,4,0.0,84,28
2026-05-21 09:01:59,2026-05-22,2,乒乓球厅-1号,14:00-15:00,1,1,已售/已满,教学时间,多云,18,15,4,0.0,83,28
2026-05-21 09:05:33,2026-05-22,2,乒乓球厅-1号,14:00-15:00,1,1,已售/已满,教学时间,多云,18,15,4,0.0,83,28
2026-05-21 09:20:38,2026-05-22,2,乒乓球厅-1号,14:00-15:00,1,1,已售/已满,教学时间,多云,18,16,3,0.0,81,28
2026-05-21 09:30:46,2026-05-22,2,乒乓球厅-1号,14:00-15:00,1,1,已售/已满,教学时间,多云,18,16,3,0.0,81,32
2026-05-21 09:40:36,2026-05-22,2,乒乓球厅-1号,14:00-15:00,1,1,已售/已满,教学时间,多云,19,17,3,0.0,79,32
2026-05-21 09:50:42,2026-05-22,2,乒乓球厅-1号,14:00-15:00,1,1,已售/已满,教学时间,多云,19,17,4,0.0,81,32
2026-05-21 10:00:46,2026-05-22,2,乒乓球厅-1号,14:00-15:00,1,1,已售/已满,教学时间,多云,19,17,4,0.0,79,32
2026-05-21 10:10:40,2026-05-22,2,乒乓球厅-1号,14:00-15:00,1,1,已售/已满,教学时间,多云,19,17,4,0.0,79,32
2026-05-21 10:20:38,2026-05-22,2,乒乓球厅-1号,14:00-15:00,1,1,已售/已满,教学时间,多云,19,17,4,0.0,79,32
2026-05-21 10:30:41,2026-05-22,2,乒乓球厅-1号,14:00-15:00,1,1,已售/已满,教学时间,多云,19,18,3,0.0,78,31
2026-05-21 11:00:44,2026-05-22,2,乒乓球厅-1号,14:00-15:00,1,1,已售/已满,教学时间,多云,21,17,5,0.0,74,31
2026-05-21 11:30:38,2026-05-22,2,乒乓球厅-1号,14:00-15:00,1,1,已售/已满,教学时间,多云,21,19,3,0.0,72,33
2026-05-21 12:00:46,2026-05-22,2,乒乓球厅-1号,14:00-15:00,1,1,已售/已满,教学时间,多云,22,19,4,0.0,70,33
2026-05-21 12:30:42,2026-05-22,2,乒乓球厅-1号,14:00-15:00,1,1,已售/已满,教学时间,多云,22,21,3,0.0,68,35
2026-05-21 13:00:43,2026-05-22,2,乒乓球厅-1号,14:00-15:00,1,1,已售/已满,教学时间,多云,24,22,4,0.0,66,35
2026-05-21 13:30:43,2026-05-22,2,乒乓球厅-1号,14:00-15:00,1,1,已售/已满,教学时间,多云,24,22,4,0.0,66,36
2026-05-21 14:00:48,2026-05-22,2,乒乓球厅-1号,14:00-15:00,1,1,已售/已满,教学时间,多云,25,23,4,0.0,66,36
2026-05-21 14:30:45,2026-05-22,2,乒乓球厅-1号,14:00-15:00,1,1,已售/已满,教学时间,晴,25,25,3,0.0,65,39
2026-05-21 15:00:45,2026-05-22,2,乒乓球厅-1号,14:00-15:00,1,1,已售/已满,教学时间,晴,25,22,4,0.0,56,39
2026-05-21 15:30:43,2026-05-22,2,乒乓球厅-1号,14:00-15:00,1,1,已售/已满,教学时间,晴,25,23,4,0.0,57,40
2026-05-21 16:00:51,2026-05-22,2,乒乓球厅-1号,14:00-15:00,1,1,已售/已满,教学时间,晴,25,23,4,0.0,57,40
2026-05-21 16:30:48,2026-05-22,2,乒乓球厅-1号,14:00-15:00,1,1,已售/已满,教学时间,晴,25,24,3,0.0,60,39
2026-05-21 17:00:49,2026-05-22,2,乒乓球厅-1号,14:00-15:00,1,1,已售/已满,教学时间,晴,25,24,4,0.0,61,39
2026-05-21 17:30:47,2026-05-22,2,乒乓球厅-1号,14:00-15:00,1,1,已售/已满,教学时间,多云,24,23,3,0.0,64,39
2026-05-21 18:00:50,2026-05-22,2,乒乓球厅-1号,14:00-15:00,1,1,已售/已满,教学时间,多云,24,23,3,0.0,68,39
2026-05-21 18:30:50,2026-05-22,2,乒乓球厅-1号,14:00-15:00,1,1,已售/已满,教学时间,阴,24,25,2,0.0,68,40
2026-05-21 19:00:50,2026-05-22,2,乒乓球厅-1号,14:00-15:00,1,1,已售/已满,教学时间,阴,23,23,3,0.0,76,40
2026-05-21 19:30:46,2026-05-22,2,乒乓球厅-1号,14:00-15:00,1,1,已售/已满,教学时间,阴,23,24,2,0.0,77,39
2026-05-21 20:00:49,2026-05-22,2,乒乓球厅-1号,14:00-15:00,1,1,已售/已满,教学时间,雾,22,23,2,0.0,89,39
2026-05-21 20:30:44,2026-05-22,2,乒乓球厅-1号,14:00-15:00,1,1,已售/已满,教学时间,雾,22,24,2,0.0,93,43
2026-05-21 21:00:56,2026-05-22,2,乒乓球厅-1号,14:00-15:00,1,1,已售/已满,教学时间,雾,20,21,2,0.0,98,43
2026-05-21 21:30:46,2026-05-22,2,乒乓球厅-1号,14:00-15:00,1,1,已售/已满,教学时间,雾,20,22,1,0.0,99,41
2026-05-21 22:01:02,2026-05-22,2,乒乓球厅-1号,14:00-15:00,1,1,已售/已满,教学时间,雾,19,20,2,0.0,93,41
2026-05-21 22:30:47,2026-05-22,2,乒乓球厅-1号,14:00-15:00,1,1,已售/已满,教学时间,雾,19,19,3,0.0,88,46
2026-05-21 23:00:56,2026-05-22,2,乒乓球厅-1号,14:00-15:00,1,1,已售/已满,教学时间,多云,18,17,3,0.0,85,46
2026-05-21 23:30:55,2026-05-22,2,乒乓球厅-1号,14:00-15:00,1,1,已售/已满,教学时间,多云,18,17,3,0.0,85,48
2026-05-21 08:00:45,2026-05-22,2,乒乓球厅-1号,15:00-16:00,1,1,已售/已满,教学时间,晴,17,12,5,0.0,86,29
2026-05-21 08:02:30,2026-05-22,2,乒乓球厅-1号,15:00-16:00,1,1,已售/已满,教学时间,多云,17,12,5,0.0,87,29
2026-05-21 08:05:36,2026-05-22,2,乒乓球厅-1号,15:00-16:00,1,1,已售/已满,教学时间,多云,17,12,5,0.0,86,29
2026-05-21 08:08:31,2026-05-22,2,乒乓球厅-1号,15:00-16:00,1,1,已售/已满,教学时间,多云,17,12,5,0.0,86,29
2026-05-21 08:11:30,2026-05-22,2,乒乓球厅-1号,15:00-16:00,1,1,已售/已满,教学时间,多云,17,12,5,0.0,86,29
2026-05-21 08:14:31,2026-05-22,2,乒乓球厅-1号,15:00-16:00,1,1,已售/已满,教学时间,多云,17,12,5,0.0,86,29
2026-05-21 08:17:30,2026-05-22,2,乒乓球厅-1号,15:00-16:00,1,1,已售/已满,教学时间,多云,17,12,5,0.0,86,29
2026-05-21 08:20:35,2026-05-22,2,乒乓球厅-1号,15:00-16:00,1,1,已售/已满,教学时间,多云,17,14,4,0.0,85,29
2026-05-21 08:25:32,2026-05-22,2,乒乓球厅-1号,15:00-16:00,1,1,已售/已满,教学时间,多云,17,14,4,0.0,85,28
2026-05-21 08:30:42,2026-05-22,2,乒乓球厅-1号,15:00-16:00,1,1,已售/已满,教学时间,多云,18,15,4,0.0,84,28
2026-05-21 08:35:31,2026-05-22,2,乒乓球厅-1号,15:00-16:00,1,1,已售/已满,教学时间,多云,18,15,4,0.0,84,28
2026-05-21 08:40:38,2026-05-22,2,乒乓球厅-1号,15:00-16:00,1,1,已售/已满,教学时间,多云,18,15,4,0.0,82,28
2026-05-21 08:45:33,2026-05-22,2,乒乓球厅-1号,15:00-16:00,1,1,已售/已满,教学时间,多云,18,15,4,0.0,82,28
2026-05-21 08:50:36,2026-05-22,2,乒乓球厅-1号,15:00-16:00,1,1,已售/已满,教学时间,多云,18,15,4,0.0,82,28
2026-05-21 08:55:34,2026-05-22,2,乒乓球厅-1号,15:00-16:00,1,1,已售/已满,教学时间,多云,18,15,4,0.0,84,28
2026-05-21 09:00:51,2026-05-22,2,乒乓球厅-1号,15:00-16:00,1,1,已售/已满,教学时间,多云,18,15,4,0.0,84,28
2026-05-21 09:01:59,2026-05-22,2,乒乓球厅-1号,15:00-16:00,1,1,已售/已满,教学时间,多云,18,15,4,0.0,83,28
2026-05-21 09:05:33,2026-05-22,2,乒乓球厅-1号,15:00-16:00,1,1,已售/已满,教学时间,多云,18,15,4,0.0,83,28
2026-05-21 09:20:38,2026-05-22,2,乒乓球厅-1号,15:00-16:00,1,1,已售/已满,教学时间,多云,18,16,3,0.0,81,28
2026-05-21 09:30:46,2026-05-22,2,乒乓球厅-1号,15:00-16:00,1,1,已售/已满,教学时间,多云,18,16,3,0.0,81,32
2026-05-21 09:40:36,2026-05-22,2,乒乓球厅-1号,15:00-16:00,1,1,已售/已满,教学时间,多云,19,17,3,0.0,79,32
2026-05-21 09:50:42,2026-05-22,2,乒乓球厅-1号,15:00-16:00,1,1,已售/已满,教学时间,多云,19,17,4,0.0,81,32
2026-05-21 10:00:46,2026-05-22,2,乒乓球厅-1号,15:00-16:00,1,1,已售/已满,教学时间,多云,19,17,4,0.0,79,32
2026-05-21 10:10:40,2026-05-22,2,乒乓球厅-1号,15:00-16:00,1,1,已售/已满,教学时间,多云,19,17,4,0.0,79,32
2026-05-21 10:20:38,2026-05-22,2,乒乓球厅-1号,15:00-16:00,1,1,已售/已满,教学时间,多云,19,17,4,0.0,79,32
2026-05-21 10:30:41,2026-05-22,2,乒乓球厅-1号,15:00-16:00,1,1,已售/已满,教学时间,多云,19,18,3,0.0,78,31
2026-05-21 11:00:44,2026-05-22,2,乒乓球厅-1号,15:00-16:00,1,1,已售/已满,教学时间,多云,21,17,5,0.0,74,31
2026-05-21 11:30:38,2026-05-22,2,乒乓球厅-1号,15:00-16:00,1,1,已售/已满,教学时间,多云,21,19,3,0.0,72,33
2026-05-21 12:00:46,2026-05-22,2,乒乓球厅-1号,15:00-16:00,1,1,已售/已满,教学时间,多云,22,19,4,0.0,70,33
2026-05-21 12:30:42,2026-05-22,2,乒乓球厅-1号,15:00-16:00,1,1,已售/已满,教学时间,多云,22,21,3,0.0,68,35
2026-05-21 13:00:43,2026-05-22,2,乒乓球厅-1号,15:00-16:00,1,1,已售/已满,教学时间,多云,24,22,4,0.0,66,35
2026-05-21 13:30:43,2026-05-22,2,乒乓球厅-1号,15:00-16:00,1,1,已售/已满,教学时间,多云,24,22,4,0.0,66,36
2026-05-21 14:00:48,2026-05-22,2,乒乓球厅-1号,15:00-16:00,1,1,已售/已满,教学时间,多云,25,23,4,0.0,66,36
2026-05-21 14:30:45,2026-05-22,2,乒乓球厅-1号,15:00-16:00,1,1,已售/已满,教学时间,晴,25,25,3,0.0,65,39
2026-05-21 15:00:45,2026-05-22,2,乒乓球厅-1号,15:00-16:00,1,1,已售/已满,教学时间,晴,25,22,4,0.0,56,39
2026-05-21 15:30:43,2026-05-22,2,乒乓球厅-1号,15:00-16:00,1,1,已售/已满,教学时间,晴,25,23,4,0.0,57,40
2026-05-21 16:00:51,2026-05-22,2,乒乓球厅-1号,15:00-16:00,1,1,已售/已满,教学时间,晴,25,23,4,0.0,57,40
2026-05-21 16:30:48,2026-05-22,2,乒乓球厅-1号,15:00-16:00,1,1,已售/已满,教学时间,晴,25,24,3,0.0,60,39
2026-05-21 17:00:49,2026-05-22,2,乒乓球厅-1号,15:00-16:00,1,1,已售/已满,教学时间,晴,25,24,4,0.0,61,39
2026-05-21 17:30:47,2026-05-22,2,乒乓球厅-1号,15:00-16:00,1,1,已售/已满,教学时间,多云,24,23,3,0.0,64,39
2026-05-21 18:00:50,2026-05-22,2,乒乓球厅-1号,15:00-16:00,1,1,已售/已满,教学时间,多云,24,23,3,0.0,68,39
2026-05-21 18:30:50,2026-05-22,2,乒乓球厅-1号,15:00-16:00,1,1,已售/已满,教学时间,阴,24,25,2,0.0,68,40
2026-05-21 19:00:50,2026-05-22,2,乒乓球厅-1号,15:00-16:00,1,1,已售/已满,教学时间,阴,23,23,3,0.0,76,40
2026-05-21 19:30:46,2026-05-22,2,乒乓球厅-1号,15:00-16:00,1,1,已售/已满,教学时间,阴,23,24,2,0.0,77,39
2026-05-21 20:00:49,2026-05-22,2,乒乓球厅-1号,15:00-16:00,1,1,已售/已满,教学时间,雾,22,23,2,0.0,89,39
2026-05-21 20:30:44,2026-05-22,2,乒乓球厅-1号,15:00-16:00,1,1,已售/已满,教学时间,雾,22,24,2,0.0,93,43
2026-05-21 21:00:56,2026-05-22,2,乒乓球厅-1号,15:00-16:00,1,1,已售/已满,教学时间,雾,20,21,2,0.0,98,43
2026-05-21 21:30:46,2026-05-22,2,乒乓球厅-1号,15:00-16:00,1,1,已售/已满,教学时间,雾,20,22,1,0.0,99,41
2026-05-21 22:01:02,2026-05-22,2,乒乓球厅-1号,15:00-16:00,1,1,已售/已满,教学时间,雾,19,20,2,0.0,93,41
2026-05-21 22:30:47,2026-05-22,2,乒乓球厅-1号,15:00-16:00,1,1,已售/已满,教学时间,雾,19,19,3,0.0,88,46
2026-05-21 23:00:56,2026-05-22,2,乒乓球厅-1号,15:00-16:00,1,1,已售/已满,教学时间,多云,18,17,3,0.0,85,46
2026-05-21 23:30:55,2026-05-22,2,乒乓球厅-1号,15:00-16:00,1,1,已售/已满,教学时间,多云,18,17,3,0.0,85,48
2026-05-21 08:00:45,2026-05-22,2,乒乓球厅-1号,16:00-17:00,0,1,可预约,￥5.0,晴,17,12,5,0.0,86,29
2026-05-21 08:02:30,2026-05-22,2,乒乓球厅-1号,16:00-17:00,0,1,可预约,￥5.0,多云,17,12,5,0.0,87,29
2026-05-21 08:05:36,2026-05-22,2,乒乓球厅-1号,16:00-17:00,0,1,可预约,￥5.0,多云,17,12,5,0.0,86,29
2026-05-21 08:08:31,2026-05-22,2,乒乓球厅-1号,16:00-17:00,0,1,可预约,￥5.0,多云,17,12,5,0.0,86,29
2026-05-21 08:11:30,2026-05-22,2,乒乓球厅-1号,16:00-17:00,0,1,可预约,￥5.0,多云,17,12,5,0.0,86,29
2026-05-21 08:14:31,2026-05-22,2,乒乓球厅-1号,16:00-17:00,0,1,可预约,￥5.0,多云,17,12,5,0.0,86,29
2026-05-21 08:17:30,2026-05-22,2,乒乓球厅-1号,16:00-17:00,0,1,可预约,￥5.0,多云,17,12,5,0.0,86,29
2026-05-21 08:20:35,2026-05-22,2,乒乓球厅-1号,16:00-17:00,0,1,可预约,￥5.0,多云,17,14,4,0.0,85,29
2026-05-21 08:25:32,2026-05-22,2,乒乓球厅-1号,16:00-17:00,0,1,可预约,￥5.0,多云,17,14,4,0.0,85,28
2026-05-21 08:30:42,2026-05-22,2,乒乓球厅-1号,16:00-17:00,0,1,可预约,￥5.0,多云,18,15,4,0.0,84,28
2026-05-21 08:35:31,2026-05-22,2,乒乓球厅-1号,16:00-17:00,0,1,可预约,￥5.0,多云,18,15,4,0.0,84,28
2026-05-21 08:40:38,2026-05-22,2,乒乓球厅-1号,16:00-17:00,0,1,可预约,￥5.0,多云,18,15,4,0.0,82,28
2026-05-21 08:45:33,2026-05-22,2,乒乓球厅-1号,16:00-17:00,0,1,可预约,￥5.0,多云,18,15,4,0.0,82,28
2026-05-21 08:50:36,2026-05-22,2,乒乓球厅-1号,16:00-17:00,0,1,可预约,￥5.0,多云,18,15,4,0.0,82,28
2026-05-21 08:55:34,2026-05-22,2,乒乓球厅-1号,16:00-17:00,0,1,可预约,￥5.0,多云,18,15,4,0.0,84,28
2026-05-21 09:00:51,2026-05-22,2,乒乓球厅-1号,16:00-17:00,0,1,可预约,￥5.0,多云,18,15,4,0.0,84,28
2026-05-21 09:01:59,2026-05-22,2,乒乓球厅-1号,16:00-17:00,0,1,可预约,￥5.0,多云,18,15,4,0.0,83,28
2026-05-21 09:05:33,2026-05-22,2,乒乓球厅-1号,16:00-17:00,0,1,可预约,￥5.0,多云,18,15,4,0.0,83,28
2026-05-21 09:20:38,2026-05-22,2,乒乓球厅-1号,16:00-17:00,0,1,可预约,￥5.0,多云,18,16,3,0.0,81,28
2026-05-21 09:30:46,2026-05-22,2,乒乓球厅-1号,16:00-17:00,0,1,可预约,￥5.0,多云,18,16,3,0.0,81,32
2026-05-21 09:40:36,2026-05-22,2,乒乓球厅-1号,16:00-17:00,0,1,可预约,￥5.0,多云,19,17,3,0.0,79,32
2026-05-21 09:50:42,2026-05-22,2,乒乓球厅-1号,16:00-17:00,0,1,可预约,￥5.0,多云,19,17,4,0.0,81,32
2026-05-21 10:00:46,2026-05-22,2,乒乓球厅-1号,16:00-17:00,0,1,可预约,￥5.0,多云,19,17,4,0.0,79,32
2026-05-21 10:10:40,2026-05-22,2,乒乓球厅-1号,16:00-17:00,0,1,可预约,￥5.0,多云,19,17,4,0.0,79,32
2026-05-21 10:20:38,2026-05-22,2,乒乓球厅-1号,16:00-17:00,0,1,可预约,￥5.0,多云,19,17,4,0.0,79,32
2026-05-21 10:30:41,2026-05-22,2,乒乓球厅-1号,16:00-17:00,0,1,可预约,￥5.0,多云,19,18,3,0.0,78,31
2026-05-21 11:00:44,2026-05-22,2,乒乓球厅-1号,16:00-17:00,0,1,可预约,￥5.0,多云,21,17,5,0.0,74,31
2026-05-21 11:30:38,2026-05-22,2,乒乓球厅-1号,16:00-17:00,0,1,可预约,￥5.0,多云,21,19,3,0.0,72,33
2026-05-21 12:00:46,2026-05-22,2,乒乓球厅-1号,16:00-17:00,0,1,可预约,￥5.0,多云,22,19,4,0.0,70,33
2026-05-21 12:30:42,2026-05-22,2,乒乓球厅-1号,16:00-17:00,0,1,可预约,￥5.0,多云,22,21,3,0.0,68,35
2026-05-21 13:00:43,2026-05-22,2,乒乓球厅-1号,16:00-17:00,0,1,可预约,￥5.0,多云,24,22,4,0.0,66,35
2026-05-21 13:30:43,2026-05-22,2,乒乓球厅-1号,16:00-17:00,0,1,可预约,￥5.0,多云,24,22,4,0.0,66,36
2026-05-21 14:00:48,2026-05-22,2,乒乓球厅-1号,16:00-17:00,0,1,可预约,￥5.0,多云,25,23,4,0.0,66,36
2026-05-21 14:30:45,2026-05-22,2,乒乓球厅-1号,16:00-17:00,0,1,可预约,￥5.0,晴,25,25,3,0.0,65,39
2026-05-21 15:00:45,2026-05-22,2,乒乓球厅-1号,16:00-17:00,0,1,可预约,￥5.0,晴,25,22,4,0.0,56,39
2026-05-21 15:30:43,2026-05-22,2,乒乓球厅-1号,16:00-17:00,0,1,可预约,￥5.0,晴,25,23,4,0.0,57,40
2026-05-21 16:00:51,2026-05-22,2,乒乓球厅-1号,16:00-17:00,0,1,可预约,￥5.0,晴,25,23,4,0.0,57,40
2026-05-21 16:30:48,2026-05-22,2,乒乓球厅-1号,16:00-17:00,0,1,可预约,￥5.0,晴,25,24,3,0.0,60,39
2026-05-21 17:00:49,2026-05-22,2,乒乓球厅-1号,16:00-17:00,0,1,可预约,￥5.0,晴,25,24,4,0.0,61,39
2026-05-21 17:30:47,2026-05-22,2,乒乓球厅-1号,16:00-17:00,0,1,可预约,￥5.0,多云,24,23,3,0.0,64,39
2026-05-21 18:00:50,2026-05-22,2,乒乓球厅-1号,16:00-17:00,0,1,可预约,￥5.0,多云,24,23,3,0.0,68,39
2026-05-21 18:30:50,2026-05-22,2,乒乓球厅-1号,16:00-17:00,0,1,可预约,￥5.0,阴,24,25,2,0.0,68,40
2026-05-21 19:00:50,2026-05-22,2,乒乓球厅-1号,16:00-17:00,0,1,可预约,￥5.0,阴,23,23,3,0.0,76,40
2026-05-21 19:30:46,2026-05-22,2,乒乓球厅-1号,16:00-17:00,0,1,可预约,￥5.0,阴,23,24,2,0.0,77,39
2026-05-21 20:00:49,2026-05-22,2,乒乓球厅-1号,16:00-17:00,0,1,可预约,￥5.0,雾,22,23,2,0.0,89,39
2026-05-21 20:30:44,2026-05-22,2,乒乓球厅-1号,16:00-17:00,0,1,可预约,￥5.0,雾,22,24,2,0.0,93,43
2026-05-21 21:00:56,2026-05-22,2,乒乓球厅-1号,16:00-17:00,0,1,可预约,￥5.0,雾,20,21,2,0.0,98,43
2026-05-21 21:30:46,2026-05-22,2,乒乓球厅-1号,16:00-17:00,0,1,可预约,￥5.0,雾,20,22,1,0.0,99,41
2026-05-21 22:01:02,2026-05-22,2,乒乓球厅-1号,16:00-17:00,0,1,可预约,￥5.0,雾,19,20,2,0.0,93,41
2026-05-21 22:30:47,2026-05-22,2,乒乓球厅-1号,16:00-17:00,0,1,可预约,￥5.0,雾,19,19,3,0.0,88,46
2026-05-21 23:00:56,2026-05-22,2,乒乓球厅-1号,16:00-17:00,0,1,可预约,￥5.0,多云,18,17,3,0.0,85,46
2026-05-21 23:30:55,2026-05-22,2,乒乓球厅-1号,16:00-17:00,0,1,可预约,￥5.0,多云,18,17,3,0.0,85,48
2026-05-21 08:00:45,2026-05-22,2,乒乓球厅-1号,17:00-18:00,0,1,可预约,￥5.0,晴,17,12,5,0.0,86,29
2026-05-21 08:02:30,2026-05-22,2,乒乓球厅-1号,17:00-18:00,0,1,可预约,￥5.0,多云,17,12,5,0.0,87,29
2026-05-21 08:05:36,2026-05-22,2,乒乓球厅-1号,17:00-18:00,0,1,可预约,￥5.0,多云,17,12,5,0.0,86,29
2026-05-21 08:08:31,2026-05-22,2,乒乓球厅-1号,17:00-18:00,0,1,可预约,￥5.0,多云,17,12,5,0.0,86,29
2026-05-21 08:11:30,2026-05-22,2,乒乓球厅-1号,17:00-18:00,0,1,可预约,￥5.0,多云,17,12,5,0.0,86,29
2026-05-21 08:14:31,2026-05-22,2,乒乓球厅-1号,17:00-18:00,0,1,可预约,￥5.0,多云,17,12,5,0.0,86,29
2026-05-21 08:17:30,2026-05-22,2,乒乓球厅-1号,17:00-18:00,0,1,可预约,￥5.0,多云,17,12,5,0.0,86,29
2026-05-21 08:20:35,2026-05-22,2,乒乓球厅-1号,17:00-18:00,0,1,可预约,￥5.0,多云,17,14,4,0.0,85,29
2026-05-21 08:25:32,2026-05-22,2,乒乓球厅-1号,17:00-18:00,0,1,可预约,￥5.0,多云,17,14,4,0.0,85,28
2026-05-21 08:30:42,2026-05-22,2,乒乓球厅-1号,17:00-18:00,0,1,可预约,￥5.0,多云,18,15,4,0.0,84,28
2026-05-21 08:35:31,2026-05-22,2,乒乓球厅-1号,17:00-18:00,0,1,可预约,￥5.0,多云,18,15,4,0.0,84,28
2026-05-21 08:40:38,2026-05-22,2,乒乓球厅-1号,17:00-18:00,0,1,可预约,￥5.0,多云,18,15,4,0.0,82,28
2026-05-21 08:45:33,2026-05-22,2,乒乓球厅-1号,17:00-18:00,0,1,可预约,￥5.0,多云,18,15,4,0.0,82,28
2026-05-21 08:50:36,2026-05-22,2,乒乓球厅-1号,17:00-18:00,0,1,可预约,￥5.0,多云,18,15,4,0.0,82,28
2026-05-21 08:55:34,2026-05-22,2,乒乓球厅-1号,17:00-18:00,0,1,可预约,￥5.0,多云,18,15,4,0.0,84,28
2026-05-21 09:00:51,2026-05-22,2,乒乓球厅-1号,17:00-18:00,0,1,可预约,￥5.0,多云,18,15,4,0.0,84,28
2026-05-21 09:01:59,2026-05-22,2,乒乓球厅-1号,17:00-18:00,0,1,可预约,￥5.0,多云,18,15,4,0.0,83,28
2026-05-21 09:05:33,2026-05-22,2,乒乓球厅-1号,17:00-18:00,0,1,可预约,￥5.0,多云,18,15,4,0.0,83,28
2026-05-21 09:20:38,2026-05-22,2,乒乓球厅-1号,17:00-18:00,0,1,可预约,￥5.0,多云,18,16,3,0.0,81,28
2026-05-21 09:30:46,2026-05-22,2,乒乓球厅-1号,17:00-18:00,0,1,可预约,￥5.0,多云,18,16,3,0.0,81,32
2026-05-21 09:40:36,2026-05-22,2,乒乓球厅-1号,17:00-18:00,0,1,可预约,￥5.0,多云,19,17,3,0.0,79,32
2026-05-21 09:50:42,2026-05-22,2,乒乓球厅-1号,17:00-18:00,0,1,可预约,￥5.0,多云,19,17,4,0.0,81,32
2026-05-21 10:00:46,2026-05-22,2,乒乓球厅-1号,17:00-18:00,0,1,可预约,￥5.0,多云,19,17,4,0.0,79,32
2026-05-21 10:10:40,2026-05-22,2,乒乓球厅-1号,17:00-18:00,0,1,可预约,￥5.0,多云,19,17,4,0.0,79,32
2026-05-21 10:20:38,2026-05-22,2,乒乓球厅-1号,17:00-18:00,0,1,可预约,￥5.0,多云,19,17,4,0.0,79,32
2026-05-21 10:30:41,2026-05-22,2,乒乓球厅-1号,17:00-18:00,0,1,可预约,￥5.0,多云,19,18,3,0.0,78,31
2026-05-21 11:00:44,2026-05-22,2,乒乓球厅-1号,17:00-18:00,0,1,可预约,￥5.0,多云,21,17,5,0.0,74,31
2026-05-21 11:30:38,2026-05-22,2,乒乓球厅-1号,17:00-18:00,0,1,可预约,￥5.0,多云,21,19,3,0.0,72,33
2026-05-21 12:00:46,2026-05-22,2,乒乓球厅-1号,17:00-18:00,0,1,可预约,￥5.0,多云,22,19,4,0.0,70,33
2026-05-21 12:30:42,2026-05-22,2,乒乓球厅-1号,17:00-18:00,0,1,可预约,￥5.0,多云,22,21,3,0.0,68,35
2026-05-21 13:00:43,2026-05-22,2,乒乓球厅-1号,17:00-18:00,0,1,可预约,￥5.0,多云,24,22,4,0.0,66,35
2026-05-21 13:30:43,2026-05-22,2,乒乓球厅-1号,17:00-18:00,0,1,可预约,￥5.0,多云,24,22,4,0.0,66,36
2026-05-21 14:00:48,2026-05-22,2,乒乓球厅-1号,17:00-18:00,0,1,可预约,￥5.0,多云,25,23,4,0.0,66,36
2026-05-21 14:30:45,2026-05-22,2,乒乓球厅-1号,17:00-18:00,0,1,可预约,￥5.0,晴,25,25,3,0.0,65,39
2026-05-21 15:00:45,2026-05-22,2,乒乓球厅-1号,17:00-18:00,0,1,可预约,￥5.0,晴,25,22,4,0.0,56,39
2026-05-21 15:30:43,2026-05-22,2,乒乓球厅-1号,17:00-18:00,0,1,可预约,￥5.0,晴,25,23,4,0.0,57,40
2026-05-21 16:00:51,2026-05-22,2,乒乓球厅-1号,17:00-18:00,0,1,可预约,￥5.0,晴,25,23,4,0.0,57,40
2026-05-21 16:30:48,2026-05-22,2,乒乓球厅-1号,17:00-18:00,0,1,可预约,￥5.0,晴,25,24,3,0.0,60,39
2026-05-21 17:00:49,2026-05-22,2,乒乓球厅-1号,17:00-18:00,0,1,可预约,￥5.0,晴,25,24,4,0.0,61,39
2026-05-21 17:30:47,2026-05-22,2,乒乓球厅-1号,17:00-18:00,0,1,可预约,￥5.0,多云,24,23,3,0.0,64,39
2026-05-21 18:00:50,2026-05-22,2,乒乓球厅-1号,17:00-18:00,0,1,可预约,￥5.0,多云,24,23,3,0.0,68,39
2026-05-21 18:30:50,2026-05-22,2,乒乓球厅-1号,17:00-18:00,0,1,可预约,￥5.0,阴,24,25,2,0.0,68,40
2026-05-21 19:00:50,2026-05-22,2,乒乓球厅-1号,17:00-18:00,0,1,可预约,￥5.0,阴,23,23,3,0.0,76,40
2026-05-21 19:30:46,2026-05-22,2,乒乓球厅-1号,17:00-18:00,0,1,可预约,￥5.0,阴,23,24,2,0.0,77,39
2026-05-21 20:00:49,2026-05-22,2,乒乓球厅-1号,17:00-18:00,0,1,可预约,￥5.0,雾,22,23,2,0.0,89,39
2026-05-21 20:30:44,2026-05-22,2,乒乓球厅-1号,17:00-18:00,0,1,可预约,￥5.0,雾,22,24,2,0.0,93,43
2026-05-21 21:00:56,2026-05-22,2,乒乓球厅-1号,17:00-18:00,0,1,可预约,￥5.0,雾,20,21,2,0.0,98,43
2026-05-21 21:30:46,2026-05-22,2,乒乓球厅-1号,17:00-18:00,0,1,可预约,￥5.0,雾,20,22,1,0.0,99,41
2026-05-21 22:01:02,2026-05-22,2,乒乓球厅-1号,17:00-18:00,0,1,可预约,￥5.0,雾,19,20,2,0.0,93,41
2026-05-21 22:30:47,2026-05-22,2,乒乓球厅-1号,17:00-18:00,0,1,可预约,￥5.0,雾,19,19,3,0.0,88,46
2026-05-21 23:00:56,2026-05-22,2,乒乓球厅-1号,17:00-18:00,0,1,可预约,￥5.0,多云,18,17,3,0.0,85,46
2026-05-21 23:30:55,2026-05-22,2,乒乓球厅-1号,17:00-18:00,0,1,可预约,￥5.0,多云,18,17,3,0.0,85,48
2026-05-21 08:00:45,2026-05-22,2,乒乓球厅-1号,18:30-19:30,0,1,可预约,￥5.0,晴,17,12,5,0.0,86,29
2026-05-21 08:02:30,2026-05-22,2,乒乓球厅-1号,18:30-19:30,0,1,可预约,￥5.0,多云,17,12,5,0.0,87,29
2026-05-21 08:05:36,2026-05-22,2,乒乓球厅-1号,18:30-19:30,0,1,可预约,￥5.0,多云,17,12,5,0.0,86,29
2026-05-21 08:08:31,2026-05-22,2,乒乓球厅-1号,18:30-19:30,0,1,可预约,￥5.0,多云,17,12,5,0.0,86,29
2026-05-21 08:11:30,2026-05-22,2,乒乓球厅-1号,18:30-19:30,0,1,可预约,￥5.0,多云,17,12,5,0.0,86,29
2026-05-21 08:14:31,2026-05-22,2,乒乓球厅-1号,18:30-19:30,0,1,可预约,￥5.0,多云,17,12,5,0.0,86,29
2026-05-21 08:17:30,2026-05-22,2,乒乓球厅-1号,18:30-19:30,0,1,可预约,￥5.0,多云,17,12,5,0.0,86,29
2026-05-21 08:20:35,2026-05-22,2,乒乓球厅-1号,18:30-19:30,0,1,可预约,￥5.0,多云,17,14,4,0.0,85,29
2026-05-21 08:25:32,2026-05-22,2,乒乓球厅-1号,18:30-19:30,0,1,可预约,￥5.0,多云,17,14,4,0.0,85,28
2026-05-21 08:30:42,2026-05-22,2,乒乓球厅-1号,18:30-19:30,0,1,可预约,￥5.0,多云,18,15,4,0.0,84,28
2026-05-21 08:35:31,2026-05-22,2,乒乓球厅-1号,18:30-19:30,0,1,可预约,￥5.0,多云,18,15,4,0.0,84,28
2026-05-21 08:40:38,2026-05-22,2,乒乓球厅-1号,18:30-19:30,0,1,可预约,￥5.0,多云,18,15,4,0.0,82,28
2026-05-21 08:45:33,2026-05-22,2,乒乓球厅-1号,18:30-19:30,0,1,可预约,￥5.0,多云,18,15,4,0.0,82,28
2026-05-21 08:50:36,2026-05-22,2,乒乓球厅-1号,18:30-19:30,0,1,可预约,￥5.0,多云,18,15,4,0.0,82,28
2026-05-21 08:55:34,2026-05-22,2,乒乓球厅-1号,18:30-19:30,0,1,可预约,￥5.0,多云,18,15,4,0.0,84,28
2026-05-21 09:00:51,2026-05-22,2,乒乓球厅-1号,18:30-19:30,0,1,可预约,￥5.0,多云,18,15,4,0.0,84,28
2026-05-21 09:01:59,2026-05-22,2,乒乓球厅-1号,18:30-19:30,0,1,可预约,￥5.0,多云,18,15,4,0.0,83,28
2026-05-21 09:05:33,2026-05-22,2,乒乓球厅-1号,18:30-19:30,0,1,可预约,￥5.0,多云,18,15,4,0.0,83,28
2026-05-21 09:20:38,2026-05-22,2,乒乓球厅-1号,18:30-19:30,0,1,可预约,￥5.0,多云,18,16,3,0.0,81,28
2026-05-21 09:30:46,2026-05-22,2,乒乓球厅-1号,18:30-19:30,0,1,可预约,￥5.0,多云,18,16,3,0.0,81,32
2026-05-21 09:40:36,2026-05-22,2,乒乓球厅-1号,18:30-19:30,0,1,可预约,￥5.0,多云,19,17,3,0.0,79,32
2026-05-21 09:50:42,2026-05-22,2,乒乓球厅-1号,18:30-19:30,0,1,可预约,￥5.0,多云,19,17,4,0.0,81,32
2026-05-21 10:00:46,2026-05-22,2,乒乓球厅-1号,18:30-19:30,0,1,可预约,￥5.0,多云,19,17,4,0.0,79,32
2026-05-21 10:10:40,2026-05-22,2,乒乓球厅-1号,18:30-19:30,0,1,可预约,￥5.0,多云,19,17,4,0.0,79,32
2026-05-21 10:20:38,2026-05-22,2,乒乓球厅-1号,18:30-19:30,0,1,可预约,￥5.0,多云,19,17,4,0.0,79,32
2026-05-21 10:30:41,2026-05-22,2,乒乓球厅-1号,18:30-19:30,0,1,可预约,￥5.0,多云,19,18,3,0.0,78,31
2026-05-21 11:00:44,2026-05-22,2,乒乓球厅-1号,18:30-19:30,0,1,可预约,￥5.0,多云,21,17,5,0.0,74,31
2026-05-21 11:30:38,2026-05-22,2,乒乓球厅-1号,18:30-19:30,0,1,可预约,￥5.0,多云,21,19,3,0.0,72,33
2026-05-21 12:00:46,2026-05-22,2,乒乓球厅-1号,18:30-19:30,0,1,可预约,￥5.0,多云,22,19,4,0.0,70,33
2026-05-21 12:30:42,2026-05-22,2,乒乓球厅-1号,18:30-19:30,0,1,可预约,￥5.0,多云,22,21,3,0.0,68,35
2026-05-21 13:00:43,2026-05-22,2,乒乓球厅-1号,18:30-19:30,0,1,可预约,￥5.0,多云,24,22,4,0.0,66,35
2026-05-21 13:30:43,2026-05-22,2,乒乓球厅-1号,18:30-19:30,0,1,可预约,￥5.0,多云,24,22,4,0.0,66,36
2026-05-21 14:00:48,2026-05-22,2,乒乓球厅-1号,18:30-19:30,0,1,可预约,￥5.0,多云,25,23,4,0.0,66,36
2026-05-21 14:30:45,2026-05-22,2,乒乓球厅-1号,18:30-19:30,0,1,可预约,￥5.0,晴,25,25,3,0.0,65,39
2026-05-21 15:00:45,2026-05-22,2,乒乓球厅-1号,18:30-19:30,0,1,可预约,￥5.0,晴,25,22,4,0.0,56,39
2026-05-21 15:30:43,2026-05-22,2,乒乓球厅-1号,18:30-19:30,0,1,可预约,￥5.0,晴,25,23,4,0.0,57,40
2026-05-21 16:00:51,2026-05-22,2,乒乓球厅-1号,18:30-19:30,0,1,可预约,￥5.0,晴,25,23,4,0.0,57,40
2026-05-21 16:30:48,2026-05-22,2,乒乓球厅-1号,18:30-19:30,0,1,可预约,￥5.0,晴,25,24,3,0.0,60,39
2026-05-21 17:00:49,2026-05-22,2,乒乓球厅-1号,18:30-19:30,0,1,可预约,￥5.0,晴,25,24,4,0.0,61,39
2026-05-21 17:30:47,2026-05-22,2,乒乓球厅-1号,18:30-19:30,0,1,可预约,￥5.0,多云,24,23,3,0.0,64,39
2026-05-21 18:00:50,2026-05-22,2,乒乓球厅-1号,18:30-19:30,0,1,可预约,￥5.0,多云,24,23,3,0.0,68,39
2026-05-21 18:30:50,2026-05-22,2,乒乓球厅-1号,18:30-19:30,0,1,可预约,￥5.0,阴,24,25,2,0.0,68,40
2026-05-21 19:00:50,2026-05-22,2,乒乓球厅-1号,18:30-19:30,0,1,可预约,￥5.0,阴,23,23,3,0.0,76,40
2026-05-21 19:30:46,2026-05-22,2,乒乓球厅-1号,18:30-19:30,0,1,可预约,￥5.0,阴,23,24,2,0.0,77,39
2026-05-21 20:00:49,2026-05-22,2,乒乓球厅-1号,18:30-19:30,0,1,可预约,￥5.0,雾,22,23,2,0.0,89,39
2026-05-21 20:30:44,2026-05-22,2,乒乓球厅-1号,18:30-19:30,0,1,可预约,￥5.0,雾,22,24,2,0.0,93,43
2026-05-21 21:00:56,2026-05-22,2,乒乓球厅-1号,18:30-19:30,0,1,可预约,￥5.0,雾,20,21,2,0.0,98,43
2026-05-21 21:30:46,2026-05-22,2,乒乓球厅-1号,18:30-19:30,0,1,可预约,￥5.0,雾,20,22,1,0.0,99,41
2026-05-21 22:01:02,2026-05-22,2,乒乓球厅-1号,18:30-19:30,0,1,可预约,￥5.0,雾,19,20,2,0.0,93,41
2026-05-21 22:30:47,2026-05-22,2,乒乓球厅-1号,18:30-19:30,0,1,可预约,￥5.0,雾,19,19,3,0.0,88,46
2026-05-21 23:00:56,2026-05-22,2,乒乓球厅-1号,18:30-19:30,0,1,可预约,￥5.0,多云,18,17,3,0.0,85,46
2026-05-21 23:30:55,2026-05-22,2,乒乓球厅-1号,18:30-19:30,0,1,可预约,￥5.0,多云,18,17,3,0.0,85,48
2026-05-21 08:00:45,2026-05-22,2,乒乓球厅-1号,19:30-20:30,0,1,可预约,￥5.0,晴,17,12,5,0.0,86,29
2026-05-21 08:02:30,2026-05-22,2,乒乓球厅-1号,19:30-20:30,0,1,可预约,￥5.0,多云,17,12,5,0.0,87,29
2026-05-21 08:05:36,2026-05-22,2,乒乓球厅-1号,19:30-20:30,0,1,可预约,￥5.0,多云,17,12,5,0.0,86,29
2026-05-21 08:08:31,2026-05-22,2,乒乓球厅-1号,19:30-20:30,0,1,可预约,￥5.0,多云,17,12,5,0.0,86,29
2026-05-21 08:11:30,2026-05-22,2,乒乓球厅-1号,19:30-20:30,0,1,可预约,￥5.0,多云,17,12,5,0.0,86,29
2026-05-21 08:14:31,2026-05-22,2,乒乓球厅-1号,19:30-20:30,0,1,可预约,￥5.0,多云,17,12,5,0.0,86,29
2026-05-21 08:17:30,2026-05-22,2,乒乓球厅-1号,19:30-20:30,0,1,可预约,￥5.0,多云,17,12,5,0.0,86,29
2026-05-21 08:20:35,2026-05-22,2,乒乓球厅-1号,19:30-20:30,0,1,可预约,￥5.0,多云,17,14,4,0.0,85,29
2026-05-21 08:25:32,2026-05-22,2,乒乓球厅-1号,19:30-20:30,0,1,可预约,￥5.0,多云,17,14,4,0.0,85,28
2026-05-21 08:30:42,2026-05-22,2,乒乓球厅-1号,19:30-20:30,0,1,可预约,￥5.0,多云,18,15,4,0.0,84,28
2026-05-21 08:35:31,2026-05-22,2,乒乓球厅-1号,19:30-20:30,0,1,可预约,￥5.0,多云,18,15,4,0.0,84,28
2026-05-21 08:40:38,2026-05-22,2,乒乓球厅-1号,19:30-20:30,0,1,可预约,￥5.0,多云,18,15,4,0.0,82,28
2026-05-21 08:45:33,2026-05-22,2,乒乓球厅-1号,19:30-20:30,0,1,可预约,￥5.0,多云,18,15,4,0.0,82,28
2026-05-21 08:50:36,2026-05-22,2,乒乓球厅-1号,19:30-20:30,0,1,可预约,￥5.0,多云,18,15,4,0.0,82,28
2026-05-21 08:55:34,2026-05-22,2,乒乓球厅-1号,19:30-20:30,0,1,可预约,￥5.0,多云,18,15,4,0.0,84,28
2026-05-21 09:00:51,2026-05-22,2,乒乓球厅-1号,19:30-20:30,0,1,可预约,￥5.0,多云,18,15,4,0.0,84,28
2026-05-21 09:01:59,2026-05-22,2,乒乓球厅-1号,19:30-20:30,0,1,可预约,￥5.0,多云,18,15,4,0.0,83,28
2026-05-21 09:05:33,2026-05-22,2,乒乓球厅-1号,19:30-20:30,0,1,可预约,￥5.0,多云,18,15,4,0.0,83,28
2026-05-21 09:20:38,2026-05-22,2,乒乓球厅-1号,19:30-20:30,0,1,可预约,￥5.0,多云,18,16,3,0.0,81,28
2026-05-21 09:30:46,2026-05-22,2,乒乓球厅-1号,19:30-20:30,0,1,可预约,￥5.0,多云,18,16,3,0.0,81,32
2026-05-21 09:40:36,2026-05-22,2,乒乓球厅-1号,19:30-20:30,0,1,可预约,￥5.0,多云,19,17,3,0.0,79,32
2026-05-21 09:50:42,2026-05-22,2,乒乓球厅-1号,19:30-20:30,0,1,可预约,￥5.0,多云,19,17,4,0.0,81,32
2026-05-21 10:00:46,2026-05-22,2,乒乓球厅-1号,19:30-20:30,0,1,可预约,￥5.0,多云,19,17,4,0.0,79,32
2026-05-21 10:10:40,2026-05-22,2,乒乓球厅-1号,19:30-20:30,0,1,可预约,￥5.0,多云,19,17,4,0.0,79,32
2026-05-21 10:20:38,2026-05-22,2,乒乓球厅-1号,19:30-20:30,0,1,可预约,￥5.0,多云,19,17,4,0.0,79,32
2026-05-21 10:30:41,2026-05-22,2,乒乓球厅-1号,19:30-20:30,0,1,可预约,￥5.0,多云,19,18,3,0.0,78,31
2026-05-21 11:00:44,2026-05-22,2,乒乓球厅-1号,19:30-20:30,0,1,可预约,￥5.0,多云,21,17,5,0.0,74,31
2026-05-21 11:30:38,2026-05-22,2,乒乓球厅-1号,19:30-20:30,0,1,可预约,￥5.0,多云,21,19,3,0.0,72,33
2026-05-21 12:00:46,2026-05-22,2,乒乓球厅-1号,19:30-20:30,0,1,可预约,￥5.0,多云,22,19,4,0.0,70,33
2026-05-21 12:30:42,2026-05-22,2,乒乓球厅-1号,19:30-20:30,0,1,可预约,￥5.0,多云,22,21,3,0.0,68,35
2026-05-21 13:00:43,2026-05-22,2,乒乓球厅-1号,19:30-20:30,0,1,可预约,￥5.0,多云,24,22,4,0.0,66,35
2026-05-21 13:30:43,2026-05-22,2,乒乓球厅-1号,19:30-20:30,0,1,可预约,￥5.0,多云,24,22,4,0.0,66,36
2026-05-21 14:00:48,2026-05-22,2,乒乓球厅-1号,19:30-20:30,0,1,可预约,￥5.0,多云,25,23,4,0.0,66,36
2026-05-21 14:30:45,2026-05-22,2,乒乓球厅-1号,19:30-20:30,0,1,可预约,￥5.0,晴,25,25,3,0.0,65,39
2026-05-21 15:00:45,2026-05-22,2,乒乓球厅-1号,19:30-20:30,0,1,可预约,￥5.0,晴,25,22,4,0.0,56,39
2026-05-21 15:30:43,2026-05-22,2,乒乓球厅-1号,19:30-20:30,0,1,可预约,￥5.0,晴,25,23,4,0.0,57,40
2026-05-21 16:00:51,2026-05-22,2,乒乓球厅-1号,19:30-20:30,0,1,可预约,￥5.0,晴,25,23,4,0.0,57,40
2026-05-21 16:30:48,2026-05-22,2,乒乓球厅-1号,19:30-20:30,0,1,可预约,￥5.0,晴,25,24,3,0.0,60,39
2026-05-21 17:00:49,2026-05-22,2,乒乓球厅-1号,19:30-20:30,0,1,可预约,￥5.0,晴,25,24,4,0.0,61,39
2026-05-21 17:30:47,2026-05-22,2,乒乓球厅-1号,19:30-20:30,0,1,可预约,￥5.0,多云,24,23,3,0.0,64,39
2026-05-21 18:00:50,2026-05-22,2,乒乓球厅-1号,19:30-20:30,0,1,可预约,￥5.0,多云,24,23,3,0.0,68,39
2026-05-21 18:30:50,2026-05-22,2,乒乓球厅-1号,19:30-20:30,0,1,可预约,￥5.0,阴,24,25,2,0.0,68,40
2026-05-21 19:00:50,2026-05-22,2,乒乓球厅-1号,19:30-20:30,0,1,可预约,￥5.0,阴,23,23,3,0.0,76,40
2026-05-21 19:30:46,2026-05-22,2,乒乓球厅-1号,19:30-20:30,0,1,可预约,￥5.0,阴,23,24,2,0.0,77,39
2026-05-21 20:00:49,2026-05-22,2,乒乓球厅-1号,19:30-20:30,0,1,可预约,￥5.0,雾,22,23,2,0.0,89,39
2026-05-21 20:30:44,2026-05-22,2,乒乓球厅-1号,19:30-20:30,0,1,可预约,￥5.0,雾,22,24,2,0.0,93,43
2026-05-21 21:00:56,2026-05-22,2,乒乓球厅-1号,19:30-20:30,0,1,可预约,￥5.0,雾,20,21,2,0.0,98,43
2026-05-21 21:30:46,2026-05-22,2,乒乓球厅-1号,19:30-20:30,0,1,可预约,￥5.0,雾,20,22,1,0.0,99,41
2026-05-21 22:01:02,2026-05-22,2,乒乓球厅-1号,19:30-20:30,0,1,可预约,￥5.0,雾,19,20,2,0.0,93,41
2026-05-21 22:30:47,2026-05-22,2,乒乓球厅-1号,19:30-20:30,0,1,可预约,￥5.0,雾,19,19,3,0.0,88,46
2026-05-21 23:00:56,2026-05-22,2,乒乓球厅-1号,19:30-20:30,0,1,可预约,￥5.0,多云,18,17,3,0.0,85,46
2026-05-21 23:30:55,2026-05-22,2,乒乓球厅-1号,19:30-20:30,0,1,可预约,￥5.0,多云,18,17,3,0.0,85,48
2026-05-21 08:00:45,2026-05-22,2,乒乓球厅-1号,20:30-21:30,0,1,可预约,￥5.0,晴,17,12,5,0.0,86,29
2026-05-21 08:02:30,2026-05-22,2,乒乓球厅-1号,20:30-21:30,0,1,可预约,￥5.0,多云,17,12,5,0.0,87,29
2026-05-21 08:05:36,2026-05-22,2,乒乓球厅-1号,20:30-21:30,0,1,可预约,￥5.0,多云,17,12,5,0.0,86,29
2026-05-21 08:08:31,2026-05-22,2,乒乓球厅-1号,20:30-21:30,0,1,可预约,￥5.0,多云,17,12,5,0.0,86,29
2026-05-21 08:11:30,2026-05-22,2,乒乓球厅-1号,20:30-21:30,0,1,可预约,￥5.0,多云,17,12,5,0.0,86,29
2026-05-21 08:14:31,2026-05-22,2,乒乓球厅-1号,20:30-21:30,0,1,可预约,￥5.0,多云,17,12,5,0.0,86,29
2026-05-21 08:17:30,2026-05-22,2,乒乓球厅-1号,20:30-21:30,0,1,可预约,￥5.0,多云,17,12,5,0.0,86,29
2026-05-21 08:20:35,2026-05-22,2,乒乓球厅-1号,20:30-21:30,0,1,可预约,￥5.0,多云,17,14,4,0.0,85,29
2026-05-21 08:25:32,2026-05-22,2,乒乓球厅-1号,20:30-21:30,0,1,可预约,￥5.0,多云,17,14,4,0.0,85,28
2026-05-21 08:30:42,2026-05-22,2,乒乓球厅-1号,20:30-21:30,0,1,可预约,￥5.0,多云,18,15,4,0.0,84,28
2026-05-21 08:35:31,2026-05-22,2,乒乓球厅-1号,20:30-21:30,0,1,可预约,￥5.0,多云,18,15,4,0.0,84,28
2026-05-21 08:40:38,2026-05-22,2,乒乓球厅-1号,20:30-21:30,0,1,可预约,￥5.0,多云,18,15,4,0.0,82,28
2026-05-21 08:45:33,2026-05-22,2,乒乓球厅-1号,20:30-21:30,0,1,可预约,￥5.0,多云,18,15,4,0.0,82,28
2026-05-21 08:50:36,2026-05-22,2,乒乓球厅-1号,20:30-21:30,0,1,可预约,￥5.0,多云,18,15,4,0.0,82,28
2026-05-21 08:55:34,2026-05-22,2,乒乓球厅-1号,20:30-21:30,0,1,可预约,￥5.0,多云,18,15,4,0.0,84,28
2026-05-21 09:00:51,2026-05-22,2,乒乓球厅-1号,20:30-21:30,0,1,可预约,￥5.0,多云,18,15,4,0.0,84,28
2026-05-21 09:01:59,2026-05-22,2,乒乓球厅-1号,20:30-21:30,0,1,可预约,￥5.0,多云,18,15,4,0.0,83,28
2026-05-21 09:05:33,2026-05-22,2,乒乓球厅-1号,20:30-21:30,0,1,可预约,￥5.0,多云,18,15,4,0.0,83,28
2026-05-21 09:20:38,2026-05-22,2,乒乓球厅-1号,20:30-21:30,0,1,可预约,￥5.0,多云,18,16,3,0.0,81,28
2026-05-21 09:30:46,2026-05-22,2,乒乓球厅-1号,20:30-21:30,0,1,可预约,￥5.0,多云,18,16,3,0.0,81,32
2026-05-21 09:40:36,2026-05-22,2,乒乓球厅-1号,20:30-21:30,0,1,可预约,￥5.0,多云,19,17,3,0.0,79,32
2026-05-21 09:50:42,2026-05-22,2,乒乓球厅-1号,20:30-21:30,0,1,可预约,￥5.0,多云,19,17,4,0.0,81,32
2026-05-21 10:00:46,2026-05-22,2,乒乓球厅-1号,20:30-21:30,0,1,可预约,￥5.0,多云,19,17,4,0.0,79,32
2026-05-21 10:10:40,2026-05-22,2,乒乓球厅-1号,20:30-21:30,0,1,可预约,￥5.0,多云,19,17,4,0.0,79,32
2026-05-21 10:20:38,2026-05-22,2,乒乓球厅-1号,20:30-21:30,0,1,可预约,￥5.0,多云,19,17,4,0.0,79,32
2026-05-21 10:30:41,2026-05-22,2,乒乓球厅-1号,20:30-21:30,0,1,可预约,￥5.0,多云,19,18,3,0.0,78,31
2026-05-21 11:00:44,2026-05-22,2,乒乓球厅-1号,20:30-21:30,0,1,可预约,￥5.0,多云,21,17,5,0.0,74,31
2026-05-21 11:30:38,2026-05-22,2,乒乓球厅-1号,20:30-21:30,0,1,可预约,￥5.0,多云,21,19,3,0.0,72,33
2026-05-21 12:00:46,2026-05-22,2,乒乓球厅-1号,20:30-21:30,0,1,可预约,￥5.0,多云,22,19,4,0.0,70,33
2026-05-21 12:30:42,2026-05-22,2,乒乓球厅-1号,20:30-21:30,0,1,可预约,￥5.0,多云,22,21,3,0.0,68,35
2026-05-21 13:00:43,2026-05-22,2,乒乓球厅-1号,20:30-21:30,0,1,可预约,￥5.0,多云,24,22,4,0.0,66,35
2026-05-21 13:30:43,2026-05-22,2,乒乓球厅-1号,20:30-21:30,0,1,可预约,￥5.0,多云,24,22,4,0.0,66,36
2026-05-21 14:00:48,2026-05-22,2,乒乓球厅-1号,20:30-21:30,0,1,可预约,￥5.0,多云,25,23,4,0.0,66,36
2026-05-21 14:30:45,2026-05-22,2,乒乓球厅-1号,20:30-21:30,0,1,可预约,￥5.0,晴,25,25,3,0.0,65,39
2026-05-21 15:00:45,2026-05-22,2,乒乓球厅-1号,20:30-21:30,0,1,可预约,￥5.0,晴,25,22,4,0.0,56,39
2026-05-21 15:30:43,2026-05-22,2,乒乓球厅-1号,20:30-21:30,0,1,可预约,￥5.0,晴,25,23,4,0.0,57,40
2026-05-21 16:00:51,2026-05-22,2,乒乓球厅-1号,20:30-21:30,0,1,可预约,￥5.0,晴,25,23,4,0.0,57,40
2026-05-21 16:30:48,2026-05-22,2,乒乓球厅-1号,20:30-21:30,0,1,可预约,￥5.0,晴,25,24,3,0.0,60,39
2026-05-21 17:00:49,2026-05-22,2,乒乓球厅-1号,20:30-21:30,0,1,可预约,￥5.0,晴,25,24,4,0.0,61,39
2026-05-21 17:30:47,2026-05-22,2,乒乓球厅-1号,20:30-21:30,0,1,可预约,￥5.0,多云,24,23,3,0.0,64,39
2026-05-21 18:00:50,2026-05-22,2,乒乓球厅-1号,20:30-21:30,0,1,可预约,￥5.0,多云,24,23,3,0.0,68,39
2026-05-21 18:30:50,2026-05-22,2,乒乓球厅-1号,20:30-21:30,0,1,可预约,￥5.0,阴,24,25,2,0.0,68,40
2026-05-21 19:00:50,2026-05-22,2,乒乓球厅-1号,20:30-21:30,0,1,可预约,￥5.0,阴,23,23,3,0.0,76,40
2026-05-21 19:30:46,2026-05-22,2,乒乓球厅-1号,20:30-21:30,0,1,可预约,￥5.0,阴,23,24,2,0.0,77,39
2026-05-21 20:00:49,2026-05-22,2,乒乓球厅-1号,20:30-21:30,0,1,可预约,￥5.0,雾,22,23,2,0.0,89,39
2026-05-21 20:30:44,2026-05-22,2,乒乓球厅-1号,20:30-21:30,0,1,可预约,￥5.0,雾,22,24,2,0.0,93,43
2026-05-21 21:00:56,2026-05-22,2,乒乓球厅-1号,20:30-21:30,0,1,可预约,￥5.0,雾,20,21,2,0.0,98,43
2026-05-21 21:30:46,2026-05-22,2,乒乓球厅-1号,20:30-21:30,0,1,可预约,￥5.0,雾,20,22,1,0.0,99,41
2026-05-21 22:01:02,2026-05-22,2,乒乓球厅-1号,20:30-21:30,0,1,可预约,￥5.0,雾,19,20,2,0.0,93,41
2026-05-21 22:30:47,2026-05-22,2,乒乓球厅-1号,20:30-21:30,0,1,可预约,￥5.0,雾,19,19,3,0.0,88,46
2026-05-21 23:00:56,2026-05-22,2,乒乓球厅-1号,20:30-21:30,0,1,可预约,￥5.0,多云,18,17,3,0.0,85,46
2026-05-21 23:30:55,2026-05-22,2,乒乓球厅-1号,20:30-21:30,0,1,可预约,￥5.0,多云,18,17,3,0.0,85,48
2026-05-21 08:00:45,2026-05-22,2,乒乓球厅-2号,07:00-08:00,0,1,可预约,￥0.0,晴,17,12,5,0.0,86,29
2026-05-21 08:02:30,2026-05-22,2,乒乓球厅-2号,07:00-08:00,0,1,可预约,￥0.0,多云,17,12,5,0.0,87,29
2026-05-21 08:05:36,2026-05-22,2,乒乓球厅-2号,07:00-08:00,0,1,可预约,￥0.0,多云,17,12,5,0.0,86,29
2026-05-21 08:08:31,2026-05-22,2,乒乓球厅-2号,07:00-08:00,0,1,可预约,￥0.0,多云,17,12,5,0.0,86,29
2026-05-21 08:11:30,2026-05-22,2,乒乓球厅-2号,07:00-08:00,0,1,可预约,￥0.0,多云,17,12,5,0.0,86,29
2026-05-21 08:14:31,2026-05-22,2,乒乓球厅-2号,07:00-08:00,0,1,可预约,￥0.0,多云,17,12,5,0.0,86,29
2026-05-21 08:17:30,2026-05-22,2,乒乓球厅-2号,07:00-08:00,0,1,可预约,￥0.0,多云,17,12,5,0.0,86,29
2026-05-21 08:20:35,2026-05-22,2,乒乓球厅-2号,07:00-08:00,0,1,可预约,￥0.0,多云,17,14,4,0.0,85,29
2026-05-21 08:25:32,2026-05-22,2,乒乓球厅-2号,07:00-08:00,0,1,可预约,￥0.0,多云,17,14,4,0.0,85,28
2026-05-21 08:30:42,2026-05-22,2,乒乓球厅-2号,07:00-08:00,0,1,可预约,￥0.0,多云,18,15,4,0.0,84,28
2026-05-21 08:35:31,2026-05-22,2,乒乓球厅-2号,07:00-08:00,0,1,可预约,￥0.0,多云,18,15,4,0.0,84,28
2026-05-21 08:40:38,2026-05-22,2,乒乓球厅-2号,07:00-08:00,0,1,可预约,￥0.0,多云,18,15,4,0.0,82,28
2026-05-21 08:45:33,2026-05-22,2,乒乓球厅-2号,07:00-08:00,0,1,可预约,￥0.0,多云,18,15,4,0.0,82,28
2026-05-21 08:50:36,2026-05-22,2,乒乓球厅-2号,07:00-08:00,0,1,可预约,￥0.0,多云,18,15,4,0.0,82,28
2026-05-21 08:55:34,2026-05-22,2,乒乓球厅-2号,07:00-08:00,0,1,可预约,￥0.0,多云,18,15,4,0.0,84,28
2026-05-21 09:00:51,2026-05-22,2,乒乓球厅-2号,07:00-08:00,0,1,可预约,￥0.0,多云,18,15,4,0.0,84,28
2026-05-21 09:01:59,2026-05-22,2,乒乓球厅-2号,07:00-08:00,0,1,可预约,￥0.0,多云,18,15,4,0.0,83,28
2026-05-21 09:05:33,2026-05-22,2,乒乓球厅-2号,07:00-08:00,0,1,可预约,￥0.0,多云,18,15,4,0.0,83,28
2026-05-21 09:20:38,2026-05-22,2,乒乓球厅-2号,07:00-08:00,0,1,可预约,￥0.0,多云,18,16,3,0.0,81,28
2026-05-21 09:30:46,2026-05-22,2,乒乓球厅-2号,07:00-08:00,0,1,可预约,￥0.0,多云,18,16,3,0.0,81,32
2026-05-21 09:40:36,2026-05-22,2,乒乓球厅-2号,07:00-08:00,0,1,可预约,￥0.0,多云,19,17,3,0.0,79,32
2026-05-21 09:50:42,2026-05-22,2,乒乓球厅-2号,07:00-08:00,0,1,可预约,￥0.0,多云,19,17,4,0.0,81,32
2026-05-21 10:00:46,2026-05-22,2,乒乓球厅-2号,07:00-08:00,0,1,可预约,￥0.0,多云,19,17,4,0.0,79,32
2026-05-21 10:10:40,2026-05-22,2,乒乓球厅-2号,07:00-08:00,0,1,可预约,￥0.0,多云,19,17,4,0.0,79,32
2026-05-21 10:20:38,2026-05-22,2,乒乓球厅-2号,07:00-08:00,0,1,可预约,￥0.0,多云,19,17,4,0.0,79,32
2026-05-21 10:30:41,2026-05-22,2,乒乓球厅-2号,07:00-08:00,0,1,可预约,￥0.0,多云,19,18,3,0.0,78,31
2026-05-21 11:00:44,2026-05-22,2,乒乓球厅-2号,07:00-08:00,0,1,可预约,￥0.0,多云,21,17,5,0.0,74,31
2026-05-21 11:30:38,2026-05-22,2,乒乓球厅-2号,07:00-08:00,0,1,可预约,￥0.0,多云,21,19,3,0.0,72,33
2026-05-21 12:00:46,2026-05-22,2,乒乓球厅-2号,07:00-08:00,0,1,可预约,￥0.0,多云,22,19,4,0.0,70,33
2026-05-21 12:30:42,2026-05-22,2,乒乓球厅-2号,07:00-08:00,0,1,可预约,￥0.0,多云,22,21,3,0.0,68,35
2026-05-21 13:00:43,2026-05-22,2,乒乓球厅-2号,07:00-08:00,0,1,可预约,￥0.0,多云,24,22,4,0.0,66,35
2026-05-21 13:30:43,2026-05-22,2,乒乓球厅-2号,07:00-08:00,0,1,可预约,￥0.0,多云,24,22,4,0.0,66,36
2026-05-21 14:00:48,2026-05-22,2,乒乓球厅-2号,07:00-08:00,0,1,可预约,￥0.0,多云,25,23,4,0.0,66,36
2026-05-21 14:30:45,2026-05-22,2,乒乓球厅-2号,07:00-08:00,0,1,可预约,￥0.0,晴,25,25,3,0.0,65,39
2026-05-21 15:00:45,2026-05-22,2,乒乓球厅-2号,07:00-08:00,0,1,可预约,￥0.0,晴,25,22,4,0.0,56,39
2026-05-21 15:30:43,2026-05-22,2,乒乓球厅-2号,07:00-08:00,0,1,可预约,￥0.0,晴,25,23,4,0.0,57,40
2026-05-21 16:00:51,2026-05-22,2,乒乓球厅-2号,07:00-08:00,0,1,可预约,￥0.0,晴,25,23,4,0.0,57,40
2026-05-21 16:30:48,2026-05-22,2,乒乓球厅-2号,07:00-08:00,0,1,可预约,￥0.0,晴,25,24,3,0.0,60,39
2026-05-21 17:00:49,2026-05-22,2,乒乓球厅-2号,07:00-08:00,0,1,可预约,￥0.0,晴,25,24,4,0.0,61,39
2026-05-21 17:30:47,2026-05-22,2,乒乓球厅-2号,07:00-08:00,0,1,可预约,￥0.0,多云,24,23,3,0.0,64,39
2026-05-21 18:00:50,2026-05-22,2,乒乓球厅-2号,07:00-08:00,0,1,可预约,￥0.0,多云,24,23,3,0.0,68,39
2026-05-21 18:30:50,2026-05-22,2,乒乓球厅-2号,07:00-08:00,0,1,可预约,￥0.0,阴,24,25,2,0.0,68,40
2026-05-21 19:00:50,2026-05-22,2,乒乓球厅-2号,07:00-08:00,0,1,可预约,￥0.0,阴,23,23,3,0.0,76,40
2026-05-21 19:30:46,2026-05-22,2,乒乓球厅-2号,07:00-08:00,0,1,可预约,￥0.0,阴,23,24,2,0.0,77,39
2026-05-21 20:00:49,2026-05-22,2,乒乓球厅-2号,07:00-08:00,0,1,可预约,￥0.0,雾,22,23,2,0.0,89,39
2026-05-21 20:30:44,2026-05-22,2,乒乓球厅-2号,07:00-08:00,0,1,可预约,￥0.0,雾,22,24,2,0.0,93,43
2026-05-21 21:00:56,2026-05-22,2,乒乓球厅-2号,07:00-08:00,0,1,可预约,￥0.0,雾,20,21,2,0.0,98,43
2026-05-21 21:30:46,2026-05-22,2,乒乓球厅-2号,07:00-08:00,0,1,可预约,￥0.0,雾,20,22,1,0.0,99,41
2026-05-21 22:01:02,2026-05-22,2,乒乓球厅-2号,07:00-08:00,0,1,可预约,￥0.0,雾,19,20,2,0.0,93,41
2026-05-21 22:30:47,2026-05-22,2,乒乓球厅-2号,07:00-08:00,0,1,可预约,￥0.0,雾,19,19,3,0.0,88,46
2026-05-21 23:00:56,2026-05-22,2,乒乓球厅-2号,07:00-08:00,0,1,可预约,￥0.0,多云,18,17,3,0.0,85,46
2026-05-21 23:30:55,2026-05-22,2,乒乓球厅-2号,07:00-08:00,0,1,可预约,￥0.0,多云,18,17,3,0.0,85,48
2026-05-21 08:00:45,2026-05-22,2,乒乓球厅-2号,08:00-09:00,0,1,可预约,￥0.0,晴,17,12,5,0.0,86,29
2026-05-21 08:02:30,2026-05-22,2,乒乓球厅-2号,08:00-09:00,0,1,可预约,￥0.0,多云,17,12,5,0.0,87,29
2026-05-21 08:05:36,2026-05-22,2,乒乓球厅-2号,08:00-09:00,0,1,可预约,￥0.0,多云,17,12,5,0.0,86,29
2026-05-21 08:08:31,2026-05-22,2,乒乓球厅-2号,08:00-09:00,0,1,可预约,￥0.0,多云,17,12,5,0.0,86,29
2026-05-21 08:11:30,2026-05-22,2,乒乓球厅-2号,08:00-09:00,0,1,可预约,￥0.0,多云,17,12,5,0.0,86,29
2026-05-21 08:14:31,2026-05-22,2,乒乓球厅-2号,08:00-09:00,0,1,可预约,￥0.0,多云,17,12,5,0.0,86,29
2026-05-21 08:17:30,2026-05-22,2,乒乓球厅-2号,08:00-09:00,0,1,可预约,￥0.0,多云,17,12,5,0.0,86,29
2026-05-21 08:20:35,2026-05-22,2,乒乓球厅-2号,08:00-09:00,0,1,可预约,￥0.0,多云,17,14,4,0.0,85,29
2026-05-21 08:25:32,2026-05-22,2,乒乓球厅-2号,08:00-09:00,0,1,可预约,￥0.0,多云,17,14,4,0.0,85,28
2026-05-21 08:30:42,2026-05-22,2,乒乓球厅-2号,08:00-09:00,0,1,可预约,￥0.0,多云,18,15,4,0.0,84,28
2026-05-21 08:35:31,2026-05-22,2,乒乓球厅-2号,08:00-09:00,0,1,可预约,￥0.0,多云,18,15,4,0.0,84,28
2026-05-21 08:40:38,2026-05-22,2,乒乓球厅-2号,08:00-09:00,0,1,可预约,￥0.0,多云,18,15,4,0.0,82,28
2026-05-21 08:45:33,2026-05-22,2,乒乓球厅-2号,08:00-09:00,0,1,可预约,￥0.0,多云,18,15,4,0.0,82,28
2026-05-21 08:50:36,2026-05-22,2,乒乓球厅-2号,08:00-09:00,0,1,可预约,￥0.0,多云,18,15,4,0.0,82,28
2026-05-21 08:55:34,2026-05-22,2,乒乓球厅-2号,08:00-09:00,0,1,可预约,￥0.0,多云,18,15,4,0.0,84,28
2026-05-21 09:00:51,2026-05-22,2,乒乓球厅-2号,08:00-09:00,0,1,可预约,￥0.0,多云,18,15,4,0.0,84,28
2026-05-21 09:01:59,2026-05-22,2,乒乓球厅-2号,08:00-09:00,0,1,可预约,￥0.0,多云,18,15,4,0.0,83,28
2026-05-21 09:05:33,2026-05-22,2,乒乓球厅-2号,08:00-09:00,0,1,可预约,￥0.0,多云,18,15,4,0.0,83,28
2026-05-21 09:20:38,2026-05-22,2,乒乓球厅-2号,08:00-09:00,0,1,可预约,￥0.0,多云,18,16,3,0.0,81,28
2026-05-21 09:30:46,2026-05-22,2,乒乓球厅-2号,08:00-09:00,0,1,可预约,￥0.0,多云,18,16,3,0.0,81,32
2026-05-21 09:40:36,2026-05-22,2,乒乓球厅-2号,08:00-09:00,0,1,可预约,￥0.0,多云,19,17,3,0.0,79,32
2026-05-21 09:50:42,2026-05-22,2,乒乓球厅-2号,08:00-09:00,0,1,可预约,￥0.0,多云,19,17,4,0.0,81,32
2026-05-21 10:00:46,2026-05-22,2,乒乓球厅-2号,08:00-09:00,0,1,可预约,￥0.0,多云,19,17,4,0.0,79,32
2026-05-21 10:10:40,2026-05-22,2,乒乓球厅-2号,08:00-09:00,0,1,可预约,￥0.0,多云,19,17,4,0.0,79,32
2026-05-21 10:20:38,2026-05-22,2,乒乓球厅-2号,08:00-09:00,0,1,可预约,￥0.0,多云,19,17,4,0.0,79,32
2026-05-21 10:30:41,2026-05-22,2,乒乓球厅-2号,08:00-09:00,0,1,可预约,￥0.0,多云,19,18,3,0.0,78,31
2026-05-21 11:00:44,2026-05-22,2,乒乓球厅-2号,08:00-09:00,0,1,可预约,￥0.0,多云,21,17,5,0.0,74,31
2026-05-21 11:30:38,2026-05-22,2,乒乓球厅-2号,08:00-09:00,0,1,可预约,￥0.0,多云,21,19,3,0.0,72,33
2026-05-21 12:00:46,2026-05-22,2,乒乓球厅-2号,08:00-09:00,0,1,可预约,￥0.0,多云,22,19,4,0.0,70,33
2026-05-21 12:30:42,2026-05-22,2,乒乓球厅-2号,08:00-09:00,0,1,可预约,￥0.0,多云,22,21,3,0.0,68,35
2026-05-21 13:00:43,2026-05-22,2,乒乓球厅-2号,08:00-09:00,0,1,可预约,￥0.0,多云,24,22,4,0.0,66,35
2026-05-21 13:30:43,2026-05-22,2,乒乓球厅-2号,08:00-09:00,0,1,可预约,￥0.0,多云,24,22,4,0.0,66,36
2026-05-21 14:00:48,2026-05-22,2,乒乓球厅-2号,08:00-09:00,0,1,可预约,￥0.0,多云,25,23,4,0.0,66,36
2026-05-21 14:30:45,2026-05-22,2,乒乓球厅-2号,08:00-09:00,0,1,可预约,￥0.0,晴,25,25,3,0.0,65,39
2026-05-21 15:00:45,2026-05-22,2,乒乓球厅-2号,08:00-09:00,0,1,可预约,￥0.0,晴,25,22,4,0.0,56,39
2026-05-21 15:30:43,2026-05-22,2,乒乓球厅-2号,08:00-09:00,0,1,可预约,￥0.0,晴,25,23,4,0.0,57,40
2026-05-21 16:00:51,2026-05-22,2,乒乓球厅-2号,08:00-09:00,0,1,可预约,￥0.0,晴,25,23,4,0.0,57,40
2026-05-21 16:30:48,2026-05-22,2,乒乓球厅-2号,08:00-09:00,0,1,可预约,￥0.0,晴,25,24,3,0.0,60,39
2026-05-21 17:00:49,2026-05-22,2,乒乓球厅-2号,08:00-09:00,0,1,可预约,￥0.0,晴,25,24,4,0.0,61,39
2026-05-21 17:30:47,2026-05-22,2,乒乓球厅-2号,08:00-09:00,0,1,可预约,￥0.0,多云,24,23,3,0.0,64,39
2026-05-21 18:00:50,2026-05-22,2,乒乓球厅-2号,08:00-09:00,0,1,可预约,￥0.0,多云,24,23,3,0.0,68,39
2026-05-21 18:30:50,2026-05-22,2,乒乓球厅-2号,08:00-09:00,0,1,可预约,￥0.0,阴,24,25,2,0.0,68,40
2026-05-21 19:00:50,2026-05-22,2,乒乓球厅-2号,08:00-09:00,0,1,可预约,￥0.0,阴,23,23,3,0.0,76,40
2026-05-21 19:30:46,2026-05-22,2,乒乓球厅-2号,08:00-09:00,0,1,可预约,￥0.0,阴,23,24,2,0.0,77,39
2026-05-21 20:00:49,2026-05-22,2,乒乓球厅-2号,08:00-09:00,0,1,可预约,￥0.0,雾,22,23,2,0.0,89,39
2026-05-21 20:30:44,2026-05-22,2,乒乓球厅-2号,08:00-09:00,0,1,可预约,￥0.0,雾,22,24,2,0.0,93,43
2026-05-21 21:00:56,2026-05-22,2,乒乓球厅-2号,08:00-09:00,0,1,可预约,￥0.0,雾,20,21,2,0.0,98,43
2026-05-21 21:30:46,2026-05-22,2,乒乓球厅-2号,08:00-09:00,0,1,可预约,￥0.0,雾,20,22,1,0.0,99,41
2026-05-21 22:01:02,2026-05-22,2,乒乓球厅-2号,08:00-09:00,0,1,可预约,￥0.0,雾,19,20,2,0.0,93,41
2026-05-21 22:30:47,2026-05-22,2,乒乓球厅-2号,08:00-09:00,0,1,可预约,￥0.0,雾,19,19,3,0.0,88,46
2026-05-21 23:00:56,2026-05-22,2,乒乓球厅-2号,08:00-09:00,0,1,可预约,￥0.0,多云,18,17,3,0.0,85,46
2026-05-21 23:30:55,2026-05-22,2,乒乓球厅-2号,08:00-09:00,0,1,可预约,￥0.0,多云,18,17,3,0.0,85,48
2026-05-21 08:00:45,2026-05-22,2,乒乓球厅-2号,09:00-10:00,0,1,可预约,￥5.0,晴,17,12,5,0.0,86,29
2026-05-21 08:02:30,2026-05-22,2,乒乓球厅-2号,09:00-10:00,0,1,可预约,￥5.0,多云,17,12,5,0.0,87,29
2026-05-21 08:05:36,2026-05-22,2,乒乓球厅-2号,09:00-10:00,0,1,可预约,￥5.0,多云,17,12,5,0.0,86,29
2026-05-21 08:08:31,2026-05-22,2,乒乓球厅-2号,09:00-10:00,0,1,可预约,￥5.0,多云,17,12,5,0.0,86,29
2026-05-21 08:11:30,2026-05-22,2,乒乓球厅-2号,09:00-10:00,0,1,可预约,￥5.0,多云,17,12,5,0.0,86,29
2026-05-21 08:14:31,2026-05-22,2,乒乓球厅-2号,09:00-10:00,0,1,可预约,￥5.0,多云,17,12,5,0.0,86,29
2026-05-21 08:17:30,2026-05-22,2,乒乓球厅-2号,09:00-10:00,0,1,可预约,￥5.0,多云,17,12,5,0.0,86,29
2026-05-21 08:20:35,2026-05-22,2,乒乓球厅-2号,09:00-10:00,0,1,可预约,￥5.0,多云,17,14,4,0.0,85,29
2026-05-21 08:25:32,2026-05-22,2,乒乓球厅-2号,09:00-10:00,0,1,可预约,￥5.0,多云,17,14,4,0.0,85,28
2026-05-21 08:30:42,2026-05-22,2,乒乓球厅-2号,09:00-10:00,0,1,可预约,￥5.0,多云,18,15,4,0.0,84,28
2026-05-21 08:35:31,2026-05-22,2,乒乓球厅-2号,09:00-10:00,0,1,可预约,￥5.0,多云,18,15,4,0.0,84,28
2026-05-21 08:40:38,2026-05-22,2,乒乓球厅-2号,09:00-10:00,0,1,可预约,￥5.0,多云,18,15,4,0.0,82,28
2026-05-21 08:45:33,2026-05-22,2,乒乓球厅-2号,09:00-10:00,0,1,可预约,￥5.0,多云,18,15,4,0.0,82,28
2026-05-21 08:50:36,2026-05-22,2,乒乓球厅-2号,09:00-10:00,0,1,可预约,￥5.0,多云,18,15,4,0.0,82,28
2026-05-21 08:55:34,2026-05-22,2,乒乓球厅-2号,09:00-10:00,0,1,可预约,￥5.0,多云,18,15,4,0.0,84,28
2026-05-21 09:00:51,2026-05-22,2,乒乓球厅-2号,09:00-10:00,0,1,可预约,￥5.0,多云,18,15,4,0.0,84,28
2026-05-21 09:01:59,2026-05-22,2,乒乓球厅-2号,09:00-10:00,0,1,可预约,￥5.0,多云,18,15,4,0.0,83,28
2026-05-21 09:05:33,2026-05-22,2,乒乓球厅-2号,09:00-10:00,0,1,可预约,￥5.0,多云,18,15,4,0.0,83,28
2026-05-21 09:20:38,2026-05-22,2,乒乓球厅-2号,09:00-10:00,0,1,可预约,￥5.0,多云,18,16,3,0.0,81,28
2026-05-21 09:30:46,2026-05-22,2,乒乓球厅-2号,09:00-10:00,0,1,可预约,￥5.0,多云,18,16,3,0.0,81,32
2026-05-21 09:40:36,2026-05-22,2,乒乓球厅-2号,09:00-10:00,0,1,可预约,￥5.0,多云,19,17,3,0.0,79,32
2026-05-21 09:50:42,2026-05-22,2,乒乓球厅-2号,09:00-10:00,0,1,可预约,￥5.0,多云,19,17,4,0.0,81,32
2026-05-21 10:00:46,2026-05-22,2,乒乓球厅-2号,09:00-10:00,0,1,可预约,￥5.0,多云,19,17,4,0.0,79,32
2026-05-21 10:10:40,2026-05-22,2,乒乓球厅-2号,09:00-10:00,0,1,可预约,￥5.0,多云,19,17,4,0.0,79,32
2026-05-21 10:20:38,2026-05-22,2,乒乓球厅-2号,09:00-10:00,0,1,可预约,￥5.0,多云,19,17,4,0.0,79,32
2026-05-21 10:30:41,2026-05-22,2,乒乓球厅-2号,09:00-10:00,0,1,可预约,￥5.0,多云,19,18,3,0.0,78,31
2026-05-21 11:00:44,2026-05-22,2,乒乓球厅-2号,09:00-10:00,0,1,可预约,￥5.0,多云,21,17,5,0.0,74,31
2026-05-21 11:30:38,2026-05-22,2,乒乓球厅-2号,09:00-10:00,0,1,可预约,￥5.0,多云,21,19,3,0.0,72,33
2026-05-21 12:00:46,2026-05-22,2,乒乓球厅-2号,09:00-10:00,0,1,可预约,￥5.0,多云,22,19,4,0.0,70,33
2026-05-21 12:30:42,2026-05-22,2,乒乓球厅-2号,09:00-10:00,0,1,可预约,￥5.0,多云,22,21,3,0.0,68,35
2026-05-21 13:00:43,2026-05-22,2,乒乓球厅-2号,09:00-10:00,0,1,可预约,￥5.0,多云,24,22,4,0.0,66,35
2026-05-21 13:30:43,2026-05-22,2,乒乓球厅-2号,09:00-10:00,0,1,可预约,￥5.0,多云,24,22,4,0.0,66,36
2026-05-21 14:00:48,2026-05-22,2,乒乓球厅-2号,09:00-10:00,0,1,可预约,￥5.0,多云,25,23,4,0.0,66,36
2026-05-21 14:30:45,2026-05-22,2,乒乓球厅-2号,09:00-10:00,0,1,可预约,￥5.0,晴,25,25,3,0.0,65,39
2026-05-21 15:00:45,2026-05-22,2,乒乓球厅-2号,09:00-10:00,0,1,可预约,￥5.0,晴,25,22,4,0.0,56,39
2026-05-21 15:30:43,2026-05-22,2,乒乓球厅-2号,09:00-10:00,0,1,可预约,￥5.0,晴,25,23,4,0.0,57,40
2026-05-21 16:00:51,2026-05-22,2,乒乓球厅-2号,09:00-10:00,0,1,可预约,￥5.0,晴,25,23,4,0.0,57,40
2026-05-21 16:30:48,2026-05-22,2,乒乓球厅-2号,09:00-10:00,0,1,可预约,￥5.0,晴,25,24,3,0.0,60,39
2026-05-21 17:00:49,2026-05-22,2,乒乓球厅-2号,09:00-10:00,0,1,可预约,￥5.0,晴,25,24,4,0.0,61,39
2026-05-21 17:30:47,2026-05-22,2,乒乓球厅-2号,09:00-10:00,0,1,可预约,￥5.0,多云,24,23,3,0.0,64,39
2026-05-21 18:00:50,2026-05-22,2,乒乓球厅-2号,09:00-10:00,0,1,可预约,￥5.0,多云,24,23,3,0.0,68,39
2026-05-21 18:30:50,2026-05-22,2,乒乓球厅-2号,09:00-10:00,0,1,可预约,￥5.0,阴,24,25,2,0.0,68,40
2026-05-21 19:00:50,2026-05-22,2,乒乓球厅-2号,09:00-10:00,0,1,可预约,￥5.0,阴,23,23,3,0.0,76,40
2026-05-21 19:30:46,2026-05-22,2,乒乓球厅-2号,09:00-10:00,0,1,可预约,￥5.0,阴,23,24,2,0.0,77,39
2026-05-21 20:00:49,2026-05-22,2,乒乓球厅-2号,09:00-10:00,0,1,可预约,￥5.0,雾,22,23,2,0.0,89,39
2026-05-21 20:30:44,2026-05-22,2,乒乓球厅-2号,09:00-10:00,0,1,可预约,￥5.0,雾,22,24,2,0.0,93,43
2026-05-21 21:00:56,2026-05-22,2,乒乓球厅-2号,09:00-10:00,0,1,可预约,￥5.0,雾,20,21,2,0.0,98,43
2026-05-21 21:30:46,2026-05-22,2,乒乓球厅-2号,09:00-10:00,0,1,可预约,￥5.0,雾,20,22,1,0.0,99,41
2026-05-21 22:01:02,2026-05-22,2,乒乓球厅-2号,09:00-10:00,0,1,可预约,￥5.0,雾,19,20,2,0.0,93,41
2026-05-21 22:30:47,2026-05-22,2,乒乓球厅-2号,09:00-10:00,0,1,可预约,￥5.0,雾,19,19,3,0.0,88,46
2026-05-21 23:00:56,2026-05-22,2,乒乓球厅-2号,09:00-10:00,0,1,可预约,￥5.0,多云,18,17,3,0.0,85,46
2026-05-21 23:30:55,2026-05-22,2,乒乓球厅-2号,09:00-10:00,0,1,可预约,￥5.0,多云,18,17,3,0.0,85,48
2026-05-21 08:00:45,2026-05-22,2,乒乓球厅-2号,10:00-11:00,0,1,可预约,￥5.0,晴,17,12,5,0.0,86,29
2026-05-21 08:02:30,2026-05-22,2,乒乓球厅-2号,10:00-11:00,0,1,可预约,￥5.0,多云,17,12,5,0.0,87,29
2026-05-21 08:05:36,2026-05-22,2,乒乓球厅-2号,10:00-11:00,0,1,可预约,￥5.0,多云,17,12,5,0.0,86,29
2026-05-21 08:08:31,2026-05-22,2,乒乓球厅-2号,10:00-11:00,0,1,可预约,￥5.0,多云,17,12,5,0.0,86,29
2026-05-21 08:11:30,2026-05-22,2,乒乓球厅-2号,10:00-11:00,0,1,可预约,￥5.0,多云,17,12,5,0.0,86,29
2026-05-21 08:14:31,2026-05-22,2,乒乓球厅-2号,10:00-11:00,0,1,可预约,￥5.0,多云,17,12,5,0.0,86,29
2026-05-21 08:17:30,2026-05-22,2,乒乓球厅-2号,10:00-11:00,0,1,可预约,￥5.0,多云,17,12,5,0.0,86,29
2026-05-21 08:20:35,2026-05-22,2,乒乓球厅-2号,10:00-11:00,0,1,可预约,￥5.0,多云,17,14,4,0.0,85,29
2026-05-21 08:25:32,2026-05-22,2,乒乓球厅-2号,10:00-11:00,0,1,可预约,￥5.0,多云,17,14,4,0.0,85,28
2026-05-21 08:30:42,2026-05-22,2,乒乓球厅-2号,10:00-11:00,0,1,可预约,￥5.0,多云,18,15,4,0.0,84,28
2026-05-21 08:35:31,2026-05-22,2,乒乓球厅-2号,10:00-11:00,0,1,可预约,￥5.0,多云,18,15,4,0.0,84,28
2026-05-21 08:40:38,2026-05-22,2,乒乓球厅-2号,10:00-11:00,0,1,可预约,￥5.0,多云,18,15,4,0.0,82,28
2026-05-21 08:45:33,2026-05-22,2,乒乓球厅-2号,10:00-11:00,0,1,可预约,￥5.0,多云,18,15,4,0.0,82,28
2026-05-21 08:50:36,2026-05-22,2,乒乓球厅-2号,10:00-11:00,0,1,可预约,￥5.0,多云,18,15,4,0.0,82,28
2026-05-21 08:55:34,2026-05-22,2,乒乓球厅-2号,10:00-11:00,0,1,可预约,￥5.0,多云,18,15,4,0.0,84,28
2026-05-21 09:00:51,2026-05-22,2,乒乓球厅-2号,10:00-11:00,0,1,可预约,￥5.0,多云,18,15,4,0.0,84,28
2026-05-21 09:01:59,2026-05-22,2,乒乓球厅-2号,10:00-11:00,0,1,可预约,￥5.0,多云,18,15,4,0.0,83,28
2026-05-21 09:05:33,2026-05-22,2,乒乓球厅-2号,10:00-11:00,0,1,可预约,￥5.0,多云,18,15,4,0.0,83,28
2026-05-21 09:20:38,2026-05-22,2,乒乓球厅-2号,10:00-11:00,0,1,可预约,￥5.0,多云,18,16,3,0.0,81,28
2026-05-21 09:30:46,2026-05-22,2,乒乓球厅-2号,10:00-11:00,0,1,可预约,￥5.0,多云,18,16,3,0.0,81,32
2026-05-21 09:40:36,2026-05-22,2,乒乓球厅-2号,10:00-11:00,0,1,可预约,￥5.0,多云,19,17,3,0.0,79,32
2026-05-21 09:50:42,2026-05-22,2,乒乓球厅-2号,10:00-11:00,0,1,可预约,￥5.0,多云,19,17,4,0.0,81,32
2026-05-21 10:00:46,2026-05-22,2,乒乓球厅-2号,10:00-11:00,0,1,可预约,￥5.0,多云,19,17,4,0.0,79,32
2026-05-21 10:10:40,2026-05-22,2,乒乓球厅-2号,10:00-11:00,0,1,可预约,￥5.0,多云,19,17,4,0.0,79,32
2026-05-21 10:20:38,2026-05-22,2,乒乓球厅-2号,10:00-11:00,0,1,可预约,￥5.0,多云,19,17,4,0.0,79,32
2026-05-21 10:30:41,2026-05-22,2,乒乓球厅-2号,10:00-11:00,0,1,可预约,￥5.0,多云,19,18,3,0.0,78,31
2026-05-21 11:00:44,2026-05-22,2,乒乓球厅-2号,10:00-11:00,0,1,可预约,￥5.0,多云,21,17,5,0.0,74,31
2026-05-21 11:30:38,2026-05-22,2,乒乓球厅-2号,10:00-11:00,0,1,可预约,￥5.0,多云,21,19,3,0.0,72,33
2026-05-21 12:00:46,2026-05-22,2,乒乓球厅-2号,10:00-11:00,0,1,可预约,￥5.0,多云,22,19,4,0.0,70,33
2026-05-21 12:30:42,2026-05-22,2,乒乓球厅-2号,10:00-11:00,0,1,可预约,￥5.0,多云,22,21,3,0.0,68,35
2026-05-21 13:00:43,2026-05-22,2,乒乓球厅-2号,10:00-11:00,0,1,可预约,￥5.0,多云,24,22,4,0.0,66,35
2026-05-21 13:30:43,2026-05-22,2,乒乓球厅-2号,10:00-11:00,0,1,可预约,￥5.0,多云,24,22,4,0.0,66,36
2026-05-21 14:00:48,2026-05-22,2,乒乓球厅-2号,10:00-11:00,0,1,可预约,￥5.0,多云,25,23,4,0.0,66,36
2026-05-21 14:30:45,2026-05-22,2,乒乓球厅-2号,10:00-11:00,0,1,可预约,￥5.0,晴,25,25,3,0.0,65,39
2026-05-21 15:00:45,2026-05-22,2,乒乓球厅-2号,10:00-11:00,0,1,可预约,￥5.0,晴,25,22,4,0.0,56,39
2026-05-21 15:30:43,2026-05-22,2,乒乓球厅-2号,10:00-11:00,0,1,可预约,￥5.0,晴,25,23,4,0.0,57,40
2026-05-21 16:00:51,2026-05-22,2,乒乓球厅-2号,10:00-11:00,0,1,可预约,￥5.0,晴,25,23,4,0.0,57,40
2026-05-21 16:30:48,2026-05-22,2,乒乓球厅-2号,10:00-11:00,0,1,可预约,￥5.0,晴,25,24,3,0.0,60,39
2026-05-21 17:00:49,2026-05-22,2,乒乓球厅-2号,10:00-11:00,0,1,可预约,￥5.0,晴,25,24,4,0.0,61,39
2026-05-21 17:30:47,2026-05-22,2,乒乓球厅-2号,10:00-11:00,0,1,可预约,￥5.0,多云,24,23,3,0.0,64,39
2026-05-21 18:00:50,2026-05-22,2,乒乓球厅-2号,10:00-11:00,0,1,可预约,￥5.0,多云,24,23,3,0.0,68,39
2026-05-21 18:30:50,2026-05-22,2,乒乓球厅-2号,10:00-11:00,0,1,可预约,￥5.0,阴,24,25,2,0.0,68,40
2026-05-21 19:00:50,2026-05-22,2,乒乓球厅-2号,10:00-11:00,0,1,可预约,￥5.0,阴,23,23,3,0.0,76,40
2026-05-21 19:30:46,2026-05-22,2,乒乓球厅-2号,10:00-11:00,0,1,可预约,￥5.0,阴,23,24,2,0.0,77,39
2026-05-21 20:00:49,2026-05-22,2,乒乓球厅-2号,10:00-11:00,0,1,可预约,￥5.0,雾,22,23,2,0.0,89,39
2026-05-21 20:30:44,2026-05-22,2,乒乓球厅-2号,10:00-11:00,0,1,可预约,￥5.0,雾,22,24,2,0.0,93,43
2026-05-21 21:00:56,2026-05-22,2,乒乓球厅-2号,10:00-11:00,0,1,可预约,￥5.0,雾,20,21,2,0.0,98,43
2026-05-21 21:30:46,2026-05-22,2,乒乓球厅-2号,10:00-11:00,0,1,可预约,￥5.0,雾,20,22,1,0.0,99,41
2026-05-21 22:01:02,2026-05-22,2,乒乓球厅-2号,10:00-11:00,0,1,可预约,￥5.0,雾,19,20,2,0.0,93,41
2026-05-21 22:30:47,2026-05-22,2,乒乓球厅-2号,10:00-11:00,0,1,可预约,￥5.0,雾,19,19,3,0.0,88,46
2026-05-21 23:00:56,2026-05-22,2,乒乓球厅-2号,10:00-11:00,0,1,可预约,￥5.0,多云,18,17,3,0.0,85,46
2026-05-21 23:30:55,2026-05-22,2,乒乓球厅-2号,10:00-11:00,0,1,可预约,￥5.0,多云,18,17,3,0.0,85,48
2026-05-21 08:00:45,2026-05-22,2,乒乓球厅-2号,11:00-12:00,0,1,可预约,￥5.0,晴,17,12,5,0.0,86,29
2026-05-21 08:02:30,2026-05-22,2,乒乓球厅-2号,11:00-12:00,0,1,可预约,￥5.0,多云,17,12,5,0.0,87,29
2026-05-21 08:05:36,2026-05-22,2,乒乓球厅-2号,11:00-12:00,0,1,可预约,￥5.0,多云,17,12,5,0.0,86,29
2026-05-21 08:08:31,2026-05-22,2,乒乓球厅-2号,11:00-12:00,0,1,可预约,￥5.0,多云,17,12,5,0.0,86,29
2026-05-21 08:11:30,2026-05-22,2,乒乓球厅-2号,11:00-12:00,0,1,可预约,￥5.0,多云,17,12,5,0.0,86,29
2026-05-21 08:14:31,2026-05-22,2,乒乓球厅-2号,11:00-12:00,0,1,可预约,￥5.0,多云,17,12,5,0.0,86,29
2026-05-21 08:17:30,2026-05-22,2,乒乓球厅-2号,11:00-12:00,0,1,可预约,￥5.0,多云,17,12,5,0.0,86,29
2026-05-21 08:20:35,2026-05-22,2,乒乓球厅-2号,11:00-12:00,0,1,可预约,￥5.0,多云,17,14,4,0.0,85,29
2026-05-21 08:25:32,2026-05-22,2,乒乓球厅-2号,11:00-12:00,0,1,可预约,￥5.0,多云,17,14,4,0.0,85,28
2026-05-21 08:30:42,2026-05-22,2,乒乓球厅-2号,11:00-12:00,0,1,可预约,￥5.0,多云,18,15,4,0.0,84,28
2026-05-21 08:35:31,2026-05-22,2,乒乓球厅-2号,11:00-12:00,0,1,可预约,￥5.0,多云,18,15,4,0.0,84,28
2026-05-21 08:40:38,2026-05-22,2,乒乓球厅-2号,11:00-12:00,0,1,可预约,￥5.0,多云,18,15,4,0.0,82,28
2026-05-21 08:45:33,2026-05-22,2,乒乓球厅-2号,11:00-12:00,0,1,可预约,￥5.0,多云,18,15,4,0.0,82,28
2026-05-21 08:50:36,2026-05-22,2,乒乓球厅-2号,11:00-12:00,0,1,可预约,￥5.0,多云,18,15,4,0.0,82,28
2026-05-21 08:55:34,2026-05-22,2,乒乓球厅-2号,11:00-12:00,0,1,可预约,￥5.0,多云,18,15,4,0.0,84,28
2026-05-21 09:00:51,2026-05-22,2,乒乓球厅-2号,11:00-12:00,0,1,可预约,￥5.0,多云,18,15,4,0.0,84,28
2026-05-21 09:01:59,2026-05-22,2,乒乓球厅-2号,11:00-12:00,0,1,可预约,￥5.0,多云,18,15,4,0.0,83,28
2026-05-21 09:05:33,2026-05-22,2,乒乓球厅-2号,11:00-12:00,0,1,可预约,￥5.0,多云,18,15,4,0.0,83,28
2026-05-21 09:20:38,2026-05-22,2,乒乓球厅-2号,11:00-12:00,0,1,可预约,￥5.0,多云,18,16,3,0.0,81,28
2026-05-21 09:30:46,2026-05-22,2,乒乓球厅-2号,11:00-12:00,0,1,可预约,￥5.0,多云,18,16,3,0.0,81,32
2026-05-21 09:40:36,2026-05-22,2,乒乓球厅-2号,11:00-12:00,0,1,可预约,￥5.0,多云,19,17,3,0.0,79,32
2026-05-21 09:50:42,2026-05-22,2,乒乓球厅-2号,11:00-12:00,0,1,可预约,￥5.0,多云,19,17,4,0.0,81,32
2026-05-21 10:00:46,2026-05-22,2,乒乓球厅-2号,11:00-12:00,0,1,可预约,￥5.0,多云,19,17,4,0.0,79,32
2026-05-21 10:10:40,2026-05-22,2,乒乓球厅-2号,11:00-12:00,0,1,可预约,￥5.0,多云,19,17,4,0.0,79,32
2026-05-21 10:20:38,2026-05-22,2,乒乓球厅-2号,11:00-12:00,0,1,可预约,￥5.0,多云,19,17,4,0.0,79,32
2026-05-21 10:30:41,2026-05-22,2,乒乓球厅-2号,11:00-12:00,0,1,可预约,￥5.0,多云,19,18,3,0.0,78,31
2026-05-21 11:00:44,2026-05-22,2,乒乓球厅-2号,11:00-12:00,0,1,可预约,￥5.0,多云,21,17,5,0.0,74,31
2026-05-21 11:30:38,2026-05-22,2,乒乓球厅-2号,11:00-12:00,0,1,可预约,￥5.0,多云,21,19,3,0.0,72,33
2026-05-21 12:00:46,2026-05-22,2,乒乓球厅-2号,11:00-12:00,0,1,可预约,￥5.0,多云,22,19,4,0.0,70,33
2026-05-21 12:30:42,2026-05-22,2,乒乓球厅-2号,11:00-12:00,0,1,可预约,￥5.0,多云,22,21,3,0.0,68,35
2026-05-21 13:00:43,2026-05-22,2,乒乓球厅-2号,11:00-12:00,0,1,可预约,￥5.0,多云,24,22,4,0.0,66,35
2026-05-21 13:30:43,2026-05-22,2,乒乓球厅-2号,11:00-12:00,0,1,可预约,￥5.0,多云,24,22,4,0.0,66,36
2026-05-21 14:00:48,2026-05-22,2,乒乓球厅-2号,11:00-12:00,0,1,可预约,￥5.0,多云,25,23,4,0.0,66,36
2026-05-21 14:30:45,2026-05-22,2,乒乓球厅-2号,11:00-12:00,0,1,可预约,￥5.0,晴,25,25,3,0.0,65,39
2026-05-21 15:00:45,2026-05-22,2,乒乓球厅-2号,11:00-12:00,0,1,可预约,￥5.0,晴,25,22,4,0.0,56,39
2026-05-21 15:30:43,2026-05-22,2,乒乓球厅-2号,11:00-12:00,0,1,可预约,￥5.0,晴,25,23,4,0.0,57,40
2026-05-21 16:00:51,2026-05-22,2,乒乓球厅-2号,11:00-12:00,0,1,可预约,￥5.0,晴,25,23,4,0.0,57,40
2026-05-21 16:30:48,2026-05-22,2,乒乓球厅-2号,11:00-12:00,0,1,可预约,￥5.0,晴,25,24,3,0.0,60,39
2026-05-21 17:00:49,2026-05-22,2,乒乓球厅-2号,11:00-12:00,0,1,可预约,￥5.0,晴,25,24,4,0.0,61,39
2026-05-21 17:30:47,2026-05-22,2,乒乓球厅-2号,11:00-12:00,0,1,可预约,￥5.0,多云,24,23,3,0.0,64,39
2026-05-21 18:00:50,2026-05-22,2,乒乓球厅-2号,11:00-12:00,0,1,可预约,￥5.0,多云,24,23,3,0.0,68,39
2026-05-21 18:30:50,2026-05-22,2,乒乓球厅-2号,11:00-12:00,0,1,可预约,￥5.0,阴,24,25,2,0.0,68,40
2026-05-21 19:00:50,2026-05-22,2,乒乓球厅-2号,11:00-12:00,0,1,可预约,￥5.0,阴,23,23,3,0.0,76,40
2026-05-21 19:30:46,2026-05-22,2,乒乓球厅-2号,11:00-12:00,0,1,可预约,￥5.0,阴,23,24,2,0.0,77,39
2026-05-21 20:00:49,2026-05-22,2,乒乓球厅-2号,11:00-12:00,0,1,可预约,￥5.0,雾,22,23,2,0.0,89,39
2026-05-21 20:30:44,2026-05-22,2,乒乓球厅-2号,11:00-12:00,0,1,可预约,￥5.0,雾,22,24,2,0.0,93,43
2026-05-21 21:00:56,2026-05-22,2,乒乓球厅-2号,11:00-12:00,0,1,可预约,￥5.0,雾,20,21,2,0.0,98,43
2026-05-21 21:30:46,2026-05-22,2,乒乓球厅-2号,11:00-12:00,0,1,可预约,￥5.0,雾,20,22,1,0.0,99,41
2026-05-21 22:01:02,2026-05-22,2,乒乓球厅-2号,11:00-12:00,0,1,可预约,￥5.0,雾,19,20,2,0.0,93,41
2026-05-21 22:30:47,2026-05-22,2,乒乓球厅-2号,11:00-12:00,0,1,可预约,￥5.0,雾,19,19,3,0.0,88,46
2026-05-21 23:00:56,2026-05-22,2,乒乓球厅-2号,11:00-12:00,0,1,可预约,￥5.0,多云,18,17,3,0.0,85,46
2026-05-21 23:30:55,2026-05-22,2,乒乓球厅-2号,11:00-12:00,0,1,可预约,￥5.0,多云,18,17,3,0.0,85,48
2026-05-21 08:00:45,2026-05-22,2,乒乓球厅-2号,12:00-12:55,0,1,可预约,￥0.0,晴,17,12,5,0.0,86,29
2026-05-21 08:02:30,2026-05-22,2,乒乓球厅-2号,12:00-12:55,0,1,可预约,￥0.0,多云,17,12,5,0.0,87,29
2026-05-21 08:05:36,2026-05-22,2,乒乓球厅-2号,12:00-12:55,0,1,可预约,￥0.0,多云,17,12,5,0.0,86,29
2026-05-21 08:08:31,2026-05-22,2,乒乓球厅-2号,12:00-12:55,0,1,可预约,￥0.0,多云,17,12,5,0.0,86,29
2026-05-21 08:11:30,2026-05-22,2,乒乓球厅-2号,12:00-12:55,0,1,可预约,￥0.0,多云,17,12,5,0.0,86,29
2026-05-21 08:14:31,2026-05-22,2,乒乓球厅-2号,12:00-12:55,0,1,可预约,￥0.0,多云,17,12,5,0.0,86,29
2026-05-21 08:17:30,2026-05-22,2,乒乓球厅-2号,12:00-12:55,0,1,可预约,￥0.0,多云,17,12,5,0.0,86,29
2026-05-21 08:20:35,2026-05-22,2,乒乓球厅-2号,12:00-12:55,0,1,可预约,￥0.0,多云,17,14,4,0.0,85,29
2026-05-21 08:25:32,2026-05-22,2,乒乓球厅-2号,12:00-12:55,0,1,可预约,￥0.0,多云,17,14,4,0.0,85,28
2026-05-21 08:30:42,2026-05-22,2,乒乓球厅-2号,12:00-12:55,0,1,可预约,￥0.0,多云,18,15,4,0.0,84,28
2026-05-21 08:35:31,2026-05-22,2,乒乓球厅-2号,12:00-12:55,0,1,可预约,￥0.0,多云,18,15,4,0.0,84,28
2026-05-21 08:40:38,2026-05-22,2,乒乓球厅-2号,12:00-12:55,0,1,可预约,￥0.0,多云,18,15,4,0.0,82,28
2026-05-21 08:45:33,2026-05-22,2,乒乓球厅-2号,12:00-12:55,0,1,可预约,￥0.0,多云,18,15,4,0.0,82,28
2026-05-21 08:50:36,2026-05-22,2,乒乓球厅-2号,12:00-12:55,0,1,可预约,￥0.0,多云,18,15,4,0.0,82,28
2026-05-21 08:55:34,2026-05-22,2,乒乓球厅-2号,12:00-12:55,0,1,可预约,￥0.0,多云,18,15,4,0.0,84,28
2026-05-21 09:00:51,2026-05-22,2,乒乓球厅-2号,12:00-12:55,0,1,可预约,￥0.0,多云,18,15,4,0.0,84,28
2026-05-21 09:01:59,2026-05-22,2,乒乓球厅-2号,12:00-12:55,0,1,可预约,￥0.0,多云,18,15,4,0.0,83,28
2026-05-21 09:05:33,2026-05-22,2,乒乓球厅-2号,12:00-12:55,0,1,可预约,￥0.0,多云,18,15,4,0.0,83,28
2026-05-21 09:20:38,2026-05-22,2,乒乓球厅-2号,12:00-12:55,0,1,可预约,￥0.0,多云,18,16,3,0.0,81,28
2026-05-21 09:30:46,2026-05-22,2,乒乓球厅-2号,12:00-12:55,0,1,可预约,￥0.0,多云,18,16,3,0.0,81,32
2026-05-21 09:40:36,2026-05-22,2,乒乓球厅-2号,12:00-12:55,0,1,可预约,￥0.0,多云,19,17,3,0.0,79,32
2026-05-21 09:50:42,2026-05-22,2,乒乓球厅-2号,12:00-12:55,0,1,可预约,￥0.0,多云,19,17,4,0.0,81,32
2026-05-21 10:00:46,2026-05-22,2,乒乓球厅-2号,12:00-12:55,0,1,可预约,￥0.0,多云,19,17,4,0.0,79,32
2026-05-21 10:10:40,2026-05-22,2,乒乓球厅-2号,12:00-12:55,0,1,可预约,￥0.0,多云,19,17,4,0.0,79,32
2026-05-21 10:20:38,2026-05-22,2,乒乓球厅-2号,12:00-12:55,0,1,可预约,￥0.0,多云,19,17,4,0.0,79,32
2026-05-21 10:30:41,2026-05-22,2,乒乓球厅-2号,12:00-12:55,0,1,可预约,￥0.0,多云,19,18,3,0.0,78,31
2026-05-21 11:00:44,2026-05-22,2,乒乓球厅-2号,12:00-12:55,0,1,可预约,￥0.0,多云,21,17,5,0.0,74,31
2026-05-21 11:30:38,2026-05-22,2,乒乓球厅-2号,12:00-12:55,0,1,可预约,￥0.0,多云,21,19,3,0.0,72,33
2026-05-21 12:00:46,2026-05-22,2,乒乓球厅-2号,12:00-12:55,0,1,可预约,￥0.0,多云,22,19,4,0.0,70,33
2026-05-21 12:30:42,2026-05-22,2,乒乓球厅-2号,12:00-12:55,0,1,可预约,￥0.0,多云,22,21,3,0.0,68,35
2026-05-21 13:00:43,2026-05-22,2,乒乓球厅-2号,12:00-12:55,0,1,可预约,￥0.0,多云,24,22,4,0.0,66,35
2026-05-21 13:30:43,2026-05-22,2,乒乓球厅-2号,12:00-12:55,0,1,可预约,￥0.0,多云,24,22,4,0.0,66,36
2026-05-21 14:00:48,2026-05-22,2,乒乓球厅-2号,12:00-12:55,0,1,可预约,￥0.0,多云,25,23,4,0.0,66,36
2026-05-21 14:30:45,2026-05-22,2,乒乓球厅-2号,12:00-12:55,0,1,可预约,￥0.0,晴,25,25,3,0.0,65,39
2026-05-21 15:00:45,2026-05-22,2,乒乓球厅-2号,12:00-12:55,0,1,可预约,￥0.0,晴,25,22,4,0.0,56,39
2026-05-21 15:30:43,2026-05-22,2,乒乓球厅-2号,12:00-12:55,0,1,可预约,￥0.0,晴,25,23,4,0.0,57,40
2026-05-21 16:00:51,2026-05-22,2,乒乓球厅-2号,12:00-12:55,0,1,可预约,￥0.0,晴,25,23,4,0.0,57,40
2026-05-21 16:30:48,2026-05-22,2,乒乓球厅-2号,12:00-12:55,0,1,可预约,￥0.0,晴,25,24,3,0.0,60,39
2026-05-21 17:00:49,2026-05-22,2,乒乓球厅-2号,12:00-12:55,0,1,可预约,￥0.0,晴,25,24,4,0.0,61,39
2026-05-21 17:30:47,2026-05-22,2,乒乓球厅-2号,12:00-12:55,0,1,可预约,￥0.0,多云,24,23,3,0.0,64,39
2026-05-21 18:00:50,2026-05-22,2,乒乓球厅-2号,12:00-12:55,0,1,可预约,￥0.0,多云,24,23,3,0.0,68,39
2026-05-21 18:30:50,2026-05-22,2,乒乓球厅-2号,12:00-12:55,0,1,可预约,￥0.0,阴,24,25,2,0.0,68,40
2026-05-21 19:00:50,2026-05-22,2,乒乓球厅-2号,12:00-12:55,0,1,可预约,￥0.0,阴,23,23,3,0.0,76,40
2026-05-21 19:30:46,2026-05-22,2,乒乓球厅-2号,12:00-12:55,0,1,可预约,￥0.0,阴,23,24,2,0.0,77,39
2026-05-21 20:00:49,2026-05-22,2,乒乓球厅-2号,12:00-12:55,0,1,可预约,￥0.0,雾,22,23,2,0.0,89,39
2026-05-21 20:30:44,2026-05-22,2,乒乓球厅-2号,12:00-12:55,0,1,可预约,￥0.0,雾,22,24,2,0.0,93,43
2026-05-21 21:00:56,2026-05-22,2,乒乓球厅-2号,12:00-12:55,0,1,可预约,￥0.0,雾,20,21,2,0.0,98,43
2026-05-21 21:30:46,2026-05-22,2,乒乓球厅-2号,12:00-12:55,0,1,可预约,￥0.0,雾,20,22,1,0.0,99,41
2026-05-21 22:01:02,2026-05-22,2,乒乓球厅-2号,12:00-12:55,0,1,可预约,￥0.0,雾,19,20,2,0.0,93,41
2026-05-21 22:30:47,2026-05-22,2,乒乓球厅-2号,12:00-12:55,0,1,可预约,￥0.0,雾,19,19,3,0.0,88,46
2026-05-21 23:00:56,2026-05-22,2,乒乓球厅-2号,12:00-12:55,0,1,可预约,￥0.0,多云,18,17,3,0.0,85,46
2026-05-21 23:30:55,2026-05-22,2,乒乓球厅-2号,12:00-12:55,0,1,可预约,￥0.0,多云,18,17,3,0.0,85,48
2026-05-21 08:00:45,2026-05-22,2,乒乓球厅-2号,12:55-13:50,0,1,可预约,￥0.0,晴,17,12,5,0.0,86,29
2026-05-21 08:02:30,2026-05-22,2,乒乓球厅-2号,12:55-13:50,0,1,可预约,￥0.0,多云,17,12,5,0.0,87,29
2026-05-21 08:05:36,2026-05-22,2,乒乓球厅-2号,12:55-13:50,0,1,可预约,￥0.0,多云,17,12,5,0.0,86,29
2026-05-21 08:08:31,2026-05-22,2,乒乓球厅-2号,12:55-13:50,0,1,可预约,￥0.0,多云,17,12,5,0.0,86,29
2026-05-21 08:11:30,2026-05-22,2,乒乓球厅-2号,12:55-13:50,0,1,可预约,￥0.0,多云,17,12,5,0.0,86,29
2026-05-21 08:14:31,2026-05-22,2,乒乓球厅-2号,12:55-13:50,0,1,可预约,￥0.0,多云,17,12,5,0.0,86,29
2026-05-21 08:17:30,2026-05-22,2,乒乓球厅-2号,12:55-13:50,0,1,可预约,￥0.0,多云,17,12,5,0.0,86,29
2026-05-21 08:20:35,2026-05-22,2,乒乓球厅-2号,12:55-13:50,0,1,可预约,￥0.0,多云,17,14,4,0.0,85,29
2026-05-21 08:25:32,2026-05-22,2,乒乓球厅-2号,12:55-13:50,0,1,可预约,￥0.0,多云,17,14,4,0.0,85,28
2026-05-21 08:30:42,2026-05-22,2,乒乓球厅-2号,12:55-13:50,0,1,可预约,￥0.0,多云,18,15,4,0.0,84,28
2026-05-21 08:35:31,2026-05-22,2,乒乓球厅-2号,12:55-13:50,0,1,可预约,￥0.0,多云,18,15,4,0.0,84,28
2026-05-21 08:40:38,2026-05-22,2,乒乓球厅-2号,12:55-13:50,0,1,可预约,￥0.0,多云,18,15,4,0.0,82,28
2026-05-21 08:45:33,2026-05-22,2,乒乓球厅-2号,12:55-13:50,0,1,可预约,￥0.0,多云,18,15,4,0.0,82,28
2026-05-21 08:50:36,2026-05-22,2,乒乓球厅-2号,12:55-13:50,0,1,可预约,￥0.0,多云,18,15,4,0.0,82,28
2026-05-21 08:55:34,2026-05-22,2,乒乓球厅-2号,12:55-13:50,0,1,可预约,￥0.0,多云,18,15,4,0.0,84,28
2026-05-21 09:00:51,2026-05-22,2,乒乓球厅-2号,12:55-13:50,0,1,可预约,￥0.0,多云,18,15,4,0.0,84,28
2026-05-21 09:01:59,2026-05-22,2,乒乓球厅-2号,12:55-13:50,0,1,可预约,￥0.0,多云,18,15,4,0.0,83,28
2026-05-21 09:05:33,2026-05-22,2,乒乓球厅-2号,12:55-13:50,0,1,可预约,￥0.0,多云,18,15,4,0.0,83,28
2026-05-21 09:20:38,2026-05-22,2,乒乓球厅-2号,12:55-13:50,0,1,可预约,￥0.0,多云,18,16,3,0.0,81,28
2026-05-21 09:30:46,2026-05-22,2,乒乓球厅-2号,12:55-13:50,0,1,可预约,￥0.0,多云,18,16,3,0.0,81,32
2026-05-21 09:40:36,2026-05-22,2,乒乓球厅-2号,12:55-13:50,0,1,可预约,￥0.0,多云,19,17,3,0.0,79,32
2026-05-21 09:50:42,2026-05-22,2,乒乓球厅-2号,12:55-13:50,0,1,可预约,￥0.0,多云,19,17,4,0.0,81,32
2026-05-21 10:00:46,2026-05-22,2,乒乓球厅-2号,12:55-13:50,0,1,可预约,￥0.0,多云,19,17,4,0.0,79,32
2026-05-21 10:10:40,2026-05-22,2,乒乓球厅-2号,12:55-13:50,0,1,可预约,￥0.0,多云,19,17,4,0.0,79,32
2026-05-21 10:20:38,2026-05-22,2,乒乓球厅-2号,12:55-13:50,0,1,可预约,￥0.0,多云,19,17,4,0.0,79,32
2026-05-21 10:30:41,2026-05-22,2,乒乓球厅-2号,12:55-13:50,0,1,可预约,￥0.0,多云,19,18,3,0.0,78,31
2026-05-21 11:00:44,2026-05-22,2,乒乓球厅-2号,12:55-13:50,0,1,可预约,￥0.0,多云,21,17,5,0.0,74,31
2026-05-21 11:30:38,2026-05-22,2,乒乓球厅-2号,12:55-13:50,0,1,可预约,￥0.0,多云,21,19,3,0.0,72,33
2026-05-21 12:00:46,2026-05-22,2,乒乓球厅-2号,12:55-13:50,0,1,可预约,￥0.0,多云,22,19,4,0.0,70,33
2026-05-21 12:30:42,2026-05-22,2,乒乓球厅-2号,12:55-13:50,0,1,可预约,￥0.0,多云,22,21,3,0.0,68,35
2026-05-21 13:00:43,2026-05-22,2,乒乓球厅-2号,12:55-13:50,0,1,可预约,￥0.0,多云,24,22,4,0.0,66,35
2026-05-21 13:30:43,2026-05-22,2,乒乓球厅-2号,12:55-13:50,0,1,可预约,￥0.0,多云,24,22,4,0.0,66,36
2026-05-21 14:00:48,2026-05-22,2,乒乓球厅-2号,12:55-13:50,0,1,可预约,￥0.0,多云,25,23,4,0.0,66,36
2026-05-21 14:30:45,2026-05-22,2,乒乓球厅-2号,12:55-13:50,0,1,可预约,￥0.0,晴,25,25,3,0.0,65,39
2026-05-21 15:00:45,2026-05-22,2,乒乓球厅-2号,12:55-13:50,0,1,可预约,￥0.0,晴,25,22,4,0.0,56,39
2026-05-21 15:30:43,2026-05-22,2,乒乓球厅-2号,12:55-13:50,0,1,可预约,￥0.0,晴,25,23,4,0.0,57,40
2026-05-21 16:00:51,2026-05-22,2,乒乓球厅-2号,12:55-13:50,0,1,可预约,￥0.0,晴,25,23,4,0.0,57,40
2026-05-21 16:30:48,2026-05-22,2,乒乓球厅-2号,12:55-13:50,0,1,可预约,￥0.0,晴,25,24,3,0.0,60,39
2026-05-21 17:00:49,2026-05-22,2,乒乓球厅-2号,12:55-13:50,0,1,可预约,￥0.0,晴,25,24,4,0.0,61,39
2026-05-21 17:30:47,2026-05-22,2,乒乓球厅-2号,12:55-13:50,0,1,可预约,￥0.0,多云,24,23,3,0.0,64,39
2026-05-21 18:00:50,2026-05-22,2,乒乓球厅-2号,12:55-13:50,0,1,可预约,￥0.0,多云,24,23,3,0.0,68,39
2026-05-21 18:30:50,2026-05-22,2,乒乓球厅-2号,12:55-13:50,0,1,可预约,￥0.0,阴,24,25,2,0.0,68,40
2026-05-21 19:00:50,2026-05-22,2,乒乓球厅-2号,12:55-13:50,0,1,可预约,￥0.0,阴,23,23,3,0.0,76,40
2026-05-21 19:30:46,2026-05-22,2,乒乓球厅-2号,12:55-13:50,0,1,可预约,￥0.0,阴,23,24,2,0.0,77,39
2026-05-21 20:00:49,2026-05-22,2,乒乓球厅-2号,12:55-13:50,0,1,可预约,￥0.0,雾,22,23,2,0.0,89,39
2026-05-21 20:30:44,2026-05-22,2,乒乓球厅-2号,12:55-13:50,0,1,可预约,￥0.0,雾,22,24,2,0.0,93,43
2026-05-21 21:00:56,2026-05-22,2,乒乓球厅-2号,12:55-13:50,0,1,可预约,￥0.0,雾,20,21,2,0.0,98,43
2026-05-21 21:30:46,2026-05-22,2,乒乓球厅-2号,12:55-13:50,0,1,可预约,￥0.0,雾,20,22,1,0.0,99,41
2026-05-21 22:01:02,2026-05-22,2,乒乓球厅-2号,12:55-13:50,0,1,可预约,￥0.0,雾,19,20,2,0.0,93,41
2026-05-21 22:30:47,2026-05-22,2,乒乓球厅-2号,12:55-13:50,0,1,可预约,￥0.0,雾,19,19,3,0.0,88,46
2026-05-21 23:00:56,2026-05-22,2,乒乓球厅-2号,12:55-13:50,0,1,可预约,￥0.0,多云,18,17,3,0.0,85,46
2026-05-21 23:30:55,2026-05-22,2,乒乓球厅-2号,12:55-13:50,0,1,可预约,￥0.0,多云,18,17,3,0.0,85,48
2026-05-21 08:00:45,2026-05-22,2,乒乓球厅-2号,14:00-15:00,1,1,已售/已满,教学时间,晴,17,12,5,0.0,86,29
2026-05-21 08:02:30,2026-05-22,2,乒乓球厅-2号,14:00-15:00,1,1,已售/已满,教学时间,多云,17,12,5,0.0,87,29
2026-05-21 08:05:36,2026-05-22,2,乒乓球厅-2号,14:00-15:00,1,1,已售/已满,教学时间,多云,17,12,5,0.0,86,29
2026-05-21 08:08:31,2026-05-22,2,乒乓球厅-2号,14:00-15:00,1,1,已售/已满,教学时间,多云,17,12,5,0.0,86,29
2026-05-21 08:11:30,2026-05-22,2,乒乓球厅-2号,14:00-15:00,1,1,已售/已满,教学时间,多云,17,12,5,0.0,86,29
2026-05-21 08:14:31,2026-05-22,2,乒乓球厅-2号,14:00-15:00,1,1,已售/已满,教学时间,多云,17,12,5,0.0,86,29
2026-05-21 08:17:30,2026-05-22,2,乒乓球厅-2号,14:00-15:00,1,1,已售/已满,教学时间,多云,17,12,5,0.0,86,29
2026-05-21 08:20:35,2026-05-22,2,乒乓球厅-2号,14:00-15:00,1,1,已售/已满,教学时间,多云,17,14,4,0.0,85,29
2026-05-21 08:25:32,2026-05-22,2,乒乓球厅-2号,14:00-15:00,1,1,已售/已满,教学时间,多云,17,14,4,0.0,85,28
2026-05-21 08:30:42,2026-05-22,2,乒乓球厅-2号,14:00-15:00,1,1,已售/已满,教学时间,多云,18,15,4,0.0,84,28
2026-05-21 08:35:31,2026-05-22,2,乒乓球厅-2号,14:00-15:00,1,1,已售/已满,教学时间,多云,18,15,4,0.0,84,28
2026-05-21 08:40:38,2026-05-22,2,乒乓球厅-2号,14:00-15:00,1,1,已售/已满,教学时间,多云,18,15,4,0.0,82,28
2026-05-21 08:45:33,2026-05-22,2,乒乓球厅-2号,14:00-15:00,1,1,已售/已满,教学时间,多云,18,15,4,0.0,82,28
2026-05-21 08:50:36,2026-05-22,2,乒乓球厅-2号,14:00-15:00,1,1,已售/已满,教学时间,多云,18,15,4,0.0,82,28
2026-05-21 08:55:34,2026-05-22,2,乒乓球厅-2号,14:00-15:00,1,1,已售/已满,教学时间,多云,18,15,4,0.0,84,28
2026-05-21 09:00:51,2026-05-22,2,乒乓球厅-2号,14:00-15:00,1,1,已售/已满,教学时间,多云,18,15,4,0.0,84,28
2026-05-21 09:01:59,2026-05-22,2,乒乓球厅-2号,14:00-15:00,1,1,已售/已满,教学时间,多云,18,15,4,0.0,83,28
2026-05-21 09:05:33,2026-05-22,2,乒乓球厅-2号,14:00-15:00,1,1,已售/已满,教学时间,多云,18,15,4,0.0,83,28
2026-05-21 09:20:38,2026-05-22,2,乒乓球厅-2号,14:00-15:00,1,1,已售/已满,教学时间,多云,18,16,3,0.0,81,28
2026-05-21 09:30:46,2026-05-22,2,乒乓球厅-2号,14:00-15:00,1,1,已售/已满,教学时间,多云,18,16,3,0.0,81,32
2026-05-21 09:40:36,2026-05-22,2,乒乓球厅-2号,14:00-15:00,1,1,已售/已满,教学时间,多云,19,17,3,0.0,79,32
2026-05-21 09:50:42,2026-05-22,2,乒乓球厅-2号,14:00-15:00,1,1,已售/已满,教学时间,多云,19,17,4,0.0,81,32
2026-05-21 10:00:46,2026-05-22,2,乒乓球厅-2号,14:00-15:00,1,1,已售/已满,教学时间,多云,19,17,4,0.0,79,32
2026-05-21 10:10:40,2026-05-22,2,乒乓球厅-2号,14:00-15:00,1,1,已售/已满,教学时间,多云,19,17,4,0.0,79,32
2026-05-21 10:20:38,2026-05-22,2,乒乓球厅-2号,14:00-15:00,1,1,已售/已满,教学时间,多云,19,17,4,0.0,79,32
2026-05-21 10:30:41,2026-05-22,2,乒乓球厅-2号,14:00-15:00,1,1,已售/已满,教学时间,多云,19,18,3,0.0,78,31
2026-05-21 11:00:44,2026-05-22,2,乒乓球厅-2号,14:00-15:00,1,1,已售/已满,教学时间,多云,21,17,5,0.0,74,31
2026-05-21 11:30:38,2026-05-22,2,乒乓球厅-2号,14:00-15:00,1,1,已售/已满,教学时间,多云,21,19,3,0.0,72,33
2026-05-21 12:00:46,2026-05-22,2,乒乓球厅-2号,14:00-15:00,1,1,已售/已满,教学时间,多云,22,19,4,0.0,70,33
2026-05-21 12:30:42,2026-05-22,2,乒乓球厅-2号,14:00-15:00,1,1,已售/已满,教学时间,多云,22,21,3,0.0,68,35
2026-05-21 13:00:43,2026-05-22,2,乒乓球厅-2号,14:00-15:00,1,1,已售/已满,教学时间,多云,24,22,4,0.0,66,35
2026-05-21 13:30:43,2026-05-22,2,乒乓球厅-2号,14:00-15:00,1,1,已售/已满,教学时间,多云,24,22,4,0.0,66,36
2026-05-21 14:00:48,2026-05-22,2,乒乓球厅-2号,14:00-15:00,1,1,已售/已满,教学时间,多云,25,23,4,0.0,66,36
2026-05-21 14:30:45,2026-05-22,2,乒乓球厅-2号,14:00-15:00,1,1,已售/已满,教学时间,晴,25,25,3,0.0,65,39
2026-05-21 15:00:45,2026-05-22,2,乒乓球厅-2号,14:00-15:00,1,1,已售/已满,教学时间,晴,25,22,4,0.0,56,39
2026-05-21 15:30:43,2026-05-22,2,乒乓球厅-2号,14:00-15:00,1,1,已售/已满,教学时间,晴,25,23,4,0.0,57,40
2026-05-21 16:00:51,2026-05-22,2,乒乓球厅-2号,14:00-15:00,1,1,已售/已满,教学时间,晴,25,23,4,0.0,57,40
2026-05-21 16:30:48,2026-05-22,2,乒乓球厅-2号,14:00-15:00,1,1,已售/已满,教学时间,晴,25,24,3,0.0,60,39
2026-05-21 17:00:49,2026-05-22,2,乒乓球厅-2号,14:00-15:00,1,1,已售/已满,教学时间,晴,25,24,4,0.0,61,39
2026-05-21 17:30:47,2026-05-22,2,乒乓球厅-2号,14:00-15:00,1,1,已售/已满,教学时间,多云,24,23,3,0.0,64,39
2026-05-21 18:00:50,2026-05-22,2,乒乓球厅-2号,14:00-15:00,1,1,已售/已满,教学时间,多云,24,23,3,0.0,68,39
2026-05-21 18:30:50,2026-05-22,2,乒乓球厅-2号,14:00-15:00,1,1,已售/已满,教学时间,阴,24,25,2,0.0,68,40
2026-05-21 19:00:50,2026-05-22,2,乒乓球厅-2号,14:00-15:00,1,1,已售/已满,教学时间,阴,23,23,3,0.0,76,40
2026-05-21 19:30:46,2026-05-22,2,乒乓球厅-2号,14:00-15:00,1,1,已售/已满,教学时间,阴,23,24,2,0.0,77,39
2026-05-21 20:00:49,2026-05-22,2,乒乓球厅-2号,14:00-15:00,1,1,已售/已满,教学时间,雾,22,23,2,0.0,89,39
2026-05-21 20:30:44,2026-05-22,2,乒乓球厅-2号,14:00-15:00,1,1,已售/已满,教学时间,雾,22,24,2,0.0,93,43
2026-05-21 21:00:56,2026-05-22,2,乒乓球厅-2号,14:00-15:00,1,1,已售/已满,教学时间,雾,20,21,2,0.0,98,43
2026-05-21 21:30:46,2026-05-22,2,乒乓球厅-2号,14:00-15:00,1,1,已售/已满,教学时间,雾,20,22,1,0.0,99,41
2026-05-21 22:01:02,2026-05-22,2,乒乓球厅-2号,14:00-15:00,1,1,已售/已满,教学时间,雾,19,20,2,0.0,93,41
2026-05-21 22:30:47,2026-05-22,2,乒乓球厅-2号,14:00-15:00,1,1,已售/已满,教学时间,雾,19,19,3,0.0,88,46
2026-05-21 23:00:56,2026-05-22,2,乒乓球厅-2号,14:00-15:00,1,1,已售/已满,教学时间,多云,18,17,3,0.0,85,46
2026-05-21 23:30:55,2026-05-22,2,乒乓球厅-2号,14:00-15:00,1,1,已售/已满,教学时间,多云,18,17,3,0.0,85,48
2026-05-21 08:00:45,2026-05-22,2,乒乓球厅-2号,15:00-16:00,1,1,已售/已满,教学时间,晴,17,12,5,0.0,86,29
2026-05-21 08:02:30,2026-05-22,2,乒乓球厅-2号,15:00-16:00,1,1,已售/已满,教学时间,多云,17,12,5,0.0,87,29
2026-05-21 08:05:36,2026-05-22,2,乒乓球厅-2号,15:00-16:00,1,1,已售/已满,教学时间,多云,17,12,5,0.0,86,29
2026-05-21 08:08:31,2026-05-22,2,乒乓球厅-2号,15:00-16:00,1,1,已售/已满,教学时间,多云,17,12,5,0.0,86,29
2026-05-21 08:11:30,2026-05-22,2,乒乓球厅-2号,15:00-16:00,1,1,已售/已满,教学时间,多云,17,12,5,0.0,86,29
2026-05-21 08:14:31,2026-05-22,2,乒乓球厅-2号,15:00-16:00,1,1,已售/已满,教学时间,多云,17,12,5,0.0,86,29
2026-05-21 08:17:30,2026-05-22,2,乒乓球厅-2号,15:00-16:00,1,1,已售/已满,教学时间,多云,17,12,5,0.0,86,29
2026-05-21 08:20:35,2026-05-22,2,乒乓球厅-2号,15:00-16:00,1,1,已售/已满,教学时间,多云,17,14,4,0.0,85,29
2026-05-21 08:25:32,2026-05-22,2,乒乓球厅-2号,15:00-16:00,1,1,已售/已满,教学时间,多云,17,14,4,0.0,85,28
2026-05-21 08:30:42,2026-05-22,2,乒乓球厅-2号,15:00-16:00,1,1,已售/已满,教学时间,多云,18,15,4,0.0,84,28
2026-05-21 08:35:31,2026-05-22,2,乒乓球厅-2号,15:00-16:00,1,1,已售/已满,教学时间,多云,18,15,4,0.0,84,28
2026-05-21 08:40:38,2026-05-22,2,乒乓球厅-2号,15:00-16:00,1,1,已售/已满,教学时间,多云,18,15,4,0.0,82,28
2026-05-21 08:45:33,2026-05-22,2,乒乓球厅-2号,15:00-16:00,1,1,已售/已满,教学时间,多云,18,15,4,0.0,82,28
2026-05-21 08:50:36,2026-05-22,2,乒乓球厅-2号,15:00-16:00,1,1,已售/已满,教学时间,多云,18,15,4,0.0,82,28
2026-05-21 08:55:34,2026-05-22,2,乒乓球厅-2号,15:00-16:00,1,1,已售/已满,教学时间,多云,18,15,4,0.0,84,28
2026-05-21 09:00:51,2026-05-22,2,乒乓球厅-2号,15:00-16:00,1,1,已售/已满,教学时间,多云,18,15,4,0.0,84,28
2026-05-21 09:01:59,2026-05-22,2,乒乓球厅-2号,15:00-16:00,1,1,已售/已满,教学时间,多云,18,15,4,0.0,83,28
2026-05-21 09:05:33,2026-05-22,2,乒乓球厅-2号,15:00-16:00,1,1,已售/已满,教学时间,多云,18,15,4,0.0,83,28
2026-05-21 09:20:38,2026-05-22,2,乒乓球厅-2号,15:00-16:00,1,1,已售/已满,教学时间,多云,18,16,3,0.0,81,28
2026-05-21 09:30:46,2026-05-22,2,乒乓球厅-2号,15:00-16:00,1,1,已售/已满,教学时间,多云,18,16,3,0.0,81,32
2026-05-21 09:40:36,2026-05-22,2,乒乓球厅-2号,15:00-16:00,1,1,已售/已满,教学时间,多云,19,17,3,0.0,79,32
2026-05-21 09:50:42,2026-05-22,2,乒乓球厅-2号,15:00-16:00,1,1,已售/已满,教学时间,多云,19,17,4,0.0,81,32
2026-05-21 10:00:46,2026-05-22,2,乒乓球厅-2号,15:00-16:00,1,1,已售/已满,教学时间,多云,19,17,4,0.0,79,32
2026-05-21 10:10:40,2026-05-22,2,乒乓球厅-2号,15:00-16:00,1,1,已售/已满,教学时间,多云,19,17,4,0.0,79,32
2026-05-21 10:20:38,2026-05-22,2,乒乓球厅-2号,15:00-16:00,1,1,已售/已满,教学时间,多云,19,17,4,0.0,79,32
2026-05-21 10:30:41,2026-05-22,2,乒乓球厅-2号,15:00-16:00,1,1,已售/已满,教学时间,多云,19,18,3,0.0,78,31
2026-05-21 11:00:44,2026-05-22,2,乒乓球厅-2号,15:00-16:00,1,1,已售/已满,教学时间,多云,21,17,5,0.0,74,31
2026-05-21 11:30:38,2026-05-22,2,乒乓球厅-2号,15:00-16:00,1,1,已售/已满,教学时间,多云,21,19,3,0.0,72,33
2026-05-21 12:00:46,2026-05-22,2,乒乓球厅-2号,15:00-16:00,1,1,已售/已满,教学时间,多云,22,19,4,0.0,70,33
2026-05-21 12:30:42,2026-05-22,2,乒乓球厅-2号,15:00-16:00,1,1,已售/已满,教学时间,多云,22,21,3,0.0,68,35
2026-05-21 13:00:43,2026-05-22,2,乒乓球厅-2号,15:00-16:00,1,1,已售/已满,教学时间,多云,24,22,4,0.0,66,35
2026-05-21 13:30:43,2026-05-22,2,乒乓球厅-2号,15:00-16:00,1,1,已售/已满,教学时间,多云,24,22,4,0.0,66,36
2026-05-21 14:00:48,2026-05-22,2,乒乓球厅-2号,15:00-16:00,1,1,已售/已满,教学时间,多云,25,23,4,0.0,66,36
2026-05-21 14:30:45,2026-05-22,2,乒乓球厅-2号,15:00-16:00,1,1,已售/已满,教学时间,晴,25,25,3,0.0,65,39
2026-05-21 15:00:45,2026-05-22,2,乒乓球厅-2号,15:00-16:00,1,1,已售/已满,教学时间,晴,25,22,4,0.0,56,39
2026-05-21 15:30:43,2026-05-22,2,乒乓球厅-2号,15:00-16:00,1,1,已售/已满,教学时间,晴,25,23,4,0.0,57,40
2026-05-21 16:00:51,2026-05-22,2,乒乓球厅-2号,15:00-16:00,1,1,已售/已满,教学时间,晴,25,23,4,0.0,57,40
2026-05-21 16:30:48,2026-05-22,2,乒乓球厅-2号,15:00-16:00,1,1,已售/已满,教学时间,晴,25,24,3,0.0,60,39
2026-05-21 17:00:49,2026-05-22,2,乒乓球厅-2号,15:00-16:00,1,1,已售/已满,教学时间,晴,25,24,4,0.0,61,39
2026-05-21 17:30:47,2026-05-22,2,乒乓球厅-2号,15:00-16:00,1,1,已售/已满,教学时间,多云,24,23,3,0.0,64,39
2026-05-21 18:00:50,2026-05-22,2,乒乓球厅-2号,15:00-16:00,1,1,已售/已满,教学时间,多云,24,23,3,0.0,68,39
2026-05-21 18:30:50,2026-05-22,2,乒乓球厅-2号,15:00-16:00,1,1,已售/已满,教学时间,阴,24,25,2,0.0,68,40
2026-05-21 19:00:50,2026-05-22,2,乒乓球厅-2号,15:00-16:00,1,1,已售/已满,教学时间,阴,23,23,3,0.0,76,40
2026-05-21 19:30:46,2026-05-22,2,乒乓球厅-2号,15:00-16:00,1,1,已售/已满,教学时间,阴,23,24,2,0.0,77,39
2026-05-21 20:00:49,2026-05-22,2,乒乓球厅-2号,15:00-16:00,1,1,已售/已满,教学时间,雾,22,23,2,0.0,89,39
2026-05-21 20:30:44,2026-05-22,2,乒乓球厅-2号,15:00-16:00,1,1,已售/已满,教学时间,雾,22,24,2,0.0,93,43
2026-05-21 21:00:56,2026-05-22,2,乒乓球厅-2号,15:00-16:00,1,1,已售/已满,教学时间,雾,20,21,2,0.0,98,43
2026-05-21 21:30:46,2026-05-22,2,乒乓球厅-2号,15:00-16:00,1,1,已售/已满,教学时间,雾,20,22,1,0.0,99,41
2026-05-21 22:01:02,2026-05-22,2,乒乓球厅-2号,15:00-16:00,1,1,已售/已满,教学时间,雾,19,20,2,0.0,93,41
2026-05-21 22:30:47,2026-05-22,2,乒乓球厅-2号,15:00-16:00,1,1,已售/已满,教学时间,雾,19,19,3,0.0,88,46
2026-05-21 23:00:56,2026-05-22,2,乒乓球厅-2号,15:00-16:00,1,1,已售/已满,教学时间,多云,18,17,3,0.0,85,46
2026-05-21 23:30:55,2026-05-22,2,乒乓球厅-2号,15:00-16:00,1,1,已售/已满,教学时间,多云,18,17,3,0.0,85,48
2026-05-21 08:00:45,2026-05-22,2,乒乓球厅-2号,16:00-17:00,0,1,可预约,￥5.0,晴,17,12,5,0.0,86,29
2026-05-21 08:02:30,2026-05-22,2,乒乓球厅-2号,16:00-17:00,0,1,可预约,￥5.0,多云,17,12,5,0.0,87,29
2026-05-21 08:05:36,2026-05-22,2,乒乓球厅-2号,16:00-17:00,0,1,可预约,￥5.0,多云,17,12,5,0.0,86,29
2026-05-21 08:08:31,2026-05-22,2,乒乓球厅-2号,16:00-17:00,0,1,可预约,￥5.0,多云,17,12,5,0.0,86,29
2026-05-21 08:11:30,2026-05-22,2,乒乓球厅-2号,16:00-17:00,0,1,可预约,￥5.0,多云,17,12,5,0.0,86,29
2026-05-21 08:14:31,2026-05-22,2,乒乓球厅-2号,16:00-17:00,0,1,可预约,￥5.0,多云,17,12,5,0.0,86,29
2026-05-21 08:17:30,2026-05-22,2,乒乓球厅-2号,16:00-17:00,0,1,可预约,￥5.0,多云,17,12,5,0.0,86,29
2026-05-21 08:20:35,2026-05-22,2,乒乓球厅-2号,16:00-17:00,0,1,可预约,￥5.0,多云,17,14,4,0.0,85,29
2026-05-21 08:25:32,2026-05-22,2,乒乓球厅-2号,16:00-17:00,0,1,可预约,￥5.0,多云,17,14,4,0.0,85,28
2026-05-21 08:30:42,2026-05-22,2,乒乓球厅-2号,16:00-17:00,0,1,可预约,￥5.0,多云,18,15,4,0.0,84,28
2026-05-21 08:35:31,2026-05-22,2,乒乓球厅-2号,16:00-17:00,0,1,可预约,￥5.0,多云,18,15,4,0.0,84,28
2026-05-21 08:40:38,2026-05-22,2,乒乓球厅-2号,16:00-17:00,0,1,可预约,￥5.0,多云,18,15,4,0.0,82,28
2026-05-21 08:45:33,2026-05-22,2,乒乓球厅-2号,16:00-17:00,0,1,可预约,￥5.0,多云,18,15,4,0.0,82,28
2026-05-21 08:50:36,2026-05-22,2,乒乓球厅-2号,16:00-17:00,0,1,可预约,￥5.0,多云,18,15,4,0.0,82,28
2026-05-21 08:55:34,2026-05-22,2,乒乓球厅-2号,16:00-17:00,0,1,可预约,￥5.0,多云,18,15,4,0.0,84,28
2026-05-21 09:00:51,2026-05-22,2,乒乓球厅-2号,16:00-17:00,0,1,可预约,￥5.0,多云,18,15,4,0.0,84,28
2026-05-21 09:01:59,2026-05-22,2,乒乓球厅-2号,16:00-17:00,0,1,可预约,￥5.0,多云,18,15,4,0.0,83,28
2026-05-21 09:05:33,2026-05-22,2,乒乓球厅-2号,16:00-17:00,0,1,可预约,￥5.0,多云,18,15,4,0.0,83,28
2026-05-21 09:20:38,2026-05-22,2,乒乓球厅-2号,16:00-17:00,0,1,可预约,￥5.0,多云,18,16,3,0.0,81,28
2026-05-21 09:30:46,2026-05-22,2,乒乓球厅-2号,16:00-17:00,0,1,可预约,￥5.0,多云,18,16,3,0.0,81,32
2026-05-21 09:40:36,2026-05-22,2,乒乓球厅-2号,16:00-17:00,0,1,可预约,￥5.0,多云,19,17,3,0.0,79,32
2026-05-21 09:50:42,2026-05-22,2,乒乓球厅-2号,16:00-17:00,0,1,可预约,￥5.0,多云,19,17,4,0.0,81,32
2026-05-21 10:00:46,2026-05-22,2,乒乓球厅-2号,16:00-17:00,0,1,可预约,￥5.0,多云,19,17,4,0.0,79,32
2026-05-21 10:10:40,2026-05-22,2,乒乓球厅-2号,16:00-17:00,0,1,可预约,￥5.0,多云,19,17,4,0.0,79,32
2026-05-21 10:20:38,2026-05-22,2,乒乓球厅-2号,16:00-17:00,0,1,可预约,￥5.0,多云,19,17,4,0.0,79,32
2026-05-21 10:30:41,2026-05-22,2,乒乓球厅-2号,16:00-17:00,0,1,可预约,￥5.0,多云,19,18,3,0.0,78,31
2026-05-21 11:00:44,2026-05-22,2,乒乓球厅-2号,16:00-17:00,0,1,可预约,￥5.0,多云,21,17,5,0.0,74,31
2026-05-21 11:30:38,2026-05-22,2,乒乓球厅-2号,16:00-17:00,0,1,可预约,￥5.0,多云,21,19,3,0.0,72,33
2026-05-21 12:00:46,2026-05-22,2,乒乓球厅-2号,16:00-17:00,0,1,可预约,￥5.0,多云,22,19,4,0.0,70,33
2026-05-21 12:30:42,2026-05-22,2,乒乓球厅-2号,16:00-17:00,0,1,可预约,￥5.0,多云,22,21,3,0.0,68,35
2026-05-21 13:00:43,2026-05-22,2,乒乓球厅-2号,16:00-17:00,0,1,可预约,￥5.0,多云,24,22,4,0.0,66,35
2026-05-21 13:30:43,2026-05-22,2,乒乓球厅-2号,16:00-17:00,0,1,可预约,￥5.0,多云,24,22,4,0.0,66,36
2026-05-21 14:00:48,2026-05-22,2,乒乓球厅-2号,16:00-17:00,0,1,可预约,￥5.0,多云,25,23,4,0.0,66,36
2026-05-21 14:30:45,2026-05-22,2,乒乓球厅-2号,16:00-17:00,0,1,可预约,￥5.0,晴,25,25,3,0.0,65,39
2026-05-21 15:00:45,2026-05-22,2,乒乓球厅-2号,16:00-17:00,0,1,可预约,￥5.0,晴,25,22,4,0.0,56,39
2026-05-21 15:30:43,2026-05-22,2,乒乓球厅-2号,16:00-17:00,0,1,可预约,￥5.0,晴,25,23,4,0.0,57,40
2026-05-21 16:00:51,2026-05-22,2,乒乓球厅-2号,16:00-17:00,0,1,可预约,￥5.0,晴,25,23,4,0.0,57,40
2026-05-21 16:30:48,2026-05-22,2,乒乓球厅-2号,16:00-17:00,0,1,可预约,￥5.0,晴,25,24,3,0.0,60,39
2026-05-21 17:00:49,2026-05-22,2,乒乓球厅-2号,16:00-17:00,0,1,可预约,￥5.0,晴,25,24,4,0.0,61,39
2026-05-21 17:30:47,2026-05-22,2,乒乓球厅-2号,16:00-17:00,0,1,可预约,￥5.0,多云,24,23,3,0.0,64,39
2026-05-21 18:00:50,2026-05-22,2,乒乓球厅-2号,16:00-17:00,0,1,可预约,￥5.0,多云,24,23,3,0.0,68,39
2026-05-21 18:30:50,2026-05-22,2,乒乓球厅-2号,16:00-17:00,0,1,可预约,￥5.0,阴,24,25,2,0.0,68,40
2026-05-21 19:00:50,2026-05-22,2,乒乓球厅-2号,16:00-17:00,0,1,可预约,￥5.0,阴,23,23,3,0.0,76,40
2026-05-21 19:30:46,2026-05-22,2,乒乓球厅-2号,16:00-17:00,0,1,可预约,￥5.0,阴,23,24,2,0.0,77,39
2026-05-21 20:00:49,2026-05-22,2,乒乓球厅-2号,16:00-17:00,0,1,可预约,￥5.0,雾,22,23,2,0.0,89,39
2026-05-21 20:30:44,2026-05-22,2,乒乓球厅-2号,16:00-17:00,0,1,可预约,￥5.0,雾,22,24,2,0.0,93,43
2026-05-21 21:00:56,2026-05-22,2,乒乓球厅-2号,16:00-17:00,0,1,可预约,￥5.0,雾,20,21,2,0.0,98,43
2026-05-21 21:30:46,2026-05-22,2,乒乓球厅-2号,16:00-17:00,0,1,可预约,￥5.0,雾,20,22,1,0.0,99,41
2026-05-21 22:01:02,2026-05-22,2,乒乓球厅-2号,16:00-17:00,0,1,可预约,￥5.0,雾,19,20,2,0.0,93,41
2026-05-21 22:30:47,2026-05-22,2,乒乓球厅-2号,16:00-17:00,0,1,可预约,￥5.0,雾,19,19,3,0.0,88,46
2026-05-21 23:00:56,2026-05-22,2,乒乓球厅-2号,16:00-17:00,0,1,可预约,￥5.0,多云,18,17,3,0.0,85,46
2026-05-21 23:30:55,2026-05-22,2,乒乓球厅-2号,16:00-17:00,0,1,可预约,￥5.0,多云,18,17,3,0.0,85,48
2026-05-21 08:00:45,2026-05-22,2,乒乓球厅-2号,17:00-18:00,0,1,可预约,￥5.0,晴,17,12,5,0.0,86,29
2026-05-21 08:02:30,2026-05-22,2,乒乓球厅-2号,17:00-18:00,0,1,可预约,￥5.0,多云,17,12,5,0.0,87,29
2026-05-21 08:05:36,2026-05-22,2,乒乓球厅-2号,17:00-18:00,0,1,可预约,￥5.0,多云,17,12,5,0.0,86,29
2026-05-21 08:08:31,2026-05-22,2,乒乓球厅-2号,17:00-18:00,0,1,可预约,￥5.0,多云,17,12,5,0.0,86,29
2026-05-21 08:11:30,2026-05-22,2,乒乓球厅-2号,17:00-18:00,0,1,可预约,￥5.0,多云,17,12,5,0.0,86,29
2026-05-21 08:14:31,2026-05-22,2,乒乓球厅-2号,17:00-18:00,0,1,可预约,￥5.0,多云,17,12,5,0.0,86,29
2026-05-21 08:17:30,2026-05-22,2,乒乓球厅-2号,17:00-18:00,0,1,可预约,￥5.0,多云,17,12,5,0.0,86,29
2026-05-21 08:20:35,2026-05-22,2,乒乓球厅-2号,17:00-18:00,0,1,可预约,￥5.0,多云,17,14,4,0.0,85,29
2026-05-21 08:25:32,2026-05-22,2,乒乓球厅-2号,17:00-18:00,0,1,可预约,￥5.0,多云,17,14,4,0.0,85,28
2026-05-21 08:30:42,2026-05-22,2,乒乓球厅-2号,17:00-18:00,0,1,可预约,￥5.0,多云,18,15,4,0.0,84,28
2026-05-21 08:35:31,2026-05-22,2,乒乓球厅-2号,17:00-18:00,0,1,可预约,￥5.0,多云,18,15,4,0.0,84,28
2026-05-21 08:40:38,2026-05-22,2,乒乓球厅-2号,17:00-18:00,0,1,可预约,￥5.0,多云,18,15,4,0.0,82,28
2026-05-21 08:45:33,2026-05-22,2,乒乓球厅-2号,17:00-18:00,0,1,可预约,￥5.0,多云,18,15,4,0.0,82,28
2026-05-21 08:50:36,2026-05-22,2,乒乓球厅-2号,17:00-18:00,0,1,可预约,￥5.0,多云,18,15,4,0.0,82,28
2026-05-21 08:55:34,2026-05-22,2,乒乓球厅-2号,17:00-18:00,0,1,可预约,￥5.0,多云,18,15,4,0.0,84,28
2026-05-21 09:00:51,2026-05-22,2,乒乓球厅-2号,17:00-18:00,0,1,可预约,￥5.0,多云,18,15,4,0.0,84,28
2026-05-21 09:01:59,2026-05-22,2,乒乓球厅-2号,17:00-18:00,0,1,可预约,￥5.0,多云,18,15,4,0.0,83,28
2026-05-21 09:05:33,2026-05-22,2,乒乓球厅-2号,17:00-18:00,0,1,可预约,￥5.0,多云,18,15,4,0.0,83,28
2026-05-21 09:20:38,2026-05-22,2,乒乓球厅-2号,17:00-18:00,0,1,可预约,￥5.0,多云,18,16,3,0.0,81,28
2026-05-21 09:30:46,2026-05-22,2,乒乓球厅-2号,17:00-18:00,0,1,可预约,￥5.0,多云,18,16,3,0.0,81,32
2026-05-21 09:40:36,2026-05-22,2,乒乓球厅-2号,17:00-18:00,0,1,可预约,￥5.0,多云,19,17,3,0.0,79,32
2026-05-21 09:50:42,2026-05-22,2,乒乓球厅-2号,17:00-18:00,0,1,可预约,￥5.0,多云,19,17,4,0.0,81,32
2026-05-21 10:00:46,2026-05-22,2,乒乓球厅-2号,17:00-18:00,0,1,可预约,￥5.0,多云,19,17,4,0.0,79,32
2026-05-21 10:10:40,2026-05-22,2,乒乓球厅-2号,17:00-18:00,0,1,可预约,￥5.0,多云,19,17,4,0.0,79,32
2026-05-21 10:20:38,2026-05-22,2,乒乓球厅-2号,17:00-18:00,0,1,可预约,￥5.0,多云,19,17,4,0.0,79,32
2026-05-21 10:30:41,2026-05-22,2,乒乓球厅-2号,17:00-18:00,0,1,可预约,￥5.0,多云,19,18,3,0.0,78,31
2026-05-21 11:00:44,2026-05-22,2,乒乓球厅-2号,17:00-18:00,0,1,可预约,￥5.0,多云,21,17,5,0.0,74,31
2026-05-21 11:30:38,2026-05-22,2,乒乓球厅-2号,17:00-18:00,0,1,可预约,￥5.0,多云,21,19,3,0.0,72,33
2026-05-21 12:00:46,2026-05-22,2,乒乓球厅-2号,17:00-18:00,0,1,可预约,￥5.0,多云,22,19,4,0.0,70,33
2026-05-21 12:30:42,2026-05-22,2,乒乓球厅-2号,17:00-18:00,0,1,可预约,￥5.0,多云,22,21,3,0.0,68,35
2026-05-21 13:00:43,2026-05-22,2,乒乓球厅-2号,17:00-18:00,0,1,可预约,￥5.0,多云,24,22,4,0.0,66,35
2026-05-21 13:30:43,2026-05-22,2,乒乓球厅-2号,17:00-18:00,0,1,可预约,￥5.0,多云,24,22,4,0.0,66,36
2026-05-21 14:00:48,2026-05-22,2,乒乓球厅-2号,17:00-18:00,0,1,可预约,￥5.0,多云,25,23,4,0.0,66,36
2026-05-21 14:30:45,2026-05-22,2,乒乓球厅-2号,17:00-18:00,0,1,可预约,￥5.0,晴,25,25,3,0.0,65,39
2026-05-21 15:00:45,2026-05-22,2,乒乓球厅-2号,17:00-18:00,0,1,可预约,￥5.0,晴,25,22,4,0.0,56,39
2026-05-21 15:30:43,2026-05-22,2,乒乓球厅-2号,17:00-18:00,0,1,可预约,￥5.0,晴,25,23,4,0.0,57,40
2026-05-21 16:00:51,2026-05-22,2,乒乓球厅-2号,17:00-18:00,0,1,可预约,￥5.0,晴,25,23,4,0.0,57,40
2026-05-21 16:30:48,2026-05-22,2,乒乓球厅-2号,17:00-18:00,0,1,可预约,￥5.0,晴,25,24,3,0.0,60,39
2026-05-21 17:00:49,2026-05-22,2,乒乓球厅-2号,17:00-18:00,0,1,可预约,￥5.0,晴,25,24,4,0.0,61,39
2026-05-21 17:30:47,2026-05-22,2,乒乓球厅-2号,17:00-18:00,0,1,可预约,￥5.0,多云,24,23,3,0.0,64,39
2026-05-21 18:00:50,2026-05-22,2,乒乓球厅-2号,17:00-18:00,0,1,可预约,￥5.0,多云,24,23,3,0.0,68,39
2026-05-21 18:30:50,2026-05-22,2,乒乓球厅-2号,17:00-18:00,0,1,可预约,￥5.0,阴,24,25,2,0.0,68,40
2026-05-21 19:00:50,2026-05-22,2,乒乓球厅-2号,17:00-18:00,0,1,可预约,￥5.0,阴,23,23,3,0.0,76,40
2026-05-21 19:30:46,2026-05-22,2,乒乓球厅-2号,17:00-18:00,0,1,可预约,￥5.0,阴,23,24,2,0.0,77,39
2026-05-21 20:00:49,2026-05-22,2,乒乓球厅-2号,17:00-18:00,0,1,可预约,￥5.0,雾,22,23,2,0.0,89,39
2026-05-21 20:30:44,2026-05-22,2,乒乓球厅-2号,17:00-18:00,0,1,可预约,￥5.0,雾,22,24,2,0.0,93,43
2026-05-21 21:00:56,2026-05-22,2,乒乓球厅-2号,17:00-18:00,0,1,可预约,￥5.0,雾,20,21,2,0.0,98,43
2026-05-21 21:30:46,2026-05-22,2,乒乓球厅-2号,17:00-18:00,0,1,可预约,￥5.0,雾,20,22,1,0.0,99,41
2026-05-21 22:01:02,2026-05-22,2,乒乓球厅-2号,17:00-18:00,0,1,可预约,￥5.0,雾,19,20,2,0.0,93,41
2026-05-21 22:30:47,2026-05-22,2,乒乓球厅-2号,17:00-18:00,0,1,可预约,￥5.0,雾,19,19,3,0.0,88,46
2026-05-21 23:00:56,2026-05-22,2,乒乓球厅-2号,17:00-18:00,0,1,可预约,￥5.0,多云,18,17,3,0.0,85,46
2026-05-21 23:30:55,2026-05-22,2,乒乓球厅-2号,17:00-18:00,0,1,可预约,￥5.0,多云,18,17,3,0.0,85,48
2026-05-21 08:00:45,2026-05-22,2,乒乓球厅-2号,18:30-19:30,0,1,可预约,￥5.0,晴,17,12,5,0.0,86,29
2026-05-21 08:02:30,2026-05-22,2,乒乓球厅-2号,18:30-19:30,0,1,可预约,￥5.0,多云,17,12,5,0.0,87,29
2026-05-21 08:05:36,2026-05-22,2,乒乓球厅-2号,18:30-19:30,0,1,可预约,￥5.0,多云,17,12,5,0.0,86,29
2026-05-21 08:08:31,2026-05-22,2,乒乓球厅-2号,18:30-19:30,0,1,可预约,￥5.0,多云,17,12,5,0.0,86,29
2026-05-21 08:11:30,2026-05-22,2,乒乓球厅-2号,18:30-19:30,0,1,可预约,￥5.0,多云,17,12,5,0.0,86,29
2026-05-21 08:14:31,2026-05-22,2,乒乓球厅-2号,18:30-19:30,0,1,可预约,￥5.0,多云,17,12,5,0.0,86,29
2026-05-21 08:17:30,2026-05-22,2,乒乓球厅-2号,18:30-19:30,0,1,可预约,￥5.0,多云,17,12,5,0.0,86,29
2026-05-21 08:20:35,2026-05-22,2,乒乓球厅-2号,18:30-19:30,0,1,可预约,￥5.0,多云,17,14,4,0.0,85,29
2026-05-21 08:25:32,2026-05-22,2,乒乓球厅-2号,18:30-19:30,0,1,可预约,￥5.0,多云,17,14,4,0.0,85,28
2026-05-21 08:30:42,2026-05-22,2,乒乓球厅-2号,18:30-19:30,0,1,可预约,￥5.0,多云,18,15,4,0.0,84,28
2026-05-21 08:35:31,2026-05-22,2,乒乓球厅-2号,18:30-19:30,0,1,可预约,￥5.0,多云,18,15,4,0.0,84,28
2026-05-21 08:40:38,2026-05-22,2,乒乓球厅-2号,18:30-19:30,0,1,可预约,￥5.0,多云,18,15,4,0.0,82,28
2026-05-21 08:45:33,2026-05-22,2,乒乓球厅-2号,18:30-19:30,0,1,可预约,￥5.0,多云,18,15,4,0.0,82,28
2026-05-21 08:50:36,2026-05-22,2,乒乓球厅-2号,18:30-19:30,0,1,可预约,￥5.0,多云,18,15,4,0.0,82,28
2026-05-21 08:55:34,2026-05-22,2,乒乓球厅-2号,18:30-19:30,0,1,可预约,￥5.0,多云,18,15,4,0.0,84,28
2026-05-21 09:00:51,2026-05-22,2,乒乓球厅-2号,18:30-19:30,0,1,可预约,￥5.0,多云,18,15,4,0.0,84,28
2026-05-21 09:01:59,2026-05-22,2,乒乓球厅-2号,18:30-19:30,0,1,可预约,￥5.0,多云,18,15,4,0.0,83,28
2026-05-21 09:05:33,2026-05-22,2,乒乓球厅-2号,18:30-19:30,0,1,可预约,￥5.0,多云,18,15,4,0.0,83,28
2026-05-21 09:20:38,2026-05-22,2,乒乓球厅-2号,18:30-19:30,0,1,可预约,￥5.0,多云,18,16,3,0.0,81,28
2026-05-21 09:30:46,2026-05-22,2,乒乓球厅-2号,18:30-19:30,0,1,可预约,￥5.0,多云,18,16,3,0.0,81,32
2026-05-21 09:40:36,2026-05-22,2,乒乓球厅-2号,18:30-19:30,0,1,可预约,￥5.0,多云,19,17,3,0.0,79,32
2026-05-21 09:50:42,2026-05-22,2,乒乓球厅-2号,18:30-19:30,0,1,可预约,￥5.0,多云,19,17,4,0.0,81,32
2026-05-21 10:00:46,2026-05-22,2,乒乓球厅-2号,18:30-19:30,0,1,可预约,￥5.0,多云,19,17,4,0.0,79,32
2026-05-21 10:10:40,2026-05-22,2,乒乓球厅-2号,18:30-19:30,0,1,可预约,￥5.0,多云,19,17,4,0.0,79,32
2026-05-21 10:20:38,2026-05-22,2,乒乓球厅-2号,18:30-19:30,0,1,可预约,￥5.0,多云,19,17,4,0.0,79,32
2026-05-21 10:30:41,2026-05-22,2,乒乓球厅-2号,18:30-19:30,0,1,可预约,￥5.0,多云,19,18,3,0.0,78,31
2026-05-21 11:00:44,2026-05-22,2,乒乓球厅-2号,18:30-19:30,0,1,可预约,￥5.0,多云,21,17,5,0.0,74,31
2026-05-21 11:30:38,2026-05-22,2,乒乓球厅-2号,18:30-19:30,0,1,可预约,￥5.0,多云,21,19,3,0.0,72,33
2026-05-21 12:00:46,2026-05-22,2,乒乓球厅-2号,18:30-19:30,0,1,可预约,￥5.0,多云,22,19,4,0.0,70,33
2026-05-21 12:30:42,2026-05-22,2,乒乓球厅-2号,18:30-19:30,0,1,可预约,￥5.0,多云,22,21,3,0.0,68,35
2026-05-21 13:00:43,2026-05-22,2,乒乓球厅-2号,18:30-19:30,0,1,可预约,￥5.0,多云,24,22,4,0.0,66,35
2026-05-21 13:30:43,2026-05-22,2,乒乓球厅-2号,18:30-19:30,0,1,可预约,￥5.0,多云,24,22,4,0.0,66,36
2026-05-21 14:00:48,2026-05-22,2,乒乓球厅-2号,18:30-19:30,0,1,可预约,￥5.0,多云,25,23,4,0.0,66,36
2026-05-21 14:30:45,2026-05-22,2,乒乓球厅-2号,18:30-19:30,0,1,可预约,￥5.0,晴,25,25,3,0.0,65,39
2026-05-21 15:00:45,2026-05-22,2,乒乓球厅-2号,18:30-19:30,0,1,可预约,￥5.0,晴,25,22,4,0.0,56,39
2026-05-21 15:30:43,2026-05-22,2,乒乓球厅-2号,18:30-19:30,0,1,可预约,￥5.0,晴,25,23,4,0.0,57,40
2026-05-21 16:00:51,2026-05-22,2,乒乓球厅-2号,18:30-19:30,0,1,可预约,￥5.0,晴,25,23,4,0.0,57,40
2026-05-21 16:30:48,2026-05-22,2,乒乓球厅-2号,18:30-19:30,0,1,可预约,￥5.0,晴,25,24,3,0.0,60,39
2026-05-21 17:00:49,2026-05-22,2,乒乓球厅-2号,18:30-19:30,0,1,可预约,￥5.0,晴,25,24,4,0.0,61,39
2026-05-21 17:30:47,2026-05-22,2,乒乓球厅-2号,18:30-19:30,0,1,可预约,￥5.0,多云,24,23,3,0.0,64,39
2026-05-21 18:00:50,2026-05-22,2,乒乓球厅-2号,18:30-19:30,0,1,可预约,￥5.0,多云,24,23,3,0.0,68,39
2026-05-21 18:30:50,2026-05-22,2,乒乓球厅-2号,18:30-19:30,0,1,可预约,￥5.0,阴,24,25,2,0.0,68,40
2026-05-21 19:00:50,2026-05-22,2,乒乓球厅-2号,18:30-19:30,0,1,可预约,￥5.0,阴,23,23,3,0.0,76,40
2026-05-21 19:30:46,2026-05-22,2,乒乓球厅-2号,18:30-19:30,0,1,可预约,￥5.0,阴,23,24,2,0.0,77,39
2026-05-21 20:00:49,2026-05-22,2,乒乓球厅-2号,18:30-19:30,0,1,可预约,￥5.0,雾,22,23,2,0.0,89,39
2026-05-21 20:30:44,2026-05-22,2,乒乓球厅-2号,18:30-19:30,0,1,可预约,￥5.0,雾,22,24,2,0.0,93,43
2026-05-21 21:00:56,2026-05-22,2,乒乓球厅-2号,18:30-19:30,0,1,可预约,￥5.0,雾,20,21,2,0.0,98,43
2026-05-21 21:30:46,2026-05-22,2,乒乓球厅-2号,18:30-19:30,0,1,可预约,￥5.0,雾,20,22,1,0.0,99,41
2026-05-21 22:01:02,2026-05-22,2,乒乓球厅-2号,18:30-19:30,0,1,可预约,￥5.0,雾,19,20,2,0.0,93,41
2026-05-21 22:30:47,2026-05-22,2,乒乓球厅-2号,18:30-19:30,0,1,可预约,￥5.0,雾,19,19,3,0.0,88,46
2026-05-21 23:00:56,2026-05-22,2,乒乓球厅-2号,18:30-19:30,0,1,可预约,￥5.0,多云,18,17,3,0.0,85,46
2026-05-21 23:30:55,2026-05-22,2,乒乓球厅-2号,18:30-19:30,0,1,可预约,￥5.0,多云,18,17,3,0.0,85,48
2026-05-21 08:00:45,2026-05-22,2,乒乓球厅-2号,19:30-20:30,0,1,可预约,￥5.0,晴,17,12,5,0.0,86,29
2026-05-21 08:02:30,2026-05-22,2,乒乓球厅-2号,19:30-20:30,0,1,可预约,￥5.0,多云,17,12,5,0.0,87,29
2026-05-21 08:05:36,2026-05-22,2,乒乓球厅-2号,19:30-20:30,0,1,可预约,￥5.0,多云,17,12,5,0.0,86,29
2026-05-21 08:08:31,2026-05-22,2,乒乓球厅-2号,19:30-20:30,0,1,可预约,￥5.0,多云,17,12,5,0.0,86,29
2026-05-21 08:11:30,2026-05-22,2,乒乓球厅-2号,19:30-20:30,0,1,可预约,￥5.0,多云,17,12,5,0.0,86,29
2026-05-21 08:14:31,2026-05-22,2,乒乓球厅-2号,19:30-20:30,0,1,可预约,￥5.0,多云,17,12,5,0.0,86,29
2026-05-21 08:17:30,2026-05-22,2,乒乓球厅-2号,19:30-20:30,0,1,可预约,￥5.0,多云,17,12,5,0.0,86,29
2026-05-21 08:20:35,2026-05-22,2,乒乓球厅-2号,19:30-20:30,0,1,可预约,￥5.0,多云,17,14,4,0.0,85,29
2026-05-21 08:25:32,2026-05-22,2,乒乓球厅-2号,19:30-20:30,0,1,可预约,￥5.0,多云,17,14,4,0.0,85,28
2026-05-21 08:30:42,2026-05-22,2,乒乓球厅-2号,19:30-20:30,0,1,可预约,￥5.0,多云,18,15,4,0.0,84,28
2026-05-21 08:35:31,2026-05-22,2,乒乓球厅-2号,19:30-20:30,0,1,可预约,￥5.0,多云,18,15,4,0.0,84,28
2026-05-21 08:40:38,2026-05-22,2,乒乓球厅-2号,19:30-20:30,0,1,可预约,￥5.0,多云,18,15,4,0.0,82,28
2026-05-21 08:45:33,2026-05-22,2,乒乓球厅-2号,19:30-20:30,0,1,可预约,￥5.0,多云,18,15,4,0.0,82,28
2026-05-21 08:50:36,2026-05-22,2,乒乓球厅-2号,19:30-20:30,0,1,可预约,￥5.0,多云,18,15,4,0.0,82,28
2026-05-21 08:55:34,2026-05-22,2,乒乓球厅-2号,19:30-20:30,0,1,可预约,￥5.0,多云,18,15,4,0.0,84,28
2026-05-21 09:00:51,2026-05-22,2,乒乓球厅-2号,19:30-20:30,0,1,可预约,￥5.0,多云,18,15,4,0.0,84,28
2026-05-21 09:01:59,2026-05-22,2,乒乓球厅-2号,19:30-20:30,0,1,可预约,￥5.0,多云,18,15,4,0.0,83,28
2026-05-21 09:05:33,2026-05-22,2,乒乓球厅-2号,19:30-20:30,0,1,可预约,￥5.0,多云,18,15,4,0.0,83,28
2026-05-21 09:20:38,2026-05-22,2,乒乓球厅-2号,19:30-20:30,0,1,可预约,￥5.0,多云,18,16,3,0.0,81,28
2026-05-21 09:30:46,2026-05-22,2,乒乓球厅-2号,19:30-20:30,0,1,可预约,￥5.0,多云,18,16,3,0.0,81,32
2026-05-21 09:40:36,2026-05-22,2,乒乓球厅-2号,19:30-20:30,0,1,可预约,￥5.0,多云,19,17,3,0.0,79,32
2026-05-21 09:50:42,2026-05-22,2,乒乓球厅-2号,19:30-20:30,0,1,可预约,￥5.0,多云,19,17,4,0.0,81,32
2026-05-21 10:00:46,2026-05-22,2,乒乓球厅-2号,19:30-20:30,0,1,可预约,￥5.0,多云,19,17,4,0.0,79,32
2026-05-21 10:10:40,2026-05-22,2,乒乓球厅-2号,19:30-20:30,0,1,可预约,￥5.0,多云,19,17,4,0.0,79,32
2026-05-21 10:20:38,2026-05-22,2,乒乓球厅-2号,19:30-20:30,0,1,可预约,￥5.0,多云,19,17,4,0.0,79,32
2026-05-21 10:30:41,2026-05-22,2,乒乓球厅-2号,19:30-20:30,0,1,可预约,￥5.0,多云,19,18,3,0.0,78,31
2026-05-21 11:00:44,2026-05-22,2,乒乓球厅-2号,19:30-20:30,0,1,可预约,￥5.0,多云,21,17,5,0.0,74,31
2026-05-21 11:30:38,2026-05-22,2,乒乓球厅-2号,19:30-20:30,0,1,可预约,￥5.0,多云,21,19,3,0.0,72,33
2026-05-21 12:00:46,2026-05-22,2,乒乓球厅-2号,19:30-20:30,0,1,可预约,￥5.0,多云,22,19,4,0.0,70,33
2026-05-21 12:30:42,2026-05-22,2,乒乓球厅-2号,19:30-20:30,0,1,可预约,￥5.0,多云,22,21,3,0.0,68,35
2026-05-21 13:00:43,2026-05-22,2,乒乓球厅-2号,19:30-20:30,0,1,可预约,￥5.0,多云,24,22,4,0.0,66,35
2026-05-21 13:30:43,2026-05-22,2,乒乓球厅-2号,19:30-20:30,0,1,可预约,￥5.0,多云,24,22,4,0.0,66,36
2026-05-21 14:00:48,2026-05-22,2,乒乓球厅-2号,19:30-20:30,0,1,可预约,￥5.0,多云,25,23,4,0.0,66,36
2026-05-21 14:30:45,2026-05-22,2,乒乓球厅-2号,19:30-20:30,0,1,可预约,￥5.0,晴,25,25,3,0.0,65,39
2026-05-21 15:00:45,2026-05-22,2,乒乓球厅-2号,19:30-20:30,0,1,可预约,￥5.0,晴,25,22,4,0.0,56,39
2026-05-21 15:30:43,2026-05-22,2,乒乓球厅-2号,19:30-20:30,0,1,可预约,￥5.0,晴,25,23,4,0.0,57,40
2026-05-21 16:00:51,2026-05-22,2,乒乓球厅-2号,19:30-20:30,0,1,可预约,￥5.0,晴,25,23,4,0.0,57,40
2026-05-21 16:30:48,2026-05-22,2,乒乓球厅-2号,19:30-20:30,0,1,可预约,￥5.0,晴,25,24,3,0.0,60,39
2026-05-21 17:00:49,2026-05-22,2,乒乓球厅-2号,19:30-20:30,0,1,可预约,￥5.0,晴,25,24,4,0.0,61,39
2026-05-21 17:30:47,2026-05-22,2,乒乓球厅-2号,19:30-20:30,0,1,可预约,￥5.0,多云,24,23,3,0.0,64,39
2026-05-21 18:00:50,2026-05-22,2,乒乓球厅-2号,19:30-20:30,0,1,可预约,￥5.0,多云,24,23,3,0.0,68,39
2026-05-21 18:30:50,2026-05-22,2,乒乓球厅-2号,19:30-20:30,0,1,可预约,￥5.0,阴,24,25,2,0.0,68,40
2026-05-21 19:00:50,2026-05-22,2,乒乓球厅-2号,19:30-20:30,0,1,可预约,￥5.0,阴,23,23,3,0.0,76,40
2026-05-21 19:30:46,2026-05-22,2,乒乓球厅-2号,19:30-20:30,0,1,可预约,￥5.0,阴,23,24,2,0.0,77,39
2026-05-21 20:00:49,2026-05-22,2,乒乓球厅-2号,19:30-20:30,0,1,可预约,￥5.0,雾,22,23,2,0.0,89,39
2026-05-21 20:30:44,2026-05-22,2,乒乓球厅-2号,19:30-20:30,0,1,可预约,￥5.0,雾,22,24,2,0.0,93,43
2026-05-21 21:00:56,2026-05-22,2,乒乓球厅-2号,19:30-20:30,0,1,可预约,￥5.0,雾,20,21,2,0.0,98,43
2026-05-21 21:30:46,2026-05-22,2,乒乓球厅-2号,19:30-20:30,0,1,可预约,￥5.0,雾,20,22,1,0.0,99,41
2026-05-21 22:01:02,2026-05-22,2,乒乓球厅-2号,19:30-20:30,0,1,可预约,￥5.0,雾,19,20,2,0.0,93,41
2026-05-21 22:30:47,2026-05-22,2,乒乓球厅-2号,19:30-20:30,0,1,可预约,￥5.0,雾,19,19,3,0.0,88,46
2026-05-21 23:00:56,2026-05-22,2,乒乓球厅-2号,19:30-20:30,0,1,可预约,￥5.0,多云,18,17,3,0.0,85,46
2026-05-21 23:30:55,2026-05-22,2,乒乓球厅-2号,19:30-20:30,0,1,可预约,￥5.0,多云,18,17,3,0.0,85,48
2026-05-21 08:00:45,2026-05-22,2,乒乓球厅-2号,20:30-21:30,0,1,可预约,￥5.0,晴,17,12,5,0.0,86,29
2026-05-21 08:02:30,2026-05-22,2,乒乓球厅-2号,20:30-21:30,0,1,可预约,￥5.0,多云,17,12,5,0.0,87,29
2026-05-21 08:05:36,2026-05-22,2,乒乓球厅-2号,20:30-21:30,0,1,可预约,￥5.0,多云,17,12,5,0.0,86,29
2026-05-21 08:08:31,2026-05-22,2,乒乓球厅-2号,20:30-21:30,0,1,可预约,￥5.0,多云,17,12,5,0.0,86,29
2026-05-21 08:11:30,2026-05-22,2,乒乓球厅-2号,20:30-21:30,0,1,可预约,￥5.0,多云,17,12,5,0.0,86,29
2026-05-21 08:14:31,2026-05-22,2,乒乓球厅-2号,20:30-21:30,0,1,可预约,￥5.0,多云,17,12,5,0.0,86,29
2026-05-21 08:17:30,2026-05-22,2,乒乓球厅-2号,20:30-21:30,0,1,可预约,￥5.0,多云,17,12,5,0.0,86,29
2026-05-21 08:20:35,2026-05-22,2,乒乓球厅-2号,20:30-21:30,0,1,可预约,￥5.0,多云,17,14,4,0.0,85,29
2026-05-21 08:25:32,2026-05-22,2,乒乓球厅-2号,20:30-21:30,0,1,可预约,￥5.0,多云,17,14,4,0.0,85,28
2026-05-21 08:30:42,2026-05-22,2,乒乓球厅-2号,20:30-21:30,0,1,可预约,￥5.0,多云,18,15,4,0.0,84,28
2026-05-21 08:35:31,2026-05-22,2,乒乓球厅-2号,20:30-21:30,0,1,可预约,￥5.0,多云,18,15,4,0.0,84,28
2026-05-21 08:40:38,2026-05-22,2,乒乓球厅-2号,20:30-21:30,0,1,可预约,￥5.0,多云,18,15,4,0.0,82,28
2026-05-21 08:45:33,2026-05-22,2,乒乓球厅-2号,20:30-21:30,0,1,可预约,￥5.0,多云,18,15,4,0.0,82,28
2026-05-21 08:50:36,2026-05-22,2,乒乓球厅-2号,20:30-21:30,0,1,可预约,￥5.0,多云,18,15,4,0.0,82,28
2026-05-21 08:55:34,2026-05-22,2,乒乓球厅-2号,20:30-21:30,0,1,可预约,￥5.0,多云,18,15,4,0.0,84,28
2026-05-21 09:00:51,2026-05-22,2,乒乓球厅-2号,20:30-21:30,0,1,可预约,￥5.0,多云,18,15,4,0.0,84,28
2026-05-21 09:01:59,2026-05-22,2,乒乓球厅-2号,20:30-21:30,0,1,可预约,￥5.0,多云,18,15,4,0.0,83,28
2026-05-21 09:05:33,2026-05-22,2,乒乓球厅-2号,20:30-21:30,0,1,可预约,￥5.0,多云,18,15,4,0.0,83,28
2026-05-21 09:20:38,2026-05-22,2,乒乓球厅-2号,20:30-21:30,0,1,可预约,￥5.0,多云,18,16,3,0.0,81,28
2026-05-21 09:30:46,2026-05-22,2,乒乓球厅-2号,20:30-21:30,0,1,可预约,￥5.0,多云,18,16,3,0.0,81,32
2026-05-21 09:40:36,2026-05-22,2,乒乓球厅-2号,20:30-21:30,0,1,可预约,￥5.0,多云,19,17,3,0.0,79,32
2026-05-21 09:50:42,2026-05-22,2,乒乓球厅-2号,20:30-21:30,0,1,可预约,￥5.0,多云,19,17,4,0.0,81,32
2026-05-21 10:00:46,2026-05-22,2,乒乓球厅-2号,20:30-21:30,0,1,可预约,￥5.0,多云,19,17,4,0.0,79,32
2026-05-21 10:10:40,2026-05-22,2,乒乓球厅-2号,20:30-21:30,0,1,可预约,￥5.0,多云,19,17,4,0.0,79,32
2026-05-21 10:20:38,2026-05-22,2,乒乓球厅-2号,20:30-21:30,0,1,可预约,￥5.0,多云,19,17,4,0.0,79,32
2026-05-21 10:30:41,2026-05-22,2,乒乓球厅-2号,20:30-21:30,0,1,可预约,￥5.0,多云,19,18,3,0.0,78,31
2026-05-21 11:00:44,2026-05-22,2,乒乓球厅-2号,20:30-21:30,0,1,可预约,￥5.0,多云,21,17,5,0.0,74,31
2026-05-21 11:30:38,2026-05-22,2,乒乓球厅-2号,20:30-21:30,0,1,可预约,￥5.0,多云,21,19,3,0.0,72,33
2026-05-21 12:00:46,2026-05-22,2,乒乓球厅-2号,20:30-21:30,0,1,可预约,￥5.0,多云,22,19,4,0.0,70,33
2026-05-21 12:30:42,2026-05-22,2,乒乓球厅-2号,20:30-21:30,0,1,可预约,￥5.0,多云,22,21,3,0.0,68,35
2026-05-21 13:00:43,2026-05-22,2,乒乓球厅-2号,20:30-21:30,0,1,可预约,￥5.0,多云,24,22,4,0.0,66,35
2026-05-21 13:30:43,2026-05-22,2,乒乓球厅-2号,20:30-21:30,0,1,可预约,￥5.0,多云,24,22,4,0.0,66,36
2026-05-21 14:00:48,2026-05-22,2,乒乓球厅-2号,20:30-21:30,0,1,可预约,￥5.0,多云,25,23,4,0.0,66,36
2026-05-21 14:30:45,2026-05-22,2,乒乓球厅-2号,20:30-21:30,0,1,可预约,￥5.0,晴,25,25,3,0.0,65,39
2026-05-21 15:00:45,2026-05-22,2,乒乓球厅-2号,20:30-21:30,0,1,可预约,￥5.0,晴,25,22,4,0.0,56,39
2026-05-21 15:30:43,2026-05-22,2,乒乓球厅-2号,20:30-21:30,0,1,可预约,￥5.0,晴,25,23,4,0.0,57,40
2026-05-21 16:00:51,2026-05-22,2,乒乓球厅-2号,20:30-21:30,0,1,可预约,￥5.0,晴,25,23,4,0.0,57,40
2026-05-21 16:30:48,2026-05-22,2,乒乓球厅-2号,20:30-21:30,0,1,可预约,￥5.0,晴,25,24,3,0.0,60,39
2026-05-21 17:00:49,2026-05-22,2,乒乓球厅-2号,20:30-21:30,0,1,可预约,￥5.0,晴,25,24,4,0.0,61,39
2026-05-21 17:30:47,2026-05-22,2,乒乓球厅-2号,20:30-21:30,0,1,可预约,￥5.0,多云,24,23,3,0.0,64,39
2026-05-21 18:00:50,2026-05-22,2,乒乓球厅-2号,20:30-21:30,0,1,可预约,￥5.0,多云,24,23,3,0.0,68,39
2026-05-21 18:30:50,2026-05-22,2,乒乓球厅-2号,20:30-21:30,0,1,可预约,￥5.0,阴,24,25,2,0.0,68,40
2026-05-21 19:00:50,2026-05-22,2,乒乓球厅-2号,20:30-21:30,0,1,可预约,￥5.0,阴,23,23,3,0.0,76,40
2026-05-21 19:30:46,2026-05-22,2,乒乓球厅-2号,20:30-21:30,0,1,可预约,￥5.0,阴,23,24,2,0.0,77,39
2026-05-21 20:00:49,2026-05-22,2,乒乓球厅-2号,20:30-21:30,0,1,可预约,￥5.0,雾,22,23,2,0.0,89,39
2026-05-21 20:30:44,2026-05-22,2,乒乓球厅-2号,20:30-21:30,0,1,可预约,￥5.0,雾,22,24,2,0.0,93,43
2026-05-21 21:00:56,2026-05-22,2,乒乓球厅-2号,20:30-21:30,0,1,可预约,￥5.0,雾,20,21,2,0.0,98,43
2026-05-21 21:30:46,2026-05-22,2,乒乓球厅-2号,20:30-21:30,0,1,可预约,￥5.0,雾,20,22,1,0.0,99,41
2026-05-21 22:01:02,2026-05-22,2,乒乓球厅-2号,20:30-21:30,0,1,可预约,￥5.0,雾,19,20,2,0.0,93,41
2026-05-21 22:30:47,2026-05-22,2,乒乓球厅-2号,20:30-21:30,0,1,可预约,￥5.0,雾,19,19,3,0.0,88,46
2026-05-21 23:00:56,2026-05-22,2,乒乓球厅-2号,20:30-21:30,0,1,可预约,￥5.0,多云,18,17,3,0.0,85,46
2026-05-21 23:30:55,2026-05-22,2,乒乓球厅-2号,20:30-21:30,0,1,可预约,￥5.0,多云,18,17,3,0.0,85,48
2026-05-21 08:00:45,2026-05-22,2,乒乓球厅-3号,07:00-08:00,0,1,可预约,￥0.0,晴,17,12,5,0.0,86,29
2026-05-21 08:02:30,2026-05-22,2,乒乓球厅-3号,07:00-08:00,0,1,可预约,￥0.0,多云,17,12,5,0.0,87,29
2026-05-21 08:05:36,2026-05-22,2,乒乓球厅-3号,07:00-08:00,0,1,可预约,￥0.0,多云,17,12,5,0.0,86,29
2026-05-21 08:08:31,2026-05-22,2,乒乓球厅-3号,07:00-08:00,0,1,可预约,￥0.0,多云,17,12,5,0.0,86,29
2026-05-21 08:11:30,2026-05-22,2,乒乓球厅-3号,07:00-08:00,0,1,可预约,￥0.0,多云,17,12,5,0.0,86,29
2026-05-21 08:14:31,2026-05-22,2,乒乓球厅-3号,07:00-08:00,0,1,可预约,￥0.0,多云,17,12,5,0.0,86,29
2026-05-21 08:17:30,2026-05-22,2,乒乓球厅-3号,07:00-08:00,0,1,可预约,￥0.0,多云,17,12,5,0.0,86,29
2026-05-21 08:20:35,2026-05-22,2,乒乓球厅-3号,07:00-08:00,0,1,可预约,￥0.0,多云,17,14,4,0.0,85,29
2026-05-21 08:25:32,2026-05-22,2,乒乓球厅-3号,07:00-08:00,0,1,可预约,￥0.0,多云,17,14,4,0.0,85,28
2026-05-21 08:30:42,2026-05-22,2,乒乓球厅-3号,07:00-08:00,0,1,可预约,￥0.0,多云,18,15,4,0.0,84,28
2026-05-21 08:35:31,2026-05-22,2,乒乓球厅-3号,07:00-08:00,0,1,可预约,￥0.0,多云,18,15,4,0.0,84,28
2026-05-21 08:40:38,2026-05-22,2,乒乓球厅-3号,07:00-08:00,0,1,可预约,￥0.0,多云,18,15,4,0.0,82,28
2026-05-21 08:45:33,2026-05-22,2,乒乓球厅-3号,07:00-08:00,0,1,可预约,￥0.0,多云,18,15,4,0.0,82,28
2026-05-21 08:50:36,2026-05-22,2,乒乓球厅-3号,07:00-08:00,0,1,可预约,￥0.0,多云,18,15,4,0.0,82,28
2026-05-21 08:55:34,2026-05-22,2,乒乓球厅-3号,07:00-08:00,0,1,可预约,￥0.0,多云,18,15,4,0.0,84,28
2026-05-21 09:00:51,2026-05-22,2,乒乓球厅-3号,07:00-08:00,0,1,可预约,￥0.0,多云,18,15,4,0.0,84,28
2026-05-21 09:01:59,2026-05-22,2,乒乓球厅-3号,07:00-08:00,0,1,可预约,￥0.0,多云,18,15,4,0.0,83,28
2026-05-21 09:05:33,2026-05-22,2,乒乓球厅-3号,07:00-08:00,0,1,可预约,￥0.0,多云,18,15,4,0.0,83,28
2026-05-21 09:20:38,2026-05-22,2,乒乓球厅-3号,07:00-08:00,0,1,可预约,￥0.0,多云,18,16,3,0.0,81,28
2026-05-21 09:30:46,2026-05-22,2,乒乓球厅-3号,07:00-08:00,0,1,可预约,￥0.0,多云,18,16,3,0.0,81,32
2026-05-21 09:40:36,2026-05-22,2,乒乓球厅-3号,07:00-08:00,0,1,可预约,￥0.0,多云,19,17,3,0.0,79,32
2026-05-21 09:50:42,2026-05-22,2,乒乓球厅-3号,07:00-08:00,0,1,可预约,￥0.0,多云,19,17,4,0.0,81,32
2026-05-21 10:00:46,2026-05-22,2,乒乓球厅-3号,07:00-08:00,0,1,可预约,￥0.0,多云,19,17,4,0.0,79,32
2026-05-21 10:10:40,2026-05-22,2,乒乓球厅-3号,07:00-08:00,0,1,可预约,￥0.0,多云,19,17,4,0.0,79,32
2026-05-21 10:20:38,2026-05-22,2,乒乓球厅-3号,07:00-08:00,0,1,可预约,￥0.0,多云,19,17,4,0.0,79,32
2026-05-21 10:30:41,2026-05-22,2,乒乓球厅-3号,07:00-08:00,0,1,可预约,￥0.0,多云,19,18,3,0.0,78,31
2026-05-21 11:00:44,2026-05-22,2,乒乓球厅-3号,07:00-08:00,0,1,可预约,￥0.0,多云,21,17,5,0.0,74,31
2026-05-21 11:30:38,2026-05-22,2,乒乓球厅-3号,07:00-08:00,0,1,可预约,￥0.0,多云,21,19,3,0.0,72,33
2026-05-21 12:00:46,2026-05-22,2,乒乓球厅-3号,07:00-08:00,0,1,可预约,￥0.0,多云,22,19,4,0.0,70,33
2026-05-21 12:30:42,2026-05-22,2,乒乓球厅-3号,07:00-08:00,0,1,可预约,￥0.0,多云,22,21,3,0.0,68,35
2026-05-21 13:00:43,2026-05-22,2,乒乓球厅-3号,07:00-08:00,0,1,可预约,￥0.0,多云,24,22,4,0.0,66,35
2026-05-21 13:30:43,2026-05-22,2,乒乓球厅-3号,07:00-08:00,0,1,可预约,￥0.0,多云,24,22,4,0.0,66,36
2026-05-21 14:00:48,2026-05-22,2,乒乓球厅-3号,07:00-08:00,0,1,可预约,￥0.0,多云,25,23,4,0.0,66,36
2026-05-21 14:30:45,2026-05-22,2,乒乓球厅-3号,07:00-08:00,0,1,可预约,￥0.0,晴,25,25,3,0.0,65,39
2026-05-21 15:00:45,2026-05-22,2,乒乓球厅-3号,07:00-08:00,0,1,可预约,￥0.0,晴,25,22,4,0.0,56,39
2026-05-21 15:30:43,2026-05-22,2,乒乓球厅-3号,07:00-08:00,0,1,可预约,￥0.0,晴,25,23,4,0.0,57,40
2026-05-21 16:00:51,2026-05-22,2,乒乓球厅-3号,07:00-08:00,0,1,可预约,￥0.0,晴,25,23,4,0.0,57,40
2026-05-21 16:30:48,2026-05-22,2,乒乓球厅-3号,07:00-08:00,0,1,可预约,￥0.0,晴,25,24,3,0.0,60,39
2026-05-21 17:00:49,2026-05-22,2,乒乓球厅-3号,07:00-08:00,0,1,可预约,￥0.0,晴,25,24,4,0.0,61,39
2026-05-21 17:30:47,2026-05-22,2,乒乓球厅-3号,07:00-08:00,0,1,可预约,￥0.0,多云,24,23,3,0.0,64,39
2026-05-21 18:00:50,2026-05-22,2,乒乓球厅-3号,07:00-08:00,0,1,可预约,￥0.0,多云,24,23,3,0.0,68,39
2026-05-21 18:30:50,2026-05-22,2,乒乓球厅-3号,07:00-08:00,0,1,可预约,￥0.0,阴,24,25,2,0.0,68,40
2026-05-21 19:00:50,2026-05-22,2,乒乓球厅-3号,07:00-08:00,0,1,可预约,￥0.0,阴,23,23,3,0.0,76,40
2026-05-21 19:30:46,2026-05-22,2,乒乓球厅-3号,07:00-08:00,0,1,可预约,￥0.0,阴,23,24,2,0.0,77,39
2026-05-21 20:00:49,2026-05-22,2,乒乓球厅-3号,07:00-08:00,0,1,可预约,￥0.0,雾,22,23,2,0.0,89,39
2026-05-21 20:30:44,2026-05-22,2,乒乓球厅-3号,07:00-08:00,0,1,可预约,￥0.0,雾,22,24,2,0.0,93,43
2026-05-21 21:00:56,2026-05-22,2,乒乓球厅-3号,07:00-08:00,0,1,可预约,￥0.0,雾,20,21,2,0.0,98,43
2026-05-21 21:30:46,2026-05-22,2,乒乓球厅-3号,07:00-08:00,0,1,可预约,￥0.0,雾,20,22,1,0.0,99,41
2026-05-21 22:01:02,2026-05-22,2,乒乓球厅-3号,07:00-08:00,0,1,可预约,￥0.0,雾,19,20,2,0.0,93,41
2026-05-21 22:30:47,2026-05-22,2,乒乓球厅-3号,07:00-08:00,0,1,可预约,￥0.0,雾,19,19,3,0.0,88,46
2026-05-21 23:00:56,2026-05-22,2,乒乓球厅-3号,07:00-08:00,0,1,可预约,￥0.0,多云,18,17,3,0.0,85,46
2026-05-21 23:30:55,2026-05-22,2,乒乓球厅-3号,07:00-08:00,0,1,可预约,￥0.0,多云,18,17,3,0.0,85,48
2026-05-21 08:00:45,2026-05-22,2,乒乓球厅-3号,08:00-09:00,0,1,可预约,￥0.0,晴,17,12,5,0.0,86,29
2026-05-21 08:02:30,2026-05-22,2,乒乓球厅-3号,08:00-09:00,0,1,可预约,￥0.0,多云,17,12,5,0.0,87,29
2026-05-21 08:05:36,2026-05-22,2,乒乓球厅-3号,08:00-09:00,0,1,可预约,￥0.0,多云,17,12,5,0.0,86,29
2026-05-21 08:08:31,2026-05-22,2,乒乓球厅-3号,08:00-09:00,0,1,可预约,￥0.0,多云,17,12,5,0.0,86,29
2026-05-21 08:11:30,2026-05-22,2,乒乓球厅-3号,08:00-09:00,0,1,可预约,￥0.0,多云,17,12,5,0.0,86,29
2026-05-21 08:14:31,2026-05-22,2,乒乓球厅-3号,08:00-09:00,0,1,可预约,￥0.0,多云,17,12,5,0.0,86,29
2026-05-21 08:17:30,2026-05-22,2,乒乓球厅-3号,08:00-09:00,0,1,可预约,￥0.0,多云,17,12,5,0.0,86,29
2026-05-21 08:20:35,2026-05-22,2,乒乓球厅-3号,08:00-09:00,0,1,可预约,￥0.0,多云,17,14,4,0.0,85,29
2026-05-21 08:25:32,2026-05-22,2,乒乓球厅-3号,08:00-09:00,0,1,可预约,￥0.0,多云,17,14,4,0.0,85,28
2026-05-21 08:30:42,2026-05-22,2,乒乓球厅-3号,08:00-09:00,0,1,可预约,￥0.0,多云,18,15,4,0.0,84,28
2026-05-21 08:35:31,2026-05-22,2,乒乓球厅-3号,08:00-09:00,0,1,可预约,￥0.0,多云,18,15,4,0.0,84,28
2026-05-21 08:40:38,2026-05-22,2,乒乓球厅-3号,08:00-09:00,0,1,可预约,￥0.0,多云,18,15,4,0.0,82,28
2026-05-21 08:45:33,2026-05-22,2,乒乓球厅-3号,08:00-09:00,0,1,可预约,￥0.0,多云,18,15,4,0.0,82,28
2026-05-21 08:50:36,2026-05-22,2,乒乓球厅-3号,08:00-09:00,0,1,可预约,￥0.0,多云,18,15,4,0.0,82,28
2026-05-21 08:55:34,2026-05-22,2,乒乓球厅-3号,08:00-09:00,0,1,可预约,￥0.0,多云,18,15,4,0.0,84,28
2026-05-21 09:00:51,2026-05-22,2,乒乓球厅-3号,08:00-09:00,0,1,可预约,￥0.0,多云,18,15,4,0.0,84,28
2026-05-21 09:01:59,2026-05-22,2,乒乓球厅-3号,08:00-09:00,0,1,可预约,￥0.0,多云,18,15,4,0.0,83,28
2026-05-21 09:05:33,2026-05-22,2,乒乓球厅-3号,08:00-09:00,0,1,可预约,￥0.0,多云,18,15,4,0.0,83,28
2026-05-21 09:20:38,2026-05-22,2,乒乓球厅-3号,08:00-09:00,0,1,可预约,￥0.0,多云,18,16,3,0.0,81,28
2026-05-21 09:30:46,2026-05-22,2,乒乓球厅-3号,08:00-09:00,0,1,可预约,￥0.0,多云,18,16,3,0.0,81,32
2026-05-21 09:40:36,2026-05-22,2,乒乓球厅-3号,08:00-09:00,0,1,可预约,￥0.0,多云,19,17,3,0.0,79,32
2026-05-21 09:50:42,2026-05-22,2,乒乓球厅-3号,08:00-09:00,0,1,可预约,￥0.0,多云,19,17,4,0.0,81,32
2026-05-21 10:00:46,2026-05-22,2,乒乓球厅-3号,08:00-09:00,0,1,可预约,￥0.0,多云,19,17,4,0.0,79,32
2026-05-21 10:10:40,2026-05-22,2,乒乓球厅-3号,08:00-09:00,0,1,可预约,￥0.0,多云,19,17,4,0.0,79,32
2026-05-21 10:20:38,2026-05-22,2,乒乓球厅-3号,08:00-09:00,0,1,可预约,￥0.0,多云,19,17,4,0.0,79,32
2026-05-21 10:30:41,2026-05-22,2,乒乓球厅-3号,08:00-09:00,0,1,可预约,￥0.0,多云,19,18,3,0.0,78,31
2026-05-21 11:00:44,2026-05-22,2,乒乓球厅-3号,08:00-09:00,0,1,可预约,￥0.0,多云,21,17,5,0.0,74,31
2026-05-21 11:30:38,2026-05-22,2,乒乓球厅-3号,08:00-09:00,0,1,可预约,￥0.0,多云,21,19,3,0.0,72,33
2026-05-21 12:00:46,2026-05-22,2,乒乓球厅-3号,08:00-09:00,0,1,可预约,￥0.0,多云,22,19,4,0.0,70,33
2026-05-21 12:30:42,2026-05-22,2,乒乓球厅-3号,08:00-09:00,0,1,可预约,￥0.0,多云,22,21,3,0.0,68,35
2026-05-21 13:00:43,2026-05-22,2,乒乓球厅-3号,08:00-09:00,0,1,可预约,￥0.0,多云,24,22,4,0.0,66,35
2026-05-21 13:30:43,2026-05-22,2,乒乓球厅-3号,08:00-09:00,0,1,可预约,￥0.0,多云,24,22,4,0.0,66,36
2026-05-21 14:00:48,2026-05-22,2,乒乓球厅-3号,08:00-09:00,0,1,可预约,￥0.0,多云,25,23,4,0.0,66,36
2026-05-21 14:30:45,2026-05-22,2,乒乓球厅-3号,08:00-09:00,0,1,可预约,￥0.0,晴,25,25,3,0.0,65,39
2026-05-21 15:00:45,2026-05-22,2,乒乓球厅-3号,08:00-09:00,0,1,可预约,￥0.0,晴,25,22,4,0.0,56,39
2026-05-21 15:30:43,2026-05-22,2,乒乓球厅-3号,08:00-09:00,0,1,可预约,￥0.0,晴,25,23,4,0.0,57,40
2026-05-21 16:00:51,2026-05-22,2,乒乓球厅-3号,08:00-09:00,0,1,可预约,￥0.0,晴,25,23,4,0.0,57,40
2026-05-21 16:30:48,2026-05-22,2,乒乓球厅-3号,08:00-09:00,0,1,可预约,￥0.0,晴,25,24,3,0.0,60,39
2026-05-21 17:00:49,2026-05-22,2,乒乓球厅-3号,08:00-09:00,0,1,可预约,￥0.0,晴,25,24,4,0.0,61,39
2026-05-21 17:30:47,2026-05-22,2,乒乓球厅-3号,08:00-09:00,0,1,可预约,￥0.0,多云,24,23,3,0.0,64,39
2026-05-21 18:00:50,2026-05-22,2,乒乓球厅-3号,08:00-09:00,0,1,可预约,￥0.0,多云,24,23,3,0.0,68,39
2026-05-21 18:30:50,2026-05-22,2,乒乓球厅-3号,08:00-09:00,0,1,可预约,￥0.0,阴,24,25,2,0.0,68,40
2026-05-21 19:00:50,2026-05-22,2,乒乓球厅-3号,08:00-09:00,0,1,可预约,￥0.0,阴,23,23,3,0.0,76,40
2026-05-21 19:30:46,2026-05-22,2,乒乓球厅-3号,08:00-09:00,0,1,可预约,￥0.0,阴,23,24,2,0.0,77,39
2026-05-21 20:00:49,2026-05-22,2,乒乓球厅-3号,08:00-09:00,0,1,可预约,￥0.0,雾,22,23,2,0.0,89,39
2026-05-21 20:30:44,2026-05-22,2,乒乓球厅-3号,08:00-09:00,0,1,可预约,￥0.0,雾,22,24,2,0.0,93,43
2026-05-21 21:00:56,2026-05-22,2,乒乓球厅-3号,08:00-09:00,0,1,可预约,￥0.0,雾,20,21,2,0.0,98,43
2026-05-21 21:30:46,2026-05-22,2,乒乓球厅-3号,08:00-09:00,0,1,可预约,￥0.0,雾,20,22,1,0.0,99,41
2026-05-21 22:01:02,2026-05-22,2,乒乓球厅-3号,08:00-09:00,0,1,可预约,￥0.0,雾,19,20,2,0.0,93,41
2026-05-21 22:30:47,2026-05-22,2,乒乓球厅-3号,08:00-09:00,0,1,可预约,￥0.0,雾,19,19,3,0.0,88,46
2026-05-21 23:00:56,2026-05-22,2,乒乓球厅-3号,08:00-09:00,0,1,可预约,￥0.0,多云,18,17,3,0.0,85,46
2026-05-21 23:30:55,2026-05-22,2,乒乓球厅-3号,08:00-09:00,0,1,可预约,￥0.0,多云,18,17,3,0.0,85,48
2026-05-21 08:00:45,2026-05-22,2,乒乓球厅-3号,09:00-10:00,0,1,可预约,￥5.0,晴,17,12,5,0.0,86,29
2026-05-21 08:02:30,2026-05-22,2,乒乓球厅-3号,09:00-10:00,0,1,可预约,￥5.0,多云,17,12,5,0.0,87,29
2026-05-21 08:05:36,2026-05-22,2,乒乓球厅-3号,09:00-10:00,0,1,可预约,￥5.0,多云,17,12,5,0.0,86,29
2026-05-21 08:08:31,2026-05-22,2,乒乓球厅-3号,09:00-10:00,0,1,可预约,￥5.0,多云,17,12,5,0.0,86,29
2026-05-21 08:11:30,2026-05-22,2,乒乓球厅-3号,09:00-10:00,0,1,可预约,￥5.0,多云,17,12,5,0.0,86,29
2026-05-21 08:14:31,2026-05-22,2,乒乓球厅-3号,09:00-10:00,0,1,可预约,￥5.0,多云,17,12,5,0.0,86,29
2026-05-21 08:17:30,2026-05-22,2,乒乓球厅-3号,09:00-10:00,0,1,可预约,￥5.0,多云,17,12,5,0.0,86,29
2026-05-21 08:20:35,2026-05-22,2,乒乓球厅-3号,09:00-10:00,0,1,可预约,￥5.0,多云,17,14,4,0.0,85,29
2026-05-21 08:25:32,2026-05-22,2,乒乓球厅-3号,09:00-10:00,0,1,可预约,￥5.0,多云,17,14,4,0.0,85,28
2026-05-21 08:30:42,2026-05-22,2,乒乓球厅-3号,09:00-10:00,0,1,可预约,￥5.0,多云,18,15,4,0.0,84,28
2026-05-21 08:35:31,2026-05-22,2,乒乓球厅-3号,09:00-10:00,0,1,可预约,￥5.0,多云,18,15,4,0.0,84,28
2026-05-21 08:40:38,2026-05-22,2,乒乓球厅-3号,09:00-10:00,0,1,可预约,￥5.0,多云,18,15,4,0.0,82,28
2026-05-21 08:45:33,2026-05-22,2,乒乓球厅-3号,09:00-10:00,0,1,可预约,￥5.0,多云,18,15,4,0.0,82,28
2026-05-21 08:50:36,2026-05-22,2,乒乓球厅-3号,09:00-10:00,0,1,可预约,￥5.0,多云,18,15,4,0.0,82,28
2026-05-21 08:55:34,2026-05-22,2,乒乓球厅-3号,09:00-10:00,0,1,可预约,￥5.0,多云,18,15,4,0.0,84,28
2026-05-21 09:00:51,2026-05-22,2,乒乓球厅-3号,09:00-10:00,0,1,可预约,￥5.0,多云,18,15,4,0.0,84,28
2026-05-21 09:01:59,2026-05-22,2,乒乓球厅-3号,09:00-10:00,0,1,可预约,￥5.0,多云,18,15,4,0.0,83,28
2026-05-21 09:05:33,2026-05-22,2,乒乓球厅-3号,09:00-10:00,0,1,可预约,￥5.0,多云,18,15,4,0.0,83,28
2026-05-21 09:20:38,2026-05-22,2,乒乓球厅-3号,09:00-10:00,0,1,可预约,￥5.0,多云,18,16,3,0.0,81,28
2026-05-21 09:30:46,2026-05-22,2,乒乓球厅-3号,09:00-10:00,0,1,可预约,￥5.0,多云,18,16,3,0.0,81,32
2026-05-21 09:40:36,2026-05-22,2,乒乓球厅-3号,09:00-10:00,0,1,可预约,￥5.0,多云,19,17,3,0.0,79,32
2026-05-21 09:50:42,2026-05-22,2,乒乓球厅-3号,09:00-10:00,0,1,可预约,￥5.0,多云,19,17,4,0.0,81,32
2026-05-21 10:00:46,2026-05-22,2,乒乓球厅-3号,09:00-10:00,0,1,可预约,￥5.0,多云,19,17,4,0.0,79,32
2026-05-21 10:10:40,2026-05-22,2,乒乓球厅-3号,09:00-10:00,0,1,可预约,￥5.0,多云,19,17,4,0.0,79,32
2026-05-21 10:20:38,2026-05-22,2,乒乓球厅-3号,09:00-10:00,0,1,可预约,￥5.0,多云,19,17,4,0.0,79,32
2026-05-21 10:30:41,2026-05-22,2,乒乓球厅-3号,09:00-10:00,0,1,可预约,￥5.0,多云,19,18,3,0.0,78,31
2026-05-21 11:00:44,2026-05-22,2,乒乓球厅-3号,09:00-10:00,0,1,可预约,￥5.0,多云,21,17,5,0.0,74,31
2026-05-21 11:30:38,2026-05-22,2,乒乓球厅-3号,09:00-10:00,0,1,可预约,￥5.0,多云,21,19,3,0.0,72,33
2026-05-21 12:00:46,2026-05-22,2,乒乓球厅-3号,09:00-10:00,0,1,可预约,￥5.0,多云,22,19,4,0.0,70,33
2026-05-21 12:30:42,2026-05-22,2,乒乓球厅-3号,09:00-10:00,0,1,可预约,￥5.0,多云,22,21,3,0.0,68,35
2026-05-21 13:00:43,2026-05-22,2,乒乓球厅-3号,09:00-10:00,0,1,可预约,￥5.0,多云,24,22,4,0.0,66,35
2026-05-21 13:30:43,2026-05-22,2,乒乓球厅-3号,09:00-10:00,0,1,可预约,￥5.0,多云,24,22,4,0.0,66,36
2026-05-21 14:00:48,2026-05-22,2,乒乓球厅-3号,09:00-10:00,0,1,可预约,￥5.0,多云,25,23,4,0.0,66,36
2026-05-21 14:30:45,2026-05-22,2,乒乓球厅-3号,09:00-10:00,0,1,可预约,￥5.0,晴,25,25,3,0.0,65,39
2026-05-21 15:00:45,2026-05-22,2,乒乓球厅-3号,09:00-10:00,0,1,可预约,￥5.0,晴,25,22,4,0.0,56,39
2026-05-21 15:30:43,2026-05-22,2,乒乓球厅-3号,09:00-10:00,0,1,可预约,￥5.0,晴,25,23,4,0.0,57,40
2026-05-21 16:00:51,2026-05-22,2,乒乓球厅-3号,09:00-10:00,0,1,可预约,￥5.0,晴,25,23,4,0.0,57,40
2026-05-21 16:30:48,2026-05-22,2,乒乓球厅-3号,09:00-10:00,0,1,可预约,￥5.0,晴,25,24,3,0.0,60,39
2026-05-21 17:00:49,2026-05-22,2,乒乓球厅-3号,09:00-10:00,0,1,可预约,￥5.0,晴,25,24,4,0.0,61,39
2026-05-21 17:30:47,2026-05-22,2,乒乓球厅-3号,09:00-10:00,0,1,可预约,￥5.0,多云,24,23,3,0.0,64,39
2026-05-21 18:00:50,2026-05-22,2,乒乓球厅-3号,09:00-10:00,0,1,可预约,￥5.0,多云,24,23,3,0.0,68,39
2026-05-21 18:30:50,2026-05-22,2,乒乓球厅-3号,09:00-10:00,0,1,可预约,￥5.0,阴,24,25,2,0.0,68,40
2026-05-21 19:00:50,2026-05-22,2,乒乓球厅-3号,09:00-10:00,0,1,可预约,￥5.0,阴,23,23,3,0.0,76,40
2026-05-21 19:30:46,2026-05-22,2,乒乓球厅-3号,09:00-10:00,0,1,可预约,￥5.0,阴,23,24,2,0.0,77,39
2026-05-21 20:00:49,2026-05-22,2,乒乓球厅-3号,09:00-10:00,0,1,可预约,￥5.0,雾,22,23,2,0.0,89,39
2026-05-21 20:30:44,2026-05-22,2,乒乓球厅-3号,09:00-10:00,0,1,可预约,￥5.0,雾,22,24,2,0.0,93,43
2026-05-21 21:00:56,2026-05-22,2,乒乓球厅-3号,09:00-10:00,0,1,可预约,￥5.0,雾,20,21,2,0.0,98,43
2026-05-21 21:30:46,2026-05-22,2,乒乓球厅-3号,09:00-10:00,0,1,可预约,￥5.0,雾,20,22,1,0.0,99,41
2026-05-21 22:01:02,2026-05-22,2,乒乓球厅-3号,09:00-10:00,0,1,可预约,￥5.0,雾,19,20,2,0.0,93,41
2026-05-21 22:30:47,2026-05-22,2,乒乓球厅-3号,09:00-10:00,0,1,可预约,￥5.0,雾,19,19,3,0.0,88,46
2026-05-21 23:00:56,2026-05-22,2,乒乓球厅-3号,09:00-10:00,0,1,可预约,￥5.0,多云,18,17,3,0.0,85,46
2026-05-21 23:30:55,2026-05-22,2,乒乓球厅-3号,09:00-10:00,0,1,可预约,￥5.0,多云,18,17,3,0.0,85,48
2026-05-21 08:00:45,2026-05-22,2,乒乓球厅-3号,10:00-11:00,0,1,可预约,￥5.0,晴,17,12,5,0.0,86,29
2026-05-21 08:02:30,2026-05-22,2,乒乓球厅-3号,10:00-11:00,0,1,可预约,￥5.0,多云,17,12,5,0.0,87,29
2026-05-21 08:05:36,2026-05-22,2,乒乓球厅-3号,10:00-11:00,0,1,可预约,￥5.0,多云,17,12,5,0.0,86,29
2026-05-21 08:08:31,2026-05-22,2,乒乓球厅-3号,10:00-11:00,0,1,可预约,￥5.0,多云,17,12,5,0.0,86,29
2026-05-21 08:11:30,2026-05-22,2,乒乓球厅-3号,10:00-11:00,0,1,可预约,￥5.0,多云,17,12,5,0.0,86,29
2026-05-21 08:14:31,2026-05-22,2,乒乓球厅-3号,10:00-11:00,0,1,可预约,￥5.0,多云,17,12,5,0.0,86,29
2026-05-21 08:17:30,2026-05-22,2,乒乓球厅-3号,10:00-11:00,0,1,可预约,￥5.0,多云,17,12,5,0.0,86,29
2026-05-21 08:20:35,2026-05-22,2,乒乓球厅-3号,10:00-11:00,0,1,可预约,￥5.0,多云,17,14,4,0.0,85,29
2026-05-21 08:25:32,2026-05-22,2,乒乓球厅-3号,10:00-11:00,0,1,可预约,￥5.0,多云,17,14,4,0.0,85,28
2026-05-21 08:30:42,2026-05-22,2,乒乓球厅-3号,10:00-11:00,0,1,可预约,￥5.0,多云,18,15,4,0.0,84,28
2026-05-21 08:35:31,2026-05-22,2,乒乓球厅-3号,10:00-11:00,0,1,可预约,￥5.0,多云,18,15,4,0.0,84,28
2026-05-21 08:40:38,2026-05-22,2,乒乓球厅-3号,10:00-11:00,0,1,可预约,￥5.0,多云,18,15,4,0.0,82,28
2026-05-21 08:45:33,2026-05-22,2,乒乓球厅-3号,10:00-11:00,0,1,可预约,￥5.0,多云,18,15,4,0.0,82,28
2026-05-21 08:50:36,2026-05-22,2,乒乓球厅-3号,10:00-11:00,0,1,可预约,￥5.0,多云,18,15,4,0.0,82,28
2026-05-21 08:55:34,2026-05-22,2,乒乓球厅-3号,10:00-11:00,0,1,可预约,￥5.0,多云,18,15,4,0.0,84,28
2026-05-21 09:00:51,2026-05-22,2,乒乓球厅-3号,10:00-11:00,0,1,可预约,￥5.0,多云,18,15,4,0.0,84,28
2026-05-21 09:01:59,2026-05-22,2,乒乓球厅-3号,10:00-11:00,0,1,可预约,￥5.0,多云,18,15,4,0.0,83,28
2026-05-21 09:05:33,2026-05-22,2,乒乓球厅-3号,10:00-11:00,0,1,可预约,￥5.0,多云,18,15,4,0.0,83,28
2026-05-21 09:20:38,2026-05-22,2,乒乓球厅-3号,10:00-11:00,0,1,可预约,￥5.0,多云,18,16,3,0.0,81,28
2026-05-21 09:30:46,2026-05-22,2,乒乓球厅-3号,10:00-11:00,0,1,可预约,￥5.0,多云,18,16,3,0.0,81,32
2026-05-21 09:40:36,2026-05-22,2,乒乓球厅-3号,10:00-11:00,0,1,可预约,￥5.0,多云,19,17,3,0.0,79,32
2026-05-21 09:50:42,2026-05-22,2,乒乓球厅-3号,10:00-11:00,0,1,可预约,￥5.0,多云,19,17,4,0.0,81,32
2026-05-21 10:00:46,2026-05-22,2,乒乓球厅-3号,10:00-11:00,0,1,可预约,￥5.0,多云,19,17,4,0.0,79,32
2026-05-21 10:10:40,2026-05-22,2,乒乓球厅-3号,10:00-11:00,0,1,可预约,￥5.0,多云,19,17,4,0.0,79,32
2026-05-21 10:20:38,2026-05-22,2,乒乓球厅-3号,10:00-11:00,0,1,可预约,￥5.0,多云,19,17,4,0.0,79,32
2026-05-21 10:30:41,2026-05-22,2,乒乓球厅-3号,10:00-11:00,0,1,可预约,￥5.0,多云,19,18,3,0.0,78,31
2026-05-21 11:00:44,2026-05-22,2,乒乓球厅-3号,10:00-11:00,0,1,可预约,￥5.0,多云,21,17,5,0.0,74,31
2026-05-21 11:30:38,2026-05-22,2,乒乓球厅-3号,10:00-11:00,0,1,可预约,￥5.0,多云,21,19,3,0.0,72,33
2026-05-21 12:00:46,2026-05-22,2,乒乓球厅-3号,10:00-11:00,0,1,可预约,￥5.0,多云,22,19,4,0.0,70,33
2026-05-21 12:30:42,2026-05-22,2,乒乓球厅-3号,10:00-11:00,0,1,可预约,￥5.0,多云,22,21,3,0.0,68,35
2026-05-21 13:00:43,2026-05-22,2,乒乓球厅-3号,10:00-11:00,0,1,可预约,￥5.0,多云,24,22,4,0.0,66,35
2026-05-21 13:30:43,2026-05-22,2,乒乓球厅-3号,10:00-11:00,0,1,可预约,￥5.0,多云,24,22,4,0.0,66,36
2026-05-21 14:00:48,2026-05-22,2,乒乓球厅-3号,10:00-11:00,0,1,可预约,￥5.0,多云,25,23,4,0.0,66,36
2026-05-21 14:30:45,2026-05-22,2,乒乓球厅-3号,10:00-11:00,0,1,可预约,￥5.0,晴,25,25,3,0.0,65,39
2026-05-21 15:00:45,2026-05-22,2,乒乓球厅-3号,10:00-11:00,0,1,可预约,￥5.0,晴,25,22,4,0.0,56,39
2026-05-21 15:30:43,2026-05-22,2,乒乓球厅-3号,10:00-11:00,0,1,可预约,￥5.0,晴,25,23,4,0.0,57,40
2026-05-21 16:00:51,2026-05-22,2,乒乓球厅-3号,10:00-11:00,0,1,可预约,￥5.0,晴,25,23,4,0.0,57,40
2026-05-21 16:30:48,2026-05-22,2,乒乓球厅-3号,10:00-11:00,0,1,可预约,￥5.0,晴,25,24,3,0.0,60,39
2026-05-21 17:00:49,2026-05-22,2,乒乓球厅-3号,10:00-11:00,0,1,可预约,￥5.0,晴,25,24,4,0.0,61,39
2026-05-21 17:30:47,2026-05-22,2,乒乓球厅-3号,10:00-11:00,0,1,可预约,￥5.0,多云,24,23,3,0.0,64,39
2026-05-21 18:00:50,2026-05-22,2,乒乓球厅-3号,10:00-11:00,0,1,可预约,￥5.0,多云,24,23,3,0.0,68,39
2026-05-21 18:30:50,2026-05-22,2,乒乓球厅-3号,10:00-11:00,0,1,可预约,￥5.0,阴,24,25,2,0.0,68,40
2026-05-21 19:00:50,2026-05-22,2,乒乓球厅-3号,10:00-11:00,0,1,可预约,￥5.0,阴,23,23,3,0.0,76,40
2026-05-21 19:30:46,2026-05-22,2,乒乓球厅-3号,10:00-11:00,0,1,可预约,￥5.0,阴,23,24,2,0.0,77,39
2026-05-21 20:00:49,2026-05-22,2,乒乓球厅-3号,10:00-11:00,0,1,可预约,￥5.0,雾,22,23,2,0.0,89,39
2026-05-21 20:30:44,2026-05-22,2,乒乓球厅-3号,10:00-11:00,0,1,可预约,￥5.0,雾,22,24,2,0.0,93,43
2026-05-21 21:00:56,2026-05-22,2,乒乓球厅-3号,10:00-11:00,0,1,可预约,￥5.0,雾,20,21,2,0.0,98,43
2026-05-21 21:30:46,2026-05-22,2,乒乓球厅-3号,10:00-11:00,0,1,可预约,￥5.0,雾,20,22,1,0.0,99,41
2026-05-21 22:01:02,2026-05-22,2,乒乓球厅-3号,10:00-11:00,0,1,可预约,￥5.0,雾,19,20,2,0.0,93,41
2026-05-21 22:30:47,2026-05-22,2,乒乓球厅-3号,10:00-11:00,0,1,可预约,￥5.0,雾,19,19,3,0.0,88,46
2026-05-21 23:00:56,2026-05-22,2,乒乓球厅-3号,10:00-11:00,0,1,可预约,￥5.0,多云,18,17,3,0.0,85,46
2026-05-21 23:30:55,2026-05-22,2,乒乓球厅-3号,10:00-11:00,0,1,可预约,￥5.0,多云,18,17,3,0.0,85,48
2026-05-21 08:00:45,2026-05-22,2,乒乓球厅-3号,11:00-12:00,0,1,可预约,￥5.0,晴,17,12,5,0.0,86,29
2026-05-21 08:02:30,2026-05-22,2,乒乓球厅-3号,11:00-12:00,0,1,可预约,￥5.0,多云,17,12,5,0.0,87,29
2026-05-21 08:05:36,2026-05-22,2,乒乓球厅-3号,11:00-12:00,0,1,可预约,￥5.0,多云,17,12,5,0.0,86,29
2026-05-21 08:08:31,2026-05-22,2,乒乓球厅-3号,11:00-12:00,0,1,可预约,￥5.0,多云,17,12,5,0.0,86,29
2026-05-21 08:11:30,2026-05-22,2,乒乓球厅-3号,11:00-12:00,0,1,可预约,￥5.0,多云,17,12,5,0.0,86,29
2026-05-21 08:14:31,2026-05-22,2,乒乓球厅-3号,11:00-12:00,0,1,可预约,￥5.0,多云,17,12,5,0.0,86,29
2026-05-21 08:17:30,2026-05-22,2,乒乓球厅-3号,11:00-12:00,0,1,可预约,￥5.0,多云,17,12,5,0.0,86,29
2026-05-21 08:20:35,2026-05-22,2,乒乓球厅-3号,11:00-12:00,0,1,可预约,￥5.0,多云,17,14,4,0.0,85,29
2026-05-21 08:25:32,2026-05-22,2,乒乓球厅-3号,11:00-12:00,0,1,可预约,￥5.0,多云,17,14,4,0.0,85,28
2026-05-21 08:30:42,2026-05-22,2,乒乓球厅-3号,11:00-12:00,0,1,可预约,￥5.0,多云,18,15,4,0.0,84,28
2026-05-21 08:35:31,2026-05-22,2,乒乓球厅-3号,11:00-12:00,0,1,可预约,￥5.0,多云,18,15,4,0.0,84,28
2026-05-21 08:40:38,2026-05-22,2,乒乓球厅-3号,11:00-12:00,0,1,可预约,￥5.0,多云,18,15,4,0.0,82,28
2026-05-21 08:45:33,2026-05-22,2,乒乓球厅-3号,11:00-12:00,0,1,可预约,￥5.0,多云,18,15,4,0.0,82,28
2026-05-21 08:50:36,2026-05-22,2,乒乓球厅-3号,11:00-12:00,0,1,可预约,￥5.0,多云,18,15,4,0.0,82,28
2026-05-21 08:55:34,2026-05-22,2,乒乓球厅-3号,11:00-12:00,0,1,可预约,￥5.0,多云,18,15,4,0.0,84,28
2026-05-21 09:00:51,2026-05-22,2,乒乓球厅-3号,11:00-12:00,0,1,可预约,￥5.0,多云,18,15,4,0.0,84,28
2026-05-21 09:01:59,2026-05-22,2,乒乓球厅-3号,11:00-12:00,0,1,可预约,￥5.0,多云,18,15,4,0.0,83,28
2026-05-21 09:05:33,2026-05-22,2,乒乓球厅-3号,11:00-12:00,0,1,可预约,￥5.0,多云,18,15,4,0.0,83,28
2026-05-21 09:20:38,2026-05-22,2,乒乓球厅-3号,11:00-12:00,0,1,可预约,￥5.0,多云,18,16,3,0.0,81,28
2026-05-21 09:30:46,2026-05-22,2,乒乓球厅-3号,11:00-12:00,0,1,可预约,￥5.0,多云,18,16,3,0.0,81,32
2026-05-21 09:40:36,2026-05-22,2,乒乓球厅-3号,11:00-12:00,0,1,可预约,￥5.0,多云,19,17,3,0.0,79,32
2026-05-21 09:50:42,2026-05-22,2,乒乓球厅-3号,11:00-12:00,0,1,可预约,￥5.0,多云,19,17,4,0.0,81,32
2026-05-21 10:00:46,2026-05-22,2,乒乓球厅-3号,11:00-12:00,0,1,可预约,￥5.0,多云,19,17,4,0.0,79,32
2026-05-21 10:10:40,2026-05-22,2,乒乓球厅-3号,11:00-12:00,0,1,可预约,￥5.0,多云,19,17,4,0.0,79,32
2026-05-21 10:20:38,2026-05-22,2,乒乓球厅-3号,11:00-12:00,0,1,可预约,￥5.0,多云,19,17,4,0.0,79,32
2026-05-21 10:30:41,2026-05-22,2,乒乓球厅-3号,11:00-12:00,0,1,可预约,￥5.0,多云,19,18,3,0.0,78,31
2026-05-21 11:00:44,2026-05-22,2,乒乓球厅-3号,11:00-12:00,0,1,可预约,￥5.0,多云,21,17,5,0.0,74,31
2026-05-21 11:30:38,2026-05-22,2,乒乓球厅-3号,11:00-12:00,0,1,可预约,￥5.0,多云,21,19,3,0.0,72,33
2026-05-21 12:00:46,2026-05-22,2,乒乓球厅-3号,11:00-12:00,0,1,可预约,￥5.0,多云,22,19,4,0.0,70,33
2026-05-21 12:30:42,2026-05-22,2,乒乓球厅-3号,11:00-12:00,0,1,可预约,￥5.0,多云,22,21,3,0.0,68,35
2026-05-21 13:00:43,2026-05-22,2,乒乓球厅-3号,11:00-12:00,0,1,可预约,￥5.0,多云,24,22,4,0.0,66,35
2026-05-21 13:30:43,2026-05-22,2,乒乓球厅-3号,11:00-12:00,0,1,可预约,￥5.0,多云,24,22,4,0.0,66,36
2026-05-21 14:00:48,2026-05-22,2,乒乓球厅-3号,11:00-12:00,0,1,可预约,￥5.0,多云,25,23,4,0.0,66,36
2026-05-21 14:30:45,2026-05-22,2,乒乓球厅-3号,11:00-12:00,0,1,可预约,￥5.0,晴,25,25,3,0.0,65,39
2026-05-21 15:00:45,2026-05-22,2,乒乓球厅-3号,11:00-12:00,0,1,可预约,￥5.0,晴,25,22,4,0.0,56,39
2026-05-21 15:30:43,2026-05-22,2,乒乓球厅-3号,11:00-12:00,0,1,可预约,￥5.0,晴,25,23,4,0.0,57,40
2026-05-21 16:00:51,2026-05-22,2,乒乓球厅-3号,11:00-12:00,0,1,可预约,￥5.0,晴,25,23,4,0.0,57,40
2026-05-21 16:30:48,2026-05-22,2,乒乓球厅-3号,11:00-12:00,0,1,可预约,￥5.0,晴,25,24,3,0.0,60,39
2026-05-21 17:00:49,2026-05-22,2,乒乓球厅-3号,11:00-12:00,0,1,可预约,￥5.0,晴,25,24,4,0.0,61,39
2026-05-21 17:30:47,2026-05-22,2,乒乓球厅-3号,11:00-12:00,0,1,可预约,￥5.0,多云,24,23,3,0.0,64,39
2026-05-21 18:00:50,2026-05-22,2,乒乓球厅-3号,11:00-12:00,0,1,可预约,￥5.0,多云,24,23,3,0.0,68,39
2026-05-21 18:30:50,2026-05-22,2,乒乓球厅-3号,11:00-12:00,0,1,可预约,￥5.0,阴,24,25,2,0.0,68,40
2026-05-21 19:00:50,2026-05-22,2,乒乓球厅-3号,11:00-12:00,0,1,可预约,￥5.0,阴,23,23,3,0.0,76,40
2026-05-21 19:30:46,2026-05-22,2,乒乓球厅-3号,11:00-12:00,0,1,可预约,￥5.0,阴,23,24,2,0.0,77,39
2026-05-21 20:00:49,2026-05-22,2,乒乓球厅-3号,11:00-12:00,0,1,可预约,￥5.0,雾,22,23,2,0.0,89,39
2026-05-21 20:30:44,2026-05-22,2,乒乓球厅-3号,11:00-12:00,0,1,可预约,￥5.0,雾,22,24,2,0.0,93,43
2026-05-21 21:00:56,2026-05-22,2,乒乓球厅-3号,11:00-12:00,0,1,可预约,￥5.0,雾,20,21,2,0.0,98,43
2026-05-21 21:30:46,2026-05-22,2,乒乓球厅-3号,11:00-12:00,0,1,可预约,￥5.0,雾,20,22,1,0.0,99,41
2026-05-21 22:01:02,2026-05-22,2,乒乓球厅-3号,11:00-12:00,0,1,可预约,￥5.0,雾,19,20,2,0.0,93,41
2026-05-21 22:30:47,2026-05-22,2,乒乓球厅-3号,11:00-12:00,0,1,可预约,￥5.0,雾,19,19,3,0.0,88,46
2026-05-21 23:00:56,2026-05-22,2,乒乓球厅-3号,11:00-12:00,0,1,可预约,￥5.0,多云,18,17,3,0.0,85,46
2026-05-21 23:30:55,2026-05-22,2,乒乓球厅-3号,11:00-12:00,0,1,可预约,￥5.0,多云,18,17,3,0.0,85,48
2026-05-21 08:00:45,2026-05-22,2,乒乓球厅-3号,12:00-12:55,0,1,可预约,￥0.0,晴,17,12,5,0.0,86,29
2026-05-21 08:02:30,2026-05-22,2,乒乓球厅-3号,12:00-12:55,0,1,可预约,￥0.0,多云,17,12,5,0.0,87,29
2026-05-21 08:05:36,2026-05-22,2,乒乓球厅-3号,12:00-12:55,0,1,可预约,￥0.0,多云,17,12,5,0.0,86,29
2026-05-21 08:08:31,2026-05-22,2,乒乓球厅-3号,12:00-12:55,0,1,可预约,￥0.0,多云,17,12,5,0.0,86,29
2026-05-21 08:11:30,2026-05-22,2,乒乓球厅-3号,12:00-12:55,0,1,可预约,￥0.0,多云,17,12,5,0.0,86,29
2026-05-21 08:14:31,2026-05-22,2,乒乓球厅-3号,12:00-12:55,0,1,可预约,￥0.0,多云,17,12,5,0.0,86,29
2026-05-21 08:17:30,2026-05-22,2,乒乓球厅-3号,12:00-12:55,0,1,可预约,￥0.0,多云,17,12,5,0.0,86,29
2026-05-21 08:20:35,2026-05-22,2,乒乓球厅-3号,12:00-12:55,0,1,可预约,￥0.0,多云,17,14,4,0.0,85,29
2026-05-21 08:25:32,2026-05-22,2,乒乓球厅-3号,12:00-12:55,0,1,可预约,￥0.0,多云,17,14,4,0.0,85,28
2026-05-21 08:30:42,2026-05-22,2,乒乓球厅-3号,12:00-12:55,0,1,可预约,￥0.0,多云,18,15,4,0.0,84,28
2026-05-21 08:35:31,2026-05-22,2,乒乓球厅-3号,12:00-12:55,0,1,可预约,￥0.0,多云,18,15,4,0.0,84,28
2026-05-21 08:40:38,2026-05-22,2,乒乓球厅-3号,12:00-12:55,0,1,可预约,￥0.0,多云,18,15,4,0.0,82,28
2026-05-21 08:45:33,2026-05-22,2,乒乓球厅-3号,12:00-12:55,0,1,可预约,￥0.0,多云,18,15,4,0.0,82,28
2026-05-21 08:50:36,2026-05-22,2,乒乓球厅-3号,12:00-12:55,0,1,可预约,￥0.0,多云,18,15,4,0.0,82,28
2026-05-21 08:55:34,2026-05-22,2,乒乓球厅-3号,12:00-12:55,0,1,可预约,￥0.0,多云,18,15,4,0.0,84,28
2026-05-21 09:00:51,2026-05-22,2,乒乓球厅-3号,12:00-12:55,0,1,可预约,￥0.0,多云,18,15,4,0.0,84,28
2026-05-21 09:01:59,2026-05-22,2,乒乓球厅-3号,12:00-12:55,0,1,可预约,￥0.0,多云,18,15,4,0.0,83,28
2026-05-21 09:05:33,2026-05-22,2,乒乓球厅-3号,12:00-12:55,0,1,可预约,￥0.0,多云,18,15,4,0.0,83,28
2026-05-21 09:20:38,2026-05-22,2,乒乓球厅-3号,12:00-12:55,0,1,可预约,￥0.0,多云,18,16,3,0.0,81,28
2026-05-21 09:30:46,2026-05-22,2,乒乓球厅-3号,12:00-12:55,0,1,可预约,￥0.0,多云,18,16,3,0.0,81,32
2026-05-21 09:40:36,2026-05-22,2,乒乓球厅-3号,12:00-12:55,0,1,可预约,￥0.0,多云,19,17,3,0.0,79,32
2026-05-21 09:50:42,2026-05-22,2,乒乓球厅-3号,12:00-12:55,0,1,可预约,￥0.0,多云,19,17,4,0.0,81,32
2026-05-21 10:00:46,2026-05-22,2,乒乓球厅-3号,12:00-12:55,0,1,可预约,￥0.0,多云,19,17,4,0.0,79,32
2026-05-21 10:10:40,2026-05-22,2,乒乓球厅-3号,12:00-12:55,0,1,可预约,￥0.0,多云,19,17,4,0.0,79,32
2026-05-21 10:20:38,2026-05-22,2,乒乓球厅-3号,12:00-12:55,0,1,可预约,￥0.0,多云,19,17,4,0.0,79,32
2026-05-21 10:30:41,2026-05-22,2,乒乓球厅-3号,12:00-12:55,0,1,可预约,￥0.0,多云,19,18,3,0.0,78,31
2026-05-21 11:00:44,2026-05-22,2,乒乓球厅-3号,12:00-12:55,0,1,可预约,￥0.0,多云,21,17,5,0.0,74,31
2026-05-21 11:30:38,2026-05-22,2,乒乓球厅-3号,12:00-12:55,0,1,可预约,￥0.0,多云,21,19,3,0.0,72,33
2026-05-21 12:00:46,2026-05-22,2,乒乓球厅-3号,12:00-12:55,0,1,可预约,￥0.0,多云,22,19,4,0.0,70,33
2026-05-21 12:30:42,2026-05-22,2,乒乓球厅-3号,12:00-12:55,0,1,可预约,￥0.0,多云,22,21,3,0.0,68,35
2026-05-21 13:00:43,2026-05-22,2,乒乓球厅-3号,12:00-12:55,0,1,可预约,￥0.0,多云,24,22,4,0.0,66,35
2026-05-21 13:30:43,2026-05-22,2,乒乓球厅-3号,12:00-12:55,0,1,可预约,￥0.0,多云,24,22,4,0.0,66,36
2026-05-21 14:00:48,2026-05-22,2,乒乓球厅-3号,12:00-12:55,0,1,可预约,￥0.0,多云,25,23,4,0.0,66,36
2026-05-21 14:30:45,2026-05-22,2,乒乓球厅-3号,12:00-12:55,0,1,可预约,￥0.0,晴,25,25,3,0.0,65,39
2026-05-21 15:00:45,2026-05-22,2,乒乓球厅-3号,12:00-12:55,0,1,可预约,￥0.0,晴,25,22,4,0.0,56,39
2026-05-21 15:30:43,2026-05-22,2,乒乓球厅-3号,12:00-12:55,0,1,可预约,￥0.0,晴,25,23,4,0.0,57,40
2026-05-21 16:00:51,2026-05-22,2,乒乓球厅-3号,12:00-12:55,0,1,可预约,￥0.0,晴,25,23,4,0.0,57,40
2026-05-21 16:30:48,2026-05-22,2,乒乓球厅-3号,12:00-12:55,0,1,可预约,￥0.0,晴,25,24,3,0.0,60,39
2026-05-21 17:00:49,2026-05-22,2,乒乓球厅-3号,12:00-12:55,0,1,可预约,￥0.0,晴,25,24,4,0.0,61,39
2026-05-21 17:30:47,2026-05-22,2,乒乓球厅-3号,12:00-12:55,0,1,可预约,￥0.0,多云,24,23,3,0.0,64,39
2026-05-21 18:00:50,2026-05-22,2,乒乓球厅-3号,12:00-12:55,0,1,可预约,￥0.0,多云,24,23,3,0.0,68,39
2026-05-21 18:30:50,2026-05-22,2,乒乓球厅-3号,12:00-12:55,0,1,可预约,￥0.0,阴,24,25,2,0.0,68,40
2026-05-21 19:00:50,2026-05-22,2,乒乓球厅-3号,12:00-12:55,0,1,可预约,￥0.0,阴,23,23,3,0.0,76,40
2026-05-21 19:30:46,2026-05-22,2,乒乓球厅-3号,12:00-12:55,0,1,可预约,￥0.0,阴,23,24,2,0.0,77,39
2026-05-21 20:00:49,2026-05-22,2,乒乓球厅-3号,12:00-12:55,0,1,可预约,￥0.0,雾,22,23,2,0.0,89,39
2026-05-21 20:30:44,2026-05-22,2,乒乓球厅-3号,12:00-12:55,0,1,可预约,￥0.0,雾,22,24,2,0.0,93,43
2026-05-21 21:00:56,2026-05-22,2,乒乓球厅-3号,12:00-12:55,0,1,可预约,￥0.0,雾,20,21,2,0.0,98,43
2026-05-21 21:30:46,2026-05-22,2,乒乓球厅-3号,12:00-12:55,0,1,可预约,￥0.0,雾,20,22,1,0.0,99,41
2026-05-21 22:01:02,2026-05-22,2,乒乓球厅-3号,12:00-12:55,0,1,可预约,￥0.0,雾,19,20,2,0.0,93,41
2026-05-21 22:30:47,2026-05-22,2,乒乓球厅-3号,12:00-12:55,0,1,可预约,￥0.0,雾,19,19,3,0.0,88,46
2026-05-21 23:00:56,2026-05-22,2,乒乓球厅-3号,12:00-12:55,0,1,可预约,￥0.0,多云,18,17,3,0.0,85,46
2026-05-21 23:30:55,2026-05-22,2,乒乓球厅-3号,12:00-12:55,0,1,可预约,￥0.0,多云,18,17,3,0.0,85,48
2026-05-21 08:00:45,2026-05-22,2,乒乓球厅-3号,12:55-13:50,0,1,可预约,￥0.0,晴,17,12,5,0.0,86,29
2026-05-21 08:02:30,2026-05-22,2,乒乓球厅-3号,12:55-13:50,0,1,可预约,￥0.0,多云,17,12,5,0.0,87,29
2026-05-21 08:05:36,2026-05-22,2,乒乓球厅-3号,12:55-13:50,0,1,可预约,￥0.0,多云,17,12,5,0.0,86,29
2026-05-21 08:08:31,2026-05-22,2,乒乓球厅-3号,12:55-13:50,0,1,可预约,￥0.0,多云,17,12,5,0.0,86,29
2026-05-21 08:11:30,2026-05-22,2,乒乓球厅-3号,12:55-13:50,0,1,可预约,￥0.0,多云,17,12,5,0.0,86,29
2026-05-21 08:14:31,2026-05-22,2,乒乓球厅-3号,12:55-13:50,0,1,可预约,￥0.0,多云,17,12,5,0.0,86,29
2026-05-21 08:17:30,2026-05-22,2,乒乓球厅-3号,12:55-13:50,0,1,可预约,￥0.0,多云,17,12,5,0.0,86,29
2026-05-21 08:20:35,2026-05-22,2,乒乓球厅-3号,12:55-13:50,0,1,可预约,￥0.0,多云,17,14,4,0.0,85,29
2026-05-21 08:25:32,2026-05-22,2,乒乓球厅-3号,12:55-13:50,0,1,可预约,￥0.0,多云,17,14,4,0.0,85,28
2026-05-21 08:30:42,2026-05-22,2,乒乓球厅-3号,12:55-13:50,0,1,可预约,￥0.0,多云,18,15,4,0.0,84,28
2026-05-21 08:35:31,2026-05-22,2,乒乓球厅-3号,12:55-13:50,0,1,可预约,￥0.0,多云,18,15,4,0.0,84,28
2026-05-21 08:40:38,2026-05-22,2,乒乓球厅-3号,12:55-13:50,0,1,可预约,￥0.0,多云,18,15,4,0.0,82,28
2026-05-21 08:45:33,2026-05-22,2,乒乓球厅-3号,12:55-13:50,0,1,可预约,￥0.0,多云,18,15,4,0.0,82,28
2026-05-21 08:50:36,2026-05-22,2,乒乓球厅-3号,12:55-13:50,0,1,可预约,￥0.0,多云,18,15,4,0.0,82,28
2026-05-21 08:55:34,2026-05-22,2,乒乓球厅-3号,12:55-13:50,0,1,可预约,￥0.0,多云,18,15,4,0.0,84,28
2026-05-21 09:00:51,2026-05-22,2,乒乓球厅-3号,12:55-13:50,0,1,可预约,￥0.0,多云,18,15,4,0.0,84,28
2026-05-21 09:01:59,2026-05-22,2,乒乓球厅-3号,12:55-13:50,0,1,可预约,￥0.0,多云,18,15,4,0.0,83,28
2026-05-21 09:05:33,2026-05-22,2,乒乓球厅-3号,12:55-13:50,0,1,可预约,￥0.0,多云,18,15,4,0.0,83,28
2026-05-21 09:20:38,2026-05-22,2,乒乓球厅-3号,12:55-13:50,0,1,可预约,￥0.0,多云,18,16,3,0.0,81,28
2026-05-21 09:30:46,2026-05-22,2,乒乓球厅-3号,12:55-13:50,0,1,可预约,￥0.0,多云,18,16,3,0.0,81,32
2026-05-21 09:40:36,2026-05-22,2,乒乓球厅-3号,12:55-13:50,0,1,可预约,￥0.0,多云,19,17,3,0.0,79,32
2026-05-21 09:50:42,2026-05-22,2,乒乓球厅-3号,12:55-13:50,0,1,可预约,￥0.0,多云,19,17,4,0.0,81,32
2026-05-21 10:00:46,2026-05-22,2,乒乓球厅-3号,12:55-13:50,0,1,可预约,￥0.0,多云,19,17,4,0.0,79,32
2026-05-21 10:10:40,2026-05-22,2,乒乓球厅-3号,12:55-13:50,0,1,可预约,￥0.0,多云,19,17,4,0.0,79,32
2026-05-21 10:20:38,2026-05-22,2,乒乓球厅-3号,12:55-13:50,0,1,可预约,￥0.0,多云,19,17,4,0.0,79,32
2026-05-21 10:30:41,2026-05-22,2,乒乓球厅-3号,12:55-13:50,0,1,可预约,￥0.0,多云,19,18,3,0.0,78,31
2026-05-21 11:00:44,2026-05-22,2,乒乓球厅-3号,12:55-13:50,0,1,可预约,￥0.0,多云,21,17,5,0.0,74,31
2026-05-21 11:30:38,2026-05-22,2,乒乓球厅-3号,12:55-13:50,0,1,可预约,￥0.0,多云,21,19,3,0.0,72,33
2026-05-21 12:00:46,2026-05-22,2,乒乓球厅-3号,12:55-13:50,0,1,可预约,￥0.0,多云,22,19,4,0.0,70,33
2026-05-21 12:30:42,2026-05-22,2,乒乓球厅-3号,12:55-13:50,0,1,可预约,￥0.0,多云,22,21,3,0.0,68,35
2026-05-21 13:00:43,2026-05-22,2,乒乓球厅-3号,12:55-13:50,0,1,可预约,￥0.0,多云,24,22,4,0.0,66,35
2026-05-21 13:30:43,2026-05-22,2,乒乓球厅-3号,12:55-13:50,0,1,可预约,￥0.0,多云,24,22,4,0.0,66,36
2026-05-21 14:00:48,2026-05-22,2,乒乓球厅-3号,12:55-13:50,0,1,可预约,￥0.0,多云,25,23,4,0.0,66,36
2026-05-21 14:30:45,2026-05-22,2,乒乓球厅-3号,12:55-13:50,0,1,可预约,￥0.0,晴,25,25,3,0.0,65,39
2026-05-21 15:00:45,2026-05-22,2,乒乓球厅-3号,12:55-13:50,0,1,可预约,￥0.0,晴,25,22,4,0.0,56,39
2026-05-21 15:30:43,2026-05-22,2,乒乓球厅-3号,12:55-13:50,0,1,可预约,￥0.0,晴,25,23,4,0.0,57,40
2026-05-21 16:00:51,2026-05-22,2,乒乓球厅-3号,12:55-13:50,0,1,可预约,￥0.0,晴,25,23,4,0.0,57,40
2026-05-21 16:30:48,2026-05-22,2,乒乓球厅-3号,12:55-13:50,0,1,可预约,￥0.0,晴,25,24,3,0.0,60,39
2026-05-21 17:00:49,2026-05-22,2,乒乓球厅-3号,12:55-13:50,0,1,可预约,￥0.0,晴,25,24,4,0.0,61,39
2026-05-21 17:30:47,2026-05-22,2,乒乓球厅-3号,12:55-13:50,0,1,可预约,￥0.0,多云,24,23,3,0.0,64,39
2026-05-21 18:00:50,2026-05-22,2,乒乓球厅-3号,12:55-13:50,0,1,可预约,￥0.0,多云,24,23,3,0.0,68,39
2026-05-21 18:30:50,2026-05-22,2,乒乓球厅-3号,12:55-13:50,0,1,可预约,￥0.0,阴,24,25,2,0.0,68,40
2026-05-21 19:00:50,2026-05-22,2,乒乓球厅-3号,12:55-13:50,0,1,可预约,￥0.0,阴,23,23,3,0.0,76,40
2026-05-21 19:30:46,2026-05-22,2,乒乓球厅-3号,12:55-13:50,0,1,可预约,￥0.0,阴,23,24,2,0.0,77,39
2026-05-21 20:00:49,2026-05-22,2,乒乓球厅-3号,12:55-13:50,0,1,可预约,￥0.0,雾,22,23,2,0.0,89,39
2026-05-21 20:30:44,2026-05-22,2,乒乓球厅-3号,12:55-13:50,0,1,可预约,￥0.0,雾,22,24,2,0.0,93,43
2026-05-21 21:00:56,2026-05-22,2,乒乓球厅-3号,12:55-13:50,0,1,可预约,￥0.0,雾,20,21,2,0.0,98,43
2026-05-21 21:30:46,2026-05-22,2,乒乓球厅-3号,12:55-13:50,0,1,可预约,￥0.0,雾,20,22,1,0.0,99,41
2026-05-21 22:01:02,2026-05-22,2,乒乓球厅-3号,12:55-13:50,0,1,可预约,￥0.0,雾,19,20,2,0.0,93,41
2026-05-21 22:30:47,2026-05-22,2,乒乓球厅-3号,12:55-13:50,0,1,可预约,￥0.0,雾,19,19,3,0.0,88,46
2026-05-21 23:00:56,2026-05-22,2,乒乓球厅-3号,12:55-13:50,0,1,可预约,￥0.0,多云,18,17,3,0.0,85,46
2026-05-21 23:30:55,2026-05-22,2,乒乓球厅-3号,12:55-13:50,0,1,可预约,￥0.0,多云,18,17,3,0.0,85,48
2026-05-21 08:00:45,2026-05-22,2,乒乓球厅-3号,14:00-15:00,1,1,已售/已满,教学时间,晴,17,12,5,0.0,86,29
2026-05-21 08:02:30,2026-05-22,2,乒乓球厅-3号,14:00-15:00,1,1,已售/已满,教学时间,多云,17,12,5,0.0,87,29
2026-05-21 08:05:36,2026-05-22,2,乒乓球厅-3号,14:00-15:00,1,1,已售/已满,教学时间,多云,17,12,5,0.0,86,29
2026-05-21 08:08:31,2026-05-22,2,乒乓球厅-3号,14:00-15:00,1,1,已售/已满,教学时间,多云,17,12,5,0.0,86,29
2026-05-21 08:11:30,2026-05-22,2,乒乓球厅-3号,14:00-15:00,1,1,已售/已满,教学时间,多云,17,12,5,0.0,86,29
2026-05-21 08:14:31,2026-05-22,2,乒乓球厅-3号,14:00-15:00,1,1,已售/已满,教学时间,多云,17,12,5,0.0,86,29
2026-05-21 08:17:30,2026-05-22,2,乒乓球厅-3号,14:00-15:00,1,1,已售/已满,教学时间,多云,17,12,5,0.0,86,29
2026-05-21 08:20:35,2026-05-22,2,乒乓球厅-3号,14:00-15:00,1,1,已售/已满,教学时间,多云,17,14,4,0.0,85,29
2026-05-21 08:25:32,2026-05-22,2,乒乓球厅-3号,14:00-15:00,1,1,已售/已满,教学时间,多云,17,14,4,0.0,85,28
2026-05-21 08:30:42,2026-05-22,2,乒乓球厅-3号,14:00-15:00,1,1,已售/已满,教学时间,多云,18,15,4,0.0,84,28
2026-05-21 08:35:31,2026-05-22,2,乒乓球厅-3号,14:00-15:00,1,1,已售/已满,教学时间,多云,18,15,4,0.0,84,28
2026-05-21 08:40:38,2026-05-22,2,乒乓球厅-3号,14:00-15:00,1,1,已售/已满,教学时间,多云,18,15,4,0.0,82,28
2026-05-21 08:45:33,2026-05-22,2,乒乓球厅-3号,14:00-15:00,1,1,已售/已满,教学时间,多云,18,15,4,0.0,82,28
2026-05-21 08:50:36,2026-05-22,2,乒乓球厅-3号,14:00-15:00,1,1,已售/已满,教学时间,多云,18,15,4,0.0,82,28
2026-05-21 08:55:34,2026-05-22,2,乒乓球厅-3号,14:00-15:00,1,1,已售/已满,教学时间,多云,18,15,4,0.0,84,28
2026-05-21 09:00:51,2026-05-22,2,乒乓球厅-3号,14:00-15:00,1,1,已售/已满,教学时间,多云,18,15,4,0.0,84,28
2026-05-21 09:01:59,2026-05-22,2,乒乓球厅-3号,14:00-15:00,1,1,已售/已满,教学时间,多云,18,15,4,0.0,83,28
2026-05-21 09:05:33,2026-05-22,2,乒乓球厅-3号,14:00-15:00,1,1,已售/已满,教学时间,多云,18,15,4,0.0,83,28
2026-05-21 09:20:38,2026-05-22,2,乒乓球厅-3号,14:00-15:00,1,1,已售/已满,教学时间,多云,18,16,3,0.0,81,28
2026-05-21 09:30:46,2026-05-22,2,乒乓球厅-3号,14:00-15:00,1,1,已售/已满,教学时间,多云,18,16,3,0.0,81,32
2026-05-21 09:40:36,2026-05-22,2,乒乓球厅-3号,14:00-15:00,1,1,已售/已满,教学时间,多云,19,17,3,0.0,79,32
2026-05-21 09:50:42,2026-05-22,2,乒乓球厅-3号,14:00-15:00,1,1,已售/已满,教学时间,多云,19,17,4,0.0,81,32
2026-05-21 10:00:46,2026-05-22,2,乒乓球厅-3号,14:00-15:00,1,1,已售/已满,教学时间,多云,19,17,4,0.0,79,32
2026-05-21 10:10:40,2026-05-22,2,乒乓球厅-3号,14:00-15:00,1,1,已售/已满,教学时间,多云,19,17,4,0.0,79,32
2026-05-21 10:20:38,2026-05-22,2,乒乓球厅-3号,14:00-15:00,1,1,已售/已满,教学时间,多云,19,17,4,0.0,79,32
2026-05-21 10:30:41,2026-05-22,2,乒乓球厅-3号,14:00-15:00,1,1,已售/已满,教学时间,多云,19,18,3,0.0,78,31
2026-05-21 11:00:44,2026-05-22,2,乒乓球厅-3号,14:00-15:00,1,1,已售/已满,教学时间,多云,21,17,5,0.0,74,31
2026-05-21 11:30:38,2026-05-22,2,乒乓球厅-3号,14:00-15:00,1,1,已售/已满,教学时间,多云,21,19,3,0.0,72,33
2026-05-21 12:00:46,2026-05-22,2,乒乓球厅-3号,14:00-15:00,1,1,已售/已满,教学时间,多云,22,19,4,0.0,70,33
2026-05-21 12:30:42,2026-05-22,2,乒乓球厅-3号,14:00-15:00,1,1,已售/已满,教学时间,多云,22,21,3,0.0,68,35
2026-05-21 13:00:43,2026-05-22,2,乒乓球厅-3号,14:00-15:00,1,1,已售/已满,教学时间,多云,24,22,4,0.0,66,35
2026-05-21 13:30:43,2026-05-22,2,乒乓球厅-3号,14:00-15:00,1,1,已售/已满,教学时间,多云,24,22,4,0.0,66,36
2026-05-21 14:00:48,2026-05-22,2,乒乓球厅-3号,14:00-15:00,1,1,已售/已满,教学时间,多云,25,23,4,0.0,66,36
2026-05-21 14:30:45,2026-05-22,2,乒乓球厅-3号,14:00-15:00,1,1,已售/已满,教学时间,晴,25,25,3,0.0,65,39
2026-05-21 15:00:45,2026-05-22,2,乒乓球厅-3号,14:00-15:00,1,1,已售/已满,教学时间,晴,25,22,4,0.0,56,39
2026-05-21 15:30:43,2026-05-22,2,乒乓球厅-3号,14:00-15:00,1,1,已售/已满,教学时间,晴,25,23,4,0.0,57,40
2026-05-21 16:00:51,2026-05-22,2,乒乓球厅-3号,14:00-15:00,1,1,已售/已满,教学时间,晴,25,23,4,0.0,57,40
2026-05-21 16:30:48,2026-05-22,2,乒乓球厅-3号,14:00-15:00,1,1,已售/已满,教学时间,晴,25,24,3,0.0,60,39
2026-05-21 17:00:49,2026-05-22,2,乒乓球厅-3号,14:00-15:00,1,1,已售/已满,教学时间,晴,25,24,4,0.0,61,39
2026-05-21 17:30:47,2026-05-22,2,乒乓球厅-3号,14:00-15:00,1,1,已售/已满,教学时间,多云,24,23,3,0.0,64,39
2026-05-21 18:00:50,2026-05-22,2,乒乓球厅-3号,14:00-15:00,1,1,已售/已满,教学时间,多云,24,23,3,0.0,68,39
2026-05-21 18:30:50,2026-05-22,2,乒乓球厅-3号,14:00-15:00,1,1,已售/已满,教学时间,阴,24,25,2,0.0,68,40
2026-05-21 19:00:50,2026-05-22,2,乒乓球厅-3号,14:00-15:00,1,1,已售/已满,教学时间,阴,23,23,3,0.0,76,40
2026-05-21 19:30:46,2026-05-22,2,乒乓球厅-3号,14:00-15:00,1,1,已售/已满,教学时间,阴,23,24,2,0.0,77,39
2026-05-21 20:00:49,2026-05-22,2,乒乓球厅-3号,14:00-15:00,1,1,已售/已满,教学时间,雾,22,23,2,0.0,89,39
2026-05-21 20:30:44,2026-05-22,2,乒乓球厅-3号,14:00-15:00,1,1,已售/已满,教学时间,雾,22,24,2,0.0,93,43
2026-05-21 21:00:56,2026-05-22,2,乒乓球厅-3号,14:00-15:00,1,1,已售/已满,教学时间,雾,20,21,2,0.0,98,43
2026-05-21 21:30:46,2026-05-22,2,乒乓球厅-3号,14:00-15:00,1,1,已售/已满,教学时间,雾,20,22,1,0.0,99,41
2026-05-21 22:01:02,2026-05-22,2,乒乓球厅-3号,14:00-15:00,1,1,已售/已满,教学时间,雾,19,20,2,0.0,93,41
2026-05-21 22:30:47,2026-05-22,2,乒乓球厅-3号,14:00-15:00,1,1,已售/已满,教学时间,雾,19,19,3,0.0,88,46
2026-05-21 23:00:56,2026-05-22,2,乒乓球厅-3号,14:00-15:00,1,1,已售/已满,教学时间,多云,18,17,3,0.0,85,46
2026-05-21 23:30:55,2026-05-22,2,乒乓球厅-3号,14:00-15:00,1,1,已售/已满,教学时间,多云,18,17,3,0.0,85,48
2026-05-21 08:00:45,2026-05-22,2,乒乓球厅-3号,15:00-16:00,1,1,已售/已满,教学时间,晴,17,12,5,0.0,86,29
2026-05-21 08:02:30,2026-05-22,2,乒乓球厅-3号,15:00-16:00,1,1,已售/已满,教学时间,多云,17,12,5,0.0,87,29
2026-05-21 08:05:36,2026-05-22,2,乒乓球厅-3号,15:00-16:00,1,1,已售/已满,教学时间,多云,17,12,5,0.0,86,29
2026-05-21 08:08:31,2026-05-22,2,乒乓球厅-3号,15:00-16:00,1,1,已售/已满,教学时间,多云,17,12,5,0.0,86,29
2026-05-21 08:11:30,2026-05-22,2,乒乓球厅-3号,15:00-16:00,1,1,已售/已满,教学时间,多云,17,12,5,0.0,86,29
2026-05-21 08:14:31,2026-05-22,2,乒乓球厅-3号,15:00-16:00,1,1,已售/已满,教学时间,多云,17,12,5,0.0,86,29
2026-05-21 08:17:30,2026-05-22,2,乒乓球厅-3号,15:00-16:00,1,1,已售/已满,教学时间,多云,17,12,5,0.0,86,29
2026-05-21 08:20:35,2026-05-22,2,乒乓球厅-3号,15:00-16:00,1,1,已售/已满,教学时间,多云,17,14,4,0.0,85,29
2026-05-21 08:25:32,2026-05-22,2,乒乓球厅-3号,15:00-16:00,1,1,已售/已满,教学时间,多云,17,14,4,0.0,85,28
2026-05-21 08:30:42,2026-05-22,2,乒乓球厅-3号,15:00-16:00,1,1,已售/已满,教学时间,多云,18,15,4,0.0,84,28
2026-05-21 08:35:31,2026-05-22,2,乒乓球厅-3号,15:00-16:00,1,1,已售/已满,教学时间,多云,18,15,4,0.0,84,28
2026-05-21 08:40:38,2026-05-22,2,乒乓球厅-3号,15:00-16:00,1,1,已售/已满,教学时间,多云,18,15,4,0.0,82,28
2026-05-21 08:45:33,2026-05-22,2,乒乓球厅-3号,15:00-16:00,1,1,已售/已满,教学时间,多云,18,15,4,0.0,82,28
2026-05-21 08:50:36,2026-05-22,2,乒乓球厅-3号,15:00-16:00,1,1,已售/已满,教学时间,多云,18,15,4,0.0,82,28
2026-05-21 08:55:34,2026-05-22,2,乒乓球厅-3号,15:00-16:00,1,1,已售/已满,教学时间,多云,18,15,4,0.0,84,28
2026-05-21 09:00:51,2026-05-22,2,乒乓球厅-3号,15:00-16:00,1,1,已售/已满,教学时间,多云,18,15,4,0.0,84,28
2026-05-21 09:01:59,2026-05-22,2,乒乓球厅-3号,15:00-16:00,1,1,已售/已满,教学时间,多云,18,15,4,0.0,83,28
2026-05-21 09:05:33,2026-05-22,2,乒乓球厅-3号,15:00-16:00,1,1,已售/已满,教学时间,多云,18,15,4,0.0,83,28
2026-05-21 09:20:38,2026-05-22,2,乒乓球厅-3号,15:00-16:00,1,1,已售/已满,教学时间,多云,18,16,3,0.0,81,28
2026-05-21 09:30:46,2026-05-22,2,乒乓球厅-3号,15:00-16:00,1,1,已售/已满,教学时间,多云,18,16,3,0.0,81,32
2026-05-21 09:40:36,2026-05-22,2,乒乓球厅-3号,15:00-16:00,1,1,已售/已满,教学时间,多云,19,17,3,0.0,79,32
2026-05-21 09:50:42,2026-05-22,2,乒乓球厅-3号,15:00-16:00,1,1,已售/已满,教学时间,多云,19,17,4,0.0,81,32
2026-05-21 10:00:46,2026-05-22,2,乒乓球厅-3号,15:00-16:00,1,1,已售/已满,教学时间,多云,19,17,4,0.0,79,32
2026-05-21 10:10:40,2026-05-22,2,乒乓球厅-3号,15:00-16:00,1,1,已售/已满,教学时间,多云,19,17,4,0.0,79,32
2026-05-21 10:20:38,2026-05-22,2,乒乓球厅-3号,15:00-16:00,1,1,已售/已满,教学时间,多云,19,17,4,0.0,79,32
2026-05-21 10:30:41,2026-05-22,2,乒乓球厅-3号,15:00-16:00,1,1,已售/已满,教学时间,多云,19,18,3,0.0,78,31
2026-05-21 11:00:44,2026-05-22,2,乒乓球厅-3号,15:00-16:00,1,1,已售/已满,教学时间,多云,21,17,5,0.0,74,31
2026-05-21 11:30:38,2026-05-22,2,乒乓球厅-3号,15:00-16:00,1,1,已售/已满,教学时间,多云,21,19,3,0.0,72,33
2026-05-21 12:00:46,2026-05-22,2,乒乓球厅-3号,15:00-16:00,1,1,已售/已满,教学时间,多云,22,19,4,0.0,70,33
2026-05-21 12:30:42,2026-05-22,2,乒乓球厅-3号,15:00-16:00,1,1,已售/已满,教学时间,多云,22,21,3,0.0,68,35
2026-05-21 13:00:43,2026-05-22,2,乒乓球厅-3号,15:00-16:00,1,1,已售/已满,教学时间,多云,24,22,4,0.0,66,35
2026-05-21 13:30:43,2026-05-22,2,乒乓球厅-3号,15:00-16:00,1,1,已售/已满,教学时间,多云,24,22,4,0.0,66,36
2026-05-21 14:00:48,2026-05-22,2,乒乓球厅-3号,15:00-16:00,1,1,已售/已满,教学时间,多云,25,23,4,0.0,66,36
2026-05-21 14:30:45,2026-05-22,2,乒乓球厅-3号,15:00-16:00,1,1,已售/已满,教学时间,晴,25,25,3,0.0,65,39
2026-05-21 15:00:45,2026-05-22,2,乒乓球厅-3号,15:00-16:00,1,1,已售/已满,教学时间,晴,25,22,4,0.0,56,39
2026-05-21 15:30:43,2026-05-22,2,乒乓球厅-3号,15:00-16:00,1,1,已售/已满,教学时间,晴,25,23,4,0.0,57,40
2026-05-21 16:00:51,2026-05-22,2,乒乓球厅-3号,15:00-16:00,1,1,已售/已满,教学时间,晴,25,23,4,0.0,57,40
2026-05-21 16:30:48,2026-05-22,2,乒乓球厅-3号,15:00-16:00,1,1,已售/已满,教学时间,晴,25,24,3,0.0,60,39
2026-05-21 17:00:49,2026-05-22,2,乒乓球厅-3号,15:00-16:00,1,1,已售/已满,教学时间,晴,25,24,4,0.0,61,39
2026-05-21 17:30:47,2026-05-22,2,乒乓球厅-3号,15:00-16:00,1,1,已售/已满,教学时间,多云,24,23,3,0.0,64,39
2026-05-21 18:00:50,2026-05-22,2,乒乓球厅-3号,15:00-16:00,1,1,已售/已满,教学时间,多云,24,23,3,0.0,68,39
2026-05-21 18:30:50,2026-05-22,2,乒乓球厅-3号,15:00-16:00,1,1,已售/已满,教学时间,阴,24,25,2,0.0,68,40
2026-05-21 19:00:50,2026-05-22,2,乒乓球厅-3号,15:00-16:00,1,1,已售/已满,教学时间,阴,23,23,3,0.0,76,40
2026-05-21 19:30:46,2026-05-22,2,乒乓球厅-3号,15:00-16:00,1,1,已售/已满,教学时间,阴,23,24,2,0.0,77,39
2026-05-21 20:00:49,2026-05-22,2,乒乓球厅-3号,15:00-16:00,1,1,已售/已满,教学时间,雾,22,23,2,0.0,89,39
2026-05-21 20:30:44,2026-05-22,2,乒乓球厅-3号,15:00-16:00,1,1,已售/已满,教学时间,雾,22,24,2,0.0,93,43
2026-05-21 21:00:56,2026-05-22,2,乒乓球厅-3号,15:00-16:00,1,1,已售/已满,教学时间,雾,20,21,2,0.0,98,43
2026-05-21 21:30:46,2026-05-22,2,乒乓球厅-3号,15:00-16:00,1,1,已售/已满,教学时间,雾,20,22,1,0.0,99,41
2026-05-21 22:01:02,2026-05-22,2,乒乓球厅-3号,15:00-16:00,1,1,已售/已满,教学时间,雾,19,20,2,0.0,93,41
2026-05-21 22:30:47,2026-05-22,2,乒乓球厅-3号,15:00-16:00,1,1,已售/已满,教学时间,雾,19,19,3,0.0,88,46
2026-05-21 23:00:56,2026-05-22,2,乒乓球厅-3号,15:00-16:00,1,1,已售/已满,教学时间,多云,18,17,3,0.0,85,46
2026-05-21 23:30:55,2026-05-22,2,乒乓球厅-3号,15:00-16:00,1,1,已售/已满,教学时间,多云,18,17,3,0.0,85,48
2026-05-21 08:00:45,2026-05-22,2,乒乓球厅-3号,16:00-17:00,0,1,可预约,￥5.0,晴,17,12,5,0.0,86,29
2026-05-21 08:02:30,2026-05-22,2,乒乓球厅-3号,16:00-17:00,0,1,可预约,￥5.0,多云,17,12,5,0.0,87,29
2026-05-21 08:05:36,2026-05-22,2,乒乓球厅-3号,16:00-17:00,0,1,可预约,￥5.0,多云,17,12,5,0.0,86,29
2026-05-21 08:08:31,2026-05-22,2,乒乓球厅-3号,16:00-17:00,0,1,可预约,￥5.0,多云,17,12,5,0.0,86,29
2026-05-21 08:11:30,2026-05-22,2,乒乓球厅-3号,16:00-17:00,0,1,可预约,￥5.0,多云,17,12,5,0.0,86,29
2026-05-21 08:14:31,2026-05-22,2,乒乓球厅-3号,16:00-17:00,0,1,可预约,￥5.0,多云,17,12,5,0.0,86,29
2026-05-21 08:17:30,2026-05-22,2,乒乓球厅-3号,16:00-17:00,0,1,可预约,￥5.0,多云,17,12,5,0.0,86,29
2026-05-21 08:20:35,2026-05-22,2,乒乓球厅-3号,16:00-17:00,0,1,可预约,￥5.0,多云,17,14,4,0.0,85,29
2026-05-21 08:25:32,2026-05-22,2,乒乓球厅-3号,16:00-17:00,0,1,可预约,￥5.0,多云,17,14,4,0.0,85,28
2026-05-21 08:30:42,2026-05-22,2,乒乓球厅-3号,16:00-17:00,0,1,可预约,￥5.0,多云,18,15,4,0.0,84,28
2026-05-21 08:35:31,2026-05-22,2,乒乓球厅-3号,16:00-17:00,0,1,可预约,￥5.0,多云,18,15,4,0.0,84,28
2026-05-21 08:40:38,2026-05-22,2,乒乓球厅-3号,16:00-17:00,0,1,可预约,￥5.0,多云,18,15,4,0.0,82,28
2026-05-21 08:45:33,2026-05-22,2,乒乓球厅-3号,16:00-17:00,0,1,可预约,￥5.0,多云,18,15,4,0.0,82,28
2026-05-21 08:50:36,2026-05-22,2,乒乓球厅-3号,16:00-17:00,0,1,可预约,￥5.0,多云,18,15,4,0.0,82,28
2026-05-21 08:55:34,2026-05-22,2,乒乓球厅-3号,16:00-17:00,0,1,可预约,￥5.0,多云,18,15,4,0.0,84,28
2026-05-21 09:00:51,2026-05-22,2,乒乓球厅-3号,16:00-17:00,0,1,可预约,￥5.0,多云,18,15,4,0.0,84,28
2026-05-21 09:01:59,2026-05-22,2,乒乓球厅-3号,16:00-17:00,0,1,可预约,￥5.0,多云,18,15,4,0.0,83,28
2026-05-21 09:05:33,2026-05-22,2,乒乓球厅-3号,16:00-17:00,0,1,可预约,￥5.0,多云,18,15,4,0.0,83,28
2026-05-21 09:20:38,2026-05-22,2,乒乓球厅-3号,16:00-17:00,0,1,可预约,￥5.0,多云,18,16,3,0.0,81,28
2026-05-21 09:30:46,2026-05-22,2,乒乓球厅-3号,16:00-17:00,0,1,可预约,￥5.0,多云,18,16,3,0.0,81,32
2026-05-21 09:40:36,2026-05-22,2,乒乓球厅-3号,16:00-17:00,0,1,可预约,￥5.0,多云,19,17,3,0.0,79,32
2026-05-21 09:50:42,2026-05-22,2,乒乓球厅-3号,16:00-17:00,0,1,可预约,￥5.0,多云,19,17,4,0.0,81,32
2026-05-21 10:00:46,2026-05-22,2,乒乓球厅-3号,16:00-17:00,0,1,可预约,￥5.0,多云,19,17,4,0.0,79,32
2026-05-21 10:10:40,2026-05-22,2,乒乓球厅-3号,16:00-17:00,0,1,可预约,￥5.0,多云,19,17,4,0.0,79,32
2026-05-21 10:20:38,2026-05-22,2,乒乓球厅-3号,16:00-17:00,0,1,可预约,￥5.0,多云,19,17,4,0.0,79,32
2026-05-21 10:30:41,2026-05-22,2,乒乓球厅-3号,16:00-17:00,0,1,可预约,￥5.0,多云,19,18,3,0.0,78,31
2026-05-21 11:00:44,2026-05-22,2,乒乓球厅-3号,16:00-17:00,0,1,可预约,￥5.0,多云,21,17,5,0.0,74,31
2026-05-21 11:30:38,2026-05-22,2,乒乓球厅-3号,16:00-17:00,0,1,可预约,￥5.0,多云,21,19,3,0.0,72,33
2026-05-21 12:00:46,2026-05-22,2,乒乓球厅-3号,16:00-17:00,0,1,可预约,￥5.0,多云,22,19,4,0.0,70,33
2026-05-21 12:30:42,2026-05-22,2,乒乓球厅-3号,16:00-17:00,0,1,可预约,￥5.0,多云,22,21,3,0.0,68,35
2026-05-21 13:00:43,2026-05-22,2,乒乓球厅-3号,16:00-17:00,0,1,可预约,￥5.0,多云,24,22,4,0.0,66,35
2026-05-21 13:30:43,2026-05-22,2,乒乓球厅-3号,16:00-17:00,0,1,可预约,￥5.0,多云,24,22,4,0.0,66,36
2026-05-21 14:00:48,2026-05-22,2,乒乓球厅-3号,16:00-17:00,0,1,可预约,￥5.0,多云,25,23,4,0.0,66,36
2026-05-21 14:30:45,2026-05-22,2,乒乓球厅-3号,16:00-17:00,0,1,可预约,￥5.0,晴,25,25,3,0.0,65,39
2026-05-21 15:00:45,2026-05-22,2,乒乓球厅-3号,16:00-17:00,0,1,可预约,￥5.0,晴,25,22,4,0.0,56,39
2026-05-21 15:30:43,2026-05-22,2,乒乓球厅-3号,16:00-17:00,0,1,可预约,￥5.0,晴,25,23,4,0.0,57,40
2026-05-21 16:00:51,2026-05-22,2,乒乓球厅-3号,16:00-17:00,0,1,可预约,￥5.0,晴,25,23,4,0.0,57,40
2026-05-21 16:30:48,2026-05-22,2,乒乓球厅-3号,16:00-17:00,0,1,可预约,￥5.0,晴,25,24,3,0.0,60,39
2026-05-21 17:00:49,2026-05-22,2,乒乓球厅-3号,16:00-17:00,0,1,可预约,￥5.0,晴,25,24,4,0.0,61,39
2026-05-21 17:30:47,2026-05-22,2,乒乓球厅-3号,16:00-17:00,0,1,可预约,￥5.0,多云,24,23,3,0.0,64,39
2026-05-21 18:00:50,2026-05-22,2,乒乓球厅-3号,16:00-17:00,0,1,可预约,￥5.0,多云,24,23,3,0.0,68,39
2026-05-21 18:30:50,2026-05-22,2,乒乓球厅-3号,16:00-17:00,0,1,可预约,￥5.0,阴,24,25,2,0.0,68,40
2026-05-21 19:00:50,2026-05-22,2,乒乓球厅-3号,16:00-17:00,0,1,可预约,￥5.0,阴,23,23,3,0.0,76,40
2026-05-21 19:30:46,2026-05-22,2,乒乓球厅-3号,16:00-17:00,0,1,可预约,￥5.0,阴,23,24,2,0.0,77,39
2026-05-21 20:00:49,2026-05-22,2,乒乓球厅-3号,16:00-17:00,0,1,可预约,￥5.0,雾,22,23,2,0.0,89,39
2026-05-21 20:30:44,2026-05-22,2,乒乓球厅-3号,16:00-17:00,0,1,可预约,￥5.0,雾,22,24,2,0.0,93,43
2026-05-21 21:00:56,2026-05-22,2,乒乓球厅-3号,16:00-17:00,0,1,可预约,￥5.0,雾,20,21,2,0.0,98,43
2026-05-21 21:30:46,2026-05-22,2,乒乓球厅-3号,16:00-17:00,0,1,可预约,￥5.0,雾,20,22,1,0.0,99,41
2026-05-21 22:01:02,2026-05-22,2,乒乓球厅-3号,16:00-17:00,0,1,可预约,￥5.0,雾,19,20,2,0.0,93,41
2026-05-21 22:30:47,2026-05-22,2,乒乓球厅-3号,16:00-17:00,0,1,可预约,￥5.0,雾,19,19,3,0.0,88,46
2026-05-21 23:00:56,2026-05-22,2,乒乓球厅-3号,16:00-17:00,0,1,可预约,￥5.0,多云,18,17,3,0.0,85,46
2026-05-21 23:30:55,2026-05-22,2,乒乓球厅-3号,16:00-17:00,0,1,可预约,￥5.0,多云,18,17,3,0.0,85,48
2026-05-21 08:00:45,2026-05-22,2,乒乓球厅-3号,17:00-18:00,0,1,可预约,￥5.0,晴,17,12,5,0.0,86,29
2026-05-21 08:02:30,2026-05-22,2,乒乓球厅-3号,17:00-18:00,0,1,可预约,￥5.0,多云,17,12,5,0.0,87,29
2026-05-21 08:05:36,2026-05-22,2,乒乓球厅-3号,17:00-18:00,0,1,可预约,￥5.0,多云,17,12,5,0.0,86,29
2026-05-21 08:08:31,2026-05-22,2,乒乓球厅-3号,17:00-18:00,0,1,可预约,￥5.0,多云,17,12,5,0.0,86,29
2026-05-21 08:11:30,2026-05-22,2,乒乓球厅-3号,17:00-18:00,0,1,可预约,￥5.0,多云,17,12,5,0.0,86,29
2026-05-21 08:14:31,2026-05-22,2,乒乓球厅-3号,17:00-18:00,0,1,可预约,￥5.0,多云,17,12,5,0.0,86,29
2026-05-21 08:17:30,2026-05-22,2,乒乓球厅-3号,17:00-18:00,0,1,可预约,￥5.0,多云,17,12,5,0.0,86,29
2026-05-21 08:20:35,2026-05-22,2,乒乓球厅-3号,17:00-18:00,0,1,可预约,￥5.0,多云,17,14,4,0.0,85,29
2026-05-21 08:25:32,2026-05-22,2,乒乓球厅-3号,17:00-18:00,0,1,可预约,￥5.0,多云,17,14,4,0.0,85,28
2026-05-21 08:30:42,2026-05-22,2,乒乓球厅-3号,17:00-18:00,0,1,可预约,￥5.0,多云,18,15,4,0.0,84,28
2026-05-21 08:35:31,2026-05-22,2,乒乓球厅-3号,17:00-18:00,0,1,可预约,￥5.0,多云,18,15,4,0.0,84,28
2026-05-21 08:40:38,2026-05-22,2,乒乓球厅-3号,17:00-18:00,0,1,可预约,￥5.0,多云,18,15,4,0.0,82,28
2026-05-21 08:45:33,2026-05-22,2,乒乓球厅-3号,17:00-18:00,0,1,可预约,￥5.0,多云,18,15,4,0.0,82,28
2026-05-21 08:50:36,2026-05-22,2,乒乓球厅-3号,17:00-18:00,0,1,可预约,￥5.0,多云,18,15,4,0.0,82,28
2026-05-21 08:55:34,2026-05-22,2,乒乓球厅-3号,17:00-18:00,0,1,可预约,￥5.0,多云,18,15,4,0.0,84,28
2026-05-21 09:00:51,2026-05-22,2,乒乓球厅-3号,17:00-18:00,0,1,可预约,￥5.0,多云,18,15,4,0.0,84,28
2026-05-21 09:01:59,2026-05-22,2,乒乓球厅-3号,17:00-18:00,0,1,可预约,￥5.0,多云,18,15,4,0.0,83,28
2026-05-21 09:05:33,2026-05-22,2,乒乓球厅-3号,17:00-18:00,0,1,可预约,￥5.0,多云,18,15,4,0.0,83,28
2026-05-21 09:20:38,2026-05-22,2,乒乓球厅-3号,17:00-18:00,0,1,可预约,￥5.0,多云,18,16,3,0.0,81,28
2026-05-21 09:30:46,2026-05-22,2,乒乓球厅-3号,17:00-18:00,0,1,可预约,￥5.0,多云,18,16,3,0.0,81,32
2026-05-21 09:40:36,2026-05-22,2,乒乓球厅-3号,17:00-18:00,0,1,可预约,￥5.0,多云,19,17,3,0.0,79,32
2026-05-21 09:50:42,2026-05-22,2,乒乓球厅-3号,17:00-18:00,0,1,可预约,￥5.0,多云,19,17,4,0.0,81,32
2026-05-21 10:00:46,2026-05-22,2,乒乓球厅-3号,17:00-18:00,0,1,可预约,￥5.0,多云,19,17,4,0.0,79,32
2026-05-21 10:10:40,2026-05-22,2,乒乓球厅-3号,17:00-18:00,0,1,可预约,￥5.0,多云,19,17,4,0.0,79,32
2026-05-21 10:20:38,2026-05-22,2,乒乓球厅-3号,17:00-18:00,0,1,可预约,￥5.0,多云,19,17,4,0.0,79,32
2026-05-21 10:30:41,2026-05-22,2,乒乓球厅-3号,17:00-18:00,0,1,可预约,￥5.0,多云,19,18,3,0.0,78,31
2026-05-21 11:00:44,2026-05-22,2,乒乓球厅-3号,17:00-18:00,0,1,可预约,￥5.0,多云,21,17,5,0.0,74,31
2026-05-21 11:30:38,2026-05-22,2,乒乓球厅-3号,17:00-18:00,0,1,可预约,￥5.0,多云,21,19,3,0.0,72,33
2026-05-21 12:00:46,2026-05-22,2,乒乓球厅-3号,17:00-18:00,0,1,可预约,￥5.0,多云,22,19,4,0.0,70,33
2026-05-21 12:30:42,2026-05-22,2,乒乓球厅-3号,17:00-18:00,0,1,可预约,￥5.0,多云,22,21,3,0.0,68,35
2026-05-21 13:00:43,2026-05-22,2,乒乓球厅-3号,17:00-18:00,0,1,可预约,￥5.0,多云,24,22,4,0.0,66,35
2026-05-21 13:30:43,2026-05-22,2,乒乓球厅-3号,17:00-18:00,0,1,可预约,￥5.0,多云,24,22,4,0.0,66,36
2026-05-21 14:00:48,2026-05-22,2,乒乓球厅-3号,17:00-18:00,0,1,可预约,￥5.0,多云,25,23,4,0.0,66,36
2026-05-21 14:30:45,2026-05-22,2,乒乓球厅-3号,17:00-18:00,0,1,可预约,￥5.0,晴,25,25,3,0.0,65,39
2026-05-21 15:00:45,2026-05-22,2,乒乓球厅-3号,17:00-18:00,0,1,可预约,￥5.0,晴,25,22,4,0.0,56,39
2026-05-21 15:30:43,2026-05-22,2,乒乓球厅-3号,17:00-18:00,0,1,可预约,￥5.0,晴,25,23,4,0.0,57,40
2026-05-21 16:00:51,2026-05-22,2,乒乓球厅-3号,17:00-18:00,0,1,可预约,￥5.0,晴,25,23,4,0.0,57,40
2026-05-21 16:30:48,2026-05-22,2,乒乓球厅-3号,17:00-18:00,0,1,可预约,￥5.0,晴,25,24,3,0.0,60,39
2026-05-21 17:00:49,2026-05-22,2,乒乓球厅-3号,17:00-18:00,0,1,可预约,￥5.0,晴,25,24,4,0.0,61,39
2026-05-21 17:30:47,2026-05-22,2,乒乓球厅-3号,17:00-18:00,0,1,可预约,￥5.0,多云,24,23,3,0.0,64,39
2026-05-21 18:00:50,2026-05-22,2,乒乓球厅-3号,17:00-18:00,0,1,可预约,￥5.0,多云,24,23,3,0.0,68,39
2026-05-21 18:30:50,2026-05-22,2,乒乓球厅-3号,17:00-18:00,0,1,可预约,￥5.0,阴,24,25,2,0.0,68,40
2026-05-21 19:00:50,2026-05-22,2,乒乓球厅-3号,17:00-18:00,0,1,可预约,￥5.0,阴,23,23,3,0.0,76,40
2026-05-21 19:30:46,2026-05-22,2,乒乓球厅-3号,17:00-18:00,0,1,可预约,￥5.0,阴,23,24,2,0.0,77,39
2026-05-21 20:00:49,2026-05-22,2,乒乓球厅-3号,17:00-18:00,0,1,可预约,￥5.0,雾,22,23,2,0.0,89,39
2026-05-21 20:30:44,2026-05-22,2,乒乓球厅-3号,17:00-18:00,0,1,可预约,￥5.0,雾,22,24,2,0.0,93,43
2026-05-21 21:00:56,2026-05-22,2,乒乓球厅-3号,17:00-18:00,0,1,可预约,￥5.0,雾,20,21,2,0.0,98,43
2026-05-21 21:30:46,2026-05-22,2,乒乓球厅-3号,17:00-18:00,0,1,可预约,￥5.0,雾,20,22,1,0.0,99,41
2026-05-21 22:01:02,2026-05-22,2,乒乓球厅-3号,17:00-18:00,0,1,可预约,￥5.0,雾,19,20,2,0.0,93,41
2026-05-21 22:30:47,2026-05-22,2,乒乓球厅-3号,17:00-18:00,0,1,可预约,￥5.0,雾,19,19,3,0.0,88,46
2026-05-21 23:00:56,2026-05-22,2,乒乓球厅-3号,17:00-18:00,0,1,可预约,￥5.0,多云,18,17,3,0.0,85,46
2026-05-21 23:30:55,2026-05-22,2,乒乓球厅-3号,17:00-18:00,0,1,可预约,￥5.0,多云,18,17,3,0.0,85,48
2026-05-21 08:00:45,2026-05-22,2,乒乓球厅-3号,18:30-19:30,0,1,可预约,￥5.0,晴,17,12,5,0.0,86,29
2026-05-21 08:02:30,2026-05-22,2,乒乓球厅-3号,18:30-19:30,0,1,可预约,￥5.0,多云,17,12,5,0.0,87,29
2026-05-21 08:05:36,2026-05-22,2,乒乓球厅-3号,18:30-19:30,0,1,可预约,￥5.0,多云,17,12,5,0.0,86,29
2026-05-21 08:08:31,2026-05-22,2,乒乓球厅-3号,18:30-19:30,0,1,可预约,￥5.0,多云,17,12,5,0.0,86,29
2026-05-21 08:11:30,2026-05-22,2,乒乓球厅-3号,18:30-19:30,0,1,可预约,￥5.0,多云,17,12,5,0.0,86,29
2026-05-21 08:14:31,2026-05-22,2,乒乓球厅-3号,18:30-19:30,0,1,可预约,￥5.0,多云,17,12,5,0.0,86,29
2026-05-21 08:17:30,2026-05-22,2,乒乓球厅-3号,18:30-19:30,0,1,可预约,￥5.0,多云,17,12,5,0.0,86,29
2026-05-21 08:20:35,2026-05-22,2,乒乓球厅-3号,18:30-19:30,0,1,可预约,￥5.0,多云,17,14,4,0.0,85,29
2026-05-21 08:25:32,2026-05-22,2,乒乓球厅-3号,18:30-19:30,0,1,可预约,￥5.0,多云,17,14,4,0.0,85,28
2026-05-21 08:30:42,2026-05-22,2,乒乓球厅-3号,18:30-19:30,0,1,可预约,￥5.0,多云,18,15,4,0.0,84,28
2026-05-21 08:35:31,2026-05-22,2,乒乓球厅-3号,18:30-19:30,0,1,可预约,￥5.0,多云,18,15,4,0.0,84,28
2026-05-21 08:40:38,2026-05-22,2,乒乓球厅-3号,18:30-19:30,0,1,可预约,￥5.0,多云,18,15,4,0.0,82,28
2026-05-21 08:45:33,2026-05-22,2,乒乓球厅-3号,18:30-19:30,0,1,可预约,￥5.0,多云,18,15,4,0.0,82,28
2026-05-21 08:50:36,2026-05-22,2,乒乓球厅-3号,18:30-19:30,0,1,可预约,￥5.0,多云,18,15,4,0.0,82,28
2026-05-21 08:55:34,2026-05-22,2,乒乓球厅-3号,18:30-19:30,0,1,可预约,￥5.0,多云,18,15,4,0.0,84,28
2026-05-21 09:00:51,2026-05-22,2,乒乓球厅-3号,18:30-19:30,0,1,可预约,￥5.0,多云,18,15,4,0.0,84,28
2026-05-21 09:01:59,2026-05-22,2,乒乓球厅-3号,18:30-19:30,0,1,可预约,￥5.0,多云,18,15,4,0.0,83,28
2026-05-21 09:05:33,2026-05-22,2,乒乓球厅-3号,18:30-19:30,0,1,可预约,￥5.0,多云,18,15,4,0.0,83,28
2026-05-21 09:20:38,2026-05-22,2,乒乓球厅-3号,18:30-19:30,0,1,可预约,￥5.0,多云,18,16,3,0.0,81,28
2026-05-21 09:30:46,2026-05-22,2,乒乓球厅-3号,18:30-19:30,0,1,可预约,￥5.0,多云,18,16,3,0.0,81,32
2026-05-21 09:40:36,2026-05-22,2,乒乓球厅-3号,18:30-19:30,0,1,可预约,￥5.0,多云,19,17,3,0.0,79,32
2026-05-21 09:50:42,2026-05-22,2,乒乓球厅-3号,18:30-19:30,0,1,可预约,￥5.0,多云,19,17,4,0.0,81,32
2026-05-21 10:00:46,2026-05-22,2,乒乓球厅-3号,18:30-19:30,0,1,可预约,￥5.0,多云,19,17,4,0.0,79,32
2026-05-21 10:10:40,2026-05-22,2,乒乓球厅-3号,18:30-19:30,0,1,可预约,￥5.0,多云,19,17,4,0.0,79,32
2026-05-21 10:20:38,2026-05-22,2,乒乓球厅-3号,18:30-19:30,0,1,可预约,￥5.0,多云,19,17,4,0.0,79,32
2026-05-21 10:30:41,2026-05-22,2,乒乓球厅-3号,18:30-19:30,0,1,可预约,￥5.0,多云,19,18,3,0.0,78,31
2026-05-21 11:00:44,2026-05-22,2,乒乓球厅-3号,18:30-19:30,0,1,可预约,￥5.0,多云,21,17,5,0.0,74,31
2026-05-21 11:30:38,2026-05-22,2,乒乓球厅-3号,18:30-19:30,0,1,可预约,￥5.0,多云,21,19,3,0.0,72,33
2026-05-21 12:00:46,2026-05-22,2,乒乓球厅-3号,18:30-19:30,0,1,可预约,￥5.0,多云,22,19,4,0.0,70,33
2026-05-21 12:30:42,2026-05-22,2,乒乓球厅-3号,18:30-19:30,0,1,可预约,￥5.0,多云,22,21,3,0.0,68,35
2026-05-21 13:00:43,2026-05-22,2,乒乓球厅-3号,18:30-19:30,0,1,可预约,￥5.0,多云,24,22,4,0.0,66,35
2026-05-21 13:30:43,2026-05-22,2,乒乓球厅-3号,18:30-19:30,0,1,可预约,￥5.0,多云,24,22,4,0.0,66,36
2026-05-21 14:00:48,2026-05-22,2,乒乓球厅-3号,18:30-19:30,0,1,可预约,￥5.0,多云,25,23,4,0.0,66,36
2026-05-21 14:30:45,2026-05-22,2,乒乓球厅-3号,18:30-19:30,0,1,可预约,￥5.0,晴,25,25,3,0.0,65,39
2026-05-21 15:00:45,2026-05-22,2,乒乓球厅-3号,18:30-19:30,0,1,可预约,￥5.0,晴,25,22,4,0.0,56,39
2026-05-21 15:30:43,2026-05-22,2,乒乓球厅-3号,18:30-19:30,0,1,可预约,￥5.0,晴,25,23,4,0.0,57,40
2026-05-21 16:00:51,2026-05-22,2,乒乓球厅-3号,18:30-19:30,0,1,可预约,￥5.0,晴,25,23,4,0.0,57,40
2026-05-21 16:30:48,2026-05-22,2,乒乓球厅-3号,18:30-19:30,0,1,可预约,￥5.0,晴,25,24,3,0.0,60,39
2026-05-21 17:00:49,2026-05-22,2,乒乓球厅-3号,18:30-19:30,0,1,可预约,￥5.0,晴,25,24,4,0.0,61,39
2026-05-21 17:30:47,2026-05-22,2,乒乓球厅-3号,18:30-19:30,0,1,可预约,￥5.0,多云,24,23,3,0.0,64,39
2026-05-21 18:00:50,2026-05-22,2,乒乓球厅-3号,18:30-19:30,0,1,可预约,￥5.0,多云,24,23,3,0.0,68,39
2026-05-21 18:30:50,2026-05-22,2,乒乓球厅-3号,18:30-19:30,0,1,可预约,￥5.0,阴,24,25,2,0.0,68,40
2026-05-21 19:00:50,2026-05-22,2,乒乓球厅-3号,18:30-19:30,0,1,可预约,￥5.0,阴,23,23,3,0.0,76,40
2026-05-21 19:30:46,2026-05-22,2,乒乓球厅-3号,18:30-19:30,0,1,可预约,￥5.0,阴,23,24,2,0.0,77,39
2026-05-21 20:00:49,2026-05-22,2,乒乓球厅-3号,18:30-19:30,0,1,可预约,￥5.0,雾,22,23,2,0.0,89,39
2026-05-21 20:30:44,2026-05-22,2,乒乓球厅-3号,18:30-19:30,0,1,可预约,￥5.0,雾,22,24,2,0.0,93,43
2026-05-21 21:00:56,2026-05-22,2,乒乓球厅-3号,18:30-19:30,0,1,可预约,￥5.0,雾,20,21,2,0.0,98,43
2026-05-21 21:30:46,2026-05-22,2,乒乓球厅-3号,18:30-19:30,0,1,可预约,￥5.0,雾,20,22,1,0.0,99,41
2026-05-21 22:01:02,2026-05-22,2,乒乓球厅-3号,18:30-19:30,0,1,可预约,￥5.0,雾,19,20,2,0.0,93,41
2026-05-21 22:30:47,2026-05-22,2,乒乓球厅-3号,18:30-19:30,0,1,可预约,￥5.0,雾,19,19,3,0.0,88,46
2026-05-21 23:00:56,2026-05-22,2,乒乓球厅-3号,18:30-19:30,0,1,可预约,￥5.0,多云,18,17,3,0.0,85,46
2026-05-21 23:30:55,2026-05-22,2,乒乓球厅-3号,18:30-19:30,0,1,可预约,￥5.0,多云,18,17,3,0.0,85,48
2026-05-21 08:00:45,2026-05-22,2,乒乓球厅-3号,19:30-20:30,0,1,可预约,￥5.0,晴,17,12,5,0.0,86,29
2026-05-21 08:02:30,2026-05-22,2,乒乓球厅-3号,19:30-20:30,0,1,可预约,￥5.0,多云,17,12,5,0.0,87,29
2026-05-21 08:05:36,2026-05-22,2,乒乓球厅-3号,19:30-20:30,0,1,可预约,￥5.0,多云,17,12,5,0.0,86,29
2026-05-21 08:08:31,2026-05-22,2,乒乓球厅-3号,19:30-20:30,0,1,可预约,￥5.0,多云,17,12,5,0.0,86,29
2026-05-21 08:11:30,2026-05-22,2,乒乓球厅-3号,19:30-20:30,0,1,可预约,￥5.0,多云,17,12,5,0.0,86,29
2026-05-21 08:14:31,2026-05-22,2,乒乓球厅-3号,19:30-20:30,0,1,可预约,￥5.0,多云,17,12,5,0.0,86,29
2026-05-21 08:17:30,2026-05-22,2,乒乓球厅-3号,19:30-20:30,0,1,可预约,￥5.0,多云,17,12,5,0.0,86,29
2026-05-21 08:20:35,2026-05-22,2,乒乓球厅-3号,19:30-20:30,0,1,可预约,￥5.0,多云,17,14,4,0.0,85,29
2026-05-21 08:25:32,2026-05-22,2,乒乓球厅-3号,19:30-20:30,0,1,可预约,￥5.0,多云,17,14,4,0.0,85,28
2026-05-21 08:30:42,2026-05-22,2,乒乓球厅-3号,19:30-20:30,0,1,可预约,￥5.0,多云,18,15,4,0.0,84,28
2026-05-21 08:35:31,2026-05-22,2,乒乓球厅-3号,19:30-20:30,0,1,可预约,￥5.0,多云,18,15,4,0.0,84,28
2026-05-21 08:40:38,2026-05-22,2,乒乓球厅-3号,19:30-20:30,0,1,可预约,￥5.0,多云,18,15,4,0.0,82,28
2026-05-21 08:45:33,2026-05-22,2,乒乓球厅-3号,19:30-20:30,0,1,可预约,￥5.0,多云,18,15,4,0.0,82,28
2026-05-21 08:50:36,2026-05-22,2,乒乓球厅-3号,19:30-20:30,0,1,可预约,￥5.0,多云,18,15,4,0.0,82,28
2026-05-21 08:55:34,2026-05-22,2,乒乓球厅-3号,19:30-20:30,0,1,可预约,￥5.0,多云,18,15,4,0.0,84,28
2026-05-21 09:00:51,2026-05-22,2,乒乓球厅-3号,19:30-20:30,0,1,可预约,￥5.0,多云,18,15,4,0.0,84,28
2026-05-21 09:01:59,2026-05-22,2,乒乓球厅-3号,19:30-20:30,0,1,可预约,￥5.0,多云,18,15,4,0.0,83,28
2026-05-21 09:05:33,2026-05-22,2,乒乓球厅-3号,19:30-20:30,0,1,可预约,￥5.0,多云,18,15,4,0.0,83,28
2026-05-21 09:20:38,2026-05-22,2,乒乓球厅-3号,19:30-20:30,0,1,可预约,￥5.0,多云,18,16,3,0.0,81,28
2026-05-21 09:30:46,2026-05-22,2,乒乓球厅-3号,19:30-20:30,0,1,可预约,￥5.0,多云,18,16,3,0.0,81,32
2026-05-21 09:40:36,2026-05-22,2,乒乓球厅-3号,19:30-20:30,0,1,可预约,￥5.0,多云,19,17,3,0.0,79,32
2026-05-21 09:50:42,2026-05-22,2,乒乓球厅-3号,19:30-20:30,0,1,可预约,￥5.0,多云,19,17,4,0.0,81,32
2026-05-21 10:00:46,2026-05-22,2,乒乓球厅-3号,19:30-20:30,0,1,可预约,￥5.0,多云,19,17,4,0.0,79,32
2026-05-21 10:10:40,2026-05-22,2,乒乓球厅-3号,19:30-20:30,0,1,可预约,￥5.0,多云,19,17,4,0.0,79,32
2026-05-21 10:20:38,2026-05-22,2,乒乓球厅-3号,19:30-20:30,0,1,可预约,￥5.0,多云,19,17,4,0.0,79,32
2026-05-21 10:30:41,2026-05-22,2,乒乓球厅-3号,19:30-20:30,0,1,可预约,￥5.0,多云,19,18,3,0.0,78,31
2026-05-21 11:00:44,2026-05-22,2,乒乓球厅-3号,19:30-20:30,0,1,可预约,￥5.0,多云,21,17,5,0.0,74,31
2026-05-21 11:30:38,2026-05-22,2,乒乓球厅-3号,19:30-20:30,0,1,可预约,￥5.0,多云,21,19,3,0.0,72,33
2026-05-21 12:00:46,2026-05-22,2,乒乓球厅-3号,19:30-20:30,0,1,可预约,￥5.0,多云,22,19,4,0.0,70,33
2026-05-21 12:30:42,2026-05-22,2,乒乓球厅-3号,19:30-20:30,0,1,可预约,￥5.0,多云,22,21,3,0.0,68,35
2026-05-21 13:00:43,2026-05-22,2,乒乓球厅-3号,19:30-20:30,0,1,可预约,￥5.0,多云,24,22,4,0.0,66,35
2026-05-21 13:30:43,2026-05-22,2,乒乓球厅-3号,19:30-20:30,0,1,可预约,￥5.0,多云,24,22,4,0.0,66,36
2026-05-21 14:00:48,2026-05-22,2,乒乓球厅-3号,19:30-20:30,0,1,可预约,￥5.0,多云,25,23,4,0.0,66,36
2026-05-21 14:30:45,2026-05-22,2,乒乓球厅-3号,19:30-20:30,0,1,可预约,￥5.0,晴,25,25,3,0.0,65,39
2026-05-21 15:00:45,2026-05-22,2,乒乓球厅-3号,19:30-20:30,0,1,可预约,￥5.0,晴,25,22,4,0.0,56,39
2026-05-21 15:30:43,2026-05-22,2,乒乓球厅-3号,19:30-20:30,0,1,可预约,￥5.0,晴,25,23,4,0.0,57,40
2026-05-21 16:00:51,2026-05-22,2,乒乓球厅-3号,19:30-20:30,0,1,可预约,￥5.0,晴,25,23,4,0.0,57,40
2026-05-21 16:30:48,2026-05-22,2,乒乓球厅-3号,19:30-20:30,0,1,可预约,￥5.0,晴,25,24,3,0.0,60,39
2026-05-21 17:00:49,2026-05-22,2,乒乓球厅-3号,19:30-20:30,0,1,可预约,￥5.0,晴,25,24,4,0.0,61,39
2026-05-21 17:30:47,2026-05-22,2,乒乓球厅-3号,19:30-20:30,0,1,可预约,￥5.0,多云,24,23,3,0.0,64,39
2026-05-21 18:00:50,2026-05-22,2,乒乓球厅-3号,19:30-20:30,0,1,可预约,￥5.0,多云,24,23,3,0.0,68,39
2026-05-21 18:30:50,2026-05-22,2,乒乓球厅-3号,19:30-20:30,0,1,可预约,￥5.0,阴,24,25,2,0.0,68,40
2026-05-21 19:00:50,2026-05-22,2,乒乓球厅-3号,19:30-20:30,0,1,可预约,￥5.0,阴,23,23,3,0.0,76,40
2026-05-21 19:30:46,2026-05-22,2,乒乓球厅-3号,19:30-20:30,0,1,可预约,￥5.0,阴,23,24,2,0.0,77,39
2026-05-21 20:00:49,2026-05-22,2,乒乓球厅-3号,19:30-20:30,0,1,可预约,￥5.0,雾,22,23,2,0.0,89,39
2026-05-21 20:30:44,2026-05-22,2,乒乓球厅-3号,19:30-20:30,0,1,可预约,￥5.0,雾,22,24,2,0.0,93,43
2026-05-21 21:00:56,2026-05-22,2,乒乓球厅-3号,19:30-20:30,0,1,可预约,￥5.0,雾,20,21,2,0.0,98,43
2026-05-21 21:30:46,2026-05-22,2,乒乓球厅-3号,19:30-20:30,0,1,可预约,￥5.0,雾,20,22,1,0.0,99,41
2026-05-21 22:01:02,2026-05-22,2,乒乓球厅-3号,19:30-20:30,0,1,可预约,￥5.0,雾,19,20,2,0.0,93,41
2026-05-21 22:30:47,2026-05-22,2,乒乓球厅-3号,19:30-20:30,0,1,可预约,￥5.0,雾,19,19,3,0.0,88,46
2026-05-21 23:00:56,2026-05-22,2,乒乓球厅-3号,19:30-20:30,0,1,可预约,￥5.0,多云,18,17,3,0.0,85,46
2026-05-21 23:30:55,2026-05-22,2,乒乓球厅-3号,19:30-20:30,0,1,可预约,￥5.0,多云,18,17,3,0.0,85,48
2026-05-21 08:00:45,2026-05-22,2,乒乓球厅-3号,20:30-21:30,0,1,可预约,￥5.0,晴,17,12,5,0.0,86,29
2026-05-21 08:02:30,2026-05-22,2,乒乓球厅-3号,20:30-21:30,0,1,可预约,￥5.0,多云,17,12,5,0.0,87,29
2026-05-21 08:05:36,2026-05-22,2,乒乓球厅-3号,20:30-21:30,0,1,可预约,￥5.0,多云,17,12,5,0.0,86,29
2026-05-21 08:08:31,2026-05-22,2,乒乓球厅-3号,20:30-21:30,0,1,可预约,￥5.0,多云,17,12,5,0.0,86,29
2026-05-21 08:11:30,2026-05-22,2,乒乓球厅-3号,20:30-21:30,0,1,可预约,￥5.0,多云,17,12,5,0.0,86,29
2026-05-21 08:14:31,2026-05-22,2,乒乓球厅-3号,20:30-21:30,0,1,可预约,￥5.0,多云,17,12,5,0.0,86,29
2026-05-21 08:17:30,2026-05-22,2,乒乓球厅-3号,20:30-21:30,0,1,可预约,￥5.0,多云,17,12,5,0.0,86,29
2026-05-21 08:20:35,2026-05-22,2,乒乓球厅-3号,20:30-21:30,0,1,可预约,￥5.0,多云,17,14,4,0.0,85,29
2026-05-21 08:25:32,2026-05-22,2,乒乓球厅-3号,20:30-21:30,0,1,可预约,￥5.0,多云,17,14,4,0.0,85,28
2026-05-21 08:30:42,2026-05-22,2,乒乓球厅-3号,20:30-21:30,0,1,可预约,￥5.0,多云,18,15,4,0.0,84,28
2026-05-21 08:35:31,2026-05-22,2,乒乓球厅-3号,20:30-21:30,0,1,可预约,￥5.0,多云,18,15,4,0.0,84,28
2026-05-21 08:40:38,2026-05-22,2,乒乓球厅-3号,20:30-21:30,0,1,可预约,￥5.0,多云,18,15,4,0.0,82,28
2026-05-21 08:45:33,2026-05-22,2,乒乓球厅-3号,20:30-21:30,0,1,可预约,￥5.0,多云,18,15,4,0.0,82,28
2026-05-21 08:50:36,2026-05-22,2,乒乓球厅-3号,20:30-21:30,0,1,可预约,￥5.0,多云,18,15,4,0.0,82,28
2026-05-21 08:55:34,2026-05-22,2,乒乓球厅-3号,20:30-21:30,0,1,可预约,￥5.0,多云,18,15,4,0.0,84,28
2026-05-21 09:00:51,2026-05-22,2,乒乓球厅-3号,20:30-21:30,0,1,可预约,￥5.0,多云,18,15,4,0.0,84,28
2026-05-21 09:01:59,2026-05-22,2,乒乓球厅-3号,20:30-21:30,0,1,可预约,￥5.0,多云,18,15,4,0.0,83,28
2026-05-21 09:05:33,2026-05-22,2,乒乓球厅-3号,20:30-21:30,0,1,可预约,￥5.0,多云,18,15,4,0.0,83,28
2026-05-21 09:20:38,2026-05-22,2,乒乓球厅-3号,20:30-21:30,0,1,可预约,￥5.0,多云,18,16,3,0.0,81,28
2026-05-21 09:30:46,2026-05-22,2,乒乓球厅-3号,20:30-21:30,0,1,可预约,￥5.0,多云,18,16,3,0.0,81,32
2026-05-21 09:40:36,2026-05-22,2,乒乓球厅-3号,20:30-21:30,0,1,可预约,￥5.0,多云,19,17,3,0.0,79,32
2026-05-21 09:50:42,2026-05-22,2,乒乓球厅-3号,20:30-21:30,0,1,可预约,￥5.0,多云,19,17,4,0.0,81,32
2026-05-21 10:00:46,2026-05-22,2,乒乓球厅-3号,20:30-21:30,0,1,可预约,￥5.0,多云,19,17,4,0.0,79,32
2026-05-21 10:10:40,2026-05-22,2,乒乓球厅-3号,20:30-21:30,0,1,可预约,￥5.0,多云,19,17,4,0.0,79,32
2026-05-21 10:20:38,2026-05-22,2,乒乓球厅-3号,20:30-21:30,0,1,可预约,￥5.0,多云,19,17,4,0.0,79,32
2026-05-21 10:30:41,2026-05-22,2,乒乓球厅-3号,20:30-21:30,0,1,可预约,￥5.0,多云,19,18,3,0.0,78,31
2026-05-21 11:00:44,2026-05-22,2,乒乓球厅-3号,20:30-21:30,0,1,可预约,￥5.0,多云,21,17,5,0.0,74,31
2026-05-21 11:30:38,2026-05-22,2,乒乓球厅-3号,20:30-21:30,0,1,可预约,￥5.0,多云,21,19,3,0.0,72,33
2026-05-21 12:00:46,2026-05-22,2,乒乓球厅-3号,20:30-21:30,0,1,可预约,￥5.0,多云,22,19,4,0.0,70,33
2026-05-21 12:30:42,2026-05-22,2,乒乓球厅-3号,20:30-21:30,0,1,可预约,￥5.0,多云,22,21,3,0.0,68,35
2026-05-21 13:00:43,2026-05-22,2,乒乓球厅-3号,20:30-21:30,0,1,可预约,￥5.0,多云,24,22,4,0.0,66,35
2026-05-21 13:30:43,2026-05-22,2,乒乓球厅-3号,20:30-21:30,0,1,可预约,￥5.0,多云,24,22,4,0.0,66,36
2026-05-21 14:00:48,2026-05-22,2,乒乓球厅-3号,20:30-21:30,0,1,可预约,￥5.0,多云,25,23,4,0.0,66,36
2026-05-21 14:30:45,2026-05-22,2,乒乓球厅-3号,20:30-21:30,0,1,可预约,￥5.0,晴,25,25,3,0.0,65,39
2026-05-21 15:00:45,2026-05-22,2,乒乓球厅-3号,20:30-21:30,0,1,可预约,￥5.0,晴,25,22,4,0.0,56,39
2026-05-21 15:30:43,2026-05-22,2,乒乓球厅-3号,20:30-21:30,0,1,可预约,￥5.0,晴,25,23,4,0.0,57,40
2026-05-21 16:00:51,2026-05-22,2,乒乓球厅-3号,20:30-21:30,0,1,可预约,￥5.0,晴,25,23,4,0.0,57,40
2026-05-21 16:30:48,2026-05-22,2,乒乓球厅-3号,20:30-21:30,0,1,可预约,￥5.0,晴,25,24,3,0.0,60,39
2026-05-21 17:00:49,2026-05-22,2,乒乓球厅-3号,20:30-21:30,0,1,可预约,￥5.0,晴,25,24,4,0.0,61,39
2026-05-21 17:30:47,2026-05-22,2,乒乓球厅-3号,20:30-21:30,0,1,可预约,￥5.0,多云,24,23,3,0.0,64,39
2026-05-21 18:00:50,2026-05-22,2,乒乓球厅-3号,20:30-21:30,0,1,可预约,￥5.0,多云,24,23,3,0.0,68,39
2026-05-21 18:30:50,2026-05-22,2,乒乓球厅-3号,20:30-21:30,0,1,可预约,￥5.0,阴,24,25,2,0.0,68,40
2026-05-21 19:00:50,2026-05-22,2,乒乓球厅-3号,20:30-21:30,0,1,可预约,￥5.0,阴,23,23,3,0.0,76,40
2026-05-21 19:30:46,2026-05-22,2,乒乓球厅-3号,20:30-21:30,0,1,可预约,￥5.0,阴,23,24,2,0.0,77,39
2026-05-21 20:00:49,2026-05-22,2,乒乓球厅-3号,20:30-21:30,0,1,可预约,￥5.0,雾,22,23,2,0.0,89,39
2026-05-21 20:30:44,2026-05-22,2,乒乓球厅-3号,20:30-21:30,0,1,可预约,￥5.0,雾,22,24,2,0.0,93,43
2026-05-21 21:00:56,2026-05-22,2,乒乓球厅-3号,20:30-21:30,0,1,可预约,￥5.0,雾,20,21,2,0.0,98,43
2026-05-21 21:30:46,2026-05-22,2,乒乓球厅-3号,20:30-21:30,0,1,可预约,￥5.0,雾,20,22,1,0.0,99,41
2026-05-21 22:01:02,2026-05-22,2,乒乓球厅-3号,20:30-21:30,0,1,可预约,￥5.0,雾,19,20,2,0.0,93,41
2026-05-21 22:30:47,2026-05-22,2,乒乓球厅-3号,20:30-21:30,0,1,可预约,￥5.0,雾,19,19,3,0.0,88,46
2026-05-21 23:00:56,2026-05-22,2,乒乓球厅-3号,20:30-21:30,0,1,可预约,￥5.0,多云,18,17,3,0.0,85,46
2026-05-21 23:30:55,2026-05-22,2,乒乓球厅-3号,20:30-21:30,0,1,可预约,￥5.0,多云,18,17,3,0.0,85,48
2026-05-21 08:00:45,2026-05-22,2,乒乓球厅-4号,07:00-08:00,0,1,可预约,￥0.0,晴,17,12,5,0.0,86,29
2026-05-21 08:02:30,2026-05-22,2,乒乓球厅-4号,07:00-08:00,0,1,可预约,￥0.0,多云,17,12,5,0.0,87,29
2026-05-21 08:05:36,2026-05-22,2,乒乓球厅-4号,07:00-08:00,0,1,可预约,￥0.0,多云,17,12,5,0.0,86,29
2026-05-21 08:08:31,2026-05-22,2,乒乓球厅-4号,07:00-08:00,0,1,可预约,￥0.0,多云,17,12,5,0.0,86,29
2026-05-21 08:11:30,2026-05-22,2,乒乓球厅-4号,07:00-08:00,0,1,可预约,￥0.0,多云,17,12,5,0.0,86,29
2026-05-21 08:14:31,2026-05-22,2,乒乓球厅-4号,07:00-08:00,0,1,可预约,￥0.0,多云,17,12,5,0.0,86,29
2026-05-21 08:17:30,2026-05-22,2,乒乓球厅-4号,07:00-08:00,0,1,可预约,￥0.0,多云,17,12,5,0.0,86,29
2026-05-21 08:20:35,2026-05-22,2,乒乓球厅-4号,07:00-08:00,0,1,可预约,￥0.0,多云,17,14,4,0.0,85,29
2026-05-21 08:25:32,2026-05-22,2,乒乓球厅-4号,07:00-08:00,0,1,可预约,￥0.0,多云,17,14,4,0.0,85,28
2026-05-21 08:30:42,2026-05-22,2,乒乓球厅-4号,07:00-08:00,0,1,可预约,￥0.0,多云,18,15,4,0.0,84,28
2026-05-21 08:35:31,2026-05-22,2,乒乓球厅-4号,07:00-08:00,0,1,可预约,￥0.0,多云,18,15,4,0.0,84,28
2026-05-21 08:40:38,2026-05-22,2,乒乓球厅-4号,07:00-08:00,0,1,可预约,￥0.0,多云,18,15,4,0.0,82,28
2026-05-21 08:45:33,2026-05-22,2,乒乓球厅-4号,07:00-08:00,0,1,可预约,￥0.0,多云,18,15,4,0.0,82,28
2026-05-21 08:50:36,2026-05-22,2,乒乓球厅-4号,07:00-08:00,0,1,可预约,￥0.0,多云,18,15,4,0.0,82,28
2026-05-21 08:55:34,2026-05-22,2,乒乓球厅-4号,07:00-08:00,0,1,可预约,￥0.0,多云,18,15,4,0.0,84,28
2026-05-21 09:00:51,2026-05-22,2,乒乓球厅-4号,07:00-08:00,0,1,可预约,￥0.0,多云,18,15,4,0.0,84,28
2026-05-21 09:01:59,2026-05-22,2,乒乓球厅-4号,07:00-08:00,0,1,可预约,￥0.0,多云,18,15,4,0.0,83,28
2026-05-21 09:05:33,2026-05-22,2,乒乓球厅-4号,07:00-08:00,0,1,可预约,￥0.0,多云,18,15,4,0.0,83,28
2026-05-21 09:20:38,2026-05-22,2,乒乓球厅-4号,07:00-08:00,0,1,可预约,￥0.0,多云,18,16,3,0.0,81,28
2026-05-21 09:30:46,2026-05-22,2,乒乓球厅-4号,07:00-08:00,0,1,可预约,￥0.0,多云,18,16,3,0.0,81,32
2026-05-21 09:40:36,2026-05-22,2,乒乓球厅-4号,07:00-08:00,0,1,可预约,￥0.0,多云,19,17,3,0.0,79,32
2026-05-21 09:50:42,2026-05-22,2,乒乓球厅-4号,07:00-08:00,0,1,可预约,￥0.0,多云,19,17,4,0.0,81,32
2026-05-21 10:00:46,2026-05-22,2,乒乓球厅-4号,07:00-08:00,0,1,可预约,￥0.0,多云,19,17,4,0.0,79,32
2026-05-21 10:10:40,2026-05-22,2,乒乓球厅-4号,07:00-08:00,0,1,可预约,￥0.0,多云,19,17,4,0.0,79,32
2026-05-21 10:20:38,2026-05-22,2,乒乓球厅-4号,07:00-08:00,0,1,可预约,￥0.0,多云,19,17,4,0.0,79,32
2026-05-21 10:30:41,2026-05-22,2,乒乓球厅-4号,07:00-08:00,0,1,可预约,￥0.0,多云,19,18,3,0.0,78,31
2026-05-21 11:00:44,2026-05-22,2,乒乓球厅-4号,07:00-08:00,0,1,可预约,￥0.0,多云,21,17,5,0.0,74,31
2026-05-21 11:30:38,2026-05-22,2,乒乓球厅-4号,07:00-08:00,0,1,可预约,￥0.0,多云,21,19,3,0.0,72,33
2026-05-21 12:00:46,2026-05-22,2,乒乓球厅-4号,07:00-08:00,0,1,可预约,￥0.0,多云,22,19,4,0.0,70,33
2026-05-21 12:30:42,2026-05-22,2,乒乓球厅-4号,07:00-08:00,0,1,可预约,￥0.0,多云,22,21,3,0.0,68,35
2026-05-21 13:00:43,2026-05-22,2,乒乓球厅-4号,07:00-08:00,0,1,可预约,￥0.0,多云,24,22,4,0.0,66,35
2026-05-21 13:30:43,2026-05-22,2,乒乓球厅-4号,07:00-08:00,0,1,可预约,￥0.0,多云,24,22,4,0.0,66,36
2026-05-21 14:00:48,2026-05-22,2,乒乓球厅-4号,07:00-08:00,0,1,可预约,￥0.0,多云,25,23,4,0.0,66,36
2026-05-21 14:30:45,2026-05-22,2,乒乓球厅-4号,07:00-08:00,0,1,可预约,￥0.0,晴,25,25,3,0.0,65,39
2026-05-21 15:00:45,2026-05-22,2,乒乓球厅-4号,07:00-08:00,0,1,可预约,￥0.0,晴,25,22,4,0.0,56,39
2026-05-21 15:30:43,2026-05-22,2,乒乓球厅-4号,07:00-08:00,0,1,可预约,￥0.0,晴,25,23,4,0.0,57,40
2026-05-21 16:00:51,2026-05-22,2,乒乓球厅-4号,07:00-08:00,0,1,可预约,￥0.0,晴,25,23,4,0.0,57,40
2026-05-21 16:30:48,2026-05-22,2,乒乓球厅-4号,07:00-08:00,0,1,可预约,￥0.0,晴,25,24,3,0.0,60,39
2026-05-21 17:00:49,2026-05-22,2,乒乓球厅-4号,07:00-08:00,0,1,可预约,￥0.0,晴,25,24,4,0.0,61,39
2026-05-21 17:30:47,2026-05-22,2,乒乓球厅-4号,07:00-08:00,0,1,可预约,￥0.0,多云,24,23,3,0.0,64,39
2026-05-21 18:00:50,2026-05-22,2,乒乓球厅-4号,07:00-08:00,0,1,可预约,￥0.0,多云,24,23,3,0.0,68,39
2026-05-21 18:30:50,2026-05-22,2,乒乓球厅-4号,07:00-08:00,0,1,可预约,￥0.0,阴,24,25,2,0.0,68,40
2026-05-21 19:00:50,2026-05-22,2,乒乓球厅-4号,07:00-08:00,0,1,可预约,￥0.0,阴,23,23,3,0.0,76,40
2026-05-21 19:30:46,2026-05-22,2,乒乓球厅-4号,07:00-08:00,0,1,可预约,￥0.0,阴,23,24,2,0.0,77,39
2026-05-21 20:00:49,2026-05-22,2,乒乓球厅-4号,07:00-08:00,0,1,可预约,￥0.0,雾,22,23,2,0.0,89,39
2026-05-21 20:30:44,2026-05-22,2,乒乓球厅-4号,07:00-08:00,0,1,可预约,￥0.0,雾,22,24,2,0.0,93,43
2026-05-21 21:00:56,2026-05-22,2,乒乓球厅-4号,07:00-08:00,0,1,可预约,￥0.0,雾,20,21,2,0.0,98,43
2026-05-21 21:30:46,2026-05-22,2,乒乓球厅-4号,07:00-08:00,0,1,可预约,￥0.0,雾,20,22,1,0.0,99,41
2026-05-21 22:01:02,2026-05-22,2,乒乓球厅-4号,07:00-08:00,0,1,可预约,￥0.0,雾,19,20,2,0.0,93,41
2026-05-21 22:30:47,2026-05-22,2,乒乓球厅-4号,07:00-08:00,0,1,可预约,￥0.0,雾,19,19,3,0.0,88,46
2026-05-21 23:00:56,2026-05-22,2,乒乓球厅-4号,07:00-08:00,0,1,可预约,￥0.0,多云,18,17,3,0.0,85,46
2026-05-21 23:30:55,2026-05-22,2,乒乓球厅-4号,07:00-08:00,0,1,可预约,￥0.0,多云,18,17,3,0.0,85,48
2026-05-21 08:00:45,2026-05-22,2,乒乓球厅-4号,08:00-09:00,0,1,可预约,￥0.0,晴,17,12,5,0.0,86,29
2026-05-21 08:02:30,2026-05-22,2,乒乓球厅-4号,08:00-09:00,0,1,可预约,￥0.0,多云,17,12,5,0.0,87,29
2026-05-21 08:05:36,2026-05-22,2,乒乓球厅-4号,08:00-09:00,0,1,可预约,￥0.0,多云,17,12,5,0.0,86,29
2026-05-21 08:08:31,2026-05-22,2,乒乓球厅-4号,08:00-09:00,0,1,可预约,￥0.0,多云,17,12,5,0.0,86,29
2026-05-21 08:11:30,2026-05-22,2,乒乓球厅-4号,08:00-09:00,0,1,可预约,￥0.0,多云,17,12,5,0.0,86,29
2026-05-21 08:14:31,2026-05-22,2,乒乓球厅-4号,08:00-09:00,0,1,可预约,￥0.0,多云,17,12,5,0.0,86,29
2026-05-21 08:17:30,2026-05-22,2,乒乓球厅-4号,08:00-09:00,0,1,可预约,￥0.0,多云,17,12,5,0.0,86,29
2026-05-21 08:20:35,2026-05-22,2,乒乓球厅-4号,08:00-09:00,0,1,可预约,￥0.0,多云,17,14,4,0.0,85,29
2026-05-21 08:25:32,2026-05-22,2,乒乓球厅-4号,08:00-09:00,0,1,可预约,￥0.0,多云,17,14,4,0.0,85,28
2026-05-21 08:30:42,2026-05-22,2,乒乓球厅-4号,08:00-09:00,0,1,可预约,￥0.0,多云,18,15,4,0.0,84,28
2026-05-21 08:35:31,2026-05-22,2,乒乓球厅-4号,08:00-09:00,0,1,可预约,￥0.0,多云,18,15,4,0.0,84,28
2026-05-21 08:40:38,2026-05-22,2,乒乓球厅-4号,08:00-09:00,0,1,可预约,￥0.0,多云,18,15,4,0.0,82,28
2026-05-21 08:45:33,2026-05-22,2,乒乓球厅-4号,08:00-09:00,0,1,可预约,￥0.0,多云,18,15,4,0.0,82,28
2026-05-21 08:50:36,2026-05-22,2,乒乓球厅-4号,08:00-09:00,0,1,可预约,￥0.0,多云,18,15,4,0.0,82,28
2026-05-21 08:55:34,2026-05-22,2,乒乓球厅-4号,08:00-09:00,0,1,可预约,￥0.0,多云,18,15,4,0.0,84,28
2026-05-21 09:00:51,2026-05-22,2,乒乓球厅-4号,08:00-09:00,0,1,可预约,￥0.0,多云,18,15,4,0.0,84,28
2026-05-21 09:01:59,2026-05-22,2,乒乓球厅-4号,08:00-09:00,0,1,可预约,￥0.0,多云,18,15,4,0.0,83,28
2026-05-21 09:05:33,2026-05-22,2,乒乓球厅-4号,08:00-09:00,0,1,可预约,￥0.0,多云,18,15,4,0.0,83,28
2026-05-21 09:20:38,2026-05-22,2,乒乓球厅-4号,08:00-09:00,0,1,可预约,￥0.0,多云,18,16,3,0.0,81,28
2026-05-21 09:30:46,2026-05-22,2,乒乓球厅-4号,08:00-09:00,0,1,可预约,￥0.0,多云,18,16,3,0.0,81,32
2026-05-21 09:40:36,2026-05-22,2,乒乓球厅-4号,08:00-09:00,0,1,可预约,￥0.0,多云,19,17,3,0.0,79,32
2026-05-21 09:50:42,2026-05-22,2,乒乓球厅-4号,08:00-09:00,0,1,可预约,￥0.0,多云,19,17,4,0.0,81,32
2026-05-21 10:00:46,2026-05-22,2,乒乓球厅-4号,08:00-09:00,0,1,可预约,￥0.0,多云,19,17,4,0.0,79,32
2026-05-21 10:10:40,2026-05-22,2,乒乓球厅-4号,08:00-09:00,0,1,可预约,￥0.0,多云,19,17,4,0.0,79,32
2026-05-21 10:20:38,2026-05-22,2,乒乓球厅-4号,08:00-09:00,0,1,可预约,￥0.0,多云,19,17,4,0.0,79,32
2026-05-21 10:30:41,2026-05-22,2,乒乓球厅-4号,08:00-09:00,0,1,可预约,￥0.0,多云,19,18,3,0.0,78,31
2026-05-21 11:00:44,2026-05-22,2,乒乓球厅-4号,08:00-09:00,0,1,可预约,￥0.0,多云,21,17,5,0.0,74,31
2026-05-21 11:30:38,2026-05-22,2,乒乓球厅-4号,08:00-09:00,0,1,可预约,￥0.0,多云,21,19,3,0.0,72,33
2026-05-21 12:00:46,2026-05-22,2,乒乓球厅-4号,08:00-09:00,0,1,可预约,￥0.0,多云,22,19,4,0.0,70,33
2026-05-21 12:30:42,2026-05-22,2,乒乓球厅-4号,08:00-09:00,0,1,可预约,￥0.0,多云,22,21,3,0.0,68,35
2026-05-21 13:00:43,2026-05-22,2,乒乓球厅-4号,08:00-09:00,0,1,可预约,￥0.0,多云,24,22,4,0.0,66,35
2026-05-21 13:30:43,2026-05-22,2,乒乓球厅-4号,08:00-09:00,0,1,可预约,￥0.0,多云,24,22,4,0.0,66,36
2026-05-21 14:00:48,2026-05-22,2,乒乓球厅-4号,08:00-09:00,0,1,可预约,￥0.0,多云,25,23,4,0.0,66,36
2026-05-21 14:30:45,2026-05-22,2,乒乓球厅-4号,08:00-09:00,0,1,可预约,￥0.0,晴,25,25,3,0.0,65,39
2026-05-21 15:00:45,2026-05-22,2,乒乓球厅-4号,08:00-09:00,0,1,可预约,￥0.0,晴,25,22,4,0.0,56,39
2026-05-21 15:30:43,2026-05-22,2,乒乓球厅-4号,08:00-09:00,0,1,可预约,￥0.0,晴,25,23,4,0.0,57,40
2026-05-21 16:00:51,2026-05-22,2,乒乓球厅-4号,08:00-09:00,0,1,可预约,￥0.0,晴,25,23,4,0.0,57,40
2026-05-21 16:30:48,2026-05-22,2,乒乓球厅-4号,08:00-09:00,0,1,可预约,￥0.0,晴,25,24,3,0.0,60,39
2026-05-21 17:00:49,2026-05-22,2,乒乓球厅-4号,08:00-09:00,0,1,可预约,￥0.0,晴,25,24,4,0.0,61,39
2026-05-21 17:30:47,2026-05-22,2,乒乓球厅-4号,08:00-09:00,0,1,可预约,￥0.0,多云,24,23,3,0.0,64,39
2026-05-21 18:00:50,2026-05-22,2,乒乓球厅-4号,08:00-09:00,0,1,可预约,￥0.0,多云,24,23,3,0.0,68,39
2026-05-21 18:30:50,2026-05-22,2,乒乓球厅-4号,08:00-09:00,0,1,可预约,￥0.0,阴,24,25,2,0.0,68,40
2026-05-21 19:00:50,2026-05-22,2,乒乓球厅-4号,08:00-09:00,0,1,可预约,￥0.0,阴,23,23,3,0.0,76,40
2026-05-21 19:30:46,2026-05-22,2,乒乓球厅-4号,08:00-09:00,0,1,可预约,￥0.0,阴,23,24,2,0.0,77,39
2026-05-21 20:00:49,2026-05-22,2,乒乓球厅-4号,08:00-09:00,0,1,可预约,￥0.0,雾,22,23,2,0.0,89,39
2026-05-21 20:30:44,2026-05-22,2,乒乓球厅-4号,08:00-09:00,0,1,可预约,￥0.0,雾,22,24,2,0.0,93,43
2026-05-21 21:00:56,2026-05-22,2,乒乓球厅-4号,08:00-09:00,0,1,可预约,￥0.0,雾,20,21,2,0.0,98,43
2026-05-21 21:30:46,2026-05-22,2,乒乓球厅-4号,08:00-09:00,0,1,可预约,￥0.0,雾,20,22,1,0.0,99,41
2026-05-21 22:01:02,2026-05-22,2,乒乓球厅-4号,08:00-09:00,0,1,可预约,￥0.0,雾,19,20,2,0.0,93,41
2026-05-21 22:30:47,2026-05-22,2,乒乓球厅-4号,08:00-09:00,0,1,可预约,￥0.0,雾,19,19,3,0.0,88,46
2026-05-21 23:00:56,2026-05-22,2,乒乓球厅-4号,08:00-09:00,0,1,可预约,￥0.0,多云,18,17,3,0.0,85,46
2026-05-21 23:30:55,2026-05-22,2,乒乓球厅-4号,08:00-09:00,0,1,可预约,￥0.0,多云,18,17,3,0.0,85,48
2026-05-21 08:00:45,2026-05-22,2,乒乓球厅-4号,09:00-10:00,0,1,可预约,￥5.0,晴,17,12,5,0.0,86,29
2026-05-21 08:02:30,2026-05-22,2,乒乓球厅-4号,09:00-10:00,0,1,可预约,￥5.0,多云,17,12,5,0.0,87,29
2026-05-21 08:05:36,2026-05-22,2,乒乓球厅-4号,09:00-10:00,0,1,可预约,￥5.0,多云,17,12,5,0.0,86,29
2026-05-21 08:08:31,2026-05-22,2,乒乓球厅-4号,09:00-10:00,0,1,可预约,￥5.0,多云,17,12,5,0.0,86,29
2026-05-21 08:11:30,2026-05-22,2,乒乓球厅-4号,09:00-10:00,0,1,可预约,￥5.0,多云,17,12,5,0.0,86,29
2026-05-21 08:14:31,2026-05-22,2,乒乓球厅-4号,09:00-10:00,0,1,可预约,￥5.0,多云,17,12,5,0.0,86,29
2026-05-21 08:17:30,2026-05-22,2,乒乓球厅-4号,09:00-10:00,0,1,可预约,￥5.0,多云,17,12,5,0.0,86,29
2026-05-21 08:20:35,2026-05-22,2,乒乓球厅-4号,09:00-10:00,0,1,可预约,￥5.0,多云,17,14,4,0.0,85,29
2026-05-21 08:25:32,2026-05-22,2,乒乓球厅-4号,09:00-10:00,0,1,可预约,￥5.0,多云,17,14,4,0.0,85,28
2026-05-21 08:30:42,2026-05-22,2,乒乓球厅-4号,09:00-10:00,0,1,可预约,￥5.0,多云,18,15,4,0.0,84,28
2026-05-21 08:35:31,2026-05-22,2,乒乓球厅-4号,09:00-10:00,0,1,可预约,￥5.0,多云,18,15,4,0.0,84,28
2026-05-21 08:40:38,2026-05-22,2,乒乓球厅-4号,09:00-10:00,0,1,可预约,￥5.0,多云,18,15,4,0.0,82,28
2026-05-21 08:45:33,2026-05-22,2,乒乓球厅-4号,09:00-10:00,0,1,可预约,￥5.0,多云,18,15,4,0.0,82,28
2026-05-21 08:50:36,2026-05-22,2,乒乓球厅-4号,09:00-10:00,0,1,可预约,￥5.0,多云,18,15,4,0.0,82,28
2026-05-21 08:55:34,2026-05-22,2,乒乓球厅-4号,09:00-10:00,0,1,可预约,￥5.0,多云,18,15,4,0.0,84,28
2026-05-21 09:00:51,2026-05-22,2,乒乓球厅-4号,09:00-10:00,0,1,可预约,￥5.0,多云,18,15,4,0.0,84,28
2026-05-21 09:01:59,2026-05-22,2,乒乓球厅-4号,09:00-10:00,0,1,可预约,￥5.0,多云,18,15,4,0.0,83,28
2026-05-21 09:05:33,2026-05-22,2,乒乓球厅-4号,09:00-10:00,0,1,可预约,￥5.0,多云,18,15,4,0.0,83,28
2026-05-21 09:20:38,2026-05-22,2,乒乓球厅-4号,09:00-10:00,0,1,可预约,￥5.0,多云,18,16,3,0.0,81,28
2026-05-21 09:30:46,2026-05-22,2,乒乓球厅-4号,09:00-10:00,0,1,可预约,￥5.0,多云,18,16,3,0.0,81,32
2026-05-21 09:40:36,2026-05-22,2,乒乓球厅-4号,09:00-10:00,0,1,可预约,￥5.0,多云,19,17,3,0.0,79,32
2026-05-21 09:50:42,2026-05-22,2,乒乓球厅-4号,09:00-10:00,0,1,可预约,￥5.0,多云,19,17,4,0.0,81,32
2026-05-21 10:00:46,2026-05-22,2,乒乓球厅-4号,09:00-10:00,0,1,可预约,￥5.0,多云,19,17,4,0.0,79,32
2026-05-21 10:10:40,2026-05-22,2,乒乓球厅-4号,09:00-10:00,0,1,可预约,￥5.0,多云,19,17,4,0.0,79,32
2026-05-21 10:20:38,2026-05-22,2,乒乓球厅-4号,09:00-10:00,0,1,可预约,￥5.0,多云,19,17,4,0.0,79,32
2026-05-21 10:30:41,2026-05-22,2,乒乓球厅-4号,09:00-10:00,0,1,可预约,￥5.0,多云,19,18,3,0.0,78,31
2026-05-21 11:00:44,2026-05-22,2,乒乓球厅-4号,09:00-10:00,0,1,可预约,￥5.0,多云,21,17,5,0.0,74,31
2026-05-21 11:30:38,2026-05-22,2,乒乓球厅-4号,09:00-10:00,0,1,可预约,￥5.0,多云,21,19,3,0.0,72,33
2026-05-21 12:00:46,2026-05-22,2,乒乓球厅-4号,09:00-10:00,0,1,可预约,￥5.0,多云,22,19,4,0.0,70,33
2026-05-21 12:30:42,2026-05-22,2,乒乓球厅-4号,09:00-10:00,0,1,可预约,￥5.0,多云,22,21,3,0.0,68,35
2026-05-21 13:00:43,2026-05-22,2,乒乓球厅-4号,09:00-10:00,0,1,可预约,￥5.0,多云,24,22,4,0.0,66,35
2026-05-21 13:30:43,2026-05-22,2,乒乓球厅-4号,09:00-10:00,0,1,可预约,￥5.0,多云,24,22,4,0.0,66,36
2026-05-21 14:00:48,2026-05-22,2,乒乓球厅-4号,09:00-10:00,0,1,可预约,￥5.0,多云,25,23,4,0.0,66,36
2026-05-21 14:30:45,2026-05-22,2,乒乓球厅-4号,09:00-10:00,0,1,可预约,￥5.0,晴,25,25,3,0.0,65,39
2026-05-21 15:00:45,2026-05-22,2,乒乓球厅-4号,09:00-10:00,0,1,可预约,￥5.0,晴,25,22,4,0.0,56,39
2026-05-21 15:30:43,2026-05-22,2,乒乓球厅-4号,09:00-10:00,0,1,可预约,￥5.0,晴,25,23,4,0.0,57,40
2026-05-21 16:00:51,2026-05-22,2,乒乓球厅-4号,09:00-10:00,0,1,可预约,￥5.0,晴,25,23,4,0.0,57,40
2026-05-21 16:30:48,2026-05-22,2,乒乓球厅-4号,09:00-10:00,0,1,可预约,￥5.0,晴,25,24,3,0.0,60,39
2026-05-21 17:00:49,2026-05-22,2,乒乓球厅-4号,09:00-10:00,0,1,可预约,￥5.0,晴,25,24,4,0.0,61,39
2026-05-21 17:30:47,2026-05-22,2,乒乓球厅-4号,09:00-10:00,0,1,可预约,￥5.0,多云,24,23,3,0.0,64,39
2026-05-21 18:00:50,2026-05-22,2,乒乓球厅-4号,09:00-10:00,0,1,可预约,￥5.0,多云,24,23,3,0.0,68,39
2026-05-21 18:30:50,2026-05-22,2,乒乓球厅-4号,09:00-10:00,0,1,可预约,￥5.0,阴,24,25,2,0.0,68,40
2026-05-21 19:00:50,2026-05-22,2,乒乓球厅-4号,09:00-10:00,0,1,可预约,￥5.0,阴,23,23,3,0.0,76,40
2026-05-21 19:30:46,2026-05-22,2,乒乓球厅-4号,09:00-10:00,0,1,可预约,￥5.0,阴,23,24,2,0.0,77,39
2026-05-21 20:00:49,2026-05-22,2,乒乓球厅-4号,09:00-10:00,0,1,可预约,￥5.0,雾,22,23,2,0.0,89,39
2026-05-21 20:30:44,2026-05-22,2,乒乓球厅-4号,09:00-10:00,0,1,可预约,￥5.0,雾,22,24,2,0.0,93,43
2026-05-21 21:00:56,2026-05-22,2,乒乓球厅-4号,09:00-10:00,0,1,可预约,￥5.0,雾,20,21,2,0.0,98,43
2026-05-21 21:30:46,2026-05-22,2,乒乓球厅-4号,09:00-10:00,0,1,可预约,￥5.0,雾,20,22,1,0.0,99,41
2026-05-21 22:01:02,2026-05-22,2,乒乓球厅-4号,09:00-10:00,0,1,可预约,￥5.0,雾,19,20,2,0.0,93,41
2026-05-21 22:30:47,2026-05-22,2,乒乓球厅-4号,09:00-10:00,0,1,可预约,￥5.0,雾,19,19,3,0.0,88,46
2026-05-21 23:00:56,2026-05-22,2,乒乓球厅-4号,09:00-10:00,0,1,可预约,￥5.0,多云,18,17,3,0.0,85,46
2026-05-21 23:30:55,2026-05-22,2,乒乓球厅-4号,09:00-10:00,0,1,可预约,￥5.0,多云,18,17,3,0.0,85,48
2026-05-21 08:00:45,2026-05-22,2,乒乓球厅-4号,10:00-11:00,0,1,可预约,￥5.0,晴,17,12,5,0.0,86,29
2026-05-21 08:02:30,2026-05-22,2,乒乓球厅-4号,10:00-11:00,0,1,可预约,￥5.0,多云,17,12,5,0.0,87,29
2026-05-21 08:05:36,2026-05-22,2,乒乓球厅-4号,10:00-11:00,0,1,可预约,￥5.0,多云,17,12,5,0.0,86,29
2026-05-21 08:08:31,2026-05-22,2,乒乓球厅-4号,10:00-11:00,0,1,可预约,￥5.0,多云,17,12,5,0.0,86,29
2026-05-21 08:11:30,2026-05-22,2,乒乓球厅-4号,10:00-11:00,0,1,可预约,￥5.0,多云,17,12,5,0.0,86,29
2026-05-21 08:14:31,2026-05-22,2,乒乓球厅-4号,10:00-11:00,0,1,可预约,￥5.0,多云,17,12,5,0.0,86,29
2026-05-21 08:17:30,2026-05-22,2,乒乓球厅-4号,10:00-11:00,0,1,可预约,￥5.0,多云,17,12,5,0.0,86,29
2026-05-21 08:20:35,2026-05-22,2,乒乓球厅-4号,10:00-11:00,0,1,可预约,￥5.0,多云,17,14,4,0.0,85,29
2026-05-21 08:25:32,2026-05-22,2,乒乓球厅-4号,10:00-11:00,0,1,可预约,￥5.0,多云,17,14,4,0.0,85,28
2026-05-21 08:30:42,2026-05-22,2,乒乓球厅-4号,10:00-11:00,0,1,可预约,￥5.0,多云,18,15,4,0.0,84,28
2026-05-21 08:35:31,2026-05-22,2,乒乓球厅-4号,10:00-11:00,0,1,可预约,￥5.0,多云,18,15,4,0.0,84,28
2026-05-21 08:40:38,2026-05-22,2,乒乓球厅-4号,10:00-11:00,0,1,可预约,￥5.0,多云,18,15,4,0.0,82,28
2026-05-21 08:45:33,2026-05-22,2,乒乓球厅-4号,10:00-11:00,0,1,可预约,￥5.0,多云,18,15,4,0.0,82,28
2026-05-21 08:50:36,2026-05-22,2,乒乓球厅-4号,10:00-11:00,0,1,可预约,￥5.0,多云,18,15,4,0.0,82,28
2026-05-21 08:55:34,2026-05-22,2,乒乓球厅-4号,10:00-11:00,0,1,可预约,￥5.0,多云,18,15,4,0.0,84,28
2026-05-21 09:00:51,2026-05-22,2,乒乓球厅-4号,10:00-11:00,0,1,可预约,￥5.0,多云,18,15,4,0.0,84,28
2026-05-21 09:01:59,2026-05-22,2,乒乓球厅-4号,10:00-11:00,0,1,可预约,￥5.0,多云,18,15,4,0.0,83,28
2026-05-21 09:05:33,2026-05-22,2,乒乓球厅-4号,10:00-11:00,0,1,可预约,￥5.0,多云,18,15,4,0.0,83,28
2026-05-21 09:20:38,2026-05-22,2,乒乓球厅-4号,10:00-11:00,0,1,可预约,￥5.0,多云,18,16,3,0.0,81,28
2026-05-21 09:30:46,2026-05-22,2,乒乓球厅-4号,10:00-11:00,0,1,可预约,￥5.0,多云,18,16,3,0.0,81,32
2026-05-21 09:40:36,2026-05-22,2,乒乓球厅-4号,10:00-11:00,0,1,可预约,￥5.0,多云,19,17,3,0.0,79,32
2026-05-21 09:50:42,2026-05-22,2,乒乓球厅-4号,10:00-11:00,0,1,可预约,￥5.0,多云,19,17,4,0.0,81,32
2026-05-21 10:00:46,2026-05-22,2,乒乓球厅-4号,10:00-11:00,0,1,可预约,￥5.0,多云,19,17,4,0.0,79,32
2026-05-21 10:10:40,2026-05-22,2,乒乓球厅-4号,10:00-11:00,0,1,可预约,￥5.0,多云,19,17,4,0.0,79,32
2026-05-21 10:20:38,2026-05-22,2,乒乓球厅-4号,10:00-11:00,0,1,可预约,￥5.0,多云,19,17,4,0.0,79,32
2026-05-21 10:30:41,2026-05-22,2,乒乓球厅-4号,10:00-11:00,0,1,可预约,￥5.0,多云,19,18,3,0.0,78,31
2026-05-21 11:00:44,2026-05-22,2,乒乓球厅-4号,10:00-11:00,0,1,可预约,￥5.0,多云,21,17,5,0.0,74,31
2026-05-21 11:30:38,2026-05-22,2,乒乓球厅-4号,10:00-11:00,0,1,可预约,￥5.0,多云,21,19,3,0.0,72,33
2026-05-21 12:00:46,2026-05-22,2,乒乓球厅-4号,10:00-11:00,0,1,可预约,￥5.0,多云,22,19,4,0.0,70,33
2026-05-21 12:30:42,2026-05-22,2,乒乓球厅-4号,10:00-11:00,0,1,可预约,￥5.0,多云,22,21,3,0.0,68,35
2026-05-21 13:00:43,2026-05-22,2,乒乓球厅-4号,10:00-11:00,0,1,可预约,￥5.0,多云,24,22,4,0.0,66,35
2026-05-21 13:30:43,2026-05-22,2,乒乓球厅-4号,10:00-11:00,0,1,可预约,￥5.0,多云,24,22,4,0.0,66,36
2026-05-21 14:00:48,2026-05-22,2,乒乓球厅-4号,10:00-11:00,0,1,可预约,￥5.0,多云,25,23,4,0.0,66,36
2026-05-21 14:30:45,2026-05-22,2,乒乓球厅-4号,10:00-11:00,0,1,可预约,￥5.0,晴,25,25,3,0.0,65,39
2026-05-21 15:00:45,2026-05-22,2,乒乓球厅-4号,10:00-11:00,0,1,可预约,￥5.0,晴,25,22,4,0.0,56,39
2026-05-21 15:30:43,2026-05-22,2,乒乓球厅-4号,10:00-11:00,0,1,可预约,￥5.0,晴,25,23,4,0.0,57,40
2026-05-21 16:00:51,2026-05-22,2,乒乓球厅-4号,10:00-11:00,0,1,可预约,￥5.0,晴,25,23,4,0.0,57,40
2026-05-21 16:30:48,2026-05-22,2,乒乓球厅-4号,10:00-11:00,0,1,可预约,￥5.0,晴,25,24,3,0.0,60,39
2026-05-21 17:00:49,2026-05-22,2,乒乓球厅-4号,10:00-11:00,0,1,可预约,￥5.0,晴,25,24,4,0.0,61,39
2026-05-21 17:30:47,2026-05-22,2,乒乓球厅-4号,10:00-11:00,0,1,可预约,￥5.0,多云,24,23,3,0.0,64,39
2026-05-21 18:00:50,2026-05-22,2,乒乓球厅-4号,10:00-11:00,0,1,可预约,￥5.0,多云,24,23,3,0.0,68,39
2026-05-21 18:30:50,2026-05-22,2,乒乓球厅-4号,10:00-11:00,0,1,可预约,￥5.0,阴,24,25,2,0.0,68,40
2026-05-21 19:00:50,2026-05-22,2,乒乓球厅-4号,10:00-11:00,0,1,可预约,￥5.0,阴,23,23,3,0.0,76,40
2026-05-21 19:30:46,2026-05-22,2,乒乓球厅-4号,10:00-11:00,0,1,可预约,￥5.0,阴,23,24,2,0.0,77,39
2026-05-21 20:00:49,2026-05-22,2,乒乓球厅-4号,10:00-11:00,0,1,可预约,￥5.0,雾,22,23,2,0.0,89,39
2026-05-21 20:30:44,2026-05-22,2,乒乓球厅-4号,10:00-11:00,0,1,可预约,￥5.0,雾,22,24,2,0.0,93,43
2026-05-21 21:00:56,2026-05-22,2,乒乓球厅-4号,10:00-11:00,0,1,可预约,￥5.0,雾,20,21,2,0.0,98,43
2026-05-21 21:30:46,2026-05-22,2,乒乓球厅-4号,10:00-11:00,0,1,可预约,￥5.0,雾,20,22,1,0.0,99,41
2026-05-21 22:01:02,2026-05-22,2,乒乓球厅-4号,10:00-11:00,0,1,可预约,￥5.0,雾,19,20,2,0.0,93,41
2026-05-21 22:30:47,2026-05-22,2,乒乓球厅-4号,10:00-11:00,0,1,可预约,￥5.0,雾,19,19,3,0.0,88,46
2026-05-21 23:00:56,2026-05-22,2,乒乓球厅-4号,10:00-11:00,0,1,可预约,￥5.0,多云,18,17,3,0.0,85,46
2026-05-21 23:30:55,2026-05-22,2,乒乓球厅-4号,10:00-11:00,0,1,可预约,￥5.0,多云,18,17,3,0.0,85,48
2026-05-21 08:00:45,2026-05-22,2,乒乓球厅-4号,11:00-12:00,0,1,可预约,￥5.0,晴,17,12,5,0.0,86,29
2026-05-21 08:02:30,2026-05-22,2,乒乓球厅-4号,11:00-12:00,0,1,可预约,￥5.0,多云,17,12,5,0.0,87,29
2026-05-21 08:05:36,2026-05-22,2,乒乓球厅-4号,11:00-12:00,0,1,可预约,￥5.0,多云,17,12,5,0.0,86,29
2026-05-21 08:08:31,2026-05-22,2,乒乓球厅-4号,11:00-12:00,0,1,可预约,￥5.0,多云,17,12,5,0.0,86,29
2026-05-21 08:11:30,2026-05-22,2,乒乓球厅-4号,11:00-12:00,0,1,可预约,￥5.0,多云,17,12,5,0.0,86,29
2026-05-21 08:14:31,2026-05-22,2,乒乓球厅-4号,11:00-12:00,0,1,可预约,￥5.0,多云,17,12,5,0.0,86,29
2026-05-21 08:17:30,2026-05-22,2,乒乓球厅-4号,11:00-12:00,0,1,可预约,￥5.0,多云,17,12,5,0.0,86,29
2026-05-21 08:20:35,2026-05-22,2,乒乓球厅-4号,11:00-12:00,0,1,可预约,￥5.0,多云,17,14,4,0.0,85,29
2026-05-21 08:25:32,2026-05-22,2,乒乓球厅-4号,11:00-12:00,0,1,可预约,￥5.0,多云,17,14,4,0.0,85,28
2026-05-21 08:30:42,2026-05-22,2,乒乓球厅-4号,11:00-12:00,0,1,可预约,￥5.0,多云,18,15,4,0.0,84,28
2026-05-21 08:35:31,2026-05-22,2,乒乓球厅-4号,11:00-12:00,0,1,可预约,￥5.0,多云,18,15,4,0.0,84,28
2026-05-21 08:40:38,2026-05-22,2,乒乓球厅-4号,11:00-12:00,0,1,可预约,￥5.0,多云,18,15,4,0.0,82,28
2026-05-21 08:45:33,2026-05-22,2,乒乓球厅-4号,11:00-12:00,0,1,可预约,￥5.0,多云,18,15,4,0.0,82,28
2026-05-21 08:50:36,2026-05-22,2,乒乓球厅-4号,11:00-12:00,0,1,可预约,￥5.0,多云,18,15,4,0.0,82,28
2026-05-21 08:55:34,2026-05-22,2,乒乓球厅-4号,11:00-12:00,0,1,可预约,￥5.0,多云,18,15,4,0.0,84,28
2026-05-21 09:00:51,2026-05-22,2,乒乓球厅-4号,11:00-12:00,0,1,可预约,￥5.0,多云,18,15,4,0.0,84,28
2026-05-21 09:01:59,2026-05-22,2,乒乓球厅-4号,11:00-12:00,0,1,可预约,￥5.0,多云,18,15,4,0.0,83,28
2026-05-21 09:05:33,2026-05-22,2,乒乓球厅-4号,11:00-12:00,0,1,可预约,￥5.0,多云,18,15,4,0.0,83,28
2026-05-21 09:20:38,2026-05-22,2,乒乓球厅-4号,11:00-12:00,0,1,可预约,￥5.0,多云,18,16,3,0.0,81,28
2026-05-21 09:30:46,2026-05-22,2,乒乓球厅-4号,11:00-12:00,0,1,可预约,￥5.0,多云,18,16,3,0.0,81,32
2026-05-21 09:40:36,2026-05-22,2,乒乓球厅-4号,11:00-12:00,0,1,可预约,￥5.0,多云,19,17,3,0.0,79,32
2026-05-21 09:50:42,2026-05-22,2,乒乓球厅-4号,11:00-12:00,0,1,可预约,￥5.0,多云,19,17,4,0.0,81,32
2026-05-21 10:00:46,2026-05-22,2,乒乓球厅-4号,11:00-12:00,0,1,可预约,￥5.0,多云,19,17,4,0.0,79,32
2026-05-21 10:10:40,2026-05-22,2,乒乓球厅-4号,11:00-12:00,0,1,可预约,￥5.0,多云,19,17,4,0.0,79,32
2026-05-21 10:20:38,2026-05-22,2,乒乓球厅-4号,11:00-12:00,0,1,可预约,￥5.0,多云,19,17,4,0.0,79,32
2026-05-21 10:30:41,2026-05-22,2,乒乓球厅-4号,11:00-12:00,0,1,可预约,￥5.0,多云,19,18,3,0.0,78,31
2026-05-21 11:00:44,2026-05-22,2,乒乓球厅-4号,11:00-12:00,0,1,可预约,￥5.0,多云,21,17,5,0.0,74,31
2026-05-21 11:30:38,2026-05-22,2,乒乓球厅-4号,11:00-12:00,0,1,可预约,￥5.0,多云,21,19,3,0.0,72,33
2026-05-21 12:00:46,2026-05-22,2,乒乓球厅-4号,11:00-12:00,0,1,可预约,￥5.0,多云,22,19,4,0.0,70,33
2026-05-21 12:30:42,2026-05-22,2,乒乓球厅-4号,11:00-12:00,0,1,可预约,￥5.0,多云,22,21,3,0.0,68,35
2026-05-21 13:00:43,2026-05-22,2,乒乓球厅-4号,11:00-12:00,0,1,可预约,￥5.0,多云,24,22,4,0.0,66,35
2026-05-21 13:30:43,2026-05-22,2,乒乓球厅-4号,11:00-12:00,0,1,可预约,￥5.0,多云,24,22,4,0.0,66,36
2026-05-21 14:00:48,2026-05-22,2,乒乓球厅-4号,11:00-12:00,0,1,可预约,￥5.0,多云,25,23,4,0.0,66,36
2026-05-21 14:30:45,2026-05-22,2,乒乓球厅-4号,11:00-12:00,0,1,可预约,￥5.0,晴,25,25,3,0.0,65,39
2026-05-21 15:00:45,2026-05-22,2,乒乓球厅-4号,11:00-12:00,0,1,可预约,￥5.0,晴,25,22,4,0.0,56,39
2026-05-21 15:30:43,2026-05-22,2,乒乓球厅-4号,11:00-12:00,0,1,可预约,￥5.0,晴,25,23,4,0.0,57,40
2026-05-21 16:00:51,2026-05-22,2,乒乓球厅-4号,11:00-12:00,0,1,可预约,￥5.0,晴,25,23,4,0.0,57,40
2026-05-21 16:30:48,2026-05-22,2,乒乓球厅-4号,11:00-12:00,0,1,可预约,￥5.0,晴,25,24,3,0.0,60,39
2026-05-21 17:00:49,2026-05-22,2,乒乓球厅-4号,11:00-12:00,0,1,可预约,￥5.0,晴,25,24,4,0.0,61,39
2026-05-21 17:30:47,2026-05-22,2,乒乓球厅-4号,11:00-12:00,0,1,可预约,￥5.0,多云,24,23,3,0.0,64,39
2026-05-21 18:00:50,2026-05-22,2,乒乓球厅-4号,11:00-12:00,0,1,可预约,￥5.0,多云,24,23,3,0.0,68,39
2026-05-21 18:30:50,2026-05-22,2,乒乓球厅-4号,11:00-12:00,0,1,可预约,￥5.0,阴,24,25,2,0.0,68,40
2026-05-21 19:00:50,2026-05-22,2,乒乓球厅-4号,11:00-12:00,0,1,可预约,￥5.0,阴,23,23,3,0.0,76,40
2026-05-21 19:30:46,2026-05-22,2,乒乓球厅-4号,11:00-12:00,0,1,可预约,￥5.0,阴,23,24,2,0.0,77,39
2026-05-21 20:00:49,2026-05-22,2,乒乓球厅-4号,11:00-12:00,0,1,可预约,￥5.0,雾,22,23,2,0.0,89,39
2026-05-21 20:30:44,2026-05-22,2,乒乓球厅-4号,11:00-12:00,0,1,可预约,￥5.0,雾,22,24,2,0.0,93,43
2026-05-21 21:00:56,2026-05-22,2,乒乓球厅-4号,11:00-12:00,0,1,可预约,￥5.0,雾,20,21,2,0.0,98,43
2026-05-21 21:30:46,2026-05-22,2,乒乓球厅-4号,11:00-12:00,0,1,可预约,￥5.0,雾,20,22,1,0.0,99,41
2026-05-21 22:01:02,2026-05-22,2,乒乓球厅-4号,11:00-12:00,0,1,可预约,￥5.0,雾,19,20,2,0.0,93,41
2026-05-21 22:30:47,2026-05-22,2,乒乓球厅-4号,11:00-12:00,0,1,可预约,￥5.0,雾,19,19,3,0.0,88,46
2026-05-21 23:00:56,2026-05-22,2,乒乓球厅-4号,11:00-12:00,0,1,可预约,￥5.0,多云,18,17,3,0.0,85,46
2026-05-21 23:30:55,2026-05-22,2,乒乓球厅-4号,11:00-12:00,0,1,可预约,￥5.0,多云,18,17,3,0.0,85,48
2026-05-21 08:00:45,2026-05-22,2,乒乓球厅-4号,12:00-12:55,0,1,可预约,￥0.0,晴,17,12,5,0.0,86,29
2026-05-21 08:02:30,2026-05-22,2,乒乓球厅-4号,12:00-12:55,0,1,可预约,￥0.0,多云,17,12,5,0.0,87,29
2026-05-21 08:05:36,2026-05-22,2,乒乓球厅-4号,12:00-12:55,0,1,可预约,￥0.0,多云,17,12,5,0.0,86,29
2026-05-21 08:08:31,2026-05-22,2,乒乓球厅-4号,12:00-12:55,0,1,可预约,￥0.0,多云,17,12,5,0.0,86,29
2026-05-21 08:11:30,2026-05-22,2,乒乓球厅-4号,12:00-12:55,0,1,可预约,￥0.0,多云,17,12,5,0.0,86,29
2026-05-21 08:14:31,2026-05-22,2,乒乓球厅-4号,12:00-12:55,0,1,可预约,￥0.0,多云,17,12,5,0.0,86,29
2026-05-21 08:17:30,2026-05-22,2,乒乓球厅-4号,12:00-12:55,0,1,可预约,￥0.0,多云,17,12,5,0.0,86,29
2026-05-21 08:20:35,2026-05-22,2,乒乓球厅-4号,12:00-12:55,0,1,可预约,￥0.0,多云,17,14,4,0.0,85,29
2026-05-21 08:25:32,2026-05-22,2,乒乓球厅-4号,12:00-12:55,0,1,可预约,￥0.0,多云,17,14,4,0.0,85,28
2026-05-21 08:30:42,2026-05-22,2,乒乓球厅-4号,12:00-12:55,0,1,可预约,￥0.0,多云,18,15,4,0.0,84,28
2026-05-21 08:35:31,2026-05-22,2,乒乓球厅-4号,12:00-12:55,0,1,可预约,￥0.0,多云,18,15,4,0.0,84,28
2026-05-21 08:40:38,2026-05-22,2,乒乓球厅-4号,12:00-12:55,0,1,可预约,￥0.0,多云,18,15,4,0.0,82,28
2026-05-21 08:45:33,2026-05-22,2,乒乓球厅-4号,12:00-12:55,0,1,可预约,￥0.0,多云,18,15,4,0.0,82,28
2026-05-21 08:50:36,2026-05-22,2,乒乓球厅-4号,12:00-12:55,0,1,可预约,￥0.0,多云,18,15,4,0.0,82,28
2026-05-21 08:55:34,2026-05-22,2,乒乓球厅-4号,12:00-12:55,0,1,可预约,￥0.0,多云,18,15,4,0.0,84,28
2026-05-21 09:00:51,2026-05-22,2,乒乓球厅-4号,12:00-12:55,0,1,可预约,￥0.0,多云,18,15,4,0.0,84,28
2026-05-21 09:01:59,2026-05-22,2,乒乓球厅-4号,12:00-12:55,0,1,可预约,￥0.0,多云,18,15,4,0.0,83,28
2026-05-21 09:05:33,2026-05-22,2,乒乓球厅-4号,12:00-12:55,0,1,可预约,￥0.0,多云,18,15,4,0.0,83,28
2026-05-21 09:20:38,2026-05-22,2,乒乓球厅-4号,12:00-12:55,0,1,可预约,￥0.0,多云,18,16,3,0.0,81,28
2026-05-21 09:30:46,2026-05-22,2,乒乓球厅-4号,12:00-12:55,0,1,可预约,￥0.0,多云,18,16,3,0.0,81,32
2026-05-21 09:40:36,2026-05-22,2,乒乓球厅-4号,12:00-12:55,0,1,可预约,￥0.0,多云,19,17,3,0.0,79,32
2026-05-21 09:50:42,2026-05-22,2,乒乓球厅-4号,12:00-12:55,0,1,可预约,￥0.0,多云,19,17,4,0.0,81,32
2026-05-21 10:00:46,2026-05-22,2,乒乓球厅-4号,12:00-12:55,0,1,可预约,￥0.0,多云,19,17,4,0.0,79,32
2026-05-21 10:10:40,2026-05-22,2,乒乓球厅-4号,12:00-12:55,0,1,可预约,￥0.0,多云,19,17,4,0.0,79,32
2026-05-21 10:20:38,2026-05-22,2,乒乓球厅-4号,12:00-12:55,0,1,可预约,￥0.0,多云,19,17,4,0.0,79,32
2026-05-21 10:30:41,2026-05-22,2,乒乓球厅-4号,12:00-12:55,0,1,可预约,￥0.0,多云,19,18,3,0.0,78,31
2026-05-21 11:00:44,2026-05-22,2,乒乓球厅-4号,12:00-12:55,0,1,可预约,￥0.0,多云,21,17,5,0.0,74,31
2026-05-21 11:30:38,2026-05-22,2,乒乓球厅-4号,12:00-12:55,0,1,可预约,￥0.0,多云,21,19,3,0.0,72,33
2026-05-21 12:00:46,2026-05-22,2,乒乓球厅-4号,12:00-12:55,0,1,可预约,￥0.0,多云,22,19,4,0.0,70,33
2026-05-21 12:30:42,2026-05-22,2,乒乓球厅-4号,12:00-12:55,0,1,可预约,￥0.0,多云,22,21,3,0.0,68,35
2026-05-21 13:00:43,2026-05-22,2,乒乓球厅-4号,12:00-12:55,0,1,可预约,￥0.0,多云,24,22,4,0.0,66,35
2026-05-21 13:30:43,2026-05-22,2,乒乓球厅-4号,12:00-12:55,0,1,可预约,￥0.0,多云,24,22,4,0.0,66,36
2026-05-21 14:00:48,2026-05-22,2,乒乓球厅-4号,12:00-12:55,0,1,可预约,￥0.0,多云,25,23,4,0.0,66,36
2026-05-21 14:30:45,2026-05-22,2,乒乓球厅-4号,12:00-12:55,0,1,可预约,￥0.0,晴,25,25,3,0.0,65,39
2026-05-21 15:00:45,2026-05-22,2,乒乓球厅-4号,12:00-12:55,0,1,可预约,￥0.0,晴,25,22,4,0.0,56,39
2026-05-21 15:30:43,2026-05-22,2,乒乓球厅-4号,12:00-12:55,0,1,可预约,￥0.0,晴,25,23,4,0.0,57,40
2026-05-21 16:00:51,2026-05-22,2,乒乓球厅-4号,12:00-12:55,0,1,可预约,￥0.0,晴,25,23,4,0.0,57,40
2026-05-21 16:30:48,2026-05-22,2,乒乓球厅-4号,12:00-12:55,0,1,可预约,￥0.0,晴,25,24,3,0.0,60,39
2026-05-21 17:00:49,2026-05-22,2,乒乓球厅-4号,12:00-12:55,0,1,可预约,￥0.0,晴,25,24,4,0.0,61,39
2026-05-21 17:30:47,2026-05-22,2,乒乓球厅-4号,12:00-12:55,0,1,可预约,￥0.0,多云,24,23,3,0.0,64,39
2026-05-21 18:00:50,2026-05-22,2,乒乓球厅-4号,12:00-12:55,0,1,可预约,￥0.0,多云,24,23,3,0.0,68,39
2026-05-21 18:30:50,2026-05-22,2,乒乓球厅-4号,12:00-12:55,0,1,可预约,￥0.0,阴,24,25,2,0.0,68,40
2026-05-21 19:00:50,2026-05-22,2,乒乓球厅-4号,12:00-12:55,0,1,可预约,￥0.0,阴,23,23,3,0.0,76,40
2026-05-21 19:30:46,2026-05-22,2,乒乓球厅-4号,12:00-12:55,0,1,可预约,￥0.0,阴,23,24,2,0.0,77,39
2026-05-21 20:00:49,2026-05-22,2,乒乓球厅-4号,12:00-12:55,0,1,可预约,￥0.0,雾,22,23,2,0.0,89,39
2026-05-21 20:30:44,2026-05-22,2,乒乓球厅-4号,12:00-12:55,0,1,可预约,￥0.0,雾,22,24,2,0.0,93,43
2026-05-21 21:00:56,2026-05-22,2,乒乓球厅-4号,12:00-12:55,0,1,可预约,￥0.0,雾,20,21,2,0.0,98,43
2026-05-21 21:30:46,2026-05-22,2,乒乓球厅-4号,12:00-12:55,0,1,可预约,￥0.0,雾,20,22,1,0.0,99,41
2026-05-21 22:01:02,2026-05-22,2,乒乓球厅-4号,12:00-12:55,0,1,可预约,￥0.0,雾,19,20,2,0.0,93,41
2026-05-21 22:30:47,2026-05-22,2,乒乓球厅-4号,12:00-12:55,0,1,可预约,￥0.0,雾,19,19,3,0.0,88,46
2026-05-21 23:00:56,2026-05-22,2,乒乓球厅-4号,12:00-12:55,0,1,可预约,￥0.0,多云,18,17,3,0.0,85,46
2026-05-21 23:30:55,2026-05-22,2,乒乓球厅-4号,12:00-12:55,0,1,可预约,￥0.0,多云,18,17,3,0.0,85,48
2026-05-21 08:00:45,2026-05-22,2,乒乓球厅-4号,12:55-13:50,0,1,可预约,￥0.0,晴,17,12,5,0.0,86,29
2026-05-21 08:02:30,2026-05-22,2,乒乓球厅-4号,12:55-13:50,0,1,可预约,￥0.0,多云,17,12,5,0.0,87,29
2026-05-21 08:05:36,2026-05-22,2,乒乓球厅-4号,12:55-13:50,0,1,可预约,￥0.0,多云,17,12,5,0.0,86,29
2026-05-21 08:08:31,2026-05-22,2,乒乓球厅-4号,12:55-13:50,0,1,可预约,￥0.0,多云,17,12,5,0.0,86,29
2026-05-21 08:11:30,2026-05-22,2,乒乓球厅-4号,12:55-13:50,0,1,可预约,￥0.0,多云,17,12,5,0.0,86,29
2026-05-21 08:14:31,2026-05-22,2,乒乓球厅-4号,12:55-13:50,0,1,可预约,￥0.0,多云,17,12,5,0.0,86,29
2026-05-21 08:17:30,2026-05-22,2,乒乓球厅-4号,12:55-13:50,0,1,可预约,￥0.0,多云,17,12,5,0.0,86,29
2026-05-21 08:20:35,2026-05-22,2,乒乓球厅-4号,12:55-13:50,0,1,可预约,￥0.0,多云,17,14,4,0.0,85,29
2026-05-21 08:25:32,2026-05-22,2,乒乓球厅-4号,12:55-13:50,0,1,可预约,￥0.0,多云,17,14,4,0.0,85,28
2026-05-21 08:30:42,2026-05-22,2,乒乓球厅-4号,12:55-13:50,0,1,可预约,￥0.0,多云,18,15,4,0.0,84,28
2026-05-21 08:35:31,2026-05-22,2,乒乓球厅-4号,12:55-13:50,0,1,可预约,￥0.0,多云,18,15,4,0.0,84,28
2026-05-21 08:40:38,2026-05-22,2,乒乓球厅-4号,12:55-13:50,0,1,可预约,￥0.0,多云,18,15,4,0.0,82,28
2026-05-21 08:45:33,2026-05-22,2,乒乓球厅-4号,12:55-13:50,0,1,可预约,￥0.0,多云,18,15,4,0.0,82,28
2026-05-21 08:50:36,2026-05-22,2,乒乓球厅-4号,12:55-13:50,0,1,可预约,￥0.0,多云,18,15,4,0.0,82,28
2026-05-21 08:55:34,2026-05-22,2,乒乓球厅-4号,12:55-13:50,0,1,可预约,￥0.0,多云,18,15,4,0.0,84,28
2026-05-21 09:00:51,2026-05-22,2,乒乓球厅-4号,12:55-13:50,0,1,可预约,￥0.0,多云,18,15,4,0.0,84,28
2026-05-21 09:01:59,2026-05-22,2,乒乓球厅-4号,12:55-13:50,0,1,可预约,￥0.0,多云,18,15,4,0.0,83,28
2026-05-21 09:05:33,2026-05-22,2,乒乓球厅-4号,12:55-13:50,0,1,可预约,￥0.0,多云,18,15,4,0.0,83,28
2026-05-21 09:20:38,2026-05-22,2,乒乓球厅-4号,12:55-13:50,0,1,可预约,￥0.0,多云,18,16,3,0.0,81,28
2026-05-21 09:30:46,2026-05-22,2,乒乓球厅-4号,12:55-13:50,0,1,可预约,￥0.0,多云,18,16,3,0.0,81,32
2026-05-21 09:40:36,2026-05-22,2,乒乓球厅-4号,12:55-13:50,0,1,可预约,￥0.0,多云,19,17,3,0.0,79,32
2026-05-21 09:50:42,2026-05-22,2,乒乓球厅-4号,12:55-13:50,0,1,可预约,￥0.0,多云,19,17,4,0.0,81,32
2026-05-21 10:00:46,2026-05-22,2,乒乓球厅-4号,12:55-13:50,0,1,可预约,￥0.0,多云,19,17,4,0.0,79,32
2026-05-21 10:10:40,2026-05-22,2,乒乓球厅-4号,12:55-13:50,0,1,可预约,￥0.0,多云,19,17,4,0.0,79,32
2026-05-21 10:20:38,2026-05-22,2,乒乓球厅-4号,12:55-13:50,0,1,可预约,￥0.0,多云,19,17,4,0.0,79,32
2026-05-21 10:30:41,2026-05-22,2,乒乓球厅-4号,12:55-13:50,0,1,可预约,￥0.0,多云,19,18,3,0.0,78,31
2026-05-21 11:00:44,2026-05-22,2,乒乓球厅-4号,12:55-13:50,0,1,可预约,￥0.0,多云,21,17,5,0.0,74,31
2026-05-21 11:30:38,2026-05-22,2,乒乓球厅-4号,12:55-13:50,0,1,可预约,￥0.0,多云,21,19,3,0.0,72,33
2026-05-21 12:00:46,2026-05-22,2,乒乓球厅-4号,12:55-13:50,0,1,可预约,￥0.0,多云,22,19,4,0.0,70,33
2026-05-21 12:30:42,2026-05-22,2,乒乓球厅-4号,12:55-13:50,0,1,可预约,￥0.0,多云,22,21,3,0.0,68,35
2026-05-21 13:00:43,2026-05-22,2,乒乓球厅-4号,12:55-13:50,0,1,可预约,￥0.0,多云,24,22,4,0.0,66,35
2026-05-21 13:30:43,2026-05-22,2,乒乓球厅-4号,12:55-13:50,0,1,可预约,￥0.0,多云,24,22,4,0.0,66,36
2026-05-21 14:00:48,2026-05-22,2,乒乓球厅-4号,12:55-13:50,0,1,可预约,￥0.0,多云,25,23,4,0.0,66,36
2026-05-21 14:30:45,2026-05-22,2,乒乓球厅-4号,12:55-13:50,0,1,可预约,￥0.0,晴,25,25,3,0.0,65,39
2026-05-21 15:00:45,2026-05-22,2,乒乓球厅-4号,12:55-13:50,0,1,可预约,￥0.0,晴,25,22,4,0.0,56,39
2026-05-21 15:30:43,2026-05-22,2,乒乓球厅-4号,12:55-13:50,0,1,可预约,￥0.0,晴,25,23,4,0.0,57,40
2026-05-21 16:00:51,2026-05-22,2,乒乓球厅-4号,12:55-13:50,0,1,可预约,￥0.0,晴,25,23,4,0.0,57,40
2026-05-21 16:30:48,2026-05-22,2,乒乓球厅-4号,12:55-13:50,0,1,可预约,￥0.0,晴,25,24,3,0.0,60,39
2026-05-21 17:00:49,2026-05-22,2,乒乓球厅-4号,12:55-13:50,0,1,可预约,￥0.0,晴,25,24,4,0.0,61,39
2026-05-21 17:30:47,2026-05-22,2,乒乓球厅-4号,12:55-13:50,0,1,可预约,￥0.0,多云,24,23,3,0.0,64,39
2026-05-21 18:00:50,2026-05-22,2,乒乓球厅-4号,12:55-13:50,0,1,可预约,￥0.0,多云,24,23,3,0.0,68,39
2026-05-21 18:30:50,2026-05-22,2,乒乓球厅-4号,12:55-13:50,0,1,可预约,￥0.0,阴,24,25,2,0.0,68,40
2026-05-21 19:00:50,2026-05-22,2,乒乓球厅-4号,12:55-13:50,0,1,可预约,￥0.0,阴,23,23,3,0.0,76,40
2026-05-21 19:30:46,2026-05-22,2,乒乓球厅-4号,12:55-13:50,0,1,可预约,￥0.0,阴,23,24,2,0.0,77,39
2026-05-21 20:00:49,2026-05-22,2,乒乓球厅-4号,12:55-13:50,0,1,可预约,￥0.0,雾,22,23,2,0.0,89,39
2026-05-21 20:30:44,2026-05-22,2,乒乓球厅-4号,12:55-13:50,0,1,可预约,￥0.0,雾,22,24,2,0.0,93,43
2026-05-21 21:00:56,2026-05-22,2,乒乓球厅-4号,12:55-13:50,0,1,可预约,￥0.0,雾,20,21,2,0.0,98,43
2026-05-21 21:30:46,2026-05-22,2,乒乓球厅-4号,12:55-13:50,0,1,可预约,￥0.0,雾,20,22,1,0.0,99,41
2026-05-21 22:01:02,2026-05-22,2,乒乓球厅-4号,12:55-13:50,0,1,可预约,￥0.0,雾,19,20,2,0.0,93,41
2026-05-21 22:30:47,2026-05-22,2,乒乓球厅-4号,12:55-13:50,0,1,可预约,￥0.0,雾,19,19,3,0.0,88,46
2026-05-21 23:00:56,2026-05-22,2,乒乓球厅-4号,12:55-13:50,0,1,可预约,￥0.0,多云,18,17,3,0.0,85,46
2026-05-21 23:30:55,2026-05-22,2,乒乓球厅-4号,12:55-13:50,0,1,可预约,￥0.0,多云,18,17,3,0.0,85,48
2026-05-21 08:00:45,2026-05-22,2,乒乓球厅-4号,14:00-15:00,1,1,已售/已满,教学时间,晴,17,12,5,0.0,86,29
2026-05-21 08:02:30,2026-05-22,2,乒乓球厅-4号,14:00-15:00,1,1,已售/已满,教学时间,多云,17,12,5,0.0,87,29
2026-05-21 08:05:36,2026-05-22,2,乒乓球厅-4号,14:00-15:00,1,1,已售/已满,教学时间,多云,17,12,5,0.0,86,29
2026-05-21 08:08:31,2026-05-22,2,乒乓球厅-4号,14:00-15:00,1,1,已售/已满,教学时间,多云,17,12,5,0.0,86,29
2026-05-21 08:11:30,2026-05-22,2,乒乓球厅-4号,14:00-15:00,1,1,已售/已满,教学时间,多云,17,12,5,0.0,86,29
2026-05-21 08:14:31,2026-05-22,2,乒乓球厅-4号,14:00-15:00,1,1,已售/已满,教学时间,多云,17,12,5,0.0,86,29
2026-05-21 08:17:30,2026-05-22,2,乒乓球厅-4号,14:00-15:00,1,1,已售/已满,教学时间,多云,17,12,5,0.0,86,29
2026-05-21 08:20:35,2026-05-22,2,乒乓球厅-4号,14:00-15:00,1,1,已售/已满,教学时间,多云,17,14,4,0.0,85,29
2026-05-21 08:25:32,2026-05-22,2,乒乓球厅-4号,14:00-15:00,1,1,已售/已满,教学时间,多云,17,14,4,0.0,85,28
2026-05-21 08:30:42,2026-05-22,2,乒乓球厅-4号,14:00-15:00,1,1,已售/已满,教学时间,多云,18,15,4,0.0,84,28
2026-05-21 08:35:31,2026-05-22,2,乒乓球厅-4号,14:00-15:00,1,1,已售/已满,教学时间,多云,18,15,4,0.0,84,28
2026-05-21 08:40:38,2026-05-22,2,乒乓球厅-4号,14:00-15:00,1,1,已售/已满,教学时间,多云,18,15,4,0.0,82,28
2026-05-21 08:45:33,2026-05-22,2,乒乓球厅-4号,14:00-15:00,1,1,已售/已满,教学时间,多云,18,15,4,0.0,82,28
2026-05-21 08:50:36,2026-05-22,2,乒乓球厅-4号,14:00-15:00,1,1,已售/已满,教学时间,多云,18,15,4,0.0,82,28
2026-05-21 08:55:34,2026-05-22,2,乒乓球厅-4号,14:00-15:00,1,1,已售/已满,教学时间,多云,18,15,4,0.0,84,28
2026-05-21 09:00:51,2026-05-22,2,乒乓球厅-4号,14:00-15:00,1,1,已售/已满,教学时间,多云,18,15,4,0.0,84,28
2026-05-21 09:01:59,2026-05-22,2,乒乓球厅-4号,14:00-15:00,1,1,已售/已满,教学时间,多云,18,15,4,0.0,83,28
2026-05-21 09:05:33,2026-05-22,2,乒乓球厅-4号,14:00-15:00,1,1,已售/已满,教学时间,多云,18,15,4,0.0,83,28
2026-05-21 09:20:38,2026-05-22,2,乒乓球厅-4号,14:00-15:00,1,1,已售/已满,教学时间,多云,18,16,3,0.0,81,28
2026-05-21 09:30:46,2026-05-22,2,乒乓球厅-4号,14:00-15:00,1,1,已售/已满,教学时间,多云,18,16,3,0.0,81,32
2026-05-21 09:40:36,2026-05-22,2,乒乓球厅-4号,14:00-15:00,1,1,已售/已满,教学时间,多云,19,17,3,0.0,79,32
2026-05-21 09:50:42,2026-05-22,2,乒乓球厅-4号,14:00-15:00,1,1,已售/已满,教学时间,多云,19,17,4,0.0,81,32
2026-05-21 10:00:46,2026-05-22,2,乒乓球厅-4号,14:00-15:00,1,1,已售/已满,教学时间,多云,19,17,4,0.0,79,32
2026-05-21 10:10:40,2026-05-22,2,乒乓球厅-4号,14:00-15:00,1,1,已售/已满,教学时间,多云,19,17,4,0.0,79,32
2026-05-21 10:20:38,2026-05-22,2,乒乓球厅-4号,14:00-15:00,1,1,已售/已满,教学时间,多云,19,17,4,0.0,79,32
2026-05-21 10:30:41,2026-05-22,2,乒乓球厅-4号,14:00-15:00,1,1,已售/已满,教学时间,多云,19,18,3,0.0,78,31
2026-05-21 11:00:44,2026-05-22,2,乒乓球厅-4号,14:00-15:00,1,1,已售/已满,教学时间,多云,21,17,5,0.0,74,31
2026-05-21 11:30:38,2026-05-22,2,乒乓球厅-4号,14:00-15:00,1,1,已售/已满,教学时间,多云,21,19,3,0.0,72,33
2026-05-21 12:00:46,2026-05-22,2,乒乓球厅-4号,14:00-15:00,1,1,已售/已满,教学时间,多云,22,19,4,0.0,70,33
2026-05-21 12:30:42,2026-05-22,2,乒乓球厅-4号,14:00-15:00,1,1,已售/已满,教学时间,多云,22,21,3,0.0,68,35
2026-05-21 13:00:43,2026-05-22,2,乒乓球厅-4号,14:00-15:00,1,1,已售/已满,教学时间,多云,24,22,4,0.0,66,35
2026-05-21 13:30:43,2026-05-22,2,乒乓球厅-4号,14:00-15:00,1,1,已售/已满,教学时间,多云,24,22,4,0.0,66,36
2026-05-21 14:00:48,2026-05-22,2,乒乓球厅-4号,14:00-15:00,1,1,已售/已满,教学时间,多云,25,23,4,0.0,66,36
2026-05-21 14:30:45,2026-05-22,2,乒乓球厅-4号,14:00-15:00,1,1,已售/已满,教学时间,晴,25,25,3,0.0,65,39
2026-05-21 15:00:45,2026-05-22,2,乒乓球厅-4号,14:00-15:00,1,1,已售/已满,教学时间,晴,25,22,4,0.0,56,39
2026-05-21 15:30:43,2026-05-22,2,乒乓球厅-4号,14:00-15:00,1,1,已售/已满,教学时间,晴,25,23,4,0.0,57,40
2026-05-21 16:00:51,2026-05-22,2,乒乓球厅-4号,14:00-15:00,1,1,已售/已满,教学时间,晴,25,23,4,0.0,57,40
2026-05-21 16:30:48,2026-05-22,2,乒乓球厅-4号,14:00-15:00,1,1,已售/已满,教学时间,晴,25,24,3,0.0,60,39
2026-05-21 17:00:49,2026-05-22,2,乒乓球厅-4号,14:00-15:00,1,1,已售/已满,教学时间,晴,25,24,4,0.0,61,39
2026-05-21 17:30:47,2026-05-22,2,乒乓球厅-4号,14:00-15:00,1,1,已售/已满,教学时间,多云,24,23,3,0.0,64,39
2026-05-21 18:00:50,2026-05-22,2,乒乓球厅-4号,14:00-15:00,1,1,已售/已满,教学时间,多云,24,23,3,0.0,68,39
2026-05-21 18:30:50,2026-05-22,2,乒乓球厅-4号,14:00-15:00,1,1,已售/已满,教学时间,阴,24,25,2,0.0,68,40
2026-05-21 19:00:50,2026-05-22,2,乒乓球厅-4号,14:00-15:00,1,1,已售/已满,教学时间,阴,23,23,3,0.0,76,40
2026-05-21 19:30:46,2026-05-22,2,乒乓球厅-4号,14:00-15:00,1,1,已售/已满,教学时间,阴,23,24,2,0.0,77,39
2026-05-21 20:00:49,2026-05-22,2,乒乓球厅-4号,14:00-15:00,1,1,已售/已满,教学时间,雾,22,23,2,0.0,89,39
2026-05-21 20:30:44,2026-05-22,2,乒乓球厅-4号,14:00-15:00,1,1,已售/已满,教学时间,雾,22,24,2,0.0,93,43
2026-05-21 21:00:56,2026-05-22,2,乒乓球厅-4号,14:00-15:00,1,1,已售/已满,教学时间,雾,20,21,2,0.0,98,43
2026-05-21 21:30:46,2026-05-22,2,乒乓球厅-4号,14:00-15:00,1,1,已售/已满,教学时间,雾,20,22,1,0.0,99,41
2026-05-21 22:01:02,2026-05-22,2,乒乓球厅-4号,14:00-15:00,1,1,已售/已满,教学时间,雾,19,20,2,0.0,93,41
2026-05-21 22:30:47,2026-05-22,2,乒乓球厅-4号,14:00-15:00,1,1,已售/已满,教学时间,雾,19,19,3,0.0,88,46
2026-05-21 23:00:56,2026-05-22,2,乒乓球厅-4号,14:00-15:00,1,1,已售/已满,教学时间,多云,18,17,3,0.0,85,46
2026-05-21 23:30:55,2026-05-22,2,乒乓球厅-4号,14:00-15:00,1,1,已售/已满,教学时间,多云,18,17,3,0.0,85,48
2026-05-21 08:00:45,2026-05-22,2,乒乓球厅-4号,15:00-16:00,1,1,已售/已满,教学时间,晴,17,12,5,0.0,86,29
2026-05-21 08:02:30,2026-05-22,2,乒乓球厅-4号,15:00-16:00,1,1,已售/已满,教学时间,多云,17,12,5,0.0,87,29
2026-05-21 08:05:36,2026-05-22,2,乒乓球厅-4号,15:00-16:00,1,1,已售/已满,教学时间,多云,17,12,5,0.0,86,29
2026-05-21 08:08:31,2026-05-22,2,乒乓球厅-4号,15:00-16:00,1,1,已售/已满,教学时间,多云,17,12,5,0.0,86,29
2026-05-21 08:11:30,2026-05-22,2,乒乓球厅-4号,15:00-16:00,1,1,已售/已满,教学时间,多云,17,12,5,0.0,86,29
2026-05-21 08:14:31,2026-05-22,2,乒乓球厅-4号,15:00-16:00,1,1,已售/已满,教学时间,多云,17,12,5,0.0,86,29
2026-05-21 08:17:30,2026-05-22,2,乒乓球厅-4号,15:00-16:00,1,1,已售/已满,教学时间,多云,17,12,5,0.0,86,29
2026-05-21 08:20:35,2026-05-22,2,乒乓球厅-4号,15:00-16:00,1,1,已售/已满,教学时间,多云,17,14,4,0.0,85,29
2026-05-21 08:25:32,2026-05-22,2,乒乓球厅-4号,15:00-16:00,1,1,已售/已满,教学时间,多云,17,14,4,0.0,85,28
2026-05-21 08:30:42,2026-05-22,2,乒乓球厅-4号,15:00-16:00,1,1,已售/已满,教学时间,多云,18,15,4,0.0,84,28
2026-05-21 08:35:31,2026-05-22,2,乒乓球厅-4号,15:00-16:00,1,1,已售/已满,教学时间,多云,18,15,4,0.0,84,28
2026-05-21 08:40:38,2026-05-22,2,乒乓球厅-4号,15:00-16:00,1,1,已售/已满,教学时间,多云,18,15,4,0.0,82,28
2026-05-21 08:45:33,2026-05-22,2,乒乓球厅-4号,15:00-16:00,1,1,已售/已满,教学时间,多云,18,15,4,0.0,82,28
2026-05-21 08:50:36,2026-05-22,2,乒乓球厅-4号,15:00-16:00,1,1,已售/已满,教学时间,多云,18,15,4,0.0,82,28
2026-05-21 08:55:34,2026-05-22,2,乒乓球厅-4号,15:00-16:00,1,1,已售/已满,教学时间,多云,18,15,4,0.0,84,28
2026-05-21 09:00:51,2026-05-22,2,乒乓球厅-4号,15:00-16:00,1,1,已售/已满,教学时间,多云,18,15,4,0.0,84,28
2026-05-21 09:01:59,2026-05-22,2,乒乓球厅-4号,15:00-16:00,1,1,已售/已满,教学时间,多云,18,15,4,0.0,83,28
2026-05-21 09:05:33,2026-05-22,2,乒乓球厅-4号,15:00-16:00,1,1,已售/已满,教学时间,多云,18,15,4,0.0,83,28
2026-05-21 09:20:38,2026-05-22,2,乒乓球厅-4号,15:00-16:00,1,1,已售/已满,教学时间,多云,18,16,3,0.0,81,28
2026-05-21 09:30:46,2026-05-22,2,乒乓球厅-4号,15:00-16:00,1,1,已售/已满,教学时间,多云,18,16,3,0.0,81,32
2026-05-21 09:40:36,2026-05-22,2,乒乓球厅-4号,15:00-16:00,1,1,已售/已满,教学时间,多云,19,17,3,0.0,79,32
2026-05-21 09:50:42,2026-05-22,2,乒乓球厅-4号,15:00-16:00,1,1,已售/已满,教学时间,多云,19,17,4,0.0,81,32
2026-05-21 10:00:46,2026-05-22,2,乒乓球厅-4号,15:00-16:00,1,1,已售/已满,教学时间,多云,19,17,4,0.0,79,32
2026-05-21 10:10:40,2026-05-22,2,乒乓球厅-4号,15:00-16:00,1,1,已售/已满,教学时间,多云,19,17,4,0.0,79,32
2026-05-21 10:20:38,2026-05-22,2,乒乓球厅-4号,15:00-16:00,1,1,已售/已满,教学时间,多云,19,17,4,0.0,79,32
2026-05-21 10:30:41,2026-05-22,2,乒乓球厅-4号,15:00-16:00,1,1,已售/已满,教学时间,多云,19,18,3,0.0,78,31
2026-05-21 11:00:44,2026-05-22,2,乒乓球厅-4号,15:00-16:00,1,1,已售/已满,教学时间,多云,21,17,5,0.0,74,31
2026-05-21 11:30:38,2026-05-22,2,乒乓球厅-4号,15:00-16:00,1,1,已售/已满,教学时间,多云,21,19,3,0.0,72,33
2026-05-21 12:00:46,2026-05-22,2,乒乓球厅-4号,15:00-16:00,1,1,已售/已满,教学时间,多云,22,19,4,0.0,70,33
2026-05-21 12:30:42,2026-05-22,2,乒乓球厅-4号,15:00-16:00,1,1,已售/已满,教学时间,多云,22,21,3,0.0,68,35
2026-05-21 13:00:43,2026-05-22,2,乒乓球厅-4号,15:00-16:00,1,1,已售/已满,教学时间,多云,24,22,4,0.0,66,35
2026-05-21 13:30:43,2026-05-22,2,乒乓球厅-4号,15:00-16:00,1,1,已售/已满,教学时间,多云,24,22,4,0.0,66,36
2026-05-21 14:00:48,2026-05-22,2,乒乓球厅-4号,15:00-16:00,1,1,已售/已满,教学时间,多云,25,23,4,0.0,66,36
2026-05-21 14:30:45,2026-05-22,2,乒乓球厅-4号,15:00-16:00,1,1,已售/已满,教学时间,晴,25,25,3,0.0,65,39
2026-05-21 15:00:45,2026-05-22,2,乒乓球厅-4号,15:00-16:00,1,1,已售/已满,教学时间,晴,25,22,4,0.0,56,39
2026-05-21 15:30:43,2026-05-22,2,乒乓球厅-4号,15:00-16:00,1,1,已售/已满,教学时间,晴,25,23,4,0.0,57,40
2026-05-21 16:00:51,2026-05-22,2,乒乓球厅-4号,15:00-16:00,1,1,已售/已满,教学时间,晴,25,23,4,0.0,57,40
2026-05-21 16:30:48,2026-05-22,2,乒乓球厅-4号,15:00-16:00,1,1,已售/已满,教学时间,晴,25,24,3,0.0,60,39
2026-05-21 17:00:49,2026-05-22,2,乒乓球厅-4号,15:00-16:00,1,1,已售/已满,教学时间,晴,25,24,4,0.0,61,39
2026-05-21 17:30:47,2026-05-22,2,乒乓球厅-4号,15:00-16:00,1,1,已售/已满,教学时间,多云,24,23,3,0.0,64,39
2026-05-21 18:00:50,2026-05-22,2,乒乓球厅-4号,15:00-16:00,1,1,已售/已满,教学时间,多云,24,23,3,0.0,68,39
2026-05-21 18:30:50,2026-05-22,2,乒乓球厅-4号,15:00-16:00,1,1,已售/已满,教学时间,阴,24,25,2,0.0,68,40
2026-05-21 19:00:50,2026-05-22,2,乒乓球厅-4号,15:00-16:00,1,1,已售/已满,教学时间,阴,23,23,3,0.0,76,40
2026-05-21 19:30:46,2026-05-22,2,乒乓球厅-4号,15:00-16:00,1,1,已售/已满,教学时间,阴,23,24,2,0.0,77,39
2026-05-21 20:00:49,2026-05-22,2,乒乓球厅-4号,15:00-16:00,1,1,已售/已满,教学时间,雾,22,23,2,0.0,89,39
2026-05-21 20:30:44,2026-05-22,2,乒乓球厅-4号,15:00-16:00,1,1,已售/已满,教学时间,雾,22,24,2,0.0,93,43
2026-05-21 21:00:56,2026-05-22,2,乒乓球厅-4号,15:00-16:00,1,1,已售/已满,教学时间,雾,20,21,2,0.0,98,43
2026-05-21 21:30:46,2026-05-22,2,乒乓球厅-4号,15:00-16:00,1,1,已售/已满,教学时间,雾,20,22,1,0.0,99,41
2026-05-21 22:01:02,2026-05-22,2,乒乓球厅-4号,15:00-16:00,1,1,已售/已满,教学时间,雾,19,20,2,0.0,93,41
2026-05-21 22:30:47,2026-05-22,2,乒乓球厅-4号,15:00-16:00,1,1,已售/已满,教学时间,雾,19,19,3,0.0,88,46
2026-05-21 23:00:56,2026-05-22,2,乒乓球厅-4号,15:00-16:00,1,1,已售/已满,教学时间,多云,18,17,3,0.0,85,46
2026-05-21 23:30:55,2026-05-22,2,乒乓球厅-4号,15:00-16:00,1,1,已售/已满,教学时间,多云,18,17,3,0.0,85,48
2026-05-21 08:00:45,2026-05-22,2,乒乓球厅-4号,16:00-17:00,0,1,可预约,￥5.0,晴,17,12,5,0.0,86,29
2026-05-21 08:02:30,2026-05-22,2,乒乓球厅-4号,16:00-17:00,0,1,可预约,￥5.0,多云,17,12,5,0.0,87,29
2026-05-21 08:05:36,2026-05-22,2,乒乓球厅-4号,16:00-17:00,0,1,可预约,￥5.0,多云,17,12,5,0.0,86,29
2026-05-21 08:08:31,2026-05-22,2,乒乓球厅-4号,16:00-17:00,0,1,可预约,￥5.0,多云,17,12,5,0.0,86,29
2026-05-21 08:11:30,2026-05-22,2,乒乓球厅-4号,16:00-17:00,0,1,可预约,￥5.0,多云,17,12,5,0.0,86,29
2026-05-21 08:14:31,2026-05-22,2,乒乓球厅-4号,16:00-17:00,0,1,可预约,￥5.0,多云,17,12,5,0.0,86,29
2026-05-21 08:17:30,2026-05-22,2,乒乓球厅-4号,16:00-17:00,0,1,可预约,￥5.0,多云,17,12,5,0.0,86,29
2026-05-21 08:20:35,2026-05-22,2,乒乓球厅-4号,16:00-17:00,0,1,可预约,￥5.0,多云,17,14,4,0.0,85,29
2026-05-21 08:25:32,2026-05-22,2,乒乓球厅-4号,16:00-17:00,0,1,可预约,￥5.0,多云,17,14,4,0.0,85,28
2026-05-21 08:30:42,2026-05-22,2,乒乓球厅-4号,16:00-17:00,0,1,可预约,￥5.0,多云,18,15,4,0.0,84,28
2026-05-21 08:35:31,2026-05-22,2,乒乓球厅-4号,16:00-17:00,0,1,可预约,￥5.0,多云,18,15,4,0.0,84,28
2026-05-21 08:40:38,2026-05-22,2,乒乓球厅-4号,16:00-17:00,0,1,可预约,￥5.0,多云,18,15,4,0.0,82,28
2026-05-21 08:45:33,2026-05-22,2,乒乓球厅-4号,16:00-17:00,0,1,可预约,￥5.0,多云,18,15,4,0.0,82,28
2026-05-21 08:50:36,2026-05-22,2,乒乓球厅-4号,16:00-17:00,0,1,可预约,￥5.0,多云,18,15,4,0.0,82,28
2026-05-21 08:55:34,2026-05-22,2,乒乓球厅-4号,16:00-17:00,0,1,可预约,￥5.0,多云,18,15,4,0.0,84,28
2026-05-21 09:00:51,2026-05-22,2,乒乓球厅-4号,16:00-17:00,0,1,可预约,￥5.0,多云,18,15,4,0.0,84,28
2026-05-21 09:01:59,2026-05-22,2,乒乓球厅-4号,16:00-17:00,0,1,可预约,￥5.0,多云,18,15,4,0.0,83,28
2026-05-21 09:05:33,2026-05-22,2,乒乓球厅-4号,16:00-17:00,0,1,可预约,￥5.0,多云,18,15,4,0.0,83,28
2026-05-21 09:20:38,2026-05-22,2,乒乓球厅-4号,16:00-17:00,0,1,可预约,￥5.0,多云,18,16,3,0.0,81,28
2026-05-21 09:30:46,2026-05-22,2,乒乓球厅-4号,16:00-17:00,0,1,可预约,￥5.0,多云,18,16,3,0.0,81,32
2026-05-21 09:40:36,2026-05-22,2,乒乓球厅-4号,16:00-17:00,0,1,可预约,￥5.0,多云,19,17,3,0.0,79,32
2026-05-21 09:50:42,2026-05-22,2,乒乓球厅-4号,16:00-17:00,0,1,可预约,￥5.0,多云,19,17,4,0.0,81,32
2026-05-21 10:00:46,2026-05-22,2,乒乓球厅-4号,16:00-17:00,0,1,可预约,￥5.0,多云,19,17,4,0.0,79,32
2026-05-21 10:10:40,2026-05-22,2,乒乓球厅-4号,16:00-17:00,0,1,可预约,￥5.0,多云,19,17,4,0.0,79,32
2026-05-21 10:20:38,2026-05-22,2,乒乓球厅-4号,16:00-17:00,0,1,可预约,￥5.0,多云,19,17,4,0.0,79,32
2026-05-21 10:30:41,2026-05-22,2,乒乓球厅-4号,16:00-17:00,0,1,可预约,￥5.0,多云,19,18,3,0.0,78,31
2026-05-21 11:00:44,2026-05-22,2,乒乓球厅-4号,16:00-17:00,0,1,可预约,￥5.0,多云,21,17,5,0.0,74,31
2026-05-21 11:30:38,2026-05-22,2,乒乓球厅-4号,16:00-17:00,0,1,可预约,￥5.0,多云,21,19,3,0.0,72,33
2026-05-21 12:00:46,2026-05-22,2,乒乓球厅-4号,16:00-17:00,0,1,可预约,￥5.0,多云,22,19,4,0.0,70,33
2026-05-21 12:30:42,2026-05-22,2,乒乓球厅-4号,16:00-17:00,0,1,可预约,￥5.0,多云,22,21,3,0.0,68,35
2026-05-21 13:00:43,2026-05-22,2,乒乓球厅-4号,16:00-17:00,0,1,可预约,￥5.0,多云,24,22,4,0.0,66,35
2026-05-21 13:30:43,2026-05-22,2,乒乓球厅-4号,16:00-17:00,0,1,可预约,￥5.0,多云,24,22,4,0.0,66,36
2026-05-21 14:00:48,2026-05-22,2,乒乓球厅-4号,16:00-17:00,0,1,可预约,￥5.0,多云,25,23,4,0.0,66,36
2026-05-21 14:30:45,2026-05-22,2,乒乓球厅-4号,16:00-17:00,0,1,可预约,￥5.0,晴,25,25,3,0.0,65,39
2026-05-21 15:00:45,2026-05-22,2,乒乓球厅-4号,16:00-17:00,0,1,可预约,￥5.0,晴,25,22,4,0.0,56,39
2026-05-21 15:30:43,2026-05-22,2,乒乓球厅-4号,16:00-17:00,0,1,可预约,￥5.0,晴,25,23,4,0.0,57,40
2026-05-21 16:00:51,2026-05-22,2,乒乓球厅-4号,16:00-17:00,0,1,可预约,￥5.0,晴,25,23,4,0.0,57,40
2026-05-21 16:30:48,2026-05-22,2,乒乓球厅-4号,16:00-17:00,0,1,可预约,￥5.0,晴,25,24,3,0.0,60,39
2026-05-21 17:00:49,2026-05-22,2,乒乓球厅-4号,16:00-17:00,0,1,可预约,￥5.0,晴,25,24,4,0.0,61,39
2026-05-21 17:30:47,2026-05-22,2,乒乓球厅-4号,16:00-17:00,0,1,可预约,￥5.0,多云,24,23,3,0.0,64,39
2026-05-21 18:00:50,2026-05-22,2,乒乓球厅-4号,16:00-17:00,0,1,可预约,￥5.0,多云,24,23,3,0.0,68,39
2026-05-21 18:30:50,2026-05-22,2,乒乓球厅-4号,16:00-17:00,0,1,可预约,￥5.0,阴,24,25,2,0.0,68,40
2026-05-21 19:00:50,2026-05-22,2,乒乓球厅-4号,16:00-17:00,0,1,可预约,￥5.0,阴,23,23,3,0.0,76,40
2026-05-21 19:30:46,2026-05-22,2,乒乓球厅-4号,16:00-17:00,0,1,可预约,￥5.0,阴,23,24,2,0.0,77,39
2026-05-21 20:00:49,2026-05-22,2,乒乓球厅-4号,16:00-17:00,0,1,可预约,￥5.0,雾,22,23,2,0.0,89,39
2026-05-21 20:30:44,2026-05-22,2,乒乓球厅-4号,16:00-17:00,0,1,可预约,￥5.0,雾,22,24,2,0.0,93,43
2026-05-21 21:00:56,2026-05-22,2,乒乓球厅-4号,16:00-17:00,0,1,可预约,￥5.0,雾,20,21,2,0.0,98,43
2026-05-21 21:30:46,2026-05-22,2,乒乓球厅-4号,16:00-17:00,0,1,可预约,￥5.0,雾,20,22,1,0.0,99,41
2026-05-21 22:01:02,2026-05-22,2,乒乓球厅-4号,16:00-17:00,0,1,可预约,￥5.0,雾,19,20,2,0.0,93,41
2026-05-21 22:30:47,2026-05-22,2,乒乓球厅-4号,16:00-17:00,0,1,可预约,￥5.0,雾,19,19,3,0.0,88,46
2026-05-21 23:00:56,2026-05-22,2,乒乓球厅-4号,16:00-17:00,0,1,可预约,￥5.0,多云,18,17,3,0.0,85,46
2026-05-21 23:30:55,2026-05-22,2,乒乓球厅-4号,16:00-17:00,0,1,可预约,￥5.0,多云,18,17,3,0.0,85,48
2026-05-21 08:00:45,2026-05-22,2,乒乓球厅-4号,17:00-18:00,0,1,可预约,￥5.0,晴,17,12,5,0.0,86,29
2026-05-21 08:02:30,2026-05-22,2,乒乓球厅-4号,17:00-18:00,0,1,可预约,￥5.0,多云,17,12,5,0.0,87,29
2026-05-21 08:05:36,2026-05-22,2,乒乓球厅-4号,17:00-18:00,0,1,可预约,￥5.0,多云,17,12,5,0.0,86,29
2026-05-21 08:08:31,2026-05-22,2,乒乓球厅-4号,17:00-18:00,0,1,可预约,￥5.0,多云,17,12,5,0.0,86,29
2026-05-21 08:11:30,2026-05-22,2,乒乓球厅-4号,17:00-18:00,0,1,可预约,￥5.0,多云,17,12,5,0.0,86,29
2026-05-21 08:14:31,2026-05-22,2,乒乓球厅-4号,17:00-18:00,0,1,可预约,￥5.0,多云,17,12,5,0.0,86,29
2026-05-21 08:17:30,2026-05-22,2,乒乓球厅-4号,17:00-18:00,0,1,可预约,￥5.0,多云,17,12,5,0.0,86,29
2026-05-21 08:20:35,2026-05-22,2,乒乓球厅-4号,17:00-18:00,0,1,可预约,￥5.0,多云,17,14,4,0.0,85,29
2026-05-21 08:25:32,2026-05-22,2,乒乓球厅-4号,17:00-18:00,0,1,可预约,￥5.0,多云,17,14,4,0.0,85,28
2026-05-21 08:30:42,2026-05-22,2,乒乓球厅-4号,17:00-18:00,0,1,可预约,￥5.0,多云,18,15,4,0.0,84,28
2026-05-21 08:35:31,2026-05-22,2,乒乓球厅-4号,17:00-18:00,0,1,可预约,￥5.0,多云,18,15,4,0.0,84,28
2026-05-21 08:40:38,2026-05-22,2,乒乓球厅-4号,17:00-18:00,0,1,可预约,￥5.0,多云,18,15,4,0.0,82,28
2026-05-21 08:45:33,2026-05-22,2,乒乓球厅-4号,17:00-18:00,0,1,可预约,￥5.0,多云,18,15,4,0.0,82,28
2026-05-21 08:50:36,2026-05-22,2,乒乓球厅-4号,17:00-18:00,0,1,可预约,￥5.0,多云,18,15,4,0.0,82,28
2026-05-21 08:55:34,2026-05-22,2,乒乓球厅-4号,17:00-18:00,0,1,可预约,￥5.0,多云,18,15,4,0.0,84,28
2026-05-21 09:00:51,2026-05-22,2,乒乓球厅-4号,17:00-18:00,0,1,可预约,￥5.0,多云,18,15,4,0.0,84,28
2026-05-21 09:01:59,2026-05-22,2,乒乓球厅-4号,17:00-18:00,0,1,可预约,￥5.0,多云,18,15,4,0.0,83,28
2026-05-21 09:05:33,2026-05-22,2,乒乓球厅-4号,17:00-18:00,0,1,可预约,￥5.0,多云,18,15,4,0.0,83,28
2026-05-21 09:20:38,2026-05-22,2,乒乓球厅-4号,17:00-18:00,0,1,可预约,￥5.0,多云,18,16,3,0.0,81,28
2026-05-21 09:30:46,2026-05-22,2,乒乓球厅-4号,17:00-18:00,0,1,可预约,￥5.0,多云,18,16,3,0.0,81,32
2026-05-21 09:40:36,2026-05-22,2,乒乓球厅-4号,17:00-18:00,0,1,可预约,￥5.0,多云,19,17,3,0.0,79,32
2026-05-21 09:50:42,2026-05-22,2,乒乓球厅-4号,17:00-18:00,0,1,可预约,￥5.0,多云,19,17,4,0.0,81,32
2026-05-21 10:00:46,2026-05-22,2,乒乓球厅-4号,17:00-18:00,0,1,可预约,￥5.0,多云,19,17,4,0.0,79,32
2026-05-21 10:10:40,2026-05-22,2,乒乓球厅-4号,17:00-18:00,0,1,可预约,￥5.0,多云,19,17,4,0.0,79,32
2026-05-21 10:20:38,2026-05-22,2,乒乓球厅-4号,17:00-18:00,0,1,可预约,￥5.0,多云,19,17,4,0.0,79,32
2026-05-21 10:30:41,2026-05-22,2,乒乓球厅-4号,17:00-18:00,0,1,可预约,￥5.0,多云,19,18,3,0.0,78,31
2026-05-21 11:00:44,2026-05-22,2,乒乓球厅-4号,17:00-18:00,0,1,可预约,￥5.0,多云,21,17,5,0.0,74,31
2026-05-21 11:30:38,2026-05-22,2,乒乓球厅-4号,17:00-18:00,0,1,可预约,￥5.0,多云,21,19,3,0.0,72,33
2026-05-21 12:00:46,2026-05-22,2,乒乓球厅-4号,17:00-18:00,0,1,可预约,￥5.0,多云,22,19,4,0.0,70,33
2026-05-21 12:30:42,2026-05-22,2,乒乓球厅-4号,17:00-18:00,0,1,可预约,￥5.0,多云,22,21,3,0.0,68,35
2026-05-21 13:00:43,2026-05-22,2,乒乓球厅-4号,17:00-18:00,0,1,可预约,￥5.0,多云,24,22,4,0.0,66,35
2026-05-21 13:30:43,2026-05-22,2,乒乓球厅-4号,17:00-18:00,0,1,可预约,￥5.0,多云,24,22,4,0.0,66,36
2026-05-21 14:00:48,2026-05-22,2,乒乓球厅-4号,17:00-18:00,0,1,可预约,￥5.0,多云,25,23,4,0.0,66,36
2026-05-21 14:30:45,2026-05-22,2,乒乓球厅-4号,17:00-18:00,0,1,可预约,￥5.0,晴,25,25,3,0.0,65,39
2026-05-21 15:00:45,2026-05-22,2,乒乓球厅-4号,17:00-18:00,0,1,可预约,￥5.0,晴,25,22,4,0.0,56,39
2026-05-21 15:30:43,2026-05-22,2,乒乓球厅-4号,17:00-18:00,0,1,可预约,￥5.0,晴,25,23,4,0.0,57,40
2026-05-21 16:00:51,2026-05-22,2,乒乓球厅-4号,17:00-18:00,0,1,可预约,￥5.0,晴,25,23,4,0.0,57,40
2026-05-21 16:30:48,2026-05-22,2,乒乓球厅-4号,17:00-18:00,0,1,可预约,￥5.0,晴,25,24,3,0.0,60,39
2026-05-21 17:00:49,2026-05-22,2,乒乓球厅-4号,17:00-18:00,0,1,可预约,￥5.0,晴,25,24,4,0.0,61,39
2026-05-21 17:30:47,2026-05-22,2,乒乓球厅-4号,17:00-18:00,0,1,可预约,￥5.0,多云,24,23,3,0.0,64,39
2026-05-21 18:00:50,2026-05-22,2,乒乓球厅-4号,17:00-18:00,0,1,可预约,￥5.0,多云,24,23,3,0.0,68,39
2026-05-21 18:30:50,2026-05-22,2,乒乓球厅-4号,17:00-18:00,0,1,可预约,￥5.0,阴,24,25,2,0.0,68,40
2026-05-21 19:00:50,2026-05-22,2,乒乓球厅-4号,17:00-18:00,0,1,可预约,￥5.0,阴,23,23,3,0.0,76,40
2026-05-21 19:30:46,2026-05-22,2,乒乓球厅-4号,17:00-18:00,0,1,可预约,￥5.0,阴,23,24,2,0.0,77,39
2026-05-21 20:00:49,2026-05-22,2,乒乓球厅-4号,17:00-18:00,0,1,可预约,￥5.0,雾,22,23,2,0.0,89,39
2026-05-21 20:30:44,2026-05-22,2,乒乓球厅-4号,17:00-18:00,0,1,可预约,￥5.0,雾,22,24,2,0.0,93,43
2026-05-21 21:00:56,2026-05-22,2,乒乓球厅-4号,17:00-18:00,0,1,可预约,￥5.0,雾,20,21,2,0.0,98,43
2026-05-21 21:30:46,2026-05-22,2,乒乓球厅-4号,17:00-18:00,0,1,可预约,￥5.0,雾,20,22,1,0.0,99,41
2026-05-21 22:01:02,2026-05-22,2,乒乓球厅-4号,17:00-18:00,0,1,可预约,￥5.0,雾,19,20,2,0.0,93,41
2026-05-21 22:30:47,2026-05-22,2,乒乓球厅-4号,17:00-18:00,0,1,可预约,￥5.0,雾,19,19,3,0.0,88,46
2026-05-21 23:00:56,2026-05-22,2,乒乓球厅-4号,17:00-18:00,0,1,可预约,￥5.0,多云,18,17,3,0.0,85,46
2026-05-21 23:30:55,2026-05-22,2,乒乓球厅-4号,17:00-18:00,0,1,可预约,￥5.0,多云,18,17,3,0.0,85,48
2026-05-21 08:00:45,2026-05-22,2,乒乓球厅-4号,18:30-19:30,0,1,可预约,￥5.0,晴,17,12,5,0.0,86,29
2026-05-21 08:02:30,2026-05-22,2,乒乓球厅-4号,18:30-19:30,0,1,可预约,￥5.0,多云,17,12,5,0.0,87,29
2026-05-21 08:05:36,2026-05-22,2,乒乓球厅-4号,18:30-19:30,0,1,可预约,￥5.0,多云,17,12,5,0.0,86,29
2026-05-21 08:08:31,2026-05-22,2,乒乓球厅-4号,18:30-19:30,0,1,可预约,￥5.0,多云,17,12,5,0.0,86,29
2026-05-21 08:11:30,2026-05-22,2,乒乓球厅-4号,18:30-19:30,0,1,可预约,￥5.0,多云,17,12,5,0.0,86,29
2026-05-21 08:14:31,2026-05-22,2,乒乓球厅-4号,18:30-19:30,0,1,可预约,￥5.0,多云,17,12,5,0.0,86,29
2026-05-21 08:17:30,2026-05-22,2,乒乓球厅-4号,18:30-19:30,0,1,可预约,￥5.0,多云,17,12,5,0.0,86,29
2026-05-21 08:20:35,2026-05-22,2,乒乓球厅-4号,18:30-19:30,0,1,可预约,￥5.0,多云,17,14,4,0.0,85,29
2026-05-21 08:25:32,2026-05-22,2,乒乓球厅-4号,18:30-19:30,0,1,可预约,￥5.0,多云,17,14,4,0.0,85,28
2026-05-21 08:30:42,2026-05-22,2,乒乓球厅-4号,18:30-19:30,0,1,可预约,￥5.0,多云,18,15,4,0.0,84,28
2026-05-21 08:35:31,2026-05-22,2,乒乓球厅-4号,18:30-19:30,0,1,可预约,￥5.0,多云,18,15,4,0.0,84,28
2026-05-21 08:40:38,2026-05-22,2,乒乓球厅-4号,18:30-19:30,0,1,可预约,￥5.0,多云,18,15,4,0.0,82,28
2026-05-21 08:45:33,2026-05-22,2,乒乓球厅-4号,18:30-19:30,0,1,可预约,￥5.0,多云,18,15,4,0.0,82,28
2026-05-21 08:50:36,2026-05-22,2,乒乓球厅-4号,18:30-19:30,0,1,可预约,￥5.0,多云,18,15,4,0.0,82,28
2026-05-21 08:55:34,2026-05-22,2,乒乓球厅-4号,18:30-19:30,0,1,可预约,￥5.0,多云,18,15,4,0.0,84,28
2026-05-21 09:00:51,2026-05-22,2,乒乓球厅-4号,18:30-19:30,0,1,可预约,￥5.0,多云,18,15,4,0.0,84,28
2026-05-21 09:01:59,2026-05-22,2,乒乓球厅-4号,18:30-19:30,0,1,可预约,￥5.0,多云,18,15,4,0.0,83,28
2026-05-21 09:05:33,2026-05-22,2,乒乓球厅-4号,18:30-19:30,0,1,可预约,￥5.0,多云,18,15,4,0.0,83,28
2026-05-21 09:20:38,2026-05-22,2,乒乓球厅-4号,18:30-19:30,0,1,可预约,￥5.0,多云,18,16,3,0.0,81,28
2026-05-21 09:30:46,2026-05-22,2,乒乓球厅-4号,18:30-19:30,0,1,可预约,￥5.0,多云,18,16,3,0.0,81,32
2026-05-21 09:40:36,2026-05-22,2,乒乓球厅-4号,18:30-19:30,0,1,可预约,￥5.0,多云,19,17,3,0.0,79,32
2026-05-21 09:50:42,2026-05-22,2,乒乓球厅-4号,18:30-19:30,0,1,可预约,￥5.0,多云,19,17,4,0.0,81,32
2026-05-21 10:00:46,2026-05-22,2,乒乓球厅-4号,18:30-19:30,0,1,可预约,￥5.0,多云,19,17,4,0.0,79,32
2026-05-21 10:10:40,2026-05-22,2,乒乓球厅-4号,18:30-19:30,0,1,可预约,￥5.0,多云,19,17,4,0.0,79,32
2026-05-21 10:20:38,2026-05-22,2,乒乓球厅-4号,18:30-19:30,0,1,可预约,￥5.0,多云,19,17,4,0.0,79,32
2026-05-21 10:30:41,2026-05-22,2,乒乓球厅-4号,18:30-19:30,0,1,可预约,￥5.0,多云,19,18,3,0.0,78,31
2026-05-21 11:00:44,2026-05-22,2,乒乓球厅-4号,18:30-19:30,0,1,可预约,￥5.0,多云,21,17,5,0.0,74,31
2026-05-21 11:30:38,2026-05-22,2,乒乓球厅-4号,18:30-19:30,0,1,可预约,￥5.0,多云,21,19,3,0.0,72,33
2026-05-21 12:00:46,2026-05-22,2,乒乓球厅-4号,18:30-19:30,0,1,可预约,￥5.0,多云,22,19,4,0.0,70,33
2026-05-21 12:30:42,2026-05-22,2,乒乓球厅-4号,18:30-19:30,0,1,可预约,￥5.0,多云,22,21,3,0.0,68,35
2026-05-21 13:00:43,2026-05-22,2,乒乓球厅-4号,18:30-19:30,0,1,可预约,￥5.0,多云,24,22,4,0.0,66,35
2026-05-21 13:30:43,2026-05-22,2,乒乓球厅-4号,18:30-19:30,0,1,可预约,￥5.0,多云,24,22,4,0.0,66,36
2026-05-21 14:00:48,2026-05-22,2,乒乓球厅-4号,18:30-19:30,0,1,可预约,￥5.0,多云,25,23,4,0.0,66,36
2026-05-21 14:30:45,2026-05-22,2,乒乓球厅-4号,18:30-19:30,0,1,可预约,￥5.0,晴,25,25,3,0.0,65,39
2026-05-21 15:00:45,2026-05-22,2,乒乓球厅-4号,18:30-19:30,0,1,可预约,￥5.0,晴,25,22,4,0.0,56,39
2026-05-21 15:30:43,2026-05-22,2,乒乓球厅-4号,18:30-19:30,0,1,可预约,￥5.0,晴,25,23,4,0.0,57,40
2026-05-21 16:00:51,2026-05-22,2,乒乓球厅-4号,18:30-19:30,0,1,可预约,￥5.0,晴,25,23,4,0.0,57,40
2026-05-21 16:30:48,2026-05-22,2,乒乓球厅-4号,18:30-19:30,0,1,可预约,￥5.0,晴,25,24,3,0.0,60,39
2026-05-21 17:00:49,2026-05-22,2,乒乓球厅-4号,18:30-19:30,0,1,可预约,￥5.0,晴,25,24,4,0.0,61,39
2026-05-21 17:30:47,2026-05-22,2,乒乓球厅-4号,18:30-19:30,0,1,可预约,￥5.0,多云,24,23,3,0.0,64,39
2026-05-21 18:00:50,2026-05-22,2,乒乓球厅-4号,18:30-19:30,0,1,可预约,￥5.0,多云,24,23,3,0.0,68,39
2026-05-21 18:30:50,2026-05-22,2,乒乓球厅-4号,18:30-19:30,0,1,可预约,￥5.0,阴,24,25,2,0.0,68,40
2026-05-21 19:00:50,2026-05-22,2,乒乓球厅-4号,18:30-19:30,0,1,可预约,￥5.0,阴,23,23,3,0.0,76,40
2026-05-21 19:30:46,2026-05-22,2,乒乓球厅-4号,18:30-19:30,0,1,可预约,￥5.0,阴,23,24,2,0.0,77,39
2026-05-21 20:00:49,2026-05-22,2,乒乓球厅-4号,18:30-19:30,0,1,可预约,￥5.0,雾,22,23,2,0.0,89,39
2026-05-21 20:30:44,2026-05-22,2,乒乓球厅-4号,18:30-19:30,0,1,可预约,￥5.0,雾,22,24,2,0.0,93,43
2026-05-21 21:00:56,2026-05-22,2,乒乓球厅-4号,18:30-19:30,0,1,可预约,￥5.0,雾,20,21,2,0.0,98,43
2026-05-21 21:30:46,2026-05-22,2,乒乓球厅-4号,18:30-19:30,0,1,可预约,￥5.0,雾,20,22,1,0.0,99,41
2026-05-21 22:01:02,2026-05-22,2,乒乓球厅-4号,18:30-19:30,0,1,可预约,￥5.0,雾,19,20,2,0.0,93,41
2026-05-21 22:30:47,2026-05-22,2,乒乓球厅-4号,18:30-19:30,0,1,可预约,￥5.0,雾,19,19,3,0.0,88,46
2026-05-21 23:00:56,2026-05-22,2,乒乓球厅-4号,18:30-19:30,0,1,可预约,￥5.0,多云,18,17,3,0.0,85,46
2026-05-21 23:30:55,2026-05-22,2,乒乓球厅-4号,18:30-19:30,0,1,可预约,￥5.0,多云,18,17,3,0.0,85,48
2026-05-21 08:00:45,2026-05-22,2,乒乓球厅-4号,19:30-20:30,0,1,可预约,￥5.0,晴,17,12,5,0.0,86,29
2026-05-21 08:02:30,2026-05-22,2,乒乓球厅-4号,19:30-20:30,0,1,可预约,￥5.0,多云,17,12,5,0.0,87,29
2026-05-21 08:05:36,2026-05-22,2,乒乓球厅-4号,19:30-20:30,0,1,可预约,￥5.0,多云,17,12,5,0.0,86,29
2026-05-21 08:08:31,2026-05-22,2,乒乓球厅-4号,19:30-20:30,0,1,可预约,￥5.0,多云,17,12,5,0.0,86,29
2026-05-21 08:11:30,2026-05-22,2,乒乓球厅-4号,19:30-20:30,0,1,可预约,￥5.0,多云,17,12,5,0.0,86,29
2026-05-21 08:14:31,2026-05-22,2,乒乓球厅-4号,19:30-20:30,0,1,可预约,￥5.0,多云,17,12,5,0.0,86,29
2026-05-21 08:17:30,2026-05-22,2,乒乓球厅-4号,19:30-20:30,0,1,可预约,￥5.0,多云,17,12,5,0.0,86,29
2026-05-21 08:20:35,2026-05-22,2,乒乓球厅-4号,19:30-20:30,0,1,可预约,￥5.0,多云,17,14,4,0.0,85,29
2026-05-21 08:25:32,2026-05-22,2,乒乓球厅-4号,19:30-20:30,0,1,可预约,￥5.0,多云,17,14,4,0.0,85,28
2026-05-21 08:30:42,2026-05-22,2,乒乓球厅-4号,19:30-20:30,0,1,可预约,￥5.0,多云,18,15,4,0.0,84,28
2026-05-21 08:35:31,2026-05-22,2,乒乓球厅-4号,19:30-20:30,0,1,可预约,￥5.0,多云,18,15,4,0.0,84,28
2026-05-21 08:40:38,2026-05-22,2,乒乓球厅-4号,19:30-20:30,0,1,可预约,￥5.0,多云,18,15,4,0.0,82,28
2026-05-21 08:45:33,2026-05-22,2,乒乓球厅-4号,19:30-20:30,0,1,可预约,￥5.0,多云,18,15,4,0.0,82,28
2026-05-21 08:50:36,2026-05-22,2,乒乓球厅-4号,19:30-20:30,0,1,可预约,￥5.0,多云,18,15,4,0.0,82,28
2026-05-21 08:55:34,2026-05-22,2,乒乓球厅-4号,19:30-20:30,0,1,可预约,￥5.0,多云,18,15,4,0.0,84,28
2026-05-21 09:00:51,2026-05-22,2,乒乓球厅-4号,19:30-20:30,0,1,可预约,￥5.0,多云,18,15,4,0.0,84,28
2026-05-21 09:01:59,2026-05-22,2,乒乓球厅-4号,19:30-20:30,0,1,可预约,￥5.0,多云,18,15,4,0.0,83,28
2026-05-21 09:05:33,2026-05-22,2,乒乓球厅-4号,19:30-20:30,0,1,可预约,￥5.0,多云,18,15,4,0.0,83,28
2026-05-21 09:20:38,2026-05-22,2,乒乓球厅-4号,19:30-20:30,0,1,可预约,￥5.0,多云,18,16,3,0.0,81,28
2026-05-21 09:30:46,2026-05-22,2,乒乓球厅-4号,19:30-20:30,0,1,可预约,￥5.0,多云,18,16,3,0.0,81,32
2026-05-21 09:40:36,2026-05-22,2,乒乓球厅-4号,19:30-20:30,0,1,可预约,￥5.0,多云,19,17,3,0.0,79,32
2026-05-21 09:50:42,2026-05-22,2,乒乓球厅-4号,19:30-20:30,0,1,可预约,￥5.0,多云,19,17,4,0.0,81,32
2026-05-21 10:00:46,2026-05-22,2,乒乓球厅-4号,19:30-20:30,0,1,可预约,￥5.0,多云,19,17,4,0.0,79,32
2026-05-21 10:10:40,2026-05-22,2,乒乓球厅-4号,19:30-20:30,0,1,可预约,￥5.0,多云,19,17,4,0.0,79,32
2026-05-21 10:20:38,2026-05-22,2,乒乓球厅-4号,19:30-20:30,0,1,可预约,￥5.0,多云,19,17,4,0.0,79,32
2026-05-21 10:30:41,2026-05-22,2,乒乓球厅-4号,19:30-20:30,0,1,可预约,￥5.0,多云,19,18,3,0.0,78,31
2026-05-21 11:00:44,2026-05-22,2,乒乓球厅-4号,19:30-20:30,0,1,可预约,￥5.0,多云,21,17,5,0.0,74,31
2026-05-21 11:30:38,2026-05-22,2,乒乓球厅-4号,19:30-20:30,0,1,可预约,￥5.0,多云,21,19,3,0.0,72,33
2026-05-21 12:00:46,2026-05-22,2,乒乓球厅-4号,19:30-20:30,0,1,可预约,￥5.0,多云,22,19,4,0.0,70,33
2026-05-21 12:30:42,2026-05-22,2,乒乓球厅-4号,19:30-20:30,0,1,可预约,￥5.0,多云,22,21,3,0.0,68,35
2026-05-21 13:00:43,2026-05-22,2,乒乓球厅-4号,19:30-20:30,0,1,可预约,￥5.0,多云,24,22,4,0.0,66,35
2026-05-21 13:30:43,2026-05-22,2,乒乓球厅-4号,19:30-20:30,0,1,可预约,￥5.0,多云,24,22,4,0.0,66,36
2026-05-21 14:00:48,2026-05-22,2,乒乓球厅-4号,19:30-20:30,0,1,可预约,￥5.0,多云,25,23,4,0.0,66,36
2026-05-21 14:30:45,2026-05-22,2,乒乓球厅-4号,19:30-20:30,0,1,可预约,￥5.0,晴,25,25,3,0.0,65,39
2026-05-21 15:00:45,2026-05-22,2,乒乓球厅-4号,19:30-20:30,0,1,可预约,￥5.0,晴,25,22,4,0.0,56,39
2026-05-21 15:30:43,2026-05-22,2,乒乓球厅-4号,19:30-20:30,0,1,可预约,￥5.0,晴,25,23,4,0.0,57,40
2026-05-21 16:00:51,2026-05-22,2,乒乓球厅-4号,19:30-20:30,0,1,可预约,￥5.0,晴,25,23,4,0.0,57,40
2026-05-21 16:30:48,2026-05-22,2,乒乓球厅-4号,19:30-20:30,0,1,可预约,￥5.0,晴,25,24,3,0.0,60,39
2026-05-21 17:00:49,2026-05-22,2,乒乓球厅-4号,19:30-20:30,0,1,可预约,￥5.0,晴,25,24,4,0.0,61,39
2026-05-21 17:30:47,2026-05-22,2,乒乓球厅-4号,19:30-20:30,0,1,可预约,￥5.0,多云,24,23,3,0.0,64,39
2026-05-21 18:00:50,2026-05-22,2,乒乓球厅-4号,19:30-20:30,0,1,可预约,￥5.0,多云,24,23,3,0.0,68,39
2026-05-21 18:30:50,2026-05-22,2,乒乓球厅-4号,19:30-20:30,0,1,可预约,￥5.0,阴,24,25,2,0.0,68,40
2026-05-21 19:00:50,2026-05-22,2,乒乓球厅-4号,19:30-20:30,0,1,可预约,￥5.0,阴,23,23,3,0.0,76,40
2026-05-21 19:30:46,2026-05-22,2,乒乓球厅-4号,19:30-20:30,0,1,可预约,￥5.0,阴,23,24,2,0.0,77,39
2026-05-21 20:00:49,2026-05-22,2,乒乓球厅-4号,19:30-20:30,0,1,可预约,￥5.0,雾,22,23,2,0.0,89,39
2026-05-21 20:30:44,2026-05-22,2,乒乓球厅-4号,19:30-20:30,0,1,可预约,￥5.0,雾,22,24,2,0.0,93,43
2026-05-21 21:00:56,2026-05-22,2,乒乓球厅-4号,19:30-20:30,0,1,可预约,￥5.0,雾,20,21,2,0.0,98,43
2026-05-21 21:30:46,2026-05-22,2,乒乓球厅-4号,19:30-20:30,0,1,可预约,￥5.0,雾,20,22,1,0.0,99,41
2026-05-21 22:01:02,2026-05-22,2,乒乓球厅-4号,19:30-20:30,0,1,可预约,￥5.0,雾,19,20,2,0.0,93,41
2026-05-21 22:30:47,2026-05-22,2,乒乓球厅-4号,19:30-20:30,0,1,可预约,￥5.0,雾,19,19,3,0.0,88,46
2026-05-21 23:00:56,2026-05-22,2,乒乓球厅-4号,19:30-20:30,0,1,可预约,￥5.0,多云,18,17,3,0.0,85,46
2026-05-21 23:30:55,2026-05-22,2,乒乓球厅-4号,19:30-20:30,0,1,可预约,￥5.0,多云,18,17,3,0.0,85,48
2026-05-21 08:00:45,2026-05-22,2,乒乓球厅-4号,20:30-21:30,0,1,可预约,￥5.0,晴,17,12,5,0.0,86,29
2026-05-21 08:02:30,2026-05-22,2,乒乓球厅-4号,20:30-21:30,0,1,可预约,￥5.0,多云,17,12,5,0.0,87,29
2026-05-21 08:05:36,2026-05-22,2,乒乓球厅-4号,20:30-21:30,0,1,可预约,￥5.0,多云,17,12,5,0.0,86,29
2026-05-21 08:08:31,2026-05-22,2,乒乓球厅-4号,20:30-21:30,0,1,可预约,￥5.0,多云,17,12,5,0.0,86,29
2026-05-21 08:11:30,2026-05-22,2,乒乓球厅-4号,20:30-21:30,0,1,可预约,￥5.0,多云,17,12,5,0.0,86,29
2026-05-21 08:14:31,2026-05-22,2,乒乓球厅-4号,20:30-21:30,0,1,可预约,￥5.0,多云,17,12,5,0.0,86,29
2026-05-21 08:17:30,2026-05-22,2,乒乓球厅-4号,20:30-21:30,0,1,可预约,￥5.0,多云,17,12,5,0.0,86,29
2026-05-21 08:20:35,2026-05-22,2,乒乓球厅-4号,20:30-21:30,0,1,可预约,￥5.0,多云,17,14,4,0.0,85,29
2026-05-21 08:25:32,2026-05-22,2,乒乓球厅-4号,20:30-21:30,0,1,可预约,￥5.0,多云,17,14,4,0.0,85,28
2026-05-21 08:30:42,2026-05-22,2,乒乓球厅-4号,20:30-21:30,0,1,可预约,￥5.0,多云,18,15,4,0.0,84,28
2026-05-21 08:35:31,2026-05-22,2,乒乓球厅-4号,20:30-21:30,0,1,可预约,￥5.0,多云,18,15,4,0.0,84,28
2026-05-21 08:40:38,2026-05-22,2,乒乓球厅-4号,20:30-21:30,0,1,可预约,￥5.0,多云,18,15,4,0.0,82,28
2026-05-21 08:45:33,2026-05-22,2,乒乓球厅-4号,20:30-21:30,0,1,可预约,￥5.0,多云,18,15,4,0.0,82,28
2026-05-21 08:50:36,2026-05-22,2,乒乓球厅-4号,20:30-21:30,0,1,可预约,￥5.0,多云,18,15,4,0.0,82,28
2026-05-21 08:55:34,2026-05-22,2,乒乓球厅-4号,20:30-21:30,0,1,可预约,￥5.0,多云,18,15,4,0.0,84,28
2026-05-21 09:00:51,2026-05-22,2,乒乓球厅-4号,20:30-21:30,0,1,可预约,￥5.0,多云,18,15,4,0.0,84,28
2026-05-21 09:01:59,2026-05-22,2,乒乓球厅-4号,20:30-21:30,0,1,可预约,￥5.0,多云,18,15,4,0.0,83,28
2026-05-21 09:05:33,2026-05-22,2,乒乓球厅-4号,20:30-21:30,0,1,可预约,￥5.0,多云,18,15,4,0.0,83,28
2026-05-21 09:20:38,2026-05-22,2,乒乓球厅-4号,20:30-21:30,0,1,可预约,￥5.0,多云,18,16,3,0.0,81,28
2026-05-21 09:30:46,2026-05-22,2,乒乓球厅-4号,20:30-21:30,0,1,可预约,￥5.0,多云,18,16,3,0.0,81,32
2026-05-21 09:40:36,2026-05-22,2,乒乓球厅-4号,20:30-21:30,0,1,可预约,￥5.0,多云,19,17,3,0.0,79,32
2026-05-21 09:50:42,2026-05-22,2,乒乓球厅-4号,20:30-21:30,0,1,可预约,￥5.0,多云,19,17,4,0.0,81,32
2026-05-21 10:00:46,2026-05-22,2,乒乓球厅-4号,20:30-21:30,0,1,可预约,￥5.0,多云,19,17,4,0.0,79,32
2026-05-21 10:10:40,2026-05-22,2,乒乓球厅-4号,20:30-21:30,0,1,可预约,￥5.0,多云,19,17,4,0.0,79,32
2026-05-21 10:20:38,2026-05-22,2,乒乓球厅-4号,20:30-21:30,0,1,可预约,￥5.0,多云,19,17,4,0.0,79,32
2026-05-21 10:30:41,2026-05-22,2,乒乓球厅-4号,20:30-21:30,0,1,可预约,￥5.0,多云,19,18,3,0.0,78,31
2026-05-21 11:00:44,2026-05-22,2,乒乓球厅-4号,20:30-21:30,0,1,可预约,￥5.0,多云,21,17,5,0.0,74,31
2026-05-21 11:30:38,2026-05-22,2,乒乓球厅-4号,20:30-21:30,0,1,可预约,￥5.0,多云,21,19,3,0.0,72,33
2026-05-21 12:00:46,2026-05-22,2,乒乓球厅-4号,20:30-21:30,0,1,可预约,￥5.0,多云,22,19,4,0.0,70,33
2026-05-21 12:30:42,2026-05-22,2,乒乓球厅-4号,20:30-21:30,0,1,可预约,￥5.0,多云,22,21,3,0.0,68,35
2026-05-21 13:00:43,2026-05-22,2,乒乓球厅-4号,20:30-21:30,0,1,可预约,￥5.0,多云,24,22,4,0.0,66,35
2026-05-21 13:30:43,2026-05-22,2,乒乓球厅-4号,20:30-21:30,0,1,可预约,￥5.0,多云,24,22,4,0.0,66,36
2026-05-21 14:00:48,2026-05-22,2,乒乓球厅-4号,20:30-21:30,0,1,可预约,￥5.0,多云,25,23,4,0.0,66,36
2026-05-21 14:30:45,2026-05-22,2,乒乓球厅-4号,20:30-21:30,0,1,可预约,￥5.0,晴,25,25,3,0.0,65,39
2026-05-21 15:00:45,2026-05-22,2,乒乓球厅-4号,20:30-21:30,0,1,可预约,￥5.0,晴,25,22,4,0.0,56,39
2026-05-21 15:30:43,2026-05-22,2,乒乓球厅-4号,20:30-21:30,0,1,可预约,￥5.0,晴,25,23,4,0.0,57,40
2026-05-21 16:00:51,2026-05-22,2,乒乓球厅-4号,20:30-21:30,0,1,可预约,￥5.0,晴,25,23,4,0.0,57,40
2026-05-21 16:30:48,2026-05-22,2,乒乓球厅-4号,20:30-21:30,0,1,可预约,￥5.0,晴,25,24,3,0.0,60,39
2026-05-21 17:00:49,2026-05-22,2,乒乓球厅-4号,20:30-21:30,0,1,可预约,￥5.0,晴,25,24,4,0.0,61,39
2026-05-21 17:30:47,2026-05-22,2,乒乓球厅-4号,20:30-21:30,0,1,可预约,￥5.0,多云,24,23,3,0.0,64,39
2026-05-21 18:00:50,2026-05-22,2,乒乓球厅-4号,20:30-21:30,0,1,可预约,￥5.0,多云,24,23,3,0.0,68,39
2026-05-21 18:30:50,2026-05-22,2,乒乓球厅-4号,20:30-21:30,0,1,可预约,￥5.0,阴,24,25,2,0.0,68,40
2026-05-21 19:00:50,2026-05-22,2,乒乓球厅-4号,20:30-21:30,0,1,可预约,￥5.0,阴,23,23,3,0.0,76,40
2026-05-21 19:30:46,2026-05-22,2,乒乓球厅-4号,20:30-21:30,0,1,可预约,￥5.0,阴,23,24,2,0.0,77,39
2026-05-21 20:00:49,2026-05-22,2,乒乓球厅-4号,20:30-21:30,0,1,可预约,￥5.0,雾,22,23,2,0.0,89,39
2026-05-21 20:30:44,2026-05-22,2,乒乓球厅-4号,20:30-21:30,0,1,可预约,￥5.0,雾,22,24,2,0.0,93,43
2026-05-21 21:00:56,2026-05-22,2,乒乓球厅-4号,20:30-21:30,0,1,可预约,￥5.0,雾,20,21,2,0.0,98,43
2026-05-21 21:30:46,2026-05-22,2,乒乓球厅-4号,20:30-21:30,0,1,可预约,￥5.0,雾,20,22,1,0.0,99,41
2026-05-21 22:01:02,2026-05-22,2,乒乓球厅-4号,20:30-21:30,0,1,可预约,￥5.0,雾,19,20,2,0.0,93,41
2026-05-21 22:30:47,2026-05-22,2,乒乓球厅-4号,20:30-21:30,0,1,可预约,￥5.0,雾,19,19,3,0.0,88,46
2026-05-21 23:00:56,2026-05-22,2,乒乓球厅-4号,20:30-21:30,0,1,可预约,￥5.0,多云,18,17,3,0.0,85,46
2026-05-21 23:30:55,2026-05-22,2,乒乓球厅-4号,20:30-21:30,0,1,可预约,￥5.0,多云,18,17,3,0.0,85,48
2026-05-21 08:00:45,2026-05-22,2,乒乓球厅-5号,07:00-08:00,0,1,可预约,￥0.0,晴,17,12,5,0.0,86,29
2026-05-21 08:02:30,2026-05-22,2,乒乓球厅-5号,07:00-08:00,0,1,可预约,￥0.0,多云,17,12,5,0.0,87,29
2026-05-21 08:05:36,2026-05-22,2,乒乓球厅-5号,07:00-08:00,0,1,可预约,￥0.0,多云,17,12,5,0.0,86,29
2026-05-21 08:08:31,2026-05-22,2,乒乓球厅-5号,07:00-08:00,0,1,可预约,￥0.0,多云,17,12,5,0.0,86,29
2026-05-21 08:11:30,2026-05-22,2,乒乓球厅-5号,07:00-08:00,0,1,可预约,￥0.0,多云,17,12,5,0.0,86,29
2026-05-21 08:14:31,2026-05-22,2,乒乓球厅-5号,07:00-08:00,0,1,可预约,￥0.0,多云,17,12,5,0.0,86,29
2026-05-21 08:17:30,2026-05-22,2,乒乓球厅-5号,07:00-08:00,0,1,可预约,￥0.0,多云,17,12,5,0.0,86,29
2026-05-21 08:20:35,2026-05-22,2,乒乓球厅-5号,07:00-08:00,0,1,可预约,￥0.0,多云,17,14,4,0.0,85,29
2026-05-21 08:25:32,2026-05-22,2,乒乓球厅-5号,07:00-08:00,0,1,可预约,￥0.0,多云,17,14,4,0.0,85,28
2026-05-21 08:30:42,2026-05-22,2,乒乓球厅-5号,07:00-08:00,0,1,可预约,￥0.0,多云,18,15,4,0.0,84,28
2026-05-21 08:35:31,2026-05-22,2,乒乓球厅-5号,07:00-08:00,0,1,可预约,￥0.0,多云,18,15,4,0.0,84,28
2026-05-21 08:40:38,2026-05-22,2,乒乓球厅-5号,07:00-08:00,0,1,可预约,￥0.0,多云,18,15,4,0.0,82,28
2026-05-21 08:45:33,2026-05-22,2,乒乓球厅-5号,07:00-08:00,0,1,可预约,￥0.0,多云,18,15,4,0.0,82,28
2026-05-21 08:50:36,2026-05-22,2,乒乓球厅-5号,07:00-08:00,0,1,可预约,￥0.0,多云,18,15,4,0.0,82,28
2026-05-21 08:55:34,2026-05-22,2,乒乓球厅-5号,07:00-08:00,0,1,可预约,￥0.0,多云,18,15,4,0.0,84,28
2026-05-21 09:00:51,2026-05-22,2,乒乓球厅-5号,07:00-08:00,0,1,可预约,￥0.0,多云,18,15,4,0.0,84,28
2026-05-21 09:01:59,2026-05-22,2,乒乓球厅-5号,07:00-08:00,0,1,可预约,￥0.0,多云,18,15,4,0.0,83,28
2026-05-21 09:05:33,2026-05-22,2,乒乓球厅-5号,07:00-08:00,0,1,可预约,￥0.0,多云,18,15,4,0.0,83,28
2026-05-21 09:20:38,2026-05-22,2,乒乓球厅-5号,07:00-08:00,0,1,可预约,￥0.0,多云,18,16,3,0.0,81,28
2026-05-21 09:30:46,2026-05-22,2,乒乓球厅-5号,07:00-08:00,0,1,可预约,￥0.0,多云,18,16,3,0.0,81,32
2026-05-21 09:40:36,2026-05-22,2,乒乓球厅-5号,07:00-08:00,0,1,可预约,￥0.0,多云,19,17,3,0.0,79,32
2026-05-21 09:50:42,2026-05-22,2,乒乓球厅-5号,07:00-08:00,0,1,可预约,￥0.0,多云,19,17,4,0.0,81,32
2026-05-21 10:00:46,2026-05-22,2,乒乓球厅-5号,07:00-08:00,0,1,可预约,￥0.0,多云,19,17,4,0.0,79,32
2026-05-21 10:10:40,2026-05-22,2,乒乓球厅-5号,07:00-08:00,0,1,可预约,￥0.0,多云,19,17,4,0.0,79,32
2026-05-21 10:20:38,2026-05-22,2,乒乓球厅-5号,07:00-08:00,0,1,可预约,￥0.0,多云,19,17,4,0.0,79,32
2026-05-21 10:30:41,2026-05-22,2,乒乓球厅-5号,07:00-08:00,0,1,可预约,￥0.0,多云,19,18,3,0.0,78,31
2026-05-21 11:00:44,2026-05-22,2,乒乓球厅-5号,07:00-08:00,0,1,可预约,￥0.0,多云,21,17,5,0.0,74,31
2026-05-21 11:30:38,2026-05-22,2,乒乓球厅-5号,07:00-08:00,0,1,可预约,￥0.0,多云,21,19,3,0.0,72,33
2026-05-21 12:00:46,2026-05-22,2,乒乓球厅-5号,07:00-08:00,0,1,可预约,￥0.0,多云,22,19,4,0.0,70,33
2026-05-21 12:30:42,2026-05-22,2,乒乓球厅-5号,07:00-08:00,0,1,可预约,￥0.0,多云,22,21,3,0.0,68,35
2026-05-21 13:00:43,2026-05-22,2,乒乓球厅-5号,07:00-08:00,0,1,可预约,￥0.0,多云,24,22,4,0.0,66,35
2026-05-21 13:30:43,2026-05-22,2,乒乓球厅-5号,07:00-08:00,0,1,可预约,￥0.0,多云,24,22,4,0.0,66,36
2026-05-21 14:00:48,2026-05-22,2,乒乓球厅-5号,07:00-08:00,0,1,可预约,￥0.0,多云,25,23,4,0.0,66,36
2026-05-21 14:30:45,2026-05-22,2,乒乓球厅-5号,07:00-08:00,0,1,可预约,￥0.0,晴,25,25,3,0.0,65,39
2026-05-21 15:00:45,2026-05-22,2,乒乓球厅-5号,07:00-08:00,0,1,可预约,￥0.0,晴,25,22,4,0.0,56,39
2026-05-21 15:30:43,2026-05-22,2,乒乓球厅-5号,07:00-08:00,0,1,可预约,￥0.0,晴,25,23,4,0.0,57,40
2026-05-21 16:00:51,2026-05-22,2,乒乓球厅-5号,07:00-08:00,0,1,可预约,￥0.0,晴,25,23,4,0.0,57,40
2026-05-21 16:30:48,2026-05-22,2,乒乓球厅-5号,07:00-08:00,0,1,可预约,￥0.0,晴,25,24,3,0.0,60,39
2026-05-21 17:00:49,2026-05-22,2,乒乓球厅-5号,07:00-08:00,0,1,可预约,￥0.0,晴,25,24,4,0.0,61,39
2026-05-21 17:30:47,2026-05-22,2,乒乓球厅-5号,07:00-08:00,0,1,可预约,￥0.0,多云,24,23,3,0.0,64,39
2026-05-21 18:00:50,2026-05-22,2,乒乓球厅-5号,07:00-08:00,0,1,可预约,￥0.0,多云,24,23,3,0.0,68,39
2026-05-21 18:30:50,2026-05-22,2,乒乓球厅-5号,07:00-08:00,0,1,可预约,￥0.0,阴,24,25,2,0.0,68,40
2026-05-21 19:00:50,2026-05-22,2,乒乓球厅-5号,07:00-08:00,0,1,可预约,￥0.0,阴,23,23,3,0.0,76,40
2026-05-21 19:30:46,2026-05-22,2,乒乓球厅-5号,07:00-08:00,0,1,可预约,￥0.0,阴,23,24,2,0.0,77,39
2026-05-21 20:00:49,2026-05-22,2,乒乓球厅-5号,07:00-08:00,0,1,可预约,￥0.0,雾,22,23,2,0.0,89,39
2026-05-21 20:30:44,2026-05-22,2,乒乓球厅-5号,07:00-08:00,0,1,可预约,￥0.0,雾,22,24,2,0.0,93,43
2026-05-21 21:00:56,2026-05-22,2,乒乓球厅-5号,07:00-08:00,0,1,可预约,￥0.0,雾,20,21,2,0.0,98,43
2026-05-21 21:30:46,2026-05-22,2,乒乓球厅-5号,07:00-08:00,0,1,可预约,￥0.0,雾,20,22,1,0.0,99,41
2026-05-21 22:01:02,2026-05-22,2,乒乓球厅-5号,07:00-08:00,0,1,可预约,￥0.0,雾,19,20,2,0.0,93,41
2026-05-21 22:30:47,2026-05-22,2,乒乓球厅-5号,07:00-08:00,0,1,可预约,￥0.0,雾,19,19,3,0.0,88,46
2026-05-21 23:00:56,2026-05-22,2,乒乓球厅-5号,07:00-08:00,0,1,可预约,￥0.0,多云,18,17,3,0.0,85,46
2026-05-21 23:30:55,2026-05-22,2,乒乓球厅-5号,07:00-08:00,0,1,可预约,￥0.0,多云,18,17,3,0.0,85,48
2026-05-21 08:00:45,2026-05-22,2,乒乓球厅-5号,08:00-09:00,0,1,可预约,￥0.0,晴,17,12,5,0.0,86,29
2026-05-21 08:02:30,2026-05-22,2,乒乓球厅-5号,08:00-09:00,0,1,可预约,￥0.0,多云,17,12,5,0.0,87,29
2026-05-21 08:05:36,2026-05-22,2,乒乓球厅-5号,08:00-09:00,0,1,可预约,￥0.0,多云,17,12,5,0.0,86,29
2026-05-21 08:08:31,2026-05-22,2,乒乓球厅-5号,08:00-09:00,0,1,可预约,￥0.0,多云,17,12,5,0.0,86,29
2026-05-21 08:11:30,2026-05-22,2,乒乓球厅-5号,08:00-09:00,0,1,可预约,￥0.0,多云,17,12,5,0.0,86,29
2026-05-21 08:14:31,2026-05-22,2,乒乓球厅-5号,08:00-09:00,0,1,可预约,￥0.0,多云,17,12,5,0.0,86,29
2026-05-21 08:17:30,2026-05-22,2,乒乓球厅-5号,08:00-09:00,0,1,可预约,￥0.0,多云,17,12,5,0.0,86,29
2026-05-21 08:20:35,2026-05-22,2,乒乓球厅-5号,08:00-09:00,0,1,可预约,￥0.0,多云,17,14,4,0.0,85,29
2026-05-21 08:25:32,2026-05-22,2,乒乓球厅-5号,08:00-09:00,0,1,可预约,￥0.0,多云,17,14,4,0.0,85,28
2026-05-21 08:30:42,2026-05-22,2,乒乓球厅-5号,08:00-09:00,0,1,可预约,￥0.0,多云,18,15,4,0.0,84,28
2026-05-21 08:35:31,2026-05-22,2,乒乓球厅-5号,08:00-09:00,0,1,可预约,￥0.0,多云,18,15,4,0.0,84,28
2026-05-21 08:40:38,2026-05-22,2,乒乓球厅-5号,08:00-09:00,0,1,可预约,￥0.0,多云,18,15,4,0.0,82,28
2026-05-21 08:45:33,2026-05-22,2,乒乓球厅-5号,08:00-09:00,0,1,可预约,￥0.0,多云,18,15,4,0.0,82,28
2026-05-21 08:50:36,2026-05-22,2,乒乓球厅-5号,08:00-09:00,0,1,可预约,￥0.0,多云,18,15,4,0.0,82,28
2026-05-21 08:55:34,2026-05-22,2,乒乓球厅-5号,08:00-09:00,0,1,可预约,￥0.0,多云,18,15,4,0.0,84,28
2026-05-21 09:00:51,2026-05-22,2,乒乓球厅-5号,08:00-09:00,0,1,可预约,￥0.0,多云,18,15,4,0.0,84,28
2026-05-21 09:01:59,2026-05-22,2,乒乓球厅-5号,08:00-09:00,0,1,可预约,￥0.0,多云,18,15,4,0.0,83,28
2026-05-21 09:05:33,2026-05-22,2,乒乓球厅-5号,08:00-09:00,0,1,可预约,￥0.0,多云,18,15,4,0.0,83,28
2026-05-21 09:20:38,2026-05-22,2,乒乓球厅-5号,08:00-09:00,0,1,可预约,￥0.0,多云,18,16,3,0.0,81,28
2026-05-21 09:30:46,2026-05-22,2,乒乓球厅-5号,08:00-09:00,0,1,可预约,￥0.0,多云,18,16,3,0.0,81,32
2026-05-21 09:40:36,2026-05-22,2,乒乓球厅-5号,08:00-09:00,0,1,可预约,￥0.0,多云,19,17,3,0.0,79,32
2026-05-21 09:50:42,2026-05-22,2,乒乓球厅-5号,08:00-09:00,0,1,可预约,￥0.0,多云,19,17,4,0.0,81,32
2026-05-21 10:00:46,2026-05-22,2,乒乓球厅-5号,08:00-09:00,0,1,可预约,￥0.0,多云,19,17,4,0.0,79,32
2026-05-21 10:10:40,2026-05-22,2,乒乓球厅-5号,08:00-09:00,0,1,可预约,￥0.0,多云,19,17,4,0.0,79,32
2026-05-21 10:20:38,2026-05-22,2,乒乓球厅-5号,08:00-09:00,0,1,可预约,￥0.0,多云,19,17,4,0.0,79,32
2026-05-21 10:30:41,2026-05-22,2,乒乓球厅-5号,08:00-09:00,0,1,可预约,￥0.0,多云,19,18,3,0.0,78,31
2026-05-21 11:00:44,2026-05-22,2,乒乓球厅-5号,08:00-09:00,0,1,可预约,￥0.0,多云,21,17,5,0.0,74,31
2026-05-21 11:30:38,2026-05-22,2,乒乓球厅-5号,08:00-09:00,0,1,可预约,￥0.0,多云,21,19,3,0.0,72,33
2026-05-21 12:00:46,2026-05-22,2,乒乓球厅-5号,08:00-09:00,0,1,可预约,￥0.0,多云,22,19,4,0.0,70,33
2026-05-21 12:30:42,2026-05-22,2,乒乓球厅-5号,08:00-09:00,0,1,可预约,￥0.0,多云,22,21,3,0.0,68,35
2026-05-21 13:00:43,2026-05-22,2,乒乓球厅-5号,08:00-09:00,0,1,可预约,￥0.0,多云,24,22,4,0.0,66,35
2026-05-21 13:30:43,2026-05-22,2,乒乓球厅-5号,08:00-09:00,0,1,可预约,￥0.0,多云,24,22,4,0.0,66,36
2026-05-21 14:00:48,2026-05-22,2,乒乓球厅-5号,08:00-09:00,0,1,可预约,￥0.0,多云,25,23,4,0.0,66,36
2026-05-21 14:30:45,2026-05-22,2,乒乓球厅-5号,08:00-09:00,0,1,可预约,￥0.0,晴,25,25,3,0.0,65,39
2026-05-21 15:00:45,2026-05-22,2,乒乓球厅-5号,08:00-09:00,0,1,可预约,￥0.0,晴,25,22,4,0.0,56,39
2026-05-21 15:30:43,2026-05-22,2,乒乓球厅-5号,08:00-09:00,0,1,可预约,￥0.0,晴,25,23,4,0.0,57,40
2026-05-21 16:00:51,2026-05-22,2,乒乓球厅-5号,08:00-09:00,0,1,可预约,￥0.0,晴,25,23,4,0.0,57,40
2026-05-21 16:30:48,2026-05-22,2,乒乓球厅-5号,08:00-09:00,0,1,可预约,￥0.0,晴,25,24,3,0.0,60,39
2026-05-21 17:00:49,2026-05-22,2,乒乓球厅-5号,08:00-09:00,0,1,可预约,￥0.0,晴,25,24,4,0.0,61,39
2026-05-21 17:30:47,2026-05-22,2,乒乓球厅-5号,08:00-09:00,0,1,可预约,￥0.0,多云,24,23,3,0.0,64,39
2026-05-21 18:00:50,2026-05-22,2,乒乓球厅-5号,08:00-09:00,0,1,可预约,￥0.0,多云,24,23,3,0.0,68,39
2026-05-21 18:30:50,2026-05-22,2,乒乓球厅-5号,08:00-09:00,0,1,可预约,￥0.0,阴,24,25,2,0.0,68,40
2026-05-21 19:00:50,2026-05-22,2,乒乓球厅-5号,08:00-09:00,0,1,可预约,￥0.0,阴,23,23,3,0.0,76,40
2026-05-21 19:30:46,2026-05-22,2,乒乓球厅-5号,08:00-09:00,0,1,可预约,￥0.0,阴,23,24,2,0.0,77,39
2026-05-21 20:00:49,2026-05-22,2,乒乓球厅-5号,08:00-09:00,0,1,可预约,￥0.0,雾,22,23,2,0.0,89,39
2026-05-21 20:30:44,2026-05-22,2,乒乓球厅-5号,08:00-09:00,0,1,可预约,￥0.0,雾,22,24,2,0.0,93,43
2026-05-21 21:00:56,2026-05-22,2,乒乓球厅-5号,08:00-09:00,0,1,可预约,￥0.0,雾,20,21,2,0.0,98,43
2026-05-21 21:30:46,2026-05-22,2,乒乓球厅-5号,08:00-09:00,0,1,可预约,￥0.0,雾,20,22,1,0.0,99,41
2026-05-21 22:01:02,2026-05-22,2,乒乓球厅-5号,08:00-09:00,0,1,可预约,￥0.0,雾,19,20,2,0.0,93,41
2026-05-21 22:30:47,2026-05-22,2,乒乓球厅-5号,08:00-09:00,0,1,可预约,￥0.0,雾,19,19,3,0.0,88,46
2026-05-21 23:00:56,2026-05-22,2,乒乓球厅-5号,08:00-09:00,0,1,可预约,￥0.0,多云,18,17,3,0.0,85,46
2026-05-21 23:30:55,2026-05-22,2,乒乓球厅-5号,08:00-09:00,0,1,可预约,￥0.0,多云,18,17,3,0.0,85,48
2026-05-21 08:00:45,2026-05-22,2,乒乓球厅-5号,09:00-10:00,0,1,可预约,￥5.0,晴,17,12,5,0.0,86,29
2026-05-21 08:02:30,2026-05-22,2,乒乓球厅-5号,09:00-10:00,0,1,可预约,￥5.0,多云,17,12,5,0.0,87,29
2026-05-21 08:05:36,2026-05-22,2,乒乓球厅-5号,09:00-10:00,0,1,可预约,￥5.0,多云,17,12,5,0.0,86,29
2026-05-21 08:08:31,2026-05-22,2,乒乓球厅-5号,09:00-10:00,0,1,可预约,￥5.0,多云,17,12,5,0.0,86,29
2026-05-21 08:11:30,2026-05-22,2,乒乓球厅-5号,09:00-10:00,0,1,可预约,￥5.0,多云,17,12,5,0.0,86,29
2026-05-21 08:14:31,2026-05-22,2,乒乓球厅-5号,09:00-10:00,0,1,可预约,￥5.0,多云,17,12,5,0.0,86,29
2026-05-21 08:17:30,2026-05-22,2,乒乓球厅-5号,09:00-10:00,0,1,可预约,￥5.0,多云,17,12,5,0.0,86,29
2026-05-21 08:20:35,2026-05-22,2,乒乓球厅-5号,09:00-10:00,0,1,可预约,￥5.0,多云,17,14,4,0.0,85,29
2026-05-21 08:25:32,2026-05-22,2,乒乓球厅-5号,09:00-10:00,0,1,可预约,￥5.0,多云,17,14,4,0.0,85,28
2026-05-21 08:30:42,2026-05-22,2,乒乓球厅-5号,09:00-10:00,0,1,可预约,￥5.0,多云,18,15,4,0.0,84,28
2026-05-21 08:35:31,2026-05-22,2,乒乓球厅-5号,09:00-10:00,0,1,可预约,￥5.0,多云,18,15,4,0.0,84,28
2026-05-21 08:40:38,2026-05-22,2,乒乓球厅-5号,09:00-10:00,0,1,可预约,￥5.0,多云,18,15,4,0.0,82,28
2026-05-21 08:45:33,2026-05-22,2,乒乓球厅-5号,09:00-10:00,0,1,可预约,￥5.0,多云,18,15,4,0.0,82,28
2026-05-21 08:50:36,2026-05-22,2,乒乓球厅-5号,09:00-10:00,0,1,可预约,￥5.0,多云,18,15,4,0.0,82,28
2026-05-21 08:55:34,2026-05-22,2,乒乓球厅-5号,09:00-10:00,0,1,可预约,￥5.0,多云,18,15,4,0.0,84,28
2026-05-21 09:00:51,2026-05-22,2,乒乓球厅-5号,09:00-10:00,0,1,可预约,￥5.0,多云,18,15,4,0.0,84,28
2026-05-21 09:01:59,2026-05-22,2,乒乓球厅-5号,09:00-10:00,0,1,可预约,￥5.0,多云,18,15,4,0.0,83,28
2026-05-21 09:05:33,2026-05-22,2,乒乓球厅-5号,09:00-10:00,0,1,可预约,￥5.0,多云,18,15,4,0.0,83,28
2026-05-21 09:20:38,2026-05-22,2,乒乓球厅-5号,09:00-10:00,0,1,可预约,￥5.0,多云,18,16,3,0.0,81,28
2026-05-21 09:30:46,2026-05-22,2,乒乓球厅-5号,09:00-10:00,0,1,可预约,￥5.0,多云,18,16,3,0.0,81,32
2026-05-21 09:40:36,2026-05-22,2,乒乓球厅-5号,09:00-10:00,0,1,可预约,￥5.0,多云,19,17,3,0.0,79,32
2026-05-21 09:50:42,2026-05-22,2,乒乓球厅-5号,09:00-10:00,0,1,可预约,￥5.0,多云,19,17,4,0.0,81,32
2026-05-21 10:00:46,2026-05-22,2,乒乓球厅-5号,09:00-10:00,0,1,可预约,￥5.0,多云,19,17,4,0.0,79,32
2026-05-21 10:10:40,2026-05-22,2,乒乓球厅-5号,09:00-10:00,0,1,可预约,￥5.0,多云,19,17,4,0.0,79,32
2026-05-21 10:20:38,2026-05-22,2,乒乓球厅-5号,09:00-10:00,0,1,可预约,￥5.0,多云,19,17,4,0.0,79,32
2026-05-21 10:30:41,2026-05-22,2,乒乓球厅-5号,09:00-10:00,0,1,可预约,￥5.0,多云,19,18,3,0.0,78,31
2026-05-21 11:00:44,2026-05-22,2,乒乓球厅-5号,09:00-10:00,0,1,可预约,￥5.0,多云,21,17,5,0.0,74,31
2026-05-21 11:30:38,2026-05-22,2,乒乓球厅-5号,09:00-10:00,0,1,可预约,￥5.0,多云,21,19,3,0.0,72,33
2026-05-21 12:00:46,2026-05-22,2,乒乓球厅-5号,09:00-10:00,0,1,可预约,￥5.0,多云,22,19,4,0.0,70,33
2026-05-21 12:30:42,2026-05-22,2,乒乓球厅-5号,09:00-10:00,0,1,可预约,￥5.0,多云,22,21,3,0.0,68,35
2026-05-21 13:00:43,2026-05-22,2,乒乓球厅-5号,09:00-10:00,0,1,可预约,￥5.0,多云,24,22,4,0.0,66,35
2026-05-21 13:30:43,2026-05-22,2,乒乓球厅-5号,09:00-10:00,0,1,可预约,￥5.0,多云,24,22,4,0.0,66,36
2026-05-21 14:00:48,2026-05-22,2,乒乓球厅-5号,09:00-10:00,0,1,可预约,￥5.0,多云,25,23,4,0.0,66,36
2026-05-21 14:30:45,2026-05-22,2,乒乓球厅-5号,09:00-10:00,0,1,可预约,￥5.0,晴,25,25,3,0.0,65,39
2026-05-21 15:00:45,2026-05-22,2,乒乓球厅-5号,09:00-10:00,0,1,可预约,￥5.0,晴,25,22,4,0.0,56,39
2026-05-21 15:30:43,2026-05-22,2,乒乓球厅-5号,09:00-10:00,0,1,可预约,￥5.0,晴,25,23,4,0.0,57,40
2026-05-21 16:00:51,2026-05-22,2,乒乓球厅-5号,09:00-10:00,0,1,可预约,￥5.0,晴,25,23,4,0.0,57,40
2026-05-21 16:30:48,2026-05-22,2,乒乓球厅-5号,09:00-10:00,0,1,可预约,￥5.0,晴,25,24,3,0.0,60,39
2026-05-21 17:00:49,2026-05-22,2,乒乓球厅-5号,09:00-10:00,0,1,可预约,￥5.0,晴,25,24,4,0.0,61,39
2026-05-21 17:30:47,2026-05-22,2,乒乓球厅-5号,09:00-10:00,0,1,可预约,￥5.0,多云,24,23,3,0.0,64,39
2026-05-21 18:00:50,2026-05-22,2,乒乓球厅-5号,09:00-10:00,0,1,可预约,￥5.0,多云,24,23,3,0.0,68,39
2026-05-21 18:30:50,2026-05-22,2,乒乓球厅-5号,09:00-10:00,0,1,可预约,￥5.0,阴,24,25,2,0.0,68,40
2026-05-21 19:00:50,2026-05-22,2,乒乓球厅-5号,09:00-10:00,0,1,可预约,￥5.0,阴,23,23,3,0.0,76,40
2026-05-21 19:30:46,2026-05-22,2,乒乓球厅-5号,09:00-10:00,0,1,可预约,￥5.0,阴,23,24,2,0.0,77,39
2026-05-21 20:00:49,2026-05-22,2,乒乓球厅-5号,09:00-10:00,0,1,可预约,￥5.0,雾,22,23,2,0.0,89,39
2026-05-21 20:30:44,2026-05-22,2,乒乓球厅-5号,09:00-10:00,0,1,可预约,￥5.0,雾,22,24,2,0.0,93,43
2026-05-21 21:00:56,2026-05-22,2,乒乓球厅-5号,09:00-10:00,0,1,可预约,￥5.0,雾,20,21,2,0.0,98,43
2026-05-21 21:30:46,2026-05-22,2,乒乓球厅-5号,09:00-10:00,0,1,可预约,￥5.0,雾,20,22,1,0.0,99,41
2026-05-21 22:01:02,2026-05-22,2,乒乓球厅-5号,09:00-10:00,0,1,可预约,￥5.0,雾,19,20,2,0.0,93,41
2026-05-21 22:30:47,2026-05-22,2,乒乓球厅-5号,09:00-10:00,0,1,可预约,￥5.0,雾,19,19,3,0.0,88,46
2026-05-21 23:00:56,2026-05-22,2,乒乓球厅-5号,09:00-10:00,0,1,可预约,￥5.0,多云,18,17,3,0.0,85,46
2026-05-21 23:30:55,2026-05-22,2,乒乓球厅-5号,09:00-10:00,0,1,可预约,￥5.0,多云,18,17,3,0.0,85,48
2026-05-21 08:00:45,2026-05-22,2,乒乓球厅-5号,10:00-11:00,0,1,可预约,￥5.0,晴,17,12,5,0.0,86,29
2026-05-21 08:02:30,2026-05-22,2,乒乓球厅-5号,10:00-11:00,0,1,可预约,￥5.0,多云,17,12,5,0.0,87,29
2026-05-21 08:05:36,2026-05-22,2,乒乓球厅-5号,10:00-11:00,0,1,可预约,￥5.0,多云,17,12,5,0.0,86,29
2026-05-21 08:08:31,2026-05-22,2,乒乓球厅-5号,10:00-11:00,0,1,可预约,￥5.0,多云,17,12,5,0.0,86,29
2026-05-21 08:11:30,2026-05-22,2,乒乓球厅-5号,10:00-11:00,0,1,可预约,￥5.0,多云,17,12,5,0.0,86,29
2026-05-21 08:14:31,2026-05-22,2,乒乓球厅-5号,10:00-11:00,0,1,可预约,￥5.0,多云,17,12,5,0.0,86,29
2026-05-21 08:17:30,2026-05-22,2,乒乓球厅-5号,10:00-11:00,0,1,可预约,￥5.0,多云,17,12,5,0.0,86,29
2026-05-21 08:20:35,2026-05-22,2,乒乓球厅-5号,10:00-11:00,0,1,可预约,￥5.0,多云,17,14,4,0.0,85,29
2026-05-21 08:25:32,2026-05-22,2,乒乓球厅-5号,10:00-11:00,0,1,可预约,￥5.0,多云,17,14,4,0.0,85,28
2026-05-21 08:30:42,2026-05-22,2,乒乓球厅-5号,10:00-11:00,0,1,可预约,￥5.0,多云,18,15,4,0.0,84,28
2026-05-21 08:35:31,2026-05-22,2,乒乓球厅-5号,10:00-11:00,0,1,可预约,￥5.0,多云,18,15,4,0.0,84,28
2026-05-21 08:40:38,2026-05-22,2,乒乓球厅-5号,10:00-11:00,0,1,可预约,￥5.0,多云,18,15,4,0.0,82,28
2026-05-21 08:45:33,2026-05-22,2,乒乓球厅-5号,10:00-11:00,0,1,可预约,￥5.0,多云,18,15,4,0.0,82,28
2026-05-21 08:50:36,2026-05-22,2,乒乓球厅-5号,10:00-11:00,0,1,可预约,￥5.0,多云,18,15,4,0.0,82,28
2026-05-21 08:55:34,2026-05-22,2,乒乓球厅-5号,10:00-11:00,0,1,可预约,￥5.0,多云,18,15,4,0.0,84,28
2026-05-21 09:00:51,2026-05-22,2,乒乓球厅-5号,10:00-11:00,0,1,可预约,￥5.0,多云,18,15,4,0.0,84,28
2026-05-21 09:01:59,2026-05-22,2,乒乓球厅-5号,10:00-11:00,0,1,可预约,￥5.0,多云,18,15,4,0.0,83,28
2026-05-21 09:05:33,2026-05-22,2,乒乓球厅-5号,10:00-11:00,0,1,可预约,￥5.0,多云,18,15,4,0.0,83,28
2026-05-21 09:20:38,2026-05-22,2,乒乓球厅-5号,10:00-11:00,0,1,可预约,￥5.0,多云,18,16,3,0.0,81,28
2026-05-21 09:30:46,2026-05-22,2,乒乓球厅-5号,10:00-11:00,0,1,可预约,￥5.0,多云,18,16,3,0.0,81,32
2026-05-21 09:40:36,2026-05-22,2,乒乓球厅-5号,10:00-11:00,0,1,可预约,￥5.0,多云,19,17,3,0.0,79,32
2026-05-21 09:50:42,2026-05-22,2,乒乓球厅-5号,10:00-11:00,0,1,可预约,￥5.0,多云,19,17,4,0.0,81,32
2026-05-21 10:00:46,2026-05-22,2,乒乓球厅-5号,10:00-11:00,0,1,可预约,￥5.0,多云,19,17,4,0.0,79,32
2026-05-21 10:10:40,2026-05-22,2,乒乓球厅-5号,10:00-11:00,0,1,可预约,￥5.0,多云,19,17,4,0.0,79,32
2026-05-21 10:20:38,2026-05-22,2,乒乓球厅-5号,10:00-11:00,0,1,可预约,￥5.0,多云,19,17,4,0.0,79,32
2026-05-21 10:30:41,2026-05-22,2,乒乓球厅-5号,10:00-11:00,0,1,可预约,￥5.0,多云,19,18,3,0.0,78,31
2026-05-21 11:00:44,2026-05-22,2,乒乓球厅-5号,10:00-11:00,0,1,可预约,￥5.0,多云,21,17,5,0.0,74,31
2026-05-21 11:30:38,2026-05-22,2,乒乓球厅-5号,10:00-11:00,0,1,可预约,￥5.0,多云,21,19,3,0.0,72,33
2026-05-21 12:00:46,2026-05-22,2,乒乓球厅-5号,10:00-11:00,0,1,可预约,￥5.0,多云,22,19,4,0.0,70,33
2026-05-21 12:30:42,2026-05-22,2,乒乓球厅-5号,10:00-11:00,0,1,可预约,￥5.0,多云,22,21,3,0.0,68,35
2026-05-21 13:00:43,2026-05-22,2,乒乓球厅-5号,10:00-11:00,0,1,可预约,￥5.0,多云,24,22,4,0.0,66,35
2026-05-21 13:30:43,2026-05-22,2,乒乓球厅-5号,10:00-11:00,0,1,可预约,￥5.0,多云,24,22,4,0.0,66,36
2026-05-21 14:00:48,2026-05-22,2,乒乓球厅-5号,10:00-11:00,0,1,可预约,￥5.0,多云,25,23,4,0.0,66,36
2026-05-21 14:30:45,2026-05-22,2,乒乓球厅-5号,10:00-11:00,0,1,可预约,￥5.0,晴,25,25,3,0.0,65,39
2026-05-21 15:00:45,2026-05-22,2,乒乓球厅-5号,10:00-11:00,0,1,可预约,￥5.0,晴,25,22,4,0.0,56,39
2026-05-21 15:30:43,2026-05-22,2,乒乓球厅-5号,10:00-11:00,0,1,可预约,￥5.0,晴,25,23,4,0.0,57,40
2026-05-21 16:00:51,2026-05-22,2,乒乓球厅-5号,10:00-11:00,0,1,可预约,￥5.0,晴,25,23,4,0.0,57,40
2026-05-21 16:30:48,2026-05-22,2,乒乓球厅-5号,10:00-11:00,0,1,可预约,￥5.0,晴,25,24,3,0.0,60,39
2026-05-21 17:00:49,2026-05-22,2,乒乓球厅-5号,10:00-11:00,0,1,可预约,￥5.0,晴,25,24,4,0.0,61,39
2026-05-21 17:30:47,2026-05-22,2,乒乓球厅-5号,10:00-11:00,0,1,可预约,￥5.0,多云,24,23,3,0.0,64,39
2026-05-21 18:00:50,2026-05-22,2,乒乓球厅-5号,10:00-11:00,0,1,可预约,￥5.0,多云,24,23,3,0.0,68,39
2026-05-21 18:30:50,2026-05-22,2,乒乓球厅-5号,10:00-11:00,0,1,可预约,￥5.0,阴,24,25,2,0.0,68,40
2026-05-21 19:00:50,2026-05-22,2,乒乓球厅-5号,10:00-11:00,0,1,可预约,￥5.0,阴,23,23,3,0.0,76,40
2026-05-21 19:30:46,2026-05-22,2,乒乓球厅-5号,10:00-11:00,0,1,可预约,￥5.0,阴,23,24,2,0.0,77,39
2026-05-21 20:00:49,2026-05-22,2,乒乓球厅-5号,10:00-11:00,0,1,可预约,￥5.0,雾,22,23,2,0.0,89,39
2026-05-21 20:30:44,2026-05-22,2,乒乓球厅-5号,10:00-11:00,0,1,可预约,￥5.0,雾,22,24,2,0.0,93,43
2026-05-21 21:00:56,2026-05-22,2,乒乓球厅-5号,10:00-11:00,0,1,可预约,￥5.0,雾,20,21,2,0.0,98,43
2026-05-21 21:30:46,2026-05-22,2,乒乓球厅-5号,10:00-11:00,0,1,可预约,￥5.0,雾,20,22,1,0.0,99,41
2026-05-21 22:01:02,2026-05-22,2,乒乓球厅-5号,10:00-11:00,0,1,可预约,￥5.0,雾,19,20,2,0.0,93,41
2026-05-21 22:30:47,2026-05-22,2,乒乓球厅-5号,10:00-11:00,0,1,可预约,￥5.0,雾,19,19,3,0.0,88,46
2026-05-21 23:00:56,2026-05-22,2,乒乓球厅-5号,10:00-11:00,0,1,可预约,￥5.0,多云,18,17,3,0.0,85,46
2026-05-21 23:30:55,2026-05-22,2,乒乓球厅-5号,10:00-11:00,0,1,可预约,￥5.0,多云,18,17,3,0.0,85,48
2026-05-21 08:00:45,2026-05-22,2,乒乓球厅-5号,11:00-12:00,0,1,可预约,￥5.0,晴,17,12,5,0.0,86,29
2026-05-21 08:02:30,2026-05-22,2,乒乓球厅-5号,11:00-12:00,0,1,可预约,￥5.0,多云,17,12,5,0.0,87,29
2026-05-21 08:05:36,2026-05-22,2,乒乓球厅-5号,11:00-12:00,0,1,可预约,￥5.0,多云,17,12,5,0.0,86,29
2026-05-21 08:08:31,2026-05-22,2,乒乓球厅-5号,11:00-12:00,0,1,可预约,￥5.0,多云,17,12,5,0.0,86,29
2026-05-21 08:11:30,2026-05-22,2,乒乓球厅-5号,11:00-12:00,0,1,可预约,￥5.0,多云,17,12,5,0.0,86,29
2026-05-21 08:14:31,2026-05-22,2,乒乓球厅-5号,11:00-12:00,0,1,可预约,￥5.0,多云,17,12,5,0.0,86,29
2026-05-21 08:17:30,2026-05-22,2,乒乓球厅-5号,11:00-12:00,0,1,可预约,￥5.0,多云,17,12,5,0.0,86,29
2026-05-21 08:20:35,2026-05-22,2,乒乓球厅-5号,11:00-12:00,0,1,可预约,￥5.0,多云,17,14,4,0.0,85,29
2026-05-21 08:25:32,2026-05-22,2,乒乓球厅-5号,11:00-12:00,0,1,可预约,￥5.0,多云,17,14,4,0.0,85,28
2026-05-21 08:30:42,2026-05-22,2,乒乓球厅-5号,11:00-12:00,0,1,可预约,￥5.0,多云,18,15,4,0.0,84,28
2026-05-21 08:35:31,2026-05-22,2,乒乓球厅-5号,11:00-12:00,0,1,可预约,￥5.0,多云,18,15,4,0.0,84,28
2026-05-21 08:40:38,2026-05-22,2,乒乓球厅-5号,11:00-12:00,0,1,可预约,￥5.0,多云,18,15,4,0.0,82,28
2026-05-21 08:45:33,2026-05-22,2,乒乓球厅-5号,11:00-12:00,0,1,可预约,￥5.0,多云,18,15,4,0.0,82,28
2026-05-21 08:50:36,2026-05-22,2,乒乓球厅-5号,11:00-12:00,0,1,可预约,￥5.0,多云,18,15,4,0.0,82,28
2026-05-21 08:55:34,2026-05-22,2,乒乓球厅-5号,11:00-12:00,0,1,可预约,￥5.0,多云,18,15,4,0.0,84,28
2026-05-21 09:00:51,2026-05-22,2,乒乓球厅-5号,11:00-12:00,0,1,可预约,￥5.0,多云,18,15,4,0.0,84,28
2026-05-21 09:01:59,2026-05-22,2,乒乓球厅-5号,11:00-12:00,0,1,可预约,￥5.0,多云,18,15,4,0.0,83,28
2026-05-21 09:05:33,2026-05-22,2,乒乓球厅-5号,11:00-12:00,0,1,可预约,￥5.0,多云,18,15,4,0.0,83,28
2026-05-21 09:20:38,2026-05-22,2,乒乓球厅-5号,11:00-12:00,0,1,可预约,￥5.0,多云,18,16,3,0.0,81,28
2026-05-21 09:30:46,2026-05-22,2,乒乓球厅-5号,11:00-12:00,0,1,可预约,￥5.0,多云,18,16,3,0.0,81,32
2026-05-21 09:40:36,2026-05-22,2,乒乓球厅-5号,11:00-12:00,0,1,可预约,￥5.0,多云,19,17,3,0.0,79,32
2026-05-21 09:50:42,2026-05-22,2,乒乓球厅-5号,11:00-12:00,0,1,可预约,￥5.0,多云,19,17,4,0.0,81,32
2026-05-21 10:00:46,2026-05-22,2,乒乓球厅-5号,11:00-12:00,0,1,可预约,￥5.0,多云,19,17,4,0.0,79,32
2026-05-21 10:10:40,2026-05-22,2,乒乓球厅-5号,11:00-12:00,0,1,可预约,￥5.0,多云,19,17,4,0.0,79,32
2026-05-21 10:20:38,2026-05-22,2,乒乓球厅-5号,11:00-12:00,0,1,可预约,￥5.0,多云,19,17,4,0.0,79,32
2026-05-21 10:30:41,2026-05-22,2,乒乓球厅-5号,11:00-12:00,0,1,可预约,￥5.0,多云,19,18,3,0.0,78,31
2026-05-21 11:00:44,2026-05-22,2,乒乓球厅-5号,11:00-12:00,0,1,可预约,￥5.0,多云,21,17,5,0.0,74,31
2026-05-21 11:30:38,2026-05-22,2,乒乓球厅-5号,11:00-12:00,0,1,可预约,￥5.0,多云,21,19,3,0.0,72,33
2026-05-21 12:00:46,2026-05-22,2,乒乓球厅-5号,11:00-12:00,0,1,可预约,￥5.0,多云,22,19,4,0.0,70,33
2026-05-21 12:30:42,2026-05-22,2,乒乓球厅-5号,11:00-12:00,0,1,可预约,￥5.0,多云,22,21,3,0.0,68,35
2026-05-21 13:00:43,2026-05-22,2,乒乓球厅-5号,11:00-12:00,0,1,可预约,￥5.0,多云,24,22,4,0.0,66,35
2026-05-21 13:30:43,2026-05-22,2,乒乓球厅-5号,11:00-12:00,0,1,可预约,￥5.0,多云,24,22,4,0.0,66,36
2026-05-21 14:00:48,2026-05-22,2,乒乓球厅-5号,11:00-12:00,0,1,可预约,￥5.0,多云,25,23,4,0.0,66,36
2026-05-21 14:30:45,2026-05-22,2,乒乓球厅-5号,11:00-12:00,0,1,可预约,￥5.0,晴,25,25,3,0.0,65,39
2026-05-21 15:00:45,2026-05-22,2,乒乓球厅-5号,11:00-12:00,0,1,可预约,￥5.0,晴,25,22,4,0.0,56,39
2026-05-21 15:30:43,2026-05-22,2,乒乓球厅-5号,11:00-12:00,0,1,可预约,￥5.0,晴,25,23,4,0.0,57,40
2026-05-21 16:00:51,2026-05-22,2,乒乓球厅-5号,11:00-12:00,0,1,可预约,￥5.0,晴,25,23,4,0.0,57,40
2026-05-21 16:30:48,2026-05-22,2,乒乓球厅-5号,11:00-12:00,0,1,可预约,￥5.0,晴,25,24,3,0.0,60,39
2026-05-21 17:00:49,2026-05-22,2,乒乓球厅-5号,11:00-12:00,0,1,可预约,￥5.0,晴,25,24,4,0.0,61,39
2026-05-21 17:30:47,2026-05-22,2,乒乓球厅-5号,11:00-12:00,0,1,可预约,￥5.0,多云,24,23,3,0.0,64,39
2026-05-21 18:00:50,2026-05-22,2,乒乓球厅-5号,11:00-12:00,0,1,可预约,￥5.0,多云,24,23,3,0.0,68,39
2026-05-21 18:30:50,2026-05-22,2,乒乓球厅-5号,11:00-12:00,0,1,可预约,￥5.0,阴,24,25,2,0.0,68,40
2026-05-21 19:00:50,2026-05-22,2,乒乓球厅-5号,11:00-12:00,0,1,可预约,￥5.0,阴,23,23,3,0.0,76,40
2026-05-21 19:30:46,2026-05-22,2,乒乓球厅-5号,11:00-12:00,0,1,可预约,￥5.0,阴,23,24,2,0.0,77,39
2026-05-21 20:00:49,2026-05-22,2,乒乓球厅-5号,11:00-12:00,0,1,可预约,￥5.0,雾,22,23,2,0.0,89,39
2026-05-21 20:30:44,2026-05-22,2,乒乓球厅-5号,11:00-12:00,0,1,可预约,￥5.0,雾,22,24,2,0.0,93,43
2026-05-21 21:00:56,2026-05-22,2,乒乓球厅-5号,11:00-12:00,0,1,可预约,￥5.0,雾,20,21,2,0.0,98,43
2026-05-21 21:30:46,2026-05-22,2,乒乓球厅-5号,11:00-12:00,0,1,可预约,￥5.0,雾,20,22,1,0.0,99,41
2026-05-21 22:01:02,2026-05-22,2,乒乓球厅-5号,11:00-12:00,0,1,可预约,￥5.0,雾,19,20,2,0.0,93,41
2026-05-21 22:30:47,2026-05-22,2,乒乓球厅-5号,11:00-12:00,0,1,可预约,￥5.0,雾,19,19,3,0.0,88,46
2026-05-21 23:00:56,2026-05-22,2,乒乓球厅-5号,11:00-12:00,0,1,可预约,￥5.0,多云,18,17,3,0.0,85,46
2026-05-21 23:30:55,2026-05-22,2,乒乓球厅-5号,11:00-12:00,0,1,可预约,￥5.0,多云,18,17,3,0.0,85,48
2026-05-21 08:00:45,2026-05-22,2,乒乓球厅-5号,12:00-12:55,0,1,可预约,￥0.0,晴,17,12,5,0.0,86,29
2026-05-21 08:02:30,2026-05-22,2,乒乓球厅-5号,12:00-12:55,0,1,可预约,￥0.0,多云,17,12,5,0.0,87,29
2026-05-21 08:05:36,2026-05-22,2,乒乓球厅-5号,12:00-12:55,0,1,可预约,￥0.0,多云,17,12,5,0.0,86,29
2026-05-21 08:08:31,2026-05-22,2,乒乓球厅-5号,12:00-12:55,0,1,可预约,￥0.0,多云,17,12,5,0.0,86,29
2026-05-21 08:11:30,2026-05-22,2,乒乓球厅-5号,12:00-12:55,0,1,可预约,￥0.0,多云,17,12,5,0.0,86,29
2026-05-21 08:14:31,2026-05-22,2,乒乓球厅-5号,12:00-12:55,0,1,可预约,￥0.0,多云,17,12,5,0.0,86,29
2026-05-21 08:17:30,2026-05-22,2,乒乓球厅-5号,12:00-12:55,0,1,可预约,￥0.0,多云,17,12,5,0.0,86,29
2026-05-21 08:20:35,2026-05-22,2,乒乓球厅-5号,12:00-12:55,0,1,可预约,￥0.0,多云,17,14,4,0.0,85,29
2026-05-21 08:25:32,2026-05-22,2,乒乓球厅-5号,12:00-12:55,0,1,可预约,￥0.0,多云,17,14,4,0.0,85,28
2026-05-21 08:30:42,2026-05-22,2,乒乓球厅-5号,12:00-12:55,0,1,可预约,￥0.0,多云,18,15,4,0.0,84,28
2026-05-21 08:35:31,2026-05-22,2,乒乓球厅-5号,12:00-12:55,0,1,可预约,￥0.0,多云,18,15,4,0.0,84,28
2026-05-21 08:40:38,2026-05-22,2,乒乓球厅-5号,12:00-12:55,0,1,可预约,￥0.0,多云,18,15,4,0.0,82,28
2026-05-21 08:45:33,2026-05-22,2,乒乓球厅-5号,12:00-12:55,0,1,可预约,￥0.0,多云,18,15,4,0.0,82,28
2026-05-21 08:50:36,2026-05-22,2,乒乓球厅-5号,12:00-12:55,0,1,可预约,￥0.0,多云,18,15,4,0.0,82,28
2026-05-21 08:55:34,2026-05-22,2,乒乓球厅-5号,12:00-12:55,0,1,可预约,￥0.0,多云,18,15,4,0.0,84,28
2026-05-21 09:00:51,2026-05-22,2,乒乓球厅-5号,12:00-12:55,0,1,可预约,￥0.0,多云,18,15,4,0.0,84,28
2026-05-21 09:01:59,2026-05-22,2,乒乓球厅-5号,12:00-12:55,0,1,可预约,￥0.0,多云,18,15,4,0.0,83,28
2026-05-21 09:05:33,2026-05-22,2,乒乓球厅-5号,12:00-12:55,0,1,可预约,￥0.0,多云,18,15,4,0.0,83,28
2026-05-21 09:20:38,2026-05-22,2,乒乓球厅-5号,12:00-12:55,0,1,可预约,￥0.0,多云,18,16,3,0.0,81,28
2026-05-21 09:30:46,2026-05-22,2,乒乓球厅-5号,12:00-12:55,0,1,可预约,￥0.0,多云,18,16,3,0.0,81,32
2026-05-21 09:40:36,2026-05-22,2,乒乓球厅-5号,12:00-12:55,0,1,可预约,￥0.0,多云,19,17,3,0.0,79,32
2026-05-21 09:50:42,2026-05-22,2,乒乓球厅-5号,12:00-12:55,0,1,可预约,￥0.0,多云,19,17,4,0.0,81,32
2026-05-21 10:00:46,2026-05-22,2,乒乓球厅-5号,12:00-12:55,0,1,可预约,￥0.0,多云,19,17,4,0.0,79,32
2026-05-21 10:10:40,2026-05-22,2,乒乓球厅-5号,12:00-12:55,0,1,可预约,￥0.0,多云,19,17,4,0.0,79,32
2026-05-21 10:20:38,2026-05-22,2,乒乓球厅-5号,12:00-12:55,0,1,可预约,￥0.0,多云,19,17,4,0.0,79,32
2026-05-21 10:30:41,2026-05-22,2,乒乓球厅-5号,12:00-12:55,0,1,可预约,￥0.0,多云,19,18,3,0.0,78,31
2026-05-21 11:00:44,2026-05-22,2,乒乓球厅-5号,12:00-12:55,0,1,可预约,￥0.0,多云,21,17,5,0.0,74,31
2026-05-21 11:30:38,2026-05-22,2,乒乓球厅-5号,12:00-12:55,0,1,可预约,￥0.0,多云,21,19,3,0.0,72,33
2026-05-21 12:00:46,2026-05-22,2,乒乓球厅-5号,12:00-12:55,0,1,可预约,￥0.0,多云,22,19,4,0.0,70,33
2026-05-21 12:30:42,2026-05-22,2,乒乓球厅-5号,12:00-12:55,0,1,可预约,￥0.0,多云,22,21,3,0.0,68,35
2026-05-21 13:00:43,2026-05-22,2,乒乓球厅-5号,12:00-12:55,0,1,可预约,￥0.0,多云,24,22,4,0.0,66,35
2026-05-21 13:30:43,2026-05-22,2,乒乓球厅-5号,12:00-12:55,0,1,可预约,￥0.0,多云,24,22,4,0.0,66,36
2026-05-21 14:00:48,2026-05-22,2,乒乓球厅-5号,12:00-12:55,0,1,可预约,￥0.0,多云,25,23,4,0.0,66,36
2026-05-21 14:30:45,2026-05-22,2,乒乓球厅-5号,12:00-12:55,0,1,可预约,￥0.0,晴,25,25,3,0.0,65,39
2026-05-21 15:00:45,2026-05-22,2,乒乓球厅-5号,12:00-12:55,0,1,可预约,￥0.0,晴,25,22,4,0.0,56,39
2026-05-21 15:30:43,2026-05-22,2,乒乓球厅-5号,12:00-12:55,0,1,可预约,￥0.0,晴,25,23,4,0.0,57,40
2026-05-21 16:00:51,2026-05-22,2,乒乓球厅-5号,12:00-12:55,0,1,可预约,￥0.0,晴,25,23,4,0.0,57,40
2026-05-21 16:30:48,2026-05-22,2,乒乓球厅-5号,12:00-12:55,0,1,可预约,￥0.0,晴,25,24,3,0.0,60,39
2026-05-21 17:00:49,2026-05-22,2,乒乓球厅-5号,12:00-12:55,0,1,可预约,￥0.0,晴,25,24,4,0.0,61,39
2026-05-21 17:30:47,2026-05-22,2,乒乓球厅-5号,12:00-12:55,0,1,可预约,￥0.0,多云,24,23,3,0.0,64,39
2026-05-21 18:00:50,2026-05-22,2,乒乓球厅-5号,12:00-12:55,0,1,可预约,￥0.0,多云,24,23,3,0.0,68,39
2026-05-21 18:30:50,2026-05-22,2,乒乓球厅-5号,12:00-12:55,0,1,可预约,￥0.0,阴,24,25,2,0.0,68,40
2026-05-21 19:00:50,2026-05-22,2,乒乓球厅-5号,12:00-12:55,0,1,可预约,￥0.0,阴,23,23,3,0.0,76,40
2026-05-21 19:30:46,2026-05-22,2,乒乓球厅-5号,12:00-12:55,0,1,可预约,￥0.0,阴,23,24,2,0.0,77,39
2026-05-21 20:00:49,2026-05-22,2,乒乓球厅-5号,12:00-12:55,0,1,可预约,￥0.0,雾,22,23,2,0.0,89,39
2026-05-21 20:30:44,2026-05-22,2,乒乓球厅-5号,12:00-12:55,0,1,可预约,￥0.0,雾,22,24,2,0.0,93,43
2026-05-21 21:00:56,2026-05-22,2,乒乓球厅-5号,12:00-12:55,0,1,可预约,￥0.0,雾,20,21,2,0.0,98,43
2026-05-21 21:30:46,2026-05-22,2,乒乓球厅-5号,12:00-12:55,0,1,可预约,￥0.0,雾,20,22,1,0.0,99,41
2026-05-21 22:01:02,2026-05-22,2,乒乓球厅-5号,12:00-12:55,0,1,可预约,￥0.0,雾,19,20,2,0.0,93,41
2026-05-21 22:30:47,2026-05-22,2,乒乓球厅-5号,12:00-12:55,0,1,可预约,￥0.0,雾,19,19,3,0.0,88,46
2026-05-21 23:00:56,2026-05-22,2,乒乓球厅-5号,12:00-12:55,0,1,可预约,￥0.0,多云,18,17,3,0.0,85,46
2026-05-21 23:30:55,2026-05-22,2,乒乓球厅-5号,12:00-12:55,0,1,可预约,￥0.0,多云,18,17,3,0.0,85,48
2026-05-21 08:00:45,2026-05-22,2,乒乓球厅-5号,12:55-13:50,0,1,可预约,￥0.0,晴,17,12,5,0.0,86,29
2026-05-21 08:02:30,2026-05-22,2,乒乓球厅-5号,12:55-13:50,0,1,可预约,￥0.0,多云,17,12,5,0.0,87,29
2026-05-21 08:05:36,2026-05-22,2,乒乓球厅-5号,12:55-13:50,0,1,可预约,￥0.0,多云,17,12,5,0.0,86,29
2026-05-21 08:08:31,2026-05-22,2,乒乓球厅-5号,12:55-13:50,0,1,可预约,￥0.0,多云,17,12,5,0.0,86,29
2026-05-21 08:11:30,2026-05-22,2,乒乓球厅-5号,12:55-13:50,0,1,可预约,￥0.0,多云,17,12,5,0.0,86,29
2026-05-21 08:14:31,2026-05-22,2,乒乓球厅-5号,12:55-13:50,0,1,可预约,￥0.0,多云,17,12,5,0.0,86,29
2026-05-21 08:17:30,2026-05-22,2,乒乓球厅-5号,12:55-13:50,0,1,可预约,￥0.0,多云,17,12,5,0.0,86,29
2026-05-21 08:20:35,2026-05-22,2,乒乓球厅-5号,12:55-13:50,0,1,可预约,￥0.0,多云,17,14,4,0.0,85,29
2026-05-21 08:25:32,2026-05-22,2,乒乓球厅-5号,12:55-13:50,0,1,可预约,￥0.0,多云,17,14,4,0.0,85,28
2026-05-21 08:30:42,2026-05-22,2,乒乓球厅-5号,12:55-13:50,0,1,可预约,￥0.0,多云,18,15,4,0.0,84,28
2026-05-21 08:35:31,2026-05-22,2,乒乓球厅-5号,12:55-13:50,0,1,可预约,￥0.0,多云,18,15,4,0.0,84,28
2026-05-21 08:40:38,2026-05-22,2,乒乓球厅-5号,12:55-13:50,0,1,可预约,￥0.0,多云,18,15,4,0.0,82,28
2026-05-21 08:45:33,2026-05-22,2,乒乓球厅-5号,12:55-13:50,0,1,可预约,￥0.0,多云,18,15,4,0.0,82,28
2026-05-21 08:50:36,2026-05-22,2,乒乓球厅-5号,12:55-13:50,0,1,可预约,￥0.0,多云,18,15,4,0.0,82,28
2026-05-21 08:55:34,2026-05-22,2,乒乓球厅-5号,12:55-13:50,0,1,可预约,￥0.0,多云,18,15,4,0.0,84,28
2026-05-21 09:00:51,2026-05-22,2,乒乓球厅-5号,12:55-13:50,0,1,可预约,￥0.0,多云,18,15,4,0.0,84,28
2026-05-21 09:01:59,2026-05-22,2,乒乓球厅-5号,12:55-13:50,0,1,可预约,￥0.0,多云,18,15,4,0.0,83,28
2026-05-21 09:05:33,2026-05-22,2,乒乓球厅-5号,12:55-13:50,0,1,可预约,￥0.0,多云,18,15,4,0.0,83,28
2026-05-21 09:20:38,2026-05-22,2,乒乓球厅-5号,12:55-13:50,0,1,可预约,￥0.0,多云,18,16,3,0.0,81,28
2026-05-21 09:30:46,2026-05-22,2,乒乓球厅-5号,12:55-13:50,0,1,可预约,￥0.0,多云,18,16,3,0.0,81,32
2026-05-21 09:40:36,2026-05-22,2,乒乓球厅-5号,12:55-13:50,0,1,可预约,￥0.0,多云,19,17,3,0.0,79,32
2026-05-21 09:50:42,2026-05-22,2,乒乓球厅-5号,12:55-13:50,0,1,可预约,￥0.0,多云,19,17,4,0.0,81,32
2026-05-21 10:00:46,2026-05-22,2,乒乓球厅-5号,12:55-13:50,0,1,可预约,￥0.0,多云,19,17,4,0.0,79,32
2026-05-21 10:10:40,2026-05-22,2,乒乓球厅-5号,12:55-13:50,0,1,可预约,￥0.0,多云,19,17,4,0.0,79,32
2026-05-21 10:20:38,2026-05-22,2,乒乓球厅-5号,12:55-13:50,0,1,可预约,￥0.0,多云,19,17,4,0.0,79,32
2026-05-21 10:30:41,2026-05-22,2,乒乓球厅-5号,12:55-13:50,0,1,可预约,￥0.0,多云,19,18,3,0.0,78,31
2026-05-21 11:00:44,2026-05-22,2,乒乓球厅-5号,12:55-13:50,0,1,可预约,￥0.0,多云,21,17,5,0.0,74,31
2026-05-21 11:30:38,2026-05-22,2,乒乓球厅-5号,12:55-13:50,0,1,可预约,￥0.0,多云,21,19,3,0.0,72,33
2026-05-21 12:00:46,2026-05-22,2,乒乓球厅-5号,12:55-13:50,0,1,可预约,￥0.0,多云,22,19,4,0.0,70,33
2026-05-21 12:30:42,2026-05-22,2,乒乓球厅-5号,12:55-13:50,0,1,可预约,￥0.0,多云,22,21,3,0.0,68,35
2026-05-21 13:00:43,2026-05-22,2,乒乓球厅-5号,12:55-13:50,0,1,可预约,￥0.0,多云,24,22,4,0.0,66,35
2026-05-21 13:30:43,2026-05-22,2,乒乓球厅-5号,12:55-13:50,0,1,可预约,￥0.0,多云,24,22,4,0.0,66,36
2026-05-21 14:00:48,2026-05-22,2,乒乓球厅-5号,12:55-13:50,0,1,可预约,￥0.0,多云,25,23,4,0.0,66,36
2026-05-21 14:30:45,2026-05-22,2,乒乓球厅-5号,12:55-13:50,0,1,可预约,￥0.0,晴,25,25,3,0.0,65,39
2026-05-21 15:00:45,2026-05-22,2,乒乓球厅-5号,12:55-13:50,0,1,可预约,￥0.0,晴,25,22,4,0.0,56,39
2026-05-21 15:30:43,2026-05-22,2,乒乓球厅-5号,12:55-13:50,0,1,可预约,￥0.0,晴,25,23,4,0.0,57,40
2026-05-21 16:00:51,2026-05-22,2,乒乓球厅-5号,12:55-13:50,0,1,可预约,￥0.0,晴,25,23,4,0.0,57,40
2026-05-21 16:30:48,2026-05-22,2,乒乓球厅-5号,12:55-13:50,0,1,可预约,￥0.0,晴,25,24,3,0.0,60,39
2026-05-21 17:00:49,2026-05-22,2,乒乓球厅-5号,12:55-13:50,0,1,可预约,￥0.0,晴,25,24,4,0.0,61,39
2026-05-21 17:30:47,2026-05-22,2,乒乓球厅-5号,12:55-13:50,0,1,可预约,￥0.0,多云,24,23,3,0.0,64,39
2026-05-21 18:00:50,2026-05-22,2,乒乓球厅-5号,12:55-13:50,0,1,可预约,￥0.0,多云,24,23,3,0.0,68,39
2026-05-21 18:30:50,2026-05-22,2,乒乓球厅-5号,12:55-13:50,0,1,可预约,￥0.0,阴,24,25,2,0.0,68,40
2026-05-21 19:00:50,2026-05-22,2,乒乓球厅-5号,12:55-13:50,0,1,可预约,￥0.0,阴,23,23,3,0.0,76,40
2026-05-21 19:30:46,2026-05-22,2,乒乓球厅-5号,12:55-13:50,0,1,可预约,￥0.0,阴,23,24,2,0.0,77,39
2026-05-21 20:00:49,2026-05-22,2,乒乓球厅-5号,12:55-13:50,0,1,可预约,￥0.0,雾,22,23,2,0.0,89,39
2026-05-21 20:30:44,2026-05-22,2,乒乓球厅-5号,12:55-13:50,0,1,可预约,￥0.0,雾,22,24,2,0.0,93,43
2026-05-21 21:00:56,2026-05-22,2,乒乓球厅-5号,12:55-13:50,0,1,可预约,￥0.0,雾,20,21,2,0.0,98,43
2026-05-21 21:30:46,2026-05-22,2,乒乓球厅-5号,12:55-13:50,0,1,可预约,￥0.0,雾,20,22,1,0.0,99,41
2026-05-21 22:01:02,2026-05-22,2,乒乓球厅-5号,12:55-13:50,0,1,可预约,￥0.0,雾,19,20,2,0.0,93,41
2026-05-21 22:30:47,2026-05-22,2,乒乓球厅-5号,12:55-13:50,0,1,可预约,￥0.0,雾,19,19,3,0.0,88,46
2026-05-21 23:00:56,2026-05-22,2,乒乓球厅-5号,12:55-13:50,0,1,可预约,￥0.0,多云,18,17,3,0.0,85,46
2026-05-21 23:30:55,2026-05-22,2,乒乓球厅-5号,12:55-13:50,0,1,可预约,￥0.0,多云,18,17,3,0.0,85,48
2026-05-21 08:00:45,2026-05-22,2,乒乓球厅-5号,14:00-15:00,1,1,已售/已满,教学时间,晴,17,12,5,0.0,86,29
2026-05-21 08:02:30,2026-05-22,2,乒乓球厅-5号,14:00-15:00,1,1,已售/已满,教学时间,多云,17,12,5,0.0,87,29
2026-05-21 08:05:36,2026-05-22,2,乒乓球厅-5号,14:00-15:00,1,1,已售/已满,教学时间,多云,17,12,5,0.0,86,29
2026-05-21 08:08:31,2026-05-22,2,乒乓球厅-5号,14:00-15:00,1,1,已售/已满,教学时间,多云,17,12,5,0.0,86,29
2026-05-21 08:11:30,2026-05-22,2,乒乓球厅-5号,14:00-15:00,1,1,已售/已满,教学时间,多云,17,12,5,0.0,86,29
2026-05-21 08:14:31,2026-05-22,2,乒乓球厅-5号,14:00-15:00,1,1,已售/已满,教学时间,多云,17,12,5,0.0,86,29
2026-05-21 08:17:30,2026-05-22,2,乒乓球厅-5号,14:00-15:00,1,1,已售/已满,教学时间,多云,17,12,5,0.0,86,29
2026-05-21 08:20:35,2026-05-22,2,乒乓球厅-5号,14:00-15:00,1,1,已售/已满,教学时间,多云,17,14,4,0.0,85,29
2026-05-21 08:25:32,2026-05-22,2,乒乓球厅-5号,14:00-15:00,1,1,已售/已满,教学时间,多云,17,14,4,0.0,85,28
2026-05-21 08:30:42,2026-05-22,2,乒乓球厅-5号,14:00-15:00,1,1,已售/已满,教学时间,多云,18,15,4,0.0,84,28
2026-05-21 08:35:31,2026-05-22,2,乒乓球厅-5号,14:00-15:00,1,1,已售/已满,教学时间,多云,18,15,4,0.0,84,28
2026-05-21 08:40:38,2026-05-22,2,乒乓球厅-5号,14:00-15:00,1,1,已售/已满,教学时间,多云,18,15,4,0.0,82,28
2026-05-21 08:45:33,2026-05-22,2,乒乓球厅-5号,14:00-15:00,1,1,已售/已满,教学时间,多云,18,15,4,0.0,82,28
2026-05-21 08:50:36,2026-05-22,2,乒乓球厅-5号,14:00-15:00,1,1,已售/已满,教学时间,多云,18,15,4,0.0,82,28
2026-05-21 08:55:34,2026-05-22,2,乒乓球厅-5号,14:00-15:00,1,1,已售/已满,教学时间,多云,18,15,4,0.0,84,28
2026-05-21 09:00:51,2026-05-22,2,乒乓球厅-5号,14:00-15:00,1,1,已售/已满,教学时间,多云,18,15,4,0.0,84,28
2026-05-21 09:01:59,2026-05-22,2,乒乓球厅-5号,14:00-15:00,1,1,已售/已满,教学时间,多云,18,15,4,0.0,83,28
2026-05-21 09:05:33,2026-05-22,2,乒乓球厅-5号,14:00-15:00,1,1,已售/已满,教学时间,多云,18,15,4,0.0,83,28
2026-05-21 09:20:38,2026-05-22,2,乒乓球厅-5号,14:00-15:00,1,1,已售/已满,教学时间,多云,18,16,3,0.0,81,28
2026-05-21 09:30:46,2026-05-22,2,乒乓球厅-5号,14:00-15:00,1,1,已售/已满,教学时间,多云,18,16,3,0.0,81,32
2026-05-21 09:40:36,2026-05-22,2,乒乓球厅-5号,14:00-15:00,1,1,已售/已满,教学时间,多云,19,17,3,0.0,79,32
2026-05-21 09:50:42,2026-05-22,2,乒乓球厅-5号,14:00-15:00,1,1,已售/已满,教学时间,多云,19,17,4,0.0,81,32
2026-05-21 10:00:46,2026-05-22,2,乒乓球厅-5号,14:00-15:00,1,1,已售/已满,教学时间,多云,19,17,4,0.0,79,32
2026-05-21 10:10:40,2026-05-22,2,乒乓球厅-5号,14:00-15:00,1,1,已售/已满,教学时间,多云,19,17,4,0.0,79,32
2026-05-21 10:20:38,2026-05-22,2,乒乓球厅-5号,14:00-15:00,1,1,已售/已满,教学时间,多云,19,17,4,0.0,79,32
2026-05-21 10:30:41,2026-05-22,2,乒乓球厅-5号,14:00-15:00,1,1,已售/已满,教学时间,多云,19,18,3,0.0,78,31
2026-05-21 11:00:44,2026-05-22,2,乒乓球厅-5号,14:00-15:00,1,1,已售/已满,教学时间,多云,21,17,5,0.0,74,31
2026-05-21 11:30:38,2026-05-22,2,乒乓球厅-5号,14:00-15:00,1,1,已售/已满,教学时间,多云,21,19,3,0.0,72,33
2026-05-21 12:00:46,2026-05-22,2,乒乓球厅-5号,14:00-15:00,1,1,已售/已满,教学时间,多云,22,19,4,0.0,70,33
2026-05-21 12:30:42,2026-05-22,2,乒乓球厅-5号,14:00-15:00,1,1,已售/已满,教学时间,多云,22,21,3,0.0,68,35
2026-05-21 13:00:43,2026-05-22,2,乒乓球厅-5号,14:00-15:00,1,1,已售/已满,教学时间,多云,24,22,4,0.0,66,35
2026-05-21 13:30:43,2026-05-22,2,乒乓球厅-5号,14:00-15:00,1,1,已售/已满,教学时间,多云,24,22,4,0.0,66,36
2026-05-21 14:00:48,2026-05-22,2,乒乓球厅-5号,14:00-15:00,1,1,已售/已满,教学时间,多云,25,23,4,0.0,66,36
2026-05-21 14:30:45,2026-05-22,2,乒乓球厅-5号,14:00-15:00,1,1,已售/已满,教学时间,晴,25,25,3,0.0,65,39
2026-05-21 15:00:45,2026-05-22,2,乒乓球厅-5号,14:00-15:00,1,1,已售/已满,教学时间,晴,25,22,4,0.0,56,39
2026-05-21 15:30:43,2026-05-22,2,乒乓球厅-5号,14:00-15:00,1,1,已售/已满,教学时间,晴,25,23,4,0.0,57,40
2026-05-21 16:00:51,2026-05-22,2,乒乓球厅-5号,14:00-15:00,1,1,已售/已满,教学时间,晴,25,23,4,0.0,57,40
2026-05-21 16:30:48,2026-05-22,2,乒乓球厅-5号,14:00-15:00,1,1,已售/已满,教学时间,晴,25,24,3,0.0,60,39
2026-05-21 17:00:49,2026-05-22,2,乒乓球厅-5号,14:00-15:00,1,1,已售/已满,教学时间,晴,25,24,4,0.0,61,39
2026-05-21 17:30:47,2026-05-22,2,乒乓球厅-5号,14:00-15:00,1,1,已售/已满,教学时间,多云,24,23,3,0.0,64,39
2026-05-21 18:00:50,2026-05-22,2,乒乓球厅-5号,14:00-15:00,1,1,已售/已满,教学时间,多云,24,23,3,0.0,68,39
2026-05-21 18:30:50,2026-05-22,2,乒乓球厅-5号,14:00-15:00,1,1,已售/已满,教学时间,阴,24,25,2,0.0,68,40
2026-05-21 19:00:50,2026-05-22,2,乒乓球厅-5号,14:00-15:00,1,1,已售/已满,教学时间,阴,23,23,3,0.0,76,40
2026-05-21 19:30:46,2026-05-22,2,乒乓球厅-5号,14:00-15:00,1,1,已售/已满,教学时间,阴,23,24,2,0.0,77,39
2026-05-21 20:00:49,2026-05-22,2,乒乓球厅-5号,14:00-15:00,1,1,已售/已满,教学时间,雾,22,23,2,0.0,89,39
2026-05-21 20:30:44,2026-05-22,2,乒乓球厅-5号,14:00-15:00,1,1,已售/已满,教学时间,雾,22,24,2,0.0,93,43
2026-05-21 21:00:56,2026-05-22,2,乒乓球厅-5号,14:00-15:00,1,1,已售/已满,教学时间,雾,20,21,2,0.0,98,43
2026-05-21 21:30:46,2026-05-22,2,乒乓球厅-5号,14:00-15:00,1,1,已售/已满,教学时间,雾,20,22,1,0.0,99,41
2026-05-21 22:01:02,2026-05-22,2,乒乓球厅-5号,14:00-15:00,1,1,已售/已满,教学时间,雾,19,20,2,0.0,93,41
2026-05-21 22:30:47,2026-05-22,2,乒乓球厅-5号,14:00-15:00,1,1,已售/已满,教学时间,雾,19,19,3,0.0,88,46
2026-05-21 23:00:56,2026-05-22,2,乒乓球厅-5号,14:00-15:00,1,1,已售/已满,教学时间,多云,18,17,3,0.0,85,46
2026-05-21 23:30:55,2026-05-22,2,乒乓球厅-5号,14:00-15:00,1,1,已售/已满,教学时间,多云,18,17,3,0.0,85,48
2026-05-21 08:00:45,2026-05-22,2,乒乓球厅-5号,15:00-16:00,1,1,已售/已满,教学时间,晴,17,12,5,0.0,86,29
2026-05-21 08:02:30,2026-05-22,2,乒乓球厅-5号,15:00-16:00,1,1,已售/已满,教学时间,多云,17,12,5,0.0,87,29
2026-05-21 08:05:36,2026-05-22,2,乒乓球厅-5号,15:00-16:00,1,1,已售/已满,教学时间,多云,17,12,5,0.0,86,29
2026-05-21 08:08:31,2026-05-22,2,乒乓球厅-5号,15:00-16:00,1,1,已售/已满,教学时间,多云,17,12,5,0.0,86,29
2026-05-21 08:11:30,2026-05-22,2,乒乓球厅-5号,15:00-16:00,1,1,已售/已满,教学时间,多云,17,12,5,0.0,86,29
2026-05-21 08:14:31,2026-05-22,2,乒乓球厅-5号,15:00-16:00,1,1,已售/已满,教学时间,多云,17,12,5,0.0,86,29
2026-05-21 08:17:30,2026-05-22,2,乒乓球厅-5号,15:00-16:00,1,1,已售/已满,教学时间,多云,17,12,5,0.0,86,29
2026-05-21 08:20:35,2026-05-22,2,乒乓球厅-5号,15:00-16:00,1,1,已售/已满,教学时间,多云,17,14,4,0.0,85,29
2026-05-21 08:25:32,2026-05-22,2,乒乓球厅-5号,15:00-16:00,1,1,已售/已满,教学时间,多云,17,14,4,0.0,85,28
2026-05-21 08:30:42,2026-05-22,2,乒乓球厅-5号,15:00-16:00,1,1,已售/已满,教学时间,多云,18,15,4,0.0,84,28
2026-05-21 08:35:31,2026-05-22,2,乒乓球厅-5号,15:00-16:00,1,1,已售/已满,教学时间,多云,18,15,4,0.0,84,28
2026-05-21 08:40:38,2026-05-22,2,乒乓球厅-5号,15:00-16:00,1,1,已售/已满,教学时间,多云,18,15,4,0.0,82,28
2026-05-21 08:45:33,2026-05-22,2,乒乓球厅-5号,15:00-16:00,1,1,已售/已满,教学时间,多云,18,15,4,0.0,82,28
2026-05-21 08:50:36,2026-05-22,2,乒乓球厅-5号,15:00-16:00,1,1,已售/已满,教学时间,多云,18,15,4,0.0,82,28
2026-05-21 08:55:34,2026-05-22,2,乒乓球厅-5号,15:00-16:00,1,1,已售/已满,教学时间,多云,18,15,4,0.0,84,28
2026-05-21 09:00:51,2026-05-22,2,乒乓球厅-5号,15:00-16:00,1,1,已售/已满,教学时间,多云,18,15,4,0.0,84,28
2026-05-21 09:01:59,2026-05-22,2,乒乓球厅-5号,15:00-16:00,1,1,已售/已满,教学时间,多云,18,15,4,0.0,83,28
2026-05-21 09:05:33,2026-05-22,2,乒乓球厅-5号,15:00-16:00,1,1,已售/已满,教学时间,多云,18,15,4,0.0,83,28
2026-05-21 09:20:38,2026-05-22,2,乒乓球厅-5号,15:00-16:00,1,1,已售/已满,教学时间,多云,18,16,3,0.0,81,28
2026-05-21 09:30:46,2026-05-22,2,乒乓球厅-5号,15:00-16:00,1,1,已售/已满,教学时间,多云,18,16,3,0.0,81,32
2026-05-21 09:40:36,2026-05-22,2,乒乓球厅-5号,15:00-16:00,1,1,已售/已满,教学时间,多云,19,17,3,0.0,79,32
2026-05-21 09:50:42,2026-05-22,2,乒乓球厅-5号,15:00-16:00,1,1,已售/已满,教学时间,多云,19,17,4,0.0,81,32
2026-05-21 10:00:46,2026-05-22,2,乒乓球厅-5号,15:00-16:00,1,1,已售/已满,教学时间,多云,19,17,4,0.0,79,32
2026-05-21 10:10:40,2026-05-22,2,乒乓球厅-5号,15:00-16:00,1,1,已售/已满,教学时间,多云,19,17,4,0.0,79,32
2026-05-21 10:20:38,2026-05-22,2,乒乓球厅-5号,15:00-16:00,1,1,已售/已满,教学时间,多云,19,17,4,0.0,79,32
2026-05-21 10:30:41,2026-05-22,2,乒乓球厅-5号,15:00-16:00,1,1,已售/已满,教学时间,多云,19,18,3,0.0,78,31
2026-05-21 11:00:44,2026-05-22,2,乒乓球厅-5号,15:00-16:00,1,1,已售/已满,教学时间,多云,21,17,5,0.0,74,31
2026-05-21 11:30:38,2026-05-22,2,乒乓球厅-5号,15:00-16:00,1,1,已售/已满,教学时间,多云,21,19,3,0.0,72,33
2026-05-21 12:00:46,2026-05-22,2,乒乓球厅-5号,15:00-16:00,1,1,已售/已满,教学时间,多云,22,19,4,0.0,70,33
2026-05-21 12:30:42,2026-05-22,2,乒乓球厅-5号,15:00-16:00,1,1,已售/已满,教学时间,多云,22,21,3,0.0,68,35
2026-05-21 13:00:43,2026-05-22,2,乒乓球厅-5号,15:00-16:00,1,1,已售/已满,教学时间,多云,24,22,4,0.0,66,35
2026-05-21 13:30:43,2026-05-22,2,乒乓球厅-5号,15:00-16:00,1,1,已售/已满,教学时间,多云,24,22,4,0.0,66,36
2026-05-21 14:00:48,2026-05-22,2,乒乓球厅-5号,15:00-16:00,1,1,已售/已满,教学时间,多云,25,23,4,0.0,66,36
2026-05-21 14:30:45,2026-05-22,2,乒乓球厅-5号,15:00-16:00,1,1,已售/已满,教学时间,晴,25,25,3,0.0,65,39
2026-05-21 15:00:45,2026-05-22,2,乒乓球厅-5号,15:00-16:00,1,1,已售/已满,教学时间,晴,25,22,4,0.0,56,39
2026-05-21 15:30:43,2026-05-22,2,乒乓球厅-5号,15:00-16:00,1,1,已售/已满,教学时间,晴,25,23,4,0.0,57,40
2026-05-21 16:00:51,2026-05-22,2,乒乓球厅-5号,15:00-16:00,1,1,已售/已满,教学时间,晴,25,23,4,0.0,57,40
2026-05-21 16:30:48,2026-05-22,2,乒乓球厅-5号,15:00-16:00,1,1,已售/已满,教学时间,晴,25,24,3,0.0,60,39
2026-05-21 17:00:49,2026-05-22,2,乒乓球厅-5号,15:00-16:00,1,1,已售/已满,教学时间,晴,25,24,4,0.0,61,39
2026-05-21 17:30:47,2026-05-22,2,乒乓球厅-5号,15:00-16:00,1,1,已售/已满,教学时间,多云,24,23,3,0.0,64,39
2026-05-21 18:00:50,2026-05-22,2,乒乓球厅-5号,15:00-16:00,1,1,已售/已满,教学时间,多云,24,23,3,0.0,68,39
2026-05-21 18:30:50,2026-05-22,2,乒乓球厅-5号,15:00-16:00,1,1,已售/已满,教学时间,阴,24,25,2,0.0,68,40
2026-05-21 19:00:50,2026-05-22,2,乒乓球厅-5号,15:00-16:00,1,1,已售/已满,教学时间,阴,23,23,3,0.0,76,40
2026-05-21 19:30:46,2026-05-22,2,乒乓球厅-5号,15:00-16:00,1,1,已售/已满,教学时间,阴,23,24,2,0.0,77,39
2026-05-21 20:00:49,2026-05-22,2,乒乓球厅-5号,15:00-16:00,1,1,已售/已满,教学时间,雾,22,23,2,0.0,89,39
2026-05-21 20:30:44,2026-05-22,2,乒乓球厅-5号,15:00-16:00,1,1,已售/已满,教学时间,雾,22,24,2,0.0,93,43
2026-05-21 21:00:56,2026-05-22,2,乒乓球厅-5号,15:00-16:00,1,1,已售/已满,教学时间,雾,20,21,2,0.0,98,43
2026-05-21 21:30:46,2026-05-22,2,乒乓球厅-5号,15:00-16:00,1,1,已售/已满,教学时间,雾,20,22,1,0.0,99,41
2026-05-21 22:01:02,2026-05-22,2,乒乓球厅-5号,15:00-16:00,1,1,已售/已满,教学时间,雾,19,20,2,0.0,93,41
2026-05-21 22:30:47,2026-05-22,2,乒乓球厅-5号,15:00-16:00,1,1,已售/已满,教学时间,雾,19,19,3,0.0,88,46
2026-05-21 23:00:56,2026-05-22,2,乒乓球厅-5号,15:00-16:00,1,1,已售/已满,教学时间,多云,18,17,3,0.0,85,46
2026-05-21 23:30:55,2026-05-22,2,乒乓球厅-5号,15:00-16:00,1,1,已售/已满,教学时间,多云,18,17,3,0.0,85,48
2026-05-21 08:00:45,2026-05-22,2,乒乓球厅-5号,16:00-17:00,0,1,可预约,￥5.0,晴,17,12,5,0.0,86,29
2026-05-21 08:02:30,2026-05-22,2,乒乓球厅-5号,16:00-17:00,0,1,可预约,￥5.0,多云,17,12,5,0.0,87,29
2026-05-21 08:05:36,2026-05-22,2,乒乓球厅-5号,16:00-17:00,0,1,可预约,￥5.0,多云,17,12,5,0.0,86,29
2026-05-21 08:08:31,2026-05-22,2,乒乓球厅-5号,16:00-17:00,0,1,可预约,￥5.0,多云,17,12,5,0.0,86,29
2026-05-21 08:11:30,2026-05-22,2,乒乓球厅-5号,16:00-17:00,0,1,可预约,￥5.0,多云,17,12,5,0.0,86,29
2026-05-21 08:14:31,2026-05-22,2,乒乓球厅-5号,16:00-17:00,0,1,可预约,￥5.0,多云,17,12,5,0.0,86,29
2026-05-21 08:17:30,2026-05-22,2,乒乓球厅-5号,16:00-17:00,0,1,可预约,￥5.0,多云,17,12,5,0.0,86,29
2026-05-21 08:20:35,2026-05-22,2,乒乓球厅-5号,16:00-17:00,0,1,可预约,￥5.0,多云,17,14,4,0.0,85,29
2026-05-21 08:25:32,2026-05-22,2,乒乓球厅-5号,16:00-17:00,0,1,可预约,￥5.0,多云,17,14,4,0.0,85,28
2026-05-21 08:30:42,2026-05-22,2,乒乓球厅-5号,16:00-17:00,0,1,可预约,￥5.0,多云,18,15,4,0.0,84,28
2026-05-21 08:35:31,2026-05-22,2,乒乓球厅-5号,16:00-17:00,0,1,可预约,￥5.0,多云,18,15,4,0.0,84,28
2026-05-21 08:40:38,2026-05-22,2,乒乓球厅-5号,16:00-17:00,0,1,可预约,￥5.0,多云,18,15,4,0.0,82,28
2026-05-21 08:45:33,2026-05-22,2,乒乓球厅-5号,16:00-17:00,0,1,可预约,￥5.0,多云,18,15,4,0.0,82,28
2026-05-21 08:50:36,2026-05-22,2,乒乓球厅-5号,16:00-17:00,0,1,可预约,￥5.0,多云,18,15,4,0.0,82,28
2026-05-21 08:55:34,2026-05-22,2,乒乓球厅-5号,16:00-17:00,0,1,可预约,￥5.0,多云,18,15,4,0.0,84,28
2026-05-21 09:00:51,2026-05-22,2,乒乓球厅-5号,16:00-17:00,0,1,可预约,￥5.0,多云,18,15,4,0.0,84,28
2026-05-21 09:01:59,2026-05-22,2,乒乓球厅-5号,16:00-17:00,0,1,可预约,￥5.0,多云,18,15,4,0.0,83,28
2026-05-21 09:05:33,2026-05-22,2,乒乓球厅-5号,16:00-17:00,0,1,可预约,￥5.0,多云,18,15,4,0.0,83,28
2026-05-21 09:20:38,2026-05-22,2,乒乓球厅-5号,16:00-17:00,0,1,可预约,￥5.0,多云,18,16,3,0.0,81,28
2026-05-21 09:30:46,2026-05-22,2,乒乓球厅-5号,16:00-17:00,0,1,可预约,￥5.0,多云,18,16,3,0.0,81,32
2026-05-21 09:40:36,2026-05-22,2,乒乓球厅-5号,16:00-17:00,0,1,可预约,￥5.0,多云,19,17,3,0.0,79,32
2026-05-21 09:50:42,2026-05-22,2,乒乓球厅-5号,16:00-17:00,0,1,可预约,￥5.0,多云,19,17,4,0.0,81,32
2026-05-21 10:00:46,2026-05-22,2,乒乓球厅-5号,16:00-17:00,0,1,可预约,￥5.0,多云,19,17,4,0.0,79,32
2026-05-21 10:10:40,2026-05-22,2,乒乓球厅-5号,16:00-17:00,0,1,可预约,￥5.0,多云,19,17,4,0.0,79,32
2026-05-21 10:20:38,2026-05-22,2,乒乓球厅-5号,16:00-17:00,0,1,可预约,￥5.0,多云,19,17,4,0.0,79,32
2026-05-21 10:30:41,2026-05-22,2,乒乓球厅-5号,16:00-17:00,0,1,可预约,￥5.0,多云,19,18,3,0.0,78,31
2026-05-21 11:00:44,2026-05-22,2,乒乓球厅-5号,16:00-17:00,0,1,可预约,￥5.0,多云,21,17,5,0.0,74,31
2026-05-21 11:30:38,2026-05-22,2,乒乓球厅-5号,16:00-17:00,0,1,可预约,￥5.0,多云,21,19,3,0.0,72,33
2026-05-21 12:00:46,2026-05-22,2,乒乓球厅-5号,16:00-17:00,0,1,可预约,￥5.0,多云,22,19,4,0.0,70,33
2026-05-21 12:30:42,2026-05-22,2,乒乓球厅-5号,16:00-17:00,0,1,可预约,￥5.0,多云,22,21,3,0.0,68,35
2026-05-21 13:00:43,2026-05-22,2,乒乓球厅-5号,16:00-17:00,0,1,可预约,￥5.0,多云,24,22,4,0.0,66,35
2026-05-21 13:30:43,2026-05-22,2,乒乓球厅-5号,16:00-17:00,0,1,可预约,￥5.0,多云,24,22,4,0.0,66,36
2026-05-21 14:00:48,2026-05-22,2,乒乓球厅-5号,16:00-17:00,0,1,可预约,￥5.0,多云,25,23,4,0.0,66,36
2026-05-21 14:30:45,2026-05-22,2,乒乓球厅-5号,16:00-17:00,0,1,可预约,￥5.0,晴,25,25,3,0.0,65,39
2026-05-21 15:00:45,2026-05-22,2,乒乓球厅-5号,16:00-17:00,0,1,可预约,￥5.0,晴,25,22,4,0.0,56,39
2026-05-21 15:30:43,2026-05-22,2,乒乓球厅-5号,16:00-17:00,0,1,可预约,￥5.0,晴,25,23,4,0.0,57,40
2026-05-21 16:00:51,2026-05-22,2,乒乓球厅-5号,16:00-17:00,0,1,可预约,￥5.0,晴,25,23,4,0.0,57,40
2026-05-21 16:30:48,2026-05-22,2,乒乓球厅-5号,16:00-17:00,0,1,可预约,￥5.0,晴,25,24,3,0.0,60,39
2026-05-21 17:00:49,2026-05-22,2,乒乓球厅-5号,16:00-17:00,0,1,可预约,￥5.0,晴,25,24,4,0.0,61,39
2026-05-21 17:30:47,2026-05-22,2,乒乓球厅-5号,16:00-17:00,0,1,可预约,￥5.0,多云,24,23,3,0.0,64,39
2026-05-21 18:00:50,2026-05-22,2,乒乓球厅-5号,16:00-17:00,0,1,可预约,￥5.0,多云,24,23,3,0.0,68,39
2026-05-21 18:30:50,2026-05-22,2,乒乓球厅-5号,16:00-17:00,0,1,可预约,￥5.0,阴,24,25,2,0.0,68,40
2026-05-21 19:00:50,2026-05-22,2,乒乓球厅-5号,16:00-17:00,0,1,可预约,￥5.0,阴,23,23,3,0.0,76,40
2026-05-21 19:30:46,2026-05-22,2,乒乓球厅-5号,16:00-17:00,0,1,可预约,￥5.0,阴,23,24,2,0.0,77,39
2026-05-21 20:00:49,2026-05-22,2,乒乓球厅-5号,16:00-17:00,0,1,可预约,￥5.0,雾,22,23,2,0.0,89,39
2026-05-21 20:30:44,2026-05-22,2,乒乓球厅-5号,16:00-17:00,0,1,可预约,￥5.0,雾,22,24,2,0.0,93,43
2026-05-21 21:00:56,2026-05-22,2,乒乓球厅-5号,16:00-17:00,0,1,可预约,￥5.0,雾,20,21,2,0.0,98,43
2026-05-21 21:30:46,2026-05-22,2,乒乓球厅-5号,16:00-17:00,0,1,可预约,￥5.0,雾,20,22,1,0.0,99,41
2026-05-21 22:01:02,2026-05-22,2,乒乓球厅-5号,16:00-17:00,0,1,可预约,￥5.0,雾,19,20,2,0.0,93,41
2026-05-21 22:30:47,2026-05-22,2,乒乓球厅-5号,16:00-17:00,0,1,可预约,￥5.0,雾,19,19,3,0.0,88,46
2026-05-21 23:00:56,2026-05-22,2,乒乓球厅-5号,16:00-17:00,0,1,可预约,￥5.0,多云,18,17,3,0.0,85,46
2026-05-21 23:30:55,2026-05-22,2,乒乓球厅-5号,16:00-17:00,0,1,可预约,￥5.0,多云,18,17,3,0.0,85,48
2026-05-21 08:00:45,2026-05-22,2,乒乓球厅-5号,17:00-18:00,0,1,可预约,￥5.0,晴,17,12,5,0.0,86,29
2026-05-21 08:02:30,2026-05-22,2,乒乓球厅-5号,17:00-18:00,0,1,可预约,￥5.0,多云,17,12,5,0.0,87,29
2026-05-21 08:05:36,2026-05-22,2,乒乓球厅-5号,17:00-18:00,0,1,可预约,￥5.0,多云,17,12,5,0.0,86,29
2026-05-21 08:08:31,2026-05-22,2,乒乓球厅-5号,17:00-18:00,0,1,可预约,￥5.0,多云,17,12,5,0.0,86,29
2026-05-21 08:11:30,2026-05-22,2,乒乓球厅-5号,17:00-18:00,0,1,可预约,￥5.0,多云,17,12,5,0.0,86,29
2026-05-21 08:14:31,2026-05-22,2,乒乓球厅-5号,17:00-18:00,0,1,可预约,￥5.0,多云,17,12,5,0.0,86,29
2026-05-21 08:17:30,2026-05-22,2,乒乓球厅-5号,17:00-18:00,0,1,可预约,￥5.0,多云,17,12,5,0.0,86,29
2026-05-21 08:20:35,2026-05-22,2,乒乓球厅-5号,17:00-18:00,0,1,可预约,￥5.0,多云,17,14,4,0.0,85,29
2026-05-21 08:25:32,2026-05-22,2,乒乓球厅-5号,17:00-18:00,0,1,可预约,￥5.0,多云,17,14,4,0.0,85,28
2026-05-21 08:30:42,2026-05-22,2,乒乓球厅-5号,17:00-18:00,0,1,可预约,￥5.0,多云,18,15,4,0.0,84,28
2026-05-21 08:35:31,2026-05-22,2,乒乓球厅-5号,17:00-18:00,0,1,可预约,￥5.0,多云,18,15,4,0.0,84,28
2026-05-21 08:40:38,2026-05-22,2,乒乓球厅-5号,17:00-18:00,0,1,可预约,￥5.0,多云,18,15,4,0.0,82,28
2026-05-21 08:45:33,2026-05-22,2,乒乓球厅-5号,17:00-18:00,0,1,可预约,￥5.0,多云,18,15,4,0.0,82,28
2026-05-21 08:50:36,2026-05-22,2,乒乓球厅-5号,17:00-18:00,0,1,可预约,￥5.0,多云,18,15,4,0.0,82,28
2026-05-21 08:55:34,2026-05-22,2,乒乓球厅-5号,17:00-18:00,0,1,可预约,￥5.0,多云,18,15,4,0.0,84,28
2026-05-21 09:00:51,2026-05-22,2,乒乓球厅-5号,17:00-18:00,0,1,可预约,￥5.0,多云,18,15,4,0.0,84,28
2026-05-21 09:01:59,2026-05-22,2,乒乓球厅-5号,17:00-18:00,0,1,可预约,￥5.0,多云,18,15,4,0.0,83,28
2026-05-21 09:05:33,2026-05-22,2,乒乓球厅-5号,17:00-18:00,0,1,可预约,￥5.0,多云,18,15,4,0.0,83,28
2026-05-21 09:20:38,2026-05-22,2,乒乓球厅-5号,17:00-18:00,0,1,可预约,￥5.0,多云,18,16,3,0.0,81,28
2026-05-21 09:30:46,2026-05-22,2,乒乓球厅-5号,17:00-18:00,0,1,可预约,￥5.0,多云,18,16,3,0.0,81,32
2026-05-21 09:40:36,2026-05-22,2,乒乓球厅-5号,17:00-18:00,0,1,可预约,￥5.0,多云,19,17,3,0.0,79,32
2026-05-21 09:50:42,2026-05-22,2,乒乓球厅-5号,17:00-18:00,0,1,可预约,￥5.0,多云,19,17,4,0.0,81,32
2026-05-21 10:00:46,2026-05-22,2,乒乓球厅-5号,17:00-18:00,0,1,可预约,￥5.0,多云,19,17,4,0.0,79,32
2026-05-21 10:10:40,2026-05-22,2,乒乓球厅-5号,17:00-18:00,0,1,可预约,￥5.0,多云,19,17,4,0.0,79,32
2026-05-21 10:20:38,2026-05-22,2,乒乓球厅-5号,17:00-18:00,0,1,可预约,￥5.0,多云,19,17,4,0.0,79,32
2026-05-21 10:30:41,2026-05-22,2,乒乓球厅-5号,17:00-18:00,0,1,可预约,￥5.0,多云,19,18,3,0.0,78,31
2026-05-21 11:00:44,2026-05-22,2,乒乓球厅-5号,17:00-18:00,0,1,可预约,￥5.0,多云,21,17,5,0.0,74,31
2026-05-21 11:30:38,2026-05-22,2,乒乓球厅-5号,17:00-18:00,0,1,可预约,￥5.0,多云,21,19,3,0.0,72,33
2026-05-21 12:00:46,2026-05-22,2,乒乓球厅-5号,17:00-18:00,0,1,可预约,￥5.0,多云,22,19,4,0.0,70,33
2026-05-21 12:30:42,2026-05-22,2,乒乓球厅-5号,17:00-18:00,0,1,可预约,￥5.0,多云,22,21,3,0.0,68,35
2026-05-21 13:00:43,2026-05-22,2,乒乓球厅-5号,17:00-18:00,0,1,可预约,￥5.0,多云,24,22,4,0.0,66,35
2026-05-21 13:30:43,2026-05-22,2,乒乓球厅-5号,17:00-18:00,0,1,可预约,￥5.0,多云,24,22,4,0.0,66,36
2026-05-21 14:00:48,2026-05-22,2,乒乓球厅-5号,17:00-18:00,0,1,可预约,￥5.0,多云,25,23,4,0.0,66,36
2026-05-21 14:30:45,2026-05-22,2,乒乓球厅-5号,17:00-18:00,0,1,可预约,￥5.0,晴,25,25,3,0.0,65,39
2026-05-21 15:00:45,2026-05-22,2,乒乓球厅-5号,17:00-18:00,0,1,可预约,￥5.0,晴,25,22,4,0.0,56,39
2026-05-21 15:30:43,2026-05-22,2,乒乓球厅-5号,17:00-18:00,0,1,可预约,￥5.0,晴,25,23,4,0.0,57,40
2026-05-21 16:00:51,2026-05-22,2,乒乓球厅-5号,17:00-18:00,0,1,可预约,￥5.0,晴,25,23,4,0.0,57,40
2026-05-21 16:30:48,2026-05-22,2,乒乓球厅-5号,17:00-18:00,0,1,可预约,￥5.0,晴,25,24,3,0.0,60,39
2026-05-21 17:00:49,2026-05-22,2,乒乓球厅-5号,17:00-18:00,0,1,可预约,￥5.0,晴,25,24,4,0.0,61,39
2026-05-21 17:30:47,2026-05-22,2,乒乓球厅-5号,17:00-18:00,0,1,可预约,￥5.0,多云,24,23,3,0.0,64,39
2026-05-21 18:00:50,2026-05-22,2,乒乓球厅-5号,17:00-18:00,0,1,可预约,￥5.0,多云,24,23,3,0.0,68,39
2026-05-21 18:30:50,2026-05-22,2,乒乓球厅-5号,17:00-18:00,0,1,可预约,￥5.0,阴,24,25,2,0.0,68,40
2026-05-21 19:00:50,2026-05-22,2,乒乓球厅-5号,17:00-18:00,0,1,可预约,￥5.0,阴,23,23,3,0.0,76,40
2026-05-21 19:30:46,2026-05-22,2,乒乓球厅-5号,17:00-18:00,0,1,可预约,￥5.0,阴,23,24,2,0.0,77,39
2026-05-21 20:00:49,2026-05-22,2,乒乓球厅-5号,17:00-18:00,0,1,可预约,￥5.0,雾,22,23,2,0.0,89,39
2026-05-21 20:30:44,2026-05-22,2,乒乓球厅-5号,17:00-18:00,0,1,可预约,￥5.0,雾,22,24,2,0.0,93,43
2026-05-21 21:00:56,2026-05-22,2,乒乓球厅-5号,17:00-18:00,0,1,可预约,￥5.0,雾,20,21,2,0.0,98,43
2026-05-21 21:30:46,2026-05-22,2,乒乓球厅-5号,17:00-18:00,0,1,可预约,￥5.0,雾,20,22,1,0.0,99,41
2026-05-21 22:01:02,2026-05-22,2,乒乓球厅-5号,17:00-18:00,0,1,可预约,￥5.0,雾,19,20,2,0.0,93,41
2026-05-21 22:30:47,2026-05-22,2,乒乓球厅-5号,17:00-18:00,0,1,可预约,￥5.0,雾,19,19,3,0.0,88,46
2026-05-21 23:00:56,2026-05-22,2,乒乓球厅-5号,17:00-18:00,0,1,可预约,￥5.0,多云,18,17,3,0.0,85,46
2026-05-21 23:30:55,2026-05-22,2,乒乓球厅-5号,17:00-18:00,0,1,可预约,￥5.0,多云,18,17,3,0.0,85,48
2026-05-21 08:00:45,2026-05-22,2,乒乓球厅-5号,18:30-19:30,0,1,可预约,￥5.0,晴,17,12,5,0.0,86,29
2026-05-21 08:02:30,2026-05-22,2,乒乓球厅-5号,18:30-19:30,0,1,可预约,￥5.0,多云,17,12,5,0.0,87,29
2026-05-21 08:05:36,2026-05-22,2,乒乓球厅-5号,18:30-19:30,0,1,可预约,￥5.0,多云,17,12,5,0.0,86,29
2026-05-21 08:08:31,2026-05-22,2,乒乓球厅-5号,18:30-19:30,0,1,可预约,￥5.0,多云,17,12,5,0.0,86,29
2026-05-21 08:11:30,2026-05-22,2,乒乓球厅-5号,18:30-19:30,0,1,可预约,￥5.0,多云,17,12,5,0.0,86,29
2026-05-21 08:14:31,2026-05-22,2,乒乓球厅-5号,18:30-19:30,0,1,可预约,￥5.0,多云,17,12,5,0.0,86,29
2026-05-21 08:17:30,2026-05-22,2,乒乓球厅-5号,18:30-19:30,0,1,可预约,￥5.0,多云,17,12,5,0.0,86,29
2026-05-21 08:20:35,2026-05-22,2,乒乓球厅-5号,18:30-19:30,0,1,可预约,￥5.0,多云,17,14,4,0.0,85,29
2026-05-21 08:25:32,2026-05-22,2,乒乓球厅-5号,18:30-19:30,0,1,可预约,￥5.0,多云,17,14,4,0.0,85,28
2026-05-21 08:30:42,2026-05-22,2,乒乓球厅-5号,18:30-19:30,0,1,可预约,￥5.0,多云,18,15,4,0.0,84,28
2026-05-21 08:35:31,2026-05-22,2,乒乓球厅-5号,18:30-19:30,0,1,可预约,￥5.0,多云,18,15,4,0.0,84,28
2026-05-21 08:40:38,2026-05-22,2,乒乓球厅-5号,18:30-19:30,0,1,可预约,￥5.0,多云,18,15,4,0.0,82,28
2026-05-21 08:45:33,2026-05-22,2,乒乓球厅-5号,18:30-19:30,0,1,可预约,￥5.0,多云,18,15,4,0.0,82,28
2026-05-21 08:50:36,2026-05-22,2,乒乓球厅-5号,18:30-19:30,0,1,可预约,￥5.0,多云,18,15,4,0.0,82,28
2026-05-21 08:55:34,2026-05-22,2,乒乓球厅-5号,18:30-19:30,0,1,可预约,￥5.0,多云,18,15,4,0.0,84,28
2026-05-21 09:00:51,2026-05-22,2,乒乓球厅-5号,18:30-19:30,0,1,可预约,￥5.0,多云,18,15,4,0.0,84,28
2026-05-21 09:01:59,2026-05-22,2,乒乓球厅-5号,18:30-19:30,0,1,可预约,￥5.0,多云,18,15,4,0.0,83,28
2026-05-21 09:05:33,2026-05-22,2,乒乓球厅-5号,18:30-19:30,0,1,可预约,￥5.0,多云,18,15,4,0.0,83,28
2026-05-21 09:20:38,2026-05-22,2,乒乓球厅-5号,18:30-19:30,0,1,可预约,￥5.0,多云,18,16,3,0.0,81,28
2026-05-21 09:30:46,2026-05-22,2,乒乓球厅-5号,18:30-19:30,0,1,可预约,￥5.0,多云,18,16,3,0.0,81,32
2026-05-21 09:40:36,2026-05-22,2,乒乓球厅-5号,18:30-19:30,0,1,可预约,￥5.0,多云,19,17,3,0.0,79,32
2026-05-21 09:50:42,2026-05-22,2,乒乓球厅-5号,18:30-19:30,0,1,可预约,￥5.0,多云,19,17,4,0.0,81,32
2026-05-21 10:00:46,2026-05-22,2,乒乓球厅-5号,18:30-19:30,0,1,可预约,￥5.0,多云,19,17,4,0.0,79,32
2026-05-21 10:10:40,2026-05-22,2,乒乓球厅-5号,18:30-19:30,0,1,可预约,￥5.0,多云,19,17,4,0.0,79,32
2026-05-21 10:20:38,2026-05-22,2,乒乓球厅-5号,18:30-19:30,0,1,可预约,￥5.0,多云,19,17,4,0.0,79,32
2026-05-21 10:30:41,2026-05-22,2,乒乓球厅-5号,18:30-19:30,0,1,可预约,￥5.0,多云,19,18,3,0.0,78,31
2026-05-21 11:00:44,2026-05-22,2,乒乓球厅-5号,18:30-19:30,0,1,可预约,￥5.0,多云,21,17,5,0.0,74,31
2026-05-21 11:30:38,2026-05-22,2,乒乓球厅-5号,18:30-19:30,0,1,可预约,￥5.0,多云,21,19,3,0.0,72,33
2026-05-21 12:00:46,2026-05-22,2,乒乓球厅-5号,18:30-19:30,0,1,可预约,￥5.0,多云,22,19,4,0.0,70,33
2026-05-21 12:30:42,2026-05-22,2,乒乓球厅-5号,18:30-19:30,0,1,可预约,￥5.0,多云,22,21,3,0.0,68,35
2026-05-21 13:00:43,2026-05-22,2,乒乓球厅-5号,18:30-19:30,0,1,可预约,￥5.0,多云,24,22,4,0.0,66,35
2026-05-21 13:30:43,2026-05-22,2,乒乓球厅-5号,18:30-19:30,0,1,可预约,￥5.0,多云,24,22,4,0.0,66,36
2026-05-21 14:00:48,2026-05-22,2,乒乓球厅-5号,18:30-19:30,0,1,可预约,￥5.0,多云,25,23,4,0.0,66,36
2026-05-21 14:30:45,2026-05-22,2,乒乓球厅-5号,18:30-19:30,0,1,可预约,￥5.0,晴,25,25,3,0.0,65,39
2026-05-21 15:00:45,2026-05-22,2,乒乓球厅-5号,18:30-19:30,0,1,可预约,￥5.0,晴,25,22,4,0.0,56,39
2026-05-21 15:30:43,2026-05-22,2,乒乓球厅-5号,18:30-19:30,0,1,可预约,￥5.0,晴,25,23,4,0.0,57,40
2026-05-21 16:00:51,2026-05-22,2,乒乓球厅-5号,18:30-19:30,0,1,可预约,￥5.0,晴,25,23,4,0.0,57,40
2026-05-21 16:30:48,2026-05-22,2,乒乓球厅-5号,18:30-19:30,0,1,可预约,￥5.0,晴,25,24,3,0.0,60,39
2026-05-21 17:00:49,2026-05-22,2,乒乓球厅-5号,18:30-19:30,0,1,可预约,￥5.0,晴,25,24,4,0.0,61,39
2026-05-21 17:30:47,2026-05-22,2,乒乓球厅-5号,18:30-19:30,0,1,可预约,￥5.0,多云,24,23,3,0.0,64,39
2026-05-21 18:00:50,2026-05-22,2,乒乓球厅-5号,18:30-19:30,0,1,可预约,￥5.0,多云,24,23,3,0.0,68,39
2026-05-21 18:30:50,2026-05-22,2,乒乓球厅-5号,18:30-19:30,0,1,可预约,￥5.0,阴,24,25,2,0.0,68,40
2026-05-21 19:00:50,2026-05-22,2,乒乓球厅-5号,18:30-19:30,0,1,可预约,￥5.0,阴,23,23,3,0.0,76,40
2026-05-21 19:30:46,2026-05-22,2,乒乓球厅-5号,18:30-19:30,0,1,可预约,￥5.0,阴,23,24,2,0.0,77,39
2026-05-21 20:00:49,2026-05-22,2,乒乓球厅-5号,18:30-19:30,0,1,可预约,￥5.0,雾,22,23,2,0.0,89,39
2026-05-21 20:30:44,2026-05-22,2,乒乓球厅-5号,18:30-19:30,0,1,可预约,￥5.0,雾,22,24,2,0.0,93,43
2026-05-21 21:00:56,2026-05-22,2,乒乓球厅-5号,18:30-19:30,0,1,可预约,￥5.0,雾,20,21,2,0.0,98,43
2026-05-21 21:30:46,2026-05-22,2,乒乓球厅-5号,18:30-19:30,0,1,可预约,￥5.0,雾,20,22,1,0.0,99,41
2026-05-21 22:01:02,2026-05-22,2,乒乓球厅-5号,18:30-19:30,0,1,可预约,￥5.0,雾,19,20,2,0.0,93,41
2026-05-21 22:30:47,2026-05-22,2,乒乓球厅-5号,18:30-19:30,0,1,可预约,￥5.0,雾,19,19,3,0.0,88,46
2026-05-21 23:00:56,2026-05-22,2,乒乓球厅-5号,18:30-19:30,0,1,可预约,￥5.0,多云,18,17,3,0.0,85,46
2026-05-21 23:30:55,2026-05-22,2,乒乓球厅-5号,18:30-19:30,0,1,可预约,￥5.0,多云,18,17,3,0.0,85,48
2026-05-21 08:00:45,2026-05-22,2,乒乓球厅-5号,19:30-20:30,0,1,可预约,￥5.0,晴,17,12,5,0.0,86,29
2026-05-21 08:02:30,2026-05-22,2,乒乓球厅-5号,19:30-20:30,0,1,可预约,￥5.0,多云,17,12,5,0.0,87,29
2026-05-21 08:05:36,2026-05-22,2,乒乓球厅-5号,19:30-20:30,0,1,可预约,￥5.0,多云,17,12,5,0.0,86,29
2026-05-21 08:08:31,2026-05-22,2,乒乓球厅-5号,19:30-20:30,0,1,可预约,￥5.0,多云,17,12,5,0.0,86,29
2026-05-21 08:11:30,2026-05-22,2,乒乓球厅-5号,19:30-20:30,0,1,可预约,￥5.0,多云,17,12,5,0.0,86,29
2026-05-21 08:14:31,2026-05-22,2,乒乓球厅-5号,19:30-20:30,0,1,可预约,￥5.0,多云,17,12,5,0.0,86,29
2026-05-21 08:17:30,2026-05-22,2,乒乓球厅-5号,19:30-20:30,0,1,可预约,￥5.0,多云,17,12,5,0.0,86,29
2026-05-21 08:20:35,2026-05-22,2,乒乓球厅-5号,19:30-20:30,0,1,可预约,￥5.0,多云,17,14,4,0.0,85,29
2026-05-21 08:25:32,2026-05-22,2,乒乓球厅-5号,19:30-20:30,0,1,可预约,￥5.0,多云,17,14,4,0.0,85,28
2026-05-21 08:30:42,2026-05-22,2,乒乓球厅-5号,19:30-20:30,0,1,可预约,￥5.0,多云,18,15,4,0.0,84,28
2026-05-21 08:35:31,2026-05-22,2,乒乓球厅-5号,19:30-20:30,0,1,可预约,￥5.0,多云,18,15,4,0.0,84,28
2026-05-21 08:40:38,2026-05-22,2,乒乓球厅-5号,19:30-20:30,0,1,可预约,￥5.0,多云,18,15,4,0.0,82,28
2026-05-21 08:45:33,2026-05-22,2,乒乓球厅-5号,19:30-20:30,0,1,可预约,￥5.0,多云,18,15,4,0.0,82,28
2026-05-21 08:50:36,2026-05-22,2,乒乓球厅-5号,19:30-20:30,0,1,可预约,￥5.0,多云,18,15,4,0.0,82,28
2026-05-21 08:55:34,2026-05-22,2,乒乓球厅-5号,19:30-20:30,0,1,可预约,￥5.0,多云,18,15,4,0.0,84,28
2026-05-21 09:00:51,2026-05-22,2,乒乓球厅-5号,19:30-20:30,0,1,可预约,￥5.0,多云,18,15,4,0.0,84,28
2026-05-21 09:01:59,2026-05-22,2,乒乓球厅-5号,19:30-20:30,0,1,可预约,￥5.0,多云,18,15,4,0.0,83,28
2026-05-21 09:05:33,2026-05-22,2,乒乓球厅-5号,19:30-20:30,0,1,可预约,￥5.0,多云,18,15,4,0.0,83,28
2026-05-21 09:20:38,2026-05-22,2,乒乓球厅-5号,19:30-20:30,0,1,可预约,￥5.0,多云,18,16,3,0.0,81,28
2026-05-21 09:30:46,2026-05-22,2,乒乓球厅-5号,19:30-20:30,0,1,可预约,￥5.0,多云,18,16,3,0.0,81,32
2026-05-21 09:40:36,2026-05-22,2,乒乓球厅-5号,19:30-20:30,0,1,可预约,￥5.0,多云,19,17,3,0.0,79,32
2026-05-21 09:50:42,2026-05-22,2,乒乓球厅-5号,19:30-20:30,0,1,可预约,￥5.0,多云,19,17,4,0.0,81,32
2026-05-21 10:00:46,2026-05-22,2,乒乓球厅-5号,19:30-20:30,0,1,可预约,￥5.0,多云,19,17,4,0.0,79,32
2026-05-21 10:10:40,2026-05-22,2,乒乓球厅-5号,19:30-20:30,0,1,可预约,￥5.0,多云,19,17,4,0.0,79,32
2026-05-21 10:20:38,2026-05-22,2,乒乓球厅-5号,19:30-20:30,0,1,可预约,￥5.0,多云,19,17,4,0.0,79,32
2026-05-21 10:30:41,2026-05-22,2,乒乓球厅-5号,19:30-20:30,0,1,可预约,￥5.0,多云,19,18,3,0.0,78,31
2026-05-21 11:00:44,2026-05-22,2,乒乓球厅-5号,19:30-20:30,0,1,可预约,￥5.0,多云,21,17,5,0.0,74,31
2026-05-21 11:30:38,2026-05-22,2,乒乓球厅-5号,19:30-20:30,0,1,可预约,￥5.0,多云,21,19,3,0.0,72,33
2026-05-21 12:00:46,2026-05-22,2,乒乓球厅-5号,19:30-20:30,0,1,可预约,￥5.0,多云,22,19,4,0.0,70,33
2026-05-21 12:30:42,2026-05-22,2,乒乓球厅-5号,19:30-20:30,0,1,可预约,￥5.0,多云,22,21,3,0.0,68,35
2026-05-21 13:00:43,2026-05-22,2,乒乓球厅-5号,19:30-20:30,0,1,可预约,￥5.0,多云,24,22,4,0.0,66,35
2026-05-21 13:30:43,2026-05-22,2,乒乓球厅-5号,19:30-20:30,0,1,可预约,￥5.0,多云,24,22,4,0.0,66,36
2026-05-21 14:00:48,2026-05-22,2,乒乓球厅-5号,19:30-20:30,0,1,可预约,￥5.0,多云,25,23,4,0.0,66,36
2026-05-21 14:30:45,2026-05-22,2,乒乓球厅-5号,19:30-20:30,0,1,可预约,￥5.0,晴,25,25,3,0.0,65,39
2026-05-21 15:00:45,2026-05-22,2,乒乓球厅-5号,19:30-20:30,0,1,可预约,￥5.0,晴,25,22,4,0.0,56,39
2026-05-21 15:30:43,2026-05-22,2,乒乓球厅-5号,19:30-20:30,0,1,可预约,￥5.0,晴,25,23,4,0.0,57,40
2026-05-21 16:00:51,2026-05-22,2,乒乓球厅-5号,19:30-20:30,0,1,可预约,￥5.0,晴,25,23,4,0.0,57,40
2026-05-21 16:30:48,2026-05-22,2,乒乓球厅-5号,19:30-20:30,0,1,可预约,￥5.0,晴,25,24,3,0.0,60,39
2026-05-21 17:00:49,2026-05-22,2,乒乓球厅-5号,19:30-20:30,0,1,可预约,￥5.0,晴,25,24,4,0.0,61,39
2026-05-21 17:30:47,2026-05-22,2,乒乓球厅-5号,19:30-20:30,0,1,可预约,￥5.0,多云,24,23,3,0.0,64,39
2026-05-21 18:00:50,2026-05-22,2,乒乓球厅-5号,19:30-20:30,0,1,可预约,￥5.0,多云,24,23,3,0.0,68,39
2026-05-21 18:30:50,2026-05-22,2,乒乓球厅-5号,19:30-20:30,0,1,可预约,￥5.0,阴,24,25,2,0.0,68,40
2026-05-21 19:00:50,2026-05-22,2,乒乓球厅-5号,19:30-20:30,0,1,可预约,￥5.0,阴,23,23,3,0.0,76,40
2026-05-21 19:30:46,2026-05-22,2,乒乓球厅-5号,19:30-20:30,0,1,可预约,￥5.0,阴,23,24,2,0.0,77,39
2026-05-21 20:00:49,2026-05-22,2,乒乓球厅-5号,19:30-20:30,0,1,可预约,￥5.0,雾,22,23,2,0.0,89,39
2026-05-21 20:30:44,2026-05-22,2,乒乓球厅-5号,19:30-20:30,0,1,可预约,￥5.0,雾,22,24,2,0.0,93,43
2026-05-21 21:00:56,2026-05-22,2,乒乓球厅-5号,19:30-20:30,0,1,可预约,￥5.0,雾,20,21,2,0.0,98,43
2026-05-21 21:30:46,2026-05-22,2,乒乓球厅-5号,19:30-20:30,0,1,可预约,￥5.0,雾,20,22,1,0.0,99,41
2026-05-21 22:01:02,2026-05-22,2,乒乓球厅-5号,19:30-20:30,0,1,可预约,￥5.0,雾,19,20,2,0.0,93,41
2026-05-21 22:30:47,2026-05-22,2,乒乓球厅-5号,19:30-20:30,0,1,可预约,￥5.0,雾,19,19,3,0.0,88,46
2026-05-21 23:00:56,2026-05-22,2,乒乓球厅-5号,19:30-20:30,0,1,可预约,￥5.0,多云,18,17,3,0.0,85,46
2026-05-21 23:30:55,2026-05-22,2,乒乓球厅-5号,19:30-20:30,0,1,可预约,￥5.0,多云,18,17,3,0.0,85,48
2026-05-21 08:00:45,2026-05-22,2,乒乓球厅-5号,20:30-21:30,0,1,可预约,￥5.0,晴,17,12,5,0.0,86,29
2026-05-21 08:02:30,2026-05-22,2,乒乓球厅-5号,20:30-21:30,0,1,可预约,￥5.0,多云,17,12,5,0.0,87,29
2026-05-21 08:05:36,2026-05-22,2,乒乓球厅-5号,20:30-21:30,0,1,可预约,￥5.0,多云,17,12,5,0.0,86,29
2026-05-21 08:08:31,2026-05-22,2,乒乓球厅-5号,20:30-21:30,0,1,可预约,￥5.0,多云,17,12,5,0.0,86,29
2026-05-21 08:11:30,2026-05-22,2,乒乓球厅-5号,20:30-21:30,0,1,可预约,￥5.0,多云,17,12,5,0.0,86,29
2026-05-21 08:14:31,2026-05-22,2,乒乓球厅-5号,20:30-21:30,0,1,可预约,￥5.0,多云,17,12,5,0.0,86,29
2026-05-21 08:17:30,2026-05-22,2,乒乓球厅-5号,20:30-21:30,0,1,可预约,￥5.0,多云,17,12,5,0.0,86,29
2026-05-21 08:20:35,2026-05-22,2,乒乓球厅-5号,20:30-21:30,0,1,可预约,￥5.0,多云,17,14,4,0.0,85,29
2026-05-21 08:25:32,2026-05-22,2,乒乓球厅-5号,20:30-21:30,0,1,可预约,￥5.0,多云,17,14,4,0.0,85,28
2026-05-21 08:30:42,2026-05-22,2,乒乓球厅-5号,20:30-21:30,0,1,可预约,￥5.0,多云,18,15,4,0.0,84,28
2026-05-21 08:35:31,2026-05-22,2,乒乓球厅-5号,20:30-21:30,0,1,可预约,￥5.0,多云,18,15,4,0.0,84,28
2026-05-21 08:40:38,2026-05-22,2,乒乓球厅-5号,20:30-21:30,0,1,可预约,￥5.0,多云,18,15,4,0.0,82,28
2026-05-21 08:45:33,2026-05-22,2,乒乓球厅-5号,20:30-21:30,0,1,可预约,￥5.0,多云,18,15,4,0.0,82,28
2026-05-21 08:50:36,2026-05-22,2,乒乓球厅-5号,20:30-21:30,0,1,可预约,￥5.0,多云,18,15,4,0.0,82,28
2026-05-21 08:55:34,2026-05-22,2,乒乓球厅-5号,20:30-21:30,0,1,可预约,￥5.0,多云,18,15,4,0.0,84,28
2026-05-21 09:00:51,2026-05-22,2,乒乓球厅-5号,20:30-21:30,0,1,可预约,￥5.0,多云,18,15,4,0.0,84,28
2026-05-21 09:01:59,2026-05-22,2,乒乓球厅-5号,20:30-21:30,0,1,可预约,￥5.0,多云,18,15,4,0.0,83,28
2026-05-21 09:05:33,2026-05-22,2,乒乓球厅-5号,20:30-21:30,0,1,可预约,￥5.0,多云,18,15,4,0.0,83,28
2026-05-21 09:20:38,2026-05-22,2,乒乓球厅-5号,20:30-21:30,0,1,可预约,￥5.0,多云,18,16,3,0.0,81,28
2026-05-21 09:30:46,2026-05-22,2,乒乓球厅-5号,20:30-21:30,0,1,可预约,￥5.0,多云,18,16,3,0.0,81,32
2026-05-21 09:40:36,2026-05-22,2,乒乓球厅-5号,20:30-21:30,0,1,可预约,￥5.0,多云,19,17,3,0.0,79,32
2026-05-21 09:50:42,2026-05-22,2,乒乓球厅-5号,20:30-21:30,0,1,可预约,￥5.0,多云,19,17,4,0.0,81,32
2026-05-21 10:00:46,2026-05-22,2,乒乓球厅-5号,20:30-21:30,0,1,可预约,￥5.0,多云,19,17,4,0.0,79,32
2026-05-21 10:10:40,2026-05-22,2,乒乓球厅-5号,20:30-21:30,0,1,可预约,￥5.0,多云,19,17,4,0.0,79,32
2026-05-21 10:20:38,2026-05-22,2,乒乓球厅-5号,20:30-21:30,0,1,可预约,￥5.0,多云,19,17,4,0.0,79,32
2026-05-21 10:30:41,2026-05-22,2,乒乓球厅-5号,20:30-21:30,0,1,可预约,￥5.0,多云,19,18,3,0.0,78,31
2026-05-21 11:00:44,2026-05-22,2,乒乓球厅-5号,20:30-21:30,0,1,可预约,￥5.0,多云,21,17,5,0.0,74,31
2026-05-21 11:30:38,2026-05-22,2,乒乓球厅-5号,20:30-21:30,0,1,可预约,￥5.0,多云,21,19,3,0.0,72,33
2026-05-21 12:00:46,2026-05-22,2,乒乓球厅-5号,20:30-21:30,0,1,可预约,￥5.0,多云,22,19,4,0.0,70,33
2026-05-21 12:30:42,2026-05-22,2,乒乓球厅-5号,20:30-21:30,0,1,可预约,￥5.0,多云,22,21,3,0.0,68,35
2026-05-21 13:00:43,2026-05-22,2,乒乓球厅-5号,20:30-21:30,0,1,可预约,￥5.0,多云,24,22,4,0.0,66,35
2026-05-21 13:30:43,2026-05-22,2,乒乓球厅-5号,20:30-21:30,0,1,可预约,￥5.0,多云,24,22,4,0.0,66,36
2026-05-21 14:00:48,2026-05-22,2,乒乓球厅-5号,20:30-21:30,0,1,可预约,￥5.0,多云,25,23,4,0.0,66,36
2026-05-21 14:30:45,2026-05-22,2,乒乓球厅-5号,20:30-21:30,0,1,可预约,￥5.0,晴,25,25,3,0.0,65,39
2026-05-21 15:00:45,2026-05-22,2,乒乓球厅-5号,20:30-21:30,0,1,可预约,￥5.0,晴,25,22,4,0.0,56,39
2026-05-21 15:30:43,2026-05-22,2,乒乓球厅-5号,20:30-21:30,0,1,可预约,￥5.0,晴,25,23,4,0.0,57,40
2026-05-21 16:00:51,2026-05-22,2,乒乓球厅-5号,20:30-21:30,0,1,可预约,￥5.0,晴,25,23,4,0.0,57,40
2026-05-21 16:30:48,2026-05-22,2,乒乓球厅-5号,20:30-21:30,0,1,可预约,￥5.0,晴,25,24,3,0.0,60,39
2026-05-21 17:00:49,2026-05-22,2,乒乓球厅-5号,20:30-21:30,0,1,可预约,￥5.0,晴,25,24,4,0.0,61,39
2026-05-21 17:30:47,2026-05-22,2,乒乓球厅-5号,20:30-21:30,0,1,可预约,￥5.0,多云,24,23,3,0.0,64,39
2026-05-21 18:00:50,2026-05-22,2,乒乓球厅-5号,20:30-21:30,0,1,可预约,￥5.0,多云,24,23,3,0.0,68,39
2026-05-21 18:30:50,2026-05-22,2,乒乓球厅-5号,20:30-21:30,0,1,可预约,￥5.0,阴,24,25,2,0.0,68,40
2026-05-21 19:00:50,2026-05-22,2,乒乓球厅-5号,20:30-21:30,0,1,可预约,￥5.0,阴,23,23,3,0.0,76,40
2026-05-21 19:30:46,2026-05-22,2,乒乓球厅-5号,20:30-21:30,0,1,可预约,￥5.0,阴,23,24,2,0.0,77,39
2026-05-21 20:00:49,2026-05-22,2,乒乓球厅-5号,20:30-21:30,0,1,可预约,￥5.0,雾,22,23,2,0.0,89,39
2026-05-21 20:30:44,2026-05-22,2,乒乓球厅-5号,20:30-21:30,0,1,可预约,￥5.0,雾,22,24,2,0.0,93,43
2026-05-21 21:00:56,2026-05-22,2,乒乓球厅-5号,20:30-21:30,0,1,可预约,￥5.0,雾,20,21,2,0.0,98,43
2026-05-21 21:30:46,2026-05-22,2,乒乓球厅-5号,20:30-21:30,0,1,可预约,￥5.0,雾,20,22,1,0.0,99,41
2026-05-21 22:01:02,2026-05-22,2,乒乓球厅-5号,20:30-21:30,0,1,可预约,￥5.0,雾,19,20,2,0.0,93,41
2026-05-21 22:30:47,2026-05-22,2,乒乓球厅-5号,20:30-21:30,0,1,可预约,￥5.0,雾,19,19,3,0.0,88,46
2026-05-21 23:00:56,2026-05-22,2,乒乓球厅-5号,20:30-21:30,0,1,可预约,￥5.0,多云,18,17,3,0.0,85,46
2026-05-21 23:30:55,2026-05-22,2,乒乓球厅-5号,20:30-21:30,0,1,可预约,￥5.0,多云,18,17,3,0.0,85,48
2026-05-21 08:00:45,2026-05-22,2,乒乓球厅-6号,07:00-08:00,0,1,可预约,￥0.0,晴,17,12,5,0.0,86,29
2026-05-21 08:02:30,2026-05-22,2,乒乓球厅-6号,07:00-08:00,0,1,可预约,￥0.0,多云,17,12,5,0.0,87,29
2026-05-21 08:05:36,2026-05-22,2,乒乓球厅-6号,07:00-08:00,0,1,可预约,￥0.0,多云,17,12,5,0.0,86,29
2026-05-21 08:08:31,2026-05-22,2,乒乓球厅-6号,07:00-08:00,0,1,可预约,￥0.0,多云,17,12,5,0.0,86,29
2026-05-21 08:11:30,2026-05-22,2,乒乓球厅-6号,07:00-08:00,0,1,可预约,￥0.0,多云,17,12,5,0.0,86,29
2026-05-21 08:14:31,2026-05-22,2,乒乓球厅-6号,07:00-08:00,0,1,可预约,￥0.0,多云,17,12,5,0.0,86,29
2026-05-21 08:17:30,2026-05-22,2,乒乓球厅-6号,07:00-08:00,0,1,可预约,￥0.0,多云,17,12,5,0.0,86,29
2026-05-21 08:20:35,2026-05-22,2,乒乓球厅-6号,07:00-08:00,0,1,可预约,￥0.0,多云,17,14,4,0.0,85,29
2026-05-21 08:25:32,2026-05-22,2,乒乓球厅-6号,07:00-08:00,0,1,可预约,￥0.0,多云,17,14,4,0.0,85,28
2026-05-21 08:30:42,2026-05-22,2,乒乓球厅-6号,07:00-08:00,0,1,可预约,￥0.0,多云,18,15,4,0.0,84,28
2026-05-21 08:35:31,2026-05-22,2,乒乓球厅-6号,07:00-08:00,0,1,可预约,￥0.0,多云,18,15,4,0.0,84,28
2026-05-21 08:40:38,2026-05-22,2,乒乓球厅-6号,07:00-08:00,0,1,可预约,￥0.0,多云,18,15,4,0.0,82,28
2026-05-21 08:45:33,2026-05-22,2,乒乓球厅-6号,07:00-08:00,0,1,可预约,￥0.0,多云,18,15,4,0.0,82,28
2026-05-21 08:50:36,2026-05-22,2,乒乓球厅-6号,07:00-08:00,0,1,可预约,￥0.0,多云,18,15,4,0.0,82,28
2026-05-21 08:55:34,2026-05-22,2,乒乓球厅-6号,07:00-08:00,0,1,可预约,￥0.0,多云,18,15,4,0.0,84,28
2026-05-21 09:00:51,2026-05-22,2,乒乓球厅-6号,07:00-08:00,0,1,可预约,￥0.0,多云,18,15,4,0.0,84,28
2026-05-21 09:01:59,2026-05-22,2,乒乓球厅-6号,07:00-08:00,0,1,可预约,￥0.0,多云,18,15,4,0.0,83,28
2026-05-21 09:05:33,2026-05-22,2,乒乓球厅-6号,07:00-08:00,0,1,可预约,￥0.0,多云,18,15,4,0.0,83,28
2026-05-21 09:20:38,2026-05-22,2,乒乓球厅-6号,07:00-08:00,0,1,可预约,￥0.0,多云,18,16,3,0.0,81,28
2026-05-21 09:30:46,2026-05-22,2,乒乓球厅-6号,07:00-08:00,0,1,可预约,￥0.0,多云,18,16,3,0.0,81,32
2026-05-21 09:40:36,2026-05-22,2,乒乓球厅-6号,07:00-08:00,0,1,可预约,￥0.0,多云,19,17,3,0.0,79,32
2026-05-21 09:50:42,2026-05-22,2,乒乓球厅-6号,07:00-08:00,0,1,可预约,￥0.0,多云,19,17,4,0.0,81,32
2026-05-21 10:00:46,2026-05-22,2,乒乓球厅-6号,07:00-08:00,0,1,可预约,￥0.0,多云,19,17,4,0.0,79,32
2026-05-21 10:10:40,2026-05-22,2,乒乓球厅-6号,07:00-08:00,0,1,可预约,￥0.0,多云,19,17,4,0.0,79,32
2026-05-21 10:20:38,2026-05-22,2,乒乓球厅-6号,07:00-08:00,0,1,可预约,￥0.0,多云,19,17,4,0.0,79,32
2026-05-21 10:30:41,2026-05-22,2,乒乓球厅-6号,07:00-08:00,0,1,可预约,￥0.0,多云,19,18,3,0.0,78,31
2026-05-21 11:00:44,2026-05-22,2,乒乓球厅-6号,07:00-08:00,0,1,可预约,￥0.0,多云,21,17,5,0.0,74,31
2026-05-21 11:30:38,2026-05-22,2,乒乓球厅-6号,07:00-08:00,0,1,可预约,￥0.0,多云,21,19,3,0.0,72,33
2026-05-21 12:00:46,2026-05-22,2,乒乓球厅-6号,07:00-08:00,0,1,可预约,￥0.0,多云,22,19,4,0.0,70,33
2026-05-21 12:30:42,2026-05-22,2,乒乓球厅-6号,07:00-08:00,0,1,可预约,￥0.0,多云,22,21,3,0.0,68,35
2026-05-21 13:00:43,2026-05-22,2,乒乓球厅-6号,07:00-08:00,0,1,可预约,￥0.0,多云,24,22,4,0.0,66,35
2026-05-21 13:30:43,2026-05-22,2,乒乓球厅-6号,07:00-08:00,0,1,可预约,￥0.0,多云,24,22,4,0.0,66,36
2026-05-21 14:00:48,2026-05-22,2,乒乓球厅-6号,07:00-08:00,0,1,可预约,￥0.0,多云,25,23,4,0.0,66,36
2026-05-21 14:30:45,2026-05-22,2,乒乓球厅-6号,07:00-08:00,0,1,可预约,￥0.0,晴,25,25,3,0.0,65,39
2026-05-21 15:00:45,2026-05-22,2,乒乓球厅-6号,07:00-08:00,0,1,可预约,￥0.0,晴,25,22,4,0.0,56,39
2026-05-21 15:30:43,2026-05-22,2,乒乓球厅-6号,07:00-08:00,0,1,可预约,￥0.0,晴,25,23,4,0.0,57,40
2026-05-21 16:00:51,2026-05-22,2,乒乓球厅-6号,07:00-08:00,0,1,可预约,￥0.0,晴,25,23,4,0.0,57,40
2026-05-21 16:30:48,2026-05-22,2,乒乓球厅-6号,07:00-08:00,0,1,可预约,￥0.0,晴,25,24,3,0.0,60,39
2026-05-21 17:00:49,2026-05-22,2,乒乓球厅-6号,07:00-08:00,0,1,可预约,￥0.0,晴,25,24,4,0.0,61,39
2026-05-21 17:30:47,2026-05-22,2,乒乓球厅-6号,07:00-08:00,0,1,可预约,￥0.0,多云,24,23,3,0.0,64,39
2026-05-21 18:00:50,2026-05-22,2,乒乓球厅-6号,07:00-08:00,0,1,可预约,￥0.0,多云,24,23,3,0.0,68,39
2026-05-21 18:30:50,2026-05-22,2,乒乓球厅-6号,07:00-08:00,0,1,可预约,￥0.0,阴,24,25,2,0.0,68,40
2026-05-21 19:00:50,2026-05-22,2,乒乓球厅-6号,07:00-08:00,0,1,可预约,￥0.0,阴,23,23,3,0.0,76,40
2026-05-21 19:30:46,2026-05-22,2,乒乓球厅-6号,07:00-08:00,0,1,可预约,￥0.0,阴,23,24,2,0.0,77,39
2026-05-21 20:00:49,2026-05-22,2,乒乓球厅-6号,07:00-08:00,0,1,可预约,￥0.0,雾,22,23,2,0.0,89,39
2026-05-21 20:30:44,2026-05-22,2,乒乓球厅-6号,07:00-08:00,0,1,可预约,￥0.0,雾,22,24,2,0.0,93,43
2026-05-21 21:00:56,2026-05-22,2,乒乓球厅-6号,07:00-08:00,0,1,可预约,￥0.0,雾,20,21,2,0.0,98,43
2026-05-21 21:30:46,2026-05-22,2,乒乓球厅-6号,07:00-08:00,0,1,可预约,￥0.0,雾,20,22,1,0.0,99,41
2026-05-21 22:01:02,2026-05-22,2,乒乓球厅-6号,07:00-08:00,0,1,可预约,￥0.0,雾,19,20,2,0.0,93,41
2026-05-21 22:30:47,2026-05-22,2,乒乓球厅-6号,07:00-08:00,0,1,可预约,￥0.0,雾,19,19,3,0.0,88,46
2026-05-21 23:00:56,2026-05-22,2,乒乓球厅-6号,07:00-08:00,0,1,可预约,￥0.0,多云,18,17,3,0.0,85,46
2026-05-21 23:30:55,2026-05-22,2,乒乓球厅-6号,07:00-08:00,0,1,可预约,￥0.0,多云,18,17,3,0.0,85,48
2026-05-21 08:00:45,2026-05-22,2,乒乓球厅-6号,08:00-09:00,0,1,可预约,￥0.0,晴,17,12,5,0.0,86,29
2026-05-21 08:02:30,2026-05-22,2,乒乓球厅-6号,08:00-09:00,0,1,可预约,￥0.0,多云,17,12,5,0.0,87,29
2026-05-21 08:05:36,2026-05-22,2,乒乓球厅-6号,08:00-09:00,0,1,可预约,￥0.0,多云,17,12,5,0.0,86,29
2026-05-21 08:08:31,2026-05-22,2,乒乓球厅-6号,08:00-09:00,0,1,可预约,￥0.0,多云,17,12,5,0.0,86,29
2026-05-21 08:11:30,2026-05-22,2,乒乓球厅-6号,08:00-09:00,0,1,可预约,￥0.0,多云,17,12,5,0.0,86,29
2026-05-21 08:14:31,2026-05-22,2,乒乓球厅-6号,08:00-09:00,0,1,可预约,￥0.0,多云,17,12,5,0.0,86,29
2026-05-21 08:17:30,2026-05-22,2,乒乓球厅-6号,08:00-09:00,0,1,可预约,￥0.0,多云,17,12,5,0.0,86,29
2026-05-21 08:20:35,2026-05-22,2,乒乓球厅-6号,08:00-09:00,0,1,可预约,￥0.0,多云,17,14,4,0.0,85,29
2026-05-21 08:25:32,2026-05-22,2,乒乓球厅-6号,08:00-09:00,0,1,可预约,￥0.0,多云,17,14,4,0.0,85,28
2026-05-21 08:30:42,2026-05-22,2,乒乓球厅-6号,08:00-09:00,0,1,可预约,￥0.0,多云,18,15,4,0.0,84,28
2026-05-21 08:35:31,2026-05-22,2,乒乓球厅-6号,08:00-09:00,0,1,可预约,￥0.0,多云,18,15,4,0.0,84,28
2026-05-21 08:40:38,2026-05-22,2,乒乓球厅-6号,08:00-09:00,0,1,可预约,￥0.0,多云,18,15,4,0.0,82,28
2026-05-21 08:45:33,2026-05-22,2,乒乓球厅-6号,08:00-09:00,0,1,可预约,￥0.0,多云,18,15,4,0.0,82,28
2026-05-21 08:50:36,2026-05-22,2,乒乓球厅-6号,08:00-09:00,0,1,可预约,￥0.0,多云,18,15,4,0.0,82,28
2026-05-21 08:55:34,2026-05-22,2,乒乓球厅-6号,08:00-09:00,0,1,可预约,￥0.0,多云,18,15,4,0.0,84,28
2026-05-21 09:00:51,2026-05-22,2,乒乓球厅-6号,08:00-09:00,0,1,可预约,￥0.0,多云,18,15,4,0.0,84,28
2026-05-21 09:01:59,2026-05-22,2,乒乓球厅-6号,08:00-09:00,0,1,可预约,￥0.0,多云,18,15,4,0.0,83,28
2026-05-21 09:05:33,2026-05-22,2,乒乓球厅-6号,08:00-09:00,0,1,可预约,￥0.0,多云,18,15,4,0.0,83,28
2026-05-21 09:20:38,2026-05-22,2,乒乓球厅-6号,08:00-09:00,0,1,可预约,￥0.0,多云,18,16,3,0.0,81,28
2026-05-21 09:30:46,2026-05-22,2,乒乓球厅-6号,08:00-09:00,0,1,可预约,￥0.0,多云,18,16,3,0.0,81,32
2026-05-21 09:40:36,2026-05-22,2,乒乓球厅-6号,08:00-09:00,0,1,可预约,￥0.0,多云,19,17,3,0.0,79,32
2026-05-21 09:50:42,2026-05-22,2,乒乓球厅-6号,08:00-09:00,0,1,可预约,￥0.0,多云,19,17,4,0.0,81,32
2026-05-21 10:00:46,2026-05-22,2,乒乓球厅-6号,08:00-09:00,0,1,可预约,￥0.0,多云,19,17,4,0.0,79,32
2026-05-21 10:10:40,2026-05-22,2,乒乓球厅-6号,08:00-09:00,0,1,可预约,￥0.0,多云,19,17,4,0.0,79,32
2026-05-21 10:20:38,2026-05-22,2,乒乓球厅-6号,08:00-09:00,0,1,可预约,￥0.0,多云,19,17,4,0.0,79,32
2026-05-21 10:30:41,2026-05-22,2,乒乓球厅-6号,08:00-09:00,0,1,可预约,￥0.0,多云,19,18,3,0.0,78,31
2026-05-21 11:00:44,2026-05-22,2,乒乓球厅-6号,08:00-09:00,0,1,可预约,￥0.0,多云,21,17,5,0.0,74,31
2026-05-21 11:30:38,2026-05-22,2,乒乓球厅-6号,08:00-09:00,0,1,可预约,￥0.0,多云,21,19,3,0.0,72,33
2026-05-21 12:00:46,2026-05-22,2,乒乓球厅-6号,08:00-09:00,0,1,可预约,￥0.0,多云,22,19,4,0.0,70,33
2026-05-21 12:30:42,2026-05-22,2,乒乓球厅-6号,08:00-09:00,0,1,可预约,￥0.0,多云,22,21,3,0.0,68,35
2026-05-21 13:00:43,2026-05-22,2,乒乓球厅-6号,08:00-09:00,0,1,可预约,￥0.0,多云,24,22,4,0.0,66,35
2026-05-21 13:30:43,2026-05-22,2,乒乓球厅-6号,08:00-09:00,0,1,可预约,￥0.0,多云,24,22,4,0.0,66,36
2026-05-21 14:00:48,2026-05-22,2,乒乓球厅-6号,08:00-09:00,0,1,可预约,￥0.0,多云,25,23,4,0.0,66,36
2026-05-21 14:30:45,2026-05-22,2,乒乓球厅-6号,08:00-09:00,0,1,可预约,￥0.0,晴,25,25,3,0.0,65,39
2026-05-21 15:00:45,2026-05-22,2,乒乓球厅-6号,08:00-09:00,0,1,可预约,￥0.0,晴,25,22,4,0.0,56,39
2026-05-21 15:30:43,2026-05-22,2,乒乓球厅-6号,08:00-09:00,0,1,可预约,￥0.0,晴,25,23,4,0.0,57,40
2026-05-21 16:00:51,2026-05-22,2,乒乓球厅-6号,08:00-09:00,0,1,可预约,￥0.0,晴,25,23,4,0.0,57,40
2026-05-21 16:30:48,2026-05-22,2,乒乓球厅-6号,08:00-09:00,0,1,可预约,￥0.0,晴,25,24,3,0.0,60,39
2026-05-21 17:00:49,2026-05-22,2,乒乓球厅-6号,08:00-09:00,0,1,可预约,￥0.0,晴,25,24,4,0.0,61,39
2026-05-21 17:30:47,2026-05-22,2,乒乓球厅-6号,08:00-09:00,0,1,可预约,￥0.0,多云,24,23,3,0.0,64,39
2026-05-21 18:00:50,2026-05-22,2,乒乓球厅-6号,08:00-09:00,0,1,可预约,￥0.0,多云,24,23,3,0.0,68,39
2026-05-21 18:30:50,2026-05-22,2,乒乓球厅-6号,08:00-09:00,0,1,可预约,￥0.0,阴,24,25,2,0.0,68,40
2026-05-21 19:00:50,2026-05-22,2,乒乓球厅-6号,08:00-09:00,0,1,可预约,￥0.0,阴,23,23,3,0.0,76,40
2026-05-21 19:30:46,2026-05-22,2,乒乓球厅-6号,08:00-09:00,0,1,可预约,￥0.0,阴,23,24,2,0.0,77,39
2026-05-21 20:00:49,2026-05-22,2,乒乓球厅-6号,08:00-09:00,0,1,可预约,￥0.0,雾,22,23,2,0.0,89,39
2026-05-21 20:30:44,2026-05-22,2,乒乓球厅-6号,08:00-09:00,0,1,可预约,￥0.0,雾,22,24,2,0.0,93,43
2026-05-21 21:00:56,2026-05-22,2,乒乓球厅-6号,08:00-09:00,0,1,可预约,￥0.0,雾,20,21,2,0.0,98,43
2026-05-21 21:30:46,2026-05-22,2,乒乓球厅-6号,08:00-09:00,0,1,可预约,￥0.0,雾,20,22,1,0.0,99,41
2026-05-21 22:01:02,2026-05-22,2,乒乓球厅-6号,08:00-09:00,0,1,可预约,￥0.0,雾,19,20,2,0.0,93,41
2026-05-21 22:30:47,2026-05-22,2,乒乓球厅-6号,08:00-09:00,0,1,可预约,￥0.0,雾,19,19,3,0.0,88,46
2026-05-21 23:00:56,2026-05-22,2,乒乓球厅-6号,08:00-09:00,0,1,可预约,￥0.0,多云,18,17,3,0.0,85,46
2026-05-21 23:30:55,2026-05-22,2,乒乓球厅-6号,08:00-09:00,0,1,可预约,￥0.0,多云,18,17,3,0.0,85,48
2026-05-21 08:00:45,2026-05-22,2,乒乓球厅-6号,09:00-10:00,0,1,可预约,￥5.0,晴,17,12,5,0.0,86,29
2026-05-21 08:02:30,2026-05-22,2,乒乓球厅-6号,09:00-10:00,0,1,可预约,￥5.0,多云,17,12,5,0.0,87,29
2026-05-21 08:05:36,2026-05-22,2,乒乓球厅-6号,09:00-10:00,0,1,可预约,￥5.0,多云,17,12,5,0.0,86,29
2026-05-21 08:08:31,2026-05-22,2,乒乓球厅-6号,09:00-10:00,0,1,可预约,￥5.0,多云,17,12,5,0.0,86,29
2026-05-21 08:11:30,2026-05-22,2,乒乓球厅-6号,09:00-10:00,0,1,可预约,￥5.0,多云,17,12,5,0.0,86,29
2026-05-21 08:14:31,2026-05-22,2,乒乓球厅-6号,09:00-10:00,0,1,可预约,￥5.0,多云,17,12,5,0.0,86,29
2026-05-21 08:17:30,2026-05-22,2,乒乓球厅-6号,09:00-10:00,0,1,可预约,￥5.0,多云,17,12,5,0.0,86,29
2026-05-21 08:20:35,2026-05-22,2,乒乓球厅-6号,09:00-10:00,0,1,可预约,￥5.0,多云,17,14,4,0.0,85,29
2026-05-21 08:25:32,2026-05-22,2,乒乓球厅-6号,09:00-10:00,0,1,可预约,￥5.0,多云,17,14,4,0.0,85,28
2026-05-21 08:30:42,2026-05-22,2,乒乓球厅-6号,09:00-10:00,0,1,可预约,￥5.0,多云,18,15,4,0.0,84,28
2026-05-21 08:35:31,2026-05-22,2,乒乓球厅-6号,09:00-10:00,0,1,可预约,￥5.0,多云,18,15,4,0.0,84,28
2026-05-21 08:40:38,2026-05-22,2,乒乓球厅-6号,09:00-10:00,0,1,可预约,￥5.0,多云,18,15,4,0.0,82,28
2026-05-21 08:45:33,2026-05-22,2,乒乓球厅-6号,09:00-10:00,0,1,可预约,￥5.0,多云,18,15,4,0.0,82,28
2026-05-21 08:50:36,2026-05-22,2,乒乓球厅-6号,09:00-10:00,0,1,可预约,￥5.0,多云,18,15,4,0.0,82,28
2026-05-21 08:55:34,2026-05-22,2,乒乓球厅-6号,09:00-10:00,0,1,可预约,￥5.0,多云,18,15,4,0.0,84,28
2026-05-21 09:00:51,2026-05-22,2,乒乓球厅-6号,09:00-10:00,0,1,可预约,￥5.0,多云,18,15,4,0.0,84,28
2026-05-21 09:01:59,2026-05-22,2,乒乓球厅-6号,09:00-10:00,0,1,可预约,￥5.0,多云,18,15,4,0.0,83,28
2026-05-21 09:05:33,2026-05-22,2,乒乓球厅-6号,09:00-10:00,0,1,可预约,￥5.0,多云,18,15,4,0.0,83,28
2026-05-21 09:20:38,2026-05-22,2,乒乓球厅-6号,09:00-10:00,0,1,可预约,￥5.0,多云,18,16,3,0.0,81,28
2026-05-21 09:30:46,2026-05-22,2,乒乓球厅-6号,09:00-10:00,0,1,可预约,￥5.0,多云,18,16,3,0.0,81,32
2026-05-21 09:40:36,2026-05-22,2,乒乓球厅-6号,09:00-10:00,0,1,可预约,￥5.0,多云,19,17,3,0.0,79,32
2026-05-21 09:50:42,2026-05-22,2,乒乓球厅-6号,09:00-10:00,0,1,可预约,￥5.0,多云,19,17,4,0.0,81,32
2026-05-21 10:00:46,2026-05-22,2,乒乓球厅-6号,09:00-10:00,0,1,可预约,￥5.0,多云,19,17,4,0.0,79,32
2026-05-21 10:10:40,2026-05-22,2,乒乓球厅-6号,09:00-10:00,0,1,可预约,￥5.0,多云,19,17,4,0.0,79,32
2026-05-21 10:20:38,2026-05-22,2,乒乓球厅-6号,09:00-10:00,0,1,可预约,￥5.0,多云,19,17,4,0.0,79,32
2026-05-21 10:30:41,2026-05-22,2,乒乓球厅-6号,09:00-10:00,0,1,可预约,￥5.0,多云,19,18,3,0.0,78,31
2026-05-21 11:00:44,2026-05-22,2,乒乓球厅-6号,09:00-10:00,0,1,可预约,￥5.0,多云,21,17,5,0.0,74,31
2026-05-21 11:30:38,2026-05-22,2,乒乓球厅-6号,09:00-10:00,0,1,可预约,￥5.0,多云,21,19,3,0.0,72,33
2026-05-21 12:00:46,2026-05-22,2,乒乓球厅-6号,09:00-10:00,0,1,可预约,￥5.0,多云,22,19,4,0.0,70,33
2026-05-21 12:30:42,2026-05-22,2,乒乓球厅-6号,09:00-10:00,0,1,可预约,￥5.0,多云,22,21,3,0.0,68,35
2026-05-21 13:00:43,2026-05-22,2,乒乓球厅-6号,09:00-10:00,0,1,可预约,￥5.0,多云,24,22,4,0.0,66,35
2026-05-21 13:30:43,2026-05-22,2,乒乓球厅-6号,09:00-10:00,0,1,可预约,￥5.0,多云,24,22,4,0.0,66,36
2026-05-21 14:00:48,2026-05-22,2,乒乓球厅-6号,09:00-10:00,0,1,可预约,￥5.0,多云,25,23,4,0.0,66,36
2026-05-21 14:30:45,2026-05-22,2,乒乓球厅-6号,09:00-10:00,0,1,可预约,￥5.0,晴,25,25,3,0.0,65,39
2026-05-21 15:00:45,2026-05-22,2,乒乓球厅-6号,09:00-10:00,0,1,可预约,￥5.0,晴,25,22,4,0.0,56,39
2026-05-21 15:30:43,2026-05-22,2,乒乓球厅-6号,09:00-10:00,0,1,可预约,￥5.0,晴,25,23,4,0.0,57,40
2026-05-21 16:00:51,2026-05-22,2,乒乓球厅-6号,09:00-10:00,0,1,可预约,￥5.0,晴,25,23,4,0.0,57,40
2026-05-21 16:30:48,2026-05-22,2,乒乓球厅-6号,09:00-10:00,0,1,可预约,￥5.0,晴,25,24,3,0.0,60,39
2026-05-21 17:00:49,2026-05-22,2,乒乓球厅-6号,09:00-10:00,0,1,可预约,￥5.0,晴,25,24,4,0.0,61,39
2026-05-21 17:30:47,2026-05-22,2,乒乓球厅-6号,09:00-10:00,0,1,可预约,￥5.0,多云,24,23,3,0.0,64,39
2026-05-21 18:00:50,2026-05-22,2,乒乓球厅-6号,09:00-10:00,0,1,可预约,￥5.0,多云,24,23,3,0.0,68,39
2026-05-21 18:30:50,2026-05-22,2,乒乓球厅-6号,09:00-10:00,0,1,可预约,￥5.0,阴,24,25,2,0.0,68,40
2026-05-21 19:00:50,2026-05-22,2,乒乓球厅-6号,09:00-10:00,0,1,可预约,￥5.0,阴,23,23,3,0.0,76,40
2026-05-21 19:30:46,2026-05-22,2,乒乓球厅-6号,09:00-10:00,0,1,可预约,￥5.0,阴,23,24,2,0.0,77,39
2026-05-21 20:00:49,2026-05-22,2,乒乓球厅-6号,09:00-10:00,0,1,可预约,￥5.0,雾,22,23,2,0.0,89,39
2026-05-21 20:30:44,2026-05-22,2,乒乓球厅-6号,09:00-10:00,0,1,可预约,￥5.0,雾,22,24,2,0.0,93,43
2026-05-21 21:00:56,2026-05-22,2,乒乓球厅-6号,09:00-10:00,0,1,可预约,￥5.0,雾,20,21,2,0.0,98,43
2026-05-21 21:30:46,2026-05-22,2,乒乓球厅-6号,09:00-10:00,0,1,可预约,￥5.0,雾,20,22,1,0.0,99,41
2026-05-21 22:01:02,2026-05-22,2,乒乓球厅-6号,09:00-10:00,0,1,可预约,￥5.0,雾,19,20,2,0.0,93,41
2026-05-21 22:30:47,2026-05-22,2,乒乓球厅-6号,09:00-10:00,0,1,可预约,￥5.0,雾,19,19,3,0.0,88,46
2026-05-21 23:00:56,2026-05-22,2,乒乓球厅-6号,09:00-10:00,0,1,可预约,￥5.0,多云,18,17,3,0.0,85,46
2026-05-21 23:30:55,2026-05-22,2,乒乓球厅-6号,09:00-10:00,0,1,可预约,￥5.0,多云,18,17,3,0.0,85,48
2026-05-21 08:00:45,2026-05-22,2,乒乓球厅-6号,10:00-11:00,0,1,可预约,￥5.0,晴,17,12,5,0.0,86,29
2026-05-21 08:02:30,2026-05-22,2,乒乓球厅-6号,10:00-11:00,0,1,可预约,￥5.0,多云,17,12,5,0.0,87,29
2026-05-21 08:05:36,2026-05-22,2,乒乓球厅-6号,10:00-11:00,0,1,可预约,￥5.0,多云,17,12,5,0.0,86,29
2026-05-21 08:08:31,2026-05-22,2,乒乓球厅-6号,10:00-11:00,0,1,可预约,￥5.0,多云,17,12,5,0.0,86,29
2026-05-21 08:11:30,2026-05-22,2,乒乓球厅-6号,10:00-11:00,0,1,可预约,￥5.0,多云,17,12,5,0.0,86,29
2026-05-21 08:14:31,2026-05-22,2,乒乓球厅-6号,10:00-11:00,0,1,可预约,￥5.0,多云,17,12,5,0.0,86,29
2026-05-21 08:17:30,2026-05-22,2,乒乓球厅-6号,10:00-11:00,0,1,可预约,￥5.0,多云,17,12,5,0.0,86,29
2026-05-21 08:20:35,2026-05-22,2,乒乓球厅-6号,10:00-11:00,0,1,可预约,￥5.0,多云,17,14,4,0.0,85,29
2026-05-21 08:25:32,2026-05-22,2,乒乓球厅-6号,10:00-11:00,0,1,可预约,￥5.0,多云,17,14,4,0.0,85,28
2026-05-21 08:30:42,2026-05-22,2,乒乓球厅-6号,10:00-11:00,0,1,可预约,￥5.0,多云,18,15,4,0.0,84,28
2026-05-21 08:35:31,2026-05-22,2,乒乓球厅-6号,10:00-11:00,0,1,可预约,￥5.0,多云,18,15,4,0.0,84,28
2026-05-21 08:40:38,2026-05-22,2,乒乓球厅-6号,10:00-11:00,0,1,可预约,￥5.0,多云,18,15,4,0.0,82,28
2026-05-21 08:45:33,2026-05-22,2,乒乓球厅-6号,10:00-11:00,0,1,可预约,￥5.0,多云,18,15,4,0.0,82,28
2026-05-21 08:50:36,2026-05-22,2,乒乓球厅-6号,10:00-11:00,0,1,可预约,￥5.0,多云,18,15,4,0.0,82,28
2026-05-21 08:55:34,2026-05-22,2,乒乓球厅-6号,10:00-11:00,0,1,可预约,￥5.0,多云,18,15,4,0.0,84,28
2026-05-21 09:00:51,2026-05-22,2,乒乓球厅-6号,10:00-11:00,0,1,可预约,￥5.0,多云,18,15,4,0.0,84,28
2026-05-21 09:01:59,2026-05-22,2,乒乓球厅-6号,10:00-11:00,0,1,可预约,￥5.0,多云,18,15,4,0.0,83,28
2026-05-21 09:05:33,2026-05-22,2,乒乓球厅-6号,10:00-11:00,0,1,可预约,￥5.0,多云,18,15,4,0.0,83,28
2026-05-21 09:20:38,2026-05-22,2,乒乓球厅-6号,10:00-11:00,0,1,可预约,￥5.0,多云,18,16,3,0.0,81,28
2026-05-21 09:30:46,2026-05-22,2,乒乓球厅-6号,10:00-11:00,0,1,可预约,￥5.0,多云,18,16,3,0.0,81,32
2026-05-21 09:40:36,2026-05-22,2,乒乓球厅-6号,10:00-11:00,0,1,可预约,￥5.0,多云,19,17,3,0.0,79,32
2026-05-21 09:50:42,2026-05-22,2,乒乓球厅-6号,10:00-11:00,0,1,可预约,￥5.0,多云,19,17,4,0.0,81,32
2026-05-21 10:00:46,2026-05-22,2,乒乓球厅-6号,10:00-11:00,0,1,可预约,￥5.0,多云,19,17,4,0.0,79,32
2026-05-21 10:10:40,2026-05-22,2,乒乓球厅-6号,10:00-11:00,0,1,可预约,￥5.0,多云,19,17,4,0.0,79,32
2026-05-21 10:20:38,2026-05-22,2,乒乓球厅-6号,10:00-11:00,0,1,可预约,￥5.0,多云,19,17,4,0.0,79,32
2026-05-21 10:30:41,2026-05-22,2,乒乓球厅-6号,10:00-11:00,0,1,可预约,￥5.0,多云,19,18,3,0.0,78,31
2026-05-21 11:00:44,2026-05-22,2,乒乓球厅-6号,10:00-11:00,0,1,可预约,￥5.0,多云,21,17,5,0.0,74,31
2026-05-21 11:30:38,2026-05-22,2,乒乓球厅-6号,10:00-11:00,0,1,可预约,￥5.0,多云,21,19,3,0.0,72,33
2026-05-21 12:00:46,2026-05-22,2,乒乓球厅-6号,10:00-11:00,0,1,可预约,￥5.0,多云,22,19,4,0.0,70,33
2026-05-21 12:30:42,2026-05-22,2,乒乓球厅-6号,10:00-11:00,0,1,可预约,￥5.0,多云,22,21,3,0.0,68,35
2026-05-21 13:00:43,2026-05-22,2,乒乓球厅-6号,10:00-11:00,0,1,可预约,￥5.0,多云,24,22,4,0.0,66,35
2026-05-21 13:30:43,2026-05-22,2,乒乓球厅-6号,10:00-11:00,0,1,可预约,￥5.0,多云,24,22,4,0.0,66,36
2026-05-21 14:00:48,2026-05-22,2,乒乓球厅-6号,10:00-11:00,0,1,可预约,￥5.0,多云,25,23,4,0.0,66,36
2026-05-21 14:30:45,2026-05-22,2,乒乓球厅-6号,10:00-11:00,0,1,可预约,￥5.0,晴,25,25,3,0.0,65,39
2026-05-21 15:00:45,2026-05-22,2,乒乓球厅-6号,10:00-11:00,0,1,可预约,￥5.0,晴,25,22,4,0.0,56,39
2026-05-21 15:30:43,2026-05-22,2,乒乓球厅-6号,10:00-11:00,0,1,可预约,￥5.0,晴,25,23,4,0.0,57,40
2026-05-21 16:00:51,2026-05-22,2,乒乓球厅-6号,10:00-11:00,0,1,可预约,￥5.0,晴,25,23,4,0.0,57,40
2026-05-21 16:30:48,2026-05-22,2,乒乓球厅-6号,10:00-11:00,0,1,可预约,￥5.0,晴,25,24,3,0.0,60,39
2026-05-21 17:00:49,2026-05-22,2,乒乓球厅-6号,10:00-11:00,0,1,可预约,￥5.0,晴,25,24,4,0.0,61,39
2026-05-21 17:30:47,2026-05-22,2,乒乓球厅-6号,10:00-11:00,0,1,可预约,￥5.0,多云,24,23,3,0.0,64,39
2026-05-21 18:00:50,2026-05-22,2,乒乓球厅-6号,10:00-11:00,0,1,可预约,￥5.0,多云,24,23,3,0.0,68,39
2026-05-21 18:30:50,2026-05-22,2,乒乓球厅-6号,10:00-11:00,0,1,可预约,￥5.0,阴,24,25,2,0.0,68,40
2026-05-21 19:00:50,2026-05-22,2,乒乓球厅-6号,10:00-11:00,0,1,可预约,￥5.0,阴,23,23,3,0.0,76,40
2026-05-21 19:30:46,2026-05-22,2,乒乓球厅-6号,10:00-11:00,0,1,可预约,￥5.0,阴,23,24,2,0.0,77,39
2026-05-21 20:00:49,2026-05-22,2,乒乓球厅-6号,10:00-11:00,0,1,可预约,￥5.0,雾,22,23,2,0.0,89,39
2026-05-21 20:30:44,2026-05-22,2,乒乓球厅-6号,10:00-11:00,0,1,可预约,￥5.0,雾,22,24,2,0.0,93,43
2026-05-21 21:00:56,2026-05-22,2,乒乓球厅-6号,10:00-11:00,0,1,可预约,￥5.0,雾,20,21,2,0.0,98,43
2026-05-21 21:30:46,2026-05-22,2,乒乓球厅-6号,10:00-11:00,0,1,可预约,￥5.0,雾,20,22,1,0.0,99,41
2026-05-21 22:01:02,2026-05-22,2,乒乓球厅-6号,10:00-11:00,0,1,可预约,￥5.0,雾,19,20,2,0.0,93,41
2026-05-21 22:30:47,2026-05-22,2,乒乓球厅-6号,10:00-11:00,0,1,可预约,￥5.0,雾,19,19,3,0.0,88,46
2026-05-21 23:00:56,2026-05-22,2,乒乓球厅-6号,10:00-11:00,0,1,可预约,￥5.0,多云,18,17,3,0.0,85,46
2026-05-21 23:30:55,2026-05-22,2,乒乓球厅-6号,10:00-11:00,0,1,可预约,￥5.0,多云,18,17,3,0.0,85,48
2026-05-21 08:00:45,2026-05-22,2,乒乓球厅-6号,11:00-12:00,0,1,可预约,￥5.0,晴,17,12,5,0.0,86,29
2026-05-21 08:02:30,2026-05-22,2,乒乓球厅-6号,11:00-12:00,0,1,可预约,￥5.0,多云,17,12,5,0.0,87,29
2026-05-21 08:05:36,2026-05-22,2,乒乓球厅-6号,11:00-12:00,0,1,可预约,￥5.0,多云,17,12,5,0.0,86,29
2026-05-21 08:08:31,2026-05-22,2,乒乓球厅-6号,11:00-12:00,0,1,可预约,￥5.0,多云,17,12,5,0.0,86,29
2026-05-21 08:11:30,2026-05-22,2,乒乓球厅-6号,11:00-12:00,0,1,可预约,￥5.0,多云,17,12,5,0.0,86,29
2026-05-21 08:14:31,2026-05-22,2,乒乓球厅-6号,11:00-12:00,0,1,可预约,￥5.0,多云,17,12,5,0.0,86,29
2026-05-21 08:17:30,2026-05-22,2,乒乓球厅-6号,11:00-12:00,0,1,可预约,￥5.0,多云,17,12,5,0.0,86,29
2026-05-21 08:20:35,2026-05-22,2,乒乓球厅-6号,11:00-12:00,0,1,可预约,￥5.0,多云,17,14,4,0.0,85,29
2026-05-21 08:25:32,2026-05-22,2,乒乓球厅-6号,11:00-12:00,0,1,可预约,￥5.0,多云,17,14,4,0.0,85,28
2026-05-21 08:30:42,2026-05-22,2,乒乓球厅-6号,11:00-12:00,0,1,可预约,￥5.0,多云,18,15,4,0.0,84,28
2026-05-21 08:35:31,2026-05-22,2,乒乓球厅-6号,11:00-12:00,0,1,可预约,￥5.0,多云,18,15,4,0.0,84,28
2026-05-21 08:40:38,2026-05-22,2,乒乓球厅-6号,11:00-12:00,0,1,可预约,￥5.0,多云,18,15,4,0.0,82,28
2026-05-21 08:45:33,2026-05-22,2,乒乓球厅-6号,11:00-12:00,0,1,可预约,￥5.0,多云,18,15,4,0.0,82,28
2026-05-21 08:50:36,2026-05-22,2,乒乓球厅-6号,11:00-12:00,0,1,可预约,￥5.0,多云,18,15,4,0.0,82,28
2026-05-21 08:55:34,2026-05-22,2,乒乓球厅-6号,11:00-12:00,0,1,可预约,￥5.0,多云,18,15,4,0.0,84,28
2026-05-21 09:00:51,2026-05-22,2,乒乓球厅-6号,11:00-12:00,0,1,可预约,￥5.0,多云,18,15,4,0.0,84,28
2026-05-21 09:01:59,2026-05-22,2,乒乓球厅-6号,11:00-12:00,0,1,可预约,￥5.0,多云,18,15,4,0.0,83,28
2026-05-21 09:05:33,2026-05-22,2,乒乓球厅-6号,11:00-12:00,0,1,可预约,￥5.0,多云,18,15,4,0.0,83,28
2026-05-21 09:20:38,2026-05-22,2,乒乓球厅-6号,11:00-12:00,0,1,可预约,￥5.0,多云,18,16,3,0.0,81,28
2026-05-21 09:30:46,2026-05-22,2,乒乓球厅-6号,11:00-12:00,0,1,可预约,￥5.0,多云,18,16,3,0.0,81,32
2026-05-21 09:40:36,2026-05-22,2,乒乓球厅-6号,11:00-12:00,0,1,可预约,￥5.0,多云,19,17,3,0.0,79,32
2026-05-21 09:50:42,2026-05-22,2,乒乓球厅-6号,11:00-12:00,0,1,可预约,￥5.0,多云,19,17,4,0.0,81,32
2026-05-21 10:00:46,2026-05-22,2,乒乓球厅-6号,11:00-12:00,0,1,可预约,￥5.0,多云,19,17,4,0.0,79,32
2026-05-21 10:10:40,2026-05-22,2,乒乓球厅-6号,11:00-12:00,0,1,可预约,￥5.0,多云,19,17,4,0.0,79,32
2026-05-21 10:20:38,2026-05-22,2,乒乓球厅-6号,11:00-12:00,0,1,可预约,￥5.0,多云,19,17,4,0.0,79,32
2026-05-21 10:30:41,2026-05-22,2,乒乓球厅-6号,11:00-12:00,0,1,可预约,￥5.0,多云,19,18,3,0.0,78,31
2026-05-21 11:00:44,2026-05-22,2,乒乓球厅-6号,11:00-12:00,0,1,可预约,￥5.0,多云,21,17,5,0.0,74,31
2026-05-21 11:30:38,2026-05-22,2,乒乓球厅-6号,11:00-12:00,0,1,可预约,￥5.0,多云,21,19,3,0.0,72,33
2026-05-21 12:00:46,2026-05-22,2,乒乓球厅-6号,11:00-12:00,0,1,可预约,￥5.0,多云,22,19,4,0.0,70,33
2026-05-21 12:30:42,2026-05-22,2,乒乓球厅-6号,11:00-12:00,0,1,可预约,￥5.0,多云,22,21,3,0.0,68,35
2026-05-21 13:00:43,2026-05-22,2,乒乓球厅-6号,11:00-12:00,0,1,可预约,￥5.0,多云,24,22,4,0.0,66,35
2026-05-21 13:30:43,2026-05-22,2,乒乓球厅-6号,11:00-12:00,0,1,可预约,￥5.0,多云,24,22,4,0.0,66,36
2026-05-21 14:00:48,2026-05-22,2,乒乓球厅-6号,11:00-12:00,0,1,可预约,￥5.0,多云,25,23,4,0.0,66,36
2026-05-21 14:30:45,2026-05-22,2,乒乓球厅-6号,11:00-12:00,0,1,可预约,￥5.0,晴,25,25,3,0.0,65,39
2026-05-21 15:00:45,2026-05-22,2,乒乓球厅-6号,11:00-12:00,0,1,可预约,￥5.0,晴,25,22,4,0.0,56,39
2026-05-21 15:30:43,2026-05-22,2,乒乓球厅-6号,11:00-12:00,0,1,可预约,￥5.0,晴,25,23,4,0.0,57,40
2026-05-21 16:00:51,2026-05-22,2,乒乓球厅-6号,11:00-12:00,0,1,可预约,￥5.0,晴,25,23,4,0.0,57,40
2026-05-21 16:30:48,2026-05-22,2,乒乓球厅-6号,11:00-12:00,0,1,可预约,￥5.0,晴,25,24,3,0.0,60,39
2026-05-21 17:00:49,2026-05-22,2,乒乓球厅-6号,11:00-12:00,0,1,可预约,￥5.0,晴,25,24,4,0.0,61,39
2026-05-21 17:30:47,2026-05-22,2,乒乓球厅-6号,11:00-12:00,0,1,可预约,￥5.0,多云,24,23,3,0.0,64,39
2026-05-21 18:00:50,2026-05-22,2,乒乓球厅-6号,11:00-12:00,0,1,可预约,￥5.0,多云,24,23,3,0.0,68,39
2026-05-21 18:30:50,2026-05-22,2,乒乓球厅-6号,11:00-12:00,0,1,可预约,￥5.0,阴,24,25,2,0.0,68,40
2026-05-21 19:00:50,2026-05-22,2,乒乓球厅-6号,11:00-12:00,0,1,可预约,￥5.0,阴,23,23,3,0.0,76,40
2026-05-21 19:30:46,2026-05-22,2,乒乓球厅-6号,11:00-12:00,0,1,可预约,￥5.0,阴,23,24,2,0.0,77,39
2026-05-21 20:00:49,2026-05-22,2,乒乓球厅-6号,11:00-12:00,0,1,可预约,￥5.0,雾,22,23,2,0.0,89,39
2026-05-21 20:30:44,2026-05-22,2,乒乓球厅-6号,11:00-12:00,0,1,可预约,￥5.0,雾,22,24,2,0.0,93,43
2026-05-21 21:00:56,2026-05-22,2,乒乓球厅-6号,11:00-12:00,0,1,可预约,￥5.0,雾,20,21,2,0.0,98,43
2026-05-21 21:30:46,2026-05-22,2,乒乓球厅-6号,11:00-12:00,0,1,可预约,￥5.0,雾,20,22,1,0.0,99,41
2026-05-21 22:01:02,2026-05-22,2,乒乓球厅-6号,11:00-12:00,0,1,可预约,￥5.0,雾,19,20,2,0.0,93,41
2026-05-21 22:30:47,2026-05-22,2,乒乓球厅-6号,11:00-12:00,0,1,可预约,￥5.0,雾,19,19,3,0.0,88,46
2026-05-21 23:00:56,2026-05-22,2,乒乓球厅-6号,11:00-12:00,0,1,可预约,￥5.0,多云,18,17,3,0.0,85,46
2026-05-21 23:30:55,2026-05-22,2,乒乓球厅-6号,11:00-12:00,0,1,可预约,￥5.0,多云,18,17,3,0.0,85,48
2026-05-21 08:00:45,2026-05-22,2,乒乓球厅-6号,12:00-12:55,0,1,可预约,￥0.0,晴,17,12,5,0.0,86,29
2026-05-21 08:02:30,2026-05-22,2,乒乓球厅-6号,12:00-12:55,0,1,可预约,￥0.0,多云,17,12,5,0.0,87,29
2026-05-21 08:05:36,2026-05-22,2,乒乓球厅-6号,12:00-12:55,0,1,可预约,￥0.0,多云,17,12,5,0.0,86,29
2026-05-21 08:08:31,2026-05-22,2,乒乓球厅-6号,12:00-12:55,0,1,可预约,￥0.0,多云,17,12,5,0.0,86,29
2026-05-21 08:11:30,2026-05-22,2,乒乓球厅-6号,12:00-12:55,0,1,可预约,￥0.0,多云,17,12,5,0.0,86,29
2026-05-21 08:14:31,2026-05-22,2,乒乓球厅-6号,12:00-12:55,0,1,可预约,￥0.0,多云,17,12,5,0.0,86,29
2026-05-21 08:17:30,2026-05-22,2,乒乓球厅-6号,12:00-12:55,0,1,可预约,￥0.0,多云,17,12,5,0.0,86,29
2026-05-21 08:20:35,2026-05-22,2,乒乓球厅-6号,12:00-12:55,0,1,可预约,￥0.0,多云,17,14,4,0.0,85,29
2026-05-21 08:25:32,2026-05-22,2,乒乓球厅-6号,12:00-12:55,0,1,可预约,￥0.0,多云,17,14,4,0.0,85,28
2026-05-21 08:30:42,2026-05-22,2,乒乓球厅-6号,12:00-12:55,0,1,可预约,￥0.0,多云,18,15,4,0.0,84,28
2026-05-21 08:35:31,2026-05-22,2,乒乓球厅-6号,12:00-12:55,0,1,可预约,￥0.0,多云,18,15,4,0.0,84,28
2026-05-21 08:40:38,2026-05-22,2,乒乓球厅-6号,12:00-12:55,0,1,可预约,￥0.0,多云,18,15,4,0.0,82,28
2026-05-21 08:45:33,2026-05-22,2,乒乓球厅-6号,12:00-12:55,0,1,可预约,￥0.0,多云,18,15,4,0.0,82,28
2026-05-21 08:50:36,2026-05-22,2,乒乓球厅-6号,12:00-12:55,0,1,可预约,￥0.0,多云,18,15,4,0.0,82,28
2026-05-21 08:55:34,2026-05-22,2,乒乓球厅-6号,12:00-12:55,0,1,可预约,￥0.0,多云,18,15,4,0.0,84,28
2026-05-21 09:00:51,2026-05-22,2,乒乓球厅-6号,12:00-12:55,0,1,可预约,￥0.0,多云,18,15,4,0.0,84,28
2026-05-21 09:01:59,2026-05-22,2,乒乓球厅-6号,12:00-12:55,0,1,可预约,￥0.0,多云,18,15,4,0.0,83,28
2026-05-21 09:05:33,2026-05-22,2,乒乓球厅-6号,12:00-12:55,0,1,可预约,￥0.0,多云,18,15,4,0.0,83,28
2026-05-21 09:20:38,2026-05-22,2,乒乓球厅-6号,12:00-12:55,0,1,可预约,￥0.0,多云,18,16,3,0.0,81,28
2026-05-21 09:30:46,2026-05-22,2,乒乓球厅-6号,12:00-12:55,0,1,可预约,￥0.0,多云,18,16,3,0.0,81,32
2026-05-21 09:40:36,2026-05-22,2,乒乓球厅-6号,12:00-12:55,0,1,可预约,￥0.0,多云,19,17,3,0.0,79,32
2026-05-21 09:50:42,2026-05-22,2,乒乓球厅-6号,12:00-12:55,0,1,可预约,￥0.0,多云,19,17,4,0.0,81,32
2026-05-21 10:00:46,2026-05-22,2,乒乓球厅-6号,12:00-12:55,0,1,可预约,￥0.0,多云,19,17,4,0.0,79,32
2026-05-21 10:10:40,2026-05-22,2,乒乓球厅-6号,12:00-12:55,0,1,可预约,￥0.0,多云,19,17,4,0.0,79,32
2026-05-21 10:20:38,2026-05-22,2,乒乓球厅-6号,12:00-12:55,0,1,可预约,￥0.0,多云,19,17,4,0.0,79,32
2026-05-21 10:30:41,2026-05-22,2,乒乓球厅-6号,12:00-12:55,0,1,可预约,￥0.0,多云,19,18,3,0.0,78,31
2026-05-21 11:00:44,2026-05-22,2,乒乓球厅-6号,12:00-12:55,0,1,可预约,￥0.0,多云,21,17,5,0.0,74,31
2026-05-21 11:30:38,2026-05-22,2,乒乓球厅-6号,12:00-12:55,0,1,可预约,￥0.0,多云,21,19,3,0.0,72,33
2026-05-21 12:00:46,2026-05-22,2,乒乓球厅-6号,12:00-12:55,0,1,可预约,￥0.0,多云,22,19,4,0.0,70,33
2026-05-21 12:30:42,2026-05-22,2,乒乓球厅-6号,12:00-12:55,0,1,可预约,￥0.0,多云,22,21,3,0.0,68,35
2026-05-21 13:00:43,2026-05-22,2,乒乓球厅-6号,12:00-12:55,0,1,可预约,￥0.0,多云,24,22,4,0.0,66,35
2026-05-21 13:30:43,2026-05-22,2,乒乓球厅-6号,12:00-12:55,0,1,可预约,￥0.0,多云,24,22,4,0.0,66,36
2026-05-21 14:00:48,2026-05-22,2,乒乓球厅-6号,12:00-12:55,0,1,可预约,￥0.0,多云,25,23,4,0.0,66,36
2026-05-21 14:30:45,2026-05-22,2,乒乓球厅-6号,12:00-12:55,0,1,可预约,￥0.0,晴,25,25,3,0.0,65,39
2026-05-21 15:00:45,2026-05-22,2,乒乓球厅-6号,12:00-12:55,0,1,可预约,￥0.0,晴,25,22,4,0.0,56,39
2026-05-21 15:30:43,2026-05-22,2,乒乓球厅-6号,12:00-12:55,0,1,可预约,￥0.0,晴,25,23,4,0.0,57,40
2026-05-21 16:00:51,2026-05-22,2,乒乓球厅-6号,12:00-12:55,0,1,可预约,￥0.0,晴,25,23,4,0.0,57,40
2026-05-21 16:30:48,2026-05-22,2,乒乓球厅-6号,12:00-12:55,0,1,可预约,￥0.0,晴,25,24,3,0.0,60,39
2026-05-21 17:00:49,2026-05-22,2,乒乓球厅-6号,12:00-12:55,0,1,可预约,￥0.0,晴,25,24,4,0.0,61,39
2026-05-21 17:30:47,2026-05-22,2,乒乓球厅-6号,12:00-12:55,0,1,可预约,￥0.0,多云,24,23,3,0.0,64,39
2026-05-21 18:00:50,2026-05-22,2,乒乓球厅-6号,12:00-12:55,0,1,可预约,￥0.0,多云,24,23,3,0.0,68,39
2026-05-21 18:30:50,2026-05-22,2,乒乓球厅-6号,12:00-12:55,0,1,可预约,￥0.0,阴,24,25,2,0.0,68,40
2026-05-21 19:00:50,2026-05-22,2,乒乓球厅-6号,12:00-12:55,0,1,可预约,￥0.0,阴,23,23,3,0.0,76,40
2026-05-21 19:30:46,2026-05-22,2,乒乓球厅-6号,12:00-12:55,0,1,可预约,￥0.0,阴,23,24,2,0.0,77,39
2026-05-21 20:00:49,2026-05-22,2,乒乓球厅-6号,12:00-12:55,0,1,可预约,￥0.0,雾,22,23,2,0.0,89,39
2026-05-21 20:30:44,2026-05-22,2,乒乓球厅-6号,12:00-12:55,0,1,可预约,￥0.0,雾,22,24,2,0.0,93,43
2026-05-21 21:00:56,2026-05-22,2,乒乓球厅-6号,12:00-12:55,0,1,可预约,￥0.0,雾,20,21,2,0.0,98,43
2026-05-21 21:30:46,2026-05-22,2,乒乓球厅-6号,12:00-12:55,0,1,可预约,￥0.0,雾,20,22,1,0.0,99,41
2026-05-21 22:01:02,2026-05-22,2,乒乓球厅-6号,12:00-12:55,0,1,可预约,￥0.0,雾,19,20,2,0.0,93,41
2026-05-21 22:30:47,2026-05-22,2,乒乓球厅-6号,12:00-12:55,0,1,可预约,￥0.0,雾,19,19,3,0.0,88,46
2026-05-21 23:00:56,2026-05-22,2,乒乓球厅-6号,12:00-12:55,0,1,可预约,￥0.0,多云,18,17,3,0.0,85,46
2026-05-21 23:30:55,2026-05-22,2,乒乓球厅-6号,12:00-12:55,0,1,可预约,￥0.0,多云,18,17,3,0.0,85,48
2026-05-21 08:00:45,2026-05-22,2,乒乓球厅-6号,12:55-13:50,0,1,可预约,￥0.0,晴,17,12,5,0.0,86,29
2026-05-21 08:02:30,2026-05-22,2,乒乓球厅-6号,12:55-13:50,0,1,可预约,￥0.0,多云,17,12,5,0.0,87,29
2026-05-21 08:05:36,2026-05-22,2,乒乓球厅-6号,12:55-13:50,0,1,可预约,￥0.0,多云,17,12,5,0.0,86,29
2026-05-21 08:08:31,2026-05-22,2,乒乓球厅-6号,12:55-13:50,0,1,可预约,￥0.0,多云,17,12,5,0.0,86,29
2026-05-21 08:11:30,2026-05-22,2,乒乓球厅-6号,12:55-13:50,0,1,可预约,￥0.0,多云,17,12,5,0.0,86,29
2026-05-21 08:14:31,2026-05-22,2,乒乓球厅-6号,12:55-13:50,0,1,可预约,￥0.0,多云,17,12,5,0.0,86,29
2026-05-21 08:17:30,2026-05-22,2,乒乓球厅-6号,12:55-13:50,0,1,可预约,￥0.0,多云,17,12,5,0.0,86,29
2026-05-21 08:20:35,2026-05-22,2,乒乓球厅-6号,12:55-13:50,0,1,可预约,￥0.0,多云,17,14,4,0.0,85,29
2026-05-21 08:25:32,2026-05-22,2,乒乓球厅-6号,12:55-13:50,0,1,可预约,￥0.0,多云,17,14,4,0.0,85,28
2026-05-21 08:30:42,2026-05-22,2,乒乓球厅-6号,12:55-13:50,0,1,可预约,￥0.0,多云,18,15,4,0.0,84,28
2026-05-21 08:35:31,2026-05-22,2,乒乓球厅-6号,12:55-13:50,0,1,可预约,￥0.0,多云,18,15,4,0.0,84,28
2026-05-21 08:40:38,2026-05-22,2,乒乓球厅-6号,12:55-13:50,0,1,可预约,￥0.0,多云,18,15,4,0.0,82,28
2026-05-21 08:45:33,2026-05-22,2,乒乓球厅-6号,12:55-13:50,0,1,可预约,￥0.0,多云,18,15,4,0.0,82,28
2026-05-21 08:50:36,2026-05-22,2,乒乓球厅-6号,12:55-13:50,0,1,可预约,￥0.0,多云,18,15,4,0.0,82,28
2026-05-21 08:55:34,2026-05-22,2,乒乓球厅-6号,12:55-13:50,0,1,可预约,￥0.0,多云,18,15,4,0.0,84,28
2026-05-21 09:00:51,2026-05-22,2,乒乓球厅-6号,12:55-13:50,0,1,可预约,￥0.0,多云,18,15,4,0.0,84,28
2026-05-21 09:01:59,2026-05-22,2,乒乓球厅-6号,12:55-13:50,0,1,可预约,￥0.0,多云,18,15,4,0.0,83,28
2026-05-21 09:05:33,2026-05-22,2,乒乓球厅-6号,12:55-13:50,0,1,可预约,￥0.0,多云,18,15,4,0.0,83,28
2026-05-21 09:20:38,2026-05-22,2,乒乓球厅-6号,12:55-13:50,0,1,可预约,￥0.0,多云,18,16,3,0.0,81,28
2026-05-21 09:30:46,2026-05-22,2,乒乓球厅-6号,12:55-13:50,0,1,可预约,￥0.0,多云,18,16,3,0.0,81,32
2026-05-21 09:40:36,2026-05-22,2,乒乓球厅-6号,12:55-13:50,0,1,可预约,￥0.0,多云,19,17,3,0.0,79,32
2026-05-21 09:50:42,2026-05-22,2,乒乓球厅-6号,12:55-13:50,0,1,可预约,￥0.0,多云,19,17,4,0.0,81,32
2026-05-21 10:00:46,2026-05-22,2,乒乓球厅-6号,12:55-13:50,0,1,可预约,￥0.0,多云,19,17,4,0.0,79,32
2026-05-21 10:10:40,2026-05-22,2,乒乓球厅-6号,12:55-13:50,0,1,可预约,￥0.0,多云,19,17,4,0.0,79,32
2026-05-21 10:20:38,2026-05-22,2,乒乓球厅-6号,12:55-13:50,0,1,可预约,￥0.0,多云,19,17,4,0.0,79,32
2026-05-21 10:30:41,2026-05-22,2,乒乓球厅-6号,12:55-13:50,0,1,可预约,￥0.0,多云,19,18,3,0.0,78,31
2026-05-21 11:00:44,2026-05-22,2,乒乓球厅-6号,12:55-13:50,0,1,可预约,￥0.0,多云,21,17,5,0.0,74,31
2026-05-21 11:30:38,2026-05-22,2,乒乓球厅-6号,12:55-13:50,0,1,可预约,￥0.0,多云,21,19,3,0.0,72,33
2026-05-21 12:00:46,2026-05-22,2,乒乓球厅-6号,12:55-13:50,0,1,可预约,￥0.0,多云,22,19,4,0.0,70,33
2026-05-21 12:30:42,2026-05-22,2,乒乓球厅-6号,12:55-13:50,0,1,可预约,￥0.0,多云,22,21,3,0.0,68,35
2026-05-21 13:00:43,2026-05-22,2,乒乓球厅-6号,12:55-13:50,0,1,可预约,￥0.0,多云,24,22,4,0.0,66,35
2026-05-21 13:30:43,2026-05-22,2,乒乓球厅-6号,12:55-13:50,0,1,可预约,￥0.0,多云,24,22,4,0.0,66,36
2026-05-21 14:00:48,2026-05-22,2,乒乓球厅-6号,12:55-13:50,0,1,可预约,￥0.0,多云,25,23,4,0.0,66,36
2026-05-21 14:30:45,2026-05-22,2,乒乓球厅-6号,12:55-13:50,0,1,可预约,￥0.0,晴,25,25,3,0.0,65,39
2026-05-21 15:00:45,2026-05-22,2,乒乓球厅-6号,12:55-13:50,0,1,可预约,￥0.0,晴,25,22,4,0.0,56,39
2026-05-21 15:30:43,2026-05-22,2,乒乓球厅-6号,12:55-13:50,0,1,可预约,￥0.0,晴,25,23,4,0.0,57,40
2026-05-21 16:00:51,2026-05-22,2,乒乓球厅-6号,12:55-13:50,0,1,可预约,￥0.0,晴,25,23,4,0.0,57,40
2026-05-21 16:30:48,2026-05-22,2,乒乓球厅-6号,12:55-13:50,0,1,可预约,￥0.0,晴,25,24,3,0.0,60,39
2026-05-21 17:00:49,2026-05-22,2,乒乓球厅-6号,12:55-13:50,0,1,可预约,￥0.0,晴,25,24,4,0.0,61,39
2026-05-21 17:30:47,2026-05-22,2,乒乓球厅-6号,12:55-13:50,0,1,可预约,￥0.0,多云,24,23,3,0.0,64,39
2026-05-21 18:00:50,2026-05-22,2,乒乓球厅-6号,12:55-13:50,0,1,可预约,￥0.0,多云,24,23,3,0.0,68,39
2026-05-21 18:30:50,2026-05-22,2,乒乓球厅-6号,12:55-13:50,0,1,可预约,￥0.0,阴,24,25,2,0.0,68,40
2026-05-21 19:00:50,2026-05-22,2,乒乓球厅-6号,12:55-13:50,0,1,可预约,￥0.0,阴,23,23,3,0.0,76,40
2026-05-21 19:30:46,2026-05-22,2,乒乓球厅-6号,12:55-13:50,0,1,可预约,￥0.0,阴,23,24,2,0.0,77,39
2026-05-21 20:00:49,2026-05-22,2,乒乓球厅-6号,12:55-13:50,0,1,可预约,￥0.0,雾,22,23,2,0.0,89,39
2026-05-21 20:30:44,2026-05-22,2,乒乓球厅-6号,12:55-13:50,0,1,可预约,￥0.0,雾,22,24,2,0.0,93,43
2026-05-21 21:00:56,2026-05-22,2,乒乓球厅-6号,12:55-13:50,0,1,可预约,￥0.0,雾,20,21,2,0.0,98,43
2026-05-21 21:30:46,2026-05-22,2,乒乓球厅-6号,12:55-13:50,0,1,可预约,￥0.0,雾,20,22,1,0.0,99,41
2026-05-21 22:01:02,2026-05-22,2,乒乓球厅-6号,12:55-13:50,0,1,可预约,￥0.0,雾,19,20,2,0.0,93,41
2026-05-21 22:30:47,2026-05-22,2,乒乓球厅-6号,12:55-13:50,0,1,可预约,￥0.0,雾,19,19,3,0.0,88,46
2026-05-21 23:00:56,2026-05-22,2,乒乓球厅-6号,12:55-13:50,0,1,可预约,￥0.0,多云,18,17,3,0.0,85,46
2026-05-21 23:30:55,2026-05-22,2,乒乓球厅-6号,12:55-13:50,0,1,可预约,￥0.0,多云,18,17,3,0.0,85,48
2026-05-21 08:00:45,2026-05-22,2,乒乓球厅-6号,14:00-15:00,1,1,已售/已满,教学时间,晴,17,12,5,0.0,86,29
2026-05-21 08:02:30,2026-05-22,2,乒乓球厅-6号,14:00-15:00,1,1,已售/已满,教学时间,多云,17,12,5,0.0,87,29
2026-05-21 08:05:36,2026-05-22,2,乒乓球厅-6号,14:00-15:00,1,1,已售/已满,教学时间,多云,17,12,5,0.0,86,29
2026-05-21 08:08:31,2026-05-22,2,乒乓球厅-6号,14:00-15:00,1,1,已售/已满,教学时间,多云,17,12,5,0.0,86,29
2026-05-21 08:11:30,2026-05-22,2,乒乓球厅-6号,14:00-15:00,1,1,已售/已满,教学时间,多云,17,12,5,0.0,86,29
2026-05-21 08:14:31,2026-05-22,2,乒乓球厅-6号,14:00-15:00,1,1,已售/已满,教学时间,多云,17,12,5,0.0,86,29
2026-05-21 08:17:30,2026-05-22,2,乒乓球厅-6号,14:00-15:00,1,1,已售/已满,教学时间,多云,17,12,5,0.0,86,29
2026-05-21 08:20:35,2026-05-22,2,乒乓球厅-6号,14:00-15:00,1,1,已售/已满,教学时间,多云,17,14,4,0.0,85,29
2026-05-21 08:25:32,2026-05-22,2,乒乓球厅-6号,14:00-15:00,1,1,已售/已满,教学时间,多云,17,14,4,0.0,85,28
2026-05-21 08:30:42,2026-05-22,2,乒乓球厅-6号,14:00-15:00,1,1,已售/已满,教学时间,多云,18,15,4,0.0,84,28
2026-05-21 08:35:31,2026-05-22,2,乒乓球厅-6号,14:00-15:00,1,1,已售/已满,教学时间,多云,18,15,4,0.0,84,28
2026-05-21 08:40:38,2026-05-22,2,乒乓球厅-6号,14:00-15:00,1,1,已售/已满,教学时间,多云,18,15,4,0.0,82,28
2026-05-21 08:45:33,2026-05-22,2,乒乓球厅-6号,14:00-15:00,1,1,已售/已满,教学时间,多云,18,15,4,0.0,82,28
2026-05-21 08:50:36,2026-05-22,2,乒乓球厅-6号,14:00-15:00,1,1,已售/已满,教学时间,多云,18,15,4,0.0,82,28
2026-05-21 08:55:34,2026-05-22,2,乒乓球厅-6号,14:00-15:00,1,1,已售/已满,教学时间,多云,18,15,4,0.0,84,28
2026-05-21 09:00:51,2026-05-22,2,乒乓球厅-6号,14:00-15:00,1,1,已售/已满,教学时间,多云,18,15,4,0.0,84,28
2026-05-21 09:01:59,2026-05-22,2,乒乓球厅-6号,14:00-15:00,1,1,已售/已满,教学时间,多云,18,15,4,0.0,83,28
2026-05-21 09:05:33,2026-05-22,2,乒乓球厅-6号,14:00-15:00,1,1,已售/已满,教学时间,多云,18,15,4,0.0,83,28
2026-05-21 09:20:38,2026-05-22,2,乒乓球厅-6号,14:00-15:00,1,1,已售/已满,教学时间,多云,18,16,3,0.0,81,28
2026-05-21 09:30:46,2026-05-22,2,乒乓球厅-6号,14:00-15:00,1,1,已售/已满,教学时间,多云,18,16,3,0.0,81,32
2026-05-21 09:40:36,2026-05-22,2,乒乓球厅-6号,14:00-15:00,1,1,已售/已满,教学时间,多云,19,17,3,0.0,79,32
2026-05-21 09:50:42,2026-05-22,2,乒乓球厅-6号,14:00-15:00,1,1,已售/已满,教学时间,多云,19,17,4,0.0,81,32
2026-05-21 10:00:46,2026-05-22,2,乒乓球厅-6号,14:00-15:00,1,1,已售/已满,教学时间,多云,19,17,4,0.0,79,32
2026-05-21 10:10:40,2026-05-22,2,乒乓球厅-6号,14:00-15:00,1,1,已售/已满,教学时间,多云,19,17,4,0.0,79,32
2026-05-21 10:20:38,2026-05-22,2,乒乓球厅-6号,14:00-15:00,1,1,已售/已满,教学时间,多云,19,17,4,0.0,79,32
2026-05-21 10:30:41,2026-05-22,2,乒乓球厅-6号,14:00-15:00,1,1,已售/已满,教学时间,多云,19,18,3,0.0,78,31
2026-05-21 11:00:44,2026-05-22,2,乒乓球厅-6号,14:00-15:00,1,1,已售/已满,教学时间,多云,21,17,5,0.0,74,31
2026-05-21 11:30:38,2026-05-22,2,乒乓球厅-6号,14:00-15:00,1,1,已售/已满,教学时间,多云,21,19,3,0.0,72,33
2026-05-21 12:00:46,2026-05-22,2,乒乓球厅-6号,14:00-15:00,1,1,已售/已满,教学时间,多云,22,19,4,0.0,70,33
2026-05-21 12:30:42,2026-05-22,2,乒乓球厅-6号,14:00-15:00,1,1,已售/已满,教学时间,多云,22,21,3,0.0,68,35
2026-05-21 13:00:43,2026-05-22,2,乒乓球厅-6号,14:00-15:00,1,1,已售/已满,教学时间,多云,24,22,4,0.0,66,35
2026-05-21 13:30:43,2026-05-22,2,乒乓球厅-6号,14:00-15:00,1,1,已售/已满,教学时间,多云,24,22,4,0.0,66,36
2026-05-21 14:00:48,2026-05-22,2,乒乓球厅-6号,14:00-15:00,1,1,已售/已满,教学时间,多云,25,23,4,0.0,66,36
2026-05-21 14:30:45,2026-05-22,2,乒乓球厅-6号,14:00-15:00,1,1,已售/已满,教学时间,晴,25,25,3,0.0,65,39
2026-05-21 15:00:45,2026-05-22,2,乒乓球厅-6号,14:00-15:00,1,1,已售/已满,教学时间,晴,25,22,4,0.0,56,39
2026-05-21 15:30:43,2026-05-22,2,乒乓球厅-6号,14:00-15:00,1,1,已售/已满,教学时间,晴,25,23,4,0.0,57,40
2026-05-21 16:00:51,2026-05-22,2,乒乓球厅-6号,14:00-15:00,1,1,已售/已满,教学时间,晴,25,23,4,0.0,57,40
2026-05-21 16:30:48,2026-05-22,2,乒乓球厅-6号,14:00-15:00,1,1,已售/已满,教学时间,晴,25,24,3,0.0,60,39
2026-05-21 17:00:49,2026-05-22,2,乒乓球厅-6号,14:00-15:00,1,1,已售/已满,教学时间,晴,25,24,4,0.0,61,39
2026-05-21 17:30:47,2026-05-22,2,乒乓球厅-6号,14:00-15:00,1,1,已售/已满,教学时间,多云,24,23,3,0.0,64,39
2026-05-21 18:00:50,2026-05-22,2,乒乓球厅-6号,14:00-15:00,1,1,已售/已满,教学时间,多云,24,23,3,0.0,68,39
2026-05-21 18:30:50,2026-05-22,2,乒乓球厅-6号,14:00-15:00,1,1,已售/已满,教学时间,阴,24,25,2,0.0,68,40
2026-05-21 19:00:50,2026-05-22,2,乒乓球厅-6号,14:00-15:00,1,1,已售/已满,教学时间,阴,23,23,3,0.0,76,40
2026-05-21 19:30:46,2026-05-22,2,乒乓球厅-6号,14:00-15:00,1,1,已售/已满,教学时间,阴,23,24,2,0.0,77,39
2026-05-21 20:00:49,2026-05-22,2,乒乓球厅-6号,14:00-15:00,1,1,已售/已满,教学时间,雾,22,23,2,0.0,89,39
2026-05-21 20:30:44,2026-05-22,2,乒乓球厅-6号,14:00-15:00,1,1,已售/已满,教学时间,雾,22,24,2,0.0,93,43
2026-05-21 21:00:56,2026-05-22,2,乒乓球厅-6号,14:00-15:00,1,1,已售/已满,教学时间,雾,20,21,2,0.0,98,43
2026-05-21 21:30:46,2026-05-22,2,乒乓球厅-6号,14:00-15:00,1,1,已售/已满,教学时间,雾,20,22,1,0.0,99,41
2026-05-21 22:01:02,2026-05-22,2,乒乓球厅-6号,14:00-15:00,1,1,已售/已满,教学时间,雾,19,20,2,0.0,93,41
2026-05-21 22:30:47,2026-05-22,2,乒乓球厅-6号,14:00-15:00,1,1,已售/已满,教学时间,雾,19,19,3,0.0,88,46
2026-05-21 23:00:56,2026-05-22,2,乒乓球厅-6号,14:00-15:00,1,1,已售/已满,教学时间,多云,18,17,3,0.0,85,46
2026-05-21 23:30:55,2026-05-22,2,乒乓球厅-6号,14:00-15:00,1,1,已售/已满,教学时间,多云,18,17,3,0.0,85,48
2026-05-21 08:00:45,2026-05-22,2,乒乓球厅-6号,15:00-16:00,1,1,已售/已满,教学时间,晴,17,12,5,0.0,86,29
2026-05-21 08:02:30,2026-05-22,2,乒乓球厅-6号,15:00-16:00,1,1,已售/已满,教学时间,多云,17,12,5,0.0,87,29
2026-05-21 08:05:36,2026-05-22,2,乒乓球厅-6号,15:00-16:00,1,1,已售/已满,教学时间,多云,17,12,5,0.0,86,29
2026-05-21 08:08:31,2026-05-22,2,乒乓球厅-6号,15:00-16:00,1,1,已售/已满,教学时间,多云,17,12,5,0.0,86,29
2026-05-21 08:11:30,2026-05-22,2,乒乓球厅-6号,15:00-16:00,1,1,已售/已满,教学时间,多云,17,12,5,0.0,86,29
2026-05-21 08:14:31,2026-05-22,2,乒乓球厅-6号,15:00-16:00,1,1,已售/已满,教学时间,多云,17,12,5,0.0,86,29
2026-05-21 08:17:30,2026-05-22,2,乒乓球厅-6号,15:00-16:00,1,1,已售/已满,教学时间,多云,17,12,5,0.0,86,29
2026-05-21 08:20:35,2026-05-22,2,乒乓球厅-6号,15:00-16:00,1,1,已售/已满,教学时间,多云,17,14,4,0.0,85,29
2026-05-21 08:25:32,2026-05-22,2,乒乓球厅-6号,15:00-16:00,1,1,已售/已满,教学时间,多云,17,14,4,0.0,85,28
2026-05-21 08:30:42,2026-05-22,2,乒乓球厅-6号,15:00-16:00,1,1,已售/已满,教学时间,多云,18,15,4,0.0,84,28
2026-05-21 08:35:31,2026-05-22,2,乒乓球厅-6号,15:00-16:00,1,1,已售/已满,教学时间,多云,18,15,4,0.0,84,28
2026-05-21 08:40:38,2026-05-22,2,乒乓球厅-6号,15:00-16:00,1,1,已售/已满,教学时间,多云,18,15,4,0.0,82,28
2026-05-21 08:45:33,2026-05-22,2,乒乓球厅-6号,15:00-16:00,1,1,已售/已满,教学时间,多云,18,15,4,0.0,82,28
2026-05-21 08:50:36,2026-05-22,2,乒乓球厅-6号,15:00-16:00,1,1,已售/已满,教学时间,多云,18,15,4,0.0,82,28
2026-05-21 08:55:34,2026-05-22,2,乒乓球厅-6号,15:00-16:00,1,1,已售/已满,教学时间,多云,18,15,4,0.0,84,28
2026-05-21 09:00:51,2026-05-22,2,乒乓球厅-6号,15:00-16:00,1,1,已售/已满,教学时间,多云,18,15,4,0.0,84,28
2026-05-21 09:01:59,2026-05-22,2,乒乓球厅-6号,15:00-16:00,1,1,已售/已满,教学时间,多云,18,15,4,0.0,83,28
2026-05-21 09:05:33,2026-05-22,2,乒乓球厅-6号,15:00-16:00,1,1,已售/已满,教学时间,多云,18,15,4,0.0,83,28
2026-05-21 09:20:38,2026-05-22,2,乒乓球厅-6号,15:00-16:00,1,1,已售/已满,教学时间,多云,18,16,3,0.0,81,28
2026-05-21 09:30:46,2026-05-22,2,乒乓球厅-6号,15:00-16:00,1,1,已售/已满,教学时间,多云,18,16,3,0.0,81,32
2026-05-21 09:40:36,2026-05-22,2,乒乓球厅-6号,15:00-16:00,1,1,已售/已满,教学时间,多云,19,17,3,0.0,79,32
2026-05-21 09:50:42,2026-05-22,2,乒乓球厅-6号,15:00-16:00,1,1,已售/已满,教学时间,多云,19,17,4,0.0,81,32
2026-05-21 10:00:46,2026-05-22,2,乒乓球厅-6号,15:00-16:00,1,1,已售/已满,教学时间,多云,19,17,4,0.0,79,32
2026-05-21 10:10:40,2026-05-22,2,乒乓球厅-6号,15:00-16:00,1,1,已售/已满,教学时间,多云,19,17,4,0.0,79,32
2026-05-21 10:20:38,2026-05-22,2,乒乓球厅-6号,15:00-16:00,1,1,已售/已满,教学时间,多云,19,17,4,0.0,79,32
2026-05-21 10:30:41,2026-05-22,2,乒乓球厅-6号,15:00-16:00,1,1,已售/已满,教学时间,多云,19,18,3,0.0,78,31
2026-05-21 11:00:44,2026-05-22,2,乒乓球厅-6号,15:00-16:00,1,1,已售/已满,教学时间,多云,21,17,5,0.0,74,31
2026-05-21 11:30:38,2026-05-22,2,乒乓球厅-6号,15:00-16:00,1,1,已售/已满,教学时间,多云,21,19,3,0.0,72,33
2026-05-21 12:00:46,2026-05-22,2,乒乓球厅-6号,15:00-16:00,1,1,已售/已满,教学时间,多云,22,19,4,0.0,70,33
2026-05-21 12:30:42,2026-05-22,2,乒乓球厅-6号,15:00-16:00,1,1,已售/已满,教学时间,多云,22,21,3,0.0,68,35
2026-05-21 13:00:43,2026-05-22,2,乒乓球厅-6号,15:00-16:00,1,1,已售/已满,教学时间,多云,24,22,4,0.0,66,35
2026-05-21 13:30:43,2026-05-22,2,乒乓球厅-6号,15:00-16:00,1,1,已售/已满,教学时间,多云,24,22,4,0.0,66,36
2026-05-21 14:00:48,2026-05-22,2,乒乓球厅-6号,15:00-16:00,1,1,已售/已满,教学时间,多云,25,23,4,0.0,66,36
2026-05-21 14:30:45,2026-05-22,2,乒乓球厅-6号,15:00-16:00,1,1,已售/已满,教学时间,晴,25,25,3,0.0,65,39
2026-05-21 15:00:45,2026-05-22,2,乒乓球厅-6号,15:00-16:00,1,1,已售/已满,教学时间,晴,25,22,4,0.0,56,39
2026-05-21 15:30:43,2026-05-22,2,乒乓球厅-6号,15:00-16:00,1,1,已售/已满,教学时间,晴,25,23,4,0.0,57,40
2026-05-21 16:00:51,2026-05-22,2,乒乓球厅-6号,15:00-16:00,1,1,已售/已满,教学时间,晴,25,23,4,0.0,57,40
2026-05-21 16:30:48,2026-05-22,2,乒乓球厅-6号,15:00-16:00,1,1,已售/已满,教学时间,晴,25,24,3,0.0,60,39
2026-05-21 17:00:49,2026-05-22,2,乒乓球厅-6号,15:00-16:00,1,1,已售/已满,教学时间,晴,25,24,4,0.0,61,39
2026-05-21 17:30:47,2026-05-22,2,乒乓球厅-6号,15:00-16:00,1,1,已售/已满,教学时间,多云,24,23,3,0.0,64,39
2026-05-21 18:00:50,2026-05-22,2,乒乓球厅-6号,15:00-16:00,1,1,已售/已满,教学时间,多云,24,23,3,0.0,68,39
2026-05-21 18:30:50,2026-05-22,2,乒乓球厅-6号,15:00-16:00,1,1,已售/已满,教学时间,阴,24,25,2,0.0,68,40
2026-05-21 19:00:50,2026-05-22,2,乒乓球厅-6号,15:00-16:00,1,1,已售/已满,教学时间,阴,23,23,3,0.0,76,40
2026-05-21 19:30:46,2026-05-22,2,乒乓球厅-6号,15:00-16:00,1,1,已售/已满,教学时间,阴,23,24,2,0.0,77,39
2026-05-21 20:00:49,2026-05-22,2,乒乓球厅-6号,15:00-16:00,1,1,已售/已满,教学时间,雾,22,23,2,0.0,89,39
2026-05-21 20:30:44,2026-05-22,2,乒乓球厅-6号,15:00-16:00,1,1,已售/已满,教学时间,雾,22,24,2,0.0,93,43
2026-05-21 21:00:56,2026-05-22,2,乒乓球厅-6号,15:00-16:00,1,1,已售/已满,教学时间,雾,20,21,2,0.0,98,43
2026-05-21 21:30:46,2026-05-22,2,乒乓球厅-6号,15:00-16:00,1,1,已售/已满,教学时间,雾,20,22,1,0.0,99,41
2026-05-21 22:01:02,2026-05-22,2,乒乓球厅-6号,15:00-16:00,1,1,已售/已满,教学时间,雾,19,20,2,0.0,93,41
2026-05-21 22:30:47,2026-05-22,2,乒乓球厅-6号,15:00-16:00,1,1,已售/已满,教学时间,雾,19,19,3,0.0,88,46
2026-05-21 23:00:56,2026-05-22,2,乒乓球厅-6号,15:00-16:00,1,1,已售/已满,教学时间,多云,18,17,3,0.0,85,46
2026-05-21 23:30:55,2026-05-22,2,乒乓球厅-6号,15:00-16:00,1,1,已售/已满,教学时间,多云,18,17,3,0.0,85,48
2026-05-21 08:00:45,2026-05-22,2,乒乓球厅-6号,16:00-17:00,0,1,可预约,￥5.0,晴,17,12,5,0.0,86,29
2026-05-21 08:02:30,2026-05-22,2,乒乓球厅-6号,16:00-17:00,0,1,可预约,￥5.0,多云,17,12,5,0.0,87,29
2026-05-21 08:05:36,2026-05-22,2,乒乓球厅-6号,16:00-17:00,0,1,可预约,￥5.0,多云,17,12,5,0.0,86,29
2026-05-21 08:08:31,2026-05-22,2,乒乓球厅-6号,16:00-17:00,0,1,可预约,￥5.0,多云,17,12,5,0.0,86,29
2026-05-21 08:11:30,2026-05-22,2,乒乓球厅-6号,16:00-17:00,0,1,可预约,￥5.0,多云,17,12,5,0.0,86,29
2026-05-21 08:14:31,2026-05-22,2,乒乓球厅-6号,16:00-17:00,0,1,可预约,￥5.0,多云,17,12,5,0.0,86,29
2026-05-21 08:17:30,2026-05-22,2,乒乓球厅-6号,16:00-17:00,0,1,可预约,￥5.0,多云,17,12,5,0.0,86,29
2026-05-21 08:20:35,2026-05-22,2,乒乓球厅-6号,16:00-17:00,0,1,可预约,￥5.0,多云,17,14,4,0.0,85,29
2026-05-21 08:25:32,2026-05-22,2,乒乓球厅-6号,16:00-17:00,0,1,可预约,￥5.0,多云,17,14,4,0.0,85,28
2026-05-21 08:30:42,2026-05-22,2,乒乓球厅-6号,16:00-17:00,0,1,可预约,￥5.0,多云,18,15,4,0.0,84,28
2026-05-21 08:35:31,2026-05-22,2,乒乓球厅-6号,16:00-17:00,0,1,可预约,￥5.0,多云,18,15,4,0.0,84,28
2026-05-21 08:40:38,2026-05-22,2,乒乓球厅-6号,16:00-17:00,0,1,可预约,￥5.0,多云,18,15,4,0.0,82,28
2026-05-21 08:45:33,2026-05-22,2,乒乓球厅-6号,16:00-17:00,0,1,可预约,￥5.0,多云,18,15,4,0.0,82,28
2026-05-21 08:50:36,2026-05-22,2,乒乓球厅-6号,16:00-17:00,0,1,可预约,￥5.0,多云,18,15,4,0.0,82,28
2026-05-21 08:55:34,2026-05-22,2,乒乓球厅-6号,16:00-17:00,0,1,可预约,￥5.0,多云,18,15,4,0.0,84,28
2026-05-21 09:00:51,2026-05-22,2,乒乓球厅-6号,16:00-17:00,0,1,可预约,￥5.0,多云,18,15,4,0.0,84,28
2026-05-21 09:01:59,2026-05-22,2,乒乓球厅-6号,16:00-17:00,0,1,可预约,￥5.0,多云,18,15,4,0.0,83,28
2026-05-21 09:05:33,2026-05-22,2,乒乓球厅-6号,16:00-17:00,0,1,可预约,￥5.0,多云,18,15,4,0.0,83,28
2026-05-21 09:20:38,2026-05-22,2,乒乓球厅-6号,16:00-17:00,0,1,可预约,￥5.0,多云,18,16,3,0.0,81,28
2026-05-21 09:30:46,2026-05-22,2,乒乓球厅-6号,16:00-17:00,0,1,可预约,￥5.0,多云,18,16,3,0.0,81,32
2026-05-21 09:40:36,2026-05-22,2,乒乓球厅-6号,16:00-17:00,0,1,可预约,￥5.0,多云,19,17,3,0.0,79,32
2026-05-21 09:50:42,2026-05-22,2,乒乓球厅-6号,16:00-17:00,0,1,可预约,￥5.0,多云,19,17,4,0.0,81,32
2026-05-21 10:00:46,2026-05-22,2,乒乓球厅-6号,16:00-17:00,0,1,可预约,￥5.0,多云,19,17,4,0.0,79,32
2026-05-21 10:10:40,2026-05-22,2,乒乓球厅-6号,16:00-17:00,0,1,可预约,￥5.0,多云,19,17,4,0.0,79,32
2026-05-21 10:20:38,2026-05-22,2,乒乓球厅-6号,16:00-17:00,0,1,可预约,￥5.0,多云,19,17,4,0.0,79,32
2026-05-21 10:30:41,2026-05-22,2,乒乓球厅-6号,16:00-17:00,0,1,可预约,￥5.0,多云,19,18,3,0.0,78,31
2026-05-21 11:00:44,2026-05-22,2,乒乓球厅-6号,16:00-17:00,0,1,可预约,￥5.0,多云,21,17,5,0.0,74,31
2026-05-21 11:30:38,2026-05-22,2,乒乓球厅-6号,16:00-17:00,0,1,可预约,￥5.0,多云,21,19,3,0.0,72,33
2026-05-21 12:00:46,2026-05-22,2,乒乓球厅-6号,16:00-17:00,0,1,可预约,￥5.0,多云,22,19,4,0.0,70,33
2026-05-21 12:30:42,2026-05-22,2,乒乓球厅-6号,16:00-17:00,0,1,可预约,￥5.0,多云,22,21,3,0.0,68,35
2026-05-21 13:00:43,2026-05-22,2,乒乓球厅-6号,16:00-17:00,0,1,可预约,￥5.0,多云,24,22,4,0.0,66,35
2026-05-21 13:30:43,2026-05-22,2,乒乓球厅-6号,16:00-17:00,0,1,可预约,￥5.0,多云,24,22,4,0.0,66,36
2026-05-21 14:00:48,2026-05-22,2,乒乓球厅-6号,16:00-17:00,0,1,可预约,￥5.0,多云,25,23,4,0.0,66,36
2026-05-21 14:30:45,2026-05-22,2,乒乓球厅-6号,16:00-17:00,0,1,可预约,￥5.0,晴,25,25,3,0.0,65,39
2026-05-21 15:00:45,2026-05-22,2,乒乓球厅-6号,16:00-17:00,0,1,可预约,￥5.0,晴,25,22,4,0.0,56,39
2026-05-21 15:30:43,2026-05-22,2,乒乓球厅-6号,16:00-17:00,0,1,可预约,￥5.0,晴,25,23,4,0.0,57,40
2026-05-21 16:00:51,2026-05-22,2,乒乓球厅-6号,16:00-17:00,0,1,可预约,￥5.0,晴,25,23,4,0.0,57,40
2026-05-21 16:30:48,2026-05-22,2,乒乓球厅-6号,16:00-17:00,0,1,可预约,￥5.0,晴,25,24,3,0.0,60,39
2026-05-21 17:00:49,2026-05-22,2,乒乓球厅-6号,16:00-17:00,0,1,可预约,￥5.0,晴,25,24,4,0.0,61,39
2026-05-21 17:30:47,2026-05-22,2,乒乓球厅-6号,16:00-17:00,0,1,可预约,￥5.0,多云,24,23,3,0.0,64,39
2026-05-21 18:00:50,2026-05-22,2,乒乓球厅-6号,16:00-17:00,0,1,可预约,￥5.0,多云,24,23,3,0.0,68,39
2026-05-21 18:30:50,2026-05-22,2,乒乓球厅-6号,16:00-17:00,0,1,可预约,￥5.0,阴,24,25,2,0.0,68,40
2026-05-21 19:00:50,2026-05-22,2,乒乓球厅-6号,16:00-17:00,0,1,可预约,￥5.0,阴,23,23,3,0.0,76,40
2026-05-21 19:30:46,2026-05-22,2,乒乓球厅-6号,16:00-17:00,0,1,可预约,￥5.0,阴,23,24,2,0.0,77,39
2026-05-21 20:00:49,2026-05-22,2,乒乓球厅-6号,16:00-17:00,0,1,可预约,￥5.0,雾,22,23,2,0.0,89,39
2026-05-21 20:30:44,2026-05-22,2,乒乓球厅-6号,16:00-17:00,0,1,可预约,￥5.0,雾,22,24,2,0.0,93,43
2026-05-21 21:00:56,2026-05-22,2,乒乓球厅-6号,16:00-17:00,0,1,可预约,￥5.0,雾,20,21,2,0.0,98,43
2026-05-21 21:30:46,2026-05-22,2,乒乓球厅-6号,16:00-17:00,0,1,可预约,￥5.0,雾,20,22,1,0.0,99,41
2026-05-21 22:01:02,2026-05-22,2,乒乓球厅-6号,16:00-17:00,0,1,可预约,￥5.0,雾,19,20,2,0.0,93,41
2026-05-21 22:30:47,2026-05-22,2,乒乓球厅-6号,16:00-17:00,0,1,可预约,￥5.0,雾,19,19,3,0.0,88,46
2026-05-21 23:00:56,2026-05-22,2,乒乓球厅-6号,16:00-17:00,0,1,可预约,￥5.0,多云,18,17,3,0.0,85,46
2026-05-21 23:30:55,2026-05-22,2,乒乓球厅-6号,16:00-17:00,0,1,可预约,￥5.0,多云,18,17,3,0.0,85,48
2026-05-21 08:00:45,2026-05-22,2,乒乓球厅-6号,17:00-18:00,0,1,可预约,￥5.0,晴,17,12,5,0.0,86,29
2026-05-21 08:02:30,2026-05-22,2,乒乓球厅-6号,17:00-18:00,0,1,可预约,￥5.0,多云,17,12,5,0.0,87,29
2026-05-21 08:05:36,2026-05-22,2,乒乓球厅-6号,17:00-18:00,0,1,可预约,￥5.0,多云,17,12,5,0.0,86,29
2026-05-21 08:08:31,2026-05-22,2,乒乓球厅-6号,17:00-18:00,0,1,可预约,￥5.0,多云,17,12,5,0.0,86,29
2026-05-21 08:11:30,2026-05-22,2,乒乓球厅-6号,17:00-18:00,0,1,可预约,￥5.0,多云,17,12,5,0.0,86,29
2026-05-21 08:14:31,2026-05-22,2,乒乓球厅-6号,17:00-18:00,0,1,可预约,￥5.0,多云,17,12,5,0.0,86,29
2026-05-21 08:17:30,2026-05-22,2,乒乓球厅-6号,17:00-18:00,0,1,可预约,￥5.0,多云,17,12,5,0.0,86,29
2026-05-21 08:20:35,2026-05-22,2,乒乓球厅-6号,17:00-18:00,0,1,可预约,￥5.0,多云,17,14,4,0.0,85,29
2026-05-21 08:25:32,2026-05-22,2,乒乓球厅-6号,17:00-18:00,0,1,可预约,￥5.0,多云,17,14,4,0.0,85,28
2026-05-21 08:30:42,2026-05-22,2,乒乓球厅-6号,17:00-18:00,0,1,可预约,￥5.0,多云,18,15,4,0.0,84,28
2026-05-21 08:35:31,2026-05-22,2,乒乓球厅-6号,17:00-18:00,0,1,可预约,￥5.0,多云,18,15,4,0.0,84,28
2026-05-21 08:40:38,2026-05-22,2,乒乓球厅-6号,17:00-18:00,0,1,可预约,￥5.0,多云,18,15,4,0.0,82,28
2026-05-21 08:45:33,2026-05-22,2,乒乓球厅-6号,17:00-18:00,0,1,可预约,￥5.0,多云,18,15,4,0.0,82,28
2026-05-21 08:50:36,2026-05-22,2,乒乓球厅-6号,17:00-18:00,0,1,可预约,￥5.0,多云,18,15,4,0.0,82,28
2026-05-21 08:55:34,2026-05-22,2,乒乓球厅-6号,17:00-18:00,0,1,可预约,￥5.0,多云,18,15,4,0.0,84,28
2026-05-21 09:00:51,2026-05-22,2,乒乓球厅-6号,17:00-18:00,0,1,可预约,￥5.0,多云,18,15,4,0.0,84,28
2026-05-21 09:01:59,2026-05-22,2,乒乓球厅-6号,17:00-18:00,0,1,可预约,￥5.0,多云,18,15,4,0.0,83,28
2026-05-21 09:05:33,2026-05-22,2,乒乓球厅-6号,17:00-18:00,0,1,可预约,￥5.0,多云,18,15,4,0.0,83,28
2026-05-21 09:20:38,2026-05-22,2,乒乓球厅-6号,17:00-18:00,0,1,可预约,￥5.0,多云,18,16,3,0.0,81,28
2026-05-21 09:30:46,2026-05-22,2,乒乓球厅-6号,17:00-18:00,0,1,可预约,￥5.0,多云,18,16,3,0.0,81,32
2026-05-21 09:40:36,2026-05-22,2,乒乓球厅-6号,17:00-18:00,0,1,可预约,￥5.0,多云,19,17,3,0.0,79,32
2026-05-21 09:50:42,2026-05-22,2,乒乓球厅-6号,17:00-18:00,0,1,可预约,￥5.0,多云,19,17,4,0.0,81,32
2026-05-21 10:00:46,2026-05-22,2,乒乓球厅-6号,17:00-18:00,0,1,可预约,￥5.0,多云,19,17,4,0.0,79,32
2026-05-21 10:10:40,2026-05-22,2,乒乓球厅-6号,17:00-18:00,0,1,可预约,￥5.0,多云,19,17,4,0.0,79,32
2026-05-21 10:20:38,2026-05-22,2,乒乓球厅-6号,17:00-18:00,0,1,可预约,￥5.0,多云,19,17,4,0.0,79,32
2026-05-21 10:30:41,2026-05-22,2,乒乓球厅-6号,17:00-18:00,0,1,可预约,￥5.0,多云,19,18,3,0.0,78,31
2026-05-21 11:00:44,2026-05-22,2,乒乓球厅-6号,17:00-18:00,0,1,可预约,￥5.0,多云,21,17,5,0.0,74,31
2026-05-21 11:30:38,2026-05-22,2,乒乓球厅-6号,17:00-18:00,0,1,可预约,￥5.0,多云,21,19,3,0.0,72,33
2026-05-21 12:00:46,2026-05-22,2,乒乓球厅-6号,17:00-18:00,0,1,可预约,￥5.0,多云,22,19,4,0.0,70,33
2026-05-21 12:30:42,2026-05-22,2,乒乓球厅-6号,17:00-18:00,0,1,可预约,￥5.0,多云,22,21,3,0.0,68,35
2026-05-21 13:00:43,2026-05-22,2,乒乓球厅-6号,17:00-18:00,0,1,可预约,￥5.0,多云,24,22,4,0.0,66,35
2026-05-21 13:30:43,2026-05-22,2,乒乓球厅-6号,17:00-18:00,0,1,可预约,￥5.0,多云,24,22,4,0.0,66,36
2026-05-21 14:00:48,2026-05-22,2,乒乓球厅-6号,17:00-18:00,0,1,可预约,￥5.0,多云,25,23,4,0.0,66,36
2026-05-21 14:30:45,2026-05-22,2,乒乓球厅-6号,17:00-18:00,0,1,可预约,￥5.0,晴,25,25,3,0.0,65,39
2026-05-21 15:00:45,2026-05-22,2,乒乓球厅-6号,17:00-18:00,0,1,可预约,￥5.0,晴,25,22,4,0.0,56,39
2026-05-21 15:30:43,2026-05-22,2,乒乓球厅-6号,17:00-18:00,0,1,可预约,￥5.0,晴,25,23,4,0.0,57,40
2026-05-21 16:00:51,2026-05-22,2,乒乓球厅-6号,17:00-18:00,0,1,可预约,￥5.0,晴,25,23,4,0.0,57,40
2026-05-21 16:30:48,2026-05-22,2,乒乓球厅-6号,17:00-18:00,0,1,可预约,￥5.0,晴,25,24,3,0.0,60,39
2026-05-21 17:00:49,2026-05-22,2,乒乓球厅-6号,17:00-18:00,0,1,可预约,￥5.0,晴,25,24,4,0.0,61,39
2026-05-21 17:30:47,2026-05-22,2,乒乓球厅-6号,17:00-18:00,0,1,可预约,￥5.0,多云,24,23,3,0.0,64,39
2026-05-21 18:00:50,2026-05-22,2,乒乓球厅-6号,17:00-18:00,0,1,可预约,￥5.0,多云,24,23,3,0.0,68,39
2026-05-21 18:30:50,2026-05-22,2,乒乓球厅-6号,17:00-18:00,0,1,可预约,￥5.0,阴,24,25,2,0.0,68,40
2026-05-21 19:00:50,2026-05-22,2,乒乓球厅-6号,17:00-18:00,0,1,可预约,￥5.0,阴,23,23,3,0.0,76,40
2026-05-21 19:30:46,2026-05-22,2,乒乓球厅-6号,17:00-18:00,0,1,可预约,￥5.0,阴,23,24,2,0.0,77,39
2026-05-21 20:00:49,2026-05-22,2,乒乓球厅-6号,17:00-18:00,0,1,可预约,￥5.0,雾,22,23,2,0.0,89,39
2026-05-21 20:30:44,2026-05-22,2,乒乓球厅-6号,17:00-18:00,0,1,可预约,￥5.0,雾,22,24,2,0.0,93,43
2026-05-21 21:00:56,2026-05-22,2,乒乓球厅-6号,17:00-18:00,0,1,可预约,￥5.0,雾,20,21,2,0.0,98,43
2026-05-21 21:30:46,2026-05-22,2,乒乓球厅-6号,17:00-18:00,0,1,可预约,￥5.0,雾,20,22,1,0.0,99,41
2026-05-21 22:01:02,2026-05-22,2,乒乓球厅-6号,17:00-18:00,0,1,可预约,￥5.0,雾,19,20,2,0.0,93,41
2026-05-21 22:30:47,2026-05-22,2,乒乓球厅-6号,17:00-18:00,0,1,可预约,￥5.0,雾,19,19,3,0.0,88,46
2026-05-21 23:00:56,2026-05-22,2,乒乓球厅-6号,17:00-18:00,0,1,可预约,￥5.0,多云,18,17,3,0.0,85,46
2026-05-21 23:30:55,2026-05-22,2,乒乓球厅-6号,17:00-18:00,0,1,可预约,￥5.0,多云,18,17,3,0.0,85,48
2026-05-21 08:00:45,2026-05-22,2,乒乓球厅-6号,18:30-19:30,0,1,可预约,￥5.0,晴,17,12,5,0.0,86,29
2026-05-21 08:02:30,2026-05-22,2,乒乓球厅-6号,18:30-19:30,0,1,可预约,￥5.0,多云,17,12,5,0.0,87,29
2026-05-21 08:05:36,2026-05-22,2,乒乓球厅-6号,18:30-19:30,0,1,可预约,￥5.0,多云,17,12,5,0.0,86,29
2026-05-21 08:08:31,2026-05-22,2,乒乓球厅-6号,18:30-19:30,0,1,可预约,￥5.0,多云,17,12,5,0.0,86,29
2026-05-21 08:11:30,2026-05-22,2,乒乓球厅-6号,18:30-19:30,0,1,可预约,￥5.0,多云,17,12,5,0.0,86,29
2026-05-21 08:14:31,2026-05-22,2,乒乓球厅-6号,18:30-19:30,0,1,可预约,￥5.0,多云,17,12,5,0.0,86,29
2026-05-21 08:17:30,2026-05-22,2,乒乓球厅-6号,18:30-19:30,0,1,可预约,￥5.0,多云,17,12,5,0.0,86,29
2026-05-21 08:20:35,2026-05-22,2,乒乓球厅-6号,18:30-19:30,0,1,可预约,￥5.0,多云,17,14,4,0.0,85,29
2026-05-21 08:25:32,2026-05-22,2,乒乓球厅-6号,18:30-19:30,0,1,可预约,￥5.0,多云,17,14,4,0.0,85,28
2026-05-21 08:30:42,2026-05-22,2,乒乓球厅-6号,18:30-19:30,0,1,可预约,￥5.0,多云,18,15,4,0.0,84,28
2026-05-21 08:35:31,2026-05-22,2,乒乓球厅-6号,18:30-19:30,0,1,可预约,￥5.0,多云,18,15,4,0.0,84,28
2026-05-21 08:40:38,2026-05-22,2,乒乓球厅-6号,18:30-19:30,0,1,可预约,￥5.0,多云,18,15,4,0.0,82,28
2026-05-21 08:45:33,2026-05-22,2,乒乓球厅-6号,18:30-19:30,0,1,可预约,￥5.0,多云,18,15,4,0.0,82,28
2026-05-21 08:50:36,2026-05-22,2,乒乓球厅-6号,18:30-19:30,0,1,可预约,￥5.0,多云,18,15,4,0.0,82,28
2026-05-21 08:55:34,2026-05-22,2,乒乓球厅-6号,18:30-19:30,0,1,可预约,￥5.0,多云,18,15,4,0.0,84,28
2026-05-21 09:00:51,2026-05-22,2,乒乓球厅-6号,18:30-19:30,0,1,可预约,￥5.0,多云,18,15,4,0.0,84,28
2026-05-21 09:01:59,2026-05-22,2,乒乓球厅-6号,18:30-19:30,0,1,可预约,￥5.0,多云,18,15,4,0.0,83,28
2026-05-21 09:05:33,2026-05-22,2,乒乓球厅-6号,18:30-19:30,0,1,可预约,￥5.0,多云,18,15,4,0.0,83,28
2026-05-21 09:20:38,2026-05-22,2,乒乓球厅-6号,18:30-19:30,0,1,可预约,￥5.0,多云,18,16,3,0.0,81,28
2026-05-21 09:30:46,2026-05-22,2,乒乓球厅-6号,18:30-19:30,0,1,可预约,￥5.0,多云,18,16,3,0.0,81,32
2026-05-21 09:40:36,2026-05-22,2,乒乓球厅-6号,18:30-19:30,0,1,可预约,￥5.0,多云,19,17,3,0.0,79,32
2026-05-21 09:50:42,2026-05-22,2,乒乓球厅-6号,18:30-19:30,0,1,可预约,￥5.0,多云,19,17,4,0.0,81,32
2026-05-21 10:00:46,2026-05-22,2,乒乓球厅-6号,18:30-19:30,0,1,可预约,￥5.0,多云,19,17,4,0.0,79,32
2026-05-21 10:10:40,2026-05-22,2,乒乓球厅-6号,18:30-19:30,0,1,可预约,￥5.0,多云,19,17,4,0.0,79,32
2026-05-21 10:20:38,2026-05-22,2,乒乓球厅-6号,18:30-19:30,0,1,可预约,￥5.0,多云,19,17,4,0.0,79,32
2026-05-21 10:30:41,2026-05-22,2,乒乓球厅-6号,18:30-19:30,0,1,可预约,￥5.0,多云,19,18,3,0.0,78,31
2026-05-21 11:00:44,2026-05-22,2,乒乓球厅-6号,18:30-19:30,0,1,可预约,￥5.0,多云,21,17,5,0.0,74,31
2026-05-21 11:30:38,2026-05-22,2,乒乓球厅-6号,18:30-19:30,0,1,可预约,￥5.0,多云,21,19,3,0.0,72,33
2026-05-21 12:00:46,2026-05-22,2,乒乓球厅-6号,18:30-19:30,0,1,可预约,￥5.0,多云,22,19,4,0.0,70,33
2026-05-21 12:30:42,2026-05-22,2,乒乓球厅-6号,18:30-19:30,0,1,可预约,￥5.0,多云,22,21,3,0.0,68,35
2026-05-21 13:00:43,2026-05-22,2,乒乓球厅-6号,18:30-19:30,0,1,可预约,￥5.0,多云,24,22,4,0.0,66,35
2026-05-21 13:30:43,2026-05-22,2,乒乓球厅-6号,18:30-19:30,0,1,可预约,￥5.0,多云,24,22,4,0.0,66,36
2026-05-21 14:00:48,2026-05-22,2,乒乓球厅-6号,18:30-19:30,0,1,可预约,￥5.0,多云,25,23,4,0.0,66,36
2026-05-21 14:30:45,2026-05-22,2,乒乓球厅-6号,18:30-19:30,0,1,可预约,￥5.0,晴,25,25,3,0.0,65,39
2026-05-21 15:00:45,2026-05-22,2,乒乓球厅-6号,18:30-19:30,0,1,可预约,￥5.0,晴,25,22,4,0.0,56,39
2026-05-21 15:30:43,2026-05-22,2,乒乓球厅-6号,18:30-19:30,0,1,可预约,￥5.0,晴,25,23,4,0.0,57,40
2026-05-21 16:00:51,2026-05-22,2,乒乓球厅-6号,18:30-19:30,0,1,可预约,￥5.0,晴,25,23,4,0.0,57,40
2026-05-21 16:30:48,2026-05-22,2,乒乓球厅-6号,18:30-19:30,0,1,可预约,￥5.0,晴,25,24,3,0.0,60,39
2026-05-21 17:00:49,2026-05-22,2,乒乓球厅-6号,18:30-19:30,0,1,可预约,￥5.0,晴,25,24,4,0.0,61,39
2026-05-21 17:30:47,2026-05-22,2,乒乓球厅-6号,18:30-19:30,0,1,可预约,￥5.0,多云,24,23,3,0.0,64,39
2026-05-21 18:00:50,2026-05-22,2,乒乓球厅-6号,18:30-19:30,0,1,可预约,￥5.0,多云,24,23,3,0.0,68,39
2026-05-21 18:30:50,2026-05-22,2,乒乓球厅-6号,18:30-19:30,0,1,可预约,￥5.0,阴,24,25,2,0.0,68,40
2026-05-21 19:00:50,2026-05-22,2,乒乓球厅-6号,18:30-19:30,0,1,可预约,￥5.0,阴,23,23,3,0.0,76,40
2026-05-21 19:30:46,2026-05-22,2,乒乓球厅-6号,18:30-19:30,0,1,可预约,￥5.0,阴,23,24,2,0.0,77,39
2026-05-21 20:00:49,2026-05-22,2,乒乓球厅-6号,18:30-19:30,0,1,可预约,￥5.0,雾,22,23,2,0.0,89,39
2026-05-21 20:30:44,2026-05-22,2,乒乓球厅-6号,18:30-19:30,0,1,可预约,￥5.0,雾,22,24,2,0.0,93,43
2026-05-21 21:00:56,2026-05-22,2,乒乓球厅-6号,18:30-19:30,0,1,可预约,￥5.0,雾,20,21,2,0.0,98,43
2026-05-21 21:30:46,2026-05-22,2,乒乓球厅-6号,18:30-19:30,0,1,可预约,￥5.0,雾,20,22,1,0.0,99,41
2026-05-21 22:01:02,2026-05-22,2,乒乓球厅-6号,18:30-19:30,0,1,可预约,￥5.0,雾,19,20,2,0.0,93,41
2026-05-21 22:30:47,2026-05-22,2,乒乓球厅-6号,18:30-19:30,0,1,可预约,￥5.0,雾,19,19,3,0.0,88,46
2026-05-21 23:00:56,2026-05-22,2,乒乓球厅-6号,18:30-19:30,0,1,可预约,￥5.0,多云,18,17,3,0.0,85,46
2026-05-21 23:30:55,2026-05-22,2,乒乓球厅-6号,18:30-19:30,0,1,可预约,￥5.0,多云,18,17,3,0.0,85,48
2026-05-21 08:00:45,2026-05-22,2,乒乓球厅-6号,19:30-20:30,0,1,可预约,￥5.0,晴,17,12,5,0.0,86,29
2026-05-21 08:02:30,2026-05-22,2,乒乓球厅-6号,19:30-20:30,0,1,可预约,￥5.0,多云,17,12,5,0.0,87,29
2026-05-21 08:05:36,2026-05-22,2,乒乓球厅-6号,19:30-20:30,0,1,可预约,￥5.0,多云,17,12,5,0.0,86,29
2026-05-21 08:08:31,2026-05-22,2,乒乓球厅-6号,19:30-20:30,0,1,可预约,￥5.0,多云,17,12,5,0.0,86,29
2026-05-21 08:11:30,2026-05-22,2,乒乓球厅-6号,19:30-20:30,0,1,可预约,￥5.0,多云,17,12,5,0.0,86,29
2026-05-21 08:14:31,2026-05-22,2,乒乓球厅-6号,19:30-20:30,0,1,可预约,￥5.0,多云,17,12,5,0.0,86,29
2026-05-21 08:17:30,2026-05-22,2,乒乓球厅-6号,19:30-20:30,0,1,可预约,￥5.0,多云,17,12,5,0.0,86,29
2026-05-21 08:20:35,2026-05-22,2,乒乓球厅-6号,19:30-20:30,0,1,可预约,￥5.0,多云,17,14,4,0.0,85,29
2026-05-21 08:25:32,2026-05-22,2,乒乓球厅-6号,19:30-20:30,0,1,可预约,￥5.0,多云,17,14,4,0.0,85,28
2026-05-21 08:30:42,2026-05-22,2,乒乓球厅-6号,19:30-20:30,0,1,可预约,￥5.0,多云,18,15,4,0.0,84,28
2026-05-21 08:35:31,2026-05-22,2,乒乓球厅-6号,19:30-20:30,0,1,可预约,￥5.0,多云,18,15,4,0.0,84,28
2026-05-21 08:40:38,2026-05-22,2,乒乓球厅-6号,19:30-20:30,0,1,可预约,￥5.0,多云,18,15,4,0.0,82,28
2026-05-21 08:45:33,2026-05-22,2,乒乓球厅-6号,19:30-20:30,0,1,可预约,￥5.0,多云,18,15,4,0.0,82,28
2026-05-21 08:50:36,2026-05-22,2,乒乓球厅-6号,19:30-20:30,0,1,可预约,￥5.0,多云,18,15,4,0.0,82,28
2026-05-21 08:55:34,2026-05-22,2,乒乓球厅-6号,19:30-20:30,0,1,可预约,￥5.0,多云,18,15,4,0.0,84,28
2026-05-21 09:00:51,2026-05-22,2,乒乓球厅-6号,19:30-20:30,0,1,可预约,￥5.0,多云,18,15,4,0.0,84,28
2026-05-21 09:01:59,2026-05-22,2,乒乓球厅-6号,19:30-20:30,0,1,可预约,￥5.0,多云,18,15,4,0.0,83,28
2026-05-21 09:05:33,2026-05-22,2,乒乓球厅-6号,19:30-20:30,0,1,可预约,￥5.0,多云,18,15,4,0.0,83,28
2026-05-21 09:20:38,2026-05-22,2,乒乓球厅-6号,19:30-20:30,0,1,可预约,￥5.0,多云,18,16,3,0.0,81,28
2026-05-21 09:30:46,2026-05-22,2,乒乓球厅-6号,19:30-20:30,0,1,可预约,￥5.0,多云,18,16,3,0.0,81,32
2026-05-21 09:40:36,2026-05-22,2,乒乓球厅-6号,19:30-20:30,0,1,可预约,￥5.0,多云,19,17,3,0.0,79,32
2026-05-21 09:50:42,2026-05-22,2,乒乓球厅-6号,19:30-20:30,0,1,可预约,￥5.0,多云,19,17,4,0.0,81,32
2026-05-21 10:00:46,2026-05-22,2,乒乓球厅-6号,19:30-20:30,0,1,可预约,￥5.0,多云,19,17,4,0.0,79,32
2026-05-21 10:10:40,2026-05-22,2,乒乓球厅-6号,19:30-20:30,0,1,可预约,￥5.0,多云,19,17,4,0.0,79,32
2026-05-21 10:20:38,2026-05-22,2,乒乓球厅-6号,19:30-20:30,0,1,可预约,￥5.0,多云,19,17,4,0.0,79,32
2026-05-21 10:30:41,2026-05-22,2,乒乓球厅-6号,19:30-20:30,0,1,可预约,￥5.0,多云,19,18,3,0.0,78,31
2026-05-21 11:00:44,2026-05-22,2,乒乓球厅-6号,19:30-20:30,0,1,可预约,￥5.0,多云,21,17,5,0.0,74,31
2026-05-21 11:30:38,2026-05-22,2,乒乓球厅-6号,19:30-20:30,0,1,可预约,￥5.0,多云,21,19,3,0.0,72,33
2026-05-21 12:00:46,2026-05-22,2,乒乓球厅-6号,19:30-20:30,0,1,可预约,￥5.0,多云,22,19,4,0.0,70,33
2026-05-21 12:30:42,2026-05-22,2,乒乓球厅-6号,19:30-20:30,0,1,可预约,￥5.0,多云,22,21,3,0.0,68,35
2026-05-21 13:00:43,2026-05-22,2,乒乓球厅-6号,19:30-20:30,0,1,可预约,￥5.0,多云,24,22,4,0.0,66,35
2026-05-21 13:30:43,2026-05-22,2,乒乓球厅-6号,19:30-20:30,0,1,可预约,￥5.0,多云,24,22,4,0.0,66,36
2026-05-21 14:00:48,2026-05-22,2,乒乓球厅-6号,19:30-20:30,0,1,可预约,￥5.0,多云,25,23,4,0.0,66,36
2026-05-21 14:30:45,2026-05-22,2,乒乓球厅-6号,19:30-20:30,0,1,可预约,￥5.0,晴,25,25,3,0.0,65,39
2026-05-21 15:00:45,2026-05-22,2,乒乓球厅-6号,19:30-20:30,0,1,可预约,￥5.0,晴,25,22,4,0.0,56,39
2026-05-21 15:30:43,2026-05-22,2,乒乓球厅-6号,19:30-20:30,0,1,可预约,￥5.0,晴,25,23,4,0.0,57,40
2026-05-21 16:00:51,2026-05-22,2,乒乓球厅-6号,19:30-20:30,0,1,可预约,￥5.0,晴,25,23,4,0.0,57,40
2026-05-21 16:30:48,2026-05-22,2,乒乓球厅-6号,19:30-20:30,0,1,可预约,￥5.0,晴,25,24,3,0.0,60,39
2026-05-21 17:00:49,2026-05-22,2,乒乓球厅-6号,19:30-20:30,0,1,可预约,￥5.0,晴,25,24,4,0.0,61,39
2026-05-21 17:30:47,2026-05-22,2,乒乓球厅-6号,19:30-20:30,0,1,可预约,￥5.0,多云,24,23,3,0.0,64,39
2026-05-21 18:00:50,2026-05-22,2,乒乓球厅-6号,19:30-20:30,0,1,可预约,￥5.0,多云,24,23,3,0.0,68,39
2026-05-21 18:30:50,2026-05-22,2,乒乓球厅-6号,19:30-20:30,0,1,可预约,￥5.0,阴,24,25,2,0.0,68,40
2026-05-21 19:00:50,2026-05-22,2,乒乓球厅-6号,19:30-20:30,0,1,可预约,￥5.0,阴,23,23,3,0.0,76,40
2026-05-21 19:30:46,2026-05-22,2,乒乓球厅-6号,19:30-20:30,0,1,可预约,￥5.0,阴,23,24,2,0.0,77,39
2026-05-21 20:00:49,2026-05-22,2,乒乓球厅-6号,19:30-20:30,0,1,可预约,￥5.0,雾,22,23,2,0.0,89,39
2026-05-21 20:30:44,2026-05-22,2,乒乓球厅-6号,19:30-20:30,0,1,可预约,￥5.0,雾,22,24,2,0.0,93,43
2026-05-21 21:00:56,2026-05-22,2,乒乓球厅-6号,19:30-20:30,0,1,可预约,￥5.0,雾,20,21,2,0.0,98,43
2026-05-21 21:30:46,2026-05-22,2,乒乓球厅-6号,19:30-20:30,0,1,可预约,￥5.0,雾,20,22,1,0.0,99,41
2026-05-21 22:01:02,2026-05-22,2,乒乓球厅-6号,19:30-20:30,0,1,可预约,￥5.0,雾,19,20,2,0.0,93,41
2026-05-21 22:30:47,2026-05-22,2,乒乓球厅-6号,19:30-20:30,0,1,可预约,￥5.0,雾,19,19,3,0.0,88,46
2026-05-21 23:00:56,2026-05-22,2,乒乓球厅-6号,19:30-20:30,0,1,可预约,￥5.0,多云,18,17,3,0.0,85,46
2026-05-21 23:30:55,2026-05-22,2,乒乓球厅-6号,19:30-20:30,0,1,可预约,￥5.0,多云,18,17,3,0.0,85,48
2026-05-21 08:00:45,2026-05-22,2,乒乓球厅-6号,20:30-21:30,0,1,可预约,￥5.0,晴,17,12,5,0.0,86,29
2026-05-21 08:02:30,2026-05-22,2,乒乓球厅-6号,20:30-21:30,0,1,可预约,￥5.0,多云,17,12,5,0.0,87,29
2026-05-21 08:05:36,2026-05-22,2,乒乓球厅-6号,20:30-21:30,0,1,可预约,￥5.0,多云,17,12,5,0.0,86,29
2026-05-21 08:08:31,2026-05-22,2,乒乓球厅-6号,20:30-21:30,0,1,可预约,￥5.0,多云,17,12,5,0.0,86,29
2026-05-21 08:11:30,2026-05-22,2,乒乓球厅-6号,20:30-21:30,0,1,可预约,￥5.0,多云,17,12,5,0.0,86,29
2026-05-21 08:14:31,2026-05-22,2,乒乓球厅-6号,20:30-21:30,0,1,可预约,￥5.0,多云,17,12,5,0.0,86,29
2026-05-21 08:17:30,2026-05-22,2,乒乓球厅-6号,20:30-21:30,0,1,可预约,￥5.0,多云,17,12,5,0.0,86,29
2026-05-21 08:20:35,2026-05-22,2,乒乓球厅-6号,20:30-21:30,0,1,可预约,￥5.0,多云,17,14,4,0.0,85,29
2026-05-21 08:25:32,2026-05-22,2,乒乓球厅-6号,20:30-21:30,0,1,可预约,￥5.0,多云,17,14,4,0.0,85,28
2026-05-21 08:30:42,2026-05-22,2,乒乓球厅-6号,20:30-21:30,0,1,可预约,￥5.0,多云,18,15,4,0.0,84,28
2026-05-21 08:35:31,2026-05-22,2,乒乓球厅-6号,20:30-21:30,0,1,可预约,￥5.0,多云,18,15,4,0.0,84,28
2026-05-21 08:40:38,2026-05-22,2,乒乓球厅-6号,20:30-21:30,0,1,可预约,￥5.0,多云,18,15,4,0.0,82,28
2026-05-21 08:45:33,2026-05-22,2,乒乓球厅-6号,20:30-21:30,0,1,可预约,￥5.0,多云,18,15,4,0.0,82,28
2026-05-21 08:50:36,2026-05-22,2,乒乓球厅-6号,20:30-21:30,0,1,可预约,￥5.0,多云,18,15,4,0.0,82,28
2026-05-21 08:55:34,2026-05-22,2,乒乓球厅-6号,20:30-21:30,0,1,可预约,￥5.0,多云,18,15,4,0.0,84,28
2026-05-21 09:00:51,2026-05-22,2,乒乓球厅-6号,20:30-21:30,0,1,可预约,￥5.0,多云,18,15,4,0.0,84,28
2026-05-21 09:01:59,2026-05-22,2,乒乓球厅-6号,20:30-21:30,0,1,可预约,￥5.0,多云,18,15,4,0.0,83,28
2026-05-21 09:05:33,2026-05-22,2,乒乓球厅-6号,20:30-21:30,0,1,可预约,￥5.0,多云,18,15,4,0.0,83,28
2026-05-21 09:20:38,2026-05-22,2,乒乓球厅-6号,20:30-21:30,0,1,可预约,￥5.0,多云,18,16,3,0.0,81,28
2026-05-21 09:30:46,2026-05-22,2,乒乓球厅-6号,20:30-21:30,0,1,可预约,￥5.0,多云,18,16,3,0.0,81,32
2026-05-21 09:40:36,2026-05-22,2,乒乓球厅-6号,20:30-21:30,0,1,可预约,￥5.0,多云,19,17,3,0.0,79,32
2026-05-21 09:50:42,2026-05-22,2,乒乓球厅-6号,20:30-21:30,0,1,可预约,￥5.0,多云,19,17,4,0.0,81,32
2026-05-21 10:00:46,2026-05-22,2,乒乓球厅-6号,20:30-21:30,0,1,可预约,￥5.0,多云,19,17,4,0.0,79,32
2026-05-21 10:10:40,2026-05-22,2,乒乓球厅-6号,20:30-21:30,0,1,可预约,￥5.0,多云,19,17,4,0.0,79,32
2026-05-21 10:20:38,2026-05-22,2,乒乓球厅-6号,20:30-21:30,0,1,可预约,￥5.0,多云,19,17,4,0.0,79,32
2026-05-21 10:30:41,2026-05-22,2,乒乓球厅-6号,20:30-21:30,0,1,可预约,￥5.0,多云,19,18,3,0.0,78,31
2026-05-21 11:00:44,2026-05-22,2,乒乓球厅-6号,20:30-21:30,0,1,可预约,￥5.0,多云,21,17,5,0.0,74,31
2026-05-21 11:30:38,2026-05-22,2,乒乓球厅-6号,20:30-21:30,0,1,可预约,￥5.0,多云,21,19,3,0.0,72,33
2026-05-21 12:00:46,2026-05-22,2,乒乓球厅-6号,20:30-21:30,0,1,可预约,￥5.0,多云,22,19,4,0.0,70,33
2026-05-21 12:30:42,2026-05-22,2,乒乓球厅-6号,20:30-21:30,0,1,可预约,￥5.0,多云,22,21,3,0.0,68,35
2026-05-21 13:00:43,2026-05-22,2,乒乓球厅-6号,20:30-21:30,0,1,可预约,￥5.0,多云,24,22,4,0.0,66,35
2026-05-21 13:30:43,2026-05-22,2,乒乓球厅-6号,20:30-21:30,0,1,可预约,￥5.0,多云,24,22,4,0.0,66,36
2026-05-21 14:00:48,2026-05-22,2,乒乓球厅-6号,20:30-21:30,0,1,可预约,￥5.0,多云,25,23,4,0.0,66,36
2026-05-21 14:30:45,2026-05-22,2,乒乓球厅-6号,20:30-21:30,0,1,可预约,￥5.0,晴,25,25,3,0.0,65,39
2026-05-21 15:00:45,2026-05-22,2,乒乓球厅-6号,20:30-21:30,0,1,可预约,￥5.0,晴,25,22,4,0.0,56,39
2026-05-21 15:30:43,2026-05-22,2,乒乓球厅-6号,20:30-21:30,0,1,可预约,￥5.0,晴,25,23,4,0.0,57,40
2026-05-21 16:00:51,2026-05-22,2,乒乓球厅-6号,20:30-21:30,0,1,可预约,￥5.0,晴,25,23,4,0.0,57,40
2026-05-21 16:30:48,2026-05-22,2,乒乓球厅-6号,20:30-21:30,0,1,可预约,￥5.0,晴,25,24,3,0.0,60,39
2026-05-21 17:00:49,2026-05-22,2,乒乓球厅-6号,20:30-21:30,0,1,可预约,￥5.0,晴,25,24,4,0.0,61,39
2026-05-21 17:30:47,2026-05-22,2,乒乓球厅-6号,20:30-21:30,0,1,可预约,￥5.0,多云,24,23,3,0.0,64,39
2026-05-21 18:00:50,2026-05-22,2,乒乓球厅-6号,20:30-21:30,0,1,可预约,￥5.0,多云,24,23,3,0.0,68,39
2026-05-21 18:30:50,2026-05-22,2,乒乓球厅-6号,20:30-21:30,0,1,可预约,￥5.0,阴,24,25,2,0.0,68,40
2026-05-21 19:00:50,2026-05-22,2,乒乓球厅-6号,20:30-21:30,0,1,可预约,￥5.0,阴,23,23,3,0.0,76,40
2026-05-21 19:30:46,2026-05-22,2,乒乓球厅-6号,20:30-21:30,0,1,可预约,￥5.0,阴,23,24,2,0.0,77,39
2026-05-21 20:00:49,2026-05-22,2,乒乓球厅-6号,20:30-21:30,0,1,可预约,￥5.0,雾,22,23,2,0.0,89,39
2026-05-21 20:30:44,2026-05-22,2,乒乓球厅-6号,20:30-21:30,0,1,可预约,￥5.0,雾,22,24,2,0.0,93,43
2026-05-21 21:00:56,2026-05-22,2,乒乓球厅-6号,20:30-21:30,0,1,可预约,￥5.0,雾,20,21,2,0.0,98,43
2026-05-21 21:30:46,2026-05-22,2,乒乓球厅-6号,20:30-21:30,0,1,可预约,￥5.0,雾,20,22,1,0.0,99,41
2026-05-21 22:01:02,2026-05-22,2,乒乓球厅-6号,20:30-21:30,0,1,可预约,￥5.0,雾,19,20,2,0.0,93,41
2026-05-21 22:30:47,2026-05-22,2,乒乓球厅-6号,20:30-21:30,0,1,可预约,￥5.0,雾,19,19,3,0.0,88,46
2026-05-21 23:00:56,2026-05-22,2,乒乓球厅-6号,20:30-21:30,0,1,可预约,￥5.0,多云,18,17,3,0.0,85,46
2026-05-21 23:30:55,2026-05-22,2,乒乓球厅-6号,20:30-21:30,0,1,可预约,￥5.0,多云,18,17,3,0.0,85,48
2026-05-21 08:00:45,2026-05-22,2,乒乓球厅-7号,07:00-08:00,0,1,可预约,￥0.0,晴,17,12,5,0.0,86,29
2026-05-21 08:02:30,2026-05-22,2,乒乓球厅-7号,07:00-08:00,0,1,可预约,￥0.0,多云,17,12,5,0.0,87,29
2026-05-21 08:05:36,2026-05-22,2,乒乓球厅-7号,07:00-08:00,0,1,可预约,￥0.0,多云,17,12,5,0.0,86,29
2026-05-21 08:08:31,2026-05-22,2,乒乓球厅-7号,07:00-08:00,0,1,可预约,￥0.0,多云,17,12,5,0.0,86,29
2026-05-21 08:11:30,2026-05-22,2,乒乓球厅-7号,07:00-08:00,0,1,可预约,￥0.0,多云,17,12,5,0.0,86,29
2026-05-21 08:14:31,2026-05-22,2,乒乓球厅-7号,07:00-08:00,0,1,可预约,￥0.0,多云,17,12,5,0.0,86,29
2026-05-21 08:17:30,2026-05-22,2,乒乓球厅-7号,07:00-08:00,0,1,可预约,￥0.0,多云,17,12,5,0.0,86,29
2026-05-21 08:20:35,2026-05-22,2,乒乓球厅-7号,07:00-08:00,0,1,可预约,￥0.0,多云,17,14,4,0.0,85,29
2026-05-21 08:25:32,2026-05-22,2,乒乓球厅-7号,07:00-08:00,0,1,可预约,￥0.0,多云,17,14,4,0.0,85,28
2026-05-21 08:30:42,2026-05-22,2,乒乓球厅-7号,07:00-08:00,0,1,可预约,￥0.0,多云,18,15,4,0.0,84,28
2026-05-21 08:35:31,2026-05-22,2,乒乓球厅-7号,07:00-08:00,0,1,可预约,￥0.0,多云,18,15,4,0.0,84,28
2026-05-21 08:40:38,2026-05-22,2,乒乓球厅-7号,07:00-08:00,0,1,可预约,￥0.0,多云,18,15,4,0.0,82,28
2026-05-21 08:45:33,2026-05-22,2,乒乓球厅-7号,07:00-08:00,0,1,可预约,￥0.0,多云,18,15,4,0.0,82,28
2026-05-21 08:50:36,2026-05-22,2,乒乓球厅-7号,07:00-08:00,0,1,可预约,￥0.0,多云,18,15,4,0.0,82,28
2026-05-21 08:55:34,2026-05-22,2,乒乓球厅-7号,07:00-08:00,0,1,可预约,￥0.0,多云,18,15,4,0.0,84,28
2026-05-21 09:00:51,2026-05-22,2,乒乓球厅-7号,07:00-08:00,0,1,可预约,￥0.0,多云,18,15,4,0.0,84,28
2026-05-21 09:01:59,2026-05-22,2,乒乓球厅-7号,07:00-08:00,0,1,可预约,￥0.0,多云,18,15,4,0.0,83,28
2026-05-21 09:05:33,2026-05-22,2,乒乓球厅-7号,07:00-08:00,0,1,可预约,￥0.0,多云,18,15,4,0.0,83,28
2026-05-21 09:20:38,2026-05-22,2,乒乓球厅-7号,07:00-08:00,0,1,可预约,￥0.0,多云,18,16,3,0.0,81,28
2026-05-21 09:30:46,2026-05-22,2,乒乓球厅-7号,07:00-08:00,0,1,可预约,￥0.0,多云,18,16,3,0.0,81,32
2026-05-21 09:40:36,2026-05-22,2,乒乓球厅-7号,07:00-08:00,0,1,可预约,￥0.0,多云,19,17,3,0.0,79,32
2026-05-21 09:50:42,2026-05-22,2,乒乓球厅-7号,07:00-08:00,0,1,可预约,￥0.0,多云,19,17,4,0.0,81,32
2026-05-21 10:00:46,2026-05-22,2,乒乓球厅-7号,07:00-08:00,0,1,可预约,￥0.0,多云,19,17,4,0.0,79,32
2026-05-21 10:10:40,2026-05-22,2,乒乓球厅-7号,07:00-08:00,0,1,可预约,￥0.0,多云,19,17,4,0.0,79,32
2026-05-21 10:20:38,2026-05-22,2,乒乓球厅-7号,07:00-08:00,0,1,可预约,￥0.0,多云,19,17,4,0.0,79,32
2026-05-21 10:30:41,2026-05-22,2,乒乓球厅-7号,07:00-08:00,0,1,可预约,￥0.0,多云,19,18,3,0.0,78,31
2026-05-21 11:00:44,2026-05-22,2,乒乓球厅-7号,07:00-08:00,0,1,可预约,￥0.0,多云,21,17,5,0.0,74,31
2026-05-21 11:30:38,2026-05-22,2,乒乓球厅-7号,07:00-08:00,0,1,可预约,￥0.0,多云,21,19,3,0.0,72,33
2026-05-21 12:00:46,2026-05-22,2,乒乓球厅-7号,07:00-08:00,0,1,可预约,￥0.0,多云,22,19,4,0.0,70,33
2026-05-21 12:30:42,2026-05-22,2,乒乓球厅-7号,07:00-08:00,0,1,可预约,￥0.0,多云,22,21,3,0.0,68,35
2026-05-21 13:00:43,2026-05-22,2,乒乓球厅-7号,07:00-08:00,0,1,可预约,￥0.0,多云,24,22,4,0.0,66,35
2026-05-21 13:30:43,2026-05-22,2,乒乓球厅-7号,07:00-08:00,0,1,可预约,￥0.0,多云,24,22,4,0.0,66,36
2026-05-21 14:00:48,2026-05-22,2,乒乓球厅-7号,07:00-08:00,0,1,可预约,￥0.0,多云,25,23,4,0.0,66,36
2026-05-21 14:30:45,2026-05-22,2,乒乓球厅-7号,07:00-08:00,0,1,可预约,￥0.0,晴,25,25,3,0.0,65,39
2026-05-21 15:00:45,2026-05-22,2,乒乓球厅-7号,07:00-08:00,0,1,可预约,￥0.0,晴,25,22,4,0.0,56,39
2026-05-21 15:30:43,2026-05-22,2,乒乓球厅-7号,07:00-08:00,0,1,可预约,￥0.0,晴,25,23,4,0.0,57,40
2026-05-21 16:00:51,2026-05-22,2,乒乓球厅-7号,07:00-08:00,0,1,可预约,￥0.0,晴,25,23,4,0.0,57,40
2026-05-21 16:30:48,2026-05-22,2,乒乓球厅-7号,07:00-08:00,0,1,可预约,￥0.0,晴,25,24,3,0.0,60,39
2026-05-21 17:00:49,2026-05-22,2,乒乓球厅-7号,07:00-08:00,0,1,可预约,￥0.0,晴,25,24,4,0.0,61,39
2026-05-21 17:30:47,2026-05-22,2,乒乓球厅-7号,07:00-08:00,0,1,可预约,￥0.0,多云,24,23,3,0.0,64,39
2026-05-21 18:00:50,2026-05-22,2,乒乓球厅-7号,07:00-08:00,0,1,可预约,￥0.0,多云,24,23,3,0.0,68,39
2026-05-21 18:30:50,2026-05-22,2,乒乓球厅-7号,07:00-08:00,0,1,可预约,￥0.0,阴,24,25,2,0.0,68,40
2026-05-21 19:00:50,2026-05-22,2,乒乓球厅-7号,07:00-08:00,0,1,可预约,￥0.0,阴,23,23,3,0.0,76,40
2026-05-21 19:30:46,2026-05-22,2,乒乓球厅-7号,07:00-08:00,0,1,可预约,￥0.0,阴,23,24,2,0.0,77,39
2026-05-21 20:00:49,2026-05-22,2,乒乓球厅-7号,07:00-08:00,0,1,可预约,￥0.0,雾,22,23,2,0.0,89,39
2026-05-21 20:30:44,2026-05-22,2,乒乓球厅-7号,07:00-08:00,0,1,可预约,￥0.0,雾,22,24,2,0.0,93,43
2026-05-21 21:00:56,2026-05-22,2,乒乓球厅-7号,07:00-08:00,0,1,可预约,￥0.0,雾,20,21,2,0.0,98,43
2026-05-21 21:30:46,2026-05-22,2,乒乓球厅-7号,07:00-08:00,0,1,可预约,￥0.0,雾,20,22,1,0.0,99,41
2026-05-21 22:01:02,2026-05-22,2,乒乓球厅-7号,07:00-08:00,0,1,可预约,￥0.0,雾,19,20,2,0.0,93,41
2026-05-21 22:30:47,2026-05-22,2,乒乓球厅-7号,07:00-08:00,0,1,可预约,￥0.0,雾,19,19,3,0.0,88,46
2026-05-21 23:00:56,2026-05-22,2,乒乓球厅-7号,07:00-08:00,0,1,可预约,￥0.0,多云,18,17,3,0.0,85,46
2026-05-21 23:30:55,2026-05-22,2,乒乓球厅-7号,07:00-08:00,0,1,可预约,￥0.0,多云,18,17,3,0.0,85,48
2026-05-21 08:00:45,2026-05-22,2,乒乓球厅-7号,08:00-09:00,0,1,可预约,￥0.0,晴,17,12,5,0.0,86,29
2026-05-21 08:02:30,2026-05-22,2,乒乓球厅-7号,08:00-09:00,0,1,可预约,￥0.0,多云,17,12,5,0.0,87,29
2026-05-21 08:05:36,2026-05-22,2,乒乓球厅-7号,08:00-09:00,0,1,可预约,￥0.0,多云,17,12,5,0.0,86,29
2026-05-21 08:08:31,2026-05-22,2,乒乓球厅-7号,08:00-09:00,0,1,可预约,￥0.0,多云,17,12,5,0.0,86,29
2026-05-21 08:11:30,2026-05-22,2,乒乓球厅-7号,08:00-09:00,0,1,可预约,￥0.0,多云,17,12,5,0.0,86,29
2026-05-21 08:14:31,2026-05-22,2,乒乓球厅-7号,08:00-09:00,0,1,可预约,￥0.0,多云,17,12,5,0.0,86,29
2026-05-21 08:17:30,2026-05-22,2,乒乓球厅-7号,08:00-09:00,0,1,可预约,￥0.0,多云,17,12,5,0.0,86,29
2026-05-21 08:20:35,2026-05-22,2,乒乓球厅-7号,08:00-09:00,0,1,可预约,￥0.0,多云,17,14,4,0.0,85,29
2026-05-21 08:25:32,2026-05-22,2,乒乓球厅-7号,08:00-09:00,0,1,可预约,￥0.0,多云,17,14,4,0.0,85,28
2026-05-21 08:30:42,2026-05-22,2,乒乓球厅-7号,08:00-09:00,0,1,可预约,￥0.0,多云,18,15,4,0.0,84,28
2026-05-21 08:35:31,2026-05-22,2,乒乓球厅-7号,08:00-09:00,0,1,可预约,￥0.0,多云,18,15,4,0.0,84,28
2026-05-21 08:40:38,2026-05-22,2,乒乓球厅-7号,08:00-09:00,0,1,可预约,￥0.0,多云,18,15,4,0.0,82,28
2026-05-21 08:45:33,2026-05-22,2,乒乓球厅-7号,08:00-09:00,0,1,可预约,￥0.0,多云,18,15,4,0.0,82,28
2026-05-21 08:50:36,2026-05-22,2,乒乓球厅-7号,08:00-09:00,0,1,可预约,￥0.0,多云,18,15,4,0.0,82,28
2026-05-21 08:55:34,2026-05-22,2,乒乓球厅-7号,08:00-09:00,0,1,可预约,￥0.0,多云,18,15,4,0.0,84,28
2026-05-21 09:00:51,2026-05-22,2,乒乓球厅-7号,08:00-09:00,0,1,可预约,￥0.0,多云,18,15,4,0.0,84,28
2026-05-21 09:01:59,2026-05-22,2,乒乓球厅-7号,08:00-09:00,0,1,可预约,￥0.0,多云,18,15,4,0.0,83,28
2026-05-21 09:05:33,2026-05-22,2,乒乓球厅-7号,08:00-09:00,0,1,可预约,￥0.0,多云,18,15,4,0.0,83,28
2026-05-21 09:20:38,2026-05-22,2,乒乓球厅-7号,08:00-09:00,0,1,可预约,￥0.0,多云,18,16,3,0.0,81,28
2026-05-21 09:30:46,2026-05-22,2,乒乓球厅-7号,08:00-09:00,0,1,可预约,￥0.0,多云,18,16,3,0.0,81,32
2026-05-21 09:40:36,2026-05-22,2,乒乓球厅-7号,08:00-09:00,0,1,可预约,￥0.0,多云,19,17,3,0.0,79,32
2026-05-21 09:50:42,2026-05-22,2,乒乓球厅-7号,08:00-09:00,0,1,可预约,￥0.0,多云,19,17,4,0.0,81,32
2026-05-21 10:00:46,2026-05-22,2,乒乓球厅-7号,08:00-09:00,0,1,可预约,￥0.0,多云,19,17,4,0.0,79,32
2026-05-21 10:10:40,2026-05-22,2,乒乓球厅-7号,08:00-09:00,0,1,可预约,￥0.0,多云,19,17,4,0.0,79,32
2026-05-21 10:20:38,2026-05-22,2,乒乓球厅-7号,08:00-09:00,0,1,可预约,￥0.0,多云,19,17,4,0.0,79,32
2026-05-21 10:30:41,2026-05-22,2,乒乓球厅-7号,08:00-09:00,0,1,可预约,￥0.0,多云,19,18,3,0.0,78,31
2026-05-21 11:00:44,2026-05-22,2,乒乓球厅-7号,08:00-09:00,0,1,可预约,￥0.0,多云,21,17,5,0.0,74,31
2026-05-21 11:30:38,2026-05-22,2,乒乓球厅-7号,08:00-09:00,0,1,可预约,￥0.0,多云,21,19,3,0.0,72,33
2026-05-21 12:00:46,2026-05-22,2,乒乓球厅-7号,08:00-09:00,0,1,可预约,￥0.0,多云,22,19,4,0.0,70,33
2026-05-21 12:30:42,2026-05-22,2,乒乓球厅-7号,08:00-09:00,0,1,可预约,￥0.0,多云,22,21,3,0.0,68,35
2026-05-21 13:00:43,2026-05-22,2,乒乓球厅-7号,08:00-09:00,0,1,可预约,￥0.0,多云,24,22,4,0.0,66,35
2026-05-21 13:30:43,2026-05-22,2,乒乓球厅-7号,08:00-09:00,0,1,可预约,￥0.0,多云,24,22,4,0.0,66,36
2026-05-21 14:00:48,2026-05-22,2,乒乓球厅-7号,08:00-09:00,0,1,可预约,￥0.0,多云,25,23,4,0.0,66,36
2026-05-21 14:30:45,2026-05-22,2,乒乓球厅-7号,08:00-09:00,0,1,可预约,￥0.0,晴,25,25,3,0.0,65,39
2026-05-21 15:00:45,2026-05-22,2,乒乓球厅-7号,08:00-09:00,0,1,可预约,￥0.0,晴,25,22,4,0.0,56,39
2026-05-21 15:30:43,2026-05-22,2,乒乓球厅-7号,08:00-09:00,0,1,可预约,￥0.0,晴,25,23,4,0.0,57,40
2026-05-21 16:00:51,2026-05-22,2,乒乓球厅-7号,08:00-09:00,0,1,可预约,￥0.0,晴,25,23,4,0.0,57,40
2026-05-21 16:30:48,2026-05-22,2,乒乓球厅-7号,08:00-09:00,0,1,可预约,￥0.0,晴,25,24,3,0.0,60,39
2026-05-21 17:00:49,2026-05-22,2,乒乓球厅-7号,08:00-09:00,0,1,可预约,￥0.0,晴,25,24,4,0.0,61,39
2026-05-21 17:30:47,2026-05-22,2,乒乓球厅-7号,08:00-09:00,0,1,可预约,￥0.0,多云,24,23,3,0.0,64,39
2026-05-21 18:00:50,2026-05-22,2,乒乓球厅-7号,08:00-09:00,0,1,可预约,￥0.0,多云,24,23,3,0.0,68,39
2026-05-21 18:30:50,2026-05-22,2,乒乓球厅-7号,08:00-09:00,0,1,可预约,￥0.0,阴,24,25,2,0.0,68,40
2026-05-21 19:00:50,2026-05-22,2,乒乓球厅-7号,08:00-09:00,0,1,可预约,￥0.0,阴,23,23,3,0.0,76,40
2026-05-21 19:30:46,2026-05-22,2,乒乓球厅-7号,08:00-09:00,0,1,可预约,￥0.0,阴,23,24,2,0.0,77,39
2026-05-21 20:00:49,2026-05-22,2,乒乓球厅-7号,08:00-09:00,0,1,可预约,￥0.0,雾,22,23,2,0.0,89,39
2026-05-21 20:30:44,2026-05-22,2,乒乓球厅-7号,08:00-09:00,0,1,可预约,￥0.0,雾,22,24,2,0.0,93,43
2026-05-21 21:00:56,2026-05-22,2,乒乓球厅-7号,08:00-09:00,0,1,可预约,￥0.0,雾,20,21,2,0.0,98,43
2026-05-21 21:30:46,2026-05-22,2,乒乓球厅-7号,08:00-09:00,0,1,可预约,￥0.0,雾,20,22,1,0.0,99,41
2026-05-21 22:01:02,2026-05-22,2,乒乓球厅-7号,08:00-09:00,0,1,可预约,￥0.0,雾,19,20,2,0.0,93,41
2026-05-21 22:30:47,2026-05-22,2,乒乓球厅-7号,08:00-09:00,0,1,可预约,￥0.0,雾,19,19,3,0.0,88,46
2026-05-21 23:00:56,2026-05-22,2,乒乓球厅-7号,08:00-09:00,0,1,可预约,￥0.0,多云,18,17,3,0.0,85,46
2026-05-21 23:30:55,2026-05-22,2,乒乓球厅-7号,08:00-09:00,0,1,可预约,￥0.0,多云,18,17,3,0.0,85,48
2026-05-21 08:00:45,2026-05-22,2,乒乓球厅-7号,09:00-10:00,0,1,可预约,￥5.0,晴,17,12,5,0.0,86,29
2026-05-21 08:02:30,2026-05-22,2,乒乓球厅-7号,09:00-10:00,0,1,可预约,￥5.0,多云,17,12,5,0.0,87,29
2026-05-21 08:05:36,2026-05-22,2,乒乓球厅-7号,09:00-10:00,0,1,可预约,￥5.0,多云,17,12,5,0.0,86,29
2026-05-21 08:08:31,2026-05-22,2,乒乓球厅-7号,09:00-10:00,0,1,可预约,￥5.0,多云,17,12,5,0.0,86,29
2026-05-21 08:11:30,2026-05-22,2,乒乓球厅-7号,09:00-10:00,0,1,可预约,￥5.0,多云,17,12,5,0.0,86,29
2026-05-21 08:14:31,2026-05-22,2,乒乓球厅-7号,09:00-10:00,0,1,可预约,￥5.0,多云,17,12,5,0.0,86,29
2026-05-21 08:17:30,2026-05-22,2,乒乓球厅-7号,09:00-10:00,0,1,可预约,￥5.0,多云,17,12,5,0.0,86,29
2026-05-21 08:20:35,2026-05-22,2,乒乓球厅-7号,09:00-10:00,0,1,可预约,￥5.0,多云,17,14,4,0.0,85,29
2026-05-21 08:25:32,2026-05-22,2,乒乓球厅-7号,09:00-10:00,0,1,可预约,￥5.0,多云,17,14,4,0.0,85,28
2026-05-21 08:30:42,2026-05-22,2,乒乓球厅-7号,09:00-10:00,0,1,可预约,￥5.0,多云,18,15,4,0.0,84,28
2026-05-21 08:35:31,2026-05-22,2,乒乓球厅-7号,09:00-10:00,0,1,可预约,￥5.0,多云,18,15,4,0.0,84,28
2026-05-21 08:40:38,2026-05-22,2,乒乓球厅-7号,09:00-10:00,0,1,可预约,￥5.0,多云,18,15,4,0.0,82,28
2026-05-21 08:45:33,2026-05-22,2,乒乓球厅-7号,09:00-10:00,0,1,可预约,￥5.0,多云,18,15,4,0.0,82,28
2026-05-21 08:50:36,2026-05-22,2,乒乓球厅-7号,09:00-10:00,0,1,可预约,￥5.0,多云,18,15,4,0.0,82,28
2026-05-21 08:55:34,2026-05-22,2,乒乓球厅-7号,09:00-10:00,0,1,可预约,￥5.0,多云,18,15,4,0.0,84,28
2026-05-21 09:00:51,2026-05-22,2,乒乓球厅-7号,09:00-10:00,0,1,可预约,￥5.0,多云,18,15,4,0.0,84,28
2026-05-21 09:01:59,2026-05-22,2,乒乓球厅-7号,09:00-10:00,0,1,可预约,￥5.0,多云,18,15,4,0.0,83,28
2026-05-21 09:05:33,2026-05-22,2,乒乓球厅-7号,09:00-10:00,0,1,可预约,￥5.0,多云,18,15,4,0.0,83,28
2026-05-21 09:20:38,2026-05-22,2,乒乓球厅-7号,09:00-10:00,0,1,可预约,￥5.0,多云,18,16,3,0.0,81,28
2026-05-21 09:30:46,2026-05-22,2,乒乓球厅-7号,09:00-10:00,0,1,可预约,￥5.0,多云,18,16,3,0.0,81,32
2026-05-21 09:40:36,2026-05-22,2,乒乓球厅-7号,09:00-10:00,0,1,可预约,￥5.0,多云,19,17,3,0.0,79,32
2026-05-21 09:50:42,2026-05-22,2,乒乓球厅-7号,09:00-10:00,0,1,可预约,￥5.0,多云,19,17,4,0.0,81,32
2026-05-21 10:00:46,2026-05-22,2,乒乓球厅-7号,09:00-10:00,0,1,可预约,￥5.0,多云,19,17,4,0.0,79,32
2026-05-21 10:10:40,2026-05-22,2,乒乓球厅-7号,09:00-10:00,0,1,可预约,￥5.0,多云,19,17,4,0.0,79,32
2026-05-21 10:20:38,2026-05-22,2,乒乓球厅-7号,09:00-10:00,0,1,可预约,￥5.0,多云,19,17,4,0.0,79,32
2026-05-21 10:30:41,2026-05-22,2,乒乓球厅-7号,09:00-10:00,0,1,可预约,￥5.0,多云,19,18,3,0.0,78,31
2026-05-21 11:00:44,2026-05-22,2,乒乓球厅-7号,09:00-10:00,0,1,可预约,￥5.0,多云,21,17,5,0.0,74,31
2026-05-21 11:30:38,2026-05-22,2,乒乓球厅-7号,09:00-10:00,0,1,可预约,￥5.0,多云,21,19,3,0.0,72,33
2026-05-21 12:00:46,2026-05-22,2,乒乓球厅-7号,09:00-10:00,0,1,可预约,￥5.0,多云,22,19,4,0.0,70,33
2026-05-21 12:30:42,2026-05-22,2,乒乓球厅-7号,09:00-10:00,0,1,可预约,￥5.0,多云,22,21,3,0.0,68,35
2026-05-21 13:00:43,2026-05-22,2,乒乓球厅-7号,09:00-10:00,0,1,可预约,￥5.0,多云,24,22,4,0.0,66,35
2026-05-21 13:30:43,2026-05-22,2,乒乓球厅-7号,09:00-10:00,0,1,可预约,￥5.0,多云,24,22,4,0.0,66,36
2026-05-21 14:00:48,2026-05-22,2,乒乓球厅-7号,09:00-10:00,0,1,可预约,￥5.0,多云,25,23,4,0.0,66,36
2026-05-21 14:30:45,2026-05-22,2,乒乓球厅-7号,09:00-10:00,0,1,可预约,￥5.0,晴,25,25,3,0.0,65,39
2026-05-21 15:00:45,2026-05-22,2,乒乓球厅-7号,09:00-10:00,0,1,可预约,￥5.0,晴,25,22,4,0.0,56,39
2026-05-21 15:30:43,2026-05-22,2,乒乓球厅-7号,09:00-10:00,0,1,可预约,￥5.0,晴,25,23,4,0.0,57,40
2026-05-21 16:00:51,2026-05-22,2,乒乓球厅-7号,09:00-10:00,0,1,可预约,￥5.0,晴,25,23,4,0.0,57,40
2026-05-21 16:30:48,2026-05-22,2,乒乓球厅-7号,09:00-10:00,0,1,可预约,￥5.0,晴,25,24,3,0.0,60,39
2026-05-21 17:00:49,2026-05-22,2,乒乓球厅-7号,09:00-10:00,0,1,可预约,￥5.0,晴,25,24,4,0.0,61,39
2026-05-21 17:30:47,2026-05-22,2,乒乓球厅-7号,09:00-10:00,0,1,可预约,￥5.0,多云,24,23,3,0.0,64,39
2026-05-21 18:00:50,2026-05-22,2,乒乓球厅-7号,09:00-10:00,0,1,可预约,￥5.0,多云,24,23,3,0.0,68,39
2026-05-21 18:30:50,2026-05-22,2,乒乓球厅-7号,09:00-10:00,0,1,可预约,￥5.0,阴,24,25,2,0.0,68,40
2026-05-21 19:00:50,2026-05-22,2,乒乓球厅-7号,09:00-10:00,0,1,可预约,￥5.0,阴,23,23,3,0.0,76,40
2026-05-21 19:30:46,2026-05-22,2,乒乓球厅-7号,09:00-10:00,0,1,可预约,￥5.0,阴,23,24,2,0.0,77,39
2026-05-21 20:00:49,2026-05-22,2,乒乓球厅-7号,09:00-10:00,0,1,可预约,￥5.0,雾,22,23,2,0.0,89,39
2026-05-21 20:30:44,2026-05-22,2,乒乓球厅-7号,09:00-10:00,0,1,可预约,￥5.0,雾,22,24,2,0.0,93,43
2026-05-21 21:00:56,2026-05-22,2,乒乓球厅-7号,09:00-10:00,0,1,可预约,￥5.0,雾,20,21,2,0.0,98,43
2026-05-21 21:30:46,2026-05-22,2,乒乓球厅-7号,09:00-10:00,0,1,可预约,￥5.0,雾,20,22,1,0.0,99,41
2026-05-21 22:01:02,2026-05-22,2,乒乓球厅-7号,09:00-10:00,0,1,可预约,￥5.0,雾,19,20,2,0.0,93,41
2026-05-21 22:30:47,2026-05-22,2,乒乓球厅-7号,09:00-10:00,0,1,可预约,￥5.0,雾,19,19,3,0.0,88,46
2026-05-21 23:00:56,2026-05-22,2,乒乓球厅-7号,09:00-10:00,0,1,可预约,￥5.0,多云,18,17,3,0.0,85,46
2026-05-21 23:30:55,2026-05-22,2,乒乓球厅-7号,09:00-10:00,0,1,可预约,￥5.0,多云,18,17,3,0.0,85,48
2026-05-21 08:00:45,2026-05-22,2,乒乓球厅-7号,10:00-11:00,0,1,可预约,￥5.0,晴,17,12,5,0.0,86,29
2026-05-21 08:02:30,2026-05-22,2,乒乓球厅-7号,10:00-11:00,0,1,可预约,￥5.0,多云,17,12,5,0.0,87,29
2026-05-21 08:05:36,2026-05-22,2,乒乓球厅-7号,10:00-11:00,0,1,可预约,￥5.0,多云,17,12,5,0.0,86,29
2026-05-21 08:08:31,2026-05-22,2,乒乓球厅-7号,10:00-11:00,0,1,可预约,￥5.0,多云,17,12,5,0.0,86,29
2026-05-21 08:11:30,2026-05-22,2,乒乓球厅-7号,10:00-11:00,0,1,可预约,￥5.0,多云,17,12,5,0.0,86,29
2026-05-21 08:14:31,2026-05-22,2,乒乓球厅-7号,10:00-11:00,0,1,可预约,￥5.0,多云,17,12,5,0.0,86,29
2026-05-21 08:17:30,2026-05-22,2,乒乓球厅-7号,10:00-11:00,0,1,可预约,￥5.0,多云,17,12,5,0.0,86,29
2026-05-21 08:20:35,2026-05-22,2,乒乓球厅-7号,10:00-11:00,0,1,可预约,￥5.0,多云,17,14,4,0.0,85,29
2026-05-21 08:25:32,2026-05-22,2,乒乓球厅-7号,10:00-11:00,0,1,可预约,￥5.0,多云,17,14,4,0.0,85,28
2026-05-21 08:30:42,2026-05-22,2,乒乓球厅-7号,10:00-11:00,0,1,可预约,￥5.0,多云,18,15,4,0.0,84,28
2026-05-21 08:35:31,2026-05-22,2,乒乓球厅-7号,10:00-11:00,0,1,可预约,￥5.0,多云,18,15,4,0.0,84,28
2026-05-21 08:40:38,2026-05-22,2,乒乓球厅-7号,10:00-11:00,0,1,可预约,￥5.0,多云,18,15,4,0.0,82,28
2026-05-21 08:45:33,2026-05-22,2,乒乓球厅-7号,10:00-11:00,0,1,可预约,￥5.0,多云,18,15,4,0.0,82,28
2026-05-21 08:50:36,2026-05-22,2,乒乓球厅-7号,10:00-11:00,0,1,可预约,￥5.0,多云,18,15,4,0.0,82,28
2026-05-21 08:55:34,2026-05-22,2,乒乓球厅-7号,10:00-11:00,0,1,可预约,￥5.0,多云,18,15,4,0.0,84,28
2026-05-21 09:00:51,2026-05-22,2,乒乓球厅-7号,10:00-11:00,0,1,可预约,￥5.0,多云,18,15,4,0.0,84,28
2026-05-21 09:01:59,2026-05-22,2,乒乓球厅-7号,10:00-11:00,0,1,可预约,￥5.0,多云,18,15,4,0.0,83,28
2026-05-21 09:05:33,2026-05-22,2,乒乓球厅-7号,10:00-11:00,0,1,可预约,￥5.0,多云,18,15,4,0.0,83,28
2026-05-21 09:20:38,2026-05-22,2,乒乓球厅-7号,10:00-11:00,0,1,可预约,￥5.0,多云,18,16,3,0.0,81,28
2026-05-21 09:30:46,2026-05-22,2,乒乓球厅-7号,10:00-11:00,0,1,可预约,￥5.0,多云,18,16,3,0.0,81,32
2026-05-21 09:40:36,2026-05-22,2,乒乓球厅-7号,10:00-11:00,0,1,可预约,￥5.0,多云,19,17,3,0.0,79,32
2026-05-21 09:50:42,2026-05-22,2,乒乓球厅-7号,10:00-11:00,0,1,可预约,￥5.0,多云,19,17,4,0.0,81,32
2026-05-21 10:00:46,2026-05-22,2,乒乓球厅-7号,10:00-11:00,0,1,可预约,￥5.0,多云,19,17,4,0.0,79,32
2026-05-21 10:10:40,2026-05-22,2,乒乓球厅-7号,10:00-11:00,0,1,可预约,￥5.0,多云,19,17,4,0.0,79,32
2026-05-21 10:20:38,2026-05-22,2,乒乓球厅-7号,10:00-11:00,0,1,可预约,￥5.0,多云,19,17,4,0.0,79,32
2026-05-21 10:30:41,2026-05-22,2,乒乓球厅-7号,10:00-11:00,0,1,可预约,￥5.0,多云,19,18,3,0.0,78,31
2026-05-21 11:00:44,2026-05-22,2,乒乓球厅-7号,10:00-11:00,0,1,可预约,￥5.0,多云,21,17,5,0.0,74,31
2026-05-21 11:30:38,2026-05-22,2,乒乓球厅-7号,10:00-11:00,0,1,可预约,￥5.0,多云,21,19,3,0.0,72,33
2026-05-21 12:00:46,2026-05-22,2,乒乓球厅-7号,10:00-11:00,0,1,可预约,￥5.0,多云,22,19,4,0.0,70,33
2026-05-21 12:30:42,2026-05-22,2,乒乓球厅-7号,10:00-11:00,0,1,可预约,￥5.0,多云,22,21,3,0.0,68,35
2026-05-21 13:00:43,2026-05-22,2,乒乓球厅-7号,10:00-11:00,0,1,可预约,￥5.0,多云,24,22,4,0.0,66,35
2026-05-21 13:30:43,2026-05-22,2,乒乓球厅-7号,10:00-11:00,0,1,可预约,￥5.0,多云,24,22,4,0.0,66,36
2026-05-21 14:00:48,2026-05-22,2,乒乓球厅-7号,10:00-11:00,0,1,可预约,￥5.0,多云,25,23,4,0.0,66,36
2026-05-21 14:30:45,2026-05-22,2,乒乓球厅-7号,10:00-11:00,0,1,可预约,￥5.0,晴,25,25,3,0.0,65,39
2026-05-21 15:00:45,2026-05-22,2,乒乓球厅-7号,10:00-11:00,0,1,可预约,￥5.0,晴,25,22,4,0.0,56,39
2026-05-21 15:30:43,2026-05-22,2,乒乓球厅-7号,10:00-11:00,0,1,可预约,￥5.0,晴,25,23,4,0.0,57,40
2026-05-21 16:00:51,2026-05-22,2,乒乓球厅-7号,10:00-11:00,0,1,可预约,￥5.0,晴,25,23,4,0.0,57,40
2026-05-21 16:30:48,2026-05-22,2,乒乓球厅-7号,10:00-11:00,0,1,可预约,￥5.0,晴,25,24,3,0.0,60,39
2026-05-21 17:00:49,2026-05-22,2,乒乓球厅-7号,10:00-11:00,0,1,可预约,￥5.0,晴,25,24,4,0.0,61,39
2026-05-21 17:30:47,2026-05-22,2,乒乓球厅-7号,10:00-11:00,0,1,可预约,￥5.0,多云,24,23,3,0.0,64,39
2026-05-21 18:00:50,2026-05-22,2,乒乓球厅-7号,10:00-11:00,0,1,可预约,￥5.0,多云,24,23,3,0.0,68,39
2026-05-21 18:30:50,2026-05-22,2,乒乓球厅-7号,10:00-11:00,0,1,可预约,￥5.0,阴,24,25,2,0.0,68,40
2026-05-21 19:00:50,2026-05-22,2,乒乓球厅-7号,10:00-11:00,0,1,可预约,￥5.0,阴,23,23,3,0.0,76,40
2026-05-21 19:30:46,2026-05-22,2,乒乓球厅-7号,10:00-11:00,0,1,可预约,￥5.0,阴,23,24,2,0.0,77,39
2026-05-21 20:00:49,2026-05-22,2,乒乓球厅-7号,10:00-11:00,0,1,可预约,￥5.0,雾,22,23,2,0.0,89,39
2026-05-21 20:30:44,2026-05-22,2,乒乓球厅-7号,10:00-11:00,0,1,可预约,￥5.0,雾,22,24,2,0.0,93,43
2026-05-21 21:00:56,2026-05-22,2,乒乓球厅-7号,10:00-11:00,0,1,可预约,￥5.0,雾,20,21,2,0.0,98,43
2026-05-21 21:30:46,2026-05-22,2,乒乓球厅-7号,10:00-11:00,0,1,可预约,￥5.0,雾,20,22,1,0.0,99,41
2026-05-21 22:01:02,2026-05-22,2,乒乓球厅-7号,10:00-11:00,0,1,可预约,￥5.0,雾,19,20,2,0.0,93,41
2026-05-21 22:30:47,2026-05-22,2,乒乓球厅-7号,10:00-11:00,0,1,可预约,￥5.0,雾,19,19,3,0.0,88,46
2026-05-21 23:00:56,2026-05-22,2,乒乓球厅-7号,10:00-11:00,0,1,可预约,￥5.0,多云,18,17,3,0.0,85,46
2026-05-21 23:30:55,2026-05-22,2,乒乓球厅-7号,10:00-11:00,0,1,可预约,￥5.0,多云,18,17,3,0.0,85,48
2026-05-21 08:00:45,2026-05-22,2,乒乓球厅-7号,11:00-12:00,0,1,可预约,￥5.0,晴,17,12,5,0.0,86,29
2026-05-21 08:02:30,2026-05-22,2,乒乓球厅-7号,11:00-12:00,0,1,可预约,￥5.0,多云,17,12,5,0.0,87,29
2026-05-21 08:05:36,2026-05-22,2,乒乓球厅-7号,11:00-12:00,0,1,可预约,￥5.0,多云,17,12,5,0.0,86,29
2026-05-21 08:08:31,2026-05-22,2,乒乓球厅-7号,11:00-12:00,0,1,可预约,￥5.0,多云,17,12,5,0.0,86,29
2026-05-21 08:11:30,2026-05-22,2,乒乓球厅-7号,11:00-12:00,0,1,可预约,￥5.0,多云,17,12,5,0.0,86,29
2026-05-21 08:14:31,2026-05-22,2,乒乓球厅-7号,11:00-12:00,0,1,可预约,￥5.0,多云,17,12,5,0.0,86,29
2026-05-21 08:17:30,2026-05-22,2,乒乓球厅-7号,11:00-12:00,0,1,可预约,￥5.0,多云,17,12,5,0.0,86,29
2026-05-21 08:20:35,2026-05-22,2,乒乓球厅-7号,11:00-12:00,0,1,可预约,￥5.0,多云,17,14,4,0.0,85,29
2026-05-21 08:25:32,2026-05-22,2,乒乓球厅-7号,11:00-12:00,0,1,可预约,￥5.0,多云,17,14,4,0.0,85,28
2026-05-21 08:30:42,2026-05-22,2,乒乓球厅-7号,11:00-12:00,0,1,可预约,￥5.0,多云,18,15,4,0.0,84,28
2026-05-21 08:35:31,2026-05-22,2,乒乓球厅-7号,11:00-12:00,0,1,可预约,￥5.0,多云,18,15,4,0.0,84,28
2026-05-21 08:40:38,2026-05-22,2,乒乓球厅-7号,11:00-12:00,0,1,可预约,￥5.0,多云,18,15,4,0.0,82,28
2026-05-21 08:45:33,2026-05-22,2,乒乓球厅-7号,11:00-12:00,0,1,可预约,￥5.0,多云,18,15,4,0.0,82,28
2026-05-21 08:50:36,2026-05-22,2,乒乓球厅-7号,11:00-12:00,0,1,可预约,￥5.0,多云,18,15,4,0.0,82,28
2026-05-21 08:55:34,2026-05-22,2,乒乓球厅-7号,11:00-12:00,0,1,可预约,￥5.0,多云,18,15,4,0.0,84,28
2026-05-21 09:00:51,2026-05-22,2,乒乓球厅-7号,11:00-12:00,0,1,可预约,￥5.0,多云,18,15,4,0.0,84,28
2026-05-21 09:01:59,2026-05-22,2,乒乓球厅-7号,11:00-12:00,0,1,可预约,￥5.0,多云,18,15,4,0.0,83,28
2026-05-21 09:05:33,2026-05-22,2,乒乓球厅-7号,11:00-12:00,0,1,可预约,￥5.0,多云,18,15,4,0.0,83,28
2026-05-21 09:20:38,2026-05-22,2,乒乓球厅-7号,11:00-12:00,0,1,可预约,￥5.0,多云,18,16,3,0.0,81,28
2026-05-21 09:30:46,2026-05-22,2,乒乓球厅-7号,11:00-12:00,0,1,可预约,￥5.0,多云,18,16,3,0.0,81,32
2026-05-21 09:40:36,2026-05-22,2,乒乓球厅-7号,11:00-12:00,0,1,可预约,￥5.0,多云,19,17,3,0.0,79,32
2026-05-21 09:50:42,2026-05-22,2,乒乓球厅-7号,11:00-12:00,0,1,可预约,￥5.0,多云,19,17,4,0.0,81,32
2026-05-21 10:00:46,2026-05-22,2,乒乓球厅-7号,11:00-12:00,0,1,可预约,￥5.0,多云,19,17,4,0.0,79,32
2026-05-21 10:10:40,2026-05-22,2,乒乓球厅-7号,11:00-12:00,0,1,可预约,￥5.0,多云,19,17,4,0.0,79,32
2026-05-21 10:20:38,2026-05-22,2,乒乓球厅-7号,11:00-12:00,0,1,可预约,￥5.0,多云,19,17,4,0.0,79,32
2026-05-21 10:30:41,2026-05-22,2,乒乓球厅-7号,11:00-12:00,0,1,可预约,￥5.0,多云,19,18,3,0.0,78,31
2026-05-21 11:00:44,2026-05-22,2,乒乓球厅-7号,11:00-12:00,0,1,可预约,￥5.0,多云,21,17,5,0.0,74,31
2026-05-21 11:30:38,2026-05-22,2,乒乓球厅-7号,11:00-12:00,0,1,可预约,￥5.0,多云,21,19,3,0.0,72,33
2026-05-21 12:00:46,2026-05-22,2,乒乓球厅-7号,11:00-12:00,0,1,可预约,￥5.0,多云,22,19,4,0.0,70,33
2026-05-21 12:30:42,2026-05-22,2,乒乓球厅-7号,11:00-12:00,0,1,可预约,￥5.0,多云,22,21,3,0.0,68,35
2026-05-21 13:00:43,2026-05-22,2,乒乓球厅-7号,11:00-12:00,0,1,可预约,￥5.0,多云,24,22,4,0.0,66,35
2026-05-21 13:30:43,2026-05-22,2,乒乓球厅-7号,11:00-12:00,0,1,可预约,￥5.0,多云,24,22,4,0.0,66,36
2026-05-21 14:00:48,2026-05-22,2,乒乓球厅-7号,11:00-12:00,0,1,可预约,￥5.0,多云,25,23,4,0.0,66,36
2026-05-21 14:30:45,2026-05-22,2,乒乓球厅-7号,11:00-12:00,0,1,可预约,￥5.0,晴,25,25,3,0.0,65,39
2026-05-21 15:00:45,2026-05-22,2,乒乓球厅-7号,11:00-12:00,0,1,可预约,￥5.0,晴,25,22,4,0.0,56,39
2026-05-21 15:30:43,2026-05-22,2,乒乓球厅-7号,11:00-12:00,0,1,可预约,￥5.0,晴,25,23,4,0.0,57,40
2026-05-21 16:00:51,2026-05-22,2,乒乓球厅-7号,11:00-12:00,0,1,可预约,￥5.0,晴,25,23,4,0.0,57,40
2026-05-21 16:30:48,2026-05-22,2,乒乓球厅-7号,11:00-12:00,0,1,可预约,￥5.0,晴,25,24,3,0.0,60,39
2026-05-21 17:00:49,2026-05-22,2,乒乓球厅-7号,11:00-12:00,0,1,可预约,￥5.0,晴,25,24,4,0.0,61,39
2026-05-21 17:30:47,2026-05-22,2,乒乓球厅-7号,11:00-12:00,0,1,可预约,￥5.0,多云,24,23,3,0.0,64,39
2026-05-21 18:00:50,2026-05-22,2,乒乓球厅-7号,11:00-12:00,0,1,可预约,￥5.0,多云,24,23,3,0.0,68,39
2026-05-21 18:30:50,2026-05-22,2,乒乓球厅-7号,11:00-12:00,0,1,可预约,￥5.0,阴,24,25,2,0.0,68,40
2026-05-21 19:00:50,2026-05-22,2,乒乓球厅-7号,11:00-12:00,0,1,可预约,￥5.0,阴,23,23,3,0.0,76,40
2026-05-21 19:30:46,2026-05-22,2,乒乓球厅-7号,11:00-12:00,0,1,可预约,￥5.0,阴,23,24,2,0.0,77,39
2026-05-21 20:00:49,2026-05-22,2,乒乓球厅-7号,11:00-12:00,0,1,可预约,￥5.0,雾,22,23,2,0.0,89,39
2026-05-21 20:30:44,2026-05-22,2,乒乓球厅-7号,11:00-12:00,0,1,可预约,￥5.0,雾,22,24,2,0.0,93,43
2026-05-21 21:00:56,2026-05-22,2,乒乓球厅-7号,11:00-12:00,0,1,可预约,￥5.0,雾,20,21,2,0.0,98,43
2026-05-21 21:30:46,2026-05-22,2,乒乓球厅-7号,11:00-12:00,0,1,可预约,￥5.0,雾,20,22,1,0.0,99,41
2026-05-21 22:01:02,2026-05-22,2,乒乓球厅-7号,11:00-12:00,0,1,可预约,￥5.0,雾,19,20,2,0.0,93,41
2026-05-21 22:30:47,2026-05-22,2,乒乓球厅-7号,11:00-12:00,0,1,可预约,￥5.0,雾,19,19,3,0.0,88,46
2026-05-21 23:00:56,2026-05-22,2,乒乓球厅-7号,11:00-12:00,0,1,可预约,￥5.0,多云,18,17,3,0.0,85,46
2026-05-21 23:30:55,2026-05-22,2,乒乓球厅-7号,11:00-12:00,0,1,可预约,￥5.0,多云,18,17,3,0.0,85,48
2026-05-21 08:00:45,2026-05-22,2,乒乓球厅-7号,12:00-12:55,0,1,可预约,￥0.0,晴,17,12,5,0.0,86,29
2026-05-21 08:02:30,2026-05-22,2,乒乓球厅-7号,12:00-12:55,0,1,可预约,￥0.0,多云,17,12,5,0.0,87,29
2026-05-21 08:05:36,2026-05-22,2,乒乓球厅-7号,12:00-12:55,0,1,可预约,￥0.0,多云,17,12,5,0.0,86,29
2026-05-21 08:08:31,2026-05-22,2,乒乓球厅-7号,12:00-12:55,0,1,可预约,￥0.0,多云,17,12,5,0.0,86,29
2026-05-21 08:11:30,2026-05-22,2,乒乓球厅-7号,12:00-12:55,0,1,可预约,￥0.0,多云,17,12,5,0.0,86,29
2026-05-21 08:14:31,2026-05-22,2,乒乓球厅-7号,12:00-12:55,0,1,可预约,￥0.0,多云,17,12,5,0.0,86,29
2026-05-21 08:17:30,2026-05-22,2,乒乓球厅-7号,12:00-12:55,0,1,可预约,￥0.0,多云,17,12,5,0.0,86,29
2026-05-21 08:20:35,2026-05-22,2,乒乓球厅-7号,12:00-12:55,0,1,可预约,￥0.0,多云,17,14,4,0.0,85,29
2026-05-21 08:25:32,2026-05-22,2,乒乓球厅-7号,12:00-12:55,0,1,可预约,￥0.0,多云,17,14,4,0.0,85,28
2026-05-21 08:30:42,2026-05-22,2,乒乓球厅-7号,12:00-12:55,0,1,可预约,￥0.0,多云,18,15,4,0.0,84,28
2026-05-21 08:35:31,2026-05-22,2,乒乓球厅-7号,12:00-12:55,0,1,可预约,￥0.0,多云,18,15,4,0.0,84,28
2026-05-21 08:40:38,2026-05-22,2,乒乓球厅-7号,12:00-12:55,0,1,可预约,￥0.0,多云,18,15,4,0.0,82,28
2026-05-21 08:45:33,2026-05-22,2,乒乓球厅-7号,12:00-12:55,0,1,可预约,￥0.0,多云,18,15,4,0.0,82,28
2026-05-21 08:50:36,2026-05-22,2,乒乓球厅-7号,12:00-12:55,0,1,可预约,￥0.0,多云,18,15,4,0.0,82,28
2026-05-21 08:55:34,2026-05-22,2,乒乓球厅-7号,12:00-12:55,0,1,可预约,￥0.0,多云,18,15,4,0.0,84,28
2026-05-21 09:00:51,2026-05-22,2,乒乓球厅-7号,12:00-12:55,0,1,可预约,￥0.0,多云,18,15,4,0.0,84,28
2026-05-21 09:01:59,2026-05-22,2,乒乓球厅-7号,12:00-12:55,0,1,可预约,￥0.0,多云,18,15,4,0.0,83,28
2026-05-21 09:05:33,2026-05-22,2,乒乓球厅-7号,12:00-12:55,0,1,可预约,￥0.0,多云,18,15,4,0.0,83,28
2026-05-21 09:20:38,2026-05-22,2,乒乓球厅-7号,12:00-12:55,0,1,可预约,￥0.0,多云,18,16,3,0.0,81,28
2026-05-21 09:30:46,2026-05-22,2,乒乓球厅-7号,12:00-12:55,0,1,可预约,￥0.0,多云,18,16,3,0.0,81,32
2026-05-21 09:40:36,2026-05-22,2,乒乓球厅-7号,12:00-12:55,0,1,可预约,￥0.0,多云,19,17,3,0.0,79,32
2026-05-21 09:50:42,2026-05-22,2,乒乓球厅-7号,12:00-12:55,0,1,可预约,￥0.0,多云,19,17,4,0.0,81,32
2026-05-21 10:00:46,2026-05-22,2,乒乓球厅-7号,12:00-12:55,0,1,可预约,￥0.0,多云,19,17,4,0.0,79,32
2026-05-21 10:10:40,2026-05-22,2,乒乓球厅-7号,12:00-12:55,0,1,可预约,￥0.0,多云,19,17,4,0.0,79,32
2026-05-21 10:20:38,2026-05-22,2,乒乓球厅-7号,12:00-12:55,0,1,可预约,￥0.0,多云,19,17,4,0.0,79,32
2026-05-21 10:30:41,2026-05-22,2,乒乓球厅-7号,12:00-12:55,0,1,可预约,￥0.0,多云,19,18,3,0.0,78,31
2026-05-21 11:00:44,2026-05-22,2,乒乓球厅-7号,12:00-12:55,0,1,可预约,￥0.0,多云,21,17,5,0.0,74,31
2026-05-21 11:30:38,2026-05-22,2,乒乓球厅-7号,12:00-12:55,0,1,可预约,￥0.0,多云,21,19,3,0.0,72,33
2026-05-21 12:00:46,2026-05-22,2,乒乓球厅-7号,12:00-12:55,0,1,可预约,￥0.0,多云,22,19,4,0.0,70,33
2026-05-21 12:30:42,2026-05-22,2,乒乓球厅-7号,12:00-12:55,0,1,可预约,￥0.0,多云,22,21,3,0.0,68,35
2026-05-21 13:00:43,2026-05-22,2,乒乓球厅-7号,12:00-12:55,0,1,可预约,￥0.0,多云,24,22,4,0.0,66,35
2026-05-21 13:30:43,2026-05-22,2,乒乓球厅-7号,12:00-12:55,0,1,可预约,￥0.0,多云,24,22,4,0.0,66,36
2026-05-21 14:00:48,2026-05-22,2,乒乓球厅-7号,12:00-12:55,0,1,可预约,￥0.0,多云,25,23,4,0.0,66,36
2026-05-21 14:30:45,2026-05-22,2,乒乓球厅-7号,12:00-12:55,0,1,可预约,￥0.0,晴,25,25,3,0.0,65,39
2026-05-21 15:00:45,2026-05-22,2,乒乓球厅-7号,12:00-12:55,0,1,可预约,￥0.0,晴,25,22,4,0.0,56,39
2026-05-21 15:30:43,2026-05-22,2,乒乓球厅-7号,12:00-12:55,0,1,可预约,￥0.0,晴,25,23,4,0.0,57,40
2026-05-21 16:00:51,2026-05-22,2,乒乓球厅-7号,12:00-12:55,0,1,可预约,￥0.0,晴,25,23,4,0.0,57,40
2026-05-21 16:30:48,2026-05-22,2,乒乓球厅-7号,12:00-12:55,0,1,可预约,￥0.0,晴,25,24,3,0.0,60,39
2026-05-21 17:00:49,2026-05-22,2,乒乓球厅-7号,12:00-12:55,0,1,可预约,￥0.0,晴,25,24,4,0.0,61,39
2026-05-21 17:30:47,2026-05-22,2,乒乓球厅-7号,12:00-12:55,0,1,可预约,￥0.0,多云,24,23,3,0.0,64,39
2026-05-21 18:00:50,2026-05-22,2,乒乓球厅-7号,12:00-12:55,0,1,可预约,￥0.0,多云,24,23,3,0.0,68,39
2026-05-21 18:30:50,2026-05-22,2,乒乓球厅-7号,12:00-12:55,0,1,可预约,￥0.0,阴,24,25,2,0.0,68,40
2026-05-21 19:00:50,2026-05-22,2,乒乓球厅-7号,12:00-12:55,0,1,可预约,￥0.0,阴,23,23,3,0.0,76,40
2026-05-21 19:30:46,2026-05-22,2,乒乓球厅-7号,12:00-12:55,0,1,可预约,￥0.0,阴,23,24,2,0.0,77,39
2026-05-21 20:00:49,2026-05-22,2,乒乓球厅-7号,12:00-12:55,0,1,可预约,￥0.0,雾,22,23,2,0.0,89,39
2026-05-21 20:30:44,2026-05-22,2,乒乓球厅-7号,12:00-12:55,0,1,可预约,￥0.0,雾,22,24,2,0.0,93,43
2026-05-21 21:00:56,2026-05-22,2,乒乓球厅-7号,12:00-12:55,0,1,可预约,￥0.0,雾,20,21,2,0.0,98,43
2026-05-21 21:30:46,2026-05-22,2,乒乓球厅-7号,12:00-12:55,0,1,可预约,￥0.0,雾,20,22,1,0.0,99,41
2026-05-21 22:01:02,2026-05-22,2,乒乓球厅-7号,12:00-12:55,0,1,可预约,￥0.0,雾,19,20,2,0.0,93,41
2026-05-21 22:30:47,2026-05-22,2,乒乓球厅-7号,12:00-12:55,0,1,可预约,￥0.0,雾,19,19,3,0.0,88,46
2026-05-21 23:00:56,2026-05-22,2,乒乓球厅-7号,12:00-12:55,0,1,可预约,￥0.0,多云,18,17,3,0.0,85,46
2026-05-21 23:30:55,2026-05-22,2,乒乓球厅-7号,12:00-12:55,0,1,可预约,￥0.0,多云,18,17,3,0.0,85,48
2026-05-21 08:00:45,2026-05-22,2,乒乓球厅-7号,12:55-13:50,0,1,可预约,￥0.0,晴,17,12,5,0.0,86,29
2026-05-21 08:02:30,2026-05-22,2,乒乓球厅-7号,12:55-13:50,0,1,可预约,￥0.0,多云,17,12,5,0.0,87,29
2026-05-21 08:05:36,2026-05-22,2,乒乓球厅-7号,12:55-13:50,0,1,可预约,￥0.0,多云,17,12,5,0.0,86,29
2026-05-21 08:08:31,2026-05-22,2,乒乓球厅-7号,12:55-13:50,0,1,可预约,￥0.0,多云,17,12,5,0.0,86,29
2026-05-21 08:11:30,2026-05-22,2,乒乓球厅-7号,12:55-13:50,0,1,可预约,￥0.0,多云,17,12,5,0.0,86,29
2026-05-21 08:14:31,2026-05-22,2,乒乓球厅-7号,12:55-13:50,0,1,可预约,￥0.0,多云,17,12,5,0.0,86,29
2026-05-21 08:17:30,2026-05-22,2,乒乓球厅-7号,12:55-13:50,0,1,可预约,￥0.0,多云,17,12,5,0.0,86,29
2026-05-21 08:20:35,2026-05-22,2,乒乓球厅-7号,12:55-13:50,0,1,可预约,￥0.0,多云,17,14,4,0.0,85,29
2026-05-21 08:25:32,2026-05-22,2,乒乓球厅-7号,12:55-13:50,0,1,可预约,￥0.0,多云,17,14,4,0.0,85,28
2026-05-21 08:30:42,2026-05-22,2,乒乓球厅-7号,12:55-13:50,0,1,可预约,￥0.0,多云,18,15,4,0.0,84,28
2026-05-21 08:35:31,2026-05-22,2,乒乓球厅-7号,12:55-13:50,0,1,可预约,￥0.0,多云,18,15,4,0.0,84,28
2026-05-21 08:40:38,2026-05-22,2,乒乓球厅-7号,12:55-13:50,0,1,可预约,￥0.0,多云,18,15,4,0.0,82,28
2026-05-21 08:45:33,2026-05-22,2,乒乓球厅-7号,12:55-13:50,0,1,可预约,￥0.0,多云,18,15,4,0.0,82,28
2026-05-21 08:50:36,2026-05-22,2,乒乓球厅-7号,12:55-13:50,0,1,可预约,￥0.0,多云,18,15,4,0.0,82,28
2026-05-21 08:55:34,2026-05-22,2,乒乓球厅-7号,12:55-13:50,0,1,可预约,￥0.0,多云,18,15,4,0.0,84,28
2026-05-21 09:00:51,2026-05-22,2,乒乓球厅-7号,12:55-13:50,0,1,可预约,￥0.0,多云,18,15,4,0.0,84,28
2026-05-21 09:01:59,2026-05-22,2,乒乓球厅-7号,12:55-13:50,0,1,可预约,￥0.0,多云,18,15,4,0.0,83,28
2026-05-21 09:05:33,2026-05-22,2,乒乓球厅-7号,12:55-13:50,0,1,可预约,￥0.0,多云,18,15,4,0.0,83,28
2026-05-21 09:20:38,2026-05-22,2,乒乓球厅-7号,12:55-13:50,0,1,可预约,￥0.0,多云,18,16,3,0.0,81,28
2026-05-21 09:30:46,2026-05-22,2,乒乓球厅-7号,12:55-13:50,0,1,可预约,￥0.0,多云,18,16,3,0.0,81,32
2026-05-21 09:40:36,2026-05-22,2,乒乓球厅-7号,12:55-13:50,0,1,可预约,￥0.0,多云,19,17,3,0.0,79,32
2026-05-21 09:50:42,2026-05-22,2,乒乓球厅-7号,12:55-13:50,0,1,可预约,￥0.0,多云,19,17,4,0.0,81,32
2026-05-21 10:00:46,2026-05-22,2,乒乓球厅-7号,12:55-13:50,0,1,可预约,￥0.0,多云,19,17,4,0.0,79,32
2026-05-21 10:10:40,2026-05-22,2,乒乓球厅-7号,12:55-13:50,0,1,可预约,￥0.0,多云,19,17,4,0.0,79,32
2026-05-21 10:20:38,2026-05-22,2,乒乓球厅-7号,12:55-13:50,0,1,可预约,￥0.0,多云,19,17,4,0.0,79,32
2026-05-21 10:30:41,2026-05-22,2,乒乓球厅-7号,12:55-13:50,0,1,可预约,￥0.0,多云,19,18,3,0.0,78,31
2026-05-21 11:00:44,2026-05-22,2,乒乓球厅-7号,12:55-13:50,0,1,可预约,￥0.0,多云,21,17,5,0.0,74,31
2026-05-21 11:30:38,2026-05-22,2,乒乓球厅-7号,12:55-13:50,0,1,可预约,￥0.0,多云,21,19,3,0.0,72,33
2026-05-21 12:00:46,2026-05-22,2,乒乓球厅-7号,12:55-13:50,0,1,可预约,￥0.0,多云,22,19,4,0.0,70,33
2026-05-21 12:30:42,2026-05-22,2,乒乓球厅-7号,12:55-13:50,0,1,可预约,￥0.0,多云,22,21,3,0.0,68,35
2026-05-21 13:00:43,2026-05-22,2,乒乓球厅-7号,12:55-13:50,0,1,可预约,￥0.0,多云,24,22,4,0.0,66,35
2026-05-21 13:30:43,2026-05-22,2,乒乓球厅-7号,12:55-13:50,0,1,可预约,￥0.0,多云,24,22,4,0.0,66,36
2026-05-21 14:00:48,2026-05-22,2,乒乓球厅-7号,12:55-13:50,0,1,可预约,￥0.0,多云,25,23,4,0.0,66,36
2026-05-21 14:30:45,2026-05-22,2,乒乓球厅-7号,12:55-13:50,0,1,可预约,￥0.0,晴,25,25,3,0.0,65,39
2026-05-21 15:00:45,2026-05-22,2,乒乓球厅-7号,12:55-13:50,0,1,可预约,￥0.0,晴,25,22,4,0.0,56,39
2026-05-21 15:30:43,2026-05-22,2,乒乓球厅-7号,12:55-13:50,0,1,可预约,￥0.0,晴,25,23,4,0.0,57,40
2026-05-21 16:00:51,2026-05-22,2,乒乓球厅-7号,12:55-13:50,0,1,可预约,￥0.0,晴,25,23,4,0.0,57,40
2026-05-21 16:30:48,2026-05-22,2,乒乓球厅-7号,12:55-13:50,0,1,可预约,￥0.0,晴,25,24,3,0.0,60,39
2026-05-21 17:00:49,2026-05-22,2,乒乓球厅-7号,12:55-13:50,0,1,可预约,￥0.0,晴,25,24,4,0.0,61,39
2026-05-21 17:30:47,2026-05-22,2,乒乓球厅-7号,12:55-13:50,0,1,可预约,￥0.0,多云,24,23,3,0.0,64,39
2026-05-21 18:00:50,2026-05-22,2,乒乓球厅-7号,12:55-13:50,0,1,可预约,￥0.0,多云,24,23,3,0.0,68,39
2026-05-21 18:30:50,2026-05-22,2,乒乓球厅-7号,12:55-13:50,0,1,可预约,￥0.0,阴,24,25,2,0.0,68,40
2026-05-21 19:00:50,2026-05-22,2,乒乓球厅-7号,12:55-13:50,0,1,可预约,￥0.0,阴,23,23,3,0.0,76,40
2026-05-21 19:30:46,2026-05-22,2,乒乓球厅-7号,12:55-13:50,0,1,可预约,￥0.0,阴,23,24,2,0.0,77,39
2026-05-21 20:00:49,2026-05-22,2,乒乓球厅-7号,12:55-13:50,0,1,可预约,￥0.0,雾,22,23,2,0.0,89,39
2026-05-21 20:30:44,2026-05-22,2,乒乓球厅-7号,12:55-13:50,0,1,可预约,￥0.0,雾,22,24,2,0.0,93,43
2026-05-21 21:00:56,2026-05-22,2,乒乓球厅-7号,12:55-13:50,0,1,可预约,￥0.0,雾,20,21,2,0.0,98,43
2026-05-21 21:30:46,2026-05-22,2,乒乓球厅-7号,12:55-13:50,0,1,可预约,￥0.0,雾,20,22,1,0.0,99,41
2026-05-21 22:01:02,2026-05-22,2,乒乓球厅-7号,12:55-13:50,0,1,可预约,￥0.0,雾,19,20,2,0.0,93,41
2026-05-21 22:30:47,2026-05-22,2,乒乓球厅-7号,12:55-13:50,0,1,可预约,￥0.0,雾,19,19,3,0.0,88,46
2026-05-21 23:00:56,2026-05-22,2,乒乓球厅-7号,12:55-13:50,0,1,可预约,￥0.0,多云,18,17,3,0.0,85,46
2026-05-21 23:30:55,2026-05-22,2,乒乓球厅-7号,12:55-13:50,0,1,可预约,￥0.0,多云,18,17,3,0.0,85,48
2026-05-21 08:00:45,2026-05-22,2,乒乓球厅-7号,14:00-15:00,1,1,已售/已满,教学时间,晴,17,12,5,0.0,86,29
2026-05-21 08:02:30,2026-05-22,2,乒乓球厅-7号,14:00-15:00,1,1,已售/已满,教学时间,多云,17,12,5,0.0,87,29
2026-05-21 08:05:36,2026-05-22,2,乒乓球厅-7号,14:00-15:00,1,1,已售/已满,教学时间,多云,17,12,5,0.0,86,29
2026-05-21 08:08:31,2026-05-22,2,乒乓球厅-7号,14:00-15:00,1,1,已售/已满,教学时间,多云,17,12,5,0.0,86,29
2026-05-21 08:11:30,2026-05-22,2,乒乓球厅-7号,14:00-15:00,1,1,已售/已满,教学时间,多云,17,12,5,0.0,86,29
2026-05-21 08:14:31,2026-05-22,2,乒乓球厅-7号,14:00-15:00,1,1,已售/已满,教学时间,多云,17,12,5,0.0,86,29
2026-05-21 08:17:30,2026-05-22,2,乒乓球厅-7号,14:00-15:00,1,1,已售/已满,教学时间,多云,17,12,5,0.0,86,29
2026-05-21 08:20:35,2026-05-22,2,乒乓球厅-7号,14:00-15:00,1,1,已售/已满,教学时间,多云,17,14,4,0.0,85,29
2026-05-21 08:25:32,2026-05-22,2,乒乓球厅-7号,14:00-15:00,1,1,已售/已满,教学时间,多云,17,14,4,0.0,85,28
2026-05-21 08:30:42,2026-05-22,2,乒乓球厅-7号,14:00-15:00,1,1,已售/已满,教学时间,多云,18,15,4,0.0,84,28
2026-05-21 08:35:31,2026-05-22,2,乒乓球厅-7号,14:00-15:00,1,1,已售/已满,教学时间,多云,18,15,4,0.0,84,28
2026-05-21 08:40:38,2026-05-22,2,乒乓球厅-7号,14:00-15:00,1,1,已售/已满,教学时间,多云,18,15,4,0.0,82,28
2026-05-21 08:45:33,2026-05-22,2,乒乓球厅-7号,14:00-15:00,1,1,已售/已满,教学时间,多云,18,15,4,0.0,82,28
2026-05-21 08:50:36,2026-05-22,2,乒乓球厅-7号,14:00-15:00,1,1,已售/已满,教学时间,多云,18,15,4,0.0,82,28
2026-05-21 08:55:34,2026-05-22,2,乒乓球厅-7号,14:00-15:00,1,1,已售/已满,教学时间,多云,18,15,4,0.0,84,28
2026-05-21 09:00:51,2026-05-22,2,乒乓球厅-7号,14:00-15:00,1,1,已售/已满,教学时间,多云,18,15,4,0.0,84,28
2026-05-21 09:01:59,2026-05-22,2,乒乓球厅-7号,14:00-15:00,1,1,已售/已满,教学时间,多云,18,15,4,0.0,83,28
2026-05-21 09:05:33,2026-05-22,2,乒乓球厅-7号,14:00-15:00,1,1,已售/已满,教学时间,多云,18,15,4,0.0,83,28
2026-05-21 09:20:38,2026-05-22,2,乒乓球厅-7号,14:00-15:00,1,1,已售/已满,教学时间,多云,18,16,3,0.0,81,28
2026-05-21 09:30:46,2026-05-22,2,乒乓球厅-7号,14:00-15:00,1,1,已售/已满,教学时间,多云,18,16,3,0.0,81,32
2026-05-21 09:40:36,2026-05-22,2,乒乓球厅-7号,14:00-15:00,1,1,已售/已满,教学时间,多云,19,17,3,0.0,79,32
2026-05-21 09:50:42,2026-05-22,2,乒乓球厅-7号,14:00-15:00,1,1,已售/已满,教学时间,多云,19,17,4,0.0,81,32
2026-05-21 10:00:46,2026-05-22,2,乒乓球厅-7号,14:00-15:00,1,1,已售/已满,教学时间,多云,19,17,4,0.0,79,32
2026-05-21 10:10:40,2026-05-22,2,乒乓球厅-7号,14:00-15:00,1,1,已售/已满,教学时间,多云,19,17,4,0.0,79,32
2026-05-21 10:20:38,2026-05-22,2,乒乓球厅-7号,14:00-15:00,1,1,已售/已满,教学时间,多云,19,17,4,0.0,79,32
2026-05-21 10:30:41,2026-05-22,2,乒乓球厅-7号,14:00-15:00,1,1,已售/已满,教学时间,多云,19,18,3,0.0,78,31
2026-05-21 11:00:44,2026-05-22,2,乒乓球厅-7号,14:00-15:00,1,1,已售/已满,教学时间,多云,21,17,5,0.0,74,31
2026-05-21 11:30:38,2026-05-22,2,乒乓球厅-7号,14:00-15:00,1,1,已售/已满,教学时间,多云,21,19,3,0.0,72,33
2026-05-21 12:00:46,2026-05-22,2,乒乓球厅-7号,14:00-15:00,1,1,已售/已满,教学时间,多云,22,19,4,0.0,70,33
2026-05-21 12:30:42,2026-05-22,2,乒乓球厅-7号,14:00-15:00,1,1,已售/已满,教学时间,多云,22,21,3,0.0,68,35
2026-05-21 13:00:43,2026-05-22,2,乒乓球厅-7号,14:00-15:00,1,1,已售/已满,教学时间,多云,24,22,4,0.0,66,35
2026-05-21 13:30:43,2026-05-22,2,乒乓球厅-7号,14:00-15:00,1,1,已售/已满,教学时间,多云,24,22,4,0.0,66,36
2026-05-21 14:00:48,2026-05-22,2,乒乓球厅-7号,14:00-15:00,1,1,已售/已满,教学时间,多云,25,23,4,0.0,66,36
2026-05-21 14:30:45,2026-05-22,2,乒乓球厅-7号,14:00-15:00,1,1,已售/已满,教学时间,晴,25,25,3,0.0,65,39
2026-05-21 15:00:45,2026-05-22,2,乒乓球厅-7号,14:00-15:00,1,1,已售/已满,教学时间,晴,25,22,4,0.0,56,39
2026-05-21 15:30:43,2026-05-22,2,乒乓球厅-7号,14:00-15:00,1,1,已售/已满,教学时间,晴,25,23,4,0.0,57,40
2026-05-21 16:00:51,2026-05-22,2,乒乓球厅-7号,14:00-15:00,1,1,已售/已满,教学时间,晴,25,23,4,0.0,57,40
2026-05-21 16:30:48,2026-05-22,2,乒乓球厅-7号,14:00-15:00,1,1,已售/已满,教学时间,晴,25,24,3,0.0,60,39
2026-05-21 17:00:49,2026-05-22,2,乒乓球厅-7号,14:00-15:00,1,1,已售/已满,教学时间,晴,25,24,4,0.0,61,39
2026-05-21 17:30:47,2026-05-22,2,乒乓球厅-7号,14:00-15:00,1,1,已售/已满,教学时间,多云,24,23,3,0.0,64,39
2026-05-21 18:00:50,2026-05-22,2,乒乓球厅-7号,14:00-15:00,1,1,已售/已满,教学时间,多云,24,23,3,0.0,68,39
2026-05-21 18:30:50,2026-05-22,2,乒乓球厅-7号,14:00-15:00,1,1,已售/已满,教学时间,阴,24,25,2,0.0,68,40
2026-05-21 19:00:50,2026-05-22,2,乒乓球厅-7号,14:00-15:00,1,1,已售/已满,教学时间,阴,23,23,3,0.0,76,40
2026-05-21 19:30:46,2026-05-22,2,乒乓球厅-7号,14:00-15:00,1,1,已售/已满,教学时间,阴,23,24,2,0.0,77,39
2026-05-21 20:00:49,2026-05-22,2,乒乓球厅-7号,14:00-15:00,1,1,已售/已满,教学时间,雾,22,23,2,0.0,89,39
2026-05-21 20:30:44,2026-05-22,2,乒乓球厅-7号,14:00-15:00,1,1,已售/已满,教学时间,雾,22,24,2,0.0,93,43
2026-05-21 21:00:56,2026-05-22,2,乒乓球厅-7号,14:00-15:00,1,1,已售/已满,教学时间,雾,20,21,2,0.0,98,43
2026-05-21 21:30:46,2026-05-22,2,乒乓球厅-7号,14:00-15:00,1,1,已售/已满,教学时间,雾,20,22,1,0.0,99,41
2026-05-21 22:01:02,2026-05-22,2,乒乓球厅-7号,14:00-15:00,1,1,已售/已满,教学时间,雾,19,20,2,0.0,93,41
2026-05-21 22:30:47,2026-05-22,2,乒乓球厅-7号,14:00-15:00,1,1,已售/已满,教学时间,雾,19,19,3,0.0,88,46
2026-05-21 23:00:56,2026-05-22,2,乒乓球厅-7号,14:00-15:00,1,1,已售/已满,教学时间,多云,18,17,3,0.0,85,46
2026-05-21 23:30:55,2026-05-22,2,乒乓球厅-7号,14:00-15:00,1,1,已售/已满,教学时间,多云,18,17,3,0.0,85,48
2026-05-21 08:00:45,2026-05-22,2,乒乓球厅-7号,15:00-16:00,1,1,已售/已满,教学时间,晴,17,12,5,0.0,86,29
2026-05-21 08:02:30,2026-05-22,2,乒乓球厅-7号,15:00-16:00,1,1,已售/已满,教学时间,多云,17,12,5,0.0,87,29
2026-05-21 08:05:36,2026-05-22,2,乒乓球厅-7号,15:00-16:00,1,1,已售/已满,教学时间,多云,17,12,5,0.0,86,29
2026-05-21 08:08:31,2026-05-22,2,乒乓球厅-7号,15:00-16:00,1,1,已售/已满,教学时间,多云,17,12,5,0.0,86,29
2026-05-21 08:11:30,2026-05-22,2,乒乓球厅-7号,15:00-16:00,1,1,已售/已满,教学时间,多云,17,12,5,0.0,86,29
2026-05-21 08:14:31,2026-05-22,2,乒乓球厅-7号,15:00-16:00,1,1,已售/已满,教学时间,多云,17,12,5,0.0,86,29
2026-05-21 08:17:30,2026-05-22,2,乒乓球厅-7号,15:00-16:00,1,1,已售/已满,教学时间,多云,17,12,5,0.0,86,29
2026-05-21 08:20:35,2026-05-22,2,乒乓球厅-7号,15:00-16:00,1,1,已售/已满,教学时间,多云,17,14,4,0.0,85,29
2026-05-21 08:25:32,2026-05-22,2,乒乓球厅-7号,15:00-16:00,1,1,已售/已满,教学时间,多云,17,14,4,0.0,85,28
2026-05-21 08:30:42,2026-05-22,2,乒乓球厅-7号,15:00-16:00,1,1,已售/已满,教学时间,多云,18,15,4,0.0,84,28
2026-05-21 08:35:31,2026-05-22,2,乒乓球厅-7号,15:00-16:00,1,1,已售/已满,教学时间,多云,18,15,4,0.0,84,28
2026-05-21 08:40:38,2026-05-22,2,乒乓球厅-7号,15:00-16:00,1,1,已售/已满,教学时间,多云,18,15,4,0.0,82,28
2026-05-21 08:45:33,2026-05-22,2,乒乓球厅-7号,15:00-16:00,1,1,已售/已满,教学时间,多云,18,15,4,0.0,82,28
2026-05-21 08:50:36,2026-05-22,2,乒乓球厅-7号,15:00-16:00,1,1,已售/已满,教学时间,多云,18,15,4,0.0,82,28
2026-05-21 08:55:34,2026-05-22,2,乒乓球厅-7号,15:00-16:00,1,1,已售/已满,教学时间,多云,18,15,4,0.0,84,28
2026-05-21 09:00:51,2026-05-22,2,乒乓球厅-7号,15:00-16:00,1,1,已售/已满,教学时间,多云,18,15,4,0.0,84,28
2026-05-21 09:01:59,2026-05-22,2,乒乓球厅-7号,15:00-16:00,1,1,已售/已满,教学时间,多云,18,15,4,0.0,83,28
2026-05-21 09:05:33,2026-05-22,2,乒乓球厅-7号,15:00-16:00,1,1,已售/已满,教学时间,多云,18,15,4,0.0,83,28
2026-05-21 09:20:38,2026-05-22,2,乒乓球厅-7号,15:00-16:00,1,1,已售/已满,教学时间,多云,18,16,3,0.0,81,28
2026-05-21 09:30:46,2026-05-22,2,乒乓球厅-7号,15:00-16:00,1,1,已售/已满,教学时间,多云,18,16,3,0.0,81,32
2026-05-21 09:40:36,2026-05-22,2,乒乓球厅-7号,15:00-16:00,1,1,已售/已满,教学时间,多云,19,17,3,0.0,79,32
2026-05-21 09:50:42,2026-05-22,2,乒乓球厅-7号,15:00-16:00,1,1,已售/已满,教学时间,多云,19,17,4,0.0,81,32
2026-05-21 10:00:46,2026-05-22,2,乒乓球厅-7号,15:00-16:00,1,1,已售/已满,教学时间,多云,19,17,4,0.0,79,32
2026-05-21 10:10:40,2026-05-22,2,乒乓球厅-7号,15:00-16:00,1,1,已售/已满,教学时间,多云,19,17,4,0.0,79,32
2026-05-21 10:20:38,2026-05-22,2,乒乓球厅-7号,15:00-16:00,1,1,已售/已满,教学时间,多云,19,17,4,0.0,79,32
2026-05-21 10:30:41,2026-05-22,2,乒乓球厅-7号,15:00-16:00,1,1,已售/已满,教学时间,多云,19,18,3,0.0,78,31
2026-05-21 11:00:44,2026-05-22,2,乒乓球厅-7号,15:00-16:00,1,1,已售/已满,教学时间,多云,21,17,5,0.0,74,31
2026-05-21 11:30:38,2026-05-22,2,乒乓球厅-7号,15:00-16:00,1,1,已售/已满,教学时间,多云,21,19,3,0.0,72,33
2026-05-21 12:00:46,2026-05-22,2,乒乓球厅-7号,15:00-16:00,1,1,已售/已满,教学时间,多云,22,19,4,0.0,70,33
2026-05-21 12:30:42,2026-05-22,2,乒乓球厅-7号,15:00-16:00,1,1,已售/已满,教学时间,多云,22,21,3,0.0,68,35
2026-05-21 13:00:43,2026-05-22,2,乒乓球厅-7号,15:00-16:00,1,1,已售/已满,教学时间,多云,24,22,4,0.0,66,35
2026-05-21 13:30:43,2026-05-22,2,乒乓球厅-7号,15:00-16:00,1,1,已售/已满,教学时间,多云,24,22,4,0.0,66,36
2026-05-21 14:00:48,2026-05-22,2,乒乓球厅-7号,15:00-16:00,1,1,已售/已满,教学时间,多云,25,23,4,0.0,66,36
2026-05-21 14:30:45,2026-05-22,2,乒乓球厅-7号,15:00-16:00,1,1,已售/已满,教学时间,晴,25,25,3,0.0,65,39
2026-05-21 15:00:45,2026-05-22,2,乒乓球厅-7号,15:00-16:00,1,1,已售/已满,教学时间,晴,25,22,4,0.0,56,39
2026-05-21 15:30:43,2026-05-22,2,乒乓球厅-7号,15:00-16:00,1,1,已售/已满,教学时间,晴,25,23,4,0.0,57,40
2026-05-21 16:00:51,2026-05-22,2,乒乓球厅-7号,15:00-16:00,1,1,已售/已满,教学时间,晴,25,23,4,0.0,57,40
2026-05-21 16:30:48,2026-05-22,2,乒乓球厅-7号,15:00-16:00,1,1,已售/已满,教学时间,晴,25,24,3,0.0,60,39
2026-05-21 17:00:49,2026-05-22,2,乒乓球厅-7号,15:00-16:00,1,1,已售/已满,教学时间,晴,25,24,4,0.0,61,39
2026-05-21 17:30:47,2026-05-22,2,乒乓球厅-7号,15:00-16:00,1,1,已售/已满,教学时间,多云,24,23,3,0.0,64,39
2026-05-21 18:00:50,2026-05-22,2,乒乓球厅-7号,15:00-16:00,1,1,已售/已满,教学时间,多云,24,23,3,0.0,68,39
2026-05-21 18:30:50,2026-05-22,2,乒乓球厅-7号,15:00-16:00,1,1,已售/已满,教学时间,阴,24,25,2,0.0,68,40
2026-05-21 19:00:50,2026-05-22,2,乒乓球厅-7号,15:00-16:00,1,1,已售/已满,教学时间,阴,23,23,3,0.0,76,40
2026-05-21 19:30:46,2026-05-22,2,乒乓球厅-7号,15:00-16:00,1,1,已售/已满,教学时间,阴,23,24,2,0.0,77,39
2026-05-21 20:00:49,2026-05-22,2,乒乓球厅-7号,15:00-16:00,1,1,已售/已满,教学时间,雾,22,23,2,0.0,89,39
2026-05-21 20:30:44,2026-05-22,2,乒乓球厅-7号,15:00-16:00,1,1,已售/已满,教学时间,雾,22,24,2,0.0,93,43
2026-05-21 21:00:56,2026-05-22,2,乒乓球厅-7号,15:00-16:00,1,1,已售/已满,教学时间,雾,20,21,2,0.0,98,43
2026-05-21 21:30:46,2026-05-22,2,乒乓球厅-7号,15:00-16:00,1,1,已售/已满,教学时间,雾,20,22,1,0.0,99,41
2026-05-21 22:01:02,2026-05-22,2,乒乓球厅-7号,15:00-16:00,1,1,已售/已满,教学时间,雾,19,20,2,0.0,93,41
2026-05-21 22:30:47,2026-05-22,2,乒乓球厅-7号,15:00-16:00,1,1,已售/已满,教学时间,雾,19,19,3,0.0,88,46
2026-05-21 23:00:56,2026-05-22,2,乒乓球厅-7号,15:00-16:00,1,1,已售/已满,教学时间,多云,18,17,3,0.0,85,46
2026-05-21 23:30:55,2026-05-22,2,乒乓球厅-7号,15:00-16:00,1,1,已售/已满,教学时间,多云,18,17,3,0.0,85,48
2026-05-21 08:00:45,2026-05-22,2,乒乓球厅-7号,16:00-17:00,0,1,可预约,￥5.0,晴,17,12,5,0.0,86,29
2026-05-21 08:02:30,2026-05-22,2,乒乓球厅-7号,16:00-17:00,0,1,可预约,￥5.0,多云,17,12,5,0.0,87,29
2026-05-21 08:05:36,2026-05-22,2,乒乓球厅-7号,16:00-17:00,0,1,可预约,￥5.0,多云,17,12,5,0.0,86,29
2026-05-21 08:08:31,2026-05-22,2,乒乓球厅-7号,16:00-17:00,0,1,可预约,￥5.0,多云,17,12,5,0.0,86,29
2026-05-21 08:11:30,2026-05-22,2,乒乓球厅-7号,16:00-17:00,0,1,可预约,￥5.0,多云,17,12,5,0.0,86,29
2026-05-21 08:14:31,2026-05-22,2,乒乓球厅-7号,16:00-17:00,0,1,可预约,￥5.0,多云,17,12,5,0.0,86,29
2026-05-21 08:17:30,2026-05-22,2,乒乓球厅-7号,16:00-17:00,0,1,可预约,￥5.0,多云,17,12,5,0.0,86,29
2026-05-21 08:20:35,2026-05-22,2,乒乓球厅-7号,16:00-17:00,0,1,可预约,￥5.0,多云,17,14,4,0.0,85,29
2026-05-21 08:25:32,2026-05-22,2,乒乓球厅-7号,16:00-17:00,0,1,可预约,￥5.0,多云,17,14,4,0.0,85,28
2026-05-21 08:30:42,2026-05-22,2,乒乓球厅-7号,16:00-17:00,0,1,可预约,￥5.0,多云,18,15,4,0.0,84,28
2026-05-21 08:35:31,2026-05-22,2,乒乓球厅-7号,16:00-17:00,0,1,可预约,￥5.0,多云,18,15,4,0.0,84,28
2026-05-21 08:40:38,2026-05-22,2,乒乓球厅-7号,16:00-17:00,0,1,可预约,￥5.0,多云,18,15,4,0.0,82,28
2026-05-21 08:45:33,2026-05-22,2,乒乓球厅-7号,16:00-17:00,0,1,可预约,￥5.0,多云,18,15,4,0.0,82,28
2026-05-21 08:50:36,2026-05-22,2,乒乓球厅-7号,16:00-17:00,0,1,可预约,￥5.0,多云,18,15,4,0.0,82,28
2026-05-21 08:55:34,2026-05-22,2,乒乓球厅-7号,16:00-17:00,0,1,可预约,￥5.0,多云,18,15,4,0.0,84,28
2026-05-21 09:00:51,2026-05-22,2,乒乓球厅-7号,16:00-17:00,0,1,可预约,￥5.0,多云,18,15,4,0.0,84,28
2026-05-21 09:01:59,2026-05-22,2,乒乓球厅-7号,16:00-17:00,0,1,可预约,￥5.0,多云,18,15,4,0.0,83,28
2026-05-21 09:05:33,2026-05-22,2,乒乓球厅-7号,16:00-17:00,0,1,可预约,￥5.0,多云,18,15,4,0.0,83,28
2026-05-21 09:20:38,2026-05-22,2,乒乓球厅-7号,16:00-17:00,0,1,可预约,￥5.0,多云,18,16,3,0.0,81,28
2026-05-21 09:30:46,2026-05-22,2,乒乓球厅-7号,16:00-17:00,0,1,可预约,￥5.0,多云,18,16,3,0.0,81,32
2026-05-21 09:40:36,2026-05-22,2,乒乓球厅-7号,16:00-17:00,0,1,可预约,￥5.0,多云,19,17,3,0.0,79,32
2026-05-21 09:50:42,2026-05-22,2,乒乓球厅-7号,16:00-17:00,0,1,可预约,￥5.0,多云,19,17,4,0.0,81,32
2026-05-21 10:00:46,2026-05-22,2,乒乓球厅-7号,16:00-17:00,0,1,可预约,￥5.0,多云,19,17,4,0.0,79,32
2026-05-21 10:10:40,2026-05-22,2,乒乓球厅-7号,16:00-17:00,0,1,可预约,￥5.0,多云,19,17,4,0.0,79,32
2026-05-21 10:20:38,2026-05-22,2,乒乓球厅-7号,16:00-17:00,0,1,可预约,￥5.0,多云,19,17,4,0.0,79,32
2026-05-21 10:30:41,2026-05-22,2,乒乓球厅-7号,16:00-17:00,0,1,可预约,￥5.0,多云,19,18,3,0.0,78,31
2026-05-21 11:00:44,2026-05-22,2,乒乓球厅-7号,16:00-17:00,0,1,可预约,￥5.0,多云,21,17,5,0.0,74,31
2026-05-21 11:30:38,2026-05-22,2,乒乓球厅-7号,16:00-17:00,0,1,可预约,￥5.0,多云,21,19,3,0.0,72,33
2026-05-21 12:00:46,2026-05-22,2,乒乓球厅-7号,16:00-17:00,0,1,可预约,￥5.0,多云,22,19,4,0.0,70,33
2026-05-21 12:30:42,2026-05-22,2,乒乓球厅-7号,16:00-17:00,0,1,可预约,￥5.0,多云,22,21,3,0.0,68,35
2026-05-21 13:00:43,2026-05-22,2,乒乓球厅-7号,16:00-17:00,0,1,可预约,￥5.0,多云,24,22,4,0.0,66,35
2026-05-21 13:30:43,2026-05-22,2,乒乓球厅-7号,16:00-17:00,0,1,可预约,￥5.0,多云,24,22,4,0.0,66,36
2026-05-21 14:00:48,2026-05-22,2,乒乓球厅-7号,16:00-17:00,0,1,可预约,￥5.0,多云,25,23,4,0.0,66,36
2026-05-21 14:30:45,2026-05-22,2,乒乓球厅-7号,16:00-17:00,0,1,可预约,￥5.0,晴,25,25,3,0.0,65,39
2026-05-21 15:00:45,2026-05-22,2,乒乓球厅-7号,16:00-17:00,0,1,可预约,￥5.0,晴,25,22,4,0.0,56,39
2026-05-21 15:30:43,2026-05-22,2,乒乓球厅-7号,16:00-17:00,0,1,可预约,￥5.0,晴,25,23,4,0.0,57,40
2026-05-21 16:00:51,2026-05-22,2,乒乓球厅-7号,16:00-17:00,0,1,可预约,￥5.0,晴,25,23,4,0.0,57,40
2026-05-21 16:30:48,2026-05-22,2,乒乓球厅-7号,16:00-17:00,0,1,可预约,￥5.0,晴,25,24,3,0.0,60,39
2026-05-21 17:00:49,2026-05-22,2,乒乓球厅-7号,16:00-17:00,0,1,可预约,￥5.0,晴,25,24,4,0.0,61,39
2026-05-21 17:30:47,2026-05-22,2,乒乓球厅-7号,16:00-17:00,0,1,可预约,￥5.0,多云,24,23,3,0.0,64,39
2026-05-21 18:00:50,2026-05-22,2,乒乓球厅-7号,16:00-17:00,0,1,可预约,￥5.0,多云,24,23,3,0.0,68,39
2026-05-21 18:30:50,2026-05-22,2,乒乓球厅-7号,16:00-17:00,0,1,可预约,￥5.0,阴,24,25,2,0.0,68,40
2026-05-21 19:00:50,2026-05-22,2,乒乓球厅-7号,16:00-17:00,0,1,可预约,￥5.0,阴,23,23,3,0.0,76,40
2026-05-21 19:30:46,2026-05-22,2,乒乓球厅-7号,16:00-17:00,0,1,可预约,￥5.0,阴,23,24,2,0.0,77,39
2026-05-21 20:00:49,2026-05-22,2,乒乓球厅-7号,16:00-17:00,0,1,可预约,￥5.0,雾,22,23,2,0.0,89,39
2026-05-21 20:30:44,2026-05-22,2,乒乓球厅-7号,16:00-17:00,0,1,可预约,￥5.0,雾,22,24,2,0.0,93,43
2026-05-21 21:00:56,2026-05-22,2,乒乓球厅-7号,16:00-17:00,0,1,可预约,￥5.0,雾,20,21,2,0.0,98,43
2026-05-21 21:30:46,2026-05-22,2,乒乓球厅-7号,16:00-17:00,0,1,可预约,￥5.0,雾,20,22,1,0.0,99,41
2026-05-21 22:01:02,2026-05-22,2,乒乓球厅-7号,16:00-17:00,0,1,可预约,￥5.0,雾,19,20,2,0.0,93,41
2026-05-21 22:30:47,2026-05-22,2,乒乓球厅-7号,16:00-17:00,0,1,可预约,￥5.0,雾,19,19,3,0.0,88,46
2026-05-21 23:00:56,2026-05-22,2,乒乓球厅-7号,16:00-17:00,0,1,可预约,￥5.0,多云,18,17,3,0.0,85,46
2026-05-21 23:30:55,2026-05-22,2,乒乓球厅-7号,16:00-17:00,0,1,可预约,￥5.0,多云,18,17,3,0.0,85,48
2026-05-21 08:00:45,2026-05-22,2,乒乓球厅-7号,17:00-18:00,0,1,可预约,￥5.0,晴,17,12,5,0.0,86,29
2026-05-21 08:02:30,2026-05-22,2,乒乓球厅-7号,17:00-18:00,0,1,可预约,￥5.0,多云,17,12,5,0.0,87,29
2026-05-21 08:05:36,2026-05-22,2,乒乓球厅-7号,17:00-18:00,0,1,可预约,￥5.0,多云,17,12,5,0.0,86,29
2026-05-21 08:08:31,2026-05-22,2,乒乓球厅-7号,17:00-18:00,0,1,可预约,￥5.0,多云,17,12,5,0.0,86,29
2026-05-21 08:11:30,2026-05-22,2,乒乓球厅-7号,17:00-18:00,0,1,可预约,￥5.0,多云,17,12,5,0.0,86,29
2026-05-21 08:14:31,2026-05-22,2,乒乓球厅-7号,17:00-18:00,0,1,可预约,￥5.0,多云,17,12,5,0.0,86,29
2026-05-21 08:17:30,2026-05-22,2,乒乓球厅-7号,17:00-18:00,0,1,可预约,￥5.0,多云,17,12,5,0.0,86,29
2026-05-21 08:20:35,2026-05-22,2,乒乓球厅-7号,17:00-18:00,0,1,可预约,￥5.0,多云,17,14,4,0.0,85,29
2026-05-21 08:25:32,2026-05-22,2,乒乓球厅-7号,17:00-18:00,0,1,可预约,￥5.0,多云,17,14,4,0.0,85,28
2026-05-21 08:30:42,2026-05-22,2,乒乓球厅-7号,17:00-18:00,0,1,可预约,￥5.0,多云,18,15,4,0.0,84,28
2026-05-21 08:35:31,2026-05-22,2,乒乓球厅-7号,17:00-18:00,0,1,可预约,￥5.0,多云,18,15,4,0.0,84,28
2026-05-21 08:40:38,2026-05-22,2,乒乓球厅-7号,17:00-18:00,0,1,可预约,￥5.0,多云,18,15,4,0.0,82,28
2026-05-21 08:45:33,2026-05-22,2,乒乓球厅-7号,17:00-18:00,0,1,可预约,￥5.0,多云,18,15,4,0.0,82,28
2026-05-21 08:50:36,2026-05-22,2,乒乓球厅-7号,17:00-18:00,0,1,可预约,￥5.0,多云,18,15,4,0.0,82,28
2026-05-21 08:55:34,2026-05-22,2,乒乓球厅-7号,17:00-18:00,0,1,可预约,￥5.0,多云,18,15,4,0.0,84,28
2026-05-21 09:00:51,2026-05-22,2,乒乓球厅-7号,17:00-18:00,0,1,可预约,￥5.0,多云,18,15,4,0.0,84,28
2026-05-21 09:01:59,2026-05-22,2,乒乓球厅-7号,17:00-18:00,0,1,可预约,￥5.0,多云,18,15,4,0.0,83,28
2026-05-21 09:05:33,2026-05-22,2,乒乓球厅-7号,17:00-18:00,0,1,可预约,￥5.0,多云,18,15,4,0.0,83,28
2026-05-21 09:20:38,2026-05-22,2,乒乓球厅-7号,17:00-18:00,0,1,可预约,￥5.0,多云,18,16,3,0.0,81,28
2026-05-21 09:30:46,2026-05-22,2,乒乓球厅-7号,17:00-18:00,0,1,可预约,￥5.0,多云,18,16,3,0.0,81,32
2026-05-21 09:40:36,2026-05-22,2,乒乓球厅-7号,17:00-18:00,0,1,可预约,￥5.0,多云,19,17,3,0.0,79,32
2026-05-21 09:50:42,2026-05-22,2,乒乓球厅-7号,17:00-18:00,0,1,可预约,￥5.0,多云,19,17,4,0.0,81,32
2026-05-21 10:00:46,2026-05-22,2,乒乓球厅-7号,17:00-18:00,0,1,可预约,￥5.0,多云,19,17,4,0.0,79,32
2026-05-21 10:10:40,2026-05-22,2,乒乓球厅-7号,17:00-18:00,0,1,可预约,￥5.0,多云,19,17,4,0.0,79,32
2026-05-21 10:20:38,2026-05-22,2,乒乓球厅-7号,17:00-18:00,0,1,可预约,￥5.0,多云,19,17,4,0.0,79,32
2026-05-21 10:30:41,2026-05-22,2,乒乓球厅-7号,17:00-18:00,0,1,可预约,￥5.0,多云,19,18,3,0.0,78,31
2026-05-21 11:00:44,2026-05-22,2,乒乓球厅-7号,17:00-18:00,0,1,可预约,￥5.0,多云,21,17,5,0.0,74,31
2026-05-21 11:30:38,2026-05-22,2,乒乓球厅-7号,17:00-18:00,0,1,可预约,￥5.0,多云,21,19,3,0.0,72,33
2026-05-21 12:00:46,2026-05-22,2,乒乓球厅-7号,17:00-18:00,0,1,可预约,￥5.0,多云,22,19,4,0.0,70,33
2026-05-21 12:30:42,2026-05-22,2,乒乓球厅-7号,17:00-18:00,0,1,可预约,￥5.0,多云,22,21,3,0.0,68,35
2026-05-21 13:00:43,2026-05-22,2,乒乓球厅-7号,17:00-18:00,0,1,可预约,￥5.0,多云,24,22,4,0.0,66,35
2026-05-21 13:30:43,2026-05-22,2,乒乓球厅-7号,17:00-18:00,0,1,可预约,￥5.0,多云,24,22,4,0.0,66,36
2026-05-21 14:00:48,2026-05-22,2,乒乓球厅-7号,17:00-18:00,0,1,可预约,￥5.0,多云,25,23,4,0.0,66,36
2026-05-21 14:30:45,2026-05-22,2,乒乓球厅-7号,17:00-18:00,0,1,可预约,￥5.0,晴,25,25,3,0.0,65,39
2026-05-21 15:00:45,2026-05-22,2,乒乓球厅-7号,17:00-18:00,0,1,可预约,￥5.0,晴,25,22,4,0.0,56,39
2026-05-21 15:30:43,2026-05-22,2,乒乓球厅-7号,17:00-18:00,0,1,可预约,￥5.0,晴,25,23,4,0.0,57,40
2026-05-21 16:00:51,2026-05-22,2,乒乓球厅-7号,17:00-18:00,0,1,可预约,￥5.0,晴,25,23,4,0.0,57,40
2026-05-21 16:30:48,2026-05-22,2,乒乓球厅-7号,17:00-18:00,0,1,可预约,￥5.0,晴,25,24,3,0.0,60,39
2026-05-21 17:00:49,2026-05-22,2,乒乓球厅-7号,17:00-18:00,0,1,可预约,￥5.0,晴,25,24,4,0.0,61,39
2026-05-21 17:30:47,2026-05-22,2,乒乓球厅-7号,17:00-18:00,0,1,可预约,￥5.0,多云,24,23,3,0.0,64,39
2026-05-21 18:00:50,2026-05-22,2,乒乓球厅-7号,17:00-18:00,0,1,可预约,￥5.0,多云,24,23,3,0.0,68,39
2026-05-21 18:30:50,2026-05-22,2,乒乓球厅-7号,17:00-18:00,0,1,可预约,￥5.0,阴,24,25,2,0.0,68,40
2026-05-21 19:00:50,2026-05-22,2,乒乓球厅-7号,17:00-18:00,0,1,可预约,￥5.0,阴,23,23,3,0.0,76,40
2026-05-21 19:30:46,2026-05-22,2,乒乓球厅-7号,17:00-18:00,0,1,可预约,￥5.0,阴,23,24,2,0.0,77,39
2026-05-21 20:00:49,2026-05-22,2,乒乓球厅-7号,17:00-18:00,0,1,可预约,￥5.0,雾,22,23,2,0.0,89,39
2026-05-21 20:30:44,2026-05-22,2,乒乓球厅-7号,17:00-18:00,0,1,可预约,￥5.0,雾,22,24,2,0.0,93,43
2026-05-21 21:00:56,2026-05-22,2,乒乓球厅-7号,17:00-18:00,0,1,可预约,￥5.0,雾,20,21,2,0.0,98,43
2026-05-21 21:30:46,2026-05-22,2,乒乓球厅-7号,17:00-18:00,0,1,可预约,￥5.0,雾,20,22,1,0.0,99,41
2026-05-21 22:01:02,2026-05-22,2,乒乓球厅-7号,17:00-18:00,0,1,可预约,￥5.0,雾,19,20,2,0.0,93,41
2026-05-21 22:30:47,2026-05-22,2,乒乓球厅-7号,17:00-18:00,0,1,可预约,￥5.0,雾,19,19,3,0.0,88,46
2026-05-21 23:00:56,2026-05-22,2,乒乓球厅-7号,17:00-18:00,0,1,可预约,￥5.0,多云,18,17,3,0.0,85,46
2026-05-21 23:30:55,2026-05-22,2,乒乓球厅-7号,17:00-18:00,0,1,可预约,￥5.0,多云,18,17,3,0.0,85,48
2026-05-21 08:00:45,2026-05-22,2,乒乓球厅-7号,18:30-19:30,0,1,可预约,￥5.0,晴,17,12,5,0.0,86,29
2026-05-21 08:02:30,2026-05-22,2,乒乓球厅-7号,18:30-19:30,0,1,可预约,￥5.0,多云,17,12,5,0.0,87,29
2026-05-21 08:05:36,2026-05-22,2,乒乓球厅-7号,18:30-19:30,0,1,可预约,￥5.0,多云,17,12,5,0.0,86,29
2026-05-21 08:08:31,2026-05-22,2,乒乓球厅-7号,18:30-19:30,0,1,可预约,￥5.0,多云,17,12,5,0.0,86,29
2026-05-21 08:11:30,2026-05-22,2,乒乓球厅-7号,18:30-19:30,0,1,可预约,￥5.0,多云,17,12,5,0.0,86,29
2026-05-21 08:14:31,2026-05-22,2,乒乓球厅-7号,18:30-19:30,0,1,可预约,￥5.0,多云,17,12,5,0.0,86,29
2026-05-21 08:17:30,2026-05-22,2,乒乓球厅-7号,18:30-19:30,0,1,可预约,￥5.0,多云,17,12,5,0.0,86,29
2026-05-21 08:20:35,2026-05-22,2,乒乓球厅-7号,18:30-19:30,0,1,可预约,￥5.0,多云,17,14,4,0.0,85,29
2026-05-21 08:25:32,2026-05-22,2,乒乓球厅-7号,18:30-19:30,0,1,可预约,￥5.0,多云,17,14,4,0.0,85,28
2026-05-21 08:30:42,2026-05-22,2,乒乓球厅-7号,18:30-19:30,0,1,可预约,￥5.0,多云,18,15,4,0.0,84,28
2026-05-21 08:35:31,2026-05-22,2,乒乓球厅-7号,18:30-19:30,0,1,可预约,￥5.0,多云,18,15,4,0.0,84,28
2026-05-21 08:40:38,2026-05-22,2,乒乓球厅-7号,18:30-19:30,0,1,可预约,￥5.0,多云,18,15,4,0.0,82,28
2026-05-21 08:45:33,2026-05-22,2,乒乓球厅-7号,18:30-19:30,0,1,可预约,￥5.0,多云,18,15,4,0.0,82,28
2026-05-21 08:50:36,2026-05-22,2,乒乓球厅-7号,18:30-19:30,0,1,可预约,￥5.0,多云,18,15,4,0.0,82,28
2026-05-21 08:55:34,2026-05-22,2,乒乓球厅-7号,18:30-19:30,0,1,可预约,￥5.0,多云,18,15,4,0.0,84,28
2026-05-21 09:00:51,2026-05-22,2,乒乓球厅-7号,18:30-19:30,0,1,可预约,￥5.0,多云,18,15,4,0.0,84,28
2026-05-21 09:01:59,2026-05-22,2,乒乓球厅-7号,18:30-19:30,0,1,可预约,￥5.0,多云,18,15,4,0.0,83,28
2026-05-21 09:05:33,2026-05-22,2,乒乓球厅-7号,18:30-19:30,0,1,可预约,￥5.0,多云,18,15,4,0.0,83,28
2026-05-21 09:20:38,2026-05-22,2,乒乓球厅-7号,18:30-19:30,0,1,可预约,￥5.0,多云,18,16,3,0.0,81,28
2026-05-21 09:30:46,2026-05-22,2,乒乓球厅-7号,18:30-19:30,0,1,可预约,￥5.0,多云,18,16,3,0.0,81,32
2026-05-21 09:40:36,2026-05-22,2,乒乓球厅-7号,18:30-19:30,0,1,可预约,￥5.0,多云,19,17,3,0.0,79,32
2026-05-21 09:50:42,2026-05-22,2,乒乓球厅-7号,18:30-19:30,0,1,可预约,￥5.0,多云,19,17,4,0.0,81,32
2026-05-21 10:00:46,2026-05-22,2,乒乓球厅-7号,18:30-19:30,0,1,可预约,￥5.0,多云,19,17,4,0.0,79,32
2026-05-21 10:10:40,2026-05-22,2,乒乓球厅-7号,18:30-19:30,0,1,可预约,￥5.0,多云,19,17,4,0.0,79,32
2026-05-21 10:20:38,2026-05-22,2,乒乓球厅-7号,18:30-19:30,0,1,可预约,￥5.0,多云,19,17,4,0.0,79,32
2026-05-21 10:30:41,2026-05-22,2,乒乓球厅-7号,18:30-19:30,0,1,可预约,￥5.0,多云,19,18,3,0.0,78,31
2026-05-21 11:00:44,2026-05-22,2,乒乓球厅-7号,18:30-19:30,0,1,可预约,￥5.0,多云,21,17,5,0.0,74,31
2026-05-21 11:30:38,2026-05-22,2,乒乓球厅-7号,18:30-19:30,0,1,可预约,￥5.0,多云,21,19,3,0.0,72,33
2026-05-21 12:00:46,2026-05-22,2,乒乓球厅-7号,18:30-19:30,0,1,可预约,￥5.0,多云,22,19,4,0.0,70,33
2026-05-21 12:30:42,2026-05-22,2,乒乓球厅-7号,18:30-19:30,0,1,可预约,￥5.0,多云,22,21,3,0.0,68,35
2026-05-21 13:00:43,2026-05-22,2,乒乓球厅-7号,18:30-19:30,0,1,可预约,￥5.0,多云,24,22,4,0.0,66,35
2026-05-21 13:30:43,2026-05-22,2,乒乓球厅-7号,18:30-19:30,0,1,可预约,￥5.0,多云,24,22,4,0.0,66,36
2026-05-21 14:00:48,2026-05-22,2,乒乓球厅-7号,18:30-19:30,0,1,可预约,￥5.0,多云,25,23,4,0.0,66,36
2026-05-21 14:30:45,2026-05-22,2,乒乓球厅-7号,18:30-19:30,0,1,可预约,￥5.0,晴,25,25,3,0.0,65,39
2026-05-21 15:00:45,2026-05-22,2,乒乓球厅-7号,18:30-19:30,0,1,可预约,￥5.0,晴,25,22,4,0.0,56,39
2026-05-21 15:30:43,2026-05-22,2,乒乓球厅-7号,18:30-19:30,0,1,可预约,￥5.0,晴,25,23,4,0.0,57,40
2026-05-21 16:00:51,2026-05-22,2,乒乓球厅-7号,18:30-19:30,0,1,可预约,￥5.0,晴,25,23,4,0.0,57,40
2026-05-21 16:30:48,2026-05-22,2,乒乓球厅-7号,18:30-19:30,0,1,可预约,￥5.0,晴,25,24,3,0.0,60,39
2026-05-21 17:00:49,2026-05-22,2,乒乓球厅-7号,18:30-19:30,0,1,可预约,￥5.0,晴,25,24,4,0.0,61,39
2026-05-21 17:30:47,2026-05-22,2,乒乓球厅-7号,18:30-19:30,0,1,可预约,￥5.0,多云,24,23,3,0.0,64,39
2026-05-21 18:00:50,2026-05-22,2,乒乓球厅-7号,18:30-19:30,0,1,可预约,￥5.0,多云,24,23,3,0.0,68,39
2026-05-21 18:30:50,2026-05-22,2,乒乓球厅-7号,18:30-19:30,0,1,可预约,￥5.0,阴,24,25,2,0.0,68,40
2026-05-21 19:00:50,2026-05-22,2,乒乓球厅-7号,18:30-19:30,0,1,可预约,￥5.0,阴,23,23,3,0.0,76,40
2026-05-21 19:30:46,2026-05-22,2,乒乓球厅-7号,18:30-19:30,0,1,可预约,￥5.0,阴,23,24,2,0.0,77,39
2026-05-21 20:00:49,2026-05-22,2,乒乓球厅-7号,18:30-19:30,0,1,可预约,￥5.0,雾,22,23,2,0.0,89,39
2026-05-21 20:30:44,2026-05-22,2,乒乓球厅-7号,18:30-19:30,0,1,可预约,￥5.0,雾,22,24,2,0.0,93,43
2026-05-21 21:00:56,2026-05-22,2,乒乓球厅-7号,18:30-19:30,0,1,可预约,￥5.0,雾,20,21,2,0.0,98,43
2026-05-21 21:30:46,2026-05-22,2,乒乓球厅-7号,18:30-19:30,0,1,可预约,￥5.0,雾,20,22,1,0.0,99,41
2026-05-21 22:01:02,2026-05-22,2,乒乓球厅-7号,18:30-19:30,0,1,可预约,￥5.0,雾,19,20,2,0.0,93,41
2026-05-21 22:30:47,2026-05-22,2,乒乓球厅-7号,18:30-19:30,0,1,可预约,￥5.0,雾,19,19,3,0.0,88,46
2026-05-21 23:00:56,2026-05-22,2,乒乓球厅-7号,18:30-19:30,0,1,可预约,￥5.0,多云,18,17,3,0.0,85,46
2026-05-21 23:30:55,2026-05-22,2,乒乓球厅-7号,18:30-19:30,0,1,可预约,￥5.0,多云,18,17,3,0.0,85,48
2026-05-21 08:00:45,2026-05-22,2,乒乓球厅-7号,19:30-20:30,0,1,可预约,￥5.0,晴,17,12,5,0.0,86,29
2026-05-21 08:02:30,2026-05-22,2,乒乓球厅-7号,19:30-20:30,0,1,可预约,￥5.0,多云,17,12,5,0.0,87,29
2026-05-21 08:05:36,2026-05-22,2,乒乓球厅-7号,19:30-20:30,0,1,可预约,￥5.0,多云,17,12,5,0.0,86,29
2026-05-21 08:08:31,2026-05-22,2,乒乓球厅-7号,19:30-20:30,0,1,可预约,￥5.0,多云,17,12,5,0.0,86,29
2026-05-21 08:11:30,2026-05-22,2,乒乓球厅-7号,19:30-20:30,0,1,可预约,￥5.0,多云,17,12,5,0.0,86,29
2026-05-21 08:14:31,2026-05-22,2,乒乓球厅-7号,19:30-20:30,0,1,可预约,￥5.0,多云,17,12,5,0.0,86,29
2026-05-21 08:17:30,2026-05-22,2,乒乓球厅-7号,19:30-20:30,0,1,可预约,￥5.0,多云,17,12,5,0.0,86,29
2026-05-21 08:20:35,2026-05-22,2,乒乓球厅-7号,19:30-20:30,0,1,可预约,￥5.0,多云,17,14,4,0.0,85,29
2026-05-21 08:25:32,2026-05-22,2,乒乓球厅-7号,19:30-20:30,0,1,可预约,￥5.0,多云,17,14,4,0.0,85,28
2026-05-21 08:30:42,2026-05-22,2,乒乓球厅-7号,19:30-20:30,0,1,可预约,￥5.0,多云,18,15,4,0.0,84,28
2026-05-21 08:35:31,2026-05-22,2,乒乓球厅-7号,19:30-20:30,0,1,可预约,￥5.0,多云,18,15,4,0.0,84,28
2026-05-21 08:40:38,2026-05-22,2,乒乓球厅-7号,19:30-20:30,0,1,可预约,￥5.0,多云,18,15,4,0.0,82,28
2026-05-21 08:45:33,2026-05-22,2,乒乓球厅-7号,19:30-20:30,0,1,可预约,￥5.0,多云,18,15,4,0.0,82,28
2026-05-21 08:50:36,2026-05-22,2,乒乓球厅-7号,19:30-20:30,0,1,可预约,￥5.0,多云,18,15,4,0.0,82,28
2026-05-21 08:55:34,2026-05-22,2,乒乓球厅-7号,19:30-20:30,0,1,可预约,￥5.0,多云,18,15,4,0.0,84,28
2026-05-21 09:00:51,2026-05-22,2,乒乓球厅-7号,19:30-20:30,0,1,可预约,￥5.0,多云,18,15,4,0.0,84,28
2026-05-21 09:01:59,2026-05-22,2,乒乓球厅-7号,19:30-20:30,0,1,可预约,￥5.0,多云,18,15,4,0.0,83,28
2026-05-21 09:05:33,2026-05-22,2,乒乓球厅-7号,19:30-20:30,0,1,可预约,￥5.0,多云,18,15,4,0.0,83,28
2026-05-21 09:20:38,2026-05-22,2,乒乓球厅-7号,19:30-20:30,0,1,可预约,￥5.0,多云,18,16,3,0.0,81,28
2026-05-21 09:30:46,2026-05-22,2,乒乓球厅-7号,19:30-20:30,0,1,可预约,￥5.0,多云,18,16,3,0.0,81,32
2026-05-21 09:40:36,2026-05-22,2,乒乓球厅-7号,19:30-20:30,0,1,可预约,￥5.0,多云,19,17,3,0.0,79,32
2026-05-21 09:50:42,2026-05-22,2,乒乓球厅-7号,19:30-20:30,0,1,可预约,￥5.0,多云,19,17,4,0.0,81,32
2026-05-21 10:00:46,2026-05-22,2,乒乓球厅-7号,19:30-20:30,0,1,可预约,￥5.0,多云,19,17,4,0.0,79,32
2026-05-21 10:10:40,2026-05-22,2,乒乓球厅-7号,19:30-20:30,0,1,可预约,￥5.0,多云,19,17,4,0.0,79,32
2026-05-21 10:20:38,2026-05-22,2,乒乓球厅-7号,19:30-20:30,0,1,可预约,￥5.0,多云,19,17,4,0.0,79,32
2026-05-21 10:30:41,2026-05-22,2,乒乓球厅-7号,19:30-20:30,0,1,可预约,￥5.0,多云,19,18,3,0.0,78,31
2026-05-21 11:00:44,2026-05-22,2,乒乓球厅-7号,19:30-20:30,0,1,可预约,￥5.0,多云,21,17,5,0.0,74,31
2026-05-21 11:30:38,2026-05-22,2,乒乓球厅-7号,19:30-20:30,0,1,可预约,￥5.0,多云,21,19,3,0.0,72,33
2026-05-21 12:00:46,2026-05-22,2,乒乓球厅-7号,19:30-20:30,0,1,可预约,￥5.0,多云,22,19,4,0.0,70,33
2026-05-21 12:30:42,2026-05-22,2,乒乓球厅-7号,19:30-20:30,0,1,可预约,￥5.0,多云,22,21,3,0.0,68,35
2026-05-21 13:00:43,2026-05-22,2,乒乓球厅-7号,19:30-20:30,0,1,可预约,￥5.0,多云,24,22,4,0.0,66,35
2026-05-21 13:30:43,2026-05-22,2,乒乓球厅-7号,19:30-20:30,0,1,可预约,￥5.0,多云,24,22,4,0.0,66,36
2026-05-21 14:00:48,2026-05-22,2,乒乓球厅-7号,19:30-20:30,0,1,可预约,￥5.0,多云,25,23,4,0.0,66,36
2026-05-21 14:30:45,2026-05-22,2,乒乓球厅-7号,19:30-20:30,0,1,可预约,￥5.0,晴,25,25,3,0.0,65,39
2026-05-21 15:00:45,2026-05-22,2,乒乓球厅-7号,19:30-20:30,0,1,可预约,￥5.0,晴,25,22,4,0.0,56,39
2026-05-21 15:30:43,2026-05-22,2,乒乓球厅-7号,19:30-20:30,0,1,可预约,￥5.0,晴,25,23,4,0.0,57,40
2026-05-21 16:00:51,2026-05-22,2,乒乓球厅-7号,19:30-20:30,0,1,可预约,￥5.0,晴,25,23,4,0.0,57,40
2026-05-21 16:30:48,2026-05-22,2,乒乓球厅-7号,19:30-20:30,0,1,可预约,￥5.0,晴,25,24,3,0.0,60,39
2026-05-21 17:00:49,2026-05-22,2,乒乓球厅-7号,19:30-20:30,0,1,可预约,￥5.0,晴,25,24,4,0.0,61,39
2026-05-21 17:30:47,2026-05-22,2,乒乓球厅-7号,19:30-20:30,0,1,可预约,￥5.0,多云,24,23,3,0.0,64,39
2026-05-21 18:00:50,2026-05-22,2,乒乓球厅-7号,19:30-20:30,0,1,可预约,￥5.0,多云,24,23,3,0.0,68,39
2026-05-21 18:30:50,2026-05-22,2,乒乓球厅-7号,19:30-20:30,0,1,可预约,￥5.0,阴,24,25,2,0.0,68,40
2026-05-21 19:00:50,2026-05-22,2,乒乓球厅-7号,19:30-20:30,0,1,可预约,￥5.0,阴,23,23,3,0.0,76,40
2026-05-21 19:30:46,2026-05-22,2,乒乓球厅-7号,19:30-20:30,0,1,可预约,￥5.0,阴,23,24,2,0.0,77,39
2026-05-21 20:00:49,2026-05-22,2,乒乓球厅-7号,19:30-20:30,0,1,可预约,￥5.0,雾,22,23,2,0.0,89,39
2026-05-21 20:30:44,2026-05-22,2,乒乓球厅-7号,19:30-20:30,0,1,可预约,￥5.0,雾,22,24,2,0.0,93,43
2026-05-21 21:00:56,2026-05-22,2,乒乓球厅-7号,19:30-20:30,0,1,可预约,￥5.0,雾,20,21,2,0.0,98,43
2026-05-21 21:30:46,2026-05-22,2,乒乓球厅-7号,19:30-20:30,0,1,可预约,￥5.0,雾,20,22,1,0.0,99,41
2026-05-21 22:01:02,2026-05-22,2,乒乓球厅-7号,19:30-20:30,0,1,可预约,￥5.0,雾,19,20,2,0.0,93,41
2026-05-21 22:30:47,2026-05-22,2,乒乓球厅-7号,19:30-20:30,0,1,可预约,￥5.0,雾,19,19,3,0.0,88,46
2026-05-21 23:00:56,2026-05-22,2,乒乓球厅-7号,19:30-20:30,0,1,可预约,￥5.0,多云,18,17,3,0.0,85,46
2026-05-21 23:30:55,2026-05-22,2,乒乓球厅-7号,19:30-20:30,0,1,可预约,￥5.0,多云,18,17,3,0.0,85,48
2026-05-21 08:00:45,2026-05-22,2,乒乓球厅-7号,20:30-21:30,0,1,可预约,￥5.0,晴,17,12,5,0.0,86,29
2026-05-21 08:02:30,2026-05-22,2,乒乓球厅-7号,20:30-21:30,0,1,可预约,￥5.0,多云,17,12,5,0.0,87,29
2026-05-21 08:05:36,2026-05-22,2,乒乓球厅-7号,20:30-21:30,0,1,可预约,￥5.0,多云,17,12,5,0.0,86,29
2026-05-21 08:08:31,2026-05-22,2,乒乓球厅-7号,20:30-21:30,0,1,可预约,￥5.0,多云,17,12,5,0.0,86,29
2026-05-21 08:11:30,2026-05-22,2,乒乓球厅-7号,20:30-21:30,0,1,可预约,￥5.0,多云,17,12,5,0.0,86,29
2026-05-21 08:14:31,2026-05-22,2,乒乓球厅-7号,20:30-21:30,0,1,可预约,￥5.0,多云,17,12,5,0.0,86,29
2026-05-21 08:17:30,2026-05-22,2,乒乓球厅-7号,20:30-21:30,0,1,可预约,￥5.0,多云,17,12,5,0.0,86,29
2026-05-21 08:20:35,2026-05-22,2,乒乓球厅-7号,20:30-21:30,0,1,可预约,￥5.0,多云,17,14,4,0.0,85,29
2026-05-21 08:25:32,2026-05-22,2,乒乓球厅-7号,20:30-21:30,0,1,可预约,￥5.0,多云,17,14,4,0.0,85,28
2026-05-21 08:30:42,2026-05-22,2,乒乓球厅-7号,20:30-21:30,0,1,可预约,￥5.0,多云,18,15,4,0.0,84,28
2026-05-21 08:35:31,2026-05-22,2,乒乓球厅-7号,20:30-21:30,0,1,可预约,￥5.0,多云,18,15,4,0.0,84,28
2026-05-21 08:40:38,2026-05-22,2,乒乓球厅-7号,20:30-21:30,0,1,可预约,￥5.0,多云,18,15,4,0.0,82,28
2026-05-21 08:45:33,2026-05-22,2,乒乓球厅-7号,20:30-21:30,0,1,可预约,￥5.0,多云,18,15,4,0.0,82,28
2026-05-21 08:50:36,2026-05-22,2,乒乓球厅-7号,20:30-21:30,0,1,可预约,￥5.0,多云,18,15,4,0.0,82,28
2026-05-21 08:55:34,2026-05-22,2,乒乓球厅-7号,20:30-21:30,0,1,可预约,￥5.0,多云,18,15,4,0.0,84,28
2026-05-21 09:00:51,2026-05-22,2,乒乓球厅-7号,20:30-21:30,0,1,可预约,￥5.0,多云,18,15,4,0.0,84,28
2026-05-21 09:01:59,2026-05-22,2,乒乓球厅-7号,20:30-21:30,0,1,可预约,￥5.0,多云,18,15,4,0.0,83,28
2026-05-21 09:05:33,2026-05-22,2,乒乓球厅-7号,20:30-21:30,0,1,可预约,￥5.0,多云,18,15,4,0.0,83,28
2026-05-21 09:20:38,2026-05-22,2,乒乓球厅-7号,20:30-21:30,0,1,可预约,￥5.0,多云,18,16,3,0.0,81,28
2026-05-21 09:30:46,2026-05-22,2,乒乓球厅-7号,20:30-21:30,0,1,可预约,￥5.0,多云,18,16,3,0.0,81,32
2026-05-21 09:40:36,2026-05-22,2,乒乓球厅-7号,20:30-21:30,0,1,可预约,￥5.0,多云,19,17,3,0.0,79,32
2026-05-21 09:50:42,2026-05-22,2,乒乓球厅-7号,20:30-21:30,0,1,可预约,￥5.0,多云,19,17,4,0.0,81,32
2026-05-21 10:00:46,2026-05-22,2,乒乓球厅-7号,20:30-21:30,0,1,可预约,￥5.0,多云,19,17,4,0.0,79,32
2026-05-21 10:10:40,2026-05-22,2,乒乓球厅-7号,20:30-21:30,0,1,可预约,￥5.0,多云,19,17,4,0.0,79,32
2026-05-21 10:20:38,2026-05-22,2,乒乓球厅-7号,20:30-21:30,0,1,可预约,￥5.0,多云,19,17,4,0.0,79,32
2026-05-21 10:30:41,2026-05-22,2,乒乓球厅-7号,20:30-21:30,0,1,可预约,￥5.0,多云,19,18,3,0.0,78,31
2026-05-21 11:00:44,2026-05-22,2,乒乓球厅-7号,20:30-21:30,0,1,可预约,￥5.0,多云,21,17,5,0.0,74,31
2026-05-21 11:30:38,2026-05-22,2,乒乓球厅-7号,20:30-21:30,0,1,可预约,￥5.0,多云,21,19,3,0.0,72,33
2026-05-21 12:00:46,2026-05-22,2,乒乓球厅-7号,20:30-21:30,0,1,可预约,￥5.0,多云,22,19,4,0.0,70,33
2026-05-21 12:30:42,2026-05-22,2,乒乓球厅-7号,20:30-21:30,0,1,可预约,￥5.0,多云,22,21,3,0.0,68,35
2026-05-21 13:00:43,2026-05-22,2,乒乓球厅-7号,20:30-21:30,0,1,可预约,￥5.0,多云,24,22,4,0.0,66,35
2026-05-21 13:30:43,2026-05-22,2,乒乓球厅-7号,20:30-21:30,0,1,可预约,￥5.0,多云,24,22,4,0.0,66,36
2026-05-21 14:00:48,2026-05-22,2,乒乓球厅-7号,20:30-21:30,0,1,可预约,￥5.0,多云,25,23,4,0.0,66,36
2026-05-21 14:30:45,2026-05-22,2,乒乓球厅-7号,20:30-21:30,0,1,可预约,￥5.0,晴,25,25,3,0.0,65,39
2026-05-21 15:00:45,2026-05-22,2,乒乓球厅-7号,20:30-21:30,0,1,可预约,￥5.0,晴,25,22,4,0.0,56,39
2026-05-21 15:30:43,2026-05-22,2,乒乓球厅-7号,20:30-21:30,0,1,可预约,￥5.0,晴,25,23,4,0.0,57,40
2026-05-21 16:00:51,2026-05-22,2,乒乓球厅-7号,20:30-21:30,0,1,可预约,￥5.0,晴,25,23,4,0.0,57,40
2026-05-21 16:30:48,2026-05-22,2,乒乓球厅-7号,20:30-21:30,0,1,可预约,￥5.0,晴,25,24,3,0.0,60,39
2026-05-21 17:00:49,2026-05-22,2,乒乓球厅-7号,20:30-21:30,0,1,可预约,￥5.0,晴,25,24,4,0.0,61,39
2026-05-21 17:30:47,2026-05-22,2,乒乓球厅-7号,20:30-21:30,0,1,可预约,￥5.0,多云,24,23,3,0.0,64,39
2026-05-21 18:00:50,2026-05-22,2,乒乓球厅-7号,20:30-21:30,0,1,可预约,￥5.0,多云,24,23,3,0.0,68,39
2026-05-21 18:30:50,2026-05-22,2,乒乓球厅-7号,20:30-21:30,0,1,可预约,￥5.0,阴,24,25,2,0.0,68,40
2026-05-21 19:00:50,2026-05-22,2,乒乓球厅-7号,20:30-21:30,0,1,可预约,￥5.0,阴,23,23,3,0.0,76,40
2026-05-21 19:30:46,2026-05-22,2,乒乓球厅-7号,20:30-21:30,0,1,可预约,￥5.0,阴,23,24,2,0.0,77,39
2026-05-21 20:00:49,2026-05-22,2,乒乓球厅-7号,20:30-21:30,0,1,可预约,￥5.0,雾,22,23,2,0.0,89,39
2026-05-21 20:30:44,2026-05-22,2,乒乓球厅-7号,20:30-21:30,0,1,可预约,￥5.0,雾,22,24,2,0.0,93,43
2026-05-21 21:00:56,2026-05-22,2,乒乓球厅-7号,20:30-21:30,0,1,可预约,￥5.0,雾,20,21,2,0.0,98,43
2026-05-21 21:30:46,2026-05-22,2,乒乓球厅-7号,20:30-21:30,0,1,可预约,￥5.0,雾,20,22,1,0.0,99,41
2026-05-21 22:01:02,2026-05-22,2,乒乓球厅-7号,20:30-21:30,0,1,可预约,￥5.0,雾,19,20,2,0.0,93,41
2026-05-21 22:30:47,2026-05-22,2,乒乓球厅-7号,20:30-21:30,0,1,可预约,￥5.0,雾,19,19,3,0.0,88,46
2026-05-21 23:00:56,2026-05-22,2,乒乓球厅-7号,20:30-21:30,0,1,可预约,￥5.0,多云,18,17,3,0.0,85,46
2026-05-21 23:30:55,2026-05-22,2,乒乓球厅-7号,20:30-21:30,0,1,可预约,￥5.0,多云,18,17,3,0.0,85,48
2026-05-21 08:00:45,2026-05-22,2,乒乓球厅-8号,07:00-08:00,0,1,可预约,￥0.0,晴,17,12,5,0.0,86,29
2026-05-21 08:02:30,2026-05-22,2,乒乓球厅-8号,07:00-08:00,0,1,可预约,￥0.0,多云,17,12,5,0.0,87,29
2026-05-21 08:05:36,2026-05-22,2,乒乓球厅-8号,07:00-08:00,0,1,可预约,￥0.0,多云,17,12,5,0.0,86,29
2026-05-21 08:08:31,2026-05-22,2,乒乓球厅-8号,07:00-08:00,0,1,可预约,￥0.0,多云,17,12,5,0.0,86,29
2026-05-21 08:11:30,2026-05-22,2,乒乓球厅-8号,07:00-08:00,0,1,可预约,￥0.0,多云,17,12,5,0.0,86,29
2026-05-21 08:14:31,2026-05-22,2,乒乓球厅-8号,07:00-08:00,0,1,可预约,￥0.0,多云,17,12,5,0.0,86,29
2026-05-21 08:17:30,2026-05-22,2,乒乓球厅-8号,07:00-08:00,0,1,可预约,￥0.0,多云,17,12,5,0.0,86,29
2026-05-21 08:20:35,2026-05-22,2,乒乓球厅-8号,07:00-08:00,0,1,可预约,￥0.0,多云,17,14,4,0.0,85,29
2026-05-21 08:25:32,2026-05-22,2,乒乓球厅-8号,07:00-08:00,0,1,可预约,￥0.0,多云,17,14,4,0.0,85,28
2026-05-21 08:30:42,2026-05-22,2,乒乓球厅-8号,07:00-08:00,0,1,可预约,￥0.0,多云,18,15,4,0.0,84,28
2026-05-21 08:35:31,2026-05-22,2,乒乓球厅-8号,07:00-08:00,0,1,可预约,￥0.0,多云,18,15,4,0.0,84,28
2026-05-21 08:40:38,2026-05-22,2,乒乓球厅-8号,07:00-08:00,0,1,可预约,￥0.0,多云,18,15,4,0.0,82,28
2026-05-21 08:45:33,2026-05-22,2,乒乓球厅-8号,07:00-08:00,0,1,可预约,￥0.0,多云,18,15,4,0.0,82,28
2026-05-21 08:50:36,2026-05-22,2,乒乓球厅-8号,07:00-08:00,0,1,可预约,￥0.0,多云,18,15,4,0.0,82,28
2026-05-21 08:55:34,2026-05-22,2,乒乓球厅-8号,07:00-08:00,0,1,可预约,￥0.0,多云,18,15,4,0.0,84,28
2026-05-21 09:00:51,2026-05-22,2,乒乓球厅-8号,07:00-08:00,0,1,可预约,￥0.0,多云,18,15,4,0.0,84,28
2026-05-21 09:01:59,2026-05-22,2,乒乓球厅-8号,07:00-08:00,0,1,可预约,￥0.0,多云,18,15,4,0.0,83,28
2026-05-21 09:05:33,2026-05-22,2,乒乓球厅-8号,07:00-08:00,0,1,可预约,￥0.0,多云,18,15,4,0.0,83,28
2026-05-21 09:20:38,2026-05-22,2,乒乓球厅-8号,07:00-08:00,0,1,可预约,￥0.0,多云,18,16,3,0.0,81,28
2026-05-21 09:30:46,2026-05-22,2,乒乓球厅-8号,07:00-08:00,0,1,可预约,￥0.0,多云,18,16,3,0.0,81,32
2026-05-21 09:40:36,2026-05-22,2,乒乓球厅-8号,07:00-08:00,0,1,可预约,￥0.0,多云,19,17,3,0.0,79,32
2026-05-21 09:50:42,2026-05-22,2,乒乓球厅-8号,07:00-08:00,0,1,可预约,￥0.0,多云,19,17,4,0.0,81,32
2026-05-21 10:00:46,2026-05-22,2,乒乓球厅-8号,07:00-08:00,0,1,可预约,￥0.0,多云,19,17,4,0.0,79,32
2026-05-21 10:10:40,2026-05-22,2,乒乓球厅-8号,07:00-08:00,0,1,可预约,￥0.0,多云,19,17,4,0.0,79,32
2026-05-21 10:20:38,2026-05-22,2,乒乓球厅-8号,07:00-08:00,0,1,可预约,￥0.0,多云,19,17,4,0.0,79,32
2026-05-21 10:30:41,2026-05-22,2,乒乓球厅-8号,07:00-08:00,0,1,可预约,￥0.0,多云,19,18,3,0.0,78,31
2026-05-21 11:00:44,2026-05-22,2,乒乓球厅-8号,07:00-08:00,0,1,可预约,￥0.0,多云,21,17,5,0.0,74,31
2026-05-21 11:30:38,2026-05-22,2,乒乓球厅-8号,07:00-08:00,0,1,可预约,￥0.0,多云,21,19,3,0.0,72,33
2026-05-21 12:00:46,2026-05-22,2,乒乓球厅-8号,07:00-08:00,0,1,可预约,￥0.0,多云,22,19,4,0.0,70,33
2026-05-21 12:30:42,2026-05-22,2,乒乓球厅-8号,07:00-08:00,0,1,可预约,￥0.0,多云,22,21,3,0.0,68,35
2026-05-21 13:00:43,2026-05-22,2,乒乓球厅-8号,07:00-08:00,0,1,可预约,￥0.0,多云,24,22,4,0.0,66,35
2026-05-21 13:30:43,2026-05-22,2,乒乓球厅-8号,07:00-08:00,0,1,可预约,￥0.0,多云,24,22,4,0.0,66,36
2026-05-21 14:00:48,2026-05-22,2,乒乓球厅-8号,07:00-08:00,0,1,可预约,￥0.0,多云,25,23,4,0.0,66,36
2026-05-21 14:30:45,2026-05-22,2,乒乓球厅-8号,07:00-08:00,0,1,可预约,￥0.0,晴,25,25,3,0.0,65,39
2026-05-21 15:00:45,2026-05-22,2,乒乓球厅-8号,07:00-08:00,0,1,可预约,￥0.0,晴,25,22,4,0.0,56,39
2026-05-21 15:30:43,2026-05-22,2,乒乓球厅-8号,07:00-08:00,0,1,可预约,￥0.0,晴,25,23,4,0.0,57,40
2026-05-21 16:00:51,2026-05-22,2,乒乓球厅-8号,07:00-08:00,0,1,可预约,￥0.0,晴,25,23,4,0.0,57,40
2026-05-21 16:30:48,2026-05-22,2,乒乓球厅-8号,07:00-08:00,0,1,可预约,￥0.0,晴,25,24,3,0.0,60,39
2026-05-21 17:00:49,2026-05-22,2,乒乓球厅-8号,07:00-08:00,0,1,可预约,￥0.0,晴,25,24,4,0.0,61,39
2026-05-21 17:30:47,2026-05-22,2,乒乓球厅-8号,07:00-08:00,0,1,可预约,￥0.0,多云,24,23,3,0.0,64,39
2026-05-21 18:00:50,2026-05-22,2,乒乓球厅-8号,07:00-08:00,0,1,可预约,￥0.0,多云,24,23,3,0.0,68,39
2026-05-21 18:30:50,2026-05-22,2,乒乓球厅-8号,07:00-08:00,0,1,可预约,￥0.0,阴,24,25,2,0.0,68,40
2026-05-21 19:00:50,2026-05-22,2,乒乓球厅-8号,07:00-08:00,0,1,可预约,￥0.0,阴,23,23,3,0.0,76,40
2026-05-21 19:30:46,2026-05-22,2,乒乓球厅-8号,07:00-08:00,0,1,可预约,￥0.0,阴,23,24,2,0.0,77,39
2026-05-21 20:00:49,2026-05-22,2,乒乓球厅-8号,07:00-08:00,0,1,可预约,￥0.0,雾,22,23,2,0.0,89,39
2026-05-21 20:30:44,2026-05-22,2,乒乓球厅-8号,07:00-08:00,0,1,可预约,￥0.0,雾,22,24,2,0.0,93,43
2026-05-21 21:00:56,2026-05-22,2,乒乓球厅-8号,07:00-08:00,0,1,可预约,￥0.0,雾,20,21,2,0.0,98,43
2026-05-21 21:30:46,2026-05-22,2,乒乓球厅-8号,07:00-08:00,0,1,可预约,￥0.0,雾,20,22,1,0.0,99,41
2026-05-21 22:01:02,2026-05-22,2,乒乓球厅-8号,07:00-08:00,0,1,可预约,￥0.0,雾,19,20,2,0.0,93,41
2026-05-21 22:30:47,2026-05-22,2,乒乓球厅-8号,07:00-08:00,0,1,可预约,￥0.0,雾,19,19,3,0.0,88,46
2026-05-21 23:00:56,2026-05-22,2,乒乓球厅-8号,07:00-08:00,0,1,可预约,￥0.0,多云,18,17,3,0.0,85,46
2026-05-21 23:30:55,2026-05-22,2,乒乓球厅-8号,07:00-08:00,0,1,可预约,￥0.0,多云,18,17,3,0.0,85,48
2026-05-21 08:00:45,2026-05-22,2,乒乓球厅-8号,08:00-09:00,0,1,可预约,￥0.0,晴,17,12,5,0.0,86,29
2026-05-21 08:02:30,2026-05-22,2,乒乓球厅-8号,08:00-09:00,0,1,可预约,￥0.0,多云,17,12,5,0.0,87,29
2026-05-21 08:05:36,2026-05-22,2,乒乓球厅-8号,08:00-09:00,0,1,可预约,￥0.0,多云,17,12,5,0.0,86,29
2026-05-21 08:08:31,2026-05-22,2,乒乓球厅-8号,08:00-09:00,0,1,可预约,￥0.0,多云,17,12,5,0.0,86,29
2026-05-21 08:11:30,2026-05-22,2,乒乓球厅-8号,08:00-09:00,0,1,可预约,￥0.0,多云,17,12,5,0.0,86,29
2026-05-21 08:14:31,2026-05-22,2,乒乓球厅-8号,08:00-09:00,0,1,可预约,￥0.0,多云,17,12,5,0.0,86,29
2026-05-21 08:17:30,2026-05-22,2,乒乓球厅-8号,08:00-09:00,0,1,可预约,￥0.0,多云,17,12,5,0.0,86,29
2026-05-21 08:20:35,2026-05-22,2,乒乓球厅-8号,08:00-09:00,0,1,可预约,￥0.0,多云,17,14,4,0.0,85,29
2026-05-21 08:25:32,2026-05-22,2,乒乓球厅-8号,08:00-09:00,0,1,可预约,￥0.0,多云,17,14,4,0.0,85,28
2026-05-21 08:30:42,2026-05-22,2,乒乓球厅-8号,08:00-09:00,0,1,可预约,￥0.0,多云,18,15,4,0.0,84,28
2026-05-21 08:35:31,2026-05-22,2,乒乓球厅-8号,08:00-09:00,0,1,可预约,￥0.0,多云,18,15,4,0.0,84,28
2026-05-21 08:40:38,2026-05-22,2,乒乓球厅-8号,08:00-09:00,0,1,可预约,￥0.0,多云,18,15,4,0.0,82,28
2026-05-21 08:45:33,2026-05-22,2,乒乓球厅-8号,08:00-09:00,0,1,可预约,￥0.0,多云,18,15,4,0.0,82,28
2026-05-21 08:50:36,2026-05-22,2,乒乓球厅-8号,08:00-09:00,0,1,可预约,￥0.0,多云,18,15,4,0.0,82,28
2026-05-21 08:55:34,2026-05-22,2,乒乓球厅-8号,08:00-09:00,0,1,可预约,￥0.0,多云,18,15,4,0.0,84,28
2026-05-21 09:00:51,2026-05-22,2,乒乓球厅-8号,08:00-09:00,0,1,可预约,￥0.0,多云,18,15,4,0.0,84,28
2026-05-21 09:01:59,2026-05-22,2,乒乓球厅-8号,08:00-09:00,0,1,可预约,￥0.0,多云,18,15,4,0.0,83,28
2026-05-21 09:05:33,2026-05-22,2,乒乓球厅-8号,08:00-09:00,0,1,可预约,￥0.0,多云,18,15,4,0.0,83,28
2026-05-21 09:20:38,2026-05-22,2,乒乓球厅-8号,08:00-09:00,0,1,可预约,￥0.0,多云,18,16,3,0.0,81,28
2026-05-21 09:30:46,2026-05-22,2,乒乓球厅-8号,08:00-09:00,0,1,可预约,￥0.0,多云,18,16,3,0.0,81,32
2026-05-21 09:40:36,2026-05-22,2,乒乓球厅-8号,08:00-09:00,0,1,可预约,￥0.0,多云,19,17,3,0.0,79,32
2026-05-21 09:50:42,2026-05-22,2,乒乓球厅-8号,08:00-09:00,0,1,可预约,￥0.0,多云,19,17,4,0.0,81,32
2026-05-21 10:00:46,2026-05-22,2,乒乓球厅-8号,08:00-09:00,0,1,可预约,￥0.0,多云,19,17,4,0.0,79,32
2026-05-21 10:10:40,2026-05-22,2,乒乓球厅-8号,08:00-09:00,0,1,可预约,￥0.0,多云,19,17,4,0.0,79,32
2026-05-21 10:20:38,2026-05-22,2,乒乓球厅-8号,08:00-09:00,0,1,可预约,￥0.0,多云,19,17,4,0.0,79,32
2026-05-21 10:30:41,2026-05-22,2,乒乓球厅-8号,08:00-09:00,0,1,可预约,￥0.0,多云,19,18,3,0.0,78,31
2026-05-21 11:00:44,2026-05-22,2,乒乓球厅-8号,08:00-09:00,0,1,可预约,￥0.0,多云,21,17,5,0.0,74,31
2026-05-21 11:30:38,2026-05-22,2,乒乓球厅-8号,08:00-09:00,0,1,可预约,￥0.0,多云,21,19,3,0.0,72,33
2026-05-21 12:00:46,2026-05-22,2,乒乓球厅-8号,08:00-09:00,0,1,可预约,￥0.0,多云,22,19,4,0.0,70,33
2026-05-21 12:30:42,2026-05-22,2,乒乓球厅-8号,08:00-09:00,0,1,可预约,￥0.0,多云,22,21,3,0.0,68,35
2026-05-21 13:00:43,2026-05-22,2,乒乓球厅-8号,08:00-09:00,0,1,可预约,￥0.0,多云,24,22,4,0.0,66,35
2026-05-21 13:30:43,2026-05-22,2,乒乓球厅-8号,08:00-09:00,0,1,可预约,￥0.0,多云,24,22,4,0.0,66,36
2026-05-21 14:00:48,2026-05-22,2,乒乓球厅-8号,08:00-09:00,0,1,可预约,￥0.0,多云,25,23,4,0.0,66,36
2026-05-21 14:30:45,2026-05-22,2,乒乓球厅-8号,08:00-09:00,0,1,可预约,￥0.0,晴,25,25,3,0.0,65,39
2026-05-21 15:00:45,2026-05-22,2,乒乓球厅-8号,08:00-09:00,0,1,可预约,￥0.0,晴,25,22,4,0.0,56,39
2026-05-21 15:30:43,2026-05-22,2,乒乓球厅-8号,08:00-09:00,0,1,可预约,￥0.0,晴,25,23,4,0.0,57,40
2026-05-21 16:00:51,2026-05-22,2,乒乓球厅-8号,08:00-09:00,0,1,可预约,￥0.0,晴,25,23,4,0.0,57,40
2026-05-21 16:30:48,2026-05-22,2,乒乓球厅-8号,08:00-09:00,0,1,可预约,￥0.0,晴,25,24,3,0.0,60,39
2026-05-21 17:00:49,2026-05-22,2,乒乓球厅-8号,08:00-09:00,0,1,可预约,￥0.0,晴,25,24,4,0.0,61,39
2026-05-21 17:30:47,2026-05-22,2,乒乓球厅-8号,08:00-09:00,0,1,可预约,￥0.0,多云,24,23,3,0.0,64,39
2026-05-21 18:00:50,2026-05-22,2,乒乓球厅-8号,08:00-09:00,0,1,可预约,￥0.0,多云,24,23,3,0.0,68,39
2026-05-21 18:30:50,2026-05-22,2,乒乓球厅-8号,08:00-09:00,0,1,可预约,￥0.0,阴,24,25,2,0.0,68,40
2026-05-21 19:00:50,2026-05-22,2,乒乓球厅-8号,08:00-09:00,0,1,可预约,￥0.0,阴,23,23,3,0.0,76,40
2026-05-21 19:30:46,2026-05-22,2,乒乓球厅-8号,08:00-09:00,0,1,可预约,￥0.0,阴,23,24,2,0.0,77,39
2026-05-21 20:00:49,2026-05-22,2,乒乓球厅-8号,08:00-09:00,0,1,可预约,￥0.0,雾,22,23,2,0.0,89,39
2026-05-21 20:30:44,2026-05-22,2,乒乓球厅-8号,08:00-09:00,0,1,可预约,￥0.0,雾,22,24,2,0.0,93,43
2026-05-21 21:00:56,2026-05-22,2,乒乓球厅-8号,08:00-09:00,0,1,可预约,￥0.0,雾,20,21,2,0.0,98,43
2026-05-21 21:30:46,2026-05-22,2,乒乓球厅-8号,08:00-09:00,0,1,可预约,￥0.0,雾,20,22,1,0.0,99,41
2026-05-21 22:01:02,2026-05-22,2,乒乓球厅-8号,08:00-09:00,0,1,可预约,￥0.0,雾,19,20,2,0.0,93,41
2026-05-21 22:30:47,2026-05-22,2,乒乓球厅-8号,08:00-09:00,0,1,可预约,￥0.0,雾,19,19,3,0.0,88,46
2026-05-21 23:00:56,2026-05-22,2,乒乓球厅-8号,08:00-09:00,0,1,可预约,￥0.0,多云,18,17,3,0.0,85,46
2026-05-21 23:30:55,2026-05-22,2,乒乓球厅-8号,08:00-09:00,0,1,可预约,￥0.0,多云,18,17,3,0.0,85,48
2026-05-21 08:00:45,2026-05-22,2,乒乓球厅-8号,09:00-10:00,0,1,可预约,￥5.0,晴,17,12,5,0.0,86,29
2026-05-21 08:02:30,2026-05-22,2,乒乓球厅-8号,09:00-10:00,0,1,可预约,￥5.0,多云,17,12,5,0.0,87,29
2026-05-21 08:05:36,2026-05-22,2,乒乓球厅-8号,09:00-10:00,0,1,可预约,￥5.0,多云,17,12,5,0.0,86,29
2026-05-21 08:08:31,2026-05-22,2,乒乓球厅-8号,09:00-10:00,0,1,可预约,￥5.0,多云,17,12,5,0.0,86,29
2026-05-21 08:11:30,2026-05-22,2,乒乓球厅-8号,09:00-10:00,0,1,可预约,￥5.0,多云,17,12,5,0.0,86,29
2026-05-21 08:14:31,2026-05-22,2,乒乓球厅-8号,09:00-10:00,0,1,可预约,￥5.0,多云,17,12,5,0.0,86,29
2026-05-21 08:17:30,2026-05-22,2,乒乓球厅-8号,09:00-10:00,0,1,可预约,￥5.0,多云,17,12,5,0.0,86,29
2026-05-21 08:20:35,2026-05-22,2,乒乓球厅-8号,09:00-10:00,0,1,可预约,￥5.0,多云,17,14,4,0.0,85,29
2026-05-21 08:25:32,2026-05-22,2,乒乓球厅-8号,09:00-10:00,0,1,可预约,￥5.0,多云,17,14,4,0.0,85,28
2026-05-21 08:30:42,2026-05-22,2,乒乓球厅-8号,09:00-10:00,0,1,可预约,￥5.0,多云,18,15,4,0.0,84,28
2026-05-21 08:35:31,2026-05-22,2,乒乓球厅-8号,09:00-10:00,0,1,可预约,￥5.0,多云,18,15,4,0.0,84,28
2026-05-21 08:40:38,2026-05-22,2,乒乓球厅-8号,09:00-10:00,0,1,可预约,￥5.0,多云,18,15,4,0.0,82,28
2026-05-21 08:45:33,2026-05-22,2,乒乓球厅-8号,09:00-10:00,0,1,可预约,￥5.0,多云,18,15,4,0.0,82,28
2026-05-21 08:50:36,2026-05-22,2,乒乓球厅-8号,09:00-10:00,0,1,可预约,￥5.0,多云,18,15,4,0.0,82,28
2026-05-21 08:55:34,2026-05-22,2,乒乓球厅-8号,09:00-10:00,0,1,可预约,￥5.0,多云,18,15,4,0.0,84,28
2026-05-21 09:00:51,2026-05-22,2,乒乓球厅-8号,09:00-10:00,0,1,可预约,￥5.0,多云,18,15,4,0.0,84,28
2026-05-21 09:01:59,2026-05-22,2,乒乓球厅-8号,09:00-10:00,0,1,可预约,￥5.0,多云,18,15,4,0.0,83,28
2026-05-21 09:05:33,2026-05-22,2,乒乓球厅-8号,09:00-10:00,0,1,可预约,￥5.0,多云,18,15,4,0.0,83,28
2026-05-21 09:20:38,2026-05-22,2,乒乓球厅-8号,09:00-10:00,0,1,可预约,￥5.0,多云,18,16,3,0.0,81,28
2026-05-21 09:30:46,2026-05-22,2,乒乓球厅-8号,09:00-10:00,0,1,可预约,￥5.0,多云,18,16,3,0.0,81,32
2026-05-21 09:40:36,2026-05-22,2,乒乓球厅-8号,09:00-10:00,0,1,可预约,￥5.0,多云,19,17,3,0.0,79,32
2026-05-21 09:50:42,2026-05-22,2,乒乓球厅-8号,09:00-10:00,0,1,可预约,￥5.0,多云,19,17,4,0.0,81,32
2026-05-21 10:00:46,2026-05-22,2,乒乓球厅-8号,09:00-10:00,0,1,可预约,￥5.0,多云,19,17,4,0.0,79,32
2026-05-21 10:10:40,2026-05-22,2,乒乓球厅-8号,09:00-10:00,0,1,可预约,￥5.0,多云,19,17,4,0.0,79,32
2026-05-21 10:20:38,2026-05-22,2,乒乓球厅-8号,09:00-10:00,0,1,可预约,￥5.0,多云,19,17,4,0.0,79,32
2026-05-21 10:30:41,2026-05-22,2,乒乓球厅-8号,09:00-10:00,0,1,可预约,￥5.0,多云,19,18,3,0.0,78,31
2026-05-21 11:00:44,2026-05-22,2,乒乓球厅-8号,09:00-10:00,0,1,可预约,￥5.0,多云,21,17,5,0.0,74,31
2026-05-21 11:30:38,2026-05-22,2,乒乓球厅-8号,09:00-10:00,0,1,可预约,￥5.0,多云,21,19,3,0.0,72,33
2026-05-21 12:00:46,2026-05-22,2,乒乓球厅-8号,09:00-10:00,0,1,可预约,￥5.0,多云,22,19,4,0.0,70,33
2026-05-21 12:30:42,2026-05-22,2,乒乓球厅-8号,09:00-10:00,0,1,可预约,￥5.0,多云,22,21,3,0.0,68,35
2026-05-21 13:00:43,2026-05-22,2,乒乓球厅-8号,09:00-10:00,0,1,可预约,￥5.0,多云,24,22,4,0.0,66,35
2026-05-21 13:30:43,2026-05-22,2,乒乓球厅-8号,09:00-10:00,0,1,可预约,￥5.0,多云,24,22,4,0.0,66,36
2026-05-21 14:00:48,2026-05-22,2,乒乓球厅-8号,09:00-10:00,0,1,可预约,￥5.0,多云,25,23,4,0.0,66,36
2026-05-21 14:30:45,2026-05-22,2,乒乓球厅-8号,09:00-10:00,0,1,可预约,￥5.0,晴,25,25,3,0.0,65,39
2026-05-21 15:00:45,2026-05-22,2,乒乓球厅-8号,09:00-10:00,0,1,可预约,￥5.0,晴,25,22,4,0.0,56,39
2026-05-21 15:30:43,2026-05-22,2,乒乓球厅-8号,09:00-10:00,0,1,可预约,￥5.0,晴,25,23,4,0.0,57,40
2026-05-21 16:00:51,2026-05-22,2,乒乓球厅-8号,09:00-10:00,0,1,可预约,￥5.0,晴,25,23,4,0.0,57,40
2026-05-21 16:30:48,2026-05-22,2,乒乓球厅-8号,09:00-10:00,0,1,可预约,￥5.0,晴,25,24,3,0.0,60,39
2026-05-21 17:00:49,2026-05-22,2,乒乓球厅-8号,09:00-10:00,0,1,可预约,￥5.0,晴,25,24,4,0.0,61,39
2026-05-21 17:30:47,2026-05-22,2,乒乓球厅-8号,09:00-10:00,0,1,可预约,￥5.0,多云,24,23,3,0.0,64,39
2026-05-21 18:00:50,2026-05-22,2,乒乓球厅-8号,09:00-10:00,0,1,可预约,￥5.0,多云,24,23,3,0.0,68,39
2026-05-21 18:30:50,2026-05-22,2,乒乓球厅-8号,09:00-10:00,0,1,可预约,￥5.0,阴,24,25,2,0.0,68,40
2026-05-21 19:00:50,2026-05-22,2,乒乓球厅-8号,09:00-10:00,0,1,可预约,￥5.0,阴,23,23,3,0.0,76,40
2026-05-21 19:30:46,2026-05-22,2,乒乓球厅-8号,09:00-10:00,0,1,可预约,￥5.0,阴,23,24,2,0.0,77,39
2026-05-21 20:00:49,2026-05-22,2,乒乓球厅-8号,09:00-10:00,0,1,可预约,￥5.0,雾,22,23,2,0.0,89,39
2026-05-21 20:30:44,2026-05-22,2,乒乓球厅-8号,09:00-10:00,0,1,可预约,￥5.0,雾,22,24,2,0.0,93,43
2026-05-21 21:00:56,2026-05-22,2,乒乓球厅-8号,09:00-10:00,0,1,可预约,￥5.0,雾,20,21,2,0.0,98,43
2026-05-21 21:30:46,2026-05-22,2,乒乓球厅-8号,09:00-10:00,0,1,可预约,￥5.0,雾,20,22,1,0.0,99,41
2026-05-21 22:01:02,2026-05-22,2,乒乓球厅-8号,09:00-10:00,0,1,可预约,￥5.0,雾,19,20,2,0.0,93,41
2026-05-21 22:30:47,2026-05-22,2,乒乓球厅-8号,09:00-10:00,0,1,可预约,￥5.0,雾,19,19,3,0.0,88,46
2026-05-21 23:00:56,2026-05-22,2,乒乓球厅-8号,09:00-10:00,0,1,可预约,￥5.0,多云,18,17,3,0.0,85,46
2026-05-21 23:30:55,2026-05-22,2,乒乓球厅-8号,09:00-10:00,0,1,可预约,￥5.0,多云,18,17,3,0.0,85,48
2026-05-21 08:00:45,2026-05-22,2,乒乓球厅-8号,10:00-11:00,0,1,可预约,￥5.0,晴,17,12,5,0.0,86,29
2026-05-21 08:02:30,2026-05-22,2,乒乓球厅-8号,10:00-11:00,0,1,可预约,￥5.0,多云,17,12,5,0.0,87,29
2026-05-21 08:05:36,2026-05-22,2,乒乓球厅-8号,10:00-11:00,0,1,可预约,￥5.0,多云,17,12,5,0.0,86,29
2026-05-21 08:08:31,2026-05-22,2,乒乓球厅-8号,10:00-11:00,0,1,可预约,￥5.0,多云,17,12,5,0.0,86,29
2026-05-21 08:11:30,2026-05-22,2,乒乓球厅-8号,10:00-11:00,0,1,可预约,￥5.0,多云,17,12,5,0.0,86,29
2026-05-21 08:14:31,2026-05-22,2,乒乓球厅-8号,10:00-11:00,0,1,可预约,￥5.0,多云,17,12,5,0.0,86,29
2026-05-21 08:17:30,2026-05-22,2,乒乓球厅-8号,10:00-11:00,0,1,可预约,￥5.0,多云,17,12,5,0.0,86,29
2026-05-21 08:20:35,2026-05-22,2,乒乓球厅-8号,10:00-11:00,0,1,可预约,￥5.0,多云,17,14,4,0.0,85,29
2026-05-21 08:25:32,2026-05-22,2,乒乓球厅-8号,10:00-11:00,0,1,可预约,￥5.0,多云,17,14,4,0.0,85,28
2026-05-21 08:30:42,2026-05-22,2,乒乓球厅-8号,10:00-11:00,0,1,可预约,￥5.0,多云,18,15,4,0.0,84,28
2026-05-21 08:35:31,2026-05-22,2,乒乓球厅-8号,10:00-11:00,0,1,可预约,￥5.0,多云,18,15,4,0.0,84,28
2026-05-21 08:40:38,2026-05-22,2,乒乓球厅-8号,10:00-11:00,0,1,可预约,￥5.0,多云,18,15,4,0.0,82,28
2026-05-21 08:45:33,2026-05-22,2,乒乓球厅-8号,10:00-11:00,0,1,可预约,￥5.0,多云,18,15,4,0.0,82,28
2026-05-21 08:50:36,2026-05-22,2,乒乓球厅-8号,10:00-11:00,0,1,可预约,￥5.0,多云,18,15,4,0.0,82,28
2026-05-21 08:55:34,2026-05-22,2,乒乓球厅-8号,10:00-11:00,0,1,可预约,￥5.0,多云,18,15,4,0.0,84,28
2026-05-21 09:00:51,2026-05-22,2,乒乓球厅-8号,10:00-11:00,0,1,可预约,￥5.0,多云,18,15,4,0.0,84,28
2026-05-21 09:01:59,2026-05-22,2,乒乓球厅-8号,10:00-11:00,0,1,可预约,￥5.0,多云,18,15,4,0.0,83,28
2026-05-21 09:05:33,2026-05-22,2,乒乓球厅-8号,10:00-11:00,0,1,可预约,￥5.0,多云,18,15,4,0.0,83,28
2026-05-21 09:20:38,2026-05-22,2,乒乓球厅-8号,10:00-11:00,0,1,可预约,￥5.0,多云,18,16,3,0.0,81,28
2026-05-21 09:30:46,2026-05-22,2,乒乓球厅-8号,10:00-11:00,0,1,可预约,￥5.0,多云,18,16,3,0.0,81,32
2026-05-21 09:40:36,2026-05-22,2,乒乓球厅-8号,10:00-11:00,0,1,可预约,￥5.0,多云,19,17,3,0.0,79,32
2026-05-21 09:50:42,2026-05-22,2,乒乓球厅-8号,10:00-11:00,0,1,可预约,￥5.0,多云,19,17,4,0.0,81,32
2026-05-21 10:00:46,2026-05-22,2,乒乓球厅-8号,10:00-11:00,0,1,可预约,￥5.0,多云,19,17,4,0.0,79,32
2026-05-21 10:10:40,2026-05-22,2,乒乓球厅-8号,10:00-11:00,0,1,可预约,￥5.0,多云,19,17,4,0.0,79,32
2026-05-21 10:20:38,2026-05-22,2,乒乓球厅-8号,10:00-11:00,0,1,可预约,￥5.0,多云,19,17,4,0.0,79,32
2026-05-21 10:30:41,2026-05-22,2,乒乓球厅-8号,10:00-11:00,0,1,可预约,￥5.0,多云,19,18,3,0.0,78,31
2026-05-21 11:00:44,2026-05-22,2,乒乓球厅-8号,10:00-11:00,0,1,可预约,￥5.0,多云,21,17,5,0.0,74,31
2026-05-21 11:30:38,2026-05-22,2,乒乓球厅-8号,10:00-11:00,0,1,可预约,￥5.0,多云,21,19,3,0.0,72,33
2026-05-21 12:00:46,2026-05-22,2,乒乓球厅-8号,10:00-11:00,0,1,可预约,￥5.0,多云,22,19,4,0.0,70,33
2026-05-21 12:30:42,2026-05-22,2,乒乓球厅-8号,10:00-11:00,0,1,可预约,￥5.0,多云,22,21,3,0.0,68,35
2026-05-21 13:00:43,2026-05-22,2,乒乓球厅-8号,10:00-11:00,0,1,可预约,￥5.0,多云,24,22,4,0.0,66,35
2026-05-21 13:30:43,2026-05-22,2,乒乓球厅-8号,10:00-11:00,0,1,可预约,￥5.0,多云,24,22,4,0.0,66,36
2026-05-21 14:00:48,2026-05-22,2,乒乓球厅-8号,10:00-11:00,0,1,可预约,￥5.0,多云,25,23,4,0.0,66,36
2026-05-21 14:30:45,2026-05-22,2,乒乓球厅-8号,10:00-11:00,0,1,可预约,￥5.0,晴,25,25,3,0.0,65,39
2026-05-21 15:00:45,2026-05-22,2,乒乓球厅-8号,10:00-11:00,0,1,可预约,￥5.0,晴,25,22,4,0.0,56,39
2026-05-21 15:30:43,2026-05-22,2,乒乓球厅-8号,10:00-11:00,0,1,可预约,￥5.0,晴,25,23,4,0.0,57,40
2026-05-21 16:00:51,2026-05-22,2,乒乓球厅-8号,10:00-11:00,0,1,可预约,￥5.0,晴,25,23,4,0.0,57,40
2026-05-21 16:30:48,2026-05-22,2,乒乓球厅-8号,10:00-11:00,0,1,可预约,￥5.0,晴,25,24,3,0.0,60,39
2026-05-21 17:00:49,2026-05-22,2,乒乓球厅-8号,10:00-11:00,0,1,可预约,￥5.0,晴,25,24,4,0.0,61,39
2026-05-21 17:30:47,2026-05-22,2,乒乓球厅-8号,10:00-11:00,0,1,可预约,￥5.0,多云,24,23,3,0.0,64,39
2026-05-21 18:00:50,2026-05-22,2,乒乓球厅-8号,10:00-11:00,0,1,可预约,￥5.0,多云,24,23,3,0.0,68,39
2026-05-21 18:30:50,2026-05-22,2,乒乓球厅-8号,10:00-11:00,0,1,可预约,￥5.0,阴,24,25,2,0.0,68,40
2026-05-21 19:00:50,2026-05-22,2,乒乓球厅-8号,10:00-11:00,0,1,可预约,￥5.0,阴,23,23,3,0.0,76,40
2026-05-21 19:30:46,2026-05-22,2,乒乓球厅-8号,10:00-11:00,0,1,可预约,￥5.0,阴,23,24,2,0.0,77,39
2026-05-21 20:00:49,2026-05-22,2,乒乓球厅-8号,10:00-11:00,0,1,可预约,￥5.0,雾,22,23,2,0.0,89,39
2026-05-21 20:30:44,2026-05-22,2,乒乓球厅-8号,10:00-11:00,0,1,可预约,￥5.0,雾,22,24,2,0.0,93,43
2026-05-21 21:00:56,2026-05-22,2,乒乓球厅-8号,10:00-11:00,0,1,可预约,￥5.0,雾,20,21,2,0.0,98,43
2026-05-21 21:30:46,2026-05-22,2,乒乓球厅-8号,10:00-11:00,0,1,可预约,￥5.0,雾,20,22,1,0.0,99,41
2026-05-21 22:01:02,2026-05-22,2,乒乓球厅-8号,10:00-11:00,0,1,可预约,￥5.0,雾,19,20,2,0.0,93,41
2026-05-21 22:30:47,2026-05-22,2,乒乓球厅-8号,10:00-11:00,0,1,可预约,￥5.0,雾,19,19,3,0.0,88,46
2026-05-21 23:00:56,2026-05-22,2,乒乓球厅-8号,10:00-11:00,0,1,可预约,￥5.0,多云,18,17,3,0.0,85,46
2026-05-21 23:30:55,2026-05-22,2,乒乓球厅-8号,10:00-11:00,0,1,可预约,￥5.0,多云,18,17,3,0.0,85,48
2026-05-21 08:00:45,2026-05-22,2,乒乓球厅-8号,11:00-12:00,0,1,可预约,￥5.0,晴,17,12,5,0.0,86,29
2026-05-21 08:02:30,2026-05-22,2,乒乓球厅-8号,11:00-12:00,0,1,可预约,￥5.0,多云,17,12,5,0.0,87,29
2026-05-21 08:05:36,2026-05-22,2,乒乓球厅-8号,11:00-12:00,0,1,可预约,￥5.0,多云,17,12,5,0.0,86,29
2026-05-21 08:08:31,2026-05-22,2,乒乓球厅-8号,11:00-12:00,0,1,可预约,￥5.0,多云,17,12,5,0.0,86,29
2026-05-21 08:11:30,2026-05-22,2,乒乓球厅-8号,11:00-12:00,0,1,可预约,￥5.0,多云,17,12,5,0.0,86,29
2026-05-21 08:14:31,2026-05-22,2,乒乓球厅-8号,11:00-12:00,0,1,可预约,￥5.0,多云,17,12,5,0.0,86,29
2026-05-21 08:17:30,2026-05-22,2,乒乓球厅-8号,11:00-12:00,0,1,可预约,￥5.0,多云,17,12,5,0.0,86,29
2026-05-21 08:20:35,2026-05-22,2,乒乓球厅-8号,11:00-12:00,0,1,可预约,￥5.0,多云,17,14,4,0.0,85,29
2026-05-21 08:25:32,2026-05-22,2,乒乓球厅-8号,11:00-12:00,0,1,可预约,￥5.0,多云,17,14,4,0.0,85,28
2026-05-21 08:30:42,2026-05-22,2,乒乓球厅-8号,11:00-12:00,0,1,可预约,￥5.0,多云,18,15,4,0.0,84,28
2026-05-21 08:35:31,2026-05-22,2,乒乓球厅-8号,11:00-12:00,0,1,可预约,￥5.0,多云,18,15,4,0.0,84,28
2026-05-21 08:40:38,2026-05-22,2,乒乓球厅-8号,11:00-12:00,0,1,可预约,￥5.0,多云,18,15,4,0.0,82,28
2026-05-21 08:45:33,2026-05-22,2,乒乓球厅-8号,11:00-12:00,0,1,可预约,￥5.0,多云,18,15,4,0.0,82,28
2026-05-21 08:50:36,2026-05-22,2,乒乓球厅-8号,11:00-12:00,0,1,可预约,￥5.0,多云,18,15,4,0.0,82,28
2026-05-21 08:55:34,2026-05-22,2,乒乓球厅-8号,11:00-12:00,0,1,可预约,￥5.0,多云,18,15,4,0.0,84,28
2026-05-21 09:00:51,2026-05-22,2,乒乓球厅-8号,11:00-12:00,0,1,可预约,￥5.0,多云,18,15,4,0.0,84,28
2026-05-21 09:01:59,2026-05-22,2,乒乓球厅-8号,11:00-12:00,0,1,可预约,￥5.0,多云,18,15,4,0.0,83,28
2026-05-21 09:05:33,2026-05-22,2,乒乓球厅-8号,11:00-12:00,0,1,可预约,￥5.0,多云,18,15,4,0.0,83,28
2026-05-21 09:20:38,2026-05-22,2,乒乓球厅-8号,11:00-12:00,0,1,可预约,￥5.0,多云,18,16,3,0.0,81,28
2026-05-21 09:30:46,2026-05-22,2,乒乓球厅-8号,11:00-12:00,0,1,可预约,￥5.0,多云,18,16,3,0.0,81,32
2026-05-21 09:40:36,2026-05-22,2,乒乓球厅-8号,11:00-12:00,0,1,可预约,￥5.0,多云,19,17,3,0.0,79,32
2026-05-21 09:50:42,2026-05-22,2,乒乓球厅-8号,11:00-12:00,0,1,可预约,￥5.0,多云,19,17,4,0.0,81,32
2026-05-21 10:00:46,2026-05-22,2,乒乓球厅-8号,11:00-12:00,0,1,可预约,￥5.0,多云,19,17,4,0.0,79,32
2026-05-21 10:10:40,2026-05-22,2,乒乓球厅-8号,11:00-12:00,0,1,可预约,￥5.0,多云,19,17,4,0.0,79,32
2026-05-21 10:20:38,2026-05-22,2,乒乓球厅-8号,11:00-12:00,0,1,可预约,￥5.0,多云,19,17,4,0.0,79,32
2026-05-21 10:30:41,2026-05-22,2,乒乓球厅-8号,11:00-12:00,0,1,可预约,￥5.0,多云,19,18,3,0.0,78,31
2026-05-21 11:00:44,2026-05-22,2,乒乓球厅-8号,11:00-12:00,0,1,可预约,￥5.0,多云,21,17,5,0.0,74,31
2026-05-21 11:30:38,2026-05-22,2,乒乓球厅-8号,11:00-12:00,0,1,可预约,￥5.0,多云,21,19,3,0.0,72,33
2026-05-21 12:00:46,2026-05-22,2,乒乓球厅-8号,11:00-12:00,0,1,可预约,￥5.0,多云,22,19,4,0.0,70,33
2026-05-21 12:30:42,2026-05-22,2,乒乓球厅-8号,11:00-12:00,0,1,可预约,￥5.0,多云,22,21,3,0.0,68,35
2026-05-21 13:00:43,2026-05-22,2,乒乓球厅-8号,11:00-12:00,0,1,可预约,￥5.0,多云,24,22,4,0.0,66,35
2026-05-21 13:30:43,2026-05-22,2,乒乓球厅-8号,11:00-12:00,0,1,可预约,￥5.0,多云,24,22,4,0.0,66,36
2026-05-21 14:00:48,2026-05-22,2,乒乓球厅-8号,11:00-12:00,0,1,可预约,￥5.0,多云,25,23,4,0.0,66,36
2026-05-21 14:30:45,2026-05-22,2,乒乓球厅-8号,11:00-12:00,0,1,可预约,￥5.0,晴,25,25,3,0.0,65,39
2026-05-21 15:00:45,2026-05-22,2,乒乓球厅-8号,11:00-12:00,0,1,可预约,￥5.0,晴,25,22,4,0.0,56,39
2026-05-21 15:30:43,2026-05-22,2,乒乓球厅-8号,11:00-12:00,0,1,可预约,￥5.0,晴,25,23,4,0.0,57,40
2026-05-21 16:00:51,2026-05-22,2,乒乓球厅-8号,11:00-12:00,0,1,可预约,￥5.0,晴,25,23,4,0.0,57,40
2026-05-21 16:30:48,2026-05-22,2,乒乓球厅-8号,11:00-12:00,0,1,可预约,￥5.0,晴,25,24,3,0.0,60,39
2026-05-21 17:00:49,2026-05-22,2,乒乓球厅-8号,11:00-12:00,0,1,可预约,￥5.0,晴,25,24,4,0.0,61,39
2026-05-21 17:30:47,2026-05-22,2,乒乓球厅-8号,11:00-12:00,0,1,可预约,￥5.0,多云,24,23,3,0.0,64,39
2026-05-21 18:00:50,2026-05-22,2,乒乓球厅-8号,11:00-12:00,0,1,可预约,￥5.0,多云,24,23,3,0.0,68,39
2026-05-21 18:30:50,2026-05-22,2,乒乓球厅-8号,11:00-12:00,0,1,可预约,￥5.0,阴,24,25,2,0.0,68,40
2026-05-21 19:00:50,2026-05-22,2,乒乓球厅-8号,11:00-12:00,0,1,可预约,￥5.0,阴,23,23,3,0.0,76,40
2026-05-21 19:30:46,2026-05-22,2,乒乓球厅-8号,11:00-12:00,0,1,可预约,￥5.0,阴,23,24,2,0.0,77,39
2026-05-21 20:00:49,2026-05-22,2,乒乓球厅-8号,11:00-12:00,0,1,可预约,￥5.0,雾,22,23,2,0.0,89,39
2026-05-21 20:30:44,2026-05-22,2,乒乓球厅-8号,11:00-12:00,0,1,可预约,￥5.0,雾,22,24,2,0.0,93,43
2026-05-21 21:00:56,2026-05-22,2,乒乓球厅-8号,11:00-12:00,0,1,可预约,￥5.0,雾,20,21,2,0.0,98,43
2026-05-21 21:30:46,2026-05-22,2,乒乓球厅-8号,11:00-12:00,0,1,可预约,￥5.0,雾,20,22,1,0.0,99,41
2026-05-21 22:01:02,2026-05-22,2,乒乓球厅-8号,11:00-12:00,0,1,可预约,￥5.0,雾,19,20,2,0.0,93,41
2026-05-21 22:30:47,2026-05-22,2,乒乓球厅-8号,11:00-12:00,0,1,可预约,￥5.0,雾,19,19,3,0.0,88,46
2026-05-21 23:00:56,2026-05-22,2,乒乓球厅-8号,11:00-12:00,0,1,可预约,￥5.0,多云,18,17,3,0.0,85,46
2026-05-21 23:30:55,2026-05-22,2,乒乓球厅-8号,11:00-12:00,0,1,可预约,￥5.0,多云,18,17,3,0.0,85,48
2026-05-21 08:00:45,2026-05-22,2,乒乓球厅-8号,12:00-12:55,0,1,可预约,￥0.0,晴,17,12,5,0.0,86,29
2026-05-21 08:02:30,2026-05-22,2,乒乓球厅-8号,12:00-12:55,0,1,可预约,￥0.0,多云,17,12,5,0.0,87,29
2026-05-21 08:05:36,2026-05-22,2,乒乓球厅-8号,12:00-12:55,0,1,可预约,￥0.0,多云,17,12,5,0.0,86,29
2026-05-21 08:08:31,2026-05-22,2,乒乓球厅-8号,12:00-12:55,0,1,可预约,￥0.0,多云,17,12,5,0.0,86,29
2026-05-21 08:11:30,2026-05-22,2,乒乓球厅-8号,12:00-12:55,0,1,可预约,￥0.0,多云,17,12,5,0.0,86,29
2026-05-21 08:14:31,2026-05-22,2,乒乓球厅-8号,12:00-12:55,0,1,可预约,￥0.0,多云,17,12,5,0.0,86,29
2026-05-21 08:17:30,2026-05-22,2,乒乓球厅-8号,12:00-12:55,0,1,可预约,￥0.0,多云,17,12,5,0.0,86,29
2026-05-21 08:20:35,2026-05-22,2,乒乓球厅-8号,12:00-12:55,0,1,可预约,￥0.0,多云,17,14,4,0.0,85,29
2026-05-21 08:25:32,2026-05-22,2,乒乓球厅-8号,12:00-12:55,0,1,可预约,￥0.0,多云,17,14,4,0.0,85,28
2026-05-21 08:30:42,2026-05-22,2,乒乓球厅-8号,12:00-12:55,0,1,可预约,￥0.0,多云,18,15,4,0.0,84,28
2026-05-21 08:35:31,2026-05-22,2,乒乓球厅-8号,12:00-12:55,0,1,可预约,￥0.0,多云,18,15,4,0.0,84,28
2026-05-21 08:40:38,2026-05-22,2,乒乓球厅-8号,12:00-12:55,0,1,可预约,￥0.0,多云,18,15,4,0.0,82,28
2026-05-21 08:45:33,2026-05-22,2,乒乓球厅-8号,12:00-12:55,0,1,可预约,￥0.0,多云,18,15,4,0.0,82,28
2026-05-21 08:50:36,2026-05-22,2,乒乓球厅-8号,12:00-12:55,0,1,可预约,￥0.0,多云,18,15,4,0.0,82,28
2026-05-21 08:55:34,2026-05-22,2,乒乓球厅-8号,12:00-12:55,0,1,可预约,￥0.0,多云,18,15,4,0.0,84,28
2026-05-21 09:00:51,2026-05-22,2,乒乓球厅-8号,12:00-12:55,0,1,可预约,￥0.0,多云,18,15,4,0.0,84,28
2026-05-21 09:01:59,2026-05-22,2,乒乓球厅-8号,12:00-12:55,0,1,可预约,￥0.0,多云,18,15,4,0.0,83,28
2026-05-21 09:05:33,2026-05-22,2,乒乓球厅-8号,12:00-12:55,0,1,可预约,￥0.0,多云,18,15,4,0.0,83,28
2026-05-21 09:20:38,2026-05-22,2,乒乓球厅-8号,12:00-12:55,0,1,可预约,￥0.0,多云,18,16,3,0.0,81,28
2026-05-21 09:30:46,2026-05-22,2,乒乓球厅-8号,12:00-12:55,0,1,可预约,￥0.0,多云,18,16,3,0.0,81,32
2026-05-21 09:40:36,2026-05-22,2,乒乓球厅-8号,12:00-12:55,0,1,可预约,￥0.0,多云,19,17,3,0.0,79,32
2026-05-21 09:50:42,2026-05-22,2,乒乓球厅-8号,12:00-12:55,0,1,可预约,￥0.0,多云,19,17,4,0.0,81,32
2026-05-21 10:00:46,2026-05-22,2,乒乓球厅-8号,12:00-12:55,0,1,可预约,￥0.0,多云,19,17,4,0.0,79,32
2026-05-21 10:10:40,2026-05-22,2,乒乓球厅-8号,12:00-12:55,0,1,可预约,￥0.0,多云,19,17,4,0.0,79,32
2026-05-21 10:20:38,2026-05-22,2,乒乓球厅-8号,12:00-12:55,0,1,可预约,￥0.0,多云,19,17,4,0.0,79,32
2026-05-21 10:30:41,2026-05-22,2,乒乓球厅-8号,12:00-12:55,0,1,可预约,￥0.0,多云,19,18,3,0.0,78,31
2026-05-21 11:00:44,2026-05-22,2,乒乓球厅-8号,12:00-12:55,0,1,可预约,￥0.0,多云,21,17,5,0.0,74,31
2026-05-21 11:30:38,2026-05-22,2,乒乓球厅-8号,12:00-12:55,0,1,可预约,￥0.0,多云,21,19,3,0.0,72,33
2026-05-21 12:00:46,2026-05-22,2,乒乓球厅-8号,12:00-12:55,0,1,可预约,￥0.0,多云,22,19,4,0.0,70,33
2026-05-21 12:30:42,2026-05-22,2,乒乓球厅-8号,12:00-12:55,0,1,可预约,￥0.0,多云,22,21,3,0.0,68,35
2026-05-21 13:00:43,2026-05-22,2,乒乓球厅-8号,12:00-12:55,0,1,可预约,￥0.0,多云,24,22,4,0.0,66,35
2026-05-21 13:30:43,2026-05-22,2,乒乓球厅-8号,12:00-12:55,0,1,可预约,￥0.0,多云,24,22,4,0.0,66,36
2026-05-21 14:00:48,2026-05-22,2,乒乓球厅-8号,12:00-12:55,0,1,可预约,￥0.0,多云,25,23,4,0.0,66,36
2026-05-21 14:30:45,2026-05-22,2,乒乓球厅-8号,12:00-12:55,0,1,可预约,￥0.0,晴,25,25,3,0.0,65,39
2026-05-21 15:00:45,2026-05-22,2,乒乓球厅-8号,12:00-12:55,0,1,可预约,￥0.0,晴,25,22,4,0.0,56,39
2026-05-21 15:30:43,2026-05-22,2,乒乓球厅-8号,12:00-12:55,0,1,可预约,￥0.0,晴,25,23,4,0.0,57,40
2026-05-21 16:00:51,2026-05-22,2,乒乓球厅-8号,12:00-12:55,0,1,可预约,￥0.0,晴,25,23,4,0.0,57,40
2026-05-21 16:30:48,2026-05-22,2,乒乓球厅-8号,12:00-12:55,0,1,可预约,￥0.0,晴,25,24,3,0.0,60,39
2026-05-21 17:00:49,2026-05-22,2,乒乓球厅-8号,12:00-12:55,0,1,可预约,￥0.0,晴,25,24,4,0.0,61,39
2026-05-21 17:30:47,2026-05-22,2,乒乓球厅-8号,12:00-12:55,0,1,可预约,￥0.0,多云,24,23,3,0.0,64,39
2026-05-21 18:00:50,2026-05-22,2,乒乓球厅-8号,12:00-12:55,0,1,可预约,￥0.0,多云,24,23,3,0.0,68,39
2026-05-21 18:30:50,2026-05-22,2,乒乓球厅-8号,12:00-12:55,0,1,可预约,￥0.0,阴,24,25,2,0.0,68,40
2026-05-21 19:00:50,2026-05-22,2,乒乓球厅-8号,12:00-12:55,0,1,可预约,￥0.0,阴,23,23,3,0.0,76,40
2026-05-21 19:30:46,2026-05-22,2,乒乓球厅-8号,12:00-12:55,0,1,可预约,￥0.0,阴,23,24,2,0.0,77,39
2026-05-21 20:00:49,2026-05-22,2,乒乓球厅-8号,12:00-12:55,0,1,可预约,￥0.0,雾,22,23,2,0.0,89,39
2026-05-21 20:30:44,2026-05-22,2,乒乓球厅-8号,12:00-12:55,0,1,可预约,￥0.0,雾,22,24,2,0.0,93,43
2026-05-21 21:00:56,2026-05-22,2,乒乓球厅-8号,12:00-12:55,0,1,可预约,￥0.0,雾,20,21,2,0.0,98,43
2026-05-21 21:30:46,2026-05-22,2,乒乓球厅-8号,12:00-12:55,0,1,可预约,￥0.0,雾,20,22,1,0.0,99,41
2026-05-21 22:01:02,2026-05-22,2,乒乓球厅-8号,12:00-12:55,0,1,可预约,￥0.0,雾,19,20,2,0.0,93,41
2026-05-21 22:30:47,2026-05-22,2,乒乓球厅-8号,12:00-12:55,0,1,可预约,￥0.0,雾,19,19,3,0.0,88,46
2026-05-21 23:00:56,2026-05-22,2,乒乓球厅-8号,12:00-12:55,0,1,可预约,￥0.0,多云,18,17,3,0.0,85,46
2026-05-21 23:30:55,2026-05-22,2,乒乓球厅-8号,12:00-12:55,0,1,可预约,￥0.0,多云,18,17,3,0.0,85,48
2026-05-21 08:00:45,2026-05-22,2,乒乓球厅-8号,12:55-13:50,0,1,可预约,￥0.0,晴,17,12,5,0.0,86,29
2026-05-21 08:02:30,2026-05-22,2,乒乓球厅-8号,12:55-13:50,0,1,可预约,￥0.0,多云,17,12,5,0.0,87,29
2026-05-21 08:05:36,2026-05-22,2,乒乓球厅-8号,12:55-13:50,0,1,可预约,￥0.0,多云,17,12,5,0.0,86,29
2026-05-21 08:08:31,2026-05-22,2,乒乓球厅-8号,12:55-13:50,0,1,可预约,￥0.0,多云,17,12,5,0.0,86,29
2026-05-21 08:11:30,2026-05-22,2,乒乓球厅-8号,12:55-13:50,0,1,可预约,￥0.0,多云,17,12,5,0.0,86,29
2026-05-21 08:14:31,2026-05-22,2,乒乓球厅-8号,12:55-13:50,0,1,可预约,￥0.0,多云,17,12,5,0.0,86,29
2026-05-21 08:17:30,2026-05-22,2,乒乓球厅-8号,12:55-13:50,0,1,可预约,￥0.0,多云,17,12,5,0.0,86,29
2026-05-21 08:20:35,2026-05-22,2,乒乓球厅-8号,12:55-13:50,0,1,可预约,￥0.0,多云,17,14,4,0.0,85,29
2026-05-21 08:25:32,2026-05-22,2,乒乓球厅-8号,12:55-13:50,0,1,可预约,￥0.0,多云,17,14,4,0.0,85,28
2026-05-21 08:30:42,2026-05-22,2,乒乓球厅-8号,12:55-13:50,0,1,可预约,￥0.0,多云,18,15,4,0.0,84,28
2026-05-21 08:35:31,2026-05-22,2,乒乓球厅-8号,12:55-13:50,0,1,可预约,￥0.0,多云,18,15,4,0.0,84,28
2026-05-21 08:40:38,2026-05-22,2,乒乓球厅-8号,12:55-13:50,0,1,可预约,￥0.0,多云,18,15,4,0.0,82,28
2026-05-21 08:45:33,2026-05-22,2,乒乓球厅-8号,12:55-13:50,0,1,可预约,￥0.0,多云,18,15,4,0.0,82,28
2026-05-21 08:50:36,2026-05-22,2,乒乓球厅-8号,12:55-13:50,0,1,可预约,￥0.0,多云,18,15,4,0.0,82,28
2026-05-21 08:55:34,2026-05-22,2,乒乓球厅-8号,12:55-13:50,0,1,可预约,￥0.0,多云,18,15,4,0.0,84,28
2026-05-21 09:00:51,2026-05-22,2,乒乓球厅-8号,12:55-13:50,0,1,可预约,￥0.0,多云,18,15,4,0.0,84,28
2026-05-21 09:01:59,2026-05-22,2,乒乓球厅-8号,12:55-13:50,0,1,可预约,￥0.0,多云,18,15,4,0.0,83,28
2026-05-21 09:05:33,2026-05-22,2,乒乓球厅-8号,12:55-13:50,0,1,可预约,￥0.0,多云,18,15,4,0.0,83,28
2026-05-21 09:20:38,2026-05-22,2,乒乓球厅-8号,12:55-13:50,0,1,可预约,￥0.0,多云,18,16,3,0.0,81,28
2026-05-21 09:30:46,2026-05-22,2,乒乓球厅-8号,12:55-13:50,0,1,可预约,￥0.0,多云,18,16,3,0.0,81,32
2026-05-21 09:40:36,2026-05-22,2,乒乓球厅-8号,12:55-13:50,0,1,可预约,￥0.0,多云,19,17,3,0.0,79,32
2026-05-21 09:50:42,2026-05-22,2,乒乓球厅-8号,12:55-13:50,0,1,可预约,￥0.0,多云,19,17,4,0.0,81,32
2026-05-21 10:00:46,2026-05-22,2,乒乓球厅-8号,12:55-13:50,0,1,可预约,￥0.0,多云,19,17,4,0.0,79,32
2026-05-21 10:10:40,2026-05-22,2,乒乓球厅-8号,12:55-13:50,0,1,可预约,￥0.0,多云,19,17,4,0.0,79,32
2026-05-21 10:20:38,2026-05-22,2,乒乓球厅-8号,12:55-13:50,0,1,可预约,￥0.0,多云,19,17,4,0.0,79,32
2026-05-21 10:30:41,2026-05-22,2,乒乓球厅-8号,12:55-13:50,0,1,可预约,￥0.0,多云,19,18,3,0.0,78,31
2026-05-21 11:00:44,2026-05-22,2,乒乓球厅-8号,12:55-13:50,0,1,可预约,￥0.0,多云,21,17,5,0.0,74,31
2026-05-21 11:30:38,2026-05-22,2,乒乓球厅-8号,12:55-13:50,0,1,可预约,￥0.0,多云,21,19,3,0.0,72,33
2026-05-21 12:00:46,2026-05-22,2,乒乓球厅-8号,12:55-13:50,0,1,可预约,￥0.0,多云,22,19,4,0.0,70,33
2026-05-21 12:30:42,2026-05-22,2,乒乓球厅-8号,12:55-13:50,0,1,可预约,￥0.0,多云,22,21,3,0.0,68,35
2026-05-21 13:00:43,2026-05-22,2,乒乓球厅-8号,12:55-13:50,0,1,可预约,￥0.0,多云,24,22,4,0.0,66,35
2026-05-21 13:30:43,2026-05-22,2,乒乓球厅-8号,12:55-13:50,0,1,可预约,￥0.0,多云,24,22,4,0.0,66,36
2026-05-21 14:00:48,2026-05-22,2,乒乓球厅-8号,12:55-13:50,0,1,可预约,￥0.0,多云,25,23,4,0.0,66,36
2026-05-21 14:30:45,2026-05-22,2,乒乓球厅-8号,12:55-13:50,0,1,可预约,￥0.0,晴,25,25,3,0.0,65,39
2026-05-21 15:00:45,2026-05-22,2,乒乓球厅-8号,12:55-13:50,0,1,可预约,￥0.0,晴,25,22,4,0.0,56,39
2026-05-21 15:30:43,2026-05-22,2,乒乓球厅-8号,12:55-13:50,0,1,可预约,￥0.0,晴,25,23,4,0.0,57,40
2026-05-21 16:00:51,2026-05-22,2,乒乓球厅-8号,12:55-13:50,0,1,可预约,￥0.0,晴,25,23,4,0.0,57,40
2026-05-21 16:30:48,2026-05-22,2,乒乓球厅-8号,12:55-13:50,0,1,可预约,￥0.0,晴,25,24,3,0.0,60,39
2026-05-21 17:00:49,2026-05-22,2,乒乓球厅-8号,12:55-13:50,0,1,可预约,￥0.0,晴,25,24,4,0.0,61,39
2026-05-21 17:30:47,2026-05-22,2,乒乓球厅-8号,12:55-13:50,0,1,可预约,￥0.0,多云,24,23,3,0.0,64,39
2026-05-21 18:00:50,2026-05-22,2,乒乓球厅-8号,12:55-13:50,0,1,可预约,￥0.0,多云,24,23,3,0.0,68,39
2026-05-21 18:30:50,2026-05-22,2,乒乓球厅-8号,12:55-13:50,0,1,可预约,￥0.0,阴,24,25,2,0.0,68,40
2026-05-21 19:00:50,2026-05-22,2,乒乓球厅-8号,12:55-13:50,0,1,可预约,￥0.0,阴,23,23,3,0.0,76,40
2026-05-21 19:30:46,2026-05-22,2,乒乓球厅-8号,12:55-13:50,0,1,可预约,￥0.0,阴,23,24,2,0.0,77,39
2026-05-21 20:00:49,2026-05-22,2,乒乓球厅-8号,12:55-13:50,0,1,可预约,￥0.0,雾,22,23,2,0.0,89,39
2026-05-21 20:30:44,2026-05-22,2,乒乓球厅-8号,12:55-13:50,0,1,可预约,￥0.0,雾,22,24,2,0.0,93,43
2026-05-21 21:00:56,2026-05-22,2,乒乓球厅-8号,12:55-13:50,0,1,可预约,￥0.0,雾,20,21,2,0.0,98,43
2026-05-21 21:30:46,2026-05-22,2,乒乓球厅-8号,12:55-13:50,0,1,可预约,￥0.0,雾,20,22,1,0.0,99,41
2026-05-21 22:01:02,2026-05-22,2,乒乓球厅-8号,12:55-13:50,0,1,可预约,￥0.0,雾,19,20,2,0.0,93,41
2026-05-21 22:30:47,2026-05-22,2,乒乓球厅-8号,12:55-13:50,0,1,可预约,￥0.0,雾,19,19,3,0.0,88,46
2026-05-21 23:00:56,2026-05-22,2,乒乓球厅-8号,12:55-13:50,0,1,可预约,￥0.0,多云,18,17,3,0.0,85,46
2026-05-21 23:30:55,2026-05-22,2,乒乓球厅-8号,12:55-13:50,0,1,可预约,￥0.0,多云,18,17,3,0.0,85,48
2026-05-21 08:00:45,2026-05-22,2,乒乓球厅-8号,14:00-15:00,1,1,已售/已满,教学时间,晴,17,12,5,0.0,86,29
2026-05-21 08:02:30,2026-05-22,2,乒乓球厅-8号,14:00-15:00,1,1,已售/已满,教学时间,多云,17,12,5,0.0,87,29
2026-05-21 08:05:36,2026-05-22,2,乒乓球厅-8号,14:00-15:00,1,1,已售/已满,教学时间,多云,17,12,5,0.0,86,29
2026-05-21 08:08:31,2026-05-22,2,乒乓球厅-8号,14:00-15:00,1,1,已售/已满,教学时间,多云,17,12,5,0.0,86,29
2026-05-21 08:11:30,2026-05-22,2,乒乓球厅-8号,14:00-15:00,1,1,已售/已满,教学时间,多云,17,12,5,0.0,86,29
2026-05-21 08:14:31,2026-05-22,2,乒乓球厅-8号,14:00-15:00,1,1,已售/已满,教学时间,多云,17,12,5,0.0,86,29
2026-05-21 08:17:30,2026-05-22,2,乒乓球厅-8号,14:00-15:00,1,1,已售/已满,教学时间,多云,17,12,5,0.0,86,29
2026-05-21 08:20:35,2026-05-22,2,乒乓球厅-8号,14:00-15:00,1,1,已售/已满,教学时间,多云,17,14,4,0.0,85,29
2026-05-21 08:25:32,2026-05-22,2,乒乓球厅-8号,14:00-15:00,1,1,已售/已满,教学时间,多云,17,14,4,0.0,85,28
2026-05-21 08:30:42,2026-05-22,2,乒乓球厅-8号,14:00-15:00,1,1,已售/已满,教学时间,多云,18,15,4,0.0,84,28
2026-05-21 08:35:31,2026-05-22,2,乒乓球厅-8号,14:00-15:00,1,1,已售/已满,教学时间,多云,18,15,4,0.0,84,28
2026-05-21 08:40:38,2026-05-22,2,乒乓球厅-8号,14:00-15:00,1,1,已售/已满,教学时间,多云,18,15,4,0.0,82,28
2026-05-21 08:45:33,2026-05-22,2,乒乓球厅-8号,14:00-15:00,1,1,已售/已满,教学时间,多云,18,15,4,0.0,82,28
2026-05-21 08:50:36,2026-05-22,2,乒乓球厅-8号,14:00-15:00,1,1,已售/已满,教学时间,多云,18,15,4,0.0,82,28
2026-05-21 08:55:34,2026-05-22,2,乒乓球厅-8号,14:00-15:00,1,1,已售/已满,教学时间,多云,18,15,4,0.0,84,28
2026-05-21 09:00:51,2026-05-22,2,乒乓球厅-8号,14:00-15:00,1,1,已售/已满,教学时间,多云,18,15,4,0.0,84,28
2026-05-21 09:01:59,2026-05-22,2,乒乓球厅-8号,14:00-15:00,1,1,已售/已满,教学时间,多云,18,15,4,0.0,83,28
2026-05-21 09:05:33,2026-05-22,2,乒乓球厅-8号,14:00-15:00,1,1,已售/已满,教学时间,多云,18,15,4,0.0,83,28
2026-05-21 09:20:38,2026-05-22,2,乒乓球厅-8号,14:00-15:00,1,1,已售/已满,教学时间,多云,18,16,3,0.0,81,28
2026-05-21 09:30:46,2026-05-22,2,乒乓球厅-8号,14:00-15:00,1,1,已售/已满,教学时间,多云,18,16,3,0.0,81,32
2026-05-21 09:40:36,2026-05-22,2,乒乓球厅-8号,14:00-15:00,1,1,已售/已满,教学时间,多云,19,17,3,0.0,79,32
2026-05-21 09:50:42,2026-05-22,2,乒乓球厅-8号,14:00-15:00,1,1,已售/已满,教学时间,多云,19,17,4,0.0,81,32
2026-05-21 10:00:46,2026-05-22,2,乒乓球厅-8号,14:00-15:00,1,1,已售/已满,教学时间,多云,19,17,4,0.0,79,32
2026-05-21 10:10:40,2026-05-22,2,乒乓球厅-8号,14:00-15:00,1,1,已售/已满,教学时间,多云,19,17,4,0.0,79,32
2026-05-21 10:20:38,2026-05-22,2,乒乓球厅-8号,14:00-15:00,1,1,已售/已满,教学时间,多云,19,17,4,0.0,79,32
2026-05-21 10:30:41,2026-05-22,2,乒乓球厅-8号,14:00-15:00,1,1,已售/已满,教学时间,多云,19,18,3,0.0,78,31
2026-05-21 11:00:44,2026-05-22,2,乒乓球厅-8号,14:00-15:00,1,1,已售/已满,教学时间,多云,21,17,5,0.0,74,31
2026-05-21 11:30:38,2026-05-22,2,乒乓球厅-8号,14:00-15:00,1,1,已售/已满,教学时间,多云,21,19,3,0.0,72,33
2026-05-21 12:00:46,2026-05-22,2,乒乓球厅-8号,14:00-15:00,1,1,已售/已满,教学时间,多云,22,19,4,0.0,70,33
2026-05-21 12:30:42,2026-05-22,2,乒乓球厅-8号,14:00-15:00,1,1,已售/已满,教学时间,多云,22,21,3,0.0,68,35
2026-05-21 13:00:43,2026-05-22,2,乒乓球厅-8号,14:00-15:00,1,1,已售/已满,教学时间,多云,24,22,4,0.0,66,35
2026-05-21 13:30:43,2026-05-22,2,乒乓球厅-8号,14:00-15:00,1,1,已售/已满,教学时间,多云,24,22,4,0.0,66,36
2026-05-21 14:00:48,2026-05-22,2,乒乓球厅-8号,14:00-15:00,1,1,已售/已满,教学时间,多云,25,23,4,0.0,66,36
2026-05-21 14:30:45,2026-05-22,2,乒乓球厅-8号,14:00-15:00,1,1,已售/已满,教学时间,晴,25,25,3,0.0,65,39
2026-05-21 15:00:45,2026-05-22,2,乒乓球厅-8号,14:00-15:00,1,1,已售/已满,教学时间,晴,25,22,4,0.0,56,39
2026-05-21 15:30:43,2026-05-22,2,乒乓球厅-8号,14:00-15:00,1,1,已售/已满,教学时间,晴,25,23,4,0.0,57,40
2026-05-21 16:00:51,2026-05-22,2,乒乓球厅-8号,14:00-15:00,1,1,已售/已满,教学时间,晴,25,23,4,0.0,57,40
2026-05-21 16:30:48,2026-05-22,2,乒乓球厅-8号,14:00-15:00,1,1,已售/已满,教学时间,晴,25,24,3,0.0,60,39
2026-05-21 17:00:49,2026-05-22,2,乒乓球厅-8号,14:00-15:00,1,1,已售/已满,教学时间,晴,25,24,4,0.0,61,39
2026-05-21 17:30:47,2026-05-22,2,乒乓球厅-8号,14:00-15:00,1,1,已售/已满,教学时间,多云,24,23,3,0.0,64,39
2026-05-21 18:00:50,2026-05-22,2,乒乓球厅-8号,14:00-15:00,1,1,已售/已满,教学时间,多云,24,23,3,0.0,68,39
2026-05-21 18:30:50,2026-05-22,2,乒乓球厅-8号,14:00-15:00,1,1,已售/已满,教学时间,阴,24,25,2,0.0,68,40
2026-05-21 19:00:50,2026-05-22,2,乒乓球厅-8号,14:00-15:00,1,1,已售/已满,教学时间,阴,23,23,3,0.0,76,40
2026-05-21 19:30:46,2026-05-22,2,乒乓球厅-8号,14:00-15:00,1,1,已售/已满,教学时间,阴,23,24,2,0.0,77,39
2026-05-21 20:00:49,2026-05-22,2,乒乓球厅-8号,14:00-15:00,1,1,已售/已满,教学时间,雾,22,23,2,0.0,89,39
2026-05-21 20:30:44,2026-05-22,2,乒乓球厅-8号,14:00-15:00,1,1,已售/已满,教学时间,雾,22,24,2,0.0,93,43
2026-05-21 21:00:56,2026-05-22,2,乒乓球厅-8号,14:00-15:00,1,1,已售/已满,教学时间,雾,20,21,2,0.0,98,43
2026-05-21 21:30:46,2026-05-22,2,乒乓球厅-8号,14:00-15:00,1,1,已售/已满,教学时间,雾,20,22,1,0.0,99,41
2026-05-21 22:01:02,2026-05-22,2,乒乓球厅-8号,14:00-15:00,1,1,已售/已满,教学时间,雾,19,20,2,0.0,93,41
2026-05-21 22:30:47,2026-05-22,2,乒乓球厅-8号,14:00-15:00,1,1,已售/已满,教学时间,雾,19,19,3,0.0,88,46
2026-05-21 23:00:56,2026-05-22,2,乒乓球厅-8号,14:00-15:00,1,1,已售/已满,教学时间,多云,18,17,3,0.0,85,46
2026-05-21 23:30:55,2026-05-22,2,乒乓球厅-8号,14:00-15:00,1,1,已售/已满,教学时间,多云,18,17,3,0.0,85,48
2026-05-21 08:00:45,2026-05-22,2,乒乓球厅-8号,15:00-16:00,1,1,已售/已满,教学时间,晴,17,12,5,0.0,86,29
2026-05-21 08:02:30,2026-05-22,2,乒乓球厅-8号,15:00-16:00,1,1,已售/已满,教学时间,多云,17,12,5,0.0,87,29
2026-05-21 08:05:36,2026-05-22,2,乒乓球厅-8号,15:00-16:00,1,1,已售/已满,教学时间,多云,17,12,5,0.0,86,29
2026-05-21 08:08:31,2026-05-22,2,乒乓球厅-8号,15:00-16:00,1,1,已售/已满,教学时间,多云,17,12,5,0.0,86,29
2026-05-21 08:11:30,2026-05-22,2,乒乓球厅-8号,15:00-16:00,1,1,已售/已满,教学时间,多云,17,12,5,0.0,86,29
2026-05-21 08:14:31,2026-05-22,2,乒乓球厅-8号,15:00-16:00,1,1,已售/已满,教学时间,多云,17,12,5,0.0,86,29
2026-05-21 08:17:30,2026-05-22,2,乒乓球厅-8号,15:00-16:00,1,1,已售/已满,教学时间,多云,17,12,5,0.0,86,29
2026-05-21 08:20:35,2026-05-22,2,乒乓球厅-8号,15:00-16:00,1,1,已售/已满,教学时间,多云,17,14,4,0.0,85,29
2026-05-21 08:25:32,2026-05-22,2,乒乓球厅-8号,15:00-16:00,1,1,已售/已满,教学时间,多云,17,14,4,0.0,85,28
2026-05-21 08:30:42,2026-05-22,2,乒乓球厅-8号,15:00-16:00,1,1,已售/已满,教学时间,多云,18,15,4,0.0,84,28
2026-05-21 08:35:31,2026-05-22,2,乒乓球厅-8号,15:00-16:00,1,1,已售/已满,教学时间,多云,18,15,4,0.0,84,28
2026-05-21 08:40:38,2026-05-22,2,乒乓球厅-8号,15:00-16:00,1,1,已售/已满,教学时间,多云,18,15,4,0.0,82,28
2026-05-21 08:45:33,2026-05-22,2,乒乓球厅-8号,15:00-16:00,1,1,已售/已满,教学时间,多云,18,15,4,0.0,82,28
2026-05-21 08:50:36,2026-05-22,2,乒乓球厅-8号,15:00-16:00,1,1,已售/已满,教学时间,多云,18,15,4,0.0,82,28
2026-05-21 08:55:34,2026-05-22,2,乒乓球厅-8号,15:00-16:00,1,1,已售/已满,教学时间,多云,18,15,4,0.0,84,28
2026-05-21 09:00:51,2026-05-22,2,乒乓球厅-8号,15:00-16:00,1,1,已售/已满,教学时间,多云,18,15,4,0.0,84,28
2026-05-21 09:01:59,2026-05-22,2,乒乓球厅-8号,15:00-16:00,1,1,已售/已满,教学时间,多云,18,15,4,0.0,83,28
2026-05-21 09:05:33,2026-05-22,2,乒乓球厅-8号,15:00-16:00,1,1,已售/已满,教学时间,多云,18,15,4,0.0,83,28
2026-05-21 09:20:38,2026-05-22,2,乒乓球厅-8号,15:00-16:00,1,1,已售/已满,教学时间,多云,18,16,3,0.0,81,28
2026-05-21 09:30:46,2026-05-22,2,乒乓球厅-8号,15:00-16:00,1,1,已售/已满,教学时间,多云,18,16,3,0.0,81,32
2026-05-21 09:40:36,2026-05-22,2,乒乓球厅-8号,15:00-16:00,1,1,已售/已满,教学时间,多云,19,17,3,0.0,79,32
2026-05-21 09:50:42,2026-05-22,2,乒乓球厅-8号,15:00-16:00,1,1,已售/已满,教学时间,多云,19,17,4,0.0,81,32
2026-05-21 10:00:46,2026-05-22,2,乒乓球厅-8号,15:00-16:00,1,1,已售/已满,教学时间,多云,19,17,4,0.0,79,32
2026-05-21 10:10:40,2026-05-22,2,乒乓球厅-8号,15:00-16:00,1,1,已售/已满,教学时间,多云,19,17,4,0.0,79,32
2026-05-21 10:20:38,2026-05-22,2,乒乓球厅-8号,15:00-16:00,1,1,已售/已满,教学时间,多云,19,17,4,0.0,79,32
2026-05-21 10:30:41,2026-05-22,2,乒乓球厅-8号,15:00-16:00,1,1,已售/已满,教学时间,多云,19,18,3,0.0,78,31
2026-05-21 11:00:44,2026-05-22,2,乒乓球厅-8号,15:00-16:00,1,1,已售/已满,教学时间,多云,21,17,5,0.0,74,31
2026-05-21 11:30:38,2026-05-22,2,乒乓球厅-8号,15:00-16:00,1,1,已售/已满,教学时间,多云,21,19,3,0.0,72,33
2026-05-21 12:00:46,2026-05-22,2,乒乓球厅-8号,15:00-16:00,1,1,已售/已满,教学时间,多云,22,19,4,0.0,70,33
2026-05-21 12:30:42,2026-05-22,2,乒乓球厅-8号,15:00-16:00,1,1,已售/已满,教学时间,多云,22,21,3,0.0,68,35
2026-05-21 13:00:43,2026-05-22,2,乒乓球厅-8号,15:00-16:00,1,1,已售/已满,教学时间,多云,24,22,4,0.0,66,35
2026-05-21 13:30:43,2026-05-22,2,乒乓球厅-8号,15:00-16:00,1,1,已售/已满,教学时间,多云,24,22,4,0.0,66,36
2026-05-21 14:00:48,2026-05-22,2,乒乓球厅-8号,15:00-16:00,1,1,已售/已满,教学时间,多云,25,23,4,0.0,66,36
2026-05-21 14:30:45,2026-05-22,2,乒乓球厅-8号,15:00-16:00,1,1,已售/已满,教学时间,晴,25,25,3,0.0,65,39
2026-05-21 15:00:45,2026-05-22,2,乒乓球厅-8号,15:00-16:00,1,1,已售/已满,教学时间,晴,25,22,4,0.0,56,39
2026-05-21 15:30:43,2026-05-22,2,乒乓球厅-8号,15:00-16:00,1,1,已售/已满,教学时间,晴,25,23,4,0.0,57,40
2026-05-21 16:00:51,2026-05-22,2,乒乓球厅-8号,15:00-16:00,1,1,已售/已满,教学时间,晴,25,23,4,0.0,57,40
2026-05-21 16:30:48,2026-05-22,2,乒乓球厅-8号,15:00-16:00,1,1,已售/已满,教学时间,晴,25,24,3,0.0,60,39
2026-05-21 17:00:49,2026-05-22,2,乒乓球厅-8号,15:00-16:00,1,1,已售/已满,教学时间,晴,25,24,4,0.0,61,39
2026-05-21 17:30:47,2026-05-22,2,乒乓球厅-8号,15:00-16:00,1,1,已售/已满,教学时间,多云,24,23,3,0.0,64,39
2026-05-21 18:00:50,2026-05-22,2,乒乓球厅-8号,15:00-16:00,1,1,已售/已满,教学时间,多云,24,23,3,0.0,68,39
2026-05-21 18:30:50,2026-05-22,2,乒乓球厅-8号,15:00-16:00,1,1,已售/已满,教学时间,阴,24,25,2,0.0,68,40
2026-05-21 19:00:50,2026-05-22,2,乒乓球厅-8号,15:00-16:00,1,1,已售/已满,教学时间,阴,23,23,3,0.0,76,40
2026-05-21 19:30:46,2026-05-22,2,乒乓球厅-8号,15:00-16:00,1,1,已售/已满,教学时间,阴,23,24,2,0.0,77,39
2026-05-21 20:00:49,2026-05-22,2,乒乓球厅-8号,15:00-16:00,1,1,已售/已满,教学时间,雾,22,23,2,0.0,89,39
2026-05-21 20:30:44,2026-05-22,2,乒乓球厅-8号,15:00-16:00,1,1,已售/已满,教学时间,雾,22,24,2,0.0,93,43
2026-05-21 21:00:56,2026-05-22,2,乒乓球厅-8号,15:00-16:00,1,1,已售/已满,教学时间,雾,20,21,2,0.0,98,43
2026-05-21 21:30:46,2026-05-22,2,乒乓球厅-8号,15:00-16:00,1,1,已售/已满,教学时间,雾,20,22,1,0.0,99,41
2026-05-21 22:01:02,2026-05-22,2,乒乓球厅-8号,15:00-16:00,1,1,已售/已满,教学时间,雾,19,20,2,0.0,93,41
2026-05-21 22:30:47,2026-05-22,2,乒乓球厅-8号,15:00-16:00,1,1,已售/已满,教学时间,雾,19,19,3,0.0,88,46
2026-05-21 23:00:56,2026-05-22,2,乒乓球厅-8号,15:00-16:00,1,1,已售/已满,教学时间,多云,18,17,3,0.0,85,46
2026-05-21 23:30:55,2026-05-22,2,乒乓球厅-8号,15:00-16:00,1,1,已售/已满,教学时间,多云,18,17,3,0.0,85,48
2026-05-21 08:00:45,2026-05-22,2,乒乓球厅-8号,16:00-17:00,0,1,可预约,￥5.0,晴,17,12,5,0.0,86,29
2026-05-21 08:02:30,2026-05-22,2,乒乓球厅-8号,16:00-17:00,0,1,可预约,￥5.0,多云,17,12,5,0.0,87,29
2026-05-21 08:05:36,2026-05-22,2,乒乓球厅-8号,16:00-17:00,0,1,可预约,￥5.0,多云,17,12,5,0.0,86,29
2026-05-21 08:08:31,2026-05-22,2,乒乓球厅-8号,16:00-17:00,0,1,可预约,￥5.0,多云,17,12,5,0.0,86,29
2026-05-21 08:11:30,2026-05-22,2,乒乓球厅-8号,16:00-17:00,0,1,可预约,￥5.0,多云,17,12,5,0.0,86,29
2026-05-21 08:14:31,2026-05-22,2,乒乓球厅-8号,16:00-17:00,0,1,可预约,￥5.0,多云,17,12,5,0.0,86,29
2026-05-21 08:17:30,2026-05-22,2,乒乓球厅-8号,16:00-17:00,0,1,可预约,￥5.0,多云,17,12,5,0.0,86,29
2026-05-21 08:20:35,2026-05-22,2,乒乓球厅-8号,16:00-17:00,0,1,可预约,￥5.0,多云,17,14,4,0.0,85,29
2026-05-21 08:25:32,2026-05-22,2,乒乓球厅-8号,16:00-17:00,0,1,可预约,￥5.0,多云,17,14,4,0.0,85,28
2026-05-21 08:30:42,2026-05-22,2,乒乓球厅-8号,16:00-17:00,0,1,可预约,￥5.0,多云,18,15,4,0.0,84,28
2026-05-21 08:35:31,2026-05-22,2,乒乓球厅-8号,16:00-17:00,0,1,可预约,￥5.0,多云,18,15,4,0.0,84,28
2026-05-21 08:40:38,2026-05-22,2,乒乓球厅-8号,16:00-17:00,0,1,可预约,￥5.0,多云,18,15,4,0.0,82,28
2026-05-21 08:45:33,2026-05-22,2,乒乓球厅-8号,16:00-17:00,0,1,可预约,￥5.0,多云,18,15,4,0.0,82,28
2026-05-21 08:50:36,2026-05-22,2,乒乓球厅-8号,16:00-17:00,0,1,可预约,￥5.0,多云,18,15,4,0.0,82,28
2026-05-21 08:55:34,2026-05-22,2,乒乓球厅-8号,16:00-17:00,0,1,可预约,￥5.0,多云,18,15,4,0.0,84,28
2026-05-21 09:00:51,2026-05-22,2,乒乓球厅-8号,16:00-17:00,0,1,可预约,￥5.0,多云,18,15,4,0.0,84,28
2026-05-21 09:01:59,2026-05-22,2,乒乓球厅-8号,16:00-17:00,0,1,可预约,￥5.0,多云,18,15,4,0.0,83,28
2026-05-21 09:05:33,2026-05-22,2,乒乓球厅-8号,16:00-17:00,0,1,可预约,￥5.0,多云,18,15,4,0.0,83,28
2026-05-21 09:20:38,2026-05-22,2,乒乓球厅-8号,16:00-17:00,0,1,可预约,￥5.0,多云,18,16,3,0.0,81,28
2026-05-21 09:30:46,2026-05-22,2,乒乓球厅-8号,16:00-17:00,0,1,可预约,￥5.0,多云,18,16,3,0.0,81,32
2026-05-21 09:40:36,2026-05-22,2,乒乓球厅-8号,16:00-17:00,0,1,可预约,￥5.0,多云,19,17,3,0.0,79,32
2026-05-21 09:50:42,2026-05-22,2,乒乓球厅-8号,16:00-17:00,0,1,可预约,￥5.0,多云,19,17,4,0.0,81,32
2026-05-21 10:00:46,2026-05-22,2,乒乓球厅-8号,16:00-17:00,0,1,可预约,￥5.0,多云,19,17,4,0.0,79,32
2026-05-21 10:10:40,2026-05-22,2,乒乓球厅-8号,16:00-17:00,0,1,可预约,￥5.0,多云,19,17,4,0.0,79,32
2026-05-21 10:20:38,2026-05-22,2,乒乓球厅-8号,16:00-17:00,0,1,可预约,￥5.0,多云,19,17,4,0.0,79,32
2026-05-21 10:30:41,2026-05-22,2,乒乓球厅-8号,16:00-17:00,0,1,可预约,￥5.0,多云,19,18,3,0.0,78,31
2026-05-21 11:00:44,2026-05-22,2,乒乓球厅-8号,16:00-17:00,0,1,可预约,￥5.0,多云,21,17,5,0.0,74,31
2026-05-21 11:30:38,2026-05-22,2,乒乓球厅-8号,16:00-17:00,0,1,可预约,￥5.0,多云,21,19,3,0.0,72,33
2026-05-21 12:00:46,2026-05-22,2,乒乓球厅-8号,16:00-17:00,0,1,可预约,￥5.0,多云,22,19,4,0.0,70,33
2026-05-21 12:30:42,2026-05-22,2,乒乓球厅-8号,16:00-17:00,0,1,可预约,￥5.0,多云,22,21,3,0.0,68,35
2026-05-21 13:00:43,2026-05-22,2,乒乓球厅-8号,16:00-17:00,0,1,可预约,￥5.0,多云,24,22,4,0.0,66,35
2026-05-21 13:30:43,2026-05-22,2,乒乓球厅-8号,16:00-17:00,0,1,可预约,￥5.0,多云,24,22,4,0.0,66,36
2026-05-21 14:00:48,2026-05-22,2,乒乓球厅-8号,16:00-17:00,0,1,可预约,￥5.0,多云,25,23,4,0.0,66,36
2026-05-21 14:30:45,2026-05-22,2,乒乓球厅-8号,16:00-17:00,0,1,可预约,￥5.0,晴,25,25,3,0.0,65,39
2026-05-21 15:00:45,2026-05-22,2,乒乓球厅-8号,16:00-17:00,0,1,可预约,￥5.0,晴,25,22,4,0.0,56,39
2026-05-21 15:30:43,2026-05-22,2,乒乓球厅-8号,16:00-17:00,0,1,可预约,￥5.0,晴,25,23,4,0.0,57,40
2026-05-21 16:00:51,2026-05-22,2,乒乓球厅-8号,16:00-17:00,0,1,可预约,￥5.0,晴,25,23,4,0.0,57,40
2026-05-21 16:30:48,2026-05-22,2,乒乓球厅-8号,16:00-17:00,0,1,可预约,￥5.0,晴,25,24,3,0.0,60,39
2026-05-21 17:00:49,2026-05-22,2,乒乓球厅-8号,16:00-17:00,0,1,可预约,￥5.0,晴,25,24,4,0.0,61,39
2026-05-21 17:30:47,2026-05-22,2,乒乓球厅-8号,16:00-17:00,0,1,可预约,￥5.0,多云,24,23,3,0.0,64,39
2026-05-21 18:00:50,2026-05-22,2,乒乓球厅-8号,16:00-17:00,0,1,可预约,￥5.0,多云,24,23,3,0.0,68,39
2026-05-21 18:30:50,2026-05-22,2,乒乓球厅-8号,16:00-17:00,0,1,可预约,￥5.0,阴,24,25,2,0.0,68,40
2026-05-21 19:00:50,2026-05-22,2,乒乓球厅-8号,16:00-17:00,0,1,可预约,￥5.0,阴,23,23,3,0.0,76,40
2026-05-21 19:30:46,2026-05-22,2,乒乓球厅-8号,16:00-17:00,0,1,可预约,￥5.0,阴,23,24,2,0.0,77,39
2026-05-21 20:00:49,2026-05-22,2,乒乓球厅-8号,16:00-17:00,0,1,可预约,￥5.0,雾,22,23,2,0.0,89,39
2026-05-21 20:30:44,2026-05-22,2,乒乓球厅-8号,16:00-17:00,0,1,可预约,￥5.0,雾,22,24,2,0.0,93,43
2026-05-21 21:00:56,2026-05-22,2,乒乓球厅-8号,16:00-17:00,0,1,可预约,￥5.0,雾,20,21,2,0.0,98,43
2026-05-21 21:30:46,2026-05-22,2,乒乓球厅-8号,16:00-17:00,0,1,可预约,￥5.0,雾,20,22,1,0.0,99,41
2026-05-21 22:01:02,2026-05-22,2,乒乓球厅-8号,16:00-17:00,0,1,可预约,￥5.0,雾,19,20,2,0.0,93,41
2026-05-21 22:30:47,2026-05-22,2,乒乓球厅-8号,16:00-17:00,0,1,可预约,￥5.0,雾,19,19,3,0.0,88,46
2026-05-21 23:00:56,2026-05-22,2,乒乓球厅-8号,16:00-17:00,0,1,可预约,￥5.0,多云,18,17,3,0.0,85,46
2026-05-21 23:30:55,2026-05-22,2,乒乓球厅-8号,16:00-17:00,0,1,可预约,￥5.0,多云,18,17,3,0.0,85,48
2026-05-21 08:00:45,2026-05-22,2,乒乓球厅-8号,17:00-18:00,0,1,可预约,￥5.0,晴,17,12,5,0.0,86,29
2026-05-21 08:02:30,2026-05-22,2,乒乓球厅-8号,17:00-18:00,0,1,可预约,￥5.0,多云,17,12,5,0.0,87,29
2026-05-21 08:05:36,2026-05-22,2,乒乓球厅-8号,17:00-18:00,0,1,可预约,￥5.0,多云,17,12,5,0.0,86,29
2026-05-21 08:08:31,2026-05-22,2,乒乓球厅-8号,17:00-18:00,0,1,可预约,￥5.0,多云,17,12,5,0.0,86,29
2026-05-21 08:11:30,2026-05-22,2,乒乓球厅-8号,17:00-18:00,0,1,可预约,￥5.0,多云,17,12,5,0.0,86,29
2026-05-21 08:14:31,2026-05-22,2,乒乓球厅-8号,17:00-18:00,0,1,可预约,￥5.0,多云,17,12,5,0.0,86,29
2026-05-21 08:17:30,2026-05-22,2,乒乓球厅-8号,17:00-18:00,0,1,可预约,￥5.0,多云,17,12,5,0.0,86,29
2026-05-21 08:20:35,2026-05-22,2,乒乓球厅-8号,17:00-18:00,0,1,可预约,￥5.0,多云,17,14,4,0.0,85,29
2026-05-21 08:25:32,2026-05-22,2,乒乓球厅-8号,17:00-18:00,0,1,可预约,￥5.0,多云,17,14,4,0.0,85,28
2026-05-21 08:30:42,2026-05-22,2,乒乓球厅-8号,17:00-18:00,0,1,可预约,￥5.0,多云,18,15,4,0.0,84,28
2026-05-21 08:35:31,2026-05-22,2,乒乓球厅-8号,17:00-18:00,0,1,可预约,￥5.0,多云,18,15,4,0.0,84,28
2026-05-21 08:40:38,2026-05-22,2,乒乓球厅-8号,17:00-18:00,0,1,可预约,￥5.0,多云,18,15,4,0.0,82,28
2026-05-21 08:45:33,2026-05-22,2,乒乓球厅-8号,17:00-18:00,0,1,可预约,￥5.0,多云,18,15,4,0.0,82,28
2026-05-21 08:50:36,2026-05-22,2,乒乓球厅-8号,17:00-18:00,0,1,可预约,￥5.0,多云,18,15,4,0.0,82,28
2026-05-21 08:55:34,2026-05-22,2,乒乓球厅-8号,17:00-18:00,0,1,可预约,￥5.0,多云,18,15,4,0.0,84,28
2026-05-21 09:00:51,2026-05-22,2,乒乓球厅-8号,17:00-18:00,0,1,可预约,￥5.0,多云,18,15,4,0.0,84,28
2026-05-21 09:01:59,2026-05-22,2,乒乓球厅-8号,17:00-18:00,0,1,可预约,￥5.0,多云,18,15,4,0.0,83,28
2026-05-21 09:05:33,2026-05-22,2,乒乓球厅-8号,17:00-18:00,0,1,可预约,￥5.0,多云,18,15,4,0.0,83,28
2026-05-21 09:20:38,2026-05-22,2,乒乓球厅-8号,17:00-18:00,0,1,可预约,￥5.0,多云,18,16,3,0.0,81,28
2026-05-21 09:30:46,2026-05-22,2,乒乓球厅-8号,17:00-18:00,0,1,可预约,￥5.0,多云,18,16,3,0.0,81,32
2026-05-21 09:40:36,2026-05-22,2,乒乓球厅-8号,17:00-18:00,0,1,可预约,￥5.0,多云,19,17,3,0.0,79,32
2026-05-21 09:50:42,2026-05-22,2,乒乓球厅-8号,17:00-18:00,0,1,可预约,￥5.0,多云,19,17,4,0.0,81,32
2026-05-21 10:00:46,2026-05-22,2,乒乓球厅-8号,17:00-18:00,0,1,可预约,￥5.0,多云,19,17,4,0.0,79,32
2026-05-21 10:10:40,2026-05-22,2,乒乓球厅-8号,17:00-18:00,0,1,可预约,￥5.0,多云,19,17,4,0.0,79,32
2026-05-21 10:20:38,2026-05-22,2,乒乓球厅-8号,17:00-18:00,0,1,可预约,￥5.0,多云,19,17,4,0.0,79,32
2026-05-21 10:30:41,2026-05-22,2,乒乓球厅-8号,17:00-18:00,0,1,可预约,￥5.0,多云,19,18,3,0.0,78,31
2026-05-21 11:00:44,2026-05-22,2,乒乓球厅-8号,17:00-18:00,0,1,可预约,￥5.0,多云,21,17,5,0.0,74,31
2026-05-21 11:30:38,2026-05-22,2,乒乓球厅-8号,17:00-18:00,0,1,可预约,￥5.0,多云,21,19,3,0.0,72,33
2026-05-21 12:00:46,2026-05-22,2,乒乓球厅-8号,17:00-18:00,0,1,可预约,￥5.0,多云,22,19,4,0.0,70,33
2026-05-21 12:30:42,2026-05-22,2,乒乓球厅-8号,17:00-18:00,0,1,可预约,￥5.0,多云,22,21,3,0.0,68,35
2026-05-21 13:00:43,2026-05-22,2,乒乓球厅-8号,17:00-18:00,0,1,可预约,￥5.0,多云,24,22,4,0.0,66,35
2026-05-21 13:30:43,2026-05-22,2,乒乓球厅-8号,17:00-18:00,0,1,可预约,￥5.0,多云,24,22,4,0.0,66,36
2026-05-21 14:00:48,2026-05-22,2,乒乓球厅-8号,17:00-18:00,0,1,可预约,￥5.0,多云,25,23,4,0.0,66,36
2026-05-21 14:30:45,2026-05-22,2,乒乓球厅-8号,17:00-18:00,0,1,可预约,￥5.0,晴,25,25,3,0.0,65,39
2026-05-21 15:00:45,2026-05-22,2,乒乓球厅-8号,17:00-18:00,0,1,可预约,￥5.0,晴,25,22,4,0.0,56,39
2026-05-21 15:30:43,2026-05-22,2,乒乓球厅-8号,17:00-18:00,0,1,可预约,￥5.0,晴,25,23,4,0.0,57,40
2026-05-21 16:00:51,2026-05-22,2,乒乓球厅-8号,17:00-18:00,0,1,可预约,￥5.0,晴,25,23,4,0.0,57,40
2026-05-21 16:30:48,2026-05-22,2,乒乓球厅-8号,17:00-18:00,0,1,可预约,￥5.0,晴,25,24,3,0.0,60,39
2026-05-21 17:00:49,2026-05-22,2,乒乓球厅-8号,17:00-18:00,0,1,可预约,￥5.0,晴,25,24,4,0.0,61,39
2026-05-21 17:30:47,2026-05-22,2,乒乓球厅-8号,17:00-18:00,0,1,可预约,￥5.0,多云,24,23,3,0.0,64,39
2026-05-21 18:00:50,2026-05-22,2,乒乓球厅-8号,17:00-18:00,0,1,可预约,￥5.0,多云,24,23,3,0.0,68,39
2026-05-21 18:30:50,2026-05-22,2,乒乓球厅-8号,17:00-18:00,0,1,可预约,￥5.0,阴,24,25,2,0.0,68,40
2026-05-21 19:00:50,2026-05-22,2,乒乓球厅-8号,17:00-18:00,0,1,可预约,￥5.0,阴,23,23,3,0.0,76,40
2026-05-21 19:30:46,2026-05-22,2,乒乓球厅-8号,17:00-18:00,0,1,可预约,￥5.0,阴,23,24,2,0.0,77,39
2026-05-21 20:00:49,2026-05-22,2,乒乓球厅-8号,17:00-18:00,0,1,可预约,￥5.0,雾,22,23,2,0.0,89,39
2026-05-21 20:30:44,2026-05-22,2,乒乓球厅-8号,17:00-18:00,0,1,可预约,￥5.0,雾,22,24,2,0.0,93,43
2026-05-21 21:00:56,2026-05-22,2,乒乓球厅-8号,17:00-18:00,0,1,可预约,￥5.0,雾,20,21,2,0.0,98,43
2026-05-21 21:30:46,2026-05-22,2,乒乓球厅-8号,17:00-18:00,0,1,可预约,￥5.0,雾,20,22,1,0.0,99,41
2026-05-21 22:01:02,2026-05-22,2,乒乓球厅-8号,17:00-18:00,0,1,可预约,￥5.0,雾,19,20,2,0.0,93,41
2026-05-21 22:30:47,2026-05-22,2,乒乓球厅-8号,17:00-18:00,0,1,可预约,￥5.0,雾,19,19,3,0.0,88,46
2026-05-21 23:00:56,2026-05-22,2,乒乓球厅-8号,17:00-18:00,0,1,可预约,￥5.0,多云,18,17,3,0.0,85,46
2026-05-21 23:30:55,2026-05-22,2,乒乓球厅-8号,17:00-18:00,0,1,可预约,￥5.0,多云,18,17,3,0.0,85,48
2026-05-21 08:00:45,2026-05-22,2,乒乓球厅-8号,18:30-19:30,0,1,可预约,￥5.0,晴,17,12,5,0.0,86,29
2026-05-21 08:02:30,2026-05-22,2,乒乓球厅-8号,18:30-19:30,0,1,可预约,￥5.0,多云,17,12,5,0.0,87,29
2026-05-21 08:05:36,2026-05-22,2,乒乓球厅-8号,18:30-19:30,0,1,可预约,￥5.0,多云,17,12,5,0.0,86,29
2026-05-21 08:08:31,2026-05-22,2,乒乓球厅-8号,18:30-19:30,0,1,可预约,￥5.0,多云,17,12,5,0.0,86,29
2026-05-21 08:11:30,2026-05-22,2,乒乓球厅-8号,18:30-19:30,0,1,可预约,￥5.0,多云,17,12,5,0.0,86,29
2026-05-21 08:14:31,2026-05-22,2,乒乓球厅-8号,18:30-19:30,0,1,可预约,￥5.0,多云,17,12,5,0.0,86,29
2026-05-21 08:17:30,2026-05-22,2,乒乓球厅-8号,18:30-19:30,0,1,可预约,￥5.0,多云,17,12,5,0.0,86,29
2026-05-21 08:20:35,2026-05-22,2,乒乓球厅-8号,18:30-19:30,0,1,可预约,￥5.0,多云,17,14,4,0.0,85,29
2026-05-21 08:25:32,2026-05-22,2,乒乓球厅-8号,18:30-19:30,0,1,可预约,￥5.0,多云,17,14,4,0.0,85,28
2026-05-21 08:30:42,2026-05-22,2,乒乓球厅-8号,18:30-19:30,0,1,可预约,￥5.0,多云,18,15,4,0.0,84,28
2026-05-21 08:35:31,2026-05-22,2,乒乓球厅-8号,18:30-19:30,0,1,可预约,￥5.0,多云,18,15,4,0.0,84,28
2026-05-21 08:40:38,2026-05-22,2,乒乓球厅-8号,18:30-19:30,0,1,可预约,￥5.0,多云,18,15,4,0.0,82,28
2026-05-21 08:45:33,2026-05-22,2,乒乓球厅-8号,18:30-19:30,0,1,可预约,￥5.0,多云,18,15,4,0.0,82,28
2026-05-21 08:50:36,2026-05-22,2,乒乓球厅-8号,18:30-19:30,0,1,可预约,￥5.0,多云,18,15,4,0.0,82,28
2026-05-21 08:55:34,2026-05-22,2,乒乓球厅-8号,18:30-19:30,0,1,可预约,￥5.0,多云,18,15,4,0.0,84,28
2026-05-21 09:00:51,2026-05-22,2,乒乓球厅-8号,18:30-19:30,0,1,可预约,￥5.0,多云,18,15,4,0.0,84,28
2026-05-21 09:01:59,2026-05-22,2,乒乓球厅-8号,18:30-19:30,0,1,可预约,￥5.0,多云,18,15,4,0.0,83,28
2026-05-21 09:05:33,2026-05-22,2,乒乓球厅-8号,18:30-19:30,0,1,可预约,￥5.0,多云,18,15,4,0.0,83,28
2026-05-21 09:20:38,2026-05-22,2,乒乓球厅-8号,18:30-19:30,0,1,可预约,￥5.0,多云,18,16,3,0.0,81,28
2026-05-21 09:30:46,2026-05-22,2,乒乓球厅-8号,18:30-19:30,0,1,可预约,￥5.0,多云,18,16,3,0.0,81,32
2026-05-21 09:40:36,2026-05-22,2,乒乓球厅-8号,18:30-19:30,0,1,可预约,￥5.0,多云,19,17,3,0.0,79,32
2026-05-21 09:50:42,2026-05-22,2,乒乓球厅-8号,18:30-19:30,0,1,可预约,￥5.0,多云,19,17,4,0.0,81,32
2026-05-21 10:00:46,2026-05-22,2,乒乓球厅-8号,18:30-19:30,0,1,可预约,￥5.0,多云,19,17,4,0.0,79,32
2026-05-21 10:10:40,2026-05-22,2,乒乓球厅-8号,18:30-19:30,0,1,可预约,￥5.0,多云,19,17,4,0.0,79,32
2026-05-21 10:20:38,2026-05-22,2,乒乓球厅-8号,18:30-19:30,0,1,可预约,￥5.0,多云,19,17,4,0.0,79,32
2026-05-21 10:30:41,2026-05-22,2,乒乓球厅-8号,18:30-19:30,0,1,可预约,￥5.0,多云,19,18,3,0.0,78,31
2026-05-21 11:00:44,2026-05-22,2,乒乓球厅-8号,18:30-19:30,0,1,可预约,￥5.0,多云,21,17,5,0.0,74,31
2026-05-21 11:30:38,2026-05-22,2,乒乓球厅-8号,18:30-19:30,0,1,可预约,￥5.0,多云,21,19,3,0.0,72,33
2026-05-21 12:00:46,2026-05-22,2,乒乓球厅-8号,18:30-19:30,0,1,可预约,￥5.0,多云,22,19,4,0.0,70,33
2026-05-21 12:30:42,2026-05-22,2,乒乓球厅-8号,18:30-19:30,0,1,可预约,￥5.0,多云,22,21,3,0.0,68,35
2026-05-21 13:00:43,2026-05-22,2,乒乓球厅-8号,18:30-19:30,0,1,可预约,￥5.0,多云,24,22,4,0.0,66,35
2026-05-21 13:30:43,2026-05-22,2,乒乓球厅-8号,18:30-19:30,0,1,可预约,￥5.0,多云,24,22,4,0.0,66,36
2026-05-21 14:00:48,2026-05-22,2,乒乓球厅-8号,18:30-19:30,0,1,可预约,￥5.0,多云,25,23,4,0.0,66,36
2026-05-21 14:30:45,2026-05-22,2,乒乓球厅-8号,18:30-19:30,0,1,可预约,￥5.0,晴,25,25,3,0.0,65,39
2026-05-21 15:00:45,2026-05-22,2,乒乓球厅-8号,18:30-19:30,0,1,可预约,￥5.0,晴,25,22,4,0.0,56,39
2026-05-21 15:30:43,2026-05-22,2,乒乓球厅-8号,18:30-19:30,0,1,可预约,￥5.0,晴,25,23,4,0.0,57,40
2026-05-21 16:00:51,2026-05-22,2,乒乓球厅-8号,18:30-19:30,0,1,可预约,￥5.0,晴,25,23,4,0.0,57,40
2026-05-21 16:30:48,2026-05-22,2,乒乓球厅-8号,18:30-19:30,0,1,可预约,￥5.0,晴,25,24,3,0.0,60,39
2026-05-21 17:00:49,2026-05-22,2,乒乓球厅-8号,18:30-19:30,0,1,可预约,￥5.0,晴,25,24,4,0.0,61,39
2026-05-21 17:30:47,2026-05-22,2,乒乓球厅-8号,18:30-19:30,0,1,可预约,￥5.0,多云,24,23,3,0.0,64,39
2026-05-21 18:00:50,2026-05-22,2,乒乓球厅-8号,18:30-19:30,0,1,可预约,￥5.0,多云,24,23,3,0.0,68,39
2026-05-21 18:30:50,2026-05-22,2,乒乓球厅-8号,18:30-19:30,0,1,可预约,￥5.0,阴,24,25,2,0.0,68,40
2026-05-21 19:00:50,2026-05-22,2,乒乓球厅-8号,18:30-19:30,0,1,可预约,￥5.0,阴,23,23,3,0.0,76,40
2026-05-21 19:30:46,2026-05-22,2,乒乓球厅-8号,18:30-19:30,0,1,可预约,￥5.0,阴,23,24,2,0.0,77,39
2026-05-21 20:00:49,2026-05-22,2,乒乓球厅-8号,18:30-19:30,0,1,可预约,￥5.0,雾,22,23,2,0.0,89,39
2026-05-21 20:30:44,2026-05-22,2,乒乓球厅-8号,18:30-19:30,0,1,可预约,￥5.0,雾,22,24,2,0.0,93,43
2026-05-21 21:00:56,2026-05-22,2,乒乓球厅-8号,18:30-19:30,0,1,可预约,￥5.0,雾,20,21,2,0.0,98,43
2026-05-21 21:30:46,2026-05-22,2,乒乓球厅-8号,18:30-19:30,0,1,可预约,￥5.0,雾,20,22,1,0.0,99,41
2026-05-21 22:01:02,2026-05-22,2,乒乓球厅-8号,18:30-19:30,0,1,可预约,￥5.0,雾,19,20,2,0.0,93,41
2026-05-21 22:30:47,2026-05-22,2,乒乓球厅-8号,18:30-19:30,0,1,可预约,￥5.0,雾,19,19,3,0.0,88,46
2026-05-21 23:00:56,2026-05-22,2,乒乓球厅-8号,18:30-19:30,0,1,可预约,￥5.0,多云,18,17,3,0.0,85,46
2026-05-21 23:30:55,2026-05-22,2,乒乓球厅-8号,18:30-19:30,0,1,可预约,￥5.0,多云,18,17,3,0.0,85,48
2026-05-21 08:00:45,2026-05-22,2,乒乓球厅-8号,19:30-20:30,0,1,可预约,￥5.0,晴,17,12,5,0.0,86,29
2026-05-21 08:02:30,2026-05-22,2,乒乓球厅-8号,19:30-20:30,0,1,可预约,￥5.0,多云,17,12,5,0.0,87,29
2026-05-21 08:05:36,2026-05-22,2,乒乓球厅-8号,19:30-20:30,0,1,可预约,￥5.0,多云,17,12,5,0.0,86,29
2026-05-21 08:08:31,2026-05-22,2,乒乓球厅-8号,19:30-20:30,0,1,可预约,￥5.0,多云,17,12,5,0.0,86,29
2026-05-21 08:11:30,2026-05-22,2,乒乓球厅-8号,19:30-20:30,0,1,可预约,￥5.0,多云,17,12,5,0.0,86,29
2026-05-21 08:14:31,2026-05-22,2,乒乓球厅-8号,19:30-20:30,0,1,可预约,￥5.0,多云,17,12,5,0.0,86,29
2026-05-21 08:17:30,2026-05-22,2,乒乓球厅-8号,19:30-20:30,0,1,可预约,￥5.0,多云,17,12,5,0.0,86,29
2026-05-21 08:20:35,2026-05-22,2,乒乓球厅-8号,19:30-20:30,0,1,可预约,￥5.0,多云,17,14,4,0.0,85,29
2026-05-21 08:25:32,2026-05-22,2,乒乓球厅-8号,19:30-20:30,0,1,可预约,￥5.0,多云,17,14,4,0.0,85,28
2026-05-21 08:30:42,2026-05-22,2,乒乓球厅-8号,19:30-20:30,0,1,可预约,￥5.0,多云,18,15,4,0.0,84,28
2026-05-21 08:35:31,2026-05-22,2,乒乓球厅-8号,19:30-20:30,0,1,可预约,￥5.0,多云,18,15,4,0.0,84,28
2026-05-21 08:40:38,2026-05-22,2,乒乓球厅-8号,19:30-20:30,0,1,可预约,￥5.0,多云,18,15,4,0.0,82,28
2026-05-21 08:45:33,2026-05-22,2,乒乓球厅-8号,19:30-20:30,0,1,可预约,￥5.0,多云,18,15,4,0.0,82,28
2026-05-21 08:50:36,2026-05-22,2,乒乓球厅-8号,19:30-20:30,0,1,可预约,￥5.0,多云,18,15,4,0.0,82,28
2026-05-21 08:55:34,2026-05-22,2,乒乓球厅-8号,19:30-20:30,0,1,可预约,￥5.0,多云,18,15,4,0.0,84,28
2026-05-21 09:00:51,2026-05-22,2,乒乓球厅-8号,19:30-20:30,0,1,可预约,￥5.0,多云,18,15,4,0.0,84,28
2026-05-21 09:01:59,2026-05-22,2,乒乓球厅-8号,19:30-20:30,0,1,可预约,￥5.0,多云,18,15,4,0.0,83,28
2026-05-21 09:05:33,2026-05-22,2,乒乓球厅-8号,19:30-20:30,0,1,可预约,￥5.0,多云,18,15,4,0.0,83,28
2026-05-21 09:20:38,2026-05-22,2,乒乓球厅-8号,19:30-20:30,0,1,可预约,￥5.0,多云,18,16,3,0.0,81,28
2026-05-21 09:30:46,2026-05-22,2,乒乓球厅-8号,19:30-20:30,0,1,可预约,￥5.0,多云,18,16,3,0.0,81,32
2026-05-21 09:40:36,2026-05-22,2,乒乓球厅-8号,19:30-20:30,0,1,可预约,￥5.0,多云,19,17,3,0.0,79,32
2026-05-21 09:50:42,2026-05-22,2,乒乓球厅-8号,19:30-20:30,0,1,可预约,￥5.0,多云,19,17,4,0.0,81,32
2026-05-21 10:00:46,2026-05-22,2,乒乓球厅-8号,19:30-20:30,0,1,可预约,￥5.0,多云,19,17,4,0.0,79,32
2026-05-21 10:10:40,2026-05-22,2,乒乓球厅-8号,19:30-20:30,0,1,可预约,￥5.0,多云,19,17,4,0.0,79,32
2026-05-21 10:20:38,2026-05-22,2,乒乓球厅-8号,19:30-20:30,0,1,可预约,￥5.0,多云,19,17,4,0.0,79,32
2026-05-21 10:30:41,2026-05-22,2,乒乓球厅-8号,19:30-20:30,0,1,可预约,￥5.0,多云,19,18,3,0.0,78,31
2026-05-21 11:00:44,2026-05-22,2,乒乓球厅-8号,19:30-20:30,0,1,可预约,￥5.0,多云,21,17,5,0.0,74,31
2026-05-21 11:30:38,2026-05-22,2,乒乓球厅-8号,19:30-20:30,0,1,可预约,￥5.0,多云,21,19,3,0.0,72,33
2026-05-21 12:00:46,2026-05-22,2,乒乓球厅-8号,19:30-20:30,0,1,可预约,￥5.0,多云,22,19,4,0.0,70,33
2026-05-21 12:30:42,2026-05-22,2,乒乓球厅-8号,19:30-20:30,0,1,可预约,￥5.0,多云,22,21,3,0.0,68,35
2026-05-21 13:00:43,2026-05-22,2,乒乓球厅-8号,19:30-20:30,0,1,可预约,￥5.0,多云,24,22,4,0.0,66,35
2026-05-21 13:30:43,2026-05-22,2,乒乓球厅-8号,19:30-20:30,0,1,可预约,￥5.0,多云,24,22,4,0.0,66,36
2026-05-21 14:00:48,2026-05-22,2,乒乓球厅-8号,19:30-20:30,0,1,可预约,￥5.0,多云,25,23,4,0.0,66,36
2026-05-21 14:30:45,2026-05-22,2,乒乓球厅-8号,19:30-20:30,0,1,可预约,￥5.0,晴,25,25,3,0.0,65,39
2026-05-21 15:00:45,2026-05-22,2,乒乓球厅-8号,19:30-20:30,0,1,可预约,￥5.0,晴,25,22,4,0.0,56,39
2026-05-21 15:30:43,2026-05-22,2,乒乓球厅-8号,19:30-20:30,0,1,可预约,￥5.0,晴,25,23,4,0.0,57,40
2026-05-21 16:00:51,2026-05-22,2,乒乓球厅-8号,19:30-20:30,0,1,可预约,￥5.0,晴,25,23,4,0.0,57,40
2026-05-21 16:30:48,2026-05-22,2,乒乓球厅-8号,19:30-20:30,0,1,可预约,￥5.0,晴,25,24,3,0.0,60,39
2026-05-21 17:00:49,2026-05-22,2,乒乓球厅-8号,19:30-20:30,0,1,可预约,￥5.0,晴,25,24,4,0.0,61,39
2026-05-21 17:30:47,2026-05-22,2,乒乓球厅-8号,19:30-20:30,0,1,可预约,￥5.0,多云,24,23,3,0.0,64,39
2026-05-21 18:00:50,2026-05-22,2,乒乓球厅-8号,19:30-20:30,0,1,可预约,￥5.0,多云,24,23,3,0.0,68,39
2026-05-21 18:30:50,2026-05-22,2,乒乓球厅-8号,19:30-20:30,0,1,可预约,￥5.0,阴,24,25,2,0.0,68,40
2026-05-21 19:00:50,2026-05-22,2,乒乓球厅-8号,19:30-20:30,0,1,可预约,￥5.0,阴,23,23,3,0.0,76,40
2026-05-21 19:30:46,2026-05-22,2,乒乓球厅-8号,19:30-20:30,0,1,可预约,￥5.0,阴,23,24,2,0.0,77,39
2026-05-21 20:00:49,2026-05-22,2,乒乓球厅-8号,19:30-20:30,0,1,可预约,￥5.0,雾,22,23,2,0.0,89,39
2026-05-21 20:30:44,2026-05-22,2,乒乓球厅-8号,19:30-20:30,0,1,可预约,￥5.0,雾,22,24,2,0.0,93,43
2026-05-21 21:00:56,2026-05-22,2,乒乓球厅-8号,19:30-20:30,0,1,可预约,￥5.0,雾,20,21,2,0.0,98,43
2026-05-21 21:30:46,2026-05-22,2,乒乓球厅-8号,19:30-20:30,0,1,可预约,￥5.0,雾,20,22,1,0.0,99,41
2026-05-21 22:01:02,2026-05-22,2,乒乓球厅-8号,19:30-20:30,0,1,可预约,￥5.0,雾,19,20,2,0.0,93,41
2026-05-21 22:30:47,2026-05-22,2,乒乓球厅-8号,19:30-20:30,0,1,可预约,￥5.0,雾,19,19,3,0.0,88,46
2026-05-21 23:00:56,2026-05-22,2,乒乓球厅-8号,19:30-20:30,0,1,可预约,￥5.0,多云,18,17,3,0.0,85,46
2026-05-21 23:30:55,2026-05-22,2,乒乓球厅-8号,19:30-20:30,0,1,可预约,￥5.0,多云,18,17,3,0.0,85,48
2026-05-21 08:00:45,2026-05-22,2,乒乓球厅-8号,20:30-21:30,0,1,可预约,￥5.0,晴,17,12,5,0.0,86,29
2026-05-21 08:02:30,2026-05-22,2,乒乓球厅-8号,20:30-21:30,0,1,可预约,￥5.0,多云,17,12,5,0.0,87,29
2026-05-21 08:05:36,2026-05-22,2,乒乓球厅-8号,20:30-21:30,0,1,可预约,￥5.0,多云,17,12,5,0.0,86,29
2026-05-21 08:08:31,2026-05-22,2,乒乓球厅-8号,20:30-21:30,0,1,可预约,￥5.0,多云,17,12,5,0.0,86,29
2026-05-21 08:11:30,2026-05-22,2,乒乓球厅-8号,20:30-21:30,0,1,可预约,￥5.0,多云,17,12,5,0.0,86,29
2026-05-21 08:14:31,2026-05-22,2,乒乓球厅-8号,20:30-21:30,0,1,可预约,￥5.0,多云,17,12,5,0.0,86,29
2026-05-21 08:17:30,2026-05-22,2,乒乓球厅-8号,20:30-21:30,0,1,可预约,￥5.0,多云,17,12,5,0.0,86,29
2026-05-21 08:20:35,2026-05-22,2,乒乓球厅-8号,20:30-21:30,0,1,可预约,￥5.0,多云,17,14,4,0.0,85,29
2026-05-21 08:25:32,2026-05-22,2,乒乓球厅-8号,20:30-21:30,0,1,可预约,￥5.0,多云,17,14,4,0.0,85,28
2026-05-21 08:30:42,2026-05-22,2,乒乓球厅-8号,20:30-21:30,0,1,可预约,￥5.0,多云,18,15,4,0.0,84,28
2026-05-21 08:35:31,2026-05-22,2,乒乓球厅-8号,20:30-21:30,0,1,可预约,￥5.0,多云,18,15,4,0.0,84,28
2026-05-21 08:40:38,2026-05-22,2,乒乓球厅-8号,20:30-21:30,0,1,可预约,￥5.0,多云,18,15,4,0.0,82,28
2026-05-21 08:45:33,2026-05-22,2,乒乓球厅-8号,20:30-21:30,0,1,可预约,￥5.0,多云,18,15,4,0.0,82,28
2026-05-21 08:50:36,2026-05-22,2,乒乓球厅-8号,20:30-21:30,0,1,可预约,￥5.0,多云,18,15,4,0.0,82,28
2026-05-21 08:55:34,2026-05-22,2,乒乓球厅-8号,20:30-21:30,0,1,可预约,￥5.0,多云,18,15,4,0.0,84,28
2026-05-21 09:00:51,2026-05-22,2,乒乓球厅-8号,20:30-21:30,0,1,可预约,￥5.0,多云,18,15,4,0.0,84,28
2026-05-21 09:01:59,2026-05-22,2,乒乓球厅-8号,20:30-21:30,0,1,可预约,￥5.0,多云,18,15,4,0.0,83,28
2026-05-21 09:05:33,2026-05-22,2,乒乓球厅-8号,20:30-21:30,0,1,可预约,￥5.0,多云,18,15,4,0.0,83,28
2026-05-21 09:20:38,2026-05-22,2,乒乓球厅-8号,20:30-21:30,0,1,可预约,￥5.0,多云,18,16,3,0.0,81,28
2026-05-21 09:30:46,2026-05-22,2,乒乓球厅-8号,20:30-21:30,0,1,可预约,￥5.0,多云,18,16,3,0.0,81,32
2026-05-21 09:40:36,2026-05-22,2,乒乓球厅-8号,20:30-21:30,0,1,可预约,￥5.0,多云,19,17,3,0.0,79,32
2026-05-21 09:50:42,2026-05-22,2,乒乓球厅-8号,20:30-21:30,0,1,可预约,￥5.0,多云,19,17,4,0.0,81,32
2026-05-21 10:00:46,2026-05-22,2,乒乓球厅-8号,20:30-21:30,0,1,可预约,￥5.0,多云,19,17,4,0.0,79,32
2026-05-21 10:10:40,2026-05-22,2,乒乓球厅-8号,20:30-21:30,0,1,可预约,￥5.0,多云,19,17,4,0.0,79,32
2026-05-21 10:20:38,2026-05-22,2,乒乓球厅-8号,20:30-21:30,0,1,可预约,￥5.0,多云,19,17,4,0.0,79,32
2026-05-21 10:30:41,2026-05-22,2,乒乓球厅-8号,20:30-21:30,0,1,可预约,￥5.0,多云,19,18,3,0.0,78,31
2026-05-21 11:00:44,2026-05-22,2,乒乓球厅-8号,20:30-21:30,0,1,可预约,￥5.0,多云,21,17,5,0.0,74,31
2026-05-21 11:30:38,2026-05-22,2,乒乓球厅-8号,20:30-21:30,0,1,可预约,￥5.0,多云,21,19,3,0.0,72,33
2026-05-21 12:00:46,2026-05-22,2,乒乓球厅-8号,20:30-21:30,0,1,可预约,￥5.0,多云,22,19,4,0.0,70,33
2026-05-21 12:30:42,2026-05-22,2,乒乓球厅-8号,20:30-21:30,0,1,可预约,￥5.0,多云,22,21,3,0.0,68,35
2026-05-21 13:00:43,2026-05-22,2,乒乓球厅-8号,20:30-21:30,0,1,可预约,￥5.0,多云,24,22,4,0.0,66,35
2026-05-21 13:30:43,2026-05-22,2,乒乓球厅-8号,20:30-21:30,0,1,可预约,￥5.0,多云,24,22,4,0.0,66,36
2026-05-21 14:00:48,2026-05-22,2,乒乓球厅-8号,20:30-21:30,0,1,可预约,￥5.0,多云,25,23,4,0.0,66,36
2026-05-21 14:30:45,2026-05-22,2,乒乓球厅-8号,20:30-21:30,0,1,可预约,￥5.0,晴,25,25,3,0.0,65,39
2026-05-21 15:00:45,2026-05-22,2,乒乓球厅-8号,20:30-21:30,0,1,可预约,￥5.0,晴,25,22,4,0.0,56,39
2026-05-21 15:30:43,2026-05-22,2,乒乓球厅-8号,20:30-21:30,0,1,可预约,￥5.0,晴,25,23,4,0.0,57,40
2026-05-21 16:00:51,2026-05-22,2,乒乓球厅-8号,20:30-21:30,0,1,可预约,￥5.0,晴,25,23,4,0.0,57,40
2026-05-21 16:30:48,2026-05-22,2,乒乓球厅-8号,20:30-21:30,0,1,可预约,￥5.0,晴,25,24,3,0.0,60,39
2026-05-21 17:00:49,2026-05-22,2,乒乓球厅-8号,20:30-21:30,0,1,可预约,￥5.0,晴,25,24,4,0.0,61,39
2026-05-21 17:30:47,2026-05-22,2,乒乓球厅-8号,20:30-21:30,0,1,可预约,￥5.0,多云,24,23,3,0.0,64,39
2026-05-21 18:00:50,2026-05-22,2,乒乓球厅-8号,20:30-21:30,0,1,可预约,￥5.0,多云,24,23,3,0.0,68,39
2026-05-21 18:30:50,2026-05-22,2,乒乓球厅-8号,20:30-21:30,0,1,可预约,￥5.0,阴,24,25,2,0.0,68,40
2026-05-21 19:00:50,2026-05-22,2,乒乓球厅-8号,20:30-21:30,0,1,可预约,￥5.0,阴,23,23,3,0.0,76,40
2026-05-21 19:30:46,2026-05-22,2,乒乓球厅-8号,20:30-21:30,0,1,可预约,￥5.0,阴,23,24,2,0.0,77,39
2026-05-21 20:00:49,2026-05-22,2,乒乓球厅-8号,20:30-21:30,0,1,可预约,￥5.0,雾,22,23,2,0.0,89,39
2026-05-21 20:30:44,2026-05-22,2,乒乓球厅-8号,20:30-21:30,0,1,可预约,￥5.0,雾,22,24,2,0.0,93,43
2026-05-21 21:00:56,2026-05-22,2,乒乓球厅-8号,20:30-21:30,0,1,可预约,￥5.0,雾,20,21,2,0.0,98,43
2026-05-21 21:30:46,2026-05-22,2,乒乓球厅-8号,20:30-21:30,0,1,可预约,￥5.0,雾,20,22,1,0.0,99,41
2026-05-21 22:01:02,2026-05-22,2,乒乓球厅-8号,20:30-21:30,0,1,可预约,￥5.0,雾,19,20,2,0.0,93,41
2026-05-21 22:30:47,2026-05-22,2,乒乓球厅-8号,20:30-21:30,0,1,可预约,￥5.0,雾,19,19,3,0.0,88,46
2026-05-21 23:00:56,2026-05-22,2,乒乓球厅-8号,20:30-21:30,0,1,可预约,￥5.0,多云,18,17,3,0.0,85,46
2026-05-21 23:30:55,2026-05-22,2,乒乓球厅-8号,20:30-21:30,0,1,可预约,￥5.0,多云,18,17,3,0.0,85,48
2026-05-21 08:00:45,2026-05-22,2,乒乓球厅-9号,07:00-08:00,0,1,可预约,￥0.0,晴,17,12,5,0.0,86,29
2026-05-21 08:02:30,2026-05-22,2,乒乓球厅-9号,07:00-08:00,0,1,可预约,￥0.0,多云,17,12,5,0.0,87,29
2026-05-21 08:05:36,2026-05-22,2,乒乓球厅-9号,07:00-08:00,0,1,可预约,￥0.0,多云,17,12,5,0.0,86,29
2026-05-21 08:08:31,2026-05-22,2,乒乓球厅-9号,07:00-08:00,0,1,可预约,￥0.0,多云,17,12,5,0.0,86,29
2026-05-21 08:11:30,2026-05-22,2,乒乓球厅-9号,07:00-08:00,0,1,可预约,￥0.0,多云,17,12,5,0.0,86,29
2026-05-21 08:14:31,2026-05-22,2,乒乓球厅-9号,07:00-08:00,0,1,可预约,￥0.0,多云,17,12,5,0.0,86,29
2026-05-21 08:17:30,2026-05-22,2,乒乓球厅-9号,07:00-08:00,0,1,可预约,￥0.0,多云,17,12,5,0.0,86,29
2026-05-21 08:20:35,2026-05-22,2,乒乓球厅-9号,07:00-08:00,0,1,可预约,￥0.0,多云,17,14,4,0.0,85,29
2026-05-21 08:25:32,2026-05-22,2,乒乓球厅-9号,07:00-08:00,0,1,可预约,￥0.0,多云,17,14,4,0.0,85,28
2026-05-21 08:30:42,2026-05-22,2,乒乓球厅-9号,07:00-08:00,0,1,可预约,￥0.0,多云,18,15,4,0.0,84,28
2026-05-21 08:35:31,2026-05-22,2,乒乓球厅-9号,07:00-08:00,0,1,可预约,￥0.0,多云,18,15,4,0.0,84,28
2026-05-21 08:40:38,2026-05-22,2,乒乓球厅-9号,07:00-08:00,0,1,可预约,￥0.0,多云,18,15,4,0.0,82,28
2026-05-21 08:45:33,2026-05-22,2,乒乓球厅-9号,07:00-08:00,0,1,可预约,￥0.0,多云,18,15,4,0.0,82,28
2026-05-21 08:50:36,2026-05-22,2,乒乓球厅-9号,07:00-08:00,0,1,可预约,￥0.0,多云,18,15,4,0.0,82,28
2026-05-21 08:55:34,2026-05-22,2,乒乓球厅-9号,07:00-08:00,0,1,可预约,￥0.0,多云,18,15,4,0.0,84,28
2026-05-21 09:00:51,2026-05-22,2,乒乓球厅-9号,07:00-08:00,0,1,可预约,￥0.0,多云,18,15,4,0.0,84,28
2026-05-21 09:01:59,2026-05-22,2,乒乓球厅-9号,07:00-08:00,0,1,可预约,￥0.0,多云,18,15,4,0.0,83,28
2026-05-21 09:05:33,2026-05-22,2,乒乓球厅-9号,07:00-08:00,0,1,可预约,￥0.0,多云,18,15,4,0.0,83,28
2026-05-21 09:20:38,2026-05-22,2,乒乓球厅-9号,07:00-08:00,0,1,可预约,￥0.0,多云,18,16,3,0.0,81,28
2026-05-21 09:30:46,2026-05-22,2,乒乓球厅-9号,07:00-08:00,0,1,可预约,￥0.0,多云,18,16,3,0.0,81,32
2026-05-21 09:40:36,2026-05-22,2,乒乓球厅-9号,07:00-08:00,0,1,可预约,￥0.0,多云,19,17,3,0.0,79,32
2026-05-21 09:50:42,2026-05-22,2,乒乓球厅-9号,07:00-08:00,0,1,可预约,￥0.0,多云,19,17,4,0.0,81,32
2026-05-21 10:00:46,2026-05-22,2,乒乓球厅-9号,07:00-08:00,0,1,可预约,￥0.0,多云,19,17,4,0.0,79,32
2026-05-21 10:10:40,2026-05-22,2,乒乓球厅-9号,07:00-08:00,0,1,可预约,￥0.0,多云,19,17,4,0.0,79,32
2026-05-21 10:20:38,2026-05-22,2,乒乓球厅-9号,07:00-08:00,0,1,可预约,￥0.0,多云,19,17,4,0.0,79,32
2026-05-21 10:30:41,2026-05-22,2,乒乓球厅-9号,07:00-08:00,0,1,可预约,￥0.0,多云,19,18,3,0.0,78,31
2026-05-21 11:00:44,2026-05-22,2,乒乓球厅-9号,07:00-08:00,0,1,可预约,￥0.0,多云,21,17,5,0.0,74,31
2026-05-21 11:30:38,2026-05-22,2,乒乓球厅-9号,07:00-08:00,0,1,可预约,￥0.0,多云,21,19,3,0.0,72,33
2026-05-21 12:00:46,2026-05-22,2,乒乓球厅-9号,07:00-08:00,0,1,可预约,￥0.0,多云,22,19,4,0.0,70,33
2026-05-21 12:30:42,2026-05-22,2,乒乓球厅-9号,07:00-08:00,0,1,可预约,￥0.0,多云,22,21,3,0.0,68,35
2026-05-21 13:00:43,2026-05-22,2,乒乓球厅-9号,07:00-08:00,0,1,可预约,￥0.0,多云,24,22,4,0.0,66,35
2026-05-21 13:30:43,2026-05-22,2,乒乓球厅-9号,07:00-08:00,0,1,可预约,￥0.0,多云,24,22,4,0.0,66,36
2026-05-21 14:00:48,2026-05-22,2,乒乓球厅-9号,07:00-08:00,0,1,可预约,￥0.0,多云,25,23,4,0.0,66,36
2026-05-21 14:30:45,2026-05-22,2,乒乓球厅-9号,07:00-08:00,0,1,可预约,￥0.0,晴,25,25,3,0.0,65,39
2026-05-21 15:00:45,2026-05-22,2,乒乓球厅-9号,07:00-08:00,0,1,可预约,￥0.0,晴,25,22,4,0.0,56,39
2026-05-21 15:30:43,2026-05-22,2,乒乓球厅-9号,07:00-08:00,0,1,可预约,￥0.0,晴,25,23,4,0.0,57,40
2026-05-21 16:00:51,2026-05-22,2,乒乓球厅-9号,07:00-08:00,0,1,可预约,￥0.0,晴,25,23,4,0.0,57,40
2026-05-21 16:30:48,2026-05-22,2,乒乓球厅-9号,07:00-08:00,0,1,可预约,￥0.0,晴,25,24,3,0.0,60,39
2026-05-21 17:00:49,2026-05-22,2,乒乓球厅-9号,07:00-08:00,0,1,可预约,￥0.0,晴,25,24,4,0.0,61,39
2026-05-21 17:30:47,2026-05-22,2,乒乓球厅-9号,07:00-08:00,0,1,可预约,￥0.0,多云,24,23,3,0.0,64,39
2026-05-21 18:00:50,2026-05-22,2,乒乓球厅-9号,07:00-08:00,0,1,可预约,￥0.0,多云,24,23,3,0.0,68,39
2026-05-21 18:30:50,2026-05-22,2,乒乓球厅-9号,07:00-08:00,0,1,可预约,￥0.0,阴,24,25,2,0.0,68,40
2026-05-21 19:00:50,2026-05-22,2,乒乓球厅-9号,07:00-08:00,0,1,可预约,￥0.0,阴,23,23,3,0.0,76,40
2026-05-21 19:30:46,2026-05-22,2,乒乓球厅-9号,07:00-08:00,0,1,可预约,￥0.0,阴,23,24,2,0.0,77,39
2026-05-21 20:00:49,2026-05-22,2,乒乓球厅-9号,07:00-08:00,0,1,可预约,￥0.0,雾,22,23,2,0.0,89,39
2026-05-21 20:30:44,2026-05-22,2,乒乓球厅-9号,07:00-08:00,0,1,可预约,￥0.0,雾,22,24,2,0.0,93,43
2026-05-21 21:00:56,2026-05-22,2,乒乓球厅-9号,07:00-08:00,0,1,可预约,￥0.0,雾,20,21,2,0.0,98,43
2026-05-21 21:30:46,2026-05-22,2,乒乓球厅-9号,07:00-08:00,0,1,可预约,￥0.0,雾,20,22,1,0.0,99,41
2026-05-21 22:01:02,2026-05-22,2,乒乓球厅-9号,07:00-08:00,0,1,可预约,￥0.0,雾,19,20,2,0.0,93,41
2026-05-21 22:30:47,2026-05-22,2,乒乓球厅-9号,07:00-08:00,0,1,可预约,￥0.0,雾,19,19,3,0.0,88,46
2026-05-21 23:00:56,2026-05-22,2,乒乓球厅-9号,07:00-08:00,0,1,可预约,￥0.0,多云,18,17,3,0.0,85,46
2026-05-21 23:30:55,2026-05-22,2,乒乓球厅-9号,07:00-08:00,0,1,可预约,￥0.0,多云,18,17,3,0.0,85,48
2026-05-21 08:00:45,2026-05-22,2,乒乓球厅-9号,08:00-09:00,0,1,可预约,￥0.0,晴,17,12,5,0.0,86,29
2026-05-21 08:02:30,2026-05-22,2,乒乓球厅-9号,08:00-09:00,0,1,可预约,￥0.0,多云,17,12,5,0.0,87,29
2026-05-21 08:05:36,2026-05-22,2,乒乓球厅-9号,08:00-09:00,0,1,可预约,￥0.0,多云,17,12,5,0.0,86,29
2026-05-21 08:08:31,2026-05-22,2,乒乓球厅-9号,08:00-09:00,0,1,可预约,￥0.0,多云,17,12,5,0.0,86,29
2026-05-21 08:11:30,2026-05-22,2,乒乓球厅-9号,08:00-09:00,0,1,可预约,￥0.0,多云,17,12,5,0.0,86,29
2026-05-21 08:14:31,2026-05-22,2,乒乓球厅-9号,08:00-09:00,0,1,可预约,￥0.0,多云,17,12,5,0.0,86,29
2026-05-21 08:17:30,2026-05-22,2,乒乓球厅-9号,08:00-09:00,0,1,可预约,￥0.0,多云,17,12,5,0.0,86,29
2026-05-21 08:20:35,2026-05-22,2,乒乓球厅-9号,08:00-09:00,0,1,可预约,￥0.0,多云,17,14,4,0.0,85,29
2026-05-21 08:25:32,2026-05-22,2,乒乓球厅-9号,08:00-09:00,0,1,可预约,￥0.0,多云,17,14,4,0.0,85,28
2026-05-21 08:30:42,2026-05-22,2,乒乓球厅-9号,08:00-09:00,0,1,可预约,￥0.0,多云,18,15,4,0.0,84,28
2026-05-21 08:35:31,2026-05-22,2,乒乓球厅-9号,08:00-09:00,0,1,可预约,￥0.0,多云,18,15,4,0.0,84,28
2026-05-21 08:40:38,2026-05-22,2,乒乓球厅-9号,08:00-09:00,0,1,可预约,￥0.0,多云,18,15,4,0.0,82,28
2026-05-21 08:45:33,2026-05-22,2,乒乓球厅-9号,08:00-09:00,0,1,可预约,￥0.0,多云,18,15,4,0.0,82,28
2026-05-21 08:50:36,2026-05-22,2,乒乓球厅-9号,08:00-09:00,0,1,可预约,￥0.0,多云,18,15,4,0.0,82,28
2026-05-21 08:55:34,2026-05-22,2,乒乓球厅-9号,08:00-09:00,0,1,可预约,￥0.0,多云,18,15,4,0.0,84,28
2026-05-21 09:00:51,2026-05-22,2,乒乓球厅-9号,08:00-09:00,0,1,可预约,￥0.0,多云,18,15,4,0.0,84,28
2026-05-21 09:01:59,2026-05-22,2,乒乓球厅-9号,08:00-09:00,0,1,可预约,￥0.0,多云,18,15,4,0.0,83,28
2026-05-21 09:05:33,2026-05-22,2,乒乓球厅-9号,08:00-09:00,0,1,可预约,￥0.0,多云,18,15,4,0.0,83,28
2026-05-21 09:20:38,2026-05-22,2,乒乓球厅-9号,08:00-09:00,0,1,可预约,￥0.0,多云,18,16,3,0.0,81,28
2026-05-21 09:30:46,2026-05-22,2,乒乓球厅-9号,08:00-09:00,0,1,可预约,￥0.0,多云,18,16,3,0.0,81,32
2026-05-21 09:40:36,2026-05-22,2,乒乓球厅-9号,08:00-09:00,0,1,可预约,￥0.0,多云,19,17,3,0.0,79,32
2026-05-21 09:50:42,2026-05-22,2,乒乓球厅-9号,08:00-09:00,0,1,可预约,￥0.0,多云,19,17,4,0.0,81,32
2026-05-21 10:00:46,2026-05-22,2,乒乓球厅-9号,08:00-09:00,0,1,可预约,￥0.0,多云,19,17,4,0.0,79,32
2026-05-21 10:10:40,2026-05-22,2,乒乓球厅-9号,08:00-09:00,0,1,可预约,￥0.0,多云,19,17,4,0.0,79,32
2026-05-21 10:20:38,2026-05-22,2,乒乓球厅-9号,08:00-09:00,0,1,可预约,￥0.0,多云,19,17,4,0.0,79,32
2026-05-21 10:30:41,2026-05-22,2,乒乓球厅-9号,08:00-09:00,0,1,可预约,￥0.0,多云,19,18,3,0.0,78,31
2026-05-21 11:00:44,2026-05-22,2,乒乓球厅-9号,08:00-09:00,0,1,可预约,￥0.0,多云,21,17,5,0.0,74,31
2026-05-21 11:30:38,2026-05-22,2,乒乓球厅-9号,08:00-09:00,0,1,可预约,￥0.0,多云,21,19,3,0.0,72,33
2026-05-21 12:00:46,2026-05-22,2,乒乓球厅-9号,08:00-09:00,0,1,可预约,￥0.0,多云,22,19,4,0.0,70,33
2026-05-21 12:30:42,2026-05-22,2,乒乓球厅-9号,08:00-09:00,0,1,可预约,￥0.0,多云,22,21,3,0.0,68,35
2026-05-21 13:00:43,2026-05-22,2,乒乓球厅-9号,08:00-09:00,0,1,可预约,￥0.0,多云,24,22,4,0.0,66,35
2026-05-21 13:30:43,2026-05-22,2,乒乓球厅-9号,08:00-09:00,0,1,可预约,￥0.0,多云,24,22,4,0.0,66,36
2026-05-21 14:00:48,2026-05-22,2,乒乓球厅-9号,08:00-09:00,0,1,可预约,￥0.0,多云,25,23,4,0.0,66,36
2026-05-21 14:30:45,2026-05-22,2,乒乓球厅-9号,08:00-09:00,0,1,可预约,￥0.0,晴,25,25,3,0.0,65,39
2026-05-21 15:00:45,2026-05-22,2,乒乓球厅-9号,08:00-09:00,0,1,可预约,￥0.0,晴,25,22,4,0.0,56,39
2026-05-21 15:30:43,2026-05-22,2,乒乓球厅-9号,08:00-09:00,0,1,可预约,￥0.0,晴,25,23,4,0.0,57,40
2026-05-21 16:00:51,2026-05-22,2,乒乓球厅-9号,08:00-09:00,0,1,可预约,￥0.0,晴,25,23,4,0.0,57,40
2026-05-21 16:30:48,2026-05-22,2,乒乓球厅-9号,08:00-09:00,0,1,可预约,￥0.0,晴,25,24,3,0.0,60,39
2026-05-21 17:00:49,2026-05-22,2,乒乓球厅-9号,08:00-09:00,0,1,可预约,￥0.0,晴,25,24,4,0.0,61,39
2026-05-21 17:30:47,2026-05-22,2,乒乓球厅-9号,08:00-09:00,0,1,可预约,￥0.0,多云,24,23,3,0.0,64,39
2026-05-21 18:00:50,2026-05-22,2,乒乓球厅-9号,08:00-09:00,0,1,可预约,￥0.0,多云,24,23,3,0.0,68,39
2026-05-21 18:30:50,2026-05-22,2,乒乓球厅-9号,08:00-09:00,0,1,可预约,￥0.0,阴,24,25,2,0.0,68,40
2026-05-21 19:00:50,2026-05-22,2,乒乓球厅-9号,08:00-09:00,0,1,可预约,￥0.0,阴,23,23,3,0.0,76,40
2026-05-21 19:30:46,2026-05-22,2,乒乓球厅-9号,08:00-09:00,0,1,可预约,￥0.0,阴,23,24,2,0.0,77,39
2026-05-21 20:00:49,2026-05-22,2,乒乓球厅-9号,08:00-09:00,0,1,可预约,￥0.0,雾,22,23,2,0.0,89,39
2026-05-21 20:30:44,2026-05-22,2,乒乓球厅-9号,08:00-09:00,0,1,可预约,￥0.0,雾,22,24,2,0.0,93,43
2026-05-21 21:00:56,2026-05-22,2,乒乓球厅-9号,08:00-09:00,0,1,可预约,￥0.0,雾,20,21,2,0.0,98,43
2026-05-21 21:30:46,2026-05-22,2,乒乓球厅-9号,08:00-09:00,0,1,可预约,￥0.0,雾,20,22,1,0.0,99,41
2026-05-21 22:01:02,2026-05-22,2,乒乓球厅-9号,08:00-09:00,0,1,可预约,￥0.0,雾,19,20,2,0.0,93,41
2026-05-21 22:30:47,2026-05-22,2,乒乓球厅-9号,08:00-09:00,0,1,可预约,￥0.0,雾,19,19,3,0.0,88,46
2026-05-21 23:00:56,2026-05-22,2,乒乓球厅-9号,08:00-09:00,0,1,可预约,￥0.0,多云,18,17,3,0.0,85,46
2026-05-21 23:30:55,2026-05-22,2,乒乓球厅-9号,08:00-09:00,0,1,可预约,￥0.0,多云,18,17,3,0.0,85,48
2026-05-21 08:00:45,2026-05-22,2,乒乓球厅-9号,09:00-10:00,0,1,可预约,￥5.0,晴,17,12,5,0.0,86,29
2026-05-21 08:02:30,2026-05-22,2,乒乓球厅-9号,09:00-10:00,0,1,可预约,￥5.0,多云,17,12,5,0.0,87,29
2026-05-21 08:05:36,2026-05-22,2,乒乓球厅-9号,09:00-10:00,0,1,可预约,￥5.0,多云,17,12,5,0.0,86,29
2026-05-21 08:08:31,2026-05-22,2,乒乓球厅-9号,09:00-10:00,0,1,可预约,￥5.0,多云,17,12,5,0.0,86,29
2026-05-21 08:11:30,2026-05-22,2,乒乓球厅-9号,09:00-10:00,0,1,可预约,￥5.0,多云,17,12,5,0.0,86,29
2026-05-21 08:14:31,2026-05-22,2,乒乓球厅-9号,09:00-10:00,0,1,可预约,￥5.0,多云,17,12,5,0.0,86,29
2026-05-21 08:17:30,2026-05-22,2,乒乓球厅-9号,09:00-10:00,0,1,可预约,￥5.0,多云,17,12,5,0.0,86,29
2026-05-21 08:20:35,2026-05-22,2,乒乓球厅-9号,09:00-10:00,0,1,可预约,￥5.0,多云,17,14,4,0.0,85,29
2026-05-21 08:25:32,2026-05-22,2,乒乓球厅-9号,09:00-10:00,0,1,可预约,￥5.0,多云,17,14,4,0.0,85,28
2026-05-21 08:30:42,2026-05-22,2,乒乓球厅-9号,09:00-10:00,0,1,可预约,￥5.0,多云,18,15,4,0.0,84,28
2026-05-21 08:35:31,2026-05-22,2,乒乓球厅-9号,09:00-10:00,0,1,可预约,￥5.0,多云,18,15,4,0.0,84,28
2026-05-21 08:40:38,2026-05-22,2,乒乓球厅-9号,09:00-10:00,0,1,可预约,￥5.0,多云,18,15,4,0.0,82,28
2026-05-21 08:45:33,2026-05-22,2,乒乓球厅-9号,09:00-10:00,0,1,可预约,￥5.0,多云,18,15,4,0.0,82,28
2026-05-21 08:50:36,2026-05-22,2,乒乓球厅-9号,09:00-10:00,0,1,可预约,￥5.0,多云,18,15,4,0.0,82,28
2026-05-21 08:55:34,2026-05-22,2,乒乓球厅-9号,09:00-10:00,0,1,可预约,￥5.0,多云,18,15,4,0.0,84,28
2026-05-21 09:00:51,2026-05-22,2,乒乓球厅-9号,09:00-10:00,0,1,可预约,￥5.0,多云,18,15,4,0.0,84,28
2026-05-21 09:01:59,2026-05-22,2,乒乓球厅-9号,09:00-10:00,0,1,可预约,￥5.0,多云,18,15,4,0.0,83,28
2026-05-21 09:05:33,2026-05-22,2,乒乓球厅-9号,09:00-10:00,0,1,可预约,￥5.0,多云,18,15,4,0.0,83,28
2026-05-21 09:20:38,2026-05-22,2,乒乓球厅-9号,09:00-10:00,0,1,可预约,￥5.0,多云,18,16,3,0.0,81,28
2026-05-21 09:30:46,2026-05-22,2,乒乓球厅-9号,09:00-10:00,0,1,可预约,￥5.0,多云,18,16,3,0.0,81,32
2026-05-21 09:40:36,2026-05-22,2,乒乓球厅-9号,09:00-10:00,0,1,可预约,￥5.0,多云,19,17,3,0.0,79,32
2026-05-21 09:50:42,2026-05-22,2,乒乓球厅-9号,09:00-10:00,0,1,可预约,￥5.0,多云,19,17,4,0.0,81,32
2026-05-21 10:00:46,2026-05-22,2,乒乓球厅-9号,09:00-10:00,0,1,可预约,￥5.0,多云,19,17,4,0.0,79,32
2026-05-21 10:10:40,2026-05-22,2,乒乓球厅-9号,09:00-10:00,0,1,可预约,￥5.0,多云,19,17,4,0.0,79,32
2026-05-21 10:20:38,2026-05-22,2,乒乓球厅-9号,09:00-10:00,0,1,可预约,￥5.0,多云,19,17,4,0.0,79,32
2026-05-21 10:30:41,2026-05-22,2,乒乓球厅-9号,09:00-10:00,0,1,可预约,￥5.0,多云,19,18,3,0.0,78,31
2026-05-21 11:00:44,2026-05-22,2,乒乓球厅-9号,09:00-10:00,0,1,可预约,￥5.0,多云,21,17,5,0.0,74,31
2026-05-21 11:30:38,2026-05-22,2,乒乓球厅-9号,09:00-10:00,0,1,可预约,￥5.0,多云,21,19,3,0.0,72,33
2026-05-21 12:00:46,2026-05-22,2,乒乓球厅-9号,09:00-10:00,0,1,可预约,￥5.0,多云,22,19,4,0.0,70,33
2026-05-21 12:30:42,2026-05-22,2,乒乓球厅-9号,09:00-10:00,0,1,可预约,￥5.0,多云,22,21,3,0.0,68,35
2026-05-21 13:00:43,2026-05-22,2,乒乓球厅-9号,09:00-10:00,0,1,可预约,￥5.0,多云,24,22,4,0.0,66,35
2026-05-21 13:30:43,2026-05-22,2,乒乓球厅-9号,09:00-10:00,0,1,可预约,￥5.0,多云,24,22,4,0.0,66,36
2026-05-21 14:00:48,2026-05-22,2,乒乓球厅-9号,09:00-10:00,0,1,可预约,￥5.0,多云,25,23,4,0.0,66,36
2026-05-21 14:30:45,2026-05-22,2,乒乓球厅-9号,09:00-10:00,0,1,可预约,￥5.0,晴,25,25,3,0.0,65,39
2026-05-21 15:00:45,2026-05-22,2,乒乓球厅-9号,09:00-10:00,0,1,可预约,￥5.0,晴,25,22,4,0.0,56,39
2026-05-21 15:30:43,2026-05-22,2,乒乓球厅-9号,09:00-10:00,0,1,可预约,￥5.0,晴,25,23,4,0.0,57,40
2026-05-21 16:00:51,2026-05-22,2,乒乓球厅-9号,09:00-10:00,0,1,可预约,￥5.0,晴,25,23,4,0.0,57,40
2026-05-21 16:30:48,2026-05-22,2,乒乓球厅-9号,09:00-10:00,0,1,可预约,￥5.0,晴,25,24,3,0.0,60,39
2026-05-21 17:00:49,2026-05-22,2,乒乓球厅-9号,09:00-10:00,0,1,可预约,￥5.0,晴,25,24,4,0.0,61,39
2026-05-21 17:30:47,2026-05-22,2,乒乓球厅-9号,09:00-10:00,0,1,可预约,￥5.0,多云,24,23,3,0.0,64,39
2026-05-21 18:00:50,2026-05-22,2,乒乓球厅-9号,09:00-10:00,0,1,可预约,￥5.0,多云,24,23,3,0.0,68,39
2026-05-21 18:30:50,2026-05-22,2,乒乓球厅-9号,09:00-10:00,0,1,可预约,￥5.0,阴,24,25,2,0.0,68,40
2026-05-21 19:00:50,2026-05-22,2,乒乓球厅-9号,09:00-10:00,0,1,可预约,￥5.0,阴,23,23,3,0.0,76,40
2026-05-21 19:30:46,2026-05-22,2,乒乓球厅-9号,09:00-10:00,0,1,可预约,￥5.0,阴,23,24,2,0.0,77,39
2026-05-21 20:00:49,2026-05-22,2,乒乓球厅-9号,09:00-10:00,0,1,可预约,￥5.0,雾,22,23,2,0.0,89,39
2026-05-21 20:30:44,2026-05-22,2,乒乓球厅-9号,09:00-10:00,0,1,可预约,￥5.0,雾,22,24,2,0.0,93,43
2026-05-21 21:00:56,2026-05-22,2,乒乓球厅-9号,09:00-10:00,0,1,可预约,￥5.0,雾,20,21,2,0.0,98,43
2026-05-21 21:30:46,2026-05-22,2,乒乓球厅-9号,09:00-10:00,0,1,可预约,￥5.0,雾,20,22,1,0.0,99,41
2026-05-21 22:01:02,2026-05-22,2,乒乓球厅-9号,09:00-10:00,0,1,可预约,￥5.0,雾,19,20,2,0.0,93,41
2026-05-21 22:30:47,2026-05-22,2,乒乓球厅-9号,09:00-10:00,0,1,可预约,￥5.0,雾,19,19,3,0.0,88,46
2026-05-21 23:00:56,2026-05-22,2,乒乓球厅-9号,09:00-10:00,0,1,可预约,￥5.0,多云,18,17,3,0.0,85,46
2026-05-21 23:30:55,2026-05-22,2,乒乓球厅-9号,09:00-10:00,0,1,可预约,￥5.0,多云,18,17,3,0.0,85,48
2026-05-21 08:00:45,2026-05-22,2,乒乓球厅-9号,10:00-11:00,0,1,可预约,￥5.0,晴,17,12,5,0.0,86,29
2026-05-21 08:02:30,2026-05-22,2,乒乓球厅-9号,10:00-11:00,0,1,可预约,￥5.0,多云,17,12,5,0.0,87,29
2026-05-21 08:05:36,2026-05-22,2,乒乓球厅-9号,10:00-11:00,0,1,可预约,￥5.0,多云,17,12,5,0.0,86,29
2026-05-21 08:08:31,2026-05-22,2,乒乓球厅-9号,10:00-11:00,0,1,可预约,￥5.0,多云,17,12,5,0.0,86,29
2026-05-21 08:11:30,2026-05-22,2,乒乓球厅-9号,10:00-11:00,0,1,可预约,￥5.0,多云,17,12,5,0.0,86,29
2026-05-21 08:14:31,2026-05-22,2,乒乓球厅-9号,10:00-11:00,0,1,可预约,￥5.0,多云,17,12,5,0.0,86,29
2026-05-21 08:17:30,2026-05-22,2,乒乓球厅-9号,10:00-11:00,0,1,可预约,￥5.0,多云,17,12,5,0.0,86,29
2026-05-21 08:20:35,2026-05-22,2,乒乓球厅-9号,10:00-11:00,0,1,可预约,￥5.0,多云,17,14,4,0.0,85,29
2026-05-21 08:25:32,2026-05-22,2,乒乓球厅-9号,10:00-11:00,0,1,可预约,￥5.0,多云,17,14,4,0.0,85,28
2026-05-21 08:30:42,2026-05-22,2,乒乓球厅-9号,10:00-11:00,0,1,可预约,￥5.0,多云,18,15,4,0.0,84,28
2026-05-21 08:35:31,2026-05-22,2,乒乓球厅-9号,10:00-11:00,0,1,可预约,￥5.0,多云,18,15,4,0.0,84,28
2026-05-21 08:40:38,2026-05-22,2,乒乓球厅-9号,10:00-11:00,0,1,可预约,￥5.0,多云,18,15,4,0.0,82,28
2026-05-21 08:45:33,2026-05-22,2,乒乓球厅-9号,10:00-11:00,0,1,可预约,￥5.0,多云,18,15,4,0.0,82,28
2026-05-21 08:50:36,2026-05-22,2,乒乓球厅-9号,10:00-11:00,0,1,可预约,￥5.0,多云,18,15,4,0.0,82,28
2026-05-21 08:55:34,2026-05-22,2,乒乓球厅-9号,10:00-11:00,0,1,可预约,￥5.0,多云,18,15,4,0.0,84,28
2026-05-21 09:00:51,2026-05-22,2,乒乓球厅-9号,10:00-11:00,0,1,可预约,￥5.0,多云,18,15,4,0.0,84,28
2026-05-21 09:01:59,2026-05-22,2,乒乓球厅-9号,10:00-11:00,0,1,可预约,￥5.0,多云,18,15,4,0.0,83,28
2026-05-21 09:05:33,2026-05-22,2,乒乓球厅-9号,10:00-11:00,0,1,可预约,￥5.0,多云,18,15,4,0.0,83,28
2026-05-21 09:20:38,2026-05-22,2,乒乓球厅-9号,10:00-11:00,0,1,可预约,￥5.0,多云,18,16,3,0.0,81,28
2026-05-21 09:30:46,2026-05-22,2,乒乓球厅-9号,10:00-11:00,0,1,可预约,￥5.0,多云,18,16,3,0.0,81,32
2026-05-21 09:40:36,2026-05-22,2,乒乓球厅-9号,10:00-11:00,0,1,可预约,￥5.0,多云,19,17,3,0.0,79,32
2026-05-21 09:50:42,2026-05-22,2,乒乓球厅-9号,10:00-11:00,0,1,可预约,￥5.0,多云,19,17,4,0.0,81,32
2026-05-21 10:00:46,2026-05-22,2,乒乓球厅-9号,10:00-11:00,0,1,可预约,￥5.0,多云,19,17,4,0.0,79,32
2026-05-21 10:10:40,2026-05-22,2,乒乓球厅-9号,10:00-11:00,0,1,可预约,￥5.0,多云,19,17,4,0.0,79,32
2026-05-21 10:20:38,2026-05-22,2,乒乓球厅-9号,10:00-11:00,0,1,可预约,￥5.0,多云,19,17,4,0.0,79,32
2026-05-21 10:30:41,2026-05-22,2,乒乓球厅-9号,10:00-11:00,0,1,可预约,￥5.0,多云,19,18,3,0.0,78,31
2026-05-21 11:00:44,2026-05-22,2,乒乓球厅-9号,10:00-11:00,0,1,可预约,￥5.0,多云,21,17,5,0.0,74,31
2026-05-21 11:30:38,2026-05-22,2,乒乓球厅-9号,10:00-11:00,0,1,可预约,￥5.0,多云,21,19,3,0.0,72,33
2026-05-21 12:00:46,2026-05-22,2,乒乓球厅-9号,10:00-11:00,0,1,可预约,￥5.0,多云,22,19,4,0.0,70,33
2026-05-21 12:30:42,2026-05-22,2,乒乓球厅-9号,10:00-11:00,0,1,可预约,￥5.0,多云,22,21,3,0.0,68,35
2026-05-21 13:00:43,2026-05-22,2,乒乓球厅-9号,10:00-11:00,0,1,可预约,￥5.0,多云,24,22,4,0.0,66,35
2026-05-21 13:30:43,2026-05-22,2,乒乓球厅-9号,10:00-11:00,0,1,可预约,￥5.0,多云,24,22,4,0.0,66,36
2026-05-21 14:00:48,2026-05-22,2,乒乓球厅-9号,10:00-11:00,0,1,可预约,￥5.0,多云,25,23,4,0.0,66,36
2026-05-21 14:30:45,2026-05-22,2,乒乓球厅-9号,10:00-11:00,0,1,可预约,￥5.0,晴,25,25,3,0.0,65,39
2026-05-21 15:00:45,2026-05-22,2,乒乓球厅-9号,10:00-11:00,0,1,可预约,￥5.0,晴,25,22,4,0.0,56,39
2026-05-21 15:30:43,2026-05-22,2,乒乓球厅-9号,10:00-11:00,0,1,可预约,￥5.0,晴,25,23,4,0.0,57,40
2026-05-21 16:00:51,2026-05-22,2,乒乓球厅-9号,10:00-11:00,0,1,可预约,￥5.0,晴,25,23,4,0.0,57,40
2026-05-21 16:30:48,2026-05-22,2,乒乓球厅-9号,10:00-11:00,0,1,可预约,￥5.0,晴,25,24,3,0.0,60,39
2026-05-21 17:00:49,2026-05-22,2,乒乓球厅-9号,10:00-11:00,0,1,可预约,￥5.0,晴,25,24,4,0.0,61,39
2026-05-21 17:30:47,2026-05-22,2,乒乓球厅-9号,10:00-11:00,0,1,可预约,￥5.0,多云,24,23,3,0.0,64,39
2026-05-21 18:00:50,2026-05-22,2,乒乓球厅-9号,10:00-11:00,0,1,可预约,￥5.0,多云,24,23,3,0.0,68,39
2026-05-21 18:30:50,2026-05-22,2,乒乓球厅-9号,10:00-11:00,0,1,可预约,￥5.0,阴,24,25,2,0.0,68,40
2026-05-21 19:00:50,2026-05-22,2,乒乓球厅-9号,10:00-11:00,0,1,可预约,￥5.0,阴,23,23,3,0.0,76,40
2026-05-21 19:30:46,2026-05-22,2,乒乓球厅-9号,10:00-11:00,0,1,可预约,￥5.0,阴,23,24,2,0.0,77,39
2026-05-21 20:00:49,2026-05-22,2,乒乓球厅-9号,10:00-11:00,0,1,可预约,￥5.0,雾,22,23,2,0.0,89,39
2026-05-21 20:30:44,2026-05-22,2,乒乓球厅-9号,10:00-11:00,0,1,可预约,￥5.0,雾,22,24,2,0.0,93,43
2026-05-21 21:00:56,2026-05-22,2,乒乓球厅-9号,10:00-11:00,0,1,可预约,￥5.0,雾,20,21,2,0.0,98,43
2026-05-21 21:30:46,2026-05-22,2,乒乓球厅-9号,10:00-11:00,0,1,可预约,￥5.0,雾,20,22,1,0.0,99,41
2026-05-21 22:01:02,2026-05-22,2,乒乓球厅-9号,10:00-11:00,0,1,可预约,￥5.0,雾,19,20,2,0.0,93,41
2026-05-21 22:30:47,2026-05-22,2,乒乓球厅-9号,10:00-11:00,0,1,可预约,￥5.0,雾,19,19,3,0.0,88,46
2026-05-21 23:00:56,2026-05-22,2,乒乓球厅-9号,10:00-11:00,0,1,可预约,￥5.0,多云,18,17,3,0.0,85,46
2026-05-21 23:30:55,2026-05-22,2,乒乓球厅-9号,10:00-11:00,0,1,可预约,￥5.0,多云,18,17,3,0.0,85,48
2026-05-21 08:00:45,2026-05-22,2,乒乓球厅-9号,11:00-12:00,0,1,可预约,￥5.0,晴,17,12,5,0.0,86,29
2026-05-21 08:02:30,2026-05-22,2,乒乓球厅-9号,11:00-12:00,0,1,可预约,￥5.0,多云,17,12,5,0.0,87,29
2026-05-21 08:05:36,2026-05-22,2,乒乓球厅-9号,11:00-12:00,0,1,可预约,￥5.0,多云,17,12,5,0.0,86,29
2026-05-21 08:08:31,2026-05-22,2,乒乓球厅-9号,11:00-12:00,0,1,可预约,￥5.0,多云,17,12,5,0.0,86,29
2026-05-21 08:11:30,2026-05-22,2,乒乓球厅-9号,11:00-12:00,0,1,可预约,￥5.0,多云,17,12,5,0.0,86,29
2026-05-21 08:14:31,2026-05-22,2,乒乓球厅-9号,11:00-12:00,0,1,可预约,￥5.0,多云,17,12,5,0.0,86,29
2026-05-21 08:17:30,2026-05-22,2,乒乓球厅-9号,11:00-12:00,0,1,可预约,￥5.0,多云,17,12,5,0.0,86,29
2026-05-21 08:20:35,2026-05-22,2,乒乓球厅-9号,11:00-12:00,0,1,可预约,￥5.0,多云,17,14,4,0.0,85,29
2026-05-21 08:25:32,2026-05-22,2,乒乓球厅-9号,11:00-12:00,0,1,可预约,￥5.0,多云,17,14,4,0.0,85,28
2026-05-21 08:30:42,2026-05-22,2,乒乓球厅-9号,11:00-12:00,0,1,可预约,￥5.0,多云,18,15,4,0.0,84,28
2026-05-21 08:35:31,2026-05-22,2,乒乓球厅-9号,11:00-12:00,0,1,可预约,￥5.0,多云,18,15,4,0.0,84,28
2026-05-21 08:40:38,2026-05-22,2,乒乓球厅-9号,11:00-12:00,0,1,可预约,￥5.0,多云,18,15,4,0.0,82,28
2026-05-21 08:45:33,2026-05-22,2,乒乓球厅-9号,11:00-12:00,0,1,可预约,￥5.0,多云,18,15,4,0.0,82,28
2026-05-21 08:50:36,2026-05-22,2,乒乓球厅-9号,11:00-12:00,0,1,可预约,￥5.0,多云,18,15,4,0.0,82,28
2026-05-21 08:55:34,2026-05-22,2,乒乓球厅-9号,11:00-12:00,0,1,可预约,￥5.0,多云,18,15,4,0.0,84,28
2026-05-21 09:00:51,2026-05-22,2,乒乓球厅-9号,11:00-12:00,0,1,可预约,￥5.0,多云,18,15,4,0.0,84,28
2026-05-21 09:01:59,2026-05-22,2,乒乓球厅-9号,11:00-12:00,0,1,可预约,￥5.0,多云,18,15,4,0.0,83,28
2026-05-21 09:05:33,2026-05-22,2,乒乓球厅-9号,11:00-12:00,0,1,可预约,￥5.0,多云,18,15,4,0.0,83,28
2026-05-21 09:20:38,2026-05-22,2,乒乓球厅-9号,11:00-12:00,0,1,可预约,￥5.0,多云,18,16,3,0.0,81,28
2026-05-21 09:30:46,2026-05-22,2,乒乓球厅-9号,11:00-12:00,0,1,可预约,￥5.0,多云,18,16,3,0.0,81,32
2026-05-21 09:40:36,2026-05-22,2,乒乓球厅-9号,11:00-12:00,0,1,可预约,￥5.0,多云,19,17,3,0.0,79,32
2026-05-21 09:50:42,2026-05-22,2,乒乓球厅-9号,11:00-12:00,0,1,可预约,￥5.0,多云,19,17,4,0.0,81,32
2026-05-21 10:00:46,2026-05-22,2,乒乓球厅-9号,11:00-12:00,0,1,可预约,￥5.0,多云,19,17,4,0.0,79,32
2026-05-21 10:10:40,2026-05-22,2,乒乓球厅-9号,11:00-12:00,0,1,可预约,￥5.0,多云,19,17,4,0.0,79,32
2026-05-21 10:20:38,2026-05-22,2,乒乓球厅-9号,11:00-12:00,0,1,可预约,￥5.0,多云,19,17,4,0.0,79,32
2026-05-21 10:30:41,2026-05-22,2,乒乓球厅-9号,11:00-12:00,0,1,可预约,￥5.0,多云,19,18,3,0.0,78,31
2026-05-21 11:00:44,2026-05-22,2,乒乓球厅-9号,11:00-12:00,0,1,可预约,￥5.0,多云,21,17,5,0.0,74,31
2026-05-21 11:30:38,2026-05-22,2,乒乓球厅-9号,11:00-12:00,0,1,可预约,￥5.0,多云,21,19,3,0.0,72,33
2026-05-21 12:00:46,2026-05-22,2,乒乓球厅-9号,11:00-12:00,0,1,可预约,￥5.0,多云,22,19,4,0.0,70,33
2026-05-21 12:30:42,2026-05-22,2,乒乓球厅-9号,11:00-12:00,0,1,可预约,￥5.0,多云,22,21,3,0.0,68,35
2026-05-21 13:00:43,2026-05-22,2,乒乓球厅-9号,11:00-12:00,0,1,可预约,￥5.0,多云,24,22,4,0.0,66,35
2026-05-21 13:30:43,2026-05-22,2,乒乓球厅-9号,11:00-12:00,0,1,可预约,￥5.0,多云,24,22,4,0.0,66,36
2026-05-21 14:00:48,2026-05-22,2,乒乓球厅-9号,11:00-12:00,0,1,可预约,￥5.0,多云,25,23,4,0.0,66,36
2026-05-21 14:30:45,2026-05-22,2,乒乓球厅-9号,11:00-12:00,0,1,可预约,￥5.0,晴,25,25,3,0.0,65,39
2026-05-21 15:00:45,2026-05-22,2,乒乓球厅-9号,11:00-12:00,0,1,可预约,￥5.0,晴,25,22,4,0.0,56,39
2026-05-21 15:30:43,2026-05-22,2,乒乓球厅-9号,11:00-12:00,0,1,可预约,￥5.0,晴,25,23,4,0.0,57,40
2026-05-21 16:00:51,2026-05-22,2,乒乓球厅-9号,11:00-12:00,0,1,可预约,￥5.0,晴,25,23,4,0.0,57,40
2026-05-21 16:30:48,2026-05-22,2,乒乓球厅-9号,11:00-12:00,0,1,可预约,￥5.0,晴,25,24,3,0.0,60,39
2026-05-21 17:00:49,2026-05-22,2,乒乓球厅-9号,11:00-12:00,0,1,可预约,￥5.0,晴,25,24,4,0.0,61,39
2026-05-21 17:30:47,2026-05-22,2,乒乓球厅-9号,11:00-12:00,0,1,可预约,￥5.0,多云,24,23,3,0.0,64,39
2026-05-21 18:00:50,2026-05-22,2,乒乓球厅-9号,11:00-12:00,0,1,可预约,￥5.0,多云,24,23,3,0.0,68,39
2026-05-21 18:30:50,2026-05-22,2,乒乓球厅-9号,11:00-12:00,0,1,可预约,￥5.0,阴,24,25,2,0.0,68,40
2026-05-21 19:00:50,2026-05-22,2,乒乓球厅-9号,11:00-12:00,0,1,可预约,￥5.0,阴,23,23,3,0.0,76,40
2026-05-21 19:30:46,2026-05-22,2,乒乓球厅-9号,11:00-12:00,0,1,可预约,￥5.0,阴,23,24,2,0.0,77,39
2026-05-21 20:00:49,2026-05-22,2,乒乓球厅-9号,11:00-12:00,0,1,可预约,￥5.0,雾,22,23,2,0.0,89,39
2026-05-21 20:30:44,2026-05-22,2,乒乓球厅-9号,11:00-12:00,0,1,可预约,￥5.0,雾,22,24,2,0.0,93,43
2026-05-21 21:00:56,2026-05-22,2,乒乓球厅-9号,11:00-12:00,0,1,可预约,￥5.0,雾,20,21,2,0.0,98,43
2026-05-21 21:30:46,2026-05-22,2,乒乓球厅-9号,11:00-12:00,0,1,可预约,￥5.0,雾,20,22,1,0.0,99,41
2026-05-21 22:01:02,2026-05-22,2,乒乓球厅-9号,11:00-12:00,0,1,可预约,￥5.0,雾,19,20,2,0.0,93,41
2026-05-21 22:30:47,2026-05-22,2,乒乓球厅-9号,11:00-12:00,0,1,可预约,￥5.0,雾,19,19,3,0.0,88,46
2026-05-21 23:00:56,2026-05-22,2,乒乓球厅-9号,11:00-12:00,0,1,可预约,￥5.0,多云,18,17,3,0.0,85,46
2026-05-21 23:30:55,2026-05-22,2,乒乓球厅-9号,11:00-12:00,0,1,可预约,￥5.0,多云,18,17,3,0.0,85,48
2026-05-21 08:00:45,2026-05-22,2,乒乓球厅-9号,12:00-12:55,0,1,可预约,￥0.0,晴,17,12,5,0.0,86,29
2026-05-21 08:02:30,2026-05-22,2,乒乓球厅-9号,12:00-12:55,0,1,可预约,￥0.0,多云,17,12,5,0.0,87,29
2026-05-21 08:05:36,2026-05-22,2,乒乓球厅-9号,12:00-12:55,0,1,可预约,￥0.0,多云,17,12,5,0.0,86,29
2026-05-21 08:08:31,2026-05-22,2,乒乓球厅-9号,12:00-12:55,0,1,可预约,￥0.0,多云,17,12,5,0.0,86,29
2026-05-21 08:11:30,2026-05-22,2,乒乓球厅-9号,12:00-12:55,0,1,可预约,￥0.0,多云,17,12,5,0.0,86,29
2026-05-21 08:14:31,2026-05-22,2,乒乓球厅-9号,12:00-12:55,0,1,可预约,￥0.0,多云,17,12,5,0.0,86,29
2026-05-21 08:17:30,2026-05-22,2,乒乓球厅-9号,12:00-12:55,0,1,可预约,￥0.0,多云,17,12,5,0.0,86,29
2026-05-21 08:20:35,2026-05-22,2,乒乓球厅-9号,12:00-12:55,0,1,可预约,￥0.0,多云,17,14,4,0.0,85,29
2026-05-21 08:25:32,2026-05-22,2,乒乓球厅-9号,12:00-12:55,0,1,可预约,￥0.0,多云,17,14,4,0.0,85,28
2026-05-21 08:30:42,2026-05-22,2,乒乓球厅-9号,12:00-12:55,0,1,可预约,￥0.0,多云,18,15,4,0.0,84,28
2026-05-21 08:35:31,2026-05-22,2,乒乓球厅-9号,12:00-12:55,0,1,可预约,￥0.0,多云,18,15,4,0.0,84,28
2026-05-21 08:40:38,2026-05-22,2,乒乓球厅-9号,12:00-12:55,0,1,可预约,￥0.0,多云,18,15,4,0.0,82,28
2026-05-21 08:45:33,2026-05-22,2,乒乓球厅-9号,12:00-12:55,0,1,可预约,￥0.0,多云,18,15,4,0.0,82,28
2026-05-21 08:50:36,2026-05-22,2,乒乓球厅-9号,12:00-12:55,0,1,可预约,￥0.0,多云,18,15,4,0.0,82,28
2026-05-21 08:55:34,2026-05-22,2,乒乓球厅-9号,12:00-12:55,0,1,可预约,￥0.0,多云,18,15,4,0.0,84,28
2026-05-21 09:00:51,2026-05-22,2,乒乓球厅-9号,12:00-12:55,0,1,可预约,￥0.0,多云,18,15,4,0.0,84,28
2026-05-21 09:01:59,2026-05-22,2,乒乓球厅-9号,12:00-12:55,0,1,可预约,￥0.0,多云,18,15,4,0.0,83,28
2026-05-21 09:05:33,2026-05-22,2,乒乓球厅-9号,12:00-12:55,0,1,可预约,￥0.0,多云,18,15,4,0.0,83,28
2026-05-21 09:20:38,2026-05-22,2,乒乓球厅-9号,12:00-12:55,0,1,可预约,￥0.0,多云,18,16,3,0.0,81,28
2026-05-21 09:30:46,2026-05-22,2,乒乓球厅-9号,12:00-12:55,0,1,可预约,￥0.0,多云,18,16,3,0.0,81,32
2026-05-21 09:40:36,2026-05-22,2,乒乓球厅-9号,12:00-12:55,0,1,可预约,￥0.0,多云,19,17,3,0.0,79,32
2026-05-21 09:50:42,2026-05-22,2,乒乓球厅-9号,12:00-12:55,0,1,可预约,￥0.0,多云,19,17,4,0.0,81,32
2026-05-21 10:00:46,2026-05-22,2,乒乓球厅-9号,12:00-12:55,0,1,可预约,￥0.0,多云,19,17,4,0.0,79,32
2026-05-21 10:10:40,2026-05-22,2,乒乓球厅-9号,12:00-12:55,0,1,可预约,￥0.0,多云,19,17,4,0.0,79,32
2026-05-21 10:20:38,2026-05-22,2,乒乓球厅-9号,12:00-12:55,0,1,可预约,￥0.0,多云,19,17,4,0.0,79,32
2026-05-21 10:30:41,2026-05-22,2,乒乓球厅-9号,12:00-12:55,0,1,可预约,￥0.0,多云,19,18,3,0.0,78,31
2026-05-21 11:00:44,2026-05-22,2,乒乓球厅-9号,12:00-12:55,0,1,可预约,￥0.0,多云,21,17,5,0.0,74,31
2026-05-21 11:30:38,2026-05-22,2,乒乓球厅-9号,12:00-12:55,0,1,可预约,￥0.0,多云,21,19,3,0.0,72,33
2026-05-21 12:00:46,2026-05-22,2,乒乓球厅-9号,12:00-12:55,0,1,可预约,￥0.0,多云,22,19,4,0.0,70,33
2026-05-21 12:30:42,2026-05-22,2,乒乓球厅-9号,12:00-12:55,0,1,可预约,￥0.0,多云,22,21,3,0.0,68,35
2026-05-21 13:00:43,2026-05-22,2,乒乓球厅-9号,12:00-12:55,0,1,可预约,￥0.0,多云,24,22,4,0.0,66,35
2026-05-21 13:30:43,2026-05-22,2,乒乓球厅-9号,12:00-12:55,0,1,可预约,￥0.0,多云,24,22,4,0.0,66,36
2026-05-21 14:00:48,2026-05-22,2,乒乓球厅-9号,12:00-12:55,0,1,可预约,￥0.0,多云,25,23,4,0.0,66,36
2026-05-21 14:30:45,2026-05-22,2,乒乓球厅-9号,12:00-12:55,0,1,可预约,￥0.0,晴,25,25,3,0.0,65,39
2026-05-21 15:00:45,2026-05-22,2,乒乓球厅-9号,12:00-12:55,0,1,可预约,￥0.0,晴,25,22,4,0.0,56,39
2026-05-21 15:30:43,2026-05-22,2,乒乓球厅-9号,12:00-12:55,0,1,可预约,￥0.0,晴,25,23,4,0.0,57,40
2026-05-21 16:00:51,2026-05-22,2,乒乓球厅-9号,12:00-12:55,0,1,可预约,￥0.0,晴,25,23,4,0.0,57,40
2026-05-21 16:30:48,2026-05-22,2,乒乓球厅-9号,12:00-12:55,0,1,可预约,￥0.0,晴,25,24,3,0.0,60,39
2026-05-21 17:00:49,2026-05-22,2,乒乓球厅-9号,12:00-12:55,0,1,可预约,￥0.0,晴,25,24,4,0.0,61,39
2026-05-21 17:30:47,2026-05-22,2,乒乓球厅-9号,12:00-12:55,0,1,可预约,￥0.0,多云,24,23,3,0.0,64,39
2026-05-21 18:00:50,2026-05-22,2,乒乓球厅-9号,12:00-12:55,0,1,可预约,￥0.0,多云,24,23,3,0.0,68,39
2026-05-21 18:30:50,2026-05-22,2,乒乓球厅-9号,12:00-12:55,0,1,可预约,￥0.0,阴,24,25,2,0.0,68,40
2026-05-21 19:00:50,2026-05-22,2,乒乓球厅-9号,12:00-12:55,0,1,可预约,￥0.0,阴,23,23,3,0.0,76,40
2026-05-21 19:30:46,2026-05-22,2,乒乓球厅-9号,12:00-12:55,0,1,可预约,￥0.0,阴,23,24,2,0.0,77,39
2026-05-21 20:00:49,2026-05-22,2,乒乓球厅-9号,12:00-12:55,0,1,可预约,￥0.0,雾,22,23,2,0.0,89,39
2026-05-21 20:30:44,2026-05-22,2,乒乓球厅-9号,12:00-12:55,0,1,可预约,￥0.0,雾,22,24,2,0.0,93,43
2026-05-21 21:00:56,2026-05-22,2,乒乓球厅-9号,12:00-12:55,0,1,可预约,￥0.0,雾,20,21,2,0.0,98,43
2026-05-21 21:30:46,2026-05-22,2,乒乓球厅-9号,12:00-12:55,0,1,可预约,￥0.0,雾,20,22,1,0.0,99,41
2026-05-21 22:01:02,2026-05-22,2,乒乓球厅-9号,12:00-12:55,0,1,可预约,￥0.0,雾,19,20,2,0.0,93,41
2026-05-21 22:30:47,2026-05-22,2,乒乓球厅-9号,12:00-12:55,0,1,可预约,￥0.0,雾,19,19,3,0.0,88,46
2026-05-21 23:00:56,2026-05-22,2,乒乓球厅-9号,12:00-12:55,0,1,可预约,￥0.0,多云,18,17,3,0.0,85,46
2026-05-21 23:30:55,2026-05-22,2,乒乓球厅-9号,12:00-12:55,0,1,可预约,￥0.0,多云,18,17,3,0.0,85,48
2026-05-21 08:00:45,2026-05-22,2,乒乓球厅-9号,12:55-13:50,0,1,可预约,￥0.0,晴,17,12,5,0.0,86,29
2026-05-21 08:02:30,2026-05-22,2,乒乓球厅-9号,12:55-13:50,0,1,可预约,￥0.0,多云,17,12,5,0.0,87,29
2026-05-21 08:05:36,2026-05-22,2,乒乓球厅-9号,12:55-13:50,0,1,可预约,￥0.0,多云,17,12,5,0.0,86,29
2026-05-21 08:08:31,2026-05-22,2,乒乓球厅-9号,12:55-13:50,0,1,可预约,￥0.0,多云,17,12,5,0.0,86,29
2026-05-21 08:11:30,2026-05-22,2,乒乓球厅-9号,12:55-13:50,0,1,可预约,￥0.0,多云,17,12,5,0.0,86,29
2026-05-21 08:14:31,2026-05-22,2,乒乓球厅-9号,12:55-13:50,0,1,可预约,￥0.0,多云,17,12,5,0.0,86,29
2026-05-21 08:17:30,2026-05-22,2,乒乓球厅-9号,12:55-13:50,0,1,可预约,￥0.0,多云,17,12,5,0.0,86,29
2026-05-21 08:20:35,2026-05-22,2,乒乓球厅-9号,12:55-13:50,0,1,可预约,￥0.0,多云,17,14,4,0.0,85,29
2026-05-21 08:25:32,2026-05-22,2,乒乓球厅-9号,12:55-13:50,0,1,可预约,￥0.0,多云,17,14,4,0.0,85,28
2026-05-21 08:30:42,2026-05-22,2,乒乓球厅-9号,12:55-13:50,0,1,可预约,￥0.0,多云,18,15,4,0.0,84,28
2026-05-21 08:35:31,2026-05-22,2,乒乓球厅-9号,12:55-13:50,0,1,可预约,￥0.0,多云,18,15,4,0.0,84,28
2026-05-21 08:40:38,2026-05-22,2,乒乓球厅-9号,12:55-13:50,0,1,可预约,￥0.0,多云,18,15,4,0.0,82,28
2026-05-21 08:45:33,2026-05-22,2,乒乓球厅-9号,12:55-13:50,0,1,可预约,￥0.0,多云,18,15,4,0.0,82,28
2026-05-21 08:50:36,2026-05-22,2,乒乓球厅-9号,12:55-13:50,0,1,可预约,￥0.0,多云,18,15,4,0.0,82,28
2026-05-21 08:55:34,2026-05-22,2,乒乓球厅-9号,12:55-13:50,0,1,可预约,￥0.0,多云,18,15,4,0.0,84,28
2026-05-21 09:00:51,2026-05-22,2,乒乓球厅-9号,12:55-13:50,0,1,可预约,￥0.0,多云,18,15,4,0.0,84,28
2026-05-21 09:01:59,2026-05-22,2,乒乓球厅-9号,12:55-13:50,0,1,可预约,￥0.0,多云,18,15,4,0.0,83,28
2026-05-21 09:05:33,2026-05-22,2,乒乓球厅-9号,12:55-13:50,0,1,可预约,￥0.0,多云,18,15,4,0.0,83,28
2026-05-21 09:20:38,2026-05-22,2,乒乓球厅-9号,12:55-13:50,0,1,可预约,￥0.0,多云,18,16,3,0.0,81,28
2026-05-21 09:30:46,2026-05-22,2,乒乓球厅-9号,12:55-13:50,0,1,可预约,￥0.0,多云,18,16,3,0.0,81,32
2026-05-21 09:40:36,2026-05-22,2,乒乓球厅-9号,12:55-13:50,0,1,可预约,￥0.0,多云,19,17,3,0.0,79,32
2026-05-21 09:50:42,2026-05-22,2,乒乓球厅-9号,12:55-13:50,0,1,可预约,￥0.0,多云,19,17,4,0.0,81,32
2026-05-21 10:00:46,2026-05-22,2,乒乓球厅-9号,12:55-13:50,0,1,可预约,￥0.0,多云,19,17,4,0.0,79,32
2026-05-21 10:10:40,2026-05-22,2,乒乓球厅-9号,12:55-13:50,0,1,可预约,￥0.0,多云,19,17,4,0.0,79,32
2026-05-21 10:20:38,2026-05-22,2,乒乓球厅-9号,12:55-13:50,0,1,可预约,￥0.0,多云,19,17,4,0.0,79,32
2026-05-21 10:30:41,2026-05-22,2,乒乓球厅-9号,12:55-13:50,0,1,可预约,￥0.0,多云,19,18,3,0.0,78,31
2026-05-21 11:00:44,2026-05-22,2,乒乓球厅-9号,12:55-13:50,0,1,可预约,￥0.0,多云,21,17,5,0.0,74,31
2026-05-21 11:30:38,2026-05-22,2,乒乓球厅-9号,12:55-13:50,0,1,可预约,￥0.0,多云,21,19,3,0.0,72,33
2026-05-21 12:00:46,2026-05-22,2,乒乓球厅-9号,12:55-13:50,0,1,可预约,￥0.0,多云,22,19,4,0.0,70,33
2026-05-21 12:30:42,2026-05-22,2,乒乓球厅-9号,12:55-13:50,0,1,可预约,￥0.0,多云,22,21,3,0.0,68,35
2026-05-21 13:00:43,2026-05-22,2,乒乓球厅-9号,12:55-13:50,0,1,可预约,￥0.0,多云,24,22,4,0.0,66,35
2026-05-21 13:30:43,2026-05-22,2,乒乓球厅-9号,12:55-13:50,0,1,可预约,￥0.0,多云,24,22,4,0.0,66,36
2026-05-21 14:00:48,2026-05-22,2,乒乓球厅-9号,12:55-13:50,0,1,可预约,￥0.0,多云,25,23,4,0.0,66,36
2026-05-21 14:30:45,2026-05-22,2,乒乓球厅-9号,12:55-13:50,0,1,可预约,￥0.0,晴,25,25,3,0.0,65,39
2026-05-21 15:00:45,2026-05-22,2,乒乓球厅-9号,12:55-13:50,0,1,可预约,￥0.0,晴,25,22,4,0.0,56,39
2026-05-21 15:30:43,2026-05-22,2,乒乓球厅-9号,12:55-13:50,0,1,可预约,￥0.0,晴,25,23,4,0.0,57,40
2026-05-21 16:00:51,2026-05-22,2,乒乓球厅-9号,12:55-13:50,0,1,可预约,￥0.0,晴,25,23,4,0.0,57,40
2026-05-21 16:30:48,2026-05-22,2,乒乓球厅-9号,12:55-13:50,0,1,可预约,￥0.0,晴,25,24,3,0.0,60,39
2026-05-21 17:00:49,2026-05-22,2,乒乓球厅-9号,12:55-13:50,0,1,可预约,￥0.0,晴,25,24,4,0.0,61,39
2026-05-21 17:30:47,2026-05-22,2,乒乓球厅-9号,12:55-13:50,0,1,可预约,￥0.0,多云,24,23,3,0.0,64,39
2026-05-21 18:00:50,2026-05-22,2,乒乓球厅-9号,12:55-13:50,0,1,可预约,￥0.0,多云,24,23,3,0.0,68,39
2026-05-21 18:30:50,2026-05-22,2,乒乓球厅-9号,12:55-13:50,0,1,可预约,￥0.0,阴,24,25,2,0.0,68,40
2026-05-21 19:00:50,2026-05-22,2,乒乓球厅-9号,12:55-13:50,0,1,可预约,￥0.0,阴,23,23,3,0.0,76,40
2026-05-21 19:30:46,2026-05-22,2,乒乓球厅-9号,12:55-13:50,0,1,可预约,￥0.0,阴,23,24,2,0.0,77,39
2026-05-21 20:00:49,2026-05-22,2,乒乓球厅-9号,12:55-13:50,0,1,可预约,￥0.0,雾,22,23,2,0.0,89,39
2026-05-21 20:30:44,2026-05-22,2,乒乓球厅-9号,12:55-13:50,0,1,可预约,￥0.0,雾,22,24,2,0.0,93,43
2026-05-21 21:00:56,2026-05-22,2,乒乓球厅-9号,12:55-13:50,0,1,可预约,￥0.0,雾,20,21,2,0.0,98,43
2026-05-21 21:30:46,2026-05-22,2,乒乓球厅-9号,12:55-13:50,0,1,可预约,￥0.0,雾,20,22,1,0.0,99,41
2026-05-21 22:01:02,2026-05-22,2,乒乓球厅-9号,12:55-13:50,0,1,可预约,￥0.0,雾,19,20,2,0.0,93,41
2026-05-21 22:30:47,2026-05-22,2,乒乓球厅-9号,12:55-13:50,0,1,可预约,￥0.0,雾,19,19,3,0.0,88,46
2026-05-21 23:00:56,2026-05-22,2,乒乓球厅-9号,12:55-13:50,0,1,可预约,￥0.0,多云,18,17,3,0.0,85,46
2026-05-21 23:30:55,2026-05-22,2,乒乓球厅-9号,12:55-13:50,0,1,可预约,￥0.0,多云,18,17,3,0.0,85,48
2026-05-21 08:00:45,2026-05-22,2,乒乓球厅-9号,14:00-15:00,1,1,已售/已满,教学时间,晴,17,12,5,0.0,86,29
2026-05-21 08:02:30,2026-05-22,2,乒乓球厅-9号,14:00-15:00,1,1,已售/已满,教学时间,多云,17,12,5,0.0,87,29
2026-05-21 08:05:36,2026-05-22,2,乒乓球厅-9号,14:00-15:00,1,1,已售/已满,教学时间,多云,17,12,5,0.0,86,29
2026-05-21 08:08:31,2026-05-22,2,乒乓球厅-9号,14:00-15:00,1,1,已售/已满,教学时间,多云,17,12,5,0.0,86,29
2026-05-21 08:11:30,2026-05-22,2,乒乓球厅-9号,14:00-15:00,1,1,已售/已满,教学时间,多云,17,12,5,0.0,86,29
2026-05-21 08:14:31,2026-05-22,2,乒乓球厅-9号,14:00-15:00,1,1,已售/已满,教学时间,多云,17,12,5,0.0,86,29
2026-05-21 08:17:30,2026-05-22,2,乒乓球厅-9号,14:00-15:00,1,1,已售/已满,教学时间,多云,17,12,5,0.0,86,29
2026-05-21 08:20:35,2026-05-22,2,乒乓球厅-9号,14:00-15:00,1,1,已售/已满,教学时间,多云,17,14,4,0.0,85,29
2026-05-21 08:25:32,2026-05-22,2,乒乓球厅-9号,14:00-15:00,1,1,已售/已满,教学时间,多云,17,14,4,0.0,85,28
2026-05-21 08:30:42,2026-05-22,2,乒乓球厅-9号,14:00-15:00,1,1,已售/已满,教学时间,多云,18,15,4,0.0,84,28
2026-05-21 08:35:31,2026-05-22,2,乒乓球厅-9号,14:00-15:00,1,1,已售/已满,教学时间,多云,18,15,4,0.0,84,28
2026-05-21 08:40:38,2026-05-22,2,乒乓球厅-9号,14:00-15:00,1,1,已售/已满,教学时间,多云,18,15,4,0.0,82,28
2026-05-21 08:45:33,2026-05-22,2,乒乓球厅-9号,14:00-15:00,1,1,已售/已满,教学时间,多云,18,15,4,0.0,82,28
2026-05-21 08:50:36,2026-05-22,2,乒乓球厅-9号,14:00-15:00,1,1,已售/已满,教学时间,多云,18,15,4,0.0,82,28
2026-05-21 08:55:34,2026-05-22,2,乒乓球厅-9号,14:00-15:00,1,1,已售/已满,教学时间,多云,18,15,4,0.0,84,28
2026-05-21 09:00:51,2026-05-22,2,乒乓球厅-9号,14:00-15:00,1,1,已售/已满,教学时间,多云,18,15,4,0.0,84,28
2026-05-21 09:01:59,2026-05-22,2,乒乓球厅-9号,14:00-15:00,1,1,已售/已满,教学时间,多云,18,15,4,0.0,83,28
2026-05-21 09:05:33,2026-05-22,2,乒乓球厅-9号,14:00-15:00,1,1,已售/已满,教学时间,多云,18,15,4,0.0,83,28
2026-05-21 09:20:38,2026-05-22,2,乒乓球厅-9号,14:00-15:00,1,1,已售/已满,教学时间,多云,18,16,3,0.0,81,28
2026-05-21 09:30:46,2026-05-22,2,乒乓球厅-9号,14:00-15:00,1,1,已售/已满,教学时间,多云,18,16,3,0.0,81,32
2026-05-21 09:40:36,2026-05-22,2,乒乓球厅-9号,14:00-15:00,1,1,已售/已满,教学时间,多云,19,17,3,0.0,79,32
2026-05-21 09:50:42,2026-05-22,2,乒乓球厅-9号,14:00-15:00,1,1,已售/已满,教学时间,多云,19,17,4,0.0,81,32
2026-05-21 10:00:46,2026-05-22,2,乒乓球厅-9号,14:00-15:00,1,1,已售/已满,教学时间,多云,19,17,4,0.0,79,32
2026-05-21 10:10:40,2026-05-22,2,乒乓球厅-9号,14:00-15:00,1,1,已售/已满,教学时间,多云,19,17,4,0.0,79,32
2026-05-21 10:20:38,2026-05-22,2,乒乓球厅-9号,14:00-15:00,1,1,已售/已满,教学时间,多云,19,17,4,0.0,79,32
2026-05-21 10:30:41,2026-05-22,2,乒乓球厅-9号,14:00-15:00,1,1,已售/已满,教学时间,多云,19,18,3,0.0,78,31
2026-05-21 11:00:44,2026-05-22,2,乒乓球厅-9号,14:00-15:00,1,1,已售/已满,教学时间,多云,21,17,5,0.0,74,31
2026-05-21 11:30:38,2026-05-22,2,乒乓球厅-9号,14:00-15:00,1,1,已售/已满,教学时间,多云,21,19,3,0.0,72,33
2026-05-21 12:00:46,2026-05-22,2,乒乓球厅-9号,14:00-15:00,1,1,已售/已满,教学时间,多云,22,19,4,0.0,70,33
2026-05-21 12:30:42,2026-05-22,2,乒乓球厅-9号,14:00-15:00,1,1,已售/已满,教学时间,多云,22,21,3,0.0,68,35
2026-05-21 13:00:43,2026-05-22,2,乒乓球厅-9号,14:00-15:00,1,1,已售/已满,教学时间,多云,24,22,4,0.0,66,35
2026-05-21 13:30:43,2026-05-22,2,乒乓球厅-9号,14:00-15:00,1,1,已售/已满,教学时间,多云,24,22,4,0.0,66,36
2026-05-21 14:00:48,2026-05-22,2,乒乓球厅-9号,14:00-15:00,1,1,已售/已满,教学时间,多云,25,23,4,0.0,66,36
2026-05-21 14:30:45,2026-05-22,2,乒乓球厅-9号,14:00-15:00,1,1,已售/已满,教学时间,晴,25,25,3,0.0,65,39
2026-05-21 15:00:45,2026-05-22,2,乒乓球厅-9号,14:00-15:00,1,1,已售/已满,教学时间,晴,25,22,4,0.0,56,39
2026-05-21 15:30:43,2026-05-22,2,乒乓球厅-9号,14:00-15:00,1,1,已售/已满,教学时间,晴,25,23,4,0.0,57,40
2026-05-21 16:00:51,2026-05-22,2,乒乓球厅-9号,14:00-15:00,1,1,已售/已满,教学时间,晴,25,23,4,0.0,57,40
2026-05-21 16:30:48,2026-05-22,2,乒乓球厅-9号,14:00-15:00,1,1,已售/已满,教学时间,晴,25,24,3,0.0,60,39
2026-05-21 17:00:49,2026-05-22,2,乒乓球厅-9号,14:00-15:00,1,1,已售/已满,教学时间,晴,25,24,4,0.0,61,39
2026-05-21 17:30:47,2026-05-22,2,乒乓球厅-9号,14:00-15:00,1,1,已售/已满,教学时间,多云,24,23,3,0.0,64,39
2026-05-21 18:00:50,2026-05-22,2,乒乓球厅-9号,14:00-15:00,1,1,已售/已满,教学时间,多云,24,23,3,0.0,68,39
2026-05-21 18:30:50,2026-05-22,2,乒乓球厅-9号,14:00-15:00,1,1,已售/已满,教学时间,阴,24,25,2,0.0,68,40
2026-05-21 19:00:50,2026-05-22,2,乒乓球厅-9号,14:00-15:00,1,1,已售/已满,教学时间,阴,23,23,3,0.0,76,40
2026-05-21 19:30:46,2026-05-22,2,乒乓球厅-9号,14:00-15:00,1,1,已售/已满,教学时间,阴,23,24,2,0.0,77,39
2026-05-21 20:00:49,2026-05-22,2,乒乓球厅-9号,14:00-15:00,1,1,已售/已满,教学时间,雾,22,23,2,0.0,89,39
2026-05-21 20:30:44,2026-05-22,2,乒乓球厅-9号,14:00-15:00,1,1,已售/已满,教学时间,雾,22,24,2,0.0,93,43
2026-05-21 21:00:56,2026-05-22,2,乒乓球厅-9号,14:00-15:00,1,1,已售/已满,教学时间,雾,20,21,2,0.0,98,43
2026-05-21 21:30:46,2026-05-22,2,乒乓球厅-9号,14:00-15:00,1,1,已售/已满,教学时间,雾,20,22,1,0.0,99,41
2026-05-21 22:01:02,2026-05-22,2,乒乓球厅-9号,14:00-15:00,1,1,已售/已满,教学时间,雾,19,20,2,0.0,93,41
2026-05-21 22:30:47,2026-05-22,2,乒乓球厅-9号,14:00-15:00,1,1,已售/已满,教学时间,雾,19,19,3,0.0,88,46
2026-05-21 23:00:56,2026-05-22,2,乒乓球厅-9号,14:00-15:00,1,1,已售/已满,教学时间,多云,18,17,3,0.0,85,46
2026-05-21 23:30:55,2026-05-22,2,乒乓球厅-9号,14:00-15:00,1,1,已售/已满,教学时间,多云,18,17,3,0.0,85,48
2026-05-21 08:00:45,2026-05-22,2,乒乓球厅-9号,15:00-16:00,1,1,已售/已满,教学时间,晴,17,12,5,0.0,86,29
2026-05-21 08:02:30,2026-05-22,2,乒乓球厅-9号,15:00-16:00,1,1,已售/已满,教学时间,多云,17,12,5,0.0,87,29
2026-05-21 08:05:36,2026-05-22,2,乒乓球厅-9号,15:00-16:00,1,1,已售/已满,教学时间,多云,17,12,5,0.0,86,29
2026-05-21 08:08:31,2026-05-22,2,乒乓球厅-9号,15:00-16:00,1,1,已售/已满,教学时间,多云,17,12,5,0.0,86,29
2026-05-21 08:11:30,2026-05-22,2,乒乓球厅-9号,15:00-16:00,1,1,已售/已满,教学时间,多云,17,12,5,0.0,86,29
2026-05-21 08:14:31,2026-05-22,2,乒乓球厅-9号,15:00-16:00,1,1,已售/已满,教学时间,多云,17,12,5,0.0,86,29
2026-05-21 08:17:30,2026-05-22,2,乒乓球厅-9号,15:00-16:00,1,1,已售/已满,教学时间,多云,17,12,5,0.0,86,29
2026-05-21 08:20:35,2026-05-22,2,乒乓球厅-9号,15:00-16:00,1,1,已售/已满,教学时间,多云,17,14,4,0.0,85,29
2026-05-21 08:25:32,2026-05-22,2,乒乓球厅-9号,15:00-16:00,1,1,已售/已满,教学时间,多云,17,14,4,0.0,85,28
2026-05-21 08:30:42,2026-05-22,2,乒乓球厅-9号,15:00-16:00,1,1,已售/已满,教学时间,多云,18,15,4,0.0,84,28
2026-05-21 08:35:31,2026-05-22,2,乒乓球厅-9号,15:00-16:00,1,1,已售/已满,教学时间,多云,18,15,4,0.0,84,28
2026-05-21 08:40:38,2026-05-22,2,乒乓球厅-9号,15:00-16:00,1,1,已售/已满,教学时间,多云,18,15,4,0.0,82,28
2026-05-21 08:45:33,2026-05-22,2,乒乓球厅-9号,15:00-16:00,1,1,已售/已满,教学时间,多云,18,15,4,0.0,82,28
2026-05-21 08:50:36,2026-05-22,2,乒乓球厅-9号,15:00-16:00,1,1,已售/已满,教学时间,多云,18,15,4,0.0,82,28
2026-05-21 08:55:34,2026-05-22,2,乒乓球厅-9号,15:00-16:00,1,1,已售/已满,教学时间,多云,18,15,4,0.0,84,28
2026-05-21 09:00:51,2026-05-22,2,乒乓球厅-9号,15:00-16:00,1,1,已售/已满,教学时间,多云,18,15,4,0.0,84,28
2026-05-21 09:01:59,2026-05-22,2,乒乓球厅-9号,15:00-16:00,1,1,已售/已满,教学时间,多云,18,15,4,0.0,83,28
2026-05-21 09:05:33,2026-05-22,2,乒乓球厅-9号,15:00-16:00,1,1,已售/已满,教学时间,多云,18,15,4,0.0,83,28
2026-05-21 09:20:38,2026-05-22,2,乒乓球厅-9号,15:00-16:00,1,1,已售/已满,教学时间,多云,18,16,3,0.0,81,28
2026-05-21 09:30:46,2026-05-22,2,乒乓球厅-9号,15:00-16:00,1,1,已售/已满,教学时间,多云,18,16,3,0.0,81,32
2026-05-21 09:40:36,2026-05-22,2,乒乓球厅-9号,15:00-16:00,1,1,已售/已满,教学时间,多云,19,17,3,0.0,79,32
2026-05-21 09:50:42,2026-05-22,2,乒乓球厅-9号,15:00-16:00,1,1,已售/已满,教学时间,多云,19,17,4,0.0,81,32
2026-05-21 10:00:46,2026-05-22,2,乒乓球厅-9号,15:00-16:00,1,1,已售/已满,教学时间,多云,19,17,4,0.0,79,32
2026-05-21 10:10:40,2026-05-22,2,乒乓球厅-9号,15:00-16:00,1,1,已售/已满,教学时间,多云,19,17,4,0.0,79,32
2026-05-21 10:20:38,2026-05-22,2,乒乓球厅-9号,15:00-16:00,1,1,已售/已满,教学时间,多云,19,17,4,0.0,79,32
2026-05-21 10:30:41,2026-05-22,2,乒乓球厅-9号,15:00-16:00,1,1,已售/已满,教学时间,多云,19,18,3,0.0,78,31
2026-05-21 11:00:44,2026-05-22,2,乒乓球厅-9号,15:00-16:00,1,1,已售/已满,教学时间,多云,21,17,5,0.0,74,31
2026-05-21 11:30:38,2026-05-22,2,乒乓球厅-9号,15:00-16:00,1,1,已售/已满,教学时间,多云,21,19,3,0.0,72,33
2026-05-21 12:00:46,2026-05-22,2,乒乓球厅-9号,15:00-16:00,1,1,已售/已满,教学时间,多云,22,19,4,0.0,70,33
2026-05-21 12:30:42,2026-05-22,2,乒乓球厅-9号,15:00-16:00,1,1,已售/已满,教学时间,多云,22,21,3,0.0,68,35
2026-05-21 13:00:43,2026-05-22,2,乒乓球厅-9号,15:00-16:00,1,1,已售/已满,教学时间,多云,24,22,4,0.0,66,35
2026-05-21 13:30:43,2026-05-22,2,乒乓球厅-9号,15:00-16:00,1,1,已售/已满,教学时间,多云,24,22,4,0.0,66,36
2026-05-21 14:00:48,2026-05-22,2,乒乓球厅-9号,15:00-16:00,1,1,已售/已满,教学时间,多云,25,23,4,0.0,66,36
2026-05-21 14:30:45,2026-05-22,2,乒乓球厅-9号,15:00-16:00,1,1,已售/已满,教学时间,晴,25,25,3,0.0,65,39
2026-05-21 15:00:45,2026-05-22,2,乒乓球厅-9号,15:00-16:00,1,1,已售/已满,教学时间,晴,25,22,4,0.0,56,39
2026-05-21 15:30:43,2026-05-22,2,乒乓球厅-9号,15:00-16:00,1,1,已售/已满,教学时间,晴,25,23,4,0.0,57,40
2026-05-21 16:00:51,2026-05-22,2,乒乓球厅-9号,15:00-16:00,1,1,已售/已满,教学时间,晴,25,23,4,0.0,57,40
2026-05-21 16:30:48,2026-05-22,2,乒乓球厅-9号,15:00-16:00,1,1,已售/已满,教学时间,晴,25,24,3,0.0,60,39
2026-05-21 17:00:49,2026-05-22,2,乒乓球厅-9号,15:00-16:00,1,1,已售/已满,教学时间,晴,25,24,4,0.0,61,39
2026-05-21 17:30:47,2026-05-22,2,乒乓球厅-9号,15:00-16:00,1,1,已售/已满,教学时间,多云,24,23,3,0.0,64,39
2026-05-21 18:00:50,2026-05-22,2,乒乓球厅-9号,15:00-16:00,1,1,已售/已满,教学时间,多云,24,23,3,0.0,68,39
2026-05-21 18:30:50,2026-05-22,2,乒乓球厅-9号,15:00-16:00,1,1,已售/已满,教学时间,阴,24,25,2,0.0,68,40
2026-05-21 19:00:50,2026-05-22,2,乒乓球厅-9号,15:00-16:00,1,1,已售/已满,教学时间,阴,23,23,3,0.0,76,40
2026-05-21 19:30:46,2026-05-22,2,乒乓球厅-9号,15:00-16:00,1,1,已售/已满,教学时间,阴,23,24,2,0.0,77,39
2026-05-21 20:00:49,2026-05-22,2,乒乓球厅-9号,15:00-16:00,1,1,已售/已满,教学时间,雾,22,23,2,0.0,89,39
2026-05-21 20:30:44,2026-05-22,2,乒乓球厅-9号,15:00-16:00,1,1,已售/已满,教学时间,雾,22,24,2,0.0,93,43
2026-05-21 21:00:56,2026-05-22,2,乒乓球厅-9号,15:00-16:00,1,1,已售/已满,教学时间,雾,20,21,2,0.0,98,43
2026-05-21 21:30:46,2026-05-22,2,乒乓球厅-9号,15:00-16:00,1,1,已售/已满,教学时间,雾,20,22,1,0.0,99,41
2026-05-21 22:01:02,2026-05-22,2,乒乓球厅-9号,15:00-16:00,1,1,已售/已满,教学时间,雾,19,20,2,0.0,93,41
2026-05-21 22:30:47,2026-05-22,2,乒乓球厅-9号,15:00-16:00,1,1,已售/已满,教学时间,雾,19,19,3,0.0,88,46
2026-05-21 23:00:56,2026-05-22,2,乒乓球厅-9号,15:00-16:00,1,1,已售/已满,教学时间,多云,18,17,3,0.0,85,46
2026-05-21 23:30:55,2026-05-22,2,乒乓球厅-9号,15:00-16:00,1,1,已售/已满,教学时间,多云,18,17,3,0.0,85,48
2026-05-21 08:00:45,2026-05-22,2,乒乓球厅-9号,16:00-17:00,0,1,可预约,￥5.0,晴,17,12,5,0.0,86,29
2026-05-21 08:02:30,2026-05-22,2,乒乓球厅-9号,16:00-17:00,0,1,可预约,￥5.0,多云,17,12,5,0.0,87,29
2026-05-21 08:05:36,2026-05-22,2,乒乓球厅-9号,16:00-17:00,0,1,可预约,￥5.0,多云,17,12,5,0.0,86,29
2026-05-21 08:08:31,2026-05-22,2,乒乓球厅-9号,16:00-17:00,0,1,可预约,￥5.0,多云,17,12,5,0.0,86,29
2026-05-21 08:11:30,2026-05-22,2,乒乓球厅-9号,16:00-17:00,0,1,可预约,￥5.0,多云,17,12,5,0.0,86,29
2026-05-21 08:14:31,2026-05-22,2,乒乓球厅-9号,16:00-17:00,0,1,可预约,￥5.0,多云,17,12,5,0.0,86,29
2026-05-21 08:17:30,2026-05-22,2,乒乓球厅-9号,16:00-17:00,0,1,可预约,￥5.0,多云,17,12,5,0.0,86,29
2026-05-21 08:20:35,2026-05-22,2,乒乓球厅-9号,16:00-17:00,0,1,可预约,￥5.0,多云,17,14,4,0.0,85,29
2026-05-21 08:25:32,2026-05-22,2,乒乓球厅-9号,16:00-17:00,0,1,可预约,￥5.0,多云,17,14,4,0.0,85,28
2026-05-21 08:30:42,2026-05-22,2,乒乓球厅-9号,16:00-17:00,0,1,可预约,￥5.0,多云,18,15,4,0.0,84,28
2026-05-21 08:35:31,2026-05-22,2,乒乓球厅-9号,16:00-17:00,0,1,可预约,￥5.0,多云,18,15,4,0.0,84,28
2026-05-21 08:40:38,2026-05-22,2,乒乓球厅-9号,16:00-17:00,0,1,可预约,￥5.0,多云,18,15,4,0.0,82,28
2026-05-21 08:45:33,2026-05-22,2,乒乓球厅-9号,16:00-17:00,0,1,可预约,￥5.0,多云,18,15,4,0.0,82,28
2026-05-21 08:50:36,2026-05-22,2,乒乓球厅-9号,16:00-17:00,0,1,可预约,￥5.0,多云,18,15,4,0.0,82,28
2026-05-21 08:55:34,2026-05-22,2,乒乓球厅-9号,16:00-17:00,0,1,可预约,￥5.0,多云,18,15,4,0.0,84,28
2026-05-21 09:00:51,2026-05-22,2,乒乓球厅-9号,16:00-17:00,0,1,可预约,￥5.0,多云,18,15,4,0.0,84,28
2026-05-21 09:01:59,2026-05-22,2,乒乓球厅-9号,16:00-17:00,0,1,可预约,￥5.0,多云,18,15,4,0.0,83,28
2026-05-21 09:05:33,2026-05-22,2,乒乓球厅-9号,16:00-17:00,0,1,可预约,￥5.0,多云,18,15,4,0.0,83,28
2026-05-21 09:20:38,2026-05-22,2,乒乓球厅-9号,16:00-17:00,0,1,可预约,￥5.0,多云,18,16,3,0.0,81,28
2026-05-21 09:30:46,2026-05-22,2,乒乓球厅-9号,16:00-17:00,0,1,可预约,￥5.0,多云,18,16,3,0.0,81,32
2026-05-21 09:40:36,2026-05-22,2,乒乓球厅-9号,16:00-17:00,0,1,可预约,￥5.0,多云,19,17,3,0.0,79,32
2026-05-21 09:50:42,2026-05-22,2,乒乓球厅-9号,16:00-17:00,0,1,可预约,￥5.0,多云,19,17,4,0.0,81,32
2026-05-21 10:00:46,2026-05-22,2,乒乓球厅-9号,16:00-17:00,0,1,可预约,￥5.0,多云,19,17,4,0.0,79,32
2026-05-21 10:10:40,2026-05-22,2,乒乓球厅-9号,16:00-17:00,0,1,可预约,￥5.0,多云,19,17,4,0.0,79,32
2026-05-21 10:20:38,2026-05-22,2,乒乓球厅-9号,16:00-17:00,0,1,可预约,￥5.0,多云,19,17,4,0.0,79,32
2026-05-21 10:30:41,2026-05-22,2,乒乓球厅-9号,16:00-17:00,0,1,可预约,￥5.0,多云,19,18,3,0.0,78,31
2026-05-21 11:00:44,2026-05-22,2,乒乓球厅-9号,16:00-17:00,0,1,可预约,￥5.0,多云,21,17,5,0.0,74,31
2026-05-21 11:30:38,2026-05-22,2,乒乓球厅-9号,16:00-17:00,0,1,可预约,￥5.0,多云,21,19,3,0.0,72,33
2026-05-21 12:00:46,2026-05-22,2,乒乓球厅-9号,16:00-17:00,0,1,可预约,￥5.0,多云,22,19,4,0.0,70,33
2026-05-21 12:30:42,2026-05-22,2,乒乓球厅-9号,16:00-17:00,0,1,可预约,￥5.0,多云,22,21,3,0.0,68,35
2026-05-21 13:00:43,2026-05-22,2,乒乓球厅-9号,16:00-17:00,0,1,可预约,￥5.0,多云,24,22,4,0.0,66,35
2026-05-21 13:30:43,2026-05-22,2,乒乓球厅-9号,16:00-17:00,0,1,可预约,￥5.0,多云,24,22,4,0.0,66,36
2026-05-21 14:00:48,2026-05-22,2,乒乓球厅-9号,16:00-17:00,0,1,可预约,￥5.0,多云,25,23,4,0.0,66,36
2026-05-21 14:30:45,2026-05-22,2,乒乓球厅-9号,16:00-17:00,0,1,可预约,￥5.0,晴,25,25,3,0.0,65,39
2026-05-21 15:00:45,2026-05-22,2,乒乓球厅-9号,16:00-17:00,0,1,可预约,￥5.0,晴,25,22,4,0.0,56,39
2026-05-21 15:30:43,2026-05-22,2,乒乓球厅-9号,16:00-17:00,0,1,可预约,￥5.0,晴,25,23,4,0.0,57,40
2026-05-21 16:00:51,2026-05-22,2,乒乓球厅-9号,16:00-17:00,0,1,可预约,￥5.0,晴,25,23,4,0.0,57,40
2026-05-21 16:30:48,2026-05-22,2,乒乓球厅-9号,16:00-17:00,0,1,可预约,￥5.0,晴,25,24,3,0.0,60,39
2026-05-21 17:00:49,2026-05-22,2,乒乓球厅-9号,16:00-17:00,0,1,可预约,￥5.0,晴,25,24,4,0.0,61,39
2026-05-21 17:30:47,2026-05-22,2,乒乓球厅-9号,16:00-17:00,0,1,可预约,￥5.0,多云,24,23,3,0.0,64,39
2026-05-21 18:00:50,2026-05-22,2,乒乓球厅-9号,16:00-17:00,0,1,可预约,￥5.0,多云,24,23,3,0.0,68,39
2026-05-21 18:30:50,2026-05-22,2,乒乓球厅-9号,16:00-17:00,0,1,可预约,￥5.0,阴,24,25,2,0.0,68,40
2026-05-21 19:00:50,2026-05-22,2,乒乓球厅-9号,16:00-17:00,0,1,可预约,￥5.0,阴,23,23,3,0.0,76,40
2026-05-21 19:30:46,2026-05-22,2,乒乓球厅-9号,16:00-17:00,0,1,可预约,￥5.0,阴,23,24,2,0.0,77,39
2026-05-21 20:00:49,2026-05-22,2,乒乓球厅-9号,16:00-17:00,0,1,可预约,￥5.0,雾,22,23,2,0.0,89,39
2026-05-21 20:30:44,2026-05-22,2,乒乓球厅-9号,16:00-17:00,0,1,可预约,￥5.0,雾,22,24,2,0.0,93,43
2026-05-21 21:00:56,2026-05-22,2,乒乓球厅-9号,16:00-17:00,0,1,可预约,￥5.0,雾,20,21,2,0.0,98,43
2026-05-21 21:30:46,2026-05-22,2,乒乓球厅-9号,16:00-17:00,0,1,可预约,￥5.0,雾,20,22,1,0.0,99,41
2026-05-21 22:01:02,2026-05-22,2,乒乓球厅-9号,16:00-17:00,0,1,可预约,￥5.0,雾,19,20,2,0.0,93,41
2026-05-21 22:30:47,2026-05-22,2,乒乓球厅-9号,16:00-17:00,0,1,可预约,￥5.0,雾,19,19,3,0.0,88,46
2026-05-21 23:00:56,2026-05-22,2,乒乓球厅-9号,16:00-17:00,0,1,可预约,￥5.0,多云,18,17,3,0.0,85,46
2026-05-21 23:30:55,2026-05-22,2,乒乓球厅-9号,16:00-17:00,0,1,可预约,￥5.0,多云,18,17,3,0.0,85,48
2026-05-21 08:00:45,2026-05-22,2,乒乓球厅-9号,17:00-18:00,0,1,可预约,￥5.0,晴,17,12,5,0.0,86,29
2026-05-21 08:02:30,2026-05-22,2,乒乓球厅-9号,17:00-18:00,0,1,可预约,￥5.0,多云,17,12,5,0.0,87,29
2026-05-21 08:05:36,2026-05-22,2,乒乓球厅-9号,17:00-18:00,0,1,可预约,￥5.0,多云,17,12,5,0.0,86,29
2026-05-21 08:08:31,2026-05-22,2,乒乓球厅-9号,17:00-18:00,0,1,可预约,￥5.0,多云,17,12,5,0.0,86,29
2026-05-21 08:11:30,2026-05-22,2,乒乓球厅-9号,17:00-18:00,0,1,可预约,￥5.0,多云,17,12,5,0.0,86,29
2026-05-21 08:14:31,2026-05-22,2,乒乓球厅-9号,17:00-18:00,0,1,可预约,￥5.0,多云,17,12,5,0.0,86,29
2026-05-21 08:17:30,2026-05-22,2,乒乓球厅-9号,17:00-18:00,0,1,可预约,￥5.0,多云,17,12,5,0.0,86,29
2026-05-21 08:20:35,2026-05-22,2,乒乓球厅-9号,17:00-18:00,0,1,可预约,￥5.0,多云,17,14,4,0.0,85,29
2026-05-21 08:25:32,2026-05-22,2,乒乓球厅-9号,17:00-18:00,0,1,可预约,￥5.0,多云,17,14,4,0.0,85,28
2026-05-21 08:30:42,2026-05-22,2,乒乓球厅-9号,17:00-18:00,0,1,可预约,￥5.0,多云,18,15,4,0.0,84,28
2026-05-21 08:35:31,2026-05-22,2,乒乓球厅-9号,17:00-18:00,0,1,可预约,￥5.0,多云,18,15,4,0.0,84,28
2026-05-21 08:40:38,2026-05-22,2,乒乓球厅-9号,17:00-18:00,0,1,可预约,￥5.0,多云,18,15,4,0.0,82,28
2026-05-21 08:45:33,2026-05-22,2,乒乓球厅-9号,17:00-18:00,0,1,可预约,￥5.0,多云,18,15,4,0.0,82,28
2026-05-21 08:50:36,2026-05-22,2,乒乓球厅-9号,17:00-18:00,0,1,可预约,￥5.0,多云,18,15,4,0.0,82,28
2026-05-21 08:55:34,2026-05-22,2,乒乓球厅-9号,17:00-18:00,0,1,可预约,￥5.0,多云,18,15,4,0.0,84,28
2026-05-21 09:00:51,2026-05-22,2,乒乓球厅-9号,17:00-18:00,0,1,可预约,￥5.0,多云,18,15,4,0.0,84,28
2026-05-21 09:01:59,2026-05-22,2,乒乓球厅-9号,17:00-18:00,0,1,可预约,￥5.0,多云,18,15,4,0.0,83,28
2026-05-21 09:05:33,2026-05-22,2,乒乓球厅-9号,17:00-18:00,0,1,可预约,￥5.0,多云,18,15,4,0.0,83,28
2026-05-21 09:20:38,2026-05-22,2,乒乓球厅-9号,17:00-18:00,0,1,可预约,￥5.0,多云,18,16,3,0.0,81,28
2026-05-21 09:30:46,2026-05-22,2,乒乓球厅-9号,17:00-18:00,0,1,可预约,￥5.0,多云,18,16,3,0.0,81,32
2026-05-21 09:40:36,2026-05-22,2,乒乓球厅-9号,17:00-18:00,0,1,可预约,￥5.0,多云,19,17,3,0.0,79,32
2026-05-21 09:50:42,2026-05-22,2,乒乓球厅-9号,17:00-18:00,0,1,可预约,￥5.0,多云,19,17,4,0.0,81,32
2026-05-21 10:00:46,2026-05-22,2,乒乓球厅-9号,17:00-18:00,0,1,可预约,￥5.0,多云,19,17,4,0.0,79,32
2026-05-21 10:10:40,2026-05-22,2,乒乓球厅-9号,17:00-18:00,0,1,可预约,￥5.0,多云,19,17,4,0.0,79,32
2026-05-21 10:20:38,2026-05-22,2,乒乓球厅-9号,17:00-18:00,0,1,可预约,￥5.0,多云,19,17,4,0.0,79,32
2026-05-21 10:30:41,2026-05-22,2,乒乓球厅-9号,17:00-18:00,0,1,可预约,￥5.0,多云,19,18,3,0.0,78,31
2026-05-21 11:00:44,2026-05-22,2,乒乓球厅-9号,17:00-18:00,0,1,可预约,￥5.0,多云,21,17,5,0.0,74,31
2026-05-21 11:30:38,2026-05-22,2,乒乓球厅-9号,17:00-18:00,0,1,可预约,￥5.0,多云,21,19,3,0.0,72,33
2026-05-21 12:00:46,2026-05-22,2,乒乓球厅-9号,17:00-18:00,0,1,可预约,￥5.0,多云,22,19,4,0.0,70,33
2026-05-21 12:30:42,2026-05-22,2,乒乓球厅-9号,17:00-18:00,0,1,可预约,￥5.0,多云,22,21,3,0.0,68,35
2026-05-21 13:00:43,2026-05-22,2,乒乓球厅-9号,17:00-18:00,0,1,可预约,￥5.0,多云,24,22,4,0.0,66,35
2026-05-21 13:30:43,2026-05-22,2,乒乓球厅-9号,17:00-18:00,0,1,可预约,￥5.0,多云,24,22,4,0.0,66,36
2026-05-21 14:00:48,2026-05-22,2,乒乓球厅-9号,17:00-18:00,0,1,可预约,￥5.0,多云,25,23,4,0.0,66,36
2026-05-21 14:30:45,2026-05-22,2,乒乓球厅-9号,17:00-18:00,0,1,可预约,￥5.0,晴,25,25,3,0.0,65,39
2026-05-21 15:00:45,2026-05-22,2,乒乓球厅-9号,17:00-18:00,0,1,可预约,￥5.0,晴,25,22,4,0.0,56,39
2026-05-21 15:30:43,2026-05-22,2,乒乓球厅-9号,17:00-18:00,0,1,可预约,￥5.0,晴,25,23,4,0.0,57,40
2026-05-21 16:00:51,2026-05-22,2,乒乓球厅-9号,17:00-18:00,0,1,可预约,￥5.0,晴,25,23,4,0.0,57,40
2026-05-21 16:30:48,2026-05-22,2,乒乓球厅-9号,17:00-18:00,0,1,可预约,￥5.0,晴,25,24,3,0.0,60,39
2026-05-21 17:00:49,2026-05-22,2,乒乓球厅-9号,17:00-18:00,0,1,可预约,￥5.0,晴,25,24,4,0.0,61,39
2026-05-21 17:30:47,2026-05-22,2,乒乓球厅-9号,17:00-18:00,0,1,可预约,￥5.0,多云,24,23,3,0.0,64,39
2026-05-21 18:00:50,2026-05-22,2,乒乓球厅-9号,17:00-18:00,0,1,可预约,￥5.0,多云,24,23,3,0.0,68,39
2026-05-21 18:30:50,2026-05-22,2,乒乓球厅-9号,17:00-18:00,0,1,可预约,￥5.0,阴,24,25,2,0.0,68,40
2026-05-21 19:00:50,2026-05-22,2,乒乓球厅-9号,17:00-18:00,0,1,可预约,￥5.0,阴,23,23,3,0.0,76,40
2026-05-21 19:30:46,2026-05-22,2,乒乓球厅-9号,17:00-18:00,0,1,可预约,￥5.0,阴,23,24,2,0.0,77,39
2026-05-21 20:00:49,2026-05-22,2,乒乓球厅-9号,17:00-18:00,0,1,可预约,￥5.0,雾,22,23,2,0.0,89,39
2026-05-21 20:30:44,2026-05-22,2,乒乓球厅-9号,17:00-18:00,0,1,可预约,￥5.0,雾,22,24,2,0.0,93,43
2026-05-21 21:00:56,2026-05-22,2,乒乓球厅-9号,17:00-18:00,0,1,可预约,￥5.0,雾,20,21,2,0.0,98,43
2026-05-21 21:30:46,2026-05-22,2,乒乓球厅-9号,17:00-18:00,0,1,可预约,￥5.0,雾,20,22,1,0.0,99,41
2026-05-21 22:01:02,2026-05-22,2,乒乓球厅-9号,17:00-18:00,0,1,可预约,￥5.0,雾,19,20,2,0.0,93,41
2026-05-21 22:30:47,2026-05-22,2,乒乓球厅-9号,17:00-18:00,0,1,可预约,￥5.0,雾,19,19,3,0.0,88,46
2026-05-21 23:00:56,2026-05-22,2,乒乓球厅-9号,17:00-18:00,0,1,可预约,￥5.0,多云,18,17,3,0.0,85,46
2026-05-21 23:30:55,2026-05-22,2,乒乓球厅-9号,17:00-18:00,0,1,可预约,￥5.0,多云,18,17,3,0.0,85,48
2026-05-21 08:00:45,2026-05-22,2,乒乓球厅-9号,18:30-19:30,0,1,可预约,￥5.0,晴,17,12,5,0.0,86,29
2026-05-21 08:02:30,2026-05-22,2,乒乓球厅-9号,18:30-19:30,0,1,可预约,￥5.0,多云,17,12,5,0.0,87,29
2026-05-21 08:05:36,2026-05-22,2,乒乓球厅-9号,18:30-19:30,0,1,可预约,￥5.0,多云,17,12,5,0.0,86,29
2026-05-21 08:08:31,2026-05-22,2,乒乓球厅-9号,18:30-19:30,0,1,可预约,￥5.0,多云,17,12,5,0.0,86,29
2026-05-21 08:11:30,2026-05-22,2,乒乓球厅-9号,18:30-19:30,0,1,可预约,￥5.0,多云,17,12,5,0.0,86,29
2026-05-21 08:14:31,2026-05-22,2,乒乓球厅-9号,18:30-19:30,0,1,可预约,￥5.0,多云,17,12,5,0.0,86,29
2026-05-21 08:17:30,2026-05-22,2,乒乓球厅-9号,18:30-19:30,0,1,可预约,￥5.0,多云,17,12,5,0.0,86,29
2026-05-21 08:20:35,2026-05-22,2,乒乓球厅-9号,18:30-19:30,0,1,可预约,￥5.0,多云,17,14,4,0.0,85,29
2026-05-21 08:25:32,2026-05-22,2,乒乓球厅-9号,18:30-19:30,0,1,可预约,￥5.0,多云,17,14,4,0.0,85,28
2026-05-21 08:30:42,2026-05-22,2,乒乓球厅-9号,18:30-19:30,0,1,可预约,￥5.0,多云,18,15,4,0.0,84,28
2026-05-21 08:35:31,2026-05-22,2,乒乓球厅-9号,18:30-19:30,0,1,可预约,￥5.0,多云,18,15,4,0.0,84,28
2026-05-21 08:40:38,2026-05-22,2,乒乓球厅-9号,18:30-19:30,0,1,可预约,￥5.0,多云,18,15,4,0.0,82,28
2026-05-21 08:45:33,2026-05-22,2,乒乓球厅-9号,18:30-19:30,0,1,可预约,￥5.0,多云,18,15,4,0.0,82,28
2026-05-21 08:50:36,2026-05-22,2,乒乓球厅-9号,18:30-19:30,0,1,可预约,￥5.0,多云,18,15,4,0.0,82,28
2026-05-21 08:55:34,2026-05-22,2,乒乓球厅-9号,18:30-19:30,0,1,可预约,￥5.0,多云,18,15,4,0.0,84,28
2026-05-21 09:00:51,2026-05-22,2,乒乓球厅-9号,18:30-19:30,0,1,可预约,￥5.0,多云,18,15,4,0.0,84,28
2026-05-21 09:01:59,2026-05-22,2,乒乓球厅-9号,18:30-19:30,0,1,可预约,￥5.0,多云,18,15,4,0.0,83,28
2026-05-21 09:05:33,2026-05-22,2,乒乓球厅-9号,18:30-19:30,0,1,可预约,￥5.0,多云,18,15,4,0.0,83,28
2026-05-21 09:20:38,2026-05-22,2,乒乓球厅-9号,18:30-19:30,0,1,可预约,￥5.0,多云,18,16,3,0.0,81,28
2026-05-21 09:30:46,2026-05-22,2,乒乓球厅-9号,18:30-19:30,0,1,可预约,￥5.0,多云,18,16,3,0.0,81,32
2026-05-21 09:40:36,2026-05-22,2,乒乓球厅-9号,18:30-19:30,0,1,可预约,￥5.0,多云,19,17,3,0.0,79,32
2026-05-21 09:50:42,2026-05-22,2,乒乓球厅-9号,18:30-19:30,0,1,可预约,￥5.0,多云,19,17,4,0.0,81,32
2026-05-21 10:00:46,2026-05-22,2,乒乓球厅-9号,18:30-19:30,0,1,可预约,￥5.0,多云,19,17,4,0.0,79,32
2026-05-21 10:10:40,2026-05-22,2,乒乓球厅-9号,18:30-19:30,0,1,可预约,￥5.0,多云,19,17,4,0.0,79,32
2026-05-21 10:20:38,2026-05-22,2,乒乓球厅-9号,18:30-19:30,0,1,可预约,￥5.0,多云,19,17,4,0.0,79,32
2026-05-21 10:30:41,2026-05-22,2,乒乓球厅-9号,18:30-19:30,0,1,可预约,￥5.0,多云,19,18,3,0.0,78,31
2026-05-21 11:00:44,2026-05-22,2,乒乓球厅-9号,18:30-19:30,0,1,可预约,￥5.0,多云,21,17,5,0.0,74,31
2026-05-21 11:30:38,2026-05-22,2,乒乓球厅-9号,18:30-19:30,0,1,可预约,￥5.0,多云,21,19,3,0.0,72,33
2026-05-21 12:00:46,2026-05-22,2,乒乓球厅-9号,18:30-19:30,0,1,可预约,￥5.0,多云,22,19,4,0.0,70,33
2026-05-21 12:30:42,2026-05-22,2,乒乓球厅-9号,18:30-19:30,0,1,可预约,￥5.0,多云,22,21,3,0.0,68,35
2026-05-21 13:00:43,2026-05-22,2,乒乓球厅-9号,18:30-19:30,0,1,可预约,￥5.0,多云,24,22,4,0.0,66,35
2026-05-21 13:30:43,2026-05-22,2,乒乓球厅-9号,18:30-19:30,0,1,可预约,￥5.0,多云,24,22,4,0.0,66,36
2026-05-21 14:00:48,2026-05-22,2,乒乓球厅-9号,18:30-19:30,0,1,可预约,￥5.0,多云,25,23,4,0.0,66,36
2026-05-21 14:30:45,2026-05-22,2,乒乓球厅-9号,18:30-19:30,0,1,可预约,￥5.0,晴,25,25,3,0.0,65,39
2026-05-21 15:00:45,2026-05-22,2,乒乓球厅-9号,18:30-19:30,0,1,可预约,￥5.0,晴,25,22,4,0.0,56,39
2026-05-21 15:30:43,2026-05-22,2,乒乓球厅-9号,18:30-19:30,0,1,可预约,￥5.0,晴,25,23,4,0.0,57,40
2026-05-21 16:00:51,2026-05-22,2,乒乓球厅-9号,18:30-19:30,0,1,可预约,￥5.0,晴,25,23,4,0.0,57,40
2026-05-21 16:30:48,2026-05-22,2,乒乓球厅-9号,18:30-19:30,0,1,可预约,￥5.0,晴,25,24,3,0.0,60,39
2026-05-21 17:00:49,2026-05-22,2,乒乓球厅-9号,18:30-19:30,0,1,可预约,￥5.0,晴,25,24,4,0.0,61,39
2026-05-21 17:30:47,2026-05-22,2,乒乓球厅-9号,18:30-19:30,0,1,可预约,￥5.0,多云,24,23,3,0.0,64,39
2026-05-21 18:00:50,2026-05-22,2,乒乓球厅-9号,18:30-19:30,0,1,可预约,￥5.0,多云,24,23,3,0.0,68,39
2026-05-21 18:30:50,2026-05-22,2,乒乓球厅-9号,18:30-19:30,0,1,可预约,￥5.0,阴,24,25,2,0.0,68,40
2026-05-21 19:00:50,2026-05-22,2,乒乓球厅-9号,18:30-19:30,0,1,可预约,￥5.0,阴,23,23,3,0.0,76,40
2026-05-21 19:30:46,2026-05-22,2,乒乓球厅-9号,18:30-19:30,0,1,可预约,￥5.0,阴,23,24,2,0.0,77,39
2026-05-21 20:00:49,2026-05-22,2,乒乓球厅-9号,18:30-19:30,0,1,可预约,￥5.0,雾,22,23,2,0.0,89,39
2026-05-21 20:30:44,2026-05-22,2,乒乓球厅-9号,18:30-19:30,0,1,可预约,￥5.0,雾,22,24,2,0.0,93,43
2026-05-21 21:00:56,2026-05-22,2,乒乓球厅-9号,18:30-19:30,0,1,可预约,￥5.0,雾,20,21,2,0.0,98,43
2026-05-21 21:30:46,2026-05-22,2,乒乓球厅-9号,18:30-19:30,0,1,可预约,￥5.0,雾,20,22,1,0.0,99,41
2026-05-21 22:01:02,2026-05-22,2,乒乓球厅-9号,18:30-19:30,0,1,可预约,￥5.0,雾,19,20,2,0.0,93,41
2026-05-21 22:30:47,2026-05-22,2,乒乓球厅-9号,18:30-19:30,0,1,可预约,￥5.0,雾,19,19,3,0.0,88,46
2026-05-21 23:00:56,2026-05-22,2,乒乓球厅-9号,18:30-19:30,0,1,可预约,￥5.0,多云,18,17,3,0.0,85,46
2026-05-21 23:30:55,2026-05-22,2,乒乓球厅-9号,18:30-19:30,0,1,可预约,￥5.0,多云,18,17,3,0.0,85,48
2026-05-21 08:00:45,2026-05-22,2,乒乓球厅-9号,19:30-20:30,0,1,可预约,￥5.0,晴,17,12,5,0.0,86,29
2026-05-21 08:02:30,2026-05-22,2,乒乓球厅-9号,19:30-20:30,0,1,可预约,￥5.0,多云,17,12,5,0.0,87,29
2026-05-21 08:05:36,2026-05-22,2,乒乓球厅-9号,19:30-20:30,0,1,可预约,￥5.0,多云,17,12,5,0.0,86,29
2026-05-21 08:08:31,2026-05-22,2,乒乓球厅-9号,19:30-20:30,0,1,可预约,￥5.0,多云,17,12,5,0.0,86,29
2026-05-21 08:11:30,2026-05-22,2,乒乓球厅-9号,19:30-20:30,0,1,可预约,￥5.0,多云,17,12,5,0.0,86,29
2026-05-21 08:14:31,2026-05-22,2,乒乓球厅-9号,19:30-20:30,0,1,可预约,￥5.0,多云,17,12,5,0.0,86,29
2026-05-21 08:17:30,2026-05-22,2,乒乓球厅-9号,19:30-20:30,0,1,可预约,￥5.0,多云,17,12,5,0.0,86,29
2026-05-21 08:20:35,2026-05-22,2,乒乓球厅-9号,19:30-20:30,0,1,可预约,￥5.0,多云,17,14,4,0.0,85,29
2026-05-21 08:25:32,2026-05-22,2,乒乓球厅-9号,19:30-20:30,0,1,可预约,￥5.0,多云,17,14,4,0.0,85,28
2026-05-21 08:30:42,2026-05-22,2,乒乓球厅-9号,19:30-20:30,0,1,可预约,￥5.0,多云,18,15,4,0.0,84,28
2026-05-21 08:35:31,2026-05-22,2,乒乓球厅-9号,19:30-20:30,0,1,可预约,￥5.0,多云,18,15,4,0.0,84,28
2026-05-21 08:40:38,2026-05-22,2,乒乓球厅-9号,19:30-20:30,0,1,可预约,￥5.0,多云,18,15,4,0.0,82,28
2026-05-21 08:45:33,2026-05-22,2,乒乓球厅-9号,19:30-20:30,0,1,可预约,￥5.0,多云,18,15,4,0.0,82,28
2026-05-21 08:50:36,2026-05-22,2,乒乓球厅-9号,19:30-20:30,0,1,可预约,￥5.0,多云,18,15,4,0.0,82,28
2026-05-21 08:55:34,2026-05-22,2,乒乓球厅-9号,19:30-20:30,0,1,可预约,￥5.0,多云,18,15,4,0.0,84,28
2026-05-21 09:00:51,2026-05-22,2,乒乓球厅-9号,19:30-20:30,0,1,可预约,￥5.0,多云,18,15,4,0.0,84,28
2026-05-21 09:01:59,2026-05-22,2,乒乓球厅-9号,19:30-20:30,0,1,可预约,￥5.0,多云,18,15,4,0.0,83,28
2026-05-21 09:05:33,2026-05-22,2,乒乓球厅-9号,19:30-20:30,0,1,可预约,￥5.0,多云,18,15,4,0.0,83,28
2026-05-21 09:20:38,2026-05-22,2,乒乓球厅-9号,19:30-20:30,0,1,可预约,￥5.0,多云,18,16,3,0.0,81,28
2026-05-21 09:30:46,2026-05-22,2,乒乓球厅-9号,19:30-20:30,0,1,可预约,￥5.0,多云,18,16,3,0.0,81,32
2026-05-21 09:40:36,2026-05-22,2,乒乓球厅-9号,19:30-20:30,0,1,可预约,￥5.0,多云,19,17,3,0.0,79,32
2026-05-21 09:50:42,2026-05-22,2,乒乓球厅-9号,19:30-20:30,0,1,可预约,￥5.0,多云,19,17,4,0.0,81,32
2026-05-21 10:00:46,2026-05-22,2,乒乓球厅-9号,19:30-20:30,0,1,可预约,￥5.0,多云,19,17,4,0.0,79,32
2026-05-21 10:10:40,2026-05-22,2,乒乓球厅-9号,19:30-20:30,0,1,可预约,￥5.0,多云,19,17,4,0.0,79,32
2026-05-21 10:20:38,2026-05-22,2,乒乓球厅-9号,19:30-20:30,0,1,可预约,￥5.0,多云,19,17,4,0.0,79,32
2026-05-21 10:30:41,2026-05-22,2,乒乓球厅-9号,19:30-20:30,0,1,可预约,￥5.0,多云,19,18,3,0.0,78,31
2026-05-21 11:00:44,2026-05-22,2,乒乓球厅-9号,19:30-20:30,0,1,可预约,￥5.0,多云,21,17,5,0.0,74,31
2026-05-21 11:30:38,2026-05-22,2,乒乓球厅-9号,19:30-20:30,0,1,可预约,￥5.0,多云,21,19,3,0.0,72,33
2026-05-21 12:00:46,2026-05-22,2,乒乓球厅-9号,19:30-20:30,0,1,可预约,￥5.0,多云,22,19,4,0.0,70,33
2026-05-21 12:30:42,2026-05-22,2,乒乓球厅-9号,19:30-20:30,0,1,可预约,￥5.0,多云,22,21,3,0.0,68,35
2026-05-21 13:00:43,2026-05-22,2,乒乓球厅-9号,19:30-20:30,0,1,可预约,￥5.0,多云,24,22,4,0.0,66,35
2026-05-21 13:30:43,2026-05-22,2,乒乓球厅-9号,19:30-20:30,0,1,可预约,￥5.0,多云,24,22,4,0.0,66,36
2026-05-21 14:00:48,2026-05-22,2,乒乓球厅-9号,19:30-20:30,0,1,可预约,￥5.0,多云,25,23,4,0.0,66,36
2026-05-21 14:30:45,2026-05-22,2,乒乓球厅-9号,19:30-20:30,0,1,可预约,￥5.0,晴,25,25,3,0.0,65,39
2026-05-21 15:00:45,2026-05-22,2,乒乓球厅-9号,19:30-20:30,0,1,可预约,￥5.0,晴,25,22,4,0.0,56,39
2026-05-21 15:30:43,2026-05-22,2,乒乓球厅-9号,19:30-20:30,0,1,可预约,￥5.0,晴,25,23,4,0.0,57,40
2026-05-21 16:00:51,2026-05-22,2,乒乓球厅-9号,19:30-20:30,0,1,可预约,￥5.0,晴,25,23,4,0.0,57,40
2026-05-21 16:30:48,2026-05-22,2,乒乓球厅-9号,19:30-20:30,0,1,可预约,￥5.0,晴,25,24,3,0.0,60,39
2026-05-21 17:00:49,2026-05-22,2,乒乓球厅-9号,19:30-20:30,0,1,可预约,￥5.0,晴,25,24,4,0.0,61,39
2026-05-21 17:30:47,2026-05-22,2,乒乓球厅-9号,19:30-20:30,0,1,可预约,￥5.0,多云,24,23,3,0.0,64,39
2026-05-21 18:00:50,2026-05-22,2,乒乓球厅-9号,19:30-20:30,0,1,可预约,￥5.0,多云,24,23,3,0.0,68,39
2026-05-21 18:30:50,2026-05-22,2,乒乓球厅-9号,19:30-20:30,0,1,可预约,￥5.0,阴,24,25,2,0.0,68,40
2026-05-21 19:00:50,2026-05-22,2,乒乓球厅-9号,19:30-20:30,0,1,可预约,￥5.0,阴,23,23,3,0.0,76,40
2026-05-21 19:30:46,2026-05-22,2,乒乓球厅-9号,19:30-20:30,0,1,可预约,￥5.0,阴,23,24,2,0.0,77,39
2026-05-21 20:00:49,2026-05-22,2,乒乓球厅-9号,19:30-20:30,0,1,可预约,￥5.0,雾,22,23,2,0.0,89,39
2026-05-21 20:30:44,2026-05-22,2,乒乓球厅-9号,19:30-20:30,0,1,可预约,￥5.0,雾,22,24,2,0.0,93,43
2026-05-21 21:00:56,2026-05-22,2,乒乓球厅-9号,19:30-20:30,0,1,可预约,￥5.0,雾,20,21,2,0.0,98,43
2026-05-21 21:30:46,2026-05-22,2,乒乓球厅-9号,19:30-20:30,0,1,可预约,￥5.0,雾,20,22,1,0.0,99,41
2026-05-21 22:01:02,2026-05-22,2,乒乓球厅-9号,19:30-20:30,0,1,可预约,￥5.0,雾,19,20,2,0.0,93,41
2026-05-21 22:30:47,2026-05-22,2,乒乓球厅-9号,19:30-20:30,0,1,可预约,￥5.0,雾,19,19,3,0.0,88,46
2026-05-21 23:00:56,2026-05-22,2,乒乓球厅-9号,19:30-20:30,0,1,可预约,￥5.0,多云,18,17,3,0.0,85,46
2026-05-21 23:30:55,2026-05-22,2,乒乓球厅-9号,19:30-20:30,0,1,可预约,￥5.0,多云,18,17,3,0.0,85,48
2026-05-21 08:00:45,2026-05-22,2,乒乓球厅-9号,20:30-21:30,0,1,可预约,￥5.0,晴,17,12,5,0.0,86,29
2026-05-21 08:02:30,2026-05-22,2,乒乓球厅-9号,20:30-21:30,0,1,可预约,￥5.0,多云,17,12,5,0.0,87,29
2026-05-21 08:05:36,2026-05-22,2,乒乓球厅-9号,20:30-21:30,0,1,可预约,￥5.0,多云,17,12,5,0.0,86,29
2026-05-21 08:08:31,2026-05-22,2,乒乓球厅-9号,20:30-21:30,0,1,可预约,￥5.0,多云,17,12,5,0.0,86,29
2026-05-21 08:11:30,2026-05-22,2,乒乓球厅-9号,20:30-21:30,0,1,可预约,￥5.0,多云,17,12,5,0.0,86,29
2026-05-21 08:14:31,2026-05-22,2,乒乓球厅-9号,20:30-21:30,0,1,可预约,￥5.0,多云,17,12,5,0.0,86,29
2026-05-21 08:17:30,2026-05-22,2,乒乓球厅-9号,20:30-21:30,0,1,可预约,￥5.0,多云,17,12,5,0.0,86,29
2026-05-21 08:20:35,2026-05-22,2,乒乓球厅-9号,20:30-21:30,0,1,可预约,￥5.0,多云,17,14,4,0.0,85,29
2026-05-21 08:25:32,2026-05-22,2,乒乓球厅-9号,20:30-21:30,0,1,可预约,￥5.0,多云,17,14,4,0.0,85,28
2026-05-21 08:30:42,2026-05-22,2,乒乓球厅-9号,20:30-21:30,0,1,可预约,￥5.0,多云,18,15,4,0.0,84,28
2026-05-21 08:35:31,2026-05-22,2,乒乓球厅-9号,20:30-21:30,0,1,可预约,￥5.0,多云,18,15,4,0.0,84,28
2026-05-21 08:40:38,2026-05-22,2,乒乓球厅-9号,20:30-21:30,0,1,可预约,￥5.0,多云,18,15,4,0.0,82,28
2026-05-21 08:45:33,2026-05-22,2,乒乓球厅-9号,20:30-21:30,0,1,可预约,￥5.0,多云,18,15,4,0.0,82,28
2026-05-21 08:50:36,2026-05-22,2,乒乓球厅-9号,20:30-21:30,0,1,可预约,￥5.0,多云,18,15,4,0.0,82,28
2026-05-21 08:55:34,2026-05-22,2,乒乓球厅-9号,20:30-21:30,0,1,可预约,￥5.0,多云,18,15,4,0.0,84,28
2026-05-21 09:00:51,2026-05-22,2,乒乓球厅-9号,20:30-21:30,0,1,可预约,￥5.0,多云,18,15,4,0.0,84,28
2026-05-21 09:01:59,2026-05-22,2,乒乓球厅-9号,20:30-21:30,0,1,可预约,￥5.0,多云,18,15,4,0.0,83,28
2026-05-21 09:05:33,2026-05-22,2,乒乓球厅-9号,20:30-21:30,0,1,可预约,￥5.0,多云,18,15,4,0.0,83,28
2026-05-21 09:20:38,2026-05-22,2,乒乓球厅-9号,20:30-21:30,0,1,可预约,￥5.0,多云,18,16,3,0.0,81,28
2026-05-21 09:30:46,2026-05-22,2,乒乓球厅-9号,20:30-21:30,0,1,可预约,￥5.0,多云,18,16,3,0.0,81,32
2026-05-21 09:40:36,2026-05-22,2,乒乓球厅-9号,20:30-21:30,0,1,可预约,￥5.0,多云,19,17,3,0.0,79,32
2026-05-21 09:50:42,2026-05-22,2,乒乓球厅-9号,20:30-21:30,0,1,可预约,￥5.0,多云,19,17,4,0.0,81,32
2026-05-21 10:00:46,2026-05-22,2,乒乓球厅-9号,20:30-21:30,0,1,可预约,￥5.0,多云,19,17,4,0.0,79,32
2026-05-21 10:10:40,2026-05-22,2,乒乓球厅-9号,20:30-21:30,0,1,可预约,￥5.0,多云,19,17,4,0.0,79,32
2026-05-21 10:20:38,2026-05-22,2,乒乓球厅-9号,20:30-21:30,0,1,可预约,￥5.0,多云,19,17,4,0.0,79,32
2026-05-21 10:30:41,2026-05-22,2,乒乓球厅-9号,20:30-21:30,0,1,可预约,￥5.0,多云,19,18,3,0.0,78,31
2026-05-21 11:00:44,2026-05-22,2,乒乓球厅-9号,20:30-21:30,0,1,可预约,￥5.0,多云,21,17,5,0.0,74,31
2026-05-21 11:30:38,2026-05-22,2,乒乓球厅-9号,20:30-21:30,0,1,可预约,￥5.0,多云,21,19,3,0.0,72,33
2026-05-21 12:00:46,2026-05-22,2,乒乓球厅-9号,20:30-21:30,0,1,可预约,￥5.0,多云,22,19,4,0.0,70,33
2026-05-21 12:30:42,2026-05-22,2,乒乓球厅-9号,20:30-21:30,0,1,可预约,￥5.0,多云,22,21,3,0.0,68,35
2026-05-21 13:00:43,2026-05-22,2,乒乓球厅-9号,20:30-21:30,0,1,可预约,￥5.0,多云,24,22,4,0.0,66,35
2026-05-21 13:30:43,2026-05-22,2,乒乓球厅-9号,20:30-21:30,0,1,可预约,￥5.0,多云,24,22,4,0.0,66,36
2026-05-21 14:00:48,2026-05-22,2,乒乓球厅-9号,20:30-21:30,0,1,可预约,￥5.0,多云,25,23,4,0.0,66,36
2026-05-21 14:30:45,2026-05-22,2,乒乓球厅-9号,20:30-21:30,0,1,可预约,￥5.0,晴,25,25,3,0.0,65,39
2026-05-21 15:00:45,2026-05-22,2,乒乓球厅-9号,20:30-21:30,0,1,可预约,￥5.0,晴,25,22,4,0.0,56,39
2026-05-21 15:30:43,2026-05-22,2,乒乓球厅-9号,20:30-21:30,0,1,可预约,￥5.0,晴,25,23,4,0.0,57,40
2026-05-21 16:00:51,2026-05-22,2,乒乓球厅-9号,20:30-21:30,0,1,可预约,￥5.0,晴,25,23,4,0.0,57,40
2026-05-21 16:30:48,2026-05-22,2,乒乓球厅-9号,20:30-21:30,0,1,可预约,￥5.0,晴,25,24,3,0.0,60,39
2026-05-21 17:00:49,2026-05-22,2,乒乓球厅-9号,20:30-21:30,0,1,可预约,￥5.0,晴,25,24,4,0.0,61,39
2026-05-21 17:30:47,2026-05-22,2,乒乓球厅-9号,20:30-21:30,0,1,可预约,￥5.0,多云,24,23,3,0.0,64,39
2026-05-21 18:00:50,2026-05-22,2,乒乓球厅-9号,20:30-21:30,0,1,可预约,￥5.0,多云,24,23,3,0.0,68,39
2026-05-21 18:30:50,2026-05-22,2,乒乓球厅-9号,20:30-21:30,0,1,可预约,￥5.0,阴,24,25,2,0.0,68,40
2026-05-21 19:00:50,2026-05-22,2,乒乓球厅-9号,20:30-21:30,0,1,可预约,￥5.0,阴,23,23,3,0.0,76,40
2026-05-21 19:30:46,2026-05-22,2,乒乓球厅-9号,20:30-21:30,0,1,可预约,￥5.0,阴,23,24,2,0.0,77,39
2026-05-21 20:00:49,2026-05-22,2,乒乓球厅-9号,20:30-21:30,0,1,可预约,￥5.0,雾,22,23,2,0.0,89,39
2026-05-21 20:30:44,2026-05-22,2,乒乓球厅-9号,20:30-21:30,0,1,可预约,￥5.0,雾,22,24,2,0.0,93,43
2026-05-21 21:00:56,2026-05-22,2,乒乓球厅-9号,20:30-21:30,0,1,可预约,￥5.0,雾,20,21,2,0.0,98,43
2026-05-21 21:30:46,2026-05-22,2,乒乓球厅-9号,20:30-21:30,0,1,可预约,￥5.0,雾,20,22,1,0.0,99,41
2026-05-21 22:01:02,2026-05-22,2,乒乓球厅-9号,20:30-21:30,0,1,可预约,￥5.0,雾,19,20,2,0.0,93,41
2026-05-21 22:30:47,2026-05-22,2,乒乓球厅-9号,20:30-21:30,0,1,可预约,￥5.0,雾,19,19,3,0.0,88,46
2026-05-21 23:00:56,2026-05-22,2,乒乓球厅-9号,20:30-21:30,0,1,可预约,￥5.0,多云,18,17,3,0.0,85,46
2026-05-21 23:30:55,2026-05-22,2,乒乓球厅-9号,20:30-21:30,0,1,可预约,￥5.0,多云,18,17,3,0.0,85,48
2026-05-21 08:00:45,2026-05-22,3,篮球场-1号北半场,09:00-10:00,0,1,可预约,￥75.0,晴,17,12,5,0.0,86,29
2026-05-21 08:02:30,2026-05-22,3,篮球场-1号北半场,09:00-10:00,0,1,可预约,￥75.0,多云,17,12,5,0.0,87,29
2026-05-21 08:05:36,2026-05-22,3,篮球场-1号北半场,09:00-10:00,0,1,可预约,￥75.0,多云,17,12,5,0.0,86,29
2026-05-21 08:08:31,2026-05-22,3,篮球场-1号北半场,09:00-10:00,0,1,可预约,￥75.0,多云,17,12,5,0.0,86,29
2026-05-21 08:11:30,2026-05-22,3,篮球场-1号北半场,09:00-10:00,0,1,可预约,￥75.0,多云,17,12,5,0.0,86,29
2026-05-21 08:14:31,2026-05-22,3,篮球场-1号北半场,09:00-10:00,0,1,可预约,￥75.0,多云,17,12,5,0.0,86,29
2026-05-21 08:17:30,2026-05-22,3,篮球场-1号北半场,09:00-10:00,0,1,可预约,￥75.0,多云,17,12,5,0.0,86,29
2026-05-21 08:20:35,2026-05-22,3,篮球场-1号北半场,09:00-10:00,0,1,可预约,￥75.0,多云,17,14,4,0.0,85,29
2026-05-21 08:25:32,2026-05-22,3,篮球场-1号北半场,09:00-10:00,0,1,可预约,￥75.0,多云,17,14,4,0.0,85,28
2026-05-21 08:30:42,2026-05-22,3,篮球场-1号北半场,09:00-10:00,0,1,可预约,￥75.0,多云,18,15,4,0.0,84,28
2026-05-21 08:35:31,2026-05-22,3,篮球场-1号北半场,09:00-10:00,0,1,可预约,￥75.0,多云,18,15,4,0.0,84,28
2026-05-21 08:40:38,2026-05-22,3,篮球场-1号北半场,09:00-10:00,0,1,可预约,￥75.0,多云,18,15,4,0.0,82,28
2026-05-21 08:45:33,2026-05-22,3,篮球场-1号北半场,09:00-10:00,0,1,可预约,￥75.0,多云,18,15,4,0.0,82,28
2026-05-21 08:50:36,2026-05-22,3,篮球场-1号北半场,09:00-10:00,0,1,可预约,￥75.0,多云,18,15,4,0.0,82,28
2026-05-21 08:55:34,2026-05-22,3,篮球场-1号北半场,09:00-10:00,0,1,可预约,￥75.0,多云,18,15,4,0.0,84,28
2026-05-21 09:00:51,2026-05-22,3,篮球场-1号北半场,09:00-10:00,0,1,可预约,￥75.0,多云,18,15,4,0.0,84,28
2026-05-21 09:01:59,2026-05-22,3,篮球场-1号北半场,09:00-10:00,0,1,可预约,￥75.0,多云,18,15,4,0.0,83,28
2026-05-21 09:05:33,2026-05-22,3,篮球场-1号北半场,09:00-10:00,0,1,可预约,￥75.0,多云,18,15,4,0.0,83,28
2026-05-21 09:20:38,2026-05-22,3,篮球场-1号北半场,09:00-10:00,0,1,可预约,￥75.0,多云,18,16,3,0.0,81,28
2026-05-21 09:30:46,2026-05-22,3,篮球场-1号北半场,09:00-10:00,0,1,可预约,￥75.0,多云,18,16,3,0.0,81,32
2026-05-21 09:40:36,2026-05-22,3,篮球场-1号北半场,09:00-10:00,0,1,可预约,￥75.0,多云,19,17,3,0.0,79,32
2026-05-21 09:50:42,2026-05-22,3,篮球场-1号北半场,09:00-10:00,0,1,可预约,￥75.0,多云,19,17,4,0.0,81,32
2026-05-21 10:00:46,2026-05-22,3,篮球场-1号北半场,09:00-10:00,0,1,可预约,￥75.0,多云,19,17,4,0.0,79,32
2026-05-21 10:10:40,2026-05-22,3,篮球场-1号北半场,09:00-10:00,0,1,可预约,￥75.0,多云,19,17,4,0.0,79,32
2026-05-21 10:20:38,2026-05-22,3,篮球场-1号北半场,09:00-10:00,0,1,可预约,￥75.0,多云,19,17,4,0.0,79,32
2026-05-21 10:30:41,2026-05-22,3,篮球场-1号北半场,09:00-10:00,0,1,可预约,￥75.0,多云,19,18,3,0.0,78,31
2026-05-21 11:00:44,2026-05-22,3,篮球场-1号北半场,09:00-10:00,0,1,可预约,￥75.0,多云,21,17,5,0.0,74,31
2026-05-21 11:30:38,2026-05-22,3,篮球场-1号北半场,09:00-10:00,0,1,可预约,￥75.0,多云,21,19,3,0.0,72,33
2026-05-21 12:00:46,2026-05-22,3,篮球场-1号北半场,09:00-10:00,0,1,可预约,￥75.0,多云,22,19,4,0.0,70,33
2026-05-21 12:30:42,2026-05-22,3,篮球场-1号北半场,09:00-10:00,0,1,可预约,￥75.0,多云,22,21,3,0.0,68,35
2026-05-21 13:00:43,2026-05-22,3,篮球场-1号北半场,09:00-10:00,0,1,可预约,￥75.0,多云,24,22,4,0.0,66,35
2026-05-21 13:30:43,2026-05-22,3,篮球场-1号北半场,09:00-10:00,0,1,可预约,￥75.0,多云,24,22,4,0.0,66,36
2026-05-21 14:00:48,2026-05-22,3,篮球场-1号北半场,09:00-10:00,0,1,可预约,￥75.0,多云,25,23,4,0.0,66,36
2026-05-21 14:30:45,2026-05-22,3,篮球场-1号北半场,09:00-10:00,0,1,可预约,￥75.0,晴,25,25,3,0.0,65,39
2026-05-21 15:00:45,2026-05-22,3,篮球场-1号北半场,09:00-10:00,0,1,可预约,￥75.0,晴,25,22,4,0.0,56,39
2026-05-21 15:30:43,2026-05-22,3,篮球场-1号北半场,09:00-10:00,0,1,可预约,￥75.0,晴,25,23,4,0.0,57,40
2026-05-21 16:00:51,2026-05-22,3,篮球场-1号北半场,09:00-10:00,0,1,可预约,￥75.0,晴,25,23,4,0.0,57,40
2026-05-21 16:30:48,2026-05-22,3,篮球场-1号北半场,09:00-10:00,0,1,可预约,￥75.0,晴,25,24,3,0.0,60,39
2026-05-21 17:00:49,2026-05-22,3,篮球场-1号北半场,09:00-10:00,0,1,可预约,￥75.0,晴,25,24,4,0.0,61,39
2026-05-21 17:30:47,2026-05-22,3,篮球场-1号北半场,09:00-10:00,0,1,可预约,￥75.0,多云,24,23,3,0.0,64,39
2026-05-21 18:00:50,2026-05-22,3,篮球场-1号北半场,09:00-10:00,0,1,可预约,￥75.0,多云,24,23,3,0.0,68,39
2026-05-21 18:30:50,2026-05-22,3,篮球场-1号北半场,09:00-10:00,0,1,可预约,￥75.0,阴,24,25,2,0.0,68,40
2026-05-21 19:00:50,2026-05-22,3,篮球场-1号北半场,09:00-10:00,0,1,可预约,￥75.0,阴,23,23,3,0.0,76,40
2026-05-21 19:30:46,2026-05-22,3,篮球场-1号北半场,09:00-10:00,0,1,可预约,￥75.0,阴,23,24,2,0.0,77,39
2026-05-21 20:00:49,2026-05-22,3,篮球场-1号北半场,09:00-10:00,0,1,可预约,￥75.0,雾,22,23,2,0.0,89,39
2026-05-21 20:30:44,2026-05-22,3,篮球场-1号北半场,09:00-10:00,0,1,可预约,￥75.0,雾,22,24,2,0.0,93,43
2026-05-21 21:00:56,2026-05-22,3,篮球场-1号北半场,09:00-10:00,0,1,可预约,￥75.0,雾,20,21,2,0.0,98,43
2026-05-21 21:30:46,2026-05-22,3,篮球场-1号北半场,09:00-10:00,0,1,可预约,￥75.0,雾,20,22,1,0.0,99,41
2026-05-21 22:01:02,2026-05-22,3,篮球场-1号北半场,09:00-10:00,0,1,可预约,￥75.0,雾,19,20,2,0.0,93,41
2026-05-21 22:30:47,2026-05-22,3,篮球场-1号北半场,09:00-10:00,0,1,可预约,￥75.0,雾,19,19,3,0.0,88,46
2026-05-21 23:00:56,2026-05-22,3,篮球场-1号北半场,09:00-10:00,0,1,可预约,￥75.0,多云,18,17,3,0.0,85,46
2026-05-21 23:30:55,2026-05-22,3,篮球场-1号北半场,09:00-10:00,0,1,可预约,￥75.0,多云,18,17,3,0.0,85,48
2026-05-21 08:00:45,2026-05-22,3,篮球场-1号北半场,10:30-11:30,1,1,已售/已满,教学时间,晴,17,12,5,0.0,86,29
2026-05-21 08:02:30,2026-05-22,3,篮球场-1号北半场,10:30-11:30,1,1,已售/已满,教学时间,多云,17,12,5,0.0,87,29
2026-05-21 08:05:36,2026-05-22,3,篮球场-1号北半场,10:30-11:30,1,1,已售/已满,教学时间,多云,17,12,5,0.0,86,29
2026-05-21 08:08:31,2026-05-22,3,篮球场-1号北半场,10:30-11:30,1,1,已售/已满,教学时间,多云,17,12,5,0.0,86,29
2026-05-21 08:11:30,2026-05-22,3,篮球场-1号北半场,10:30-11:30,1,1,已售/已满,教学时间,多云,17,12,5,0.0,86,29
2026-05-21 08:14:31,2026-05-22,3,篮球场-1号北半场,10:30-11:30,1,1,已售/已满,教学时间,多云,17,12,5,0.0,86,29
2026-05-21 08:17:30,2026-05-22,3,篮球场-1号北半场,10:30-11:30,1,1,已售/已满,教学时间,多云,17,12,5,0.0,86,29
2026-05-21 08:20:35,2026-05-22,3,篮球场-1号北半场,10:30-11:30,1,1,已售/已满,教学时间,多云,17,14,4,0.0,85,29
2026-05-21 08:25:32,2026-05-22,3,篮球场-1号北半场,10:30-11:30,1,1,已售/已满,教学时间,多云,17,14,4,0.0,85,28
2026-05-21 08:30:42,2026-05-22,3,篮球场-1号北半场,10:30-11:30,1,1,已售/已满,教学时间,多云,18,15,4,0.0,84,28
2026-05-21 08:35:31,2026-05-22,3,篮球场-1号北半场,10:30-11:30,1,1,已售/已满,教学时间,多云,18,15,4,0.0,84,28
2026-05-21 08:40:38,2026-05-22,3,篮球场-1号北半场,10:30-11:30,1,1,已售/已满,教学时间,多云,18,15,4,0.0,82,28
2026-05-21 08:45:33,2026-05-22,3,篮球场-1号北半场,10:30-11:30,1,1,已售/已满,教学时间,多云,18,15,4,0.0,82,28
2026-05-21 08:50:36,2026-05-22,3,篮球场-1号北半场,10:30-11:30,1,1,已售/已满,教学时间,多云,18,15,4,0.0,82,28
2026-05-21 08:55:34,2026-05-22,3,篮球场-1号北半场,10:30-11:30,1,1,已售/已满,教学时间,多云,18,15,4,0.0,84,28
2026-05-21 09:00:51,2026-05-22,3,篮球场-1号北半场,10:30-11:30,1,1,已售/已满,教学时间,多云,18,15,4,0.0,84,28
2026-05-21 09:01:59,2026-05-22,3,篮球场-1号北半场,10:30-11:30,1,1,已售/已满,教学时间,多云,18,15,4,0.0,83,28
2026-05-21 09:05:33,2026-05-22,3,篮球场-1号北半场,10:30-11:30,1,1,已售/已满,教学时间,多云,18,15,4,0.0,83,28
2026-05-21 09:20:38,2026-05-22,3,篮球场-1号北半场,10:30-11:30,1,1,已售/已满,教学时间,多云,18,16,3,0.0,81,28
2026-05-21 09:30:46,2026-05-22,3,篮球场-1号北半场,10:30-11:30,1,1,已售/已满,教学时间,多云,18,16,3,0.0,81,32
2026-05-21 09:40:36,2026-05-22,3,篮球场-1号北半场,10:30-11:30,1,1,已售/已满,教学时间,多云,19,17,3,0.0,79,32
2026-05-21 09:50:42,2026-05-22,3,篮球场-1号北半场,10:30-11:30,1,1,已售/已满,教学时间,多云,19,17,4,0.0,81,32
2026-05-21 10:00:46,2026-05-22,3,篮球场-1号北半场,10:30-11:30,1,1,已售/已满,教学时间,多云,19,17,4,0.0,79,32
2026-05-21 10:10:40,2026-05-22,3,篮球场-1号北半场,10:30-11:30,1,1,已售/已满,教学时间,多云,19,17,4,0.0,79,32
2026-05-21 10:20:38,2026-05-22,3,篮球场-1号北半场,10:30-11:30,1,1,已售/已满,教学时间,多云,19,17,4,0.0,79,32
2026-05-21 10:30:41,2026-05-22,3,篮球场-1号北半场,10:30-11:30,1,1,已售/已满,教学时间,多云,19,18,3,0.0,78,31
2026-05-21 11:00:44,2026-05-22,3,篮球场-1号北半场,10:30-11:30,1,1,已售/已满,教学时间,多云,21,17,5,0.0,74,31
2026-05-21 11:30:38,2026-05-22,3,篮球场-1号北半场,10:30-11:30,1,1,已售/已满,教学时间,多云,21,19,3,0.0,72,33
2026-05-21 12:00:46,2026-05-22,3,篮球场-1号北半场,10:30-11:30,1,1,已售/已满,教学时间,多云,22,19,4,0.0,70,33
2026-05-21 12:30:42,2026-05-22,3,篮球场-1号北半场,10:30-11:30,1,1,已售/已满,教学时间,多云,22,21,3,0.0,68,35
2026-05-21 13:00:43,2026-05-22,3,篮球场-1号北半场,10:30-11:30,1,1,已售/已满,教学时间,多云,24,22,4,0.0,66,35
2026-05-21 13:30:43,2026-05-22,3,篮球场-1号北半场,10:30-11:30,1,1,已售/已满,教学时间,多云,24,22,4,0.0,66,36
2026-05-21 14:00:48,2026-05-22,3,篮球场-1号北半场,10:30-11:30,1,1,已售/已满,教学时间,多云,25,23,4,0.0,66,36
2026-05-21 14:30:45,2026-05-22,3,篮球场-1号北半场,10:30-11:30,1,1,已售/已满,教学时间,晴,25,25,3,0.0,65,39
2026-05-21 15:00:45,2026-05-22,3,篮球场-1号北半场,10:30-11:30,1,1,已售/已满,教学时间,晴,25,22,4,0.0,56,39
2026-05-21 15:30:43,2026-05-22,3,篮球场-1号北半场,10:30-11:30,1,1,已售/已满,教学时间,晴,25,23,4,0.0,57,40
2026-05-21 16:00:51,2026-05-22,3,篮球场-1号北半场,10:30-11:30,1,1,已售/已满,教学时间,晴,25,23,4,0.0,57,40
2026-05-21 16:30:48,2026-05-22,3,篮球场-1号北半场,10:30-11:30,1,1,已售/已满,教学时间,晴,25,24,3,0.0,60,39
2026-05-21 17:00:49,2026-05-22,3,篮球场-1号北半场,10:30-11:30,1,1,已售/已满,教学时间,晴,25,24,4,0.0,61,39
2026-05-21 17:30:47,2026-05-22,3,篮球场-1号北半场,10:30-11:30,1,1,已售/已满,教学时间,多云,24,23,3,0.0,64,39
2026-05-21 18:00:50,2026-05-22,3,篮球场-1号北半场,10:30-11:30,1,1,已售/已满,教学时间,多云,24,23,3,0.0,68,39
2026-05-21 18:30:50,2026-05-22,3,篮球场-1号北半场,10:30-11:30,1,1,已售/已满,教学时间,阴,24,25,2,0.0,68,40
2026-05-21 19:00:50,2026-05-22,3,篮球场-1号北半场,10:30-11:30,1,1,已售/已满,教学时间,阴,23,23,3,0.0,76,40
2026-05-21 19:30:46,2026-05-22,3,篮球场-1号北半场,10:30-11:30,1,1,已售/已满,教学时间,阴,23,24,2,0.0,77,39
2026-05-21 20:00:49,2026-05-22,3,篮球场-1号北半场,10:30-11:30,1,1,已售/已满,教学时间,雾,22,23,2,0.0,89,39
2026-05-21 20:30:44,2026-05-22,3,篮球场-1号北半场,10:30-11:30,1,1,已售/已满,教学时间,雾,22,24,2,0.0,93,43
2026-05-21 21:00:56,2026-05-22,3,篮球场-1号北半场,10:30-11:30,1,1,已售/已满,教学时间,雾,20,21,2,0.0,98,43
2026-05-21 21:30:46,2026-05-22,3,篮球场-1号北半场,10:30-11:30,1,1,已售/已满,教学时间,雾,20,22,1,0.0,99,41
2026-05-21 22:01:02,2026-05-22,3,篮球场-1号北半场,10:30-11:30,1,1,已售/已满,教学时间,雾,19,20,2,0.0,93,41
2026-05-21 22:30:47,2026-05-22,3,篮球场-1号北半场,10:30-11:30,1,1,已售/已满,教学时间,雾,19,19,3,0.0,88,46
2026-05-21 23:00:56,2026-05-22,3,篮球场-1号北半场,10:30-11:30,1,1,已售/已满,教学时间,多云,18,17,3,0.0,85,46
2026-05-21 23:30:55,2026-05-22,3,篮球场-1号北半场,10:30-11:30,1,1,已售/已满,教学时间,多云,18,17,3,0.0,85,48
2026-05-21 08:00:45,2026-05-22,3,篮球场-1号北半场,12:00-13:00,0,1,可预约,￥75.0,晴,17,12,5,0.0,86,29
2026-05-21 08:02:30,2026-05-22,3,篮球场-1号北半场,12:00-13:00,0,1,可预约,￥75.0,多云,17,12,5,0.0,87,29
2026-05-21 08:05:36,2026-05-22,3,篮球场-1号北半场,12:00-13:00,0,1,可预约,￥75.0,多云,17,12,5,0.0,86,29
2026-05-21 08:08:31,2026-05-22,3,篮球场-1号北半场,12:00-13:00,0,1,可预约,￥75.0,多云,17,12,5,0.0,86,29
2026-05-21 08:11:30,2026-05-22,3,篮球场-1号北半场,12:00-13:00,0,1,可预约,￥75.0,多云,17,12,5,0.0,86,29
2026-05-21 08:14:31,2026-05-22,3,篮球场-1号北半场,12:00-13:00,0,1,可预约,￥75.0,多云,17,12,5,0.0,86,29
2026-05-21 08:17:30,2026-05-22,3,篮球场-1号北半场,12:00-13:00,0,1,可预约,￥75.0,多云,17,12,5,0.0,86,29
2026-05-21 08:20:35,2026-05-22,3,篮球场-1号北半场,12:00-13:00,0,1,可预约,￥75.0,多云,17,14,4,0.0,85,29
2026-05-21 08:25:32,2026-05-22,3,篮球场-1号北半场,12:00-13:00,0,1,可预约,￥75.0,多云,17,14,4,0.0,85,28
2026-05-21 08:30:42,2026-05-22,3,篮球场-1号北半场,12:00-13:00,0,1,可预约,￥75.0,多云,18,15,4,0.0,84,28
2026-05-21 08:35:31,2026-05-22,3,篮球场-1号北半场,12:00-13:00,0,1,可预约,￥75.0,多云,18,15,4,0.0,84,28
2026-05-21 08:40:38,2026-05-22,3,篮球场-1号北半场,12:00-13:00,0,1,可预约,￥75.0,多云,18,15,4,0.0,82,28
2026-05-21 08:45:33,2026-05-22,3,篮球场-1号北半场,12:00-13:00,0,1,可预约,￥75.0,多云,18,15,4,0.0,82,28
2026-05-21 08:50:36,2026-05-22,3,篮球场-1号北半场,12:00-13:00,0,1,可预约,￥75.0,多云,18,15,4,0.0,82,28
2026-05-21 08:55:34,2026-05-22,3,篮球场-1号北半场,12:00-13:00,0,1,可预约,￥75.0,多云,18,15,4,0.0,84,28
2026-05-21 09:00:51,2026-05-22,3,篮球场-1号北半场,12:00-13:00,0,1,可预约,￥75.0,多云,18,15,4,0.0,84,28
2026-05-21 09:01:59,2026-05-22,3,篮球场-1号北半场,12:00-13:00,0,1,可预约,￥75.0,多云,18,15,4,0.0,83,28
2026-05-21 09:05:33,2026-05-22,3,篮球场-1号北半场,12:00-13:00,0,1,可预约,￥75.0,多云,18,15,4,0.0,83,28
2026-05-21 09:20:38,2026-05-22,3,篮球场-1号北半场,12:00-13:00,0,1,可预约,￥75.0,多云,18,16,3,0.0,81,28
2026-05-21 09:30:46,2026-05-22,3,篮球场-1号北半场,12:00-13:00,0,1,可预约,￥75.0,多云,18,16,3,0.0,81,32
2026-05-21 09:40:36,2026-05-22,3,篮球场-1号北半场,12:00-13:00,0,1,可预约,￥75.0,多云,19,17,3,0.0,79,32
2026-05-21 09:50:42,2026-05-22,3,篮球场-1号北半场,12:00-13:00,0,1,可预约,￥75.0,多云,19,17,4,0.0,81,32
2026-05-21 10:00:46,2026-05-22,3,篮球场-1号北半场,12:00-13:00,0,1,可预约,￥75.0,多云,19,17,4,0.0,79,32
2026-05-21 10:10:40,2026-05-22,3,篮球场-1号北半场,12:00-13:00,0,1,可预约,￥75.0,多云,19,17,4,0.0,79,32
2026-05-21 10:20:38,2026-05-22,3,篮球场-1号北半场,12:00-13:00,0,1,可预约,￥75.0,多云,19,17,4,0.0,79,32
2026-05-21 10:30:41,2026-05-22,3,篮球场-1号北半场,12:00-13:00,0,1,可预约,￥75.0,多云,19,18,3,0.0,78,31
2026-05-21 11:00:44,2026-05-22,3,篮球场-1号北半场,12:00-13:00,0,1,可预约,￥75.0,多云,21,17,5,0.0,74,31
2026-05-21 11:30:38,2026-05-22,3,篮球场-1号北半场,12:00-13:00,0,1,可预约,￥75.0,多云,21,19,3,0.0,72,33
2026-05-21 12:00:46,2026-05-22,3,篮球场-1号北半场,12:00-13:00,0,1,可预约,￥75.0,多云,22,19,4,0.0,70,33
2026-05-21 12:30:42,2026-05-22,3,篮球场-1号北半场,12:00-13:00,0,1,可预约,￥75.0,多云,22,21,3,0.0,68,35
2026-05-21 13:00:43,2026-05-22,3,篮球场-1号北半场,12:00-13:00,0,1,可预约,￥75.0,多云,24,22,4,0.0,66,35
2026-05-21 13:30:43,2026-05-22,3,篮球场-1号北半场,12:00-13:00,0,1,可预约,￥75.0,多云,24,22,4,0.0,66,36
2026-05-21 14:00:48,2026-05-22,3,篮球场-1号北半场,12:00-13:00,0,1,可预约,￥75.0,多云,25,23,4,0.0,66,36
2026-05-21 14:30:45,2026-05-22,3,篮球场-1号北半场,12:00-13:00,0,1,可预约,￥75.0,晴,25,25,3,0.0,65,39
2026-05-21 15:00:45,2026-05-22,3,篮球场-1号北半场,12:00-13:00,0,1,可预约,￥75.0,晴,25,22,4,0.0,56,39
2026-05-21 15:30:43,2026-05-22,3,篮球场-1号北半场,12:00-13:00,0,1,可预约,￥75.0,晴,25,23,4,0.0,57,40
2026-05-21 16:00:51,2026-05-22,3,篮球场-1号北半场,12:00-13:00,0,1,可预约,￥75.0,晴,25,23,4,0.0,57,40
2026-05-21 16:30:48,2026-05-22,3,篮球场-1号北半场,12:00-13:00,0,1,可预约,￥75.0,晴,25,24,3,0.0,60,39
2026-05-21 17:00:49,2026-05-22,3,篮球场-1号北半场,12:00-13:00,0,1,可预约,￥75.0,晴,25,24,4,0.0,61,39
2026-05-21 17:30:47,2026-05-22,3,篮球场-1号北半场,12:00-13:00,0,1,可预约,￥75.0,多云,24,23,3,0.0,64,39
2026-05-21 18:00:50,2026-05-22,3,篮球场-1号北半场,12:00-13:00,0,1,可预约,￥75.0,多云,24,23,3,0.0,68,39
2026-05-21 18:30:50,2026-05-22,3,篮球场-1号北半场,12:00-13:00,0,1,可预约,￥75.0,阴,24,25,2,0.0,68,40
2026-05-21 19:00:50,2026-05-22,3,篮球场-1号北半场,12:00-13:00,0,1,可预约,￥75.0,阴,23,23,3,0.0,76,40
2026-05-21 19:30:46,2026-05-22,3,篮球场-1号北半场,12:00-13:00,0,1,可预约,￥75.0,阴,23,24,2,0.0,77,39
2026-05-21 20:00:49,2026-05-22,3,篮球场-1号北半场,12:00-13:00,0,1,可预约,￥75.0,雾,22,23,2,0.0,89,39
2026-05-21 20:30:44,2026-05-22,3,篮球场-1号北半场,12:00-13:00,0,1,可预约,￥75.0,雾,22,24,2,0.0,93,43
2026-05-21 21:00:56,2026-05-22,3,篮球场-1号北半场,12:00-13:00,0,1,可预约,￥75.0,雾,20,21,2,0.0,98,43
2026-05-21 21:30:46,2026-05-22,3,篮球场-1号北半场,12:00-13:00,0,1,可预约,￥75.0,雾,20,22,1,0.0,99,41
2026-05-21 22:01:02,2026-05-22,3,篮球场-1号北半场,12:00-13:00,0,1,可预约,￥75.0,雾,19,20,2,0.0,93,41
2026-05-21 22:30:47,2026-05-22,3,篮球场-1号北半场,12:00-13:00,0,1,可预约,￥75.0,雾,19,19,3,0.0,88,46
2026-05-21 23:00:56,2026-05-22,3,篮球场-1号北半场,12:00-13:00,0,1,可预约,￥75.0,多云,18,17,3,0.0,85,46
2026-05-21 23:30:55,2026-05-22,3,篮球场-1号北半场,12:00-13:00,0,1,可预约,￥75.0,多云,18,17,3,0.0,85,48
2026-05-21 08:00:45,2026-05-22,3,篮球场-1号北半场,14:00-15:00,1,1,已售/已满,教学时间,晴,17,12,5,0.0,86,29
2026-05-21 08:02:30,2026-05-22,3,篮球场-1号北半场,14:00-15:00,1,1,已售/已满,教学时间,多云,17,12,5,0.0,87,29
2026-05-21 08:05:36,2026-05-22,3,篮球场-1号北半场,14:00-15:00,1,1,已售/已满,教学时间,多云,17,12,5,0.0,86,29
2026-05-21 08:08:31,2026-05-22,3,篮球场-1号北半场,14:00-15:00,1,1,已售/已满,教学时间,多云,17,12,5,0.0,86,29
2026-05-21 08:11:30,2026-05-22,3,篮球场-1号北半场,14:00-15:00,1,1,已售/已满,教学时间,多云,17,12,5,0.0,86,29
2026-05-21 08:14:31,2026-05-22,3,篮球场-1号北半场,14:00-15:00,1,1,已售/已满,教学时间,多云,17,12,5,0.0,86,29
2026-05-21 08:17:30,2026-05-22,3,篮球场-1号北半场,14:00-15:00,1,1,已售/已满,教学时间,多云,17,12,5,0.0,86,29
2026-05-21 08:20:35,2026-05-22,3,篮球场-1号北半场,14:00-15:00,1,1,已售/已满,教学时间,多云,17,14,4,0.0,85,29
2026-05-21 08:25:32,2026-05-22,3,篮球场-1号北半场,14:00-15:00,1,1,已售/已满,教学时间,多云,17,14,4,0.0,85,28
2026-05-21 08:30:42,2026-05-22,3,篮球场-1号北半场,14:00-15:00,1,1,已售/已满,教学时间,多云,18,15,4,0.0,84,28
2026-05-21 08:35:31,2026-05-22,3,篮球场-1号北半场,14:00-15:00,1,1,已售/已满,教学时间,多云,18,15,4,0.0,84,28
2026-05-21 08:40:38,2026-05-22,3,篮球场-1号北半场,14:00-15:00,1,1,已售/已满,教学时间,多云,18,15,4,0.0,82,28
2026-05-21 08:45:33,2026-05-22,3,篮球场-1号北半场,14:00-15:00,1,1,已售/已满,教学时间,多云,18,15,4,0.0,82,28
2026-05-21 08:50:36,2026-05-22,3,篮球场-1号北半场,14:00-15:00,1,1,已售/已满,教学时间,多云,18,15,4,0.0,82,28
2026-05-21 08:55:34,2026-05-22,3,篮球场-1号北半场,14:00-15:00,1,1,已售/已满,教学时间,多云,18,15,4,0.0,84,28
2026-05-21 09:00:51,2026-05-22,3,篮球场-1号北半场,14:00-15:00,1,1,已售/已满,教学时间,多云,18,15,4,0.0,84,28
2026-05-21 09:01:59,2026-05-22,3,篮球场-1号北半场,14:00-15:00,1,1,已售/已满,教学时间,多云,18,15,4,0.0,83,28
2026-05-21 09:05:33,2026-05-22,3,篮球场-1号北半场,14:00-15:00,1,1,已售/已满,教学时间,多云,18,15,4,0.0,83,28
2026-05-21 09:20:38,2026-05-22,3,篮球场-1号北半场,14:00-15:00,1,1,已售/已满,教学时间,多云,18,16,3,0.0,81,28
2026-05-21 09:30:46,2026-05-22,3,篮球场-1号北半场,14:00-15:00,1,1,已售/已满,教学时间,多云,18,16,3,0.0,81,32
2026-05-21 09:40:36,2026-05-22,3,篮球场-1号北半场,14:00-15:00,1,1,已售/已满,教学时间,多云,19,17,3,0.0,79,32
2026-05-21 09:50:42,2026-05-22,3,篮球场-1号北半场,14:00-15:00,1,1,已售/已满,教学时间,多云,19,17,4,0.0,81,32
2026-05-21 10:00:46,2026-05-22,3,篮球场-1号北半场,14:00-15:00,1,1,已售/已满,教学时间,多云,19,17,4,0.0,79,32
2026-05-21 10:10:40,2026-05-22,3,篮球场-1号北半场,14:00-15:00,1,1,已售/已满,教学时间,多云,19,17,4,0.0,79,32
2026-05-21 10:20:38,2026-05-22,3,篮球场-1号北半场,14:00-15:00,1,1,已售/已满,教学时间,多云,19,17,4,0.0,79,32
2026-05-21 10:30:41,2026-05-22,3,篮球场-1号北半场,14:00-15:00,1,1,已售/已满,教学时间,多云,19,18,3,0.0,78,31
2026-05-21 11:00:44,2026-05-22,3,篮球场-1号北半场,14:00-15:00,1,1,已售/已满,教学时间,多云,21,17,5,0.0,74,31
2026-05-21 11:30:38,2026-05-22,3,篮球场-1号北半场,14:00-15:00,1,1,已售/已满,教学时间,多云,21,19,3,0.0,72,33
2026-05-21 12:00:46,2026-05-22,3,篮球场-1号北半场,14:00-15:00,1,1,已售/已满,教学时间,多云,22,19,4,0.0,70,33
2026-05-21 12:30:42,2026-05-22,3,篮球场-1号北半场,14:00-15:00,1,1,已售/已满,教学时间,多云,22,21,3,0.0,68,35
2026-05-21 13:00:43,2026-05-22,3,篮球场-1号北半场,14:00-15:00,1,1,已售/已满,教学时间,多云,24,22,4,0.0,66,35
2026-05-21 13:30:43,2026-05-22,3,篮球场-1号北半场,14:00-15:00,1,1,已售/已满,教学时间,多云,24,22,4,0.0,66,36
2026-05-21 14:00:48,2026-05-22,3,篮球场-1号北半场,14:00-15:00,1,1,已售/已满,教学时间,多云,25,23,4,0.0,66,36
2026-05-21 14:30:45,2026-05-22,3,篮球场-1号北半场,14:00-15:00,1,1,已售/已满,教学时间,晴,25,25,3,0.0,65,39
2026-05-21 15:00:45,2026-05-22,3,篮球场-1号北半场,14:00-15:00,1,1,已售/已满,教学时间,晴,25,22,4,0.0,56,39
2026-05-21 15:30:43,2026-05-22,3,篮球场-1号北半场,14:00-15:00,1,1,已售/已满,教学时间,晴,25,23,4,0.0,57,40
2026-05-21 16:00:51,2026-05-22,3,篮球场-1号北半场,14:00-15:00,1,1,已售/已满,教学时间,晴,25,23,4,0.0,57,40
2026-05-21 16:30:48,2026-05-22,3,篮球场-1号北半场,14:00-15:00,1,1,已售/已满,教学时间,晴,25,24,3,0.0,60,39
2026-05-21 17:00:49,2026-05-22,3,篮球场-1号北半场,14:00-15:00,1,1,已售/已满,教学时间,晴,25,24,4,0.0,61,39
2026-05-21 17:30:47,2026-05-22,3,篮球场-1号北半场,14:00-15:00,1,1,已售/已满,教学时间,多云,24,23,3,0.0,64,39
2026-05-21 18:00:50,2026-05-22,3,篮球场-1号北半场,14:00-15:00,1,1,已售/已满,教学时间,多云,24,23,3,0.0,68,39
2026-05-21 18:30:50,2026-05-22,3,篮球场-1号北半场,14:00-15:00,1,1,已售/已满,教学时间,阴,24,25,2,0.0,68,40
2026-05-21 19:00:50,2026-05-22,3,篮球场-1号北半场,14:00-15:00,1,1,已售/已满,教学时间,阴,23,23,3,0.0,76,40
2026-05-21 19:30:46,2026-05-22,3,篮球场-1号北半场,14:00-15:00,1,1,已售/已满,教学时间,阴,23,24,2,0.0,77,39
2026-05-21 20:00:49,2026-05-22,3,篮球场-1号北半场,14:00-15:00,1,1,已售/已满,教学时间,雾,22,23,2,0.0,89,39
2026-05-21 20:30:44,2026-05-22,3,篮球场-1号北半场,14:00-15:00,1,1,已售/已满,教学时间,雾,22,24,2,0.0,93,43
2026-05-21 21:00:56,2026-05-22,3,篮球场-1号北半场,14:00-15:00,1,1,已售/已满,教学时间,雾,20,21,2,0.0,98,43
2026-05-21 21:30:46,2026-05-22,3,篮球场-1号北半场,14:00-15:00,1,1,已售/已满,教学时间,雾,20,22,1,0.0,99,41
2026-05-21 22:01:02,2026-05-22,3,篮球场-1号北半场,14:00-15:00,1,1,已售/已满,教学时间,雾,19,20,2,0.0,93,41
2026-05-21 22:30:47,2026-05-22,3,篮球场-1号北半场,14:00-15:00,1,1,已售/已满,教学时间,雾,19,19,3,0.0,88,46
2026-05-21 23:00:56,2026-05-22,3,篮球场-1号北半场,14:00-15:00,1,1,已售/已满,教学时间,多云,18,17,3,0.0,85,46
2026-05-21 23:30:55,2026-05-22,3,篮球场-1号北半场,14:00-15:00,1,1,已售/已满,教学时间,多云,18,17,3,0.0,85,48
2026-05-21 08:00:45,2026-05-22,3,篮球场-1号北半场,15:00-16:00,1,1,已售/已满,教学时间,晴,17,12,5,0.0,86,29
2026-05-21 08:02:30,2026-05-22,3,篮球场-1号北半场,15:00-16:00,1,1,已售/已满,教学时间,多云,17,12,5,0.0,87,29
2026-05-21 08:05:36,2026-05-22,3,篮球场-1号北半场,15:00-16:00,1,1,已售/已满,教学时间,多云,17,12,5,0.0,86,29
2026-05-21 08:08:31,2026-05-22,3,篮球场-1号北半场,15:00-16:00,1,1,已售/已满,教学时间,多云,17,12,5,0.0,86,29
2026-05-21 08:11:30,2026-05-22,3,篮球场-1号北半场,15:00-16:00,1,1,已售/已满,教学时间,多云,17,12,5,0.0,86,29
2026-05-21 08:14:31,2026-05-22,3,篮球场-1号北半场,15:00-16:00,1,1,已售/已满,教学时间,多云,17,12,5,0.0,86,29
2026-05-21 08:17:30,2026-05-22,3,篮球场-1号北半场,15:00-16:00,1,1,已售/已满,教学时间,多云,17,12,5,0.0,86,29
2026-05-21 08:20:35,2026-05-22,3,篮球场-1号北半场,15:00-16:00,1,1,已售/已满,教学时间,多云,17,14,4,0.0,85,29
2026-05-21 08:25:32,2026-05-22,3,篮球场-1号北半场,15:00-16:00,1,1,已售/已满,教学时间,多云,17,14,4,0.0,85,28
2026-05-21 08:30:42,2026-05-22,3,篮球场-1号北半场,15:00-16:00,1,1,已售/已满,教学时间,多云,18,15,4,0.0,84,28
2026-05-21 08:35:31,2026-05-22,3,篮球场-1号北半场,15:00-16:00,1,1,已售/已满,教学时间,多云,18,15,4,0.0,84,28
2026-05-21 08:40:38,2026-05-22,3,篮球场-1号北半场,15:00-16:00,1,1,已售/已满,教学时间,多云,18,15,4,0.0,82,28
2026-05-21 08:45:33,2026-05-22,3,篮球场-1号北半场,15:00-16:00,1,1,已售/已满,教学时间,多云,18,15,4,0.0,82,28
2026-05-21 08:50:36,2026-05-22,3,篮球场-1号北半场,15:00-16:00,1,1,已售/已满,教学时间,多云,18,15,4,0.0,82,28
2026-05-21 08:55:34,2026-05-22,3,篮球场-1号北半场,15:00-16:00,1,1,已售/已满,教学时间,多云,18,15,4,0.0,84,28
2026-05-21 09:00:51,2026-05-22,3,篮球场-1号北半场,15:00-16:00,1,1,已售/已满,教学时间,多云,18,15,4,0.0,84,28
2026-05-21 09:01:59,2026-05-22,3,篮球场-1号北半场,15:00-16:00,1,1,已售/已满,教学时间,多云,18,15,4,0.0,83,28
2026-05-21 09:05:33,2026-05-22,3,篮球场-1号北半场,15:00-16:00,1,1,已售/已满,教学时间,多云,18,15,4,0.0,83,28
2026-05-21 09:20:38,2026-05-22,3,篮球场-1号北半场,15:00-16:00,1,1,已售/已满,教学时间,多云,18,16,3,0.0,81,28
2026-05-21 09:30:46,2026-05-22,3,篮球场-1号北半场,15:00-16:00,1,1,已售/已满,教学时间,多云,18,16,3,0.0,81,32
2026-05-21 09:40:36,2026-05-22,3,篮球场-1号北半场,15:00-16:00,1,1,已售/已满,教学时间,多云,19,17,3,0.0,79,32
2026-05-21 09:50:42,2026-05-22,3,篮球场-1号北半场,15:00-16:00,1,1,已售/已满,教学时间,多云,19,17,4,0.0,81,32
2026-05-21 10:00:46,2026-05-22,3,篮球场-1号北半场,15:00-16:00,1,1,已售/已满,教学时间,多云,19,17,4,0.0,79,32
2026-05-21 10:10:40,2026-05-22,3,篮球场-1号北半场,15:00-16:00,1,1,已售/已满,教学时间,多云,19,17,4,0.0,79,32
2026-05-21 10:20:38,2026-05-22,3,篮球场-1号北半场,15:00-16:00,1,1,已售/已满,教学时间,多云,19,17,4,0.0,79,32
2026-05-21 10:30:41,2026-05-22,3,篮球场-1号北半场,15:00-16:00,1,1,已售/已满,教学时间,多云,19,18,3,0.0,78,31
2026-05-21 11:00:44,2026-05-22,3,篮球场-1号北半场,15:00-16:00,1,1,已售/已满,教学时间,多云,21,17,5,0.0,74,31
2026-05-21 11:30:38,2026-05-22,3,篮球场-1号北半场,15:00-16:00,1,1,已售/已满,教学时间,多云,21,19,3,0.0,72,33
2026-05-21 12:00:46,2026-05-22,3,篮球场-1号北半场,15:00-16:00,1,1,已售/已满,教学时间,多云,22,19,4,0.0,70,33
2026-05-21 12:30:42,2026-05-22,3,篮球场-1号北半场,15:00-16:00,1,1,已售/已满,教学时间,多云,22,21,3,0.0,68,35
2026-05-21 13:00:43,2026-05-22,3,篮球场-1号北半场,15:00-16:00,1,1,已售/已满,教学时间,多云,24,22,4,0.0,66,35
2026-05-21 13:30:43,2026-05-22,3,篮球场-1号北半场,15:00-16:00,1,1,已售/已满,教学时间,多云,24,22,4,0.0,66,36
2026-05-21 14:00:48,2026-05-22,3,篮球场-1号北半场,15:00-16:00,1,1,已售/已满,教学时间,多云,25,23,4,0.0,66,36
2026-05-21 14:30:45,2026-05-22,3,篮球场-1号北半场,15:00-16:00,1,1,已售/已满,教学时间,晴,25,25,3,0.0,65,39
2026-05-21 15:00:45,2026-05-22,3,篮球场-1号北半场,15:00-16:00,1,1,已售/已满,教学时间,晴,25,22,4,0.0,56,39
2026-05-21 15:30:43,2026-05-22,3,篮球场-1号北半场,15:00-16:00,1,1,已售/已满,教学时间,晴,25,23,4,0.0,57,40
2026-05-21 16:00:51,2026-05-22,3,篮球场-1号北半场,15:00-16:00,1,1,已售/已满,教学时间,晴,25,23,4,0.0,57,40
2026-05-21 16:30:48,2026-05-22,3,篮球场-1号北半场,15:00-16:00,1,1,已售/已满,教学时间,晴,25,24,3,0.0,60,39
2026-05-21 17:00:49,2026-05-22,3,篮球场-1号北半场,15:00-16:00,1,1,已售/已满,教学时间,晴,25,24,4,0.0,61,39
2026-05-21 17:30:47,2026-05-22,3,篮球场-1号北半场,15:00-16:00,1,1,已售/已满,教学时间,多云,24,23,3,0.0,64,39
2026-05-21 18:00:50,2026-05-22,3,篮球场-1号北半场,15:00-16:00,1,1,已售/已满,教学时间,多云,24,23,3,0.0,68,39
2026-05-21 18:30:50,2026-05-22,3,篮球场-1号北半场,15:00-16:00,1,1,已售/已满,教学时间,阴,24,25,2,0.0,68,40
2026-05-21 19:00:50,2026-05-22,3,篮球场-1号北半场,15:00-16:00,1,1,已售/已满,教学时间,阴,23,23,3,0.0,76,40
2026-05-21 19:30:46,2026-05-22,3,篮球场-1号北半场,15:00-16:00,1,1,已售/已满,教学时间,阴,23,24,2,0.0,77,39
2026-05-21 20:00:49,2026-05-22,3,篮球场-1号北半场,15:00-16:00,1,1,已售/已满,教学时间,雾,22,23,2,0.0,89,39
2026-05-21 20:30:44,2026-05-22,3,篮球场-1号北半场,15:00-16:00,1,1,已售/已满,教学时间,雾,22,24,2,0.0,93,43
2026-05-21 21:00:56,2026-05-22,3,篮球场-1号北半场,15:00-16:00,1,1,已售/已满,教学时间,雾,20,21,2,0.0,98,43
2026-05-21 21:30:46,2026-05-22,3,篮球场-1号北半场,15:00-16:00,1,1,已售/已满,教学时间,雾,20,22,1,0.0,99,41
2026-05-21 22:01:02,2026-05-22,3,篮球场-1号北半场,15:00-16:00,1,1,已售/已满,教学时间,雾,19,20,2,0.0,93,41
2026-05-21 22:30:47,2026-05-22,3,篮球场-1号北半场,15:00-16:00,1,1,已售/已满,教学时间,雾,19,19,3,0.0,88,46
2026-05-21 23:00:56,2026-05-22,3,篮球场-1号北半场,15:00-16:00,1,1,已售/已满,教学时间,多云,18,17,3,0.0,85,46
2026-05-21 23:30:55,2026-05-22,3,篮球场-1号北半场,15:00-16:00,1,1,已售/已满,教学时间,多云,18,17,3,0.0,85,48
2026-05-21 08:00:45,2026-05-22,3,篮球场-1号北半场,16:00-17:00,0,1,可预约,￥75.0,晴,17,12,5,0.0,86,29
2026-05-21 08:02:30,2026-05-22,3,篮球场-1号北半场,16:00-17:00,0,1,可预约,￥75.0,多云,17,12,5,0.0,87,29
2026-05-21 08:05:36,2026-05-22,3,篮球场-1号北半场,16:00-17:00,0,1,可预约,￥75.0,多云,17,12,5,0.0,86,29
2026-05-21 08:08:31,2026-05-22,3,篮球场-1号北半场,16:00-17:00,0,1,可预约,￥75.0,多云,17,12,5,0.0,86,29
2026-05-21 08:11:30,2026-05-22,3,篮球场-1号北半场,16:00-17:00,0,1,可预约,￥75.0,多云,17,12,5,0.0,86,29
2026-05-21 08:14:31,2026-05-22,3,篮球场-1号北半场,16:00-17:00,0,1,可预约,￥75.0,多云,17,12,5,0.0,86,29
2026-05-21 08:17:30,2026-05-22,3,篮球场-1号北半场,16:00-17:00,0,1,可预约,￥75.0,多云,17,12,5,0.0,86,29
2026-05-21 08:20:35,2026-05-22,3,篮球场-1号北半场,16:00-17:00,0,1,可预约,￥75.0,多云,17,14,4,0.0,85,29
2026-05-21 08:25:32,2026-05-22,3,篮球场-1号北半场,16:00-17:00,0,1,可预约,￥75.0,多云,17,14,4,0.0,85,28
2026-05-21 08:30:42,2026-05-22,3,篮球场-1号北半场,16:00-17:00,0,1,可预约,￥75.0,多云,18,15,4,0.0,84,28
2026-05-21 08:35:31,2026-05-22,3,篮球场-1号北半场,16:00-17:00,0,1,可预约,￥75.0,多云,18,15,4,0.0,84,28
2026-05-21 08:40:38,2026-05-22,3,篮球场-1号北半场,16:00-17:00,0,1,可预约,￥75.0,多云,18,15,4,0.0,82,28
2026-05-21 08:45:33,2026-05-22,3,篮球场-1号北半场,16:00-17:00,0,1,可预约,￥75.0,多云,18,15,4,0.0,82,28
2026-05-21 08:50:36,2026-05-22,3,篮球场-1号北半场,16:00-17:00,0,1,可预约,￥75.0,多云,18,15,4,0.0,82,28
2026-05-21 08:55:34,2026-05-22,3,篮球场-1号北半场,16:00-17:00,0,1,可预约,￥75.0,多云,18,15,4,0.0,84,28
2026-05-21 09:00:51,2026-05-22,3,篮球场-1号北半场,16:00-17:00,0,1,可预约,￥75.0,多云,18,15,4,0.0,84,28
2026-05-21 09:01:59,2026-05-22,3,篮球场-1号北半场,16:00-17:00,0,1,可预约,￥75.0,多云,18,15,4,0.0,83,28
2026-05-21 09:05:33,2026-05-22,3,篮球场-1号北半场,16:00-17:00,0,1,可预约,￥75.0,多云,18,15,4,0.0,83,28
2026-05-21 09:20:38,2026-05-22,3,篮球场-1号北半场,16:00-17:00,0,1,可预约,￥75.0,多云,18,16,3,0.0,81,28
2026-05-21 09:30:46,2026-05-22,3,篮球场-1号北半场,16:00-17:00,0,1,可预约,￥75.0,多云,18,16,3,0.0,81,32
2026-05-21 09:40:36,2026-05-22,3,篮球场-1号北半场,16:00-17:00,0,1,可预约,￥75.0,多云,19,17,3,0.0,79,32
2026-05-21 09:50:42,2026-05-22,3,篮球场-1号北半场,16:00-17:00,0,1,可预约,￥75.0,多云,19,17,4,0.0,81,32
2026-05-21 10:00:46,2026-05-22,3,篮球场-1号北半场,16:00-17:00,0,1,可预约,￥75.0,多云,19,17,4,0.0,79,32
2026-05-21 10:10:40,2026-05-22,3,篮球场-1号北半场,16:00-17:00,0,1,可预约,￥75.0,多云,19,17,4,0.0,79,32
2026-05-21 10:20:38,2026-05-22,3,篮球场-1号北半场,16:00-17:00,0,1,可预约,￥75.0,多云,19,17,4,0.0,79,32
2026-05-21 10:30:41,2026-05-22,3,篮球场-1号北半场,16:00-17:00,0,1,可预约,￥75.0,多云,19,18,3,0.0,78,31
2026-05-21 11:00:44,2026-05-22,3,篮球场-1号北半场,16:00-17:00,0,1,可预约,￥75.0,多云,21,17,5,0.0,74,31
2026-05-21 11:30:38,2026-05-22,3,篮球场-1号北半场,16:00-17:00,0,1,可预约,￥75.0,多云,21,19,3,0.0,72,33
2026-05-21 12:00:46,2026-05-22,3,篮球场-1号北半场,16:00-17:00,0,1,可预约,￥75.0,多云,22,19,4,0.0,70,33
2026-05-21 12:30:42,2026-05-22,3,篮球场-1号北半场,16:00-17:00,0,1,可预约,￥75.0,多云,22,21,3,0.0,68,35
2026-05-21 13:00:43,2026-05-22,3,篮球场-1号北半场,16:00-17:00,0,1,可预约,￥75.0,多云,24,22,4,0.0,66,35
2026-05-21 13:30:43,2026-05-22,3,篮球场-1号北半场,16:00-17:00,0,1,可预约,￥75.0,多云,24,22,4,0.0,66,36
2026-05-21 14:00:48,2026-05-22,3,篮球场-1号北半场,16:00-17:00,0,1,可预约,￥75.0,多云,25,23,4,0.0,66,36
2026-05-21 14:30:45,2026-05-22,3,篮球场-1号北半场,16:00-17:00,0,1,可预约,￥75.0,晴,25,25,3,0.0,65,39
2026-05-21 15:00:45,2026-05-22,3,篮球场-1号北半场,16:00-17:00,0,1,可预约,￥75.0,晴,25,22,4,0.0,56,39
2026-05-21 15:30:43,2026-05-22,3,篮球场-1号北半场,16:00-17:00,0,1,可预约,￥75.0,晴,25,23,4,0.0,57,40
2026-05-21 16:00:51,2026-05-22,3,篮球场-1号北半场,16:00-17:00,0,1,可预约,￥75.0,晴,25,23,4,0.0,57,40
2026-05-21 16:30:48,2026-05-22,3,篮球场-1号北半场,16:00-17:00,0,1,可预约,￥75.0,晴,25,24,3,0.0,60,39
2026-05-21 17:00:49,2026-05-22,3,篮球场-1号北半场,16:00-17:00,0,1,可预约,￥75.0,晴,25,24,4,0.0,61,39
2026-05-21 17:30:47,2026-05-22,3,篮球场-1号北半场,16:00-17:00,0,1,可预约,￥75.0,多云,24,23,3,0.0,64,39
2026-05-21 18:00:50,2026-05-22,3,篮球场-1号北半场,16:00-17:00,0,1,可预约,￥75.0,多云,24,23,3,0.0,68,39
2026-05-21 18:30:50,2026-05-22,3,篮球场-1号北半场,16:00-17:00,0,1,可预约,￥75.0,阴,24,25,2,0.0,68,40
2026-05-21 19:00:50,2026-05-22,3,篮球场-1号北半场,16:00-17:00,0,1,可预约,￥75.0,阴,23,23,3,0.0,76,40
2026-05-21 19:30:46,2026-05-22,3,篮球场-1号北半场,16:00-17:00,0,1,可预约,￥75.0,阴,23,24,2,0.0,77,39
2026-05-21 20:00:49,2026-05-22,3,篮球场-1号北半场,16:00-17:00,0,1,可预约,￥75.0,雾,22,23,2,0.0,89,39
2026-05-21 20:30:44,2026-05-22,3,篮球场-1号北半场,16:00-17:00,0,1,可预约,￥75.0,雾,22,24,2,0.0,93,43
2026-05-21 21:00:56,2026-05-22,3,篮球场-1号北半场,16:00-17:00,0,1,可预约,￥75.0,雾,20,21,2,0.0,98,43
2026-05-21 21:30:46,2026-05-22,3,篮球场-1号北半场,16:00-17:00,0,1,可预约,￥75.0,雾,20,22,1,0.0,99,41
2026-05-21 22:01:02,2026-05-22,3,篮球场-1号北半场,16:00-17:00,0,1,可预约,￥75.0,雾,19,20,2,0.0,93,41
2026-05-21 22:30:47,2026-05-22,3,篮球场-1号北半场,16:00-17:00,0,1,可预约,￥75.0,雾,19,19,3,0.0,88,46
2026-05-21 23:00:56,2026-05-22,3,篮球场-1号北半场,16:00-17:00,0,1,可预约,￥75.0,多云,18,17,3,0.0,85,46
2026-05-21 23:30:55,2026-05-22,3,篮球场-1号北半场,16:00-17:00,0,1,可预约,￥75.0,多云,18,17,3,0.0,85,48
2026-05-21 08:00:45,2026-05-22,3,篮球场-1号北半场,19:00-20:00,1,1,已售/已满,已售,晴,17,12,5,0.0,86,29
2026-05-21 08:02:30,2026-05-22,3,篮球场-1号北半场,19:00-20:00,1,1,已售/已满,已售,多云,17,12,5,0.0,87,29
2026-05-21 08:05:36,2026-05-22,3,篮球场-1号北半场,19:00-20:00,1,1,已售/已满,已售,多云,17,12,5,0.0,86,29
2026-05-21 08:08:31,2026-05-22,3,篮球场-1号北半场,19:00-20:00,1,1,已售/已满,已售,多云,17,12,5,0.0,86,29
2026-05-21 08:11:30,2026-05-22,3,篮球场-1号北半场,19:00-20:00,1,1,已售/已满,已售,多云,17,12,5,0.0,86,29
2026-05-21 08:14:31,2026-05-22,3,篮球场-1号北半场,19:00-20:00,1,1,已售/已满,已售,多云,17,12,5,0.0,86,29
2026-05-21 08:17:30,2026-05-22,3,篮球场-1号北半场,19:00-20:00,1,1,已售/已满,已售,多云,17,12,5,0.0,86,29
2026-05-21 08:20:35,2026-05-22,3,篮球场-1号北半场,19:00-20:00,1,1,已售/已满,已售,多云,17,14,4,0.0,85,29
2026-05-21 08:25:32,2026-05-22,3,篮球场-1号北半场,19:00-20:00,1,1,已售/已满,已售,多云,17,14,4,0.0,85,28
2026-05-21 08:30:42,2026-05-22,3,篮球场-1号北半场,19:00-20:00,1,1,已售/已满,已售,多云,18,15,4,0.0,84,28
2026-05-21 08:35:31,2026-05-22,3,篮球场-1号北半场,19:00-20:00,1,1,已售/已满,已售,多云,18,15,4,0.0,84,28
2026-05-21 08:40:38,2026-05-22,3,篮球场-1号北半场,19:00-20:00,1,1,已售/已满,已售,多云,18,15,4,0.0,82,28
2026-05-21 08:45:33,2026-05-22,3,篮球场-1号北半场,19:00-20:00,1,1,已售/已满,已售,多云,18,15,4,0.0,82,28
2026-05-21 08:50:36,2026-05-22,3,篮球场-1号北半场,19:00-20:00,1,1,已售/已满,已售,多云,18,15,4,0.0,82,28
2026-05-21 08:55:34,2026-05-22,3,篮球场-1号北半场,19:00-20:00,1,1,已售/已满,已售,多云,18,15,4,0.0,84,28
2026-05-21 09:00:51,2026-05-22,3,篮球场-1号北半场,19:00-20:00,1,1,已售/已满,已售,多云,18,15,4,0.0,84,28
2026-05-21 09:01:59,2026-05-22,3,篮球场-1号北半场,19:00-20:00,1,1,已售/已满,已售,多云,18,15,4,0.0,83,28
2026-05-21 09:05:33,2026-05-22,3,篮球场-1号北半场,19:00-20:00,1,1,已售/已满,已售,多云,18,15,4,0.0,83,28
2026-05-21 09:20:38,2026-05-22,3,篮球场-1号北半场,19:00-20:00,1,1,已售/已满,已售,多云,18,16,3,0.0,81,28
2026-05-21 09:30:46,2026-05-22,3,篮球场-1号北半场,19:00-20:00,1,1,已售/已满,已售,多云,18,16,3,0.0,81,32
2026-05-21 09:40:36,2026-05-22,3,篮球场-1号北半场,19:00-20:00,1,1,已售/已满,已售,多云,19,17,3,0.0,79,32
2026-05-21 09:50:42,2026-05-22,3,篮球场-1号北半场,19:00-20:00,1,1,已售/已满,已售,多云,19,17,4,0.0,81,32
2026-05-21 10:00:46,2026-05-22,3,篮球场-1号北半场,19:00-20:00,1,1,已售/已满,已售,多云,19,17,4,0.0,79,32
2026-05-21 10:10:40,2026-05-22,3,篮球场-1号北半场,19:00-20:00,1,1,已售/已满,已售,多云,19,17,4,0.0,79,32
2026-05-21 10:20:38,2026-05-22,3,篮球场-1号北半场,19:00-20:00,1,1,已售/已满,已售,多云,19,17,4,0.0,79,32
2026-05-21 10:30:41,2026-05-22,3,篮球场-1号北半场,19:00-20:00,1,1,已售/已满,已售,多云,19,18,3,0.0,78,31
2026-05-21 11:00:44,2026-05-22,3,篮球场-1号北半场,19:00-20:00,1,1,已售/已满,已售,多云,21,17,5,0.0,74,31
2026-05-21 11:30:38,2026-05-22,3,篮球场-1号北半场,19:00-20:00,1,1,已售/已满,已售,多云,21,19,3,0.0,72,33
2026-05-21 12:00:46,2026-05-22,3,篮球场-1号北半场,19:00-20:00,1,1,已售/已满,已售,多云,22,19,4,0.0,70,33
2026-05-21 12:30:42,2026-05-22,3,篮球场-1号北半场,19:00-20:00,1,1,已售/已满,已售,多云,22,21,3,0.0,68,35
2026-05-21 13:00:43,2026-05-22,3,篮球场-1号北半场,19:00-20:00,1,1,已售/已满,已售,多云,24,22,4,0.0,66,35
2026-05-21 13:30:43,2026-05-22,3,篮球场-1号北半场,19:00-20:00,1,1,已售/已满,已售,多云,24,22,4,0.0,66,36
2026-05-21 14:00:48,2026-05-22,3,篮球场-1号北半场,19:00-20:00,1,1,已售/已满,已售,多云,25,23,4,0.0,66,36
2026-05-21 14:30:45,2026-05-22,3,篮球场-1号北半场,19:00-20:00,1,1,已售/已满,已售,晴,25,25,3,0.0,65,39
2026-05-21 15:00:45,2026-05-22,3,篮球场-1号北半场,19:00-20:00,1,1,已售/已满,已售,晴,25,22,4,0.0,56,39
2026-05-21 15:30:43,2026-05-22,3,篮球场-1号北半场,19:00-20:00,1,1,已售/已满,已售,晴,25,23,4,0.0,57,40
2026-05-21 16:00:51,2026-05-22,3,篮球场-1号北半场,19:00-20:00,1,1,已售/已满,已售,晴,25,23,4,0.0,57,40
2026-05-21 16:30:48,2026-05-22,3,篮球场-1号北半场,19:00-20:00,1,1,已售/已满,已售,晴,25,24,3,0.0,60,39
2026-05-21 17:00:49,2026-05-22,3,篮球场-1号北半场,19:00-20:00,1,1,已售/已满,已售,晴,25,24,4,0.0,61,39
2026-05-21 17:30:47,2026-05-22,3,篮球场-1号北半场,19:00-20:00,1,1,已售/已满,已售,多云,24,23,3,0.0,64,39
2026-05-21 18:00:50,2026-05-22,3,篮球场-1号北半场,19:00-20:00,1,1,已售/已满,已售,多云,24,23,3,0.0,68,39
2026-05-21 18:30:50,2026-05-22,3,篮球场-1号北半场,19:00-20:00,1,1,已售/已满,已售,阴,24,25,2,0.0,68,40
2026-05-21 19:00:50,2026-05-22,3,篮球场-1号北半场,19:00-20:00,1,1,已售/已满,已售,阴,23,23,3,0.0,76,40
2026-05-21 19:30:46,2026-05-22,3,篮球场-1号北半场,19:00-20:00,1,1,已售/已满,已售,阴,23,24,2,0.0,77,39
2026-05-21 20:00:49,2026-05-22,3,篮球场-1号北半场,19:00-20:00,1,1,已售/已满,已售,雾,22,23,2,0.0,89,39
2026-05-21 20:30:44,2026-05-22,3,篮球场-1号北半场,19:00-20:00,1,1,已售/已满,已售,雾,22,24,2,0.0,93,43
2026-05-21 21:00:56,2026-05-22,3,篮球场-1号北半场,19:00-20:00,1,1,已售/已满,已售,雾,20,21,2,0.0,98,43
2026-05-21 21:30:46,2026-05-22,3,篮球场-1号北半场,19:00-20:00,1,1,已售/已满,已售,雾,20,22,1,0.0,99,41
2026-05-21 22:01:02,2026-05-22,3,篮球场-1号北半场,19:00-20:00,1,1,已售/已满,已售,雾,19,20,2,0.0,93,41
2026-05-21 22:30:47,2026-05-22,3,篮球场-1号北半场,19:00-20:00,1,1,已售/已满,已售,雾,19,19,3,0.0,88,46
2026-05-21 23:00:56,2026-05-22,3,篮球场-1号北半场,19:00-20:00,1,1,已售/已满,已售,多云,18,17,3,0.0,85,46
2026-05-21 23:30:55,2026-05-22,3,篮球场-1号北半场,19:00-20:00,1,1,已售/已满,已售,多云,18,17,3,0.0,85,48
2026-05-21 08:00:45,2026-05-22,3,篮球场-1号北半场,20:30-21:30,1,1,已售/已满,已售,晴,17,12,5,0.0,86,29
2026-05-21 08:02:30,2026-05-22,3,篮球场-1号北半场,20:30-21:30,1,1,已售/已满,已售,多云,17,12,5,0.0,87,29
2026-05-21 08:05:36,2026-05-22,3,篮球场-1号北半场,20:30-21:30,1,1,已售/已满,已售,多云,17,12,5,0.0,86,29
2026-05-21 08:08:31,2026-05-22,3,篮球场-1号北半场,20:30-21:30,1,1,已售/已满,已售,多云,17,12,5,0.0,86,29
2026-05-21 08:11:30,2026-05-22,3,篮球场-1号北半场,20:30-21:30,1,1,已售/已满,已售,多云,17,12,5,0.0,86,29
2026-05-21 08:14:31,2026-05-22,3,篮球场-1号北半场,20:30-21:30,1,1,已售/已满,已售,多云,17,12,5,0.0,86,29
2026-05-21 08:17:30,2026-05-22,3,篮球场-1号北半场,20:30-21:30,1,1,已售/已满,已售,多云,17,12,5,0.0,86,29
2026-05-21 08:20:35,2026-05-22,3,篮球场-1号北半场,20:30-21:30,1,1,已售/已满,已售,多云,17,14,4,0.0,85,29
2026-05-21 08:25:32,2026-05-22,3,篮球场-1号北半场,20:30-21:30,1,1,已售/已满,已售,多云,17,14,4,0.0,85,28
2026-05-21 08:30:42,2026-05-22,3,篮球场-1号北半场,20:30-21:30,1,1,已售/已满,已售,多云,18,15,4,0.0,84,28
2026-05-21 08:35:31,2026-05-22,3,篮球场-1号北半场,20:30-21:30,1,1,已售/已满,已售,多云,18,15,4,0.0,84,28
2026-05-21 08:40:38,2026-05-22,3,篮球场-1号北半场,20:30-21:30,1,1,已售/已满,已售,多云,18,15,4,0.0,82,28
2026-05-21 08:45:33,2026-05-22,3,篮球场-1号北半场,20:30-21:30,1,1,已售/已满,已售,多云,18,15,4,0.0,82,28
2026-05-21 08:50:36,2026-05-22,3,篮球场-1号北半场,20:30-21:30,1,1,已售/已满,已售,多云,18,15,4,0.0,82,28
2026-05-21 08:55:34,2026-05-22,3,篮球场-1号北半场,20:30-21:30,1,1,已售/已满,已售,多云,18,15,4,0.0,84,28
2026-05-21 09:00:51,2026-05-22,3,篮球场-1号北半场,20:30-21:30,1,1,已售/已满,已售,多云,18,15,4,0.0,84,28
2026-05-21 09:01:59,2026-05-22,3,篮球场-1号北半场,20:30-21:30,1,1,已售/已满,已售,多云,18,15,4,0.0,83,28
2026-05-21 09:05:33,2026-05-22,3,篮球场-1号北半场,20:30-21:30,1,1,已售/已满,已售,多云,18,15,4,0.0,83,28
2026-05-21 09:20:38,2026-05-22,3,篮球场-1号北半场,20:30-21:30,1,1,已售/已满,已售,多云,18,16,3,0.0,81,28
2026-05-21 09:30:46,2026-05-22,3,篮球场-1号北半场,20:30-21:30,1,1,已售/已满,已售,多云,18,16,3,0.0,81,32
2026-05-21 09:40:36,2026-05-22,3,篮球场-1号北半场,20:30-21:30,1,1,已售/已满,已售,多云,19,17,3,0.0,79,32
2026-05-21 09:50:42,2026-05-22,3,篮球场-1号北半场,20:30-21:30,1,1,已售/已满,已售,多云,19,17,4,0.0,81,32
2026-05-21 10:00:46,2026-05-22,3,篮球场-1号北半场,20:30-21:30,1,1,已售/已满,已售,多云,19,17,4,0.0,79,32
2026-05-21 10:10:40,2026-05-22,3,篮球场-1号北半场,20:30-21:30,1,1,已售/已满,已售,多云,19,17,4,0.0,79,32
2026-05-21 10:20:38,2026-05-22,3,篮球场-1号北半场,20:30-21:30,1,1,已售/已满,已售,多云,19,17,4,0.0,79,32
2026-05-21 10:30:41,2026-05-22,3,篮球场-1号北半场,20:30-21:30,1,1,已售/已满,已售,多云,19,18,3,0.0,78,31
2026-05-21 11:00:44,2026-05-22,3,篮球场-1号北半场,20:30-21:30,1,1,已售/已满,已售,多云,21,17,5,0.0,74,31
2026-05-21 11:30:38,2026-05-22,3,篮球场-1号北半场,20:30-21:30,1,1,已售/已满,已售,多云,21,19,3,0.0,72,33
2026-05-21 12:00:46,2026-05-22,3,篮球场-1号北半场,20:30-21:30,1,1,已售/已满,已售,多云,22,19,4,0.0,70,33
2026-05-21 12:30:42,2026-05-22,3,篮球场-1号北半场,20:30-21:30,1,1,已售/已满,已售,多云,22,21,3,0.0,68,35
2026-05-21 13:00:43,2026-05-22,3,篮球场-1号北半场,20:30-21:30,1,1,已售/已满,已售,多云,24,22,4,0.0,66,35
2026-05-21 13:30:43,2026-05-22,3,篮球场-1号北半场,20:30-21:30,1,1,已售/已满,已售,多云,24,22,4,0.0,66,36
2026-05-21 14:00:48,2026-05-22,3,篮球场-1号北半场,20:30-21:30,1,1,已售/已满,已售,多云,25,23,4,0.0,66,36
2026-05-21 14:30:45,2026-05-22,3,篮球场-1号北半场,20:30-21:30,1,1,已售/已满,已售,晴,25,25,3,0.0,65,39
2026-05-21 15:00:45,2026-05-22,3,篮球场-1号北半场,20:30-21:30,1,1,已售/已满,已售,晴,25,22,4,0.0,56,39
2026-05-21 15:30:43,2026-05-22,3,篮球场-1号北半场,20:30-21:30,1,1,已售/已满,已售,晴,25,23,4,0.0,57,40
2026-05-21 16:00:51,2026-05-22,3,篮球场-1号北半场,20:30-21:30,1,1,已售/已满,已售,晴,25,23,4,0.0,57,40
2026-05-21 16:30:48,2026-05-22,3,篮球场-1号北半场,20:30-21:30,1,1,已售/已满,已售,晴,25,24,3,0.0,60,39
2026-05-21 17:00:49,2026-05-22,3,篮球场-1号北半场,20:30-21:30,1,1,已售/已满,已售,晴,25,24,4,0.0,61,39
2026-05-21 17:30:47,2026-05-22,3,篮球场-1号北半场,20:30-21:30,1,1,已售/已满,已售,多云,24,23,3,0.0,64,39
2026-05-21 18:00:50,2026-05-22,3,篮球场-1号北半场,20:30-21:30,1,1,已售/已满,已售,多云,24,23,3,0.0,68,39
2026-05-21 18:30:50,2026-05-22,3,篮球场-1号北半场,20:30-21:30,1,1,已售/已满,已售,阴,24,25,2,0.0,68,40
2026-05-21 19:00:50,2026-05-22,3,篮球场-1号北半场,20:30-21:30,1,1,已售/已满,已售,阴,23,23,3,0.0,76,40
2026-05-21 19:30:46,2026-05-22,3,篮球场-1号北半场,20:30-21:30,1,1,已售/已满,已售,阴,23,24,2,0.0,77,39
2026-05-21 20:00:49,2026-05-22,3,篮球场-1号北半场,20:30-21:30,1,1,已售/已满,已售,雾,22,23,2,0.0,89,39
2026-05-21 20:30:44,2026-05-22,3,篮球场-1号北半场,20:30-21:30,1,1,已售/已满,已售,雾,22,24,2,0.0,93,43
2026-05-21 21:00:56,2026-05-22,3,篮球场-1号北半场,20:30-21:30,1,1,已售/已满,已售,雾,20,21,2,0.0,98,43
2026-05-21 21:30:46,2026-05-22,3,篮球场-1号北半场,20:30-21:30,1,1,已售/已满,已售,雾,20,22,1,0.0,99,41
2026-05-21 22:01:02,2026-05-22,3,篮球场-1号北半场,20:30-21:30,1,1,已售/已满,已售,雾,19,20,2,0.0,93,41
2026-05-21 22:30:47,2026-05-22,3,篮球场-1号北半场,20:30-21:30,1,1,已售/已满,已售,雾,19,19,3,0.0,88,46
2026-05-21 23:00:56,2026-05-22,3,篮球场-1号北半场,20:30-21:30,1,1,已售/已满,已售,多云,18,17,3,0.0,85,46
2026-05-21 23:30:55,2026-05-22,3,篮球场-1号北半场,20:30-21:30,1,1,已售/已满,已售,多云,18,17,3,0.0,85,48
2026-05-21 08:00:45,2026-05-22,3,篮球场-1号南半场,09:00-10:00,0,1,可预约,￥75.0,晴,17,12,5,0.0,86,29
2026-05-21 08:02:30,2026-05-22,3,篮球场-1号南半场,09:00-10:00,0,1,可预约,￥75.0,多云,17,12,5,0.0,87,29
2026-05-21 08:05:36,2026-05-22,3,篮球场-1号南半场,09:00-10:00,0,1,可预约,￥75.0,多云,17,12,5,0.0,86,29
2026-05-21 08:08:31,2026-05-22,3,篮球场-1号南半场,09:00-10:00,0,1,可预约,￥75.0,多云,17,12,5,0.0,86,29
2026-05-21 08:11:30,2026-05-22,3,篮球场-1号南半场,09:00-10:00,0,1,可预约,￥75.0,多云,17,12,5,0.0,86,29
2026-05-21 08:14:31,2026-05-22,3,篮球场-1号南半场,09:00-10:00,0,1,可预约,￥75.0,多云,17,12,5,0.0,86,29
2026-05-21 08:17:30,2026-05-22,3,篮球场-1号南半场,09:00-10:00,0,1,可预约,￥75.0,多云,17,12,5,0.0,86,29
2026-05-21 08:20:35,2026-05-22,3,篮球场-1号南半场,09:00-10:00,0,1,可预约,￥75.0,多云,17,14,4,0.0,85,29
2026-05-21 08:25:32,2026-05-22,3,篮球场-1号南半场,09:00-10:00,0,1,可预约,￥75.0,多云,17,14,4,0.0,85,28
2026-05-21 08:30:42,2026-05-22,3,篮球场-1号南半场,09:00-10:00,0,1,可预约,￥75.0,多云,18,15,4,0.0,84,28
2026-05-21 08:35:31,2026-05-22,3,篮球场-1号南半场,09:00-10:00,0,1,可预约,￥75.0,多云,18,15,4,0.0,84,28
2026-05-21 08:40:38,2026-05-22,3,篮球场-1号南半场,09:00-10:00,0,1,可预约,￥75.0,多云,18,15,4,0.0,82,28
2026-05-21 08:45:33,2026-05-22,3,篮球场-1号南半场,09:00-10:00,0,1,可预约,￥75.0,多云,18,15,4,0.0,82,28
2026-05-21 08:50:36,2026-05-22,3,篮球场-1号南半场,09:00-10:00,0,1,可预约,￥75.0,多云,18,15,4,0.0,82,28
2026-05-21 08:55:34,2026-05-22,3,篮球场-1号南半场,09:00-10:00,0,1,可预约,￥75.0,多云,18,15,4,0.0,84,28
2026-05-21 09:00:51,2026-05-22,3,篮球场-1号南半场,09:00-10:00,0,1,可预约,￥75.0,多云,18,15,4,0.0,84,28
2026-05-21 09:01:59,2026-05-22,3,篮球场-1号南半场,09:00-10:00,0,1,可预约,￥75.0,多云,18,15,4,0.0,83,28
2026-05-21 09:05:33,2026-05-22,3,篮球场-1号南半场,09:00-10:00,0,1,可预约,￥75.0,多云,18,15,4,0.0,83,28
2026-05-21 09:20:38,2026-05-22,3,篮球场-1号南半场,09:00-10:00,0,1,可预约,￥75.0,多云,18,16,3,0.0,81,28
2026-05-21 09:30:46,2026-05-22,3,篮球场-1号南半场,09:00-10:00,0,1,可预约,￥75.0,多云,18,16,3,0.0,81,32
2026-05-21 09:40:36,2026-05-22,3,篮球场-1号南半场,09:00-10:00,0,1,可预约,￥75.0,多云,19,17,3,0.0,79,32
2026-05-21 09:50:42,2026-05-22,3,篮球场-1号南半场,09:00-10:00,0,1,可预约,￥75.0,多云,19,17,4,0.0,81,32
2026-05-21 10:00:46,2026-05-22,3,篮球场-1号南半场,09:00-10:00,0,1,可预约,￥75.0,多云,19,17,4,0.0,79,32
2026-05-21 10:10:40,2026-05-22,3,篮球场-1号南半场,09:00-10:00,0,1,可预约,￥75.0,多云,19,17,4,0.0,79,32
2026-05-21 10:20:38,2026-05-22,3,篮球场-1号南半场,09:00-10:00,0,1,可预约,￥75.0,多云,19,17,4,0.0,79,32
2026-05-21 10:30:41,2026-05-22,3,篮球场-1号南半场,09:00-10:00,0,1,可预约,￥75.0,多云,19,18,3,0.0,78,31
2026-05-21 11:00:44,2026-05-22,3,篮球场-1号南半场,09:00-10:00,0,1,可预约,￥75.0,多云,21,17,5,0.0,74,31
2026-05-21 11:30:38,2026-05-22,3,篮球场-1号南半场,09:00-10:00,0,1,可预约,￥75.0,多云,21,19,3,0.0,72,33
2026-05-21 12:00:46,2026-05-22,3,篮球场-1号南半场,09:00-10:00,0,1,可预约,￥75.0,多云,22,19,4,0.0,70,33
2026-05-21 12:30:42,2026-05-22,3,篮球场-1号南半场,09:00-10:00,0,1,可预约,￥75.0,多云,22,21,3,0.0,68,35
2026-05-21 13:00:43,2026-05-22,3,篮球场-1号南半场,09:00-10:00,0,1,可预约,￥75.0,多云,24,22,4,0.0,66,35
2026-05-21 13:30:43,2026-05-22,3,篮球场-1号南半场,09:00-10:00,0,1,可预约,￥75.0,多云,24,22,4,0.0,66,36
2026-05-21 14:00:48,2026-05-22,3,篮球场-1号南半场,09:00-10:00,0,1,可预约,￥75.0,多云,25,23,4,0.0,66,36
2026-05-21 14:30:45,2026-05-22,3,篮球场-1号南半场,09:00-10:00,0,1,可预约,￥75.0,晴,25,25,3,0.0,65,39
2026-05-21 15:00:45,2026-05-22,3,篮球场-1号南半场,09:00-10:00,0,1,可预约,￥75.0,晴,25,22,4,0.0,56,39
2026-05-21 15:30:43,2026-05-22,3,篮球场-1号南半场,09:00-10:00,0,1,可预约,￥75.0,晴,25,23,4,0.0,57,40
2026-05-21 16:00:51,2026-05-22,3,篮球场-1号南半场,09:00-10:00,0,1,可预约,￥75.0,晴,25,23,4,0.0,57,40
2026-05-21 16:30:48,2026-05-22,3,篮球场-1号南半场,09:00-10:00,0,1,可预约,￥75.0,晴,25,24,3,0.0,60,39
2026-05-21 17:00:49,2026-05-22,3,篮球场-1号南半场,09:00-10:00,0,1,可预约,￥75.0,晴,25,24,4,0.0,61,39
2026-05-21 17:30:47,2026-05-22,3,篮球场-1号南半场,09:00-10:00,0,1,可预约,￥75.0,多云,24,23,3,0.0,64,39
2026-05-21 18:00:50,2026-05-22,3,篮球场-1号南半场,09:00-10:00,0,1,可预约,￥75.0,多云,24,23,3,0.0,68,39
2026-05-21 18:30:50,2026-05-22,3,篮球场-1号南半场,09:00-10:00,0,1,可预约,￥75.0,阴,24,25,2,0.0,68,40
2026-05-21 19:00:50,2026-05-22,3,篮球场-1号南半场,09:00-10:00,0,1,可预约,￥75.0,阴,23,23,3,0.0,76,40
2026-05-21 19:30:46,2026-05-22,3,篮球场-1号南半场,09:00-10:00,0,1,可预约,￥75.0,阴,23,24,2,0.0,77,39
2026-05-21 20:00:49,2026-05-22,3,篮球场-1号南半场,09:00-10:00,0,1,可预约,￥75.0,雾,22,23,2,0.0,89,39
2026-05-21 20:30:44,2026-05-22,3,篮球场-1号南半场,09:00-10:00,0,1,可预约,￥75.0,雾,22,24,2,0.0,93,43
2026-05-21 21:00:56,2026-05-22,3,篮球场-1号南半场,09:00-10:00,0,1,可预约,￥75.0,雾,20,21,2,0.0,98,43
2026-05-21 21:30:46,2026-05-22,3,篮球场-1号南半场,09:00-10:00,0,1,可预约,￥75.0,雾,20,22,1,0.0,99,41
2026-05-21 22:01:02,2026-05-22,3,篮球场-1号南半场,09:00-10:00,0,1,可预约,￥75.0,雾,19,20,2,0.0,93,41
2026-05-21 22:30:47,2026-05-22,3,篮球场-1号南半场,09:00-10:00,0,1,可预约,￥75.0,雾,19,19,3,0.0,88,46
2026-05-21 23:00:56,2026-05-22,3,篮球场-1号南半场,09:00-10:00,0,1,可预约,￥75.0,多云,18,17,3,0.0,85,46
2026-05-21 23:30:55,2026-05-22,3,篮球场-1号南半场,09:00-10:00,0,1,可预约,￥75.0,多云,18,17,3,0.0,85,48
2026-05-21 08:00:45,2026-05-22,3,篮球场-1号南半场,10:30-11:30,1,1,已售/已满,教学时间,晴,17,12,5,0.0,86,29
2026-05-21 08:02:30,2026-05-22,3,篮球场-1号南半场,10:30-11:30,1,1,已售/已满,教学时间,多云,17,12,5,0.0,87,29
2026-05-21 08:05:36,2026-05-22,3,篮球场-1号南半场,10:30-11:30,1,1,已售/已满,教学时间,多云,17,12,5,0.0,86,29
2026-05-21 08:08:31,2026-05-22,3,篮球场-1号南半场,10:30-11:30,1,1,已售/已满,教学时间,多云,17,12,5,0.0,86,29
2026-05-21 08:11:30,2026-05-22,3,篮球场-1号南半场,10:30-11:30,1,1,已售/已满,教学时间,多云,17,12,5,0.0,86,29
2026-05-21 08:14:31,2026-05-22,3,篮球场-1号南半场,10:30-11:30,1,1,已售/已满,教学时间,多云,17,12,5,0.0,86,29
2026-05-21 08:17:30,2026-05-22,3,篮球场-1号南半场,10:30-11:30,1,1,已售/已满,教学时间,多云,17,12,5,0.0,86,29
2026-05-21 08:20:35,2026-05-22,3,篮球场-1号南半场,10:30-11:30,1,1,已售/已满,教学时间,多云,17,14,4,0.0,85,29
2026-05-21 08:25:32,2026-05-22,3,篮球场-1号南半场,10:30-11:30,1,1,已售/已满,教学时间,多云,17,14,4,0.0,85,28
2026-05-21 08:30:42,2026-05-22,3,篮球场-1号南半场,10:30-11:30,1,1,已售/已满,教学时间,多云,18,15,4,0.0,84,28
2026-05-21 08:35:31,2026-05-22,3,篮球场-1号南半场,10:30-11:30,1,1,已售/已满,教学时间,多云,18,15,4,0.0,84,28
2026-05-21 08:40:38,2026-05-22,3,篮球场-1号南半场,10:30-11:30,1,1,已售/已满,教学时间,多云,18,15,4,0.0,82,28
2026-05-21 08:45:33,2026-05-22,3,篮球场-1号南半场,10:30-11:30,1,1,已售/已满,教学时间,多云,18,15,4,0.0,82,28
2026-05-21 08:50:36,2026-05-22,3,篮球场-1号南半场,10:30-11:30,1,1,已售/已满,教学时间,多云,18,15,4,0.0,82,28
2026-05-21 08:55:34,2026-05-22,3,篮球场-1号南半场,10:30-11:30,1,1,已售/已满,教学时间,多云,18,15,4,0.0,84,28
2026-05-21 09:00:51,2026-05-22,3,篮球场-1号南半场,10:30-11:30,1,1,已售/已满,教学时间,多云,18,15,4,0.0,84,28
2026-05-21 09:01:59,2026-05-22,3,篮球场-1号南半场,10:30-11:30,1,1,已售/已满,教学时间,多云,18,15,4,0.0,83,28
2026-05-21 09:05:33,2026-05-22,3,篮球场-1号南半场,10:30-11:30,1,1,已售/已满,教学时间,多云,18,15,4,0.0,83,28
2026-05-21 09:20:38,2026-05-22,3,篮球场-1号南半场,10:30-11:30,1,1,已售/已满,教学时间,多云,18,16,3,0.0,81,28
2026-05-21 09:30:46,2026-05-22,3,篮球场-1号南半场,10:30-11:30,1,1,已售/已满,教学时间,多云,18,16,3,0.0,81,32
2026-05-21 09:40:36,2026-05-22,3,篮球场-1号南半场,10:30-11:30,1,1,已售/已满,教学时间,多云,19,17,3,0.0,79,32
2026-05-21 09:50:42,2026-05-22,3,篮球场-1号南半场,10:30-11:30,1,1,已售/已满,教学时间,多云,19,17,4,0.0,81,32
2026-05-21 10:00:46,2026-05-22,3,篮球场-1号南半场,10:30-11:30,1,1,已售/已满,教学时间,多云,19,17,4,0.0,79,32
2026-05-21 10:10:40,2026-05-22,3,篮球场-1号南半场,10:30-11:30,1,1,已售/已满,教学时间,多云,19,17,4,0.0,79,32
2026-05-21 10:20:38,2026-05-22,3,篮球场-1号南半场,10:30-11:30,1,1,已售/已满,教学时间,多云,19,17,4,0.0,79,32
2026-05-21 10:30:41,2026-05-22,3,篮球场-1号南半场,10:30-11:30,1,1,已售/已满,教学时间,多云,19,18,3,0.0,78,31
2026-05-21 11:00:44,2026-05-22,3,篮球场-1号南半场,10:30-11:30,1,1,已售/已满,教学时间,多云,21,17,5,0.0,74,31
2026-05-21 11:30:38,2026-05-22,3,篮球场-1号南半场,10:30-11:30,1,1,已售/已满,教学时间,多云,21,19,3,0.0,72,33
2026-05-21 12:00:46,2026-05-22,3,篮球场-1号南半场,10:30-11:30,1,1,已售/已满,教学时间,多云,22,19,4,0.0,70,33
2026-05-21 12:30:42,2026-05-22,3,篮球场-1号南半场,10:30-11:30,1,1,已售/已满,教学时间,多云,22,21,3,0.0,68,35
2026-05-21 13:00:43,2026-05-22,3,篮球场-1号南半场,10:30-11:30,1,1,已售/已满,教学时间,多云,24,22,4,0.0,66,35
2026-05-21 13:30:43,2026-05-22,3,篮球场-1号南半场,10:30-11:30,1,1,已售/已满,教学时间,多云,24,22,4,0.0,66,36
2026-05-21 14:00:48,2026-05-22,3,篮球场-1号南半场,10:30-11:30,1,1,已售/已满,教学时间,多云,25,23,4,0.0,66,36
2026-05-21 14:30:45,2026-05-22,3,篮球场-1号南半场,10:30-11:30,1,1,已售/已满,教学时间,晴,25,25,3,0.0,65,39
2026-05-21 15:00:45,2026-05-22,3,篮球场-1号南半场,10:30-11:30,1,1,已售/已满,教学时间,晴,25,22,4,0.0,56,39
2026-05-21 15:30:43,2026-05-22,3,篮球场-1号南半场,10:30-11:30,1,1,已售/已满,教学时间,晴,25,23,4,0.0,57,40
2026-05-21 16:00:51,2026-05-22,3,篮球场-1号南半场,10:30-11:30,1,1,已售/已满,教学时间,晴,25,23,4,0.0,57,40
2026-05-21 16:30:48,2026-05-22,3,篮球场-1号南半场,10:30-11:30,1,1,已售/已满,教学时间,晴,25,24,3,0.0,60,39
2026-05-21 17:00:49,2026-05-22,3,篮球场-1号南半场,10:30-11:30,1,1,已售/已满,教学时间,晴,25,24,4,0.0,61,39
2026-05-21 17:30:47,2026-05-22,3,篮球场-1号南半场,10:30-11:30,1,1,已售/已满,教学时间,多云,24,23,3,0.0,64,39
2026-05-21 18:00:50,2026-05-22,3,篮球场-1号南半场,10:30-11:30,1,1,已售/已满,教学时间,多云,24,23,3,0.0,68,39
2026-05-21 18:30:50,2026-05-22,3,篮球场-1号南半场,10:30-11:30,1,1,已售/已满,教学时间,阴,24,25,2,0.0,68,40
2026-05-21 19:00:50,2026-05-22,3,篮球场-1号南半场,10:30-11:30,1,1,已售/已满,教学时间,阴,23,23,3,0.0,76,40
2026-05-21 19:30:46,2026-05-22,3,篮球场-1号南半场,10:30-11:30,1,1,已售/已满,教学时间,阴,23,24,2,0.0,77,39
2026-05-21 20:00:49,2026-05-22,3,篮球场-1号南半场,10:30-11:30,1,1,已售/已满,教学时间,雾,22,23,2,0.0,89,39
2026-05-21 20:30:44,2026-05-22,3,篮球场-1号南半场,10:30-11:30,1,1,已售/已满,教学时间,雾,22,24,2,0.0,93,43
2026-05-21 21:00:56,2026-05-22,3,篮球场-1号南半场,10:30-11:30,1,1,已售/已满,教学时间,雾,20,21,2,0.0,98,43
2026-05-21 21:30:46,2026-05-22,3,篮球场-1号南半场,10:30-11:30,1,1,已售/已满,教学时间,雾,20,22,1,0.0,99,41
2026-05-21 22:01:02,2026-05-22,3,篮球场-1号南半场,10:30-11:30,1,1,已售/已满,教学时间,雾,19,20,2,0.0,93,41
2026-05-21 22:30:47,2026-05-22,3,篮球场-1号南半场,10:30-11:30,1,1,已售/已满,教学时间,雾,19,19,3,0.0,88,46
2026-05-21 23:00:56,2026-05-22,3,篮球场-1号南半场,10:30-11:30,1,1,已售/已满,教学时间,多云,18,17,3,0.0,85,46
2026-05-21 23:30:55,2026-05-22,3,篮球场-1号南半场,10:30-11:30,1,1,已售/已满,教学时间,多云,18,17,3,0.0,85,48
2026-05-21 08:00:45,2026-05-22,3,篮球场-1号南半场,12:00-13:00,0,1,可预约,￥75.0,晴,17,12,5,0.0,86,29
2026-05-21 08:02:30,2026-05-22,3,篮球场-1号南半场,12:00-13:00,0,1,可预约,￥75.0,多云,17,12,5,0.0,87,29
2026-05-21 08:05:36,2026-05-22,3,篮球场-1号南半场,12:00-13:00,0,1,可预约,￥75.0,多云,17,12,5,0.0,86,29
2026-05-21 08:08:31,2026-05-22,3,篮球场-1号南半场,12:00-13:00,0,1,可预约,￥75.0,多云,17,12,5,0.0,86,29
2026-05-21 08:11:30,2026-05-22,3,篮球场-1号南半场,12:00-13:00,0,1,可预约,￥75.0,多云,17,12,5,0.0,86,29
2026-05-21 08:14:31,2026-05-22,3,篮球场-1号南半场,12:00-13:00,0,1,可预约,￥75.0,多云,17,12,5,0.0,86,29
2026-05-21 08:17:30,2026-05-22,3,篮球场-1号南半场,12:00-13:00,0,1,可预约,￥75.0,多云,17,12,5,0.0,86,29
2026-05-21 08:20:35,2026-05-22,3,篮球场-1号南半场,12:00-13:00,0,1,可预约,￥75.0,多云,17,14,4,0.0,85,29
2026-05-21 08:25:32,2026-05-22,3,篮球场-1号南半场,12:00-13:00,0,1,可预约,￥75.0,多云,17,14,4,0.0,85,28
2026-05-21 08:30:42,2026-05-22,3,篮球场-1号南半场,12:00-13:00,0,1,可预约,￥75.0,多云,18,15,4,0.0,84,28
2026-05-21 08:35:31,2026-05-22,3,篮球场-1号南半场,12:00-13:00,0,1,可预约,￥75.0,多云,18,15,4,0.0,84,28
2026-05-21 08:40:38,2026-05-22,3,篮球场-1号南半场,12:00-13:00,0,1,可预约,￥75.0,多云,18,15,4,0.0,82,28
2026-05-21 08:45:33,2026-05-22,3,篮球场-1号南半场,12:00-13:00,0,1,可预约,￥75.0,多云,18,15,4,0.0,82,28
2026-05-21 08:50:36,2026-05-22,3,篮球场-1号南半场,12:00-13:00,0,1,可预约,￥75.0,多云,18,15,4,0.0,82,28
2026-05-21 08:55:34,2026-05-22,3,篮球场-1号南半场,12:00-13:00,0,1,可预约,￥75.0,多云,18,15,4,0.0,84,28
2026-05-21 09:00:51,2026-05-22,3,篮球场-1号南半场,12:00-13:00,0,1,可预约,￥75.0,多云,18,15,4,0.0,84,28
2026-05-21 09:01:59,2026-05-22,3,篮球场-1号南半场,12:00-13:00,0,1,可预约,￥75.0,多云,18,15,4,0.0,83,28
2026-05-21 09:05:33,2026-05-22,3,篮球场-1号南半场,12:00-13:00,0,1,可预约,￥75.0,多云,18,15,4,0.0,83,28
2026-05-21 09:20:38,2026-05-22,3,篮球场-1号南半场,12:00-13:00,0,1,可预约,￥75.0,多云,18,16,3,0.0,81,28
2026-05-21 09:30:46,2026-05-22,3,篮球场-1号南半场,12:00-13:00,0,1,可预约,￥75.0,多云,18,16,3,0.0,81,32
2026-05-21 09:40:36,2026-05-22,3,篮球场-1号南半场,12:00-13:00,0,1,可预约,￥75.0,多云,19,17,3,0.0,79,32
2026-05-21 09:50:42,2026-05-22,3,篮球场-1号南半场,12:00-13:00,0,1,可预约,￥75.0,多云,19,17,4,0.0,81,32
2026-05-21 10:00:46,2026-05-22,3,篮球场-1号南半场,12:00-13:00,0,1,可预约,￥75.0,多云,19,17,4,0.0,79,32
2026-05-21 10:10:40,2026-05-22,3,篮球场-1号南半场,12:00-13:00,0,1,可预约,￥75.0,多云,19,17,4,0.0,79,32
2026-05-21 10:20:38,2026-05-22,3,篮球场-1号南半场,12:00-13:00,0,1,可预约,￥75.0,多云,19,17,4,0.0,79,32
2026-05-21 10:30:41,2026-05-22,3,篮球场-1号南半场,12:00-13:00,0,1,可预约,￥75.0,多云,19,18,3,0.0,78,31
2026-05-21 11:00:44,2026-05-22,3,篮球场-1号南半场,12:00-13:00,0,1,可预约,￥75.0,多云,21,17,5,0.0,74,31
2026-05-21 11:30:38,2026-05-22,3,篮球场-1号南半场,12:00-13:00,0,1,可预约,￥75.0,多云,21,19,3,0.0,72,33
2026-05-21 12:00:46,2026-05-22,3,篮球场-1号南半场,12:00-13:00,0,1,可预约,￥75.0,多云,22,19,4,0.0,70,33
2026-05-21 12:30:42,2026-05-22,3,篮球场-1号南半场,12:00-13:00,0,1,可预约,￥75.0,多云,22,21,3,0.0,68,35
2026-05-21 13:00:43,2026-05-22,3,篮球场-1号南半场,12:00-13:00,0,1,可预约,￥75.0,多云,24,22,4,0.0,66,35
2026-05-21 13:30:43,2026-05-22,3,篮球场-1号南半场,12:00-13:00,0,1,可预约,￥75.0,多云,24,22,4,0.0,66,36
2026-05-21 14:00:48,2026-05-22,3,篮球场-1号南半场,12:00-13:00,0,1,可预约,￥75.0,多云,25,23,4,0.0,66,36
2026-05-21 14:30:45,2026-05-22,3,篮球场-1号南半场,12:00-13:00,0,1,可预约,￥75.0,晴,25,25,3,0.0,65,39
2026-05-21 15:00:45,2026-05-22,3,篮球场-1号南半场,12:00-13:00,0,1,可预约,￥75.0,晴,25,22,4,0.0,56,39
2026-05-21 15:30:43,2026-05-22,3,篮球场-1号南半场,12:00-13:00,0,1,可预约,￥75.0,晴,25,23,4,0.0,57,40
2026-05-21 16:00:51,2026-05-22,3,篮球场-1号南半场,12:00-13:00,0,1,可预约,￥75.0,晴,25,23,4,0.0,57,40
2026-05-21 16:30:48,2026-05-22,3,篮球场-1号南半场,12:00-13:00,0,1,可预约,￥75.0,晴,25,24,3,0.0,60,39
2026-05-21 17:00:49,2026-05-22,3,篮球场-1号南半场,12:00-13:00,0,1,可预约,￥75.0,晴,25,24,4,0.0,61,39
2026-05-21 17:30:47,2026-05-22,3,篮球场-1号南半场,12:00-13:00,0,1,可预约,￥75.0,多云,24,23,3,0.0,64,39
2026-05-21 18:00:50,2026-05-22,3,篮球场-1号南半场,12:00-13:00,0,1,可预约,￥75.0,多云,24,23,3,0.0,68,39
2026-05-21 18:30:50,2026-05-22,3,篮球场-1号南半场,12:00-13:00,0,1,可预约,￥75.0,阴,24,25,2,0.0,68,40
2026-05-21 19:00:50,2026-05-22,3,篮球场-1号南半场,12:00-13:00,0,1,可预约,￥75.0,阴,23,23,3,0.0,76,40
2026-05-21 19:30:46,2026-05-22,3,篮球场-1号南半场,12:00-13:00,0,1,可预约,￥75.0,阴,23,24,2,0.0,77,39
2026-05-21 20:00:49,2026-05-22,3,篮球场-1号南半场,12:00-13:00,0,1,可预约,￥75.0,雾,22,23,2,0.0,89,39
2026-05-21 20:30:44,2026-05-22,3,篮球场-1号南半场,12:00-13:00,0,1,可预约,￥75.0,雾,22,24,2,0.0,93,43
2026-05-21 21:00:56,2026-05-22,3,篮球场-1号南半场,12:00-13:00,0,1,可预约,￥75.0,雾,20,21,2,0.0,98,43
2026-05-21 21:30:46,2026-05-22,3,篮球场-1号南半场,12:00-13:00,0,1,可预约,￥75.0,雾,20,22,1,0.0,99,41
2026-05-21 22:01:02,2026-05-22,3,篮球场-1号南半场,12:00-13:00,0,1,可预约,￥75.0,雾,19,20,2,0.0,93,41
2026-05-21 22:30:47,2026-05-22,3,篮球场-1号南半场,12:00-13:00,0,1,可预约,￥75.0,雾,19,19,3,0.0,88,46
2026-05-21 23:00:56,2026-05-22,3,篮球场-1号南半场,12:00-13:00,0,1,可预约,￥75.0,多云,18,17,3,0.0,85,46
2026-05-21 23:30:55,2026-05-22,3,篮球场-1号南半场,12:00-13:00,0,1,可预约,￥75.0,多云,18,17,3,0.0,85,48
2026-05-21 08:00:45,2026-05-22,3,篮球场-1号南半场,14:00-15:00,1,1,已售/已满,教学时间,晴,17,12,5,0.0,86,29
2026-05-21 08:02:30,2026-05-22,3,篮球场-1号南半场,14:00-15:00,1,1,已售/已满,教学时间,多云,17,12,5,0.0,87,29
2026-05-21 08:05:36,2026-05-22,3,篮球场-1号南半场,14:00-15:00,1,1,已售/已满,教学时间,多云,17,12,5,0.0,86,29
2026-05-21 08:08:31,2026-05-22,3,篮球场-1号南半场,14:00-15:00,1,1,已售/已满,教学时间,多云,17,12,5,0.0,86,29
2026-05-21 08:11:30,2026-05-22,3,篮球场-1号南半场,14:00-15:00,1,1,已售/已满,教学时间,多云,17,12,5,0.0,86,29
2026-05-21 08:14:31,2026-05-22,3,篮球场-1号南半场,14:00-15:00,1,1,已售/已满,教学时间,多云,17,12,5,0.0,86,29
2026-05-21 08:17:30,2026-05-22,3,篮球场-1号南半场,14:00-15:00,1,1,已售/已满,教学时间,多云,17,12,5,0.0,86,29
2026-05-21 08:20:35,2026-05-22,3,篮球场-1号南半场,14:00-15:00,1,1,已售/已满,教学时间,多云,17,14,4,0.0,85,29
2026-05-21 08:25:32,2026-05-22,3,篮球场-1号南半场,14:00-15:00,1,1,已售/已满,教学时间,多云,17,14,4,0.0,85,28
2026-05-21 08:30:42,2026-05-22,3,篮球场-1号南半场,14:00-15:00,1,1,已售/已满,教学时间,多云,18,15,4,0.0,84,28
2026-05-21 08:35:31,2026-05-22,3,篮球场-1号南半场,14:00-15:00,1,1,已售/已满,教学时间,多云,18,15,4,0.0,84,28
2026-05-21 08:40:38,2026-05-22,3,篮球场-1号南半场,14:00-15:00,1,1,已售/已满,教学时间,多云,18,15,4,0.0,82,28
2026-05-21 08:45:33,2026-05-22,3,篮球场-1号南半场,14:00-15:00,1,1,已售/已满,教学时间,多云,18,15,4,0.0,82,28
2026-05-21 08:50:36,2026-05-22,3,篮球场-1号南半场,14:00-15:00,1,1,已售/已满,教学时间,多云,18,15,4,0.0,82,28
2026-05-21 08:55:34,2026-05-22,3,篮球场-1号南半场,14:00-15:00,1,1,已售/已满,教学时间,多云,18,15,4,0.0,84,28
2026-05-21 09:00:51,2026-05-22,3,篮球场-1号南半场,14:00-15:00,1,1,已售/已满,教学时间,多云,18,15,4,0.0,84,28
2026-05-21 09:01:59,2026-05-22,3,篮球场-1号南半场,14:00-15:00,1,1,已售/已满,教学时间,多云,18,15,4,0.0,83,28
2026-05-21 09:05:33,2026-05-22,3,篮球场-1号南半场,14:00-15:00,1,1,已售/已满,教学时间,多云,18,15,4,0.0,83,28
2026-05-21 09:20:38,2026-05-22,3,篮球场-1号南半场,14:00-15:00,1,1,已售/已满,教学时间,多云,18,16,3,0.0,81,28
2026-05-21 09:30:46,2026-05-22,3,篮球场-1号南半场,14:00-15:00,1,1,已售/已满,教学时间,多云,18,16,3,0.0,81,32
2026-05-21 09:40:36,2026-05-22,3,篮球场-1号南半场,14:00-15:00,1,1,已售/已满,教学时间,多云,19,17,3,0.0,79,32
2026-05-21 09:50:42,2026-05-22,3,篮球场-1号南半场,14:00-15:00,1,1,已售/已满,教学时间,多云,19,17,4,0.0,81,32
2026-05-21 10:00:46,2026-05-22,3,篮球场-1号南半场,14:00-15:00,1,1,已售/已满,教学时间,多云,19,17,4,0.0,79,32
2026-05-21 10:10:40,2026-05-22,3,篮球场-1号南半场,14:00-15:00,1,1,已售/已满,教学时间,多云,19,17,4,0.0,79,32
2026-05-21 10:20:38,2026-05-22,3,篮球场-1号南半场,14:00-15:00,1,1,已售/已满,教学时间,多云,19,17,4,0.0,79,32
2026-05-21 10:30:41,2026-05-22,3,篮球场-1号南半场,14:00-15:00,1,1,已售/已满,教学时间,多云,19,18,3,0.0,78,31
2026-05-21 11:00:44,2026-05-22,3,篮球场-1号南半场,14:00-15:00,1,1,已售/已满,教学时间,多云,21,17,5,0.0,74,31
2026-05-21 11:30:38,2026-05-22,3,篮球场-1号南半场,14:00-15:00,1,1,已售/已满,教学时间,多云,21,19,3,0.0,72,33
2026-05-21 12:00:46,2026-05-22,3,篮球场-1号南半场,14:00-15:00,1,1,已售/已满,教学时间,多云,22,19,4,0.0,70,33
2026-05-21 12:30:42,2026-05-22,3,篮球场-1号南半场,14:00-15:00,1,1,已售/已满,教学时间,多云,22,21,3,0.0,68,35
2026-05-21 13:00:43,2026-05-22,3,篮球场-1号南半场,14:00-15:00,1,1,已售/已满,教学时间,多云,24,22,4,0.0,66,35
2026-05-21 13:30:43,2026-05-22,3,篮球场-1号南半场,14:00-15:00,1,1,已售/已满,教学时间,多云,24,22,4,0.0,66,36
2026-05-21 14:00:48,2026-05-22,3,篮球场-1号南半场,14:00-15:00,1,1,已售/已满,教学时间,多云,25,23,4,0.0,66,36
2026-05-21 14:30:45,2026-05-22,3,篮球场-1号南半场,14:00-15:00,1,1,已售/已满,教学时间,晴,25,25,3,0.0,65,39
2026-05-21 15:00:45,2026-05-22,3,篮球场-1号南半场,14:00-15:00,1,1,已售/已满,教学时间,晴,25,22,4,0.0,56,39
2026-05-21 15:30:43,2026-05-22,3,篮球场-1号南半场,14:00-15:00,1,1,已售/已满,教学时间,晴,25,23,4,0.0,57,40
2026-05-21 16:00:51,2026-05-22,3,篮球场-1号南半场,14:00-15:00,1,1,已售/已满,教学时间,晴,25,23,4,0.0,57,40
2026-05-21 16:30:48,2026-05-22,3,篮球场-1号南半场,14:00-15:00,1,1,已售/已满,教学时间,晴,25,24,3,0.0,60,39
2026-05-21 17:00:49,2026-05-22,3,篮球场-1号南半场,14:00-15:00,1,1,已售/已满,教学时间,晴,25,24,4,0.0,61,39
2026-05-21 17:30:47,2026-05-22,3,篮球场-1号南半场,14:00-15:00,1,1,已售/已满,教学时间,多云,24,23,3,0.0,64,39
2026-05-21 18:00:50,2026-05-22,3,篮球场-1号南半场,14:00-15:00,1,1,已售/已满,教学时间,多云,24,23,3,0.0,68,39
2026-05-21 18:30:50,2026-05-22,3,篮球场-1号南半场,14:00-15:00,1,1,已售/已满,教学时间,阴,24,25,2,0.0,68,40
2026-05-21 19:00:50,2026-05-22,3,篮球场-1号南半场,14:00-15:00,1,1,已售/已满,教学时间,阴,23,23,3,0.0,76,40
2026-05-21 19:30:46,2026-05-22,3,篮球场-1号南半场,14:00-15:00,1,1,已售/已满,教学时间,阴,23,24,2,0.0,77,39
2026-05-21 20:00:49,2026-05-22,3,篮球场-1号南半场,14:00-15:00,1,1,已售/已满,教学时间,雾,22,23,2,0.0,89,39
2026-05-21 20:30:44,2026-05-22,3,篮球场-1号南半场,14:00-15:00,1,1,已售/已满,教学时间,雾,22,24,2,0.0,93,43
2026-05-21 21:00:56,2026-05-22,3,篮球场-1号南半场,14:00-15:00,1,1,已售/已满,教学时间,雾,20,21,2,0.0,98,43
2026-05-21 21:30:46,2026-05-22,3,篮球场-1号南半场,14:00-15:00,1,1,已售/已满,教学时间,雾,20,22,1,0.0,99,41
2026-05-21 22:01:02,2026-05-22,3,篮球场-1号南半场,14:00-15:00,1,1,已售/已满,教学时间,雾,19,20,2,0.0,93,41
2026-05-21 22:30:47,2026-05-22,3,篮球场-1号南半场,14:00-15:00,1,1,已售/已满,教学时间,雾,19,19,3,0.0,88,46
2026-05-21 23:00:56,2026-05-22,3,篮球场-1号南半场,14:00-15:00,1,1,已售/已满,教学时间,多云,18,17,3,0.0,85,46
2026-05-21 23:30:55,2026-05-22,3,篮球场-1号南半场,14:00-15:00,1,1,已售/已满,教学时间,多云,18,17,3,0.0,85,48
2026-05-21 08:00:45,2026-05-22,3,篮球场-1号南半场,15:00-16:00,1,1,已售/已满,教学时间,晴,17,12,5,0.0,86,29
2026-05-21 08:02:30,2026-05-22,3,篮球场-1号南半场,15:00-16:00,1,1,已售/已满,教学时间,多云,17,12,5,0.0,87,29
2026-05-21 08:05:36,2026-05-22,3,篮球场-1号南半场,15:00-16:00,1,1,已售/已满,教学时间,多云,17,12,5,0.0,86,29
2026-05-21 08:08:31,2026-05-22,3,篮球场-1号南半场,15:00-16:00,1,1,已售/已满,教学时间,多云,17,12,5,0.0,86,29
2026-05-21 08:11:30,2026-05-22,3,篮球场-1号南半场,15:00-16:00,1,1,已售/已满,教学时间,多云,17,12,5,0.0,86,29
2026-05-21 08:14:31,2026-05-22,3,篮球场-1号南半场,15:00-16:00,1,1,已售/已满,教学时间,多云,17,12,5,0.0,86,29
2026-05-21 08:17:30,2026-05-22,3,篮球场-1号南半场,15:00-16:00,1,1,已售/已满,教学时间,多云,17,12,5,0.0,86,29
2026-05-21 08:20:35,2026-05-22,3,篮球场-1号南半场,15:00-16:00,1,1,已售/已满,教学时间,多云,17,14,4,0.0,85,29
2026-05-21 08:25:32,2026-05-22,3,篮球场-1号南半场,15:00-16:00,1,1,已售/已满,教学时间,多云,17,14,4,0.0,85,28
2026-05-21 08:30:42,2026-05-22,3,篮球场-1号南半场,15:00-16:00,1,1,已售/已满,教学时间,多云,18,15,4,0.0,84,28
2026-05-21 08:35:31,2026-05-22,3,篮球场-1号南半场,15:00-16:00,1,1,已售/已满,教学时间,多云,18,15,4,0.0,84,28
2026-05-21 08:40:38,2026-05-22,3,篮球场-1号南半场,15:00-16:00,1,1,已售/已满,教学时间,多云,18,15,4,0.0,82,28
2026-05-21 08:45:33,2026-05-22,3,篮球场-1号南半场,15:00-16:00,1,1,已售/已满,教学时间,多云,18,15,4,0.0,82,28
2026-05-21 08:50:36,2026-05-22,3,篮球场-1号南半场,15:00-16:00,1,1,已售/已满,教学时间,多云,18,15,4,0.0,82,28
2026-05-21 08:55:34,2026-05-22,3,篮球场-1号南半场,15:00-16:00,1,1,已售/已满,教学时间,多云,18,15,4,0.0,84,28
2026-05-21 09:00:51,2026-05-22,3,篮球场-1号南半场,15:00-16:00,1,1,已售/已满,教学时间,多云,18,15,4,0.0,84,28
2026-05-21 09:01:59,2026-05-22,3,篮球场-1号南半场,15:00-16:00,1,1,已售/已满,教学时间,多云,18,15,4,0.0,83,28
2026-05-21 09:05:33,2026-05-22,3,篮球场-1号南半场,15:00-16:00,1,1,已售/已满,教学时间,多云,18,15,4,0.0,83,28
2026-05-21 09:20:38,2026-05-22,3,篮球场-1号南半场,15:00-16:00,1,1,已售/已满,教学时间,多云,18,16,3,0.0,81,28
2026-05-21 09:30:46,2026-05-22,3,篮球场-1号南半场,15:00-16:00,1,1,已售/已满,教学时间,多云,18,16,3,0.0,81,32
2026-05-21 09:40:36,2026-05-22,3,篮球场-1号南半场,15:00-16:00,1,1,已售/已满,教学时间,多云,19,17,3,0.0,79,32
2026-05-21 09:50:42,2026-05-22,3,篮球场-1号南半场,15:00-16:00,1,1,已售/已满,教学时间,多云,19,17,4,0.0,81,32
2026-05-21 10:00:46,2026-05-22,3,篮球场-1号南半场,15:00-16:00,1,1,已售/已满,教学时间,多云,19,17,4,0.0,79,32
2026-05-21 10:10:40,2026-05-22,3,篮球场-1号南半场,15:00-16:00,1,1,已售/已满,教学时间,多云,19,17,4,0.0,79,32
2026-05-21 10:20:38,2026-05-22,3,篮球场-1号南半场,15:00-16:00,1,1,已售/已满,教学时间,多云,19,17,4,0.0,79,32
2026-05-21 10:30:41,2026-05-22,3,篮球场-1号南半场,15:00-16:00,1,1,已售/已满,教学时间,多云,19,18,3,0.0,78,31
2026-05-21 11:00:44,2026-05-22,3,篮球场-1号南半场,15:00-16:00,1,1,已售/已满,教学时间,多云,21,17,5,0.0,74,31
2026-05-21 11:30:38,2026-05-22,3,篮球场-1号南半场,15:00-16:00,1,1,已售/已满,教学时间,多云,21,19,3,0.0,72,33
2026-05-21 12:00:46,2026-05-22,3,篮球场-1号南半场,15:00-16:00,1,1,已售/已满,教学时间,多云,22,19,4,0.0,70,33
2026-05-21 12:30:42,2026-05-22,3,篮球场-1号南半场,15:00-16:00,1,1,已售/已满,教学时间,多云,22,21,3,0.0,68,35
2026-05-21 13:00:43,2026-05-22,3,篮球场-1号南半场,15:00-16:00,1,1,已售/已满,教学时间,多云,24,22,4,0.0,66,35
2026-05-21 13:30:43,2026-05-22,3,篮球场-1号南半场,15:00-16:00,1,1,已售/已满,教学时间,多云,24,22,4,0.0,66,36
2026-05-21 14:00:48,2026-05-22,3,篮球场-1号南半场,15:00-16:00,1,1,已售/已满,教学时间,多云,25,23,4,0.0,66,36
2026-05-21 14:30:45,2026-05-22,3,篮球场-1号南半场,15:00-16:00,1,1,已售/已满,教学时间,晴,25,25,3,0.0,65,39
2026-05-21 15:00:45,2026-05-22,3,篮球场-1号南半场,15:00-16:00,1,1,已售/已满,教学时间,晴,25,22,4,0.0,56,39
2026-05-21 15:30:43,2026-05-22,3,篮球场-1号南半场,15:00-16:00,1,1,已售/已满,教学时间,晴,25,23,4,0.0,57,40
2026-05-21 16:00:51,2026-05-22,3,篮球场-1号南半场,15:00-16:00,1,1,已售/已满,教学时间,晴,25,23,4,0.0,57,40
2026-05-21 16:30:48,2026-05-22,3,篮球场-1号南半场,15:00-16:00,1,1,已售/已满,教学时间,晴,25,24,3,0.0,60,39
2026-05-21 17:00:49,2026-05-22,3,篮球场-1号南半场,15:00-16:00,1,1,已售/已满,教学时间,晴,25,24,4,0.0,61,39
2026-05-21 17:30:47,2026-05-22,3,篮球场-1号南半场,15:00-16:00,1,1,已售/已满,教学时间,多云,24,23,3,0.0,64,39
2026-05-21 18:00:50,2026-05-22,3,篮球场-1号南半场,15:00-16:00,1,1,已售/已满,教学时间,多云,24,23,3,0.0,68,39
2026-05-21 18:30:50,2026-05-22,3,篮球场-1号南半场,15:00-16:00,1,1,已售/已满,教学时间,阴,24,25,2,0.0,68,40
2026-05-21 19:00:50,2026-05-22,3,篮球场-1号南半场,15:00-16:00,1,1,已售/已满,教学时间,阴,23,23,3,0.0,76,40
2026-05-21 19:30:46,2026-05-22,3,篮球场-1号南半场,15:00-16:00,1,1,已售/已满,教学时间,阴,23,24,2,0.0,77,39
2026-05-21 20:00:49,2026-05-22,3,篮球场-1号南半场,15:00-16:00,1,1,已售/已满,教学时间,雾,22,23,2,0.0,89,39
2026-05-21 20:30:44,2026-05-22,3,篮球场-1号南半场,15:00-16:00,1,1,已售/已满,教学时间,雾,22,24,2,0.0,93,43
2026-05-21 21:00:56,2026-05-22,3,篮球场-1号南半场,15:00-16:00,1,1,已售/已满,教学时间,雾,20,21,2,0.0,98,43
2026-05-21 21:30:46,2026-05-22,3,篮球场-1号南半场,15:00-16:00,1,1,已售/已满,教学时间,雾,20,22,1,0.0,99,41
2026-05-21 22:01:02,2026-05-22,3,篮球场-1号南半场,15:00-16:00,1,1,已售/已满,教学时间,雾,19,20,2,0.0,93,41
2026-05-21 22:30:47,2026-05-22,3,篮球场-1号南半场,15:00-16:00,1,1,已售/已满,教学时间,雾,19,19,3,0.0,88,46
2026-05-21 23:00:56,2026-05-22,3,篮球场-1号南半场,15:00-16:00,1,1,已售/已满,教学时间,多云,18,17,3,0.0,85,46
2026-05-21 23:30:55,2026-05-22,3,篮球场-1号南半场,15:00-16:00,1,1,已售/已满,教学时间,多云,18,17,3,0.0,85,48
2026-05-21 08:00:45,2026-05-22,3,篮球场-1号南半场,16:00-17:00,0,1,可预约,￥75.0,晴,17,12,5,0.0,86,29
2026-05-21 08:02:30,2026-05-22,3,篮球场-1号南半场,16:00-17:00,0,1,可预约,￥75.0,多云,17,12,5,0.0,87,29
2026-05-21 08:05:36,2026-05-22,3,篮球场-1号南半场,16:00-17:00,0,1,可预约,￥75.0,多云,17,12,5,0.0,86,29
2026-05-21 08:08:31,2026-05-22,3,篮球场-1号南半场,16:00-17:00,0,1,可预约,￥75.0,多云,17,12,5,0.0,86,29
2026-05-21 08:11:30,2026-05-22,3,篮球场-1号南半场,16:00-17:00,0,1,可预约,￥75.0,多云,17,12,5,0.0,86,29
2026-05-21 08:14:31,2026-05-22,3,篮球场-1号南半场,16:00-17:00,0,1,可预约,￥75.0,多云,17,12,5,0.0,86,29
2026-05-21 08:17:30,2026-05-22,3,篮球场-1号南半场,16:00-17:00,0,1,可预约,￥75.0,多云,17,12,5,0.0,86,29
2026-05-21 08:20:35,2026-05-22,3,篮球场-1号南半场,16:00-17:00,0,1,可预约,￥75.0,多云,17,14,4,0.0,85,29
2026-05-21 08:25:32,2026-05-22,3,篮球场-1号南半场,16:00-17:00,0,1,可预约,￥75.0,多云,17,14,4,0.0,85,28
2026-05-21 08:30:42,2026-05-22,3,篮球场-1号南半场,16:00-17:00,0,1,可预约,￥75.0,多云,18,15,4,0.0,84,28
2026-05-21 08:35:31,2026-05-22,3,篮球场-1号南半场,16:00-17:00,0,1,可预约,￥75.0,多云,18,15,4,0.0,84,28
2026-05-21 08:40:38,2026-05-22,3,篮球场-1号南半场,16:00-17:00,0,1,可预约,￥75.0,多云,18,15,4,0.0,82,28
2026-05-21 08:45:33,2026-05-22,3,篮球场-1号南半场,16:00-17:00,0,1,可预约,￥75.0,多云,18,15,4,0.0,82,28
2026-05-21 08:50:36,2026-05-22,3,篮球场-1号南半场,16:00-17:00,0,1,可预约,￥75.0,多云,18,15,4,0.0,82,28
2026-05-21 08:55:34,2026-05-22,3,篮球场-1号南半场,16:00-17:00,0,1,可预约,￥75.0,多云,18,15,4,0.0,84,28
2026-05-21 09:00:51,2026-05-22,3,篮球场-1号南半场,16:00-17:00,0,1,可预约,￥75.0,多云,18,15,4,0.0,84,28
2026-05-21 09:01:59,2026-05-22,3,篮球场-1号南半场,16:00-17:00,0,1,可预约,￥75.0,多云,18,15,4,0.0,83,28
2026-05-21 09:05:33,2026-05-22,3,篮球场-1号南半场,16:00-17:00,0,1,可预约,￥75.0,多云,18,15,4,0.0,83,28
2026-05-21 09:20:38,2026-05-22,3,篮球场-1号南半场,16:00-17:00,0,1,可预约,￥75.0,多云,18,16,3,0.0,81,28
2026-05-21 09:30:46,2026-05-22,3,篮球场-1号南半场,16:00-17:00,0,1,可预约,￥75.0,多云,18,16,3,0.0,81,32
2026-05-21 09:40:36,2026-05-22,3,篮球场-1号南半场,16:00-17:00,0,1,可预约,￥75.0,多云,19,17,3,0.0,79,32
2026-05-21 09:50:42,2026-05-22,3,篮球场-1号南半场,16:00-17:00,0,1,可预约,￥75.0,多云,19,17,4,0.0,81,32
2026-05-21 10:00:46,2026-05-22,3,篮球场-1号南半场,16:00-17:00,0,1,可预约,￥75.0,多云,19,17,4,0.0,79,32
2026-05-21 10:10:40,2026-05-22,3,篮球场-1号南半场,16:00-17:00,0,1,可预约,￥75.0,多云,19,17,4,0.0,79,32
2026-05-21 10:20:38,2026-05-22,3,篮球场-1号南半场,16:00-17:00,0,1,可预约,￥75.0,多云,19,17,4,0.0,79,32
2026-05-21 10:30:41,2026-05-22,3,篮球场-1号南半场,16:00-17:00,0,1,可预约,￥75.0,多云,19,18,3,0.0,78,31
2026-05-21 11:00:44,2026-05-22,3,篮球场-1号南半场,16:00-17:00,0,1,可预约,￥75.0,多云,21,17,5,0.0,74,31
2026-05-21 11:30:38,2026-05-22,3,篮球场-1号南半场,16:00-17:00,0,1,可预约,￥75.0,多云,21,19,3,0.0,72,33
2026-05-21 12:00:46,2026-05-22,3,篮球场-1号南半场,16:00-17:00,0,1,可预约,￥75.0,多云,22,19,4,0.0,70,33
2026-05-21 12:30:42,2026-05-22,3,篮球场-1号南半场,16:00-17:00,0,1,可预约,￥75.0,多云,22,21,3,0.0,68,35
2026-05-21 13:00:43,2026-05-22,3,篮球场-1号南半场,16:00-17:00,0,1,可预约,￥75.0,多云,24,22,4,0.0,66,35
2026-05-21 13:30:43,2026-05-22,3,篮球场-1号南半场,16:00-17:00,0,1,可预约,￥75.0,多云,24,22,4,0.0,66,36
2026-05-21 14:00:48,2026-05-22,3,篮球场-1号南半场,16:00-17:00,0,1,可预约,￥75.0,多云,25,23,4,0.0,66,36
2026-05-21 14:30:45,2026-05-22,3,篮球场-1号南半场,16:00-17:00,0,1,可预约,￥75.0,晴,25,25,3,0.0,65,39
2026-05-21 15:00:45,2026-05-22,3,篮球场-1号南半场,16:00-17:00,0,1,可预约,￥75.0,晴,25,22,4,0.0,56,39
2026-05-21 15:30:43,2026-05-22,3,篮球场-1号南半场,16:00-17:00,0,1,可预约,￥75.0,晴,25,23,4,0.0,57,40
2026-05-21 16:00:51,2026-05-22,3,篮球场-1号南半场,16:00-17:00,0,1,可预约,￥75.0,晴,25,23,4,0.0,57,40
2026-05-21 16:30:48,2026-05-22,3,篮球场-1号南半场,16:00-17:00,0,1,可预约,￥75.0,晴,25,24,3,0.0,60,39
2026-05-21 17:00:49,2026-05-22,3,篮球场-1号南半场,16:00-17:00,0,1,可预约,￥75.0,晴,25,24,4,0.0,61,39
2026-05-21 17:30:47,2026-05-22,3,篮球场-1号南半场,16:00-17:00,0,1,可预约,￥75.0,多云,24,23,3,0.0,64,39
2026-05-21 18:00:50,2026-05-22,3,篮球场-1号南半场,16:00-17:00,0,1,可预约,￥75.0,多云,24,23,3,0.0,68,39
2026-05-21 18:30:50,2026-05-22,3,篮球场-1号南半场,16:00-17:00,0,1,可预约,￥75.0,阴,24,25,2,0.0,68,40
2026-05-21 19:00:50,2026-05-22,3,篮球场-1号南半场,16:00-17:00,0,1,可预约,￥75.0,阴,23,23,3,0.0,76,40
2026-05-21 19:30:46,2026-05-22,3,篮球场-1号南半场,16:00-17:00,0,1,可预约,￥75.0,阴,23,24,2,0.0,77,39
2026-05-21 20:00:49,2026-05-22,3,篮球场-1号南半场,16:00-17:00,0,1,可预约,￥75.0,雾,22,23,2,0.0,89,39
2026-05-21 20:30:44,2026-05-22,3,篮球场-1号南半场,16:00-17:00,0,1,可预约,￥75.0,雾,22,24,2,0.0,93,43
2026-05-21 21:00:56,2026-05-22,3,篮球场-1号南半场,16:00-17:00,0,1,可预约,￥75.0,雾,20,21,2,0.0,98,43
2026-05-21 21:30:46,2026-05-22,3,篮球场-1号南半场,16:00-17:00,0,1,可预约,￥75.0,雾,20,22,1,0.0,99,41
2026-05-21 22:01:02,2026-05-22,3,篮球场-1号南半场,16:00-17:00,0,1,可预约,￥75.0,雾,19,20,2,0.0,93,41
2026-05-21 22:30:47,2026-05-22,3,篮球场-1号南半场,16:00-17:00,0,1,可预约,￥75.0,雾,19,19,3,0.0,88,46
2026-05-21 23:00:56,2026-05-22,3,篮球场-1号南半场,16:00-17:00,0,1,可预约,￥75.0,多云,18,17,3,0.0,85,46
2026-05-21 23:30:55,2026-05-22,3,篮球场-1号南半场,16:00-17:00,0,1,可预约,￥75.0,多云,18,17,3,0.0,85,48
2026-05-21 08:00:45,2026-05-22,3,篮球场-1号南半场,19:00-20:00,1,1,已售/已满,已售,晴,17,12,5,0.0,86,29
2026-05-21 08:02:30,2026-05-22,3,篮球场-1号南半场,19:00-20:00,1,1,已售/已满,已售,多云,17,12,5,0.0,87,29
2026-05-21 08:05:36,2026-05-22,3,篮球场-1号南半场,19:00-20:00,1,1,已售/已满,已售,多云,17,12,5,0.0,86,29
2026-05-21 08:08:31,2026-05-22,3,篮球场-1号南半场,19:00-20:00,1,1,已售/已满,已售,多云,17,12,5,0.0,86,29
2026-05-21 08:11:30,2026-05-22,3,篮球场-1号南半场,19:00-20:00,1,1,已售/已满,已售,多云,17,12,5,0.0,86,29
2026-05-21 08:14:31,2026-05-22,3,篮球场-1号南半场,19:00-20:00,1,1,已售/已满,已售,多云,17,12,5,0.0,86,29
2026-05-21 08:17:30,2026-05-22,3,篮球场-1号南半场,19:00-20:00,1,1,已售/已满,已售,多云,17,12,5,0.0,86,29
2026-05-21 08:20:35,2026-05-22,3,篮球场-1号南半场,19:00-20:00,1,1,已售/已满,已售,多云,17,14,4,0.0,85,29
2026-05-21 08:25:32,2026-05-22,3,篮球场-1号南半场,19:00-20:00,1,1,已售/已满,已售,多云,17,14,4,0.0,85,28
2026-05-21 08:30:42,2026-05-22,3,篮球场-1号南半场,19:00-20:00,1,1,已售/已满,已售,多云,18,15,4,0.0,84,28
2026-05-21 08:35:31,2026-05-22,3,篮球场-1号南半场,19:00-20:00,1,1,已售/已满,已售,多云,18,15,4,0.0,84,28
2026-05-21 08:40:38,2026-05-22,3,篮球场-1号南半场,19:00-20:00,1,1,已售/已满,已售,多云,18,15,4,0.0,82,28
2026-05-21 08:45:33,2026-05-22,3,篮球场-1号南半场,19:00-20:00,1,1,已售/已满,已售,多云,18,15,4,0.0,82,28
2026-05-21 08:50:36,2026-05-22,3,篮球场-1号南半场,19:00-20:00,1,1,已售/已满,已售,多云,18,15,4,0.0,82,28
2026-05-21 08:55:34,2026-05-22,3,篮球场-1号南半场,19:00-20:00,1,1,已售/已满,已售,多云,18,15,4,0.0,84,28
2026-05-21 09:00:51,2026-05-22,3,篮球场-1号南半场,19:00-20:00,1,1,已售/已满,已售,多云,18,15,4,0.0,84,28
2026-05-21 09:01:59,2026-05-22,3,篮球场-1号南半场,19:00-20:00,1,1,已售/已满,已售,多云,18,15,4,0.0,83,28
2026-05-21 09:05:33,2026-05-22,3,篮球场-1号南半场,19:00-20:00,1,1,已售/已满,已售,多云,18,15,4,0.0,83,28
2026-05-21 09:20:38,2026-05-22,3,篮球场-1号南半场,19:00-20:00,1,1,已售/已满,已售,多云,18,16,3,0.0,81,28
2026-05-21 09:30:46,2026-05-22,3,篮球场-1号南半场,19:00-20:00,1,1,已售/已满,已售,多云,18,16,3,0.0,81,32
2026-05-21 09:40:36,2026-05-22,3,篮球场-1号南半场,19:00-20:00,1,1,已售/已满,已售,多云,19,17,3,0.0,79,32
2026-05-21 09:50:42,2026-05-22,3,篮球场-1号南半场,19:00-20:00,1,1,已售/已满,已售,多云,19,17,4,0.0,81,32
2026-05-21 10:00:46,2026-05-22,3,篮球场-1号南半场,19:00-20:00,1,1,已售/已满,已售,多云,19,17,4,0.0,79,32
2026-05-21 10:10:40,2026-05-22,3,篮球场-1号南半场,19:00-20:00,1,1,已售/已满,已售,多云,19,17,4,0.0,79,32
2026-05-21 10:20:38,2026-05-22,3,篮球场-1号南半场,19:00-20:00,1,1,已售/已满,已售,多云,19,17,4,0.0,79,32
2026-05-21 10:30:41,2026-05-22,3,篮球场-1号南半场,19:00-20:00,1,1,已售/已满,已售,多云,19,18,3,0.0,78,31
2026-05-21 11:00:44,2026-05-22,3,篮球场-1号南半场,19:00-20:00,1,1,已售/已满,已售,多云,21,17,5,0.0,74,31
2026-05-21 11:30:38,2026-05-22,3,篮球场-1号南半场,19:00-20:00,1,1,已售/已满,已售,多云,21,19,3,0.0,72,33
2026-05-21 12:00:46,2026-05-22,3,篮球场-1号南半场,19:00-20:00,1,1,已售/已满,已售,多云,22,19,4,0.0,70,33
2026-05-21 12:30:42,2026-05-22,3,篮球场-1号南半场,19:00-20:00,1,1,已售/已满,已售,多云,22,21,3,0.0,68,35
2026-05-21 13:00:43,2026-05-22,3,篮球场-1号南半场,19:00-20:00,1,1,已售/已满,已售,多云,24,22,4,0.0,66,35
2026-05-21 13:30:43,2026-05-22,3,篮球场-1号南半场,19:00-20:00,1,1,已售/已满,已售,多云,24,22,4,0.0,66,36
2026-05-21 14:00:48,2026-05-22,3,篮球场-1号南半场,19:00-20:00,1,1,已售/已满,已售,多云,25,23,4,0.0,66,36
2026-05-21 14:30:45,2026-05-22,3,篮球场-1号南半场,19:00-20:00,1,1,已售/已满,已售,晴,25,25,3,0.0,65,39
2026-05-21 15:00:45,2026-05-22,3,篮球场-1号南半场,19:00-20:00,1,1,已售/已满,已售,晴,25,22,4,0.0,56,39
2026-05-21 15:30:43,2026-05-22,3,篮球场-1号南半场,19:00-20:00,1,1,已售/已满,已售,晴,25,23,4,0.0,57,40
2026-05-21 16:00:51,2026-05-22,3,篮球场-1号南半场,19:00-20:00,1,1,已售/已满,已售,晴,25,23,4,0.0,57,40
2026-05-21 16:30:48,2026-05-22,3,篮球场-1号南半场,19:00-20:00,1,1,已售/已满,已售,晴,25,24,3,0.0,60,39
2026-05-21 17:00:49,2026-05-22,3,篮球场-1号南半场,19:00-20:00,1,1,已售/已满,已售,晴,25,24,4,0.0,61,39
2026-05-21 17:30:47,2026-05-22,3,篮球场-1号南半场,19:00-20:00,1,1,已售/已满,已售,多云,24,23,3,0.0,64,39
2026-05-21 18:00:50,2026-05-22,3,篮球场-1号南半场,19:00-20:00,1,1,已售/已满,已售,多云,24,23,3,0.0,68,39
2026-05-21 18:30:50,2026-05-22,3,篮球场-1号南半场,19:00-20:00,1,1,已售/已满,已售,阴,24,25,2,0.0,68,40
2026-05-21 19:00:50,2026-05-22,3,篮球场-1号南半场,19:00-20:00,1,1,已售/已满,已售,阴,23,23,3,0.0,76,40
2026-05-21 19:30:46,2026-05-22,3,篮球场-1号南半场,19:00-20:00,1,1,已售/已满,已售,阴,23,24,2,0.0,77,39
2026-05-21 20:00:49,2026-05-22,3,篮球场-1号南半场,19:00-20:00,1,1,已售/已满,已售,雾,22,23,2,0.0,89,39
2026-05-21 20:30:44,2026-05-22,3,篮球场-1号南半场,19:00-20:00,1,1,已售/已满,已售,雾,22,24,2,0.0,93,43
2026-05-21 21:00:56,2026-05-22,3,篮球场-1号南半场,19:00-20:00,1,1,已售/已满,已售,雾,20,21,2,0.0,98,43
2026-05-21 21:30:46,2026-05-22,3,篮球场-1号南半场,19:00-20:00,1,1,已售/已满,已售,雾,20,22,1,0.0,99,41
2026-05-21 22:01:02,2026-05-22,3,篮球场-1号南半场,19:00-20:00,1,1,已售/已满,已售,雾,19,20,2,0.0,93,41
2026-05-21 22:30:47,2026-05-22,3,篮球场-1号南半场,19:00-20:00,1,1,已售/已满,已售,雾,19,19,3,0.0,88,46
2026-05-21 23:00:56,2026-05-22,3,篮球场-1号南半场,19:00-20:00,1,1,已售/已满,已售,多云,18,17,3,0.0,85,46
2026-05-21 23:30:55,2026-05-22,3,篮球场-1号南半场,19:00-20:00,1,1,已售/已满,已售,多云,18,17,3,0.0,85,48
2026-05-21 08:00:45,2026-05-22,3,篮球场-1号南半场,20:30-21:30,1,1,已售/已满,已售,晴,17,12,5,0.0,86,29
2026-05-21 08:02:30,2026-05-22,3,篮球场-1号南半场,20:30-21:30,1,1,已售/已满,已售,多云,17,12,5,0.0,87,29
2026-05-21 08:05:36,2026-05-22,3,篮球场-1号南半场,20:30-21:30,1,1,已售/已满,已售,多云,17,12,5,0.0,86,29
2026-05-21 08:08:31,2026-05-22,3,篮球场-1号南半场,20:30-21:30,1,1,已售/已满,已售,多云,17,12,5,0.0,86,29
2026-05-21 08:11:30,2026-05-22,3,篮球场-1号南半场,20:30-21:30,1,1,已售/已满,已售,多云,17,12,5,0.0,86,29
2026-05-21 08:14:31,2026-05-22,3,篮球场-1号南半场,20:30-21:30,1,1,已售/已满,已售,多云,17,12,5,0.0,86,29
2026-05-21 08:17:30,2026-05-22,3,篮球场-1号南半场,20:30-21:30,1,1,已售/已满,已售,多云,17,12,5,0.0,86,29
2026-05-21 08:20:35,2026-05-22,3,篮球场-1号南半场,20:30-21:30,1,1,已售/已满,已售,多云,17,14,4,0.0,85,29
2026-05-21 08:25:32,2026-05-22,3,篮球场-1号南半场,20:30-21:30,1,1,已售/已满,已售,多云,17,14,4,0.0,85,28
2026-05-21 08:30:42,2026-05-22,3,篮球场-1号南半场,20:30-21:30,1,1,已售/已满,已售,多云,18,15,4,0.0,84,28
2026-05-21 08:35:31,2026-05-22,3,篮球场-1号南半场,20:30-21:30,1,1,已售/已满,已售,多云,18,15,4,0.0,84,28
2026-05-21 08:40:38,2026-05-22,3,篮球场-1号南半场,20:30-21:30,1,1,已售/已满,已售,多云,18,15,4,0.0,82,28
2026-05-21 08:45:33,2026-05-22,3,篮球场-1号南半场,20:30-21:30,1,1,已售/已满,已售,多云,18,15,4,0.0,82,28
2026-05-21 08:50:36,2026-05-22,3,篮球场-1号南半场,20:30-21:30,1,1,已售/已满,已售,多云,18,15,4,0.0,82,28
2026-05-21 08:55:34,2026-05-22,3,篮球场-1号南半场,20:30-21:30,1,1,已售/已满,已售,多云,18,15,4,0.0,84,28
2026-05-21 09:00:51,2026-05-22,3,篮球场-1号南半场,20:30-21:30,1,1,已售/已满,已售,多云,18,15,4,0.0,84,28
2026-05-21 09:01:59,2026-05-22,3,篮球场-1号南半场,20:30-21:30,1,1,已售/已满,已售,多云,18,15,4,0.0,83,28
2026-05-21 09:05:33,2026-05-22,3,篮球场-1号南半场,20:30-21:30,1,1,已售/已满,已售,多云,18,15,4,0.0,83,28
2026-05-21 09:20:38,2026-05-22,3,篮球场-1号南半场,20:30-21:30,1,1,已售/已满,已售,多云,18,16,3,0.0,81,28
2026-05-21 09:30:46,2026-05-22,3,篮球场-1号南半场,20:30-21:30,1,1,已售/已满,已售,多云,18,16,3,0.0,81,32
2026-05-21 09:40:36,2026-05-22,3,篮球场-1号南半场,20:30-21:30,1,1,已售/已满,已售,多云,19,17,3,0.0,79,32
2026-05-21 09:50:42,2026-05-22,3,篮球场-1号南半场,20:30-21:30,1,1,已售/已满,已售,多云,19,17,4,0.0,81,32
2026-05-21 10:00:46,2026-05-22,3,篮球场-1号南半场,20:30-21:30,1,1,已售/已满,已售,多云,19,17,4,0.0,79,32
2026-05-21 10:10:40,2026-05-22,3,篮球场-1号南半场,20:30-21:30,1,1,已售/已满,已售,多云,19,17,4,0.0,79,32
2026-05-21 10:20:38,2026-05-22,3,篮球场-1号南半场,20:30-21:30,1,1,已售/已满,已售,多云,19,17,4,0.0,79,32
2026-05-21 10:30:41,2026-05-22,3,篮球场-1号南半场,20:30-21:30,1,1,已售/已满,已售,多云,19,18,3,0.0,78,31
2026-05-21 11:00:44,2026-05-22,3,篮球场-1号南半场,20:30-21:30,1,1,已售/已满,已售,多云,21,17,5,0.0,74,31
2026-05-21 11:30:38,2026-05-22,3,篮球场-1号南半场,20:30-21:30,1,1,已售/已满,已售,多云,21,19,3,0.0,72,33
2026-05-21 12:00:46,2026-05-22,3,篮球场-1号南半场,20:30-21:30,1,1,已售/已满,已售,多云,22,19,4,0.0,70,33
2026-05-21 12:30:42,2026-05-22,3,篮球场-1号南半场,20:30-21:30,1,1,已售/已满,已售,多云,22,21,3,0.0,68,35
2026-05-21 13:00:43,2026-05-22,3,篮球场-1号南半场,20:30-21:30,1,1,已售/已满,已售,多云,24,22,4,0.0,66,35
2026-05-21 13:30:43,2026-05-22,3,篮球场-1号南半场,20:30-21:30,1,1,已售/已满,已售,多云,24,22,4,0.0,66,36
2026-05-21 14:00:48,2026-05-22,3,篮球场-1号南半场,20:30-21:30,1,1,已售/已满,已售,多云,25,23,4,0.0,66,36
2026-05-21 14:30:45,2026-05-22,3,篮球场-1号南半场,20:30-21:30,1,1,已售/已满,已售,晴,25,25,3,0.0,65,39
2026-05-21 15:00:45,2026-05-22,3,篮球场-1号南半场,20:30-21:30,1,1,已售/已满,已售,晴,25,22,4,0.0,56,39
2026-05-21 15:30:43,2026-05-22,3,篮球场-1号南半场,20:30-21:30,1,1,已售/已满,已售,晴,25,23,4,0.0,57,40
2026-05-21 16:00:51,2026-05-22,3,篮球场-1号南半场,20:30-21:30,1,1,已售/已满,已售,晴,25,23,4,0.0,57,40
2026-05-21 16:30:48,2026-05-22,3,篮球场-1号南半场,20:30-21:30,1,1,已售/已满,已售,晴,25,24,3,0.0,60,39
2026-05-21 17:00:49,2026-05-22,3,篮球场-1号南半场,20:30-21:30,1,1,已售/已满,已售,晴,25,24,4,0.0,61,39
2026-05-21 17:30:47,2026-05-22,3,篮球场-1号南半场,20:30-21:30,1,1,已售/已满,已售,多云,24,23,3,0.0,64,39
2026-05-21 18:00:50,2026-05-22,3,篮球场-1号南半场,20:30-21:30,1,1,已售/已满,已售,多云,24,23,3,0.0,68,39
2026-05-21 18:30:50,2026-05-22,3,篮球场-1号南半场,20:30-21:30,1,1,已售/已满,已售,阴,24,25,2,0.0,68,40
2026-05-21 19:00:50,2026-05-22,3,篮球场-1号南半场,20:30-21:30,1,1,已售/已满,已售,阴,23,23,3,0.0,76,40
2026-05-21 19:30:46,2026-05-22,3,篮球场-1号南半场,20:30-21:30,1,1,已售/已满,已售,阴,23,24,2,0.0,77,39
2026-05-21 20:00:49,2026-05-22,3,篮球场-1号南半场,20:30-21:30,1,1,已售/已满,已售,雾,22,23,2,0.0,89,39
2026-05-21 20:30:44,2026-05-22,3,篮球场-1号南半场,20:30-21:30,1,1,已售/已满,已售,雾,22,24,2,0.0,93,43
2026-05-21 21:00:56,2026-05-22,3,篮球场-1号南半场,20:30-21:30,1,1,已售/已满,已售,雾,20,21,2,0.0,98,43
2026-05-21 21:30:46,2026-05-22,3,篮球场-1号南半场,20:30-21:30,1,1,已售/已满,已售,雾,20,22,1,0.0,99,41
2026-05-21 22:01:02,2026-05-22,3,篮球场-1号南半场,20:30-21:30,1,1,已售/已满,已售,雾,19,20,2,0.0,93,41
2026-05-21 22:30:47,2026-05-22,3,篮球场-1号南半场,20:30-21:30,1,1,已售/已满,已售,雾,19,19,3,0.0,88,46
2026-05-21 23:00:56,2026-05-22,3,篮球场-1号南半场,20:30-21:30,1,1,已售/已满,已售,多云,18,17,3,0.0,85,46
2026-05-21 23:30:55,2026-05-22,3,篮球场-1号南半场,20:30-21:30,1,1,已售/已满,已售,多云,18,17,3,0.0,85,48
2026-05-21 08:00:45,2026-05-22,3,篮球场-2号北半场,09:00-10:00,0,1,可预约,￥75.0,晴,17,12,5,0.0,86,29
2026-05-21 08:02:30,2026-05-22,3,篮球场-2号北半场,09:00-10:00,0,1,可预约,￥75.0,多云,17,12,5,0.0,87,29
2026-05-21 08:05:36,2026-05-22,3,篮球场-2号北半场,09:00-10:00,0,1,可预约,￥75.0,多云,17,12,5,0.0,86,29
2026-05-21 08:08:31,2026-05-22,3,篮球场-2号北半场,09:00-10:00,0,1,可预约,￥75.0,多云,17,12,5,0.0,86,29
2026-05-21 08:11:30,2026-05-22,3,篮球场-2号北半场,09:00-10:00,0,1,可预约,￥75.0,多云,17,12,5,0.0,86,29
2026-05-21 08:14:31,2026-05-22,3,篮球场-2号北半场,09:00-10:00,0,1,可预约,￥75.0,多云,17,12,5,0.0,86,29
2026-05-21 08:17:30,2026-05-22,3,篮球场-2号北半场,09:00-10:00,0,1,可预约,￥75.0,多云,17,12,5,0.0,86,29
2026-05-21 08:20:35,2026-05-22,3,篮球场-2号北半场,09:00-10:00,0,1,可预约,￥75.0,多云,17,14,4,0.0,85,29
2026-05-21 08:25:32,2026-05-22,3,篮球场-2号北半场,09:00-10:00,0,1,可预约,￥75.0,多云,17,14,4,0.0,85,28
2026-05-21 08:30:42,2026-05-22,3,篮球场-2号北半场,09:00-10:00,0,1,可预约,￥75.0,多云,18,15,4,0.0,84,28
2026-05-21 08:35:31,2026-05-22,3,篮球场-2号北半场,09:00-10:00,0,1,可预约,￥75.0,多云,18,15,4,0.0,84,28
2026-05-21 08:40:38,2026-05-22,3,篮球场-2号北半场,09:00-10:00,0,1,可预约,￥75.0,多云,18,15,4,0.0,82,28
2026-05-21 08:45:33,2026-05-22,3,篮球场-2号北半场,09:00-10:00,0,1,可预约,￥75.0,多云,18,15,4,0.0,82,28
2026-05-21 08:50:36,2026-05-22,3,篮球场-2号北半场,09:00-10:00,0,1,可预约,￥75.0,多云,18,15,4,0.0,82,28
2026-05-21 08:55:34,2026-05-22,3,篮球场-2号北半场,09:00-10:00,0,1,可预约,￥75.0,多云,18,15,4,0.0,84,28
2026-05-21 09:00:51,2026-05-22,3,篮球场-2号北半场,09:00-10:00,0,1,可预约,￥75.0,多云,18,15,4,0.0,84,28
2026-05-21 09:01:59,2026-05-22,3,篮球场-2号北半场,09:00-10:00,0,1,可预约,￥75.0,多云,18,15,4,0.0,83,28
2026-05-21 09:05:33,2026-05-22,3,篮球场-2号北半场,09:00-10:00,0,1,可预约,￥75.0,多云,18,15,4,0.0,83,28
2026-05-21 09:20:38,2026-05-22,3,篮球场-2号北半场,09:00-10:00,0,1,可预约,￥75.0,多云,18,16,3,0.0,81,28
2026-05-21 09:30:46,2026-05-22,3,篮球场-2号北半场,09:00-10:00,0,1,可预约,￥75.0,多云,18,16,3,0.0,81,32
2026-05-21 09:40:36,2026-05-22,3,篮球场-2号北半场,09:00-10:00,0,1,可预约,￥75.0,多云,19,17,3,0.0,79,32
2026-05-21 09:50:42,2026-05-22,3,篮球场-2号北半场,09:00-10:00,0,1,可预约,￥75.0,多云,19,17,4,0.0,81,32
2026-05-21 10:00:46,2026-05-22,3,篮球场-2号北半场,09:00-10:00,0,1,可预约,￥75.0,多云,19,17,4,0.0,79,32
2026-05-21 10:10:40,2026-05-22,3,篮球场-2号北半场,09:00-10:00,0,1,可预约,￥75.0,多云,19,17,4,0.0,79,32
2026-05-21 10:20:38,2026-05-22,3,篮球场-2号北半场,09:00-10:00,0,1,可预约,￥75.0,多云,19,17,4,0.0,79,32
2026-05-21 10:30:41,2026-05-22,3,篮球场-2号北半场,09:00-10:00,0,1,可预约,￥75.0,多云,19,18,3,0.0,78,31
2026-05-21 11:00:44,2026-05-22,3,篮球场-2号北半场,09:00-10:00,0,1,可预约,￥75.0,多云,21,17,5,0.0,74,31
2026-05-21 11:30:38,2026-05-22,3,篮球场-2号北半场,09:00-10:00,0,1,可预约,￥75.0,多云,21,19,3,0.0,72,33
2026-05-21 12:00:46,2026-05-22,3,篮球场-2号北半场,09:00-10:00,0,1,可预约,￥75.0,多云,22,19,4,0.0,70,33
2026-05-21 12:30:42,2026-05-22,3,篮球场-2号北半场,09:00-10:00,0,1,可预约,￥75.0,多云,22,21,3,0.0,68,35
2026-05-21 13:00:43,2026-05-22,3,篮球场-2号北半场,09:00-10:00,0,1,可预约,￥75.0,多云,24,22,4,0.0,66,35
2026-05-21 13:30:43,2026-05-22,3,篮球场-2号北半场,09:00-10:00,0,1,可预约,￥75.0,多云,24,22,4,0.0,66,36
2026-05-21 14:00:48,2026-05-22,3,篮球场-2号北半场,09:00-10:00,0,1,可预约,￥75.0,多云,25,23,4,0.0,66,36
2026-05-21 14:30:45,2026-05-22,3,篮球场-2号北半场,09:00-10:00,0,1,可预约,￥75.0,晴,25,25,3,0.0,65,39
2026-05-21 15:00:45,2026-05-22,3,篮球场-2号北半场,09:00-10:00,0,1,可预约,￥75.0,晴,25,22,4,0.0,56,39
2026-05-21 15:30:43,2026-05-22,3,篮球场-2号北半场,09:00-10:00,0,1,可预约,￥75.0,晴,25,23,4,0.0,57,40
2026-05-21 16:00:51,2026-05-22,3,篮球场-2号北半场,09:00-10:00,0,1,可预约,￥75.0,晴,25,23,4,0.0,57,40
2026-05-21 16:30:48,2026-05-22,3,篮球场-2号北半场,09:00-10:00,0,1,可预约,￥75.0,晴,25,24,3,0.0,60,39
2026-05-21 17:00:49,2026-05-22,3,篮球场-2号北半场,09:00-10:00,0,1,可预约,￥75.0,晴,25,24,4,0.0,61,39
2026-05-21 17:30:47,2026-05-22,3,篮球场-2号北半场,09:00-10:00,0,1,可预约,￥75.0,多云,24,23,3,0.0,64,39
2026-05-21 18:00:50,2026-05-22,3,篮球场-2号北半场,09:00-10:00,0,1,可预约,￥75.0,多云,24,23,3,0.0,68,39
2026-05-21 18:30:50,2026-05-22,3,篮球场-2号北半场,09:00-10:00,0,1,可预约,￥75.0,阴,24,25,2,0.0,68,40
2026-05-21 19:00:50,2026-05-22,3,篮球场-2号北半场,09:00-10:00,0,1,可预约,￥75.0,阴,23,23,3,0.0,76,40
2026-05-21 19:30:46,2026-05-22,3,篮球场-2号北半场,09:00-10:00,0,1,可预约,￥75.0,阴,23,24,2,0.0,77,39
2026-05-21 20:00:49,2026-05-22,3,篮球场-2号北半场,09:00-10:00,0,1,可预约,￥75.0,雾,22,23,2,0.0,89,39
2026-05-21 20:30:44,2026-05-22,3,篮球场-2号北半场,09:00-10:00,0,1,可预约,￥75.0,雾,22,24,2,0.0,93,43
2026-05-21 21:00:56,2026-05-22,3,篮球场-2号北半场,09:00-10:00,0,1,可预约,￥75.0,雾,20,21,2,0.0,98,43
2026-05-21 21:30:46,2026-05-22,3,篮球场-2号北半场,09:00-10:00,0,1,可预约,￥75.0,雾,20,22,1,0.0,99,41
2026-05-21 22:01:02,2026-05-22,3,篮球场-2号北半场,09:00-10:00,0,1,可预约,￥75.0,雾,19,20,2,0.0,93,41
2026-05-21 22:30:47,2026-05-22,3,篮球场-2号北半场,09:00-10:00,0,1,可预约,￥75.0,雾,19,19,3,0.0,88,46
2026-05-21 23:00:56,2026-05-22,3,篮球场-2号北半场,09:00-10:00,0,1,可预约,￥75.0,多云,18,17,3,0.0,85,46
2026-05-21 23:30:55,2026-05-22,3,篮球场-2号北半场,09:00-10:00,0,1,可预约,￥75.0,多云,18,17,3,0.0,85,48
2026-05-21 08:00:45,2026-05-22,3,篮球场-2号北半场,10:30-11:30,1,1,已售/已满,教学时间,晴,17,12,5,0.0,86,29
2026-05-21 08:02:30,2026-05-22,3,篮球场-2号北半场,10:30-11:30,1,1,已售/已满,教学时间,多云,17,12,5,0.0,87,29
2026-05-21 08:05:36,2026-05-22,3,篮球场-2号北半场,10:30-11:30,1,1,已售/已满,教学时间,多云,17,12,5,0.0,86,29
2026-05-21 08:08:31,2026-05-22,3,篮球场-2号北半场,10:30-11:30,1,1,已售/已满,教学时间,多云,17,12,5,0.0,86,29
2026-05-21 08:11:30,2026-05-22,3,篮球场-2号北半场,10:30-11:30,1,1,已售/已满,教学时间,多云,17,12,5,0.0,86,29
2026-05-21 08:14:31,2026-05-22,3,篮球场-2号北半场,10:30-11:30,1,1,已售/已满,教学时间,多云,17,12,5,0.0,86,29
2026-05-21 08:17:30,2026-05-22,3,篮球场-2号北半场,10:30-11:30,1,1,已售/已满,教学时间,多云,17,12,5,0.0,86,29
2026-05-21 08:20:35,2026-05-22,3,篮球场-2号北半场,10:30-11:30,1,1,已售/已满,教学时间,多云,17,14,4,0.0,85,29
2026-05-21 08:25:32,2026-05-22,3,篮球场-2号北半场,10:30-11:30,1,1,已售/已满,教学时间,多云,17,14,4,0.0,85,28
2026-05-21 08:30:42,2026-05-22,3,篮球场-2号北半场,10:30-11:30,1,1,已售/已满,教学时间,多云,18,15,4,0.0,84,28
2026-05-21 08:35:31,2026-05-22,3,篮球场-2号北半场,10:30-11:30,1,1,已售/已满,教学时间,多云,18,15,4,0.0,84,28
2026-05-21 08:40:38,2026-05-22,3,篮球场-2号北半场,10:30-11:30,1,1,已售/已满,教学时间,多云,18,15,4,0.0,82,28
2026-05-21 08:45:33,2026-05-22,3,篮球场-2号北半场,10:30-11:30,1,1,已售/已满,教学时间,多云,18,15,4,0.0,82,28
2026-05-21 08:50:36,2026-05-22,3,篮球场-2号北半场,10:30-11:30,1,1,已售/已满,教学时间,多云,18,15,4,0.0,82,28
2026-05-21 08:55:34,2026-05-22,3,篮球场-2号北半场,10:30-11:30,1,1,已售/已满,教学时间,多云,18,15,4,0.0,84,28
2026-05-21 09:00:51,2026-05-22,3,篮球场-2号北半场,10:30-11:30,1,1,已售/已满,教学时间,多云,18,15,4,0.0,84,28
2026-05-21 09:01:59,2026-05-22,3,篮球场-2号北半场,10:30-11:30,1,1,已售/已满,教学时间,多云,18,15,4,0.0,83,28
2026-05-21 09:05:33,2026-05-22,3,篮球场-2号北半场,10:30-11:30,1,1,已售/已满,教学时间,多云,18,15,4,0.0,83,28
2026-05-21 09:20:38,2026-05-22,3,篮球场-2号北半场,10:30-11:30,1,1,已售/已满,教学时间,多云,18,16,3,0.0,81,28
2026-05-21 09:30:46,2026-05-22,3,篮球场-2号北半场,10:30-11:30,1,1,已售/已满,教学时间,多云,18,16,3,0.0,81,32
2026-05-21 09:40:36,2026-05-22,3,篮球场-2号北半场,10:30-11:30,1,1,已售/已满,教学时间,多云,19,17,3,0.0,79,32
2026-05-21 09:50:42,2026-05-22,3,篮球场-2号北半场,10:30-11:30,1,1,已售/已满,教学时间,多云,19,17,4,0.0,81,32
2026-05-21 10:00:46,2026-05-22,3,篮球场-2号北半场,10:30-11:30,1,1,已售/已满,教学时间,多云,19,17,4,0.0,79,32
2026-05-21 10:10:40,2026-05-22,3,篮球场-2号北半场,10:30-11:30,1,1,已售/已满,教学时间,多云,19,17,4,0.0,79,32
2026-05-21 10:20:38,2026-05-22,3,篮球场-2号北半场,10:30-11:30,1,1,已售/已满,教学时间,多云,19,17,4,0.0,79,32
2026-05-21 10:30:41,2026-05-22,3,篮球场-2号北半场,10:30-11:30,1,1,已售/已满,教学时间,多云,19,18,3,0.0,78,31
2026-05-21 11:00:44,2026-05-22,3,篮球场-2号北半场,10:30-11:30,1,1,已售/已满,教学时间,多云,21,17,5,0.0,74,31
2026-05-21 11:30:38,2026-05-22,3,篮球场-2号北半场,10:30-11:30,1,1,已售/已满,教学时间,多云,21,19,3,0.0,72,33
2026-05-21 12:00:46,2026-05-22,3,篮球场-2号北半场,10:30-11:30,1,1,已售/已满,教学时间,多云,22,19,4,0.0,70,33
2026-05-21 12:30:42,2026-05-22,3,篮球场-2号北半场,10:30-11:30,1,1,已售/已满,教学时间,多云,22,21,3,0.0,68,35
2026-05-21 13:00:43,2026-05-22,3,篮球场-2号北半场,10:30-11:30,1,1,已售/已满,教学时间,多云,24,22,4,0.0,66,35
2026-05-21 13:30:43,2026-05-22,3,篮球场-2号北半场,10:30-11:30,1,1,已售/已满,教学时间,多云,24,22,4,0.0,66,36
2026-05-21 14:00:48,2026-05-22,3,篮球场-2号北半场,10:30-11:30,1,1,已售/已满,教学时间,多云,25,23,4,0.0,66,36
2026-05-21 14:30:45,2026-05-22,3,篮球场-2号北半场,10:30-11:30,1,1,已售/已满,教学时间,晴,25,25,3,0.0,65,39
2026-05-21 15:00:45,2026-05-22,3,篮球场-2号北半场,10:30-11:30,1,1,已售/已满,教学时间,晴,25,22,4,0.0,56,39
2026-05-21 15:30:43,2026-05-22,3,篮球场-2号北半场,10:30-11:30,1,1,已售/已满,教学时间,晴,25,23,4,0.0,57,40
2026-05-21 16:00:51,2026-05-22,3,篮球场-2号北半场,10:30-11:30,1,1,已售/已满,教学时间,晴,25,23,4,0.0,57,40
2026-05-21 16:30:48,2026-05-22,3,篮球场-2号北半场,10:30-11:30,1,1,已售/已满,教学时间,晴,25,24,3,0.0,60,39
2026-05-21 17:00:49,2026-05-22,3,篮球场-2号北半场,10:30-11:30,1,1,已售/已满,教学时间,晴,25,24,4,0.0,61,39
2026-05-21 17:30:47,2026-05-22,3,篮球场-2号北半场,10:30-11:30,1,1,已售/已满,教学时间,多云,24,23,3,0.0,64,39
2026-05-21 18:00:50,2026-05-22,3,篮球场-2号北半场,10:30-11:30,1,1,已售/已满,教学时间,多云,24,23,3,0.0,68,39
2026-05-21 18:30:50,2026-05-22,3,篮球场-2号北半场,10:30-11:30,1,1,已售/已满,教学时间,阴,24,25,2,0.0,68,40
2026-05-21 19:00:50,2026-05-22,3,篮球场-2号北半场,10:30-11:30,1,1,已售/已满,教学时间,阴,23,23,3,0.0,76,40
2026-05-21 19:30:46,2026-05-22,3,篮球场-2号北半场,10:30-11:30,1,1,已售/已满,教学时间,阴,23,24,2,0.0,77,39
2026-05-21 20:00:49,2026-05-22,3,篮球场-2号北半场,10:30-11:30,1,1,已售/已满,教学时间,雾,22,23,2,0.0,89,39
2026-05-21 20:30:44,2026-05-22,3,篮球场-2号北半场,10:30-11:30,1,1,已售/已满,教学时间,雾,22,24,2,0.0,93,43
2026-05-21 21:00:56,2026-05-22,3,篮球场-2号北半场,10:30-11:30,1,1,已售/已满,教学时间,雾,20,21,2,0.0,98,43
2026-05-21 21:30:46,2026-05-22,3,篮球场-2号北半场,10:30-11:30,1,1,已售/已满,教学时间,雾,20,22,1,0.0,99,41
2026-05-21 22:01:02,2026-05-22,3,篮球场-2号北半场,10:30-11:30,1,1,已售/已满,教学时间,雾,19,20,2,0.0,93,41
2026-05-21 22:30:47,2026-05-22,3,篮球场-2号北半场,10:30-11:30,1,1,已售/已满,教学时间,雾,19,19,3,0.0,88,46
2026-05-21 23:00:56,2026-05-22,3,篮球场-2号北半场,10:30-11:30,1,1,已售/已满,教学时间,多云,18,17,3,0.0,85,46
2026-05-21 23:30:55,2026-05-22,3,篮球场-2号北半场,10:30-11:30,1,1,已售/已满,教学时间,多云,18,17,3,0.0,85,48
2026-05-21 08:00:45,2026-05-22,3,篮球场-2号北半场,12:00-13:00,0,1,可预约,￥75.0,晴,17,12,5,0.0,86,29
2026-05-21 08:02:30,2026-05-22,3,篮球场-2号北半场,12:00-13:00,0,1,可预约,￥75.0,多云,17,12,5,0.0,87,29
2026-05-21 08:05:36,2026-05-22,3,篮球场-2号北半场,12:00-13:00,0,1,可预约,￥75.0,多云,17,12,5,0.0,86,29
2026-05-21 08:08:31,2026-05-22,3,篮球场-2号北半场,12:00-13:00,0,1,可预约,￥75.0,多云,17,12,5,0.0,86,29
2026-05-21 08:11:30,2026-05-22,3,篮球场-2号北半场,12:00-13:00,0,1,可预约,￥75.0,多云,17,12,5,0.0,86,29
2026-05-21 08:14:31,2026-05-22,3,篮球场-2号北半场,12:00-13:00,0,1,可预约,￥75.0,多云,17,12,5,0.0,86,29
2026-05-21 08:17:30,2026-05-22,3,篮球场-2号北半场,12:00-13:00,0,1,可预约,￥75.0,多云,17,12,5,0.0,86,29
2026-05-21 08:20:35,2026-05-22,3,篮球场-2号北半场,12:00-13:00,0,1,可预约,￥75.0,多云,17,14,4,0.0,85,29
2026-05-21 08:25:32,2026-05-22,3,篮球场-2号北半场,12:00-13:00,0,1,可预约,￥75.0,多云,17,14,4,0.0,85,28
2026-05-21 08:30:42,2026-05-22,3,篮球场-2号北半场,12:00-13:00,0,1,可预约,￥75.0,多云,18,15,4,0.0,84,28
2026-05-21 08:35:31,2026-05-22,3,篮球场-2号北半场,12:00-13:00,0,1,可预约,￥75.0,多云,18,15,4,0.0,84,28
2026-05-21 08:40:38,2026-05-22,3,篮球场-2号北半场,12:00-13:00,0,1,可预约,￥75.0,多云,18,15,4,0.0,82,28
2026-05-21 08:45:33,2026-05-22,3,篮球场-2号北半场,12:00-13:00,0,1,可预约,￥75.0,多云,18,15,4,0.0,82,28
2026-05-21 08:50:36,2026-05-22,3,篮球场-2号北半场,12:00-13:00,0,1,可预约,￥75.0,多云,18,15,4,0.0,82,28
2026-05-21 08:55:34,2026-05-22,3,篮球场-2号北半场,12:00-13:00,0,1,可预约,￥75.0,多云,18,15,4,0.0,84,28
2026-05-21 09:00:51,2026-05-22,3,篮球场-2号北半场,12:00-13:00,0,1,可预约,￥75.0,多云,18,15,4,0.0,84,28
2026-05-21 09:01:59,2026-05-22,3,篮球场-2号北半场,12:00-13:00,0,1,可预约,￥75.0,多云,18,15,4,0.0,83,28
2026-05-21 09:05:33,2026-05-22,3,篮球场-2号北半场,12:00-13:00,0,1,可预约,￥75.0,多云,18,15,4,0.0,83,28
2026-05-21 09:20:38,2026-05-22,3,篮球场-2号北半场,12:00-13:00,0,1,可预约,￥75.0,多云,18,16,3,0.0,81,28
2026-05-21 09:30:46,2026-05-22,3,篮球场-2号北半场,12:00-13:00,0,1,可预约,￥75.0,多云,18,16,3,0.0,81,32
2026-05-21 09:40:36,2026-05-22,3,篮球场-2号北半场,12:00-13:00,0,1,可预约,￥75.0,多云,19,17,3,0.0,79,32
2026-05-21 09:50:42,2026-05-22,3,篮球场-2号北半场,12:00-13:00,0,1,可预约,￥75.0,多云,19,17,4,0.0,81,32
2026-05-21 10:00:46,2026-05-22,3,篮球场-2号北半场,12:00-13:00,0,1,可预约,￥75.0,多云,19,17,4,0.0,79,32
2026-05-21 10:10:40,2026-05-22,3,篮球场-2号北半场,12:00-13:00,0,1,可预约,￥75.0,多云,19,17,4,0.0,79,32
2026-05-21 10:20:38,2026-05-22,3,篮球场-2号北半场,12:00-13:00,0,1,可预约,￥75.0,多云,19,17,4,0.0,79,32
2026-05-21 10:30:41,2026-05-22,3,篮球场-2号北半场,12:00-13:00,0,1,可预约,￥75.0,多云,19,18,3,0.0,78,31
2026-05-21 11:00:44,2026-05-22,3,篮球场-2号北半场,12:00-13:00,0,1,可预约,￥75.0,多云,21,17,5,0.0,74,31
2026-05-21 11:30:38,2026-05-22,3,篮球场-2号北半场,12:00-13:00,0,1,可预约,￥75.0,多云,21,19,3,0.0,72,33
2026-05-21 12:00:46,2026-05-22,3,篮球场-2号北半场,12:00-13:00,0,1,可预约,￥75.0,多云,22,19,4,0.0,70,33
2026-05-21 12:30:42,2026-05-22,3,篮球场-2号北半场,12:00-13:00,0,1,可预约,￥75.0,多云,22,21,3,0.0,68,35
2026-05-21 13:00:43,2026-05-22,3,篮球场-2号北半场,12:00-13:00,0,1,可预约,￥75.0,多云,24,22,4,0.0,66,35
2026-05-21 13:30:43,2026-05-22,3,篮球场-2号北半场,12:00-13:00,0,1,可预约,￥75.0,多云,24,22,4,0.0,66,36
2026-05-21 14:00:48,2026-05-22,3,篮球场-2号北半场,12:00-13:00,0,1,可预约,￥75.0,多云,25,23,4,0.0,66,36
2026-05-21 14:30:45,2026-05-22,3,篮球场-2号北半场,12:00-13:00,0,1,可预约,￥75.0,晴,25,25,3,0.0,65,39
2026-05-21 15:00:45,2026-05-22,3,篮球场-2号北半场,12:00-13:00,0,1,可预约,￥75.0,晴,25,22,4,0.0,56,39
2026-05-21 15:30:43,2026-05-22,3,篮球场-2号北半场,12:00-13:00,0,1,可预约,￥75.0,晴,25,23,4,0.0,57,40
2026-05-21 16:00:51,2026-05-22,3,篮球场-2号北半场,12:00-13:00,0,1,可预约,￥75.0,晴,25,23,4,0.0,57,40
2026-05-21 16:30:48,2026-05-22,3,篮球场-2号北半场,12:00-13:00,0,1,可预约,￥75.0,晴,25,24,3,0.0,60,39
2026-05-21 17:00:49,2026-05-22,3,篮球场-2号北半场,12:00-13:00,0,1,可预约,￥75.0,晴,25,24,4,0.0,61,39
2026-05-21 17:30:47,2026-05-22,3,篮球场-2号北半场,12:00-13:00,0,1,可预约,￥75.0,多云,24,23,3,0.0,64,39
2026-05-21 18:00:50,2026-05-22,3,篮球场-2号北半场,12:00-13:00,0,1,可预约,￥75.0,多云,24,23,3,0.0,68,39
2026-05-21 18:30:50,2026-05-22,3,篮球场-2号北半场,12:00-13:00,0,1,可预约,￥75.0,阴,24,25,2,0.0,68,40
2026-05-21 19:00:50,2026-05-22,3,篮球场-2号北半场,12:00-13:00,0,1,可预约,￥75.0,阴,23,23,3,0.0,76,40
2026-05-21 19:30:46,2026-05-22,3,篮球场-2号北半场,12:00-13:00,0,1,可预约,￥75.0,阴,23,24,2,0.0,77,39
2026-05-21 20:00:49,2026-05-22,3,篮球场-2号北半场,12:00-13:00,0,1,可预约,￥75.0,雾,22,23,2,0.0,89,39
2026-05-21 20:30:44,2026-05-22,3,篮球场-2号北半场,12:00-13:00,0,1,可预约,￥75.0,雾,22,24,2,0.0,93,43
2026-05-21 21:00:56,2026-05-22,3,篮球场-2号北半场,12:00-13:00,0,1,可预约,￥75.0,雾,20,21,2,0.0,98,43
2026-05-21 21:30:46,2026-05-22,3,篮球场-2号北半场,12:00-13:00,0,1,可预约,￥75.0,雾,20,22,1,0.0,99,41
2026-05-21 22:01:02,2026-05-22,3,篮球场-2号北半场,12:00-13:00,0,1,可预约,￥75.0,雾,19,20,2,0.0,93,41
2026-05-21 22:30:47,2026-05-22,3,篮球场-2号北半场,12:00-13:00,0,1,可预约,￥75.0,雾,19,19,3,0.0,88,46
2026-05-21 23:00:56,2026-05-22,3,篮球场-2号北半场,12:00-13:00,0,1,可预约,￥75.0,多云,18,17,3,0.0,85,46
2026-05-21 23:30:55,2026-05-22,3,篮球场-2号北半场,12:00-13:00,0,1,可预约,￥75.0,多云,18,17,3,0.0,85,48
2026-05-21 08:00:45,2026-05-22,3,篮球场-2号北半场,14:00-15:00,1,1,已售/已满,教学时间,晴,17,12,5,0.0,86,29
2026-05-21 08:02:30,2026-05-22,3,篮球场-2号北半场,14:00-15:00,1,1,已售/已满,教学时间,多云,17,12,5,0.0,87,29
2026-05-21 08:05:36,2026-05-22,3,篮球场-2号北半场,14:00-15:00,1,1,已售/已满,教学时间,多云,17,12,5,0.0,86,29
2026-05-21 08:08:31,2026-05-22,3,篮球场-2号北半场,14:00-15:00,1,1,已售/已满,教学时间,多云,17,12,5,0.0,86,29
2026-05-21 08:11:30,2026-05-22,3,篮球场-2号北半场,14:00-15:00,1,1,已售/已满,教学时间,多云,17,12,5,0.0,86,29
2026-05-21 08:14:31,2026-05-22,3,篮球场-2号北半场,14:00-15:00,1,1,已售/已满,教学时间,多云,17,12,5,0.0,86,29
2026-05-21 08:17:30,2026-05-22,3,篮球场-2号北半场,14:00-15:00,1,1,已售/已满,教学时间,多云,17,12,5,0.0,86,29
2026-05-21 08:20:35,2026-05-22,3,篮球场-2号北半场,14:00-15:00,1,1,已售/已满,教学时间,多云,17,14,4,0.0,85,29
2026-05-21 08:25:32,2026-05-22,3,篮球场-2号北半场,14:00-15:00,1,1,已售/已满,教学时间,多云,17,14,4,0.0,85,28
2026-05-21 08:30:42,2026-05-22,3,篮球场-2号北半场,14:00-15:00,1,1,已售/已满,教学时间,多云,18,15,4,0.0,84,28
2026-05-21 08:35:31,2026-05-22,3,篮球场-2号北半场,14:00-15:00,1,1,已售/已满,教学时间,多云,18,15,4,0.0,84,28
2026-05-21 08:40:38,2026-05-22,3,篮球场-2号北半场,14:00-15:00,1,1,已售/已满,教学时间,多云,18,15,4,0.0,82,28
2026-05-21 08:45:33,2026-05-22,3,篮球场-2号北半场,14:00-15:00,1,1,已售/已满,教学时间,多云,18,15,4,0.0,82,28
2026-05-21 08:50:36,2026-05-22,3,篮球场-2号北半场,14:00-15:00,1,1,已售/已满,教学时间,多云,18,15,4,0.0,82,28
2026-05-21 08:55:34,2026-05-22,3,篮球场-2号北半场,14:00-15:00,1,1,已售/已满,教学时间,多云,18,15,4,0.0,84,28
2026-05-21 09:00:51,2026-05-22,3,篮球场-2号北半场,14:00-15:00,1,1,已售/已满,教学时间,多云,18,15,4,0.0,84,28
2026-05-21 09:01:59,2026-05-22,3,篮球场-2号北半场,14:00-15:00,1,1,已售/已满,教学时间,多云,18,15,4,0.0,83,28
2026-05-21 09:05:33,2026-05-22,3,篮球场-2号北半场,14:00-15:00,1,1,已售/已满,教学时间,多云,18,15,4,0.0,83,28
2026-05-21 09:20:38,2026-05-22,3,篮球场-2号北半场,14:00-15:00,1,1,已售/已满,教学时间,多云,18,16,3,0.0,81,28
2026-05-21 09:30:46,2026-05-22,3,篮球场-2号北半场,14:00-15:00,1,1,已售/已满,教学时间,多云,18,16,3,0.0,81,32
2026-05-21 09:40:36,2026-05-22,3,篮球场-2号北半场,14:00-15:00,1,1,已售/已满,教学时间,多云,19,17,3,0.0,79,32
2026-05-21 09:50:42,2026-05-22,3,篮球场-2号北半场,14:00-15:00,1,1,已售/已满,教学时间,多云,19,17,4,0.0,81,32
2026-05-21 10:00:46,2026-05-22,3,篮球场-2号北半场,14:00-15:00,1,1,已售/已满,教学时间,多云,19,17,4,0.0,79,32
2026-05-21 10:10:40,2026-05-22,3,篮球场-2号北半场,14:00-15:00,1,1,已售/已满,教学时间,多云,19,17,4,0.0,79,32
2026-05-21 10:20:38,2026-05-22,3,篮球场-2号北半场,14:00-15:00,1,1,已售/已满,教学时间,多云,19,17,4,0.0,79,32
2026-05-21 10:30:41,2026-05-22,3,篮球场-2号北半场,14:00-15:00,1,1,已售/已满,教学时间,多云,19,18,3,0.0,78,31
2026-05-21 11:00:44,2026-05-22,3,篮球场-2号北半场,14:00-15:00,1,1,已售/已满,教学时间,多云,21,17,5,0.0,74,31
2026-05-21 11:30:38,2026-05-22,3,篮球场-2号北半场,14:00-15:00,1,1,已售/已满,教学时间,多云,21,19,3,0.0,72,33
2026-05-21 12:00:46,2026-05-22,3,篮球场-2号北半场,14:00-15:00,1,1,已售/已满,教学时间,多云,22,19,4,0.0,70,33
2026-05-21 12:30:42,2026-05-22,3,篮球场-2号北半场,14:00-15:00,1,1,已售/已满,教学时间,多云,22,21,3,0.0,68,35
2026-05-21 13:00:43,2026-05-22,3,篮球场-2号北半场,14:00-15:00,1,1,已售/已满,教学时间,多云,24,22,4,0.0,66,35
2026-05-21 13:30:43,2026-05-22,3,篮球场-2号北半场,14:00-15:00,1,1,已售/已满,教学时间,多云,24,22,4,0.0,66,36
2026-05-21 14:00:48,2026-05-22,3,篮球场-2号北半场,14:00-15:00,1,1,已售/已满,教学时间,多云,25,23,4,0.0,66,36
2026-05-21 14:30:45,2026-05-22,3,篮球场-2号北半场,14:00-15:00,1,1,已售/已满,教学时间,晴,25,25,3,0.0,65,39
2026-05-21 15:00:45,2026-05-22,3,篮球场-2号北半场,14:00-15:00,1,1,已售/已满,教学时间,晴,25,22,4,0.0,56,39
2026-05-21 15:30:43,2026-05-22,3,篮球场-2号北半场,14:00-15:00,1,1,已售/已满,教学时间,晴,25,23,4,0.0,57,40
2026-05-21 16:00:51,2026-05-22,3,篮球场-2号北半场,14:00-15:00,1,1,已售/已满,教学时间,晴,25,23,4,0.0,57,40
2026-05-21 16:30:48,2026-05-22,3,篮球场-2号北半场,14:00-15:00,1,1,已售/已满,教学时间,晴,25,24,3,0.0,60,39
2026-05-21 17:00:49,2026-05-22,3,篮球场-2号北半场,14:00-15:00,1,1,已售/已满,教学时间,晴,25,24,4,0.0,61,39
2026-05-21 17:30:47,2026-05-22,3,篮球场-2号北半场,14:00-15:00,1,1,已售/已满,教学时间,多云,24,23,3,0.0,64,39
2026-05-21 18:00:50,2026-05-22,3,篮球场-2号北半场,14:00-15:00,1,1,已售/已满,教学时间,多云,24,23,3,0.0,68,39
2026-05-21 18:30:50,2026-05-22,3,篮球场-2号北半场,14:00-15:00,1,1,已售/已满,教学时间,阴,24,25,2,0.0,68,40
2026-05-21 19:00:50,2026-05-22,3,篮球场-2号北半场,14:00-15:00,1,1,已售/已满,教学时间,阴,23,23,3,0.0,76,40
2026-05-21 19:30:46,2026-05-22,3,篮球场-2号北半场,14:00-15:00,1,1,已售/已满,教学时间,阴,23,24,2,0.0,77,39
2026-05-21 20:00:49,2026-05-22,3,篮球场-2号北半场,14:00-15:00,1,1,已售/已满,教学时间,雾,22,23,2,0.0,89,39
2026-05-21 20:30:44,2026-05-22,3,篮球场-2号北半场,14:00-15:00,1,1,已售/已满,教学时间,雾,22,24,2,0.0,93,43
2026-05-21 21:00:56,2026-05-22,3,篮球场-2号北半场,14:00-15:00,1,1,已售/已满,教学时间,雾,20,21,2,0.0,98,43
2026-05-21 21:30:46,2026-05-22,3,篮球场-2号北半场,14:00-15:00,1,1,已售/已满,教学时间,雾,20,22,1,0.0,99,41
2026-05-21 22:01:02,2026-05-22,3,篮球场-2号北半场,14:00-15:00,1,1,已售/已满,教学时间,雾,19,20,2,0.0,93,41
2026-05-21 22:30:47,2026-05-22,3,篮球场-2号北半场,14:00-15:00,1,1,已售/已满,教学时间,雾,19,19,3,0.0,88,46
2026-05-21 23:00:56,2026-05-22,3,篮球场-2号北半场,14:00-15:00,1,1,已售/已满,教学时间,多云,18,17,3,0.0,85,46
2026-05-21 23:30:55,2026-05-22,3,篮球场-2号北半场,14:00-15:00,1,1,已售/已满,教学时间,多云,18,17,3,0.0,85,48
2026-05-21 08:00:45,2026-05-22,3,篮球场-2号北半场,15:00-16:00,1,1,已售/已满,教学时间,晴,17,12,5,0.0,86,29
2026-05-21 08:02:30,2026-05-22,3,篮球场-2号北半场,15:00-16:00,1,1,已售/已满,教学时间,多云,17,12,5,0.0,87,29
2026-05-21 08:05:36,2026-05-22,3,篮球场-2号北半场,15:00-16:00,1,1,已售/已满,教学时间,多云,17,12,5,0.0,86,29
2026-05-21 08:08:31,2026-05-22,3,篮球场-2号北半场,15:00-16:00,1,1,已售/已满,教学时间,多云,17,12,5,0.0,86,29
2026-05-21 08:11:30,2026-05-22,3,篮球场-2号北半场,15:00-16:00,1,1,已售/已满,教学时间,多云,17,12,5,0.0,86,29
2026-05-21 08:14:31,2026-05-22,3,篮球场-2号北半场,15:00-16:00,1,1,已售/已满,教学时间,多云,17,12,5,0.0,86,29
2026-05-21 08:17:30,2026-05-22,3,篮球场-2号北半场,15:00-16:00,1,1,已售/已满,教学时间,多云,17,12,5,0.0,86,29
2026-05-21 08:20:35,2026-05-22,3,篮球场-2号北半场,15:00-16:00,1,1,已售/已满,教学时间,多云,17,14,4,0.0,85,29
2026-05-21 08:25:32,2026-05-22,3,篮球场-2号北半场,15:00-16:00,1,1,已售/已满,教学时间,多云,17,14,4,0.0,85,28
2026-05-21 08:30:42,2026-05-22,3,篮球场-2号北半场,15:00-16:00,1,1,已售/已满,教学时间,多云,18,15,4,0.0,84,28
2026-05-21 08:35:31,2026-05-22,3,篮球场-2号北半场,15:00-16:00,1,1,已售/已满,教学时间,多云,18,15,4,0.0,84,28
2026-05-21 08:40:38,2026-05-22,3,篮球场-2号北半场,15:00-16:00,1,1,已售/已满,教学时间,多云,18,15,4,0.0,82,28
2026-05-21 08:45:33,2026-05-22,3,篮球场-2号北半场,15:00-16:00,1,1,已售/已满,教学时间,多云,18,15,4,0.0,82,28
2026-05-21 08:50:36,2026-05-22,3,篮球场-2号北半场,15:00-16:00,1,1,已售/已满,教学时间,多云,18,15,4,0.0,82,28
2026-05-21 08:55:34,2026-05-22,3,篮球场-2号北半场,15:00-16:00,1,1,已售/已满,教学时间,多云,18,15,4,0.0,84,28
2026-05-21 09:00:51,2026-05-22,3,篮球场-2号北半场,15:00-16:00,1,1,已售/已满,教学时间,多云,18,15,4,0.0,84,28
2026-05-21 09:01:59,2026-05-22,3,篮球场-2号北半场,15:00-16:00,1,1,已售/已满,教学时间,多云,18,15,4,0.0,83,28
2026-05-21 09:05:33,2026-05-22,3,篮球场-2号北半场,15:00-16:00,1,1,已售/已满,教学时间,多云,18,15,4,0.0,83,28
2026-05-21 09:20:38,2026-05-22,3,篮球场-2号北半场,15:00-16:00,1,1,已售/已满,教学时间,多云,18,16,3,0.0,81,28
2026-05-21 09:30:46,2026-05-22,3,篮球场-2号北半场,15:00-16:00,1,1,已售/已满,教学时间,多云,18,16,3,0.0,81,32
2026-05-21 09:40:36,2026-05-22,3,篮球场-2号北半场,15:00-16:00,1,1,已售/已满,教学时间,多云,19,17,3,0.0,79,32
2026-05-21 09:50:42,2026-05-22,3,篮球场-2号北半场,15:00-16:00,1,1,已售/已满,教学时间,多云,19,17,4,0.0,81,32
2026-05-21 10:00:46,2026-05-22,3,篮球场-2号北半场,15:00-16:00,1,1,已售/已满,教学时间,多云,19,17,4,0.0,79,32
2026-05-21 10:10:40,2026-05-22,3,篮球场-2号北半场,15:00-16:00,1,1,已售/已满,教学时间,多云,19,17,4,0.0,79,32
2026-05-21 10:20:38,2026-05-22,3,篮球场-2号北半场,15:00-16:00,1,1,已售/已满,教学时间,多云,19,17,4,0.0,79,32
2026-05-21 10:30:41,2026-05-22,3,篮球场-2号北半场,15:00-16:00,1,1,已售/已满,教学时间,多云,19,18,3,0.0,78,31
2026-05-21 11:00:44,2026-05-22,3,篮球场-2号北半场,15:00-16:00,1,1,已售/已满,教学时间,多云,21,17,5,0.0,74,31
2026-05-21 11:30:38,2026-05-22,3,篮球场-2号北半场,15:00-16:00,1,1,已售/已满,教学时间,多云,21,19,3,0.0,72,33
2026-05-21 12:00:46,2026-05-22,3,篮球场-2号北半场,15:00-16:00,1,1,已售/已满,教学时间,多云,22,19,4,0.0,70,33
2026-05-21 12:30:42,2026-05-22,3,篮球场-2号北半场,15:00-16:00,1,1,已售/已满,教学时间,多云,22,21,3,0.0,68,35
2026-05-21 13:00:43,2026-05-22,3,篮球场-2号北半场,15:00-16:00,1,1,已售/已满,教学时间,多云,24,22,4,0.0,66,35
2026-05-21 13:30:43,2026-05-22,3,篮球场-2号北半场,15:00-16:00,1,1,已售/已满,教学时间,多云,24,22,4,0.0,66,36
2026-05-21 14:00:48,2026-05-22,3,篮球场-2号北半场,15:00-16:00,1,1,已售/已满,教学时间,多云,25,23,4,0.0,66,36
2026-05-21 14:30:45,2026-05-22,3,篮球场-2号北半场,15:00-16:00,1,1,已售/已满,教学时间,晴,25,25,3,0.0,65,39
2026-05-21 15:00:45,2026-05-22,3,篮球场-2号北半场,15:00-16:00,1,1,已售/已满,教学时间,晴,25,22,4,0.0,56,39
2026-05-21 15:30:43,2026-05-22,3,篮球场-2号北半场,15:00-16:00,1,1,已售/已满,教学时间,晴,25,23,4,0.0,57,40
2026-05-21 16:00:51,2026-05-22,3,篮球场-2号北半场,15:00-16:00,1,1,已售/已满,教学时间,晴,25,23,4,0.0,57,40
2026-05-21 16:30:48,2026-05-22,3,篮球场-2号北半场,15:00-16:00,1,1,已售/已满,教学时间,晴,25,24,3,0.0,60,39
2026-05-21 17:00:49,2026-05-22,3,篮球场-2号北半场,15:00-16:00,1,1,已售/已满,教学时间,晴,25,24,4,0.0,61,39
2026-05-21 17:30:47,2026-05-22,3,篮球场-2号北半场,15:00-16:00,1,1,已售/已满,教学时间,多云,24,23,3,0.0,64,39
2026-05-21 18:00:50,2026-05-22,3,篮球场-2号北半场,15:00-16:00,1,1,已售/已满,教学时间,多云,24,23,3,0.0,68,39
2026-05-21 18:30:50,2026-05-22,3,篮球场-2号北半场,15:00-16:00,1,1,已售/已满,教学时间,阴,24,25,2,0.0,68,40
2026-05-21 19:00:50,2026-05-22,3,篮球场-2号北半场,15:00-16:00,1,1,已售/已满,教学时间,阴,23,23,3,0.0,76,40
2026-05-21 19:30:46,2026-05-22,3,篮球场-2号北半场,15:00-16:00,1,1,已售/已满,教学时间,阴,23,24,2,0.0,77,39
2026-05-21 20:00:49,2026-05-22,3,篮球场-2号北半场,15:00-16:00,1,1,已售/已满,教学时间,雾,22,23,2,0.0,89,39
2026-05-21 20:30:44,2026-05-22,3,篮球场-2号北半场,15:00-16:00,1,1,已售/已满,教学时间,雾,22,24,2,0.0,93,43
2026-05-21 21:00:56,2026-05-22,3,篮球场-2号北半场,15:00-16:00,1,1,已售/已满,教学时间,雾,20,21,2,0.0,98,43
2026-05-21 21:30:46,2026-05-22,3,篮球场-2号北半场,15:00-16:00,1,1,已售/已满,教学时间,雾,20,22,1,0.0,99,41
2026-05-21 22:01:02,2026-05-22,3,篮球场-2号北半场,15:00-16:00,1,1,已售/已满,教学时间,雾,19,20,2,0.0,93,41
2026-05-21 22:30:47,2026-05-22,3,篮球场-2号北半场,15:00-16:00,1,1,已售/已满,教学时间,雾,19,19,3,0.0,88,46
2026-05-21 23:00:56,2026-05-22,3,篮球场-2号北半场,15:00-16:00,1,1,已售/已满,教学时间,多云,18,17,3,0.0,85,46
2026-05-21 23:30:55,2026-05-22,3,篮球场-2号北半场,15:00-16:00,1,1,已售/已满,教学时间,多云,18,17,3,0.0,85,48
2026-05-21 08:00:45,2026-05-22,3,篮球场-2号北半场,16:00-17:00,0,1,可预约,￥75.0,晴,17,12,5,0.0,86,29
2026-05-21 08:02:30,2026-05-22,3,篮球场-2号北半场,16:00-17:00,0,1,可预约,￥75.0,多云,17,12,5,0.0,87,29
2026-05-21 08:05:36,2026-05-22,3,篮球场-2号北半场,16:00-17:00,0,1,可预约,￥75.0,多云,17,12,5,0.0,86,29
2026-05-21 08:08:31,2026-05-22,3,篮球场-2号北半场,16:00-17:00,0,1,可预约,￥75.0,多云,17,12,5,0.0,86,29
2026-05-21 08:11:30,2026-05-22,3,篮球场-2号北半场,16:00-17:00,0,1,可预约,￥75.0,多云,17,12,5,0.0,86,29
2026-05-21 08:14:31,2026-05-22,3,篮球场-2号北半场,16:00-17:00,0,1,可预约,￥75.0,多云,17,12,5,0.0,86,29
2026-05-21 08:17:30,2026-05-22,3,篮球场-2号北半场,16:00-17:00,0,1,可预约,￥75.0,多云,17,12,5,0.0,86,29
2026-05-21 08:20:35,2026-05-22,3,篮球场-2号北半场,16:00-17:00,0,1,可预约,￥75.0,多云,17,14,4,0.0,85,29
2026-05-21 08:25:32,2026-05-22,3,篮球场-2号北半场,16:00-17:00,0,1,可预约,￥75.0,多云,17,14,4,0.0,85,28
2026-05-21 08:30:42,2026-05-22,3,篮球场-2号北半场,16:00-17:00,0,1,可预约,￥75.0,多云,18,15,4,0.0,84,28
2026-05-21 08:35:31,2026-05-22,3,篮球场-2号北半场,16:00-17:00,0,1,可预约,￥75.0,多云,18,15,4,0.0,84,28
2026-05-21 08:40:38,2026-05-22,3,篮球场-2号北半场,16:00-17:00,0,1,可预约,￥75.0,多云,18,15,4,0.0,82,28
2026-05-21 08:45:33,2026-05-22,3,篮球场-2号北半场,16:00-17:00,0,1,可预约,￥75.0,多云,18,15,4,0.0,82,28
2026-05-21 08:50:36,2026-05-22,3,篮球场-2号北半场,16:00-17:00,0,1,可预约,￥75.0,多云,18,15,4,0.0,82,28
2026-05-21 08:55:34,2026-05-22,3,篮球场-2号北半场,16:00-17:00,0,1,可预约,￥75.0,多云,18,15,4,0.0,84,28
2026-05-21 09:00:51,2026-05-22,3,篮球场-2号北半场,16:00-17:00,0,1,可预约,￥75.0,多云,18,15,4,0.0,84,28
2026-05-21 09:01:59,2026-05-22,3,篮球场-2号北半场,16:00-17:00,0,1,可预约,￥75.0,多云,18,15,4,0.0,83,28
2026-05-21 09:05:33,2026-05-22,3,篮球场-2号北半场,16:00-17:00,0,1,可预约,￥75.0,多云,18,15,4,0.0,83,28
2026-05-21 09:20:38,2026-05-22,3,篮球场-2号北半场,16:00-17:00,0,1,可预约,￥75.0,多云,18,16,3,0.0,81,28
2026-05-21 09:30:46,2026-05-22,3,篮球场-2号北半场,16:00-17:00,0,1,可预约,￥75.0,多云,18,16,3,0.0,81,32
2026-05-21 09:40:36,2026-05-22,3,篮球场-2号北半场,16:00-17:00,0,1,可预约,￥75.0,多云,19,17,3,0.0,79,32
2026-05-21 09:50:42,2026-05-22,3,篮球场-2号北半场,16:00-17:00,0,1,可预约,￥75.0,多云,19,17,4,0.0,81,32
2026-05-21 10:00:46,2026-05-22,3,篮球场-2号北半场,16:00-17:00,0,1,可预约,￥75.0,多云,19,17,4,0.0,79,32
2026-05-21 10:10:40,2026-05-22,3,篮球场-2号北半场,16:00-17:00,0,1,可预约,￥75.0,多云,19,17,4,0.0,79,32
2026-05-21 10:20:38,2026-05-22,3,篮球场-2号北半场,16:00-17:00,0,1,可预约,￥75.0,多云,19,17,4,0.0,79,32
2026-05-21 10:30:41,2026-05-22,3,篮球场-2号北半场,16:00-17:00,0,1,可预约,￥75.0,多云,19,18,3,0.0,78,31
2026-05-21 11:00:44,2026-05-22,3,篮球场-2号北半场,16:00-17:00,0,1,可预约,￥75.0,多云,21,17,5,0.0,74,31
2026-05-21 11:30:38,2026-05-22,3,篮球场-2号北半场,16:00-17:00,0,1,可预约,￥75.0,多云,21,19,3,0.0,72,33
2026-05-21 12:00:46,2026-05-22,3,篮球场-2号北半场,16:00-17:00,0,1,可预约,￥75.0,多云,22,19,4,0.0,70,33
2026-05-21 12:30:42,2026-05-22,3,篮球场-2号北半场,16:00-17:00,0,1,可预约,￥75.0,多云,22,21,3,0.0,68,35
2026-05-21 13:00:43,2026-05-22,3,篮球场-2号北半场,16:00-17:00,0,1,可预约,￥75.0,多云,24,22,4,0.0,66,35
2026-05-21 13:30:43,2026-05-22,3,篮球场-2号北半场,16:00-17:00,0,1,可预约,￥75.0,多云,24,22,4,0.0,66,36
2026-05-21 14:00:48,2026-05-22,3,篮球场-2号北半场,16:00-17:00,0,1,可预约,￥75.0,多云,25,23,4,0.0,66,36
2026-05-21 14:30:45,2026-05-22,3,篮球场-2号北半场,16:00-17:00,0,1,可预约,￥75.0,晴,25,25,3,0.0,65,39
2026-05-21 15:00:45,2026-05-22,3,篮球场-2号北半场,16:00-17:00,0,1,可预约,￥75.0,晴,25,22,4,0.0,56,39
2026-05-21 15:30:43,2026-05-22,3,篮球场-2号北半场,16:00-17:00,0,1,可预约,￥75.0,晴,25,23,4,0.0,57,40
2026-05-21 16:00:51,2026-05-22,3,篮球场-2号北半场,16:00-17:00,0,1,可预约,￥75.0,晴,25,23,4,0.0,57,40
2026-05-21 16:30:48,2026-05-22,3,篮球场-2号北半场,16:00-17:00,0,1,可预约,￥75.0,晴,25,24,3,0.0,60,39
2026-05-21 17:00:49,2026-05-22,3,篮球场-2号北半场,16:00-17:00,0,1,可预约,￥75.0,晴,25,24,4,0.0,61,39
2026-05-21 17:30:47,2026-05-22,3,篮球场-2号北半场,16:00-17:00,0,1,可预约,￥75.0,多云,24,23,3,0.0,64,39
2026-05-21 18:00:50,2026-05-22,3,篮球场-2号北半场,16:00-17:00,0,1,可预约,￥75.0,多云,24,23,3,0.0,68,39
2026-05-21 18:30:50,2026-05-22,3,篮球场-2号北半场,16:00-17:00,0,1,可预约,￥75.0,阴,24,25,2,0.0,68,40
2026-05-21 19:00:50,2026-05-22,3,篮球场-2号北半场,16:00-17:00,0,1,可预约,￥75.0,阴,23,23,3,0.0,76,40
2026-05-21 19:30:46,2026-05-22,3,篮球场-2号北半场,16:00-17:00,0,1,可预约,￥75.0,阴,23,24,2,0.0,77,39
2026-05-21 20:00:49,2026-05-22,3,篮球场-2号北半场,16:00-17:00,0,1,可预约,￥75.0,雾,22,23,2,0.0,89,39
2026-05-21 20:30:44,2026-05-22,3,篮球场-2号北半场,16:00-17:00,0,1,可预约,￥75.0,雾,22,24,2,0.0,93,43
2026-05-21 21:00:56,2026-05-22,3,篮球场-2号北半场,16:00-17:00,0,1,可预约,￥75.0,雾,20,21,2,0.0,98,43
2026-05-21 21:30:46,2026-05-22,3,篮球场-2号北半场,16:00-17:00,0,1,可预约,￥75.0,雾,20,22,1,0.0,99,41
2026-05-21 22:01:02,2026-05-22,3,篮球场-2号北半场,16:00-17:00,0,1,可预约,￥75.0,雾,19,20,2,0.0,93,41
2026-05-21 22:30:47,2026-05-22,3,篮球场-2号北半场,16:00-17:00,0,1,可预约,￥75.0,雾,19,19,3,0.0,88,46
2026-05-21 23:00:56,2026-05-22,3,篮球场-2号北半场,16:00-17:00,0,1,可预约,￥75.0,多云,18,17,3,0.0,85,46
2026-05-21 23:30:55,2026-05-22,3,篮球场-2号北半场,16:00-17:00,0,1,可预约,￥75.0,多云,18,17,3,0.0,85,48
2026-05-21 08:00:45,2026-05-22,3,篮球场-2号北半场,19:00-20:00,0,1,可预约,￥75.0,晴,17,12,5,0.0,86,29
2026-05-21 08:02:30,2026-05-22,3,篮球场-2号北半场,19:00-20:00,0,1,可预约,￥75.0,多云,17,12,5,0.0,87,29
2026-05-21 08:05:36,2026-05-22,3,篮球场-2号北半场,19:00-20:00,0,1,可预约,￥75.0,多云,17,12,5,0.0,86,29
2026-05-21 08:08:31,2026-05-22,3,篮球场-2号北半场,19:00-20:00,0,1,可预约,￥75.0,多云,17,12,5,0.0,86,29
2026-05-21 08:11:30,2026-05-22,3,篮球场-2号北半场,19:00-20:00,0,1,可预约,￥75.0,多云,17,12,5,0.0,86,29
2026-05-21 08:14:31,2026-05-22,3,篮球场-2号北半场,19:00-20:00,0,1,可预约,￥75.0,多云,17,12,5,0.0,86,29
2026-05-21 08:17:30,2026-05-22,3,篮球场-2号北半场,19:00-20:00,0,1,可预约,￥75.0,多云,17,12,5,0.0,86,29
2026-05-21 08:20:35,2026-05-22,3,篮球场-2号北半场,19:00-20:00,0,1,可预约,￥75.0,多云,17,14,4,0.0,85,29
2026-05-21 08:25:32,2026-05-22,3,篮球场-2号北半场,19:00-20:00,0,1,可预约,￥75.0,多云,17,14,4,0.0,85,28
2026-05-21 08:30:42,2026-05-22,3,篮球场-2号北半场,19:00-20:00,0,1,可预约,￥75.0,多云,18,15,4,0.0,84,28
2026-05-21 08:35:31,2026-05-22,3,篮球场-2号北半场,19:00-20:00,0,1,可预约,￥75.0,多云,18,15,4,0.0,84,28
2026-05-21 08:40:38,2026-05-22,3,篮球场-2号北半场,19:00-20:00,0,1,可预约,￥75.0,多云,18,15,4,0.0,82,28
2026-05-21 08:45:33,2026-05-22,3,篮球场-2号北半场,19:00-20:00,0,1,可预约,￥75.0,多云,18,15,4,0.0,82,28
2026-05-21 08:50:36,2026-05-22,3,篮球场-2号北半场,19:00-20:00,0,1,可预约,￥75.0,多云,18,15,4,0.0,82,28
2026-05-21 08:55:34,2026-05-22,3,篮球场-2号北半场,19:00-20:00,0,1,可预约,￥75.0,多云,18,15,4,0.0,84,28
2026-05-21 09:00:51,2026-05-22,3,篮球场-2号北半场,19:00-20:00,0,1,可预约,￥75.0,多云,18,15,4,0.0,84,28
2026-05-21 09:01:59,2026-05-22,3,篮球场-2号北半场,19:00-20:00,0,1,可预约,￥75.0,多云,18,15,4,0.0,83,28
2026-05-21 09:05:33,2026-05-22,3,篮球场-2号北半场,19:00-20:00,0,1,可预约,￥75.0,多云,18,15,4,0.0,83,28
2026-05-21 09:20:38,2026-05-22,3,篮球场-2号北半场,19:00-20:00,0,1,可预约,￥75.0,多云,18,16,3,0.0,81,28
2026-05-21 09:30:46,2026-05-22,3,篮球场-2号北半场,19:00-20:00,0,1,可预约,￥75.0,多云,18,16,3,0.0,81,32
2026-05-21 09:40:36,2026-05-22,3,篮球场-2号北半场,19:00-20:00,0,1,可预约,￥75.0,多云,19,17,3,0.0,79,32
2026-05-21 09:50:42,2026-05-22,3,篮球场-2号北半场,19:00-20:00,0,1,可预约,￥75.0,多云,19,17,4,0.0,81,32
2026-05-21 10:00:46,2026-05-22,3,篮球场-2号北半场,19:00-20:00,0,1,可预约,￥75.0,多云,19,17,4,0.0,79,32
2026-05-21 10:10:40,2026-05-22,3,篮球场-2号北半场,19:00-20:00,0,1,可预约,￥75.0,多云,19,17,4,0.0,79,32
2026-05-21 10:20:38,2026-05-22,3,篮球场-2号北半场,19:00-20:00,0,1,可预约,￥75.0,多云,19,17,4,0.0,79,32
2026-05-21 10:30:41,2026-05-22,3,篮球场-2号北半场,19:00-20:00,0,1,可预约,￥75.0,多云,19,18,3,0.0,78,31
2026-05-21 11:00:44,2026-05-22,3,篮球场-2号北半场,19:00-20:00,0,1,可预约,￥75.0,多云,21,17,5,0.0,74,31
2026-05-21 11:30:38,2026-05-22,3,篮球场-2号北半场,19:00-20:00,0,1,可预约,￥75.0,多云,21,19,3,0.0,72,33
2026-05-21 12:00:46,2026-05-22,3,篮球场-2号北半场,19:00-20:00,0,1,可预约,￥75.0,多云,22,19,4,0.0,70,33
2026-05-21 12:30:42,2026-05-22,3,篮球场-2号北半场,19:00-20:00,0,1,可预约,￥75.0,多云,22,21,3,0.0,68,35
2026-05-21 13:00:43,2026-05-22,3,篮球场-2号北半场,19:00-20:00,0,1,可预约,￥75.0,多云,24,22,4,0.0,66,35
2026-05-21 13:30:43,2026-05-22,3,篮球场-2号北半场,19:00-20:00,0,1,可预约,￥75.0,多云,24,22,4,0.0,66,36
2026-05-21 14:00:48,2026-05-22,3,篮球场-2号北半场,19:00-20:00,0,1,可预约,￥75.0,多云,25,23,4,0.0,66,36
2026-05-21 14:30:45,2026-05-22,3,篮球场-2号北半场,19:00-20:00,0,1,可预约,￥75.0,晴,25,25,3,0.0,65,39
2026-05-21 15:00:45,2026-05-22,3,篮球场-2号北半场,19:00-20:00,0,1,可预约,￥75.0,晴,25,22,4,0.0,56,39
2026-05-21 15:30:43,2026-05-22,3,篮球场-2号北半场,19:00-20:00,0,1,可预约,￥75.0,晴,25,23,4,0.0,57,40
2026-05-21 16:00:51,2026-05-22,3,篮球场-2号北半场,19:00-20:00,0,1,可预约,￥75.0,晴,25,23,4,0.0,57,40
2026-05-21 16:30:48,2026-05-22,3,篮球场-2号北半场,19:00-20:00,0,1,可预约,￥75.0,晴,25,24,3,0.0,60,39
2026-05-21 17:00:49,2026-05-22,3,篮球场-2号北半场,19:00-20:00,0,1,可预约,￥75.0,晴,25,24,4,0.0,61,39
2026-05-21 17:30:47,2026-05-22,3,篮球场-2号北半场,19:00-20:00,0,1,可预约,￥75.0,多云,24,23,3,0.0,64,39
2026-05-21 18:00:50,2026-05-22,3,篮球场-2号北半场,19:00-20:00,0,1,可预约,￥75.0,多云,24,23,3,0.0,68,39
2026-05-21 18:30:50,2026-05-22,3,篮球场-2号北半场,19:00-20:00,0,1,可预约,￥75.0,阴,24,25,2,0.0,68,40
2026-05-21 19:00:50,2026-05-22,3,篮球场-2号北半场,19:00-20:00,0,1,可预约,￥75.0,阴,23,23,3,0.0,76,40
2026-05-21 19:30:46,2026-05-22,3,篮球场-2号北半场,19:00-20:00,0,1,可预约,￥75.0,阴,23,24,2,0.0,77,39
2026-05-21 20:00:49,2026-05-22,3,篮球场-2号北半场,19:00-20:00,0,1,可预约,￥75.0,雾,22,23,2,0.0,89,39
2026-05-21 20:30:44,2026-05-22,3,篮球场-2号北半场,19:00-20:00,0,1,可预约,￥75.0,雾,22,24,2,0.0,93,43
2026-05-21 21:00:56,2026-05-22,3,篮球场-2号北半场,19:00-20:00,0,1,可预约,￥75.0,雾,20,21,2,0.0,98,43
2026-05-21 21:30:46,2026-05-22,3,篮球场-2号北半场,19:00-20:00,0,1,可预约,￥75.0,雾,20,22,1,0.0,99,41
2026-05-21 22:01:02,2026-05-22,3,篮球场-2号北半场,19:00-20:00,0,1,可预约,￥75.0,雾,19,20,2,0.0,93,41
2026-05-21 22:30:47,2026-05-22,3,篮球场-2号北半场,19:00-20:00,0,1,可预约,￥75.0,雾,19,19,3,0.0,88,46
2026-05-21 23:00:56,2026-05-22,3,篮球场-2号北半场,19:00-20:00,0,1,可预约,￥75.0,多云,18,17,3,0.0,85,46
2026-05-21 23:30:55,2026-05-22,3,篮球场-2号北半场,19:00-20:00,0,1,可预约,￥75.0,多云,18,17,3,0.0,85,48
2026-05-21 08:00:45,2026-05-22,3,篮球场-2号北半场,20:30-21:30,0,1,可预约,￥75.0,晴,17,12,5,0.0,86,29
2026-05-21 08:02:30,2026-05-22,3,篮球场-2号北半场,20:30-21:30,0,1,可预约,￥75.0,多云,17,12,5,0.0,87,29
2026-05-21 08:05:36,2026-05-22,3,篮球场-2号北半场,20:30-21:30,0,1,可预约,￥75.0,多云,17,12,5,0.0,86,29
2026-05-21 08:08:31,2026-05-22,3,篮球场-2号北半场,20:30-21:30,0,1,可预约,￥75.0,多云,17,12,5,0.0,86,29
2026-05-21 08:11:30,2026-05-22,3,篮球场-2号北半场,20:30-21:30,0,1,可预约,￥75.0,多云,17,12,5,0.0,86,29
2026-05-21 08:14:31,2026-05-22,3,篮球场-2号北半场,20:30-21:30,0,1,可预约,￥75.0,多云,17,12,5,0.0,86,29
2026-05-21 08:17:30,2026-05-22,3,篮球场-2号北半场,20:30-21:30,0,1,可预约,￥75.0,多云,17,12,5,0.0,86,29
2026-05-21 08:20:35,2026-05-22,3,篮球场-2号北半场,20:30-21:30,0,1,可预约,￥75.0,多云,17,14,4,0.0,85,29
2026-05-21 08:25:32,2026-05-22,3,篮球场-2号北半场,20:30-21:30,0,1,可预约,￥75.0,多云,17,14,4,0.0,85,28
2026-05-21 08:30:42,2026-05-22,3,篮球场-2号北半场,20:30-21:30,0,1,可预约,￥75.0,多云,18,15,4,0.0,84,28
2026-05-21 08:35:31,2026-05-22,3,篮球场-2号北半场,20:30-21:30,0,1,可预约,￥75.0,多云,18,15,4,0.0,84,28
2026-05-21 08:40:38,2026-05-22,3,篮球场-2号北半场,20:30-21:30,0,1,可预约,￥75.0,多云,18,15,4,0.0,82,28
2026-05-21 08:45:33,2026-05-22,3,篮球场-2号北半场,20:30-21:30,0,1,可预约,￥75.0,多云,18,15,4,0.0,82,28
2026-05-21 08:50:36,2026-05-22,3,篮球场-2号北半场,20:30-21:30,0,1,可预约,￥75.0,多云,18,15,4,0.0,82,28
2026-05-21 08:55:34,2026-05-22,3,篮球场-2号北半场,20:30-21:30,0,1,可预约,￥75.0,多云,18,15,4,0.0,84,28
2026-05-21 09:00:51,2026-05-22,3,篮球场-2号北半场,20:30-21:30,0,1,可预约,￥75.0,多云,18,15,4,0.0,84,28
2026-05-21 09:01:59,2026-05-22,3,篮球场-2号北半场,20:30-21:30,0,1,可预约,￥75.0,多云,18,15,4,0.0,83,28
2026-05-21 09:05:33,2026-05-22,3,篮球场-2号北半场,20:30-21:30,0,1,可预约,￥75.0,多云,18,15,4,0.0,83,28
2026-05-21 09:20:38,2026-05-22,3,篮球场-2号北半场,20:30-21:30,0,1,可预约,￥75.0,多云,18,16,3,0.0,81,28
2026-05-21 09:30:46,2026-05-22,3,篮球场-2号北半场,20:30-21:30,0,1,可预约,￥75.0,多云,18,16,3,0.0,81,32
2026-05-21 09:40:36,2026-05-22,3,篮球场-2号北半场,20:30-21:30,0,1,可预约,￥75.0,多云,19,17,3,0.0,79,32
2026-05-21 09:50:42,2026-05-22,3,篮球场-2号北半场,20:30-21:30,0,1,可预约,￥75.0,多云,19,17,4,0.0,81,32
2026-05-21 10:00:46,2026-05-22,3,篮球场-2号北半场,20:30-21:30,0,1,可预约,￥75.0,多云,19,17,4,0.0,79,32
2026-05-21 10:10:40,2026-05-22,3,篮球场-2号北半场,20:30-21:30,0,1,可预约,￥75.0,多云,19,17,4,0.0,79,32
2026-05-21 10:20:38,2026-05-22,3,篮球场-2号北半场,20:30-21:30,0,1,可预约,￥75.0,多云,19,17,4,0.0,79,32
2026-05-21 10:30:41,2026-05-22,3,篮球场-2号北半场,20:30-21:30,0,1,可预约,￥75.0,多云,19,18,3,0.0,78,31
2026-05-21 11:00:44,2026-05-22,3,篮球场-2号北半场,20:30-21:30,0,1,可预约,￥75.0,多云,21,17,5,0.0,74,31
2026-05-21 11:30:38,2026-05-22,3,篮球场-2号北半场,20:30-21:30,0,1,可预约,￥75.0,多云,21,19,3,0.0,72,33
2026-05-21 12:00:46,2026-05-22,3,篮球场-2号北半场,20:30-21:30,0,1,可预约,￥75.0,多云,22,19,4,0.0,70,33
2026-05-21 12:30:42,2026-05-22,3,篮球场-2号北半场,20:30-21:30,0,1,可预约,￥75.0,多云,22,21,3,0.0,68,35
2026-05-21 13:00:43,2026-05-22,3,篮球场-2号北半场,20:30-21:30,0,1,可预约,￥75.0,多云,24,22,4,0.0,66,35
2026-05-21 13:30:43,2026-05-22,3,篮球场-2号北半场,20:30-21:30,0,1,可预约,￥75.0,多云,24,22,4,0.0,66,36
2026-05-21 14:00:48,2026-05-22,3,篮球场-2号北半场,20:30-21:30,0,1,可预约,￥75.0,多云,25,23,4,0.0,66,36
2026-05-21 14:30:45,2026-05-22,3,篮球场-2号北半场,20:30-21:30,0,1,可预约,￥75.0,晴,25,25,3,0.0,65,39
2026-05-21 15:00:45,2026-05-22,3,篮球场-2号北半场,20:30-21:30,0,1,可预约,￥75.0,晴,25,22,4,0.0,56,39
2026-05-21 15:30:43,2026-05-22,3,篮球场-2号北半场,20:30-21:30,0,1,可预约,￥75.0,晴,25,23,4,0.0,57,40
2026-05-21 16:00:51,2026-05-22,3,篮球场-2号北半场,20:30-21:30,0,1,可预约,￥75.0,晴,25,23,4,0.0,57,40
2026-05-21 16:30:48,2026-05-22,3,篮球场-2号北半场,20:30-21:30,0,1,可预约,￥75.0,晴,25,24,3,0.0,60,39
2026-05-21 17:00:49,2026-05-22,3,篮球场-2号北半场,20:30-21:30,0,1,可预约,￥75.0,晴,25,24,4,0.0,61,39
2026-05-21 17:30:47,2026-05-22,3,篮球场-2号北半场,20:30-21:30,0,1,可预约,￥75.0,多云,24,23,3,0.0,64,39
2026-05-21 18:00:50,2026-05-22,3,篮球场-2号北半场,20:30-21:30,0,1,可预约,￥75.0,多云,24,23,3,0.0,68,39
2026-05-21 18:30:50,2026-05-22,3,篮球场-2号北半场,20:30-21:30,0,1,可预约,￥75.0,阴,24,25,2,0.0,68,40
2026-05-21 19:00:50,2026-05-22,3,篮球场-2号北半场,20:30-21:30,0,1,可预约,￥75.0,阴,23,23,3,0.0,76,40
2026-05-21 19:30:46,2026-05-22,3,篮球场-2号北半场,20:30-21:30,0,1,可预约,￥75.0,阴,23,24,2,0.0,77,39
2026-05-21 20:00:49,2026-05-22,3,篮球场-2号北半场,20:30-21:30,0,1,可预约,￥75.0,雾,22,23,2,0.0,89,39
2026-05-21 20:30:44,2026-05-22,3,篮球场-2号北半场,20:30-21:30,0,1,可预约,￥75.0,雾,22,24,2,0.0,93,43
2026-05-21 21:00:56,2026-05-22,3,篮球场-2号北半场,20:30-21:30,0,1,可预约,￥75.0,雾,20,21,2,0.0,98,43
2026-05-21 21:30:46,2026-05-22,3,篮球场-2号北半场,20:30-21:30,0,1,可预约,￥75.0,雾,20,22,1,0.0,99,41
2026-05-21 22:01:02,2026-05-22,3,篮球场-2号北半场,20:30-21:30,0,1,可预约,￥75.0,雾,19,20,2,0.0,93,41
2026-05-21 22:30:47,2026-05-22,3,篮球场-2号北半场,20:30-21:30,0,1,可预约,￥75.0,雾,19,19,3,0.0,88,46
2026-05-21 23:00:56,2026-05-22,3,篮球场-2号北半场,20:30-21:30,0,1,可预约,￥75.0,多云,18,17,3,0.0,85,46
2026-05-21 23:30:55,2026-05-22,3,篮球场-2号北半场,20:30-21:30,0,1,可预约,￥75.0,多云,18,17,3,0.0,85,48
2026-05-21 08:00:45,2026-05-22,3,篮球场-2号南半场,09:00-10:00,0,1,可预约,￥75.0,晴,17,12,5,0.0,86,29
2026-05-21 08:02:30,2026-05-22,3,篮球场-2号南半场,09:00-10:00,0,1,可预约,￥75.0,多云,17,12,5,0.0,87,29
2026-05-21 08:05:36,2026-05-22,3,篮球场-2号南半场,09:00-10:00,0,1,可预约,￥75.0,多云,17,12,5,0.0,86,29
2026-05-21 08:08:31,2026-05-22,3,篮球场-2号南半场,09:00-10:00,0,1,可预约,￥75.0,多云,17,12,5,0.0,86,29
2026-05-21 08:11:30,2026-05-22,3,篮球场-2号南半场,09:00-10:00,0,1,可预约,￥75.0,多云,17,12,5,0.0,86,29
2026-05-21 08:14:31,2026-05-22,3,篮球场-2号南半场,09:00-10:00,0,1,可预约,￥75.0,多云,17,12,5,0.0,86,29
2026-05-21 08:17:30,2026-05-22,3,篮球场-2号南半场,09:00-10:00,0,1,可预约,￥75.0,多云,17,12,5,0.0,86,29
2026-05-21 08:20:35,2026-05-22,3,篮球场-2号南半场,09:00-10:00,0,1,可预约,￥75.0,多云,17,14,4,0.0,85,29
2026-05-21 08:25:32,2026-05-22,3,篮球场-2号南半场,09:00-10:00,0,1,可预约,￥75.0,多云,17,14,4,0.0,85,28
2026-05-21 08:30:42,2026-05-22,3,篮球场-2号南半场,09:00-10:00,0,1,可预约,￥75.0,多云,18,15,4,0.0,84,28
2026-05-21 08:35:31,2026-05-22,3,篮球场-2号南半场,09:00-10:00,0,1,可预约,￥75.0,多云,18,15,4,0.0,84,28
2026-05-21 08:40:38,2026-05-22,3,篮球场-2号南半场,09:00-10:00,0,1,可预约,￥75.0,多云,18,15,4,0.0,82,28
2026-05-21 08:45:33,2026-05-22,3,篮球场-2号南半场,09:00-10:00,0,1,可预约,￥75.0,多云,18,15,4,0.0,82,28
2026-05-21 08:50:36,2026-05-22,3,篮球场-2号南半场,09:00-10:00,0,1,可预约,￥75.0,多云,18,15,4,0.0,82,28
2026-05-21 08:55:34,2026-05-22,3,篮球场-2号南半场,09:00-10:00,0,1,可预约,￥75.0,多云,18,15,4,0.0,84,28
2026-05-21 09:00:51,2026-05-22,3,篮球场-2号南半场,09:00-10:00,0,1,可预约,￥75.0,多云,18,15,4,0.0,84,28
2026-05-21 09:01:59,2026-05-22,3,篮球场-2号南半场,09:00-10:00,0,1,可预约,￥75.0,多云,18,15,4,0.0,83,28
2026-05-21 09:05:33,2026-05-22,3,篮球场-2号南半场,09:00-10:00,0,1,可预约,￥75.0,多云,18,15,4,0.0,83,28
2026-05-21 09:20:38,2026-05-22,3,篮球场-2号南半场,09:00-10:00,0,1,可预约,￥75.0,多云,18,16,3,0.0,81,28
2026-05-21 09:30:46,2026-05-22,3,篮球场-2号南半场,09:00-10:00,0,1,可预约,￥75.0,多云,18,16,3,0.0,81,32
2026-05-21 09:40:36,2026-05-22,3,篮球场-2号南半场,09:00-10:00,0,1,可预约,￥75.0,多云,19,17,3,0.0,79,32
2026-05-21 09:50:42,2026-05-22,3,篮球场-2号南半场,09:00-10:00,0,1,可预约,￥75.0,多云,19,17,4,0.0,81,32
2026-05-21 10:00:46,2026-05-22,3,篮球场-2号南半场,09:00-10:00,0,1,可预约,￥75.0,多云,19,17,4,0.0,79,32
2026-05-21 10:10:40,2026-05-22,3,篮球场-2号南半场,09:00-10:00,0,1,可预约,￥75.0,多云,19,17,4,0.0,79,32
2026-05-21 10:20:38,2026-05-22,3,篮球场-2号南半场,09:00-10:00,0,1,可预约,￥75.0,多云,19,17,4,0.0,79,32
2026-05-21 10:30:41,2026-05-22,3,篮球场-2号南半场,09:00-10:00,0,1,可预约,￥75.0,多云,19,18,3,0.0,78,31
2026-05-21 11:00:44,2026-05-22,3,篮球场-2号南半场,09:00-10:00,0,1,可预约,￥75.0,多云,21,17,5,0.0,74,31
2026-05-21 11:30:38,2026-05-22,3,篮球场-2号南半场,09:00-10:00,0,1,可预约,￥75.0,多云,21,19,3,0.0,72,33
2026-05-21 12:00:46,2026-05-22,3,篮球场-2号南半场,09:00-10:00,0,1,可预约,￥75.0,多云,22,19,4,0.0,70,33
2026-05-21 12:30:42,2026-05-22,3,篮球场-2号南半场,09:00-10:00,0,1,可预约,￥75.0,多云,22,21,3,0.0,68,35
2026-05-21 13:00:43,2026-05-22,3,篮球场-2号南半场,09:00-10:00,0,1,可预约,￥75.0,多云,24,22,4,0.0,66,35
2026-05-21 13:30:43,2026-05-22,3,篮球场-2号南半场,09:00-10:00,0,1,可预约,￥75.0,多云,24,22,4,0.0,66,36
2026-05-21 14:00:48,2026-05-22,3,篮球场-2号南半场,09:00-10:00,0,1,可预约,￥75.0,多云,25,23,4,0.0,66,36
2026-05-21 14:30:45,2026-05-22,3,篮球场-2号南半场,09:00-10:00,0,1,可预约,￥75.0,晴,25,25,3,0.0,65,39
2026-05-21 15:00:45,2026-05-22,3,篮球场-2号南半场,09:00-10:00,0,1,可预约,￥75.0,晴,25,22,4,0.0,56,39
2026-05-21 15:30:43,2026-05-22,3,篮球场-2号南半场,09:00-10:00,0,1,可预约,￥75.0,晴,25,23,4,0.0,57,40
2026-05-21 16:00:51,2026-05-22,3,篮球场-2号南半场,09:00-10:00,0,1,可预约,￥75.0,晴,25,23,4,0.0,57,40
2026-05-21 16:30:48,2026-05-22,3,篮球场-2号南半场,09:00-10:00,0,1,可预约,￥75.0,晴,25,24,3,0.0,60,39
2026-05-21 17:00:49,2026-05-22,3,篮球场-2号南半场,09:00-10:00,0,1,可预约,￥75.0,晴,25,24,4,0.0,61,39
2026-05-21 17:30:47,2026-05-22,3,篮球场-2号南半场,09:00-10:00,0,1,可预约,￥75.0,多云,24,23,3,0.0,64,39
2026-05-21 18:00:50,2026-05-22,3,篮球场-2号南半场,09:00-10:00,0,1,可预约,￥75.0,多云,24,23,3,0.0,68,39
2026-05-21 18:30:50,2026-05-22,3,篮球场-2号南半场,09:00-10:00,0,1,可预约,￥75.0,阴,24,25,2,0.0,68,40
2026-05-21 19:00:50,2026-05-22,3,篮球场-2号南半场,09:00-10:00,0,1,可预约,￥75.0,阴,23,23,3,0.0,76,40
2026-05-21 19:30:46,2026-05-22,3,篮球场-2号南半场,09:00-10:00,0,1,可预约,￥75.0,阴,23,24,2,0.0,77,39
2026-05-21 20:00:49,2026-05-22,3,篮球场-2号南半场,09:00-10:00,0,1,可预约,￥75.0,雾,22,23,2,0.0,89,39
2026-05-21 20:30:44,2026-05-22,3,篮球场-2号南半场,09:00-10:00,0,1,可预约,￥75.0,雾,22,24,2,0.0,93,43
2026-05-21 21:00:56,2026-05-22,3,篮球场-2号南半场,09:00-10:00,0,1,可预约,￥75.0,雾,20,21,2,0.0,98,43
2026-05-21 21:30:46,2026-05-22,3,篮球场-2号南半场,09:00-10:00,0,1,可预约,￥75.0,雾,20,22,1,0.0,99,41
2026-05-21 22:01:02,2026-05-22,3,篮球场-2号南半场,09:00-10:00,0,1,可预约,￥75.0,雾,19,20,2,0.0,93,41
2026-05-21 22:30:47,2026-05-22,3,篮球场-2号南半场,09:00-10:00,0,1,可预约,￥75.0,雾,19,19,3,0.0,88,46
2026-05-21 23:00:56,2026-05-22,3,篮球场-2号南半场,09:00-10:00,0,1,可预约,￥75.0,多云,18,17,3,0.0,85,46
2026-05-21 23:30:55,2026-05-22,3,篮球场-2号南半场,09:00-10:00,0,1,可预约,￥75.0,多云,18,17,3,0.0,85,48
2026-05-21 08:00:45,2026-05-22,3,篮球场-2号南半场,10:30-11:30,1,1,已售/已满,教学时间,晴,17,12,5,0.0,86,29
2026-05-21 08:02:30,2026-05-22,3,篮球场-2号南半场,10:30-11:30,1,1,已售/已满,教学时间,多云,17,12,5,0.0,87,29
2026-05-21 08:05:36,2026-05-22,3,篮球场-2号南半场,10:30-11:30,1,1,已售/已满,教学时间,多云,17,12,5,0.0,86,29
2026-05-21 08:08:31,2026-05-22,3,篮球场-2号南半场,10:30-11:30,1,1,已售/已满,教学时间,多云,17,12,5,0.0,86,29
2026-05-21 08:11:30,2026-05-22,3,篮球场-2号南半场,10:30-11:30,1,1,已售/已满,教学时间,多云,17,12,5,0.0,86,29
2026-05-21 08:14:31,2026-05-22,3,篮球场-2号南半场,10:30-11:30,1,1,已售/已满,教学时间,多云,17,12,5,0.0,86,29
2026-05-21 08:17:30,2026-05-22,3,篮球场-2号南半场,10:30-11:30,1,1,已售/已满,教学时间,多云,17,12,5,0.0,86,29
2026-05-21 08:20:35,2026-05-22,3,篮球场-2号南半场,10:30-11:30,1,1,已售/已满,教学时间,多云,17,14,4,0.0,85,29
2026-05-21 08:25:32,2026-05-22,3,篮球场-2号南半场,10:30-11:30,1,1,已售/已满,教学时间,多云,17,14,4,0.0,85,28
2026-05-21 08:30:42,2026-05-22,3,篮球场-2号南半场,10:30-11:30,1,1,已售/已满,教学时间,多云,18,15,4,0.0,84,28
2026-05-21 08:35:31,2026-05-22,3,篮球场-2号南半场,10:30-11:30,1,1,已售/已满,教学时间,多云,18,15,4,0.0,84,28
2026-05-21 08:40:38,2026-05-22,3,篮球场-2号南半场,10:30-11:30,1,1,已售/已满,教学时间,多云,18,15,4,0.0,82,28
2026-05-21 08:45:33,2026-05-22,3,篮球场-2号南半场,10:30-11:30,1,1,已售/已满,教学时间,多云,18,15,4,0.0,82,28
2026-05-21 08:50:36,2026-05-22,3,篮球场-2号南半场,10:30-11:30,1,1,已售/已满,教学时间,多云,18,15,4,0.0,82,28
2026-05-21 08:55:34,2026-05-22,3,篮球场-2号南半场,10:30-11:30,1,1,已售/已满,教学时间,多云,18,15,4,0.0,84,28
2026-05-21 09:00:51,2026-05-22,3,篮球场-2号南半场,10:30-11:30,1,1,已售/已满,教学时间,多云,18,15,4,0.0,84,28
2026-05-21 09:01:59,2026-05-22,3,篮球场-2号南半场,10:30-11:30,1,1,已售/已满,教学时间,多云,18,15,4,0.0,83,28
2026-05-21 09:05:33,2026-05-22,3,篮球场-2号南半场,10:30-11:30,1,1,已售/已满,教学时间,多云,18,15,4,0.0,83,28
2026-05-21 09:20:38,2026-05-22,3,篮球场-2号南半场,10:30-11:30,1,1,已售/已满,教学时间,多云,18,16,3,0.0,81,28
2026-05-21 09:30:46,2026-05-22,3,篮球场-2号南半场,10:30-11:30,1,1,已售/已满,教学时间,多云,18,16,3,0.0,81,32
2026-05-21 09:40:36,2026-05-22,3,篮球场-2号南半场,10:30-11:30,1,1,已售/已满,教学时间,多云,19,17,3,0.0,79,32
2026-05-21 09:50:42,2026-05-22,3,篮球场-2号南半场,10:30-11:30,1,1,已售/已满,教学时间,多云,19,17,4,0.0,81,32
2026-05-21 10:00:46,2026-05-22,3,篮球场-2号南半场,10:30-11:30,1,1,已售/已满,教学时间,多云,19,17,4,0.0,79,32
2026-05-21 10:10:40,2026-05-22,3,篮球场-2号南半场,10:30-11:30,1,1,已售/已满,教学时间,多云,19,17,4,0.0,79,32
2026-05-21 10:20:38,2026-05-22,3,篮球场-2号南半场,10:30-11:30,1,1,已售/已满,教学时间,多云,19,17,4,0.0,79,32
2026-05-21 10:30:41,2026-05-22,3,篮球场-2号南半场,10:30-11:30,1,1,已售/已满,教学时间,多云,19,18,3,0.0,78,31
2026-05-21 11:00:44,2026-05-22,3,篮球场-2号南半场,10:30-11:30,1,1,已售/已满,教学时间,多云,21,17,5,0.0,74,31
2026-05-21 11:30:38,2026-05-22,3,篮球场-2号南半场,10:30-11:30,1,1,已售/已满,教学时间,多云,21,19,3,0.0,72,33
2026-05-21 12:00:46,2026-05-22,3,篮球场-2号南半场,10:30-11:30,1,1,已售/已满,教学时间,多云,22,19,4,0.0,70,33
2026-05-21 12:30:42,2026-05-22,3,篮球场-2号南半场,10:30-11:30,1,1,已售/已满,教学时间,多云,22,21,3,0.0,68,35
2026-05-21 13:00:43,2026-05-22,3,篮球场-2号南半场,10:30-11:30,1,1,已售/已满,教学时间,多云,24,22,4,0.0,66,35
2026-05-21 13:30:43,2026-05-22,3,篮球场-2号南半场,10:30-11:30,1,1,已售/已满,教学时间,多云,24,22,4,0.0,66,36
2026-05-21 14:00:48,2026-05-22,3,篮球场-2号南半场,10:30-11:30,1,1,已售/已满,教学时间,多云,25,23,4,0.0,66,36
2026-05-21 14:30:45,2026-05-22,3,篮球场-2号南半场,10:30-11:30,1,1,已售/已满,教学时间,晴,25,25,3,0.0,65,39
2026-05-21 15:00:45,2026-05-22,3,篮球场-2号南半场,10:30-11:30,1,1,已售/已满,教学时间,晴,25,22,4,0.0,56,39
2026-05-21 15:30:43,2026-05-22,3,篮球场-2号南半场,10:30-11:30,1,1,已售/已满,教学时间,晴,25,23,4,0.0,57,40
2026-05-21 16:00:51,2026-05-22,3,篮球场-2号南半场,10:30-11:30,1,1,已售/已满,教学时间,晴,25,23,4,0.0,57,40
2026-05-21 16:30:48,2026-05-22,3,篮球场-2号南半场,10:30-11:30,1,1,已售/已满,教学时间,晴,25,24,3,0.0,60,39
2026-05-21 17:00:49,2026-05-22,3,篮球场-2号南半场,10:30-11:30,1,1,已售/已满,教学时间,晴,25,24,4,0.0,61,39
2026-05-21 17:30:47,2026-05-22,3,篮球场-2号南半场,10:30-11:30,1,1,已售/已满,教学时间,多云,24,23,3,0.0,64,39
2026-05-21 18:00:50,2026-05-22,3,篮球场-2号南半场,10:30-11:30,1,1,已售/已满,教学时间,多云,24,23,3,0.0,68,39
2026-05-21 18:30:50,2026-05-22,3,篮球场-2号南半场,10:30-11:30,1,1,已售/已满,教学时间,阴,24,25,2,0.0,68,40
2026-05-21 19:00:50,2026-05-22,3,篮球场-2号南半场,10:30-11:30,1,1,已售/已满,教学时间,阴,23,23,3,0.0,76,40
2026-05-21 19:30:46,2026-05-22,3,篮球场-2号南半场,10:30-11:30,1,1,已售/已满,教学时间,阴,23,24,2,0.0,77,39
2026-05-21 20:00:49,2026-05-22,3,篮球场-2号南半场,10:30-11:30,1,1,已售/已满,教学时间,雾,22,23,2,0.0,89,39
2026-05-21 20:30:44,2026-05-22,3,篮球场-2号南半场,10:30-11:30,1,1,已售/已满,教学时间,雾,22,24,2,0.0,93,43
2026-05-21 21:00:56,2026-05-22,3,篮球场-2号南半场,10:30-11:30,1,1,已售/已满,教学时间,雾,20,21,2,0.0,98,43
2026-05-21 21:30:46,2026-05-22,3,篮球场-2号南半场,10:30-11:30,1,1,已售/已满,教学时间,雾,20,22,1,0.0,99,41
2026-05-21 22:01:02,2026-05-22,3,篮球场-2号南半场,10:30-11:30,1,1,已售/已满,教学时间,雾,19,20,2,0.0,93,41
2026-05-21 22:30:47,2026-05-22,3,篮球场-2号南半场,10:30-11:30,1,1,已售/已满,教学时间,雾,19,19,3,0.0,88,46
2026-05-21 23:00:56,2026-05-22,3,篮球场-2号南半场,10:30-11:30,1,1,已售/已满,教学时间,多云,18,17,3,0.0,85,46
2026-05-21 23:30:55,2026-05-22,3,篮球场-2号南半场,10:30-11:30,1,1,已售/已满,教学时间,多云,18,17,3,0.0,85,48
2026-05-21 08:00:45,2026-05-22,3,篮球场-2号南半场,12:00-13:00,0,1,可预约,￥75.0,晴,17,12,5,0.0,86,29
2026-05-21 08:02:30,2026-05-22,3,篮球场-2号南半场,12:00-13:00,0,1,可预约,￥75.0,多云,17,12,5,0.0,87,29
2026-05-21 08:05:36,2026-05-22,3,篮球场-2号南半场,12:00-13:00,0,1,可预约,￥75.0,多云,17,12,5,0.0,86,29
2026-05-21 08:08:31,2026-05-22,3,篮球场-2号南半场,12:00-13:00,0,1,可预约,￥75.0,多云,17,12,5,0.0,86,29
2026-05-21 08:11:30,2026-05-22,3,篮球场-2号南半场,12:00-13:00,0,1,可预约,￥75.0,多云,17,12,5,0.0,86,29
2026-05-21 08:14:31,2026-05-22,3,篮球场-2号南半场,12:00-13:00,0,1,可预约,￥75.0,多云,17,12,5,0.0,86,29
2026-05-21 08:17:30,2026-05-22,3,篮球场-2号南半场,12:00-13:00,0,1,可预约,￥75.0,多云,17,12,5,0.0,86,29
2026-05-21 08:20:35,2026-05-22,3,篮球场-2号南半场,12:00-13:00,0,1,可预约,￥75.0,多云,17,14,4,0.0,85,29
2026-05-21 08:25:32,2026-05-22,3,篮球场-2号南半场,12:00-13:00,0,1,可预约,￥75.0,多云,17,14,4,0.0,85,28
2026-05-21 08:30:42,2026-05-22,3,篮球场-2号南半场,12:00-13:00,0,1,可预约,￥75.0,多云,18,15,4,0.0,84,28
2026-05-21 08:35:31,2026-05-22,3,篮球场-2号南半场,12:00-13:00,0,1,可预约,￥75.0,多云,18,15,4,0.0,84,28
2026-05-21 08:40:38,2026-05-22,3,篮球场-2号南半场,12:00-13:00,0,1,可预约,￥75.0,多云,18,15,4,0.0,82,28
2026-05-21 08:45:33,2026-05-22,3,篮球场-2号南半场,12:00-13:00,0,1,可预约,￥75.0,多云,18,15,4,0.0,82,28
2026-05-21 08:50:36,2026-05-22,3,篮球场-2号南半场,12:00-13:00,0,1,可预约,￥75.0,多云,18,15,4,0.0,82,28
2026-05-21 08:55:34,2026-05-22,3,篮球场-2号南半场,12:00-13:00,0,1,可预约,￥75.0,多云,18,15,4,0.0,84,28
2026-05-21 09:00:51,2026-05-22,3,篮球场-2号南半场,12:00-13:00,0,1,可预约,￥75.0,多云,18,15,4,0.0,84,28
2026-05-21 09:01:59,2026-05-22,3,篮球场-2号南半场,12:00-13:00,0,1,可预约,￥75.0,多云,18,15,4,0.0,83,28
2026-05-21 09:05:33,2026-05-22,3,篮球场-2号南半场,12:00-13:00,0,1,可预约,￥75.0,多云,18,15,4,0.0,83,28
2026-05-21 09:20:38,2026-05-22,3,篮球场-2号南半场,12:00-13:00,0,1,可预约,￥75.0,多云,18,16,3,0.0,81,28
2026-05-21 09:30:46,2026-05-22,3,篮球场-2号南半场,12:00-13:00,0,1,可预约,￥75.0,多云,18,16,3,0.0,81,32
2026-05-21 09:40:36,2026-05-22,3,篮球场-2号南半场,12:00-13:00,0,1,可预约,￥75.0,多云,19,17,3,0.0,79,32
2026-05-21 09:50:42,2026-05-22,3,篮球场-2号南半场,12:00-13:00,0,1,可预约,￥75.0,多云,19,17,4,0.0,81,32
2026-05-21 10:00:46,2026-05-22,3,篮球场-2号南半场,12:00-13:00,0,1,可预约,￥75.0,多云,19,17,4,0.0,79,32
2026-05-21 10:10:40,2026-05-22,3,篮球场-2号南半场,12:00-13:00,0,1,可预约,￥75.0,多云,19,17,4,0.0,79,32
2026-05-21 10:20:38,2026-05-22,3,篮球场-2号南半场,12:00-13:00,0,1,可预约,￥75.0,多云,19,17,4,0.0,79,32
2026-05-21 10:30:41,2026-05-22,3,篮球场-2号南半场,12:00-13:00,0,1,可预约,￥75.0,多云,19,18,3,0.0,78,31
2026-05-21 11:00:44,2026-05-22,3,篮球场-2号南半场,12:00-13:00,0,1,可预约,￥75.0,多云,21,17,5,0.0,74,31
2026-05-21 11:30:38,2026-05-22,3,篮球场-2号南半场,12:00-13:00,0,1,可预约,￥75.0,多云,21,19,3,0.0,72,33
2026-05-21 12:00:46,2026-05-22,3,篮球场-2号南半场,12:00-13:00,0,1,可预约,￥75.0,多云,22,19,4,0.0,70,33
2026-05-21 12:30:42,2026-05-22,3,篮球场-2号南半场,12:00-13:00,0,1,可预约,￥75.0,多云,22,21,3,0.0,68,35
2026-05-21 13:00:43,2026-05-22,3,篮球场-2号南半场,12:00-13:00,0,1,可预约,￥75.0,多云,24,22,4,0.0,66,35
2026-05-21 13:30:43,2026-05-22,3,篮球场-2号南半场,12:00-13:00,0,1,可预约,￥75.0,多云,24,22,4,0.0,66,36
2026-05-21 14:00:48,2026-05-22,3,篮球场-2号南半场,12:00-13:00,0,1,可预约,￥75.0,多云,25,23,4,0.0,66,36
2026-05-21 14:30:45,2026-05-22,3,篮球场-2号南半场,12:00-13:00,0,1,可预约,￥75.0,晴,25,25,3,0.0,65,39
2026-05-21 15:00:45,2026-05-22,3,篮球场-2号南半场,12:00-13:00,0,1,可预约,￥75.0,晴,25,22,4,0.0,56,39
2026-05-21 15:30:43,2026-05-22,3,篮球场-2号南半场,12:00-13:00,0,1,可预约,￥75.0,晴,25,23,4,0.0,57,40
2026-05-21 16:00:51,2026-05-22,3,篮球场-2号南半场,12:00-13:00,0,1,可预约,￥75.0,晴,25,23,4,0.0,57,40
2026-05-21 16:30:48,2026-05-22,3,篮球场-2号南半场,12:00-13:00,0,1,可预约,￥75.0,晴,25,24,3,0.0,60,39
2026-05-21 17:00:49,2026-05-22,3,篮球场-2号南半场,12:00-13:00,0,1,可预约,￥75.0,晴,25,24,4,0.0,61,39
2026-05-21 17:30:47,2026-05-22,3,篮球场-2号南半场,12:00-13:00,0,1,可预约,￥75.0,多云,24,23,3,0.0,64,39
2026-05-21 18:00:50,2026-05-22,3,篮球场-2号南半场,12:00-13:00,0,1,可预约,￥75.0,多云,24,23,3,0.0,68,39
2026-05-21 18:30:50,2026-05-22,3,篮球场-2号南半场,12:00-13:00,0,1,可预约,￥75.0,阴,24,25,2,0.0,68,40
2026-05-21 19:00:50,2026-05-22,3,篮球场-2号南半场,12:00-13:00,0,1,可预约,￥75.0,阴,23,23,3,0.0,76,40
2026-05-21 19:30:46,2026-05-22,3,篮球场-2号南半场,12:00-13:00,0,1,可预约,￥75.0,阴,23,24,2,0.0,77,39
2026-05-21 20:00:49,2026-05-22,3,篮球场-2号南半场,12:00-13:00,0,1,可预约,￥75.0,雾,22,23,2,0.0,89,39
2026-05-21 20:30:44,2026-05-22,3,篮球场-2号南半场,12:00-13:00,0,1,可预约,￥75.0,雾,22,24,2,0.0,93,43
2026-05-21 21:00:56,2026-05-22,3,篮球场-2号南半场,12:00-13:00,0,1,可预约,￥75.0,雾,20,21,2,0.0,98,43
2026-05-21 21:30:46,2026-05-22,3,篮球场-2号南半场,12:00-13:00,0,1,可预约,￥75.0,雾,20,22,1,0.0,99,41
2026-05-21 22:01:02,2026-05-22,3,篮球场-2号南半场,12:00-13:00,0,1,可预约,￥75.0,雾,19,20,2,0.0,93,41
2026-05-21 22:30:47,2026-05-22,3,篮球场-2号南半场,12:00-13:00,0,1,可预约,￥75.0,雾,19,19,3,0.0,88,46
2026-05-21 23:00:56,2026-05-22,3,篮球场-2号南半场,12:00-13:00,0,1,可预约,￥75.0,多云,18,17,3,0.0,85,46
2026-05-21 23:30:55,2026-05-22,3,篮球场-2号南半场,12:00-13:00,0,1,可预约,￥75.0,多云,18,17,3,0.0,85,48
2026-05-21 08:00:45,2026-05-22,3,篮球场-2号南半场,14:00-15:00,1,1,已售/已满,教学时间,晴,17,12,5,0.0,86,29
2026-05-21 08:02:30,2026-05-22,3,篮球场-2号南半场,14:00-15:00,1,1,已售/已满,教学时间,多云,17,12,5,0.0,87,29
2026-05-21 08:05:36,2026-05-22,3,篮球场-2号南半场,14:00-15:00,1,1,已售/已满,教学时间,多云,17,12,5,0.0,86,29
2026-05-21 08:08:31,2026-05-22,3,篮球场-2号南半场,14:00-15:00,1,1,已售/已满,教学时间,多云,17,12,5,0.0,86,29
2026-05-21 08:11:30,2026-05-22,3,篮球场-2号南半场,14:00-15:00,1,1,已售/已满,教学时间,多云,17,12,5,0.0,86,29
2026-05-21 08:14:31,2026-05-22,3,篮球场-2号南半场,14:00-15:00,1,1,已售/已满,教学时间,多云,17,12,5,0.0,86,29
2026-05-21 08:17:30,2026-05-22,3,篮球场-2号南半场,14:00-15:00,1,1,已售/已满,教学时间,多云,17,12,5,0.0,86,29
2026-05-21 08:20:35,2026-05-22,3,篮球场-2号南半场,14:00-15:00,1,1,已售/已满,教学时间,多云,17,14,4,0.0,85,29
2026-05-21 08:25:32,2026-05-22,3,篮球场-2号南半场,14:00-15:00,1,1,已售/已满,教学时间,多云,17,14,4,0.0,85,28
2026-05-21 08:30:42,2026-05-22,3,篮球场-2号南半场,14:00-15:00,1,1,已售/已满,教学时间,多云,18,15,4,0.0,84,28
2026-05-21 08:35:31,2026-05-22,3,篮球场-2号南半场,14:00-15:00,1,1,已售/已满,教学时间,多云,18,15,4,0.0,84,28
2026-05-21 08:40:38,2026-05-22,3,篮球场-2号南半场,14:00-15:00,1,1,已售/已满,教学时间,多云,18,15,4,0.0,82,28
2026-05-21 08:45:33,2026-05-22,3,篮球场-2号南半场,14:00-15:00,1,1,已售/已满,教学时间,多云,18,15,4,0.0,82,28
2026-05-21 08:50:36,2026-05-22,3,篮球场-2号南半场,14:00-15:00,1,1,已售/已满,教学时间,多云,18,15,4,0.0,82,28
2026-05-21 08:55:34,2026-05-22,3,篮球场-2号南半场,14:00-15:00,1,1,已售/已满,教学时间,多云,18,15,4,0.0,84,28
2026-05-21 09:00:51,2026-05-22,3,篮球场-2号南半场,14:00-15:00,1,1,已售/已满,教学时间,多云,18,15,4,0.0,84,28
2026-05-21 09:01:59,2026-05-22,3,篮球场-2号南半场,14:00-15:00,1,1,已售/已满,教学时间,多云,18,15,4,0.0,83,28
2026-05-21 09:05:33,2026-05-22,3,篮球场-2号南半场,14:00-15:00,1,1,已售/已满,教学时间,多云,18,15,4,0.0,83,28
2026-05-21 09:20:38,2026-05-22,3,篮球场-2号南半场,14:00-15:00,1,1,已售/已满,教学时间,多云,18,16,3,0.0,81,28
2026-05-21 09:30:46,2026-05-22,3,篮球场-2号南半场,14:00-15:00,1,1,已售/已满,教学时间,多云,18,16,3,0.0,81,32
2026-05-21 09:40:36,2026-05-22,3,篮球场-2号南半场,14:00-15:00,1,1,已售/已满,教学时间,多云,19,17,3,0.0,79,32
2026-05-21 09:50:42,2026-05-22,3,篮球场-2号南半场,14:00-15:00,1,1,已售/已满,教学时间,多云,19,17,4,0.0,81,32
2026-05-21 10:00:46,2026-05-22,3,篮球场-2号南半场,14:00-15:00,1,1,已售/已满,教学时间,多云,19,17,4,0.0,79,32
2026-05-21 10:10:40,2026-05-22,3,篮球场-2号南半场,14:00-15:00,1,1,已售/已满,教学时间,多云,19,17,4,0.0,79,32
2026-05-21 10:20:38,2026-05-22,3,篮球场-2号南半场,14:00-15:00,1,1,已售/已满,教学时间,多云,19,17,4,0.0,79,32
2026-05-21 10:30:41,2026-05-22,3,篮球场-2号南半场,14:00-15:00,1,1,已售/已满,教学时间,多云,19,18,3,0.0,78,31
2026-05-21 11:00:44,2026-05-22,3,篮球场-2号南半场,14:00-15:00,1,1,已售/已满,教学时间,多云,21,17,5,0.0,74,31
2026-05-21 11:30:38,2026-05-22,3,篮球场-2号南半场,14:00-15:00,1,1,已售/已满,教学时间,多云,21,19,3,0.0,72,33
2026-05-21 12:00:46,2026-05-22,3,篮球场-2号南半场,14:00-15:00,1,1,已售/已满,教学时间,多云,22,19,4,0.0,70,33
2026-05-21 12:30:42,2026-05-22,3,篮球场-2号南半场,14:00-15:00,1,1,已售/已满,教学时间,多云,22,21,3,0.0,68,35
2026-05-21 13:00:43,2026-05-22,3,篮球场-2号南半场,14:00-15:00,1,1,已售/已满,教学时间,多云,24,22,4,0.0,66,35
2026-05-21 13:30:43,2026-05-22,3,篮球场-2号南半场,14:00-15:00,1,1,已售/已满,教学时间,多云,24,22,4,0.0,66,36
2026-05-21 14:00:48,2026-05-22,3,篮球场-2号南半场,14:00-15:00,1,1,已售/已满,教学时间,多云,25,23,4,0.0,66,36
2026-05-21 14:30:45,2026-05-22,3,篮球场-2号南半场,14:00-15:00,1,1,已售/已满,教学时间,晴,25,25,3,0.0,65,39
2026-05-21 15:00:45,2026-05-22,3,篮球场-2号南半场,14:00-15:00,1,1,已售/已满,教学时间,晴,25,22,4,0.0,56,39
2026-05-21 15:30:43,2026-05-22,3,篮球场-2号南半场,14:00-15:00,1,1,已售/已满,教学时间,晴,25,23,4,0.0,57,40
2026-05-21 16:00:51,2026-05-22,3,篮球场-2号南半场,14:00-15:00,1,1,已售/已满,教学时间,晴,25,23,4,0.0,57,40
2026-05-21 16:30:48,2026-05-22,3,篮球场-2号南半场,14:00-15:00,1,1,已售/已满,教学时间,晴,25,24,3,0.0,60,39
2026-05-21 17:00:49,2026-05-22,3,篮球场-2号南半场,14:00-15:00,1,1,已售/已满,教学时间,晴,25,24,4,0.0,61,39
2026-05-21 17:30:47,2026-05-22,3,篮球场-2号南半场,14:00-15:00,1,1,已售/已满,教学时间,多云,24,23,3,0.0,64,39
2026-05-21 18:00:50,2026-05-22,3,篮球场-2号南半场,14:00-15:00,1,1,已售/已满,教学时间,多云,24,23,3,0.0,68,39
2026-05-21 18:30:50,2026-05-22,3,篮球场-2号南半场,14:00-15:00,1,1,已售/已满,教学时间,阴,24,25,2,0.0,68,40
2026-05-21 19:00:50,2026-05-22,3,篮球场-2号南半场,14:00-15:00,1,1,已售/已满,教学时间,阴,23,23,3,0.0,76,40
2026-05-21 19:30:46,2026-05-22,3,篮球场-2号南半场,14:00-15:00,1,1,已售/已满,教学时间,阴,23,24,2,0.0,77,39
2026-05-21 20:00:49,2026-05-22,3,篮球场-2号南半场,14:00-15:00,1,1,已售/已满,教学时间,雾,22,23,2,0.0,89,39
2026-05-21 20:30:44,2026-05-22,3,篮球场-2号南半场,14:00-15:00,1,1,已售/已满,教学时间,雾,22,24,2,0.0,93,43
2026-05-21 21:00:56,2026-05-22,3,篮球场-2号南半场,14:00-15:00,1,1,已售/已满,教学时间,雾,20,21,2,0.0,98,43
2026-05-21 21:30:46,2026-05-22,3,篮球场-2号南半场,14:00-15:00,1,1,已售/已满,教学时间,雾,20,22,1,0.0,99,41
2026-05-21 22:01:02,2026-05-22,3,篮球场-2号南半场,14:00-15:00,1,1,已售/已满,教学时间,雾,19,20,2,0.0,93,41
2026-05-21 22:30:47,2026-05-22,3,篮球场-2号南半场,14:00-15:00,1,1,已售/已满,教学时间,雾,19,19,3,0.0,88,46
2026-05-21 23:00:56,2026-05-22,3,篮球场-2号南半场,14:00-15:00,1,1,已售/已满,教学时间,多云,18,17,3,0.0,85,46
2026-05-21 23:30:55,2026-05-22,3,篮球场-2号南半场,14:00-15:00,1,1,已售/已满,教学时间,多云,18,17,3,0.0,85,48
2026-05-21 08:00:45,2026-05-22,3,篮球场-2号南半场,15:00-16:00,1,1,已售/已满,教学时间,晴,17,12,5,0.0,86,29
2026-05-21 08:02:30,2026-05-22,3,篮球场-2号南半场,15:00-16:00,1,1,已售/已满,教学时间,多云,17,12,5,0.0,87,29
2026-05-21 08:05:36,2026-05-22,3,篮球场-2号南半场,15:00-16:00,1,1,已售/已满,教学时间,多云,17,12,5,0.0,86,29
2026-05-21 08:08:31,2026-05-22,3,篮球场-2号南半场,15:00-16:00,1,1,已售/已满,教学时间,多云,17,12,5,0.0,86,29
2026-05-21 08:11:30,2026-05-22,3,篮球场-2号南半场,15:00-16:00,1,1,已售/已满,教学时间,多云,17,12,5,0.0,86,29
2026-05-21 08:14:31,2026-05-22,3,篮球场-2号南半场,15:00-16:00,1,1,已售/已满,教学时间,多云,17,12,5,0.0,86,29
2026-05-21 08:17:30,2026-05-22,3,篮球场-2号南半场,15:00-16:00,1,1,已售/已满,教学时间,多云,17,12,5,0.0,86,29
2026-05-21 08:20:35,2026-05-22,3,篮球场-2号南半场,15:00-16:00,1,1,已售/已满,教学时间,多云,17,14,4,0.0,85,29
2026-05-21 08:25:32,2026-05-22,3,篮球场-2号南半场,15:00-16:00,1,1,已售/已满,教学时间,多云,17,14,4,0.0,85,28
2026-05-21 08:30:42,2026-05-22,3,篮球场-2号南半场,15:00-16:00,1,1,已售/已满,教学时间,多云,18,15,4,0.0,84,28
2026-05-21 08:35:31,2026-05-22,3,篮球场-2号南半场,15:00-16:00,1,1,已售/已满,教学时间,多云,18,15,4,0.0,84,28
2026-05-21 08:40:38,2026-05-22,3,篮球场-2号南半场,15:00-16:00,1,1,已售/已满,教学时间,多云,18,15,4,0.0,82,28
2026-05-21 08:45:33,2026-05-22,3,篮球场-2号南半场,15:00-16:00,1,1,已售/已满,教学时间,多云,18,15,4,0.0,82,28
2026-05-21 08:50:36,2026-05-22,3,篮球场-2号南半场,15:00-16:00,1,1,已售/已满,教学时间,多云,18,15,4,0.0,82,28
2026-05-21 08:55:34,2026-05-22,3,篮球场-2号南半场,15:00-16:00,1,1,已售/已满,教学时间,多云,18,15,4,0.0,84,28
2026-05-21 09:00:51,2026-05-22,3,篮球场-2号南半场,15:00-16:00,1,1,已售/已满,教学时间,多云,18,15,4,0.0,84,28
2026-05-21 09:01:59,2026-05-22,3,篮球场-2号南半场,15:00-16:00,1,1,已售/已满,教学时间,多云,18,15,4,0.0,83,28
2026-05-21 09:05:33,2026-05-22,3,篮球场-2号南半场,15:00-16:00,1,1,已售/已满,教学时间,多云,18,15,4,0.0,83,28
2026-05-21 09:20:38,2026-05-22,3,篮球场-2号南半场,15:00-16:00,1,1,已售/已满,教学时间,多云,18,16,3,0.0,81,28
2026-05-21 09:30:46,2026-05-22,3,篮球场-2号南半场,15:00-16:00,1,1,已售/已满,教学时间,多云,18,16,3,0.0,81,32
2026-05-21 09:40:36,2026-05-22,3,篮球场-2号南半场,15:00-16:00,1,1,已售/已满,教学时间,多云,19,17,3,0.0,79,32
2026-05-21 09:50:42,2026-05-22,3,篮球场-2号南半场,15:00-16:00,1,1,已售/已满,教学时间,多云,19,17,4,0.0,81,32
2026-05-21 10:00:46,2026-05-22,3,篮球场-2号南半场,15:00-16:00,1,1,已售/已满,教学时间,多云,19,17,4,0.0,79,32
2026-05-21 10:10:40,2026-05-22,3,篮球场-2号南半场,15:00-16:00,1,1,已售/已满,教学时间,多云,19,17,4,0.0,79,32
2026-05-21 10:20:38,2026-05-22,3,篮球场-2号南半场,15:00-16:00,1,1,已售/已满,教学时间,多云,19,17,4,0.0,79,32
2026-05-21 10:30:41,2026-05-22,3,篮球场-2号南半场,15:00-16:00,1,1,已售/已满,教学时间,多云,19,18,3,0.0,78,31
2026-05-21 11:00:44,2026-05-22,3,篮球场-2号南半场,15:00-16:00,1,1,已售/已满,教学时间,多云,21,17,5,0.0,74,31
2026-05-21 11:30:38,2026-05-22,3,篮球场-2号南半场,15:00-16:00,1,1,已售/已满,教学时间,多云,21,19,3,0.0,72,33
2026-05-21 12:00:46,2026-05-22,3,篮球场-2号南半场,15:00-16:00,1,1,已售/已满,教学时间,多云,22,19,4,0.0,70,33
2026-05-21 12:30:42,2026-05-22,3,篮球场-2号南半场,15:00-16:00,1,1,已售/已满,教学时间,多云,22,21,3,0.0,68,35
2026-05-21 13:00:43,2026-05-22,3,篮球场-2号南半场,15:00-16:00,1,1,已售/已满,教学时间,多云,24,22,4,0.0,66,35
2026-05-21 13:30:43,2026-05-22,3,篮球场-2号南半场,15:00-16:00,1,1,已售/已满,教学时间,多云,24,22,4,0.0,66,36
2026-05-21 14:00:48,2026-05-22,3,篮球场-2号南半场,15:00-16:00,1,1,已售/已满,教学时间,多云,25,23,4,0.0,66,36
2026-05-21 14:30:45,2026-05-22,3,篮球场-2号南半场,15:00-16:00,1,1,已售/已满,教学时间,晴,25,25,3,0.0,65,39
2026-05-21 15:00:45,2026-05-22,3,篮球场-2号南半场,15:00-16:00,1,1,已售/已满,教学时间,晴,25,22,4,0.0,56,39
2026-05-21 15:30:43,2026-05-22,3,篮球场-2号南半场,15:00-16:00,1,1,已售/已满,教学时间,晴,25,23,4,0.0,57,40
2026-05-21 16:00:51,2026-05-22,3,篮球场-2号南半场,15:00-16:00,1,1,已售/已满,教学时间,晴,25,23,4,0.0,57,40
2026-05-21 16:30:48,2026-05-22,3,篮球场-2号南半场,15:00-16:00,1,1,已售/已满,教学时间,晴,25,24,3,0.0,60,39
2026-05-21 17:00:49,2026-05-22,3,篮球场-2号南半场,15:00-16:00,1,1,已售/已满,教学时间,晴,25,24,4,0.0,61,39
2026-05-21 17:30:47,2026-05-22,3,篮球场-2号南半场,15:00-16:00,1,1,已售/已满,教学时间,多云,24,23,3,0.0,64,39
2026-05-21 18:00:50,2026-05-22,3,篮球场-2号南半场,15:00-16:00,1,1,已售/已满,教学时间,多云,24,23,3,0.0,68,39
2026-05-21 18:30:50,2026-05-22,3,篮球场-2号南半场,15:00-16:00,1,1,已售/已满,教学时间,阴,24,25,2,0.0,68,40
2026-05-21 19:00:50,2026-05-22,3,篮球场-2号南半场,15:00-16:00,1,1,已售/已满,教学时间,阴,23,23,3,0.0,76,40
2026-05-21 19:30:46,2026-05-22,3,篮球场-2号南半场,15:00-16:00,1,1,已售/已满,教学时间,阴,23,24,2,0.0,77,39
2026-05-21 20:00:49,2026-05-22,3,篮球场-2号南半场,15:00-16:00,1,1,已售/已满,教学时间,雾,22,23,2,0.0,89,39
2026-05-21 20:30:44,2026-05-22,3,篮球场-2号南半场,15:00-16:00,1,1,已售/已满,教学时间,雾,22,24,2,0.0,93,43
2026-05-21 21:00:56,2026-05-22,3,篮球场-2号南半场,15:00-16:00,1,1,已售/已满,教学时间,雾,20,21,2,0.0,98,43
2026-05-21 21:30:46,2026-05-22,3,篮球场-2号南半场,15:00-16:00,1,1,已售/已满,教学时间,雾,20,22,1,0.0,99,41
2026-05-21 22:01:02,2026-05-22,3,篮球场-2号南半场,15:00-16:00,1,1,已售/已满,教学时间,雾,19,20,2,0.0,93,41
2026-05-21 22:30:47,2026-05-22,3,篮球场-2号南半场,15:00-16:00,1,1,已售/已满,教学时间,雾,19,19,3,0.0,88,46
2026-05-21 23:00:56,2026-05-22,3,篮球场-2号南半场,15:00-16:00,1,1,已售/已满,教学时间,多云,18,17,3,0.0,85,46
2026-05-21 23:30:55,2026-05-22,3,篮球场-2号南半场,15:00-16:00,1,1,已售/已满,教学时间,多云,18,17,3,0.0,85,48
2026-05-21 08:00:45,2026-05-22,3,篮球场-2号南半场,16:00-17:00,0,1,可预约,￥75.0,晴,17,12,5,0.0,86,29
2026-05-21 08:02:30,2026-05-22,3,篮球场-2号南半场,16:00-17:00,0,1,可预约,￥75.0,多云,17,12,5,0.0,87,29
2026-05-21 08:05:36,2026-05-22,3,篮球场-2号南半场,16:00-17:00,0,1,可预约,￥75.0,多云,17,12,5,0.0,86,29
2026-05-21 08:08:31,2026-05-22,3,篮球场-2号南半场,16:00-17:00,0,1,可预约,￥75.0,多云,17,12,5,0.0,86,29
2026-05-21 08:11:30,2026-05-22,3,篮球场-2号南半场,16:00-17:00,0,1,可预约,￥75.0,多云,17,12,5,0.0,86,29
2026-05-21 08:14:31,2026-05-22,3,篮球场-2号南半场,16:00-17:00,0,1,可预约,￥75.0,多云,17,12,5,0.0,86,29
2026-05-21 08:17:30,2026-05-22,3,篮球场-2号南半场,16:00-17:00,0,1,可预约,￥75.0,多云,17,12,5,0.0,86,29
2026-05-21 08:20:35,2026-05-22,3,篮球场-2号南半场,16:00-17:00,0,1,可预约,￥75.0,多云,17,14,4,0.0,85,29
2026-05-21 08:25:32,2026-05-22,3,篮球场-2号南半场,16:00-17:00,0,1,可预约,￥75.0,多云,17,14,4,0.0,85,28
2026-05-21 08:30:42,2026-05-22,3,篮球场-2号南半场,16:00-17:00,0,1,可预约,￥75.0,多云,18,15,4,0.0,84,28
2026-05-21 08:35:31,2026-05-22,3,篮球场-2号南半场,16:00-17:00,0,1,可预约,￥75.0,多云,18,15,4,0.0,84,28
2026-05-21 08:40:38,2026-05-22,3,篮球场-2号南半场,16:00-17:00,0,1,可预约,￥75.0,多云,18,15,4,0.0,82,28
2026-05-21 08:45:33,2026-05-22,3,篮球场-2号南半场,16:00-17:00,0,1,可预约,￥75.0,多云,18,15,4,0.0,82,28
2026-05-21 08:50:36,2026-05-22,3,篮球场-2号南半场,16:00-17:00,0,1,可预约,￥75.0,多云,18,15,4,0.0,82,28
2026-05-21 08:55:34,2026-05-22,3,篮球场-2号南半场,16:00-17:00,0,1,可预约,￥75.0,多云,18,15,4,0.0,84,28
2026-05-21 09:00:51,2026-05-22,3,篮球场-2号南半场,16:00-17:00,0,1,可预约,￥75.0,多云,18,15,4,0.0,84,28
2026-05-21 09:01:59,2026-05-22,3,篮球场-2号南半场,16:00-17:00,0,1,可预约,￥75.0,多云,18,15,4,0.0,83,28
2026-05-21 09:05:33,2026-05-22,3,篮球场-2号南半场,16:00-17:00,0,1,可预约,￥75.0,多云,18,15,4,0.0,83,28
2026-05-21 09:20:38,2026-05-22,3,篮球场-2号南半场,16:00-17:00,0,1,可预约,￥75.0,多云,18,16,3,0.0,81,28
2026-05-21 09:30:46,2026-05-22,3,篮球场-2号南半场,16:00-17:00,0,1,可预约,￥75.0,多云,18,16,3,0.0,81,32
2026-05-21 09:40:36,2026-05-22,3,篮球场-2号南半场,16:00-17:00,0,1,可预约,￥75.0,多云,19,17,3,0.0,79,32
2026-05-21 09:50:42,2026-05-22,3,篮球场-2号南半场,16:00-17:00,0,1,可预约,￥75.0,多云,19,17,4,0.0,81,32
2026-05-21 10:00:46,2026-05-22,3,篮球场-2号南半场,16:00-17:00,0,1,可预约,￥75.0,多云,19,17,4,0.0,79,32
2026-05-21 10:10:40,2026-05-22,3,篮球场-2号南半场,16:00-17:00,0,1,可预约,￥75.0,多云,19,17,4,0.0,79,32
2026-05-21 10:20:38,2026-05-22,3,篮球场-2号南半场,16:00-17:00,0,1,可预约,￥75.0,多云,19,17,4,0.0,79,32
2026-05-21 10:30:41,2026-05-22,3,篮球场-2号南半场,16:00-17:00,0,1,可预约,￥75.0,多云,19,18,3,0.0,78,31
2026-05-21 11:00:44,2026-05-22,3,篮球场-2号南半场,16:00-17:00,0,1,可预约,￥75.0,多云,21,17,5,0.0,74,31
2026-05-21 11:30:38,2026-05-22,3,篮球场-2号南半场,16:00-17:00,0,1,可预约,￥75.0,多云,21,19,3,0.0,72,33
2026-05-21 12:00:46,2026-05-22,3,篮球场-2号南半场,16:00-17:00,0,1,可预约,￥75.0,多云,22,19,4,0.0,70,33
2026-05-21 12:30:42,2026-05-22,3,篮球场-2号南半场,16:00-17:00,0,1,可预约,￥75.0,多云,22,21,3,0.0,68,35
2026-05-21 13:00:43,2026-05-22,3,篮球场-2号南半场,16:00-17:00,0,1,可预约,￥75.0,多云,24,22,4,0.0,66,35
2026-05-21 13:30:43,2026-05-22,3,篮球场-2号南半场,16:00-17:00,0,1,可预约,￥75.0,多云,24,22,4,0.0,66,36
2026-05-21 14:00:48,2026-05-22,3,篮球场-2号南半场,16:00-17:00,0,1,可预约,￥75.0,多云,25,23,4,0.0,66,36
2026-05-21 14:30:45,2026-05-22,3,篮球场-2号南半场,16:00-17:00,0,1,可预约,￥75.0,晴,25,25,3,0.0,65,39
2026-05-21 15:00:45,2026-05-22,3,篮球场-2号南半场,16:00-17:00,0,1,可预约,￥75.0,晴,25,22,4,0.0,56,39
2026-05-21 15:30:43,2026-05-22,3,篮球场-2号南半场,16:00-17:00,0,1,可预约,￥75.0,晴,25,23,4,0.0,57,40
2026-05-21 16:00:51,2026-05-22,3,篮球场-2号南半场,16:00-17:00,0,1,可预约,￥75.0,晴,25,23,4,0.0,57,40
2026-05-21 16:30:48,2026-05-22,3,篮球场-2号南半场,16:00-17:00,0,1,可预约,￥75.0,晴,25,24,3,0.0,60,39
2026-05-21 17:00:49,2026-05-22,3,篮球场-2号南半场,16:00-17:00,0,1,可预约,￥75.0,晴,25,24,4,0.0,61,39
2026-05-21 17:30:47,2026-05-22,3,篮球场-2号南半场,16:00-17:00,0,1,可预约,￥75.0,多云,24,23,3,0.0,64,39
2026-05-21 18:00:50,2026-05-22,3,篮球场-2号南半场,16:00-17:00,0,1,可预约,￥75.0,多云,24,23,3,0.0,68,39
2026-05-21 18:30:50,2026-05-22,3,篮球场-2号南半场,16:00-17:00,0,1,可预约,￥75.0,阴,24,25,2,0.0,68,40
2026-05-21 19:00:50,2026-05-22,3,篮球场-2号南半场,16:00-17:00,0,1,可预约,￥75.0,阴,23,23,3,0.0,76,40
2026-05-21 19:30:46,2026-05-22,3,篮球场-2号南半场,16:00-17:00,0,1,可预约,￥75.0,阴,23,24,2,0.0,77,39
2026-05-21 20:00:49,2026-05-22,3,篮球场-2号南半场,16:00-17:00,0,1,可预约,￥75.0,雾,22,23,2,0.0,89,39
2026-05-21 20:30:44,2026-05-22,3,篮球场-2号南半场,16:00-17:00,0,1,可预约,￥75.0,雾,22,24,2,0.0,93,43
2026-05-21 21:00:56,2026-05-22,3,篮球场-2号南半场,16:00-17:00,0,1,可预约,￥75.0,雾,20,21,2,0.0,98,43
2026-05-21 21:30:46,2026-05-22,3,篮球场-2号南半场,16:00-17:00,0,1,可预约,￥75.0,雾,20,22,1,0.0,99,41
2026-05-21 22:01:02,2026-05-22,3,篮球场-2号南半场,16:00-17:00,0,1,可预约,￥75.0,雾,19,20,2,0.0,93,41
2026-05-21 22:30:47,2026-05-22,3,篮球场-2号南半场,16:00-17:00,0,1,可预约,￥75.0,雾,19,19,3,0.0,88,46
2026-05-21 23:00:56,2026-05-22,3,篮球场-2号南半场,16:00-17:00,0,1,可预约,￥75.0,多云,18,17,3,0.0,85,46
2026-05-21 23:30:55,2026-05-22,3,篮球场-2号南半场,16:00-17:00,0,1,可预约,￥75.0,多云,18,17,3,0.0,85,48
2026-05-21 08:00:45,2026-05-22,3,篮球场-2号南半场,19:00-20:00,0,1,可预约,￥75.0,晴,17,12,5,0.0,86,29
2026-05-21 08:02:30,2026-05-22,3,篮球场-2号南半场,19:00-20:00,0,1,可预约,￥75.0,多云,17,12,5,0.0,87,29
2026-05-21 08:05:36,2026-05-22,3,篮球场-2号南半场,19:00-20:00,0,1,可预约,￥75.0,多云,17,12,5,0.0,86,29
2026-05-21 08:08:31,2026-05-22,3,篮球场-2号南半场,19:00-20:00,0,1,可预约,￥75.0,多云,17,12,5,0.0,86,29
2026-05-21 08:11:30,2026-05-22,3,篮球场-2号南半场,19:00-20:00,0,1,可预约,￥75.0,多云,17,12,5,0.0,86,29
2026-05-21 08:14:31,2026-05-22,3,篮球场-2号南半场,19:00-20:00,0,1,可预约,￥75.0,多云,17,12,5,0.0,86,29
2026-05-21 08:17:30,2026-05-22,3,篮球场-2号南半场,19:00-20:00,0,1,可预约,￥75.0,多云,17,12,5,0.0,86,29
2026-05-21 08:20:35,2026-05-22,3,篮球场-2号南半场,19:00-20:00,0,1,可预约,￥75.0,多云,17,14,4,0.0,85,29
2026-05-21 08:25:32,2026-05-22,3,篮球场-2号南半场,19:00-20:00,0,1,可预约,￥75.0,多云,17,14,4,0.0,85,28
2026-05-21 08:30:42,2026-05-22,3,篮球场-2号南半场,19:00-20:00,0,1,可预约,￥75.0,多云,18,15,4,0.0,84,28
2026-05-21 08:35:31,2026-05-22,3,篮球场-2号南半场,19:00-20:00,0,1,可预约,￥75.0,多云,18,15,4,0.0,84,28
2026-05-21 08:40:38,2026-05-22,3,篮球场-2号南半场,19:00-20:00,0,1,可预约,￥75.0,多云,18,15,4,0.0,82,28
2026-05-21 08:45:33,2026-05-22,3,篮球场-2号南半场,19:00-20:00,0,1,可预约,￥75.0,多云,18,15,4,0.0,82,28
2026-05-21 08:50:36,2026-05-22,3,篮球场-2号南半场,19:00-20:00,0,1,可预约,￥75.0,多云,18,15,4,0.0,82,28
2026-05-21 08:55:34,2026-05-22,3,篮球场-2号南半场,19:00-20:00,0,1,可预约,￥75.0,多云,18,15,4,0.0,84,28
2026-05-21 09:00:51,2026-05-22,3,篮球场-2号南半场,19:00-20:00,0,1,可预约,￥75.0,多云,18,15,4,0.0,84,28
2026-05-21 09:01:59,2026-05-22,3,篮球场-2号南半场,19:00-20:00,0,1,可预约,￥75.0,多云,18,15,4,0.0,83,28
2026-05-21 09:05:33,2026-05-22,3,篮球场-2号南半场,19:00-20:00,0,1,可预约,￥75.0,多云,18,15,4,0.0,83,28
2026-05-21 09:20:38,2026-05-22,3,篮球场-2号南半场,19:00-20:00,0,1,可预约,￥75.0,多云,18,16,3,0.0,81,28
2026-05-21 09:30:46,2026-05-22,3,篮球场-2号南半场,19:00-20:00,0,1,可预约,￥75.0,多云,18,16,3,0.0,81,32
2026-05-21 09:40:36,2026-05-22,3,篮球场-2号南半场,19:00-20:00,0,1,可预约,￥75.0,多云,19,17,3,0.0,79,32
2026-05-21 09:50:42,2026-05-22,3,篮球场-2号南半场,19:00-20:00,0,1,可预约,￥75.0,多云,19,17,4,0.0,81,32
2026-05-21 10:00:46,2026-05-22,3,篮球场-2号南半场,19:00-20:00,0,1,可预约,￥75.0,多云,19,17,4,0.0,79,32
2026-05-21 10:10:40,2026-05-22,3,篮球场-2号南半场,19:00-20:00,0,1,可预约,￥75.0,多云,19,17,4,0.0,79,32
2026-05-21 10:20:38,2026-05-22,3,篮球场-2号南半场,19:00-20:00,0,1,可预约,￥75.0,多云,19,17,4,0.0,79,32
2026-05-21 10:30:41,2026-05-22,3,篮球场-2号南半场,19:00-20:00,0,1,可预约,￥75.0,多云,19,18,3,0.0,78,31
2026-05-21 11:00:44,2026-05-22,3,篮球场-2号南半场,19:00-20:00,0,1,可预约,￥75.0,多云,21,17,5,0.0,74,31
2026-05-21 11:30:38,2026-05-22,3,篮球场-2号南半场,19:00-20:00,0,1,可预约,￥75.0,多云,21,19,3,0.0,72,33
2026-05-21 12:00:46,2026-05-22,3,篮球场-2号南半场,19:00-20:00,0,1,可预约,￥75.0,多云,22,19,4,0.0,70,33
2026-05-21 12:30:42,2026-05-22,3,篮球场-2号南半场,19:00-20:00,0,1,可预约,￥75.0,多云,22,21,3,0.0,68,35
2026-05-21 13:00:43,2026-05-22,3,篮球场-2号南半场,19:00-20:00,0,1,可预约,￥75.0,多云,24,22,4,0.0,66,35
2026-05-21 13:30:43,2026-05-22,3,篮球场-2号南半场,19:00-20:00,0,1,可预约,￥75.0,多云,24,22,4,0.0,66,36
2026-05-21 14:00:48,2026-05-22,3,篮球场-2号南半场,19:00-20:00,0,1,可预约,￥75.0,多云,25,23,4,0.0,66,36
2026-05-21 14:30:45,2026-05-22,3,篮球场-2号南半场,19:00-20:00,0,1,可预约,￥75.0,晴,25,25,3,0.0,65,39
2026-05-21 15:00:45,2026-05-22,3,篮球场-2号南半场,19:00-20:00,0,1,可预约,￥75.0,晴,25,22,4,0.0,56,39
2026-05-21 15:30:43,2026-05-22,3,篮球场-2号南半场,19:00-20:00,0,1,可预约,￥75.0,晴,25,23,4,0.0,57,40
2026-05-21 16:00:51,2026-05-22,3,篮球场-2号南半场,19:00-20:00,0,1,可预约,￥75.0,晴,25,23,4,0.0,57,40
2026-05-21 16:30:48,2026-05-22,3,篮球场-2号南半场,19:00-20:00,0,1,可预约,￥75.0,晴,25,24,3,0.0,60,39
2026-05-21 17:00:49,2026-05-22,3,篮球场-2号南半场,19:00-20:00,0,1,可预约,￥75.0,晴,25,24,4,0.0,61,39
2026-05-21 17:30:47,2026-05-22,3,篮球场-2号南半场,19:00-20:00,0,1,可预约,￥75.0,多云,24,23,3,0.0,64,39
2026-05-21 18:00:50,2026-05-22,3,篮球场-2号南半场,19:00-20:00,0,1,可预约,￥75.0,多云,24,23,3,0.0,68,39
2026-05-21 18:30:50,2026-05-22,3,篮球场-2号南半场,19:00-20:00,0,1,可预约,￥75.0,阴,24,25,2,0.0,68,40
2026-05-21 19:00:50,2026-05-22,3,篮球场-2号南半场,19:00-20:00,0,1,可预约,￥75.0,阴,23,23,3,0.0,76,40
2026-05-21 19:30:46,2026-05-22,3,篮球场-2号南半场,19:00-20:00,0,1,可预约,￥75.0,阴,23,24,2,0.0,77,39
2026-05-21 20:00:49,2026-05-22,3,篮球场-2号南半场,19:00-20:00,0,1,可预约,￥75.0,雾,22,23,2,0.0,89,39
2026-05-21 20:30:44,2026-05-22,3,篮球场-2号南半场,19:00-20:00,0,1,可预约,￥75.0,雾,22,24,2,0.0,93,43
2026-05-21 21:00:56,2026-05-22,3,篮球场-2号南半场,19:00-20:00,0,1,可预约,￥75.0,雾,20,21,2,0.0,98,43
2026-05-21 21:30:46,2026-05-22,3,篮球场-2号南半场,19:00-20:00,0,1,可预约,￥75.0,雾,20,22,1,0.0,99,41
2026-05-21 22:01:02,2026-05-22,3,篮球场-2号南半场,19:00-20:00,0,1,可预约,￥75.0,雾,19,20,2,0.0,93,41
2026-05-21 22:30:47,2026-05-22,3,篮球场-2号南半场,19:00-20:00,0,1,可预约,￥75.0,雾,19,19,3,0.0,88,46
2026-05-21 23:00:56,2026-05-22,3,篮球场-2号南半场,19:00-20:00,0,1,可预约,￥75.0,多云,18,17,3,0.0,85,46
2026-05-21 23:30:55,2026-05-22,3,篮球场-2号南半场,19:00-20:00,0,1,可预约,￥75.0,多云,18,17,3,0.0,85,48
2026-05-21 08:00:45,2026-05-22,3,篮球场-2号南半场,20:30-21:30,0,1,可预约,￥75.0,晴,17,12,5,0.0,86,29
2026-05-21 08:02:30,2026-05-22,3,篮球场-2号南半场,20:30-21:30,0,1,可预约,￥75.0,多云,17,12,5,0.0,87,29
2026-05-21 08:05:36,2026-05-22,3,篮球场-2号南半场,20:30-21:30,0,1,可预约,￥75.0,多云,17,12,5,0.0,86,29
2026-05-21 08:08:31,2026-05-22,3,篮球场-2号南半场,20:30-21:30,0,1,可预约,￥75.0,多云,17,12,5,0.0,86,29
2026-05-21 08:11:30,2026-05-22,3,篮球场-2号南半场,20:30-21:30,0,1,可预约,￥75.0,多云,17,12,5,0.0,86,29
2026-05-21 08:14:31,2026-05-22,3,篮球场-2号南半场,20:30-21:30,0,1,可预约,￥75.0,多云,17,12,5,0.0,86,29
2026-05-21 08:17:30,2026-05-22,3,篮球场-2号南半场,20:30-21:30,0,1,可预约,￥75.0,多云,17,12,5,0.0,86,29
2026-05-21 08:20:35,2026-05-22,3,篮球场-2号南半场,20:30-21:30,0,1,可预约,￥75.0,多云,17,14,4,0.0,85,29
2026-05-21 08:25:32,2026-05-22,3,篮球场-2号南半场,20:30-21:30,0,1,可预约,￥75.0,多云,17,14,4,0.0,85,28
2026-05-21 08:30:42,2026-05-22,3,篮球场-2号南半场,20:30-21:30,0,1,可预约,￥75.0,多云,18,15,4,0.0,84,28
2026-05-21 08:35:31,2026-05-22,3,篮球场-2号南半场,20:30-21:30,0,1,可预约,￥75.0,多云,18,15,4,0.0,84,28
2026-05-21 08:40:38,2026-05-22,3,篮球场-2号南半场,20:30-21:30,0,1,可预约,￥75.0,多云,18,15,4,0.0,82,28
2026-05-21 08:45:33,2026-05-22,3,篮球场-2号南半场,20:30-21:30,0,1,可预约,￥75.0,多云,18,15,4,0.0,82,28
2026-05-21 08:50:36,2026-05-22,3,篮球场-2号南半场,20:30-21:30,0,1,可预约,￥75.0,多云,18,15,4,0.0,82,28
2026-05-21 08:55:34,2026-05-22,3,篮球场-2号南半场,20:30-21:30,0,1,可预约,￥75.0,多云,18,15,4,0.0,84,28
2026-05-21 09:00:51,2026-05-22,3,篮球场-2号南半场,20:30-21:30,0,1,可预约,￥75.0,多云,18,15,4,0.0,84,28
2026-05-21 09:01:59,2026-05-22,3,篮球场-2号南半场,20:30-21:30,0,1,可预约,￥75.0,多云,18,15,4,0.0,83,28
2026-05-21 09:05:33,2026-05-22,3,篮球场-2号南半场,20:30-21:30,0,1,可预约,￥75.0,多云,18,15,4,0.0,83,28
2026-05-21 09:20:38,2026-05-22,3,篮球场-2号南半场,20:30-21:30,0,1,可预约,￥75.0,多云,18,16,3,0.0,81,28
2026-05-21 09:30:46,2026-05-22,3,篮球场-2号南半场,20:30-21:30,0,1,可预约,￥75.0,多云,18,16,3,0.0,81,32
2026-05-21 09:40:36,2026-05-22,3,篮球场-2号南半场,20:30-21:30,0,1,可预约,￥75.0,多云,19,17,3,0.0,79,32
2026-05-21 09:50:42,2026-05-22,3,篮球场-2号南半场,20:30-21:30,0,1,可预约,￥75.0,多云,19,17,4,0.0,81,32
2026-05-21 10:00:46,2026-05-22,3,篮球场-2号南半场,20:30-21:30,0,1,可预约,￥75.0,多云,19,17,4,0.0,79,32
2026-05-21 10:10:40,2026-05-22,3,篮球场-2号南半场,20:30-21:30,0,1,可预约,￥75.0,多云,19,17,4,0.0,79,32
2026-05-21 10:20:38,2026-05-22,3,篮球场-2号南半场,20:30-21:30,0,1,可预约,￥75.0,多云,19,17,4,0.0,79,32
2026-05-21 10:30:41,2026-05-22,3,篮球场-2号南半场,20:30-21:30,0,1,可预约,￥75.0,多云,19,18,3,0.0,78,31
2026-05-21 11:00:44,2026-05-22,3,篮球场-2号南半场,20:30-21:30,0,1,可预约,￥75.0,多云,21,17,5,0.0,74,31
2026-05-21 11:30:38,2026-05-22,3,篮球场-2号南半场,20:30-21:30,0,1,可预约,￥75.0,多云,21,19,3,0.0,72,33
2026-05-21 12:00:46,2026-05-22,3,篮球场-2号南半场,20:30-21:30,0,1,可预约,￥75.0,多云,22,19,4,0.0,70,33
2026-05-21 12:30:42,2026-05-22,3,篮球场-2号南半场,20:30-21:30,0,1,可预约,￥75.0,多云,22,21,3,0.0,68,35
2026-05-21 13:00:43,2026-05-22,3,篮球场-2号南半场,20:30-21:30,0,1,可预约,￥75.0,多云,24,22,4,0.0,66,35
2026-05-21 13:30:43,2026-05-22,3,篮球场-2号南半场,20:30-21:30,0,1,可预约,￥75.0,多云,24,22,4,0.0,66,36
2026-05-21 14:00:48,2026-05-22,3,篮球场-2号南半场,20:30-21:30,0,1,可预约,￥75.0,多云,25,23,4,0.0,66,36
2026-05-21 14:30:45,2026-05-22,3,篮球场-2号南半场,20:30-21:30,0,1,可预约,￥75.0,晴,25,25,3,0.0,65,39
2026-05-21 15:00:45,2026-05-22,3,篮球场-2号南半场,20:30-21:30,0,1,可预约,￥75.0,晴,25,22,4,0.0,56,39
2026-05-21 15:30:43,2026-05-22,3,篮球场-2号南半场,20:30-21:30,0,1,可预约,￥75.0,晴,25,23,4,0.0,57,40
2026-05-21 16:00:51,2026-05-22,3,篮球场-2号南半场,20:30-21:30,0,1,可预约,￥75.0,晴,25,23,4,0.0,57,40
2026-05-21 16:30:48,2026-05-22,3,篮球场-2号南半场,20:30-21:30,0,1,可预约,￥75.0,晴,25,24,3,0.0,60,39
2026-05-21 17:00:49,2026-05-22,3,篮球场-2号南半场,20:30-21:30,0,1,可预约,￥75.0,晴,25,24,4,0.0,61,39
2026-05-21 17:30:47,2026-05-22,3,篮球场-2号南半场,20:30-21:30,0,1,可预约,￥75.0,多云,24,23,3,0.0,64,39
2026-05-21 18:00:50,2026-05-22,3,篮球场-2号南半场,20:30-21:30,0,1,可预约,￥75.0,多云,24,23,3,0.0,68,39
2026-05-21 18:30:50,2026-05-22,3,篮球场-2号南半场,20:30-21:30,0,1,可预约,￥75.0,阴,24,25,2,0.0,68,40
2026-05-21 19:00:50,2026-05-22,3,篮球场-2号南半场,20:30-21:30,0,1,可预约,￥75.0,阴,23,23,3,0.0,76,40
2026-05-21 19:30:46,2026-05-22,3,篮球场-2号南半场,20:30-21:30,0,1,可预约,￥75.0,阴,23,24,2,0.0,77,39
2026-05-21 20:00:49,2026-05-22,3,篮球场-2号南半场,20:30-21:30,0,1,可预约,￥75.0,雾,22,23,2,0.0,89,39
2026-05-21 20:30:44,2026-05-22,3,篮球场-2号南半场,20:30-21:30,0,1,可预约,￥75.0,雾,22,24,2,0.0,93,43
2026-05-21 21:00:56,2026-05-22,3,篮球场-2号南半场,20:30-21:30,0,1,可预约,￥75.0,雾,20,21,2,0.0,98,43
2026-05-21 21:30:46,2026-05-22,3,篮球场-2号南半场,20:30-21:30,0,1,可预约,￥75.0,雾,20,22,1,0.0,99,41
2026-05-21 22:01:02,2026-05-22,3,篮球场-2号南半场,20:30-21:30,0,1,可预约,￥75.0,雾,19,20,2,0.0,93,41
2026-05-21 22:30:47,2026-05-22,3,篮球场-2号南半场,20:30-21:30,0,1,可预约,￥75.0,雾,19,19,3,0.0,88,46
2026-05-21 23:00:56,2026-05-22,3,篮球场-2号南半场,20:30-21:30,0,1,可预约,￥75.0,多云,18,17,3,0.0,85,46
2026-05-21 23:30:55,2026-05-22,3,篮球场-2号南半场,20:30-21:30,0,1,可预约,￥75.0,多云,18,17,3,0.0,85,48
2026-05-21 08:00:45,2026-05-22,4,羽毛球馆-10号,07:00-08:00,0,1,可预约,￥0.0,晴,17,12,5,0.0,86,29
2026-05-21 08:02:30,2026-05-22,4,羽毛球馆-10号,07:00-08:00,0,1,可预约,￥0.0,多云,17,12,5,0.0,87,29
2026-05-21 08:05:36,2026-05-22,4,羽毛球馆-10号,07:00-08:00,0,1,可预约,￥0.0,多云,17,12,5,0.0,86,29
2026-05-21 08:08:31,2026-05-22,4,羽毛球馆-10号,07:00-08:00,0,1,可预约,￥0.0,多云,17,12,5,0.0,86,29
2026-05-21 08:11:30,2026-05-22,4,羽毛球馆-10号,07:00-08:00,0,1,可预约,￥0.0,多云,17,12,5,0.0,86,29
2026-05-21 08:14:31,2026-05-22,4,羽毛球馆-10号,07:00-08:00,0,1,可预约,￥0.0,多云,17,12,5,0.0,86,29
2026-05-21 08:17:30,2026-05-22,4,羽毛球馆-10号,07:00-08:00,0,1,可预约,￥0.0,多云,17,12,5,0.0,86,29
2026-05-21 08:20:35,2026-05-22,4,羽毛球馆-10号,07:00-08:00,0,1,可预约,￥0.0,多云,17,14,4,0.0,85,29
2026-05-21 08:25:32,2026-05-22,4,羽毛球馆-10号,07:00-08:00,0,1,可预约,￥0.0,多云,17,14,4,0.0,85,28
2026-05-21 08:30:42,2026-05-22,4,羽毛球馆-10号,07:00-08:00,0,1,可预约,￥0.0,多云,18,15,4,0.0,84,28
2026-05-21 08:35:31,2026-05-22,4,羽毛球馆-10号,07:00-08:00,0,1,可预约,￥0.0,多云,18,15,4,0.0,84,28
2026-05-21 08:40:38,2026-05-22,4,羽毛球馆-10号,07:00-08:00,0,1,可预约,￥0.0,多云,18,15,4,0.0,82,28
2026-05-21 08:45:33,2026-05-22,4,羽毛球馆-10号,07:00-08:00,0,1,可预约,￥0.0,多云,18,15,4,0.0,82,28
2026-05-21 08:50:36,2026-05-22,4,羽毛球馆-10号,07:00-08:00,0,1,可预约,￥0.0,多云,18,15,4,0.0,82,28
2026-05-21 08:55:34,2026-05-22,4,羽毛球馆-10号,07:00-08:00,0,1,可预约,￥0.0,多云,18,15,4,0.0,84,28
2026-05-21 09:00:51,2026-05-22,4,羽毛球馆-10号,07:00-08:00,0,1,可预约,￥0.0,多云,18,15,4,0.0,84,28
2026-05-21 09:01:59,2026-05-22,4,羽毛球馆-10号,07:00-08:00,0,1,可预约,￥0.0,多云,18,15,4,0.0,83,28
2026-05-21 09:05:33,2026-05-22,4,羽毛球馆-10号,07:00-08:00,0,1,可预约,￥0.0,多云,18,15,4,0.0,83,28
2026-05-21 09:20:38,2026-05-22,4,羽毛球馆-10号,07:00-08:00,0,1,可预约,￥0.0,多云,18,16,3,0.0,81,28
2026-05-21 09:30:46,2026-05-22,4,羽毛球馆-10号,07:00-08:00,0,1,可预约,￥0.0,多云,18,16,3,0.0,81,32
2026-05-21 09:40:36,2026-05-22,4,羽毛球馆-10号,07:00-08:00,0,1,可预约,￥0.0,多云,19,17,3,0.0,79,32
2026-05-21 09:50:42,2026-05-22,4,羽毛球馆-10号,07:00-08:00,0,1,可预约,￥0.0,多云,19,17,4,0.0,81,32
2026-05-21 10:00:46,2026-05-22,4,羽毛球馆-10号,07:00-08:00,0,1,可预约,￥0.0,多云,19,17,4,0.0,79,32
2026-05-21 10:10:40,2026-05-22,4,羽毛球馆-10号,07:00-08:00,0,1,可预约,￥0.0,多云,19,17,4,0.0,79,32
2026-05-21 10:20:38,2026-05-22,4,羽毛球馆-10号,07:00-08:00,0,1,可预约,￥0.0,多云,19,17,4,0.0,79,32
2026-05-21 10:30:41,2026-05-22,4,羽毛球馆-10号,07:00-08:00,0,1,可预约,￥0.0,多云,19,18,3,0.0,78,31
2026-05-21 11:00:44,2026-05-22,4,羽毛球馆-10号,07:00-08:00,0,1,可预约,￥0.0,多云,21,17,5,0.0,74,31
2026-05-21 11:30:38,2026-05-22,4,羽毛球馆-10号,07:00-08:00,0,1,可预约,￥0.0,多云,21,19,3,0.0,72,33
2026-05-21 12:00:46,2026-05-22,4,羽毛球馆-10号,07:00-08:00,0,1,可预约,￥0.0,多云,22,19,4,0.0,70,33
2026-05-21 12:30:42,2026-05-22,4,羽毛球馆-10号,07:00-08:00,0,1,可预约,￥0.0,多云,22,21,3,0.0,68,35
2026-05-21 13:00:43,2026-05-22,4,羽毛球馆-10号,07:00-08:00,0,1,可预约,￥0.0,多云,24,22,4,0.0,66,35
2026-05-21 13:30:43,2026-05-22,4,羽毛球馆-10号,07:00-08:00,0,1,可预约,￥0.0,多云,24,22,4,0.0,66,36
2026-05-21 14:00:48,2026-05-22,4,羽毛球馆-10号,07:00-08:00,0,1,可预约,￥0.0,多云,25,23,4,0.0,66,36
2026-05-21 14:30:45,2026-05-22,4,羽毛球馆-10号,07:00-08:00,0,1,可预约,￥0.0,晴,25,25,3,0.0,65,39
2026-05-21 15:00:45,2026-05-22,4,羽毛球馆-10号,07:00-08:00,0,1,可预约,￥0.0,晴,25,22,4,0.0,56,39
2026-05-21 15:30:43,2026-05-22,4,羽毛球馆-10号,07:00-08:00,0,1,可预约,￥0.0,晴,25,23,4,0.0,57,40
2026-05-21 16:00:51,2026-05-22,4,羽毛球馆-10号,07:00-08:00,0,1,可预约,￥0.0,晴,25,23,4,0.0,57,40
2026-05-21 16:30:48,2026-05-22,4,羽毛球馆-10号,07:00-08:00,0,1,可预约,￥0.0,晴,25,24,3,0.0,60,39
2026-05-21 17:00:49,2026-05-22,4,羽毛球馆-10号,07:00-08:00,0,1,可预约,￥0.0,晴,25,24,4,0.0,61,39
2026-05-21 17:30:47,2026-05-22,4,羽毛球馆-10号,07:00-08:00,0,1,可预约,￥0.0,多云,24,23,3,0.0,64,39
2026-05-21 18:00:50,2026-05-22,4,羽毛球馆-10号,07:00-08:00,0,1,可预约,￥0.0,多云,24,23,3,0.0,68,39
2026-05-21 18:30:50,2026-05-22,4,羽毛球馆-10号,07:00-08:00,0,1,可预约,￥0.0,阴,24,25,2,0.0,68,40
2026-05-21 19:00:50,2026-05-22,4,羽毛球馆-10号,07:00-08:00,0,1,可预约,￥0.0,阴,23,23,3,0.0,76,40
2026-05-21 19:30:46,2026-05-22,4,羽毛球馆-10号,07:00-08:00,0,1,可预约,￥0.0,阴,23,24,2,0.0,77,39
2026-05-21 20:00:49,2026-05-22,4,羽毛球馆-10号,07:00-08:00,0,1,可预约,￥0.0,雾,22,23,2,0.0,89,39
2026-05-21 20:30:44,2026-05-22,4,羽毛球馆-10号,07:00-08:00,0,1,可预约,￥0.0,雾,22,24,2,0.0,93,43
2026-05-21 21:00:56,2026-05-22,4,羽毛球馆-10号,07:00-08:00,0,1,可预约,￥0.0,雾,20,21,2,0.0,98,43
2026-05-21 21:30:46,2026-05-22,4,羽毛球馆-10号,07:00-08:00,0,1,可预约,￥0.0,雾,20,22,1,0.0,99,41
2026-05-21 22:01:02,2026-05-22,4,羽毛球馆-10号,07:00-08:00,0,1,可预约,￥0.0,雾,19,20,2,0.0,93,41
2026-05-21 22:30:47,2026-05-22,4,羽毛球馆-10号,07:00-08:00,0,1,可预约,￥0.0,雾,19,19,3,0.0,88,46
2026-05-21 23:00:56,2026-05-22,4,羽毛球馆-10号,07:00-08:00,0,1,可预约,￥0.0,多云,18,17,3,0.0,85,46
2026-05-21 23:30:55,2026-05-22,4,羽毛球馆-10号,07:00-08:00,0,1,可预约,￥0.0,多云,18,17,3,0.0,85,48
2026-05-21 08:00:45,2026-05-22,4,羽毛球馆-10号,08:00-09:00,0,1,可预约,￥0.0,晴,17,12,5,0.0,86,29
2026-05-21 08:02:30,2026-05-22,4,羽毛球馆-10号,08:00-09:00,0,1,可预约,￥0.0,多云,17,12,5,0.0,87,29
2026-05-21 08:05:36,2026-05-22,4,羽毛球馆-10号,08:00-09:00,0,1,可预约,￥0.0,多云,17,12,5,0.0,86,29
2026-05-21 08:08:31,2026-05-22,4,羽毛球馆-10号,08:00-09:00,0,1,可预约,￥0.0,多云,17,12,5,0.0,86,29
2026-05-21 08:11:30,2026-05-22,4,羽毛球馆-10号,08:00-09:00,0,1,可预约,￥0.0,多云,17,12,5,0.0,86,29
2026-05-21 08:14:31,2026-05-22,4,羽毛球馆-10号,08:00-09:00,0,1,可预约,￥0.0,多云,17,12,5,0.0,86,29
2026-05-21 08:17:30,2026-05-22,4,羽毛球馆-10号,08:00-09:00,1,1,已售/已满,已售,多云,17,12,5,0.0,86,29
2026-05-21 08:20:35,2026-05-22,4,羽毛球馆-10号,08:00-09:00,1,1,已售/已满,已售,多云,17,14,4,0.0,85,29
2026-05-21 08:25:32,2026-05-22,4,羽毛球馆-10号,08:00-09:00,1,1,已售/已满,已售,多云,17,14,4,0.0,85,28
2026-05-21 08:30:42,2026-05-22,4,羽毛球馆-10号,08:00-09:00,1,1,已售/已满,已售,多云,18,15,4,0.0,84,28
2026-05-21 08:35:31,2026-05-22,4,羽毛球馆-10号,08:00-09:00,1,1,已售/已满,已售,多云,18,15,4,0.0,84,28
2026-05-21 08:40:38,2026-05-22,4,羽毛球馆-10号,08:00-09:00,1,1,已售/已满,已售,多云,18,15,4,0.0,82,28
2026-05-21 08:45:33,2026-05-22,4,羽毛球馆-10号,08:00-09:00,1,1,已售/已满,已售,多云,18,15,4,0.0,82,28
2026-05-21 08:50:36,2026-05-22,4,羽毛球馆-10号,08:00-09:00,1,1,已售/已满,已售,多云,18,15,4,0.0,82,28
2026-05-21 08:55:34,2026-05-22,4,羽毛球馆-10号,08:00-09:00,1,1,已售/已满,已售,多云,18,15,4,0.0,84,28
2026-05-21 09:00:51,2026-05-22,4,羽毛球馆-10号,08:00-09:00,1,1,已售/已满,已售,多云,18,15,4,0.0,84,28
2026-05-21 09:01:59,2026-05-22,4,羽毛球馆-10号,08:00-09:00,1,1,已售/已满,已售,多云,18,15,4,0.0,83,28
2026-05-21 09:05:33,2026-05-22,4,羽毛球馆-10号,08:00-09:00,1,1,已售/已满,已售,多云,18,15,4,0.0,83,28
2026-05-21 09:20:38,2026-05-22,4,羽毛球馆-10号,08:00-09:00,1,1,已售/已满,已售,多云,18,16,3,0.0,81,28
2026-05-21 09:30:46,2026-05-22,4,羽毛球馆-10号,08:00-09:00,1,1,已售/已满,已售,多云,18,16,3,0.0,81,32
2026-05-21 09:40:36,2026-05-22,4,羽毛球馆-10号,08:00-09:00,1,1,已售/已满,已售,多云,19,17,3,0.0,79,32
2026-05-21 09:50:42,2026-05-22,4,羽毛球馆-10号,08:00-09:00,1,1,已售/已满,已售,多云,19,17,4,0.0,81,32
2026-05-21 10:00:46,2026-05-22,4,羽毛球馆-10号,08:00-09:00,1,1,已售/已满,已售,多云,19,17,4,0.0,79,32
2026-05-21 10:10:40,2026-05-22,4,羽毛球馆-10号,08:00-09:00,1,1,已售/已满,已售,多云,19,17,4,0.0,79,32
2026-05-21 10:20:38,2026-05-22,4,羽毛球馆-10号,08:00-09:00,1,1,已售/已满,已售,多云,19,17,4,0.0,79,32
2026-05-21 10:30:41,2026-05-22,4,羽毛球馆-10号,08:00-09:00,1,1,已售/已满,已售,多云,19,18,3,0.0,78,31
2026-05-21 11:00:44,2026-05-22,4,羽毛球馆-10号,08:00-09:00,1,1,已售/已满,已售,多云,21,17,5,0.0,74,31
2026-05-21 11:30:38,2026-05-22,4,羽毛球馆-10号,08:00-09:00,1,1,已售/已满,已售,多云,21,19,3,0.0,72,33
2026-05-21 12:00:46,2026-05-22,4,羽毛球馆-10号,08:00-09:00,1,1,已售/已满,已售,多云,22,19,4,0.0,70,33
2026-05-21 12:30:42,2026-05-22,4,羽毛球馆-10号,08:00-09:00,1,1,已售/已满,已售,多云,22,21,3,0.0,68,35
2026-05-21 13:00:43,2026-05-22,4,羽毛球馆-10号,08:00-09:00,1,1,已售/已满,已售,多云,24,22,4,0.0,66,35
2026-05-21 13:30:43,2026-05-22,4,羽毛球馆-10号,08:00-09:00,1,1,已售/已满,已售,多云,24,22,4,0.0,66,36
2026-05-21 14:00:48,2026-05-22,4,羽毛球馆-10号,08:00-09:00,1,1,已售/已满,已售,多云,25,23,4,0.0,66,36
2026-05-21 14:30:45,2026-05-22,4,羽毛球馆-10号,08:00-09:00,1,1,已售/已满,已售,晴,25,25,3,0.0,65,39
2026-05-21 15:00:45,2026-05-22,4,羽毛球馆-10号,08:00-09:00,1,1,已售/已满,已售,晴,25,22,4,0.0,56,39
2026-05-21 15:30:43,2026-05-22,4,羽毛球馆-10号,08:00-09:00,1,1,已售/已满,已售,晴,25,23,4,0.0,57,40
2026-05-21 16:00:51,2026-05-22,4,羽毛球馆-10号,08:00-09:00,1,1,已售/已满,已售,晴,25,23,4,0.0,57,40
2026-05-21 16:30:48,2026-05-22,4,羽毛球馆-10号,08:00-09:00,1,1,已售/已满,已售,晴,25,24,3,0.0,60,39
2026-05-21 17:00:49,2026-05-22,4,羽毛球馆-10号,08:00-09:00,1,1,已售/已满,已售,晴,25,24,4,0.0,61,39
2026-05-21 17:30:47,2026-05-22,4,羽毛球馆-10号,08:00-09:00,1,1,已售/已满,已售,多云,24,23,3,0.0,64,39
2026-05-21 18:00:50,2026-05-22,4,羽毛球馆-10号,08:00-09:00,1,1,已售/已满,已售,多云,24,23,3,0.0,68,39
2026-05-21 18:30:50,2026-05-22,4,羽毛球馆-10号,08:00-09:00,1,1,已售/已满,已售,阴,24,25,2,0.0,68,40
2026-05-21 19:00:50,2026-05-22,4,羽毛球馆-10号,08:00-09:00,1,1,已售/已满,已售,阴,23,23,3,0.0,76,40
2026-05-21 19:30:46,2026-05-22,4,羽毛球馆-10号,08:00-09:00,1,1,已售/已满,已售,阴,23,24,2,0.0,77,39
2026-05-21 20:00:49,2026-05-22,4,羽毛球馆-10号,08:00-09:00,1,1,已售/已满,已售,雾,22,23,2,0.0,89,39
2026-05-21 20:30:44,2026-05-22,4,羽毛球馆-10号,08:00-09:00,1,1,已售/已满,已售,雾,22,24,2,0.0,93,43
2026-05-21 21:00:56,2026-05-22,4,羽毛球馆-10号,08:00-09:00,1,1,已售/已满,已售,雾,20,21,2,0.0,98,43
2026-05-21 21:30:46,2026-05-22,4,羽毛球馆-10号,08:00-09:00,1,1,已售/已满,已售,雾,20,22,1,0.0,99,41
2026-05-21 22:01:02,2026-05-22,4,羽毛球馆-10号,08:00-09:00,1,1,已售/已满,已售,雾,19,20,2,0.0,93,41
2026-05-21 22:30:47,2026-05-22,4,羽毛球馆-10号,08:00-09:00,1,1,已售/已满,已售,雾,19,19,3,0.0,88,46
2026-05-21 23:00:56,2026-05-22,4,羽毛球馆-10号,08:00-09:00,1,1,已售/已满,已售,多云,18,17,3,0.0,85,46
2026-05-21 23:30:55,2026-05-22,4,羽毛球馆-10号,08:00-09:00,1,1,已售/已满,已售,多云,18,17,3,0.0,85,48
2026-05-21 08:00:45,2026-05-22,4,羽毛球馆-10号,09:00-10:00,0,1,可预约,￥12.0,晴,17,12,5,0.0,86,29
2026-05-21 08:02:30,2026-05-22,4,羽毛球馆-10号,09:00-10:00,0,1,可预约,￥12.0,多云,17,12,5,0.0,87,29
2026-05-21 08:05:36,2026-05-22,4,羽毛球馆-10号,09:00-10:00,0,1,可预约,￥12.0,多云,17,12,5,0.0,86,29
2026-05-21 08:08:31,2026-05-22,4,羽毛球馆-10号,09:00-10:00,0,1,可预约,￥12.0,多云,17,12,5,0.0,86,29
2026-05-21 08:11:30,2026-05-22,4,羽毛球馆-10号,09:00-10:00,0,1,可预约,￥12.0,多云,17,12,5,0.0,86,29
2026-05-21 08:14:31,2026-05-22,4,羽毛球馆-10号,09:00-10:00,0,1,可预约,￥12.0,多云,17,12,5,0.0,86,29
2026-05-21 08:17:30,2026-05-22,4,羽毛球馆-10号,09:00-10:00,0,1,可预约,￥12.0,多云,17,12,5,0.0,86,29
2026-05-21 08:20:35,2026-05-22,4,羽毛球馆-10号,09:00-10:00,0,1,可预约,￥12.0,多云,17,14,4,0.0,85,29
2026-05-21 08:25:32,2026-05-22,4,羽毛球馆-10号,09:00-10:00,0,1,可预约,￥12.0,多云,17,14,4,0.0,85,28
2026-05-21 08:30:42,2026-05-22,4,羽毛球馆-10号,09:00-10:00,0,1,可预约,￥12.0,多云,18,15,4,0.0,84,28
2026-05-21 08:35:31,2026-05-22,4,羽毛球馆-10号,09:00-10:00,0,1,可预约,￥12.0,多云,18,15,4,0.0,84,28
2026-05-21 08:40:38,2026-05-22,4,羽毛球馆-10号,09:00-10:00,0,1,可预约,￥12.0,多云,18,15,4,0.0,82,28
2026-05-21 08:45:33,2026-05-22,4,羽毛球馆-10号,09:00-10:00,0,1,可预约,￥12.0,多云,18,15,4,0.0,82,28
2026-05-21 08:50:36,2026-05-22,4,羽毛球馆-10号,09:00-10:00,0,1,可预约,￥12.0,多云,18,15,4,0.0,82,28
2026-05-21 08:55:34,2026-05-22,4,羽毛球馆-10号,09:00-10:00,0,1,可预约,￥12.0,多云,18,15,4,0.0,84,28
2026-05-21 09:00:51,2026-05-22,4,羽毛球馆-10号,09:00-10:00,0,1,可预约,￥12.0,多云,18,15,4,0.0,84,28
2026-05-21 09:01:59,2026-05-22,4,羽毛球馆-10号,09:00-10:00,0,1,可预约,￥12.0,多云,18,15,4,0.0,83,28
2026-05-21 09:05:33,2026-05-22,4,羽毛球馆-10号,09:00-10:00,0,1,可预约,￥12.0,多云,18,15,4,0.0,83,28
2026-05-21 09:20:38,2026-05-22,4,羽毛球馆-10号,09:00-10:00,0,1,可预约,￥12.0,多云,18,16,3,0.0,81,28
2026-05-21 09:30:46,2026-05-22,4,羽毛球馆-10号,09:00-10:00,0,1,可预约,￥12.0,多云,18,16,3,0.0,81,32
2026-05-21 09:40:36,2026-05-22,4,羽毛球馆-10号,09:00-10:00,0,1,可预约,￥12.0,多云,19,17,3,0.0,79,32
2026-05-21 09:50:42,2026-05-22,4,羽毛球馆-10号,09:00-10:00,0,1,可预约,￥12.0,多云,19,17,4,0.0,81,32
2026-05-21 10:00:46,2026-05-22,4,羽毛球馆-10号,09:00-10:00,0,1,可预约,￥12.0,多云,19,17,4,0.0,79,32
2026-05-21 10:10:40,2026-05-22,4,羽毛球馆-10号,09:00-10:00,0,1,可预约,￥12.0,多云,19,17,4,0.0,79,32
2026-05-21 10:20:38,2026-05-22,4,羽毛球馆-10号,09:00-10:00,0,1,可预约,￥12.0,多云,19,17,4,0.0,79,32
2026-05-21 10:30:41,2026-05-22,4,羽毛球馆-10号,09:00-10:00,0,1,可预约,￥12.0,多云,19,18,3,0.0,78,31
2026-05-21 11:00:44,2026-05-22,4,羽毛球馆-10号,09:00-10:00,0,1,可预约,￥12.0,多云,21,17,5,0.0,74,31
2026-05-21 11:30:38,2026-05-22,4,羽毛球馆-10号,09:00-10:00,0,1,可预约,￥12.0,多云,21,19,3,0.0,72,33
2026-05-21 12:00:46,2026-05-22,4,羽毛球馆-10号,09:00-10:00,0,1,可预约,￥12.0,多云,22,19,4,0.0,70,33
2026-05-21 12:30:42,2026-05-22,4,羽毛球馆-10号,09:00-10:00,0,1,可预约,￥12.0,多云,22,21,3,0.0,68,35
2026-05-21 13:00:43,2026-05-22,4,羽毛球馆-10号,09:00-10:00,0,1,可预约,￥12.0,多云,24,22,4,0.0,66,35
2026-05-21 13:30:43,2026-05-22,4,羽毛球馆-10号,09:00-10:00,0,1,可预约,￥12.0,多云,24,22,4,0.0,66,36
2026-05-21 14:00:48,2026-05-22,4,羽毛球馆-10号,09:00-10:00,0,1,可预约,￥12.0,多云,25,23,4,0.0,66,36
2026-05-21 14:30:45,2026-05-22,4,羽毛球馆-10号,09:00-10:00,0,1,可预约,￥12.0,晴,25,25,3,0.0,65,39
2026-05-21 15:00:45,2026-05-22,4,羽毛球馆-10号,09:00-10:00,0,1,可预约,￥12.0,晴,25,22,4,0.0,56,39
2026-05-21 15:30:43,2026-05-22,4,羽毛球馆-10号,09:00-10:00,0,1,可预约,￥12.0,晴,25,23,4,0.0,57,40
2026-05-21 16:00:51,2026-05-22,4,羽毛球馆-10号,09:00-10:00,0,1,可预约,￥12.0,晴,25,23,4,0.0,57,40
2026-05-21 16:30:48,2026-05-22,4,羽毛球馆-10号,09:00-10:00,0,1,可预约,￥12.0,晴,25,24,3,0.0,60,39
2026-05-21 17:00:49,2026-05-22,4,羽毛球馆-10号,09:00-10:00,0,1,可预约,￥12.0,晴,25,24,4,0.0,61,39
2026-05-21 17:30:47,2026-05-22,4,羽毛球馆-10号,09:00-10:00,0,1,可预约,￥12.0,多云,24,23,3,0.0,64,39
2026-05-21 18:00:50,2026-05-22,4,羽毛球馆-10号,09:00-10:00,0,1,可预约,￥12.0,多云,24,23,3,0.0,68,39
2026-05-21 18:30:50,2026-05-22,4,羽毛球馆-10号,09:00-10:00,0,1,可预约,￥12.0,阴,24,25,2,0.0,68,40
2026-05-21 19:00:50,2026-05-22,4,羽毛球馆-10号,09:00-10:00,0,1,可预约,￥12.0,阴,23,23,3,0.0,76,40
2026-05-21 19:30:46,2026-05-22,4,羽毛球馆-10号,09:00-10:00,0,1,可预约,￥12.0,阴,23,24,2,0.0,77,39
2026-05-21 20:00:49,2026-05-22,4,羽毛球馆-10号,09:00-10:00,0,1,可预约,￥12.0,雾,22,23,2,0.0,89,39
2026-05-21 20:30:44,2026-05-22,4,羽毛球馆-10号,09:00-10:00,0,1,可预约,￥12.0,雾,22,24,2,0.0,93,43
2026-05-21 21:00:56,2026-05-22,4,羽毛球馆-10号,09:00-10:00,0,1,可预约,￥12.0,雾,20,21,2,0.0,98,43
2026-05-21 21:30:46,2026-05-22,4,羽毛球馆-10号,09:00-10:00,0,1,可预约,￥12.0,雾,20,22,1,0.0,99,41
2026-05-21 22:01:02,2026-05-22,4,羽毛球馆-10号,09:00-10:00,0,1,可预约,￥12.0,雾,19,20,2,0.0,93,41
2026-05-21 22:30:47,2026-05-22,4,羽毛球馆-10号,09:00-10:00,0,1,可预约,￥12.0,雾,19,19,3,0.0,88,46
2026-05-21 23:00:56,2026-05-22,4,羽毛球馆-10号,09:00-10:00,0,1,可预约,￥12.0,多云,18,17,3,0.0,85,46
2026-05-21 23:30:55,2026-05-22,4,羽毛球馆-10号,09:00-10:00,0,1,可预约,￥12.0,多云,18,17,3,0.0,85,48
2026-05-21 08:00:45,2026-05-22,4,羽毛球馆-10号,10:00-11:00,1,1,已售/已满,教学时间,晴,17,12,5,0.0,86,29
2026-05-21 08:02:30,2026-05-22,4,羽毛球馆-10号,10:00-11:00,1,1,已售/已满,教学时间,多云,17,12,5,0.0,87,29
2026-05-21 08:05:36,2026-05-22,4,羽毛球馆-10号,10:00-11:00,1,1,已售/已满,教学时间,多云,17,12,5,0.0,86,29
2026-05-21 08:08:31,2026-05-22,4,羽毛球馆-10号,10:00-11:00,1,1,已售/已满,教学时间,多云,17,12,5,0.0,86,29
2026-05-21 08:11:30,2026-05-22,4,羽毛球馆-10号,10:00-11:00,1,1,已售/已满,教学时间,多云,17,12,5,0.0,86,29
2026-05-21 08:14:31,2026-05-22,4,羽毛球馆-10号,10:00-11:00,1,1,已售/已满,教学时间,多云,17,12,5,0.0,86,29
2026-05-21 08:17:30,2026-05-22,4,羽毛球馆-10号,10:00-11:00,1,1,已售/已满,教学时间,多云,17,12,5,0.0,86,29
2026-05-21 08:20:35,2026-05-22,4,羽毛球馆-10号,10:00-11:00,1,1,已售/已满,教学时间,多云,17,14,4,0.0,85,29
2026-05-21 08:25:32,2026-05-22,4,羽毛球馆-10号,10:00-11:00,1,1,已售/已满,教学时间,多云,17,14,4,0.0,85,28
2026-05-21 08:30:42,2026-05-22,4,羽毛球馆-10号,10:00-11:00,1,1,已售/已满,教学时间,多云,18,15,4,0.0,84,28
2026-05-21 08:35:31,2026-05-22,4,羽毛球馆-10号,10:00-11:00,1,1,已售/已满,教学时间,多云,18,15,4,0.0,84,28
2026-05-21 08:40:38,2026-05-22,4,羽毛球馆-10号,10:00-11:00,1,1,已售/已满,教学时间,多云,18,15,4,0.0,82,28
2026-05-21 08:45:33,2026-05-22,4,羽毛球馆-10号,10:00-11:00,1,1,已售/已满,教学时间,多云,18,15,4,0.0,82,28
2026-05-21 08:50:36,2026-05-22,4,羽毛球馆-10号,10:00-11:00,1,1,已售/已满,教学时间,多云,18,15,4,0.0,82,28
2026-05-21 08:55:34,2026-05-22,4,羽毛球馆-10号,10:00-11:00,1,1,已售/已满,教学时间,多云,18,15,4,0.0,84,28
2026-05-21 09:00:51,2026-05-22,4,羽毛球馆-10号,10:00-11:00,1,1,已售/已满,教学时间,多云,18,15,4,0.0,84,28
2026-05-21 09:01:59,2026-05-22,4,羽毛球馆-10号,10:00-11:00,1,1,已售/已满,教学时间,多云,18,15,4,0.0,83,28
2026-05-21 09:05:33,2026-05-22,4,羽毛球馆-10号,10:00-11:00,1,1,已售/已满,教学时间,多云,18,15,4,0.0,83,28
2026-05-21 09:20:38,2026-05-22,4,羽毛球馆-10号,10:00-11:00,1,1,已售/已满,教学时间,多云,18,16,3,0.0,81,28
2026-05-21 09:30:46,2026-05-22,4,羽毛球馆-10号,10:00-11:00,1,1,已售/已满,教学时间,多云,18,16,3,0.0,81,32
2026-05-21 09:40:36,2026-05-22,4,羽毛球馆-10号,10:00-11:00,1,1,已售/已满,教学时间,多云,19,17,3,0.0,79,32
2026-05-21 09:50:42,2026-05-22,4,羽毛球馆-10号,10:00-11:00,1,1,已售/已满,教学时间,多云,19,17,4,0.0,81,32
2026-05-21 10:00:46,2026-05-22,4,羽毛球馆-10号,10:00-11:00,1,1,已售/已满,教学时间,多云,19,17,4,0.0,79,32
2026-05-21 10:10:40,2026-05-22,4,羽毛球馆-10号,10:00-11:00,1,1,已售/已满,教学时间,多云,19,17,4,0.0,79,32
2026-05-21 10:20:38,2026-05-22,4,羽毛球馆-10号,10:00-11:00,1,1,已售/已满,教学时间,多云,19,17,4,0.0,79,32
2026-05-21 10:30:41,2026-05-22,4,羽毛球馆-10号,10:00-11:00,1,1,已售/已满,教学时间,多云,19,18,3,0.0,78,31
2026-05-21 11:00:44,2026-05-22,4,羽毛球馆-10号,10:00-11:00,1,1,已售/已满,教学时间,多云,21,17,5,0.0,74,31
2026-05-21 11:30:38,2026-05-22,4,羽毛球馆-10号,10:00-11:00,1,1,已售/已满,教学时间,多云,21,19,3,0.0,72,33
2026-05-21 12:00:46,2026-05-22,4,羽毛球馆-10号,10:00-11:00,1,1,已售/已满,教学时间,多云,22,19,4,0.0,70,33
2026-05-21 12:30:42,2026-05-22,4,羽毛球馆-10号,10:00-11:00,1,1,已售/已满,教学时间,多云,22,21,3,0.0,68,35
2026-05-21 13:00:43,2026-05-22,4,羽毛球馆-10号,10:00-11:00,1,1,已售/已满,教学时间,多云,24,22,4,0.0,66,35
2026-05-21 13:30:43,2026-05-22,4,羽毛球馆-10号,10:00-11:00,1,1,已售/已满,教学时间,多云,24,22,4,0.0,66,36
2026-05-21 14:00:48,2026-05-22,4,羽毛球馆-10号,10:00-11:00,1,1,已售/已满,教学时间,多云,25,23,4,0.0,66,36
2026-05-21 14:30:45,2026-05-22,4,羽毛球馆-10号,10:00-11:00,1,1,已售/已满,教学时间,晴,25,25,3,0.0,65,39
2026-05-21 15:00:45,2026-05-22,4,羽毛球馆-10号,10:00-11:00,1,1,已售/已满,教学时间,晴,25,22,4,0.0,56,39
2026-05-21 15:30:43,2026-05-22,4,羽毛球馆-10号,10:00-11:00,1,1,已售/已满,教学时间,晴,25,23,4,0.0,57,40
2026-05-21 16:00:51,2026-05-22,4,羽毛球馆-10号,10:00-11:00,1,1,已售/已满,教学时间,晴,25,23,4,0.0,57,40
2026-05-21 16:30:48,2026-05-22,4,羽毛球馆-10号,10:00-11:00,1,1,已售/已满,教学时间,晴,25,24,3,0.0,60,39
2026-05-21 17:00:49,2026-05-22,4,羽毛球馆-10号,10:00-11:00,1,1,已售/已满,教学时间,晴,25,24,4,0.0,61,39
2026-05-21 17:30:47,2026-05-22,4,羽毛球馆-10号,10:00-11:00,1,1,已售/已满,教学时间,多云,24,23,3,0.0,64,39
2026-05-21 18:00:50,2026-05-22,4,羽毛球馆-10号,10:00-11:00,1,1,已售/已满,教学时间,多云,24,23,3,0.0,68,39
2026-05-21 18:30:50,2026-05-22,4,羽毛球馆-10号,10:00-11:00,1,1,已售/已满,教学时间,阴,24,25,2,0.0,68,40
2026-05-21 19:00:50,2026-05-22,4,羽毛球馆-10号,10:00-11:00,1,1,已售/已满,教学时间,阴,23,23,3,0.0,76,40
2026-05-21 19:30:46,2026-05-22,4,羽毛球馆-10号,10:00-11:00,1,1,已售/已满,教学时间,阴,23,24,2,0.0,77,39
2026-05-21 20:00:49,2026-05-22,4,羽毛球馆-10号,10:00-11:00,1,1,已售/已满,教学时间,雾,22,23,2,0.0,89,39
2026-05-21 20:30:44,2026-05-22,4,羽毛球馆-10号,10:00-11:00,1,1,已售/已满,教学时间,雾,22,24,2,0.0,93,43
2026-05-21 21:00:56,2026-05-22,4,羽毛球馆-10号,10:00-11:00,1,1,已售/已满,教学时间,雾,20,21,2,0.0,98,43
2026-05-21 21:30:46,2026-05-22,4,羽毛球馆-10号,10:00-11:00,1,1,已售/已满,教学时间,雾,20,22,1,0.0,99,41
2026-05-21 22:01:02,2026-05-22,4,羽毛球馆-10号,10:00-11:00,1,1,已售/已满,教学时间,雾,19,20,2,0.0,93,41
2026-05-21 22:30:47,2026-05-22,4,羽毛球馆-10号,10:00-11:00,1,1,已售/已满,教学时间,雾,19,19,3,0.0,88,46
2026-05-21 23:00:56,2026-05-22,4,羽毛球馆-10号,10:00-11:00,1,1,已售/已满,教学时间,多云,18,17,3,0.0,85,46
2026-05-21 23:30:55,2026-05-22,4,羽毛球馆-10号,10:00-11:00,1,1,已售/已满,教学时间,多云,18,17,3,0.0,85,48
2026-05-21 08:00:45,2026-05-22,4,羽毛球馆-10号,11:00-12:00,1,1,已售/已满,教学时间,晴,17,12,5,0.0,86,29
2026-05-21 08:02:30,2026-05-22,4,羽毛球馆-10号,11:00-12:00,1,1,已售/已满,教学时间,多云,17,12,5,0.0,87,29
2026-05-21 08:05:36,2026-05-22,4,羽毛球馆-10号,11:00-12:00,1,1,已售/已满,教学时间,多云,17,12,5,0.0,86,29
2026-05-21 08:08:31,2026-05-22,4,羽毛球馆-10号,11:00-12:00,1,1,已售/已满,教学时间,多云,17,12,5,0.0,86,29
2026-05-21 08:11:30,2026-05-22,4,羽毛球馆-10号,11:00-12:00,1,1,已售/已满,教学时间,多云,17,12,5,0.0,86,29
2026-05-21 08:14:31,2026-05-22,4,羽毛球馆-10号,11:00-12:00,1,1,已售/已满,教学时间,多云,17,12,5,0.0,86,29
2026-05-21 08:17:30,2026-05-22,4,羽毛球馆-10号,11:00-12:00,1,1,已售/已满,教学时间,多云,17,12,5,0.0,86,29
2026-05-21 08:20:35,2026-05-22,4,羽毛球馆-10号,11:00-12:00,1,1,已售/已满,教学时间,多云,17,14,4,0.0,85,29
2026-05-21 08:25:32,2026-05-22,4,羽毛球馆-10号,11:00-12:00,1,1,已售/已满,教学时间,多云,17,14,4,0.0,85,28
2026-05-21 08:30:42,2026-05-22,4,羽毛球馆-10号,11:00-12:00,1,1,已售/已满,教学时间,多云,18,15,4,0.0,84,28
2026-05-21 08:35:31,2026-05-22,4,羽毛球馆-10号,11:00-12:00,1,1,已售/已满,教学时间,多云,18,15,4,0.0,84,28
2026-05-21 08:40:38,2026-05-22,4,羽毛球馆-10号,11:00-12:00,1,1,已售/已满,教学时间,多云,18,15,4,0.0,82,28
2026-05-21 08:45:33,2026-05-22,4,羽毛球馆-10号,11:00-12:00,1,1,已售/已满,教学时间,多云,18,15,4,0.0,82,28
2026-05-21 08:50:36,2026-05-22,4,羽毛球馆-10号,11:00-12:00,1,1,已售/已满,教学时间,多云,18,15,4,0.0,82,28
2026-05-21 08:55:34,2026-05-22,4,羽毛球馆-10号,11:00-12:00,1,1,已售/已满,教学时间,多云,18,15,4,0.0,84,28
2026-05-21 09:00:51,2026-05-22,4,羽毛球馆-10号,11:00-12:00,1,1,已售/已满,教学时间,多云,18,15,4,0.0,84,28
2026-05-21 09:01:59,2026-05-22,4,羽毛球馆-10号,11:00-12:00,1,1,已售/已满,教学时间,多云,18,15,4,0.0,83,28
2026-05-21 09:05:33,2026-05-22,4,羽毛球馆-10号,11:00-12:00,1,1,已售/已满,教学时间,多云,18,15,4,0.0,83,28
2026-05-21 09:20:38,2026-05-22,4,羽毛球馆-10号,11:00-12:00,1,1,已售/已满,教学时间,多云,18,16,3,0.0,81,28
2026-05-21 09:30:46,2026-05-22,4,羽毛球馆-10号,11:00-12:00,1,1,已售/已满,教学时间,多云,18,16,3,0.0,81,32
2026-05-21 09:40:36,2026-05-22,4,羽毛球馆-10号,11:00-12:00,1,1,已售/已满,教学时间,多云,19,17,3,0.0,79,32
2026-05-21 09:50:42,2026-05-22,4,羽毛球馆-10号,11:00-12:00,1,1,已售/已满,教学时间,多云,19,17,4,0.0,81,32
2026-05-21 10:00:46,2026-05-22,4,羽毛球馆-10号,11:00-12:00,1,1,已售/已满,教学时间,多云,19,17,4,0.0,79,32
2026-05-21 10:10:40,2026-05-22,4,羽毛球馆-10号,11:00-12:00,1,1,已售/已满,教学时间,多云,19,17,4,0.0,79,32
2026-05-21 10:20:38,2026-05-22,4,羽毛球馆-10号,11:00-12:00,1,1,已售/已满,教学时间,多云,19,17,4,0.0,79,32
2026-05-21 10:30:41,2026-05-22,4,羽毛球馆-10号,11:00-12:00,1,1,已售/已满,教学时间,多云,19,18,3,0.0,78,31
2026-05-21 11:00:44,2026-05-22,4,羽毛球馆-10号,11:00-12:00,1,1,已售/已满,教学时间,多云,21,17,5,0.0,74,31
2026-05-21 11:30:38,2026-05-22,4,羽毛球馆-10号,11:00-12:00,1,1,已售/已满,教学时间,多云,21,19,3,0.0,72,33
2026-05-21 12:00:46,2026-05-22,4,羽毛球馆-10号,11:00-12:00,1,1,已售/已满,教学时间,多云,22,19,4,0.0,70,33
2026-05-21 12:30:42,2026-05-22,4,羽毛球馆-10号,11:00-12:00,1,1,已售/已满,教学时间,多云,22,21,3,0.0,68,35
2026-05-21 13:00:43,2026-05-22,4,羽毛球馆-10号,11:00-12:00,1,1,已售/已满,教学时间,多云,24,22,4,0.0,66,35
2026-05-21 13:30:43,2026-05-22,4,羽毛球馆-10号,11:00-12:00,1,1,已售/已满,教学时间,多云,24,22,4,0.0,66,36
2026-05-21 14:00:48,2026-05-22,4,羽毛球馆-10号,11:00-12:00,1,1,已售/已满,教学时间,多云,25,23,4,0.0,66,36
2026-05-21 14:30:45,2026-05-22,4,羽毛球馆-10号,11:00-12:00,1,1,已售/已满,教学时间,晴,25,25,3,0.0,65,39
2026-05-21 15:00:45,2026-05-22,4,羽毛球馆-10号,11:00-12:00,1,1,已售/已满,教学时间,晴,25,22,4,0.0,56,39
2026-05-21 15:30:43,2026-05-22,4,羽毛球馆-10号,11:00-12:00,1,1,已售/已满,教学时间,晴,25,23,4,0.0,57,40
2026-05-21 16:00:51,2026-05-22,4,羽毛球馆-10号,11:00-12:00,1,1,已售/已满,教学时间,晴,25,23,4,0.0,57,40
2026-05-21 16:30:48,2026-05-22,4,羽毛球馆-10号,11:00-12:00,1,1,已售/已满,教学时间,晴,25,24,3,0.0,60,39
2026-05-21 17:00:49,2026-05-22,4,羽毛球馆-10号,11:00-12:00,1,1,已售/已满,教学时间,晴,25,24,4,0.0,61,39
2026-05-21 17:30:47,2026-05-22,4,羽毛球馆-10号,11:00-12:00,1,1,已售/已满,教学时间,多云,24,23,3,0.0,64,39
2026-05-21 18:00:50,2026-05-22,4,羽毛球馆-10号,11:00-12:00,1,1,已售/已满,教学时间,多云,24,23,3,0.0,68,39
2026-05-21 18:30:50,2026-05-22,4,羽毛球馆-10号,11:00-12:00,1,1,已售/已满,教学时间,阴,24,25,2,0.0,68,40
2026-05-21 19:00:50,2026-05-22,4,羽毛球馆-10号,11:00-12:00,1,1,已售/已满,教学时间,阴,23,23,3,0.0,76,40
2026-05-21 19:30:46,2026-05-22,4,羽毛球馆-10号,11:00-12:00,1,1,已售/已满,教学时间,阴,23,24,2,0.0,77,39
2026-05-21 20:00:49,2026-05-22,4,羽毛球馆-10号,11:00-12:00,1,1,已售/已满,教学时间,雾,22,23,2,0.0,89,39
2026-05-21 20:30:44,2026-05-22,4,羽毛球馆-10号,11:00-12:00,1,1,已售/已满,教学时间,雾,22,24,2,0.0,93,43
2026-05-21 21:00:56,2026-05-22,4,羽毛球馆-10号,11:00-12:00,1,1,已售/已满,教学时间,雾,20,21,2,0.0,98,43
2026-05-21 21:30:46,2026-05-22,4,羽毛球馆-10号,11:00-12:00,1,1,已售/已满,教学时间,雾,20,22,1,0.0,99,41
2026-05-21 22:01:02,2026-05-22,4,羽毛球馆-10号,11:00-12:00,1,1,已售/已满,教学时间,雾,19,20,2,0.0,93,41
2026-05-21 22:30:47,2026-05-22,4,羽毛球馆-10号,11:00-12:00,1,1,已售/已满,教学时间,雾,19,19,3,0.0,88,46
2026-05-21 23:00:56,2026-05-22,4,羽毛球馆-10号,11:00-12:00,1,1,已售/已满,教学时间,多云,18,17,3,0.0,85,46
2026-05-21 23:30:55,2026-05-22,4,羽毛球馆-10号,11:00-12:00,1,1,已售/已满,教学时间,多云,18,17,3,0.0,85,48
2026-05-21 08:00:45,2026-05-22,4,羽毛球馆-10号,12:00-12:55,0,1,可预约,￥0.0,晴,17,12,5,0.0,86,29
2026-05-21 08:02:30,2026-05-22,4,羽毛球馆-10号,12:00-12:55,0,1,可预约,￥0.0,多云,17,12,5,0.0,87,29
2026-05-21 08:05:36,2026-05-22,4,羽毛球馆-10号,12:00-12:55,0,1,可预约,￥0.0,多云,17,12,5,0.0,86,29
2026-05-21 08:08:31,2026-05-22,4,羽毛球馆-10号,12:00-12:55,0,1,可预约,￥0.0,多云,17,12,5,0.0,86,29
2026-05-21 08:11:30,2026-05-22,4,羽毛球馆-10号,12:00-12:55,0,1,可预约,￥0.0,多云,17,12,5,0.0,86,29
2026-05-21 08:14:31,2026-05-22,4,羽毛球馆-10号,12:00-12:55,0,1,可预约,￥0.0,多云,17,12,5,0.0,86,29
2026-05-21 08:17:30,2026-05-22,4,羽毛球馆-10号,12:00-12:55,0,1,可预约,￥0.0,多云,17,12,5,0.0,86,29
2026-05-21 08:20:35,2026-05-22,4,羽毛球馆-10号,12:00-12:55,0,1,可预约,￥0.0,多云,17,14,4,0.0,85,29
2026-05-21 08:25:32,2026-05-22,4,羽毛球馆-10号,12:00-12:55,0,1,可预约,￥0.0,多云,17,14,4,0.0,85,28
2026-05-21 08:30:42,2026-05-22,4,羽毛球馆-10号,12:00-12:55,0,1,可预约,￥0.0,多云,18,15,4,0.0,84,28
2026-05-21 08:35:31,2026-05-22,4,羽毛球馆-10号,12:00-12:55,0,1,可预约,￥0.0,多云,18,15,4,0.0,84,28
2026-05-21 08:40:38,2026-05-22,4,羽毛球馆-10号,12:00-12:55,0,1,可预约,￥0.0,多云,18,15,4,0.0,82,28
2026-05-21 08:45:33,2026-05-22,4,羽毛球馆-10号,12:00-12:55,0,1,可预约,￥0.0,多云,18,15,4,0.0,82,28
2026-05-21 08:50:36,2026-05-22,4,羽毛球馆-10号,12:00-12:55,0,1,可预约,￥0.0,多云,18,15,4,0.0,82,28
2026-05-21 08:55:34,2026-05-22,4,羽毛球馆-10号,12:00-12:55,0,1,可预约,￥0.0,多云,18,15,4,0.0,84,28
2026-05-21 09:00:51,2026-05-22,4,羽毛球馆-10号,12:00-12:55,1,1,已售/已满,已售,多云,18,15,4,0.0,84,28
2026-05-21 09:01:59,2026-05-22,4,羽毛球馆-10号,12:00-12:55,1,1,已售/已满,已售,多云,18,15,4,0.0,83,28
2026-05-21 09:05:33,2026-05-22,4,羽毛球馆-10号,12:00-12:55,1,1,已售/已满,已售,多云,18,15,4,0.0,83,28
2026-05-21 09:20:38,2026-05-22,4,羽毛球馆-10号,12:00-12:55,1,1,已售/已满,已售,多云,18,16,3,0.0,81,28
2026-05-21 09:30:46,2026-05-22,4,羽毛球馆-10号,12:00-12:55,1,1,已售/已满,已售,多云,18,16,3,0.0,81,32
2026-05-21 09:40:36,2026-05-22,4,羽毛球馆-10号,12:00-12:55,1,1,已售/已满,已售,多云,19,17,3,0.0,79,32
2026-05-21 09:50:42,2026-05-22,4,羽毛球馆-10号,12:00-12:55,1,1,已售/已满,已售,多云,19,17,4,0.0,81,32
2026-05-21 10:00:46,2026-05-22,4,羽毛球馆-10号,12:00-12:55,1,1,已售/已满,已售,多云,19,17,4,0.0,79,32
2026-05-21 10:10:40,2026-05-22,4,羽毛球馆-10号,12:00-12:55,1,1,已售/已满,已售,多云,19,17,4,0.0,79,32
2026-05-21 10:20:38,2026-05-22,4,羽毛球馆-10号,12:00-12:55,1,1,已售/已满,已售,多云,19,17,4,0.0,79,32
2026-05-21 10:30:41,2026-05-22,4,羽毛球馆-10号,12:00-12:55,1,1,已售/已满,已售,多云,19,18,3,0.0,78,31
2026-05-21 11:00:44,2026-05-22,4,羽毛球馆-10号,12:00-12:55,1,1,已售/已满,已售,多云,21,17,5,0.0,74,31
2026-05-21 11:30:38,2026-05-22,4,羽毛球馆-10号,12:00-12:55,1,1,已售/已满,已售,多云,21,19,3,0.0,72,33
2026-05-21 12:00:46,2026-05-22,4,羽毛球馆-10号,12:00-12:55,1,1,已售/已满,已售,多云,22,19,4,0.0,70,33
2026-05-21 12:30:42,2026-05-22,4,羽毛球馆-10号,12:00-12:55,1,1,已售/已满,已售,多云,22,21,3,0.0,68,35
2026-05-21 13:00:43,2026-05-22,4,羽毛球馆-10号,12:00-12:55,1,1,已售/已满,已售,多云,24,22,4,0.0,66,35
2026-05-21 13:30:43,2026-05-22,4,羽毛球馆-10号,12:00-12:55,1,1,已售/已满,已售,多云,24,22,4,0.0,66,36
2026-05-21 14:00:48,2026-05-22,4,羽毛球馆-10号,12:00-12:55,1,1,已售/已满,已售,多云,25,23,4,0.0,66,36
2026-05-21 14:30:45,2026-05-22,4,羽毛球馆-10号,12:00-12:55,1,1,已售/已满,已售,晴,25,25,3,0.0,65,39
2026-05-21 15:00:45,2026-05-22,4,羽毛球馆-10号,12:00-12:55,1,1,已售/已满,已售,晴,25,22,4,0.0,56,39
2026-05-21 15:30:43,2026-05-22,4,羽毛球馆-10号,12:00-12:55,1,1,已售/已满,已售,晴,25,23,4,0.0,57,40
2026-05-21 16:00:51,2026-05-22,4,羽毛球馆-10号,12:00-12:55,1,1,已售/已满,已售,晴,25,23,4,0.0,57,40
2026-05-21 16:30:48,2026-05-22,4,羽毛球馆-10号,12:00-12:55,1,1,已售/已满,已售,晴,25,24,3,0.0,60,39
2026-05-21 17:00:49,2026-05-22,4,羽毛球馆-10号,12:00-12:55,1,1,已售/已满,已售,晴,25,24,4,0.0,61,39
2026-05-21 17:30:47,2026-05-22,4,羽毛球馆-10号,12:00-12:55,1,1,已售/已满,已售,多云,24,23,3,0.0,64,39
2026-05-21 18:00:50,2026-05-22,4,羽毛球馆-10号,12:00-12:55,1,1,已售/已满,已售,多云,24,23,3,0.0,68,39
2026-05-21 18:30:50,2026-05-22,4,羽毛球馆-10号,12:00-12:55,1,1,已售/已满,已售,阴,24,25,2,0.0,68,40
2026-05-21 19:00:50,2026-05-22,4,羽毛球馆-10号,12:00-12:55,1,1,已售/已满,已售,阴,23,23,3,0.0,76,40
2026-05-21 19:30:46,2026-05-22,4,羽毛球馆-10号,12:00-12:55,1,1,已售/已满,已售,阴,23,24,2,0.0,77,39
2026-05-21 20:00:49,2026-05-22,4,羽毛球馆-10号,12:00-12:55,1,1,已售/已满,已售,雾,22,23,2,0.0,89,39
2026-05-21 20:30:44,2026-05-22,4,羽毛球馆-10号,12:00-12:55,1,1,已售/已满,已售,雾,22,24,2,0.0,93,43
2026-05-21 21:00:56,2026-05-22,4,羽毛球馆-10号,12:00-12:55,1,1,已售/已满,已售,雾,20,21,2,0.0,98,43
2026-05-21 21:30:46,2026-05-22,4,羽毛球馆-10号,12:00-12:55,1,1,已售/已满,已售,雾,20,22,1,0.0,99,41
2026-05-21 22:01:02,2026-05-22,4,羽毛球馆-10号,12:00-12:55,1,1,已售/已满,已售,雾,19,20,2,0.0,93,41
2026-05-21 22:30:47,2026-05-22,4,羽毛球馆-10号,12:00-12:55,1,1,已售/已满,已售,雾,19,19,3,0.0,88,46
2026-05-21 23:00:56,2026-05-22,4,羽毛球馆-10号,12:00-12:55,1,1,已售/已满,已售,多云,18,17,3,0.0,85,46
2026-05-21 23:30:55,2026-05-22,4,羽毛球馆-10号,12:00-12:55,1,1,已售/已满,已售,多云,18,17,3,0.0,85,48
2026-05-21 08:00:45,2026-05-22,4,羽毛球馆-10号,12:55-13:50,0,1,可预约,￥0.0,晴,17,12,5,0.0,86,29
2026-05-21 08:02:30,2026-05-22,4,羽毛球馆-10号,12:55-13:50,0,1,可预约,￥0.0,多云,17,12,5,0.0,87,29
2026-05-21 08:05:36,2026-05-22,4,羽毛球馆-10号,12:55-13:50,0,1,可预约,￥0.0,多云,17,12,5,0.0,86,29
2026-05-21 08:08:31,2026-05-22,4,羽毛球馆-10号,12:55-13:50,0,1,可预约,￥0.0,多云,17,12,5,0.0,86,29
2026-05-21 08:11:30,2026-05-22,4,羽毛球馆-10号,12:55-13:50,0,1,可预约,￥0.0,多云,17,12,5,0.0,86,29
2026-05-21 08:14:31,2026-05-22,4,羽毛球馆-10号,12:55-13:50,0,1,可预约,￥0.0,多云,17,12,5,0.0,86,29
2026-05-21 08:17:30,2026-05-22,4,羽毛球馆-10号,12:55-13:50,0,1,可预约,￥0.0,多云,17,12,5,0.0,86,29
2026-05-21 08:20:35,2026-05-22,4,羽毛球馆-10号,12:55-13:50,0,1,可预约,￥0.0,多云,17,14,4,0.0,85,29
2026-05-21 08:25:32,2026-05-22,4,羽毛球馆-10号,12:55-13:50,0,1,可预约,￥0.0,多云,17,14,4,0.0,85,28
2026-05-21 08:30:42,2026-05-22,4,羽毛球馆-10号,12:55-13:50,0,1,可预约,￥0.0,多云,18,15,4,0.0,84,28
2026-05-21 08:35:31,2026-05-22,4,羽毛球馆-10号,12:55-13:50,0,1,可预约,￥0.0,多云,18,15,4,0.0,84,28
2026-05-21 08:40:38,2026-05-22,4,羽毛球馆-10号,12:55-13:50,0,1,可预约,￥0.0,多云,18,15,4,0.0,82,28
2026-05-21 08:45:33,2026-05-22,4,羽毛球馆-10号,12:55-13:50,0,1,可预约,￥0.0,多云,18,15,4,0.0,82,28
2026-05-21 08:50:36,2026-05-22,4,羽毛球馆-10号,12:55-13:50,0,1,可预约,￥0.0,多云,18,15,4,0.0,82,28
2026-05-21 08:55:34,2026-05-22,4,羽毛球馆-10号,12:55-13:50,0,1,可预约,￥0.0,多云,18,15,4,0.0,84,28
2026-05-21 09:00:51,2026-05-22,4,羽毛球馆-10号,12:55-13:50,1,1,已售/已满,已售,多云,18,15,4,0.0,84,28
2026-05-21 09:01:59,2026-05-22,4,羽毛球馆-10号,12:55-13:50,1,1,已售/已满,已售,多云,18,15,4,0.0,83,28
2026-05-21 09:05:33,2026-05-22,4,羽毛球馆-10号,12:55-13:50,1,1,已售/已满,已售,多云,18,15,4,0.0,83,28
2026-05-21 09:20:38,2026-05-22,4,羽毛球馆-10号,12:55-13:50,1,1,已售/已满,已售,多云,18,16,3,0.0,81,28
2026-05-21 09:30:46,2026-05-22,4,羽毛球馆-10号,12:55-13:50,1,1,已售/已满,已售,多云,18,16,3,0.0,81,32
2026-05-21 09:40:36,2026-05-22,4,羽毛球馆-10号,12:55-13:50,1,1,已售/已满,已售,多云,19,17,3,0.0,79,32
2026-05-21 09:50:42,2026-05-22,4,羽毛球馆-10号,12:55-13:50,1,1,已售/已满,已售,多云,19,17,4,0.0,81,32
2026-05-21 10:00:46,2026-05-22,4,羽毛球馆-10号,12:55-13:50,1,1,已售/已满,已售,多云,19,17,4,0.0,79,32
2026-05-21 10:10:40,2026-05-22,4,羽毛球馆-10号,12:55-13:50,1,1,已售/已满,已售,多云,19,17,4,0.0,79,32
2026-05-21 10:20:38,2026-05-22,4,羽毛球馆-10号,12:55-13:50,1,1,已售/已满,已售,多云,19,17,4,0.0,79,32
2026-05-21 10:30:41,2026-05-22,4,羽毛球馆-10号,12:55-13:50,1,1,已售/已满,已售,多云,19,18,3,0.0,78,31
2026-05-21 11:00:44,2026-05-22,4,羽毛球馆-10号,12:55-13:50,1,1,已售/已满,已售,多云,21,17,5,0.0,74,31
2026-05-21 11:30:38,2026-05-22,4,羽毛球馆-10号,12:55-13:50,1,1,已售/已满,已售,多云,21,19,3,0.0,72,33
2026-05-21 12:00:46,2026-05-22,4,羽毛球馆-10号,12:55-13:50,1,1,已售/已满,已售,多云,22,19,4,0.0,70,33
2026-05-21 12:30:42,2026-05-22,4,羽毛球馆-10号,12:55-13:50,1,1,已售/已满,已售,多云,22,21,3,0.0,68,35
2026-05-21 13:00:43,2026-05-22,4,羽毛球馆-10号,12:55-13:50,1,1,已售/已满,已售,多云,24,22,4,0.0,66,35
2026-05-21 13:30:43,2026-05-22,4,羽毛球馆-10号,12:55-13:50,1,1,已售/已满,已售,多云,24,22,4,0.0,66,36
2026-05-21 14:00:48,2026-05-22,4,羽毛球馆-10号,12:55-13:50,1,1,已售/已满,已售,多云,25,23,4,0.0,66,36
2026-05-21 14:30:45,2026-05-22,4,羽毛球馆-10号,12:55-13:50,1,1,已售/已满,已售,晴,25,25,3,0.0,65,39
2026-05-21 15:00:45,2026-05-22,4,羽毛球馆-10号,12:55-13:50,1,1,已售/已满,已售,晴,25,22,4,0.0,56,39
2026-05-21 15:30:43,2026-05-22,4,羽毛球馆-10号,12:55-13:50,1,1,已售/已满,已售,晴,25,23,4,0.0,57,40
2026-05-21 16:00:51,2026-05-22,4,羽毛球馆-10号,12:55-13:50,1,1,已售/已满,已售,晴,25,23,4,0.0,57,40
2026-05-21 16:30:48,2026-05-22,4,羽毛球馆-10号,12:55-13:50,1,1,已售/已满,已售,晴,25,24,3,0.0,60,39
2026-05-21 17:00:49,2026-05-22,4,羽毛球馆-10号,12:55-13:50,1,1,已售/已满,已售,晴,25,24,4,0.0,61,39
2026-05-21 17:30:47,2026-05-22,4,羽毛球馆-10号,12:55-13:50,1,1,已售/已满,已售,多云,24,23,3,0.0,64,39
2026-05-21 18:00:50,2026-05-22,4,羽毛球馆-10号,12:55-13:50,1,1,已售/已满,已售,多云,24,23,3,0.0,68,39
2026-05-21 18:30:50,2026-05-22,4,羽毛球馆-10号,12:55-13:50,1,1,已售/已满,已售,阴,24,25,2,0.0,68,40
2026-05-21 19:00:50,2026-05-22,4,羽毛球馆-10号,12:55-13:50,1,1,已售/已满,已售,阴,23,23,3,0.0,76,40
2026-05-21 19:30:46,2026-05-22,4,羽毛球馆-10号,12:55-13:50,1,1,已售/已满,已售,阴,23,24,2,0.0,77,39
2026-05-21 20:00:49,2026-05-22,4,羽毛球馆-10号,12:55-13:50,1,1,已售/已满,已售,雾,22,23,2,0.0,89,39
2026-05-21 20:30:44,2026-05-22,4,羽毛球馆-10号,12:55-13:50,1,1,已售/已满,已售,雾,22,24,2,0.0,93,43
2026-05-21 21:00:56,2026-05-22,4,羽毛球馆-10号,12:55-13:50,1,1,已售/已满,已售,雾,20,21,2,0.0,98,43
2026-05-21 21:30:46,2026-05-22,4,羽毛球馆-10号,12:55-13:50,1,1,已售/已满,已售,雾,20,22,1,0.0,99,41
2026-05-21 22:01:02,2026-05-22,4,羽毛球馆-10号,12:55-13:50,1,1,已售/已满,已售,雾,19,20,2,0.0,93,41
2026-05-21 22:30:47,2026-05-22,4,羽毛球馆-10号,12:55-13:50,1,1,已售/已满,已售,雾,19,19,3,0.0,88,46
2026-05-21 23:00:56,2026-05-22,4,羽毛球馆-10号,12:55-13:50,1,1,已售/已满,已售,多云,18,17,3,0.0,85,46
2026-05-21 23:30:55,2026-05-22,4,羽毛球馆-10号,12:55-13:50,1,1,已售/已满,已售,多云,18,17,3,0.0,85,48
2026-05-21 08:00:45,2026-05-22,4,羽毛球馆-10号,14:00-15:00,1,1,已售/已满,教学时间,晴,17,12,5,0.0,86,29
2026-05-21 08:02:30,2026-05-22,4,羽毛球馆-10号,14:00-15:00,1,1,已售/已满,教学时间,多云,17,12,5,0.0,87,29
2026-05-21 08:05:36,2026-05-22,4,羽毛球馆-10号,14:00-15:00,1,1,已售/已满,教学时间,多云,17,12,5,0.0,86,29
2026-05-21 08:08:31,2026-05-22,4,羽毛球馆-10号,14:00-15:00,1,1,已售/已满,教学时间,多云,17,12,5,0.0,86,29
2026-05-21 08:11:30,2026-05-22,4,羽毛球馆-10号,14:00-15:00,1,1,已售/已满,教学时间,多云,17,12,5,0.0,86,29
2026-05-21 08:14:31,2026-05-22,4,羽毛球馆-10号,14:00-15:00,1,1,已售/已满,教学时间,多云,17,12,5,0.0,86,29
2026-05-21 08:17:30,2026-05-22,4,羽毛球馆-10号,14:00-15:00,1,1,已售/已满,教学时间,多云,17,12,5,0.0,86,29
2026-05-21 08:20:35,2026-05-22,4,羽毛球馆-10号,14:00-15:00,1,1,已售/已满,教学时间,多云,17,14,4,0.0,85,29
2026-05-21 08:25:32,2026-05-22,4,羽毛球馆-10号,14:00-15:00,1,1,已售/已满,教学时间,多云,17,14,4,0.0,85,28
2026-05-21 08:30:42,2026-05-22,4,羽毛球馆-10号,14:00-15:00,1,1,已售/已满,教学时间,多云,18,15,4,0.0,84,28
2026-05-21 08:35:31,2026-05-22,4,羽毛球馆-10号,14:00-15:00,1,1,已售/已满,教学时间,多云,18,15,4,0.0,84,28
2026-05-21 08:40:38,2026-05-22,4,羽毛球馆-10号,14:00-15:00,1,1,已售/已满,教学时间,多云,18,15,4,0.0,82,28
2026-05-21 08:45:33,2026-05-22,4,羽毛球馆-10号,14:00-15:00,1,1,已售/已满,教学时间,多云,18,15,4,0.0,82,28
2026-05-21 08:50:36,2026-05-22,4,羽毛球馆-10号,14:00-15:00,1,1,已售/已满,教学时间,多云,18,15,4,0.0,82,28
2026-05-21 08:55:34,2026-05-22,4,羽毛球馆-10号,14:00-15:00,1,1,已售/已满,教学时间,多云,18,15,4,0.0,84,28
2026-05-21 09:00:51,2026-05-22,4,羽毛球馆-10号,14:00-15:00,1,1,已售/已满,教学时间,多云,18,15,4,0.0,84,28
2026-05-21 09:01:59,2026-05-22,4,羽毛球馆-10号,14:00-15:00,1,1,已售/已满,教学时间,多云,18,15,4,0.0,83,28
2026-05-21 09:05:33,2026-05-22,4,羽毛球馆-10号,14:00-15:00,1,1,已售/已满,教学时间,多云,18,15,4,0.0,83,28
2026-05-21 09:20:38,2026-05-22,4,羽毛球馆-10号,14:00-15:00,1,1,已售/已满,教学时间,多云,18,16,3,0.0,81,28
2026-05-21 09:30:46,2026-05-22,4,羽毛球馆-10号,14:00-15:00,1,1,已售/已满,教学时间,多云,18,16,3,0.0,81,32
2026-05-21 09:40:36,2026-05-22,4,羽毛球馆-10号,14:00-15:00,1,1,已售/已满,教学时间,多云,19,17,3,0.0,79,32
2026-05-21 09:50:42,2026-05-22,4,羽毛球馆-10号,14:00-15:00,1,1,已售/已满,教学时间,多云,19,17,4,0.0,81,32
2026-05-21 10:00:46,2026-05-22,4,羽毛球馆-10号,14:00-15:00,1,1,已售/已满,教学时间,多云,19,17,4,0.0,79,32
2026-05-21 10:10:40,2026-05-22,4,羽毛球馆-10号,14:00-15:00,1,1,已售/已满,教学时间,多云,19,17,4,0.0,79,32
2026-05-21 10:20:38,2026-05-22,4,羽毛球馆-10号,14:00-15:00,1,1,已售/已满,教学时间,多云,19,17,4,0.0,79,32
2026-05-21 10:30:41,2026-05-22,4,羽毛球馆-10号,14:00-15:00,1,1,已售/已满,教学时间,多云,19,18,3,0.0,78,31
2026-05-21 11:00:44,2026-05-22,4,羽毛球馆-10号,14:00-15:00,1,1,已售/已满,教学时间,多云,21,17,5,0.0,74,31
2026-05-21 11:30:38,2026-05-22,4,羽毛球馆-10号,14:00-15:00,1,1,已售/已满,教学时间,多云,21,19,3,0.0,72,33
2026-05-21 12:00:46,2026-05-22,4,羽毛球馆-10号,14:00-15:00,1,1,已售/已满,教学时间,多云,22,19,4,0.0,70,33
2026-05-21 12:30:42,2026-05-22,4,羽毛球馆-10号,14:00-15:00,1,1,已售/已满,教学时间,多云,22,21,3,0.0,68,35
2026-05-21 13:00:43,2026-05-22,4,羽毛球馆-10号,14:00-15:00,1,1,已售/已满,教学时间,多云,24,22,4,0.0,66,35
2026-05-21 13:30:43,2026-05-22,4,羽毛球馆-10号,14:00-15:00,1,1,已售/已满,教学时间,多云,24,22,4,0.0,66,36
2026-05-21 14:00:48,2026-05-22,4,羽毛球馆-10号,14:00-15:00,1,1,已售/已满,教学时间,多云,25,23,4,0.0,66,36
2026-05-21 14:30:45,2026-05-22,4,羽毛球馆-10号,14:00-15:00,1,1,已售/已满,教学时间,晴,25,25,3,0.0,65,39
2026-05-21 15:00:45,2026-05-22,4,羽毛球馆-10号,14:00-15:00,1,1,已售/已满,教学时间,晴,25,22,4,0.0,56,39
2026-05-21 15:30:43,2026-05-22,4,羽毛球馆-10号,14:00-15:00,1,1,已售/已满,教学时间,晴,25,23,4,0.0,57,40
2026-05-21 16:00:51,2026-05-22,4,羽毛球馆-10号,14:00-15:00,1,1,已售/已满,教学时间,晴,25,23,4,0.0,57,40
2026-05-21 16:30:48,2026-05-22,4,羽毛球馆-10号,14:00-15:00,1,1,已售/已满,教学时间,晴,25,24,3,0.0,60,39
2026-05-21 17:00:49,2026-05-22,4,羽毛球馆-10号,14:00-15:00,1,1,已售/已满,教学时间,晴,25,24,4,0.0,61,39
2026-05-21 17:30:47,2026-05-22,4,羽毛球馆-10号,14:00-15:00,1,1,已售/已满,教学时间,多云,24,23,3,0.0,64,39
2026-05-21 18:00:50,2026-05-22,4,羽毛球馆-10号,14:00-15:00,1,1,已售/已满,教学时间,多云,24,23,3,0.0,68,39
2026-05-21 18:30:50,2026-05-22,4,羽毛球馆-10号,14:00-15:00,1,1,已售/已满,教学时间,阴,24,25,2,0.0,68,40
2026-05-21 19:00:50,2026-05-22,4,羽毛球馆-10号,14:00-15:00,1,1,已售/已满,教学时间,阴,23,23,3,0.0,76,40
2026-05-21 19:30:46,2026-05-22,4,羽毛球馆-10号,14:00-15:00,1,1,已售/已满,教学时间,阴,23,24,2,0.0,77,39
2026-05-21 20:00:49,2026-05-22,4,羽毛球馆-10号,14:00-15:00,1,1,已售/已满,教学时间,雾,22,23,2,0.0,89,39
2026-05-21 20:30:44,2026-05-22,4,羽毛球馆-10号,14:00-15:00,1,1,已售/已满,教学时间,雾,22,24,2,0.0,93,43
2026-05-21 21:00:56,2026-05-22,4,羽毛球馆-10号,14:00-15:00,1,1,已售/已满,教学时间,雾,20,21,2,0.0,98,43
2026-05-21 21:30:46,2026-05-22,4,羽毛球馆-10号,14:00-15:00,1,1,已售/已满,教学时间,雾,20,22,1,0.0,99,41
2026-05-21 22:01:02,2026-05-22,4,羽毛球馆-10号,14:00-15:00,1,1,已售/已满,教学时间,雾,19,20,2,0.0,93,41
2026-05-21 22:30:47,2026-05-22,4,羽毛球馆-10号,14:00-15:00,1,1,已售/已满,教学时间,雾,19,19,3,0.0,88,46
2026-05-21 23:00:56,2026-05-22,4,羽毛球馆-10号,14:00-15:00,1,1,已售/已满,教学时间,多云,18,17,3,0.0,85,46
2026-05-21 23:30:55,2026-05-22,4,羽毛球馆-10号,14:00-15:00,1,1,已售/已满,教学时间,多云,18,17,3,0.0,85,48
2026-05-21 08:00:45,2026-05-22,4,羽毛球馆-10号,15:00-16:00,1,1,已售/已满,教学时间,晴,17,12,5,0.0,86,29
2026-05-21 08:02:30,2026-05-22,4,羽毛球馆-10号,15:00-16:00,1,1,已售/已满,教学时间,多云,17,12,5,0.0,87,29
2026-05-21 08:05:36,2026-05-22,4,羽毛球馆-10号,15:00-16:00,1,1,已售/已满,教学时间,多云,17,12,5,0.0,86,29
2026-05-21 08:08:31,2026-05-22,4,羽毛球馆-10号,15:00-16:00,1,1,已售/已满,教学时间,多云,17,12,5,0.0,86,29
2026-05-21 08:11:30,2026-05-22,4,羽毛球馆-10号,15:00-16:00,1,1,已售/已满,教学时间,多云,17,12,5,0.0,86,29
2026-05-21 08:14:31,2026-05-22,4,羽毛球馆-10号,15:00-16:00,1,1,已售/已满,教学时间,多云,17,12,5,0.0,86,29
2026-05-21 08:17:30,2026-05-22,4,羽毛球馆-10号,15:00-16:00,1,1,已售/已满,教学时间,多云,17,12,5,0.0,86,29
2026-05-21 08:20:35,2026-05-22,4,羽毛球馆-10号,15:00-16:00,1,1,已售/已满,教学时间,多云,17,14,4,0.0,85,29
2026-05-21 08:25:32,2026-05-22,4,羽毛球馆-10号,15:00-16:00,1,1,已售/已满,教学时间,多云,17,14,4,0.0,85,28
2026-05-21 08:30:42,2026-05-22,4,羽毛球馆-10号,15:00-16:00,1,1,已售/已满,教学时间,多云,18,15,4,0.0,84,28
2026-05-21 08:35:31,2026-05-22,4,羽毛球馆-10号,15:00-16:00,1,1,已售/已满,教学时间,多云,18,15,4,0.0,84,28
2026-05-21 08:40:38,2026-05-22,4,羽毛球馆-10号,15:00-16:00,1,1,已售/已满,教学时间,多云,18,15,4,0.0,82,28
2026-05-21 08:45:33,2026-05-22,4,羽毛球馆-10号,15:00-16:00,1,1,已售/已满,教学时间,多云,18,15,4,0.0,82,28
2026-05-21 08:50:36,2026-05-22,4,羽毛球馆-10号,15:00-16:00,1,1,已售/已满,教学时间,多云,18,15,4,0.0,82,28
2026-05-21 08:55:34,2026-05-22,4,羽毛球馆-10号,15:00-16:00,1,1,已售/已满,教学时间,多云,18,15,4,0.0,84,28
2026-05-21 09:00:51,2026-05-22,4,羽毛球馆-10号,15:00-16:00,1,1,已售/已满,教学时间,多云,18,15,4,0.0,84,28
2026-05-21 09:01:59,2026-05-22,4,羽毛球馆-10号,15:00-16:00,1,1,已售/已满,教学时间,多云,18,15,4,0.0,83,28
2026-05-21 09:05:33,2026-05-22,4,羽毛球馆-10号,15:00-16:00,1,1,已售/已满,教学时间,多云,18,15,4,0.0,83,28
2026-05-21 09:20:38,2026-05-22,4,羽毛球馆-10号,15:00-16:00,1,1,已售/已满,教学时间,多云,18,16,3,0.0,81,28
2026-05-21 09:30:46,2026-05-22,4,羽毛球馆-10号,15:00-16:00,1,1,已售/已满,教学时间,多云,18,16,3,0.0,81,32
2026-05-21 09:40:36,2026-05-22,4,羽毛球馆-10号,15:00-16:00,1,1,已售/已满,教学时间,多云,19,17,3,0.0,79,32
2026-05-21 09:50:42,2026-05-22,4,羽毛球馆-10号,15:00-16:00,1,1,已售/已满,教学时间,多云,19,17,4,0.0,81,32
2026-05-21 10:00:46,2026-05-22,4,羽毛球馆-10号,15:00-16:00,1,1,已售/已满,教学时间,多云,19,17,4,0.0,79,32
2026-05-21 10:10:40,2026-05-22,4,羽毛球馆-10号,15:00-16:00,1,1,已售/已满,教学时间,多云,19,17,4,0.0,79,32
2026-05-21 10:20:38,2026-05-22,4,羽毛球馆-10号,15:00-16:00,1,1,已售/已满,教学时间,多云,19,17,4,0.0,79,32
2026-05-21 10:30:41,2026-05-22,4,羽毛球馆-10号,15:00-16:00,1,1,已售/已满,教学时间,多云,19,18,3,0.0,78,31
2026-05-21 11:00:44,2026-05-22,4,羽毛球馆-10号,15:00-16:00,1,1,已售/已满,教学时间,多云,21,17,5,0.0,74,31
2026-05-21 11:30:38,2026-05-22,4,羽毛球馆-10号,15:00-16:00,1,1,已售/已满,教学时间,多云,21,19,3,0.0,72,33
2026-05-21 12:00:46,2026-05-22,4,羽毛球馆-10号,15:00-16:00,1,1,已售/已满,教学时间,多云,22,19,4,0.0,70,33
2026-05-21 12:30:42,2026-05-22,4,羽毛球馆-10号,15:00-16:00,1,1,已售/已满,教学时间,多云,22,21,3,0.0,68,35
2026-05-21 13:00:43,2026-05-22,4,羽毛球馆-10号,15:00-16:00,1,1,已售/已满,教学时间,多云,24,22,4,0.0,66,35
2026-05-21 13:30:43,2026-05-22,4,羽毛球馆-10号,15:00-16:00,1,1,已售/已满,教学时间,多云,24,22,4,0.0,66,36
2026-05-21 14:00:48,2026-05-22,4,羽毛球馆-10号,15:00-16:00,1,1,已售/已满,教学时间,多云,25,23,4,0.0,66,36
2026-05-21 14:30:45,2026-05-22,4,羽毛球馆-10号,15:00-16:00,1,1,已售/已满,教学时间,晴,25,25,3,0.0,65,39
2026-05-21 15:00:45,2026-05-22,4,羽毛球馆-10号,15:00-16:00,1,1,已售/已满,教学时间,晴,25,22,4,0.0,56,39
2026-05-21 15:30:43,2026-05-22,4,羽毛球馆-10号,15:00-16:00,1,1,已售/已满,教学时间,晴,25,23,4,0.0,57,40
2026-05-21 16:00:51,2026-05-22,4,羽毛球馆-10号,15:00-16:00,1,1,已售/已满,教学时间,晴,25,23,4,0.0,57,40
2026-05-21 16:30:48,2026-05-22,4,羽毛球馆-10号,15:00-16:00,1,1,已售/已满,教学时间,晴,25,24,3,0.0,60,39
2026-05-21 17:00:49,2026-05-22,4,羽毛球馆-10号,15:00-16:00,1,1,已售/已满,教学时间,晴,25,24,4,0.0,61,39
2026-05-21 17:30:47,2026-05-22,4,羽毛球馆-10号,15:00-16:00,1,1,已售/已满,教学时间,多云,24,23,3,0.0,64,39
2026-05-21 18:00:50,2026-05-22,4,羽毛球馆-10号,15:00-16:00,1,1,已售/已满,教学时间,多云,24,23,3,0.0,68,39
2026-05-21 18:30:50,2026-05-22,4,羽毛球馆-10号,15:00-16:00,1,1,已售/已满,教学时间,阴,24,25,2,0.0,68,40
2026-05-21 19:00:50,2026-05-22,4,羽毛球馆-10号,15:00-16:00,1,1,已售/已满,教学时间,阴,23,23,3,0.0,76,40
2026-05-21 19:30:46,2026-05-22,4,羽毛球馆-10号,15:00-16:00,1,1,已售/已满,教学时间,阴,23,24,2,0.0,77,39
2026-05-21 20:00:49,2026-05-22,4,羽毛球馆-10号,15:00-16:00,1,1,已售/已满,教学时间,雾,22,23,2,0.0,89,39
2026-05-21 20:30:44,2026-05-22,4,羽毛球馆-10号,15:00-16:00,1,1,已售/已满,教学时间,雾,22,24,2,0.0,93,43
2026-05-21 21:00:56,2026-05-22,4,羽毛球馆-10号,15:00-16:00,1,1,已售/已满,教学时间,雾,20,21,2,0.0,98,43
2026-05-21 21:30:46,2026-05-22,4,羽毛球馆-10号,15:00-16:00,1,1,已售/已满,教学时间,雾,20,22,1,0.0,99,41
2026-05-21 22:01:02,2026-05-22,4,羽毛球馆-10号,15:00-16:00,1,1,已售/已满,教学时间,雾,19,20,2,0.0,93,41
2026-05-21 22:30:47,2026-05-22,4,羽毛球馆-10号,15:00-16:00,1,1,已售/已满,教学时间,雾,19,19,3,0.0,88,46
2026-05-21 23:00:56,2026-05-22,4,羽毛球馆-10号,15:00-16:00,1,1,已售/已满,教学时间,多云,18,17,3,0.0,85,46
2026-05-21 23:30:55,2026-05-22,4,羽毛球馆-10号,15:00-16:00,1,1,已售/已满,教学时间,多云,18,17,3,0.0,85,48
2026-05-21 08:00:45,2026-05-22,4,羽毛球馆-10号,16:00-17:00,0,1,可预约,￥12.0,晴,17,12,5,0.0,86,29
2026-05-21 08:02:30,2026-05-22,4,羽毛球馆-10号,16:00-17:00,0,1,可预约,￥12.0,多云,17,12,5,0.0,87,29
2026-05-21 08:05:36,2026-05-22,4,羽毛球馆-10号,16:00-17:00,0,1,可预约,￥12.0,多云,17,12,5,0.0,86,29
2026-05-21 08:08:31,2026-05-22,4,羽毛球馆-10号,16:00-17:00,0,1,可预约,￥12.0,多云,17,12,5,0.0,86,29
2026-05-21 08:11:30,2026-05-22,4,羽毛球馆-10号,16:00-17:00,0,1,可预约,￥12.0,多云,17,12,5,0.0,86,29
2026-05-21 08:14:31,2026-05-22,4,羽毛球馆-10号,16:00-17:00,0,1,可预约,￥12.0,多云,17,12,5,0.0,86,29
2026-05-21 08:17:30,2026-05-22,4,羽毛球馆-10号,16:00-17:00,0,1,可预约,￥12.0,多云,17,12,5,0.0,86,29
2026-05-21 08:20:35,2026-05-22,4,羽毛球馆-10号,16:00-17:00,0,1,可预约,￥12.0,多云,17,14,4,0.0,85,29
2026-05-21 08:25:32,2026-05-22,4,羽毛球馆-10号,16:00-17:00,0,1,可预约,￥12.0,多云,17,14,4,0.0,85,28
2026-05-21 08:30:42,2026-05-22,4,羽毛球馆-10号,16:00-17:00,0,1,可预约,￥12.0,多云,18,15,4,0.0,84,28
2026-05-21 08:35:31,2026-05-22,4,羽毛球馆-10号,16:00-17:00,0,1,可预约,￥12.0,多云,18,15,4,0.0,84,28
2026-05-21 08:40:38,2026-05-22,4,羽毛球馆-10号,16:00-17:00,0,1,可预约,￥12.0,多云,18,15,4,0.0,82,28
2026-05-21 08:45:33,2026-05-22,4,羽毛球馆-10号,16:00-17:00,0,1,可预约,￥12.0,多云,18,15,4,0.0,82,28
2026-05-21 08:50:36,2026-05-22,4,羽毛球馆-10号,16:00-17:00,0,1,可预约,￥12.0,多云,18,15,4,0.0,82,28
2026-05-21 08:55:34,2026-05-22,4,羽毛球馆-10号,16:00-17:00,0,1,可预约,￥12.0,多云,18,15,4,0.0,84,28
2026-05-21 09:00:51,2026-05-22,4,羽毛球馆-10号,16:00-17:00,0,1,可预约,￥12.0,多云,18,15,4,0.0,84,28
2026-05-21 09:01:59,2026-05-22,4,羽毛球馆-10号,16:00-17:00,0,1,可预约,￥12.0,多云,18,15,4,0.0,83,28
2026-05-21 09:05:33,2026-05-22,4,羽毛球馆-10号,16:00-17:00,0,1,可预约,￥12.0,多云,18,15,4,0.0,83,28
2026-05-21 09:20:38,2026-05-22,4,羽毛球馆-10号,16:00-17:00,0,1,可预约,￥12.0,多云,18,16,3,0.0,81,28
2026-05-21 09:30:46,2026-05-22,4,羽毛球馆-10号,16:00-17:00,0,1,可预约,￥12.0,多云,18,16,3,0.0,81,32
2026-05-21 09:40:36,2026-05-22,4,羽毛球馆-10号,16:00-17:00,0,1,可预约,￥12.0,多云,19,17,3,0.0,79,32
2026-05-21 09:50:42,2026-05-22,4,羽毛球馆-10号,16:00-17:00,0,1,可预约,￥12.0,多云,19,17,4,0.0,81,32
2026-05-21 10:00:46,2026-05-22,4,羽毛球馆-10号,16:00-17:00,0,1,可预约,￥12.0,多云,19,17,4,0.0,79,32
2026-05-21 10:10:40,2026-05-22,4,羽毛球馆-10号,16:00-17:00,0,1,可预约,￥12.0,多云,19,17,4,0.0,79,32
2026-05-21 10:20:38,2026-05-22,4,羽毛球馆-10号,16:00-17:00,0,1,可预约,￥12.0,多云,19,17,4,0.0,79,32
2026-05-21 10:30:41,2026-05-22,4,羽毛球馆-10号,16:00-17:00,0,1,可预约,￥12.0,多云,19,18,3,0.0,78,31
2026-05-21 11:00:44,2026-05-22,4,羽毛球馆-10号,16:00-17:00,0,1,可预约,￥12.0,多云,21,17,5,0.0,74,31
2026-05-21 11:30:38,2026-05-22,4,羽毛球馆-10号,16:00-17:00,0,1,可预约,￥12.0,多云,21,19,3,0.0,72,33
2026-05-21 12:00:46,2026-05-22,4,羽毛球馆-10号,16:00-17:00,0,1,可预约,￥12.0,多云,22,19,4,0.0,70,33
2026-05-21 12:30:42,2026-05-22,4,羽毛球馆-10号,16:00-17:00,0,1,可预约,￥12.0,多云,22,21,3,0.0,68,35
2026-05-21 13:00:43,2026-05-22,4,羽毛球馆-10号,16:00-17:00,0,1,可预约,￥12.0,多云,24,22,4,0.0,66,35
2026-05-21 13:30:43,2026-05-22,4,羽毛球馆-10号,16:00-17:00,0,1,可预约,￥12.0,多云,24,22,4,0.0,66,36
2026-05-21 14:00:48,2026-05-22,4,羽毛球馆-10号,16:00-17:00,0,1,可预约,￥12.0,多云,25,23,4,0.0,66,36
2026-05-21 14:30:45,2026-05-22,4,羽毛球馆-10号,16:00-17:00,0,1,可预约,￥12.0,晴,25,25,3,0.0,65,39
2026-05-21 15:00:45,2026-05-22,4,羽毛球馆-10号,16:00-17:00,0,1,可预约,￥12.0,晴,25,22,4,0.0,56,39
2026-05-21 15:30:43,2026-05-22,4,羽毛球馆-10号,16:00-17:00,0,1,可预约,￥12.0,晴,25,23,4,0.0,57,40
2026-05-21 16:00:51,2026-05-22,4,羽毛球馆-10号,16:00-17:00,0,1,可预约,￥12.0,晴,25,23,4,0.0,57,40
2026-05-21 16:30:48,2026-05-22,4,羽毛球馆-10号,16:00-17:00,0,1,可预约,￥12.0,晴,25,24,3,0.0,60,39
2026-05-21 17:00:49,2026-05-22,4,羽毛球馆-10号,16:00-17:00,1,1,已售/已满,已售,晴,25,24,4,0.0,61,39
2026-05-21 17:30:47,2026-05-22,4,羽毛球馆-10号,16:00-17:00,1,1,已售/已满,已售,多云,24,23,3,0.0,64,39
2026-05-21 18:00:50,2026-05-22,4,羽毛球馆-10号,16:00-17:00,1,1,已售/已满,已售,多云,24,23,3,0.0,68,39
2026-05-21 18:30:50,2026-05-22,4,羽毛球馆-10号,16:00-17:00,1,1,已售/已满,已售,阴,24,25,2,0.0,68,40
2026-05-21 19:00:50,2026-05-22,4,羽毛球馆-10号,16:00-17:00,1,1,已售/已满,已售,阴,23,23,3,0.0,76,40
2026-05-21 19:30:46,2026-05-22,4,羽毛球馆-10号,16:00-17:00,1,1,已售/已满,已售,阴,23,24,2,0.0,77,39
2026-05-21 20:00:49,2026-05-22,4,羽毛球馆-10号,16:00-17:00,1,1,已售/已满,已售,雾,22,23,2,0.0,89,39
2026-05-21 20:30:44,2026-05-22,4,羽毛球馆-10号,16:00-17:00,1,1,已售/已满,已售,雾,22,24,2,0.0,93,43
2026-05-21 21:00:56,2026-05-22,4,羽毛球馆-10号,16:00-17:00,1,1,已售/已满,已售,雾,20,21,2,0.0,98,43
2026-05-21 21:30:46,2026-05-22,4,羽毛球馆-10号,16:00-17:00,1,1,已售/已满,已售,雾,20,22,1,0.0,99,41
2026-05-21 22:01:02,2026-05-22,4,羽毛球馆-10号,16:00-17:00,1,1,已售/已满,已售,雾,19,20,2,0.0,93,41
2026-05-21 22:30:47,2026-05-22,4,羽毛球馆-10号,16:00-17:00,1,1,已售/已满,已售,雾,19,19,3,0.0,88,46
2026-05-21 23:00:56,2026-05-22,4,羽毛球馆-10号,16:00-17:00,1,1,已售/已满,已售,多云,18,17,3,0.0,85,46
2026-05-21 23:30:55,2026-05-22,4,羽毛球馆-10号,16:00-17:00,1,1,已售/已满,已售,多云,18,17,3,0.0,85,48
2026-05-21 08:00:45,2026-05-22,4,羽毛球馆-10号,17:00-18:00,0,1,可预约,￥12.0,晴,17,12,5,0.0,86,29
2026-05-21 08:02:30,2026-05-22,4,羽毛球馆-10号,17:00-18:00,0,1,可预约,￥12.0,多云,17,12,5,0.0,87,29
2026-05-21 08:05:36,2026-05-22,4,羽毛球馆-10号,17:00-18:00,0,1,可预约,￥12.0,多云,17,12,5,0.0,86,29
2026-05-21 08:08:31,2026-05-22,4,羽毛球馆-10号,17:00-18:00,0,1,可预约,￥12.0,多云,17,12,5,0.0,86,29
2026-05-21 08:11:30,2026-05-22,4,羽毛球馆-10号,17:00-18:00,0,1,可预约,￥12.0,多云,17,12,5,0.0,86,29
2026-05-21 08:14:31,2026-05-22,4,羽毛球馆-10号,17:00-18:00,0,1,可预约,￥12.0,多云,17,12,5,0.0,86,29
2026-05-21 08:17:30,2026-05-22,4,羽毛球馆-10号,17:00-18:00,0,1,可预约,￥12.0,多云,17,12,5,0.0,86,29
2026-05-21 08:20:35,2026-05-22,4,羽毛球馆-10号,17:00-18:00,0,1,可预约,￥12.0,多云,17,14,4,0.0,85,29
2026-05-21 08:25:32,2026-05-22,4,羽毛球馆-10号,17:00-18:00,0,1,可预约,￥12.0,多云,17,14,4,0.0,85,28
2026-05-21 08:30:42,2026-05-22,4,羽毛球馆-10号,17:00-18:00,0,1,可预约,￥12.0,多云,18,15,4,0.0,84,28
2026-05-21 08:35:31,2026-05-22,4,羽毛球馆-10号,17:00-18:00,0,1,可预约,￥12.0,多云,18,15,4,0.0,84,28
2026-05-21 08:40:38,2026-05-22,4,羽毛球馆-10号,17:00-18:00,0,1,可预约,￥12.0,多云,18,15,4,0.0,82,28
2026-05-21 08:45:33,2026-05-22,4,羽毛球馆-10号,17:00-18:00,0,1,可预约,￥12.0,多云,18,15,4,0.0,82,28
2026-05-21 08:50:36,2026-05-22,4,羽毛球馆-10号,17:00-18:00,0,1,可预约,￥12.0,多云,18,15,4,0.0,82,28
2026-05-21 08:55:34,2026-05-22,4,羽毛球馆-10号,17:00-18:00,0,1,可预约,￥12.0,多云,18,15,4,0.0,84,28
2026-05-21 09:00:51,2026-05-22,4,羽毛球馆-10号,17:00-18:00,0,1,可预约,￥12.0,多云,18,15,4,0.0,84,28
2026-05-21 09:01:59,2026-05-22,4,羽毛球馆-10号,17:00-18:00,0,1,可预约,￥12.0,多云,18,15,4,0.0,83,28
2026-05-21 09:05:33,2026-05-22,4,羽毛球馆-10号,17:00-18:00,0,1,可预约,￥12.0,多云,18,15,4,0.0,83,28
2026-05-21 09:20:38,2026-05-22,4,羽毛球馆-10号,17:00-18:00,1,1,已售/已满,已售,多云,18,16,3,0.0,81,28
2026-05-21 09:30:46,2026-05-22,4,羽毛球馆-10号,17:00-18:00,1,1,已售/已满,已售,多云,18,16,3,0.0,81,32
2026-05-21 09:40:36,2026-05-22,4,羽毛球馆-10号,17:00-18:00,1,1,已售/已满,已售,多云,19,17,3,0.0,79,32
2026-05-21 09:50:42,2026-05-22,4,羽毛球馆-10号,17:00-18:00,1,1,已售/已满,已售,多云,19,17,4,0.0,81,32
2026-05-21 10:00:46,2026-05-22,4,羽毛球馆-10号,17:00-18:00,1,1,已售/已满,已售,多云,19,17,4,0.0,79,32
2026-05-21 10:10:40,2026-05-22,4,羽毛球馆-10号,17:00-18:00,1,1,已售/已满,已售,多云,19,17,4,0.0,79,32
2026-05-21 10:20:38,2026-05-22,4,羽毛球馆-10号,17:00-18:00,1,1,已售/已满,已售,多云,19,17,4,0.0,79,32
2026-05-21 10:30:41,2026-05-22,4,羽毛球馆-10号,17:00-18:00,1,1,已售/已满,已售,多云,19,18,3,0.0,78,31
2026-05-21 11:00:44,2026-05-22,4,羽毛球馆-10号,17:00-18:00,1,1,已售/已满,已售,多云,21,17,5,0.0,74,31
2026-05-21 11:30:38,2026-05-22,4,羽毛球馆-10号,17:00-18:00,1,1,已售/已满,已售,多云,21,19,3,0.0,72,33
2026-05-21 12:00:46,2026-05-22,4,羽毛球馆-10号,17:00-18:00,1,1,已售/已满,已售,多云,22,19,4,0.0,70,33
2026-05-21 12:30:42,2026-05-22,4,羽毛球馆-10号,17:00-18:00,1,1,已售/已满,已售,多云,22,21,3,0.0,68,35
2026-05-21 13:00:43,2026-05-22,4,羽毛球馆-10号,17:00-18:00,1,1,已售/已满,已售,多云,24,22,4,0.0,66,35
2026-05-21 13:30:43,2026-05-22,4,羽毛球馆-10号,17:00-18:00,1,1,已售/已满,已售,多云,24,22,4,0.0,66,36
2026-05-21 14:00:48,2026-05-22,4,羽毛球馆-10号,17:00-18:00,1,1,已售/已满,已售,多云,25,23,4,0.0,66,36
2026-05-21 14:30:45,2026-05-22,4,羽毛球馆-10号,17:00-18:00,1,1,已售/已满,已售,晴,25,25,3,0.0,65,39
2026-05-21 15:00:45,2026-05-22,4,羽毛球馆-10号,17:00-18:00,1,1,已售/已满,已售,晴,25,22,4,0.0,56,39
2026-05-21 15:30:43,2026-05-22,4,羽毛球馆-10号,17:00-18:00,1,1,已售/已满,已售,晴,25,23,4,0.0,57,40
2026-05-21 16:00:51,2026-05-22,4,羽毛球馆-10号,17:00-18:00,1,1,已售/已满,已售,晴,25,23,4,0.0,57,40
2026-05-21 16:30:48,2026-05-22,4,羽毛球馆-10号,17:00-18:00,1,1,已售/已满,已售,晴,25,24,3,0.0,60,39
2026-05-21 17:00:49,2026-05-22,4,羽毛球馆-10号,17:00-18:00,1,1,已售/已满,已售,晴,25,24,4,0.0,61,39
2026-05-21 17:30:47,2026-05-22,4,羽毛球馆-10号,17:00-18:00,1,1,已售/已满,已售,多云,24,23,3,0.0,64,39
2026-05-21 18:00:50,2026-05-22,4,羽毛球馆-10号,17:00-18:00,1,1,已售/已满,已售,多云,24,23,3,0.0,68,39
2026-05-21 18:30:50,2026-05-22,4,羽毛球馆-10号,17:00-18:00,1,1,已售/已满,已售,阴,24,25,2,0.0,68,40
2026-05-21 19:00:50,2026-05-22,4,羽毛球馆-10号,17:00-18:00,1,1,已售/已满,已售,阴,23,23,3,0.0,76,40
2026-05-21 19:30:46,2026-05-22,4,羽毛球馆-10号,17:00-18:00,1,1,已售/已满,已售,阴,23,24,2,0.0,77,39
2026-05-21 20:00:49,2026-05-22,4,羽毛球馆-10号,17:00-18:00,1,1,已售/已满,已售,雾,22,23,2,0.0,89,39
2026-05-21 20:30:44,2026-05-22,4,羽毛球馆-10号,17:00-18:00,1,1,已售/已满,已售,雾,22,24,2,0.0,93,43
2026-05-21 21:00:56,2026-05-22,4,羽毛球馆-10号,17:00-18:00,1,1,已售/已满,已售,雾,20,21,2,0.0,98,43
2026-05-21 21:30:46,2026-05-22,4,羽毛球馆-10号,17:00-18:00,1,1,已售/已满,已售,雾,20,22,1,0.0,99,41
2026-05-21 22:01:02,2026-05-22,4,羽毛球馆-10号,17:00-18:00,1,1,已售/已满,已售,雾,19,20,2,0.0,93,41
2026-05-21 22:30:47,2026-05-22,4,羽毛球馆-10号,17:00-18:00,1,1,已售/已满,已售,雾,19,19,3,0.0,88,46
2026-05-21 23:00:56,2026-05-22,4,羽毛球馆-10号,17:00-18:00,1,1,已售/已满,已售,多云,18,17,3,0.0,85,46
2026-05-21 23:30:55,2026-05-22,4,羽毛球馆-10号,17:00-18:00,0,1,可预约,￥12.0,多云,18,17,3,0.0,85,48
2026-05-21 08:00:45,2026-05-22,4,羽毛球馆-10号,18:30-19:30,0,1,可预约,￥12.0,晴,17,12,5,0.0,86,29
2026-05-21 08:02:30,2026-05-22,4,羽毛球馆-10号,18:30-19:30,0,1,可预约,￥12.0,多云,17,12,5,0.0,87,29
2026-05-21 08:05:36,2026-05-22,4,羽毛球馆-10号,18:30-19:30,0,1,可预约,￥12.0,多云,17,12,5,0.0,86,29
2026-05-21 08:08:31,2026-05-22,4,羽毛球馆-10号,18:30-19:30,0,1,可预约,￥12.0,多云,17,12,5,0.0,86,29
2026-05-21 08:11:30,2026-05-22,4,羽毛球馆-10号,18:30-19:30,0,1,可预约,￥12.0,多云,17,12,5,0.0,86,29
2026-05-21 08:14:31,2026-05-22,4,羽毛球馆-10号,18:30-19:30,0,1,可预约,￥12.0,多云,17,12,5,0.0,86,29
2026-05-21 08:17:30,2026-05-22,4,羽毛球馆-10号,18:30-19:30,0,1,可预约,￥12.0,多云,17,12,5,0.0,86,29
2026-05-21 08:20:35,2026-05-22,4,羽毛球馆-10号,18:30-19:30,0,1,可预约,￥12.0,多云,17,14,4,0.0,85,29
2026-05-21 08:25:32,2026-05-22,4,羽毛球馆-10号,18:30-19:30,0,1,可预约,￥12.0,多云,17,14,4,0.0,85,28
2026-05-21 08:30:42,2026-05-22,4,羽毛球馆-10号,18:30-19:30,0,1,可预约,￥12.0,多云,18,15,4,0.0,84,28
2026-05-21 08:35:31,2026-05-22,4,羽毛球馆-10号,18:30-19:30,0,1,可预约,￥12.0,多云,18,15,4,0.0,84,28
2026-05-21 08:40:38,2026-05-22,4,羽毛球馆-10号,18:30-19:30,0,1,可预约,￥12.0,多云,18,15,4,0.0,82,28
2026-05-21 08:45:33,2026-05-22,4,羽毛球馆-10号,18:30-19:30,0,1,可预约,￥12.0,多云,18,15,4,0.0,82,28
2026-05-21 08:50:36,2026-05-22,4,羽毛球馆-10号,18:30-19:30,0,1,可预约,￥12.0,多云,18,15,4,0.0,82,28
2026-05-21 08:55:34,2026-05-22,4,羽毛球馆-10号,18:30-19:30,0,1,可预约,￥12.0,多云,18,15,4,0.0,84,28
2026-05-21 09:00:51,2026-05-22,4,羽毛球馆-10号,18:30-19:30,0,1,可预约,￥12.0,多云,18,15,4,0.0,84,28
2026-05-21 09:01:59,2026-05-22,4,羽毛球馆-10号,18:30-19:30,0,1,可预约,￥12.0,多云,18,15,4,0.0,83,28
2026-05-21 09:05:33,2026-05-22,4,羽毛球馆-10号,18:30-19:30,0,1,可预约,￥12.0,多云,18,15,4,0.0,83,28
2026-05-21 09:20:38,2026-05-22,4,羽毛球馆-10号,18:30-19:30,1,1,已售/已满,已售,多云,18,16,3,0.0,81,28
2026-05-21 09:30:46,2026-05-22,4,羽毛球馆-10号,18:30-19:30,1,1,已售/已满,已售,多云,18,16,3,0.0,81,32
2026-05-21 09:40:36,2026-05-22,4,羽毛球馆-10号,18:30-19:30,1,1,已售/已满,已售,多云,19,17,3,0.0,79,32
2026-05-21 09:50:42,2026-05-22,4,羽毛球馆-10号,18:30-19:30,1,1,已售/已满,已售,多云,19,17,4,0.0,81,32
2026-05-21 10:00:46,2026-05-22,4,羽毛球馆-10号,18:30-19:30,1,1,已售/已满,已售,多云,19,17,4,0.0,79,32
2026-05-21 10:10:40,2026-05-22,4,羽毛球馆-10号,18:30-19:30,1,1,已售/已满,已售,多云,19,17,4,0.0,79,32
2026-05-21 10:20:38,2026-05-22,4,羽毛球馆-10号,18:30-19:30,1,1,已售/已满,已售,多云,19,17,4,0.0,79,32
2026-05-21 10:30:41,2026-05-22,4,羽毛球馆-10号,18:30-19:30,1,1,已售/已满,已售,多云,19,18,3,0.0,78,31
2026-05-21 11:00:44,2026-05-22,4,羽毛球馆-10号,18:30-19:30,1,1,已售/已满,已售,多云,21,17,5,0.0,74,31
2026-05-21 11:30:38,2026-05-22,4,羽毛球馆-10号,18:30-19:30,1,1,已售/已满,已售,多云,21,19,3,0.0,72,33
2026-05-21 12:00:46,2026-05-22,4,羽毛球馆-10号,18:30-19:30,1,1,已售/已满,已售,多云,22,19,4,0.0,70,33
2026-05-21 12:30:42,2026-05-22,4,羽毛球馆-10号,18:30-19:30,1,1,已售/已满,已售,多云,22,21,3,0.0,68,35
2026-05-21 13:00:43,2026-05-22,4,羽毛球馆-10号,18:30-19:30,1,1,已售/已满,已售,多云,24,22,4,0.0,66,35
2026-05-21 13:30:43,2026-05-22,4,羽毛球馆-10号,18:30-19:30,1,1,已售/已满,已售,多云,24,22,4,0.0,66,36
2026-05-21 14:00:48,2026-05-22,4,羽毛球馆-10号,18:30-19:30,1,1,已售/已满,已售,多云,25,23,4,0.0,66,36
2026-05-21 14:30:45,2026-05-22,4,羽毛球馆-10号,18:30-19:30,1,1,已售/已满,已售,晴,25,25,3,0.0,65,39
2026-05-21 15:00:45,2026-05-22,4,羽毛球馆-10号,18:30-19:30,1,1,已售/已满,已售,晴,25,22,4,0.0,56,39
2026-05-21 15:30:43,2026-05-22,4,羽毛球馆-10号,18:30-19:30,1,1,已售/已满,已售,晴,25,23,4,0.0,57,40
2026-05-21 16:00:51,2026-05-22,4,羽毛球馆-10号,18:30-19:30,1,1,已售/已满,已售,晴,25,23,4,0.0,57,40
2026-05-21 16:30:48,2026-05-22,4,羽毛球馆-10号,18:30-19:30,1,1,已售/已满,已售,晴,25,24,3,0.0,60,39
2026-05-21 17:00:49,2026-05-22,4,羽毛球馆-10号,18:30-19:30,1,1,已售/已满,已售,晴,25,24,4,0.0,61,39
2026-05-21 17:30:47,2026-05-22,4,羽毛球馆-10号,18:30-19:30,1,1,已售/已满,已售,多云,24,23,3,0.0,64,39
2026-05-21 18:00:50,2026-05-22,4,羽毛球馆-10号,18:30-19:30,1,1,已售/已满,已售,多云,24,23,3,0.0,68,39
2026-05-21 18:30:50,2026-05-22,4,羽毛球馆-10号,18:30-19:30,1,1,已售/已满,已售,阴,24,25,2,0.0,68,40
2026-05-21 19:00:50,2026-05-22,4,羽毛球馆-10号,18:30-19:30,1,1,已售/已满,已售,阴,23,23,3,0.0,76,40
2026-05-21 19:30:46,2026-05-22,4,羽毛球馆-10号,18:30-19:30,1,1,已售/已满,已售,阴,23,24,2,0.0,77,39
2026-05-21 20:00:49,2026-05-22,4,羽毛球馆-10号,18:30-19:30,1,1,已售/已满,已售,雾,22,23,2,0.0,89,39
2026-05-21 20:30:44,2026-05-22,4,羽毛球馆-10号,18:30-19:30,1,1,已售/已满,已售,雾,22,24,2,0.0,93,43
2026-05-21 21:00:56,2026-05-22,4,羽毛球馆-10号,18:30-19:30,1,1,已售/已满,已售,雾,20,21,2,0.0,98,43
2026-05-21 21:30:46,2026-05-22,4,羽毛球馆-10号,18:30-19:30,1,1,已售/已满,已售,雾,20,22,1,0.0,99,41
2026-05-21 22:01:02,2026-05-22,4,羽毛球馆-10号,18:30-19:30,1,1,已售/已满,已售,雾,19,20,2,0.0,93,41
2026-05-21 22:30:47,2026-05-22,4,羽毛球馆-10号,18:30-19:30,1,1,已售/已满,已售,雾,19,19,3,0.0,88,46
2026-05-21 23:00:56,2026-05-22,4,羽毛球馆-10号,18:30-19:30,1,1,已售/已满,已售,多云,18,17,3,0.0,85,46
2026-05-21 23:30:55,2026-05-22,4,羽毛球馆-10号,18:30-19:30,0,1,可预约,￥12.0,多云,18,17,3,0.0,85,48
2026-05-21 08:00:45,2026-05-22,4,羽毛球馆-10号,19:30-20:30,1,1,已售/已满,已售,晴,17,12,5,0.0,86,29
2026-05-21 08:02:30,2026-05-22,4,羽毛球馆-10号,19:30-20:30,1,1,已售/已满,已售,多云,17,12,5,0.0,87,29
2026-05-21 08:05:36,2026-05-22,4,羽毛球馆-10号,19:30-20:30,1,1,已售/已满,已售,多云,17,12,5,0.0,86,29
2026-05-21 08:08:31,2026-05-22,4,羽毛球馆-10号,19:30-20:30,1,1,已售/已满,已售,多云,17,12,5,0.0,86,29
2026-05-21 08:11:30,2026-05-22,4,羽毛球馆-10号,19:30-20:30,1,1,已售/已满,已售,多云,17,12,5,0.0,86,29
2026-05-21 08:14:31,2026-05-22,4,羽毛球馆-10号,19:30-20:30,1,1,已售/已满,已售,多云,17,12,5,0.0,86,29
2026-05-21 08:17:30,2026-05-22,4,羽毛球馆-10号,19:30-20:30,1,1,已售/已满,已售,多云,17,12,5,0.0,86,29
2026-05-21 08:20:35,2026-05-22,4,羽毛球馆-10号,19:30-20:30,1,1,已售/已满,已售,多云,17,14,4,0.0,85,29
2026-05-21 08:25:32,2026-05-22,4,羽毛球馆-10号,19:30-20:30,1,1,已售/已满,已售,多云,17,14,4,0.0,85,28
2026-05-21 08:30:42,2026-05-22,4,羽毛球馆-10号,19:30-20:30,1,1,已售/已满,已售,多云,18,15,4,0.0,84,28
2026-05-21 08:35:31,2026-05-22,4,羽毛球馆-10号,19:30-20:30,1,1,已售/已满,已售,多云,18,15,4,0.0,84,28
2026-05-21 08:40:38,2026-05-22,4,羽毛球馆-10号,19:30-20:30,1,1,已售/已满,已售,多云,18,15,4,0.0,82,28
2026-05-21 08:45:33,2026-05-22,4,羽毛球馆-10号,19:30-20:30,1,1,已售/已满,已售,多云,18,15,4,0.0,82,28
2026-05-21 08:50:36,2026-05-22,4,羽毛球馆-10号,19:30-20:30,1,1,已售/已满,已售,多云,18,15,4,0.0,82,28
2026-05-21 08:55:34,2026-05-22,4,羽毛球馆-10号,19:30-20:30,1,1,已售/已满,已售,多云,18,15,4,0.0,84,28
2026-05-21 09:00:51,2026-05-22,4,羽毛球馆-10号,19:30-20:30,1,1,已售/已满,已售,多云,18,15,4,0.0,84,28
2026-05-21 09:01:59,2026-05-22,4,羽毛球馆-10号,19:30-20:30,1,1,已售/已满,已售,多云,18,15,4,0.0,83,28
2026-05-21 09:05:33,2026-05-22,4,羽毛球馆-10号,19:30-20:30,1,1,已售/已满,已售,多云,18,15,4,0.0,83,28
2026-05-21 09:20:38,2026-05-22,4,羽毛球馆-10号,19:30-20:30,1,1,已售/已满,已售,多云,18,16,3,0.0,81,28
2026-05-21 09:30:46,2026-05-22,4,羽毛球馆-10号,19:30-20:30,1,1,已售/已满,已售,多云,18,16,3,0.0,81,32
2026-05-21 09:40:36,2026-05-22,4,羽毛球馆-10号,19:30-20:30,1,1,已售/已满,已售,多云,19,17,3,0.0,79,32
2026-05-21 09:50:42,2026-05-22,4,羽毛球馆-10号,19:30-20:30,1,1,已售/已满,已售,多云,19,17,4,0.0,81,32
2026-05-21 10:00:46,2026-05-22,4,羽毛球馆-10号,19:30-20:30,1,1,已售/已满,已售,多云,19,17,4,0.0,79,32
2026-05-21 10:10:40,2026-05-22,4,羽毛球馆-10号,19:30-20:30,1,1,已售/已满,已售,多云,19,17,4,0.0,79,32
2026-05-21 10:20:38,2026-05-22,4,羽毛球馆-10号,19:30-20:30,1,1,已售/已满,已售,多云,19,17,4,0.0,79,32
2026-05-21 10:30:41,2026-05-22,4,羽毛球馆-10号,19:30-20:30,1,1,已售/已满,已售,多云,19,18,3,0.0,78,31
2026-05-21 11:00:44,2026-05-22,4,羽毛球馆-10号,19:30-20:30,1,1,已售/已满,已售,多云,21,17,5,0.0,74,31
2026-05-21 11:30:38,2026-05-22,4,羽毛球馆-10号,19:30-20:30,1,1,已售/已满,已售,多云,21,19,3,0.0,72,33
2026-05-21 12:00:46,2026-05-22,4,羽毛球馆-10号,19:30-20:30,1,1,已售/已满,已售,多云,22,19,4,0.0,70,33
2026-05-21 12:30:42,2026-05-22,4,羽毛球馆-10号,19:30-20:30,1,1,已售/已满,已售,多云,22,21,3,0.0,68,35
2026-05-21 13:00:43,2026-05-22,4,羽毛球馆-10号,19:30-20:30,1,1,已售/已满,已售,多云,24,22,4,0.0,66,35
2026-05-21 13:30:43,2026-05-22,4,羽毛球馆-10号,19:30-20:30,1,1,已售/已满,已售,多云,24,22,4,0.0,66,36
2026-05-21 14:00:48,2026-05-22,4,羽毛球馆-10号,19:30-20:30,1,1,已售/已满,已售,多云,25,23,4,0.0,66,36
2026-05-21 14:30:45,2026-05-22,4,羽毛球馆-10号,19:30-20:30,1,1,已售/已满,已售,晴,25,25,3,0.0,65,39
2026-05-21 15:00:45,2026-05-22,4,羽毛球馆-10号,19:30-20:30,1,1,已售/已满,已售,晴,25,22,4,0.0,56,39
2026-05-21 15:30:43,2026-05-22,4,羽毛球馆-10号,19:30-20:30,1,1,已售/已满,已售,晴,25,23,4,0.0,57,40
2026-05-21 16:00:51,2026-05-22,4,羽毛球馆-10号,19:30-20:30,1,1,已售/已满,已售,晴,25,23,4,0.0,57,40
2026-05-21 16:30:48,2026-05-22,4,羽毛球馆-10号,19:30-20:30,1,1,已售/已满,已售,晴,25,24,3,0.0,60,39
2026-05-21 17:00:49,2026-05-22,4,羽毛球馆-10号,19:30-20:30,1,1,已售/已满,已售,晴,25,24,4,0.0,61,39
2026-05-21 17:30:47,2026-05-22,4,羽毛球馆-10号,19:30-20:30,1,1,已售/已满,已售,多云,24,23,3,0.0,64,39
2026-05-21 18:00:50,2026-05-22,4,羽毛球馆-10号,19:30-20:30,1,1,已售/已满,已售,多云,24,23,3,0.0,68,39
2026-05-21 18:30:50,2026-05-22,4,羽毛球馆-10号,19:30-20:30,1,1,已售/已满,已售,阴,24,25,2,0.0,68,40
2026-05-21 19:00:50,2026-05-22,4,羽毛球馆-10号,19:30-20:30,1,1,已售/已满,已售,阴,23,23,3,0.0,76,40
2026-05-21 19:30:46,2026-05-22,4,羽毛球馆-10号,19:30-20:30,1,1,已售/已满,已售,阴,23,24,2,0.0,77,39
2026-05-21 20:00:49,2026-05-22,4,羽毛球馆-10号,19:30-20:30,1,1,已售/已满,已售,雾,22,23,2,0.0,89,39
2026-05-21 20:30:44,2026-05-22,4,羽毛球馆-10号,19:30-20:30,1,1,已售/已满,已售,雾,22,24,2,0.0,93,43
2026-05-21 21:00:56,2026-05-22,4,羽毛球馆-10号,19:30-20:30,1,1,已售/已满,已售,雾,20,21,2,0.0,98,43
2026-05-21 21:30:46,2026-05-22,4,羽毛球馆-10号,19:30-20:30,1,1,已售/已满,已售,雾,20,22,1,0.0,99,41
2026-05-21 22:01:02,2026-05-22,4,羽毛球馆-10号,19:30-20:30,1,1,已售/已满,已售,雾,19,20,2,0.0,93,41
2026-05-21 22:30:47,2026-05-22,4,羽毛球馆-10号,19:30-20:30,1,1,已售/已满,已售,雾,19,19,3,0.0,88,46
2026-05-21 23:00:56,2026-05-22,4,羽毛球馆-10号,19:30-20:30,1,1,已售/已满,已售,多云,18,17,3,0.0,85,46
2026-05-21 23:30:55,2026-05-22,4,羽毛球馆-10号,19:30-20:30,1,1,已售/已满,已售,多云,18,17,3,0.0,85,48
2026-05-21 08:00:45,2026-05-22,4,羽毛球馆-10号,20:30-21:30,1,1,已售/已满,已售,晴,17,12,5,0.0,86,29
2026-05-21 08:02:30,2026-05-22,4,羽毛球馆-10号,20:30-21:30,1,1,已售/已满,已售,多云,17,12,5,0.0,87,29
2026-05-21 08:05:36,2026-05-22,4,羽毛球馆-10号,20:30-21:30,1,1,已售/已满,已售,多云,17,12,5,0.0,86,29
2026-05-21 08:08:31,2026-05-22,4,羽毛球馆-10号,20:30-21:30,1,1,已售/已满,已售,多云,17,12,5,0.0,86,29
2026-05-21 08:11:30,2026-05-22,4,羽毛球馆-10号,20:30-21:30,1,1,已售/已满,已售,多云,17,12,5,0.0,86,29
2026-05-21 08:14:31,2026-05-22,4,羽毛球馆-10号,20:30-21:30,1,1,已售/已满,已售,多云,17,12,5,0.0,86,29
2026-05-21 08:17:30,2026-05-22,4,羽毛球馆-10号,20:30-21:30,1,1,已售/已满,已售,多云,17,12,5,0.0,86,29
2026-05-21 08:20:35,2026-05-22,4,羽毛球馆-10号,20:30-21:30,1,1,已售/已满,已售,多云,17,14,4,0.0,85,29
2026-05-21 08:25:32,2026-05-22,4,羽毛球馆-10号,20:30-21:30,1,1,已售/已满,已售,多云,17,14,4,0.0,85,28
2026-05-21 08:30:42,2026-05-22,4,羽毛球馆-10号,20:30-21:30,1,1,已售/已满,已售,多云,18,15,4,0.0,84,28
2026-05-21 08:35:31,2026-05-22,4,羽毛球馆-10号,20:30-21:30,1,1,已售/已满,已售,多云,18,15,4,0.0,84,28
2026-05-21 08:40:38,2026-05-22,4,羽毛球馆-10号,20:30-21:30,1,1,已售/已满,已售,多云,18,15,4,0.0,82,28
2026-05-21 08:45:33,2026-05-22,4,羽毛球馆-10号,20:30-21:30,1,1,已售/已满,已售,多云,18,15,4,0.0,82,28
2026-05-21 08:50:36,2026-05-22,4,羽毛球馆-10号,20:30-21:30,1,1,已售/已满,已售,多云,18,15,4,0.0,82,28
2026-05-21 08:55:34,2026-05-22,4,羽毛球馆-10号,20:30-21:30,1,1,已售/已满,已售,多云,18,15,4,0.0,84,28
2026-05-21 09:00:51,2026-05-22,4,羽毛球馆-10号,20:30-21:30,1,1,已售/已满,已售,多云,18,15,4,0.0,84,28
2026-05-21 09:01:59,2026-05-22,4,羽毛球馆-10号,20:30-21:30,1,1,已售/已满,已售,多云,18,15,4,0.0,83,28
2026-05-21 09:05:33,2026-05-22,4,羽毛球馆-10号,20:30-21:30,1,1,已售/已满,已售,多云,18,15,4,0.0,83,28
2026-05-21 09:20:38,2026-05-22,4,羽毛球馆-10号,20:30-21:30,1,1,已售/已满,已售,多云,18,16,3,0.0,81,28
2026-05-21 09:30:46,2026-05-22,4,羽毛球馆-10号,20:30-21:30,1,1,已售/已满,已售,多云,18,16,3,0.0,81,32
2026-05-21 09:40:36,2026-05-22,4,羽毛球馆-10号,20:30-21:30,1,1,已售/已满,已售,多云,19,17,3,0.0,79,32
2026-05-21 09:50:42,2026-05-22,4,羽毛球馆-10号,20:30-21:30,1,1,已售/已满,已售,多云,19,17,4,0.0,81,32
2026-05-21 10:00:46,2026-05-22,4,羽毛球馆-10号,20:30-21:30,1,1,已售/已满,已售,多云,19,17,4,0.0,79,32
2026-05-21 10:10:40,2026-05-22,4,羽毛球馆-10号,20:30-21:30,1,1,已售/已满,已售,多云,19,17,4,0.0,79,32
2026-05-21 10:20:38,2026-05-22,4,羽毛球馆-10号,20:30-21:30,1,1,已售/已满,已售,多云,19,17,4,0.0,79,32
2026-05-21 10:30:41,2026-05-22,4,羽毛球馆-10号,20:30-21:30,1,1,已售/已满,已售,多云,19,18,3,0.0,78,31
2026-05-21 11:00:44,2026-05-22,4,羽毛球馆-10号,20:30-21:30,1,1,已售/已满,已售,多云,21,17,5,0.0,74,31
2026-05-21 11:30:38,2026-05-22,4,羽毛球馆-10号,20:30-21:30,1,1,已售/已满,已售,多云,21,19,3,0.0,72,33
2026-05-21 12:00:46,2026-05-22,4,羽毛球馆-10号,20:30-21:30,1,1,已售/已满,已售,多云,22,19,4,0.0,70,33
2026-05-21 12:30:42,2026-05-22,4,羽毛球馆-10号,20:30-21:30,1,1,已售/已满,已售,多云,22,21,3,0.0,68,35
2026-05-21 13:00:43,2026-05-22,4,羽毛球馆-10号,20:30-21:30,1,1,已售/已满,已售,多云,24,22,4,0.0,66,35
2026-05-21 13:30:43,2026-05-22,4,羽毛球馆-10号,20:30-21:30,1,1,已售/已满,已售,多云,24,22,4,0.0,66,36
2026-05-21 14:00:48,2026-05-22,4,羽毛球馆-10号,20:30-21:30,1,1,已售/已满,已售,多云,25,23,4,0.0,66,36
2026-05-21 14:30:45,2026-05-22,4,羽毛球馆-10号,20:30-21:30,1,1,已售/已满,已售,晴,25,25,3,0.0,65,39
2026-05-21 15:00:45,2026-05-22,4,羽毛球馆-10号,20:30-21:30,1,1,已售/已满,已售,晴,25,22,4,0.0,56,39
2026-05-21 15:30:43,2026-05-22,4,羽毛球馆-10号,20:30-21:30,1,1,已售/已满,已售,晴,25,23,4,0.0,57,40
2026-05-21 16:00:51,2026-05-22,4,羽毛球馆-10号,20:30-21:30,1,1,已售/已满,已售,晴,25,23,4,0.0,57,40
2026-05-21 16:30:48,2026-05-22,4,羽毛球馆-10号,20:30-21:30,1,1,已售/已满,已售,晴,25,24,3,0.0,60,39
2026-05-21 17:00:49,2026-05-22,4,羽毛球馆-10号,20:30-21:30,1,1,已售/已满,已售,晴,25,24,4,0.0,61,39
2026-05-21 17:30:47,2026-05-22,4,羽毛球馆-10号,20:30-21:30,1,1,已售/已满,已售,多云,24,23,3,0.0,64,39
2026-05-21 18:00:50,2026-05-22,4,羽毛球馆-10号,20:30-21:30,1,1,已售/已满,已售,多云,24,23,3,0.0,68,39
2026-05-21 18:30:50,2026-05-22,4,羽毛球馆-10号,20:30-21:30,1,1,已售/已满,已售,阴,24,25,2,0.0,68,40
2026-05-21 19:00:50,2026-05-22,4,羽毛球馆-10号,20:30-21:30,1,1,已售/已满,已售,阴,23,23,3,0.0,76,40
2026-05-21 19:30:46,2026-05-22,4,羽毛球馆-10号,20:30-21:30,1,1,已售/已满,已售,阴,23,24,2,0.0,77,39
2026-05-21 20:00:49,2026-05-22,4,羽毛球馆-10号,20:30-21:30,1,1,已售/已满,已售,雾,22,23,2,0.0,89,39
2026-05-21 20:30:44,2026-05-22,4,羽毛球馆-10号,20:30-21:30,1,1,已售/已满,已售,雾,22,24,2,0.0,93,43
2026-05-21 21:00:56,2026-05-22,4,羽毛球馆-10号,20:30-21:30,1,1,已售/已满,已售,雾,20,21,2,0.0,98,43
2026-05-21 21:30:46,2026-05-22,4,羽毛球馆-10号,20:30-21:30,1,1,已售/已满,已售,雾,20,22,1,0.0,99,41
2026-05-21 22:01:02,2026-05-22,4,羽毛球馆-10号,20:30-21:30,1,1,已售/已满,已售,雾,19,20,2,0.0,93,41
2026-05-21 22:30:47,2026-05-22,4,羽毛球馆-10号,20:30-21:30,1,1,已售/已满,已售,雾,19,19,3,0.0,88,46
2026-05-21 23:00:56,2026-05-22,4,羽毛球馆-10号,20:30-21:30,1,1,已售/已满,已售,多云,18,17,3,0.0,85,46
2026-05-21 23:30:55,2026-05-22,4,羽毛球馆-10号,20:30-21:30,1,1,已售/已满,已售,多云,18,17,3,0.0,85,48
2026-05-21 08:00:45,2026-05-22,4,羽毛球馆-11号,07:00-08:00,0,1,可预约,￥0.0,晴,17,12,5,0.0,86,29
2026-05-21 08:02:30,2026-05-22,4,羽毛球馆-11号,07:00-08:00,0,1,可预约,￥0.0,多云,17,12,5,0.0,87,29
2026-05-21 08:05:36,2026-05-22,4,羽毛球馆-11号,07:00-08:00,0,1,可预约,￥0.0,多云,17,12,5,0.0,86,29
2026-05-21 08:08:31,2026-05-22,4,羽毛球馆-11号,07:00-08:00,0,1,可预约,￥0.0,多云,17,12,5,0.0,86,29
2026-05-21 08:11:30,2026-05-22,4,羽毛球馆-11号,07:00-08:00,0,1,可预约,￥0.0,多云,17,12,5,0.0,86,29
2026-05-21 08:14:31,2026-05-22,4,羽毛球馆-11号,07:00-08:00,0,1,可预约,￥0.0,多云,17,12,5,0.0,86,29
2026-05-21 08:17:30,2026-05-22,4,羽毛球馆-11号,07:00-08:00,0,1,可预约,￥0.0,多云,17,12,5,0.0,86,29
2026-05-21 08:20:35,2026-05-22,4,羽毛球馆-11号,07:00-08:00,0,1,可预约,￥0.0,多云,17,14,4,0.0,85,29
2026-05-21 08:25:32,2026-05-22,4,羽毛球馆-11号,07:00-08:00,0,1,可预约,￥0.0,多云,17,14,4,0.0,85,28
2026-05-21 08:30:42,2026-05-22,4,羽毛球馆-11号,07:00-08:00,0,1,可预约,￥0.0,多云,18,15,4,0.0,84,28
2026-05-21 08:35:31,2026-05-22,4,羽毛球馆-11号,07:00-08:00,0,1,可预约,￥0.0,多云,18,15,4,0.0,84,28
2026-05-21 08:40:38,2026-05-22,4,羽毛球馆-11号,07:00-08:00,0,1,可预约,￥0.0,多云,18,15,4,0.0,82,28
2026-05-21 08:45:33,2026-05-22,4,羽毛球馆-11号,07:00-08:00,0,1,可预约,￥0.0,多云,18,15,4,0.0,82,28
2026-05-21 08:50:36,2026-05-22,4,羽毛球馆-11号,07:00-08:00,0,1,可预约,￥0.0,多云,18,15,4,0.0,82,28
2026-05-21 08:55:34,2026-05-22,4,羽毛球馆-11号,07:00-08:00,0,1,可预约,￥0.0,多云,18,15,4,0.0,84,28
2026-05-21 09:00:51,2026-05-22,4,羽毛球馆-11号,07:00-08:00,0,1,可预约,￥0.0,多云,18,15,4,0.0,84,28
2026-05-21 09:01:59,2026-05-22,4,羽毛球馆-11号,07:00-08:00,0,1,可预约,￥0.0,多云,18,15,4,0.0,83,28
2026-05-21 09:05:33,2026-05-22,4,羽毛球馆-11号,07:00-08:00,0,1,可预约,￥0.0,多云,18,15,4,0.0,83,28
2026-05-21 09:20:38,2026-05-22,4,羽毛球馆-11号,07:00-08:00,0,1,可预约,￥0.0,多云,18,16,3,0.0,81,28
2026-05-21 09:30:46,2026-05-22,4,羽毛球馆-11号,07:00-08:00,0,1,可预约,￥0.0,多云,18,16,3,0.0,81,32
2026-05-21 09:40:36,2026-05-22,4,羽毛球馆-11号,07:00-08:00,0,1,可预约,￥0.0,多云,19,17,3,0.0,79,32
2026-05-21 09:50:42,2026-05-22,4,羽毛球馆-11号,07:00-08:00,0,1,可预约,￥0.0,多云,19,17,4,0.0,81,32
2026-05-21 10:00:46,2026-05-22,4,羽毛球馆-11号,07:00-08:00,0,1,可预约,￥0.0,多云,19,17,4,0.0,79,32
2026-05-21 10:10:40,2026-05-22,4,羽毛球馆-11号,07:00-08:00,0,1,可预约,￥0.0,多云,19,17,4,0.0,79,32
2026-05-21 10:20:38,2026-05-22,4,羽毛球馆-11号,07:00-08:00,0,1,可预约,￥0.0,多云,19,17,4,0.0,79,32
2026-05-21 10:30:41,2026-05-22,4,羽毛球馆-11号,07:00-08:00,0,1,可预约,￥0.0,多云,19,18,3,0.0,78,31
2026-05-21 11:00:44,2026-05-22,4,羽毛球馆-11号,07:00-08:00,0,1,可预约,￥0.0,多云,21,17,5,0.0,74,31
2026-05-21 11:30:38,2026-05-22,4,羽毛球馆-11号,07:00-08:00,0,1,可预约,￥0.0,多云,21,19,3,0.0,72,33
2026-05-21 12:00:46,2026-05-22,4,羽毛球馆-11号,07:00-08:00,0,1,可预约,￥0.0,多云,22,19,4,0.0,70,33
2026-05-21 12:30:42,2026-05-22,4,羽毛球馆-11号,07:00-08:00,0,1,可预约,￥0.0,多云,22,21,3,0.0,68,35
2026-05-21 13:00:43,2026-05-22,4,羽毛球馆-11号,07:00-08:00,0,1,可预约,￥0.0,多云,24,22,4,0.0,66,35
2026-05-21 13:30:43,2026-05-22,4,羽毛球馆-11号,07:00-08:00,0,1,可预约,￥0.0,多云,24,22,4,0.0,66,36
2026-05-21 14:00:48,2026-05-22,4,羽毛球馆-11号,07:00-08:00,0,1,可预约,￥0.0,多云,25,23,4,0.0,66,36
2026-05-21 14:30:45,2026-05-22,4,羽毛球馆-11号,07:00-08:00,0,1,可预约,￥0.0,晴,25,25,3,0.0,65,39
2026-05-21 15:00:45,2026-05-22,4,羽毛球馆-11号,07:00-08:00,0,1,可预约,￥0.0,晴,25,22,4,0.0,56,39
2026-05-21 15:30:43,2026-05-22,4,羽毛球馆-11号,07:00-08:00,0,1,可预约,￥0.0,晴,25,23,4,0.0,57,40
2026-05-21 16:00:51,2026-05-22,4,羽毛球馆-11号,07:00-08:00,0,1,可预约,￥0.0,晴,25,23,4,0.0,57,40
2026-05-21 16:30:48,2026-05-22,4,羽毛球馆-11号,07:00-08:00,0,1,可预约,￥0.0,晴,25,24,3,0.0,60,39
2026-05-21 17:00:49,2026-05-22,4,羽毛球馆-11号,07:00-08:00,0,1,可预约,￥0.0,晴,25,24,4,0.0,61,39
2026-05-21 17:30:47,2026-05-22,4,羽毛球馆-11号,07:00-08:00,0,1,可预约,￥0.0,多云,24,23,3,0.0,64,39
2026-05-21 18:00:50,2026-05-22,4,羽毛球馆-11号,07:00-08:00,0,1,可预约,￥0.0,多云,24,23,3,0.0,68,39
2026-05-21 18:30:50,2026-05-22,4,羽毛球馆-11号,07:00-08:00,0,1,可预约,￥0.0,阴,24,25,2,0.0,68,40
2026-05-21 19:00:50,2026-05-22,4,羽毛球馆-11号,07:00-08:00,0,1,可预约,￥0.0,阴,23,23,3,0.0,76,40
2026-05-21 19:30:46,2026-05-22,4,羽毛球馆-11号,07:00-08:00,0,1,可预约,￥0.0,阴,23,24,2,0.0,77,39
2026-05-21 20:00:49,2026-05-22,4,羽毛球馆-11号,07:00-08:00,0,1,可预约,￥0.0,雾,22,23,2,0.0,89,39
2026-05-21 20:30:44,2026-05-22,4,羽毛球馆-11号,07:00-08:00,0,1,可预约,￥0.0,雾,22,24,2,0.0,93,43
2026-05-21 21:00:56,2026-05-22,4,羽毛球馆-11号,07:00-08:00,0,1,可预约,￥0.0,雾,20,21,2,0.0,98,43
2026-05-21 21:30:46,2026-05-22,4,羽毛球馆-11号,07:00-08:00,0,1,可预约,￥0.0,雾,20,22,1,0.0,99,41
2026-05-21 22:01:02,2026-05-22,4,羽毛球馆-11号,07:00-08:00,0,1,可预约,￥0.0,雾,19,20,2,0.0,93,41
2026-05-21 22:30:47,2026-05-22,4,羽毛球馆-11号,07:00-08:00,0,1,可预约,￥0.0,雾,19,19,3,0.0,88,46
2026-05-21 23:00:56,2026-05-22,4,羽毛球馆-11号,07:00-08:00,0,1,可预约,￥0.0,多云,18,17,3,0.0,85,46
2026-05-21 23:30:55,2026-05-22,4,羽毛球馆-11号,07:00-08:00,0,1,可预约,￥0.0,多云,18,17,3,0.0,85,48
2026-05-21 08:00:45,2026-05-22,4,羽毛球馆-11号,08:00-09:00,0,1,可预约,￥0.0,晴,17,12,5,0.0,86,29
2026-05-21 08:02:30,2026-05-22,4,羽毛球馆-11号,08:00-09:00,0,1,可预约,￥0.0,多云,17,12,5,0.0,87,29
2026-05-21 08:05:36,2026-05-22,4,羽毛球馆-11号,08:00-09:00,0,1,可预约,￥0.0,多云,17,12,5,0.0,86,29
2026-05-21 08:08:31,2026-05-22,4,羽毛球馆-11号,08:00-09:00,0,1,可预约,￥0.0,多云,17,12,5,0.0,86,29
2026-05-21 08:11:30,2026-05-22,4,羽毛球馆-11号,08:00-09:00,0,1,可预约,￥0.0,多云,17,12,5,0.0,86,29
2026-05-21 08:14:31,2026-05-22,4,羽毛球馆-11号,08:00-09:00,0,1,可预约,￥0.0,多云,17,12,5,0.0,86,29
2026-05-21 08:17:30,2026-05-22,4,羽毛球馆-11号,08:00-09:00,0,1,可预约,￥0.0,多云,17,12,5,0.0,86,29
2026-05-21 08:20:35,2026-05-22,4,羽毛球馆-11号,08:00-09:00,0,1,可预约,￥0.0,多云,17,14,4,0.0,85,29
2026-05-21 08:25:32,2026-05-22,4,羽毛球馆-11号,08:00-09:00,0,1,可预约,￥0.0,多云,17,14,4,0.0,85,28
2026-05-21 08:30:42,2026-05-22,4,羽毛球馆-11号,08:00-09:00,0,1,可预约,￥0.0,多云,18,15,4,0.0,84,28
2026-05-21 08:35:31,2026-05-22,4,羽毛球馆-11号,08:00-09:00,0,1,可预约,￥0.0,多云,18,15,4,0.0,84,28
2026-05-21 08:40:38,2026-05-22,4,羽毛球馆-11号,08:00-09:00,0,1,可预约,￥0.0,多云,18,15,4,0.0,82,28
2026-05-21 08:45:33,2026-05-22,4,羽毛球馆-11号,08:00-09:00,0,1,可预约,￥0.0,多云,18,15,4,0.0,82,28
2026-05-21 08:50:36,2026-05-22,4,羽毛球馆-11号,08:00-09:00,0,1,可预约,￥0.0,多云,18,15,4,0.0,82,28
2026-05-21 08:55:34,2026-05-22,4,羽毛球馆-11号,08:00-09:00,0,1,可预约,￥0.0,多云,18,15,4,0.0,84,28
2026-05-21 09:00:51,2026-05-22,4,羽毛球馆-11号,08:00-09:00,0,1,可预约,￥0.0,多云,18,15,4,0.0,84,28
2026-05-21 09:01:59,2026-05-22,4,羽毛球馆-11号,08:00-09:00,0,1,可预约,￥0.0,多云,18,15,4,0.0,83,28
2026-05-21 09:05:33,2026-05-22,4,羽毛球馆-11号,08:00-09:00,0,1,可预约,￥0.0,多云,18,15,4,0.0,83,28
2026-05-21 09:20:38,2026-05-22,4,羽毛球馆-11号,08:00-09:00,0,1,可预约,￥0.0,多云,18,16,3,0.0,81,28
2026-05-21 09:30:46,2026-05-22,4,羽毛球馆-11号,08:00-09:00,0,1,可预约,￥0.0,多云,18,16,3,0.0,81,32
2026-05-21 09:40:36,2026-05-22,4,羽毛球馆-11号,08:00-09:00,0,1,可预约,￥0.0,多云,19,17,3,0.0,79,32
2026-05-21 09:50:42,2026-05-22,4,羽毛球馆-11号,08:00-09:00,0,1,可预约,￥0.0,多云,19,17,4,0.0,81,32
2026-05-21 10:00:46,2026-05-22,4,羽毛球馆-11号,08:00-09:00,0,1,可预约,￥0.0,多云,19,17,4,0.0,79,32
2026-05-21 10:10:40,2026-05-22,4,羽毛球馆-11号,08:00-09:00,0,1,可预约,￥0.0,多云,19,17,4,0.0,79,32
2026-05-21 10:20:38,2026-05-22,4,羽毛球馆-11号,08:00-09:00,0,1,可预约,￥0.0,多云,19,17,4,0.0,79,32
2026-05-21 10:30:41,2026-05-22,4,羽毛球馆-11号,08:00-09:00,0,1,可预约,￥0.0,多云,19,18,3,0.0,78,31
2026-05-21 11:00:44,2026-05-22,4,羽毛球馆-11号,08:00-09:00,0,1,可预约,￥0.0,多云,21,17,5,0.0,74,31
2026-05-21 11:30:38,2026-05-22,4,羽毛球馆-11号,08:00-09:00,0,1,可预约,￥0.0,多云,21,19,3,0.0,72,33
2026-05-21 12:00:46,2026-05-22,4,羽毛球馆-11号,08:00-09:00,0,1,可预约,￥0.0,多云,22,19,4,0.0,70,33
2026-05-21 12:30:42,2026-05-22,4,羽毛球馆-11号,08:00-09:00,0,1,可预约,￥0.0,多云,22,21,3,0.0,68,35
2026-05-21 13:00:43,2026-05-22,4,羽毛球馆-11号,08:00-09:00,0,1,可预约,￥0.0,多云,24,22,4,0.0,66,35
2026-05-21 13:30:43,2026-05-22,4,羽毛球馆-11号,08:00-09:00,0,1,可预约,￥0.0,多云,24,22,4,0.0,66,36
2026-05-21 14:00:48,2026-05-22,4,羽毛球馆-11号,08:00-09:00,0,1,可预约,￥0.0,多云,25,23,4,0.0,66,36
2026-05-21 14:30:45,2026-05-22,4,羽毛球馆-11号,08:00-09:00,0,1,可预约,￥0.0,晴,25,25,3,0.0,65,39
2026-05-21 15:00:45,2026-05-22,4,羽毛球馆-11号,08:00-09:00,0,1,可预约,￥0.0,晴,25,22,4,0.0,56,39
2026-05-21 15:30:43,2026-05-22,4,羽毛球馆-11号,08:00-09:00,0,1,可预约,￥0.0,晴,25,23,4,0.0,57,40
2026-05-21 16:00:51,2026-05-22,4,羽毛球馆-11号,08:00-09:00,0,1,可预约,￥0.0,晴,25,23,4,0.0,57,40
2026-05-21 16:30:48,2026-05-22,4,羽毛球馆-11号,08:00-09:00,0,1,可预约,￥0.0,晴,25,24,3,0.0,60,39
2026-05-21 17:00:49,2026-05-22,4,羽毛球馆-11号,08:00-09:00,0,1,可预约,￥0.0,晴,25,24,4,0.0,61,39
2026-05-21 17:30:47,2026-05-22,4,羽毛球馆-11号,08:00-09:00,0,1,可预约,￥0.0,多云,24,23,3,0.0,64,39
2026-05-21 18:00:50,2026-05-22,4,羽毛球馆-11号,08:00-09:00,0,1,可预约,￥0.0,多云,24,23,3,0.0,68,39
2026-05-21 18:30:50,2026-05-22,4,羽毛球馆-11号,08:00-09:00,0,1,可预约,￥0.0,阴,24,25,2,0.0,68,40
2026-05-21 19:00:50,2026-05-22,4,羽毛球馆-11号,08:00-09:00,0,1,可预约,￥0.0,阴,23,23,3,0.0,76,40
2026-05-21 19:30:46,2026-05-22,4,羽毛球馆-11号,08:00-09:00,0,1,可预约,￥0.0,阴,23,24,2,0.0,77,39
2026-05-21 20:00:49,2026-05-22,4,羽毛球馆-11号,08:00-09:00,0,1,可预约,￥0.0,雾,22,23,2,0.0,89,39
2026-05-21 20:30:44,2026-05-22,4,羽毛球馆-11号,08:00-09:00,0,1,可预约,￥0.0,雾,22,24,2,0.0,93,43
2026-05-21 21:00:56,2026-05-22,4,羽毛球馆-11号,08:00-09:00,0,1,可预约,￥0.0,雾,20,21,2,0.0,98,43
2026-05-21 21:30:46,2026-05-22,4,羽毛球馆-11号,08:00-09:00,0,1,可预约,￥0.0,雾,20,22,1,0.0,99,41
2026-05-21 22:01:02,2026-05-22,4,羽毛球馆-11号,08:00-09:00,0,1,可预约,￥0.0,雾,19,20,2,0.0,93,41
2026-05-21 22:30:47,2026-05-22,4,羽毛球馆-11号,08:00-09:00,0,1,可预约,￥0.0,雾,19,19,3,0.0,88,46
2026-05-21 23:00:56,2026-05-22,4,羽毛球馆-11号,08:00-09:00,0,1,可预约,￥0.0,多云,18,17,3,0.0,85,46
2026-05-21 23:30:55,2026-05-22,4,羽毛球馆-11号,08:00-09:00,0,1,可预约,￥0.0,多云,18,17,3,0.0,85,48
2026-05-21 08:00:45,2026-05-22,4,羽毛球馆-11号,09:00-10:00,0,1,可预约,￥12.0,晴,17,12,5,0.0,86,29
2026-05-21 08:02:30,2026-05-22,4,羽毛球馆-11号,09:00-10:00,0,1,可预约,￥12.0,多云,17,12,5,0.0,87,29
2026-05-21 08:05:36,2026-05-22,4,羽毛球馆-11号,09:00-10:00,0,1,可预约,￥12.0,多云,17,12,5,0.0,86,29
2026-05-21 08:08:31,2026-05-22,4,羽毛球馆-11号,09:00-10:00,0,1,可预约,￥12.0,多云,17,12,5,0.0,86,29
2026-05-21 08:11:30,2026-05-22,4,羽毛球馆-11号,09:00-10:00,0,1,可预约,￥12.0,多云,17,12,5,0.0,86,29
2026-05-21 08:14:31,2026-05-22,4,羽毛球馆-11号,09:00-10:00,0,1,可预约,￥12.0,多云,17,12,5,0.0,86,29
2026-05-21 08:17:30,2026-05-22,4,羽毛球馆-11号,09:00-10:00,0,1,可预约,￥12.0,多云,17,12,5,0.0,86,29
2026-05-21 08:20:35,2026-05-22,4,羽毛球馆-11号,09:00-10:00,0,1,可预约,￥12.0,多云,17,14,4,0.0,85,29
2026-05-21 08:25:32,2026-05-22,4,羽毛球馆-11号,09:00-10:00,0,1,可预约,￥12.0,多云,17,14,4,0.0,85,28
2026-05-21 08:30:42,2026-05-22,4,羽毛球馆-11号,09:00-10:00,0,1,可预约,￥12.0,多云,18,15,4,0.0,84,28
2026-05-21 08:35:31,2026-05-22,4,羽毛球馆-11号,09:00-10:00,0,1,可预约,￥12.0,多云,18,15,4,0.0,84,28
2026-05-21 08:40:38,2026-05-22,4,羽毛球馆-11号,09:00-10:00,0,1,可预约,￥12.0,多云,18,15,4,0.0,82,28
2026-05-21 08:45:33,2026-05-22,4,羽毛球馆-11号,09:00-10:00,0,1,可预约,￥12.0,多云,18,15,4,0.0,82,28
2026-05-21 08:50:36,2026-05-22,4,羽毛球馆-11号,09:00-10:00,0,1,可预约,￥12.0,多云,18,15,4,0.0,82,28
2026-05-21 08:55:34,2026-05-22,4,羽毛球馆-11号,09:00-10:00,0,1,可预约,￥12.0,多云,18,15,4,0.0,84,28
2026-05-21 09:00:51,2026-05-22,4,羽毛球馆-11号,09:00-10:00,0,1,可预约,￥12.0,多云,18,15,4,0.0,84,28
2026-05-21 09:01:59,2026-05-22,4,羽毛球馆-11号,09:00-10:00,0,1,可预约,￥12.0,多云,18,15,4,0.0,83,28
2026-05-21 09:05:33,2026-05-22,4,羽毛球馆-11号,09:00-10:00,0,1,可预约,￥12.0,多云,18,15,4,0.0,83,28
2026-05-21 09:20:38,2026-05-22,4,羽毛球馆-11号,09:00-10:00,0,1,可预约,￥12.0,多云,18,16,3,0.0,81,28
2026-05-21 09:30:46,2026-05-22,4,羽毛球馆-11号,09:00-10:00,0,1,可预约,￥12.0,多云,18,16,3,0.0,81,32
2026-05-21 09:40:36,2026-05-22,4,羽毛球馆-11号,09:00-10:00,0,1,可预约,￥12.0,多云,19,17,3,0.0,79,32
2026-05-21 09:50:42,2026-05-22,4,羽毛球馆-11号,09:00-10:00,0,1,可预约,￥12.0,多云,19,17,4,0.0,81,32
2026-05-21 10:00:46,2026-05-22,4,羽毛球馆-11号,09:00-10:00,0,1,可预约,￥12.0,多云,19,17,4,0.0,79,32
2026-05-21 10:10:40,2026-05-22,4,羽毛球馆-11号,09:00-10:00,0,1,可预约,￥12.0,多云,19,17,4,0.0,79,32
2026-05-21 10:20:38,2026-05-22,4,羽毛球馆-11号,09:00-10:00,0,1,可预约,￥12.0,多云,19,17,4,0.0,79,32
2026-05-21 10:30:41,2026-05-22,4,羽毛球馆-11号,09:00-10:00,0,1,可预约,￥12.0,多云,19,18,3,0.0,78,31
2026-05-21 11:00:44,2026-05-22,4,羽毛球馆-11号,09:00-10:00,0,1,可预约,￥12.0,多云,21,17,5,0.0,74,31
2026-05-21 11:30:38,2026-05-22,4,羽毛球馆-11号,09:00-10:00,0,1,可预约,￥12.0,多云,21,19,3,0.0,72,33
2026-05-21 12:00:46,2026-05-22,4,羽毛球馆-11号,09:00-10:00,0,1,可预约,￥12.0,多云,22,19,4,0.0,70,33
2026-05-21 12:30:42,2026-05-22,4,羽毛球馆-11号,09:00-10:00,0,1,可预约,￥12.0,多云,22,21,3,0.0,68,35
2026-05-21 13:00:43,2026-05-22,4,羽毛球馆-11号,09:00-10:00,0,1,可预约,￥12.0,多云,24,22,4,0.0,66,35
2026-05-21 13:30:43,2026-05-22,4,羽毛球馆-11号,09:00-10:00,0,1,可预约,￥12.0,多云,24,22,4,0.0,66,36
2026-05-21 14:00:48,2026-05-22,4,羽毛球馆-11号,09:00-10:00,0,1,可预约,￥12.0,多云,25,23,4,0.0,66,36
2026-05-21 14:30:45,2026-05-22,4,羽毛球馆-11号,09:00-10:00,0,1,可预约,￥12.0,晴,25,25,3,0.0,65,39
2026-05-21 15:00:45,2026-05-22,4,羽毛球馆-11号,09:00-10:00,0,1,可预约,￥12.0,晴,25,22,4,0.0,56,39
2026-05-21 15:30:43,2026-05-22,4,羽毛球馆-11号,09:00-10:00,0,1,可预约,￥12.0,晴,25,23,4,0.0,57,40
2026-05-21 16:00:51,2026-05-22,4,羽毛球馆-11号,09:00-10:00,0,1,可预约,￥12.0,晴,25,23,4,0.0,57,40
2026-05-21 16:30:48,2026-05-22,4,羽毛球馆-11号,09:00-10:00,0,1,可预约,￥12.0,晴,25,24,3,0.0,60,39
2026-05-21 17:00:49,2026-05-22,4,羽毛球馆-11号,09:00-10:00,0,1,可预约,￥12.0,晴,25,24,4,0.0,61,39
2026-05-21 17:30:47,2026-05-22,4,羽毛球馆-11号,09:00-10:00,0,1,可预约,￥12.0,多云,24,23,3,0.0,64,39
2026-05-21 18:00:50,2026-05-22,4,羽毛球馆-11号,09:00-10:00,0,1,可预约,￥12.0,多云,24,23,3,0.0,68,39
2026-05-21 18:30:50,2026-05-22,4,羽毛球馆-11号,09:00-10:00,0,1,可预约,￥12.0,阴,24,25,2,0.0,68,40
2026-05-21 19:00:50,2026-05-22,4,羽毛球馆-11号,09:00-10:00,0,1,可预约,￥12.0,阴,23,23,3,0.0,76,40
2026-05-21 19:30:46,2026-05-22,4,羽毛球馆-11号,09:00-10:00,0,1,可预约,￥12.0,阴,23,24,2,0.0,77,39
2026-05-21 20:00:49,2026-05-22,4,羽毛球馆-11号,09:00-10:00,0,1,可预约,￥12.0,雾,22,23,2,0.0,89,39
2026-05-21 20:30:44,2026-05-22,4,羽毛球馆-11号,09:00-10:00,0,1,可预约,￥12.0,雾,22,24,2,0.0,93,43
2026-05-21 21:00:56,2026-05-22,4,羽毛球馆-11号,09:00-10:00,0,1,可预约,￥12.0,雾,20,21,2,0.0,98,43
2026-05-21 21:30:46,2026-05-22,4,羽毛球馆-11号,09:00-10:00,0,1,可预约,￥12.0,雾,20,22,1,0.0,99,41
2026-05-21 22:01:02,2026-05-22,4,羽毛球馆-11号,09:00-10:00,0,1,可预约,￥12.0,雾,19,20,2,0.0,93,41
2026-05-21 22:30:47,2026-05-22,4,羽毛球馆-11号,09:00-10:00,0,1,可预约,￥12.0,雾,19,19,3,0.0,88,46
2026-05-21 23:00:56,2026-05-22,4,羽毛球馆-11号,09:00-10:00,0,1,可预约,￥12.0,多云,18,17,3,0.0,85,46
2026-05-21 23:30:55,2026-05-22,4,羽毛球馆-11号,09:00-10:00,0,1,可预约,￥12.0,多云,18,17,3,0.0,85,48
2026-05-21 08:00:45,2026-05-22,4,羽毛球馆-11号,10:00-11:00,1,1,已售/已满,教学时间,晴,17,12,5,0.0,86,29
2026-05-21 08:02:30,2026-05-22,4,羽毛球馆-11号,10:00-11:00,1,1,已售/已满,教学时间,多云,17,12,5,0.0,87,29
2026-05-21 08:05:36,2026-05-22,4,羽毛球馆-11号,10:00-11:00,1,1,已售/已满,教学时间,多云,17,12,5,0.0,86,29
2026-05-21 08:08:31,2026-05-22,4,羽毛球馆-11号,10:00-11:00,1,1,已售/已满,教学时间,多云,17,12,5,0.0,86,29
2026-05-21 08:11:30,2026-05-22,4,羽毛球馆-11号,10:00-11:00,1,1,已售/已满,教学时间,多云,17,12,5,0.0,86,29
2026-05-21 08:14:31,2026-05-22,4,羽毛球馆-11号,10:00-11:00,1,1,已售/已满,教学时间,多云,17,12,5,0.0,86,29
2026-05-21 08:17:30,2026-05-22,4,羽毛球馆-11号,10:00-11:00,1,1,已售/已满,教学时间,多云,17,12,5,0.0,86,29
2026-05-21 08:20:35,2026-05-22,4,羽毛球馆-11号,10:00-11:00,1,1,已售/已满,教学时间,多云,17,14,4,0.0,85,29
2026-05-21 08:25:32,2026-05-22,4,羽毛球馆-11号,10:00-11:00,1,1,已售/已满,教学时间,多云,17,14,4,0.0,85,28
2026-05-21 08:30:42,2026-05-22,4,羽毛球馆-11号,10:00-11:00,1,1,已售/已满,教学时间,多云,18,15,4,0.0,84,28
2026-05-21 08:35:31,2026-05-22,4,羽毛球馆-11号,10:00-11:00,1,1,已售/已满,教学时间,多云,18,15,4,0.0,84,28
2026-05-21 08:40:38,2026-05-22,4,羽毛球馆-11号,10:00-11:00,1,1,已售/已满,教学时间,多云,18,15,4,0.0,82,28
2026-05-21 08:45:33,2026-05-22,4,羽毛球馆-11号,10:00-11:00,1,1,已售/已满,教学时间,多云,18,15,4,0.0,82,28
2026-05-21 08:50:36,2026-05-22,4,羽毛球馆-11号,10:00-11:00,1,1,已售/已满,教学时间,多云,18,15,4,0.0,82,28
2026-05-21 08:55:34,2026-05-22,4,羽毛球馆-11号,10:00-11:00,1,1,已售/已满,教学时间,多云,18,15,4,0.0,84,28
2026-05-21 09:00:51,2026-05-22,4,羽毛球馆-11号,10:00-11:00,1,1,已售/已满,教学时间,多云,18,15,4,0.0,84,28
2026-05-21 09:01:59,2026-05-22,4,羽毛球馆-11号,10:00-11:00,1,1,已售/已满,教学时间,多云,18,15,4,0.0,83,28
2026-05-21 09:05:33,2026-05-22,4,羽毛球馆-11号,10:00-11:00,1,1,已售/已满,教学时间,多云,18,15,4,0.0,83,28
2026-05-21 09:20:38,2026-05-22,4,羽毛球馆-11号,10:00-11:00,1,1,已售/已满,教学时间,多云,18,16,3,0.0,81,28
2026-05-21 09:30:46,2026-05-22,4,羽毛球馆-11号,10:00-11:00,1,1,已售/已满,教学时间,多云,18,16,3,0.0,81,32
2026-05-21 09:40:36,2026-05-22,4,羽毛球馆-11号,10:00-11:00,1,1,已售/已满,教学时间,多云,19,17,3,0.0,79,32
2026-05-21 09:50:42,2026-05-22,4,羽毛球馆-11号,10:00-11:00,1,1,已售/已满,教学时间,多云,19,17,4,0.0,81,32
2026-05-21 10:00:46,2026-05-22,4,羽毛球馆-11号,10:00-11:00,1,1,已售/已满,教学时间,多云,19,17,4,0.0,79,32
2026-05-21 10:10:40,2026-05-22,4,羽毛球馆-11号,10:00-11:00,1,1,已售/已满,教学时间,多云,19,17,4,0.0,79,32
2026-05-21 10:20:38,2026-05-22,4,羽毛球馆-11号,10:00-11:00,1,1,已售/已满,教学时间,多云,19,17,4,0.0,79,32
2026-05-21 10:30:41,2026-05-22,4,羽毛球馆-11号,10:00-11:00,1,1,已售/已满,教学时间,多云,19,18,3,0.0,78,31
2026-05-21 11:00:44,2026-05-22,4,羽毛球馆-11号,10:00-11:00,1,1,已售/已满,教学时间,多云,21,17,5,0.0,74,31
2026-05-21 11:30:38,2026-05-22,4,羽毛球馆-11号,10:00-11:00,1,1,已售/已满,教学时间,多云,21,19,3,0.0,72,33
2026-05-21 12:00:46,2026-05-22,4,羽毛球馆-11号,10:00-11:00,1,1,已售/已满,教学时间,多云,22,19,4,0.0,70,33
2026-05-21 12:30:42,2026-05-22,4,羽毛球馆-11号,10:00-11:00,1,1,已售/已满,教学时间,多云,22,21,3,0.0,68,35
2026-05-21 13:00:43,2026-05-22,4,羽毛球馆-11号,10:00-11:00,1,1,已售/已满,教学时间,多云,24,22,4,0.0,66,35
2026-05-21 13:30:43,2026-05-22,4,羽毛球馆-11号,10:00-11:00,1,1,已售/已满,教学时间,多云,24,22,4,0.0,66,36
2026-05-21 14:00:48,2026-05-22,4,羽毛球馆-11号,10:00-11:00,1,1,已售/已满,教学时间,多云,25,23,4,0.0,66,36
2026-05-21 14:30:45,2026-05-22,4,羽毛球馆-11号,10:00-11:00,1,1,已售/已满,教学时间,晴,25,25,3,0.0,65,39
2026-05-21 15:00:45,2026-05-22,4,羽毛球馆-11号,10:00-11:00,1,1,已售/已满,教学时间,晴,25,22,4,0.0,56,39
2026-05-21 15:30:43,2026-05-22,4,羽毛球馆-11号,10:00-11:00,1,1,已售/已满,教学时间,晴,25,23,4,0.0,57,40
2026-05-21 16:00:51,2026-05-22,4,羽毛球馆-11号,10:00-11:00,1,1,已售/已满,教学时间,晴,25,23,4,0.0,57,40
2026-05-21 16:30:48,2026-05-22,4,羽毛球馆-11号,10:00-11:00,1,1,已售/已满,教学时间,晴,25,24,3,0.0,60,39
2026-05-21 17:00:49,2026-05-22,4,羽毛球馆-11号,10:00-11:00,1,1,已售/已满,教学时间,晴,25,24,4,0.0,61,39
2026-05-21 17:30:47,2026-05-22,4,羽毛球馆-11号,10:00-11:00,1,1,已售/已满,教学时间,多云,24,23,3,0.0,64,39
2026-05-21 18:00:50,2026-05-22,4,羽毛球馆-11号,10:00-11:00,1,1,已售/已满,教学时间,多云,24,23,3,0.0,68,39
2026-05-21 18:30:50,2026-05-22,4,羽毛球馆-11号,10:00-11:00,1,1,已售/已满,教学时间,阴,24,25,2,0.0,68,40
2026-05-21 19:00:50,2026-05-22,4,羽毛球馆-11号,10:00-11:00,1,1,已售/已满,教学时间,阴,23,23,3,0.0,76,40
2026-05-21 19:30:46,2026-05-22,4,羽毛球馆-11号,10:00-11:00,1,1,已售/已满,教学时间,阴,23,24,2,0.0,77,39
2026-05-21 20:00:49,2026-05-22,4,羽毛球馆-11号,10:00-11:00,1,1,已售/已满,教学时间,雾,22,23,2,0.0,89,39
2026-05-21 20:30:44,2026-05-22,4,羽毛球馆-11号,10:00-11:00,1,1,已售/已满,教学时间,雾,22,24,2,0.0,93,43
2026-05-21 21:00:56,2026-05-22,4,羽毛球馆-11号,10:00-11:00,1,1,已售/已满,教学时间,雾,20,21,2,0.0,98,43
2026-05-21 21:30:46,2026-05-22,4,羽毛球馆-11号,10:00-11:00,1,1,已售/已满,教学时间,雾,20,22,1,0.0,99,41
2026-05-21 22:01:02,2026-05-22,4,羽毛球馆-11号,10:00-11:00,1,1,已售/已满,教学时间,雾,19,20,2,0.0,93,41
2026-05-21 22:30:47,2026-05-22,4,羽毛球馆-11号,10:00-11:00,1,1,已售/已满,教学时间,雾,19,19,3,0.0,88,46
2026-05-21 23:00:56,2026-05-22,4,羽毛球馆-11号,10:00-11:00,1,1,已售/已满,教学时间,多云,18,17,3,0.0,85,46
2026-05-21 23:30:55,2026-05-22,4,羽毛球馆-11号,10:00-11:00,1,1,已售/已满,教学时间,多云,18,17,3,0.0,85,48
2026-05-21 08:00:45,2026-05-22,4,羽毛球馆-11号,11:00-12:00,1,1,已售/已满,教学时间,晴,17,12,5,0.0,86,29
2026-05-21 08:02:30,2026-05-22,4,羽毛球馆-11号,11:00-12:00,1,1,已售/已满,教学时间,多云,17,12,5,0.0,87,29
2026-05-21 08:05:36,2026-05-22,4,羽毛球馆-11号,11:00-12:00,1,1,已售/已满,教学时间,多云,17,12,5,0.0,86,29
2026-05-21 08:08:31,2026-05-22,4,羽毛球馆-11号,11:00-12:00,1,1,已售/已满,教学时间,多云,17,12,5,0.0,86,29
2026-05-21 08:11:30,2026-05-22,4,羽毛球馆-11号,11:00-12:00,1,1,已售/已满,教学时间,多云,17,12,5,0.0,86,29
2026-05-21 08:14:31,2026-05-22,4,羽毛球馆-11号,11:00-12:00,1,1,已售/已满,教学时间,多云,17,12,5,0.0,86,29
2026-05-21 08:17:30,2026-05-22,4,羽毛球馆-11号,11:00-12:00,1,1,已售/已满,教学时间,多云,17,12,5,0.0,86,29
2026-05-21 08:20:35,2026-05-22,4,羽毛球馆-11号,11:00-12:00,1,1,已售/已满,教学时间,多云,17,14,4,0.0,85,29
2026-05-21 08:25:32,2026-05-22,4,羽毛球馆-11号,11:00-12:00,1,1,已售/已满,教学时间,多云,17,14,4,0.0,85,28
2026-05-21 08:30:42,2026-05-22,4,羽毛球馆-11号,11:00-12:00,1,1,已售/已满,教学时间,多云,18,15,4,0.0,84,28
2026-05-21 08:35:31,2026-05-22,4,羽毛球馆-11号,11:00-12:00,1,1,已售/已满,教学时间,多云,18,15,4,0.0,84,28
2026-05-21 08:40:38,2026-05-22,4,羽毛球馆-11号,11:00-12:00,1,1,已售/已满,教学时间,多云,18,15,4,0.0,82,28
2026-05-21 08:45:33,2026-05-22,4,羽毛球馆-11号,11:00-12:00,1,1,已售/已满,教学时间,多云,18,15,4,0.0,82,28
2026-05-21 08:50:36,2026-05-22,4,羽毛球馆-11号,11:00-12:00,1,1,已售/已满,教学时间,多云,18,15,4,0.0,82,28
2026-05-21 08:55:34,2026-05-22,4,羽毛球馆-11号,11:00-12:00,1,1,已售/已满,教学时间,多云,18,15,4,0.0,84,28
2026-05-21 09:00:51,2026-05-22,4,羽毛球馆-11号,11:00-12:00,1,1,已售/已满,教学时间,多云,18,15,4,0.0,84,28
2026-05-21 09:01:59,2026-05-22,4,羽毛球馆-11号,11:00-12:00,1,1,已售/已满,教学时间,多云,18,15,4,0.0,83,28
2026-05-21 09:05:33,2026-05-22,4,羽毛球馆-11号,11:00-12:00,1,1,已售/已满,教学时间,多云,18,15,4,0.0,83,28
2026-05-21 09:20:38,2026-05-22,4,羽毛球馆-11号,11:00-12:00,1,1,已售/已满,教学时间,多云,18,16,3,0.0,81,28
2026-05-21 09:30:46,2026-05-22,4,羽毛球馆-11号,11:00-12:00,1,1,已售/已满,教学时间,多云,18,16,3,0.0,81,32
2026-05-21 09:40:36,2026-05-22,4,羽毛球馆-11号,11:00-12:00,1,1,已售/已满,教学时间,多云,19,17,3,0.0,79,32
2026-05-21 09:50:42,2026-05-22,4,羽毛球馆-11号,11:00-12:00,1,1,已售/已满,教学时间,多云,19,17,4,0.0,81,32
2026-05-21 10:00:46,2026-05-22,4,羽毛球馆-11号,11:00-12:00,1,1,已售/已满,教学时间,多云,19,17,4,0.0,79,32
2026-05-21 10:10:40,2026-05-22,4,羽毛球馆-11号,11:00-12:00,1,1,已售/已满,教学时间,多云,19,17,4,0.0,79,32
2026-05-21 10:20:38,2026-05-22,4,羽毛球馆-11号,11:00-12:00,1,1,已售/已满,教学时间,多云,19,17,4,0.0,79,32
2026-05-21 10:30:41,2026-05-22,4,羽毛球馆-11号,11:00-12:00,1,1,已售/已满,教学时间,多云,19,18,3,0.0,78,31
2026-05-21 11:00:44,2026-05-22,4,羽毛球馆-11号,11:00-12:00,1,1,已售/已满,教学时间,多云,21,17,5,0.0,74,31
2026-05-21 11:30:38,2026-05-22,4,羽毛球馆-11号,11:00-12:00,1,1,已售/已满,教学时间,多云,21,19,3,0.0,72,33
2026-05-21 12:00:46,2026-05-22,4,羽毛球馆-11号,11:00-12:00,1,1,已售/已满,教学时间,多云,22,19,4,0.0,70,33
2026-05-21 12:30:42,2026-05-22,4,羽毛球馆-11号,11:00-12:00,1,1,已售/已满,教学时间,多云,22,21,3,0.0,68,35
2026-05-21 13:00:43,2026-05-22,4,羽毛球馆-11号,11:00-12:00,1,1,已售/已满,教学时间,多云,24,22,4,0.0,66,35
2026-05-21 13:30:43,2026-05-22,4,羽毛球馆-11号,11:00-12:00,1,1,已售/已满,教学时间,多云,24,22,4,0.0,66,36
2026-05-21 14:00:48,2026-05-22,4,羽毛球馆-11号,11:00-12:00,1,1,已售/已满,教学时间,多云,25,23,4,0.0,66,36
2026-05-21 14:30:45,2026-05-22,4,羽毛球馆-11号,11:00-12:00,1,1,已售/已满,教学时间,晴,25,25,3,0.0,65,39
2026-05-21 15:00:45,2026-05-22,4,羽毛球馆-11号,11:00-12:00,1,1,已售/已满,教学时间,晴,25,22,4,0.0,56,39
2026-05-21 15:30:43,2026-05-22,4,羽毛球馆-11号,11:00-12:00,1,1,已售/已满,教学时间,晴,25,23,4,0.0,57,40
2026-05-21 16:00:51,2026-05-22,4,羽毛球馆-11号,11:00-12:00,1,1,已售/已满,教学时间,晴,25,23,4,0.0,57,40
2026-05-21 16:30:48,2026-05-22,4,羽毛球馆-11号,11:00-12:00,1,1,已售/已满,教学时间,晴,25,24,3,0.0,60,39
2026-05-21 17:00:49,2026-05-22,4,羽毛球馆-11号,11:00-12:00,1,1,已售/已满,教学时间,晴,25,24,4,0.0,61,39
2026-05-21 17:30:47,2026-05-22,4,羽毛球馆-11号,11:00-12:00,1,1,已售/已满,教学时间,多云,24,23,3,0.0,64,39
2026-05-21 18:00:50,2026-05-22,4,羽毛球馆-11号,11:00-12:00,1,1,已售/已满,教学时间,多云,24,23,3,0.0,68,39
2026-05-21 18:30:50,2026-05-22,4,羽毛球馆-11号,11:00-12:00,1,1,已售/已满,教学时间,阴,24,25,2,0.0,68,40
2026-05-21 19:00:50,2026-05-22,4,羽毛球馆-11号,11:00-12:00,1,1,已售/已满,教学时间,阴,23,23,3,0.0,76,40
2026-05-21 19:30:46,2026-05-22,4,羽毛球馆-11号,11:00-12:00,1,1,已售/已满,教学时间,阴,23,24,2,0.0,77,39
2026-05-21 20:00:49,2026-05-22,4,羽毛球馆-11号,11:00-12:00,1,1,已售/已满,教学时间,雾,22,23,2,0.0,89,39
2026-05-21 20:30:44,2026-05-22,4,羽毛球馆-11号,11:00-12:00,1,1,已售/已满,教学时间,雾,22,24,2,0.0,93,43
2026-05-21 21:00:56,2026-05-22,4,羽毛球馆-11号,11:00-12:00,1,1,已售/已满,教学时间,雾,20,21,2,0.0,98,43
2026-05-21 21:30:46,2026-05-22,4,羽毛球馆-11号,11:00-12:00,1,1,已售/已满,教学时间,雾,20,22,1,0.0,99,41
2026-05-21 22:01:02,2026-05-22,4,羽毛球馆-11号,11:00-12:00,1,1,已售/已满,教学时间,雾,19,20,2,0.0,93,41
2026-05-21 22:30:47,2026-05-22,4,羽毛球馆-11号,11:00-12:00,1,1,已售/已满,教学时间,雾,19,19,3,0.0,88,46
2026-05-21 23:00:56,2026-05-22,4,羽毛球馆-11号,11:00-12:00,1,1,已售/已满,教学时间,多云,18,17,3,0.0,85,46
2026-05-21 23:30:55,2026-05-22,4,羽毛球馆-11号,11:00-12:00,1,1,已售/已满,教学时间,多云,18,17,3,0.0,85,48
2026-05-21 08:00:45,2026-05-22,4,羽毛球馆-11号,12:00-12:55,1,1,已售/已满,已售,晴,17,12,5,0.0,86,29
2026-05-21 08:02:30,2026-05-22,4,羽毛球馆-11号,12:00-12:55,1,1,已售/已满,已售,多云,17,12,5,0.0,87,29
2026-05-21 08:05:36,2026-05-22,4,羽毛球馆-11号,12:00-12:55,1,1,已售/已满,已售,多云,17,12,5,0.0,86,29
2026-05-21 08:08:31,2026-05-22,4,羽毛球馆-11号,12:00-12:55,1,1,已售/已满,已售,多云,17,12,5,0.0,86,29
2026-05-21 08:11:30,2026-05-22,4,羽毛球馆-11号,12:00-12:55,1,1,已售/已满,已售,多云,17,12,5,0.0,86,29
2026-05-21 08:14:31,2026-05-22,4,羽毛球馆-11号,12:00-12:55,1,1,已售/已满,已售,多云,17,12,5,0.0,86,29
2026-05-21 08:17:30,2026-05-22,4,羽毛球馆-11号,12:00-12:55,1,1,已售/已满,已售,多云,17,12,5,0.0,86,29
2026-05-21 08:20:35,2026-05-22,4,羽毛球馆-11号,12:00-12:55,1,1,已售/已满,已售,多云,17,14,4,0.0,85,29
2026-05-21 08:25:32,2026-05-22,4,羽毛球馆-11号,12:00-12:55,1,1,已售/已满,已售,多云,17,14,4,0.0,85,28
2026-05-21 08:30:42,2026-05-22,4,羽毛球馆-11号,12:00-12:55,1,1,已售/已满,已售,多云,18,15,4,0.0,84,28
2026-05-21 08:35:31,2026-05-22,4,羽毛球馆-11号,12:00-12:55,1,1,已售/已满,已售,多云,18,15,4,0.0,84,28
2026-05-21 08:40:38,2026-05-22,4,羽毛球馆-11号,12:00-12:55,1,1,已售/已满,已售,多云,18,15,4,0.0,82,28
2026-05-21 08:45:33,2026-05-22,4,羽毛球馆-11号,12:00-12:55,1,1,已售/已满,已售,多云,18,15,4,0.0,82,28
2026-05-21 08:50:36,2026-05-22,4,羽毛球馆-11号,12:00-12:55,1,1,已售/已满,已售,多云,18,15,4,0.0,82,28
2026-05-21 08:55:34,2026-05-22,4,羽毛球馆-11号,12:00-12:55,1,1,已售/已满,已售,多云,18,15,4,0.0,84,28
2026-05-21 09:00:51,2026-05-22,4,羽毛球馆-11号,12:00-12:55,1,1,已售/已满,已售,多云,18,15,4,0.0,84,28
2026-05-21 09:01:59,2026-05-22,4,羽毛球馆-11号,12:00-12:55,1,1,已售/已满,已售,多云,18,15,4,0.0,83,28
2026-05-21 09:05:33,2026-05-22,4,羽毛球馆-11号,12:00-12:55,1,1,已售/已满,已售,多云,18,15,4,0.0,83,28
2026-05-21 09:20:38,2026-05-22,4,羽毛球馆-11号,12:00-12:55,1,1,已售/已满,已售,多云,18,16,3,0.0,81,28
2026-05-21 09:30:46,2026-05-22,4,羽毛球馆-11号,12:00-12:55,1,1,已售/已满,已售,多云,18,16,3,0.0,81,32
2026-05-21 09:40:36,2026-05-22,4,羽毛球馆-11号,12:00-12:55,1,1,已售/已满,已售,多云,19,17,3,0.0,79,32
2026-05-21 09:50:42,2026-05-22,4,羽毛球馆-11号,12:00-12:55,1,1,已售/已满,已售,多云,19,17,4,0.0,81,32
2026-05-21 10:00:46,2026-05-22,4,羽毛球馆-11号,12:00-12:55,1,1,已售/已满,已售,多云,19,17,4,0.0,79,32
2026-05-21 10:10:40,2026-05-22,4,羽毛球馆-11号,12:00-12:55,1,1,已售/已满,已售,多云,19,17,4,0.0,79,32
2026-05-21 10:20:38,2026-05-22,4,羽毛球馆-11号,12:00-12:55,1,1,已售/已满,已售,多云,19,17,4,0.0,79,32
2026-05-21 10:30:41,2026-05-22,4,羽毛球馆-11号,12:00-12:55,1,1,已售/已满,已售,多云,19,18,3,0.0,78,31
2026-05-21 11:00:44,2026-05-22,4,羽毛球馆-11号,12:00-12:55,1,1,已售/已满,已售,多云,21,17,5,0.0,74,31
2026-05-21 11:30:38,2026-05-22,4,羽毛球馆-11号,12:00-12:55,1,1,已售/已满,已售,多云,21,19,3,0.0,72,33
2026-05-21 12:00:46,2026-05-22,4,羽毛球馆-11号,12:00-12:55,1,1,已售/已满,已售,多云,22,19,4,0.0,70,33
2026-05-21 12:30:42,2026-05-22,4,羽毛球馆-11号,12:00-12:55,1,1,已售/已满,已售,多云,22,21,3,0.0,68,35
2026-05-21 13:00:43,2026-05-22,4,羽毛球馆-11号,12:00-12:55,1,1,已售/已满,已售,多云,24,22,4,0.0,66,35
2026-05-21 13:30:43,2026-05-22,4,羽毛球馆-11号,12:00-12:55,1,1,已售/已满,已售,多云,24,22,4,0.0,66,36
2026-05-21 14:00:48,2026-05-22,4,羽毛球馆-11号,12:00-12:55,1,1,已售/已满,已售,多云,25,23,4,0.0,66,36
2026-05-21 14:30:45,2026-05-22,4,羽毛球馆-11号,12:00-12:55,1,1,已售/已满,已售,晴,25,25,3,0.0,65,39
2026-05-21 15:00:45,2026-05-22,4,羽毛球馆-11号,12:00-12:55,1,1,已售/已满,已售,晴,25,22,4,0.0,56,39
2026-05-21 15:30:43,2026-05-22,4,羽毛球馆-11号,12:00-12:55,1,1,已售/已满,已售,晴,25,23,4,0.0,57,40
2026-05-21 16:00:51,2026-05-22,4,羽毛球馆-11号,12:00-12:55,1,1,已售/已满,已售,晴,25,23,4,0.0,57,40
2026-05-21 16:30:48,2026-05-22,4,羽毛球馆-11号,12:00-12:55,1,1,已售/已满,已售,晴,25,24,3,0.0,60,39
2026-05-21 17:00:49,2026-05-22,4,羽毛球馆-11号,12:00-12:55,1,1,已售/已满,已售,晴,25,24,4,0.0,61,39
2026-05-21 17:30:47,2026-05-22,4,羽毛球馆-11号,12:00-12:55,1,1,已售/已满,已售,多云,24,23,3,0.0,64,39
2026-05-21 18:00:50,2026-05-22,4,羽毛球馆-11号,12:00-12:55,1,1,已售/已满,已售,多云,24,23,3,0.0,68,39
2026-05-21 18:30:50,2026-05-22,4,羽毛球馆-11号,12:00-12:55,1,1,已售/已满,已售,阴,24,25,2,0.0,68,40
2026-05-21 19:00:50,2026-05-22,4,羽毛球馆-11号,12:00-12:55,1,1,已售/已满,已售,阴,23,23,3,0.0,76,40
2026-05-21 19:30:46,2026-05-22,4,羽毛球馆-11号,12:00-12:55,1,1,已售/已满,已售,阴,23,24,2,0.0,77,39
2026-05-21 20:00:49,2026-05-22,4,羽毛球馆-11号,12:00-12:55,1,1,已售/已满,已售,雾,22,23,2,0.0,89,39
2026-05-21 20:30:44,2026-05-22,4,羽毛球馆-11号,12:00-12:55,1,1,已售/已满,已售,雾,22,24,2,0.0,93,43
2026-05-21 21:00:56,2026-05-22,4,羽毛球馆-11号,12:00-12:55,1,1,已售/已满,已售,雾,20,21,2,0.0,98,43
2026-05-21 21:30:46,2026-05-22,4,羽毛球馆-11号,12:00-12:55,1,1,已售/已满,已售,雾,20,22,1,0.0,99,41
2026-05-21 22:01:02,2026-05-22,4,羽毛球馆-11号,12:00-12:55,1,1,已售/已满,已售,雾,19,20,2,0.0,93,41
2026-05-21 22:30:47,2026-05-22,4,羽毛球馆-11号,12:00-12:55,1,1,已售/已满,已售,雾,19,19,3,0.0,88,46
2026-05-21 23:00:56,2026-05-22,4,羽毛球馆-11号,12:00-12:55,1,1,已售/已满,已售,多云,18,17,3,0.0,85,46
2026-05-21 23:30:55,2026-05-22,4,羽毛球馆-11号,12:00-12:55,1,1,已售/已满,已售,多云,18,17,3,0.0,85,48
2026-05-21 08:00:45,2026-05-22,4,羽毛球馆-11号,12:55-13:50,1,1,已售/已满,已售,晴,17,12,5,0.0,86,29
2026-05-21 08:02:30,2026-05-22,4,羽毛球馆-11号,12:55-13:50,1,1,已售/已满,已售,多云,17,12,5,0.0,87,29
2026-05-21 08:05:36,2026-05-22,4,羽毛球馆-11号,12:55-13:50,1,1,已售/已满,已售,多云,17,12,5,0.0,86,29
2026-05-21 08:08:31,2026-05-22,4,羽毛球馆-11号,12:55-13:50,1,1,已售/已满,已售,多云,17,12,5,0.0,86,29
2026-05-21 08:11:30,2026-05-22,4,羽毛球馆-11号,12:55-13:50,1,1,已售/已满,已售,多云,17,12,5,0.0,86,29
2026-05-21 08:14:31,2026-05-22,4,羽毛球馆-11号,12:55-13:50,1,1,已售/已满,已售,多云,17,12,5,0.0,86,29
2026-05-21 08:17:30,2026-05-22,4,羽毛球馆-11号,12:55-13:50,1,1,已售/已满,已售,多云,17,12,5,0.0,86,29
2026-05-21 08:20:35,2026-05-22,4,羽毛球馆-11号,12:55-13:50,1,1,已售/已满,已售,多云,17,14,4,0.0,85,29
2026-05-21 08:25:32,2026-05-22,4,羽毛球馆-11号,12:55-13:50,1,1,已售/已满,已售,多云,17,14,4,0.0,85,28
2026-05-21 08:30:42,2026-05-22,4,羽毛球馆-11号,12:55-13:50,1,1,已售/已满,已售,多云,18,15,4,0.0,84,28
2026-05-21 08:35:31,2026-05-22,4,羽毛球馆-11号,12:55-13:50,1,1,已售/已满,已售,多云,18,15,4,0.0,84,28
2026-05-21 08:40:38,2026-05-22,4,羽毛球馆-11号,12:55-13:50,1,1,已售/已满,已售,多云,18,15,4,0.0,82,28
2026-05-21 08:45:33,2026-05-22,4,羽毛球馆-11号,12:55-13:50,1,1,已售/已满,已售,多云,18,15,4,0.0,82,28
2026-05-21 08:50:36,2026-05-22,4,羽毛球馆-11号,12:55-13:50,1,1,已售/已满,已售,多云,18,15,4,0.0,82,28
2026-05-21 08:55:34,2026-05-22,4,羽毛球馆-11号,12:55-13:50,1,1,已售/已满,已售,多云,18,15,4,0.0,84,28
2026-05-21 09:00:51,2026-05-22,4,羽毛球馆-11号,12:55-13:50,1,1,已售/已满,已售,多云,18,15,4,0.0,84,28
2026-05-21 09:01:59,2026-05-22,4,羽毛球馆-11号,12:55-13:50,1,1,已售/已满,已售,多云,18,15,4,0.0,83,28
2026-05-21 09:05:33,2026-05-22,4,羽毛球馆-11号,12:55-13:50,1,1,已售/已满,已售,多云,18,15,4,0.0,83,28
2026-05-21 09:20:38,2026-05-22,4,羽毛球馆-11号,12:55-13:50,1,1,已售/已满,已售,多云,18,16,3,0.0,81,28
2026-05-21 09:30:46,2026-05-22,4,羽毛球馆-11号,12:55-13:50,1,1,已售/已满,已售,多云,18,16,3,0.0,81,32
2026-05-21 09:40:36,2026-05-22,4,羽毛球馆-11号,12:55-13:50,1,1,已售/已满,已售,多云,19,17,3,0.0,79,32
2026-05-21 09:50:42,2026-05-22,4,羽毛球馆-11号,12:55-13:50,1,1,已售/已满,已售,多云,19,17,4,0.0,81,32
2026-05-21 10:00:46,2026-05-22,4,羽毛球馆-11号,12:55-13:50,1,1,已售/已满,已售,多云,19,17,4,0.0,79,32
2026-05-21 10:10:40,2026-05-22,4,羽毛球馆-11号,12:55-13:50,1,1,已售/已满,已售,多云,19,17,4,0.0,79,32
2026-05-21 10:20:38,2026-05-22,4,羽毛球馆-11号,12:55-13:50,1,1,已售/已满,已售,多云,19,17,4,0.0,79,32
2026-05-21 10:30:41,2026-05-22,4,羽毛球馆-11号,12:55-13:50,1,1,已售/已满,已售,多云,19,18,3,0.0,78,31
2026-05-21 11:00:44,2026-05-22,4,羽毛球馆-11号,12:55-13:50,1,1,已售/已满,已售,多云,21,17,5,0.0,74,31
2026-05-21 11:30:38,2026-05-22,4,羽毛球馆-11号,12:55-13:50,1,1,已售/已满,已售,多云,21,19,3,0.0,72,33
2026-05-21 12:00:46,2026-05-22,4,羽毛球馆-11号,12:55-13:50,1,1,已售/已满,已售,多云,22,19,4,0.0,70,33
2026-05-21 12:30:42,2026-05-22,4,羽毛球馆-11号,12:55-13:50,1,1,已售/已满,已售,多云,22,21,3,0.0,68,35
2026-05-21 13:00:43,2026-05-22,4,羽毛球馆-11号,12:55-13:50,1,1,已售/已满,已售,多云,24,22,4,0.0,66,35
2026-05-21 13:30:43,2026-05-22,4,羽毛球馆-11号,12:55-13:50,1,1,已售/已满,已售,多云,24,22,4,0.0,66,36
2026-05-21 14:00:48,2026-05-22,4,羽毛球馆-11号,12:55-13:50,1,1,已售/已满,已售,多云,25,23,4,0.0,66,36
2026-05-21 14:30:45,2026-05-22,4,羽毛球馆-11号,12:55-13:50,1,1,已售/已满,已售,晴,25,25,3,0.0,65,39
2026-05-21 15:00:45,2026-05-22,4,羽毛球馆-11号,12:55-13:50,1,1,已售/已满,已售,晴,25,22,4,0.0,56,39
2026-05-21 15:30:43,2026-05-22,4,羽毛球馆-11号,12:55-13:50,1,1,已售/已满,已售,晴,25,23,4,0.0,57,40
2026-05-21 16:00:51,2026-05-22,4,羽毛球馆-11号,12:55-13:50,1,1,已售/已满,已售,晴,25,23,4,0.0,57,40
2026-05-21 16:30:48,2026-05-22,4,羽毛球馆-11号,12:55-13:50,1,1,已售/已满,已售,晴,25,24,3,0.0,60,39
2026-05-21 17:00:49,2026-05-22,4,羽毛球馆-11号,12:55-13:50,1,1,已售/已满,已售,晴,25,24,4,0.0,61,39
2026-05-21 17:30:47,2026-05-22,4,羽毛球馆-11号,12:55-13:50,1,1,已售/已满,已售,多云,24,23,3,0.0,64,39
2026-05-21 18:00:50,2026-05-22,4,羽毛球馆-11号,12:55-13:50,1,1,已售/已满,已售,多云,24,23,3,0.0,68,39
2026-05-21 18:30:50,2026-05-22,4,羽毛球馆-11号,12:55-13:50,1,1,已售/已满,已售,阴,24,25,2,0.0,68,40
2026-05-21 19:00:50,2026-05-22,4,羽毛球馆-11号,12:55-13:50,1,1,已售/已满,已售,阴,23,23,3,0.0,76,40
2026-05-21 19:30:46,2026-05-22,4,羽毛球馆-11号,12:55-13:50,1,1,已售/已满,已售,阴,23,24,2,0.0,77,39
2026-05-21 20:00:49,2026-05-22,4,羽毛球馆-11号,12:55-13:50,1,1,已售/已满,已售,雾,22,23,2,0.0,89,39
2026-05-21 20:30:44,2026-05-22,4,羽毛球馆-11号,12:55-13:50,1,1,已售/已满,已售,雾,22,24,2,0.0,93,43
2026-05-21 21:00:56,2026-05-22,4,羽毛球馆-11号,12:55-13:50,1,1,已售/已满,已售,雾,20,21,2,0.0,98,43
2026-05-21 21:30:46,2026-05-22,4,羽毛球馆-11号,12:55-13:50,1,1,已售/已满,已售,雾,20,22,1,0.0,99,41
2026-05-21 22:01:02,2026-05-22,4,羽毛球馆-11号,12:55-13:50,1,1,已售/已满,已售,雾,19,20,2,0.0,93,41
2026-05-21 22:30:47,2026-05-22,4,羽毛球馆-11号,12:55-13:50,1,1,已售/已满,已售,雾,19,19,3,0.0,88,46
2026-05-21 23:00:56,2026-05-22,4,羽毛球馆-11号,12:55-13:50,1,1,已售/已满,已售,多云,18,17,3,0.0,85,46
2026-05-21 23:30:55,2026-05-22,4,羽毛球馆-11号,12:55-13:50,1,1,已售/已满,已售,多云,18,17,3,0.0,85,48
2026-05-21 08:00:45,2026-05-22,4,羽毛球馆-11号,14:00-15:00,1,1,已售/已满,教学时间,晴,17,12,5,0.0,86,29
2026-05-21 08:02:30,2026-05-22,4,羽毛球馆-11号,14:00-15:00,1,1,已售/已满,教学时间,多云,17,12,5,0.0,87,29
2026-05-21 08:05:36,2026-05-22,4,羽毛球馆-11号,14:00-15:00,1,1,已售/已满,教学时间,多云,17,12,5,0.0,86,29
2026-05-21 08:08:31,2026-05-22,4,羽毛球馆-11号,14:00-15:00,1,1,已售/已满,教学时间,多云,17,12,5,0.0,86,29
2026-05-21 08:11:30,2026-05-22,4,羽毛球馆-11号,14:00-15:00,1,1,已售/已满,教学时间,多云,17,12,5,0.0,86,29
2026-05-21 08:14:31,2026-05-22,4,羽毛球馆-11号,14:00-15:00,1,1,已售/已满,教学时间,多云,17,12,5,0.0,86,29
2026-05-21 08:17:30,2026-05-22,4,羽毛球馆-11号,14:00-15:00,1,1,已售/已满,教学时间,多云,17,12,5,0.0,86,29
2026-05-21 08:20:35,2026-05-22,4,羽毛球馆-11号,14:00-15:00,1,1,已售/已满,教学时间,多云,17,14,4,0.0,85,29
2026-05-21 08:25:32,2026-05-22,4,羽毛球馆-11号,14:00-15:00,1,1,已售/已满,教学时间,多云,17,14,4,0.0,85,28
2026-05-21 08:30:42,2026-05-22,4,羽毛球馆-11号,14:00-15:00,1,1,已售/已满,教学时间,多云,18,15,4,0.0,84,28
2026-05-21 08:35:31,2026-05-22,4,羽毛球馆-11号,14:00-15:00,1,1,已售/已满,教学时间,多云,18,15,4,0.0,84,28
2026-05-21 08:40:38,2026-05-22,4,羽毛球馆-11号,14:00-15:00,1,1,已售/已满,教学时间,多云,18,15,4,0.0,82,28
2026-05-21 08:45:33,2026-05-22,4,羽毛球馆-11号,14:00-15:00,1,1,已售/已满,教学时间,多云,18,15,4,0.0,82,28
2026-05-21 08:50:36,2026-05-22,4,羽毛球馆-11号,14:00-15:00,1,1,已售/已满,教学时间,多云,18,15,4,0.0,82,28
2026-05-21 08:55:34,2026-05-22,4,羽毛球馆-11号,14:00-15:00,1,1,已售/已满,教学时间,多云,18,15,4,0.0,84,28
2026-05-21 09:00:51,2026-05-22,4,羽毛球馆-11号,14:00-15:00,1,1,已售/已满,教学时间,多云,18,15,4,0.0,84,28
2026-05-21 09:01:59,2026-05-22,4,羽毛球馆-11号,14:00-15:00,1,1,已售/已满,教学时间,多云,18,15,4,0.0,83,28
2026-05-21 09:05:33,2026-05-22,4,羽毛球馆-11号,14:00-15:00,1,1,已售/已满,教学时间,多云,18,15,4,0.0,83,28
2026-05-21 09:20:38,2026-05-22,4,羽毛球馆-11号,14:00-15:00,1,1,已售/已满,教学时间,多云,18,16,3,0.0,81,28
2026-05-21 09:30:46,2026-05-22,4,羽毛球馆-11号,14:00-15:00,1,1,已售/已满,教学时间,多云,18,16,3,0.0,81,32
2026-05-21 09:40:36,2026-05-22,4,羽毛球馆-11号,14:00-15:00,1,1,已售/已满,教学时间,多云,19,17,3,0.0,79,32
2026-05-21 09:50:42,2026-05-22,4,羽毛球馆-11号,14:00-15:00,1,1,已售/已满,教学时间,多云,19,17,4,0.0,81,32
2026-05-21 10:00:46,2026-05-22,4,羽毛球馆-11号,14:00-15:00,1,1,已售/已满,教学时间,多云,19,17,4,0.0,79,32
2026-05-21 10:10:40,2026-05-22,4,羽毛球馆-11号,14:00-15:00,1,1,已售/已满,教学时间,多云,19,17,4,0.0,79,32
2026-05-21 10:20:38,2026-05-22,4,羽毛球馆-11号,14:00-15:00,1,1,已售/已满,教学时间,多云,19,17,4,0.0,79,32
2026-05-21 10:30:41,2026-05-22,4,羽毛球馆-11号,14:00-15:00,1,1,已售/已满,教学时间,多云,19,18,3,0.0,78,31
2026-05-21 11:00:44,2026-05-22,4,羽毛球馆-11号,14:00-15:00,1,1,已售/已满,教学时间,多云,21,17,5,0.0,74,31
2026-05-21 11:30:38,2026-05-22,4,羽毛球馆-11号,14:00-15:00,1,1,已售/已满,教学时间,多云,21,19,3,0.0,72,33
2026-05-21 12:00:46,2026-05-22,4,羽毛球馆-11号,14:00-15:00,1,1,已售/已满,教学时间,多云,22,19,4,0.0,70,33
2026-05-21 12:30:42,2026-05-22,4,羽毛球馆-11号,14:00-15:00,1,1,已售/已满,教学时间,多云,22,21,3,0.0,68,35
2026-05-21 13:00:43,2026-05-22,4,羽毛球馆-11号,14:00-15:00,1,1,已售/已满,教学时间,多云,24,22,4,0.0,66,35
2026-05-21 13:30:43,2026-05-22,4,羽毛球馆-11号,14:00-15:00,1,1,已售/已满,教学时间,多云,24,22,4,0.0,66,36
2026-05-21 14:00:48,2026-05-22,4,羽毛球馆-11号,14:00-15:00,1,1,已售/已满,教学时间,多云,25,23,4,0.0,66,36
2026-05-21 14:30:45,2026-05-22,4,羽毛球馆-11号,14:00-15:00,1,1,已售/已满,教学时间,晴,25,25,3,0.0,65,39
2026-05-21 15:00:45,2026-05-22,4,羽毛球馆-11号,14:00-15:00,1,1,已售/已满,教学时间,晴,25,22,4,0.0,56,39
2026-05-21 15:30:43,2026-05-22,4,羽毛球馆-11号,14:00-15:00,1,1,已售/已满,教学时间,晴,25,23,4,0.0,57,40
2026-05-21 16:00:51,2026-05-22,4,羽毛球馆-11号,14:00-15:00,1,1,已售/已满,教学时间,晴,25,23,4,0.0,57,40
2026-05-21 16:30:48,2026-05-22,4,羽毛球馆-11号,14:00-15:00,1,1,已售/已满,教学时间,晴,25,24,3,0.0,60,39
2026-05-21 17:00:49,2026-05-22,4,羽毛球馆-11号,14:00-15:00,1,1,已售/已满,教学时间,晴,25,24,4,0.0,61,39
2026-05-21 17:30:47,2026-05-22,4,羽毛球馆-11号,14:00-15:00,1,1,已售/已满,教学时间,多云,24,23,3,0.0,64,39
2026-05-21 18:00:50,2026-05-22,4,羽毛球馆-11号,14:00-15:00,1,1,已售/已满,教学时间,多云,24,23,3,0.0,68,39
2026-05-21 18:30:50,2026-05-22,4,羽毛球馆-11号,14:00-15:00,1,1,已售/已满,教学时间,阴,24,25,2,0.0,68,40
2026-05-21 19:00:50,2026-05-22,4,羽毛球馆-11号,14:00-15:00,1,1,已售/已满,教学时间,阴,23,23,3,0.0,76,40
2026-05-21 19:30:46,2026-05-22,4,羽毛球馆-11号,14:00-15:00,1,1,已售/已满,教学时间,阴,23,24,2,0.0,77,39
2026-05-21 20:00:49,2026-05-22,4,羽毛球馆-11号,14:00-15:00,1,1,已售/已满,教学时间,雾,22,23,2,0.0,89,39
2026-05-21 20:30:44,2026-05-22,4,羽毛球馆-11号,14:00-15:00,1,1,已售/已满,教学时间,雾,22,24,2,0.0,93,43
2026-05-21 21:00:56,2026-05-22,4,羽毛球馆-11号,14:00-15:00,1,1,已售/已满,教学时间,雾,20,21,2,0.0,98,43
2026-05-21 21:30:46,2026-05-22,4,羽毛球馆-11号,14:00-15:00,1,1,已售/已满,教学时间,雾,20,22,1,0.0,99,41
2026-05-21 22:01:02,2026-05-22,4,羽毛球馆-11号,14:00-15:00,1,1,已售/已满,教学时间,雾,19,20,2,0.0,93,41
2026-05-21 22:30:47,2026-05-22,4,羽毛球馆-11号,14:00-15:00,1,1,已售/已满,教学时间,雾,19,19,3,0.0,88,46
2026-05-21 23:00:56,2026-05-22,4,羽毛球馆-11号,14:00-15:00,1,1,已售/已满,教学时间,多云,18,17,3,0.0,85,46
2026-05-21 23:30:55,2026-05-22,4,羽毛球馆-11号,14:00-15:00,1,1,已售/已满,教学时间,多云,18,17,3,0.0,85,48
2026-05-21 08:00:45,2026-05-22,4,羽毛球馆-11号,15:00-16:00,1,1,已售/已满,教学时间,晴,17,12,5,0.0,86,29
2026-05-21 08:02:30,2026-05-22,4,羽毛球馆-11号,15:00-16:00,1,1,已售/已满,教学时间,多云,17,12,5,0.0,87,29
2026-05-21 08:05:36,2026-05-22,4,羽毛球馆-11号,15:00-16:00,1,1,已售/已满,教学时间,多云,17,12,5,0.0,86,29
2026-05-21 08:08:31,2026-05-22,4,羽毛球馆-11号,15:00-16:00,1,1,已售/已满,教学时间,多云,17,12,5,0.0,86,29
2026-05-21 08:11:30,2026-05-22,4,羽毛球馆-11号,15:00-16:00,1,1,已售/已满,教学时间,多云,17,12,5,0.0,86,29
2026-05-21 08:14:31,2026-05-22,4,羽毛球馆-11号,15:00-16:00,1,1,已售/已满,教学时间,多云,17,12,5,0.0,86,29
2026-05-21 08:17:30,2026-05-22,4,羽毛球馆-11号,15:00-16:00,1,1,已售/已满,教学时间,多云,17,12,5,0.0,86,29
2026-05-21 08:20:35,2026-05-22,4,羽毛球馆-11号,15:00-16:00,1,1,已售/已满,教学时间,多云,17,14,4,0.0,85,29
2026-05-21 08:25:32,2026-05-22,4,羽毛球馆-11号,15:00-16:00,1,1,已售/已满,教学时间,多云,17,14,4,0.0,85,28
2026-05-21 08:30:42,2026-05-22,4,羽毛球馆-11号,15:00-16:00,1,1,已售/已满,教学时间,多云,18,15,4,0.0,84,28
2026-05-21 08:35:31,2026-05-22,4,羽毛球馆-11号,15:00-16:00,1,1,已售/已满,教学时间,多云,18,15,4,0.0,84,28
2026-05-21 08:40:38,2026-05-22,4,羽毛球馆-11号,15:00-16:00,1,1,已售/已满,教学时间,多云,18,15,4,0.0,82,28
2026-05-21 08:45:33,2026-05-22,4,羽毛球馆-11号,15:00-16:00,1,1,已售/已满,教学时间,多云,18,15,4,0.0,82,28
2026-05-21 08:50:36,2026-05-22,4,羽毛球馆-11号,15:00-16:00,1,1,已售/已满,教学时间,多云,18,15,4,0.0,82,28
2026-05-21 08:55:34,2026-05-22,4,羽毛球馆-11号,15:00-16:00,1,1,已售/已满,教学时间,多云,18,15,4,0.0,84,28
2026-05-21 09:00:51,2026-05-22,4,羽毛球馆-11号,15:00-16:00,1,1,已售/已满,教学时间,多云,18,15,4,0.0,84,28
2026-05-21 09:01:59,2026-05-22,4,羽毛球馆-11号,15:00-16:00,1,1,已售/已满,教学时间,多云,18,15,4,0.0,83,28
2026-05-21 09:05:33,2026-05-22,4,羽毛球馆-11号,15:00-16:00,1,1,已售/已满,教学时间,多云,18,15,4,0.0,83,28
2026-05-21 09:20:38,2026-05-22,4,羽毛球馆-11号,15:00-16:00,1,1,已售/已满,教学时间,多云,18,16,3,0.0,81,28
2026-05-21 09:30:46,2026-05-22,4,羽毛球馆-11号,15:00-16:00,1,1,已售/已满,教学时间,多云,18,16,3,0.0,81,32
2026-05-21 09:40:36,2026-05-22,4,羽毛球馆-11号,15:00-16:00,1,1,已售/已满,教学时间,多云,19,17,3,0.0,79,32
2026-05-21 09:50:42,2026-05-22,4,羽毛球馆-11号,15:00-16:00,1,1,已售/已满,教学时间,多云,19,17,4,0.0,81,32
2026-05-21 10:00:46,2026-05-22,4,羽毛球馆-11号,15:00-16:00,1,1,已售/已满,教学时间,多云,19,17,4,0.0,79,32
2026-05-21 10:10:40,2026-05-22,4,羽毛球馆-11号,15:00-16:00,1,1,已售/已满,教学时间,多云,19,17,4,0.0,79,32
2026-05-21 10:20:38,2026-05-22,4,羽毛球馆-11号,15:00-16:00,1,1,已售/已满,教学时间,多云,19,17,4,0.0,79,32
2026-05-21 10:30:41,2026-05-22,4,羽毛球馆-11号,15:00-16:00,1,1,已售/已满,教学时间,多云,19,18,3,0.0,78,31
2026-05-21 11:00:44,2026-05-22,4,羽毛球馆-11号,15:00-16:00,1,1,已售/已满,教学时间,多云,21,17,5,0.0,74,31
2026-05-21 11:30:38,2026-05-22,4,羽毛球馆-11号,15:00-16:00,1,1,已售/已满,教学时间,多云,21,19,3,0.0,72,33
2026-05-21 12:00:46,2026-05-22,4,羽毛球馆-11号,15:00-16:00,1,1,已售/已满,教学时间,多云,22,19,4,0.0,70,33
2026-05-21 12:30:42,2026-05-22,4,羽毛球馆-11号,15:00-16:00,1,1,已售/已满,教学时间,多云,22,21,3,0.0,68,35
2026-05-21 13:00:43,2026-05-22,4,羽毛球馆-11号,15:00-16:00,1,1,已售/已满,教学时间,多云,24,22,4,0.0,66,35
2026-05-21 13:30:43,2026-05-22,4,羽毛球馆-11号,15:00-16:00,1,1,已售/已满,教学时间,多云,24,22,4,0.0,66,36
2026-05-21 14:00:48,2026-05-22,4,羽毛球馆-11号,15:00-16:00,1,1,已售/已满,教学时间,多云,25,23,4,0.0,66,36
2026-05-21 14:30:45,2026-05-22,4,羽毛球馆-11号,15:00-16:00,1,1,已售/已满,教学时间,晴,25,25,3,0.0,65,39
2026-05-21 15:00:45,2026-05-22,4,羽毛球馆-11号,15:00-16:00,1,1,已售/已满,教学时间,晴,25,22,4,0.0,56,39
2026-05-21 15:30:43,2026-05-22,4,羽毛球馆-11号,15:00-16:00,1,1,已售/已满,教学时间,晴,25,23,4,0.0,57,40
2026-05-21 16:00:51,2026-05-22,4,羽毛球馆-11号,15:00-16:00,1,1,已售/已满,教学时间,晴,25,23,4,0.0,57,40
2026-05-21 16:30:48,2026-05-22,4,羽毛球馆-11号,15:00-16:00,1,1,已售/已满,教学时间,晴,25,24,3,0.0,60,39
2026-05-21 17:00:49,2026-05-22,4,羽毛球馆-11号,15:00-16:00,1,1,已售/已满,教学时间,晴,25,24,4,0.0,61,39
2026-05-21 17:30:47,2026-05-22,4,羽毛球馆-11号,15:00-16:00,1,1,已售/已满,教学时间,多云,24,23,3,0.0,64,39
2026-05-21 18:00:50,2026-05-22,4,羽毛球馆-11号,15:00-16:00,1,1,已售/已满,教学时间,多云,24,23,3,0.0,68,39
2026-05-21 18:30:50,2026-05-22,4,羽毛球馆-11号,15:00-16:00,1,1,已售/已满,教学时间,阴,24,25,2,0.0,68,40
2026-05-21 19:00:50,2026-05-22,4,羽毛球馆-11号,15:00-16:00,1,1,已售/已满,教学时间,阴,23,23,3,0.0,76,40
2026-05-21 19:30:46,2026-05-22,4,羽毛球馆-11号,15:00-16:00,1,1,已售/已满,教学时间,阴,23,24,2,0.0,77,39
2026-05-21 20:00:49,2026-05-22,4,羽毛球馆-11号,15:00-16:00,1,1,已售/已满,教学时间,雾,22,23,2,0.0,89,39
2026-05-21 20:30:44,2026-05-22,4,羽毛球馆-11号,15:00-16:00,1,1,已售/已满,教学时间,雾,22,24,2,0.0,93,43
2026-05-21 21:00:56,2026-05-22,4,羽毛球馆-11号,15:00-16:00,1,1,已售/已满,教学时间,雾,20,21,2,0.0,98,43
2026-05-21 21:30:46,2026-05-22,4,羽毛球馆-11号,15:00-16:00,1,1,已售/已满,教学时间,雾,20,22,1,0.0,99,41
2026-05-21 22:01:02,2026-05-22,4,羽毛球馆-11号,15:00-16:00,1,1,已售/已满,教学时间,雾,19,20,2,0.0,93,41
2026-05-21 22:30:47,2026-05-22,4,羽毛球馆-11号,15:00-16:00,1,1,已售/已满,教学时间,雾,19,19,3,0.0,88,46
2026-05-21 23:00:56,2026-05-22,4,羽毛球馆-11号,15:00-16:00,1,1,已售/已满,教学时间,多云,18,17,3,0.0,85,46
2026-05-21 23:30:55,2026-05-22,4,羽毛球馆-11号,15:00-16:00,1,1,已售/已满,教学时间,多云,18,17,3,0.0,85,48
2026-05-21 08:00:45,2026-05-22,4,羽毛球馆-11号,16:00-17:00,0,1,可预约,￥12.0,晴,17,12,5,0.0,86,29
2026-05-21 08:02:30,2026-05-22,4,羽毛球馆-11号,16:00-17:00,0,1,可预约,￥12.0,多云,17,12,5,0.0,87,29
2026-05-21 08:05:36,2026-05-22,4,羽毛球馆-11号,16:00-17:00,0,1,可预约,￥12.0,多云,17,12,5,0.0,86,29
2026-05-21 08:08:31,2026-05-22,4,羽毛球馆-11号,16:00-17:00,0,1,可预约,￥12.0,多云,17,12,5,0.0,86,29
2026-05-21 08:11:30,2026-05-22,4,羽毛球馆-11号,16:00-17:00,0,1,可预约,￥12.0,多云,17,12,5,0.0,86,29
2026-05-21 08:14:31,2026-05-22,4,羽毛球馆-11号,16:00-17:00,0,1,可预约,￥12.0,多云,17,12,5,0.0,86,29
2026-05-21 08:17:30,2026-05-22,4,羽毛球馆-11号,16:00-17:00,0,1,可预约,￥12.0,多云,17,12,5,0.0,86,29
2026-05-21 08:20:35,2026-05-22,4,羽毛球馆-11号,16:00-17:00,0,1,可预约,￥12.0,多云,17,14,4,0.0,85,29
2026-05-21 08:25:32,2026-05-22,4,羽毛球馆-11号,16:00-17:00,0,1,可预约,￥12.0,多云,17,14,4,0.0,85,28
2026-05-21 08:30:42,2026-05-22,4,羽毛球馆-11号,16:00-17:00,0,1,可预约,￥12.0,多云,18,15,4,0.0,84,28
2026-05-21 08:35:31,2026-05-22,4,羽毛球馆-11号,16:00-17:00,0,1,可预约,￥12.0,多云,18,15,4,0.0,84,28
2026-05-21 08:40:38,2026-05-22,4,羽毛球馆-11号,16:00-17:00,0,1,可预约,￥12.0,多云,18,15,4,0.0,82,28
2026-05-21 08:45:33,2026-05-22,4,羽毛球馆-11号,16:00-17:00,0,1,可预约,￥12.0,多云,18,15,4,0.0,82,28
2026-05-21 08:50:36,2026-05-22,4,羽毛球馆-11号,16:00-17:00,0,1,可预约,￥12.0,多云,18,15,4,0.0,82,28
2026-05-21 08:55:34,2026-05-22,4,羽毛球馆-11号,16:00-17:00,0,1,可预约,￥12.0,多云,18,15,4,0.0,84,28
2026-05-21 09:00:51,2026-05-22,4,羽毛球馆-11号,16:00-17:00,0,1,可预约,￥12.0,多云,18,15,4,0.0,84,28
2026-05-21 09:01:59,2026-05-22,4,羽毛球馆-11号,16:00-17:00,0,1,可预约,￥12.0,多云,18,15,4,0.0,83,28
2026-05-21 09:05:33,2026-05-22,4,羽毛球馆-11号,16:00-17:00,0,1,可预约,￥12.0,多云,18,15,4,0.0,83,28
2026-05-21 09:20:38,2026-05-22,4,羽毛球馆-11号,16:00-17:00,0,1,可预约,￥12.0,多云,18,16,3,0.0,81,28
2026-05-21 09:30:46,2026-05-22,4,羽毛球馆-11号,16:00-17:00,0,1,可预约,￥12.0,多云,18,16,3,0.0,81,32
2026-05-21 09:40:36,2026-05-22,4,羽毛球馆-11号,16:00-17:00,0,1,可预约,￥12.0,多云,19,17,3,0.0,79,32
2026-05-21 09:50:42,2026-05-22,4,羽毛球馆-11号,16:00-17:00,0,1,可预约,￥12.0,多云,19,17,4,0.0,81,32
2026-05-21 10:00:46,2026-05-22,4,羽毛球馆-11号,16:00-17:00,0,1,可预约,￥12.0,多云,19,17,4,0.0,79,32
2026-05-21 10:10:40,2026-05-22,4,羽毛球馆-11号,16:00-17:00,0,1,可预约,￥12.0,多云,19,17,4,0.0,79,32
2026-05-21 10:20:38,2026-05-22,4,羽毛球馆-11号,16:00-17:00,0,1,可预约,￥12.0,多云,19,17,4,0.0,79,32
2026-05-21 10:30:41,2026-05-22,4,羽毛球馆-11号,16:00-17:00,1,1,已售/已满,已售,多云,19,18,3,0.0,78,31
2026-05-21 11:00:44,2026-05-22,4,羽毛球馆-11号,16:00-17:00,1,1,已售/已满,已售,多云,21,17,5,0.0,74,31
2026-05-21 11:30:38,2026-05-22,4,羽毛球馆-11号,16:00-17:00,1,1,已售/已满,已售,多云,21,19,3,0.0,72,33
2026-05-21 12:00:46,2026-05-22,4,羽毛球馆-11号,16:00-17:00,1,1,已售/已满,已售,多云,22,19,4,0.0,70,33
2026-05-21 12:30:42,2026-05-22,4,羽毛球馆-11号,16:00-17:00,1,1,已售/已满,已售,多云,22,21,3,0.0,68,35
2026-05-21 13:00:43,2026-05-22,4,羽毛球馆-11号,16:00-17:00,1,1,已售/已满,已售,多云,24,22,4,0.0,66,35
2026-05-21 13:30:43,2026-05-22,4,羽毛球馆-11号,16:00-17:00,1,1,已售/已满,已售,多云,24,22,4,0.0,66,36
2026-05-21 14:00:48,2026-05-22,4,羽毛球馆-11号,16:00-17:00,1,1,已售/已满,已售,多云,25,23,4,0.0,66,36
2026-05-21 14:30:45,2026-05-22,4,羽毛球馆-11号,16:00-17:00,1,1,已售/已满,已售,晴,25,25,3,0.0,65,39
2026-05-21 15:00:45,2026-05-22,4,羽毛球馆-11号,16:00-17:00,1,1,已售/已满,已售,晴,25,22,4,0.0,56,39
2026-05-21 15:30:43,2026-05-22,4,羽毛球馆-11号,16:00-17:00,1,1,已售/已满,已售,晴,25,23,4,0.0,57,40
2026-05-21 16:00:51,2026-05-22,4,羽毛球馆-11号,16:00-17:00,1,1,已售/已满,已售,晴,25,23,4,0.0,57,40
2026-05-21 16:30:48,2026-05-22,4,羽毛球馆-11号,16:00-17:00,1,1,已售/已满,已售,晴,25,24,3,0.0,60,39
2026-05-21 17:00:49,2026-05-22,4,羽毛球馆-11号,16:00-17:00,1,1,已售/已满,已售,晴,25,24,4,0.0,61,39
2026-05-21 17:30:47,2026-05-22,4,羽毛球馆-11号,16:00-17:00,1,1,已售/已满,已售,多云,24,23,3,0.0,64,39
2026-05-21 18:00:50,2026-05-22,4,羽毛球馆-11号,16:00-17:00,1,1,已售/已满,已售,多云,24,23,3,0.0,68,39
2026-05-21 18:30:50,2026-05-22,4,羽毛球馆-11号,16:00-17:00,1,1,已售/已满,已售,阴,24,25,2,0.0,68,40
2026-05-21 19:00:50,2026-05-22,4,羽毛球馆-11号,16:00-17:00,1,1,已售/已满,已售,阴,23,23,3,0.0,76,40
2026-05-21 19:30:46,2026-05-22,4,羽毛球馆-11号,16:00-17:00,1,1,已售/已满,已售,阴,23,24,2,0.0,77,39
2026-05-21 20:00:49,2026-05-22,4,羽毛球馆-11号,16:00-17:00,1,1,已售/已满,已售,雾,22,23,2,0.0,89,39
2026-05-21 20:30:44,2026-05-22,4,羽毛球馆-11号,16:00-17:00,1,1,已售/已满,已售,雾,22,24,2,0.0,93,43
2026-05-21 21:00:56,2026-05-22,4,羽毛球馆-11号,16:00-17:00,1,1,已售/已满,已售,雾,20,21,2,0.0,98,43
2026-05-21 21:30:46,2026-05-22,4,羽毛球馆-11号,16:00-17:00,1,1,已售/已满,已售,雾,20,22,1,0.0,99,41
2026-05-21 22:01:02,2026-05-22,4,羽毛球馆-11号,16:00-17:00,1,1,已售/已满,已售,雾,19,20,2,0.0,93,41
2026-05-21 22:30:47,2026-05-22,4,羽毛球馆-11号,16:00-17:00,1,1,已售/已满,已售,雾,19,19,3,0.0,88,46
2026-05-21 23:00:56,2026-05-22,4,羽毛球馆-11号,16:00-17:00,1,1,已售/已满,已售,多云,18,17,3,0.0,85,46
2026-05-21 23:30:55,2026-05-22,4,羽毛球馆-11号,16:00-17:00,1,1,已售/已满,已售,多云,18,17,3,0.0,85,48
2026-05-21 08:00:45,2026-05-22,4,羽毛球馆-11号,17:00-18:00,0,1,可预约,￥12.0,晴,17,12,5,0.0,86,29
2026-05-21 08:02:30,2026-05-22,4,羽毛球馆-11号,17:00-18:00,0,1,可预约,￥12.0,多云,17,12,5,0.0,87,29
2026-05-21 08:05:36,2026-05-22,4,羽毛球馆-11号,17:00-18:00,0,1,可预约,￥12.0,多云,17,12,5,0.0,86,29
2026-05-21 08:08:31,2026-05-22,4,羽毛球馆-11号,17:00-18:00,0,1,可预约,￥12.0,多云,17,12,5,0.0,86,29
2026-05-21 08:11:30,2026-05-22,4,羽毛球馆-11号,17:00-18:00,0,1,可预约,￥12.0,多云,17,12,5,0.0,86,29
2026-05-21 08:14:31,2026-05-22,4,羽毛球馆-11号,17:00-18:00,0,1,可预约,￥12.0,多云,17,12,5,0.0,86,29
2026-05-21 08:17:30,2026-05-22,4,羽毛球馆-11号,17:00-18:00,0,1,可预约,￥12.0,多云,17,12,5,0.0,86,29
2026-05-21 08:20:35,2026-05-22,4,羽毛球馆-11号,17:00-18:00,0,1,可预约,￥12.0,多云,17,14,4,0.0,85,29
2026-05-21 08:25:32,2026-05-22,4,羽毛球馆-11号,17:00-18:00,0,1,可预约,￥12.0,多云,17,14,4,0.0,85,28
2026-05-21 08:30:42,2026-05-22,4,羽毛球馆-11号,17:00-18:00,0,1,可预约,￥12.0,多云,18,15,4,0.0,84,28
2026-05-21 08:35:31,2026-05-22,4,羽毛球馆-11号,17:00-18:00,0,1,可预约,￥12.0,多云,18,15,4,0.0,84,28
2026-05-21 08:40:38,2026-05-22,4,羽毛球馆-11号,17:00-18:00,0,1,可预约,￥12.0,多云,18,15,4,0.0,82,28
2026-05-21 08:45:33,2026-05-22,4,羽毛球馆-11号,17:00-18:00,0,1,可预约,￥12.0,多云,18,15,4,0.0,82,28
2026-05-21 08:50:36,2026-05-22,4,羽毛球馆-11号,17:00-18:00,0,1,可预约,￥12.0,多云,18,15,4,0.0,82,28
2026-05-21 08:55:34,2026-05-22,4,羽毛球馆-11号,17:00-18:00,0,1,可预约,￥12.0,多云,18,15,4,0.0,84,28
2026-05-21 09:00:51,2026-05-22,4,羽毛球馆-11号,17:00-18:00,0,1,可预约,￥12.0,多云,18,15,4,0.0,84,28
2026-05-21 09:01:59,2026-05-22,4,羽毛球馆-11号,17:00-18:00,0,1,可预约,￥12.0,多云,18,15,4,0.0,83,28
2026-05-21 09:05:33,2026-05-22,4,羽毛球馆-11号,17:00-18:00,0,1,可预约,￥12.0,多云,18,15,4,0.0,83,28
2026-05-21 09:20:38,2026-05-22,4,羽毛球馆-11号,17:00-18:00,0,1,可预约,￥12.0,多云,18,16,3,0.0,81,28
2026-05-21 09:30:46,2026-05-22,4,羽毛球馆-11号,17:00-18:00,0,1,可预约,￥12.0,多云,18,16,3,0.0,81,32
2026-05-21 09:40:36,2026-05-22,4,羽毛球馆-11号,17:00-18:00,0,1,可预约,￥12.0,多云,19,17,3,0.0,79,32
2026-05-21 09:50:42,2026-05-22,4,羽毛球馆-11号,17:00-18:00,0,1,可预约,￥12.0,多云,19,17,4,0.0,81,32
2026-05-21 10:00:46,2026-05-22,4,羽毛球馆-11号,17:00-18:00,0,1,可预约,￥12.0,多云,19,17,4,0.0,79,32
2026-05-21 10:10:40,2026-05-22,4,羽毛球馆-11号,17:00-18:00,0,1,可预约,￥12.0,多云,19,17,4,0.0,79,32
2026-05-21 10:20:38,2026-05-22,4,羽毛球馆-11号,17:00-18:00,0,1,可预约,￥12.0,多云,19,17,4,0.0,79,32
2026-05-21 10:30:41,2026-05-22,4,羽毛球馆-11号,17:00-18:00,1,1,已售/已满,已售,多云,19,18,3,0.0,78,31
2026-05-21 11:00:44,2026-05-22,4,羽毛球馆-11号,17:00-18:00,1,1,已售/已满,已售,多云,21,17,5,0.0,74,31
2026-05-21 11:30:38,2026-05-22,4,羽毛球馆-11号,17:00-18:00,1,1,已售/已满,已售,多云,21,19,3,0.0,72,33
2026-05-21 12:00:46,2026-05-22,4,羽毛球馆-11号,17:00-18:00,1,1,已售/已满,已售,多云,22,19,4,0.0,70,33
2026-05-21 12:30:42,2026-05-22,4,羽毛球馆-11号,17:00-18:00,1,1,已售/已满,已售,多云,22,21,3,0.0,68,35
2026-05-21 13:00:43,2026-05-22,4,羽毛球馆-11号,17:00-18:00,1,1,已售/已满,已售,多云,24,22,4,0.0,66,35
2026-05-21 13:30:43,2026-05-22,4,羽毛球馆-11号,17:00-18:00,1,1,已售/已满,已售,多云,24,22,4,0.0,66,36
2026-05-21 14:00:48,2026-05-22,4,羽毛球馆-11号,17:00-18:00,1,1,已售/已满,已售,多云,25,23,4,0.0,66,36
2026-05-21 14:30:45,2026-05-22,4,羽毛球馆-11号,17:00-18:00,1,1,已售/已满,已售,晴,25,25,3,0.0,65,39
2026-05-21 15:00:45,2026-05-22,4,羽毛球馆-11号,17:00-18:00,1,1,已售/已满,已售,晴,25,22,4,0.0,56,39
2026-05-21 15:30:43,2026-05-22,4,羽毛球馆-11号,17:00-18:00,1,1,已售/已满,已售,晴,25,23,4,0.0,57,40
2026-05-21 16:00:51,2026-05-22,4,羽毛球馆-11号,17:00-18:00,1,1,已售/已满,已售,晴,25,23,4,0.0,57,40
2026-05-21 16:30:48,2026-05-22,4,羽毛球馆-11号,17:00-18:00,1,1,已售/已满,已售,晴,25,24,3,0.0,60,39
2026-05-21 17:00:49,2026-05-22,4,羽毛球馆-11号,17:00-18:00,1,1,已售/已满,已售,晴,25,24,4,0.0,61,39
2026-05-21 17:30:47,2026-05-22,4,羽毛球馆-11号,17:00-18:00,1,1,已售/已满,已售,多云,24,23,3,0.0,64,39
2026-05-21 18:00:50,2026-05-22,4,羽毛球馆-11号,17:00-18:00,1,1,已售/已满,已售,多云,24,23,3,0.0,68,39
2026-05-21 18:30:50,2026-05-22,4,羽毛球馆-11号,17:00-18:00,1,1,已售/已满,已售,阴,24,25,2,0.0,68,40
2026-05-21 19:00:50,2026-05-22,4,羽毛球馆-11号,17:00-18:00,1,1,已售/已满,已售,阴,23,23,3,0.0,76,40
2026-05-21 19:30:46,2026-05-22,4,羽毛球馆-11号,17:00-18:00,1,1,已售/已满,已售,阴,23,24,2,0.0,77,39
2026-05-21 20:00:49,2026-05-22,4,羽毛球馆-11号,17:00-18:00,1,1,已售/已满,已售,雾,22,23,2,0.0,89,39
2026-05-21 20:30:44,2026-05-22,4,羽毛球馆-11号,17:00-18:00,1,1,已售/已满,已售,雾,22,24,2,0.0,93,43
2026-05-21 21:00:56,2026-05-22,4,羽毛球馆-11号,17:00-18:00,1,1,已售/已满,已售,雾,20,21,2,0.0,98,43
2026-05-21 21:30:46,2026-05-22,4,羽毛球馆-11号,17:00-18:00,1,1,已售/已满,已售,雾,20,22,1,0.0,99,41
2026-05-21 22:01:02,2026-05-22,4,羽毛球馆-11号,17:00-18:00,1,1,已售/已满,已售,雾,19,20,2,0.0,93,41
2026-05-21 22:30:47,2026-05-22,4,羽毛球馆-11号,17:00-18:00,1,1,已售/已满,已售,雾,19,19,3,0.0,88,46
2026-05-21 23:00:56,2026-05-22,4,羽毛球馆-11号,17:00-18:00,1,1,已售/已满,已售,多云,18,17,3,0.0,85,46
2026-05-21 23:30:55,2026-05-22,4,羽毛球馆-11号,17:00-18:00,1,1,已售/已满,已售,多云,18,17,3,0.0,85,48
2026-05-21 08:00:45,2026-05-22,4,羽毛球馆-11号,18:30-19:30,0,1,可预约,￥12.0,晴,17,12,5,0.0,86,29
2026-05-21 08:02:30,2026-05-22,4,羽毛球馆-11号,18:30-19:30,0,1,可预约,￥12.0,多云,17,12,5,0.0,87,29
2026-05-21 08:05:36,2026-05-22,4,羽毛球馆-11号,18:30-19:30,0,1,可预约,￥12.0,多云,17,12,5,0.0,86,29
2026-05-21 08:08:31,2026-05-22,4,羽毛球馆-11号,18:30-19:30,0,1,可预约,￥12.0,多云,17,12,5,0.0,86,29
2026-05-21 08:11:30,2026-05-22,4,羽毛球馆-11号,18:30-19:30,0,1,可预约,￥12.0,多云,17,12,5,0.0,86,29
2026-05-21 08:14:31,2026-05-22,4,羽毛球馆-11号,18:30-19:30,0,1,可预约,￥12.0,多云,17,12,5,0.0,86,29
2026-05-21 08:17:30,2026-05-22,4,羽毛球馆-11号,18:30-19:30,0,1,可预约,￥12.0,多云,17,12,5,0.0,86,29
2026-05-21 08:20:35,2026-05-22,4,羽毛球馆-11号,18:30-19:30,0,1,可预约,￥12.0,多云,17,14,4,0.0,85,29
2026-05-21 08:25:32,2026-05-22,4,羽毛球馆-11号,18:30-19:30,0,1,可预约,￥12.0,多云,17,14,4,0.0,85,28
2026-05-21 08:30:42,2026-05-22,4,羽毛球馆-11号,18:30-19:30,1,1,已售/已满,已售,多云,18,15,4,0.0,84,28
2026-05-21 08:35:31,2026-05-22,4,羽毛球馆-11号,18:30-19:30,1,1,已售/已满,已售,多云,18,15,4,0.0,84,28
2026-05-21 08:40:38,2026-05-22,4,羽毛球馆-11号,18:30-19:30,1,1,已售/已满,已售,多云,18,15,4,0.0,82,28
2026-05-21 08:45:33,2026-05-22,4,羽毛球馆-11号,18:30-19:30,1,1,已售/已满,已售,多云,18,15,4,0.0,82,28
2026-05-21 08:50:36,2026-05-22,4,羽毛球馆-11号,18:30-19:30,1,1,已售/已满,已售,多云,18,15,4,0.0,82,28
2026-05-21 08:55:34,2026-05-22,4,羽毛球馆-11号,18:30-19:30,1,1,已售/已满,已售,多云,18,15,4,0.0,84,28
2026-05-21 09:00:51,2026-05-22,4,羽毛球馆-11号,18:30-19:30,1,1,已售/已满,已售,多云,18,15,4,0.0,84,28
2026-05-21 09:01:59,2026-05-22,4,羽毛球馆-11号,18:30-19:30,1,1,已售/已满,已售,多云,18,15,4,0.0,83,28
2026-05-21 09:05:33,2026-05-22,4,羽毛球馆-11号,18:30-19:30,1,1,已售/已满,已售,多云,18,15,4,0.0,83,28
2026-05-21 09:20:38,2026-05-22,4,羽毛球馆-11号,18:30-19:30,1,1,已售/已满,已售,多云,18,16,3,0.0,81,28
2026-05-21 09:30:46,2026-05-22,4,羽毛球馆-11号,18:30-19:30,1,1,已售/已满,已售,多云,18,16,3,0.0,81,32
2026-05-21 09:40:36,2026-05-22,4,羽毛球馆-11号,18:30-19:30,1,1,已售/已满,已售,多云,19,17,3,0.0,79,32
2026-05-21 09:50:42,2026-05-22,4,羽毛球馆-11号,18:30-19:30,1,1,已售/已满,已售,多云,19,17,4,0.0,81,32
2026-05-21 10:00:46,2026-05-22,4,羽毛球馆-11号,18:30-19:30,1,1,已售/已满,已售,多云,19,17,4,0.0,79,32
2026-05-21 10:10:40,2026-05-22,4,羽毛球馆-11号,18:30-19:30,1,1,已售/已满,已售,多云,19,17,4,0.0,79,32
2026-05-21 10:20:38,2026-05-22,4,羽毛球馆-11号,18:30-19:30,1,1,已售/已满,已售,多云,19,17,4,0.0,79,32
2026-05-21 10:30:41,2026-05-22,4,羽毛球馆-11号,18:30-19:30,1,1,已售/已满,已售,多云,19,18,3,0.0,78,31
2026-05-21 11:00:44,2026-05-22,4,羽毛球馆-11号,18:30-19:30,1,1,已售/已满,已售,多云,21,17,5,0.0,74,31
2026-05-21 11:30:38,2026-05-22,4,羽毛球馆-11号,18:30-19:30,1,1,已售/已满,已售,多云,21,19,3,0.0,72,33
2026-05-21 12:00:46,2026-05-22,4,羽毛球馆-11号,18:30-19:30,1,1,已售/已满,已售,多云,22,19,4,0.0,70,33
2026-05-21 12:30:42,2026-05-22,4,羽毛球馆-11号,18:30-19:30,1,1,已售/已满,已售,多云,22,21,3,0.0,68,35
2026-05-21 13:00:43,2026-05-22,4,羽毛球馆-11号,18:30-19:30,1,1,已售/已满,已售,多云,24,22,4,0.0,66,35
2026-05-21 13:30:43,2026-05-22,4,羽毛球馆-11号,18:30-19:30,1,1,已售/已满,已售,多云,24,22,4,0.0,66,36
2026-05-21 14:00:48,2026-05-22,4,羽毛球馆-11号,18:30-19:30,1,1,已售/已满,已售,多云,25,23,4,0.0,66,36
2026-05-21 14:30:45,2026-05-22,4,羽毛球馆-11号,18:30-19:30,1,1,已售/已满,已售,晴,25,25,3,0.0,65,39
2026-05-21 15:00:45,2026-05-22,4,羽毛球馆-11号,18:30-19:30,1,1,已售/已满,已售,晴,25,22,4,0.0,56,39
2026-05-21 15:30:43,2026-05-22,4,羽毛球馆-11号,18:30-19:30,1,1,已售/已满,已售,晴,25,23,4,0.0,57,40
2026-05-21 16:00:51,2026-05-22,4,羽毛球馆-11号,18:30-19:30,1,1,已售/已满,已售,晴,25,23,4,0.0,57,40
2026-05-21 16:30:48,2026-05-22,4,羽毛球馆-11号,18:30-19:30,1,1,已售/已满,已售,晴,25,24,3,0.0,60,39
2026-05-21 17:00:49,2026-05-22,4,羽毛球馆-11号,18:30-19:30,1,1,已售/已满,已售,晴,25,24,4,0.0,61,39
2026-05-21 17:30:47,2026-05-22,4,羽毛球馆-11号,18:30-19:30,1,1,已售/已满,已售,多云,24,23,3,0.0,64,39
2026-05-21 18:00:50,2026-05-22,4,羽毛球馆-11号,18:30-19:30,1,1,已售/已满,已售,多云,24,23,3,0.0,68,39
2026-05-21 18:30:50,2026-05-22,4,羽毛球馆-11号,18:30-19:30,1,1,已售/已满,已售,阴,24,25,2,0.0,68,40
2026-05-21 19:00:50,2026-05-22,4,羽毛球馆-11号,18:30-19:30,1,1,已售/已满,已售,阴,23,23,3,0.0,76,40
2026-05-21 19:30:46,2026-05-22,4,羽毛球馆-11号,18:30-19:30,1,1,已售/已满,已售,阴,23,24,2,0.0,77,39
2026-05-21 20:00:49,2026-05-22,4,羽毛球馆-11号,18:30-19:30,1,1,已售/已满,已售,雾,22,23,2,0.0,89,39
2026-05-21 20:30:44,2026-05-22,4,羽毛球馆-11号,18:30-19:30,1,1,已售/已满,已售,雾,22,24,2,0.0,93,43
2026-05-21 21:00:56,2026-05-22,4,羽毛球馆-11号,18:30-19:30,1,1,已售/已满,已售,雾,20,21,2,0.0,98,43
2026-05-21 21:30:46,2026-05-22,4,羽毛球馆-11号,18:30-19:30,1,1,已售/已满,已售,雾,20,22,1,0.0,99,41
2026-05-21 22:01:02,2026-05-22,4,羽毛球馆-11号,18:30-19:30,1,1,已售/已满,已售,雾,19,20,2,0.0,93,41
2026-05-21 22:30:47,2026-05-22,4,羽毛球馆-11号,18:30-19:30,1,1,已售/已满,已售,雾,19,19,3,0.0,88,46
2026-05-21 23:00:56,2026-05-22,4,羽毛球馆-11号,18:30-19:30,1,1,已售/已满,已售,多云,18,17,3,0.0,85,46
2026-05-21 23:30:55,2026-05-22,4,羽毛球馆-11号,18:30-19:30,1,1,已售/已满,已售,多云,18,17,3,0.0,85,48
2026-05-21 08:00:45,2026-05-22,4,羽毛球馆-11号,19:30-20:30,1,1,已售/已满,已售,晴,17,12,5,0.0,86,29
2026-05-21 08:02:30,2026-05-22,4,羽毛球馆-11号,19:30-20:30,1,1,已售/已满,已售,多云,17,12,5,0.0,87,29
2026-05-21 08:05:36,2026-05-22,4,羽毛球馆-11号,19:30-20:30,1,1,已售/已满,已售,多云,17,12,5,0.0,86,29
2026-05-21 08:08:31,2026-05-22,4,羽毛球馆-11号,19:30-20:30,1,1,已售/已满,已售,多云,17,12,5,0.0,86,29
2026-05-21 08:11:30,2026-05-22,4,羽毛球馆-11号,19:30-20:30,1,1,已售/已满,已售,多云,17,12,5,0.0,86,29
2026-05-21 08:14:31,2026-05-22,4,羽毛球馆-11号,19:30-20:30,1,1,已售/已满,已售,多云,17,12,5,0.0,86,29
2026-05-21 08:17:30,2026-05-22,4,羽毛球馆-11号,19:30-20:30,1,1,已售/已满,已售,多云,17,12,5,0.0,86,29
2026-05-21 08:20:35,2026-05-22,4,羽毛球馆-11号,19:30-20:30,1,1,已售/已满,已售,多云,17,14,4,0.0,85,29
2026-05-21 08:25:32,2026-05-22,4,羽毛球馆-11号,19:30-20:30,1,1,已售/已满,已售,多云,17,14,4,0.0,85,28
2026-05-21 08:30:42,2026-05-22,4,羽毛球馆-11号,19:30-20:30,1,1,已售/已满,已售,多云,18,15,4,0.0,84,28
2026-05-21 08:35:31,2026-05-22,4,羽毛球馆-11号,19:30-20:30,1,1,已售/已满,已售,多云,18,15,4,0.0,84,28
2026-05-21 08:40:38,2026-05-22,4,羽毛球馆-11号,19:30-20:30,1,1,已售/已满,已售,多云,18,15,4,0.0,82,28
2026-05-21 08:45:33,2026-05-22,4,羽毛球馆-11号,19:30-20:30,1,1,已售/已满,已售,多云,18,15,4,0.0,82,28
2026-05-21 08:50:36,2026-05-22,4,羽毛球馆-11号,19:30-20:30,1,1,已售/已满,已售,多云,18,15,4,0.0,82,28
2026-05-21 08:55:34,2026-05-22,4,羽毛球馆-11号,19:30-20:30,1,1,已售/已满,已售,多云,18,15,4,0.0,84,28
2026-05-21 09:00:51,2026-05-22,4,羽毛球馆-11号,19:30-20:30,1,1,已售/已满,已售,多云,18,15,4,0.0,84,28
2026-05-21 09:01:59,2026-05-22,4,羽毛球馆-11号,19:30-20:30,1,1,已售/已满,已售,多云,18,15,4,0.0,83,28
2026-05-21 09:05:33,2026-05-22,4,羽毛球馆-11号,19:30-20:30,1,1,已售/已满,已售,多云,18,15,4,0.0,83,28
2026-05-21 09:20:38,2026-05-22,4,羽毛球馆-11号,19:30-20:30,1,1,已售/已满,已售,多云,18,16,3,0.0,81,28
2026-05-21 09:30:46,2026-05-22,4,羽毛球馆-11号,19:30-20:30,1,1,已售/已满,已售,多云,18,16,3,0.0,81,32
2026-05-21 09:40:36,2026-05-22,4,羽毛球馆-11号,19:30-20:30,1,1,已售/已满,已售,多云,19,17,3,0.0,79,32
2026-05-21 09:50:42,2026-05-22,4,羽毛球馆-11号,19:30-20:30,1,1,已售/已满,已售,多云,19,17,4,0.0,81,32
2026-05-21 10:00:46,2026-05-22,4,羽毛球馆-11号,19:30-20:30,1,1,已售/已满,已售,多云,19,17,4,0.0,79,32
2026-05-21 10:10:40,2026-05-22,4,羽毛球馆-11号,19:30-20:30,1,1,已售/已满,已售,多云,19,17,4,0.0,79,32
2026-05-21 10:20:38,2026-05-22,4,羽毛球馆-11号,19:30-20:30,1,1,已售/已满,已售,多云,19,17,4,0.0,79,32
2026-05-21 10:30:41,2026-05-22,4,羽毛球馆-11号,19:30-20:30,1,1,已售/已满,已售,多云,19,18,3,0.0,78,31
2026-05-21 11:00:44,2026-05-22,4,羽毛球馆-11号,19:30-20:30,1,1,已售/已满,已售,多云,21,17,5,0.0,74,31
2026-05-21 11:30:38,2026-05-22,4,羽毛球馆-11号,19:30-20:30,1,1,已售/已满,已售,多云,21,19,3,0.0,72,33
2026-05-21 12:00:46,2026-05-22,4,羽毛球馆-11号,19:30-20:30,1,1,已售/已满,已售,多云,22,19,4,0.0,70,33
2026-05-21 12:30:42,2026-05-22,4,羽毛球馆-11号,19:30-20:30,1,1,已售/已满,已售,多云,22,21,3,0.0,68,35
2026-05-21 13:00:43,2026-05-22,4,羽毛球馆-11号,19:30-20:30,1,1,已售/已满,已售,多云,24,22,4,0.0,66,35
2026-05-21 13:30:43,2026-05-22,4,羽毛球馆-11号,19:30-20:30,1,1,已售/已满,已售,多云,24,22,4,0.0,66,36
2026-05-21 14:00:48,2026-05-22,4,羽毛球馆-11号,19:30-20:30,1,1,已售/已满,已售,多云,25,23,4,0.0,66,36
2026-05-21 14:30:45,2026-05-22,4,羽毛球馆-11号,19:30-20:30,1,1,已售/已满,已售,晴,25,25,3,0.0,65,39
2026-05-21 15:00:45,2026-05-22,4,羽毛球馆-11号,19:30-20:30,1,1,已售/已满,已售,晴,25,22,4,0.0,56,39
2026-05-21 15:30:43,2026-05-22,4,羽毛球馆-11号,19:30-20:30,1,1,已售/已满,已售,晴,25,23,4,0.0,57,40
2026-05-21 16:00:51,2026-05-22,4,羽毛球馆-11号,19:30-20:30,1,1,已售/已满,已售,晴,25,23,4,0.0,57,40
2026-05-21 16:30:48,2026-05-22,4,羽毛球馆-11号,19:30-20:30,1,1,已售/已满,已售,晴,25,24,3,0.0,60,39
2026-05-21 17:00:49,2026-05-22,4,羽毛球馆-11号,19:30-20:30,1,1,已售/已满,已售,晴,25,24,4,0.0,61,39
2026-05-21 17:30:47,2026-05-22,4,羽毛球馆-11号,19:30-20:30,1,1,已售/已满,已售,多云,24,23,3,0.0,64,39
2026-05-21 18:00:50,2026-05-22,4,羽毛球馆-11号,19:30-20:30,1,1,已售/已满,已售,多云,24,23,3,0.0,68,39
2026-05-21 18:30:50,2026-05-22,4,羽毛球馆-11号,19:30-20:30,1,1,已售/已满,已售,阴,24,25,2,0.0,68,40
2026-05-21 19:00:50,2026-05-22,4,羽毛球馆-11号,19:30-20:30,1,1,已售/已满,已售,阴,23,23,3,0.0,76,40
2026-05-21 19:30:46,2026-05-22,4,羽毛球馆-11号,19:30-20:30,1,1,已售/已满,已售,阴,23,24,2,0.0,77,39
2026-05-21 20:00:49,2026-05-22,4,羽毛球馆-11号,19:30-20:30,1,1,已售/已满,已售,雾,22,23,2,0.0,89,39
2026-05-21 20:30:44,2026-05-22,4,羽毛球馆-11号,19:30-20:30,1,1,已售/已满,已售,雾,22,24,2,0.0,93,43
2026-05-21 21:00:56,2026-05-22,4,羽毛球馆-11号,19:30-20:30,1,1,已售/已满,已售,雾,20,21,2,0.0,98,43
2026-05-21 21:30:46,2026-05-22,4,羽毛球馆-11号,19:30-20:30,1,1,已售/已满,已售,雾,20,22,1,0.0,99,41
2026-05-21 22:01:02,2026-05-22,4,羽毛球馆-11号,19:30-20:30,1,1,已售/已满,已售,雾,19,20,2,0.0,93,41
2026-05-21 22:30:47,2026-05-22,4,羽毛球馆-11号,19:30-20:30,1,1,已售/已满,已售,雾,19,19,3,0.0,88,46
2026-05-21 23:00:56,2026-05-22,4,羽毛球馆-11号,19:30-20:30,1,1,已售/已满,已售,多云,18,17,3,0.0,85,46
2026-05-21 23:30:55,2026-05-22,4,羽毛球馆-11号,19:30-20:30,1,1,已售/已满,已售,多云,18,17,3,0.0,85,48
2026-05-21 08:00:45,2026-05-22,4,羽毛球馆-11号,20:30-21:30,1,1,已售/已满,已售,晴,17,12,5,0.0,86,29
2026-05-21 08:02:30,2026-05-22,4,羽毛球馆-11号,20:30-21:30,1,1,已售/已满,已售,多云,17,12,5,0.0,87,29
2026-05-21 08:05:36,2026-05-22,4,羽毛球馆-11号,20:30-21:30,1,1,已售/已满,已售,多云,17,12,5,0.0,86,29
2026-05-21 08:08:31,2026-05-22,4,羽毛球馆-11号,20:30-21:30,1,1,已售/已满,已售,多云,17,12,5,0.0,86,29
2026-05-21 08:11:30,2026-05-22,4,羽毛球馆-11号,20:30-21:30,1,1,已售/已满,已售,多云,17,12,5,0.0,86,29
2026-05-21 08:14:31,2026-05-22,4,羽毛球馆-11号,20:30-21:30,1,1,已售/已满,已售,多云,17,12,5,0.0,86,29
2026-05-21 08:17:30,2026-05-22,4,羽毛球馆-11号,20:30-21:30,1,1,已售/已满,已售,多云,17,12,5,0.0,86,29
2026-05-21 08:20:35,2026-05-22,4,羽毛球馆-11号,20:30-21:30,1,1,已售/已满,已售,多云,17,14,4,0.0,85,29
2026-05-21 08:25:32,2026-05-22,4,羽毛球馆-11号,20:30-21:30,1,1,已售/已满,已售,多云,17,14,4,0.0,85,28
2026-05-21 08:30:42,2026-05-22,4,羽毛球馆-11号,20:30-21:30,1,1,已售/已满,已售,多云,18,15,4,0.0,84,28
2026-05-21 08:35:31,2026-05-22,4,羽毛球馆-11号,20:30-21:30,1,1,已售/已满,已售,多云,18,15,4,0.0,84,28
2026-05-21 08:40:38,2026-05-22,4,羽毛球馆-11号,20:30-21:30,1,1,已售/已满,已售,多云,18,15,4,0.0,82,28
2026-05-21 08:45:33,2026-05-22,4,羽毛球馆-11号,20:30-21:30,1,1,已售/已满,已售,多云,18,15,4,0.0,82,28
2026-05-21 08:50:36,2026-05-22,4,羽毛球馆-11号,20:30-21:30,1,1,已售/已满,已售,多云,18,15,4,0.0,82,28
2026-05-21 08:55:34,2026-05-22,4,羽毛球馆-11号,20:30-21:30,1,1,已售/已满,已售,多云,18,15,4,0.0,84,28
2026-05-21 09:00:51,2026-05-22,4,羽毛球馆-11号,20:30-21:30,1,1,已售/已满,已售,多云,18,15,4,0.0,84,28
2026-05-21 09:01:59,2026-05-22,4,羽毛球馆-11号,20:30-21:30,1,1,已售/已满,已售,多云,18,15,4,0.0,83,28
2026-05-21 09:05:33,2026-05-22,4,羽毛球馆-11号,20:30-21:30,1,1,已售/已满,已售,多云,18,15,4,0.0,83,28
2026-05-21 09:20:38,2026-05-22,4,羽毛球馆-11号,20:30-21:30,1,1,已售/已满,已售,多云,18,16,3,0.0,81,28
2026-05-21 09:30:46,2026-05-22,4,羽毛球馆-11号,20:30-21:30,1,1,已售/已满,已售,多云,18,16,3,0.0,81,32
2026-05-21 09:40:36,2026-05-22,4,羽毛球馆-11号,20:30-21:30,1,1,已售/已满,已售,多云,19,17,3,0.0,79,32
2026-05-21 09:50:42,2026-05-22,4,羽毛球馆-11号,20:30-21:30,1,1,已售/已满,已售,多云,19,17,4,0.0,81,32
2026-05-21 10:00:46,2026-05-22,4,羽毛球馆-11号,20:30-21:30,1,1,已售/已满,已售,多云,19,17,4,0.0,79,32
2026-05-21 10:10:40,2026-05-22,4,羽毛球馆-11号,20:30-21:30,1,1,已售/已满,已售,多云,19,17,4,0.0,79,32
2026-05-21 10:20:38,2026-05-22,4,羽毛球馆-11号,20:30-21:30,1,1,已售/已满,已售,多云,19,17,4,0.0,79,32
2026-05-21 10:30:41,2026-05-22,4,羽毛球馆-11号,20:30-21:30,1,1,已售/已满,已售,多云,19,18,3,0.0,78,31
2026-05-21 11:00:44,2026-05-22,4,羽毛球馆-11号,20:30-21:30,1,1,已售/已满,已售,多云,21,17,5,0.0,74,31
2026-05-21 11:30:38,2026-05-22,4,羽毛球馆-11号,20:30-21:30,1,1,已售/已满,已售,多云,21,19,3,0.0,72,33
2026-05-21 12:00:46,2026-05-22,4,羽毛球馆-11号,20:30-21:30,1,1,已售/已满,已售,多云,22,19,4,0.0,70,33
2026-05-21 12:30:42,2026-05-22,4,羽毛球馆-11号,20:30-21:30,1,1,已售/已满,已售,多云,22,21,3,0.0,68,35
2026-05-21 13:00:43,2026-05-22,4,羽毛球馆-11号,20:30-21:30,1,1,已售/已满,已售,多云,24,22,4,0.0,66,35
2026-05-21 13:30:43,2026-05-22,4,羽毛球馆-11号,20:30-21:30,1,1,已售/已满,已售,多云,24,22,4,0.0,66,36
2026-05-21 14:00:48,2026-05-22,4,羽毛球馆-11号,20:30-21:30,1,1,已售/已满,已售,多云,25,23,4,0.0,66,36
2026-05-21 14:30:45,2026-05-22,4,羽毛球馆-11号,20:30-21:30,1,1,已售/已满,已售,晴,25,25,3,0.0,65,39
2026-05-21 15:00:45,2026-05-22,4,羽毛球馆-11号,20:30-21:30,1,1,已售/已满,已售,晴,25,22,4,0.0,56,39
2026-05-21 15:30:43,2026-05-22,4,羽毛球馆-11号,20:30-21:30,1,1,已售/已满,已售,晴,25,23,4,0.0,57,40
2026-05-21 16:00:51,2026-05-22,4,羽毛球馆-11号,20:30-21:30,1,1,已售/已满,已售,晴,25,23,4,0.0,57,40
2026-05-21 16:30:48,2026-05-22,4,羽毛球馆-11号,20:30-21:30,1,1,已售/已满,已售,晴,25,24,3,0.0,60,39
2026-05-21 17:00:49,2026-05-22,4,羽毛球馆-11号,20:30-21:30,1,1,已售/已满,已售,晴,25,24,4,0.0,61,39
2026-05-21 17:30:47,2026-05-22,4,羽毛球馆-11号,20:30-21:30,1,1,已售/已满,已售,多云,24,23,3,0.0,64,39
2026-05-21 18:00:50,2026-05-22,4,羽毛球馆-11号,20:30-21:30,1,1,已售/已满,已售,多云,24,23,3,0.0,68,39
2026-05-21 18:30:50,2026-05-22,4,羽毛球馆-11号,20:30-21:30,1,1,已售/已满,已售,阴,24,25,2,0.0,68,40
2026-05-21 19:00:50,2026-05-22,4,羽毛球馆-11号,20:30-21:30,1,1,已售/已满,已售,阴,23,23,3,0.0,76,40
2026-05-21 19:30:46,2026-05-22,4,羽毛球馆-11号,20:30-21:30,1,1,已售/已满,已售,阴,23,24,2,0.0,77,39
2026-05-21 20:00:49,2026-05-22,4,羽毛球馆-11号,20:30-21:30,1,1,已售/已满,已售,雾,22,23,2,0.0,89,39
2026-05-21 20:30:44,2026-05-22,4,羽毛球馆-11号,20:30-21:30,1,1,已售/已满,已售,雾,22,24,2,0.0,93,43
2026-05-21 21:00:56,2026-05-22,4,羽毛球馆-11号,20:30-21:30,1,1,已售/已满,已售,雾,20,21,2,0.0,98,43
2026-05-21 21:30:46,2026-05-22,4,羽毛球馆-11号,20:30-21:30,1,1,已售/已满,已售,雾,20,22,1,0.0,99,41
2026-05-21 22:01:02,2026-05-22,4,羽毛球馆-11号,20:30-21:30,1,1,已售/已满,已售,雾,19,20,2,0.0,93,41
2026-05-21 22:30:47,2026-05-22,4,羽毛球馆-11号,20:30-21:30,1,1,已售/已满,已售,雾,19,19,3,0.0,88,46
2026-05-21 23:00:56,2026-05-22,4,羽毛球馆-11号,20:30-21:30,1,1,已售/已满,已售,多云,18,17,3,0.0,85,46
2026-05-21 23:30:55,2026-05-22,4,羽毛球馆-11号,20:30-21:30,1,1,已售/已满,已售,多云,18,17,3,0.0,85,48
2026-05-21 08:00:45,2026-05-22,4,羽毛球馆-12号,07:00-08:00,0,1,可预约,￥0.0,晴,17,12,5,0.0,86,29
2026-05-21 08:02:30,2026-05-22,4,羽毛球馆-12号,07:00-08:00,0,1,可预约,￥0.0,多云,17,12,5,0.0,87,29
2026-05-21 08:05:36,2026-05-22,4,羽毛球馆-12号,07:00-08:00,0,1,可预约,￥0.0,多云,17,12,5,0.0,86,29
2026-05-21 08:08:31,2026-05-22,4,羽毛球馆-12号,07:00-08:00,0,1,可预约,￥0.0,多云,17,12,5,0.0,86,29
2026-05-21 08:11:30,2026-05-22,4,羽毛球馆-12号,07:00-08:00,0,1,可预约,￥0.0,多云,17,12,5,0.0,86,29
2026-05-21 08:14:31,2026-05-22,4,羽毛球馆-12号,07:00-08:00,0,1,可预约,￥0.0,多云,17,12,5,0.0,86,29
2026-05-21 08:17:30,2026-05-22,4,羽毛球馆-12号,07:00-08:00,0,1,可预约,￥0.0,多云,17,12,5,0.0,86,29
2026-05-21 08:20:35,2026-05-22,4,羽毛球馆-12号,07:00-08:00,0,1,可预约,￥0.0,多云,17,14,4,0.0,85,29
2026-05-21 08:25:32,2026-05-22,4,羽毛球馆-12号,07:00-08:00,0,1,可预约,￥0.0,多云,17,14,4,0.0,85,28
2026-05-21 08:30:42,2026-05-22,4,羽毛球馆-12号,07:00-08:00,0,1,可预约,￥0.0,多云,18,15,4,0.0,84,28
2026-05-21 08:35:31,2026-05-22,4,羽毛球馆-12号,07:00-08:00,0,1,可预约,￥0.0,多云,18,15,4,0.0,84,28
2026-05-21 08:40:38,2026-05-22,4,羽毛球馆-12号,07:00-08:00,0,1,可预约,￥0.0,多云,18,15,4,0.0,82,28
2026-05-21 08:45:33,2026-05-22,4,羽毛球馆-12号,07:00-08:00,0,1,可预约,￥0.0,多云,18,15,4,0.0,82,28
2026-05-21 08:50:36,2026-05-22,4,羽毛球馆-12号,07:00-08:00,0,1,可预约,￥0.0,多云,18,15,4,0.0,82,28
2026-05-21 08:55:34,2026-05-22,4,羽毛球馆-12号,07:00-08:00,0,1,可预约,￥0.0,多云,18,15,4,0.0,84,28
2026-05-21 09:00:51,2026-05-22,4,羽毛球馆-12号,07:00-08:00,0,1,可预约,￥0.0,多云,18,15,4,0.0,84,28
2026-05-21 09:01:59,2026-05-22,4,羽毛球馆-12号,07:00-08:00,0,1,可预约,￥0.0,多云,18,15,4,0.0,83,28
2026-05-21 09:05:33,2026-05-22,4,羽毛球馆-12号,07:00-08:00,0,1,可预约,￥0.0,多云,18,15,4,0.0,83,28
2026-05-21 09:20:38,2026-05-22,4,羽毛球馆-12号,07:00-08:00,0,1,可预约,￥0.0,多云,18,16,3,0.0,81,28
2026-05-21 09:30:46,2026-05-22,4,羽毛球馆-12号,07:00-08:00,0,1,可预约,￥0.0,多云,18,16,3,0.0,81,32
2026-05-21 09:40:36,2026-05-22,4,羽毛球馆-12号,07:00-08:00,0,1,可预约,￥0.0,多云,19,17,3,0.0,79,32
2026-05-21 09:50:42,2026-05-22,4,羽毛球馆-12号,07:00-08:00,0,1,可预约,￥0.0,多云,19,17,4,0.0,81,32
2026-05-21 10:00:46,2026-05-22,4,羽毛球馆-12号,07:00-08:00,0,1,可预约,￥0.0,多云,19,17,4,0.0,79,32
2026-05-21 10:10:40,2026-05-22,4,羽毛球馆-12号,07:00-08:00,0,1,可预约,￥0.0,多云,19,17,4,0.0,79,32
2026-05-21 10:20:38,2026-05-22,4,羽毛球馆-12号,07:00-08:00,0,1,可预约,￥0.0,多云,19,17,4,0.0,79,32
2026-05-21 10:30:41,2026-05-22,4,羽毛球馆-12号,07:00-08:00,0,1,可预约,￥0.0,多云,19,18,3,0.0,78,31
2026-05-21 11:00:44,2026-05-22,4,羽毛球馆-12号,07:00-08:00,0,1,可预约,￥0.0,多云,21,17,5,0.0,74,31
2026-05-21 11:30:38,2026-05-22,4,羽毛球馆-12号,07:00-08:00,0,1,可预约,￥0.0,多云,21,19,3,0.0,72,33
2026-05-21 12:00:46,2026-05-22,4,羽毛球馆-12号,07:00-08:00,0,1,可预约,￥0.0,多云,22,19,4,0.0,70,33
2026-05-21 12:30:42,2026-05-22,4,羽毛球馆-12号,07:00-08:00,0,1,可预约,￥0.0,多云,22,21,3,0.0,68,35
2026-05-21 13:00:43,2026-05-22,4,羽毛球馆-12号,07:00-08:00,0,1,可预约,￥0.0,多云,24,22,4,0.0,66,35
2026-05-21 13:30:43,2026-05-22,4,羽毛球馆-12号,07:00-08:00,0,1,可预约,￥0.0,多云,24,22,4,0.0,66,36
2026-05-21 14:00:48,2026-05-22,4,羽毛球馆-12号,07:00-08:00,0,1,可预约,￥0.0,多云,25,23,4,0.0,66,36
2026-05-21 14:30:45,2026-05-22,4,羽毛球馆-12号,07:00-08:00,0,1,可预约,￥0.0,晴,25,25,3,0.0,65,39
2026-05-21 15:00:45,2026-05-22,4,羽毛球馆-12号,07:00-08:00,0,1,可预约,￥0.0,晴,25,22,4,0.0,56,39
2026-05-21 15:30:43,2026-05-22,4,羽毛球馆-12号,07:00-08:00,0,1,可预约,￥0.0,晴,25,23,4,0.0,57,40
2026-05-21 16:00:51,2026-05-22,4,羽毛球馆-12号,07:00-08:00,0,1,可预约,￥0.0,晴,25,23,4,0.0,57,40
2026-05-21 16:30:48,2026-05-22,4,羽毛球馆-12号,07:00-08:00,0,1,可预约,￥0.0,晴,25,24,3,0.0,60,39
2026-05-21 17:00:49,2026-05-22,4,羽毛球馆-12号,07:00-08:00,0,1,可预约,￥0.0,晴,25,24,4,0.0,61,39
2026-05-21 17:30:47,2026-05-22,4,羽毛球馆-12号,07:00-08:00,0,1,可预约,￥0.0,多云,24,23,3,0.0,64,39
2026-05-21 18:00:50,2026-05-22,4,羽毛球馆-12号,07:00-08:00,0,1,可预约,￥0.0,多云,24,23,3,0.0,68,39
2026-05-21 18:30:50,2026-05-22,4,羽毛球馆-12号,07:00-08:00,0,1,可预约,￥0.0,阴,24,25,2,0.0,68,40
2026-05-21 19:00:50,2026-05-22,4,羽毛球馆-12号,07:00-08:00,0,1,可预约,￥0.0,阴,23,23,3,0.0,76,40
2026-05-21 19:30:46,2026-05-22,4,羽毛球馆-12号,07:00-08:00,0,1,可预约,￥0.0,阴,23,24,2,0.0,77,39
2026-05-21 20:00:49,2026-05-22,4,羽毛球馆-12号,07:00-08:00,0,1,可预约,￥0.0,雾,22,23,2,0.0,89,39
2026-05-21 20:30:44,2026-05-22,4,羽毛球馆-12号,07:00-08:00,0,1,可预约,￥0.0,雾,22,24,2,0.0,93,43
2026-05-21 21:00:56,2026-05-22,4,羽毛球馆-12号,07:00-08:00,0,1,可预约,￥0.0,雾,20,21,2,0.0,98,43
2026-05-21 21:30:46,2026-05-22,4,羽毛球馆-12号,07:00-08:00,0,1,可预约,￥0.0,雾,20,22,1,0.0,99,41
2026-05-21 22:01:02,2026-05-22,4,羽毛球馆-12号,07:00-08:00,0,1,可预约,￥0.0,雾,19,20,2,0.0,93,41
2026-05-21 22:30:47,2026-05-22,4,羽毛球馆-12号,07:00-08:00,0,1,可预约,￥0.0,雾,19,19,3,0.0,88,46
2026-05-21 23:00:56,2026-05-22,4,羽毛球馆-12号,07:00-08:00,0,1,可预约,￥0.0,多云,18,17,3,0.0,85,46
2026-05-21 23:30:55,2026-05-22,4,羽毛球馆-12号,07:00-08:00,0,1,可预约,￥0.0,多云,18,17,3,0.0,85,48
2026-05-21 08:00:45,2026-05-22,4,羽毛球馆-12号,08:00-09:00,0,1,可预约,￥0.0,晴,17,12,5,0.0,86,29
2026-05-21 08:02:30,2026-05-22,4,羽毛球馆-12号,08:00-09:00,0,1,可预约,￥0.0,多云,17,12,5,0.0,87,29
2026-05-21 08:05:36,2026-05-22,4,羽毛球馆-12号,08:00-09:00,0,1,可预约,￥0.0,多云,17,12,5,0.0,86,29
2026-05-21 08:08:31,2026-05-22,4,羽毛球馆-12号,08:00-09:00,0,1,可预约,￥0.0,多云,17,12,5,0.0,86,29
2026-05-21 08:11:30,2026-05-22,4,羽毛球馆-12号,08:00-09:00,0,1,可预约,￥0.0,多云,17,12,5,0.0,86,29
2026-05-21 08:14:31,2026-05-22,4,羽毛球馆-12号,08:00-09:00,0,1,可预约,￥0.0,多云,17,12,5,0.0,86,29
2026-05-21 08:17:30,2026-05-22,4,羽毛球馆-12号,08:00-09:00,0,1,可预约,￥0.0,多云,17,12,5,0.0,86,29
2026-05-21 08:20:35,2026-05-22,4,羽毛球馆-12号,08:00-09:00,0,1,可预约,￥0.0,多云,17,14,4,0.0,85,29
2026-05-21 08:25:32,2026-05-22,4,羽毛球馆-12号,08:00-09:00,0,1,可预约,￥0.0,多云,17,14,4,0.0,85,28
2026-05-21 08:30:42,2026-05-22,4,羽毛球馆-12号,08:00-09:00,0,1,可预约,￥0.0,多云,18,15,4,0.0,84,28
2026-05-21 08:35:31,2026-05-22,4,羽毛球馆-12号,08:00-09:00,0,1,可预约,￥0.0,多云,18,15,4,0.0,84,28
2026-05-21 08:40:38,2026-05-22,4,羽毛球馆-12号,08:00-09:00,0,1,可预约,￥0.0,多云,18,15,4,0.0,82,28
2026-05-21 08:45:33,2026-05-22,4,羽毛球馆-12号,08:00-09:00,0,1,可预约,￥0.0,多云,18,15,4,0.0,82,28
2026-05-21 08:50:36,2026-05-22,4,羽毛球馆-12号,08:00-09:00,0,1,可预约,￥0.0,多云,18,15,4,0.0,82,28
2026-05-21 08:55:34,2026-05-22,4,羽毛球馆-12号,08:00-09:00,0,1,可预约,￥0.0,多云,18,15,4,0.0,84,28
2026-05-21 09:00:51,2026-05-22,4,羽毛球馆-12号,08:00-09:00,0,1,可预约,￥0.0,多云,18,15,4,0.0,84,28
2026-05-21 09:01:59,2026-05-22,4,羽毛球馆-12号,08:00-09:00,0,1,可预约,￥0.0,多云,18,15,4,0.0,83,28
2026-05-21 09:05:33,2026-05-22,4,羽毛球馆-12号,08:00-09:00,0,1,可预约,￥0.0,多云,18,15,4,0.0,83,28
2026-05-21 09:20:38,2026-05-22,4,羽毛球馆-12号,08:00-09:00,0,1,可预约,￥0.0,多云,18,16,3,0.0,81,28
2026-05-21 09:30:46,2026-05-22,4,羽毛球馆-12号,08:00-09:00,0,1,可预约,￥0.0,多云,18,16,3,0.0,81,32
2026-05-21 09:40:36,2026-05-22,4,羽毛球馆-12号,08:00-09:00,0,1,可预约,￥0.0,多云,19,17,3,0.0,79,32
2026-05-21 09:50:42,2026-05-22,4,羽毛球馆-12号,08:00-09:00,0,1,可预约,￥0.0,多云,19,17,4,0.0,81,32
2026-05-21 10:00:46,2026-05-22,4,羽毛球馆-12号,08:00-09:00,0,1,可预约,￥0.0,多云,19,17,4,0.0,79,32
2026-05-21 10:10:40,2026-05-22,4,羽毛球馆-12号,08:00-09:00,0,1,可预约,￥0.0,多云,19,17,4,0.0,79,32
2026-05-21 10:20:38,2026-05-22,4,羽毛球馆-12号,08:00-09:00,0,1,可预约,￥0.0,多云,19,17,4,0.0,79,32
2026-05-21 10:30:41,2026-05-22,4,羽毛球馆-12号,08:00-09:00,0,1,可预约,￥0.0,多云,19,18,3,0.0,78,31
2026-05-21 11:00:44,2026-05-22,4,羽毛球馆-12号,08:00-09:00,0,1,可预约,￥0.0,多云,21,17,5,0.0,74,31
2026-05-21 11:30:38,2026-05-22,4,羽毛球馆-12号,08:00-09:00,0,1,可预约,￥0.0,多云,21,19,3,0.0,72,33
2026-05-21 12:00:46,2026-05-22,4,羽毛球馆-12号,08:00-09:00,0,1,可预约,￥0.0,多云,22,19,4,0.0,70,33
2026-05-21 12:30:42,2026-05-22,4,羽毛球馆-12号,08:00-09:00,0,1,可预约,￥0.0,多云,22,21,3,0.0,68,35
2026-05-21 13:00:43,2026-05-22,4,羽毛球馆-12号,08:00-09:00,0,1,可预约,￥0.0,多云,24,22,4,0.0,66,35
2026-05-21 13:30:43,2026-05-22,4,羽毛球馆-12号,08:00-09:00,0,1,可预约,￥0.0,多云,24,22,4,0.0,66,36
2026-05-21 14:00:48,2026-05-22,4,羽毛球馆-12号,08:00-09:00,0,1,可预约,￥0.0,多云,25,23,4,0.0,66,36
2026-05-21 14:30:45,2026-05-22,4,羽毛球馆-12号,08:00-09:00,0,1,可预约,￥0.0,晴,25,25,3,0.0,65,39
2026-05-21 15:00:45,2026-05-22,4,羽毛球馆-12号,08:00-09:00,0,1,可预约,￥0.0,晴,25,22,4,0.0,56,39
2026-05-21 15:30:43,2026-05-22,4,羽毛球馆-12号,08:00-09:00,0,1,可预约,￥0.0,晴,25,23,4,0.0,57,40
2026-05-21 16:00:51,2026-05-22,4,羽毛球馆-12号,08:00-09:00,0,1,可预约,￥0.0,晴,25,23,4,0.0,57,40
2026-05-21 16:30:48,2026-05-22,4,羽毛球馆-12号,08:00-09:00,0,1,可预约,￥0.0,晴,25,24,3,0.0,60,39
2026-05-21 17:00:49,2026-05-22,4,羽毛球馆-12号,08:00-09:00,0,1,可预约,￥0.0,晴,25,24,4,0.0,61,39
2026-05-21 17:30:47,2026-05-22,4,羽毛球馆-12号,08:00-09:00,0,1,可预约,￥0.0,多云,24,23,3,0.0,64,39
2026-05-21 18:00:50,2026-05-22,4,羽毛球馆-12号,08:00-09:00,0,1,可预约,￥0.0,多云,24,23,3,0.0,68,39
2026-05-21 18:30:50,2026-05-22,4,羽毛球馆-12号,08:00-09:00,0,1,可预约,￥0.0,阴,24,25,2,0.0,68,40
2026-05-21 19:00:50,2026-05-22,4,羽毛球馆-12号,08:00-09:00,0,1,可预约,￥0.0,阴,23,23,3,0.0,76,40
2026-05-21 19:30:46,2026-05-22,4,羽毛球馆-12号,08:00-09:00,0,1,可预约,￥0.0,阴,23,24,2,0.0,77,39
2026-05-21 20:00:49,2026-05-22,4,羽毛球馆-12号,08:00-09:00,0,1,可预约,￥0.0,雾,22,23,2,0.0,89,39
2026-05-21 20:30:44,2026-05-22,4,羽毛球馆-12号,08:00-09:00,0,1,可预约,￥0.0,雾,22,24,2,0.0,93,43
2026-05-21 21:00:56,2026-05-22,4,羽毛球馆-12号,08:00-09:00,0,1,可预约,￥0.0,雾,20,21,2,0.0,98,43
2026-05-21 21:30:46,2026-05-22,4,羽毛球馆-12号,08:00-09:00,0,1,可预约,￥0.0,雾,20,22,1,0.0,99,41
2026-05-21 22:01:02,2026-05-22,4,羽毛球馆-12号,08:00-09:00,0,1,可预约,￥0.0,雾,19,20,2,0.0,93,41
2026-05-21 22:30:47,2026-05-22,4,羽毛球馆-12号,08:00-09:00,0,1,可预约,￥0.0,雾,19,19,3,0.0,88,46
2026-05-21 23:00:56,2026-05-22,4,羽毛球馆-12号,08:00-09:00,0,1,可预约,￥0.0,多云,18,17,3,0.0,85,46
2026-05-21 23:30:55,2026-05-22,4,羽毛球馆-12号,08:00-09:00,0,1,可预约,￥0.0,多云,18,17,3,0.0,85,48
2026-05-21 08:00:45,2026-05-22,4,羽毛球馆-12号,09:00-10:00,0,1,可预约,￥12.0,晴,17,12,5,0.0,86,29
2026-05-21 08:02:30,2026-05-22,4,羽毛球馆-12号,09:00-10:00,0,1,可预约,￥12.0,多云,17,12,5,0.0,87,29
2026-05-21 08:05:36,2026-05-22,4,羽毛球馆-12号,09:00-10:00,0,1,可预约,￥12.0,多云,17,12,5,0.0,86,29
2026-05-21 08:08:31,2026-05-22,4,羽毛球馆-12号,09:00-10:00,0,1,可预约,￥12.0,多云,17,12,5,0.0,86,29
2026-05-21 08:11:30,2026-05-22,4,羽毛球馆-12号,09:00-10:00,0,1,可预约,￥12.0,多云,17,12,5,0.0,86,29
2026-05-21 08:14:31,2026-05-22,4,羽毛球馆-12号,09:00-10:00,0,1,可预约,￥12.0,多云,17,12,5,0.0,86,29
2026-05-21 08:17:30,2026-05-22,4,羽毛球馆-12号,09:00-10:00,0,1,可预约,￥12.0,多云,17,12,5,0.0,86,29
2026-05-21 08:20:35,2026-05-22,4,羽毛球馆-12号,09:00-10:00,0,1,可预约,￥12.0,多云,17,14,4,0.0,85,29
2026-05-21 08:25:32,2026-05-22,4,羽毛球馆-12号,09:00-10:00,0,1,可预约,￥12.0,多云,17,14,4,0.0,85,28
2026-05-21 08:30:42,2026-05-22,4,羽毛球馆-12号,09:00-10:00,0,1,可预约,￥12.0,多云,18,15,4,0.0,84,28
2026-05-21 08:35:31,2026-05-22,4,羽毛球馆-12号,09:00-10:00,0,1,可预约,￥12.0,多云,18,15,4,0.0,84,28
2026-05-21 08:40:38,2026-05-22,4,羽毛球馆-12号,09:00-10:00,0,1,可预约,￥12.0,多云,18,15,4,0.0,82,28
2026-05-21 08:45:33,2026-05-22,4,羽毛球馆-12号,09:00-10:00,0,1,可预约,￥12.0,多云,18,15,4,0.0,82,28
2026-05-21 08:50:36,2026-05-22,4,羽毛球馆-12号,09:00-10:00,0,1,可预约,￥12.0,多云,18,15,4,0.0,82,28
2026-05-21 08:55:34,2026-05-22,4,羽毛球馆-12号,09:00-10:00,0,1,可预约,￥12.0,多云,18,15,4,0.0,84,28
2026-05-21 09:00:51,2026-05-22,4,羽毛球馆-12号,09:00-10:00,0,1,可预约,￥12.0,多云,18,15,4,0.0,84,28
2026-05-21 09:01:59,2026-05-22,4,羽毛球馆-12号,09:00-10:00,0,1,可预约,￥12.0,多云,18,15,4,0.0,83,28
2026-05-21 09:05:33,2026-05-22,4,羽毛球馆-12号,09:00-10:00,0,1,可预约,￥12.0,多云,18,15,4,0.0,83,28
2026-05-21 09:20:38,2026-05-22,4,羽毛球馆-12号,09:00-10:00,0,1,可预约,￥12.0,多云,18,16,3,0.0,81,28
2026-05-21 09:30:46,2026-05-22,4,羽毛球馆-12号,09:00-10:00,0,1,可预约,￥12.0,多云,18,16,3,0.0,81,32
2026-05-21 09:40:36,2026-05-22,4,羽毛球馆-12号,09:00-10:00,0,1,可预约,￥12.0,多云,19,17,3,0.0,79,32
2026-05-21 09:50:42,2026-05-22,4,羽毛球馆-12号,09:00-10:00,0,1,可预约,￥12.0,多云,19,17,4,0.0,81,32
2026-05-21 10:00:46,2026-05-22,4,羽毛球馆-12号,09:00-10:00,0,1,可预约,￥12.0,多云,19,17,4,0.0,79,32
2026-05-21 10:10:40,2026-05-22,4,羽毛球馆-12号,09:00-10:00,0,1,可预约,￥12.0,多云,19,17,4,0.0,79,32
2026-05-21 10:20:38,2026-05-22,4,羽毛球馆-12号,09:00-10:00,0,1,可预约,￥12.0,多云,19,17,4,0.0,79,32
2026-05-21 10:30:41,2026-05-22,4,羽毛球馆-12号,09:00-10:00,0,1,可预约,￥12.0,多云,19,18,3,0.0,78,31
2026-05-21 11:00:44,2026-05-22,4,羽毛球馆-12号,09:00-10:00,0,1,可预约,￥12.0,多云,21,17,5,0.0,74,31
2026-05-21 11:30:38,2026-05-22,4,羽毛球馆-12号,09:00-10:00,0,1,可预约,￥12.0,多云,21,19,3,0.0,72,33
2026-05-21 12:00:46,2026-05-22,4,羽毛球馆-12号,09:00-10:00,0,1,可预约,￥12.0,多云,22,19,4,0.0,70,33
2026-05-21 12:30:42,2026-05-22,4,羽毛球馆-12号,09:00-10:00,0,1,可预约,￥12.0,多云,22,21,3,0.0,68,35
2026-05-21 13:00:43,2026-05-22,4,羽毛球馆-12号,09:00-10:00,0,1,可预约,￥12.0,多云,24,22,4,0.0,66,35
2026-05-21 13:30:43,2026-05-22,4,羽毛球馆-12号,09:00-10:00,0,1,可预约,￥12.0,多云,24,22,4,0.0,66,36
2026-05-21 14:00:48,2026-05-22,4,羽毛球馆-12号,09:00-10:00,0,1,可预约,￥12.0,多云,25,23,4,0.0,66,36
2026-05-21 14:30:45,2026-05-22,4,羽毛球馆-12号,09:00-10:00,0,1,可预约,￥12.0,晴,25,25,3,0.0,65,39
2026-05-21 15:00:45,2026-05-22,4,羽毛球馆-12号,09:00-10:00,0,1,可预约,￥12.0,晴,25,22,4,0.0,56,39
2026-05-21 15:30:43,2026-05-22,4,羽毛球馆-12号,09:00-10:00,0,1,可预约,￥12.0,晴,25,23,4,0.0,57,40
2026-05-21 16:00:51,2026-05-22,4,羽毛球馆-12号,09:00-10:00,0,1,可预约,￥12.0,晴,25,23,4,0.0,57,40
2026-05-21 16:30:48,2026-05-22,4,羽毛球馆-12号,09:00-10:00,0,1,可预约,￥12.0,晴,25,24,3,0.0,60,39
2026-05-21 17:00:49,2026-05-22,4,羽毛球馆-12号,09:00-10:00,0,1,可预约,￥12.0,晴,25,24,4,0.0,61,39
2026-05-21 17:30:47,2026-05-22,4,羽毛球馆-12号,09:00-10:00,0,1,可预约,￥12.0,多云,24,23,3,0.0,64,39
2026-05-21 18:00:50,2026-05-22,4,羽毛球馆-12号,09:00-10:00,0,1,可预约,￥12.0,多云,24,23,3,0.0,68,39
2026-05-21 18:30:50,2026-05-22,4,羽毛球馆-12号,09:00-10:00,0,1,可预约,￥12.0,阴,24,25,2,0.0,68,40
2026-05-21 19:00:50,2026-05-22,4,羽毛球馆-12号,09:00-10:00,0,1,可预约,￥12.0,阴,23,23,3,0.0,76,40
2026-05-21 19:30:46,2026-05-22,4,羽毛球馆-12号,09:00-10:00,0,1,可预约,￥12.0,阴,23,24,2,0.0,77,39
2026-05-21 20:00:49,2026-05-22,4,羽毛球馆-12号,09:00-10:00,0,1,可预约,￥12.0,雾,22,23,2,0.0,89,39
2026-05-21 20:30:44,2026-05-22,4,羽毛球馆-12号,09:00-10:00,0,1,可预约,￥12.0,雾,22,24,2,0.0,93,43
2026-05-21 21:00:56,2026-05-22,4,羽毛球馆-12号,09:00-10:00,0,1,可预约,￥12.0,雾,20,21,2,0.0,98,43
2026-05-21 21:30:46,2026-05-22,4,羽毛球馆-12号,09:00-10:00,0,1,可预约,￥12.0,雾,20,22,1,0.0,99,41
2026-05-21 22:01:02,2026-05-22,4,羽毛球馆-12号,09:00-10:00,0,1,可预约,￥12.0,雾,19,20,2,0.0,93,41
2026-05-21 22:30:47,2026-05-22,4,羽毛球馆-12号,09:00-10:00,0,1,可预约,￥12.0,雾,19,19,3,0.0,88,46
2026-05-21 23:00:56,2026-05-22,4,羽毛球馆-12号,09:00-10:00,0,1,可预约,￥12.0,多云,18,17,3,0.0,85,46
2026-05-21 23:30:55,2026-05-22,4,羽毛球馆-12号,09:00-10:00,0,1,可预约,￥12.0,多云,18,17,3,0.0,85,48
2026-05-21 08:00:45,2026-05-22,4,羽毛球馆-12号,10:00-11:00,1,1,已售/已满,教学时间,晴,17,12,5,0.0,86,29
2026-05-21 08:02:30,2026-05-22,4,羽毛球馆-12号,10:00-11:00,1,1,已售/已满,教学时间,多云,17,12,5,0.0,87,29
2026-05-21 08:05:36,2026-05-22,4,羽毛球馆-12号,10:00-11:00,1,1,已售/已满,教学时间,多云,17,12,5,0.0,86,29
2026-05-21 08:08:31,2026-05-22,4,羽毛球馆-12号,10:00-11:00,1,1,已售/已满,教学时间,多云,17,12,5,0.0,86,29
2026-05-21 08:11:30,2026-05-22,4,羽毛球馆-12号,10:00-11:00,1,1,已售/已满,教学时间,多云,17,12,5,0.0,86,29
2026-05-21 08:14:31,2026-05-22,4,羽毛球馆-12号,10:00-11:00,1,1,已售/已满,教学时间,多云,17,12,5,0.0,86,29
2026-05-21 08:17:30,2026-05-22,4,羽毛球馆-12号,10:00-11:00,1,1,已售/已满,教学时间,多云,17,12,5,0.0,86,29
2026-05-21 08:20:35,2026-05-22,4,羽毛球馆-12号,10:00-11:00,1,1,已售/已满,教学时间,多云,17,14,4,0.0,85,29
2026-05-21 08:25:32,2026-05-22,4,羽毛球馆-12号,10:00-11:00,1,1,已售/已满,教学时间,多云,17,14,4,0.0,85,28
2026-05-21 08:30:42,2026-05-22,4,羽毛球馆-12号,10:00-11:00,1,1,已售/已满,教学时间,多云,18,15,4,0.0,84,28
2026-05-21 08:35:31,2026-05-22,4,羽毛球馆-12号,10:00-11:00,1,1,已售/已满,教学时间,多云,18,15,4,0.0,84,28
2026-05-21 08:40:38,2026-05-22,4,羽毛球馆-12号,10:00-11:00,1,1,已售/已满,教学时间,多云,18,15,4,0.0,82,28
2026-05-21 08:45:33,2026-05-22,4,羽毛球馆-12号,10:00-11:00,1,1,已售/已满,教学时间,多云,18,15,4,0.0,82,28
2026-05-21 08:50:36,2026-05-22,4,羽毛球馆-12号,10:00-11:00,1,1,已售/已满,教学时间,多云,18,15,4,0.0,82,28
2026-05-21 08:55:34,2026-05-22,4,羽毛球馆-12号,10:00-11:00,1,1,已售/已满,教学时间,多云,18,15,4,0.0,84,28
2026-05-21 09:00:51,2026-05-22,4,羽毛球馆-12号,10:00-11:00,1,1,已售/已满,教学时间,多云,18,15,4,0.0,84,28
2026-05-21 09:01:59,2026-05-22,4,羽毛球馆-12号,10:00-11:00,1,1,已售/已满,教学时间,多云,18,15,4,0.0,83,28
2026-05-21 09:05:33,2026-05-22,4,羽毛球馆-12号,10:00-11:00,1,1,已售/已满,教学时间,多云,18,15,4,0.0,83,28
2026-05-21 09:20:38,2026-05-22,4,羽毛球馆-12号,10:00-11:00,1,1,已售/已满,教学时间,多云,18,16,3,0.0,81,28
2026-05-21 09:30:46,2026-05-22,4,羽毛球馆-12号,10:00-11:00,1,1,已售/已满,教学时间,多云,18,16,3,0.0,81,32
2026-05-21 09:40:36,2026-05-22,4,羽毛球馆-12号,10:00-11:00,1,1,已售/已满,教学时间,多云,19,17,3,0.0,79,32
2026-05-21 09:50:42,2026-05-22,4,羽毛球馆-12号,10:00-11:00,1,1,已售/已满,教学时间,多云,19,17,4,0.0,81,32
2026-05-21 10:00:46,2026-05-22,4,羽毛球馆-12号,10:00-11:00,1,1,已售/已满,教学时间,多云,19,17,4,0.0,79,32
2026-05-21 10:10:40,2026-05-22,4,羽毛球馆-12号,10:00-11:00,1,1,已售/已满,教学时间,多云,19,17,4,0.0,79,32
2026-05-21 10:20:38,2026-05-22,4,羽毛球馆-12号,10:00-11:00,1,1,已售/已满,教学时间,多云,19,17,4,0.0,79,32
2026-05-21 10:30:41,2026-05-22,4,羽毛球馆-12号,10:00-11:00,1,1,已售/已满,教学时间,多云,19,18,3,0.0,78,31
2026-05-21 11:00:44,2026-05-22,4,羽毛球馆-12号,10:00-11:00,1,1,已售/已满,教学时间,多云,21,17,5,0.0,74,31
2026-05-21 11:30:38,2026-05-22,4,羽毛球馆-12号,10:00-11:00,1,1,已售/已满,教学时间,多云,21,19,3,0.0,72,33
2026-05-21 12:00:46,2026-05-22,4,羽毛球馆-12号,10:00-11:00,1,1,已售/已满,教学时间,多云,22,19,4,0.0,70,33
2026-05-21 12:30:42,2026-05-22,4,羽毛球馆-12号,10:00-11:00,1,1,已售/已满,教学时间,多云,22,21,3,0.0,68,35
2026-05-21 13:00:43,2026-05-22,4,羽毛球馆-12号,10:00-11:00,1,1,已售/已满,教学时间,多云,24,22,4,0.0,66,35
2026-05-21 13:30:43,2026-05-22,4,羽毛球馆-12号,10:00-11:00,1,1,已售/已满,教学时间,多云,24,22,4,0.0,66,36
2026-05-21 14:00:48,2026-05-22,4,羽毛球馆-12号,10:00-11:00,1,1,已售/已满,教学时间,多云,25,23,4,0.0,66,36
2026-05-21 14:30:45,2026-05-22,4,羽毛球馆-12号,10:00-11:00,1,1,已售/已满,教学时间,晴,25,25,3,0.0,65,39
2026-05-21 15:00:45,2026-05-22,4,羽毛球馆-12号,10:00-11:00,1,1,已售/已满,教学时间,晴,25,22,4,0.0,56,39
2026-05-21 15:30:43,2026-05-22,4,羽毛球馆-12号,10:00-11:00,1,1,已售/已满,教学时间,晴,25,23,4,0.0,57,40
2026-05-21 16:00:51,2026-05-22,4,羽毛球馆-12号,10:00-11:00,1,1,已售/已满,教学时间,晴,25,23,4,0.0,57,40
2026-05-21 16:30:48,2026-05-22,4,羽毛球馆-12号,10:00-11:00,1,1,已售/已满,教学时间,晴,25,24,3,0.0,60,39
2026-05-21 17:00:49,2026-05-22,4,羽毛球馆-12号,10:00-11:00,1,1,已售/已满,教学时间,晴,25,24,4,0.0,61,39
2026-05-21 17:30:47,2026-05-22,4,羽毛球馆-12号,10:00-11:00,1,1,已售/已满,教学时间,多云,24,23,3,0.0,64,39
2026-05-21 18:00:50,2026-05-22,4,羽毛球馆-12号,10:00-11:00,1,1,已售/已满,教学时间,多云,24,23,3,0.0,68,39
2026-05-21 18:30:50,2026-05-22,4,羽毛球馆-12号,10:00-11:00,1,1,已售/已满,教学时间,阴,24,25,2,0.0,68,40
2026-05-21 19:00:50,2026-05-22,4,羽毛球馆-12号,10:00-11:00,1,1,已售/已满,教学时间,阴,23,23,3,0.0,76,40
2026-05-21 19:30:46,2026-05-22,4,羽毛球馆-12号,10:00-11:00,1,1,已售/已满,教学时间,阴,23,24,2,0.0,77,39
2026-05-21 20:00:49,2026-05-22,4,羽毛球馆-12号,10:00-11:00,1,1,已售/已满,教学时间,雾,22,23,2,0.0,89,39
2026-05-21 20:30:44,2026-05-22,4,羽毛球馆-12号,10:00-11:00,1,1,已售/已满,教学时间,雾,22,24,2,0.0,93,43
2026-05-21 21:00:56,2026-05-22,4,羽毛球馆-12号,10:00-11:00,1,1,已售/已满,教学时间,雾,20,21,2,0.0,98,43
2026-05-21 21:30:46,2026-05-22,4,羽毛球馆-12号,10:00-11:00,1,1,已售/已满,教学时间,雾,20,22,1,0.0,99,41
2026-05-21 22:01:02,2026-05-22,4,羽毛球馆-12号,10:00-11:00,1,1,已售/已满,教学时间,雾,19,20,2,0.0,93,41
2026-05-21 22:30:47,2026-05-22,4,羽毛球馆-12号,10:00-11:00,1,1,已售/已满,教学时间,雾,19,19,3,0.0,88,46
2026-05-21 23:00:56,2026-05-22,4,羽毛球馆-12号,10:00-11:00,1,1,已售/已满,教学时间,多云,18,17,3,0.0,85,46
2026-05-21 23:30:55,2026-05-22,4,羽毛球馆-12号,10:00-11:00,1,1,已售/已满,教学时间,多云,18,17,3,0.0,85,48
2026-05-21 08:00:45,2026-05-22,4,羽毛球馆-12号,11:00-12:00,1,1,已售/已满,教学时间,晴,17,12,5,0.0,86,29
2026-05-21 08:02:30,2026-05-22,4,羽毛球馆-12号,11:00-12:00,1,1,已售/已满,教学时间,多云,17,12,5,0.0,87,29
2026-05-21 08:05:36,2026-05-22,4,羽毛球馆-12号,11:00-12:00,1,1,已售/已满,教学时间,多云,17,12,5,0.0,86,29
2026-05-21 08:08:31,2026-05-22,4,羽毛球馆-12号,11:00-12:00,1,1,已售/已满,教学时间,多云,17,12,5,0.0,86,29
2026-05-21 08:11:30,2026-05-22,4,羽毛球馆-12号,11:00-12:00,1,1,已售/已满,教学时间,多云,17,12,5,0.0,86,29
2026-05-21 08:14:31,2026-05-22,4,羽毛球馆-12号,11:00-12:00,1,1,已售/已满,教学时间,多云,17,12,5,0.0,86,29
2026-05-21 08:17:30,2026-05-22,4,羽毛球馆-12号,11:00-12:00,1,1,已售/已满,教学时间,多云,17,12,5,0.0,86,29
2026-05-21 08:20:35,2026-05-22,4,羽毛球馆-12号,11:00-12:00,1,1,已售/已满,教学时间,多云,17,14,4,0.0,85,29
2026-05-21 08:25:32,2026-05-22,4,羽毛球馆-12号,11:00-12:00,1,1,已售/已满,教学时间,多云,17,14,4,0.0,85,28
2026-05-21 08:30:42,2026-05-22,4,羽毛球馆-12号,11:00-12:00,1,1,已售/已满,教学时间,多云,18,15,4,0.0,84,28
2026-05-21 08:35:31,2026-05-22,4,羽毛球馆-12号,11:00-12:00,1,1,已售/已满,教学时间,多云,18,15,4,0.0,84,28
2026-05-21 08:40:38,2026-05-22,4,羽毛球馆-12号,11:00-12:00,1,1,已售/已满,教学时间,多云,18,15,4,0.0,82,28
2026-05-21 08:45:33,2026-05-22,4,羽毛球馆-12号,11:00-12:00,1,1,已售/已满,教学时间,多云,18,15,4,0.0,82,28
2026-05-21 08:50:36,2026-05-22,4,羽毛球馆-12号,11:00-12:00,1,1,已售/已满,教学时间,多云,18,15,4,0.0,82,28
2026-05-21 08:55:34,2026-05-22,4,羽毛球馆-12号,11:00-12:00,1,1,已售/已满,教学时间,多云,18,15,4,0.0,84,28
2026-05-21 09:00:51,2026-05-22,4,羽毛球馆-12号,11:00-12:00,1,1,已售/已满,教学时间,多云,18,15,4,0.0,84,28
2026-05-21 09:01:59,2026-05-22,4,羽毛球馆-12号,11:00-12:00,1,1,已售/已满,教学时间,多云,18,15,4,0.0,83,28
2026-05-21 09:05:33,2026-05-22,4,羽毛球馆-12号,11:00-12:00,1,1,已售/已满,教学时间,多云,18,15,4,0.0,83,28
2026-05-21 09:20:38,2026-05-22,4,羽毛球馆-12号,11:00-12:00,1,1,已售/已满,教学时间,多云,18,16,3,0.0,81,28
2026-05-21 09:30:46,2026-05-22,4,羽毛球馆-12号,11:00-12:00,1,1,已售/已满,教学时间,多云,18,16,3,0.0,81,32
2026-05-21 09:40:36,2026-05-22,4,羽毛球馆-12号,11:00-12:00,1,1,已售/已满,教学时间,多云,19,17,3,0.0,79,32
2026-05-21 09:50:42,2026-05-22,4,羽毛球馆-12号,11:00-12:00,1,1,已售/已满,教学时间,多云,19,17,4,0.0,81,32
2026-05-21 10:00:46,2026-05-22,4,羽毛球馆-12号,11:00-12:00,1,1,已售/已满,教学时间,多云,19,17,4,0.0,79,32
2026-05-21 10:10:40,2026-05-22,4,羽毛球馆-12号,11:00-12:00,1,1,已售/已满,教学时间,多云,19,17,4,0.0,79,32
2026-05-21 10:20:38,2026-05-22,4,羽毛球馆-12号,11:00-12:00,1,1,已售/已满,教学时间,多云,19,17,4,0.0,79,32
2026-05-21 10:30:41,2026-05-22,4,羽毛球馆-12号,11:00-12:00,1,1,已售/已满,教学时间,多云,19,18,3,0.0,78,31
2026-05-21 11:00:44,2026-05-22,4,羽毛球馆-12号,11:00-12:00,1,1,已售/已满,教学时间,多云,21,17,5,0.0,74,31
2026-05-21 11:30:38,2026-05-22,4,羽毛球馆-12号,11:00-12:00,1,1,已售/已满,教学时间,多云,21,19,3,0.0,72,33
2026-05-21 12:00:46,2026-05-22,4,羽毛球馆-12号,11:00-12:00,1,1,已售/已满,教学时间,多云,22,19,4,0.0,70,33
2026-05-21 12:30:42,2026-05-22,4,羽毛球馆-12号,11:00-12:00,1,1,已售/已满,教学时间,多云,22,21,3,0.0,68,35
2026-05-21 13:00:43,2026-05-22,4,羽毛球馆-12号,11:00-12:00,1,1,已售/已满,教学时间,多云,24,22,4,0.0,66,35
2026-05-21 13:30:43,2026-05-22,4,羽毛球馆-12号,11:00-12:00,1,1,已售/已满,教学时间,多云,24,22,4,0.0,66,36
2026-05-21 14:00:48,2026-05-22,4,羽毛球馆-12号,11:00-12:00,1,1,已售/已满,教学时间,多云,25,23,4,0.0,66,36
2026-05-21 14:30:45,2026-05-22,4,羽毛球馆-12号,11:00-12:00,1,1,已售/已满,教学时间,晴,25,25,3,0.0,65,39
2026-05-21 15:00:45,2026-05-22,4,羽毛球馆-12号,11:00-12:00,1,1,已售/已满,教学时间,晴,25,22,4,0.0,56,39
2026-05-21 15:30:43,2026-05-22,4,羽毛球馆-12号,11:00-12:00,1,1,已售/已满,教学时间,晴,25,23,4,0.0,57,40
2026-05-21 16:00:51,2026-05-22,4,羽毛球馆-12号,11:00-12:00,1,1,已售/已满,教学时间,晴,25,23,4,0.0,57,40
2026-05-21 16:30:48,2026-05-22,4,羽毛球馆-12号,11:00-12:00,1,1,已售/已满,教学时间,晴,25,24,3,0.0,60,39
2026-05-21 17:00:49,2026-05-22,4,羽毛球馆-12号,11:00-12:00,1,1,已售/已满,教学时间,晴,25,24,4,0.0,61,39
2026-05-21 17:30:47,2026-05-22,4,羽毛球馆-12号,11:00-12:00,1,1,已售/已满,教学时间,多云,24,23,3,0.0,64,39
2026-05-21 18:00:50,2026-05-22,4,羽毛球馆-12号,11:00-12:00,1,1,已售/已满,教学时间,多云,24,23,3,0.0,68,39
2026-05-21 18:30:50,2026-05-22,4,羽毛球馆-12号,11:00-12:00,1,1,已售/已满,教学时间,阴,24,25,2,0.0,68,40
2026-05-21 19:00:50,2026-05-22,4,羽毛球馆-12号,11:00-12:00,1,1,已售/已满,教学时间,阴,23,23,3,0.0,76,40
2026-05-21 19:30:46,2026-05-22,4,羽毛球馆-12号,11:00-12:00,1,1,已售/已满,教学时间,阴,23,24,2,0.0,77,39
2026-05-21 20:00:49,2026-05-22,4,羽毛球馆-12号,11:00-12:00,1,1,已售/已满,教学时间,雾,22,23,2,0.0,89,39
2026-05-21 20:30:44,2026-05-22,4,羽毛球馆-12号,11:00-12:00,1,1,已售/已满,教学时间,雾,22,24,2,0.0,93,43
2026-05-21 21:00:56,2026-05-22,4,羽毛球馆-12号,11:00-12:00,1,1,已售/已满,教学时间,雾,20,21,2,0.0,98,43
2026-05-21 21:30:46,2026-05-22,4,羽毛球馆-12号,11:00-12:00,1,1,已售/已满,教学时间,雾,20,22,1,0.0,99,41
2026-05-21 22:01:02,2026-05-22,4,羽毛球馆-12号,11:00-12:00,1,1,已售/已满,教学时间,雾,19,20,2,0.0,93,41
2026-05-21 22:30:47,2026-05-22,4,羽毛球馆-12号,11:00-12:00,1,1,已售/已满,教学时间,雾,19,19,3,0.0,88,46
2026-05-21 23:00:56,2026-05-22,4,羽毛球馆-12号,11:00-12:00,1,1,已售/已满,教学时间,多云,18,17,3,0.0,85,46
2026-05-21 23:30:55,2026-05-22,4,羽毛球馆-12号,11:00-12:00,1,1,已售/已满,教学时间,多云,18,17,3,0.0,85,48
2026-05-21 08:00:45,2026-05-22,4,羽毛球馆-12号,12:00-12:55,1,1,已售/已满,已售,晴,17,12,5,0.0,86,29
2026-05-21 08:02:30,2026-05-22,4,羽毛球馆-12号,12:00-12:55,1,1,已售/已满,已售,多云,17,12,5,0.0,87,29
2026-05-21 08:05:36,2026-05-22,4,羽毛球馆-12号,12:00-12:55,1,1,已售/已满,已售,多云,17,12,5,0.0,86,29
2026-05-21 08:08:31,2026-05-22,4,羽毛球馆-12号,12:00-12:55,1,1,已售/已满,已售,多云,17,12,5,0.0,86,29
2026-05-21 08:11:30,2026-05-22,4,羽毛球馆-12号,12:00-12:55,1,1,已售/已满,已售,多云,17,12,5,0.0,86,29
2026-05-21 08:14:31,2026-05-22,4,羽毛球馆-12号,12:00-12:55,1,1,已售/已满,已售,多云,17,12,5,0.0,86,29
2026-05-21 08:17:30,2026-05-22,4,羽毛球馆-12号,12:00-12:55,1,1,已售/已满,已售,多云,17,12,5,0.0,86,29
2026-05-21 08:20:35,2026-05-22,4,羽毛球馆-12号,12:00-12:55,1,1,已售/已满,已售,多云,17,14,4,0.0,85,29
2026-05-21 08:25:32,2026-05-22,4,羽毛球馆-12号,12:00-12:55,1,1,已售/已满,已售,多云,17,14,4,0.0,85,28
2026-05-21 08:30:42,2026-05-22,4,羽毛球馆-12号,12:00-12:55,1,1,已售/已满,已售,多云,18,15,4,0.0,84,28
2026-05-21 08:35:31,2026-05-22,4,羽毛球馆-12号,12:00-12:55,1,1,已售/已满,已售,多云,18,15,4,0.0,84,28
2026-05-21 08:40:38,2026-05-22,4,羽毛球馆-12号,12:00-12:55,1,1,已售/已满,已售,多云,18,15,4,0.0,82,28
2026-05-21 08:45:33,2026-05-22,4,羽毛球馆-12号,12:00-12:55,1,1,已售/已满,已售,多云,18,15,4,0.0,82,28
2026-05-21 08:50:36,2026-05-22,4,羽毛球馆-12号,12:00-12:55,1,1,已售/已满,已售,多云,18,15,4,0.0,82,28
2026-05-21 08:55:34,2026-05-22,4,羽毛球馆-12号,12:00-12:55,1,1,已售/已满,已售,多云,18,15,4,0.0,84,28
2026-05-21 09:00:51,2026-05-22,4,羽毛球馆-12号,12:00-12:55,1,1,已售/已满,已售,多云,18,15,4,0.0,84,28
2026-05-21 09:01:59,2026-05-22,4,羽毛球馆-12号,12:00-12:55,1,1,已售/已满,已售,多云,18,15,4,0.0,83,28
2026-05-21 09:05:33,2026-05-22,4,羽毛球馆-12号,12:00-12:55,1,1,已售/已满,已售,多云,18,15,4,0.0,83,28
2026-05-21 09:20:38,2026-05-22,4,羽毛球馆-12号,12:00-12:55,1,1,已售/已满,已售,多云,18,16,3,0.0,81,28
2026-05-21 09:30:46,2026-05-22,4,羽毛球馆-12号,12:00-12:55,1,1,已售/已满,已售,多云,18,16,3,0.0,81,32
2026-05-21 09:40:36,2026-05-22,4,羽毛球馆-12号,12:00-12:55,1,1,已售/已满,已售,多云,19,17,3,0.0,79,32
2026-05-21 09:50:42,2026-05-22,4,羽毛球馆-12号,12:00-12:55,1,1,已售/已满,已售,多云,19,17,4,0.0,81,32
2026-05-21 10:00:46,2026-05-22,4,羽毛球馆-12号,12:00-12:55,1,1,已售/已满,已售,多云,19,17,4,0.0,79,32
2026-05-21 10:10:40,2026-05-22,4,羽毛球馆-12号,12:00-12:55,1,1,已售/已满,已售,多云,19,17,4,0.0,79,32
2026-05-21 10:20:38,2026-05-22,4,羽毛球馆-12号,12:00-12:55,1,1,已售/已满,已售,多云,19,17,4,0.0,79,32
2026-05-21 10:30:41,2026-05-22,4,羽毛球馆-12号,12:00-12:55,1,1,已售/已满,已售,多云,19,18,3,0.0,78,31
2026-05-21 11:00:44,2026-05-22,4,羽毛球馆-12号,12:00-12:55,1,1,已售/已满,已售,多云,21,17,5,0.0,74,31
2026-05-21 11:30:38,2026-05-22,4,羽毛球馆-12号,12:00-12:55,1,1,已售/已满,已售,多云,21,19,3,0.0,72,33
2026-05-21 12:00:46,2026-05-22,4,羽毛球馆-12号,12:00-12:55,1,1,已售/已满,已售,多云,22,19,4,0.0,70,33
2026-05-21 12:30:42,2026-05-22,4,羽毛球馆-12号,12:00-12:55,1,1,已售/已满,已售,多云,22,21,3,0.0,68,35
2026-05-21 13:00:43,2026-05-22,4,羽毛球馆-12号,12:00-12:55,1,1,已售/已满,已售,多云,24,22,4,0.0,66,35
2026-05-21 13:30:43,2026-05-22,4,羽毛球馆-12号,12:00-12:55,1,1,已售/已满,已售,多云,24,22,4,0.0,66,36
2026-05-21 14:00:48,2026-05-22,4,羽毛球馆-12号,12:00-12:55,1,1,已售/已满,已售,多云,25,23,4,0.0,66,36
2026-05-21 14:30:45,2026-05-22,4,羽毛球馆-12号,12:00-12:55,1,1,已售/已满,已售,晴,25,25,3,0.0,65,39
2026-05-21 15:00:45,2026-05-22,4,羽毛球馆-12号,12:00-12:55,1,1,已售/已满,已售,晴,25,22,4,0.0,56,39
2026-05-21 15:30:43,2026-05-22,4,羽毛球馆-12号,12:00-12:55,1,1,已售/已满,已售,晴,25,23,4,0.0,57,40
2026-05-21 16:00:51,2026-05-22,4,羽毛球馆-12号,12:00-12:55,1,1,已售/已满,已售,晴,25,23,4,0.0,57,40
2026-05-21 16:30:48,2026-05-22,4,羽毛球馆-12号,12:00-12:55,1,1,已售/已满,已售,晴,25,24,3,0.0,60,39
2026-05-21 17:00:49,2026-05-22,4,羽毛球馆-12号,12:00-12:55,1,1,已售/已满,已售,晴,25,24,4,0.0,61,39
2026-05-21 17:30:47,2026-05-22,4,羽毛球馆-12号,12:00-12:55,1,1,已售/已满,已售,多云,24,23,3,0.0,64,39
2026-05-21 18:00:50,2026-05-22,4,羽毛球馆-12号,12:00-12:55,1,1,已售/已满,已售,多云,24,23,3,0.0,68,39
2026-05-21 18:30:50,2026-05-22,4,羽毛球馆-12号,12:00-12:55,1,1,已售/已满,已售,阴,24,25,2,0.0,68,40
2026-05-21 19:00:50,2026-05-22,4,羽毛球馆-12号,12:00-12:55,1,1,已售/已满,已售,阴,23,23,3,0.0,76,40
2026-05-21 19:30:46,2026-05-22,4,羽毛球馆-12号,12:00-12:55,1,1,已售/已满,已售,阴,23,24,2,0.0,77,39
2026-05-21 20:00:49,2026-05-22,4,羽毛球馆-12号,12:00-12:55,1,1,已售/已满,已售,雾,22,23,2,0.0,89,39
2026-05-21 20:30:44,2026-05-22,4,羽毛球馆-12号,12:00-12:55,1,1,已售/已满,已售,雾,22,24,2,0.0,93,43
2026-05-21 21:00:56,2026-05-22,4,羽毛球馆-12号,12:00-12:55,1,1,已售/已满,已售,雾,20,21,2,0.0,98,43
2026-05-21 21:30:46,2026-05-22,4,羽毛球馆-12号,12:00-12:55,1,1,已售/已满,已售,雾,20,22,1,0.0,99,41
2026-05-21 22:01:02,2026-05-22,4,羽毛球馆-12号,12:00-12:55,1,1,已售/已满,已售,雾,19,20,2,0.0,93,41
2026-05-21 22:30:47,2026-05-22,4,羽毛球馆-12号,12:00-12:55,1,1,已售/已满,已售,雾,19,19,3,0.0,88,46
2026-05-21 23:00:56,2026-05-22,4,羽毛球馆-12号,12:00-12:55,1,1,已售/已满,已售,多云,18,17,3,0.0,85,46
2026-05-21 23:30:55,2026-05-22,4,羽毛球馆-12号,12:00-12:55,1,1,已售/已满,已售,多云,18,17,3,0.0,85,48
2026-05-21 08:00:45,2026-05-22,4,羽毛球馆-12号,12:55-13:50,1,1,已售/已满,已售,晴,17,12,5,0.0,86,29
2026-05-21 08:02:30,2026-05-22,4,羽毛球馆-12号,12:55-13:50,1,1,已售/已满,已售,多云,17,12,5,0.0,87,29
2026-05-21 08:05:36,2026-05-22,4,羽毛球馆-12号,12:55-13:50,1,1,已售/已满,已售,多云,17,12,5,0.0,86,29
2026-05-21 08:08:31,2026-05-22,4,羽毛球馆-12号,12:55-13:50,1,1,已售/已满,已售,多云,17,12,5,0.0,86,29
2026-05-21 08:11:30,2026-05-22,4,羽毛球馆-12号,12:55-13:50,1,1,已售/已满,已售,多云,17,12,5,0.0,86,29
2026-05-21 08:14:31,2026-05-22,4,羽毛球馆-12号,12:55-13:50,1,1,已售/已满,已售,多云,17,12,5,0.0,86,29
2026-05-21 08:17:30,2026-05-22,4,羽毛球馆-12号,12:55-13:50,1,1,已售/已满,已售,多云,17,12,5,0.0,86,29
2026-05-21 08:20:35,2026-05-22,4,羽毛球馆-12号,12:55-13:50,1,1,已售/已满,已售,多云,17,14,4,0.0,85,29
2026-05-21 08:25:32,2026-05-22,4,羽毛球馆-12号,12:55-13:50,1,1,已售/已满,已售,多云,17,14,4,0.0,85,28
2026-05-21 08:30:42,2026-05-22,4,羽毛球馆-12号,12:55-13:50,1,1,已售/已满,已售,多云,18,15,4,0.0,84,28
2026-05-21 08:35:31,2026-05-22,4,羽毛球馆-12号,12:55-13:50,1,1,已售/已满,已售,多云,18,15,4,0.0,84,28
2026-05-21 08:40:38,2026-05-22,4,羽毛球馆-12号,12:55-13:50,1,1,已售/已满,已售,多云,18,15,4,0.0,82,28
2026-05-21 08:45:33,2026-05-22,4,羽毛球馆-12号,12:55-13:50,1,1,已售/已满,已售,多云,18,15,4,0.0,82,28
2026-05-21 08:50:36,2026-05-22,4,羽毛球馆-12号,12:55-13:50,1,1,已售/已满,已售,多云,18,15,4,0.0,82,28
2026-05-21 08:55:34,2026-05-22,4,羽毛球馆-12号,12:55-13:50,1,1,已售/已满,已售,多云,18,15,4,0.0,84,28
2026-05-21 09:00:51,2026-05-22,4,羽毛球馆-12号,12:55-13:50,1,1,已售/已满,已售,多云,18,15,4,0.0,84,28
2026-05-21 09:01:59,2026-05-22,4,羽毛球馆-12号,12:55-13:50,1,1,已售/已满,已售,多云,18,15,4,0.0,83,28
2026-05-21 09:05:33,2026-05-22,4,羽毛球馆-12号,12:55-13:50,1,1,已售/已满,已售,多云,18,15,4,0.0,83,28
2026-05-21 09:20:38,2026-05-22,4,羽毛球馆-12号,12:55-13:50,1,1,已售/已满,已售,多云,18,16,3,0.0,81,28
2026-05-21 09:30:46,2026-05-22,4,羽毛球馆-12号,12:55-13:50,1,1,已售/已满,已售,多云,18,16,3,0.0,81,32
2026-05-21 09:40:36,2026-05-22,4,羽毛球馆-12号,12:55-13:50,1,1,已售/已满,已售,多云,19,17,3,0.0,79,32
2026-05-21 09:50:42,2026-05-22,4,羽毛球馆-12号,12:55-13:50,1,1,已售/已满,已售,多云,19,17,4,0.0,81,32
2026-05-21 10:00:46,2026-05-22,4,羽毛球馆-12号,12:55-13:50,1,1,已售/已满,已售,多云,19,17,4,0.0,79,32
2026-05-21 10:10:40,2026-05-22,4,羽毛球馆-12号,12:55-13:50,1,1,已售/已满,已售,多云,19,17,4,0.0,79,32
2026-05-21 10:20:38,2026-05-22,4,羽毛球馆-12号,12:55-13:50,1,1,已售/已满,已售,多云,19,17,4,0.0,79,32
2026-05-21 10:30:41,2026-05-22,4,羽毛球馆-12号,12:55-13:50,1,1,已售/已满,已售,多云,19,18,3,0.0,78,31
2026-05-21 11:00:44,2026-05-22,4,羽毛球馆-12号,12:55-13:50,1,1,已售/已满,已售,多云,21,17,5,0.0,74,31
2026-05-21 11:30:38,2026-05-22,4,羽毛球馆-12号,12:55-13:50,1,1,已售/已满,已售,多云,21,19,3,0.0,72,33
2026-05-21 12:00:46,2026-05-22,4,羽毛球馆-12号,12:55-13:50,1,1,已售/已满,已售,多云,22,19,4,0.0,70,33
2026-05-21 12:30:42,2026-05-22,4,羽毛球馆-12号,12:55-13:50,1,1,已售/已满,已售,多云,22,21,3,0.0,68,35
2026-05-21 13:00:43,2026-05-22,4,羽毛球馆-12号,12:55-13:50,1,1,已售/已满,已售,多云,24,22,4,0.0,66,35
2026-05-21 13:30:43,2026-05-22,4,羽毛球馆-12号,12:55-13:50,1,1,已售/已满,已售,多云,24,22,4,0.0,66,36
2026-05-21 14:00:48,2026-05-22,4,羽毛球馆-12号,12:55-13:50,1,1,已售/已满,已售,多云,25,23,4,0.0,66,36
2026-05-21 14:30:45,2026-05-22,4,羽毛球馆-12号,12:55-13:50,1,1,已售/已满,已售,晴,25,25,3,0.0,65,39
2026-05-21 15:00:45,2026-05-22,4,羽毛球馆-12号,12:55-13:50,1,1,已售/已满,已售,晴,25,22,4,0.0,56,39
2026-05-21 15:30:43,2026-05-22,4,羽毛球馆-12号,12:55-13:50,1,1,已售/已满,已售,晴,25,23,4,0.0,57,40
2026-05-21 16:00:51,2026-05-22,4,羽毛球馆-12号,12:55-13:50,1,1,已售/已满,已售,晴,25,23,4,0.0,57,40
2026-05-21 16:30:48,2026-05-22,4,羽毛球馆-12号,12:55-13:50,1,1,已售/已满,已售,晴,25,24,3,0.0,60,39
2026-05-21 17:00:49,2026-05-22,4,羽毛球馆-12号,12:55-13:50,1,1,已售/已满,已售,晴,25,24,4,0.0,61,39
2026-05-21 17:30:47,2026-05-22,4,羽毛球馆-12号,12:55-13:50,1,1,已售/已满,已售,多云,24,23,3,0.0,64,39
2026-05-21 18:00:50,2026-05-22,4,羽毛球馆-12号,12:55-13:50,1,1,已售/已满,已售,多云,24,23,3,0.0,68,39
2026-05-21 18:30:50,2026-05-22,4,羽毛球馆-12号,12:55-13:50,1,1,已售/已满,已售,阴,24,25,2,0.0,68,40
2026-05-21 19:00:50,2026-05-22,4,羽毛球馆-12号,12:55-13:50,1,1,已售/已满,已售,阴,23,23,3,0.0,76,40
2026-05-21 19:30:46,2026-05-22,4,羽毛球馆-12号,12:55-13:50,1,1,已售/已满,已售,阴,23,24,2,0.0,77,39
2026-05-21 20:00:49,2026-05-22,4,羽毛球馆-12号,12:55-13:50,1,1,已售/已满,已售,雾,22,23,2,0.0,89,39
2026-05-21 20:30:44,2026-05-22,4,羽毛球馆-12号,12:55-13:50,1,1,已售/已满,已售,雾,22,24,2,0.0,93,43
2026-05-21 21:00:56,2026-05-22,4,羽毛球馆-12号,12:55-13:50,1,1,已售/已满,已售,雾,20,21,2,0.0,98,43
2026-05-21 21:30:46,2026-05-22,4,羽毛球馆-12号,12:55-13:50,1,1,已售/已满,已售,雾,20,22,1,0.0,99,41
2026-05-21 22:01:02,2026-05-22,4,羽毛球馆-12号,12:55-13:50,1,1,已售/已满,已售,雾,19,20,2,0.0,93,41
2026-05-21 22:30:47,2026-05-22,4,羽毛球馆-12号,12:55-13:50,1,1,已售/已满,已售,雾,19,19,3,0.0,88,46
2026-05-21 23:00:56,2026-05-22,4,羽毛球馆-12号,12:55-13:50,1,1,已售/已满,已售,多云,18,17,3,0.0,85,46
2026-05-21 23:30:55,2026-05-22,4,羽毛球馆-12号,12:55-13:50,1,1,已售/已满,已售,多云,18,17,3,0.0,85,48
2026-05-21 08:00:45,2026-05-22,4,羽毛球馆-12号,14:00-15:00,1,1,已售/已满,教学时间,晴,17,12,5,0.0,86,29
2026-05-21 08:02:30,2026-05-22,4,羽毛球馆-12号,14:00-15:00,1,1,已售/已满,教学时间,多云,17,12,5,0.0,87,29
2026-05-21 08:05:36,2026-05-22,4,羽毛球馆-12号,14:00-15:00,1,1,已售/已满,教学时间,多云,17,12,5,0.0,86,29
2026-05-21 08:08:31,2026-05-22,4,羽毛球馆-12号,14:00-15:00,1,1,已售/已满,教学时间,多云,17,12,5,0.0,86,29
2026-05-21 08:11:30,2026-05-22,4,羽毛球馆-12号,14:00-15:00,1,1,已售/已满,教学时间,多云,17,12,5,0.0,86,29
2026-05-21 08:14:31,2026-05-22,4,羽毛球馆-12号,14:00-15:00,1,1,已售/已满,教学时间,多云,17,12,5,0.0,86,29
2026-05-21 08:17:30,2026-05-22,4,羽毛球馆-12号,14:00-15:00,1,1,已售/已满,教学时间,多云,17,12,5,0.0,86,29
2026-05-21 08:20:35,2026-05-22,4,羽毛球馆-12号,14:00-15:00,1,1,已售/已满,教学时间,多云,17,14,4,0.0,85,29
2026-05-21 08:25:32,2026-05-22,4,羽毛球馆-12号,14:00-15:00,1,1,已售/已满,教学时间,多云,17,14,4,0.0,85,28
2026-05-21 08:30:42,2026-05-22,4,羽毛球馆-12号,14:00-15:00,1,1,已售/已满,教学时间,多云,18,15,4,0.0,84,28
2026-05-21 08:35:31,2026-05-22,4,羽毛球馆-12号,14:00-15:00,1,1,已售/已满,教学时间,多云,18,15,4,0.0,84,28
2026-05-21 08:40:38,2026-05-22,4,羽毛球馆-12号,14:00-15:00,1,1,已售/已满,教学时间,多云,18,15,4,0.0,82,28
2026-05-21 08:45:33,2026-05-22,4,羽毛球馆-12号,14:00-15:00,1,1,已售/已满,教学时间,多云,18,15,4,0.0,82,28
2026-05-21 08:50:36,2026-05-22,4,羽毛球馆-12号,14:00-15:00,1,1,已售/已满,教学时间,多云,18,15,4,0.0,82,28
2026-05-21 08:55:34,2026-05-22,4,羽毛球馆-12号,14:00-15:00,1,1,已售/已满,教学时间,多云,18,15,4,0.0,84,28
2026-05-21 09:00:51,2026-05-22,4,羽毛球馆-12号,14:00-15:00,1,1,已售/已满,教学时间,多云,18,15,4,0.0,84,28
2026-05-21 09:01:59,2026-05-22,4,羽毛球馆-12号,14:00-15:00,1,1,已售/已满,教学时间,多云,18,15,4,0.0,83,28
2026-05-21 09:05:33,2026-05-22,4,羽毛球馆-12号,14:00-15:00,1,1,已售/已满,教学时间,多云,18,15,4,0.0,83,28
2026-05-21 09:20:38,2026-05-22,4,羽毛球馆-12号,14:00-15:00,1,1,已售/已满,教学时间,多云,18,16,3,0.0,81,28
2026-05-21 09:30:46,2026-05-22,4,羽毛球馆-12号,14:00-15:00,1,1,已售/已满,教学时间,多云,18,16,3,0.0,81,32
2026-05-21 09:40:36,2026-05-22,4,羽毛球馆-12号,14:00-15:00,1,1,已售/已满,教学时间,多云,19,17,3,0.0,79,32
2026-05-21 09:50:42,2026-05-22,4,羽毛球馆-12号,14:00-15:00,1,1,已售/已满,教学时间,多云,19,17,4,0.0,81,32
2026-05-21 10:00:46,2026-05-22,4,羽毛球馆-12号,14:00-15:00,1,1,已售/已满,教学时间,多云,19,17,4,0.0,79,32
2026-05-21 10:10:40,2026-05-22,4,羽毛球馆-12号,14:00-15:00,1,1,已售/已满,教学时间,多云,19,17,4,0.0,79,32
2026-05-21 10:20:38,2026-05-22,4,羽毛球馆-12号,14:00-15:00,1,1,已售/已满,教学时间,多云,19,17,4,0.0,79,32
2026-05-21 10:30:41,2026-05-22,4,羽毛球馆-12号,14:00-15:00,1,1,已售/已满,教学时间,多云,19,18,3,0.0,78,31
2026-05-21 11:00:44,2026-05-22,4,羽毛球馆-12号,14:00-15:00,1,1,已售/已满,教学时间,多云,21,17,5,0.0,74,31
2026-05-21 11:30:38,2026-05-22,4,羽毛球馆-12号,14:00-15:00,1,1,已售/已满,教学时间,多云,21,19,3,0.0,72,33
2026-05-21 12:00:46,2026-05-22,4,羽毛球馆-12号,14:00-15:00,1,1,已售/已满,教学时间,多云,22,19,4,0.0,70,33
2026-05-21 12:30:42,2026-05-22,4,羽毛球馆-12号,14:00-15:00,1,1,已售/已满,教学时间,多云,22,21,3,0.0,68,35
2026-05-21 13:00:43,2026-05-22,4,羽毛球馆-12号,14:00-15:00,1,1,已售/已满,教学时间,多云,24,22,4,0.0,66,35
2026-05-21 13:30:43,2026-05-22,4,羽毛球馆-12号,14:00-15:00,1,1,已售/已满,教学时间,多云,24,22,4,0.0,66,36
2026-05-21 14:00:48,2026-05-22,4,羽毛球馆-12号,14:00-15:00,1,1,已售/已满,教学时间,多云,25,23,4,0.0,66,36
2026-05-21 14:30:45,2026-05-22,4,羽毛球馆-12号,14:00-15:00,1,1,已售/已满,教学时间,晴,25,25,3,0.0,65,39
2026-05-21 15:00:45,2026-05-22,4,羽毛球馆-12号,14:00-15:00,1,1,已售/已满,教学时间,晴,25,22,4,0.0,56,39
2026-05-21 15:30:43,2026-05-22,4,羽毛球馆-12号,14:00-15:00,1,1,已售/已满,教学时间,晴,25,23,4,0.0,57,40
2026-05-21 16:00:51,2026-05-22,4,羽毛球馆-12号,14:00-15:00,1,1,已售/已满,教学时间,晴,25,23,4,0.0,57,40
2026-05-21 16:30:48,2026-05-22,4,羽毛球馆-12号,14:00-15:00,1,1,已售/已满,教学时间,晴,25,24,3,0.0,60,39
2026-05-21 17:00:49,2026-05-22,4,羽毛球馆-12号,14:00-15:00,1,1,已售/已满,教学时间,晴,25,24,4,0.0,61,39
2026-05-21 17:30:47,2026-05-22,4,羽毛球馆-12号,14:00-15:00,1,1,已售/已满,教学时间,多云,24,23,3,0.0,64,39
2026-05-21 18:00:50,2026-05-22,4,羽毛球馆-12号,14:00-15:00,1,1,已售/已满,教学时间,多云,24,23,3,0.0,68,39
2026-05-21 18:30:50,2026-05-22,4,羽毛球馆-12号,14:00-15:00,1,1,已售/已满,教学时间,阴,24,25,2,0.0,68,40
2026-05-21 19:00:50,2026-05-22,4,羽毛球馆-12号,14:00-15:00,1,1,已售/已满,教学时间,阴,23,23,3,0.0,76,40
2026-05-21 19:30:46,2026-05-22,4,羽毛球馆-12号,14:00-15:00,1,1,已售/已满,教学时间,阴,23,24,2,0.0,77,39
2026-05-21 20:00:49,2026-05-22,4,羽毛球馆-12号,14:00-15:00,1,1,已售/已满,教学时间,雾,22,23,2,0.0,89,39
2026-05-21 20:30:44,2026-05-22,4,羽毛球馆-12号,14:00-15:00,1,1,已售/已满,教学时间,雾,22,24,2,0.0,93,43
2026-05-21 21:00:56,2026-05-22,4,羽毛球馆-12号,14:00-15:00,1,1,已售/已满,教学时间,雾,20,21,2,0.0,98,43
2026-05-21 21:30:46,2026-05-22,4,羽毛球馆-12号,14:00-15:00,1,1,已售/已满,教学时间,雾,20,22,1,0.0,99,41
2026-05-21 22:01:02,2026-05-22,4,羽毛球馆-12号,14:00-15:00,1,1,已售/已满,教学时间,雾,19,20,2,0.0,93,41
2026-05-21 22:30:47,2026-05-22,4,羽毛球馆-12号,14:00-15:00,1,1,已售/已满,教学时间,雾,19,19,3,0.0,88,46
2026-05-21 23:00:56,2026-05-22,4,羽毛球馆-12号,14:00-15:00,1,1,已售/已满,教学时间,多云,18,17,3,0.0,85,46
2026-05-21 23:30:55,2026-05-22,4,羽毛球馆-12号,14:00-15:00,1,1,已售/已满,教学时间,多云,18,17,3,0.0,85,48
2026-05-21 08:00:45,2026-05-22,4,羽毛球馆-12号,15:00-16:00,1,1,已售/已满,教学时间,晴,17,12,5,0.0,86,29
2026-05-21 08:02:30,2026-05-22,4,羽毛球馆-12号,15:00-16:00,1,1,已售/已满,教学时间,多云,17,12,5,0.0,87,29
2026-05-21 08:05:36,2026-05-22,4,羽毛球馆-12号,15:00-16:00,1,1,已售/已满,教学时间,多云,17,12,5,0.0,86,29
2026-05-21 08:08:31,2026-05-22,4,羽毛球馆-12号,15:00-16:00,1,1,已售/已满,教学时间,多云,17,12,5,0.0,86,29
2026-05-21 08:11:30,2026-05-22,4,羽毛球馆-12号,15:00-16:00,1,1,已售/已满,教学时间,多云,17,12,5,0.0,86,29
2026-05-21 08:14:31,2026-05-22,4,羽毛球馆-12号,15:00-16:00,1,1,已售/已满,教学时间,多云,17,12,5,0.0,86,29
2026-05-21 08:17:30,2026-05-22,4,羽毛球馆-12号,15:00-16:00,1,1,已售/已满,教学时间,多云,17,12,5,0.0,86,29
2026-05-21 08:20:35,2026-05-22,4,羽毛球馆-12号,15:00-16:00,1,1,已售/已满,教学时间,多云,17,14,4,0.0,85,29
2026-05-21 08:25:32,2026-05-22,4,羽毛球馆-12号,15:00-16:00,1,1,已售/已满,教学时间,多云,17,14,4,0.0,85,28
2026-05-21 08:30:42,2026-05-22,4,羽毛球馆-12号,15:00-16:00,1,1,已售/已满,教学时间,多云,18,15,4,0.0,84,28
2026-05-21 08:35:31,2026-05-22,4,羽毛球馆-12号,15:00-16:00,1,1,已售/已满,教学时间,多云,18,15,4,0.0,84,28
2026-05-21 08:40:38,2026-05-22,4,羽毛球馆-12号,15:00-16:00,1,1,已售/已满,教学时间,多云,18,15,4,0.0,82,28
2026-05-21 08:45:33,2026-05-22,4,羽毛球馆-12号,15:00-16:00,1,1,已售/已满,教学时间,多云,18,15,4,0.0,82,28
2026-05-21 08:50:36,2026-05-22,4,羽毛球馆-12号,15:00-16:00,1,1,已售/已满,教学时间,多云,18,15,4,0.0,82,28
2026-05-21 08:55:34,2026-05-22,4,羽毛球馆-12号,15:00-16:00,1,1,已售/已满,教学时间,多云,18,15,4,0.0,84,28
2026-05-21 09:00:51,2026-05-22,4,羽毛球馆-12号,15:00-16:00,1,1,已售/已满,教学时间,多云,18,15,4,0.0,84,28
2026-05-21 09:01:59,2026-05-22,4,羽毛球馆-12号,15:00-16:00,1,1,已售/已满,教学时间,多云,18,15,4,0.0,83,28
2026-05-21 09:05:33,2026-05-22,4,羽毛球馆-12号,15:00-16:00,1,1,已售/已满,教学时间,多云,18,15,4,0.0,83,28
2026-05-21 09:20:38,2026-05-22,4,羽毛球馆-12号,15:00-16:00,1,1,已售/已满,教学时间,多云,18,16,3,0.0,81,28
2026-05-21 09:30:46,2026-05-22,4,羽毛球馆-12号,15:00-16:00,1,1,已售/已满,教学时间,多云,18,16,3,0.0,81,32
2026-05-21 09:40:36,2026-05-22,4,羽毛球馆-12号,15:00-16:00,1,1,已售/已满,教学时间,多云,19,17,3,0.0,79,32
2026-05-21 09:50:42,2026-05-22,4,羽毛球馆-12号,15:00-16:00,1,1,已售/已满,教学时间,多云,19,17,4,0.0,81,32
2026-05-21 10:00:46,2026-05-22,4,羽毛球馆-12号,15:00-16:00,1,1,已售/已满,教学时间,多云,19,17,4,0.0,79,32
2026-05-21 10:10:40,2026-05-22,4,羽毛球馆-12号,15:00-16:00,1,1,已售/已满,教学时间,多云,19,17,4,0.0,79,32
2026-05-21 10:20:38,2026-05-22,4,羽毛球馆-12号,15:00-16:00,1,1,已售/已满,教学时间,多云,19,17,4,0.0,79,32
2026-05-21 10:30:41,2026-05-22,4,羽毛球馆-12号,15:00-16:00,1,1,已售/已满,教学时间,多云,19,18,3,0.0,78,31
2026-05-21 11:00:44,2026-05-22,4,羽毛球馆-12号,15:00-16:00,1,1,已售/已满,教学时间,多云,21,17,5,0.0,74,31
2026-05-21 11:30:38,2026-05-22,4,羽毛球馆-12号,15:00-16:00,1,1,已售/已满,教学时间,多云,21,19,3,0.0,72,33
2026-05-21 12:00:46,2026-05-22,4,羽毛球馆-12号,15:00-16:00,1,1,已售/已满,教学时间,多云,22,19,4,0.0,70,33
2026-05-21 12:30:42,2026-05-22,4,羽毛球馆-12号,15:00-16:00,1,1,已售/已满,教学时间,多云,22,21,3,0.0,68,35
2026-05-21 13:00:43,2026-05-22,4,羽毛球馆-12号,15:00-16:00,1,1,已售/已满,教学时间,多云,24,22,4,0.0,66,35
2026-05-21 13:30:43,2026-05-22,4,羽毛球馆-12号,15:00-16:00,1,1,已售/已满,教学时间,多云,24,22,4,0.0,66,36
2026-05-21 14:00:48,2026-05-22,4,羽毛球馆-12号,15:00-16:00,1,1,已售/已满,教学时间,多云,25,23,4,0.0,66,36
2026-05-21 14:30:45,2026-05-22,4,羽毛球馆-12号,15:00-16:00,1,1,已售/已满,教学时间,晴,25,25,3,0.0,65,39
2026-05-21 15:00:45,2026-05-22,4,羽毛球馆-12号,15:00-16:00,1,1,已售/已满,教学时间,晴,25,22,4,0.0,56,39
2026-05-21 15:30:43,2026-05-22,4,羽毛球馆-12号,15:00-16:00,1,1,已售/已满,教学时间,晴,25,23,4,0.0,57,40
2026-05-21 16:00:51,2026-05-22,4,羽毛球馆-12号,15:00-16:00,1,1,已售/已满,教学时间,晴,25,23,4,0.0,57,40
2026-05-21 16:30:48,2026-05-22,4,羽毛球馆-12号,15:00-16:00,1,1,已售/已满,教学时间,晴,25,24,3,0.0,60,39
2026-05-21 17:00:49,2026-05-22,4,羽毛球馆-12号,15:00-16:00,1,1,已售/已满,教学时间,晴,25,24,4,0.0,61,39
2026-05-21 17:30:47,2026-05-22,4,羽毛球馆-12号,15:00-16:00,1,1,已售/已满,教学时间,多云,24,23,3,0.0,64,39
2026-05-21 18:00:50,2026-05-22,4,羽毛球馆-12号,15:00-16:00,1,1,已售/已满,教学时间,多云,24,23,3,0.0,68,39
2026-05-21 18:30:50,2026-05-22,4,羽毛球馆-12号,15:00-16:00,1,1,已售/已满,教学时间,阴,24,25,2,0.0,68,40
2026-05-21 19:00:50,2026-05-22,4,羽毛球馆-12号,15:00-16:00,1,1,已售/已满,教学时间,阴,23,23,3,0.0,76,40
2026-05-21 19:30:46,2026-05-22,4,羽毛球馆-12号,15:00-16:00,1,1,已售/已满,教学时间,阴,23,24,2,0.0,77,39
2026-05-21 20:00:49,2026-05-22,4,羽毛球馆-12号,15:00-16:00,1,1,已售/已满,教学时间,雾,22,23,2,0.0,89,39
2026-05-21 20:30:44,2026-05-22,4,羽毛球馆-12号,15:00-16:00,1,1,已售/已满,教学时间,雾,22,24,2,0.0,93,43
2026-05-21 21:00:56,2026-05-22,4,羽毛球馆-12号,15:00-16:00,1,1,已售/已满,教学时间,雾,20,21,2,0.0,98,43
2026-05-21 21:30:46,2026-05-22,4,羽毛球馆-12号,15:00-16:00,1,1,已售/已满,教学时间,雾,20,22,1,0.0,99,41
2026-05-21 22:01:02,2026-05-22,4,羽毛球馆-12号,15:00-16:00,1,1,已售/已满,教学时间,雾,19,20,2,0.0,93,41
2026-05-21 22:30:47,2026-05-22,4,羽毛球馆-12号,15:00-16:00,1,1,已售/已满,教学时间,雾,19,19,3,0.0,88,46
2026-05-21 23:00:56,2026-05-22,4,羽毛球馆-12号,15:00-16:00,1,1,已售/已满,教学时间,多云,18,17,3,0.0,85,46
2026-05-21 23:30:55,2026-05-22,4,羽毛球馆-12号,15:00-16:00,1,1,已售/已满,教学时间,多云,18,17,3,0.0,85,48
2026-05-21 08:00:45,2026-05-22,4,羽毛球馆-12号,16:00-17:00,0,1,可预约,￥12.0,晴,17,12,5,0.0,86,29
2026-05-21 08:02:30,2026-05-22,4,羽毛球馆-12号,16:00-17:00,0,1,可预约,￥12.0,多云,17,12,5,0.0,87,29
2026-05-21 08:05:36,2026-05-22,4,羽毛球馆-12号,16:00-17:00,0,1,可预约,￥12.0,多云,17,12,5,0.0,86,29
2026-05-21 08:08:31,2026-05-22,4,羽毛球馆-12号,16:00-17:00,0,1,可预约,￥12.0,多云,17,12,5,0.0,86,29
2026-05-21 08:11:30,2026-05-22,4,羽毛球馆-12号,16:00-17:00,0,1,可预约,￥12.0,多云,17,12,5,0.0,86,29
2026-05-21 08:14:31,2026-05-22,4,羽毛球馆-12号,16:00-17:00,0,1,可预约,￥12.0,多云,17,12,5,0.0,86,29
2026-05-21 08:17:30,2026-05-22,4,羽毛球馆-12号,16:00-17:00,0,1,可预约,￥12.0,多云,17,12,5,0.0,86,29
2026-05-21 08:20:35,2026-05-22,4,羽毛球馆-12号,16:00-17:00,0,1,可预约,￥12.0,多云,17,14,4,0.0,85,29
2026-05-21 08:25:32,2026-05-22,4,羽毛球馆-12号,16:00-17:00,0,1,可预约,￥12.0,多云,17,14,4,0.0,85,28
2026-05-21 08:30:42,2026-05-22,4,羽毛球馆-12号,16:00-17:00,0,1,可预约,￥12.0,多云,18,15,4,0.0,84,28
2026-05-21 08:35:31,2026-05-22,4,羽毛球馆-12号,16:00-17:00,0,1,可预约,￥12.0,多云,18,15,4,0.0,84,28
2026-05-21 08:40:38,2026-05-22,4,羽毛球馆-12号,16:00-17:00,0,1,可预约,￥12.0,多云,18,15,4,0.0,82,28
2026-05-21 08:45:33,2026-05-22,4,羽毛球馆-12号,16:00-17:00,0,1,可预约,￥12.0,多云,18,15,4,0.0,82,28
2026-05-21 08:50:36,2026-05-22,4,羽毛球馆-12号,16:00-17:00,0,1,可预约,￥12.0,多云,18,15,4,0.0,82,28
2026-05-21 08:55:34,2026-05-22,4,羽毛球馆-12号,16:00-17:00,0,1,可预约,￥12.0,多云,18,15,4,0.0,84,28
2026-05-21 09:00:51,2026-05-22,4,羽毛球馆-12号,16:00-17:00,0,1,可预约,￥12.0,多云,18,15,4,0.0,84,28
2026-05-21 09:01:59,2026-05-22,4,羽毛球馆-12号,16:00-17:00,0,1,可预约,￥12.0,多云,18,15,4,0.0,83,28
2026-05-21 09:05:33,2026-05-22,4,羽毛球馆-12号,16:00-17:00,0,1,可预约,￥12.0,多云,18,15,4,0.0,83,28
2026-05-21 09:20:38,2026-05-22,4,羽毛球馆-12号,16:00-17:00,0,1,可预约,￥12.0,多云,18,16,3,0.0,81,28
2026-05-21 09:30:46,2026-05-22,4,羽毛球馆-12号,16:00-17:00,0,1,可预约,￥12.0,多云,18,16,3,0.0,81,32
2026-05-21 09:40:36,2026-05-22,4,羽毛球馆-12号,16:00-17:00,0,1,可预约,￥12.0,多云,19,17,3,0.0,79,32
2026-05-21 09:50:42,2026-05-22,4,羽毛球馆-12号,16:00-17:00,0,1,可预约,￥12.0,多云,19,17,4,0.0,81,32
2026-05-21 10:00:46,2026-05-22,4,羽毛球馆-12号,16:00-17:00,0,1,可预约,￥12.0,多云,19,17,4,0.0,79,32
2026-05-21 10:10:40,2026-05-22,4,羽毛球馆-12号,16:00-17:00,0,1,可预约,￥12.0,多云,19,17,4,0.0,79,32
2026-05-21 10:20:38,2026-05-22,4,羽毛球馆-12号,16:00-17:00,0,1,可预约,￥12.0,多云,19,17,4,0.0,79,32
2026-05-21 10:30:41,2026-05-22,4,羽毛球馆-12号,16:00-17:00,0,1,可预约,￥12.0,多云,19,18,3,0.0,78,31
2026-05-21 11:00:44,2026-05-22,4,羽毛球馆-12号,16:00-17:00,0,1,可预约,￥12.0,多云,21,17,5,0.0,74,31
2026-05-21 11:30:38,2026-05-22,4,羽毛球馆-12号,16:00-17:00,0,1,可预约,￥12.0,多云,21,19,3,0.0,72,33
2026-05-21 12:00:46,2026-05-22,4,羽毛球馆-12号,16:00-17:00,0,1,可预约,￥12.0,多云,22,19,4,0.0,70,33
2026-05-21 12:30:42,2026-05-22,4,羽毛球馆-12号,16:00-17:00,0,1,可预约,￥12.0,多云,22,21,3,0.0,68,35
2026-05-21 13:00:43,2026-05-22,4,羽毛球馆-12号,16:00-17:00,0,1,可预约,￥12.0,多云,24,22,4,0.0,66,35
2026-05-21 13:30:43,2026-05-22,4,羽毛球馆-12号,16:00-17:00,0,1,可预约,￥12.0,多云,24,22,4,0.0,66,36
2026-05-21 14:00:48,2026-05-22,4,羽毛球馆-12号,16:00-17:00,0,1,可预约,￥12.0,多云,25,23,4,0.0,66,36
2026-05-21 14:30:45,2026-05-22,4,羽毛球馆-12号,16:00-17:00,0,1,可预约,￥12.0,晴,25,25,3,0.0,65,39
2026-05-21 15:00:45,2026-05-22,4,羽毛球馆-12号,16:00-17:00,0,1,可预约,￥12.0,晴,25,22,4,0.0,56,39
2026-05-21 15:30:43,2026-05-22,4,羽毛球馆-12号,16:00-17:00,0,1,可预约,￥12.0,晴,25,23,4,0.0,57,40
2026-05-21 16:00:51,2026-05-22,4,羽毛球馆-12号,16:00-17:00,0,1,可预约,￥12.0,晴,25,23,4,0.0,57,40
2026-05-21 16:30:48,2026-05-22,4,羽毛球馆-12号,16:00-17:00,0,1,可预约,￥12.0,晴,25,24,3,0.0,60,39
2026-05-21 17:00:49,2026-05-22,4,羽毛球馆-12号,16:00-17:00,0,1,可预约,￥12.0,晴,25,24,4,0.0,61,39
2026-05-21 17:30:47,2026-05-22,4,羽毛球馆-12号,16:00-17:00,1,1,已售/已满,已售,多云,24,23,3,0.0,64,39
2026-05-21 18:00:50,2026-05-22,4,羽毛球馆-12号,16:00-17:00,1,1,已售/已满,已售,多云,24,23,3,0.0,68,39
2026-05-21 18:30:50,2026-05-22,4,羽毛球馆-12号,16:00-17:00,1,1,已售/已满,已售,阴,24,25,2,0.0,68,40
2026-05-21 19:00:50,2026-05-22,4,羽毛球馆-12号,16:00-17:00,1,1,已售/已满,已售,阴,23,23,3,0.0,76,40
2026-05-21 19:30:46,2026-05-22,4,羽毛球馆-12号,16:00-17:00,1,1,已售/已满,已售,阴,23,24,2,0.0,77,39
2026-05-21 20:00:49,2026-05-22,4,羽毛球馆-12号,16:00-17:00,1,1,已售/已满,已售,雾,22,23,2,0.0,89,39
2026-05-21 20:30:44,2026-05-22,4,羽毛球馆-12号,16:00-17:00,1,1,已售/已满,已售,雾,22,24,2,0.0,93,43
2026-05-21 21:00:56,2026-05-22,4,羽毛球馆-12号,16:00-17:00,1,1,已售/已满,已售,雾,20,21,2,0.0,98,43
2026-05-21 21:30:46,2026-05-22,4,羽毛球馆-12号,16:00-17:00,1,1,已售/已满,已售,雾,20,22,1,0.0,99,41
2026-05-21 22:01:02,2026-05-22,4,羽毛球馆-12号,16:00-17:00,1,1,已售/已满,已售,雾,19,20,2,0.0,93,41
2026-05-21 22:30:47,2026-05-22,4,羽毛球馆-12号,16:00-17:00,1,1,已售/已满,已售,雾,19,19,3,0.0,88,46
2026-05-21 23:00:56,2026-05-22,4,羽毛球馆-12号,16:00-17:00,1,1,已售/已满,已售,多云,18,17,3,0.0,85,46
2026-05-21 23:30:55,2026-05-22,4,羽毛球馆-12号,16:00-17:00,1,1,已售/已满,已售,多云,18,17,3,0.0,85,48
2026-05-21 08:00:45,2026-05-22,4,羽毛球馆-12号,17:00-18:00,0,1,可预约,￥12.0,晴,17,12,5,0.0,86,29
2026-05-21 08:02:30,2026-05-22,4,羽毛球馆-12号,17:00-18:00,0,1,可预约,￥12.0,多云,17,12,5,0.0,87,29
2026-05-21 08:05:36,2026-05-22,4,羽毛球馆-12号,17:00-18:00,0,1,可预约,￥12.0,多云,17,12,5,0.0,86,29
2026-05-21 08:08:31,2026-05-22,4,羽毛球馆-12号,17:00-18:00,0,1,可预约,￥12.0,多云,17,12,5,0.0,86,29
2026-05-21 08:11:30,2026-05-22,4,羽毛球馆-12号,17:00-18:00,0,1,可预约,￥12.0,多云,17,12,5,0.0,86,29
2026-05-21 08:14:31,2026-05-22,4,羽毛球馆-12号,17:00-18:00,0,1,可预约,￥12.0,多云,17,12,5,0.0,86,29
2026-05-21 08:17:30,2026-05-22,4,羽毛球馆-12号,17:00-18:00,0,1,可预约,￥12.0,多云,17,12,5,0.0,86,29
2026-05-21 08:20:35,2026-05-22,4,羽毛球馆-12号,17:00-18:00,0,1,可预约,￥12.0,多云,17,14,4,0.0,85,29
2026-05-21 08:25:32,2026-05-22,4,羽毛球馆-12号,17:00-18:00,0,1,可预约,￥12.0,多云,17,14,4,0.0,85,28
2026-05-21 08:30:42,2026-05-22,4,羽毛球馆-12号,17:00-18:00,1,1,已售/已满,已售,多云,18,15,4,0.0,84,28
2026-05-21 08:35:31,2026-05-22,4,羽毛球馆-12号,17:00-18:00,1,1,已售/已满,已售,多云,18,15,4,0.0,84,28
2026-05-21 08:40:38,2026-05-22,4,羽毛球馆-12号,17:00-18:00,1,1,已售/已满,已售,多云,18,15,4,0.0,82,28
2026-05-21 08:45:33,2026-05-22,4,羽毛球馆-12号,17:00-18:00,1,1,已售/已满,已售,多云,18,15,4,0.0,82,28
2026-05-21 08:50:36,2026-05-22,4,羽毛球馆-12号,17:00-18:00,1,1,已售/已满,已售,多云,18,15,4,0.0,82,28
2026-05-21 08:55:34,2026-05-22,4,羽毛球馆-12号,17:00-18:00,1,1,已售/已满,已售,多云,18,15,4,0.0,84,28
2026-05-21 09:00:51,2026-05-22,4,羽毛球馆-12号,17:00-18:00,1,1,已售/已满,已售,多云,18,15,4,0.0,84,28
2026-05-21 09:01:59,2026-05-22,4,羽毛球馆-12号,17:00-18:00,1,1,已售/已满,已售,多云,18,15,4,0.0,83,28
2026-05-21 09:05:33,2026-05-22,4,羽毛球馆-12号,17:00-18:00,1,1,已售/已满,已售,多云,18,15,4,0.0,83,28
2026-05-21 09:20:38,2026-05-22,4,羽毛球馆-12号,17:00-18:00,1,1,已售/已满,已售,多云,18,16,3,0.0,81,28
2026-05-21 09:30:46,2026-05-22,4,羽毛球馆-12号,17:00-18:00,1,1,已售/已满,已售,多云,18,16,3,0.0,81,32
2026-05-21 09:40:36,2026-05-22,4,羽毛球馆-12号,17:00-18:00,1,1,已售/已满,已售,多云,19,17,3,0.0,79,32
2026-05-21 09:50:42,2026-05-22,4,羽毛球馆-12号,17:00-18:00,1,1,已售/已满,已售,多云,19,17,4,0.0,81,32
2026-05-21 10:00:46,2026-05-22,4,羽毛球馆-12号,17:00-18:00,1,1,已售/已满,已售,多云,19,17,4,0.0,79,32
2026-05-21 10:10:40,2026-05-22,4,羽毛球馆-12号,17:00-18:00,1,1,已售/已满,已售,多云,19,17,4,0.0,79,32
2026-05-21 10:20:38,2026-05-22,4,羽毛球馆-12号,17:00-18:00,1,1,已售/已满,已售,多云,19,17,4,0.0,79,32
2026-05-21 10:30:41,2026-05-22,4,羽毛球馆-12号,17:00-18:00,1,1,已售/已满,已售,多云,19,18,3,0.0,78,31
2026-05-21 11:00:44,2026-05-22,4,羽毛球馆-12号,17:00-18:00,1,1,已售/已满,已售,多云,21,17,5,0.0,74,31
2026-05-21 11:30:38,2026-05-22,4,羽毛球馆-12号,17:00-18:00,1,1,已售/已满,已售,多云,21,19,3,0.0,72,33
2026-05-21 12:00:46,2026-05-22,4,羽毛球馆-12号,17:00-18:00,1,1,已售/已满,已售,多云,22,19,4,0.0,70,33
2026-05-21 12:30:42,2026-05-22,4,羽毛球馆-12号,17:00-18:00,1,1,已售/已满,已售,多云,22,21,3,0.0,68,35
2026-05-21 13:00:43,2026-05-22,4,羽毛球馆-12号,17:00-18:00,1,1,已售/已满,已售,多云,24,22,4,0.0,66,35
2026-05-21 13:30:43,2026-05-22,4,羽毛球馆-12号,17:00-18:00,1,1,已售/已满,已售,多云,24,22,4,0.0,66,36
2026-05-21 14:00:48,2026-05-22,4,羽毛球馆-12号,17:00-18:00,1,1,已售/已满,已售,多云,25,23,4,0.0,66,36
2026-05-21 14:30:45,2026-05-22,4,羽毛球馆-12号,17:00-18:00,1,1,已售/已满,已售,晴,25,25,3,0.0,65,39
2026-05-21 15:00:45,2026-05-22,4,羽毛球馆-12号,17:00-18:00,1,1,已售/已满,已售,晴,25,22,4,0.0,56,39
2026-05-21 15:30:43,2026-05-22,4,羽毛球馆-12号,17:00-18:00,1,1,已售/已满,已售,晴,25,23,4,0.0,57,40
2026-05-21 16:00:51,2026-05-22,4,羽毛球馆-12号,17:00-18:00,1,1,已售/已满,已售,晴,25,23,4,0.0,57,40
2026-05-21 16:30:48,2026-05-22,4,羽毛球馆-12号,17:00-18:00,1,1,已售/已满,已售,晴,25,24,3,0.0,60,39
2026-05-21 17:00:49,2026-05-22,4,羽毛球馆-12号,17:00-18:00,1,1,已售/已满,已售,晴,25,24,4,0.0,61,39
2026-05-21 17:30:47,2026-05-22,4,羽毛球馆-12号,17:00-18:00,1,1,已售/已满,已售,多云,24,23,3,0.0,64,39
2026-05-21 18:00:50,2026-05-22,4,羽毛球馆-12号,17:00-18:00,1,1,已售/已满,已售,多云,24,23,3,0.0,68,39
2026-05-21 18:30:50,2026-05-22,4,羽毛球馆-12号,17:00-18:00,1,1,已售/已满,已售,阴,24,25,2,0.0,68,40
2026-05-21 19:00:50,2026-05-22,4,羽毛球馆-12号,17:00-18:00,1,1,已售/已满,已售,阴,23,23,3,0.0,76,40
2026-05-21 19:30:46,2026-05-22,4,羽毛球馆-12号,17:00-18:00,1,1,已售/已满,已售,阴,23,24,2,0.0,77,39
2026-05-21 20:00:49,2026-05-22,4,羽毛球馆-12号,17:00-18:00,1,1,已售/已满,已售,雾,22,23,2,0.0,89,39
2026-05-21 20:30:44,2026-05-22,4,羽毛球馆-12号,17:00-18:00,1,1,已售/已满,已售,雾,22,24,2,0.0,93,43
2026-05-21 21:00:56,2026-05-22,4,羽毛球馆-12号,17:00-18:00,1,1,已售/已满,已售,雾,20,21,2,0.0,98,43
2026-05-21 21:30:46,2026-05-22,4,羽毛球馆-12号,17:00-18:00,1,1,已售/已满,已售,雾,20,22,1,0.0,99,41
2026-05-21 22:01:02,2026-05-22,4,羽毛球馆-12号,17:00-18:00,1,1,已售/已满,已售,雾,19,20,2,0.0,93,41
2026-05-21 22:30:47,2026-05-22,4,羽毛球馆-12号,17:00-18:00,1,1,已售/已满,已售,雾,19,19,3,0.0,88,46
2026-05-21 23:00:56,2026-05-22,4,羽毛球馆-12号,17:00-18:00,1,1,已售/已满,已售,多云,18,17,3,0.0,85,46
2026-05-21 23:30:55,2026-05-22,4,羽毛球馆-12号,17:00-18:00,1,1,已售/已满,已售,多云,18,17,3,0.0,85,48
2026-05-21 08:00:45,2026-05-22,4,羽毛球馆-12号,18:30-19:30,1,1,已售/已满,已售,晴,17,12,5,0.0,86,29
2026-05-21 08:02:30,2026-05-22,4,羽毛球馆-12号,18:30-19:30,1,1,已售/已满,已售,多云,17,12,5,0.0,87,29
2026-05-21 08:05:36,2026-05-22,4,羽毛球馆-12号,18:30-19:30,1,1,已售/已满,已售,多云,17,12,5,0.0,86,29
2026-05-21 08:08:31,2026-05-22,4,羽毛球馆-12号,18:30-19:30,1,1,已售/已满,已售,多云,17,12,5,0.0,86,29
2026-05-21 08:11:30,2026-05-22,4,羽毛球馆-12号,18:30-19:30,1,1,已售/已满,已售,多云,17,12,5,0.0,86,29
2026-05-21 08:14:31,2026-05-22,4,羽毛球馆-12号,18:30-19:30,1,1,已售/已满,已售,多云,17,12,5,0.0,86,29
2026-05-21 08:17:30,2026-05-22,4,羽毛球馆-12号,18:30-19:30,1,1,已售/已满,已售,多云,17,12,5,0.0,86,29
2026-05-21 08:20:35,2026-05-22,4,羽毛球馆-12号,18:30-19:30,1,1,已售/已满,已售,多云,17,14,4,0.0,85,29
2026-05-21 08:25:32,2026-05-22,4,羽毛球馆-12号,18:30-19:30,1,1,已售/已满,已售,多云,17,14,4,0.0,85,28
2026-05-21 08:30:42,2026-05-22,4,羽毛球馆-12号,18:30-19:30,1,1,已售/已满,已售,多云,18,15,4,0.0,84,28
2026-05-21 08:35:31,2026-05-22,4,羽毛球馆-12号,18:30-19:30,1,1,已售/已满,已售,多云,18,15,4,0.0,84,28
2026-05-21 08:40:38,2026-05-22,4,羽毛球馆-12号,18:30-19:30,1,1,已售/已满,已售,多云,18,15,4,0.0,82,28
2026-05-21 08:45:33,2026-05-22,4,羽毛球馆-12号,18:30-19:30,1,1,已售/已满,已售,多云,18,15,4,0.0,82,28
2026-05-21 08:50:36,2026-05-22,4,羽毛球馆-12号,18:30-19:30,1,1,已售/已满,已售,多云,18,15,4,0.0,82,28
2026-05-21 08:55:34,2026-05-22,4,羽毛球馆-12号,18:30-19:30,1,1,已售/已满,已售,多云,18,15,4,0.0,84,28
2026-05-21 09:00:51,2026-05-22,4,羽毛球馆-12号,18:30-19:30,1,1,已售/已满,已售,多云,18,15,4,0.0,84,28
2026-05-21 09:01:59,2026-05-22,4,羽毛球馆-12号,18:30-19:30,1,1,已售/已满,已售,多云,18,15,4,0.0,83,28
2026-05-21 09:05:33,2026-05-22,4,羽毛球馆-12号,18:30-19:30,1,1,已售/已满,已售,多云,18,15,4,0.0,83,28
2026-05-21 09:20:38,2026-05-22,4,羽毛球馆-12号,18:30-19:30,1,1,已售/已满,已售,多云,18,16,3,0.0,81,28
2026-05-21 09:30:46,2026-05-22,4,羽毛球馆-12号,18:30-19:30,1,1,已售/已满,已售,多云,18,16,3,0.0,81,32
2026-05-21 09:40:36,2026-05-22,4,羽毛球馆-12号,18:30-19:30,1,1,已售/已满,已售,多云,19,17,3,0.0,79,32
2026-05-21 09:50:42,2026-05-22,4,羽毛球馆-12号,18:30-19:30,1,1,已售/已满,已售,多云,19,17,4,0.0,81,32
2026-05-21 10:00:46,2026-05-22,4,羽毛球馆-12号,18:30-19:30,1,1,已售/已满,已售,多云,19,17,4,0.0,79,32
2026-05-21 10:10:40,2026-05-22,4,羽毛球馆-12号,18:30-19:30,1,1,已售/已满,已售,多云,19,17,4,0.0,79,32
2026-05-21 10:20:38,2026-05-22,4,羽毛球馆-12号,18:30-19:30,1,1,已售/已满,已售,多云,19,17,4,0.0,79,32
2026-05-21 10:30:41,2026-05-22,4,羽毛球馆-12号,18:30-19:30,1,1,已售/已满,已售,多云,19,18,3,0.0,78,31
2026-05-21 11:00:44,2026-05-22,4,羽毛球馆-12号,18:30-19:30,1,1,已售/已满,已售,多云,21,17,5,0.0,74,31
2026-05-21 11:30:38,2026-05-22,4,羽毛球馆-12号,18:30-19:30,1,1,已售/已满,已售,多云,21,19,3,0.0,72,33
2026-05-21 12:00:46,2026-05-22,4,羽毛球馆-12号,18:30-19:30,1,1,已售/已满,已售,多云,22,19,4,0.0,70,33
2026-05-21 12:30:42,2026-05-22,4,羽毛球馆-12号,18:30-19:30,1,1,已售/已满,已售,多云,22,21,3,0.0,68,35
2026-05-21 13:00:43,2026-05-22,4,羽毛球馆-12号,18:30-19:30,1,1,已售/已满,已售,多云,24,22,4,0.0,66,35
2026-05-21 13:30:43,2026-05-22,4,羽毛球馆-12号,18:30-19:30,1,1,已售/已满,已售,多云,24,22,4,0.0,66,36
2026-05-21 14:00:48,2026-05-22,4,羽毛球馆-12号,18:30-19:30,1,1,已售/已满,已售,多云,25,23,4,0.0,66,36
2026-05-21 14:30:45,2026-05-22,4,羽毛球馆-12号,18:30-19:30,1,1,已售/已满,已售,晴,25,25,3,0.0,65,39
2026-05-21 15:00:45,2026-05-22,4,羽毛球馆-12号,18:30-19:30,1,1,已售/已满,已售,晴,25,22,4,0.0,56,39
2026-05-21 15:30:43,2026-05-22,4,羽毛球馆-12号,18:30-19:30,1,1,已售/已满,已售,晴,25,23,4,0.0,57,40
2026-05-21 16:00:51,2026-05-22,4,羽毛球馆-12号,18:30-19:30,1,1,已售/已满,已售,晴,25,23,4,0.0,57,40
2026-05-21 16:30:48,2026-05-22,4,羽毛球馆-12号,18:30-19:30,1,1,已售/已满,已售,晴,25,24,3,0.0,60,39
2026-05-21 17:00:49,2026-05-22,4,羽毛球馆-12号,18:30-19:30,1,1,已售/已满,已售,晴,25,24,4,0.0,61,39
2026-05-21 17:30:47,2026-05-22,4,羽毛球馆-12号,18:30-19:30,1,1,已售/已满,已售,多云,24,23,3,0.0,64,39
2026-05-21 18:00:50,2026-05-22,4,羽毛球馆-12号,18:30-19:30,1,1,已售/已满,已售,多云,24,23,3,0.0,68,39
2026-05-21 18:30:50,2026-05-22,4,羽毛球馆-12号,18:30-19:30,1,1,已售/已满,已售,阴,24,25,2,0.0,68,40
2026-05-21 19:00:50,2026-05-22,4,羽毛球馆-12号,18:30-19:30,1,1,已售/已满,已售,阴,23,23,3,0.0,76,40
2026-05-21 19:30:46,2026-05-22,4,羽毛球馆-12号,18:30-19:30,1,1,已售/已满,已售,阴,23,24,2,0.0,77,39
2026-05-21 20:00:49,2026-05-22,4,羽毛球馆-12号,18:30-19:30,1,1,已售/已满,已售,雾,22,23,2,0.0,89,39
2026-05-21 20:30:44,2026-05-22,4,羽毛球馆-12号,18:30-19:30,1,1,已售/已满,已售,雾,22,24,2,0.0,93,43
2026-05-21 21:00:56,2026-05-22,4,羽毛球馆-12号,18:30-19:30,1,1,已售/已满,已售,雾,20,21,2,0.0,98,43
2026-05-21 21:30:46,2026-05-22,4,羽毛球馆-12号,18:30-19:30,1,1,已售/已满,已售,雾,20,22,1,0.0,99,41
2026-05-21 22:01:02,2026-05-22,4,羽毛球馆-12号,18:30-19:30,1,1,已售/已满,已售,雾,19,20,2,0.0,93,41
2026-05-21 22:30:47,2026-05-22,4,羽毛球馆-12号,18:30-19:30,1,1,已售/已满,已售,雾,19,19,3,0.0,88,46
2026-05-21 23:00:56,2026-05-22,4,羽毛球馆-12号,18:30-19:30,1,1,已售/已满,已售,多云,18,17,3,0.0,85,46
2026-05-21 23:30:55,2026-05-22,4,羽毛球馆-12号,18:30-19:30,1,1,已售/已满,已售,多云,18,17,3,0.0,85,48
2026-05-21 08:00:45,2026-05-22,4,羽毛球馆-12号,19:30-20:30,1,1,已售/已满,已售,晴,17,12,5,0.0,86,29
2026-05-21 08:02:30,2026-05-22,4,羽毛球馆-12号,19:30-20:30,1,1,已售/已满,已售,多云,17,12,5,0.0,87,29
2026-05-21 08:05:36,2026-05-22,4,羽毛球馆-12号,19:30-20:30,1,1,已售/已满,已售,多云,17,12,5,0.0,86,29
2026-05-21 08:08:31,2026-05-22,4,羽毛球馆-12号,19:30-20:30,1,1,已售/已满,已售,多云,17,12,5,0.0,86,29
2026-05-21 08:11:30,2026-05-22,4,羽毛球馆-12号,19:30-20:30,1,1,已售/已满,已售,多云,17,12,5,0.0,86,29
2026-05-21 08:14:31,2026-05-22,4,羽毛球馆-12号,19:30-20:30,1,1,已售/已满,已售,多云,17,12,5,0.0,86,29
2026-05-21 08:17:30,2026-05-22,4,羽毛球馆-12号,19:30-20:30,1,1,已售/已满,已售,多云,17,12,5,0.0,86,29
2026-05-21 08:20:35,2026-05-22,4,羽毛球馆-12号,19:30-20:30,1,1,已售/已满,已售,多云,17,14,4,0.0,85,29
2026-05-21 08:25:32,2026-05-22,4,羽毛球馆-12号,19:30-20:30,1,1,已售/已满,已售,多云,17,14,4,0.0,85,28
2026-05-21 08:30:42,2026-05-22,4,羽毛球馆-12号,19:30-20:30,1,1,已售/已满,已售,多云,18,15,4,0.0,84,28
2026-05-21 08:35:31,2026-05-22,4,羽毛球馆-12号,19:30-20:30,1,1,已售/已满,已售,多云,18,15,4,0.0,84,28
2026-05-21 08:40:38,2026-05-22,4,羽毛球馆-12号,19:30-20:30,1,1,已售/已满,已售,多云,18,15,4,0.0,82,28
2026-05-21 08:45:33,2026-05-22,4,羽毛球馆-12号,19:30-20:30,1,1,已售/已满,已售,多云,18,15,4,0.0,82,28
2026-05-21 08:50:36,2026-05-22,4,羽毛球馆-12号,19:30-20:30,1,1,已售/已满,已售,多云,18,15,4,0.0,82,28
2026-05-21 08:55:34,2026-05-22,4,羽毛球馆-12号,19:30-20:30,1,1,已售/已满,已售,多云,18,15,4,0.0,84,28
2026-05-21 09:00:51,2026-05-22,4,羽毛球馆-12号,19:30-20:30,1,1,已售/已满,已售,多云,18,15,4,0.0,84,28
2026-05-21 09:01:59,2026-05-22,4,羽毛球馆-12号,19:30-20:30,1,1,已售/已满,已售,多云,18,15,4,0.0,83,28
2026-05-21 09:05:33,2026-05-22,4,羽毛球馆-12号,19:30-20:30,1,1,已售/已满,已售,多云,18,15,4,0.0,83,28
2026-05-21 09:20:38,2026-05-22,4,羽毛球馆-12号,19:30-20:30,1,1,已售/已满,已售,多云,18,16,3,0.0,81,28
2026-05-21 09:30:46,2026-05-22,4,羽毛球馆-12号,19:30-20:30,1,1,已售/已满,已售,多云,18,16,3,0.0,81,32
2026-05-21 09:40:36,2026-05-22,4,羽毛球馆-12号,19:30-20:30,1,1,已售/已满,已售,多云,19,17,3,0.0,79,32
2026-05-21 09:50:42,2026-05-22,4,羽毛球馆-12号,19:30-20:30,1,1,已售/已满,已售,多云,19,17,4,0.0,81,32
2026-05-21 10:00:46,2026-05-22,4,羽毛球馆-12号,19:30-20:30,1,1,已售/已满,已售,多云,19,17,4,0.0,79,32
2026-05-21 10:10:40,2026-05-22,4,羽毛球馆-12号,19:30-20:30,1,1,已售/已满,已售,多云,19,17,4,0.0,79,32
2026-05-21 10:20:38,2026-05-22,4,羽毛球馆-12号,19:30-20:30,1,1,已售/已满,已售,多云,19,17,4,0.0,79,32
2026-05-21 10:30:41,2026-05-22,4,羽毛球馆-12号,19:30-20:30,1,1,已售/已满,已售,多云,19,18,3,0.0,78,31
2026-05-21 11:00:44,2026-05-22,4,羽毛球馆-12号,19:30-20:30,1,1,已售/已满,已售,多云,21,17,5,0.0,74,31
2026-05-21 11:30:38,2026-05-22,4,羽毛球馆-12号,19:30-20:30,1,1,已售/已满,已售,多云,21,19,3,0.0,72,33
2026-05-21 12:00:46,2026-05-22,4,羽毛球馆-12号,19:30-20:30,1,1,已售/已满,已售,多云,22,19,4,0.0,70,33
2026-05-21 12:30:42,2026-05-22,4,羽毛球馆-12号,19:30-20:30,1,1,已售/已满,已售,多云,22,21,3,0.0,68,35
2026-05-21 13:00:43,2026-05-22,4,羽毛球馆-12号,19:30-20:30,1,1,已售/已满,已售,多云,24,22,4,0.0,66,35
2026-05-21 13:30:43,2026-05-22,4,羽毛球馆-12号,19:30-20:30,1,1,已售/已满,已售,多云,24,22,4,0.0,66,36
2026-05-21 14:00:48,2026-05-22,4,羽毛球馆-12号,19:30-20:30,1,1,已售/已满,已售,多云,25,23,4,0.0,66,36
2026-05-21 14:30:45,2026-05-22,4,羽毛球馆-12号,19:30-20:30,1,1,已售/已满,已售,晴,25,25,3,0.0,65,39
2026-05-21 15:00:45,2026-05-22,4,羽毛球馆-12号,19:30-20:30,1,1,已售/已满,已售,晴,25,22,4,0.0,56,39
2026-05-21 15:30:43,2026-05-22,4,羽毛球馆-12号,19:30-20:30,1,1,已售/已满,已售,晴,25,23,4,0.0,57,40
2026-05-21 16:00:51,2026-05-22,4,羽毛球馆-12号,19:30-20:30,1,1,已售/已满,已售,晴,25,23,4,0.0,57,40
2026-05-21 16:30:48,2026-05-22,4,羽毛球馆-12号,19:30-20:30,1,1,已售/已满,已售,晴,25,24,3,0.0,60,39
2026-05-21 17:00:49,2026-05-22,4,羽毛球馆-12号,19:30-20:30,1,1,已售/已满,已售,晴,25,24,4,0.0,61,39
2026-05-21 17:30:47,2026-05-22,4,羽毛球馆-12号,19:30-20:30,1,1,已售/已满,已售,多云,24,23,3,0.0,64,39
2026-05-21 18:00:50,2026-05-22,4,羽毛球馆-12号,19:30-20:30,1,1,已售/已满,已售,多云,24,23,3,0.0,68,39
2026-05-21 18:30:50,2026-05-22,4,羽毛球馆-12号,19:30-20:30,1,1,已售/已满,已售,阴,24,25,2,0.0,68,40
2026-05-21 19:00:50,2026-05-22,4,羽毛球馆-12号,19:30-20:30,1,1,已售/已满,已售,阴,23,23,3,0.0,76,40
2026-05-21 19:30:46,2026-05-22,4,羽毛球馆-12号,19:30-20:30,1,1,已售/已满,已售,阴,23,24,2,0.0,77,39
2026-05-21 20:00:49,2026-05-22,4,羽毛球馆-12号,19:30-20:30,1,1,已售/已满,已售,雾,22,23,2,0.0,89,39
2026-05-21 20:30:44,2026-05-22,4,羽毛球馆-12号,19:30-20:30,1,1,已售/已满,已售,雾,22,24,2,0.0,93,43
2026-05-21 21:00:56,2026-05-22,4,羽毛球馆-12号,19:30-20:30,1,1,已售/已满,已售,雾,20,21,2,0.0,98,43
2026-05-21 21:30:46,2026-05-22,4,羽毛球馆-12号,19:30-20:30,1,1,已售/已满,已售,雾,20,22,1,0.0,99,41
2026-05-21 22:01:02,2026-05-22,4,羽毛球馆-12号,19:30-20:30,1,1,已售/已满,已售,雾,19,20,2,0.0,93,41
2026-05-21 22:30:47,2026-05-22,4,羽毛球馆-12号,19:30-20:30,1,1,已售/已满,已售,雾,19,19,3,0.0,88,46
2026-05-21 23:00:56,2026-05-22,4,羽毛球馆-12号,19:30-20:30,1,1,已售/已满,已售,多云,18,17,3,0.0,85,46
2026-05-21 23:30:55,2026-05-22,4,羽毛球馆-12号,19:30-20:30,1,1,已售/已满,已售,多云,18,17,3,0.0,85,48
2026-05-21 08:00:45,2026-05-22,4,羽毛球馆-12号,20:30-21:30,0,1,可预约,￥12.0,晴,17,12,5,0.0,86,29
2026-05-21 08:02:30,2026-05-22,4,羽毛球馆-12号,20:30-21:30,0,1,可预约,￥12.0,多云,17,12,5,0.0,87,29
2026-05-21 08:05:36,2026-05-22,4,羽毛球馆-12号,20:30-21:30,0,1,可预约,￥12.0,多云,17,12,5,0.0,86,29
2026-05-21 08:08:31,2026-05-22,4,羽毛球馆-12号,20:30-21:30,0,1,可预约,￥12.0,多云,17,12,5,0.0,86,29
2026-05-21 08:11:30,2026-05-22,4,羽毛球馆-12号,20:30-21:30,0,1,可预约,￥12.0,多云,17,12,5,0.0,86,29
2026-05-21 08:14:31,2026-05-22,4,羽毛球馆-12号,20:30-21:30,0,1,可预约,￥12.0,多云,17,12,5,0.0,86,29
2026-05-21 08:17:30,2026-05-22,4,羽毛球馆-12号,20:30-21:30,0,1,可预约,￥12.0,多云,17,12,5,0.0,86,29
2026-05-21 08:20:35,2026-05-22,4,羽毛球馆-12号,20:30-21:30,0,1,可预约,￥12.0,多云,17,14,4,0.0,85,29
2026-05-21 08:25:32,2026-05-22,4,羽毛球馆-12号,20:30-21:30,0,1,可预约,￥12.0,多云,17,14,4,0.0,85,28
2026-05-21 08:30:42,2026-05-22,4,羽毛球馆-12号,20:30-21:30,0,1,可预约,￥12.0,多云,18,15,4,0.0,84,28
2026-05-21 08:35:31,2026-05-22,4,羽毛球馆-12号,20:30-21:30,0,1,可预约,￥12.0,多云,18,15,4,0.0,84,28
2026-05-21 08:40:38,2026-05-22,4,羽毛球馆-12号,20:30-21:30,0,1,可预约,￥12.0,多云,18,15,4,0.0,82,28
2026-05-21 08:45:33,2026-05-22,4,羽毛球馆-12号,20:30-21:30,1,1,已售/已满,已售,多云,18,15,4,0.0,82,28
2026-05-21 08:50:36,2026-05-22,4,羽毛球馆-12号,20:30-21:30,1,1,已售/已满,已售,多云,18,15,4,0.0,82,28
2026-05-21 08:55:34,2026-05-22,4,羽毛球馆-12号,20:30-21:30,1,1,已售/已满,已售,多云,18,15,4,0.0,84,28
2026-05-21 09:00:51,2026-05-22,4,羽毛球馆-12号,20:30-21:30,1,1,已售/已满,已售,多云,18,15,4,0.0,84,28
2026-05-21 09:01:59,2026-05-22,4,羽毛球馆-12号,20:30-21:30,1,1,已售/已满,已售,多云,18,15,4,0.0,83,28
2026-05-21 09:05:33,2026-05-22,4,羽毛球馆-12号,20:30-21:30,1,1,已售/已满,已售,多云,18,15,4,0.0,83,28
2026-05-21 09:20:38,2026-05-22,4,羽毛球馆-12号,20:30-21:30,1,1,已售/已满,已售,多云,18,16,3,0.0,81,28
2026-05-21 09:30:46,2026-05-22,4,羽毛球馆-12号,20:30-21:30,1,1,已售/已满,已售,多云,18,16,3,0.0,81,32
2026-05-21 09:40:36,2026-05-22,4,羽毛球馆-12号,20:30-21:30,1,1,已售/已满,已售,多云,19,17,3,0.0,79,32
2026-05-21 09:50:42,2026-05-22,4,羽毛球馆-12号,20:30-21:30,1,1,已售/已满,已售,多云,19,17,4,0.0,81,32
2026-05-21 10:00:46,2026-05-22,4,羽毛球馆-12号,20:30-21:30,1,1,已售/已满,已售,多云,19,17,4,0.0,79,32
2026-05-21 10:10:40,2026-05-22,4,羽毛球馆-12号,20:30-21:30,1,1,已售/已满,已售,多云,19,17,4,0.0,79,32
2026-05-21 10:20:38,2026-05-22,4,羽毛球馆-12号,20:30-21:30,1,1,已售/已满,已售,多云,19,17,4,0.0,79,32
2026-05-21 10:30:41,2026-05-22,4,羽毛球馆-12号,20:30-21:30,1,1,已售/已满,已售,多云,19,18,3,0.0,78,31
2026-05-21 11:00:44,2026-05-22,4,羽毛球馆-12号,20:30-21:30,1,1,已售/已满,已售,多云,21,17,5,0.0,74,31
2026-05-21 11:30:38,2026-05-22,4,羽毛球馆-12号,20:30-21:30,1,1,已售/已满,已售,多云,21,19,3,0.0,72,33
2026-05-21 12:00:46,2026-05-22,4,羽毛球馆-12号,20:30-21:30,1,1,已售/已满,已售,多云,22,19,4,0.0,70,33
2026-05-21 12:30:42,2026-05-22,4,羽毛球馆-12号,20:30-21:30,1,1,已售/已满,已售,多云,22,21,3,0.0,68,35
2026-05-21 13:00:43,2026-05-22,4,羽毛球馆-12号,20:30-21:30,1,1,已售/已满,已售,多云,24,22,4,0.0,66,35
2026-05-21 13:30:43,2026-05-22,4,羽毛球馆-12号,20:30-21:30,1,1,已售/已满,已售,多云,24,22,4,0.0,66,36
2026-05-21 14:00:48,2026-05-22,4,羽毛球馆-12号,20:30-21:30,1,1,已售/已满,已售,多云,25,23,4,0.0,66,36
2026-05-21 14:30:45,2026-05-22,4,羽毛球馆-12号,20:30-21:30,1,1,已售/已满,已售,晴,25,25,3,0.0,65,39
2026-05-21 15:00:45,2026-05-22,4,羽毛球馆-12号,20:30-21:30,1,1,已售/已满,已售,晴,25,22,4,0.0,56,39
2026-05-21 15:30:43,2026-05-22,4,羽毛球馆-12号,20:30-21:30,1,1,已售/已满,已售,晴,25,23,4,0.0,57,40
2026-05-21 16:00:51,2026-05-22,4,羽毛球馆-12号,20:30-21:30,1,1,已售/已满,已售,晴,25,23,4,0.0,57,40
2026-05-21 16:30:48,2026-05-22,4,羽毛球馆-12号,20:30-21:30,1,1,已售/已满,已售,晴,25,24,3,0.0,60,39
2026-05-21 17:00:49,2026-05-22,4,羽毛球馆-12号,20:30-21:30,1,1,已售/已满,已售,晴,25,24,4,0.0,61,39
2026-05-21 17:30:47,2026-05-22,4,羽毛球馆-12号,20:30-21:30,1,1,已售/已满,已售,多云,24,23,3,0.0,64,39
2026-05-21 18:00:50,2026-05-22,4,羽毛球馆-12号,20:30-21:30,1,1,已售/已满,已售,多云,24,23,3,0.0,68,39
2026-05-21 18:30:50,2026-05-22,4,羽毛球馆-12号,20:30-21:30,1,1,已售/已满,已售,阴,24,25,2,0.0,68,40
2026-05-21 19:00:50,2026-05-22,4,羽毛球馆-12号,20:30-21:30,1,1,已售/已满,已售,阴,23,23,3,0.0,76,40
2026-05-21 19:30:46,2026-05-22,4,羽毛球馆-12号,20:30-21:30,1,1,已售/已满,已售,阴,23,24,2,0.0,77,39
2026-05-21 20:00:49,2026-05-22,4,羽毛球馆-12号,20:30-21:30,1,1,已售/已满,已售,雾,22,23,2,0.0,89,39
2026-05-21 20:30:44,2026-05-22,4,羽毛球馆-12号,20:30-21:30,1,1,已售/已满,已售,雾,22,24,2,0.0,93,43
2026-05-21 21:00:56,2026-05-22,4,羽毛球馆-12号,20:30-21:30,1,1,已售/已满,已售,雾,20,21,2,0.0,98,43
2026-05-21 21:30:46,2026-05-22,4,羽毛球馆-12号,20:30-21:30,1,1,已售/已满,已售,雾,20,22,1,0.0,99,41
2026-05-21 22:01:02,2026-05-22,4,羽毛球馆-12号,20:30-21:30,1,1,已售/已满,已售,雾,19,20,2,0.0,93,41
2026-05-21 22:30:47,2026-05-22,4,羽毛球馆-12号,20:30-21:30,1,1,已售/已满,已售,雾,19,19,3,0.0,88,46
2026-05-21 23:00:56,2026-05-22,4,羽毛球馆-12号,20:30-21:30,1,1,已售/已满,已售,多云,18,17,3,0.0,85,46
2026-05-21 23:30:55,2026-05-22,4,羽毛球馆-12号,20:30-21:30,1,1,已售/已满,已售,多云,18,17,3,0.0,85,48
2026-05-21 08:00:45,2026-05-22,4,羽毛球馆-13号,07:00-08:00,0,1,可预约,￥0.0,晴,17,12,5,0.0,86,29
2026-05-21 08:02:30,2026-05-22,4,羽毛球馆-13号,07:00-08:00,0,1,可预约,￥0.0,多云,17,12,5,0.0,87,29
2026-05-21 08:05:36,2026-05-22,4,羽毛球馆-13号,07:00-08:00,0,1,可预约,￥0.0,多云,17,12,5,0.0,86,29
2026-05-21 08:08:31,2026-05-22,4,羽毛球馆-13号,07:00-08:00,0,1,可预约,￥0.0,多云,17,12,5,0.0,86,29
2026-05-21 08:11:30,2026-05-22,4,羽毛球馆-13号,07:00-08:00,0,1,可预约,￥0.0,多云,17,12,5,0.0,86,29
2026-05-21 08:14:31,2026-05-22,4,羽毛球馆-13号,07:00-08:00,0,1,可预约,￥0.0,多云,17,12,5,0.0,86,29
2026-05-21 08:17:30,2026-05-22,4,羽毛球馆-13号,07:00-08:00,0,1,可预约,￥0.0,多云,17,12,5,0.0,86,29
2026-05-21 08:20:35,2026-05-22,4,羽毛球馆-13号,07:00-08:00,0,1,可预约,￥0.0,多云,17,14,4,0.0,85,29
2026-05-21 08:25:32,2026-05-22,4,羽毛球馆-13号,07:00-08:00,0,1,可预约,￥0.0,多云,17,14,4,0.0,85,28
2026-05-21 08:30:42,2026-05-22,4,羽毛球馆-13号,07:00-08:00,0,1,可预约,￥0.0,多云,18,15,4,0.0,84,28
2026-05-21 08:35:31,2026-05-22,4,羽毛球馆-13号,07:00-08:00,0,1,可预约,￥0.0,多云,18,15,4,0.0,84,28
2026-05-21 08:40:38,2026-05-22,4,羽毛球馆-13号,07:00-08:00,0,1,可预约,￥0.0,多云,18,15,4,0.0,82,28
2026-05-21 08:45:33,2026-05-22,4,羽毛球馆-13号,07:00-08:00,0,1,可预约,￥0.0,多云,18,15,4,0.0,82,28
2026-05-21 08:50:36,2026-05-22,4,羽毛球馆-13号,07:00-08:00,0,1,可预约,￥0.0,多云,18,15,4,0.0,82,28
2026-05-21 08:55:34,2026-05-22,4,羽毛球馆-13号,07:00-08:00,0,1,可预约,￥0.0,多云,18,15,4,0.0,84,28
2026-05-21 09:00:51,2026-05-22,4,羽毛球馆-13号,07:00-08:00,0,1,可预约,￥0.0,多云,18,15,4,0.0,84,28
2026-05-21 09:01:59,2026-05-22,4,羽毛球馆-13号,07:00-08:00,0,1,可预约,￥0.0,多云,18,15,4,0.0,83,28
2026-05-21 09:05:33,2026-05-22,4,羽毛球馆-13号,07:00-08:00,0,1,可预约,￥0.0,多云,18,15,4,0.0,83,28
2026-05-21 09:20:38,2026-05-22,4,羽毛球馆-13号,07:00-08:00,0,1,可预约,￥0.0,多云,18,16,3,0.0,81,28
2026-05-21 09:30:46,2026-05-22,4,羽毛球馆-13号,07:00-08:00,0,1,可预约,￥0.0,多云,18,16,3,0.0,81,32
2026-05-21 09:40:36,2026-05-22,4,羽毛球馆-13号,07:00-08:00,0,1,可预约,￥0.0,多云,19,17,3,0.0,79,32
2026-05-21 09:50:42,2026-05-22,4,羽毛球馆-13号,07:00-08:00,0,1,可预约,￥0.0,多云,19,17,4,0.0,81,32
2026-05-21 10:00:46,2026-05-22,4,羽毛球馆-13号,07:00-08:00,0,1,可预约,￥0.0,多云,19,17,4,0.0,79,32
2026-05-21 10:10:40,2026-05-22,4,羽毛球馆-13号,07:00-08:00,0,1,可预约,￥0.0,多云,19,17,4,0.0,79,32
2026-05-21 10:20:38,2026-05-22,4,羽毛球馆-13号,07:00-08:00,0,1,可预约,￥0.0,多云,19,17,4,0.0,79,32
2026-05-21 10:30:41,2026-05-22,4,羽毛球馆-13号,07:00-08:00,0,1,可预约,￥0.0,多云,19,18,3,0.0,78,31
2026-05-21 11:00:44,2026-05-22,4,羽毛球馆-13号,07:00-08:00,0,1,可预约,￥0.0,多云,21,17,5,0.0,74,31
2026-05-21 11:30:38,2026-05-22,4,羽毛球馆-13号,07:00-08:00,0,1,可预约,￥0.0,多云,21,19,3,0.0,72,33
2026-05-21 12:00:46,2026-05-22,4,羽毛球馆-13号,07:00-08:00,0,1,可预约,￥0.0,多云,22,19,4,0.0,70,33
2026-05-21 12:30:42,2026-05-22,4,羽毛球馆-13号,07:00-08:00,0,1,可预约,￥0.0,多云,22,21,3,0.0,68,35
2026-05-21 13:00:43,2026-05-22,4,羽毛球馆-13号,07:00-08:00,0,1,可预约,￥0.0,多云,24,22,4,0.0,66,35
2026-05-21 13:30:43,2026-05-22,4,羽毛球馆-13号,07:00-08:00,0,1,可预约,￥0.0,多云,24,22,4,0.0,66,36
2026-05-21 14:00:48,2026-05-22,4,羽毛球馆-13号,07:00-08:00,0,1,可预约,￥0.0,多云,25,23,4,0.0,66,36
2026-05-21 14:30:45,2026-05-22,4,羽毛球馆-13号,07:00-08:00,0,1,可预约,￥0.0,晴,25,25,3,0.0,65,39
2026-05-21 15:00:45,2026-05-22,4,羽毛球馆-13号,07:00-08:00,0,1,可预约,￥0.0,晴,25,22,4,0.0,56,39
2026-05-21 15:30:43,2026-05-22,4,羽毛球馆-13号,07:00-08:00,0,1,可预约,￥0.0,晴,25,23,4,0.0,57,40
2026-05-21 16:00:51,2026-05-22,4,羽毛球馆-13号,07:00-08:00,0,1,可预约,￥0.0,晴,25,23,4,0.0,57,40
2026-05-21 16:30:48,2026-05-22,4,羽毛球馆-13号,07:00-08:00,0,1,可预约,￥0.0,晴,25,24,3,0.0,60,39
2026-05-21 17:00:49,2026-05-22,4,羽毛球馆-13号,07:00-08:00,0,1,可预约,￥0.0,晴,25,24,4,0.0,61,39
2026-05-21 17:30:47,2026-05-22,4,羽毛球馆-13号,07:00-08:00,0,1,可预约,￥0.0,多云,24,23,3,0.0,64,39
2026-05-21 18:00:50,2026-05-22,4,羽毛球馆-13号,07:00-08:00,0,1,可预约,￥0.0,多云,24,23,3,0.0,68,39
2026-05-21 18:30:50,2026-05-22,4,羽毛球馆-13号,07:00-08:00,0,1,可预约,￥0.0,阴,24,25,2,0.0,68,40
2026-05-21 19:00:50,2026-05-22,4,羽毛球馆-13号,07:00-08:00,0,1,可预约,￥0.0,阴,23,23,3,0.0,76,40
2026-05-21 19:30:46,2026-05-22,4,羽毛球馆-13号,07:00-08:00,0,1,可预约,￥0.0,阴,23,24,2,0.0,77,39
2026-05-21 20:00:49,2026-05-22,4,羽毛球馆-13号,07:00-08:00,0,1,可预约,￥0.0,雾,22,23,2,0.0,89,39
2026-05-21 20:30:44,2026-05-22,4,羽毛球馆-13号,07:00-08:00,0,1,可预约,￥0.0,雾,22,24,2,0.0,93,43
2026-05-21 21:00:56,2026-05-22,4,羽毛球馆-13号,07:00-08:00,0,1,可预约,￥0.0,雾,20,21,2,0.0,98,43
2026-05-21 21:30:46,2026-05-22,4,羽毛球馆-13号,07:00-08:00,0,1,可预约,￥0.0,雾,20,22,1,0.0,99,41
2026-05-21 22:01:02,2026-05-22,4,羽毛球馆-13号,07:00-08:00,0,1,可预约,￥0.0,雾,19,20,2,0.0,93,41
2026-05-21 22:30:47,2026-05-22,4,羽毛球馆-13号,07:00-08:00,0,1,可预约,￥0.0,雾,19,19,3,0.0,88,46
2026-05-21 23:00:56,2026-05-22,4,羽毛球馆-13号,07:00-08:00,0,1,可预约,￥0.0,多云,18,17,3,0.0,85,46
2026-05-21 23:30:55,2026-05-22,4,羽毛球馆-13号,07:00-08:00,0,1,可预约,￥0.0,多云,18,17,3,0.0,85,48
2026-05-21 08:00:45,2026-05-22,4,羽毛球馆-13号,08:00-09:00,0,1,可预约,￥0.0,晴,17,12,5,0.0,86,29
2026-05-21 08:02:30,2026-05-22,4,羽毛球馆-13号,08:00-09:00,0,1,可预约,￥0.0,多云,17,12,5,0.0,87,29
2026-05-21 08:05:36,2026-05-22,4,羽毛球馆-13号,08:00-09:00,0,1,可预约,￥0.0,多云,17,12,5,0.0,86,29
2026-05-21 08:08:31,2026-05-22,4,羽毛球馆-13号,08:00-09:00,0,1,可预约,￥0.0,多云,17,12,5,0.0,86,29
2026-05-21 08:11:30,2026-05-22,4,羽毛球馆-13号,08:00-09:00,0,1,可预约,￥0.0,多云,17,12,5,0.0,86,29
2026-05-21 08:14:31,2026-05-22,4,羽毛球馆-13号,08:00-09:00,0,1,可预约,￥0.0,多云,17,12,5,0.0,86,29
2026-05-21 08:17:30,2026-05-22,4,羽毛球馆-13号,08:00-09:00,0,1,可预约,￥0.0,多云,17,12,5,0.0,86,29
2026-05-21 08:20:35,2026-05-22,4,羽毛球馆-13号,08:00-09:00,0,1,可预约,￥0.0,多云,17,14,4,0.0,85,29
2026-05-21 08:25:32,2026-05-22,4,羽毛球馆-13号,08:00-09:00,0,1,可预约,￥0.0,多云,17,14,4,0.0,85,28
2026-05-21 08:30:42,2026-05-22,4,羽毛球馆-13号,08:00-09:00,0,1,可预约,￥0.0,多云,18,15,4,0.0,84,28
2026-05-21 08:35:31,2026-05-22,4,羽毛球馆-13号,08:00-09:00,0,1,可预约,￥0.0,多云,18,15,4,0.0,84,28
2026-05-21 08:40:38,2026-05-22,4,羽毛球馆-13号,08:00-09:00,0,1,可预约,￥0.0,多云,18,15,4,0.0,82,28
2026-05-21 08:45:33,2026-05-22,4,羽毛球馆-13号,08:00-09:00,0,1,可预约,￥0.0,多云,18,15,4,0.0,82,28
2026-05-21 08:50:36,2026-05-22,4,羽毛球馆-13号,08:00-09:00,0,1,可预约,￥0.0,多云,18,15,4,0.0,82,28
2026-05-21 08:55:34,2026-05-22,4,羽毛球馆-13号,08:00-09:00,0,1,可预约,￥0.0,多云,18,15,4,0.0,84,28
2026-05-21 09:00:51,2026-05-22,4,羽毛球馆-13号,08:00-09:00,0,1,可预约,￥0.0,多云,18,15,4,0.0,84,28
2026-05-21 09:01:59,2026-05-22,4,羽毛球馆-13号,08:00-09:00,0,1,可预约,￥0.0,多云,18,15,4,0.0,83,28
2026-05-21 09:05:33,2026-05-22,4,羽毛球馆-13号,08:00-09:00,0,1,可预约,￥0.0,多云,18,15,4,0.0,83,28
2026-05-21 09:20:38,2026-05-22,4,羽毛球馆-13号,08:00-09:00,0,1,可预约,￥0.0,多云,18,16,3,0.0,81,28
2026-05-21 09:30:46,2026-05-22,4,羽毛球馆-13号,08:00-09:00,0,1,可预约,￥0.0,多云,18,16,3,0.0,81,32
2026-05-21 09:40:36,2026-05-22,4,羽毛球馆-13号,08:00-09:00,0,1,可预约,￥0.0,多云,19,17,3,0.0,79,32
2026-05-21 09:50:42,2026-05-22,4,羽毛球馆-13号,08:00-09:00,0,1,可预约,￥0.0,多云,19,17,4,0.0,81,32
2026-05-21 10:00:46,2026-05-22,4,羽毛球馆-13号,08:00-09:00,0,1,可预约,￥0.0,多云,19,17,4,0.0,79,32
2026-05-21 10:10:40,2026-05-22,4,羽毛球馆-13号,08:00-09:00,0,1,可预约,￥0.0,多云,19,17,4,0.0,79,32
2026-05-21 10:20:38,2026-05-22,4,羽毛球馆-13号,08:00-09:00,0,1,可预约,￥0.0,多云,19,17,4,0.0,79,32
2026-05-21 10:30:41,2026-05-22,4,羽毛球馆-13号,08:00-09:00,0,1,可预约,￥0.0,多云,19,18,3,0.0,78,31
2026-05-21 11:00:44,2026-05-22,4,羽毛球馆-13号,08:00-09:00,0,1,可预约,￥0.0,多云,21,17,5,0.0,74,31
2026-05-21 11:30:38,2026-05-22,4,羽毛球馆-13号,08:00-09:00,0,1,可预约,￥0.0,多云,21,19,3,0.0,72,33
2026-05-21 12:00:46,2026-05-22,4,羽毛球馆-13号,08:00-09:00,0,1,可预约,￥0.0,多云,22,19,4,0.0,70,33
2026-05-21 12:30:42,2026-05-22,4,羽毛球馆-13号,08:00-09:00,0,1,可预约,￥0.0,多云,22,21,3,0.0,68,35
2026-05-21 13:00:43,2026-05-22,4,羽毛球馆-13号,08:00-09:00,0,1,可预约,￥0.0,多云,24,22,4,0.0,66,35
2026-05-21 13:30:43,2026-05-22,4,羽毛球馆-13号,08:00-09:00,0,1,可预约,￥0.0,多云,24,22,4,0.0,66,36
2026-05-21 14:00:48,2026-05-22,4,羽毛球馆-13号,08:00-09:00,0,1,可预约,￥0.0,多云,25,23,4,0.0,66,36
2026-05-21 14:30:45,2026-05-22,4,羽毛球馆-13号,08:00-09:00,0,1,可预约,￥0.0,晴,25,25,3,0.0,65,39
2026-05-21 15:00:45,2026-05-22,4,羽毛球馆-13号,08:00-09:00,0,1,可预约,￥0.0,晴,25,22,4,0.0,56,39
2026-05-21 15:30:43,2026-05-22,4,羽毛球馆-13号,08:00-09:00,0,1,可预约,￥0.0,晴,25,23,4,0.0,57,40
2026-05-21 16:00:51,2026-05-22,4,羽毛球馆-13号,08:00-09:00,0,1,可预约,￥0.0,晴,25,23,4,0.0,57,40
2026-05-21 16:30:48,2026-05-22,4,羽毛球馆-13号,08:00-09:00,0,1,可预约,￥0.0,晴,25,24,3,0.0,60,39
2026-05-21 17:00:49,2026-05-22,4,羽毛球馆-13号,08:00-09:00,0,1,可预约,￥0.0,晴,25,24,4,0.0,61,39
2026-05-21 17:30:47,2026-05-22,4,羽毛球馆-13号,08:00-09:00,0,1,可预约,￥0.0,多云,24,23,3,0.0,64,39
2026-05-21 18:00:50,2026-05-22,4,羽毛球馆-13号,08:00-09:00,1,1,已售/已满,已售,多云,24,23,3,0.0,68,39
2026-05-21 18:30:50,2026-05-22,4,羽毛球馆-13号,08:00-09:00,1,1,已售/已满,已售,阴,24,25,2,0.0,68,40
2026-05-21 19:00:50,2026-05-22,4,羽毛球馆-13号,08:00-09:00,1,1,已售/已满,已售,阴,23,23,3,0.0,76,40
2026-05-21 19:30:46,2026-05-22,4,羽毛球馆-13号,08:00-09:00,1,1,已售/已满,已售,阴,23,24,2,0.0,77,39
2026-05-21 20:00:49,2026-05-22,4,羽毛球馆-13号,08:00-09:00,1,1,已售/已满,已售,雾,22,23,2,0.0,89,39
2026-05-21 20:30:44,2026-05-22,4,羽毛球馆-13号,08:00-09:00,1,1,已售/已满,已售,雾,22,24,2,0.0,93,43
2026-05-21 21:00:56,2026-05-22,4,羽毛球馆-13号,08:00-09:00,1,1,已售/已满,已售,雾,20,21,2,0.0,98,43
2026-05-21 21:30:46,2026-05-22,4,羽毛球馆-13号,08:00-09:00,1,1,已售/已满,已售,雾,20,22,1,0.0,99,41
2026-05-21 22:01:02,2026-05-22,4,羽毛球馆-13号,08:00-09:00,1,1,已售/已满,已售,雾,19,20,2,0.0,93,41
2026-05-21 22:30:47,2026-05-22,4,羽毛球馆-13号,08:00-09:00,1,1,已售/已满,已售,雾,19,19,3,0.0,88,46
2026-05-21 23:00:56,2026-05-22,4,羽毛球馆-13号,08:00-09:00,1,1,已售/已满,已售,多云,18,17,3,0.0,85,46
2026-05-21 23:30:55,2026-05-22,4,羽毛球馆-13号,08:00-09:00,1,1,已售/已满,已售,多云,18,17,3,0.0,85,48
2026-05-21 08:00:45,2026-05-22,4,羽毛球馆-13号,09:00-10:00,0,1,可预约,￥12.0,晴,17,12,5,0.0,86,29
2026-05-21 08:02:30,2026-05-22,4,羽毛球馆-13号,09:00-10:00,0,1,可预约,￥12.0,多云,17,12,5,0.0,87,29
2026-05-21 08:05:36,2026-05-22,4,羽毛球馆-13号,09:00-10:00,0,1,可预约,￥12.0,多云,17,12,5,0.0,86,29
2026-05-21 08:08:31,2026-05-22,4,羽毛球馆-13号,09:00-10:00,0,1,可预约,￥12.0,多云,17,12,5,0.0,86,29
2026-05-21 08:11:30,2026-05-22,4,羽毛球馆-13号,09:00-10:00,0,1,可预约,￥12.0,多云,17,12,5,0.0,86,29
2026-05-21 08:14:31,2026-05-22,4,羽毛球馆-13号,09:00-10:00,0,1,可预约,￥12.0,多云,17,12,5,0.0,86,29
2026-05-21 08:17:30,2026-05-22,4,羽毛球馆-13号,09:00-10:00,0,1,可预约,￥12.0,多云,17,12,5,0.0,86,29
2026-05-21 08:20:35,2026-05-22,4,羽毛球馆-13号,09:00-10:00,0,1,可预约,￥12.0,多云,17,14,4,0.0,85,29
2026-05-21 08:25:32,2026-05-22,4,羽毛球馆-13号,09:00-10:00,0,1,可预约,￥12.0,多云,17,14,4,0.0,85,28
2026-05-21 08:30:42,2026-05-22,4,羽毛球馆-13号,09:00-10:00,0,1,可预约,￥12.0,多云,18,15,4,0.0,84,28
2026-05-21 08:35:31,2026-05-22,4,羽毛球馆-13号,09:00-10:00,0,1,可预约,￥12.0,多云,18,15,4,0.0,84,28
2026-05-21 08:40:38,2026-05-22,4,羽毛球馆-13号,09:00-10:00,0,1,可预约,￥12.0,多云,18,15,4,0.0,82,28
2026-05-21 08:45:33,2026-05-22,4,羽毛球馆-13号,09:00-10:00,0,1,可预约,￥12.0,多云,18,15,4,0.0,82,28
2026-05-21 08:50:36,2026-05-22,4,羽毛球馆-13号,09:00-10:00,0,1,可预约,￥12.0,多云,18,15,4,0.0,82,28
2026-05-21 08:55:34,2026-05-22,4,羽毛球馆-13号,09:00-10:00,0,1,可预约,￥12.0,多云,18,15,4,0.0,84,28
2026-05-21 09:00:51,2026-05-22,4,羽毛球馆-13号,09:00-10:00,0,1,可预约,￥12.0,多云,18,15,4,0.0,84,28
2026-05-21 09:01:59,2026-05-22,4,羽毛球馆-13号,09:00-10:00,0,1,可预约,￥12.0,多云,18,15,4,0.0,83,28
2026-05-21 09:05:33,2026-05-22,4,羽毛球馆-13号,09:00-10:00,0,1,可预约,￥12.0,多云,18,15,4,0.0,83,28
2026-05-21 09:20:38,2026-05-22,4,羽毛球馆-13号,09:00-10:00,0,1,可预约,￥12.0,多云,18,16,3,0.0,81,28
2026-05-21 09:30:46,2026-05-22,4,羽毛球馆-13号,09:00-10:00,0,1,可预约,￥12.0,多云,18,16,3,0.0,81,32
2026-05-21 09:40:36,2026-05-22,4,羽毛球馆-13号,09:00-10:00,0,1,可预约,￥12.0,多云,19,17,3,0.0,79,32
2026-05-21 09:50:42,2026-05-22,4,羽毛球馆-13号,09:00-10:00,0,1,可预约,￥12.0,多云,19,17,4,0.0,81,32
2026-05-21 10:00:46,2026-05-22,4,羽毛球馆-13号,09:00-10:00,0,1,可预约,￥12.0,多云,19,17,4,0.0,79,32
2026-05-21 10:10:40,2026-05-22,4,羽毛球馆-13号,09:00-10:00,0,1,可预约,￥12.0,多云,19,17,4,0.0,79,32
2026-05-21 10:20:38,2026-05-22,4,羽毛球馆-13号,09:00-10:00,0,1,可预约,￥12.0,多云,19,17,4,0.0,79,32
2026-05-21 10:30:41,2026-05-22,4,羽毛球馆-13号,09:00-10:00,0,1,可预约,￥12.0,多云,19,18,3,0.0,78,31
2026-05-21 11:00:44,2026-05-22,4,羽毛球馆-13号,09:00-10:00,0,1,可预约,￥12.0,多云,21,17,5,0.0,74,31
2026-05-21 11:30:38,2026-05-22,4,羽毛球馆-13号,09:00-10:00,0,1,可预约,￥12.0,多云,21,19,3,0.0,72,33
2026-05-21 12:00:46,2026-05-22,4,羽毛球馆-13号,09:00-10:00,0,1,可预约,￥12.0,多云,22,19,4,0.0,70,33
2026-05-21 12:30:42,2026-05-22,4,羽毛球馆-13号,09:00-10:00,0,1,可预约,￥12.0,多云,22,21,3,0.0,68,35
2026-05-21 13:00:43,2026-05-22,4,羽毛球馆-13号,09:00-10:00,0,1,可预约,￥12.0,多云,24,22,4,0.0,66,35
2026-05-21 13:30:43,2026-05-22,4,羽毛球馆-13号,09:00-10:00,0,1,可预约,￥12.0,多云,24,22,4,0.0,66,36
2026-05-21 14:00:48,2026-05-22,4,羽毛球馆-13号,09:00-10:00,0,1,可预约,￥12.0,多云,25,23,4,0.0,66,36
2026-05-21 14:30:45,2026-05-22,4,羽毛球馆-13号,09:00-10:00,0,1,可预约,￥12.0,晴,25,25,3,0.0,65,39
2026-05-21 15:00:45,2026-05-22,4,羽毛球馆-13号,09:00-10:00,0,1,可预约,￥12.0,晴,25,22,4,0.0,56,39
2026-05-21 15:30:43,2026-05-22,4,羽毛球馆-13号,09:00-10:00,0,1,可预约,￥12.0,晴,25,23,4,0.0,57,40
2026-05-21 16:00:51,2026-05-22,4,羽毛球馆-13号,09:00-10:00,0,1,可预约,￥12.0,晴,25,23,4,0.0,57,40
2026-05-21 16:30:48,2026-05-22,4,羽毛球馆-13号,09:00-10:00,0,1,可预约,￥12.0,晴,25,24,3,0.0,60,39
2026-05-21 17:00:49,2026-05-22,4,羽毛球馆-13号,09:00-10:00,0,1,可预约,￥12.0,晴,25,24,4,0.0,61,39
2026-05-21 17:30:47,2026-05-22,4,羽毛球馆-13号,09:00-10:00,0,1,可预约,￥12.0,多云,24,23,3,0.0,64,39
2026-05-21 18:00:50,2026-05-22,4,羽毛球馆-13号,09:00-10:00,0,1,可预约,￥12.0,多云,24,23,3,0.0,68,39
2026-05-21 18:30:50,2026-05-22,4,羽毛球馆-13号,09:00-10:00,0,1,可预约,￥12.0,阴,24,25,2,0.0,68,40
2026-05-21 19:00:50,2026-05-22,4,羽毛球馆-13号,09:00-10:00,0,1,可预约,￥12.0,阴,23,23,3,0.0,76,40
2026-05-21 19:30:46,2026-05-22,4,羽毛球馆-13号,09:00-10:00,0,1,可预约,￥12.0,阴,23,24,2,0.0,77,39
2026-05-21 20:00:49,2026-05-22,4,羽毛球馆-13号,09:00-10:00,0,1,可预约,￥12.0,雾,22,23,2,0.0,89,39
2026-05-21 20:30:44,2026-05-22,4,羽毛球馆-13号,09:00-10:00,0,1,可预约,￥12.0,雾,22,24,2,0.0,93,43
2026-05-21 21:00:56,2026-05-22,4,羽毛球馆-13号,09:00-10:00,0,1,可预约,￥12.0,雾,20,21,2,0.0,98,43
2026-05-21 21:30:46,2026-05-22,4,羽毛球馆-13号,09:00-10:00,0,1,可预约,￥12.0,雾,20,22,1,0.0,99,41
2026-05-21 22:01:02,2026-05-22,4,羽毛球馆-13号,09:00-10:00,0,1,可预约,￥12.0,雾,19,20,2,0.0,93,41
2026-05-21 22:30:47,2026-05-22,4,羽毛球馆-13号,09:00-10:00,0,1,可预约,￥12.0,雾,19,19,3,0.0,88,46
2026-05-21 23:00:56,2026-05-22,4,羽毛球馆-13号,09:00-10:00,0,1,可预约,￥12.0,多云,18,17,3,0.0,85,46
2026-05-21 23:30:55,2026-05-22,4,羽毛球馆-13号,09:00-10:00,0,1,可预约,￥12.0,多云,18,17,3,0.0,85,48
2026-05-21 08:00:45,2026-05-22,4,羽毛球馆-13号,10:00-11:00,1,1,已售/已满,教学时间,晴,17,12,5,0.0,86,29
2026-05-21 08:02:30,2026-05-22,4,羽毛球馆-13号,10:00-11:00,1,1,已售/已满,教学时间,多云,17,12,5,0.0,87,29
2026-05-21 08:05:36,2026-05-22,4,羽毛球馆-13号,10:00-11:00,1,1,已售/已满,教学时间,多云,17,12,5,0.0,86,29
2026-05-21 08:08:31,2026-05-22,4,羽毛球馆-13号,10:00-11:00,1,1,已售/已满,教学时间,多云,17,12,5,0.0,86,29
2026-05-21 08:11:30,2026-05-22,4,羽毛球馆-13号,10:00-11:00,1,1,已售/已满,教学时间,多云,17,12,5,0.0,86,29
2026-05-21 08:14:31,2026-05-22,4,羽毛球馆-13号,10:00-11:00,1,1,已售/已满,教学时间,多云,17,12,5,0.0,86,29
2026-05-21 08:17:30,2026-05-22,4,羽毛球馆-13号,10:00-11:00,1,1,已售/已满,教学时间,多云,17,12,5,0.0,86,29
2026-05-21 08:20:35,2026-05-22,4,羽毛球馆-13号,10:00-11:00,1,1,已售/已满,教学时间,多云,17,14,4,0.0,85,29
2026-05-21 08:25:32,2026-05-22,4,羽毛球馆-13号,10:00-11:00,1,1,已售/已满,教学时间,多云,17,14,4,0.0,85,28
2026-05-21 08:30:42,2026-05-22,4,羽毛球馆-13号,10:00-11:00,1,1,已售/已满,教学时间,多云,18,15,4,0.0,84,28
2026-05-21 08:35:31,2026-05-22,4,羽毛球馆-13号,10:00-11:00,1,1,已售/已满,教学时间,多云,18,15,4,0.0,84,28
2026-05-21 08:40:38,2026-05-22,4,羽毛球馆-13号,10:00-11:00,1,1,已售/已满,教学时间,多云,18,15,4,0.0,82,28
2026-05-21 08:45:33,2026-05-22,4,羽毛球馆-13号,10:00-11:00,1,1,已售/已满,教学时间,多云,18,15,4,0.0,82,28
2026-05-21 08:50:36,2026-05-22,4,羽毛球馆-13号,10:00-11:00,1,1,已售/已满,教学时间,多云,18,15,4,0.0,82,28
2026-05-21 08:55:34,2026-05-22,4,羽毛球馆-13号,10:00-11:00,1,1,已售/已满,教学时间,多云,18,15,4,0.0,84,28
2026-05-21 09:00:51,2026-05-22,4,羽毛球馆-13号,10:00-11:00,1,1,已售/已满,教学时间,多云,18,15,4,0.0,84,28
2026-05-21 09:01:59,2026-05-22,4,羽毛球馆-13号,10:00-11:00,1,1,已售/已满,教学时间,多云,18,15,4,0.0,83,28
2026-05-21 09:05:33,2026-05-22,4,羽毛球馆-13号,10:00-11:00,1,1,已售/已满,教学时间,多云,18,15,4,0.0,83,28
2026-05-21 09:20:38,2026-05-22,4,羽毛球馆-13号,10:00-11:00,1,1,已售/已满,教学时间,多云,18,16,3,0.0,81,28
2026-05-21 09:30:46,2026-05-22,4,羽毛球馆-13号,10:00-11:00,1,1,已售/已满,教学时间,多云,18,16,3,0.0,81,32
2026-05-21 09:40:36,2026-05-22,4,羽毛球馆-13号,10:00-11:00,1,1,已售/已满,教学时间,多云,19,17,3,0.0,79,32
2026-05-21 09:50:42,2026-05-22,4,羽毛球馆-13号,10:00-11:00,1,1,已售/已满,教学时间,多云,19,17,4,0.0,81,32
2026-05-21 10:00:46,2026-05-22,4,羽毛球馆-13号,10:00-11:00,1,1,已售/已满,教学时间,多云,19,17,4,0.0,79,32
2026-05-21 10:10:40,2026-05-22,4,羽毛球馆-13号,10:00-11:00,1,1,已售/已满,教学时间,多云,19,17,4,0.0,79,32
2026-05-21 10:20:38,2026-05-22,4,羽毛球馆-13号,10:00-11:00,1,1,已售/已满,教学时间,多云,19,17,4,0.0,79,32
2026-05-21 10:30:41,2026-05-22,4,羽毛球馆-13号,10:00-11:00,1,1,已售/已满,教学时间,多云,19,18,3,0.0,78,31
2026-05-21 11:00:44,2026-05-22,4,羽毛球馆-13号,10:00-11:00,1,1,已售/已满,教学时间,多云,21,17,5,0.0,74,31
2026-05-21 11:30:38,2026-05-22,4,羽毛球馆-13号,10:00-11:00,1,1,已售/已满,教学时间,多云,21,19,3,0.0,72,33
2026-05-21 12:00:46,2026-05-22,4,羽毛球馆-13号,10:00-11:00,1,1,已售/已满,教学时间,多云,22,19,4,0.0,70,33
2026-05-21 12:30:42,2026-05-22,4,羽毛球馆-13号,10:00-11:00,1,1,已售/已满,教学时间,多云,22,21,3,0.0,68,35
2026-05-21 13:00:43,2026-05-22,4,羽毛球馆-13号,10:00-11:00,1,1,已售/已满,教学时间,多云,24,22,4,0.0,66,35
2026-05-21 13:30:43,2026-05-22,4,羽毛球馆-13号,10:00-11:00,1,1,已售/已满,教学时间,多云,24,22,4,0.0,66,36
2026-05-21 14:00:48,2026-05-22,4,羽毛球馆-13号,10:00-11:00,1,1,已售/已满,教学时间,多云,25,23,4,0.0,66,36
2026-05-21 14:30:45,2026-05-22,4,羽毛球馆-13号,10:00-11:00,1,1,已售/已满,教学时间,晴,25,25,3,0.0,65,39
2026-05-21 15:00:45,2026-05-22,4,羽毛球馆-13号,10:00-11:00,1,1,已售/已满,教学时间,晴,25,22,4,0.0,56,39
2026-05-21 15:30:43,2026-05-22,4,羽毛球馆-13号,10:00-11:00,1,1,已售/已满,教学时间,晴,25,23,4,0.0,57,40
2026-05-21 16:00:51,2026-05-22,4,羽毛球馆-13号,10:00-11:00,1,1,已售/已满,教学时间,晴,25,23,4,0.0,57,40
2026-05-21 16:30:48,2026-05-22,4,羽毛球馆-13号,10:00-11:00,1,1,已售/已满,教学时间,晴,25,24,3,0.0,60,39
2026-05-21 17:00:49,2026-05-22,4,羽毛球馆-13号,10:00-11:00,1,1,已售/已满,教学时间,晴,25,24,4,0.0,61,39
2026-05-21 17:30:47,2026-05-22,4,羽毛球馆-13号,10:00-11:00,1,1,已售/已满,教学时间,多云,24,23,3,0.0,64,39
2026-05-21 18:00:50,2026-05-22,4,羽毛球馆-13号,10:00-11:00,1,1,已售/已满,教学时间,多云,24,23,3,0.0,68,39
2026-05-21 18:30:50,2026-05-22,4,羽毛球馆-13号,10:00-11:00,1,1,已售/已满,教学时间,阴,24,25,2,0.0,68,40
2026-05-21 19:00:50,2026-05-22,4,羽毛球馆-13号,10:00-11:00,1,1,已售/已满,教学时间,阴,23,23,3,0.0,76,40
2026-05-21 19:30:46,2026-05-22,4,羽毛球馆-13号,10:00-11:00,1,1,已售/已满,教学时间,阴,23,24,2,0.0,77,39
2026-05-21 20:00:49,2026-05-22,4,羽毛球馆-13号,10:00-11:00,1,1,已售/已满,教学时间,雾,22,23,2,0.0,89,39
2026-05-21 20:30:44,2026-05-22,4,羽毛球馆-13号,10:00-11:00,1,1,已售/已满,教学时间,雾,22,24,2,0.0,93,43
2026-05-21 21:00:56,2026-05-22,4,羽毛球馆-13号,10:00-11:00,1,1,已售/已满,教学时间,雾,20,21,2,0.0,98,43
2026-05-21 21:30:46,2026-05-22,4,羽毛球馆-13号,10:00-11:00,1,1,已售/已满,教学时间,雾,20,22,1,0.0,99,41
2026-05-21 22:01:02,2026-05-22,4,羽毛球馆-13号,10:00-11:00,1,1,已售/已满,教学时间,雾,19,20,2,0.0,93,41
2026-05-21 22:30:47,2026-05-22,4,羽毛球馆-13号,10:00-11:00,1,1,已售/已满,教学时间,雾,19,19,3,0.0,88,46
2026-05-21 23:00:56,2026-05-22,4,羽毛球馆-13号,10:00-11:00,1,1,已售/已满,教学时间,多云,18,17,3,0.0,85,46
2026-05-21 23:30:55,2026-05-22,4,羽毛球馆-13号,10:00-11:00,1,1,已售/已满,教学时间,多云,18,17,3,0.0,85,48
2026-05-21 08:00:45,2026-05-22,4,羽毛球馆-13号,11:00-12:00,1,1,已售/已满,教学时间,晴,17,12,5,0.0,86,29
2026-05-21 08:02:30,2026-05-22,4,羽毛球馆-13号,11:00-12:00,1,1,已售/已满,教学时间,多云,17,12,5,0.0,87,29
2026-05-21 08:05:36,2026-05-22,4,羽毛球馆-13号,11:00-12:00,1,1,已售/已满,教学时间,多云,17,12,5,0.0,86,29
2026-05-21 08:08:31,2026-05-22,4,羽毛球馆-13号,11:00-12:00,1,1,已售/已满,教学时间,多云,17,12,5,0.0,86,29
2026-05-21 08:11:30,2026-05-22,4,羽毛球馆-13号,11:00-12:00,1,1,已售/已满,教学时间,多云,17,12,5,0.0,86,29
2026-05-21 08:14:31,2026-05-22,4,羽毛球馆-13号,11:00-12:00,1,1,已售/已满,教学时间,多云,17,12,5,0.0,86,29
2026-05-21 08:17:30,2026-05-22,4,羽毛球馆-13号,11:00-12:00,1,1,已售/已满,教学时间,多云,17,12,5,0.0,86,29
2026-05-21 08:20:35,2026-05-22,4,羽毛球馆-13号,11:00-12:00,1,1,已售/已满,教学时间,多云,17,14,4,0.0,85,29
2026-05-21 08:25:32,2026-05-22,4,羽毛球馆-13号,11:00-12:00,1,1,已售/已满,教学时间,多云,17,14,4,0.0,85,28
2026-05-21 08:30:42,2026-05-22,4,羽毛球馆-13号,11:00-12:00,1,1,已售/已满,教学时间,多云,18,15,4,0.0,84,28
2026-05-21 08:35:31,2026-05-22,4,羽毛球馆-13号,11:00-12:00,1,1,已售/已满,教学时间,多云,18,15,4,0.0,84,28
2026-05-21 08:40:38,2026-05-22,4,羽毛球馆-13号,11:00-12:00,1,1,已售/已满,教学时间,多云,18,15,4,0.0,82,28
2026-05-21 08:45:33,2026-05-22,4,羽毛球馆-13号,11:00-12:00,1,1,已售/已满,教学时间,多云,18,15,4,0.0,82,28
2026-05-21 08:50:36,2026-05-22,4,羽毛球馆-13号,11:00-12:00,1,1,已售/已满,教学时间,多云,18,15,4,0.0,82,28
2026-05-21 08:55:34,2026-05-22,4,羽毛球馆-13号,11:00-12:00,1,1,已售/已满,教学时间,多云,18,15,4,0.0,84,28
2026-05-21 09:00:51,2026-05-22,4,羽毛球馆-13号,11:00-12:00,1,1,已售/已满,教学时间,多云,18,15,4,0.0,84,28
2026-05-21 09:01:59,2026-05-22,4,羽毛球馆-13号,11:00-12:00,1,1,已售/已满,教学时间,多云,18,15,4,0.0,83,28
2026-05-21 09:05:33,2026-05-22,4,羽毛球馆-13号,11:00-12:00,1,1,已售/已满,教学时间,多云,18,15,4,0.0,83,28
2026-05-21 09:20:38,2026-05-22,4,羽毛球馆-13号,11:00-12:00,1,1,已售/已满,教学时间,多云,18,16,3,0.0,81,28
2026-05-21 09:30:46,2026-05-22,4,羽毛球馆-13号,11:00-12:00,1,1,已售/已满,教学时间,多云,18,16,3,0.0,81,32
2026-05-21 09:40:36,2026-05-22,4,羽毛球馆-13号,11:00-12:00,1,1,已售/已满,教学时间,多云,19,17,3,0.0,79,32
2026-05-21 09:50:42,2026-05-22,4,羽毛球馆-13号,11:00-12:00,1,1,已售/已满,教学时间,多云,19,17,4,0.0,81,32
2026-05-21 10:00:46,2026-05-22,4,羽毛球馆-13号,11:00-12:00,1,1,已售/已满,教学时间,多云,19,17,4,0.0,79,32
2026-05-21 10:10:40,2026-05-22,4,羽毛球馆-13号,11:00-12:00,1,1,已售/已满,教学时间,多云,19,17,4,0.0,79,32
2026-05-21 10:20:38,2026-05-22,4,羽毛球馆-13号,11:00-12:00,1,1,已售/已满,教学时间,多云,19,17,4,0.0,79,32
2026-05-21 10:30:41,2026-05-22,4,羽毛球馆-13号,11:00-12:00,1,1,已售/已满,教学时间,多云,19,18,3,0.0,78,31
2026-05-21 11:00:44,2026-05-22,4,羽毛球馆-13号,11:00-12:00,1,1,已售/已满,教学时间,多云,21,17,5,0.0,74,31
2026-05-21 11:30:38,2026-05-22,4,羽毛球馆-13号,11:00-12:00,1,1,已售/已满,教学时间,多云,21,19,3,0.0,72,33
2026-05-21 12:00:46,2026-05-22,4,羽毛球馆-13号,11:00-12:00,1,1,已售/已满,教学时间,多云,22,19,4,0.0,70,33
2026-05-21 12:30:42,2026-05-22,4,羽毛球馆-13号,11:00-12:00,1,1,已售/已满,教学时间,多云,22,21,3,0.0,68,35
2026-05-21 13:00:43,2026-05-22,4,羽毛球馆-13号,11:00-12:00,1,1,已售/已满,教学时间,多云,24,22,4,0.0,66,35
2026-05-21 13:30:43,2026-05-22,4,羽毛球馆-13号,11:00-12:00,1,1,已售/已满,教学时间,多云,24,22,4,0.0,66,36
2026-05-21 14:00:48,2026-05-22,4,羽毛球馆-13号,11:00-12:00,1,1,已售/已满,教学时间,多云,25,23,4,0.0,66,36
2026-05-21 14:30:45,2026-05-22,4,羽毛球馆-13号,11:00-12:00,1,1,已售/已满,教学时间,晴,25,25,3,0.0,65,39
2026-05-21 15:00:45,2026-05-22,4,羽毛球馆-13号,11:00-12:00,1,1,已售/已满,教学时间,晴,25,22,4,0.0,56,39
2026-05-21 15:30:43,2026-05-22,4,羽毛球馆-13号,11:00-12:00,1,1,已售/已满,教学时间,晴,25,23,4,0.0,57,40
2026-05-21 16:00:51,2026-05-22,4,羽毛球馆-13号,11:00-12:00,1,1,已售/已满,教学时间,晴,25,23,4,0.0,57,40
2026-05-21 16:30:48,2026-05-22,4,羽毛球馆-13号,11:00-12:00,1,1,已售/已满,教学时间,晴,25,24,3,0.0,60,39
2026-05-21 17:00:49,2026-05-22,4,羽毛球馆-13号,11:00-12:00,1,1,已售/已满,教学时间,晴,25,24,4,0.0,61,39
2026-05-21 17:30:47,2026-05-22,4,羽毛球馆-13号,11:00-12:00,1,1,已售/已满,教学时间,多云,24,23,3,0.0,64,39
2026-05-21 18:00:50,2026-05-22,4,羽毛球馆-13号,11:00-12:00,1,1,已售/已满,教学时间,多云,24,23,3,0.0,68,39
2026-05-21 18:30:50,2026-05-22,4,羽毛球馆-13号,11:00-12:00,1,1,已售/已满,教学时间,阴,24,25,2,0.0,68,40
2026-05-21 19:00:50,2026-05-22,4,羽毛球馆-13号,11:00-12:00,1,1,已售/已满,教学时间,阴,23,23,3,0.0,76,40
2026-05-21 19:30:46,2026-05-22,4,羽毛球馆-13号,11:00-12:00,1,1,已售/已满,教学时间,阴,23,24,2,0.0,77,39
2026-05-21 20:00:49,2026-05-22,4,羽毛球馆-13号,11:00-12:00,1,1,已售/已满,教学时间,雾,22,23,2,0.0,89,39
2026-05-21 20:30:44,2026-05-22,4,羽毛球馆-13号,11:00-12:00,1,1,已售/已满,教学时间,雾,22,24,2,0.0,93,43
2026-05-21 21:00:56,2026-05-22,4,羽毛球馆-13号,11:00-12:00,1,1,已售/已满,教学时间,雾,20,21,2,0.0,98,43
2026-05-21 21:30:46,2026-05-22,4,羽毛球馆-13号,11:00-12:00,1,1,已售/已满,教学时间,雾,20,22,1,0.0,99,41
2026-05-21 22:01:02,2026-05-22,4,羽毛球馆-13号,11:00-12:00,1,1,已售/已满,教学时间,雾,19,20,2,0.0,93,41
2026-05-21 22:30:47,2026-05-22,4,羽毛球馆-13号,11:00-12:00,1,1,已售/已满,教学时间,雾,19,19,3,0.0,88,46
2026-05-21 23:00:56,2026-05-22,4,羽毛球馆-13号,11:00-12:00,1,1,已售/已满,教学时间,多云,18,17,3,0.0,85,46
2026-05-21 23:30:55,2026-05-22,4,羽毛球馆-13号,11:00-12:00,1,1,已售/已满,教学时间,多云,18,17,3,0.0,85,48
2026-05-21 08:00:45,2026-05-22,4,羽毛球馆-13号,12:00-12:55,1,1,已售/已满,已售,晴,17,12,5,0.0,86,29
2026-05-21 08:02:30,2026-05-22,4,羽毛球馆-13号,12:00-12:55,1,1,已售/已满,已售,多云,17,12,5,0.0,87,29
2026-05-21 08:05:36,2026-05-22,4,羽毛球馆-13号,12:00-12:55,1,1,已售/已满,已售,多云,17,12,5,0.0,86,29
2026-05-21 08:08:31,2026-05-22,4,羽毛球馆-13号,12:00-12:55,1,1,已售/已满,已售,多云,17,12,5,0.0,86,29
2026-05-21 08:11:30,2026-05-22,4,羽毛球馆-13号,12:00-12:55,1,1,已售/已满,已售,多云,17,12,5,0.0,86,29
2026-05-21 08:14:31,2026-05-22,4,羽毛球馆-13号,12:00-12:55,1,1,已售/已满,已售,多云,17,12,5,0.0,86,29
2026-05-21 08:17:30,2026-05-22,4,羽毛球馆-13号,12:00-12:55,1,1,已售/已满,已售,多云,17,12,5,0.0,86,29
2026-05-21 08:20:35,2026-05-22,4,羽毛球馆-13号,12:00-12:55,1,1,已售/已满,已售,多云,17,14,4,0.0,85,29
2026-05-21 08:25:32,2026-05-22,4,羽毛球馆-13号,12:00-12:55,1,1,已售/已满,已售,多云,17,14,4,0.0,85,28
2026-05-21 08:30:42,2026-05-22,4,羽毛球馆-13号,12:00-12:55,1,1,已售/已满,已售,多云,18,15,4,0.0,84,28
2026-05-21 08:35:31,2026-05-22,4,羽毛球馆-13号,12:00-12:55,1,1,已售/已满,已售,多云,18,15,4,0.0,84,28
2026-05-21 08:40:38,2026-05-22,4,羽毛球馆-13号,12:00-12:55,1,1,已售/已满,已售,多云,18,15,4,0.0,82,28
2026-05-21 08:45:33,2026-05-22,4,羽毛球馆-13号,12:00-12:55,1,1,已售/已满,已售,多云,18,15,4,0.0,82,28
2026-05-21 08:50:36,2026-05-22,4,羽毛球馆-13号,12:00-12:55,1,1,已售/已满,已售,多云,18,15,4,0.0,82,28
2026-05-21 08:55:34,2026-05-22,4,羽毛球馆-13号,12:00-12:55,1,1,已售/已满,已售,多云,18,15,4,0.0,84,28
2026-05-21 09:00:51,2026-05-22,4,羽毛球馆-13号,12:00-12:55,1,1,已售/已满,已售,多云,18,15,4,0.0,84,28
2026-05-21 09:01:59,2026-05-22,4,羽毛球馆-13号,12:00-12:55,1,1,已售/已满,已售,多云,18,15,4,0.0,83,28
2026-05-21 09:05:33,2026-05-22,4,羽毛球馆-13号,12:00-12:55,1,1,已售/已满,已售,多云,18,15,4,0.0,83,28
2026-05-21 09:20:38,2026-05-22,4,羽毛球馆-13号,12:00-12:55,1,1,已售/已满,已售,多云,18,16,3,0.0,81,28
2026-05-21 09:30:46,2026-05-22,4,羽毛球馆-13号,12:00-12:55,1,1,已售/已满,已售,多云,18,16,3,0.0,81,32
2026-05-21 09:40:36,2026-05-22,4,羽毛球馆-13号,12:00-12:55,1,1,已售/已满,已售,多云,19,17,3,0.0,79,32
2026-05-21 09:50:42,2026-05-22,4,羽毛球馆-13号,12:00-12:55,1,1,已售/已满,已售,多云,19,17,4,0.0,81,32
2026-05-21 10:00:46,2026-05-22,4,羽毛球馆-13号,12:00-12:55,1,1,已售/已满,已售,多云,19,17,4,0.0,79,32
2026-05-21 10:10:40,2026-05-22,4,羽毛球馆-13号,12:00-12:55,1,1,已售/已满,已售,多云,19,17,4,0.0,79,32
2026-05-21 10:20:38,2026-05-22,4,羽毛球馆-13号,12:00-12:55,1,1,已售/已满,已售,多云,19,17,4,0.0,79,32
2026-05-21 10:30:41,2026-05-22,4,羽毛球馆-13号,12:00-12:55,1,1,已售/已满,已售,多云,19,18,3,0.0,78,31
2026-05-21 11:00:44,2026-05-22,4,羽毛球馆-13号,12:00-12:55,1,1,已售/已满,已售,多云,21,17,5,0.0,74,31
2026-05-21 11:30:38,2026-05-22,4,羽毛球馆-13号,12:00-12:55,1,1,已售/已满,已售,多云,21,19,3,0.0,72,33
2026-05-21 12:00:46,2026-05-22,4,羽毛球馆-13号,12:00-12:55,1,1,已售/已满,已售,多云,22,19,4,0.0,70,33
2026-05-21 12:30:42,2026-05-22,4,羽毛球馆-13号,12:00-12:55,1,1,已售/已满,已售,多云,22,21,3,0.0,68,35
2026-05-21 13:00:43,2026-05-22,4,羽毛球馆-13号,12:00-12:55,1,1,已售/已满,已售,多云,24,22,4,0.0,66,35
2026-05-21 13:30:43,2026-05-22,4,羽毛球馆-13号,12:00-12:55,1,1,已售/已满,已售,多云,24,22,4,0.0,66,36
2026-05-21 14:00:48,2026-05-22,4,羽毛球馆-13号,12:00-12:55,1,1,已售/已满,已售,多云,25,23,4,0.0,66,36
2026-05-21 14:30:45,2026-05-22,4,羽毛球馆-13号,12:00-12:55,1,1,已售/已满,已售,晴,25,25,3,0.0,65,39
2026-05-21 15:00:45,2026-05-22,4,羽毛球馆-13号,12:00-12:55,1,1,已售/已满,已售,晴,25,22,4,0.0,56,39
2026-05-21 15:30:43,2026-05-22,4,羽毛球馆-13号,12:00-12:55,1,1,已售/已满,已售,晴,25,23,4,0.0,57,40
2026-05-21 16:00:51,2026-05-22,4,羽毛球馆-13号,12:00-12:55,1,1,已售/已满,已售,晴,25,23,4,0.0,57,40
2026-05-21 16:30:48,2026-05-22,4,羽毛球馆-13号,12:00-12:55,1,1,已售/已满,已售,晴,25,24,3,0.0,60,39
2026-05-21 17:00:49,2026-05-22,4,羽毛球馆-13号,12:00-12:55,1,1,已售/已满,已售,晴,25,24,4,0.0,61,39
2026-05-21 17:30:47,2026-05-22,4,羽毛球馆-13号,12:00-12:55,1,1,已售/已满,已售,多云,24,23,3,0.0,64,39
2026-05-21 18:00:50,2026-05-22,4,羽毛球馆-13号,12:00-12:55,1,1,已售/已满,已售,多云,24,23,3,0.0,68,39
2026-05-21 18:30:50,2026-05-22,4,羽毛球馆-13号,12:00-12:55,1,1,已售/已满,已售,阴,24,25,2,0.0,68,40
2026-05-21 19:00:50,2026-05-22,4,羽毛球馆-13号,12:00-12:55,1,1,已售/已满,已售,阴,23,23,3,0.0,76,40
2026-05-21 19:30:46,2026-05-22,4,羽毛球馆-13号,12:00-12:55,1,1,已售/已满,已售,阴,23,24,2,0.0,77,39
2026-05-21 20:00:49,2026-05-22,4,羽毛球馆-13号,12:00-12:55,1,1,已售/已满,已售,雾,22,23,2,0.0,89,39
2026-05-21 20:30:44,2026-05-22,4,羽毛球馆-13号,12:00-12:55,1,1,已售/已满,已售,雾,22,24,2,0.0,93,43
2026-05-21 21:00:56,2026-05-22,4,羽毛球馆-13号,12:00-12:55,1,1,已售/已满,已售,雾,20,21,2,0.0,98,43
2026-05-21 21:30:46,2026-05-22,4,羽毛球馆-13号,12:00-12:55,1,1,已售/已满,已售,雾,20,22,1,0.0,99,41
2026-05-21 22:01:02,2026-05-22,4,羽毛球馆-13号,12:00-12:55,1,1,已售/已满,已售,雾,19,20,2,0.0,93,41
2026-05-21 22:30:47,2026-05-22,4,羽毛球馆-13号,12:00-12:55,1,1,已售/已满,已售,雾,19,19,3,0.0,88,46
2026-05-21 23:00:56,2026-05-22,4,羽毛球馆-13号,12:00-12:55,1,1,已售/已满,已售,多云,18,17,3,0.0,85,46
2026-05-21 23:30:55,2026-05-22,4,羽毛球馆-13号,12:00-12:55,1,1,已售/已满,已售,多云,18,17,3,0.0,85,48
2026-05-21 08:00:45,2026-05-22,4,羽毛球馆-13号,12:55-13:50,1,1,已售/已满,已售,晴,17,12,5,0.0,86,29
2026-05-21 08:02:30,2026-05-22,4,羽毛球馆-13号,12:55-13:50,1,1,已售/已满,已售,多云,17,12,5,0.0,87,29
2026-05-21 08:05:36,2026-05-22,4,羽毛球馆-13号,12:55-13:50,1,1,已售/已满,已售,多云,17,12,5,0.0,86,29
2026-05-21 08:08:31,2026-05-22,4,羽毛球馆-13号,12:55-13:50,1,1,已售/已满,已售,多云,17,12,5,0.0,86,29
2026-05-21 08:11:30,2026-05-22,4,羽毛球馆-13号,12:55-13:50,1,1,已售/已满,已售,多云,17,12,5,0.0,86,29
2026-05-21 08:14:31,2026-05-22,4,羽毛球馆-13号,12:55-13:50,1,1,已售/已满,已售,多云,17,12,5,0.0,86,29
2026-05-21 08:17:30,2026-05-22,4,羽毛球馆-13号,12:55-13:50,1,1,已售/已满,已售,多云,17,12,5,0.0,86,29
2026-05-21 08:20:35,2026-05-22,4,羽毛球馆-13号,12:55-13:50,1,1,已售/已满,已售,多云,17,14,4,0.0,85,29
2026-05-21 08:25:32,2026-05-22,4,羽毛球馆-13号,12:55-13:50,1,1,已售/已满,已售,多云,17,14,4,0.0,85,28
2026-05-21 08:30:42,2026-05-22,4,羽毛球馆-13号,12:55-13:50,1,1,已售/已满,已售,多云,18,15,4,0.0,84,28
2026-05-21 08:35:31,2026-05-22,4,羽毛球馆-13号,12:55-13:50,1,1,已售/已满,已售,多云,18,15,4,0.0,84,28
2026-05-21 08:40:38,2026-05-22,4,羽毛球馆-13号,12:55-13:50,1,1,已售/已满,已售,多云,18,15,4,0.0,82,28
2026-05-21 08:45:33,2026-05-22,4,羽毛球馆-13号,12:55-13:50,1,1,已售/已满,已售,多云,18,15,4,0.0,82,28
2026-05-21 08:50:36,2026-05-22,4,羽毛球馆-13号,12:55-13:50,1,1,已售/已满,已售,多云,18,15,4,0.0,82,28
2026-05-21 08:55:34,2026-05-22,4,羽毛球馆-13号,12:55-13:50,1,1,已售/已满,已售,多云,18,15,4,0.0,84,28
2026-05-21 09:00:51,2026-05-22,4,羽毛球馆-13号,12:55-13:50,1,1,已售/已满,已售,多云,18,15,4,0.0,84,28
2026-05-21 09:01:59,2026-05-22,4,羽毛球馆-13号,12:55-13:50,1,1,已售/已满,已售,多云,18,15,4,0.0,83,28
2026-05-21 09:05:33,2026-05-22,4,羽毛球馆-13号,12:55-13:50,1,1,已售/已满,已售,多云,18,15,4,0.0,83,28
2026-05-21 09:20:38,2026-05-22,4,羽毛球馆-13号,12:55-13:50,1,1,已售/已满,已售,多云,18,16,3,0.0,81,28
2026-05-21 09:30:46,2026-05-22,4,羽毛球馆-13号,12:55-13:50,1,1,已售/已满,已售,多云,18,16,3,0.0,81,32
2026-05-21 09:40:36,2026-05-22,4,羽毛球馆-13号,12:55-13:50,1,1,已售/已满,已售,多云,19,17,3,0.0,79,32
2026-05-21 09:50:42,2026-05-22,4,羽毛球馆-13号,12:55-13:50,1,1,已售/已满,已售,多云,19,17,4,0.0,81,32
2026-05-21 10:00:46,2026-05-22,4,羽毛球馆-13号,12:55-13:50,1,1,已售/已满,已售,多云,19,17,4,0.0,79,32
2026-05-21 10:10:40,2026-05-22,4,羽毛球馆-13号,12:55-13:50,1,1,已售/已满,已售,多云,19,17,4,0.0,79,32
2026-05-21 10:20:38,2026-05-22,4,羽毛球馆-13号,12:55-13:50,1,1,已售/已满,已售,多云,19,17,4,0.0,79,32
2026-05-21 10:30:41,2026-05-22,4,羽毛球馆-13号,12:55-13:50,1,1,已售/已满,已售,多云,19,18,3,0.0,78,31
2026-05-21 11:00:44,2026-05-22,4,羽毛球馆-13号,12:55-13:50,1,1,已售/已满,已售,多云,21,17,5,0.0,74,31
2026-05-21 11:30:38,2026-05-22,4,羽毛球馆-13号,12:55-13:50,1,1,已售/已满,已售,多云,21,19,3,0.0,72,33
2026-05-21 12:00:46,2026-05-22,4,羽毛球馆-13号,12:55-13:50,1,1,已售/已满,已售,多云,22,19,4,0.0,70,33
2026-05-21 12:30:42,2026-05-22,4,羽毛球馆-13号,12:55-13:50,1,1,已售/已满,已售,多云,22,21,3,0.0,68,35
2026-05-21 13:00:43,2026-05-22,4,羽毛球馆-13号,12:55-13:50,1,1,已售/已满,已售,多云,24,22,4,0.0,66,35
2026-05-21 13:30:43,2026-05-22,4,羽毛球馆-13号,12:55-13:50,1,1,已售/已满,已售,多云,24,22,4,0.0,66,36
2026-05-21 14:00:48,2026-05-22,4,羽毛球馆-13号,12:55-13:50,1,1,已售/已满,已售,多云,25,23,4,0.0,66,36
2026-05-21 14:30:45,2026-05-22,4,羽毛球馆-13号,12:55-13:50,1,1,已售/已满,已售,晴,25,25,3,0.0,65,39
2026-05-21 15:00:45,2026-05-22,4,羽毛球馆-13号,12:55-13:50,1,1,已售/已满,已售,晴,25,22,4,0.0,56,39
2026-05-21 15:30:43,2026-05-22,4,羽毛球馆-13号,12:55-13:50,1,1,已售/已满,已售,晴,25,23,4,0.0,57,40
2026-05-21 16:00:51,2026-05-22,4,羽毛球馆-13号,12:55-13:50,1,1,已售/已满,已售,晴,25,23,4,0.0,57,40
2026-05-21 16:30:48,2026-05-22,4,羽毛球馆-13号,12:55-13:50,1,1,已售/已满,已售,晴,25,24,3,0.0,60,39
2026-05-21 17:00:49,2026-05-22,4,羽毛球馆-13号,12:55-13:50,1,1,已售/已满,已售,晴,25,24,4,0.0,61,39
2026-05-21 17:30:47,2026-05-22,4,羽毛球馆-13号,12:55-13:50,1,1,已售/已满,已售,多云,24,23,3,0.0,64,39
2026-05-21 18:00:50,2026-05-22,4,羽毛球馆-13号,12:55-13:50,1,1,已售/已满,已售,多云,24,23,3,0.0,68,39
2026-05-21 18:30:50,2026-05-22,4,羽毛球馆-13号,12:55-13:50,1,1,已售/已满,已售,阴,24,25,2,0.0,68,40
2026-05-21 19:00:50,2026-05-22,4,羽毛球馆-13号,12:55-13:50,1,1,已售/已满,已售,阴,23,23,3,0.0,76,40
2026-05-21 19:30:46,2026-05-22,4,羽毛球馆-13号,12:55-13:50,1,1,已售/已满,已售,阴,23,24,2,0.0,77,39
2026-05-21 20:00:49,2026-05-22,4,羽毛球馆-13号,12:55-13:50,1,1,已售/已满,已售,雾,22,23,2,0.0,89,39
2026-05-21 20:30:44,2026-05-22,4,羽毛球馆-13号,12:55-13:50,1,1,已售/已满,已售,雾,22,24,2,0.0,93,43
2026-05-21 21:00:56,2026-05-22,4,羽毛球馆-13号,12:55-13:50,1,1,已售/已满,已售,雾,20,21,2,0.0,98,43
2026-05-21 21:30:46,2026-05-22,4,羽毛球馆-13号,12:55-13:50,1,1,已售/已满,已售,雾,20,22,1,0.0,99,41
2026-05-21 22:01:02,2026-05-22,4,羽毛球馆-13号,12:55-13:50,1,1,已售/已满,已售,雾,19,20,2,0.0,93,41
2026-05-21 22:30:47,2026-05-22,4,羽毛球馆-13号,12:55-13:50,1,1,已售/已满,已售,雾,19,19,3,0.0,88,46
2026-05-21 23:00:56,2026-05-22,4,羽毛球馆-13号,12:55-13:50,1,1,已售/已满,已售,多云,18,17,3,0.0,85,46
2026-05-21 23:30:55,2026-05-22,4,羽毛球馆-13号,12:55-13:50,1,1,已售/已满,已售,多云,18,17,3,0.0,85,48
2026-05-21 08:00:45,2026-05-22,4,羽毛球馆-13号,14:00-15:00,1,1,已售/已满,教学时间,晴,17,12,5,0.0,86,29
2026-05-21 08:02:30,2026-05-22,4,羽毛球馆-13号,14:00-15:00,1,1,已售/已满,教学时间,多云,17,12,5,0.0,87,29
2026-05-21 08:05:36,2026-05-22,4,羽毛球馆-13号,14:00-15:00,1,1,已售/已满,教学时间,多云,17,12,5,0.0,86,29
2026-05-21 08:08:31,2026-05-22,4,羽毛球馆-13号,14:00-15:00,1,1,已售/已满,教学时间,多云,17,12,5,0.0,86,29
2026-05-21 08:11:30,2026-05-22,4,羽毛球馆-13号,14:00-15:00,1,1,已售/已满,教学时间,多云,17,12,5,0.0,86,29
2026-05-21 08:14:31,2026-05-22,4,羽毛球馆-13号,14:00-15:00,1,1,已售/已满,教学时间,多云,17,12,5,0.0,86,29
2026-05-21 08:17:30,2026-05-22,4,羽毛球馆-13号,14:00-15:00,1,1,已售/已满,教学时间,多云,17,12,5,0.0,86,29
2026-05-21 08:20:35,2026-05-22,4,羽毛球馆-13号,14:00-15:00,1,1,已售/已满,教学时间,多云,17,14,4,0.0,85,29
2026-05-21 08:25:32,2026-05-22,4,羽毛球馆-13号,14:00-15:00,1,1,已售/已满,教学时间,多云,17,14,4,0.0,85,28
2026-05-21 08:30:42,2026-05-22,4,羽毛球馆-13号,14:00-15:00,1,1,已售/已满,教学时间,多云,18,15,4,0.0,84,28
2026-05-21 08:35:31,2026-05-22,4,羽毛球馆-13号,14:00-15:00,1,1,已售/已满,教学时间,多云,18,15,4,0.0,84,28
2026-05-21 08:40:38,2026-05-22,4,羽毛球馆-13号,14:00-15:00,1,1,已售/已满,教学时间,多云,18,15,4,0.0,82,28
2026-05-21 08:45:33,2026-05-22,4,羽毛球馆-13号,14:00-15:00,1,1,已售/已满,教学时间,多云,18,15,4,0.0,82,28
2026-05-21 08:50:36,2026-05-22,4,羽毛球馆-13号,14:00-15:00,1,1,已售/已满,教学时间,多云,18,15,4,0.0,82,28
2026-05-21 08:55:34,2026-05-22,4,羽毛球馆-13号,14:00-15:00,1,1,已售/已满,教学时间,多云,18,15,4,0.0,84,28
2026-05-21 09:00:51,2026-05-22,4,羽毛球馆-13号,14:00-15:00,1,1,已售/已满,教学时间,多云,18,15,4,0.0,84,28
2026-05-21 09:01:59,2026-05-22,4,羽毛球馆-13号,14:00-15:00,1,1,已售/已满,教学时间,多云,18,15,4,0.0,83,28
2026-05-21 09:05:33,2026-05-22,4,羽毛球馆-13号,14:00-15:00,1,1,已售/已满,教学时间,多云,18,15,4,0.0,83,28
2026-05-21 09:20:38,2026-05-22,4,羽毛球馆-13号,14:00-15:00,1,1,已售/已满,教学时间,多云,18,16,3,0.0,81,28
2026-05-21 09:30:46,2026-05-22,4,羽毛球馆-13号,14:00-15:00,1,1,已售/已满,教学时间,多云,18,16,3,0.0,81,32
2026-05-21 09:40:36,2026-05-22,4,羽毛球馆-13号,14:00-15:00,1,1,已售/已满,教学时间,多云,19,17,3,0.0,79,32
2026-05-21 09:50:42,2026-05-22,4,羽毛球馆-13号,14:00-15:00,1,1,已售/已满,教学时间,多云,19,17,4,0.0,81,32
2026-05-21 10:00:46,2026-05-22,4,羽毛球馆-13号,14:00-15:00,1,1,已售/已满,教学时间,多云,19,17,4,0.0,79,32
2026-05-21 10:10:40,2026-05-22,4,羽毛球馆-13号,14:00-15:00,1,1,已售/已满,教学时间,多云,19,17,4,0.0,79,32
2026-05-21 10:20:38,2026-05-22,4,羽毛球馆-13号,14:00-15:00,1,1,已售/已满,教学时间,多云,19,17,4,0.0,79,32
2026-05-21 10:30:41,2026-05-22,4,羽毛球馆-13号,14:00-15:00,1,1,已售/已满,教学时间,多云,19,18,3,0.0,78,31
2026-05-21 11:00:44,2026-05-22,4,羽毛球馆-13号,14:00-15:00,1,1,已售/已满,教学时间,多云,21,17,5,0.0,74,31
2026-05-21 11:30:38,2026-05-22,4,羽毛球馆-13号,14:00-15:00,1,1,已售/已满,教学时间,多云,21,19,3,0.0,72,33
2026-05-21 12:00:46,2026-05-22,4,羽毛球馆-13号,14:00-15:00,1,1,已售/已满,教学时间,多云,22,19,4,0.0,70,33
2026-05-21 12:30:42,2026-05-22,4,羽毛球馆-13号,14:00-15:00,1,1,已售/已满,教学时间,多云,22,21,3,0.0,68,35
2026-05-21 13:00:43,2026-05-22,4,羽毛球馆-13号,14:00-15:00,1,1,已售/已满,教学时间,多云,24,22,4,0.0,66,35
2026-05-21 13:30:43,2026-05-22,4,羽毛球馆-13号,14:00-15:00,1,1,已售/已满,教学时间,多云,24,22,4,0.0,66,36
2026-05-21 14:00:48,2026-05-22,4,羽毛球馆-13号,14:00-15:00,1,1,已售/已满,教学时间,多云,25,23,4,0.0,66,36
2026-05-21 14:30:45,2026-05-22,4,羽毛球馆-13号,14:00-15:00,1,1,已售/已满,教学时间,晴,25,25,3,0.0,65,39
2026-05-21 15:00:45,2026-05-22,4,羽毛球馆-13号,14:00-15:00,1,1,已售/已满,教学时间,晴,25,22,4,0.0,56,39
2026-05-21 15:30:43,2026-05-22,4,羽毛球馆-13号,14:00-15:00,1,1,已售/已满,教学时间,晴,25,23,4,0.0,57,40
2026-05-21 16:00:51,2026-05-22,4,羽毛球馆-13号,14:00-15:00,1,1,已售/已满,教学时间,晴,25,23,4,0.0,57,40
2026-05-21 16:30:48,2026-05-22,4,羽毛球馆-13号,14:00-15:00,1,1,已售/已满,教学时间,晴,25,24,3,0.0,60,39
2026-05-21 17:00:49,2026-05-22,4,羽毛球馆-13号,14:00-15:00,1,1,已售/已满,教学时间,晴,25,24,4,0.0,61,39
2026-05-21 17:30:47,2026-05-22,4,羽毛球馆-13号,14:00-15:00,1,1,已售/已满,教学时间,多云,24,23,3,0.0,64,39
2026-05-21 18:00:50,2026-05-22,4,羽毛球馆-13号,14:00-15:00,1,1,已售/已满,教学时间,多云,24,23,3,0.0,68,39
2026-05-21 18:30:50,2026-05-22,4,羽毛球馆-13号,14:00-15:00,1,1,已售/已满,教学时间,阴,24,25,2,0.0,68,40
2026-05-21 19:00:50,2026-05-22,4,羽毛球馆-13号,14:00-15:00,1,1,已售/已满,教学时间,阴,23,23,3,0.0,76,40
2026-05-21 19:30:46,2026-05-22,4,羽毛球馆-13号,14:00-15:00,1,1,已售/已满,教学时间,阴,23,24,2,0.0,77,39
2026-05-21 20:00:49,2026-05-22,4,羽毛球馆-13号,14:00-15:00,1,1,已售/已满,教学时间,雾,22,23,2,0.0,89,39
2026-05-21 20:30:44,2026-05-22,4,羽毛球馆-13号,14:00-15:00,1,1,已售/已满,教学时间,雾,22,24,2,0.0,93,43
2026-05-21 21:00:56,2026-05-22,4,羽毛球馆-13号,14:00-15:00,1,1,已售/已满,教学时间,雾,20,21,2,0.0,98,43
2026-05-21 21:30:46,2026-05-22,4,羽毛球馆-13号,14:00-15:00,1,1,已售/已满,教学时间,雾,20,22,1,0.0,99,41
2026-05-21 22:01:02,2026-05-22,4,羽毛球馆-13号,14:00-15:00,1,1,已售/已满,教学时间,雾,19,20,2,0.0,93,41
2026-05-21 22:30:47,2026-05-22,4,羽毛球馆-13号,14:00-15:00,1,1,已售/已满,教学时间,雾,19,19,3,0.0,88,46
2026-05-21 23:00:56,2026-05-22,4,羽毛球馆-13号,14:00-15:00,1,1,已售/已满,教学时间,多云,18,17,3,0.0,85,46
2026-05-21 23:30:55,2026-05-22,4,羽毛球馆-13号,14:00-15:00,1,1,已售/已满,教学时间,多云,18,17,3,0.0,85,48
2026-05-21 08:00:45,2026-05-22,4,羽毛球馆-13号,15:00-16:00,1,1,已售/已满,教学时间,晴,17,12,5,0.0,86,29
2026-05-21 08:02:30,2026-05-22,4,羽毛球馆-13号,15:00-16:00,1,1,已售/已满,教学时间,多云,17,12,5,0.0,87,29
2026-05-21 08:05:36,2026-05-22,4,羽毛球馆-13号,15:00-16:00,1,1,已售/已满,教学时间,多云,17,12,5,0.0,86,29
2026-05-21 08:08:31,2026-05-22,4,羽毛球馆-13号,15:00-16:00,1,1,已售/已满,教学时间,多云,17,12,5,0.0,86,29
2026-05-21 08:11:30,2026-05-22,4,羽毛球馆-13号,15:00-16:00,1,1,已售/已满,教学时间,多云,17,12,5,0.0,86,29
2026-05-21 08:14:31,2026-05-22,4,羽毛球馆-13号,15:00-16:00,1,1,已售/已满,教学时间,多云,17,12,5,0.0,86,29
2026-05-21 08:17:30,2026-05-22,4,羽毛球馆-13号,15:00-16:00,1,1,已售/已满,教学时间,多云,17,12,5,0.0,86,29
2026-05-21 08:20:35,2026-05-22,4,羽毛球馆-13号,15:00-16:00,1,1,已售/已满,教学时间,多云,17,14,4,0.0,85,29
2026-05-21 08:25:32,2026-05-22,4,羽毛球馆-13号,15:00-16:00,1,1,已售/已满,教学时间,多云,17,14,4,0.0,85,28
2026-05-21 08:30:42,2026-05-22,4,羽毛球馆-13号,15:00-16:00,1,1,已售/已满,教学时间,多云,18,15,4,0.0,84,28
2026-05-21 08:35:31,2026-05-22,4,羽毛球馆-13号,15:00-16:00,1,1,已售/已满,教学时间,多云,18,15,4,0.0,84,28
2026-05-21 08:40:38,2026-05-22,4,羽毛球馆-13号,15:00-16:00,1,1,已售/已满,教学时间,多云,18,15,4,0.0,82,28
2026-05-21 08:45:33,2026-05-22,4,羽毛球馆-13号,15:00-16:00,1,1,已售/已满,教学时间,多云,18,15,4,0.0,82,28
2026-05-21 08:50:36,2026-05-22,4,羽毛球馆-13号,15:00-16:00,1,1,已售/已满,教学时间,多云,18,15,4,0.0,82,28
2026-05-21 08:55:34,2026-05-22,4,羽毛球馆-13号,15:00-16:00,1,1,已售/已满,教学时间,多云,18,15,4,0.0,84,28
2026-05-21 09:00:51,2026-05-22,4,羽毛球馆-13号,15:00-16:00,1,1,已售/已满,教学时间,多云,18,15,4,0.0,84,28
2026-05-21 09:01:59,2026-05-22,4,羽毛球馆-13号,15:00-16:00,1,1,已售/已满,教学时间,多云,18,15,4,0.0,83,28
2026-05-21 09:05:33,2026-05-22,4,羽毛球馆-13号,15:00-16:00,1,1,已售/已满,教学时间,多云,18,15,4,0.0,83,28
2026-05-21 09:20:38,2026-05-22,4,羽毛球馆-13号,15:00-16:00,1,1,已售/已满,教学时间,多云,18,16,3,0.0,81,28
2026-05-21 09:30:46,2026-05-22,4,羽毛球馆-13号,15:00-16:00,1,1,已售/已满,教学时间,多云,18,16,3,0.0,81,32
2026-05-21 09:40:36,2026-05-22,4,羽毛球馆-13号,15:00-16:00,1,1,已售/已满,教学时间,多云,19,17,3,0.0,79,32
2026-05-21 09:50:42,2026-05-22,4,羽毛球馆-13号,15:00-16:00,1,1,已售/已满,教学时间,多云,19,17,4,0.0,81,32
2026-05-21 10:00:46,2026-05-22,4,羽毛球馆-13号,15:00-16:00,1,1,已售/已满,教学时间,多云,19,17,4,0.0,79,32
2026-05-21 10:10:40,2026-05-22,4,羽毛球馆-13号,15:00-16:00,1,1,已售/已满,教学时间,多云,19,17,4,0.0,79,32
2026-05-21 10:20:38,2026-05-22,4,羽毛球馆-13号,15:00-16:00,1,1,已售/已满,教学时间,多云,19,17,4,0.0,79,32
2026-05-21 10:30:41,2026-05-22,4,羽毛球馆-13号,15:00-16:00,1,1,已售/已满,教学时间,多云,19,18,3,0.0,78,31
2026-05-21 11:00:44,2026-05-22,4,羽毛球馆-13号,15:00-16:00,1,1,已售/已满,教学时间,多云,21,17,5,0.0,74,31
2026-05-21 11:30:38,2026-05-22,4,羽毛球馆-13号,15:00-16:00,1,1,已售/已满,教学时间,多云,21,19,3,0.0,72,33
2026-05-21 12:00:46,2026-05-22,4,羽毛球馆-13号,15:00-16:00,1,1,已售/已满,教学时间,多云,22,19,4,0.0,70,33
2026-05-21 12:30:42,2026-05-22,4,羽毛球馆-13号,15:00-16:00,1,1,已售/已满,教学时间,多云,22,21,3,0.0,68,35
2026-05-21 13:00:43,2026-05-22,4,羽毛球馆-13号,15:00-16:00,1,1,已售/已满,教学时间,多云,24,22,4,0.0,66,35
2026-05-21 13:30:43,2026-05-22,4,羽毛球馆-13号,15:00-16:00,1,1,已售/已满,教学时间,多云,24,22,4,0.0,66,36
2026-05-21 14:00:48,2026-05-22,4,羽毛球馆-13号,15:00-16:00,1,1,已售/已满,教学时间,多云,25,23,4,0.0,66,36
2026-05-21 14:30:45,2026-05-22,4,羽毛球馆-13号,15:00-16:00,1,1,已售/已满,教学时间,晴,25,25,3,0.0,65,39
2026-05-21 15:00:45,2026-05-22,4,羽毛球馆-13号,15:00-16:00,1,1,已售/已满,教学时间,晴,25,22,4,0.0,56,39
2026-05-21 15:30:43,2026-05-22,4,羽毛球馆-13号,15:00-16:00,1,1,已售/已满,教学时间,晴,25,23,4,0.0,57,40
2026-05-21 16:00:51,2026-05-22,4,羽毛球馆-13号,15:00-16:00,1,1,已售/已满,教学时间,晴,25,23,4,0.0,57,40
2026-05-21 16:30:48,2026-05-22,4,羽毛球馆-13号,15:00-16:00,1,1,已售/已满,教学时间,晴,25,24,3,0.0,60,39
2026-05-21 17:00:49,2026-05-22,4,羽毛球馆-13号,15:00-16:00,1,1,已售/已满,教学时间,晴,25,24,4,0.0,61,39
2026-05-21 17:30:47,2026-05-22,4,羽毛球馆-13号,15:00-16:00,1,1,已售/已满,教学时间,多云,24,23,3,0.0,64,39
2026-05-21 18:00:50,2026-05-22,4,羽毛球馆-13号,15:00-16:00,1,1,已售/已满,教学时间,多云,24,23,3,0.0,68,39
2026-05-21 18:30:50,2026-05-22,4,羽毛球馆-13号,15:00-16:00,1,1,已售/已满,教学时间,阴,24,25,2,0.0,68,40
2026-05-21 19:00:50,2026-05-22,4,羽毛球馆-13号,15:00-16:00,1,1,已售/已满,教学时间,阴,23,23,3,0.0,76,40
2026-05-21 19:30:46,2026-05-22,4,羽毛球馆-13号,15:00-16:00,1,1,已售/已满,教学时间,阴,23,24,2,0.0,77,39
2026-05-21 20:00:49,2026-05-22,4,羽毛球馆-13号,15:00-16:00,1,1,已售/已满,教学时间,雾,22,23,2,0.0,89,39
2026-05-21 20:30:44,2026-05-22,4,羽毛球馆-13号,15:00-16:00,1,1,已售/已满,教学时间,雾,22,24,2,0.0,93,43
2026-05-21 21:00:56,2026-05-22,4,羽毛球馆-13号,15:00-16:00,1,1,已售/已满,教学时间,雾,20,21,2,0.0,98,43
2026-05-21 21:30:46,2026-05-22,4,羽毛球馆-13号,15:00-16:00,1,1,已售/已满,教学时间,雾,20,22,1,0.0,99,41
2026-05-21 22:01:02,2026-05-22,4,羽毛球馆-13号,15:00-16:00,1,1,已售/已满,教学时间,雾,19,20,2,0.0,93,41
2026-05-21 22:30:47,2026-05-22,4,羽毛球馆-13号,15:00-16:00,1,1,已售/已满,教学时间,雾,19,19,3,0.0,88,46
2026-05-21 23:00:56,2026-05-22,4,羽毛球馆-13号,15:00-16:00,1,1,已售/已满,教学时间,多云,18,17,3,0.0,85,46
2026-05-21 23:30:55,2026-05-22,4,羽毛球馆-13号,15:00-16:00,1,1,已售/已满,教学时间,多云,18,17,3,0.0,85,48
2026-05-21 08:00:45,2026-05-22,4,羽毛球馆-13号,16:00-17:00,0,1,可预约,￥12.0,晴,17,12,5,0.0,86,29
2026-05-21 08:02:30,2026-05-22,4,羽毛球馆-13号,16:00-17:00,1,1,已售/已满,已售,多云,17,12,5,0.0,87,29
2026-05-21 08:05:36,2026-05-22,4,羽毛球馆-13号,16:00-17:00,1,1,已售/已满,已售,多云,17,12,5,0.0,86,29
2026-05-21 08:08:31,2026-05-22,4,羽毛球馆-13号,16:00-17:00,1,1,已售/已满,已售,多云,17,12,5,0.0,86,29
2026-05-21 08:11:30,2026-05-22,4,羽毛球馆-13号,16:00-17:00,1,1,已售/已满,已售,多云,17,12,5,0.0,86,29
2026-05-21 08:14:31,2026-05-22,4,羽毛球馆-13号,16:00-17:00,1,1,已售/已满,已售,多云,17,12,5,0.0,86,29
2026-05-21 08:17:30,2026-05-22,4,羽毛球馆-13号,16:00-17:00,1,1,已售/已满,已售,多云,17,12,5,0.0,86,29
2026-05-21 08:20:35,2026-05-22,4,羽毛球馆-13号,16:00-17:00,1,1,已售/已满,已售,多云,17,14,4,0.0,85,29
2026-05-21 08:25:32,2026-05-22,4,羽毛球馆-13号,16:00-17:00,1,1,已售/已满,已售,多云,17,14,4,0.0,85,28
2026-05-21 08:30:42,2026-05-22,4,羽毛球馆-13号,16:00-17:00,1,1,已售/已满,已售,多云,18,15,4,0.0,84,28
2026-05-21 08:35:31,2026-05-22,4,羽毛球馆-13号,16:00-17:00,1,1,已售/已满,已售,多云,18,15,4,0.0,84,28
2026-05-21 08:40:38,2026-05-22,4,羽毛球馆-13号,16:00-17:00,1,1,已售/已满,已售,多云,18,15,4,0.0,82,28
2026-05-21 08:45:33,2026-05-22,4,羽毛球馆-13号,16:00-17:00,1,1,已售/已满,已售,多云,18,15,4,0.0,82,28
2026-05-21 08:50:36,2026-05-22,4,羽毛球馆-13号,16:00-17:00,1,1,已售/已满,已售,多云,18,15,4,0.0,82,28
2026-05-21 08:55:34,2026-05-22,4,羽毛球馆-13号,16:00-17:00,1,1,已售/已满,已售,多云,18,15,4,0.0,84,28
2026-05-21 09:00:51,2026-05-22,4,羽毛球馆-13号,16:00-17:00,1,1,已售/已满,已售,多云,18,15,4,0.0,84,28
2026-05-21 09:01:59,2026-05-22,4,羽毛球馆-13号,16:00-17:00,1,1,已售/已满,已售,多云,18,15,4,0.0,83,28
2026-05-21 09:05:33,2026-05-22,4,羽毛球馆-13号,16:00-17:00,1,1,已售/已满,已售,多云,18,15,4,0.0,83,28
2026-05-21 09:20:38,2026-05-22,4,羽毛球馆-13号,16:00-17:00,1,1,已售/已满,已售,多云,18,16,3,0.0,81,28
2026-05-21 09:30:46,2026-05-22,4,羽毛球馆-13号,16:00-17:00,1,1,已售/已满,已售,多云,18,16,3,0.0,81,32
2026-05-21 09:40:36,2026-05-22,4,羽毛球馆-13号,16:00-17:00,1,1,已售/已满,已售,多云,19,17,3,0.0,79,32
2026-05-21 09:50:42,2026-05-22,4,羽毛球馆-13号,16:00-17:00,1,1,已售/已满,已售,多云,19,17,4,0.0,81,32
2026-05-21 10:00:46,2026-05-22,4,羽毛球馆-13号,16:00-17:00,1,1,已售/已满,已售,多云,19,17,4,0.0,79,32
2026-05-21 10:10:40,2026-05-22,4,羽毛球馆-13号,16:00-17:00,1,1,已售/已满,已售,多云,19,17,4,0.0,79,32
2026-05-21 10:20:38,2026-05-22,4,羽毛球馆-13号,16:00-17:00,1,1,已售/已满,已售,多云,19,17,4,0.0,79,32
2026-05-21 10:30:41,2026-05-22,4,羽毛球馆-13号,16:00-17:00,1,1,已售/已满,已售,多云,19,18,3,0.0,78,31
2026-05-21 11:00:44,2026-05-22,4,羽毛球馆-13号,16:00-17:00,1,1,已售/已满,已售,多云,21,17,5,0.0,74,31
2026-05-21 11:30:38,2026-05-22,4,羽毛球馆-13号,16:00-17:00,1,1,已售/已满,已售,多云,21,19,3,0.0,72,33
2026-05-21 12:00:46,2026-05-22,4,羽毛球馆-13号,16:00-17:00,1,1,已售/已满,已售,多云,22,19,4,0.0,70,33
2026-05-21 12:30:42,2026-05-22,4,羽毛球馆-13号,16:00-17:00,1,1,已售/已满,已售,多云,22,21,3,0.0,68,35
2026-05-21 13:00:43,2026-05-22,4,羽毛球馆-13号,16:00-17:00,1,1,已售/已满,已售,多云,24,22,4,0.0,66,35
2026-05-21 13:30:43,2026-05-22,4,羽毛球馆-13号,16:00-17:00,1,1,已售/已满,已售,多云,24,22,4,0.0,66,36
2026-05-21 14:00:48,2026-05-22,4,羽毛球馆-13号,16:00-17:00,1,1,已售/已满,已售,多云,25,23,4,0.0,66,36
2026-05-21 14:30:45,2026-05-22,4,羽毛球馆-13号,16:00-17:00,1,1,已售/已满,已售,晴,25,25,3,0.0,65,39
2026-05-21 15:00:45,2026-05-22,4,羽毛球馆-13号,16:00-17:00,1,1,已售/已满,已售,晴,25,22,4,0.0,56,39
2026-05-21 15:30:43,2026-05-22,4,羽毛球馆-13号,16:00-17:00,1,1,已售/已满,已售,晴,25,23,4,0.0,57,40
2026-05-21 16:00:51,2026-05-22,4,羽毛球馆-13号,16:00-17:00,1,1,已售/已满,已售,晴,25,23,4,0.0,57,40
2026-05-21 16:30:48,2026-05-22,4,羽毛球馆-13号,16:00-17:00,1,1,已售/已满,已售,晴,25,24,3,0.0,60,39
2026-05-21 17:00:49,2026-05-22,4,羽毛球馆-13号,16:00-17:00,1,1,已售/已满,已售,晴,25,24,4,0.0,61,39
2026-05-21 17:30:47,2026-05-22,4,羽毛球馆-13号,16:00-17:00,1,1,已售/已满,已售,多云,24,23,3,0.0,64,39
2026-05-21 18:00:50,2026-05-22,4,羽毛球馆-13号,16:00-17:00,1,1,已售/已满,已售,多云,24,23,3,0.0,68,39
2026-05-21 18:30:50,2026-05-22,4,羽毛球馆-13号,16:00-17:00,1,1,已售/已满,已售,阴,24,25,2,0.0,68,40
2026-05-21 19:00:50,2026-05-22,4,羽毛球馆-13号,16:00-17:00,1,1,已售/已满,已售,阴,23,23,3,0.0,76,40
2026-05-21 19:30:46,2026-05-22,4,羽毛球馆-13号,16:00-17:00,1,1,已售/已满,已售,阴,23,24,2,0.0,77,39
2026-05-21 20:00:49,2026-05-22,4,羽毛球馆-13号,16:00-17:00,1,1,已售/已满,已售,雾,22,23,2,0.0,89,39
2026-05-21 20:30:44,2026-05-22,4,羽毛球馆-13号,16:00-17:00,1,1,已售/已满,已售,雾,22,24,2,0.0,93,43
2026-05-21 21:00:56,2026-05-22,4,羽毛球馆-13号,16:00-17:00,1,1,已售/已满,已售,雾,20,21,2,0.0,98,43
2026-05-21 21:30:46,2026-05-22,4,羽毛球馆-13号,16:00-17:00,1,1,已售/已满,已售,雾,20,22,1,0.0,99,41
2026-05-21 22:01:02,2026-05-22,4,羽毛球馆-13号,16:00-17:00,1,1,已售/已满,已售,雾,19,20,2,0.0,93,41
2026-05-21 22:30:47,2026-05-22,4,羽毛球馆-13号,16:00-17:00,1,1,已售/已满,已售,雾,19,19,3,0.0,88,46
2026-05-21 23:00:56,2026-05-22,4,羽毛球馆-13号,16:00-17:00,1,1,已售/已满,已售,多云,18,17,3,0.0,85,46
2026-05-21 23:30:55,2026-05-22,4,羽毛球馆-13号,16:00-17:00,1,1,已售/已满,已售,多云,18,17,3,0.0,85,48
2026-05-21 08:00:45,2026-05-22,4,羽毛球馆-13号,17:00-18:00,0,1,可预约,￥12.0,晴,17,12,5,0.0,86,29
2026-05-21 08:02:30,2026-05-22,4,羽毛球馆-13号,17:00-18:00,0,1,可预约,￥12.0,多云,17,12,5,0.0,87,29
2026-05-21 08:05:36,2026-05-22,4,羽毛球馆-13号,17:00-18:00,0,1,可预约,￥12.0,多云,17,12,5,0.0,86,29
2026-05-21 08:08:31,2026-05-22,4,羽毛球馆-13号,17:00-18:00,0,1,可预约,￥12.0,多云,17,12,5,0.0,86,29
2026-05-21 08:11:30,2026-05-22,4,羽毛球馆-13号,17:00-18:00,0,1,可预约,￥12.0,多云,17,12,5,0.0,86,29
2026-05-21 08:14:31,2026-05-22,4,羽毛球馆-13号,17:00-18:00,0,1,可预约,￥12.0,多云,17,12,5,0.0,86,29
2026-05-21 08:17:30,2026-05-22,4,羽毛球馆-13号,17:00-18:00,0,1,可预约,￥12.0,多云,17,12,5,0.0,86,29
2026-05-21 08:20:35,2026-05-22,4,羽毛球馆-13号,17:00-18:00,0,1,可预约,￥12.0,多云,17,14,4,0.0,85,29
2026-05-21 08:25:32,2026-05-22,4,羽毛球馆-13号,17:00-18:00,0,1,可预约,￥12.0,多云,17,14,4,0.0,85,28
2026-05-21 08:30:42,2026-05-22,4,羽毛球馆-13号,17:00-18:00,0,1,可预约,￥12.0,多云,18,15,4,0.0,84,28
2026-05-21 08:35:31,2026-05-22,4,羽毛球馆-13号,17:00-18:00,0,1,可预约,￥12.0,多云,18,15,4,0.0,84,28
2026-05-21 08:40:38,2026-05-22,4,羽毛球馆-13号,17:00-18:00,0,1,可预约,￥12.0,多云,18,15,4,0.0,82,28
2026-05-21 08:45:33,2026-05-22,4,羽毛球馆-13号,17:00-18:00,0,1,可预约,￥12.0,多云,18,15,4,0.0,82,28
2026-05-21 08:50:36,2026-05-22,4,羽毛球馆-13号,17:00-18:00,0,1,可预约,￥12.0,多云,18,15,4,0.0,82,28
2026-05-21 08:55:34,2026-05-22,4,羽毛球馆-13号,17:00-18:00,0,1,可预约,￥12.0,多云,18,15,4,0.0,84,28
2026-05-21 09:00:51,2026-05-22,4,羽毛球馆-13号,17:00-18:00,0,1,可预约,￥12.0,多云,18,15,4,0.0,84,28
2026-05-21 09:01:59,2026-05-22,4,羽毛球馆-13号,17:00-18:00,0,1,可预约,￥12.0,多云,18,15,4,0.0,83,28
2026-05-21 09:05:33,2026-05-22,4,羽毛球馆-13号,17:00-18:00,0,1,可预约,￥12.0,多云,18,15,4,0.0,83,28
2026-05-21 09:20:38,2026-05-22,4,羽毛球馆-13号,17:00-18:00,0,1,可预约,￥12.0,多云,18,16,3,0.0,81,28
2026-05-21 09:30:46,2026-05-22,4,羽毛球馆-13号,17:00-18:00,1,1,已售/已满,已售,多云,18,16,3,0.0,81,32
2026-05-21 09:40:36,2026-05-22,4,羽毛球馆-13号,17:00-18:00,1,1,已售/已满,已售,多云,19,17,3,0.0,79,32
2026-05-21 09:50:42,2026-05-22,4,羽毛球馆-13号,17:00-18:00,1,1,已售/已满,已售,多云,19,17,4,0.0,81,32
2026-05-21 10:00:46,2026-05-22,4,羽毛球馆-13号,17:00-18:00,1,1,已售/已满,已售,多云,19,17,4,0.0,79,32
2026-05-21 10:10:40,2026-05-22,4,羽毛球馆-13号,17:00-18:00,1,1,已售/已满,已售,多云,19,17,4,0.0,79,32
2026-05-21 10:20:38,2026-05-22,4,羽毛球馆-13号,17:00-18:00,1,1,已售/已满,已售,多云,19,17,4,0.0,79,32
2026-05-21 10:30:41,2026-05-22,4,羽毛球馆-13号,17:00-18:00,1,1,已售/已满,已售,多云,19,18,3,0.0,78,31
2026-05-21 11:00:44,2026-05-22,4,羽毛球馆-13号,17:00-18:00,1,1,已售/已满,已售,多云,21,17,5,0.0,74,31
2026-05-21 11:30:38,2026-05-22,4,羽毛球馆-13号,17:00-18:00,1,1,已售/已满,已售,多云,21,19,3,0.0,72,33
2026-05-21 12:00:46,2026-05-22,4,羽毛球馆-13号,17:00-18:00,1,1,已售/已满,已售,多云,22,19,4,0.0,70,33
2026-05-21 12:30:42,2026-05-22,4,羽毛球馆-13号,17:00-18:00,1,1,已售/已满,已售,多云,22,21,3,0.0,68,35
2026-05-21 13:00:43,2026-05-22,4,羽毛球馆-13号,17:00-18:00,1,1,已售/已满,已售,多云,24,22,4,0.0,66,35
2026-05-21 13:30:43,2026-05-22,4,羽毛球馆-13号,17:00-18:00,1,1,已售/已满,已售,多云,24,22,4,0.0,66,36
2026-05-21 14:00:48,2026-05-22,4,羽毛球馆-13号,17:00-18:00,1,1,已售/已满,已售,多云,25,23,4,0.0,66,36
2026-05-21 14:30:45,2026-05-22,4,羽毛球馆-13号,17:00-18:00,1,1,已售/已满,已售,晴,25,25,3,0.0,65,39
2026-05-21 15:00:45,2026-05-22,4,羽毛球馆-13号,17:00-18:00,1,1,已售/已满,已售,晴,25,22,4,0.0,56,39
2026-05-21 15:30:43,2026-05-22,4,羽毛球馆-13号,17:00-18:00,1,1,已售/已满,已售,晴,25,23,4,0.0,57,40
2026-05-21 16:00:51,2026-05-22,4,羽毛球馆-13号,17:00-18:00,1,1,已售/已满,已售,晴,25,23,4,0.0,57,40
2026-05-21 16:30:48,2026-05-22,4,羽毛球馆-13号,17:00-18:00,1,1,已售/已满,已售,晴,25,24,3,0.0,60,39
2026-05-21 17:00:49,2026-05-22,4,羽毛球馆-13号,17:00-18:00,1,1,已售/已满,已售,晴,25,24,4,0.0,61,39
2026-05-21 17:30:47,2026-05-22,4,羽毛球馆-13号,17:00-18:00,1,1,已售/已满,已售,多云,24,23,3,0.0,64,39
2026-05-21 18:00:50,2026-05-22,4,羽毛球馆-13号,17:00-18:00,1,1,已售/已满,已售,多云,24,23,3,0.0,68,39
2026-05-21 18:30:50,2026-05-22,4,羽毛球馆-13号,17:00-18:00,1,1,已售/已满,已售,阴,24,25,2,0.0,68,40
2026-05-21 19:00:50,2026-05-22,4,羽毛球馆-13号,17:00-18:00,1,1,已售/已满,已售,阴,23,23,3,0.0,76,40
2026-05-21 19:30:46,2026-05-22,4,羽毛球馆-13号,17:00-18:00,1,1,已售/已满,已售,阴,23,24,2,0.0,77,39
2026-05-21 20:00:49,2026-05-22,4,羽毛球馆-13号,17:00-18:00,1,1,已售/已满,已售,雾,22,23,2,0.0,89,39
2026-05-21 20:30:44,2026-05-22,4,羽毛球馆-13号,17:00-18:00,1,1,已售/已满,已售,雾,22,24,2,0.0,93,43
2026-05-21 21:00:56,2026-05-22,4,羽毛球馆-13号,17:00-18:00,1,1,已售/已满,已售,雾,20,21,2,0.0,98,43
2026-05-21 21:30:46,2026-05-22,4,羽毛球馆-13号,17:00-18:00,1,1,已售/已满,已售,雾,20,22,1,0.0,99,41
2026-05-21 22:01:02,2026-05-22,4,羽毛球馆-13号,17:00-18:00,1,1,已售/已满,已售,雾,19,20,2,0.0,93,41
2026-05-21 22:30:47,2026-05-22,4,羽毛球馆-13号,17:00-18:00,1,1,已售/已满,已售,雾,19,19,3,0.0,88,46
2026-05-21 23:00:56,2026-05-22,4,羽毛球馆-13号,17:00-18:00,1,1,已售/已满,已售,多云,18,17,3,0.0,85,46
2026-05-21 23:30:55,2026-05-22,4,羽毛球馆-13号,17:00-18:00,1,1,已售/已满,已售,多云,18,17,3,0.0,85,48
2026-05-21 08:00:45,2026-05-22,4,羽毛球馆-13号,18:30-19:30,1,1,已售/已满,已售,晴,17,12,5,0.0,86,29
2026-05-21 08:02:30,2026-05-22,4,羽毛球馆-13号,18:30-19:30,1,1,已售/已满,已售,多云,17,12,5,0.0,87,29
2026-05-21 08:05:36,2026-05-22,4,羽毛球馆-13号,18:30-19:30,1,1,已售/已满,已售,多云,17,12,5,0.0,86,29
2026-05-21 08:08:31,2026-05-22,4,羽毛球馆-13号,18:30-19:30,1,1,已售/已满,已售,多云,17,12,5,0.0,86,29
2026-05-21 08:11:30,2026-05-22,4,羽毛球馆-13号,18:30-19:30,1,1,已售/已满,已售,多云,17,12,5,0.0,86,29
2026-05-21 08:14:31,2026-05-22,4,羽毛球馆-13号,18:30-19:30,1,1,已售/已满,已售,多云,17,12,5,0.0,86,29
2026-05-21 08:17:30,2026-05-22,4,羽毛球馆-13号,18:30-19:30,1,1,已售/已满,已售,多云,17,12,5,0.0,86,29
2026-05-21 08:20:35,2026-05-22,4,羽毛球馆-13号,18:30-19:30,1,1,已售/已满,已售,多云,17,14,4,0.0,85,29
2026-05-21 08:25:32,2026-05-22,4,羽毛球馆-13号,18:30-19:30,1,1,已售/已满,已售,多云,17,14,4,0.0,85,28
2026-05-21 08:30:42,2026-05-22,4,羽毛球馆-13号,18:30-19:30,1,1,已售/已满,已售,多云,18,15,4,0.0,84,28
2026-05-21 08:35:31,2026-05-22,4,羽毛球馆-13号,18:30-19:30,1,1,已售/已满,已售,多云,18,15,4,0.0,84,28
2026-05-21 08:40:38,2026-05-22,4,羽毛球馆-13号,18:30-19:30,1,1,已售/已满,已售,多云,18,15,4,0.0,82,28
2026-05-21 08:45:33,2026-05-22,4,羽毛球馆-13号,18:30-19:30,1,1,已售/已满,已售,多云,18,15,4,0.0,82,28
2026-05-21 08:50:36,2026-05-22,4,羽毛球馆-13号,18:30-19:30,1,1,已售/已满,已售,多云,18,15,4,0.0,82,28
2026-05-21 08:55:34,2026-05-22,4,羽毛球馆-13号,18:30-19:30,1,1,已售/已满,已售,多云,18,15,4,0.0,84,28
2026-05-21 09:00:51,2026-05-22,4,羽毛球馆-13号,18:30-19:30,1,1,已售/已满,已售,多云,18,15,4,0.0,84,28
2026-05-21 09:01:59,2026-05-22,4,羽毛球馆-13号,18:30-19:30,1,1,已售/已满,已售,多云,18,15,4,0.0,83,28
2026-05-21 09:05:33,2026-05-22,4,羽毛球馆-13号,18:30-19:30,1,1,已售/已满,已售,多云,18,15,4,0.0,83,28
2026-05-21 09:20:38,2026-05-22,4,羽毛球馆-13号,18:30-19:30,1,1,已售/已满,已售,多云,18,16,3,0.0,81,28
2026-05-21 09:30:46,2026-05-22,4,羽毛球馆-13号,18:30-19:30,1,1,已售/已满,已售,多云,18,16,3,0.0,81,32
2026-05-21 09:40:36,2026-05-22,4,羽毛球馆-13号,18:30-19:30,1,1,已售/已满,已售,多云,19,17,3,0.0,79,32
2026-05-21 09:50:42,2026-05-22,4,羽毛球馆-13号,18:30-19:30,1,1,已售/已满,已售,多云,19,17,4,0.0,81,32
2026-05-21 10:00:46,2026-05-22,4,羽毛球馆-13号,18:30-19:30,1,1,已售/已满,已售,多云,19,17,4,0.0,79,32
2026-05-21 10:10:40,2026-05-22,4,羽毛球馆-13号,18:30-19:30,1,1,已售/已满,已售,多云,19,17,4,0.0,79,32
2026-05-21 10:20:38,2026-05-22,4,羽毛球馆-13号,18:30-19:30,1,1,已售/已满,已售,多云,19,17,4,0.0,79,32
2026-05-21 10:30:41,2026-05-22,4,羽毛球馆-13号,18:30-19:30,1,1,已售/已满,已售,多云,19,18,3,0.0,78,31
2026-05-21 11:00:44,2026-05-22,4,羽毛球馆-13号,18:30-19:30,1,1,已售/已满,已售,多云,21,17,5,0.0,74,31
2026-05-21 11:30:38,2026-05-22,4,羽毛球馆-13号,18:30-19:30,1,1,已售/已满,已售,多云,21,19,3,0.0,72,33
2026-05-21 12:00:46,2026-05-22,4,羽毛球馆-13号,18:30-19:30,1,1,已售/已满,已售,多云,22,19,4,0.0,70,33
2026-05-21 12:30:42,2026-05-22,4,羽毛球馆-13号,18:30-19:30,1,1,已售/已满,已售,多云,22,21,3,0.0,68,35
2026-05-21 13:00:43,2026-05-22,4,羽毛球馆-13号,18:30-19:30,1,1,已售/已满,已售,多云,24,22,4,0.0,66,35
2026-05-21 13:30:43,2026-05-22,4,羽毛球馆-13号,18:30-19:30,1,1,已售/已满,已售,多云,24,22,4,0.0,66,36
2026-05-21 14:00:48,2026-05-22,4,羽毛球馆-13号,18:30-19:30,1,1,已售/已满,已售,多云,25,23,4,0.0,66,36
2026-05-21 14:30:45,2026-05-22,4,羽毛球馆-13号,18:30-19:30,1,1,已售/已满,已售,晴,25,25,3,0.0,65,39
2026-05-21 15:00:45,2026-05-22,4,羽毛球馆-13号,18:30-19:30,1,1,已售/已满,已售,晴,25,22,4,0.0,56,39
2026-05-21 15:30:43,2026-05-22,4,羽毛球馆-13号,18:30-19:30,1,1,已售/已满,已售,晴,25,23,4,0.0,57,40
2026-05-21 16:00:51,2026-05-22,4,羽毛球馆-13号,18:30-19:30,1,1,已售/已满,已售,晴,25,23,4,0.0,57,40
2026-05-21 16:30:48,2026-05-22,4,羽毛球馆-13号,18:30-19:30,1,1,已售/已满,已售,晴,25,24,3,0.0,60,39
2026-05-21 17:00:49,2026-05-22,4,羽毛球馆-13号,18:30-19:30,1,1,已售/已满,已售,晴,25,24,4,0.0,61,39
2026-05-21 17:30:47,2026-05-22,4,羽毛球馆-13号,18:30-19:30,1,1,已售/已满,已售,多云,24,23,3,0.0,64,39
2026-05-21 18:00:50,2026-05-22,4,羽毛球馆-13号,18:30-19:30,1,1,已售/已满,已售,多云,24,23,3,0.0,68,39
2026-05-21 18:30:50,2026-05-22,4,羽毛球馆-13号,18:30-19:30,1,1,已售/已满,已售,阴,24,25,2,0.0,68,40
2026-05-21 19:00:50,2026-05-22,4,羽毛球馆-13号,18:30-19:30,1,1,已售/已满,已售,阴,23,23,3,0.0,76,40
2026-05-21 19:30:46,2026-05-22,4,羽毛球馆-13号,18:30-19:30,1,1,已售/已满,已售,阴,23,24,2,0.0,77,39
2026-05-21 20:00:49,2026-05-22,4,羽毛球馆-13号,18:30-19:30,1,1,已售/已满,已售,雾,22,23,2,0.0,89,39
2026-05-21 20:30:44,2026-05-22,4,羽毛球馆-13号,18:30-19:30,1,1,已售/已满,已售,雾,22,24,2,0.0,93,43
2026-05-21 21:00:56,2026-05-22,4,羽毛球馆-13号,18:30-19:30,1,1,已售/已满,已售,雾,20,21,2,0.0,98,43
2026-05-21 21:30:46,2026-05-22,4,羽毛球馆-13号,18:30-19:30,1,1,已售/已满,已售,雾,20,22,1,0.0,99,41
2026-05-21 22:01:02,2026-05-22,4,羽毛球馆-13号,18:30-19:30,1,1,已售/已满,已售,雾,19,20,2,0.0,93,41
2026-05-21 22:30:47,2026-05-22,4,羽毛球馆-13号,18:30-19:30,1,1,已售/已满,已售,雾,19,19,3,0.0,88,46
2026-05-21 23:00:56,2026-05-22,4,羽毛球馆-13号,18:30-19:30,1,1,已售/已满,已售,多云,18,17,3,0.0,85,46
2026-05-21 23:30:55,2026-05-22,4,羽毛球馆-13号,18:30-19:30,1,1,已售/已满,已售,多云,18,17,3,0.0,85,48
2026-05-21 08:00:45,2026-05-22,4,羽毛球馆-13号,19:30-20:30,1,1,已售/已满,已售,晴,17,12,5,0.0,86,29
2026-05-21 08:02:30,2026-05-22,4,羽毛球馆-13号,19:30-20:30,1,1,已售/已满,已售,多云,17,12,5,0.0,87,29
2026-05-21 08:05:36,2026-05-22,4,羽毛球馆-13号,19:30-20:30,1,1,已售/已满,已售,多云,17,12,5,0.0,86,29
2026-05-21 08:08:31,2026-05-22,4,羽毛球馆-13号,19:30-20:30,1,1,已售/已满,已售,多云,17,12,5,0.0,86,29
2026-05-21 08:11:30,2026-05-22,4,羽毛球馆-13号,19:30-20:30,1,1,已售/已满,已售,多云,17,12,5,0.0,86,29
2026-05-21 08:14:31,2026-05-22,4,羽毛球馆-13号,19:30-20:30,1,1,已售/已满,已售,多云,17,12,5,0.0,86,29
2026-05-21 08:17:30,2026-05-22,4,羽毛球馆-13号,19:30-20:30,1,1,已售/已满,已售,多云,17,12,5,0.0,86,29
2026-05-21 08:20:35,2026-05-22,4,羽毛球馆-13号,19:30-20:30,1,1,已售/已满,已售,多云,17,14,4,0.0,85,29
2026-05-21 08:25:32,2026-05-22,4,羽毛球馆-13号,19:30-20:30,1,1,已售/已满,已售,多云,17,14,4,0.0,85,28
2026-05-21 08:30:42,2026-05-22,4,羽毛球馆-13号,19:30-20:30,1,1,已售/已满,已售,多云,18,15,4,0.0,84,28
2026-05-21 08:35:31,2026-05-22,4,羽毛球馆-13号,19:30-20:30,1,1,已售/已满,已售,多云,18,15,4,0.0,84,28
2026-05-21 08:40:38,2026-05-22,4,羽毛球馆-13号,19:30-20:30,1,1,已售/已满,已售,多云,18,15,4,0.0,82,28
2026-05-21 08:45:33,2026-05-22,4,羽毛球馆-13号,19:30-20:30,1,1,已售/已满,已售,多云,18,15,4,0.0,82,28
2026-05-21 08:50:36,2026-05-22,4,羽毛球馆-13号,19:30-20:30,1,1,已售/已满,已售,多云,18,15,4,0.0,82,28
2026-05-21 08:55:34,2026-05-22,4,羽毛球馆-13号,19:30-20:30,1,1,已售/已满,已售,多云,18,15,4,0.0,84,28
2026-05-21 09:00:51,2026-05-22,4,羽毛球馆-13号,19:30-20:30,1,1,已售/已满,已售,多云,18,15,4,0.0,84,28
2026-05-21 09:01:59,2026-05-22,4,羽毛球馆-13号,19:30-20:30,1,1,已售/已满,已售,多云,18,15,4,0.0,83,28
2026-05-21 09:05:33,2026-05-22,4,羽毛球馆-13号,19:30-20:30,1,1,已售/已满,已售,多云,18,15,4,0.0,83,28
2026-05-21 09:20:38,2026-05-22,4,羽毛球馆-13号,19:30-20:30,1,1,已售/已满,已售,多云,18,16,3,0.0,81,28
2026-05-21 09:30:46,2026-05-22,4,羽毛球馆-13号,19:30-20:30,1,1,已售/已满,已售,多云,18,16,3,0.0,81,32
2026-05-21 09:40:36,2026-05-22,4,羽毛球馆-13号,19:30-20:30,1,1,已售/已满,已售,多云,19,17,3,0.0,79,32
2026-05-21 09:50:42,2026-05-22,4,羽毛球馆-13号,19:30-20:30,1,1,已售/已满,已售,多云,19,17,4,0.0,81,32
2026-05-21 10:00:46,2026-05-22,4,羽毛球馆-13号,19:30-20:30,1,1,已售/已满,已售,多云,19,17,4,0.0,79,32
2026-05-21 10:10:40,2026-05-22,4,羽毛球馆-13号,19:30-20:30,1,1,已售/已满,已售,多云,19,17,4,0.0,79,32
2026-05-21 10:20:38,2026-05-22,4,羽毛球馆-13号,19:30-20:30,1,1,已售/已满,已售,多云,19,17,4,0.0,79,32
2026-05-21 10:30:41,2026-05-22,4,羽毛球馆-13号,19:30-20:30,1,1,已售/已满,已售,多云,19,18,3,0.0,78,31
2026-05-21 11:00:44,2026-05-22,4,羽毛球馆-13号,19:30-20:30,1,1,已售/已满,已售,多云,21,17,5,0.0,74,31
2026-05-21 11:30:38,2026-05-22,4,羽毛球馆-13号,19:30-20:30,1,1,已售/已满,已售,多云,21,19,3,0.0,72,33
2026-05-21 12:00:46,2026-05-22,4,羽毛球馆-13号,19:30-20:30,1,1,已售/已满,已售,多云,22,19,4,0.0,70,33
2026-05-21 12:30:42,2026-05-22,4,羽毛球馆-13号,19:30-20:30,1,1,已售/已满,已售,多云,22,21,3,0.0,68,35
2026-05-21 13:00:43,2026-05-22,4,羽毛球馆-13号,19:30-20:30,1,1,已售/已满,已售,多云,24,22,4,0.0,66,35
2026-05-21 13:30:43,2026-05-22,4,羽毛球馆-13号,19:30-20:30,1,1,已售/已满,已售,多云,24,22,4,0.0,66,36
2026-05-21 14:00:48,2026-05-22,4,羽毛球馆-13号,19:30-20:30,1,1,已售/已满,已售,多云,25,23,4,0.0,66,36
2026-05-21 14:30:45,2026-05-22,4,羽毛球馆-13号,19:30-20:30,1,1,已售/已满,已售,晴,25,25,3,0.0,65,39
2026-05-21 15:00:45,2026-05-22,4,羽毛球馆-13号,19:30-20:30,1,1,已售/已满,已售,晴,25,22,4,0.0,56,39
2026-05-21 15:30:43,2026-05-22,4,羽毛球馆-13号,19:30-20:30,1,1,已售/已满,已售,晴,25,23,4,0.0,57,40
2026-05-21 16:00:51,2026-05-22,4,羽毛球馆-13号,19:30-20:30,1,1,已售/已满,已售,晴,25,23,4,0.0,57,40
2026-05-21 16:30:48,2026-05-22,4,羽毛球馆-13号,19:30-20:30,1,1,已售/已满,已售,晴,25,24,3,0.0,60,39
2026-05-21 17:00:49,2026-05-22,4,羽毛球馆-13号,19:30-20:30,1,1,已售/已满,已售,晴,25,24,4,0.0,61,39
2026-05-21 17:30:47,2026-05-22,4,羽毛球馆-13号,19:30-20:30,1,1,已售/已满,已售,多云,24,23,3,0.0,64,39
2026-05-21 18:00:50,2026-05-22,4,羽毛球馆-13号,19:30-20:30,1,1,已售/已满,已售,多云,24,23,3,0.0,68,39
2026-05-21 18:30:50,2026-05-22,4,羽毛球馆-13号,19:30-20:30,1,1,已售/已满,已售,阴,24,25,2,0.0,68,40
2026-05-21 19:00:50,2026-05-22,4,羽毛球馆-13号,19:30-20:30,1,1,已售/已满,已售,阴,23,23,3,0.0,76,40
2026-05-21 19:30:46,2026-05-22,4,羽毛球馆-13号,19:30-20:30,1,1,已售/已满,已售,阴,23,24,2,0.0,77,39
2026-05-21 20:00:49,2026-05-22,4,羽毛球馆-13号,19:30-20:30,1,1,已售/已满,已售,雾,22,23,2,0.0,89,39
2026-05-21 20:30:44,2026-05-22,4,羽毛球馆-13号,19:30-20:30,1,1,已售/已满,已售,雾,22,24,2,0.0,93,43
2026-05-21 21:00:56,2026-05-22,4,羽毛球馆-13号,19:30-20:30,1,1,已售/已满,已售,雾,20,21,2,0.0,98,43
2026-05-21 21:30:46,2026-05-22,4,羽毛球馆-13号,19:30-20:30,1,1,已售/已满,已售,雾,20,22,1,0.0,99,41
2026-05-21 22:01:02,2026-05-22,4,羽毛球馆-13号,19:30-20:30,1,1,已售/已满,已售,雾,19,20,2,0.0,93,41
2026-05-21 22:30:47,2026-05-22,4,羽毛球馆-13号,19:30-20:30,1,1,已售/已满,已售,雾,19,19,3,0.0,88,46
2026-05-21 23:00:56,2026-05-22,4,羽毛球馆-13号,19:30-20:30,1,1,已售/已满,已售,多云,18,17,3,0.0,85,46
2026-05-21 23:30:55,2026-05-22,4,羽毛球馆-13号,19:30-20:30,1,1,已售/已满,已售,多云,18,17,3,0.0,85,48
2026-05-21 08:00:45,2026-05-22,4,羽毛球馆-13号,20:30-21:30,1,1,已售/已满,已售,晴,17,12,5,0.0,86,29
2026-05-21 08:02:30,2026-05-22,4,羽毛球馆-13号,20:30-21:30,1,1,已售/已满,已售,多云,17,12,5,0.0,87,29
2026-05-21 08:05:36,2026-05-22,4,羽毛球馆-13号,20:30-21:30,1,1,已售/已满,已售,多云,17,12,5,0.0,86,29
2026-05-21 08:08:31,2026-05-22,4,羽毛球馆-13号,20:30-21:30,1,1,已售/已满,已售,多云,17,12,5,0.0,86,29
2026-05-21 08:11:30,2026-05-22,4,羽毛球馆-13号,20:30-21:30,1,1,已售/已满,已售,多云,17,12,5,0.0,86,29
2026-05-21 08:14:31,2026-05-22,4,羽毛球馆-13号,20:30-21:30,1,1,已售/已满,已售,多云,17,12,5,0.0,86,29
2026-05-21 08:17:30,2026-05-22,4,羽毛球馆-13号,20:30-21:30,1,1,已售/已满,已售,多云,17,12,5,0.0,86,29
2026-05-21 08:20:35,2026-05-22,4,羽毛球馆-13号,20:30-21:30,1,1,已售/已满,已售,多云,17,14,4,0.0,85,29
2026-05-21 08:25:32,2026-05-22,4,羽毛球馆-13号,20:30-21:30,1,1,已售/已满,已售,多云,17,14,4,0.0,85,28
2026-05-21 08:30:42,2026-05-22,4,羽毛球馆-13号,20:30-21:30,1,1,已售/已满,已售,多云,18,15,4,0.0,84,28
2026-05-21 08:35:31,2026-05-22,4,羽毛球馆-13号,20:30-21:30,1,1,已售/已满,已售,多云,18,15,4,0.0,84,28
2026-05-21 08:40:38,2026-05-22,4,羽毛球馆-13号,20:30-21:30,1,1,已售/已满,已售,多云,18,15,4,0.0,82,28
2026-05-21 08:45:33,2026-05-22,4,羽毛球馆-13号,20:30-21:30,1,1,已售/已满,已售,多云,18,15,4,0.0,82,28
2026-05-21 08:50:36,2026-05-22,4,羽毛球馆-13号,20:30-21:30,1,1,已售/已满,已售,多云,18,15,4,0.0,82,28
2026-05-21 08:55:34,2026-05-22,4,羽毛球馆-13号,20:30-21:30,1,1,已售/已满,已售,多云,18,15,4,0.0,84,28
2026-05-21 09:00:51,2026-05-22,4,羽毛球馆-13号,20:30-21:30,1,1,已售/已满,已售,多云,18,15,4,0.0,84,28
2026-05-21 09:01:59,2026-05-22,4,羽毛球馆-13号,20:30-21:30,1,1,已售/已满,已售,多云,18,15,4,0.0,83,28
2026-05-21 09:05:33,2026-05-22,4,羽毛球馆-13号,20:30-21:30,1,1,已售/已满,已售,多云,18,15,4,0.0,83,28
2026-05-21 09:20:38,2026-05-22,4,羽毛球馆-13号,20:30-21:30,1,1,已售/已满,已售,多云,18,16,3,0.0,81,28
2026-05-21 09:30:46,2026-05-22,4,羽毛球馆-13号,20:30-21:30,1,1,已售/已满,已售,多云,18,16,3,0.0,81,32
2026-05-21 09:40:36,2026-05-22,4,羽毛球馆-13号,20:30-21:30,1,1,已售/已满,已售,多云,19,17,3,0.0,79,32
2026-05-21 09:50:42,2026-05-22,4,羽毛球馆-13号,20:30-21:30,1,1,已售/已满,已售,多云,19,17,4,0.0,81,32
2026-05-21 10:00:46,2026-05-22,4,羽毛球馆-13号,20:30-21:30,1,1,已售/已满,已售,多云,19,17,4,0.0,79,32
2026-05-21 10:10:40,2026-05-22,4,羽毛球馆-13号,20:30-21:30,1,1,已售/已满,已售,多云,19,17,4,0.0,79,32
2026-05-21 10:20:38,2026-05-22,4,羽毛球馆-13号,20:30-21:30,1,1,已售/已满,已售,多云,19,17,4,0.0,79,32
2026-05-21 10:30:41,2026-05-22,4,羽毛球馆-13号,20:30-21:30,1,1,已售/已满,已售,多云,19,18,3,0.0,78,31
2026-05-21 11:00:44,2026-05-22,4,羽毛球馆-13号,20:30-21:30,1,1,已售/已满,已售,多云,21,17,5,0.0,74,31
2026-05-21 11:30:38,2026-05-22,4,羽毛球馆-13号,20:30-21:30,1,1,已售/已满,已售,多云,21,19,3,0.0,72,33
2026-05-21 12:00:46,2026-05-22,4,羽毛球馆-13号,20:30-21:30,1,1,已售/已满,已售,多云,22,19,4,0.0,70,33
2026-05-21 12:30:42,2026-05-22,4,羽毛球馆-13号,20:30-21:30,1,1,已售/已满,已售,多云,22,21,3,0.0,68,35
2026-05-21 13:00:43,2026-05-22,4,羽毛球馆-13号,20:30-21:30,1,1,已售/已满,已售,多云,24,22,4,0.0,66,35
2026-05-21 13:30:43,2026-05-22,4,羽毛球馆-13号,20:30-21:30,1,1,已售/已满,已售,多云,24,22,4,0.0,66,36
2026-05-21 14:00:48,2026-05-22,4,羽毛球馆-13号,20:30-21:30,1,1,已售/已满,已售,多云,25,23,4,0.0,66,36
2026-05-21 14:30:45,2026-05-22,4,羽毛球馆-13号,20:30-21:30,1,1,已售/已满,已售,晴,25,25,3,0.0,65,39
2026-05-21 15:00:45,2026-05-22,4,羽毛球馆-13号,20:30-21:30,1,1,已售/已满,已售,晴,25,22,4,0.0,56,39
2026-05-21 15:30:43,2026-05-22,4,羽毛球馆-13号,20:30-21:30,1,1,已售/已满,已售,晴,25,23,4,0.0,57,40
2026-05-21 16:00:51,2026-05-22,4,羽毛球馆-13号,20:30-21:30,1,1,已售/已满,已售,晴,25,23,4,0.0,57,40
2026-05-21 16:30:48,2026-05-22,4,羽毛球馆-13号,20:30-21:30,1,1,已售/已满,已售,晴,25,24,3,0.0,60,39
2026-05-21 17:00:49,2026-05-22,4,羽毛球馆-13号,20:30-21:30,1,1,已售/已满,已售,晴,25,24,4,0.0,61,39
2026-05-21 17:30:47,2026-05-22,4,羽毛球馆-13号,20:30-21:30,1,1,已售/已满,已售,多云,24,23,3,0.0,64,39
2026-05-21 18:00:50,2026-05-22,4,羽毛球馆-13号,20:30-21:30,1,1,已售/已满,已售,多云,24,23,3,0.0,68,39
2026-05-21 18:30:50,2026-05-22,4,羽毛球馆-13号,20:30-21:30,1,1,已售/已满,已售,阴,24,25,2,0.0,68,40
2026-05-21 19:00:50,2026-05-22,4,羽毛球馆-13号,20:30-21:30,1,1,已售/已满,已售,阴,23,23,3,0.0,76,40
2026-05-21 19:30:46,2026-05-22,4,羽毛球馆-13号,20:30-21:30,1,1,已售/已满,已售,阴,23,24,2,0.0,77,39
2026-05-21 20:00:49,2026-05-22,4,羽毛球馆-13号,20:30-21:30,1,1,已售/已满,已售,雾,22,23,2,0.0,89,39
2026-05-21 20:30:44,2026-05-22,4,羽毛球馆-13号,20:30-21:30,1,1,已售/已满,已售,雾,22,24,2,0.0,93,43
2026-05-21 21:00:56,2026-05-22,4,羽毛球馆-13号,20:30-21:30,1,1,已售/已满,已售,雾,20,21,2,0.0,98,43
2026-05-21 21:30:46,2026-05-22,4,羽毛球馆-13号,20:30-21:30,1,1,已售/已满,已售,雾,20,22,1,0.0,99,41
2026-05-21 22:01:02,2026-05-22,4,羽毛球馆-13号,20:30-21:30,1,1,已售/已满,已售,雾,19,20,2,0.0,93,41
2026-05-21 22:30:47,2026-05-22,4,羽毛球馆-13号,20:30-21:30,1,1,已售/已满,已售,雾,19,19,3,0.0,88,46
2026-05-21 23:00:56,2026-05-22,4,羽毛球馆-13号,20:30-21:30,1,1,已售/已满,已售,多云,18,17,3,0.0,85,46
2026-05-21 23:30:55,2026-05-22,4,羽毛球馆-13号,20:30-21:30,1,1,已售/已满,已售,多云,18,17,3,0.0,85,48
2026-05-21 08:00:45,2026-05-22,4,羽毛球馆-14号,07:00-08:00,0,1,可预约,￥0.0,晴,17,12,5,0.0,86,29
2026-05-21 08:02:30,2026-05-22,4,羽毛球馆-14号,07:00-08:00,0,1,可预约,￥0.0,多云,17,12,5,0.0,87,29
2026-05-21 08:05:36,2026-05-22,4,羽毛球馆-14号,07:00-08:00,0,1,可预约,￥0.0,多云,17,12,5,0.0,86,29
2026-05-21 08:08:31,2026-05-22,4,羽毛球馆-14号,07:00-08:00,0,1,可预约,￥0.0,多云,17,12,5,0.0,86,29
2026-05-21 08:11:30,2026-05-22,4,羽毛球馆-14号,07:00-08:00,0,1,可预约,￥0.0,多云,17,12,5,0.0,86,29
2026-05-21 08:14:31,2026-05-22,4,羽毛球馆-14号,07:00-08:00,0,1,可预约,￥0.0,多云,17,12,5,0.0,86,29
2026-05-21 08:17:30,2026-05-22,4,羽毛球馆-14号,07:00-08:00,0,1,可预约,￥0.0,多云,17,12,5,0.0,86,29
2026-05-21 08:20:35,2026-05-22,4,羽毛球馆-14号,07:00-08:00,0,1,可预约,￥0.0,多云,17,14,4,0.0,85,29
2026-05-21 08:25:32,2026-05-22,4,羽毛球馆-14号,07:00-08:00,0,1,可预约,￥0.0,多云,17,14,4,0.0,85,28
2026-05-21 08:30:42,2026-05-22,4,羽毛球馆-14号,07:00-08:00,0,1,可预约,￥0.0,多云,18,15,4,0.0,84,28
2026-05-21 08:35:31,2026-05-22,4,羽毛球馆-14号,07:00-08:00,0,1,可预约,￥0.0,多云,18,15,4,0.0,84,28
2026-05-21 08:40:38,2026-05-22,4,羽毛球馆-14号,07:00-08:00,0,1,可预约,￥0.0,多云,18,15,4,0.0,82,28
2026-05-21 08:45:33,2026-05-22,4,羽毛球馆-14号,07:00-08:00,0,1,可预约,￥0.0,多云,18,15,4,0.0,82,28
2026-05-21 08:50:36,2026-05-22,4,羽毛球馆-14号,07:00-08:00,0,1,可预约,￥0.0,多云,18,15,4,0.0,82,28
2026-05-21 08:55:34,2026-05-22,4,羽毛球馆-14号,07:00-08:00,0,1,可预约,￥0.0,多云,18,15,4,0.0,84,28
2026-05-21 09:00:51,2026-05-22,4,羽毛球馆-14号,07:00-08:00,0,1,可预约,￥0.0,多云,18,15,4,0.0,84,28
2026-05-21 09:01:59,2026-05-22,4,羽毛球馆-14号,07:00-08:00,0,1,可预约,￥0.0,多云,18,15,4,0.0,83,28
2026-05-21 09:05:33,2026-05-22,4,羽毛球馆-14号,07:00-08:00,0,1,可预约,￥0.0,多云,18,15,4,0.0,83,28
2026-05-21 09:20:38,2026-05-22,4,羽毛球馆-14号,07:00-08:00,0,1,可预约,￥0.0,多云,18,16,3,0.0,81,28
2026-05-21 09:30:46,2026-05-22,4,羽毛球馆-14号,07:00-08:00,0,1,可预约,￥0.0,多云,18,16,3,0.0,81,32
2026-05-21 09:40:36,2026-05-22,4,羽毛球馆-14号,07:00-08:00,0,1,可预约,￥0.0,多云,19,17,3,0.0,79,32
2026-05-21 09:50:42,2026-05-22,4,羽毛球馆-14号,07:00-08:00,0,1,可预约,￥0.0,多云,19,17,4,0.0,81,32
2026-05-21 10:00:46,2026-05-22,4,羽毛球馆-14号,07:00-08:00,0,1,可预约,￥0.0,多云,19,17,4,0.0,79,32
2026-05-21 10:10:40,2026-05-22,4,羽毛球馆-14号,07:00-08:00,0,1,可预约,￥0.0,多云,19,17,4,0.0,79,32
2026-05-21 10:20:38,2026-05-22,4,羽毛球馆-14号,07:00-08:00,0,1,可预约,￥0.0,多云,19,17,4,0.0,79,32
2026-05-21 10:30:41,2026-05-22,4,羽毛球馆-14号,07:00-08:00,0,1,可预约,￥0.0,多云,19,18,3,0.0,78,31
2026-05-21 11:00:44,2026-05-22,4,羽毛球馆-14号,07:00-08:00,0,1,可预约,￥0.0,多云,21,17,5,0.0,74,31
2026-05-21 11:30:38,2026-05-22,4,羽毛球馆-14号,07:00-08:00,0,1,可预约,￥0.0,多云,21,19,3,0.0,72,33
2026-05-21 12:00:46,2026-05-22,4,羽毛球馆-14号,07:00-08:00,0,1,可预约,￥0.0,多云,22,19,4,0.0,70,33
2026-05-21 12:30:42,2026-05-22,4,羽毛球馆-14号,07:00-08:00,0,1,可预约,￥0.0,多云,22,21,3,0.0,68,35
2026-05-21 13:00:43,2026-05-22,4,羽毛球馆-14号,07:00-08:00,0,1,可预约,￥0.0,多云,24,22,4,0.0,66,35
2026-05-21 13:30:43,2026-05-22,4,羽毛球馆-14号,07:00-08:00,0,1,可预约,￥0.0,多云,24,22,4,0.0,66,36
2026-05-21 14:00:48,2026-05-22,4,羽毛球馆-14号,07:00-08:00,0,1,可预约,￥0.0,多云,25,23,4,0.0,66,36
2026-05-21 14:30:45,2026-05-22,4,羽毛球馆-14号,07:00-08:00,0,1,可预约,￥0.0,晴,25,25,3,0.0,65,39
2026-05-21 15:00:45,2026-05-22,4,羽毛球馆-14号,07:00-08:00,0,1,可预约,￥0.0,晴,25,22,4,0.0,56,39
2026-05-21 15:30:43,2026-05-22,4,羽毛球馆-14号,07:00-08:00,0,1,可预约,￥0.0,晴,25,23,4,0.0,57,40
2026-05-21 16:00:51,2026-05-22,4,羽毛球馆-14号,07:00-08:00,0,1,可预约,￥0.0,晴,25,23,4,0.0,57,40
2026-05-21 16:30:48,2026-05-22,4,羽毛球馆-14号,07:00-08:00,0,1,可预约,￥0.0,晴,25,24,3,0.0,60,39
2026-05-21 17:00:49,2026-05-22,4,羽毛球馆-14号,07:00-08:00,0,1,可预约,￥0.0,晴,25,24,4,0.0,61,39
2026-05-21 17:30:47,2026-05-22,4,羽毛球馆-14号,07:00-08:00,0,1,可预约,￥0.0,多云,24,23,3,0.0,64,39
2026-05-21 18:00:50,2026-05-22,4,羽毛球馆-14号,07:00-08:00,0,1,可预约,￥0.0,多云,24,23,3,0.0,68,39
2026-05-21 18:30:50,2026-05-22,4,羽毛球馆-14号,07:00-08:00,0,1,可预约,￥0.0,阴,24,25,2,0.0,68,40
2026-05-21 19:00:50,2026-05-22,4,羽毛球馆-14号,07:00-08:00,0,1,可预约,￥0.0,阴,23,23,3,0.0,76,40
2026-05-21 19:30:46,2026-05-22,4,羽毛球馆-14号,07:00-08:00,0,1,可预约,￥0.0,阴,23,24,2,0.0,77,39
2026-05-21 20:00:49,2026-05-22,4,羽毛球馆-14号,07:00-08:00,0,1,可预约,￥0.0,雾,22,23,2,0.0,89,39
2026-05-21 20:30:44,2026-05-22,4,羽毛球馆-14号,07:00-08:00,0,1,可预约,￥0.0,雾,22,24,2,0.0,93,43
2026-05-21 21:00:56,2026-05-22,4,羽毛球馆-14号,07:00-08:00,0,1,可预约,￥0.0,雾,20,21,2,0.0,98,43
2026-05-21 21:30:46,2026-05-22,4,羽毛球馆-14号,07:00-08:00,0,1,可预约,￥0.0,雾,20,22,1,0.0,99,41
2026-05-21 22:01:02,2026-05-22,4,羽毛球馆-14号,07:00-08:00,0,1,可预约,￥0.0,雾,19,20,2,0.0,93,41
2026-05-21 22:30:47,2026-05-22,4,羽毛球馆-14号,07:00-08:00,0,1,可预约,￥0.0,雾,19,19,3,0.0,88,46
2026-05-21 23:00:56,2026-05-22,4,羽毛球馆-14号,07:00-08:00,0,1,可预约,￥0.0,多云,18,17,3,0.0,85,46
2026-05-21 23:30:55,2026-05-22,4,羽毛球馆-14号,07:00-08:00,0,1,可预约,￥0.0,多云,18,17,3,0.0,85,48
2026-05-21 08:00:45,2026-05-22,4,羽毛球馆-14号,08:00-09:00,0,1,可预约,￥0.0,晴,17,12,5,0.0,86,29
2026-05-21 08:02:30,2026-05-22,4,羽毛球馆-14号,08:00-09:00,0,1,可预约,￥0.0,多云,17,12,5,0.0,87,29
2026-05-21 08:05:36,2026-05-22,4,羽毛球馆-14号,08:00-09:00,0,1,可预约,￥0.0,多云,17,12,5,0.0,86,29
2026-05-21 08:08:31,2026-05-22,4,羽毛球馆-14号,08:00-09:00,0,1,可预约,￥0.0,多云,17,12,5,0.0,86,29
2026-05-21 08:11:30,2026-05-22,4,羽毛球馆-14号,08:00-09:00,0,1,可预约,￥0.0,多云,17,12,5,0.0,86,29
2026-05-21 08:14:31,2026-05-22,4,羽毛球馆-14号,08:00-09:00,0,1,可预约,￥0.0,多云,17,12,5,0.0,86,29
2026-05-21 08:17:30,2026-05-22,4,羽毛球馆-14号,08:00-09:00,0,1,可预约,￥0.0,多云,17,12,5,0.0,86,29
2026-05-21 08:20:35,2026-05-22,4,羽毛球馆-14号,08:00-09:00,0,1,可预约,￥0.0,多云,17,14,4,0.0,85,29
2026-05-21 08:25:32,2026-05-22,4,羽毛球馆-14号,08:00-09:00,0,1,可预约,￥0.0,多云,17,14,4,0.0,85,28
2026-05-21 08:30:42,2026-05-22,4,羽毛球馆-14号,08:00-09:00,0,1,可预约,￥0.0,多云,18,15,4,0.0,84,28
2026-05-21 08:35:31,2026-05-22,4,羽毛球馆-14号,08:00-09:00,0,1,可预约,￥0.0,多云,18,15,4,0.0,84,28
2026-05-21 08:40:38,2026-05-22,4,羽毛球馆-14号,08:00-09:00,0,1,可预约,￥0.0,多云,18,15,4,0.0,82,28
2026-05-21 08:45:33,2026-05-22,4,羽毛球馆-14号,08:00-09:00,0,1,可预约,￥0.0,多云,18,15,4,0.0,82,28
2026-05-21 08:50:36,2026-05-22,4,羽毛球馆-14号,08:00-09:00,0,1,可预约,￥0.0,多云,18,15,4,0.0,82,28
2026-05-21 08:55:34,2026-05-22,4,羽毛球馆-14号,08:00-09:00,0,1,可预约,￥0.0,多云,18,15,4,0.0,84,28
2026-05-21 09:00:51,2026-05-22,4,羽毛球馆-14号,08:00-09:00,0,1,可预约,￥0.0,多云,18,15,4,0.0,84,28
2026-05-21 09:01:59,2026-05-22,4,羽毛球馆-14号,08:00-09:00,0,1,可预约,￥0.0,多云,18,15,4,0.0,83,28
2026-05-21 09:05:33,2026-05-22,4,羽毛球馆-14号,08:00-09:00,0,1,可预约,￥0.0,多云,18,15,4,0.0,83,28
2026-05-21 09:20:38,2026-05-22,4,羽毛球馆-14号,08:00-09:00,0,1,可预约,￥0.0,多云,18,16,3,0.0,81,28
2026-05-21 09:30:46,2026-05-22,4,羽毛球馆-14号,08:00-09:00,0,1,可预约,￥0.0,多云,18,16,3,0.0,81,32
2026-05-21 09:40:36,2026-05-22,4,羽毛球馆-14号,08:00-09:00,0,1,可预约,￥0.0,多云,19,17,3,0.0,79,32
2026-05-21 09:50:42,2026-05-22,4,羽毛球馆-14号,08:00-09:00,0,1,可预约,￥0.0,多云,19,17,4,0.0,81,32
2026-05-21 10:00:46,2026-05-22,4,羽毛球馆-14号,08:00-09:00,0,1,可预约,￥0.0,多云,19,17,4,0.0,79,32
2026-05-21 10:10:40,2026-05-22,4,羽毛球馆-14号,08:00-09:00,0,1,可预约,￥0.0,多云,19,17,4,0.0,79,32
2026-05-21 10:20:38,2026-05-22,4,羽毛球馆-14号,08:00-09:00,0,1,可预约,￥0.0,多云,19,17,4,0.0,79,32
2026-05-21 10:30:41,2026-05-22,4,羽毛球馆-14号,08:00-09:00,0,1,可预约,￥0.0,多云,19,18,3,0.0,78,31
2026-05-21 11:00:44,2026-05-22,4,羽毛球馆-14号,08:00-09:00,0,1,可预约,￥0.0,多云,21,17,5,0.0,74,31
2026-05-21 11:30:38,2026-05-22,4,羽毛球馆-14号,08:00-09:00,0,1,可预约,￥0.0,多云,21,19,3,0.0,72,33
2026-05-21 12:00:46,2026-05-22,4,羽毛球馆-14号,08:00-09:00,0,1,可预约,￥0.0,多云,22,19,4,0.0,70,33
2026-05-21 12:30:42,2026-05-22,4,羽毛球馆-14号,08:00-09:00,0,1,可预约,￥0.0,多云,22,21,3,0.0,68,35
2026-05-21 13:00:43,2026-05-22,4,羽毛球馆-14号,08:00-09:00,0,1,可预约,￥0.0,多云,24,22,4,0.0,66,35
2026-05-21 13:30:43,2026-05-22,4,羽毛球馆-14号,08:00-09:00,0,1,可预约,￥0.0,多云,24,22,4,0.0,66,36
2026-05-21 14:00:48,2026-05-22,4,羽毛球馆-14号,08:00-09:00,0,1,可预约,￥0.0,多云,25,23,4,0.0,66,36
2026-05-21 14:30:45,2026-05-22,4,羽毛球馆-14号,08:00-09:00,0,1,可预约,￥0.0,晴,25,25,3,0.0,65,39
2026-05-21 15:00:45,2026-05-22,4,羽毛球馆-14号,08:00-09:00,0,1,可预约,￥0.0,晴,25,22,4,0.0,56,39
2026-05-21 15:30:43,2026-05-22,4,羽毛球馆-14号,08:00-09:00,0,1,可预约,￥0.0,晴,25,23,4,0.0,57,40
2026-05-21 16:00:51,2026-05-22,4,羽毛球馆-14号,08:00-09:00,0,1,可预约,￥0.0,晴,25,23,4,0.0,57,40
2026-05-21 16:30:48,2026-05-22,4,羽毛球馆-14号,08:00-09:00,0,1,可预约,￥0.0,晴,25,24,3,0.0,60,39
2026-05-21 17:00:49,2026-05-22,4,羽毛球馆-14号,08:00-09:00,0,1,可预约,￥0.0,晴,25,24,4,0.0,61,39
2026-05-21 17:30:47,2026-05-22,4,羽毛球馆-14号,08:00-09:00,0,1,可预约,￥0.0,多云,24,23,3,0.0,64,39
2026-05-21 18:00:50,2026-05-22,4,羽毛球馆-14号,08:00-09:00,0,1,可预约,￥0.0,多云,24,23,3,0.0,68,39
2026-05-21 18:30:50,2026-05-22,4,羽毛球馆-14号,08:00-09:00,0,1,可预约,￥0.0,阴,24,25,2,0.0,68,40
2026-05-21 19:00:50,2026-05-22,4,羽毛球馆-14号,08:00-09:00,0,1,可预约,￥0.0,阴,23,23,3,0.0,76,40
2026-05-21 19:30:46,2026-05-22,4,羽毛球馆-14号,08:00-09:00,0,1,可预约,￥0.0,阴,23,24,2,0.0,77,39
2026-05-21 20:00:49,2026-05-22,4,羽毛球馆-14号,08:00-09:00,0,1,可预约,￥0.0,雾,22,23,2,0.0,89,39
2026-05-21 20:30:44,2026-05-22,4,羽毛球馆-14号,08:00-09:00,0,1,可预约,￥0.0,雾,22,24,2,0.0,93,43
2026-05-21 21:00:56,2026-05-22,4,羽毛球馆-14号,08:00-09:00,0,1,可预约,￥0.0,雾,20,21,2,0.0,98,43
2026-05-21 21:30:46,2026-05-22,4,羽毛球馆-14号,08:00-09:00,0,1,可预约,￥0.0,雾,20,22,1,0.0,99,41
2026-05-21 22:01:02,2026-05-22,4,羽毛球馆-14号,08:00-09:00,0,1,可预约,￥0.0,雾,19,20,2,0.0,93,41
2026-05-21 22:30:47,2026-05-22,4,羽毛球馆-14号,08:00-09:00,0,1,可预约,￥0.0,雾,19,19,3,0.0,88,46
2026-05-21 23:00:56,2026-05-22,4,羽毛球馆-14号,08:00-09:00,0,1,可预约,￥0.0,多云,18,17,3,0.0,85,46
2026-05-21 23:30:55,2026-05-22,4,羽毛球馆-14号,08:00-09:00,0,1,可预约,￥0.0,多云,18,17,3,0.0,85,48
2026-05-21 08:00:45,2026-05-22,4,羽毛球馆-14号,09:00-10:00,0,1,可预约,￥12.0,晴,17,12,5,0.0,86,29
2026-05-21 08:02:30,2026-05-22,4,羽毛球馆-14号,09:00-10:00,0,1,可预约,￥12.0,多云,17,12,5,0.0,87,29
2026-05-21 08:05:36,2026-05-22,4,羽毛球馆-14号,09:00-10:00,0,1,可预约,￥12.0,多云,17,12,5,0.0,86,29
2026-05-21 08:08:31,2026-05-22,4,羽毛球馆-14号,09:00-10:00,0,1,可预约,￥12.0,多云,17,12,5,0.0,86,29
2026-05-21 08:11:30,2026-05-22,4,羽毛球馆-14号,09:00-10:00,0,1,可预约,￥12.0,多云,17,12,5,0.0,86,29
2026-05-21 08:14:31,2026-05-22,4,羽毛球馆-14号,09:00-10:00,0,1,可预约,￥12.0,多云,17,12,5,0.0,86,29
2026-05-21 08:17:30,2026-05-22,4,羽毛球馆-14号,09:00-10:00,0,1,可预约,￥12.0,多云,17,12,5,0.0,86,29
2026-05-21 08:20:35,2026-05-22,4,羽毛球馆-14号,09:00-10:00,0,1,可预约,￥12.0,多云,17,14,4,0.0,85,29
2026-05-21 08:25:32,2026-05-22,4,羽毛球馆-14号,09:00-10:00,0,1,可预约,￥12.0,多云,17,14,4,0.0,85,28
2026-05-21 08:30:42,2026-05-22,4,羽毛球馆-14号,09:00-10:00,0,1,可预约,￥12.0,多云,18,15,4,0.0,84,28
2026-05-21 08:35:31,2026-05-22,4,羽毛球馆-14号,09:00-10:00,0,1,可预约,￥12.0,多云,18,15,4,0.0,84,28
2026-05-21 08:40:38,2026-05-22,4,羽毛球馆-14号,09:00-10:00,0,1,可预约,￥12.0,多云,18,15,4,0.0,82,28
2026-05-21 08:45:33,2026-05-22,4,羽毛球馆-14号,09:00-10:00,0,1,可预约,￥12.0,多云,18,15,4,0.0,82,28
2026-05-21 08:50:36,2026-05-22,4,羽毛球馆-14号,09:00-10:00,0,1,可预约,￥12.0,多云,18,15,4,0.0,82,28
2026-05-21 08:55:34,2026-05-22,4,羽毛球馆-14号,09:00-10:00,0,1,可预约,￥12.0,多云,18,15,4,0.0,84,28
2026-05-21 09:00:51,2026-05-22,4,羽毛球馆-14号,09:00-10:00,0,1,可预约,￥12.0,多云,18,15,4,0.0,84,28
2026-05-21 09:01:59,2026-05-22,4,羽毛球馆-14号,09:00-10:00,0,1,可预约,￥12.0,多云,18,15,4,0.0,83,28
2026-05-21 09:05:33,2026-05-22,4,羽毛球馆-14号,09:00-10:00,0,1,可预约,￥12.0,多云,18,15,4,0.0,83,28
2026-05-21 09:20:38,2026-05-22,4,羽毛球馆-14号,09:00-10:00,0,1,可预约,￥12.0,多云,18,16,3,0.0,81,28
2026-05-21 09:30:46,2026-05-22,4,羽毛球馆-14号,09:00-10:00,0,1,可预约,￥12.0,多云,18,16,3,0.0,81,32
2026-05-21 09:40:36,2026-05-22,4,羽毛球馆-14号,09:00-10:00,0,1,可预约,￥12.0,多云,19,17,3,0.0,79,32
2026-05-21 09:50:42,2026-05-22,4,羽毛球馆-14号,09:00-10:00,0,1,可预约,￥12.0,多云,19,17,4,0.0,81,32
2026-05-21 10:00:46,2026-05-22,4,羽毛球馆-14号,09:00-10:00,0,1,可预约,￥12.0,多云,19,17,4,0.0,79,32
2026-05-21 10:10:40,2026-05-22,4,羽毛球馆-14号,09:00-10:00,0,1,可预约,￥12.0,多云,19,17,4,0.0,79,32
2026-05-21 10:20:38,2026-05-22,4,羽毛球馆-14号,09:00-10:00,0,1,可预约,￥12.0,多云,19,17,4,0.0,79,32
2026-05-21 10:30:41,2026-05-22,4,羽毛球馆-14号,09:00-10:00,0,1,可预约,￥12.0,多云,19,18,3,0.0,78,31
2026-05-21 11:00:44,2026-05-22,4,羽毛球馆-14号,09:00-10:00,0,1,可预约,￥12.0,多云,21,17,5,0.0,74,31
2026-05-21 11:30:38,2026-05-22,4,羽毛球馆-14号,09:00-10:00,0,1,可预约,￥12.0,多云,21,19,3,0.0,72,33
2026-05-21 12:00:46,2026-05-22,4,羽毛球馆-14号,09:00-10:00,0,1,可预约,￥12.0,多云,22,19,4,0.0,70,33
2026-05-21 12:30:42,2026-05-22,4,羽毛球馆-14号,09:00-10:00,0,1,可预约,￥12.0,多云,22,21,3,0.0,68,35
2026-05-21 13:00:43,2026-05-22,4,羽毛球馆-14号,09:00-10:00,0,1,可预约,￥12.0,多云,24,22,4,0.0,66,35
2026-05-21 13:30:43,2026-05-22,4,羽毛球馆-14号,09:00-10:00,0,1,可预约,￥12.0,多云,24,22,4,0.0,66,36
2026-05-21 14:00:48,2026-05-22,4,羽毛球馆-14号,09:00-10:00,0,1,可预约,￥12.0,多云,25,23,4,0.0,66,36
2026-05-21 14:30:45,2026-05-22,4,羽毛球馆-14号,09:00-10:00,0,1,可预约,￥12.0,晴,25,25,3,0.0,65,39
2026-05-21 15:00:45,2026-05-22,4,羽毛球馆-14号,09:00-10:00,0,1,可预约,￥12.0,晴,25,22,4,0.0,56,39
2026-05-21 15:30:43,2026-05-22,4,羽毛球馆-14号,09:00-10:00,0,1,可预约,￥12.0,晴,25,23,4,0.0,57,40
2026-05-21 16:00:51,2026-05-22,4,羽毛球馆-14号,09:00-10:00,0,1,可预约,￥12.0,晴,25,23,4,0.0,57,40
2026-05-21 16:30:48,2026-05-22,4,羽毛球馆-14号,09:00-10:00,0,1,可预约,￥12.0,晴,25,24,3,0.0,60,39
2026-05-21 17:00:49,2026-05-22,4,羽毛球馆-14号,09:00-10:00,0,1,可预约,￥12.0,晴,25,24,4,0.0,61,39
2026-05-21 17:30:47,2026-05-22,4,羽毛球馆-14号,09:00-10:00,0,1,可预约,￥12.0,多云,24,23,3,0.0,64,39
2026-05-21 18:00:50,2026-05-22,4,羽毛球馆-14号,09:00-10:00,0,1,可预约,￥12.0,多云,24,23,3,0.0,68,39
2026-05-21 18:30:50,2026-05-22,4,羽毛球馆-14号,09:00-10:00,0,1,可预约,￥12.0,阴,24,25,2,0.0,68,40
2026-05-21 19:00:50,2026-05-22,4,羽毛球馆-14号,09:00-10:00,0,1,可预约,￥12.0,阴,23,23,3,0.0,76,40
2026-05-21 19:30:46,2026-05-22,4,羽毛球馆-14号,09:00-10:00,0,1,可预约,￥12.0,阴,23,24,2,0.0,77,39
2026-05-21 20:00:49,2026-05-22,4,羽毛球馆-14号,09:00-10:00,0,1,可预约,￥12.0,雾,22,23,2,0.0,89,39
2026-05-21 20:30:44,2026-05-22,4,羽毛球馆-14号,09:00-10:00,0,1,可预约,￥12.0,雾,22,24,2,0.0,93,43
2026-05-21 21:00:56,2026-05-22,4,羽毛球馆-14号,09:00-10:00,0,1,可预约,￥12.0,雾,20,21,2,0.0,98,43
2026-05-21 21:30:46,2026-05-22,4,羽毛球馆-14号,09:00-10:00,0,1,可预约,￥12.0,雾,20,22,1,0.0,99,41
2026-05-21 22:01:02,2026-05-22,4,羽毛球馆-14号,09:00-10:00,0,1,可预约,￥12.0,雾,19,20,2,0.0,93,41
2026-05-21 22:30:47,2026-05-22,4,羽毛球馆-14号,09:00-10:00,0,1,可预约,￥12.0,雾,19,19,3,0.0,88,46
2026-05-21 23:00:56,2026-05-22,4,羽毛球馆-14号,09:00-10:00,0,1,可预约,￥12.0,多云,18,17,3,0.0,85,46
2026-05-21 23:30:55,2026-05-22,4,羽毛球馆-14号,09:00-10:00,0,1,可预约,￥12.0,多云,18,17,3,0.0,85,48
2026-05-21 08:00:45,2026-05-22,4,羽毛球馆-14号,10:00-11:00,1,1,已售/已满,教学时间,晴,17,12,5,0.0,86,29
2026-05-21 08:02:30,2026-05-22,4,羽毛球馆-14号,10:00-11:00,1,1,已售/已满,教学时间,多云,17,12,5,0.0,87,29
2026-05-21 08:05:36,2026-05-22,4,羽毛球馆-14号,10:00-11:00,1,1,已售/已满,教学时间,多云,17,12,5,0.0,86,29
2026-05-21 08:08:31,2026-05-22,4,羽毛球馆-14号,10:00-11:00,1,1,已售/已满,教学时间,多云,17,12,5,0.0,86,29
2026-05-21 08:11:30,2026-05-22,4,羽毛球馆-14号,10:00-11:00,1,1,已售/已满,教学时间,多云,17,12,5,0.0,86,29
2026-05-21 08:14:31,2026-05-22,4,羽毛球馆-14号,10:00-11:00,1,1,已售/已满,教学时间,多云,17,12,5,0.0,86,29
2026-05-21 08:17:30,2026-05-22,4,羽毛球馆-14号,10:00-11:00,1,1,已售/已满,教学时间,多云,17,12,5,0.0,86,29
2026-05-21 08:20:35,2026-05-22,4,羽毛球馆-14号,10:00-11:00,1,1,已售/已满,教学时间,多云,17,14,4,0.0,85,29
2026-05-21 08:25:32,2026-05-22,4,羽毛球馆-14号,10:00-11:00,1,1,已售/已满,教学时间,多云,17,14,4,0.0,85,28
2026-05-21 08:30:42,2026-05-22,4,羽毛球馆-14号,10:00-11:00,1,1,已售/已满,教学时间,多云,18,15,4,0.0,84,28
2026-05-21 08:35:31,2026-05-22,4,羽毛球馆-14号,10:00-11:00,1,1,已售/已满,教学时间,多云,18,15,4,0.0,84,28
2026-05-21 08:40:38,2026-05-22,4,羽毛球馆-14号,10:00-11:00,1,1,已售/已满,教学时间,多云,18,15,4,0.0,82,28
2026-05-21 08:45:33,2026-05-22,4,羽毛球馆-14号,10:00-11:00,1,1,已售/已满,教学时间,多云,18,15,4,0.0,82,28
2026-05-21 08:50:36,2026-05-22,4,羽毛球馆-14号,10:00-11:00,1,1,已售/已满,教学时间,多云,18,15,4,0.0,82,28
2026-05-21 08:55:34,2026-05-22,4,羽毛球馆-14号,10:00-11:00,1,1,已售/已满,教学时间,多云,18,15,4,0.0,84,28
2026-05-21 09:00:51,2026-05-22,4,羽毛球馆-14号,10:00-11:00,1,1,已售/已满,教学时间,多云,18,15,4,0.0,84,28
2026-05-21 09:01:59,2026-05-22,4,羽毛球馆-14号,10:00-11:00,1,1,已售/已满,教学时间,多云,18,15,4,0.0,83,28
2026-05-21 09:05:33,2026-05-22,4,羽毛球馆-14号,10:00-11:00,1,1,已售/已满,教学时间,多云,18,15,4,0.0,83,28
2026-05-21 09:20:38,2026-05-22,4,羽毛球馆-14号,10:00-11:00,1,1,已售/已满,教学时间,多云,18,16,3,0.0,81,28
2026-05-21 09:30:46,2026-05-22,4,羽毛球馆-14号,10:00-11:00,1,1,已售/已满,教学时间,多云,18,16,3,0.0,81,32
2026-05-21 09:40:36,2026-05-22,4,羽毛球馆-14号,10:00-11:00,1,1,已售/已满,教学时间,多云,19,17,3,0.0,79,32
2026-05-21 09:50:42,2026-05-22,4,羽毛球馆-14号,10:00-11:00,1,1,已售/已满,教学时间,多云,19,17,4,0.0,81,32
2026-05-21 10:00:46,2026-05-22,4,羽毛球馆-14号,10:00-11:00,1,1,已售/已满,教学时间,多云,19,17,4,0.0,79,32
2026-05-21 10:10:40,2026-05-22,4,羽毛球馆-14号,10:00-11:00,1,1,已售/已满,教学时间,多云,19,17,4,0.0,79,32
2026-05-21 10:20:38,2026-05-22,4,羽毛球馆-14号,10:00-11:00,1,1,已售/已满,教学时间,多云,19,17,4,0.0,79,32
2026-05-21 10:30:41,2026-05-22,4,羽毛球馆-14号,10:00-11:00,1,1,已售/已满,教学时间,多云,19,18,3,0.0,78,31
2026-05-21 11:00:44,2026-05-22,4,羽毛球馆-14号,10:00-11:00,1,1,已售/已满,教学时间,多云,21,17,5,0.0,74,31
2026-05-21 11:30:38,2026-05-22,4,羽毛球馆-14号,10:00-11:00,1,1,已售/已满,教学时间,多云,21,19,3,0.0,72,33
2026-05-21 12:00:46,2026-05-22,4,羽毛球馆-14号,10:00-11:00,1,1,已售/已满,教学时间,多云,22,19,4,0.0,70,33
2026-05-21 12:30:42,2026-05-22,4,羽毛球馆-14号,10:00-11:00,1,1,已售/已满,教学时间,多云,22,21,3,0.0,68,35
2026-05-21 13:00:43,2026-05-22,4,羽毛球馆-14号,10:00-11:00,1,1,已售/已满,教学时间,多云,24,22,4,0.0,66,35
2026-05-21 13:30:43,2026-05-22,4,羽毛球馆-14号,10:00-11:00,1,1,已售/已满,教学时间,多云,24,22,4,0.0,66,36
2026-05-21 14:00:48,2026-05-22,4,羽毛球馆-14号,10:00-11:00,1,1,已售/已满,教学时间,多云,25,23,4,0.0,66,36
2026-05-21 14:30:45,2026-05-22,4,羽毛球馆-14号,10:00-11:00,1,1,已售/已满,教学时间,晴,25,25,3,0.0,65,39
2026-05-21 15:00:45,2026-05-22,4,羽毛球馆-14号,10:00-11:00,1,1,已售/已满,教学时间,晴,25,22,4,0.0,56,39
2026-05-21 15:30:43,2026-05-22,4,羽毛球馆-14号,10:00-11:00,1,1,已售/已满,教学时间,晴,25,23,4,0.0,57,40
2026-05-21 16:00:51,2026-05-22,4,羽毛球馆-14号,10:00-11:00,1,1,已售/已满,教学时间,晴,25,23,4,0.0,57,40
2026-05-21 16:30:48,2026-05-22,4,羽毛球馆-14号,10:00-11:00,1,1,已售/已满,教学时间,晴,25,24,3,0.0,60,39
2026-05-21 17:00:49,2026-05-22,4,羽毛球馆-14号,10:00-11:00,1,1,已售/已满,教学时间,晴,25,24,4,0.0,61,39
2026-05-21 17:30:47,2026-05-22,4,羽毛球馆-14号,10:00-11:00,1,1,已售/已满,教学时间,多云,24,23,3,0.0,64,39
2026-05-21 18:00:50,2026-05-22,4,羽毛球馆-14号,10:00-11:00,1,1,已售/已满,教学时间,多云,24,23,3,0.0,68,39
2026-05-21 18:30:50,2026-05-22,4,羽毛球馆-14号,10:00-11:00,1,1,已售/已满,教学时间,阴,24,25,2,0.0,68,40
2026-05-21 19:00:50,2026-05-22,4,羽毛球馆-14号,10:00-11:00,1,1,已售/已满,教学时间,阴,23,23,3,0.0,76,40
2026-05-21 19:30:46,2026-05-22,4,羽毛球馆-14号,10:00-11:00,1,1,已售/已满,教学时间,阴,23,24,2,0.0,77,39
2026-05-21 20:00:49,2026-05-22,4,羽毛球馆-14号,10:00-11:00,1,1,已售/已满,教学时间,雾,22,23,2,0.0,89,39
2026-05-21 20:30:44,2026-05-22,4,羽毛球馆-14号,10:00-11:00,1,1,已售/已满,教学时间,雾,22,24,2,0.0,93,43
2026-05-21 21:00:56,2026-05-22,4,羽毛球馆-14号,10:00-11:00,1,1,已售/已满,教学时间,雾,20,21,2,0.0,98,43
2026-05-21 21:30:46,2026-05-22,4,羽毛球馆-14号,10:00-11:00,1,1,已售/已满,教学时间,雾,20,22,1,0.0,99,41
2026-05-21 22:01:02,2026-05-22,4,羽毛球馆-14号,10:00-11:00,1,1,已售/已满,教学时间,雾,19,20,2,0.0,93,41
2026-05-21 22:30:47,2026-05-22,4,羽毛球馆-14号,10:00-11:00,1,1,已售/已满,教学时间,雾,19,19,3,0.0,88,46
2026-05-21 23:00:56,2026-05-22,4,羽毛球馆-14号,10:00-11:00,1,1,已售/已满,教学时间,多云,18,17,3,0.0,85,46
2026-05-21 23:30:55,2026-05-22,4,羽毛球馆-14号,10:00-11:00,1,1,已售/已满,教学时间,多云,18,17,3,0.0,85,48
2026-05-21 08:00:45,2026-05-22,4,羽毛球馆-14号,11:00-12:00,1,1,已售/已满,教学时间,晴,17,12,5,0.0,86,29
2026-05-21 08:02:30,2026-05-22,4,羽毛球馆-14号,11:00-12:00,1,1,已售/已满,教学时间,多云,17,12,5,0.0,87,29
2026-05-21 08:05:36,2026-05-22,4,羽毛球馆-14号,11:00-12:00,1,1,已售/已满,教学时间,多云,17,12,5,0.0,86,29
2026-05-21 08:08:31,2026-05-22,4,羽毛球馆-14号,11:00-12:00,1,1,已售/已满,教学时间,多云,17,12,5,0.0,86,29
2026-05-21 08:11:30,2026-05-22,4,羽毛球馆-14号,11:00-12:00,1,1,已售/已满,教学时间,多云,17,12,5,0.0,86,29
2026-05-21 08:14:31,2026-05-22,4,羽毛球馆-14号,11:00-12:00,1,1,已售/已满,教学时间,多云,17,12,5,0.0,86,29
2026-05-21 08:17:30,2026-05-22,4,羽毛球馆-14号,11:00-12:00,1,1,已售/已满,教学时间,多云,17,12,5,0.0,86,29
2026-05-21 08:20:35,2026-05-22,4,羽毛球馆-14号,11:00-12:00,1,1,已售/已满,教学时间,多云,17,14,4,0.0,85,29
2026-05-21 08:25:32,2026-05-22,4,羽毛球馆-14号,11:00-12:00,1,1,已售/已满,教学时间,多云,17,14,4,0.0,85,28
2026-05-21 08:30:42,2026-05-22,4,羽毛球馆-14号,11:00-12:00,1,1,已售/已满,教学时间,多云,18,15,4,0.0,84,28
2026-05-21 08:35:31,2026-05-22,4,羽毛球馆-14号,11:00-12:00,1,1,已售/已满,教学时间,多云,18,15,4,0.0,84,28
2026-05-21 08:40:38,2026-05-22,4,羽毛球馆-14号,11:00-12:00,1,1,已售/已满,教学时间,多云,18,15,4,0.0,82,28
2026-05-21 08:45:33,2026-05-22,4,羽毛球馆-14号,11:00-12:00,1,1,已售/已满,教学时间,多云,18,15,4,0.0,82,28
2026-05-21 08:50:36,2026-05-22,4,羽毛球馆-14号,11:00-12:00,1,1,已售/已满,教学时间,多云,18,15,4,0.0,82,28
2026-05-21 08:55:34,2026-05-22,4,羽毛球馆-14号,11:00-12:00,1,1,已售/已满,教学时间,多云,18,15,4,0.0,84,28
2026-05-21 09:00:51,2026-05-22,4,羽毛球馆-14号,11:00-12:00,1,1,已售/已满,教学时间,多云,18,15,4,0.0,84,28
2026-05-21 09:01:59,2026-05-22,4,羽毛球馆-14号,11:00-12:00,1,1,已售/已满,教学时间,多云,18,15,4,0.0,83,28
2026-05-21 09:05:33,2026-05-22,4,羽毛球馆-14号,11:00-12:00,1,1,已售/已满,教学时间,多云,18,15,4,0.0,83,28
2026-05-21 09:20:38,2026-05-22,4,羽毛球馆-14号,11:00-12:00,1,1,已售/已满,教学时间,多云,18,16,3,0.0,81,28
2026-05-21 09:30:46,2026-05-22,4,羽毛球馆-14号,11:00-12:00,1,1,已售/已满,教学时间,多云,18,16,3,0.0,81,32
2026-05-21 09:40:36,2026-05-22,4,羽毛球馆-14号,11:00-12:00,1,1,已售/已满,教学时间,多云,19,17,3,0.0,79,32
2026-05-21 09:50:42,2026-05-22,4,羽毛球馆-14号,11:00-12:00,1,1,已售/已满,教学时间,多云,19,17,4,0.0,81,32
2026-05-21 10:00:46,2026-05-22,4,羽毛球馆-14号,11:00-12:00,1,1,已售/已满,教学时间,多云,19,17,4,0.0,79,32
2026-05-21 10:10:40,2026-05-22,4,羽毛球馆-14号,11:00-12:00,1,1,已售/已满,教学时间,多云,19,17,4,0.0,79,32
2026-05-21 10:20:38,2026-05-22,4,羽毛球馆-14号,11:00-12:00,1,1,已售/已满,教学时间,多云,19,17,4,0.0,79,32
2026-05-21 10:30:41,2026-05-22,4,羽毛球馆-14号,11:00-12:00,1,1,已售/已满,教学时间,多云,19,18,3,0.0,78,31
2026-05-21 11:00:44,2026-05-22,4,羽毛球馆-14号,11:00-12:00,1,1,已售/已满,教学时间,多云,21,17,5,0.0,74,31
2026-05-21 11:30:38,2026-05-22,4,羽毛球馆-14号,11:00-12:00,1,1,已售/已满,教学时间,多云,21,19,3,0.0,72,33
2026-05-21 12:00:46,2026-05-22,4,羽毛球馆-14号,11:00-12:00,1,1,已售/已满,教学时间,多云,22,19,4,0.0,70,33
2026-05-21 12:30:42,2026-05-22,4,羽毛球馆-14号,11:00-12:00,1,1,已售/已满,教学时间,多云,22,21,3,0.0,68,35
2026-05-21 13:00:43,2026-05-22,4,羽毛球馆-14号,11:00-12:00,1,1,已售/已满,教学时间,多云,24,22,4,0.0,66,35
2026-05-21 13:30:43,2026-05-22,4,羽毛球馆-14号,11:00-12:00,1,1,已售/已满,教学时间,多云,24,22,4,0.0,66,36
2026-05-21 14:00:48,2026-05-22,4,羽毛球馆-14号,11:00-12:00,1,1,已售/已满,教学时间,多云,25,23,4,0.0,66,36
2026-05-21 14:30:45,2026-05-22,4,羽毛球馆-14号,11:00-12:00,1,1,已售/已满,教学时间,晴,25,25,3,0.0,65,39
2026-05-21 15:00:45,2026-05-22,4,羽毛球馆-14号,11:00-12:00,1,1,已售/已满,教学时间,晴,25,22,4,0.0,56,39
2026-05-21 15:30:43,2026-05-22,4,羽毛球馆-14号,11:00-12:00,1,1,已售/已满,教学时间,晴,25,23,4,0.0,57,40
2026-05-21 16:00:51,2026-05-22,4,羽毛球馆-14号,11:00-12:00,1,1,已售/已满,教学时间,晴,25,23,4,0.0,57,40
2026-05-21 16:30:48,2026-05-22,4,羽毛球馆-14号,11:00-12:00,1,1,已售/已满,教学时间,晴,25,24,3,0.0,60,39
2026-05-21 17:00:49,2026-05-22,4,羽毛球馆-14号,11:00-12:00,1,1,已售/已满,教学时间,晴,25,24,4,0.0,61,39
2026-05-21 17:30:47,2026-05-22,4,羽毛球馆-14号,11:00-12:00,1,1,已售/已满,教学时间,多云,24,23,3,0.0,64,39
2026-05-21 18:00:50,2026-05-22,4,羽毛球馆-14号,11:00-12:00,1,1,已售/已满,教学时间,多云,24,23,3,0.0,68,39
2026-05-21 18:30:50,2026-05-22,4,羽毛球馆-14号,11:00-12:00,1,1,已售/已满,教学时间,阴,24,25,2,0.0,68,40
2026-05-21 19:00:50,2026-05-22,4,羽毛球馆-14号,11:00-12:00,1,1,已售/已满,教学时间,阴,23,23,3,0.0,76,40
2026-05-21 19:30:46,2026-05-22,4,羽毛球馆-14号,11:00-12:00,1,1,已售/已满,教学时间,阴,23,24,2,0.0,77,39
2026-05-21 20:00:49,2026-05-22,4,羽毛球馆-14号,11:00-12:00,1,1,已售/已满,教学时间,雾,22,23,2,0.0,89,39
2026-05-21 20:30:44,2026-05-22,4,羽毛球馆-14号,11:00-12:00,1,1,已售/已满,教学时间,雾,22,24,2,0.0,93,43
2026-05-21 21:00:56,2026-05-22,4,羽毛球馆-14号,11:00-12:00,1,1,已售/已满,教学时间,雾,20,21,2,0.0,98,43
2026-05-21 21:30:46,2026-05-22,4,羽毛球馆-14号,11:00-12:00,1,1,已售/已满,教学时间,雾,20,22,1,0.0,99,41
2026-05-21 22:01:02,2026-05-22,4,羽毛球馆-14号,11:00-12:00,1,1,已售/已满,教学时间,雾,19,20,2,0.0,93,41
2026-05-21 22:30:47,2026-05-22,4,羽毛球馆-14号,11:00-12:00,1,1,已售/已满,教学时间,雾,19,19,3,0.0,88,46
2026-05-21 23:00:56,2026-05-22,4,羽毛球馆-14号,11:00-12:00,1,1,已售/已满,教学时间,多云,18,17,3,0.0,85,46
2026-05-21 23:30:55,2026-05-22,4,羽毛球馆-14号,11:00-12:00,1,1,已售/已满,教学时间,多云,18,17,3,0.0,85,48
2026-05-21 08:00:45,2026-05-22,4,羽毛球馆-14号,12:00-12:55,0,1,可预约,￥0.0,晴,17,12,5,0.0,86,29
2026-05-21 08:02:30,2026-05-22,4,羽毛球馆-14号,12:00-12:55,0,1,可预约,￥0.0,多云,17,12,5,0.0,87,29
2026-05-21 08:05:36,2026-05-22,4,羽毛球馆-14号,12:00-12:55,0,1,可预约,￥0.0,多云,17,12,5,0.0,86,29
2026-05-21 08:08:31,2026-05-22,4,羽毛球馆-14号,12:00-12:55,0,1,可预约,￥0.0,多云,17,12,5,0.0,86,29
2026-05-21 08:11:30,2026-05-22,4,羽毛球馆-14号,12:00-12:55,1,1,已售/已满,已售,多云,17,12,5,0.0,86,29
2026-05-21 08:14:31,2026-05-22,4,羽毛球馆-14号,12:00-12:55,1,1,已售/已满,已售,多云,17,12,5,0.0,86,29
2026-05-21 08:17:30,2026-05-22,4,羽毛球馆-14号,12:00-12:55,1,1,已售/已满,已售,多云,17,12,5,0.0,86,29
2026-05-21 08:20:35,2026-05-22,4,羽毛球馆-14号,12:00-12:55,1,1,已售/已满,已售,多云,17,14,4,0.0,85,29
2026-05-21 08:25:32,2026-05-22,4,羽毛球馆-14号,12:00-12:55,1,1,已售/已满,已售,多云,17,14,4,0.0,85,28
2026-05-21 08:30:42,2026-05-22,4,羽毛球馆-14号,12:00-12:55,1,1,已售/已满,已售,多云,18,15,4,0.0,84,28
2026-05-21 08:35:31,2026-05-22,4,羽毛球馆-14号,12:00-12:55,1,1,已售/已满,已售,多云,18,15,4,0.0,84,28
2026-05-21 08:40:38,2026-05-22,4,羽毛球馆-14号,12:00-12:55,1,1,已售/已满,已售,多云,18,15,4,0.0,82,28
2026-05-21 08:45:33,2026-05-22,4,羽毛球馆-14号,12:00-12:55,1,1,已售/已满,已售,多云,18,15,4,0.0,82,28
2026-05-21 08:50:36,2026-05-22,4,羽毛球馆-14号,12:00-12:55,1,1,已售/已满,已售,多云,18,15,4,0.0,82,28
2026-05-21 08:55:34,2026-05-22,4,羽毛球馆-14号,12:00-12:55,1,1,已售/已满,已售,多云,18,15,4,0.0,84,28
2026-05-21 09:00:51,2026-05-22,4,羽毛球馆-14号,12:00-12:55,1,1,已售/已满,已售,多云,18,15,4,0.0,84,28
2026-05-21 09:01:59,2026-05-22,4,羽毛球馆-14号,12:00-12:55,1,1,已售/已满,已售,多云,18,15,4,0.0,83,28
2026-05-21 09:05:33,2026-05-22,4,羽毛球馆-14号,12:00-12:55,1,1,已售/已满,已售,多云,18,15,4,0.0,83,28
2026-05-21 09:20:38,2026-05-22,4,羽毛球馆-14号,12:00-12:55,1,1,已售/已满,已售,多云,18,16,3,0.0,81,28
2026-05-21 09:30:46,2026-05-22,4,羽毛球馆-14号,12:00-12:55,1,1,已售/已满,已售,多云,18,16,3,0.0,81,32
2026-05-21 09:40:36,2026-05-22,4,羽毛球馆-14号,12:00-12:55,1,1,已售/已满,已售,多云,19,17,3,0.0,79,32
2026-05-21 09:50:42,2026-05-22,4,羽毛球馆-14号,12:00-12:55,1,1,已售/已满,已售,多云,19,17,4,0.0,81,32
2026-05-21 10:00:46,2026-05-22,4,羽毛球馆-14号,12:00-12:55,1,1,已售/已满,已售,多云,19,17,4,0.0,79,32
2026-05-21 10:10:40,2026-05-22,4,羽毛球馆-14号,12:00-12:55,1,1,已售/已满,已售,多云,19,17,4,0.0,79,32
2026-05-21 10:20:38,2026-05-22,4,羽毛球馆-14号,12:00-12:55,1,1,已售/已满,已售,多云,19,17,4,0.0,79,32
2026-05-21 10:30:41,2026-05-22,4,羽毛球馆-14号,12:00-12:55,1,1,已售/已满,已售,多云,19,18,3,0.0,78,31
2026-05-21 11:00:44,2026-05-22,4,羽毛球馆-14号,12:00-12:55,1,1,已售/已满,已售,多云,21,17,5,0.0,74,31
2026-05-21 11:30:38,2026-05-22,4,羽毛球馆-14号,12:00-12:55,1,1,已售/已满,已售,多云,21,19,3,0.0,72,33
2026-05-21 12:00:46,2026-05-22,4,羽毛球馆-14号,12:00-12:55,1,1,已售/已满,已售,多云,22,19,4,0.0,70,33
2026-05-21 12:30:42,2026-05-22,4,羽毛球馆-14号,12:00-12:55,1,1,已售/已满,已售,多云,22,21,3,0.0,68,35
2026-05-21 13:00:43,2026-05-22,4,羽毛球馆-14号,12:00-12:55,1,1,已售/已满,已售,多云,24,22,4,0.0,66,35
2026-05-21 13:30:43,2026-05-22,4,羽毛球馆-14号,12:00-12:55,1,1,已售/已满,已售,多云,24,22,4,0.0,66,36
2026-05-21 14:00:48,2026-05-22,4,羽毛球馆-14号,12:00-12:55,1,1,已售/已满,已售,多云,25,23,4,0.0,66,36
2026-05-21 14:30:45,2026-05-22,4,羽毛球馆-14号,12:00-12:55,1,1,已售/已满,已售,晴,25,25,3,0.0,65,39
2026-05-21 15:00:45,2026-05-22,4,羽毛球馆-14号,12:00-12:55,1,1,已售/已满,已售,晴,25,22,4,0.0,56,39
2026-05-21 15:30:43,2026-05-22,4,羽毛球馆-14号,12:00-12:55,1,1,已售/已满,已售,晴,25,23,4,0.0,57,40
2026-05-21 16:00:51,2026-05-22,4,羽毛球馆-14号,12:00-12:55,1,1,已售/已满,已售,晴,25,23,4,0.0,57,40
2026-05-21 16:30:48,2026-05-22,4,羽毛球馆-14号,12:00-12:55,1,1,已售/已满,已售,晴,25,24,3,0.0,60,39
2026-05-21 17:00:49,2026-05-22,4,羽毛球馆-14号,12:00-12:55,1,1,已售/已满,已售,晴,25,24,4,0.0,61,39
2026-05-21 17:30:47,2026-05-22,4,羽毛球馆-14号,12:00-12:55,1,1,已售/已满,已售,多云,24,23,3,0.0,64,39
2026-05-21 18:00:50,2026-05-22,4,羽毛球馆-14号,12:00-12:55,1,1,已售/已满,已售,多云,24,23,3,0.0,68,39
2026-05-21 18:30:50,2026-05-22,4,羽毛球馆-14号,12:00-12:55,1,1,已售/已满,已售,阴,24,25,2,0.0,68,40
2026-05-21 19:00:50,2026-05-22,4,羽毛球馆-14号,12:00-12:55,1,1,已售/已满,已售,阴,23,23,3,0.0,76,40
2026-05-21 19:30:46,2026-05-22,4,羽毛球馆-14号,12:00-12:55,1,1,已售/已满,已售,阴,23,24,2,0.0,77,39
2026-05-21 20:00:49,2026-05-22,4,羽毛球馆-14号,12:00-12:55,1,1,已售/已满,已售,雾,22,23,2,0.0,89,39
2026-05-21 20:30:44,2026-05-22,4,羽毛球馆-14号,12:00-12:55,1,1,已售/已满,已售,雾,22,24,2,0.0,93,43
2026-05-21 21:00:56,2026-05-22,4,羽毛球馆-14号,12:00-12:55,1,1,已售/已满,已售,雾,20,21,2,0.0,98,43
2026-05-21 21:30:46,2026-05-22,4,羽毛球馆-14号,12:00-12:55,1,1,已售/已满,已售,雾,20,22,1,0.0,99,41
2026-05-21 22:01:02,2026-05-22,4,羽毛球馆-14号,12:00-12:55,1,1,已售/已满,已售,雾,19,20,2,0.0,93,41
2026-05-21 22:30:47,2026-05-22,4,羽毛球馆-14号,12:00-12:55,1,1,已售/已满,已售,雾,19,19,3,0.0,88,46
2026-05-21 23:00:56,2026-05-22,4,羽毛球馆-14号,12:00-12:55,1,1,已售/已满,已售,多云,18,17,3,0.0,85,46
2026-05-21 23:30:55,2026-05-22,4,羽毛球馆-14号,12:00-12:55,1,1,已售/已满,已售,多云,18,17,3,0.0,85,48
2026-05-21 08:00:45,2026-05-22,4,羽毛球馆-14号,12:55-13:50,0,1,可预约,￥0.0,晴,17,12,5,0.0,86,29
2026-05-21 08:02:30,2026-05-22,4,羽毛球馆-14号,12:55-13:50,0,1,可预约,￥0.0,多云,17,12,5,0.0,87,29
2026-05-21 08:05:36,2026-05-22,4,羽毛球馆-14号,12:55-13:50,0,1,可预约,￥0.0,多云,17,12,5,0.0,86,29
2026-05-21 08:08:31,2026-05-22,4,羽毛球馆-14号,12:55-13:50,0,1,可预约,￥0.0,多云,17,12,5,0.0,86,29
2026-05-21 08:11:30,2026-05-22,4,羽毛球馆-14号,12:55-13:50,1,1,已售/已满,已售,多云,17,12,5,0.0,86,29
2026-05-21 08:14:31,2026-05-22,4,羽毛球馆-14号,12:55-13:50,1,1,已售/已满,已售,多云,17,12,5,0.0,86,29
2026-05-21 08:17:30,2026-05-22,4,羽毛球馆-14号,12:55-13:50,1,1,已售/已满,已售,多云,17,12,5,0.0,86,29
2026-05-21 08:20:35,2026-05-22,4,羽毛球馆-14号,12:55-13:50,1,1,已售/已满,已售,多云,17,14,4,0.0,85,29
2026-05-21 08:25:32,2026-05-22,4,羽毛球馆-14号,12:55-13:50,1,1,已售/已满,已售,多云,17,14,4,0.0,85,28
2026-05-21 08:30:42,2026-05-22,4,羽毛球馆-14号,12:55-13:50,1,1,已售/已满,已售,多云,18,15,4,0.0,84,28
2026-05-21 08:35:31,2026-05-22,4,羽毛球馆-14号,12:55-13:50,1,1,已售/已满,已售,多云,18,15,4,0.0,84,28
2026-05-21 08:40:38,2026-05-22,4,羽毛球馆-14号,12:55-13:50,1,1,已售/已满,已售,多云,18,15,4,0.0,82,28
2026-05-21 08:45:33,2026-05-22,4,羽毛球馆-14号,12:55-13:50,1,1,已售/已满,已售,多云,18,15,4,0.0,82,28
2026-05-21 08:50:36,2026-05-22,4,羽毛球馆-14号,12:55-13:50,1,1,已售/已满,已售,多云,18,15,4,0.0,82,28
2026-05-21 08:55:34,2026-05-22,4,羽毛球馆-14号,12:55-13:50,1,1,已售/已满,已售,多云,18,15,4,0.0,84,28
2026-05-21 09:00:51,2026-05-22,4,羽毛球馆-14号,12:55-13:50,1,1,已售/已满,已售,多云,18,15,4,0.0,84,28
2026-05-21 09:01:59,2026-05-22,4,羽毛球馆-14号,12:55-13:50,1,1,已售/已满,已售,多云,18,15,4,0.0,83,28
2026-05-21 09:05:33,2026-05-22,4,羽毛球馆-14号,12:55-13:50,1,1,已售/已满,已售,多云,18,15,4,0.0,83,28
2026-05-21 09:20:38,2026-05-22,4,羽毛球馆-14号,12:55-13:50,1,1,已售/已满,已售,多云,18,16,3,0.0,81,28
2026-05-21 09:30:46,2026-05-22,4,羽毛球馆-14号,12:55-13:50,1,1,已售/已满,已售,多云,18,16,3,0.0,81,32
2026-05-21 09:40:36,2026-05-22,4,羽毛球馆-14号,12:55-13:50,1,1,已售/已满,已售,多云,19,17,3,0.0,79,32
2026-05-21 09:50:42,2026-05-22,4,羽毛球馆-14号,12:55-13:50,1,1,已售/已满,已售,多云,19,17,4,0.0,81,32
2026-05-21 10:00:46,2026-05-22,4,羽毛球馆-14号,12:55-13:50,1,1,已售/已满,已售,多云,19,17,4,0.0,79,32
2026-05-21 10:10:40,2026-05-22,4,羽毛球馆-14号,12:55-13:50,1,1,已售/已满,已售,多云,19,17,4,0.0,79,32
2026-05-21 10:20:38,2026-05-22,4,羽毛球馆-14号,12:55-13:50,1,1,已售/已满,已售,多云,19,17,4,0.0,79,32
2026-05-21 10:30:41,2026-05-22,4,羽毛球馆-14号,12:55-13:50,1,1,已售/已满,已售,多云,19,18,3,0.0,78,31
2026-05-21 11:00:44,2026-05-22,4,羽毛球馆-14号,12:55-13:50,1,1,已售/已满,已售,多云,21,17,5,0.0,74,31
2026-05-21 11:30:38,2026-05-22,4,羽毛球馆-14号,12:55-13:50,1,1,已售/已满,已售,多云,21,19,3,0.0,72,33
2026-05-21 12:00:46,2026-05-22,4,羽毛球馆-14号,12:55-13:50,1,1,已售/已满,已售,多云,22,19,4,0.0,70,33
2026-05-21 12:30:42,2026-05-22,4,羽毛球馆-14号,12:55-13:50,1,1,已售/已满,已售,多云,22,21,3,0.0,68,35
2026-05-21 13:00:43,2026-05-22,4,羽毛球馆-14号,12:55-13:50,1,1,已售/已满,已售,多云,24,22,4,0.0,66,35
2026-05-21 13:30:43,2026-05-22,4,羽毛球馆-14号,12:55-13:50,1,1,已售/已满,已售,多云,24,22,4,0.0,66,36
2026-05-21 14:00:48,2026-05-22,4,羽毛球馆-14号,12:55-13:50,1,1,已售/已满,已售,多云,25,23,4,0.0,66,36
2026-05-21 14:30:45,2026-05-22,4,羽毛球馆-14号,12:55-13:50,1,1,已售/已满,已售,晴,25,25,3,0.0,65,39
2026-05-21 15:00:45,2026-05-22,4,羽毛球馆-14号,12:55-13:50,1,1,已售/已满,已售,晴,25,22,4,0.0,56,39
2026-05-21 15:30:43,2026-05-22,4,羽毛球馆-14号,12:55-13:50,1,1,已售/已满,已售,晴,25,23,4,0.0,57,40
2026-05-21 16:00:51,2026-05-22,4,羽毛球馆-14号,12:55-13:50,1,1,已售/已满,已售,晴,25,23,4,0.0,57,40
2026-05-21 16:30:48,2026-05-22,4,羽毛球馆-14号,12:55-13:50,1,1,已售/已满,已售,晴,25,24,3,0.0,60,39
2026-05-21 17:00:49,2026-05-22,4,羽毛球馆-14号,12:55-13:50,1,1,已售/已满,已售,晴,25,24,4,0.0,61,39
2026-05-21 17:30:47,2026-05-22,4,羽毛球馆-14号,12:55-13:50,1,1,已售/已满,已售,多云,24,23,3,0.0,64,39
2026-05-21 18:00:50,2026-05-22,4,羽毛球馆-14号,12:55-13:50,1,1,已售/已满,已售,多云,24,23,3,0.0,68,39
2026-05-21 18:30:50,2026-05-22,4,羽毛球馆-14号,12:55-13:50,1,1,已售/已满,已售,阴,24,25,2,0.0,68,40
2026-05-21 19:00:50,2026-05-22,4,羽毛球馆-14号,12:55-13:50,1,1,已售/已满,已售,阴,23,23,3,0.0,76,40
2026-05-21 19:30:46,2026-05-22,4,羽毛球馆-14号,12:55-13:50,1,1,已售/已满,已售,阴,23,24,2,0.0,77,39
2026-05-21 20:00:49,2026-05-22,4,羽毛球馆-14号,12:55-13:50,1,1,已售/已满,已售,雾,22,23,2,0.0,89,39
2026-05-21 20:30:44,2026-05-22,4,羽毛球馆-14号,12:55-13:50,1,1,已售/已满,已售,雾,22,24,2,0.0,93,43
2026-05-21 21:00:56,2026-05-22,4,羽毛球馆-14号,12:55-13:50,1,1,已售/已满,已售,雾,20,21,2,0.0,98,43
2026-05-21 21:30:46,2026-05-22,4,羽毛球馆-14号,12:55-13:50,1,1,已售/已满,已售,雾,20,22,1,0.0,99,41
2026-05-21 22:01:02,2026-05-22,4,羽毛球馆-14号,12:55-13:50,1,1,已售/已满,已售,雾,19,20,2,0.0,93,41
2026-05-21 22:30:47,2026-05-22,4,羽毛球馆-14号,12:55-13:50,1,1,已售/已满,已售,雾,19,19,3,0.0,88,46
2026-05-21 23:00:56,2026-05-22,4,羽毛球馆-14号,12:55-13:50,1,1,已售/已满,已售,多云,18,17,3,0.0,85,46
2026-05-21 23:30:55,2026-05-22,4,羽毛球馆-14号,12:55-13:50,1,1,已售/已满,已售,多云,18,17,3,0.0,85,48
2026-05-21 08:00:45,2026-05-22,4,羽毛球馆-14号,14:00-15:00,1,1,已售/已满,教学时间,晴,17,12,5,0.0,86,29
2026-05-21 08:02:30,2026-05-22,4,羽毛球馆-14号,14:00-15:00,1,1,已售/已满,教学时间,多云,17,12,5,0.0,87,29
2026-05-21 08:05:36,2026-05-22,4,羽毛球馆-14号,14:00-15:00,1,1,已售/已满,教学时间,多云,17,12,5,0.0,86,29
2026-05-21 08:08:31,2026-05-22,4,羽毛球馆-14号,14:00-15:00,1,1,已售/已满,教学时间,多云,17,12,5,0.0,86,29
2026-05-21 08:11:30,2026-05-22,4,羽毛球馆-14号,14:00-15:00,1,1,已售/已满,教学时间,多云,17,12,5,0.0,86,29
2026-05-21 08:14:31,2026-05-22,4,羽毛球馆-14号,14:00-15:00,1,1,已售/已满,教学时间,多云,17,12,5,0.0,86,29
2026-05-21 08:17:30,2026-05-22,4,羽毛球馆-14号,14:00-15:00,1,1,已售/已满,教学时间,多云,17,12,5,0.0,86,29
2026-05-21 08:20:35,2026-05-22,4,羽毛球馆-14号,14:00-15:00,1,1,已售/已满,教学时间,多云,17,14,4,0.0,85,29
2026-05-21 08:25:32,2026-05-22,4,羽毛球馆-14号,14:00-15:00,1,1,已售/已满,教学时间,多云,17,14,4,0.0,85,28
2026-05-21 08:30:42,2026-05-22,4,羽毛球馆-14号,14:00-15:00,1,1,已售/已满,教学时间,多云,18,15,4,0.0,84,28
2026-05-21 08:35:31,2026-05-22,4,羽毛球馆-14号,14:00-15:00,1,1,已售/已满,教学时间,多云,18,15,4,0.0,84,28
2026-05-21 08:40:38,2026-05-22,4,羽毛球馆-14号,14:00-15:00,1,1,已售/已满,教学时间,多云,18,15,4,0.0,82,28
2026-05-21 08:45:33,2026-05-22,4,羽毛球馆-14号,14:00-15:00,1,1,已售/已满,教学时间,多云,18,15,4,0.0,82,28
2026-05-21 08:50:36,2026-05-22,4,羽毛球馆-14号,14:00-15:00,1,1,已售/已满,教学时间,多云,18,15,4,0.0,82,28
2026-05-21 08:55:34,2026-05-22,4,羽毛球馆-14号,14:00-15:00,1,1,已售/已满,教学时间,多云,18,15,4,0.0,84,28
2026-05-21 09:00:51,2026-05-22,4,羽毛球馆-14号,14:00-15:00,1,1,已售/已满,教学时间,多云,18,15,4,0.0,84,28
2026-05-21 09:01:59,2026-05-22,4,羽毛球馆-14号,14:00-15:00,1,1,已售/已满,教学时间,多云,18,15,4,0.0,83,28
2026-05-21 09:05:33,2026-05-22,4,羽毛球馆-14号,14:00-15:00,1,1,已售/已满,教学时间,多云,18,15,4,0.0,83,28
2026-05-21 09:20:38,2026-05-22,4,羽毛球馆-14号,14:00-15:00,1,1,已售/已满,教学时间,多云,18,16,3,0.0,81,28
2026-05-21 09:30:46,2026-05-22,4,羽毛球馆-14号,14:00-15:00,1,1,已售/已满,教学时间,多云,18,16,3,0.0,81,32
2026-05-21 09:40:36,2026-05-22,4,羽毛球馆-14号,14:00-15:00,1,1,已售/已满,教学时间,多云,19,17,3,0.0,79,32
2026-05-21 09:50:42,2026-05-22,4,羽毛球馆-14号,14:00-15:00,1,1,已售/已满,教学时间,多云,19,17,4,0.0,81,32
2026-05-21 10:00:46,2026-05-22,4,羽毛球馆-14号,14:00-15:00,1,1,已售/已满,教学时间,多云,19,17,4,0.0,79,32
2026-05-21 10:10:40,2026-05-22,4,羽毛球馆-14号,14:00-15:00,1,1,已售/已满,教学时间,多云,19,17,4,0.0,79,32
2026-05-21 10:20:38,2026-05-22,4,羽毛球馆-14号,14:00-15:00,1,1,已售/已满,教学时间,多云,19,17,4,0.0,79,32
2026-05-21 10:30:41,2026-05-22,4,羽毛球馆-14号,14:00-15:00,1,1,已售/已满,教学时间,多云,19,18,3,0.0,78,31
2026-05-21 11:00:44,2026-05-22,4,羽毛球馆-14号,14:00-15:00,1,1,已售/已满,教学时间,多云,21,17,5,0.0,74,31
2026-05-21 11:30:38,2026-05-22,4,羽毛球馆-14号,14:00-15:00,1,1,已售/已满,教学时间,多云,21,19,3,0.0,72,33
2026-05-21 12:00:46,2026-05-22,4,羽毛球馆-14号,14:00-15:00,1,1,已售/已满,教学时间,多云,22,19,4,0.0,70,33
2026-05-21 12:30:42,2026-05-22,4,羽毛球馆-14号,14:00-15:00,1,1,已售/已满,教学时间,多云,22,21,3,0.0,68,35
2026-05-21 13:00:43,2026-05-22,4,羽毛球馆-14号,14:00-15:00,1,1,已售/已满,教学时间,多云,24,22,4,0.0,66,35
2026-05-21 13:30:43,2026-05-22,4,羽毛球馆-14号,14:00-15:00,1,1,已售/已满,教学时间,多云,24,22,4,0.0,66,36
2026-05-21 14:00:48,2026-05-22,4,羽毛球馆-14号,14:00-15:00,1,1,已售/已满,教学时间,多云,25,23,4,0.0,66,36
2026-05-21 14:30:45,2026-05-22,4,羽毛球馆-14号,14:00-15:00,1,1,已售/已满,教学时间,晴,25,25,3,0.0,65,39
2026-05-21 15:00:45,2026-05-22,4,羽毛球馆-14号,14:00-15:00,1,1,已售/已满,教学时间,晴,25,22,4,0.0,56,39
2026-05-21 15:30:43,2026-05-22,4,羽毛球馆-14号,14:00-15:00,1,1,已售/已满,教学时间,晴,25,23,4,0.0,57,40
2026-05-21 16:00:51,2026-05-22,4,羽毛球馆-14号,14:00-15:00,1,1,已售/已满,教学时间,晴,25,23,4,0.0,57,40
2026-05-21 16:30:48,2026-05-22,4,羽毛球馆-14号,14:00-15:00,1,1,已售/已满,教学时间,晴,25,24,3,0.0,60,39
2026-05-21 17:00:49,2026-05-22,4,羽毛球馆-14号,14:00-15:00,1,1,已售/已满,教学时间,晴,25,24,4,0.0,61,39
2026-05-21 17:30:47,2026-05-22,4,羽毛球馆-14号,14:00-15:00,1,1,已售/已满,教学时间,多云,24,23,3,0.0,64,39
2026-05-21 18:00:50,2026-05-22,4,羽毛球馆-14号,14:00-15:00,1,1,已售/已满,教学时间,多云,24,23,3,0.0,68,39
2026-05-21 18:30:50,2026-05-22,4,羽毛球馆-14号,14:00-15:00,1,1,已售/已满,教学时间,阴,24,25,2,0.0,68,40
2026-05-21 19:00:50,2026-05-22,4,羽毛球馆-14号,14:00-15:00,1,1,已售/已满,教学时间,阴,23,23,3,0.0,76,40
2026-05-21 19:30:46,2026-05-22,4,羽毛球馆-14号,14:00-15:00,1,1,已售/已满,教学时间,阴,23,24,2,0.0,77,39
2026-05-21 20:00:49,2026-05-22,4,羽毛球馆-14号,14:00-15:00,1,1,已售/已满,教学时间,雾,22,23,2,0.0,89,39
2026-05-21 20:30:44,2026-05-22,4,羽毛球馆-14号,14:00-15:00,1,1,已售/已满,教学时间,雾,22,24,2,0.0,93,43
2026-05-21 21:00:56,2026-05-22,4,羽毛球馆-14号,14:00-15:00,1,1,已售/已满,教学时间,雾,20,21,2,0.0,98,43
2026-05-21 21:30:46,2026-05-22,4,羽毛球馆-14号,14:00-15:00,1,1,已售/已满,教学时间,雾,20,22,1,0.0,99,41
2026-05-21 22:01:02,2026-05-22,4,羽毛球馆-14号,14:00-15:00,1,1,已售/已满,教学时间,雾,19,20,2,0.0,93,41
2026-05-21 22:30:47,2026-05-22,4,羽毛球馆-14号,14:00-15:00,1,1,已售/已满,教学时间,雾,19,19,3,0.0,88,46
2026-05-21 23:00:56,2026-05-22,4,羽毛球馆-14号,14:00-15:00,1,1,已售/已满,教学时间,多云,18,17,3,0.0,85,46
2026-05-21 23:30:55,2026-05-22,4,羽毛球馆-14号,14:00-15:00,1,1,已售/已满,教学时间,多云,18,17,3,0.0,85,48
2026-05-21 08:00:45,2026-05-22,4,羽毛球馆-14号,15:00-16:00,1,1,已售/已满,教学时间,晴,17,12,5,0.0,86,29
2026-05-21 08:02:30,2026-05-22,4,羽毛球馆-14号,15:00-16:00,1,1,已售/已满,教学时间,多云,17,12,5,0.0,87,29
2026-05-21 08:05:36,2026-05-22,4,羽毛球馆-14号,15:00-16:00,1,1,已售/已满,教学时间,多云,17,12,5,0.0,86,29
2026-05-21 08:08:31,2026-05-22,4,羽毛球馆-14号,15:00-16:00,1,1,已售/已满,教学时间,多云,17,12,5,0.0,86,29
2026-05-21 08:11:30,2026-05-22,4,羽毛球馆-14号,15:00-16:00,1,1,已售/已满,教学时间,多云,17,12,5,0.0,86,29
2026-05-21 08:14:31,2026-05-22,4,羽毛球馆-14号,15:00-16:00,1,1,已售/已满,教学时间,多云,17,12,5,0.0,86,29
2026-05-21 08:17:30,2026-05-22,4,羽毛球馆-14号,15:00-16:00,1,1,已售/已满,教学时间,多云,17,12,5,0.0,86,29
2026-05-21 08:20:35,2026-05-22,4,羽毛球馆-14号,15:00-16:00,1,1,已售/已满,教学时间,多云,17,14,4,0.0,85,29
2026-05-21 08:25:32,2026-05-22,4,羽毛球馆-14号,15:00-16:00,1,1,已售/已满,教学时间,多云,17,14,4,0.0,85,28
2026-05-21 08:30:42,2026-05-22,4,羽毛球馆-14号,15:00-16:00,1,1,已售/已满,教学时间,多云,18,15,4,0.0,84,28
2026-05-21 08:35:31,2026-05-22,4,羽毛球馆-14号,15:00-16:00,1,1,已售/已满,教学时间,多云,18,15,4,0.0,84,28
2026-05-21 08:40:38,2026-05-22,4,羽毛球馆-14号,15:00-16:00,1,1,已售/已满,教学时间,多云,18,15,4,0.0,82,28
2026-05-21 08:45:33,2026-05-22,4,羽毛球馆-14号,15:00-16:00,1,1,已售/已满,教学时间,多云,18,15,4,0.0,82,28
2026-05-21 08:50:36,2026-05-22,4,羽毛球馆-14号,15:00-16:00,1,1,已售/已满,教学时间,多云,18,15,4,0.0,82,28
2026-05-21 08:55:34,2026-05-22,4,羽毛球馆-14号,15:00-16:00,1,1,已售/已满,教学时间,多云,18,15,4,0.0,84,28
2026-05-21 09:00:51,2026-05-22,4,羽毛球馆-14号,15:00-16:00,1,1,已售/已满,教学时间,多云,18,15,4,0.0,84,28
2026-05-21 09:01:59,2026-05-22,4,羽毛球馆-14号,15:00-16:00,1,1,已售/已满,教学时间,多云,18,15,4,0.0,83,28
2026-05-21 09:05:33,2026-05-22,4,羽毛球馆-14号,15:00-16:00,1,1,已售/已满,教学时间,多云,18,15,4,0.0,83,28
2026-05-21 09:20:38,2026-05-22,4,羽毛球馆-14号,15:00-16:00,1,1,已售/已满,教学时间,多云,18,16,3,0.0,81,28
2026-05-21 09:30:46,2026-05-22,4,羽毛球馆-14号,15:00-16:00,1,1,已售/已满,教学时间,多云,18,16,3,0.0,81,32
2026-05-21 09:40:36,2026-05-22,4,羽毛球馆-14号,15:00-16:00,1,1,已售/已满,教学时间,多云,19,17,3,0.0,79,32
2026-05-21 09:50:42,2026-05-22,4,羽毛球馆-14号,15:00-16:00,1,1,已售/已满,教学时间,多云,19,17,4,0.0,81,32
2026-05-21 10:00:46,2026-05-22,4,羽毛球馆-14号,15:00-16:00,1,1,已售/已满,教学时间,多云,19,17,4,0.0,79,32
2026-05-21 10:10:40,2026-05-22,4,羽毛球馆-14号,15:00-16:00,1,1,已售/已满,教学时间,多云,19,17,4,0.0,79,32
2026-05-21 10:20:38,2026-05-22,4,羽毛球馆-14号,15:00-16:00,1,1,已售/已满,教学时间,多云,19,17,4,0.0,79,32
2026-05-21 10:30:41,2026-05-22,4,羽毛球馆-14号,15:00-16:00,1,1,已售/已满,教学时间,多云,19,18,3,0.0,78,31
2026-05-21 11:00:44,2026-05-22,4,羽毛球馆-14号,15:00-16:00,1,1,已售/已满,教学时间,多云,21,17,5,0.0,74,31
2026-05-21 11:30:38,2026-05-22,4,羽毛球馆-14号,15:00-16:00,1,1,已售/已满,教学时间,多云,21,19,3,0.0,72,33
2026-05-21 12:00:46,2026-05-22,4,羽毛球馆-14号,15:00-16:00,1,1,已售/已满,教学时间,多云,22,19,4,0.0,70,33
2026-05-21 12:30:42,2026-05-22,4,羽毛球馆-14号,15:00-16:00,1,1,已售/已满,教学时间,多云,22,21,3,0.0,68,35
2026-05-21 13:00:43,2026-05-22,4,羽毛球馆-14号,15:00-16:00,1,1,已售/已满,教学时间,多云,24,22,4,0.0,66,35
2026-05-21 13:30:43,2026-05-22,4,羽毛球馆-14号,15:00-16:00,1,1,已售/已满,教学时间,多云,24,22,4,0.0,66,36
2026-05-21 14:00:48,2026-05-22,4,羽毛球馆-14号,15:00-16:00,1,1,已售/已满,教学时间,多云,25,23,4,0.0,66,36
2026-05-21 14:30:45,2026-05-22,4,羽毛球馆-14号,15:00-16:00,1,1,已售/已满,教学时间,晴,25,25,3,0.0,65,39
2026-05-21 15:00:45,2026-05-22,4,羽毛球馆-14号,15:00-16:00,1,1,已售/已满,教学时间,晴,25,22,4,0.0,56,39
2026-05-21 15:30:43,2026-05-22,4,羽毛球馆-14号,15:00-16:00,1,1,已售/已满,教学时间,晴,25,23,4,0.0,57,40
2026-05-21 16:00:51,2026-05-22,4,羽毛球馆-14号,15:00-16:00,1,1,已售/已满,教学时间,晴,25,23,4,0.0,57,40
2026-05-21 16:30:48,2026-05-22,4,羽毛球馆-14号,15:00-16:00,1,1,已售/已满,教学时间,晴,25,24,3,0.0,60,39
2026-05-21 17:00:49,2026-05-22,4,羽毛球馆-14号,15:00-16:00,1,1,已售/已满,教学时间,晴,25,24,4,0.0,61,39
2026-05-21 17:30:47,2026-05-22,4,羽毛球馆-14号,15:00-16:00,1,1,已售/已满,教学时间,多云,24,23,3,0.0,64,39
2026-05-21 18:00:50,2026-05-22,4,羽毛球馆-14号,15:00-16:00,1,1,已售/已满,教学时间,多云,24,23,3,0.0,68,39
2026-05-21 18:30:50,2026-05-22,4,羽毛球馆-14号,15:00-16:00,1,1,已售/已满,教学时间,阴,24,25,2,0.0,68,40
2026-05-21 19:00:50,2026-05-22,4,羽毛球馆-14号,15:00-16:00,1,1,已售/已满,教学时间,阴,23,23,3,0.0,76,40
2026-05-21 19:30:46,2026-05-22,4,羽毛球馆-14号,15:00-16:00,1,1,已售/已满,教学时间,阴,23,24,2,0.0,77,39
2026-05-21 20:00:49,2026-05-22,4,羽毛球馆-14号,15:00-16:00,1,1,已售/已满,教学时间,雾,22,23,2,0.0,89,39
2026-05-21 20:30:44,2026-05-22,4,羽毛球馆-14号,15:00-16:00,1,1,已售/已满,教学时间,雾,22,24,2,0.0,93,43
2026-05-21 21:00:56,2026-05-22,4,羽毛球馆-14号,15:00-16:00,1,1,已售/已满,教学时间,雾,20,21,2,0.0,98,43
2026-05-21 21:30:46,2026-05-22,4,羽毛球馆-14号,15:00-16:00,1,1,已售/已满,教学时间,雾,20,22,1,0.0,99,41
2026-05-21 22:01:02,2026-05-22,4,羽毛球馆-14号,15:00-16:00,1,1,已售/已满,教学时间,雾,19,20,2,0.0,93,41
2026-05-21 22:30:47,2026-05-22,4,羽毛球馆-14号,15:00-16:00,1,1,已售/已满,教学时间,雾,19,19,3,0.0,88,46
2026-05-21 23:00:56,2026-05-22,4,羽毛球馆-14号,15:00-16:00,1,1,已售/已满,教学时间,多云,18,17,3,0.0,85,46
2026-05-21 23:30:55,2026-05-22,4,羽毛球馆-14号,15:00-16:00,1,1,已售/已满,教学时间,多云,18,17,3,0.0,85,48
2026-05-21 08:00:45,2026-05-22,4,羽毛球馆-14号,16:00-17:00,0,1,可预约,￥12.0,晴,17,12,5,0.0,86,29
2026-05-21 08:02:30,2026-05-22,4,羽毛球馆-14号,16:00-17:00,0,1,可预约,￥12.0,多云,17,12,5,0.0,87,29
2026-05-21 08:05:36,2026-05-22,4,羽毛球馆-14号,16:00-17:00,0,1,可预约,￥12.0,多云,17,12,5,0.0,86,29
2026-05-21 08:08:31,2026-05-22,4,羽毛球馆-14号,16:00-17:00,0,1,可预约,￥12.0,多云,17,12,5,0.0,86,29
2026-05-21 08:11:30,2026-05-22,4,羽毛球馆-14号,16:00-17:00,0,1,可预约,￥12.0,多云,17,12,5,0.0,86,29
2026-05-21 08:14:31,2026-05-22,4,羽毛球馆-14号,16:00-17:00,0,1,可预约,￥12.0,多云,17,12,5,0.0,86,29
2026-05-21 08:17:30,2026-05-22,4,羽毛球馆-14号,16:00-17:00,0,1,可预约,￥12.0,多云,17,12,5,0.0,86,29
2026-05-21 08:20:35,2026-05-22,4,羽毛球馆-14号,16:00-17:00,0,1,可预约,￥12.0,多云,17,14,4,0.0,85,29
2026-05-21 08:25:32,2026-05-22,4,羽毛球馆-14号,16:00-17:00,0,1,可预约,￥12.0,多云,17,14,4,0.0,85,28
2026-05-21 08:30:42,2026-05-22,4,羽毛球馆-14号,16:00-17:00,0,1,可预约,￥12.0,多云,18,15,4,0.0,84,28
2026-05-21 08:35:31,2026-05-22,4,羽毛球馆-14号,16:00-17:00,0,1,可预约,￥12.0,多云,18,15,4,0.0,84,28
2026-05-21 08:40:38,2026-05-22,4,羽毛球馆-14号,16:00-17:00,0,1,可预约,￥12.0,多云,18,15,4,0.0,82,28
2026-05-21 08:45:33,2026-05-22,4,羽毛球馆-14号,16:00-17:00,0,1,可预约,￥12.0,多云,18,15,4,0.0,82,28
2026-05-21 08:50:36,2026-05-22,4,羽毛球馆-14号,16:00-17:00,0,1,可预约,￥12.0,多云,18,15,4,0.0,82,28
2026-05-21 08:55:34,2026-05-22,4,羽毛球馆-14号,16:00-17:00,0,1,可预约,￥12.0,多云,18,15,4,0.0,84,28
2026-05-21 09:00:51,2026-05-22,4,羽毛球馆-14号,16:00-17:00,0,1,可预约,￥12.0,多云,18,15,4,0.0,84,28
2026-05-21 09:01:59,2026-05-22,4,羽毛球馆-14号,16:00-17:00,0,1,可预约,￥12.0,多云,18,15,4,0.0,83,28
2026-05-21 09:05:33,2026-05-22,4,羽毛球馆-14号,16:00-17:00,0,1,可预约,￥12.0,多云,18,15,4,0.0,83,28
2026-05-21 09:20:38,2026-05-22,4,羽毛球馆-14号,16:00-17:00,0,1,可预约,￥12.0,多云,18,16,3,0.0,81,28
2026-05-21 09:30:46,2026-05-22,4,羽毛球馆-14号,16:00-17:00,0,1,可预约,￥12.0,多云,18,16,3,0.0,81,32
2026-05-21 09:40:36,2026-05-22,4,羽毛球馆-14号,16:00-17:00,0,1,可预约,￥12.0,多云,19,17,3,0.0,79,32
2026-05-21 09:50:42,2026-05-22,4,羽毛球馆-14号,16:00-17:00,0,1,可预约,￥12.0,多云,19,17,4,0.0,81,32
2026-05-21 10:00:46,2026-05-22,4,羽毛球馆-14号,16:00-17:00,0,1,可预约,￥12.0,多云,19,17,4,0.0,79,32
2026-05-21 10:10:40,2026-05-22,4,羽毛球馆-14号,16:00-17:00,0,1,可预约,￥12.0,多云,19,17,4,0.0,79,32
2026-05-21 10:20:38,2026-05-22,4,羽毛球馆-14号,16:00-17:00,1,1,已售/已满,已售,多云,19,17,4,0.0,79,32
2026-05-21 10:30:41,2026-05-22,4,羽毛球馆-14号,16:00-17:00,1,1,已售/已满,已售,多云,19,18,3,0.0,78,31
2026-05-21 11:00:44,2026-05-22,4,羽毛球馆-14号,16:00-17:00,1,1,已售/已满,已售,多云,21,17,5,0.0,74,31
2026-05-21 11:30:38,2026-05-22,4,羽毛球馆-14号,16:00-17:00,1,1,已售/已满,已售,多云,21,19,3,0.0,72,33
2026-05-21 12:00:46,2026-05-22,4,羽毛球馆-14号,16:00-17:00,1,1,已售/已满,已售,多云,22,19,4,0.0,70,33
2026-05-21 12:30:42,2026-05-22,4,羽毛球馆-14号,16:00-17:00,1,1,已售/已满,已售,多云,22,21,3,0.0,68,35
2026-05-21 13:00:43,2026-05-22,4,羽毛球馆-14号,16:00-17:00,1,1,已售/已满,已售,多云,24,22,4,0.0,66,35
2026-05-21 13:30:43,2026-05-22,4,羽毛球馆-14号,16:00-17:00,1,1,已售/已满,已售,多云,24,22,4,0.0,66,36
2026-05-21 14:00:48,2026-05-22,4,羽毛球馆-14号,16:00-17:00,1,1,已售/已满,已售,多云,25,23,4,0.0,66,36
2026-05-21 14:30:45,2026-05-22,4,羽毛球馆-14号,16:00-17:00,1,1,已售/已满,已售,晴,25,25,3,0.0,65,39
2026-05-21 15:00:45,2026-05-22,4,羽毛球馆-14号,16:00-17:00,1,1,已售/已满,已售,晴,25,22,4,0.0,56,39
2026-05-21 15:30:43,2026-05-22,4,羽毛球馆-14号,16:00-17:00,1,1,已售/已满,已售,晴,25,23,4,0.0,57,40
2026-05-21 16:00:51,2026-05-22,4,羽毛球馆-14号,16:00-17:00,1,1,已售/已满,已售,晴,25,23,4,0.0,57,40
2026-05-21 16:30:48,2026-05-22,4,羽毛球馆-14号,16:00-17:00,1,1,已售/已满,已售,晴,25,24,3,0.0,60,39
2026-05-21 17:00:49,2026-05-22,4,羽毛球馆-14号,16:00-17:00,1,1,已售/已满,已售,晴,25,24,4,0.0,61,39
2026-05-21 17:30:47,2026-05-22,4,羽毛球馆-14号,16:00-17:00,1,1,已售/已满,已售,多云,24,23,3,0.0,64,39
2026-05-21 18:00:50,2026-05-22,4,羽毛球馆-14号,16:00-17:00,1,1,已售/已满,已售,多云,24,23,3,0.0,68,39
2026-05-21 18:30:50,2026-05-22,4,羽毛球馆-14号,16:00-17:00,1,1,已售/已满,已售,阴,24,25,2,0.0,68,40
2026-05-21 19:00:50,2026-05-22,4,羽毛球馆-14号,16:00-17:00,1,1,已售/已满,已售,阴,23,23,3,0.0,76,40
2026-05-21 19:30:46,2026-05-22,4,羽毛球馆-14号,16:00-17:00,1,1,已售/已满,已售,阴,23,24,2,0.0,77,39
2026-05-21 20:00:49,2026-05-22,4,羽毛球馆-14号,16:00-17:00,1,1,已售/已满,已售,雾,22,23,2,0.0,89,39
2026-05-21 20:30:44,2026-05-22,4,羽毛球馆-14号,16:00-17:00,1,1,已售/已满,已售,雾,22,24,2,0.0,93,43
2026-05-21 21:00:56,2026-05-22,4,羽毛球馆-14号,16:00-17:00,1,1,已售/已满,已售,雾,20,21,2,0.0,98,43
2026-05-21 21:30:46,2026-05-22,4,羽毛球馆-14号,16:00-17:00,1,1,已售/已满,已售,雾,20,22,1,0.0,99,41
2026-05-21 22:01:02,2026-05-22,4,羽毛球馆-14号,16:00-17:00,1,1,已售/已满,已售,雾,19,20,2,0.0,93,41
2026-05-21 22:30:47,2026-05-22,4,羽毛球馆-14号,16:00-17:00,1,1,已售/已满,已售,雾,19,19,3,0.0,88,46
2026-05-21 23:00:56,2026-05-22,4,羽毛球馆-14号,16:00-17:00,1,1,已售/已满,已售,多云,18,17,3,0.0,85,46
2026-05-21 23:30:55,2026-05-22,4,羽毛球馆-14号,16:00-17:00,1,1,已售/已满,已售,多云,18,17,3,0.0,85,48
2026-05-21 08:00:45,2026-05-22,4,羽毛球馆-14号,17:00-18:00,0,1,可预约,￥12.0,晴,17,12,5,0.0,86,29
2026-05-21 08:02:30,2026-05-22,4,羽毛球馆-14号,17:00-18:00,0,1,可预约,￥12.0,多云,17,12,5,0.0,87,29
2026-05-21 08:05:36,2026-05-22,4,羽毛球馆-14号,17:00-18:00,0,1,可预约,￥12.0,多云,17,12,5,0.0,86,29
2026-05-21 08:08:31,2026-05-22,4,羽毛球馆-14号,17:00-18:00,0,1,可预约,￥12.0,多云,17,12,5,0.0,86,29
2026-05-21 08:11:30,2026-05-22,4,羽毛球馆-14号,17:00-18:00,0,1,可预约,￥12.0,多云,17,12,5,0.0,86,29
2026-05-21 08:14:31,2026-05-22,4,羽毛球馆-14号,17:00-18:00,0,1,可预约,￥12.0,多云,17,12,5,0.0,86,29
2026-05-21 08:17:30,2026-05-22,4,羽毛球馆-14号,17:00-18:00,0,1,可预约,￥12.0,多云,17,12,5,0.0,86,29
2026-05-21 08:20:35,2026-05-22,4,羽毛球馆-14号,17:00-18:00,0,1,可预约,￥12.0,多云,17,14,4,0.0,85,29
2026-05-21 08:25:32,2026-05-22,4,羽毛球馆-14号,17:00-18:00,0,1,可预约,￥12.0,多云,17,14,4,0.0,85,28
2026-05-21 08:30:42,2026-05-22,4,羽毛球馆-14号,17:00-18:00,0,1,可预约,￥12.0,多云,18,15,4,0.0,84,28
2026-05-21 08:35:31,2026-05-22,4,羽毛球馆-14号,17:00-18:00,0,1,可预约,￥12.0,多云,18,15,4,0.0,84,28
2026-05-21 08:40:38,2026-05-22,4,羽毛球馆-14号,17:00-18:00,0,1,可预约,￥12.0,多云,18,15,4,0.0,82,28
2026-05-21 08:45:33,2026-05-22,4,羽毛球馆-14号,17:00-18:00,0,1,可预约,￥12.0,多云,18,15,4,0.0,82,28
2026-05-21 08:50:36,2026-05-22,4,羽毛球馆-14号,17:00-18:00,0,1,可预约,￥12.0,多云,18,15,4,0.0,82,28
2026-05-21 08:55:34,2026-05-22,4,羽毛球馆-14号,17:00-18:00,0,1,可预约,￥12.0,多云,18,15,4,0.0,84,28
2026-05-21 09:00:51,2026-05-22,4,羽毛球馆-14号,17:00-18:00,0,1,可预约,￥12.0,多云,18,15,4,0.0,84,28
2026-05-21 09:01:59,2026-05-22,4,羽毛球馆-14号,17:00-18:00,0,1,可预约,￥12.0,多云,18,15,4,0.0,83,28
2026-05-21 09:05:33,2026-05-22,4,羽毛球馆-14号,17:00-18:00,0,1,可预约,￥12.0,多云,18,15,4,0.0,83,28
2026-05-21 09:20:38,2026-05-22,4,羽毛球馆-14号,17:00-18:00,0,1,可预约,￥12.0,多云,18,16,3,0.0,81,28
2026-05-21 09:30:46,2026-05-22,4,羽毛球馆-14号,17:00-18:00,0,1,可预约,￥12.0,多云,18,16,3,0.0,81,32
2026-05-21 09:40:36,2026-05-22,4,羽毛球馆-14号,17:00-18:00,0,1,可预约,￥12.0,多云,19,17,3,0.0,79,32
2026-05-21 09:50:42,2026-05-22,4,羽毛球馆-14号,17:00-18:00,0,1,可预约,￥12.0,多云,19,17,4,0.0,81,32
2026-05-21 10:00:46,2026-05-22,4,羽毛球馆-14号,17:00-18:00,0,1,可预约,￥12.0,多云,19,17,4,0.0,79,32
2026-05-21 10:10:40,2026-05-22,4,羽毛球馆-14号,17:00-18:00,0,1,可预约,￥12.0,多云,19,17,4,0.0,79,32
2026-05-21 10:20:38,2026-05-22,4,羽毛球馆-14号,17:00-18:00,1,1,已售/已满,已售,多云,19,17,4,0.0,79,32
2026-05-21 10:30:41,2026-05-22,4,羽毛球馆-14号,17:00-18:00,1,1,已售/已满,已售,多云,19,18,3,0.0,78,31
2026-05-21 11:00:44,2026-05-22,4,羽毛球馆-14号,17:00-18:00,1,1,已售/已满,已售,多云,21,17,5,0.0,74,31
2026-05-21 11:30:38,2026-05-22,4,羽毛球馆-14号,17:00-18:00,1,1,已售/已满,已售,多云,21,19,3,0.0,72,33
2026-05-21 12:00:46,2026-05-22,4,羽毛球馆-14号,17:00-18:00,1,1,已售/已满,已售,多云,22,19,4,0.0,70,33
2026-05-21 12:30:42,2026-05-22,4,羽毛球馆-14号,17:00-18:00,1,1,已售/已满,已售,多云,22,21,3,0.0,68,35
2026-05-21 13:00:43,2026-05-22,4,羽毛球馆-14号,17:00-18:00,1,1,已售/已满,已售,多云,24,22,4,0.0,66,35
2026-05-21 13:30:43,2026-05-22,4,羽毛球馆-14号,17:00-18:00,1,1,已售/已满,已售,多云,24,22,4,0.0,66,36
2026-05-21 14:00:48,2026-05-22,4,羽毛球馆-14号,17:00-18:00,1,1,已售/已满,已售,多云,25,23,4,0.0,66,36
2026-05-21 14:30:45,2026-05-22,4,羽毛球馆-14号,17:00-18:00,1,1,已售/已满,已售,晴,25,25,3,0.0,65,39
2026-05-21 15:00:45,2026-05-22,4,羽毛球馆-14号,17:00-18:00,1,1,已售/已满,已售,晴,25,22,4,0.0,56,39
2026-05-21 15:30:43,2026-05-22,4,羽毛球馆-14号,17:00-18:00,1,1,已售/已满,已售,晴,25,23,4,0.0,57,40
2026-05-21 16:00:51,2026-05-22,4,羽毛球馆-14号,17:00-18:00,1,1,已售/已满,已售,晴,25,23,4,0.0,57,40
2026-05-21 16:30:48,2026-05-22,4,羽毛球馆-14号,17:00-18:00,1,1,已售/已满,已售,晴,25,24,3,0.0,60,39
2026-05-21 17:00:49,2026-05-22,4,羽毛球馆-14号,17:00-18:00,1,1,已售/已满,已售,晴,25,24,4,0.0,61,39
2026-05-21 17:30:47,2026-05-22,4,羽毛球馆-14号,17:00-18:00,1,1,已售/已满,已售,多云,24,23,3,0.0,64,39
2026-05-21 18:00:50,2026-05-22,4,羽毛球馆-14号,17:00-18:00,1,1,已售/已满,已售,多云,24,23,3,0.0,68,39
2026-05-21 18:30:50,2026-05-22,4,羽毛球馆-14号,17:00-18:00,1,1,已售/已满,已售,阴,24,25,2,0.0,68,40
2026-05-21 19:00:50,2026-05-22,4,羽毛球馆-14号,17:00-18:00,1,1,已售/已满,已售,阴,23,23,3,0.0,76,40
2026-05-21 19:30:46,2026-05-22,4,羽毛球馆-14号,17:00-18:00,1,1,已售/已满,已售,阴,23,24,2,0.0,77,39
2026-05-21 20:00:49,2026-05-22,4,羽毛球馆-14号,17:00-18:00,1,1,已售/已满,已售,雾,22,23,2,0.0,89,39
2026-05-21 20:30:44,2026-05-22,4,羽毛球馆-14号,17:00-18:00,1,1,已售/已满,已售,雾,22,24,2,0.0,93,43
2026-05-21 21:00:56,2026-05-22,4,羽毛球馆-14号,17:00-18:00,1,1,已售/已满,已售,雾,20,21,2,0.0,98,43
2026-05-21 21:30:46,2026-05-22,4,羽毛球馆-14号,17:00-18:00,1,1,已售/已满,已售,雾,20,22,1,0.0,99,41
2026-05-21 22:01:02,2026-05-22,4,羽毛球馆-14号,17:00-18:00,1,1,已售/已满,已售,雾,19,20,2,0.0,93,41
2026-05-21 22:30:47,2026-05-22,4,羽毛球馆-14号,17:00-18:00,1,1,已售/已满,已售,雾,19,19,3,0.0,88,46
2026-05-21 23:00:56,2026-05-22,4,羽毛球馆-14号,17:00-18:00,1,1,已售/已满,已售,多云,18,17,3,0.0,85,46
2026-05-21 23:30:55,2026-05-22,4,羽毛球馆-14号,17:00-18:00,1,1,已售/已满,已售,多云,18,17,3,0.0,85,48
2026-05-21 08:00:45,2026-05-22,4,羽毛球馆-14号,18:30-19:30,0,1,可预约,￥12.0,晴,17,12,5,0.0,86,29
2026-05-21 08:02:30,2026-05-22,4,羽毛球馆-14号,18:30-19:30,0,1,可预约,￥12.0,多云,17,12,5,0.0,87,29
2026-05-21 08:05:36,2026-05-22,4,羽毛球馆-14号,18:30-19:30,0,1,可预约,￥12.0,多云,17,12,5,0.0,86,29
2026-05-21 08:08:31,2026-05-22,4,羽毛球馆-14号,18:30-19:30,0,1,可预约,￥12.0,多云,17,12,5,0.0,86,29
2026-05-21 08:11:30,2026-05-22,4,羽毛球馆-14号,18:30-19:30,0,1,可预约,￥12.0,多云,17,12,5,0.0,86,29
2026-05-21 08:14:31,2026-05-22,4,羽毛球馆-14号,18:30-19:30,0,1,可预约,￥12.0,多云,17,12,5,0.0,86,29
2026-05-21 08:17:30,2026-05-22,4,羽毛球馆-14号,18:30-19:30,0,1,可预约,￥12.0,多云,17,12,5,0.0,86,29
2026-05-21 08:20:35,2026-05-22,4,羽毛球馆-14号,18:30-19:30,0,1,可预约,￥12.0,多云,17,14,4,0.0,85,29
2026-05-21 08:25:32,2026-05-22,4,羽毛球馆-14号,18:30-19:30,0,1,可预约,￥12.0,多云,17,14,4,0.0,85,28
2026-05-21 08:30:42,2026-05-22,4,羽毛球馆-14号,18:30-19:30,0,1,可预约,￥12.0,多云,18,15,4,0.0,84,28
2026-05-21 08:35:31,2026-05-22,4,羽毛球馆-14号,18:30-19:30,0,1,可预约,￥12.0,多云,18,15,4,0.0,84,28
2026-05-21 08:40:38,2026-05-22,4,羽毛球馆-14号,18:30-19:30,1,1,未支付锁定,,多云,18,15,4,0.0,82,28
2026-05-21 08:45:33,2026-05-22,4,羽毛球馆-14号,18:30-19:30,1,1,已售/已满,已售,多云,18,15,4,0.0,82,28
2026-05-21 08:50:36,2026-05-22,4,羽毛球馆-14号,18:30-19:30,1,1,已售/已满,已售,多云,18,15,4,0.0,82,28
2026-05-21 08:55:34,2026-05-22,4,羽毛球馆-14号,18:30-19:30,1,1,已售/已满,已售,多云,18,15,4,0.0,84,28
2026-05-21 09:00:51,2026-05-22,4,羽毛球馆-14号,18:30-19:30,1,1,已售/已满,已售,多云,18,15,4,0.0,84,28
2026-05-21 09:01:59,2026-05-22,4,羽毛球馆-14号,18:30-19:30,1,1,已售/已满,已售,多云,18,15,4,0.0,83,28
2026-05-21 09:05:33,2026-05-22,4,羽毛球馆-14号,18:30-19:30,1,1,已售/已满,已售,多云,18,15,4,0.0,83,28
2026-05-21 09:20:38,2026-05-22,4,羽毛球馆-14号,18:30-19:30,1,1,已售/已满,已售,多云,18,16,3,0.0,81,28
2026-05-21 09:30:46,2026-05-22,4,羽毛球馆-14号,18:30-19:30,1,1,已售/已满,已售,多云,18,16,3,0.0,81,32
2026-05-21 09:40:36,2026-05-22,4,羽毛球馆-14号,18:30-19:30,1,1,已售/已满,已售,多云,19,17,3,0.0,79,32
2026-05-21 09:50:42,2026-05-22,4,羽毛球馆-14号,18:30-19:30,1,1,已售/已满,已售,多云,19,17,4,0.0,81,32
2026-05-21 10:00:46,2026-05-22,4,羽毛球馆-14号,18:30-19:30,1,1,已售/已满,已售,多云,19,17,4,0.0,79,32
2026-05-21 10:10:40,2026-05-22,4,羽毛球馆-14号,18:30-19:30,1,1,已售/已满,已售,多云,19,17,4,0.0,79,32
2026-05-21 10:20:38,2026-05-22,4,羽毛球馆-14号,18:30-19:30,1,1,已售/已满,已售,多云,19,17,4,0.0,79,32
2026-05-21 10:30:41,2026-05-22,4,羽毛球馆-14号,18:30-19:30,1,1,已售/已满,已售,多云,19,18,3,0.0,78,31
2026-05-21 11:00:44,2026-05-22,4,羽毛球馆-14号,18:30-19:30,1,1,已售/已满,已售,多云,21,17,5,0.0,74,31
2026-05-21 11:30:38,2026-05-22,4,羽毛球馆-14号,18:30-19:30,1,1,已售/已满,已售,多云,21,19,3,0.0,72,33
2026-05-21 12:00:46,2026-05-22,4,羽毛球馆-14号,18:30-19:30,1,1,已售/已满,已售,多云,22,19,4,0.0,70,33
2026-05-21 12:30:42,2026-05-22,4,羽毛球馆-14号,18:30-19:30,1,1,已售/已满,已售,多云,22,21,3,0.0,68,35
2026-05-21 13:00:43,2026-05-22,4,羽毛球馆-14号,18:30-19:30,1,1,已售/已满,已售,多云,24,22,4,0.0,66,35
2026-05-21 13:30:43,2026-05-22,4,羽毛球馆-14号,18:30-19:30,1,1,已售/已满,已售,多云,24,22,4,0.0,66,36
2026-05-21 14:00:48,2026-05-22,4,羽毛球馆-14号,18:30-19:30,1,1,已售/已满,已售,多云,25,23,4,0.0,66,36
2026-05-21 14:30:45,2026-05-22,4,羽毛球馆-14号,18:30-19:30,1,1,已售/已满,已售,晴,25,25,3,0.0,65,39
2026-05-21 15:00:45,2026-05-22,4,羽毛球馆-14号,18:30-19:30,1,1,已售/已满,已售,晴,25,22,4,0.0,56,39
2026-05-21 15:30:43,2026-05-22,4,羽毛球馆-14号,18:30-19:30,1,1,已售/已满,已售,晴,25,23,4,0.0,57,40
2026-05-21 16:00:51,2026-05-22,4,羽毛球馆-14号,18:30-19:30,1,1,已售/已满,已售,晴,25,23,4,0.0,57,40
2026-05-21 16:30:48,2026-05-22,4,羽毛球馆-14号,18:30-19:30,1,1,已售/已满,已售,晴,25,24,3,0.0,60,39
2026-05-21 17:00:49,2026-05-22,4,羽毛球馆-14号,18:30-19:30,1,1,已售/已满,已售,晴,25,24,4,0.0,61,39
2026-05-21 17:30:47,2026-05-22,4,羽毛球馆-14号,18:30-19:30,1,1,已售/已满,已售,多云,24,23,3,0.0,64,39
2026-05-21 18:00:50,2026-05-22,4,羽毛球馆-14号,18:30-19:30,1,1,已售/已满,已售,多云,24,23,3,0.0,68,39
2026-05-21 18:30:50,2026-05-22,4,羽毛球馆-14号,18:30-19:30,1,1,已售/已满,已售,阴,24,25,2,0.0,68,40
2026-05-21 19:00:50,2026-05-22,4,羽毛球馆-14号,18:30-19:30,1,1,已售/已满,已售,阴,23,23,3,0.0,76,40
2026-05-21 19:30:46,2026-05-22,4,羽毛球馆-14号,18:30-19:30,1,1,已售/已满,已售,阴,23,24,2,0.0,77,39
2026-05-21 20:00:49,2026-05-22,4,羽毛球馆-14号,18:30-19:30,1,1,已售/已满,已售,雾,22,23,2,0.0,89,39
2026-05-21 20:30:44,2026-05-22,4,羽毛球馆-14号,18:30-19:30,1,1,已售/已满,已售,雾,22,24,2,0.0,93,43
2026-05-21 21:00:56,2026-05-22,4,羽毛球馆-14号,18:30-19:30,1,1,已售/已满,已售,雾,20,21,2,0.0,98,43
2026-05-21 21:30:46,2026-05-22,4,羽毛球馆-14号,18:30-19:30,1,1,已售/已满,已售,雾,20,22,1,0.0,99,41
2026-05-21 22:01:02,2026-05-22,4,羽毛球馆-14号,18:30-19:30,1,1,已售/已满,已售,雾,19,20,2,0.0,93,41
2026-05-21 22:30:47,2026-05-22,4,羽毛球馆-14号,18:30-19:30,1,1,已售/已满,已售,雾,19,19,3,0.0,88,46
2026-05-21 23:00:56,2026-05-22,4,羽毛球馆-14号,18:30-19:30,1,1,已售/已满,已售,多云,18,17,3,0.0,85,46
2026-05-21 23:30:55,2026-05-22,4,羽毛球馆-14号,18:30-19:30,1,1,已售/已满,已售,多云,18,17,3,0.0,85,48
2026-05-21 08:00:45,2026-05-22,4,羽毛球馆-14号,19:30-20:30,1,1,未支付锁定,,晴,17,12,5,0.0,86,29
2026-05-21 08:02:30,2026-05-22,4,羽毛球馆-14号,19:30-20:30,1,1,已售/已满,已售,多云,17,12,5,0.0,87,29
2026-05-21 08:05:36,2026-05-22,4,羽毛球馆-14号,19:30-20:30,1,1,已售/已满,已售,多云,17,12,5,0.0,86,29
2026-05-21 08:08:31,2026-05-22,4,羽毛球馆-14号,19:30-20:30,1,1,已售/已满,已售,多云,17,12,5,0.0,86,29
2026-05-21 08:11:30,2026-05-22,4,羽毛球馆-14号,19:30-20:30,1,1,已售/已满,已售,多云,17,12,5,0.0,86,29
2026-05-21 08:14:31,2026-05-22,4,羽毛球馆-14号,19:30-20:30,1,1,已售/已满,已售,多云,17,12,5,0.0,86,29
2026-05-21 08:17:30,2026-05-22,4,羽毛球馆-14号,19:30-20:30,1,1,已售/已满,已售,多云,17,12,5,0.0,86,29
2026-05-21 08:20:35,2026-05-22,4,羽毛球馆-14号,19:30-20:30,1,1,已售/已满,已售,多云,17,14,4,0.0,85,29
2026-05-21 08:25:32,2026-05-22,4,羽毛球馆-14号,19:30-20:30,1,1,已售/已满,已售,多云,17,14,4,0.0,85,28
2026-05-21 08:30:42,2026-05-22,4,羽毛球馆-14号,19:30-20:30,1,1,已售/已满,已售,多云,18,15,4,0.0,84,28
2026-05-21 08:35:31,2026-05-22,4,羽毛球馆-14号,19:30-20:30,1,1,已售/已满,已售,多云,18,15,4,0.0,84,28
2026-05-21 08:40:38,2026-05-22,4,羽毛球馆-14号,19:30-20:30,1,1,已售/已满,已售,多云,18,15,4,0.0,82,28
2026-05-21 08:45:33,2026-05-22,4,羽毛球馆-14号,19:30-20:30,1,1,已售/已满,已售,多云,18,15,4,0.0,82,28
2026-05-21 08:50:36,2026-05-22,4,羽毛球馆-14号,19:30-20:30,1,1,已售/已满,已售,多云,18,15,4,0.0,82,28
2026-05-21 08:55:34,2026-05-22,4,羽毛球馆-14号,19:30-20:30,1,1,已售/已满,已售,多云,18,15,4,0.0,84,28
2026-05-21 09:00:51,2026-05-22,4,羽毛球馆-14号,19:30-20:30,1,1,已售/已满,已售,多云,18,15,4,0.0,84,28
2026-05-21 09:01:59,2026-05-22,4,羽毛球馆-14号,19:30-20:30,1,1,已售/已满,已售,多云,18,15,4,0.0,83,28
2026-05-21 09:05:33,2026-05-22,4,羽毛球馆-14号,19:30-20:30,1,1,已售/已满,已售,多云,18,15,4,0.0,83,28
2026-05-21 09:20:38,2026-05-22,4,羽毛球馆-14号,19:30-20:30,1,1,已售/已满,已售,多云,18,16,3,0.0,81,28
2026-05-21 09:30:46,2026-05-22,4,羽毛球馆-14号,19:30-20:30,1,1,已售/已满,已售,多云,18,16,3,0.0,81,32
2026-05-21 09:40:36,2026-05-22,4,羽毛球馆-14号,19:30-20:30,1,1,已售/已满,已售,多云,19,17,3,0.0,79,32
2026-05-21 09:50:42,2026-05-22,4,羽毛球馆-14号,19:30-20:30,1,1,已售/已满,已售,多云,19,17,4,0.0,81,32
2026-05-21 10:00:46,2026-05-22,4,羽毛球馆-14号,19:30-20:30,1,1,已售/已满,已售,多云,19,17,4,0.0,79,32
2026-05-21 10:10:40,2026-05-22,4,羽毛球馆-14号,19:30-20:30,1,1,已售/已满,已售,多云,19,17,4,0.0,79,32
2026-05-21 10:20:38,2026-05-22,4,羽毛球馆-14号,19:30-20:30,1,1,已售/已满,已售,多云,19,17,4,0.0,79,32
2026-05-21 10:30:41,2026-05-22,4,羽毛球馆-14号,19:30-20:30,1,1,已售/已满,已售,多云,19,18,3,0.0,78,31
2026-05-21 11:00:44,2026-05-22,4,羽毛球馆-14号,19:30-20:30,1,1,已售/已满,已售,多云,21,17,5,0.0,74,31
2026-05-21 11:30:38,2026-05-22,4,羽毛球馆-14号,19:30-20:30,1,1,已售/已满,已售,多云,21,19,3,0.0,72,33
2026-05-21 12:00:46,2026-05-22,4,羽毛球馆-14号,19:30-20:30,1,1,已售/已满,已售,多云,22,19,4,0.0,70,33
2026-05-21 12:30:42,2026-05-22,4,羽毛球馆-14号,19:30-20:30,1,1,已售/已满,已售,多云,22,21,3,0.0,68,35
2026-05-21 13:00:43,2026-05-22,4,羽毛球馆-14号,19:30-20:30,1,1,已售/已满,已售,多云,24,22,4,0.0,66,35
2026-05-21 13:30:43,2026-05-22,4,羽毛球馆-14号,19:30-20:30,1,1,已售/已满,已售,多云,24,22,4,0.0,66,36
2026-05-21 14:00:48,2026-05-22,4,羽毛球馆-14号,19:30-20:30,1,1,已售/已满,已售,多云,25,23,4,0.0,66,36
2026-05-21 14:30:45,2026-05-22,4,羽毛球馆-14号,19:30-20:30,1,1,已售/已满,已售,晴,25,25,3,0.0,65,39
2026-05-21 15:00:45,2026-05-22,4,羽毛球馆-14号,19:30-20:30,1,1,已售/已满,已售,晴,25,22,4,0.0,56,39
2026-05-21 15:30:43,2026-05-22,4,羽毛球馆-14号,19:30-20:30,1,1,已售/已满,已售,晴,25,23,4,0.0,57,40
2026-05-21 16:00:51,2026-05-22,4,羽毛球馆-14号,19:30-20:30,1,1,已售/已满,已售,晴,25,23,4,0.0,57,40
2026-05-21 16:30:48,2026-05-22,4,羽毛球馆-14号,19:30-20:30,1,1,已售/已满,已售,晴,25,24,3,0.0,60,39
2026-05-21 17:00:49,2026-05-22,4,羽毛球馆-14号,19:30-20:30,1,1,已售/已满,已售,晴,25,24,4,0.0,61,39
2026-05-21 17:30:47,2026-05-22,4,羽毛球馆-14号,19:30-20:30,1,1,已售/已满,已售,多云,24,23,3,0.0,64,39
2026-05-21 18:00:50,2026-05-22,4,羽毛球馆-14号,19:30-20:30,1,1,已售/已满,已售,多云,24,23,3,0.0,68,39
2026-05-21 18:30:50,2026-05-22,4,羽毛球馆-14号,19:30-20:30,1,1,已售/已满,已售,阴,24,25,2,0.0,68,40
2026-05-21 19:00:50,2026-05-22,4,羽毛球馆-14号,19:30-20:30,1,1,已售/已满,已售,阴,23,23,3,0.0,76,40
2026-05-21 19:30:46,2026-05-22,4,羽毛球馆-14号,19:30-20:30,1,1,已售/已满,已售,阴,23,24,2,0.0,77,39
2026-05-21 20:00:49,2026-05-22,4,羽毛球馆-14号,19:30-20:30,1,1,已售/已满,已售,雾,22,23,2,0.0,89,39
2026-05-21 20:30:44,2026-05-22,4,羽毛球馆-14号,19:30-20:30,1,1,已售/已满,已售,雾,22,24,2,0.0,93,43
2026-05-21 21:00:56,2026-05-22,4,羽毛球馆-14号,19:30-20:30,1,1,已售/已满,已售,雾,20,21,2,0.0,98,43
2026-05-21 21:30:46,2026-05-22,4,羽毛球馆-14号,19:30-20:30,1,1,已售/已满,已售,雾,20,22,1,0.0,99,41
2026-05-21 22:01:02,2026-05-22,4,羽毛球馆-14号,19:30-20:30,1,1,已售/已满,已售,雾,19,20,2,0.0,93,41
2026-05-21 22:30:47,2026-05-22,4,羽毛球馆-14号,19:30-20:30,1,1,已售/已满,已售,雾,19,19,3,0.0,88,46
2026-05-21 23:00:56,2026-05-22,4,羽毛球馆-14号,19:30-20:30,1,1,已售/已满,已售,多云,18,17,3,0.0,85,46
2026-05-21 23:30:55,2026-05-22,4,羽毛球馆-14号,19:30-20:30,1,1,已售/已满,已售,多云,18,17,3,0.0,85,48
2026-05-21 08:00:45,2026-05-22,4,羽毛球馆-14号,20:30-21:30,1,1,未支付锁定,,晴,17,12,5,0.0,86,29
2026-05-21 08:02:30,2026-05-22,4,羽毛球馆-14号,20:30-21:30,1,1,已售/已满,已售,多云,17,12,5,0.0,87,29
2026-05-21 08:05:36,2026-05-22,4,羽毛球馆-14号,20:30-21:30,1,1,已售/已满,已售,多云,17,12,5,0.0,86,29
2026-05-21 08:08:31,2026-05-22,4,羽毛球馆-14号,20:30-21:30,1,1,已售/已满,已售,多云,17,12,5,0.0,86,29
2026-05-21 08:11:30,2026-05-22,4,羽毛球馆-14号,20:30-21:30,1,1,已售/已满,已售,多云,17,12,5,0.0,86,29
2026-05-21 08:14:31,2026-05-22,4,羽毛球馆-14号,20:30-21:30,1,1,已售/已满,已售,多云,17,12,5,0.0,86,29
2026-05-21 08:17:30,2026-05-22,4,羽毛球馆-14号,20:30-21:30,1,1,已售/已满,已售,多云,17,12,5,0.0,86,29
2026-05-21 08:20:35,2026-05-22,4,羽毛球馆-14号,20:30-21:30,1,1,已售/已满,已售,多云,17,14,4,0.0,85,29
2026-05-21 08:25:32,2026-05-22,4,羽毛球馆-14号,20:30-21:30,1,1,已售/已满,已售,多云,17,14,4,0.0,85,28
2026-05-21 08:30:42,2026-05-22,4,羽毛球馆-14号,20:30-21:30,1,1,已售/已满,已售,多云,18,15,4,0.0,84,28
2026-05-21 08:35:31,2026-05-22,4,羽毛球馆-14号,20:30-21:30,1,1,已售/已满,已售,多云,18,15,4,0.0,84,28
2026-05-21 08:40:38,2026-05-22,4,羽毛球馆-14号,20:30-21:30,1,1,已售/已满,已售,多云,18,15,4,0.0,82,28
2026-05-21 08:45:33,2026-05-22,4,羽毛球馆-14号,20:30-21:30,1,1,已售/已满,已售,多云,18,15,4,0.0,82,28
2026-05-21 08:50:36,2026-05-22,4,羽毛球馆-14号,20:30-21:30,1,1,已售/已满,已售,多云,18,15,4,0.0,82,28
2026-05-21 08:55:34,2026-05-22,4,羽毛球馆-14号,20:30-21:30,1,1,已售/已满,已售,多云,18,15,4,0.0,84,28
2026-05-21 09:00:51,2026-05-22,4,羽毛球馆-14号,20:30-21:30,1,1,已售/已满,已售,多云,18,15,4,0.0,84,28
2026-05-21 09:01:59,2026-05-22,4,羽毛球馆-14号,20:30-21:30,1,1,已售/已满,已售,多云,18,15,4,0.0,83,28
2026-05-21 09:05:33,2026-05-22,4,羽毛球馆-14号,20:30-21:30,1,1,已售/已满,已售,多云,18,15,4,0.0,83,28
2026-05-21 09:20:38,2026-05-22,4,羽毛球馆-14号,20:30-21:30,1,1,已售/已满,已售,多云,18,16,3,0.0,81,28
2026-05-21 09:30:46,2026-05-22,4,羽毛球馆-14号,20:30-21:30,1,1,已售/已满,已售,多云,18,16,3,0.0,81,32
2026-05-21 09:40:36,2026-05-22,4,羽毛球馆-14号,20:30-21:30,1,1,已售/已满,已售,多云,19,17,3,0.0,79,32
2026-05-21 09:50:42,2026-05-22,4,羽毛球馆-14号,20:30-21:30,1,1,已售/已满,已售,多云,19,17,4,0.0,81,32
2026-05-21 10:00:46,2026-05-22,4,羽毛球馆-14号,20:30-21:30,1,1,已售/已满,已售,多云,19,17,4,0.0,79,32
2026-05-21 10:10:40,2026-05-22,4,羽毛球馆-14号,20:30-21:30,1,1,已售/已满,已售,多云,19,17,4,0.0,79,32
2026-05-21 10:20:38,2026-05-22,4,羽毛球馆-14号,20:30-21:30,1,1,已售/已满,已售,多云,19,17,4,0.0,79,32
2026-05-21 10:30:41,2026-05-22,4,羽毛球馆-14号,20:30-21:30,1,1,已售/已满,已售,多云,19,18,3,0.0,78,31
2026-05-21 11:00:44,2026-05-22,4,羽毛球馆-14号,20:30-21:30,1,1,已售/已满,已售,多云,21,17,5,0.0,74,31
2026-05-21 11:30:38,2026-05-22,4,羽毛球馆-14号,20:30-21:30,1,1,已售/已满,已售,多云,21,19,3,0.0,72,33
2026-05-21 12:00:46,2026-05-22,4,羽毛球馆-14号,20:30-21:30,1,1,已售/已满,已售,多云,22,19,4,0.0,70,33
2026-05-21 12:30:42,2026-05-22,4,羽毛球馆-14号,20:30-21:30,1,1,已售/已满,已售,多云,22,21,3,0.0,68,35
2026-05-21 13:00:43,2026-05-22,4,羽毛球馆-14号,20:30-21:30,1,1,已售/已满,已售,多云,24,22,4,0.0,66,35
2026-05-21 13:30:43,2026-05-22,4,羽毛球馆-14号,20:30-21:30,1,1,已售/已满,已售,多云,24,22,4,0.0,66,36
2026-05-21 14:00:48,2026-05-22,4,羽毛球馆-14号,20:30-21:30,1,1,已售/已满,已售,多云,25,23,4,0.0,66,36
2026-05-21 14:30:45,2026-05-22,4,羽毛球馆-14号,20:30-21:30,1,1,已售/已满,已售,晴,25,25,3,0.0,65,39
2026-05-21 15:00:45,2026-05-22,4,羽毛球馆-14号,20:30-21:30,1,1,已售/已满,已售,晴,25,22,4,0.0,56,39
2026-05-21 15:30:43,2026-05-22,4,羽毛球馆-14号,20:30-21:30,1,1,已售/已满,已售,晴,25,23,4,0.0,57,40
2026-05-21 16:00:51,2026-05-22,4,羽毛球馆-14号,20:30-21:30,1,1,已售/已满,已售,晴,25,23,4,0.0,57,40
2026-05-21 16:30:48,2026-05-22,4,羽毛球馆-14号,20:30-21:30,1,1,已售/已满,已售,晴,25,24,3,0.0,60,39
2026-05-21 17:00:49,2026-05-22,4,羽毛球馆-14号,20:30-21:30,1,1,已售/已满,已售,晴,25,24,4,0.0,61,39
2026-05-21 17:30:47,2026-05-22,4,羽毛球馆-14号,20:30-21:30,1,1,已售/已满,已售,多云,24,23,3,0.0,64,39
2026-05-21 18:00:50,2026-05-22,4,羽毛球馆-14号,20:30-21:30,1,1,已售/已满,已售,多云,24,23,3,0.0,68,39
2026-05-21 18:30:50,2026-05-22,4,羽毛球馆-14号,20:30-21:30,1,1,已售/已满,已售,阴,24,25,2,0.0,68,40
2026-05-21 19:00:50,2026-05-22,4,羽毛球馆-14号,20:30-21:30,1,1,已售/已满,已售,阴,23,23,3,0.0,76,40
2026-05-21 19:30:46,2026-05-22,4,羽毛球馆-14号,20:30-21:30,1,1,已售/已满,已售,阴,23,24,2,0.0,77,39
2026-05-21 20:00:49,2026-05-22,4,羽毛球馆-14号,20:30-21:30,1,1,已售/已满,已售,雾,22,23,2,0.0,89,39
2026-05-21 20:30:44,2026-05-22,4,羽毛球馆-14号,20:30-21:30,1,1,已售/已满,已售,雾,22,24,2,0.0,93,43
2026-05-21 21:00:56,2026-05-22,4,羽毛球馆-14号,20:30-21:30,1,1,已售/已满,已售,雾,20,21,2,0.0,98,43
2026-05-21 21:30:46,2026-05-22,4,羽毛球馆-14号,20:30-21:30,1,1,已售/已满,已售,雾,20,22,1,0.0,99,41
2026-05-21 22:01:02,2026-05-22,4,羽毛球馆-14号,20:30-21:30,1,1,已售/已满,已售,雾,19,20,2,0.0,93,41
2026-05-21 22:30:47,2026-05-22,4,羽毛球馆-14号,20:30-21:30,1,1,已售/已满,已售,雾,19,19,3,0.0,88,46
2026-05-21 23:00:56,2026-05-22,4,羽毛球馆-14号,20:30-21:30,1,1,已售/已满,已售,多云,18,17,3,0.0,85,46
2026-05-21 23:30:55,2026-05-22,4,羽毛球馆-14号,20:30-21:30,1,1,已售/已满,已售,多云,18,17,3,0.0,85,48
2026-05-21 08:00:45,2026-05-22,4,羽毛球馆-15号,07:00-08:00,0,1,可预约,￥0.0,晴,17,12,5,0.0,86,29
2026-05-21 08:02:30,2026-05-22,4,羽毛球馆-15号,07:00-08:00,0,1,可预约,￥0.0,多云,17,12,5,0.0,87,29
2026-05-21 08:05:36,2026-05-22,4,羽毛球馆-15号,07:00-08:00,0,1,可预约,￥0.0,多云,17,12,5,0.0,86,29
2026-05-21 08:08:31,2026-05-22,4,羽毛球馆-15号,07:00-08:00,0,1,可预约,￥0.0,多云,17,12,5,0.0,86,29
2026-05-21 08:11:30,2026-05-22,4,羽毛球馆-15号,07:00-08:00,0,1,可预约,￥0.0,多云,17,12,5,0.0,86,29
2026-05-21 08:14:31,2026-05-22,4,羽毛球馆-15号,07:00-08:00,0,1,可预约,￥0.0,多云,17,12,5,0.0,86,29
2026-05-21 08:17:30,2026-05-22,4,羽毛球馆-15号,07:00-08:00,0,1,可预约,￥0.0,多云,17,12,5,0.0,86,29
2026-05-21 08:20:35,2026-05-22,4,羽毛球馆-15号,07:00-08:00,0,1,可预约,￥0.0,多云,17,14,4,0.0,85,29
2026-05-21 08:25:32,2026-05-22,4,羽毛球馆-15号,07:00-08:00,0,1,可预约,￥0.0,多云,17,14,4,0.0,85,28
2026-05-21 08:30:42,2026-05-22,4,羽毛球馆-15号,07:00-08:00,0,1,可预约,￥0.0,多云,18,15,4,0.0,84,28
2026-05-21 08:35:31,2026-05-22,4,羽毛球馆-15号,07:00-08:00,0,1,可预约,￥0.0,多云,18,15,4,0.0,84,28
2026-05-21 08:40:38,2026-05-22,4,羽毛球馆-15号,07:00-08:00,0,1,可预约,￥0.0,多云,18,15,4,0.0,82,28
2026-05-21 08:45:33,2026-05-22,4,羽毛球馆-15号,07:00-08:00,0,1,可预约,￥0.0,多云,18,15,4,0.0,82,28
2026-05-21 08:50:36,2026-05-22,4,羽毛球馆-15号,07:00-08:00,0,1,可预约,￥0.0,多云,18,15,4,0.0,82,28
2026-05-21 08:55:34,2026-05-22,4,羽毛球馆-15号,07:00-08:00,0,1,可预约,￥0.0,多云,18,15,4,0.0,84,28
2026-05-21 09:00:51,2026-05-22,4,羽毛球馆-15号,07:00-08:00,0,1,可预约,￥0.0,多云,18,15,4,0.0,84,28
2026-05-21 09:01:59,2026-05-22,4,羽毛球馆-15号,07:00-08:00,0,1,可预约,￥0.0,多云,18,15,4,0.0,83,28
2026-05-21 09:05:33,2026-05-22,4,羽毛球馆-15号,07:00-08:00,0,1,可预约,￥0.0,多云,18,15,4,0.0,83,28
2026-05-21 09:20:38,2026-05-22,4,羽毛球馆-15号,07:00-08:00,0,1,可预约,￥0.0,多云,18,16,3,0.0,81,28
2026-05-21 09:30:46,2026-05-22,4,羽毛球馆-15号,07:00-08:00,0,1,可预约,￥0.0,多云,18,16,3,0.0,81,32
2026-05-21 09:40:36,2026-05-22,4,羽毛球馆-15号,07:00-08:00,0,1,可预约,￥0.0,多云,19,17,3,0.0,79,32
2026-05-21 09:50:42,2026-05-22,4,羽毛球馆-15号,07:00-08:00,0,1,可预约,￥0.0,多云,19,17,4,0.0,81,32
2026-05-21 10:00:46,2026-05-22,4,羽毛球馆-15号,07:00-08:00,0,1,可预约,￥0.0,多云,19,17,4,0.0,79,32
2026-05-21 10:10:40,2026-05-22,4,羽毛球馆-15号,07:00-08:00,0,1,可预约,￥0.0,多云,19,17,4,0.0,79,32
2026-05-21 10:20:38,2026-05-22,4,羽毛球馆-15号,07:00-08:00,0,1,可预约,￥0.0,多云,19,17,4,0.0,79,32
2026-05-21 10:30:41,2026-05-22,4,羽毛球馆-15号,07:00-08:00,0,1,可预约,￥0.0,多云,19,18,3,0.0,78,31
2026-05-21 11:00:44,2026-05-22,4,羽毛球馆-15号,07:00-08:00,0,1,可预约,￥0.0,多云,21,17,5,0.0,74,31
2026-05-21 11:30:38,2026-05-22,4,羽毛球馆-15号,07:00-08:00,0,1,可预约,￥0.0,多云,21,19,3,0.0,72,33
2026-05-21 12:00:46,2026-05-22,4,羽毛球馆-15号,07:00-08:00,0,1,可预约,￥0.0,多云,22,19,4,0.0,70,33
2026-05-21 12:30:42,2026-05-22,4,羽毛球馆-15号,07:00-08:00,0,1,可预约,￥0.0,多云,22,21,3,0.0,68,35
2026-05-21 13:00:43,2026-05-22,4,羽毛球馆-15号,07:00-08:00,0,1,可预约,￥0.0,多云,24,22,4,0.0,66,35
2026-05-21 13:30:43,2026-05-22,4,羽毛球馆-15号,07:00-08:00,0,1,可预约,￥0.0,多云,24,22,4,0.0,66,36
2026-05-21 14:00:48,2026-05-22,4,羽毛球馆-15号,07:00-08:00,0,1,可预约,￥0.0,多云,25,23,4,0.0,66,36
2026-05-21 14:30:45,2026-05-22,4,羽毛球馆-15号,07:00-08:00,0,1,可预约,￥0.0,晴,25,25,3,0.0,65,39
2026-05-21 15:00:45,2026-05-22,4,羽毛球馆-15号,07:00-08:00,0,1,可预约,￥0.0,晴,25,22,4,0.0,56,39
2026-05-21 15:30:43,2026-05-22,4,羽毛球馆-15号,07:00-08:00,0,1,可预约,￥0.0,晴,25,23,4,0.0,57,40
2026-05-21 16:00:51,2026-05-22,4,羽毛球馆-15号,07:00-08:00,0,1,可预约,￥0.0,晴,25,23,4,0.0,57,40
2026-05-21 16:30:48,2026-05-22,4,羽毛球馆-15号,07:00-08:00,0,1,可预约,￥0.0,晴,25,24,3,0.0,60,39
2026-05-21 17:00:49,2026-05-22,4,羽毛球馆-15号,07:00-08:00,0,1,可预约,￥0.0,晴,25,24,4,0.0,61,39
2026-05-21 17:30:47,2026-05-22,4,羽毛球馆-15号,07:00-08:00,0,1,可预约,￥0.0,多云,24,23,3,0.0,64,39
2026-05-21 18:00:50,2026-05-22,4,羽毛球馆-15号,07:00-08:00,0,1,可预约,￥0.0,多云,24,23,3,0.0,68,39
2026-05-21 18:30:50,2026-05-22,4,羽毛球馆-15号,07:00-08:00,0,1,可预约,￥0.0,阴,24,25,2,0.0,68,40
2026-05-21 19:00:50,2026-05-22,4,羽毛球馆-15号,07:00-08:00,0,1,可预约,￥0.0,阴,23,23,3,0.0,76,40
2026-05-21 19:30:46,2026-05-22,4,羽毛球馆-15号,07:00-08:00,0,1,可预约,￥0.0,阴,23,24,2,0.0,77,39
2026-05-21 20:00:49,2026-05-22,4,羽毛球馆-15号,07:00-08:00,0,1,可预约,￥0.0,雾,22,23,2,0.0,89,39
2026-05-21 20:30:44,2026-05-22,4,羽毛球馆-15号,07:00-08:00,0,1,可预约,￥0.0,雾,22,24,2,0.0,93,43
2026-05-21 21:00:56,2026-05-22,4,羽毛球馆-15号,07:00-08:00,0,1,可预约,￥0.0,雾,20,21,2,0.0,98,43
2026-05-21 21:30:46,2026-05-22,4,羽毛球馆-15号,07:00-08:00,0,1,可预约,￥0.0,雾,20,22,1,0.0,99,41
2026-05-21 22:01:02,2026-05-22,4,羽毛球馆-15号,07:00-08:00,0,1,可预约,￥0.0,雾,19,20,2,0.0,93,41
2026-05-21 22:30:47,2026-05-22,4,羽毛球馆-15号,07:00-08:00,0,1,可预约,￥0.0,雾,19,19,3,0.0,88,46
2026-05-21 23:00:56,2026-05-22,4,羽毛球馆-15号,07:00-08:00,0,1,可预约,￥0.0,多云,18,17,3,0.0,85,46
2026-05-21 23:30:55,2026-05-22,4,羽毛球馆-15号,07:00-08:00,0,1,可预约,￥0.0,多云,18,17,3,0.0,85,48
2026-05-21 08:00:45,2026-05-22,4,羽毛球馆-15号,08:00-09:00,0,1,可预约,￥0.0,晴,17,12,5,0.0,86,29
2026-05-21 08:02:30,2026-05-22,4,羽毛球馆-15号,08:00-09:00,0,1,可预约,￥0.0,多云,17,12,5,0.0,87,29
2026-05-21 08:05:36,2026-05-22,4,羽毛球馆-15号,08:00-09:00,0,1,可预约,￥0.0,多云,17,12,5,0.0,86,29
2026-05-21 08:08:31,2026-05-22,4,羽毛球馆-15号,08:00-09:00,0,1,可预约,￥0.0,多云,17,12,5,0.0,86,29
2026-05-21 08:11:30,2026-05-22,4,羽毛球馆-15号,08:00-09:00,0,1,可预约,￥0.0,多云,17,12,5,0.0,86,29
2026-05-21 08:14:31,2026-05-22,4,羽毛球馆-15号,08:00-09:00,0,1,可预约,￥0.0,多云,17,12,5,0.0,86,29
2026-05-21 08:17:30,2026-05-22,4,羽毛球馆-15号,08:00-09:00,0,1,可预约,￥0.0,多云,17,12,5,0.0,86,29
2026-05-21 08:20:35,2026-05-22,4,羽毛球馆-15号,08:00-09:00,0,1,可预约,￥0.0,多云,17,14,4,0.0,85,29
2026-05-21 08:25:32,2026-05-22,4,羽毛球馆-15号,08:00-09:00,0,1,可预约,￥0.0,多云,17,14,4,0.0,85,28
2026-05-21 08:30:42,2026-05-22,4,羽毛球馆-15号,08:00-09:00,0,1,可预约,￥0.0,多云,18,15,4,0.0,84,28
2026-05-21 08:35:31,2026-05-22,4,羽毛球馆-15号,08:00-09:00,0,1,可预约,￥0.0,多云,18,15,4,0.0,84,28
2026-05-21 08:40:38,2026-05-22,4,羽毛球馆-15号,08:00-09:00,0,1,可预约,￥0.0,多云,18,15,4,0.0,82,28
2026-05-21 08:45:33,2026-05-22,4,羽毛球馆-15号,08:00-09:00,0,1,可预约,￥0.0,多云,18,15,4,0.0,82,28
2026-05-21 08:50:36,2026-05-22,4,羽毛球馆-15号,08:00-09:00,0,1,可预约,￥0.0,多云,18,15,4,0.0,82,28
2026-05-21 08:55:34,2026-05-22,4,羽毛球馆-15号,08:00-09:00,0,1,可预约,￥0.0,多云,18,15,4,0.0,84,28
2026-05-21 09:00:51,2026-05-22,4,羽毛球馆-15号,08:00-09:00,0,1,可预约,￥0.0,多云,18,15,4,0.0,84,28
2026-05-21 09:01:59,2026-05-22,4,羽毛球馆-15号,08:00-09:00,0,1,可预约,￥0.0,多云,18,15,4,0.0,83,28
2026-05-21 09:05:33,2026-05-22,4,羽毛球馆-15号,08:00-09:00,0,1,可预约,￥0.0,多云,18,15,4,0.0,83,28
2026-05-21 09:20:38,2026-05-22,4,羽毛球馆-15号,08:00-09:00,0,1,可预约,￥0.0,多云,18,16,3,0.0,81,28
2026-05-21 09:30:46,2026-05-22,4,羽毛球馆-15号,08:00-09:00,0,1,可预约,￥0.0,多云,18,16,3,0.0,81,32
2026-05-21 09:40:36,2026-05-22,4,羽毛球馆-15号,08:00-09:00,0,1,可预约,￥0.0,多云,19,17,3,0.0,79,32
2026-05-21 09:50:42,2026-05-22,4,羽毛球馆-15号,08:00-09:00,0,1,可预约,￥0.0,多云,19,17,4,0.0,81,32
2026-05-21 10:00:46,2026-05-22,4,羽毛球馆-15号,08:00-09:00,0,1,可预约,￥0.0,多云,19,17,4,0.0,79,32
2026-05-21 10:10:40,2026-05-22,4,羽毛球馆-15号,08:00-09:00,0,1,可预约,￥0.0,多云,19,17,4,0.0,79,32
2026-05-21 10:20:38,2026-05-22,4,羽毛球馆-15号,08:00-09:00,0,1,可预约,￥0.0,多云,19,17,4,0.0,79,32
2026-05-21 10:30:41,2026-05-22,4,羽毛球馆-15号,08:00-09:00,0,1,可预约,￥0.0,多云,19,18,3,0.0,78,31
2026-05-21 11:00:44,2026-05-22,4,羽毛球馆-15号,08:00-09:00,0,1,可预约,￥0.0,多云,21,17,5,0.0,74,31
2026-05-21 11:30:38,2026-05-22,4,羽毛球馆-15号,08:00-09:00,0,1,可预约,￥0.0,多云,21,19,3,0.0,72,33
2026-05-21 12:00:46,2026-05-22,4,羽毛球馆-15号,08:00-09:00,0,1,可预约,￥0.0,多云,22,19,4,0.0,70,33
2026-05-21 12:30:42,2026-05-22,4,羽毛球馆-15号,08:00-09:00,0,1,可预约,￥0.0,多云,22,21,3,0.0,68,35
2026-05-21 13:00:43,2026-05-22,4,羽毛球馆-15号,08:00-09:00,0,1,可预约,￥0.0,多云,24,22,4,0.0,66,35
2026-05-21 13:30:43,2026-05-22,4,羽毛球馆-15号,08:00-09:00,0,1,可预约,￥0.0,多云,24,22,4,0.0,66,36
2026-05-21 14:00:48,2026-05-22,4,羽毛球馆-15号,08:00-09:00,0,1,可预约,￥0.0,多云,25,23,4,0.0,66,36
2026-05-21 14:30:45,2026-05-22,4,羽毛球馆-15号,08:00-09:00,0,1,可预约,￥0.0,晴,25,25,3,0.0,65,39
2026-05-21 15:00:45,2026-05-22,4,羽毛球馆-15号,08:00-09:00,0,1,可预约,￥0.0,晴,25,22,4,0.0,56,39
2026-05-21 15:30:43,2026-05-22,4,羽毛球馆-15号,08:00-09:00,0,1,可预约,￥0.0,晴,25,23,4,0.0,57,40
2026-05-21 16:00:51,2026-05-22,4,羽毛球馆-15号,08:00-09:00,0,1,可预约,￥0.0,晴,25,23,4,0.0,57,40
2026-05-21 16:30:48,2026-05-22,4,羽毛球馆-15号,08:00-09:00,0,1,可预约,￥0.0,晴,25,24,3,0.0,60,39
2026-05-21 17:00:49,2026-05-22,4,羽毛球馆-15号,08:00-09:00,0,1,可预约,￥0.0,晴,25,24,4,0.0,61,39
2026-05-21 17:30:47,2026-05-22,4,羽毛球馆-15号,08:00-09:00,0,1,可预约,￥0.0,多云,24,23,3,0.0,64,39
2026-05-21 18:00:50,2026-05-22,4,羽毛球馆-15号,08:00-09:00,0,1,可预约,￥0.0,多云,24,23,3,0.0,68,39
2026-05-21 18:30:50,2026-05-22,4,羽毛球馆-15号,08:00-09:00,0,1,可预约,￥0.0,阴,24,25,2,0.0,68,40
2026-05-21 19:00:50,2026-05-22,4,羽毛球馆-15号,08:00-09:00,0,1,可预约,￥0.0,阴,23,23,3,0.0,76,40
2026-05-21 19:30:46,2026-05-22,4,羽毛球馆-15号,08:00-09:00,1,1,已售/已满,已售,阴,23,24,2,0.0,77,39
2026-05-21 20:00:49,2026-05-22,4,羽毛球馆-15号,08:00-09:00,1,1,已售/已满,已售,雾,22,23,2,0.0,89,39
2026-05-21 20:30:44,2026-05-22,4,羽毛球馆-15号,08:00-09:00,1,1,已售/已满,已售,雾,22,24,2,0.0,93,43
2026-05-21 21:00:56,2026-05-22,4,羽毛球馆-15号,08:00-09:00,1,1,已售/已满,已售,雾,20,21,2,0.0,98,43
2026-05-21 21:30:46,2026-05-22,4,羽毛球馆-15号,08:00-09:00,1,1,已售/已满,已售,雾,20,22,1,0.0,99,41
2026-05-21 22:01:02,2026-05-22,4,羽毛球馆-15号,08:00-09:00,1,1,已售/已满,已售,雾,19,20,2,0.0,93,41
2026-05-21 22:30:47,2026-05-22,4,羽毛球馆-15号,08:00-09:00,1,1,已售/已满,已售,雾,19,19,3,0.0,88,46
2026-05-21 23:00:56,2026-05-22,4,羽毛球馆-15号,08:00-09:00,1,1,已售/已满,已售,多云,18,17,3,0.0,85,46
2026-05-21 23:30:55,2026-05-22,4,羽毛球馆-15号,08:00-09:00,1,1,已售/已满,已售,多云,18,17,3,0.0,85,48
2026-05-21 08:00:45,2026-05-22,4,羽毛球馆-15号,09:00-10:00,0,1,可预约,￥12.0,晴,17,12,5,0.0,86,29
2026-05-21 08:02:30,2026-05-22,4,羽毛球馆-15号,09:00-10:00,0,1,可预约,￥12.0,多云,17,12,5,0.0,87,29
2026-05-21 08:05:36,2026-05-22,4,羽毛球馆-15号,09:00-10:00,0,1,可预约,￥12.0,多云,17,12,5,0.0,86,29
2026-05-21 08:08:31,2026-05-22,4,羽毛球馆-15号,09:00-10:00,0,1,可预约,￥12.0,多云,17,12,5,0.0,86,29
2026-05-21 08:11:30,2026-05-22,4,羽毛球馆-15号,09:00-10:00,0,1,可预约,￥12.0,多云,17,12,5,0.0,86,29
2026-05-21 08:14:31,2026-05-22,4,羽毛球馆-15号,09:00-10:00,0,1,可预约,￥12.0,多云,17,12,5,0.0,86,29
2026-05-21 08:17:30,2026-05-22,4,羽毛球馆-15号,09:00-10:00,0,1,可预约,￥12.0,多云,17,12,5,0.0,86,29
2026-05-21 08:20:35,2026-05-22,4,羽毛球馆-15号,09:00-10:00,0,1,可预约,￥12.0,多云,17,14,4,0.0,85,29
2026-05-21 08:25:32,2026-05-22,4,羽毛球馆-15号,09:00-10:00,0,1,可预约,￥12.0,多云,17,14,4,0.0,85,28
2026-05-21 08:30:42,2026-05-22,4,羽毛球馆-15号,09:00-10:00,0,1,可预约,￥12.0,多云,18,15,4,0.0,84,28
2026-05-21 08:35:31,2026-05-22,4,羽毛球馆-15号,09:00-10:00,0,1,可预约,￥12.0,多云,18,15,4,0.0,84,28
2026-05-21 08:40:38,2026-05-22,4,羽毛球馆-15号,09:00-10:00,0,1,可预约,￥12.0,多云,18,15,4,0.0,82,28
2026-05-21 08:45:33,2026-05-22,4,羽毛球馆-15号,09:00-10:00,0,1,可预约,￥12.0,多云,18,15,4,0.0,82,28
2026-05-21 08:50:36,2026-05-22,4,羽毛球馆-15号,09:00-10:00,0,1,可预约,￥12.0,多云,18,15,4,0.0,82,28
2026-05-21 08:55:34,2026-05-22,4,羽毛球馆-15号,09:00-10:00,0,1,可预约,￥12.0,多云,18,15,4,0.0,84,28
2026-05-21 09:00:51,2026-05-22,4,羽毛球馆-15号,09:00-10:00,0,1,可预约,￥12.0,多云,18,15,4,0.0,84,28
2026-05-21 09:01:59,2026-05-22,4,羽毛球馆-15号,09:00-10:00,0,1,可预约,￥12.0,多云,18,15,4,0.0,83,28
2026-05-21 09:05:33,2026-05-22,4,羽毛球馆-15号,09:00-10:00,0,1,可预约,￥12.0,多云,18,15,4,0.0,83,28
2026-05-21 09:20:38,2026-05-22,4,羽毛球馆-15号,09:00-10:00,0,1,可预约,￥12.0,多云,18,16,3,0.0,81,28
2026-05-21 09:30:46,2026-05-22,4,羽毛球馆-15号,09:00-10:00,0,1,可预约,￥12.0,多云,18,16,3,0.0,81,32
2026-05-21 09:40:36,2026-05-22,4,羽毛球馆-15号,09:00-10:00,0,1,可预约,￥12.0,多云,19,17,3,0.0,79,32
2026-05-21 09:50:42,2026-05-22,4,羽毛球馆-15号,09:00-10:00,0,1,可预约,￥12.0,多云,19,17,4,0.0,81,32
2026-05-21 10:00:46,2026-05-22,4,羽毛球馆-15号,09:00-10:00,0,1,可预约,￥12.0,多云,19,17,4,0.0,79,32
2026-05-21 10:10:40,2026-05-22,4,羽毛球馆-15号,09:00-10:00,0,1,可预约,￥12.0,多云,19,17,4,0.0,79,32
2026-05-21 10:20:38,2026-05-22,4,羽毛球馆-15号,09:00-10:00,0,1,可预约,￥12.0,多云,19,17,4,0.0,79,32
2026-05-21 10:30:41,2026-05-22,4,羽毛球馆-15号,09:00-10:00,0,1,可预约,￥12.0,多云,19,18,3,0.0,78,31
2026-05-21 11:00:44,2026-05-22,4,羽毛球馆-15号,09:00-10:00,0,1,可预约,￥12.0,多云,21,17,5,0.0,74,31
2026-05-21 11:30:38,2026-05-22,4,羽毛球馆-15号,09:00-10:00,0,1,可预约,￥12.0,多云,21,19,3,0.0,72,33
2026-05-21 12:00:46,2026-05-22,4,羽毛球馆-15号,09:00-10:00,0,1,可预约,￥12.0,多云,22,19,4,0.0,70,33
2026-05-21 12:30:42,2026-05-22,4,羽毛球馆-15号,09:00-10:00,0,1,可预约,￥12.0,多云,22,21,3,0.0,68,35
2026-05-21 13:00:43,2026-05-22,4,羽毛球馆-15号,09:00-10:00,0,1,可预约,￥12.0,多云,24,22,4,0.0,66,35
2026-05-21 13:30:43,2026-05-22,4,羽毛球馆-15号,09:00-10:00,0,1,可预约,￥12.0,多云,24,22,4,0.0,66,36
2026-05-21 14:00:48,2026-05-22,4,羽毛球馆-15号,09:00-10:00,0,1,可预约,￥12.0,多云,25,23,4,0.0,66,36
2026-05-21 14:30:45,2026-05-22,4,羽毛球馆-15号,09:00-10:00,0,1,可预约,￥12.0,晴,25,25,3,0.0,65,39
2026-05-21 15:00:45,2026-05-22,4,羽毛球馆-15号,09:00-10:00,0,1,可预约,￥12.0,晴,25,22,4,0.0,56,39
2026-05-21 15:30:43,2026-05-22,4,羽毛球馆-15号,09:00-10:00,0,1,可预约,￥12.0,晴,25,23,4,0.0,57,40
2026-05-21 16:00:51,2026-05-22,4,羽毛球馆-15号,09:00-10:00,0,1,可预约,￥12.0,晴,25,23,4,0.0,57,40
2026-05-21 16:30:48,2026-05-22,4,羽毛球馆-15号,09:00-10:00,0,1,可预约,￥12.0,晴,25,24,3,0.0,60,39
2026-05-21 17:00:49,2026-05-22,4,羽毛球馆-15号,09:00-10:00,0,1,可预约,￥12.0,晴,25,24,4,0.0,61,39
2026-05-21 17:30:47,2026-05-22,4,羽毛球馆-15号,09:00-10:00,0,1,可预约,￥12.0,多云,24,23,3,0.0,64,39
2026-05-21 18:00:50,2026-05-22,4,羽毛球馆-15号,09:00-10:00,0,1,可预约,￥12.0,多云,24,23,3,0.0,68,39
2026-05-21 18:30:50,2026-05-22,4,羽毛球馆-15号,09:00-10:00,0,1,可预约,￥12.0,阴,24,25,2,0.0,68,40
2026-05-21 19:00:50,2026-05-22,4,羽毛球馆-15号,09:00-10:00,0,1,可预约,￥12.0,阴,23,23,3,0.0,76,40
2026-05-21 19:30:46,2026-05-22,4,羽毛球馆-15号,09:00-10:00,0,1,可预约,￥12.0,阴,23,24,2,0.0,77,39
2026-05-21 20:00:49,2026-05-22,4,羽毛球馆-15号,09:00-10:00,0,1,可预约,￥12.0,雾,22,23,2,0.0,89,39
2026-05-21 20:30:44,2026-05-22,4,羽毛球馆-15号,09:00-10:00,0,1,可预约,￥12.0,雾,22,24,2,0.0,93,43
2026-05-21 21:00:56,2026-05-22,4,羽毛球馆-15号,09:00-10:00,0,1,可预约,￥12.0,雾,20,21,2,0.0,98,43
2026-05-21 21:30:46,2026-05-22,4,羽毛球馆-15号,09:00-10:00,0,1,可预约,￥12.0,雾,20,22,1,0.0,99,41
2026-05-21 22:01:02,2026-05-22,4,羽毛球馆-15号,09:00-10:00,0,1,可预约,￥12.0,雾,19,20,2,0.0,93,41
2026-05-21 22:30:47,2026-05-22,4,羽毛球馆-15号,09:00-10:00,0,1,可预约,￥12.0,雾,19,19,3,0.0,88,46
2026-05-21 23:00:56,2026-05-22,4,羽毛球馆-15号,09:00-10:00,0,1,可预约,￥12.0,多云,18,17,3,0.0,85,46
2026-05-21 23:30:55,2026-05-22,4,羽毛球馆-15号,09:00-10:00,0,1,可预约,￥12.0,多云,18,17,3,0.0,85,48
2026-05-21 08:00:45,2026-05-22,4,羽毛球馆-15号,10:00-11:00,1,1,已售/已满,教学时间,晴,17,12,5,0.0,86,29
2026-05-21 08:02:30,2026-05-22,4,羽毛球馆-15号,10:00-11:00,1,1,已售/已满,教学时间,多云,17,12,5,0.0,87,29
2026-05-21 08:05:36,2026-05-22,4,羽毛球馆-15号,10:00-11:00,1,1,已售/已满,教学时间,多云,17,12,5,0.0,86,29
2026-05-21 08:08:31,2026-05-22,4,羽毛球馆-15号,10:00-11:00,1,1,已售/已满,教学时间,多云,17,12,5,0.0,86,29
2026-05-21 08:11:30,2026-05-22,4,羽毛球馆-15号,10:00-11:00,1,1,已售/已满,教学时间,多云,17,12,5,0.0,86,29
2026-05-21 08:14:31,2026-05-22,4,羽毛球馆-15号,10:00-11:00,1,1,已售/已满,教学时间,多云,17,12,5,0.0,86,29
2026-05-21 08:17:30,2026-05-22,4,羽毛球馆-15号,10:00-11:00,1,1,已售/已满,教学时间,多云,17,12,5,0.0,86,29
2026-05-21 08:20:35,2026-05-22,4,羽毛球馆-15号,10:00-11:00,1,1,已售/已满,教学时间,多云,17,14,4,0.0,85,29
2026-05-21 08:25:32,2026-05-22,4,羽毛球馆-15号,10:00-11:00,1,1,已售/已满,教学时间,多云,17,14,4,0.0,85,28
2026-05-21 08:30:42,2026-05-22,4,羽毛球馆-15号,10:00-11:00,1,1,已售/已满,教学时间,多云,18,15,4,0.0,84,28
2026-05-21 08:35:31,2026-05-22,4,羽毛球馆-15号,10:00-11:00,1,1,已售/已满,教学时间,多云,18,15,4,0.0,84,28
2026-05-21 08:40:38,2026-05-22,4,羽毛球馆-15号,10:00-11:00,1,1,已售/已满,教学时间,多云,18,15,4,0.0,82,28
2026-05-21 08:45:33,2026-05-22,4,羽毛球馆-15号,10:00-11:00,1,1,已售/已满,教学时间,多云,18,15,4,0.0,82,28
2026-05-21 08:50:36,2026-05-22,4,羽毛球馆-15号,10:00-11:00,1,1,已售/已满,教学时间,多云,18,15,4,0.0,82,28
2026-05-21 08:55:34,2026-05-22,4,羽毛球馆-15号,10:00-11:00,1,1,已售/已满,教学时间,多云,18,15,4,0.0,84,28
2026-05-21 09:00:51,2026-05-22,4,羽毛球馆-15号,10:00-11:00,1,1,已售/已满,教学时间,多云,18,15,4,0.0,84,28
2026-05-21 09:01:59,2026-05-22,4,羽毛球馆-15号,10:00-11:00,1,1,已售/已满,教学时间,多云,18,15,4,0.0,83,28
2026-05-21 09:05:33,2026-05-22,4,羽毛球馆-15号,10:00-11:00,1,1,已售/已满,教学时间,多云,18,15,4,0.0,83,28
2026-05-21 09:20:38,2026-05-22,4,羽毛球馆-15号,10:00-11:00,1,1,已售/已满,教学时间,多云,18,16,3,0.0,81,28
2026-05-21 09:30:46,2026-05-22,4,羽毛球馆-15号,10:00-11:00,1,1,已售/已满,教学时间,多云,18,16,3,0.0,81,32
2026-05-21 09:40:36,2026-05-22,4,羽毛球馆-15号,10:00-11:00,1,1,已售/已满,教学时间,多云,19,17,3,0.0,79,32
2026-05-21 09:50:42,2026-05-22,4,羽毛球馆-15号,10:00-11:00,1,1,已售/已满,教学时间,多云,19,17,4,0.0,81,32
2026-05-21 10:00:46,2026-05-22,4,羽毛球馆-15号,10:00-11:00,1,1,已售/已满,教学时间,多云,19,17,4,0.0,79,32
2026-05-21 10:10:40,2026-05-22,4,羽毛球馆-15号,10:00-11:00,1,1,已售/已满,教学时间,多云,19,17,4,0.0,79,32
2026-05-21 10:20:38,2026-05-22,4,羽毛球馆-15号,10:00-11:00,1,1,已售/已满,教学时间,多云,19,17,4,0.0,79,32
2026-05-21 10:30:41,2026-05-22,4,羽毛球馆-15号,10:00-11:00,1,1,已售/已满,教学时间,多云,19,18,3,0.0,78,31
2026-05-21 11:00:44,2026-05-22,4,羽毛球馆-15号,10:00-11:00,1,1,已售/已满,教学时间,多云,21,17,5,0.0,74,31
2026-05-21 11:30:38,2026-05-22,4,羽毛球馆-15号,10:00-11:00,1,1,已售/已满,教学时间,多云,21,19,3,0.0,72,33
2026-05-21 12:00:46,2026-05-22,4,羽毛球馆-15号,10:00-11:00,1,1,已售/已满,教学时间,多云,22,19,4,0.0,70,33
2026-05-21 12:30:42,2026-05-22,4,羽毛球馆-15号,10:00-11:00,1,1,已售/已满,教学时间,多云,22,21,3,0.0,68,35
2026-05-21 13:00:43,2026-05-22,4,羽毛球馆-15号,10:00-11:00,1,1,已售/已满,教学时间,多云,24,22,4,0.0,66,35
2026-05-21 13:30:43,2026-05-22,4,羽毛球馆-15号,10:00-11:00,1,1,已售/已满,教学时间,多云,24,22,4,0.0,66,36
2026-05-21 14:00:48,2026-05-22,4,羽毛球馆-15号,10:00-11:00,1,1,已售/已满,教学时间,多云,25,23,4,0.0,66,36
2026-05-21 14:30:45,2026-05-22,4,羽毛球馆-15号,10:00-11:00,1,1,已售/已满,教学时间,晴,25,25,3,0.0,65,39
2026-05-21 15:00:45,2026-05-22,4,羽毛球馆-15号,10:00-11:00,1,1,已售/已满,教学时间,晴,25,22,4,0.0,56,39
2026-05-21 15:30:43,2026-05-22,4,羽毛球馆-15号,10:00-11:00,1,1,已售/已满,教学时间,晴,25,23,4,0.0,57,40
2026-05-21 16:00:51,2026-05-22,4,羽毛球馆-15号,10:00-11:00,1,1,已售/已满,教学时间,晴,25,23,4,0.0,57,40
2026-05-21 16:30:48,2026-05-22,4,羽毛球馆-15号,10:00-11:00,1,1,已售/已满,教学时间,晴,25,24,3,0.0,60,39
2026-05-21 17:00:49,2026-05-22,4,羽毛球馆-15号,10:00-11:00,1,1,已售/已满,教学时间,晴,25,24,4,0.0,61,39
2026-05-21 17:30:47,2026-05-22,4,羽毛球馆-15号,10:00-11:00,1,1,已售/已满,教学时间,多云,24,23,3,0.0,64,39
2026-05-21 18:00:50,2026-05-22,4,羽毛球馆-15号,10:00-11:00,1,1,已售/已满,教学时间,多云,24,23,3,0.0,68,39
2026-05-21 18:30:50,2026-05-22,4,羽毛球馆-15号,10:00-11:00,1,1,已售/已满,教学时间,阴,24,25,2,0.0,68,40
2026-05-21 19:00:50,2026-05-22,4,羽毛球馆-15号,10:00-11:00,1,1,已售/已满,教学时间,阴,23,23,3,0.0,76,40
2026-05-21 19:30:46,2026-05-22,4,羽毛球馆-15号,10:00-11:00,1,1,已售/已满,教学时间,阴,23,24,2,0.0,77,39
2026-05-21 20:00:49,2026-05-22,4,羽毛球馆-15号,10:00-11:00,1,1,已售/已满,教学时间,雾,22,23,2,0.0,89,39
2026-05-21 20:30:44,2026-05-22,4,羽毛球馆-15号,10:00-11:00,1,1,已售/已满,教学时间,雾,22,24,2,0.0,93,43
2026-05-21 21:00:56,2026-05-22,4,羽毛球馆-15号,10:00-11:00,1,1,已售/已满,教学时间,雾,20,21,2,0.0,98,43
2026-05-21 21:30:46,2026-05-22,4,羽毛球馆-15号,10:00-11:00,1,1,已售/已满,教学时间,雾,20,22,1,0.0,99,41
2026-05-21 22:01:02,2026-05-22,4,羽毛球馆-15号,10:00-11:00,1,1,已售/已满,教学时间,雾,19,20,2,0.0,93,41
2026-05-21 22:30:47,2026-05-22,4,羽毛球馆-15号,10:00-11:00,1,1,已售/已满,教学时间,雾,19,19,3,0.0,88,46
2026-05-21 23:00:56,2026-05-22,4,羽毛球馆-15号,10:00-11:00,1,1,已售/已满,教学时间,多云,18,17,3,0.0,85,46
2026-05-21 23:30:55,2026-05-22,4,羽毛球馆-15号,10:00-11:00,1,1,已售/已满,教学时间,多云,18,17,3,0.0,85,48
2026-05-21 08:00:45,2026-05-22,4,羽毛球馆-15号,11:00-12:00,1,1,已售/已满,教学时间,晴,17,12,5,0.0,86,29
2026-05-21 08:02:30,2026-05-22,4,羽毛球馆-15号,11:00-12:00,1,1,已售/已满,教学时间,多云,17,12,5,0.0,87,29
2026-05-21 08:05:36,2026-05-22,4,羽毛球馆-15号,11:00-12:00,1,1,已售/已满,教学时间,多云,17,12,5,0.0,86,29
2026-05-21 08:08:31,2026-05-22,4,羽毛球馆-15号,11:00-12:00,1,1,已售/已满,教学时间,多云,17,12,5,0.0,86,29
2026-05-21 08:11:30,2026-05-22,4,羽毛球馆-15号,11:00-12:00,1,1,已售/已满,教学时间,多云,17,12,5,0.0,86,29
2026-05-21 08:14:31,2026-05-22,4,羽毛球馆-15号,11:00-12:00,1,1,已售/已满,教学时间,多云,17,12,5,0.0,86,29
2026-05-21 08:17:30,2026-05-22,4,羽毛球馆-15号,11:00-12:00,1,1,已售/已满,教学时间,多云,17,12,5,0.0,86,29
2026-05-21 08:20:35,2026-05-22,4,羽毛球馆-15号,11:00-12:00,1,1,已售/已满,教学时间,多云,17,14,4,0.0,85,29
2026-05-21 08:25:32,2026-05-22,4,羽毛球馆-15号,11:00-12:00,1,1,已售/已满,教学时间,多云,17,14,4,0.0,85,28
2026-05-21 08:30:42,2026-05-22,4,羽毛球馆-15号,11:00-12:00,1,1,已售/已满,教学时间,多云,18,15,4,0.0,84,28
2026-05-21 08:35:31,2026-05-22,4,羽毛球馆-15号,11:00-12:00,1,1,已售/已满,教学时间,多云,18,15,4,0.0,84,28
2026-05-21 08:40:38,2026-05-22,4,羽毛球馆-15号,11:00-12:00,1,1,已售/已满,教学时间,多云,18,15,4,0.0,82,28
2026-05-21 08:45:33,2026-05-22,4,羽毛球馆-15号,11:00-12:00,1,1,已售/已满,教学时间,多云,18,15,4,0.0,82,28
2026-05-21 08:50:36,2026-05-22,4,羽毛球馆-15号,11:00-12:00,1,1,已售/已满,教学时间,多云,18,15,4,0.0,82,28
2026-05-21 08:55:34,2026-05-22,4,羽毛球馆-15号,11:00-12:00,1,1,已售/已满,教学时间,多云,18,15,4,0.0,84,28
2026-05-21 09:00:51,2026-05-22,4,羽毛球馆-15号,11:00-12:00,1,1,已售/已满,教学时间,多云,18,15,4,0.0,84,28
2026-05-21 09:01:59,2026-05-22,4,羽毛球馆-15号,11:00-12:00,1,1,已售/已满,教学时间,多云,18,15,4,0.0,83,28
2026-05-21 09:05:33,2026-05-22,4,羽毛球馆-15号,11:00-12:00,1,1,已售/已满,教学时间,多云,18,15,4,0.0,83,28
2026-05-21 09:20:38,2026-05-22,4,羽毛球馆-15号,11:00-12:00,1,1,已售/已满,教学时间,多云,18,16,3,0.0,81,28
2026-05-21 09:30:46,2026-05-22,4,羽毛球馆-15号,11:00-12:00,1,1,已售/已满,教学时间,多云,18,16,3,0.0,81,32
2026-05-21 09:40:36,2026-05-22,4,羽毛球馆-15号,11:00-12:00,1,1,已售/已满,教学时间,多云,19,17,3,0.0,79,32
2026-05-21 09:50:42,2026-05-22,4,羽毛球馆-15号,11:00-12:00,1,1,已售/已满,教学时间,多云,19,17,4,0.0,81,32
2026-05-21 10:00:46,2026-05-22,4,羽毛球馆-15号,11:00-12:00,1,1,已售/已满,教学时间,多云,19,17,4,0.0,79,32
2026-05-21 10:10:40,2026-05-22,4,羽毛球馆-15号,11:00-12:00,1,1,已售/已满,教学时间,多云,19,17,4,0.0,79,32
2026-05-21 10:20:38,2026-05-22,4,羽毛球馆-15号,11:00-12:00,1,1,已售/已满,教学时间,多云,19,17,4,0.0,79,32
2026-05-21 10:30:41,2026-05-22,4,羽毛球馆-15号,11:00-12:00,1,1,已售/已满,教学时间,多云,19,18,3,0.0,78,31
2026-05-21 11:00:44,2026-05-22,4,羽毛球馆-15号,11:00-12:00,1,1,已售/已满,教学时间,多云,21,17,5,0.0,74,31
2026-05-21 11:30:38,2026-05-22,4,羽毛球馆-15号,11:00-12:00,1,1,已售/已满,教学时间,多云,21,19,3,0.0,72,33
2026-05-21 12:00:46,2026-05-22,4,羽毛球馆-15号,11:00-12:00,1,1,已售/已满,教学时间,多云,22,19,4,0.0,70,33
2026-05-21 12:30:42,2026-05-22,4,羽毛球馆-15号,11:00-12:00,1,1,已售/已满,教学时间,多云,22,21,3,0.0,68,35
2026-05-21 13:00:43,2026-05-22,4,羽毛球馆-15号,11:00-12:00,1,1,已售/已满,教学时间,多云,24,22,4,0.0,66,35
2026-05-21 13:30:43,2026-05-22,4,羽毛球馆-15号,11:00-12:00,1,1,已售/已满,教学时间,多云,24,22,4,0.0,66,36
2026-05-21 14:00:48,2026-05-22,4,羽毛球馆-15号,11:00-12:00,1,1,已售/已满,教学时间,多云,25,23,4,0.0,66,36
2026-05-21 14:30:45,2026-05-22,4,羽毛球馆-15号,11:00-12:00,1,1,已售/已满,教学时间,晴,25,25,3,0.0,65,39
2026-05-21 15:00:45,2026-05-22,4,羽毛球馆-15号,11:00-12:00,1,1,已售/已满,教学时间,晴,25,22,4,0.0,56,39
2026-05-21 15:30:43,2026-05-22,4,羽毛球馆-15号,11:00-12:00,1,1,已售/已满,教学时间,晴,25,23,4,0.0,57,40
2026-05-21 16:00:51,2026-05-22,4,羽毛球馆-15号,11:00-12:00,1,1,已售/已满,教学时间,晴,25,23,4,0.0,57,40
2026-05-21 16:30:48,2026-05-22,4,羽毛球馆-15号,11:00-12:00,1,1,已售/已满,教学时间,晴,25,24,3,0.0,60,39
2026-05-21 17:00:49,2026-05-22,4,羽毛球馆-15号,11:00-12:00,1,1,已售/已满,教学时间,晴,25,24,4,0.0,61,39
2026-05-21 17:30:47,2026-05-22,4,羽毛球馆-15号,11:00-12:00,1,1,已售/已满,教学时间,多云,24,23,3,0.0,64,39
2026-05-21 18:00:50,2026-05-22,4,羽毛球馆-15号,11:00-12:00,1,1,已售/已满,教学时间,多云,24,23,3,0.0,68,39
2026-05-21 18:30:50,2026-05-22,4,羽毛球馆-15号,11:00-12:00,1,1,已售/已满,教学时间,阴,24,25,2,0.0,68,40
2026-05-21 19:00:50,2026-05-22,4,羽毛球馆-15号,11:00-12:00,1,1,已售/已满,教学时间,阴,23,23,3,0.0,76,40
2026-05-21 19:30:46,2026-05-22,4,羽毛球馆-15号,11:00-12:00,1,1,已售/已满,教学时间,阴,23,24,2,0.0,77,39
2026-05-21 20:00:49,2026-05-22,4,羽毛球馆-15号,11:00-12:00,1,1,已售/已满,教学时间,雾,22,23,2,0.0,89,39
2026-05-21 20:30:44,2026-05-22,4,羽毛球馆-15号,11:00-12:00,1,1,已售/已满,教学时间,雾,22,24,2,0.0,93,43
2026-05-21 21:00:56,2026-05-22,4,羽毛球馆-15号,11:00-12:00,1,1,已售/已满,教学时间,雾,20,21,2,0.0,98,43
2026-05-21 21:30:46,2026-05-22,4,羽毛球馆-15号,11:00-12:00,1,1,已售/已满,教学时间,雾,20,22,1,0.0,99,41
2026-05-21 22:01:02,2026-05-22,4,羽毛球馆-15号,11:00-12:00,1,1,已售/已满,教学时间,雾,19,20,2,0.0,93,41
2026-05-21 22:30:47,2026-05-22,4,羽毛球馆-15号,11:00-12:00,1,1,已售/已满,教学时间,雾,19,19,3,0.0,88,46
2026-05-21 23:00:56,2026-05-22,4,羽毛球馆-15号,11:00-12:00,1,1,已售/已满,教学时间,多云,18,17,3,0.0,85,46
2026-05-21 23:30:55,2026-05-22,4,羽毛球馆-15号,11:00-12:00,1,1,已售/已满,教学时间,多云,18,17,3,0.0,85,48
2026-05-21 08:00:45,2026-05-22,4,羽毛球馆-15号,12:00-12:55,0,1,可预约,￥0.0,晴,17,12,5,0.0,86,29
2026-05-21 08:02:30,2026-05-22,4,羽毛球馆-15号,12:00-12:55,0,1,可预约,￥0.0,多云,17,12,5,0.0,87,29
2026-05-21 08:05:36,2026-05-22,4,羽毛球馆-15号,12:00-12:55,0,1,可预约,￥0.0,多云,17,12,5,0.0,86,29
2026-05-21 08:08:31,2026-05-22,4,羽毛球馆-15号,12:00-12:55,0,1,可预约,￥0.0,多云,17,12,5,0.0,86,29
2026-05-21 08:11:30,2026-05-22,4,羽毛球馆-15号,12:00-12:55,0,1,可预约,￥0.0,多云,17,12,5,0.0,86,29
2026-05-21 08:14:31,2026-05-22,4,羽毛球馆-15号,12:00-12:55,0,1,可预约,￥0.0,多云,17,12,5,0.0,86,29
2026-05-21 08:17:30,2026-05-22,4,羽毛球馆-15号,12:00-12:55,0,1,可预约,￥0.0,多云,17,12,5,0.0,86,29
2026-05-21 08:20:35,2026-05-22,4,羽毛球馆-15号,12:00-12:55,0,1,可预约,￥0.0,多云,17,14,4,0.0,85,29
2026-05-21 08:25:32,2026-05-22,4,羽毛球馆-15号,12:00-12:55,0,1,可预约,￥0.0,多云,17,14,4,0.0,85,28
2026-05-21 08:30:42,2026-05-22,4,羽毛球馆-15号,12:00-12:55,0,1,可预约,￥0.0,多云,18,15,4,0.0,84,28
2026-05-21 08:35:31,2026-05-22,4,羽毛球馆-15号,12:00-12:55,0,1,可预约,￥0.0,多云,18,15,4,0.0,84,28
2026-05-21 08:40:38,2026-05-22,4,羽毛球馆-15号,12:00-12:55,0,1,可预约,￥0.0,多云,18,15,4,0.0,82,28
2026-05-21 08:45:33,2026-05-22,4,羽毛球馆-15号,12:00-12:55,0,1,可预约,￥0.0,多云,18,15,4,0.0,82,28
2026-05-21 08:50:36,2026-05-22,4,羽毛球馆-15号,12:00-12:55,0,1,可预约,￥0.0,多云,18,15,4,0.0,82,28
2026-05-21 08:55:34,2026-05-22,4,羽毛球馆-15号,12:00-12:55,0,1,可预约,￥0.0,多云,18,15,4,0.0,84,28
2026-05-21 09:00:51,2026-05-22,4,羽毛球馆-15号,12:00-12:55,0,1,可预约,￥0.0,多云,18,15,4,0.0,84,28
2026-05-21 09:01:59,2026-05-22,4,羽毛球馆-15号,12:00-12:55,0,1,可预约,￥0.0,多云,18,15,4,0.0,83,28
2026-05-21 09:05:33,2026-05-22,4,羽毛球馆-15号,12:00-12:55,0,1,可预约,￥0.0,多云,18,15,4,0.0,83,28
2026-05-21 09:20:38,2026-05-22,4,羽毛球馆-15号,12:00-12:55,0,1,可预约,￥0.0,多云,18,16,3,0.0,81,28
2026-05-21 09:30:46,2026-05-22,4,羽毛球馆-15号,12:00-12:55,1,1,已售/已满,已售,多云,18,16,3,0.0,81,32
2026-05-21 09:40:36,2026-05-22,4,羽毛球馆-15号,12:00-12:55,1,1,已售/已满,已售,多云,19,17,3,0.0,79,32
2026-05-21 09:50:42,2026-05-22,4,羽毛球馆-15号,12:00-12:55,1,1,已售/已满,已售,多云,19,17,4,0.0,81,32
2026-05-21 10:00:46,2026-05-22,4,羽毛球馆-15号,12:00-12:55,1,1,已售/已满,已售,多云,19,17,4,0.0,79,32
2026-05-21 10:10:40,2026-05-22,4,羽毛球馆-15号,12:00-12:55,1,1,已售/已满,已售,多云,19,17,4,0.0,79,32
2026-05-21 10:20:38,2026-05-22,4,羽毛球馆-15号,12:00-12:55,1,1,已售/已满,已售,多云,19,17,4,0.0,79,32
2026-05-21 10:30:41,2026-05-22,4,羽毛球馆-15号,12:00-12:55,1,1,已售/已满,已售,多云,19,18,3,0.0,78,31
2026-05-21 11:00:44,2026-05-22,4,羽毛球馆-15号,12:00-12:55,1,1,已售/已满,已售,多云,21,17,5,0.0,74,31
2026-05-21 11:30:38,2026-05-22,4,羽毛球馆-15号,12:00-12:55,1,1,已售/已满,已售,多云,21,19,3,0.0,72,33
2026-05-21 12:00:46,2026-05-22,4,羽毛球馆-15号,12:00-12:55,1,1,已售/已满,已售,多云,22,19,4,0.0,70,33
2026-05-21 12:30:42,2026-05-22,4,羽毛球馆-15号,12:00-12:55,1,1,已售/已满,已售,多云,22,21,3,0.0,68,35
2026-05-21 13:00:43,2026-05-22,4,羽毛球馆-15号,12:00-12:55,1,1,已售/已满,已售,多云,24,22,4,0.0,66,35
2026-05-21 13:30:43,2026-05-22,4,羽毛球馆-15号,12:00-12:55,1,1,已售/已满,已售,多云,24,22,4,0.0,66,36
2026-05-21 14:00:48,2026-05-22,4,羽毛球馆-15号,12:00-12:55,1,1,已售/已满,已售,多云,25,23,4,0.0,66,36
2026-05-21 14:30:45,2026-05-22,4,羽毛球馆-15号,12:00-12:55,1,1,已售/已满,已售,晴,25,25,3,0.0,65,39
2026-05-21 15:00:45,2026-05-22,4,羽毛球馆-15号,12:00-12:55,1,1,已售/已满,已售,晴,25,22,4,0.0,56,39
2026-05-21 15:30:43,2026-05-22,4,羽毛球馆-15号,12:00-12:55,1,1,已售/已满,已售,晴,25,23,4,0.0,57,40
2026-05-21 16:00:51,2026-05-22,4,羽毛球馆-15号,12:00-12:55,1,1,已售/已满,已售,晴,25,23,4,0.0,57,40
2026-05-21 16:30:48,2026-05-22,4,羽毛球馆-15号,12:00-12:55,1,1,已售/已满,已售,晴,25,24,3,0.0,60,39
2026-05-21 17:00:49,2026-05-22,4,羽毛球馆-15号,12:00-12:55,1,1,已售/已满,已售,晴,25,24,4,0.0,61,39
2026-05-21 17:30:47,2026-05-22,4,羽毛球馆-15号,12:00-12:55,1,1,已售/已满,已售,多云,24,23,3,0.0,64,39
2026-05-21 18:00:50,2026-05-22,4,羽毛球馆-15号,12:00-12:55,1,1,已售/已满,已售,多云,24,23,3,0.0,68,39
2026-05-21 18:30:50,2026-05-22,4,羽毛球馆-15号,12:00-12:55,1,1,已售/已满,已售,阴,24,25,2,0.0,68,40
2026-05-21 19:00:50,2026-05-22,4,羽毛球馆-15号,12:00-12:55,1,1,已售/已满,已售,阴,23,23,3,0.0,76,40
2026-05-21 19:30:46,2026-05-22,4,羽毛球馆-15号,12:00-12:55,1,1,已售/已满,已售,阴,23,24,2,0.0,77,39
2026-05-21 20:00:49,2026-05-22,4,羽毛球馆-15号,12:00-12:55,1,1,已售/已满,已售,雾,22,23,2,0.0,89,39
2026-05-21 20:30:44,2026-05-22,4,羽毛球馆-15号,12:00-12:55,1,1,已售/已满,已售,雾,22,24,2,0.0,93,43
2026-05-21 21:00:56,2026-05-22,4,羽毛球馆-15号,12:00-12:55,1,1,已售/已满,已售,雾,20,21,2,0.0,98,43
2026-05-21 21:30:46,2026-05-22,4,羽毛球馆-15号,12:00-12:55,1,1,已售/已满,已售,雾,20,22,1,0.0,99,41
2026-05-21 22:01:02,2026-05-22,4,羽毛球馆-15号,12:00-12:55,1,1,已售/已满,已售,雾,19,20,2,0.0,93,41
2026-05-21 22:30:47,2026-05-22,4,羽毛球馆-15号,12:00-12:55,0,1,可预约,￥0.0,雾,19,19,3,0.0,88,46
2026-05-21 23:00:56,2026-05-22,4,羽毛球馆-15号,12:00-12:55,0,1,可预约,￥0.0,多云,18,17,3,0.0,85,46
2026-05-21 23:30:55,2026-05-22,4,羽毛球馆-15号,12:00-12:55,0,1,可预约,￥0.0,多云,18,17,3,0.0,85,48
2026-05-21 08:00:45,2026-05-22,4,羽毛球馆-15号,12:55-13:50,0,1,可预约,￥0.0,晴,17,12,5,0.0,86,29
2026-05-21 08:02:30,2026-05-22,4,羽毛球馆-15号,12:55-13:50,0,1,可预约,￥0.0,多云,17,12,5,0.0,87,29
2026-05-21 08:05:36,2026-05-22,4,羽毛球馆-15号,12:55-13:50,0,1,可预约,￥0.0,多云,17,12,5,0.0,86,29
2026-05-21 08:08:31,2026-05-22,4,羽毛球馆-15号,12:55-13:50,0,1,可预约,￥0.0,多云,17,12,5,0.0,86,29
2026-05-21 08:11:30,2026-05-22,4,羽毛球馆-15号,12:55-13:50,0,1,可预约,￥0.0,多云,17,12,5,0.0,86,29
2026-05-21 08:14:31,2026-05-22,4,羽毛球馆-15号,12:55-13:50,0,1,可预约,￥0.0,多云,17,12,5,0.0,86,29
2026-05-21 08:17:30,2026-05-22,4,羽毛球馆-15号,12:55-13:50,0,1,可预约,￥0.0,多云,17,12,5,0.0,86,29
2026-05-21 08:20:35,2026-05-22,4,羽毛球馆-15号,12:55-13:50,0,1,可预约,￥0.0,多云,17,14,4,0.0,85,29
2026-05-21 08:25:32,2026-05-22,4,羽毛球馆-15号,12:55-13:50,0,1,可预约,￥0.0,多云,17,14,4,0.0,85,28
2026-05-21 08:30:42,2026-05-22,4,羽毛球馆-15号,12:55-13:50,0,1,可预约,￥0.0,多云,18,15,4,0.0,84,28
2026-05-21 08:35:31,2026-05-22,4,羽毛球馆-15号,12:55-13:50,0,1,可预约,￥0.0,多云,18,15,4,0.0,84,28
2026-05-21 08:40:38,2026-05-22,4,羽毛球馆-15号,12:55-13:50,0,1,可预约,￥0.0,多云,18,15,4,0.0,82,28
2026-05-21 08:45:33,2026-05-22,4,羽毛球馆-15号,12:55-13:50,0,1,可预约,￥0.0,多云,18,15,4,0.0,82,28
2026-05-21 08:50:36,2026-05-22,4,羽毛球馆-15号,12:55-13:50,0,1,可预约,￥0.0,多云,18,15,4,0.0,82,28
2026-05-21 08:55:34,2026-05-22,4,羽毛球馆-15号,12:55-13:50,0,1,可预约,￥0.0,多云,18,15,4,0.0,84,28
2026-05-21 09:00:51,2026-05-22,4,羽毛球馆-15号,12:55-13:50,0,1,可预约,￥0.0,多云,18,15,4,0.0,84,28
2026-05-21 09:01:59,2026-05-22,4,羽毛球馆-15号,12:55-13:50,0,1,可预约,￥0.0,多云,18,15,4,0.0,83,28
2026-05-21 09:05:33,2026-05-22,4,羽毛球馆-15号,12:55-13:50,0,1,可预约,￥0.0,多云,18,15,4,0.0,83,28
2026-05-21 09:20:38,2026-05-22,4,羽毛球馆-15号,12:55-13:50,0,1,可预约,￥0.0,多云,18,16,3,0.0,81,28
2026-05-21 09:30:46,2026-05-22,4,羽毛球馆-15号,12:55-13:50,1,1,已售/已满,已售,多云,18,16,3,0.0,81,32
2026-05-21 09:40:36,2026-05-22,4,羽毛球馆-15号,12:55-13:50,1,1,已售/已满,已售,多云,19,17,3,0.0,79,32
2026-05-21 09:50:42,2026-05-22,4,羽毛球馆-15号,12:55-13:50,1,1,已售/已满,已售,多云,19,17,4,0.0,81,32
2026-05-21 10:00:46,2026-05-22,4,羽毛球馆-15号,12:55-13:50,1,1,已售/已满,已售,多云,19,17,4,0.0,79,32
2026-05-21 10:10:40,2026-05-22,4,羽毛球馆-15号,12:55-13:50,1,1,已售/已满,已售,多云,19,17,4,0.0,79,32
2026-05-21 10:20:38,2026-05-22,4,羽毛球馆-15号,12:55-13:50,1,1,已售/已满,已售,多云,19,17,4,0.0,79,32
2026-05-21 10:30:41,2026-05-22,4,羽毛球馆-15号,12:55-13:50,1,1,已售/已满,已售,多云,19,18,3,0.0,78,31
2026-05-21 11:00:44,2026-05-22,4,羽毛球馆-15号,12:55-13:50,1,1,已售/已满,已售,多云,21,17,5,0.0,74,31
2026-05-21 11:30:38,2026-05-22,4,羽毛球馆-15号,12:55-13:50,1,1,已售/已满,已售,多云,21,19,3,0.0,72,33
2026-05-21 12:00:46,2026-05-22,4,羽毛球馆-15号,12:55-13:50,1,1,已售/已满,已售,多云,22,19,4,0.0,70,33
2026-05-21 12:30:42,2026-05-22,4,羽毛球馆-15号,12:55-13:50,1,1,已售/已满,已售,多云,22,21,3,0.0,68,35
2026-05-21 13:00:43,2026-05-22,4,羽毛球馆-15号,12:55-13:50,1,1,已售/已满,已售,多云,24,22,4,0.0,66,35
2026-05-21 13:30:43,2026-05-22,4,羽毛球馆-15号,12:55-13:50,1,1,已售/已满,已售,多云,24,22,4,0.0,66,36
2026-05-21 14:00:48,2026-05-22,4,羽毛球馆-15号,12:55-13:50,1,1,已售/已满,已售,多云,25,23,4,0.0,66,36
2026-05-21 14:30:45,2026-05-22,4,羽毛球馆-15号,12:55-13:50,1,1,已售/已满,已售,晴,25,25,3,0.0,65,39
2026-05-21 15:00:45,2026-05-22,4,羽毛球馆-15号,12:55-13:50,1,1,已售/已满,已售,晴,25,22,4,0.0,56,39
2026-05-21 15:30:43,2026-05-22,4,羽毛球馆-15号,12:55-13:50,1,1,已售/已满,已售,晴,25,23,4,0.0,57,40
2026-05-21 16:00:51,2026-05-22,4,羽毛球馆-15号,12:55-13:50,1,1,已售/已满,已售,晴,25,23,4,0.0,57,40
2026-05-21 16:30:48,2026-05-22,4,羽毛球馆-15号,12:55-13:50,1,1,已售/已满,已售,晴,25,24,3,0.0,60,39
2026-05-21 17:00:49,2026-05-22,4,羽毛球馆-15号,12:55-13:50,1,1,已售/已满,已售,晴,25,24,4,0.0,61,39
2026-05-21 17:30:47,2026-05-22,4,羽毛球馆-15号,12:55-13:50,1,1,已售/已满,已售,多云,24,23,3,0.0,64,39
2026-05-21 18:00:50,2026-05-22,4,羽毛球馆-15号,12:55-13:50,1,1,已售/已满,已售,多云,24,23,3,0.0,68,39
2026-05-21 18:30:50,2026-05-22,4,羽毛球馆-15号,12:55-13:50,1,1,已售/已满,已售,阴,24,25,2,0.0,68,40
2026-05-21 19:00:50,2026-05-22,4,羽毛球馆-15号,12:55-13:50,1,1,已售/已满,已售,阴,23,23,3,0.0,76,40
2026-05-21 19:30:46,2026-05-22,4,羽毛球馆-15号,12:55-13:50,1,1,已售/已满,已售,阴,23,24,2,0.0,77,39
2026-05-21 20:00:49,2026-05-22,4,羽毛球馆-15号,12:55-13:50,1,1,已售/已满,已售,雾,22,23,2,0.0,89,39
2026-05-21 20:30:44,2026-05-22,4,羽毛球馆-15号,12:55-13:50,1,1,已售/已满,已售,雾,22,24,2,0.0,93,43
2026-05-21 21:00:56,2026-05-22,4,羽毛球馆-15号,12:55-13:50,1,1,已售/已满,已售,雾,20,21,2,0.0,98,43
2026-05-21 21:30:46,2026-05-22,4,羽毛球馆-15号,12:55-13:50,1,1,已售/已满,已售,雾,20,22,1,0.0,99,41
2026-05-21 22:01:02,2026-05-22,4,羽毛球馆-15号,12:55-13:50,1,1,已售/已满,已售,雾,19,20,2,0.0,93,41
2026-05-21 22:30:47,2026-05-22,4,羽毛球馆-15号,12:55-13:50,0,1,可预约,￥0.0,雾,19,19,3,0.0,88,46
2026-05-21 23:00:56,2026-05-22,4,羽毛球馆-15号,12:55-13:50,0,1,可预约,￥0.0,多云,18,17,3,0.0,85,46
2026-05-21 23:30:55,2026-05-22,4,羽毛球馆-15号,12:55-13:50,0,1,可预约,￥0.0,多云,18,17,3,0.0,85,48
2026-05-21 08:00:45,2026-05-22,4,羽毛球馆-15号,14:00-15:00,1,1,已售/已满,教学时间,晴,17,12,5,0.0,86,29
2026-05-21 08:02:30,2026-05-22,4,羽毛球馆-15号,14:00-15:00,1,1,已售/已满,教学时间,多云,17,12,5,0.0,87,29
2026-05-21 08:05:36,2026-05-22,4,羽毛球馆-15号,14:00-15:00,1,1,已售/已满,教学时间,多云,17,12,5,0.0,86,29
2026-05-21 08:08:31,2026-05-22,4,羽毛球馆-15号,14:00-15:00,1,1,已售/已满,教学时间,多云,17,12,5,0.0,86,29
2026-05-21 08:11:30,2026-05-22,4,羽毛球馆-15号,14:00-15:00,1,1,已售/已满,教学时间,多云,17,12,5,0.0,86,29
2026-05-21 08:14:31,2026-05-22,4,羽毛球馆-15号,14:00-15:00,1,1,已售/已满,教学时间,多云,17,12,5,0.0,86,29
2026-05-21 08:17:30,2026-05-22,4,羽毛球馆-15号,14:00-15:00,1,1,已售/已满,教学时间,多云,17,12,5,0.0,86,29
2026-05-21 08:20:35,2026-05-22,4,羽毛球馆-15号,14:00-15:00,1,1,已售/已满,教学时间,多云,17,14,4,0.0,85,29
2026-05-21 08:25:32,2026-05-22,4,羽毛球馆-15号,14:00-15:00,1,1,已售/已满,教学时间,多云,17,14,4,0.0,85,28
2026-05-21 08:30:42,2026-05-22,4,羽毛球馆-15号,14:00-15:00,1,1,已售/已满,教学时间,多云,18,15,4,0.0,84,28
2026-05-21 08:35:31,2026-05-22,4,羽毛球馆-15号,14:00-15:00,1,1,已售/已满,教学时间,多云,18,15,4,0.0,84,28
2026-05-21 08:40:38,2026-05-22,4,羽毛球馆-15号,14:00-15:00,1,1,已售/已满,教学时间,多云,18,15,4,0.0,82,28
2026-05-21 08:45:33,2026-05-22,4,羽毛球馆-15号,14:00-15:00,1,1,已售/已满,教学时间,多云,18,15,4,0.0,82,28
2026-05-21 08:50:36,2026-05-22,4,羽毛球馆-15号,14:00-15:00,1,1,已售/已满,教学时间,多云,18,15,4,0.0,82,28
2026-05-21 08:55:34,2026-05-22,4,羽毛球馆-15号,14:00-15:00,1,1,已售/已满,教学时间,多云,18,15,4,0.0,84,28
2026-05-21 09:00:51,2026-05-22,4,羽毛球馆-15号,14:00-15:00,1,1,已售/已满,教学时间,多云,18,15,4,0.0,84,28
2026-05-21 09:01:59,2026-05-22,4,羽毛球馆-15号,14:00-15:00,1,1,已售/已满,教学时间,多云,18,15,4,0.0,83,28
2026-05-21 09:05:33,2026-05-22,4,羽毛球馆-15号,14:00-15:00,1,1,已售/已满,教学时间,多云,18,15,4,0.0,83,28
2026-05-21 09:20:38,2026-05-22,4,羽毛球馆-15号,14:00-15:00,1,1,已售/已满,教学时间,多云,18,16,3,0.0,81,28
2026-05-21 09:30:46,2026-05-22,4,羽毛球馆-15号,14:00-15:00,1,1,已售/已满,教学时间,多云,18,16,3,0.0,81,32
2026-05-21 09:40:36,2026-05-22,4,羽毛球馆-15号,14:00-15:00,1,1,已售/已满,教学时间,多云,19,17,3,0.0,79,32
2026-05-21 09:50:42,2026-05-22,4,羽毛球馆-15号,14:00-15:00,1,1,已售/已满,教学时间,多云,19,17,4,0.0,81,32
2026-05-21 10:00:46,2026-05-22,4,羽毛球馆-15号,14:00-15:00,1,1,已售/已满,教学时间,多云,19,17,4,0.0,79,32
2026-05-21 10:10:40,2026-05-22,4,羽毛球馆-15号,14:00-15:00,1,1,已售/已满,教学时间,多云,19,17,4,0.0,79,32
2026-05-21 10:20:38,2026-05-22,4,羽毛球馆-15号,14:00-15:00,1,1,已售/已满,教学时间,多云,19,17,4,0.0,79,32
2026-05-21 10:30:41,2026-05-22,4,羽毛球馆-15号,14:00-15:00,1,1,已售/已满,教学时间,多云,19,18,3,0.0,78,31
2026-05-21 11:00:44,2026-05-22,4,羽毛球馆-15号,14:00-15:00,1,1,已售/已满,教学时间,多云,21,17,5,0.0,74,31
2026-05-21 11:30:38,2026-05-22,4,羽毛球馆-15号,14:00-15:00,1,1,已售/已满,教学时间,多云,21,19,3,0.0,72,33
2026-05-21 12:00:46,2026-05-22,4,羽毛球馆-15号,14:00-15:00,1,1,已售/已满,教学时间,多云,22,19,4,0.0,70,33
2026-05-21 12:30:42,2026-05-22,4,羽毛球馆-15号,14:00-15:00,1,1,已售/已满,教学时间,多云,22,21,3,0.0,68,35
2026-05-21 13:00:43,2026-05-22,4,羽毛球馆-15号,14:00-15:00,1,1,已售/已满,教学时间,多云,24,22,4,0.0,66,35
2026-05-21 13:30:43,2026-05-22,4,羽毛球馆-15号,14:00-15:00,1,1,已售/已满,教学时间,多云,24,22,4,0.0,66,36
2026-05-21 14:00:48,2026-05-22,4,羽毛球馆-15号,14:00-15:00,1,1,已售/已满,教学时间,多云,25,23,4,0.0,66,36
2026-05-21 14:30:45,2026-05-22,4,羽毛球馆-15号,14:00-15:00,1,1,已售/已满,教学时间,晴,25,25,3,0.0,65,39
2026-05-21 15:00:45,2026-05-22,4,羽毛球馆-15号,14:00-15:00,1,1,已售/已满,教学时间,晴,25,22,4,0.0,56,39
2026-05-21 15:30:43,2026-05-22,4,羽毛球馆-15号,14:00-15:00,1,1,已售/已满,教学时间,晴,25,23,4,0.0,57,40
2026-05-21 16:00:51,2026-05-22,4,羽毛球馆-15号,14:00-15:00,1,1,已售/已满,教学时间,晴,25,23,4,0.0,57,40
2026-05-21 16:30:48,2026-05-22,4,羽毛球馆-15号,14:00-15:00,1,1,已售/已满,教学时间,晴,25,24,3,0.0,60,39
2026-05-21 17:00:49,2026-05-22,4,羽毛球馆-15号,14:00-15:00,1,1,已售/已满,教学时间,晴,25,24,4,0.0,61,39
2026-05-21 17:30:47,2026-05-22,4,羽毛球馆-15号,14:00-15:00,1,1,已售/已满,教学时间,多云,24,23,3,0.0,64,39
2026-05-21 18:00:50,2026-05-22,4,羽毛球馆-15号,14:00-15:00,1,1,已售/已满,教学时间,多云,24,23,3,0.0,68,39
2026-05-21 18:30:50,2026-05-22,4,羽毛球馆-15号,14:00-15:00,1,1,已售/已满,教学时间,阴,24,25,2,0.0,68,40
2026-05-21 19:00:50,2026-05-22,4,羽毛球馆-15号,14:00-15:00,1,1,已售/已满,教学时间,阴,23,23,3,0.0,76,40
2026-05-21 19:30:46,2026-05-22,4,羽毛球馆-15号,14:00-15:00,1,1,已售/已满,教学时间,阴,23,24,2,0.0,77,39
2026-05-21 20:00:49,2026-05-22,4,羽毛球馆-15号,14:00-15:00,1,1,已售/已满,教学时间,雾,22,23,2,0.0,89,39
2026-05-21 20:30:44,2026-05-22,4,羽毛球馆-15号,14:00-15:00,1,1,已售/已满,教学时间,雾,22,24,2,0.0,93,43
2026-05-21 21:00:56,2026-05-22,4,羽毛球馆-15号,14:00-15:00,1,1,已售/已满,教学时间,雾,20,21,2,0.0,98,43
2026-05-21 21:30:46,2026-05-22,4,羽毛球馆-15号,14:00-15:00,1,1,已售/已满,教学时间,雾,20,22,1,0.0,99,41
2026-05-21 22:01:02,2026-05-22,4,羽毛球馆-15号,14:00-15:00,1,1,已售/已满,教学时间,雾,19,20,2,0.0,93,41
2026-05-21 22:30:47,2026-05-22,4,羽毛球馆-15号,14:00-15:00,1,1,已售/已满,教学时间,雾,19,19,3,0.0,88,46
2026-05-21 23:00:56,2026-05-22,4,羽毛球馆-15号,14:00-15:00,1,1,已售/已满,教学时间,多云,18,17,3,0.0,85,46
2026-05-21 23:30:55,2026-05-22,4,羽毛球馆-15号,14:00-15:00,1,1,已售/已满,教学时间,多云,18,17,3,0.0,85,48
2026-05-21 08:00:45,2026-05-22,4,羽毛球馆-15号,15:00-16:00,1,1,已售/已满,教学时间,晴,17,12,5,0.0,86,29
2026-05-21 08:02:30,2026-05-22,4,羽毛球馆-15号,15:00-16:00,1,1,已售/已满,教学时间,多云,17,12,5,0.0,87,29
2026-05-21 08:05:36,2026-05-22,4,羽毛球馆-15号,15:00-16:00,1,1,已售/已满,教学时间,多云,17,12,5,0.0,86,29
2026-05-21 08:08:31,2026-05-22,4,羽毛球馆-15号,15:00-16:00,1,1,已售/已满,教学时间,多云,17,12,5,0.0,86,29
2026-05-21 08:11:30,2026-05-22,4,羽毛球馆-15号,15:00-16:00,1,1,已售/已满,教学时间,多云,17,12,5,0.0,86,29
2026-05-21 08:14:31,2026-05-22,4,羽毛球馆-15号,15:00-16:00,1,1,已售/已满,教学时间,多云,17,12,5,0.0,86,29
2026-05-21 08:17:30,2026-05-22,4,羽毛球馆-15号,15:00-16:00,1,1,已售/已满,教学时间,多云,17,12,5,0.0,86,29
2026-05-21 08:20:35,2026-05-22,4,羽毛球馆-15号,15:00-16:00,1,1,已售/已满,教学时间,多云,17,14,4,0.0,85,29
2026-05-21 08:25:32,2026-05-22,4,羽毛球馆-15号,15:00-16:00,1,1,已售/已满,教学时间,多云,17,14,4,0.0,85,28
2026-05-21 08:30:42,2026-05-22,4,羽毛球馆-15号,15:00-16:00,1,1,已售/已满,教学时间,多云,18,15,4,0.0,84,28
2026-05-21 08:35:31,2026-05-22,4,羽毛球馆-15号,15:00-16:00,1,1,已售/已满,教学时间,多云,18,15,4,0.0,84,28
2026-05-21 08:40:38,2026-05-22,4,羽毛球馆-15号,15:00-16:00,1,1,已售/已满,教学时间,多云,18,15,4,0.0,82,28
2026-05-21 08:45:33,2026-05-22,4,羽毛球馆-15号,15:00-16:00,1,1,已售/已满,教学时间,多云,18,15,4,0.0,82,28
2026-05-21 08:50:36,2026-05-22,4,羽毛球馆-15号,15:00-16:00,1,1,已售/已满,教学时间,多云,18,15,4,0.0,82,28
2026-05-21 08:55:34,2026-05-22,4,羽毛球馆-15号,15:00-16:00,1,1,已售/已满,教学时间,多云,18,15,4,0.0,84,28
2026-05-21 09:00:51,2026-05-22,4,羽毛球馆-15号,15:00-16:00,1,1,已售/已满,教学时间,多云,18,15,4,0.0,84,28
2026-05-21 09:01:59,2026-05-22,4,羽毛球馆-15号,15:00-16:00,1,1,已售/已满,教学时间,多云,18,15,4,0.0,83,28
2026-05-21 09:05:33,2026-05-22,4,羽毛球馆-15号,15:00-16:00,1,1,已售/已满,教学时间,多云,18,15,4,0.0,83,28
2026-05-21 09:20:38,2026-05-22,4,羽毛球馆-15号,15:00-16:00,1,1,已售/已满,教学时间,多云,18,16,3,0.0,81,28
2026-05-21 09:30:46,2026-05-22,4,羽毛球馆-15号,15:00-16:00,1,1,已售/已满,教学时间,多云,18,16,3,0.0,81,32
2026-05-21 09:40:36,2026-05-22,4,羽毛球馆-15号,15:00-16:00,1,1,已售/已满,教学时间,多云,19,17,3,0.0,79,32
2026-05-21 09:50:42,2026-05-22,4,羽毛球馆-15号,15:00-16:00,1,1,已售/已满,教学时间,多云,19,17,4,0.0,81,32
2026-05-21 10:00:46,2026-05-22,4,羽毛球馆-15号,15:00-16:00,1,1,已售/已满,教学时间,多云,19,17,4,0.0,79,32
2026-05-21 10:10:40,2026-05-22,4,羽毛球馆-15号,15:00-16:00,1,1,已售/已满,教学时间,多云,19,17,4,0.0,79,32
2026-05-21 10:20:38,2026-05-22,4,羽毛球馆-15号,15:00-16:00,1,1,已售/已满,教学时间,多云,19,17,4,0.0,79,32
2026-05-21 10:30:41,2026-05-22,4,羽毛球馆-15号,15:00-16:00,1,1,已售/已满,教学时间,多云,19,18,3,0.0,78,31
2026-05-21 11:00:44,2026-05-22,4,羽毛球馆-15号,15:00-16:00,1,1,已售/已满,教学时间,多云,21,17,5,0.0,74,31
2026-05-21 11:30:38,2026-05-22,4,羽毛球馆-15号,15:00-16:00,1,1,已售/已满,教学时间,多云,21,19,3,0.0,72,33
2026-05-21 12:00:46,2026-05-22,4,羽毛球馆-15号,15:00-16:00,1,1,已售/已满,教学时间,多云,22,19,4,0.0,70,33
2026-05-21 12:30:42,2026-05-22,4,羽毛球馆-15号,15:00-16:00,1,1,已售/已满,教学时间,多云,22,21,3,0.0,68,35
2026-05-21 13:00:43,2026-05-22,4,羽毛球馆-15号,15:00-16:00,1,1,已售/已满,教学时间,多云,24,22,4,0.0,66,35
2026-05-21 13:30:43,2026-05-22,4,羽毛球馆-15号,15:00-16:00,1,1,已售/已满,教学时间,多云,24,22,4,0.0,66,36
2026-05-21 14:00:48,2026-05-22,4,羽毛球馆-15号,15:00-16:00,1,1,已售/已满,教学时间,多云,25,23,4,0.0,66,36
2026-05-21 14:30:45,2026-05-22,4,羽毛球馆-15号,15:00-16:00,1,1,已售/已满,教学时间,晴,25,25,3,0.0,65,39
2026-05-21 15:00:45,2026-05-22,4,羽毛球馆-15号,15:00-16:00,1,1,已售/已满,教学时间,晴,25,22,4,0.0,56,39
2026-05-21 15:30:43,2026-05-22,4,羽毛球馆-15号,15:00-16:00,1,1,已售/已满,教学时间,晴,25,23,4,0.0,57,40
2026-05-21 16:00:51,2026-05-22,4,羽毛球馆-15号,15:00-16:00,1,1,已售/已满,教学时间,晴,25,23,4,0.0,57,40
2026-05-21 16:30:48,2026-05-22,4,羽毛球馆-15号,15:00-16:00,1,1,已售/已满,教学时间,晴,25,24,3,0.0,60,39
2026-05-21 17:00:49,2026-05-22,4,羽毛球馆-15号,15:00-16:00,1,1,已售/已满,教学时间,晴,25,24,4,0.0,61,39
2026-05-21 17:30:47,2026-05-22,4,羽毛球馆-15号,15:00-16:00,1,1,已售/已满,教学时间,多云,24,23,3,0.0,64,39
2026-05-21 18:00:50,2026-05-22,4,羽毛球馆-15号,15:00-16:00,1,1,已售/已满,教学时间,多云,24,23,3,0.0,68,39
2026-05-21 18:30:50,2026-05-22,4,羽毛球馆-15号,15:00-16:00,1,1,已售/已满,教学时间,阴,24,25,2,0.0,68,40
2026-05-21 19:00:50,2026-05-22,4,羽毛球馆-15号,15:00-16:00,1,1,已售/已满,教学时间,阴,23,23,3,0.0,76,40
2026-05-21 19:30:46,2026-05-22,4,羽毛球馆-15号,15:00-16:00,1,1,已售/已满,教学时间,阴,23,24,2,0.0,77,39
2026-05-21 20:00:49,2026-05-22,4,羽毛球馆-15号,15:00-16:00,1,1,已售/已满,教学时间,雾,22,23,2,0.0,89,39
2026-05-21 20:30:44,2026-05-22,4,羽毛球馆-15号,15:00-16:00,1,1,已售/已满,教学时间,雾,22,24,2,0.0,93,43
2026-05-21 21:00:56,2026-05-22,4,羽毛球馆-15号,15:00-16:00,1,1,已售/已满,教学时间,雾,20,21,2,0.0,98,43
2026-05-21 21:30:46,2026-05-22,4,羽毛球馆-15号,15:00-16:00,1,1,已售/已满,教学时间,雾,20,22,1,0.0,99,41
2026-05-21 22:01:02,2026-05-22,4,羽毛球馆-15号,15:00-16:00,1,1,已售/已满,教学时间,雾,19,20,2,0.0,93,41
2026-05-21 22:30:47,2026-05-22,4,羽毛球馆-15号,15:00-16:00,1,1,已售/已满,教学时间,雾,19,19,3,0.0,88,46
2026-05-21 23:00:56,2026-05-22,4,羽毛球馆-15号,15:00-16:00,1,1,已售/已满,教学时间,多云,18,17,3,0.0,85,46
2026-05-21 23:30:55,2026-05-22,4,羽毛球馆-15号,15:00-16:00,1,1,已售/已满,教学时间,多云,18,17,3,0.0,85,48
2026-05-21 08:00:45,2026-05-22,4,羽毛球馆-15号,16:00-17:00,0,1,可预约,￥12.0,晴,17,12,5,0.0,86,29
2026-05-21 08:02:30,2026-05-22,4,羽毛球馆-15号,16:00-17:00,0,1,可预约,￥12.0,多云,17,12,5,0.0,87,29
2026-05-21 08:05:36,2026-05-22,4,羽毛球馆-15号,16:00-17:00,0,1,可预约,￥12.0,多云,17,12,5,0.0,86,29
2026-05-21 08:08:31,2026-05-22,4,羽毛球馆-15号,16:00-17:00,0,1,可预约,￥12.0,多云,17,12,5,0.0,86,29
2026-05-21 08:11:30,2026-05-22,4,羽毛球馆-15号,16:00-17:00,0,1,可预约,￥12.0,多云,17,12,5,0.0,86,29
2026-05-21 08:14:31,2026-05-22,4,羽毛球馆-15号,16:00-17:00,0,1,可预约,￥12.0,多云,17,12,5,0.0,86,29
2026-05-21 08:17:30,2026-05-22,4,羽毛球馆-15号,16:00-17:00,0,1,可预约,￥12.0,多云,17,12,5,0.0,86,29
2026-05-21 08:20:35,2026-05-22,4,羽毛球馆-15号,16:00-17:00,0,1,可预约,￥12.0,多云,17,14,4,0.0,85,29
2026-05-21 08:25:32,2026-05-22,4,羽毛球馆-15号,16:00-17:00,0,1,可预约,￥12.0,多云,17,14,4,0.0,85,28
2026-05-21 08:30:42,2026-05-22,4,羽毛球馆-15号,16:00-17:00,0,1,可预约,￥12.0,多云,18,15,4,0.0,84,28
2026-05-21 08:35:31,2026-05-22,4,羽毛球馆-15号,16:00-17:00,0,1,可预约,￥12.0,多云,18,15,4,0.0,84,28
2026-05-21 08:40:38,2026-05-22,4,羽毛球馆-15号,16:00-17:00,0,1,可预约,￥12.0,多云,18,15,4,0.0,82,28
2026-05-21 08:45:33,2026-05-22,4,羽毛球馆-15号,16:00-17:00,0,1,可预约,￥12.0,多云,18,15,4,0.0,82,28
2026-05-21 08:50:36,2026-05-22,4,羽毛球馆-15号,16:00-17:00,0,1,可预约,￥12.0,多云,18,15,4,0.0,82,28
2026-05-21 08:55:34,2026-05-22,4,羽毛球馆-15号,16:00-17:00,0,1,可预约,￥12.0,多云,18,15,4,0.0,84,28
2026-05-21 09:00:51,2026-05-22,4,羽毛球馆-15号,16:00-17:00,0,1,可预约,￥12.0,多云,18,15,4,0.0,84,28
2026-05-21 09:01:59,2026-05-22,4,羽毛球馆-15号,16:00-17:00,0,1,可预约,￥12.0,多云,18,15,4,0.0,83,28
2026-05-21 09:05:33,2026-05-22,4,羽毛球馆-15号,16:00-17:00,0,1,可预约,￥12.0,多云,18,15,4,0.0,83,28
2026-05-21 09:20:38,2026-05-22,4,羽毛球馆-15号,16:00-17:00,0,1,可预约,￥12.0,多云,18,16,3,0.0,81,28
2026-05-21 09:30:46,2026-05-22,4,羽毛球馆-15号,16:00-17:00,0,1,可预约,￥12.0,多云,18,16,3,0.0,81,32
2026-05-21 09:40:36,2026-05-22,4,羽毛球馆-15号,16:00-17:00,0,1,可预约,￥12.0,多云,19,17,3,0.0,79,32
2026-05-21 09:50:42,2026-05-22,4,羽毛球馆-15号,16:00-17:00,0,1,可预约,￥12.0,多云,19,17,4,0.0,81,32
2026-05-21 10:00:46,2026-05-22,4,羽毛球馆-15号,16:00-17:00,0,1,可预约,￥12.0,多云,19,17,4,0.0,79,32
2026-05-21 10:10:40,2026-05-22,4,羽毛球馆-15号,16:00-17:00,0,1,可预约,￥12.0,多云,19,17,4,0.0,79,32
2026-05-21 10:20:38,2026-05-22,4,羽毛球馆-15号,16:00-17:00,0,1,可预约,￥12.0,多云,19,17,4,0.0,79,32
2026-05-21 10:30:41,2026-05-22,4,羽毛球馆-15号,16:00-17:00,0,1,可预约,￥12.0,多云,19,18,3,0.0,78,31
2026-05-21 11:00:44,2026-05-22,4,羽毛球馆-15号,16:00-17:00,0,1,可预约,￥12.0,多云,21,17,5,0.0,74,31
2026-05-21 11:30:38,2026-05-22,4,羽毛球馆-15号,16:00-17:00,0,1,可预约,￥12.0,多云,21,19,3,0.0,72,33
2026-05-21 12:00:46,2026-05-22,4,羽毛球馆-15号,16:00-17:00,0,1,可预约,￥12.0,多云,22,19,4,0.0,70,33
2026-05-21 12:30:42,2026-05-22,4,羽毛球馆-15号,16:00-17:00,0,1,可预约,￥12.0,多云,22,21,3,0.0,68,35
2026-05-21 13:00:43,2026-05-22,4,羽毛球馆-15号,16:00-17:00,0,1,可预约,￥12.0,多云,24,22,4,0.0,66,35
2026-05-21 13:30:43,2026-05-22,4,羽毛球馆-15号,16:00-17:00,0,1,可预约,￥12.0,多云,24,22,4,0.0,66,36
2026-05-21 14:00:48,2026-05-22,4,羽毛球馆-15号,16:00-17:00,0,1,可预约,￥12.0,多云,25,23,4,0.0,66,36
2026-05-21 14:30:45,2026-05-22,4,羽毛球馆-15号,16:00-17:00,0,1,可预约,￥12.0,晴,25,25,3,0.0,65,39
2026-05-21 15:00:45,2026-05-22,4,羽毛球馆-15号,16:00-17:00,0,1,可预约,￥12.0,晴,25,22,4,0.0,56,39
2026-05-21 15:30:43,2026-05-22,4,羽毛球馆-15号,16:00-17:00,0,1,可预约,￥12.0,晴,25,23,4,0.0,57,40
2026-05-21 16:00:51,2026-05-22,4,羽毛球馆-15号,16:00-17:00,0,1,可预约,￥12.0,晴,25,23,4,0.0,57,40
2026-05-21 16:30:48,2026-05-22,4,羽毛球馆-15号,16:00-17:00,0,1,可预约,￥12.0,晴,25,24,3,0.0,60,39
2026-05-21 17:00:49,2026-05-22,4,羽毛球馆-15号,16:00-17:00,0,1,可预约,￥12.0,晴,25,24,4,0.0,61,39
2026-05-21 17:30:47,2026-05-22,4,羽毛球馆-15号,16:00-17:00,0,1,可预约,￥12.0,多云,24,23,3,0.0,64,39
2026-05-21 18:00:50,2026-05-22,4,羽毛球馆-15号,16:00-17:00,0,1,可预约,￥12.0,多云,24,23,3,0.0,68,39
2026-05-21 18:30:50,2026-05-22,4,羽毛球馆-15号,16:00-17:00,0,1,可预约,￥12.0,阴,24,25,2,0.0,68,40
2026-05-21 19:00:50,2026-05-22,4,羽毛球馆-15号,16:00-17:00,0,1,可预约,￥12.0,阴,23,23,3,0.0,76,40
2026-05-21 19:30:46,2026-05-22,4,羽毛球馆-15号,16:00-17:00,0,1,可预约,￥12.0,阴,23,24,2,0.0,77,39
2026-05-21 20:00:49,2026-05-22,4,羽毛球馆-15号,16:00-17:00,0,1,可预约,￥12.0,雾,22,23,2,0.0,89,39
2026-05-21 20:30:44,2026-05-22,4,羽毛球馆-15号,16:00-17:00,0,1,可预约,￥12.0,雾,22,24,2,0.0,93,43
2026-05-21 21:00:56,2026-05-22,4,羽毛球馆-15号,16:00-17:00,1,1,已售/已满,已售,雾,20,21,2,0.0,98,43
2026-05-21 21:30:46,2026-05-22,4,羽毛球馆-15号,16:00-17:00,1,1,已售/已满,已售,雾,20,22,1,0.0,99,41
2026-05-21 22:01:02,2026-05-22,4,羽毛球馆-15号,16:00-17:00,1,1,已售/已满,已售,雾,19,20,2,0.0,93,41
2026-05-21 22:30:47,2026-05-22,4,羽毛球馆-15号,16:00-17:00,1,1,已售/已满,已售,雾,19,19,3,0.0,88,46
2026-05-21 23:00:56,2026-05-22,4,羽毛球馆-15号,16:00-17:00,1,1,已售/已满,已售,多云,18,17,3,0.0,85,46
2026-05-21 23:30:55,2026-05-22,4,羽毛球馆-15号,16:00-17:00,1,1,已售/已满,已售,多云,18,17,3,0.0,85,48
2026-05-21 08:00:45,2026-05-22,4,羽毛球馆-15号,17:00-18:00,0,1,可预约,￥12.0,晴,17,12,5,0.0,86,29
2026-05-21 08:02:30,2026-05-22,4,羽毛球馆-15号,17:00-18:00,0,1,可预约,￥12.0,多云,17,12,5,0.0,87,29
2026-05-21 08:05:36,2026-05-22,4,羽毛球馆-15号,17:00-18:00,0,1,可预约,￥12.0,多云,17,12,5,0.0,86,29
2026-05-21 08:08:31,2026-05-22,4,羽毛球馆-15号,17:00-18:00,0,1,可预约,￥12.0,多云,17,12,5,0.0,86,29
2026-05-21 08:11:30,2026-05-22,4,羽毛球馆-15号,17:00-18:00,0,1,可预约,￥12.0,多云,17,12,5,0.0,86,29
2026-05-21 08:14:31,2026-05-22,4,羽毛球馆-15号,17:00-18:00,0,1,可预约,￥12.0,多云,17,12,5,0.0,86,29
2026-05-21 08:17:30,2026-05-22,4,羽毛球馆-15号,17:00-18:00,0,1,可预约,￥12.0,多云,17,12,5,0.0,86,29
2026-05-21 08:20:35,2026-05-22,4,羽毛球馆-15号,17:00-18:00,0,1,可预约,￥12.0,多云,17,14,4,0.0,85,29
2026-05-21 08:25:32,2026-05-22,4,羽毛球馆-15号,17:00-18:00,0,1,可预约,￥12.0,多云,17,14,4,0.0,85,28
2026-05-21 08:30:42,2026-05-22,4,羽毛球馆-15号,17:00-18:00,0,1,可预约,￥12.0,多云,18,15,4,0.0,84,28
2026-05-21 08:35:31,2026-05-22,4,羽毛球馆-15号,17:00-18:00,0,1,可预约,￥12.0,多云,18,15,4,0.0,84,28
2026-05-21 08:40:38,2026-05-22,4,羽毛球馆-15号,17:00-18:00,0,1,可预约,￥12.0,多云,18,15,4,0.0,82,28
2026-05-21 08:45:33,2026-05-22,4,羽毛球馆-15号,17:00-18:00,0,1,可预约,￥12.0,多云,18,15,4,0.0,82,28
2026-05-21 08:50:36,2026-05-22,4,羽毛球馆-15号,17:00-18:00,0,1,可预约,￥12.0,多云,18,15,4,0.0,82,28
2026-05-21 08:55:34,2026-05-22,4,羽毛球馆-15号,17:00-18:00,0,1,可预约,￥12.0,多云,18,15,4,0.0,84,28
2026-05-21 09:00:51,2026-05-22,4,羽毛球馆-15号,17:00-18:00,0,1,可预约,￥12.0,多云,18,15,4,0.0,84,28
2026-05-21 09:01:59,2026-05-22,4,羽毛球馆-15号,17:00-18:00,0,1,可预约,￥12.0,多云,18,15,4,0.0,83,28
2026-05-21 09:05:33,2026-05-22,4,羽毛球馆-15号,17:00-18:00,0,1,可预约,￥12.0,多云,18,15,4,0.0,83,28
2026-05-21 09:20:38,2026-05-22,4,羽毛球馆-15号,17:00-18:00,0,1,可预约,￥12.0,多云,18,16,3,0.0,81,28
2026-05-21 09:30:46,2026-05-22,4,羽毛球馆-15号,17:00-18:00,0,1,可预约,￥12.0,多云,18,16,3,0.0,81,32
2026-05-21 09:40:36,2026-05-22,4,羽毛球馆-15号,17:00-18:00,0,1,可预约,￥12.0,多云,19,17,3,0.0,79,32
2026-05-21 09:50:42,2026-05-22,4,羽毛球馆-15号,17:00-18:00,1,1,已售/已满,已售,多云,19,17,4,0.0,81,32
2026-05-21 10:00:46,2026-05-22,4,羽毛球馆-15号,17:00-18:00,1,1,已售/已满,已售,多云,19,17,4,0.0,79,32
2026-05-21 10:10:40,2026-05-22,4,羽毛球馆-15号,17:00-18:00,1,1,已售/已满,已售,多云,19,17,4,0.0,79,32
2026-05-21 10:20:38,2026-05-22,4,羽毛球馆-15号,17:00-18:00,1,1,已售/已满,已售,多云,19,17,4,0.0,79,32
2026-05-21 10:30:41,2026-05-22,4,羽毛球馆-15号,17:00-18:00,1,1,已售/已满,已售,多云,19,18,3,0.0,78,31
2026-05-21 11:00:44,2026-05-22,4,羽毛球馆-15号,17:00-18:00,1,1,已售/已满,已售,多云,21,17,5,0.0,74,31
2026-05-21 11:30:38,2026-05-22,4,羽毛球馆-15号,17:00-18:00,1,1,已售/已满,已售,多云,21,19,3,0.0,72,33
2026-05-21 12:00:46,2026-05-22,4,羽毛球馆-15号,17:00-18:00,1,1,已售/已满,已售,多云,22,19,4,0.0,70,33
2026-05-21 12:30:42,2026-05-22,4,羽毛球馆-15号,17:00-18:00,1,1,已售/已满,已售,多云,22,21,3,0.0,68,35
2026-05-21 13:00:43,2026-05-22,4,羽毛球馆-15号,17:00-18:00,1,1,已售/已满,已售,多云,24,22,4,0.0,66,35
2026-05-21 13:30:43,2026-05-22,4,羽毛球馆-15号,17:00-18:00,1,1,已售/已满,已售,多云,24,22,4,0.0,66,36
2026-05-21 14:00:48,2026-05-22,4,羽毛球馆-15号,17:00-18:00,1,1,已售/已满,已售,多云,25,23,4,0.0,66,36
2026-05-21 14:30:45,2026-05-22,4,羽毛球馆-15号,17:00-18:00,1,1,已售/已满,已售,晴,25,25,3,0.0,65,39
2026-05-21 15:00:45,2026-05-22,4,羽毛球馆-15号,17:00-18:00,1,1,已售/已满,已售,晴,25,22,4,0.0,56,39
2026-05-21 15:30:43,2026-05-22,4,羽毛球馆-15号,17:00-18:00,1,1,已售/已满,已售,晴,25,23,4,0.0,57,40
2026-05-21 16:00:51,2026-05-22,4,羽毛球馆-15号,17:00-18:00,1,1,已售/已满,已售,晴,25,23,4,0.0,57,40
2026-05-21 16:30:48,2026-05-22,4,羽毛球馆-15号,17:00-18:00,1,1,已售/已满,已售,晴,25,24,3,0.0,60,39
2026-05-21 17:00:49,2026-05-22,4,羽毛球馆-15号,17:00-18:00,1,1,已售/已满,已售,晴,25,24,4,0.0,61,39
2026-05-21 17:30:47,2026-05-22,4,羽毛球馆-15号,17:00-18:00,1,1,已售/已满,已售,多云,24,23,3,0.0,64,39
2026-05-21 18:00:50,2026-05-22,4,羽毛球馆-15号,17:00-18:00,1,1,已售/已满,已售,多云,24,23,3,0.0,68,39
2026-05-21 18:30:50,2026-05-22,4,羽毛球馆-15号,17:00-18:00,1,1,已售/已满,已售,阴,24,25,2,0.0,68,40
2026-05-21 19:00:50,2026-05-22,4,羽毛球馆-15号,17:00-18:00,1,1,已售/已满,已售,阴,23,23,3,0.0,76,40
2026-05-21 19:30:46,2026-05-22,4,羽毛球馆-15号,17:00-18:00,1,1,已售/已满,已售,阴,23,24,2,0.0,77,39
2026-05-21 20:00:49,2026-05-22,4,羽毛球馆-15号,17:00-18:00,1,1,已售/已满,已售,雾,22,23,2,0.0,89,39
2026-05-21 20:30:44,2026-05-22,4,羽毛球馆-15号,17:00-18:00,1,1,已售/已满,已售,雾,22,24,2,0.0,93,43
2026-05-21 21:00:56,2026-05-22,4,羽毛球馆-15号,17:00-18:00,1,1,已售/已满,已售,雾,20,21,2,0.0,98,43
2026-05-21 21:30:46,2026-05-22,4,羽毛球馆-15号,17:00-18:00,1,1,已售/已满,已售,雾,20,22,1,0.0,99,41
2026-05-21 22:01:02,2026-05-22,4,羽毛球馆-15号,17:00-18:00,1,1,已售/已满,已售,雾,19,20,2,0.0,93,41
2026-05-21 22:30:47,2026-05-22,4,羽毛球馆-15号,17:00-18:00,1,1,已售/已满,已售,雾,19,19,3,0.0,88,46
2026-05-21 23:00:56,2026-05-22,4,羽毛球馆-15号,17:00-18:00,1,1,已售/已满,已售,多云,18,17,3,0.0,85,46
2026-05-21 23:30:55,2026-05-22,4,羽毛球馆-15号,17:00-18:00,1,1,已售/已满,已售,多云,18,17,3,0.0,85,48
2026-05-21 08:00:45,2026-05-22,4,羽毛球馆-15号,18:30-19:30,0,1,可预约,￥12.0,晴,17,12,5,0.0,86,29
2026-05-21 08:02:30,2026-05-22,4,羽毛球馆-15号,18:30-19:30,0,1,可预约,￥12.0,多云,17,12,5,0.0,87,29
2026-05-21 08:05:36,2026-05-22,4,羽毛球馆-15号,18:30-19:30,0,1,可预约,￥12.0,多云,17,12,5,0.0,86,29
2026-05-21 08:08:31,2026-05-22,4,羽毛球馆-15号,18:30-19:30,0,1,可预约,￥12.0,多云,17,12,5,0.0,86,29
2026-05-21 08:11:30,2026-05-22,4,羽毛球馆-15号,18:30-19:30,0,1,可预约,￥12.0,多云,17,12,5,0.0,86,29
2026-05-21 08:14:31,2026-05-22,4,羽毛球馆-15号,18:30-19:30,0,1,可预约,￥12.0,多云,17,12,5,0.0,86,29
2026-05-21 08:17:30,2026-05-22,4,羽毛球馆-15号,18:30-19:30,0,1,可预约,￥12.0,多云,17,12,5,0.0,86,29
2026-05-21 08:20:35,2026-05-22,4,羽毛球馆-15号,18:30-19:30,0,1,可预约,￥12.0,多云,17,14,4,0.0,85,29
2026-05-21 08:25:32,2026-05-22,4,羽毛球馆-15号,18:30-19:30,0,1,可预约,￥12.0,多云,17,14,4,0.0,85,28
2026-05-21 08:30:42,2026-05-22,4,羽毛球馆-15号,18:30-19:30,0,1,可预约,￥12.0,多云,18,15,4,0.0,84,28
2026-05-21 08:35:31,2026-05-22,4,羽毛球馆-15号,18:30-19:30,0,1,可预约,￥12.0,多云,18,15,4,0.0,84,28
2026-05-21 08:40:38,2026-05-22,4,羽毛球馆-15号,18:30-19:30,0,1,可预约,￥12.0,多云,18,15,4,0.0,82,28
2026-05-21 08:45:33,2026-05-22,4,羽毛球馆-15号,18:30-19:30,0,1,可预约,￥12.0,多云,18,15,4,0.0,82,28
2026-05-21 08:50:36,2026-05-22,4,羽毛球馆-15号,18:30-19:30,0,1,可预约,￥12.0,多云,18,15,4,0.0,82,28
2026-05-21 08:55:34,2026-05-22,4,羽毛球馆-15号,18:30-19:30,0,1,可预约,￥12.0,多云,18,15,4,0.0,84,28
2026-05-21 09:00:51,2026-05-22,4,羽毛球馆-15号,18:30-19:30,0,1,可预约,￥12.0,多云,18,15,4,0.0,84,28
2026-05-21 09:01:59,2026-05-22,4,羽毛球馆-15号,18:30-19:30,0,1,可预约,￥12.0,多云,18,15,4,0.0,83,28
2026-05-21 09:05:33,2026-05-22,4,羽毛球馆-15号,18:30-19:30,0,1,可预约,￥12.0,多云,18,15,4,0.0,83,28
2026-05-21 09:20:38,2026-05-22,4,羽毛球馆-15号,18:30-19:30,1,1,已售/已满,已售,多云,18,16,3,0.0,81,28
2026-05-21 09:30:46,2026-05-22,4,羽毛球馆-15号,18:30-19:30,1,1,已售/已满,已售,多云,18,16,3,0.0,81,32
2026-05-21 09:40:36,2026-05-22,4,羽毛球馆-15号,18:30-19:30,1,1,已售/已满,已售,多云,19,17,3,0.0,79,32
2026-05-21 09:50:42,2026-05-22,4,羽毛球馆-15号,18:30-19:30,1,1,已售/已满,已售,多云,19,17,4,0.0,81,32
2026-05-21 10:00:46,2026-05-22,4,羽毛球馆-15号,18:30-19:30,1,1,已售/已满,已售,多云,19,17,4,0.0,79,32
2026-05-21 10:10:40,2026-05-22,4,羽毛球馆-15号,18:30-19:30,1,1,已售/已满,已售,多云,19,17,4,0.0,79,32
2026-05-21 10:20:38,2026-05-22,4,羽毛球馆-15号,18:30-19:30,1,1,已售/已满,已售,多云,19,17,4,0.0,79,32
2026-05-21 10:30:41,2026-05-22,4,羽毛球馆-15号,18:30-19:30,1,1,已售/已满,已售,多云,19,18,3,0.0,78,31
2026-05-21 11:00:44,2026-05-22,4,羽毛球馆-15号,18:30-19:30,1,1,已售/已满,已售,多云,21,17,5,0.0,74,31
2026-05-21 11:30:38,2026-05-22,4,羽毛球馆-15号,18:30-19:30,1,1,已售/已满,已售,多云,21,19,3,0.0,72,33
2026-05-21 12:00:46,2026-05-22,4,羽毛球馆-15号,18:30-19:30,1,1,已售/已满,已售,多云,22,19,4,0.0,70,33
2026-05-21 12:30:42,2026-05-22,4,羽毛球馆-15号,18:30-19:30,1,1,已售/已满,已售,多云,22,21,3,0.0,68,35
2026-05-21 13:00:43,2026-05-22,4,羽毛球馆-15号,18:30-19:30,1,1,已售/已满,已售,多云,24,22,4,0.0,66,35
2026-05-21 13:30:43,2026-05-22,4,羽毛球馆-15号,18:30-19:30,1,1,已售/已满,已售,多云,24,22,4,0.0,66,36
2026-05-21 14:00:48,2026-05-22,4,羽毛球馆-15号,18:30-19:30,1,1,已售/已满,已售,多云,25,23,4,0.0,66,36
2026-05-21 14:30:45,2026-05-22,4,羽毛球馆-15号,18:30-19:30,1,1,已售/已满,已售,晴,25,25,3,0.0,65,39
2026-05-21 15:00:45,2026-05-22,4,羽毛球馆-15号,18:30-19:30,1,1,已售/已满,已售,晴,25,22,4,0.0,56,39
2026-05-21 15:30:43,2026-05-22,4,羽毛球馆-15号,18:30-19:30,1,1,已售/已满,已售,晴,25,23,4,0.0,57,40
2026-05-21 16:00:51,2026-05-22,4,羽毛球馆-15号,18:30-19:30,1,1,已售/已满,已售,晴,25,23,4,0.0,57,40
2026-05-21 16:30:48,2026-05-22,4,羽毛球馆-15号,18:30-19:30,1,1,已售/已满,已售,晴,25,24,3,0.0,60,39
2026-05-21 17:00:49,2026-05-22,4,羽毛球馆-15号,18:30-19:30,1,1,已售/已满,已售,晴,25,24,4,0.0,61,39
2026-05-21 17:30:47,2026-05-22,4,羽毛球馆-15号,18:30-19:30,1,1,已售/已满,已售,多云,24,23,3,0.0,64,39
2026-05-21 18:00:50,2026-05-22,4,羽毛球馆-15号,18:30-19:30,1,1,已售/已满,已售,多云,24,23,3,0.0,68,39
2026-05-21 18:30:50,2026-05-22,4,羽毛球馆-15号,18:30-19:30,1,1,已售/已满,已售,阴,24,25,2,0.0,68,40
2026-05-21 19:00:50,2026-05-22,4,羽毛球馆-15号,18:30-19:30,1,1,已售/已满,已售,阴,23,23,3,0.0,76,40
2026-05-21 19:30:46,2026-05-22,4,羽毛球馆-15号,18:30-19:30,1,1,已售/已满,已售,阴,23,24,2,0.0,77,39
2026-05-21 20:00:49,2026-05-22,4,羽毛球馆-15号,18:30-19:30,1,1,已售/已满,已售,雾,22,23,2,0.0,89,39
2026-05-21 20:30:44,2026-05-22,4,羽毛球馆-15号,18:30-19:30,1,1,已售/已满,已售,雾,22,24,2,0.0,93,43
2026-05-21 21:00:56,2026-05-22,4,羽毛球馆-15号,18:30-19:30,1,1,已售/已满,已售,雾,20,21,2,0.0,98,43
2026-05-21 21:30:46,2026-05-22,4,羽毛球馆-15号,18:30-19:30,1,1,已售/已满,已售,雾,20,22,1,0.0,99,41
2026-05-21 22:01:02,2026-05-22,4,羽毛球馆-15号,18:30-19:30,1,1,已售/已满,已售,雾,19,20,2,0.0,93,41
2026-05-21 22:30:47,2026-05-22,4,羽毛球馆-15号,18:30-19:30,1,1,已售/已满,已售,雾,19,19,3,0.0,88,46
2026-05-21 23:00:56,2026-05-22,4,羽毛球馆-15号,18:30-19:30,1,1,已售/已满,已售,多云,18,17,3,0.0,85,46
2026-05-21 23:30:55,2026-05-22,4,羽毛球馆-15号,18:30-19:30,1,1,已售/已满,已售,多云,18,17,3,0.0,85,48
2026-05-21 08:00:45,2026-05-22,4,羽毛球馆-15号,19:30-20:30,1,1,已售/已满,已售,晴,17,12,5,0.0,86,29
2026-05-21 08:02:30,2026-05-22,4,羽毛球馆-15号,19:30-20:30,1,1,已售/已满,已售,多云,17,12,5,0.0,87,29
2026-05-21 08:05:36,2026-05-22,4,羽毛球馆-15号,19:30-20:30,1,1,已售/已满,已售,多云,17,12,5,0.0,86,29
2026-05-21 08:08:31,2026-05-22,4,羽毛球馆-15号,19:30-20:30,1,1,已售/已满,已售,多云,17,12,5,0.0,86,29
2026-05-21 08:11:30,2026-05-22,4,羽毛球馆-15号,19:30-20:30,1,1,已售/已满,已售,多云,17,12,5,0.0,86,29
2026-05-21 08:14:31,2026-05-22,4,羽毛球馆-15号,19:30-20:30,1,1,已售/已满,已售,多云,17,12,5,0.0,86,29
2026-05-21 08:17:30,2026-05-22,4,羽毛球馆-15号,19:30-20:30,1,1,已售/已满,已售,多云,17,12,5,0.0,86,29
2026-05-21 08:20:35,2026-05-22,4,羽毛球馆-15号,19:30-20:30,1,1,已售/已满,已售,多云,17,14,4,0.0,85,29
2026-05-21 08:25:32,2026-05-22,4,羽毛球馆-15号,19:30-20:30,1,1,已售/已满,已售,多云,17,14,4,0.0,85,28
2026-05-21 08:30:42,2026-05-22,4,羽毛球馆-15号,19:30-20:30,1,1,已售/已满,已售,多云,18,15,4,0.0,84,28
2026-05-21 08:35:31,2026-05-22,4,羽毛球馆-15号,19:30-20:30,1,1,已售/已满,已售,多云,18,15,4,0.0,84,28
2026-05-21 08:40:38,2026-05-22,4,羽毛球馆-15号,19:30-20:30,1,1,已售/已满,已售,多云,18,15,4,0.0,82,28
2026-05-21 08:45:33,2026-05-22,4,羽毛球馆-15号,19:30-20:30,1,1,已售/已满,已售,多云,18,15,4,0.0,82,28
2026-05-21 08:50:36,2026-05-22,4,羽毛球馆-15号,19:30-20:30,1,1,已售/已满,已售,多云,18,15,4,0.0,82,28
2026-05-21 08:55:34,2026-05-22,4,羽毛球馆-15号,19:30-20:30,1,1,已售/已满,已售,多云,18,15,4,0.0,84,28
2026-05-21 09:00:51,2026-05-22,4,羽毛球馆-15号,19:30-20:30,1,1,已售/已满,已售,多云,18,15,4,0.0,84,28
2026-05-21 09:01:59,2026-05-22,4,羽毛球馆-15号,19:30-20:30,1,1,已售/已满,已售,多云,18,15,4,0.0,83,28
2026-05-21 09:05:33,2026-05-22,4,羽毛球馆-15号,19:30-20:30,1,1,已售/已满,已售,多云,18,15,4,0.0,83,28
2026-05-21 09:20:38,2026-05-22,4,羽毛球馆-15号,19:30-20:30,1,1,已售/已满,已售,多云,18,16,3,0.0,81,28
2026-05-21 09:30:46,2026-05-22,4,羽毛球馆-15号,19:30-20:30,1,1,已售/已满,已售,多云,18,16,3,0.0,81,32
2026-05-21 09:40:36,2026-05-22,4,羽毛球馆-15号,19:30-20:30,1,1,已售/已满,已售,多云,19,17,3,0.0,79,32
2026-05-21 09:50:42,2026-05-22,4,羽毛球馆-15号,19:30-20:30,1,1,已售/已满,已售,多云,19,17,4,0.0,81,32
2026-05-21 10:00:46,2026-05-22,4,羽毛球馆-15号,19:30-20:30,1,1,已售/已满,已售,多云,19,17,4,0.0,79,32
2026-05-21 10:10:40,2026-05-22,4,羽毛球馆-15号,19:30-20:30,1,1,已售/已满,已售,多云,19,17,4,0.0,79,32
2026-05-21 10:20:38,2026-05-22,4,羽毛球馆-15号,19:30-20:30,1,1,已售/已满,已售,多云,19,17,4,0.0,79,32
2026-05-21 10:30:41,2026-05-22,4,羽毛球馆-15号,19:30-20:30,1,1,已售/已满,已售,多云,19,18,3,0.0,78,31
2026-05-21 11:00:44,2026-05-22,4,羽毛球馆-15号,19:30-20:30,1,1,已售/已满,已售,多云,21,17,5,0.0,74,31
2026-05-21 11:30:38,2026-05-22,4,羽毛球馆-15号,19:30-20:30,1,1,已售/已满,已售,多云,21,19,3,0.0,72,33
2026-05-21 12:00:46,2026-05-22,4,羽毛球馆-15号,19:30-20:30,1,1,已售/已满,已售,多云,22,19,4,0.0,70,33
2026-05-21 12:30:42,2026-05-22,4,羽毛球馆-15号,19:30-20:30,1,1,已售/已满,已售,多云,22,21,3,0.0,68,35
2026-05-21 13:00:43,2026-05-22,4,羽毛球馆-15号,19:30-20:30,1,1,已售/已满,已售,多云,24,22,4,0.0,66,35
2026-05-21 13:30:43,2026-05-22,4,羽毛球馆-15号,19:30-20:30,1,1,已售/已满,已售,多云,24,22,4,0.0,66,36
2026-05-21 14:00:48,2026-05-22,4,羽毛球馆-15号,19:30-20:30,1,1,已售/已满,已售,多云,25,23,4,0.0,66,36
2026-05-21 14:30:45,2026-05-22,4,羽毛球馆-15号,19:30-20:30,1,1,已售/已满,已售,晴,25,25,3,0.0,65,39
2026-05-21 15:00:45,2026-05-22,4,羽毛球馆-15号,19:30-20:30,1,1,已售/已满,已售,晴,25,22,4,0.0,56,39
2026-05-21 15:30:43,2026-05-22,4,羽毛球馆-15号,19:30-20:30,1,1,已售/已满,已售,晴,25,23,4,0.0,57,40
2026-05-21 16:00:51,2026-05-22,4,羽毛球馆-15号,19:30-20:30,1,1,已售/已满,已售,晴,25,23,4,0.0,57,40
2026-05-21 16:30:48,2026-05-22,4,羽毛球馆-15号,19:30-20:30,1,1,已售/已满,已售,晴,25,24,3,0.0,60,39
2026-05-21 17:00:49,2026-05-22,4,羽毛球馆-15号,19:30-20:30,1,1,已售/已满,已售,晴,25,24,4,0.0,61,39
2026-05-21 17:30:47,2026-05-22,4,羽毛球馆-15号,19:30-20:30,1,1,已售/已满,已售,多云,24,23,3,0.0,64,39
2026-05-21 18:00:50,2026-05-22,4,羽毛球馆-15号,19:30-20:30,1,1,已售/已满,已售,多云,24,23,3,0.0,68,39
2026-05-21 18:30:50,2026-05-22,4,羽毛球馆-15号,19:30-20:30,1,1,已售/已满,已售,阴,24,25,2,0.0,68,40
2026-05-21 19:00:50,2026-05-22,4,羽毛球馆-15号,19:30-20:30,1,1,已售/已满,已售,阴,23,23,3,0.0,76,40
2026-05-21 19:30:46,2026-05-22,4,羽毛球馆-15号,19:30-20:30,1,1,已售/已满,已售,阴,23,24,2,0.0,77,39
2026-05-21 20:00:49,2026-05-22,4,羽毛球馆-15号,19:30-20:30,1,1,已售/已满,已售,雾,22,23,2,0.0,89,39
2026-05-21 20:30:44,2026-05-22,4,羽毛球馆-15号,19:30-20:30,1,1,已售/已满,已售,雾,22,24,2,0.0,93,43
2026-05-21 21:00:56,2026-05-22,4,羽毛球馆-15号,19:30-20:30,1,1,已售/已满,已售,雾,20,21,2,0.0,98,43
2026-05-21 21:30:46,2026-05-22,4,羽毛球馆-15号,19:30-20:30,1,1,已售/已满,已售,雾,20,22,1,0.0,99,41
2026-05-21 22:01:02,2026-05-22,4,羽毛球馆-15号,19:30-20:30,1,1,已售/已满,已售,雾,19,20,2,0.0,93,41
2026-05-21 22:30:47,2026-05-22,4,羽毛球馆-15号,19:30-20:30,1,1,已售/已满,已售,雾,19,19,3,0.0,88,46
2026-05-21 23:00:56,2026-05-22,4,羽毛球馆-15号,19:30-20:30,1,1,已售/已满,已售,多云,18,17,3,0.0,85,46
2026-05-21 23:30:55,2026-05-22,4,羽毛球馆-15号,19:30-20:30,1,1,已售/已满,已售,多云,18,17,3,0.0,85,48
2026-05-21 08:00:45,2026-05-22,4,羽毛球馆-15号,20:30-21:30,1,1,已售/已满,已售,晴,17,12,5,0.0,86,29
2026-05-21 08:02:30,2026-05-22,4,羽毛球馆-15号,20:30-21:30,1,1,已售/已满,已售,多云,17,12,5,0.0,87,29
2026-05-21 08:05:36,2026-05-22,4,羽毛球馆-15号,20:30-21:30,1,1,已售/已满,已售,多云,17,12,5,0.0,86,29
2026-05-21 08:08:31,2026-05-22,4,羽毛球馆-15号,20:30-21:30,1,1,已售/已满,已售,多云,17,12,5,0.0,86,29
2026-05-21 08:11:30,2026-05-22,4,羽毛球馆-15号,20:30-21:30,1,1,已售/已满,已售,多云,17,12,5,0.0,86,29
2026-05-21 08:14:31,2026-05-22,4,羽毛球馆-15号,20:30-21:30,1,1,已售/已满,已售,多云,17,12,5,0.0,86,29
2026-05-21 08:17:30,2026-05-22,4,羽毛球馆-15号,20:30-21:30,1,1,已售/已满,已售,多云,17,12,5,0.0,86,29
2026-05-21 08:20:35,2026-05-22,4,羽毛球馆-15号,20:30-21:30,1,1,已售/已满,已售,多云,17,14,4,0.0,85,29
2026-05-21 08:25:32,2026-05-22,4,羽毛球馆-15号,20:30-21:30,1,1,已售/已满,已售,多云,17,14,4,0.0,85,28
2026-05-21 08:30:42,2026-05-22,4,羽毛球馆-15号,20:30-21:30,1,1,已售/已满,已售,多云,18,15,4,0.0,84,28
2026-05-21 08:35:31,2026-05-22,4,羽毛球馆-15号,20:30-21:30,1,1,已售/已满,已售,多云,18,15,4,0.0,84,28
2026-05-21 08:40:38,2026-05-22,4,羽毛球馆-15号,20:30-21:30,1,1,已售/已满,已售,多云,18,15,4,0.0,82,28
2026-05-21 08:45:33,2026-05-22,4,羽毛球馆-15号,20:30-21:30,1,1,已售/已满,已售,多云,18,15,4,0.0,82,28
2026-05-21 08:50:36,2026-05-22,4,羽毛球馆-15号,20:30-21:30,1,1,已售/已满,已售,多云,18,15,4,0.0,82,28
2026-05-21 08:55:34,2026-05-22,4,羽毛球馆-15号,20:30-21:30,1,1,已售/已满,已售,多云,18,15,4,0.0,84,28
2026-05-21 09:00:51,2026-05-22,4,羽毛球馆-15号,20:30-21:30,1,1,已售/已满,已售,多云,18,15,4,0.0,84,28
2026-05-21 09:01:59,2026-05-22,4,羽毛球馆-15号,20:30-21:30,1,1,已售/已满,已售,多云,18,15,4,0.0,83,28
2026-05-21 09:05:33,2026-05-22,4,羽毛球馆-15号,20:30-21:30,1,1,已售/已满,已售,多云,18,15,4,0.0,83,28
2026-05-21 09:20:38,2026-05-22,4,羽毛球馆-15号,20:30-21:30,1,1,已售/已满,已售,多云,18,16,3,0.0,81,28
2026-05-21 09:30:46,2026-05-22,4,羽毛球馆-15号,20:30-21:30,1,1,已售/已满,已售,多云,18,16,3,0.0,81,32
2026-05-21 09:40:36,2026-05-22,4,羽毛球馆-15号,20:30-21:30,1,1,已售/已满,已售,多云,19,17,3,0.0,79,32
2026-05-21 09:50:42,2026-05-22,4,羽毛球馆-15号,20:30-21:30,1,1,已售/已满,已售,多云,19,17,4,0.0,81,32
2026-05-21 10:00:46,2026-05-22,4,羽毛球馆-15号,20:30-21:30,1,1,已售/已满,已售,多云,19,17,4,0.0,79,32
2026-05-21 10:10:40,2026-05-22,4,羽毛球馆-15号,20:30-21:30,1,1,已售/已满,已售,多云,19,17,4,0.0,79,32
2026-05-21 10:20:38,2026-05-22,4,羽毛球馆-15号,20:30-21:30,1,1,已售/已满,已售,多云,19,17,4,0.0,79,32
2026-05-21 10:30:41,2026-05-22,4,羽毛球馆-15号,20:30-21:30,1,1,已售/已满,已售,多云,19,18,3,0.0,78,31
2026-05-21 11:00:44,2026-05-22,4,羽毛球馆-15号,20:30-21:30,1,1,已售/已满,已售,多云,21,17,5,0.0,74,31
2026-05-21 11:30:38,2026-05-22,4,羽毛球馆-15号,20:30-21:30,1,1,已售/已满,已售,多云,21,19,3,0.0,72,33
2026-05-21 12:00:46,2026-05-22,4,羽毛球馆-15号,20:30-21:30,1,1,已售/已满,已售,多云,22,19,4,0.0,70,33
2026-05-21 12:30:42,2026-05-22,4,羽毛球馆-15号,20:30-21:30,1,1,已售/已满,已售,多云,22,21,3,0.0,68,35
2026-05-21 13:00:43,2026-05-22,4,羽毛球馆-15号,20:30-21:30,1,1,已售/已满,已售,多云,24,22,4,0.0,66,35
2026-05-21 13:30:43,2026-05-22,4,羽毛球馆-15号,20:30-21:30,1,1,已售/已满,已售,多云,24,22,4,0.0,66,36
2026-05-21 14:00:48,2026-05-22,4,羽毛球馆-15号,20:30-21:30,1,1,已售/已满,已售,多云,25,23,4,0.0,66,36
2026-05-21 14:30:45,2026-05-22,4,羽毛球馆-15号,20:30-21:30,1,1,已售/已满,已售,晴,25,25,3,0.0,65,39
2026-05-21 15:00:45,2026-05-22,4,羽毛球馆-15号,20:30-21:30,1,1,已售/已满,已售,晴,25,22,4,0.0,56,39
2026-05-21 15:30:43,2026-05-22,4,羽毛球馆-15号,20:30-21:30,1,1,已售/已满,已售,晴,25,23,4,0.0,57,40
2026-05-21 16:00:51,2026-05-22,4,羽毛球馆-15号,20:30-21:30,1,1,已售/已满,已售,晴,25,23,4,0.0,57,40
2026-05-21 16:30:48,2026-05-22,4,羽毛球馆-15号,20:30-21:30,1,1,已售/已满,已售,晴,25,24,3,0.0,60,39
2026-05-21 17:00:49,2026-05-22,4,羽毛球馆-15号,20:30-21:30,1,1,已售/已满,已售,晴,25,24,4,0.0,61,39
2026-05-21 17:30:47,2026-05-22,4,羽毛球馆-15号,20:30-21:30,1,1,已售/已满,已售,多云,24,23,3,0.0,64,39
2026-05-21 18:00:50,2026-05-22,4,羽毛球馆-15号,20:30-21:30,1,1,已售/已满,已售,多云,24,23,3,0.0,68,39
2026-05-21 18:30:50,2026-05-22,4,羽毛球馆-15号,20:30-21:30,1,1,已售/已满,已售,阴,24,25,2,0.0,68,40
2026-05-21 19:00:50,2026-05-22,4,羽毛球馆-15号,20:30-21:30,1,1,已售/已满,已售,阴,23,23,3,0.0,76,40
2026-05-21 19:30:46,2026-05-22,4,羽毛球馆-15号,20:30-21:30,1,1,已售/已满,已售,阴,23,24,2,0.0,77,39
2026-05-21 20:00:49,2026-05-22,4,羽毛球馆-15号,20:30-21:30,1,1,已售/已满,已售,雾,22,23,2,0.0,89,39
2026-05-21 20:30:44,2026-05-22,4,羽毛球馆-15号,20:30-21:30,1,1,已售/已满,已售,雾,22,24,2,0.0,93,43
2026-05-21 21:00:56,2026-05-22,4,羽毛球馆-15号,20:30-21:30,1,1,已售/已满,已售,雾,20,21,2,0.0,98,43
2026-05-21 21:30:46,2026-05-22,4,羽毛球馆-15号,20:30-21:30,1,1,已售/已满,已售,雾,20,22,1,0.0,99,41
2026-05-21 22:01:02,2026-05-22,4,羽毛球馆-15号,20:30-21:30,1,1,已售/已满,已售,雾,19,20,2,0.0,93,41
2026-05-21 22:30:47,2026-05-22,4,羽毛球馆-15号,20:30-21:30,1,1,已售/已满,已售,雾,19,19,3,0.0,88,46
2026-05-21 23:00:56,2026-05-22,4,羽毛球馆-15号,20:30-21:30,1,1,已售/已满,已售,多云,18,17,3,0.0,85,46
2026-05-21 23:30:55,2026-05-22,4,羽毛球馆-15号,20:30-21:30,1,1,已售/已满,已售,多云,18,17,3,0.0,85,48
2026-05-21 08:00:45,2026-05-22,4,羽毛球馆-16号,07:00-08:00,0,1,可预约,￥0.0,晴,17,12,5,0.0,86,29
2026-05-21 08:02:30,2026-05-22,4,羽毛球馆-16号,07:00-08:00,0,1,可预约,￥0.0,多云,17,12,5,0.0,87,29
2026-05-21 08:05:36,2026-05-22,4,羽毛球馆-16号,07:00-08:00,0,1,可预约,￥0.0,多云,17,12,5,0.0,86,29
2026-05-21 08:08:31,2026-05-22,4,羽毛球馆-16号,07:00-08:00,0,1,可预约,￥0.0,多云,17,12,5,0.0,86,29
2026-05-21 08:11:30,2026-05-22,4,羽毛球馆-16号,07:00-08:00,0,1,可预约,￥0.0,多云,17,12,5,0.0,86,29
2026-05-21 08:14:31,2026-05-22,4,羽毛球馆-16号,07:00-08:00,0,1,可预约,￥0.0,多云,17,12,5,0.0,86,29
2026-05-21 08:17:30,2026-05-22,4,羽毛球馆-16号,07:00-08:00,0,1,可预约,￥0.0,多云,17,12,5,0.0,86,29
2026-05-21 08:20:35,2026-05-22,4,羽毛球馆-16号,07:00-08:00,0,1,可预约,￥0.0,多云,17,14,4,0.0,85,29
2026-05-21 08:25:32,2026-05-22,4,羽毛球馆-16号,07:00-08:00,0,1,可预约,￥0.0,多云,17,14,4,0.0,85,28
2026-05-21 08:30:42,2026-05-22,4,羽毛球馆-16号,07:00-08:00,0,1,可预约,￥0.0,多云,18,15,4,0.0,84,28
2026-05-21 08:35:31,2026-05-22,4,羽毛球馆-16号,07:00-08:00,0,1,可预约,￥0.0,多云,18,15,4,0.0,84,28
2026-05-21 08:40:38,2026-05-22,4,羽毛球馆-16号,07:00-08:00,0,1,可预约,￥0.0,多云,18,15,4,0.0,82,28
2026-05-21 08:45:33,2026-05-22,4,羽毛球馆-16号,07:00-08:00,0,1,可预约,￥0.0,多云,18,15,4,0.0,82,28
2026-05-21 08:50:36,2026-05-22,4,羽毛球馆-16号,07:00-08:00,0,1,可预约,￥0.0,多云,18,15,4,0.0,82,28
2026-05-21 08:55:34,2026-05-22,4,羽毛球馆-16号,07:00-08:00,0,1,可预约,￥0.0,多云,18,15,4,0.0,84,28
2026-05-21 09:00:51,2026-05-22,4,羽毛球馆-16号,07:00-08:00,0,1,可预约,￥0.0,多云,18,15,4,0.0,84,28
2026-05-21 09:01:59,2026-05-22,4,羽毛球馆-16号,07:00-08:00,0,1,可预约,￥0.0,多云,18,15,4,0.0,83,28
2026-05-21 09:05:33,2026-05-22,4,羽毛球馆-16号,07:00-08:00,0,1,可预约,￥0.0,多云,18,15,4,0.0,83,28
2026-05-21 09:20:38,2026-05-22,4,羽毛球馆-16号,07:00-08:00,0,1,可预约,￥0.0,多云,18,16,3,0.0,81,28
2026-05-21 09:30:46,2026-05-22,4,羽毛球馆-16号,07:00-08:00,0,1,可预约,￥0.0,多云,18,16,3,0.0,81,32
2026-05-21 09:40:36,2026-05-22,4,羽毛球馆-16号,07:00-08:00,0,1,可预约,￥0.0,多云,19,17,3,0.0,79,32
2026-05-21 09:50:42,2026-05-22,4,羽毛球馆-16号,07:00-08:00,0,1,可预约,￥0.0,多云,19,17,4,0.0,81,32
2026-05-21 10:00:46,2026-05-22,4,羽毛球馆-16号,07:00-08:00,0,1,可预约,￥0.0,多云,19,17,4,0.0,79,32
2026-05-21 10:10:40,2026-05-22,4,羽毛球馆-16号,07:00-08:00,0,1,可预约,￥0.0,多云,19,17,4,0.0,79,32
2026-05-21 10:20:38,2026-05-22,4,羽毛球馆-16号,07:00-08:00,0,1,可预约,￥0.0,多云,19,17,4,0.0,79,32
2026-05-21 10:30:41,2026-05-22,4,羽毛球馆-16号,07:00-08:00,0,1,可预约,￥0.0,多云,19,18,3,0.0,78,31
2026-05-21 11:00:44,2026-05-22,4,羽毛球馆-16号,07:00-08:00,0,1,可预约,￥0.0,多云,21,17,5,0.0,74,31
2026-05-21 11:30:38,2026-05-22,4,羽毛球馆-16号,07:00-08:00,0,1,可预约,￥0.0,多云,21,19,3,0.0,72,33
2026-05-21 12:00:46,2026-05-22,4,羽毛球馆-16号,07:00-08:00,0,1,可预约,￥0.0,多云,22,19,4,0.0,70,33
2026-05-21 12:30:42,2026-05-22,4,羽毛球馆-16号,07:00-08:00,0,1,可预约,￥0.0,多云,22,21,3,0.0,68,35
2026-05-21 13:00:43,2026-05-22,4,羽毛球馆-16号,07:00-08:00,0,1,可预约,￥0.0,多云,24,22,4,0.0,66,35
2026-05-21 13:30:43,2026-05-22,4,羽毛球馆-16号,07:00-08:00,0,1,可预约,￥0.0,多云,24,22,4,0.0,66,36
2026-05-21 14:00:48,2026-05-22,4,羽毛球馆-16号,07:00-08:00,0,1,可预约,￥0.0,多云,25,23,4,0.0,66,36
2026-05-21 14:30:45,2026-05-22,4,羽毛球馆-16号,07:00-08:00,0,1,可预约,￥0.0,晴,25,25,3,0.0,65,39
2026-05-21 15:00:45,2026-05-22,4,羽毛球馆-16号,07:00-08:00,0,1,可预约,￥0.0,晴,25,22,4,0.0,56,39
2026-05-21 15:30:43,2026-05-22,4,羽毛球馆-16号,07:00-08:00,0,1,可预约,￥0.0,晴,25,23,4,0.0,57,40
2026-05-21 16:00:51,2026-05-22,4,羽毛球馆-16号,07:00-08:00,0,1,可预约,￥0.0,晴,25,23,4,0.0,57,40
2026-05-21 16:30:48,2026-05-22,4,羽毛球馆-16号,07:00-08:00,0,1,可预约,￥0.0,晴,25,24,3,0.0,60,39
2026-05-21 17:00:49,2026-05-22,4,羽毛球馆-16号,07:00-08:00,0,1,可预约,￥0.0,晴,25,24,4,0.0,61,39
2026-05-21 17:30:47,2026-05-22,4,羽毛球馆-16号,07:00-08:00,0,1,可预约,￥0.0,多云,24,23,3,0.0,64,39
2026-05-21 18:00:50,2026-05-22,4,羽毛球馆-16号,07:00-08:00,0,1,可预约,￥0.0,多云,24,23,3,0.0,68,39
2026-05-21 18:30:50,2026-05-22,4,羽毛球馆-16号,07:00-08:00,0,1,可预约,￥0.0,阴,24,25,2,0.0,68,40
2026-05-21 19:00:50,2026-05-22,4,羽毛球馆-16号,07:00-08:00,0,1,可预约,￥0.0,阴,23,23,3,0.0,76,40
2026-05-21 19:30:46,2026-05-22,4,羽毛球馆-16号,07:00-08:00,0,1,可预约,￥0.0,阴,23,24,2,0.0,77,39
2026-05-21 20:00:49,2026-05-22,4,羽毛球馆-16号,07:00-08:00,0,1,可预约,￥0.0,雾,22,23,2,0.0,89,39
2026-05-21 20:30:44,2026-05-22,4,羽毛球馆-16号,07:00-08:00,0,1,可预约,￥0.0,雾,22,24,2,0.0,93,43
2026-05-21 21:00:56,2026-05-22,4,羽毛球馆-16号,07:00-08:00,0,1,可预约,￥0.0,雾,20,21,2,0.0,98,43
2026-05-21 21:30:46,2026-05-22,4,羽毛球馆-16号,07:00-08:00,0,1,可预约,￥0.0,雾,20,22,1,0.0,99,41
2026-05-21 22:01:02,2026-05-22,4,羽毛球馆-16号,07:00-08:00,0,1,可预约,￥0.0,雾,19,20,2,0.0,93,41
2026-05-21 22:30:47,2026-05-22,4,羽毛球馆-16号,07:00-08:00,0,1,可预约,￥0.0,雾,19,19,3,0.0,88,46
2026-05-21 23:00:56,2026-05-22,4,羽毛球馆-16号,07:00-08:00,0,1,可预约,￥0.0,多云,18,17,3,0.0,85,46
2026-05-21 23:30:55,2026-05-22,4,羽毛球馆-16号,07:00-08:00,0,1,可预约,￥0.0,多云,18,17,3,0.0,85,48
2026-05-21 08:00:45,2026-05-22,4,羽毛球馆-16号,08:00-09:00,0,1,可预约,￥0.0,晴,17,12,5,0.0,86,29
2026-05-21 08:02:30,2026-05-22,4,羽毛球馆-16号,08:00-09:00,0,1,可预约,￥0.0,多云,17,12,5,0.0,87,29
2026-05-21 08:05:36,2026-05-22,4,羽毛球馆-16号,08:00-09:00,0,1,可预约,￥0.0,多云,17,12,5,0.0,86,29
2026-05-21 08:08:31,2026-05-22,4,羽毛球馆-16号,08:00-09:00,0,1,可预约,￥0.0,多云,17,12,5,0.0,86,29
2026-05-21 08:11:30,2026-05-22,4,羽毛球馆-16号,08:00-09:00,0,1,可预约,￥0.0,多云,17,12,5,0.0,86,29
2026-05-21 08:14:31,2026-05-22,4,羽毛球馆-16号,08:00-09:00,0,1,可预约,￥0.0,多云,17,12,5,0.0,86,29
2026-05-21 08:17:30,2026-05-22,4,羽毛球馆-16号,08:00-09:00,0,1,可预约,￥0.0,多云,17,12,5,0.0,86,29
2026-05-21 08:20:35,2026-05-22,4,羽毛球馆-16号,08:00-09:00,0,1,可预约,￥0.0,多云,17,14,4,0.0,85,29
2026-05-21 08:25:32,2026-05-22,4,羽毛球馆-16号,08:00-09:00,0,1,可预约,￥0.0,多云,17,14,4,0.0,85,28
2026-05-21 08:30:42,2026-05-22,4,羽毛球馆-16号,08:00-09:00,0,1,可预约,￥0.0,多云,18,15,4,0.0,84,28
2026-05-21 08:35:31,2026-05-22,4,羽毛球馆-16号,08:00-09:00,0,1,可预约,￥0.0,多云,18,15,4,0.0,84,28
2026-05-21 08:40:38,2026-05-22,4,羽毛球馆-16号,08:00-09:00,0,1,可预约,￥0.0,多云,18,15,4,0.0,82,28
2026-05-21 08:45:33,2026-05-22,4,羽毛球馆-16号,08:00-09:00,0,1,可预约,￥0.0,多云,18,15,4,0.0,82,28
2026-05-21 08:50:36,2026-05-22,4,羽毛球馆-16号,08:00-09:00,0,1,可预约,￥0.0,多云,18,15,4,0.0,82,28
2026-05-21 08:55:34,2026-05-22,4,羽毛球馆-16号,08:00-09:00,0,1,可预约,￥0.0,多云,18,15,4,0.0,84,28
2026-05-21 09:00:51,2026-05-22,4,羽毛球馆-16号,08:00-09:00,0,1,可预约,￥0.0,多云,18,15,4,0.0,84,28
2026-05-21 09:01:59,2026-05-22,4,羽毛球馆-16号,08:00-09:00,0,1,可预约,￥0.0,多云,18,15,4,0.0,83,28
2026-05-21 09:05:33,2026-05-22,4,羽毛球馆-16号,08:00-09:00,0,1,可预约,￥0.0,多云,18,15,4,0.0,83,28
2026-05-21 09:20:38,2026-05-22,4,羽毛球馆-16号,08:00-09:00,0,1,可预约,￥0.0,多云,18,16,3,0.0,81,28
2026-05-21 09:30:46,2026-05-22,4,羽毛球馆-16号,08:00-09:00,0,1,可预约,￥0.0,多云,18,16,3,0.0,81,32
2026-05-21 09:40:36,2026-05-22,4,羽毛球馆-16号,08:00-09:00,0,1,可预约,￥0.0,多云,19,17,3,0.0,79,32
2026-05-21 09:50:42,2026-05-22,4,羽毛球馆-16号,08:00-09:00,0,1,可预约,￥0.0,多云,19,17,4,0.0,81,32
2026-05-21 10:00:46,2026-05-22,4,羽毛球馆-16号,08:00-09:00,0,1,可预约,￥0.0,多云,19,17,4,0.0,79,32
2026-05-21 10:10:40,2026-05-22,4,羽毛球馆-16号,08:00-09:00,0,1,可预约,￥0.0,多云,19,17,4,0.0,79,32
2026-05-21 10:20:38,2026-05-22,4,羽毛球馆-16号,08:00-09:00,0,1,可预约,￥0.0,多云,19,17,4,0.0,79,32
2026-05-21 10:30:41,2026-05-22,4,羽毛球馆-16号,08:00-09:00,0,1,可预约,￥0.0,多云,19,18,3,0.0,78,31
2026-05-21 11:00:44,2026-05-22,4,羽毛球馆-16号,08:00-09:00,1,1,已售/已满,已售,多云,21,17,5,0.0,74,31
2026-05-21 11:30:38,2026-05-22,4,羽毛球馆-16号,08:00-09:00,1,1,已售/已满,已售,多云,21,19,3,0.0,72,33
2026-05-21 12:00:46,2026-05-22,4,羽毛球馆-16号,08:00-09:00,1,1,已售/已满,已售,多云,22,19,4,0.0,70,33
2026-05-21 12:30:42,2026-05-22,4,羽毛球馆-16号,08:00-09:00,1,1,已售/已满,已售,多云,22,21,3,0.0,68,35
2026-05-21 13:00:43,2026-05-22,4,羽毛球馆-16号,08:00-09:00,1,1,已售/已满,已售,多云,24,22,4,0.0,66,35
2026-05-21 13:30:43,2026-05-22,4,羽毛球馆-16号,08:00-09:00,1,1,已售/已满,已售,多云,24,22,4,0.0,66,36
2026-05-21 14:00:48,2026-05-22,4,羽毛球馆-16号,08:00-09:00,1,1,已售/已满,已售,多云,25,23,4,0.0,66,36
2026-05-21 14:30:45,2026-05-22,4,羽毛球馆-16号,08:00-09:00,1,1,已售/已满,已售,晴,25,25,3,0.0,65,39
2026-05-21 15:00:45,2026-05-22,4,羽毛球馆-16号,08:00-09:00,1,1,已售/已满,已售,晴,25,22,4,0.0,56,39
2026-05-21 15:30:43,2026-05-22,4,羽毛球馆-16号,08:00-09:00,1,1,已售/已满,已售,晴,25,23,4,0.0,57,40
2026-05-21 16:00:51,2026-05-22,4,羽毛球馆-16号,08:00-09:00,1,1,已售/已满,已售,晴,25,23,4,0.0,57,40
2026-05-21 16:30:48,2026-05-22,4,羽毛球馆-16号,08:00-09:00,1,1,已售/已满,已售,晴,25,24,3,0.0,60,39
2026-05-21 17:00:49,2026-05-22,4,羽毛球馆-16号,08:00-09:00,1,1,已售/已满,已售,晴,25,24,4,0.0,61,39
2026-05-21 17:30:47,2026-05-22,4,羽毛球馆-16号,08:00-09:00,1,1,已售/已满,已售,多云,24,23,3,0.0,64,39
2026-05-21 18:00:50,2026-05-22,4,羽毛球馆-16号,08:00-09:00,1,1,已售/已满,已售,多云,24,23,3,0.0,68,39
2026-05-21 18:30:50,2026-05-22,4,羽毛球馆-16号,08:00-09:00,1,1,已售/已满,已售,阴,24,25,2,0.0,68,40
2026-05-21 19:00:50,2026-05-22,4,羽毛球馆-16号,08:00-09:00,1,1,已售/已满,已售,阴,23,23,3,0.0,76,40
2026-05-21 19:30:46,2026-05-22,4,羽毛球馆-16号,08:00-09:00,1,1,已售/已满,已售,阴,23,24,2,0.0,77,39
2026-05-21 20:00:49,2026-05-22,4,羽毛球馆-16号,08:00-09:00,1,1,已售/已满,已售,雾,22,23,2,0.0,89,39
2026-05-21 20:30:44,2026-05-22,4,羽毛球馆-16号,08:00-09:00,1,1,已售/已满,已售,雾,22,24,2,0.0,93,43
2026-05-21 21:00:56,2026-05-22,4,羽毛球馆-16号,08:00-09:00,1,1,已售/已满,已售,雾,20,21,2,0.0,98,43
2026-05-21 21:30:46,2026-05-22,4,羽毛球馆-16号,08:00-09:00,1,1,已售/已满,已售,雾,20,22,1,0.0,99,41
2026-05-21 22:01:02,2026-05-22,4,羽毛球馆-16号,08:00-09:00,1,1,已售/已满,已售,雾,19,20,2,0.0,93,41
2026-05-21 22:30:47,2026-05-22,4,羽毛球馆-16号,08:00-09:00,1,1,已售/已满,已售,雾,19,19,3,0.0,88,46
2026-05-21 23:00:56,2026-05-22,4,羽毛球馆-16号,08:00-09:00,1,1,已售/已满,已售,多云,18,17,3,0.0,85,46
2026-05-21 23:30:55,2026-05-22,4,羽毛球馆-16号,08:00-09:00,1,1,已售/已满,已售,多云,18,17,3,0.0,85,48
2026-05-21 08:00:45,2026-05-22,4,羽毛球馆-16号,09:00-10:00,0,1,可预约,￥12.0,晴,17,12,5,0.0,86,29
2026-05-21 08:02:30,2026-05-22,4,羽毛球馆-16号,09:00-10:00,0,1,可预约,￥12.0,多云,17,12,5,0.0,87,29
2026-05-21 08:05:36,2026-05-22,4,羽毛球馆-16号,09:00-10:00,0,1,可预约,￥12.0,多云,17,12,5,0.0,86,29
2026-05-21 08:08:31,2026-05-22,4,羽毛球馆-16号,09:00-10:00,0,1,可预约,￥12.0,多云,17,12,5,0.0,86,29
2026-05-21 08:11:30,2026-05-22,4,羽毛球馆-16号,09:00-10:00,0,1,可预约,￥12.0,多云,17,12,5,0.0,86,29
2026-05-21 08:14:31,2026-05-22,4,羽毛球馆-16号,09:00-10:00,0,1,可预约,￥12.0,多云,17,12,5,0.0,86,29
2026-05-21 08:17:30,2026-05-22,4,羽毛球馆-16号,09:00-10:00,0,1,可预约,￥12.0,多云,17,12,5,0.0,86,29
2026-05-21 08:20:35,2026-05-22,4,羽毛球馆-16号,09:00-10:00,0,1,可预约,￥12.0,多云,17,14,4,0.0,85,29
2026-05-21 08:25:32,2026-05-22,4,羽毛球馆-16号,09:00-10:00,0,1,可预约,￥12.0,多云,17,14,4,0.0,85,28
2026-05-21 08:30:42,2026-05-22,4,羽毛球馆-16号,09:00-10:00,0,1,可预约,￥12.0,多云,18,15,4,0.0,84,28
2026-05-21 08:35:31,2026-05-22,4,羽毛球馆-16号,09:00-10:00,0,1,可预约,￥12.0,多云,18,15,4,0.0,84,28
2026-05-21 08:40:38,2026-05-22,4,羽毛球馆-16号,09:00-10:00,0,1,可预约,￥12.0,多云,18,15,4,0.0,82,28
2026-05-21 08:45:33,2026-05-22,4,羽毛球馆-16号,09:00-10:00,0,1,可预约,￥12.0,多云,18,15,4,0.0,82,28
2026-05-21 08:50:36,2026-05-22,4,羽毛球馆-16号,09:00-10:00,0,1,可预约,￥12.0,多云,18,15,4,0.0,82,28
2026-05-21 08:55:34,2026-05-22,4,羽毛球馆-16号,09:00-10:00,0,1,可预约,￥12.0,多云,18,15,4,0.0,84,28
2026-05-21 09:00:51,2026-05-22,4,羽毛球馆-16号,09:00-10:00,0,1,可预约,￥12.0,多云,18,15,4,0.0,84,28
2026-05-21 09:01:59,2026-05-22,4,羽毛球馆-16号,09:00-10:00,0,1,可预约,￥12.0,多云,18,15,4,0.0,83,28
2026-05-21 09:05:33,2026-05-22,4,羽毛球馆-16号,09:00-10:00,0,1,可预约,￥12.0,多云,18,15,4,0.0,83,28
2026-05-21 09:20:38,2026-05-22,4,羽毛球馆-16号,09:00-10:00,0,1,可预约,￥12.0,多云,18,16,3,0.0,81,28
2026-05-21 09:30:46,2026-05-22,4,羽毛球馆-16号,09:00-10:00,0,1,可预约,￥12.0,多云,18,16,3,0.0,81,32
2026-05-21 09:40:36,2026-05-22,4,羽毛球馆-16号,09:00-10:00,0,1,可预约,￥12.0,多云,19,17,3,0.0,79,32
2026-05-21 09:50:42,2026-05-22,4,羽毛球馆-16号,09:00-10:00,0,1,可预约,￥12.0,多云,19,17,4,0.0,81,32
2026-05-21 10:00:46,2026-05-22,4,羽毛球馆-16号,09:00-10:00,0,1,可预约,￥12.0,多云,19,17,4,0.0,79,32
2026-05-21 10:10:40,2026-05-22,4,羽毛球馆-16号,09:00-10:00,0,1,可预约,￥12.0,多云,19,17,4,0.0,79,32
2026-05-21 10:20:38,2026-05-22,4,羽毛球馆-16号,09:00-10:00,0,1,可预约,￥12.0,多云,19,17,4,0.0,79,32
2026-05-21 10:30:41,2026-05-22,4,羽毛球馆-16号,09:00-10:00,0,1,可预约,￥12.0,多云,19,18,3,0.0,78,31
2026-05-21 11:00:44,2026-05-22,4,羽毛球馆-16号,09:00-10:00,0,1,可预约,￥12.0,多云,21,17,5,0.0,74,31
2026-05-21 11:30:38,2026-05-22,4,羽毛球馆-16号,09:00-10:00,0,1,可预约,￥12.0,多云,21,19,3,0.0,72,33
2026-05-21 12:00:46,2026-05-22,4,羽毛球馆-16号,09:00-10:00,0,1,可预约,￥12.0,多云,22,19,4,0.0,70,33
2026-05-21 12:30:42,2026-05-22,4,羽毛球馆-16号,09:00-10:00,0,1,可预约,￥12.0,多云,22,21,3,0.0,68,35
2026-05-21 13:00:43,2026-05-22,4,羽毛球馆-16号,09:00-10:00,0,1,可预约,￥12.0,多云,24,22,4,0.0,66,35
2026-05-21 13:30:43,2026-05-22,4,羽毛球馆-16号,09:00-10:00,0,1,可预约,￥12.0,多云,24,22,4,0.0,66,36
2026-05-21 14:00:48,2026-05-22,4,羽毛球馆-16号,09:00-10:00,0,1,可预约,￥12.0,多云,25,23,4,0.0,66,36
2026-05-21 14:30:45,2026-05-22,4,羽毛球馆-16号,09:00-10:00,0,1,可预约,￥12.0,晴,25,25,3,0.0,65,39
2026-05-21 15:00:45,2026-05-22,4,羽毛球馆-16号,09:00-10:00,0,1,可预约,￥12.0,晴,25,22,4,0.0,56,39
2026-05-21 15:30:43,2026-05-22,4,羽毛球馆-16号,09:00-10:00,0,1,可预约,￥12.0,晴,25,23,4,0.0,57,40
2026-05-21 16:00:51,2026-05-22,4,羽毛球馆-16号,09:00-10:00,0,1,可预约,￥12.0,晴,25,23,4,0.0,57,40
2026-05-21 16:30:48,2026-05-22,4,羽毛球馆-16号,09:00-10:00,0,1,可预约,￥12.0,晴,25,24,3,0.0,60,39
2026-05-21 17:00:49,2026-05-22,4,羽毛球馆-16号,09:00-10:00,0,1,可预约,￥12.0,晴,25,24,4,0.0,61,39
2026-05-21 17:30:47,2026-05-22,4,羽毛球馆-16号,09:00-10:00,0,1,可预约,￥12.0,多云,24,23,3,0.0,64,39
2026-05-21 18:00:50,2026-05-22,4,羽毛球馆-16号,09:00-10:00,0,1,可预约,￥12.0,多云,24,23,3,0.0,68,39
2026-05-21 18:30:50,2026-05-22,4,羽毛球馆-16号,09:00-10:00,0,1,可预约,￥12.0,阴,24,25,2,0.0,68,40
2026-05-21 19:00:50,2026-05-22,4,羽毛球馆-16号,09:00-10:00,0,1,可预约,￥12.0,阴,23,23,3,0.0,76,40
2026-05-21 19:30:46,2026-05-22,4,羽毛球馆-16号,09:00-10:00,0,1,可预约,￥12.0,阴,23,24,2,0.0,77,39
2026-05-21 20:00:49,2026-05-22,4,羽毛球馆-16号,09:00-10:00,0,1,可预约,￥12.0,雾,22,23,2,0.0,89,39
2026-05-21 20:30:44,2026-05-22,4,羽毛球馆-16号,09:00-10:00,0,1,可预约,￥12.0,雾,22,24,2,0.0,93,43
2026-05-21 21:00:56,2026-05-22,4,羽毛球馆-16号,09:00-10:00,0,1,可预约,￥12.0,雾,20,21,2,0.0,98,43
2026-05-21 21:30:46,2026-05-22,4,羽毛球馆-16号,09:00-10:00,0,1,可预约,￥12.0,雾,20,22,1,0.0,99,41
2026-05-21 22:01:02,2026-05-22,4,羽毛球馆-16号,09:00-10:00,0,1,可预约,￥12.0,雾,19,20,2,0.0,93,41
2026-05-21 22:30:47,2026-05-22,4,羽毛球馆-16号,09:00-10:00,0,1,可预约,￥12.0,雾,19,19,3,0.0,88,46
2026-05-21 23:00:56,2026-05-22,4,羽毛球馆-16号,09:00-10:00,0,1,可预约,￥12.0,多云,18,17,3,0.0,85,46
2026-05-21 23:30:55,2026-05-22,4,羽毛球馆-16号,09:00-10:00,0,1,可预约,￥12.0,多云,18,17,3,0.0,85,48
2026-05-21 08:00:45,2026-05-22,4,羽毛球馆-16号,10:00-11:00,1,1,已售/已满,教学时间,晴,17,12,5,0.0,86,29
2026-05-21 08:02:30,2026-05-22,4,羽毛球馆-16号,10:00-11:00,1,1,已售/已满,教学时间,多云,17,12,5,0.0,87,29
2026-05-21 08:05:36,2026-05-22,4,羽毛球馆-16号,10:00-11:00,1,1,已售/已满,教学时间,多云,17,12,5,0.0,86,29
2026-05-21 08:08:31,2026-05-22,4,羽毛球馆-16号,10:00-11:00,1,1,已售/已满,教学时间,多云,17,12,5,0.0,86,29
2026-05-21 08:11:30,2026-05-22,4,羽毛球馆-16号,10:00-11:00,1,1,已售/已满,教学时间,多云,17,12,5,0.0,86,29
2026-05-21 08:14:31,2026-05-22,4,羽毛球馆-16号,10:00-11:00,1,1,已售/已满,教学时间,多云,17,12,5,0.0,86,29
2026-05-21 08:17:30,2026-05-22,4,羽毛球馆-16号,10:00-11:00,1,1,已售/已满,教学时间,多云,17,12,5,0.0,86,29
2026-05-21 08:20:35,2026-05-22,4,羽毛球馆-16号,10:00-11:00,1,1,已售/已满,教学时间,多云,17,14,4,0.0,85,29
2026-05-21 08:25:32,2026-05-22,4,羽毛球馆-16号,10:00-11:00,1,1,已售/已满,教学时间,多云,17,14,4,0.0,85,28
2026-05-21 08:30:42,2026-05-22,4,羽毛球馆-16号,10:00-11:00,1,1,已售/已满,教学时间,多云,18,15,4,0.0,84,28
2026-05-21 08:35:31,2026-05-22,4,羽毛球馆-16号,10:00-11:00,1,1,已售/已满,教学时间,多云,18,15,4,0.0,84,28
2026-05-21 08:40:38,2026-05-22,4,羽毛球馆-16号,10:00-11:00,1,1,已售/已满,教学时间,多云,18,15,4,0.0,82,28
2026-05-21 08:45:33,2026-05-22,4,羽毛球馆-16号,10:00-11:00,1,1,已售/已满,教学时间,多云,18,15,4,0.0,82,28
2026-05-21 08:50:36,2026-05-22,4,羽毛球馆-16号,10:00-11:00,1,1,已售/已满,教学时间,多云,18,15,4,0.0,82,28
2026-05-21 08:55:34,2026-05-22,4,羽毛球馆-16号,10:00-11:00,1,1,已售/已满,教学时间,多云,18,15,4,0.0,84,28
2026-05-21 09:00:51,2026-05-22,4,羽毛球馆-16号,10:00-11:00,1,1,已售/已满,教学时间,多云,18,15,4,0.0,84,28
2026-05-21 09:01:59,2026-05-22,4,羽毛球馆-16号,10:00-11:00,1,1,已售/已满,教学时间,多云,18,15,4,0.0,83,28
2026-05-21 09:05:33,2026-05-22,4,羽毛球馆-16号,10:00-11:00,1,1,已售/已满,教学时间,多云,18,15,4,0.0,83,28
2026-05-21 09:20:38,2026-05-22,4,羽毛球馆-16号,10:00-11:00,1,1,已售/已满,教学时间,多云,18,16,3,0.0,81,28
2026-05-21 09:30:46,2026-05-22,4,羽毛球馆-16号,10:00-11:00,1,1,已售/已满,教学时间,多云,18,16,3,0.0,81,32
2026-05-21 09:40:36,2026-05-22,4,羽毛球馆-16号,10:00-11:00,1,1,已售/已满,教学时间,多云,19,17,3,0.0,79,32
2026-05-21 09:50:42,2026-05-22,4,羽毛球馆-16号,10:00-11:00,1,1,已售/已满,教学时间,多云,19,17,4,0.0,81,32
2026-05-21 10:00:46,2026-05-22,4,羽毛球馆-16号,10:00-11:00,1,1,已售/已满,教学时间,多云,19,17,4,0.0,79,32
2026-05-21 10:10:40,2026-05-22,4,羽毛球馆-16号,10:00-11:00,1,1,已售/已满,教学时间,多云,19,17,4,0.0,79,32
2026-05-21 10:20:38,2026-05-22,4,羽毛球馆-16号,10:00-11:00,1,1,已售/已满,教学时间,多云,19,17,4,0.0,79,32
2026-05-21 10:30:41,2026-05-22,4,羽毛球馆-16号,10:00-11:00,1,1,已售/已满,教学时间,多云,19,18,3,0.0,78,31
2026-05-21 11:00:44,2026-05-22,4,羽毛球馆-16号,10:00-11:00,1,1,已售/已满,教学时间,多云,21,17,5,0.0,74,31
2026-05-21 11:30:38,2026-05-22,4,羽毛球馆-16号,10:00-11:00,1,1,已售/已满,教学时间,多云,21,19,3,0.0,72,33
2026-05-21 12:00:46,2026-05-22,4,羽毛球馆-16号,10:00-11:00,1,1,已售/已满,教学时间,多云,22,19,4,0.0,70,33
2026-05-21 12:30:42,2026-05-22,4,羽毛球馆-16号,10:00-11:00,1,1,已售/已满,教学时间,多云,22,21,3,0.0,68,35
2026-05-21 13:00:43,2026-05-22,4,羽毛球馆-16号,10:00-11:00,1,1,已售/已满,教学时间,多云,24,22,4,0.0,66,35
2026-05-21 13:30:43,2026-05-22,4,羽毛球馆-16号,10:00-11:00,1,1,已售/已满,教学时间,多云,24,22,4,0.0,66,36
2026-05-21 14:00:48,2026-05-22,4,羽毛球馆-16号,10:00-11:00,1,1,已售/已满,教学时间,多云,25,23,4,0.0,66,36
2026-05-21 14:30:45,2026-05-22,4,羽毛球馆-16号,10:00-11:00,1,1,已售/已满,教学时间,晴,25,25,3,0.0,65,39
2026-05-21 15:00:45,2026-05-22,4,羽毛球馆-16号,10:00-11:00,1,1,已售/已满,教学时间,晴,25,22,4,0.0,56,39
2026-05-21 15:30:43,2026-05-22,4,羽毛球馆-16号,10:00-11:00,1,1,已售/已满,教学时间,晴,25,23,4,0.0,57,40
2026-05-21 16:00:51,2026-05-22,4,羽毛球馆-16号,10:00-11:00,1,1,已售/已满,教学时间,晴,25,23,4,0.0,57,40
2026-05-21 16:30:48,2026-05-22,4,羽毛球馆-16号,10:00-11:00,1,1,已售/已满,教学时间,晴,25,24,3,0.0,60,39
2026-05-21 17:00:49,2026-05-22,4,羽毛球馆-16号,10:00-11:00,1,1,已售/已满,教学时间,晴,25,24,4,0.0,61,39
2026-05-21 17:30:47,2026-05-22,4,羽毛球馆-16号,10:00-11:00,1,1,已售/已满,教学时间,多云,24,23,3,0.0,64,39
2026-05-21 18:00:50,2026-05-22,4,羽毛球馆-16号,10:00-11:00,1,1,已售/已满,教学时间,多云,24,23,3,0.0,68,39
2026-05-21 18:30:50,2026-05-22,4,羽毛球馆-16号,10:00-11:00,1,1,已售/已满,教学时间,阴,24,25,2,0.0,68,40
2026-05-21 19:00:50,2026-05-22,4,羽毛球馆-16号,10:00-11:00,1,1,已售/已满,教学时间,阴,23,23,3,0.0,76,40
2026-05-21 19:30:46,2026-05-22,4,羽毛球馆-16号,10:00-11:00,1,1,已售/已满,教学时间,阴,23,24,2,0.0,77,39
2026-05-21 20:00:49,2026-05-22,4,羽毛球馆-16号,10:00-11:00,1,1,已售/已满,教学时间,雾,22,23,2,0.0,89,39
2026-05-21 20:30:44,2026-05-22,4,羽毛球馆-16号,10:00-11:00,1,1,已售/已满,教学时间,雾,22,24,2,0.0,93,43
2026-05-21 21:00:56,2026-05-22,4,羽毛球馆-16号,10:00-11:00,1,1,已售/已满,教学时间,雾,20,21,2,0.0,98,43
2026-05-21 21:30:46,2026-05-22,4,羽毛球馆-16号,10:00-11:00,1,1,已售/已满,教学时间,雾,20,22,1,0.0,99,41
2026-05-21 22:01:02,2026-05-22,4,羽毛球馆-16号,10:00-11:00,1,1,已售/已满,教学时间,雾,19,20,2,0.0,93,41
2026-05-21 22:30:47,2026-05-22,4,羽毛球馆-16号,10:00-11:00,1,1,已售/已满,教学时间,雾,19,19,3,0.0,88,46
2026-05-21 23:00:56,2026-05-22,4,羽毛球馆-16号,10:00-11:00,1,1,已售/已满,教学时间,多云,18,17,3,0.0,85,46
2026-05-21 23:30:55,2026-05-22,4,羽毛球馆-16号,10:00-11:00,1,1,已售/已满,教学时间,多云,18,17,3,0.0,85,48
2026-05-21 08:00:45,2026-05-22,4,羽毛球馆-16号,11:00-12:00,1,1,已售/已满,教学时间,晴,17,12,5,0.0,86,29
2026-05-21 08:02:30,2026-05-22,4,羽毛球馆-16号,11:00-12:00,1,1,已售/已满,教学时间,多云,17,12,5,0.0,87,29
2026-05-21 08:05:36,2026-05-22,4,羽毛球馆-16号,11:00-12:00,1,1,已售/已满,教学时间,多云,17,12,5,0.0,86,29
2026-05-21 08:08:31,2026-05-22,4,羽毛球馆-16号,11:00-12:00,1,1,已售/已满,教学时间,多云,17,12,5,0.0,86,29
2026-05-21 08:11:30,2026-05-22,4,羽毛球馆-16号,11:00-12:00,1,1,已售/已满,教学时间,多云,17,12,5,0.0,86,29
2026-05-21 08:14:31,2026-05-22,4,羽毛球馆-16号,11:00-12:00,1,1,已售/已满,教学时间,多云,17,12,5,0.0,86,29
2026-05-21 08:17:30,2026-05-22,4,羽毛球馆-16号,11:00-12:00,1,1,已售/已满,教学时间,多云,17,12,5,0.0,86,29
2026-05-21 08:20:35,2026-05-22,4,羽毛球馆-16号,11:00-12:00,1,1,已售/已满,教学时间,多云,17,14,4,0.0,85,29
2026-05-21 08:25:32,2026-05-22,4,羽毛球馆-16号,11:00-12:00,1,1,已售/已满,教学时间,多云,17,14,4,0.0,85,28
2026-05-21 08:30:42,2026-05-22,4,羽毛球馆-16号,11:00-12:00,1,1,已售/已满,教学时间,多云,18,15,4,0.0,84,28
2026-05-21 08:35:31,2026-05-22,4,羽毛球馆-16号,11:00-12:00,1,1,已售/已满,教学时间,多云,18,15,4,0.0,84,28
2026-05-21 08:40:38,2026-05-22,4,羽毛球馆-16号,11:00-12:00,1,1,已售/已满,教学时间,多云,18,15,4,0.0,82,28
2026-05-21 08:45:33,2026-05-22,4,羽毛球馆-16号,11:00-12:00,1,1,已售/已满,教学时间,多云,18,15,4,0.0,82,28
2026-05-21 08:50:36,2026-05-22,4,羽毛球馆-16号,11:00-12:00,1,1,已售/已满,教学时间,多云,18,15,4,0.0,82,28
2026-05-21 08:55:34,2026-05-22,4,羽毛球馆-16号,11:00-12:00,1,1,已售/已满,教学时间,多云,18,15,4,0.0,84,28
2026-05-21 09:00:51,2026-05-22,4,羽毛球馆-16号,11:00-12:00,1,1,已售/已满,教学时间,多云,18,15,4,0.0,84,28
2026-05-21 09:01:59,2026-05-22,4,羽毛球馆-16号,11:00-12:00,1,1,已售/已满,教学时间,多云,18,15,4,0.0,83,28
2026-05-21 09:05:33,2026-05-22,4,羽毛球馆-16号,11:00-12:00,1,1,已售/已满,教学时间,多云,18,15,4,0.0,83,28
2026-05-21 09:20:38,2026-05-22,4,羽毛球馆-16号,11:00-12:00,1,1,已售/已满,教学时间,多云,18,16,3,0.0,81,28
2026-05-21 09:30:46,2026-05-22,4,羽毛球馆-16号,11:00-12:00,1,1,已售/已满,教学时间,多云,18,16,3,0.0,81,32
2026-05-21 09:40:36,2026-05-22,4,羽毛球馆-16号,11:00-12:00,1,1,已售/已满,教学时间,多云,19,17,3,0.0,79,32
2026-05-21 09:50:42,2026-05-22,4,羽毛球馆-16号,11:00-12:00,1,1,已售/已满,教学时间,多云,19,17,4,0.0,81,32
2026-05-21 10:00:46,2026-05-22,4,羽毛球馆-16号,11:00-12:00,1,1,已售/已满,教学时间,多云,19,17,4,0.0,79,32
2026-05-21 10:10:40,2026-05-22,4,羽毛球馆-16号,11:00-12:00,1,1,已售/已满,教学时间,多云,19,17,4,0.0,79,32
2026-05-21 10:20:38,2026-05-22,4,羽毛球馆-16号,11:00-12:00,1,1,已售/已满,教学时间,多云,19,17,4,0.0,79,32
2026-05-21 10:30:41,2026-05-22,4,羽毛球馆-16号,11:00-12:00,1,1,已售/已满,教学时间,多云,19,18,3,0.0,78,31
2026-05-21 11:00:44,2026-05-22,4,羽毛球馆-16号,11:00-12:00,1,1,已售/已满,教学时间,多云,21,17,5,0.0,74,31
2026-05-21 11:30:38,2026-05-22,4,羽毛球馆-16号,11:00-12:00,1,1,已售/已满,教学时间,多云,21,19,3,0.0,72,33
2026-05-21 12:00:46,2026-05-22,4,羽毛球馆-16号,11:00-12:00,1,1,已售/已满,教学时间,多云,22,19,4,0.0,70,33
2026-05-21 12:30:42,2026-05-22,4,羽毛球馆-16号,11:00-12:00,1,1,已售/已满,教学时间,多云,22,21,3,0.0,68,35
2026-05-21 13:00:43,2026-05-22,4,羽毛球馆-16号,11:00-12:00,1,1,已售/已满,教学时间,多云,24,22,4,0.0,66,35
2026-05-21 13:30:43,2026-05-22,4,羽毛球馆-16号,11:00-12:00,1,1,已售/已满,教学时间,多云,24,22,4,0.0,66,36
2026-05-21 14:00:48,2026-05-22,4,羽毛球馆-16号,11:00-12:00,1,1,已售/已满,教学时间,多云,25,23,4,0.0,66,36
2026-05-21 14:30:45,2026-05-22,4,羽毛球馆-16号,11:00-12:00,1,1,已售/已满,教学时间,晴,25,25,3,0.0,65,39
2026-05-21 15:00:45,2026-05-22,4,羽毛球馆-16号,11:00-12:00,1,1,已售/已满,教学时间,晴,25,22,4,0.0,56,39
2026-05-21 15:30:43,2026-05-22,4,羽毛球馆-16号,11:00-12:00,1,1,已售/已满,教学时间,晴,25,23,4,0.0,57,40
2026-05-21 16:00:51,2026-05-22,4,羽毛球馆-16号,11:00-12:00,1,1,已售/已满,教学时间,晴,25,23,4,0.0,57,40
2026-05-21 16:30:48,2026-05-22,4,羽毛球馆-16号,11:00-12:00,1,1,已售/已满,教学时间,晴,25,24,3,0.0,60,39
2026-05-21 17:00:49,2026-05-22,4,羽毛球馆-16号,11:00-12:00,1,1,已售/已满,教学时间,晴,25,24,4,0.0,61,39
2026-05-21 17:30:47,2026-05-22,4,羽毛球馆-16号,11:00-12:00,1,1,已售/已满,教学时间,多云,24,23,3,0.0,64,39
2026-05-21 18:00:50,2026-05-22,4,羽毛球馆-16号,11:00-12:00,1,1,已售/已满,教学时间,多云,24,23,3,0.0,68,39
2026-05-21 18:30:50,2026-05-22,4,羽毛球馆-16号,11:00-12:00,1,1,已售/已满,教学时间,阴,24,25,2,0.0,68,40
2026-05-21 19:00:50,2026-05-22,4,羽毛球馆-16号,11:00-12:00,1,1,已售/已满,教学时间,阴,23,23,3,0.0,76,40
2026-05-21 19:30:46,2026-05-22,4,羽毛球馆-16号,11:00-12:00,1,1,已售/已满,教学时间,阴,23,24,2,0.0,77,39
2026-05-21 20:00:49,2026-05-22,4,羽毛球馆-16号,11:00-12:00,1,1,已售/已满,教学时间,雾,22,23,2,0.0,89,39
2026-05-21 20:30:44,2026-05-22,4,羽毛球馆-16号,11:00-12:00,1,1,已售/已满,教学时间,雾,22,24,2,0.0,93,43
2026-05-21 21:00:56,2026-05-22,4,羽毛球馆-16号,11:00-12:00,1,1,已售/已满,教学时间,雾,20,21,2,0.0,98,43
2026-05-21 21:30:46,2026-05-22,4,羽毛球馆-16号,11:00-12:00,1,1,已售/已满,教学时间,雾,20,22,1,0.0,99,41
2026-05-21 22:01:02,2026-05-22,4,羽毛球馆-16号,11:00-12:00,1,1,已售/已满,教学时间,雾,19,20,2,0.0,93,41
2026-05-21 22:30:47,2026-05-22,4,羽毛球馆-16号,11:00-12:00,1,1,已售/已满,教学时间,雾,19,19,3,0.0,88,46
2026-05-21 23:00:56,2026-05-22,4,羽毛球馆-16号,11:00-12:00,1,1,已售/已满,教学时间,多云,18,17,3,0.0,85,46
2026-05-21 23:30:55,2026-05-22,4,羽毛球馆-16号,11:00-12:00,1,1,已售/已满,教学时间,多云,18,17,3,0.0,85,48
2026-05-21 08:00:45,2026-05-22,4,羽毛球馆-16号,12:00-12:55,1,1,已售/已满,已售,晴,17,12,5,0.0,86,29
2026-05-21 08:02:30,2026-05-22,4,羽毛球馆-16号,12:00-12:55,1,1,已售/已满,已售,多云,17,12,5,0.0,87,29
2026-05-21 08:05:36,2026-05-22,4,羽毛球馆-16号,12:00-12:55,1,1,已售/已满,已售,多云,17,12,5,0.0,86,29
2026-05-21 08:08:31,2026-05-22,4,羽毛球馆-16号,12:00-12:55,1,1,已售/已满,已售,多云,17,12,5,0.0,86,29
2026-05-21 08:11:30,2026-05-22,4,羽毛球馆-16号,12:00-12:55,1,1,已售/已满,已售,多云,17,12,5,0.0,86,29
2026-05-21 08:14:31,2026-05-22,4,羽毛球馆-16号,12:00-12:55,1,1,已售/已满,已售,多云,17,12,5,0.0,86,29
2026-05-21 08:17:30,2026-05-22,4,羽毛球馆-16号,12:00-12:55,1,1,已售/已满,已售,多云,17,12,5,0.0,86,29
2026-05-21 08:20:35,2026-05-22,4,羽毛球馆-16号,12:00-12:55,1,1,已售/已满,已售,多云,17,14,4,0.0,85,29
2026-05-21 08:25:32,2026-05-22,4,羽毛球馆-16号,12:00-12:55,1,1,已售/已满,已售,多云,17,14,4,0.0,85,28
2026-05-21 08:30:42,2026-05-22,4,羽毛球馆-16号,12:00-12:55,1,1,已售/已满,已售,多云,18,15,4,0.0,84,28
2026-05-21 08:35:31,2026-05-22,4,羽毛球馆-16号,12:00-12:55,1,1,已售/已满,已售,多云,18,15,4,0.0,84,28
2026-05-21 08:40:38,2026-05-22,4,羽毛球馆-16号,12:00-12:55,1,1,已售/已满,已售,多云,18,15,4,0.0,82,28
2026-05-21 08:45:33,2026-05-22,4,羽毛球馆-16号,12:00-12:55,1,1,已售/已满,已售,多云,18,15,4,0.0,82,28
2026-05-21 08:50:36,2026-05-22,4,羽毛球馆-16号,12:00-12:55,1,1,已售/已满,已售,多云,18,15,4,0.0,82,28
2026-05-21 08:55:34,2026-05-22,4,羽毛球馆-16号,12:00-12:55,1,1,已售/已满,已售,多云,18,15,4,0.0,84,28
2026-05-21 09:00:51,2026-05-22,4,羽毛球馆-16号,12:00-12:55,1,1,已售/已满,已售,多云,18,15,4,0.0,84,28
2026-05-21 09:01:59,2026-05-22,4,羽毛球馆-16号,12:00-12:55,1,1,已售/已满,已售,多云,18,15,4,0.0,83,28
2026-05-21 09:05:33,2026-05-22,4,羽毛球馆-16号,12:00-12:55,1,1,已售/已满,已售,多云,18,15,4,0.0,83,28
2026-05-21 09:20:38,2026-05-22,4,羽毛球馆-16号,12:00-12:55,1,1,已售/已满,已售,多云,18,16,3,0.0,81,28
2026-05-21 09:30:46,2026-05-22,4,羽毛球馆-16号,12:00-12:55,1,1,已售/已满,已售,多云,18,16,3,0.0,81,32
2026-05-21 09:40:36,2026-05-22,4,羽毛球馆-16号,12:00-12:55,1,1,已售/已满,已售,多云,19,17,3,0.0,79,32
2026-05-21 09:50:42,2026-05-22,4,羽毛球馆-16号,12:00-12:55,1,1,已售/已满,已售,多云,19,17,4,0.0,81,32
2026-05-21 10:00:46,2026-05-22,4,羽毛球馆-16号,12:00-12:55,1,1,已售/已满,已售,多云,19,17,4,0.0,79,32
2026-05-21 10:10:40,2026-05-22,4,羽毛球馆-16号,12:00-12:55,1,1,已售/已满,已售,多云,19,17,4,0.0,79,32
2026-05-21 10:20:38,2026-05-22,4,羽毛球馆-16号,12:00-12:55,1,1,已售/已满,已售,多云,19,17,4,0.0,79,32
2026-05-21 10:30:41,2026-05-22,4,羽毛球馆-16号,12:00-12:55,1,1,已售/已满,已售,多云,19,18,3,0.0,78,31
2026-05-21 11:00:44,2026-05-22,4,羽毛球馆-16号,12:00-12:55,1,1,已售/已满,已售,多云,21,17,5,0.0,74,31
2026-05-21 11:30:38,2026-05-22,4,羽毛球馆-16号,12:00-12:55,1,1,已售/已满,已售,多云,21,19,3,0.0,72,33
2026-05-21 12:00:46,2026-05-22,4,羽毛球馆-16号,12:00-12:55,1,1,已售/已满,已售,多云,22,19,4,0.0,70,33
2026-05-21 12:30:42,2026-05-22,4,羽毛球馆-16号,12:00-12:55,1,1,已售/已满,已售,多云,22,21,3,0.0,68,35
2026-05-21 13:00:43,2026-05-22,4,羽毛球馆-16号,12:00-12:55,1,1,已售/已满,已售,多云,24,22,4,0.0,66,35
2026-05-21 13:30:43,2026-05-22,4,羽毛球馆-16号,12:00-12:55,1,1,已售/已满,已售,多云,24,22,4,0.0,66,36
2026-05-21 14:00:48,2026-05-22,4,羽毛球馆-16号,12:00-12:55,1,1,已售/已满,已售,多云,25,23,4,0.0,66,36
2026-05-21 14:30:45,2026-05-22,4,羽毛球馆-16号,12:00-12:55,1,1,已售/已满,已售,晴,25,25,3,0.0,65,39
2026-05-21 15:00:45,2026-05-22,4,羽毛球馆-16号,12:00-12:55,1,1,已售/已满,已售,晴,25,22,4,0.0,56,39
2026-05-21 15:30:43,2026-05-22,4,羽毛球馆-16号,12:00-12:55,1,1,已售/已满,已售,晴,25,23,4,0.0,57,40
2026-05-21 16:00:51,2026-05-22,4,羽毛球馆-16号,12:00-12:55,1,1,已售/已满,已售,晴,25,23,4,0.0,57,40
2026-05-21 16:30:48,2026-05-22,4,羽毛球馆-16号,12:00-12:55,1,1,已售/已满,已售,晴,25,24,3,0.0,60,39
2026-05-21 17:00:49,2026-05-22,4,羽毛球馆-16号,12:00-12:55,1,1,已售/已满,已售,晴,25,24,4,0.0,61,39
2026-05-21 17:30:47,2026-05-22,4,羽毛球馆-16号,12:00-12:55,1,1,已售/已满,已售,多云,24,23,3,0.0,64,39
2026-05-21 18:00:50,2026-05-22,4,羽毛球馆-16号,12:00-12:55,1,1,已售/已满,已售,多云,24,23,3,0.0,68,39
2026-05-21 18:30:50,2026-05-22,4,羽毛球馆-16号,12:00-12:55,1,1,已售/已满,已售,阴,24,25,2,0.0,68,40
2026-05-21 19:00:50,2026-05-22,4,羽毛球馆-16号,12:00-12:55,1,1,已售/已满,已售,阴,23,23,3,0.0,76,40
2026-05-21 19:30:46,2026-05-22,4,羽毛球馆-16号,12:00-12:55,1,1,已售/已满,已售,阴,23,24,2,0.0,77,39
2026-05-21 20:00:49,2026-05-22,4,羽毛球馆-16号,12:00-12:55,1,1,已售/已满,已售,雾,22,23,2,0.0,89,39
2026-05-21 20:30:44,2026-05-22,4,羽毛球馆-16号,12:00-12:55,1,1,已售/已满,已售,雾,22,24,2,0.0,93,43
2026-05-21 21:00:56,2026-05-22,4,羽毛球馆-16号,12:00-12:55,1,1,已售/已满,已售,雾,20,21,2,0.0,98,43
2026-05-21 21:30:46,2026-05-22,4,羽毛球馆-16号,12:00-12:55,1,1,已售/已满,已售,雾,20,22,1,0.0,99,41
2026-05-21 22:01:02,2026-05-22,4,羽毛球馆-16号,12:00-12:55,1,1,已售/已满,已售,雾,19,20,2,0.0,93,41
2026-05-21 22:30:47,2026-05-22,4,羽毛球馆-16号,12:00-12:55,1,1,已售/已满,已售,雾,19,19,3,0.0,88,46
2026-05-21 23:00:56,2026-05-22,4,羽毛球馆-16号,12:00-12:55,1,1,已售/已满,已售,多云,18,17,3,0.0,85,46
2026-05-21 23:30:55,2026-05-22,4,羽毛球馆-16号,12:00-12:55,1,1,已售/已满,已售,多云,18,17,3,0.0,85,48
2026-05-21 08:00:45,2026-05-22,4,羽毛球馆-16号,12:55-13:50,1,1,已售/已满,已售,晴,17,12,5,0.0,86,29
2026-05-21 08:02:30,2026-05-22,4,羽毛球馆-16号,12:55-13:50,1,1,已售/已满,已售,多云,17,12,5,0.0,87,29
2026-05-21 08:05:36,2026-05-22,4,羽毛球馆-16号,12:55-13:50,1,1,已售/已满,已售,多云,17,12,5,0.0,86,29
2026-05-21 08:08:31,2026-05-22,4,羽毛球馆-16号,12:55-13:50,1,1,已售/已满,已售,多云,17,12,5,0.0,86,29
2026-05-21 08:11:30,2026-05-22,4,羽毛球馆-16号,12:55-13:50,1,1,已售/已满,已售,多云,17,12,5,0.0,86,29
2026-05-21 08:14:31,2026-05-22,4,羽毛球馆-16号,12:55-13:50,1,1,已售/已满,已售,多云,17,12,5,0.0,86,29
2026-05-21 08:17:30,2026-05-22,4,羽毛球馆-16号,12:55-13:50,1,1,已售/已满,已售,多云,17,12,5,0.0,86,29
2026-05-21 08:20:35,2026-05-22,4,羽毛球馆-16号,12:55-13:50,1,1,已售/已满,已售,多云,17,14,4,0.0,85,29
2026-05-21 08:25:32,2026-05-22,4,羽毛球馆-16号,12:55-13:50,1,1,已售/已满,已售,多云,17,14,4,0.0,85,28
2026-05-21 08:30:42,2026-05-22,4,羽毛球馆-16号,12:55-13:50,1,1,已售/已满,已售,多云,18,15,4,0.0,84,28
2026-05-21 08:35:31,2026-05-22,4,羽毛球馆-16号,12:55-13:50,1,1,已售/已满,已售,多云,18,15,4,0.0,84,28
2026-05-21 08:40:38,2026-05-22,4,羽毛球馆-16号,12:55-13:50,1,1,已售/已满,已售,多云,18,15,4,0.0,82,28
2026-05-21 08:45:33,2026-05-22,4,羽毛球馆-16号,12:55-13:50,1,1,已售/已满,已售,多云,18,15,4,0.0,82,28
2026-05-21 08:50:36,2026-05-22,4,羽毛球馆-16号,12:55-13:50,1,1,已售/已满,已售,多云,18,15,4,0.0,82,28
2026-05-21 08:55:34,2026-05-22,4,羽毛球馆-16号,12:55-13:50,1,1,已售/已满,已售,多云,18,15,4,0.0,84,28
2026-05-21 09:00:51,2026-05-22,4,羽毛球馆-16号,12:55-13:50,1,1,已售/已满,已售,多云,18,15,4,0.0,84,28
2026-05-21 09:01:59,2026-05-22,4,羽毛球馆-16号,12:55-13:50,1,1,已售/已满,已售,多云,18,15,4,0.0,83,28
2026-05-21 09:05:33,2026-05-22,4,羽毛球馆-16号,12:55-13:50,1,1,已售/已满,已售,多云,18,15,4,0.0,83,28
2026-05-21 09:20:38,2026-05-22,4,羽毛球馆-16号,12:55-13:50,1,1,已售/已满,已售,多云,18,16,3,0.0,81,28
2026-05-21 09:30:46,2026-05-22,4,羽毛球馆-16号,12:55-13:50,1,1,已售/已满,已售,多云,18,16,3,0.0,81,32
2026-05-21 09:40:36,2026-05-22,4,羽毛球馆-16号,12:55-13:50,1,1,已售/已满,已售,多云,19,17,3,0.0,79,32
2026-05-21 09:50:42,2026-05-22,4,羽毛球馆-16号,12:55-13:50,1,1,已售/已满,已售,多云,19,17,4,0.0,81,32
2026-05-21 10:00:46,2026-05-22,4,羽毛球馆-16号,12:55-13:50,1,1,已售/已满,已售,多云,19,17,4,0.0,79,32
2026-05-21 10:10:40,2026-05-22,4,羽毛球馆-16号,12:55-13:50,1,1,已售/已满,已售,多云,19,17,4,0.0,79,32
2026-05-21 10:20:38,2026-05-22,4,羽毛球馆-16号,12:55-13:50,1,1,已售/已满,已售,多云,19,17,4,0.0,79,32
2026-05-21 10:30:41,2026-05-22,4,羽毛球馆-16号,12:55-13:50,1,1,已售/已满,已售,多云,19,18,3,0.0,78,31
2026-05-21 11:00:44,2026-05-22,4,羽毛球馆-16号,12:55-13:50,1,1,已售/已满,已售,多云,21,17,5,0.0,74,31
2026-05-21 11:30:38,2026-05-22,4,羽毛球馆-16号,12:55-13:50,1,1,已售/已满,已售,多云,21,19,3,0.0,72,33
2026-05-21 12:00:46,2026-05-22,4,羽毛球馆-16号,12:55-13:50,1,1,已售/已满,已售,多云,22,19,4,0.0,70,33
2026-05-21 12:30:42,2026-05-22,4,羽毛球馆-16号,12:55-13:50,1,1,已售/已满,已售,多云,22,21,3,0.0,68,35
2026-05-21 13:00:43,2026-05-22,4,羽毛球馆-16号,12:55-13:50,1,1,已售/已满,已售,多云,24,22,4,0.0,66,35
2026-05-21 13:30:43,2026-05-22,4,羽毛球馆-16号,12:55-13:50,1,1,已售/已满,已售,多云,24,22,4,0.0,66,36
2026-05-21 14:00:48,2026-05-22,4,羽毛球馆-16号,12:55-13:50,1,1,已售/已满,已售,多云,25,23,4,0.0,66,36
2026-05-21 14:30:45,2026-05-22,4,羽毛球馆-16号,12:55-13:50,1,1,已售/已满,已售,晴,25,25,3,0.0,65,39
2026-05-21 15:00:45,2026-05-22,4,羽毛球馆-16号,12:55-13:50,1,1,已售/已满,已售,晴,25,22,4,0.0,56,39
2026-05-21 15:30:43,2026-05-22,4,羽毛球馆-16号,12:55-13:50,1,1,已售/已满,已售,晴,25,23,4,0.0,57,40
2026-05-21 16:00:51,2026-05-22,4,羽毛球馆-16号,12:55-13:50,1,1,已售/已满,已售,晴,25,23,4,0.0,57,40
2026-05-21 16:30:48,2026-05-22,4,羽毛球馆-16号,12:55-13:50,1,1,已售/已满,已售,晴,25,24,3,0.0,60,39
2026-05-21 17:00:49,2026-05-22,4,羽毛球馆-16号,12:55-13:50,1,1,已售/已满,已售,晴,25,24,4,0.0,61,39
2026-05-21 17:30:47,2026-05-22,4,羽毛球馆-16号,12:55-13:50,1,1,已售/已满,已售,多云,24,23,3,0.0,64,39
2026-05-21 18:00:50,2026-05-22,4,羽毛球馆-16号,12:55-13:50,1,1,已售/已满,已售,多云,24,23,3,0.0,68,39
2026-05-21 18:30:50,2026-05-22,4,羽毛球馆-16号,12:55-13:50,1,1,已售/已满,已售,阴,24,25,2,0.0,68,40
2026-05-21 19:00:50,2026-05-22,4,羽毛球馆-16号,12:55-13:50,1,1,已售/已满,已售,阴,23,23,3,0.0,76,40
2026-05-21 19:30:46,2026-05-22,4,羽毛球馆-16号,12:55-13:50,1,1,已售/已满,已售,阴,23,24,2,0.0,77,39
2026-05-21 20:00:49,2026-05-22,4,羽毛球馆-16号,12:55-13:50,1,1,已售/已满,已售,雾,22,23,2,0.0,89,39
2026-05-21 20:30:44,2026-05-22,4,羽毛球馆-16号,12:55-13:50,1,1,已售/已满,已售,雾,22,24,2,0.0,93,43
2026-05-21 21:00:56,2026-05-22,4,羽毛球馆-16号,12:55-13:50,1,1,已售/已满,已售,雾,20,21,2,0.0,98,43
2026-05-21 21:30:46,2026-05-22,4,羽毛球馆-16号,12:55-13:50,1,1,已售/已满,已售,雾,20,22,1,0.0,99,41
2026-05-21 22:01:02,2026-05-22,4,羽毛球馆-16号,12:55-13:50,1,1,已售/已满,已售,雾,19,20,2,0.0,93,41
2026-05-21 22:30:47,2026-05-22,4,羽毛球馆-16号,12:55-13:50,1,1,已售/已满,已售,雾,19,19,3,0.0,88,46
2026-05-21 23:00:56,2026-05-22,4,羽毛球馆-16号,12:55-13:50,1,1,已售/已满,已售,多云,18,17,3,0.0,85,46
2026-05-21 23:30:55,2026-05-22,4,羽毛球馆-16号,12:55-13:50,1,1,已售/已满,已售,多云,18,17,3,0.0,85,48
2026-05-21 08:00:45,2026-05-22,4,羽毛球馆-16号,14:00-15:00,1,1,已售/已满,教学时间,晴,17,12,5,0.0,86,29
2026-05-21 08:02:30,2026-05-22,4,羽毛球馆-16号,14:00-15:00,1,1,已售/已满,教学时间,多云,17,12,5,0.0,87,29
2026-05-21 08:05:36,2026-05-22,4,羽毛球馆-16号,14:00-15:00,1,1,已售/已满,教学时间,多云,17,12,5,0.0,86,29
2026-05-21 08:08:31,2026-05-22,4,羽毛球馆-16号,14:00-15:00,1,1,已售/已满,教学时间,多云,17,12,5,0.0,86,29
2026-05-21 08:11:30,2026-05-22,4,羽毛球馆-16号,14:00-15:00,1,1,已售/已满,教学时间,多云,17,12,5,0.0,86,29
2026-05-21 08:14:31,2026-05-22,4,羽毛球馆-16号,14:00-15:00,1,1,已售/已满,教学时间,多云,17,12,5,0.0,86,29
2026-05-21 08:17:30,2026-05-22,4,羽毛球馆-16号,14:00-15:00,1,1,已售/已满,教学时间,多云,17,12,5,0.0,86,29
2026-05-21 08:20:35,2026-05-22,4,羽毛球馆-16号,14:00-15:00,1,1,已售/已满,教学时间,多云,17,14,4,0.0,85,29
2026-05-21 08:25:32,2026-05-22,4,羽毛球馆-16号,14:00-15:00,1,1,已售/已满,教学时间,多云,17,14,4,0.0,85,28
2026-05-21 08:30:42,2026-05-22,4,羽毛球馆-16号,14:00-15:00,1,1,已售/已满,教学时间,多云,18,15,4,0.0,84,28
2026-05-21 08:35:31,2026-05-22,4,羽毛球馆-16号,14:00-15:00,1,1,已售/已满,教学时间,多云,18,15,4,0.0,84,28
2026-05-21 08:40:38,2026-05-22,4,羽毛球馆-16号,14:00-15:00,1,1,已售/已满,教学时间,多云,18,15,4,0.0,82,28
2026-05-21 08:45:33,2026-05-22,4,羽毛球馆-16号,14:00-15:00,1,1,已售/已满,教学时间,多云,18,15,4,0.0,82,28
2026-05-21 08:50:36,2026-05-22,4,羽毛球馆-16号,14:00-15:00,1,1,已售/已满,教学时间,多云,18,15,4,0.0,82,28
2026-05-21 08:55:34,2026-05-22,4,羽毛球馆-16号,14:00-15:00,1,1,已售/已满,教学时间,多云,18,15,4,0.0,84,28
2026-05-21 09:00:51,2026-05-22,4,羽毛球馆-16号,14:00-15:00,1,1,已售/已满,教学时间,多云,18,15,4,0.0,84,28
2026-05-21 09:01:59,2026-05-22,4,羽毛球馆-16号,14:00-15:00,1,1,已售/已满,教学时间,多云,18,15,4,0.0,83,28
2026-05-21 09:05:33,2026-05-22,4,羽毛球馆-16号,14:00-15:00,1,1,已售/已满,教学时间,多云,18,15,4,0.0,83,28
2026-05-21 09:20:38,2026-05-22,4,羽毛球馆-16号,14:00-15:00,1,1,已售/已满,教学时间,多云,18,16,3,0.0,81,28
2026-05-21 09:30:46,2026-05-22,4,羽毛球馆-16号,14:00-15:00,1,1,已售/已满,教学时间,多云,18,16,3,0.0,81,32
2026-05-21 09:40:36,2026-05-22,4,羽毛球馆-16号,14:00-15:00,1,1,已售/已满,教学时间,多云,19,17,3,0.0,79,32
2026-05-21 09:50:42,2026-05-22,4,羽毛球馆-16号,14:00-15:00,1,1,已售/已满,教学时间,多云,19,17,4,0.0,81,32
2026-05-21 10:00:46,2026-05-22,4,羽毛球馆-16号,14:00-15:00,1,1,已售/已满,教学时间,多云,19,17,4,0.0,79,32
2026-05-21 10:10:40,2026-05-22,4,羽毛球馆-16号,14:00-15:00,1,1,已售/已满,教学时间,多云,19,17,4,0.0,79,32
2026-05-21 10:20:38,2026-05-22,4,羽毛球馆-16号,14:00-15:00,1,1,已售/已满,教学时间,多云,19,17,4,0.0,79,32
2026-05-21 10:30:41,2026-05-22,4,羽毛球馆-16号,14:00-15:00,1,1,已售/已满,教学时间,多云,19,18,3,0.0,78,31
2026-05-21 11:00:44,2026-05-22,4,羽毛球馆-16号,14:00-15:00,1,1,已售/已满,教学时间,多云,21,17,5,0.0,74,31
2026-05-21 11:30:38,2026-05-22,4,羽毛球馆-16号,14:00-15:00,1,1,已售/已满,教学时间,多云,21,19,3,0.0,72,33
2026-05-21 12:00:46,2026-05-22,4,羽毛球馆-16号,14:00-15:00,1,1,已售/已满,教学时间,多云,22,19,4,0.0,70,33
2026-05-21 12:30:42,2026-05-22,4,羽毛球馆-16号,14:00-15:00,1,1,已售/已满,教学时间,多云,22,21,3,0.0,68,35
2026-05-21 13:00:43,2026-05-22,4,羽毛球馆-16号,14:00-15:00,1,1,已售/已满,教学时间,多云,24,22,4,0.0,66,35
2026-05-21 13:30:43,2026-05-22,4,羽毛球馆-16号,14:00-15:00,1,1,已售/已满,教学时间,多云,24,22,4,0.0,66,36
2026-05-21 14:00:48,2026-05-22,4,羽毛球馆-16号,14:00-15:00,1,1,已售/已满,教学时间,多云,25,23,4,0.0,66,36
2026-05-21 14:30:45,2026-05-22,4,羽毛球馆-16号,14:00-15:00,1,1,已售/已满,教学时间,晴,25,25,3,0.0,65,39
2026-05-21 15:00:45,2026-05-22,4,羽毛球馆-16号,14:00-15:00,1,1,已售/已满,教学时间,晴,25,22,4,0.0,56,39
2026-05-21 15:30:43,2026-05-22,4,羽毛球馆-16号,14:00-15:00,1,1,已售/已满,教学时间,晴,25,23,4,0.0,57,40
2026-05-21 16:00:51,2026-05-22,4,羽毛球馆-16号,14:00-15:00,1,1,已售/已满,教学时间,晴,25,23,4,0.0,57,40
2026-05-21 16:30:48,2026-05-22,4,羽毛球馆-16号,14:00-15:00,1,1,已售/已满,教学时间,晴,25,24,3,0.0,60,39
2026-05-21 17:00:49,2026-05-22,4,羽毛球馆-16号,14:00-15:00,1,1,已售/已满,教学时间,晴,25,24,4,0.0,61,39
2026-05-21 17:30:47,2026-05-22,4,羽毛球馆-16号,14:00-15:00,1,1,已售/已满,教学时间,多云,24,23,3,0.0,64,39
2026-05-21 18:00:50,2026-05-22,4,羽毛球馆-16号,14:00-15:00,1,1,已售/已满,教学时间,多云,24,23,3,0.0,68,39
2026-05-21 18:30:50,2026-05-22,4,羽毛球馆-16号,14:00-15:00,1,1,已售/已满,教学时间,阴,24,25,2,0.0,68,40
2026-05-21 19:00:50,2026-05-22,4,羽毛球馆-16号,14:00-15:00,1,1,已售/已满,教学时间,阴,23,23,3,0.0,76,40
2026-05-21 19:30:46,2026-05-22,4,羽毛球馆-16号,14:00-15:00,1,1,已售/已满,教学时间,阴,23,24,2,0.0,77,39
2026-05-21 20:00:49,2026-05-22,4,羽毛球馆-16号,14:00-15:00,1,1,已售/已满,教学时间,雾,22,23,2,0.0,89,39
2026-05-21 20:30:44,2026-05-22,4,羽毛球馆-16号,14:00-15:00,1,1,已售/已满,教学时间,雾,22,24,2,0.0,93,43
2026-05-21 21:00:56,2026-05-22,4,羽毛球馆-16号,14:00-15:00,1,1,已售/已满,教学时间,雾,20,21,2,0.0,98,43
2026-05-21 21:30:46,2026-05-22,4,羽毛球馆-16号,14:00-15:00,1,1,已售/已满,教学时间,雾,20,22,1,0.0,99,41
2026-05-21 22:01:02,2026-05-22,4,羽毛球馆-16号,14:00-15:00,1,1,已售/已满,教学时间,雾,19,20,2,0.0,93,41
2026-05-21 22:30:47,2026-05-22,4,羽毛球馆-16号,14:00-15:00,1,1,已售/已满,教学时间,雾,19,19,3,0.0,88,46
2026-05-21 23:00:56,2026-05-22,4,羽毛球馆-16号,14:00-15:00,1,1,已售/已满,教学时间,多云,18,17,3,0.0,85,46
2026-05-21 23:30:55,2026-05-22,4,羽毛球馆-16号,14:00-15:00,1,1,已售/已满,教学时间,多云,18,17,3,0.0,85,48
2026-05-21 08:00:45,2026-05-22,4,羽毛球馆-16号,15:00-16:00,1,1,已售/已满,教学时间,晴,17,12,5,0.0,86,29
2026-05-21 08:02:30,2026-05-22,4,羽毛球馆-16号,15:00-16:00,1,1,已售/已满,教学时间,多云,17,12,5,0.0,87,29
2026-05-21 08:05:36,2026-05-22,4,羽毛球馆-16号,15:00-16:00,1,1,已售/已满,教学时间,多云,17,12,5,0.0,86,29
2026-05-21 08:08:31,2026-05-22,4,羽毛球馆-16号,15:00-16:00,1,1,已售/已满,教学时间,多云,17,12,5,0.0,86,29
2026-05-21 08:11:30,2026-05-22,4,羽毛球馆-16号,15:00-16:00,1,1,已售/已满,教学时间,多云,17,12,5,0.0,86,29
2026-05-21 08:14:31,2026-05-22,4,羽毛球馆-16号,15:00-16:00,1,1,已售/已满,教学时间,多云,17,12,5,0.0,86,29
2026-05-21 08:17:30,2026-05-22,4,羽毛球馆-16号,15:00-16:00,1,1,已售/已满,教学时间,多云,17,12,5,0.0,86,29
2026-05-21 08:20:35,2026-05-22,4,羽毛球馆-16号,15:00-16:00,1,1,已售/已满,教学时间,多云,17,14,4,0.0,85,29
2026-05-21 08:25:32,2026-05-22,4,羽毛球馆-16号,15:00-16:00,1,1,已售/已满,教学时间,多云,17,14,4,0.0,85,28
2026-05-21 08:30:42,2026-05-22,4,羽毛球馆-16号,15:00-16:00,1,1,已售/已满,教学时间,多云,18,15,4,0.0,84,28
2026-05-21 08:35:31,2026-05-22,4,羽毛球馆-16号,15:00-16:00,1,1,已售/已满,教学时间,多云,18,15,4,0.0,84,28
2026-05-21 08:40:38,2026-05-22,4,羽毛球馆-16号,15:00-16:00,1,1,已售/已满,教学时间,多云,18,15,4,0.0,82,28
2026-05-21 08:45:33,2026-05-22,4,羽毛球馆-16号,15:00-16:00,1,1,已售/已满,教学时间,多云,18,15,4,0.0,82,28
2026-05-21 08:50:36,2026-05-22,4,羽毛球馆-16号,15:00-16:00,1,1,已售/已满,教学时间,多云,18,15,4,0.0,82,28
2026-05-21 08:55:34,2026-05-22,4,羽毛球馆-16号,15:00-16:00,1,1,已售/已满,教学时间,多云,18,15,4,0.0,84,28
2026-05-21 09:00:51,2026-05-22,4,羽毛球馆-16号,15:00-16:00,1,1,已售/已满,教学时间,多云,18,15,4,0.0,84,28
2026-05-21 09:01:59,2026-05-22,4,羽毛球馆-16号,15:00-16:00,1,1,已售/已满,教学时间,多云,18,15,4,0.0,83,28
2026-05-21 09:05:33,2026-05-22,4,羽毛球馆-16号,15:00-16:00,1,1,已售/已满,教学时间,多云,18,15,4,0.0,83,28
2026-05-21 09:20:38,2026-05-22,4,羽毛球馆-16号,15:00-16:00,1,1,已售/已满,教学时间,多云,18,16,3,0.0,81,28
2026-05-21 09:30:46,2026-05-22,4,羽毛球馆-16号,15:00-16:00,1,1,已售/已满,教学时间,多云,18,16,3,0.0,81,32
2026-05-21 09:40:36,2026-05-22,4,羽毛球馆-16号,15:00-16:00,1,1,已售/已满,教学时间,多云,19,17,3,0.0,79,32
2026-05-21 09:50:42,2026-05-22,4,羽毛球馆-16号,15:00-16:00,1,1,已售/已满,教学时间,多云,19,17,4,0.0,81,32
2026-05-21 10:00:46,2026-05-22,4,羽毛球馆-16号,15:00-16:00,1,1,已售/已满,教学时间,多云,19,17,4,0.0,79,32
2026-05-21 10:10:40,2026-05-22,4,羽毛球馆-16号,15:00-16:00,1,1,已售/已满,教学时间,多云,19,17,4,0.0,79,32
2026-05-21 10:20:38,2026-05-22,4,羽毛球馆-16号,15:00-16:00,1,1,已售/已满,教学时间,多云,19,17,4,0.0,79,32
2026-05-21 10:30:41,2026-05-22,4,羽毛球馆-16号,15:00-16:00,1,1,已售/已满,教学时间,多云,19,18,3,0.0,78,31
2026-05-21 11:00:44,2026-05-22,4,羽毛球馆-16号,15:00-16:00,1,1,已售/已满,教学时间,多云,21,17,5,0.0,74,31
2026-05-21 11:30:38,2026-05-22,4,羽毛球馆-16号,15:00-16:00,1,1,已售/已满,教学时间,多云,21,19,3,0.0,72,33
2026-05-21 12:00:46,2026-05-22,4,羽毛球馆-16号,15:00-16:00,1,1,已售/已满,教学时间,多云,22,19,4,0.0,70,33
2026-05-21 12:30:42,2026-05-22,4,羽毛球馆-16号,15:00-16:00,1,1,已售/已满,教学时间,多云,22,21,3,0.0,68,35
2026-05-21 13:00:43,2026-05-22,4,羽毛球馆-16号,15:00-16:00,1,1,已售/已满,教学时间,多云,24,22,4,0.0,66,35
2026-05-21 13:30:43,2026-05-22,4,羽毛球馆-16号,15:00-16:00,1,1,已售/已满,教学时间,多云,24,22,4,0.0,66,36
2026-05-21 14:00:48,2026-05-22,4,羽毛球馆-16号,15:00-16:00,1,1,已售/已满,教学时间,多云,25,23,4,0.0,66,36
2026-05-21 14:30:45,2026-05-22,4,羽毛球馆-16号,15:00-16:00,1,1,已售/已满,教学时间,晴,25,25,3,0.0,65,39
2026-05-21 15:00:45,2026-05-22,4,羽毛球馆-16号,15:00-16:00,1,1,已售/已满,教学时间,晴,25,22,4,0.0,56,39
2026-05-21 15:30:43,2026-05-22,4,羽毛球馆-16号,15:00-16:00,1,1,已售/已满,教学时间,晴,25,23,4,0.0,57,40
2026-05-21 16:00:51,2026-05-22,4,羽毛球馆-16号,15:00-16:00,1,1,已售/已满,教学时间,晴,25,23,4,0.0,57,40
2026-05-21 16:30:48,2026-05-22,4,羽毛球馆-16号,15:00-16:00,1,1,已售/已满,教学时间,晴,25,24,3,0.0,60,39
2026-05-21 17:00:49,2026-05-22,4,羽毛球馆-16号,15:00-16:00,1,1,已售/已满,教学时间,晴,25,24,4,0.0,61,39
2026-05-21 17:30:47,2026-05-22,4,羽毛球馆-16号,15:00-16:00,1,1,已售/已满,教学时间,多云,24,23,3,0.0,64,39
2026-05-21 18:00:50,2026-05-22,4,羽毛球馆-16号,15:00-16:00,1,1,已售/已满,教学时间,多云,24,23,3,0.0,68,39
2026-05-21 18:30:50,2026-05-22,4,羽毛球馆-16号,15:00-16:00,1,1,已售/已满,教学时间,阴,24,25,2,0.0,68,40
2026-05-21 19:00:50,2026-05-22,4,羽毛球馆-16号,15:00-16:00,1,1,已售/已满,教学时间,阴,23,23,3,0.0,76,40
2026-05-21 19:30:46,2026-05-22,4,羽毛球馆-16号,15:00-16:00,1,1,已售/已满,教学时间,阴,23,24,2,0.0,77,39
2026-05-21 20:00:49,2026-05-22,4,羽毛球馆-16号,15:00-16:00,1,1,已售/已满,教学时间,雾,22,23,2,0.0,89,39
2026-05-21 20:30:44,2026-05-22,4,羽毛球馆-16号,15:00-16:00,1,1,已售/已满,教学时间,雾,22,24,2,0.0,93,43
2026-05-21 21:00:56,2026-05-22,4,羽毛球馆-16号,15:00-16:00,1,1,已售/已满,教学时间,雾,20,21,2,0.0,98,43
2026-05-21 21:30:46,2026-05-22,4,羽毛球馆-16号,15:00-16:00,1,1,已售/已满,教学时间,雾,20,22,1,0.0,99,41
2026-05-21 22:01:02,2026-05-22,4,羽毛球馆-16号,15:00-16:00,1,1,已售/已满,教学时间,雾,19,20,2,0.0,93,41
2026-05-21 22:30:47,2026-05-22,4,羽毛球馆-16号,15:00-16:00,1,1,已售/已满,教学时间,雾,19,19,3,0.0,88,46
2026-05-21 23:00:56,2026-05-22,4,羽毛球馆-16号,15:00-16:00,1,1,已售/已满,教学时间,多云,18,17,3,0.0,85,46
2026-05-21 23:30:55,2026-05-22,4,羽毛球馆-16号,15:00-16:00,1,1,已售/已满,教学时间,多云,18,17,3,0.0,85,48
2026-05-21 08:00:45,2026-05-22,4,羽毛球馆-16号,16:00-17:00,0,1,可预约,￥12.0,晴,17,12,5,0.0,86,29
2026-05-21 08:02:30,2026-05-22,4,羽毛球馆-16号,16:00-17:00,0,1,可预约,￥12.0,多云,17,12,5,0.0,87,29
2026-05-21 08:05:36,2026-05-22,4,羽毛球馆-16号,16:00-17:00,0,1,可预约,￥12.0,多云,17,12,5,0.0,86,29
2026-05-21 08:08:31,2026-05-22,4,羽毛球馆-16号,16:00-17:00,0,1,可预约,￥12.0,多云,17,12,5,0.0,86,29
2026-05-21 08:11:30,2026-05-22,4,羽毛球馆-16号,16:00-17:00,0,1,可预约,￥12.0,多云,17,12,5,0.0,86,29
2026-05-21 08:14:31,2026-05-22,4,羽毛球馆-16号,16:00-17:00,0,1,可预约,￥12.0,多云,17,12,5,0.0,86,29
2026-05-21 08:17:30,2026-05-22,4,羽毛球馆-16号,16:00-17:00,0,1,可预约,￥12.0,多云,17,12,5,0.0,86,29
2026-05-21 08:20:35,2026-05-22,4,羽毛球馆-16号,16:00-17:00,0,1,可预约,￥12.0,多云,17,14,4,0.0,85,29
2026-05-21 08:25:32,2026-05-22,4,羽毛球馆-16号,16:00-17:00,0,1,可预约,￥12.0,多云,17,14,4,0.0,85,28
2026-05-21 08:30:42,2026-05-22,4,羽毛球馆-16号,16:00-17:00,0,1,可预约,￥12.0,多云,18,15,4,0.0,84,28
2026-05-21 08:35:31,2026-05-22,4,羽毛球馆-16号,16:00-17:00,0,1,可预约,￥12.0,多云,18,15,4,0.0,84,28
2026-05-21 08:40:38,2026-05-22,4,羽毛球馆-16号,16:00-17:00,0,1,可预约,￥12.0,多云,18,15,4,0.0,82,28
2026-05-21 08:45:33,2026-05-22,4,羽毛球馆-16号,16:00-17:00,0,1,可预约,￥12.0,多云,18,15,4,0.0,82,28
2026-05-21 08:50:36,2026-05-22,4,羽毛球馆-16号,16:00-17:00,0,1,可预约,￥12.0,多云,18,15,4,0.0,82,28
2026-05-21 08:55:34,2026-05-22,4,羽毛球馆-16号,16:00-17:00,0,1,可预约,￥12.0,多云,18,15,4,0.0,84,28
2026-05-21 09:00:51,2026-05-22,4,羽毛球馆-16号,16:00-17:00,0,1,可预约,￥12.0,多云,18,15,4,0.0,84,28
2026-05-21 09:01:59,2026-05-22,4,羽毛球馆-16号,16:00-17:00,0,1,可预约,￥12.0,多云,18,15,4,0.0,83,28
2026-05-21 09:05:33,2026-05-22,4,羽毛球馆-16号,16:00-17:00,0,1,可预约,￥12.0,多云,18,15,4,0.0,83,28
2026-05-21 09:20:38,2026-05-22,4,羽毛球馆-16号,16:00-17:00,0,1,可预约,￥12.0,多云,18,16,3,0.0,81,28
2026-05-21 09:30:46,2026-05-22,4,羽毛球馆-16号,16:00-17:00,0,1,可预约,￥12.0,多云,18,16,3,0.0,81,32
2026-05-21 09:40:36,2026-05-22,4,羽毛球馆-16号,16:00-17:00,0,1,可预约,￥12.0,多云,19,17,3,0.0,79,32
2026-05-21 09:50:42,2026-05-22,4,羽毛球馆-16号,16:00-17:00,0,1,可预约,￥12.0,多云,19,17,4,0.0,81,32
2026-05-21 10:00:46,2026-05-22,4,羽毛球馆-16号,16:00-17:00,0,1,可预约,￥12.0,多云,19,17,4,0.0,79,32
2026-05-21 10:10:40,2026-05-22,4,羽毛球馆-16号,16:00-17:00,0,1,可预约,￥12.0,多云,19,17,4,0.0,79,32
2026-05-21 10:20:38,2026-05-22,4,羽毛球馆-16号,16:00-17:00,0,1,可预约,￥12.0,多云,19,17,4,0.0,79,32
2026-05-21 10:30:41,2026-05-22,4,羽毛球馆-16号,16:00-17:00,0,1,可预约,￥12.0,多云,19,18,3,0.0,78,31
2026-05-21 11:00:44,2026-05-22,4,羽毛球馆-16号,16:00-17:00,0,1,可预约,￥12.0,多云,21,17,5,0.0,74,31
2026-05-21 11:30:38,2026-05-22,4,羽毛球馆-16号,16:00-17:00,0,1,可预约,￥12.0,多云,21,19,3,0.0,72,33
2026-05-21 12:00:46,2026-05-22,4,羽毛球馆-16号,16:00-17:00,0,1,可预约,￥12.0,多云,22,19,4,0.0,70,33
2026-05-21 12:30:42,2026-05-22,4,羽毛球馆-16号,16:00-17:00,0,1,可预约,￥12.0,多云,22,21,3,0.0,68,35
2026-05-21 13:00:43,2026-05-22,4,羽毛球馆-16号,16:00-17:00,0,1,可预约,￥12.0,多云,24,22,4,0.0,66,35
2026-05-21 13:30:43,2026-05-22,4,羽毛球馆-16号,16:00-17:00,0,1,可预约,￥12.0,多云,24,22,4,0.0,66,36
2026-05-21 14:00:48,2026-05-22,4,羽毛球馆-16号,16:00-17:00,0,1,可预约,￥12.0,多云,25,23,4,0.0,66,36
2026-05-21 14:30:45,2026-05-22,4,羽毛球馆-16号,16:00-17:00,0,1,可预约,￥12.0,晴,25,25,3,0.0,65,39
2026-05-21 15:00:45,2026-05-22,4,羽毛球馆-16号,16:00-17:00,0,1,可预约,￥12.0,晴,25,22,4,0.0,56,39
2026-05-21 15:30:43,2026-05-22,4,羽毛球馆-16号,16:00-17:00,1,1,已售/已满,已售,晴,25,23,4,0.0,57,40
2026-05-21 16:00:51,2026-05-22,4,羽毛球馆-16号,16:00-17:00,1,1,已售/已满,已售,晴,25,23,4,0.0,57,40
2026-05-21 16:30:48,2026-05-22,4,羽毛球馆-16号,16:00-17:00,1,1,已售/已满,已售,晴,25,24,3,0.0,60,39
2026-05-21 17:00:49,2026-05-22,4,羽毛球馆-16号,16:00-17:00,1,1,已售/已满,已售,晴,25,24,4,0.0,61,39
2026-05-21 17:30:47,2026-05-22,4,羽毛球馆-16号,16:00-17:00,1,1,已售/已满,已售,多云,24,23,3,0.0,64,39
2026-05-21 18:00:50,2026-05-22,4,羽毛球馆-16号,16:00-17:00,1,1,已售/已满,已售,多云,24,23,3,0.0,68,39
2026-05-21 18:30:50,2026-05-22,4,羽毛球馆-16号,16:00-17:00,1,1,已售/已满,已售,阴,24,25,2,0.0,68,40
2026-05-21 19:00:50,2026-05-22,4,羽毛球馆-16号,16:00-17:00,1,1,已售/已满,已售,阴,23,23,3,0.0,76,40
2026-05-21 19:30:46,2026-05-22,4,羽毛球馆-16号,16:00-17:00,1,1,已售/已满,已售,阴,23,24,2,0.0,77,39
2026-05-21 20:00:49,2026-05-22,4,羽毛球馆-16号,16:00-17:00,1,1,已售/已满,已售,雾,22,23,2,0.0,89,39
2026-05-21 20:30:44,2026-05-22,4,羽毛球馆-16号,16:00-17:00,1,1,已售/已满,已售,雾,22,24,2,0.0,93,43
2026-05-21 21:00:56,2026-05-22,4,羽毛球馆-16号,16:00-17:00,1,1,已售/已满,已售,雾,20,21,2,0.0,98,43
2026-05-21 21:30:46,2026-05-22,4,羽毛球馆-16号,16:00-17:00,1,1,已售/已满,已售,雾,20,22,1,0.0,99,41
2026-05-21 22:01:02,2026-05-22,4,羽毛球馆-16号,16:00-17:00,1,1,已售/已满,已售,雾,19,20,2,0.0,93,41
2026-05-21 22:30:47,2026-05-22,4,羽毛球馆-16号,16:00-17:00,1,1,已售/已满,已售,雾,19,19,3,0.0,88,46
2026-05-21 23:00:56,2026-05-22,4,羽毛球馆-16号,16:00-17:00,1,1,已售/已满,已售,多云,18,17,3,0.0,85,46
2026-05-21 23:30:55,2026-05-22,4,羽毛球馆-16号,16:00-17:00,1,1,已售/已满,已售,多云,18,17,3,0.0,85,48
2026-05-21 08:00:45,2026-05-22,4,羽毛球馆-16号,17:00-18:00,0,1,可预约,￥12.0,晴,17,12,5,0.0,86,29
2026-05-21 08:02:30,2026-05-22,4,羽毛球馆-16号,17:00-18:00,0,1,可预约,￥12.0,多云,17,12,5,0.0,87,29
2026-05-21 08:05:36,2026-05-22,4,羽毛球馆-16号,17:00-18:00,0,1,可预约,￥12.0,多云,17,12,5,0.0,86,29
2026-05-21 08:08:31,2026-05-22,4,羽毛球馆-16号,17:00-18:00,0,1,可预约,￥12.0,多云,17,12,5,0.0,86,29
2026-05-21 08:11:30,2026-05-22,4,羽毛球馆-16号,17:00-18:00,0,1,可预约,￥12.0,多云,17,12,5,0.0,86,29
2026-05-21 08:14:31,2026-05-22,4,羽毛球馆-16号,17:00-18:00,0,1,可预约,￥12.0,多云,17,12,5,0.0,86,29
2026-05-21 08:17:30,2026-05-22,4,羽毛球馆-16号,17:00-18:00,0,1,可预约,￥12.0,多云,17,12,5,0.0,86,29
2026-05-21 08:20:35,2026-05-22,4,羽毛球馆-16号,17:00-18:00,0,1,可预约,￥12.0,多云,17,14,4,0.0,85,29
2026-05-21 08:25:32,2026-05-22,4,羽毛球馆-16号,17:00-18:00,0,1,可预约,￥12.0,多云,17,14,4,0.0,85,28
2026-05-21 08:30:42,2026-05-22,4,羽毛球馆-16号,17:00-18:00,0,1,可预约,￥12.0,多云,18,15,4,0.0,84,28
2026-05-21 08:35:31,2026-05-22,4,羽毛球馆-16号,17:00-18:00,0,1,可预约,￥12.0,多云,18,15,4,0.0,84,28
2026-05-21 08:40:38,2026-05-22,4,羽毛球馆-16号,17:00-18:00,0,1,可预约,￥12.0,多云,18,15,4,0.0,82,28
2026-05-21 08:45:33,2026-05-22,4,羽毛球馆-16号,17:00-18:00,0,1,可预约,￥12.0,多云,18,15,4,0.0,82,28
2026-05-21 08:50:36,2026-05-22,4,羽毛球馆-16号,17:00-18:00,0,1,可预约,￥12.0,多云,18,15,4,0.0,82,28
2026-05-21 08:55:34,2026-05-22,4,羽毛球馆-16号,17:00-18:00,0,1,可预约,￥12.0,多云,18,15,4,0.0,84,28
2026-05-21 09:00:51,2026-05-22,4,羽毛球馆-16号,17:00-18:00,0,1,可预约,￥12.0,多云,18,15,4,0.0,84,28
2026-05-21 09:01:59,2026-05-22,4,羽毛球馆-16号,17:00-18:00,0,1,可预约,￥12.0,多云,18,15,4,0.0,83,28
2026-05-21 09:05:33,2026-05-22,4,羽毛球馆-16号,17:00-18:00,0,1,可预约,￥12.0,多云,18,15,4,0.0,83,28
2026-05-21 09:20:38,2026-05-22,4,羽毛球馆-16号,17:00-18:00,0,1,可预约,￥12.0,多云,18,16,3,0.0,81,28
2026-05-21 09:30:46,2026-05-22,4,羽毛球馆-16号,17:00-18:00,0,1,可预约,￥12.0,多云,18,16,3,0.0,81,32
2026-05-21 09:40:36,2026-05-22,4,羽毛球馆-16号,17:00-18:00,0,1,可预约,￥12.0,多云,19,17,3,0.0,79,32
2026-05-21 09:50:42,2026-05-22,4,羽毛球馆-16号,17:00-18:00,0,1,可预约,￥12.0,多云,19,17,4,0.0,81,32
2026-05-21 10:00:46,2026-05-22,4,羽毛球馆-16号,17:00-18:00,0,1,可预约,￥12.0,多云,19,17,4,0.0,79,32
2026-05-21 10:10:40,2026-05-22,4,羽毛球馆-16号,17:00-18:00,0,1,可预约,￥12.0,多云,19,17,4,0.0,79,32
2026-05-21 10:20:38,2026-05-22,4,羽毛球馆-16号,17:00-18:00,0,1,可预约,￥12.0,多云,19,17,4,0.0,79,32
2026-05-21 10:30:41,2026-05-22,4,羽毛球馆-16号,17:00-18:00,0,1,可预约,￥12.0,多云,19,18,3,0.0,78,31
2026-05-21 11:00:44,2026-05-22,4,羽毛球馆-16号,17:00-18:00,0,1,可预约,￥12.0,多云,21,17,5,0.0,74,31
2026-05-21 11:30:38,2026-05-22,4,羽毛球馆-16号,17:00-18:00,1,1,已售/已满,已售,多云,21,19,3,0.0,72,33
2026-05-21 12:00:46,2026-05-22,4,羽毛球馆-16号,17:00-18:00,1,1,已售/已满,已售,多云,22,19,4,0.0,70,33
2026-05-21 12:30:42,2026-05-22,4,羽毛球馆-16号,17:00-18:00,1,1,已售/已满,已售,多云,22,21,3,0.0,68,35
2026-05-21 13:00:43,2026-05-22,4,羽毛球馆-16号,17:00-18:00,1,1,已售/已满,已售,多云,24,22,4,0.0,66,35
2026-05-21 13:30:43,2026-05-22,4,羽毛球馆-16号,17:00-18:00,1,1,已售/已满,已售,多云,24,22,4,0.0,66,36
2026-05-21 14:00:48,2026-05-22,4,羽毛球馆-16号,17:00-18:00,1,1,已售/已满,已售,多云,25,23,4,0.0,66,36
2026-05-21 14:30:45,2026-05-22,4,羽毛球馆-16号,17:00-18:00,1,1,已售/已满,已售,晴,25,25,3,0.0,65,39
2026-05-21 15:00:45,2026-05-22,4,羽毛球馆-16号,17:00-18:00,1,1,已售/已满,已售,晴,25,22,4,0.0,56,39
2026-05-21 15:30:43,2026-05-22,4,羽毛球馆-16号,17:00-18:00,1,1,已售/已满,已售,晴,25,23,4,0.0,57,40
2026-05-21 16:00:51,2026-05-22,4,羽毛球馆-16号,17:00-18:00,1,1,已售/已满,已售,晴,25,23,4,0.0,57,40
2026-05-21 16:30:48,2026-05-22,4,羽毛球馆-16号,17:00-18:00,1,1,已售/已满,已售,晴,25,24,3,0.0,60,39
2026-05-21 17:00:49,2026-05-22,4,羽毛球馆-16号,17:00-18:00,1,1,已售/已满,已售,晴,25,24,4,0.0,61,39
2026-05-21 17:30:47,2026-05-22,4,羽毛球馆-16号,17:00-18:00,1,1,已售/已满,已售,多云,24,23,3,0.0,64,39
2026-05-21 18:00:50,2026-05-22,4,羽毛球馆-16号,17:00-18:00,1,1,已售/已满,已售,多云,24,23,3,0.0,68,39
2026-05-21 18:30:50,2026-05-22,4,羽毛球馆-16号,17:00-18:00,1,1,已售/已满,已售,阴,24,25,2,0.0,68,40
2026-05-21 19:00:50,2026-05-22,4,羽毛球馆-16号,17:00-18:00,1,1,已售/已满,已售,阴,23,23,3,0.0,76,40
2026-05-21 19:30:46,2026-05-22,4,羽毛球馆-16号,17:00-18:00,1,1,已售/已满,已售,阴,23,24,2,0.0,77,39
2026-05-21 20:00:49,2026-05-22,4,羽毛球馆-16号,17:00-18:00,1,1,已售/已满,已售,雾,22,23,2,0.0,89,39
2026-05-21 20:30:44,2026-05-22,4,羽毛球馆-16号,17:00-18:00,1,1,已售/已满,已售,雾,22,24,2,0.0,93,43
2026-05-21 21:00:56,2026-05-22,4,羽毛球馆-16号,17:00-18:00,1,1,已售/已满,已售,雾,20,21,2,0.0,98,43
2026-05-21 21:30:46,2026-05-22,4,羽毛球馆-16号,17:00-18:00,1,1,已售/已满,已售,雾,20,22,1,0.0,99,41
2026-05-21 22:01:02,2026-05-22,4,羽毛球馆-16号,17:00-18:00,1,1,已售/已满,已售,雾,19,20,2,0.0,93,41
2026-05-21 22:30:47,2026-05-22,4,羽毛球馆-16号,17:00-18:00,1,1,已售/已满,已售,雾,19,19,3,0.0,88,46
2026-05-21 23:00:56,2026-05-22,4,羽毛球馆-16号,17:00-18:00,1,1,已售/已满,已售,多云,18,17,3,0.0,85,46
2026-05-21 23:30:55,2026-05-22,4,羽毛球馆-16号,17:00-18:00,1,1,已售/已满,已售,多云,18,17,3,0.0,85,48
2026-05-21 08:00:45,2026-05-22,4,羽毛球馆-16号,18:30-19:30,0,1,可预约,￥12.0,晴,17,12,5,0.0,86,29
2026-05-21 08:02:30,2026-05-22,4,羽毛球馆-16号,18:30-19:30,0,1,可预约,￥12.0,多云,17,12,5,0.0,87,29
2026-05-21 08:05:36,2026-05-22,4,羽毛球馆-16号,18:30-19:30,0,1,可预约,￥12.0,多云,17,12,5,0.0,86,29
2026-05-21 08:08:31,2026-05-22,4,羽毛球馆-16号,18:30-19:30,0,1,可预约,￥12.0,多云,17,12,5,0.0,86,29
2026-05-21 08:11:30,2026-05-22,4,羽毛球馆-16号,18:30-19:30,0,1,可预约,￥12.0,多云,17,12,5,0.0,86,29
2026-05-21 08:14:31,2026-05-22,4,羽毛球馆-16号,18:30-19:30,0,1,可预约,￥12.0,多云,17,12,5,0.0,86,29
2026-05-21 08:17:30,2026-05-22,4,羽毛球馆-16号,18:30-19:30,0,1,可预约,￥12.0,多云,17,12,5,0.0,86,29
2026-05-21 08:20:35,2026-05-22,4,羽毛球馆-16号,18:30-19:30,0,1,可预约,￥12.0,多云,17,14,4,0.0,85,29
2026-05-21 08:25:32,2026-05-22,4,羽毛球馆-16号,18:30-19:30,0,1,可预约,￥12.0,多云,17,14,4,0.0,85,28
2026-05-21 08:30:42,2026-05-22,4,羽毛球馆-16号,18:30-19:30,0,1,可预约,￥12.0,多云,18,15,4,0.0,84,28
2026-05-21 08:35:31,2026-05-22,4,羽毛球馆-16号,18:30-19:30,0,1,可预约,￥12.0,多云,18,15,4,0.0,84,28
2026-05-21 08:40:38,2026-05-22,4,羽毛球馆-16号,18:30-19:30,0,1,可预约,￥12.0,多云,18,15,4,0.0,82,28
2026-05-21 08:45:33,2026-05-22,4,羽毛球馆-16号,18:30-19:30,0,1,可预约,￥12.0,多云,18,15,4,0.0,82,28
2026-05-21 08:50:36,2026-05-22,4,羽毛球馆-16号,18:30-19:30,0,1,可预约,￥12.0,多云,18,15,4,0.0,82,28
2026-05-21 08:55:34,2026-05-22,4,羽毛球馆-16号,18:30-19:30,1,1,已售/已满,已售,多云,18,15,4,0.0,84,28
2026-05-21 09:00:51,2026-05-22,4,羽毛球馆-16号,18:30-19:30,1,1,已售/已满,已售,多云,18,15,4,0.0,84,28
2026-05-21 09:01:59,2026-05-22,4,羽毛球馆-16号,18:30-19:30,1,1,已售/已满,已售,多云,18,15,4,0.0,83,28
2026-05-21 09:05:33,2026-05-22,4,羽毛球馆-16号,18:30-19:30,1,1,已售/已满,已售,多云,18,15,4,0.0,83,28
2026-05-21 09:20:38,2026-05-22,4,羽毛球馆-16号,18:30-19:30,1,1,已售/已满,已售,多云,18,16,3,0.0,81,28
2026-05-21 09:30:46,2026-05-22,4,羽毛球馆-16号,18:30-19:30,1,1,已售/已满,已售,多云,18,16,3,0.0,81,32
2026-05-21 09:40:36,2026-05-22,4,羽毛球馆-16号,18:30-19:30,1,1,已售/已满,已售,多云,19,17,3,0.0,79,32
2026-05-21 09:50:42,2026-05-22,4,羽毛球馆-16号,18:30-19:30,1,1,已售/已满,已售,多云,19,17,4,0.0,81,32
2026-05-21 10:00:46,2026-05-22,4,羽毛球馆-16号,18:30-19:30,1,1,已售/已满,已售,多云,19,17,4,0.0,79,32
2026-05-21 10:10:40,2026-05-22,4,羽毛球馆-16号,18:30-19:30,1,1,已售/已满,已售,多云,19,17,4,0.0,79,32
2026-05-21 10:20:38,2026-05-22,4,羽毛球馆-16号,18:30-19:30,1,1,已售/已满,已售,多云,19,17,4,0.0,79,32
2026-05-21 10:30:41,2026-05-22,4,羽毛球馆-16号,18:30-19:30,1,1,已售/已满,已售,多云,19,18,3,0.0,78,31
2026-05-21 11:00:44,2026-05-22,4,羽毛球馆-16号,18:30-19:30,1,1,已售/已满,已售,多云,21,17,5,0.0,74,31
2026-05-21 11:30:38,2026-05-22,4,羽毛球馆-16号,18:30-19:30,1,1,已售/已满,已售,多云,21,19,3,0.0,72,33
2026-05-21 12:00:46,2026-05-22,4,羽毛球馆-16号,18:30-19:30,1,1,已售/已满,已售,多云,22,19,4,0.0,70,33
2026-05-21 12:30:42,2026-05-22,4,羽毛球馆-16号,18:30-19:30,1,1,已售/已满,已售,多云,22,21,3,0.0,68,35
2026-05-21 13:00:43,2026-05-22,4,羽毛球馆-16号,18:30-19:30,1,1,已售/已满,已售,多云,24,22,4,0.0,66,35
2026-05-21 13:30:43,2026-05-22,4,羽毛球馆-16号,18:30-19:30,1,1,已售/已满,已售,多云,24,22,4,0.0,66,36
2026-05-21 14:00:48,2026-05-22,4,羽毛球馆-16号,18:30-19:30,1,1,已售/已满,已售,多云,25,23,4,0.0,66,36
2026-05-21 14:30:45,2026-05-22,4,羽毛球馆-16号,18:30-19:30,1,1,已售/已满,已售,晴,25,25,3,0.0,65,39
2026-05-21 15:00:45,2026-05-22,4,羽毛球馆-16号,18:30-19:30,1,1,已售/已满,已售,晴,25,22,4,0.0,56,39
2026-05-21 15:30:43,2026-05-22,4,羽毛球馆-16号,18:30-19:30,1,1,已售/已满,已售,晴,25,23,4,0.0,57,40
2026-05-21 16:00:51,2026-05-22,4,羽毛球馆-16号,18:30-19:30,1,1,已售/已满,已售,晴,25,23,4,0.0,57,40
2026-05-21 16:30:48,2026-05-22,4,羽毛球馆-16号,18:30-19:30,1,1,已售/已满,已售,晴,25,24,3,0.0,60,39
2026-05-21 17:00:49,2026-05-22,4,羽毛球馆-16号,18:30-19:30,1,1,已售/已满,已售,晴,25,24,4,0.0,61,39
2026-05-21 17:30:47,2026-05-22,4,羽毛球馆-16号,18:30-19:30,1,1,已售/已满,已售,多云,24,23,3,0.0,64,39
2026-05-21 18:00:50,2026-05-22,4,羽毛球馆-16号,18:30-19:30,1,1,已售/已满,已售,多云,24,23,3,0.0,68,39
2026-05-21 18:30:50,2026-05-22,4,羽毛球馆-16号,18:30-19:30,1,1,已售/已满,已售,阴,24,25,2,0.0,68,40
2026-05-21 19:00:50,2026-05-22,4,羽毛球馆-16号,18:30-19:30,1,1,已售/已满,已售,阴,23,23,3,0.0,76,40
2026-05-21 19:30:46,2026-05-22,4,羽毛球馆-16号,18:30-19:30,1,1,已售/已满,已售,阴,23,24,2,0.0,77,39
2026-05-21 20:00:49,2026-05-22,4,羽毛球馆-16号,18:30-19:30,1,1,已售/已满,已售,雾,22,23,2,0.0,89,39
2026-05-21 20:30:44,2026-05-22,4,羽毛球馆-16号,18:30-19:30,1,1,已售/已满,已售,雾,22,24,2,0.0,93,43
2026-05-21 21:00:56,2026-05-22,4,羽毛球馆-16号,18:30-19:30,1,1,已售/已满,已售,雾,20,21,2,0.0,98,43
2026-05-21 21:30:46,2026-05-22,4,羽毛球馆-16号,18:30-19:30,1,1,已售/已满,已售,雾,20,22,1,0.0,99,41
2026-05-21 22:01:02,2026-05-22,4,羽毛球馆-16号,18:30-19:30,1,1,已售/已满,已售,雾,19,20,2,0.0,93,41
2026-05-21 22:30:47,2026-05-22,4,羽毛球馆-16号,18:30-19:30,1,1,已售/已满,已售,雾,19,19,3,0.0,88,46
2026-05-21 23:00:56,2026-05-22,4,羽毛球馆-16号,18:30-19:30,1,1,已售/已满,已售,多云,18,17,3,0.0,85,46
2026-05-21 23:30:55,2026-05-22,4,羽毛球馆-16号,18:30-19:30,1,1,已售/已满,已售,多云,18,17,3,0.0,85,48
2026-05-21 08:00:45,2026-05-22,4,羽毛球馆-16号,19:30-20:30,0,1,可预约,￥12.0,晴,17,12,5,0.0,86,29
2026-05-21 08:02:30,2026-05-22,4,羽毛球馆-16号,19:30-20:30,0,1,可预约,￥12.0,多云,17,12,5,0.0,87,29
2026-05-21 08:05:36,2026-05-22,4,羽毛球馆-16号,19:30-20:30,0,1,可预约,￥12.0,多云,17,12,5,0.0,86,29
2026-05-21 08:08:31,2026-05-22,4,羽毛球馆-16号,19:30-20:30,1,1,已售/已满,已售,多云,17,12,5,0.0,86,29
2026-05-21 08:11:30,2026-05-22,4,羽毛球馆-16号,19:30-20:30,1,1,已售/已满,已售,多云,17,12,5,0.0,86,29
2026-05-21 08:14:31,2026-05-22,4,羽毛球馆-16号,19:30-20:30,1,1,已售/已满,已售,多云,17,12,5,0.0,86,29
2026-05-21 08:17:30,2026-05-22,4,羽毛球馆-16号,19:30-20:30,1,1,已售/已满,已售,多云,17,12,5,0.0,86,29
2026-05-21 08:20:35,2026-05-22,4,羽毛球馆-16号,19:30-20:30,1,1,已售/已满,已售,多云,17,14,4,0.0,85,29
2026-05-21 08:25:32,2026-05-22,4,羽毛球馆-16号,19:30-20:30,1,1,已售/已满,已售,多云,17,14,4,0.0,85,28
2026-05-21 08:30:42,2026-05-22,4,羽毛球馆-16号,19:30-20:30,1,1,已售/已满,已售,多云,18,15,4,0.0,84,28
2026-05-21 08:35:31,2026-05-22,4,羽毛球馆-16号,19:30-20:30,1,1,已售/已满,已售,多云,18,15,4,0.0,84,28
2026-05-21 08:40:38,2026-05-22,4,羽毛球馆-16号,19:30-20:30,1,1,已售/已满,已售,多云,18,15,4,0.0,82,28
2026-05-21 08:45:33,2026-05-22,4,羽毛球馆-16号,19:30-20:30,1,1,已售/已满,已售,多云,18,15,4,0.0,82,28
2026-05-21 08:50:36,2026-05-22,4,羽毛球馆-16号,19:30-20:30,1,1,已售/已满,已售,多云,18,15,4,0.0,82,28
2026-05-21 08:55:34,2026-05-22,4,羽毛球馆-16号,19:30-20:30,1,1,已售/已满,已售,多云,18,15,4,0.0,84,28
2026-05-21 09:00:51,2026-05-22,4,羽毛球馆-16号,19:30-20:30,1,1,已售/已满,已售,多云,18,15,4,0.0,84,28
2026-05-21 09:01:59,2026-05-22,4,羽毛球馆-16号,19:30-20:30,1,1,已售/已满,已售,多云,18,15,4,0.0,83,28
2026-05-21 09:05:33,2026-05-22,4,羽毛球馆-16号,19:30-20:30,1,1,已售/已满,已售,多云,18,15,4,0.0,83,28
2026-05-21 09:20:38,2026-05-22,4,羽毛球馆-16号,19:30-20:30,1,1,已售/已满,已售,多云,18,16,3,0.0,81,28
2026-05-21 09:30:46,2026-05-22,4,羽毛球馆-16号,19:30-20:30,1,1,已售/已满,已售,多云,18,16,3,0.0,81,32
2026-05-21 09:40:36,2026-05-22,4,羽毛球馆-16号,19:30-20:30,1,1,已售/已满,已售,多云,19,17,3,0.0,79,32
2026-05-21 09:50:42,2026-05-22,4,羽毛球馆-16号,19:30-20:30,1,1,已售/已满,已售,多云,19,17,4,0.0,81,32
2026-05-21 10:00:46,2026-05-22,4,羽毛球馆-16号,19:30-20:30,1,1,已售/已满,已售,多云,19,17,4,0.0,79,32
2026-05-21 10:10:40,2026-05-22,4,羽毛球馆-16号,19:30-20:30,1,1,已售/已满,已售,多云,19,17,4,0.0,79,32
2026-05-21 10:20:38,2026-05-22,4,羽毛球馆-16号,19:30-20:30,1,1,已售/已满,已售,多云,19,17,4,0.0,79,32
2026-05-21 10:30:41,2026-05-22,4,羽毛球馆-16号,19:30-20:30,1,1,已售/已满,已售,多云,19,18,3,0.0,78,31
2026-05-21 11:00:44,2026-05-22,4,羽毛球馆-16号,19:30-20:30,1,1,已售/已满,已售,多云,21,17,5,0.0,74,31
2026-05-21 11:30:38,2026-05-22,4,羽毛球馆-16号,19:30-20:30,1,1,已售/已满,已售,多云,21,19,3,0.0,72,33
2026-05-21 12:00:46,2026-05-22,4,羽毛球馆-16号,19:30-20:30,1,1,已售/已满,已售,多云,22,19,4,0.0,70,33
2026-05-21 12:30:42,2026-05-22,4,羽毛球馆-16号,19:30-20:30,1,1,已售/已满,已售,多云,22,21,3,0.0,68,35
2026-05-21 13:00:43,2026-05-22,4,羽毛球馆-16号,19:30-20:30,1,1,已售/已满,已售,多云,24,22,4,0.0,66,35
2026-05-21 13:30:43,2026-05-22,4,羽毛球馆-16号,19:30-20:30,1,1,已售/已满,已售,多云,24,22,4,0.0,66,36
2026-05-21 14:00:48,2026-05-22,4,羽毛球馆-16号,19:30-20:30,1,1,已售/已满,已售,多云,25,23,4,0.0,66,36
2026-05-21 14:30:45,2026-05-22,4,羽毛球馆-16号,19:30-20:30,1,1,已售/已满,已售,晴,25,25,3,0.0,65,39
2026-05-21 15:00:45,2026-05-22,4,羽毛球馆-16号,19:30-20:30,1,1,已售/已满,已售,晴,25,22,4,0.0,56,39
2026-05-21 15:30:43,2026-05-22,4,羽毛球馆-16号,19:30-20:30,1,1,已售/已满,已售,晴,25,23,4,0.0,57,40
2026-05-21 16:00:51,2026-05-22,4,羽毛球馆-16号,19:30-20:30,1,1,已售/已满,已售,晴,25,23,4,0.0,57,40
2026-05-21 16:30:48,2026-05-22,4,羽毛球馆-16号,19:30-20:30,1,1,已售/已满,已售,晴,25,24,3,0.0,60,39
2026-05-21 17:00:49,2026-05-22,4,羽毛球馆-16号,19:30-20:30,1,1,已售/已满,已售,晴,25,24,4,0.0,61,39
2026-05-21 17:30:47,2026-05-22,4,羽毛球馆-16号,19:30-20:30,1,1,已售/已满,已售,多云,24,23,3,0.0,64,39
2026-05-21 18:00:50,2026-05-22,4,羽毛球馆-16号,19:30-20:30,1,1,已售/已满,已售,多云,24,23,3,0.0,68,39
2026-05-21 18:30:50,2026-05-22,4,羽毛球馆-16号,19:30-20:30,1,1,已售/已满,已售,阴,24,25,2,0.0,68,40
2026-05-21 19:00:50,2026-05-22,4,羽毛球馆-16号,19:30-20:30,1,1,已售/已满,已售,阴,23,23,3,0.0,76,40
2026-05-21 19:30:46,2026-05-22,4,羽毛球馆-16号,19:30-20:30,1,1,已售/已满,已售,阴,23,24,2,0.0,77,39
2026-05-21 20:00:49,2026-05-22,4,羽毛球馆-16号,19:30-20:30,1,1,已售/已满,已售,雾,22,23,2,0.0,89,39
2026-05-21 20:30:44,2026-05-22,4,羽毛球馆-16号,19:30-20:30,1,1,已售/已满,已售,雾,22,24,2,0.0,93,43
2026-05-21 21:00:56,2026-05-22,4,羽毛球馆-16号,19:30-20:30,1,1,已售/已满,已售,雾,20,21,2,0.0,98,43
2026-05-21 21:30:46,2026-05-22,4,羽毛球馆-16号,19:30-20:30,1,1,已售/已满,已售,雾,20,22,1,0.0,99,41
2026-05-21 22:01:02,2026-05-22,4,羽毛球馆-16号,19:30-20:30,1,1,已售/已满,已售,雾,19,20,2,0.0,93,41
2026-05-21 22:30:47,2026-05-22,4,羽毛球馆-16号,19:30-20:30,1,1,已售/已满,已售,雾,19,19,3,0.0,88,46
2026-05-21 23:00:56,2026-05-22,4,羽毛球馆-16号,19:30-20:30,1,1,已售/已满,已售,多云,18,17,3,0.0,85,46
2026-05-21 23:30:55,2026-05-22,4,羽毛球馆-16号,19:30-20:30,1,1,已售/已满,已售,多云,18,17,3,0.0,85,48
2026-05-21 08:00:45,2026-05-22,4,羽毛球馆-16号,20:30-21:30,0,1,可预约,￥12.0,晴,17,12,5,0.0,86,29
2026-05-21 08:02:30,2026-05-22,4,羽毛球馆-16号,20:30-21:30,0,1,可预约,￥12.0,多云,17,12,5,0.0,87,29
2026-05-21 08:05:36,2026-05-22,4,羽毛球馆-16号,20:30-21:30,0,1,可预约,￥12.0,多云,17,12,5,0.0,86,29
2026-05-21 08:08:31,2026-05-22,4,羽毛球馆-16号,20:30-21:30,1,1,已售/已满,已售,多云,17,12,5,0.0,86,29
2026-05-21 08:11:30,2026-05-22,4,羽毛球馆-16号,20:30-21:30,1,1,已售/已满,已售,多云,17,12,5,0.0,86,29
2026-05-21 08:14:31,2026-05-22,4,羽毛球馆-16号,20:30-21:30,1,1,已售/已满,已售,多云,17,12,5,0.0,86,29
2026-05-21 08:17:30,2026-05-22,4,羽毛球馆-16号,20:30-21:30,1,1,已售/已满,已售,多云,17,12,5,0.0,86,29
2026-05-21 08:20:35,2026-05-22,4,羽毛球馆-16号,20:30-21:30,1,1,已售/已满,已售,多云,17,14,4,0.0,85,29
2026-05-21 08:25:32,2026-05-22,4,羽毛球馆-16号,20:30-21:30,1,1,已售/已满,已售,多云,17,14,4,0.0,85,28
2026-05-21 08:30:42,2026-05-22,4,羽毛球馆-16号,20:30-21:30,1,1,已售/已满,已售,多云,18,15,4,0.0,84,28
2026-05-21 08:35:31,2026-05-22,4,羽毛球馆-16号,20:30-21:30,1,1,已售/已满,已售,多云,18,15,4,0.0,84,28
2026-05-21 08:40:38,2026-05-22,4,羽毛球馆-16号,20:30-21:30,1,1,已售/已满,已售,多云,18,15,4,0.0,82,28
2026-05-21 08:45:33,2026-05-22,4,羽毛球馆-16号,20:30-21:30,1,1,已售/已满,已售,多云,18,15,4,0.0,82,28
2026-05-21 08:50:36,2026-05-22,4,羽毛球馆-16号,20:30-21:30,1,1,已售/已满,已售,多云,18,15,4,0.0,82,28
2026-05-21 08:55:34,2026-05-22,4,羽毛球馆-16号,20:30-21:30,1,1,已售/已满,已售,多云,18,15,4,0.0,84,28
2026-05-21 09:00:51,2026-05-22,4,羽毛球馆-16号,20:30-21:30,1,1,已售/已满,已售,多云,18,15,4,0.0,84,28
2026-05-21 09:01:59,2026-05-22,4,羽毛球馆-16号,20:30-21:30,1,1,已售/已满,已售,多云,18,15,4,0.0,83,28
2026-05-21 09:05:33,2026-05-22,4,羽毛球馆-16号,20:30-21:30,1,1,已售/已满,已售,多云,18,15,4,0.0,83,28
2026-05-21 09:20:38,2026-05-22,4,羽毛球馆-16号,20:30-21:30,1,1,已售/已满,已售,多云,18,16,3,0.0,81,28
2026-05-21 09:30:46,2026-05-22,4,羽毛球馆-16号,20:30-21:30,1,1,已售/已满,已售,多云,18,16,3,0.0,81,32
2026-05-21 09:40:36,2026-05-22,4,羽毛球馆-16号,20:30-21:30,1,1,已售/已满,已售,多云,19,17,3,0.0,79,32
2026-05-21 09:50:42,2026-05-22,4,羽毛球馆-16号,20:30-21:30,1,1,已售/已满,已售,多云,19,17,4,0.0,81,32
2026-05-21 10:00:46,2026-05-22,4,羽毛球馆-16号,20:30-21:30,1,1,已售/已满,已售,多云,19,17,4,0.0,79,32
2026-05-21 10:10:40,2026-05-22,4,羽毛球馆-16号,20:30-21:30,1,1,已售/已满,已售,多云,19,17,4,0.0,79,32
2026-05-21 10:20:38,2026-05-22,4,羽毛球馆-16号,20:30-21:30,1,1,已售/已满,已售,多云,19,17,4,0.0,79,32
2026-05-21 10:30:41,2026-05-22,4,羽毛球馆-16号,20:30-21:30,1,1,已售/已满,已售,多云,19,18,3,0.0,78,31
2026-05-21 11:00:44,2026-05-22,4,羽毛球馆-16号,20:30-21:30,1,1,已售/已满,已售,多云,21,17,5,0.0,74,31
2026-05-21 11:30:38,2026-05-22,4,羽毛球馆-16号,20:30-21:30,1,1,已售/已满,已售,多云,21,19,3,0.0,72,33
2026-05-21 12:00:46,2026-05-22,4,羽毛球馆-16号,20:30-21:30,1,1,已售/已满,已售,多云,22,19,4,0.0,70,33
2026-05-21 12:30:42,2026-05-22,4,羽毛球馆-16号,20:30-21:30,1,1,已售/已满,已售,多云,22,21,3,0.0,68,35
2026-05-21 13:00:43,2026-05-22,4,羽毛球馆-16号,20:30-21:30,1,1,已售/已满,已售,多云,24,22,4,0.0,66,35
2026-05-21 13:30:43,2026-05-22,4,羽毛球馆-16号,20:30-21:30,1,1,已售/已满,已售,多云,24,22,4,0.0,66,36
2026-05-21 14:00:48,2026-05-22,4,羽毛球馆-16号,20:30-21:30,1,1,已售/已满,已售,多云,25,23,4,0.0,66,36
2026-05-21 14:30:45,2026-05-22,4,羽毛球馆-16号,20:30-21:30,1,1,已售/已满,已售,晴,25,25,3,0.0,65,39
2026-05-21 15:00:45,2026-05-22,4,羽毛球馆-16号,20:30-21:30,1,1,已售/已满,已售,晴,25,22,4,0.0,56,39
2026-05-21 15:30:43,2026-05-22,4,羽毛球馆-16号,20:30-21:30,1,1,已售/已满,已售,晴,25,23,4,0.0,57,40
2026-05-21 16:00:51,2026-05-22,4,羽毛球馆-16号,20:30-21:30,1,1,已售/已满,已售,晴,25,23,4,0.0,57,40
2026-05-21 16:30:48,2026-05-22,4,羽毛球馆-16号,20:30-21:30,1,1,已售/已满,已售,晴,25,24,3,0.0,60,39
2026-05-21 17:00:49,2026-05-22,4,羽毛球馆-16号,20:30-21:30,1,1,已售/已满,已售,晴,25,24,4,0.0,61,39
2026-05-21 17:30:47,2026-05-22,4,羽毛球馆-16号,20:30-21:30,1,1,已售/已满,已售,多云,24,23,3,0.0,64,39
2026-05-21 18:00:50,2026-05-22,4,羽毛球馆-16号,20:30-21:30,1,1,已售/已满,已售,多云,24,23,3,0.0,68,39
2026-05-21 18:30:50,2026-05-22,4,羽毛球馆-16号,20:30-21:30,1,1,已售/已满,已售,阴,24,25,2,0.0,68,40
2026-05-21 19:00:50,2026-05-22,4,羽毛球馆-16号,20:30-21:30,1,1,已售/已满,已售,阴,23,23,3,0.0,76,40
2026-05-21 19:30:46,2026-05-22,4,羽毛球馆-16号,20:30-21:30,1,1,已售/已满,已售,阴,23,24,2,0.0,77,39
2026-05-21 20:00:49,2026-05-22,4,羽毛球馆-16号,20:30-21:30,1,1,已售/已满,已售,雾,22,23,2,0.0,89,39
2026-05-21 20:30:44,2026-05-22,4,羽毛球馆-16号,20:30-21:30,1,1,已售/已满,已售,雾,22,24,2,0.0,93,43
2026-05-21 21:00:56,2026-05-22,4,羽毛球馆-16号,20:30-21:30,1,1,已售/已满,已售,雾,20,21,2,0.0,98,43
2026-05-21 21:30:46,2026-05-22,4,羽毛球馆-16号,20:30-21:30,1,1,已售/已满,已售,雾,20,22,1,0.0,99,41
2026-05-21 22:01:02,2026-05-22,4,羽毛球馆-16号,20:30-21:30,1,1,已售/已满,已售,雾,19,20,2,0.0,93,41
2026-05-21 22:30:47,2026-05-22,4,羽毛球馆-16号,20:30-21:30,1,1,已售/已满,已售,雾,19,19,3,0.0,88,46
2026-05-21 23:00:56,2026-05-22,4,羽毛球馆-16号,20:30-21:30,1,1,已售/已满,已售,多云,18,17,3,0.0,85,46
2026-05-21 23:30:55,2026-05-22,4,羽毛球馆-16号,20:30-21:30,1,1,已售/已满,已售,多云,18,17,3,0.0,85,48
2026-05-21 08:00:45,2026-05-22,4,羽毛球馆-17号,07:00-08:00,0,1,可预约,￥0.0,晴,17,12,5,0.0,86,29
2026-05-21 08:02:30,2026-05-22,4,羽毛球馆-17号,07:00-08:00,0,1,可预约,￥0.0,多云,17,12,5,0.0,87,29
2026-05-21 08:05:36,2026-05-22,4,羽毛球馆-17号,07:00-08:00,0,1,可预约,￥0.0,多云,17,12,5,0.0,86,29
2026-05-21 08:08:31,2026-05-22,4,羽毛球馆-17号,07:00-08:00,0,1,可预约,￥0.0,多云,17,12,5,0.0,86,29
2026-05-21 08:11:30,2026-05-22,4,羽毛球馆-17号,07:00-08:00,0,1,可预约,￥0.0,多云,17,12,5,0.0,86,29
2026-05-21 08:14:31,2026-05-22,4,羽毛球馆-17号,07:00-08:00,0,1,可预约,￥0.0,多云,17,12,5,0.0,86,29
2026-05-21 08:17:30,2026-05-22,4,羽毛球馆-17号,07:00-08:00,0,1,可预约,￥0.0,多云,17,12,5,0.0,86,29
2026-05-21 08:20:35,2026-05-22,4,羽毛球馆-17号,07:00-08:00,0,1,可预约,￥0.0,多云,17,14,4,0.0,85,29
2026-05-21 08:25:32,2026-05-22,4,羽毛球馆-17号,07:00-08:00,0,1,可预约,￥0.0,多云,17,14,4,0.0,85,28
2026-05-21 08:30:42,2026-05-22,4,羽毛球馆-17号,07:00-08:00,0,1,可预约,￥0.0,多云,18,15,4,0.0,84,28
2026-05-21 08:35:31,2026-05-22,4,羽毛球馆-17号,07:00-08:00,0,1,可预约,￥0.0,多云,18,15,4,0.0,84,28
2026-05-21 08:40:38,2026-05-22,4,羽毛球馆-17号,07:00-08:00,0,1,可预约,￥0.0,多云,18,15,4,0.0,82,28
2026-05-21 08:45:33,2026-05-22,4,羽毛球馆-17号,07:00-08:00,0,1,可预约,￥0.0,多云,18,15,4,0.0,82,28
2026-05-21 08:50:36,2026-05-22,4,羽毛球馆-17号,07:00-08:00,0,1,可预约,￥0.0,多云,18,15,4,0.0,82,28
2026-05-21 08:55:34,2026-05-22,4,羽毛球馆-17号,07:00-08:00,0,1,可预约,￥0.0,多云,18,15,4,0.0,84,28
2026-05-21 09:00:51,2026-05-22,4,羽毛球馆-17号,07:00-08:00,0,1,可预约,￥0.0,多云,18,15,4,0.0,84,28
2026-05-21 09:01:59,2026-05-22,4,羽毛球馆-17号,07:00-08:00,0,1,可预约,￥0.0,多云,18,15,4,0.0,83,28
2026-05-21 09:05:33,2026-05-22,4,羽毛球馆-17号,07:00-08:00,0,1,可预约,￥0.0,多云,18,15,4,0.0,83,28
2026-05-21 09:20:38,2026-05-22,4,羽毛球馆-17号,07:00-08:00,0,1,可预约,￥0.0,多云,18,16,3,0.0,81,28
2026-05-21 09:30:46,2026-05-22,4,羽毛球馆-17号,07:00-08:00,0,1,可预约,￥0.0,多云,18,16,3,0.0,81,32
2026-05-21 09:40:36,2026-05-22,4,羽毛球馆-17号,07:00-08:00,0,1,可预约,￥0.0,多云,19,17,3,0.0,79,32
2026-05-21 09:50:42,2026-05-22,4,羽毛球馆-17号,07:00-08:00,0,1,可预约,￥0.0,多云,19,17,4,0.0,81,32
2026-05-21 10:00:46,2026-05-22,4,羽毛球馆-17号,07:00-08:00,0,1,可预约,￥0.0,多云,19,17,4,0.0,79,32
2026-05-21 10:10:40,2026-05-22,4,羽毛球馆-17号,07:00-08:00,0,1,可预约,￥0.0,多云,19,17,4,0.0,79,32
2026-05-21 10:20:38,2026-05-22,4,羽毛球馆-17号,07:00-08:00,0,1,可预约,￥0.0,多云,19,17,4,0.0,79,32
2026-05-21 10:30:41,2026-05-22,4,羽毛球馆-17号,07:00-08:00,0,1,可预约,￥0.0,多云,19,18,3,0.0,78,31
2026-05-21 11:00:44,2026-05-22,4,羽毛球馆-17号,07:00-08:00,0,1,可预约,￥0.0,多云,21,17,5,0.0,74,31
2026-05-21 11:30:38,2026-05-22,4,羽毛球馆-17号,07:00-08:00,0,1,可预约,￥0.0,多云,21,19,3,0.0,72,33
2026-05-21 12:00:46,2026-05-22,4,羽毛球馆-17号,07:00-08:00,0,1,可预约,￥0.0,多云,22,19,4,0.0,70,33
2026-05-21 12:30:42,2026-05-22,4,羽毛球馆-17号,07:00-08:00,0,1,可预约,￥0.0,多云,22,21,3,0.0,68,35
2026-05-21 13:00:43,2026-05-22,4,羽毛球馆-17号,07:00-08:00,0,1,可预约,￥0.0,多云,24,22,4,0.0,66,35
2026-05-21 13:30:43,2026-05-22,4,羽毛球馆-17号,07:00-08:00,0,1,可预约,￥0.0,多云,24,22,4,0.0,66,36
2026-05-21 14:00:48,2026-05-22,4,羽毛球馆-17号,07:00-08:00,0,1,可预约,￥0.0,多云,25,23,4,0.0,66,36
2026-05-21 14:30:45,2026-05-22,4,羽毛球馆-17号,07:00-08:00,0,1,可预约,￥0.0,晴,25,25,3,0.0,65,39
2026-05-21 15:00:45,2026-05-22,4,羽毛球馆-17号,07:00-08:00,0,1,可预约,￥0.0,晴,25,22,4,0.0,56,39
2026-05-21 15:30:43,2026-05-22,4,羽毛球馆-17号,07:00-08:00,0,1,可预约,￥0.0,晴,25,23,4,0.0,57,40
2026-05-21 16:00:51,2026-05-22,4,羽毛球馆-17号,07:00-08:00,0,1,可预约,￥0.0,晴,25,23,4,0.0,57,40
2026-05-21 16:30:48,2026-05-22,4,羽毛球馆-17号,07:00-08:00,0,1,可预约,￥0.0,晴,25,24,3,0.0,60,39
2026-05-21 17:00:49,2026-05-22,4,羽毛球馆-17号,07:00-08:00,0,1,可预约,￥0.0,晴,25,24,4,0.0,61,39
2026-05-21 17:30:47,2026-05-22,4,羽毛球馆-17号,07:00-08:00,0,1,可预约,￥0.0,多云,24,23,3,0.0,64,39
2026-05-21 18:00:50,2026-05-22,4,羽毛球馆-17号,07:00-08:00,0,1,可预约,￥0.0,多云,24,23,3,0.0,68,39
2026-05-21 18:30:50,2026-05-22,4,羽毛球馆-17号,07:00-08:00,0,1,可预约,￥0.0,阴,24,25,2,0.0,68,40
2026-05-21 19:00:50,2026-05-22,4,羽毛球馆-17号,07:00-08:00,0,1,可预约,￥0.0,阴,23,23,3,0.0,76,40
2026-05-21 19:30:46,2026-05-22,4,羽毛球馆-17号,07:00-08:00,0,1,可预约,￥0.0,阴,23,24,2,0.0,77,39
2026-05-21 20:00:49,2026-05-22,4,羽毛球馆-17号,07:00-08:00,0,1,可预约,￥0.0,雾,22,23,2,0.0,89,39
2026-05-21 20:30:44,2026-05-22,4,羽毛球馆-17号,07:00-08:00,0,1,可预约,￥0.0,雾,22,24,2,0.0,93,43
2026-05-21 21:00:56,2026-05-22,4,羽毛球馆-17号,07:00-08:00,0,1,可预约,￥0.0,雾,20,21,2,0.0,98,43
2026-05-21 21:30:46,2026-05-22,4,羽毛球馆-17号,07:00-08:00,0,1,可预约,￥0.0,雾,20,22,1,0.0,99,41
2026-05-21 22:01:02,2026-05-22,4,羽毛球馆-17号,07:00-08:00,0,1,可预约,￥0.0,雾,19,20,2,0.0,93,41
2026-05-21 22:30:47,2026-05-22,4,羽毛球馆-17号,07:00-08:00,0,1,可预约,￥0.0,雾,19,19,3,0.0,88,46
2026-05-21 23:00:56,2026-05-22,4,羽毛球馆-17号,07:00-08:00,0,1,可预约,￥0.0,多云,18,17,3,0.0,85,46
2026-05-21 23:30:55,2026-05-22,4,羽毛球馆-17号,07:00-08:00,0,1,可预约,￥0.0,多云,18,17,3,0.0,85,48
2026-05-21 08:00:45,2026-05-22,4,羽毛球馆-17号,08:00-09:00,0,1,可预约,￥0.0,晴,17,12,5,0.0,86,29
2026-05-21 08:02:30,2026-05-22,4,羽毛球馆-17号,08:00-09:00,0,1,可预约,￥0.0,多云,17,12,5,0.0,87,29
2026-05-21 08:05:36,2026-05-22,4,羽毛球馆-17号,08:00-09:00,0,1,可预约,￥0.0,多云,17,12,5,0.0,86,29
2026-05-21 08:08:31,2026-05-22,4,羽毛球馆-17号,08:00-09:00,0,1,可预约,￥0.0,多云,17,12,5,0.0,86,29
2026-05-21 08:11:30,2026-05-22,4,羽毛球馆-17号,08:00-09:00,0,1,可预约,￥0.0,多云,17,12,5,0.0,86,29
2026-05-21 08:14:31,2026-05-22,4,羽毛球馆-17号,08:00-09:00,0,1,可预约,￥0.0,多云,17,12,5,0.0,86,29
2026-05-21 08:17:30,2026-05-22,4,羽毛球馆-17号,08:00-09:00,0,1,可预约,￥0.0,多云,17,12,5,0.0,86,29
2026-05-21 08:20:35,2026-05-22,4,羽毛球馆-17号,08:00-09:00,0,1,可预约,￥0.0,多云,17,14,4,0.0,85,29
2026-05-21 08:25:32,2026-05-22,4,羽毛球馆-17号,08:00-09:00,0,1,可预约,￥0.0,多云,17,14,4,0.0,85,28
2026-05-21 08:30:42,2026-05-22,4,羽毛球馆-17号,08:00-09:00,0,1,可预约,￥0.0,多云,18,15,4,0.0,84,28
2026-05-21 08:35:31,2026-05-22,4,羽毛球馆-17号,08:00-09:00,0,1,可预约,￥0.0,多云,18,15,4,0.0,84,28
2026-05-21 08:40:38,2026-05-22,4,羽毛球馆-17号,08:00-09:00,0,1,可预约,￥0.0,多云,18,15,4,0.0,82,28
2026-05-21 08:45:33,2026-05-22,4,羽毛球馆-17号,08:00-09:00,0,1,可预约,￥0.0,多云,18,15,4,0.0,82,28
2026-05-21 08:50:36,2026-05-22,4,羽毛球馆-17号,08:00-09:00,0,1,可预约,￥0.0,多云,18,15,4,0.0,82,28
2026-05-21 08:55:34,2026-05-22,4,羽毛球馆-17号,08:00-09:00,0,1,可预约,￥0.0,多云,18,15,4,0.0,84,28
2026-05-21 09:00:51,2026-05-22,4,羽毛球馆-17号,08:00-09:00,0,1,可预约,￥0.0,多云,18,15,4,0.0,84,28
2026-05-21 09:01:59,2026-05-22,4,羽毛球馆-17号,08:00-09:00,0,1,可预约,￥0.0,多云,18,15,4,0.0,83,28
2026-05-21 09:05:33,2026-05-22,4,羽毛球馆-17号,08:00-09:00,0,1,可预约,￥0.0,多云,18,15,4,0.0,83,28
2026-05-21 09:20:38,2026-05-22,4,羽毛球馆-17号,08:00-09:00,0,1,可预约,￥0.0,多云,18,16,3,0.0,81,28
2026-05-21 09:30:46,2026-05-22,4,羽毛球馆-17号,08:00-09:00,0,1,可预约,￥0.0,多云,18,16,3,0.0,81,32
2026-05-21 09:40:36,2026-05-22,4,羽毛球馆-17号,08:00-09:00,0,1,可预约,￥0.0,多云,19,17,3,0.0,79,32
2026-05-21 09:50:42,2026-05-22,4,羽毛球馆-17号,08:00-09:00,0,1,可预约,￥0.0,多云,19,17,4,0.0,81,32
2026-05-21 10:00:46,2026-05-22,4,羽毛球馆-17号,08:00-09:00,0,1,可预约,￥0.0,多云,19,17,4,0.0,79,32
2026-05-21 10:10:40,2026-05-22,4,羽毛球馆-17号,08:00-09:00,0,1,可预约,￥0.0,多云,19,17,4,0.0,79,32
2026-05-21 10:20:38,2026-05-22,4,羽毛球馆-17号,08:00-09:00,0,1,可预约,￥0.0,多云,19,17,4,0.0,79,32
2026-05-21 10:30:41,2026-05-22,4,羽毛球馆-17号,08:00-09:00,0,1,可预约,￥0.0,多云,19,18,3,0.0,78,31
2026-05-21 11:00:44,2026-05-22,4,羽毛球馆-17号,08:00-09:00,0,1,可预约,￥0.0,多云,21,17,5,0.0,74,31
2026-05-21 11:30:38,2026-05-22,4,羽毛球馆-17号,08:00-09:00,0,1,可预约,￥0.0,多云,21,19,3,0.0,72,33
2026-05-21 12:00:46,2026-05-22,4,羽毛球馆-17号,08:00-09:00,0,1,可预约,￥0.0,多云,22,19,4,0.0,70,33
2026-05-21 12:30:42,2026-05-22,4,羽毛球馆-17号,08:00-09:00,0,1,可预约,￥0.0,多云,22,21,3,0.0,68,35
2026-05-21 13:00:43,2026-05-22,4,羽毛球馆-17号,08:00-09:00,0,1,可预约,￥0.0,多云,24,22,4,0.0,66,35
2026-05-21 13:30:43,2026-05-22,4,羽毛球馆-17号,08:00-09:00,0,1,可预约,￥0.0,多云,24,22,4,0.0,66,36
2026-05-21 14:00:48,2026-05-22,4,羽毛球馆-17号,08:00-09:00,0,1,可预约,￥0.0,多云,25,23,4,0.0,66,36
2026-05-21 14:30:45,2026-05-22,4,羽毛球馆-17号,08:00-09:00,0,1,可预约,￥0.0,晴,25,25,3,0.0,65,39
2026-05-21 15:00:45,2026-05-22,4,羽毛球馆-17号,08:00-09:00,0,1,可预约,￥0.0,晴,25,22,4,0.0,56,39
2026-05-21 15:30:43,2026-05-22,4,羽毛球馆-17号,08:00-09:00,0,1,可预约,￥0.0,晴,25,23,4,0.0,57,40
2026-05-21 16:00:51,2026-05-22,4,羽毛球馆-17号,08:00-09:00,0,1,可预约,￥0.0,晴,25,23,4,0.0,57,40
2026-05-21 16:30:48,2026-05-22,4,羽毛球馆-17号,08:00-09:00,0,1,可预约,￥0.0,晴,25,24,3,0.0,60,39
2026-05-21 17:00:49,2026-05-22,4,羽毛球馆-17号,08:00-09:00,0,1,可预约,￥0.0,晴,25,24,4,0.0,61,39
2026-05-21 17:30:47,2026-05-22,4,羽毛球馆-17号,08:00-09:00,0,1,可预约,￥0.0,多云,24,23,3,0.0,64,39
2026-05-21 18:00:50,2026-05-22,4,羽毛球馆-17号,08:00-09:00,0,1,可预约,￥0.0,多云,24,23,3,0.0,68,39
2026-05-21 18:30:50,2026-05-22,4,羽毛球馆-17号,08:00-09:00,0,1,可预约,￥0.0,阴,24,25,2,0.0,68,40
2026-05-21 19:00:50,2026-05-22,4,羽毛球馆-17号,08:00-09:00,0,1,可预约,￥0.0,阴,23,23,3,0.0,76,40
2026-05-21 19:30:46,2026-05-22,4,羽毛球馆-17号,08:00-09:00,0,1,可预约,￥0.0,阴,23,24,2,0.0,77,39
2026-05-21 20:00:49,2026-05-22,4,羽毛球馆-17号,08:00-09:00,0,1,可预约,￥0.0,雾,22,23,2,0.0,89,39
2026-05-21 20:30:44,2026-05-22,4,羽毛球馆-17号,08:00-09:00,0,1,可预约,￥0.0,雾,22,24,2,0.0,93,43
2026-05-21 21:00:56,2026-05-22,4,羽毛球馆-17号,08:00-09:00,0,1,可预约,￥0.0,雾,20,21,2,0.0,98,43
2026-05-21 21:30:46,2026-05-22,4,羽毛球馆-17号,08:00-09:00,0,1,可预约,￥0.0,雾,20,22,1,0.0,99,41
2026-05-21 22:01:02,2026-05-22,4,羽毛球馆-17号,08:00-09:00,0,1,可预约,￥0.0,雾,19,20,2,0.0,93,41
2026-05-21 22:30:47,2026-05-22,4,羽毛球馆-17号,08:00-09:00,0,1,可预约,￥0.0,雾,19,19,3,0.0,88,46
2026-05-21 23:00:56,2026-05-22,4,羽毛球馆-17号,08:00-09:00,0,1,可预约,￥0.0,多云,18,17,3,0.0,85,46
2026-05-21 23:30:55,2026-05-22,4,羽毛球馆-17号,08:00-09:00,0,1,可预约,￥0.0,多云,18,17,3,0.0,85,48
2026-05-21 08:00:45,2026-05-22,4,羽毛球馆-17号,09:00-10:00,0,1,可预约,￥12.0,晴,17,12,5,0.0,86,29
2026-05-21 08:02:30,2026-05-22,4,羽毛球馆-17号,09:00-10:00,0,1,可预约,￥12.0,多云,17,12,5,0.0,87,29
2026-05-21 08:05:36,2026-05-22,4,羽毛球馆-17号,09:00-10:00,0,1,可预约,￥12.0,多云,17,12,5,0.0,86,29
2026-05-21 08:08:31,2026-05-22,4,羽毛球馆-17号,09:00-10:00,0,1,可预约,￥12.0,多云,17,12,5,0.0,86,29
2026-05-21 08:11:30,2026-05-22,4,羽毛球馆-17号,09:00-10:00,0,1,可预约,￥12.0,多云,17,12,5,0.0,86,29
2026-05-21 08:14:31,2026-05-22,4,羽毛球馆-17号,09:00-10:00,0,1,可预约,￥12.0,多云,17,12,5,0.0,86,29
2026-05-21 08:17:30,2026-05-22,4,羽毛球馆-17号,09:00-10:00,0,1,可预约,￥12.0,多云,17,12,5,0.0,86,29
2026-05-21 08:20:35,2026-05-22,4,羽毛球馆-17号,09:00-10:00,0,1,可预约,￥12.0,多云,17,14,4,0.0,85,29
2026-05-21 08:25:32,2026-05-22,4,羽毛球馆-17号,09:00-10:00,0,1,可预约,￥12.0,多云,17,14,4,0.0,85,28
2026-05-21 08:30:42,2026-05-22,4,羽毛球馆-17号,09:00-10:00,0,1,可预约,￥12.0,多云,18,15,4,0.0,84,28
2026-05-21 08:35:31,2026-05-22,4,羽毛球馆-17号,09:00-10:00,0,1,可预约,￥12.0,多云,18,15,4,0.0,84,28
2026-05-21 08:40:38,2026-05-22,4,羽毛球馆-17号,09:00-10:00,0,1,可预约,￥12.0,多云,18,15,4,0.0,82,28
2026-05-21 08:45:33,2026-05-22,4,羽毛球馆-17号,09:00-10:00,0,1,可预约,￥12.0,多云,18,15,4,0.0,82,28
2026-05-21 08:50:36,2026-05-22,4,羽毛球馆-17号,09:00-10:00,0,1,可预约,￥12.0,多云,18,15,4,0.0,82,28
2026-05-21 08:55:34,2026-05-22,4,羽毛球馆-17号,09:00-10:00,0,1,可预约,￥12.0,多云,18,15,4,0.0,84,28
2026-05-21 09:00:51,2026-05-22,4,羽毛球馆-17号,09:00-10:00,0,1,可预约,￥12.0,多云,18,15,4,0.0,84,28
2026-05-21 09:01:59,2026-05-22,4,羽毛球馆-17号,09:00-10:00,0,1,可预约,￥12.0,多云,18,15,4,0.0,83,28
2026-05-21 09:05:33,2026-05-22,4,羽毛球馆-17号,09:00-10:00,0,1,可预约,￥12.0,多云,18,15,4,0.0,83,28
2026-05-21 09:20:38,2026-05-22,4,羽毛球馆-17号,09:00-10:00,0,1,可预约,￥12.0,多云,18,16,3,0.0,81,28
2026-05-21 09:30:46,2026-05-22,4,羽毛球馆-17号,09:00-10:00,0,1,可预约,￥12.0,多云,18,16,3,0.0,81,32
2026-05-21 09:40:36,2026-05-22,4,羽毛球馆-17号,09:00-10:00,0,1,可预约,￥12.0,多云,19,17,3,0.0,79,32
2026-05-21 09:50:42,2026-05-22,4,羽毛球馆-17号,09:00-10:00,0,1,可预约,￥12.0,多云,19,17,4,0.0,81,32
2026-05-21 10:00:46,2026-05-22,4,羽毛球馆-17号,09:00-10:00,0,1,可预约,￥12.0,多云,19,17,4,0.0,79,32
2026-05-21 10:10:40,2026-05-22,4,羽毛球馆-17号,09:00-10:00,0,1,可预约,￥12.0,多云,19,17,4,0.0,79,32
2026-05-21 10:20:38,2026-05-22,4,羽毛球馆-17号,09:00-10:00,0,1,可预约,￥12.0,多云,19,17,4,0.0,79,32
2026-05-21 10:30:41,2026-05-22,4,羽毛球馆-17号,09:00-10:00,0,1,可预约,￥12.0,多云,19,18,3,0.0,78,31
2026-05-21 11:00:44,2026-05-22,4,羽毛球馆-17号,09:00-10:00,0,1,可预约,￥12.0,多云,21,17,5,0.0,74,31
2026-05-21 11:30:38,2026-05-22,4,羽毛球馆-17号,09:00-10:00,0,1,可预约,￥12.0,多云,21,19,3,0.0,72,33
2026-05-21 12:00:46,2026-05-22,4,羽毛球馆-17号,09:00-10:00,0,1,可预约,￥12.0,多云,22,19,4,0.0,70,33
2026-05-21 12:30:42,2026-05-22,4,羽毛球馆-17号,09:00-10:00,0,1,可预约,￥12.0,多云,22,21,3,0.0,68,35
2026-05-21 13:00:43,2026-05-22,4,羽毛球馆-17号,09:00-10:00,0,1,可预约,￥12.0,多云,24,22,4,0.0,66,35
2026-05-21 13:30:43,2026-05-22,4,羽毛球馆-17号,09:00-10:00,0,1,可预约,￥12.0,多云,24,22,4,0.0,66,36
2026-05-21 14:00:48,2026-05-22,4,羽毛球馆-17号,09:00-10:00,0,1,可预约,￥12.0,多云,25,23,4,0.0,66,36
2026-05-21 14:30:45,2026-05-22,4,羽毛球馆-17号,09:00-10:00,0,1,可预约,￥12.0,晴,25,25,3,0.0,65,39
2026-05-21 15:00:45,2026-05-22,4,羽毛球馆-17号,09:00-10:00,0,1,可预约,￥12.0,晴,25,22,4,0.0,56,39
2026-05-21 15:30:43,2026-05-22,4,羽毛球馆-17号,09:00-10:00,0,1,可预约,￥12.0,晴,25,23,4,0.0,57,40
2026-05-21 16:00:51,2026-05-22,4,羽毛球馆-17号,09:00-10:00,0,1,可预约,￥12.0,晴,25,23,4,0.0,57,40
2026-05-21 16:30:48,2026-05-22,4,羽毛球馆-17号,09:00-10:00,0,1,可预约,￥12.0,晴,25,24,3,0.0,60,39
2026-05-21 17:00:49,2026-05-22,4,羽毛球馆-17号,09:00-10:00,0,1,可预约,￥12.0,晴,25,24,4,0.0,61,39
2026-05-21 17:30:47,2026-05-22,4,羽毛球馆-17号,09:00-10:00,0,1,可预约,￥12.0,多云,24,23,3,0.0,64,39
2026-05-21 18:00:50,2026-05-22,4,羽毛球馆-17号,09:00-10:00,0,1,可预约,￥12.0,多云,24,23,3,0.0,68,39
2026-05-21 18:30:50,2026-05-22,4,羽毛球馆-17号,09:00-10:00,0,1,可预约,￥12.0,阴,24,25,2,0.0,68,40
2026-05-21 19:00:50,2026-05-22,4,羽毛球馆-17号,09:00-10:00,0,1,可预约,￥12.0,阴,23,23,3,0.0,76,40
2026-05-21 19:30:46,2026-05-22,4,羽毛球馆-17号,09:00-10:00,0,1,可预约,￥12.0,阴,23,24,2,0.0,77,39
2026-05-21 20:00:49,2026-05-22,4,羽毛球馆-17号,09:00-10:00,0,1,可预约,￥12.0,雾,22,23,2,0.0,89,39
2026-05-21 20:30:44,2026-05-22,4,羽毛球馆-17号,09:00-10:00,0,1,可预约,￥12.0,雾,22,24,2,0.0,93,43
2026-05-21 21:00:56,2026-05-22,4,羽毛球馆-17号,09:00-10:00,0,1,可预约,￥12.0,雾,20,21,2,0.0,98,43
2026-05-21 21:30:46,2026-05-22,4,羽毛球馆-17号,09:00-10:00,0,1,可预约,￥12.0,雾,20,22,1,0.0,99,41
2026-05-21 22:01:02,2026-05-22,4,羽毛球馆-17号,09:00-10:00,0,1,可预约,￥12.0,雾,19,20,2,0.0,93,41
2026-05-21 22:30:47,2026-05-22,4,羽毛球馆-17号,09:00-10:00,0,1,可预约,￥12.0,雾,19,19,3,0.0,88,46
2026-05-21 23:00:56,2026-05-22,4,羽毛球馆-17号,09:00-10:00,0,1,可预约,￥12.0,多云,18,17,3,0.0,85,46
2026-05-21 23:30:55,2026-05-22,4,羽毛球馆-17号,09:00-10:00,0,1,可预约,￥12.0,多云,18,17,3,0.0,85,48
2026-05-21 08:00:45,2026-05-22,4,羽毛球馆-17号,10:00-11:00,1,1,已售/已满,教学时间,晴,17,12,5,0.0,86,29
2026-05-21 08:02:30,2026-05-22,4,羽毛球馆-17号,10:00-11:00,1,1,已售/已满,教学时间,多云,17,12,5,0.0,87,29
2026-05-21 08:05:36,2026-05-22,4,羽毛球馆-17号,10:00-11:00,1,1,已售/已满,教学时间,多云,17,12,5,0.0,86,29
2026-05-21 08:08:31,2026-05-22,4,羽毛球馆-17号,10:00-11:00,1,1,已售/已满,教学时间,多云,17,12,5,0.0,86,29
2026-05-21 08:11:30,2026-05-22,4,羽毛球馆-17号,10:00-11:00,1,1,已售/已满,教学时间,多云,17,12,5,0.0,86,29
2026-05-21 08:14:31,2026-05-22,4,羽毛球馆-17号,10:00-11:00,1,1,已售/已满,教学时间,多云,17,12,5,0.0,86,29
2026-05-21 08:17:30,2026-05-22,4,羽毛球馆-17号,10:00-11:00,1,1,已售/已满,教学时间,多云,17,12,5,0.0,86,29
2026-05-21 08:20:35,2026-05-22,4,羽毛球馆-17号,10:00-11:00,1,1,已售/已满,教学时间,多云,17,14,4,0.0,85,29
2026-05-21 08:25:32,2026-05-22,4,羽毛球馆-17号,10:00-11:00,1,1,已售/已满,教学时间,多云,17,14,4,0.0,85,28
2026-05-21 08:30:42,2026-05-22,4,羽毛球馆-17号,10:00-11:00,1,1,已售/已满,教学时间,多云,18,15,4,0.0,84,28
2026-05-21 08:35:31,2026-05-22,4,羽毛球馆-17号,10:00-11:00,1,1,已售/已满,教学时间,多云,18,15,4,0.0,84,28
2026-05-21 08:40:38,2026-05-22,4,羽毛球馆-17号,10:00-11:00,1,1,已售/已满,教学时间,多云,18,15,4,0.0,82,28
2026-05-21 08:45:33,2026-05-22,4,羽毛球馆-17号,10:00-11:00,1,1,已售/已满,教学时间,多云,18,15,4,0.0,82,28
2026-05-21 08:50:36,2026-05-22,4,羽毛球馆-17号,10:00-11:00,1,1,已售/已满,教学时间,多云,18,15,4,0.0,82,28
2026-05-21 08:55:34,2026-05-22,4,羽毛球馆-17号,10:00-11:00,1,1,已售/已满,教学时间,多云,18,15,4,0.0,84,28
2026-05-21 09:00:51,2026-05-22,4,羽毛球馆-17号,10:00-11:00,1,1,已售/已满,教学时间,多云,18,15,4,0.0,84,28
2026-05-21 09:01:59,2026-05-22,4,羽毛球馆-17号,10:00-11:00,1,1,已售/已满,教学时间,多云,18,15,4,0.0,83,28
2026-05-21 09:05:33,2026-05-22,4,羽毛球馆-17号,10:00-11:00,1,1,已售/已满,教学时间,多云,18,15,4,0.0,83,28
2026-05-21 09:20:38,2026-05-22,4,羽毛球馆-17号,10:00-11:00,1,1,已售/已满,教学时间,多云,18,16,3,0.0,81,28
2026-05-21 09:30:46,2026-05-22,4,羽毛球馆-17号,10:00-11:00,1,1,已售/已满,教学时间,多云,18,16,3,0.0,81,32
2026-05-21 09:40:36,2026-05-22,4,羽毛球馆-17号,10:00-11:00,1,1,已售/已满,教学时间,多云,19,17,3,0.0,79,32
2026-05-21 09:50:42,2026-05-22,4,羽毛球馆-17号,10:00-11:00,1,1,已售/已满,教学时间,多云,19,17,4,0.0,81,32
2026-05-21 10:00:46,2026-05-22,4,羽毛球馆-17号,10:00-11:00,1,1,已售/已满,教学时间,多云,19,17,4,0.0,79,32
2026-05-21 10:10:40,2026-05-22,4,羽毛球馆-17号,10:00-11:00,1,1,已售/已满,教学时间,多云,19,17,4,0.0,79,32
2026-05-21 10:20:38,2026-05-22,4,羽毛球馆-17号,10:00-11:00,1,1,已售/已满,教学时间,多云,19,17,4,0.0,79,32
2026-05-21 10:30:41,2026-05-22,4,羽毛球馆-17号,10:00-11:00,1,1,已售/已满,教学时间,多云,19,18,3,0.0,78,31
2026-05-21 11:00:44,2026-05-22,4,羽毛球馆-17号,10:00-11:00,1,1,已售/已满,教学时间,多云,21,17,5,0.0,74,31
2026-05-21 11:30:38,2026-05-22,4,羽毛球馆-17号,10:00-11:00,1,1,已售/已满,教学时间,多云,21,19,3,0.0,72,33
2026-05-21 12:00:46,2026-05-22,4,羽毛球馆-17号,10:00-11:00,1,1,已售/已满,教学时间,多云,22,19,4,0.0,70,33
2026-05-21 12:30:42,2026-05-22,4,羽毛球馆-17号,10:00-11:00,1,1,已售/已满,教学时间,多云,22,21,3,0.0,68,35
2026-05-21 13:00:43,2026-05-22,4,羽毛球馆-17号,10:00-11:00,1,1,已售/已满,教学时间,多云,24,22,4,0.0,66,35
2026-05-21 13:30:43,2026-05-22,4,羽毛球馆-17号,10:00-11:00,1,1,已售/已满,教学时间,多云,24,22,4,0.0,66,36
2026-05-21 14:00:48,2026-05-22,4,羽毛球馆-17号,10:00-11:00,1,1,已售/已满,教学时间,多云,25,23,4,0.0,66,36
2026-05-21 14:30:45,2026-05-22,4,羽毛球馆-17号,10:00-11:00,1,1,已售/已满,教学时间,晴,25,25,3,0.0,65,39
2026-05-21 15:00:45,2026-05-22,4,羽毛球馆-17号,10:00-11:00,1,1,已售/已满,教学时间,晴,25,22,4,0.0,56,39
2026-05-21 15:30:43,2026-05-22,4,羽毛球馆-17号,10:00-11:00,1,1,已售/已满,教学时间,晴,25,23,4,0.0,57,40
2026-05-21 16:00:51,2026-05-22,4,羽毛球馆-17号,10:00-11:00,1,1,已售/已满,教学时间,晴,25,23,4,0.0,57,40
2026-05-21 16:30:48,2026-05-22,4,羽毛球馆-17号,10:00-11:00,1,1,已售/已满,教学时间,晴,25,24,3,0.0,60,39
2026-05-21 17:00:49,2026-05-22,4,羽毛球馆-17号,10:00-11:00,1,1,已售/已满,教学时间,晴,25,24,4,0.0,61,39
2026-05-21 17:30:47,2026-05-22,4,羽毛球馆-17号,10:00-11:00,1,1,已售/已满,教学时间,多云,24,23,3,0.0,64,39
2026-05-21 18:00:50,2026-05-22,4,羽毛球馆-17号,10:00-11:00,1,1,已售/已满,教学时间,多云,24,23,3,0.0,68,39
2026-05-21 18:30:50,2026-05-22,4,羽毛球馆-17号,10:00-11:00,1,1,已售/已满,教学时间,阴,24,25,2,0.0,68,40
2026-05-21 19:00:50,2026-05-22,4,羽毛球馆-17号,10:00-11:00,1,1,已售/已满,教学时间,阴,23,23,3,0.0,76,40
2026-05-21 19:30:46,2026-05-22,4,羽毛球馆-17号,10:00-11:00,1,1,已售/已满,教学时间,阴,23,24,2,0.0,77,39
2026-05-21 20:00:49,2026-05-22,4,羽毛球馆-17号,10:00-11:00,1,1,已售/已满,教学时间,雾,22,23,2,0.0,89,39
2026-05-21 20:30:44,2026-05-22,4,羽毛球馆-17号,10:00-11:00,1,1,已售/已满,教学时间,雾,22,24,2,0.0,93,43
2026-05-21 21:00:56,2026-05-22,4,羽毛球馆-17号,10:00-11:00,1,1,已售/已满,教学时间,雾,20,21,2,0.0,98,43
2026-05-21 21:30:46,2026-05-22,4,羽毛球馆-17号,10:00-11:00,1,1,已售/已满,教学时间,雾,20,22,1,0.0,99,41
2026-05-21 22:01:02,2026-05-22,4,羽毛球馆-17号,10:00-11:00,1,1,已售/已满,教学时间,雾,19,20,2,0.0,93,41
2026-05-21 22:30:47,2026-05-22,4,羽毛球馆-17号,10:00-11:00,1,1,已售/已满,教学时间,雾,19,19,3,0.0,88,46
2026-05-21 23:00:56,2026-05-22,4,羽毛球馆-17号,10:00-11:00,1,1,已售/已满,教学时间,多云,18,17,3,0.0,85,46
2026-05-21 23:30:55,2026-05-22,4,羽毛球馆-17号,10:00-11:00,1,1,已售/已满,教学时间,多云,18,17,3,0.0,85,48
2026-05-21 08:00:45,2026-05-22,4,羽毛球馆-17号,11:00-12:00,1,1,已售/已满,教学时间,晴,17,12,5,0.0,86,29
2026-05-21 08:02:30,2026-05-22,4,羽毛球馆-17号,11:00-12:00,1,1,已售/已满,教学时间,多云,17,12,5,0.0,87,29
2026-05-21 08:05:36,2026-05-22,4,羽毛球馆-17号,11:00-12:00,1,1,已售/已满,教学时间,多云,17,12,5,0.0,86,29
2026-05-21 08:08:31,2026-05-22,4,羽毛球馆-17号,11:00-12:00,1,1,已售/已满,教学时间,多云,17,12,5,0.0,86,29
2026-05-21 08:11:30,2026-05-22,4,羽毛球馆-17号,11:00-12:00,1,1,已售/已满,教学时间,多云,17,12,5,0.0,86,29
2026-05-21 08:14:31,2026-05-22,4,羽毛球馆-17号,11:00-12:00,1,1,已售/已满,教学时间,多云,17,12,5,0.0,86,29
2026-05-21 08:17:30,2026-05-22,4,羽毛球馆-17号,11:00-12:00,1,1,已售/已满,教学时间,多云,17,12,5,0.0,86,29
2026-05-21 08:20:35,2026-05-22,4,羽毛球馆-17号,11:00-12:00,1,1,已售/已满,教学时间,多云,17,14,4,0.0,85,29
2026-05-21 08:25:32,2026-05-22,4,羽毛球馆-17号,11:00-12:00,1,1,已售/已满,教学时间,多云,17,14,4,0.0,85,28
2026-05-21 08:30:42,2026-05-22,4,羽毛球馆-17号,11:00-12:00,1,1,已售/已满,教学时间,多云,18,15,4,0.0,84,28
2026-05-21 08:35:31,2026-05-22,4,羽毛球馆-17号,11:00-12:00,1,1,已售/已满,教学时间,多云,18,15,4,0.0,84,28
2026-05-21 08:40:38,2026-05-22,4,羽毛球馆-17号,11:00-12:00,1,1,已售/已满,教学时间,多云,18,15,4,0.0,82,28
2026-05-21 08:45:33,2026-05-22,4,羽毛球馆-17号,11:00-12:00,1,1,已售/已满,教学时间,多云,18,15,4,0.0,82,28
2026-05-21 08:50:36,2026-05-22,4,羽毛球馆-17号,11:00-12:00,1,1,已售/已满,教学时间,多云,18,15,4,0.0,82,28
2026-05-21 08:55:34,2026-05-22,4,羽毛球馆-17号,11:00-12:00,1,1,已售/已满,教学时间,多云,18,15,4,0.0,84,28
2026-05-21 09:00:51,2026-05-22,4,羽毛球馆-17号,11:00-12:00,1,1,已售/已满,教学时间,多云,18,15,4,0.0,84,28
2026-05-21 09:01:59,2026-05-22,4,羽毛球馆-17号,11:00-12:00,1,1,已售/已满,教学时间,多云,18,15,4,0.0,83,28
2026-05-21 09:05:33,2026-05-22,4,羽毛球馆-17号,11:00-12:00,1,1,已售/已满,教学时间,多云,18,15,4,0.0,83,28
2026-05-21 09:20:38,2026-05-22,4,羽毛球馆-17号,11:00-12:00,1,1,已售/已满,教学时间,多云,18,16,3,0.0,81,28
2026-05-21 09:30:46,2026-05-22,4,羽毛球馆-17号,11:00-12:00,1,1,已售/已满,教学时间,多云,18,16,3,0.0,81,32
2026-05-21 09:40:36,2026-05-22,4,羽毛球馆-17号,11:00-12:00,1,1,已售/已满,教学时间,多云,19,17,3,0.0,79,32
2026-05-21 09:50:42,2026-05-22,4,羽毛球馆-17号,11:00-12:00,1,1,已售/已满,教学时间,多云,19,17,4,0.0,81,32
2026-05-21 10:00:46,2026-05-22,4,羽毛球馆-17号,11:00-12:00,1,1,已售/已满,教学时间,多云,19,17,4,0.0,79,32
2026-05-21 10:10:40,2026-05-22,4,羽毛球馆-17号,11:00-12:00,1,1,已售/已满,教学时间,多云,19,17,4,0.0,79,32
2026-05-21 10:20:38,2026-05-22,4,羽毛球馆-17号,11:00-12:00,1,1,已售/已满,教学时间,多云,19,17,4,0.0,79,32
2026-05-21 10:30:41,2026-05-22,4,羽毛球馆-17号,11:00-12:00,1,1,已售/已满,教学时间,多云,19,18,3,0.0,78,31
2026-05-21 11:00:44,2026-05-22,4,羽毛球馆-17号,11:00-12:00,1,1,已售/已满,教学时间,多云,21,17,5,0.0,74,31
2026-05-21 11:30:38,2026-05-22,4,羽毛球馆-17号,11:00-12:00,1,1,已售/已满,教学时间,多云,21,19,3,0.0,72,33
2026-05-21 12:00:46,2026-05-22,4,羽毛球馆-17号,11:00-12:00,1,1,已售/已满,教学时间,多云,22,19,4,0.0,70,33
2026-05-21 12:30:42,2026-05-22,4,羽毛球馆-17号,11:00-12:00,1,1,已售/已满,教学时间,多云,22,21,3,0.0,68,35
2026-05-21 13:00:43,2026-05-22,4,羽毛球馆-17号,11:00-12:00,1,1,已售/已满,教学时间,多云,24,22,4,0.0,66,35
2026-05-21 13:30:43,2026-05-22,4,羽毛球馆-17号,11:00-12:00,1,1,已售/已满,教学时间,多云,24,22,4,0.0,66,36
2026-05-21 14:00:48,2026-05-22,4,羽毛球馆-17号,11:00-12:00,1,1,已售/已满,教学时间,多云,25,23,4,0.0,66,36
2026-05-21 14:30:45,2026-05-22,4,羽毛球馆-17号,11:00-12:00,1,1,已售/已满,教学时间,晴,25,25,3,0.0,65,39
2026-05-21 15:00:45,2026-05-22,4,羽毛球馆-17号,11:00-12:00,1,1,已售/已满,教学时间,晴,25,22,4,0.0,56,39
2026-05-21 15:30:43,2026-05-22,4,羽毛球馆-17号,11:00-12:00,1,1,已售/已满,教学时间,晴,25,23,4,0.0,57,40
2026-05-21 16:00:51,2026-05-22,4,羽毛球馆-17号,11:00-12:00,1,1,已售/已满,教学时间,晴,25,23,4,0.0,57,40
2026-05-21 16:30:48,2026-05-22,4,羽毛球馆-17号,11:00-12:00,1,1,已售/已满,教学时间,晴,25,24,3,0.0,60,39
2026-05-21 17:00:49,2026-05-22,4,羽毛球馆-17号,11:00-12:00,1,1,已售/已满,教学时间,晴,25,24,4,0.0,61,39
2026-05-21 17:30:47,2026-05-22,4,羽毛球馆-17号,11:00-12:00,1,1,已售/已满,教学时间,多云,24,23,3,0.0,64,39
2026-05-21 18:00:50,2026-05-22,4,羽毛球馆-17号,11:00-12:00,1,1,已售/已满,教学时间,多云,24,23,3,0.0,68,39
2026-05-21 18:30:50,2026-05-22,4,羽毛球馆-17号,11:00-12:00,1,1,已售/已满,教学时间,阴,24,25,2,0.0,68,40
2026-05-21 19:00:50,2026-05-22,4,羽毛球馆-17号,11:00-12:00,1,1,已售/已满,教学时间,阴,23,23,3,0.0,76,40
2026-05-21 19:30:46,2026-05-22,4,羽毛球馆-17号,11:00-12:00,1,1,已售/已满,教学时间,阴,23,24,2,0.0,77,39
2026-05-21 20:00:49,2026-05-22,4,羽毛球馆-17号,11:00-12:00,1,1,已售/已满,教学时间,雾,22,23,2,0.0,89,39
2026-05-21 20:30:44,2026-05-22,4,羽毛球馆-17号,11:00-12:00,1,1,已售/已满,教学时间,雾,22,24,2,0.0,93,43
2026-05-21 21:00:56,2026-05-22,4,羽毛球馆-17号,11:00-12:00,1,1,已售/已满,教学时间,雾,20,21,2,0.0,98,43
2026-05-21 21:30:46,2026-05-22,4,羽毛球馆-17号,11:00-12:00,1,1,已售/已满,教学时间,雾,20,22,1,0.0,99,41
2026-05-21 22:01:02,2026-05-22,4,羽毛球馆-17号,11:00-12:00,1,1,已售/已满,教学时间,雾,19,20,2,0.0,93,41
2026-05-21 22:30:47,2026-05-22,4,羽毛球馆-17号,11:00-12:00,1,1,已售/已满,教学时间,雾,19,19,3,0.0,88,46
2026-05-21 23:00:56,2026-05-22,4,羽毛球馆-17号,11:00-12:00,1,1,已售/已满,教学时间,多云,18,17,3,0.0,85,46
2026-05-21 23:30:55,2026-05-22,4,羽毛球馆-17号,11:00-12:00,1,1,已售/已满,教学时间,多云,18,17,3,0.0,85,48
2026-05-21 08:00:45,2026-05-22,4,羽毛球馆-17号,12:00-12:55,0,1,可预约,￥0.0,晴,17,12,5,0.0,86,29
2026-05-21 08:02:30,2026-05-22,4,羽毛球馆-17号,12:00-12:55,0,1,可预约,￥0.0,多云,17,12,5,0.0,87,29
2026-05-21 08:05:36,2026-05-22,4,羽毛球馆-17号,12:00-12:55,0,1,可预约,￥0.0,多云,17,12,5,0.0,86,29
2026-05-21 08:08:31,2026-05-22,4,羽毛球馆-17号,12:00-12:55,0,1,可预约,￥0.0,多云,17,12,5,0.0,86,29
2026-05-21 08:11:30,2026-05-22,4,羽毛球馆-17号,12:00-12:55,0,1,可预约,￥0.0,多云,17,12,5,0.0,86,29
2026-05-21 08:14:31,2026-05-22,4,羽毛球馆-17号,12:00-12:55,0,1,可预约,￥0.0,多云,17,12,5,0.0,86,29
2026-05-21 08:17:30,2026-05-22,4,羽毛球馆-17号,12:00-12:55,0,1,可预约,￥0.0,多云,17,12,5,0.0,86,29
2026-05-21 08:20:35,2026-05-22,4,羽毛球馆-17号,12:00-12:55,0,1,可预约,￥0.0,多云,17,14,4,0.0,85,29
2026-05-21 08:25:32,2026-05-22,4,羽毛球馆-17号,12:00-12:55,0,1,可预约,￥0.0,多云,17,14,4,0.0,85,28
2026-05-21 08:30:42,2026-05-22,4,羽毛球馆-17号,12:00-12:55,0,1,可预约,￥0.0,多云,18,15,4,0.0,84,28
2026-05-21 08:35:31,2026-05-22,4,羽毛球馆-17号,12:00-12:55,0,1,可预约,￥0.0,多云,18,15,4,0.0,84,28
2026-05-21 08:40:38,2026-05-22,4,羽毛球馆-17号,12:00-12:55,0,1,可预约,￥0.0,多云,18,15,4,0.0,82,28
2026-05-21 08:45:33,2026-05-22,4,羽毛球馆-17号,12:00-12:55,0,1,可预约,￥0.0,多云,18,15,4,0.0,82,28
2026-05-21 08:50:36,2026-05-22,4,羽毛球馆-17号,12:00-12:55,0,1,可预约,￥0.0,多云,18,15,4,0.0,82,28
2026-05-21 08:55:34,2026-05-22,4,羽毛球馆-17号,12:00-12:55,0,1,可预约,￥0.0,多云,18,15,4,0.0,84,28
2026-05-21 09:00:51,2026-05-22,4,羽毛球馆-17号,12:00-12:55,0,1,可预约,￥0.0,多云,18,15,4,0.0,84,28
2026-05-21 09:01:59,2026-05-22,4,羽毛球馆-17号,12:00-12:55,0,1,可预约,￥0.0,多云,18,15,4,0.0,83,28
2026-05-21 09:05:33,2026-05-22,4,羽毛球馆-17号,12:00-12:55,0,1,可预约,￥0.0,多云,18,15,4,0.0,83,28
2026-05-21 09:20:38,2026-05-22,4,羽毛球馆-17号,12:00-12:55,0,1,可预约,￥0.0,多云,18,16,3,0.0,81,28
2026-05-21 09:30:46,2026-05-22,4,羽毛球馆-17号,12:00-12:55,0,1,可预约,￥0.0,多云,18,16,3,0.0,81,32
2026-05-21 09:40:36,2026-05-22,4,羽毛球馆-17号,12:00-12:55,0,1,可预约,￥0.0,多云,19,17,3,0.0,79,32
2026-05-21 09:50:42,2026-05-22,4,羽毛球馆-17号,12:00-12:55,0,1,可预约,￥0.0,多云,19,17,4,0.0,81,32
2026-05-21 10:00:46,2026-05-22,4,羽毛球馆-17号,12:00-12:55,0,1,可预约,￥0.0,多云,19,17,4,0.0,79,32
2026-05-21 10:10:40,2026-05-22,4,羽毛球馆-17号,12:00-12:55,0,1,可预约,￥0.0,多云,19,17,4,0.0,79,32
2026-05-21 10:20:38,2026-05-22,4,羽毛球馆-17号,12:00-12:55,0,1,可预约,￥0.0,多云,19,17,4,0.0,79,32
2026-05-21 10:30:41,2026-05-22,4,羽毛球馆-17号,12:00-12:55,0,1,可预约,￥0.0,多云,19,18,3,0.0,78,31
2026-05-21 11:00:44,2026-05-22,4,羽毛球馆-17号,12:00-12:55,0,1,可预约,￥0.0,多云,21,17,5,0.0,74,31
2026-05-21 11:30:38,2026-05-22,4,羽毛球馆-17号,12:00-12:55,1,1,已售/已满,已售,多云,21,19,3,0.0,72,33
2026-05-21 12:00:46,2026-05-22,4,羽毛球馆-17号,12:00-12:55,1,1,已售/已满,已售,多云,22,19,4,0.0,70,33
2026-05-21 12:30:42,2026-05-22,4,羽毛球馆-17号,12:00-12:55,1,1,已售/已满,已售,多云,22,21,3,0.0,68,35
2026-05-21 13:00:43,2026-05-22,4,羽毛球馆-17号,12:00-12:55,1,1,已售/已满,已售,多云,24,22,4,0.0,66,35
2026-05-21 13:30:43,2026-05-22,4,羽毛球馆-17号,12:00-12:55,1,1,已售/已满,已售,多云,24,22,4,0.0,66,36
2026-05-21 14:00:48,2026-05-22,4,羽毛球馆-17号,12:00-12:55,1,1,已售/已满,已售,多云,25,23,4,0.0,66,36
2026-05-21 14:30:45,2026-05-22,4,羽毛球馆-17号,12:00-12:55,1,1,已售/已满,已售,晴,25,25,3,0.0,65,39
2026-05-21 15:00:45,2026-05-22,4,羽毛球馆-17号,12:00-12:55,1,1,已售/已满,已售,晴,25,22,4,0.0,56,39
2026-05-21 15:30:43,2026-05-22,4,羽毛球馆-17号,12:00-12:55,1,1,已售/已满,已售,晴,25,23,4,0.0,57,40
2026-05-21 16:00:51,2026-05-22,4,羽毛球馆-17号,12:00-12:55,1,1,已售/已满,已售,晴,25,23,4,0.0,57,40
2026-05-21 16:30:48,2026-05-22,4,羽毛球馆-17号,12:00-12:55,1,1,已售/已满,已售,晴,25,24,3,0.0,60,39
2026-05-21 17:00:49,2026-05-22,4,羽毛球馆-17号,12:00-12:55,1,1,已售/已满,已售,晴,25,24,4,0.0,61,39
2026-05-21 17:30:47,2026-05-22,4,羽毛球馆-17号,12:00-12:55,1,1,已售/已满,已售,多云,24,23,3,0.0,64,39
2026-05-21 18:00:50,2026-05-22,4,羽毛球馆-17号,12:00-12:55,1,1,已售/已满,已售,多云,24,23,3,0.0,68,39
2026-05-21 18:30:50,2026-05-22,4,羽毛球馆-17号,12:00-12:55,1,1,已售/已满,已售,阴,24,25,2,0.0,68,40
2026-05-21 19:00:50,2026-05-22,4,羽毛球馆-17号,12:00-12:55,1,1,已售/已满,已售,阴,23,23,3,0.0,76,40
2026-05-21 19:30:46,2026-05-22,4,羽毛球馆-17号,12:00-12:55,1,1,已售/已满,已售,阴,23,24,2,0.0,77,39
2026-05-21 20:00:49,2026-05-22,4,羽毛球馆-17号,12:00-12:55,1,1,已售/已满,已售,雾,22,23,2,0.0,89,39
2026-05-21 20:30:44,2026-05-22,4,羽毛球馆-17号,12:00-12:55,1,1,已售/已满,已售,雾,22,24,2,0.0,93,43
2026-05-21 21:00:56,2026-05-22,4,羽毛球馆-17号,12:00-12:55,1,1,已售/已满,已售,雾,20,21,2,0.0,98,43
2026-05-21 21:30:46,2026-05-22,4,羽毛球馆-17号,12:00-12:55,1,1,已售/已满,已售,雾,20,22,1,0.0,99,41
2026-05-21 22:01:02,2026-05-22,4,羽毛球馆-17号,12:00-12:55,1,1,已售/已满,已售,雾,19,20,2,0.0,93,41
2026-05-21 22:30:47,2026-05-22,4,羽毛球馆-17号,12:00-12:55,1,1,已售/已满,已售,雾,19,19,3,0.0,88,46
2026-05-21 23:00:56,2026-05-22,4,羽毛球馆-17号,12:00-12:55,1,1,已售/已满,已售,多云,18,17,3,0.0,85,46
2026-05-21 23:30:55,2026-05-22,4,羽毛球馆-17号,12:00-12:55,1,1,已售/已满,已售,多云,18,17,3,0.0,85,48
2026-05-21 08:00:45,2026-05-22,4,羽毛球馆-17号,12:55-13:50,0,1,可预约,￥0.0,晴,17,12,5,0.0,86,29
2026-05-21 08:02:30,2026-05-22,4,羽毛球馆-17号,12:55-13:50,0,1,可预约,￥0.0,多云,17,12,5,0.0,87,29
2026-05-21 08:05:36,2026-05-22,4,羽毛球馆-17号,12:55-13:50,0,1,可预约,￥0.0,多云,17,12,5,0.0,86,29
2026-05-21 08:08:31,2026-05-22,4,羽毛球馆-17号,12:55-13:50,0,1,可预约,￥0.0,多云,17,12,5,0.0,86,29
2026-05-21 08:11:30,2026-05-22,4,羽毛球馆-17号,12:55-13:50,0,1,可预约,￥0.0,多云,17,12,5,0.0,86,29
2026-05-21 08:14:31,2026-05-22,4,羽毛球馆-17号,12:55-13:50,0,1,可预约,￥0.0,多云,17,12,5,0.0,86,29
2026-05-21 08:17:30,2026-05-22,4,羽毛球馆-17号,12:55-13:50,0,1,可预约,￥0.0,多云,17,12,5,0.0,86,29
2026-05-21 08:20:35,2026-05-22,4,羽毛球馆-17号,12:55-13:50,0,1,可预约,￥0.0,多云,17,14,4,0.0,85,29
2026-05-21 08:25:32,2026-05-22,4,羽毛球馆-17号,12:55-13:50,0,1,可预约,￥0.0,多云,17,14,4,0.0,85,28
2026-05-21 08:30:42,2026-05-22,4,羽毛球馆-17号,12:55-13:50,1,1,已售/已满,已售,多云,18,15,4,0.0,84,28
2026-05-21 08:35:31,2026-05-22,4,羽毛球馆-17号,12:55-13:50,1,1,已售/已满,已售,多云,18,15,4,0.0,84,28
2026-05-21 08:40:38,2026-05-22,4,羽毛球馆-17号,12:55-13:50,1,1,已售/已满,已售,多云,18,15,4,0.0,82,28
2026-05-21 08:45:33,2026-05-22,4,羽毛球馆-17号,12:55-13:50,1,1,已售/已满,已售,多云,18,15,4,0.0,82,28
2026-05-21 08:50:36,2026-05-22,4,羽毛球馆-17号,12:55-13:50,1,1,已售/已满,已售,多云,18,15,4,0.0,82,28
2026-05-21 08:55:34,2026-05-22,4,羽毛球馆-17号,12:55-13:50,1,1,已售/已满,已售,多云,18,15,4,0.0,84,28
2026-05-21 09:00:51,2026-05-22,4,羽毛球馆-17号,12:55-13:50,1,1,已售/已满,已售,多云,18,15,4,0.0,84,28
2026-05-21 09:01:59,2026-05-22,4,羽毛球馆-17号,12:55-13:50,1,1,已售/已满,已售,多云,18,15,4,0.0,83,28
2026-05-21 09:05:33,2026-05-22,4,羽毛球馆-17号,12:55-13:50,1,1,已售/已满,已售,多云,18,15,4,0.0,83,28
2026-05-21 09:20:38,2026-05-22,4,羽毛球馆-17号,12:55-13:50,1,1,已售/已满,已售,多云,18,16,3,0.0,81,28
2026-05-21 09:30:46,2026-05-22,4,羽毛球馆-17号,12:55-13:50,1,1,已售/已满,已售,多云,18,16,3,0.0,81,32
2026-05-21 09:40:36,2026-05-22,4,羽毛球馆-17号,12:55-13:50,1,1,已售/已满,已售,多云,19,17,3,0.0,79,32
2026-05-21 09:50:42,2026-05-22,4,羽毛球馆-17号,12:55-13:50,1,1,已售/已满,已售,多云,19,17,4,0.0,81,32
2026-05-21 10:00:46,2026-05-22,4,羽毛球馆-17号,12:55-13:50,1,1,已售/已满,已售,多云,19,17,4,0.0,79,32
2026-05-21 10:10:40,2026-05-22,4,羽毛球馆-17号,12:55-13:50,1,1,已售/已满,已售,多云,19,17,4,0.0,79,32
2026-05-21 10:20:38,2026-05-22,4,羽毛球馆-17号,12:55-13:50,1,1,已售/已满,已售,多云,19,17,4,0.0,79,32
2026-05-21 10:30:41,2026-05-22,4,羽毛球馆-17号,12:55-13:50,1,1,已售/已满,已售,多云,19,18,3,0.0,78,31
2026-05-21 11:00:44,2026-05-22,4,羽毛球馆-17号,12:55-13:50,1,1,已售/已满,已售,多云,21,17,5,0.0,74,31
2026-05-21 11:30:38,2026-05-22,4,羽毛球馆-17号,12:55-13:50,1,1,已售/已满,已售,多云,21,19,3,0.0,72,33
2026-05-21 12:00:46,2026-05-22,4,羽毛球馆-17号,12:55-13:50,1,1,已售/已满,已售,多云,22,19,4,0.0,70,33
2026-05-21 12:30:42,2026-05-22,4,羽毛球馆-17号,12:55-13:50,1,1,已售/已满,已售,多云,22,21,3,0.0,68,35
2026-05-21 13:00:43,2026-05-22,4,羽毛球馆-17号,12:55-13:50,1,1,已售/已满,已售,多云,24,22,4,0.0,66,35
2026-05-21 13:30:43,2026-05-22,4,羽毛球馆-17号,12:55-13:50,1,1,已售/已满,已售,多云,24,22,4,0.0,66,36
2026-05-21 14:00:48,2026-05-22,4,羽毛球馆-17号,12:55-13:50,1,1,已售/已满,已售,多云,25,23,4,0.0,66,36
2026-05-21 14:30:45,2026-05-22,4,羽毛球馆-17号,12:55-13:50,1,1,已售/已满,已售,晴,25,25,3,0.0,65,39
2026-05-21 15:00:45,2026-05-22,4,羽毛球馆-17号,12:55-13:50,1,1,已售/已满,已售,晴,25,22,4,0.0,56,39
2026-05-21 15:30:43,2026-05-22,4,羽毛球馆-17号,12:55-13:50,1,1,已售/已满,已售,晴,25,23,4,0.0,57,40
2026-05-21 16:00:51,2026-05-22,4,羽毛球馆-17号,12:55-13:50,1,1,已售/已满,已售,晴,25,23,4,0.0,57,40
2026-05-21 16:30:48,2026-05-22,4,羽毛球馆-17号,12:55-13:50,1,1,已售/已满,已售,晴,25,24,3,0.0,60,39
2026-05-21 17:00:49,2026-05-22,4,羽毛球馆-17号,12:55-13:50,1,1,已售/已满,已售,晴,25,24,4,0.0,61,39
2026-05-21 17:30:47,2026-05-22,4,羽毛球馆-17号,12:55-13:50,1,1,已售/已满,已售,多云,24,23,3,0.0,64,39
2026-05-21 18:00:50,2026-05-22,4,羽毛球馆-17号,12:55-13:50,1,1,已售/已满,已售,多云,24,23,3,0.0,68,39
2026-05-21 18:30:50,2026-05-22,4,羽毛球馆-17号,12:55-13:50,1,1,已售/已满,已售,阴,24,25,2,0.0,68,40
2026-05-21 19:00:50,2026-05-22,4,羽毛球馆-17号,12:55-13:50,1,1,已售/已满,已售,阴,23,23,3,0.0,76,40
2026-05-21 19:30:46,2026-05-22,4,羽毛球馆-17号,12:55-13:50,1,1,已售/已满,已售,阴,23,24,2,0.0,77,39
2026-05-21 20:00:49,2026-05-22,4,羽毛球馆-17号,12:55-13:50,1,1,已售/已满,已售,雾,22,23,2,0.0,89,39
2026-05-21 20:30:44,2026-05-22,4,羽毛球馆-17号,12:55-13:50,1,1,已售/已满,已售,雾,22,24,2,0.0,93,43
2026-05-21 21:00:56,2026-05-22,4,羽毛球馆-17号,12:55-13:50,1,1,已售/已满,已售,雾,20,21,2,0.0,98,43
2026-05-21 21:30:46,2026-05-22,4,羽毛球馆-17号,12:55-13:50,1,1,已售/已满,已售,雾,20,22,1,0.0,99,41
2026-05-21 22:01:02,2026-05-22,4,羽毛球馆-17号,12:55-13:50,1,1,已售/已满,已售,雾,19,20,2,0.0,93,41
2026-05-21 22:30:47,2026-05-22,4,羽毛球馆-17号,12:55-13:50,1,1,已售/已满,已售,雾,19,19,3,0.0,88,46
2026-05-21 23:00:56,2026-05-22,4,羽毛球馆-17号,12:55-13:50,1,1,已售/已满,已售,多云,18,17,3,0.0,85,46
2026-05-21 23:30:55,2026-05-22,4,羽毛球馆-17号,12:55-13:50,1,1,已售/已满,已售,多云,18,17,3,0.0,85,48
2026-05-21 08:00:45,2026-05-22,4,羽毛球馆-17号,14:00-15:00,1,1,已售/已满,教学时间,晴,17,12,5,0.0,86,29
2026-05-21 08:02:30,2026-05-22,4,羽毛球馆-17号,14:00-15:00,1,1,已售/已满,教学时间,多云,17,12,5,0.0,87,29
2026-05-21 08:05:36,2026-05-22,4,羽毛球馆-17号,14:00-15:00,1,1,已售/已满,教学时间,多云,17,12,5,0.0,86,29
2026-05-21 08:08:31,2026-05-22,4,羽毛球馆-17号,14:00-15:00,1,1,已售/已满,教学时间,多云,17,12,5,0.0,86,29
2026-05-21 08:11:30,2026-05-22,4,羽毛球馆-17号,14:00-15:00,1,1,已售/已满,教学时间,多云,17,12,5,0.0,86,29
2026-05-21 08:14:31,2026-05-22,4,羽毛球馆-17号,14:00-15:00,1,1,已售/已满,教学时间,多云,17,12,5,0.0,86,29
2026-05-21 08:17:30,2026-05-22,4,羽毛球馆-17号,14:00-15:00,1,1,已售/已满,教学时间,多云,17,12,5,0.0,86,29
2026-05-21 08:20:35,2026-05-22,4,羽毛球馆-17号,14:00-15:00,1,1,已售/已满,教学时间,多云,17,14,4,0.0,85,29
2026-05-21 08:25:32,2026-05-22,4,羽毛球馆-17号,14:00-15:00,1,1,已售/已满,教学时间,多云,17,14,4,0.0,85,28
2026-05-21 08:30:42,2026-05-22,4,羽毛球馆-17号,14:00-15:00,1,1,已售/已满,教学时间,多云,18,15,4,0.0,84,28
2026-05-21 08:35:31,2026-05-22,4,羽毛球馆-17号,14:00-15:00,1,1,已售/已满,教学时间,多云,18,15,4,0.0,84,28
2026-05-21 08:40:38,2026-05-22,4,羽毛球馆-17号,14:00-15:00,1,1,已售/已满,教学时间,多云,18,15,4,0.0,82,28
2026-05-21 08:45:33,2026-05-22,4,羽毛球馆-17号,14:00-15:00,1,1,已售/已满,教学时间,多云,18,15,4,0.0,82,28
2026-05-21 08:50:36,2026-05-22,4,羽毛球馆-17号,14:00-15:00,1,1,已售/已满,教学时间,多云,18,15,4,0.0,82,28
2026-05-21 08:55:34,2026-05-22,4,羽毛球馆-17号,14:00-15:00,1,1,已售/已满,教学时间,多云,18,15,4,0.0,84,28
2026-05-21 09:00:51,2026-05-22,4,羽毛球馆-17号,14:00-15:00,1,1,已售/已满,教学时间,多云,18,15,4,0.0,84,28
2026-05-21 09:01:59,2026-05-22,4,羽毛球馆-17号,14:00-15:00,1,1,已售/已满,教学时间,多云,18,15,4,0.0,83,28
2026-05-21 09:05:33,2026-05-22,4,羽毛球馆-17号,14:00-15:00,1,1,已售/已满,教学时间,多云,18,15,4,0.0,83,28
2026-05-21 09:20:38,2026-05-22,4,羽毛球馆-17号,14:00-15:00,1,1,已售/已满,教学时间,多云,18,16,3,0.0,81,28
2026-05-21 09:30:46,2026-05-22,4,羽毛球馆-17号,14:00-15:00,1,1,已售/已满,教学时间,多云,18,16,3,0.0,81,32
2026-05-21 09:40:36,2026-05-22,4,羽毛球馆-17号,14:00-15:00,1,1,已售/已满,教学时间,多云,19,17,3,0.0,79,32
2026-05-21 09:50:42,2026-05-22,4,羽毛球馆-17号,14:00-15:00,1,1,已售/已满,教学时间,多云,19,17,4,0.0,81,32
2026-05-21 10:00:46,2026-05-22,4,羽毛球馆-17号,14:00-15:00,1,1,已售/已满,教学时间,多云,19,17,4,0.0,79,32
2026-05-21 10:10:40,2026-05-22,4,羽毛球馆-17号,14:00-15:00,1,1,已售/已满,教学时间,多云,19,17,4,0.0,79,32
2026-05-21 10:20:38,2026-05-22,4,羽毛球馆-17号,14:00-15:00,1,1,已售/已满,教学时间,多云,19,17,4,0.0,79,32
2026-05-21 10:30:41,2026-05-22,4,羽毛球馆-17号,14:00-15:00,1,1,已售/已满,教学时间,多云,19,18,3,0.0,78,31
2026-05-21 11:00:44,2026-05-22,4,羽毛球馆-17号,14:00-15:00,1,1,已售/已满,教学时间,多云,21,17,5,0.0,74,31
2026-05-21 11:30:38,2026-05-22,4,羽毛球馆-17号,14:00-15:00,1,1,已售/已满,教学时间,多云,21,19,3,0.0,72,33
2026-05-21 12:00:46,2026-05-22,4,羽毛球馆-17号,14:00-15:00,1,1,已售/已满,教学时间,多云,22,19,4,0.0,70,33
2026-05-21 12:30:42,2026-05-22,4,羽毛球馆-17号,14:00-15:00,1,1,已售/已满,教学时间,多云,22,21,3,0.0,68,35
2026-05-21 13:00:43,2026-05-22,4,羽毛球馆-17号,14:00-15:00,1,1,已售/已满,教学时间,多云,24,22,4,0.0,66,35
2026-05-21 13:30:43,2026-05-22,4,羽毛球馆-17号,14:00-15:00,1,1,已售/已满,教学时间,多云,24,22,4,0.0,66,36
2026-05-21 14:00:48,2026-05-22,4,羽毛球馆-17号,14:00-15:00,1,1,已售/已满,教学时间,多云,25,23,4,0.0,66,36
2026-05-21 14:30:45,2026-05-22,4,羽毛球馆-17号,14:00-15:00,1,1,已售/已满,教学时间,晴,25,25,3,0.0,65,39
2026-05-21 15:00:45,2026-05-22,4,羽毛球馆-17号,14:00-15:00,1,1,已售/已满,教学时间,晴,25,22,4,0.0,56,39
2026-05-21 15:30:43,2026-05-22,4,羽毛球馆-17号,14:00-15:00,1,1,已售/已满,教学时间,晴,25,23,4,0.0,57,40
2026-05-21 16:00:51,2026-05-22,4,羽毛球馆-17号,14:00-15:00,1,1,已售/已满,教学时间,晴,25,23,4,0.0,57,40
2026-05-21 16:30:48,2026-05-22,4,羽毛球馆-17号,14:00-15:00,1,1,已售/已满,教学时间,晴,25,24,3,0.0,60,39
2026-05-21 17:00:49,2026-05-22,4,羽毛球馆-17号,14:00-15:00,1,1,已售/已满,教学时间,晴,25,24,4,0.0,61,39
2026-05-21 17:30:47,2026-05-22,4,羽毛球馆-17号,14:00-15:00,1,1,已售/已满,教学时间,多云,24,23,3,0.0,64,39
2026-05-21 18:00:50,2026-05-22,4,羽毛球馆-17号,14:00-15:00,1,1,已售/已满,教学时间,多云,24,23,3,0.0,68,39
2026-05-21 18:30:50,2026-05-22,4,羽毛球馆-17号,14:00-15:00,1,1,已售/已满,教学时间,阴,24,25,2,0.0,68,40
2026-05-21 19:00:50,2026-05-22,4,羽毛球馆-17号,14:00-15:00,1,1,已售/已满,教学时间,阴,23,23,3,0.0,76,40
2026-05-21 19:30:46,2026-05-22,4,羽毛球馆-17号,14:00-15:00,1,1,已售/已满,教学时间,阴,23,24,2,0.0,77,39
2026-05-21 20:00:49,2026-05-22,4,羽毛球馆-17号,14:00-15:00,1,1,已售/已满,教学时间,雾,22,23,2,0.0,89,39
2026-05-21 20:30:44,2026-05-22,4,羽毛球馆-17号,14:00-15:00,1,1,已售/已满,教学时间,雾,22,24,2,0.0,93,43
2026-05-21 21:00:56,2026-05-22,4,羽毛球馆-17号,14:00-15:00,1,1,已售/已满,教学时间,雾,20,21,2,0.0,98,43
2026-05-21 21:30:46,2026-05-22,4,羽毛球馆-17号,14:00-15:00,1,1,已售/已满,教学时间,雾,20,22,1,0.0,99,41
2026-05-21 22:01:02,2026-05-22,4,羽毛球馆-17号,14:00-15:00,1,1,已售/已满,教学时间,雾,19,20,2,0.0,93,41
2026-05-21 22:30:47,2026-05-22,4,羽毛球馆-17号,14:00-15:00,1,1,已售/已满,教学时间,雾,19,19,3,0.0,88,46
2026-05-21 23:00:56,2026-05-22,4,羽毛球馆-17号,14:00-15:00,1,1,已售/已满,教学时间,多云,18,17,3,0.0,85,46
2026-05-21 23:30:55,2026-05-22,4,羽毛球馆-17号,14:00-15:00,1,1,已售/已满,教学时间,多云,18,17,3,0.0,85,48
2026-05-21 08:00:45,2026-05-22,4,羽毛球馆-17号,15:00-16:00,1,1,已售/已满,教学时间,晴,17,12,5,0.0,86,29
2026-05-21 08:02:30,2026-05-22,4,羽毛球馆-17号,15:00-16:00,1,1,已售/已满,教学时间,多云,17,12,5,0.0,87,29
2026-05-21 08:05:36,2026-05-22,4,羽毛球馆-17号,15:00-16:00,1,1,已售/已满,教学时间,多云,17,12,5,0.0,86,29
2026-05-21 08:08:31,2026-05-22,4,羽毛球馆-17号,15:00-16:00,1,1,已售/已满,教学时间,多云,17,12,5,0.0,86,29
2026-05-21 08:11:30,2026-05-22,4,羽毛球馆-17号,15:00-16:00,1,1,已售/已满,教学时间,多云,17,12,5,0.0,86,29
2026-05-21 08:14:31,2026-05-22,4,羽毛球馆-17号,15:00-16:00,1,1,已售/已满,教学时间,多云,17,12,5,0.0,86,29
2026-05-21 08:17:30,2026-05-22,4,羽毛球馆-17号,15:00-16:00,1,1,已售/已满,教学时间,多云,17,12,5,0.0,86,29
2026-05-21 08:20:35,2026-05-22,4,羽毛球馆-17号,15:00-16:00,1,1,已售/已满,教学时间,多云,17,14,4,0.0,85,29
2026-05-21 08:25:32,2026-05-22,4,羽毛球馆-17号,15:00-16:00,1,1,已售/已满,教学时间,多云,17,14,4,0.0,85,28
2026-05-21 08:30:42,2026-05-22,4,羽毛球馆-17号,15:00-16:00,1,1,已售/已满,教学时间,多云,18,15,4,0.0,84,28
2026-05-21 08:35:31,2026-05-22,4,羽毛球馆-17号,15:00-16:00,1,1,已售/已满,教学时间,多云,18,15,4,0.0,84,28
2026-05-21 08:40:38,2026-05-22,4,羽毛球馆-17号,15:00-16:00,1,1,已售/已满,教学时间,多云,18,15,4,0.0,82,28
2026-05-21 08:45:33,2026-05-22,4,羽毛球馆-17号,15:00-16:00,1,1,已售/已满,教学时间,多云,18,15,4,0.0,82,28
2026-05-21 08:50:36,2026-05-22,4,羽毛球馆-17号,15:00-16:00,1,1,已售/已满,教学时间,多云,18,15,4,0.0,82,28
2026-05-21 08:55:34,2026-05-22,4,羽毛球馆-17号,15:00-16:00,1,1,已售/已满,教学时间,多云,18,15,4,0.0,84,28
2026-05-21 09:00:51,2026-05-22,4,羽毛球馆-17号,15:00-16:00,1,1,已售/已满,教学时间,多云,18,15,4,0.0,84,28
2026-05-21 09:01:59,2026-05-22,4,羽毛球馆-17号,15:00-16:00,1,1,已售/已满,教学时间,多云,18,15,4,0.0,83,28
2026-05-21 09:05:33,2026-05-22,4,羽毛球馆-17号,15:00-16:00,1,1,已售/已满,教学时间,多云,18,15,4,0.0,83,28
2026-05-21 09:20:38,2026-05-22,4,羽毛球馆-17号,15:00-16:00,1,1,已售/已满,教学时间,多云,18,16,3,0.0,81,28
2026-05-21 09:30:46,2026-05-22,4,羽毛球馆-17号,15:00-16:00,1,1,已售/已满,教学时间,多云,18,16,3,0.0,81,32
2026-05-21 09:40:36,2026-05-22,4,羽毛球馆-17号,15:00-16:00,1,1,已售/已满,教学时间,多云,19,17,3,0.0,79,32
2026-05-21 09:50:42,2026-05-22,4,羽毛球馆-17号,15:00-16:00,1,1,已售/已满,教学时间,多云,19,17,4,0.0,81,32
2026-05-21 10:00:46,2026-05-22,4,羽毛球馆-17号,15:00-16:00,1,1,已售/已满,教学时间,多云,19,17,4,0.0,79,32
2026-05-21 10:10:40,2026-05-22,4,羽毛球馆-17号,15:00-16:00,1,1,已售/已满,教学时间,多云,19,17,4,0.0,79,32
2026-05-21 10:20:38,2026-05-22,4,羽毛球馆-17号,15:00-16:00,1,1,已售/已满,教学时间,多云,19,17,4,0.0,79,32
2026-05-21 10:30:41,2026-05-22,4,羽毛球馆-17号,15:00-16:00,1,1,已售/已满,教学时间,多云,19,18,3,0.0,78,31
2026-05-21 11:00:44,2026-05-22,4,羽毛球馆-17号,15:00-16:00,1,1,已售/已满,教学时间,多云,21,17,5,0.0,74,31
2026-05-21 11:30:38,2026-05-22,4,羽毛球馆-17号,15:00-16:00,1,1,已售/已满,教学时间,多云,21,19,3,0.0,72,33
2026-05-21 12:00:46,2026-05-22,4,羽毛球馆-17号,15:00-16:00,1,1,已售/已满,教学时间,多云,22,19,4,0.0,70,33
2026-05-21 12:30:42,2026-05-22,4,羽毛球馆-17号,15:00-16:00,1,1,已售/已满,教学时间,多云,22,21,3,0.0,68,35
2026-05-21 13:00:43,2026-05-22,4,羽毛球馆-17号,15:00-16:00,1,1,已售/已满,教学时间,多云,24,22,4,0.0,66,35
2026-05-21 13:30:43,2026-05-22,4,羽毛球馆-17号,15:00-16:00,1,1,已售/已满,教学时间,多云,24,22,4,0.0,66,36
2026-05-21 14:00:48,2026-05-22,4,羽毛球馆-17号,15:00-16:00,1,1,已售/已满,教学时间,多云,25,23,4,0.0,66,36
2026-05-21 14:30:45,2026-05-22,4,羽毛球馆-17号,15:00-16:00,1,1,已售/已满,教学时间,晴,25,25,3,0.0,65,39
2026-05-21 15:00:45,2026-05-22,4,羽毛球馆-17号,15:00-16:00,1,1,已售/已满,教学时间,晴,25,22,4,0.0,56,39
2026-05-21 15:30:43,2026-05-22,4,羽毛球馆-17号,15:00-16:00,1,1,已售/已满,教学时间,晴,25,23,4,0.0,57,40
2026-05-21 16:00:51,2026-05-22,4,羽毛球馆-17号,15:00-16:00,1,1,已售/已满,教学时间,晴,25,23,4,0.0,57,40
2026-05-21 16:30:48,2026-05-22,4,羽毛球馆-17号,15:00-16:00,1,1,已售/已满,教学时间,晴,25,24,3,0.0,60,39
2026-05-21 17:00:49,2026-05-22,4,羽毛球馆-17号,15:00-16:00,1,1,已售/已满,教学时间,晴,25,24,4,0.0,61,39
2026-05-21 17:30:47,2026-05-22,4,羽毛球馆-17号,15:00-16:00,1,1,已售/已满,教学时间,多云,24,23,3,0.0,64,39
2026-05-21 18:00:50,2026-05-22,4,羽毛球馆-17号,15:00-16:00,1,1,已售/已满,教学时间,多云,24,23,3,0.0,68,39
2026-05-21 18:30:50,2026-05-22,4,羽毛球馆-17号,15:00-16:00,1,1,已售/已满,教学时间,阴,24,25,2,0.0,68,40
2026-05-21 19:00:50,2026-05-22,4,羽毛球馆-17号,15:00-16:00,1,1,已售/已满,教学时间,阴,23,23,3,0.0,76,40
2026-05-21 19:30:46,2026-05-22,4,羽毛球馆-17号,15:00-16:00,1,1,已售/已满,教学时间,阴,23,24,2,0.0,77,39
2026-05-21 20:00:49,2026-05-22,4,羽毛球馆-17号,15:00-16:00,1,1,已售/已满,教学时间,雾,22,23,2,0.0,89,39
2026-05-21 20:30:44,2026-05-22,4,羽毛球馆-17号,15:00-16:00,1,1,已售/已满,教学时间,雾,22,24,2,0.0,93,43
2026-05-21 21:00:56,2026-05-22,4,羽毛球馆-17号,15:00-16:00,1,1,已售/已满,教学时间,雾,20,21,2,0.0,98,43
2026-05-21 21:30:46,2026-05-22,4,羽毛球馆-17号,15:00-16:00,1,1,已售/已满,教学时间,雾,20,22,1,0.0,99,41
2026-05-21 22:01:02,2026-05-22,4,羽毛球馆-17号,15:00-16:00,1,1,已售/已满,教学时间,雾,19,20,2,0.0,93,41
2026-05-21 22:30:47,2026-05-22,4,羽毛球馆-17号,15:00-16:00,1,1,已售/已满,教学时间,雾,19,19,3,0.0,88,46
2026-05-21 23:00:56,2026-05-22,4,羽毛球馆-17号,15:00-16:00,1,1,已售/已满,教学时间,多云,18,17,3,0.0,85,46
2026-05-21 23:30:55,2026-05-22,4,羽毛球馆-17号,15:00-16:00,1,1,已售/已满,教学时间,多云,18,17,3,0.0,85,48
2026-05-21 08:00:45,2026-05-22,4,羽毛球馆-17号,16:00-17:00,0,1,可预约,￥12.0,晴,17,12,5,0.0,86,29
2026-05-21 08:02:30,2026-05-22,4,羽毛球馆-17号,16:00-17:00,0,1,可预约,￥12.0,多云,17,12,5,0.0,87,29
2026-05-21 08:05:36,2026-05-22,4,羽毛球馆-17号,16:00-17:00,0,1,可预约,￥12.0,多云,17,12,5,0.0,86,29
2026-05-21 08:08:31,2026-05-22,4,羽毛球馆-17号,16:00-17:00,0,1,可预约,￥12.0,多云,17,12,5,0.0,86,29
2026-05-21 08:11:30,2026-05-22,4,羽毛球馆-17号,16:00-17:00,0,1,可预约,￥12.0,多云,17,12,5,0.0,86,29
2026-05-21 08:14:31,2026-05-22,4,羽毛球馆-17号,16:00-17:00,0,1,可预约,￥12.0,多云,17,12,5,0.0,86,29
2026-05-21 08:17:30,2026-05-22,4,羽毛球馆-17号,16:00-17:00,0,1,可预约,￥12.0,多云,17,12,5,0.0,86,29
2026-05-21 08:20:35,2026-05-22,4,羽毛球馆-17号,16:00-17:00,0,1,可预约,￥12.0,多云,17,14,4,0.0,85,29
2026-05-21 08:25:32,2026-05-22,4,羽毛球馆-17号,16:00-17:00,0,1,可预约,￥12.0,多云,17,14,4,0.0,85,28
2026-05-21 08:30:42,2026-05-22,4,羽毛球馆-17号,16:00-17:00,0,1,可预约,￥12.0,多云,18,15,4,0.0,84,28
2026-05-21 08:35:31,2026-05-22,4,羽毛球馆-17号,16:00-17:00,0,1,可预约,￥12.0,多云,18,15,4,0.0,84,28
2026-05-21 08:40:38,2026-05-22,4,羽毛球馆-17号,16:00-17:00,0,1,可预约,￥12.0,多云,18,15,4,0.0,82,28
2026-05-21 08:45:33,2026-05-22,4,羽毛球馆-17号,16:00-17:00,0,1,可预约,￥12.0,多云,18,15,4,0.0,82,28
2026-05-21 08:50:36,2026-05-22,4,羽毛球馆-17号,16:00-17:00,0,1,可预约,￥12.0,多云,18,15,4,0.0,82,28
2026-05-21 08:55:34,2026-05-22,4,羽毛球馆-17号,16:00-17:00,0,1,可预约,￥12.0,多云,18,15,4,0.0,84,28
2026-05-21 09:00:51,2026-05-22,4,羽毛球馆-17号,16:00-17:00,0,1,可预约,￥12.0,多云,18,15,4,0.0,84,28
2026-05-21 09:01:59,2026-05-22,4,羽毛球馆-17号,16:00-17:00,0,1,可预约,￥12.0,多云,18,15,4,0.0,83,28
2026-05-21 09:05:33,2026-05-22,4,羽毛球馆-17号,16:00-17:00,0,1,可预约,￥12.0,多云,18,15,4,0.0,83,28
2026-05-21 09:20:38,2026-05-22,4,羽毛球馆-17号,16:00-17:00,0,1,可预约,￥12.0,多云,18,16,3,0.0,81,28
2026-05-21 09:30:46,2026-05-22,4,羽毛球馆-17号,16:00-17:00,0,1,可预约,￥12.0,多云,18,16,3,0.0,81,32
2026-05-21 09:40:36,2026-05-22,4,羽毛球馆-17号,16:00-17:00,0,1,可预约,￥12.0,多云,19,17,3,0.0,79,32
2026-05-21 09:50:42,2026-05-22,4,羽毛球馆-17号,16:00-17:00,0,1,可预约,￥12.0,多云,19,17,4,0.0,81,32
2026-05-21 10:00:46,2026-05-22,4,羽毛球馆-17号,16:00-17:00,0,1,可预约,￥12.0,多云,19,17,4,0.0,79,32
2026-05-21 10:10:40,2026-05-22,4,羽毛球馆-17号,16:00-17:00,0,1,可预约,￥12.0,多云,19,17,4,0.0,79,32
2026-05-21 10:20:38,2026-05-22,4,羽毛球馆-17号,16:00-17:00,0,1,可预约,￥12.0,多云,19,17,4,0.0,79,32
2026-05-21 10:30:41,2026-05-22,4,羽毛球馆-17号,16:00-17:00,0,1,可预约,￥12.0,多云,19,18,3,0.0,78,31
2026-05-21 11:00:44,2026-05-22,4,羽毛球馆-17号,16:00-17:00,0,1,可预约,￥12.0,多云,21,17,5,0.0,74,31
2026-05-21 11:30:38,2026-05-22,4,羽毛球馆-17号,16:00-17:00,0,1,可预约,￥12.0,多云,21,19,3,0.0,72,33
2026-05-21 12:00:46,2026-05-22,4,羽毛球馆-17号,16:00-17:00,0,1,可预约,￥12.0,多云,22,19,4,0.0,70,33
2026-05-21 12:30:42,2026-05-22,4,羽毛球馆-17号,16:00-17:00,0,1,可预约,￥12.0,多云,22,21,3,0.0,68,35
2026-05-21 13:00:43,2026-05-22,4,羽毛球馆-17号,16:00-17:00,0,1,可预约,￥12.0,多云,24,22,4,0.0,66,35
2026-05-21 13:30:43,2026-05-22,4,羽毛球馆-17号,16:00-17:00,0,1,可预约,￥12.0,多云,24,22,4,0.0,66,36
2026-05-21 14:00:48,2026-05-22,4,羽毛球馆-17号,16:00-17:00,0,1,可预约,￥12.0,多云,25,23,4,0.0,66,36
2026-05-21 14:30:45,2026-05-22,4,羽毛球馆-17号,16:00-17:00,0,1,可预约,￥12.0,晴,25,25,3,0.0,65,39
2026-05-21 15:00:45,2026-05-22,4,羽毛球馆-17号,16:00-17:00,0,1,可预约,￥12.0,晴,25,22,4,0.0,56,39
2026-05-21 15:30:43,2026-05-22,4,羽毛球馆-17号,16:00-17:00,0,1,可预约,￥12.0,晴,25,23,4,0.0,57,40
2026-05-21 16:00:51,2026-05-22,4,羽毛球馆-17号,16:00-17:00,0,1,可预约,￥12.0,晴,25,23,4,0.0,57,40
2026-05-21 16:30:48,2026-05-22,4,羽毛球馆-17号,16:00-17:00,0,1,可预约,￥12.0,晴,25,24,3,0.0,60,39
2026-05-21 17:00:49,2026-05-22,4,羽毛球馆-17号,16:00-17:00,1,1,已售/已满,已售,晴,25,24,4,0.0,61,39
2026-05-21 17:30:47,2026-05-22,4,羽毛球馆-17号,16:00-17:00,1,1,已售/已满,已售,多云,24,23,3,0.0,64,39
2026-05-21 18:00:50,2026-05-22,4,羽毛球馆-17号,16:00-17:00,1,1,已售/已满,已售,多云,24,23,3,0.0,68,39
2026-05-21 18:30:50,2026-05-22,4,羽毛球馆-17号,16:00-17:00,1,1,已售/已满,已售,阴,24,25,2,0.0,68,40
2026-05-21 19:00:50,2026-05-22,4,羽毛球馆-17号,16:00-17:00,1,1,已售/已满,已售,阴,23,23,3,0.0,76,40
2026-05-21 19:30:46,2026-05-22,4,羽毛球馆-17号,16:00-17:00,1,1,已售/已满,已售,阴,23,24,2,0.0,77,39
2026-05-21 20:00:49,2026-05-22,4,羽毛球馆-17号,16:00-17:00,1,1,已售/已满,已售,雾,22,23,2,0.0,89,39
2026-05-21 20:30:44,2026-05-22,4,羽毛球馆-17号,16:00-17:00,1,1,已售/已满,已售,雾,22,24,2,0.0,93,43
2026-05-21 21:00:56,2026-05-22,4,羽毛球馆-17号,16:00-17:00,1,1,已售/已满,已售,雾,20,21,2,0.0,98,43
2026-05-21 21:30:46,2026-05-22,4,羽毛球馆-17号,16:00-17:00,1,1,已售/已满,已售,雾,20,22,1,0.0,99,41
2026-05-21 22:01:02,2026-05-22,4,羽毛球馆-17号,16:00-17:00,1,1,已售/已满,已售,雾,19,20,2,0.0,93,41
2026-05-21 22:30:47,2026-05-22,4,羽毛球馆-17号,16:00-17:00,1,1,已售/已满,已售,雾,19,19,3,0.0,88,46
2026-05-21 23:00:56,2026-05-22,4,羽毛球馆-17号,16:00-17:00,1,1,已售/已满,已售,多云,18,17,3,0.0,85,46
2026-05-21 23:30:55,2026-05-22,4,羽毛球馆-17号,16:00-17:00,1,1,已售/已满,已售,多云,18,17,3,0.0,85,48
2026-05-21 08:00:45,2026-05-22,4,羽毛球馆-17号,17:00-18:00,0,1,可预约,￥12.0,晴,17,12,5,0.0,86,29
2026-05-21 08:02:30,2026-05-22,4,羽毛球馆-17号,17:00-18:00,0,1,可预约,￥12.0,多云,17,12,5,0.0,87,29
2026-05-21 08:05:36,2026-05-22,4,羽毛球馆-17号,17:00-18:00,0,1,可预约,￥12.0,多云,17,12,5,0.0,86,29
2026-05-21 08:08:31,2026-05-22,4,羽毛球馆-17号,17:00-18:00,0,1,可预约,￥12.0,多云,17,12,5,0.0,86,29
2026-05-21 08:11:30,2026-05-22,4,羽毛球馆-17号,17:00-18:00,0,1,可预约,￥12.0,多云,17,12,5,0.0,86,29
2026-05-21 08:14:31,2026-05-22,4,羽毛球馆-17号,17:00-18:00,0,1,可预约,￥12.0,多云,17,12,5,0.0,86,29
2026-05-21 08:17:30,2026-05-22,4,羽毛球馆-17号,17:00-18:00,0,1,可预约,￥12.0,多云,17,12,5,0.0,86,29
2026-05-21 08:20:35,2026-05-22,4,羽毛球馆-17号,17:00-18:00,0,1,可预约,￥12.0,多云,17,14,4,0.0,85,29
2026-05-21 08:25:32,2026-05-22,4,羽毛球馆-17号,17:00-18:00,0,1,可预约,￥12.0,多云,17,14,4,0.0,85,28
2026-05-21 08:30:42,2026-05-22,4,羽毛球馆-17号,17:00-18:00,0,1,可预约,￥12.0,多云,18,15,4,0.0,84,28
2026-05-21 08:35:31,2026-05-22,4,羽毛球馆-17号,17:00-18:00,0,1,可预约,￥12.0,多云,18,15,4,0.0,84,28
2026-05-21 08:40:38,2026-05-22,4,羽毛球馆-17号,17:00-18:00,0,1,可预约,￥12.0,多云,18,15,4,0.0,82,28
2026-05-21 08:45:33,2026-05-22,4,羽毛球馆-17号,17:00-18:00,0,1,可预约,￥12.0,多云,18,15,4,0.0,82,28
2026-05-21 08:50:36,2026-05-22,4,羽毛球馆-17号,17:00-18:00,0,1,可预约,￥12.0,多云,18,15,4,0.0,82,28
2026-05-21 08:55:34,2026-05-22,4,羽毛球馆-17号,17:00-18:00,0,1,可预约,￥12.0,多云,18,15,4,0.0,84,28
2026-05-21 09:00:51,2026-05-22,4,羽毛球馆-17号,17:00-18:00,0,1,可预约,￥12.0,多云,18,15,4,0.0,84,28
2026-05-21 09:01:59,2026-05-22,4,羽毛球馆-17号,17:00-18:00,0,1,可预约,￥12.0,多云,18,15,4,0.0,83,28
2026-05-21 09:05:33,2026-05-22,4,羽毛球馆-17号,17:00-18:00,0,1,可预约,￥12.0,多云,18,15,4,0.0,83,28
2026-05-21 09:20:38,2026-05-22,4,羽毛球馆-17号,17:00-18:00,0,1,可预约,￥12.0,多云,18,16,3,0.0,81,28
2026-05-21 09:30:46,2026-05-22,4,羽毛球馆-17号,17:00-18:00,0,1,可预约,￥12.0,多云,18,16,3,0.0,81,32
2026-05-21 09:40:36,2026-05-22,4,羽毛球馆-17号,17:00-18:00,1,1,已售/已满,已售,多云,19,17,3,0.0,79,32
2026-05-21 09:50:42,2026-05-22,4,羽毛球馆-17号,17:00-18:00,1,1,已售/已满,已售,多云,19,17,4,0.0,81,32
2026-05-21 10:00:46,2026-05-22,4,羽毛球馆-17号,17:00-18:00,1,1,已售/已满,已售,多云,19,17,4,0.0,79,32
2026-05-21 10:10:40,2026-05-22,4,羽毛球馆-17号,17:00-18:00,1,1,已售/已满,已售,多云,19,17,4,0.0,79,32
2026-05-21 10:20:38,2026-05-22,4,羽毛球馆-17号,17:00-18:00,1,1,已售/已满,已售,多云,19,17,4,0.0,79,32
2026-05-21 10:30:41,2026-05-22,4,羽毛球馆-17号,17:00-18:00,1,1,已售/已满,已售,多云,19,18,3,0.0,78,31
2026-05-21 11:00:44,2026-05-22,4,羽毛球馆-17号,17:00-18:00,1,1,已售/已满,已售,多云,21,17,5,0.0,74,31
2026-05-21 11:30:38,2026-05-22,4,羽毛球馆-17号,17:00-18:00,1,1,已售/已满,已售,多云,21,19,3,0.0,72,33
2026-05-21 12:00:46,2026-05-22,4,羽毛球馆-17号,17:00-18:00,1,1,已售/已满,已售,多云,22,19,4,0.0,70,33
2026-05-21 12:30:42,2026-05-22,4,羽毛球馆-17号,17:00-18:00,1,1,已售/已满,已售,多云,22,21,3,0.0,68,35
2026-05-21 13:00:43,2026-05-22,4,羽毛球馆-17号,17:00-18:00,1,1,已售/已满,已售,多云,24,22,4,0.0,66,35
2026-05-21 13:30:43,2026-05-22,4,羽毛球馆-17号,17:00-18:00,1,1,已售/已满,已售,多云,24,22,4,0.0,66,36
2026-05-21 14:00:48,2026-05-22,4,羽毛球馆-17号,17:00-18:00,0,1,可预约,￥12.0,多云,25,23,4,0.0,66,36
2026-05-21 14:30:45,2026-05-22,4,羽毛球馆-17号,17:00-18:00,0,1,可预约,￥12.0,晴,25,25,3,0.0,65,39
2026-05-21 15:00:45,2026-05-22,4,羽毛球馆-17号,17:00-18:00,1,1,已售/已满,已售,晴,25,22,4,0.0,56,39
2026-05-21 15:30:43,2026-05-22,4,羽毛球馆-17号,17:00-18:00,1,1,已售/已满,已售,晴,25,23,4,0.0,57,40
2026-05-21 16:00:51,2026-05-22,4,羽毛球馆-17号,17:00-18:00,1,1,已售/已满,已售,晴,25,23,4,0.0,57,40
2026-05-21 16:30:48,2026-05-22,4,羽毛球馆-17号,17:00-18:00,1,1,已售/已满,已售,晴,25,24,3,0.0,60,39
2026-05-21 17:00:49,2026-05-22,4,羽毛球馆-17号,17:00-18:00,1,1,已售/已满,已售,晴,25,24,4,0.0,61,39
2026-05-21 17:30:47,2026-05-22,4,羽毛球馆-17号,17:00-18:00,1,1,已售/已满,已售,多云,24,23,3,0.0,64,39
2026-05-21 18:00:50,2026-05-22,4,羽毛球馆-17号,17:00-18:00,1,1,已售/已满,已售,多云,24,23,3,0.0,68,39
2026-05-21 18:30:50,2026-05-22,4,羽毛球馆-17号,17:00-18:00,1,1,已售/已满,已售,阴,24,25,2,0.0,68,40
2026-05-21 19:00:50,2026-05-22,4,羽毛球馆-17号,17:00-18:00,1,1,已售/已满,已售,阴,23,23,3,0.0,76,40
2026-05-21 19:30:46,2026-05-22,4,羽毛球馆-17号,17:00-18:00,1,1,已售/已满,已售,阴,23,24,2,0.0,77,39
2026-05-21 20:00:49,2026-05-22,4,羽毛球馆-17号,17:00-18:00,1,1,已售/已满,已售,雾,22,23,2,0.0,89,39
2026-05-21 20:30:44,2026-05-22,4,羽毛球馆-17号,17:00-18:00,1,1,已售/已满,已售,雾,22,24,2,0.0,93,43
2026-05-21 21:00:56,2026-05-22,4,羽毛球馆-17号,17:00-18:00,1,1,已售/已满,已售,雾,20,21,2,0.0,98,43
2026-05-21 21:30:46,2026-05-22,4,羽毛球馆-17号,17:00-18:00,1,1,已售/已满,已售,雾,20,22,1,0.0,99,41
2026-05-21 22:01:02,2026-05-22,4,羽毛球馆-17号,17:00-18:00,1,1,已售/已满,已售,雾,19,20,2,0.0,93,41
2026-05-21 22:30:47,2026-05-22,4,羽毛球馆-17号,17:00-18:00,1,1,已售/已满,已售,雾,19,19,3,0.0,88,46
2026-05-21 23:00:56,2026-05-22,4,羽毛球馆-17号,17:00-18:00,1,1,已售/已满,已售,多云,18,17,3,0.0,85,46
2026-05-21 23:30:55,2026-05-22,4,羽毛球馆-17号,17:00-18:00,1,1,已售/已满,已售,多云,18,17,3,0.0,85,48
2026-05-21 08:00:45,2026-05-22,4,羽毛球馆-17号,18:30-19:30,0,1,可预约,￥12.0,晴,17,12,5,0.0,86,29
2026-05-21 08:02:30,2026-05-22,4,羽毛球馆-17号,18:30-19:30,0,1,可预约,￥12.0,多云,17,12,5,0.0,87,29
2026-05-21 08:05:36,2026-05-22,4,羽毛球馆-17号,18:30-19:30,0,1,可预约,￥12.0,多云,17,12,5,0.0,86,29
2026-05-21 08:08:31,2026-05-22,4,羽毛球馆-17号,18:30-19:30,0,1,可预约,￥12.0,多云,17,12,5,0.0,86,29
2026-05-21 08:11:30,2026-05-22,4,羽毛球馆-17号,18:30-19:30,0,1,可预约,￥12.0,多云,17,12,5,0.0,86,29
2026-05-21 08:14:31,2026-05-22,4,羽毛球馆-17号,18:30-19:30,0,1,可预约,￥12.0,多云,17,12,5,0.0,86,29
2026-05-21 08:17:30,2026-05-22,4,羽毛球馆-17号,18:30-19:30,0,1,可预约,￥12.0,多云,17,12,5,0.0,86,29
2026-05-21 08:20:35,2026-05-22,4,羽毛球馆-17号,18:30-19:30,0,1,可预约,￥12.0,多云,17,14,4,0.0,85,29
2026-05-21 08:25:32,2026-05-22,4,羽毛球馆-17号,18:30-19:30,0,1,可预约,￥12.0,多云,17,14,4,0.0,85,28
2026-05-21 08:30:42,2026-05-22,4,羽毛球馆-17号,18:30-19:30,0,1,可预约,￥12.0,多云,18,15,4,0.0,84,28
2026-05-21 08:35:31,2026-05-22,4,羽毛球馆-17号,18:30-19:30,0,1,可预约,￥12.0,多云,18,15,4,0.0,84,28
2026-05-21 08:40:38,2026-05-22,4,羽毛球馆-17号,18:30-19:30,0,1,可预约,￥12.0,多云,18,15,4,0.0,82,28
2026-05-21 08:45:33,2026-05-22,4,羽毛球馆-17号,18:30-19:30,0,1,可预约,￥12.0,多云,18,15,4,0.0,82,28
2026-05-21 08:50:36,2026-05-22,4,羽毛球馆-17号,18:30-19:30,0,1,可预约,￥12.0,多云,18,15,4,0.0,82,28
2026-05-21 08:55:34,2026-05-22,4,羽毛球馆-17号,18:30-19:30,0,1,可预约,￥12.0,多云,18,15,4,0.0,84,28
2026-05-21 09:00:51,2026-05-22,4,羽毛球馆-17号,18:30-19:30,0,1,可预约,￥12.0,多云,18,15,4,0.0,84,28
2026-05-21 09:01:59,2026-05-22,4,羽毛球馆-17号,18:30-19:30,0,1,可预约,￥12.0,多云,18,15,4,0.0,83,28
2026-05-21 09:05:33,2026-05-22,4,羽毛球馆-17号,18:30-19:30,0,1,可预约,￥12.0,多云,18,15,4,0.0,83,28
2026-05-21 09:20:38,2026-05-22,4,羽毛球馆-17号,18:30-19:30,0,1,可预约,￥12.0,多云,18,16,3,0.0,81,28
2026-05-21 09:30:46,2026-05-22,4,羽毛球馆-17号,18:30-19:30,0,1,可预约,￥12.0,多云,18,16,3,0.0,81,32
2026-05-21 09:40:36,2026-05-22,4,羽毛球馆-17号,18:30-19:30,1,1,已售/已满,已售,多云,19,17,3,0.0,79,32
2026-05-21 09:50:42,2026-05-22,4,羽毛球馆-17号,18:30-19:30,1,1,已售/已满,已售,多云,19,17,4,0.0,81,32
2026-05-21 10:00:46,2026-05-22,4,羽毛球馆-17号,18:30-19:30,1,1,已售/已满,已售,多云,19,17,4,0.0,79,32
2026-05-21 10:10:40,2026-05-22,4,羽毛球馆-17号,18:30-19:30,1,1,已售/已满,已售,多云,19,17,4,0.0,79,32
2026-05-21 10:20:38,2026-05-22,4,羽毛球馆-17号,18:30-19:30,1,1,已售/已满,已售,多云,19,17,4,0.0,79,32
2026-05-21 10:30:41,2026-05-22,4,羽毛球馆-17号,18:30-19:30,1,1,已售/已满,已售,多云,19,18,3,0.0,78,31
2026-05-21 11:00:44,2026-05-22,4,羽毛球馆-17号,18:30-19:30,1,1,已售/已满,已售,多云,21,17,5,0.0,74,31
2026-05-21 11:30:38,2026-05-22,4,羽毛球馆-17号,18:30-19:30,1,1,已售/已满,已售,多云,21,19,3,0.0,72,33
2026-05-21 12:00:46,2026-05-22,4,羽毛球馆-17号,18:30-19:30,1,1,已售/已满,已售,多云,22,19,4,0.0,70,33
2026-05-21 12:30:42,2026-05-22,4,羽毛球馆-17号,18:30-19:30,1,1,已售/已满,已售,多云,22,21,3,0.0,68,35
2026-05-21 13:00:43,2026-05-22,4,羽毛球馆-17号,18:30-19:30,1,1,已售/已满,已售,多云,24,22,4,0.0,66,35
2026-05-21 13:30:43,2026-05-22,4,羽毛球馆-17号,18:30-19:30,1,1,已售/已满,已售,多云,24,22,4,0.0,66,36
2026-05-21 14:00:48,2026-05-22,4,羽毛球馆-17号,18:30-19:30,1,1,已售/已满,已售,多云,25,23,4,0.0,66,36
2026-05-21 14:30:45,2026-05-22,4,羽毛球馆-17号,18:30-19:30,1,1,已售/已满,已售,晴,25,25,3,0.0,65,39
2026-05-21 15:00:45,2026-05-22,4,羽毛球馆-17号,18:30-19:30,1,1,已售/已满,已售,晴,25,22,4,0.0,56,39
2026-05-21 15:30:43,2026-05-22,4,羽毛球馆-17号,18:30-19:30,1,1,已售/已满,已售,晴,25,23,4,0.0,57,40
2026-05-21 16:00:51,2026-05-22,4,羽毛球馆-17号,18:30-19:30,1,1,已售/已满,已售,晴,25,23,4,0.0,57,40
2026-05-21 16:30:48,2026-05-22,4,羽毛球馆-17号,18:30-19:30,1,1,已售/已满,已售,晴,25,24,3,0.0,60,39
2026-05-21 17:00:49,2026-05-22,4,羽毛球馆-17号,18:30-19:30,1,1,已售/已满,已售,晴,25,24,4,0.0,61,39
2026-05-21 17:30:47,2026-05-22,4,羽毛球馆-17号,18:30-19:30,1,1,已售/已满,已售,多云,24,23,3,0.0,64,39
2026-05-21 18:00:50,2026-05-22,4,羽毛球馆-17号,18:30-19:30,1,1,已售/已满,已售,多云,24,23,3,0.0,68,39
2026-05-21 18:30:50,2026-05-22,4,羽毛球馆-17号,18:30-19:30,1,1,已售/已满,已售,阴,24,25,2,0.0,68,40
2026-05-21 19:00:50,2026-05-22,4,羽毛球馆-17号,18:30-19:30,1,1,已售/已满,已售,阴,23,23,3,0.0,76,40
2026-05-21 19:30:46,2026-05-22,4,羽毛球馆-17号,18:30-19:30,1,1,已售/已满,已售,阴,23,24,2,0.0,77,39
2026-05-21 20:00:49,2026-05-22,4,羽毛球馆-17号,18:30-19:30,1,1,已售/已满,已售,雾,22,23,2,0.0,89,39
2026-05-21 20:30:44,2026-05-22,4,羽毛球馆-17号,18:30-19:30,1,1,已售/已满,已售,雾,22,24,2,0.0,93,43
2026-05-21 21:00:56,2026-05-22,4,羽毛球馆-17号,18:30-19:30,1,1,已售/已满,已售,雾,20,21,2,0.0,98,43
2026-05-21 21:30:46,2026-05-22,4,羽毛球馆-17号,18:30-19:30,1,1,已售/已满,已售,雾,20,22,1,0.0,99,41
2026-05-21 22:01:02,2026-05-22,4,羽毛球馆-17号,18:30-19:30,1,1,已售/已满,已售,雾,19,20,2,0.0,93,41
2026-05-21 22:30:47,2026-05-22,4,羽毛球馆-17号,18:30-19:30,1,1,已售/已满,已售,雾,19,19,3,0.0,88,46
2026-05-21 23:00:56,2026-05-22,4,羽毛球馆-17号,18:30-19:30,1,1,已售/已满,已售,多云,18,17,3,0.0,85,46
2026-05-21 23:30:55,2026-05-22,4,羽毛球馆-17号,18:30-19:30,1,1,已售/已满,已售,多云,18,17,3,0.0,85,48
2026-05-21 08:00:45,2026-05-22,4,羽毛球馆-17号,19:30-20:30,1,1,未支付锁定,,晴,17,12,5,0.0,86,29
2026-05-21 08:02:30,2026-05-22,4,羽毛球馆-17号,19:30-20:30,1,1,已售/已满,已售,多云,17,12,5,0.0,87,29
2026-05-21 08:05:36,2026-05-22,4,羽毛球馆-17号,19:30-20:30,1,1,已售/已满,已售,多云,17,12,5,0.0,86,29
2026-05-21 08:08:31,2026-05-22,4,羽毛球馆-17号,19:30-20:30,1,1,已售/已满,已售,多云,17,12,5,0.0,86,29
2026-05-21 08:11:30,2026-05-22,4,羽毛球馆-17号,19:30-20:30,1,1,已售/已满,已售,多云,17,12,5,0.0,86,29
2026-05-21 08:14:31,2026-05-22,4,羽毛球馆-17号,19:30-20:30,1,1,已售/已满,已售,多云,17,12,5,0.0,86,29
2026-05-21 08:17:30,2026-05-22,4,羽毛球馆-17号,19:30-20:30,1,1,已售/已满,已售,多云,17,12,5,0.0,86,29
2026-05-21 08:20:35,2026-05-22,4,羽毛球馆-17号,19:30-20:30,1,1,已售/已满,已售,多云,17,14,4,0.0,85,29
2026-05-21 08:25:32,2026-05-22,4,羽毛球馆-17号,19:30-20:30,1,1,已售/已满,已售,多云,17,14,4,0.0,85,28
2026-05-21 08:30:42,2026-05-22,4,羽毛球馆-17号,19:30-20:30,1,1,已售/已满,已售,多云,18,15,4,0.0,84,28
2026-05-21 08:35:31,2026-05-22,4,羽毛球馆-17号,19:30-20:30,1,1,已售/已满,已售,多云,18,15,4,0.0,84,28
2026-05-21 08:40:38,2026-05-22,4,羽毛球馆-17号,19:30-20:30,1,1,已售/已满,已售,多云,18,15,4,0.0,82,28
2026-05-21 08:45:33,2026-05-22,4,羽毛球馆-17号,19:30-20:30,1,1,已售/已满,已售,多云,18,15,4,0.0,82,28
2026-05-21 08:50:36,2026-05-22,4,羽毛球馆-17号,19:30-20:30,1,1,已售/已满,已售,多云,18,15,4,0.0,82,28
2026-05-21 08:55:34,2026-05-22,4,羽毛球馆-17号,19:30-20:30,1,1,已售/已满,已售,多云,18,15,4,0.0,84,28
2026-05-21 09:00:51,2026-05-22,4,羽毛球馆-17号,19:30-20:30,1,1,已售/已满,已售,多云,18,15,4,0.0,84,28
2026-05-21 09:01:59,2026-05-22,4,羽毛球馆-17号,19:30-20:30,1,1,已售/已满,已售,多云,18,15,4,0.0,83,28
2026-05-21 09:05:33,2026-05-22,4,羽毛球馆-17号,19:30-20:30,1,1,已售/已满,已售,多云,18,15,4,0.0,83,28
2026-05-21 09:20:38,2026-05-22,4,羽毛球馆-17号,19:30-20:30,1,1,已售/已满,已售,多云,18,16,3,0.0,81,28
2026-05-21 09:30:46,2026-05-22,4,羽毛球馆-17号,19:30-20:30,1,1,已售/已满,已售,多云,18,16,3,0.0,81,32
2026-05-21 09:40:36,2026-05-22,4,羽毛球馆-17号,19:30-20:30,1,1,已售/已满,已售,多云,19,17,3,0.0,79,32
2026-05-21 09:50:42,2026-05-22,4,羽毛球馆-17号,19:30-20:30,1,1,已售/已满,已售,多云,19,17,4,0.0,81,32
2026-05-21 10:00:46,2026-05-22,4,羽毛球馆-17号,19:30-20:30,1,1,已售/已满,已售,多云,19,17,4,0.0,79,32
2026-05-21 10:10:40,2026-05-22,4,羽毛球馆-17号,19:30-20:30,1,1,已售/已满,已售,多云,19,17,4,0.0,79,32
2026-05-21 10:20:38,2026-05-22,4,羽毛球馆-17号,19:30-20:30,1,1,已售/已满,已售,多云,19,17,4,0.0,79,32
2026-05-21 10:30:41,2026-05-22,4,羽毛球馆-17号,19:30-20:30,1,1,已售/已满,已售,多云,19,18,3,0.0,78,31
2026-05-21 11:00:44,2026-05-22,4,羽毛球馆-17号,19:30-20:30,1,1,已售/已满,已售,多云,21,17,5,0.0,74,31
2026-05-21 11:30:38,2026-05-22,4,羽毛球馆-17号,19:30-20:30,1,1,已售/已满,已售,多云,21,19,3,0.0,72,33
2026-05-21 12:00:46,2026-05-22,4,羽毛球馆-17号,19:30-20:30,1,1,已售/已满,已售,多云,22,19,4,0.0,70,33
2026-05-21 12:30:42,2026-05-22,4,羽毛球馆-17号,19:30-20:30,1,1,已售/已满,已售,多云,22,21,3,0.0,68,35
2026-05-21 13:00:43,2026-05-22,4,羽毛球馆-17号,19:30-20:30,1,1,已售/已满,已售,多云,24,22,4,0.0,66,35
2026-05-21 13:30:43,2026-05-22,4,羽毛球馆-17号,19:30-20:30,1,1,已售/已满,已售,多云,24,22,4,0.0,66,36
2026-05-21 14:00:48,2026-05-22,4,羽毛球馆-17号,19:30-20:30,1,1,已售/已满,已售,多云,25,23,4,0.0,66,36
2026-05-21 14:30:45,2026-05-22,4,羽毛球馆-17号,19:30-20:30,1,1,已售/已满,已售,晴,25,25,3,0.0,65,39
2026-05-21 15:00:45,2026-05-22,4,羽毛球馆-17号,19:30-20:30,1,1,已售/已满,已售,晴,25,22,4,0.0,56,39
2026-05-21 15:30:43,2026-05-22,4,羽毛球馆-17号,19:30-20:30,1,1,已售/已满,已售,晴,25,23,4,0.0,57,40
2026-05-21 16:00:51,2026-05-22,4,羽毛球馆-17号,19:30-20:30,1,1,已售/已满,已售,晴,25,23,4,0.0,57,40
2026-05-21 16:30:48,2026-05-22,4,羽毛球馆-17号,19:30-20:30,1,1,已售/已满,已售,晴,25,24,3,0.0,60,39
2026-05-21 17:00:49,2026-05-22,4,羽毛球馆-17号,19:30-20:30,1,1,已售/已满,已售,晴,25,24,4,0.0,61,39
2026-05-21 17:30:47,2026-05-22,4,羽毛球馆-17号,19:30-20:30,1,1,已售/已满,已售,多云,24,23,3,0.0,64,39
2026-05-21 18:00:50,2026-05-22,4,羽毛球馆-17号,19:30-20:30,1,1,已售/已满,已售,多云,24,23,3,0.0,68,39
2026-05-21 18:30:50,2026-05-22,4,羽毛球馆-17号,19:30-20:30,1,1,已售/已满,已售,阴,24,25,2,0.0,68,40
2026-05-21 19:00:50,2026-05-22,4,羽毛球馆-17号,19:30-20:30,1,1,已售/已满,已售,阴,23,23,3,0.0,76,40
2026-05-21 19:30:46,2026-05-22,4,羽毛球馆-17号,19:30-20:30,1,1,已售/已满,已售,阴,23,24,2,0.0,77,39
2026-05-21 20:00:49,2026-05-22,4,羽毛球馆-17号,19:30-20:30,1,1,已售/已满,已售,雾,22,23,2,0.0,89,39
2026-05-21 20:30:44,2026-05-22,4,羽毛球馆-17号,19:30-20:30,1,1,已售/已满,已售,雾,22,24,2,0.0,93,43
2026-05-21 21:00:56,2026-05-22,4,羽毛球馆-17号,19:30-20:30,1,1,已售/已满,已售,雾,20,21,2,0.0,98,43
2026-05-21 21:30:46,2026-05-22,4,羽毛球馆-17号,19:30-20:30,1,1,已售/已满,已售,雾,20,22,1,0.0,99,41
2026-05-21 22:01:02,2026-05-22,4,羽毛球馆-17号,19:30-20:30,1,1,已售/已满,已售,雾,19,20,2,0.0,93,41
2026-05-21 22:30:47,2026-05-22,4,羽毛球馆-17号,19:30-20:30,1,1,已售/已满,已售,雾,19,19,3,0.0,88,46
2026-05-21 23:00:56,2026-05-22,4,羽毛球馆-17号,19:30-20:30,1,1,已售/已满,已售,多云,18,17,3,0.0,85,46
2026-05-21 23:30:55,2026-05-22,4,羽毛球馆-17号,19:30-20:30,1,1,已售/已满,已售,多云,18,17,3,0.0,85,48
2026-05-21 08:00:45,2026-05-22,4,羽毛球馆-17号,20:30-21:30,1,1,未支付锁定,,晴,17,12,5,0.0,86,29
2026-05-21 08:02:30,2026-05-22,4,羽毛球馆-17号,20:30-21:30,1,1,已售/已满,已售,多云,17,12,5,0.0,87,29
2026-05-21 08:05:36,2026-05-22,4,羽毛球馆-17号,20:30-21:30,1,1,已售/已满,已售,多云,17,12,5,0.0,86,29
2026-05-21 08:08:31,2026-05-22,4,羽毛球馆-17号,20:30-21:30,1,1,已售/已满,已售,多云,17,12,5,0.0,86,29
2026-05-21 08:11:30,2026-05-22,4,羽毛球馆-17号,20:30-21:30,1,1,已售/已满,已售,多云,17,12,5,0.0,86,29
2026-05-21 08:14:31,2026-05-22,4,羽毛球馆-17号,20:30-21:30,1,1,已售/已满,已售,多云,17,12,5,0.0,86,29
2026-05-21 08:17:30,2026-05-22,4,羽毛球馆-17号,20:30-21:30,1,1,已售/已满,已售,多云,17,12,5,0.0,86,29
2026-05-21 08:20:35,2026-05-22,4,羽毛球馆-17号,20:30-21:30,1,1,已售/已满,已售,多云,17,14,4,0.0,85,29
2026-05-21 08:25:32,2026-05-22,4,羽毛球馆-17号,20:30-21:30,1,1,已售/已满,已售,多云,17,14,4,0.0,85,28
2026-05-21 08:30:42,2026-05-22,4,羽毛球馆-17号,20:30-21:30,1,1,已售/已满,已售,多云,18,15,4,0.0,84,28
2026-05-21 08:35:31,2026-05-22,4,羽毛球馆-17号,20:30-21:30,1,1,已售/已满,已售,多云,18,15,4,0.0,84,28
2026-05-21 08:40:38,2026-05-22,4,羽毛球馆-17号,20:30-21:30,1,1,已售/已满,已售,多云,18,15,4,0.0,82,28
2026-05-21 08:45:33,2026-05-22,4,羽毛球馆-17号,20:30-21:30,1,1,已售/已满,已售,多云,18,15,4,0.0,82,28
2026-05-21 08:50:36,2026-05-22,4,羽毛球馆-17号,20:30-21:30,1,1,已售/已满,已售,多云,18,15,4,0.0,82,28
2026-05-21 08:55:34,2026-05-22,4,羽毛球馆-17号,20:30-21:30,1,1,已售/已满,已售,多云,18,15,4,0.0,84,28
2026-05-21 09:00:51,2026-05-22,4,羽毛球馆-17号,20:30-21:30,1,1,已售/已满,已售,多云,18,15,4,0.0,84,28
2026-05-21 09:01:59,2026-05-22,4,羽毛球馆-17号,20:30-21:30,1,1,已售/已满,已售,多云,18,15,4,0.0,83,28
2026-05-21 09:05:33,2026-05-22,4,羽毛球馆-17号,20:30-21:30,1,1,已售/已满,已售,多云,18,15,4,0.0,83,28
2026-05-21 09:20:38,2026-05-22,4,羽毛球馆-17号,20:30-21:30,1,1,已售/已满,已售,多云,18,16,3,0.0,81,28
2026-05-21 09:30:46,2026-05-22,4,羽毛球馆-17号,20:30-21:30,1,1,已售/已满,已售,多云,18,16,3,0.0,81,32
2026-05-21 09:40:36,2026-05-22,4,羽毛球馆-17号,20:30-21:30,1,1,已售/已满,已售,多云,19,17,3,0.0,79,32
2026-05-21 09:50:42,2026-05-22,4,羽毛球馆-17号,20:30-21:30,1,1,已售/已满,已售,多云,19,17,4,0.0,81,32
2026-05-21 10:00:46,2026-05-22,4,羽毛球馆-17号,20:30-21:30,1,1,已售/已满,已售,多云,19,17,4,0.0,79,32
2026-05-21 10:10:40,2026-05-22,4,羽毛球馆-17号,20:30-21:30,1,1,已售/已满,已售,多云,19,17,4,0.0,79,32
2026-05-21 10:20:38,2026-05-22,4,羽毛球馆-17号,20:30-21:30,1,1,已售/已满,已售,多云,19,17,4,0.0,79,32
2026-05-21 10:30:41,2026-05-22,4,羽毛球馆-17号,20:30-21:30,1,1,已售/已满,已售,多云,19,18,3,0.0,78,31
2026-05-21 11:00:44,2026-05-22,4,羽毛球馆-17号,20:30-21:30,1,1,已售/已满,已售,多云,21,17,5,0.0,74,31
2026-05-21 11:30:38,2026-05-22,4,羽毛球馆-17号,20:30-21:30,1,1,已售/已满,已售,多云,21,19,3,0.0,72,33
2026-05-21 12:00:46,2026-05-22,4,羽毛球馆-17号,20:30-21:30,1,1,已售/已满,已售,多云,22,19,4,0.0,70,33
2026-05-21 12:30:42,2026-05-22,4,羽毛球馆-17号,20:30-21:30,1,1,已售/已满,已售,多云,22,21,3,0.0,68,35
2026-05-21 13:00:43,2026-05-22,4,羽毛球馆-17号,20:30-21:30,1,1,已售/已满,已售,多云,24,22,4,0.0,66,35
2026-05-21 13:30:43,2026-05-22,4,羽毛球馆-17号,20:30-21:30,1,1,已售/已满,已售,多云,24,22,4,0.0,66,36
2026-05-21 14:00:48,2026-05-22,4,羽毛球馆-17号,20:30-21:30,1,1,已售/已满,已售,多云,25,23,4,0.0,66,36
2026-05-21 14:30:45,2026-05-22,4,羽毛球馆-17号,20:30-21:30,1,1,已售/已满,已售,晴,25,25,3,0.0,65,39
2026-05-21 15:00:45,2026-05-22,4,羽毛球馆-17号,20:30-21:30,1,1,已售/已满,已售,晴,25,22,4,0.0,56,39
2026-05-21 15:30:43,2026-05-22,4,羽毛球馆-17号,20:30-21:30,1,1,已售/已满,已售,晴,25,23,4,0.0,57,40
2026-05-21 16:00:51,2026-05-22,4,羽毛球馆-17号,20:30-21:30,1,1,已售/已满,已售,晴,25,23,4,0.0,57,40
2026-05-21 16:30:48,2026-05-22,4,羽毛球馆-17号,20:30-21:30,1,1,已售/已满,已售,晴,25,24,3,0.0,60,39
2026-05-21 17:00:49,2026-05-22,4,羽毛球馆-17号,20:30-21:30,1,1,已售/已满,已售,晴,25,24,4,0.0,61,39
2026-05-21 17:30:47,2026-05-22,4,羽毛球馆-17号,20:30-21:30,1,1,已售/已满,已售,多云,24,23,3,0.0,64,39
2026-05-21 18:00:50,2026-05-22,4,羽毛球馆-17号,20:30-21:30,1,1,已售/已满,已售,多云,24,23,3,0.0,68,39
2026-05-21 18:30:50,2026-05-22,4,羽毛球馆-17号,20:30-21:30,1,1,已售/已满,已售,阴,24,25,2,0.0,68,40
2026-05-21 19:00:50,2026-05-22,4,羽毛球馆-17号,20:30-21:30,1,1,已售/已满,已售,阴,23,23,3,0.0,76,40
2026-05-21 19:30:46,2026-05-22,4,羽毛球馆-17号,20:30-21:30,1,1,已售/已满,已售,阴,23,24,2,0.0,77,39
2026-05-21 20:00:49,2026-05-22,4,羽毛球馆-17号,20:30-21:30,1,1,已售/已满,已售,雾,22,23,2,0.0,89,39
2026-05-21 20:30:44,2026-05-22,4,羽毛球馆-17号,20:30-21:30,1,1,已售/已满,已售,雾,22,24,2,0.0,93,43
2026-05-21 21:00:56,2026-05-22,4,羽毛球馆-17号,20:30-21:30,1,1,已售/已满,已售,雾,20,21,2,0.0,98,43
2026-05-21 21:30:46,2026-05-22,4,羽毛球馆-17号,20:30-21:30,1,1,已售/已满,已售,雾,20,22,1,0.0,99,41
2026-05-21 22:01:02,2026-05-22,4,羽毛球馆-17号,20:30-21:30,1,1,已售/已满,已售,雾,19,20,2,0.0,93,41
2026-05-21 22:30:47,2026-05-22,4,羽毛球馆-17号,20:30-21:30,1,1,已售/已满,已售,雾,19,19,3,0.0,88,46
2026-05-21 23:00:56,2026-05-22,4,羽毛球馆-17号,20:30-21:30,1,1,已售/已满,已售,多云,18,17,3,0.0,85,46
2026-05-21 23:30:55,2026-05-22,4,羽毛球馆-17号,20:30-21:30,1,1,已售/已满,已售,多云,18,17,3,0.0,85,48
2026-05-21 08:00:45,2026-05-22,4,羽毛球馆-18号,07:00-08:00,0,1,可预约,￥0.0,晴,17,12,5,0.0,86,29
2026-05-21 08:02:30,2026-05-22,4,羽毛球馆-18号,07:00-08:00,0,1,可预约,￥0.0,多云,17,12,5,0.0,87,29
2026-05-21 08:05:36,2026-05-22,4,羽毛球馆-18号,07:00-08:00,0,1,可预约,￥0.0,多云,17,12,5,0.0,86,29
2026-05-21 08:08:31,2026-05-22,4,羽毛球馆-18号,07:00-08:00,0,1,可预约,￥0.0,多云,17,12,5,0.0,86,29
2026-05-21 08:11:30,2026-05-22,4,羽毛球馆-18号,07:00-08:00,0,1,可预约,￥0.0,多云,17,12,5,0.0,86,29
2026-05-21 08:14:31,2026-05-22,4,羽毛球馆-18号,07:00-08:00,0,1,可预约,￥0.0,多云,17,12,5,0.0,86,29
2026-05-21 08:17:30,2026-05-22,4,羽毛球馆-18号,07:00-08:00,0,1,可预约,￥0.0,多云,17,12,5,0.0,86,29
2026-05-21 08:20:35,2026-05-22,4,羽毛球馆-18号,07:00-08:00,0,1,可预约,￥0.0,多云,17,14,4,0.0,85,29
2026-05-21 08:25:32,2026-05-22,4,羽毛球馆-18号,07:00-08:00,0,1,可预约,￥0.0,多云,17,14,4,0.0,85,28
2026-05-21 08:30:42,2026-05-22,4,羽毛球馆-18号,07:00-08:00,0,1,可预约,￥0.0,多云,18,15,4,0.0,84,28
2026-05-21 08:35:31,2026-05-22,4,羽毛球馆-18号,07:00-08:00,0,1,可预约,￥0.0,多云,18,15,4,0.0,84,28
2026-05-21 08:40:38,2026-05-22,4,羽毛球馆-18号,07:00-08:00,0,1,可预约,￥0.0,多云,18,15,4,0.0,82,28
2026-05-21 08:45:33,2026-05-22,4,羽毛球馆-18号,07:00-08:00,0,1,可预约,￥0.0,多云,18,15,4,0.0,82,28
2026-05-21 08:50:36,2026-05-22,4,羽毛球馆-18号,07:00-08:00,0,1,可预约,￥0.0,多云,18,15,4,0.0,82,28
2026-05-21 08:55:34,2026-05-22,4,羽毛球馆-18号,07:00-08:00,0,1,可预约,￥0.0,多云,18,15,4,0.0,84,28
2026-05-21 09:00:51,2026-05-22,4,羽毛球馆-18号,07:00-08:00,0,1,可预约,￥0.0,多云,18,15,4,0.0,84,28
2026-05-21 09:01:59,2026-05-22,4,羽毛球馆-18号,07:00-08:00,0,1,可预约,￥0.0,多云,18,15,4,0.0,83,28
2026-05-21 09:05:33,2026-05-22,4,羽毛球馆-18号,07:00-08:00,0,1,可预约,￥0.0,多云,18,15,4,0.0,83,28
2026-05-21 09:20:38,2026-05-22,4,羽毛球馆-18号,07:00-08:00,0,1,可预约,￥0.0,多云,18,16,3,0.0,81,28
2026-05-21 09:30:46,2026-05-22,4,羽毛球馆-18号,07:00-08:00,0,1,可预约,￥0.0,多云,18,16,3,0.0,81,32
2026-05-21 09:40:36,2026-05-22,4,羽毛球馆-18号,07:00-08:00,0,1,可预约,￥0.0,多云,19,17,3,0.0,79,32
2026-05-21 09:50:42,2026-05-22,4,羽毛球馆-18号,07:00-08:00,0,1,可预约,￥0.0,多云,19,17,4,0.0,81,32
2026-05-21 10:00:46,2026-05-22,4,羽毛球馆-18号,07:00-08:00,0,1,可预约,￥0.0,多云,19,17,4,0.0,79,32
2026-05-21 10:10:40,2026-05-22,4,羽毛球馆-18号,07:00-08:00,0,1,可预约,￥0.0,多云,19,17,4,0.0,79,32
2026-05-21 10:20:38,2026-05-22,4,羽毛球馆-18号,07:00-08:00,0,1,可预约,￥0.0,多云,19,17,4,0.0,79,32
2026-05-21 10:30:41,2026-05-22,4,羽毛球馆-18号,07:00-08:00,0,1,可预约,￥0.0,多云,19,18,3,0.0,78,31
2026-05-21 11:00:44,2026-05-22,4,羽毛球馆-18号,07:00-08:00,0,1,可预约,￥0.0,多云,21,17,5,0.0,74,31
2026-05-21 11:30:38,2026-05-22,4,羽毛球馆-18号,07:00-08:00,0,1,可预约,￥0.0,多云,21,19,3,0.0,72,33
2026-05-21 12:00:46,2026-05-22,4,羽毛球馆-18号,07:00-08:00,0,1,可预约,￥0.0,多云,22,19,4,0.0,70,33
2026-05-21 12:30:42,2026-05-22,4,羽毛球馆-18号,07:00-08:00,0,1,可预约,￥0.0,多云,22,21,3,0.0,68,35
2026-05-21 13:00:43,2026-05-22,4,羽毛球馆-18号,07:00-08:00,0,1,可预约,￥0.0,多云,24,22,4,0.0,66,35
2026-05-21 13:30:43,2026-05-22,4,羽毛球馆-18号,07:00-08:00,0,1,可预约,￥0.0,多云,24,22,4,0.0,66,36
2026-05-21 14:00:48,2026-05-22,4,羽毛球馆-18号,07:00-08:00,0,1,可预约,￥0.0,多云,25,23,4,0.0,66,36
2026-05-21 14:30:45,2026-05-22,4,羽毛球馆-18号,07:00-08:00,0,1,可预约,￥0.0,晴,25,25,3,0.0,65,39
2026-05-21 15:00:45,2026-05-22,4,羽毛球馆-18号,07:00-08:00,0,1,可预约,￥0.0,晴,25,22,4,0.0,56,39
2026-05-21 15:30:43,2026-05-22,4,羽毛球馆-18号,07:00-08:00,0,1,可预约,￥0.0,晴,25,23,4,0.0,57,40
2026-05-21 16:00:51,2026-05-22,4,羽毛球馆-18号,07:00-08:00,0,1,可预约,￥0.0,晴,25,23,4,0.0,57,40
2026-05-21 16:30:48,2026-05-22,4,羽毛球馆-18号,07:00-08:00,0,1,可预约,￥0.0,晴,25,24,3,0.0,60,39
2026-05-21 17:00:49,2026-05-22,4,羽毛球馆-18号,07:00-08:00,0,1,可预约,￥0.0,晴,25,24,4,0.0,61,39
2026-05-21 17:30:47,2026-05-22,4,羽毛球馆-18号,07:00-08:00,0,1,可预约,￥0.0,多云,24,23,3,0.0,64,39
2026-05-21 18:00:50,2026-05-22,4,羽毛球馆-18号,07:00-08:00,0,1,可预约,￥0.0,多云,24,23,3,0.0,68,39
2026-05-21 18:30:50,2026-05-22,4,羽毛球馆-18号,07:00-08:00,0,1,可预约,￥0.0,阴,24,25,2,0.0,68,40
2026-05-21 19:00:50,2026-05-22,4,羽毛球馆-18号,07:00-08:00,0,1,可预约,￥0.0,阴,23,23,3,0.0,76,40
2026-05-21 19:30:46,2026-05-22,4,羽毛球馆-18号,07:00-08:00,0,1,可预约,￥0.0,阴,23,24,2,0.0,77,39
2026-05-21 20:00:49,2026-05-22,4,羽毛球馆-18号,07:00-08:00,0,1,可预约,￥0.0,雾,22,23,2,0.0,89,39
2026-05-21 20:30:44,2026-05-22,4,羽毛球馆-18号,07:00-08:00,0,1,可预约,￥0.0,雾,22,24,2,0.0,93,43
2026-05-21 21:00:56,2026-05-22,4,羽毛球馆-18号,07:00-08:00,0,1,可预约,￥0.0,雾,20,21,2,0.0,98,43
2026-05-21 21:30:46,2026-05-22,4,羽毛球馆-18号,07:00-08:00,0,1,可预约,￥0.0,雾,20,22,1,0.0,99,41
2026-05-21 22:01:02,2026-05-22,4,羽毛球馆-18号,07:00-08:00,0,1,可预约,￥0.0,雾,19,20,2,0.0,93,41
2026-05-21 22:30:47,2026-05-22,4,羽毛球馆-18号,07:00-08:00,0,1,可预约,￥0.0,雾,19,19,3,0.0,88,46
2026-05-21 23:00:56,2026-05-22,4,羽毛球馆-18号,07:00-08:00,0,1,可预约,￥0.0,多云,18,17,3,0.0,85,46
2026-05-21 23:30:55,2026-05-22,4,羽毛球馆-18号,07:00-08:00,0,1,可预约,￥0.0,多云,18,17,3,0.0,85,48
2026-05-21 08:00:45,2026-05-22,4,羽毛球馆-18号,08:00-09:00,0,1,可预约,￥0.0,晴,17,12,5,0.0,86,29
2026-05-21 08:02:30,2026-05-22,4,羽毛球馆-18号,08:00-09:00,0,1,可预约,￥0.0,多云,17,12,5,0.0,87,29
2026-05-21 08:05:36,2026-05-22,4,羽毛球馆-18号,08:00-09:00,0,1,可预约,￥0.0,多云,17,12,5,0.0,86,29
2026-05-21 08:08:31,2026-05-22,4,羽毛球馆-18号,08:00-09:00,0,1,可预约,￥0.0,多云,17,12,5,0.0,86,29
2026-05-21 08:11:30,2026-05-22,4,羽毛球馆-18号,08:00-09:00,0,1,可预约,￥0.0,多云,17,12,5,0.0,86,29
2026-05-21 08:14:31,2026-05-22,4,羽毛球馆-18号,08:00-09:00,0,1,可预约,￥0.0,多云,17,12,5,0.0,86,29
2026-05-21 08:17:30,2026-05-22,4,羽毛球馆-18号,08:00-09:00,0,1,可预约,￥0.0,多云,17,12,5,0.0,86,29
2026-05-21 08:20:35,2026-05-22,4,羽毛球馆-18号,08:00-09:00,0,1,可预约,￥0.0,多云,17,14,4,0.0,85,29
2026-05-21 08:25:32,2026-05-22,4,羽毛球馆-18号,08:00-09:00,0,1,可预约,￥0.0,多云,17,14,4,0.0,85,28
2026-05-21 08:30:42,2026-05-22,4,羽毛球馆-18号,08:00-09:00,0,1,可预约,￥0.0,多云,18,15,4,0.0,84,28
2026-05-21 08:35:31,2026-05-22,4,羽毛球馆-18号,08:00-09:00,0,1,可预约,￥0.0,多云,18,15,4,0.0,84,28
2026-05-21 08:40:38,2026-05-22,4,羽毛球馆-18号,08:00-09:00,0,1,可预约,￥0.0,多云,18,15,4,0.0,82,28
2026-05-21 08:45:33,2026-05-22,4,羽毛球馆-18号,08:00-09:00,0,1,可预约,￥0.0,多云,18,15,4,0.0,82,28
2026-05-21 08:50:36,2026-05-22,4,羽毛球馆-18号,08:00-09:00,0,1,可预约,￥0.0,多云,18,15,4,0.0,82,28
2026-05-21 08:55:34,2026-05-22,4,羽毛球馆-18号,08:00-09:00,0,1,可预约,￥0.0,多云,18,15,4,0.0,84,28
2026-05-21 09:00:51,2026-05-22,4,羽毛球馆-18号,08:00-09:00,0,1,可预约,￥0.0,多云,18,15,4,0.0,84,28
2026-05-21 09:01:59,2026-05-22,4,羽毛球馆-18号,08:00-09:00,0,1,可预约,￥0.0,多云,18,15,4,0.0,83,28
2026-05-21 09:05:33,2026-05-22,4,羽毛球馆-18号,08:00-09:00,0,1,可预约,￥0.0,多云,18,15,4,0.0,83,28
2026-05-21 09:20:38,2026-05-22,4,羽毛球馆-18号,08:00-09:00,0,1,可预约,￥0.0,多云,18,16,3,0.0,81,28
2026-05-21 09:30:46,2026-05-22,4,羽毛球馆-18号,08:00-09:00,0,1,可预约,￥0.0,多云,18,16,3,0.0,81,32
2026-05-21 09:40:36,2026-05-22,4,羽毛球馆-18号,08:00-09:00,0,1,可预约,￥0.0,多云,19,17,3,0.0,79,32
2026-05-21 09:50:42,2026-05-22,4,羽毛球馆-18号,08:00-09:00,0,1,可预约,￥0.0,多云,19,17,4,0.0,81,32
2026-05-21 10:00:46,2026-05-22,4,羽毛球馆-18号,08:00-09:00,0,1,可预约,￥0.0,多云,19,17,4,0.0,79,32
2026-05-21 10:10:40,2026-05-22,4,羽毛球馆-18号,08:00-09:00,0,1,可预约,￥0.0,多云,19,17,4,0.0,79,32
2026-05-21 10:20:38,2026-05-22,4,羽毛球馆-18号,08:00-09:00,0,1,可预约,￥0.0,多云,19,17,4,0.0,79,32
2026-05-21 10:30:41,2026-05-22,4,羽毛球馆-18号,08:00-09:00,0,1,可预约,￥0.0,多云,19,18,3,0.0,78,31
2026-05-21 11:00:44,2026-05-22,4,羽毛球馆-18号,08:00-09:00,0,1,可预约,￥0.0,多云,21,17,5,0.0,74,31
2026-05-21 11:30:38,2026-05-22,4,羽毛球馆-18号,08:00-09:00,0,1,可预约,￥0.0,多云,21,19,3,0.0,72,33
2026-05-21 12:00:46,2026-05-22,4,羽毛球馆-18号,08:00-09:00,0,1,可预约,￥0.0,多云,22,19,4,0.0,70,33
2026-05-21 12:30:42,2026-05-22,4,羽毛球馆-18号,08:00-09:00,0,1,可预约,￥0.0,多云,22,21,3,0.0,68,35
2026-05-21 13:00:43,2026-05-22,4,羽毛球馆-18号,08:00-09:00,0,1,可预约,￥0.0,多云,24,22,4,0.0,66,35
2026-05-21 13:30:43,2026-05-22,4,羽毛球馆-18号,08:00-09:00,0,1,可预约,￥0.0,多云,24,22,4,0.0,66,36
2026-05-21 14:00:48,2026-05-22,4,羽毛球馆-18号,08:00-09:00,0,1,可预约,￥0.0,多云,25,23,4,0.0,66,36
2026-05-21 14:30:45,2026-05-22,4,羽毛球馆-18号,08:00-09:00,0,1,可预约,￥0.0,晴,25,25,3,0.0,65,39
2026-05-21 15:00:45,2026-05-22,4,羽毛球馆-18号,08:00-09:00,0,1,可预约,￥0.0,晴,25,22,4,0.0,56,39
2026-05-21 15:30:43,2026-05-22,4,羽毛球馆-18号,08:00-09:00,0,1,可预约,￥0.0,晴,25,23,4,0.0,57,40
2026-05-21 16:00:51,2026-05-22,4,羽毛球馆-18号,08:00-09:00,0,1,可预约,￥0.0,晴,25,23,4,0.0,57,40
2026-05-21 16:30:48,2026-05-22,4,羽毛球馆-18号,08:00-09:00,0,1,可预约,￥0.0,晴,25,24,3,0.0,60,39
2026-05-21 17:00:49,2026-05-22,4,羽毛球馆-18号,08:00-09:00,0,1,可预约,￥0.0,晴,25,24,4,0.0,61,39
2026-05-21 17:30:47,2026-05-22,4,羽毛球馆-18号,08:00-09:00,0,1,可预约,￥0.0,多云,24,23,3,0.0,64,39
2026-05-21 18:00:50,2026-05-22,4,羽毛球馆-18号,08:00-09:00,0,1,可预约,￥0.0,多云,24,23,3,0.0,68,39
2026-05-21 18:30:50,2026-05-22,4,羽毛球馆-18号,08:00-09:00,0,1,可预约,￥0.0,阴,24,25,2,0.0,68,40
2026-05-21 19:00:50,2026-05-22,4,羽毛球馆-18号,08:00-09:00,0,1,可预约,￥0.0,阴,23,23,3,0.0,76,40
2026-05-21 19:30:46,2026-05-22,4,羽毛球馆-18号,08:00-09:00,0,1,可预约,￥0.0,阴,23,24,2,0.0,77,39
2026-05-21 20:00:49,2026-05-22,4,羽毛球馆-18号,08:00-09:00,0,1,可预约,￥0.0,雾,22,23,2,0.0,89,39
2026-05-21 20:30:44,2026-05-22,4,羽毛球馆-18号,08:00-09:00,0,1,可预约,￥0.0,雾,22,24,2,0.0,93,43
2026-05-21 21:00:56,2026-05-22,4,羽毛球馆-18号,08:00-09:00,0,1,可预约,￥0.0,雾,20,21,2,0.0,98,43
2026-05-21 21:30:46,2026-05-22,4,羽毛球馆-18号,08:00-09:00,0,1,可预约,￥0.0,雾,20,22,1,0.0,99,41
2026-05-21 22:01:02,2026-05-22,4,羽毛球馆-18号,08:00-09:00,0,1,可预约,￥0.0,雾,19,20,2,0.0,93,41
2026-05-21 22:30:47,2026-05-22,4,羽毛球馆-18号,08:00-09:00,0,1,可预约,￥0.0,雾,19,19,3,0.0,88,46
2026-05-21 23:00:56,2026-05-22,4,羽毛球馆-18号,08:00-09:00,0,1,可预约,￥0.0,多云,18,17,3,0.0,85,46
2026-05-21 23:30:55,2026-05-22,4,羽毛球馆-18号,08:00-09:00,0,1,可预约,￥0.0,多云,18,17,3,0.0,85,48
2026-05-21 08:00:45,2026-05-22,4,羽毛球馆-18号,09:00-10:00,0,1,可预约,￥12.0,晴,17,12,5,0.0,86,29
2026-05-21 08:02:30,2026-05-22,4,羽毛球馆-18号,09:00-10:00,0,1,可预约,￥12.0,多云,17,12,5,0.0,87,29
2026-05-21 08:05:36,2026-05-22,4,羽毛球馆-18号,09:00-10:00,0,1,可预约,￥12.0,多云,17,12,5,0.0,86,29
2026-05-21 08:08:31,2026-05-22,4,羽毛球馆-18号,09:00-10:00,0,1,可预约,￥12.0,多云,17,12,5,0.0,86,29
2026-05-21 08:11:30,2026-05-22,4,羽毛球馆-18号,09:00-10:00,0,1,可预约,￥12.0,多云,17,12,5,0.0,86,29
2026-05-21 08:14:31,2026-05-22,4,羽毛球馆-18号,09:00-10:00,0,1,可预约,￥12.0,多云,17,12,5,0.0,86,29
2026-05-21 08:17:30,2026-05-22,4,羽毛球馆-18号,09:00-10:00,0,1,可预约,￥12.0,多云,17,12,5,0.0,86,29
2026-05-21 08:20:35,2026-05-22,4,羽毛球馆-18号,09:00-10:00,0,1,可预约,￥12.0,多云,17,14,4,0.0,85,29
2026-05-21 08:25:32,2026-05-22,4,羽毛球馆-18号,09:00-10:00,0,1,可预约,￥12.0,多云,17,14,4,0.0,85,28
2026-05-21 08:30:42,2026-05-22,4,羽毛球馆-18号,09:00-10:00,0,1,可预约,￥12.0,多云,18,15,4,0.0,84,28
2026-05-21 08:35:31,2026-05-22,4,羽毛球馆-18号,09:00-10:00,0,1,可预约,￥12.0,多云,18,15,4,0.0,84,28
2026-05-21 08:40:38,2026-05-22,4,羽毛球馆-18号,09:00-10:00,0,1,可预约,￥12.0,多云,18,15,4,0.0,82,28
2026-05-21 08:45:33,2026-05-22,4,羽毛球馆-18号,09:00-10:00,0,1,可预约,￥12.0,多云,18,15,4,0.0,82,28
2026-05-21 08:50:36,2026-05-22,4,羽毛球馆-18号,09:00-10:00,0,1,可预约,￥12.0,多云,18,15,4,0.0,82,28
2026-05-21 08:55:34,2026-05-22,4,羽毛球馆-18号,09:00-10:00,0,1,可预约,￥12.0,多云,18,15,4,0.0,84,28
2026-05-21 09:00:51,2026-05-22,4,羽毛球馆-18号,09:00-10:00,0,1,可预约,￥12.0,多云,18,15,4,0.0,84,28
2026-05-21 09:01:59,2026-05-22,4,羽毛球馆-18号,09:00-10:00,0,1,可预约,￥12.0,多云,18,15,4,0.0,83,28
2026-05-21 09:05:33,2026-05-22,4,羽毛球馆-18号,09:00-10:00,0,1,可预约,￥12.0,多云,18,15,4,0.0,83,28
2026-05-21 09:20:38,2026-05-22,4,羽毛球馆-18号,09:00-10:00,0,1,可预约,￥12.0,多云,18,16,3,0.0,81,28
2026-05-21 09:30:46,2026-05-22,4,羽毛球馆-18号,09:00-10:00,0,1,可预约,￥12.0,多云,18,16,3,0.0,81,32
2026-05-21 09:40:36,2026-05-22,4,羽毛球馆-18号,09:00-10:00,0,1,可预约,￥12.0,多云,19,17,3,0.0,79,32
2026-05-21 09:50:42,2026-05-22,4,羽毛球馆-18号,09:00-10:00,0,1,可预约,￥12.0,多云,19,17,4,0.0,81,32
2026-05-21 10:00:46,2026-05-22,4,羽毛球馆-18号,09:00-10:00,0,1,可预约,￥12.0,多云,19,17,4,0.0,79,32
2026-05-21 10:10:40,2026-05-22,4,羽毛球馆-18号,09:00-10:00,0,1,可预约,￥12.0,多云,19,17,4,0.0,79,32
2026-05-21 10:20:38,2026-05-22,4,羽毛球馆-18号,09:00-10:00,0,1,可预约,￥12.0,多云,19,17,4,0.0,79,32
2026-05-21 10:30:41,2026-05-22,4,羽毛球馆-18号,09:00-10:00,0,1,可预约,￥12.0,多云,19,18,3,0.0,78,31
2026-05-21 11:00:44,2026-05-22,4,羽毛球馆-18号,09:00-10:00,0,1,可预约,￥12.0,多云,21,17,5,0.0,74,31
2026-05-21 11:30:38,2026-05-22,4,羽毛球馆-18号,09:00-10:00,0,1,可预约,￥12.0,多云,21,19,3,0.0,72,33
2026-05-21 12:00:46,2026-05-22,4,羽毛球馆-18号,09:00-10:00,0,1,可预约,￥12.0,多云,22,19,4,0.0,70,33
2026-05-21 12:30:42,2026-05-22,4,羽毛球馆-18号,09:00-10:00,0,1,可预约,￥12.0,多云,22,21,3,0.0,68,35
2026-05-21 13:00:43,2026-05-22,4,羽毛球馆-18号,09:00-10:00,0,1,可预约,￥12.0,多云,24,22,4,0.0,66,35
2026-05-21 13:30:43,2026-05-22,4,羽毛球馆-18号,09:00-10:00,0,1,可预约,￥12.0,多云,24,22,4,0.0,66,36
2026-05-21 14:00:48,2026-05-22,4,羽毛球馆-18号,09:00-10:00,0,1,可预约,￥12.0,多云,25,23,4,0.0,66,36
2026-05-21 14:30:45,2026-05-22,4,羽毛球馆-18号,09:00-10:00,0,1,可预约,￥12.0,晴,25,25,3,0.0,65,39
2026-05-21 15:00:45,2026-05-22,4,羽毛球馆-18号,09:00-10:00,0,1,可预约,￥12.0,晴,25,22,4,0.0,56,39
2026-05-21 15:30:43,2026-05-22,4,羽毛球馆-18号,09:00-10:00,0,1,可预约,￥12.0,晴,25,23,4,0.0,57,40
2026-05-21 16:00:51,2026-05-22,4,羽毛球馆-18号,09:00-10:00,0,1,可预约,￥12.0,晴,25,23,4,0.0,57,40
2026-05-21 16:30:48,2026-05-22,4,羽毛球馆-18号,09:00-10:00,0,1,可预约,￥12.0,晴,25,24,3,0.0,60,39
2026-05-21 17:00:49,2026-05-22,4,羽毛球馆-18号,09:00-10:00,0,1,可预约,￥12.0,晴,25,24,4,0.0,61,39
2026-05-21 17:30:47,2026-05-22,4,羽毛球馆-18号,09:00-10:00,0,1,可预约,￥12.0,多云,24,23,3,0.0,64,39
2026-05-21 18:00:50,2026-05-22,4,羽毛球馆-18号,09:00-10:00,0,1,可预约,￥12.0,多云,24,23,3,0.0,68,39
2026-05-21 18:30:50,2026-05-22,4,羽毛球馆-18号,09:00-10:00,0,1,可预约,￥12.0,阴,24,25,2,0.0,68,40
2026-05-21 19:00:50,2026-05-22,4,羽毛球馆-18号,09:00-10:00,0,1,可预约,￥12.0,阴,23,23,3,0.0,76,40
2026-05-21 19:30:46,2026-05-22,4,羽毛球馆-18号,09:00-10:00,0,1,可预约,￥12.0,阴,23,24,2,0.0,77,39
2026-05-21 20:00:49,2026-05-22,4,羽毛球馆-18号,09:00-10:00,0,1,可预约,￥12.0,雾,22,23,2,0.0,89,39
2026-05-21 20:30:44,2026-05-22,4,羽毛球馆-18号,09:00-10:00,0,1,可预约,￥12.0,雾,22,24,2,0.0,93,43
2026-05-21 21:00:56,2026-05-22,4,羽毛球馆-18号,09:00-10:00,0,1,可预约,￥12.0,雾,20,21,2,0.0,98,43
2026-05-21 21:30:46,2026-05-22,4,羽毛球馆-18号,09:00-10:00,0,1,可预约,￥12.0,雾,20,22,1,0.0,99,41
2026-05-21 22:01:02,2026-05-22,4,羽毛球馆-18号,09:00-10:00,0,1,可预约,￥12.0,雾,19,20,2,0.0,93,41
2026-05-21 22:30:47,2026-05-22,4,羽毛球馆-18号,09:00-10:00,0,1,可预约,￥12.0,雾,19,19,3,0.0,88,46
2026-05-21 23:00:56,2026-05-22,4,羽毛球馆-18号,09:00-10:00,0,1,可预约,￥12.0,多云,18,17,3,0.0,85,46
2026-05-21 23:30:55,2026-05-22,4,羽毛球馆-18号,09:00-10:00,0,1,可预约,￥12.0,多云,18,17,3,0.0,85,48
2026-05-21 08:00:45,2026-05-22,4,羽毛球馆-18号,10:00-11:00,1,1,已售/已满,教学时间,晴,17,12,5,0.0,86,29
2026-05-21 08:02:30,2026-05-22,4,羽毛球馆-18号,10:00-11:00,1,1,已售/已满,教学时间,多云,17,12,5,0.0,87,29
2026-05-21 08:05:36,2026-05-22,4,羽毛球馆-18号,10:00-11:00,1,1,已售/已满,教学时间,多云,17,12,5,0.0,86,29
2026-05-21 08:08:31,2026-05-22,4,羽毛球馆-18号,10:00-11:00,1,1,已售/已满,教学时间,多云,17,12,5,0.0,86,29
2026-05-21 08:11:30,2026-05-22,4,羽毛球馆-18号,10:00-11:00,1,1,已售/已满,教学时间,多云,17,12,5,0.0,86,29
2026-05-21 08:14:31,2026-05-22,4,羽毛球馆-18号,10:00-11:00,1,1,已售/已满,教学时间,多云,17,12,5,0.0,86,29
2026-05-21 08:17:30,2026-05-22,4,羽毛球馆-18号,10:00-11:00,1,1,已售/已满,教学时间,多云,17,12,5,0.0,86,29
2026-05-21 08:20:35,2026-05-22,4,羽毛球馆-18号,10:00-11:00,1,1,已售/已满,教学时间,多云,17,14,4,0.0,85,29
2026-05-21 08:25:32,2026-05-22,4,羽毛球馆-18号,10:00-11:00,1,1,已售/已满,教学时间,多云,17,14,4,0.0,85,28
2026-05-21 08:30:42,2026-05-22,4,羽毛球馆-18号,10:00-11:00,1,1,已售/已满,教学时间,多云,18,15,4,0.0,84,28
2026-05-21 08:35:31,2026-05-22,4,羽毛球馆-18号,10:00-11:00,1,1,已售/已满,教学时间,多云,18,15,4,0.0,84,28
2026-05-21 08:40:38,2026-05-22,4,羽毛球馆-18号,10:00-11:00,1,1,已售/已满,教学时间,多云,18,15,4,0.0,82,28
2026-05-21 08:45:33,2026-05-22,4,羽毛球馆-18号,10:00-11:00,1,1,已售/已满,教学时间,多云,18,15,4,0.0,82,28
2026-05-21 08:50:36,2026-05-22,4,羽毛球馆-18号,10:00-11:00,1,1,已售/已满,教学时间,多云,18,15,4,0.0,82,28
2026-05-21 08:55:34,2026-05-22,4,羽毛球馆-18号,10:00-11:00,1,1,已售/已满,教学时间,多云,18,15,4,0.0,84,28
2026-05-21 09:00:51,2026-05-22,4,羽毛球馆-18号,10:00-11:00,1,1,已售/已满,教学时间,多云,18,15,4,0.0,84,28
2026-05-21 09:01:59,2026-05-22,4,羽毛球馆-18号,10:00-11:00,1,1,已售/已满,教学时间,多云,18,15,4,0.0,83,28
2026-05-21 09:05:33,2026-05-22,4,羽毛球馆-18号,10:00-11:00,1,1,已售/已满,教学时间,多云,18,15,4,0.0,83,28
2026-05-21 09:20:38,2026-05-22,4,羽毛球馆-18号,10:00-11:00,1,1,已售/已满,教学时间,多云,18,16,3,0.0,81,28
2026-05-21 09:30:46,2026-05-22,4,羽毛球馆-18号,10:00-11:00,1,1,已售/已满,教学时间,多云,18,16,3,0.0,81,32
2026-05-21 09:40:36,2026-05-22,4,羽毛球馆-18号,10:00-11:00,1,1,已售/已满,教学时间,多云,19,17,3,0.0,79,32
2026-05-21 09:50:42,2026-05-22,4,羽毛球馆-18号,10:00-11:00,1,1,已售/已满,教学时间,多云,19,17,4,0.0,81,32
2026-05-21 10:00:46,2026-05-22,4,羽毛球馆-18号,10:00-11:00,1,1,已售/已满,教学时间,多云,19,17,4,0.0,79,32
2026-05-21 10:10:40,2026-05-22,4,羽毛球馆-18号,10:00-11:00,1,1,已售/已满,教学时间,多云,19,17,4,0.0,79,32
2026-05-21 10:20:38,2026-05-22,4,羽毛球馆-18号,10:00-11:00,1,1,已售/已满,教学时间,多云,19,17,4,0.0,79,32
2026-05-21 10:30:41,2026-05-22,4,羽毛球馆-18号,10:00-11:00,1,1,已售/已满,教学时间,多云,19,18,3,0.0,78,31
2026-05-21 11:00:44,2026-05-22,4,羽毛球馆-18号,10:00-11:00,1,1,已售/已满,教学时间,多云,21,17,5,0.0,74,31
2026-05-21 11:30:38,2026-05-22,4,羽毛球馆-18号,10:00-11:00,1,1,已售/已满,教学时间,多云,21,19,3,0.0,72,33
2026-05-21 12:00:46,2026-05-22,4,羽毛球馆-18号,10:00-11:00,1,1,已售/已满,教学时间,多云,22,19,4,0.0,70,33
2026-05-21 12:30:42,2026-05-22,4,羽毛球馆-18号,10:00-11:00,1,1,已售/已满,教学时间,多云,22,21,3,0.0,68,35
2026-05-21 13:00:43,2026-05-22,4,羽毛球馆-18号,10:00-11:00,1,1,已售/已满,教学时间,多云,24,22,4,0.0,66,35
2026-05-21 13:30:43,2026-05-22,4,羽毛球馆-18号,10:00-11:00,1,1,已售/已满,教学时间,多云,24,22,4,0.0,66,36
2026-05-21 14:00:48,2026-05-22,4,羽毛球馆-18号,10:00-11:00,1,1,已售/已满,教学时间,多云,25,23,4,0.0,66,36
2026-05-21 14:30:45,2026-05-22,4,羽毛球馆-18号,10:00-11:00,1,1,已售/已满,教学时间,晴,25,25,3,0.0,65,39
2026-05-21 15:00:45,2026-05-22,4,羽毛球馆-18号,10:00-11:00,1,1,已售/已满,教学时间,晴,25,22,4,0.0,56,39
2026-05-21 15:30:43,2026-05-22,4,羽毛球馆-18号,10:00-11:00,1,1,已售/已满,教学时间,晴,25,23,4,0.0,57,40
2026-05-21 16:00:51,2026-05-22,4,羽毛球馆-18号,10:00-11:00,1,1,已售/已满,教学时间,晴,25,23,4,0.0,57,40
2026-05-21 16:30:48,2026-05-22,4,羽毛球馆-18号,10:00-11:00,1,1,已售/已满,教学时间,晴,25,24,3,0.0,60,39
2026-05-21 17:00:49,2026-05-22,4,羽毛球馆-18号,10:00-11:00,1,1,已售/已满,教学时间,晴,25,24,4,0.0,61,39
2026-05-21 17:30:47,2026-05-22,4,羽毛球馆-18号,10:00-11:00,1,1,已售/已满,教学时间,多云,24,23,3,0.0,64,39
2026-05-21 18:00:50,2026-05-22,4,羽毛球馆-18号,10:00-11:00,1,1,已售/已满,教学时间,多云,24,23,3,0.0,68,39
2026-05-21 18:30:50,2026-05-22,4,羽毛球馆-18号,10:00-11:00,1,1,已售/已满,教学时间,阴,24,25,2,0.0,68,40
2026-05-21 19:00:50,2026-05-22,4,羽毛球馆-18号,10:00-11:00,1,1,已售/已满,教学时间,阴,23,23,3,0.0,76,40
2026-05-21 19:30:46,2026-05-22,4,羽毛球馆-18号,10:00-11:00,1,1,已售/已满,教学时间,阴,23,24,2,0.0,77,39
2026-05-21 20:00:49,2026-05-22,4,羽毛球馆-18号,10:00-11:00,1,1,已售/已满,教学时间,雾,22,23,2,0.0,89,39
2026-05-21 20:30:44,2026-05-22,4,羽毛球馆-18号,10:00-11:00,1,1,已售/已满,教学时间,雾,22,24,2,0.0,93,43
2026-05-21 21:00:56,2026-05-22,4,羽毛球馆-18号,10:00-11:00,1,1,已售/已满,教学时间,雾,20,21,2,0.0,98,43
2026-05-21 21:30:46,2026-05-22,4,羽毛球馆-18号,10:00-11:00,1,1,已售/已满,教学时间,雾,20,22,1,0.0,99,41
2026-05-21 22:01:02,2026-05-22,4,羽毛球馆-18号,10:00-11:00,1,1,已售/已满,教学时间,雾,19,20,2,0.0,93,41
2026-05-21 22:30:47,2026-05-22,4,羽毛球馆-18号,10:00-11:00,1,1,已售/已满,教学时间,雾,19,19,3,0.0,88,46
2026-05-21 23:00:56,2026-05-22,4,羽毛球馆-18号,10:00-11:00,1,1,已售/已满,教学时间,多云,18,17,3,0.0,85,46
2026-05-21 23:30:55,2026-05-22,4,羽毛球馆-18号,10:00-11:00,1,1,已售/已满,教学时间,多云,18,17,3,0.0,85,48
2026-05-21 08:00:45,2026-05-22,4,羽毛球馆-18号,11:00-12:00,1,1,已售/已满,教学时间,晴,17,12,5,0.0,86,29
2026-05-21 08:02:30,2026-05-22,4,羽毛球馆-18号,11:00-12:00,1,1,已售/已满,教学时间,多云,17,12,5,0.0,87,29
2026-05-21 08:05:36,2026-05-22,4,羽毛球馆-18号,11:00-12:00,1,1,已售/已满,教学时间,多云,17,12,5,0.0,86,29
2026-05-21 08:08:31,2026-05-22,4,羽毛球馆-18号,11:00-12:00,1,1,已售/已满,教学时间,多云,17,12,5,0.0,86,29
2026-05-21 08:11:30,2026-05-22,4,羽毛球馆-18号,11:00-12:00,1,1,已售/已满,教学时间,多云,17,12,5,0.0,86,29
2026-05-21 08:14:31,2026-05-22,4,羽毛球馆-18号,11:00-12:00,1,1,已售/已满,教学时间,多云,17,12,5,0.0,86,29
2026-05-21 08:17:30,2026-05-22,4,羽毛球馆-18号,11:00-12:00,1,1,已售/已满,教学时间,多云,17,12,5,0.0,86,29
2026-05-21 08:20:35,2026-05-22,4,羽毛球馆-18号,11:00-12:00,1,1,已售/已满,教学时间,多云,17,14,4,0.0,85,29
2026-05-21 08:25:32,2026-05-22,4,羽毛球馆-18号,11:00-12:00,1,1,已售/已满,教学时间,多云,17,14,4,0.0,85,28
2026-05-21 08:30:42,2026-05-22,4,羽毛球馆-18号,11:00-12:00,1,1,已售/已满,教学时间,多云,18,15,4,0.0,84,28
2026-05-21 08:35:31,2026-05-22,4,羽毛球馆-18号,11:00-12:00,1,1,已售/已满,教学时间,多云,18,15,4,0.0,84,28
2026-05-21 08:40:38,2026-05-22,4,羽毛球馆-18号,11:00-12:00,1,1,已售/已满,教学时间,多云,18,15,4,0.0,82,28
2026-05-21 08:45:33,2026-05-22,4,羽毛球馆-18号,11:00-12:00,1,1,已售/已满,教学时间,多云,18,15,4,0.0,82,28
2026-05-21 08:50:36,2026-05-22,4,羽毛球馆-18号,11:00-12:00,1,1,已售/已满,教学时间,多云,18,15,4,0.0,82,28
2026-05-21 08:55:34,2026-05-22,4,羽毛球馆-18号,11:00-12:00,1,1,已售/已满,教学时间,多云,18,15,4,0.0,84,28
2026-05-21 09:00:51,2026-05-22,4,羽毛球馆-18号,11:00-12:00,1,1,已售/已满,教学时间,多云,18,15,4,0.0,84,28
2026-05-21 09:01:59,2026-05-22,4,羽毛球馆-18号,11:00-12:00,1,1,已售/已满,教学时间,多云,18,15,4,0.0,83,28
2026-05-21 09:05:33,2026-05-22,4,羽毛球馆-18号,11:00-12:00,1,1,已售/已满,教学时间,多云,18,15,4,0.0,83,28
2026-05-21 09:20:38,2026-05-22,4,羽毛球馆-18号,11:00-12:00,1,1,已售/已满,教学时间,多云,18,16,3,0.0,81,28
2026-05-21 09:30:46,2026-05-22,4,羽毛球馆-18号,11:00-12:00,1,1,已售/已满,教学时间,多云,18,16,3,0.0,81,32
2026-05-21 09:40:36,2026-05-22,4,羽毛球馆-18号,11:00-12:00,1,1,已售/已满,教学时间,多云,19,17,3,0.0,79,32
2026-05-21 09:50:42,2026-05-22,4,羽毛球馆-18号,11:00-12:00,1,1,已售/已满,教学时间,多云,19,17,4,0.0,81,32
2026-05-21 10:00:46,2026-05-22,4,羽毛球馆-18号,11:00-12:00,1,1,已售/已满,教学时间,多云,19,17,4,0.0,79,32
2026-05-21 10:10:40,2026-05-22,4,羽毛球馆-18号,11:00-12:00,1,1,已售/已满,教学时间,多云,19,17,4,0.0,79,32
2026-05-21 10:20:38,2026-05-22,4,羽毛球馆-18号,11:00-12:00,1,1,已售/已满,教学时间,多云,19,17,4,0.0,79,32
2026-05-21 10:30:41,2026-05-22,4,羽毛球馆-18号,11:00-12:00,1,1,已售/已满,教学时间,多云,19,18,3,0.0,78,31
2026-05-21 11:00:44,2026-05-22,4,羽毛球馆-18号,11:00-12:00,1,1,已售/已满,教学时间,多云,21,17,5,0.0,74,31
2026-05-21 11:30:38,2026-05-22,4,羽毛球馆-18号,11:00-12:00,1,1,已售/已满,教学时间,多云,21,19,3,0.0,72,33
2026-05-21 12:00:46,2026-05-22,4,羽毛球馆-18号,11:00-12:00,1,1,已售/已满,教学时间,多云,22,19,4,0.0,70,33
2026-05-21 12:30:42,2026-05-22,4,羽毛球馆-18号,11:00-12:00,1,1,已售/已满,教学时间,多云,22,21,3,0.0,68,35
2026-05-21 13:00:43,2026-05-22,4,羽毛球馆-18号,11:00-12:00,1,1,已售/已满,教学时间,多云,24,22,4,0.0,66,35
2026-05-21 13:30:43,2026-05-22,4,羽毛球馆-18号,11:00-12:00,1,1,已售/已满,教学时间,多云,24,22,4,0.0,66,36
2026-05-21 14:00:48,2026-05-22,4,羽毛球馆-18号,11:00-12:00,1,1,已售/已满,教学时间,多云,25,23,4,0.0,66,36
2026-05-21 14:30:45,2026-05-22,4,羽毛球馆-18号,11:00-12:00,1,1,已售/已满,教学时间,晴,25,25,3,0.0,65,39
2026-05-21 15:00:45,2026-05-22,4,羽毛球馆-18号,11:00-12:00,1,1,已售/已满,教学时间,晴,25,22,4,0.0,56,39
2026-05-21 15:30:43,2026-05-22,4,羽毛球馆-18号,11:00-12:00,1,1,已售/已满,教学时间,晴,25,23,4,0.0,57,40
2026-05-21 16:00:51,2026-05-22,4,羽毛球馆-18号,11:00-12:00,1,1,已售/已满,教学时间,晴,25,23,4,0.0,57,40
2026-05-21 16:30:48,2026-05-22,4,羽毛球馆-18号,11:00-12:00,1,1,已售/已满,教学时间,晴,25,24,3,0.0,60,39
2026-05-21 17:00:49,2026-05-22,4,羽毛球馆-18号,11:00-12:00,1,1,已售/已满,教学时间,晴,25,24,4,0.0,61,39
2026-05-21 17:30:47,2026-05-22,4,羽毛球馆-18号,11:00-12:00,1,1,已售/已满,教学时间,多云,24,23,3,0.0,64,39
2026-05-21 18:00:50,2026-05-22,4,羽毛球馆-18号,11:00-12:00,1,1,已售/已满,教学时间,多云,24,23,3,0.0,68,39
2026-05-21 18:30:50,2026-05-22,4,羽毛球馆-18号,11:00-12:00,1,1,已售/已满,教学时间,阴,24,25,2,0.0,68,40
2026-05-21 19:00:50,2026-05-22,4,羽毛球馆-18号,11:00-12:00,1,1,已售/已满,教学时间,阴,23,23,3,0.0,76,40
2026-05-21 19:30:46,2026-05-22,4,羽毛球馆-18号,11:00-12:00,1,1,已售/已满,教学时间,阴,23,24,2,0.0,77,39
2026-05-21 20:00:49,2026-05-22,4,羽毛球馆-18号,11:00-12:00,1,1,已售/已满,教学时间,雾,22,23,2,0.0,89,39
2026-05-21 20:30:44,2026-05-22,4,羽毛球馆-18号,11:00-12:00,1,1,已售/已满,教学时间,雾,22,24,2,0.0,93,43
2026-05-21 21:00:56,2026-05-22,4,羽毛球馆-18号,11:00-12:00,1,1,已售/已满,教学时间,雾,20,21,2,0.0,98,43
2026-05-21 21:30:46,2026-05-22,4,羽毛球馆-18号,11:00-12:00,1,1,已售/已满,教学时间,雾,20,22,1,0.0,99,41
2026-05-21 22:01:02,2026-05-22,4,羽毛球馆-18号,11:00-12:00,1,1,已售/已满,教学时间,雾,19,20,2,0.0,93,41
2026-05-21 22:30:47,2026-05-22,4,羽毛球馆-18号,11:00-12:00,1,1,已售/已满,教学时间,雾,19,19,3,0.0,88,46
2026-05-21 23:00:56,2026-05-22,4,羽毛球馆-18号,11:00-12:00,1,1,已售/已满,教学时间,多云,18,17,3,0.0,85,46
2026-05-21 23:30:55,2026-05-22,4,羽毛球馆-18号,11:00-12:00,1,1,已售/已满,教学时间,多云,18,17,3,0.0,85,48
2026-05-21 08:00:45,2026-05-22,4,羽毛球馆-18号,12:00-12:55,1,1,已售/已满,已售,晴,17,12,5,0.0,86,29
2026-05-21 08:02:30,2026-05-22,4,羽毛球馆-18号,12:00-12:55,1,1,已售/已满,已售,多云,17,12,5,0.0,87,29
2026-05-21 08:05:36,2026-05-22,4,羽毛球馆-18号,12:00-12:55,1,1,已售/已满,已售,多云,17,12,5,0.0,86,29
2026-05-21 08:08:31,2026-05-22,4,羽毛球馆-18号,12:00-12:55,1,1,已售/已满,已售,多云,17,12,5,0.0,86,29
2026-05-21 08:11:30,2026-05-22,4,羽毛球馆-18号,12:00-12:55,1,1,已售/已满,已售,多云,17,12,5,0.0,86,29
2026-05-21 08:14:31,2026-05-22,4,羽毛球馆-18号,12:00-12:55,1,1,已售/已满,已售,多云,17,12,5,0.0,86,29
2026-05-21 08:17:30,2026-05-22,4,羽毛球馆-18号,12:00-12:55,1,1,已售/已满,已售,多云,17,12,5,0.0,86,29
2026-05-21 08:20:35,2026-05-22,4,羽毛球馆-18号,12:00-12:55,1,1,已售/已满,已售,多云,17,14,4,0.0,85,29
2026-05-21 08:25:32,2026-05-22,4,羽毛球馆-18号,12:00-12:55,1,1,已售/已满,已售,多云,17,14,4,0.0,85,28
2026-05-21 08:30:42,2026-05-22,4,羽毛球馆-18号,12:00-12:55,1,1,已售/已满,已售,多云,18,15,4,0.0,84,28
2026-05-21 08:35:31,2026-05-22,4,羽毛球馆-18号,12:00-12:55,1,1,已售/已满,已售,多云,18,15,4,0.0,84,28
2026-05-21 08:40:38,2026-05-22,4,羽毛球馆-18号,12:00-12:55,1,1,已售/已满,已售,多云,18,15,4,0.0,82,28
2026-05-21 08:45:33,2026-05-22,4,羽毛球馆-18号,12:00-12:55,1,1,已售/已满,已售,多云,18,15,4,0.0,82,28
2026-05-21 08:50:36,2026-05-22,4,羽毛球馆-18号,12:00-12:55,1,1,已售/已满,已售,多云,18,15,4,0.0,82,28
2026-05-21 08:55:34,2026-05-22,4,羽毛球馆-18号,12:00-12:55,1,1,已售/已满,已售,多云,18,15,4,0.0,84,28
2026-05-21 09:00:51,2026-05-22,4,羽毛球馆-18号,12:00-12:55,1,1,已售/已满,已售,多云,18,15,4,0.0,84,28
2026-05-21 09:01:59,2026-05-22,4,羽毛球馆-18号,12:00-12:55,1,1,已售/已满,已售,多云,18,15,4,0.0,83,28
2026-05-21 09:05:33,2026-05-22,4,羽毛球馆-18号,12:00-12:55,1,1,已售/已满,已售,多云,18,15,4,0.0,83,28
2026-05-21 09:20:38,2026-05-22,4,羽毛球馆-18号,12:00-12:55,1,1,已售/已满,已售,多云,18,16,3,0.0,81,28
2026-05-21 09:30:46,2026-05-22,4,羽毛球馆-18号,12:00-12:55,1,1,已售/已满,已售,多云,18,16,3,0.0,81,32
2026-05-21 09:40:36,2026-05-22,4,羽毛球馆-18号,12:00-12:55,1,1,已售/已满,已售,多云,19,17,3,0.0,79,32
2026-05-21 09:50:42,2026-05-22,4,羽毛球馆-18号,12:00-12:55,1,1,已售/已满,已售,多云,19,17,4,0.0,81,32
2026-05-21 10:00:46,2026-05-22,4,羽毛球馆-18号,12:00-12:55,1,1,已售/已满,已售,多云,19,17,4,0.0,79,32
2026-05-21 10:10:40,2026-05-22,4,羽毛球馆-18号,12:00-12:55,1,1,已售/已满,已售,多云,19,17,4,0.0,79,32
2026-05-21 10:20:38,2026-05-22,4,羽毛球馆-18号,12:00-12:55,1,1,已售/已满,已售,多云,19,17,4,0.0,79,32
2026-05-21 10:30:41,2026-05-22,4,羽毛球馆-18号,12:00-12:55,1,1,已售/已满,已售,多云,19,18,3,0.0,78,31
2026-05-21 11:00:44,2026-05-22,4,羽毛球馆-18号,12:00-12:55,1,1,已售/已满,已售,多云,21,17,5,0.0,74,31
2026-05-21 11:30:38,2026-05-22,4,羽毛球馆-18号,12:00-12:55,1,1,已售/已满,已售,多云,21,19,3,0.0,72,33
2026-05-21 12:00:46,2026-05-22,4,羽毛球馆-18号,12:00-12:55,1,1,已售/已满,已售,多云,22,19,4,0.0,70,33
2026-05-21 12:30:42,2026-05-22,4,羽毛球馆-18号,12:00-12:55,1,1,已售/已满,已售,多云,22,21,3,0.0,68,35
2026-05-21 13:00:43,2026-05-22,4,羽毛球馆-18号,12:00-12:55,1,1,已售/已满,已售,多云,24,22,4,0.0,66,35
2026-05-21 13:30:43,2026-05-22,4,羽毛球馆-18号,12:00-12:55,1,1,已售/已满,已售,多云,24,22,4,0.0,66,36
2026-05-21 14:00:48,2026-05-22,4,羽毛球馆-18号,12:00-12:55,1,1,已售/已满,已售,多云,25,23,4,0.0,66,36
2026-05-21 14:30:45,2026-05-22,4,羽毛球馆-18号,12:00-12:55,1,1,已售/已满,已售,晴,25,25,3,0.0,65,39
2026-05-21 15:00:45,2026-05-22,4,羽毛球馆-18号,12:00-12:55,1,1,已售/已满,已售,晴,25,22,4,0.0,56,39
2026-05-21 15:30:43,2026-05-22,4,羽毛球馆-18号,12:00-12:55,1,1,已售/已满,已售,晴,25,23,4,0.0,57,40
2026-05-21 16:00:51,2026-05-22,4,羽毛球馆-18号,12:00-12:55,1,1,已售/已满,已售,晴,25,23,4,0.0,57,40
2026-05-21 16:30:48,2026-05-22,4,羽毛球馆-18号,12:00-12:55,1,1,已售/已满,已售,晴,25,24,3,0.0,60,39
2026-05-21 17:00:49,2026-05-22,4,羽毛球馆-18号,12:00-12:55,1,1,已售/已满,已售,晴,25,24,4,0.0,61,39
2026-05-21 17:30:47,2026-05-22,4,羽毛球馆-18号,12:00-12:55,1,1,已售/已满,已售,多云,24,23,3,0.0,64,39
2026-05-21 18:00:50,2026-05-22,4,羽毛球馆-18号,12:00-12:55,1,1,已售/已满,已售,多云,24,23,3,0.0,68,39
2026-05-21 18:30:50,2026-05-22,4,羽毛球馆-18号,12:00-12:55,1,1,已售/已满,已售,阴,24,25,2,0.0,68,40
2026-05-21 19:00:50,2026-05-22,4,羽毛球馆-18号,12:00-12:55,1,1,已售/已满,已售,阴,23,23,3,0.0,76,40
2026-05-21 19:30:46,2026-05-22,4,羽毛球馆-18号,12:00-12:55,1,1,已售/已满,已售,阴,23,24,2,0.0,77,39
2026-05-21 20:00:49,2026-05-22,4,羽毛球馆-18号,12:00-12:55,1,1,已售/已满,已售,雾,22,23,2,0.0,89,39
2026-05-21 20:30:44,2026-05-22,4,羽毛球馆-18号,12:00-12:55,1,1,已售/已满,已售,雾,22,24,2,0.0,93,43
2026-05-21 21:00:56,2026-05-22,4,羽毛球馆-18号,12:00-12:55,1,1,已售/已满,已售,雾,20,21,2,0.0,98,43
2026-05-21 21:30:46,2026-05-22,4,羽毛球馆-18号,12:00-12:55,1,1,已售/已满,已售,雾,20,22,1,0.0,99,41
2026-05-21 22:01:02,2026-05-22,4,羽毛球馆-18号,12:00-12:55,1,1,已售/已满,已售,雾,19,20,2,0.0,93,41
2026-05-21 22:30:47,2026-05-22,4,羽毛球馆-18号,12:00-12:55,1,1,已售/已满,已售,雾,19,19,3,0.0,88,46
2026-05-21 23:00:56,2026-05-22,4,羽毛球馆-18号,12:00-12:55,1,1,已售/已满,已售,多云,18,17,3,0.0,85,46
2026-05-21 23:30:55,2026-05-22,4,羽毛球馆-18号,12:00-12:55,1,1,已售/已满,已售,多云,18,17,3,0.0,85,48
2026-05-21 08:00:45,2026-05-22,4,羽毛球馆-18号,12:55-13:50,1,1,已售/已满,已售,晴,17,12,5,0.0,86,29
2026-05-21 08:02:30,2026-05-22,4,羽毛球馆-18号,12:55-13:50,1,1,已售/已满,已售,多云,17,12,5,0.0,87,29
2026-05-21 08:05:36,2026-05-22,4,羽毛球馆-18号,12:55-13:50,1,1,已售/已满,已售,多云,17,12,5,0.0,86,29
2026-05-21 08:08:31,2026-05-22,4,羽毛球馆-18号,12:55-13:50,1,1,已售/已满,已售,多云,17,12,5,0.0,86,29
2026-05-21 08:11:30,2026-05-22,4,羽毛球馆-18号,12:55-13:50,1,1,已售/已满,已售,多云,17,12,5,0.0,86,29
2026-05-21 08:14:31,2026-05-22,4,羽毛球馆-18号,12:55-13:50,1,1,已售/已满,已售,多云,17,12,5,0.0,86,29
2026-05-21 08:17:30,2026-05-22,4,羽毛球馆-18号,12:55-13:50,1,1,已售/已满,已售,多云,17,12,5,0.0,86,29
2026-05-21 08:20:35,2026-05-22,4,羽毛球馆-18号,12:55-13:50,1,1,已售/已满,已售,多云,17,14,4,0.0,85,29
2026-05-21 08:25:32,2026-05-22,4,羽毛球馆-18号,12:55-13:50,1,1,已售/已满,已售,多云,17,14,4,0.0,85,28
2026-05-21 08:30:42,2026-05-22,4,羽毛球馆-18号,12:55-13:50,1,1,已售/已满,已售,多云,18,15,4,0.0,84,28
2026-05-21 08:35:31,2026-05-22,4,羽毛球馆-18号,12:55-13:50,1,1,已售/已满,已售,多云,18,15,4,0.0,84,28
2026-05-21 08:40:38,2026-05-22,4,羽毛球馆-18号,12:55-13:50,1,1,已售/已满,已售,多云,18,15,4,0.0,82,28
2026-05-21 08:45:33,2026-05-22,4,羽毛球馆-18号,12:55-13:50,1,1,已售/已满,已售,多云,18,15,4,0.0,82,28
2026-05-21 08:50:36,2026-05-22,4,羽毛球馆-18号,12:55-13:50,1,1,已售/已满,已售,多云,18,15,4,0.0,82,28
2026-05-21 08:55:34,2026-05-22,4,羽毛球馆-18号,12:55-13:50,1,1,已售/已满,已售,多云,18,15,4,0.0,84,28
2026-05-21 09:00:51,2026-05-22,4,羽毛球馆-18号,12:55-13:50,1,1,已售/已满,已售,多云,18,15,4,0.0,84,28
2026-05-21 09:01:59,2026-05-22,4,羽毛球馆-18号,12:55-13:50,1,1,已售/已满,已售,多云,18,15,4,0.0,83,28
2026-05-21 09:05:33,2026-05-22,4,羽毛球馆-18号,12:55-13:50,1,1,已售/已满,已售,多云,18,15,4,0.0,83,28
2026-05-21 09:20:38,2026-05-22,4,羽毛球馆-18号,12:55-13:50,1,1,已售/已满,已售,多云,18,16,3,0.0,81,28
2026-05-21 09:30:46,2026-05-22,4,羽毛球馆-18号,12:55-13:50,1,1,已售/已满,已售,多云,18,16,3,0.0,81,32
2026-05-21 09:40:36,2026-05-22,4,羽毛球馆-18号,12:55-13:50,1,1,已售/已满,已售,多云,19,17,3,0.0,79,32
2026-05-21 09:50:42,2026-05-22,4,羽毛球馆-18号,12:55-13:50,1,1,已售/已满,已售,多云,19,17,4,0.0,81,32
2026-05-21 10:00:46,2026-05-22,4,羽毛球馆-18号,12:55-13:50,1,1,已售/已满,已售,多云,19,17,4,0.0,79,32
2026-05-21 10:10:40,2026-05-22,4,羽毛球馆-18号,12:55-13:50,1,1,已售/已满,已售,多云,19,17,4,0.0,79,32
2026-05-21 10:20:38,2026-05-22,4,羽毛球馆-18号,12:55-13:50,1,1,已售/已满,已售,多云,19,17,4,0.0,79,32
2026-05-21 10:30:41,2026-05-22,4,羽毛球馆-18号,12:55-13:50,1,1,已售/已满,已售,多云,19,18,3,0.0,78,31
2026-05-21 11:00:44,2026-05-22,4,羽毛球馆-18号,12:55-13:50,1,1,已售/已满,已售,多云,21,17,5,0.0,74,31
2026-05-21 11:30:38,2026-05-22,4,羽毛球馆-18号,12:55-13:50,1,1,已售/已满,已售,多云,21,19,3,0.0,72,33
2026-05-21 12:00:46,2026-05-22,4,羽毛球馆-18号,12:55-13:50,1,1,已售/已满,已售,多云,22,19,4,0.0,70,33
2026-05-21 12:30:42,2026-05-22,4,羽毛球馆-18号,12:55-13:50,1,1,已售/已满,已售,多云,22,21,3,0.0,68,35
2026-05-21 13:00:43,2026-05-22,4,羽毛球馆-18号,12:55-13:50,1,1,已售/已满,已售,多云,24,22,4,0.0,66,35
2026-05-21 13:30:43,2026-05-22,4,羽毛球馆-18号,12:55-13:50,1,1,已售/已满,已售,多云,24,22,4,0.0,66,36
2026-05-21 14:00:48,2026-05-22,4,羽毛球馆-18号,12:55-13:50,1,1,已售/已满,已售,多云,25,23,4,0.0,66,36
2026-05-21 14:30:45,2026-05-22,4,羽毛球馆-18号,12:55-13:50,1,1,已售/已满,已售,晴,25,25,3,0.0,65,39
2026-05-21 15:00:45,2026-05-22,4,羽毛球馆-18号,12:55-13:50,1,1,已售/已满,已售,晴,25,22,4,0.0,56,39
2026-05-21 15:30:43,2026-05-22,4,羽毛球馆-18号,12:55-13:50,1,1,已售/已满,已售,晴,25,23,4,0.0,57,40
2026-05-21 16:00:51,2026-05-22,4,羽毛球馆-18号,12:55-13:50,1,1,已售/已满,已售,晴,25,23,4,0.0,57,40
2026-05-21 16:30:48,2026-05-22,4,羽毛球馆-18号,12:55-13:50,1,1,已售/已满,已售,晴,25,24,3,0.0,60,39
2026-05-21 17:00:49,2026-05-22,4,羽毛球馆-18号,12:55-13:50,1,1,已售/已满,已售,晴,25,24,4,0.0,61,39
2026-05-21 17:30:47,2026-05-22,4,羽毛球馆-18号,12:55-13:50,1,1,已售/已满,已售,多云,24,23,3,0.0,64,39
2026-05-21 18:00:50,2026-05-22,4,羽毛球馆-18号,12:55-13:50,1,1,已售/已满,已售,多云,24,23,3,0.0,68,39
2026-05-21 18:30:50,2026-05-22,4,羽毛球馆-18号,12:55-13:50,1,1,已售/已满,已售,阴,24,25,2,0.0,68,40
2026-05-21 19:00:50,2026-05-22,4,羽毛球馆-18号,12:55-13:50,1,1,已售/已满,已售,阴,23,23,3,0.0,76,40
2026-05-21 19:30:46,2026-05-22,4,羽毛球馆-18号,12:55-13:50,1,1,已售/已满,已售,阴,23,24,2,0.0,77,39
2026-05-21 20:00:49,2026-05-22,4,羽毛球馆-18号,12:55-13:50,1,1,已售/已满,已售,雾,22,23,2,0.0,89,39
2026-05-21 20:30:44,2026-05-22,4,羽毛球馆-18号,12:55-13:50,1,1,已售/已满,已售,雾,22,24,2,0.0,93,43
2026-05-21 21:00:56,2026-05-22,4,羽毛球馆-18号,12:55-13:50,1,1,已售/已满,已售,雾,20,21,2,0.0,98,43
2026-05-21 21:30:46,2026-05-22,4,羽毛球馆-18号,12:55-13:50,1,1,已售/已满,已售,雾,20,22,1,0.0,99,41
2026-05-21 22:01:02,2026-05-22,4,羽毛球馆-18号,12:55-13:50,1,1,已售/已满,已售,雾,19,20,2,0.0,93,41
2026-05-21 22:30:47,2026-05-22,4,羽毛球馆-18号,12:55-13:50,1,1,已售/已满,已售,雾,19,19,3,0.0,88,46
2026-05-21 23:00:56,2026-05-22,4,羽毛球馆-18号,12:55-13:50,1,1,已售/已满,已售,多云,18,17,3,0.0,85,46
2026-05-21 23:30:55,2026-05-22,4,羽毛球馆-18号,12:55-13:50,1,1,已售/已满,已售,多云,18,17,3,0.0,85,48
2026-05-21 08:00:45,2026-05-22,4,羽毛球馆-18号,14:00-15:00,1,1,已售/已满,教学时间,晴,17,12,5,0.0,86,29
2026-05-21 08:02:30,2026-05-22,4,羽毛球馆-18号,14:00-15:00,1,1,已售/已满,教学时间,多云,17,12,5,0.0,87,29
2026-05-21 08:05:36,2026-05-22,4,羽毛球馆-18号,14:00-15:00,1,1,已售/已满,教学时间,多云,17,12,5,0.0,86,29
2026-05-21 08:08:31,2026-05-22,4,羽毛球馆-18号,14:00-15:00,1,1,已售/已满,教学时间,多云,17,12,5,0.0,86,29
2026-05-21 08:11:30,2026-05-22,4,羽毛球馆-18号,14:00-15:00,1,1,已售/已满,教学时间,多云,17,12,5,0.0,86,29
2026-05-21 08:14:31,2026-05-22,4,羽毛球馆-18号,14:00-15:00,1,1,已售/已满,教学时间,多云,17,12,5,0.0,86,29
2026-05-21 08:17:30,2026-05-22,4,羽毛球馆-18号,14:00-15:00,1,1,已售/已满,教学时间,多云,17,12,5,0.0,86,29
2026-05-21 08:20:35,2026-05-22,4,羽毛球馆-18号,14:00-15:00,1,1,已售/已满,教学时间,多云,17,14,4,0.0,85,29
2026-05-21 08:25:32,2026-05-22,4,羽毛球馆-18号,14:00-15:00,1,1,已售/已满,教学时间,多云,17,14,4,0.0,85,28
2026-05-21 08:30:42,2026-05-22,4,羽毛球馆-18号,14:00-15:00,1,1,已售/已满,教学时间,多云,18,15,4,0.0,84,28
2026-05-21 08:35:31,2026-05-22,4,羽毛球馆-18号,14:00-15:00,1,1,已售/已满,教学时间,多云,18,15,4,0.0,84,28
2026-05-21 08:40:38,2026-05-22,4,羽毛球馆-18号,14:00-15:00,1,1,已售/已满,教学时间,多云,18,15,4,0.0,82,28
2026-05-21 08:45:33,2026-05-22,4,羽毛球馆-18号,14:00-15:00,1,1,已售/已满,教学时间,多云,18,15,4,0.0,82,28
2026-05-21 08:50:36,2026-05-22,4,羽毛球馆-18号,14:00-15:00,1,1,已售/已满,教学时间,多云,18,15,4,0.0,82,28
2026-05-21 08:55:34,2026-05-22,4,羽毛球馆-18号,14:00-15:00,1,1,已售/已满,教学时间,多云,18,15,4,0.0,84,28
2026-05-21 09:00:51,2026-05-22,4,羽毛球馆-18号,14:00-15:00,1,1,已售/已满,教学时间,多云,18,15,4,0.0,84,28
2026-05-21 09:01:59,2026-05-22,4,羽毛球馆-18号,14:00-15:00,1,1,已售/已满,教学时间,多云,18,15,4,0.0,83,28
2026-05-21 09:05:33,2026-05-22,4,羽毛球馆-18号,14:00-15:00,1,1,已售/已满,教学时间,多云,18,15,4,0.0,83,28
2026-05-21 09:20:38,2026-05-22,4,羽毛球馆-18号,14:00-15:00,1,1,已售/已满,教学时间,多云,18,16,3,0.0,81,28
2026-05-21 09:30:46,2026-05-22,4,羽毛球馆-18号,14:00-15:00,1,1,已售/已满,教学时间,多云,18,16,3,0.0,81,32
2026-05-21 09:40:36,2026-05-22,4,羽毛球馆-18号,14:00-15:00,1,1,已售/已满,教学时间,多云,19,17,3,0.0,79,32
2026-05-21 09:50:42,2026-05-22,4,羽毛球馆-18号,14:00-15:00,1,1,已售/已满,教学时间,多云,19,17,4,0.0,81,32
2026-05-21 10:00:46,2026-05-22,4,羽毛球馆-18号,14:00-15:00,1,1,已售/已满,教学时间,多云,19,17,4,0.0,79,32
2026-05-21 10:10:40,2026-05-22,4,羽毛球馆-18号,14:00-15:00,1,1,已售/已满,教学时间,多云,19,17,4,0.0,79,32
2026-05-21 10:20:38,2026-05-22,4,羽毛球馆-18号,14:00-15:00,1,1,已售/已满,教学时间,多云,19,17,4,0.0,79,32
2026-05-21 10:30:41,2026-05-22,4,羽毛球馆-18号,14:00-15:00,1,1,已售/已满,教学时间,多云,19,18,3,0.0,78,31
2026-05-21 11:00:44,2026-05-22,4,羽毛球馆-18号,14:00-15:00,1,1,已售/已满,教学时间,多云,21,17,5,0.0,74,31
2026-05-21 11:30:38,2026-05-22,4,羽毛球馆-18号,14:00-15:00,1,1,已售/已满,教学时间,多云,21,19,3,0.0,72,33
2026-05-21 12:00:46,2026-05-22,4,羽毛球馆-18号,14:00-15:00,1,1,已售/已满,教学时间,多云,22,19,4,0.0,70,33
2026-05-21 12:30:42,2026-05-22,4,羽毛球馆-18号,14:00-15:00,1,1,已售/已满,教学时间,多云,22,21,3,0.0,68,35
2026-05-21 13:00:43,2026-05-22,4,羽毛球馆-18号,14:00-15:00,1,1,已售/已满,教学时间,多云,24,22,4,0.0,66,35
2026-05-21 13:30:43,2026-05-22,4,羽毛球馆-18号,14:00-15:00,1,1,已售/已满,教学时间,多云,24,22,4,0.0,66,36
2026-05-21 14:00:48,2026-05-22,4,羽毛球馆-18号,14:00-15:00,1,1,已售/已满,教学时间,多云,25,23,4,0.0,66,36
2026-05-21 14:30:45,2026-05-22,4,羽毛球馆-18号,14:00-15:00,1,1,已售/已满,教学时间,晴,25,25,3,0.0,65,39
2026-05-21 15:00:45,2026-05-22,4,羽毛球馆-18号,14:00-15:00,1,1,已售/已满,教学时间,晴,25,22,4,0.0,56,39
2026-05-21 15:30:43,2026-05-22,4,羽毛球馆-18号,14:00-15:00,1,1,已售/已满,教学时间,晴,25,23,4,0.0,57,40
2026-05-21 16:00:51,2026-05-22,4,羽毛球馆-18号,14:00-15:00,1,1,已售/已满,教学时间,晴,25,23,4,0.0,57,40
2026-05-21 16:30:48,2026-05-22,4,羽毛球馆-18号,14:00-15:00,1,1,已售/已满,教学时间,晴,25,24,3,0.0,60,39
2026-05-21 17:00:49,2026-05-22,4,羽毛球馆-18号,14:00-15:00,1,1,已售/已满,教学时间,晴,25,24,4,0.0,61,39
2026-05-21 17:30:47,2026-05-22,4,羽毛球馆-18号,14:00-15:00,1,1,已售/已满,教学时间,多云,24,23,3,0.0,64,39
2026-05-21 18:00:50,2026-05-22,4,羽毛球馆-18号,14:00-15:00,1,1,已售/已满,教学时间,多云,24,23,3,0.0,68,39
2026-05-21 18:30:50,2026-05-22,4,羽毛球馆-18号,14:00-15:00,1,1,已售/已满,教学时间,阴,24,25,2,0.0,68,40
2026-05-21 19:00:50,2026-05-22,4,羽毛球馆-18号,14:00-15:00,1,1,已售/已满,教学时间,阴,23,23,3,0.0,76,40
2026-05-21 19:30:46,2026-05-22,4,羽毛球馆-18号,14:00-15:00,1,1,已售/已满,教学时间,阴,23,24,2,0.0,77,39
2026-05-21 20:00:49,2026-05-22,4,羽毛球馆-18号,14:00-15:00,1,1,已售/已满,教学时间,雾,22,23,2,0.0,89,39
2026-05-21 20:30:44,2026-05-22,4,羽毛球馆-18号,14:00-15:00,1,1,已售/已满,教学时间,雾,22,24,2,0.0,93,43
2026-05-21 21:00:56,2026-05-22,4,羽毛球馆-18号,14:00-15:00,1,1,已售/已满,教学时间,雾,20,21,2,0.0,98,43
2026-05-21 21:30:46,2026-05-22,4,羽毛球馆-18号,14:00-15:00,1,1,已售/已满,教学时间,雾,20,22,1,0.0,99,41
2026-05-21 22:01:02,2026-05-22,4,羽毛球馆-18号,14:00-15:00,1,1,已售/已满,教学时间,雾,19,20,2,0.0,93,41
2026-05-21 22:30:47,2026-05-22,4,羽毛球馆-18号,14:00-15:00,1,1,已售/已满,教学时间,雾,19,19,3,0.0,88,46
2026-05-21 23:00:56,2026-05-22,4,羽毛球馆-18号,14:00-15:00,1,1,已售/已满,教学时间,多云,18,17,3,0.0,85,46
2026-05-21 23:30:55,2026-05-22,4,羽毛球馆-18号,14:00-15:00,1,1,已售/已满,教学时间,多云,18,17,3,0.0,85,48
2026-05-21 08:00:45,2026-05-22,4,羽毛球馆-18号,15:00-16:00,1,1,已售/已满,教学时间,晴,17,12,5,0.0,86,29
2026-05-21 08:02:30,2026-05-22,4,羽毛球馆-18号,15:00-16:00,1,1,已售/已满,教学时间,多云,17,12,5,0.0,87,29
2026-05-21 08:05:36,2026-05-22,4,羽毛球馆-18号,15:00-16:00,1,1,已售/已满,教学时间,多云,17,12,5,0.0,86,29
2026-05-21 08:08:31,2026-05-22,4,羽毛球馆-18号,15:00-16:00,1,1,已售/已满,教学时间,多云,17,12,5,0.0,86,29
2026-05-21 08:11:30,2026-05-22,4,羽毛球馆-18号,15:00-16:00,1,1,已售/已满,教学时间,多云,17,12,5,0.0,86,29
2026-05-21 08:14:31,2026-05-22,4,羽毛球馆-18号,15:00-16:00,1,1,已售/已满,教学时间,多云,17,12,5,0.0,86,29
2026-05-21 08:17:30,2026-05-22,4,羽毛球馆-18号,15:00-16:00,1,1,已售/已满,教学时间,多云,17,12,5,0.0,86,29
2026-05-21 08:20:35,2026-05-22,4,羽毛球馆-18号,15:00-16:00,1,1,已售/已满,教学时间,多云,17,14,4,0.0,85,29
2026-05-21 08:25:32,2026-05-22,4,羽毛球馆-18号,15:00-16:00,1,1,已售/已满,教学时间,多云,17,14,4,0.0,85,28
2026-05-21 08:30:42,2026-05-22,4,羽毛球馆-18号,15:00-16:00,1,1,已售/已满,教学时间,多云,18,15,4,0.0,84,28
2026-05-21 08:35:31,2026-05-22,4,羽毛球馆-18号,15:00-16:00,1,1,已售/已满,教学时间,多云,18,15,4,0.0,84,28
2026-05-21 08:40:38,2026-05-22,4,羽毛球馆-18号,15:00-16:00,1,1,已售/已满,教学时间,多云,18,15,4,0.0,82,28
2026-05-21 08:45:33,2026-05-22,4,羽毛球馆-18号,15:00-16:00,1,1,已售/已满,教学时间,多云,18,15,4,0.0,82,28
2026-05-21 08:50:36,2026-05-22,4,羽毛球馆-18号,15:00-16:00,1,1,已售/已满,教学时间,多云,18,15,4,0.0,82,28
2026-05-21 08:55:34,2026-05-22,4,羽毛球馆-18号,15:00-16:00,1,1,已售/已满,教学时间,多云,18,15,4,0.0,84,28
2026-05-21 09:00:51,2026-05-22,4,羽毛球馆-18号,15:00-16:00,1,1,已售/已满,教学时间,多云,18,15,4,0.0,84,28
2026-05-21 09:01:59,2026-05-22,4,羽毛球馆-18号,15:00-16:00,1,1,已售/已满,教学时间,多云,18,15,4,0.0,83,28
2026-05-21 09:05:33,2026-05-22,4,羽毛球馆-18号,15:00-16:00,1,1,已售/已满,教学时间,多云,18,15,4,0.0,83,28
2026-05-21 09:20:38,2026-05-22,4,羽毛球馆-18号,15:00-16:00,1,1,已售/已满,教学时间,多云,18,16,3,0.0,81,28
2026-05-21 09:30:46,2026-05-22,4,羽毛球馆-18号,15:00-16:00,1,1,已售/已满,教学时间,多云,18,16,3,0.0,81,32
2026-05-21 09:40:36,2026-05-22,4,羽毛球馆-18号,15:00-16:00,1,1,已售/已满,教学时间,多云,19,17,3,0.0,79,32
2026-05-21 09:50:42,2026-05-22,4,羽毛球馆-18号,15:00-16:00,1,1,已售/已满,教学时间,多云,19,17,4,0.0,81,32
2026-05-21 10:00:46,2026-05-22,4,羽毛球馆-18号,15:00-16:00,1,1,已售/已满,教学时间,多云,19,17,4,0.0,79,32
2026-05-21 10:10:40,2026-05-22,4,羽毛球馆-18号,15:00-16:00,1,1,已售/已满,教学时间,多云,19,17,4,0.0,79,32
2026-05-21 10:20:38,2026-05-22,4,羽毛球馆-18号,15:00-16:00,1,1,已售/已满,教学时间,多云,19,17,4,0.0,79,32
2026-05-21 10:30:41,2026-05-22,4,羽毛球馆-18号,15:00-16:00,1,1,已售/已满,教学时间,多云,19,18,3,0.0,78,31
2026-05-21 11:00:44,2026-05-22,4,羽毛球馆-18号,15:00-16:00,1,1,已售/已满,教学时间,多云,21,17,5,0.0,74,31
2026-05-21 11:30:38,2026-05-22,4,羽毛球馆-18号,15:00-16:00,1,1,已售/已满,教学时间,多云,21,19,3,0.0,72,33
2026-05-21 12:00:46,2026-05-22,4,羽毛球馆-18号,15:00-16:00,1,1,已售/已满,教学时间,多云,22,19,4,0.0,70,33
2026-05-21 12:30:42,2026-05-22,4,羽毛球馆-18号,15:00-16:00,1,1,已售/已满,教学时间,多云,22,21,3,0.0,68,35
2026-05-21 13:00:43,2026-05-22,4,羽毛球馆-18号,15:00-16:00,1,1,已售/已满,教学时间,多云,24,22,4,0.0,66,35
2026-05-21 13:30:43,2026-05-22,4,羽毛球馆-18号,15:00-16:00,1,1,已售/已满,教学时间,多云,24,22,4,0.0,66,36
2026-05-21 14:00:48,2026-05-22,4,羽毛球馆-18号,15:00-16:00,1,1,已售/已满,教学时间,多云,25,23,4,0.0,66,36
2026-05-21 14:30:45,2026-05-22,4,羽毛球馆-18号,15:00-16:00,1,1,已售/已满,教学时间,晴,25,25,3,0.0,65,39
2026-05-21 15:00:45,2026-05-22,4,羽毛球馆-18号,15:00-16:00,1,1,已售/已满,教学时间,晴,25,22,4,0.0,56,39
2026-05-21 15:30:43,2026-05-22,4,羽毛球馆-18号,15:00-16:00,1,1,已售/已满,教学时间,晴,25,23,4,0.0,57,40
2026-05-21 16:00:51,2026-05-22,4,羽毛球馆-18号,15:00-16:00,1,1,已售/已满,教学时间,晴,25,23,4,0.0,57,40
2026-05-21 16:30:48,2026-05-22,4,羽毛球馆-18号,15:00-16:00,1,1,已售/已满,教学时间,晴,25,24,3,0.0,60,39
2026-05-21 17:00:49,2026-05-22,4,羽毛球馆-18号,15:00-16:00,1,1,已售/已满,教学时间,晴,25,24,4,0.0,61,39
2026-05-21 17:30:47,2026-05-22,4,羽毛球馆-18号,15:00-16:00,1,1,已售/已满,教学时间,多云,24,23,3,0.0,64,39
2026-05-21 18:00:50,2026-05-22,4,羽毛球馆-18号,15:00-16:00,1,1,已售/已满,教学时间,多云,24,23,3,0.0,68,39
2026-05-21 18:30:50,2026-05-22,4,羽毛球馆-18号,15:00-16:00,1,1,已售/已满,教学时间,阴,24,25,2,0.0,68,40
2026-05-21 19:00:50,2026-05-22,4,羽毛球馆-18号,15:00-16:00,1,1,已售/已满,教学时间,阴,23,23,3,0.0,76,40
2026-05-21 19:30:46,2026-05-22,4,羽毛球馆-18号,15:00-16:00,1,1,已售/已满,教学时间,阴,23,24,2,0.0,77,39
2026-05-21 20:00:49,2026-05-22,4,羽毛球馆-18号,15:00-16:00,1,1,已售/已满,教学时间,雾,22,23,2,0.0,89,39
2026-05-21 20:30:44,2026-05-22,4,羽毛球馆-18号,15:00-16:00,1,1,已售/已满,教学时间,雾,22,24,2,0.0,93,43
2026-05-21 21:00:56,2026-05-22,4,羽毛球馆-18号,15:00-16:00,1,1,已售/已满,教学时间,雾,20,21,2,0.0,98,43
2026-05-21 21:30:46,2026-05-22,4,羽毛球馆-18号,15:00-16:00,1,1,已售/已满,教学时间,雾,20,22,1,0.0,99,41
2026-05-21 22:01:02,2026-05-22,4,羽毛球馆-18号,15:00-16:00,1,1,已售/已满,教学时间,雾,19,20,2,0.0,93,41
2026-05-21 22:30:47,2026-05-22,4,羽毛球馆-18号,15:00-16:00,1,1,已售/已满,教学时间,雾,19,19,3,0.0,88,46
2026-05-21 23:00:56,2026-05-22,4,羽毛球馆-18号,15:00-16:00,1,1,已售/已满,教学时间,多云,18,17,3,0.0,85,46
2026-05-21 23:30:55,2026-05-22,4,羽毛球馆-18号,15:00-16:00,1,1,已售/已满,教学时间,多云,18,17,3,0.0,85,48
2026-05-21 08:00:45,2026-05-22,4,羽毛球馆-18号,16:00-17:00,0,1,可预约,￥12.0,晴,17,12,5,0.0,86,29
2026-05-21 08:02:30,2026-05-22,4,羽毛球馆-18号,16:00-17:00,0,1,可预约,￥12.0,多云,17,12,5,0.0,87,29
2026-05-21 08:05:36,2026-05-22,4,羽毛球馆-18号,16:00-17:00,0,1,可预约,￥12.0,多云,17,12,5,0.0,86,29
2026-05-21 08:08:31,2026-05-22,4,羽毛球馆-18号,16:00-17:00,0,1,可预约,￥12.0,多云,17,12,5,0.0,86,29
2026-05-21 08:11:30,2026-05-22,4,羽毛球馆-18号,16:00-17:00,0,1,可预约,￥12.0,多云,17,12,5,0.0,86,29
2026-05-21 08:14:31,2026-05-22,4,羽毛球馆-18号,16:00-17:00,0,1,可预约,￥12.0,多云,17,12,5,0.0,86,29
2026-05-21 08:17:30,2026-05-22,4,羽毛球馆-18号,16:00-17:00,0,1,可预约,￥12.0,多云,17,12,5,0.0,86,29
2026-05-21 08:20:35,2026-05-22,4,羽毛球馆-18号,16:00-17:00,0,1,可预约,￥12.0,多云,17,14,4,0.0,85,29
2026-05-21 08:25:32,2026-05-22,4,羽毛球馆-18号,16:00-17:00,0,1,可预约,￥12.0,多云,17,14,4,0.0,85,28
2026-05-21 08:30:42,2026-05-22,4,羽毛球馆-18号,16:00-17:00,0,1,可预约,￥12.0,多云,18,15,4,0.0,84,28
2026-05-21 08:35:31,2026-05-22,4,羽毛球馆-18号,16:00-17:00,0,1,可预约,￥12.0,多云,18,15,4,0.0,84,28
2026-05-21 08:40:38,2026-05-22,4,羽毛球馆-18号,16:00-17:00,0,1,可预约,￥12.0,多云,18,15,4,0.0,82,28
2026-05-21 08:45:33,2026-05-22,4,羽毛球馆-18号,16:00-17:00,0,1,可预约,￥12.0,多云,18,15,4,0.0,82,28
2026-05-21 08:50:36,2026-05-22,4,羽毛球馆-18号,16:00-17:00,0,1,可预约,￥12.0,多云,18,15,4,0.0,82,28
2026-05-21 08:55:34,2026-05-22,4,羽毛球馆-18号,16:00-17:00,0,1,可预约,￥12.0,多云,18,15,4,0.0,84,28
2026-05-21 09:00:51,2026-05-22,4,羽毛球馆-18号,16:00-17:00,0,1,可预约,￥12.0,多云,18,15,4,0.0,84,28
2026-05-21 09:01:59,2026-05-22,4,羽毛球馆-18号,16:00-17:00,0,1,可预约,￥12.0,多云,18,15,4,0.0,83,28
2026-05-21 09:05:33,2026-05-22,4,羽毛球馆-18号,16:00-17:00,0,1,可预约,￥12.0,多云,18,15,4,0.0,83,28
2026-05-21 09:20:38,2026-05-22,4,羽毛球馆-18号,16:00-17:00,0,1,可预约,￥12.0,多云,18,16,3,0.0,81,28
2026-05-21 09:30:46,2026-05-22,4,羽毛球馆-18号,16:00-17:00,0,1,可预约,￥12.0,多云,18,16,3,0.0,81,32
2026-05-21 09:40:36,2026-05-22,4,羽毛球馆-18号,16:00-17:00,0,1,可预约,￥12.0,多云,19,17,3,0.0,79,32
2026-05-21 09:50:42,2026-05-22,4,羽毛球馆-18号,16:00-17:00,0,1,可预约,￥12.0,多云,19,17,4,0.0,81,32
2026-05-21 10:00:46,2026-05-22,4,羽毛球馆-18号,16:00-17:00,0,1,可预约,￥12.0,多云,19,17,4,0.0,79,32
2026-05-21 10:10:40,2026-05-22,4,羽毛球馆-18号,16:00-17:00,0,1,可预约,￥12.0,多云,19,17,4,0.0,79,32
2026-05-21 10:20:38,2026-05-22,4,羽毛球馆-18号,16:00-17:00,0,1,可预约,￥12.0,多云,19,17,4,0.0,79,32
2026-05-21 10:30:41,2026-05-22,4,羽毛球馆-18号,16:00-17:00,0,1,可预约,￥12.0,多云,19,18,3,0.0,78,31
2026-05-21 11:00:44,2026-05-22,4,羽毛球馆-18号,16:00-17:00,0,1,可预约,￥12.0,多云,21,17,5,0.0,74,31
2026-05-21 11:30:38,2026-05-22,4,羽毛球馆-18号,16:00-17:00,0,1,可预约,￥12.0,多云,21,19,3,0.0,72,33
2026-05-21 12:00:46,2026-05-22,4,羽毛球馆-18号,16:00-17:00,0,1,可预约,￥12.0,多云,22,19,4,0.0,70,33
2026-05-21 12:30:42,2026-05-22,4,羽毛球馆-18号,16:00-17:00,0,1,可预约,￥12.0,多云,22,21,3,0.0,68,35
2026-05-21 13:00:43,2026-05-22,4,羽毛球馆-18号,16:00-17:00,0,1,可预约,￥12.0,多云,24,22,4,0.0,66,35
2026-05-21 13:30:43,2026-05-22,4,羽毛球馆-18号,16:00-17:00,1,1,已售/已满,已售,多云,24,22,4,0.0,66,36
2026-05-21 14:00:48,2026-05-22,4,羽毛球馆-18号,16:00-17:00,1,1,已售/已满,已售,多云,25,23,4,0.0,66,36
2026-05-21 14:30:45,2026-05-22,4,羽毛球馆-18号,16:00-17:00,1,1,已售/已满,已售,晴,25,25,3,0.0,65,39
2026-05-21 15:00:45,2026-05-22,4,羽毛球馆-18号,16:00-17:00,1,1,已售/已满,已售,晴,25,22,4,0.0,56,39
2026-05-21 15:30:43,2026-05-22,4,羽毛球馆-18号,16:00-17:00,1,1,已售/已满,已售,晴,25,23,4,0.0,57,40
2026-05-21 16:00:51,2026-05-22,4,羽毛球馆-18号,16:00-17:00,1,1,已售/已满,已售,晴,25,23,4,0.0,57,40
2026-05-21 16:30:48,2026-05-22,4,羽毛球馆-18号,16:00-17:00,1,1,已售/已满,已售,晴,25,24,3,0.0,60,39
2026-05-21 17:00:49,2026-05-22,4,羽毛球馆-18号,16:00-17:00,1,1,已售/已满,已售,晴,25,24,4,0.0,61,39
2026-05-21 17:30:47,2026-05-22,4,羽毛球馆-18号,16:00-17:00,1,1,已售/已满,已售,多云,24,23,3,0.0,64,39
2026-05-21 18:00:50,2026-05-22,4,羽毛球馆-18号,16:00-17:00,1,1,已售/已满,已售,多云,24,23,3,0.0,68,39
2026-05-21 18:30:50,2026-05-22,4,羽毛球馆-18号,16:00-17:00,1,1,已售/已满,已售,阴,24,25,2,0.0,68,40
2026-05-21 19:00:50,2026-05-22,4,羽毛球馆-18号,16:00-17:00,1,1,已售/已满,已售,阴,23,23,3,0.0,76,40
2026-05-21 19:30:46,2026-05-22,4,羽毛球馆-18号,16:00-17:00,1,1,已售/已满,已售,阴,23,24,2,0.0,77,39
2026-05-21 20:00:49,2026-05-22,4,羽毛球馆-18号,16:00-17:00,1,1,已售/已满,已售,雾,22,23,2,0.0,89,39
2026-05-21 20:30:44,2026-05-22,4,羽毛球馆-18号,16:00-17:00,1,1,已售/已满,已售,雾,22,24,2,0.0,93,43
2026-05-21 21:00:56,2026-05-22,4,羽毛球馆-18号,16:00-17:00,1,1,已售/已满,已售,雾,20,21,2,0.0,98,43
2026-05-21 21:30:46,2026-05-22,4,羽毛球馆-18号,16:00-17:00,1,1,已售/已满,已售,雾,20,22,1,0.0,99,41
2026-05-21 22:01:02,2026-05-22,4,羽毛球馆-18号,16:00-17:00,1,1,已售/已满,已售,雾,19,20,2,0.0,93,41
2026-05-21 22:30:47,2026-05-22,4,羽毛球馆-18号,16:00-17:00,1,1,已售/已满,已售,雾,19,19,3,0.0,88,46
2026-05-21 23:00:56,2026-05-22,4,羽毛球馆-18号,16:00-17:00,1,1,已售/已满,已售,多云,18,17,3,0.0,85,46
2026-05-21 23:30:55,2026-05-22,4,羽毛球馆-18号,16:00-17:00,1,1,已售/已满,已售,多云,18,17,3,0.0,85,48
2026-05-21 08:00:45,2026-05-22,4,羽毛球馆-18号,17:00-18:00,0,1,可预约,￥12.0,晴,17,12,5,0.0,86,29
2026-05-21 08:02:30,2026-05-22,4,羽毛球馆-18号,17:00-18:00,0,1,可预约,￥12.0,多云,17,12,5,0.0,87,29
2026-05-21 08:05:36,2026-05-22,4,羽毛球馆-18号,17:00-18:00,0,1,可预约,￥12.0,多云,17,12,5,0.0,86,29
2026-05-21 08:08:31,2026-05-22,4,羽毛球馆-18号,17:00-18:00,0,1,可预约,￥12.0,多云,17,12,5,0.0,86,29
2026-05-21 08:11:30,2026-05-22,4,羽毛球馆-18号,17:00-18:00,0,1,可预约,￥12.0,多云,17,12,5,0.0,86,29
2026-05-21 08:14:31,2026-05-22,4,羽毛球馆-18号,17:00-18:00,0,1,可预约,￥12.0,多云,17,12,5,0.0,86,29
2026-05-21 08:17:30,2026-05-22,4,羽毛球馆-18号,17:00-18:00,0,1,可预约,￥12.0,多云,17,12,5,0.0,86,29
2026-05-21 08:20:35,2026-05-22,4,羽毛球馆-18号,17:00-18:00,0,1,可预约,￥12.0,多云,17,14,4,0.0,85,29
2026-05-21 08:25:32,2026-05-22,4,羽毛球馆-18号,17:00-18:00,0,1,可预约,￥12.0,多云,17,14,4,0.0,85,28
2026-05-21 08:30:42,2026-05-22,4,羽毛球馆-18号,17:00-18:00,0,1,可预约,￥12.0,多云,18,15,4,0.0,84,28
2026-05-21 08:35:31,2026-05-22,4,羽毛球馆-18号,17:00-18:00,0,1,可预约,￥12.0,多云,18,15,4,0.0,84,28
2026-05-21 08:40:38,2026-05-22,4,羽毛球馆-18号,17:00-18:00,0,1,可预约,￥12.0,多云,18,15,4,0.0,82,28
2026-05-21 08:45:33,2026-05-22,4,羽毛球馆-18号,17:00-18:00,0,1,可预约,￥12.0,多云,18,15,4,0.0,82,28
2026-05-21 08:50:36,2026-05-22,4,羽毛球馆-18号,17:00-18:00,0,1,可预约,￥12.0,多云,18,15,4,0.0,82,28
2026-05-21 08:55:34,2026-05-22,4,羽毛球馆-18号,17:00-18:00,0,1,可预约,￥12.0,多云,18,15,4,0.0,84,28
2026-05-21 09:00:51,2026-05-22,4,羽毛球馆-18号,17:00-18:00,0,1,可预约,￥12.0,多云,18,15,4,0.0,84,28
2026-05-21 09:01:59,2026-05-22,4,羽毛球馆-18号,17:00-18:00,0,1,可预约,￥12.0,多云,18,15,4,0.0,83,28
2026-05-21 09:05:33,2026-05-22,4,羽毛球馆-18号,17:00-18:00,0,1,可预约,￥12.0,多云,18,15,4,0.0,83,28
2026-05-21 09:20:38,2026-05-22,4,羽毛球馆-18号,17:00-18:00,0,1,可预约,￥12.0,多云,18,16,3,0.0,81,28
2026-05-21 09:30:46,2026-05-22,4,羽毛球馆-18号,17:00-18:00,0,1,可预约,￥12.0,多云,18,16,3,0.0,81,32
2026-05-21 09:40:36,2026-05-22,4,羽毛球馆-18号,17:00-18:00,0,1,可预约,￥12.0,多云,19,17,3,0.0,79,32
2026-05-21 09:50:42,2026-05-22,4,羽毛球馆-18号,17:00-18:00,0,1,可预约,￥12.0,多云,19,17,4,0.0,81,32
2026-05-21 10:00:46,2026-05-22,4,羽毛球馆-18号,17:00-18:00,0,1,可预约,￥12.0,多云,19,17,4,0.0,79,32
2026-05-21 10:10:40,2026-05-22,4,羽毛球馆-18号,17:00-18:00,0,1,可预约,￥12.0,多云,19,17,4,0.0,79,32
2026-05-21 10:20:38,2026-05-22,4,羽毛球馆-18号,17:00-18:00,0,1,可预约,￥12.0,多云,19,17,4,0.0,79,32
2026-05-21 10:30:41,2026-05-22,4,羽毛球馆-18号,17:00-18:00,0,1,可预约,￥12.0,多云,19,18,3,0.0,78,31
2026-05-21 11:00:44,2026-05-22,4,羽毛球馆-18号,17:00-18:00,0,1,可预约,￥12.0,多云,21,17,5,0.0,74,31
2026-05-21 11:30:38,2026-05-22,4,羽毛球馆-18号,17:00-18:00,0,1,可预约,￥12.0,多云,21,19,3,0.0,72,33
2026-05-21 12:00:46,2026-05-22,4,羽毛球馆-18号,17:00-18:00,1,1,已售/已满,已售,多云,22,19,4,0.0,70,33
2026-05-21 12:30:42,2026-05-22,4,羽毛球馆-18号,17:00-18:00,1,1,已售/已满,已售,多云,22,21,3,0.0,68,35
2026-05-21 13:00:43,2026-05-22,4,羽毛球馆-18号,17:00-18:00,1,1,已售/已满,已售,多云,24,22,4,0.0,66,35
2026-05-21 13:30:43,2026-05-22,4,羽毛球馆-18号,17:00-18:00,1,1,已售/已满,已售,多云,24,22,4,0.0,66,36
2026-05-21 14:00:48,2026-05-22,4,羽毛球馆-18号,17:00-18:00,1,1,已售/已满,已售,多云,25,23,4,0.0,66,36
2026-05-21 14:30:45,2026-05-22,4,羽毛球馆-18号,17:00-18:00,1,1,已售/已满,已售,晴,25,25,3,0.0,65,39
2026-05-21 15:00:45,2026-05-22,4,羽毛球馆-18号,17:00-18:00,1,1,已售/已满,已售,晴,25,22,4,0.0,56,39
2026-05-21 15:30:43,2026-05-22,4,羽毛球馆-18号,17:00-18:00,1,1,已售/已满,已售,晴,25,23,4,0.0,57,40
2026-05-21 16:00:51,2026-05-22,4,羽毛球馆-18号,17:00-18:00,1,1,已售/已满,已售,晴,25,23,4,0.0,57,40
2026-05-21 16:30:48,2026-05-22,4,羽毛球馆-18号,17:00-18:00,1,1,已售/已满,已售,晴,25,24,3,0.0,60,39
2026-05-21 17:00:49,2026-05-22,4,羽毛球馆-18号,17:00-18:00,1,1,已售/已满,已售,晴,25,24,4,0.0,61,39
2026-05-21 17:30:47,2026-05-22,4,羽毛球馆-18号,17:00-18:00,1,1,已售/已满,已售,多云,24,23,3,0.0,64,39
2026-05-21 18:00:50,2026-05-22,4,羽毛球馆-18号,17:00-18:00,1,1,已售/已满,已售,多云,24,23,3,0.0,68,39
2026-05-21 18:30:50,2026-05-22,4,羽毛球馆-18号,17:00-18:00,1,1,已售/已满,已售,阴,24,25,2,0.0,68,40
2026-05-21 19:00:50,2026-05-22,4,羽毛球馆-18号,17:00-18:00,1,1,已售/已满,已售,阴,23,23,3,0.0,76,40
2026-05-21 19:30:46,2026-05-22,4,羽毛球馆-18号,17:00-18:00,1,1,已售/已满,已售,阴,23,24,2,0.0,77,39
2026-05-21 20:00:49,2026-05-22,4,羽毛球馆-18号,17:00-18:00,1,1,已售/已满,已售,雾,22,23,2,0.0,89,39
2026-05-21 20:30:44,2026-05-22,4,羽毛球馆-18号,17:00-18:00,1,1,已售/已满,已售,雾,22,24,2,0.0,93,43
2026-05-21 21:00:56,2026-05-22,4,羽毛球馆-18号,17:00-18:00,1,1,已售/已满,已售,雾,20,21,2,0.0,98,43
2026-05-21 21:30:46,2026-05-22,4,羽毛球馆-18号,17:00-18:00,1,1,已售/已满,已售,雾,20,22,1,0.0,99,41
2026-05-21 22:01:02,2026-05-22,4,羽毛球馆-18号,17:00-18:00,1,1,已售/已满,已售,雾,19,20,2,0.0,93,41
2026-05-21 22:30:47,2026-05-22,4,羽毛球馆-18号,17:00-18:00,1,1,已售/已满,已售,雾,19,19,3,0.0,88,46
2026-05-21 23:00:56,2026-05-22,4,羽毛球馆-18号,17:00-18:00,1,1,已售/已满,已售,多云,18,17,3,0.0,85,46
2026-05-21 23:30:55,2026-05-22,4,羽毛球馆-18号,17:00-18:00,1,1,已售/已满,已售,多云,18,17,3,0.0,85,48
2026-05-21 08:00:45,2026-05-22,4,羽毛球馆-18号,18:30-19:30,1,1,已售/已满,已售,晴,17,12,5,0.0,86,29
2026-05-21 08:02:30,2026-05-22,4,羽毛球馆-18号,18:30-19:30,1,1,已售/已满,已售,多云,17,12,5,0.0,87,29
2026-05-21 08:05:36,2026-05-22,4,羽毛球馆-18号,18:30-19:30,1,1,已售/已满,已售,多云,17,12,5,0.0,86,29
2026-05-21 08:08:31,2026-05-22,4,羽毛球馆-18号,18:30-19:30,1,1,已售/已满,已售,多云,17,12,5,0.0,86,29
2026-05-21 08:11:30,2026-05-22,4,羽毛球馆-18号,18:30-19:30,1,1,已售/已满,已售,多云,17,12,5,0.0,86,29
2026-05-21 08:14:31,2026-05-22,4,羽毛球馆-18号,18:30-19:30,1,1,已售/已满,已售,多云,17,12,5,0.0,86,29
2026-05-21 08:17:30,2026-05-22,4,羽毛球馆-18号,18:30-19:30,1,1,已售/已满,已售,多云,17,12,5,0.0,86,29
2026-05-21 08:20:35,2026-05-22,4,羽毛球馆-18号,18:30-19:30,1,1,已售/已满,已售,多云,17,14,4,0.0,85,29
2026-05-21 08:25:32,2026-05-22,4,羽毛球馆-18号,18:30-19:30,1,1,已售/已满,已售,多云,17,14,4,0.0,85,28
2026-05-21 08:30:42,2026-05-22,4,羽毛球馆-18号,18:30-19:30,1,1,已售/已满,已售,多云,18,15,4,0.0,84,28
2026-05-21 08:35:31,2026-05-22,4,羽毛球馆-18号,18:30-19:30,1,1,已售/已满,已售,多云,18,15,4,0.0,84,28
2026-05-21 08:40:38,2026-05-22,4,羽毛球馆-18号,18:30-19:30,1,1,已售/已满,已售,多云,18,15,4,0.0,82,28
2026-05-21 08:45:33,2026-05-22,4,羽毛球馆-18号,18:30-19:30,1,1,已售/已满,已售,多云,18,15,4,0.0,82,28
2026-05-21 08:50:36,2026-05-22,4,羽毛球馆-18号,18:30-19:30,1,1,已售/已满,已售,多云,18,15,4,0.0,82,28
2026-05-21 08:55:34,2026-05-22,4,羽毛球馆-18号,18:30-19:30,1,1,已售/已满,已售,多云,18,15,4,0.0,84,28
2026-05-21 09:00:51,2026-05-22,4,羽毛球馆-18号,18:30-19:30,1,1,已售/已满,已售,多云,18,15,4,0.0,84,28
2026-05-21 09:01:59,2026-05-22,4,羽毛球馆-18号,18:30-19:30,1,1,已售/已满,已售,多云,18,15,4,0.0,83,28
2026-05-21 09:05:33,2026-05-22,4,羽毛球馆-18号,18:30-19:30,1,1,已售/已满,已售,多云,18,15,4,0.0,83,28
2026-05-21 09:20:38,2026-05-22,4,羽毛球馆-18号,18:30-19:30,1,1,已售/已满,已售,多云,18,16,3,0.0,81,28
2026-05-21 09:30:46,2026-05-22,4,羽毛球馆-18号,18:30-19:30,1,1,已售/已满,已售,多云,18,16,3,0.0,81,32
2026-05-21 09:40:36,2026-05-22,4,羽毛球馆-18号,18:30-19:30,1,1,已售/已满,已售,多云,19,17,3,0.0,79,32
2026-05-21 09:50:42,2026-05-22,4,羽毛球馆-18号,18:30-19:30,1,1,已售/已满,已售,多云,19,17,4,0.0,81,32
2026-05-21 10:00:46,2026-05-22,4,羽毛球馆-18号,18:30-19:30,1,1,已售/已满,已售,多云,19,17,4,0.0,79,32
2026-05-21 10:10:40,2026-05-22,4,羽毛球馆-18号,18:30-19:30,1,1,已售/已满,已售,多云,19,17,4,0.0,79,32
2026-05-21 10:20:38,2026-05-22,4,羽毛球馆-18号,18:30-19:30,1,1,已售/已满,已售,多云,19,17,4,0.0,79,32
2026-05-21 10:30:41,2026-05-22,4,羽毛球馆-18号,18:30-19:30,1,1,已售/已满,已售,多云,19,18,3,0.0,78,31
2026-05-21 11:00:44,2026-05-22,4,羽毛球馆-18号,18:30-19:30,1,1,已售/已满,已售,多云,21,17,5,0.0,74,31
2026-05-21 11:30:38,2026-05-22,4,羽毛球馆-18号,18:30-19:30,1,1,已售/已满,已售,多云,21,19,3,0.0,72,33
2026-05-21 12:00:46,2026-05-22,4,羽毛球馆-18号,18:30-19:30,1,1,已售/已满,已售,多云,22,19,4,0.0,70,33
2026-05-21 12:30:42,2026-05-22,4,羽毛球馆-18号,18:30-19:30,1,1,已售/已满,已售,多云,22,21,3,0.0,68,35
2026-05-21 13:00:43,2026-05-22,4,羽毛球馆-18号,18:30-19:30,1,1,已售/已满,已售,多云,24,22,4,0.0,66,35
2026-05-21 13:30:43,2026-05-22,4,羽毛球馆-18号,18:30-19:30,1,1,已售/已满,已售,多云,24,22,4,0.0,66,36
2026-05-21 14:00:48,2026-05-22,4,羽毛球馆-18号,18:30-19:30,1,1,已售/已满,已售,多云,25,23,4,0.0,66,36
2026-05-21 14:30:45,2026-05-22,4,羽毛球馆-18号,18:30-19:30,1,1,已售/已满,已售,晴,25,25,3,0.0,65,39
2026-05-21 15:00:45,2026-05-22,4,羽毛球馆-18号,18:30-19:30,1,1,已售/已满,已售,晴,25,22,4,0.0,56,39
2026-05-21 15:30:43,2026-05-22,4,羽毛球馆-18号,18:30-19:30,1,1,已售/已满,已售,晴,25,23,4,0.0,57,40
2026-05-21 16:00:51,2026-05-22,4,羽毛球馆-18号,18:30-19:30,1,1,已售/已满,已售,晴,25,23,4,0.0,57,40
2026-05-21 16:30:48,2026-05-22,4,羽毛球馆-18号,18:30-19:30,1,1,已售/已满,已售,晴,25,24,3,0.0,60,39
2026-05-21 17:00:49,2026-05-22,4,羽毛球馆-18号,18:30-19:30,1,1,已售/已满,已售,晴,25,24,4,0.0,61,39
2026-05-21 17:30:47,2026-05-22,4,羽毛球馆-18号,18:30-19:30,1,1,已售/已满,已售,多云,24,23,3,0.0,64,39
2026-05-21 18:00:50,2026-05-22,4,羽毛球馆-18号,18:30-19:30,1,1,已售/已满,已售,多云,24,23,3,0.0,68,39
2026-05-21 18:30:50,2026-05-22,4,羽毛球馆-18号,18:30-19:30,1,1,已售/已满,已售,阴,24,25,2,0.0,68,40
2026-05-21 19:00:50,2026-05-22,4,羽毛球馆-18号,18:30-19:30,1,1,已售/已满,已售,阴,23,23,3,0.0,76,40
2026-05-21 19:30:46,2026-05-22,4,羽毛球馆-18号,18:30-19:30,1,1,已售/已满,已售,阴,23,24,2,0.0,77,39
2026-05-21 20:00:49,2026-05-22,4,羽毛球馆-18号,18:30-19:30,1,1,已售/已满,已售,雾,22,23,2,0.0,89,39
2026-05-21 20:30:44,2026-05-22,4,羽毛球馆-18号,18:30-19:30,1,1,已售/已满,已售,雾,22,24,2,0.0,93,43
2026-05-21 21:00:56,2026-05-22,4,羽毛球馆-18号,18:30-19:30,1,1,已售/已满,已售,雾,20,21,2,0.0,98,43
2026-05-21 21:30:46,2026-05-22,4,羽毛球馆-18号,18:30-19:30,1,1,已售/已满,已售,雾,20,22,1,0.0,99,41
2026-05-21 22:01:02,2026-05-22,4,羽毛球馆-18号,18:30-19:30,1,1,已售/已满,已售,雾,19,20,2,0.0,93,41
2026-05-21 22:30:47,2026-05-22,4,羽毛球馆-18号,18:30-19:30,1,1,已售/已满,已售,雾,19,19,3,0.0,88,46
2026-05-21 23:00:56,2026-05-22,4,羽毛球馆-18号,18:30-19:30,1,1,已售/已满,已售,多云,18,17,3,0.0,85,46
2026-05-21 23:30:55,2026-05-22,4,羽毛球馆-18号,18:30-19:30,1,1,已售/已满,已售,多云,18,17,3,0.0,85,48
2026-05-21 08:00:45,2026-05-22,4,羽毛球馆-18号,19:30-20:30,1,1,已售/已满,已售,晴,17,12,5,0.0,86,29
2026-05-21 08:02:30,2026-05-22,4,羽毛球馆-18号,19:30-20:30,1,1,已售/已满,已售,多云,17,12,5,0.0,87,29
2026-05-21 08:05:36,2026-05-22,4,羽毛球馆-18号,19:30-20:30,1,1,已售/已满,已售,多云,17,12,5,0.0,86,29
2026-05-21 08:08:31,2026-05-22,4,羽毛球馆-18号,19:30-20:30,1,1,已售/已满,已售,多云,17,12,5,0.0,86,29
2026-05-21 08:11:30,2026-05-22,4,羽毛球馆-18号,19:30-20:30,1,1,已售/已满,已售,多云,17,12,5,0.0,86,29
2026-05-21 08:14:31,2026-05-22,4,羽毛球馆-18号,19:30-20:30,1,1,已售/已满,已售,多云,17,12,5,0.0,86,29
2026-05-21 08:17:30,2026-05-22,4,羽毛球馆-18号,19:30-20:30,1,1,已售/已满,已售,多云,17,12,5,0.0,86,29
2026-05-21 08:20:35,2026-05-22,4,羽毛球馆-18号,19:30-20:30,1,1,已售/已满,已售,多云,17,14,4,0.0,85,29
2026-05-21 08:25:32,2026-05-22,4,羽毛球馆-18号,19:30-20:30,1,1,已售/已满,已售,多云,17,14,4,0.0,85,28
2026-05-21 08:30:42,2026-05-22,4,羽毛球馆-18号,19:30-20:30,1,1,已售/已满,已售,多云,18,15,4,0.0,84,28
2026-05-21 08:35:31,2026-05-22,4,羽毛球馆-18号,19:30-20:30,1,1,已售/已满,已售,多云,18,15,4,0.0,84,28
2026-05-21 08:40:38,2026-05-22,4,羽毛球馆-18号,19:30-20:30,1,1,已售/已满,已售,多云,18,15,4,0.0,82,28
2026-05-21 08:45:33,2026-05-22,4,羽毛球馆-18号,19:30-20:30,1,1,已售/已满,已售,多云,18,15,4,0.0,82,28
2026-05-21 08:50:36,2026-05-22,4,羽毛球馆-18号,19:30-20:30,1,1,已售/已满,已售,多云,18,15,4,0.0,82,28
2026-05-21 08:55:34,2026-05-22,4,羽毛球馆-18号,19:30-20:30,1,1,已售/已满,已售,多云,18,15,4,0.0,84,28
2026-05-21 09:00:51,2026-05-22,4,羽毛球馆-18号,19:30-20:30,1,1,已售/已满,已售,多云,18,15,4,0.0,84,28
2026-05-21 09:01:59,2026-05-22,4,羽毛球馆-18号,19:30-20:30,1,1,已售/已满,已售,多云,18,15,4,0.0,83,28
2026-05-21 09:05:33,2026-05-22,4,羽毛球馆-18号,19:30-20:30,1,1,已售/已满,已售,多云,18,15,4,0.0,83,28
2026-05-21 09:20:38,2026-05-22,4,羽毛球馆-18号,19:30-20:30,1,1,已售/已满,已售,多云,18,16,3,0.0,81,28
2026-05-21 09:30:46,2026-05-22,4,羽毛球馆-18号,19:30-20:30,1,1,已售/已满,已售,多云,18,16,3,0.0,81,32
2026-05-21 09:40:36,2026-05-22,4,羽毛球馆-18号,19:30-20:30,1,1,已售/已满,已售,多云,19,17,3,0.0,79,32
2026-05-21 09:50:42,2026-05-22,4,羽毛球馆-18号,19:30-20:30,1,1,已售/已满,已售,多云,19,17,4,0.0,81,32
2026-05-21 10:00:46,2026-05-22,4,羽毛球馆-18号,19:30-20:30,1,1,已售/已满,已售,多云,19,17,4,0.0,79,32
2026-05-21 10:10:40,2026-05-22,4,羽毛球馆-18号,19:30-20:30,1,1,已售/已满,已售,多云,19,17,4,0.0,79,32
2026-05-21 10:20:38,2026-05-22,4,羽毛球馆-18号,19:30-20:30,1,1,已售/已满,已售,多云,19,17,4,0.0,79,32
2026-05-21 10:30:41,2026-05-22,4,羽毛球馆-18号,19:30-20:30,1,1,已售/已满,已售,多云,19,18,3,0.0,78,31
2026-05-21 11:00:44,2026-05-22,4,羽毛球馆-18号,19:30-20:30,1,1,已售/已满,已售,多云,21,17,5,0.0,74,31
2026-05-21 11:30:38,2026-05-22,4,羽毛球馆-18号,19:30-20:30,1,1,已售/已满,已售,多云,21,19,3,0.0,72,33
2026-05-21 12:00:46,2026-05-22,4,羽毛球馆-18号,19:30-20:30,1,1,已售/已满,已售,多云,22,19,4,0.0,70,33
2026-05-21 12:30:42,2026-05-22,4,羽毛球馆-18号,19:30-20:30,1,1,已售/已满,已售,多云,22,21,3,0.0,68,35
2026-05-21 13:00:43,2026-05-22,4,羽毛球馆-18号,19:30-20:30,1,1,已售/已满,已售,多云,24,22,4,0.0,66,35
2026-05-21 13:30:43,2026-05-22,4,羽毛球馆-18号,19:30-20:30,1,1,已售/已满,已售,多云,24,22,4,0.0,66,36
2026-05-21 14:00:48,2026-05-22,4,羽毛球馆-18号,19:30-20:30,1,1,已售/已满,已售,多云,25,23,4,0.0,66,36
2026-05-21 14:30:45,2026-05-22,4,羽毛球馆-18号,19:30-20:30,1,1,已售/已满,已售,晴,25,25,3,0.0,65,39
2026-05-21 15:00:45,2026-05-22,4,羽毛球馆-18号,19:30-20:30,1,1,已售/已满,已售,晴,25,22,4,0.0,56,39
2026-05-21 15:30:43,2026-05-22,4,羽毛球馆-18号,19:30-20:30,1,1,已售/已满,已售,晴,25,23,4,0.0,57,40
2026-05-21 16:00:51,2026-05-22,4,羽毛球馆-18号,19:30-20:30,1,1,已售/已满,已售,晴,25,23,4,0.0,57,40
2026-05-21 16:30:48,2026-05-22,4,羽毛球馆-18号,19:30-20:30,1,1,已售/已满,已售,晴,25,24,3,0.0,60,39
2026-05-21 17:00:49,2026-05-22,4,羽毛球馆-18号,19:30-20:30,1,1,已售/已满,已售,晴,25,24,4,0.0,61,39
2026-05-21 17:30:47,2026-05-22,4,羽毛球馆-18号,19:30-20:30,1,1,已售/已满,已售,多云,24,23,3,0.0,64,39
2026-05-21 18:00:50,2026-05-22,4,羽毛球馆-18号,19:30-20:30,1,1,已售/已满,已售,多云,24,23,3,0.0,68,39
2026-05-21 18:30:50,2026-05-22,4,羽毛球馆-18号,19:30-20:30,1,1,已售/已满,已售,阴,24,25,2,0.0,68,40
2026-05-21 19:00:50,2026-05-22,4,羽毛球馆-18号,19:30-20:30,1,1,已售/已满,已售,阴,23,23,3,0.0,76,40
2026-05-21 19:30:46,2026-05-22,4,羽毛球馆-18号,19:30-20:30,1,1,已售/已满,已售,阴,23,24,2,0.0,77,39
2026-05-21 20:00:49,2026-05-22,4,羽毛球馆-18号,19:30-20:30,1,1,已售/已满,已售,雾,22,23,2,0.0,89,39
2026-05-21 20:30:44,2026-05-22,4,羽毛球馆-18号,19:30-20:30,1,1,已售/已满,已售,雾,22,24,2,0.0,93,43
2026-05-21 21:00:56,2026-05-22,4,羽毛球馆-18号,19:30-20:30,1,1,已售/已满,已售,雾,20,21,2,0.0,98,43
2026-05-21 21:30:46,2026-05-22,4,羽毛球馆-18号,19:30-20:30,1,1,已售/已满,已售,雾,20,22,1,0.0,99,41
2026-05-21 22:01:02,2026-05-22,4,羽毛球馆-18号,19:30-20:30,1,1,已售/已满,已售,雾,19,20,2,0.0,93,41
2026-05-21 22:30:47,2026-05-22,4,羽毛球馆-18号,19:30-20:30,1,1,已售/已满,已售,雾,19,19,3,0.0,88,46
2026-05-21 23:00:56,2026-05-22,4,羽毛球馆-18号,19:30-20:30,1,1,已售/已满,已售,多云,18,17,3,0.0,85,46
2026-05-21 23:30:55,2026-05-22,4,羽毛球馆-18号,19:30-20:30,1,1,已售/已满,已售,多云,18,17,3,0.0,85,48
2026-05-21 08:00:45,2026-05-22,4,羽毛球馆-18号,20:30-21:30,1,1,已售/已满,已售,晴,17,12,5,0.0,86,29
2026-05-21 08:02:30,2026-05-22,4,羽毛球馆-18号,20:30-21:30,1,1,已售/已满,已售,多云,17,12,5,0.0,87,29
2026-05-21 08:05:36,2026-05-22,4,羽毛球馆-18号,20:30-21:30,1,1,已售/已满,已售,多云,17,12,5,0.0,86,29
2026-05-21 08:08:31,2026-05-22,4,羽毛球馆-18号,20:30-21:30,1,1,已售/已满,已售,多云,17,12,5,0.0,86,29
2026-05-21 08:11:30,2026-05-22,4,羽毛球馆-18号,20:30-21:30,1,1,已售/已满,已售,多云,17,12,5,0.0,86,29
2026-05-21 08:14:31,2026-05-22,4,羽毛球馆-18号,20:30-21:30,1,1,已售/已满,已售,多云,17,12,5,0.0,86,29
2026-05-21 08:17:30,2026-05-22,4,羽毛球馆-18号,20:30-21:30,1,1,已售/已满,已售,多云,17,12,5,0.0,86,29
2026-05-21 08:20:35,2026-05-22,4,羽毛球馆-18号,20:30-21:30,1,1,已售/已满,已售,多云,17,14,4,0.0,85,29
2026-05-21 08:25:32,2026-05-22,4,羽毛球馆-18号,20:30-21:30,1,1,已售/已满,已售,多云,17,14,4,0.0,85,28
2026-05-21 08:30:42,2026-05-22,4,羽毛球馆-18号,20:30-21:30,1,1,已售/已满,已售,多云,18,15,4,0.0,84,28
2026-05-21 08:35:31,2026-05-22,4,羽毛球馆-18号,20:30-21:30,1,1,已售/已满,已售,多云,18,15,4,0.0,84,28
2026-05-21 08:40:38,2026-05-22,4,羽毛球馆-18号,20:30-21:30,1,1,已售/已满,已售,多云,18,15,4,0.0,82,28
2026-05-21 08:45:33,2026-05-22,4,羽毛球馆-18号,20:30-21:30,1,1,已售/已满,已售,多云,18,15,4,0.0,82,28
2026-05-21 08:50:36,2026-05-22,4,羽毛球馆-18号,20:30-21:30,1,1,已售/已满,已售,多云,18,15,4,0.0,82,28
2026-05-21 08:55:34,2026-05-22,4,羽毛球馆-18号,20:30-21:30,1,1,已售/已满,已售,多云,18,15,4,0.0,84,28
2026-05-21 09:00:51,2026-05-22,4,羽毛球馆-18号,20:30-21:30,1,1,已售/已满,已售,多云,18,15,4,0.0,84,28
2026-05-21 09:01:59,2026-05-22,4,羽毛球馆-18号,20:30-21:30,1,1,已售/已满,已售,多云,18,15,4,0.0,83,28
2026-05-21 09:05:33,2026-05-22,4,羽毛球馆-18号,20:30-21:30,1,1,已售/已满,已售,多云,18,15,4,0.0,83,28
2026-05-21 09:20:38,2026-05-22,4,羽毛球馆-18号,20:30-21:30,1,1,已售/已满,已售,多云,18,16,3,0.0,81,28
2026-05-21 09:30:46,2026-05-22,4,羽毛球馆-18号,20:30-21:30,1,1,已售/已满,已售,多云,18,16,3,0.0,81,32
2026-05-21 09:40:36,2026-05-22,4,羽毛球馆-18号,20:30-21:30,1,1,已售/已满,已售,多云,19,17,3,0.0,79,32
2026-05-21 09:50:42,2026-05-22,4,羽毛球馆-18号,20:30-21:30,1,1,已售/已满,已售,多云,19,17,4,0.0,81,32
2026-05-21 10:00:46,2026-05-22,4,羽毛球馆-18号,20:30-21:30,1,1,已售/已满,已售,多云,19,17,4,0.0,79,32
2026-05-21 10:10:40,2026-05-22,4,羽毛球馆-18号,20:30-21:30,1,1,已售/已满,已售,多云,19,17,4,0.0,79,32
2026-05-21 10:20:38,2026-05-22,4,羽毛球馆-18号,20:30-21:30,1,1,已售/已满,已售,多云,19,17,4,0.0,79,32
2026-05-21 10:30:41,2026-05-22,4,羽毛球馆-18号,20:30-21:30,1,1,已售/已满,已售,多云,19,18,3,0.0,78,31
2026-05-21 11:00:44,2026-05-22,4,羽毛球馆-18号,20:30-21:30,1,1,已售/已满,已售,多云,21,17,5,0.0,74,31
2026-05-21 11:30:38,2026-05-22,4,羽毛球馆-18号,20:30-21:30,1,1,已售/已满,已售,多云,21,19,3,0.0,72,33
2026-05-21 12:00:46,2026-05-22,4,羽毛球馆-18号,20:30-21:30,1,1,已售/已满,已售,多云,22,19,4,0.0,70,33
2026-05-21 12:30:42,2026-05-22,4,羽毛球馆-18号,20:30-21:30,1,1,已售/已满,已售,多云,22,21,3,0.0,68,35
2026-05-21 13:00:43,2026-05-22,4,羽毛球馆-18号,20:30-21:30,1,1,已售/已满,已售,多云,24,22,4,0.0,66,35
2026-05-21 13:30:43,2026-05-22,4,羽毛球馆-18号,20:30-21:30,1,1,已售/已满,已售,多云,24,22,4,0.0,66,36
2026-05-21 14:00:48,2026-05-22,4,羽毛球馆-18号,20:30-21:30,1,1,已售/已满,已售,多云,25,23,4,0.0,66,36
2026-05-21 14:30:45,2026-05-22,4,羽毛球馆-18号,20:30-21:30,1,1,已售/已满,已售,晴,25,25,3,0.0,65,39
2026-05-21 15:00:45,2026-05-22,4,羽毛球馆-18号,20:30-21:30,1,1,已售/已满,已售,晴,25,22,4,0.0,56,39
2026-05-21 15:30:43,2026-05-22,4,羽毛球馆-18号,20:30-21:30,1,1,已售/已满,已售,晴,25,23,4,0.0,57,40
2026-05-21 16:00:51,2026-05-22,4,羽毛球馆-18号,20:30-21:30,1,1,已售/已满,已售,晴,25,23,4,0.0,57,40
2026-05-21 16:30:48,2026-05-22,4,羽毛球馆-18号,20:30-21:30,1,1,已售/已满,已售,晴,25,24,3,0.0,60,39
2026-05-21 17:00:49,2026-05-22,4,羽毛球馆-18号,20:30-21:30,1,1,已售/已满,已售,晴,25,24,4,0.0,61,39
2026-05-21 17:30:47,2026-05-22,4,羽毛球馆-18号,20:30-21:30,1,1,已售/已满,已售,多云,24,23,3,0.0,64,39
2026-05-21 18:00:50,2026-05-22,4,羽毛球馆-18号,20:30-21:30,1,1,已售/已满,已售,多云,24,23,3,0.0,68,39
2026-05-21 18:30:50,2026-05-22,4,羽毛球馆-18号,20:30-21:30,1,1,已售/已满,已售,阴,24,25,2,0.0,68,40
2026-05-21 19:00:50,2026-05-22,4,羽毛球馆-18号,20:30-21:30,1,1,已售/已满,已售,阴,23,23,3,0.0,76,40
2026-05-21 19:30:46,2026-05-22,4,羽毛球馆-18号,20:30-21:30,1,1,已售/已满,已售,阴,23,24,2,0.0,77,39
2026-05-21 20:00:49,2026-05-22,4,羽毛球馆-18号,20:30-21:30,1,1,已售/已满,已售,雾,22,23,2,0.0,89,39
2026-05-21 20:30:44,2026-05-22,4,羽毛球馆-18号,20:30-21:30,1,1,已售/已满,已售,雾,22,24,2,0.0,93,43
2026-05-21 21:00:56,2026-05-22,4,羽毛球馆-18号,20:30-21:30,1,1,已售/已满,已售,雾,20,21,2,0.0,98,43
2026-05-21 21:30:46,2026-05-22,4,羽毛球馆-18号,20:30-21:30,1,1,已售/已满,已售,雾,20,22,1,0.0,99,41
2026-05-21 22:01:02,2026-05-22,4,羽毛球馆-18号,20:30-21:30,1,1,已售/已满,已售,雾,19,20,2,0.0,93,41
2026-05-21 22:30:47,2026-05-22,4,羽毛球馆-18号,20:30-21:30,1,1,已售/已满,已售,雾,19,19,3,0.0,88,46
2026-05-21 23:00:56,2026-05-22,4,羽毛球馆-18号,20:30-21:30,1,1,已售/已满,已售,多云,18,17,3,0.0,85,46
2026-05-21 23:30:55,2026-05-22,4,羽毛球馆-18号,20:30-21:30,1,1,已售/已满,已售,多云,18,17,3,0.0,85,48
2026-05-21 08:00:45,2026-05-22,4,羽毛球馆-19号,07:00-08:00,0,1,可预约,￥0.0,晴,17,12,5,0.0,86,29
2026-05-21 08:02:30,2026-05-22,4,羽毛球馆-19号,07:00-08:00,0,1,可预约,￥0.0,多云,17,12,5,0.0,87,29
2026-05-21 08:05:36,2026-05-22,4,羽毛球馆-19号,07:00-08:00,0,1,可预约,￥0.0,多云,17,12,5,0.0,86,29
2026-05-21 08:08:31,2026-05-22,4,羽毛球馆-19号,07:00-08:00,0,1,可预约,￥0.0,多云,17,12,5,0.0,86,29
2026-05-21 08:11:30,2026-05-22,4,羽毛球馆-19号,07:00-08:00,0,1,可预约,￥0.0,多云,17,12,5,0.0,86,29
2026-05-21 08:14:31,2026-05-22,4,羽毛球馆-19号,07:00-08:00,0,1,可预约,￥0.0,多云,17,12,5,0.0,86,29
2026-05-21 08:17:30,2026-05-22,4,羽毛球馆-19号,07:00-08:00,0,1,可预约,￥0.0,多云,17,12,5,0.0,86,29
2026-05-21 08:20:35,2026-05-22,4,羽毛球馆-19号,07:00-08:00,0,1,可预约,￥0.0,多云,17,14,4,0.0,85,29
2026-05-21 08:25:32,2026-05-22,4,羽毛球馆-19号,07:00-08:00,0,1,可预约,￥0.0,多云,17,14,4,0.0,85,28
2026-05-21 08:30:42,2026-05-22,4,羽毛球馆-19号,07:00-08:00,0,1,可预约,￥0.0,多云,18,15,4,0.0,84,28
2026-05-21 08:35:31,2026-05-22,4,羽毛球馆-19号,07:00-08:00,0,1,可预约,￥0.0,多云,18,15,4,0.0,84,28
2026-05-21 08:40:38,2026-05-22,4,羽毛球馆-19号,07:00-08:00,0,1,可预约,￥0.0,多云,18,15,4,0.0,82,28
2026-05-21 08:45:33,2026-05-22,4,羽毛球馆-19号,07:00-08:00,0,1,可预约,￥0.0,多云,18,15,4,0.0,82,28
2026-05-21 08:50:36,2026-05-22,4,羽毛球馆-19号,07:00-08:00,0,1,可预约,￥0.0,多云,18,15,4,0.0,82,28
2026-05-21 08:55:34,2026-05-22,4,羽毛球馆-19号,07:00-08:00,0,1,可预约,￥0.0,多云,18,15,4,0.0,84,28
2026-05-21 09:00:51,2026-05-22,4,羽毛球馆-19号,07:00-08:00,0,1,可预约,￥0.0,多云,18,15,4,0.0,84,28
2026-05-21 09:01:59,2026-05-22,4,羽毛球馆-19号,07:00-08:00,0,1,可预约,￥0.0,多云,18,15,4,0.0,83,28
2026-05-21 09:05:33,2026-05-22,4,羽毛球馆-19号,07:00-08:00,0,1,可预约,￥0.0,多云,18,15,4,0.0,83,28
2026-05-21 09:20:38,2026-05-22,4,羽毛球馆-19号,07:00-08:00,0,1,可预约,￥0.0,多云,18,16,3,0.0,81,28
2026-05-21 09:30:46,2026-05-22,4,羽毛球馆-19号,07:00-08:00,0,1,可预约,￥0.0,多云,18,16,3,0.0,81,32
2026-05-21 09:40:36,2026-05-22,4,羽毛球馆-19号,07:00-08:00,0,1,可预约,￥0.0,多云,19,17,3,0.0,79,32
2026-05-21 09:50:42,2026-05-22,4,羽毛球馆-19号,07:00-08:00,0,1,可预约,￥0.0,多云,19,17,4,0.0,81,32
2026-05-21 10:00:46,2026-05-22,4,羽毛球馆-19号,07:00-08:00,0,1,可预约,￥0.0,多云,19,17,4,0.0,79,32
2026-05-21 10:10:40,2026-05-22,4,羽毛球馆-19号,07:00-08:00,0,1,可预约,￥0.0,多云,19,17,4,0.0,79,32
2026-05-21 10:20:38,2026-05-22,4,羽毛球馆-19号,07:00-08:00,0,1,可预约,￥0.0,多云,19,17,4,0.0,79,32
2026-05-21 10:30:41,2026-05-22,4,羽毛球馆-19号,07:00-08:00,0,1,可预约,￥0.0,多云,19,18,3,0.0,78,31
2026-05-21 11:00:44,2026-05-22,4,羽毛球馆-19号,07:00-08:00,0,1,可预约,￥0.0,多云,21,17,5,0.0,74,31
2026-05-21 11:30:38,2026-05-22,4,羽毛球馆-19号,07:00-08:00,0,1,可预约,￥0.0,多云,21,19,3,0.0,72,33
2026-05-21 12:00:46,2026-05-22,4,羽毛球馆-19号,07:00-08:00,0,1,可预约,￥0.0,多云,22,19,4,0.0,70,33
2026-05-21 12:30:42,2026-05-22,4,羽毛球馆-19号,07:00-08:00,0,1,可预约,￥0.0,多云,22,21,3,0.0,68,35
2026-05-21 13:00:43,2026-05-22,4,羽毛球馆-19号,07:00-08:00,0,1,可预约,￥0.0,多云,24,22,4,0.0,66,35
2026-05-21 13:30:43,2026-05-22,4,羽毛球馆-19号,07:00-08:00,0,1,可预约,￥0.0,多云,24,22,4,0.0,66,36
2026-05-21 14:00:48,2026-05-22,4,羽毛球馆-19号,07:00-08:00,0,1,可预约,￥0.0,多云,25,23,4,0.0,66,36
2026-05-21 14:30:45,2026-05-22,4,羽毛球馆-19号,07:00-08:00,0,1,可预约,￥0.0,晴,25,25,3,0.0,65,39
2026-05-21 15:00:45,2026-05-22,4,羽毛球馆-19号,07:00-08:00,0,1,可预约,￥0.0,晴,25,22,4,0.0,56,39
2026-05-21 15:30:43,2026-05-22,4,羽毛球馆-19号,07:00-08:00,0,1,可预约,￥0.0,晴,25,23,4,0.0,57,40
2026-05-21 16:00:51,2026-05-22,4,羽毛球馆-19号,07:00-08:00,0,1,可预约,￥0.0,晴,25,23,4,0.0,57,40
2026-05-21 16:30:48,2026-05-22,4,羽毛球馆-19号,07:00-08:00,0,1,可预约,￥0.0,晴,25,24,3,0.0,60,39
2026-05-21 17:00:49,2026-05-22,4,羽毛球馆-19号,07:00-08:00,0,1,可预约,￥0.0,晴,25,24,4,0.0,61,39
2026-05-21 17:30:47,2026-05-22,4,羽毛球馆-19号,07:00-08:00,0,1,可预约,￥0.0,多云,24,23,3,0.0,64,39
2026-05-21 18:00:50,2026-05-22,4,羽毛球馆-19号,07:00-08:00,0,1,可预约,￥0.0,多云,24,23,3,0.0,68,39
2026-05-21 18:30:50,2026-05-22,4,羽毛球馆-19号,07:00-08:00,0,1,可预约,￥0.0,阴,24,25,2,0.0,68,40
2026-05-21 19:00:50,2026-05-22,4,羽毛球馆-19号,07:00-08:00,0,1,可预约,￥0.0,阴,23,23,3,0.0,76,40
2026-05-21 19:30:46,2026-05-22,4,羽毛球馆-19号,07:00-08:00,0,1,可预约,￥0.0,阴,23,24,2,0.0,77,39
2026-05-21 20:00:49,2026-05-22,4,羽毛球馆-19号,07:00-08:00,0,1,可预约,￥0.0,雾,22,23,2,0.0,89,39
2026-05-21 20:30:44,2026-05-22,4,羽毛球馆-19号,07:00-08:00,0,1,可预约,￥0.0,雾,22,24,2,0.0,93,43
2026-05-21 21:00:56,2026-05-22,4,羽毛球馆-19号,07:00-08:00,0,1,可预约,￥0.0,雾,20,21,2,0.0,98,43
2026-05-21 21:30:46,2026-05-22,4,羽毛球馆-19号,07:00-08:00,0,1,可预约,￥0.0,雾,20,22,1,0.0,99,41
2026-05-21 22:01:02,2026-05-22,4,羽毛球馆-19号,07:00-08:00,0,1,可预约,￥0.0,雾,19,20,2,0.0,93,41
2026-05-21 22:30:47,2026-05-22,4,羽毛球馆-19号,07:00-08:00,0,1,可预约,￥0.0,雾,19,19,3,0.0,88,46
2026-05-21 23:00:56,2026-05-22,4,羽毛球馆-19号,07:00-08:00,0,1,可预约,￥0.0,多云,18,17,3,0.0,85,46
2026-05-21 23:30:55,2026-05-22,4,羽毛球馆-19号,07:00-08:00,0,1,可预约,￥0.0,多云,18,17,3,0.0,85,48
2026-05-21 08:00:45,2026-05-22,4,羽毛球馆-19号,08:00-09:00,0,1,可预约,￥0.0,晴,17,12,5,0.0,86,29
2026-05-21 08:02:30,2026-05-22,4,羽毛球馆-19号,08:00-09:00,0,1,可预约,￥0.0,多云,17,12,5,0.0,87,29
2026-05-21 08:05:36,2026-05-22,4,羽毛球馆-19号,08:00-09:00,0,1,可预约,￥0.0,多云,17,12,5,0.0,86,29
2026-05-21 08:08:31,2026-05-22,4,羽毛球馆-19号,08:00-09:00,0,1,可预约,￥0.0,多云,17,12,5,0.0,86,29
2026-05-21 08:11:30,2026-05-22,4,羽毛球馆-19号,08:00-09:00,0,1,可预约,￥0.0,多云,17,12,5,0.0,86,29
2026-05-21 08:14:31,2026-05-22,4,羽毛球馆-19号,08:00-09:00,0,1,可预约,￥0.0,多云,17,12,5,0.0,86,29
2026-05-21 08:17:30,2026-05-22,4,羽毛球馆-19号,08:00-09:00,0,1,可预约,￥0.0,多云,17,12,5,0.0,86,29
2026-05-21 08:20:35,2026-05-22,4,羽毛球馆-19号,08:00-09:00,0,1,可预约,￥0.0,多云,17,14,4,0.0,85,29
2026-05-21 08:25:32,2026-05-22,4,羽毛球馆-19号,08:00-09:00,0,1,可预约,￥0.0,多云,17,14,4,0.0,85,28
2026-05-21 08:30:42,2026-05-22,4,羽毛球馆-19号,08:00-09:00,0,1,可预约,￥0.0,多云,18,15,4,0.0,84,28
2026-05-21 08:35:31,2026-05-22,4,羽毛球馆-19号,08:00-09:00,0,1,可预约,￥0.0,多云,18,15,4,0.0,84,28
2026-05-21 08:40:38,2026-05-22,4,羽毛球馆-19号,08:00-09:00,0,1,可预约,￥0.0,多云,18,15,4,0.0,82,28
2026-05-21 08:45:33,2026-05-22,4,羽毛球馆-19号,08:00-09:00,0,1,可预约,￥0.0,多云,18,15,4,0.0,82,28
2026-05-21 08:50:36,2026-05-22,4,羽毛球馆-19号,08:00-09:00,0,1,可预约,￥0.0,多云,18,15,4,0.0,82,28
2026-05-21 08:55:34,2026-05-22,4,羽毛球馆-19号,08:00-09:00,0,1,可预约,￥0.0,多云,18,15,4,0.0,84,28
2026-05-21 09:00:51,2026-05-22,4,羽毛球馆-19号,08:00-09:00,0,1,可预约,￥0.0,多云,18,15,4,0.0,84,28
2026-05-21 09:01:59,2026-05-22,4,羽毛球馆-19号,08:00-09:00,0,1,可预约,￥0.0,多云,18,15,4,0.0,83,28
2026-05-21 09:05:33,2026-05-22,4,羽毛球馆-19号,08:00-09:00,0,1,可预约,￥0.0,多云,18,15,4,0.0,83,28
2026-05-21 09:20:38,2026-05-22,4,羽毛球馆-19号,08:00-09:00,0,1,可预约,￥0.0,多云,18,16,3,0.0,81,28
2026-05-21 09:30:46,2026-05-22,4,羽毛球馆-19号,08:00-09:00,0,1,可预约,￥0.0,多云,18,16,3,0.0,81,32
2026-05-21 09:40:36,2026-05-22,4,羽毛球馆-19号,08:00-09:00,0,1,可预约,￥0.0,多云,19,17,3,0.0,79,32
2026-05-21 09:50:42,2026-05-22,4,羽毛球馆-19号,08:00-09:00,0,1,可预约,￥0.0,多云,19,17,4,0.0,81,32
2026-05-21 10:00:46,2026-05-22,4,羽毛球馆-19号,08:00-09:00,0,1,可预约,￥0.0,多云,19,17,4,0.0,79,32
2026-05-21 10:10:40,2026-05-22,4,羽毛球馆-19号,08:00-09:00,0,1,可预约,￥0.0,多云,19,17,4,0.0,79,32
2026-05-21 10:20:38,2026-05-22,4,羽毛球馆-19号,08:00-09:00,0,1,可预约,￥0.0,多云,19,17,4,0.0,79,32
2026-05-21 10:30:41,2026-05-22,4,羽毛球馆-19号,08:00-09:00,0,1,可预约,￥0.0,多云,19,18,3,0.0,78,31
2026-05-21 11:00:44,2026-05-22,4,羽毛球馆-19号,08:00-09:00,0,1,可预约,￥0.0,多云,21,17,5,0.0,74,31
2026-05-21 11:30:38,2026-05-22,4,羽毛球馆-19号,08:00-09:00,0,1,可预约,￥0.0,多云,21,19,3,0.0,72,33
2026-05-21 12:00:46,2026-05-22,4,羽毛球馆-19号,08:00-09:00,0,1,可预约,￥0.0,多云,22,19,4,0.0,70,33
2026-05-21 12:30:42,2026-05-22,4,羽毛球馆-19号,08:00-09:00,0,1,可预约,￥0.0,多云,22,21,3,0.0,68,35
2026-05-21 13:00:43,2026-05-22,4,羽毛球馆-19号,08:00-09:00,0,1,可预约,￥0.0,多云,24,22,4,0.0,66,35
2026-05-21 13:30:43,2026-05-22,4,羽毛球馆-19号,08:00-09:00,0,1,可预约,￥0.0,多云,24,22,4,0.0,66,36
2026-05-21 14:00:48,2026-05-22,4,羽毛球馆-19号,08:00-09:00,0,1,可预约,￥0.0,多云,25,23,4,0.0,66,36
2026-05-21 14:30:45,2026-05-22,4,羽毛球馆-19号,08:00-09:00,0,1,可预约,￥0.0,晴,25,25,3,0.0,65,39
2026-05-21 15:00:45,2026-05-22,4,羽毛球馆-19号,08:00-09:00,0,1,可预约,￥0.0,晴,25,22,4,0.0,56,39
2026-05-21 15:30:43,2026-05-22,4,羽毛球馆-19号,08:00-09:00,0,1,可预约,￥0.0,晴,25,23,4,0.0,57,40
2026-05-21 16:00:51,2026-05-22,4,羽毛球馆-19号,08:00-09:00,0,1,可预约,￥0.0,晴,25,23,4,0.0,57,40
2026-05-21 16:30:48,2026-05-22,4,羽毛球馆-19号,08:00-09:00,0,1,可预约,￥0.0,晴,25,24,3,0.0,60,39
2026-05-21 17:00:49,2026-05-22,4,羽毛球馆-19号,08:00-09:00,0,1,可预约,￥0.0,晴,25,24,4,0.0,61,39
2026-05-21 17:30:47,2026-05-22,4,羽毛球馆-19号,08:00-09:00,0,1,可预约,￥0.0,多云,24,23,3,0.0,64,39
2026-05-21 18:00:50,2026-05-22,4,羽毛球馆-19号,08:00-09:00,0,1,可预约,￥0.0,多云,24,23,3,0.0,68,39
2026-05-21 18:30:50,2026-05-22,4,羽毛球馆-19号,08:00-09:00,0,1,可预约,￥0.0,阴,24,25,2,0.0,68,40
2026-05-21 19:00:50,2026-05-22,4,羽毛球馆-19号,08:00-09:00,0,1,可预约,￥0.0,阴,23,23,3,0.0,76,40
2026-05-21 19:30:46,2026-05-22,4,羽毛球馆-19号,08:00-09:00,0,1,可预约,￥0.0,阴,23,24,2,0.0,77,39
2026-05-21 20:00:49,2026-05-22,4,羽毛球馆-19号,08:00-09:00,0,1,可预约,￥0.0,雾,22,23,2,0.0,89,39
2026-05-21 20:30:44,2026-05-22,4,羽毛球馆-19号,08:00-09:00,0,1,可预约,￥0.0,雾,22,24,2,0.0,93,43
2026-05-21 21:00:56,2026-05-22,4,羽毛球馆-19号,08:00-09:00,0,1,可预约,￥0.0,雾,20,21,2,0.0,98,43
2026-05-21 21:30:46,2026-05-22,4,羽毛球馆-19号,08:00-09:00,0,1,可预约,￥0.0,雾,20,22,1,0.0,99,41
2026-05-21 22:01:02,2026-05-22,4,羽毛球馆-19号,08:00-09:00,0,1,可预约,￥0.0,雾,19,20,2,0.0,93,41
2026-05-21 22:30:47,2026-05-22,4,羽毛球馆-19号,08:00-09:00,0,1,可预约,￥0.0,雾,19,19,3,0.0,88,46
2026-05-21 23:00:56,2026-05-22,4,羽毛球馆-19号,08:00-09:00,0,1,可预约,￥0.0,多云,18,17,3,0.0,85,46
2026-05-21 23:30:55,2026-05-22,4,羽毛球馆-19号,08:00-09:00,0,1,可预约,￥0.0,多云,18,17,3,0.0,85,48
2026-05-21 08:00:45,2026-05-22,4,羽毛球馆-19号,09:00-10:00,0,1,可预约,￥12.0,晴,17,12,5,0.0,86,29
2026-05-21 08:02:30,2026-05-22,4,羽毛球馆-19号,09:00-10:00,0,1,可预约,￥12.0,多云,17,12,5,0.0,87,29
2026-05-21 08:05:36,2026-05-22,4,羽毛球馆-19号,09:00-10:00,0,1,可预约,￥12.0,多云,17,12,5,0.0,86,29
2026-05-21 08:08:31,2026-05-22,4,羽毛球馆-19号,09:00-10:00,0,1,可预约,￥12.0,多云,17,12,5,0.0,86,29
2026-05-21 08:11:30,2026-05-22,4,羽毛球馆-19号,09:00-10:00,0,1,可预约,￥12.0,多云,17,12,5,0.0,86,29
2026-05-21 08:14:31,2026-05-22,4,羽毛球馆-19号,09:00-10:00,0,1,可预约,￥12.0,多云,17,12,5,0.0,86,29
2026-05-21 08:17:30,2026-05-22,4,羽毛球馆-19号,09:00-10:00,0,1,可预约,￥12.0,多云,17,12,5,0.0,86,29
2026-05-21 08:20:35,2026-05-22,4,羽毛球馆-19号,09:00-10:00,0,1,可预约,￥12.0,多云,17,14,4,0.0,85,29
2026-05-21 08:25:32,2026-05-22,4,羽毛球馆-19号,09:00-10:00,0,1,可预约,￥12.0,多云,17,14,4,0.0,85,28
2026-05-21 08:30:42,2026-05-22,4,羽毛球馆-19号,09:00-10:00,0,1,可预约,￥12.0,多云,18,15,4,0.0,84,28
2026-05-21 08:35:31,2026-05-22,4,羽毛球馆-19号,09:00-10:00,0,1,可预约,￥12.0,多云,18,15,4,0.0,84,28
2026-05-21 08:40:38,2026-05-22,4,羽毛球馆-19号,09:00-10:00,0,1,可预约,￥12.0,多云,18,15,4,0.0,82,28
2026-05-21 08:45:33,2026-05-22,4,羽毛球馆-19号,09:00-10:00,0,1,可预约,￥12.0,多云,18,15,4,0.0,82,28
2026-05-21 08:50:36,2026-05-22,4,羽毛球馆-19号,09:00-10:00,0,1,可预约,￥12.0,多云,18,15,4,0.0,82,28
2026-05-21 08:55:34,2026-05-22,4,羽毛球馆-19号,09:00-10:00,0,1,可预约,￥12.0,多云,18,15,4,0.0,84,28
2026-05-21 09:00:51,2026-05-22,4,羽毛球馆-19号,09:00-10:00,0,1,可预约,￥12.0,多云,18,15,4,0.0,84,28
2026-05-21 09:01:59,2026-05-22,4,羽毛球馆-19号,09:00-10:00,0,1,可预约,￥12.0,多云,18,15,4,0.0,83,28
2026-05-21 09:05:33,2026-05-22,4,羽毛球馆-19号,09:00-10:00,0,1,可预约,￥12.0,多云,18,15,4,0.0,83,28
2026-05-21 09:20:38,2026-05-22,4,羽毛球馆-19号,09:00-10:00,0,1,可预约,￥12.0,多云,18,16,3,0.0,81,28
2026-05-21 09:30:46,2026-05-22,4,羽毛球馆-19号,09:00-10:00,0,1,可预约,￥12.0,多云,18,16,3,0.0,81,32
2026-05-21 09:40:36,2026-05-22,4,羽毛球馆-19号,09:00-10:00,0,1,可预约,￥12.0,多云,19,17,3,0.0,79,32
2026-05-21 09:50:42,2026-05-22,4,羽毛球馆-19号,09:00-10:00,0,1,可预约,￥12.0,多云,19,17,4,0.0,81,32
2026-05-21 10:00:46,2026-05-22,4,羽毛球馆-19号,09:00-10:00,0,1,可预约,￥12.0,多云,19,17,4,0.0,79,32
2026-05-21 10:10:40,2026-05-22,4,羽毛球馆-19号,09:00-10:00,0,1,可预约,￥12.0,多云,19,17,4,0.0,79,32
2026-05-21 10:20:38,2026-05-22,4,羽毛球馆-19号,09:00-10:00,0,1,可预约,￥12.0,多云,19,17,4,0.0,79,32
2026-05-21 10:30:41,2026-05-22,4,羽毛球馆-19号,09:00-10:00,0,1,可预约,￥12.0,多云,19,18,3,0.0,78,31
2026-05-21 11:00:44,2026-05-22,4,羽毛球馆-19号,09:00-10:00,0,1,可预约,￥12.0,多云,21,17,5,0.0,74,31
2026-05-21 11:30:38,2026-05-22,4,羽毛球馆-19号,09:00-10:00,0,1,可预约,￥12.0,多云,21,19,3,0.0,72,33
2026-05-21 12:00:46,2026-05-22,4,羽毛球馆-19号,09:00-10:00,0,1,可预约,￥12.0,多云,22,19,4,0.0,70,33
2026-05-21 12:30:42,2026-05-22,4,羽毛球馆-19号,09:00-10:00,0,1,可预约,￥12.0,多云,22,21,3,0.0,68,35
2026-05-21 13:00:43,2026-05-22,4,羽毛球馆-19号,09:00-10:00,0,1,可预约,￥12.0,多云,24,22,4,0.0,66,35
2026-05-21 13:30:43,2026-05-22,4,羽毛球馆-19号,09:00-10:00,0,1,可预约,￥12.0,多云,24,22,4,0.0,66,36
2026-05-21 14:00:48,2026-05-22,4,羽毛球馆-19号,09:00-10:00,0,1,可预约,￥12.0,多云,25,23,4,0.0,66,36
2026-05-21 14:30:45,2026-05-22,4,羽毛球馆-19号,09:00-10:00,0,1,可预约,￥12.0,晴,25,25,3,0.0,65,39
2026-05-21 15:00:45,2026-05-22,4,羽毛球馆-19号,09:00-10:00,0,1,可预约,￥12.0,晴,25,22,4,0.0,56,39
2026-05-21 15:30:43,2026-05-22,4,羽毛球馆-19号,09:00-10:00,0,1,可预约,￥12.0,晴,25,23,4,0.0,57,40
2026-05-21 16:00:51,2026-05-22,4,羽毛球馆-19号,09:00-10:00,0,1,可预约,￥12.0,晴,25,23,4,0.0,57,40
2026-05-21 16:30:48,2026-05-22,4,羽毛球馆-19号,09:00-10:00,0,1,可预约,￥12.0,晴,25,24,3,0.0,60,39
2026-05-21 17:00:49,2026-05-22,4,羽毛球馆-19号,09:00-10:00,0,1,可预约,￥12.0,晴,25,24,4,0.0,61,39
2026-05-21 17:30:47,2026-05-22,4,羽毛球馆-19号,09:00-10:00,0,1,可预约,￥12.0,多云,24,23,3,0.0,64,39
2026-05-21 18:00:50,2026-05-22,4,羽毛球馆-19号,09:00-10:00,0,1,可预约,￥12.0,多云,24,23,3,0.0,68,39
2026-05-21 18:30:50,2026-05-22,4,羽毛球馆-19号,09:00-10:00,0,1,可预约,￥12.0,阴,24,25,2,0.0,68,40
2026-05-21 19:00:50,2026-05-22,4,羽毛球馆-19号,09:00-10:00,0,1,可预约,￥12.0,阴,23,23,3,0.0,76,40
2026-05-21 19:30:46,2026-05-22,4,羽毛球馆-19号,09:00-10:00,0,1,可预约,￥12.0,阴,23,24,2,0.0,77,39
2026-05-21 20:00:49,2026-05-22,4,羽毛球馆-19号,09:00-10:00,0,1,可预约,￥12.0,雾,22,23,2,0.0,89,39
2026-05-21 20:30:44,2026-05-22,4,羽毛球馆-19号,09:00-10:00,0,1,可预约,￥12.0,雾,22,24,2,0.0,93,43
2026-05-21 21:00:56,2026-05-22,4,羽毛球馆-19号,09:00-10:00,0,1,可预约,￥12.0,雾,20,21,2,0.0,98,43
2026-05-21 21:30:46,2026-05-22,4,羽毛球馆-19号,09:00-10:00,0,1,可预约,￥12.0,雾,20,22,1,0.0,99,41
2026-05-21 22:01:02,2026-05-22,4,羽毛球馆-19号,09:00-10:00,0,1,可预约,￥12.0,雾,19,20,2,0.0,93,41
2026-05-21 22:30:47,2026-05-22,4,羽毛球馆-19号,09:00-10:00,0,1,可预约,￥12.0,雾,19,19,3,0.0,88,46
2026-05-21 23:00:56,2026-05-22,4,羽毛球馆-19号,09:00-10:00,0,1,可预约,￥12.0,多云,18,17,3,0.0,85,46
2026-05-21 23:30:55,2026-05-22,4,羽毛球馆-19号,09:00-10:00,0,1,可预约,￥12.0,多云,18,17,3,0.0,85,48
2026-05-21 08:00:45,2026-05-22,4,羽毛球馆-19号,10:00-11:00,1,1,已售/已满,教学时间,晴,17,12,5,0.0,86,29
2026-05-21 08:02:30,2026-05-22,4,羽毛球馆-19号,10:00-11:00,1,1,已售/已满,教学时间,多云,17,12,5,0.0,87,29
2026-05-21 08:05:36,2026-05-22,4,羽毛球馆-19号,10:00-11:00,1,1,已售/已满,教学时间,多云,17,12,5,0.0,86,29
2026-05-21 08:08:31,2026-05-22,4,羽毛球馆-19号,10:00-11:00,1,1,已售/已满,教学时间,多云,17,12,5,0.0,86,29
2026-05-21 08:11:30,2026-05-22,4,羽毛球馆-19号,10:00-11:00,1,1,已售/已满,教学时间,多云,17,12,5,0.0,86,29
2026-05-21 08:14:31,2026-05-22,4,羽毛球馆-19号,10:00-11:00,1,1,已售/已满,教学时间,多云,17,12,5,0.0,86,29
2026-05-21 08:17:30,2026-05-22,4,羽毛球馆-19号,10:00-11:00,1,1,已售/已满,教学时间,多云,17,12,5,0.0,86,29
2026-05-21 08:20:35,2026-05-22,4,羽毛球馆-19号,10:00-11:00,1,1,已售/已满,教学时间,多云,17,14,4,0.0,85,29
2026-05-21 08:25:32,2026-05-22,4,羽毛球馆-19号,10:00-11:00,1,1,已售/已满,教学时间,多云,17,14,4,0.0,85,28
2026-05-21 08:30:42,2026-05-22,4,羽毛球馆-19号,10:00-11:00,1,1,已售/已满,教学时间,多云,18,15,4,0.0,84,28
2026-05-21 08:35:31,2026-05-22,4,羽毛球馆-19号,10:00-11:00,1,1,已售/已满,教学时间,多云,18,15,4,0.0,84,28
2026-05-21 08:40:38,2026-05-22,4,羽毛球馆-19号,10:00-11:00,1,1,已售/已满,教学时间,多云,18,15,4,0.0,82,28
2026-05-21 08:45:33,2026-05-22,4,羽毛球馆-19号,10:00-11:00,1,1,已售/已满,教学时间,多云,18,15,4,0.0,82,28
2026-05-21 08:50:36,2026-05-22,4,羽毛球馆-19号,10:00-11:00,1,1,已售/已满,教学时间,多云,18,15,4,0.0,82,28
2026-05-21 08:55:34,2026-05-22,4,羽毛球馆-19号,10:00-11:00,1,1,已售/已满,教学时间,多云,18,15,4,0.0,84,28
2026-05-21 09:00:51,2026-05-22,4,羽毛球馆-19号,10:00-11:00,1,1,已售/已满,教学时间,多云,18,15,4,0.0,84,28
2026-05-21 09:01:59,2026-05-22,4,羽毛球馆-19号,10:00-11:00,1,1,已售/已满,教学时间,多云,18,15,4,0.0,83,28
2026-05-21 09:05:33,2026-05-22,4,羽毛球馆-19号,10:00-11:00,1,1,已售/已满,教学时间,多云,18,15,4,0.0,83,28
2026-05-21 09:20:38,2026-05-22,4,羽毛球馆-19号,10:00-11:00,1,1,已售/已满,教学时间,多云,18,16,3,0.0,81,28
2026-05-21 09:30:46,2026-05-22,4,羽毛球馆-19号,10:00-11:00,1,1,已售/已满,教学时间,多云,18,16,3,0.0,81,32
2026-05-21 09:40:36,2026-05-22,4,羽毛球馆-19号,10:00-11:00,1,1,已售/已满,教学时间,多云,19,17,3,0.0,79,32
2026-05-21 09:50:42,2026-05-22,4,羽毛球馆-19号,10:00-11:00,1,1,已售/已满,教学时间,多云,19,17,4,0.0,81,32
2026-05-21 10:00:46,2026-05-22,4,羽毛球馆-19号,10:00-11:00,1,1,已售/已满,教学时间,多云,19,17,4,0.0,79,32
2026-05-21 10:10:40,2026-05-22,4,羽毛球馆-19号,10:00-11:00,1,1,已售/已满,教学时间,多云,19,17,4,0.0,79,32
2026-05-21 10:20:38,2026-05-22,4,羽毛球馆-19号,10:00-11:00,1,1,已售/已满,教学时间,多云,19,17,4,0.0,79,32
2026-05-21 10:30:41,2026-05-22,4,羽毛球馆-19号,10:00-11:00,1,1,已售/已满,教学时间,多云,19,18,3,0.0,78,31
2026-05-21 11:00:44,2026-05-22,4,羽毛球馆-19号,10:00-11:00,1,1,已售/已满,教学时间,多云,21,17,5,0.0,74,31
2026-05-21 11:30:38,2026-05-22,4,羽毛球馆-19号,10:00-11:00,1,1,已售/已满,教学时间,多云,21,19,3,0.0,72,33
2026-05-21 12:00:46,2026-05-22,4,羽毛球馆-19号,10:00-11:00,1,1,已售/已满,教学时间,多云,22,19,4,0.0,70,33
2026-05-21 12:30:42,2026-05-22,4,羽毛球馆-19号,10:00-11:00,1,1,已售/已满,教学时间,多云,22,21,3,0.0,68,35
2026-05-21 13:00:43,2026-05-22,4,羽毛球馆-19号,10:00-11:00,1,1,已售/已满,教学时间,多云,24,22,4,0.0,66,35
2026-05-21 13:30:43,2026-05-22,4,羽毛球馆-19号,10:00-11:00,1,1,已售/已满,教学时间,多云,24,22,4,0.0,66,36
2026-05-21 14:00:48,2026-05-22,4,羽毛球馆-19号,10:00-11:00,1,1,已售/已满,教学时间,多云,25,23,4,0.0,66,36
2026-05-21 14:30:45,2026-05-22,4,羽毛球馆-19号,10:00-11:00,1,1,已售/已满,教学时间,晴,25,25,3,0.0,65,39
2026-05-21 15:00:45,2026-05-22,4,羽毛球馆-19号,10:00-11:00,1,1,已售/已满,教学时间,晴,25,22,4,0.0,56,39
2026-05-21 15:30:43,2026-05-22,4,羽毛球馆-19号,10:00-11:00,1,1,已售/已满,教学时间,晴,25,23,4,0.0,57,40
2026-05-21 16:00:51,2026-05-22,4,羽毛球馆-19号,10:00-11:00,1,1,已售/已满,教学时间,晴,25,23,4,0.0,57,40
2026-05-21 16:30:48,2026-05-22,4,羽毛球馆-19号,10:00-11:00,1,1,已售/已满,教学时间,晴,25,24,3,0.0,60,39
2026-05-21 17:00:49,2026-05-22,4,羽毛球馆-19号,10:00-11:00,1,1,已售/已满,教学时间,晴,25,24,4,0.0,61,39
2026-05-21 17:30:47,2026-05-22,4,羽毛球馆-19号,10:00-11:00,1,1,已售/已满,教学时间,多云,24,23,3,0.0,64,39
2026-05-21 18:00:50,2026-05-22,4,羽毛球馆-19号,10:00-11:00,1,1,已售/已满,教学时间,多云,24,23,3,0.0,68,39
2026-05-21 18:30:50,2026-05-22,4,羽毛球馆-19号,10:00-11:00,1,1,已售/已满,教学时间,阴,24,25,2,0.0,68,40
2026-05-21 19:00:50,2026-05-22,4,羽毛球馆-19号,10:00-11:00,1,1,已售/已满,教学时间,阴,23,23,3,0.0,76,40
2026-05-21 19:30:46,2026-05-22,4,羽毛球馆-19号,10:00-11:00,1,1,已售/已满,教学时间,阴,23,24,2,0.0,77,39
2026-05-21 20:00:49,2026-05-22,4,羽毛球馆-19号,10:00-11:00,1,1,已售/已满,教学时间,雾,22,23,2,0.0,89,39
2026-05-21 20:30:44,2026-05-22,4,羽毛球馆-19号,10:00-11:00,1,1,已售/已满,教学时间,雾,22,24,2,0.0,93,43
2026-05-21 21:00:56,2026-05-22,4,羽毛球馆-19号,10:00-11:00,1,1,已售/已满,教学时间,雾,20,21,2,0.0,98,43
2026-05-21 21:30:46,2026-05-22,4,羽毛球馆-19号,10:00-11:00,1,1,已售/已满,教学时间,雾,20,22,1,0.0,99,41
2026-05-21 22:01:02,2026-05-22,4,羽毛球馆-19号,10:00-11:00,1,1,已售/已满,教学时间,雾,19,20,2,0.0,93,41
2026-05-21 22:30:47,2026-05-22,4,羽毛球馆-19号,10:00-11:00,1,1,已售/已满,教学时间,雾,19,19,3,0.0,88,46
2026-05-21 23:00:56,2026-05-22,4,羽毛球馆-19号,10:00-11:00,1,1,已售/已满,教学时间,多云,18,17,3,0.0,85,46
2026-05-21 23:30:55,2026-05-22,4,羽毛球馆-19号,10:00-11:00,1,1,已售/已满,教学时间,多云,18,17,3,0.0,85,48
2026-05-21 08:00:45,2026-05-22,4,羽毛球馆-19号,11:00-12:00,1,1,已售/已满,教学时间,晴,17,12,5,0.0,86,29
2026-05-21 08:02:30,2026-05-22,4,羽毛球馆-19号,11:00-12:00,1,1,已售/已满,教学时间,多云,17,12,5,0.0,87,29
2026-05-21 08:05:36,2026-05-22,4,羽毛球馆-19号,11:00-12:00,1,1,已售/已满,教学时间,多云,17,12,5,0.0,86,29
2026-05-21 08:08:31,2026-05-22,4,羽毛球馆-19号,11:00-12:00,1,1,已售/已满,教学时间,多云,17,12,5,0.0,86,29
2026-05-21 08:11:30,2026-05-22,4,羽毛球馆-19号,11:00-12:00,1,1,已售/已满,教学时间,多云,17,12,5,0.0,86,29
2026-05-21 08:14:31,2026-05-22,4,羽毛球馆-19号,11:00-12:00,1,1,已售/已满,教学时间,多云,17,12,5,0.0,86,29
2026-05-21 08:17:30,2026-05-22,4,羽毛球馆-19号,11:00-12:00,1,1,已售/已满,教学时间,多云,17,12,5,0.0,86,29
2026-05-21 08:20:35,2026-05-22,4,羽毛球馆-19号,11:00-12:00,1,1,已售/已满,教学时间,多云,17,14,4,0.0,85,29
2026-05-21 08:25:32,2026-05-22,4,羽毛球馆-19号,11:00-12:00,1,1,已售/已满,教学时间,多云,17,14,4,0.0,85,28
2026-05-21 08:30:42,2026-05-22,4,羽毛球馆-19号,11:00-12:00,1,1,已售/已满,教学时间,多云,18,15,4,0.0,84,28
2026-05-21 08:35:31,2026-05-22,4,羽毛球馆-19号,11:00-12:00,1,1,已售/已满,教学时间,多云,18,15,4,0.0,84,28
2026-05-21 08:40:38,2026-05-22,4,羽毛球馆-19号,11:00-12:00,1,1,已售/已满,教学时间,多云,18,15,4,0.0,82,28
2026-05-21 08:45:33,2026-05-22,4,羽毛球馆-19号,11:00-12:00,1,1,已售/已满,教学时间,多云,18,15,4,0.0,82,28
2026-05-21 08:50:36,2026-05-22,4,羽毛球馆-19号,11:00-12:00,1,1,已售/已满,教学时间,多云,18,15,4,0.0,82,28
2026-05-21 08:55:34,2026-05-22,4,羽毛球馆-19号,11:00-12:00,1,1,已售/已满,教学时间,多云,18,15,4,0.0,84,28
2026-05-21 09:00:51,2026-05-22,4,羽毛球馆-19号,11:00-12:00,1,1,已售/已满,教学时间,多云,18,15,4,0.0,84,28
2026-05-21 09:01:59,2026-05-22,4,羽毛球馆-19号,11:00-12:00,1,1,已售/已满,教学时间,多云,18,15,4,0.0,83,28
2026-05-21 09:05:33,2026-05-22,4,羽毛球馆-19号,11:00-12:00,1,1,已售/已满,教学时间,多云,18,15,4,0.0,83,28
2026-05-21 09:20:38,2026-05-22,4,羽毛球馆-19号,11:00-12:00,1,1,已售/已满,教学时间,多云,18,16,3,0.0,81,28
2026-05-21 09:30:46,2026-05-22,4,羽毛球馆-19号,11:00-12:00,1,1,已售/已满,教学时间,多云,18,16,3,0.0,81,32
2026-05-21 09:40:36,2026-05-22,4,羽毛球馆-19号,11:00-12:00,1,1,已售/已满,教学时间,多云,19,17,3,0.0,79,32
2026-05-21 09:50:42,2026-05-22,4,羽毛球馆-19号,11:00-12:00,1,1,已售/已满,教学时间,多云,19,17,4,0.0,81,32
2026-05-21 10:00:46,2026-05-22,4,羽毛球馆-19号,11:00-12:00,1,1,已售/已满,教学时间,多云,19,17,4,0.0,79,32
2026-05-21 10:10:40,2026-05-22,4,羽毛球馆-19号,11:00-12:00,1,1,已售/已满,教学时间,多云,19,17,4,0.0,79,32
2026-05-21 10:20:38,2026-05-22,4,羽毛球馆-19号,11:00-12:00,1,1,已售/已满,教学时间,多云,19,17,4,0.0,79,32
2026-05-21 10:30:41,2026-05-22,4,羽毛球馆-19号,11:00-12:00,1,1,已售/已满,教学时间,多云,19,18,3,0.0,78,31
2026-05-21 11:00:44,2026-05-22,4,羽毛球馆-19号,11:00-12:00,1,1,已售/已满,教学时间,多云,21,17,5,0.0,74,31
2026-05-21 11:30:38,2026-05-22,4,羽毛球馆-19号,11:00-12:00,1,1,已售/已满,教学时间,多云,21,19,3,0.0,72,33
2026-05-21 12:00:46,2026-05-22,4,羽毛球馆-19号,11:00-12:00,1,1,已售/已满,教学时间,多云,22,19,4,0.0,70,33
2026-05-21 12:30:42,2026-05-22,4,羽毛球馆-19号,11:00-12:00,1,1,已售/已满,教学时间,多云,22,21,3,0.0,68,35
2026-05-21 13:00:43,2026-05-22,4,羽毛球馆-19号,11:00-12:00,1,1,已售/已满,教学时间,多云,24,22,4,0.0,66,35
2026-05-21 13:30:43,2026-05-22,4,羽毛球馆-19号,11:00-12:00,1,1,已售/已满,教学时间,多云,24,22,4,0.0,66,36
2026-05-21 14:00:48,2026-05-22,4,羽毛球馆-19号,11:00-12:00,1,1,已售/已满,教学时间,多云,25,23,4,0.0,66,36
2026-05-21 14:30:45,2026-05-22,4,羽毛球馆-19号,11:00-12:00,1,1,已售/已满,教学时间,晴,25,25,3,0.0,65,39
2026-05-21 15:00:45,2026-05-22,4,羽毛球馆-19号,11:00-12:00,1,1,已售/已满,教学时间,晴,25,22,4,0.0,56,39
2026-05-21 15:30:43,2026-05-22,4,羽毛球馆-19号,11:00-12:00,1,1,已售/已满,教学时间,晴,25,23,4,0.0,57,40
2026-05-21 16:00:51,2026-05-22,4,羽毛球馆-19号,11:00-12:00,1,1,已售/已满,教学时间,晴,25,23,4,0.0,57,40
2026-05-21 16:30:48,2026-05-22,4,羽毛球馆-19号,11:00-12:00,1,1,已售/已满,教学时间,晴,25,24,3,0.0,60,39
2026-05-21 17:00:49,2026-05-22,4,羽毛球馆-19号,11:00-12:00,1,1,已售/已满,教学时间,晴,25,24,4,0.0,61,39
2026-05-21 17:30:47,2026-05-22,4,羽毛球馆-19号,11:00-12:00,1,1,已售/已满,教学时间,多云,24,23,3,0.0,64,39
2026-05-21 18:00:50,2026-05-22,4,羽毛球馆-19号,11:00-12:00,1,1,已售/已满,教学时间,多云,24,23,3,0.0,68,39
2026-05-21 18:30:50,2026-05-22,4,羽毛球馆-19号,11:00-12:00,1,1,已售/已满,教学时间,阴,24,25,2,0.0,68,40
2026-05-21 19:00:50,2026-05-22,4,羽毛球馆-19号,11:00-12:00,1,1,已售/已满,教学时间,阴,23,23,3,0.0,76,40
2026-05-21 19:30:46,2026-05-22,4,羽毛球馆-19号,11:00-12:00,1,1,已售/已满,教学时间,阴,23,24,2,0.0,77,39
2026-05-21 20:00:49,2026-05-22,4,羽毛球馆-19号,11:00-12:00,1,1,已售/已满,教学时间,雾,22,23,2,0.0,89,39
2026-05-21 20:30:44,2026-05-22,4,羽毛球馆-19号,11:00-12:00,1,1,已售/已满,教学时间,雾,22,24,2,0.0,93,43
2026-05-21 21:00:56,2026-05-22,4,羽毛球馆-19号,11:00-12:00,1,1,已售/已满,教学时间,雾,20,21,2,0.0,98,43
2026-05-21 21:30:46,2026-05-22,4,羽毛球馆-19号,11:00-12:00,1,1,已售/已满,教学时间,雾,20,22,1,0.0,99,41
2026-05-21 22:01:02,2026-05-22,4,羽毛球馆-19号,11:00-12:00,1,1,已售/已满,教学时间,雾,19,20,2,0.0,93,41
2026-05-21 22:30:47,2026-05-22,4,羽毛球馆-19号,11:00-12:00,1,1,已售/已满,教学时间,雾,19,19,3,0.0,88,46
2026-05-21 23:00:56,2026-05-22,4,羽毛球馆-19号,11:00-12:00,1,1,已售/已满,教学时间,多云,18,17,3,0.0,85,46
2026-05-21 23:30:55,2026-05-22,4,羽毛球馆-19号,11:00-12:00,1,1,已售/已满,教学时间,多云,18,17,3,0.0,85,48
2026-05-21 08:00:45,2026-05-22,4,羽毛球馆-19号,12:00-12:55,0,1,可预约,￥0.0,晴,17,12,5,0.0,86,29
2026-05-21 08:02:30,2026-05-22,4,羽毛球馆-19号,12:00-12:55,0,1,可预约,￥0.0,多云,17,12,5,0.0,87,29
2026-05-21 08:05:36,2026-05-22,4,羽毛球馆-19号,12:00-12:55,0,1,可预约,￥0.0,多云,17,12,5,0.0,86,29
2026-05-21 08:08:31,2026-05-22,4,羽毛球馆-19号,12:00-12:55,0,1,可预约,￥0.0,多云,17,12,5,0.0,86,29
2026-05-21 08:11:30,2026-05-22,4,羽毛球馆-19号,12:00-12:55,0,1,可预约,￥0.0,多云,17,12,5,0.0,86,29
2026-05-21 08:14:31,2026-05-22,4,羽毛球馆-19号,12:00-12:55,0,1,可预约,￥0.0,多云,17,12,5,0.0,86,29
2026-05-21 08:17:30,2026-05-22,4,羽毛球馆-19号,12:00-12:55,0,1,可预约,￥0.0,多云,17,12,5,0.0,86,29
2026-05-21 08:20:35,2026-05-22,4,羽毛球馆-19号,12:00-12:55,0,1,可预约,￥0.0,多云,17,14,4,0.0,85,29
2026-05-21 08:25:32,2026-05-22,4,羽毛球馆-19号,12:00-12:55,0,1,可预约,￥0.0,多云,17,14,4,0.0,85,28
2026-05-21 08:30:42,2026-05-22,4,羽毛球馆-19号,12:00-12:55,0,1,可预约,￥0.0,多云,18,15,4,0.0,84,28
2026-05-21 08:35:31,2026-05-22,4,羽毛球馆-19号,12:00-12:55,0,1,可预约,￥0.0,多云,18,15,4,0.0,84,28
2026-05-21 08:40:38,2026-05-22,4,羽毛球馆-19号,12:00-12:55,0,1,可预约,￥0.0,多云,18,15,4,0.0,82,28
2026-05-21 08:45:33,2026-05-22,4,羽毛球馆-19号,12:00-12:55,0,1,可预约,￥0.0,多云,18,15,4,0.0,82,28
2026-05-21 08:50:36,2026-05-22,4,羽毛球馆-19号,12:00-12:55,0,1,可预约,￥0.0,多云,18,15,4,0.0,82,28
2026-05-21 08:55:34,2026-05-22,4,羽毛球馆-19号,12:00-12:55,0,1,可预约,￥0.0,多云,18,15,4,0.0,84,28
2026-05-21 09:00:51,2026-05-22,4,羽毛球馆-19号,12:00-12:55,0,1,可预约,￥0.0,多云,18,15,4,0.0,84,28
2026-05-21 09:01:59,2026-05-22,4,羽毛球馆-19号,12:00-12:55,0,1,可预约,￥0.0,多云,18,15,4,0.0,83,28
2026-05-21 09:05:33,2026-05-22,4,羽毛球馆-19号,12:00-12:55,0,1,可预约,￥0.0,多云,18,15,4,0.0,83,28
2026-05-21 09:20:38,2026-05-22,4,羽毛球馆-19号,12:00-12:55,1,1,已售/已满,已售,多云,18,16,3,0.0,81,28
2026-05-21 09:30:46,2026-05-22,4,羽毛球馆-19号,12:00-12:55,1,1,已售/已满,已售,多云,18,16,3,0.0,81,32
2026-05-21 09:40:36,2026-05-22,4,羽毛球馆-19号,12:00-12:55,1,1,已售/已满,已售,多云,19,17,3,0.0,79,32
2026-05-21 09:50:42,2026-05-22,4,羽毛球馆-19号,12:00-12:55,1,1,已售/已满,已售,多云,19,17,4,0.0,81,32
2026-05-21 10:00:46,2026-05-22,4,羽毛球馆-19号,12:00-12:55,1,1,已售/已满,已售,多云,19,17,4,0.0,79,32
2026-05-21 10:10:40,2026-05-22,4,羽毛球馆-19号,12:00-12:55,1,1,已售/已满,已售,多云,19,17,4,0.0,79,32
2026-05-21 10:20:38,2026-05-22,4,羽毛球馆-19号,12:00-12:55,1,1,已售/已满,已售,多云,19,17,4,0.0,79,32
2026-05-21 10:30:41,2026-05-22,4,羽毛球馆-19号,12:00-12:55,1,1,已售/已满,已售,多云,19,18,3,0.0,78,31
2026-05-21 11:00:44,2026-05-22,4,羽毛球馆-19号,12:00-12:55,1,1,已售/已满,已售,多云,21,17,5,0.0,74,31
2026-05-21 11:30:38,2026-05-22,4,羽毛球馆-19号,12:00-12:55,1,1,已售/已满,已售,多云,21,19,3,0.0,72,33
2026-05-21 12:00:46,2026-05-22,4,羽毛球馆-19号,12:00-12:55,1,1,已售/已满,已售,多云,22,19,4,0.0,70,33
2026-05-21 12:30:42,2026-05-22,4,羽毛球馆-19号,12:00-12:55,1,1,已售/已满,已售,多云,22,21,3,0.0,68,35
2026-05-21 13:00:43,2026-05-22,4,羽毛球馆-19号,12:00-12:55,1,1,已售/已满,已售,多云,24,22,4,0.0,66,35
2026-05-21 13:30:43,2026-05-22,4,羽毛球馆-19号,12:00-12:55,1,1,已售/已满,已售,多云,24,22,4,0.0,66,36
2026-05-21 14:00:48,2026-05-22,4,羽毛球馆-19号,12:00-12:55,1,1,已售/已满,已售,多云,25,23,4,0.0,66,36
2026-05-21 14:30:45,2026-05-22,4,羽毛球馆-19号,12:00-12:55,1,1,已售/已满,已售,晴,25,25,3,0.0,65,39
2026-05-21 15:00:45,2026-05-22,4,羽毛球馆-19号,12:00-12:55,1,1,已售/已满,已售,晴,25,22,4,0.0,56,39
2026-05-21 15:30:43,2026-05-22,4,羽毛球馆-19号,12:00-12:55,1,1,已售/已满,已售,晴,25,23,4,0.0,57,40
2026-05-21 16:00:51,2026-05-22,4,羽毛球馆-19号,12:00-12:55,1,1,已售/已满,已售,晴,25,23,4,0.0,57,40
2026-05-21 16:30:48,2026-05-22,4,羽毛球馆-19号,12:00-12:55,1,1,已售/已满,已售,晴,25,24,3,0.0,60,39
2026-05-21 17:00:49,2026-05-22,4,羽毛球馆-19号,12:00-12:55,1,1,已售/已满,已售,晴,25,24,4,0.0,61,39
2026-05-21 17:30:47,2026-05-22,4,羽毛球馆-19号,12:00-12:55,1,1,已售/已满,已售,多云,24,23,3,0.0,64,39
2026-05-21 18:00:50,2026-05-22,4,羽毛球馆-19号,12:00-12:55,1,1,已售/已满,已售,多云,24,23,3,0.0,68,39
2026-05-21 18:30:50,2026-05-22,4,羽毛球馆-19号,12:00-12:55,1,1,已售/已满,已售,阴,24,25,2,0.0,68,40
2026-05-21 19:00:50,2026-05-22,4,羽毛球馆-19号,12:00-12:55,1,1,已售/已满,已售,阴,23,23,3,0.0,76,40
2026-05-21 19:30:46,2026-05-22,4,羽毛球馆-19号,12:00-12:55,1,1,已售/已满,已售,阴,23,24,2,0.0,77,39
2026-05-21 20:00:49,2026-05-22,4,羽毛球馆-19号,12:00-12:55,1,1,已售/已满,已售,雾,22,23,2,0.0,89,39
2026-05-21 20:30:44,2026-05-22,4,羽毛球馆-19号,12:00-12:55,1,1,已售/已满,已售,雾,22,24,2,0.0,93,43
2026-05-21 21:00:56,2026-05-22,4,羽毛球馆-19号,12:00-12:55,1,1,已售/已满,已售,雾,20,21,2,0.0,98,43
2026-05-21 21:30:46,2026-05-22,4,羽毛球馆-19号,12:00-12:55,1,1,已售/已满,已售,雾,20,22,1,0.0,99,41
2026-05-21 22:01:02,2026-05-22,4,羽毛球馆-19号,12:00-12:55,1,1,已售/已满,已售,雾,19,20,2,0.0,93,41
2026-05-21 22:30:47,2026-05-22,4,羽毛球馆-19号,12:00-12:55,1,1,已售/已满,已售,雾,19,19,3,0.0,88,46
2026-05-21 23:00:56,2026-05-22,4,羽毛球馆-19号,12:00-12:55,1,1,已售/已满,已售,多云,18,17,3,0.0,85,46
2026-05-21 23:30:55,2026-05-22,4,羽毛球馆-19号,12:00-12:55,1,1,已售/已满,已售,多云,18,17,3,0.0,85,48
2026-05-21 08:00:45,2026-05-22,4,羽毛球馆-19号,12:55-13:50,0,1,可预约,￥0.0,晴,17,12,5,0.0,86,29
2026-05-21 08:02:30,2026-05-22,4,羽毛球馆-19号,12:55-13:50,0,1,可预约,￥0.0,多云,17,12,5,0.0,87,29
2026-05-21 08:05:36,2026-05-22,4,羽毛球馆-19号,12:55-13:50,0,1,可预约,￥0.0,多云,17,12,5,0.0,86,29
2026-05-21 08:08:31,2026-05-22,4,羽毛球馆-19号,12:55-13:50,0,1,可预约,￥0.0,多云,17,12,5,0.0,86,29
2026-05-21 08:11:30,2026-05-22,4,羽毛球馆-19号,12:55-13:50,0,1,可预约,￥0.0,多云,17,12,5,0.0,86,29
2026-05-21 08:14:31,2026-05-22,4,羽毛球馆-19号,12:55-13:50,0,1,可预约,￥0.0,多云,17,12,5,0.0,86,29
2026-05-21 08:17:30,2026-05-22,4,羽毛球馆-19号,12:55-13:50,0,1,可预约,￥0.0,多云,17,12,5,0.0,86,29
2026-05-21 08:20:35,2026-05-22,4,羽毛球馆-19号,12:55-13:50,0,1,可预约,￥0.0,多云,17,14,4,0.0,85,29
2026-05-21 08:25:32,2026-05-22,4,羽毛球馆-19号,12:55-13:50,0,1,可预约,￥0.0,多云,17,14,4,0.0,85,28
2026-05-21 08:30:42,2026-05-22,4,羽毛球馆-19号,12:55-13:50,0,1,可预约,￥0.0,多云,18,15,4,0.0,84,28
2026-05-21 08:35:31,2026-05-22,4,羽毛球馆-19号,12:55-13:50,0,1,可预约,￥0.0,多云,18,15,4,0.0,84,28
2026-05-21 08:40:38,2026-05-22,4,羽毛球馆-19号,12:55-13:50,0,1,可预约,￥0.0,多云,18,15,4,0.0,82,28
2026-05-21 08:45:33,2026-05-22,4,羽毛球馆-19号,12:55-13:50,0,1,可预约,￥0.0,多云,18,15,4,0.0,82,28
2026-05-21 08:50:36,2026-05-22,4,羽毛球馆-19号,12:55-13:50,0,1,可预约,￥0.0,多云,18,15,4,0.0,82,28
2026-05-21 08:55:34,2026-05-22,4,羽毛球馆-19号,12:55-13:50,0,1,可预约,￥0.0,多云,18,15,4,0.0,84,28
2026-05-21 09:00:51,2026-05-22,4,羽毛球馆-19号,12:55-13:50,0,1,可预约,￥0.0,多云,18,15,4,0.0,84,28
2026-05-21 09:01:59,2026-05-22,4,羽毛球馆-19号,12:55-13:50,0,1,可预约,￥0.0,多云,18,15,4,0.0,83,28
2026-05-21 09:05:33,2026-05-22,4,羽毛球馆-19号,12:55-13:50,0,1,可预约,￥0.0,多云,18,15,4,0.0,83,28
2026-05-21 09:20:38,2026-05-22,4,羽毛球馆-19号,12:55-13:50,1,1,已售/已满,已售,多云,18,16,3,0.0,81,28
2026-05-21 09:30:46,2026-05-22,4,羽毛球馆-19号,12:55-13:50,1,1,已售/已满,已售,多云,18,16,3,0.0,81,32
2026-05-21 09:40:36,2026-05-22,4,羽毛球馆-19号,12:55-13:50,1,1,已售/已满,已售,多云,19,17,3,0.0,79,32
2026-05-21 09:50:42,2026-05-22,4,羽毛球馆-19号,12:55-13:50,1,1,已售/已满,已售,多云,19,17,4,0.0,81,32
2026-05-21 10:00:46,2026-05-22,4,羽毛球馆-19号,12:55-13:50,1,1,已售/已满,已售,多云,19,17,4,0.0,79,32
2026-05-21 10:10:40,2026-05-22,4,羽毛球馆-19号,12:55-13:50,1,1,已售/已满,已售,多云,19,17,4,0.0,79,32
2026-05-21 10:20:38,2026-05-22,4,羽毛球馆-19号,12:55-13:50,1,1,已售/已满,已售,多云,19,17,4,0.0,79,32
2026-05-21 10:30:41,2026-05-22,4,羽毛球馆-19号,12:55-13:50,1,1,已售/已满,已售,多云,19,18,3,0.0,78,31
2026-05-21 11:00:44,2026-05-22,4,羽毛球馆-19号,12:55-13:50,1,1,已售/已满,已售,多云,21,17,5,0.0,74,31
2026-05-21 11:30:38,2026-05-22,4,羽毛球馆-19号,12:55-13:50,1,1,已售/已满,已售,多云,21,19,3,0.0,72,33
2026-05-21 12:00:46,2026-05-22,4,羽毛球馆-19号,12:55-13:50,1,1,已售/已满,已售,多云,22,19,4,0.0,70,33
2026-05-21 12:30:42,2026-05-22,4,羽毛球馆-19号,12:55-13:50,1,1,已售/已满,已售,多云,22,21,3,0.0,68,35
2026-05-21 13:00:43,2026-05-22,4,羽毛球馆-19号,12:55-13:50,1,1,已售/已满,已售,多云,24,22,4,0.0,66,35
2026-05-21 13:30:43,2026-05-22,4,羽毛球馆-19号,12:55-13:50,1,1,已售/已满,已售,多云,24,22,4,0.0,66,36
2026-05-21 14:00:48,2026-05-22,4,羽毛球馆-19号,12:55-13:50,1,1,已售/已满,已售,多云,25,23,4,0.0,66,36
2026-05-21 14:30:45,2026-05-22,4,羽毛球馆-19号,12:55-13:50,1,1,已售/已满,已售,晴,25,25,3,0.0,65,39
2026-05-21 15:00:45,2026-05-22,4,羽毛球馆-19号,12:55-13:50,1,1,已售/已满,已售,晴,25,22,4,0.0,56,39
2026-05-21 15:30:43,2026-05-22,4,羽毛球馆-19号,12:55-13:50,1,1,已售/已满,已售,晴,25,23,4,0.0,57,40
2026-05-21 16:00:51,2026-05-22,4,羽毛球馆-19号,12:55-13:50,1,1,已售/已满,已售,晴,25,23,4,0.0,57,40
2026-05-21 16:30:48,2026-05-22,4,羽毛球馆-19号,12:55-13:50,1,1,已售/已满,已售,晴,25,24,3,0.0,60,39
2026-05-21 17:00:49,2026-05-22,4,羽毛球馆-19号,12:55-13:50,1,1,已售/已满,已售,晴,25,24,4,0.0,61,39
2026-05-21 17:30:47,2026-05-22,4,羽毛球馆-19号,12:55-13:50,1,1,已售/已满,已售,多云,24,23,3,0.0,64,39
2026-05-21 18:00:50,2026-05-22,4,羽毛球馆-19号,12:55-13:50,1,1,已售/已满,已售,多云,24,23,3,0.0,68,39
2026-05-21 18:30:50,2026-05-22,4,羽毛球馆-19号,12:55-13:50,1,1,已售/已满,已售,阴,24,25,2,0.0,68,40
2026-05-21 19:00:50,2026-05-22,4,羽毛球馆-19号,12:55-13:50,1,1,已售/已满,已售,阴,23,23,3,0.0,76,40
2026-05-21 19:30:46,2026-05-22,4,羽毛球馆-19号,12:55-13:50,1,1,已售/已满,已售,阴,23,24,2,0.0,77,39
2026-05-21 20:00:49,2026-05-22,4,羽毛球馆-19号,12:55-13:50,1,1,已售/已满,已售,雾,22,23,2,0.0,89,39
2026-05-21 20:30:44,2026-05-22,4,羽毛球馆-19号,12:55-13:50,1,1,已售/已满,已售,雾,22,24,2,0.0,93,43
2026-05-21 21:00:56,2026-05-22,4,羽毛球馆-19号,12:55-13:50,1,1,已售/已满,已售,雾,20,21,2,0.0,98,43
2026-05-21 21:30:46,2026-05-22,4,羽毛球馆-19号,12:55-13:50,1,1,已售/已满,已售,雾,20,22,1,0.0,99,41
2026-05-21 22:01:02,2026-05-22,4,羽毛球馆-19号,12:55-13:50,1,1,已售/已满,已售,雾,19,20,2,0.0,93,41
2026-05-21 22:30:47,2026-05-22,4,羽毛球馆-19号,12:55-13:50,1,1,已售/已满,已售,雾,19,19,3,0.0,88,46
2026-05-21 23:00:56,2026-05-22,4,羽毛球馆-19号,12:55-13:50,1,1,已售/已满,已售,多云,18,17,3,0.0,85,46
2026-05-21 23:30:55,2026-05-22,4,羽毛球馆-19号,12:55-13:50,1,1,已售/已满,已售,多云,18,17,3,0.0,85,48
2026-05-21 08:00:45,2026-05-22,4,羽毛球馆-19号,14:00-15:00,1,1,已售/已满,教学时间,晴,17,12,5,0.0,86,29
2026-05-21 08:02:30,2026-05-22,4,羽毛球馆-19号,14:00-15:00,1,1,已售/已满,教学时间,多云,17,12,5,0.0,87,29
2026-05-21 08:05:36,2026-05-22,4,羽毛球馆-19号,14:00-15:00,1,1,已售/已满,教学时间,多云,17,12,5,0.0,86,29
2026-05-21 08:08:31,2026-05-22,4,羽毛球馆-19号,14:00-15:00,1,1,已售/已满,教学时间,多云,17,12,5,0.0,86,29
2026-05-21 08:11:30,2026-05-22,4,羽毛球馆-19号,14:00-15:00,1,1,已售/已满,教学时间,多云,17,12,5,0.0,86,29
2026-05-21 08:14:31,2026-05-22,4,羽毛球馆-19号,14:00-15:00,1,1,已售/已满,教学时间,多云,17,12,5,0.0,86,29
2026-05-21 08:17:30,2026-05-22,4,羽毛球馆-19号,14:00-15:00,1,1,已售/已满,教学时间,多云,17,12,5,0.0,86,29
2026-05-21 08:20:35,2026-05-22,4,羽毛球馆-19号,14:00-15:00,1,1,已售/已满,教学时间,多云,17,14,4,0.0,85,29
2026-05-21 08:25:32,2026-05-22,4,羽毛球馆-19号,14:00-15:00,1,1,已售/已满,教学时间,多云,17,14,4,0.0,85,28
2026-05-21 08:30:42,2026-05-22,4,羽毛球馆-19号,14:00-15:00,1,1,已售/已满,教学时间,多云,18,15,4,0.0,84,28
2026-05-21 08:35:31,2026-05-22,4,羽毛球馆-19号,14:00-15:00,1,1,已售/已满,教学时间,多云,18,15,4,0.0,84,28
2026-05-21 08:40:38,2026-05-22,4,羽毛球馆-19号,14:00-15:00,1,1,已售/已满,教学时间,多云,18,15,4,0.0,82,28
2026-05-21 08:45:33,2026-05-22,4,羽毛球馆-19号,14:00-15:00,1,1,已售/已满,教学时间,多云,18,15,4,0.0,82,28
2026-05-21 08:50:36,2026-05-22,4,羽毛球馆-19号,14:00-15:00,1,1,已售/已满,教学时间,多云,18,15,4,0.0,82,28
2026-05-21 08:55:34,2026-05-22,4,羽毛球馆-19号,14:00-15:00,1,1,已售/已满,教学时间,多云,18,15,4,0.0,84,28
2026-05-21 09:00:51,2026-05-22,4,羽毛球馆-19号,14:00-15:00,1,1,已售/已满,教学时间,多云,18,15,4,0.0,84,28
2026-05-21 09:01:59,2026-05-22,4,羽毛球馆-19号,14:00-15:00,1,1,已售/已满,教学时间,多云,18,15,4,0.0,83,28
2026-05-21 09:05:33,2026-05-22,4,羽毛球馆-19号,14:00-15:00,1,1,已售/已满,教学时间,多云,18,15,4,0.0,83,28
2026-05-21 09:20:38,2026-05-22,4,羽毛球馆-19号,14:00-15:00,1,1,已售/已满,教学时间,多云,18,16,3,0.0,81,28
2026-05-21 09:30:46,2026-05-22,4,羽毛球馆-19号,14:00-15:00,1,1,已售/已满,教学时间,多云,18,16,3,0.0,81,32
2026-05-21 09:40:36,2026-05-22,4,羽毛球馆-19号,14:00-15:00,1,1,已售/已满,教学时间,多云,19,17,3,0.0,79,32
2026-05-21 09:50:42,2026-05-22,4,羽毛球馆-19号,14:00-15:00,1,1,已售/已满,教学时间,多云,19,17,4,0.0,81,32
2026-05-21 10:00:46,2026-05-22,4,羽毛球馆-19号,14:00-15:00,1,1,已售/已满,教学时间,多云,19,17,4,0.0,79,32
2026-05-21 10:10:40,2026-05-22,4,羽毛球馆-19号,14:00-15:00,1,1,已售/已满,教学时间,多云,19,17,4,0.0,79,32
2026-05-21 10:20:38,2026-05-22,4,羽毛球馆-19号,14:00-15:00,1,1,已售/已满,教学时间,多云,19,17,4,0.0,79,32
2026-05-21 10:30:41,2026-05-22,4,羽毛球馆-19号,14:00-15:00,1,1,已售/已满,教学时间,多云,19,18,3,0.0,78,31
2026-05-21 11:00:44,2026-05-22,4,羽毛球馆-19号,14:00-15:00,1,1,已售/已满,教学时间,多云,21,17,5,0.0,74,31
2026-05-21 11:30:38,2026-05-22,4,羽毛球馆-19号,14:00-15:00,1,1,已售/已满,教学时间,多云,21,19,3,0.0,72,33
2026-05-21 12:00:46,2026-05-22,4,羽毛球馆-19号,14:00-15:00,1,1,已售/已满,教学时间,多云,22,19,4,0.0,70,33
2026-05-21 12:30:42,2026-05-22,4,羽毛球馆-19号,14:00-15:00,1,1,已售/已满,教学时间,多云,22,21,3,0.0,68,35
2026-05-21 13:00:43,2026-05-22,4,羽毛球馆-19号,14:00-15:00,1,1,已售/已满,教学时间,多云,24,22,4,0.0,66,35
2026-05-21 13:30:43,2026-05-22,4,羽毛球馆-19号,14:00-15:00,1,1,已售/已满,教学时间,多云,24,22,4,0.0,66,36
2026-05-21 14:00:48,2026-05-22,4,羽毛球馆-19号,14:00-15:00,1,1,已售/已满,教学时间,多云,25,23,4,0.0,66,36
2026-05-21 14:30:45,2026-05-22,4,羽毛球馆-19号,14:00-15:00,1,1,已售/已满,教学时间,晴,25,25,3,0.0,65,39
2026-05-21 15:00:45,2026-05-22,4,羽毛球馆-19号,14:00-15:00,1,1,已售/已满,教学时间,晴,25,22,4,0.0,56,39
2026-05-21 15:30:43,2026-05-22,4,羽毛球馆-19号,14:00-15:00,1,1,已售/已满,教学时间,晴,25,23,4,0.0,57,40
2026-05-21 16:00:51,2026-05-22,4,羽毛球馆-19号,14:00-15:00,1,1,已售/已满,教学时间,晴,25,23,4,0.0,57,40
2026-05-21 16:30:48,2026-05-22,4,羽毛球馆-19号,14:00-15:00,1,1,已售/已满,教学时间,晴,25,24,3,0.0,60,39
2026-05-21 17:00:49,2026-05-22,4,羽毛球馆-19号,14:00-15:00,1,1,已售/已满,教学时间,晴,25,24,4,0.0,61,39
2026-05-21 17:30:47,2026-05-22,4,羽毛球馆-19号,14:00-15:00,1,1,已售/已满,教学时间,多云,24,23,3,0.0,64,39
2026-05-21 18:00:50,2026-05-22,4,羽毛球馆-19号,14:00-15:00,1,1,已售/已满,教学时间,多云,24,23,3,0.0,68,39
2026-05-21 18:30:50,2026-05-22,4,羽毛球馆-19号,14:00-15:00,1,1,已售/已满,教学时间,阴,24,25,2,0.0,68,40
2026-05-21 19:00:50,2026-05-22,4,羽毛球馆-19号,14:00-15:00,1,1,已售/已满,教学时间,阴,23,23,3,0.0,76,40
2026-05-21 19:30:46,2026-05-22,4,羽毛球馆-19号,14:00-15:00,1,1,已售/已满,教学时间,阴,23,24,2,0.0,77,39
2026-05-21 20:00:49,2026-05-22,4,羽毛球馆-19号,14:00-15:00,1,1,已售/已满,教学时间,雾,22,23,2,0.0,89,39
2026-05-21 20:30:44,2026-05-22,4,羽毛球馆-19号,14:00-15:00,1,1,已售/已满,教学时间,雾,22,24,2,0.0,93,43
2026-05-21 21:00:56,2026-05-22,4,羽毛球馆-19号,14:00-15:00,1,1,已售/已满,教学时间,雾,20,21,2,0.0,98,43
2026-05-21 21:30:46,2026-05-22,4,羽毛球馆-19号,14:00-15:00,1,1,已售/已满,教学时间,雾,20,22,1,0.0,99,41
2026-05-21 22:01:02,2026-05-22,4,羽毛球馆-19号,14:00-15:00,1,1,已售/已满,教学时间,雾,19,20,2,0.0,93,41
2026-05-21 22:30:47,2026-05-22,4,羽毛球馆-19号,14:00-15:00,1,1,已售/已满,教学时间,雾,19,19,3,0.0,88,46
2026-05-21 23:00:56,2026-05-22,4,羽毛球馆-19号,14:00-15:00,1,1,已售/已满,教学时间,多云,18,17,3,0.0,85,46
2026-05-21 23:30:55,2026-05-22,4,羽毛球馆-19号,14:00-15:00,1,1,已售/已满,教学时间,多云,18,17,3,0.0,85,48
2026-05-21 08:00:45,2026-05-22,4,羽毛球馆-19号,15:00-16:00,1,1,已售/已满,教学时间,晴,17,12,5,0.0,86,29
2026-05-21 08:02:30,2026-05-22,4,羽毛球馆-19号,15:00-16:00,1,1,已售/已满,教学时间,多云,17,12,5,0.0,87,29
2026-05-21 08:05:36,2026-05-22,4,羽毛球馆-19号,15:00-16:00,1,1,已售/已满,教学时间,多云,17,12,5,0.0,86,29
2026-05-21 08:08:31,2026-05-22,4,羽毛球馆-19号,15:00-16:00,1,1,已售/已满,教学时间,多云,17,12,5,0.0,86,29
2026-05-21 08:11:30,2026-05-22,4,羽毛球馆-19号,15:00-16:00,1,1,已售/已满,教学时间,多云,17,12,5,0.0,86,29
2026-05-21 08:14:31,2026-05-22,4,羽毛球馆-19号,15:00-16:00,1,1,已售/已满,教学时间,多云,17,12,5,0.0,86,29
2026-05-21 08:17:30,2026-05-22,4,羽毛球馆-19号,15:00-16:00,1,1,已售/已满,教学时间,多云,17,12,5,0.0,86,29
2026-05-21 08:20:35,2026-05-22,4,羽毛球馆-19号,15:00-16:00,1,1,已售/已满,教学时间,多云,17,14,4,0.0,85,29
2026-05-21 08:25:32,2026-05-22,4,羽毛球馆-19号,15:00-16:00,1,1,已售/已满,教学时间,多云,17,14,4,0.0,85,28
2026-05-21 08:30:42,2026-05-22,4,羽毛球馆-19号,15:00-16:00,1,1,已售/已满,教学时间,多云,18,15,4,0.0,84,28
2026-05-21 08:35:31,2026-05-22,4,羽毛球馆-19号,15:00-16:00,1,1,已售/已满,教学时间,多云,18,15,4,0.0,84,28
2026-05-21 08:40:38,2026-05-22,4,羽毛球馆-19号,15:00-16:00,1,1,已售/已满,教学时间,多云,18,15,4,0.0,82,28
2026-05-21 08:45:33,2026-05-22,4,羽毛球馆-19号,15:00-16:00,1,1,已售/已满,教学时间,多云,18,15,4,0.0,82,28
2026-05-21 08:50:36,2026-05-22,4,羽毛球馆-19号,15:00-16:00,1,1,已售/已满,教学时间,多云,18,15,4,0.0,82,28
2026-05-21 08:55:34,2026-05-22,4,羽毛球馆-19号,15:00-16:00,1,1,已售/已满,教学时间,多云,18,15,4,0.0,84,28
2026-05-21 09:00:51,2026-05-22,4,羽毛球馆-19号,15:00-16:00,1,1,已售/已满,教学时间,多云,18,15,4,0.0,84,28
2026-05-21 09:01:59,2026-05-22,4,羽毛球馆-19号,15:00-16:00,1,1,已售/已满,教学时间,多云,18,15,4,0.0,83,28
2026-05-21 09:05:33,2026-05-22,4,羽毛球馆-19号,15:00-16:00,1,1,已售/已满,教学时间,多云,18,15,4,0.0,83,28
2026-05-21 09:20:38,2026-05-22,4,羽毛球馆-19号,15:00-16:00,1,1,已售/已满,教学时间,多云,18,16,3,0.0,81,28
2026-05-21 09:30:46,2026-05-22,4,羽毛球馆-19号,15:00-16:00,1,1,已售/已满,教学时间,多云,18,16,3,0.0,81,32
2026-05-21 09:40:36,2026-05-22,4,羽毛球馆-19号,15:00-16:00,1,1,已售/已满,教学时间,多云,19,17,3,0.0,79,32
2026-05-21 09:50:42,2026-05-22,4,羽毛球馆-19号,15:00-16:00,1,1,已售/已满,教学时间,多云,19,17,4,0.0,81,32
2026-05-21 10:00:46,2026-05-22,4,羽毛球馆-19号,15:00-16:00,1,1,已售/已满,教学时间,多云,19,17,4,0.0,79,32
2026-05-21 10:10:40,2026-05-22,4,羽毛球馆-19号,15:00-16:00,1,1,已售/已满,教学时间,多云,19,17,4,0.0,79,32
2026-05-21 10:20:38,2026-05-22,4,羽毛球馆-19号,15:00-16:00,1,1,已售/已满,教学时间,多云,19,17,4,0.0,79,32
2026-05-21 10:30:41,2026-05-22,4,羽毛球馆-19号,15:00-16:00,1,1,已售/已满,教学时间,多云,19,18,3,0.0,78,31
2026-05-21 11:00:44,2026-05-22,4,羽毛球馆-19号,15:00-16:00,1,1,已售/已满,教学时间,多云,21,17,5,0.0,74,31
2026-05-21 11:30:38,2026-05-22,4,羽毛球馆-19号,15:00-16:00,1,1,已售/已满,教学时间,多云,21,19,3,0.0,72,33
2026-05-21 12:00:46,2026-05-22,4,羽毛球馆-19号,15:00-16:00,1,1,已售/已满,教学时间,多云,22,19,4,0.0,70,33
2026-05-21 12:30:42,2026-05-22,4,羽毛球馆-19号,15:00-16:00,1,1,已售/已满,教学时间,多云,22,21,3,0.0,68,35
2026-05-21 13:00:43,2026-05-22,4,羽毛球馆-19号,15:00-16:00,1,1,已售/已满,教学时间,多云,24,22,4,0.0,66,35
2026-05-21 13:30:43,2026-05-22,4,羽毛球馆-19号,15:00-16:00,1,1,已售/已满,教学时间,多云,24,22,4,0.0,66,36
2026-05-21 14:00:48,2026-05-22,4,羽毛球馆-19号,15:00-16:00,1,1,已售/已满,教学时间,多云,25,23,4,0.0,66,36
2026-05-21 14:30:45,2026-05-22,4,羽毛球馆-19号,15:00-16:00,1,1,已售/已满,教学时间,晴,25,25,3,0.0,65,39
2026-05-21 15:00:45,2026-05-22,4,羽毛球馆-19号,15:00-16:00,1,1,已售/已满,教学时间,晴,25,22,4,0.0,56,39
2026-05-21 15:30:43,2026-05-22,4,羽毛球馆-19号,15:00-16:00,1,1,已售/已满,教学时间,晴,25,23,4,0.0,57,40
2026-05-21 16:00:51,2026-05-22,4,羽毛球馆-19号,15:00-16:00,1,1,已售/已满,教学时间,晴,25,23,4,0.0,57,40
2026-05-21 16:30:48,2026-05-22,4,羽毛球馆-19号,15:00-16:00,1,1,已售/已满,教学时间,晴,25,24,3,0.0,60,39
2026-05-21 17:00:49,2026-05-22,4,羽毛球馆-19号,15:00-16:00,1,1,已售/已满,教学时间,晴,25,24,4,0.0,61,39
2026-05-21 17:30:47,2026-05-22,4,羽毛球馆-19号,15:00-16:00,1,1,已售/已满,教学时间,多云,24,23,3,0.0,64,39
2026-05-21 18:00:50,2026-05-22,4,羽毛球馆-19号,15:00-16:00,1,1,已售/已满,教学时间,多云,24,23,3,0.0,68,39
2026-05-21 18:30:50,2026-05-22,4,羽毛球馆-19号,15:00-16:00,1,1,已售/已满,教学时间,阴,24,25,2,0.0,68,40
2026-05-21 19:00:50,2026-05-22,4,羽毛球馆-19号,15:00-16:00,1,1,已售/已满,教学时间,阴,23,23,3,0.0,76,40
2026-05-21 19:30:46,2026-05-22,4,羽毛球馆-19号,15:00-16:00,1,1,已售/已满,教学时间,阴,23,24,2,0.0,77,39
2026-05-21 20:00:49,2026-05-22,4,羽毛球馆-19号,15:00-16:00,1,1,已售/已满,教学时间,雾,22,23,2,0.0,89,39
2026-05-21 20:30:44,2026-05-22,4,羽毛球馆-19号,15:00-16:00,1,1,已售/已满,教学时间,雾,22,24,2,0.0,93,43
2026-05-21 21:00:56,2026-05-22,4,羽毛球馆-19号,15:00-16:00,1,1,已售/已满,教学时间,雾,20,21,2,0.0,98,43
2026-05-21 21:30:46,2026-05-22,4,羽毛球馆-19号,15:00-16:00,1,1,已售/已满,教学时间,雾,20,22,1,0.0,99,41
2026-05-21 22:01:02,2026-05-22,4,羽毛球馆-19号,15:00-16:00,1,1,已售/已满,教学时间,雾,19,20,2,0.0,93,41
2026-05-21 22:30:47,2026-05-22,4,羽毛球馆-19号,15:00-16:00,1,1,已售/已满,教学时间,雾,19,19,3,0.0,88,46
2026-05-21 23:00:56,2026-05-22,4,羽毛球馆-19号,15:00-16:00,1,1,已售/已满,教学时间,多云,18,17,3,0.0,85,46
2026-05-21 23:30:55,2026-05-22,4,羽毛球馆-19号,15:00-16:00,1,1,已售/已满,教学时间,多云,18,17,3,0.0,85,48
2026-05-21 08:00:45,2026-05-22,4,羽毛球馆-19号,16:00-17:00,0,1,可预约,￥12.0,晴,17,12,5,0.0,86,29
2026-05-21 08:02:30,2026-05-22,4,羽毛球馆-19号,16:00-17:00,0,1,可预约,￥12.0,多云,17,12,5,0.0,87,29
2026-05-21 08:05:36,2026-05-22,4,羽毛球馆-19号,16:00-17:00,0,1,可预约,￥12.0,多云,17,12,5,0.0,86,29
2026-05-21 08:08:31,2026-05-22,4,羽毛球馆-19号,16:00-17:00,0,1,可预约,￥12.0,多云,17,12,5,0.0,86,29
2026-05-21 08:11:30,2026-05-22,4,羽毛球馆-19号,16:00-17:00,0,1,可预约,￥12.0,多云,17,12,5,0.0,86,29
2026-05-21 08:14:31,2026-05-22,4,羽毛球馆-19号,16:00-17:00,0,1,可预约,￥12.0,多云,17,12,5,0.0,86,29
2026-05-21 08:17:30,2026-05-22,4,羽毛球馆-19号,16:00-17:00,0,1,可预约,￥12.0,多云,17,12,5,0.0,86,29
2026-05-21 08:20:35,2026-05-22,4,羽毛球馆-19号,16:00-17:00,0,1,可预约,￥12.0,多云,17,14,4,0.0,85,29
2026-05-21 08:25:32,2026-05-22,4,羽毛球馆-19号,16:00-17:00,0,1,可预约,￥12.0,多云,17,14,4,0.0,85,28
2026-05-21 08:30:42,2026-05-22,4,羽毛球馆-19号,16:00-17:00,0,1,可预约,￥12.0,多云,18,15,4,0.0,84,28
2026-05-21 08:35:31,2026-05-22,4,羽毛球馆-19号,16:00-17:00,0,1,可预约,￥12.0,多云,18,15,4,0.0,84,28
2026-05-21 08:40:38,2026-05-22,4,羽毛球馆-19号,16:00-17:00,0,1,可预约,￥12.0,多云,18,15,4,0.0,82,28
2026-05-21 08:45:33,2026-05-22,4,羽毛球馆-19号,16:00-17:00,0,1,可预约,￥12.0,多云,18,15,4,0.0,82,28
2026-05-21 08:50:36,2026-05-22,4,羽毛球馆-19号,16:00-17:00,0,1,可预约,￥12.0,多云,18,15,4,0.0,82,28
2026-05-21 08:55:34,2026-05-22,4,羽毛球馆-19号,16:00-17:00,0,1,可预约,￥12.0,多云,18,15,4,0.0,84,28
2026-05-21 09:00:51,2026-05-22,4,羽毛球馆-19号,16:00-17:00,0,1,可预约,￥12.0,多云,18,15,4,0.0,84,28
2026-05-21 09:01:59,2026-05-22,4,羽毛球馆-19号,16:00-17:00,0,1,可预约,￥12.0,多云,18,15,4,0.0,83,28
2026-05-21 09:05:33,2026-05-22,4,羽毛球馆-19号,16:00-17:00,0,1,可预约,￥12.0,多云,18,15,4,0.0,83,28
2026-05-21 09:20:38,2026-05-22,4,羽毛球馆-19号,16:00-17:00,0,1,可预约,￥12.0,多云,18,16,3,0.0,81,28
2026-05-21 09:30:46,2026-05-22,4,羽毛球馆-19号,16:00-17:00,0,1,可预约,￥12.0,多云,18,16,3,0.0,81,32
2026-05-21 09:40:36,2026-05-22,4,羽毛球馆-19号,16:00-17:00,0,1,可预约,￥12.0,多云,19,17,3,0.0,79,32
2026-05-21 09:50:42,2026-05-22,4,羽毛球馆-19号,16:00-17:00,0,1,可预约,￥12.0,多云,19,17,4,0.0,81,32
2026-05-21 10:00:46,2026-05-22,4,羽毛球馆-19号,16:00-17:00,0,1,可预约,￥12.0,多云,19,17,4,0.0,79,32
2026-05-21 10:10:40,2026-05-22,4,羽毛球馆-19号,16:00-17:00,0,1,可预约,￥12.0,多云,19,17,4,0.0,79,32
2026-05-21 10:20:38,2026-05-22,4,羽毛球馆-19号,16:00-17:00,0,1,可预约,￥12.0,多云,19,17,4,0.0,79,32
2026-05-21 10:30:41,2026-05-22,4,羽毛球馆-19号,16:00-17:00,0,1,可预约,￥12.0,多云,19,18,3,0.0,78,31
2026-05-21 11:00:44,2026-05-22,4,羽毛球馆-19号,16:00-17:00,0,1,可预约,￥12.0,多云,21,17,5,0.0,74,31
2026-05-21 11:30:38,2026-05-22,4,羽毛球馆-19号,16:00-17:00,0,1,可预约,￥12.0,多云,21,19,3,0.0,72,33
2026-05-21 12:00:46,2026-05-22,4,羽毛球馆-19号,16:00-17:00,0,1,可预约,￥12.0,多云,22,19,4,0.0,70,33
2026-05-21 12:30:42,2026-05-22,4,羽毛球馆-19号,16:00-17:00,0,1,可预约,￥12.0,多云,22,21,3,0.0,68,35
2026-05-21 13:00:43,2026-05-22,4,羽毛球馆-19号,16:00-17:00,0,1,可预约,￥12.0,多云,24,22,4,0.0,66,35
2026-05-21 13:30:43,2026-05-22,4,羽毛球馆-19号,16:00-17:00,0,1,可预约,￥12.0,多云,24,22,4,0.0,66,36
2026-05-21 14:00:48,2026-05-22,4,羽毛球馆-19号,16:00-17:00,0,1,可预约,￥12.0,多云,25,23,4,0.0,66,36
2026-05-21 14:30:45,2026-05-22,4,羽毛球馆-19号,16:00-17:00,0,1,可预约,￥12.0,晴,25,25,3,0.0,65,39
2026-05-21 15:00:45,2026-05-22,4,羽毛球馆-19号,16:00-17:00,1,1,已售/已满,已售,晴,25,22,4,0.0,56,39
2026-05-21 15:30:43,2026-05-22,4,羽毛球馆-19号,16:00-17:00,1,1,已售/已满,已售,晴,25,23,4,0.0,57,40
2026-05-21 16:00:51,2026-05-22,4,羽毛球馆-19号,16:00-17:00,1,1,已售/已满,已售,晴,25,23,4,0.0,57,40
2026-05-21 16:30:48,2026-05-22,4,羽毛球馆-19号,16:00-17:00,1,1,已售/已满,已售,晴,25,24,3,0.0,60,39
2026-05-21 17:00:49,2026-05-22,4,羽毛球馆-19号,16:00-17:00,1,1,已售/已满,已售,晴,25,24,4,0.0,61,39
2026-05-21 17:30:47,2026-05-22,4,羽毛球馆-19号,16:00-17:00,1,1,已售/已满,已售,多云,24,23,3,0.0,64,39
2026-05-21 18:00:50,2026-05-22,4,羽毛球馆-19号,16:00-17:00,1,1,已售/已满,已售,多云,24,23,3,0.0,68,39
2026-05-21 18:30:50,2026-05-22,4,羽毛球馆-19号,16:00-17:00,1,1,已售/已满,已售,阴,24,25,2,0.0,68,40
2026-05-21 19:00:50,2026-05-22,4,羽毛球馆-19号,16:00-17:00,1,1,已售/已满,已售,阴,23,23,3,0.0,76,40
2026-05-21 19:30:46,2026-05-22,4,羽毛球馆-19号,16:00-17:00,1,1,已售/已满,已售,阴,23,24,2,0.0,77,39
2026-05-21 20:00:49,2026-05-22,4,羽毛球馆-19号,16:00-17:00,1,1,已售/已满,已售,雾,22,23,2,0.0,89,39
2026-05-21 20:30:44,2026-05-22,4,羽毛球馆-19号,16:00-17:00,1,1,已售/已满,已售,雾,22,24,2,0.0,93,43
2026-05-21 21:00:56,2026-05-22,4,羽毛球馆-19号,16:00-17:00,1,1,已售/已满,已售,雾,20,21,2,0.0,98,43
2026-05-21 21:30:46,2026-05-22,4,羽毛球馆-19号,16:00-17:00,1,1,已售/已满,已售,雾,20,22,1,0.0,99,41
2026-05-21 22:01:02,2026-05-22,4,羽毛球馆-19号,16:00-17:00,1,1,已售/已满,已售,雾,19,20,2,0.0,93,41
2026-05-21 22:30:47,2026-05-22,4,羽毛球馆-19号,16:00-17:00,1,1,已售/已满,已售,雾,19,19,3,0.0,88,46
2026-05-21 23:00:56,2026-05-22,4,羽毛球馆-19号,16:00-17:00,1,1,已售/已满,已售,多云,18,17,3,0.0,85,46
2026-05-21 23:30:55,2026-05-22,4,羽毛球馆-19号,16:00-17:00,1,1,已售/已满,已售,多云,18,17,3,0.0,85,48
2026-05-21 08:00:45,2026-05-22,4,羽毛球馆-19号,17:00-18:00,0,1,可预约,￥12.0,晴,17,12,5,0.0,86,29
2026-05-21 08:02:30,2026-05-22,4,羽毛球馆-19号,17:00-18:00,0,1,可预约,￥12.0,多云,17,12,5,0.0,87,29
2026-05-21 08:05:36,2026-05-22,4,羽毛球馆-19号,17:00-18:00,0,1,可预约,￥12.0,多云,17,12,5,0.0,86,29
2026-05-21 08:08:31,2026-05-22,4,羽毛球馆-19号,17:00-18:00,0,1,可预约,￥12.0,多云,17,12,5,0.0,86,29
2026-05-21 08:11:30,2026-05-22,4,羽毛球馆-19号,17:00-18:00,0,1,可预约,￥12.0,多云,17,12,5,0.0,86,29
2026-05-21 08:14:31,2026-05-22,4,羽毛球馆-19号,17:00-18:00,0,1,可预约,￥12.0,多云,17,12,5,0.0,86,29
2026-05-21 08:17:30,2026-05-22,4,羽毛球馆-19号,17:00-18:00,0,1,可预约,￥12.0,多云,17,12,5,0.0,86,29
2026-05-21 08:20:35,2026-05-22,4,羽毛球馆-19号,17:00-18:00,0,1,可预约,￥12.0,多云,17,14,4,0.0,85,29
2026-05-21 08:25:32,2026-05-22,4,羽毛球馆-19号,17:00-18:00,0,1,可预约,￥12.0,多云,17,14,4,0.0,85,28
2026-05-21 08:30:42,2026-05-22,4,羽毛球馆-19号,17:00-18:00,0,1,可预约,￥12.0,多云,18,15,4,0.0,84,28
2026-05-21 08:35:31,2026-05-22,4,羽毛球馆-19号,17:00-18:00,0,1,可预约,￥12.0,多云,18,15,4,0.0,84,28
2026-05-21 08:40:38,2026-05-22,4,羽毛球馆-19号,17:00-18:00,0,1,可预约,￥12.0,多云,18,15,4,0.0,82,28
2026-05-21 08:45:33,2026-05-22,4,羽毛球馆-19号,17:00-18:00,0,1,可预约,￥12.0,多云,18,15,4,0.0,82,28
2026-05-21 08:50:36,2026-05-22,4,羽毛球馆-19号,17:00-18:00,0,1,可预约,￥12.0,多云,18,15,4,0.0,82,28
2026-05-21 08:55:34,2026-05-22,4,羽毛球馆-19号,17:00-18:00,0,1,可预约,￥12.0,多云,18,15,4,0.0,84,28
2026-05-21 09:00:51,2026-05-22,4,羽毛球馆-19号,17:00-18:00,0,1,可预约,￥12.0,多云,18,15,4,0.0,84,28
2026-05-21 09:01:59,2026-05-22,4,羽毛球馆-19号,17:00-18:00,0,1,可预约,￥12.0,多云,18,15,4,0.0,83,28
2026-05-21 09:05:33,2026-05-22,4,羽毛球馆-19号,17:00-18:00,0,1,可预约,￥12.0,多云,18,15,4,0.0,83,28
2026-05-21 09:20:38,2026-05-22,4,羽毛球馆-19号,17:00-18:00,0,1,可预约,￥12.0,多云,18,16,3,0.0,81,28
2026-05-21 09:30:46,2026-05-22,4,羽毛球馆-19号,17:00-18:00,0,1,可预约,￥12.0,多云,18,16,3,0.0,81,32
2026-05-21 09:40:36,2026-05-22,4,羽毛球馆-19号,17:00-18:00,0,1,可预约,￥12.0,多云,19,17,3,0.0,79,32
2026-05-21 09:50:42,2026-05-22,4,羽毛球馆-19号,17:00-18:00,0,1,可预约,￥12.0,多云,19,17,4,0.0,81,32
2026-05-21 10:00:46,2026-05-22,4,羽毛球馆-19号,17:00-18:00,0,1,可预约,￥12.0,多云,19,17,4,0.0,79,32
2026-05-21 10:10:40,2026-05-22,4,羽毛球馆-19号,17:00-18:00,0,1,可预约,￥12.0,多云,19,17,4,0.0,79,32
2026-05-21 10:20:38,2026-05-22,4,羽毛球馆-19号,17:00-18:00,0,1,可预约,￥12.0,多云,19,17,4,0.0,79,32
2026-05-21 10:30:41,2026-05-22,4,羽毛球馆-19号,17:00-18:00,0,1,可预约,￥12.0,多云,19,18,3,0.0,78,31
2026-05-21 11:00:44,2026-05-22,4,羽毛球馆-19号,17:00-18:00,0,1,可预约,￥12.0,多云,21,17,5,0.0,74,31
2026-05-21 11:30:38,2026-05-22,4,羽毛球馆-19号,17:00-18:00,0,1,可预约,￥12.0,多云,21,19,3,0.0,72,33
2026-05-21 12:00:46,2026-05-22,4,羽毛球馆-19号,17:00-18:00,0,1,可预约,￥12.0,多云,22,19,4,0.0,70,33
2026-05-21 12:30:42,2026-05-22,4,羽毛球馆-19号,17:00-18:00,0,1,可预约,￥12.0,多云,22,21,3,0.0,68,35
2026-05-21 13:00:43,2026-05-22,4,羽毛球馆-19号,17:00-18:00,1,1,已售/已满,已售,多云,24,22,4,0.0,66,35
2026-05-21 13:30:43,2026-05-22,4,羽毛球馆-19号,17:00-18:00,1,1,已售/已满,已售,多云,24,22,4,0.0,66,36
2026-05-21 14:00:48,2026-05-22,4,羽毛球馆-19号,17:00-18:00,1,1,已售/已满,已售,多云,25,23,4,0.0,66,36
2026-05-21 14:30:45,2026-05-22,4,羽毛球馆-19号,17:00-18:00,1,1,已售/已满,已售,晴,25,25,3,0.0,65,39
2026-05-21 15:00:45,2026-05-22,4,羽毛球馆-19号,17:00-18:00,1,1,已售/已满,已售,晴,25,22,4,0.0,56,39
2026-05-21 15:30:43,2026-05-22,4,羽毛球馆-19号,17:00-18:00,1,1,已售/已满,已售,晴,25,23,4,0.0,57,40
2026-05-21 16:00:51,2026-05-22,4,羽毛球馆-19号,17:00-18:00,1,1,已售/已满,已售,晴,25,23,4,0.0,57,40
2026-05-21 16:30:48,2026-05-22,4,羽毛球馆-19号,17:00-18:00,1,1,已售/已满,已售,晴,25,24,3,0.0,60,39
2026-05-21 17:00:49,2026-05-22,4,羽毛球馆-19号,17:00-18:00,1,1,已售/已满,已售,晴,25,24,4,0.0,61,39
2026-05-21 17:30:47,2026-05-22,4,羽毛球馆-19号,17:00-18:00,1,1,已售/已满,已售,多云,24,23,3,0.0,64,39
2026-05-21 18:00:50,2026-05-22,4,羽毛球馆-19号,17:00-18:00,1,1,已售/已满,已售,多云,24,23,3,0.0,68,39
2026-05-21 18:30:50,2026-05-22,4,羽毛球馆-19号,17:00-18:00,1,1,已售/已满,已售,阴,24,25,2,0.0,68,40
2026-05-21 19:00:50,2026-05-22,4,羽毛球馆-19号,17:00-18:00,1,1,已售/已满,已售,阴,23,23,3,0.0,76,40
2026-05-21 19:30:46,2026-05-22,4,羽毛球馆-19号,17:00-18:00,1,1,已售/已满,已售,阴,23,24,2,0.0,77,39
2026-05-21 20:00:49,2026-05-22,4,羽毛球馆-19号,17:00-18:00,1,1,已售/已满,已售,雾,22,23,2,0.0,89,39
2026-05-21 20:30:44,2026-05-22,4,羽毛球馆-19号,17:00-18:00,1,1,已售/已满,已售,雾,22,24,2,0.0,93,43
2026-05-21 21:00:56,2026-05-22,4,羽毛球馆-19号,17:00-18:00,1,1,已售/已满,已售,雾,20,21,2,0.0,98,43
2026-05-21 21:30:46,2026-05-22,4,羽毛球馆-19号,17:00-18:00,1,1,已售/已满,已售,雾,20,22,1,0.0,99,41
2026-05-21 22:01:02,2026-05-22,4,羽毛球馆-19号,17:00-18:00,1,1,已售/已满,已售,雾,19,20,2,0.0,93,41
2026-05-21 22:30:47,2026-05-22,4,羽毛球馆-19号,17:00-18:00,1,1,已售/已满,已售,雾,19,19,3,0.0,88,46
2026-05-21 23:00:56,2026-05-22,4,羽毛球馆-19号,17:00-18:00,1,1,已售/已满,已售,多云,18,17,3,0.0,85,46
2026-05-21 23:30:55,2026-05-22,4,羽毛球馆-19号,17:00-18:00,1,1,已售/已满,已售,多云,18,17,3,0.0,85,48
2026-05-21 08:00:45,2026-05-22,4,羽毛球馆-19号,18:30-19:30,0,1,可预约,￥12.0,晴,17,12,5,0.0,86,29
2026-05-21 08:02:30,2026-05-22,4,羽毛球馆-19号,18:30-19:30,0,1,可预约,￥12.0,多云,17,12,5,0.0,87,29
2026-05-21 08:05:36,2026-05-22,4,羽毛球馆-19号,18:30-19:30,0,1,可预约,￥12.0,多云,17,12,5,0.0,86,29
2026-05-21 08:08:31,2026-05-22,4,羽毛球馆-19号,18:30-19:30,0,1,可预约,￥12.0,多云,17,12,5,0.0,86,29
2026-05-21 08:11:30,2026-05-22,4,羽毛球馆-19号,18:30-19:30,0,1,可预约,￥12.0,多云,17,12,5,0.0,86,29
2026-05-21 08:14:31,2026-05-22,4,羽毛球馆-19号,18:30-19:30,1,1,已售/已满,已售,多云,17,12,5,0.0,86,29
2026-05-21 08:17:30,2026-05-22,4,羽毛球馆-19号,18:30-19:30,1,1,已售/已满,已售,多云,17,12,5,0.0,86,29
2026-05-21 08:20:35,2026-05-22,4,羽毛球馆-19号,18:30-19:30,1,1,已售/已满,已售,多云,17,14,4,0.0,85,29
2026-05-21 08:25:32,2026-05-22,4,羽毛球馆-19号,18:30-19:30,1,1,已售/已满,已售,多云,17,14,4,0.0,85,28
2026-05-21 08:30:42,2026-05-22,4,羽毛球馆-19号,18:30-19:30,1,1,已售/已满,已售,多云,18,15,4,0.0,84,28
2026-05-21 08:35:31,2026-05-22,4,羽毛球馆-19号,18:30-19:30,1,1,已售/已满,已售,多云,18,15,4,0.0,84,28
2026-05-21 08:40:38,2026-05-22,4,羽毛球馆-19号,18:30-19:30,1,1,已售/已满,已售,多云,18,15,4,0.0,82,28
2026-05-21 08:45:33,2026-05-22,4,羽毛球馆-19号,18:30-19:30,1,1,已售/已满,已售,多云,18,15,4,0.0,82,28
2026-05-21 08:50:36,2026-05-22,4,羽毛球馆-19号,18:30-19:30,1,1,已售/已满,已售,多云,18,15,4,0.0,82,28
2026-05-21 08:55:34,2026-05-22,4,羽毛球馆-19号,18:30-19:30,1,1,已售/已满,已售,多云,18,15,4,0.0,84,28
2026-05-21 09:00:51,2026-05-22,4,羽毛球馆-19号,18:30-19:30,1,1,已售/已满,已售,多云,18,15,4,0.0,84,28
2026-05-21 09:01:59,2026-05-22,4,羽毛球馆-19号,18:30-19:30,1,1,已售/已满,已售,多云,18,15,4,0.0,83,28
2026-05-21 09:05:33,2026-05-22,4,羽毛球馆-19号,18:30-19:30,1,1,已售/已满,已售,多云,18,15,4,0.0,83,28
2026-05-21 09:20:38,2026-05-22,4,羽毛球馆-19号,18:30-19:30,1,1,已售/已满,已售,多云,18,16,3,0.0,81,28
2026-05-21 09:30:46,2026-05-22,4,羽毛球馆-19号,18:30-19:30,1,1,已售/已满,已售,多云,18,16,3,0.0,81,32
2026-05-21 09:40:36,2026-05-22,4,羽毛球馆-19号,18:30-19:30,1,1,已售/已满,已售,多云,19,17,3,0.0,79,32
2026-05-21 09:50:42,2026-05-22,4,羽毛球馆-19号,18:30-19:30,1,1,已售/已满,已售,多云,19,17,4,0.0,81,32
2026-05-21 10:00:46,2026-05-22,4,羽毛球馆-19号,18:30-19:30,1,1,已售/已满,已售,多云,19,17,4,0.0,79,32
2026-05-21 10:10:40,2026-05-22,4,羽毛球馆-19号,18:30-19:30,1,1,已售/已满,已售,多云,19,17,4,0.0,79,32
2026-05-21 10:20:38,2026-05-22,4,羽毛球馆-19号,18:30-19:30,1,1,已售/已满,已售,多云,19,17,4,0.0,79,32
2026-05-21 10:30:41,2026-05-22,4,羽毛球馆-19号,18:30-19:30,1,1,已售/已满,已售,多云,19,18,3,0.0,78,31
2026-05-21 11:00:44,2026-05-22,4,羽毛球馆-19号,18:30-19:30,1,1,已售/已满,已售,多云,21,17,5,0.0,74,31
2026-05-21 11:30:38,2026-05-22,4,羽毛球馆-19号,18:30-19:30,1,1,已售/已满,已售,多云,21,19,3,0.0,72,33
2026-05-21 12:00:46,2026-05-22,4,羽毛球馆-19号,18:30-19:30,1,1,已售/已满,已售,多云,22,19,4,0.0,70,33
2026-05-21 12:30:42,2026-05-22,4,羽毛球馆-19号,18:30-19:30,1,1,已售/已满,已售,多云,22,21,3,0.0,68,35
2026-05-21 13:00:43,2026-05-22,4,羽毛球馆-19号,18:30-19:30,1,1,已售/已满,已售,多云,24,22,4,0.0,66,35
2026-05-21 13:30:43,2026-05-22,4,羽毛球馆-19号,18:30-19:30,1,1,已售/已满,已售,多云,24,22,4,0.0,66,36
2026-05-21 14:00:48,2026-05-22,4,羽毛球馆-19号,18:30-19:30,1,1,已售/已满,已售,多云,25,23,4,0.0,66,36
2026-05-21 14:30:45,2026-05-22,4,羽毛球馆-19号,18:30-19:30,1,1,已售/已满,已售,晴,25,25,3,0.0,65,39
2026-05-21 15:00:45,2026-05-22,4,羽毛球馆-19号,18:30-19:30,1,1,已售/已满,已售,晴,25,22,4,0.0,56,39
2026-05-21 15:30:43,2026-05-22,4,羽毛球馆-19号,18:30-19:30,1,1,已售/已满,已售,晴,25,23,4,0.0,57,40
2026-05-21 16:00:51,2026-05-22,4,羽毛球馆-19号,18:30-19:30,1,1,已售/已满,已售,晴,25,23,4,0.0,57,40
2026-05-21 16:30:48,2026-05-22,4,羽毛球馆-19号,18:30-19:30,1,1,已售/已满,已售,晴,25,24,3,0.0,60,39
2026-05-21 17:00:49,2026-05-22,4,羽毛球馆-19号,18:30-19:30,1,1,已售/已满,已售,晴,25,24,4,0.0,61,39
2026-05-21 17:30:47,2026-05-22,4,羽毛球馆-19号,18:30-19:30,1,1,已售/已满,已售,多云,24,23,3,0.0,64,39
2026-05-21 18:00:50,2026-05-22,4,羽毛球馆-19号,18:30-19:30,1,1,已售/已满,已售,多云,24,23,3,0.0,68,39
2026-05-21 18:30:50,2026-05-22,4,羽毛球馆-19号,18:30-19:30,1,1,已售/已满,已售,阴,24,25,2,0.0,68,40
2026-05-21 19:00:50,2026-05-22,4,羽毛球馆-19号,18:30-19:30,1,1,已售/已满,已售,阴,23,23,3,0.0,76,40
2026-05-21 19:30:46,2026-05-22,4,羽毛球馆-19号,18:30-19:30,1,1,已售/已满,已售,阴,23,24,2,0.0,77,39
2026-05-21 20:00:49,2026-05-22,4,羽毛球馆-19号,18:30-19:30,1,1,已售/已满,已售,雾,22,23,2,0.0,89,39
2026-05-21 20:30:44,2026-05-22,4,羽毛球馆-19号,18:30-19:30,1,1,已售/已满,已售,雾,22,24,2,0.0,93,43
2026-05-21 21:00:56,2026-05-22,4,羽毛球馆-19号,18:30-19:30,1,1,已售/已满,已售,雾,20,21,2,0.0,98,43
2026-05-21 21:30:46,2026-05-22,4,羽毛球馆-19号,18:30-19:30,1,1,已售/已满,已售,雾,20,22,1,0.0,99,41
2026-05-21 22:01:02,2026-05-22,4,羽毛球馆-19号,18:30-19:30,1,1,已售/已满,已售,雾,19,20,2,0.0,93,41
2026-05-21 22:30:47,2026-05-22,4,羽毛球馆-19号,18:30-19:30,1,1,已售/已满,已售,雾,19,19,3,0.0,88,46
2026-05-21 23:00:56,2026-05-22,4,羽毛球馆-19号,18:30-19:30,1,1,已售/已满,已售,多云,18,17,3,0.0,85,46
2026-05-21 23:30:55,2026-05-22,4,羽毛球馆-19号,18:30-19:30,1,1,已售/已满,已售,多云,18,17,3,0.0,85,48
2026-05-21 08:00:45,2026-05-22,4,羽毛球馆-19号,19:30-20:30,0,1,可预约,￥12.0,晴,17,12,5,0.0,86,29
2026-05-21 08:02:30,2026-05-22,4,羽毛球馆-19号,19:30-20:30,0,1,可预约,￥12.0,多云,17,12,5,0.0,87,29
2026-05-21 08:05:36,2026-05-22,4,羽毛球馆-19号,19:30-20:30,0,1,可预约,￥12.0,多云,17,12,5,0.0,86,29
2026-05-21 08:08:31,2026-05-22,4,羽毛球馆-19号,19:30-20:30,0,1,可预约,￥12.0,多云,17,12,5,0.0,86,29
2026-05-21 08:11:30,2026-05-22,4,羽毛球馆-19号,19:30-20:30,0,1,可预约,￥12.0,多云,17,12,5,0.0,86,29
2026-05-21 08:14:31,2026-05-22,4,羽毛球馆-19号,19:30-20:30,1,1,已售/已满,已售,多云,17,12,5,0.0,86,29
2026-05-21 08:17:30,2026-05-22,4,羽毛球馆-19号,19:30-20:30,1,1,已售/已满,已售,多云,17,12,5,0.0,86,29
2026-05-21 08:20:35,2026-05-22,4,羽毛球馆-19号,19:30-20:30,1,1,已售/已满,已售,多云,17,14,4,0.0,85,29
2026-05-21 08:25:32,2026-05-22,4,羽毛球馆-19号,19:30-20:30,1,1,已售/已满,已售,多云,17,14,4,0.0,85,28
2026-05-21 08:30:42,2026-05-22,4,羽毛球馆-19号,19:30-20:30,1,1,已售/已满,已售,多云,18,15,4,0.0,84,28
2026-05-21 08:35:31,2026-05-22,4,羽毛球馆-19号,19:30-20:30,1,1,已售/已满,已售,多云,18,15,4,0.0,84,28
2026-05-21 08:40:38,2026-05-22,4,羽毛球馆-19号,19:30-20:30,1,1,已售/已满,已售,多云,18,15,4,0.0,82,28
2026-05-21 08:45:33,2026-05-22,4,羽毛球馆-19号,19:30-20:30,1,1,已售/已满,已售,多云,18,15,4,0.0,82,28
2026-05-21 08:50:36,2026-05-22,4,羽毛球馆-19号,19:30-20:30,1,1,已售/已满,已售,多云,18,15,4,0.0,82,28
2026-05-21 08:55:34,2026-05-22,4,羽毛球馆-19号,19:30-20:30,1,1,已售/已满,已售,多云,18,15,4,0.0,84,28
2026-05-21 09:00:51,2026-05-22,4,羽毛球馆-19号,19:30-20:30,1,1,已售/已满,已售,多云,18,15,4,0.0,84,28
2026-05-21 09:01:59,2026-05-22,4,羽毛球馆-19号,19:30-20:30,1,1,已售/已满,已售,多云,18,15,4,0.0,83,28
2026-05-21 09:05:33,2026-05-22,4,羽毛球馆-19号,19:30-20:30,1,1,已售/已满,已售,多云,18,15,4,0.0,83,28
2026-05-21 09:20:38,2026-05-22,4,羽毛球馆-19号,19:30-20:30,1,1,已售/已满,已售,多云,18,16,3,0.0,81,28
2026-05-21 09:30:46,2026-05-22,4,羽毛球馆-19号,19:30-20:30,1,1,已售/已满,已售,多云,18,16,3,0.0,81,32
2026-05-21 09:40:36,2026-05-22,4,羽毛球馆-19号,19:30-20:30,1,1,已售/已满,已售,多云,19,17,3,0.0,79,32
2026-05-21 09:50:42,2026-05-22,4,羽毛球馆-19号,19:30-20:30,1,1,已售/已满,已售,多云,19,17,4,0.0,81,32
2026-05-21 10:00:46,2026-05-22,4,羽毛球馆-19号,19:30-20:30,1,1,已售/已满,已售,多云,19,17,4,0.0,79,32
2026-05-21 10:10:40,2026-05-22,4,羽毛球馆-19号,19:30-20:30,1,1,已售/已满,已售,多云,19,17,4,0.0,79,32
2026-05-21 10:20:38,2026-05-22,4,羽毛球馆-19号,19:30-20:30,1,1,已售/已满,已售,多云,19,17,4,0.0,79,32
2026-05-21 10:30:41,2026-05-22,4,羽毛球馆-19号,19:30-20:30,1,1,已售/已满,已售,多云,19,18,3,0.0,78,31
2026-05-21 11:00:44,2026-05-22,4,羽毛球馆-19号,19:30-20:30,1,1,已售/已满,已售,多云,21,17,5,0.0,74,31
2026-05-21 11:30:38,2026-05-22,4,羽毛球馆-19号,19:30-20:30,1,1,已售/已满,已售,多云,21,19,3,0.0,72,33
2026-05-21 12:00:46,2026-05-22,4,羽毛球馆-19号,19:30-20:30,1,1,已售/已满,已售,多云,22,19,4,0.0,70,33
2026-05-21 12:30:42,2026-05-22,4,羽毛球馆-19号,19:30-20:30,1,1,已售/已满,已售,多云,22,21,3,0.0,68,35
2026-05-21 13:00:43,2026-05-22,4,羽毛球馆-19号,19:30-20:30,1,1,已售/已满,已售,多云,24,22,4,0.0,66,35
2026-05-21 13:30:43,2026-05-22,4,羽毛球馆-19号,19:30-20:30,1,1,已售/已满,已售,多云,24,22,4,0.0,66,36
2026-05-21 14:00:48,2026-05-22,4,羽毛球馆-19号,19:30-20:30,1,1,已售/已满,已售,多云,25,23,4,0.0,66,36
2026-05-21 14:30:45,2026-05-22,4,羽毛球馆-19号,19:30-20:30,1,1,已售/已满,已售,晴,25,25,3,0.0,65,39
2026-05-21 15:00:45,2026-05-22,4,羽毛球馆-19号,19:30-20:30,1,1,已售/已满,已售,晴,25,22,4,0.0,56,39
2026-05-21 15:30:43,2026-05-22,4,羽毛球馆-19号,19:30-20:30,1,1,已售/已满,已售,晴,25,23,4,0.0,57,40
2026-05-21 16:00:51,2026-05-22,4,羽毛球馆-19号,19:30-20:30,1,1,已售/已满,已售,晴,25,23,4,0.0,57,40
2026-05-21 16:30:48,2026-05-22,4,羽毛球馆-19号,19:30-20:30,1,1,已售/已满,已售,晴,25,24,3,0.0,60,39
2026-05-21 17:00:49,2026-05-22,4,羽毛球馆-19号,19:30-20:30,1,1,已售/已满,已售,晴,25,24,4,0.0,61,39
2026-05-21 17:30:47,2026-05-22,4,羽毛球馆-19号,19:30-20:30,1,1,已售/已满,已售,多云,24,23,3,0.0,64,39
2026-05-21 18:00:50,2026-05-22,4,羽毛球馆-19号,19:30-20:30,1,1,已售/已满,已售,多云,24,23,3,0.0,68,39
2026-05-21 18:30:50,2026-05-22,4,羽毛球馆-19号,19:30-20:30,1,1,已售/已满,已售,阴,24,25,2,0.0,68,40
2026-05-21 19:00:50,2026-05-22,4,羽毛球馆-19号,19:30-20:30,1,1,已售/已满,已售,阴,23,23,3,0.0,76,40
2026-05-21 19:30:46,2026-05-22,4,羽毛球馆-19号,19:30-20:30,1,1,已售/已满,已售,阴,23,24,2,0.0,77,39
2026-05-21 20:00:49,2026-05-22,4,羽毛球馆-19号,19:30-20:30,1,1,已售/已满,已售,雾,22,23,2,0.0,89,39
2026-05-21 20:30:44,2026-05-22,4,羽毛球馆-19号,19:30-20:30,1,1,已售/已满,已售,雾,22,24,2,0.0,93,43
2026-05-21 21:00:56,2026-05-22,4,羽毛球馆-19号,19:30-20:30,1,1,已售/已满,已售,雾,20,21,2,0.0,98,43
2026-05-21 21:30:46,2026-05-22,4,羽毛球馆-19号,19:30-20:30,1,1,已售/已满,已售,雾,20,22,1,0.0,99,41
2026-05-21 22:01:02,2026-05-22,4,羽毛球馆-19号,19:30-20:30,1,1,已售/已满,已售,雾,19,20,2,0.0,93,41
2026-05-21 22:30:47,2026-05-22,4,羽毛球馆-19号,19:30-20:30,1,1,已售/已满,已售,雾,19,19,3,0.0,88,46
2026-05-21 23:00:56,2026-05-22,4,羽毛球馆-19号,19:30-20:30,1,1,已售/已满,已售,多云,18,17,3,0.0,85,46
2026-05-21 23:30:55,2026-05-22,4,羽毛球馆-19号,19:30-20:30,1,1,已售/已满,已售,多云,18,17,3,0.0,85,48
2026-05-21 08:00:45,2026-05-22,4,羽毛球馆-19号,20:30-21:30,0,1,可预约,￥12.0,晴,17,12,5,0.0,86,29
2026-05-21 08:02:30,2026-05-22,4,羽毛球馆-19号,20:30-21:30,0,1,可预约,￥12.0,多云,17,12,5,0.0,87,29
2026-05-21 08:05:36,2026-05-22,4,羽毛球馆-19号,20:30-21:30,0,1,可预约,￥12.0,多云,17,12,5,0.0,86,29
2026-05-21 08:08:31,2026-05-22,4,羽毛球馆-19号,20:30-21:30,0,1,可预约,￥12.0,多云,17,12,5,0.0,86,29
2026-05-21 08:11:30,2026-05-22,4,羽毛球馆-19号,20:30-21:30,0,1,可预约,￥12.0,多云,17,12,5,0.0,86,29
2026-05-21 08:14:31,2026-05-22,4,羽毛球馆-19号,20:30-21:30,1,1,已售/已满,已售,多云,17,12,5,0.0,86,29
2026-05-21 08:17:30,2026-05-22,4,羽毛球馆-19号,20:30-21:30,1,1,已售/已满,已售,多云,17,12,5,0.0,86,29
2026-05-21 08:20:35,2026-05-22,4,羽毛球馆-19号,20:30-21:30,1,1,已售/已满,已售,多云,17,14,4,0.0,85,29
2026-05-21 08:25:32,2026-05-22,4,羽毛球馆-19号,20:30-21:30,1,1,已售/已满,已售,多云,17,14,4,0.0,85,28
2026-05-21 08:30:42,2026-05-22,4,羽毛球馆-19号,20:30-21:30,1,1,已售/已满,已售,多云,18,15,4,0.0,84,28
2026-05-21 08:35:31,2026-05-22,4,羽毛球馆-19号,20:30-21:30,1,1,已售/已满,已售,多云,18,15,4,0.0,84,28
2026-05-21 08:40:38,2026-05-22,4,羽毛球馆-19号,20:30-21:30,1,1,已售/已满,已售,多云,18,15,4,0.0,82,28
2026-05-21 08:45:33,2026-05-22,4,羽毛球馆-19号,20:30-21:30,1,1,已售/已满,已售,多云,18,15,4,0.0,82,28
2026-05-21 08:50:36,2026-05-22,4,羽毛球馆-19号,20:30-21:30,1,1,已售/已满,已售,多云,18,15,4,0.0,82,28
2026-05-21 08:55:34,2026-05-22,4,羽毛球馆-19号,20:30-21:30,1,1,已售/已满,已售,多云,18,15,4,0.0,84,28
2026-05-21 09:00:51,2026-05-22,4,羽毛球馆-19号,20:30-21:30,1,1,已售/已满,已售,多云,18,15,4,0.0,84,28
2026-05-21 09:01:59,2026-05-22,4,羽毛球馆-19号,20:30-21:30,1,1,已售/已满,已售,多云,18,15,4,0.0,83,28
2026-05-21 09:05:33,2026-05-22,4,羽毛球馆-19号,20:30-21:30,1,1,已售/已满,已售,多云,18,15,4,0.0,83,28
2026-05-21 09:20:38,2026-05-22,4,羽毛球馆-19号,20:30-21:30,1,1,已售/已满,已售,多云,18,16,3,0.0,81,28
2026-05-21 09:30:46,2026-05-22,4,羽毛球馆-19号,20:30-21:30,1,1,已售/已满,已售,多云,18,16,3,0.0,81,32
2026-05-21 09:40:36,2026-05-22,4,羽毛球馆-19号,20:30-21:30,1,1,已售/已满,已售,多云,19,17,3,0.0,79,32
2026-05-21 09:50:42,2026-05-22,4,羽毛球馆-19号,20:30-21:30,1,1,已售/已满,已售,多云,19,17,4,0.0,81,32
2026-05-21 10:00:46,2026-05-22,4,羽毛球馆-19号,20:30-21:30,1,1,已售/已满,已售,多云,19,17,4,0.0,79,32
2026-05-21 10:10:40,2026-05-22,4,羽毛球馆-19号,20:30-21:30,1,1,已售/已满,已售,多云,19,17,4,0.0,79,32
2026-05-21 10:20:38,2026-05-22,4,羽毛球馆-19号,20:30-21:30,1,1,已售/已满,已售,多云,19,17,4,0.0,79,32
2026-05-21 10:30:41,2026-05-22,4,羽毛球馆-19号,20:30-21:30,1,1,已售/已满,已售,多云,19,18,3,0.0,78,31
2026-05-21 11:00:44,2026-05-22,4,羽毛球馆-19号,20:30-21:30,1,1,已售/已满,已售,多云,21,17,5,0.0,74,31
2026-05-21 11:30:38,2026-05-22,4,羽毛球馆-19号,20:30-21:30,1,1,已售/已满,已售,多云,21,19,3,0.0,72,33
2026-05-21 12:00:46,2026-05-22,4,羽毛球馆-19号,20:30-21:30,1,1,已售/已满,已售,多云,22,19,4,0.0,70,33
2026-05-21 12:30:42,2026-05-22,4,羽毛球馆-19号,20:30-21:30,1,1,已售/已满,已售,多云,22,21,3,0.0,68,35
2026-05-21 13:00:43,2026-05-22,4,羽毛球馆-19号,20:30-21:30,1,1,已售/已满,已售,多云,24,22,4,0.0,66,35
2026-05-21 13:30:43,2026-05-22,4,羽毛球馆-19号,20:30-21:30,1,1,已售/已满,已售,多云,24,22,4,0.0,66,36
2026-05-21 14:00:48,2026-05-22,4,羽毛球馆-19号,20:30-21:30,1,1,已售/已满,已售,多云,25,23,4,0.0,66,36
2026-05-21 14:30:45,2026-05-22,4,羽毛球馆-19号,20:30-21:30,1,1,已售/已满,已售,晴,25,25,3,0.0,65,39
2026-05-21 15:00:45,2026-05-22,4,羽毛球馆-19号,20:30-21:30,1,1,已售/已满,已售,晴,25,22,4,0.0,56,39
2026-05-21 15:30:43,2026-05-22,4,羽毛球馆-19号,20:30-21:30,1,1,已售/已满,已售,晴,25,23,4,0.0,57,40
2026-05-21 16:00:51,2026-05-22,4,羽毛球馆-19号,20:30-21:30,1,1,已售/已满,已售,晴,25,23,4,0.0,57,40
2026-05-21 16:30:48,2026-05-22,4,羽毛球馆-19号,20:30-21:30,1,1,已售/已满,已售,晴,25,24,3,0.0,60,39
2026-05-21 17:00:49,2026-05-22,4,羽毛球馆-19号,20:30-21:30,1,1,已售/已满,已售,晴,25,24,4,0.0,61,39
2026-05-21 17:30:47,2026-05-22,4,羽毛球馆-19号,20:30-21:30,1,1,已售/已满,已售,多云,24,23,3,0.0,64,39
2026-05-21 18:00:50,2026-05-22,4,羽毛球馆-19号,20:30-21:30,1,1,已售/已满,已售,多云,24,23,3,0.0,68,39
2026-05-21 18:30:50,2026-05-22,4,羽毛球馆-19号,20:30-21:30,1,1,已售/已满,已售,阴,24,25,2,0.0,68,40
2026-05-21 19:00:50,2026-05-22,4,羽毛球馆-19号,20:30-21:30,1,1,已售/已满,已售,阴,23,23,3,0.0,76,40
2026-05-21 19:30:46,2026-05-22,4,羽毛球馆-19号,20:30-21:30,1,1,已售/已满,已售,阴,23,24,2,0.0,77,39
2026-05-21 20:00:49,2026-05-22,4,羽毛球馆-19号,20:30-21:30,1,1,已售/已满,已售,雾,22,23,2,0.0,89,39
2026-05-21 20:30:44,2026-05-22,4,羽毛球馆-19号,20:30-21:30,1,1,已售/已满,已售,雾,22,24,2,0.0,93,43
2026-05-21 21:00:56,2026-05-22,4,羽毛球馆-19号,20:30-21:30,1,1,已售/已满,已售,雾,20,21,2,0.0,98,43
2026-05-21 21:30:46,2026-05-22,4,羽毛球馆-19号,20:30-21:30,1,1,已售/已满,已售,雾,20,22,1,0.0,99,41
2026-05-21 22:01:02,2026-05-22,4,羽毛球馆-19号,20:30-21:30,1,1,已售/已满,已售,雾,19,20,2,0.0,93,41
2026-05-21 22:30:47,2026-05-22,4,羽毛球馆-19号,20:30-21:30,1,1,已售/已满,已售,雾,19,19,3,0.0,88,46
2026-05-21 23:00:56,2026-05-22,4,羽毛球馆-19号,20:30-21:30,1,1,已售/已满,已售,多云,18,17,3,0.0,85,46
2026-05-21 23:30:55,2026-05-22,4,羽毛球馆-19号,20:30-21:30,1,1,已售/已满,已售,多云,18,17,3,0.0,85,48
2026-05-21 08:00:45,2026-05-22,4,羽毛球馆-1号,07:00-08:00,0,1,可预约,￥0.0,晴,17,12,5,0.0,86,29
2026-05-21 08:02:30,2026-05-22,4,羽毛球馆-1号,07:00-08:00,0,1,可预约,￥0.0,多云,17,12,5,0.0,87,29
2026-05-21 08:05:36,2026-05-22,4,羽毛球馆-1号,07:00-08:00,0,1,可预约,￥0.0,多云,17,12,5,0.0,86,29
2026-05-21 08:08:31,2026-05-22,4,羽毛球馆-1号,07:00-08:00,0,1,可预约,￥0.0,多云,17,12,5,0.0,86,29
2026-05-21 08:11:30,2026-05-22,4,羽毛球馆-1号,07:00-08:00,0,1,可预约,￥0.0,多云,17,12,5,0.0,86,29
2026-05-21 08:14:31,2026-05-22,4,羽毛球馆-1号,07:00-08:00,0,1,可预约,￥0.0,多云,17,12,5,0.0,86,29
2026-05-21 08:17:30,2026-05-22,4,羽毛球馆-1号,07:00-08:00,0,1,可预约,￥0.0,多云,17,12,5,0.0,86,29
2026-05-21 08:20:35,2026-05-22,4,羽毛球馆-1号,07:00-08:00,0,1,可预约,￥0.0,多云,17,14,4,0.0,85,29
2026-05-21 08:25:32,2026-05-22,4,羽毛球馆-1号,07:00-08:00,0,1,可预约,￥0.0,多云,17,14,4,0.0,85,28
2026-05-21 08:30:42,2026-05-22,4,羽毛球馆-1号,07:00-08:00,0,1,可预约,￥0.0,多云,18,15,4,0.0,84,28
2026-05-21 08:35:31,2026-05-22,4,羽毛球馆-1号,07:00-08:00,0,1,可预约,￥0.0,多云,18,15,4,0.0,84,28
2026-05-21 08:40:38,2026-05-22,4,羽毛球馆-1号,07:00-08:00,0,1,可预约,￥0.0,多云,18,15,4,0.0,82,28
2026-05-21 08:45:33,2026-05-22,4,羽毛球馆-1号,07:00-08:00,0,1,可预约,￥0.0,多云,18,15,4,0.0,82,28
2026-05-21 08:50:36,2026-05-22,4,羽毛球馆-1号,07:00-08:00,0,1,可预约,￥0.0,多云,18,15,4,0.0,82,28
2026-05-21 08:55:34,2026-05-22,4,羽毛球馆-1号,07:00-08:00,0,1,可预约,￥0.0,多云,18,15,4,0.0,84,28
2026-05-21 09:00:51,2026-05-22,4,羽毛球馆-1号,07:00-08:00,0,1,可预约,￥0.0,多云,18,15,4,0.0,84,28
2026-05-21 09:01:59,2026-05-22,4,羽毛球馆-1号,07:00-08:00,0,1,可预约,￥0.0,多云,18,15,4,0.0,83,28
2026-05-21 09:05:33,2026-05-22,4,羽毛球馆-1号,07:00-08:00,0,1,可预约,￥0.0,多云,18,15,4,0.0,83,28
2026-05-21 09:20:38,2026-05-22,4,羽毛球馆-1号,07:00-08:00,0,1,可预约,￥0.0,多云,18,16,3,0.0,81,28
2026-05-21 09:30:46,2026-05-22,4,羽毛球馆-1号,07:00-08:00,0,1,可预约,￥0.0,多云,18,16,3,0.0,81,32
2026-05-21 09:40:36,2026-05-22,4,羽毛球馆-1号,07:00-08:00,0,1,可预约,￥0.0,多云,19,17,3,0.0,79,32
2026-05-21 09:50:42,2026-05-22,4,羽毛球馆-1号,07:00-08:00,0,1,可预约,￥0.0,多云,19,17,4,0.0,81,32
2026-05-21 10:00:46,2026-05-22,4,羽毛球馆-1号,07:00-08:00,0,1,可预约,￥0.0,多云,19,17,4,0.0,79,32
2026-05-21 10:10:40,2026-05-22,4,羽毛球馆-1号,07:00-08:00,0,1,可预约,￥0.0,多云,19,17,4,0.0,79,32
2026-05-21 10:20:38,2026-05-22,4,羽毛球馆-1号,07:00-08:00,0,1,可预约,￥0.0,多云,19,17,4,0.0,79,32
2026-05-21 10:30:41,2026-05-22,4,羽毛球馆-1号,07:00-08:00,0,1,可预约,￥0.0,多云,19,18,3,0.0,78,31
2026-05-21 11:00:44,2026-05-22,4,羽毛球馆-1号,07:00-08:00,0,1,可预约,￥0.0,多云,21,17,5,0.0,74,31
2026-05-21 11:30:38,2026-05-22,4,羽毛球馆-1号,07:00-08:00,0,1,可预约,￥0.0,多云,21,19,3,0.0,72,33
2026-05-21 12:00:46,2026-05-22,4,羽毛球馆-1号,07:00-08:00,0,1,可预约,￥0.0,多云,22,19,4,0.0,70,33
2026-05-21 12:30:42,2026-05-22,4,羽毛球馆-1号,07:00-08:00,0,1,可预约,￥0.0,多云,22,21,3,0.0,68,35
2026-05-21 13:00:43,2026-05-22,4,羽毛球馆-1号,07:00-08:00,0,1,可预约,￥0.0,多云,24,22,4,0.0,66,35
2026-05-21 13:30:43,2026-05-22,4,羽毛球馆-1号,07:00-08:00,0,1,可预约,￥0.0,多云,24,22,4,0.0,66,36
2026-05-21 14:00:48,2026-05-22,4,羽毛球馆-1号,07:00-08:00,0,1,可预约,￥0.0,多云,25,23,4,0.0,66,36
2026-05-21 14:30:45,2026-05-22,4,羽毛球馆-1号,07:00-08:00,0,1,可预约,￥0.0,晴,25,25,3,0.0,65,39
2026-05-21 15:00:45,2026-05-22,4,羽毛球馆-1号,07:00-08:00,0,1,可预约,￥0.0,晴,25,22,4,0.0,56,39
2026-05-21 15:30:43,2026-05-22,4,羽毛球馆-1号,07:00-08:00,0,1,可预约,￥0.0,晴,25,23,4,0.0,57,40
2026-05-21 16:00:51,2026-05-22,4,羽毛球馆-1号,07:00-08:00,0,1,可预约,￥0.0,晴,25,23,4,0.0,57,40
2026-05-21 16:30:48,2026-05-22,4,羽毛球馆-1号,07:00-08:00,0,1,可预约,￥0.0,晴,25,24,3,0.0,60,39
2026-05-21 17:00:49,2026-05-22,4,羽毛球馆-1号,07:00-08:00,0,1,可预约,￥0.0,晴,25,24,4,0.0,61,39
2026-05-21 17:30:47,2026-05-22,4,羽毛球馆-1号,07:00-08:00,0,1,可预约,￥0.0,多云,24,23,3,0.0,64,39
2026-05-21 18:00:50,2026-05-22,4,羽毛球馆-1号,07:00-08:00,0,1,可预约,￥0.0,多云,24,23,3,0.0,68,39
2026-05-21 18:30:50,2026-05-22,4,羽毛球馆-1号,07:00-08:00,0,1,可预约,￥0.0,阴,24,25,2,0.0,68,40
2026-05-21 19:00:50,2026-05-22,4,羽毛球馆-1号,07:00-08:00,0,1,可预约,￥0.0,阴,23,23,3,0.0,76,40
2026-05-21 19:30:46,2026-05-22,4,羽毛球馆-1号,07:00-08:00,0,1,可预约,￥0.0,阴,23,24,2,0.0,77,39
2026-05-21 20:00:49,2026-05-22,4,羽毛球馆-1号,07:00-08:00,0,1,可预约,￥0.0,雾,22,23,2,0.0,89,39
2026-05-21 20:30:44,2026-05-22,4,羽毛球馆-1号,07:00-08:00,0,1,可预约,￥0.0,雾,22,24,2,0.0,93,43
2026-05-21 21:00:56,2026-05-22,4,羽毛球馆-1号,07:00-08:00,0,1,可预约,￥0.0,雾,20,21,2,0.0,98,43
2026-05-21 21:30:46,2026-05-22,4,羽毛球馆-1号,07:00-08:00,0,1,可预约,￥0.0,雾,20,22,1,0.0,99,41
2026-05-21 22:01:02,2026-05-22,4,羽毛球馆-1号,07:00-08:00,0,1,可预约,￥0.0,雾,19,20,2,0.0,93,41
2026-05-21 22:30:47,2026-05-22,4,羽毛球馆-1号,07:00-08:00,0,1,可预约,￥0.0,雾,19,19,3,0.0,88,46
2026-05-21 23:00:56,2026-05-22,4,羽毛球馆-1号,07:00-08:00,0,1,可预约,￥0.0,多云,18,17,3,0.0,85,46
2026-05-21 23:30:55,2026-05-22,4,羽毛球馆-1号,07:00-08:00,0,1,可预约,￥0.0,多云,18,17,3,0.0,85,48
2026-05-21 08:00:45,2026-05-22,4,羽毛球馆-1号,08:00-09:00,0,1,可预约,￥0.0,晴,17,12,5,0.0,86,29
2026-05-21 08:02:30,2026-05-22,4,羽毛球馆-1号,08:00-09:00,0,1,可预约,￥0.0,多云,17,12,5,0.0,87,29
2026-05-21 08:05:36,2026-05-22,4,羽毛球馆-1号,08:00-09:00,0,1,可预约,￥0.0,多云,17,12,5,0.0,86,29
2026-05-21 08:08:31,2026-05-22,4,羽毛球馆-1号,08:00-09:00,0,1,可预约,￥0.0,多云,17,12,5,0.0,86,29
2026-05-21 08:11:30,2026-05-22,4,羽毛球馆-1号,08:00-09:00,0,1,可预约,￥0.0,多云,17,12,5,0.0,86,29
2026-05-21 08:14:31,2026-05-22,4,羽毛球馆-1号,08:00-09:00,0,1,可预约,￥0.0,多云,17,12,5,0.0,86,29
2026-05-21 08:17:30,2026-05-22,4,羽毛球馆-1号,08:00-09:00,0,1,可预约,￥0.0,多云,17,12,5,0.0,86,29
2026-05-21 08:20:35,2026-05-22,4,羽毛球馆-1号,08:00-09:00,0,1,可预约,￥0.0,多云,17,14,4,0.0,85,29
2026-05-21 08:25:32,2026-05-22,4,羽毛球馆-1号,08:00-09:00,0,1,可预约,￥0.0,多云,17,14,4,0.0,85,28
2026-05-21 08:30:42,2026-05-22,4,羽毛球馆-1号,08:00-09:00,0,1,可预约,￥0.0,多云,18,15,4,0.0,84,28
2026-05-21 08:35:31,2026-05-22,4,羽毛球馆-1号,08:00-09:00,0,1,可预约,￥0.0,多云,18,15,4,0.0,84,28
2026-05-21 08:40:38,2026-05-22,4,羽毛球馆-1号,08:00-09:00,0,1,可预约,￥0.0,多云,18,15,4,0.0,82,28
2026-05-21 08:45:33,2026-05-22,4,羽毛球馆-1号,08:00-09:00,0,1,可预约,￥0.0,多云,18,15,4,0.0,82,28
2026-05-21 08:50:36,2026-05-22,4,羽毛球馆-1号,08:00-09:00,0,1,可预约,￥0.0,多云,18,15,4,0.0,82,28
2026-05-21 08:55:34,2026-05-22,4,羽毛球馆-1号,08:00-09:00,0,1,可预约,￥0.0,多云,18,15,4,0.0,84,28
2026-05-21 09:00:51,2026-05-22,4,羽毛球馆-1号,08:00-09:00,0,1,可预约,￥0.0,多云,18,15,4,0.0,84,28
2026-05-21 09:01:59,2026-05-22,4,羽毛球馆-1号,08:00-09:00,0,1,可预约,￥0.0,多云,18,15,4,0.0,83,28
2026-05-21 09:05:33,2026-05-22,4,羽毛球馆-1号,08:00-09:00,0,1,可预约,￥0.0,多云,18,15,4,0.0,83,28
2026-05-21 09:20:38,2026-05-22,4,羽毛球馆-1号,08:00-09:00,0,1,可预约,￥0.0,多云,18,16,3,0.0,81,28
2026-05-21 09:30:46,2026-05-22,4,羽毛球馆-1号,08:00-09:00,0,1,可预约,￥0.0,多云,18,16,3,0.0,81,32
2026-05-21 09:40:36,2026-05-22,4,羽毛球馆-1号,08:00-09:00,0,1,可预约,￥0.0,多云,19,17,3,0.0,79,32
2026-05-21 09:50:42,2026-05-22,4,羽毛球馆-1号,08:00-09:00,0,1,可预约,￥0.0,多云,19,17,4,0.0,81,32
2026-05-21 10:00:46,2026-05-22,4,羽毛球馆-1号,08:00-09:00,0,1,可预约,￥0.0,多云,19,17,4,0.0,79,32
2026-05-21 10:10:40,2026-05-22,4,羽毛球馆-1号,08:00-09:00,0,1,可预约,￥0.0,多云,19,17,4,0.0,79,32
2026-05-21 10:20:38,2026-05-22,4,羽毛球馆-1号,08:00-09:00,0,1,可预约,￥0.0,多云,19,17,4,0.0,79,32
2026-05-21 10:30:41,2026-05-22,4,羽毛球馆-1号,08:00-09:00,0,1,可预约,￥0.0,多云,19,18,3,0.0,78,31
2026-05-21 11:00:44,2026-05-22,4,羽毛球馆-1号,08:00-09:00,0,1,可预约,￥0.0,多云,21,17,5,0.0,74,31
2026-05-21 11:30:38,2026-05-22,4,羽毛球馆-1号,08:00-09:00,0,1,可预约,￥0.0,多云,21,19,3,0.0,72,33
2026-05-21 12:00:46,2026-05-22,4,羽毛球馆-1号,08:00-09:00,0,1,可预约,￥0.0,多云,22,19,4,0.0,70,33
2026-05-21 12:30:42,2026-05-22,4,羽毛球馆-1号,08:00-09:00,0,1,可预约,￥0.0,多云,22,21,3,0.0,68,35
2026-05-21 13:00:43,2026-05-22,4,羽毛球馆-1号,08:00-09:00,0,1,可预约,￥0.0,多云,24,22,4,0.0,66,35
2026-05-21 13:30:43,2026-05-22,4,羽毛球馆-1号,08:00-09:00,0,1,可预约,￥0.0,多云,24,22,4,0.0,66,36
2026-05-21 14:00:48,2026-05-22,4,羽毛球馆-1号,08:00-09:00,0,1,可预约,￥0.0,多云,25,23,4,0.0,66,36
2026-05-21 14:30:45,2026-05-22,4,羽毛球馆-1号,08:00-09:00,0,1,可预约,￥0.0,晴,25,25,3,0.0,65,39
2026-05-21 15:00:45,2026-05-22,4,羽毛球馆-1号,08:00-09:00,0,1,可预约,￥0.0,晴,25,22,4,0.0,56,39
2026-05-21 15:30:43,2026-05-22,4,羽毛球馆-1号,08:00-09:00,0,1,可预约,￥0.0,晴,25,23,4,0.0,57,40
2026-05-21 16:00:51,2026-05-22,4,羽毛球馆-1号,08:00-09:00,0,1,可预约,￥0.0,晴,25,23,4,0.0,57,40
2026-05-21 16:30:48,2026-05-22,4,羽毛球馆-1号,08:00-09:00,0,1,可预约,￥0.0,晴,25,24,3,0.0,60,39
2026-05-21 17:00:49,2026-05-22,4,羽毛球馆-1号,08:00-09:00,0,1,可预约,￥0.0,晴,25,24,4,0.0,61,39
2026-05-21 17:30:47,2026-05-22,4,羽毛球馆-1号,08:00-09:00,0,1,可预约,￥0.0,多云,24,23,3,0.0,64,39
2026-05-21 18:00:50,2026-05-22,4,羽毛球馆-1号,08:00-09:00,0,1,可预约,￥0.0,多云,24,23,3,0.0,68,39
2026-05-21 18:30:50,2026-05-22,4,羽毛球馆-1号,08:00-09:00,0,1,可预约,￥0.0,阴,24,25,2,0.0,68,40
2026-05-21 19:00:50,2026-05-22,4,羽毛球馆-1号,08:00-09:00,0,1,可预约,￥0.0,阴,23,23,3,0.0,76,40
2026-05-21 19:30:46,2026-05-22,4,羽毛球馆-1号,08:00-09:00,0,1,可预约,￥0.0,阴,23,24,2,0.0,77,39
2026-05-21 20:00:49,2026-05-22,4,羽毛球馆-1号,08:00-09:00,0,1,可预约,￥0.0,雾,22,23,2,0.0,89,39
2026-05-21 20:30:44,2026-05-22,4,羽毛球馆-1号,08:00-09:00,0,1,可预约,￥0.0,雾,22,24,2,0.0,93,43
2026-05-21 21:00:56,2026-05-22,4,羽毛球馆-1号,08:00-09:00,0,1,可预约,￥0.0,雾,20,21,2,0.0,98,43
2026-05-21 21:30:46,2026-05-22,4,羽毛球馆-1号,08:00-09:00,0,1,可预约,￥0.0,雾,20,22,1,0.0,99,41
2026-05-21 22:01:02,2026-05-22,4,羽毛球馆-1号,08:00-09:00,0,1,可预约,￥0.0,雾,19,20,2,0.0,93,41
2026-05-21 22:30:47,2026-05-22,4,羽毛球馆-1号,08:00-09:00,0,1,可预约,￥0.0,雾,19,19,3,0.0,88,46
2026-05-21 23:00:56,2026-05-22,4,羽毛球馆-1号,08:00-09:00,0,1,可预约,￥0.0,多云,18,17,3,0.0,85,46
2026-05-21 23:30:55,2026-05-22,4,羽毛球馆-1号,08:00-09:00,0,1,可预约,￥0.0,多云,18,17,3,0.0,85,48
2026-05-21 08:00:45,2026-05-22,4,羽毛球馆-1号,09:00-10:00,0,1,可预约,￥12.0,晴,17,12,5,0.0,86,29
2026-05-21 08:02:30,2026-05-22,4,羽毛球馆-1号,09:00-10:00,0,1,可预约,￥12.0,多云,17,12,5,0.0,87,29
2026-05-21 08:05:36,2026-05-22,4,羽毛球馆-1号,09:00-10:00,0,1,可预约,￥12.0,多云,17,12,5,0.0,86,29
2026-05-21 08:08:31,2026-05-22,4,羽毛球馆-1号,09:00-10:00,0,1,可预约,￥12.0,多云,17,12,5,0.0,86,29
2026-05-21 08:11:30,2026-05-22,4,羽毛球馆-1号,09:00-10:00,0,1,可预约,￥12.0,多云,17,12,5,0.0,86,29
2026-05-21 08:14:31,2026-05-22,4,羽毛球馆-1号,09:00-10:00,0,1,可预约,￥12.0,多云,17,12,5,0.0,86,29
2026-05-21 08:17:30,2026-05-22,4,羽毛球馆-1号,09:00-10:00,0,1,可预约,￥12.0,多云,17,12,5,0.0,86,29
2026-05-21 08:20:35,2026-05-22,4,羽毛球馆-1号,09:00-10:00,0,1,可预约,￥12.0,多云,17,14,4,0.0,85,29
2026-05-21 08:25:32,2026-05-22,4,羽毛球馆-1号,09:00-10:00,0,1,可预约,￥12.0,多云,17,14,4,0.0,85,28
2026-05-21 08:30:42,2026-05-22,4,羽毛球馆-1号,09:00-10:00,0,1,可预约,￥12.0,多云,18,15,4,0.0,84,28
2026-05-21 08:35:31,2026-05-22,4,羽毛球馆-1号,09:00-10:00,0,1,可预约,￥12.0,多云,18,15,4,0.0,84,28
2026-05-21 08:40:38,2026-05-22,4,羽毛球馆-1号,09:00-10:00,0,1,可预约,￥12.0,多云,18,15,4,0.0,82,28
2026-05-21 08:45:33,2026-05-22,4,羽毛球馆-1号,09:00-10:00,0,1,可预约,￥12.0,多云,18,15,4,0.0,82,28
2026-05-21 08:50:36,2026-05-22,4,羽毛球馆-1号,09:00-10:00,0,1,可预约,￥12.0,多云,18,15,4,0.0,82,28
2026-05-21 08:55:34,2026-05-22,4,羽毛球馆-1号,09:00-10:00,0,1,可预约,￥12.0,多云,18,15,4,0.0,84,28
2026-05-21 09:00:51,2026-05-22,4,羽毛球馆-1号,09:00-10:00,0,1,可预约,￥12.0,多云,18,15,4,0.0,84,28
2026-05-21 09:01:59,2026-05-22,4,羽毛球馆-1号,09:00-10:00,0,1,可预约,￥12.0,多云,18,15,4,0.0,83,28
2026-05-21 09:05:33,2026-05-22,4,羽毛球馆-1号,09:00-10:00,0,1,可预约,￥12.0,多云,18,15,4,0.0,83,28
2026-05-21 09:20:38,2026-05-22,4,羽毛球馆-1号,09:00-10:00,0,1,可预约,￥12.0,多云,18,16,3,0.0,81,28
2026-05-21 09:30:46,2026-05-22,4,羽毛球馆-1号,09:00-10:00,0,1,可预约,￥12.0,多云,18,16,3,0.0,81,32
2026-05-21 09:40:36,2026-05-22,4,羽毛球馆-1号,09:00-10:00,0,1,可预约,￥12.0,多云,19,17,3,0.0,79,32
2026-05-21 09:50:42,2026-05-22,4,羽毛球馆-1号,09:00-10:00,0,1,可预约,￥12.0,多云,19,17,4,0.0,81,32
2026-05-21 10:00:46,2026-05-22,4,羽毛球馆-1号,09:00-10:00,0,1,可预约,￥12.0,多云,19,17,4,0.0,79,32
2026-05-21 10:10:40,2026-05-22,4,羽毛球馆-1号,09:00-10:00,0,1,可预约,￥12.0,多云,19,17,4,0.0,79,32
2026-05-21 10:20:38,2026-05-22,4,羽毛球馆-1号,09:00-10:00,0,1,可预约,￥12.0,多云,19,17,4,0.0,79,32
2026-05-21 10:30:41,2026-05-22,4,羽毛球馆-1号,09:00-10:00,0,1,可预约,￥12.0,多云,19,18,3,0.0,78,31
2026-05-21 11:00:44,2026-05-22,4,羽毛球馆-1号,09:00-10:00,0,1,可预约,￥12.0,多云,21,17,5,0.0,74,31
2026-05-21 11:30:38,2026-05-22,4,羽毛球馆-1号,09:00-10:00,0,1,可预约,￥12.0,多云,21,19,3,0.0,72,33
2026-05-21 12:00:46,2026-05-22,4,羽毛球馆-1号,09:00-10:00,0,1,可预约,￥12.0,多云,22,19,4,0.0,70,33
2026-05-21 12:30:42,2026-05-22,4,羽毛球馆-1号,09:00-10:00,0,1,可预约,￥12.0,多云,22,21,3,0.0,68,35
2026-05-21 13:00:43,2026-05-22,4,羽毛球馆-1号,09:00-10:00,0,1,可预约,￥12.0,多云,24,22,4,0.0,66,35
2026-05-21 13:30:43,2026-05-22,4,羽毛球馆-1号,09:00-10:00,0,1,可预约,￥12.0,多云,24,22,4,0.0,66,36
2026-05-21 14:00:48,2026-05-22,4,羽毛球馆-1号,09:00-10:00,0,1,可预约,￥12.0,多云,25,23,4,0.0,66,36
2026-05-21 14:30:45,2026-05-22,4,羽毛球馆-1号,09:00-10:00,0,1,可预约,￥12.0,晴,25,25,3,0.0,65,39
2026-05-21 15:00:45,2026-05-22,4,羽毛球馆-1号,09:00-10:00,0,1,可预约,￥12.0,晴,25,22,4,0.0,56,39
2026-05-21 15:30:43,2026-05-22,4,羽毛球馆-1号,09:00-10:00,0,1,可预约,￥12.0,晴,25,23,4,0.0,57,40
2026-05-21 16:00:51,2026-05-22,4,羽毛球馆-1号,09:00-10:00,0,1,可预约,￥12.0,晴,25,23,4,0.0,57,40
2026-05-21 16:30:48,2026-05-22,4,羽毛球馆-1号,09:00-10:00,0,1,可预约,￥12.0,晴,25,24,3,0.0,60,39
2026-05-21 17:00:49,2026-05-22,4,羽毛球馆-1号,09:00-10:00,0,1,可预约,￥12.0,晴,25,24,4,0.0,61,39
2026-05-21 17:30:47,2026-05-22,4,羽毛球馆-1号,09:00-10:00,0,1,可预约,￥12.0,多云,24,23,3,0.0,64,39
2026-05-21 18:00:50,2026-05-22,4,羽毛球馆-1号,09:00-10:00,0,1,可预约,￥12.0,多云,24,23,3,0.0,68,39
2026-05-21 18:30:50,2026-05-22,4,羽毛球馆-1号,09:00-10:00,0,1,可预约,￥12.0,阴,24,25,2,0.0,68,40
2026-05-21 19:00:50,2026-05-22,4,羽毛球馆-1号,09:00-10:00,0,1,可预约,￥12.0,阴,23,23,3,0.0,76,40
2026-05-21 19:30:46,2026-05-22,4,羽毛球馆-1号,09:00-10:00,0,1,可预约,￥12.0,阴,23,24,2,0.0,77,39
2026-05-21 20:00:49,2026-05-22,4,羽毛球馆-1号,09:00-10:00,0,1,可预约,￥12.0,雾,22,23,2,0.0,89,39
2026-05-21 20:30:44,2026-05-22,4,羽毛球馆-1号,09:00-10:00,0,1,可预约,￥12.0,雾,22,24,2,0.0,93,43
2026-05-21 21:00:56,2026-05-22,4,羽毛球馆-1号,09:00-10:00,1,1,已售/已满,已售,雾,20,21,2,0.0,98,43
2026-05-21 21:30:46,2026-05-22,4,羽毛球馆-1号,09:00-10:00,1,1,已售/已满,已售,雾,20,22,1,0.0,99,41
2026-05-21 22:01:02,2026-05-22,4,羽毛球馆-1号,09:00-10:00,1,1,已售/已满,已售,雾,19,20,2,0.0,93,41
2026-05-21 22:30:47,2026-05-22,4,羽毛球馆-1号,09:00-10:00,1,1,已售/已满,已售,雾,19,19,3,0.0,88,46
2026-05-21 23:00:56,2026-05-22,4,羽毛球馆-1号,09:00-10:00,1,1,已售/已满,已售,多云,18,17,3,0.0,85,46
2026-05-21 23:30:55,2026-05-22,4,羽毛球馆-1号,09:00-10:00,1,1,已售/已满,已售,多云,18,17,3,0.0,85,48
2026-05-21 08:00:45,2026-05-22,4,羽毛球馆-1号,10:00-11:00,1,1,已售/已满,教学时间,晴,17,12,5,0.0,86,29
2026-05-21 08:02:30,2026-05-22,4,羽毛球馆-1号,10:00-11:00,1,1,已售/已满,教学时间,多云,17,12,5,0.0,87,29
2026-05-21 08:05:36,2026-05-22,4,羽毛球馆-1号,10:00-11:00,1,1,已售/已满,教学时间,多云,17,12,5,0.0,86,29
2026-05-21 08:08:31,2026-05-22,4,羽毛球馆-1号,10:00-11:00,1,1,已售/已满,教学时间,多云,17,12,5,0.0,86,29
2026-05-21 08:11:30,2026-05-22,4,羽毛球馆-1号,10:00-11:00,1,1,已售/已满,教学时间,多云,17,12,5,0.0,86,29
2026-05-21 08:14:31,2026-05-22,4,羽毛球馆-1号,10:00-11:00,1,1,已售/已满,教学时间,多云,17,12,5,0.0,86,29
2026-05-21 08:17:30,2026-05-22,4,羽毛球馆-1号,10:00-11:00,1,1,已售/已满,教学时间,多云,17,12,5,0.0,86,29
2026-05-21 08:20:35,2026-05-22,4,羽毛球馆-1号,10:00-11:00,1,1,已售/已满,教学时间,多云,17,14,4,0.0,85,29
2026-05-21 08:25:32,2026-05-22,4,羽毛球馆-1号,10:00-11:00,1,1,已售/已满,教学时间,多云,17,14,4,0.0,85,28
2026-05-21 08:30:42,2026-05-22,4,羽毛球馆-1号,10:00-11:00,1,1,已售/已满,教学时间,多云,18,15,4,0.0,84,28
2026-05-21 08:35:31,2026-05-22,4,羽毛球馆-1号,10:00-11:00,1,1,已售/已满,教学时间,多云,18,15,4,0.0,84,28
2026-05-21 08:40:38,2026-05-22,4,羽毛球馆-1号,10:00-11:00,1,1,已售/已满,教学时间,多云,18,15,4,0.0,82,28
2026-05-21 08:45:33,2026-05-22,4,羽毛球馆-1号,10:00-11:00,1,1,已售/已满,教学时间,多云,18,15,4,0.0,82,28
2026-05-21 08:50:36,2026-05-22,4,羽毛球馆-1号,10:00-11:00,1,1,已售/已满,教学时间,多云,18,15,4,0.0,82,28
2026-05-21 08:55:34,2026-05-22,4,羽毛球馆-1号,10:00-11:00,1,1,已售/已满,教学时间,多云,18,15,4,0.0,84,28
2026-05-21 09:00:51,2026-05-22,4,羽毛球馆-1号,10:00-11:00,1,1,已售/已满,教学时间,多云,18,15,4,0.0,84,28
2026-05-21 09:01:59,2026-05-22,4,羽毛球馆-1号,10:00-11:00,1,1,已售/已满,教学时间,多云,18,15,4,0.0,83,28
2026-05-21 09:05:33,2026-05-22,4,羽毛球馆-1号,10:00-11:00,1,1,已售/已满,教学时间,多云,18,15,4,0.0,83,28
2026-05-21 09:20:38,2026-05-22,4,羽毛球馆-1号,10:00-11:00,1,1,已售/已满,教学时间,多云,18,16,3,0.0,81,28
2026-05-21 09:30:46,2026-05-22,4,羽毛球馆-1号,10:00-11:00,1,1,已售/已满,教学时间,多云,18,16,3,0.0,81,32
2026-05-21 09:40:36,2026-05-22,4,羽毛球馆-1号,10:00-11:00,1,1,已售/已满,教学时间,多云,19,17,3,0.0,79,32
2026-05-21 09:50:42,2026-05-22,4,羽毛球馆-1号,10:00-11:00,1,1,已售/已满,教学时间,多云,19,17,4,0.0,81,32
2026-05-21 10:00:46,2026-05-22,4,羽毛球馆-1号,10:00-11:00,1,1,已售/已满,教学时间,多云,19,17,4,0.0,79,32
2026-05-21 10:10:40,2026-05-22,4,羽毛球馆-1号,10:00-11:00,1,1,已售/已满,教学时间,多云,19,17,4,0.0,79,32
2026-05-21 10:20:38,2026-05-22,4,羽毛球馆-1号,10:00-11:00,1,1,已售/已满,教学时间,多云,19,17,4,0.0,79,32
2026-05-21 10:30:41,2026-05-22,4,羽毛球馆-1号,10:00-11:00,1,1,已售/已满,教学时间,多云,19,18,3,0.0,78,31
2026-05-21 11:00:44,2026-05-22,4,羽毛球馆-1号,10:00-11:00,1,1,已售/已满,教学时间,多云,21,17,5,0.0,74,31
2026-05-21 11:30:38,2026-05-22,4,羽毛球馆-1号,10:00-11:00,1,1,已售/已满,教学时间,多云,21,19,3,0.0,72,33
2026-05-21 12:00:46,2026-05-22,4,羽毛球馆-1号,10:00-11:00,1,1,已售/已满,教学时间,多云,22,19,4,0.0,70,33
2026-05-21 12:30:42,2026-05-22,4,羽毛球馆-1号,10:00-11:00,1,1,已售/已满,教学时间,多云,22,21,3,0.0,68,35
2026-05-21 13:00:43,2026-05-22,4,羽毛球馆-1号,10:00-11:00,1,1,已售/已满,教学时间,多云,24,22,4,0.0,66,35
2026-05-21 13:30:43,2026-05-22,4,羽毛球馆-1号,10:00-11:00,1,1,已售/已满,教学时间,多云,24,22,4,0.0,66,36
2026-05-21 14:00:48,2026-05-22,4,羽毛球馆-1号,10:00-11:00,1,1,已售/已满,教学时间,多云,25,23,4,0.0,66,36
2026-05-21 14:30:45,2026-05-22,4,羽毛球馆-1号,10:00-11:00,1,1,已售/已满,教学时间,晴,25,25,3,0.0,65,39
2026-05-21 15:00:45,2026-05-22,4,羽毛球馆-1号,10:00-11:00,1,1,已售/已满,教学时间,晴,25,22,4,0.0,56,39
2026-05-21 15:30:43,2026-05-22,4,羽毛球馆-1号,10:00-11:00,1,1,已售/已满,教学时间,晴,25,23,4,0.0,57,40
2026-05-21 16:00:51,2026-05-22,4,羽毛球馆-1号,10:00-11:00,1,1,已售/已满,教学时间,晴,25,23,4,0.0,57,40
2026-05-21 16:30:48,2026-05-22,4,羽毛球馆-1号,10:00-11:00,1,1,已售/已满,教学时间,晴,25,24,3,0.0,60,39
2026-05-21 17:00:49,2026-05-22,4,羽毛球馆-1号,10:00-11:00,1,1,已售/已满,教学时间,晴,25,24,4,0.0,61,39
2026-05-21 17:30:47,2026-05-22,4,羽毛球馆-1号,10:00-11:00,1,1,已售/已满,教学时间,多云,24,23,3,0.0,64,39
2026-05-21 18:00:50,2026-05-22,4,羽毛球馆-1号,10:00-11:00,1,1,已售/已满,教学时间,多云,24,23,3,0.0,68,39
2026-05-21 18:30:50,2026-05-22,4,羽毛球馆-1号,10:00-11:00,1,1,已售/已满,教学时间,阴,24,25,2,0.0,68,40
2026-05-21 19:00:50,2026-05-22,4,羽毛球馆-1号,10:00-11:00,1,1,已售/已满,教学时间,阴,23,23,3,0.0,76,40
2026-05-21 19:30:46,2026-05-22,4,羽毛球馆-1号,10:00-11:00,1,1,已售/已满,教学时间,阴,23,24,2,0.0,77,39
2026-05-21 20:00:49,2026-05-22,4,羽毛球馆-1号,10:00-11:00,1,1,已售/已满,教学时间,雾,22,23,2,0.0,89,39
2026-05-21 20:30:44,2026-05-22,4,羽毛球馆-1号,10:00-11:00,1,1,已售/已满,教学时间,雾,22,24,2,0.0,93,43
2026-05-21 21:00:56,2026-05-22,4,羽毛球馆-1号,10:00-11:00,1,1,已售/已满,教学时间,雾,20,21,2,0.0,98,43
2026-05-21 21:30:46,2026-05-22,4,羽毛球馆-1号,10:00-11:00,1,1,已售/已满,教学时间,雾,20,22,1,0.0,99,41
2026-05-21 22:01:02,2026-05-22,4,羽毛球馆-1号,10:00-11:00,1,1,已售/已满,教学时间,雾,19,20,2,0.0,93,41
2026-05-21 22:30:47,2026-05-22,4,羽毛球馆-1号,10:00-11:00,1,1,已售/已满,教学时间,雾,19,19,3,0.0,88,46
2026-05-21 23:00:56,2026-05-22,4,羽毛球馆-1号,10:00-11:00,1,1,已售/已满,教学时间,多云,18,17,3,0.0,85,46
2026-05-21 23:30:55,2026-05-22,4,羽毛球馆-1号,10:00-11:00,1,1,已售/已满,教学时间,多云,18,17,3,0.0,85,48
2026-05-21 08:00:45,2026-05-22,4,羽毛球馆-1号,11:00-12:00,1,1,已售/已满,教学时间,晴,17,12,5,0.0,86,29
2026-05-21 08:02:30,2026-05-22,4,羽毛球馆-1号,11:00-12:00,1,1,已售/已满,教学时间,多云,17,12,5,0.0,87,29
2026-05-21 08:05:36,2026-05-22,4,羽毛球馆-1号,11:00-12:00,1,1,已售/已满,教学时间,多云,17,12,5,0.0,86,29
2026-05-21 08:08:31,2026-05-22,4,羽毛球馆-1号,11:00-12:00,1,1,已售/已满,教学时间,多云,17,12,5,0.0,86,29
2026-05-21 08:11:30,2026-05-22,4,羽毛球馆-1号,11:00-12:00,1,1,已售/已满,教学时间,多云,17,12,5,0.0,86,29
2026-05-21 08:14:31,2026-05-22,4,羽毛球馆-1号,11:00-12:00,1,1,已售/已满,教学时间,多云,17,12,5,0.0,86,29
2026-05-21 08:17:30,2026-05-22,4,羽毛球馆-1号,11:00-12:00,1,1,已售/已满,教学时间,多云,17,12,5,0.0,86,29
2026-05-21 08:20:35,2026-05-22,4,羽毛球馆-1号,11:00-12:00,1,1,已售/已满,教学时间,多云,17,14,4,0.0,85,29
2026-05-21 08:25:32,2026-05-22,4,羽毛球馆-1号,11:00-12:00,1,1,已售/已满,教学时间,多云,17,14,4,0.0,85,28
2026-05-21 08:30:42,2026-05-22,4,羽毛球馆-1号,11:00-12:00,1,1,已售/已满,教学时间,多云,18,15,4,0.0,84,28
2026-05-21 08:35:31,2026-05-22,4,羽毛球馆-1号,11:00-12:00,1,1,已售/已满,教学时间,多云,18,15,4,0.0,84,28
2026-05-21 08:40:38,2026-05-22,4,羽毛球馆-1号,11:00-12:00,1,1,已售/已满,教学时间,多云,18,15,4,0.0,82,28
2026-05-21 08:45:33,2026-05-22,4,羽毛球馆-1号,11:00-12:00,1,1,已售/已满,教学时间,多云,18,15,4,0.0,82,28
2026-05-21 08:50:36,2026-05-22,4,羽毛球馆-1号,11:00-12:00,1,1,已售/已满,教学时间,多云,18,15,4,0.0,82,28
2026-05-21 08:55:34,2026-05-22,4,羽毛球馆-1号,11:00-12:00,1,1,已售/已满,教学时间,多云,18,15,4,0.0,84,28
2026-05-21 09:00:51,2026-05-22,4,羽毛球馆-1号,11:00-12:00,1,1,已售/已满,教学时间,多云,18,15,4,0.0,84,28
2026-05-21 09:01:59,2026-05-22,4,羽毛球馆-1号,11:00-12:00,1,1,已售/已满,教学时间,多云,18,15,4,0.0,83,28
2026-05-21 09:05:33,2026-05-22,4,羽毛球馆-1号,11:00-12:00,1,1,已售/已满,教学时间,多云,18,15,4,0.0,83,28
2026-05-21 09:20:38,2026-05-22,4,羽毛球馆-1号,11:00-12:00,1,1,已售/已满,教学时间,多云,18,16,3,0.0,81,28
2026-05-21 09:30:46,2026-05-22,4,羽毛球馆-1号,11:00-12:00,1,1,已售/已满,教学时间,多云,18,16,3,0.0,81,32
2026-05-21 09:40:36,2026-05-22,4,羽毛球馆-1号,11:00-12:00,1,1,已售/已满,教学时间,多云,19,17,3,0.0,79,32
2026-05-21 09:50:42,2026-05-22,4,羽毛球馆-1号,11:00-12:00,1,1,已售/已满,教学时间,多云,19,17,4,0.0,81,32
2026-05-21 10:00:46,2026-05-22,4,羽毛球馆-1号,11:00-12:00,1,1,已售/已满,教学时间,多云,19,17,4,0.0,79,32
2026-05-21 10:10:40,2026-05-22,4,羽毛球馆-1号,11:00-12:00,1,1,已售/已满,教学时间,多云,19,17,4,0.0,79,32
2026-05-21 10:20:38,2026-05-22,4,羽毛球馆-1号,11:00-12:00,1,1,已售/已满,教学时间,多云,19,17,4,0.0,79,32
2026-05-21 10:30:41,2026-05-22,4,羽毛球馆-1号,11:00-12:00,1,1,已售/已满,教学时间,多云,19,18,3,0.0,78,31
2026-05-21 11:00:44,2026-05-22,4,羽毛球馆-1号,11:00-12:00,1,1,已售/已满,教学时间,多云,21,17,5,0.0,74,31
2026-05-21 11:30:38,2026-05-22,4,羽毛球馆-1号,11:00-12:00,1,1,已售/已满,教学时间,多云,21,19,3,0.0,72,33
2026-05-21 12:00:46,2026-05-22,4,羽毛球馆-1号,11:00-12:00,1,1,已售/已满,教学时间,多云,22,19,4,0.0,70,33
2026-05-21 12:30:42,2026-05-22,4,羽毛球馆-1号,11:00-12:00,1,1,已售/已满,教学时间,多云,22,21,3,0.0,68,35
2026-05-21 13:00:43,2026-05-22,4,羽毛球馆-1号,11:00-12:00,1,1,已售/已满,教学时间,多云,24,22,4,0.0,66,35
2026-05-21 13:30:43,2026-05-22,4,羽毛球馆-1号,11:00-12:00,1,1,已售/已满,教学时间,多云,24,22,4,0.0,66,36
2026-05-21 14:00:48,2026-05-22,4,羽毛球馆-1号,11:00-12:00,1,1,已售/已满,教学时间,多云,25,23,4,0.0,66,36
2026-05-21 14:30:45,2026-05-22,4,羽毛球馆-1号,11:00-12:00,1,1,已售/已满,教学时间,晴,25,25,3,0.0,65,39
2026-05-21 15:00:45,2026-05-22,4,羽毛球馆-1号,11:00-12:00,1,1,已售/已满,教学时间,晴,25,22,4,0.0,56,39
2026-05-21 15:30:43,2026-05-22,4,羽毛球馆-1号,11:00-12:00,1,1,已售/已满,教学时间,晴,25,23,4,0.0,57,40
2026-05-21 16:00:51,2026-05-22,4,羽毛球馆-1号,11:00-12:00,1,1,已售/已满,教学时间,晴,25,23,4,0.0,57,40
2026-05-21 16:30:48,2026-05-22,4,羽毛球馆-1号,11:00-12:00,1,1,已售/已满,教学时间,晴,25,24,3,0.0,60,39
2026-05-21 17:00:49,2026-05-22,4,羽毛球馆-1号,11:00-12:00,1,1,已售/已满,教学时间,晴,25,24,4,0.0,61,39
2026-05-21 17:30:47,2026-05-22,4,羽毛球馆-1号,11:00-12:00,1,1,已售/已满,教学时间,多云,24,23,3,0.0,64,39
2026-05-21 18:00:50,2026-05-22,4,羽毛球馆-1号,11:00-12:00,1,1,已售/已满,教学时间,多云,24,23,3,0.0,68,39
2026-05-21 18:30:50,2026-05-22,4,羽毛球馆-1号,11:00-12:00,1,1,已售/已满,教学时间,阴,24,25,2,0.0,68,40
2026-05-21 19:00:50,2026-05-22,4,羽毛球馆-1号,11:00-12:00,1,1,已售/已满,教学时间,阴,23,23,3,0.0,76,40
2026-05-21 19:30:46,2026-05-22,4,羽毛球馆-1号,11:00-12:00,1,1,已售/已满,教学时间,阴,23,24,2,0.0,77,39
2026-05-21 20:00:49,2026-05-22,4,羽毛球馆-1号,11:00-12:00,1,1,已售/已满,教学时间,雾,22,23,2,0.0,89,39
2026-05-21 20:30:44,2026-05-22,4,羽毛球馆-1号,11:00-12:00,1,1,已售/已满,教学时间,雾,22,24,2,0.0,93,43
2026-05-21 21:00:56,2026-05-22,4,羽毛球馆-1号,11:00-12:00,1,1,已售/已满,教学时间,雾,20,21,2,0.0,98,43
2026-05-21 21:30:46,2026-05-22,4,羽毛球馆-1号,11:00-12:00,1,1,已售/已满,教学时间,雾,20,22,1,0.0,99,41
2026-05-21 22:01:02,2026-05-22,4,羽毛球馆-1号,11:00-12:00,1,1,已售/已满,教学时间,雾,19,20,2,0.0,93,41
2026-05-21 22:30:47,2026-05-22,4,羽毛球馆-1号,11:00-12:00,1,1,已售/已满,教学时间,雾,19,19,3,0.0,88,46
2026-05-21 23:00:56,2026-05-22,4,羽毛球馆-1号,11:00-12:00,1,1,已售/已满,教学时间,多云,18,17,3,0.0,85,46
2026-05-21 23:30:55,2026-05-22,4,羽毛球馆-1号,11:00-12:00,1,1,已售/已满,教学时间,多云,18,17,3,0.0,85,48
2026-05-21 08:00:45,2026-05-22,4,羽毛球馆-1号,12:00-12:55,1,1,已售/已满,已售,晴,17,12,5,0.0,86,29
2026-05-21 08:02:30,2026-05-22,4,羽毛球馆-1号,12:00-12:55,1,1,已售/已满,已售,多云,17,12,5,0.0,87,29
2026-05-21 08:05:36,2026-05-22,4,羽毛球馆-1号,12:00-12:55,1,1,已售/已满,已售,多云,17,12,5,0.0,86,29
2026-05-21 08:08:31,2026-05-22,4,羽毛球馆-1号,12:00-12:55,1,1,已售/已满,已售,多云,17,12,5,0.0,86,29
2026-05-21 08:11:30,2026-05-22,4,羽毛球馆-1号,12:00-12:55,1,1,已售/已满,已售,多云,17,12,5,0.0,86,29
2026-05-21 08:14:31,2026-05-22,4,羽毛球馆-1号,12:00-12:55,1,1,已售/已满,已售,多云,17,12,5,0.0,86,29
2026-05-21 08:17:30,2026-05-22,4,羽毛球馆-1号,12:00-12:55,1,1,已售/已满,已售,多云,17,12,5,0.0,86,29
2026-05-21 08:20:35,2026-05-22,4,羽毛球馆-1号,12:00-12:55,1,1,已售/已满,已售,多云,17,14,4,0.0,85,29
2026-05-21 08:25:32,2026-05-22,4,羽毛球馆-1号,12:00-12:55,1,1,已售/已满,已售,多云,17,14,4,0.0,85,28
2026-05-21 08:30:42,2026-05-22,4,羽毛球馆-1号,12:00-12:55,1,1,已售/已满,已售,多云,18,15,4,0.0,84,28
2026-05-21 08:35:31,2026-05-22,4,羽毛球馆-1号,12:00-12:55,1,1,已售/已满,已售,多云,18,15,4,0.0,84,28
2026-05-21 08:40:38,2026-05-22,4,羽毛球馆-1号,12:00-12:55,1,1,已售/已满,已售,多云,18,15,4,0.0,82,28
2026-05-21 08:45:33,2026-05-22,4,羽毛球馆-1号,12:00-12:55,1,1,已售/已满,已售,多云,18,15,4,0.0,82,28
2026-05-21 08:50:36,2026-05-22,4,羽毛球馆-1号,12:00-12:55,1,1,已售/已满,已售,多云,18,15,4,0.0,82,28
2026-05-21 08:55:34,2026-05-22,4,羽毛球馆-1号,12:00-12:55,1,1,已售/已满,已售,多云,18,15,4,0.0,84,28
2026-05-21 09:00:51,2026-05-22,4,羽毛球馆-1号,12:00-12:55,1,1,已售/已满,已售,多云,18,15,4,0.0,84,28
2026-05-21 09:01:59,2026-05-22,4,羽毛球馆-1号,12:00-12:55,1,1,已售/已满,已售,多云,18,15,4,0.0,83,28
2026-05-21 09:05:33,2026-05-22,4,羽毛球馆-1号,12:00-12:55,1,1,已售/已满,已售,多云,18,15,4,0.0,83,28
2026-05-21 09:20:38,2026-05-22,4,羽毛球馆-1号,12:00-12:55,1,1,已售/已满,已售,多云,18,16,3,0.0,81,28
2026-05-21 09:30:46,2026-05-22,4,羽毛球馆-1号,12:00-12:55,1,1,已售/已满,已售,多云,18,16,3,0.0,81,32
2026-05-21 09:40:36,2026-05-22,4,羽毛球馆-1号,12:00-12:55,1,1,已售/已满,已售,多云,19,17,3,0.0,79,32
2026-05-21 09:50:42,2026-05-22,4,羽毛球馆-1号,12:00-12:55,1,1,已售/已满,已售,多云,19,17,4,0.0,81,32
2026-05-21 10:00:46,2026-05-22,4,羽毛球馆-1号,12:00-12:55,1,1,已售/已满,已售,多云,19,17,4,0.0,79,32
2026-05-21 10:10:40,2026-05-22,4,羽毛球馆-1号,12:00-12:55,1,1,已售/已满,已售,多云,19,17,4,0.0,79,32
2026-05-21 10:20:38,2026-05-22,4,羽毛球馆-1号,12:00-12:55,1,1,已售/已满,已售,多云,19,17,4,0.0,79,32
2026-05-21 10:30:41,2026-05-22,4,羽毛球馆-1号,12:00-12:55,1,1,已售/已满,已售,多云,19,18,3,0.0,78,31
2026-05-21 11:00:44,2026-05-22,4,羽毛球馆-1号,12:00-12:55,1,1,已售/已满,已售,多云,21,17,5,0.0,74,31
2026-05-21 11:30:38,2026-05-22,4,羽毛球馆-1号,12:00-12:55,1,1,已售/已满,已售,多云,21,19,3,0.0,72,33
2026-05-21 12:00:46,2026-05-22,4,羽毛球馆-1号,12:00-12:55,1,1,已售/已满,已售,多云,22,19,4,0.0,70,33
2026-05-21 12:30:42,2026-05-22,4,羽毛球馆-1号,12:00-12:55,1,1,已售/已满,已售,多云,22,21,3,0.0,68,35
2026-05-21 13:00:43,2026-05-22,4,羽毛球馆-1号,12:00-12:55,1,1,已售/已满,已售,多云,24,22,4,0.0,66,35
2026-05-21 13:30:43,2026-05-22,4,羽毛球馆-1号,12:00-12:55,1,1,已售/已满,已售,多云,24,22,4,0.0,66,36
2026-05-21 14:00:48,2026-05-22,4,羽毛球馆-1号,12:00-12:55,1,1,已售/已满,已售,多云,25,23,4,0.0,66,36
2026-05-21 14:30:45,2026-05-22,4,羽毛球馆-1号,12:00-12:55,1,1,已售/已满,已售,晴,25,25,3,0.0,65,39
2026-05-21 15:00:45,2026-05-22,4,羽毛球馆-1号,12:00-12:55,1,1,已售/已满,已售,晴,25,22,4,0.0,56,39
2026-05-21 15:30:43,2026-05-22,4,羽毛球馆-1号,12:00-12:55,1,1,已售/已满,已售,晴,25,23,4,0.0,57,40
2026-05-21 16:00:51,2026-05-22,4,羽毛球馆-1号,12:00-12:55,1,1,已售/已满,已售,晴,25,23,4,0.0,57,40
2026-05-21 16:30:48,2026-05-22,4,羽毛球馆-1号,12:00-12:55,1,1,已售/已满,已售,晴,25,24,3,0.0,60,39
2026-05-21 17:00:49,2026-05-22,4,羽毛球馆-1号,12:00-12:55,1,1,已售/已满,已售,晴,25,24,4,0.0,61,39
2026-05-21 17:30:47,2026-05-22,4,羽毛球馆-1号,12:00-12:55,1,1,已售/已满,已售,多云,24,23,3,0.0,64,39
2026-05-21 18:00:50,2026-05-22,4,羽毛球馆-1号,12:00-12:55,1,1,已售/已满,已售,多云,24,23,3,0.0,68,39
2026-05-21 18:30:50,2026-05-22,4,羽毛球馆-1号,12:00-12:55,1,1,已售/已满,已售,阴,24,25,2,0.0,68,40
2026-05-21 19:00:50,2026-05-22,4,羽毛球馆-1号,12:00-12:55,1,1,已售/已满,已售,阴,23,23,3,0.0,76,40
2026-05-21 19:30:46,2026-05-22,4,羽毛球馆-1号,12:00-12:55,1,1,已售/已满,已售,阴,23,24,2,0.0,77,39
2026-05-21 20:00:49,2026-05-22,4,羽毛球馆-1号,12:00-12:55,1,1,已售/已满,已售,雾,22,23,2,0.0,89,39
2026-05-21 20:30:44,2026-05-22,4,羽毛球馆-1号,12:00-12:55,1,1,已售/已满,已售,雾,22,24,2,0.0,93,43
2026-05-21 21:00:56,2026-05-22,4,羽毛球馆-1号,12:00-12:55,1,1,已售/已满,已售,雾,20,21,2,0.0,98,43
2026-05-21 21:30:46,2026-05-22,4,羽毛球馆-1号,12:00-12:55,1,1,已售/已满,已售,雾,20,22,1,0.0,99,41
2026-05-21 22:01:02,2026-05-22,4,羽毛球馆-1号,12:00-12:55,1,1,已售/已满,已售,雾,19,20,2,0.0,93,41
2026-05-21 22:30:47,2026-05-22,4,羽毛球馆-1号,12:00-12:55,1,1,已售/已满,已售,雾,19,19,3,0.0,88,46
2026-05-21 23:00:56,2026-05-22,4,羽毛球馆-1号,12:00-12:55,1,1,已售/已满,已售,多云,18,17,3,0.0,85,46
2026-05-21 23:30:55,2026-05-22,4,羽毛球馆-1号,12:00-12:55,1,1,已售/已满,已售,多云,18,17,3,0.0,85,48
2026-05-21 08:00:45,2026-05-22,4,羽毛球馆-1号,12:55-13:50,1,1,已售/已满,已售,晴,17,12,5,0.0,86,29
2026-05-21 08:02:30,2026-05-22,4,羽毛球馆-1号,12:55-13:50,1,1,已售/已满,已售,多云,17,12,5,0.0,87,29
2026-05-21 08:05:36,2026-05-22,4,羽毛球馆-1号,12:55-13:50,1,1,已售/已满,已售,多云,17,12,5,0.0,86,29
2026-05-21 08:08:31,2026-05-22,4,羽毛球馆-1号,12:55-13:50,1,1,已售/已满,已售,多云,17,12,5,0.0,86,29
2026-05-21 08:11:30,2026-05-22,4,羽毛球馆-1号,12:55-13:50,1,1,已售/已满,已售,多云,17,12,5,0.0,86,29
2026-05-21 08:14:31,2026-05-22,4,羽毛球馆-1号,12:55-13:50,1,1,已售/已满,已售,多云,17,12,5,0.0,86,29
2026-05-21 08:17:30,2026-05-22,4,羽毛球馆-1号,12:55-13:50,1,1,已售/已满,已售,多云,17,12,5,0.0,86,29
2026-05-21 08:20:35,2026-05-22,4,羽毛球馆-1号,12:55-13:50,1,1,已售/已满,已售,多云,17,14,4,0.0,85,29
2026-05-21 08:25:32,2026-05-22,4,羽毛球馆-1号,12:55-13:50,1,1,已售/已满,已售,多云,17,14,4,0.0,85,28
2026-05-21 08:30:42,2026-05-22,4,羽毛球馆-1号,12:55-13:50,1,1,已售/已满,已售,多云,18,15,4,0.0,84,28
2026-05-21 08:35:31,2026-05-22,4,羽毛球馆-1号,12:55-13:50,1,1,已售/已满,已售,多云,18,15,4,0.0,84,28
2026-05-21 08:40:38,2026-05-22,4,羽毛球馆-1号,12:55-13:50,1,1,已售/已满,已售,多云,18,15,4,0.0,82,28
2026-05-21 08:45:33,2026-05-22,4,羽毛球馆-1号,12:55-13:50,1,1,已售/已满,已售,多云,18,15,4,0.0,82,28
2026-05-21 08:50:36,2026-05-22,4,羽毛球馆-1号,12:55-13:50,1,1,已售/已满,已售,多云,18,15,4,0.0,82,28
2026-05-21 08:55:34,2026-05-22,4,羽毛球馆-1号,12:55-13:50,1,1,已售/已满,已售,多云,18,15,4,0.0,84,28
2026-05-21 09:00:51,2026-05-22,4,羽毛球馆-1号,12:55-13:50,1,1,已售/已满,已售,多云,18,15,4,0.0,84,28
2026-05-21 09:01:59,2026-05-22,4,羽毛球馆-1号,12:55-13:50,1,1,已售/已满,已售,多云,18,15,4,0.0,83,28
2026-05-21 09:05:33,2026-05-22,4,羽毛球馆-1号,12:55-13:50,1,1,已售/已满,已售,多云,18,15,4,0.0,83,28
2026-05-21 09:20:38,2026-05-22,4,羽毛球馆-1号,12:55-13:50,1,1,已售/已满,已售,多云,18,16,3,0.0,81,28
2026-05-21 09:30:46,2026-05-22,4,羽毛球馆-1号,12:55-13:50,1,1,已售/已满,已售,多云,18,16,3,0.0,81,32
2026-05-21 09:40:36,2026-05-22,4,羽毛球馆-1号,12:55-13:50,1,1,已售/已满,已售,多云,19,17,3,0.0,79,32
2026-05-21 09:50:42,2026-05-22,4,羽毛球馆-1号,12:55-13:50,1,1,已售/已满,已售,多云,19,17,4,0.0,81,32
2026-05-21 10:00:46,2026-05-22,4,羽毛球馆-1号,12:55-13:50,1,1,已售/已满,已售,多云,19,17,4,0.0,79,32
2026-05-21 10:10:40,2026-05-22,4,羽毛球馆-1号,12:55-13:50,1,1,已售/已满,已售,多云,19,17,4,0.0,79,32
2026-05-21 10:20:38,2026-05-22,4,羽毛球馆-1号,12:55-13:50,1,1,已售/已满,已售,多云,19,17,4,0.0,79,32
2026-05-21 10:30:41,2026-05-22,4,羽毛球馆-1号,12:55-13:50,1,1,已售/已满,已售,多云,19,18,3,0.0,78,31
2026-05-21 11:00:44,2026-05-22,4,羽毛球馆-1号,12:55-13:50,1,1,已售/已满,已售,多云,21,17,5,0.0,74,31
2026-05-21 11:30:38,2026-05-22,4,羽毛球馆-1号,12:55-13:50,1,1,已售/已满,已售,多云,21,19,3,0.0,72,33
2026-05-21 12:00:46,2026-05-22,4,羽毛球馆-1号,12:55-13:50,1,1,已售/已满,已售,多云,22,19,4,0.0,70,33
2026-05-21 12:30:42,2026-05-22,4,羽毛球馆-1号,12:55-13:50,1,1,已售/已满,已售,多云,22,21,3,0.0,68,35
2026-05-21 13:00:43,2026-05-22,4,羽毛球馆-1号,12:55-13:50,1,1,已售/已满,已售,多云,24,22,4,0.0,66,35
2026-05-21 13:30:43,2026-05-22,4,羽毛球馆-1号,12:55-13:50,1,1,已售/已满,已售,多云,24,22,4,0.0,66,36
2026-05-21 14:00:48,2026-05-22,4,羽毛球馆-1号,12:55-13:50,1,1,已售/已满,已售,多云,25,23,4,0.0,66,36
2026-05-21 14:30:45,2026-05-22,4,羽毛球馆-1号,12:55-13:50,1,1,已售/已满,已售,晴,25,25,3,0.0,65,39
2026-05-21 15:00:45,2026-05-22,4,羽毛球馆-1号,12:55-13:50,1,1,已售/已满,已售,晴,25,22,4,0.0,56,39
2026-05-21 15:30:43,2026-05-22,4,羽毛球馆-1号,12:55-13:50,1,1,已售/已满,已售,晴,25,23,4,0.0,57,40
2026-05-21 16:00:51,2026-05-22,4,羽毛球馆-1号,12:55-13:50,1,1,已售/已满,已售,晴,25,23,4,0.0,57,40
2026-05-21 16:30:48,2026-05-22,4,羽毛球馆-1号,12:55-13:50,1,1,已售/已满,已售,晴,25,24,3,0.0,60,39
2026-05-21 17:00:49,2026-05-22,4,羽毛球馆-1号,12:55-13:50,1,1,已售/已满,已售,晴,25,24,4,0.0,61,39
2026-05-21 17:30:47,2026-05-22,4,羽毛球馆-1号,12:55-13:50,1,1,已售/已满,已售,多云,24,23,3,0.0,64,39
2026-05-21 18:00:50,2026-05-22,4,羽毛球馆-1号,12:55-13:50,1,1,已售/已满,已售,多云,24,23,3,0.0,68,39
2026-05-21 18:30:50,2026-05-22,4,羽毛球馆-1号,12:55-13:50,1,1,已售/已满,已售,阴,24,25,2,0.0,68,40
2026-05-21 19:00:50,2026-05-22,4,羽毛球馆-1号,12:55-13:50,1,1,已售/已满,已售,阴,23,23,3,0.0,76,40
2026-05-21 19:30:46,2026-05-22,4,羽毛球馆-1号,12:55-13:50,1,1,已售/已满,已售,阴,23,24,2,0.0,77,39
2026-05-21 20:00:49,2026-05-22,4,羽毛球馆-1号,12:55-13:50,1,1,已售/已满,已售,雾,22,23,2,0.0,89,39
2026-05-21 20:30:44,2026-05-22,4,羽毛球馆-1号,12:55-13:50,1,1,已售/已满,已售,雾,22,24,2,0.0,93,43
2026-05-21 21:00:56,2026-05-22,4,羽毛球馆-1号,12:55-13:50,1,1,已售/已满,已售,雾,20,21,2,0.0,98,43
2026-05-21 21:30:46,2026-05-22,4,羽毛球馆-1号,12:55-13:50,1,1,已售/已满,已售,雾,20,22,1,0.0,99,41
2026-05-21 22:01:02,2026-05-22,4,羽毛球馆-1号,12:55-13:50,1,1,已售/已满,已售,雾,19,20,2,0.0,93,41
2026-05-21 22:30:47,2026-05-22,4,羽毛球馆-1号,12:55-13:50,1,1,已售/已满,已售,雾,19,19,3,0.0,88,46
2026-05-21 23:00:56,2026-05-22,4,羽毛球馆-1号,12:55-13:50,1,1,已售/已满,已售,多云,18,17,3,0.0,85,46
2026-05-21 23:30:55,2026-05-22,4,羽毛球馆-1号,12:55-13:50,1,1,已售/已满,已售,多云,18,17,3,0.0,85,48
2026-05-21 08:00:45,2026-05-22,4,羽毛球馆-1号,14:00-15:00,1,1,已售/已满,教学时间,晴,17,12,5,0.0,86,29
2026-05-21 08:02:30,2026-05-22,4,羽毛球馆-1号,14:00-15:00,1,1,已售/已满,教学时间,多云,17,12,5,0.0,87,29
2026-05-21 08:05:36,2026-05-22,4,羽毛球馆-1号,14:00-15:00,1,1,已售/已满,教学时间,多云,17,12,5,0.0,86,29
2026-05-21 08:08:31,2026-05-22,4,羽毛球馆-1号,14:00-15:00,1,1,已售/已满,教学时间,多云,17,12,5,0.0,86,29
2026-05-21 08:11:30,2026-05-22,4,羽毛球馆-1号,14:00-15:00,1,1,已售/已满,教学时间,多云,17,12,5,0.0,86,29
2026-05-21 08:14:31,2026-05-22,4,羽毛球馆-1号,14:00-15:00,1,1,已售/已满,教学时间,多云,17,12,5,0.0,86,29
2026-05-21 08:17:30,2026-05-22,4,羽毛球馆-1号,14:00-15:00,1,1,已售/已满,教学时间,多云,17,12,5,0.0,86,29
2026-05-21 08:20:35,2026-05-22,4,羽毛球馆-1号,14:00-15:00,1,1,已售/已满,教学时间,多云,17,14,4,0.0,85,29
2026-05-21 08:25:32,2026-05-22,4,羽毛球馆-1号,14:00-15:00,1,1,已售/已满,教学时间,多云,17,14,4,0.0,85,28
2026-05-21 08:30:42,2026-05-22,4,羽毛球馆-1号,14:00-15:00,1,1,已售/已满,教学时间,多云,18,15,4,0.0,84,28
2026-05-21 08:35:31,2026-05-22,4,羽毛球馆-1号,14:00-15:00,1,1,已售/已满,教学时间,多云,18,15,4,0.0,84,28
2026-05-21 08:40:38,2026-05-22,4,羽毛球馆-1号,14:00-15:00,1,1,已售/已满,教学时间,多云,18,15,4,0.0,82,28
2026-05-21 08:45:33,2026-05-22,4,羽毛球馆-1号,14:00-15:00,1,1,已售/已满,教学时间,多云,18,15,4,0.0,82,28
2026-05-21 08:50:36,2026-05-22,4,羽毛球馆-1号,14:00-15:00,1,1,已售/已满,教学时间,多云,18,15,4,0.0,82,28
2026-05-21 08:55:34,2026-05-22,4,羽毛球馆-1号,14:00-15:00,1,1,已售/已满,教学时间,多云,18,15,4,0.0,84,28
2026-05-21 09:00:51,2026-05-22,4,羽毛球馆-1号,14:00-15:00,1,1,已售/已满,教学时间,多云,18,15,4,0.0,84,28
2026-05-21 09:01:59,2026-05-22,4,羽毛球馆-1号,14:00-15:00,1,1,已售/已满,教学时间,多云,18,15,4,0.0,83,28
2026-05-21 09:05:33,2026-05-22,4,羽毛球馆-1号,14:00-15:00,1,1,已售/已满,教学时间,多云,18,15,4,0.0,83,28
2026-05-21 09:20:38,2026-05-22,4,羽毛球馆-1号,14:00-15:00,1,1,已售/已满,教学时间,多云,18,16,3,0.0,81,28
2026-05-21 09:30:46,2026-05-22,4,羽毛球馆-1号,14:00-15:00,1,1,已售/已满,教学时间,多云,18,16,3,0.0,81,32
2026-05-21 09:40:36,2026-05-22,4,羽毛球馆-1号,14:00-15:00,1,1,已售/已满,教学时间,多云,19,17,3,0.0,79,32
2026-05-21 09:50:42,2026-05-22,4,羽毛球馆-1号,14:00-15:00,1,1,已售/已满,教学时间,多云,19,17,4,0.0,81,32
2026-05-21 10:00:46,2026-05-22,4,羽毛球馆-1号,14:00-15:00,1,1,已售/已满,教学时间,多云,19,17,4,0.0,79,32
2026-05-21 10:10:40,2026-05-22,4,羽毛球馆-1号,14:00-15:00,1,1,已售/已满,教学时间,多云,19,17,4,0.0,79,32
2026-05-21 10:20:38,2026-05-22,4,羽毛球馆-1号,14:00-15:00,1,1,已售/已满,教学时间,多云,19,17,4,0.0,79,32
2026-05-21 10:30:41,2026-05-22,4,羽毛球馆-1号,14:00-15:00,1,1,已售/已满,教学时间,多云,19,18,3,0.0,78,31
2026-05-21 11:00:44,2026-05-22,4,羽毛球馆-1号,14:00-15:00,1,1,已售/已满,教学时间,多云,21,17,5,0.0,74,31
2026-05-21 11:30:38,2026-05-22,4,羽毛球馆-1号,14:00-15:00,1,1,已售/已满,教学时间,多云,21,19,3,0.0,72,33
2026-05-21 12:00:46,2026-05-22,4,羽毛球馆-1号,14:00-15:00,1,1,已售/已满,教学时间,多云,22,19,4,0.0,70,33
2026-05-21 12:30:42,2026-05-22,4,羽毛球馆-1号,14:00-15:00,1,1,已售/已满,教学时间,多云,22,21,3,0.0,68,35
2026-05-21 13:00:43,2026-05-22,4,羽毛球馆-1号,14:00-15:00,1,1,已售/已满,教学时间,多云,24,22,4,0.0,66,35
2026-05-21 13:30:43,2026-05-22,4,羽毛球馆-1号,14:00-15:00,1,1,已售/已满,教学时间,多云,24,22,4,0.0,66,36
2026-05-21 14:00:48,2026-05-22,4,羽毛球馆-1号,14:00-15:00,1,1,已售/已满,教学时间,多云,25,23,4,0.0,66,36
2026-05-21 14:30:45,2026-05-22,4,羽毛球馆-1号,14:00-15:00,1,1,已售/已满,教学时间,晴,25,25,3,0.0,65,39
2026-05-21 15:00:45,2026-05-22,4,羽毛球馆-1号,14:00-15:00,1,1,已售/已满,教学时间,晴,25,22,4,0.0,56,39
2026-05-21 15:30:43,2026-05-22,4,羽毛球馆-1号,14:00-15:00,1,1,已售/已满,教学时间,晴,25,23,4,0.0,57,40
2026-05-21 16:00:51,2026-05-22,4,羽毛球馆-1号,14:00-15:00,1,1,已售/已满,教学时间,晴,25,23,4,0.0,57,40
2026-05-21 16:30:48,2026-05-22,4,羽毛球馆-1号,14:00-15:00,1,1,已售/已满,教学时间,晴,25,24,3,0.0,60,39
2026-05-21 17:00:49,2026-05-22,4,羽毛球馆-1号,14:00-15:00,1,1,已售/已满,教学时间,晴,25,24,4,0.0,61,39
2026-05-21 17:30:47,2026-05-22,4,羽毛球馆-1号,14:00-15:00,1,1,已售/已满,教学时间,多云,24,23,3,0.0,64,39
2026-05-21 18:00:50,2026-05-22,4,羽毛球馆-1号,14:00-15:00,1,1,已售/已满,教学时间,多云,24,23,3,0.0,68,39
2026-05-21 18:30:50,2026-05-22,4,羽毛球馆-1号,14:00-15:00,1,1,已售/已满,教学时间,阴,24,25,2,0.0,68,40
2026-05-21 19:00:50,2026-05-22,4,羽毛球馆-1号,14:00-15:00,1,1,已售/已满,教学时间,阴,23,23,3,0.0,76,40
2026-05-21 19:30:46,2026-05-22,4,羽毛球馆-1号,14:00-15:00,1,1,已售/已满,教学时间,阴,23,24,2,0.0,77,39
2026-05-21 20:00:49,2026-05-22,4,羽毛球馆-1号,14:00-15:00,1,1,已售/已满,教学时间,雾,22,23,2,0.0,89,39
2026-05-21 20:30:44,2026-05-22,4,羽毛球馆-1号,14:00-15:00,1,1,已售/已满,教学时间,雾,22,24,2,0.0,93,43
2026-05-21 21:00:56,2026-05-22,4,羽毛球馆-1号,14:00-15:00,1,1,已售/已满,教学时间,雾,20,21,2,0.0,98,43
2026-05-21 21:30:46,2026-05-22,4,羽毛球馆-1号,14:00-15:00,1,1,已售/已满,教学时间,雾,20,22,1,0.0,99,41
2026-05-21 22:01:02,2026-05-22,4,羽毛球馆-1号,14:00-15:00,1,1,已售/已满,教学时间,雾,19,20,2,0.0,93,41
2026-05-21 22:30:47,2026-05-22,4,羽毛球馆-1号,14:00-15:00,1,1,已售/已满,教学时间,雾,19,19,3,0.0,88,46
2026-05-21 23:00:56,2026-05-22,4,羽毛球馆-1号,14:00-15:00,1,1,已售/已满,教学时间,多云,18,17,3,0.0,85,46
2026-05-21 23:30:55,2026-05-22,4,羽毛球馆-1号,14:00-15:00,1,1,已售/已满,教学时间,多云,18,17,3,0.0,85,48
2026-05-21 08:00:45,2026-05-22,4,羽毛球馆-1号,15:00-16:00,1,1,已售/已满,教学时间,晴,17,12,5,0.0,86,29
2026-05-21 08:02:30,2026-05-22,4,羽毛球馆-1号,15:00-16:00,1,1,已售/已满,教学时间,多云,17,12,5,0.0,87,29
2026-05-21 08:05:36,2026-05-22,4,羽毛球馆-1号,15:00-16:00,1,1,已售/已满,教学时间,多云,17,12,5,0.0,86,29
2026-05-21 08:08:31,2026-05-22,4,羽毛球馆-1号,15:00-16:00,1,1,已售/已满,教学时间,多云,17,12,5,0.0,86,29
2026-05-21 08:11:30,2026-05-22,4,羽毛球馆-1号,15:00-16:00,1,1,已售/已满,教学时间,多云,17,12,5,0.0,86,29
2026-05-21 08:14:31,2026-05-22,4,羽毛球馆-1号,15:00-16:00,1,1,已售/已满,教学时间,多云,17,12,5,0.0,86,29
2026-05-21 08:17:30,2026-05-22,4,羽毛球馆-1号,15:00-16:00,1,1,已售/已满,教学时间,多云,17,12,5,0.0,86,29
2026-05-21 08:20:35,2026-05-22,4,羽毛球馆-1号,15:00-16:00,1,1,已售/已满,教学时间,多云,17,14,4,0.0,85,29
2026-05-21 08:25:32,2026-05-22,4,羽毛球馆-1号,15:00-16:00,1,1,已售/已满,教学时间,多云,17,14,4,0.0,85,28
2026-05-21 08:30:42,2026-05-22,4,羽毛球馆-1号,15:00-16:00,1,1,已售/已满,教学时间,多云,18,15,4,0.0,84,28
2026-05-21 08:35:31,2026-05-22,4,羽毛球馆-1号,15:00-16:00,1,1,已售/已满,教学时间,多云,18,15,4,0.0,84,28
2026-05-21 08:40:38,2026-05-22,4,羽毛球馆-1号,15:00-16:00,1,1,已售/已满,教学时间,多云,18,15,4,0.0,82,28
2026-05-21 08:45:33,2026-05-22,4,羽毛球馆-1号,15:00-16:00,1,1,已售/已满,教学时间,多云,18,15,4,0.0,82,28
2026-05-21 08:50:36,2026-05-22,4,羽毛球馆-1号,15:00-16:00,1,1,已售/已满,教学时间,多云,18,15,4,0.0,82,28
2026-05-21 08:55:34,2026-05-22,4,羽毛球馆-1号,15:00-16:00,1,1,已售/已满,教学时间,多云,18,15,4,0.0,84,28
2026-05-21 09:00:51,2026-05-22,4,羽毛球馆-1号,15:00-16:00,1,1,已售/已满,教学时间,多云,18,15,4,0.0,84,28
2026-05-21 09:01:59,2026-05-22,4,羽毛球馆-1号,15:00-16:00,1,1,已售/已满,教学时间,多云,18,15,4,0.0,83,28
2026-05-21 09:05:33,2026-05-22,4,羽毛球馆-1号,15:00-16:00,1,1,已售/已满,教学时间,多云,18,15,4,0.0,83,28
2026-05-21 09:20:38,2026-05-22,4,羽毛球馆-1号,15:00-16:00,1,1,已售/已满,教学时间,多云,18,16,3,0.0,81,28
2026-05-21 09:30:46,2026-05-22,4,羽毛球馆-1号,15:00-16:00,1,1,已售/已满,教学时间,多云,18,16,3,0.0,81,32
2026-05-21 09:40:36,2026-05-22,4,羽毛球馆-1号,15:00-16:00,1,1,已售/已满,教学时间,多云,19,17,3,0.0,79,32
2026-05-21 09:50:42,2026-05-22,4,羽毛球馆-1号,15:00-16:00,1,1,已售/已满,教学时间,多云,19,17,4,0.0,81,32
2026-05-21 10:00:46,2026-05-22,4,羽毛球馆-1号,15:00-16:00,1,1,已售/已满,教学时间,多云,19,17,4,0.0,79,32
2026-05-21 10:10:40,2026-05-22,4,羽毛球馆-1号,15:00-16:00,1,1,已售/已满,教学时间,多云,19,17,4,0.0,79,32
2026-05-21 10:20:38,2026-05-22,4,羽毛球馆-1号,15:00-16:00,1,1,已售/已满,教学时间,多云,19,17,4,0.0,79,32
2026-05-21 10:30:41,2026-05-22,4,羽毛球馆-1号,15:00-16:00,1,1,已售/已满,教学时间,多云,19,18,3,0.0,78,31
2026-05-21 11:00:44,2026-05-22,4,羽毛球馆-1号,15:00-16:00,1,1,已售/已满,教学时间,多云,21,17,5,0.0,74,31
2026-05-21 11:30:38,2026-05-22,4,羽毛球馆-1号,15:00-16:00,1,1,已售/已满,教学时间,多云,21,19,3,0.0,72,33
2026-05-21 12:00:46,2026-05-22,4,羽毛球馆-1号,15:00-16:00,1,1,已售/已满,教学时间,多云,22,19,4,0.0,70,33
2026-05-21 12:30:42,2026-05-22,4,羽毛球馆-1号,15:00-16:00,1,1,已售/已满,教学时间,多云,22,21,3,0.0,68,35
2026-05-21 13:00:43,2026-05-22,4,羽毛球馆-1号,15:00-16:00,1,1,已售/已满,教学时间,多云,24,22,4,0.0,66,35
2026-05-21 13:30:43,2026-05-22,4,羽毛球馆-1号,15:00-16:00,1,1,已售/已满,教学时间,多云,24,22,4,0.0,66,36
2026-05-21 14:00:48,2026-05-22,4,羽毛球馆-1号,15:00-16:00,1,1,已售/已满,教学时间,多云,25,23,4,0.0,66,36
2026-05-21 14:30:45,2026-05-22,4,羽毛球馆-1号,15:00-16:00,1,1,已售/已满,教学时间,晴,25,25,3,0.0,65,39
2026-05-21 15:00:45,2026-05-22,4,羽毛球馆-1号,15:00-16:00,1,1,已售/已满,教学时间,晴,25,22,4,0.0,56,39
2026-05-21 15:30:43,2026-05-22,4,羽毛球馆-1号,15:00-16:00,1,1,已售/已满,教学时间,晴,25,23,4,0.0,57,40
2026-05-21 16:00:51,2026-05-22,4,羽毛球馆-1号,15:00-16:00,1,1,已售/已满,教学时间,晴,25,23,4,0.0,57,40
2026-05-21 16:30:48,2026-05-22,4,羽毛球馆-1号,15:00-16:00,1,1,已售/已满,教学时间,晴,25,24,3,0.0,60,39
2026-05-21 17:00:49,2026-05-22,4,羽毛球馆-1号,15:00-16:00,1,1,已售/已满,教学时间,晴,25,24,4,0.0,61,39
2026-05-21 17:30:47,2026-05-22,4,羽毛球馆-1号,15:00-16:00,1,1,已售/已满,教学时间,多云,24,23,3,0.0,64,39
2026-05-21 18:00:50,2026-05-22,4,羽毛球馆-1号,15:00-16:00,1,1,已售/已满,教学时间,多云,24,23,3,0.0,68,39
2026-05-21 18:30:50,2026-05-22,4,羽毛球馆-1号,15:00-16:00,1,1,已售/已满,教学时间,阴,24,25,2,0.0,68,40
2026-05-21 19:00:50,2026-05-22,4,羽毛球馆-1号,15:00-16:00,1,1,已售/已满,教学时间,阴,23,23,3,0.0,76,40
2026-05-21 19:30:46,2026-05-22,4,羽毛球馆-1号,15:00-16:00,1,1,已售/已满,教学时间,阴,23,24,2,0.0,77,39
2026-05-21 20:00:49,2026-05-22,4,羽毛球馆-1号,15:00-16:00,1,1,已售/已满,教学时间,雾,22,23,2,0.0,89,39
2026-05-21 20:30:44,2026-05-22,4,羽毛球馆-1号,15:00-16:00,1,1,已售/已满,教学时间,雾,22,24,2,0.0,93,43
2026-05-21 21:00:56,2026-05-22,4,羽毛球馆-1号,15:00-16:00,1,1,已售/已满,教学时间,雾,20,21,2,0.0,98,43
2026-05-21 21:30:46,2026-05-22,4,羽毛球馆-1号,15:00-16:00,1,1,已售/已满,教学时间,雾,20,22,1,0.0,99,41
2026-05-21 22:01:02,2026-05-22,4,羽毛球馆-1号,15:00-16:00,1,1,已售/已满,教学时间,雾,19,20,2,0.0,93,41
2026-05-21 22:30:47,2026-05-22,4,羽毛球馆-1号,15:00-16:00,1,1,已售/已满,教学时间,雾,19,19,3,0.0,88,46
2026-05-21 23:00:56,2026-05-22,4,羽毛球馆-1号,15:00-16:00,1,1,已售/已满,教学时间,多云,18,17,3,0.0,85,46
2026-05-21 23:30:55,2026-05-22,4,羽毛球馆-1号,15:00-16:00,1,1,已售/已满,教学时间,多云,18,17,3,0.0,85,48
2026-05-21 08:00:45,2026-05-22,4,羽毛球馆-1号,16:00-17:00,0,1,可预约,￥12.0,晴,17,12,5,0.0,86,29
2026-05-21 08:02:30,2026-05-22,4,羽毛球馆-1号,16:00-17:00,0,1,可预约,￥12.0,多云,17,12,5,0.0,87,29
2026-05-21 08:05:36,2026-05-22,4,羽毛球馆-1号,16:00-17:00,0,1,可预约,￥12.0,多云,17,12,5,0.0,86,29
2026-05-21 08:08:31,2026-05-22,4,羽毛球馆-1号,16:00-17:00,0,1,可预约,￥12.0,多云,17,12,5,0.0,86,29
2026-05-21 08:11:30,2026-05-22,4,羽毛球馆-1号,16:00-17:00,0,1,可预约,￥12.0,多云,17,12,5,0.0,86,29
2026-05-21 08:14:31,2026-05-22,4,羽毛球馆-1号,16:00-17:00,0,1,可预约,￥12.0,多云,17,12,5,0.0,86,29
2026-05-21 08:17:30,2026-05-22,4,羽毛球馆-1号,16:00-17:00,0,1,可预约,￥12.0,多云,17,12,5,0.0,86,29
2026-05-21 08:20:35,2026-05-22,4,羽毛球馆-1号,16:00-17:00,0,1,可预约,￥12.0,多云,17,14,4,0.0,85,29
2026-05-21 08:25:32,2026-05-22,4,羽毛球馆-1号,16:00-17:00,0,1,可预约,￥12.0,多云,17,14,4,0.0,85,28
2026-05-21 08:30:42,2026-05-22,4,羽毛球馆-1号,16:00-17:00,0,1,可预约,￥12.0,多云,18,15,4,0.0,84,28
2026-05-21 08:35:31,2026-05-22,4,羽毛球馆-1号,16:00-17:00,0,1,可预约,￥12.0,多云,18,15,4,0.0,84,28
2026-05-21 08:40:38,2026-05-22,4,羽毛球馆-1号,16:00-17:00,0,1,可预约,￥12.0,多云,18,15,4,0.0,82,28
2026-05-21 08:45:33,2026-05-22,4,羽毛球馆-1号,16:00-17:00,0,1,可预约,￥12.0,多云,18,15,4,0.0,82,28
2026-05-21 08:50:36,2026-05-22,4,羽毛球馆-1号,16:00-17:00,0,1,可预约,￥12.0,多云,18,15,4,0.0,82,28
2026-05-21 08:55:34,2026-05-22,4,羽毛球馆-1号,16:00-17:00,0,1,可预约,￥12.0,多云,18,15,4,0.0,84,28
2026-05-21 09:00:51,2026-05-22,4,羽毛球馆-1号,16:00-17:00,0,1,可预约,￥12.0,多云,18,15,4,0.0,84,28
2026-05-21 09:01:59,2026-05-22,4,羽毛球馆-1号,16:00-17:00,0,1,可预约,￥12.0,多云,18,15,4,0.0,83,28
2026-05-21 09:05:33,2026-05-22,4,羽毛球馆-1号,16:00-17:00,0,1,可预约,￥12.0,多云,18,15,4,0.0,83,28
2026-05-21 09:20:38,2026-05-22,4,羽毛球馆-1号,16:00-17:00,0,1,可预约,￥12.0,多云,18,16,3,0.0,81,28
2026-05-21 09:30:46,2026-05-22,4,羽毛球馆-1号,16:00-17:00,0,1,可预约,￥12.0,多云,18,16,3,0.0,81,32
2026-05-21 09:40:36,2026-05-22,4,羽毛球馆-1号,16:00-17:00,0,1,可预约,￥12.0,多云,19,17,3,0.0,79,32
2026-05-21 09:50:42,2026-05-22,4,羽毛球馆-1号,16:00-17:00,0,1,可预约,￥12.0,多云,19,17,4,0.0,81,32
2026-05-21 10:00:46,2026-05-22,4,羽毛球馆-1号,16:00-17:00,0,1,可预约,￥12.0,多云,19,17,4,0.0,79,32
2026-05-21 10:10:40,2026-05-22,4,羽毛球馆-1号,16:00-17:00,0,1,可预约,￥12.0,多云,19,17,4,0.0,79,32
2026-05-21 10:20:38,2026-05-22,4,羽毛球馆-1号,16:00-17:00,0,1,可预约,￥12.0,多云,19,17,4,0.0,79,32
2026-05-21 10:30:41,2026-05-22,4,羽毛球馆-1号,16:00-17:00,0,1,可预约,￥12.0,多云,19,18,3,0.0,78,31
2026-05-21 11:00:44,2026-05-22,4,羽毛球馆-1号,16:00-17:00,0,1,可预约,￥12.0,多云,21,17,5,0.0,74,31
2026-05-21 11:30:38,2026-05-22,4,羽毛球馆-1号,16:00-17:00,0,1,可预约,￥12.0,多云,21,19,3,0.0,72,33
2026-05-21 12:00:46,2026-05-22,4,羽毛球馆-1号,16:00-17:00,0,1,可预约,￥12.0,多云,22,19,4,0.0,70,33
2026-05-21 12:30:42,2026-05-22,4,羽毛球馆-1号,16:00-17:00,0,1,可预约,￥12.0,多云,22,21,3,0.0,68,35
2026-05-21 13:00:43,2026-05-22,4,羽毛球馆-1号,16:00-17:00,0,1,可预约,￥12.0,多云,24,22,4,0.0,66,35
2026-05-21 13:30:43,2026-05-22,4,羽毛球馆-1号,16:00-17:00,0,1,可预约,￥12.0,多云,24,22,4,0.0,66,36
2026-05-21 14:00:48,2026-05-22,4,羽毛球馆-1号,16:00-17:00,0,1,可预约,￥12.0,多云,25,23,4,0.0,66,36
2026-05-21 14:30:45,2026-05-22,4,羽毛球馆-1号,16:00-17:00,0,1,可预约,￥12.0,晴,25,25,3,0.0,65,39
2026-05-21 15:00:45,2026-05-22,4,羽毛球馆-1号,16:00-17:00,0,1,可预约,￥12.0,晴,25,22,4,0.0,56,39
2026-05-21 15:30:43,2026-05-22,4,羽毛球馆-1号,16:00-17:00,0,1,可预约,￥12.0,晴,25,23,4,0.0,57,40
2026-05-21 16:00:51,2026-05-22,4,羽毛球馆-1号,16:00-17:00,0,1,可预约,￥12.0,晴,25,23,4,0.0,57,40
2026-05-21 16:30:48,2026-05-22,4,羽毛球馆-1号,16:00-17:00,0,1,可预约,￥12.0,晴,25,24,3,0.0,60,39
2026-05-21 17:00:49,2026-05-22,4,羽毛球馆-1号,16:00-17:00,0,1,可预约,￥12.0,晴,25,24,4,0.0,61,39
2026-05-21 17:30:47,2026-05-22,4,羽毛球馆-1号,16:00-17:00,0,1,可预约,￥12.0,多云,24,23,3,0.0,64,39
2026-05-21 18:00:50,2026-05-22,4,羽毛球馆-1号,16:00-17:00,0,1,可预约,￥12.0,多云,24,23,3,0.0,68,39
2026-05-21 18:30:50,2026-05-22,4,羽毛球馆-1号,16:00-17:00,0,1,可预约,￥12.0,阴,24,25,2,0.0,68,40
2026-05-21 19:00:50,2026-05-22,4,羽毛球馆-1号,16:00-17:00,0,1,可预约,￥12.0,阴,23,23,3,0.0,76,40
2026-05-21 19:30:46,2026-05-22,4,羽毛球馆-1号,16:00-17:00,0,1,可预约,￥12.0,阴,23,24,2,0.0,77,39
2026-05-21 20:00:49,2026-05-22,4,羽毛球馆-1号,16:00-17:00,0,1,可预约,￥12.0,雾,22,23,2,0.0,89,39
2026-05-21 20:30:44,2026-05-22,4,羽毛球馆-1号,16:00-17:00,0,1,可预约,￥12.0,雾,22,24,2,0.0,93,43
2026-05-21 21:00:56,2026-05-22,4,羽毛球馆-1号,16:00-17:00,1,1,已售/已满,已售,雾,20,21,2,0.0,98,43
2026-05-21 21:30:46,2026-05-22,4,羽毛球馆-1号,16:00-17:00,1,1,已售/已满,已售,雾,20,22,1,0.0,99,41
2026-05-21 22:01:02,2026-05-22,4,羽毛球馆-1号,16:00-17:00,1,1,已售/已满,已售,雾,19,20,2,0.0,93,41
2026-05-21 22:30:47,2026-05-22,4,羽毛球馆-1号,16:00-17:00,1,1,已售/已满,已售,雾,19,19,3,0.0,88,46
2026-05-21 23:00:56,2026-05-22,4,羽毛球馆-1号,16:00-17:00,1,1,已售/已满,已售,多云,18,17,3,0.0,85,46
2026-05-21 23:30:55,2026-05-22,4,羽毛球馆-1号,16:00-17:00,1,1,已售/已满,已售,多云,18,17,3,0.0,85,48
2026-05-21 08:00:45,2026-05-22,4,羽毛球馆-1号,17:00-18:00,0,1,可预约,￥12.0,晴,17,12,5,0.0,86,29
2026-05-21 08:02:30,2026-05-22,4,羽毛球馆-1号,17:00-18:00,0,1,可预约,￥12.0,多云,17,12,5,0.0,87,29
2026-05-21 08:05:36,2026-05-22,4,羽毛球馆-1号,17:00-18:00,0,1,可预约,￥12.0,多云,17,12,5,0.0,86,29
2026-05-21 08:08:31,2026-05-22,4,羽毛球馆-1号,17:00-18:00,0,1,可预约,￥12.0,多云,17,12,5,0.0,86,29
2026-05-21 08:11:30,2026-05-22,4,羽毛球馆-1号,17:00-18:00,0,1,可预约,￥12.0,多云,17,12,5,0.0,86,29
2026-05-21 08:14:31,2026-05-22,4,羽毛球馆-1号,17:00-18:00,0,1,可预约,￥12.0,多云,17,12,5,0.0,86,29
2026-05-21 08:17:30,2026-05-22,4,羽毛球馆-1号,17:00-18:00,0,1,可预约,￥12.0,多云,17,12,5,0.0,86,29
2026-05-21 08:20:35,2026-05-22,4,羽毛球馆-1号,17:00-18:00,0,1,可预约,￥12.0,多云,17,14,4,0.0,85,29
2026-05-21 08:25:32,2026-05-22,4,羽毛球馆-1号,17:00-18:00,0,1,可预约,￥12.0,多云,17,14,4,0.0,85,28
2026-05-21 08:30:42,2026-05-22,4,羽毛球馆-1号,17:00-18:00,0,1,可预约,￥12.0,多云,18,15,4,0.0,84,28
2026-05-21 08:35:31,2026-05-22,4,羽毛球馆-1号,17:00-18:00,0,1,可预约,￥12.0,多云,18,15,4,0.0,84,28
2026-05-21 08:40:38,2026-05-22,4,羽毛球馆-1号,17:00-18:00,0,1,可预约,￥12.0,多云,18,15,4,0.0,82,28
2026-05-21 08:45:33,2026-05-22,4,羽毛球馆-1号,17:00-18:00,0,1,可预约,￥12.0,多云,18,15,4,0.0,82,28
2026-05-21 08:50:36,2026-05-22,4,羽毛球馆-1号,17:00-18:00,0,1,可预约,￥12.0,多云,18,15,4,0.0,82,28
2026-05-21 08:55:34,2026-05-22,4,羽毛球馆-1号,17:00-18:00,0,1,可预约,￥12.0,多云,18,15,4,0.0,84,28
2026-05-21 09:00:51,2026-05-22,4,羽毛球馆-1号,17:00-18:00,0,1,可预约,￥12.0,多云,18,15,4,0.0,84,28
2026-05-21 09:01:59,2026-05-22,4,羽毛球馆-1号,17:00-18:00,0,1,可预约,￥12.0,多云,18,15,4,0.0,83,28
2026-05-21 09:05:33,2026-05-22,4,羽毛球馆-1号,17:00-18:00,0,1,可预约,￥12.0,多云,18,15,4,0.0,83,28
2026-05-21 09:20:38,2026-05-22,4,羽毛球馆-1号,17:00-18:00,0,1,可预约,￥12.0,多云,18,16,3,0.0,81,28
2026-05-21 09:30:46,2026-05-22,4,羽毛球馆-1号,17:00-18:00,0,1,可预约,￥12.0,多云,18,16,3,0.0,81,32
2026-05-21 09:40:36,2026-05-22,4,羽毛球馆-1号,17:00-18:00,0,1,可预约,￥12.0,多云,19,17,3,0.0,79,32
2026-05-21 09:50:42,2026-05-22,4,羽毛球馆-1号,17:00-18:00,0,1,可预约,￥12.0,多云,19,17,4,0.0,81,32
2026-05-21 10:00:46,2026-05-22,4,羽毛球馆-1号,17:00-18:00,0,1,可预约,￥12.0,多云,19,17,4,0.0,79,32
2026-05-21 10:10:40,2026-05-22,4,羽毛球馆-1号,17:00-18:00,0,1,可预约,￥12.0,多云,19,17,4,0.0,79,32
2026-05-21 10:20:38,2026-05-22,4,羽毛球馆-1号,17:00-18:00,0,1,可预约,￥12.0,多云,19,17,4,0.0,79,32
2026-05-21 10:30:41,2026-05-22,4,羽毛球馆-1号,17:00-18:00,0,1,可预约,￥12.0,多云,19,18,3,0.0,78,31
2026-05-21 11:00:44,2026-05-22,4,羽毛球馆-1号,17:00-18:00,0,1,可预约,￥12.0,多云,21,17,5,0.0,74,31
2026-05-21 11:30:38,2026-05-22,4,羽毛球馆-1号,17:00-18:00,1,1,已售/已满,已售,多云,21,19,3,0.0,72,33
2026-05-21 12:00:46,2026-05-22,4,羽毛球馆-1号,17:00-18:00,1,1,已售/已满,已售,多云,22,19,4,0.0,70,33
2026-05-21 12:30:42,2026-05-22,4,羽毛球馆-1号,17:00-18:00,1,1,已售/已满,已售,多云,22,21,3,0.0,68,35
2026-05-21 13:00:43,2026-05-22,4,羽毛球馆-1号,17:00-18:00,1,1,已售/已满,已售,多云,24,22,4,0.0,66,35
2026-05-21 13:30:43,2026-05-22,4,羽毛球馆-1号,17:00-18:00,1,1,已售/已满,已售,多云,24,22,4,0.0,66,36
2026-05-21 14:00:48,2026-05-22,4,羽毛球馆-1号,17:00-18:00,1,1,已售/已满,已售,多云,25,23,4,0.0,66,36
2026-05-21 14:30:45,2026-05-22,4,羽毛球馆-1号,17:00-18:00,1,1,已售/已满,已售,晴,25,25,3,0.0,65,39
2026-05-21 15:00:45,2026-05-22,4,羽毛球馆-1号,17:00-18:00,1,1,已售/已满,已售,晴,25,22,4,0.0,56,39
2026-05-21 15:30:43,2026-05-22,4,羽毛球馆-1号,17:00-18:00,1,1,已售/已满,已售,晴,25,23,4,0.0,57,40
2026-05-21 16:00:51,2026-05-22,4,羽毛球馆-1号,17:00-18:00,1,1,已售/已满,已售,晴,25,23,4,0.0,57,40
2026-05-21 16:30:48,2026-05-22,4,羽毛球馆-1号,17:00-18:00,1,1,已售/已满,已售,晴,25,24,3,0.0,60,39
2026-05-21 17:00:49,2026-05-22,4,羽毛球馆-1号,17:00-18:00,1,1,已售/已满,已售,晴,25,24,4,0.0,61,39
2026-05-21 17:30:47,2026-05-22,4,羽毛球馆-1号,17:00-18:00,1,1,已售/已满,已售,多云,24,23,3,0.0,64,39
2026-05-21 18:00:50,2026-05-22,4,羽毛球馆-1号,17:00-18:00,1,1,已售/已满,已售,多云,24,23,3,0.0,68,39
2026-05-21 18:30:50,2026-05-22,4,羽毛球馆-1号,17:00-18:00,1,1,已售/已满,已售,阴,24,25,2,0.0,68,40
2026-05-21 19:00:50,2026-05-22,4,羽毛球馆-1号,17:00-18:00,1,1,已售/已满,已售,阴,23,23,3,0.0,76,40
2026-05-21 19:30:46,2026-05-22,4,羽毛球馆-1号,17:00-18:00,1,1,已售/已满,已售,阴,23,24,2,0.0,77,39
2026-05-21 20:00:49,2026-05-22,4,羽毛球馆-1号,17:00-18:00,1,1,已售/已满,已售,雾,22,23,2,0.0,89,39
2026-05-21 20:30:44,2026-05-22,4,羽毛球馆-1号,17:00-18:00,1,1,已售/已满,已售,雾,22,24,2,0.0,93,43
2026-05-21 21:00:56,2026-05-22,4,羽毛球馆-1号,17:00-18:00,1,1,已售/已满,已售,雾,20,21,2,0.0,98,43
2026-05-21 21:30:46,2026-05-22,4,羽毛球馆-1号,17:00-18:00,1,1,已售/已满,已售,雾,20,22,1,0.0,99,41
2026-05-21 22:01:02,2026-05-22,4,羽毛球馆-1号,17:00-18:00,1,1,已售/已满,已售,雾,19,20,2,0.0,93,41
2026-05-21 22:30:47,2026-05-22,4,羽毛球馆-1号,17:00-18:00,1,1,已售/已满,已售,雾,19,19,3,0.0,88,46
2026-05-21 23:00:56,2026-05-22,4,羽毛球馆-1号,17:00-18:00,1,1,已售/已满,已售,多云,18,17,3,0.0,85,46
2026-05-21 23:30:55,2026-05-22,4,羽毛球馆-1号,17:00-18:00,0,1,可预约,￥12.0,多云,18,17,3,0.0,85,48
2026-05-21 08:00:45,2026-05-22,4,羽毛球馆-1号,18:30-19:30,0,1,可预约,￥12.0,晴,17,12,5,0.0,86,29
2026-05-21 08:02:30,2026-05-22,4,羽毛球馆-1号,18:30-19:30,0,1,可预约,￥12.0,多云,17,12,5,0.0,87,29
2026-05-21 08:05:36,2026-05-22,4,羽毛球馆-1号,18:30-19:30,0,1,可预约,￥12.0,多云,17,12,5,0.0,86,29
2026-05-21 08:08:31,2026-05-22,4,羽毛球馆-1号,18:30-19:30,0,1,可预约,￥12.0,多云,17,12,5,0.0,86,29
2026-05-21 08:11:30,2026-05-22,4,羽毛球馆-1号,18:30-19:30,0,1,可预约,￥12.0,多云,17,12,5,0.0,86,29
2026-05-21 08:14:31,2026-05-22,4,羽毛球馆-1号,18:30-19:30,0,1,可预约,￥12.0,多云,17,12,5,0.0,86,29
2026-05-21 08:17:30,2026-05-22,4,羽毛球馆-1号,18:30-19:30,0,1,可预约,￥12.0,多云,17,12,5,0.0,86,29
2026-05-21 08:20:35,2026-05-22,4,羽毛球馆-1号,18:30-19:30,0,1,可预约,￥12.0,多云,17,14,4,0.0,85,29
2026-05-21 08:25:32,2026-05-22,4,羽毛球馆-1号,18:30-19:30,0,1,可预约,￥12.0,多云,17,14,4,0.0,85,28
2026-05-21 08:30:42,2026-05-22,4,羽毛球馆-1号,18:30-19:30,0,1,可预约,￥12.0,多云,18,15,4,0.0,84,28
2026-05-21 08:35:31,2026-05-22,4,羽毛球馆-1号,18:30-19:30,0,1,可预约,￥12.0,多云,18,15,4,0.0,84,28
2026-05-21 08:40:38,2026-05-22,4,羽毛球馆-1号,18:30-19:30,0,1,可预约,￥12.0,多云,18,15,4,0.0,82,28
2026-05-21 08:45:33,2026-05-22,4,羽毛球馆-1号,18:30-19:30,0,1,可预约,￥12.0,多云,18,15,4,0.0,82,28
2026-05-21 08:50:36,2026-05-22,4,羽毛球馆-1号,18:30-19:30,1,1,已售/已满,已售,多云,18,15,4,0.0,82,28
2026-05-21 08:55:34,2026-05-22,4,羽毛球馆-1号,18:30-19:30,1,1,已售/已满,已售,多云,18,15,4,0.0,84,28
2026-05-21 09:00:51,2026-05-22,4,羽毛球馆-1号,18:30-19:30,1,1,已售/已满,已售,多云,18,15,4,0.0,84,28
2026-05-21 09:01:59,2026-05-22,4,羽毛球馆-1号,18:30-19:30,1,1,已售/已满,已售,多云,18,15,4,0.0,83,28
2026-05-21 09:05:33,2026-05-22,4,羽毛球馆-1号,18:30-19:30,1,1,已售/已满,已售,多云,18,15,4,0.0,83,28
2026-05-21 09:20:38,2026-05-22,4,羽毛球馆-1号,18:30-19:30,1,1,已售/已满,已售,多云,18,16,3,0.0,81,28
2026-05-21 09:30:46,2026-05-22,4,羽毛球馆-1号,18:30-19:30,1,1,已售/已满,已售,多云,18,16,3,0.0,81,32
2026-05-21 09:40:36,2026-05-22,4,羽毛球馆-1号,18:30-19:30,1,1,已售/已满,已售,多云,19,17,3,0.0,79,32
2026-05-21 09:50:42,2026-05-22,4,羽毛球馆-1号,18:30-19:30,1,1,已售/已满,已售,多云,19,17,4,0.0,81,32
2026-05-21 10:00:46,2026-05-22,4,羽毛球馆-1号,18:30-19:30,1,1,已售/已满,已售,多云,19,17,4,0.0,79,32
2026-05-21 10:10:40,2026-05-22,4,羽毛球馆-1号,18:30-19:30,1,1,已售/已满,已售,多云,19,17,4,0.0,79,32
2026-05-21 10:20:38,2026-05-22,4,羽毛球馆-1号,18:30-19:30,1,1,已售/已满,已售,多云,19,17,4,0.0,79,32
2026-05-21 10:30:41,2026-05-22,4,羽毛球馆-1号,18:30-19:30,1,1,已售/已满,已售,多云,19,18,3,0.0,78,31
2026-05-21 11:00:44,2026-05-22,4,羽毛球馆-1号,18:30-19:30,1,1,已售/已满,已售,多云,21,17,5,0.0,74,31
2026-05-21 11:30:38,2026-05-22,4,羽毛球馆-1号,18:30-19:30,1,1,已售/已满,已售,多云,21,19,3,0.0,72,33
2026-05-21 12:00:46,2026-05-22,4,羽毛球馆-1号,18:30-19:30,1,1,已售/已满,已售,多云,22,19,4,0.0,70,33
2026-05-21 12:30:42,2026-05-22,4,羽毛球馆-1号,18:30-19:30,1,1,已售/已满,已售,多云,22,21,3,0.0,68,35
2026-05-21 13:00:43,2026-05-22,4,羽毛球馆-1号,18:30-19:30,1,1,已售/已满,已售,多云,24,22,4,0.0,66,35
2026-05-21 13:30:43,2026-05-22,4,羽毛球馆-1号,18:30-19:30,1,1,已售/已满,已售,多云,24,22,4,0.0,66,36
2026-05-21 14:00:48,2026-05-22,4,羽毛球馆-1号,18:30-19:30,1,1,已售/已满,已售,多云,25,23,4,0.0,66,36
2026-05-21 14:30:45,2026-05-22,4,羽毛球馆-1号,18:30-19:30,1,1,已售/已满,已售,晴,25,25,3,0.0,65,39
2026-05-21 15:00:45,2026-05-22,4,羽毛球馆-1号,18:30-19:30,1,1,已售/已满,已售,晴,25,22,4,0.0,56,39
2026-05-21 15:30:43,2026-05-22,4,羽毛球馆-1号,18:30-19:30,1,1,已售/已满,已售,晴,25,23,4,0.0,57,40
2026-05-21 16:00:51,2026-05-22,4,羽毛球馆-1号,18:30-19:30,1,1,已售/已满,已售,晴,25,23,4,0.0,57,40
2026-05-21 16:30:48,2026-05-22,4,羽毛球馆-1号,18:30-19:30,1,1,已售/已满,已售,晴,25,24,3,0.0,60,39
2026-05-21 17:00:49,2026-05-22,4,羽毛球馆-1号,18:30-19:30,1,1,已售/已满,已售,晴,25,24,4,0.0,61,39
2026-05-21 17:30:47,2026-05-22,4,羽毛球馆-1号,18:30-19:30,1,1,已售/已满,已售,多云,24,23,3,0.0,64,39
2026-05-21 18:00:50,2026-05-22,4,羽毛球馆-1号,18:30-19:30,1,1,已售/已满,已售,多云,24,23,3,0.0,68,39
2026-05-21 18:30:50,2026-05-22,4,羽毛球馆-1号,18:30-19:30,1,1,已售/已满,已售,阴,24,25,2,0.0,68,40
2026-05-21 19:00:50,2026-05-22,4,羽毛球馆-1号,18:30-19:30,1,1,已售/已满,已售,阴,23,23,3,0.0,76,40
2026-05-21 19:30:46,2026-05-22,4,羽毛球馆-1号,18:30-19:30,1,1,已售/已满,已售,阴,23,24,2,0.0,77,39
2026-05-21 20:00:49,2026-05-22,4,羽毛球馆-1号,18:30-19:30,1,1,已售/已满,已售,雾,22,23,2,0.0,89,39
2026-05-21 20:30:44,2026-05-22,4,羽毛球馆-1号,18:30-19:30,1,1,已售/已满,已售,雾,22,24,2,0.0,93,43
2026-05-21 21:00:56,2026-05-22,4,羽毛球馆-1号,18:30-19:30,1,1,已售/已满,已售,雾,20,21,2,0.0,98,43
2026-05-21 21:30:46,2026-05-22,4,羽毛球馆-1号,18:30-19:30,1,1,已售/已满,已售,雾,20,22,1,0.0,99,41
2026-05-21 22:01:02,2026-05-22,4,羽毛球馆-1号,18:30-19:30,1,1,已售/已满,已售,雾,19,20,2,0.0,93,41
2026-05-21 22:30:47,2026-05-22,4,羽毛球馆-1号,18:30-19:30,1,1,已售/已满,已售,雾,19,19,3,0.0,88,46
2026-05-21 23:00:56,2026-05-22,4,羽毛球馆-1号,18:30-19:30,1,1,已售/已满,已售,多云,18,17,3,0.0,85,46
2026-05-21 23:30:55,2026-05-22,4,羽毛球馆-1号,18:30-19:30,1,1,已售/已满,已售,多云,18,17,3,0.0,85,48
2026-05-21 08:00:45,2026-05-22,4,羽毛球馆-1号,19:30-20:30,1,1,未支付锁定,,晴,17,12,5,0.0,86,29
2026-05-21 08:02:30,2026-05-22,4,羽毛球馆-1号,19:30-20:30,1,1,已售/已满,已售,多云,17,12,5,0.0,87,29
2026-05-21 08:05:36,2026-05-22,4,羽毛球馆-1号,19:30-20:30,1,1,已售/已满,已售,多云,17,12,5,0.0,86,29
2026-05-21 08:08:31,2026-05-22,4,羽毛球馆-1号,19:30-20:30,1,1,已售/已满,已售,多云,17,12,5,0.0,86,29
2026-05-21 08:11:30,2026-05-22,4,羽毛球馆-1号,19:30-20:30,1,1,已售/已满,已售,多云,17,12,5,0.0,86,29
2026-05-21 08:14:31,2026-05-22,4,羽毛球馆-1号,19:30-20:30,1,1,已售/已满,已售,多云,17,12,5,0.0,86,29
2026-05-21 08:17:30,2026-05-22,4,羽毛球馆-1号,19:30-20:30,1,1,已售/已满,已售,多云,17,12,5,0.0,86,29
2026-05-21 08:20:35,2026-05-22,4,羽毛球馆-1号,19:30-20:30,1,1,已售/已满,已售,多云,17,14,4,0.0,85,29
2026-05-21 08:25:32,2026-05-22,4,羽毛球馆-1号,19:30-20:30,1,1,已售/已满,已售,多云,17,14,4,0.0,85,28
2026-05-21 08:30:42,2026-05-22,4,羽毛球馆-1号,19:30-20:30,1,1,已售/已满,已售,多云,18,15,4,0.0,84,28
2026-05-21 08:35:31,2026-05-22,4,羽毛球馆-1号,19:30-20:30,1,1,已售/已满,已售,多云,18,15,4,0.0,84,28
2026-05-21 08:40:38,2026-05-22,4,羽毛球馆-1号,19:30-20:30,1,1,已售/已满,已售,多云,18,15,4,0.0,82,28
2026-05-21 08:45:33,2026-05-22,4,羽毛球馆-1号,19:30-20:30,1,1,已售/已满,已售,多云,18,15,4,0.0,82,28
2026-05-21 08:50:36,2026-05-22,4,羽毛球馆-1号,19:30-20:30,1,1,已售/已满,已售,多云,18,15,4,0.0,82,28
2026-05-21 08:55:34,2026-05-22,4,羽毛球馆-1号,19:30-20:30,1,1,已售/已满,已售,多云,18,15,4,0.0,84,28
2026-05-21 09:00:51,2026-05-22,4,羽毛球馆-1号,19:30-20:30,1,1,已售/已满,已售,多云,18,15,4,0.0,84,28
2026-05-21 09:01:59,2026-05-22,4,羽毛球馆-1号,19:30-20:30,1,1,已售/已满,已售,多云,18,15,4,0.0,83,28
2026-05-21 09:05:33,2026-05-22,4,羽毛球馆-1号,19:30-20:30,1,1,已售/已满,已售,多云,18,15,4,0.0,83,28
2026-05-21 09:20:38,2026-05-22,4,羽毛球馆-1号,19:30-20:30,1,1,已售/已满,已售,多云,18,16,3,0.0,81,28
2026-05-21 09:30:46,2026-05-22,4,羽毛球馆-1号,19:30-20:30,1,1,已售/已满,已售,多云,18,16,3,0.0,81,32
2026-05-21 09:40:36,2026-05-22,4,羽毛球馆-1号,19:30-20:30,1,1,已售/已满,已售,多云,19,17,3,0.0,79,32
2026-05-21 09:50:42,2026-05-22,4,羽毛球馆-1号,19:30-20:30,1,1,已售/已满,已售,多云,19,17,4,0.0,81,32
2026-05-21 10:00:46,2026-05-22,4,羽毛球馆-1号,19:30-20:30,1,1,已售/已满,已售,多云,19,17,4,0.0,79,32
2026-05-21 10:10:40,2026-05-22,4,羽毛球馆-1号,19:30-20:30,1,1,已售/已满,已售,多云,19,17,4,0.0,79,32
2026-05-21 10:20:38,2026-05-22,4,羽毛球馆-1号,19:30-20:30,1,1,已售/已满,已售,多云,19,17,4,0.0,79,32
2026-05-21 10:30:41,2026-05-22,4,羽毛球馆-1号,19:30-20:30,1,1,已售/已满,已售,多云,19,18,3,0.0,78,31
2026-05-21 11:00:44,2026-05-22,4,羽毛球馆-1号,19:30-20:30,1,1,已售/已满,已售,多云,21,17,5,0.0,74,31
2026-05-21 11:30:38,2026-05-22,4,羽毛球馆-1号,19:30-20:30,1,1,已售/已满,已售,多云,21,19,3,0.0,72,33
2026-05-21 12:00:46,2026-05-22,4,羽毛球馆-1号,19:30-20:30,1,1,已售/已满,已售,多云,22,19,4,0.0,70,33
2026-05-21 12:30:42,2026-05-22,4,羽毛球馆-1号,19:30-20:30,1,1,已售/已满,已售,多云,22,21,3,0.0,68,35
2026-05-21 13:00:43,2026-05-22,4,羽毛球馆-1号,19:30-20:30,1,1,已售/已满,已售,多云,24,22,4,0.0,66,35
2026-05-21 13:30:43,2026-05-22,4,羽毛球馆-1号,19:30-20:30,1,1,已售/已满,已售,多云,24,22,4,0.0,66,36
2026-05-21 14:00:48,2026-05-22,4,羽毛球馆-1号,19:30-20:30,1,1,已售/已满,已售,多云,25,23,4,0.0,66,36
2026-05-21 14:30:45,2026-05-22,4,羽毛球馆-1号,19:30-20:30,1,1,已售/已满,已售,晴,25,25,3,0.0,65,39
2026-05-21 15:00:45,2026-05-22,4,羽毛球馆-1号,19:30-20:30,1,1,已售/已满,已售,晴,25,22,4,0.0,56,39
2026-05-21 15:30:43,2026-05-22,4,羽毛球馆-1号,19:30-20:30,1,1,已售/已满,已售,晴,25,23,4,0.0,57,40
2026-05-21 16:00:51,2026-05-22,4,羽毛球馆-1号,19:30-20:30,1,1,已售/已满,已售,晴,25,23,4,0.0,57,40
2026-05-21 16:30:48,2026-05-22,4,羽毛球馆-1号,19:30-20:30,1,1,已售/已满,已售,晴,25,24,3,0.0,60,39
2026-05-21 17:00:49,2026-05-22,4,羽毛球馆-1号,19:30-20:30,1,1,已售/已满,已售,晴,25,24,4,0.0,61,39
2026-05-21 17:30:47,2026-05-22,4,羽毛球馆-1号,19:30-20:30,1,1,已售/已满,已售,多云,24,23,3,0.0,64,39
2026-05-21 18:00:50,2026-05-22,4,羽毛球馆-1号,19:30-20:30,1,1,已售/已满,已售,多云,24,23,3,0.0,68,39
2026-05-21 18:30:50,2026-05-22,4,羽毛球馆-1号,19:30-20:30,1,1,已售/已满,已售,阴,24,25,2,0.0,68,40
2026-05-21 19:00:50,2026-05-22,4,羽毛球馆-1号,19:30-20:30,1,1,已售/已满,已售,阴,23,23,3,0.0,76,40
2026-05-21 19:30:46,2026-05-22,4,羽毛球馆-1号,19:30-20:30,1,1,已售/已满,已售,阴,23,24,2,0.0,77,39
2026-05-21 20:00:49,2026-05-22,4,羽毛球馆-1号,19:30-20:30,1,1,已售/已满,已售,雾,22,23,2,0.0,89,39
2026-05-21 20:30:44,2026-05-22,4,羽毛球馆-1号,19:30-20:30,1,1,已售/已满,已售,雾,22,24,2,0.0,93,43
2026-05-21 21:00:56,2026-05-22,4,羽毛球馆-1号,19:30-20:30,1,1,已售/已满,已售,雾,20,21,2,0.0,98,43
2026-05-21 21:30:46,2026-05-22,4,羽毛球馆-1号,19:30-20:30,1,1,已售/已满,已售,雾,20,22,1,0.0,99,41
2026-05-21 22:01:02,2026-05-22,4,羽毛球馆-1号,19:30-20:30,1,1,已售/已满,已售,雾,19,20,2,0.0,93,41
2026-05-21 22:30:47,2026-05-22,4,羽毛球馆-1号,19:30-20:30,1,1,已售/已满,已售,雾,19,19,3,0.0,88,46
2026-05-21 23:00:56,2026-05-22,4,羽毛球馆-1号,19:30-20:30,1,1,已售/已满,已售,多云,18,17,3,0.0,85,46
2026-05-21 23:30:55,2026-05-22,4,羽毛球馆-1号,19:30-20:30,1,1,已售/已满,已售,多云,18,17,3,0.0,85,48
2026-05-21 08:00:45,2026-05-22,4,羽毛球馆-1号,20:30-21:30,0,1,可预约,￥12.0,晴,17,12,5,0.0,86,29
2026-05-21 08:02:30,2026-05-22,4,羽毛球馆-1号,20:30-21:30,0,1,可预约,￥12.0,多云,17,12,5,0.0,87,29
2026-05-21 08:05:36,2026-05-22,4,羽毛球馆-1号,20:30-21:30,1,1,已售/已满,已售,多云,17,12,5,0.0,86,29
2026-05-21 08:08:31,2026-05-22,4,羽毛球馆-1号,20:30-21:30,1,1,已售/已满,已售,多云,17,12,5,0.0,86,29
2026-05-21 08:11:30,2026-05-22,4,羽毛球馆-1号,20:30-21:30,1,1,已售/已满,已售,多云,17,12,5,0.0,86,29
2026-05-21 08:14:31,2026-05-22,4,羽毛球馆-1号,20:30-21:30,1,1,已售/已满,已售,多云,17,12,5,0.0,86,29
2026-05-21 08:17:30,2026-05-22,4,羽毛球馆-1号,20:30-21:30,1,1,已售/已满,已售,多云,17,12,5,0.0,86,29
2026-05-21 08:20:35,2026-05-22,4,羽毛球馆-1号,20:30-21:30,1,1,已售/已满,已售,多云,17,14,4,0.0,85,29
2026-05-21 08:25:32,2026-05-22,4,羽毛球馆-1号,20:30-21:30,1,1,已售/已满,已售,多云,17,14,4,0.0,85,28
2026-05-21 08:30:42,2026-05-22,4,羽毛球馆-1号,20:30-21:30,1,1,已售/已满,已售,多云,18,15,4,0.0,84,28
2026-05-21 08:35:31,2026-05-22,4,羽毛球馆-1号,20:30-21:30,1,1,已售/已满,已售,多云,18,15,4,0.0,84,28
2026-05-21 08:40:38,2026-05-22,4,羽毛球馆-1号,20:30-21:30,1,1,已售/已满,已售,多云,18,15,4,0.0,82,28
2026-05-21 08:45:33,2026-05-22,4,羽毛球馆-1号,20:30-21:30,1,1,已售/已满,已售,多云,18,15,4,0.0,82,28
2026-05-21 08:50:36,2026-05-22,4,羽毛球馆-1号,20:30-21:30,1,1,已售/已满,已售,多云,18,15,4,0.0,82,28
2026-05-21 08:55:34,2026-05-22,4,羽毛球馆-1号,20:30-21:30,1,1,已售/已满,已售,多云,18,15,4,0.0,84,28
2026-05-21 09:00:51,2026-05-22,4,羽毛球馆-1号,20:30-21:30,1,1,已售/已满,已售,多云,18,15,4,0.0,84,28
2026-05-21 09:01:59,2026-05-22,4,羽毛球馆-1号,20:30-21:30,1,1,已售/已满,已售,多云,18,15,4,0.0,83,28
2026-05-21 09:05:33,2026-05-22,4,羽毛球馆-1号,20:30-21:30,1,1,已售/已满,已售,多云,18,15,4,0.0,83,28
2026-05-21 09:20:38,2026-05-22,4,羽毛球馆-1号,20:30-21:30,1,1,已售/已满,已售,多云,18,16,3,0.0,81,28
2026-05-21 09:30:46,2026-05-22,4,羽毛球馆-1号,20:30-21:30,1,1,已售/已满,已售,多云,18,16,3,0.0,81,32
2026-05-21 09:40:36,2026-05-22,4,羽毛球馆-1号,20:30-21:30,1,1,已售/已满,已售,多云,19,17,3,0.0,79,32
2026-05-21 09:50:42,2026-05-22,4,羽毛球馆-1号,20:30-21:30,1,1,已售/已满,已售,多云,19,17,4,0.0,81,32
2026-05-21 10:00:46,2026-05-22,4,羽毛球馆-1号,20:30-21:30,1,1,已售/已满,已售,多云,19,17,4,0.0,79,32
2026-05-21 10:10:40,2026-05-22,4,羽毛球馆-1号,20:30-21:30,1,1,已售/已满,已售,多云,19,17,4,0.0,79,32
2026-05-21 10:20:38,2026-05-22,4,羽毛球馆-1号,20:30-21:30,1,1,已售/已满,已售,多云,19,17,4,0.0,79,32
2026-05-21 10:30:41,2026-05-22,4,羽毛球馆-1号,20:30-21:30,1,1,已售/已满,已售,多云,19,18,3,0.0,78,31
2026-05-21 11:00:44,2026-05-22,4,羽毛球馆-1号,20:30-21:30,1,1,已售/已满,已售,多云,21,17,5,0.0,74,31
2026-05-21 11:30:38,2026-05-22,4,羽毛球馆-1号,20:30-21:30,1,1,已售/已满,已售,多云,21,19,3,0.0,72,33
2026-05-21 12:00:46,2026-05-22,4,羽毛球馆-1号,20:30-21:30,1,1,已售/已满,已售,多云,22,19,4,0.0,70,33
2026-05-21 12:30:42,2026-05-22,4,羽毛球馆-1号,20:30-21:30,1,1,已售/已满,已售,多云,22,21,3,0.0,68,35
2026-05-21 13:00:43,2026-05-22,4,羽毛球馆-1号,20:30-21:30,1,1,已售/已满,已售,多云,24,22,4,0.0,66,35
2026-05-21 13:30:43,2026-05-22,4,羽毛球馆-1号,20:30-21:30,1,1,已售/已满,已售,多云,24,22,4,0.0,66,36
2026-05-21 14:00:48,2026-05-22,4,羽毛球馆-1号,20:30-21:30,1,1,已售/已满,已售,多云,25,23,4,0.0,66,36
2026-05-21 14:30:45,2026-05-22,4,羽毛球馆-1号,20:30-21:30,1,1,已售/已满,已售,晴,25,25,3,0.0,65,39
2026-05-21 15:00:45,2026-05-22,4,羽毛球馆-1号,20:30-21:30,1,1,已售/已满,已售,晴,25,22,4,0.0,56,39
2026-05-21 15:30:43,2026-05-22,4,羽毛球馆-1号,20:30-21:30,1,1,已售/已满,已售,晴,25,23,4,0.0,57,40
2026-05-21 16:00:51,2026-05-22,4,羽毛球馆-1号,20:30-21:30,1,1,已售/已满,已售,晴,25,23,4,0.0,57,40
2026-05-21 16:30:48,2026-05-22,4,羽毛球馆-1号,20:30-21:30,1,1,已售/已满,已售,晴,25,24,3,0.0,60,39
2026-05-21 17:00:49,2026-05-22,4,羽毛球馆-1号,20:30-21:30,1,1,已售/已满,已售,晴,25,24,4,0.0,61,39
2026-05-21 17:30:47,2026-05-22,4,羽毛球馆-1号,20:30-21:30,1,1,已售/已满,已售,多云,24,23,3,0.0,64,39
2026-05-21 18:00:50,2026-05-22,4,羽毛球馆-1号,20:30-21:30,1,1,已售/已满,已售,多云,24,23,3,0.0,68,39
2026-05-21 18:30:50,2026-05-22,4,羽毛球馆-1号,20:30-21:30,1,1,已售/已满,已售,阴,24,25,2,0.0,68,40
2026-05-21 19:00:50,2026-05-22,4,羽毛球馆-1号,20:30-21:30,1,1,已售/已满,已售,阴,23,23,3,0.0,76,40
2026-05-21 19:30:46,2026-05-22,4,羽毛球馆-1号,20:30-21:30,1,1,已售/已满,已售,阴,23,24,2,0.0,77,39
2026-05-21 20:00:49,2026-05-22,4,羽毛球馆-1号,20:30-21:30,1,1,已售/已满,已售,雾,22,23,2,0.0,89,39
2026-05-21 20:30:44,2026-05-22,4,羽毛球馆-1号,20:30-21:30,1,1,已售/已满,已售,雾,22,24,2,0.0,93,43
2026-05-21 21:00:56,2026-05-22,4,羽毛球馆-1号,20:30-21:30,1,1,已售/已满,已售,雾,20,21,2,0.0,98,43
2026-05-21 21:30:46,2026-05-22,4,羽毛球馆-1号,20:30-21:30,1,1,已售/已满,已售,雾,20,22,1,0.0,99,41
2026-05-21 22:01:02,2026-05-22,4,羽毛球馆-1号,20:30-21:30,1,1,已售/已满,已售,雾,19,20,2,0.0,93,41
2026-05-21 22:30:47,2026-05-22,4,羽毛球馆-1号,20:30-21:30,1,1,已售/已满,已售,雾,19,19,3,0.0,88,46
2026-05-21 23:00:56,2026-05-22,4,羽毛球馆-1号,20:30-21:30,1,1,已售/已满,已售,多云,18,17,3,0.0,85,46
2026-05-21 23:30:55,2026-05-22,4,羽毛球馆-1号,20:30-21:30,1,1,已售/已满,已售,多云,18,17,3,0.0,85,48
2026-05-21 08:00:45,2026-05-22,4,羽毛球馆-20号,07:00-08:00,0,1,可预约,￥0.0,晴,17,12,5,0.0,86,29
2026-05-21 08:02:30,2026-05-22,4,羽毛球馆-20号,07:00-08:00,0,1,可预约,￥0.0,多云,17,12,5,0.0,87,29
2026-05-21 08:05:36,2026-05-22,4,羽毛球馆-20号,07:00-08:00,0,1,可预约,￥0.0,多云,17,12,5,0.0,86,29
2026-05-21 08:08:31,2026-05-22,4,羽毛球馆-20号,07:00-08:00,0,1,可预约,￥0.0,多云,17,12,5,0.0,86,29
2026-05-21 08:11:30,2026-05-22,4,羽毛球馆-20号,07:00-08:00,0,1,可预约,￥0.0,多云,17,12,5,0.0,86,29
2026-05-21 08:14:31,2026-05-22,4,羽毛球馆-20号,07:00-08:00,0,1,可预约,￥0.0,多云,17,12,5,0.0,86,29
2026-05-21 08:17:30,2026-05-22,4,羽毛球馆-20号,07:00-08:00,0,1,可预约,￥0.0,多云,17,12,5,0.0,86,29
2026-05-21 08:20:35,2026-05-22,4,羽毛球馆-20号,07:00-08:00,0,1,可预约,￥0.0,多云,17,14,4,0.0,85,29
2026-05-21 08:25:32,2026-05-22,4,羽毛球馆-20号,07:00-08:00,0,1,可预约,￥0.0,多云,17,14,4,0.0,85,28
2026-05-21 08:30:42,2026-05-22,4,羽毛球馆-20号,07:00-08:00,0,1,可预约,￥0.0,多云,18,15,4,0.0,84,28
2026-05-21 08:35:31,2026-05-22,4,羽毛球馆-20号,07:00-08:00,0,1,可预约,￥0.0,多云,18,15,4,0.0,84,28
2026-05-21 08:40:38,2026-05-22,4,羽毛球馆-20号,07:00-08:00,0,1,可预约,￥0.0,多云,18,15,4,0.0,82,28
2026-05-21 08:45:33,2026-05-22,4,羽毛球馆-20号,07:00-08:00,0,1,可预约,￥0.0,多云,18,15,4,0.0,82,28
2026-05-21 08:50:36,2026-05-22,4,羽毛球馆-20号,07:00-08:00,0,1,可预约,￥0.0,多云,18,15,4,0.0,82,28
2026-05-21 08:55:34,2026-05-22,4,羽毛球馆-20号,07:00-08:00,0,1,可预约,￥0.0,多云,18,15,4,0.0,84,28
2026-05-21 09:00:51,2026-05-22,4,羽毛球馆-20号,07:00-08:00,0,1,可预约,￥0.0,多云,18,15,4,0.0,84,28
2026-05-21 09:01:59,2026-05-22,4,羽毛球馆-20号,07:00-08:00,0,1,可预约,￥0.0,多云,18,15,4,0.0,83,28
2026-05-21 09:05:33,2026-05-22,4,羽毛球馆-20号,07:00-08:00,0,1,可预约,￥0.0,多云,18,15,4,0.0,83,28
2026-05-21 09:20:38,2026-05-22,4,羽毛球馆-20号,07:00-08:00,0,1,可预约,￥0.0,多云,18,16,3,0.0,81,28
2026-05-21 09:30:46,2026-05-22,4,羽毛球馆-20号,07:00-08:00,0,1,可预约,￥0.0,多云,18,16,3,0.0,81,32
2026-05-21 09:40:36,2026-05-22,4,羽毛球馆-20号,07:00-08:00,0,1,可预约,￥0.0,多云,19,17,3,0.0,79,32
2026-05-21 09:50:42,2026-05-22,4,羽毛球馆-20号,07:00-08:00,0,1,可预约,￥0.0,多云,19,17,4,0.0,81,32
2026-05-21 10:00:46,2026-05-22,4,羽毛球馆-20号,07:00-08:00,0,1,可预约,￥0.0,多云,19,17,4,0.0,79,32
2026-05-21 10:10:40,2026-05-22,4,羽毛球馆-20号,07:00-08:00,0,1,可预约,￥0.0,多云,19,17,4,0.0,79,32
2026-05-21 10:20:38,2026-05-22,4,羽毛球馆-20号,07:00-08:00,0,1,可预约,￥0.0,多云,19,17,4,0.0,79,32
2026-05-21 10:30:41,2026-05-22,4,羽毛球馆-20号,07:00-08:00,0,1,可预约,￥0.0,多云,19,18,3,0.0,78,31
2026-05-21 11:00:44,2026-05-22,4,羽毛球馆-20号,07:00-08:00,0,1,可预约,￥0.0,多云,21,17,5,0.0,74,31
2026-05-21 11:30:38,2026-05-22,4,羽毛球馆-20号,07:00-08:00,0,1,可预约,￥0.0,多云,21,19,3,0.0,72,33
2026-05-21 12:00:46,2026-05-22,4,羽毛球馆-20号,07:00-08:00,0,1,可预约,￥0.0,多云,22,19,4,0.0,70,33
2026-05-21 12:30:42,2026-05-22,4,羽毛球馆-20号,07:00-08:00,0,1,可预约,￥0.0,多云,22,21,3,0.0,68,35
2026-05-21 13:00:43,2026-05-22,4,羽毛球馆-20号,07:00-08:00,0,1,可预约,￥0.0,多云,24,22,4,0.0,66,35
2026-05-21 13:30:43,2026-05-22,4,羽毛球馆-20号,07:00-08:00,0,1,可预约,￥0.0,多云,24,22,4,0.0,66,36
2026-05-21 14:00:48,2026-05-22,4,羽毛球馆-20号,07:00-08:00,0,1,可预约,￥0.0,多云,25,23,4,0.0,66,36
2026-05-21 14:30:45,2026-05-22,4,羽毛球馆-20号,07:00-08:00,0,1,可预约,￥0.0,晴,25,25,3,0.0,65,39
2026-05-21 15:00:45,2026-05-22,4,羽毛球馆-20号,07:00-08:00,0,1,可预约,￥0.0,晴,25,22,4,0.0,56,39
2026-05-21 15:30:43,2026-05-22,4,羽毛球馆-20号,07:00-08:00,0,1,可预约,￥0.0,晴,25,23,4,0.0,57,40
2026-05-21 16:00:51,2026-05-22,4,羽毛球馆-20号,07:00-08:00,0,1,可预约,￥0.0,晴,25,23,4,0.0,57,40
2026-05-21 16:30:48,2026-05-22,4,羽毛球馆-20号,07:00-08:00,0,1,可预约,￥0.0,晴,25,24,3,0.0,60,39
2026-05-21 17:00:49,2026-05-22,4,羽毛球馆-20号,07:00-08:00,0,1,可预约,￥0.0,晴,25,24,4,0.0,61,39
2026-05-21 17:30:47,2026-05-22,4,羽毛球馆-20号,07:00-08:00,0,1,可预约,￥0.0,多云,24,23,3,0.0,64,39
2026-05-21 18:00:50,2026-05-22,4,羽毛球馆-20号,07:00-08:00,0,1,可预约,￥0.0,多云,24,23,3,0.0,68,39
2026-05-21 18:30:50,2026-05-22,4,羽毛球馆-20号,07:00-08:00,0,1,可预约,￥0.0,阴,24,25,2,0.0,68,40
2026-05-21 19:00:50,2026-05-22,4,羽毛球馆-20号,07:00-08:00,0,1,可预约,￥0.0,阴,23,23,3,0.0,76,40
2026-05-21 19:30:46,2026-05-22,4,羽毛球馆-20号,07:00-08:00,0,1,可预约,￥0.0,阴,23,24,2,0.0,77,39
2026-05-21 20:00:49,2026-05-22,4,羽毛球馆-20号,07:00-08:00,0,1,可预约,￥0.0,雾,22,23,2,0.0,89,39
2026-05-21 20:30:44,2026-05-22,4,羽毛球馆-20号,07:00-08:00,0,1,可预约,￥0.0,雾,22,24,2,0.0,93,43
2026-05-21 21:00:56,2026-05-22,4,羽毛球馆-20号,07:00-08:00,0,1,可预约,￥0.0,雾,20,21,2,0.0,98,43
2026-05-21 21:30:46,2026-05-22,4,羽毛球馆-20号,07:00-08:00,0,1,可预约,￥0.0,雾,20,22,1,0.0,99,41
2026-05-21 22:01:02,2026-05-22,4,羽毛球馆-20号,07:00-08:00,0,1,可预约,￥0.0,雾,19,20,2,0.0,93,41
2026-05-21 22:30:47,2026-05-22,4,羽毛球馆-20号,07:00-08:00,0,1,可预约,￥0.0,雾,19,19,3,0.0,88,46
2026-05-21 23:00:56,2026-05-22,4,羽毛球馆-20号,07:00-08:00,0,1,可预约,￥0.0,多云,18,17,3,0.0,85,46
2026-05-21 23:30:55,2026-05-22,4,羽毛球馆-20号,07:00-08:00,0,1,可预约,￥0.0,多云,18,17,3,0.0,85,48
2026-05-21 08:00:45,2026-05-22,4,羽毛球馆-20号,08:00-09:00,0,1,可预约,￥0.0,晴,17,12,5,0.0,86,29
2026-05-21 08:02:30,2026-05-22,4,羽毛球馆-20号,08:00-09:00,0,1,可预约,￥0.0,多云,17,12,5,0.0,87,29
2026-05-21 08:05:36,2026-05-22,4,羽毛球馆-20号,08:00-09:00,0,1,可预约,￥0.0,多云,17,12,5,0.0,86,29
2026-05-21 08:08:31,2026-05-22,4,羽毛球馆-20号,08:00-09:00,0,1,可预约,￥0.0,多云,17,12,5,0.0,86,29
2026-05-21 08:11:30,2026-05-22,4,羽毛球馆-20号,08:00-09:00,0,1,可预约,￥0.0,多云,17,12,5,0.0,86,29
2026-05-21 08:14:31,2026-05-22,4,羽毛球馆-20号,08:00-09:00,0,1,可预约,￥0.0,多云,17,12,5,0.0,86,29
2026-05-21 08:17:30,2026-05-22,4,羽毛球馆-20号,08:00-09:00,0,1,可预约,￥0.0,多云,17,12,5,0.0,86,29
2026-05-21 08:20:35,2026-05-22,4,羽毛球馆-20号,08:00-09:00,0,1,可预约,￥0.0,多云,17,14,4,0.0,85,29
2026-05-21 08:25:32,2026-05-22,4,羽毛球馆-20号,08:00-09:00,0,1,可预约,￥0.0,多云,17,14,4,0.0,85,28
2026-05-21 08:30:42,2026-05-22,4,羽毛球馆-20号,08:00-09:00,0,1,可预约,￥0.0,多云,18,15,4,0.0,84,28
2026-05-21 08:35:31,2026-05-22,4,羽毛球馆-20号,08:00-09:00,0,1,可预约,￥0.0,多云,18,15,4,0.0,84,28
2026-05-21 08:40:38,2026-05-22,4,羽毛球馆-20号,08:00-09:00,0,1,可预约,￥0.0,多云,18,15,4,0.0,82,28
2026-05-21 08:45:33,2026-05-22,4,羽毛球馆-20号,08:00-09:00,0,1,可预约,￥0.0,多云,18,15,4,0.0,82,28
2026-05-21 08:50:36,2026-05-22,4,羽毛球馆-20号,08:00-09:00,0,1,可预约,￥0.0,多云,18,15,4,0.0,82,28
2026-05-21 08:55:34,2026-05-22,4,羽毛球馆-20号,08:00-09:00,1,1,已售/已满,已售,多云,18,15,4,0.0,84,28
2026-05-21 09:00:51,2026-05-22,4,羽毛球馆-20号,08:00-09:00,1,1,已售/已满,已售,多云,18,15,4,0.0,84,28
2026-05-21 09:01:59,2026-05-22,4,羽毛球馆-20号,08:00-09:00,1,1,已售/已满,已售,多云,18,15,4,0.0,83,28
2026-05-21 09:05:33,2026-05-22,4,羽毛球馆-20号,08:00-09:00,1,1,已售/已满,已售,多云,18,15,4,0.0,83,28
2026-05-21 09:20:38,2026-05-22,4,羽毛球馆-20号,08:00-09:00,1,1,已售/已满,已售,多云,18,16,3,0.0,81,28
2026-05-21 09:30:46,2026-05-22,4,羽毛球馆-20号,08:00-09:00,1,1,已售/已满,已售,多云,18,16,3,0.0,81,32
2026-05-21 09:40:36,2026-05-22,4,羽毛球馆-20号,08:00-09:00,1,1,已售/已满,已售,多云,19,17,3,0.0,79,32
2026-05-21 09:50:42,2026-05-22,4,羽毛球馆-20号,08:00-09:00,1,1,已售/已满,已售,多云,19,17,4,0.0,81,32
2026-05-21 10:00:46,2026-05-22,4,羽毛球馆-20号,08:00-09:00,1,1,已售/已满,已售,多云,19,17,4,0.0,79,32
2026-05-21 10:10:40,2026-05-22,4,羽毛球馆-20号,08:00-09:00,1,1,已售/已满,已售,多云,19,17,4,0.0,79,32
2026-05-21 10:20:38,2026-05-22,4,羽毛球馆-20号,08:00-09:00,1,1,已售/已满,已售,多云,19,17,4,0.0,79,32
2026-05-21 10:30:41,2026-05-22,4,羽毛球馆-20号,08:00-09:00,1,1,已售/已满,已售,多云,19,18,3,0.0,78,31
2026-05-21 11:00:44,2026-05-22,4,羽毛球馆-20号,08:00-09:00,1,1,已售/已满,已售,多云,21,17,5,0.0,74,31
2026-05-21 11:30:38,2026-05-22,4,羽毛球馆-20号,08:00-09:00,1,1,已售/已满,已售,多云,21,19,3,0.0,72,33
2026-05-21 12:00:46,2026-05-22,4,羽毛球馆-20号,08:00-09:00,1,1,已售/已满,已售,多云,22,19,4,0.0,70,33
2026-05-21 12:30:42,2026-05-22,4,羽毛球馆-20号,08:00-09:00,1,1,已售/已满,已售,多云,22,21,3,0.0,68,35
2026-05-21 13:00:43,2026-05-22,4,羽毛球馆-20号,08:00-09:00,1,1,已售/已满,已售,多云,24,22,4,0.0,66,35
2026-05-21 13:30:43,2026-05-22,4,羽毛球馆-20号,08:00-09:00,1,1,已售/已满,已售,多云,24,22,4,0.0,66,36
2026-05-21 14:00:48,2026-05-22,4,羽毛球馆-20号,08:00-09:00,1,1,已售/已满,已售,多云,25,23,4,0.0,66,36
2026-05-21 14:30:45,2026-05-22,4,羽毛球馆-20号,08:00-09:00,1,1,已售/已满,已售,晴,25,25,3,0.0,65,39
2026-05-21 15:00:45,2026-05-22,4,羽毛球馆-20号,08:00-09:00,1,1,已售/已满,已售,晴,25,22,4,0.0,56,39
2026-05-21 15:30:43,2026-05-22,4,羽毛球馆-20号,08:00-09:00,1,1,已售/已满,已售,晴,25,23,4,0.0,57,40
2026-05-21 16:00:51,2026-05-22,4,羽毛球馆-20号,08:00-09:00,1,1,已售/已满,已售,晴,25,23,4,0.0,57,40
2026-05-21 16:30:48,2026-05-22,4,羽毛球馆-20号,08:00-09:00,1,1,已售/已满,已售,晴,25,24,3,0.0,60,39
2026-05-21 17:00:49,2026-05-22,4,羽毛球馆-20号,08:00-09:00,1,1,已售/已满,已售,晴,25,24,4,0.0,61,39
2026-05-21 17:30:47,2026-05-22,4,羽毛球馆-20号,08:00-09:00,1,1,已售/已满,已售,多云,24,23,3,0.0,64,39
2026-05-21 18:00:50,2026-05-22,4,羽毛球馆-20号,08:00-09:00,1,1,已售/已满,已售,多云,24,23,3,0.0,68,39
2026-05-21 18:30:50,2026-05-22,4,羽毛球馆-20号,08:00-09:00,1,1,已售/已满,已售,阴,24,25,2,0.0,68,40
2026-05-21 19:00:50,2026-05-22,4,羽毛球馆-20号,08:00-09:00,1,1,已售/已满,已售,阴,23,23,3,0.0,76,40
2026-05-21 19:30:46,2026-05-22,4,羽毛球馆-20号,08:00-09:00,1,1,已售/已满,已售,阴,23,24,2,0.0,77,39
2026-05-21 20:00:49,2026-05-22,4,羽毛球馆-20号,08:00-09:00,1,1,已售/已满,已售,雾,22,23,2,0.0,89,39
2026-05-21 20:30:44,2026-05-22,4,羽毛球馆-20号,08:00-09:00,1,1,已售/已满,已售,雾,22,24,2,0.0,93,43
2026-05-21 21:00:56,2026-05-22,4,羽毛球馆-20号,08:00-09:00,1,1,已售/已满,已售,雾,20,21,2,0.0,98,43
2026-05-21 21:30:46,2026-05-22,4,羽毛球馆-20号,08:00-09:00,1,1,已售/已满,已售,雾,20,22,1,0.0,99,41
2026-05-21 22:01:02,2026-05-22,4,羽毛球馆-20号,08:00-09:00,1,1,已售/已满,已售,雾,19,20,2,0.0,93,41
2026-05-21 22:30:47,2026-05-22,4,羽毛球馆-20号,08:00-09:00,1,1,已售/已满,已售,雾,19,19,3,0.0,88,46
2026-05-21 23:00:56,2026-05-22,4,羽毛球馆-20号,08:00-09:00,1,1,已售/已满,已售,多云,18,17,3,0.0,85,46
2026-05-21 23:30:55,2026-05-22,4,羽毛球馆-20号,08:00-09:00,1,1,已售/已满,已售,多云,18,17,3,0.0,85,48
2026-05-21 08:00:45,2026-05-22,4,羽毛球馆-20号,09:00-10:00,0,1,可预约,￥12.0,晴,17,12,5,0.0,86,29
2026-05-21 08:02:30,2026-05-22,4,羽毛球馆-20号,09:00-10:00,0,1,可预约,￥12.0,多云,17,12,5,0.0,87,29
2026-05-21 08:05:36,2026-05-22,4,羽毛球馆-20号,09:00-10:00,0,1,可预约,￥12.0,多云,17,12,5,0.0,86,29
2026-05-21 08:08:31,2026-05-22,4,羽毛球馆-20号,09:00-10:00,0,1,可预约,￥12.0,多云,17,12,5,0.0,86,29
2026-05-21 08:11:30,2026-05-22,4,羽毛球馆-20号,09:00-10:00,0,1,可预约,￥12.0,多云,17,12,5,0.0,86,29
2026-05-21 08:14:31,2026-05-22,4,羽毛球馆-20号,09:00-10:00,0,1,可预约,￥12.0,多云,17,12,5,0.0,86,29
2026-05-21 08:17:30,2026-05-22,4,羽毛球馆-20号,09:00-10:00,0,1,可预约,￥12.0,多云,17,12,5,0.0,86,29
2026-05-21 08:20:35,2026-05-22,4,羽毛球馆-20号,09:00-10:00,0,1,可预约,￥12.0,多云,17,14,4,0.0,85,29
2026-05-21 08:25:32,2026-05-22,4,羽毛球馆-20号,09:00-10:00,0,1,可预约,￥12.0,多云,17,14,4,0.0,85,28
2026-05-21 08:30:42,2026-05-22,4,羽毛球馆-20号,09:00-10:00,0,1,可预约,￥12.0,多云,18,15,4,0.0,84,28
2026-05-21 08:35:31,2026-05-22,4,羽毛球馆-20号,09:00-10:00,0,1,可预约,￥12.0,多云,18,15,4,0.0,84,28
2026-05-21 08:40:38,2026-05-22,4,羽毛球馆-20号,09:00-10:00,0,1,可预约,￥12.0,多云,18,15,4,0.0,82,28
2026-05-21 08:45:33,2026-05-22,4,羽毛球馆-20号,09:00-10:00,0,1,可预约,￥12.0,多云,18,15,4,0.0,82,28
2026-05-21 08:50:36,2026-05-22,4,羽毛球馆-20号,09:00-10:00,0,1,可预约,￥12.0,多云,18,15,4,0.0,82,28
2026-05-21 08:55:34,2026-05-22,4,羽毛球馆-20号,09:00-10:00,0,1,可预约,￥12.0,多云,18,15,4,0.0,84,28
2026-05-21 09:00:51,2026-05-22,4,羽毛球馆-20号,09:00-10:00,0,1,可预约,￥12.0,多云,18,15,4,0.0,84,28
2026-05-21 09:01:59,2026-05-22,4,羽毛球馆-20号,09:00-10:00,0,1,可预约,￥12.0,多云,18,15,4,0.0,83,28
2026-05-21 09:05:33,2026-05-22,4,羽毛球馆-20号,09:00-10:00,0,1,可预约,￥12.0,多云,18,15,4,0.0,83,28
2026-05-21 09:20:38,2026-05-22,4,羽毛球馆-20号,09:00-10:00,0,1,可预约,￥12.0,多云,18,16,3,0.0,81,28
2026-05-21 09:30:46,2026-05-22,4,羽毛球馆-20号,09:00-10:00,0,1,可预约,￥12.0,多云,18,16,3,0.0,81,32
2026-05-21 09:40:36,2026-05-22,4,羽毛球馆-20号,09:00-10:00,0,1,可预约,￥12.0,多云,19,17,3,0.0,79,32
2026-05-21 09:50:42,2026-05-22,4,羽毛球馆-20号,09:00-10:00,0,1,可预约,￥12.0,多云,19,17,4,0.0,81,32
2026-05-21 10:00:46,2026-05-22,4,羽毛球馆-20号,09:00-10:00,0,1,可预约,￥12.0,多云,19,17,4,0.0,79,32
2026-05-21 10:10:40,2026-05-22,4,羽毛球馆-20号,09:00-10:00,0,1,可预约,￥12.0,多云,19,17,4,0.0,79,32
2026-05-21 10:20:38,2026-05-22,4,羽毛球馆-20号,09:00-10:00,0,1,可预约,￥12.0,多云,19,17,4,0.0,79,32
2026-05-21 10:30:41,2026-05-22,4,羽毛球馆-20号,09:00-10:00,0,1,可预约,￥12.0,多云,19,18,3,0.0,78,31
2026-05-21 11:00:44,2026-05-22,4,羽毛球馆-20号,09:00-10:00,0,1,可预约,￥12.0,多云,21,17,5,0.0,74,31
2026-05-21 11:30:38,2026-05-22,4,羽毛球馆-20号,09:00-10:00,0,1,可预约,￥12.0,多云,21,19,3,0.0,72,33
2026-05-21 12:00:46,2026-05-22,4,羽毛球馆-20号,09:00-10:00,0,1,可预约,￥12.0,多云,22,19,4,0.0,70,33
2026-05-21 12:30:42,2026-05-22,4,羽毛球馆-20号,09:00-10:00,0,1,可预约,￥12.0,多云,22,21,3,0.0,68,35
2026-05-21 13:00:43,2026-05-22,4,羽毛球馆-20号,09:00-10:00,0,1,可预约,￥12.0,多云,24,22,4,0.0,66,35
2026-05-21 13:30:43,2026-05-22,4,羽毛球馆-20号,09:00-10:00,0,1,可预约,￥12.0,多云,24,22,4,0.0,66,36
2026-05-21 14:00:48,2026-05-22,4,羽毛球馆-20号,09:00-10:00,0,1,可预约,￥12.0,多云,25,23,4,0.0,66,36
2026-05-21 14:30:45,2026-05-22,4,羽毛球馆-20号,09:00-10:00,0,1,可预约,￥12.0,晴,25,25,3,0.0,65,39
2026-05-21 15:00:45,2026-05-22,4,羽毛球馆-20号,09:00-10:00,0,1,可预约,￥12.0,晴,25,22,4,0.0,56,39
2026-05-21 15:30:43,2026-05-22,4,羽毛球馆-20号,09:00-10:00,0,1,可预约,￥12.0,晴,25,23,4,0.0,57,40
2026-05-21 16:00:51,2026-05-22,4,羽毛球馆-20号,09:00-10:00,0,1,可预约,￥12.0,晴,25,23,4,0.0,57,40
2026-05-21 16:30:48,2026-05-22,4,羽毛球馆-20号,09:00-10:00,0,1,可预约,￥12.0,晴,25,24,3,0.0,60,39
2026-05-21 17:00:49,2026-05-22,4,羽毛球馆-20号,09:00-10:00,0,1,可预约,￥12.0,晴,25,24,4,0.0,61,39
2026-05-21 17:30:47,2026-05-22,4,羽毛球馆-20号,09:00-10:00,0,1,可预约,￥12.0,多云,24,23,3,0.0,64,39
2026-05-21 18:00:50,2026-05-22,4,羽毛球馆-20号,09:00-10:00,0,1,可预约,￥12.0,多云,24,23,3,0.0,68,39
2026-05-21 18:30:50,2026-05-22,4,羽毛球馆-20号,09:00-10:00,0,1,可预约,￥12.0,阴,24,25,2,0.0,68,40
2026-05-21 19:00:50,2026-05-22,4,羽毛球馆-20号,09:00-10:00,0,1,可预约,￥12.0,阴,23,23,3,0.0,76,40
2026-05-21 19:30:46,2026-05-22,4,羽毛球馆-20号,09:00-10:00,0,1,可预约,￥12.0,阴,23,24,2,0.0,77,39
2026-05-21 20:00:49,2026-05-22,4,羽毛球馆-20号,09:00-10:00,0,1,可预约,￥12.0,雾,22,23,2,0.0,89,39
2026-05-21 20:30:44,2026-05-22,4,羽毛球馆-20号,09:00-10:00,0,1,可预约,￥12.0,雾,22,24,2,0.0,93,43
2026-05-21 21:00:56,2026-05-22,4,羽毛球馆-20号,09:00-10:00,0,1,可预约,￥12.0,雾,20,21,2,0.0,98,43
2026-05-21 21:30:46,2026-05-22,4,羽毛球馆-20号,09:00-10:00,0,1,可预约,￥12.0,雾,20,22,1,0.0,99,41
2026-05-21 22:01:02,2026-05-22,4,羽毛球馆-20号,09:00-10:00,0,1,可预约,￥12.0,雾,19,20,2,0.0,93,41
2026-05-21 22:30:47,2026-05-22,4,羽毛球馆-20号,09:00-10:00,0,1,可预约,￥12.0,雾,19,19,3,0.0,88,46
2026-05-21 23:00:56,2026-05-22,4,羽毛球馆-20号,09:00-10:00,0,1,可预约,￥12.0,多云,18,17,3,0.0,85,46
2026-05-21 23:30:55,2026-05-22,4,羽毛球馆-20号,09:00-10:00,0,1,可预约,￥12.0,多云,18,17,3,0.0,85,48
2026-05-21 08:00:45,2026-05-22,4,羽毛球馆-20号,10:00-11:00,1,1,已售/已满,教学时间,晴,17,12,5,0.0,86,29
2026-05-21 08:02:30,2026-05-22,4,羽毛球馆-20号,10:00-11:00,1,1,已售/已满,教学时间,多云,17,12,5,0.0,87,29
2026-05-21 08:05:36,2026-05-22,4,羽毛球馆-20号,10:00-11:00,1,1,已售/已满,教学时间,多云,17,12,5,0.0,86,29
2026-05-21 08:08:31,2026-05-22,4,羽毛球馆-20号,10:00-11:00,1,1,已售/已满,教学时间,多云,17,12,5,0.0,86,29
2026-05-21 08:11:30,2026-05-22,4,羽毛球馆-20号,10:00-11:00,1,1,已售/已满,教学时间,多云,17,12,5,0.0,86,29
2026-05-21 08:14:31,2026-05-22,4,羽毛球馆-20号,10:00-11:00,1,1,已售/已满,教学时间,多云,17,12,5,0.0,86,29
2026-05-21 08:17:30,2026-05-22,4,羽毛球馆-20号,10:00-11:00,1,1,已售/已满,教学时间,多云,17,12,5,0.0,86,29
2026-05-21 08:20:35,2026-05-22,4,羽毛球馆-20号,10:00-11:00,1,1,已售/已满,教学时间,多云,17,14,4,0.0,85,29
2026-05-21 08:25:32,2026-05-22,4,羽毛球馆-20号,10:00-11:00,1,1,已售/已满,教学时间,多云,17,14,4,0.0,85,28
2026-05-21 08:30:42,2026-05-22,4,羽毛球馆-20号,10:00-11:00,1,1,已售/已满,教学时间,多云,18,15,4,0.0,84,28
2026-05-21 08:35:31,2026-05-22,4,羽毛球馆-20号,10:00-11:00,1,1,已售/已满,教学时间,多云,18,15,4,0.0,84,28
2026-05-21 08:40:38,2026-05-22,4,羽毛球馆-20号,10:00-11:00,1,1,已售/已满,教学时间,多云,18,15,4,0.0,82,28
2026-05-21 08:45:33,2026-05-22,4,羽毛球馆-20号,10:00-11:00,1,1,已售/已满,教学时间,多云,18,15,4,0.0,82,28
2026-05-21 08:50:36,2026-05-22,4,羽毛球馆-20号,10:00-11:00,1,1,已售/已满,教学时间,多云,18,15,4,0.0,82,28
2026-05-21 08:55:34,2026-05-22,4,羽毛球馆-20号,10:00-11:00,1,1,已售/已满,教学时间,多云,18,15,4,0.0,84,28
2026-05-21 09:00:51,2026-05-22,4,羽毛球馆-20号,10:00-11:00,1,1,已售/已满,教学时间,多云,18,15,4,0.0,84,28
2026-05-21 09:01:59,2026-05-22,4,羽毛球馆-20号,10:00-11:00,1,1,已售/已满,教学时间,多云,18,15,4,0.0,83,28
2026-05-21 09:05:33,2026-05-22,4,羽毛球馆-20号,10:00-11:00,1,1,已售/已满,教学时间,多云,18,15,4,0.0,83,28
2026-05-21 09:20:38,2026-05-22,4,羽毛球馆-20号,10:00-11:00,1,1,已售/已满,教学时间,多云,18,16,3,0.0,81,28
2026-05-21 09:30:46,2026-05-22,4,羽毛球馆-20号,10:00-11:00,1,1,已售/已满,教学时间,多云,18,16,3,0.0,81,32
2026-05-21 09:40:36,2026-05-22,4,羽毛球馆-20号,10:00-11:00,1,1,已售/已满,教学时间,多云,19,17,3,0.0,79,32
2026-05-21 09:50:42,2026-05-22,4,羽毛球馆-20号,10:00-11:00,1,1,已售/已满,教学时间,多云,19,17,4,0.0,81,32
2026-05-21 10:00:46,2026-05-22,4,羽毛球馆-20号,10:00-11:00,1,1,已售/已满,教学时间,多云,19,17,4,0.0,79,32
2026-05-21 10:10:40,2026-05-22,4,羽毛球馆-20号,10:00-11:00,1,1,已售/已满,教学时间,多云,19,17,4,0.0,79,32
2026-05-21 10:20:38,2026-05-22,4,羽毛球馆-20号,10:00-11:00,1,1,已售/已满,教学时间,多云,19,17,4,0.0,79,32
2026-05-21 10:30:41,2026-05-22,4,羽毛球馆-20号,10:00-11:00,1,1,已售/已满,教学时间,多云,19,18,3,0.0,78,31
2026-05-21 11:00:44,2026-05-22,4,羽毛球馆-20号,10:00-11:00,1,1,已售/已满,教学时间,多云,21,17,5,0.0,74,31
2026-05-21 11:30:38,2026-05-22,4,羽毛球馆-20号,10:00-11:00,1,1,已售/已满,教学时间,多云,21,19,3,0.0,72,33
2026-05-21 12:00:46,2026-05-22,4,羽毛球馆-20号,10:00-11:00,1,1,已售/已满,教学时间,多云,22,19,4,0.0,70,33
2026-05-21 12:30:42,2026-05-22,4,羽毛球馆-20号,10:00-11:00,1,1,已售/已满,教学时间,多云,22,21,3,0.0,68,35
2026-05-21 13:00:43,2026-05-22,4,羽毛球馆-20号,10:00-11:00,1,1,已售/已满,教学时间,多云,24,22,4,0.0,66,35
2026-05-21 13:30:43,2026-05-22,4,羽毛球馆-20号,10:00-11:00,1,1,已售/已满,教学时间,多云,24,22,4,0.0,66,36
2026-05-21 14:00:48,2026-05-22,4,羽毛球馆-20号,10:00-11:00,1,1,已售/已满,教学时间,多云,25,23,4,0.0,66,36
2026-05-21 14:30:45,2026-05-22,4,羽毛球馆-20号,10:00-11:00,1,1,已售/已满,教学时间,晴,25,25,3,0.0,65,39
2026-05-21 15:00:45,2026-05-22,4,羽毛球馆-20号,10:00-11:00,1,1,已售/已满,教学时间,晴,25,22,4,0.0,56,39
2026-05-21 15:30:43,2026-05-22,4,羽毛球馆-20号,10:00-11:00,1,1,已售/已满,教学时间,晴,25,23,4,0.0,57,40
2026-05-21 16:00:51,2026-05-22,4,羽毛球馆-20号,10:00-11:00,1,1,已售/已满,教学时间,晴,25,23,4,0.0,57,40
2026-05-21 16:30:48,2026-05-22,4,羽毛球馆-20号,10:00-11:00,1,1,已售/已满,教学时间,晴,25,24,3,0.0,60,39
2026-05-21 17:00:49,2026-05-22,4,羽毛球馆-20号,10:00-11:00,1,1,已售/已满,教学时间,晴,25,24,4,0.0,61,39
2026-05-21 17:30:47,2026-05-22,4,羽毛球馆-20号,10:00-11:00,1,1,已售/已满,教学时间,多云,24,23,3,0.0,64,39
2026-05-21 18:00:50,2026-05-22,4,羽毛球馆-20号,10:00-11:00,1,1,已售/已满,教学时间,多云,24,23,3,0.0,68,39
2026-05-21 18:30:50,2026-05-22,4,羽毛球馆-20号,10:00-11:00,1,1,已售/已满,教学时间,阴,24,25,2,0.0,68,40
2026-05-21 19:00:50,2026-05-22,4,羽毛球馆-20号,10:00-11:00,1,1,已售/已满,教学时间,阴,23,23,3,0.0,76,40
2026-05-21 19:30:46,2026-05-22,4,羽毛球馆-20号,10:00-11:00,1,1,已售/已满,教学时间,阴,23,24,2,0.0,77,39
2026-05-21 20:00:49,2026-05-22,4,羽毛球馆-20号,10:00-11:00,1,1,已售/已满,教学时间,雾,22,23,2,0.0,89,39
2026-05-21 20:30:44,2026-05-22,4,羽毛球馆-20号,10:00-11:00,1,1,已售/已满,教学时间,雾,22,24,2,0.0,93,43
2026-05-21 21:00:56,2026-05-22,4,羽毛球馆-20号,10:00-11:00,1,1,已售/已满,教学时间,雾,20,21,2,0.0,98,43
2026-05-21 21:30:46,2026-05-22,4,羽毛球馆-20号,10:00-11:00,1,1,已售/已满,教学时间,雾,20,22,1,0.0,99,41
2026-05-21 22:01:02,2026-05-22,4,羽毛球馆-20号,10:00-11:00,1,1,已售/已满,教学时间,雾,19,20,2,0.0,93,41
2026-05-21 22:30:47,2026-05-22,4,羽毛球馆-20号,10:00-11:00,1,1,已售/已满,教学时间,雾,19,19,3,0.0,88,46
2026-05-21 23:00:56,2026-05-22,4,羽毛球馆-20号,10:00-11:00,1,1,已售/已满,教学时间,多云,18,17,3,0.0,85,46
2026-05-21 23:30:55,2026-05-22,4,羽毛球馆-20号,10:00-11:00,1,1,已售/已满,教学时间,多云,18,17,3,0.0,85,48
2026-05-21 08:00:45,2026-05-22,4,羽毛球馆-20号,11:00-12:00,1,1,已售/已满,教学时间,晴,17,12,5,0.0,86,29
2026-05-21 08:02:30,2026-05-22,4,羽毛球馆-20号,11:00-12:00,1,1,已售/已满,教学时间,多云,17,12,5,0.0,87,29
2026-05-21 08:05:36,2026-05-22,4,羽毛球馆-20号,11:00-12:00,1,1,已售/已满,教学时间,多云,17,12,5,0.0,86,29
2026-05-21 08:08:31,2026-05-22,4,羽毛球馆-20号,11:00-12:00,1,1,已售/已满,教学时间,多云,17,12,5,0.0,86,29
2026-05-21 08:11:30,2026-05-22,4,羽毛球馆-20号,11:00-12:00,1,1,已售/已满,教学时间,多云,17,12,5,0.0,86,29
2026-05-21 08:14:31,2026-05-22,4,羽毛球馆-20号,11:00-12:00,1,1,已售/已满,教学时间,多云,17,12,5,0.0,86,29
2026-05-21 08:17:30,2026-05-22,4,羽毛球馆-20号,11:00-12:00,1,1,已售/已满,教学时间,多云,17,12,5,0.0,86,29
2026-05-21 08:20:35,2026-05-22,4,羽毛球馆-20号,11:00-12:00,1,1,已售/已满,教学时间,多云,17,14,4,0.0,85,29
2026-05-21 08:25:32,2026-05-22,4,羽毛球馆-20号,11:00-12:00,1,1,已售/已满,教学时间,多云,17,14,4,0.0,85,28
2026-05-21 08:30:42,2026-05-22,4,羽毛球馆-20号,11:00-12:00,1,1,已售/已满,教学时间,多云,18,15,4,0.0,84,28
2026-05-21 08:35:31,2026-05-22,4,羽毛球馆-20号,11:00-12:00,1,1,已售/已满,教学时间,多云,18,15,4,0.0,84,28
2026-05-21 08:40:38,2026-05-22,4,羽毛球馆-20号,11:00-12:00,1,1,已售/已满,教学时间,多云,18,15,4,0.0,82,28
2026-05-21 08:45:33,2026-05-22,4,羽毛球馆-20号,11:00-12:00,1,1,已售/已满,教学时间,多云,18,15,4,0.0,82,28
2026-05-21 08:50:36,2026-05-22,4,羽毛球馆-20号,11:00-12:00,1,1,已售/已满,教学时间,多云,18,15,4,0.0,82,28
2026-05-21 08:55:34,2026-05-22,4,羽毛球馆-20号,11:00-12:00,1,1,已售/已满,教学时间,多云,18,15,4,0.0,84,28
2026-05-21 09:00:51,2026-05-22,4,羽毛球馆-20号,11:00-12:00,1,1,已售/已满,教学时间,多云,18,15,4,0.0,84,28
2026-05-21 09:01:59,2026-05-22,4,羽毛球馆-20号,11:00-12:00,1,1,已售/已满,教学时间,多云,18,15,4,0.0,83,28
2026-05-21 09:05:33,2026-05-22,4,羽毛球馆-20号,11:00-12:00,1,1,已售/已满,教学时间,多云,18,15,4,0.0,83,28
2026-05-21 09:20:38,2026-05-22,4,羽毛球馆-20号,11:00-12:00,1,1,已售/已满,教学时间,多云,18,16,3,0.0,81,28
2026-05-21 09:30:46,2026-05-22,4,羽毛球馆-20号,11:00-12:00,1,1,已售/已满,教学时间,多云,18,16,3,0.0,81,32
2026-05-21 09:40:36,2026-05-22,4,羽毛球馆-20号,11:00-12:00,1,1,已售/已满,教学时间,多云,19,17,3,0.0,79,32
2026-05-21 09:50:42,2026-05-22,4,羽毛球馆-20号,11:00-12:00,1,1,已售/已满,教学时间,多云,19,17,4,0.0,81,32
2026-05-21 10:00:46,2026-05-22,4,羽毛球馆-20号,11:00-12:00,1,1,已售/已满,教学时间,多云,19,17,4,0.0,79,32
2026-05-21 10:10:40,2026-05-22,4,羽毛球馆-20号,11:00-12:00,1,1,已售/已满,教学时间,多云,19,17,4,0.0,79,32
2026-05-21 10:20:38,2026-05-22,4,羽毛球馆-20号,11:00-12:00,1,1,已售/已满,教学时间,多云,19,17,4,0.0,79,32
2026-05-21 10:30:41,2026-05-22,4,羽毛球馆-20号,11:00-12:00,1,1,已售/已满,教学时间,多云,19,18,3,0.0,78,31
2026-05-21 11:00:44,2026-05-22,4,羽毛球馆-20号,11:00-12:00,1,1,已售/已满,教学时间,多云,21,17,5,0.0,74,31
2026-05-21 11:30:38,2026-05-22,4,羽毛球馆-20号,11:00-12:00,1,1,已售/已满,教学时间,多云,21,19,3,0.0,72,33
2026-05-21 12:00:46,2026-05-22,4,羽毛球馆-20号,11:00-12:00,1,1,已售/已满,教学时间,多云,22,19,4,0.0,70,33
2026-05-21 12:30:42,2026-05-22,4,羽毛球馆-20号,11:00-12:00,1,1,已售/已满,教学时间,多云,22,21,3,0.0,68,35
2026-05-21 13:00:43,2026-05-22,4,羽毛球馆-20号,11:00-12:00,1,1,已售/已满,教学时间,多云,24,22,4,0.0,66,35
2026-05-21 13:30:43,2026-05-22,4,羽毛球馆-20号,11:00-12:00,1,1,已售/已满,教学时间,多云,24,22,4,0.0,66,36
2026-05-21 14:00:48,2026-05-22,4,羽毛球馆-20号,11:00-12:00,1,1,已售/已满,教学时间,多云,25,23,4,0.0,66,36
2026-05-21 14:30:45,2026-05-22,4,羽毛球馆-20号,11:00-12:00,1,1,已售/已满,教学时间,晴,25,25,3,0.0,65,39
2026-05-21 15:00:45,2026-05-22,4,羽毛球馆-20号,11:00-12:00,1,1,已售/已满,教学时间,晴,25,22,4,0.0,56,39
2026-05-21 15:30:43,2026-05-22,4,羽毛球馆-20号,11:00-12:00,1,1,已售/已满,教学时间,晴,25,23,4,0.0,57,40
2026-05-21 16:00:51,2026-05-22,4,羽毛球馆-20号,11:00-12:00,1,1,已售/已满,教学时间,晴,25,23,4,0.0,57,40
2026-05-21 16:30:48,2026-05-22,4,羽毛球馆-20号,11:00-12:00,1,1,已售/已满,教学时间,晴,25,24,3,0.0,60,39
2026-05-21 17:00:49,2026-05-22,4,羽毛球馆-20号,11:00-12:00,1,1,已售/已满,教学时间,晴,25,24,4,0.0,61,39
2026-05-21 17:30:47,2026-05-22,4,羽毛球馆-20号,11:00-12:00,1,1,已售/已满,教学时间,多云,24,23,3,0.0,64,39
2026-05-21 18:00:50,2026-05-22,4,羽毛球馆-20号,11:00-12:00,1,1,已售/已满,教学时间,多云,24,23,3,0.0,68,39
2026-05-21 18:30:50,2026-05-22,4,羽毛球馆-20号,11:00-12:00,1,1,已售/已满,教学时间,阴,24,25,2,0.0,68,40
2026-05-21 19:00:50,2026-05-22,4,羽毛球馆-20号,11:00-12:00,1,1,已售/已满,教学时间,阴,23,23,3,0.0,76,40
2026-05-21 19:30:46,2026-05-22,4,羽毛球馆-20号,11:00-12:00,1,1,已售/已满,教学时间,阴,23,24,2,0.0,77,39
2026-05-21 20:00:49,2026-05-22,4,羽毛球馆-20号,11:00-12:00,1,1,已售/已满,教学时间,雾,22,23,2,0.0,89,39
2026-05-21 20:30:44,2026-05-22,4,羽毛球馆-20号,11:00-12:00,1,1,已售/已满,教学时间,雾,22,24,2,0.0,93,43
2026-05-21 21:00:56,2026-05-22,4,羽毛球馆-20号,11:00-12:00,1,1,已售/已满,教学时间,雾,20,21,2,0.0,98,43
2026-05-21 21:30:46,2026-05-22,4,羽毛球馆-20号,11:00-12:00,1,1,已售/已满,教学时间,雾,20,22,1,0.0,99,41
2026-05-21 22:01:02,2026-05-22,4,羽毛球馆-20号,11:00-12:00,1,1,已售/已满,教学时间,雾,19,20,2,0.0,93,41
2026-05-21 22:30:47,2026-05-22,4,羽毛球馆-20号,11:00-12:00,1,1,已售/已满,教学时间,雾,19,19,3,0.0,88,46
2026-05-21 23:00:56,2026-05-22,4,羽毛球馆-20号,11:00-12:00,1,1,已售/已满,教学时间,多云,18,17,3,0.0,85,46
2026-05-21 23:30:55,2026-05-22,4,羽毛球馆-20号,11:00-12:00,1,1,已售/已满,教学时间,多云,18,17,3,0.0,85,48
2026-05-21 08:00:45,2026-05-22,4,羽毛球馆-20号,12:00-12:55,0,1,可预约,￥0.0,晴,17,12,5,0.0,86,29
2026-05-21 08:02:30,2026-05-22,4,羽毛球馆-20号,12:00-12:55,0,1,可预约,￥0.0,多云,17,12,5,0.0,87,29
2026-05-21 08:05:36,2026-05-22,4,羽毛球馆-20号,12:00-12:55,0,1,可预约,￥0.0,多云,17,12,5,0.0,86,29
2026-05-21 08:08:31,2026-05-22,4,羽毛球馆-20号,12:00-12:55,0,1,可预约,￥0.0,多云,17,12,5,0.0,86,29
2026-05-21 08:11:30,2026-05-22,4,羽毛球馆-20号,12:00-12:55,0,1,可预约,￥0.0,多云,17,12,5,0.0,86,29
2026-05-21 08:14:31,2026-05-22,4,羽毛球馆-20号,12:00-12:55,0,1,可预约,￥0.0,多云,17,12,5,0.0,86,29
2026-05-21 08:17:30,2026-05-22,4,羽毛球馆-20号,12:00-12:55,0,1,可预约,￥0.0,多云,17,12,5,0.0,86,29
2026-05-21 08:20:35,2026-05-22,4,羽毛球馆-20号,12:00-12:55,0,1,可预约,￥0.0,多云,17,14,4,0.0,85,29
2026-05-21 08:25:32,2026-05-22,4,羽毛球馆-20号,12:00-12:55,0,1,可预约,￥0.0,多云,17,14,4,0.0,85,28
2026-05-21 08:30:42,2026-05-22,4,羽毛球馆-20号,12:00-12:55,0,1,可预约,￥0.0,多云,18,15,4,0.0,84,28
2026-05-21 08:35:31,2026-05-22,4,羽毛球馆-20号,12:00-12:55,0,1,可预约,￥0.0,多云,18,15,4,0.0,84,28
2026-05-21 08:40:38,2026-05-22,4,羽毛球馆-20号,12:00-12:55,0,1,可预约,￥0.0,多云,18,15,4,0.0,82,28
2026-05-21 08:45:33,2026-05-22,4,羽毛球馆-20号,12:00-12:55,0,1,可预约,￥0.0,多云,18,15,4,0.0,82,28
2026-05-21 08:50:36,2026-05-22,4,羽毛球馆-20号,12:00-12:55,0,1,可预约,￥0.0,多云,18,15,4,0.0,82,28
2026-05-21 08:55:34,2026-05-22,4,羽毛球馆-20号,12:00-12:55,0,1,可预约,￥0.0,多云,18,15,4,0.0,84,28
2026-05-21 09:00:51,2026-05-22,4,羽毛球馆-20号,12:00-12:55,0,1,可预约,￥0.0,多云,18,15,4,0.0,84,28
2026-05-21 09:01:59,2026-05-22,4,羽毛球馆-20号,12:00-12:55,0,1,可预约,￥0.0,多云,18,15,4,0.0,83,28
2026-05-21 09:05:33,2026-05-22,4,羽毛球馆-20号,12:00-12:55,0,1,可预约,￥0.0,多云,18,15,4,0.0,83,28
2026-05-21 09:20:38,2026-05-22,4,羽毛球馆-20号,12:00-12:55,0,1,可预约,￥0.0,多云,18,16,3,0.0,81,28
2026-05-21 09:30:46,2026-05-22,4,羽毛球馆-20号,12:00-12:55,0,1,可预约,￥0.0,多云,18,16,3,0.0,81,32
2026-05-21 09:40:36,2026-05-22,4,羽毛球馆-20号,12:00-12:55,1,1,已售/已满,已售,多云,19,17,3,0.0,79,32
2026-05-21 09:50:42,2026-05-22,4,羽毛球馆-20号,12:00-12:55,1,1,已售/已满,已售,多云,19,17,4,0.0,81,32
2026-05-21 10:00:46,2026-05-22,4,羽毛球馆-20号,12:00-12:55,1,1,已售/已满,已售,多云,19,17,4,0.0,79,32
2026-05-21 10:10:40,2026-05-22,4,羽毛球馆-20号,12:00-12:55,1,1,已售/已满,已售,多云,19,17,4,0.0,79,32
2026-05-21 10:20:38,2026-05-22,4,羽毛球馆-20号,12:00-12:55,1,1,已售/已满,已售,多云,19,17,4,0.0,79,32
2026-05-21 10:30:41,2026-05-22,4,羽毛球馆-20号,12:00-12:55,1,1,已售/已满,已售,多云,19,18,3,0.0,78,31
2026-05-21 11:00:44,2026-05-22,4,羽毛球馆-20号,12:00-12:55,1,1,已售/已满,已售,多云,21,17,5,0.0,74,31
2026-05-21 11:30:38,2026-05-22,4,羽毛球馆-20号,12:00-12:55,1,1,已售/已满,已售,多云,21,19,3,0.0,72,33
2026-05-21 12:00:46,2026-05-22,4,羽毛球馆-20号,12:00-12:55,1,1,已售/已满,已售,多云,22,19,4,0.0,70,33
2026-05-21 12:30:42,2026-05-22,4,羽毛球馆-20号,12:00-12:55,1,1,已售/已满,已售,多云,22,21,3,0.0,68,35
2026-05-21 13:00:43,2026-05-22,4,羽毛球馆-20号,12:00-12:55,1,1,已售/已满,已售,多云,24,22,4,0.0,66,35
2026-05-21 13:30:43,2026-05-22,4,羽毛球馆-20号,12:00-12:55,1,1,已售/已满,已售,多云,24,22,4,0.0,66,36
2026-05-21 14:00:48,2026-05-22,4,羽毛球馆-20号,12:00-12:55,1,1,已售/已满,已售,多云,25,23,4,0.0,66,36
2026-05-21 14:30:45,2026-05-22,4,羽毛球馆-20号,12:00-12:55,1,1,已售/已满,已售,晴,25,25,3,0.0,65,39
2026-05-21 15:00:45,2026-05-22,4,羽毛球馆-20号,12:00-12:55,1,1,已售/已满,已售,晴,25,22,4,0.0,56,39
2026-05-21 15:30:43,2026-05-22,4,羽毛球馆-20号,12:00-12:55,1,1,已售/已满,已售,晴,25,23,4,0.0,57,40
2026-05-21 16:00:51,2026-05-22,4,羽毛球馆-20号,12:00-12:55,1,1,已售/已满,已售,晴,25,23,4,0.0,57,40
2026-05-21 16:30:48,2026-05-22,4,羽毛球馆-20号,12:00-12:55,1,1,已售/已满,已售,晴,25,24,3,0.0,60,39
2026-05-21 17:00:49,2026-05-22,4,羽毛球馆-20号,12:00-12:55,1,1,已售/已满,已售,晴,25,24,4,0.0,61,39
2026-05-21 17:30:47,2026-05-22,4,羽毛球馆-20号,12:00-12:55,1,1,已售/已满,已售,多云,24,23,3,0.0,64,39
2026-05-21 18:00:50,2026-05-22,4,羽毛球馆-20号,12:00-12:55,1,1,已售/已满,已售,多云,24,23,3,0.0,68,39
2026-05-21 18:30:50,2026-05-22,4,羽毛球馆-20号,12:00-12:55,1,1,已售/已满,已售,阴,24,25,2,0.0,68,40
2026-05-21 19:00:50,2026-05-22,4,羽毛球馆-20号,12:00-12:55,1,1,已售/已满,已售,阴,23,23,3,0.0,76,40
2026-05-21 19:30:46,2026-05-22,4,羽毛球馆-20号,12:00-12:55,1,1,已售/已满,已售,阴,23,24,2,0.0,77,39
2026-05-21 20:00:49,2026-05-22,4,羽毛球馆-20号,12:00-12:55,1,1,已售/已满,已售,雾,22,23,2,0.0,89,39
2026-05-21 20:30:44,2026-05-22,4,羽毛球馆-20号,12:00-12:55,1,1,已售/已满,已售,雾,22,24,2,0.0,93,43
2026-05-21 21:00:56,2026-05-22,4,羽毛球馆-20号,12:00-12:55,1,1,已售/已满,已售,雾,20,21,2,0.0,98,43
2026-05-21 21:30:46,2026-05-22,4,羽毛球馆-20号,12:00-12:55,1,1,已售/已满,已售,雾,20,22,1,0.0,99,41
2026-05-21 22:01:02,2026-05-22,4,羽毛球馆-20号,12:00-12:55,1,1,已售/已满,已售,雾,19,20,2,0.0,93,41
2026-05-21 22:30:47,2026-05-22,4,羽毛球馆-20号,12:00-12:55,1,1,已售/已满,已售,雾,19,19,3,0.0,88,46
2026-05-21 23:00:56,2026-05-22,4,羽毛球馆-20号,12:00-12:55,1,1,已售/已满,已售,多云,18,17,3,0.0,85,46
2026-05-21 23:30:55,2026-05-22,4,羽毛球馆-20号,12:00-12:55,1,1,已售/已满,已售,多云,18,17,3,0.0,85,48
2026-05-21 08:00:45,2026-05-22,4,羽毛球馆-20号,12:55-13:50,0,1,可预约,￥0.0,晴,17,12,5,0.0,86,29
2026-05-21 08:02:30,2026-05-22,4,羽毛球馆-20号,12:55-13:50,0,1,可预约,￥0.0,多云,17,12,5,0.0,87,29
2026-05-21 08:05:36,2026-05-22,4,羽毛球馆-20号,12:55-13:50,0,1,可预约,￥0.0,多云,17,12,5,0.0,86,29
2026-05-21 08:08:31,2026-05-22,4,羽毛球馆-20号,12:55-13:50,0,1,可预约,￥0.0,多云,17,12,5,0.0,86,29
2026-05-21 08:11:30,2026-05-22,4,羽毛球馆-20号,12:55-13:50,0,1,可预约,￥0.0,多云,17,12,5,0.0,86,29
2026-05-21 08:14:31,2026-05-22,4,羽毛球馆-20号,12:55-13:50,0,1,可预约,￥0.0,多云,17,12,5,0.0,86,29
2026-05-21 08:17:30,2026-05-22,4,羽毛球馆-20号,12:55-13:50,0,1,可预约,￥0.0,多云,17,12,5,0.0,86,29
2026-05-21 08:20:35,2026-05-22,4,羽毛球馆-20号,12:55-13:50,0,1,可预约,￥0.0,多云,17,14,4,0.0,85,29
2026-05-21 08:25:32,2026-05-22,4,羽毛球馆-20号,12:55-13:50,0,1,可预约,￥0.0,多云,17,14,4,0.0,85,28
2026-05-21 08:30:42,2026-05-22,4,羽毛球馆-20号,12:55-13:50,0,1,可预约,￥0.0,多云,18,15,4,0.0,84,28
2026-05-21 08:35:31,2026-05-22,4,羽毛球馆-20号,12:55-13:50,0,1,可预约,￥0.0,多云,18,15,4,0.0,84,28
2026-05-21 08:40:38,2026-05-22,4,羽毛球馆-20号,12:55-13:50,0,1,可预约,￥0.0,多云,18,15,4,0.0,82,28
2026-05-21 08:45:33,2026-05-22,4,羽毛球馆-20号,12:55-13:50,0,1,可预约,￥0.0,多云,18,15,4,0.0,82,28
2026-05-21 08:50:36,2026-05-22,4,羽毛球馆-20号,12:55-13:50,0,1,可预约,￥0.0,多云,18,15,4,0.0,82,28
2026-05-21 08:55:34,2026-05-22,4,羽毛球馆-20号,12:55-13:50,0,1,可预约,￥0.0,多云,18,15,4,0.0,84,28
2026-05-21 09:00:51,2026-05-22,4,羽毛球馆-20号,12:55-13:50,0,1,可预约,￥0.0,多云,18,15,4,0.0,84,28
2026-05-21 09:01:59,2026-05-22,4,羽毛球馆-20号,12:55-13:50,0,1,可预约,￥0.0,多云,18,15,4,0.0,83,28
2026-05-21 09:05:33,2026-05-22,4,羽毛球馆-20号,12:55-13:50,0,1,可预约,￥0.0,多云,18,15,4,0.0,83,28
2026-05-21 09:20:38,2026-05-22,4,羽毛球馆-20号,12:55-13:50,0,1,可预约,￥0.0,多云,18,16,3,0.0,81,28
2026-05-21 09:30:46,2026-05-22,4,羽毛球馆-20号,12:55-13:50,0,1,可预约,￥0.0,多云,18,16,3,0.0,81,32
2026-05-21 09:40:36,2026-05-22,4,羽毛球馆-20号,12:55-13:50,1,1,已售/已满,已售,多云,19,17,3,0.0,79,32
2026-05-21 09:50:42,2026-05-22,4,羽毛球馆-20号,12:55-13:50,1,1,已售/已满,已售,多云,19,17,4,0.0,81,32
2026-05-21 10:00:46,2026-05-22,4,羽毛球馆-20号,12:55-13:50,1,1,已售/已满,已售,多云,19,17,4,0.0,79,32
2026-05-21 10:10:40,2026-05-22,4,羽毛球馆-20号,12:55-13:50,1,1,已售/已满,已售,多云,19,17,4,0.0,79,32
2026-05-21 10:20:38,2026-05-22,4,羽毛球馆-20号,12:55-13:50,1,1,已售/已满,已售,多云,19,17,4,0.0,79,32
2026-05-21 10:30:41,2026-05-22,4,羽毛球馆-20号,12:55-13:50,1,1,已售/已满,已售,多云,19,18,3,0.0,78,31
2026-05-21 11:00:44,2026-05-22,4,羽毛球馆-20号,12:55-13:50,1,1,已售/已满,已售,多云,21,17,5,0.0,74,31
2026-05-21 11:30:38,2026-05-22,4,羽毛球馆-20号,12:55-13:50,1,1,已售/已满,已售,多云,21,19,3,0.0,72,33
2026-05-21 12:00:46,2026-05-22,4,羽毛球馆-20号,12:55-13:50,1,1,已售/已满,已售,多云,22,19,4,0.0,70,33
2026-05-21 12:30:42,2026-05-22,4,羽毛球馆-20号,12:55-13:50,1,1,已售/已满,已售,多云,22,21,3,0.0,68,35
2026-05-21 13:00:43,2026-05-22,4,羽毛球馆-20号,12:55-13:50,1,1,已售/已满,已售,多云,24,22,4,0.0,66,35
2026-05-21 13:30:43,2026-05-22,4,羽毛球馆-20号,12:55-13:50,1,1,已售/已满,已售,多云,24,22,4,0.0,66,36
2026-05-21 14:00:48,2026-05-22,4,羽毛球馆-20号,12:55-13:50,1,1,已售/已满,已售,多云,25,23,4,0.0,66,36
2026-05-21 14:30:45,2026-05-22,4,羽毛球馆-20号,12:55-13:50,1,1,已售/已满,已售,晴,25,25,3,0.0,65,39
2026-05-21 15:00:45,2026-05-22,4,羽毛球馆-20号,12:55-13:50,1,1,已售/已满,已售,晴,25,22,4,0.0,56,39
2026-05-21 15:30:43,2026-05-22,4,羽毛球馆-20号,12:55-13:50,1,1,已售/已满,已售,晴,25,23,4,0.0,57,40
2026-05-21 16:00:51,2026-05-22,4,羽毛球馆-20号,12:55-13:50,1,1,已售/已满,已售,晴,25,23,4,0.0,57,40
2026-05-21 16:30:48,2026-05-22,4,羽毛球馆-20号,12:55-13:50,1,1,已售/已满,已售,晴,25,24,3,0.0,60,39
2026-05-21 17:00:49,2026-05-22,4,羽毛球馆-20号,12:55-13:50,1,1,已售/已满,已售,晴,25,24,4,0.0,61,39
2026-05-21 17:30:47,2026-05-22,4,羽毛球馆-20号,12:55-13:50,1,1,已售/已满,已售,多云,24,23,3,0.0,64,39
2026-05-21 18:00:50,2026-05-22,4,羽毛球馆-20号,12:55-13:50,1,1,已售/已满,已售,多云,24,23,3,0.0,68,39
2026-05-21 18:30:50,2026-05-22,4,羽毛球馆-20号,12:55-13:50,1,1,已售/已满,已售,阴,24,25,2,0.0,68,40
2026-05-21 19:00:50,2026-05-22,4,羽毛球馆-20号,12:55-13:50,1,1,已售/已满,已售,阴,23,23,3,0.0,76,40
2026-05-21 19:30:46,2026-05-22,4,羽毛球馆-20号,12:55-13:50,1,1,已售/已满,已售,阴,23,24,2,0.0,77,39
2026-05-21 20:00:49,2026-05-22,4,羽毛球馆-20号,12:55-13:50,1,1,已售/已满,已售,雾,22,23,2,0.0,89,39
2026-05-21 20:30:44,2026-05-22,4,羽毛球馆-20号,12:55-13:50,1,1,已售/已满,已售,雾,22,24,2,0.0,93,43
2026-05-21 21:00:56,2026-05-22,4,羽毛球馆-20号,12:55-13:50,1,1,已售/已满,已售,雾,20,21,2,0.0,98,43
2026-05-21 21:30:46,2026-05-22,4,羽毛球馆-20号,12:55-13:50,1,1,已售/已满,已售,雾,20,22,1,0.0,99,41
2026-05-21 22:01:02,2026-05-22,4,羽毛球馆-20号,12:55-13:50,1,1,已售/已满,已售,雾,19,20,2,0.0,93,41
2026-05-21 22:30:47,2026-05-22,4,羽毛球馆-20号,12:55-13:50,1,1,已售/已满,已售,雾,19,19,3,0.0,88,46
2026-05-21 23:00:56,2026-05-22,4,羽毛球馆-20号,12:55-13:50,1,1,已售/已满,已售,多云,18,17,3,0.0,85,46
2026-05-21 23:30:55,2026-05-22,4,羽毛球馆-20号,12:55-13:50,1,1,已售/已满,已售,多云,18,17,3,0.0,85,48
2026-05-21 08:00:45,2026-05-22,4,羽毛球馆-20号,14:00-15:00,1,1,已售/已满,教学时间,晴,17,12,5,0.0,86,29
2026-05-21 08:02:30,2026-05-22,4,羽毛球馆-20号,14:00-15:00,1,1,已售/已满,教学时间,多云,17,12,5,0.0,87,29
2026-05-21 08:05:36,2026-05-22,4,羽毛球馆-20号,14:00-15:00,1,1,已售/已满,教学时间,多云,17,12,5,0.0,86,29
2026-05-21 08:08:31,2026-05-22,4,羽毛球馆-20号,14:00-15:00,1,1,已售/已满,教学时间,多云,17,12,5,0.0,86,29
2026-05-21 08:11:30,2026-05-22,4,羽毛球馆-20号,14:00-15:00,1,1,已售/已满,教学时间,多云,17,12,5,0.0,86,29
2026-05-21 08:14:31,2026-05-22,4,羽毛球馆-20号,14:00-15:00,1,1,已售/已满,教学时间,多云,17,12,5,0.0,86,29
2026-05-21 08:17:30,2026-05-22,4,羽毛球馆-20号,14:00-15:00,1,1,已售/已满,教学时间,多云,17,12,5,0.0,86,29
2026-05-21 08:20:35,2026-05-22,4,羽毛球馆-20号,14:00-15:00,1,1,已售/已满,教学时间,多云,17,14,4,0.0,85,29
2026-05-21 08:25:32,2026-05-22,4,羽毛球馆-20号,14:00-15:00,1,1,已售/已满,教学时间,多云,17,14,4,0.0,85,28
2026-05-21 08:30:42,2026-05-22,4,羽毛球馆-20号,14:00-15:00,1,1,已售/已满,教学时间,多云,18,15,4,0.0,84,28
2026-05-21 08:35:31,2026-05-22,4,羽毛球馆-20号,14:00-15:00,1,1,已售/已满,教学时间,多云,18,15,4,0.0,84,28
2026-05-21 08:40:38,2026-05-22,4,羽毛球馆-20号,14:00-15:00,1,1,已售/已满,教学时间,多云,18,15,4,0.0,82,28
2026-05-21 08:45:33,2026-05-22,4,羽毛球馆-20号,14:00-15:00,1,1,已售/已满,教学时间,多云,18,15,4,0.0,82,28
2026-05-21 08:50:36,2026-05-22,4,羽毛球馆-20号,14:00-15:00,1,1,已售/已满,教学时间,多云,18,15,4,0.0,82,28
2026-05-21 08:55:34,2026-05-22,4,羽毛球馆-20号,14:00-15:00,1,1,已售/已满,教学时间,多云,18,15,4,0.0,84,28
2026-05-21 09:00:51,2026-05-22,4,羽毛球馆-20号,14:00-15:00,1,1,已售/已满,教学时间,多云,18,15,4,0.0,84,28
2026-05-21 09:01:59,2026-05-22,4,羽毛球馆-20号,14:00-15:00,1,1,已售/已满,教学时间,多云,18,15,4,0.0,83,28
2026-05-21 09:05:33,2026-05-22,4,羽毛球馆-20号,14:00-15:00,1,1,已售/已满,教学时间,多云,18,15,4,0.0,83,28
2026-05-21 09:20:38,2026-05-22,4,羽毛球馆-20号,14:00-15:00,1,1,已售/已满,教学时间,多云,18,16,3,0.0,81,28
2026-05-21 09:30:46,2026-05-22,4,羽毛球馆-20号,14:00-15:00,1,1,已售/已满,教学时间,多云,18,16,3,0.0,81,32
2026-05-21 09:40:36,2026-05-22,4,羽毛球馆-20号,14:00-15:00,1,1,已售/已满,教学时间,多云,19,17,3,0.0,79,32
2026-05-21 09:50:42,2026-05-22,4,羽毛球馆-20号,14:00-15:00,1,1,已售/已满,教学时间,多云,19,17,4,0.0,81,32
2026-05-21 10:00:46,2026-05-22,4,羽毛球馆-20号,14:00-15:00,1,1,已售/已满,教学时间,多云,19,17,4,0.0,79,32
2026-05-21 10:10:40,2026-05-22,4,羽毛球馆-20号,14:00-15:00,1,1,已售/已满,教学时间,多云,19,17,4,0.0,79,32
2026-05-21 10:20:38,2026-05-22,4,羽毛球馆-20号,14:00-15:00,1,1,已售/已满,教学时间,多云,19,17,4,0.0,79,32
2026-05-21 10:30:41,2026-05-22,4,羽毛球馆-20号,14:00-15:00,1,1,已售/已满,教学时间,多云,19,18,3,0.0,78,31
2026-05-21 11:00:44,2026-05-22,4,羽毛球馆-20号,14:00-15:00,1,1,已售/已满,教学时间,多云,21,17,5,0.0,74,31
2026-05-21 11:30:38,2026-05-22,4,羽毛球馆-20号,14:00-15:00,1,1,已售/已满,教学时间,多云,21,19,3,0.0,72,33
2026-05-21 12:00:46,2026-05-22,4,羽毛球馆-20号,14:00-15:00,1,1,已售/已满,教学时间,多云,22,19,4,0.0,70,33
2026-05-21 12:30:42,2026-05-22,4,羽毛球馆-20号,14:00-15:00,1,1,已售/已满,教学时间,多云,22,21,3,0.0,68,35
2026-05-21 13:00:43,2026-05-22,4,羽毛球馆-20号,14:00-15:00,1,1,已售/已满,教学时间,多云,24,22,4,0.0,66,35
2026-05-21 13:30:43,2026-05-22,4,羽毛球馆-20号,14:00-15:00,1,1,已售/已满,教学时间,多云,24,22,4,0.0,66,36
2026-05-21 14:00:48,2026-05-22,4,羽毛球馆-20号,14:00-15:00,1,1,已售/已满,教学时间,多云,25,23,4,0.0,66,36
2026-05-21 14:30:45,2026-05-22,4,羽毛球馆-20号,14:00-15:00,1,1,已售/已满,教学时间,晴,25,25,3,0.0,65,39
2026-05-21 15:00:45,2026-05-22,4,羽毛球馆-20号,14:00-15:00,1,1,已售/已满,教学时间,晴,25,22,4,0.0,56,39
2026-05-21 15:30:43,2026-05-22,4,羽毛球馆-20号,14:00-15:00,1,1,已售/已满,教学时间,晴,25,23,4,0.0,57,40
2026-05-21 16:00:51,2026-05-22,4,羽毛球馆-20号,14:00-15:00,1,1,已售/已满,教学时间,晴,25,23,4,0.0,57,40
2026-05-21 16:30:48,2026-05-22,4,羽毛球馆-20号,14:00-15:00,1,1,已售/已满,教学时间,晴,25,24,3,0.0,60,39
2026-05-21 17:00:49,2026-05-22,4,羽毛球馆-20号,14:00-15:00,1,1,已售/已满,教学时间,晴,25,24,4,0.0,61,39
2026-05-21 17:30:47,2026-05-22,4,羽毛球馆-20号,14:00-15:00,1,1,已售/已满,教学时间,多云,24,23,3,0.0,64,39
2026-05-21 18:00:50,2026-05-22,4,羽毛球馆-20号,14:00-15:00,1,1,已售/已满,教学时间,多云,24,23,3,0.0,68,39
2026-05-21 18:30:50,2026-05-22,4,羽毛球馆-20号,14:00-15:00,1,1,已售/已满,教学时间,阴,24,25,2,0.0,68,40
2026-05-21 19:00:50,2026-05-22,4,羽毛球馆-20号,14:00-15:00,1,1,已售/已满,教学时间,阴,23,23,3,0.0,76,40
2026-05-21 19:30:46,2026-05-22,4,羽毛球馆-20号,14:00-15:00,1,1,已售/已满,教学时间,阴,23,24,2,0.0,77,39
2026-05-21 20:00:49,2026-05-22,4,羽毛球馆-20号,14:00-15:00,1,1,已售/已满,教学时间,雾,22,23,2,0.0,89,39
2026-05-21 20:30:44,2026-05-22,4,羽毛球馆-20号,14:00-15:00,1,1,已售/已满,教学时间,雾,22,24,2,0.0,93,43
2026-05-21 21:00:56,2026-05-22,4,羽毛球馆-20号,14:00-15:00,1,1,已售/已满,教学时间,雾,20,21,2,0.0,98,43
2026-05-21 21:30:46,2026-05-22,4,羽毛球馆-20号,14:00-15:00,1,1,已售/已满,教学时间,雾,20,22,1,0.0,99,41
2026-05-21 22:01:02,2026-05-22,4,羽毛球馆-20号,14:00-15:00,1,1,已售/已满,教学时间,雾,19,20,2,0.0,93,41
2026-05-21 22:30:47,2026-05-22,4,羽毛球馆-20号,14:00-15:00,1,1,已售/已满,教学时间,雾,19,19,3,0.0,88,46
2026-05-21 23:00:56,2026-05-22,4,羽毛球馆-20号,14:00-15:00,1,1,已售/已满,教学时间,多云,18,17,3,0.0,85,46
2026-05-21 23:30:55,2026-05-22,4,羽毛球馆-20号,14:00-15:00,1,1,已售/已满,教学时间,多云,18,17,3,0.0,85,48
2026-05-21 08:00:45,2026-05-22,4,羽毛球馆-20号,15:00-16:00,1,1,已售/已满,教学时间,晴,17,12,5,0.0,86,29
2026-05-21 08:02:30,2026-05-22,4,羽毛球馆-20号,15:00-16:00,1,1,已售/已满,教学时间,多云,17,12,5,0.0,87,29
2026-05-21 08:05:36,2026-05-22,4,羽毛球馆-20号,15:00-16:00,1,1,已售/已满,教学时间,多云,17,12,5,0.0,86,29
2026-05-21 08:08:31,2026-05-22,4,羽毛球馆-20号,15:00-16:00,1,1,已售/已满,教学时间,多云,17,12,5,0.0,86,29
2026-05-21 08:11:30,2026-05-22,4,羽毛球馆-20号,15:00-16:00,1,1,已售/已满,教学时间,多云,17,12,5,0.0,86,29
2026-05-21 08:14:31,2026-05-22,4,羽毛球馆-20号,15:00-16:00,1,1,已售/已满,教学时间,多云,17,12,5,0.0,86,29
2026-05-21 08:17:30,2026-05-22,4,羽毛球馆-20号,15:00-16:00,1,1,已售/已满,教学时间,多云,17,12,5,0.0,86,29
2026-05-21 08:20:35,2026-05-22,4,羽毛球馆-20号,15:00-16:00,1,1,已售/已满,教学时间,多云,17,14,4,0.0,85,29
2026-05-21 08:25:32,2026-05-22,4,羽毛球馆-20号,15:00-16:00,1,1,已售/已满,教学时间,多云,17,14,4,0.0,85,28
2026-05-21 08:30:42,2026-05-22,4,羽毛球馆-20号,15:00-16:00,1,1,已售/已满,教学时间,多云,18,15,4,0.0,84,28
2026-05-21 08:35:31,2026-05-22,4,羽毛球馆-20号,15:00-16:00,1,1,已售/已满,教学时间,多云,18,15,4,0.0,84,28
2026-05-21 08:40:38,2026-05-22,4,羽毛球馆-20号,15:00-16:00,1,1,已售/已满,教学时间,多云,18,15,4,0.0,82,28
2026-05-21 08:45:33,2026-05-22,4,羽毛球馆-20号,15:00-16:00,1,1,已售/已满,教学时间,多云,18,15,4,0.0,82,28
2026-05-21 08:50:36,2026-05-22,4,羽毛球馆-20号,15:00-16:00,1,1,已售/已满,教学时间,多云,18,15,4,0.0,82,28
2026-05-21 08:55:34,2026-05-22,4,羽毛球馆-20号,15:00-16:00,1,1,已售/已满,教学时间,多云,18,15,4,0.0,84,28
2026-05-21 09:00:51,2026-05-22,4,羽毛球馆-20号,15:00-16:00,1,1,已售/已满,教学时间,多云,18,15,4,0.0,84,28
2026-05-21 09:01:59,2026-05-22,4,羽毛球馆-20号,15:00-16:00,1,1,已售/已满,教学时间,多云,18,15,4,0.0,83,28
2026-05-21 09:05:33,2026-05-22,4,羽毛球馆-20号,15:00-16:00,1,1,已售/已满,教学时间,多云,18,15,4,0.0,83,28
2026-05-21 09:20:38,2026-05-22,4,羽毛球馆-20号,15:00-16:00,1,1,已售/已满,教学时间,多云,18,16,3,0.0,81,28
2026-05-21 09:30:46,2026-05-22,4,羽毛球馆-20号,15:00-16:00,1,1,已售/已满,教学时间,多云,18,16,3,0.0,81,32
2026-05-21 09:40:36,2026-05-22,4,羽毛球馆-20号,15:00-16:00,1,1,已售/已满,教学时间,多云,19,17,3,0.0,79,32
2026-05-21 09:50:42,2026-05-22,4,羽毛球馆-20号,15:00-16:00,1,1,已售/已满,教学时间,多云,19,17,4,0.0,81,32
2026-05-21 10:00:46,2026-05-22,4,羽毛球馆-20号,15:00-16:00,1,1,已售/已满,教学时间,多云,19,17,4,0.0,79,32
2026-05-21 10:10:40,2026-05-22,4,羽毛球馆-20号,15:00-16:00,1,1,已售/已满,教学时间,多云,19,17,4,0.0,79,32
2026-05-21 10:20:38,2026-05-22,4,羽毛球馆-20号,15:00-16:00,1,1,已售/已满,教学时间,多云,19,17,4,0.0,79,32
2026-05-21 10:30:41,2026-05-22,4,羽毛球馆-20号,15:00-16:00,1,1,已售/已满,教学时间,多云,19,18,3,0.0,78,31
2026-05-21 11:00:44,2026-05-22,4,羽毛球馆-20号,15:00-16:00,1,1,已售/已满,教学时间,多云,21,17,5,0.0,74,31
2026-05-21 11:30:38,2026-05-22,4,羽毛球馆-20号,15:00-16:00,1,1,已售/已满,教学时间,多云,21,19,3,0.0,72,33
2026-05-21 12:00:46,2026-05-22,4,羽毛球馆-20号,15:00-16:00,1,1,已售/已满,教学时间,多云,22,19,4,0.0,70,33
2026-05-21 12:30:42,2026-05-22,4,羽毛球馆-20号,15:00-16:00,1,1,已售/已满,教学时间,多云,22,21,3,0.0,68,35
2026-05-21 13:00:43,2026-05-22,4,羽毛球馆-20号,15:00-16:00,1,1,已售/已满,教学时间,多云,24,22,4,0.0,66,35
2026-05-21 13:30:43,2026-05-22,4,羽毛球馆-20号,15:00-16:00,1,1,已售/已满,教学时间,多云,24,22,4,0.0,66,36
2026-05-21 14:00:48,2026-05-22,4,羽毛球馆-20号,15:00-16:00,1,1,已售/已满,教学时间,多云,25,23,4,0.0,66,36
2026-05-21 14:30:45,2026-05-22,4,羽毛球馆-20号,15:00-16:00,1,1,已售/已满,教学时间,晴,25,25,3,0.0,65,39
2026-05-21 15:00:45,2026-05-22,4,羽毛球馆-20号,15:00-16:00,1,1,已售/已满,教学时间,晴,25,22,4,0.0,56,39
2026-05-21 15:30:43,2026-05-22,4,羽毛球馆-20号,15:00-16:00,1,1,已售/已满,教学时间,晴,25,23,4,0.0,57,40
2026-05-21 16:00:51,2026-05-22,4,羽毛球馆-20号,15:00-16:00,1,1,已售/已满,教学时间,晴,25,23,4,0.0,57,40
2026-05-21 16:30:48,2026-05-22,4,羽毛球馆-20号,15:00-16:00,1,1,已售/已满,教学时间,晴,25,24,3,0.0,60,39
2026-05-21 17:00:49,2026-05-22,4,羽毛球馆-20号,15:00-16:00,1,1,已售/已满,教学时间,晴,25,24,4,0.0,61,39
2026-05-21 17:30:47,2026-05-22,4,羽毛球馆-20号,15:00-16:00,1,1,已售/已满,教学时间,多云,24,23,3,0.0,64,39
2026-05-21 18:00:50,2026-05-22,4,羽毛球馆-20号,15:00-16:00,1,1,已售/已满,教学时间,多云,24,23,3,0.0,68,39
2026-05-21 18:30:50,2026-05-22,4,羽毛球馆-20号,15:00-16:00,1,1,已售/已满,教学时间,阴,24,25,2,0.0,68,40
2026-05-21 19:00:50,2026-05-22,4,羽毛球馆-20号,15:00-16:00,1,1,已售/已满,教学时间,阴,23,23,3,0.0,76,40
2026-05-21 19:30:46,2026-05-22,4,羽毛球馆-20号,15:00-16:00,1,1,已售/已满,教学时间,阴,23,24,2,0.0,77,39
2026-05-21 20:00:49,2026-05-22,4,羽毛球馆-20号,15:00-16:00,1,1,已售/已满,教学时间,雾,22,23,2,0.0,89,39
2026-05-21 20:30:44,2026-05-22,4,羽毛球馆-20号,15:00-16:00,1,1,已售/已满,教学时间,雾,22,24,2,0.0,93,43
2026-05-21 21:00:56,2026-05-22,4,羽毛球馆-20号,15:00-16:00,1,1,已售/已满,教学时间,雾,20,21,2,0.0,98,43
2026-05-21 21:30:46,2026-05-22,4,羽毛球馆-20号,15:00-16:00,1,1,已售/已满,教学时间,雾,20,22,1,0.0,99,41
2026-05-21 22:01:02,2026-05-22,4,羽毛球馆-20号,15:00-16:00,1,1,已售/已满,教学时间,雾,19,20,2,0.0,93,41
2026-05-21 22:30:47,2026-05-22,4,羽毛球馆-20号,15:00-16:00,1,1,已售/已满,教学时间,雾,19,19,3,0.0,88,46
2026-05-21 23:00:56,2026-05-22,4,羽毛球馆-20号,15:00-16:00,1,1,已售/已满,教学时间,多云,18,17,3,0.0,85,46
2026-05-21 23:30:55,2026-05-22,4,羽毛球馆-20号,15:00-16:00,1,1,已售/已满,教学时间,多云,18,17,3,0.0,85,48
2026-05-21 08:00:45,2026-05-22,4,羽毛球馆-20号,16:00-17:00,0,1,可预约,￥12.0,晴,17,12,5,0.0,86,29
2026-05-21 08:02:30,2026-05-22,4,羽毛球馆-20号,16:00-17:00,0,1,可预约,￥12.0,多云,17,12,5,0.0,87,29
2026-05-21 08:05:36,2026-05-22,4,羽毛球馆-20号,16:00-17:00,0,1,可预约,￥12.0,多云,17,12,5,0.0,86,29
2026-05-21 08:08:31,2026-05-22,4,羽毛球馆-20号,16:00-17:00,0,1,可预约,￥12.0,多云,17,12,5,0.0,86,29
2026-05-21 08:11:30,2026-05-22,4,羽毛球馆-20号,16:00-17:00,0,1,可预约,￥12.0,多云,17,12,5,0.0,86,29
2026-05-21 08:14:31,2026-05-22,4,羽毛球馆-20号,16:00-17:00,0,1,可预约,￥12.0,多云,17,12,5,0.0,86,29
2026-05-21 08:17:30,2026-05-22,4,羽毛球馆-20号,16:00-17:00,0,1,可预约,￥12.0,多云,17,12,5,0.0,86,29
2026-05-21 08:20:35,2026-05-22,4,羽毛球馆-20号,16:00-17:00,0,1,可预约,￥12.0,多云,17,14,4,0.0,85,29
2026-05-21 08:25:32,2026-05-22,4,羽毛球馆-20号,16:00-17:00,0,1,可预约,￥12.0,多云,17,14,4,0.0,85,28
2026-05-21 08:30:42,2026-05-22,4,羽毛球馆-20号,16:00-17:00,0,1,可预约,￥12.0,多云,18,15,4,0.0,84,28
2026-05-21 08:35:31,2026-05-22,4,羽毛球馆-20号,16:00-17:00,0,1,可预约,￥12.0,多云,18,15,4,0.0,84,28
2026-05-21 08:40:38,2026-05-22,4,羽毛球馆-20号,16:00-17:00,0,1,可预约,￥12.0,多云,18,15,4,0.0,82,28
2026-05-21 08:45:33,2026-05-22,4,羽毛球馆-20号,16:00-17:00,0,1,可预约,￥12.0,多云,18,15,4,0.0,82,28
2026-05-21 08:50:36,2026-05-22,4,羽毛球馆-20号,16:00-17:00,0,1,可预约,￥12.0,多云,18,15,4,0.0,82,28
2026-05-21 08:55:34,2026-05-22,4,羽毛球馆-20号,16:00-17:00,0,1,可预约,￥12.0,多云,18,15,4,0.0,84,28
2026-05-21 09:00:51,2026-05-22,4,羽毛球馆-20号,16:00-17:00,0,1,可预约,￥12.0,多云,18,15,4,0.0,84,28
2026-05-21 09:01:59,2026-05-22,4,羽毛球馆-20号,16:00-17:00,0,1,可预约,￥12.0,多云,18,15,4,0.0,83,28
2026-05-21 09:05:33,2026-05-22,4,羽毛球馆-20号,16:00-17:00,0,1,可预约,￥12.0,多云,18,15,4,0.0,83,28
2026-05-21 09:20:38,2026-05-22,4,羽毛球馆-20号,16:00-17:00,0,1,可预约,￥12.0,多云,18,16,3,0.0,81,28
2026-05-21 09:30:46,2026-05-22,4,羽毛球馆-20号,16:00-17:00,0,1,可预约,￥12.0,多云,18,16,3,0.0,81,32
2026-05-21 09:40:36,2026-05-22,4,羽毛球馆-20号,16:00-17:00,0,1,可预约,￥12.0,多云,19,17,3,0.0,79,32
2026-05-21 09:50:42,2026-05-22,4,羽毛球馆-20号,16:00-17:00,0,1,可预约,￥12.0,多云,19,17,4,0.0,81,32
2026-05-21 10:00:46,2026-05-22,4,羽毛球馆-20号,16:00-17:00,0,1,可预约,￥12.0,多云,19,17,4,0.0,79,32
2026-05-21 10:10:40,2026-05-22,4,羽毛球馆-20号,16:00-17:00,0,1,可预约,￥12.0,多云,19,17,4,0.0,79,32
2026-05-21 10:20:38,2026-05-22,4,羽毛球馆-20号,16:00-17:00,0,1,可预约,￥12.0,多云,19,17,4,0.0,79,32
2026-05-21 10:30:41,2026-05-22,4,羽毛球馆-20号,16:00-17:00,0,1,可预约,￥12.0,多云,19,18,3,0.0,78,31
2026-05-21 11:00:44,2026-05-22,4,羽毛球馆-20号,16:00-17:00,0,1,可预约,￥12.0,多云,21,17,5,0.0,74,31
2026-05-21 11:30:38,2026-05-22,4,羽毛球馆-20号,16:00-17:00,0,1,可预约,￥12.0,多云,21,19,3,0.0,72,33
2026-05-21 12:00:46,2026-05-22,4,羽毛球馆-20号,16:00-17:00,0,1,可预约,￥12.0,多云,22,19,4,0.0,70,33
2026-05-21 12:30:42,2026-05-22,4,羽毛球馆-20号,16:00-17:00,0,1,可预约,￥12.0,多云,22,21,3,0.0,68,35
2026-05-21 13:00:43,2026-05-22,4,羽毛球馆-20号,16:00-17:00,0,1,可预约,￥12.0,多云,24,22,4,0.0,66,35
2026-05-21 13:30:43,2026-05-22,4,羽毛球馆-20号,16:00-17:00,0,1,可预约,￥12.0,多云,24,22,4,0.0,66,36
2026-05-21 14:00:48,2026-05-22,4,羽毛球馆-20号,16:00-17:00,0,1,可预约,￥12.0,多云,25,23,4,0.0,66,36
2026-05-21 14:30:45,2026-05-22,4,羽毛球馆-20号,16:00-17:00,0,1,可预约,￥12.0,晴,25,25,3,0.0,65,39
2026-05-21 15:00:45,2026-05-22,4,羽毛球馆-20号,16:00-17:00,0,1,可预约,￥12.0,晴,25,22,4,0.0,56,39
2026-05-21 15:30:43,2026-05-22,4,羽毛球馆-20号,16:00-17:00,0,1,可预约,￥12.0,晴,25,23,4,0.0,57,40
2026-05-21 16:00:51,2026-05-22,4,羽毛球馆-20号,16:00-17:00,0,1,可预约,￥12.0,晴,25,23,4,0.0,57,40
2026-05-21 16:30:48,2026-05-22,4,羽毛球馆-20号,16:00-17:00,0,1,可预约,￥12.0,晴,25,24,3,0.0,60,39
2026-05-21 17:00:49,2026-05-22,4,羽毛球馆-20号,16:00-17:00,0,1,可预约,￥12.0,晴,25,24,4,0.0,61,39
2026-05-21 17:30:47,2026-05-22,4,羽毛球馆-20号,16:00-17:00,0,1,可预约,￥12.0,多云,24,23,3,0.0,64,39
2026-05-21 18:00:50,2026-05-22,4,羽毛球馆-20号,16:00-17:00,0,1,可预约,￥12.0,多云,24,23,3,0.0,68,39
2026-05-21 18:30:50,2026-05-22,4,羽毛球馆-20号,16:00-17:00,0,1,可预约,￥12.0,阴,24,25,2,0.0,68,40
2026-05-21 19:00:50,2026-05-22,4,羽毛球馆-20号,16:00-17:00,0,1,可预约,￥12.0,阴,23,23,3,0.0,76,40
2026-05-21 19:30:46,2026-05-22,4,羽毛球馆-20号,16:00-17:00,0,1,可预约,￥12.0,阴,23,24,2,0.0,77,39
2026-05-21 20:00:49,2026-05-22,4,羽毛球馆-20号,16:00-17:00,1,1,已售/已满,已售,雾,22,23,2,0.0,89,39
2026-05-21 20:30:44,2026-05-22,4,羽毛球馆-20号,16:00-17:00,1,1,已售/已满,已售,雾,22,24,2,0.0,93,43
2026-05-21 21:00:56,2026-05-22,4,羽毛球馆-20号,16:00-17:00,1,1,已售/已满,已售,雾,20,21,2,0.0,98,43
2026-05-21 21:30:46,2026-05-22,4,羽毛球馆-20号,16:00-17:00,1,1,已售/已满,已售,雾,20,22,1,0.0,99,41
2026-05-21 22:01:02,2026-05-22,4,羽毛球馆-20号,16:00-17:00,1,1,已售/已满,已售,雾,19,20,2,0.0,93,41
2026-05-21 22:30:47,2026-05-22,4,羽毛球馆-20号,16:00-17:00,1,1,已售/已满,已售,雾,19,19,3,0.0,88,46
2026-05-21 23:00:56,2026-05-22,4,羽毛球馆-20号,16:00-17:00,1,1,已售/已满,已售,多云,18,17,3,0.0,85,46
2026-05-21 23:30:55,2026-05-22,4,羽毛球馆-20号,16:00-17:00,1,1,已售/已满,已售,多云,18,17,3,0.0,85,48
2026-05-21 08:00:45,2026-05-22,4,羽毛球馆-20号,17:00-18:00,0,1,可预约,￥12.0,晴,17,12,5,0.0,86,29
2026-05-21 08:02:30,2026-05-22,4,羽毛球馆-20号,17:00-18:00,0,1,可预约,￥12.0,多云,17,12,5,0.0,87,29
2026-05-21 08:05:36,2026-05-22,4,羽毛球馆-20号,17:00-18:00,0,1,可预约,￥12.0,多云,17,12,5,0.0,86,29
2026-05-21 08:08:31,2026-05-22,4,羽毛球馆-20号,17:00-18:00,0,1,可预约,￥12.0,多云,17,12,5,0.0,86,29
2026-05-21 08:11:30,2026-05-22,4,羽毛球馆-20号,17:00-18:00,0,1,可预约,￥12.0,多云,17,12,5,0.0,86,29
2026-05-21 08:14:31,2026-05-22,4,羽毛球馆-20号,17:00-18:00,0,1,可预约,￥12.0,多云,17,12,5,0.0,86,29
2026-05-21 08:17:30,2026-05-22,4,羽毛球馆-20号,17:00-18:00,0,1,可预约,￥12.0,多云,17,12,5,0.0,86,29
2026-05-21 08:20:35,2026-05-22,4,羽毛球馆-20号,17:00-18:00,0,1,可预约,￥12.0,多云,17,14,4,0.0,85,29
2026-05-21 08:25:32,2026-05-22,4,羽毛球馆-20号,17:00-18:00,0,1,可预约,￥12.0,多云,17,14,4,0.0,85,28
2026-05-21 08:30:42,2026-05-22,4,羽毛球馆-20号,17:00-18:00,0,1,可预约,￥12.0,多云,18,15,4,0.0,84,28
2026-05-21 08:35:31,2026-05-22,4,羽毛球馆-20号,17:00-18:00,0,1,可预约,￥12.0,多云,18,15,4,0.0,84,28
2026-05-21 08:40:38,2026-05-22,4,羽毛球馆-20号,17:00-18:00,0,1,可预约,￥12.0,多云,18,15,4,0.0,82,28
2026-05-21 08:45:33,2026-05-22,4,羽毛球馆-20号,17:00-18:00,0,1,可预约,￥12.0,多云,18,15,4,0.0,82,28
2026-05-21 08:50:36,2026-05-22,4,羽毛球馆-20号,17:00-18:00,0,1,可预约,￥12.0,多云,18,15,4,0.0,82,28
2026-05-21 08:55:34,2026-05-22,4,羽毛球馆-20号,17:00-18:00,0,1,可预约,￥12.0,多云,18,15,4,0.0,84,28
2026-05-21 09:00:51,2026-05-22,4,羽毛球馆-20号,17:00-18:00,0,1,可预约,￥12.0,多云,18,15,4,0.0,84,28
2026-05-21 09:01:59,2026-05-22,4,羽毛球馆-20号,17:00-18:00,0,1,可预约,￥12.0,多云,18,15,4,0.0,83,28
2026-05-21 09:05:33,2026-05-22,4,羽毛球馆-20号,17:00-18:00,0,1,可预约,￥12.0,多云,18,15,4,0.0,83,28
2026-05-21 09:20:38,2026-05-22,4,羽毛球馆-20号,17:00-18:00,0,1,可预约,￥12.0,多云,18,16,3,0.0,81,28
2026-05-21 09:30:46,2026-05-22,4,羽毛球馆-20号,17:00-18:00,1,1,已售/已满,已售,多云,18,16,3,0.0,81,32
2026-05-21 09:40:36,2026-05-22,4,羽毛球馆-20号,17:00-18:00,1,1,已售/已满,已售,多云,19,17,3,0.0,79,32
2026-05-21 09:50:42,2026-05-22,4,羽毛球馆-20号,17:00-18:00,1,1,已售/已满,已售,多云,19,17,4,0.0,81,32
2026-05-21 10:00:46,2026-05-22,4,羽毛球馆-20号,17:00-18:00,1,1,已售/已满,已售,多云,19,17,4,0.0,79,32
2026-05-21 10:10:40,2026-05-22,4,羽毛球馆-20号,17:00-18:00,1,1,已售/已满,已售,多云,19,17,4,0.0,79,32
2026-05-21 10:20:38,2026-05-22,4,羽毛球馆-20号,17:00-18:00,1,1,已售/已满,已售,多云,19,17,4,0.0,79,32
2026-05-21 10:30:41,2026-05-22,4,羽毛球馆-20号,17:00-18:00,1,1,已售/已满,已售,多云,19,18,3,0.0,78,31
2026-05-21 11:00:44,2026-05-22,4,羽毛球馆-20号,17:00-18:00,1,1,已售/已满,已售,多云,21,17,5,0.0,74,31
2026-05-21 11:30:38,2026-05-22,4,羽毛球馆-20号,17:00-18:00,1,1,已售/已满,已售,多云,21,19,3,0.0,72,33
2026-05-21 12:00:46,2026-05-22,4,羽毛球馆-20号,17:00-18:00,1,1,已售/已满,已售,多云,22,19,4,0.0,70,33
2026-05-21 12:30:42,2026-05-22,4,羽毛球馆-20号,17:00-18:00,1,1,已售/已满,已售,多云,22,21,3,0.0,68,35
2026-05-21 13:00:43,2026-05-22,4,羽毛球馆-20号,17:00-18:00,1,1,已售/已满,已售,多云,24,22,4,0.0,66,35
2026-05-21 13:30:43,2026-05-22,4,羽毛球馆-20号,17:00-18:00,1,1,已售/已满,已售,多云,24,22,4,0.0,66,36
2026-05-21 14:00:48,2026-05-22,4,羽毛球馆-20号,17:00-18:00,1,1,已售/已满,已售,多云,25,23,4,0.0,66,36
2026-05-21 14:30:45,2026-05-22,4,羽毛球馆-20号,17:00-18:00,1,1,已售/已满,已售,晴,25,25,3,0.0,65,39
2026-05-21 15:00:45,2026-05-22,4,羽毛球馆-20号,17:00-18:00,1,1,已售/已满,已售,晴,25,22,4,0.0,56,39
2026-05-21 15:30:43,2026-05-22,4,羽毛球馆-20号,17:00-18:00,1,1,已售/已满,已售,晴,25,23,4,0.0,57,40
2026-05-21 16:00:51,2026-05-22,4,羽毛球馆-20号,17:00-18:00,1,1,已售/已满,已售,晴,25,23,4,0.0,57,40
2026-05-21 16:30:48,2026-05-22,4,羽毛球馆-20号,17:00-18:00,1,1,已售/已满,已售,晴,25,24,3,0.0,60,39
2026-05-21 17:00:49,2026-05-22,4,羽毛球馆-20号,17:00-18:00,1,1,已售/已满,已售,晴,25,24,4,0.0,61,39
2026-05-21 17:30:47,2026-05-22,4,羽毛球馆-20号,17:00-18:00,1,1,已售/已满,已售,多云,24,23,3,0.0,64,39
2026-05-21 18:00:50,2026-05-22,4,羽毛球馆-20号,17:00-18:00,1,1,已售/已满,已售,多云,24,23,3,0.0,68,39
2026-05-21 18:30:50,2026-05-22,4,羽毛球馆-20号,17:00-18:00,1,1,已售/已满,已售,阴,24,25,2,0.0,68,40
2026-05-21 19:00:50,2026-05-22,4,羽毛球馆-20号,17:00-18:00,1,1,已售/已满,已售,阴,23,23,3,0.0,76,40
2026-05-21 19:30:46,2026-05-22,4,羽毛球馆-20号,17:00-18:00,1,1,已售/已满,已售,阴,23,24,2,0.0,77,39
2026-05-21 20:00:49,2026-05-22,4,羽毛球馆-20号,17:00-18:00,1,1,已售/已满,已售,雾,22,23,2,0.0,89,39
2026-05-21 20:30:44,2026-05-22,4,羽毛球馆-20号,17:00-18:00,1,1,已售/已满,已售,雾,22,24,2,0.0,93,43
2026-05-21 21:00:56,2026-05-22,4,羽毛球馆-20号,17:00-18:00,1,1,已售/已满,已售,雾,20,21,2,0.0,98,43
2026-05-21 21:30:46,2026-05-22,4,羽毛球馆-20号,17:00-18:00,1,1,已售/已满,已售,雾,20,22,1,0.0,99,41
2026-05-21 22:01:02,2026-05-22,4,羽毛球馆-20号,17:00-18:00,1,1,已售/已满,已售,雾,19,20,2,0.0,93,41
2026-05-21 22:30:47,2026-05-22,4,羽毛球馆-20号,17:00-18:00,1,1,已售/已满,已售,雾,19,19,3,0.0,88,46
2026-05-21 23:00:56,2026-05-22,4,羽毛球馆-20号,17:00-18:00,1,1,已售/已满,已售,多云,18,17,3,0.0,85,46
2026-05-21 23:30:55,2026-05-22,4,羽毛球馆-20号,17:00-18:00,1,1,已售/已满,已售,多云,18,17,3,0.0,85,48
2026-05-21 08:00:45,2026-05-22,4,羽毛球馆-20号,18:30-19:30,0,1,可预约,￥12.0,晴,17,12,5,0.0,86,29
2026-05-21 08:02:30,2026-05-22,4,羽毛球馆-20号,18:30-19:30,0,1,可预约,￥12.0,多云,17,12,5,0.0,87,29
2026-05-21 08:05:36,2026-05-22,4,羽毛球馆-20号,18:30-19:30,0,1,可预约,￥12.0,多云,17,12,5,0.0,86,29
2026-05-21 08:08:31,2026-05-22,4,羽毛球馆-20号,18:30-19:30,0,1,可预约,￥12.0,多云,17,12,5,0.0,86,29
2026-05-21 08:11:30,2026-05-22,4,羽毛球馆-20号,18:30-19:30,0,1,可预约,￥12.0,多云,17,12,5,0.0,86,29
2026-05-21 08:14:31,2026-05-22,4,羽毛球馆-20号,18:30-19:30,0,1,可预约,￥12.0,多云,17,12,5,0.0,86,29
2026-05-21 08:17:30,2026-05-22,4,羽毛球馆-20号,18:30-19:30,0,1,可预约,￥12.0,多云,17,12,5,0.0,86,29
2026-05-21 08:20:35,2026-05-22,4,羽毛球馆-20号,18:30-19:30,0,1,可预约,￥12.0,多云,17,14,4,0.0,85,29
2026-05-21 08:25:32,2026-05-22,4,羽毛球馆-20号,18:30-19:30,0,1,可预约,￥12.0,多云,17,14,4,0.0,85,28
2026-05-21 08:30:42,2026-05-22,4,羽毛球馆-20号,18:30-19:30,0,1,可预约,￥12.0,多云,18,15,4,0.0,84,28
2026-05-21 08:35:31,2026-05-22,4,羽毛球馆-20号,18:30-19:30,0,1,可预约,￥12.0,多云,18,15,4,0.0,84,28
2026-05-21 08:40:38,2026-05-22,4,羽毛球馆-20号,18:30-19:30,0,1,可预约,￥12.0,多云,18,15,4,0.0,82,28
2026-05-21 08:45:33,2026-05-22,4,羽毛球馆-20号,18:30-19:30,0,1,可预约,￥12.0,多云,18,15,4,0.0,82,28
2026-05-21 08:50:36,2026-05-22,4,羽毛球馆-20号,18:30-19:30,0,1,可预约,￥12.0,多云,18,15,4,0.0,82,28
2026-05-21 08:55:34,2026-05-22,4,羽毛球馆-20号,18:30-19:30,0,1,可预约,￥12.0,多云,18,15,4,0.0,84,28
2026-05-21 09:00:51,2026-05-22,4,羽毛球馆-20号,18:30-19:30,0,1,可预约,￥12.0,多云,18,15,4,0.0,84,28
2026-05-21 09:01:59,2026-05-22,4,羽毛球馆-20号,18:30-19:30,0,1,可预约,￥12.0,多云,18,15,4,0.0,83,28
2026-05-21 09:05:33,2026-05-22,4,羽毛球馆-20号,18:30-19:30,0,1,可预约,￥12.0,多云,18,15,4,0.0,83,28
2026-05-21 09:20:38,2026-05-22,4,羽毛球馆-20号,18:30-19:30,0,1,可预约,￥12.0,多云,18,16,3,0.0,81,28
2026-05-21 09:30:46,2026-05-22,4,羽毛球馆-20号,18:30-19:30,1,1,已售/已满,已售,多云,18,16,3,0.0,81,32
2026-05-21 09:40:36,2026-05-22,4,羽毛球馆-20号,18:30-19:30,1,1,已售/已满,已售,多云,19,17,3,0.0,79,32
2026-05-21 09:50:42,2026-05-22,4,羽毛球馆-20号,18:30-19:30,1,1,已售/已满,已售,多云,19,17,4,0.0,81,32
2026-05-21 10:00:46,2026-05-22,4,羽毛球馆-20号,18:30-19:30,1,1,已售/已满,已售,多云,19,17,4,0.0,79,32
2026-05-21 10:10:40,2026-05-22,4,羽毛球馆-20号,18:30-19:30,1,1,已售/已满,已售,多云,19,17,4,0.0,79,32
2026-05-21 10:20:38,2026-05-22,4,羽毛球馆-20号,18:30-19:30,1,1,已售/已满,已售,多云,19,17,4,0.0,79,32
2026-05-21 10:30:41,2026-05-22,4,羽毛球馆-20号,18:30-19:30,1,1,已售/已满,已售,多云,19,18,3,0.0,78,31
2026-05-21 11:00:44,2026-05-22,4,羽毛球馆-20号,18:30-19:30,1,1,已售/已满,已售,多云,21,17,5,0.0,74,31
2026-05-21 11:30:38,2026-05-22,4,羽毛球馆-20号,18:30-19:30,1,1,已售/已满,已售,多云,21,19,3,0.0,72,33
2026-05-21 12:00:46,2026-05-22,4,羽毛球馆-20号,18:30-19:30,1,1,已售/已满,已售,多云,22,19,4,0.0,70,33
2026-05-21 12:30:42,2026-05-22,4,羽毛球馆-20号,18:30-19:30,1,1,已售/已满,已售,多云,22,21,3,0.0,68,35
2026-05-21 13:00:43,2026-05-22,4,羽毛球馆-20号,18:30-19:30,1,1,已售/已满,已售,多云,24,22,4,0.0,66,35
2026-05-21 13:30:43,2026-05-22,4,羽毛球馆-20号,18:30-19:30,1,1,已售/已满,已售,多云,24,22,4,0.0,66,36
2026-05-21 14:00:48,2026-05-22,4,羽毛球馆-20号,18:30-19:30,1,1,已售/已满,已售,多云,25,23,4,0.0,66,36
2026-05-21 14:30:45,2026-05-22,4,羽毛球馆-20号,18:30-19:30,1,1,已售/已满,已售,晴,25,25,3,0.0,65,39
2026-05-21 15:00:45,2026-05-22,4,羽毛球馆-20号,18:30-19:30,1,1,已售/已满,已售,晴,25,22,4,0.0,56,39
2026-05-21 15:30:43,2026-05-22,4,羽毛球馆-20号,18:30-19:30,1,1,已售/已满,已售,晴,25,23,4,0.0,57,40
2026-05-21 16:00:51,2026-05-22,4,羽毛球馆-20号,18:30-19:30,1,1,已售/已满,已售,晴,25,23,4,0.0,57,40
2026-05-21 16:30:48,2026-05-22,4,羽毛球馆-20号,18:30-19:30,1,1,已售/已满,已售,晴,25,24,3,0.0,60,39
2026-05-21 17:00:49,2026-05-22,4,羽毛球馆-20号,18:30-19:30,1,1,已售/已满,已售,晴,25,24,4,0.0,61,39
2026-05-21 17:30:47,2026-05-22,4,羽毛球馆-20号,18:30-19:30,1,1,已售/已满,已售,多云,24,23,3,0.0,64,39
2026-05-21 18:00:50,2026-05-22,4,羽毛球馆-20号,18:30-19:30,1,1,已售/已满,已售,多云,24,23,3,0.0,68,39
2026-05-21 18:30:50,2026-05-22,4,羽毛球馆-20号,18:30-19:30,1,1,已售/已满,已售,阴,24,25,2,0.0,68,40
2026-05-21 19:00:50,2026-05-22,4,羽毛球馆-20号,18:30-19:30,1,1,已售/已满,已售,阴,23,23,3,0.0,76,40
2026-05-21 19:30:46,2026-05-22,4,羽毛球馆-20号,18:30-19:30,1,1,已售/已满,已售,阴,23,24,2,0.0,77,39
2026-05-21 20:00:49,2026-05-22,4,羽毛球馆-20号,18:30-19:30,1,1,已售/已满,已售,雾,22,23,2,0.0,89,39
2026-05-21 20:30:44,2026-05-22,4,羽毛球馆-20号,18:30-19:30,1,1,已售/已满,已售,雾,22,24,2,0.0,93,43
2026-05-21 21:00:56,2026-05-22,4,羽毛球馆-20号,18:30-19:30,1,1,已售/已满,已售,雾,20,21,2,0.0,98,43
2026-05-21 21:30:46,2026-05-22,4,羽毛球馆-20号,18:30-19:30,1,1,已售/已满,已售,雾,20,22,1,0.0,99,41
2026-05-21 22:01:02,2026-05-22,4,羽毛球馆-20号,18:30-19:30,1,1,已售/已满,已售,雾,19,20,2,0.0,93,41
2026-05-21 22:30:47,2026-05-22,4,羽毛球馆-20号,18:30-19:30,1,1,已售/已满,已售,雾,19,19,3,0.0,88,46
2026-05-21 23:00:56,2026-05-22,4,羽毛球馆-20号,18:30-19:30,1,1,已售/已满,已售,多云,18,17,3,0.0,85,46
2026-05-21 23:30:55,2026-05-22,4,羽毛球馆-20号,18:30-19:30,1,1,已售/已满,已售,多云,18,17,3,0.0,85,48
2026-05-21 08:00:45,2026-05-22,4,羽毛球馆-20号,19:30-20:30,0,1,可预约,￥12.0,晴,17,12,5,0.0,86,29
2026-05-21 08:02:30,2026-05-22,4,羽毛球馆-20号,19:30-20:30,0,1,可预约,￥12.0,多云,17,12,5,0.0,87,29
2026-05-21 08:05:36,2026-05-22,4,羽毛球馆-20号,19:30-20:30,0,1,可预约,￥12.0,多云,17,12,5,0.0,86,29
2026-05-21 08:08:31,2026-05-22,4,羽毛球馆-20号,19:30-20:30,0,1,可预约,￥12.0,多云,17,12,5,0.0,86,29
2026-05-21 08:11:30,2026-05-22,4,羽毛球馆-20号,19:30-20:30,0,1,可预约,￥12.0,多云,17,12,5,0.0,86,29
2026-05-21 08:14:31,2026-05-22,4,羽毛球馆-20号,19:30-20:30,0,1,可预约,￥12.0,多云,17,12,5,0.0,86,29
2026-05-21 08:17:30,2026-05-22,4,羽毛球馆-20号,19:30-20:30,1,1,已售/已满,已售,多云,17,12,5,0.0,86,29
2026-05-21 08:20:35,2026-05-22,4,羽毛球馆-20号,19:30-20:30,1,1,已售/已满,已售,多云,17,14,4,0.0,85,29
2026-05-21 08:25:32,2026-05-22,4,羽毛球馆-20号,19:30-20:30,1,1,已售/已满,已售,多云,17,14,4,0.0,85,28
2026-05-21 08:30:42,2026-05-22,4,羽毛球馆-20号,19:30-20:30,1,1,已售/已满,已售,多云,18,15,4,0.0,84,28
2026-05-21 08:35:31,2026-05-22,4,羽毛球馆-20号,19:30-20:30,1,1,已售/已满,已售,多云,18,15,4,0.0,84,28
2026-05-21 08:40:38,2026-05-22,4,羽毛球馆-20号,19:30-20:30,1,1,已售/已满,已售,多云,18,15,4,0.0,82,28
2026-05-21 08:45:33,2026-05-22,4,羽毛球馆-20号,19:30-20:30,1,1,已售/已满,已售,多云,18,15,4,0.0,82,28
2026-05-21 08:50:36,2026-05-22,4,羽毛球馆-20号,19:30-20:30,1,1,已售/已满,已售,多云,18,15,4,0.0,82,28
2026-05-21 08:55:34,2026-05-22,4,羽毛球馆-20号,19:30-20:30,1,1,已售/已满,已售,多云,18,15,4,0.0,84,28
2026-05-21 09:00:51,2026-05-22,4,羽毛球馆-20号,19:30-20:30,1,1,已售/已满,已售,多云,18,15,4,0.0,84,28
2026-05-21 09:01:59,2026-05-22,4,羽毛球馆-20号,19:30-20:30,1,1,已售/已满,已售,多云,18,15,4,0.0,83,28
2026-05-21 09:05:33,2026-05-22,4,羽毛球馆-20号,19:30-20:30,1,1,已售/已满,已售,多云,18,15,4,0.0,83,28
2026-05-21 09:20:38,2026-05-22,4,羽毛球馆-20号,19:30-20:30,1,1,已售/已满,已售,多云,18,16,3,0.0,81,28
2026-05-21 09:30:46,2026-05-22,4,羽毛球馆-20号,19:30-20:30,1,1,已售/已满,已售,多云,18,16,3,0.0,81,32
2026-05-21 09:40:36,2026-05-22,4,羽毛球馆-20号,19:30-20:30,1,1,已售/已满,已售,多云,19,17,3,0.0,79,32
2026-05-21 09:50:42,2026-05-22,4,羽毛球馆-20号,19:30-20:30,1,1,已售/已满,已售,多云,19,17,4,0.0,81,32
2026-05-21 10:00:46,2026-05-22,4,羽毛球馆-20号,19:30-20:30,1,1,已售/已满,已售,多云,19,17,4,0.0,79,32
2026-05-21 10:10:40,2026-05-22,4,羽毛球馆-20号,19:30-20:30,1,1,已售/已满,已售,多云,19,17,4,0.0,79,32
2026-05-21 10:20:38,2026-05-22,4,羽毛球馆-20号,19:30-20:30,1,1,已售/已满,已售,多云,19,17,4,0.0,79,32
2026-05-21 10:30:41,2026-05-22,4,羽毛球馆-20号,19:30-20:30,1,1,已售/已满,已售,多云,19,18,3,0.0,78,31
2026-05-21 11:00:44,2026-05-22,4,羽毛球馆-20号,19:30-20:30,1,1,已售/已满,已售,多云,21,17,5,0.0,74,31
2026-05-21 11:30:38,2026-05-22,4,羽毛球馆-20号,19:30-20:30,1,1,已售/已满,已售,多云,21,19,3,0.0,72,33
2026-05-21 12:00:46,2026-05-22,4,羽毛球馆-20号,19:30-20:30,1,1,已售/已满,已售,多云,22,19,4,0.0,70,33
2026-05-21 12:30:42,2026-05-22,4,羽毛球馆-20号,19:30-20:30,1,1,已售/已满,已售,多云,22,21,3,0.0,68,35
2026-05-21 13:00:43,2026-05-22,4,羽毛球馆-20号,19:30-20:30,1,1,已售/已满,已售,多云,24,22,4,0.0,66,35
2026-05-21 13:30:43,2026-05-22,4,羽毛球馆-20号,19:30-20:30,1,1,已售/已满,已售,多云,24,22,4,0.0,66,36
2026-05-21 14:00:48,2026-05-22,4,羽毛球馆-20号,19:30-20:30,1,1,已售/已满,已售,多云,25,23,4,0.0,66,36
2026-05-21 14:30:45,2026-05-22,4,羽毛球馆-20号,19:30-20:30,1,1,已售/已满,已售,晴,25,25,3,0.0,65,39
2026-05-21 15:00:45,2026-05-22,4,羽毛球馆-20号,19:30-20:30,1,1,已售/已满,已售,晴,25,22,4,0.0,56,39
2026-05-21 15:30:43,2026-05-22,4,羽毛球馆-20号,19:30-20:30,1,1,已售/已满,已售,晴,25,23,4,0.0,57,40
2026-05-21 16:00:51,2026-05-22,4,羽毛球馆-20号,19:30-20:30,1,1,已售/已满,已售,晴,25,23,4,0.0,57,40
2026-05-21 16:30:48,2026-05-22,4,羽毛球馆-20号,19:30-20:30,1,1,已售/已满,已售,晴,25,24,3,0.0,60,39
2026-05-21 17:00:49,2026-05-22,4,羽毛球馆-20号,19:30-20:30,1,1,已售/已满,已售,晴,25,24,4,0.0,61,39
2026-05-21 17:30:47,2026-05-22,4,羽毛球馆-20号,19:30-20:30,1,1,已售/已满,已售,多云,24,23,3,0.0,64,39
2026-05-21 18:00:50,2026-05-22,4,羽毛球馆-20号,19:30-20:30,1,1,已售/已满,已售,多云,24,23,3,0.0,68,39
2026-05-21 18:30:50,2026-05-22,4,羽毛球馆-20号,19:30-20:30,1,1,已售/已满,已售,阴,24,25,2,0.0,68,40
2026-05-21 19:00:50,2026-05-22,4,羽毛球馆-20号,19:30-20:30,1,1,已售/已满,已售,阴,23,23,3,0.0,76,40
2026-05-21 19:30:46,2026-05-22,4,羽毛球馆-20号,19:30-20:30,1,1,已售/已满,已售,阴,23,24,2,0.0,77,39
2026-05-21 20:00:49,2026-05-22,4,羽毛球馆-20号,19:30-20:30,1,1,已售/已满,已售,雾,22,23,2,0.0,89,39
2026-05-21 20:30:44,2026-05-22,4,羽毛球馆-20号,19:30-20:30,1,1,已售/已满,已售,雾,22,24,2,0.0,93,43
2026-05-21 21:00:56,2026-05-22,4,羽毛球馆-20号,19:30-20:30,1,1,已售/已满,已售,雾,20,21,2,0.0,98,43
2026-05-21 21:30:46,2026-05-22,4,羽毛球馆-20号,19:30-20:30,1,1,已售/已满,已售,雾,20,22,1,0.0,99,41
2026-05-21 22:01:02,2026-05-22,4,羽毛球馆-20号,19:30-20:30,1,1,已售/已满,已售,雾,19,20,2,0.0,93,41
2026-05-21 22:30:47,2026-05-22,4,羽毛球馆-20号,19:30-20:30,1,1,已售/已满,已售,雾,19,19,3,0.0,88,46
2026-05-21 23:00:56,2026-05-22,4,羽毛球馆-20号,19:30-20:30,1,1,已售/已满,已售,多云,18,17,3,0.0,85,46
2026-05-21 23:30:55,2026-05-22,4,羽毛球馆-20号,19:30-20:30,1,1,已售/已满,已售,多云,18,17,3,0.0,85,48
2026-05-21 08:00:45,2026-05-22,4,羽毛球馆-20号,20:30-21:30,0,1,可预约,￥12.0,晴,17,12,5,0.0,86,29
2026-05-21 08:02:30,2026-05-22,4,羽毛球馆-20号,20:30-21:30,0,1,可预约,￥12.0,多云,17,12,5,0.0,87,29
2026-05-21 08:05:36,2026-05-22,4,羽毛球馆-20号,20:30-21:30,0,1,可预约,￥12.0,多云,17,12,5,0.0,86,29
2026-05-21 08:08:31,2026-05-22,4,羽毛球馆-20号,20:30-21:30,0,1,可预约,￥12.0,多云,17,12,5,0.0,86,29
2026-05-21 08:11:30,2026-05-22,4,羽毛球馆-20号,20:30-21:30,0,1,可预约,￥12.0,多云,17,12,5,0.0,86,29
2026-05-21 08:14:31,2026-05-22,4,羽毛球馆-20号,20:30-21:30,0,1,可预约,￥12.0,多云,17,12,5,0.0,86,29
2026-05-21 08:17:30,2026-05-22,4,羽毛球馆-20号,20:30-21:30,1,1,已售/已满,已售,多云,17,12,5,0.0,86,29
2026-05-21 08:20:35,2026-05-22,4,羽毛球馆-20号,20:30-21:30,1,1,已售/已满,已售,多云,17,14,4,0.0,85,29
2026-05-21 08:25:32,2026-05-22,4,羽毛球馆-20号,20:30-21:30,1,1,已售/已满,已售,多云,17,14,4,0.0,85,28
2026-05-21 08:30:42,2026-05-22,4,羽毛球馆-20号,20:30-21:30,1,1,已售/已满,已售,多云,18,15,4,0.0,84,28
2026-05-21 08:35:31,2026-05-22,4,羽毛球馆-20号,20:30-21:30,1,1,已售/已满,已售,多云,18,15,4,0.0,84,28
2026-05-21 08:40:38,2026-05-22,4,羽毛球馆-20号,20:30-21:30,1,1,已售/已满,已售,多云,18,15,4,0.0,82,28
2026-05-21 08:45:33,2026-05-22,4,羽毛球馆-20号,20:30-21:30,1,1,已售/已满,已售,多云,18,15,4,0.0,82,28
2026-05-21 08:50:36,2026-05-22,4,羽毛球馆-20号,20:30-21:30,1,1,已售/已满,已售,多云,18,15,4,0.0,82,28
2026-05-21 08:55:34,2026-05-22,4,羽毛球馆-20号,20:30-21:30,1,1,已售/已满,已售,多云,18,15,4,0.0,84,28
2026-05-21 09:00:51,2026-05-22,4,羽毛球馆-20号,20:30-21:30,1,1,已售/已满,已售,多云,18,15,4,0.0,84,28
2026-05-21 09:01:59,2026-05-22,4,羽毛球馆-20号,20:30-21:30,1,1,已售/已满,已售,多云,18,15,4,0.0,83,28
2026-05-21 09:05:33,2026-05-22,4,羽毛球馆-20号,20:30-21:30,1,1,已售/已满,已售,多云,18,15,4,0.0,83,28
2026-05-21 09:20:38,2026-05-22,4,羽毛球馆-20号,20:30-21:30,1,1,已售/已满,已售,多云,18,16,3,0.0,81,28
2026-05-21 09:30:46,2026-05-22,4,羽毛球馆-20号,20:30-21:30,1,1,已售/已满,已售,多云,18,16,3,0.0,81,32
2026-05-21 09:40:36,2026-05-22,4,羽毛球馆-20号,20:30-21:30,1,1,已售/已满,已售,多云,19,17,3,0.0,79,32
2026-05-21 09:50:42,2026-05-22,4,羽毛球馆-20号,20:30-21:30,1,1,已售/已满,已售,多云,19,17,4,0.0,81,32
2026-05-21 10:00:46,2026-05-22,4,羽毛球馆-20号,20:30-21:30,1,1,已售/已满,已售,多云,19,17,4,0.0,79,32
2026-05-21 10:10:40,2026-05-22,4,羽毛球馆-20号,20:30-21:30,1,1,已售/已满,已售,多云,19,17,4,0.0,79,32
2026-05-21 10:20:38,2026-05-22,4,羽毛球馆-20号,20:30-21:30,1,1,已售/已满,已售,多云,19,17,4,0.0,79,32
2026-05-21 10:30:41,2026-05-22,4,羽毛球馆-20号,20:30-21:30,1,1,已售/已满,已售,多云,19,18,3,0.0,78,31
2026-05-21 11:00:44,2026-05-22,4,羽毛球馆-20号,20:30-21:30,1,1,已售/已满,已售,多云,21,17,5,0.0,74,31
2026-05-21 11:30:38,2026-05-22,4,羽毛球馆-20号,20:30-21:30,1,1,已售/已满,已售,多云,21,19,3,0.0,72,33
2026-05-21 12:00:46,2026-05-22,4,羽毛球馆-20号,20:30-21:30,1,1,已售/已满,已售,多云,22,19,4,0.0,70,33
2026-05-21 12:30:42,2026-05-22,4,羽毛球馆-20号,20:30-21:30,1,1,已售/已满,已售,多云,22,21,3,0.0,68,35
2026-05-21 13:00:43,2026-05-22,4,羽毛球馆-20号,20:30-21:30,1,1,已售/已满,已售,多云,24,22,4,0.0,66,35
2026-05-21 13:30:43,2026-05-22,4,羽毛球馆-20号,20:30-21:30,1,1,已售/已满,已售,多云,24,22,4,0.0,66,36
2026-05-21 14:00:48,2026-05-22,4,羽毛球馆-20号,20:30-21:30,1,1,已售/已满,已售,多云,25,23,4,0.0,66,36
2026-05-21 14:30:45,2026-05-22,4,羽毛球馆-20号,20:30-21:30,1,1,已售/已满,已售,晴,25,25,3,0.0,65,39
2026-05-21 15:00:45,2026-05-22,4,羽毛球馆-20号,20:30-21:30,1,1,已售/已满,已售,晴,25,22,4,0.0,56,39
2026-05-21 15:30:43,2026-05-22,4,羽毛球馆-20号,20:30-21:30,1,1,已售/已满,已售,晴,25,23,4,0.0,57,40
2026-05-21 16:00:51,2026-05-22,4,羽毛球馆-20号,20:30-21:30,1,1,已售/已满,已售,晴,25,23,4,0.0,57,40
2026-05-21 16:30:48,2026-05-22,4,羽毛球馆-20号,20:30-21:30,1,1,已售/已满,已售,晴,25,24,3,0.0,60,39
2026-05-21 17:00:49,2026-05-22,4,羽毛球馆-20号,20:30-21:30,1,1,已售/已满,已售,晴,25,24,4,0.0,61,39
2026-05-21 17:30:47,2026-05-22,4,羽毛球馆-20号,20:30-21:30,1,1,已售/已满,已售,多云,24,23,3,0.0,64,39
2026-05-21 18:00:50,2026-05-22,4,羽毛球馆-20号,20:30-21:30,1,1,已售/已满,已售,多云,24,23,3,0.0,68,39
2026-05-21 18:30:50,2026-05-22,4,羽毛球馆-20号,20:30-21:30,1,1,已售/已满,已售,阴,24,25,2,0.0,68,40
2026-05-21 19:00:50,2026-05-22,4,羽毛球馆-20号,20:30-21:30,1,1,已售/已满,已售,阴,23,23,3,0.0,76,40
2026-05-21 19:30:46,2026-05-22,4,羽毛球馆-20号,20:30-21:30,1,1,已售/已满,已售,阴,23,24,2,0.0,77,39
2026-05-21 20:00:49,2026-05-22,4,羽毛球馆-20号,20:30-21:30,1,1,已售/已满,已售,雾,22,23,2,0.0,89,39
2026-05-21 20:30:44,2026-05-22,4,羽毛球馆-20号,20:30-21:30,1,1,已售/已满,已售,雾,22,24,2,0.0,93,43
2026-05-21 21:00:56,2026-05-22,4,羽毛球馆-20号,20:30-21:30,1,1,已售/已满,已售,雾,20,21,2,0.0,98,43
2026-05-21 21:30:46,2026-05-22,4,羽毛球馆-20号,20:30-21:30,1,1,已售/已满,已售,雾,20,22,1,0.0,99,41
2026-05-21 22:01:02,2026-05-22,4,羽毛球馆-20号,20:30-21:30,1,1,已售/已满,已售,雾,19,20,2,0.0,93,41
2026-05-21 22:30:47,2026-05-22,4,羽毛球馆-20号,20:30-21:30,1,1,已售/已满,已售,雾,19,19,3,0.0,88,46
2026-05-21 23:00:56,2026-05-22,4,羽毛球馆-20号,20:30-21:30,1,1,已售/已满,已售,多云,18,17,3,0.0,85,46
2026-05-21 23:30:55,2026-05-22,4,羽毛球馆-20号,20:30-21:30,1,1,已售/已满,已售,多云,18,17,3,0.0,85,48
2026-05-21 08:00:45,2026-05-22,4,羽毛球馆-2号,07:00-08:00,0,1,可预约,￥0.0,晴,17,12,5,0.0,86,29
2026-05-21 08:02:30,2026-05-22,4,羽毛球馆-2号,07:00-08:00,0,1,可预约,￥0.0,多云,17,12,5,0.0,87,29
2026-05-21 08:05:36,2026-05-22,4,羽毛球馆-2号,07:00-08:00,0,1,可预约,￥0.0,多云,17,12,5,0.0,86,29
2026-05-21 08:08:31,2026-05-22,4,羽毛球馆-2号,07:00-08:00,0,1,可预约,￥0.0,多云,17,12,5,0.0,86,29
2026-05-21 08:11:30,2026-05-22,4,羽毛球馆-2号,07:00-08:00,0,1,可预约,￥0.0,多云,17,12,5,0.0,86,29
2026-05-21 08:14:31,2026-05-22,4,羽毛球馆-2号,07:00-08:00,0,1,可预约,￥0.0,多云,17,12,5,0.0,86,29
2026-05-21 08:17:30,2026-05-22,4,羽毛球馆-2号,07:00-08:00,0,1,可预约,￥0.0,多云,17,12,5,0.0,86,29
2026-05-21 08:20:35,2026-05-22,4,羽毛球馆-2号,07:00-08:00,0,1,可预约,￥0.0,多云,17,14,4,0.0,85,29
2026-05-21 08:25:32,2026-05-22,4,羽毛球馆-2号,07:00-08:00,0,1,可预约,￥0.0,多云,17,14,4,0.0,85,28
2026-05-21 08:30:42,2026-05-22,4,羽毛球馆-2号,07:00-08:00,0,1,可预约,￥0.0,多云,18,15,4,0.0,84,28
2026-05-21 08:35:31,2026-05-22,4,羽毛球馆-2号,07:00-08:00,0,1,可预约,￥0.0,多云,18,15,4,0.0,84,28
2026-05-21 08:40:38,2026-05-22,4,羽毛球馆-2号,07:00-08:00,0,1,可预约,￥0.0,多云,18,15,4,0.0,82,28
2026-05-21 08:45:33,2026-05-22,4,羽毛球馆-2号,07:00-08:00,0,1,可预约,￥0.0,多云,18,15,4,0.0,82,28
2026-05-21 08:50:36,2026-05-22,4,羽毛球馆-2号,07:00-08:00,0,1,可预约,￥0.0,多云,18,15,4,0.0,82,28
2026-05-21 08:55:34,2026-05-22,4,羽毛球馆-2号,07:00-08:00,0,1,可预约,￥0.0,多云,18,15,4,0.0,84,28
2026-05-21 09:00:51,2026-05-22,4,羽毛球馆-2号,07:00-08:00,0,1,可预约,￥0.0,多云,18,15,4,0.0,84,28
2026-05-21 09:01:59,2026-05-22,4,羽毛球馆-2号,07:00-08:00,0,1,可预约,￥0.0,多云,18,15,4,0.0,83,28
2026-05-21 09:05:33,2026-05-22,4,羽毛球馆-2号,07:00-08:00,0,1,可预约,￥0.0,多云,18,15,4,0.0,83,28
2026-05-21 09:20:38,2026-05-22,4,羽毛球馆-2号,07:00-08:00,0,1,可预约,￥0.0,多云,18,16,3,0.0,81,28
2026-05-21 09:30:46,2026-05-22,4,羽毛球馆-2号,07:00-08:00,0,1,可预约,￥0.0,多云,18,16,3,0.0,81,32
2026-05-21 09:40:36,2026-05-22,4,羽毛球馆-2号,07:00-08:00,0,1,可预约,￥0.0,多云,19,17,3,0.0,79,32
2026-05-21 09:50:42,2026-05-22,4,羽毛球馆-2号,07:00-08:00,0,1,可预约,￥0.0,多云,19,17,4,0.0,81,32
2026-05-21 10:00:46,2026-05-22,4,羽毛球馆-2号,07:00-08:00,0,1,可预约,￥0.0,多云,19,17,4,0.0,79,32
2026-05-21 10:10:40,2026-05-22,4,羽毛球馆-2号,07:00-08:00,0,1,可预约,￥0.0,多云,19,17,4,0.0,79,32
2026-05-21 10:20:38,2026-05-22,4,羽毛球馆-2号,07:00-08:00,0,1,可预约,￥0.0,多云,19,17,4,0.0,79,32
2026-05-21 10:30:41,2026-05-22,4,羽毛球馆-2号,07:00-08:00,0,1,可预约,￥0.0,多云,19,18,3,0.0,78,31
2026-05-21 11:00:44,2026-05-22,4,羽毛球馆-2号,07:00-08:00,0,1,可预约,￥0.0,多云,21,17,5,0.0,74,31
2026-05-21 11:30:38,2026-05-22,4,羽毛球馆-2号,07:00-08:00,0,1,可预约,￥0.0,多云,21,19,3,0.0,72,33
2026-05-21 12:00:46,2026-05-22,4,羽毛球馆-2号,07:00-08:00,0,1,可预约,￥0.0,多云,22,19,4,0.0,70,33
2026-05-21 12:30:42,2026-05-22,4,羽毛球馆-2号,07:00-08:00,0,1,可预约,￥0.0,多云,22,21,3,0.0,68,35
2026-05-21 13:00:43,2026-05-22,4,羽毛球馆-2号,07:00-08:00,0,1,可预约,￥0.0,多云,24,22,4,0.0,66,35
2026-05-21 13:30:43,2026-05-22,4,羽毛球馆-2号,07:00-08:00,0,1,可预约,￥0.0,多云,24,22,4,0.0,66,36
2026-05-21 14:00:48,2026-05-22,4,羽毛球馆-2号,07:00-08:00,0,1,可预约,￥0.0,多云,25,23,4,0.0,66,36
2026-05-21 14:30:45,2026-05-22,4,羽毛球馆-2号,07:00-08:00,0,1,可预约,￥0.0,晴,25,25,3,0.0,65,39
2026-05-21 15:00:45,2026-05-22,4,羽毛球馆-2号,07:00-08:00,0,1,可预约,￥0.0,晴,25,22,4,0.0,56,39
2026-05-21 15:30:43,2026-05-22,4,羽毛球馆-2号,07:00-08:00,0,1,可预约,￥0.0,晴,25,23,4,0.0,57,40
2026-05-21 16:00:51,2026-05-22,4,羽毛球馆-2号,07:00-08:00,0,1,可预约,￥0.0,晴,25,23,4,0.0,57,40
2026-05-21 16:30:48,2026-05-22,4,羽毛球馆-2号,07:00-08:00,0,1,可预约,￥0.0,晴,25,24,3,0.0,60,39
2026-05-21 17:00:49,2026-05-22,4,羽毛球馆-2号,07:00-08:00,0,1,可预约,￥0.0,晴,25,24,4,0.0,61,39
2026-05-21 17:30:47,2026-05-22,4,羽毛球馆-2号,07:00-08:00,0,1,可预约,￥0.0,多云,24,23,3,0.0,64,39
2026-05-21 18:00:50,2026-05-22,4,羽毛球馆-2号,07:00-08:00,0,1,可预约,￥0.0,多云,24,23,3,0.0,68,39
2026-05-21 18:30:50,2026-05-22,4,羽毛球馆-2号,07:00-08:00,0,1,可预约,￥0.0,阴,24,25,2,0.0,68,40
2026-05-21 19:00:50,2026-05-22,4,羽毛球馆-2号,07:00-08:00,0,1,可预约,￥0.0,阴,23,23,3,0.0,76,40
2026-05-21 19:30:46,2026-05-22,4,羽毛球馆-2号,07:00-08:00,0,1,可预约,￥0.0,阴,23,24,2,0.0,77,39
2026-05-21 20:00:49,2026-05-22,4,羽毛球馆-2号,07:00-08:00,0,1,可预约,￥0.0,雾,22,23,2,0.0,89,39
2026-05-21 20:30:44,2026-05-22,4,羽毛球馆-2号,07:00-08:00,0,1,可预约,￥0.0,雾,22,24,2,0.0,93,43
2026-05-21 21:00:56,2026-05-22,4,羽毛球馆-2号,07:00-08:00,0,1,可预约,￥0.0,雾,20,21,2,0.0,98,43
2026-05-21 21:30:46,2026-05-22,4,羽毛球馆-2号,07:00-08:00,0,1,可预约,￥0.0,雾,20,22,1,0.0,99,41
2026-05-21 22:01:02,2026-05-22,4,羽毛球馆-2号,07:00-08:00,0,1,可预约,￥0.0,雾,19,20,2,0.0,93,41
2026-05-21 22:30:47,2026-05-22,4,羽毛球馆-2号,07:00-08:00,0,1,可预约,￥0.0,雾,19,19,3,0.0,88,46
2026-05-21 23:00:56,2026-05-22,4,羽毛球馆-2号,07:00-08:00,0,1,可预约,￥0.0,多云,18,17,3,0.0,85,46
2026-05-21 23:30:55,2026-05-22,4,羽毛球馆-2号,07:00-08:00,0,1,可预约,￥0.0,多云,18,17,3,0.0,85,48
2026-05-21 08:00:45,2026-05-22,4,羽毛球馆-2号,08:00-09:00,0,1,可预约,￥0.0,晴,17,12,5,0.0,86,29
2026-05-21 08:02:30,2026-05-22,4,羽毛球馆-2号,08:00-09:00,0,1,可预约,￥0.0,多云,17,12,5,0.0,87,29
2026-05-21 08:05:36,2026-05-22,4,羽毛球馆-2号,08:00-09:00,0,1,可预约,￥0.0,多云,17,12,5,0.0,86,29
2026-05-21 08:08:31,2026-05-22,4,羽毛球馆-2号,08:00-09:00,0,1,可预约,￥0.0,多云,17,12,5,0.0,86,29
2026-05-21 08:11:30,2026-05-22,4,羽毛球馆-2号,08:00-09:00,0,1,可预约,￥0.0,多云,17,12,5,0.0,86,29
2026-05-21 08:14:31,2026-05-22,4,羽毛球馆-2号,08:00-09:00,0,1,可预约,￥0.0,多云,17,12,5,0.0,86,29
2026-05-21 08:17:30,2026-05-22,4,羽毛球馆-2号,08:00-09:00,0,1,可预约,￥0.0,多云,17,12,5,0.0,86,29
2026-05-21 08:20:35,2026-05-22,4,羽毛球馆-2号,08:00-09:00,0,1,可预约,￥0.0,多云,17,14,4,0.0,85,29
2026-05-21 08:25:32,2026-05-22,4,羽毛球馆-2号,08:00-09:00,0,1,可预约,￥0.0,多云,17,14,4,0.0,85,28
2026-05-21 08:30:42,2026-05-22,4,羽毛球馆-2号,08:00-09:00,0,1,可预约,￥0.0,多云,18,15,4,0.0,84,28
2026-05-21 08:35:31,2026-05-22,4,羽毛球馆-2号,08:00-09:00,0,1,可预约,￥0.0,多云,18,15,4,0.0,84,28
2026-05-21 08:40:38,2026-05-22,4,羽毛球馆-2号,08:00-09:00,0,1,可预约,￥0.0,多云,18,15,4,0.0,82,28
2026-05-21 08:45:33,2026-05-22,4,羽毛球馆-2号,08:00-09:00,0,1,可预约,￥0.0,多云,18,15,4,0.0,82,28
2026-05-21 08:50:36,2026-05-22,4,羽毛球馆-2号,08:00-09:00,0,1,可预约,￥0.0,多云,18,15,4,0.0,82,28
2026-05-21 08:55:34,2026-05-22,4,羽毛球馆-2号,08:00-09:00,0,1,可预约,￥0.0,多云,18,15,4,0.0,84,28
2026-05-21 09:00:51,2026-05-22,4,羽毛球馆-2号,08:00-09:00,0,1,可预约,￥0.0,多云,18,15,4,0.0,84,28
2026-05-21 09:01:59,2026-05-22,4,羽毛球馆-2号,08:00-09:00,0,1,可预约,￥0.0,多云,18,15,4,0.0,83,28
2026-05-21 09:05:33,2026-05-22,4,羽毛球馆-2号,08:00-09:00,0,1,可预约,￥0.0,多云,18,15,4,0.0,83,28
2026-05-21 09:20:38,2026-05-22,4,羽毛球馆-2号,08:00-09:00,0,1,可预约,￥0.0,多云,18,16,3,0.0,81,28
2026-05-21 09:30:46,2026-05-22,4,羽毛球馆-2号,08:00-09:00,0,1,可预约,￥0.0,多云,18,16,3,0.0,81,32
2026-05-21 09:40:36,2026-05-22,4,羽毛球馆-2号,08:00-09:00,0,1,可预约,￥0.0,多云,19,17,3,0.0,79,32
2026-05-21 09:50:42,2026-05-22,4,羽毛球馆-2号,08:00-09:00,0,1,可预约,￥0.0,多云,19,17,4,0.0,81,32
2026-05-21 10:00:46,2026-05-22,4,羽毛球馆-2号,08:00-09:00,0,1,可预约,￥0.0,多云,19,17,4,0.0,79,32
2026-05-21 10:10:40,2026-05-22,4,羽毛球馆-2号,08:00-09:00,0,1,可预约,￥0.0,多云,19,17,4,0.0,79,32
2026-05-21 10:20:38,2026-05-22,4,羽毛球馆-2号,08:00-09:00,0,1,可预约,￥0.0,多云,19,17,4,0.0,79,32
2026-05-21 10:30:41,2026-05-22,4,羽毛球馆-2号,08:00-09:00,0,1,可预约,￥0.0,多云,19,18,3,0.0,78,31
2026-05-21 11:00:44,2026-05-22,4,羽毛球馆-2号,08:00-09:00,0,1,可预约,￥0.0,多云,21,17,5,0.0,74,31
2026-05-21 11:30:38,2026-05-22,4,羽毛球馆-2号,08:00-09:00,0,1,可预约,￥0.0,多云,21,19,3,0.0,72,33
2026-05-21 12:00:46,2026-05-22,4,羽毛球馆-2号,08:00-09:00,0,1,可预约,￥0.0,多云,22,19,4,0.0,70,33
2026-05-21 12:30:42,2026-05-22,4,羽毛球馆-2号,08:00-09:00,0,1,可预约,￥0.0,多云,22,21,3,0.0,68,35
2026-05-21 13:00:43,2026-05-22,4,羽毛球馆-2号,08:00-09:00,0,1,可预约,￥0.0,多云,24,22,4,0.0,66,35
2026-05-21 13:30:43,2026-05-22,4,羽毛球馆-2号,08:00-09:00,0,1,可预约,￥0.0,多云,24,22,4,0.0,66,36
2026-05-21 14:00:48,2026-05-22,4,羽毛球馆-2号,08:00-09:00,0,1,可预约,￥0.0,多云,25,23,4,0.0,66,36
2026-05-21 14:30:45,2026-05-22,4,羽毛球馆-2号,08:00-09:00,0,1,可预约,￥0.0,晴,25,25,3,0.0,65,39
2026-05-21 15:00:45,2026-05-22,4,羽毛球馆-2号,08:00-09:00,0,1,可预约,￥0.0,晴,25,22,4,0.0,56,39
2026-05-21 15:30:43,2026-05-22,4,羽毛球馆-2号,08:00-09:00,0,1,可预约,￥0.0,晴,25,23,4,0.0,57,40
2026-05-21 16:00:51,2026-05-22,4,羽毛球馆-2号,08:00-09:00,0,1,可预约,￥0.0,晴,25,23,4,0.0,57,40
2026-05-21 16:30:48,2026-05-22,4,羽毛球馆-2号,08:00-09:00,0,1,可预约,￥0.0,晴,25,24,3,0.0,60,39
2026-05-21 17:00:49,2026-05-22,4,羽毛球馆-2号,08:00-09:00,0,1,可预约,￥0.0,晴,25,24,4,0.0,61,39
2026-05-21 17:30:47,2026-05-22,4,羽毛球馆-2号,08:00-09:00,0,1,可预约,￥0.0,多云,24,23,3,0.0,64,39
2026-05-21 18:00:50,2026-05-22,4,羽毛球馆-2号,08:00-09:00,0,1,可预约,￥0.0,多云,24,23,3,0.0,68,39
2026-05-21 18:30:50,2026-05-22,4,羽毛球馆-2号,08:00-09:00,0,1,可预约,￥0.0,阴,24,25,2,0.0,68,40
2026-05-21 19:00:50,2026-05-22,4,羽毛球馆-2号,08:00-09:00,0,1,可预约,￥0.0,阴,23,23,3,0.0,76,40
2026-05-21 19:30:46,2026-05-22,4,羽毛球馆-2号,08:00-09:00,0,1,可预约,￥0.0,阴,23,24,2,0.0,77,39
2026-05-21 20:00:49,2026-05-22,4,羽毛球馆-2号,08:00-09:00,0,1,可预约,￥0.0,雾,22,23,2,0.0,89,39
2026-05-21 20:30:44,2026-05-22,4,羽毛球馆-2号,08:00-09:00,0,1,可预约,￥0.0,雾,22,24,2,0.0,93,43
2026-05-21 21:00:56,2026-05-22,4,羽毛球馆-2号,08:00-09:00,0,1,可预约,￥0.0,雾,20,21,2,0.0,98,43
2026-05-21 21:30:46,2026-05-22,4,羽毛球馆-2号,08:00-09:00,0,1,可预约,￥0.0,雾,20,22,1,0.0,99,41
2026-05-21 22:01:02,2026-05-22,4,羽毛球馆-2号,08:00-09:00,0,1,可预约,￥0.0,雾,19,20,2,0.0,93,41
2026-05-21 22:30:47,2026-05-22,4,羽毛球馆-2号,08:00-09:00,0,1,可预约,￥0.0,雾,19,19,3,0.0,88,46
2026-05-21 23:00:56,2026-05-22,4,羽毛球馆-2号,08:00-09:00,0,1,可预约,￥0.0,多云,18,17,3,0.0,85,46
2026-05-21 23:30:55,2026-05-22,4,羽毛球馆-2号,08:00-09:00,1,1,已售/已满,已售,多云,18,17,3,0.0,85,48
2026-05-21 08:00:45,2026-05-22,4,羽毛球馆-2号,09:00-10:00,0,1,可预约,￥12.0,晴,17,12,5,0.0,86,29
2026-05-21 08:02:30,2026-05-22,4,羽毛球馆-2号,09:00-10:00,0,1,可预约,￥12.0,多云,17,12,5,0.0,87,29
2026-05-21 08:05:36,2026-05-22,4,羽毛球馆-2号,09:00-10:00,0,1,可预约,￥12.0,多云,17,12,5,0.0,86,29
2026-05-21 08:08:31,2026-05-22,4,羽毛球馆-2号,09:00-10:00,0,1,可预约,￥12.0,多云,17,12,5,0.0,86,29
2026-05-21 08:11:30,2026-05-22,4,羽毛球馆-2号,09:00-10:00,0,1,可预约,￥12.0,多云,17,12,5,0.0,86,29
2026-05-21 08:14:31,2026-05-22,4,羽毛球馆-2号,09:00-10:00,0,1,可预约,￥12.0,多云,17,12,5,0.0,86,29
2026-05-21 08:17:30,2026-05-22,4,羽毛球馆-2号,09:00-10:00,0,1,可预约,￥12.0,多云,17,12,5,0.0,86,29
2026-05-21 08:20:35,2026-05-22,4,羽毛球馆-2号,09:00-10:00,0,1,可预约,￥12.0,多云,17,14,4,0.0,85,29
2026-05-21 08:25:32,2026-05-22,4,羽毛球馆-2号,09:00-10:00,0,1,可预约,￥12.0,多云,17,14,4,0.0,85,28
2026-05-21 08:30:42,2026-05-22,4,羽毛球馆-2号,09:00-10:00,0,1,可预约,￥12.0,多云,18,15,4,0.0,84,28
2026-05-21 08:35:31,2026-05-22,4,羽毛球馆-2号,09:00-10:00,0,1,可预约,￥12.0,多云,18,15,4,0.0,84,28
2026-05-21 08:40:38,2026-05-22,4,羽毛球馆-2号,09:00-10:00,0,1,可预约,￥12.0,多云,18,15,4,0.0,82,28
2026-05-21 08:45:33,2026-05-22,4,羽毛球馆-2号,09:00-10:00,0,1,可预约,￥12.0,多云,18,15,4,0.0,82,28
2026-05-21 08:50:36,2026-05-22,4,羽毛球馆-2号,09:00-10:00,0,1,可预约,￥12.0,多云,18,15,4,0.0,82,28
2026-05-21 08:55:34,2026-05-22,4,羽毛球馆-2号,09:00-10:00,0,1,可预约,￥12.0,多云,18,15,4,0.0,84,28
2026-05-21 09:00:51,2026-05-22,4,羽毛球馆-2号,09:00-10:00,0,1,可预约,￥12.0,多云,18,15,4,0.0,84,28
2026-05-21 09:01:59,2026-05-22,4,羽毛球馆-2号,09:00-10:00,0,1,可预约,￥12.0,多云,18,15,4,0.0,83,28
2026-05-21 09:05:33,2026-05-22,4,羽毛球馆-2号,09:00-10:00,0,1,可预约,￥12.0,多云,18,15,4,0.0,83,28
2026-05-21 09:20:38,2026-05-22,4,羽毛球馆-2号,09:00-10:00,0,1,可预约,￥12.0,多云,18,16,3,0.0,81,28
2026-05-21 09:30:46,2026-05-22,4,羽毛球馆-2号,09:00-10:00,0,1,可预约,￥12.0,多云,18,16,3,0.0,81,32
2026-05-21 09:40:36,2026-05-22,4,羽毛球馆-2号,09:00-10:00,0,1,可预约,￥12.0,多云,19,17,3,0.0,79,32
2026-05-21 09:50:42,2026-05-22,4,羽毛球馆-2号,09:00-10:00,0,1,可预约,￥12.0,多云,19,17,4,0.0,81,32
2026-05-21 10:00:46,2026-05-22,4,羽毛球馆-2号,09:00-10:00,0,1,可预约,￥12.0,多云,19,17,4,0.0,79,32
2026-05-21 10:10:40,2026-05-22,4,羽毛球馆-2号,09:00-10:00,0,1,可预约,￥12.0,多云,19,17,4,0.0,79,32
2026-05-21 10:20:38,2026-05-22,4,羽毛球馆-2号,09:00-10:00,0,1,可预约,￥12.0,多云,19,17,4,0.0,79,32
2026-05-21 10:30:41,2026-05-22,4,羽毛球馆-2号,09:00-10:00,0,1,可预约,￥12.0,多云,19,18,3,0.0,78,31
2026-05-21 11:00:44,2026-05-22,4,羽毛球馆-2号,09:00-10:00,0,1,可预约,￥12.0,多云,21,17,5,0.0,74,31
2026-05-21 11:30:38,2026-05-22,4,羽毛球馆-2号,09:00-10:00,0,1,可预约,￥12.0,多云,21,19,3,0.0,72,33
2026-05-21 12:00:46,2026-05-22,4,羽毛球馆-2号,09:00-10:00,0,1,可预约,￥12.0,多云,22,19,4,0.0,70,33
2026-05-21 12:30:42,2026-05-22,4,羽毛球馆-2号,09:00-10:00,0,1,可预约,￥12.0,多云,22,21,3,0.0,68,35
2026-05-21 13:00:43,2026-05-22,4,羽毛球馆-2号,09:00-10:00,0,1,可预约,￥12.0,多云,24,22,4,0.0,66,35
2026-05-21 13:30:43,2026-05-22,4,羽毛球馆-2号,09:00-10:00,0,1,可预约,￥12.0,多云,24,22,4,0.0,66,36
2026-05-21 14:00:48,2026-05-22,4,羽毛球馆-2号,09:00-10:00,0,1,可预约,￥12.0,多云,25,23,4,0.0,66,36
2026-05-21 14:30:45,2026-05-22,4,羽毛球馆-2号,09:00-10:00,0,1,可预约,￥12.0,晴,25,25,3,0.0,65,39
2026-05-21 15:00:45,2026-05-22,4,羽毛球馆-2号,09:00-10:00,0,1,可预约,￥12.0,晴,25,22,4,0.0,56,39
2026-05-21 15:30:43,2026-05-22,4,羽毛球馆-2号,09:00-10:00,0,1,可预约,￥12.0,晴,25,23,4,0.0,57,40
2026-05-21 16:00:51,2026-05-22,4,羽毛球馆-2号,09:00-10:00,0,1,可预约,￥12.0,晴,25,23,4,0.0,57,40
2026-05-21 16:30:48,2026-05-22,4,羽毛球馆-2号,09:00-10:00,0,1,可预约,￥12.0,晴,25,24,3,0.0,60,39
2026-05-21 17:00:49,2026-05-22,4,羽毛球馆-2号,09:00-10:00,0,1,可预约,￥12.0,晴,25,24,4,0.0,61,39
2026-05-21 17:30:47,2026-05-22,4,羽毛球馆-2号,09:00-10:00,0,1,可预约,￥12.0,多云,24,23,3,0.0,64,39
2026-05-21 18:00:50,2026-05-22,4,羽毛球馆-2号,09:00-10:00,0,1,可预约,￥12.0,多云,24,23,3,0.0,68,39
2026-05-21 18:30:50,2026-05-22,4,羽毛球馆-2号,09:00-10:00,0,1,可预约,￥12.0,阴,24,25,2,0.0,68,40
2026-05-21 19:00:50,2026-05-22,4,羽毛球馆-2号,09:00-10:00,0,1,可预约,￥12.0,阴,23,23,3,0.0,76,40
2026-05-21 19:30:46,2026-05-22,4,羽毛球馆-2号,09:00-10:00,0,1,可预约,￥12.0,阴,23,24,2,0.0,77,39
2026-05-21 20:00:49,2026-05-22,4,羽毛球馆-2号,09:00-10:00,0,1,可预约,￥12.0,雾,22,23,2,0.0,89,39
2026-05-21 20:30:44,2026-05-22,4,羽毛球馆-2号,09:00-10:00,0,1,可预约,￥12.0,雾,22,24,2,0.0,93,43
2026-05-21 21:00:56,2026-05-22,4,羽毛球馆-2号,09:00-10:00,0,1,可预约,￥12.0,雾,20,21,2,0.0,98,43
2026-05-21 21:30:46,2026-05-22,4,羽毛球馆-2号,09:00-10:00,0,1,可预约,￥12.0,雾,20,22,1,0.0,99,41
2026-05-21 22:01:02,2026-05-22,4,羽毛球馆-2号,09:00-10:00,0,1,可预约,￥12.0,雾,19,20,2,0.0,93,41
2026-05-21 22:30:47,2026-05-22,4,羽毛球馆-2号,09:00-10:00,0,1,可预约,￥12.0,雾,19,19,3,0.0,88,46
2026-05-21 23:00:56,2026-05-22,4,羽毛球馆-2号,09:00-10:00,0,1,可预约,￥12.0,多云,18,17,3,0.0,85,46
2026-05-21 23:30:55,2026-05-22,4,羽毛球馆-2号,09:00-10:00,0,1,可预约,￥12.0,多云,18,17,3,0.0,85,48
2026-05-21 08:00:45,2026-05-22,4,羽毛球馆-2号,10:00-11:00,1,1,已售/已满,教学时间,晴,17,12,5,0.0,86,29
2026-05-21 08:02:30,2026-05-22,4,羽毛球馆-2号,10:00-11:00,1,1,已售/已满,教学时间,多云,17,12,5,0.0,87,29
2026-05-21 08:05:36,2026-05-22,4,羽毛球馆-2号,10:00-11:00,1,1,已售/已满,教学时间,多云,17,12,5,0.0,86,29
2026-05-21 08:08:31,2026-05-22,4,羽毛球馆-2号,10:00-11:00,1,1,已售/已满,教学时间,多云,17,12,5,0.0,86,29
2026-05-21 08:11:30,2026-05-22,4,羽毛球馆-2号,10:00-11:00,1,1,已售/已满,教学时间,多云,17,12,5,0.0,86,29
2026-05-21 08:14:31,2026-05-22,4,羽毛球馆-2号,10:00-11:00,1,1,已售/已满,教学时间,多云,17,12,5,0.0,86,29
2026-05-21 08:17:30,2026-05-22,4,羽毛球馆-2号,10:00-11:00,1,1,已售/已满,教学时间,多云,17,12,5,0.0,86,29
2026-05-21 08:20:35,2026-05-22,4,羽毛球馆-2号,10:00-11:00,1,1,已售/已满,教学时间,多云,17,14,4,0.0,85,29
2026-05-21 08:25:32,2026-05-22,4,羽毛球馆-2号,10:00-11:00,1,1,已售/已满,教学时间,多云,17,14,4,0.0,85,28
2026-05-21 08:30:42,2026-05-22,4,羽毛球馆-2号,10:00-11:00,1,1,已售/已满,教学时间,多云,18,15,4,0.0,84,28
2026-05-21 08:35:31,2026-05-22,4,羽毛球馆-2号,10:00-11:00,1,1,已售/已满,教学时间,多云,18,15,4,0.0,84,28
2026-05-21 08:40:38,2026-05-22,4,羽毛球馆-2号,10:00-11:00,1,1,已售/已满,教学时间,多云,18,15,4,0.0,82,28
2026-05-21 08:45:33,2026-05-22,4,羽毛球馆-2号,10:00-11:00,1,1,已售/已满,教学时间,多云,18,15,4,0.0,82,28
2026-05-21 08:50:36,2026-05-22,4,羽毛球馆-2号,10:00-11:00,1,1,已售/已满,教学时间,多云,18,15,4,0.0,82,28
2026-05-21 08:55:34,2026-05-22,4,羽毛球馆-2号,10:00-11:00,1,1,已售/已满,教学时间,多云,18,15,4,0.0,84,28
2026-05-21 09:00:51,2026-05-22,4,羽毛球馆-2号,10:00-11:00,1,1,已售/已满,教学时间,多云,18,15,4,0.0,84,28
2026-05-21 09:01:59,2026-05-22,4,羽毛球馆-2号,10:00-11:00,1,1,已售/已满,教学时间,多云,18,15,4,0.0,83,28
2026-05-21 09:05:33,2026-05-22,4,羽毛球馆-2号,10:00-11:00,1,1,已售/已满,教学时间,多云,18,15,4,0.0,83,28
2026-05-21 09:20:38,2026-05-22,4,羽毛球馆-2号,10:00-11:00,1,1,已售/已满,教学时间,多云,18,16,3,0.0,81,28
2026-05-21 09:30:46,2026-05-22,4,羽毛球馆-2号,10:00-11:00,1,1,已售/已满,教学时间,多云,18,16,3,0.0,81,32
2026-05-21 09:40:36,2026-05-22,4,羽毛球馆-2号,10:00-11:00,1,1,已售/已满,教学时间,多云,19,17,3,0.0,79,32
2026-05-21 09:50:42,2026-05-22,4,羽毛球馆-2号,10:00-11:00,1,1,已售/已满,教学时间,多云,19,17,4,0.0,81,32
2026-05-21 10:00:46,2026-05-22,4,羽毛球馆-2号,10:00-11:00,1,1,已售/已满,教学时间,多云,19,17,4,0.0,79,32
2026-05-21 10:10:40,2026-05-22,4,羽毛球馆-2号,10:00-11:00,1,1,已售/已满,教学时间,多云,19,17,4,0.0,79,32
2026-05-21 10:20:38,2026-05-22,4,羽毛球馆-2号,10:00-11:00,1,1,已售/已满,教学时间,多云,19,17,4,0.0,79,32
2026-05-21 10:30:41,2026-05-22,4,羽毛球馆-2号,10:00-11:00,1,1,已售/已满,教学时间,多云,19,18,3,0.0,78,31
2026-05-21 11:00:44,2026-05-22,4,羽毛球馆-2号,10:00-11:00,1,1,已售/已满,教学时间,多云,21,17,5,0.0,74,31
2026-05-21 11:30:38,2026-05-22,4,羽毛球馆-2号,10:00-11:00,1,1,已售/已满,教学时间,多云,21,19,3,0.0,72,33
2026-05-21 12:00:46,2026-05-22,4,羽毛球馆-2号,10:00-11:00,1,1,已售/已满,教学时间,多云,22,19,4,0.0,70,33
2026-05-21 12:30:42,2026-05-22,4,羽毛球馆-2号,10:00-11:00,1,1,已售/已满,教学时间,多云,22,21,3,0.0,68,35
2026-05-21 13:00:43,2026-05-22,4,羽毛球馆-2号,10:00-11:00,1,1,已售/已满,教学时间,多云,24,22,4,0.0,66,35
2026-05-21 13:30:43,2026-05-22,4,羽毛球馆-2号,10:00-11:00,1,1,已售/已满,教学时间,多云,24,22,4,0.0,66,36
2026-05-21 14:00:48,2026-05-22,4,羽毛球馆-2号,10:00-11:00,1,1,已售/已满,教学时间,多云,25,23,4,0.0,66,36
2026-05-21 14:30:45,2026-05-22,4,羽毛球馆-2号,10:00-11:00,1,1,已售/已满,教学时间,晴,25,25,3,0.0,65,39
2026-05-21 15:00:45,2026-05-22,4,羽毛球馆-2号,10:00-11:00,1,1,已售/已满,教学时间,晴,25,22,4,0.0,56,39
2026-05-21 15:30:43,2026-05-22,4,羽毛球馆-2号,10:00-11:00,1,1,已售/已满,教学时间,晴,25,23,4,0.0,57,40
2026-05-21 16:00:51,2026-05-22,4,羽毛球馆-2号,10:00-11:00,1,1,已售/已满,教学时间,晴,25,23,4,0.0,57,40
2026-05-21 16:30:48,2026-05-22,4,羽毛球馆-2号,10:00-11:00,1,1,已售/已满,教学时间,晴,25,24,3,0.0,60,39
2026-05-21 17:00:49,2026-05-22,4,羽毛球馆-2号,10:00-11:00,1,1,已售/已满,教学时间,晴,25,24,4,0.0,61,39
2026-05-21 17:30:47,2026-05-22,4,羽毛球馆-2号,10:00-11:00,1,1,已售/已满,教学时间,多云,24,23,3,0.0,64,39
2026-05-21 18:00:50,2026-05-22,4,羽毛球馆-2号,10:00-11:00,1,1,已售/已满,教学时间,多云,24,23,3,0.0,68,39
2026-05-21 18:30:50,2026-05-22,4,羽毛球馆-2号,10:00-11:00,1,1,已售/已满,教学时间,阴,24,25,2,0.0,68,40
2026-05-21 19:00:50,2026-05-22,4,羽毛球馆-2号,10:00-11:00,1,1,已售/已满,教学时间,阴,23,23,3,0.0,76,40
2026-05-21 19:30:46,2026-05-22,4,羽毛球馆-2号,10:00-11:00,1,1,已售/已满,教学时间,阴,23,24,2,0.0,77,39
2026-05-21 20:00:49,2026-05-22,4,羽毛球馆-2号,10:00-11:00,1,1,已售/已满,教学时间,雾,22,23,2,0.0,89,39
2026-05-21 20:30:44,2026-05-22,4,羽毛球馆-2号,10:00-11:00,1,1,已售/已满,教学时间,雾,22,24,2,0.0,93,43
2026-05-21 21:00:56,2026-05-22,4,羽毛球馆-2号,10:00-11:00,1,1,已售/已满,教学时间,雾,20,21,2,0.0,98,43
2026-05-21 21:30:46,2026-05-22,4,羽毛球馆-2号,10:00-11:00,1,1,已售/已满,教学时间,雾,20,22,1,0.0,99,41
2026-05-21 22:01:02,2026-05-22,4,羽毛球馆-2号,10:00-11:00,1,1,已售/已满,教学时间,雾,19,20,2,0.0,93,41
2026-05-21 22:30:47,2026-05-22,4,羽毛球馆-2号,10:00-11:00,1,1,已售/已满,教学时间,雾,19,19,3,0.0,88,46
2026-05-21 23:00:56,2026-05-22,4,羽毛球馆-2号,10:00-11:00,1,1,已售/已满,教学时间,多云,18,17,3,0.0,85,46
2026-05-21 23:30:55,2026-05-22,4,羽毛球馆-2号,10:00-11:00,1,1,已售/已满,教学时间,多云,18,17,3,0.0,85,48
2026-05-21 08:00:45,2026-05-22,4,羽毛球馆-2号,11:00-12:00,1,1,已售/已满,教学时间,晴,17,12,5,0.0,86,29
2026-05-21 08:02:30,2026-05-22,4,羽毛球馆-2号,11:00-12:00,1,1,已售/已满,教学时间,多云,17,12,5,0.0,87,29
2026-05-21 08:05:36,2026-05-22,4,羽毛球馆-2号,11:00-12:00,1,1,已售/已满,教学时间,多云,17,12,5,0.0,86,29
2026-05-21 08:08:31,2026-05-22,4,羽毛球馆-2号,11:00-12:00,1,1,已售/已满,教学时间,多云,17,12,5,0.0,86,29
2026-05-21 08:11:30,2026-05-22,4,羽毛球馆-2号,11:00-12:00,1,1,已售/已满,教学时间,多云,17,12,5,0.0,86,29
2026-05-21 08:14:31,2026-05-22,4,羽毛球馆-2号,11:00-12:00,1,1,已售/已满,教学时间,多云,17,12,5,0.0,86,29
2026-05-21 08:17:30,2026-05-22,4,羽毛球馆-2号,11:00-12:00,1,1,已售/已满,教学时间,多云,17,12,5,0.0,86,29
2026-05-21 08:20:35,2026-05-22,4,羽毛球馆-2号,11:00-12:00,1,1,已售/已满,教学时间,多云,17,14,4,0.0,85,29
2026-05-21 08:25:32,2026-05-22,4,羽毛球馆-2号,11:00-12:00,1,1,已售/已满,教学时间,多云,17,14,4,0.0,85,28
2026-05-21 08:30:42,2026-05-22,4,羽毛球馆-2号,11:00-12:00,1,1,已售/已满,教学时间,多云,18,15,4,0.0,84,28
2026-05-21 08:35:31,2026-05-22,4,羽毛球馆-2号,11:00-12:00,1,1,已售/已满,教学时间,多云,18,15,4,0.0,84,28
2026-05-21 08:40:38,2026-05-22,4,羽毛球馆-2号,11:00-12:00,1,1,已售/已满,教学时间,多云,18,15,4,0.0,82,28
2026-05-21 08:45:33,2026-05-22,4,羽毛球馆-2号,11:00-12:00,1,1,已售/已满,教学时间,多云,18,15,4,0.0,82,28
2026-05-21 08:50:36,2026-05-22,4,羽毛球馆-2号,11:00-12:00,1,1,已售/已满,教学时间,多云,18,15,4,0.0,82,28
2026-05-21 08:55:34,2026-05-22,4,羽毛球馆-2号,11:00-12:00,1,1,已售/已满,教学时间,多云,18,15,4,0.0,84,28
2026-05-21 09:00:51,2026-05-22,4,羽毛球馆-2号,11:00-12:00,1,1,已售/已满,教学时间,多云,18,15,4,0.0,84,28
2026-05-21 09:01:59,2026-05-22,4,羽毛球馆-2号,11:00-12:00,1,1,已售/已满,教学时间,多云,18,15,4,0.0,83,28
2026-05-21 09:05:33,2026-05-22,4,羽毛球馆-2号,11:00-12:00,1,1,已售/已满,教学时间,多云,18,15,4,0.0,83,28
2026-05-21 09:20:38,2026-05-22,4,羽毛球馆-2号,11:00-12:00,1,1,已售/已满,教学时间,多云,18,16,3,0.0,81,28
2026-05-21 09:30:46,2026-05-22,4,羽毛球馆-2号,11:00-12:00,1,1,已售/已满,教学时间,多云,18,16,3,0.0,81,32
2026-05-21 09:40:36,2026-05-22,4,羽毛球馆-2号,11:00-12:00,1,1,已售/已满,教学时间,多云,19,17,3,0.0,79,32
2026-05-21 09:50:42,2026-05-22,4,羽毛球馆-2号,11:00-12:00,1,1,已售/已满,教学时间,多云,19,17,4,0.0,81,32
2026-05-21 10:00:46,2026-05-22,4,羽毛球馆-2号,11:00-12:00,1,1,已售/已满,教学时间,多云,19,17,4,0.0,79,32
2026-05-21 10:10:40,2026-05-22,4,羽毛球馆-2号,11:00-12:00,1,1,已售/已满,教学时间,多云,19,17,4,0.0,79,32
2026-05-21 10:20:38,2026-05-22,4,羽毛球馆-2号,11:00-12:00,1,1,已售/已满,教学时间,多云,19,17,4,0.0,79,32
2026-05-21 10:30:41,2026-05-22,4,羽毛球馆-2号,11:00-12:00,1,1,已售/已满,教学时间,多云,19,18,3,0.0,78,31
2026-05-21 11:00:44,2026-05-22,4,羽毛球馆-2号,11:00-12:00,1,1,已售/已满,教学时间,多云,21,17,5,0.0,74,31
2026-05-21 11:30:38,2026-05-22,4,羽毛球馆-2号,11:00-12:00,1,1,已售/已满,教学时间,多云,21,19,3,0.0,72,33
2026-05-21 12:00:46,2026-05-22,4,羽毛球馆-2号,11:00-12:00,1,1,已售/已满,教学时间,多云,22,19,4,0.0,70,33
2026-05-21 12:30:42,2026-05-22,4,羽毛球馆-2号,11:00-12:00,1,1,已售/已满,教学时间,多云,22,21,3,0.0,68,35
2026-05-21 13:00:43,2026-05-22,4,羽毛球馆-2号,11:00-12:00,1,1,已售/已满,教学时间,多云,24,22,4,0.0,66,35
2026-05-21 13:30:43,2026-05-22,4,羽毛球馆-2号,11:00-12:00,1,1,已售/已满,教学时间,多云,24,22,4,0.0,66,36
2026-05-21 14:00:48,2026-05-22,4,羽毛球馆-2号,11:00-12:00,1,1,已售/已满,教学时间,多云,25,23,4,0.0,66,36
2026-05-21 14:30:45,2026-05-22,4,羽毛球馆-2号,11:00-12:00,1,1,已售/已满,教学时间,晴,25,25,3,0.0,65,39
2026-05-21 15:00:45,2026-05-22,4,羽毛球馆-2号,11:00-12:00,1,1,已售/已满,教学时间,晴,25,22,4,0.0,56,39
2026-05-21 15:30:43,2026-05-22,4,羽毛球馆-2号,11:00-12:00,1,1,已售/已满,教学时间,晴,25,23,4,0.0,57,40
2026-05-21 16:00:51,2026-05-22,4,羽毛球馆-2号,11:00-12:00,1,1,已售/已满,教学时间,晴,25,23,4,0.0,57,40
2026-05-21 16:30:48,2026-05-22,4,羽毛球馆-2号,11:00-12:00,1,1,已售/已满,教学时间,晴,25,24,3,0.0,60,39
2026-05-21 17:00:49,2026-05-22,4,羽毛球馆-2号,11:00-12:00,1,1,已售/已满,教学时间,晴,25,24,4,0.0,61,39
2026-05-21 17:30:47,2026-05-22,4,羽毛球馆-2号,11:00-12:00,1,1,已售/已满,教学时间,多云,24,23,3,0.0,64,39
2026-05-21 18:00:50,2026-05-22,4,羽毛球馆-2号,11:00-12:00,1,1,已售/已满,教学时间,多云,24,23,3,0.0,68,39
2026-05-21 18:30:50,2026-05-22,4,羽毛球馆-2号,11:00-12:00,1,1,已售/已满,教学时间,阴,24,25,2,0.0,68,40
2026-05-21 19:00:50,2026-05-22,4,羽毛球馆-2号,11:00-12:00,1,1,已售/已满,教学时间,阴,23,23,3,0.0,76,40
2026-05-21 19:30:46,2026-05-22,4,羽毛球馆-2号,11:00-12:00,1,1,已售/已满,教学时间,阴,23,24,2,0.0,77,39
2026-05-21 20:00:49,2026-05-22,4,羽毛球馆-2号,11:00-12:00,1,1,已售/已满,教学时间,雾,22,23,2,0.0,89,39
2026-05-21 20:30:44,2026-05-22,4,羽毛球馆-2号,11:00-12:00,1,1,已售/已满,教学时间,雾,22,24,2,0.0,93,43
2026-05-21 21:00:56,2026-05-22,4,羽毛球馆-2号,11:00-12:00,1,1,已售/已满,教学时间,雾,20,21,2,0.0,98,43
2026-05-21 21:30:46,2026-05-22,4,羽毛球馆-2号,11:00-12:00,1,1,已售/已满,教学时间,雾,20,22,1,0.0,99,41
2026-05-21 22:01:02,2026-05-22,4,羽毛球馆-2号,11:00-12:00,1,1,已售/已满,教学时间,雾,19,20,2,0.0,93,41
2026-05-21 22:30:47,2026-05-22,4,羽毛球馆-2号,11:00-12:00,1,1,已售/已满,教学时间,雾,19,19,3,0.0,88,46
2026-05-21 23:00:56,2026-05-22,4,羽毛球馆-2号,11:00-12:00,1,1,已售/已满,教学时间,多云,18,17,3,0.0,85,46
2026-05-21 23:30:55,2026-05-22,4,羽毛球馆-2号,11:00-12:00,1,1,已售/已满,教学时间,多云,18,17,3,0.0,85,48
2026-05-21 08:00:45,2026-05-22,4,羽毛球馆-2号,12:00-12:55,0,1,可预约,￥0.0,晴,17,12,5,0.0,86,29
2026-05-21 08:02:30,2026-05-22,4,羽毛球馆-2号,12:00-12:55,0,1,可预约,￥0.0,多云,17,12,5,0.0,87,29
2026-05-21 08:05:36,2026-05-22,4,羽毛球馆-2号,12:00-12:55,0,1,可预约,￥0.0,多云,17,12,5,0.0,86,29
2026-05-21 08:08:31,2026-05-22,4,羽毛球馆-2号,12:00-12:55,0,1,可预约,￥0.0,多云,17,12,5,0.0,86,29
2026-05-21 08:11:30,2026-05-22,4,羽毛球馆-2号,12:00-12:55,0,1,可预约,￥0.0,多云,17,12,5,0.0,86,29
2026-05-21 08:14:31,2026-05-22,4,羽毛球馆-2号,12:00-12:55,0,1,可预约,￥0.0,多云,17,12,5,0.0,86,29
2026-05-21 08:17:30,2026-05-22,4,羽毛球馆-2号,12:00-12:55,0,1,可预约,￥0.0,多云,17,12,5,0.0,86,29
2026-05-21 08:20:35,2026-05-22,4,羽毛球馆-2号,12:00-12:55,0,1,可预约,￥0.0,多云,17,14,4,0.0,85,29
2026-05-21 08:25:32,2026-05-22,4,羽毛球馆-2号,12:00-12:55,0,1,可预约,￥0.0,多云,17,14,4,0.0,85,28
2026-05-21 08:30:42,2026-05-22,4,羽毛球馆-2号,12:00-12:55,0,1,可预约,￥0.0,多云,18,15,4,0.0,84,28
2026-05-21 08:35:31,2026-05-22,4,羽毛球馆-2号,12:00-12:55,0,1,可预约,￥0.0,多云,18,15,4,0.0,84,28
2026-05-21 08:40:38,2026-05-22,4,羽毛球馆-2号,12:00-12:55,0,1,可预约,￥0.0,多云,18,15,4,0.0,82,28
2026-05-21 08:45:33,2026-05-22,4,羽毛球馆-2号,12:00-12:55,0,1,可预约,￥0.0,多云,18,15,4,0.0,82,28
2026-05-21 08:50:36,2026-05-22,4,羽毛球馆-2号,12:00-12:55,0,1,可预约,￥0.0,多云,18,15,4,0.0,82,28
2026-05-21 08:55:34,2026-05-22,4,羽毛球馆-2号,12:00-12:55,0,1,可预约,￥0.0,多云,18,15,4,0.0,84,28
2026-05-21 09:00:51,2026-05-22,4,羽毛球馆-2号,12:00-12:55,0,1,可预约,￥0.0,多云,18,15,4,0.0,84,28
2026-05-21 09:01:59,2026-05-22,4,羽毛球馆-2号,12:00-12:55,0,1,可预约,￥0.0,多云,18,15,4,0.0,83,28
2026-05-21 09:05:33,2026-05-22,4,羽毛球馆-2号,12:00-12:55,0,1,可预约,￥0.0,多云,18,15,4,0.0,83,28
2026-05-21 09:20:38,2026-05-22,4,羽毛球馆-2号,12:00-12:55,1,1,已售/已满,已售,多云,18,16,3,0.0,81,28
2026-05-21 09:30:46,2026-05-22,4,羽毛球馆-2号,12:00-12:55,1,1,已售/已满,已售,多云,18,16,3,0.0,81,32
2026-05-21 09:40:36,2026-05-22,4,羽毛球馆-2号,12:00-12:55,1,1,已售/已满,已售,多云,19,17,3,0.0,79,32
2026-05-21 09:50:42,2026-05-22,4,羽毛球馆-2号,12:00-12:55,1,1,已售/已满,已售,多云,19,17,4,0.0,81,32
2026-05-21 10:00:46,2026-05-22,4,羽毛球馆-2号,12:00-12:55,1,1,已售/已满,已售,多云,19,17,4,0.0,79,32
2026-05-21 10:10:40,2026-05-22,4,羽毛球馆-2号,12:00-12:55,1,1,已售/已满,已售,多云,19,17,4,0.0,79,32
2026-05-21 10:20:38,2026-05-22,4,羽毛球馆-2号,12:00-12:55,1,1,已售/已满,已售,多云,19,17,4,0.0,79,32
2026-05-21 10:30:41,2026-05-22,4,羽毛球馆-2号,12:00-12:55,1,1,已售/已满,已售,多云,19,18,3,0.0,78,31
2026-05-21 11:00:44,2026-05-22,4,羽毛球馆-2号,12:00-12:55,1,1,已售/已满,已售,多云,21,17,5,0.0,74,31
2026-05-21 11:30:38,2026-05-22,4,羽毛球馆-2号,12:00-12:55,1,1,已售/已满,已售,多云,21,19,3,0.0,72,33
2026-05-21 12:00:46,2026-05-22,4,羽毛球馆-2号,12:00-12:55,1,1,已售/已满,已售,多云,22,19,4,0.0,70,33
2026-05-21 12:30:42,2026-05-22,4,羽毛球馆-2号,12:00-12:55,1,1,已售/已满,已售,多云,22,21,3,0.0,68,35
2026-05-21 13:00:43,2026-05-22,4,羽毛球馆-2号,12:00-12:55,1,1,已售/已满,已售,多云,24,22,4,0.0,66,35
2026-05-21 13:30:43,2026-05-22,4,羽毛球馆-2号,12:00-12:55,1,1,已售/已满,已售,多云,24,22,4,0.0,66,36
2026-05-21 14:00:48,2026-05-22,4,羽毛球馆-2号,12:00-12:55,1,1,已售/已满,已售,多云,25,23,4,0.0,66,36
2026-05-21 14:30:45,2026-05-22,4,羽毛球馆-2号,12:00-12:55,1,1,已售/已满,已售,晴,25,25,3,0.0,65,39
2026-05-21 15:00:45,2026-05-22,4,羽毛球馆-2号,12:00-12:55,1,1,已售/已满,已售,晴,25,22,4,0.0,56,39
2026-05-21 15:30:43,2026-05-22,4,羽毛球馆-2号,12:00-12:55,1,1,已售/已满,已售,晴,25,23,4,0.0,57,40
2026-05-21 16:00:51,2026-05-22,4,羽毛球馆-2号,12:00-12:55,1,1,已售/已满,已售,晴,25,23,4,0.0,57,40
2026-05-21 16:30:48,2026-05-22,4,羽毛球馆-2号,12:00-12:55,1,1,已售/已满,已售,晴,25,24,3,0.0,60,39
2026-05-21 17:00:49,2026-05-22,4,羽毛球馆-2号,12:00-12:55,1,1,已售/已满,已售,晴,25,24,4,0.0,61,39
2026-05-21 17:30:47,2026-05-22,4,羽毛球馆-2号,12:00-12:55,1,1,已售/已满,已售,多云,24,23,3,0.0,64,39
2026-05-21 18:00:50,2026-05-22,4,羽毛球馆-2号,12:00-12:55,1,1,已售/已满,已售,多云,24,23,3,0.0,68,39
2026-05-21 18:30:50,2026-05-22,4,羽毛球馆-2号,12:00-12:55,1,1,已售/已满,已售,阴,24,25,2,0.0,68,40
2026-05-21 19:00:50,2026-05-22,4,羽毛球馆-2号,12:00-12:55,1,1,已售/已满,已售,阴,23,23,3,0.0,76,40
2026-05-21 19:30:46,2026-05-22,4,羽毛球馆-2号,12:00-12:55,1,1,已售/已满,已售,阴,23,24,2,0.0,77,39
2026-05-21 20:00:49,2026-05-22,4,羽毛球馆-2号,12:00-12:55,1,1,已售/已满,已售,雾,22,23,2,0.0,89,39
2026-05-21 20:30:44,2026-05-22,4,羽毛球馆-2号,12:00-12:55,1,1,已售/已满,已售,雾,22,24,2,0.0,93,43
2026-05-21 21:00:56,2026-05-22,4,羽毛球馆-2号,12:00-12:55,1,1,已售/已满,已售,雾,20,21,2,0.0,98,43
2026-05-21 21:30:46,2026-05-22,4,羽毛球馆-2号,12:00-12:55,1,1,已售/已满,已售,雾,20,22,1,0.0,99,41
2026-05-21 22:01:02,2026-05-22,4,羽毛球馆-2号,12:00-12:55,1,1,已售/已满,已售,雾,19,20,2,0.0,93,41
2026-05-21 22:30:47,2026-05-22,4,羽毛球馆-2号,12:00-12:55,1,1,已售/已满,已售,雾,19,19,3,0.0,88,46
2026-05-21 23:00:56,2026-05-22,4,羽毛球馆-2号,12:00-12:55,1,1,已售/已满,已售,多云,18,17,3,0.0,85,46
2026-05-21 23:30:55,2026-05-22,4,羽毛球馆-2号,12:00-12:55,1,1,已售/已满,已售,多云,18,17,3,0.0,85,48
2026-05-21 08:00:45,2026-05-22,4,羽毛球馆-2号,12:55-13:50,0,1,可预约,￥0.0,晴,17,12,5,0.0,86,29
2026-05-21 08:02:30,2026-05-22,4,羽毛球馆-2号,12:55-13:50,0,1,可预约,￥0.0,多云,17,12,5,0.0,87,29
2026-05-21 08:05:36,2026-05-22,4,羽毛球馆-2号,12:55-13:50,0,1,可预约,￥0.0,多云,17,12,5,0.0,86,29
2026-05-21 08:08:31,2026-05-22,4,羽毛球馆-2号,12:55-13:50,0,1,可预约,￥0.0,多云,17,12,5,0.0,86,29
2026-05-21 08:11:30,2026-05-22,4,羽毛球馆-2号,12:55-13:50,0,1,可预约,￥0.0,多云,17,12,5,0.0,86,29
2026-05-21 08:14:31,2026-05-22,4,羽毛球馆-2号,12:55-13:50,0,1,可预约,￥0.0,多云,17,12,5,0.0,86,29
2026-05-21 08:17:30,2026-05-22,4,羽毛球馆-2号,12:55-13:50,0,1,可预约,￥0.0,多云,17,12,5,0.0,86,29
2026-05-21 08:20:35,2026-05-22,4,羽毛球馆-2号,12:55-13:50,0,1,可预约,￥0.0,多云,17,14,4,0.0,85,29
2026-05-21 08:25:32,2026-05-22,4,羽毛球馆-2号,12:55-13:50,0,1,可预约,￥0.0,多云,17,14,4,0.0,85,28
2026-05-21 08:30:42,2026-05-22,4,羽毛球馆-2号,12:55-13:50,0,1,可预约,￥0.0,多云,18,15,4,0.0,84,28
2026-05-21 08:35:31,2026-05-22,4,羽毛球馆-2号,12:55-13:50,0,1,可预约,￥0.0,多云,18,15,4,0.0,84,28
2026-05-21 08:40:38,2026-05-22,4,羽毛球馆-2号,12:55-13:50,0,1,可预约,￥0.0,多云,18,15,4,0.0,82,28
2026-05-21 08:45:33,2026-05-22,4,羽毛球馆-2号,12:55-13:50,0,1,可预约,￥0.0,多云,18,15,4,0.0,82,28
2026-05-21 08:50:36,2026-05-22,4,羽毛球馆-2号,12:55-13:50,0,1,可预约,￥0.0,多云,18,15,4,0.0,82,28
2026-05-21 08:55:34,2026-05-22,4,羽毛球馆-2号,12:55-13:50,0,1,可预约,￥0.0,多云,18,15,4,0.0,84,28
2026-05-21 09:00:51,2026-05-22,4,羽毛球馆-2号,12:55-13:50,0,1,可预约,￥0.0,多云,18,15,4,0.0,84,28
2026-05-21 09:01:59,2026-05-22,4,羽毛球馆-2号,12:55-13:50,0,1,可预约,￥0.0,多云,18,15,4,0.0,83,28
2026-05-21 09:05:33,2026-05-22,4,羽毛球馆-2号,12:55-13:50,0,1,可预约,￥0.0,多云,18,15,4,0.0,83,28
2026-05-21 09:20:38,2026-05-22,4,羽毛球馆-2号,12:55-13:50,1,1,已售/已满,已售,多云,18,16,3,0.0,81,28
2026-05-21 09:30:46,2026-05-22,4,羽毛球馆-2号,12:55-13:50,1,1,已售/已满,已售,多云,18,16,3,0.0,81,32
2026-05-21 09:40:36,2026-05-22,4,羽毛球馆-2号,12:55-13:50,1,1,已售/已满,已售,多云,19,17,3,0.0,79,32
2026-05-21 09:50:42,2026-05-22,4,羽毛球馆-2号,12:55-13:50,1,1,已售/已满,已售,多云,19,17,4,0.0,81,32
2026-05-21 10:00:46,2026-05-22,4,羽毛球馆-2号,12:55-13:50,1,1,已售/已满,已售,多云,19,17,4,0.0,79,32
2026-05-21 10:10:40,2026-05-22,4,羽毛球馆-2号,12:55-13:50,1,1,已售/已满,已售,多云,19,17,4,0.0,79,32
2026-05-21 10:20:38,2026-05-22,4,羽毛球馆-2号,12:55-13:50,1,1,已售/已满,已售,多云,19,17,4,0.0,79,32
2026-05-21 10:30:41,2026-05-22,4,羽毛球馆-2号,12:55-13:50,1,1,已售/已满,已售,多云,19,18,3,0.0,78,31
2026-05-21 11:00:44,2026-05-22,4,羽毛球馆-2号,12:55-13:50,1,1,已售/已满,已售,多云,21,17,5,0.0,74,31
2026-05-21 11:30:38,2026-05-22,4,羽毛球馆-2号,12:55-13:50,1,1,已售/已满,已售,多云,21,19,3,0.0,72,33
2026-05-21 12:00:46,2026-05-22,4,羽毛球馆-2号,12:55-13:50,1,1,已售/已满,已售,多云,22,19,4,0.0,70,33
2026-05-21 12:30:42,2026-05-22,4,羽毛球馆-2号,12:55-13:50,1,1,已售/已满,已售,多云,22,21,3,0.0,68,35
2026-05-21 13:00:43,2026-05-22,4,羽毛球馆-2号,12:55-13:50,1,1,已售/已满,已售,多云,24,22,4,0.0,66,35
2026-05-21 13:30:43,2026-05-22,4,羽毛球馆-2号,12:55-13:50,1,1,已售/已满,已售,多云,24,22,4,0.0,66,36
2026-05-21 14:00:48,2026-05-22,4,羽毛球馆-2号,12:55-13:50,1,1,已售/已满,已售,多云,25,23,4,0.0,66,36
2026-05-21 14:30:45,2026-05-22,4,羽毛球馆-2号,12:55-13:50,1,1,已售/已满,已售,晴,25,25,3,0.0,65,39
2026-05-21 15:00:45,2026-05-22,4,羽毛球馆-2号,12:55-13:50,1,1,已售/已满,已售,晴,25,22,4,0.0,56,39
2026-05-21 15:30:43,2026-05-22,4,羽毛球馆-2号,12:55-13:50,1,1,已售/已满,已售,晴,25,23,4,0.0,57,40
2026-05-21 16:00:51,2026-05-22,4,羽毛球馆-2号,12:55-13:50,1,1,已售/已满,已售,晴,25,23,4,0.0,57,40
2026-05-21 16:30:48,2026-05-22,4,羽毛球馆-2号,12:55-13:50,1,1,已售/已满,已售,晴,25,24,3,0.0,60,39
2026-05-21 17:00:49,2026-05-22,4,羽毛球馆-2号,12:55-13:50,1,1,已售/已满,已售,晴,25,24,4,0.0,61,39
2026-05-21 17:30:47,2026-05-22,4,羽毛球馆-2号,12:55-13:50,1,1,已售/已满,已售,多云,24,23,3,0.0,64,39
2026-05-21 18:00:50,2026-05-22,4,羽毛球馆-2号,12:55-13:50,1,1,已售/已满,已售,多云,24,23,3,0.0,68,39
2026-05-21 18:30:50,2026-05-22,4,羽毛球馆-2号,12:55-13:50,1,1,已售/已满,已售,阴,24,25,2,0.0,68,40
2026-05-21 19:00:50,2026-05-22,4,羽毛球馆-2号,12:55-13:50,1,1,已售/已满,已售,阴,23,23,3,0.0,76,40
2026-05-21 19:30:46,2026-05-22,4,羽毛球馆-2号,12:55-13:50,1,1,已售/已满,已售,阴,23,24,2,0.0,77,39
2026-05-21 20:00:49,2026-05-22,4,羽毛球馆-2号,12:55-13:50,1,1,已售/已满,已售,雾,22,23,2,0.0,89,39
2026-05-21 20:30:44,2026-05-22,4,羽毛球馆-2号,12:55-13:50,1,1,已售/已满,已售,雾,22,24,2,0.0,93,43
2026-05-21 21:00:56,2026-05-22,4,羽毛球馆-2号,12:55-13:50,1,1,已售/已满,已售,雾,20,21,2,0.0,98,43
2026-05-21 21:30:46,2026-05-22,4,羽毛球馆-2号,12:55-13:50,1,1,已售/已满,已售,雾,20,22,1,0.0,99,41
2026-05-21 22:01:02,2026-05-22,4,羽毛球馆-2号,12:55-13:50,1,1,已售/已满,已售,雾,19,20,2,0.0,93,41
2026-05-21 22:30:47,2026-05-22,4,羽毛球馆-2号,12:55-13:50,1,1,已售/已满,已售,雾,19,19,3,0.0,88,46
2026-05-21 23:00:56,2026-05-22,4,羽毛球馆-2号,12:55-13:50,1,1,已售/已满,已售,多云,18,17,3,0.0,85,46
2026-05-21 23:30:55,2026-05-22,4,羽毛球馆-2号,12:55-13:50,1,1,已售/已满,已售,多云,18,17,3,0.0,85,48
2026-05-21 08:00:45,2026-05-22,4,羽毛球馆-2号,14:00-15:00,1,1,已售/已满,教学时间,晴,17,12,5,0.0,86,29
2026-05-21 08:02:30,2026-05-22,4,羽毛球馆-2号,14:00-15:00,1,1,已售/已满,教学时间,多云,17,12,5,0.0,87,29
2026-05-21 08:05:36,2026-05-22,4,羽毛球馆-2号,14:00-15:00,1,1,已售/已满,教学时间,多云,17,12,5,0.0,86,29
2026-05-21 08:08:31,2026-05-22,4,羽毛球馆-2号,14:00-15:00,1,1,已售/已满,教学时间,多云,17,12,5,0.0,86,29
2026-05-21 08:11:30,2026-05-22,4,羽毛球馆-2号,14:00-15:00,1,1,已售/已满,教学时间,多云,17,12,5,0.0,86,29
2026-05-21 08:14:31,2026-05-22,4,羽毛球馆-2号,14:00-15:00,1,1,已售/已满,教学时间,多云,17,12,5,0.0,86,29
2026-05-21 08:17:30,2026-05-22,4,羽毛球馆-2号,14:00-15:00,1,1,已售/已满,教学时间,多云,17,12,5,0.0,86,29
2026-05-21 08:20:35,2026-05-22,4,羽毛球馆-2号,14:00-15:00,1,1,已售/已满,教学时间,多云,17,14,4,0.0,85,29
2026-05-21 08:25:32,2026-05-22,4,羽毛球馆-2号,14:00-15:00,1,1,已售/已满,教学时间,多云,17,14,4,0.0,85,28
2026-05-21 08:30:42,2026-05-22,4,羽毛球馆-2号,14:00-15:00,1,1,已售/已满,教学时间,多云,18,15,4,0.0,84,28
2026-05-21 08:35:31,2026-05-22,4,羽毛球馆-2号,14:00-15:00,1,1,已售/已满,教学时间,多云,18,15,4,0.0,84,28
2026-05-21 08:40:38,2026-05-22,4,羽毛球馆-2号,14:00-15:00,1,1,已售/已满,教学时间,多云,18,15,4,0.0,82,28
2026-05-21 08:45:33,2026-05-22,4,羽毛球馆-2号,14:00-15:00,1,1,已售/已满,教学时间,多云,18,15,4,0.0,82,28
2026-05-21 08:50:36,2026-05-22,4,羽毛球馆-2号,14:00-15:00,1,1,已售/已满,教学时间,多云,18,15,4,0.0,82,28
2026-05-21 08:55:34,2026-05-22,4,羽毛球馆-2号,14:00-15:00,1,1,已售/已满,教学时间,多云,18,15,4,0.0,84,28
2026-05-21 09:00:51,2026-05-22,4,羽毛球馆-2号,14:00-15:00,1,1,已售/已满,教学时间,多云,18,15,4,0.0,84,28
2026-05-21 09:01:59,2026-05-22,4,羽毛球馆-2号,14:00-15:00,1,1,已售/已满,教学时间,多云,18,15,4,0.0,83,28
2026-05-21 09:05:33,2026-05-22,4,羽毛球馆-2号,14:00-15:00,1,1,已售/已满,教学时间,多云,18,15,4,0.0,83,28
2026-05-21 09:20:38,2026-05-22,4,羽毛球馆-2号,14:00-15:00,1,1,已售/已满,教学时间,多云,18,16,3,0.0,81,28
2026-05-21 09:30:46,2026-05-22,4,羽毛球馆-2号,14:00-15:00,1,1,已售/已满,教学时间,多云,18,16,3,0.0,81,32
2026-05-21 09:40:36,2026-05-22,4,羽毛球馆-2号,14:00-15:00,1,1,已售/已满,教学时间,多云,19,17,3,0.0,79,32
2026-05-21 09:50:42,2026-05-22,4,羽毛球馆-2号,14:00-15:00,1,1,已售/已满,教学时间,多云,19,17,4,0.0,81,32
2026-05-21 10:00:46,2026-05-22,4,羽毛球馆-2号,14:00-15:00,1,1,已售/已满,教学时间,多云,19,17,4,0.0,79,32
2026-05-21 10:10:40,2026-05-22,4,羽毛球馆-2号,14:00-15:00,1,1,已售/已满,教学时间,多云,19,17,4,0.0,79,32
2026-05-21 10:20:38,2026-05-22,4,羽毛球馆-2号,14:00-15:00,1,1,已售/已满,教学时间,多云,19,17,4,0.0,79,32
2026-05-21 10:30:41,2026-05-22,4,羽毛球馆-2号,14:00-15:00,1,1,已售/已满,教学时间,多云,19,18,3,0.0,78,31
2026-05-21 11:00:44,2026-05-22,4,羽毛球馆-2号,14:00-15:00,1,1,已售/已满,教学时间,多云,21,17,5,0.0,74,31
2026-05-21 11:30:38,2026-05-22,4,羽毛球馆-2号,14:00-15:00,1,1,已售/已满,教学时间,多云,21,19,3,0.0,72,33
2026-05-21 12:00:46,2026-05-22,4,羽毛球馆-2号,14:00-15:00,1,1,已售/已满,教学时间,多云,22,19,4,0.0,70,33
2026-05-21 12:30:42,2026-05-22,4,羽毛球馆-2号,14:00-15:00,1,1,已售/已满,教学时间,多云,22,21,3,0.0,68,35
2026-05-21 13:00:43,2026-05-22,4,羽毛球馆-2号,14:00-15:00,1,1,已售/已满,教学时间,多云,24,22,4,0.0,66,35
2026-05-21 13:30:43,2026-05-22,4,羽毛球馆-2号,14:00-15:00,1,1,已售/已满,教学时间,多云,24,22,4,0.0,66,36
2026-05-21 14:00:48,2026-05-22,4,羽毛球馆-2号,14:00-15:00,1,1,已售/已满,教学时间,多云,25,23,4,0.0,66,36
2026-05-21 14:30:45,2026-05-22,4,羽毛球馆-2号,14:00-15:00,1,1,已售/已满,教学时间,晴,25,25,3,0.0,65,39
2026-05-21 15:00:45,2026-05-22,4,羽毛球馆-2号,14:00-15:00,1,1,已售/已满,教学时间,晴,25,22,4,0.0,56,39
2026-05-21 15:30:43,2026-05-22,4,羽毛球馆-2号,14:00-15:00,1,1,已售/已满,教学时间,晴,25,23,4,0.0,57,40
2026-05-21 16:00:51,2026-05-22,4,羽毛球馆-2号,14:00-15:00,1,1,已售/已满,教学时间,晴,25,23,4,0.0,57,40
2026-05-21 16:30:48,2026-05-22,4,羽毛球馆-2号,14:00-15:00,1,1,已售/已满,教学时间,晴,25,24,3,0.0,60,39
2026-05-21 17:00:49,2026-05-22,4,羽毛球馆-2号,14:00-15:00,1,1,已售/已满,教学时间,晴,25,24,4,0.0,61,39
2026-05-21 17:30:47,2026-05-22,4,羽毛球馆-2号,14:00-15:00,1,1,已售/已满,教学时间,多云,24,23,3,0.0,64,39
2026-05-21 18:00:50,2026-05-22,4,羽毛球馆-2号,14:00-15:00,1,1,已售/已满,教学时间,多云,24,23,3,0.0,68,39
2026-05-21 18:30:50,2026-05-22,4,羽毛球馆-2号,14:00-15:00,1,1,已售/已满,教学时间,阴,24,25,2,0.0,68,40
2026-05-21 19:00:50,2026-05-22,4,羽毛球馆-2号,14:00-15:00,1,1,已售/已满,教学时间,阴,23,23,3,0.0,76,40
2026-05-21 19:30:46,2026-05-22,4,羽毛球馆-2号,14:00-15:00,1,1,已售/已满,教学时间,阴,23,24,2,0.0,77,39
2026-05-21 20:00:49,2026-05-22,4,羽毛球馆-2号,14:00-15:00,1,1,已售/已满,教学时间,雾,22,23,2,0.0,89,39
2026-05-21 20:30:44,2026-05-22,4,羽毛球馆-2号,14:00-15:00,1,1,已售/已满,教学时间,雾,22,24,2,0.0,93,43
2026-05-21 21:00:56,2026-05-22,4,羽毛球馆-2号,14:00-15:00,1,1,已售/已满,教学时间,雾,20,21,2,0.0,98,43
2026-05-21 21:30:46,2026-05-22,4,羽毛球馆-2号,14:00-15:00,1,1,已售/已满,教学时间,雾,20,22,1,0.0,99,41
2026-05-21 22:01:02,2026-05-22,4,羽毛球馆-2号,14:00-15:00,1,1,已售/已满,教学时间,雾,19,20,2,0.0,93,41
2026-05-21 22:30:47,2026-05-22,4,羽毛球馆-2号,14:00-15:00,1,1,已售/已满,教学时间,雾,19,19,3,0.0,88,46
2026-05-21 23:00:56,2026-05-22,4,羽毛球馆-2号,14:00-15:00,1,1,已售/已满,教学时间,多云,18,17,3,0.0,85,46
2026-05-21 23:30:55,2026-05-22,4,羽毛球馆-2号,14:00-15:00,1,1,已售/已满,教学时间,多云,18,17,3,0.0,85,48
2026-05-21 08:00:45,2026-05-22,4,羽毛球馆-2号,15:00-16:00,1,1,已售/已满,教学时间,晴,17,12,5,0.0,86,29
2026-05-21 08:02:30,2026-05-22,4,羽毛球馆-2号,15:00-16:00,1,1,已售/已满,教学时间,多云,17,12,5,0.0,87,29
2026-05-21 08:05:36,2026-05-22,4,羽毛球馆-2号,15:00-16:00,1,1,已售/已满,教学时间,多云,17,12,5,0.0,86,29
2026-05-21 08:08:31,2026-05-22,4,羽毛球馆-2号,15:00-16:00,1,1,已售/已满,教学时间,多云,17,12,5,0.0,86,29
2026-05-21 08:11:30,2026-05-22,4,羽毛球馆-2号,15:00-16:00,1,1,已售/已满,教学时间,多云,17,12,5,0.0,86,29
2026-05-21 08:14:31,2026-05-22,4,羽毛球馆-2号,15:00-16:00,1,1,已售/已满,教学时间,多云,17,12,5,0.0,86,29
2026-05-21 08:17:30,2026-05-22,4,羽毛球馆-2号,15:00-16:00,1,1,已售/已满,教学时间,多云,17,12,5,0.0,86,29
2026-05-21 08:20:35,2026-05-22,4,羽毛球馆-2号,15:00-16:00,1,1,已售/已满,教学时间,多云,17,14,4,0.0,85,29
2026-05-21 08:25:32,2026-05-22,4,羽毛球馆-2号,15:00-16:00,1,1,已售/已满,教学时间,多云,17,14,4,0.0,85,28
2026-05-21 08:30:42,2026-05-22,4,羽毛球馆-2号,15:00-16:00,1,1,已售/已满,教学时间,多云,18,15,4,0.0,84,28
2026-05-21 08:35:31,2026-05-22,4,羽毛球馆-2号,15:00-16:00,1,1,已售/已满,教学时间,多云,18,15,4,0.0,84,28
2026-05-21 08:40:38,2026-05-22,4,羽毛球馆-2号,15:00-16:00,1,1,已售/已满,教学时间,多云,18,15,4,0.0,82,28
2026-05-21 08:45:33,2026-05-22,4,羽毛球馆-2号,15:00-16:00,1,1,已售/已满,教学时间,多云,18,15,4,0.0,82,28
2026-05-21 08:50:36,2026-05-22,4,羽毛球馆-2号,15:00-16:00,1,1,已售/已满,教学时间,多云,18,15,4,0.0,82,28
2026-05-21 08:55:34,2026-05-22,4,羽毛球馆-2号,15:00-16:00,1,1,已售/已满,教学时间,多云,18,15,4,0.0,84,28
2026-05-21 09:00:51,2026-05-22,4,羽毛球馆-2号,15:00-16:00,1,1,已售/已满,教学时间,多云,18,15,4,0.0,84,28
2026-05-21 09:01:59,2026-05-22,4,羽毛球馆-2号,15:00-16:00,1,1,已售/已满,教学时间,多云,18,15,4,0.0,83,28
2026-05-21 09:05:33,2026-05-22,4,羽毛球馆-2号,15:00-16:00,1,1,已售/已满,教学时间,多云,18,15,4,0.0,83,28
2026-05-21 09:20:38,2026-05-22,4,羽毛球馆-2号,15:00-16:00,1,1,已售/已满,教学时间,多云,18,16,3,0.0,81,28
2026-05-21 09:30:46,2026-05-22,4,羽毛球馆-2号,15:00-16:00,1,1,已售/已满,教学时间,多云,18,16,3,0.0,81,32
2026-05-21 09:40:36,2026-05-22,4,羽毛球馆-2号,15:00-16:00,1,1,已售/已满,教学时间,多云,19,17,3,0.0,79,32
2026-05-21 09:50:42,2026-05-22,4,羽毛球馆-2号,15:00-16:00,1,1,已售/已满,教学时间,多云,19,17,4,0.0,81,32
2026-05-21 10:00:46,2026-05-22,4,羽毛球馆-2号,15:00-16:00,1,1,已售/已满,教学时间,多云,19,17,4,0.0,79,32
2026-05-21 10:10:40,2026-05-22,4,羽毛球馆-2号,15:00-16:00,1,1,已售/已满,教学时间,多云,19,17,4,0.0,79,32
2026-05-21 10:20:38,2026-05-22,4,羽毛球馆-2号,15:00-16:00,1,1,已售/已满,教学时间,多云,19,17,4,0.0,79,32
2026-05-21 10:30:41,2026-05-22,4,羽毛球馆-2号,15:00-16:00,1,1,已售/已满,教学时间,多云,19,18,3,0.0,78,31
2026-05-21 11:00:44,2026-05-22,4,羽毛球馆-2号,15:00-16:00,1,1,已售/已满,教学时间,多云,21,17,5,0.0,74,31
2026-05-21 11:30:38,2026-05-22,4,羽毛球馆-2号,15:00-16:00,1,1,已售/已满,教学时间,多云,21,19,3,0.0,72,33
2026-05-21 12:00:46,2026-05-22,4,羽毛球馆-2号,15:00-16:00,1,1,已售/已满,教学时间,多云,22,19,4,0.0,70,33
2026-05-21 12:30:42,2026-05-22,4,羽毛球馆-2号,15:00-16:00,1,1,已售/已满,教学时间,多云,22,21,3,0.0,68,35
2026-05-21 13:00:43,2026-05-22,4,羽毛球馆-2号,15:00-16:00,1,1,已售/已满,教学时间,多云,24,22,4,0.0,66,35
2026-05-21 13:30:43,2026-05-22,4,羽毛球馆-2号,15:00-16:00,1,1,已售/已满,教学时间,多云,24,22,4,0.0,66,36
2026-05-21 14:00:48,2026-05-22,4,羽毛球馆-2号,15:00-16:00,1,1,已售/已满,教学时间,多云,25,23,4,0.0,66,36
2026-05-21 14:30:45,2026-05-22,4,羽毛球馆-2号,15:00-16:00,1,1,已售/已满,教学时间,晴,25,25,3,0.0,65,39
2026-05-21 15:00:45,2026-05-22,4,羽毛球馆-2号,15:00-16:00,1,1,已售/已满,教学时间,晴,25,22,4,0.0,56,39
2026-05-21 15:30:43,2026-05-22,4,羽毛球馆-2号,15:00-16:00,1,1,已售/已满,教学时间,晴,25,23,4,0.0,57,40
2026-05-21 16:00:51,2026-05-22,4,羽毛球馆-2号,15:00-16:00,1,1,已售/已满,教学时间,晴,25,23,4,0.0,57,40
2026-05-21 16:30:48,2026-05-22,4,羽毛球馆-2号,15:00-16:00,1,1,已售/已满,教学时间,晴,25,24,3,0.0,60,39
2026-05-21 17:00:49,2026-05-22,4,羽毛球馆-2号,15:00-16:00,1,1,已售/已满,教学时间,晴,25,24,4,0.0,61,39
2026-05-21 17:30:47,2026-05-22,4,羽毛球馆-2号,15:00-16:00,1,1,已售/已满,教学时间,多云,24,23,3,0.0,64,39
2026-05-21 18:00:50,2026-05-22,4,羽毛球馆-2号,15:00-16:00,1,1,已售/已满,教学时间,多云,24,23,3,0.0,68,39
2026-05-21 18:30:50,2026-05-22,4,羽毛球馆-2号,15:00-16:00,1,1,已售/已满,教学时间,阴,24,25,2,0.0,68,40
2026-05-21 19:00:50,2026-05-22,4,羽毛球馆-2号,15:00-16:00,1,1,已售/已满,教学时间,阴,23,23,3,0.0,76,40
2026-05-21 19:30:46,2026-05-22,4,羽毛球馆-2号,15:00-16:00,1,1,已售/已满,教学时间,阴,23,24,2,0.0,77,39
2026-05-21 20:00:49,2026-05-22,4,羽毛球馆-2号,15:00-16:00,1,1,已售/已满,教学时间,雾,22,23,2,0.0,89,39
2026-05-21 20:30:44,2026-05-22,4,羽毛球馆-2号,15:00-16:00,1,1,已售/已满,教学时间,雾,22,24,2,0.0,93,43
2026-05-21 21:00:56,2026-05-22,4,羽毛球馆-2号,15:00-16:00,1,1,已售/已满,教学时间,雾,20,21,2,0.0,98,43
2026-05-21 21:30:46,2026-05-22,4,羽毛球馆-2号,15:00-16:00,1,1,已售/已满,教学时间,雾,20,22,1,0.0,99,41
2026-05-21 22:01:02,2026-05-22,4,羽毛球馆-2号,15:00-16:00,1,1,已售/已满,教学时间,雾,19,20,2,0.0,93,41
2026-05-21 22:30:47,2026-05-22,4,羽毛球馆-2号,15:00-16:00,1,1,已售/已满,教学时间,雾,19,19,3,0.0,88,46
2026-05-21 23:00:56,2026-05-22,4,羽毛球馆-2号,15:00-16:00,1,1,已售/已满,教学时间,多云,18,17,3,0.0,85,46
2026-05-21 23:30:55,2026-05-22,4,羽毛球馆-2号,15:00-16:00,1,1,已售/已满,教学时间,多云,18,17,3,0.0,85,48
2026-05-21 08:00:45,2026-05-22,4,羽毛球馆-2号,16:00-17:00,0,1,可预约,￥12.0,晴,17,12,5,0.0,86,29
2026-05-21 08:02:30,2026-05-22,4,羽毛球馆-2号,16:00-17:00,0,1,可预约,￥12.0,多云,17,12,5,0.0,87,29
2026-05-21 08:05:36,2026-05-22,4,羽毛球馆-2号,16:00-17:00,0,1,可预约,￥12.0,多云,17,12,5,0.0,86,29
2026-05-21 08:08:31,2026-05-22,4,羽毛球馆-2号,16:00-17:00,0,1,可预约,￥12.0,多云,17,12,5,0.0,86,29
2026-05-21 08:11:30,2026-05-22,4,羽毛球馆-2号,16:00-17:00,0,1,可预约,￥12.0,多云,17,12,5,0.0,86,29
2026-05-21 08:14:31,2026-05-22,4,羽毛球馆-2号,16:00-17:00,0,1,可预约,￥12.0,多云,17,12,5,0.0,86,29
2026-05-21 08:17:30,2026-05-22,4,羽毛球馆-2号,16:00-17:00,0,1,可预约,￥12.0,多云,17,12,5,0.0,86,29
2026-05-21 08:20:35,2026-05-22,4,羽毛球馆-2号,16:00-17:00,0,1,可预约,￥12.0,多云,17,14,4,0.0,85,29
2026-05-21 08:25:32,2026-05-22,4,羽毛球馆-2号,16:00-17:00,0,1,可预约,￥12.0,多云,17,14,4,0.0,85,28
2026-05-21 08:30:42,2026-05-22,4,羽毛球馆-2号,16:00-17:00,0,1,可预约,￥12.0,多云,18,15,4,0.0,84,28
2026-05-21 08:35:31,2026-05-22,4,羽毛球馆-2号,16:00-17:00,0,1,可预约,￥12.0,多云,18,15,4,0.0,84,28
2026-05-21 08:40:38,2026-05-22,4,羽毛球馆-2号,16:00-17:00,0,1,可预约,￥12.0,多云,18,15,4,0.0,82,28
2026-05-21 08:45:33,2026-05-22,4,羽毛球馆-2号,16:00-17:00,0,1,可预约,￥12.0,多云,18,15,4,0.0,82,28
2026-05-21 08:50:36,2026-05-22,4,羽毛球馆-2号,16:00-17:00,0,1,可预约,￥12.0,多云,18,15,4,0.0,82,28
2026-05-21 08:55:34,2026-05-22,4,羽毛球馆-2号,16:00-17:00,0,1,可预约,￥12.0,多云,18,15,4,0.0,84,28
2026-05-21 09:00:51,2026-05-22,4,羽毛球馆-2号,16:00-17:00,0,1,可预约,￥12.0,多云,18,15,4,0.0,84,28
2026-05-21 09:01:59,2026-05-22,4,羽毛球馆-2号,16:00-17:00,0,1,可预约,￥12.0,多云,18,15,4,0.0,83,28
2026-05-21 09:05:33,2026-05-22,4,羽毛球馆-2号,16:00-17:00,0,1,可预约,￥12.0,多云,18,15,4,0.0,83,28
2026-05-21 09:20:38,2026-05-22,4,羽毛球馆-2号,16:00-17:00,0,1,可预约,￥12.0,多云,18,16,3,0.0,81,28
2026-05-21 09:30:46,2026-05-22,4,羽毛球馆-2号,16:00-17:00,0,1,可预约,￥12.0,多云,18,16,3,0.0,81,32
2026-05-21 09:40:36,2026-05-22,4,羽毛球馆-2号,16:00-17:00,0,1,可预约,￥12.0,多云,19,17,3,0.0,79,32
2026-05-21 09:50:42,2026-05-22,4,羽毛球馆-2号,16:00-17:00,0,1,可预约,￥12.0,多云,19,17,4,0.0,81,32
2026-05-21 10:00:46,2026-05-22,4,羽毛球馆-2号,16:00-17:00,0,1,可预约,￥12.0,多云,19,17,4,0.0,79,32
2026-05-21 10:10:40,2026-05-22,4,羽毛球馆-2号,16:00-17:00,0,1,可预约,￥12.0,多云,19,17,4,0.0,79,32
2026-05-21 10:20:38,2026-05-22,4,羽毛球馆-2号,16:00-17:00,0,1,可预约,￥12.0,多云,19,17,4,0.0,79,32
2026-05-21 10:30:41,2026-05-22,4,羽毛球馆-2号,16:00-17:00,0,1,可预约,￥12.0,多云,19,18,3,0.0,78,31
2026-05-21 11:00:44,2026-05-22,4,羽毛球馆-2号,16:00-17:00,1,1,已售/已满,已售,多云,21,17,5,0.0,74,31
2026-05-21 11:30:38,2026-05-22,4,羽毛球馆-2号,16:00-17:00,1,1,已售/已满,已售,多云,21,19,3,0.0,72,33
2026-05-21 12:00:46,2026-05-22,4,羽毛球馆-2号,16:00-17:00,1,1,已售/已满,已售,多云,22,19,4,0.0,70,33
2026-05-21 12:30:42,2026-05-22,4,羽毛球馆-2号,16:00-17:00,1,1,已售/已满,已售,多云,22,21,3,0.0,68,35
2026-05-21 13:00:43,2026-05-22,4,羽毛球馆-2号,16:00-17:00,1,1,已售/已满,已售,多云,24,22,4,0.0,66,35
2026-05-21 13:30:43,2026-05-22,4,羽毛球馆-2号,16:00-17:00,1,1,已售/已满,已售,多云,24,22,4,0.0,66,36
2026-05-21 14:00:48,2026-05-22,4,羽毛球馆-2号,16:00-17:00,1,1,已售/已满,已售,多云,25,23,4,0.0,66,36
2026-05-21 14:30:45,2026-05-22,4,羽毛球馆-2号,16:00-17:00,1,1,已售/已满,已售,晴,25,25,3,0.0,65,39
2026-05-21 15:00:45,2026-05-22,4,羽毛球馆-2号,16:00-17:00,1,1,已售/已满,已售,晴,25,22,4,0.0,56,39
2026-05-21 15:30:43,2026-05-22,4,羽毛球馆-2号,16:00-17:00,1,1,已售/已满,已售,晴,25,23,4,0.0,57,40
2026-05-21 16:00:51,2026-05-22,4,羽毛球馆-2号,16:00-17:00,1,1,已售/已满,已售,晴,25,23,4,0.0,57,40
2026-05-21 16:30:48,2026-05-22,4,羽毛球馆-2号,16:00-17:00,1,1,已售/已满,已售,晴,25,24,3,0.0,60,39
2026-05-21 17:00:49,2026-05-22,4,羽毛球馆-2号,16:00-17:00,1,1,已售/已满,已售,晴,25,24,4,0.0,61,39
2026-05-21 17:30:47,2026-05-22,4,羽毛球馆-2号,16:00-17:00,1,1,已售/已满,已售,多云,24,23,3,0.0,64,39
2026-05-21 18:00:50,2026-05-22,4,羽毛球馆-2号,16:00-17:00,1,1,已售/已满,已售,多云,24,23,3,0.0,68,39
2026-05-21 18:30:50,2026-05-22,4,羽毛球馆-2号,16:00-17:00,1,1,已售/已满,已售,阴,24,25,2,0.0,68,40
2026-05-21 19:00:50,2026-05-22,4,羽毛球馆-2号,16:00-17:00,1,1,已售/已满,已售,阴,23,23,3,0.0,76,40
2026-05-21 19:30:46,2026-05-22,4,羽毛球馆-2号,16:00-17:00,1,1,已售/已满,已售,阴,23,24,2,0.0,77,39
2026-05-21 20:00:49,2026-05-22,4,羽毛球馆-2号,16:00-17:00,1,1,已售/已满,已售,雾,22,23,2,0.0,89,39
2026-05-21 20:30:44,2026-05-22,4,羽毛球馆-2号,16:00-17:00,1,1,已售/已满,已售,雾,22,24,2,0.0,93,43
2026-05-21 21:00:56,2026-05-22,4,羽毛球馆-2号,16:00-17:00,1,1,已售/已满,已售,雾,20,21,2,0.0,98,43
2026-05-21 21:30:46,2026-05-22,4,羽毛球馆-2号,16:00-17:00,1,1,已售/已满,已售,雾,20,22,1,0.0,99,41
2026-05-21 22:01:02,2026-05-22,4,羽毛球馆-2号,16:00-17:00,1,1,已售/已满,已售,雾,19,20,2,0.0,93,41
2026-05-21 22:30:47,2026-05-22,4,羽毛球馆-2号,16:00-17:00,1,1,已售/已满,已售,雾,19,19,3,0.0,88,46
2026-05-21 23:00:56,2026-05-22,4,羽毛球馆-2号,16:00-17:00,1,1,已售/已满,已售,多云,18,17,3,0.0,85,46
2026-05-21 23:30:55,2026-05-22,4,羽毛球馆-2号,16:00-17:00,1,1,已售/已满,已售,多云,18,17,3,0.0,85,48
2026-05-21 08:00:45,2026-05-22,4,羽毛球馆-2号,17:00-18:00,0,1,可预约,￥12.0,晴,17,12,5,0.0,86,29
2026-05-21 08:02:30,2026-05-22,4,羽毛球馆-2号,17:00-18:00,0,1,可预约,￥12.0,多云,17,12,5,0.0,87,29
2026-05-21 08:05:36,2026-05-22,4,羽毛球馆-2号,17:00-18:00,0,1,可预约,￥12.0,多云,17,12,5,0.0,86,29
2026-05-21 08:08:31,2026-05-22,4,羽毛球馆-2号,17:00-18:00,0,1,可预约,￥12.0,多云,17,12,5,0.0,86,29
2026-05-21 08:11:30,2026-05-22,4,羽毛球馆-2号,17:00-18:00,0,1,可预约,￥12.0,多云,17,12,5,0.0,86,29
2026-05-21 08:14:31,2026-05-22,4,羽毛球馆-2号,17:00-18:00,0,1,可预约,￥12.0,多云,17,12,5,0.0,86,29
2026-05-21 08:17:30,2026-05-22,4,羽毛球馆-2号,17:00-18:00,0,1,可预约,￥12.0,多云,17,12,5,0.0,86,29
2026-05-21 08:20:35,2026-05-22,4,羽毛球馆-2号,17:00-18:00,0,1,可预约,￥12.0,多云,17,14,4,0.0,85,29
2026-05-21 08:25:32,2026-05-22,4,羽毛球馆-2号,17:00-18:00,0,1,可预约,￥12.0,多云,17,14,4,0.0,85,28
2026-05-21 08:30:42,2026-05-22,4,羽毛球馆-2号,17:00-18:00,0,1,可预约,￥12.0,多云,18,15,4,0.0,84,28
2026-05-21 08:35:31,2026-05-22,4,羽毛球馆-2号,17:00-18:00,0,1,可预约,￥12.0,多云,18,15,4,0.0,84,28
2026-05-21 08:40:38,2026-05-22,4,羽毛球馆-2号,17:00-18:00,0,1,可预约,￥12.0,多云,18,15,4,0.0,82,28
2026-05-21 08:45:33,2026-05-22,4,羽毛球馆-2号,17:00-18:00,0,1,可预约,￥12.0,多云,18,15,4,0.0,82,28
2026-05-21 08:50:36,2026-05-22,4,羽毛球馆-2号,17:00-18:00,0,1,可预约,￥12.0,多云,18,15,4,0.0,82,28
2026-05-21 08:55:34,2026-05-22,4,羽毛球馆-2号,17:00-18:00,0,1,可预约,￥12.0,多云,18,15,4,0.0,84,28
2026-05-21 09:00:51,2026-05-22,4,羽毛球馆-2号,17:00-18:00,0,1,可预约,￥12.0,多云,18,15,4,0.0,84,28
2026-05-21 09:01:59,2026-05-22,4,羽毛球馆-2号,17:00-18:00,0,1,可预约,￥12.0,多云,18,15,4,0.0,83,28
2026-05-21 09:05:33,2026-05-22,4,羽毛球馆-2号,17:00-18:00,0,1,可预约,￥12.0,多云,18,15,4,0.0,83,28
2026-05-21 09:20:38,2026-05-22,4,羽毛球馆-2号,17:00-18:00,0,1,可预约,￥12.0,多云,18,16,3,0.0,81,28
2026-05-21 09:30:46,2026-05-22,4,羽毛球馆-2号,17:00-18:00,0,1,可预约,￥12.0,多云,18,16,3,0.0,81,32
2026-05-21 09:40:36,2026-05-22,4,羽毛球馆-2号,17:00-18:00,0,1,可预约,￥12.0,多云,19,17,3,0.0,79,32
2026-05-21 09:50:42,2026-05-22,4,羽毛球馆-2号,17:00-18:00,0,1,可预约,￥12.0,多云,19,17,4,0.0,81,32
2026-05-21 10:00:46,2026-05-22,4,羽毛球馆-2号,17:00-18:00,0,1,可预约,￥12.0,多云,19,17,4,0.0,79,32
2026-05-21 10:10:40,2026-05-22,4,羽毛球馆-2号,17:00-18:00,0,1,可预约,￥12.0,多云,19,17,4,0.0,79,32
2026-05-21 10:20:38,2026-05-22,4,羽毛球馆-2号,17:00-18:00,0,1,可预约,￥12.0,多云,19,17,4,0.0,79,32
2026-05-21 10:30:41,2026-05-22,4,羽毛球馆-2号,17:00-18:00,0,1,可预约,￥12.0,多云,19,18,3,0.0,78,31
2026-05-21 11:00:44,2026-05-22,4,羽毛球馆-2号,17:00-18:00,1,1,已售/已满,已售,多云,21,17,5,0.0,74,31
2026-05-21 11:30:38,2026-05-22,4,羽毛球馆-2号,17:00-18:00,1,1,已售/已满,已售,多云,21,19,3,0.0,72,33
2026-05-21 12:00:46,2026-05-22,4,羽毛球馆-2号,17:00-18:00,1,1,已售/已满,已售,多云,22,19,4,0.0,70,33
2026-05-21 12:30:42,2026-05-22,4,羽毛球馆-2号,17:00-18:00,1,1,已售/已满,已售,多云,22,21,3,0.0,68,35
2026-05-21 13:00:43,2026-05-22,4,羽毛球馆-2号,17:00-18:00,1,1,已售/已满,已售,多云,24,22,4,0.0,66,35
2026-05-21 13:30:43,2026-05-22,4,羽毛球馆-2号,17:00-18:00,1,1,已售/已满,已售,多云,24,22,4,0.0,66,36
2026-05-21 14:00:48,2026-05-22,4,羽毛球馆-2号,17:00-18:00,1,1,已售/已满,已售,多云,25,23,4,0.0,66,36
2026-05-21 14:30:45,2026-05-22,4,羽毛球馆-2号,17:00-18:00,1,1,已售/已满,已售,晴,25,25,3,0.0,65,39
2026-05-21 15:00:45,2026-05-22,4,羽毛球馆-2号,17:00-18:00,1,1,已售/已满,已售,晴,25,22,4,0.0,56,39
2026-05-21 15:30:43,2026-05-22,4,羽毛球馆-2号,17:00-18:00,1,1,已售/已满,已售,晴,25,23,4,0.0,57,40
2026-05-21 16:00:51,2026-05-22,4,羽毛球馆-2号,17:00-18:00,1,1,已售/已满,已售,晴,25,23,4,0.0,57,40
2026-05-21 16:30:48,2026-05-22,4,羽毛球馆-2号,17:00-18:00,1,1,已售/已满,已售,晴,25,24,3,0.0,60,39
2026-05-21 17:00:49,2026-05-22,4,羽毛球馆-2号,17:00-18:00,1,1,已售/已满,已售,晴,25,24,4,0.0,61,39
2026-05-21 17:30:47,2026-05-22,4,羽毛球馆-2号,17:00-18:00,1,1,已售/已满,已售,多云,24,23,3,0.0,64,39
2026-05-21 18:00:50,2026-05-22,4,羽毛球馆-2号,17:00-18:00,1,1,已售/已满,已售,多云,24,23,3,0.0,68,39
2026-05-21 18:30:50,2026-05-22,4,羽毛球馆-2号,17:00-18:00,1,1,已售/已满,已售,阴,24,25,2,0.0,68,40
2026-05-21 19:00:50,2026-05-22,4,羽毛球馆-2号,17:00-18:00,1,1,已售/已满,已售,阴,23,23,3,0.0,76,40
2026-05-21 19:30:46,2026-05-22,4,羽毛球馆-2号,17:00-18:00,1,1,已售/已满,已售,阴,23,24,2,0.0,77,39
2026-05-21 20:00:49,2026-05-22,4,羽毛球馆-2号,17:00-18:00,1,1,已售/已满,已售,雾,22,23,2,0.0,89,39
2026-05-21 20:30:44,2026-05-22,4,羽毛球馆-2号,17:00-18:00,1,1,已售/已满,已售,雾,22,24,2,0.0,93,43
2026-05-21 21:00:56,2026-05-22,4,羽毛球馆-2号,17:00-18:00,1,1,已售/已满,已售,雾,20,21,2,0.0,98,43
2026-05-21 21:30:46,2026-05-22,4,羽毛球馆-2号,17:00-18:00,1,1,已售/已满,已售,雾,20,22,1,0.0,99,41
2026-05-21 22:01:02,2026-05-22,4,羽毛球馆-2号,17:00-18:00,1,1,已售/已满,已售,雾,19,20,2,0.0,93,41
2026-05-21 22:30:47,2026-05-22,4,羽毛球馆-2号,17:00-18:00,1,1,已售/已满,已售,雾,19,19,3,0.0,88,46
2026-05-21 23:00:56,2026-05-22,4,羽毛球馆-2号,17:00-18:00,1,1,已售/已满,已售,多云,18,17,3,0.0,85,46
2026-05-21 23:30:55,2026-05-22,4,羽毛球馆-2号,17:00-18:00,1,1,已售/已满,已售,多云,18,17,3,0.0,85,48
2026-05-21 08:00:45,2026-05-22,4,羽毛球馆-2号,18:30-19:30,0,1,可预约,￥12.0,晴,17,12,5,0.0,86,29
2026-05-21 08:02:30,2026-05-22,4,羽毛球馆-2号,18:30-19:30,1,1,未支付锁定,,多云,17,12,5,0.0,87,29
2026-05-21 08:05:36,2026-05-22,4,羽毛球馆-2号,18:30-19:30,1,1,已售/已满,已售,多云,17,12,5,0.0,86,29
2026-05-21 08:08:31,2026-05-22,4,羽毛球馆-2号,18:30-19:30,1,1,已售/已满,已售,多云,17,12,5,0.0,86,29
2026-05-21 08:11:30,2026-05-22,4,羽毛球馆-2号,18:30-19:30,1,1,已售/已满,已售,多云,17,12,5,0.0,86,29
2026-05-21 08:14:31,2026-05-22,4,羽毛球馆-2号,18:30-19:30,1,1,已售/已满,已售,多云,17,12,5,0.0,86,29
2026-05-21 08:17:30,2026-05-22,4,羽毛球馆-2号,18:30-19:30,1,1,已售/已满,已售,多云,17,12,5,0.0,86,29
2026-05-21 08:20:35,2026-05-22,4,羽毛球馆-2号,18:30-19:30,1,1,已售/已满,已售,多云,17,14,4,0.0,85,29
2026-05-21 08:25:32,2026-05-22,4,羽毛球馆-2号,18:30-19:30,1,1,已售/已满,已售,多云,17,14,4,0.0,85,28
2026-05-21 08:30:42,2026-05-22,4,羽毛球馆-2号,18:30-19:30,1,1,已售/已满,已售,多云,18,15,4,0.0,84,28
2026-05-21 08:35:31,2026-05-22,4,羽毛球馆-2号,18:30-19:30,1,1,已售/已满,已售,多云,18,15,4,0.0,84,28
2026-05-21 08:40:38,2026-05-22,4,羽毛球馆-2号,18:30-19:30,1,1,已售/已满,已售,多云,18,15,4,0.0,82,28
2026-05-21 08:45:33,2026-05-22,4,羽毛球馆-2号,18:30-19:30,1,1,已售/已满,已售,多云,18,15,4,0.0,82,28
2026-05-21 08:50:36,2026-05-22,4,羽毛球馆-2号,18:30-19:30,1,1,已售/已满,已售,多云,18,15,4,0.0,82,28
2026-05-21 08:55:34,2026-05-22,4,羽毛球馆-2号,18:30-19:30,1,1,已售/已满,已售,多云,18,15,4,0.0,84,28
2026-05-21 09:00:51,2026-05-22,4,羽毛球馆-2号,18:30-19:30,1,1,已售/已满,已售,多云,18,15,4,0.0,84,28
2026-05-21 09:01:59,2026-05-22,4,羽毛球馆-2号,18:30-19:30,1,1,已售/已满,已售,多云,18,15,4,0.0,83,28
2026-05-21 09:05:33,2026-05-22,4,羽毛球馆-2号,18:30-19:30,1,1,已售/已满,已售,多云,18,15,4,0.0,83,28
2026-05-21 09:20:38,2026-05-22,4,羽毛球馆-2号,18:30-19:30,1,1,已售/已满,已售,多云,18,16,3,0.0,81,28
2026-05-21 09:30:46,2026-05-22,4,羽毛球馆-2号,18:30-19:30,1,1,已售/已满,已售,多云,18,16,3,0.0,81,32
2026-05-21 09:40:36,2026-05-22,4,羽毛球馆-2号,18:30-19:30,1,1,已售/已满,已售,多云,19,17,3,0.0,79,32
2026-05-21 09:50:42,2026-05-22,4,羽毛球馆-2号,18:30-19:30,1,1,已售/已满,已售,多云,19,17,4,0.0,81,32
2026-05-21 10:00:46,2026-05-22,4,羽毛球馆-2号,18:30-19:30,1,1,已售/已满,已售,多云,19,17,4,0.0,79,32
2026-05-21 10:10:40,2026-05-22,4,羽毛球馆-2号,18:30-19:30,1,1,已售/已满,已售,多云,19,17,4,0.0,79,32
2026-05-21 10:20:38,2026-05-22,4,羽毛球馆-2号,18:30-19:30,1,1,已售/已满,已售,多云,19,17,4,0.0,79,32
2026-05-21 10:30:41,2026-05-22,4,羽毛球馆-2号,18:30-19:30,1,1,已售/已满,已售,多云,19,18,3,0.0,78,31
2026-05-21 11:00:44,2026-05-22,4,羽毛球馆-2号,18:30-19:30,1,1,已售/已满,已售,多云,21,17,5,0.0,74,31
2026-05-21 11:30:38,2026-05-22,4,羽毛球馆-2号,18:30-19:30,1,1,已售/已满,已售,多云,21,19,3,0.0,72,33
2026-05-21 12:00:46,2026-05-22,4,羽毛球馆-2号,18:30-19:30,1,1,已售/已满,已售,多云,22,19,4,0.0,70,33
2026-05-21 12:30:42,2026-05-22,4,羽毛球馆-2号,18:30-19:30,1,1,已售/已满,已售,多云,22,21,3,0.0,68,35
2026-05-21 13:00:43,2026-05-22,4,羽毛球馆-2号,18:30-19:30,1,1,已售/已满,已售,多云,24,22,4,0.0,66,35
2026-05-21 13:30:43,2026-05-22,4,羽毛球馆-2号,18:30-19:30,1,1,已售/已满,已售,多云,24,22,4,0.0,66,36
2026-05-21 14:00:48,2026-05-22,4,羽毛球馆-2号,18:30-19:30,1,1,已售/已满,已售,多云,25,23,4,0.0,66,36
2026-05-21 14:30:45,2026-05-22,4,羽毛球馆-2号,18:30-19:30,1,1,已售/已满,已售,晴,25,25,3,0.0,65,39
2026-05-21 15:00:45,2026-05-22,4,羽毛球馆-2号,18:30-19:30,1,1,已售/已满,已售,晴,25,22,4,0.0,56,39
2026-05-21 15:30:43,2026-05-22,4,羽毛球馆-2号,18:30-19:30,1,1,已售/已满,已售,晴,25,23,4,0.0,57,40
2026-05-21 16:00:51,2026-05-22,4,羽毛球馆-2号,18:30-19:30,1,1,已售/已满,已售,晴,25,23,4,0.0,57,40
2026-05-21 16:30:48,2026-05-22,4,羽毛球馆-2号,18:30-19:30,1,1,已售/已满,已售,晴,25,24,3,0.0,60,39
2026-05-21 17:00:49,2026-05-22,4,羽毛球馆-2号,18:30-19:30,1,1,已售/已满,已售,晴,25,24,4,0.0,61,39
2026-05-21 17:30:47,2026-05-22,4,羽毛球馆-2号,18:30-19:30,1,1,已售/已满,已售,多云,24,23,3,0.0,64,39
2026-05-21 18:00:50,2026-05-22,4,羽毛球馆-2号,18:30-19:30,1,1,已售/已满,已售,多云,24,23,3,0.0,68,39
2026-05-21 18:30:50,2026-05-22,4,羽毛球馆-2号,18:30-19:30,1,1,已售/已满,已售,阴,24,25,2,0.0,68,40
2026-05-21 19:00:50,2026-05-22,4,羽毛球馆-2号,18:30-19:30,1,1,已售/已满,已售,阴,23,23,3,0.0,76,40
2026-05-21 19:30:46,2026-05-22,4,羽毛球馆-2号,18:30-19:30,1,1,已售/已满,已售,阴,23,24,2,0.0,77,39
2026-05-21 20:00:49,2026-05-22,4,羽毛球馆-2号,18:30-19:30,1,1,已售/已满,已售,雾,22,23,2,0.0,89,39
2026-05-21 20:30:44,2026-05-22,4,羽毛球馆-2号,18:30-19:30,1,1,已售/已满,已售,雾,22,24,2,0.0,93,43
2026-05-21 21:00:56,2026-05-22,4,羽毛球馆-2号,18:30-19:30,1,1,已售/已满,已售,雾,20,21,2,0.0,98,43
2026-05-21 21:30:46,2026-05-22,4,羽毛球馆-2号,18:30-19:30,1,1,已售/已满,已售,雾,20,22,1,0.0,99,41
2026-05-21 22:01:02,2026-05-22,4,羽毛球馆-2号,18:30-19:30,1,1,已售/已满,已售,雾,19,20,2,0.0,93,41
2026-05-21 22:30:47,2026-05-22,4,羽毛球馆-2号,18:30-19:30,1,1,已售/已满,已售,雾,19,19,3,0.0,88,46
2026-05-21 23:00:56,2026-05-22,4,羽毛球馆-2号,18:30-19:30,1,1,已售/已满,已售,多云,18,17,3,0.0,85,46
2026-05-21 23:30:55,2026-05-22,4,羽毛球馆-2号,18:30-19:30,1,1,已售/已满,已售,多云,18,17,3,0.0,85,48
2026-05-21 08:00:45,2026-05-22,4,羽毛球馆-2号,19:30-20:30,0,1,可预约,￥12.0,晴,17,12,5,0.0,86,29
2026-05-21 08:02:30,2026-05-22,4,羽毛球馆-2号,19:30-20:30,0,1,可预约,￥12.0,多云,17,12,5,0.0,87,29
2026-05-21 08:05:36,2026-05-22,4,羽毛球馆-2号,19:30-20:30,0,1,可预约,￥12.0,多云,17,12,5,0.0,86,29
2026-05-21 08:08:31,2026-05-22,4,羽毛球馆-2号,19:30-20:30,0,1,可预约,￥12.0,多云,17,12,5,0.0,86,29
2026-05-21 08:11:30,2026-05-22,4,羽毛球馆-2号,19:30-20:30,0,1,可预约,￥12.0,多云,17,12,5,0.0,86,29
2026-05-21 08:14:31,2026-05-22,4,羽毛球馆-2号,19:30-20:30,1,1,已售/已满,已售,多云,17,12,5,0.0,86,29
2026-05-21 08:17:30,2026-05-22,4,羽毛球馆-2号,19:30-20:30,1,1,已售/已满,已售,多云,17,12,5,0.0,86,29
2026-05-21 08:20:35,2026-05-22,4,羽毛球馆-2号,19:30-20:30,1,1,已售/已满,已售,多云,17,14,4,0.0,85,29
2026-05-21 08:25:32,2026-05-22,4,羽毛球馆-2号,19:30-20:30,1,1,已售/已满,已售,多云,17,14,4,0.0,85,28
2026-05-21 08:30:42,2026-05-22,4,羽毛球馆-2号,19:30-20:30,1,1,已售/已满,已售,多云,18,15,4,0.0,84,28
2026-05-21 08:35:31,2026-05-22,4,羽毛球馆-2号,19:30-20:30,1,1,已售/已满,已售,多云,18,15,4,0.0,84,28
2026-05-21 08:40:38,2026-05-22,4,羽毛球馆-2号,19:30-20:30,1,1,已售/已满,已售,多云,18,15,4,0.0,82,28
2026-05-21 08:45:33,2026-05-22,4,羽毛球馆-2号,19:30-20:30,1,1,已售/已满,已售,多云,18,15,4,0.0,82,28
2026-05-21 08:50:36,2026-05-22,4,羽毛球馆-2号,19:30-20:30,1,1,已售/已满,已售,多云,18,15,4,0.0,82,28
2026-05-21 08:55:34,2026-05-22,4,羽毛球馆-2号,19:30-20:30,1,1,已售/已满,已售,多云,18,15,4,0.0,84,28
2026-05-21 09:00:51,2026-05-22,4,羽毛球馆-2号,19:30-20:30,1,1,已售/已满,已售,多云,18,15,4,0.0,84,28
2026-05-21 09:01:59,2026-05-22,4,羽毛球馆-2号,19:30-20:30,1,1,已售/已满,已售,多云,18,15,4,0.0,83,28
2026-05-21 09:05:33,2026-05-22,4,羽毛球馆-2号,19:30-20:30,1,1,已售/已满,已售,多云,18,15,4,0.0,83,28
2026-05-21 09:20:38,2026-05-22,4,羽毛球馆-2号,19:30-20:30,1,1,已售/已满,已售,多云,18,16,3,0.0,81,28
2026-05-21 09:30:46,2026-05-22,4,羽毛球馆-2号,19:30-20:30,1,1,已售/已满,已售,多云,18,16,3,0.0,81,32
2026-05-21 09:40:36,2026-05-22,4,羽毛球馆-2号,19:30-20:30,1,1,已售/已满,已售,多云,19,17,3,0.0,79,32
2026-05-21 09:50:42,2026-05-22,4,羽毛球馆-2号,19:30-20:30,1,1,已售/已满,已售,多云,19,17,4,0.0,81,32
2026-05-21 10:00:46,2026-05-22,4,羽毛球馆-2号,19:30-20:30,1,1,已售/已满,已售,多云,19,17,4,0.0,79,32
2026-05-21 10:10:40,2026-05-22,4,羽毛球馆-2号,19:30-20:30,1,1,已售/已满,已售,多云,19,17,4,0.0,79,32
2026-05-21 10:20:38,2026-05-22,4,羽毛球馆-2号,19:30-20:30,1,1,已售/已满,已售,多云,19,17,4,0.0,79,32
2026-05-21 10:30:41,2026-05-22,4,羽毛球馆-2号,19:30-20:30,1,1,已售/已满,已售,多云,19,18,3,0.0,78,31
2026-05-21 11:00:44,2026-05-22,4,羽毛球馆-2号,19:30-20:30,1,1,已售/已满,已售,多云,21,17,5,0.0,74,31
2026-05-21 11:30:38,2026-05-22,4,羽毛球馆-2号,19:30-20:30,1,1,已售/已满,已售,多云,21,19,3,0.0,72,33
2026-05-21 12:00:46,2026-05-22,4,羽毛球馆-2号,19:30-20:30,1,1,已售/已满,已售,多云,22,19,4,0.0,70,33
2026-05-21 12:30:42,2026-05-22,4,羽毛球馆-2号,19:30-20:30,1,1,已售/已满,已售,多云,22,21,3,0.0,68,35
2026-05-21 13:00:43,2026-05-22,4,羽毛球馆-2号,19:30-20:30,1,1,已售/已满,已售,多云,24,22,4,0.0,66,35
2026-05-21 13:30:43,2026-05-22,4,羽毛球馆-2号,19:30-20:30,1,1,已售/已满,已售,多云,24,22,4,0.0,66,36
2026-05-21 14:00:48,2026-05-22,4,羽毛球馆-2号,19:30-20:30,1,1,已售/已满,已售,多云,25,23,4,0.0,66,36
2026-05-21 14:30:45,2026-05-22,4,羽毛球馆-2号,19:30-20:30,1,1,已售/已满,已售,晴,25,25,3,0.0,65,39
2026-05-21 15:00:45,2026-05-22,4,羽毛球馆-2号,19:30-20:30,1,1,已售/已满,已售,晴,25,22,4,0.0,56,39
2026-05-21 15:30:43,2026-05-22,4,羽毛球馆-2号,19:30-20:30,1,1,已售/已满,已售,晴,25,23,4,0.0,57,40
2026-05-21 16:00:51,2026-05-22,4,羽毛球馆-2号,19:30-20:30,1,1,已售/已满,已售,晴,25,23,4,0.0,57,40
2026-05-21 16:30:48,2026-05-22,4,羽毛球馆-2号,19:30-20:30,1,1,已售/已满,已售,晴,25,24,3,0.0,60,39
2026-05-21 17:00:49,2026-05-22,4,羽毛球馆-2号,19:30-20:30,1,1,已售/已满,已售,晴,25,24,4,0.0,61,39
2026-05-21 17:30:47,2026-05-22,4,羽毛球馆-2号,19:30-20:30,1,1,已售/已满,已售,多云,24,23,3,0.0,64,39
2026-05-21 18:00:50,2026-05-22,4,羽毛球馆-2号,19:30-20:30,1,1,已售/已满,已售,多云,24,23,3,0.0,68,39
2026-05-21 18:30:50,2026-05-22,4,羽毛球馆-2号,19:30-20:30,1,1,已售/已满,已售,阴,24,25,2,0.0,68,40
2026-05-21 19:00:50,2026-05-22,4,羽毛球馆-2号,19:30-20:30,1,1,已售/已满,已售,阴,23,23,3,0.0,76,40
2026-05-21 19:30:46,2026-05-22,4,羽毛球馆-2号,19:30-20:30,1,1,已售/已满,已售,阴,23,24,2,0.0,77,39
2026-05-21 20:00:49,2026-05-22,4,羽毛球馆-2号,19:30-20:30,1,1,已售/已满,已售,雾,22,23,2,0.0,89,39
2026-05-21 20:30:44,2026-05-22,4,羽毛球馆-2号,19:30-20:30,1,1,已售/已满,已售,雾,22,24,2,0.0,93,43
2026-05-21 21:00:56,2026-05-22,4,羽毛球馆-2号,19:30-20:30,1,1,已售/已满,已售,雾,20,21,2,0.0,98,43
2026-05-21 21:30:46,2026-05-22,4,羽毛球馆-2号,19:30-20:30,1,1,已售/已满,已售,雾,20,22,1,0.0,99,41
2026-05-21 22:01:02,2026-05-22,4,羽毛球馆-2号,19:30-20:30,1,1,已售/已满,已售,雾,19,20,2,0.0,93,41
2026-05-21 22:30:47,2026-05-22,4,羽毛球馆-2号,19:30-20:30,1,1,已售/已满,已售,雾,19,19,3,0.0,88,46
2026-05-21 23:00:56,2026-05-22,4,羽毛球馆-2号,19:30-20:30,1,1,已售/已满,已售,多云,18,17,3,0.0,85,46
2026-05-21 23:30:55,2026-05-22,4,羽毛球馆-2号,19:30-20:30,1,1,已售/已满,已售,多云,18,17,3,0.0,85,48
2026-05-21 08:00:45,2026-05-22,4,羽毛球馆-2号,20:30-21:30,0,1,可预约,￥12.0,晴,17,12,5,0.0,86,29
2026-05-21 08:02:30,2026-05-22,4,羽毛球馆-2号,20:30-21:30,0,1,可预约,￥12.0,多云,17,12,5,0.0,87,29
2026-05-21 08:05:36,2026-05-22,4,羽毛球馆-2号,20:30-21:30,0,1,可预约,￥12.0,多云,17,12,5,0.0,86,29
2026-05-21 08:08:31,2026-05-22,4,羽毛球馆-2号,20:30-21:30,0,1,可预约,￥12.0,多云,17,12,5,0.0,86,29
2026-05-21 08:11:30,2026-05-22,4,羽毛球馆-2号,20:30-21:30,0,1,可预约,￥12.0,多云,17,12,5,0.0,86,29
2026-05-21 08:14:31,2026-05-22,4,羽毛球馆-2号,20:30-21:30,1,1,已售/已满,已售,多云,17,12,5,0.0,86,29
2026-05-21 08:17:30,2026-05-22,4,羽毛球馆-2号,20:30-21:30,1,1,已售/已满,已售,多云,17,12,5,0.0,86,29
2026-05-21 08:20:35,2026-05-22,4,羽毛球馆-2号,20:30-21:30,1,1,已售/已满,已售,多云,17,14,4,0.0,85,29
2026-05-21 08:25:32,2026-05-22,4,羽毛球馆-2号,20:30-21:30,1,1,已售/已满,已售,多云,17,14,4,0.0,85,28
2026-05-21 08:30:42,2026-05-22,4,羽毛球馆-2号,20:30-21:30,1,1,已售/已满,已售,多云,18,15,4,0.0,84,28
2026-05-21 08:35:31,2026-05-22,4,羽毛球馆-2号,20:30-21:30,1,1,已售/已满,已售,多云,18,15,4,0.0,84,28
2026-05-21 08:40:38,2026-05-22,4,羽毛球馆-2号,20:30-21:30,1,1,已售/已满,已售,多云,18,15,4,0.0,82,28
2026-05-21 08:45:33,2026-05-22,4,羽毛球馆-2号,20:30-21:30,1,1,已售/已满,已售,多云,18,15,4,0.0,82,28
2026-05-21 08:50:36,2026-05-22,4,羽毛球馆-2号,20:30-21:30,1,1,已售/已满,已售,多云,18,15,4,0.0,82,28
2026-05-21 08:55:34,2026-05-22,4,羽毛球馆-2号,20:30-21:30,1,1,已售/已满,已售,多云,18,15,4,0.0,84,28
2026-05-21 09:00:51,2026-05-22,4,羽毛球馆-2号,20:30-21:30,1,1,已售/已满,已售,多云,18,15,4,0.0,84,28
2026-05-21 09:01:59,2026-05-22,4,羽毛球馆-2号,20:30-21:30,1,1,已售/已满,已售,多云,18,15,4,0.0,83,28
2026-05-21 09:05:33,2026-05-22,4,羽毛球馆-2号,20:30-21:30,1,1,已售/已满,已售,多云,18,15,4,0.0,83,28
2026-05-21 09:20:38,2026-05-22,4,羽毛球馆-2号,20:30-21:30,1,1,已售/已满,已售,多云,18,16,3,0.0,81,28
2026-05-21 09:30:46,2026-05-22,4,羽毛球馆-2号,20:30-21:30,1,1,已售/已满,已售,多云,18,16,3,0.0,81,32
2026-05-21 09:40:36,2026-05-22,4,羽毛球馆-2号,20:30-21:30,1,1,已售/已满,已售,多云,19,17,3,0.0,79,32
2026-05-21 09:50:42,2026-05-22,4,羽毛球馆-2号,20:30-21:30,1,1,已售/已满,已售,多云,19,17,4,0.0,81,32
2026-05-21 10:00:46,2026-05-22,4,羽毛球馆-2号,20:30-21:30,1,1,已售/已满,已售,多云,19,17,4,0.0,79,32
2026-05-21 10:10:40,2026-05-22,4,羽毛球馆-2号,20:30-21:30,1,1,已售/已满,已售,多云,19,17,4,0.0,79,32
2026-05-21 10:20:38,2026-05-22,4,羽毛球馆-2号,20:30-21:30,1,1,已售/已满,已售,多云,19,17,4,0.0,79,32
2026-05-21 10:30:41,2026-05-22,4,羽毛球馆-2号,20:30-21:30,1,1,已售/已满,已售,多云,19,18,3,0.0,78,31
2026-05-21 11:00:44,2026-05-22,4,羽毛球馆-2号,20:30-21:30,1,1,已售/已满,已售,多云,21,17,5,0.0,74,31
2026-05-21 11:30:38,2026-05-22,4,羽毛球馆-2号,20:30-21:30,1,1,已售/已满,已售,多云,21,19,3,0.0,72,33
2026-05-21 12:00:46,2026-05-22,4,羽毛球馆-2号,20:30-21:30,1,1,已售/已满,已售,多云,22,19,4,0.0,70,33
2026-05-21 12:30:42,2026-05-22,4,羽毛球馆-2号,20:30-21:30,1,1,已售/已满,已售,多云,22,21,3,0.0,68,35
2026-05-21 13:00:43,2026-05-22,4,羽毛球馆-2号,20:30-21:30,1,1,已售/已满,已售,多云,24,22,4,0.0,66,35
2026-05-21 13:30:43,2026-05-22,4,羽毛球馆-2号,20:30-21:30,1,1,已售/已满,已售,多云,24,22,4,0.0,66,36
2026-05-21 14:00:48,2026-05-22,4,羽毛球馆-2号,20:30-21:30,1,1,已售/已满,已售,多云,25,23,4,0.0,66,36
2026-05-21 14:30:45,2026-05-22,4,羽毛球馆-2号,20:30-21:30,1,1,已售/已满,已售,晴,25,25,3,0.0,65,39
2026-05-21 15:00:45,2026-05-22,4,羽毛球馆-2号,20:30-21:30,1,1,已售/已满,已售,晴,25,22,4,0.0,56,39
2026-05-21 15:30:43,2026-05-22,4,羽毛球馆-2号,20:30-21:30,1,1,已售/已满,已售,晴,25,23,4,0.0,57,40
2026-05-21 16:00:51,2026-05-22,4,羽毛球馆-2号,20:30-21:30,1,1,已售/已满,已售,晴,25,23,4,0.0,57,40
2026-05-21 16:30:48,2026-05-22,4,羽毛球馆-2号,20:30-21:30,1,1,已售/已满,已售,晴,25,24,3,0.0,60,39
2026-05-21 17:00:49,2026-05-22,4,羽毛球馆-2号,20:30-21:30,1,1,已售/已满,已售,晴,25,24,4,0.0,61,39
2026-05-21 17:30:47,2026-05-22,4,羽毛球馆-2号,20:30-21:30,1,1,已售/已满,已售,多云,24,23,3,0.0,64,39
2026-05-21 18:00:50,2026-05-22,4,羽毛球馆-2号,20:30-21:30,1,1,已售/已满,已售,多云,24,23,3,0.0,68,39
2026-05-21 18:30:50,2026-05-22,4,羽毛球馆-2号,20:30-21:30,1,1,已售/已满,已售,阴,24,25,2,0.0,68,40
2026-05-21 19:00:50,2026-05-22,4,羽毛球馆-2号,20:30-21:30,1,1,已售/已满,已售,阴,23,23,3,0.0,76,40
2026-05-21 19:30:46,2026-05-22,4,羽毛球馆-2号,20:30-21:30,1,1,已售/已满,已售,阴,23,24,2,0.0,77,39
2026-05-21 20:00:49,2026-05-22,4,羽毛球馆-2号,20:30-21:30,1,1,已售/已满,已售,雾,22,23,2,0.0,89,39
2026-05-21 20:30:44,2026-05-22,4,羽毛球馆-2号,20:30-21:30,1,1,已售/已满,已售,雾,22,24,2,0.0,93,43
2026-05-21 21:00:56,2026-05-22,4,羽毛球馆-2号,20:30-21:30,1,1,已售/已满,已售,雾,20,21,2,0.0,98,43
2026-05-21 21:30:46,2026-05-22,4,羽毛球馆-2号,20:30-21:30,1,1,已售/已满,已售,雾,20,22,1,0.0,99,41
2026-05-21 22:01:02,2026-05-22,4,羽毛球馆-2号,20:30-21:30,1,1,已售/已满,已售,雾,19,20,2,0.0,93,41
2026-05-21 22:30:47,2026-05-22,4,羽毛球馆-2号,20:30-21:30,1,1,已售/已满,已售,雾,19,19,3,0.0,88,46
2026-05-21 23:00:56,2026-05-22,4,羽毛球馆-2号,20:30-21:30,1,1,已售/已满,已售,多云,18,17,3,0.0,85,46
2026-05-21 23:30:55,2026-05-22,4,羽毛球馆-2号,20:30-21:30,1,1,已售/已满,已售,多云,18,17,3,0.0,85,48
2026-05-21 08:00:45,2026-05-22,4,羽毛球馆-3号,07:00-08:00,0,1,可预约,￥0.0,晴,17,12,5,0.0,86,29
2026-05-21 08:02:30,2026-05-22,4,羽毛球馆-3号,07:00-08:00,0,1,可预约,￥0.0,多云,17,12,5,0.0,87,29
2026-05-21 08:05:36,2026-05-22,4,羽毛球馆-3号,07:00-08:00,0,1,可预约,￥0.0,多云,17,12,5,0.0,86,29
2026-05-21 08:08:31,2026-05-22,4,羽毛球馆-3号,07:00-08:00,0,1,可预约,￥0.0,多云,17,12,5,0.0,86,29
2026-05-21 08:11:30,2026-05-22,4,羽毛球馆-3号,07:00-08:00,0,1,可预约,￥0.0,多云,17,12,5,0.0,86,29
2026-05-21 08:14:31,2026-05-22,4,羽毛球馆-3号,07:00-08:00,0,1,可预约,￥0.0,多云,17,12,5,0.0,86,29
2026-05-21 08:17:30,2026-05-22,4,羽毛球馆-3号,07:00-08:00,0,1,可预约,￥0.0,多云,17,12,5,0.0,86,29
2026-05-21 08:20:35,2026-05-22,4,羽毛球馆-3号,07:00-08:00,0,1,可预约,￥0.0,多云,17,14,4,0.0,85,29
2026-05-21 08:25:32,2026-05-22,4,羽毛球馆-3号,07:00-08:00,0,1,可预约,￥0.0,多云,17,14,4,0.0,85,28
2026-05-21 08:30:42,2026-05-22,4,羽毛球馆-3号,07:00-08:00,0,1,可预约,￥0.0,多云,18,15,4,0.0,84,28
2026-05-21 08:35:31,2026-05-22,4,羽毛球馆-3号,07:00-08:00,0,1,可预约,￥0.0,多云,18,15,4,0.0,84,28
2026-05-21 08:40:38,2026-05-22,4,羽毛球馆-3号,07:00-08:00,0,1,可预约,￥0.0,多云,18,15,4,0.0,82,28
2026-05-21 08:45:33,2026-05-22,4,羽毛球馆-3号,07:00-08:00,0,1,可预约,￥0.0,多云,18,15,4,0.0,82,28
2026-05-21 08:50:36,2026-05-22,4,羽毛球馆-3号,07:00-08:00,0,1,可预约,￥0.0,多云,18,15,4,0.0,82,28
2026-05-21 08:55:34,2026-05-22,4,羽毛球馆-3号,07:00-08:00,0,1,可预约,￥0.0,多云,18,15,4,0.0,84,28
2026-05-21 09:00:51,2026-05-22,4,羽毛球馆-3号,07:00-08:00,0,1,可预约,￥0.0,多云,18,15,4,0.0,84,28
2026-05-21 09:01:59,2026-05-22,4,羽毛球馆-3号,07:00-08:00,0,1,可预约,￥0.0,多云,18,15,4,0.0,83,28
2026-05-21 09:05:33,2026-05-22,4,羽毛球馆-3号,07:00-08:00,0,1,可预约,￥0.0,多云,18,15,4,0.0,83,28
2026-05-21 09:20:38,2026-05-22,4,羽毛球馆-3号,07:00-08:00,0,1,可预约,￥0.0,多云,18,16,3,0.0,81,28
2026-05-21 09:30:46,2026-05-22,4,羽毛球馆-3号,07:00-08:00,0,1,可预约,￥0.0,多云,18,16,3,0.0,81,32
2026-05-21 09:40:36,2026-05-22,4,羽毛球馆-3号,07:00-08:00,0,1,可预约,￥0.0,多云,19,17,3,0.0,79,32
2026-05-21 09:50:42,2026-05-22,4,羽毛球馆-3号,07:00-08:00,0,1,可预约,￥0.0,多云,19,17,4,0.0,81,32
2026-05-21 10:00:46,2026-05-22,4,羽毛球馆-3号,07:00-08:00,0,1,可预约,￥0.0,多云,19,17,4,0.0,79,32
2026-05-21 10:10:40,2026-05-22,4,羽毛球馆-3号,07:00-08:00,0,1,可预约,￥0.0,多云,19,17,4,0.0,79,32
2026-05-21 10:20:38,2026-05-22,4,羽毛球馆-3号,07:00-08:00,0,1,可预约,￥0.0,多云,19,17,4,0.0,79,32
2026-05-21 10:30:41,2026-05-22,4,羽毛球馆-3号,07:00-08:00,0,1,可预约,￥0.0,多云,19,18,3,0.0,78,31
2026-05-21 11:00:44,2026-05-22,4,羽毛球馆-3号,07:00-08:00,0,1,可预约,￥0.0,多云,21,17,5,0.0,74,31
2026-05-21 11:30:38,2026-05-22,4,羽毛球馆-3号,07:00-08:00,0,1,可预约,￥0.0,多云,21,19,3,0.0,72,33
2026-05-21 12:00:46,2026-05-22,4,羽毛球馆-3号,07:00-08:00,0,1,可预约,￥0.0,多云,22,19,4,0.0,70,33
2026-05-21 12:30:42,2026-05-22,4,羽毛球馆-3号,07:00-08:00,0,1,可预约,￥0.0,多云,22,21,3,0.0,68,35
2026-05-21 13:00:43,2026-05-22,4,羽毛球馆-3号,07:00-08:00,0,1,可预约,￥0.0,多云,24,22,4,0.0,66,35
2026-05-21 13:30:43,2026-05-22,4,羽毛球馆-3号,07:00-08:00,0,1,可预约,￥0.0,多云,24,22,4,0.0,66,36
2026-05-21 14:00:48,2026-05-22,4,羽毛球馆-3号,07:00-08:00,0,1,可预约,￥0.0,多云,25,23,4,0.0,66,36
2026-05-21 14:30:45,2026-05-22,4,羽毛球馆-3号,07:00-08:00,0,1,可预约,￥0.0,晴,25,25,3,0.0,65,39
2026-05-21 15:00:45,2026-05-22,4,羽毛球馆-3号,07:00-08:00,0,1,可预约,￥0.0,晴,25,22,4,0.0,56,39
2026-05-21 15:30:43,2026-05-22,4,羽毛球馆-3号,07:00-08:00,0,1,可预约,￥0.0,晴,25,23,4,0.0,57,40
2026-05-21 16:00:51,2026-05-22,4,羽毛球馆-3号,07:00-08:00,0,1,可预约,￥0.0,晴,25,23,4,0.0,57,40
2026-05-21 16:30:48,2026-05-22,4,羽毛球馆-3号,07:00-08:00,0,1,可预约,￥0.0,晴,25,24,3,0.0,60,39
2026-05-21 17:00:49,2026-05-22,4,羽毛球馆-3号,07:00-08:00,0,1,可预约,￥0.0,晴,25,24,4,0.0,61,39
2026-05-21 17:30:47,2026-05-22,4,羽毛球馆-3号,07:00-08:00,0,1,可预约,￥0.0,多云,24,23,3,0.0,64,39
2026-05-21 18:00:50,2026-05-22,4,羽毛球馆-3号,07:00-08:00,0,1,可预约,￥0.0,多云,24,23,3,0.0,68,39
2026-05-21 18:30:50,2026-05-22,4,羽毛球馆-3号,07:00-08:00,0,1,可预约,￥0.0,阴,24,25,2,0.0,68,40
2026-05-21 19:00:50,2026-05-22,4,羽毛球馆-3号,07:00-08:00,0,1,可预约,￥0.0,阴,23,23,3,0.0,76,40
2026-05-21 19:30:46,2026-05-22,4,羽毛球馆-3号,07:00-08:00,0,1,可预约,￥0.0,阴,23,24,2,0.0,77,39
2026-05-21 20:00:49,2026-05-22,4,羽毛球馆-3号,07:00-08:00,0,1,可预约,￥0.0,雾,22,23,2,0.0,89,39
2026-05-21 20:30:44,2026-05-22,4,羽毛球馆-3号,07:00-08:00,0,1,可预约,￥0.0,雾,22,24,2,0.0,93,43
2026-05-21 21:00:56,2026-05-22,4,羽毛球馆-3号,07:00-08:00,0,1,可预约,￥0.0,雾,20,21,2,0.0,98,43
2026-05-21 21:30:46,2026-05-22,4,羽毛球馆-3号,07:00-08:00,0,1,可预约,￥0.0,雾,20,22,1,0.0,99,41
2026-05-21 22:01:02,2026-05-22,4,羽毛球馆-3号,07:00-08:00,0,1,可预约,￥0.0,雾,19,20,2,0.0,93,41
2026-05-21 22:30:47,2026-05-22,4,羽毛球馆-3号,07:00-08:00,0,1,可预约,￥0.0,雾,19,19,3,0.0,88,46
2026-05-21 23:00:56,2026-05-22,4,羽毛球馆-3号,07:00-08:00,0,1,可预约,￥0.0,多云,18,17,3,0.0,85,46
2026-05-21 23:30:55,2026-05-22,4,羽毛球馆-3号,07:00-08:00,0,1,可预约,￥0.0,多云,18,17,3,0.0,85,48
2026-05-21 08:00:45,2026-05-22,4,羽毛球馆-3号,08:00-09:00,0,1,可预约,￥0.0,晴,17,12,5,0.0,86,29
2026-05-21 08:02:30,2026-05-22,4,羽毛球馆-3号,08:00-09:00,0,1,可预约,￥0.0,多云,17,12,5,0.0,87,29
2026-05-21 08:05:36,2026-05-22,4,羽毛球馆-3号,08:00-09:00,0,1,可预约,￥0.0,多云,17,12,5,0.0,86,29
2026-05-21 08:08:31,2026-05-22,4,羽毛球馆-3号,08:00-09:00,0,1,可预约,￥0.0,多云,17,12,5,0.0,86,29
2026-05-21 08:11:30,2026-05-22,4,羽毛球馆-3号,08:00-09:00,0,1,可预约,￥0.0,多云,17,12,5,0.0,86,29
2026-05-21 08:14:31,2026-05-22,4,羽毛球馆-3号,08:00-09:00,0,1,可预约,￥0.0,多云,17,12,5,0.0,86,29
2026-05-21 08:17:30,2026-05-22,4,羽毛球馆-3号,08:00-09:00,0,1,可预约,￥0.0,多云,17,12,5,0.0,86,29
2026-05-21 08:20:35,2026-05-22,4,羽毛球馆-3号,08:00-09:00,0,1,可预约,￥0.0,多云,17,14,4,0.0,85,29
2026-05-21 08:25:32,2026-05-22,4,羽毛球馆-3号,08:00-09:00,0,1,可预约,￥0.0,多云,17,14,4,0.0,85,28
2026-05-21 08:30:42,2026-05-22,4,羽毛球馆-3号,08:00-09:00,0,1,可预约,￥0.0,多云,18,15,4,0.0,84,28
2026-05-21 08:35:31,2026-05-22,4,羽毛球馆-3号,08:00-09:00,0,1,可预约,￥0.0,多云,18,15,4,0.0,84,28
2026-05-21 08:40:38,2026-05-22,4,羽毛球馆-3号,08:00-09:00,0,1,可预约,￥0.0,多云,18,15,4,0.0,82,28
2026-05-21 08:45:33,2026-05-22,4,羽毛球馆-3号,08:00-09:00,0,1,可预约,￥0.0,多云,18,15,4,0.0,82,28
2026-05-21 08:50:36,2026-05-22,4,羽毛球馆-3号,08:00-09:00,0,1,可预约,￥0.0,多云,18,15,4,0.0,82,28
2026-05-21 08:55:34,2026-05-22,4,羽毛球馆-3号,08:00-09:00,0,1,可预约,￥0.0,多云,18,15,4,0.0,84,28
2026-05-21 09:00:51,2026-05-22,4,羽毛球馆-3号,08:00-09:00,0,1,可预约,￥0.0,多云,18,15,4,0.0,84,28
2026-05-21 09:01:59,2026-05-22,4,羽毛球馆-3号,08:00-09:00,0,1,可预约,￥0.0,多云,18,15,4,0.0,83,28
2026-05-21 09:05:33,2026-05-22,4,羽毛球馆-3号,08:00-09:00,0,1,可预约,￥0.0,多云,18,15,4,0.0,83,28
2026-05-21 09:20:38,2026-05-22,4,羽毛球馆-3号,08:00-09:00,0,1,可预约,￥0.0,多云,18,16,3,0.0,81,28
2026-05-21 09:30:46,2026-05-22,4,羽毛球馆-3号,08:00-09:00,0,1,可预约,￥0.0,多云,18,16,3,0.0,81,32
2026-05-21 09:40:36,2026-05-22,4,羽毛球馆-3号,08:00-09:00,0,1,可预约,￥0.0,多云,19,17,3,0.0,79,32
2026-05-21 09:50:42,2026-05-22,4,羽毛球馆-3号,08:00-09:00,0,1,可预约,￥0.0,多云,19,17,4,0.0,81,32
2026-05-21 10:00:46,2026-05-22,4,羽毛球馆-3号,08:00-09:00,0,1,可预约,￥0.0,多云,19,17,4,0.0,79,32
2026-05-21 10:10:40,2026-05-22,4,羽毛球馆-3号,08:00-09:00,0,1,可预约,￥0.0,多云,19,17,4,0.0,79,32
2026-05-21 10:20:38,2026-05-22,4,羽毛球馆-3号,08:00-09:00,0,1,可预约,￥0.0,多云,19,17,4,0.0,79,32
2026-05-21 10:30:41,2026-05-22,4,羽毛球馆-3号,08:00-09:00,0,1,可预约,￥0.0,多云,19,18,3,0.0,78,31
2026-05-21 11:00:44,2026-05-22,4,羽毛球馆-3号,08:00-09:00,0,1,可预约,￥0.0,多云,21,17,5,0.0,74,31
2026-05-21 11:30:38,2026-05-22,4,羽毛球馆-3号,08:00-09:00,0,1,可预约,￥0.0,多云,21,19,3,0.0,72,33
2026-05-21 12:00:46,2026-05-22,4,羽毛球馆-3号,08:00-09:00,0,1,可预约,￥0.0,多云,22,19,4,0.0,70,33
2026-05-21 12:30:42,2026-05-22,4,羽毛球馆-3号,08:00-09:00,0,1,可预约,￥0.0,多云,22,21,3,0.0,68,35
2026-05-21 13:00:43,2026-05-22,4,羽毛球馆-3号,08:00-09:00,0,1,可预约,￥0.0,多云,24,22,4,0.0,66,35
2026-05-21 13:30:43,2026-05-22,4,羽毛球馆-3号,08:00-09:00,0,1,可预约,￥0.0,多云,24,22,4,0.0,66,36
2026-05-21 14:00:48,2026-05-22,4,羽毛球馆-3号,08:00-09:00,0,1,可预约,￥0.0,多云,25,23,4,0.0,66,36
2026-05-21 14:30:45,2026-05-22,4,羽毛球馆-3号,08:00-09:00,0,1,可预约,￥0.0,晴,25,25,3,0.0,65,39
2026-05-21 15:00:45,2026-05-22,4,羽毛球馆-3号,08:00-09:00,0,1,可预约,￥0.0,晴,25,22,4,0.0,56,39
2026-05-21 15:30:43,2026-05-22,4,羽毛球馆-3号,08:00-09:00,0,1,可预约,￥0.0,晴,25,23,4,0.0,57,40
2026-05-21 16:00:51,2026-05-22,4,羽毛球馆-3号,08:00-09:00,0,1,可预约,￥0.0,晴,25,23,4,0.0,57,40
2026-05-21 16:30:48,2026-05-22,4,羽毛球馆-3号,08:00-09:00,0,1,可预约,￥0.0,晴,25,24,3,0.0,60,39
2026-05-21 17:00:49,2026-05-22,4,羽毛球馆-3号,08:00-09:00,0,1,可预约,￥0.0,晴,25,24,4,0.0,61,39
2026-05-21 17:30:47,2026-05-22,4,羽毛球馆-3号,08:00-09:00,0,1,可预约,￥0.0,多云,24,23,3,0.0,64,39
2026-05-21 18:00:50,2026-05-22,4,羽毛球馆-3号,08:00-09:00,0,1,可预约,￥0.0,多云,24,23,3,0.0,68,39
2026-05-21 18:30:50,2026-05-22,4,羽毛球馆-3号,08:00-09:00,0,1,可预约,￥0.0,阴,24,25,2,0.0,68,40
2026-05-21 19:00:50,2026-05-22,4,羽毛球馆-3号,08:00-09:00,0,1,可预约,￥0.0,阴,23,23,3,0.0,76,40
2026-05-21 19:30:46,2026-05-22,4,羽毛球馆-3号,08:00-09:00,0,1,可预约,￥0.0,阴,23,24,2,0.0,77,39
2026-05-21 20:00:49,2026-05-22,4,羽毛球馆-3号,08:00-09:00,0,1,可预约,￥0.0,雾,22,23,2,0.0,89,39
2026-05-21 20:30:44,2026-05-22,4,羽毛球馆-3号,08:00-09:00,0,1,可预约,￥0.0,雾,22,24,2,0.0,93,43
2026-05-21 21:00:56,2026-05-22,4,羽毛球馆-3号,08:00-09:00,0,1,可预约,￥0.0,雾,20,21,2,0.0,98,43
2026-05-21 21:30:46,2026-05-22,4,羽毛球馆-3号,08:00-09:00,0,1,可预约,￥0.0,雾,20,22,1,0.0,99,41
2026-05-21 22:01:02,2026-05-22,4,羽毛球馆-3号,08:00-09:00,0,1,可预约,￥0.0,雾,19,20,2,0.0,93,41
2026-05-21 22:30:47,2026-05-22,4,羽毛球馆-3号,08:00-09:00,0,1,可预约,￥0.0,雾,19,19,3,0.0,88,46
2026-05-21 23:00:56,2026-05-22,4,羽毛球馆-3号,08:00-09:00,0,1,可预约,￥0.0,多云,18,17,3,0.0,85,46
2026-05-21 23:30:55,2026-05-22,4,羽毛球馆-3号,08:00-09:00,0,1,可预约,￥0.0,多云,18,17,3,0.0,85,48
2026-05-21 08:00:45,2026-05-22,4,羽毛球馆-3号,09:00-10:00,0,1,可预约,￥12.0,晴,17,12,5,0.0,86,29
2026-05-21 08:02:30,2026-05-22,4,羽毛球馆-3号,09:00-10:00,0,1,可预约,￥12.0,多云,17,12,5,0.0,87,29
2026-05-21 08:05:36,2026-05-22,4,羽毛球馆-3号,09:00-10:00,0,1,可预约,￥12.0,多云,17,12,5,0.0,86,29
2026-05-21 08:08:31,2026-05-22,4,羽毛球馆-3号,09:00-10:00,0,1,可预约,￥12.0,多云,17,12,5,0.0,86,29
2026-05-21 08:11:30,2026-05-22,4,羽毛球馆-3号,09:00-10:00,0,1,可预约,￥12.0,多云,17,12,5,0.0,86,29
2026-05-21 08:14:31,2026-05-22,4,羽毛球馆-3号,09:00-10:00,0,1,可预约,￥12.0,多云,17,12,5,0.0,86,29
2026-05-21 08:17:30,2026-05-22,4,羽毛球馆-3号,09:00-10:00,0,1,可预约,￥12.0,多云,17,12,5,0.0,86,29
2026-05-21 08:20:35,2026-05-22,4,羽毛球馆-3号,09:00-10:00,0,1,可预约,￥12.0,多云,17,14,4,0.0,85,29
2026-05-21 08:25:32,2026-05-22,4,羽毛球馆-3号,09:00-10:00,0,1,可预约,￥12.0,多云,17,14,4,0.0,85,28
2026-05-21 08:30:42,2026-05-22,4,羽毛球馆-3号,09:00-10:00,0,1,可预约,￥12.0,多云,18,15,4,0.0,84,28
2026-05-21 08:35:31,2026-05-22,4,羽毛球馆-3号,09:00-10:00,0,1,可预约,￥12.0,多云,18,15,4,0.0,84,28
2026-05-21 08:40:38,2026-05-22,4,羽毛球馆-3号,09:00-10:00,0,1,可预约,￥12.0,多云,18,15,4,0.0,82,28
2026-05-21 08:45:33,2026-05-22,4,羽毛球馆-3号,09:00-10:00,0,1,可预约,￥12.0,多云,18,15,4,0.0,82,28
2026-05-21 08:50:36,2026-05-22,4,羽毛球馆-3号,09:00-10:00,0,1,可预约,￥12.0,多云,18,15,4,0.0,82,28
2026-05-21 08:55:34,2026-05-22,4,羽毛球馆-3号,09:00-10:00,0,1,可预约,￥12.0,多云,18,15,4,0.0,84,28
2026-05-21 09:00:51,2026-05-22,4,羽毛球馆-3号,09:00-10:00,0,1,可预约,￥12.0,多云,18,15,4,0.0,84,28
2026-05-21 09:01:59,2026-05-22,4,羽毛球馆-3号,09:00-10:00,0,1,可预约,￥12.0,多云,18,15,4,0.0,83,28
2026-05-21 09:05:33,2026-05-22,4,羽毛球馆-3号,09:00-10:00,0,1,可预约,￥12.0,多云,18,15,4,0.0,83,28
2026-05-21 09:20:38,2026-05-22,4,羽毛球馆-3号,09:00-10:00,0,1,可预约,￥12.0,多云,18,16,3,0.0,81,28
2026-05-21 09:30:46,2026-05-22,4,羽毛球馆-3号,09:00-10:00,0,1,可预约,￥12.0,多云,18,16,3,0.0,81,32
2026-05-21 09:40:36,2026-05-22,4,羽毛球馆-3号,09:00-10:00,0,1,可预约,￥12.0,多云,19,17,3,0.0,79,32
2026-05-21 09:50:42,2026-05-22,4,羽毛球馆-3号,09:00-10:00,0,1,可预约,￥12.0,多云,19,17,4,0.0,81,32
2026-05-21 10:00:46,2026-05-22,4,羽毛球馆-3号,09:00-10:00,0,1,可预约,￥12.0,多云,19,17,4,0.0,79,32
2026-05-21 10:10:40,2026-05-22,4,羽毛球馆-3号,09:00-10:00,0,1,可预约,￥12.0,多云,19,17,4,0.0,79,32
2026-05-21 10:20:38,2026-05-22,4,羽毛球馆-3号,09:00-10:00,0,1,可预约,￥12.0,多云,19,17,4,0.0,79,32
2026-05-21 10:30:41,2026-05-22,4,羽毛球馆-3号,09:00-10:00,0,1,可预约,￥12.0,多云,19,18,3,0.0,78,31
2026-05-21 11:00:44,2026-05-22,4,羽毛球馆-3号,09:00-10:00,0,1,可预约,￥12.0,多云,21,17,5,0.0,74,31
2026-05-21 11:30:38,2026-05-22,4,羽毛球馆-3号,09:00-10:00,0,1,可预约,￥12.0,多云,21,19,3,0.0,72,33
2026-05-21 12:00:46,2026-05-22,4,羽毛球馆-3号,09:00-10:00,0,1,可预约,￥12.0,多云,22,19,4,0.0,70,33
2026-05-21 12:30:42,2026-05-22,4,羽毛球馆-3号,09:00-10:00,0,1,可预约,￥12.0,多云,22,21,3,0.0,68,35
2026-05-21 13:00:43,2026-05-22,4,羽毛球馆-3号,09:00-10:00,0,1,可预约,￥12.0,多云,24,22,4,0.0,66,35
2026-05-21 13:30:43,2026-05-22,4,羽毛球馆-3号,09:00-10:00,0,1,可预约,￥12.0,多云,24,22,4,0.0,66,36
2026-05-21 14:00:48,2026-05-22,4,羽毛球馆-3号,09:00-10:00,0,1,可预约,￥12.0,多云,25,23,4,0.0,66,36
2026-05-21 14:30:45,2026-05-22,4,羽毛球馆-3号,09:00-10:00,0,1,可预约,￥12.0,晴,25,25,3,0.0,65,39
2026-05-21 15:00:45,2026-05-22,4,羽毛球馆-3号,09:00-10:00,0,1,可预约,￥12.0,晴,25,22,4,0.0,56,39
2026-05-21 15:30:43,2026-05-22,4,羽毛球馆-3号,09:00-10:00,0,1,可预约,￥12.0,晴,25,23,4,0.0,57,40
2026-05-21 16:00:51,2026-05-22,4,羽毛球馆-3号,09:00-10:00,0,1,可预约,￥12.0,晴,25,23,4,0.0,57,40
2026-05-21 16:30:48,2026-05-22,4,羽毛球馆-3号,09:00-10:00,0,1,可预约,￥12.0,晴,25,24,3,0.0,60,39
2026-05-21 17:00:49,2026-05-22,4,羽毛球馆-3号,09:00-10:00,0,1,可预约,￥12.0,晴,25,24,4,0.0,61,39
2026-05-21 17:30:47,2026-05-22,4,羽毛球馆-3号,09:00-10:00,0,1,可预约,￥12.0,多云,24,23,3,0.0,64,39
2026-05-21 18:00:50,2026-05-22,4,羽毛球馆-3号,09:00-10:00,0,1,可预约,￥12.0,多云,24,23,3,0.0,68,39
2026-05-21 18:30:50,2026-05-22,4,羽毛球馆-3号,09:00-10:00,0,1,可预约,￥12.0,阴,24,25,2,0.0,68,40
2026-05-21 19:00:50,2026-05-22,4,羽毛球馆-3号,09:00-10:00,0,1,可预约,￥12.0,阴,23,23,3,0.0,76,40
2026-05-21 19:30:46,2026-05-22,4,羽毛球馆-3号,09:00-10:00,0,1,可预约,￥12.0,阴,23,24,2,0.0,77,39
2026-05-21 20:00:49,2026-05-22,4,羽毛球馆-3号,09:00-10:00,0,1,可预约,￥12.0,雾,22,23,2,0.0,89,39
2026-05-21 20:30:44,2026-05-22,4,羽毛球馆-3号,09:00-10:00,0,1,可预约,￥12.0,雾,22,24,2,0.0,93,43
2026-05-21 21:00:56,2026-05-22,4,羽毛球馆-3号,09:00-10:00,0,1,可预约,￥12.0,雾,20,21,2,0.0,98,43
2026-05-21 21:30:46,2026-05-22,4,羽毛球馆-3号,09:00-10:00,0,1,可预约,￥12.0,雾,20,22,1,0.0,99,41
2026-05-21 22:01:02,2026-05-22,4,羽毛球馆-3号,09:00-10:00,0,1,可预约,￥12.0,雾,19,20,2,0.0,93,41
2026-05-21 22:30:47,2026-05-22,4,羽毛球馆-3号,09:00-10:00,0,1,可预约,￥12.0,雾,19,19,3,0.0,88,46
2026-05-21 23:00:56,2026-05-22,4,羽毛球馆-3号,09:00-10:00,0,1,可预约,￥12.0,多云,18,17,3,0.0,85,46
2026-05-21 23:30:55,2026-05-22,4,羽毛球馆-3号,09:00-10:00,0,1,可预约,￥12.0,多云,18,17,3,0.0,85,48
2026-05-21 08:00:45,2026-05-22,4,羽毛球馆-3号,10:00-11:00,1,1,已售/已满,教学时间,晴,17,12,5,0.0,86,29
2026-05-21 08:02:30,2026-05-22,4,羽毛球馆-3号,10:00-11:00,1,1,已售/已满,教学时间,多云,17,12,5,0.0,87,29
2026-05-21 08:05:36,2026-05-22,4,羽毛球馆-3号,10:00-11:00,1,1,已售/已满,教学时间,多云,17,12,5,0.0,86,29
2026-05-21 08:08:31,2026-05-22,4,羽毛球馆-3号,10:00-11:00,1,1,已售/已满,教学时间,多云,17,12,5,0.0,86,29
2026-05-21 08:11:30,2026-05-22,4,羽毛球馆-3号,10:00-11:00,1,1,已售/已满,教学时间,多云,17,12,5,0.0,86,29
2026-05-21 08:14:31,2026-05-22,4,羽毛球馆-3号,10:00-11:00,1,1,已售/已满,教学时间,多云,17,12,5,0.0,86,29
2026-05-21 08:17:30,2026-05-22,4,羽毛球馆-3号,10:00-11:00,1,1,已售/已满,教学时间,多云,17,12,5,0.0,86,29
2026-05-21 08:20:35,2026-05-22,4,羽毛球馆-3号,10:00-11:00,1,1,已售/已满,教学时间,多云,17,14,4,0.0,85,29
2026-05-21 08:25:32,2026-05-22,4,羽毛球馆-3号,10:00-11:00,1,1,已售/已满,教学时间,多云,17,14,4,0.0,85,28
2026-05-21 08:30:42,2026-05-22,4,羽毛球馆-3号,10:00-11:00,1,1,已售/已满,教学时间,多云,18,15,4,0.0,84,28
2026-05-21 08:35:31,2026-05-22,4,羽毛球馆-3号,10:00-11:00,1,1,已售/已满,教学时间,多云,18,15,4,0.0,84,28
2026-05-21 08:40:38,2026-05-22,4,羽毛球馆-3号,10:00-11:00,1,1,已售/已满,教学时间,多云,18,15,4,0.0,82,28
2026-05-21 08:45:33,2026-05-22,4,羽毛球馆-3号,10:00-11:00,1,1,已售/已满,教学时间,多云,18,15,4,0.0,82,28
2026-05-21 08:50:36,2026-05-22,4,羽毛球馆-3号,10:00-11:00,1,1,已售/已满,教学时间,多云,18,15,4,0.0,82,28
2026-05-21 08:55:34,2026-05-22,4,羽毛球馆-3号,10:00-11:00,1,1,已售/已满,教学时间,多云,18,15,4,0.0,84,28
2026-05-21 09:00:51,2026-05-22,4,羽毛球馆-3号,10:00-11:00,1,1,已售/已满,教学时间,多云,18,15,4,0.0,84,28
2026-05-21 09:01:59,2026-05-22,4,羽毛球馆-3号,10:00-11:00,1,1,已售/已满,教学时间,多云,18,15,4,0.0,83,28
2026-05-21 09:05:33,2026-05-22,4,羽毛球馆-3号,10:00-11:00,1,1,已售/已满,教学时间,多云,18,15,4,0.0,83,28
2026-05-21 09:20:38,2026-05-22,4,羽毛球馆-3号,10:00-11:00,1,1,已售/已满,教学时间,多云,18,16,3,0.0,81,28
2026-05-21 09:30:46,2026-05-22,4,羽毛球馆-3号,10:00-11:00,1,1,已售/已满,教学时间,多云,18,16,3,0.0,81,32
2026-05-21 09:40:36,2026-05-22,4,羽毛球馆-3号,10:00-11:00,1,1,已售/已满,教学时间,多云,19,17,3,0.0,79,32
2026-05-21 09:50:42,2026-05-22,4,羽毛球馆-3号,10:00-11:00,1,1,已售/已满,教学时间,多云,19,17,4,0.0,81,32
2026-05-21 10:00:46,2026-05-22,4,羽毛球馆-3号,10:00-11:00,1,1,已售/已满,教学时间,多云,19,17,4,0.0,79,32
2026-05-21 10:10:40,2026-05-22,4,羽毛球馆-3号,10:00-11:00,1,1,已售/已满,教学时间,多云,19,17,4,0.0,79,32
2026-05-21 10:20:38,2026-05-22,4,羽毛球馆-3号,10:00-11:00,1,1,已售/已满,教学时间,多云,19,17,4,0.0,79,32
2026-05-21 10:30:41,2026-05-22,4,羽毛球馆-3号,10:00-11:00,1,1,已售/已满,教学时间,多云,19,18,3,0.0,78,31
2026-05-21 11:00:44,2026-05-22,4,羽毛球馆-3号,10:00-11:00,1,1,已售/已满,教学时间,多云,21,17,5,0.0,74,31
2026-05-21 11:30:38,2026-05-22,4,羽毛球馆-3号,10:00-11:00,1,1,已售/已满,教学时间,多云,21,19,3,0.0,72,33
2026-05-21 12:00:46,2026-05-22,4,羽毛球馆-3号,10:00-11:00,1,1,已售/已满,教学时间,多云,22,19,4,0.0,70,33
2026-05-21 12:30:42,2026-05-22,4,羽毛球馆-3号,10:00-11:00,1,1,已售/已满,教学时间,多云,22,21,3,0.0,68,35
2026-05-21 13:00:43,2026-05-22,4,羽毛球馆-3号,10:00-11:00,1,1,已售/已满,教学时间,多云,24,22,4,0.0,66,35
2026-05-21 13:30:43,2026-05-22,4,羽毛球馆-3号,10:00-11:00,1,1,已售/已满,教学时间,多云,24,22,4,0.0,66,36
2026-05-21 14:00:48,2026-05-22,4,羽毛球馆-3号,10:00-11:00,1,1,已售/已满,教学时间,多云,25,23,4,0.0,66,36
2026-05-21 14:30:45,2026-05-22,4,羽毛球馆-3号,10:00-11:00,1,1,已售/已满,教学时间,晴,25,25,3,0.0,65,39
2026-05-21 15:00:45,2026-05-22,4,羽毛球馆-3号,10:00-11:00,1,1,已售/已满,教学时间,晴,25,22,4,0.0,56,39
2026-05-21 15:30:43,2026-05-22,4,羽毛球馆-3号,10:00-11:00,1,1,已售/已满,教学时间,晴,25,23,4,0.0,57,40
2026-05-21 16:00:51,2026-05-22,4,羽毛球馆-3号,10:00-11:00,1,1,已售/已满,教学时间,晴,25,23,4,0.0,57,40
2026-05-21 16:30:48,2026-05-22,4,羽毛球馆-3号,10:00-11:00,1,1,已售/已满,教学时间,晴,25,24,3,0.0,60,39
2026-05-21 17:00:49,2026-05-22,4,羽毛球馆-3号,10:00-11:00,1,1,已售/已满,教学时间,晴,25,24,4,0.0,61,39
2026-05-21 17:30:47,2026-05-22,4,羽毛球馆-3号,10:00-11:00,1,1,已售/已满,教学时间,多云,24,23,3,0.0,64,39
2026-05-21 18:00:50,2026-05-22,4,羽毛球馆-3号,10:00-11:00,1,1,已售/已满,教学时间,多云,24,23,3,0.0,68,39
2026-05-21 18:30:50,2026-05-22,4,羽毛球馆-3号,10:00-11:00,1,1,已售/已满,教学时间,阴,24,25,2,0.0,68,40
2026-05-21 19:00:50,2026-05-22,4,羽毛球馆-3号,10:00-11:00,1,1,已售/已满,教学时间,阴,23,23,3,0.0,76,40
2026-05-21 19:30:46,2026-05-22,4,羽毛球馆-3号,10:00-11:00,1,1,已售/已满,教学时间,阴,23,24,2,0.0,77,39
2026-05-21 20:00:49,2026-05-22,4,羽毛球馆-3号,10:00-11:00,1,1,已售/已满,教学时间,雾,22,23,2,0.0,89,39
2026-05-21 20:30:44,2026-05-22,4,羽毛球馆-3号,10:00-11:00,1,1,已售/已满,教学时间,雾,22,24,2,0.0,93,43
2026-05-21 21:00:56,2026-05-22,4,羽毛球馆-3号,10:00-11:00,1,1,已售/已满,教学时间,雾,20,21,2,0.0,98,43
2026-05-21 21:30:46,2026-05-22,4,羽毛球馆-3号,10:00-11:00,1,1,已售/已满,教学时间,雾,20,22,1,0.0,99,41
2026-05-21 22:01:02,2026-05-22,4,羽毛球馆-3号,10:00-11:00,1,1,已售/已满,教学时间,雾,19,20,2,0.0,93,41
2026-05-21 22:30:47,2026-05-22,4,羽毛球馆-3号,10:00-11:00,1,1,已售/已满,教学时间,雾,19,19,3,0.0,88,46
2026-05-21 23:00:56,2026-05-22,4,羽毛球馆-3号,10:00-11:00,1,1,已售/已满,教学时间,多云,18,17,3,0.0,85,46
2026-05-21 23:30:55,2026-05-22,4,羽毛球馆-3号,10:00-11:00,1,1,已售/已满,教学时间,多云,18,17,3,0.0,85,48
2026-05-21 08:00:45,2026-05-22,4,羽毛球馆-3号,11:00-12:00,1,1,已售/已满,教学时间,晴,17,12,5,0.0,86,29
2026-05-21 08:02:30,2026-05-22,4,羽毛球馆-3号,11:00-12:00,1,1,已售/已满,教学时间,多云,17,12,5,0.0,87,29
2026-05-21 08:05:36,2026-05-22,4,羽毛球馆-3号,11:00-12:00,1,1,已售/已满,教学时间,多云,17,12,5,0.0,86,29
2026-05-21 08:08:31,2026-05-22,4,羽毛球馆-3号,11:00-12:00,1,1,已售/已满,教学时间,多云,17,12,5,0.0,86,29
2026-05-21 08:11:30,2026-05-22,4,羽毛球馆-3号,11:00-12:00,1,1,已售/已满,教学时间,多云,17,12,5,0.0,86,29
2026-05-21 08:14:31,2026-05-22,4,羽毛球馆-3号,11:00-12:00,1,1,已售/已满,教学时间,多云,17,12,5,0.0,86,29
2026-05-21 08:17:30,2026-05-22,4,羽毛球馆-3号,11:00-12:00,1,1,已售/已满,教学时间,多云,17,12,5,0.0,86,29
2026-05-21 08:20:35,2026-05-22,4,羽毛球馆-3号,11:00-12:00,1,1,已售/已满,教学时间,多云,17,14,4,0.0,85,29
2026-05-21 08:25:32,2026-05-22,4,羽毛球馆-3号,11:00-12:00,1,1,已售/已满,教学时间,多云,17,14,4,0.0,85,28
2026-05-21 08:30:42,2026-05-22,4,羽毛球馆-3号,11:00-12:00,1,1,已售/已满,教学时间,多云,18,15,4,0.0,84,28
2026-05-21 08:35:31,2026-05-22,4,羽毛球馆-3号,11:00-12:00,1,1,已售/已满,教学时间,多云,18,15,4,0.0,84,28
2026-05-21 08:40:38,2026-05-22,4,羽毛球馆-3号,11:00-12:00,1,1,已售/已满,教学时间,多云,18,15,4,0.0,82,28
2026-05-21 08:45:33,2026-05-22,4,羽毛球馆-3号,11:00-12:00,1,1,已售/已满,教学时间,多云,18,15,4,0.0,82,28
2026-05-21 08:50:36,2026-05-22,4,羽毛球馆-3号,11:00-12:00,1,1,已售/已满,教学时间,多云,18,15,4,0.0,82,28
2026-05-21 08:55:34,2026-05-22,4,羽毛球馆-3号,11:00-12:00,1,1,已售/已满,教学时间,多云,18,15,4,0.0,84,28
2026-05-21 09:00:51,2026-05-22,4,羽毛球馆-3号,11:00-12:00,1,1,已售/已满,教学时间,多云,18,15,4,0.0,84,28
2026-05-21 09:01:59,2026-05-22,4,羽毛球馆-3号,11:00-12:00,1,1,已售/已满,教学时间,多云,18,15,4,0.0,83,28
2026-05-21 09:05:33,2026-05-22,4,羽毛球馆-3号,11:00-12:00,1,1,已售/已满,教学时间,多云,18,15,4,0.0,83,28
2026-05-21 09:20:38,2026-05-22,4,羽毛球馆-3号,11:00-12:00,1,1,已售/已满,教学时间,多云,18,16,3,0.0,81,28
2026-05-21 09:30:46,2026-05-22,4,羽毛球馆-3号,11:00-12:00,1,1,已售/已满,教学时间,多云,18,16,3,0.0,81,32
2026-05-21 09:40:36,2026-05-22,4,羽毛球馆-3号,11:00-12:00,1,1,已售/已满,教学时间,多云,19,17,3,0.0,79,32
2026-05-21 09:50:42,2026-05-22,4,羽毛球馆-3号,11:00-12:00,1,1,已售/已满,教学时间,多云,19,17,4,0.0,81,32
2026-05-21 10:00:46,2026-05-22,4,羽毛球馆-3号,11:00-12:00,1,1,已售/已满,教学时间,多云,19,17,4,0.0,79,32
2026-05-21 10:10:40,2026-05-22,4,羽毛球馆-3号,11:00-12:00,1,1,已售/已满,教学时间,多云,19,17,4,0.0,79,32
2026-05-21 10:20:38,2026-05-22,4,羽毛球馆-3号,11:00-12:00,1,1,已售/已满,教学时间,多云,19,17,4,0.0,79,32
2026-05-21 10:30:41,2026-05-22,4,羽毛球馆-3号,11:00-12:00,1,1,已售/已满,教学时间,多云,19,18,3,0.0,78,31
2026-05-21 11:00:44,2026-05-22,4,羽毛球馆-3号,11:00-12:00,1,1,已售/已满,教学时间,多云,21,17,5,0.0,74,31
2026-05-21 11:30:38,2026-05-22,4,羽毛球馆-3号,11:00-12:00,1,1,已售/已满,教学时间,多云,21,19,3,0.0,72,33
2026-05-21 12:00:46,2026-05-22,4,羽毛球馆-3号,11:00-12:00,1,1,已售/已满,教学时间,多云,22,19,4,0.0,70,33
2026-05-21 12:30:42,2026-05-22,4,羽毛球馆-3号,11:00-12:00,1,1,已售/已满,教学时间,多云,22,21,3,0.0,68,35
2026-05-21 13:00:43,2026-05-22,4,羽毛球馆-3号,11:00-12:00,1,1,已售/已满,教学时间,多云,24,22,4,0.0,66,35
2026-05-21 13:30:43,2026-05-22,4,羽毛球馆-3号,11:00-12:00,1,1,已售/已满,教学时间,多云,24,22,4,0.0,66,36
2026-05-21 14:00:48,2026-05-22,4,羽毛球馆-3号,11:00-12:00,1,1,已售/已满,教学时间,多云,25,23,4,0.0,66,36
2026-05-21 14:30:45,2026-05-22,4,羽毛球馆-3号,11:00-12:00,1,1,已售/已满,教学时间,晴,25,25,3,0.0,65,39
2026-05-21 15:00:45,2026-05-22,4,羽毛球馆-3号,11:00-12:00,1,1,已售/已满,教学时间,晴,25,22,4,0.0,56,39
2026-05-21 15:30:43,2026-05-22,4,羽毛球馆-3号,11:00-12:00,1,1,已售/已满,教学时间,晴,25,23,4,0.0,57,40
2026-05-21 16:00:51,2026-05-22,4,羽毛球馆-3号,11:00-12:00,1,1,已售/已满,教学时间,晴,25,23,4,0.0,57,40
2026-05-21 16:30:48,2026-05-22,4,羽毛球馆-3号,11:00-12:00,1,1,已售/已满,教学时间,晴,25,24,3,0.0,60,39
2026-05-21 17:00:49,2026-05-22,4,羽毛球馆-3号,11:00-12:00,1,1,已售/已满,教学时间,晴,25,24,4,0.0,61,39
2026-05-21 17:30:47,2026-05-22,4,羽毛球馆-3号,11:00-12:00,1,1,已售/已满,教学时间,多云,24,23,3,0.0,64,39
2026-05-21 18:00:50,2026-05-22,4,羽毛球馆-3号,11:00-12:00,1,1,已售/已满,教学时间,多云,24,23,3,0.0,68,39
2026-05-21 18:30:50,2026-05-22,4,羽毛球馆-3号,11:00-12:00,1,1,已售/已满,教学时间,阴,24,25,2,0.0,68,40
2026-05-21 19:00:50,2026-05-22,4,羽毛球馆-3号,11:00-12:00,1,1,已售/已满,教学时间,阴,23,23,3,0.0,76,40
2026-05-21 19:30:46,2026-05-22,4,羽毛球馆-3号,11:00-12:00,1,1,已售/已满,教学时间,阴,23,24,2,0.0,77,39
2026-05-21 20:00:49,2026-05-22,4,羽毛球馆-3号,11:00-12:00,1,1,已售/已满,教学时间,雾,22,23,2,0.0,89,39
2026-05-21 20:30:44,2026-05-22,4,羽毛球馆-3号,11:00-12:00,1,1,已售/已满,教学时间,雾,22,24,2,0.0,93,43
2026-05-21 21:00:56,2026-05-22,4,羽毛球馆-3号,11:00-12:00,1,1,已售/已满,教学时间,雾,20,21,2,0.0,98,43
2026-05-21 21:30:46,2026-05-22,4,羽毛球馆-3号,11:00-12:00,1,1,已售/已满,教学时间,雾,20,22,1,0.0,99,41
2026-05-21 22:01:02,2026-05-22,4,羽毛球馆-3号,11:00-12:00,1,1,已售/已满,教学时间,雾,19,20,2,0.0,93,41
2026-05-21 22:30:47,2026-05-22,4,羽毛球馆-3号,11:00-12:00,1,1,已售/已满,教学时间,雾,19,19,3,0.0,88,46
2026-05-21 23:00:56,2026-05-22,4,羽毛球馆-3号,11:00-12:00,1,1,已售/已满,教学时间,多云,18,17,3,0.0,85,46
2026-05-21 23:30:55,2026-05-22,4,羽毛球馆-3号,11:00-12:00,1,1,已售/已满,教学时间,多云,18,17,3,0.0,85,48
2026-05-21 08:00:45,2026-05-22,4,羽毛球馆-3号,12:00-12:55,0,1,可预约,￥0.0,晴,17,12,5,0.0,86,29
2026-05-21 08:02:30,2026-05-22,4,羽毛球馆-3号,12:00-12:55,0,1,可预约,￥0.0,多云,17,12,5,0.0,87,29
2026-05-21 08:05:36,2026-05-22,4,羽毛球馆-3号,12:00-12:55,0,1,可预约,￥0.0,多云,17,12,5,0.0,86,29
2026-05-21 08:08:31,2026-05-22,4,羽毛球馆-3号,12:00-12:55,0,1,可预约,￥0.0,多云,17,12,5,0.0,86,29
2026-05-21 08:11:30,2026-05-22,4,羽毛球馆-3号,12:00-12:55,0,1,可预约,￥0.0,多云,17,12,5,0.0,86,29
2026-05-21 08:14:31,2026-05-22,4,羽毛球馆-3号,12:00-12:55,0,1,可预约,￥0.0,多云,17,12,5,0.0,86,29
2026-05-21 08:17:30,2026-05-22,4,羽毛球馆-3号,12:00-12:55,0,1,可预约,￥0.0,多云,17,12,5,0.0,86,29
2026-05-21 08:20:35,2026-05-22,4,羽毛球馆-3号,12:00-12:55,0,1,可预约,￥0.0,多云,17,14,4,0.0,85,29
2026-05-21 08:25:32,2026-05-22,4,羽毛球馆-3号,12:00-12:55,0,1,可预约,￥0.0,多云,17,14,4,0.0,85,28
2026-05-21 08:30:42,2026-05-22,4,羽毛球馆-3号,12:00-12:55,0,1,可预约,￥0.0,多云,18,15,4,0.0,84,28
2026-05-21 08:35:31,2026-05-22,4,羽毛球馆-3号,12:00-12:55,0,1,可预约,￥0.0,多云,18,15,4,0.0,84,28
2026-05-21 08:40:38,2026-05-22,4,羽毛球馆-3号,12:00-12:55,0,1,可预约,￥0.0,多云,18,15,4,0.0,82,28
2026-05-21 08:45:33,2026-05-22,4,羽毛球馆-3号,12:00-12:55,0,1,可预约,￥0.0,多云,18,15,4,0.0,82,28
2026-05-21 08:50:36,2026-05-22,4,羽毛球馆-3号,12:00-12:55,0,1,可预约,￥0.0,多云,18,15,4,0.0,82,28
2026-05-21 08:55:34,2026-05-22,4,羽毛球馆-3号,12:00-12:55,1,1,已售/已满,已售,多云,18,15,4,0.0,84,28
2026-05-21 09:00:51,2026-05-22,4,羽毛球馆-3号,12:00-12:55,1,1,已售/已满,已售,多云,18,15,4,0.0,84,28
2026-05-21 09:01:59,2026-05-22,4,羽毛球馆-3号,12:00-12:55,1,1,已售/已满,已售,多云,18,15,4,0.0,83,28
2026-05-21 09:05:33,2026-05-22,4,羽毛球馆-3号,12:00-12:55,1,1,已售/已满,已售,多云,18,15,4,0.0,83,28
2026-05-21 09:20:38,2026-05-22,4,羽毛球馆-3号,12:00-12:55,1,1,已售/已满,已售,多云,18,16,3,0.0,81,28
2026-05-21 09:30:46,2026-05-22,4,羽毛球馆-3号,12:00-12:55,1,1,已售/已满,已售,多云,18,16,3,0.0,81,32
2026-05-21 09:40:36,2026-05-22,4,羽毛球馆-3号,12:00-12:55,1,1,已售/已满,已售,多云,19,17,3,0.0,79,32
2026-05-21 09:50:42,2026-05-22,4,羽毛球馆-3号,12:00-12:55,1,1,已售/已满,已售,多云,19,17,4,0.0,81,32
2026-05-21 10:00:46,2026-05-22,4,羽毛球馆-3号,12:00-12:55,1,1,已售/已满,已售,多云,19,17,4,0.0,79,32
2026-05-21 10:10:40,2026-05-22,4,羽毛球馆-3号,12:00-12:55,1,1,已售/已满,已售,多云,19,17,4,0.0,79,32
2026-05-21 10:20:38,2026-05-22,4,羽毛球馆-3号,12:00-12:55,1,1,已售/已满,已售,多云,19,17,4,0.0,79,32
2026-05-21 10:30:41,2026-05-22,4,羽毛球馆-3号,12:00-12:55,1,1,已售/已满,已售,多云,19,18,3,0.0,78,31
2026-05-21 11:00:44,2026-05-22,4,羽毛球馆-3号,12:00-12:55,1,1,已售/已满,已售,多云,21,17,5,0.0,74,31
2026-05-21 11:30:38,2026-05-22,4,羽毛球馆-3号,12:00-12:55,1,1,已售/已满,已售,多云,21,19,3,0.0,72,33
2026-05-21 12:00:46,2026-05-22,4,羽毛球馆-3号,12:00-12:55,1,1,已售/已满,已售,多云,22,19,4,0.0,70,33
2026-05-21 12:30:42,2026-05-22,4,羽毛球馆-3号,12:00-12:55,1,1,已售/已满,已售,多云,22,21,3,0.0,68,35
2026-05-21 13:00:43,2026-05-22,4,羽毛球馆-3号,12:00-12:55,1,1,已售/已满,已售,多云,24,22,4,0.0,66,35
2026-05-21 13:30:43,2026-05-22,4,羽毛球馆-3号,12:00-12:55,1,1,已售/已满,已售,多云,24,22,4,0.0,66,36
2026-05-21 14:00:48,2026-05-22,4,羽毛球馆-3号,12:00-12:55,1,1,已售/已满,已售,多云,25,23,4,0.0,66,36
2026-05-21 14:30:45,2026-05-22,4,羽毛球馆-3号,12:00-12:55,1,1,已售/已满,已售,晴,25,25,3,0.0,65,39
2026-05-21 15:00:45,2026-05-22,4,羽毛球馆-3号,12:00-12:55,1,1,已售/已满,已售,晴,25,22,4,0.0,56,39
2026-05-21 15:30:43,2026-05-22,4,羽毛球馆-3号,12:00-12:55,1,1,已售/已满,已售,晴,25,23,4,0.0,57,40
2026-05-21 16:00:51,2026-05-22,4,羽毛球馆-3号,12:00-12:55,1,1,已售/已满,已售,晴,25,23,4,0.0,57,40
2026-05-21 16:30:48,2026-05-22,4,羽毛球馆-3号,12:00-12:55,1,1,已售/已满,已售,晴,25,24,3,0.0,60,39
2026-05-21 17:00:49,2026-05-22,4,羽毛球馆-3号,12:00-12:55,1,1,已售/已满,已售,晴,25,24,4,0.0,61,39
2026-05-21 17:30:47,2026-05-22,4,羽毛球馆-3号,12:00-12:55,1,1,已售/已满,已售,多云,24,23,3,0.0,64,39
2026-05-21 18:00:50,2026-05-22,4,羽毛球馆-3号,12:00-12:55,1,1,已售/已满,已售,多云,24,23,3,0.0,68,39
2026-05-21 18:30:50,2026-05-22,4,羽毛球馆-3号,12:00-12:55,1,1,已售/已满,已售,阴,24,25,2,0.0,68,40
2026-05-21 19:00:50,2026-05-22,4,羽毛球馆-3号,12:00-12:55,1,1,已售/已满,已售,阴,23,23,3,0.0,76,40
2026-05-21 19:30:46,2026-05-22,4,羽毛球馆-3号,12:00-12:55,1,1,已售/已满,已售,阴,23,24,2,0.0,77,39
2026-05-21 20:00:49,2026-05-22,4,羽毛球馆-3号,12:00-12:55,1,1,已售/已满,已售,雾,22,23,2,0.0,89,39
2026-05-21 20:30:44,2026-05-22,4,羽毛球馆-3号,12:00-12:55,1,1,已售/已满,已售,雾,22,24,2,0.0,93,43
2026-05-21 21:00:56,2026-05-22,4,羽毛球馆-3号,12:00-12:55,1,1,已售/已满,已售,雾,20,21,2,0.0,98,43
2026-05-21 21:30:46,2026-05-22,4,羽毛球馆-3号,12:00-12:55,1,1,已售/已满,已售,雾,20,22,1,0.0,99,41
2026-05-21 22:01:02,2026-05-22,4,羽毛球馆-3号,12:00-12:55,1,1,已售/已满,已售,雾,19,20,2,0.0,93,41
2026-05-21 22:30:47,2026-05-22,4,羽毛球馆-3号,12:00-12:55,1,1,已售/已满,已售,雾,19,19,3,0.0,88,46
2026-05-21 23:00:56,2026-05-22,4,羽毛球馆-3号,12:00-12:55,1,1,已售/已满,已售,多云,18,17,3,0.0,85,46
2026-05-21 23:30:55,2026-05-22,4,羽毛球馆-3号,12:00-12:55,1,1,已售/已满,已售,多云,18,17,3,0.0,85,48
2026-05-21 08:00:45,2026-05-22,4,羽毛球馆-3号,12:55-13:50,0,1,可预约,￥0.0,晴,17,12,5,0.0,86,29
2026-05-21 08:02:30,2026-05-22,4,羽毛球馆-3号,12:55-13:50,0,1,可预约,￥0.0,多云,17,12,5,0.0,87,29
2026-05-21 08:05:36,2026-05-22,4,羽毛球馆-3号,12:55-13:50,0,1,可预约,￥0.0,多云,17,12,5,0.0,86,29
2026-05-21 08:08:31,2026-05-22,4,羽毛球馆-3号,12:55-13:50,0,1,可预约,￥0.0,多云,17,12,5,0.0,86,29
2026-05-21 08:11:30,2026-05-22,4,羽毛球馆-3号,12:55-13:50,0,1,可预约,￥0.0,多云,17,12,5,0.0,86,29
2026-05-21 08:14:31,2026-05-22,4,羽毛球馆-3号,12:55-13:50,0,1,可预约,￥0.0,多云,17,12,5,0.0,86,29
2026-05-21 08:17:30,2026-05-22,4,羽毛球馆-3号,12:55-13:50,0,1,可预约,￥0.0,多云,17,12,5,0.0,86,29
2026-05-21 08:20:35,2026-05-22,4,羽毛球馆-3号,12:55-13:50,0,1,可预约,￥0.0,多云,17,14,4,0.0,85,29
2026-05-21 08:25:32,2026-05-22,4,羽毛球馆-3号,12:55-13:50,0,1,可预约,￥0.0,多云,17,14,4,0.0,85,28
2026-05-21 08:30:42,2026-05-22,4,羽毛球馆-3号,12:55-13:50,0,1,可预约,￥0.0,多云,18,15,4,0.0,84,28
2026-05-21 08:35:31,2026-05-22,4,羽毛球馆-3号,12:55-13:50,0,1,可预约,￥0.0,多云,18,15,4,0.0,84,28
2026-05-21 08:40:38,2026-05-22,4,羽毛球馆-3号,12:55-13:50,0,1,可预约,￥0.0,多云,18,15,4,0.0,82,28
2026-05-21 08:45:33,2026-05-22,4,羽毛球馆-3号,12:55-13:50,0,1,可预约,￥0.0,多云,18,15,4,0.0,82,28
2026-05-21 08:50:36,2026-05-22,4,羽毛球馆-3号,12:55-13:50,0,1,可预约,￥0.0,多云,18,15,4,0.0,82,28
2026-05-21 08:55:34,2026-05-22,4,羽毛球馆-3号,12:55-13:50,1,1,已售/已满,已售,多云,18,15,4,0.0,84,28
2026-05-21 09:00:51,2026-05-22,4,羽毛球馆-3号,12:55-13:50,1,1,已售/已满,已售,多云,18,15,4,0.0,84,28
2026-05-21 09:01:59,2026-05-22,4,羽毛球馆-3号,12:55-13:50,1,1,已售/已满,已售,多云,18,15,4,0.0,83,28
2026-05-21 09:05:33,2026-05-22,4,羽毛球馆-3号,12:55-13:50,1,1,已售/已满,已售,多云,18,15,4,0.0,83,28
2026-05-21 09:20:38,2026-05-22,4,羽毛球馆-3号,12:55-13:50,1,1,已售/已满,已售,多云,18,16,3,0.0,81,28
2026-05-21 09:30:46,2026-05-22,4,羽毛球馆-3号,12:55-13:50,1,1,已售/已满,已售,多云,18,16,3,0.0,81,32
2026-05-21 09:40:36,2026-05-22,4,羽毛球馆-3号,12:55-13:50,1,1,已售/已满,已售,多云,19,17,3,0.0,79,32
2026-05-21 09:50:42,2026-05-22,4,羽毛球馆-3号,12:55-13:50,1,1,已售/已满,已售,多云,19,17,4,0.0,81,32
2026-05-21 10:00:46,2026-05-22,4,羽毛球馆-3号,12:55-13:50,1,1,已售/已满,已售,多云,19,17,4,0.0,79,32
2026-05-21 10:10:40,2026-05-22,4,羽毛球馆-3号,12:55-13:50,1,1,已售/已满,已售,多云,19,17,4,0.0,79,32
2026-05-21 10:20:38,2026-05-22,4,羽毛球馆-3号,12:55-13:50,1,1,已售/已满,已售,多云,19,17,4,0.0,79,32
2026-05-21 10:30:41,2026-05-22,4,羽毛球馆-3号,12:55-13:50,1,1,已售/已满,已售,多云,19,18,3,0.0,78,31
2026-05-21 11:00:44,2026-05-22,4,羽毛球馆-3号,12:55-13:50,1,1,已售/已满,已售,多云,21,17,5,0.0,74,31
2026-05-21 11:30:38,2026-05-22,4,羽毛球馆-3号,12:55-13:50,1,1,已售/已满,已售,多云,21,19,3,0.0,72,33
2026-05-21 12:00:46,2026-05-22,4,羽毛球馆-3号,12:55-13:50,1,1,已售/已满,已售,多云,22,19,4,0.0,70,33
2026-05-21 12:30:42,2026-05-22,4,羽毛球馆-3号,12:55-13:50,1,1,已售/已满,已售,多云,22,21,3,0.0,68,35
2026-05-21 13:00:43,2026-05-22,4,羽毛球馆-3号,12:55-13:50,1,1,已售/已满,已售,多云,24,22,4,0.0,66,35
2026-05-21 13:30:43,2026-05-22,4,羽毛球馆-3号,12:55-13:50,1,1,已售/已满,已售,多云,24,22,4,0.0,66,36
2026-05-21 14:00:48,2026-05-22,4,羽毛球馆-3号,12:55-13:50,1,1,已售/已满,已售,多云,25,23,4,0.0,66,36
2026-05-21 14:30:45,2026-05-22,4,羽毛球馆-3号,12:55-13:50,1,1,已售/已满,已售,晴,25,25,3,0.0,65,39
2026-05-21 15:00:45,2026-05-22,4,羽毛球馆-3号,12:55-13:50,1,1,已售/已满,已售,晴,25,22,4,0.0,56,39
2026-05-21 15:30:43,2026-05-22,4,羽毛球馆-3号,12:55-13:50,1,1,已售/已满,已售,晴,25,23,4,0.0,57,40
2026-05-21 16:00:51,2026-05-22,4,羽毛球馆-3号,12:55-13:50,1,1,已售/已满,已售,晴,25,23,4,0.0,57,40
2026-05-21 16:30:48,2026-05-22,4,羽毛球馆-3号,12:55-13:50,1,1,已售/已满,已售,晴,25,24,3,0.0,60,39
2026-05-21 17:00:49,2026-05-22,4,羽毛球馆-3号,12:55-13:50,1,1,已售/已满,已售,晴,25,24,4,0.0,61,39
2026-05-21 17:30:47,2026-05-22,4,羽毛球馆-3号,12:55-13:50,1,1,已售/已满,已售,多云,24,23,3,0.0,64,39
2026-05-21 18:00:50,2026-05-22,4,羽毛球馆-3号,12:55-13:50,1,1,已售/已满,已售,多云,24,23,3,0.0,68,39
2026-05-21 18:30:50,2026-05-22,4,羽毛球馆-3号,12:55-13:50,1,1,已售/已满,已售,阴,24,25,2,0.0,68,40
2026-05-21 19:00:50,2026-05-22,4,羽毛球馆-3号,12:55-13:50,1,1,已售/已满,已售,阴,23,23,3,0.0,76,40
2026-05-21 19:30:46,2026-05-22,4,羽毛球馆-3号,12:55-13:50,1,1,已售/已满,已售,阴,23,24,2,0.0,77,39
2026-05-21 20:00:49,2026-05-22,4,羽毛球馆-3号,12:55-13:50,1,1,已售/已满,已售,雾,22,23,2,0.0,89,39
2026-05-21 20:30:44,2026-05-22,4,羽毛球馆-3号,12:55-13:50,1,1,已售/已满,已售,雾,22,24,2,0.0,93,43
2026-05-21 21:00:56,2026-05-22,4,羽毛球馆-3号,12:55-13:50,1,1,已售/已满,已售,雾,20,21,2,0.0,98,43
2026-05-21 21:30:46,2026-05-22,4,羽毛球馆-3号,12:55-13:50,1,1,已售/已满,已售,雾,20,22,1,0.0,99,41
2026-05-21 22:01:02,2026-05-22,4,羽毛球馆-3号,12:55-13:50,1,1,已售/已满,已售,雾,19,20,2,0.0,93,41
2026-05-21 22:30:47,2026-05-22,4,羽毛球馆-3号,12:55-13:50,1,1,已售/已满,已售,雾,19,19,3,0.0,88,46
2026-05-21 23:00:56,2026-05-22,4,羽毛球馆-3号,12:55-13:50,1,1,已售/已满,已售,多云,18,17,3,0.0,85,46
2026-05-21 23:30:55,2026-05-22,4,羽毛球馆-3号,12:55-13:50,1,1,已售/已满,已售,多云,18,17,3,0.0,85,48
2026-05-21 08:00:45,2026-05-22,4,羽毛球馆-3号,14:00-15:00,1,1,已售/已满,教学时间,晴,17,12,5,0.0,86,29
2026-05-21 08:02:30,2026-05-22,4,羽毛球馆-3号,14:00-15:00,1,1,已售/已满,教学时间,多云,17,12,5,0.0,87,29
2026-05-21 08:05:36,2026-05-22,4,羽毛球馆-3号,14:00-15:00,1,1,已售/已满,教学时间,多云,17,12,5,0.0,86,29
2026-05-21 08:08:31,2026-05-22,4,羽毛球馆-3号,14:00-15:00,1,1,已售/已满,教学时间,多云,17,12,5,0.0,86,29
2026-05-21 08:11:30,2026-05-22,4,羽毛球馆-3号,14:00-15:00,1,1,已售/已满,教学时间,多云,17,12,5,0.0,86,29
2026-05-21 08:14:31,2026-05-22,4,羽毛球馆-3号,14:00-15:00,1,1,已售/已满,教学时间,多云,17,12,5,0.0,86,29
2026-05-21 08:17:30,2026-05-22,4,羽毛球馆-3号,14:00-15:00,1,1,已售/已满,教学时间,多云,17,12,5,0.0,86,29
2026-05-21 08:20:35,2026-05-22,4,羽毛球馆-3号,14:00-15:00,1,1,已售/已满,教学时间,多云,17,14,4,0.0,85,29
2026-05-21 08:25:32,2026-05-22,4,羽毛球馆-3号,14:00-15:00,1,1,已售/已满,教学时间,多云,17,14,4,0.0,85,28
2026-05-21 08:30:42,2026-05-22,4,羽毛球馆-3号,14:00-15:00,1,1,已售/已满,教学时间,多云,18,15,4,0.0,84,28
2026-05-21 08:35:31,2026-05-22,4,羽毛球馆-3号,14:00-15:00,1,1,已售/已满,教学时间,多云,18,15,4,0.0,84,28
2026-05-21 08:40:38,2026-05-22,4,羽毛球馆-3号,14:00-15:00,1,1,已售/已满,教学时间,多云,18,15,4,0.0,82,28
2026-05-21 08:45:33,2026-05-22,4,羽毛球馆-3号,14:00-15:00,1,1,已售/已满,教学时间,多云,18,15,4,0.0,82,28
2026-05-21 08:50:36,2026-05-22,4,羽毛球馆-3号,14:00-15:00,1,1,已售/已满,教学时间,多云,18,15,4,0.0,82,28
2026-05-21 08:55:34,2026-05-22,4,羽毛球馆-3号,14:00-15:00,1,1,已售/已满,教学时间,多云,18,15,4,0.0,84,28
2026-05-21 09:00:51,2026-05-22,4,羽毛球馆-3号,14:00-15:00,1,1,已售/已满,教学时间,多云,18,15,4,0.0,84,28
2026-05-21 09:01:59,2026-05-22,4,羽毛球馆-3号,14:00-15:00,1,1,已售/已满,教学时间,多云,18,15,4,0.0,83,28
2026-05-21 09:05:33,2026-05-22,4,羽毛球馆-3号,14:00-15:00,1,1,已售/已满,教学时间,多云,18,15,4,0.0,83,28
2026-05-21 09:20:38,2026-05-22,4,羽毛球馆-3号,14:00-15:00,1,1,已售/已满,教学时间,多云,18,16,3,0.0,81,28
2026-05-21 09:30:46,2026-05-22,4,羽毛球馆-3号,14:00-15:00,1,1,已售/已满,教学时间,多云,18,16,3,0.0,81,32
2026-05-21 09:40:36,2026-05-22,4,羽毛球馆-3号,14:00-15:00,1,1,已售/已满,教学时间,多云,19,17,3,0.0,79,32
2026-05-21 09:50:42,2026-05-22,4,羽毛球馆-3号,14:00-15:00,1,1,已售/已满,教学时间,多云,19,17,4,0.0,81,32
2026-05-21 10:00:46,2026-05-22,4,羽毛球馆-3号,14:00-15:00,1,1,已售/已满,教学时间,多云,19,17,4,0.0,79,32
2026-05-21 10:10:40,2026-05-22,4,羽毛球馆-3号,14:00-15:00,1,1,已售/已满,教学时间,多云,19,17,4,0.0,79,32
2026-05-21 10:20:38,2026-05-22,4,羽毛球馆-3号,14:00-15:00,1,1,已售/已满,教学时间,多云,19,17,4,0.0,79,32
2026-05-21 10:30:41,2026-05-22,4,羽毛球馆-3号,14:00-15:00,1,1,已售/已满,教学时间,多云,19,18,3,0.0,78,31
2026-05-21 11:00:44,2026-05-22,4,羽毛球馆-3号,14:00-15:00,1,1,已售/已满,教学时间,多云,21,17,5,0.0,74,31
2026-05-21 11:30:38,2026-05-22,4,羽毛球馆-3号,14:00-15:00,1,1,已售/已满,教学时间,多云,21,19,3,0.0,72,33
2026-05-21 12:00:46,2026-05-22,4,羽毛球馆-3号,14:00-15:00,1,1,已售/已满,教学时间,多云,22,19,4,0.0,70,33
2026-05-21 12:30:42,2026-05-22,4,羽毛球馆-3号,14:00-15:00,1,1,已售/已满,教学时间,多云,22,21,3,0.0,68,35
2026-05-21 13:00:43,2026-05-22,4,羽毛球馆-3号,14:00-15:00,1,1,已售/已满,教学时间,多云,24,22,4,0.0,66,35
2026-05-21 13:30:43,2026-05-22,4,羽毛球馆-3号,14:00-15:00,1,1,已售/已满,教学时间,多云,24,22,4,0.0,66,36
2026-05-21 14:00:48,2026-05-22,4,羽毛球馆-3号,14:00-15:00,1,1,已售/已满,教学时间,多云,25,23,4,0.0,66,36
2026-05-21 14:30:45,2026-05-22,4,羽毛球馆-3号,14:00-15:00,1,1,已售/已满,教学时间,晴,25,25,3,0.0,65,39
2026-05-21 15:00:45,2026-05-22,4,羽毛球馆-3号,14:00-15:00,1,1,已售/已满,教学时间,晴,25,22,4,0.0,56,39
2026-05-21 15:30:43,2026-05-22,4,羽毛球馆-3号,14:00-15:00,1,1,已售/已满,教学时间,晴,25,23,4,0.0,57,40
2026-05-21 16:00:51,2026-05-22,4,羽毛球馆-3号,14:00-15:00,1,1,已售/已满,教学时间,晴,25,23,4,0.0,57,40
2026-05-21 16:30:48,2026-05-22,4,羽毛球馆-3号,14:00-15:00,1,1,已售/已满,教学时间,晴,25,24,3,0.0,60,39
2026-05-21 17:00:49,2026-05-22,4,羽毛球馆-3号,14:00-15:00,1,1,已售/已满,教学时间,晴,25,24,4,0.0,61,39
2026-05-21 17:30:47,2026-05-22,4,羽毛球馆-3号,14:00-15:00,1,1,已售/已满,教学时间,多云,24,23,3,0.0,64,39
2026-05-21 18:00:50,2026-05-22,4,羽毛球馆-3号,14:00-15:00,1,1,已售/已满,教学时间,多云,24,23,3,0.0,68,39
2026-05-21 18:30:50,2026-05-22,4,羽毛球馆-3号,14:00-15:00,1,1,已售/已满,教学时间,阴,24,25,2,0.0,68,40
2026-05-21 19:00:50,2026-05-22,4,羽毛球馆-3号,14:00-15:00,1,1,已售/已满,教学时间,阴,23,23,3,0.0,76,40
2026-05-21 19:30:46,2026-05-22,4,羽毛球馆-3号,14:00-15:00,1,1,已售/已满,教学时间,阴,23,24,2,0.0,77,39
2026-05-21 20:00:49,2026-05-22,4,羽毛球馆-3号,14:00-15:00,1,1,已售/已满,教学时间,雾,22,23,2,0.0,89,39
2026-05-21 20:30:44,2026-05-22,4,羽毛球馆-3号,14:00-15:00,1,1,已售/已满,教学时间,雾,22,24,2,0.0,93,43
2026-05-21 21:00:56,2026-05-22,4,羽毛球馆-3号,14:00-15:00,1,1,已售/已满,教学时间,雾,20,21,2,0.0,98,43
2026-05-21 21:30:46,2026-05-22,4,羽毛球馆-3号,14:00-15:00,1,1,已售/已满,教学时间,雾,20,22,1,0.0,99,41
2026-05-21 22:01:02,2026-05-22,4,羽毛球馆-3号,14:00-15:00,1,1,已售/已满,教学时间,雾,19,20,2,0.0,93,41
2026-05-21 22:30:47,2026-05-22,4,羽毛球馆-3号,14:00-15:00,1,1,已售/已满,教学时间,雾,19,19,3,0.0,88,46
2026-05-21 23:00:56,2026-05-22,4,羽毛球馆-3号,14:00-15:00,1,1,已售/已满,教学时间,多云,18,17,3,0.0,85,46
2026-05-21 23:30:55,2026-05-22,4,羽毛球馆-3号,14:00-15:00,1,1,已售/已满,教学时间,多云,18,17,3,0.0,85,48
2026-05-21 08:00:45,2026-05-22,4,羽毛球馆-3号,15:00-16:00,1,1,已售/已满,教学时间,晴,17,12,5,0.0,86,29
2026-05-21 08:02:30,2026-05-22,4,羽毛球馆-3号,15:00-16:00,1,1,已售/已满,教学时间,多云,17,12,5,0.0,87,29
2026-05-21 08:05:36,2026-05-22,4,羽毛球馆-3号,15:00-16:00,1,1,已售/已满,教学时间,多云,17,12,5,0.0,86,29
2026-05-21 08:08:31,2026-05-22,4,羽毛球馆-3号,15:00-16:00,1,1,已售/已满,教学时间,多云,17,12,5,0.0,86,29
2026-05-21 08:11:30,2026-05-22,4,羽毛球馆-3号,15:00-16:00,1,1,已售/已满,教学时间,多云,17,12,5,0.0,86,29
2026-05-21 08:14:31,2026-05-22,4,羽毛球馆-3号,15:00-16:00,1,1,已售/已满,教学时间,多云,17,12,5,0.0,86,29
2026-05-21 08:17:30,2026-05-22,4,羽毛球馆-3号,15:00-16:00,1,1,已售/已满,教学时间,多云,17,12,5,0.0,86,29
2026-05-21 08:20:35,2026-05-22,4,羽毛球馆-3号,15:00-16:00,1,1,已售/已满,教学时间,多云,17,14,4,0.0,85,29
2026-05-21 08:25:32,2026-05-22,4,羽毛球馆-3号,15:00-16:00,1,1,已售/已满,教学时间,多云,17,14,4,0.0,85,28
2026-05-21 08:30:42,2026-05-22,4,羽毛球馆-3号,15:00-16:00,1,1,已售/已满,教学时间,多云,18,15,4,0.0,84,28
2026-05-21 08:35:31,2026-05-22,4,羽毛球馆-3号,15:00-16:00,1,1,已售/已满,教学时间,多云,18,15,4,0.0,84,28
2026-05-21 08:40:38,2026-05-22,4,羽毛球馆-3号,15:00-16:00,1,1,已售/已满,教学时间,多云,18,15,4,0.0,82,28
2026-05-21 08:45:33,2026-05-22,4,羽毛球馆-3号,15:00-16:00,1,1,已售/已满,教学时间,多云,18,15,4,0.0,82,28
2026-05-21 08:50:36,2026-05-22,4,羽毛球馆-3号,15:00-16:00,1,1,已售/已满,教学时间,多云,18,15,4,0.0,82,28
2026-05-21 08:55:34,2026-05-22,4,羽毛球馆-3号,15:00-16:00,1,1,已售/已满,教学时间,多云,18,15,4,0.0,84,28
2026-05-21 09:00:51,2026-05-22,4,羽毛球馆-3号,15:00-16:00,1,1,已售/已满,教学时间,多云,18,15,4,0.0,84,28
2026-05-21 09:01:59,2026-05-22,4,羽毛球馆-3号,15:00-16:00,1,1,已售/已满,教学时间,多云,18,15,4,0.0,83,28
2026-05-21 09:05:33,2026-05-22,4,羽毛球馆-3号,15:00-16:00,1,1,已售/已满,教学时间,多云,18,15,4,0.0,83,28
2026-05-21 09:20:38,2026-05-22,4,羽毛球馆-3号,15:00-16:00,1,1,已售/已满,教学时间,多云,18,16,3,0.0,81,28
2026-05-21 09:30:46,2026-05-22,4,羽毛球馆-3号,15:00-16:00,1,1,已售/已满,教学时间,多云,18,16,3,0.0,81,32
2026-05-21 09:40:36,2026-05-22,4,羽毛球馆-3号,15:00-16:00,1,1,已售/已满,教学时间,多云,19,17,3,0.0,79,32
2026-05-21 09:50:42,2026-05-22,4,羽毛球馆-3号,15:00-16:00,1,1,已售/已满,教学时间,多云,19,17,4,0.0,81,32
2026-05-21 10:00:46,2026-05-22,4,羽毛球馆-3号,15:00-16:00,1,1,已售/已满,教学时间,多云,19,17,4,0.0,79,32
2026-05-21 10:10:40,2026-05-22,4,羽毛球馆-3号,15:00-16:00,1,1,已售/已满,教学时间,多云,19,17,4,0.0,79,32
2026-05-21 10:20:38,2026-05-22,4,羽毛球馆-3号,15:00-16:00,1,1,已售/已满,教学时间,多云,19,17,4,0.0,79,32
2026-05-21 10:30:41,2026-05-22,4,羽毛球馆-3号,15:00-16:00,1,1,已售/已满,教学时间,多云,19,18,3,0.0,78,31
2026-05-21 11:00:44,2026-05-22,4,羽毛球馆-3号,15:00-16:00,1,1,已售/已满,教学时间,多云,21,17,5,0.0,74,31
2026-05-21 11:30:38,2026-05-22,4,羽毛球馆-3号,15:00-16:00,1,1,已售/已满,教学时间,多云,21,19,3,0.0,72,33
2026-05-21 12:00:46,2026-05-22,4,羽毛球馆-3号,15:00-16:00,1,1,已售/已满,教学时间,多云,22,19,4,0.0,70,33
2026-05-21 12:30:42,2026-05-22,4,羽毛球馆-3号,15:00-16:00,1,1,已售/已满,教学时间,多云,22,21,3,0.0,68,35
2026-05-21 13:00:43,2026-05-22,4,羽毛球馆-3号,15:00-16:00,1,1,已售/已满,教学时间,多云,24,22,4,0.0,66,35
2026-05-21 13:30:43,2026-05-22,4,羽毛球馆-3号,15:00-16:00,1,1,已售/已满,教学时间,多云,24,22,4,0.0,66,36
2026-05-21 14:00:48,2026-05-22,4,羽毛球馆-3号,15:00-16:00,1,1,已售/已满,教学时间,多云,25,23,4,0.0,66,36
2026-05-21 14:30:45,2026-05-22,4,羽毛球馆-3号,15:00-16:00,1,1,已售/已满,教学时间,晴,25,25,3,0.0,65,39
2026-05-21 15:00:45,2026-05-22,4,羽毛球馆-3号,15:00-16:00,1,1,已售/已满,教学时间,晴,25,22,4,0.0,56,39
2026-05-21 15:30:43,2026-05-22,4,羽毛球馆-3号,15:00-16:00,1,1,已售/已满,教学时间,晴,25,23,4,0.0,57,40
2026-05-21 16:00:51,2026-05-22,4,羽毛球馆-3号,15:00-16:00,1,1,已售/已满,教学时间,晴,25,23,4,0.0,57,40
2026-05-21 16:30:48,2026-05-22,4,羽毛球馆-3号,15:00-16:00,1,1,已售/已满,教学时间,晴,25,24,3,0.0,60,39
2026-05-21 17:00:49,2026-05-22,4,羽毛球馆-3号,15:00-16:00,1,1,已售/已满,教学时间,晴,25,24,4,0.0,61,39
2026-05-21 17:30:47,2026-05-22,4,羽毛球馆-3号,15:00-16:00,1,1,已售/已满,教学时间,多云,24,23,3,0.0,64,39
2026-05-21 18:00:50,2026-05-22,4,羽毛球馆-3号,15:00-16:00,1,1,已售/已满,教学时间,多云,24,23,3,0.0,68,39
2026-05-21 18:30:50,2026-05-22,4,羽毛球馆-3号,15:00-16:00,1,1,已售/已满,教学时间,阴,24,25,2,0.0,68,40
2026-05-21 19:00:50,2026-05-22,4,羽毛球馆-3号,15:00-16:00,1,1,已售/已满,教学时间,阴,23,23,3,0.0,76,40
2026-05-21 19:30:46,2026-05-22,4,羽毛球馆-3号,15:00-16:00,1,1,已售/已满,教学时间,阴,23,24,2,0.0,77,39
2026-05-21 20:00:49,2026-05-22,4,羽毛球馆-3号,15:00-16:00,1,1,已售/已满,教学时间,雾,22,23,2,0.0,89,39
2026-05-21 20:30:44,2026-05-22,4,羽毛球馆-3号,15:00-16:00,1,1,已售/已满,教学时间,雾,22,24,2,0.0,93,43
2026-05-21 21:00:56,2026-05-22,4,羽毛球馆-3号,15:00-16:00,1,1,已售/已满,教学时间,雾,20,21,2,0.0,98,43
2026-05-21 21:30:46,2026-05-22,4,羽毛球馆-3号,15:00-16:00,1,1,已售/已满,教学时间,雾,20,22,1,0.0,99,41
2026-05-21 22:01:02,2026-05-22,4,羽毛球馆-3号,15:00-16:00,1,1,已售/已满,教学时间,雾,19,20,2,0.0,93,41
2026-05-21 22:30:47,2026-05-22,4,羽毛球馆-3号,15:00-16:00,1,1,已售/已满,教学时间,雾,19,19,3,0.0,88,46
2026-05-21 23:00:56,2026-05-22,4,羽毛球馆-3号,15:00-16:00,1,1,已售/已满,教学时间,多云,18,17,3,0.0,85,46
2026-05-21 23:30:55,2026-05-22,4,羽毛球馆-3号,15:00-16:00,1,1,已售/已满,教学时间,多云,18,17,3,0.0,85,48
2026-05-21 08:00:45,2026-05-22,4,羽毛球馆-3号,16:00-17:00,0,1,可预约,￥12.0,晴,17,12,5,0.0,86,29
2026-05-21 08:02:30,2026-05-22,4,羽毛球馆-3号,16:00-17:00,0,1,可预约,￥12.0,多云,17,12,5,0.0,87,29
2026-05-21 08:05:36,2026-05-22,4,羽毛球馆-3号,16:00-17:00,0,1,可预约,￥12.0,多云,17,12,5,0.0,86,29
2026-05-21 08:08:31,2026-05-22,4,羽毛球馆-3号,16:00-17:00,0,1,可预约,￥12.0,多云,17,12,5,0.0,86,29
2026-05-21 08:11:30,2026-05-22,4,羽毛球馆-3号,16:00-17:00,0,1,可预约,￥12.0,多云,17,12,5,0.0,86,29
2026-05-21 08:14:31,2026-05-22,4,羽毛球馆-3号,16:00-17:00,0,1,可预约,￥12.0,多云,17,12,5,0.0,86,29
2026-05-21 08:17:30,2026-05-22,4,羽毛球馆-3号,16:00-17:00,0,1,可预约,￥12.0,多云,17,12,5,0.0,86,29
2026-05-21 08:20:35,2026-05-22,4,羽毛球馆-3号,16:00-17:00,0,1,可预约,￥12.0,多云,17,14,4,0.0,85,29
2026-05-21 08:25:32,2026-05-22,4,羽毛球馆-3号,16:00-17:00,0,1,可预约,￥12.0,多云,17,14,4,0.0,85,28
2026-05-21 08:30:42,2026-05-22,4,羽毛球馆-3号,16:00-17:00,0,1,可预约,￥12.0,多云,18,15,4,0.0,84,28
2026-05-21 08:35:31,2026-05-22,4,羽毛球馆-3号,16:00-17:00,0,1,可预约,￥12.0,多云,18,15,4,0.0,84,28
2026-05-21 08:40:38,2026-05-22,4,羽毛球馆-3号,16:00-17:00,0,1,可预约,￥12.0,多云,18,15,4,0.0,82,28
2026-05-21 08:45:33,2026-05-22,4,羽毛球馆-3号,16:00-17:00,0,1,可预约,￥12.0,多云,18,15,4,0.0,82,28
2026-05-21 08:50:36,2026-05-22,4,羽毛球馆-3号,16:00-17:00,0,1,可预约,￥12.0,多云,18,15,4,0.0,82,28
2026-05-21 08:55:34,2026-05-22,4,羽毛球馆-3号,16:00-17:00,0,1,可预约,￥12.0,多云,18,15,4,0.0,84,28
2026-05-21 09:00:51,2026-05-22,4,羽毛球馆-3号,16:00-17:00,0,1,可预约,￥12.0,多云,18,15,4,0.0,84,28
2026-05-21 09:01:59,2026-05-22,4,羽毛球馆-3号,16:00-17:00,0,1,可预约,￥12.0,多云,18,15,4,0.0,83,28
2026-05-21 09:05:33,2026-05-22,4,羽毛球馆-3号,16:00-17:00,0,1,可预约,￥12.0,多云,18,15,4,0.0,83,28
2026-05-21 09:20:38,2026-05-22,4,羽毛球馆-3号,16:00-17:00,0,1,可预约,￥12.0,多云,18,16,3,0.0,81,28
2026-05-21 09:30:46,2026-05-22,4,羽毛球馆-3号,16:00-17:00,0,1,可预约,￥12.0,多云,18,16,3,0.0,81,32
2026-05-21 09:40:36,2026-05-22,4,羽毛球馆-3号,16:00-17:00,1,1,已售/已满,已售,多云,19,17,3,0.0,79,32
2026-05-21 09:50:42,2026-05-22,4,羽毛球馆-3号,16:00-17:00,1,1,已售/已满,已售,多云,19,17,4,0.0,81,32
2026-05-21 10:00:46,2026-05-22,4,羽毛球馆-3号,16:00-17:00,1,1,已售/已满,已售,多云,19,17,4,0.0,79,32
2026-05-21 10:10:40,2026-05-22,4,羽毛球馆-3号,16:00-17:00,1,1,已售/已满,已售,多云,19,17,4,0.0,79,32
2026-05-21 10:20:38,2026-05-22,4,羽毛球馆-3号,16:00-17:00,1,1,已售/已满,已售,多云,19,17,4,0.0,79,32
2026-05-21 10:30:41,2026-05-22,4,羽毛球馆-3号,16:00-17:00,1,1,已售/已满,已售,多云,19,18,3,0.0,78,31
2026-05-21 11:00:44,2026-05-22,4,羽毛球馆-3号,16:00-17:00,1,1,已售/已满,已售,多云,21,17,5,0.0,74,31
2026-05-21 11:30:38,2026-05-22,4,羽毛球馆-3号,16:00-17:00,1,1,已售/已满,已售,多云,21,19,3,0.0,72,33
2026-05-21 12:00:46,2026-05-22,4,羽毛球馆-3号,16:00-17:00,1,1,已售/已满,已售,多云,22,19,4,0.0,70,33
2026-05-21 12:30:42,2026-05-22,4,羽毛球馆-3号,16:00-17:00,1,1,已售/已满,已售,多云,22,21,3,0.0,68,35
2026-05-21 13:00:43,2026-05-22,4,羽毛球馆-3号,16:00-17:00,1,1,已售/已满,已售,多云,24,22,4,0.0,66,35
2026-05-21 13:30:43,2026-05-22,4,羽毛球馆-3号,16:00-17:00,1,1,已售/已满,已售,多云,24,22,4,0.0,66,36
2026-05-21 14:00:48,2026-05-22,4,羽毛球馆-3号,16:00-17:00,1,1,已售/已满,已售,多云,25,23,4,0.0,66,36
2026-05-21 14:30:45,2026-05-22,4,羽毛球馆-3号,16:00-17:00,1,1,已售/已满,已售,晴,25,25,3,0.0,65,39
2026-05-21 15:00:45,2026-05-22,4,羽毛球馆-3号,16:00-17:00,1,1,已售/已满,已售,晴,25,22,4,0.0,56,39
2026-05-21 15:30:43,2026-05-22,4,羽毛球馆-3号,16:00-17:00,1,1,已售/已满,已售,晴,25,23,4,0.0,57,40
2026-05-21 16:00:51,2026-05-22,4,羽毛球馆-3号,16:00-17:00,1,1,已售/已满,已售,晴,25,23,4,0.0,57,40
2026-05-21 16:30:48,2026-05-22,4,羽毛球馆-3号,16:00-17:00,1,1,已售/已满,已售,晴,25,24,3,0.0,60,39
2026-05-21 17:00:49,2026-05-22,4,羽毛球馆-3号,16:00-17:00,1,1,已售/已满,已售,晴,25,24,4,0.0,61,39
2026-05-21 17:30:47,2026-05-22,4,羽毛球馆-3号,16:00-17:00,1,1,已售/已满,已售,多云,24,23,3,0.0,64,39
2026-05-21 18:00:50,2026-05-22,4,羽毛球馆-3号,16:00-17:00,1,1,已售/已满,已售,多云,24,23,3,0.0,68,39
2026-05-21 18:30:50,2026-05-22,4,羽毛球馆-3号,16:00-17:00,1,1,已售/已满,已售,阴,24,25,2,0.0,68,40
2026-05-21 19:00:50,2026-05-22,4,羽毛球馆-3号,16:00-17:00,1,1,已售/已满,已售,阴,23,23,3,0.0,76,40
2026-05-21 19:30:46,2026-05-22,4,羽毛球馆-3号,16:00-17:00,1,1,已售/已满,已售,阴,23,24,2,0.0,77,39
2026-05-21 20:00:49,2026-05-22,4,羽毛球馆-3号,16:00-17:00,1,1,已售/已满,已售,雾,22,23,2,0.0,89,39
2026-05-21 20:30:44,2026-05-22,4,羽毛球馆-3号,16:00-17:00,1,1,已售/已满,已售,雾,22,24,2,0.0,93,43
2026-05-21 21:00:56,2026-05-22,4,羽毛球馆-3号,16:00-17:00,1,1,已售/已满,已售,雾,20,21,2,0.0,98,43
2026-05-21 21:30:46,2026-05-22,4,羽毛球馆-3号,16:00-17:00,1,1,已售/已满,已售,雾,20,22,1,0.0,99,41
2026-05-21 22:01:02,2026-05-22,4,羽毛球馆-3号,16:00-17:00,1,1,已售/已满,已售,雾,19,20,2,0.0,93,41
2026-05-21 22:30:47,2026-05-22,4,羽毛球馆-3号,16:00-17:00,1,1,已售/已满,已售,雾,19,19,3,0.0,88,46
2026-05-21 23:00:56,2026-05-22,4,羽毛球馆-3号,16:00-17:00,1,1,已售/已满,已售,多云,18,17,3,0.0,85,46
2026-05-21 23:30:55,2026-05-22,4,羽毛球馆-3号,16:00-17:00,1,1,已售/已满,已售,多云,18,17,3,0.0,85,48
2026-05-21 08:00:45,2026-05-22,4,羽毛球馆-3号,17:00-18:00,0,1,可预约,￥12.0,晴,17,12,5,0.0,86,29
2026-05-21 08:02:30,2026-05-22,4,羽毛球馆-3号,17:00-18:00,0,1,可预约,￥12.0,多云,17,12,5,0.0,87,29
2026-05-21 08:05:36,2026-05-22,4,羽毛球馆-3号,17:00-18:00,0,1,可预约,￥12.0,多云,17,12,5,0.0,86,29
2026-05-21 08:08:31,2026-05-22,4,羽毛球馆-3号,17:00-18:00,0,1,可预约,￥12.0,多云,17,12,5,0.0,86,29
2026-05-21 08:11:30,2026-05-22,4,羽毛球馆-3号,17:00-18:00,0,1,可预约,￥12.0,多云,17,12,5,0.0,86,29
2026-05-21 08:14:31,2026-05-22,4,羽毛球馆-3号,17:00-18:00,0,1,可预约,￥12.0,多云,17,12,5,0.0,86,29
2026-05-21 08:17:30,2026-05-22,4,羽毛球馆-3号,17:00-18:00,0,1,可预约,￥12.0,多云,17,12,5,0.0,86,29
2026-05-21 08:20:35,2026-05-22,4,羽毛球馆-3号,17:00-18:00,0,1,可预约,￥12.0,多云,17,14,4,0.0,85,29
2026-05-21 08:25:32,2026-05-22,4,羽毛球馆-3号,17:00-18:00,0,1,可预约,￥12.0,多云,17,14,4,0.0,85,28
2026-05-21 08:30:42,2026-05-22,4,羽毛球馆-3号,17:00-18:00,0,1,可预约,￥12.0,多云,18,15,4,0.0,84,28
2026-05-21 08:35:31,2026-05-22,4,羽毛球馆-3号,17:00-18:00,0,1,可预约,￥12.0,多云,18,15,4,0.0,84,28
2026-05-21 08:40:38,2026-05-22,4,羽毛球馆-3号,17:00-18:00,0,1,可预约,￥12.0,多云,18,15,4,0.0,82,28
2026-05-21 08:45:33,2026-05-22,4,羽毛球馆-3号,17:00-18:00,0,1,可预约,￥12.0,多云,18,15,4,0.0,82,28
2026-05-21 08:50:36,2026-05-22,4,羽毛球馆-3号,17:00-18:00,0,1,可预约,￥12.0,多云,18,15,4,0.0,82,28
2026-05-21 08:55:34,2026-05-22,4,羽毛球馆-3号,17:00-18:00,0,1,可预约,￥12.0,多云,18,15,4,0.0,84,28
2026-05-21 09:00:51,2026-05-22,4,羽毛球馆-3号,17:00-18:00,0,1,可预约,￥12.0,多云,18,15,4,0.0,84,28
2026-05-21 09:01:59,2026-05-22,4,羽毛球馆-3号,17:00-18:00,0,1,可预约,￥12.0,多云,18,15,4,0.0,83,28
2026-05-21 09:05:33,2026-05-22,4,羽毛球馆-3号,17:00-18:00,0,1,可预约,￥12.0,多云,18,15,4,0.0,83,28
2026-05-21 09:20:38,2026-05-22,4,羽毛球馆-3号,17:00-18:00,0,1,可预约,￥12.0,多云,18,16,3,0.0,81,28
2026-05-21 09:30:46,2026-05-22,4,羽毛球馆-3号,17:00-18:00,0,1,可预约,￥12.0,多云,18,16,3,0.0,81,32
2026-05-21 09:40:36,2026-05-22,4,羽毛球馆-3号,17:00-18:00,1,1,已售/已满,已售,多云,19,17,3,0.0,79,32
2026-05-21 09:50:42,2026-05-22,4,羽毛球馆-3号,17:00-18:00,1,1,已售/已满,已售,多云,19,17,4,0.0,81,32
2026-05-21 10:00:46,2026-05-22,4,羽毛球馆-3号,17:00-18:00,1,1,已售/已满,已售,多云,19,17,4,0.0,79,32
2026-05-21 10:10:40,2026-05-22,4,羽毛球馆-3号,17:00-18:00,1,1,已售/已满,已售,多云,19,17,4,0.0,79,32
2026-05-21 10:20:38,2026-05-22,4,羽毛球馆-3号,17:00-18:00,1,1,已售/已满,已售,多云,19,17,4,0.0,79,32
2026-05-21 10:30:41,2026-05-22,4,羽毛球馆-3号,17:00-18:00,1,1,已售/已满,已售,多云,19,18,3,0.0,78,31
2026-05-21 11:00:44,2026-05-22,4,羽毛球馆-3号,17:00-18:00,1,1,已售/已满,已售,多云,21,17,5,0.0,74,31
2026-05-21 11:30:38,2026-05-22,4,羽毛球馆-3号,17:00-18:00,1,1,已售/已满,已售,多云,21,19,3,0.0,72,33
2026-05-21 12:00:46,2026-05-22,4,羽毛球馆-3号,17:00-18:00,1,1,已售/已满,已售,多云,22,19,4,0.0,70,33
2026-05-21 12:30:42,2026-05-22,4,羽毛球馆-3号,17:00-18:00,1,1,已售/已满,已售,多云,22,21,3,0.0,68,35
2026-05-21 13:00:43,2026-05-22,4,羽毛球馆-3号,17:00-18:00,1,1,已售/已满,已售,多云,24,22,4,0.0,66,35
2026-05-21 13:30:43,2026-05-22,4,羽毛球馆-3号,17:00-18:00,1,1,已售/已满,已售,多云,24,22,4,0.0,66,36
2026-05-21 14:00:48,2026-05-22,4,羽毛球馆-3号,17:00-18:00,1,1,已售/已满,已售,多云,25,23,4,0.0,66,36
2026-05-21 14:30:45,2026-05-22,4,羽毛球馆-3号,17:00-18:00,1,1,已售/已满,已售,晴,25,25,3,0.0,65,39
2026-05-21 15:00:45,2026-05-22,4,羽毛球馆-3号,17:00-18:00,1,1,已售/已满,已售,晴,25,22,4,0.0,56,39
2026-05-21 15:30:43,2026-05-22,4,羽毛球馆-3号,17:00-18:00,1,1,已售/已满,已售,晴,25,23,4,0.0,57,40
2026-05-21 16:00:51,2026-05-22,4,羽毛球馆-3号,17:00-18:00,1,1,已售/已满,已售,晴,25,23,4,0.0,57,40
2026-05-21 16:30:48,2026-05-22,4,羽毛球馆-3号,17:00-18:00,1,1,已售/已满,已售,晴,25,24,3,0.0,60,39
2026-05-21 17:00:49,2026-05-22,4,羽毛球馆-3号,17:00-18:00,1,1,已售/已满,已售,晴,25,24,4,0.0,61,39
2026-05-21 17:30:47,2026-05-22,4,羽毛球馆-3号,17:00-18:00,1,1,已售/已满,已售,多云,24,23,3,0.0,64,39
2026-05-21 18:00:50,2026-05-22,4,羽毛球馆-3号,17:00-18:00,1,1,已售/已满,已售,多云,24,23,3,0.0,68,39
2026-05-21 18:30:50,2026-05-22,4,羽毛球馆-3号,17:00-18:00,1,1,已售/已满,已售,阴,24,25,2,0.0,68,40
2026-05-21 19:00:50,2026-05-22,4,羽毛球馆-3号,17:00-18:00,1,1,已售/已满,已售,阴,23,23,3,0.0,76,40
2026-05-21 19:30:46,2026-05-22,4,羽毛球馆-3号,17:00-18:00,1,1,已售/已满,已售,阴,23,24,2,0.0,77,39
2026-05-21 20:00:49,2026-05-22,4,羽毛球馆-3号,17:00-18:00,1,1,已售/已满,已售,雾,22,23,2,0.0,89,39
2026-05-21 20:30:44,2026-05-22,4,羽毛球馆-3号,17:00-18:00,1,1,已售/已满,已售,雾,22,24,2,0.0,93,43
2026-05-21 21:00:56,2026-05-22,4,羽毛球馆-3号,17:00-18:00,1,1,已售/已满,已售,雾,20,21,2,0.0,98,43
2026-05-21 21:30:46,2026-05-22,4,羽毛球馆-3号,17:00-18:00,1,1,已售/已满,已售,雾,20,22,1,0.0,99,41
2026-05-21 22:01:02,2026-05-22,4,羽毛球馆-3号,17:00-18:00,1,1,已售/已满,已售,雾,19,20,2,0.0,93,41
2026-05-21 22:30:47,2026-05-22,4,羽毛球馆-3号,17:00-18:00,1,1,已售/已满,已售,雾,19,19,3,0.0,88,46
2026-05-21 23:00:56,2026-05-22,4,羽毛球馆-3号,17:00-18:00,1,1,已售/已满,已售,多云,18,17,3,0.0,85,46
2026-05-21 23:30:55,2026-05-22,4,羽毛球馆-3号,17:00-18:00,1,1,已售/已满,已售,多云,18,17,3,0.0,85,48
2026-05-21 08:00:45,2026-05-22,4,羽毛球馆-3号,18:30-19:30,1,1,已售/已满,已售,晴,17,12,5,0.0,86,29
2026-05-21 08:02:30,2026-05-22,4,羽毛球馆-3号,18:30-19:30,1,1,已售/已满,已售,多云,17,12,5,0.0,87,29
2026-05-21 08:05:36,2026-05-22,4,羽毛球馆-3号,18:30-19:30,1,1,已售/已满,已售,多云,17,12,5,0.0,86,29
2026-05-21 08:08:31,2026-05-22,4,羽毛球馆-3号,18:30-19:30,1,1,已售/已满,已售,多云,17,12,5,0.0,86,29
2026-05-21 08:11:30,2026-05-22,4,羽毛球馆-3号,18:30-19:30,1,1,已售/已满,已售,多云,17,12,5,0.0,86,29
2026-05-21 08:14:31,2026-05-22,4,羽毛球馆-3号,18:30-19:30,1,1,已售/已满,已售,多云,17,12,5,0.0,86,29
2026-05-21 08:17:30,2026-05-22,4,羽毛球馆-3号,18:30-19:30,1,1,已售/已满,已售,多云,17,12,5,0.0,86,29
2026-05-21 08:20:35,2026-05-22,4,羽毛球馆-3号,18:30-19:30,1,1,已售/已满,已售,多云,17,14,4,0.0,85,29
2026-05-21 08:25:32,2026-05-22,4,羽毛球馆-3号,18:30-19:30,1,1,已售/已满,已售,多云,17,14,4,0.0,85,28
2026-05-21 08:30:42,2026-05-22,4,羽毛球馆-3号,18:30-19:30,1,1,已售/已满,已售,多云,18,15,4,0.0,84,28
2026-05-21 08:35:31,2026-05-22,4,羽毛球馆-3号,18:30-19:30,1,1,已售/已满,已售,多云,18,15,4,0.0,84,28
2026-05-21 08:40:38,2026-05-22,4,羽毛球馆-3号,18:30-19:30,1,1,已售/已满,已售,多云,18,15,4,0.0,82,28
2026-05-21 08:45:33,2026-05-22,4,羽毛球馆-3号,18:30-19:30,1,1,已售/已满,已售,多云,18,15,4,0.0,82,28
2026-05-21 08:50:36,2026-05-22,4,羽毛球馆-3号,18:30-19:30,1,1,已售/已满,已售,多云,18,15,4,0.0,82,28
2026-05-21 08:55:34,2026-05-22,4,羽毛球馆-3号,18:30-19:30,1,1,已售/已满,已售,多云,18,15,4,0.0,84,28
2026-05-21 09:00:51,2026-05-22,4,羽毛球馆-3号,18:30-19:30,1,1,已售/已满,已售,多云,18,15,4,0.0,84,28
2026-05-21 09:01:59,2026-05-22,4,羽毛球馆-3号,18:30-19:30,1,1,已售/已满,已售,多云,18,15,4,0.0,83,28
2026-05-21 09:05:33,2026-05-22,4,羽毛球馆-3号,18:30-19:30,1,1,已售/已满,已售,多云,18,15,4,0.0,83,28
2026-05-21 09:20:38,2026-05-22,4,羽毛球馆-3号,18:30-19:30,1,1,已售/已满,已售,多云,18,16,3,0.0,81,28
2026-05-21 09:30:46,2026-05-22,4,羽毛球馆-3号,18:30-19:30,1,1,已售/已满,已售,多云,18,16,3,0.0,81,32
2026-05-21 09:40:36,2026-05-22,4,羽毛球馆-3号,18:30-19:30,1,1,已售/已满,已售,多云,19,17,3,0.0,79,32
2026-05-21 09:50:42,2026-05-22,4,羽毛球馆-3号,18:30-19:30,1,1,已售/已满,已售,多云,19,17,4,0.0,81,32
2026-05-21 10:00:46,2026-05-22,4,羽毛球馆-3号,18:30-19:30,1,1,已售/已满,已售,多云,19,17,4,0.0,79,32
2026-05-21 10:10:40,2026-05-22,4,羽毛球馆-3号,18:30-19:30,1,1,已售/已满,已售,多云,19,17,4,0.0,79,32
2026-05-21 10:20:38,2026-05-22,4,羽毛球馆-3号,18:30-19:30,1,1,已售/已满,已售,多云,19,17,4,0.0,79,32
2026-05-21 10:30:41,2026-05-22,4,羽毛球馆-3号,18:30-19:30,1,1,已售/已满,已售,多云,19,18,3,0.0,78,31
2026-05-21 11:00:44,2026-05-22,4,羽毛球馆-3号,18:30-19:30,1,1,已售/已满,已售,多云,21,17,5,0.0,74,31
2026-05-21 11:30:38,2026-05-22,4,羽毛球馆-3号,18:30-19:30,1,1,已售/已满,已售,多云,21,19,3,0.0,72,33
2026-05-21 12:00:46,2026-05-22,4,羽毛球馆-3号,18:30-19:30,1,1,已售/已满,已售,多云,22,19,4,0.0,70,33
2026-05-21 12:30:42,2026-05-22,4,羽毛球馆-3号,18:30-19:30,1,1,已售/已满,已售,多云,22,21,3,0.0,68,35
2026-05-21 13:00:43,2026-05-22,4,羽毛球馆-3号,18:30-19:30,1,1,已售/已满,已售,多云,24,22,4,0.0,66,35
2026-05-21 13:30:43,2026-05-22,4,羽毛球馆-3号,18:30-19:30,1,1,已售/已满,已售,多云,24,22,4,0.0,66,36
2026-05-21 14:00:48,2026-05-22,4,羽毛球馆-3号,18:30-19:30,1,1,已售/已满,已售,多云,25,23,4,0.0,66,36
2026-05-21 14:30:45,2026-05-22,4,羽毛球馆-3号,18:30-19:30,1,1,已售/已满,已售,晴,25,25,3,0.0,65,39
2026-05-21 15:00:45,2026-05-22,4,羽毛球馆-3号,18:30-19:30,1,1,已售/已满,已售,晴,25,22,4,0.0,56,39
2026-05-21 15:30:43,2026-05-22,4,羽毛球馆-3号,18:30-19:30,1,1,已售/已满,已售,晴,25,23,4,0.0,57,40
2026-05-21 16:00:51,2026-05-22,4,羽毛球馆-3号,18:30-19:30,1,1,已售/已满,已售,晴,25,23,4,0.0,57,40
2026-05-21 16:30:48,2026-05-22,4,羽毛球馆-3号,18:30-19:30,1,1,已售/已满,已售,晴,25,24,3,0.0,60,39
2026-05-21 17:00:49,2026-05-22,4,羽毛球馆-3号,18:30-19:30,1,1,已售/已满,已售,晴,25,24,4,0.0,61,39
2026-05-21 17:30:47,2026-05-22,4,羽毛球馆-3号,18:30-19:30,1,1,已售/已满,已售,多云,24,23,3,0.0,64,39
2026-05-21 18:00:50,2026-05-22,4,羽毛球馆-3号,18:30-19:30,1,1,已售/已满,已售,多云,24,23,3,0.0,68,39
2026-05-21 18:30:50,2026-05-22,4,羽毛球馆-3号,18:30-19:30,1,1,已售/已满,已售,阴,24,25,2,0.0,68,40
2026-05-21 19:00:50,2026-05-22,4,羽毛球馆-3号,18:30-19:30,1,1,已售/已满,已售,阴,23,23,3,0.0,76,40
2026-05-21 19:30:46,2026-05-22,4,羽毛球馆-3号,18:30-19:30,1,1,已售/已满,已售,阴,23,24,2,0.0,77,39
2026-05-21 20:00:49,2026-05-22,4,羽毛球馆-3号,18:30-19:30,1,1,已售/已满,已售,雾,22,23,2,0.0,89,39
2026-05-21 20:30:44,2026-05-22,4,羽毛球馆-3号,18:30-19:30,1,1,已售/已满,已售,雾,22,24,2,0.0,93,43
2026-05-21 21:00:56,2026-05-22,4,羽毛球馆-3号,18:30-19:30,1,1,已售/已满,已售,雾,20,21,2,0.0,98,43
2026-05-21 21:30:46,2026-05-22,4,羽毛球馆-3号,18:30-19:30,1,1,已售/已满,已售,雾,20,22,1,0.0,99,41
2026-05-21 22:01:02,2026-05-22,4,羽毛球馆-3号,18:30-19:30,1,1,已售/已满,已售,雾,19,20,2,0.0,93,41
2026-05-21 22:30:47,2026-05-22,4,羽毛球馆-3号,18:30-19:30,1,1,已售/已满,已售,雾,19,19,3,0.0,88,46
2026-05-21 23:00:56,2026-05-22,4,羽毛球馆-3号,18:30-19:30,1,1,已售/已满,已售,多云,18,17,3,0.0,85,46
2026-05-21 23:30:55,2026-05-22,4,羽毛球馆-3号,18:30-19:30,1,1,已售/已满,已售,多云,18,17,3,0.0,85,48
2026-05-21 08:00:45,2026-05-22,4,羽毛球馆-3号,19:30-20:30,1,1,已售/已满,已售,晴,17,12,5,0.0,86,29
2026-05-21 08:02:30,2026-05-22,4,羽毛球馆-3号,19:30-20:30,1,1,已售/已满,已售,多云,17,12,5,0.0,87,29
2026-05-21 08:05:36,2026-05-22,4,羽毛球馆-3号,19:30-20:30,1,1,已售/已满,已售,多云,17,12,5,0.0,86,29
2026-05-21 08:08:31,2026-05-22,4,羽毛球馆-3号,19:30-20:30,1,1,已售/已满,已售,多云,17,12,5,0.0,86,29
2026-05-21 08:11:30,2026-05-22,4,羽毛球馆-3号,19:30-20:30,1,1,已售/已满,已售,多云,17,12,5,0.0,86,29
2026-05-21 08:14:31,2026-05-22,4,羽毛球馆-3号,19:30-20:30,1,1,已售/已满,已售,多云,17,12,5,0.0,86,29
2026-05-21 08:17:30,2026-05-22,4,羽毛球馆-3号,19:30-20:30,1,1,已售/已满,已售,多云,17,12,5,0.0,86,29
2026-05-21 08:20:35,2026-05-22,4,羽毛球馆-3号,19:30-20:30,1,1,已售/已满,已售,多云,17,14,4,0.0,85,29
2026-05-21 08:25:32,2026-05-22,4,羽毛球馆-3号,19:30-20:30,1,1,已售/已满,已售,多云,17,14,4,0.0,85,28
2026-05-21 08:30:42,2026-05-22,4,羽毛球馆-3号,19:30-20:30,1,1,已售/已满,已售,多云,18,15,4,0.0,84,28
2026-05-21 08:35:31,2026-05-22,4,羽毛球馆-3号,19:30-20:30,1,1,已售/已满,已售,多云,18,15,4,0.0,84,28
2026-05-21 08:40:38,2026-05-22,4,羽毛球馆-3号,19:30-20:30,1,1,已售/已满,已售,多云,18,15,4,0.0,82,28
2026-05-21 08:45:33,2026-05-22,4,羽毛球馆-3号,19:30-20:30,1,1,已售/已满,已售,多云,18,15,4,0.0,82,28
2026-05-21 08:50:36,2026-05-22,4,羽毛球馆-3号,19:30-20:30,1,1,已售/已满,已售,多云,18,15,4,0.0,82,28
2026-05-21 08:55:34,2026-05-22,4,羽毛球馆-3号,19:30-20:30,1,1,已售/已满,已售,多云,18,15,4,0.0,84,28
2026-05-21 09:00:51,2026-05-22,4,羽毛球馆-3号,19:30-20:30,1,1,已售/已满,已售,多云,18,15,4,0.0,84,28
2026-05-21 09:01:59,2026-05-22,4,羽毛球馆-3号,19:30-20:30,1,1,已售/已满,已售,多云,18,15,4,0.0,83,28
2026-05-21 09:05:33,2026-05-22,4,羽毛球馆-3号,19:30-20:30,1,1,已售/已满,已售,多云,18,15,4,0.0,83,28
2026-05-21 09:20:38,2026-05-22,4,羽毛球馆-3号,19:30-20:30,1,1,已售/已满,已售,多云,18,16,3,0.0,81,28
2026-05-21 09:30:46,2026-05-22,4,羽毛球馆-3号,19:30-20:30,1,1,已售/已满,已售,多云,18,16,3,0.0,81,32
2026-05-21 09:40:36,2026-05-22,4,羽毛球馆-3号,19:30-20:30,1,1,已售/已满,已售,多云,19,17,3,0.0,79,32
2026-05-21 09:50:42,2026-05-22,4,羽毛球馆-3号,19:30-20:30,1,1,已售/已满,已售,多云,19,17,4,0.0,81,32
2026-05-21 10:00:46,2026-05-22,4,羽毛球馆-3号,19:30-20:30,1,1,已售/已满,已售,多云,19,17,4,0.0,79,32
2026-05-21 10:10:40,2026-05-22,4,羽毛球馆-3号,19:30-20:30,1,1,已售/已满,已售,多云,19,17,4,0.0,79,32
2026-05-21 10:20:38,2026-05-22,4,羽毛球馆-3号,19:30-20:30,1,1,已售/已满,已售,多云,19,17,4,0.0,79,32
2026-05-21 10:30:41,2026-05-22,4,羽毛球馆-3号,19:30-20:30,1,1,已售/已满,已售,多云,19,18,3,0.0,78,31
2026-05-21 11:00:44,2026-05-22,4,羽毛球馆-3号,19:30-20:30,1,1,已售/已满,已售,多云,21,17,5,0.0,74,31
2026-05-21 11:30:38,2026-05-22,4,羽毛球馆-3号,19:30-20:30,1,1,已售/已满,已售,多云,21,19,3,0.0,72,33
2026-05-21 12:00:46,2026-05-22,4,羽毛球馆-3号,19:30-20:30,1,1,已售/已满,已售,多云,22,19,4,0.0,70,33
2026-05-21 12:30:42,2026-05-22,4,羽毛球馆-3号,19:30-20:30,1,1,已售/已满,已售,多云,22,21,3,0.0,68,35
2026-05-21 13:00:43,2026-05-22,4,羽毛球馆-3号,19:30-20:30,1,1,已售/已满,已售,多云,24,22,4,0.0,66,35
2026-05-21 13:30:43,2026-05-22,4,羽毛球馆-3号,19:30-20:30,1,1,已售/已满,已售,多云,24,22,4,0.0,66,36
2026-05-21 14:00:48,2026-05-22,4,羽毛球馆-3号,19:30-20:30,1,1,已售/已满,已售,多云,25,23,4,0.0,66,36
2026-05-21 14:30:45,2026-05-22,4,羽毛球馆-3号,19:30-20:30,1,1,已售/已满,已售,晴,25,25,3,0.0,65,39
2026-05-21 15:00:45,2026-05-22,4,羽毛球馆-3号,19:30-20:30,1,1,已售/已满,已售,晴,25,22,4,0.0,56,39
2026-05-21 15:30:43,2026-05-22,4,羽毛球馆-3号,19:30-20:30,1,1,已售/已满,已售,晴,25,23,4,0.0,57,40
2026-05-21 16:00:51,2026-05-22,4,羽毛球馆-3号,19:30-20:30,1,1,已售/已满,已售,晴,25,23,4,0.0,57,40
2026-05-21 16:30:48,2026-05-22,4,羽毛球馆-3号,19:30-20:30,1,1,已售/已满,已售,晴,25,24,3,0.0,60,39
2026-05-21 17:00:49,2026-05-22,4,羽毛球馆-3号,19:30-20:30,1,1,已售/已满,已售,晴,25,24,4,0.0,61,39
2026-05-21 17:30:47,2026-05-22,4,羽毛球馆-3号,19:30-20:30,1,1,已售/已满,已售,多云,24,23,3,0.0,64,39
2026-05-21 18:00:50,2026-05-22,4,羽毛球馆-3号,19:30-20:30,1,1,已售/已满,已售,多云,24,23,3,0.0,68,39
2026-05-21 18:30:50,2026-05-22,4,羽毛球馆-3号,19:30-20:30,1,1,已售/已满,已售,阴,24,25,2,0.0,68,40
2026-05-21 19:00:50,2026-05-22,4,羽毛球馆-3号,19:30-20:30,1,1,已售/已满,已售,阴,23,23,3,0.0,76,40
2026-05-21 19:30:46,2026-05-22,4,羽毛球馆-3号,19:30-20:30,1,1,已售/已满,已售,阴,23,24,2,0.0,77,39
2026-05-21 20:00:49,2026-05-22,4,羽毛球馆-3号,19:30-20:30,1,1,已售/已满,已售,雾,22,23,2,0.0,89,39
2026-05-21 20:30:44,2026-05-22,4,羽毛球馆-3号,19:30-20:30,1,1,已售/已满,已售,雾,22,24,2,0.0,93,43
2026-05-21 21:00:56,2026-05-22,4,羽毛球馆-3号,19:30-20:30,1,1,已售/已满,已售,雾,20,21,2,0.0,98,43
2026-05-21 21:30:46,2026-05-22,4,羽毛球馆-3号,19:30-20:30,1,1,已售/已满,已售,雾,20,22,1,0.0,99,41
2026-05-21 22:01:02,2026-05-22,4,羽毛球馆-3号,19:30-20:30,1,1,已售/已满,已售,雾,19,20,2,0.0,93,41
2026-05-21 22:30:47,2026-05-22,4,羽毛球馆-3号,19:30-20:30,1,1,已售/已满,已售,雾,19,19,3,0.0,88,46
2026-05-21 23:00:56,2026-05-22,4,羽毛球馆-3号,19:30-20:30,1,1,已售/已满,已售,多云,18,17,3,0.0,85,46
2026-05-21 23:30:55,2026-05-22,4,羽毛球馆-3号,19:30-20:30,1,1,已售/已满,已售,多云,18,17,3,0.0,85,48
2026-05-21 08:00:45,2026-05-22,4,羽毛球馆-3号,20:30-21:30,1,1,已售/已满,已售,晴,17,12,5,0.0,86,29
2026-05-21 08:02:30,2026-05-22,4,羽毛球馆-3号,20:30-21:30,1,1,已售/已满,已售,多云,17,12,5,0.0,87,29
2026-05-21 08:05:36,2026-05-22,4,羽毛球馆-3号,20:30-21:30,1,1,已售/已满,已售,多云,17,12,5,0.0,86,29
2026-05-21 08:08:31,2026-05-22,4,羽毛球馆-3号,20:30-21:30,1,1,已售/已满,已售,多云,17,12,5,0.0,86,29
2026-05-21 08:11:30,2026-05-22,4,羽毛球馆-3号,20:30-21:30,1,1,已售/已满,已售,多云,17,12,5,0.0,86,29
2026-05-21 08:14:31,2026-05-22,4,羽毛球馆-3号,20:30-21:30,1,1,已售/已满,已售,多云,17,12,5,0.0,86,29
2026-05-21 08:17:30,2026-05-22,4,羽毛球馆-3号,20:30-21:30,1,1,已售/已满,已售,多云,17,12,5,0.0,86,29
2026-05-21 08:20:35,2026-05-22,4,羽毛球馆-3号,20:30-21:30,1,1,已售/已满,已售,多云,17,14,4,0.0,85,29
2026-05-21 08:25:32,2026-05-22,4,羽毛球馆-3号,20:30-21:30,1,1,已售/已满,已售,多云,17,14,4,0.0,85,28
2026-05-21 08:30:42,2026-05-22,4,羽毛球馆-3号,20:30-21:30,1,1,已售/已满,已售,多云,18,15,4,0.0,84,28
2026-05-21 08:35:31,2026-05-22,4,羽毛球馆-3号,20:30-21:30,1,1,已售/已满,已售,多云,18,15,4,0.0,84,28
2026-05-21 08:40:38,2026-05-22,4,羽毛球馆-3号,20:30-21:30,1,1,已售/已满,已售,多云,18,15,4,0.0,82,28
2026-05-21 08:45:33,2026-05-22,4,羽毛球馆-3号,20:30-21:30,1,1,已售/已满,已售,多云,18,15,4,0.0,82,28
2026-05-21 08:50:36,2026-05-22,4,羽毛球馆-3号,20:30-21:30,1,1,已售/已满,已售,多云,18,15,4,0.0,82,28
2026-05-21 08:55:34,2026-05-22,4,羽毛球馆-3号,20:30-21:30,1,1,已售/已满,已售,多云,18,15,4,0.0,84,28
2026-05-21 09:00:51,2026-05-22,4,羽毛球馆-3号,20:30-21:30,1,1,已售/已满,已售,多云,18,15,4,0.0,84,28
2026-05-21 09:01:59,2026-05-22,4,羽毛球馆-3号,20:30-21:30,1,1,已售/已满,已售,多云,18,15,4,0.0,83,28
2026-05-21 09:05:33,2026-05-22,4,羽毛球馆-3号,20:30-21:30,1,1,已售/已满,已售,多云,18,15,4,0.0,83,28
2026-05-21 09:20:38,2026-05-22,4,羽毛球馆-3号,20:30-21:30,1,1,已售/已满,已售,多云,18,16,3,0.0,81,28
2026-05-21 09:30:46,2026-05-22,4,羽毛球馆-3号,20:30-21:30,1,1,已售/已满,已售,多云,18,16,3,0.0,81,32
2026-05-21 09:40:36,2026-05-22,4,羽毛球馆-3号,20:30-21:30,1,1,已售/已满,已售,多云,19,17,3,0.0,79,32
2026-05-21 09:50:42,2026-05-22,4,羽毛球馆-3号,20:30-21:30,1,1,已售/已满,已售,多云,19,17,4,0.0,81,32
2026-05-21 10:00:46,2026-05-22,4,羽毛球馆-3号,20:30-21:30,1,1,已售/已满,已售,多云,19,17,4,0.0,79,32
2026-05-21 10:10:40,2026-05-22,4,羽毛球馆-3号,20:30-21:30,1,1,已售/已满,已售,多云,19,17,4,0.0,79,32
2026-05-21 10:20:38,2026-05-22,4,羽毛球馆-3号,20:30-21:30,1,1,已售/已满,已售,多云,19,17,4,0.0,79,32
2026-05-21 10:30:41,2026-05-22,4,羽毛球馆-3号,20:30-21:30,1,1,已售/已满,已售,多云,19,18,3,0.0,78,31
2026-05-21 11:00:44,2026-05-22,4,羽毛球馆-3号,20:30-21:30,1,1,已售/已满,已售,多云,21,17,5,0.0,74,31
2026-05-21 11:30:38,2026-05-22,4,羽毛球馆-3号,20:30-21:30,1,1,已售/已满,已售,多云,21,19,3,0.0,72,33
2026-05-21 12:00:46,2026-05-22,4,羽毛球馆-3号,20:30-21:30,1,1,已售/已满,已售,多云,22,19,4,0.0,70,33
2026-05-21 12:30:42,2026-05-22,4,羽毛球馆-3号,20:30-21:30,1,1,已售/已满,已售,多云,22,21,3,0.0,68,35
2026-05-21 13:00:43,2026-05-22,4,羽毛球馆-3号,20:30-21:30,1,1,已售/已满,已售,多云,24,22,4,0.0,66,35
2026-05-21 13:30:43,2026-05-22,4,羽毛球馆-3号,20:30-21:30,1,1,已售/已满,已售,多云,24,22,4,0.0,66,36
2026-05-21 14:00:48,2026-05-22,4,羽毛球馆-3号,20:30-21:30,1,1,已售/已满,已售,多云,25,23,4,0.0,66,36
2026-05-21 14:30:45,2026-05-22,4,羽毛球馆-3号,20:30-21:30,1,1,已售/已满,已售,晴,25,25,3,0.0,65,39
2026-05-21 15:00:45,2026-05-22,4,羽毛球馆-3号,20:30-21:30,1,1,已售/已满,已售,晴,25,22,4,0.0,56,39
2026-05-21 15:30:43,2026-05-22,4,羽毛球馆-3号,20:30-21:30,1,1,已售/已满,已售,晴,25,23,4,0.0,57,40
2026-05-21 16:00:51,2026-05-22,4,羽毛球馆-3号,20:30-21:30,1,1,已售/已满,已售,晴,25,23,4,0.0,57,40
2026-05-21 16:30:48,2026-05-22,4,羽毛球馆-3号,20:30-21:30,1,1,已售/已满,已售,晴,25,24,3,0.0,60,39
2026-05-21 17:00:49,2026-05-22,4,羽毛球馆-3号,20:30-21:30,1,1,已售/已满,已售,晴,25,24,4,0.0,61,39
2026-05-21 17:30:47,2026-05-22,4,羽毛球馆-3号,20:30-21:30,1,1,已售/已满,已售,多云,24,23,3,0.0,64,39
2026-05-21 18:00:50,2026-05-22,4,羽毛球馆-3号,20:30-21:30,1,1,已售/已满,已售,多云,24,23,3,0.0,68,39
2026-05-21 18:30:50,2026-05-22,4,羽毛球馆-3号,20:30-21:30,1,1,已售/已满,已售,阴,24,25,2,0.0,68,40
2026-05-21 19:00:50,2026-05-22,4,羽毛球馆-3号,20:30-21:30,1,1,已售/已满,已售,阴,23,23,3,0.0,76,40
2026-05-21 19:30:46,2026-05-22,4,羽毛球馆-3号,20:30-21:30,1,1,已售/已满,已售,阴,23,24,2,0.0,77,39
2026-05-21 20:00:49,2026-05-22,4,羽毛球馆-3号,20:30-21:30,1,1,已售/已满,已售,雾,22,23,2,0.0,89,39
2026-05-21 20:30:44,2026-05-22,4,羽毛球馆-3号,20:30-21:30,1,1,已售/已满,已售,雾,22,24,2,0.0,93,43
2026-05-21 21:00:56,2026-05-22,4,羽毛球馆-3号,20:30-21:30,1,1,已售/已满,已售,雾,20,21,2,0.0,98,43
2026-05-21 21:30:46,2026-05-22,4,羽毛球馆-3号,20:30-21:30,1,1,已售/已满,已售,雾,20,22,1,0.0,99,41
2026-05-21 22:01:02,2026-05-22,4,羽毛球馆-3号,20:30-21:30,1,1,已售/已满,已售,雾,19,20,2,0.0,93,41
2026-05-21 22:30:47,2026-05-22,4,羽毛球馆-3号,20:30-21:30,1,1,已售/已满,已售,雾,19,19,3,0.0,88,46
2026-05-21 23:00:56,2026-05-22,4,羽毛球馆-3号,20:30-21:30,1,1,已售/已满,已售,多云,18,17,3,0.0,85,46
2026-05-21 23:30:55,2026-05-22,4,羽毛球馆-3号,20:30-21:30,1,1,已售/已满,已售,多云,18,17,3,0.0,85,48
2026-05-21 08:00:45,2026-05-22,4,羽毛球馆-4号,07:00-08:00,0,1,可预约,￥0.0,晴,17,12,5,0.0,86,29
2026-05-21 08:02:30,2026-05-22,4,羽毛球馆-4号,07:00-08:00,0,1,可预约,￥0.0,多云,17,12,5,0.0,87,29
2026-05-21 08:05:36,2026-05-22,4,羽毛球馆-4号,07:00-08:00,0,1,可预约,￥0.0,多云,17,12,5,0.0,86,29
2026-05-21 08:08:31,2026-05-22,4,羽毛球馆-4号,07:00-08:00,0,1,可预约,￥0.0,多云,17,12,5,0.0,86,29
2026-05-21 08:11:30,2026-05-22,4,羽毛球馆-4号,07:00-08:00,0,1,可预约,￥0.0,多云,17,12,5,0.0,86,29
2026-05-21 08:14:31,2026-05-22,4,羽毛球馆-4号,07:00-08:00,0,1,可预约,￥0.0,多云,17,12,5,0.0,86,29
2026-05-21 08:17:30,2026-05-22,4,羽毛球馆-4号,07:00-08:00,0,1,可预约,￥0.0,多云,17,12,5,0.0,86,29
2026-05-21 08:20:35,2026-05-22,4,羽毛球馆-4号,07:00-08:00,0,1,可预约,￥0.0,多云,17,14,4,0.0,85,29
2026-05-21 08:25:32,2026-05-22,4,羽毛球馆-4号,07:00-08:00,0,1,可预约,￥0.0,多云,17,14,4,0.0,85,28
2026-05-21 08:30:42,2026-05-22,4,羽毛球馆-4号,07:00-08:00,0,1,可预约,￥0.0,多云,18,15,4,0.0,84,28
2026-05-21 08:35:31,2026-05-22,4,羽毛球馆-4号,07:00-08:00,0,1,可预约,￥0.0,多云,18,15,4,0.0,84,28
2026-05-21 08:40:38,2026-05-22,4,羽毛球馆-4号,07:00-08:00,0,1,可预约,￥0.0,多云,18,15,4,0.0,82,28
2026-05-21 08:45:33,2026-05-22,4,羽毛球馆-4号,07:00-08:00,0,1,可预约,￥0.0,多云,18,15,4,0.0,82,28
2026-05-21 08:50:36,2026-05-22,4,羽毛球馆-4号,07:00-08:00,0,1,可预约,￥0.0,多云,18,15,4,0.0,82,28
2026-05-21 08:55:34,2026-05-22,4,羽毛球馆-4号,07:00-08:00,0,1,可预约,￥0.0,多云,18,15,4,0.0,84,28
2026-05-21 09:00:51,2026-05-22,4,羽毛球馆-4号,07:00-08:00,0,1,可预约,￥0.0,多云,18,15,4,0.0,84,28
2026-05-21 09:01:59,2026-05-22,4,羽毛球馆-4号,07:00-08:00,0,1,可预约,￥0.0,多云,18,15,4,0.0,83,28
2026-05-21 09:05:33,2026-05-22,4,羽毛球馆-4号,07:00-08:00,0,1,可预约,￥0.0,多云,18,15,4,0.0,83,28
2026-05-21 09:20:38,2026-05-22,4,羽毛球馆-4号,07:00-08:00,0,1,可预约,￥0.0,多云,18,16,3,0.0,81,28
2026-05-21 09:30:46,2026-05-22,4,羽毛球馆-4号,07:00-08:00,0,1,可预约,￥0.0,多云,18,16,3,0.0,81,32
2026-05-21 09:40:36,2026-05-22,4,羽毛球馆-4号,07:00-08:00,0,1,可预约,￥0.0,多云,19,17,3,0.0,79,32
2026-05-21 09:50:42,2026-05-22,4,羽毛球馆-4号,07:00-08:00,0,1,可预约,￥0.0,多云,19,17,4,0.0,81,32
2026-05-21 10:00:46,2026-05-22,4,羽毛球馆-4号,07:00-08:00,0,1,可预约,￥0.0,多云,19,17,4,0.0,79,32
2026-05-21 10:10:40,2026-05-22,4,羽毛球馆-4号,07:00-08:00,0,1,可预约,￥0.0,多云,19,17,4,0.0,79,32
2026-05-21 10:20:38,2026-05-22,4,羽毛球馆-4号,07:00-08:00,0,1,可预约,￥0.0,多云,19,17,4,0.0,79,32
2026-05-21 10:30:41,2026-05-22,4,羽毛球馆-4号,07:00-08:00,0,1,可预约,￥0.0,多云,19,18,3,0.0,78,31
2026-05-21 11:00:44,2026-05-22,4,羽毛球馆-4号,07:00-08:00,0,1,可预约,￥0.0,多云,21,17,5,0.0,74,31
2026-05-21 11:30:38,2026-05-22,4,羽毛球馆-4号,07:00-08:00,0,1,可预约,￥0.0,多云,21,19,3,0.0,72,33
2026-05-21 12:00:46,2026-05-22,4,羽毛球馆-4号,07:00-08:00,0,1,可预约,￥0.0,多云,22,19,4,0.0,70,33
2026-05-21 12:30:42,2026-05-22,4,羽毛球馆-4号,07:00-08:00,0,1,可预约,￥0.0,多云,22,21,3,0.0,68,35
2026-05-21 13:00:43,2026-05-22,4,羽毛球馆-4号,07:00-08:00,0,1,可预约,￥0.0,多云,24,22,4,0.0,66,35
2026-05-21 13:30:43,2026-05-22,4,羽毛球馆-4号,07:00-08:00,0,1,可预约,￥0.0,多云,24,22,4,0.0,66,36
2026-05-21 14:00:48,2026-05-22,4,羽毛球馆-4号,07:00-08:00,0,1,可预约,￥0.0,多云,25,23,4,0.0,66,36
2026-05-21 14:30:45,2026-05-22,4,羽毛球馆-4号,07:00-08:00,0,1,可预约,￥0.0,晴,25,25,3,0.0,65,39
2026-05-21 15:00:45,2026-05-22,4,羽毛球馆-4号,07:00-08:00,0,1,可预约,￥0.0,晴,25,22,4,0.0,56,39
2026-05-21 15:30:43,2026-05-22,4,羽毛球馆-4号,07:00-08:00,0,1,可预约,￥0.0,晴,25,23,4,0.0,57,40
2026-05-21 16:00:51,2026-05-22,4,羽毛球馆-4号,07:00-08:00,0,1,可预约,￥0.0,晴,25,23,4,0.0,57,40
2026-05-21 16:30:48,2026-05-22,4,羽毛球馆-4号,07:00-08:00,0,1,可预约,￥0.0,晴,25,24,3,0.0,60,39
2026-05-21 17:00:49,2026-05-22,4,羽毛球馆-4号,07:00-08:00,0,1,可预约,￥0.0,晴,25,24,4,0.0,61,39
2026-05-21 17:30:47,2026-05-22,4,羽毛球馆-4号,07:00-08:00,0,1,可预约,￥0.0,多云,24,23,3,0.0,64,39
2026-05-21 18:00:50,2026-05-22,4,羽毛球馆-4号,07:00-08:00,0,1,可预约,￥0.0,多云,24,23,3,0.0,68,39
2026-05-21 18:30:50,2026-05-22,4,羽毛球馆-4号,07:00-08:00,0,1,可预约,￥0.0,阴,24,25,2,0.0,68,40
2026-05-21 19:00:50,2026-05-22,4,羽毛球馆-4号,07:00-08:00,0,1,可预约,￥0.0,阴,23,23,3,0.0,76,40
2026-05-21 19:30:46,2026-05-22,4,羽毛球馆-4号,07:00-08:00,0,1,可预约,￥0.0,阴,23,24,2,0.0,77,39
2026-05-21 20:00:49,2026-05-22,4,羽毛球馆-4号,07:00-08:00,0,1,可预约,￥0.0,雾,22,23,2,0.0,89,39
2026-05-21 20:30:44,2026-05-22,4,羽毛球馆-4号,07:00-08:00,0,1,可预约,￥0.0,雾,22,24,2,0.0,93,43
2026-05-21 21:00:56,2026-05-22,4,羽毛球馆-4号,07:00-08:00,0,1,可预约,￥0.0,雾,20,21,2,0.0,98,43
2026-05-21 21:30:46,2026-05-22,4,羽毛球馆-4号,07:00-08:00,0,1,可预约,￥0.0,雾,20,22,1,0.0,99,41
2026-05-21 22:01:02,2026-05-22,4,羽毛球馆-4号,07:00-08:00,0,1,可预约,￥0.0,雾,19,20,2,0.0,93,41
2026-05-21 22:30:47,2026-05-22,4,羽毛球馆-4号,07:00-08:00,0,1,可预约,￥0.0,雾,19,19,3,0.0,88,46
2026-05-21 23:00:56,2026-05-22,4,羽毛球馆-4号,07:00-08:00,0,1,可预约,￥0.0,多云,18,17,3,0.0,85,46
2026-05-21 23:30:55,2026-05-22,4,羽毛球馆-4号,07:00-08:00,0,1,可预约,￥0.0,多云,18,17,3,0.0,85,48
2026-05-21 08:00:45,2026-05-22,4,羽毛球馆-4号,08:00-09:00,0,1,可预约,￥0.0,晴,17,12,5,0.0,86,29
2026-05-21 08:02:30,2026-05-22,4,羽毛球馆-4号,08:00-09:00,0,1,可预约,￥0.0,多云,17,12,5,0.0,87,29
2026-05-21 08:05:36,2026-05-22,4,羽毛球馆-4号,08:00-09:00,0,1,可预约,￥0.0,多云,17,12,5,0.0,86,29
2026-05-21 08:08:31,2026-05-22,4,羽毛球馆-4号,08:00-09:00,0,1,可预约,￥0.0,多云,17,12,5,0.0,86,29
2026-05-21 08:11:30,2026-05-22,4,羽毛球馆-4号,08:00-09:00,0,1,可预约,￥0.0,多云,17,12,5,0.0,86,29
2026-05-21 08:14:31,2026-05-22,4,羽毛球馆-4号,08:00-09:00,0,1,可预约,￥0.0,多云,17,12,5,0.0,86,29
2026-05-21 08:17:30,2026-05-22,4,羽毛球馆-4号,08:00-09:00,0,1,可预约,￥0.0,多云,17,12,5,0.0,86,29
2026-05-21 08:20:35,2026-05-22,4,羽毛球馆-4号,08:00-09:00,0,1,可预约,￥0.0,多云,17,14,4,0.0,85,29
2026-05-21 08:25:32,2026-05-22,4,羽毛球馆-4号,08:00-09:00,0,1,可预约,￥0.0,多云,17,14,4,0.0,85,28
2026-05-21 08:30:42,2026-05-22,4,羽毛球馆-4号,08:00-09:00,0,1,可预约,￥0.0,多云,18,15,4,0.0,84,28
2026-05-21 08:35:31,2026-05-22,4,羽毛球馆-4号,08:00-09:00,0,1,可预约,￥0.0,多云,18,15,4,0.0,84,28
2026-05-21 08:40:38,2026-05-22,4,羽毛球馆-4号,08:00-09:00,0,1,可预约,￥0.0,多云,18,15,4,0.0,82,28
2026-05-21 08:45:33,2026-05-22,4,羽毛球馆-4号,08:00-09:00,0,1,可预约,￥0.0,多云,18,15,4,0.0,82,28
2026-05-21 08:50:36,2026-05-22,4,羽毛球馆-4号,08:00-09:00,0,1,可预约,￥0.0,多云,18,15,4,0.0,82,28
2026-05-21 08:55:34,2026-05-22,4,羽毛球馆-4号,08:00-09:00,0,1,可预约,￥0.0,多云,18,15,4,0.0,84,28
2026-05-21 09:00:51,2026-05-22,4,羽毛球馆-4号,08:00-09:00,0,1,可预约,￥0.0,多云,18,15,4,0.0,84,28
2026-05-21 09:01:59,2026-05-22,4,羽毛球馆-4号,08:00-09:00,0,1,可预约,￥0.0,多云,18,15,4,0.0,83,28
2026-05-21 09:05:33,2026-05-22,4,羽毛球馆-4号,08:00-09:00,0,1,可预约,￥0.0,多云,18,15,4,0.0,83,28
2026-05-21 09:20:38,2026-05-22,4,羽毛球馆-4号,08:00-09:00,0,1,可预约,￥0.0,多云,18,16,3,0.0,81,28
2026-05-21 09:30:46,2026-05-22,4,羽毛球馆-4号,08:00-09:00,0,1,可预约,￥0.0,多云,18,16,3,0.0,81,32
2026-05-21 09:40:36,2026-05-22,4,羽毛球馆-4号,08:00-09:00,0,1,可预约,￥0.0,多云,19,17,3,0.0,79,32
2026-05-21 09:50:42,2026-05-22,4,羽毛球馆-4号,08:00-09:00,0,1,可预约,￥0.0,多云,19,17,4,0.0,81,32
2026-05-21 10:00:46,2026-05-22,4,羽毛球馆-4号,08:00-09:00,0,1,可预约,￥0.0,多云,19,17,4,0.0,79,32
2026-05-21 10:10:40,2026-05-22,4,羽毛球馆-4号,08:00-09:00,0,1,可预约,￥0.0,多云,19,17,4,0.0,79,32
2026-05-21 10:20:38,2026-05-22,4,羽毛球馆-4号,08:00-09:00,0,1,可预约,￥0.0,多云,19,17,4,0.0,79,32
2026-05-21 10:30:41,2026-05-22,4,羽毛球馆-4号,08:00-09:00,0,1,可预约,￥0.0,多云,19,18,3,0.0,78,31
2026-05-21 11:00:44,2026-05-22,4,羽毛球馆-4号,08:00-09:00,0,1,可预约,￥0.0,多云,21,17,5,0.0,74,31
2026-05-21 11:30:38,2026-05-22,4,羽毛球馆-4号,08:00-09:00,0,1,可预约,￥0.0,多云,21,19,3,0.0,72,33
2026-05-21 12:00:46,2026-05-22,4,羽毛球馆-4号,08:00-09:00,0,1,可预约,￥0.0,多云,22,19,4,0.0,70,33
2026-05-21 12:30:42,2026-05-22,4,羽毛球馆-4号,08:00-09:00,0,1,可预约,￥0.0,多云,22,21,3,0.0,68,35
2026-05-21 13:00:43,2026-05-22,4,羽毛球馆-4号,08:00-09:00,0,1,可预约,￥0.0,多云,24,22,4,0.0,66,35
2026-05-21 13:30:43,2026-05-22,4,羽毛球馆-4号,08:00-09:00,0,1,可预约,￥0.0,多云,24,22,4,0.0,66,36
2026-05-21 14:00:48,2026-05-22,4,羽毛球馆-4号,08:00-09:00,0,1,可预约,￥0.0,多云,25,23,4,0.0,66,36
2026-05-21 14:30:45,2026-05-22,4,羽毛球馆-4号,08:00-09:00,0,1,可预约,￥0.0,晴,25,25,3,0.0,65,39
2026-05-21 15:00:45,2026-05-22,4,羽毛球馆-4号,08:00-09:00,0,1,可预约,￥0.0,晴,25,22,4,0.0,56,39
2026-05-21 15:30:43,2026-05-22,4,羽毛球馆-4号,08:00-09:00,0,1,可预约,￥0.0,晴,25,23,4,0.0,57,40
2026-05-21 16:00:51,2026-05-22,4,羽毛球馆-4号,08:00-09:00,0,1,可预约,￥0.0,晴,25,23,4,0.0,57,40
2026-05-21 16:30:48,2026-05-22,4,羽毛球馆-4号,08:00-09:00,0,1,可预约,￥0.0,晴,25,24,3,0.0,60,39
2026-05-21 17:00:49,2026-05-22,4,羽毛球馆-4号,08:00-09:00,0,1,可预约,￥0.0,晴,25,24,4,0.0,61,39
2026-05-21 17:30:47,2026-05-22,4,羽毛球馆-4号,08:00-09:00,0,1,可预约,￥0.0,多云,24,23,3,0.0,64,39
2026-05-21 18:00:50,2026-05-22,4,羽毛球馆-4号,08:00-09:00,0,1,可预约,￥0.0,多云,24,23,3,0.0,68,39
2026-05-21 18:30:50,2026-05-22,4,羽毛球馆-4号,08:00-09:00,0,1,可预约,￥0.0,阴,24,25,2,0.0,68,40
2026-05-21 19:00:50,2026-05-22,4,羽毛球馆-4号,08:00-09:00,0,1,可预约,￥0.0,阴,23,23,3,0.0,76,40
2026-05-21 19:30:46,2026-05-22,4,羽毛球馆-4号,08:00-09:00,0,1,可预约,￥0.0,阴,23,24,2,0.0,77,39
2026-05-21 20:00:49,2026-05-22,4,羽毛球馆-4号,08:00-09:00,0,1,可预约,￥0.0,雾,22,23,2,0.0,89,39
2026-05-21 20:30:44,2026-05-22,4,羽毛球馆-4号,08:00-09:00,0,1,可预约,￥0.0,雾,22,24,2,0.0,93,43
2026-05-21 21:00:56,2026-05-22,4,羽毛球馆-4号,08:00-09:00,0,1,可预约,￥0.0,雾,20,21,2,0.0,98,43
2026-05-21 21:30:46,2026-05-22,4,羽毛球馆-4号,08:00-09:00,0,1,可预约,￥0.0,雾,20,22,1,0.0,99,41
2026-05-21 22:01:02,2026-05-22,4,羽毛球馆-4号,08:00-09:00,0,1,可预约,￥0.0,雾,19,20,2,0.0,93,41
2026-05-21 22:30:47,2026-05-22,4,羽毛球馆-4号,08:00-09:00,0,1,可预约,￥0.0,雾,19,19,3,0.0,88,46
2026-05-21 23:00:56,2026-05-22,4,羽毛球馆-4号,08:00-09:00,0,1,可预约,￥0.0,多云,18,17,3,0.0,85,46
2026-05-21 23:30:55,2026-05-22,4,羽毛球馆-4号,08:00-09:00,0,1,可预约,￥0.0,多云,18,17,3,0.0,85,48
2026-05-21 08:00:45,2026-05-22,4,羽毛球馆-4号,09:00-10:00,0,1,可预约,￥12.0,晴,17,12,5,0.0,86,29
2026-05-21 08:02:30,2026-05-22,4,羽毛球馆-4号,09:00-10:00,0,1,可预约,￥12.0,多云,17,12,5,0.0,87,29
2026-05-21 08:05:36,2026-05-22,4,羽毛球馆-4号,09:00-10:00,0,1,可预约,￥12.0,多云,17,12,5,0.0,86,29
2026-05-21 08:08:31,2026-05-22,4,羽毛球馆-4号,09:00-10:00,0,1,可预约,￥12.0,多云,17,12,5,0.0,86,29
2026-05-21 08:11:30,2026-05-22,4,羽毛球馆-4号,09:00-10:00,0,1,可预约,￥12.0,多云,17,12,5,0.0,86,29
2026-05-21 08:14:31,2026-05-22,4,羽毛球馆-4号,09:00-10:00,0,1,可预约,￥12.0,多云,17,12,5,0.0,86,29
2026-05-21 08:17:30,2026-05-22,4,羽毛球馆-4号,09:00-10:00,0,1,可预约,￥12.0,多云,17,12,5,0.0,86,29
2026-05-21 08:20:35,2026-05-22,4,羽毛球馆-4号,09:00-10:00,0,1,可预约,￥12.0,多云,17,14,4,0.0,85,29
2026-05-21 08:25:32,2026-05-22,4,羽毛球馆-4号,09:00-10:00,0,1,可预约,￥12.0,多云,17,14,4,0.0,85,28
2026-05-21 08:30:42,2026-05-22,4,羽毛球馆-4号,09:00-10:00,0,1,可预约,￥12.0,多云,18,15,4,0.0,84,28
2026-05-21 08:35:31,2026-05-22,4,羽毛球馆-4号,09:00-10:00,0,1,可预约,￥12.0,多云,18,15,4,0.0,84,28
2026-05-21 08:40:38,2026-05-22,4,羽毛球馆-4号,09:00-10:00,0,1,可预约,￥12.0,多云,18,15,4,0.0,82,28
2026-05-21 08:45:33,2026-05-22,4,羽毛球馆-4号,09:00-10:00,0,1,可预约,￥12.0,多云,18,15,4,0.0,82,28
2026-05-21 08:50:36,2026-05-22,4,羽毛球馆-4号,09:00-10:00,0,1,可预约,￥12.0,多云,18,15,4,0.0,82,28
2026-05-21 08:55:34,2026-05-22,4,羽毛球馆-4号,09:00-10:00,0,1,可预约,￥12.0,多云,18,15,4,0.0,84,28
2026-05-21 09:00:51,2026-05-22,4,羽毛球馆-4号,09:00-10:00,0,1,可预约,￥12.0,多云,18,15,4,0.0,84,28
2026-05-21 09:01:59,2026-05-22,4,羽毛球馆-4号,09:00-10:00,0,1,可预约,￥12.0,多云,18,15,4,0.0,83,28
2026-05-21 09:05:33,2026-05-22,4,羽毛球馆-4号,09:00-10:00,0,1,可预约,￥12.0,多云,18,15,4,0.0,83,28
2026-05-21 09:20:38,2026-05-22,4,羽毛球馆-4号,09:00-10:00,0,1,可预约,￥12.0,多云,18,16,3,0.0,81,28
2026-05-21 09:30:46,2026-05-22,4,羽毛球馆-4号,09:00-10:00,0,1,可预约,￥12.0,多云,18,16,3,0.0,81,32
2026-05-21 09:40:36,2026-05-22,4,羽毛球馆-4号,09:00-10:00,0,1,可预约,￥12.0,多云,19,17,3,0.0,79,32
2026-05-21 09:50:42,2026-05-22,4,羽毛球馆-4号,09:00-10:00,0,1,可预约,￥12.0,多云,19,17,4,0.0,81,32
2026-05-21 10:00:46,2026-05-22,4,羽毛球馆-4号,09:00-10:00,0,1,可预约,￥12.0,多云,19,17,4,0.0,79,32
2026-05-21 10:10:40,2026-05-22,4,羽毛球馆-4号,09:00-10:00,0,1,可预约,￥12.0,多云,19,17,4,0.0,79,32
2026-05-21 10:20:38,2026-05-22,4,羽毛球馆-4号,09:00-10:00,0,1,可预约,￥12.0,多云,19,17,4,0.0,79,32
2026-05-21 10:30:41,2026-05-22,4,羽毛球馆-4号,09:00-10:00,0,1,可预约,￥12.0,多云,19,18,3,0.0,78,31
2026-05-21 11:00:44,2026-05-22,4,羽毛球馆-4号,09:00-10:00,0,1,可预约,￥12.0,多云,21,17,5,0.0,74,31
2026-05-21 11:30:38,2026-05-22,4,羽毛球馆-4号,09:00-10:00,0,1,可预约,￥12.0,多云,21,19,3,0.0,72,33
2026-05-21 12:00:46,2026-05-22,4,羽毛球馆-4号,09:00-10:00,0,1,可预约,￥12.0,多云,22,19,4,0.0,70,33
2026-05-21 12:30:42,2026-05-22,4,羽毛球馆-4号,09:00-10:00,0,1,可预约,￥12.0,多云,22,21,3,0.0,68,35
2026-05-21 13:00:43,2026-05-22,4,羽毛球馆-4号,09:00-10:00,0,1,可预约,￥12.0,多云,24,22,4,0.0,66,35
2026-05-21 13:30:43,2026-05-22,4,羽毛球馆-4号,09:00-10:00,0,1,可预约,￥12.0,多云,24,22,4,0.0,66,36
2026-05-21 14:00:48,2026-05-22,4,羽毛球馆-4号,09:00-10:00,0,1,可预约,￥12.0,多云,25,23,4,0.0,66,36
2026-05-21 14:30:45,2026-05-22,4,羽毛球馆-4号,09:00-10:00,0,1,可预约,￥12.0,晴,25,25,3,0.0,65,39
2026-05-21 15:00:45,2026-05-22,4,羽毛球馆-4号,09:00-10:00,0,1,可预约,￥12.0,晴,25,22,4,0.0,56,39
2026-05-21 15:30:43,2026-05-22,4,羽毛球馆-4号,09:00-10:00,0,1,可预约,￥12.0,晴,25,23,4,0.0,57,40
2026-05-21 16:00:51,2026-05-22,4,羽毛球馆-4号,09:00-10:00,0,1,可预约,￥12.0,晴,25,23,4,0.0,57,40
2026-05-21 16:30:48,2026-05-22,4,羽毛球馆-4号,09:00-10:00,0,1,可预约,￥12.0,晴,25,24,3,0.0,60,39
2026-05-21 17:00:49,2026-05-22,4,羽毛球馆-4号,09:00-10:00,0,1,可预约,￥12.0,晴,25,24,4,0.0,61,39
2026-05-21 17:30:47,2026-05-22,4,羽毛球馆-4号,09:00-10:00,0,1,可预约,￥12.0,多云,24,23,3,0.0,64,39
2026-05-21 18:00:50,2026-05-22,4,羽毛球馆-4号,09:00-10:00,0,1,可预约,￥12.0,多云,24,23,3,0.0,68,39
2026-05-21 18:30:50,2026-05-22,4,羽毛球馆-4号,09:00-10:00,0,1,可预约,￥12.0,阴,24,25,2,0.0,68,40
2026-05-21 19:00:50,2026-05-22,4,羽毛球馆-4号,09:00-10:00,0,1,可预约,￥12.0,阴,23,23,3,0.0,76,40
2026-05-21 19:30:46,2026-05-22,4,羽毛球馆-4号,09:00-10:00,0,1,可预约,￥12.0,阴,23,24,2,0.0,77,39
2026-05-21 20:00:49,2026-05-22,4,羽毛球馆-4号,09:00-10:00,0,1,可预约,￥12.0,雾,22,23,2,0.0,89,39
2026-05-21 20:30:44,2026-05-22,4,羽毛球馆-4号,09:00-10:00,0,1,可预约,￥12.0,雾,22,24,2,0.0,93,43
2026-05-21 21:00:56,2026-05-22,4,羽毛球馆-4号,09:00-10:00,0,1,可预约,￥12.0,雾,20,21,2,0.0,98,43
2026-05-21 21:30:46,2026-05-22,4,羽毛球馆-4号,09:00-10:00,0,1,可预约,￥12.0,雾,20,22,1,0.0,99,41
2026-05-21 22:01:02,2026-05-22,4,羽毛球馆-4号,09:00-10:00,0,1,可预约,￥12.0,雾,19,20,2,0.0,93,41
2026-05-21 22:30:47,2026-05-22,4,羽毛球馆-4号,09:00-10:00,0,1,可预约,￥12.0,雾,19,19,3,0.0,88,46
2026-05-21 23:00:56,2026-05-22,4,羽毛球馆-4号,09:00-10:00,0,1,可预约,￥12.0,多云,18,17,3,0.0,85,46
2026-05-21 23:30:55,2026-05-22,4,羽毛球馆-4号,09:00-10:00,0,1,可预约,￥12.0,多云,18,17,3,0.0,85,48
2026-05-21 08:00:45,2026-05-22,4,羽毛球馆-4号,10:00-11:00,1,1,已售/已满,教学时间,晴,17,12,5,0.0,86,29
2026-05-21 08:02:30,2026-05-22,4,羽毛球馆-4号,10:00-11:00,1,1,已售/已满,教学时间,多云,17,12,5,0.0,87,29
2026-05-21 08:05:36,2026-05-22,4,羽毛球馆-4号,10:00-11:00,1,1,已售/已满,教学时间,多云,17,12,5,0.0,86,29
2026-05-21 08:08:31,2026-05-22,4,羽毛球馆-4号,10:00-11:00,1,1,已售/已满,教学时间,多云,17,12,5,0.0,86,29
2026-05-21 08:11:30,2026-05-22,4,羽毛球馆-4号,10:00-11:00,1,1,已售/已满,教学时间,多云,17,12,5,0.0,86,29
2026-05-21 08:14:31,2026-05-22,4,羽毛球馆-4号,10:00-11:00,1,1,已售/已满,教学时间,多云,17,12,5,0.0,86,29
2026-05-21 08:17:30,2026-05-22,4,羽毛球馆-4号,10:00-11:00,1,1,已售/已满,教学时间,多云,17,12,5,0.0,86,29
2026-05-21 08:20:35,2026-05-22,4,羽毛球馆-4号,10:00-11:00,1,1,已售/已满,教学时间,多云,17,14,4,0.0,85,29
2026-05-21 08:25:32,2026-05-22,4,羽毛球馆-4号,10:00-11:00,1,1,已售/已满,教学时间,多云,17,14,4,0.0,85,28
2026-05-21 08:30:42,2026-05-22,4,羽毛球馆-4号,10:00-11:00,1,1,已售/已满,教学时间,多云,18,15,4,0.0,84,28
2026-05-21 08:35:31,2026-05-22,4,羽毛球馆-4号,10:00-11:00,1,1,已售/已满,教学时间,多云,18,15,4,0.0,84,28
2026-05-21 08:40:38,2026-05-22,4,羽毛球馆-4号,10:00-11:00,1,1,已售/已满,教学时间,多云,18,15,4,0.0,82,28
2026-05-21 08:45:33,2026-05-22,4,羽毛球馆-4号,10:00-11:00,1,1,已售/已满,教学时间,多云,18,15,4,0.0,82,28
2026-05-21 08:50:36,2026-05-22,4,羽毛球馆-4号,10:00-11:00,1,1,已售/已满,教学时间,多云,18,15,4,0.0,82,28
2026-05-21 08:55:34,2026-05-22,4,羽毛球馆-4号,10:00-11:00,1,1,已售/已满,教学时间,多云,18,15,4,0.0,84,28
2026-05-21 09:00:51,2026-05-22,4,羽毛球馆-4号,10:00-11:00,1,1,已售/已满,教学时间,多云,18,15,4,0.0,84,28
2026-05-21 09:01:59,2026-05-22,4,羽毛球馆-4号,10:00-11:00,1,1,已售/已满,教学时间,多云,18,15,4,0.0,83,28
2026-05-21 09:05:33,2026-05-22,4,羽毛球馆-4号,10:00-11:00,1,1,已售/已满,教学时间,多云,18,15,4,0.0,83,28
2026-05-21 09:20:38,2026-05-22,4,羽毛球馆-4号,10:00-11:00,1,1,已售/已满,教学时间,多云,18,16,3,0.0,81,28
2026-05-21 09:30:46,2026-05-22,4,羽毛球馆-4号,10:00-11:00,1,1,已售/已满,教学时间,多云,18,16,3,0.0,81,32
2026-05-21 09:40:36,2026-05-22,4,羽毛球馆-4号,10:00-11:00,1,1,已售/已满,教学时间,多云,19,17,3,0.0,79,32
2026-05-21 09:50:42,2026-05-22,4,羽毛球馆-4号,10:00-11:00,1,1,已售/已满,教学时间,多云,19,17,4,0.0,81,32
2026-05-21 10:00:46,2026-05-22,4,羽毛球馆-4号,10:00-11:00,1,1,已售/已满,教学时间,多云,19,17,4,0.0,79,32
2026-05-21 10:10:40,2026-05-22,4,羽毛球馆-4号,10:00-11:00,1,1,已售/已满,教学时间,多云,19,17,4,0.0,79,32
2026-05-21 10:20:38,2026-05-22,4,羽毛球馆-4号,10:00-11:00,1,1,已售/已满,教学时间,多云,19,17,4,0.0,79,32
2026-05-21 10:30:41,2026-05-22,4,羽毛球馆-4号,10:00-11:00,1,1,已售/已满,教学时间,多云,19,18,3,0.0,78,31
2026-05-21 11:00:44,2026-05-22,4,羽毛球馆-4号,10:00-11:00,1,1,已售/已满,教学时间,多云,21,17,5,0.0,74,31
2026-05-21 11:30:38,2026-05-22,4,羽毛球馆-4号,10:00-11:00,1,1,已售/已满,教学时间,多云,21,19,3,0.0,72,33
2026-05-21 12:00:46,2026-05-22,4,羽毛球馆-4号,10:00-11:00,1,1,已售/已满,教学时间,多云,22,19,4,0.0,70,33
2026-05-21 12:30:42,2026-05-22,4,羽毛球馆-4号,10:00-11:00,1,1,已售/已满,教学时间,多云,22,21,3,0.0,68,35
2026-05-21 13:00:43,2026-05-22,4,羽毛球馆-4号,10:00-11:00,1,1,已售/已满,教学时间,多云,24,22,4,0.0,66,35
2026-05-21 13:30:43,2026-05-22,4,羽毛球馆-4号,10:00-11:00,1,1,已售/已满,教学时间,多云,24,22,4,0.0,66,36
2026-05-21 14:00:48,2026-05-22,4,羽毛球馆-4号,10:00-11:00,1,1,已售/已满,教学时间,多云,25,23,4,0.0,66,36
2026-05-21 14:30:45,2026-05-22,4,羽毛球馆-4号,10:00-11:00,1,1,已售/已满,教学时间,晴,25,25,3,0.0,65,39
2026-05-21 15:00:45,2026-05-22,4,羽毛球馆-4号,10:00-11:00,1,1,已售/已满,教学时间,晴,25,22,4,0.0,56,39
2026-05-21 15:30:43,2026-05-22,4,羽毛球馆-4号,10:00-11:00,1,1,已售/已满,教学时间,晴,25,23,4,0.0,57,40
2026-05-21 16:00:51,2026-05-22,4,羽毛球馆-4号,10:00-11:00,1,1,已售/已满,教学时间,晴,25,23,4,0.0,57,40
2026-05-21 16:30:48,2026-05-22,4,羽毛球馆-4号,10:00-11:00,1,1,已售/已满,教学时间,晴,25,24,3,0.0,60,39
2026-05-21 17:00:49,2026-05-22,4,羽毛球馆-4号,10:00-11:00,1,1,已售/已满,教学时间,晴,25,24,4,0.0,61,39
2026-05-21 17:30:47,2026-05-22,4,羽毛球馆-4号,10:00-11:00,1,1,已售/已满,教学时间,多云,24,23,3,0.0,64,39
2026-05-21 18:00:50,2026-05-22,4,羽毛球馆-4号,10:00-11:00,1,1,已售/已满,教学时间,多云,24,23,3,0.0,68,39
2026-05-21 18:30:50,2026-05-22,4,羽毛球馆-4号,10:00-11:00,1,1,已售/已满,教学时间,阴,24,25,2,0.0,68,40
2026-05-21 19:00:50,2026-05-22,4,羽毛球馆-4号,10:00-11:00,1,1,已售/已满,教学时间,阴,23,23,3,0.0,76,40
2026-05-21 19:30:46,2026-05-22,4,羽毛球馆-4号,10:00-11:00,1,1,已售/已满,教学时间,阴,23,24,2,0.0,77,39
2026-05-21 20:00:49,2026-05-22,4,羽毛球馆-4号,10:00-11:00,1,1,已售/已满,教学时间,雾,22,23,2,0.0,89,39
2026-05-21 20:30:44,2026-05-22,4,羽毛球馆-4号,10:00-11:00,1,1,已售/已满,教学时间,雾,22,24,2,0.0,93,43
2026-05-21 21:00:56,2026-05-22,4,羽毛球馆-4号,10:00-11:00,1,1,已售/已满,教学时间,雾,20,21,2,0.0,98,43
2026-05-21 21:30:46,2026-05-22,4,羽毛球馆-4号,10:00-11:00,1,1,已售/已满,教学时间,雾,20,22,1,0.0,99,41
2026-05-21 22:01:02,2026-05-22,4,羽毛球馆-4号,10:00-11:00,1,1,已售/已满,教学时间,雾,19,20,2,0.0,93,41
2026-05-21 22:30:47,2026-05-22,4,羽毛球馆-4号,10:00-11:00,1,1,已售/已满,教学时间,雾,19,19,3,0.0,88,46
2026-05-21 23:00:56,2026-05-22,4,羽毛球馆-4号,10:00-11:00,1,1,已售/已满,教学时间,多云,18,17,3,0.0,85,46
2026-05-21 23:30:55,2026-05-22,4,羽毛球馆-4号,10:00-11:00,1,1,已售/已满,教学时间,多云,18,17,3,0.0,85,48
2026-05-21 08:00:45,2026-05-22,4,羽毛球馆-4号,11:00-12:00,1,1,已售/已满,教学时间,晴,17,12,5,0.0,86,29
2026-05-21 08:02:30,2026-05-22,4,羽毛球馆-4号,11:00-12:00,1,1,已售/已满,教学时间,多云,17,12,5,0.0,87,29
2026-05-21 08:05:36,2026-05-22,4,羽毛球馆-4号,11:00-12:00,1,1,已售/已满,教学时间,多云,17,12,5,0.0,86,29
2026-05-21 08:08:31,2026-05-22,4,羽毛球馆-4号,11:00-12:00,1,1,已售/已满,教学时间,多云,17,12,5,0.0,86,29
2026-05-21 08:11:30,2026-05-22,4,羽毛球馆-4号,11:00-12:00,1,1,已售/已满,教学时间,多云,17,12,5,0.0,86,29
2026-05-21 08:14:31,2026-05-22,4,羽毛球馆-4号,11:00-12:00,1,1,已售/已满,教学时间,多云,17,12,5,0.0,86,29
2026-05-21 08:17:30,2026-05-22,4,羽毛球馆-4号,11:00-12:00,1,1,已售/已满,教学时间,多云,17,12,5,0.0,86,29
2026-05-21 08:20:35,2026-05-22,4,羽毛球馆-4号,11:00-12:00,1,1,已售/已满,教学时间,多云,17,14,4,0.0,85,29
2026-05-21 08:25:32,2026-05-22,4,羽毛球馆-4号,11:00-12:00,1,1,已售/已满,教学时间,多云,17,14,4,0.0,85,28
2026-05-21 08:30:42,2026-05-22,4,羽毛球馆-4号,11:00-12:00,1,1,已售/已满,教学时间,多云,18,15,4,0.0,84,28
2026-05-21 08:35:31,2026-05-22,4,羽毛球馆-4号,11:00-12:00,1,1,已售/已满,教学时间,多云,18,15,4,0.0,84,28
2026-05-21 08:40:38,2026-05-22,4,羽毛球馆-4号,11:00-12:00,1,1,已售/已满,教学时间,多云,18,15,4,0.0,82,28
2026-05-21 08:45:33,2026-05-22,4,羽毛球馆-4号,11:00-12:00,1,1,已售/已满,教学时间,多云,18,15,4,0.0,82,28
2026-05-21 08:50:36,2026-05-22,4,羽毛球馆-4号,11:00-12:00,1,1,已售/已满,教学时间,多云,18,15,4,0.0,82,28
2026-05-21 08:55:34,2026-05-22,4,羽毛球馆-4号,11:00-12:00,1,1,已售/已满,教学时间,多云,18,15,4,0.0,84,28
2026-05-21 09:00:51,2026-05-22,4,羽毛球馆-4号,11:00-12:00,1,1,已售/已满,教学时间,多云,18,15,4,0.0,84,28
2026-05-21 09:01:59,2026-05-22,4,羽毛球馆-4号,11:00-12:00,1,1,已售/已满,教学时间,多云,18,15,4,0.0,83,28
2026-05-21 09:05:33,2026-05-22,4,羽毛球馆-4号,11:00-12:00,1,1,已售/已满,教学时间,多云,18,15,4,0.0,83,28
2026-05-21 09:20:38,2026-05-22,4,羽毛球馆-4号,11:00-12:00,1,1,已售/已满,教学时间,多云,18,16,3,0.0,81,28
2026-05-21 09:30:46,2026-05-22,4,羽毛球馆-4号,11:00-12:00,1,1,已售/已满,教学时间,多云,18,16,3,0.0,81,32
2026-05-21 09:40:36,2026-05-22,4,羽毛球馆-4号,11:00-12:00,1,1,已售/已满,教学时间,多云,19,17,3,0.0,79,32
2026-05-21 09:50:42,2026-05-22,4,羽毛球馆-4号,11:00-12:00,1,1,已售/已满,教学时间,多云,19,17,4,0.0,81,32
2026-05-21 10:00:46,2026-05-22,4,羽毛球馆-4号,11:00-12:00,1,1,已售/已满,教学时间,多云,19,17,4,0.0,79,32
2026-05-21 10:10:40,2026-05-22,4,羽毛球馆-4号,11:00-12:00,1,1,已售/已满,教学时间,多云,19,17,4,0.0,79,32
2026-05-21 10:20:38,2026-05-22,4,羽毛球馆-4号,11:00-12:00,1,1,已售/已满,教学时间,多云,19,17,4,0.0,79,32
2026-05-21 10:30:41,2026-05-22,4,羽毛球馆-4号,11:00-12:00,1,1,已售/已满,教学时间,多云,19,18,3,0.0,78,31
2026-05-21 11:00:44,2026-05-22,4,羽毛球馆-4号,11:00-12:00,1,1,已售/已满,教学时间,多云,21,17,5,0.0,74,31
2026-05-21 11:30:38,2026-05-22,4,羽毛球馆-4号,11:00-12:00,1,1,已售/已满,教学时间,多云,21,19,3,0.0,72,33
2026-05-21 12:00:46,2026-05-22,4,羽毛球馆-4号,11:00-12:00,1,1,已售/已满,教学时间,多云,22,19,4,0.0,70,33
2026-05-21 12:30:42,2026-05-22,4,羽毛球馆-4号,11:00-12:00,1,1,已售/已满,教学时间,多云,22,21,3,0.0,68,35
2026-05-21 13:00:43,2026-05-22,4,羽毛球馆-4号,11:00-12:00,1,1,已售/已满,教学时间,多云,24,22,4,0.0,66,35
2026-05-21 13:30:43,2026-05-22,4,羽毛球馆-4号,11:00-12:00,1,1,已售/已满,教学时间,多云,24,22,4,0.0,66,36
2026-05-21 14:00:48,2026-05-22,4,羽毛球馆-4号,11:00-12:00,1,1,已售/已满,教学时间,多云,25,23,4,0.0,66,36
2026-05-21 14:30:45,2026-05-22,4,羽毛球馆-4号,11:00-12:00,1,1,已售/已满,教学时间,晴,25,25,3,0.0,65,39
2026-05-21 15:00:45,2026-05-22,4,羽毛球馆-4号,11:00-12:00,1,1,已售/已满,教学时间,晴,25,22,4,0.0,56,39
2026-05-21 15:30:43,2026-05-22,4,羽毛球馆-4号,11:00-12:00,1,1,已售/已满,教学时间,晴,25,23,4,0.0,57,40
2026-05-21 16:00:51,2026-05-22,4,羽毛球馆-4号,11:00-12:00,1,1,已售/已满,教学时间,晴,25,23,4,0.0,57,40
2026-05-21 16:30:48,2026-05-22,4,羽毛球馆-4号,11:00-12:00,1,1,已售/已满,教学时间,晴,25,24,3,0.0,60,39
2026-05-21 17:00:49,2026-05-22,4,羽毛球馆-4号,11:00-12:00,1,1,已售/已满,教学时间,晴,25,24,4,0.0,61,39
2026-05-21 17:30:47,2026-05-22,4,羽毛球馆-4号,11:00-12:00,1,1,已售/已满,教学时间,多云,24,23,3,0.0,64,39
2026-05-21 18:00:50,2026-05-22,4,羽毛球馆-4号,11:00-12:00,1,1,已售/已满,教学时间,多云,24,23,3,0.0,68,39
2026-05-21 18:30:50,2026-05-22,4,羽毛球馆-4号,11:00-12:00,1,1,已售/已满,教学时间,阴,24,25,2,0.0,68,40
2026-05-21 19:00:50,2026-05-22,4,羽毛球馆-4号,11:00-12:00,1,1,已售/已满,教学时间,阴,23,23,3,0.0,76,40
2026-05-21 19:30:46,2026-05-22,4,羽毛球馆-4号,11:00-12:00,1,1,已售/已满,教学时间,阴,23,24,2,0.0,77,39
2026-05-21 20:00:49,2026-05-22,4,羽毛球馆-4号,11:00-12:00,1,1,已售/已满,教学时间,雾,22,23,2,0.0,89,39
2026-05-21 20:30:44,2026-05-22,4,羽毛球馆-4号,11:00-12:00,1,1,已售/已满,教学时间,雾,22,24,2,0.0,93,43
2026-05-21 21:00:56,2026-05-22,4,羽毛球馆-4号,11:00-12:00,1,1,已售/已满,教学时间,雾,20,21,2,0.0,98,43
2026-05-21 21:30:46,2026-05-22,4,羽毛球馆-4号,11:00-12:00,1,1,已售/已满,教学时间,雾,20,22,1,0.0,99,41
2026-05-21 22:01:02,2026-05-22,4,羽毛球馆-4号,11:00-12:00,1,1,已售/已满,教学时间,雾,19,20,2,0.0,93,41
2026-05-21 22:30:47,2026-05-22,4,羽毛球馆-4号,11:00-12:00,1,1,已售/已满,教学时间,雾,19,19,3,0.0,88,46
2026-05-21 23:00:56,2026-05-22,4,羽毛球馆-4号,11:00-12:00,1,1,已售/已满,教学时间,多云,18,17,3,0.0,85,46
2026-05-21 23:30:55,2026-05-22,4,羽毛球馆-4号,11:00-12:00,1,1,已售/已满,教学时间,多云,18,17,3,0.0,85,48
2026-05-21 08:00:45,2026-05-22,4,羽毛球馆-4号,12:00-12:55,0,1,可预约,￥0.0,晴,17,12,5,0.0,86,29
2026-05-21 08:02:30,2026-05-22,4,羽毛球馆-4号,12:00-12:55,0,1,可预约,￥0.0,多云,17,12,5,0.0,87,29
2026-05-21 08:05:36,2026-05-22,4,羽毛球馆-4号,12:00-12:55,0,1,可预约,￥0.0,多云,17,12,5,0.0,86,29
2026-05-21 08:08:31,2026-05-22,4,羽毛球馆-4号,12:00-12:55,0,1,可预约,￥0.0,多云,17,12,5,0.0,86,29
2026-05-21 08:11:30,2026-05-22,4,羽毛球馆-4号,12:00-12:55,1,1,已售/已满,已售,多云,17,12,5,0.0,86,29
2026-05-21 08:14:31,2026-05-22,4,羽毛球馆-4号,12:00-12:55,1,1,已售/已满,已售,多云,17,12,5,0.0,86,29
2026-05-21 08:17:30,2026-05-22,4,羽毛球馆-4号,12:00-12:55,1,1,已售/已满,已售,多云,17,12,5,0.0,86,29
2026-05-21 08:20:35,2026-05-22,4,羽毛球馆-4号,12:00-12:55,1,1,已售/已满,已售,多云,17,14,4,0.0,85,29
2026-05-21 08:25:32,2026-05-22,4,羽毛球馆-4号,12:00-12:55,1,1,已售/已满,已售,多云,17,14,4,0.0,85,28
2026-05-21 08:30:42,2026-05-22,4,羽毛球馆-4号,12:00-12:55,1,1,已售/已满,已售,多云,18,15,4,0.0,84,28
2026-05-21 08:35:31,2026-05-22,4,羽毛球馆-4号,12:00-12:55,1,1,已售/已满,已售,多云,18,15,4,0.0,84,28
2026-05-21 08:40:38,2026-05-22,4,羽毛球馆-4号,12:00-12:55,1,1,已售/已满,已售,多云,18,15,4,0.0,82,28
2026-05-21 08:45:33,2026-05-22,4,羽毛球馆-4号,12:00-12:55,1,1,已售/已满,已售,多云,18,15,4,0.0,82,28
2026-05-21 08:50:36,2026-05-22,4,羽毛球馆-4号,12:00-12:55,1,1,已售/已满,已售,多云,18,15,4,0.0,82,28
2026-05-21 08:55:34,2026-05-22,4,羽毛球馆-4号,12:00-12:55,1,1,已售/已满,已售,多云,18,15,4,0.0,84,28
2026-05-21 09:00:51,2026-05-22,4,羽毛球馆-4号,12:00-12:55,1,1,已售/已满,已售,多云,18,15,4,0.0,84,28
2026-05-21 09:01:59,2026-05-22,4,羽毛球馆-4号,12:00-12:55,1,1,已售/已满,已售,多云,18,15,4,0.0,83,28
2026-05-21 09:05:33,2026-05-22,4,羽毛球馆-4号,12:00-12:55,1,1,已售/已满,已售,多云,18,15,4,0.0,83,28
2026-05-21 09:20:38,2026-05-22,4,羽毛球馆-4号,12:00-12:55,1,1,已售/已满,已售,多云,18,16,3,0.0,81,28
2026-05-21 09:30:46,2026-05-22,4,羽毛球馆-4号,12:00-12:55,1,1,已售/已满,已售,多云,18,16,3,0.0,81,32
2026-05-21 09:40:36,2026-05-22,4,羽毛球馆-4号,12:00-12:55,1,1,已售/已满,已售,多云,19,17,3,0.0,79,32
2026-05-21 09:50:42,2026-05-22,4,羽毛球馆-4号,12:00-12:55,1,1,已售/已满,已售,多云,19,17,4,0.0,81,32
2026-05-21 10:00:46,2026-05-22,4,羽毛球馆-4号,12:00-12:55,1,1,已售/已满,已售,多云,19,17,4,0.0,79,32
2026-05-21 10:10:40,2026-05-22,4,羽毛球馆-4号,12:00-12:55,1,1,已售/已满,已售,多云,19,17,4,0.0,79,32
2026-05-21 10:20:38,2026-05-22,4,羽毛球馆-4号,12:00-12:55,1,1,已售/已满,已售,多云,19,17,4,0.0,79,32
2026-05-21 10:30:41,2026-05-22,4,羽毛球馆-4号,12:00-12:55,1,1,已售/已满,已售,多云,19,18,3,0.0,78,31
2026-05-21 11:00:44,2026-05-22,4,羽毛球馆-4号,12:00-12:55,1,1,已售/已满,已售,多云,21,17,5,0.0,74,31
2026-05-21 11:30:38,2026-05-22,4,羽毛球馆-4号,12:00-12:55,1,1,已售/已满,已售,多云,21,19,3,0.0,72,33
2026-05-21 12:00:46,2026-05-22,4,羽毛球馆-4号,12:00-12:55,1,1,已售/已满,已售,多云,22,19,4,0.0,70,33
2026-05-21 12:30:42,2026-05-22,4,羽毛球馆-4号,12:00-12:55,1,1,已售/已满,已售,多云,22,21,3,0.0,68,35
2026-05-21 13:00:43,2026-05-22,4,羽毛球馆-4号,12:00-12:55,1,1,已售/已满,已售,多云,24,22,4,0.0,66,35
2026-05-21 13:30:43,2026-05-22,4,羽毛球馆-4号,12:00-12:55,1,1,已售/已满,已售,多云,24,22,4,0.0,66,36
2026-05-21 14:00:48,2026-05-22,4,羽毛球馆-4号,12:00-12:55,1,1,已售/已满,已售,多云,25,23,4,0.0,66,36
2026-05-21 14:30:45,2026-05-22,4,羽毛球馆-4号,12:00-12:55,1,1,已售/已满,已售,晴,25,25,3,0.0,65,39
2026-05-21 15:00:45,2026-05-22,4,羽毛球馆-4号,12:00-12:55,1,1,已售/已满,已售,晴,25,22,4,0.0,56,39
2026-05-21 15:30:43,2026-05-22,4,羽毛球馆-4号,12:00-12:55,1,1,已售/已满,已售,晴,25,23,4,0.0,57,40
2026-05-21 16:00:51,2026-05-22,4,羽毛球馆-4号,12:00-12:55,1,1,已售/已满,已售,晴,25,23,4,0.0,57,40
2026-05-21 16:30:48,2026-05-22,4,羽毛球馆-4号,12:00-12:55,1,1,已售/已满,已售,晴,25,24,3,0.0,60,39
2026-05-21 17:00:49,2026-05-22,4,羽毛球馆-4号,12:00-12:55,1,1,已售/已满,已售,晴,25,24,4,0.0,61,39
2026-05-21 17:30:47,2026-05-22,4,羽毛球馆-4号,12:00-12:55,1,1,已售/已满,已售,多云,24,23,3,0.0,64,39
2026-05-21 18:00:50,2026-05-22,4,羽毛球馆-4号,12:00-12:55,1,1,已售/已满,已售,多云,24,23,3,0.0,68,39
2026-05-21 18:30:50,2026-05-22,4,羽毛球馆-4号,12:00-12:55,1,1,已售/已满,已售,阴,24,25,2,0.0,68,40
2026-05-21 19:00:50,2026-05-22,4,羽毛球馆-4号,12:00-12:55,1,1,已售/已满,已售,阴,23,23,3,0.0,76,40
2026-05-21 19:30:46,2026-05-22,4,羽毛球馆-4号,12:00-12:55,1,1,已售/已满,已售,阴,23,24,2,0.0,77,39
2026-05-21 20:00:49,2026-05-22,4,羽毛球馆-4号,12:00-12:55,1,1,已售/已满,已售,雾,22,23,2,0.0,89,39
2026-05-21 20:30:44,2026-05-22,4,羽毛球馆-4号,12:00-12:55,1,1,已售/已满,已售,雾,22,24,2,0.0,93,43
2026-05-21 21:00:56,2026-05-22,4,羽毛球馆-4号,12:00-12:55,1,1,已售/已满,已售,雾,20,21,2,0.0,98,43
2026-05-21 21:30:46,2026-05-22,4,羽毛球馆-4号,12:00-12:55,1,1,已售/已满,已售,雾,20,22,1,0.0,99,41
2026-05-21 22:01:02,2026-05-22,4,羽毛球馆-4号,12:00-12:55,1,1,已售/已满,已售,雾,19,20,2,0.0,93,41
2026-05-21 22:30:47,2026-05-22,4,羽毛球馆-4号,12:00-12:55,0,1,可预约,￥0.0,雾,19,19,3,0.0,88,46
2026-05-21 23:00:56,2026-05-22,4,羽毛球馆-4号,12:00-12:55,1,1,已售/已满,已售,多云,18,17,3,0.0,85,46
2026-05-21 23:30:55,2026-05-22,4,羽毛球馆-4号,12:00-12:55,1,1,已售/已满,已售,多云,18,17,3,0.0,85,48
2026-05-21 08:00:45,2026-05-22,4,羽毛球馆-4号,12:55-13:50,0,1,可预约,￥0.0,晴,17,12,5,0.0,86,29
2026-05-21 08:02:30,2026-05-22,4,羽毛球馆-4号,12:55-13:50,0,1,可预约,￥0.0,多云,17,12,5,0.0,87,29
2026-05-21 08:05:36,2026-05-22,4,羽毛球馆-4号,12:55-13:50,0,1,可预约,￥0.0,多云,17,12,5,0.0,86,29
2026-05-21 08:08:31,2026-05-22,4,羽毛球馆-4号,12:55-13:50,0,1,可预约,￥0.0,多云,17,12,5,0.0,86,29
2026-05-21 08:11:30,2026-05-22,4,羽毛球馆-4号,12:55-13:50,0,1,可预约,￥0.0,多云,17,12,5,0.0,86,29
2026-05-21 08:14:31,2026-05-22,4,羽毛球馆-4号,12:55-13:50,0,1,可预约,￥0.0,多云,17,12,5,0.0,86,29
2026-05-21 08:17:30,2026-05-22,4,羽毛球馆-4号,12:55-13:50,0,1,可预约,￥0.0,多云,17,12,5,0.0,86,29
2026-05-21 08:20:35,2026-05-22,4,羽毛球馆-4号,12:55-13:50,1,1,已售/已满,已售,多云,17,14,4,0.0,85,29
2026-05-21 08:25:32,2026-05-22,4,羽毛球馆-4号,12:55-13:50,1,1,已售/已满,已售,多云,17,14,4,0.0,85,28
2026-05-21 08:30:42,2026-05-22,4,羽毛球馆-4号,12:55-13:50,1,1,已售/已满,已售,多云,18,15,4,0.0,84,28
2026-05-21 08:35:31,2026-05-22,4,羽毛球馆-4号,12:55-13:50,1,1,已售/已满,已售,多云,18,15,4,0.0,84,28
2026-05-21 08:40:38,2026-05-22,4,羽毛球馆-4号,12:55-13:50,1,1,已售/已满,已售,多云,18,15,4,0.0,82,28
2026-05-21 08:45:33,2026-05-22,4,羽毛球馆-4号,12:55-13:50,1,1,已售/已满,已售,多云,18,15,4,0.0,82,28
2026-05-21 08:50:36,2026-05-22,4,羽毛球馆-4号,12:55-13:50,1,1,已售/已满,已售,多云,18,15,4,0.0,82,28
2026-05-21 08:55:34,2026-05-22,4,羽毛球馆-4号,12:55-13:50,1,1,已售/已满,已售,多云,18,15,4,0.0,84,28
2026-05-21 09:00:51,2026-05-22,4,羽毛球馆-4号,12:55-13:50,1,1,已售/已满,已售,多云,18,15,4,0.0,84,28
2026-05-21 09:01:59,2026-05-22,4,羽毛球馆-4号,12:55-13:50,1,1,已售/已满,已售,多云,18,15,4,0.0,83,28
2026-05-21 09:05:33,2026-05-22,4,羽毛球馆-4号,12:55-13:50,1,1,已售/已满,已售,多云,18,15,4,0.0,83,28
2026-05-21 09:20:38,2026-05-22,4,羽毛球馆-4号,12:55-13:50,1,1,已售/已满,已售,多云,18,16,3,0.0,81,28
2026-05-21 09:30:46,2026-05-22,4,羽毛球馆-4号,12:55-13:50,1,1,已售/已满,已售,多云,18,16,3,0.0,81,32
2026-05-21 09:40:36,2026-05-22,4,羽毛球馆-4号,12:55-13:50,1,1,已售/已满,已售,多云,19,17,3,0.0,79,32
2026-05-21 09:50:42,2026-05-22,4,羽毛球馆-4号,12:55-13:50,1,1,已售/已满,已售,多云,19,17,4,0.0,81,32
2026-05-21 10:00:46,2026-05-22,4,羽毛球馆-4号,12:55-13:50,1,1,已售/已满,已售,多云,19,17,4,0.0,79,32
2026-05-21 10:10:40,2026-05-22,4,羽毛球馆-4号,12:55-13:50,1,1,已售/已满,已售,多云,19,17,4,0.0,79,32
2026-05-21 10:20:38,2026-05-22,4,羽毛球馆-4号,12:55-13:50,1,1,已售/已满,已售,多云,19,17,4,0.0,79,32
2026-05-21 10:30:41,2026-05-22,4,羽毛球馆-4号,12:55-13:50,1,1,已售/已满,已售,多云,19,18,3,0.0,78,31
2026-05-21 11:00:44,2026-05-22,4,羽毛球馆-4号,12:55-13:50,1,1,已售/已满,已售,多云,21,17,5,0.0,74,31
2026-05-21 11:30:38,2026-05-22,4,羽毛球馆-4号,12:55-13:50,1,1,已售/已满,已售,多云,21,19,3,0.0,72,33
2026-05-21 12:00:46,2026-05-22,4,羽毛球馆-4号,12:55-13:50,1,1,已售/已满,已售,多云,22,19,4,0.0,70,33
2026-05-21 12:30:42,2026-05-22,4,羽毛球馆-4号,12:55-13:50,1,1,已售/已满,已售,多云,22,21,3,0.0,68,35
2026-05-21 13:00:43,2026-05-22,4,羽毛球馆-4号,12:55-13:50,1,1,已售/已满,已售,多云,24,22,4,0.0,66,35
2026-05-21 13:30:43,2026-05-22,4,羽毛球馆-4号,12:55-13:50,1,1,已售/已满,已售,多云,24,22,4,0.0,66,36
2026-05-21 14:00:48,2026-05-22,4,羽毛球馆-4号,12:55-13:50,1,1,已售/已满,已售,多云,25,23,4,0.0,66,36
2026-05-21 14:30:45,2026-05-22,4,羽毛球馆-4号,12:55-13:50,1,1,已售/已满,已售,晴,25,25,3,0.0,65,39
2026-05-21 15:00:45,2026-05-22,4,羽毛球馆-4号,12:55-13:50,1,1,已售/已满,已售,晴,25,22,4,0.0,56,39
2026-05-21 15:30:43,2026-05-22,4,羽毛球馆-4号,12:55-13:50,1,1,已售/已满,已售,晴,25,23,4,0.0,57,40
2026-05-21 16:00:51,2026-05-22,4,羽毛球馆-4号,12:55-13:50,1,1,已售/已满,已售,晴,25,23,4,0.0,57,40
2026-05-21 16:30:48,2026-05-22,4,羽毛球馆-4号,12:55-13:50,1,1,已售/已满,已售,晴,25,24,3,0.0,60,39
2026-05-21 17:00:49,2026-05-22,4,羽毛球馆-4号,12:55-13:50,1,1,已售/已满,已售,晴,25,24,4,0.0,61,39
2026-05-21 17:30:47,2026-05-22,4,羽毛球馆-4号,12:55-13:50,1,1,已售/已满,已售,多云,24,23,3,0.0,64,39
2026-05-21 18:00:50,2026-05-22,4,羽毛球馆-4号,12:55-13:50,1,1,已售/已满,已售,多云,24,23,3,0.0,68,39
2026-05-21 18:30:50,2026-05-22,4,羽毛球馆-4号,12:55-13:50,1,1,已售/已满,已售,阴,24,25,2,0.0,68,40
2026-05-21 19:00:50,2026-05-22,4,羽毛球馆-4号,12:55-13:50,1,1,已售/已满,已售,阴,23,23,3,0.0,76,40
2026-05-21 19:30:46,2026-05-22,4,羽毛球馆-4号,12:55-13:50,1,1,已售/已满,已售,阴,23,24,2,0.0,77,39
2026-05-21 20:00:49,2026-05-22,4,羽毛球馆-4号,12:55-13:50,1,1,已售/已满,已售,雾,22,23,2,0.0,89,39
2026-05-21 20:30:44,2026-05-22,4,羽毛球馆-4号,12:55-13:50,1,1,已售/已满,已售,雾,22,24,2,0.0,93,43
2026-05-21 21:00:56,2026-05-22,4,羽毛球馆-4号,12:55-13:50,1,1,已售/已满,已售,雾,20,21,2,0.0,98,43
2026-05-21 21:30:46,2026-05-22,4,羽毛球馆-4号,12:55-13:50,1,1,已售/已满,已售,雾,20,22,1,0.0,99,41
2026-05-21 22:01:02,2026-05-22,4,羽毛球馆-4号,12:55-13:50,1,1,已售/已满,已售,雾,19,20,2,0.0,93,41
2026-05-21 22:30:47,2026-05-22,4,羽毛球馆-4号,12:55-13:50,0,1,可预约,￥0.0,雾,19,19,3,0.0,88,46
2026-05-21 23:00:56,2026-05-22,4,羽毛球馆-4号,12:55-13:50,1,1,已售/已满,已售,多云,18,17,3,0.0,85,46
2026-05-21 23:30:55,2026-05-22,4,羽毛球馆-4号,12:55-13:50,1,1,已售/已满,已售,多云,18,17,3,0.0,85,48
2026-05-21 08:00:45,2026-05-22,4,羽毛球馆-4号,14:00-15:00,1,1,已售/已满,教学时间,晴,17,12,5,0.0,86,29
2026-05-21 08:02:30,2026-05-22,4,羽毛球馆-4号,14:00-15:00,1,1,已售/已满,教学时间,多云,17,12,5,0.0,87,29
2026-05-21 08:05:36,2026-05-22,4,羽毛球馆-4号,14:00-15:00,1,1,已售/已满,教学时间,多云,17,12,5,0.0,86,29
2026-05-21 08:08:31,2026-05-22,4,羽毛球馆-4号,14:00-15:00,1,1,已售/已满,教学时间,多云,17,12,5,0.0,86,29
2026-05-21 08:11:30,2026-05-22,4,羽毛球馆-4号,14:00-15:00,1,1,已售/已满,教学时间,多云,17,12,5,0.0,86,29
2026-05-21 08:14:31,2026-05-22,4,羽毛球馆-4号,14:00-15:00,1,1,已售/已满,教学时间,多云,17,12,5,0.0,86,29
2026-05-21 08:17:30,2026-05-22,4,羽毛球馆-4号,14:00-15:00,1,1,已售/已满,教学时间,多云,17,12,5,0.0,86,29
2026-05-21 08:20:35,2026-05-22,4,羽毛球馆-4号,14:00-15:00,1,1,已售/已满,教学时间,多云,17,14,4,0.0,85,29
2026-05-21 08:25:32,2026-05-22,4,羽毛球馆-4号,14:00-15:00,1,1,已售/已满,教学时间,多云,17,14,4,0.0,85,28
2026-05-21 08:30:42,2026-05-22,4,羽毛球馆-4号,14:00-15:00,1,1,已售/已满,教学时间,多云,18,15,4,0.0,84,28
2026-05-21 08:35:31,2026-05-22,4,羽毛球馆-4号,14:00-15:00,1,1,已售/已满,教学时间,多云,18,15,4,0.0,84,28
2026-05-21 08:40:38,2026-05-22,4,羽毛球馆-4号,14:00-15:00,1,1,已售/已满,教学时间,多云,18,15,4,0.0,82,28
2026-05-21 08:45:33,2026-05-22,4,羽毛球馆-4号,14:00-15:00,1,1,已售/已满,教学时间,多云,18,15,4,0.0,82,28
2026-05-21 08:50:36,2026-05-22,4,羽毛球馆-4号,14:00-15:00,1,1,已售/已满,教学时间,多云,18,15,4,0.0,82,28
2026-05-21 08:55:34,2026-05-22,4,羽毛球馆-4号,14:00-15:00,1,1,已售/已满,教学时间,多云,18,15,4,0.0,84,28
2026-05-21 09:00:51,2026-05-22,4,羽毛球馆-4号,14:00-15:00,1,1,已售/已满,教学时间,多云,18,15,4,0.0,84,28
2026-05-21 09:01:59,2026-05-22,4,羽毛球馆-4号,14:00-15:00,1,1,已售/已满,教学时间,多云,18,15,4,0.0,83,28
2026-05-21 09:05:33,2026-05-22,4,羽毛球馆-4号,14:00-15:00,1,1,已售/已满,教学时间,多云,18,15,4,0.0,83,28
2026-05-21 09:20:38,2026-05-22,4,羽毛球馆-4号,14:00-15:00,1,1,已售/已满,教学时间,多云,18,16,3,0.0,81,28
2026-05-21 09:30:46,2026-05-22,4,羽毛球馆-4号,14:00-15:00,1,1,已售/已满,教学时间,多云,18,16,3,0.0,81,32
2026-05-21 09:40:36,2026-05-22,4,羽毛球馆-4号,14:00-15:00,1,1,已售/已满,教学时间,多云,19,17,3,0.0,79,32
2026-05-21 09:50:42,2026-05-22,4,羽毛球馆-4号,14:00-15:00,1,1,已售/已满,教学时间,多云,19,17,4,0.0,81,32
2026-05-21 10:00:46,2026-05-22,4,羽毛球馆-4号,14:00-15:00,1,1,已售/已满,教学时间,多云,19,17,4,0.0,79,32
2026-05-21 10:10:40,2026-05-22,4,羽毛球馆-4号,14:00-15:00,1,1,已售/已满,教学时间,多云,19,17,4,0.0,79,32
2026-05-21 10:20:38,2026-05-22,4,羽毛球馆-4号,14:00-15:00,1,1,已售/已满,教学时间,多云,19,17,4,0.0,79,32
2026-05-21 10:30:41,2026-05-22,4,羽毛球馆-4号,14:00-15:00,1,1,已售/已满,教学时间,多云,19,18,3,0.0,78,31
2026-05-21 11:00:44,2026-05-22,4,羽毛球馆-4号,14:00-15:00,1,1,已售/已满,教学时间,多云,21,17,5,0.0,74,31
2026-05-21 11:30:38,2026-05-22,4,羽毛球馆-4号,14:00-15:00,1,1,已售/已满,教学时间,多云,21,19,3,0.0,72,33
2026-05-21 12:00:46,2026-05-22,4,羽毛球馆-4号,14:00-15:00,1,1,已售/已满,教学时间,多云,22,19,4,0.0,70,33
2026-05-21 12:30:42,2026-05-22,4,羽毛球馆-4号,14:00-15:00,1,1,已售/已满,教学时间,多云,22,21,3,0.0,68,35
2026-05-21 13:00:43,2026-05-22,4,羽毛球馆-4号,14:00-15:00,1,1,已售/已满,教学时间,多云,24,22,4,0.0,66,35
2026-05-21 13:30:43,2026-05-22,4,羽毛球馆-4号,14:00-15:00,1,1,已售/已满,教学时间,多云,24,22,4,0.0,66,36
2026-05-21 14:00:48,2026-05-22,4,羽毛球馆-4号,14:00-15:00,1,1,已售/已满,教学时间,多云,25,23,4,0.0,66,36
2026-05-21 14:30:45,2026-05-22,4,羽毛球馆-4号,14:00-15:00,1,1,已售/已满,教学时间,晴,25,25,3,0.0,65,39
2026-05-21 15:00:45,2026-05-22,4,羽毛球馆-4号,14:00-15:00,1,1,已售/已满,教学时间,晴,25,22,4,0.0,56,39
2026-05-21 15:30:43,2026-05-22,4,羽毛球馆-4号,14:00-15:00,1,1,已售/已满,教学时间,晴,25,23,4,0.0,57,40
2026-05-21 16:00:51,2026-05-22,4,羽毛球馆-4号,14:00-15:00,1,1,已售/已满,教学时间,晴,25,23,4,0.0,57,40
2026-05-21 16:30:48,2026-05-22,4,羽毛球馆-4号,14:00-15:00,1,1,已售/已满,教学时间,晴,25,24,3,0.0,60,39
2026-05-21 17:00:49,2026-05-22,4,羽毛球馆-4号,14:00-15:00,1,1,已售/已满,教学时间,晴,25,24,4,0.0,61,39
2026-05-21 17:30:47,2026-05-22,4,羽毛球馆-4号,14:00-15:00,1,1,已售/已满,教学时间,多云,24,23,3,0.0,64,39
2026-05-21 18:00:50,2026-05-22,4,羽毛球馆-4号,14:00-15:00,1,1,已售/已满,教学时间,多云,24,23,3,0.0,68,39
2026-05-21 18:30:50,2026-05-22,4,羽毛球馆-4号,14:00-15:00,1,1,已售/已满,教学时间,阴,24,25,2,0.0,68,40
2026-05-21 19:00:50,2026-05-22,4,羽毛球馆-4号,14:00-15:00,1,1,已售/已满,教学时间,阴,23,23,3,0.0,76,40
2026-05-21 19:30:46,2026-05-22,4,羽毛球馆-4号,14:00-15:00,1,1,已售/已满,教学时间,阴,23,24,2,0.0,77,39
2026-05-21 20:00:49,2026-05-22,4,羽毛球馆-4号,14:00-15:00,1,1,已售/已满,教学时间,雾,22,23,2,0.0,89,39
2026-05-21 20:30:44,2026-05-22,4,羽毛球馆-4号,14:00-15:00,1,1,已售/已满,教学时间,雾,22,24,2,0.0,93,43
2026-05-21 21:00:56,2026-05-22,4,羽毛球馆-4号,14:00-15:00,1,1,已售/已满,教学时间,雾,20,21,2,0.0,98,43
2026-05-21 21:30:46,2026-05-22,4,羽毛球馆-4号,14:00-15:00,1,1,已售/已满,教学时间,雾,20,22,1,0.0,99,41
2026-05-21 22:01:02,2026-05-22,4,羽毛球馆-4号,14:00-15:00,1,1,已售/已满,教学时间,雾,19,20,2,0.0,93,41
2026-05-21 22:30:47,2026-05-22,4,羽毛球馆-4号,14:00-15:00,1,1,已售/已满,教学时间,雾,19,19,3,0.0,88,46
2026-05-21 23:00:56,2026-05-22,4,羽毛球馆-4号,14:00-15:00,1,1,已售/已满,教学时间,多云,18,17,3,0.0,85,46
2026-05-21 23:30:55,2026-05-22,4,羽毛球馆-4号,14:00-15:00,1,1,已售/已满,教学时间,多云,18,17,3,0.0,85,48
2026-05-21 08:00:45,2026-05-22,4,羽毛球馆-4号,15:00-16:00,1,1,已售/已满,教学时间,晴,17,12,5,0.0,86,29
2026-05-21 08:02:30,2026-05-22,4,羽毛球馆-4号,15:00-16:00,1,1,已售/已满,教学时间,多云,17,12,5,0.0,87,29
2026-05-21 08:05:36,2026-05-22,4,羽毛球馆-4号,15:00-16:00,1,1,已售/已满,教学时间,多云,17,12,5,0.0,86,29
2026-05-21 08:08:31,2026-05-22,4,羽毛球馆-4号,15:00-16:00,1,1,已售/已满,教学时间,多云,17,12,5,0.0,86,29
2026-05-21 08:11:30,2026-05-22,4,羽毛球馆-4号,15:00-16:00,1,1,已售/已满,教学时间,多云,17,12,5,0.0,86,29
2026-05-21 08:14:31,2026-05-22,4,羽毛球馆-4号,15:00-16:00,1,1,已售/已满,教学时间,多云,17,12,5,0.0,86,29
2026-05-21 08:17:30,2026-05-22,4,羽毛球馆-4号,15:00-16:00,1,1,已售/已满,教学时间,多云,17,12,5,0.0,86,29
2026-05-21 08:20:35,2026-05-22,4,羽毛球馆-4号,15:00-16:00,1,1,已售/已满,教学时间,多云,17,14,4,0.0,85,29
2026-05-21 08:25:32,2026-05-22,4,羽毛球馆-4号,15:00-16:00,1,1,已售/已满,教学时间,多云,17,14,4,0.0,85,28
2026-05-21 08:30:42,2026-05-22,4,羽毛球馆-4号,15:00-16:00,1,1,已售/已满,教学时间,多云,18,15,4,0.0,84,28
2026-05-21 08:35:31,2026-05-22,4,羽毛球馆-4号,15:00-16:00,1,1,已售/已满,教学时间,多云,18,15,4,0.0,84,28
2026-05-21 08:40:38,2026-05-22,4,羽毛球馆-4号,15:00-16:00,1,1,已售/已满,教学时间,多云,18,15,4,0.0,82,28
2026-05-21 08:45:33,2026-05-22,4,羽毛球馆-4号,15:00-16:00,1,1,已售/已满,教学时间,多云,18,15,4,0.0,82,28
2026-05-21 08:50:36,2026-05-22,4,羽毛球馆-4号,15:00-16:00,1,1,已售/已满,教学时间,多云,18,15,4,0.0,82,28
2026-05-21 08:55:34,2026-05-22,4,羽毛球馆-4号,15:00-16:00,1,1,已售/已满,教学时间,多云,18,15,4,0.0,84,28
2026-05-21 09:00:51,2026-05-22,4,羽毛球馆-4号,15:00-16:00,1,1,已售/已满,教学时间,多云,18,15,4,0.0,84,28
2026-05-21 09:01:59,2026-05-22,4,羽毛球馆-4号,15:00-16:00,1,1,已售/已满,教学时间,多云,18,15,4,0.0,83,28
2026-05-21 09:05:33,2026-05-22,4,羽毛球馆-4号,15:00-16:00,1,1,已售/已满,教学时间,多云,18,15,4,0.0,83,28
2026-05-21 09:20:38,2026-05-22,4,羽毛球馆-4号,15:00-16:00,1,1,已售/已满,教学时间,多云,18,16,3,0.0,81,28
2026-05-21 09:30:46,2026-05-22,4,羽毛球馆-4号,15:00-16:00,1,1,已售/已满,教学时间,多云,18,16,3,0.0,81,32
2026-05-21 09:40:36,2026-05-22,4,羽毛球馆-4号,15:00-16:00,1,1,已售/已满,教学时间,多云,19,17,3,0.0,79,32
2026-05-21 09:50:42,2026-05-22,4,羽毛球馆-4号,15:00-16:00,1,1,已售/已满,教学时间,多云,19,17,4,0.0,81,32
2026-05-21 10:00:46,2026-05-22,4,羽毛球馆-4号,15:00-16:00,1,1,已售/已满,教学时间,多云,19,17,4,0.0,79,32
2026-05-21 10:10:40,2026-05-22,4,羽毛球馆-4号,15:00-16:00,1,1,已售/已满,教学时间,多云,19,17,4,0.0,79,32
2026-05-21 10:20:38,2026-05-22,4,羽毛球馆-4号,15:00-16:00,1,1,已售/已满,教学时间,多云,19,17,4,0.0,79,32
2026-05-21 10:30:41,2026-05-22,4,羽毛球馆-4号,15:00-16:00,1,1,已售/已满,教学时间,多云,19,18,3,0.0,78,31
2026-05-21 11:00:44,2026-05-22,4,羽毛球馆-4号,15:00-16:00,1,1,已售/已满,教学时间,多云,21,17,5,0.0,74,31
2026-05-21 11:30:38,2026-05-22,4,羽毛球馆-4号,15:00-16:00,1,1,已售/已满,教学时间,多云,21,19,3,0.0,72,33
2026-05-21 12:00:46,2026-05-22,4,羽毛球馆-4号,15:00-16:00,1,1,已售/已满,教学时间,多云,22,19,4,0.0,70,33
2026-05-21 12:30:42,2026-05-22,4,羽毛球馆-4号,15:00-16:00,1,1,已售/已满,教学时间,多云,22,21,3,0.0,68,35
2026-05-21 13:00:43,2026-05-22,4,羽毛球馆-4号,15:00-16:00,1,1,已售/已满,教学时间,多云,24,22,4,0.0,66,35
2026-05-21 13:30:43,2026-05-22,4,羽毛球馆-4号,15:00-16:00,1,1,已售/已满,教学时间,多云,24,22,4,0.0,66,36
2026-05-21 14:00:48,2026-05-22,4,羽毛球馆-4号,15:00-16:00,1,1,已售/已满,教学时间,多云,25,23,4,0.0,66,36
2026-05-21 14:30:45,2026-05-22,4,羽毛球馆-4号,15:00-16:00,1,1,已售/已满,教学时间,晴,25,25,3,0.0,65,39
2026-05-21 15:00:45,2026-05-22,4,羽毛球馆-4号,15:00-16:00,1,1,已售/已满,教学时间,晴,25,22,4,0.0,56,39
2026-05-21 15:30:43,2026-05-22,4,羽毛球馆-4号,15:00-16:00,1,1,已售/已满,教学时间,晴,25,23,4,0.0,57,40
2026-05-21 16:00:51,2026-05-22,4,羽毛球馆-4号,15:00-16:00,1,1,已售/已满,教学时间,晴,25,23,4,0.0,57,40
2026-05-21 16:30:48,2026-05-22,4,羽毛球馆-4号,15:00-16:00,1,1,已售/已满,教学时间,晴,25,24,3,0.0,60,39
2026-05-21 17:00:49,2026-05-22,4,羽毛球馆-4号,15:00-16:00,1,1,已售/已满,教学时间,晴,25,24,4,0.0,61,39
2026-05-21 17:30:47,2026-05-22,4,羽毛球馆-4号,15:00-16:00,1,1,已售/已满,教学时间,多云,24,23,3,0.0,64,39
2026-05-21 18:00:50,2026-05-22,4,羽毛球馆-4号,15:00-16:00,1,1,已售/已满,教学时间,多云,24,23,3,0.0,68,39
2026-05-21 18:30:50,2026-05-22,4,羽毛球馆-4号,15:00-16:00,1,1,已售/已满,教学时间,阴,24,25,2,0.0,68,40
2026-05-21 19:00:50,2026-05-22,4,羽毛球馆-4号,15:00-16:00,1,1,已售/已满,教学时间,阴,23,23,3,0.0,76,40
2026-05-21 19:30:46,2026-05-22,4,羽毛球馆-4号,15:00-16:00,1,1,已售/已满,教学时间,阴,23,24,2,0.0,77,39
2026-05-21 20:00:49,2026-05-22,4,羽毛球馆-4号,15:00-16:00,1,1,已售/已满,教学时间,雾,22,23,2,0.0,89,39
2026-05-21 20:30:44,2026-05-22,4,羽毛球馆-4号,15:00-16:00,1,1,已售/已满,教学时间,雾,22,24,2,0.0,93,43
2026-05-21 21:00:56,2026-05-22,4,羽毛球馆-4号,15:00-16:00,1,1,已售/已满,教学时间,雾,20,21,2,0.0,98,43
2026-05-21 21:30:46,2026-05-22,4,羽毛球馆-4号,15:00-16:00,1,1,已售/已满,教学时间,雾,20,22,1,0.0,99,41
2026-05-21 22:01:02,2026-05-22,4,羽毛球馆-4号,15:00-16:00,1,1,已售/已满,教学时间,雾,19,20,2,0.0,93,41
2026-05-21 22:30:47,2026-05-22,4,羽毛球馆-4号,15:00-16:00,1,1,已售/已满,教学时间,雾,19,19,3,0.0,88,46
2026-05-21 23:00:56,2026-05-22,4,羽毛球馆-4号,15:00-16:00,1,1,已售/已满,教学时间,多云,18,17,3,0.0,85,46
2026-05-21 23:30:55,2026-05-22,4,羽毛球馆-4号,15:00-16:00,1,1,已售/已满,教学时间,多云,18,17,3,0.0,85,48
2026-05-21 08:00:45,2026-05-22,4,羽毛球馆-4号,16:00-17:00,0,1,可预约,￥12.0,晴,17,12,5,0.0,86,29
2026-05-21 08:02:30,2026-05-22,4,羽毛球馆-4号,16:00-17:00,0,1,可预约,￥12.0,多云,17,12,5,0.0,87,29
2026-05-21 08:05:36,2026-05-22,4,羽毛球馆-4号,16:00-17:00,0,1,可预约,￥12.0,多云,17,12,5,0.0,86,29
2026-05-21 08:08:31,2026-05-22,4,羽毛球馆-4号,16:00-17:00,0,1,可预约,￥12.0,多云,17,12,5,0.0,86,29
2026-05-21 08:11:30,2026-05-22,4,羽毛球馆-4号,16:00-17:00,0,1,可预约,￥12.0,多云,17,12,5,0.0,86,29
2026-05-21 08:14:31,2026-05-22,4,羽毛球馆-4号,16:00-17:00,0,1,可预约,￥12.0,多云,17,12,5,0.0,86,29
2026-05-21 08:17:30,2026-05-22,4,羽毛球馆-4号,16:00-17:00,0,1,可预约,￥12.0,多云,17,12,5,0.0,86,29
2026-05-21 08:20:35,2026-05-22,4,羽毛球馆-4号,16:00-17:00,0,1,可预约,￥12.0,多云,17,14,4,0.0,85,29
2026-05-21 08:25:32,2026-05-22,4,羽毛球馆-4号,16:00-17:00,0,1,可预约,￥12.0,多云,17,14,4,0.0,85,28
2026-05-21 08:30:42,2026-05-22,4,羽毛球馆-4号,16:00-17:00,0,1,可预约,￥12.0,多云,18,15,4,0.0,84,28
2026-05-21 08:35:31,2026-05-22,4,羽毛球馆-4号,16:00-17:00,0,1,可预约,￥12.0,多云,18,15,4,0.0,84,28
2026-05-21 08:40:38,2026-05-22,4,羽毛球馆-4号,16:00-17:00,0,1,可预约,￥12.0,多云,18,15,4,0.0,82,28
2026-05-21 08:45:33,2026-05-22,4,羽毛球馆-4号,16:00-17:00,0,1,可预约,￥12.0,多云,18,15,4,0.0,82,28
2026-05-21 08:50:36,2026-05-22,4,羽毛球馆-4号,16:00-17:00,0,1,可预约,￥12.0,多云,18,15,4,0.0,82,28
2026-05-21 08:55:34,2026-05-22,4,羽毛球馆-4号,16:00-17:00,0,1,可预约,￥12.0,多云,18,15,4,0.0,84,28
2026-05-21 09:00:51,2026-05-22,4,羽毛球馆-4号,16:00-17:00,0,1,可预约,￥12.0,多云,18,15,4,0.0,84,28
2026-05-21 09:01:59,2026-05-22,4,羽毛球馆-4号,16:00-17:00,0,1,可预约,￥12.0,多云,18,15,4,0.0,83,28
2026-05-21 09:05:33,2026-05-22,4,羽毛球馆-4号,16:00-17:00,0,1,可预约,￥12.0,多云,18,15,4,0.0,83,28
2026-05-21 09:20:38,2026-05-22,4,羽毛球馆-4号,16:00-17:00,0,1,可预约,￥12.0,多云,18,16,3,0.0,81,28
2026-05-21 09:30:46,2026-05-22,4,羽毛球馆-4号,16:00-17:00,0,1,可预约,￥12.0,多云,18,16,3,0.0,81,32
2026-05-21 09:40:36,2026-05-22,4,羽毛球馆-4号,16:00-17:00,0,1,可预约,￥12.0,多云,19,17,3,0.0,79,32
2026-05-21 09:50:42,2026-05-22,4,羽毛球馆-4号,16:00-17:00,0,1,可预约,￥12.0,多云,19,17,4,0.0,81,32
2026-05-21 10:00:46,2026-05-22,4,羽毛球馆-4号,16:00-17:00,0,1,可预约,￥12.0,多云,19,17,4,0.0,79,32
2026-05-21 10:10:40,2026-05-22,4,羽毛球馆-4号,16:00-17:00,0,1,可预约,￥12.0,多云,19,17,4,0.0,79,32
2026-05-21 10:20:38,2026-05-22,4,羽毛球馆-4号,16:00-17:00,0,1,可预约,￥12.0,多云,19,17,4,0.0,79,32
2026-05-21 10:30:41,2026-05-22,4,羽毛球馆-4号,16:00-17:00,0,1,可预约,￥12.0,多云,19,18,3,0.0,78,31
2026-05-21 11:00:44,2026-05-22,4,羽毛球馆-4号,16:00-17:00,0,1,可预约,￥12.0,多云,21,17,5,0.0,74,31
2026-05-21 11:30:38,2026-05-22,4,羽毛球馆-4号,16:00-17:00,0,1,可预约,￥12.0,多云,21,19,3,0.0,72,33
2026-05-21 12:00:46,2026-05-22,4,羽毛球馆-4号,16:00-17:00,0,1,可预约,￥12.0,多云,22,19,4,0.0,70,33
2026-05-21 12:30:42,2026-05-22,4,羽毛球馆-4号,16:00-17:00,0,1,可预约,￥12.0,多云,22,21,3,0.0,68,35
2026-05-21 13:00:43,2026-05-22,4,羽毛球馆-4号,16:00-17:00,0,1,可预约,￥12.0,多云,24,22,4,0.0,66,35
2026-05-21 13:30:43,2026-05-22,4,羽毛球馆-4号,16:00-17:00,0,1,可预约,￥12.0,多云,24,22,4,0.0,66,36
2026-05-21 14:00:48,2026-05-22,4,羽毛球馆-4号,16:00-17:00,0,1,可预约,￥12.0,多云,25,23,4,0.0,66,36
2026-05-21 14:30:45,2026-05-22,4,羽毛球馆-4号,16:00-17:00,0,1,可预约,￥12.0,晴,25,25,3,0.0,65,39
2026-05-21 15:00:45,2026-05-22,4,羽毛球馆-4号,16:00-17:00,0,1,可预约,￥12.0,晴,25,22,4,0.0,56,39
2026-05-21 15:30:43,2026-05-22,4,羽毛球馆-4号,16:00-17:00,0,1,可预约,￥12.0,晴,25,23,4,0.0,57,40
2026-05-21 16:00:51,2026-05-22,4,羽毛球馆-4号,16:00-17:00,0,1,可预约,￥12.0,晴,25,23,4,0.0,57,40
2026-05-21 16:30:48,2026-05-22,4,羽毛球馆-4号,16:00-17:00,0,1,可预约,￥12.0,晴,25,24,3,0.0,60,39
2026-05-21 17:00:49,2026-05-22,4,羽毛球馆-4号,16:00-17:00,0,1,可预约,￥12.0,晴,25,24,4,0.0,61,39
2026-05-21 17:30:47,2026-05-22,4,羽毛球馆-4号,16:00-17:00,1,1,已售/已满,已售,多云,24,23,3,0.0,64,39
2026-05-21 18:00:50,2026-05-22,4,羽毛球馆-4号,16:00-17:00,1,1,已售/已满,已售,多云,24,23,3,0.0,68,39
2026-05-21 18:30:50,2026-05-22,4,羽毛球馆-4号,16:00-17:00,1,1,已售/已满,已售,阴,24,25,2,0.0,68,40
2026-05-21 19:00:50,2026-05-22,4,羽毛球馆-4号,16:00-17:00,1,1,已售/已满,已售,阴,23,23,3,0.0,76,40
2026-05-21 19:30:46,2026-05-22,4,羽毛球馆-4号,16:00-17:00,1,1,已售/已满,已售,阴,23,24,2,0.0,77,39
2026-05-21 20:00:49,2026-05-22,4,羽毛球馆-4号,16:00-17:00,1,1,已售/已满,已售,雾,22,23,2,0.0,89,39
2026-05-21 20:30:44,2026-05-22,4,羽毛球馆-4号,16:00-17:00,1,1,已售/已满,已售,雾,22,24,2,0.0,93,43
2026-05-21 21:00:56,2026-05-22,4,羽毛球馆-4号,16:00-17:00,1,1,已售/已满,已售,雾,20,21,2,0.0,98,43
2026-05-21 21:30:46,2026-05-22,4,羽毛球馆-4号,16:00-17:00,1,1,已售/已满,已售,雾,20,22,1,0.0,99,41
2026-05-21 22:01:02,2026-05-22,4,羽毛球馆-4号,16:00-17:00,1,1,已售/已满,已售,雾,19,20,2,0.0,93,41
2026-05-21 22:30:47,2026-05-22,4,羽毛球馆-4号,16:00-17:00,1,1,已售/已满,已售,雾,19,19,3,0.0,88,46
2026-05-21 23:00:56,2026-05-22,4,羽毛球馆-4号,16:00-17:00,1,1,已售/已满,已售,多云,18,17,3,0.0,85,46
2026-05-21 23:30:55,2026-05-22,4,羽毛球馆-4号,16:00-17:00,1,1,已售/已满,已售,多云,18,17,3,0.0,85,48
2026-05-21 08:00:45,2026-05-22,4,羽毛球馆-4号,17:00-18:00,0,1,可预约,￥12.0,晴,17,12,5,0.0,86,29
2026-05-21 08:02:30,2026-05-22,4,羽毛球馆-4号,17:00-18:00,0,1,可预约,￥12.0,多云,17,12,5,0.0,87,29
2026-05-21 08:05:36,2026-05-22,4,羽毛球馆-4号,17:00-18:00,0,1,可预约,￥12.0,多云,17,12,5,0.0,86,29
2026-05-21 08:08:31,2026-05-22,4,羽毛球馆-4号,17:00-18:00,0,1,可预约,￥12.0,多云,17,12,5,0.0,86,29
2026-05-21 08:11:30,2026-05-22,4,羽毛球馆-4号,17:00-18:00,0,1,可预约,￥12.0,多云,17,12,5,0.0,86,29
2026-05-21 08:14:31,2026-05-22,4,羽毛球馆-4号,17:00-18:00,0,1,可预约,￥12.0,多云,17,12,5,0.0,86,29
2026-05-21 08:17:30,2026-05-22,4,羽毛球馆-4号,17:00-18:00,0,1,可预约,￥12.0,多云,17,12,5,0.0,86,29
2026-05-21 08:20:35,2026-05-22,4,羽毛球馆-4号,17:00-18:00,0,1,可预约,￥12.0,多云,17,14,4,0.0,85,29
2026-05-21 08:25:32,2026-05-22,4,羽毛球馆-4号,17:00-18:00,0,1,可预约,￥12.0,多云,17,14,4,0.0,85,28
2026-05-21 08:30:42,2026-05-22,4,羽毛球馆-4号,17:00-18:00,0,1,可预约,￥12.0,多云,18,15,4,0.0,84,28
2026-05-21 08:35:31,2026-05-22,4,羽毛球馆-4号,17:00-18:00,0,1,可预约,￥12.0,多云,18,15,4,0.0,84,28
2026-05-21 08:40:38,2026-05-22,4,羽毛球馆-4号,17:00-18:00,0,1,可预约,￥12.0,多云,18,15,4,0.0,82,28
2026-05-21 08:45:33,2026-05-22,4,羽毛球馆-4号,17:00-18:00,0,1,可预约,￥12.0,多云,18,15,4,0.0,82,28
2026-05-21 08:50:36,2026-05-22,4,羽毛球馆-4号,17:00-18:00,0,1,可预约,￥12.0,多云,18,15,4,0.0,82,28
2026-05-21 08:55:34,2026-05-22,4,羽毛球馆-4号,17:00-18:00,0,1,可预约,￥12.0,多云,18,15,4,0.0,84,28
2026-05-21 09:00:51,2026-05-22,4,羽毛球馆-4号,17:00-18:00,0,1,可预约,￥12.0,多云,18,15,4,0.0,84,28
2026-05-21 09:01:59,2026-05-22,4,羽毛球馆-4号,17:00-18:00,0,1,可预约,￥12.0,多云,18,15,4,0.0,83,28
2026-05-21 09:05:33,2026-05-22,4,羽毛球馆-4号,17:00-18:00,0,1,可预约,￥12.0,多云,18,15,4,0.0,83,28
2026-05-21 09:20:38,2026-05-22,4,羽毛球馆-4号,17:00-18:00,0,1,可预约,￥12.0,多云,18,16,3,0.0,81,28
2026-05-21 09:30:46,2026-05-22,4,羽毛球馆-4号,17:00-18:00,0,1,可预约,￥12.0,多云,18,16,3,0.0,81,32
2026-05-21 09:40:36,2026-05-22,4,羽毛球馆-4号,17:00-18:00,0,1,可预约,￥12.0,多云,19,17,3,0.0,79,32
2026-05-21 09:50:42,2026-05-22,4,羽毛球馆-4号,17:00-18:00,0,1,可预约,￥12.0,多云,19,17,4,0.0,81,32
2026-05-21 10:00:46,2026-05-22,4,羽毛球馆-4号,17:00-18:00,0,1,可预约,￥12.0,多云,19,17,4,0.0,79,32
2026-05-21 10:10:40,2026-05-22,4,羽毛球馆-4号,17:00-18:00,0,1,可预约,￥12.0,多云,19,17,4,0.0,79,32
2026-05-21 10:20:38,2026-05-22,4,羽毛球馆-4号,17:00-18:00,0,1,可预约,￥12.0,多云,19,17,4,0.0,79,32
2026-05-21 10:30:41,2026-05-22,4,羽毛球馆-4号,17:00-18:00,0,1,可预约,￥12.0,多云,19,18,3,0.0,78,31
2026-05-21 11:00:44,2026-05-22,4,羽毛球馆-4号,17:00-18:00,0,1,可预约,￥12.0,多云,21,17,5,0.0,74,31
2026-05-21 11:30:38,2026-05-22,4,羽毛球馆-4号,17:00-18:00,1,1,已售/已满,已售,多云,21,19,3,0.0,72,33
2026-05-21 12:00:46,2026-05-22,4,羽毛球馆-4号,17:00-18:00,1,1,已售/已满,已售,多云,22,19,4,0.0,70,33
2026-05-21 12:30:42,2026-05-22,4,羽毛球馆-4号,17:00-18:00,1,1,已售/已满,已售,多云,22,21,3,0.0,68,35
2026-05-21 13:00:43,2026-05-22,4,羽毛球馆-4号,17:00-18:00,1,1,已售/已满,已售,多云,24,22,4,0.0,66,35
2026-05-21 13:30:43,2026-05-22,4,羽毛球馆-4号,17:00-18:00,1,1,已售/已满,已售,多云,24,22,4,0.0,66,36
2026-05-21 14:00:48,2026-05-22,4,羽毛球馆-4号,17:00-18:00,1,1,已售/已满,已售,多云,25,23,4,0.0,66,36
2026-05-21 14:30:45,2026-05-22,4,羽毛球馆-4号,17:00-18:00,1,1,已售/已满,已售,晴,25,25,3,0.0,65,39
2026-05-21 15:00:45,2026-05-22,4,羽毛球馆-4号,17:00-18:00,1,1,已售/已满,已售,晴,25,22,4,0.0,56,39
2026-05-21 15:30:43,2026-05-22,4,羽毛球馆-4号,17:00-18:00,1,1,已售/已满,已售,晴,25,23,4,0.0,57,40
2026-05-21 16:00:51,2026-05-22,4,羽毛球馆-4号,17:00-18:00,1,1,已售/已满,已售,晴,25,23,4,0.0,57,40
2026-05-21 16:30:48,2026-05-22,4,羽毛球馆-4号,17:00-18:00,1,1,已售/已满,已售,晴,25,24,3,0.0,60,39
2026-05-21 17:00:49,2026-05-22,4,羽毛球馆-4号,17:00-18:00,1,1,已售/已满,已售,晴,25,24,4,0.0,61,39
2026-05-21 17:30:47,2026-05-22,4,羽毛球馆-4号,17:00-18:00,1,1,已售/已满,已售,多云,24,23,3,0.0,64,39
2026-05-21 18:00:50,2026-05-22,4,羽毛球馆-4号,17:00-18:00,1,1,已售/已满,已售,多云,24,23,3,0.0,68,39
2026-05-21 18:30:50,2026-05-22,4,羽毛球馆-4号,17:00-18:00,1,1,已售/已满,已售,阴,24,25,2,0.0,68,40
2026-05-21 19:00:50,2026-05-22,4,羽毛球馆-4号,17:00-18:00,1,1,已售/已满,已售,阴,23,23,3,0.0,76,40
2026-05-21 19:30:46,2026-05-22,4,羽毛球馆-4号,17:00-18:00,1,1,已售/已满,已售,阴,23,24,2,0.0,77,39
2026-05-21 20:00:49,2026-05-22,4,羽毛球馆-4号,17:00-18:00,1,1,已售/已满,已售,雾,22,23,2,0.0,89,39
2026-05-21 20:30:44,2026-05-22,4,羽毛球馆-4号,17:00-18:00,1,1,已售/已满,已售,雾,22,24,2,0.0,93,43
2026-05-21 21:00:56,2026-05-22,4,羽毛球馆-4号,17:00-18:00,1,1,已售/已满,已售,雾,20,21,2,0.0,98,43
2026-05-21 21:30:46,2026-05-22,4,羽毛球馆-4号,17:00-18:00,1,1,已售/已满,已售,雾,20,22,1,0.0,99,41
2026-05-21 22:01:02,2026-05-22,4,羽毛球馆-4号,17:00-18:00,1,1,已售/已满,已售,雾,19,20,2,0.0,93,41
2026-05-21 22:30:47,2026-05-22,4,羽毛球馆-4号,17:00-18:00,1,1,已售/已满,已售,雾,19,19,3,0.0,88,46
2026-05-21 23:00:56,2026-05-22,4,羽毛球馆-4号,17:00-18:00,1,1,已售/已满,已售,多云,18,17,3,0.0,85,46
2026-05-21 23:30:55,2026-05-22,4,羽毛球馆-4号,17:00-18:00,1,1,已售/已满,已售,多云,18,17,3,0.0,85,48
2026-05-21 08:00:45,2026-05-22,4,羽毛球馆-4号,18:30-19:30,0,1,可预约,￥12.0,晴,17,12,5,0.0,86,29
2026-05-21 08:02:30,2026-05-22,4,羽毛球馆-4号,18:30-19:30,0,1,可预约,￥12.0,多云,17,12,5,0.0,87,29
2026-05-21 08:05:36,2026-05-22,4,羽毛球馆-4号,18:30-19:30,0,1,可预约,￥12.0,多云,17,12,5,0.0,86,29
2026-05-21 08:08:31,2026-05-22,4,羽毛球馆-4号,18:30-19:30,0,1,可预约,￥12.0,多云,17,12,5,0.0,86,29
2026-05-21 08:11:30,2026-05-22,4,羽毛球馆-4号,18:30-19:30,0,1,可预约,￥12.0,多云,17,12,5,0.0,86,29
2026-05-21 08:14:31,2026-05-22,4,羽毛球馆-4号,18:30-19:30,1,1,已售/已满,已售,多云,17,12,5,0.0,86,29
2026-05-21 08:17:30,2026-05-22,4,羽毛球馆-4号,18:30-19:30,1,1,已售/已满,已售,多云,17,12,5,0.0,86,29
2026-05-21 08:20:35,2026-05-22,4,羽毛球馆-4号,18:30-19:30,1,1,已售/已满,已售,多云,17,14,4,0.0,85,29
2026-05-21 08:25:32,2026-05-22,4,羽毛球馆-4号,18:30-19:30,1,1,已售/已满,已售,多云,17,14,4,0.0,85,28
2026-05-21 08:30:42,2026-05-22,4,羽毛球馆-4号,18:30-19:30,1,1,已售/已满,已售,多云,18,15,4,0.0,84,28
2026-05-21 08:35:31,2026-05-22,4,羽毛球馆-4号,18:30-19:30,1,1,已售/已满,已售,多云,18,15,4,0.0,84,28
2026-05-21 08:40:38,2026-05-22,4,羽毛球馆-4号,18:30-19:30,1,1,已售/已满,已售,多云,18,15,4,0.0,82,28
2026-05-21 08:45:33,2026-05-22,4,羽毛球馆-4号,18:30-19:30,1,1,已售/已满,已售,多云,18,15,4,0.0,82,28
2026-05-21 08:50:36,2026-05-22,4,羽毛球馆-4号,18:30-19:30,1,1,已售/已满,已售,多云,18,15,4,0.0,82,28
2026-05-21 08:55:34,2026-05-22,4,羽毛球馆-4号,18:30-19:30,1,1,已售/已满,已售,多云,18,15,4,0.0,84,28
2026-05-21 09:00:51,2026-05-22,4,羽毛球馆-4号,18:30-19:30,1,1,已售/已满,已售,多云,18,15,4,0.0,84,28
2026-05-21 09:01:59,2026-05-22,4,羽毛球馆-4号,18:30-19:30,1,1,已售/已满,已售,多云,18,15,4,0.0,83,28
2026-05-21 09:05:33,2026-05-22,4,羽毛球馆-4号,18:30-19:30,1,1,已售/已满,已售,多云,18,15,4,0.0,83,28
2026-05-21 09:20:38,2026-05-22,4,羽毛球馆-4号,18:30-19:30,1,1,已售/已满,已售,多云,18,16,3,0.0,81,28
2026-05-21 09:30:46,2026-05-22,4,羽毛球馆-4号,18:30-19:30,1,1,已售/已满,已售,多云,18,16,3,0.0,81,32
2026-05-21 09:40:36,2026-05-22,4,羽毛球馆-4号,18:30-19:30,1,1,已售/已满,已售,多云,19,17,3,0.0,79,32
2026-05-21 09:50:42,2026-05-22,4,羽毛球馆-4号,18:30-19:30,1,1,已售/已满,已售,多云,19,17,4,0.0,81,32
2026-05-21 10:00:46,2026-05-22,4,羽毛球馆-4号,18:30-19:30,1,1,已售/已满,已售,多云,19,17,4,0.0,79,32
2026-05-21 10:10:40,2026-05-22,4,羽毛球馆-4号,18:30-19:30,1,1,已售/已满,已售,多云,19,17,4,0.0,79,32
2026-05-21 10:20:38,2026-05-22,4,羽毛球馆-4号,18:30-19:30,1,1,已售/已满,已售,多云,19,17,4,0.0,79,32
2026-05-21 10:30:41,2026-05-22,4,羽毛球馆-4号,18:30-19:30,1,1,已售/已满,已售,多云,19,18,3,0.0,78,31
2026-05-21 11:00:44,2026-05-22,4,羽毛球馆-4号,18:30-19:30,1,1,已售/已满,已售,多云,21,17,5,0.0,74,31
2026-05-21 11:30:38,2026-05-22,4,羽毛球馆-4号,18:30-19:30,1,1,已售/已满,已售,多云,21,19,3,0.0,72,33
2026-05-21 12:00:46,2026-05-22,4,羽毛球馆-4号,18:30-19:30,1,1,已售/已满,已售,多云,22,19,4,0.0,70,33
2026-05-21 12:30:42,2026-05-22,4,羽毛球馆-4号,18:30-19:30,1,1,已售/已满,已售,多云,22,21,3,0.0,68,35
2026-05-21 13:00:43,2026-05-22,4,羽毛球馆-4号,18:30-19:30,1,1,已售/已满,已售,多云,24,22,4,0.0,66,35
2026-05-21 13:30:43,2026-05-22,4,羽毛球馆-4号,18:30-19:30,1,1,已售/已满,已售,多云,24,22,4,0.0,66,36
2026-05-21 14:00:48,2026-05-22,4,羽毛球馆-4号,18:30-19:30,1,1,已售/已满,已售,多云,25,23,4,0.0,66,36
2026-05-21 14:30:45,2026-05-22,4,羽毛球馆-4号,18:30-19:30,1,1,已售/已满,已售,晴,25,25,3,0.0,65,39
2026-05-21 15:00:45,2026-05-22,4,羽毛球馆-4号,18:30-19:30,1,1,已售/已满,已售,晴,25,22,4,0.0,56,39
2026-05-21 15:30:43,2026-05-22,4,羽毛球馆-4号,18:30-19:30,1,1,已售/已满,已售,晴,25,23,4,0.0,57,40
2026-05-21 16:00:51,2026-05-22,4,羽毛球馆-4号,18:30-19:30,1,1,已售/已满,已售,晴,25,23,4,0.0,57,40
2026-05-21 16:30:48,2026-05-22,4,羽毛球馆-4号,18:30-19:30,1,1,已售/已满,已售,晴,25,24,3,0.0,60,39
2026-05-21 17:00:49,2026-05-22,4,羽毛球馆-4号,18:30-19:30,1,1,已售/已满,已售,晴,25,24,4,0.0,61,39
2026-05-21 17:30:47,2026-05-22,4,羽毛球馆-4号,18:30-19:30,1,1,已售/已满,已售,多云,24,23,3,0.0,64,39
2026-05-21 18:00:50,2026-05-22,4,羽毛球馆-4号,18:30-19:30,1,1,已售/已满,已售,多云,24,23,3,0.0,68,39
2026-05-21 18:30:50,2026-05-22,4,羽毛球馆-4号,18:30-19:30,1,1,已售/已满,已售,阴,24,25,2,0.0,68,40
2026-05-21 19:00:50,2026-05-22,4,羽毛球馆-4号,18:30-19:30,1,1,已售/已满,已售,阴,23,23,3,0.0,76,40
2026-05-21 19:30:46,2026-05-22,4,羽毛球馆-4号,18:30-19:30,1,1,已售/已满,已售,阴,23,24,2,0.0,77,39
2026-05-21 20:00:49,2026-05-22,4,羽毛球馆-4号,18:30-19:30,1,1,已售/已满,已售,雾,22,23,2,0.0,89,39
2026-05-21 20:30:44,2026-05-22,4,羽毛球馆-4号,18:30-19:30,1,1,已售/已满,已售,雾,22,24,2,0.0,93,43
2026-05-21 21:00:56,2026-05-22,4,羽毛球馆-4号,18:30-19:30,1,1,已售/已满,已售,雾,20,21,2,0.0,98,43
2026-05-21 21:30:46,2026-05-22,4,羽毛球馆-4号,18:30-19:30,1,1,已售/已满,已售,雾,20,22,1,0.0,99,41
2026-05-21 22:01:02,2026-05-22,4,羽毛球馆-4号,18:30-19:30,1,1,已售/已满,已售,雾,19,20,2,0.0,93,41
2026-05-21 22:30:47,2026-05-22,4,羽毛球馆-4号,18:30-19:30,1,1,已售/已满,已售,雾,19,19,3,0.0,88,46
2026-05-21 23:00:56,2026-05-22,4,羽毛球馆-4号,18:30-19:30,1,1,已售/已满,已售,多云,18,17,3,0.0,85,46
2026-05-21 23:30:55,2026-05-22,4,羽毛球馆-4号,18:30-19:30,1,1,已售/已满,已售,多云,18,17,3,0.0,85,48
2026-05-21 08:00:45,2026-05-22,4,羽毛球馆-4号,19:30-20:30,0,1,可预约,￥12.0,晴,17,12,5,0.0,86,29
2026-05-21 08:02:30,2026-05-22,4,羽毛球馆-4号,19:30-20:30,0,1,可预约,￥12.0,多云,17,12,5,0.0,87,29
2026-05-21 08:05:36,2026-05-22,4,羽毛球馆-4号,19:30-20:30,0,1,可预约,￥12.0,多云,17,12,5,0.0,86,29
2026-05-21 08:08:31,2026-05-22,4,羽毛球馆-4号,19:30-20:30,0,1,可预约,￥12.0,多云,17,12,5,0.0,86,29
2026-05-21 08:11:30,2026-05-22,4,羽毛球馆-4号,19:30-20:30,0,1,可预约,￥12.0,多云,17,12,5,0.0,86,29
2026-05-21 08:14:31,2026-05-22,4,羽毛球馆-4号,19:30-20:30,1,1,已售/已满,已售,多云,17,12,5,0.0,86,29
2026-05-21 08:17:30,2026-05-22,4,羽毛球馆-4号,19:30-20:30,1,1,已售/已满,已售,多云,17,12,5,0.0,86,29
2026-05-21 08:20:35,2026-05-22,4,羽毛球馆-4号,19:30-20:30,1,1,已售/已满,已售,多云,17,14,4,0.0,85,29
2026-05-21 08:25:32,2026-05-22,4,羽毛球馆-4号,19:30-20:30,1,1,已售/已满,已售,多云,17,14,4,0.0,85,28
2026-05-21 08:30:42,2026-05-22,4,羽毛球馆-4号,19:30-20:30,1,1,已售/已满,已售,多云,18,15,4,0.0,84,28
2026-05-21 08:35:31,2026-05-22,4,羽毛球馆-4号,19:30-20:30,1,1,已售/已满,已售,多云,18,15,4,0.0,84,28
2026-05-21 08:40:38,2026-05-22,4,羽毛球馆-4号,19:30-20:30,1,1,已售/已满,已售,多云,18,15,4,0.0,82,28
2026-05-21 08:45:33,2026-05-22,4,羽毛球馆-4号,19:30-20:30,1,1,已售/已满,已售,多云,18,15,4,0.0,82,28
2026-05-21 08:50:36,2026-05-22,4,羽毛球馆-4号,19:30-20:30,1,1,已售/已满,已售,多云,18,15,4,0.0,82,28
2026-05-21 08:55:34,2026-05-22,4,羽毛球馆-4号,19:30-20:30,1,1,已售/已满,已售,多云,18,15,4,0.0,84,28
2026-05-21 09:00:51,2026-05-22,4,羽毛球馆-4号,19:30-20:30,1,1,已售/已满,已售,多云,18,15,4,0.0,84,28
2026-05-21 09:01:59,2026-05-22,4,羽毛球馆-4号,19:30-20:30,1,1,已售/已满,已售,多云,18,15,4,0.0,83,28
2026-05-21 09:05:33,2026-05-22,4,羽毛球馆-4号,19:30-20:30,1,1,已售/已满,已售,多云,18,15,4,0.0,83,28
2026-05-21 09:20:38,2026-05-22,4,羽毛球馆-4号,19:30-20:30,1,1,已售/已满,已售,多云,18,16,3,0.0,81,28
2026-05-21 09:30:46,2026-05-22,4,羽毛球馆-4号,19:30-20:30,1,1,已售/已满,已售,多云,18,16,3,0.0,81,32
2026-05-21 09:40:36,2026-05-22,4,羽毛球馆-4号,19:30-20:30,1,1,已售/已满,已售,多云,19,17,3,0.0,79,32
2026-05-21 09:50:42,2026-05-22,4,羽毛球馆-4号,19:30-20:30,1,1,已售/已满,已售,多云,19,17,4,0.0,81,32
2026-05-21 10:00:46,2026-05-22,4,羽毛球馆-4号,19:30-20:30,1,1,已售/已满,已售,多云,19,17,4,0.0,79,32
2026-05-21 10:10:40,2026-05-22,4,羽毛球馆-4号,19:30-20:30,1,1,已售/已满,已售,多云,19,17,4,0.0,79,32
2026-05-21 10:20:38,2026-05-22,4,羽毛球馆-4号,19:30-20:30,1,1,已售/已满,已售,多云,19,17,4,0.0,79,32
2026-05-21 10:30:41,2026-05-22,4,羽毛球馆-4号,19:30-20:30,1,1,已售/已满,已售,多云,19,18,3,0.0,78,31
2026-05-21 11:00:44,2026-05-22,4,羽毛球馆-4号,19:30-20:30,1,1,已售/已满,已售,多云,21,17,5,0.0,74,31
2026-05-21 11:30:38,2026-05-22,4,羽毛球馆-4号,19:30-20:30,1,1,已售/已满,已售,多云,21,19,3,0.0,72,33
2026-05-21 12:00:46,2026-05-22,4,羽毛球馆-4号,19:30-20:30,1,1,已售/已满,已售,多云,22,19,4,0.0,70,33
2026-05-21 12:30:42,2026-05-22,4,羽毛球馆-4号,19:30-20:30,1,1,已售/已满,已售,多云,22,21,3,0.0,68,35
2026-05-21 13:00:43,2026-05-22,4,羽毛球馆-4号,19:30-20:30,1,1,已售/已满,已售,多云,24,22,4,0.0,66,35
2026-05-21 13:30:43,2026-05-22,4,羽毛球馆-4号,19:30-20:30,1,1,已售/已满,已售,多云,24,22,4,0.0,66,36
2026-05-21 14:00:48,2026-05-22,4,羽毛球馆-4号,19:30-20:30,1,1,已售/已满,已售,多云,25,23,4,0.0,66,36
2026-05-21 14:30:45,2026-05-22,4,羽毛球馆-4号,19:30-20:30,1,1,已售/已满,已售,晴,25,25,3,0.0,65,39
2026-05-21 15:00:45,2026-05-22,4,羽毛球馆-4号,19:30-20:30,1,1,已售/已满,已售,晴,25,22,4,0.0,56,39
2026-05-21 15:30:43,2026-05-22,4,羽毛球馆-4号,19:30-20:30,1,1,已售/已满,已售,晴,25,23,4,0.0,57,40
2026-05-21 16:00:51,2026-05-22,4,羽毛球馆-4号,19:30-20:30,1,1,已售/已满,已售,晴,25,23,4,0.0,57,40
2026-05-21 16:30:48,2026-05-22,4,羽毛球馆-4号,19:30-20:30,1,1,已售/已满,已售,晴,25,24,3,0.0,60,39
2026-05-21 17:00:49,2026-05-22,4,羽毛球馆-4号,19:30-20:30,1,1,已售/已满,已售,晴,25,24,4,0.0,61,39
2026-05-21 17:30:47,2026-05-22,4,羽毛球馆-4号,19:30-20:30,1,1,已售/已满,已售,多云,24,23,3,0.0,64,39
2026-05-21 18:00:50,2026-05-22,4,羽毛球馆-4号,19:30-20:30,1,1,已售/已满,已售,多云,24,23,3,0.0,68,39
2026-05-21 18:30:50,2026-05-22,4,羽毛球馆-4号,19:30-20:30,1,1,已售/已满,已售,阴,24,25,2,0.0,68,40
2026-05-21 19:00:50,2026-05-22,4,羽毛球馆-4号,19:30-20:30,1,1,已售/已满,已售,阴,23,23,3,0.0,76,40
2026-05-21 19:30:46,2026-05-22,4,羽毛球馆-4号,19:30-20:30,1,1,已售/已满,已售,阴,23,24,2,0.0,77,39
2026-05-21 20:00:49,2026-05-22,4,羽毛球馆-4号,19:30-20:30,1,1,已售/已满,已售,雾,22,23,2,0.0,89,39
2026-05-21 20:30:44,2026-05-22,4,羽毛球馆-4号,19:30-20:30,1,1,已售/已满,已售,雾,22,24,2,0.0,93,43
2026-05-21 21:00:56,2026-05-22,4,羽毛球馆-4号,19:30-20:30,1,1,已售/已满,已售,雾,20,21,2,0.0,98,43
2026-05-21 21:30:46,2026-05-22,4,羽毛球馆-4号,19:30-20:30,1,1,已售/已满,已售,雾,20,22,1,0.0,99,41
2026-05-21 22:01:02,2026-05-22,4,羽毛球馆-4号,19:30-20:30,1,1,已售/已满,已售,雾,19,20,2,0.0,93,41
2026-05-21 22:30:47,2026-05-22,4,羽毛球馆-4号,19:30-20:30,1,1,已售/已满,已售,雾,19,19,3,0.0,88,46
2026-05-21 23:00:56,2026-05-22,4,羽毛球馆-4号,19:30-20:30,1,1,已售/已满,已售,多云,18,17,3,0.0,85,46
2026-05-21 23:30:55,2026-05-22,4,羽毛球馆-4号,19:30-20:30,1,1,已售/已满,已售,多云,18,17,3,0.0,85,48
2026-05-21 08:00:45,2026-05-22,4,羽毛球馆-4号,20:30-21:30,0,1,可预约,￥12.0,晴,17,12,5,0.0,86,29
2026-05-21 08:02:30,2026-05-22,4,羽毛球馆-4号,20:30-21:30,0,1,可预约,￥12.0,多云,17,12,5,0.0,87,29
2026-05-21 08:05:36,2026-05-22,4,羽毛球馆-4号,20:30-21:30,0,1,可预约,￥12.0,多云,17,12,5,0.0,86,29
2026-05-21 08:08:31,2026-05-22,4,羽毛球馆-4号,20:30-21:30,0,1,可预约,￥12.0,多云,17,12,5,0.0,86,29
2026-05-21 08:11:30,2026-05-22,4,羽毛球馆-4号,20:30-21:30,0,1,可预约,￥12.0,多云,17,12,5,0.0,86,29
2026-05-21 08:14:31,2026-05-22,4,羽毛球馆-4号,20:30-21:30,0,1,可预约,￥12.0,多云,17,12,5,0.0,86,29
2026-05-21 08:17:30,2026-05-22,4,羽毛球馆-4号,20:30-21:30,0,1,可预约,￥12.0,多云,17,12,5,0.0,86,29
2026-05-21 08:20:35,2026-05-22,4,羽毛球馆-4号,20:30-21:30,0,1,可预约,￥12.0,多云,17,14,4,0.0,85,29
2026-05-21 08:25:32,2026-05-22,4,羽毛球馆-4号,20:30-21:30,0,1,可预约,￥12.0,多云,17,14,4,0.0,85,28
2026-05-21 08:30:42,2026-05-22,4,羽毛球馆-4号,20:30-21:30,0,1,可预约,￥12.0,多云,18,15,4,0.0,84,28
2026-05-21 08:35:31,2026-05-22,4,羽毛球馆-4号,20:30-21:30,0,1,可预约,￥12.0,多云,18,15,4,0.0,84,28
2026-05-21 08:40:38,2026-05-22,4,羽毛球馆-4号,20:30-21:30,0,1,可预约,￥12.0,多云,18,15,4,0.0,82,28
2026-05-21 08:45:33,2026-05-22,4,羽毛球馆-4号,20:30-21:30,0,1,可预约,￥12.0,多云,18,15,4,0.0,82,28
2026-05-21 08:50:36,2026-05-22,4,羽毛球馆-4号,20:30-21:30,1,1,已售/已满,已售,多云,18,15,4,0.0,82,28
2026-05-21 08:55:34,2026-05-22,4,羽毛球馆-4号,20:30-21:30,1,1,已售/已满,已售,多云,18,15,4,0.0,84,28
2026-05-21 09:00:51,2026-05-22,4,羽毛球馆-4号,20:30-21:30,1,1,已售/已满,已售,多云,18,15,4,0.0,84,28
2026-05-21 09:01:59,2026-05-22,4,羽毛球馆-4号,20:30-21:30,1,1,已售/已满,已售,多云,18,15,4,0.0,83,28
2026-05-21 09:05:33,2026-05-22,4,羽毛球馆-4号,20:30-21:30,1,1,已售/已满,已售,多云,18,15,4,0.0,83,28
2026-05-21 09:20:38,2026-05-22,4,羽毛球馆-4号,20:30-21:30,1,1,已售/已满,已售,多云,18,16,3,0.0,81,28
2026-05-21 09:30:46,2026-05-22,4,羽毛球馆-4号,20:30-21:30,1,1,已售/已满,已售,多云,18,16,3,0.0,81,32
2026-05-21 09:40:36,2026-05-22,4,羽毛球馆-4号,20:30-21:30,1,1,已售/已满,已售,多云,19,17,3,0.0,79,32
2026-05-21 09:50:42,2026-05-22,4,羽毛球馆-4号,20:30-21:30,1,1,已售/已满,已售,多云,19,17,4,0.0,81,32
2026-05-21 10:00:46,2026-05-22,4,羽毛球馆-4号,20:30-21:30,1,1,已售/已满,已售,多云,19,17,4,0.0,79,32
2026-05-21 10:10:40,2026-05-22,4,羽毛球馆-4号,20:30-21:30,1,1,已售/已满,已售,多云,19,17,4,0.0,79,32
2026-05-21 10:20:38,2026-05-22,4,羽毛球馆-4号,20:30-21:30,1,1,已售/已满,已售,多云,19,17,4,0.0,79,32
2026-05-21 10:30:41,2026-05-22,4,羽毛球馆-4号,20:30-21:30,1,1,已售/已满,已售,多云,19,18,3,0.0,78,31
2026-05-21 11:00:44,2026-05-22,4,羽毛球馆-4号,20:30-21:30,1,1,已售/已满,已售,多云,21,17,5,0.0,74,31
2026-05-21 11:30:38,2026-05-22,4,羽毛球馆-4号,20:30-21:30,1,1,已售/已满,已售,多云,21,19,3,0.0,72,33
2026-05-21 12:00:46,2026-05-22,4,羽毛球馆-4号,20:30-21:30,1,1,已售/已满,已售,多云,22,19,4,0.0,70,33
2026-05-21 12:30:42,2026-05-22,4,羽毛球馆-4号,20:30-21:30,1,1,已售/已满,已售,多云,22,21,3,0.0,68,35
2026-05-21 13:00:43,2026-05-22,4,羽毛球馆-4号,20:30-21:30,1,1,已售/已满,已售,多云,24,22,4,0.0,66,35
2026-05-21 13:30:43,2026-05-22,4,羽毛球馆-4号,20:30-21:30,1,1,已售/已满,已售,多云,24,22,4,0.0,66,36
2026-05-21 14:00:48,2026-05-22,4,羽毛球馆-4号,20:30-21:30,1,1,已售/已满,已售,多云,25,23,4,0.0,66,36
2026-05-21 14:30:45,2026-05-22,4,羽毛球馆-4号,20:30-21:30,1,1,已售/已满,已售,晴,25,25,3,0.0,65,39
2026-05-21 15:00:45,2026-05-22,4,羽毛球馆-4号,20:30-21:30,1,1,已售/已满,已售,晴,25,22,4,0.0,56,39
2026-05-21 15:30:43,2026-05-22,4,羽毛球馆-4号,20:30-21:30,1,1,已售/已满,已售,晴,25,23,4,0.0,57,40
2026-05-21 16:00:51,2026-05-22,4,羽毛球馆-4号,20:30-21:30,1,1,已售/已满,已售,晴,25,23,4,0.0,57,40
2026-05-21 16:30:48,2026-05-22,4,羽毛球馆-4号,20:30-21:30,1,1,已售/已满,已售,晴,25,24,3,0.0,60,39
2026-05-21 17:00:49,2026-05-22,4,羽毛球馆-4号,20:30-21:30,1,1,已售/已满,已售,晴,25,24,4,0.0,61,39
2026-05-21 17:30:47,2026-05-22,4,羽毛球馆-4号,20:30-21:30,1,1,已售/已满,已售,多云,24,23,3,0.0,64,39
2026-05-21 18:00:50,2026-05-22,4,羽毛球馆-4号,20:30-21:30,1,1,已售/已满,已售,多云,24,23,3,0.0,68,39
2026-05-21 18:30:50,2026-05-22,4,羽毛球馆-4号,20:30-21:30,1,1,已售/已满,已售,阴,24,25,2,0.0,68,40
2026-05-21 19:00:50,2026-05-22,4,羽毛球馆-4号,20:30-21:30,1,1,已售/已满,已售,阴,23,23,3,0.0,76,40
2026-05-21 19:30:46,2026-05-22,4,羽毛球馆-4号,20:30-21:30,1,1,已售/已满,已售,阴,23,24,2,0.0,77,39
2026-05-21 20:00:49,2026-05-22,4,羽毛球馆-4号,20:30-21:30,1,1,已售/已满,已售,雾,22,23,2,0.0,89,39
2026-05-21 20:30:44,2026-05-22,4,羽毛球馆-4号,20:30-21:30,1,1,已售/已满,已售,雾,22,24,2,0.0,93,43
2026-05-21 21:00:56,2026-05-22,4,羽毛球馆-4号,20:30-21:30,1,1,已售/已满,已售,雾,20,21,2,0.0,98,43
2026-05-21 21:30:46,2026-05-22,4,羽毛球馆-4号,20:30-21:30,1,1,已售/已满,已售,雾,20,22,1,0.0,99,41
2026-05-21 22:01:02,2026-05-22,4,羽毛球馆-4号,20:30-21:30,1,1,已售/已满,已售,雾,19,20,2,0.0,93,41
2026-05-21 22:30:47,2026-05-22,4,羽毛球馆-4号,20:30-21:30,1,1,已售/已满,已售,雾,19,19,3,0.0,88,46
2026-05-21 23:00:56,2026-05-22,4,羽毛球馆-4号,20:30-21:30,1,1,已售/已满,已售,多云,18,17,3,0.0,85,46
2026-05-21 23:30:55,2026-05-22,4,羽毛球馆-4号,20:30-21:30,1,1,已售/已满,已售,多云,18,17,3,0.0,85,48
2026-05-21 08:00:45,2026-05-22,4,羽毛球馆-5号,07:00-08:00,0,1,可预约,￥0.0,晴,17,12,5,0.0,86,29
2026-05-21 08:02:30,2026-05-22,4,羽毛球馆-5号,07:00-08:00,0,1,可预约,￥0.0,多云,17,12,5,0.0,87,29
2026-05-21 08:05:36,2026-05-22,4,羽毛球馆-5号,07:00-08:00,0,1,可预约,￥0.0,多云,17,12,5,0.0,86,29
2026-05-21 08:08:31,2026-05-22,4,羽毛球馆-5号,07:00-08:00,0,1,可预约,￥0.0,多云,17,12,5,0.0,86,29
2026-05-21 08:11:30,2026-05-22,4,羽毛球馆-5号,07:00-08:00,0,1,可预约,￥0.0,多云,17,12,5,0.0,86,29
2026-05-21 08:14:31,2026-05-22,4,羽毛球馆-5号,07:00-08:00,0,1,可预约,￥0.0,多云,17,12,5,0.0,86,29
2026-05-21 08:17:30,2026-05-22,4,羽毛球馆-5号,07:00-08:00,0,1,可预约,￥0.0,多云,17,12,5,0.0,86,29
2026-05-21 08:20:35,2026-05-22,4,羽毛球馆-5号,07:00-08:00,0,1,可预约,￥0.0,多云,17,14,4,0.0,85,29
2026-05-21 08:25:32,2026-05-22,4,羽毛球馆-5号,07:00-08:00,0,1,可预约,￥0.0,多云,17,14,4,0.0,85,28
2026-05-21 08:30:42,2026-05-22,4,羽毛球馆-5号,07:00-08:00,0,1,可预约,￥0.0,多云,18,15,4,0.0,84,28
2026-05-21 08:35:31,2026-05-22,4,羽毛球馆-5号,07:00-08:00,0,1,可预约,￥0.0,多云,18,15,4,0.0,84,28
2026-05-21 08:40:38,2026-05-22,4,羽毛球馆-5号,07:00-08:00,0,1,可预约,￥0.0,多云,18,15,4,0.0,82,28
2026-05-21 08:45:33,2026-05-22,4,羽毛球馆-5号,07:00-08:00,0,1,可预约,￥0.0,多云,18,15,4,0.0,82,28
2026-05-21 08:50:36,2026-05-22,4,羽毛球馆-5号,07:00-08:00,0,1,可预约,￥0.0,多云,18,15,4,0.0,82,28
2026-05-21 08:55:34,2026-05-22,4,羽毛球馆-5号,07:00-08:00,0,1,可预约,￥0.0,多云,18,15,4,0.0,84,28
2026-05-21 09:00:51,2026-05-22,4,羽毛球馆-5号,07:00-08:00,0,1,可预约,￥0.0,多云,18,15,4,0.0,84,28
2026-05-21 09:01:59,2026-05-22,4,羽毛球馆-5号,07:00-08:00,0,1,可预约,￥0.0,多云,18,15,4,0.0,83,28
2026-05-21 09:05:33,2026-05-22,4,羽毛球馆-5号,07:00-08:00,0,1,可预约,￥0.0,多云,18,15,4,0.0,83,28
2026-05-21 09:20:38,2026-05-22,4,羽毛球馆-5号,07:00-08:00,0,1,可预约,￥0.0,多云,18,16,3,0.0,81,28
2026-05-21 09:30:46,2026-05-22,4,羽毛球馆-5号,07:00-08:00,0,1,可预约,￥0.0,多云,18,16,3,0.0,81,32
2026-05-21 09:40:36,2026-05-22,4,羽毛球馆-5号,07:00-08:00,0,1,可预约,￥0.0,多云,19,17,3,0.0,79,32
2026-05-21 09:50:42,2026-05-22,4,羽毛球馆-5号,07:00-08:00,0,1,可预约,￥0.0,多云,19,17,4,0.0,81,32
2026-05-21 10:00:46,2026-05-22,4,羽毛球馆-5号,07:00-08:00,0,1,可预约,￥0.0,多云,19,17,4,0.0,79,32
2026-05-21 10:10:40,2026-05-22,4,羽毛球馆-5号,07:00-08:00,0,1,可预约,￥0.0,多云,19,17,4,0.0,79,32
2026-05-21 10:20:38,2026-05-22,4,羽毛球馆-5号,07:00-08:00,0,1,可预约,￥0.0,多云,19,17,4,0.0,79,32
2026-05-21 10:30:41,2026-05-22,4,羽毛球馆-5号,07:00-08:00,0,1,可预约,￥0.0,多云,19,18,3,0.0,78,31
2026-05-21 11:00:44,2026-05-22,4,羽毛球馆-5号,07:00-08:00,0,1,可预约,￥0.0,多云,21,17,5,0.0,74,31
2026-05-21 11:30:38,2026-05-22,4,羽毛球馆-5号,07:00-08:00,0,1,可预约,￥0.0,多云,21,19,3,0.0,72,33
2026-05-21 12:00:46,2026-05-22,4,羽毛球馆-5号,07:00-08:00,0,1,可预约,￥0.0,多云,22,19,4,0.0,70,33
2026-05-21 12:30:42,2026-05-22,4,羽毛球馆-5号,07:00-08:00,0,1,可预约,￥0.0,多云,22,21,3,0.0,68,35
2026-05-21 13:00:43,2026-05-22,4,羽毛球馆-5号,07:00-08:00,0,1,可预约,￥0.0,多云,24,22,4,0.0,66,35
2026-05-21 13:30:43,2026-05-22,4,羽毛球馆-5号,07:00-08:00,0,1,可预约,￥0.0,多云,24,22,4,0.0,66,36
2026-05-21 14:00:48,2026-05-22,4,羽毛球馆-5号,07:00-08:00,0,1,可预约,￥0.0,多云,25,23,4,0.0,66,36
2026-05-21 14:30:45,2026-05-22,4,羽毛球馆-5号,07:00-08:00,0,1,可预约,￥0.0,晴,25,25,3,0.0,65,39
2026-05-21 15:00:45,2026-05-22,4,羽毛球馆-5号,07:00-08:00,0,1,可预约,￥0.0,晴,25,22,4,0.0,56,39
2026-05-21 15:30:43,2026-05-22,4,羽毛球馆-5号,07:00-08:00,0,1,可预约,￥0.0,晴,25,23,4,0.0,57,40
2026-05-21 16:00:51,2026-05-22,4,羽毛球馆-5号,07:00-08:00,0,1,可预约,￥0.0,晴,25,23,4,0.0,57,40
2026-05-21 16:30:48,2026-05-22,4,羽毛球馆-5号,07:00-08:00,0,1,可预约,￥0.0,晴,25,24,3,0.0,60,39
2026-05-21 17:00:49,2026-05-22,4,羽毛球馆-5号,07:00-08:00,0,1,可预约,￥0.0,晴,25,24,4,0.0,61,39
2026-05-21 17:30:47,2026-05-22,4,羽毛球馆-5号,07:00-08:00,0,1,可预约,￥0.0,多云,24,23,3,0.0,64,39
2026-05-21 18:00:50,2026-05-22,4,羽毛球馆-5号,07:00-08:00,0,1,可预约,￥0.0,多云,24,23,3,0.0,68,39
2026-05-21 18:30:50,2026-05-22,4,羽毛球馆-5号,07:00-08:00,0,1,可预约,￥0.0,阴,24,25,2,0.0,68,40
2026-05-21 19:00:50,2026-05-22,4,羽毛球馆-5号,07:00-08:00,0,1,可预约,￥0.0,阴,23,23,3,0.0,76,40
2026-05-21 19:30:46,2026-05-22,4,羽毛球馆-5号,07:00-08:00,0,1,可预约,￥0.0,阴,23,24,2,0.0,77,39
2026-05-21 20:00:49,2026-05-22,4,羽毛球馆-5号,07:00-08:00,0,1,可预约,￥0.0,雾,22,23,2,0.0,89,39
2026-05-21 20:30:44,2026-05-22,4,羽毛球馆-5号,07:00-08:00,0,1,可预约,￥0.0,雾,22,24,2,0.0,93,43
2026-05-21 21:00:56,2026-05-22,4,羽毛球馆-5号,07:00-08:00,0,1,可预约,￥0.0,雾,20,21,2,0.0,98,43
2026-05-21 21:30:46,2026-05-22,4,羽毛球馆-5号,07:00-08:00,0,1,可预约,￥0.0,雾,20,22,1,0.0,99,41
2026-05-21 22:01:02,2026-05-22,4,羽毛球馆-5号,07:00-08:00,0,1,可预约,￥0.0,雾,19,20,2,0.0,93,41
2026-05-21 22:30:47,2026-05-22,4,羽毛球馆-5号,07:00-08:00,0,1,可预约,￥0.0,雾,19,19,3,0.0,88,46
2026-05-21 23:00:56,2026-05-22,4,羽毛球馆-5号,07:00-08:00,0,1,可预约,￥0.0,多云,18,17,3,0.0,85,46
2026-05-21 23:30:55,2026-05-22,4,羽毛球馆-5号,07:00-08:00,0,1,可预约,￥0.0,多云,18,17,3,0.0,85,48
2026-05-21 08:00:45,2026-05-22,4,羽毛球馆-5号,08:00-09:00,0,1,可预约,￥0.0,晴,17,12,5,0.0,86,29
2026-05-21 08:02:30,2026-05-22,4,羽毛球馆-5号,08:00-09:00,0,1,可预约,￥0.0,多云,17,12,5,0.0,87,29
2026-05-21 08:05:36,2026-05-22,4,羽毛球馆-5号,08:00-09:00,0,1,可预约,￥0.0,多云,17,12,5,0.0,86,29
2026-05-21 08:08:31,2026-05-22,4,羽毛球馆-5号,08:00-09:00,0,1,可预约,￥0.0,多云,17,12,5,0.0,86,29
2026-05-21 08:11:30,2026-05-22,4,羽毛球馆-5号,08:00-09:00,0,1,可预约,￥0.0,多云,17,12,5,0.0,86,29
2026-05-21 08:14:31,2026-05-22,4,羽毛球馆-5号,08:00-09:00,0,1,可预约,￥0.0,多云,17,12,5,0.0,86,29
2026-05-21 08:17:30,2026-05-22,4,羽毛球馆-5号,08:00-09:00,0,1,可预约,￥0.0,多云,17,12,5,0.0,86,29
2026-05-21 08:20:35,2026-05-22,4,羽毛球馆-5号,08:00-09:00,0,1,可预约,￥0.0,多云,17,14,4,0.0,85,29
2026-05-21 08:25:32,2026-05-22,4,羽毛球馆-5号,08:00-09:00,0,1,可预约,￥0.0,多云,17,14,4,0.0,85,28
2026-05-21 08:30:42,2026-05-22,4,羽毛球馆-5号,08:00-09:00,0,1,可预约,￥0.0,多云,18,15,4,0.0,84,28
2026-05-21 08:35:31,2026-05-22,4,羽毛球馆-5号,08:00-09:00,0,1,可预约,￥0.0,多云,18,15,4,0.0,84,28
2026-05-21 08:40:38,2026-05-22,4,羽毛球馆-5号,08:00-09:00,0,1,可预约,￥0.0,多云,18,15,4,0.0,82,28
2026-05-21 08:45:33,2026-05-22,4,羽毛球馆-5号,08:00-09:00,0,1,可预约,￥0.0,多云,18,15,4,0.0,82,28
2026-05-21 08:50:36,2026-05-22,4,羽毛球馆-5号,08:00-09:00,0,1,可预约,￥0.0,多云,18,15,4,0.0,82,28
2026-05-21 08:55:34,2026-05-22,4,羽毛球馆-5号,08:00-09:00,0,1,可预约,￥0.0,多云,18,15,4,0.0,84,28
2026-05-21 09:00:51,2026-05-22,4,羽毛球馆-5号,08:00-09:00,0,1,可预约,￥0.0,多云,18,15,4,0.0,84,28
2026-05-21 09:01:59,2026-05-22,4,羽毛球馆-5号,08:00-09:00,0,1,可预约,￥0.0,多云,18,15,4,0.0,83,28
2026-05-21 09:05:33,2026-05-22,4,羽毛球馆-5号,08:00-09:00,0,1,可预约,￥0.0,多云,18,15,4,0.0,83,28
2026-05-21 09:20:38,2026-05-22,4,羽毛球馆-5号,08:00-09:00,0,1,可预约,￥0.0,多云,18,16,3,0.0,81,28
2026-05-21 09:30:46,2026-05-22,4,羽毛球馆-5号,08:00-09:00,1,1,已售/已满,已售,多云,18,16,3,0.0,81,32
2026-05-21 09:40:36,2026-05-22,4,羽毛球馆-5号,08:00-09:00,1,1,已售/已满,已售,多云,19,17,3,0.0,79,32
2026-05-21 09:50:42,2026-05-22,4,羽毛球馆-5号,08:00-09:00,1,1,已售/已满,已售,多云,19,17,4,0.0,81,32
2026-05-21 10:00:46,2026-05-22,4,羽毛球馆-5号,08:00-09:00,1,1,已售/已满,已售,多云,19,17,4,0.0,79,32
2026-05-21 10:10:40,2026-05-22,4,羽毛球馆-5号,08:00-09:00,1,1,已售/已满,已售,多云,19,17,4,0.0,79,32
2026-05-21 10:20:38,2026-05-22,4,羽毛球馆-5号,08:00-09:00,1,1,已售/已满,已售,多云,19,17,4,0.0,79,32
2026-05-21 10:30:41,2026-05-22,4,羽毛球馆-5号,08:00-09:00,1,1,已售/已满,已售,多云,19,18,3,0.0,78,31
2026-05-21 11:00:44,2026-05-22,4,羽毛球馆-5号,08:00-09:00,1,1,已售/已满,已售,多云,21,17,5,0.0,74,31
2026-05-21 11:30:38,2026-05-22,4,羽毛球馆-5号,08:00-09:00,1,1,已售/已满,已售,多云,21,19,3,0.0,72,33
2026-05-21 12:00:46,2026-05-22,4,羽毛球馆-5号,08:00-09:00,1,1,已售/已满,已售,多云,22,19,4,0.0,70,33
2026-05-21 12:30:42,2026-05-22,4,羽毛球馆-5号,08:00-09:00,1,1,已售/已满,已售,多云,22,21,3,0.0,68,35
2026-05-21 13:00:43,2026-05-22,4,羽毛球馆-5号,08:00-09:00,1,1,已售/已满,已售,多云,24,22,4,0.0,66,35
2026-05-21 13:30:43,2026-05-22,4,羽毛球馆-5号,08:00-09:00,1,1,已售/已满,已售,多云,24,22,4,0.0,66,36
2026-05-21 14:00:48,2026-05-22,4,羽毛球馆-5号,08:00-09:00,1,1,已售/已满,已售,多云,25,23,4,0.0,66,36
2026-05-21 14:30:45,2026-05-22,4,羽毛球馆-5号,08:00-09:00,1,1,已售/已满,已售,晴,25,25,3,0.0,65,39
2026-05-21 15:00:45,2026-05-22,4,羽毛球馆-5号,08:00-09:00,1,1,已售/已满,已售,晴,25,22,4,0.0,56,39
2026-05-21 15:30:43,2026-05-22,4,羽毛球馆-5号,08:00-09:00,1,1,已售/已满,已售,晴,25,23,4,0.0,57,40
2026-05-21 16:00:51,2026-05-22,4,羽毛球馆-5号,08:00-09:00,1,1,已售/已满,已售,晴,25,23,4,0.0,57,40
2026-05-21 16:30:48,2026-05-22,4,羽毛球馆-5号,08:00-09:00,1,1,已售/已满,已售,晴,25,24,3,0.0,60,39
2026-05-21 17:00:49,2026-05-22,4,羽毛球馆-5号,08:00-09:00,1,1,已售/已满,已售,晴,25,24,4,0.0,61,39
2026-05-21 17:30:47,2026-05-22,4,羽毛球馆-5号,08:00-09:00,1,1,已售/已满,已售,多云,24,23,3,0.0,64,39
2026-05-21 18:00:50,2026-05-22,4,羽毛球馆-5号,08:00-09:00,1,1,已售/已满,已售,多云,24,23,3,0.0,68,39
2026-05-21 18:30:50,2026-05-22,4,羽毛球馆-5号,08:00-09:00,1,1,已售/已满,已售,阴,24,25,2,0.0,68,40
2026-05-21 19:00:50,2026-05-22,4,羽毛球馆-5号,08:00-09:00,1,1,已售/已满,已售,阴,23,23,3,0.0,76,40
2026-05-21 19:30:46,2026-05-22,4,羽毛球馆-5号,08:00-09:00,1,1,已售/已满,已售,阴,23,24,2,0.0,77,39
2026-05-21 20:00:49,2026-05-22,4,羽毛球馆-5号,08:00-09:00,1,1,已售/已满,已售,雾,22,23,2,0.0,89,39
2026-05-21 20:30:44,2026-05-22,4,羽毛球馆-5号,08:00-09:00,1,1,已售/已满,已售,雾,22,24,2,0.0,93,43
2026-05-21 21:00:56,2026-05-22,4,羽毛球馆-5号,08:00-09:00,1,1,已售/已满,已售,雾,20,21,2,0.0,98,43
2026-05-21 21:30:46,2026-05-22,4,羽毛球馆-5号,08:00-09:00,1,1,已售/已满,已售,雾,20,22,1,0.0,99,41
2026-05-21 22:01:02,2026-05-22,4,羽毛球馆-5号,08:00-09:00,1,1,已售/已满,已售,雾,19,20,2,0.0,93,41
2026-05-21 22:30:47,2026-05-22,4,羽毛球馆-5号,08:00-09:00,1,1,已售/已满,已售,雾,19,19,3,0.0,88,46
2026-05-21 23:00:56,2026-05-22,4,羽毛球馆-5号,08:00-09:00,1,1,已售/已满,已售,多云,18,17,3,0.0,85,46
2026-05-21 23:30:55,2026-05-22,4,羽毛球馆-5号,08:00-09:00,1,1,已售/已满,已售,多云,18,17,3,0.0,85,48
2026-05-21 08:00:45,2026-05-22,4,羽毛球馆-5号,09:00-10:00,0,1,可预约,￥12.0,晴,17,12,5,0.0,86,29
2026-05-21 08:02:30,2026-05-22,4,羽毛球馆-5号,09:00-10:00,0,1,可预约,￥12.0,多云,17,12,5,0.0,87,29
2026-05-21 08:05:36,2026-05-22,4,羽毛球馆-5号,09:00-10:00,0,1,可预约,￥12.0,多云,17,12,5,0.0,86,29
2026-05-21 08:08:31,2026-05-22,4,羽毛球馆-5号,09:00-10:00,0,1,可预约,￥12.0,多云,17,12,5,0.0,86,29
2026-05-21 08:11:30,2026-05-22,4,羽毛球馆-5号,09:00-10:00,0,1,可预约,￥12.0,多云,17,12,5,0.0,86,29
2026-05-21 08:14:31,2026-05-22,4,羽毛球馆-5号,09:00-10:00,0,1,可预约,￥12.0,多云,17,12,5,0.0,86,29
2026-05-21 08:17:30,2026-05-22,4,羽毛球馆-5号,09:00-10:00,0,1,可预约,￥12.0,多云,17,12,5,0.0,86,29
2026-05-21 08:20:35,2026-05-22,4,羽毛球馆-5号,09:00-10:00,0,1,可预约,￥12.0,多云,17,14,4,0.0,85,29
2026-05-21 08:25:32,2026-05-22,4,羽毛球馆-5号,09:00-10:00,0,1,可预约,￥12.0,多云,17,14,4,0.0,85,28
2026-05-21 08:30:42,2026-05-22,4,羽毛球馆-5号,09:00-10:00,0,1,可预约,￥12.0,多云,18,15,4,0.0,84,28
2026-05-21 08:35:31,2026-05-22,4,羽毛球馆-5号,09:00-10:00,0,1,可预约,￥12.0,多云,18,15,4,0.0,84,28
2026-05-21 08:40:38,2026-05-22,4,羽毛球馆-5号,09:00-10:00,0,1,可预约,￥12.0,多云,18,15,4,0.0,82,28
2026-05-21 08:45:33,2026-05-22,4,羽毛球馆-5号,09:00-10:00,0,1,可预约,￥12.0,多云,18,15,4,0.0,82,28
2026-05-21 08:50:36,2026-05-22,4,羽毛球馆-5号,09:00-10:00,0,1,可预约,￥12.0,多云,18,15,4,0.0,82,28
2026-05-21 08:55:34,2026-05-22,4,羽毛球馆-5号,09:00-10:00,0,1,可预约,￥12.0,多云,18,15,4,0.0,84,28
2026-05-21 09:00:51,2026-05-22,4,羽毛球馆-5号,09:00-10:00,0,1,可预约,￥12.0,多云,18,15,4,0.0,84,28
2026-05-21 09:01:59,2026-05-22,4,羽毛球馆-5号,09:00-10:00,0,1,可预约,￥12.0,多云,18,15,4,0.0,83,28
2026-05-21 09:05:33,2026-05-22,4,羽毛球馆-5号,09:00-10:00,0,1,可预约,￥12.0,多云,18,15,4,0.0,83,28
2026-05-21 09:20:38,2026-05-22,4,羽毛球馆-5号,09:00-10:00,0,1,可预约,￥12.0,多云,18,16,3,0.0,81,28
2026-05-21 09:30:46,2026-05-22,4,羽毛球馆-5号,09:00-10:00,0,1,可预约,￥12.0,多云,18,16,3,0.0,81,32
2026-05-21 09:40:36,2026-05-22,4,羽毛球馆-5号,09:00-10:00,0,1,可预约,￥12.0,多云,19,17,3,0.0,79,32
2026-05-21 09:50:42,2026-05-22,4,羽毛球馆-5号,09:00-10:00,0,1,可预约,￥12.0,多云,19,17,4,0.0,81,32
2026-05-21 10:00:46,2026-05-22,4,羽毛球馆-5号,09:00-10:00,0,1,可预约,￥12.0,多云,19,17,4,0.0,79,32
2026-05-21 10:10:40,2026-05-22,4,羽毛球馆-5号,09:00-10:00,0,1,可预约,￥12.0,多云,19,17,4,0.0,79,32
2026-05-21 10:20:38,2026-05-22,4,羽毛球馆-5号,09:00-10:00,0,1,可预约,￥12.0,多云,19,17,4,0.0,79,32
2026-05-21 10:30:41,2026-05-22,4,羽毛球馆-5号,09:00-10:00,0,1,可预约,￥12.0,多云,19,18,3,0.0,78,31
2026-05-21 11:00:44,2026-05-22,4,羽毛球馆-5号,09:00-10:00,0,1,可预约,￥12.0,多云,21,17,5,0.0,74,31
2026-05-21 11:30:38,2026-05-22,4,羽毛球馆-5号,09:00-10:00,0,1,可预约,￥12.0,多云,21,19,3,0.0,72,33
2026-05-21 12:00:46,2026-05-22,4,羽毛球馆-5号,09:00-10:00,0,1,可预约,￥12.0,多云,22,19,4,0.0,70,33
2026-05-21 12:30:42,2026-05-22,4,羽毛球馆-5号,09:00-10:00,0,1,可预约,￥12.0,多云,22,21,3,0.0,68,35
2026-05-21 13:00:43,2026-05-22,4,羽毛球馆-5号,09:00-10:00,0,1,可预约,￥12.0,多云,24,22,4,0.0,66,35
2026-05-21 13:30:43,2026-05-22,4,羽毛球馆-5号,09:00-10:00,0,1,可预约,￥12.0,多云,24,22,4,0.0,66,36
2026-05-21 14:00:48,2026-05-22,4,羽毛球馆-5号,09:00-10:00,0,1,可预约,￥12.0,多云,25,23,4,0.0,66,36
2026-05-21 14:30:45,2026-05-22,4,羽毛球馆-5号,09:00-10:00,0,1,可预约,￥12.0,晴,25,25,3,0.0,65,39
2026-05-21 15:00:45,2026-05-22,4,羽毛球馆-5号,09:00-10:00,0,1,可预约,￥12.0,晴,25,22,4,0.0,56,39
2026-05-21 15:30:43,2026-05-22,4,羽毛球馆-5号,09:00-10:00,0,1,可预约,￥12.0,晴,25,23,4,0.0,57,40
2026-05-21 16:00:51,2026-05-22,4,羽毛球馆-5号,09:00-10:00,0,1,可预约,￥12.0,晴,25,23,4,0.0,57,40
2026-05-21 16:30:48,2026-05-22,4,羽毛球馆-5号,09:00-10:00,0,1,可预约,￥12.0,晴,25,24,3,0.0,60,39
2026-05-21 17:00:49,2026-05-22,4,羽毛球馆-5号,09:00-10:00,0,1,可预约,￥12.0,晴,25,24,4,0.0,61,39
2026-05-21 17:30:47,2026-05-22,4,羽毛球馆-5号,09:00-10:00,0,1,可预约,￥12.0,多云,24,23,3,0.0,64,39
2026-05-21 18:00:50,2026-05-22,4,羽毛球馆-5号,09:00-10:00,0,1,可预约,￥12.0,多云,24,23,3,0.0,68,39
2026-05-21 18:30:50,2026-05-22,4,羽毛球馆-5号,09:00-10:00,0,1,可预约,￥12.0,阴,24,25,2,0.0,68,40
2026-05-21 19:00:50,2026-05-22,4,羽毛球馆-5号,09:00-10:00,0,1,可预约,￥12.0,阴,23,23,3,0.0,76,40
2026-05-21 19:30:46,2026-05-22,4,羽毛球馆-5号,09:00-10:00,0,1,可预约,￥12.0,阴,23,24,2,0.0,77,39
2026-05-21 20:00:49,2026-05-22,4,羽毛球馆-5号,09:00-10:00,0,1,可预约,￥12.0,雾,22,23,2,0.0,89,39
2026-05-21 20:30:44,2026-05-22,4,羽毛球馆-5号,09:00-10:00,0,1,可预约,￥12.0,雾,22,24,2,0.0,93,43
2026-05-21 21:00:56,2026-05-22,4,羽毛球馆-5号,09:00-10:00,0,1,可预约,￥12.0,雾,20,21,2,0.0,98,43
2026-05-21 21:30:46,2026-05-22,4,羽毛球馆-5号,09:00-10:00,0,1,可预约,￥12.0,雾,20,22,1,0.0,99,41
2026-05-21 22:01:02,2026-05-22,4,羽毛球馆-5号,09:00-10:00,0,1,可预约,￥12.0,雾,19,20,2,0.0,93,41
2026-05-21 22:30:47,2026-05-22,4,羽毛球馆-5号,09:00-10:00,0,1,可预约,￥12.0,雾,19,19,3,0.0,88,46
2026-05-21 23:00:56,2026-05-22,4,羽毛球馆-5号,09:00-10:00,0,1,可预约,￥12.0,多云,18,17,3,0.0,85,46
2026-05-21 23:30:55,2026-05-22,4,羽毛球馆-5号,09:00-10:00,0,1,可预约,￥12.0,多云,18,17,3,0.0,85,48
2026-05-21 08:00:45,2026-05-22,4,羽毛球馆-5号,10:00-11:00,1,1,已售/已满,教学时间,晴,17,12,5,0.0,86,29
2026-05-21 08:02:30,2026-05-22,4,羽毛球馆-5号,10:00-11:00,1,1,已售/已满,教学时间,多云,17,12,5,0.0,87,29
2026-05-21 08:05:36,2026-05-22,4,羽毛球馆-5号,10:00-11:00,1,1,已售/已满,教学时间,多云,17,12,5,0.0,86,29
2026-05-21 08:08:31,2026-05-22,4,羽毛球馆-5号,10:00-11:00,1,1,已售/已满,教学时间,多云,17,12,5,0.0,86,29
2026-05-21 08:11:30,2026-05-22,4,羽毛球馆-5号,10:00-11:00,1,1,已售/已满,教学时间,多云,17,12,5,0.0,86,29
2026-05-21 08:14:31,2026-05-22,4,羽毛球馆-5号,10:00-11:00,1,1,已售/已满,教学时间,多云,17,12,5,0.0,86,29
2026-05-21 08:17:30,2026-05-22,4,羽毛球馆-5号,10:00-11:00,1,1,已售/已满,教学时间,多云,17,12,5,0.0,86,29
2026-05-21 08:20:35,2026-05-22,4,羽毛球馆-5号,10:00-11:00,1,1,已售/已满,教学时间,多云,17,14,4,0.0,85,29
2026-05-21 08:25:32,2026-05-22,4,羽毛球馆-5号,10:00-11:00,1,1,已售/已满,教学时间,多云,17,14,4,0.0,85,28
2026-05-21 08:30:42,2026-05-22,4,羽毛球馆-5号,10:00-11:00,1,1,已售/已满,教学时间,多云,18,15,4,0.0,84,28
2026-05-21 08:35:31,2026-05-22,4,羽毛球馆-5号,10:00-11:00,1,1,已售/已满,教学时间,多云,18,15,4,0.0,84,28
2026-05-21 08:40:38,2026-05-22,4,羽毛球馆-5号,10:00-11:00,1,1,已售/已满,教学时间,多云,18,15,4,0.0,82,28
2026-05-21 08:45:33,2026-05-22,4,羽毛球馆-5号,10:00-11:00,1,1,已售/已满,教学时间,多云,18,15,4,0.0,82,28
2026-05-21 08:50:36,2026-05-22,4,羽毛球馆-5号,10:00-11:00,1,1,已售/已满,教学时间,多云,18,15,4,0.0,82,28
2026-05-21 08:55:34,2026-05-22,4,羽毛球馆-5号,10:00-11:00,1,1,已售/已满,教学时间,多云,18,15,4,0.0,84,28
2026-05-21 09:00:51,2026-05-22,4,羽毛球馆-5号,10:00-11:00,1,1,已售/已满,教学时间,多云,18,15,4,0.0,84,28
2026-05-21 09:01:59,2026-05-22,4,羽毛球馆-5号,10:00-11:00,1,1,已售/已满,教学时间,多云,18,15,4,0.0,83,28
2026-05-21 09:05:33,2026-05-22,4,羽毛球馆-5号,10:00-11:00,1,1,已售/已满,教学时间,多云,18,15,4,0.0,83,28
2026-05-21 09:20:38,2026-05-22,4,羽毛球馆-5号,10:00-11:00,1,1,已售/已满,教学时间,多云,18,16,3,0.0,81,28
2026-05-21 09:30:46,2026-05-22,4,羽毛球馆-5号,10:00-11:00,1,1,已售/已满,教学时间,多云,18,16,3,0.0,81,32
2026-05-21 09:40:36,2026-05-22,4,羽毛球馆-5号,10:00-11:00,1,1,已售/已满,教学时间,多云,19,17,3,0.0,79,32
2026-05-21 09:50:42,2026-05-22,4,羽毛球馆-5号,10:00-11:00,1,1,已售/已满,教学时间,多云,19,17,4,0.0,81,32
2026-05-21 10:00:46,2026-05-22,4,羽毛球馆-5号,10:00-11:00,1,1,已售/已满,教学时间,多云,19,17,4,0.0,79,32
2026-05-21 10:10:40,2026-05-22,4,羽毛球馆-5号,10:00-11:00,1,1,已售/已满,教学时间,多云,19,17,4,0.0,79,32
2026-05-21 10:20:38,2026-05-22,4,羽毛球馆-5号,10:00-11:00,1,1,已售/已满,教学时间,多云,19,17,4,0.0,79,32
2026-05-21 10:30:41,2026-05-22,4,羽毛球馆-5号,10:00-11:00,1,1,已售/已满,教学时间,多云,19,18,3,0.0,78,31
2026-05-21 11:00:44,2026-05-22,4,羽毛球馆-5号,10:00-11:00,1,1,已售/已满,教学时间,多云,21,17,5,0.0,74,31
2026-05-21 11:30:38,2026-05-22,4,羽毛球馆-5号,10:00-11:00,1,1,已售/已满,教学时间,多云,21,19,3,0.0,72,33
2026-05-21 12:00:46,2026-05-22,4,羽毛球馆-5号,10:00-11:00,1,1,已售/已满,教学时间,多云,22,19,4,0.0,70,33
2026-05-21 12:30:42,2026-05-22,4,羽毛球馆-5号,10:00-11:00,1,1,已售/已满,教学时间,多云,22,21,3,0.0,68,35
2026-05-21 13:00:43,2026-05-22,4,羽毛球馆-5号,10:00-11:00,1,1,已售/已满,教学时间,多云,24,22,4,0.0,66,35
2026-05-21 13:30:43,2026-05-22,4,羽毛球馆-5号,10:00-11:00,1,1,已售/已满,教学时间,多云,24,22,4,0.0,66,36
2026-05-21 14:00:48,2026-05-22,4,羽毛球馆-5号,10:00-11:00,1,1,已售/已满,教学时间,多云,25,23,4,0.0,66,36
2026-05-21 14:30:45,2026-05-22,4,羽毛球馆-5号,10:00-11:00,1,1,已售/已满,教学时间,晴,25,25,3,0.0,65,39
2026-05-21 15:00:45,2026-05-22,4,羽毛球馆-5号,10:00-11:00,1,1,已售/已满,教学时间,晴,25,22,4,0.0,56,39
2026-05-21 15:30:43,2026-05-22,4,羽毛球馆-5号,10:00-11:00,1,1,已售/已满,教学时间,晴,25,23,4,0.0,57,40
2026-05-21 16:00:51,2026-05-22,4,羽毛球馆-5号,10:00-11:00,1,1,已售/已满,教学时间,晴,25,23,4,0.0,57,40
2026-05-21 16:30:48,2026-05-22,4,羽毛球馆-5号,10:00-11:00,1,1,已售/已满,教学时间,晴,25,24,3,0.0,60,39
2026-05-21 17:00:49,2026-05-22,4,羽毛球馆-5号,10:00-11:00,1,1,已售/已满,教学时间,晴,25,24,4,0.0,61,39
2026-05-21 17:30:47,2026-05-22,4,羽毛球馆-5号,10:00-11:00,1,1,已售/已满,教学时间,多云,24,23,3,0.0,64,39
2026-05-21 18:00:50,2026-05-22,4,羽毛球馆-5号,10:00-11:00,1,1,已售/已满,教学时间,多云,24,23,3,0.0,68,39
2026-05-21 18:30:50,2026-05-22,4,羽毛球馆-5号,10:00-11:00,1,1,已售/已满,教学时间,阴,24,25,2,0.0,68,40
2026-05-21 19:00:50,2026-05-22,4,羽毛球馆-5号,10:00-11:00,1,1,已售/已满,教学时间,阴,23,23,3,0.0,76,40
2026-05-21 19:30:46,2026-05-22,4,羽毛球馆-5号,10:00-11:00,1,1,已售/已满,教学时间,阴,23,24,2,0.0,77,39
2026-05-21 20:00:49,2026-05-22,4,羽毛球馆-5号,10:00-11:00,1,1,已售/已满,教学时间,雾,22,23,2,0.0,89,39
2026-05-21 20:30:44,2026-05-22,4,羽毛球馆-5号,10:00-11:00,1,1,已售/已满,教学时间,雾,22,24,2,0.0,93,43
2026-05-21 21:00:56,2026-05-22,4,羽毛球馆-5号,10:00-11:00,1,1,已售/已满,教学时间,雾,20,21,2,0.0,98,43
2026-05-21 21:30:46,2026-05-22,4,羽毛球馆-5号,10:00-11:00,1,1,已售/已满,教学时间,雾,20,22,1,0.0,99,41
2026-05-21 22:01:02,2026-05-22,4,羽毛球馆-5号,10:00-11:00,1,1,已售/已满,教学时间,雾,19,20,2,0.0,93,41
2026-05-21 22:30:47,2026-05-22,4,羽毛球馆-5号,10:00-11:00,1,1,已售/已满,教学时间,雾,19,19,3,0.0,88,46
2026-05-21 23:00:56,2026-05-22,4,羽毛球馆-5号,10:00-11:00,1,1,已售/已满,教学时间,多云,18,17,3,0.0,85,46
2026-05-21 23:30:55,2026-05-22,4,羽毛球馆-5号,10:00-11:00,1,1,已售/已满,教学时间,多云,18,17,3,0.0,85,48
2026-05-21 08:00:45,2026-05-22,4,羽毛球馆-5号,11:00-12:00,1,1,已售/已满,教学时间,晴,17,12,5,0.0,86,29
2026-05-21 08:02:30,2026-05-22,4,羽毛球馆-5号,11:00-12:00,1,1,已售/已满,教学时间,多云,17,12,5,0.0,87,29
2026-05-21 08:05:36,2026-05-22,4,羽毛球馆-5号,11:00-12:00,1,1,已售/已满,教学时间,多云,17,12,5,0.0,86,29
2026-05-21 08:08:31,2026-05-22,4,羽毛球馆-5号,11:00-12:00,1,1,已售/已满,教学时间,多云,17,12,5,0.0,86,29
2026-05-21 08:11:30,2026-05-22,4,羽毛球馆-5号,11:00-12:00,1,1,已售/已满,教学时间,多云,17,12,5,0.0,86,29
2026-05-21 08:14:31,2026-05-22,4,羽毛球馆-5号,11:00-12:00,1,1,已售/已满,教学时间,多云,17,12,5,0.0,86,29
2026-05-21 08:17:30,2026-05-22,4,羽毛球馆-5号,11:00-12:00,1,1,已售/已满,教学时间,多云,17,12,5,0.0,86,29
2026-05-21 08:20:35,2026-05-22,4,羽毛球馆-5号,11:00-12:00,1,1,已售/已满,教学时间,多云,17,14,4,0.0,85,29
2026-05-21 08:25:32,2026-05-22,4,羽毛球馆-5号,11:00-12:00,1,1,已售/已满,教学时间,多云,17,14,4,0.0,85,28
2026-05-21 08:30:42,2026-05-22,4,羽毛球馆-5号,11:00-12:00,1,1,已售/已满,教学时间,多云,18,15,4,0.0,84,28
2026-05-21 08:35:31,2026-05-22,4,羽毛球馆-5号,11:00-12:00,1,1,已售/已满,教学时间,多云,18,15,4,0.0,84,28
2026-05-21 08:40:38,2026-05-22,4,羽毛球馆-5号,11:00-12:00,1,1,已售/已满,教学时间,多云,18,15,4,0.0,82,28
2026-05-21 08:45:33,2026-05-22,4,羽毛球馆-5号,11:00-12:00,1,1,已售/已满,教学时间,多云,18,15,4,0.0,82,28
2026-05-21 08:50:36,2026-05-22,4,羽毛球馆-5号,11:00-12:00,1,1,已售/已满,教学时间,多云,18,15,4,0.0,82,28
2026-05-21 08:55:34,2026-05-22,4,羽毛球馆-5号,11:00-12:00,1,1,已售/已满,教学时间,多云,18,15,4,0.0,84,28
2026-05-21 09:00:51,2026-05-22,4,羽毛球馆-5号,11:00-12:00,1,1,已售/已满,教学时间,多云,18,15,4,0.0,84,28
2026-05-21 09:01:59,2026-05-22,4,羽毛球馆-5号,11:00-12:00,1,1,已售/已满,教学时间,多云,18,15,4,0.0,83,28
2026-05-21 09:05:33,2026-05-22,4,羽毛球馆-5号,11:00-12:00,1,1,已售/已满,教学时间,多云,18,15,4,0.0,83,28
2026-05-21 09:20:38,2026-05-22,4,羽毛球馆-5号,11:00-12:00,1,1,已售/已满,教学时间,多云,18,16,3,0.0,81,28
2026-05-21 09:30:46,2026-05-22,4,羽毛球馆-5号,11:00-12:00,1,1,已售/已满,教学时间,多云,18,16,3,0.0,81,32
2026-05-21 09:40:36,2026-05-22,4,羽毛球馆-5号,11:00-12:00,1,1,已售/已满,教学时间,多云,19,17,3,0.0,79,32
2026-05-21 09:50:42,2026-05-22,4,羽毛球馆-5号,11:00-12:00,1,1,已售/已满,教学时间,多云,19,17,4,0.0,81,32
2026-05-21 10:00:46,2026-05-22,4,羽毛球馆-5号,11:00-12:00,1,1,已售/已满,教学时间,多云,19,17,4,0.0,79,32
2026-05-21 10:10:40,2026-05-22,4,羽毛球馆-5号,11:00-12:00,1,1,已售/已满,教学时间,多云,19,17,4,0.0,79,32
2026-05-21 10:20:38,2026-05-22,4,羽毛球馆-5号,11:00-12:00,1,1,已售/已满,教学时间,多云,19,17,4,0.0,79,32
2026-05-21 10:30:41,2026-05-22,4,羽毛球馆-5号,11:00-12:00,1,1,已售/已满,教学时间,多云,19,18,3,0.0,78,31
2026-05-21 11:00:44,2026-05-22,4,羽毛球馆-5号,11:00-12:00,1,1,已售/已满,教学时间,多云,21,17,5,0.0,74,31
2026-05-21 11:30:38,2026-05-22,4,羽毛球馆-5号,11:00-12:00,1,1,已售/已满,教学时间,多云,21,19,3,0.0,72,33
2026-05-21 12:00:46,2026-05-22,4,羽毛球馆-5号,11:00-12:00,1,1,已售/已满,教学时间,多云,22,19,4,0.0,70,33
2026-05-21 12:30:42,2026-05-22,4,羽毛球馆-5号,11:00-12:00,1,1,已售/已满,教学时间,多云,22,21,3,0.0,68,35
2026-05-21 13:00:43,2026-05-22,4,羽毛球馆-5号,11:00-12:00,1,1,已售/已满,教学时间,多云,24,22,4,0.0,66,35
2026-05-21 13:30:43,2026-05-22,4,羽毛球馆-5号,11:00-12:00,1,1,已售/已满,教学时间,多云,24,22,4,0.0,66,36
2026-05-21 14:00:48,2026-05-22,4,羽毛球馆-5号,11:00-12:00,1,1,已售/已满,教学时间,多云,25,23,4,0.0,66,36
2026-05-21 14:30:45,2026-05-22,4,羽毛球馆-5号,11:00-12:00,1,1,已售/已满,教学时间,晴,25,25,3,0.0,65,39
2026-05-21 15:00:45,2026-05-22,4,羽毛球馆-5号,11:00-12:00,1,1,已售/已满,教学时间,晴,25,22,4,0.0,56,39
2026-05-21 15:30:43,2026-05-22,4,羽毛球馆-5号,11:00-12:00,1,1,已售/已满,教学时间,晴,25,23,4,0.0,57,40
2026-05-21 16:00:51,2026-05-22,4,羽毛球馆-5号,11:00-12:00,1,1,已售/已满,教学时间,晴,25,23,4,0.0,57,40
2026-05-21 16:30:48,2026-05-22,4,羽毛球馆-5号,11:00-12:00,1,1,已售/已满,教学时间,晴,25,24,3,0.0,60,39
2026-05-21 17:00:49,2026-05-22,4,羽毛球馆-5号,11:00-12:00,1,1,已售/已满,教学时间,晴,25,24,4,0.0,61,39
2026-05-21 17:30:47,2026-05-22,4,羽毛球馆-5号,11:00-12:00,1,1,已售/已满,教学时间,多云,24,23,3,0.0,64,39
2026-05-21 18:00:50,2026-05-22,4,羽毛球馆-5号,11:00-12:00,1,1,已售/已满,教学时间,多云,24,23,3,0.0,68,39
2026-05-21 18:30:50,2026-05-22,4,羽毛球馆-5号,11:00-12:00,1,1,已售/已满,教学时间,阴,24,25,2,0.0,68,40
2026-05-21 19:00:50,2026-05-22,4,羽毛球馆-5号,11:00-12:00,1,1,已售/已满,教学时间,阴,23,23,3,0.0,76,40
2026-05-21 19:30:46,2026-05-22,4,羽毛球馆-5号,11:00-12:00,1,1,已售/已满,教学时间,阴,23,24,2,0.0,77,39
2026-05-21 20:00:49,2026-05-22,4,羽毛球馆-5号,11:00-12:00,1,1,已售/已满,教学时间,雾,22,23,2,0.0,89,39
2026-05-21 20:30:44,2026-05-22,4,羽毛球馆-5号,11:00-12:00,1,1,已售/已满,教学时间,雾,22,24,2,0.0,93,43
2026-05-21 21:00:56,2026-05-22,4,羽毛球馆-5号,11:00-12:00,1,1,已售/已满,教学时间,雾,20,21,2,0.0,98,43
2026-05-21 21:30:46,2026-05-22,4,羽毛球馆-5号,11:00-12:00,1,1,已售/已满,教学时间,雾,20,22,1,0.0,99,41
2026-05-21 22:01:02,2026-05-22,4,羽毛球馆-5号,11:00-12:00,1,1,已售/已满,教学时间,雾,19,20,2,0.0,93,41
2026-05-21 22:30:47,2026-05-22,4,羽毛球馆-5号,11:00-12:00,1,1,已售/已满,教学时间,雾,19,19,3,0.0,88,46
2026-05-21 23:00:56,2026-05-22,4,羽毛球馆-5号,11:00-12:00,1,1,已售/已满,教学时间,多云,18,17,3,0.0,85,46
2026-05-21 23:30:55,2026-05-22,4,羽毛球馆-5号,11:00-12:00,1,1,已售/已满,教学时间,多云,18,17,3,0.0,85,48
2026-05-21 08:00:45,2026-05-22,4,羽毛球馆-5号,12:00-12:55,1,1,已售/已满,已售,晴,17,12,5,0.0,86,29
2026-05-21 08:02:30,2026-05-22,4,羽毛球馆-5号,12:00-12:55,1,1,已售/已满,已售,多云,17,12,5,0.0,87,29
2026-05-21 08:05:36,2026-05-22,4,羽毛球馆-5号,12:00-12:55,1,1,已售/已满,已售,多云,17,12,5,0.0,86,29
2026-05-21 08:08:31,2026-05-22,4,羽毛球馆-5号,12:00-12:55,1,1,已售/已满,已售,多云,17,12,5,0.0,86,29
2026-05-21 08:11:30,2026-05-22,4,羽毛球馆-5号,12:00-12:55,1,1,已售/已满,已售,多云,17,12,5,0.0,86,29
2026-05-21 08:14:31,2026-05-22,4,羽毛球馆-5号,12:00-12:55,1,1,已售/已满,已售,多云,17,12,5,0.0,86,29
2026-05-21 08:17:30,2026-05-22,4,羽毛球馆-5号,12:00-12:55,1,1,已售/已满,已售,多云,17,12,5,0.0,86,29
2026-05-21 08:20:35,2026-05-22,4,羽毛球馆-5号,12:00-12:55,1,1,已售/已满,已售,多云,17,14,4,0.0,85,29
2026-05-21 08:25:32,2026-05-22,4,羽毛球馆-5号,12:00-12:55,1,1,已售/已满,已售,多云,17,14,4,0.0,85,28
2026-05-21 08:30:42,2026-05-22,4,羽毛球馆-5号,12:00-12:55,1,1,已售/已满,已售,多云,18,15,4,0.0,84,28
2026-05-21 08:35:31,2026-05-22,4,羽毛球馆-5号,12:00-12:55,1,1,已售/已满,已售,多云,18,15,4,0.0,84,28
2026-05-21 08:40:38,2026-05-22,4,羽毛球馆-5号,12:00-12:55,1,1,已售/已满,已售,多云,18,15,4,0.0,82,28
2026-05-21 08:45:33,2026-05-22,4,羽毛球馆-5号,12:00-12:55,1,1,已售/已满,已售,多云,18,15,4,0.0,82,28
2026-05-21 08:50:36,2026-05-22,4,羽毛球馆-5号,12:00-12:55,1,1,已售/已满,已售,多云,18,15,4,0.0,82,28
2026-05-21 08:55:34,2026-05-22,4,羽毛球馆-5号,12:00-12:55,1,1,已售/已满,已售,多云,18,15,4,0.0,84,28
2026-05-21 09:00:51,2026-05-22,4,羽毛球馆-5号,12:00-12:55,1,1,已售/已满,已售,多云,18,15,4,0.0,84,28
2026-05-21 09:01:59,2026-05-22,4,羽毛球馆-5号,12:00-12:55,1,1,已售/已满,已售,多云,18,15,4,0.0,83,28
2026-05-21 09:05:33,2026-05-22,4,羽毛球馆-5号,12:00-12:55,1,1,已售/已满,已售,多云,18,15,4,0.0,83,28
2026-05-21 09:20:38,2026-05-22,4,羽毛球馆-5号,12:00-12:55,1,1,已售/已满,已售,多云,18,16,3,0.0,81,28
2026-05-21 09:30:46,2026-05-22,4,羽毛球馆-5号,12:00-12:55,1,1,已售/已满,已售,多云,18,16,3,0.0,81,32
2026-05-21 09:40:36,2026-05-22,4,羽毛球馆-5号,12:00-12:55,1,1,已售/已满,已售,多云,19,17,3,0.0,79,32
2026-05-21 09:50:42,2026-05-22,4,羽毛球馆-5号,12:00-12:55,1,1,已售/已满,已售,多云,19,17,4,0.0,81,32
2026-05-21 10:00:46,2026-05-22,4,羽毛球馆-5号,12:00-12:55,1,1,已售/已满,已售,多云,19,17,4,0.0,79,32
2026-05-21 10:10:40,2026-05-22,4,羽毛球馆-5号,12:00-12:55,1,1,已售/已满,已售,多云,19,17,4,0.0,79,32
2026-05-21 10:20:38,2026-05-22,4,羽毛球馆-5号,12:00-12:55,1,1,已售/已满,已售,多云,19,17,4,0.0,79,32
2026-05-21 10:30:41,2026-05-22,4,羽毛球馆-5号,12:00-12:55,1,1,已售/已满,已售,多云,19,18,3,0.0,78,31
2026-05-21 11:00:44,2026-05-22,4,羽毛球馆-5号,12:00-12:55,1,1,已售/已满,已售,多云,21,17,5,0.0,74,31
2026-05-21 11:30:38,2026-05-22,4,羽毛球馆-5号,12:00-12:55,1,1,已售/已满,已售,多云,21,19,3,0.0,72,33
2026-05-21 12:00:46,2026-05-22,4,羽毛球馆-5号,12:00-12:55,1,1,已售/已满,已售,多云,22,19,4,0.0,70,33
2026-05-21 12:30:42,2026-05-22,4,羽毛球馆-5号,12:00-12:55,1,1,已售/已满,已售,多云,22,21,3,0.0,68,35
2026-05-21 13:00:43,2026-05-22,4,羽毛球馆-5号,12:00-12:55,1,1,已售/已满,已售,多云,24,22,4,0.0,66,35
2026-05-21 13:30:43,2026-05-22,4,羽毛球馆-5号,12:00-12:55,1,1,已售/已满,已售,多云,24,22,4,0.0,66,36
2026-05-21 14:00:48,2026-05-22,4,羽毛球馆-5号,12:00-12:55,1,1,已售/已满,已售,多云,25,23,4,0.0,66,36
2026-05-21 14:30:45,2026-05-22,4,羽毛球馆-5号,12:00-12:55,1,1,已售/已满,已售,晴,25,25,3,0.0,65,39
2026-05-21 15:00:45,2026-05-22,4,羽毛球馆-5号,12:00-12:55,1,1,已售/已满,已售,晴,25,22,4,0.0,56,39
2026-05-21 15:30:43,2026-05-22,4,羽毛球馆-5号,12:00-12:55,1,1,已售/已满,已售,晴,25,23,4,0.0,57,40
2026-05-21 16:00:51,2026-05-22,4,羽毛球馆-5号,12:00-12:55,1,1,已售/已满,已售,晴,25,23,4,0.0,57,40
2026-05-21 16:30:48,2026-05-22,4,羽毛球馆-5号,12:00-12:55,1,1,已售/已满,已售,晴,25,24,3,0.0,60,39
2026-05-21 17:00:49,2026-05-22,4,羽毛球馆-5号,12:00-12:55,1,1,已售/已满,已售,晴,25,24,4,0.0,61,39
2026-05-21 17:30:47,2026-05-22,4,羽毛球馆-5号,12:00-12:55,1,1,已售/已满,已售,多云,24,23,3,0.0,64,39
2026-05-21 18:00:50,2026-05-22,4,羽毛球馆-5号,12:00-12:55,1,1,已售/已满,已售,多云,24,23,3,0.0,68,39
2026-05-21 18:30:50,2026-05-22,4,羽毛球馆-5号,12:00-12:55,1,1,已售/已满,已售,阴,24,25,2,0.0,68,40
2026-05-21 19:00:50,2026-05-22,4,羽毛球馆-5号,12:00-12:55,1,1,已售/已满,已售,阴,23,23,3,0.0,76,40
2026-05-21 19:30:46,2026-05-22,4,羽毛球馆-5号,12:00-12:55,1,1,已售/已满,已售,阴,23,24,2,0.0,77,39
2026-05-21 20:00:49,2026-05-22,4,羽毛球馆-5号,12:00-12:55,1,1,已售/已满,已售,雾,22,23,2,0.0,89,39
2026-05-21 20:30:44,2026-05-22,4,羽毛球馆-5号,12:00-12:55,1,1,已售/已满,已售,雾,22,24,2,0.0,93,43
2026-05-21 21:00:56,2026-05-22,4,羽毛球馆-5号,12:00-12:55,1,1,已售/已满,已售,雾,20,21,2,0.0,98,43
2026-05-21 21:30:46,2026-05-22,4,羽毛球馆-5号,12:00-12:55,1,1,已售/已满,已售,雾,20,22,1,0.0,99,41
2026-05-21 22:01:02,2026-05-22,4,羽毛球馆-5号,12:00-12:55,1,1,已售/已满,已售,雾,19,20,2,0.0,93,41
2026-05-21 22:30:47,2026-05-22,4,羽毛球馆-5号,12:00-12:55,1,1,已售/已满,已售,雾,19,19,3,0.0,88,46
2026-05-21 23:00:56,2026-05-22,4,羽毛球馆-5号,12:00-12:55,1,1,已售/已满,已售,多云,18,17,3,0.0,85,46
2026-05-21 23:30:55,2026-05-22,4,羽毛球馆-5号,12:00-12:55,1,1,已售/已满,已售,多云,18,17,3,0.0,85,48
2026-05-21 08:00:45,2026-05-22,4,羽毛球馆-5号,12:55-13:50,1,1,已售/已满,已售,晴,17,12,5,0.0,86,29
2026-05-21 08:02:30,2026-05-22,4,羽毛球馆-5号,12:55-13:50,1,1,已售/已满,已售,多云,17,12,5,0.0,87,29
2026-05-21 08:05:36,2026-05-22,4,羽毛球馆-5号,12:55-13:50,1,1,已售/已满,已售,多云,17,12,5,0.0,86,29
2026-05-21 08:08:31,2026-05-22,4,羽毛球馆-5号,12:55-13:50,1,1,已售/已满,已售,多云,17,12,5,0.0,86,29
2026-05-21 08:11:30,2026-05-22,4,羽毛球馆-5号,12:55-13:50,1,1,已售/已满,已售,多云,17,12,5,0.0,86,29
2026-05-21 08:14:31,2026-05-22,4,羽毛球馆-5号,12:55-13:50,1,1,已售/已满,已售,多云,17,12,5,0.0,86,29
2026-05-21 08:17:30,2026-05-22,4,羽毛球馆-5号,12:55-13:50,1,1,已售/已满,已售,多云,17,12,5,0.0,86,29
2026-05-21 08:20:35,2026-05-22,4,羽毛球馆-5号,12:55-13:50,1,1,已售/已满,已售,多云,17,14,4,0.0,85,29
2026-05-21 08:25:32,2026-05-22,4,羽毛球馆-5号,12:55-13:50,1,1,已售/已满,已售,多云,17,14,4,0.0,85,28
2026-05-21 08:30:42,2026-05-22,4,羽毛球馆-5号,12:55-13:50,1,1,已售/已满,已售,多云,18,15,4,0.0,84,28
2026-05-21 08:35:31,2026-05-22,4,羽毛球馆-5号,12:55-13:50,1,1,已售/已满,已售,多云,18,15,4,0.0,84,28
2026-05-21 08:40:38,2026-05-22,4,羽毛球馆-5号,12:55-13:50,1,1,已售/已满,已售,多云,18,15,4,0.0,82,28
2026-05-21 08:45:33,2026-05-22,4,羽毛球馆-5号,12:55-13:50,1,1,已售/已满,已售,多云,18,15,4,0.0,82,28
2026-05-21 08:50:36,2026-05-22,4,羽毛球馆-5号,12:55-13:50,1,1,已售/已满,已售,多云,18,15,4,0.0,82,28
2026-05-21 08:55:34,2026-05-22,4,羽毛球馆-5号,12:55-13:50,1,1,已售/已满,已售,多云,18,15,4,0.0,84,28
2026-05-21 09:00:51,2026-05-22,4,羽毛球馆-5号,12:55-13:50,1,1,已售/已满,已售,多云,18,15,4,0.0,84,28
2026-05-21 09:01:59,2026-05-22,4,羽毛球馆-5号,12:55-13:50,1,1,已售/已满,已售,多云,18,15,4,0.0,83,28
2026-05-21 09:05:33,2026-05-22,4,羽毛球馆-5号,12:55-13:50,1,1,已售/已满,已售,多云,18,15,4,0.0,83,28
2026-05-21 09:20:38,2026-05-22,4,羽毛球馆-5号,12:55-13:50,1,1,已售/已满,已售,多云,18,16,3,0.0,81,28
2026-05-21 09:30:46,2026-05-22,4,羽毛球馆-5号,12:55-13:50,1,1,已售/已满,已售,多云,18,16,3,0.0,81,32
2026-05-21 09:40:36,2026-05-22,4,羽毛球馆-5号,12:55-13:50,1,1,已售/已满,已售,多云,19,17,3,0.0,79,32
2026-05-21 09:50:42,2026-05-22,4,羽毛球馆-5号,12:55-13:50,1,1,已售/已满,已售,多云,19,17,4,0.0,81,32
2026-05-21 10:00:46,2026-05-22,4,羽毛球馆-5号,12:55-13:50,1,1,已售/已满,已售,多云,19,17,4,0.0,79,32
2026-05-21 10:10:40,2026-05-22,4,羽毛球馆-5号,12:55-13:50,1,1,已售/已满,已售,多云,19,17,4,0.0,79,32
2026-05-21 10:20:38,2026-05-22,4,羽毛球馆-5号,12:55-13:50,1,1,已售/已满,已售,多云,19,17,4,0.0,79,32
2026-05-21 10:30:41,2026-05-22,4,羽毛球馆-5号,12:55-13:50,1,1,已售/已满,已售,多云,19,18,3,0.0,78,31
2026-05-21 11:00:44,2026-05-22,4,羽毛球馆-5号,12:55-13:50,1,1,已售/已满,已售,多云,21,17,5,0.0,74,31
2026-05-21 11:30:38,2026-05-22,4,羽毛球馆-5号,12:55-13:50,1,1,已售/已满,已售,多云,21,19,3,0.0,72,33
2026-05-21 12:00:46,2026-05-22,4,羽毛球馆-5号,12:55-13:50,1,1,已售/已满,已售,多云,22,19,4,0.0,70,33
2026-05-21 12:30:42,2026-05-22,4,羽毛球馆-5号,12:55-13:50,1,1,已售/已满,已售,多云,22,21,3,0.0,68,35
2026-05-21 13:00:43,2026-05-22,4,羽毛球馆-5号,12:55-13:50,1,1,已售/已满,已售,多云,24,22,4,0.0,66,35
2026-05-21 13:30:43,2026-05-22,4,羽毛球馆-5号,12:55-13:50,1,1,已售/已满,已售,多云,24,22,4,0.0,66,36
2026-05-21 14:00:48,2026-05-22,4,羽毛球馆-5号,12:55-13:50,1,1,已售/已满,已售,多云,25,23,4,0.0,66,36
2026-05-21 14:30:45,2026-05-22,4,羽毛球馆-5号,12:55-13:50,1,1,已售/已满,已售,晴,25,25,3,0.0,65,39
2026-05-21 15:00:45,2026-05-22,4,羽毛球馆-5号,12:55-13:50,1,1,已售/已满,已售,晴,25,22,4,0.0,56,39
2026-05-21 15:30:43,2026-05-22,4,羽毛球馆-5号,12:55-13:50,1,1,已售/已满,已售,晴,25,23,4,0.0,57,40
2026-05-21 16:00:51,2026-05-22,4,羽毛球馆-5号,12:55-13:50,1,1,已售/已满,已售,晴,25,23,4,0.0,57,40
2026-05-21 16:30:48,2026-05-22,4,羽毛球馆-5号,12:55-13:50,1,1,已售/已满,已售,晴,25,24,3,0.0,60,39
2026-05-21 17:00:49,2026-05-22,4,羽毛球馆-5号,12:55-13:50,1,1,已售/已满,已售,晴,25,24,4,0.0,61,39
2026-05-21 17:30:47,2026-05-22,4,羽毛球馆-5号,12:55-13:50,1,1,已售/已满,已售,多云,24,23,3,0.0,64,39
2026-05-21 18:00:50,2026-05-22,4,羽毛球馆-5号,12:55-13:50,1,1,已售/已满,已售,多云,24,23,3,0.0,68,39
2026-05-21 18:30:50,2026-05-22,4,羽毛球馆-5号,12:55-13:50,1,1,已售/已满,已售,阴,24,25,2,0.0,68,40
2026-05-21 19:00:50,2026-05-22,4,羽毛球馆-5号,12:55-13:50,1,1,已售/已满,已售,阴,23,23,3,0.0,76,40
2026-05-21 19:30:46,2026-05-22,4,羽毛球馆-5号,12:55-13:50,1,1,已售/已满,已售,阴,23,24,2,0.0,77,39
2026-05-21 20:00:49,2026-05-22,4,羽毛球馆-5号,12:55-13:50,1,1,已售/已满,已售,雾,22,23,2,0.0,89,39
2026-05-21 20:30:44,2026-05-22,4,羽毛球馆-5号,12:55-13:50,1,1,已售/已满,已售,雾,22,24,2,0.0,93,43
2026-05-21 21:00:56,2026-05-22,4,羽毛球馆-5号,12:55-13:50,1,1,已售/已满,已售,雾,20,21,2,0.0,98,43
2026-05-21 21:30:46,2026-05-22,4,羽毛球馆-5号,12:55-13:50,1,1,已售/已满,已售,雾,20,22,1,0.0,99,41
2026-05-21 22:01:02,2026-05-22,4,羽毛球馆-5号,12:55-13:50,1,1,已售/已满,已售,雾,19,20,2,0.0,93,41
2026-05-21 22:30:47,2026-05-22,4,羽毛球馆-5号,12:55-13:50,1,1,已售/已满,已售,雾,19,19,3,0.0,88,46
2026-05-21 23:00:56,2026-05-22,4,羽毛球馆-5号,12:55-13:50,1,1,已售/已满,已售,多云,18,17,3,0.0,85,46
2026-05-21 23:30:55,2026-05-22,4,羽毛球馆-5号,12:55-13:50,1,1,已售/已满,已售,多云,18,17,3,0.0,85,48
2026-05-21 08:00:45,2026-05-22,4,羽毛球馆-5号,14:00-15:00,1,1,已售/已满,教学时间,晴,17,12,5,0.0,86,29
2026-05-21 08:02:30,2026-05-22,4,羽毛球馆-5号,14:00-15:00,1,1,已售/已满,教学时间,多云,17,12,5,0.0,87,29
2026-05-21 08:05:36,2026-05-22,4,羽毛球馆-5号,14:00-15:00,1,1,已售/已满,教学时间,多云,17,12,5,0.0,86,29
2026-05-21 08:08:31,2026-05-22,4,羽毛球馆-5号,14:00-15:00,1,1,已售/已满,教学时间,多云,17,12,5,0.0,86,29
2026-05-21 08:11:30,2026-05-22,4,羽毛球馆-5号,14:00-15:00,1,1,已售/已满,教学时间,多云,17,12,5,0.0,86,29
2026-05-21 08:14:31,2026-05-22,4,羽毛球馆-5号,14:00-15:00,1,1,已售/已满,教学时间,多云,17,12,5,0.0,86,29
2026-05-21 08:17:30,2026-05-22,4,羽毛球馆-5号,14:00-15:00,1,1,已售/已满,教学时间,多云,17,12,5,0.0,86,29
2026-05-21 08:20:35,2026-05-22,4,羽毛球馆-5号,14:00-15:00,1,1,已售/已满,教学时间,多云,17,14,4,0.0,85,29
2026-05-21 08:25:32,2026-05-22,4,羽毛球馆-5号,14:00-15:00,1,1,已售/已满,教学时间,多云,17,14,4,0.0,85,28
2026-05-21 08:30:42,2026-05-22,4,羽毛球馆-5号,14:00-15:00,1,1,已售/已满,教学时间,多云,18,15,4,0.0,84,28
2026-05-21 08:35:31,2026-05-22,4,羽毛球馆-5号,14:00-15:00,1,1,已售/已满,教学时间,多云,18,15,4,0.0,84,28
2026-05-21 08:40:38,2026-05-22,4,羽毛球馆-5号,14:00-15:00,1,1,已售/已满,教学时间,多云,18,15,4,0.0,82,28
2026-05-21 08:45:33,2026-05-22,4,羽毛球馆-5号,14:00-15:00,1,1,已售/已满,教学时间,多云,18,15,4,0.0,82,28
2026-05-21 08:50:36,2026-05-22,4,羽毛球馆-5号,14:00-15:00,1,1,已售/已满,教学时间,多云,18,15,4,0.0,82,28
2026-05-21 08:55:34,2026-05-22,4,羽毛球馆-5号,14:00-15:00,1,1,已售/已满,教学时间,多云,18,15,4,0.0,84,28
2026-05-21 09:00:51,2026-05-22,4,羽毛球馆-5号,14:00-15:00,1,1,已售/已满,教学时间,多云,18,15,4,0.0,84,28
2026-05-21 09:01:59,2026-05-22,4,羽毛球馆-5号,14:00-15:00,1,1,已售/已满,教学时间,多云,18,15,4,0.0,83,28
2026-05-21 09:05:33,2026-05-22,4,羽毛球馆-5号,14:00-15:00,1,1,已售/已满,教学时间,多云,18,15,4,0.0,83,28
2026-05-21 09:20:38,2026-05-22,4,羽毛球馆-5号,14:00-15:00,1,1,已售/已满,教学时间,多云,18,16,3,0.0,81,28
2026-05-21 09:30:46,2026-05-22,4,羽毛球馆-5号,14:00-15:00,1,1,已售/已满,教学时间,多云,18,16,3,0.0,81,32
2026-05-21 09:40:36,2026-05-22,4,羽毛球馆-5号,14:00-15:00,1,1,已售/已满,教学时间,多云,19,17,3,0.0,79,32
2026-05-21 09:50:42,2026-05-22,4,羽毛球馆-5号,14:00-15:00,1,1,已售/已满,教学时间,多云,19,17,4,0.0,81,32
2026-05-21 10:00:46,2026-05-22,4,羽毛球馆-5号,14:00-15:00,1,1,已售/已满,教学时间,多云,19,17,4,0.0,79,32
2026-05-21 10:10:40,2026-05-22,4,羽毛球馆-5号,14:00-15:00,1,1,已售/已满,教学时间,多云,19,17,4,0.0,79,32
2026-05-21 10:20:38,2026-05-22,4,羽毛球馆-5号,14:00-15:00,1,1,已售/已满,教学时间,多云,19,17,4,0.0,79,32
2026-05-21 10:30:41,2026-05-22,4,羽毛球馆-5号,14:00-15:00,1,1,已售/已满,教学时间,多云,19,18,3,0.0,78,31
2026-05-21 11:00:44,2026-05-22,4,羽毛球馆-5号,14:00-15:00,1,1,已售/已满,教学时间,多云,21,17,5,0.0,74,31
2026-05-21 11:30:38,2026-05-22,4,羽毛球馆-5号,14:00-15:00,1,1,已售/已满,教学时间,多云,21,19,3,0.0,72,33
2026-05-21 12:00:46,2026-05-22,4,羽毛球馆-5号,14:00-15:00,1,1,已售/已满,教学时间,多云,22,19,4,0.0,70,33
2026-05-21 12:30:42,2026-05-22,4,羽毛球馆-5号,14:00-15:00,1,1,已售/已满,教学时间,多云,22,21,3,0.0,68,35
2026-05-21 13:00:43,2026-05-22,4,羽毛球馆-5号,14:00-15:00,1,1,已售/已满,教学时间,多云,24,22,4,0.0,66,35
2026-05-21 13:30:43,2026-05-22,4,羽毛球馆-5号,14:00-15:00,1,1,已售/已满,教学时间,多云,24,22,4,0.0,66,36
2026-05-21 14:00:48,2026-05-22,4,羽毛球馆-5号,14:00-15:00,1,1,已售/已满,教学时间,多云,25,23,4,0.0,66,36
2026-05-21 14:30:45,2026-05-22,4,羽毛球馆-5号,14:00-15:00,1,1,已售/已满,教学时间,晴,25,25,3,0.0,65,39
2026-05-21 15:00:45,2026-05-22,4,羽毛球馆-5号,14:00-15:00,1,1,已售/已满,教学时间,晴,25,22,4,0.0,56,39
2026-05-21 15:30:43,2026-05-22,4,羽毛球馆-5号,14:00-15:00,1,1,已售/已满,教学时间,晴,25,23,4,0.0,57,40
2026-05-21 16:00:51,2026-05-22,4,羽毛球馆-5号,14:00-15:00,1,1,已售/已满,教学时间,晴,25,23,4,0.0,57,40
2026-05-21 16:30:48,2026-05-22,4,羽毛球馆-5号,14:00-15:00,1,1,已售/已满,教学时间,晴,25,24,3,0.0,60,39
2026-05-21 17:00:49,2026-05-22,4,羽毛球馆-5号,14:00-15:00,1,1,已售/已满,教学时间,晴,25,24,4,0.0,61,39
2026-05-21 17:30:47,2026-05-22,4,羽毛球馆-5号,14:00-15:00,1,1,已售/已满,教学时间,多云,24,23,3,0.0,64,39
2026-05-21 18:00:50,2026-05-22,4,羽毛球馆-5号,14:00-15:00,1,1,已售/已满,教学时间,多云,24,23,3,0.0,68,39
2026-05-21 18:30:50,2026-05-22,4,羽毛球馆-5号,14:00-15:00,1,1,已售/已满,教学时间,阴,24,25,2,0.0,68,40
2026-05-21 19:00:50,2026-05-22,4,羽毛球馆-5号,14:00-15:00,1,1,已售/已满,教学时间,阴,23,23,3,0.0,76,40
2026-05-21 19:30:46,2026-05-22,4,羽毛球馆-5号,14:00-15:00,1,1,已售/已满,教学时间,阴,23,24,2,0.0,77,39
2026-05-21 20:00:49,2026-05-22,4,羽毛球馆-5号,14:00-15:00,1,1,已售/已满,教学时间,雾,22,23,2,0.0,89,39
2026-05-21 20:30:44,2026-05-22,4,羽毛球馆-5号,14:00-15:00,1,1,已售/已满,教学时间,雾,22,24,2,0.0,93,43
2026-05-21 21:00:56,2026-05-22,4,羽毛球馆-5号,14:00-15:00,1,1,已售/已满,教学时间,雾,20,21,2,0.0,98,43
2026-05-21 21:30:46,2026-05-22,4,羽毛球馆-5号,14:00-15:00,1,1,已售/已满,教学时间,雾,20,22,1,0.0,99,41
2026-05-21 22:01:02,2026-05-22,4,羽毛球馆-5号,14:00-15:00,1,1,已售/已满,教学时间,雾,19,20,2,0.0,93,41
2026-05-21 22:30:47,2026-05-22,4,羽毛球馆-5号,14:00-15:00,1,1,已售/已满,教学时间,雾,19,19,3,0.0,88,46
2026-05-21 23:00:56,2026-05-22,4,羽毛球馆-5号,14:00-15:00,1,1,已售/已满,教学时间,多云,18,17,3,0.0,85,46
2026-05-21 23:30:55,2026-05-22,4,羽毛球馆-5号,14:00-15:00,1,1,已售/已满,教学时间,多云,18,17,3,0.0,85,48
2026-05-21 08:00:45,2026-05-22,4,羽毛球馆-5号,15:00-16:00,1,1,已售/已满,教学时间,晴,17,12,5,0.0,86,29
2026-05-21 08:02:30,2026-05-22,4,羽毛球馆-5号,15:00-16:00,1,1,已售/已满,教学时间,多云,17,12,5,0.0,87,29
2026-05-21 08:05:36,2026-05-22,4,羽毛球馆-5号,15:00-16:00,1,1,已售/已满,教学时间,多云,17,12,5,0.0,86,29
2026-05-21 08:08:31,2026-05-22,4,羽毛球馆-5号,15:00-16:00,1,1,已售/已满,教学时间,多云,17,12,5,0.0,86,29
2026-05-21 08:11:30,2026-05-22,4,羽毛球馆-5号,15:00-16:00,1,1,已售/已满,教学时间,多云,17,12,5,0.0,86,29
2026-05-21 08:14:31,2026-05-22,4,羽毛球馆-5号,15:00-16:00,1,1,已售/已满,教学时间,多云,17,12,5,0.0,86,29
2026-05-21 08:17:30,2026-05-22,4,羽毛球馆-5号,15:00-16:00,1,1,已售/已满,教学时间,多云,17,12,5,0.0,86,29
2026-05-21 08:20:35,2026-05-22,4,羽毛球馆-5号,15:00-16:00,1,1,已售/已满,教学时间,多云,17,14,4,0.0,85,29
2026-05-21 08:25:32,2026-05-22,4,羽毛球馆-5号,15:00-16:00,1,1,已售/已满,教学时间,多云,17,14,4,0.0,85,28
2026-05-21 08:30:42,2026-05-22,4,羽毛球馆-5号,15:00-16:00,1,1,已售/已满,教学时间,多云,18,15,4,0.0,84,28
2026-05-21 08:35:31,2026-05-22,4,羽毛球馆-5号,15:00-16:00,1,1,已售/已满,教学时间,多云,18,15,4,0.0,84,28
2026-05-21 08:40:38,2026-05-22,4,羽毛球馆-5号,15:00-16:00,1,1,已售/已满,教学时间,多云,18,15,4,0.0,82,28
2026-05-21 08:45:33,2026-05-22,4,羽毛球馆-5号,15:00-16:00,1,1,已售/已满,教学时间,多云,18,15,4,0.0,82,28
2026-05-21 08:50:36,2026-05-22,4,羽毛球馆-5号,15:00-16:00,1,1,已售/已满,教学时间,多云,18,15,4,0.0,82,28
2026-05-21 08:55:34,2026-05-22,4,羽毛球馆-5号,15:00-16:00,1,1,已售/已满,教学时间,多云,18,15,4,0.0,84,28
2026-05-21 09:00:51,2026-05-22,4,羽毛球馆-5号,15:00-16:00,1,1,已售/已满,教学时间,多云,18,15,4,0.0,84,28
2026-05-21 09:01:59,2026-05-22,4,羽毛球馆-5号,15:00-16:00,1,1,已售/已满,教学时间,多云,18,15,4,0.0,83,28
2026-05-21 09:05:33,2026-05-22,4,羽毛球馆-5号,15:00-16:00,1,1,已售/已满,教学时间,多云,18,15,4,0.0,83,28
2026-05-21 09:20:38,2026-05-22,4,羽毛球馆-5号,15:00-16:00,1,1,已售/已满,教学时间,多云,18,16,3,0.0,81,28
2026-05-21 09:30:46,2026-05-22,4,羽毛球馆-5号,15:00-16:00,1,1,已售/已满,教学时间,多云,18,16,3,0.0,81,32
2026-05-21 09:40:36,2026-05-22,4,羽毛球馆-5号,15:00-16:00,1,1,已售/已满,教学时间,多云,19,17,3,0.0,79,32
2026-05-21 09:50:42,2026-05-22,4,羽毛球馆-5号,15:00-16:00,1,1,已售/已满,教学时间,多云,19,17,4,0.0,81,32
2026-05-21 10:00:46,2026-05-22,4,羽毛球馆-5号,15:00-16:00,1,1,已售/已满,教学时间,多云,19,17,4,0.0,79,32
2026-05-21 10:10:40,2026-05-22,4,羽毛球馆-5号,15:00-16:00,1,1,已售/已满,教学时间,多云,19,17,4,0.0,79,32
2026-05-21 10:20:38,2026-05-22,4,羽毛球馆-5号,15:00-16:00,1,1,已售/已满,教学时间,多云,19,17,4,0.0,79,32
2026-05-21 10:30:41,2026-05-22,4,羽毛球馆-5号,15:00-16:00,1,1,已售/已满,教学时间,多云,19,18,3,0.0,78,31
2026-05-21 11:00:44,2026-05-22,4,羽毛球馆-5号,15:00-16:00,1,1,已售/已满,教学时间,多云,21,17,5,0.0,74,31
2026-05-21 11:30:38,2026-05-22,4,羽毛球馆-5号,15:00-16:00,1,1,已售/已满,教学时间,多云,21,19,3,0.0,72,33
2026-05-21 12:00:46,2026-05-22,4,羽毛球馆-5号,15:00-16:00,1,1,已售/已满,教学时间,多云,22,19,4,0.0,70,33
2026-05-21 12:30:42,2026-05-22,4,羽毛球馆-5号,15:00-16:00,1,1,已售/已满,教学时间,多云,22,21,3,0.0,68,35
2026-05-21 13:00:43,2026-05-22,4,羽毛球馆-5号,15:00-16:00,1,1,已售/已满,教学时间,多云,24,22,4,0.0,66,35
2026-05-21 13:30:43,2026-05-22,4,羽毛球馆-5号,15:00-16:00,1,1,已售/已满,教学时间,多云,24,22,4,0.0,66,36
2026-05-21 14:00:48,2026-05-22,4,羽毛球馆-5号,15:00-16:00,1,1,已售/已满,教学时间,多云,25,23,4,0.0,66,36
2026-05-21 14:30:45,2026-05-22,4,羽毛球馆-5号,15:00-16:00,1,1,已售/已满,教学时间,晴,25,25,3,0.0,65,39
2026-05-21 15:00:45,2026-05-22,4,羽毛球馆-5号,15:00-16:00,1,1,已售/已满,教学时间,晴,25,22,4,0.0,56,39
2026-05-21 15:30:43,2026-05-22,4,羽毛球馆-5号,15:00-16:00,1,1,已售/已满,教学时间,晴,25,23,4,0.0,57,40
2026-05-21 16:00:51,2026-05-22,4,羽毛球馆-5号,15:00-16:00,1,1,已售/已满,教学时间,晴,25,23,4,0.0,57,40
2026-05-21 16:30:48,2026-05-22,4,羽毛球馆-5号,15:00-16:00,1,1,已售/已满,教学时间,晴,25,24,3,0.0,60,39
2026-05-21 17:00:49,2026-05-22,4,羽毛球馆-5号,15:00-16:00,1,1,已售/已满,教学时间,晴,25,24,4,0.0,61,39
2026-05-21 17:30:47,2026-05-22,4,羽毛球馆-5号,15:00-16:00,1,1,已售/已满,教学时间,多云,24,23,3,0.0,64,39
2026-05-21 18:00:50,2026-05-22,4,羽毛球馆-5号,15:00-16:00,1,1,已售/已满,教学时间,多云,24,23,3,0.0,68,39
2026-05-21 18:30:50,2026-05-22,4,羽毛球馆-5号,15:00-16:00,1,1,已售/已满,教学时间,阴,24,25,2,0.0,68,40
2026-05-21 19:00:50,2026-05-22,4,羽毛球馆-5号,15:00-16:00,1,1,已售/已满,教学时间,阴,23,23,3,0.0,76,40
2026-05-21 19:30:46,2026-05-22,4,羽毛球馆-5号,15:00-16:00,1,1,已售/已满,教学时间,阴,23,24,2,0.0,77,39
2026-05-21 20:00:49,2026-05-22,4,羽毛球馆-5号,15:00-16:00,1,1,已售/已满,教学时间,雾,22,23,2,0.0,89,39
2026-05-21 20:30:44,2026-05-22,4,羽毛球馆-5号,15:00-16:00,1,1,已售/已满,教学时间,雾,22,24,2,0.0,93,43
2026-05-21 21:00:56,2026-05-22,4,羽毛球馆-5号,15:00-16:00,1,1,已售/已满,教学时间,雾,20,21,2,0.0,98,43
2026-05-21 21:30:46,2026-05-22,4,羽毛球馆-5号,15:00-16:00,1,1,已售/已满,教学时间,雾,20,22,1,0.0,99,41
2026-05-21 22:01:02,2026-05-22,4,羽毛球馆-5号,15:00-16:00,1,1,已售/已满,教学时间,雾,19,20,2,0.0,93,41
2026-05-21 22:30:47,2026-05-22,4,羽毛球馆-5号,15:00-16:00,1,1,已售/已满,教学时间,雾,19,19,3,0.0,88,46
2026-05-21 23:00:56,2026-05-22,4,羽毛球馆-5号,15:00-16:00,1,1,已售/已满,教学时间,多云,18,17,3,0.0,85,46
2026-05-21 23:30:55,2026-05-22,4,羽毛球馆-5号,15:00-16:00,1,1,已售/已满,教学时间,多云,18,17,3,0.0,85,48
2026-05-21 08:00:45,2026-05-22,4,羽毛球馆-5号,16:00-17:00,0,1,可预约,￥12.0,晴,17,12,5,0.0,86,29
2026-05-21 08:02:30,2026-05-22,4,羽毛球馆-5号,16:00-17:00,0,1,可预约,￥12.0,多云,17,12,5,0.0,87,29
2026-05-21 08:05:36,2026-05-22,4,羽毛球馆-5号,16:00-17:00,0,1,可预约,￥12.0,多云,17,12,5,0.0,86,29
2026-05-21 08:08:31,2026-05-22,4,羽毛球馆-5号,16:00-17:00,0,1,可预约,￥12.0,多云,17,12,5,0.0,86,29
2026-05-21 08:11:30,2026-05-22,4,羽毛球馆-5号,16:00-17:00,0,1,可预约,￥12.0,多云,17,12,5,0.0,86,29
2026-05-21 08:14:31,2026-05-22,4,羽毛球馆-5号,16:00-17:00,0,1,可预约,￥12.0,多云,17,12,5,0.0,86,29
2026-05-21 08:17:30,2026-05-22,4,羽毛球馆-5号,16:00-17:00,0,1,可预约,￥12.0,多云,17,12,5,0.0,86,29
2026-05-21 08:20:35,2026-05-22,4,羽毛球馆-5号,16:00-17:00,0,1,可预约,￥12.0,多云,17,14,4,0.0,85,29
2026-05-21 08:25:32,2026-05-22,4,羽毛球馆-5号,16:00-17:00,0,1,可预约,￥12.0,多云,17,14,4,0.0,85,28
2026-05-21 08:30:42,2026-05-22,4,羽毛球馆-5号,16:00-17:00,0,1,可预约,￥12.0,多云,18,15,4,0.0,84,28
2026-05-21 08:35:31,2026-05-22,4,羽毛球馆-5号,16:00-17:00,0,1,可预约,￥12.0,多云,18,15,4,0.0,84,28
2026-05-21 08:40:38,2026-05-22,4,羽毛球馆-5号,16:00-17:00,0,1,可预约,￥12.0,多云,18,15,4,0.0,82,28
2026-05-21 08:45:33,2026-05-22,4,羽毛球馆-5号,16:00-17:00,0,1,可预约,￥12.0,多云,18,15,4,0.0,82,28
2026-05-21 08:50:36,2026-05-22,4,羽毛球馆-5号,16:00-17:00,0,1,可预约,￥12.0,多云,18,15,4,0.0,82,28
2026-05-21 08:55:34,2026-05-22,4,羽毛球馆-5号,16:00-17:00,0,1,可预约,￥12.0,多云,18,15,4,0.0,84,28
2026-05-21 09:00:51,2026-05-22,4,羽毛球馆-5号,16:00-17:00,0,1,可预约,￥12.0,多云,18,15,4,0.0,84,28
2026-05-21 09:01:59,2026-05-22,4,羽毛球馆-5号,16:00-17:00,0,1,可预约,￥12.0,多云,18,15,4,0.0,83,28
2026-05-21 09:05:33,2026-05-22,4,羽毛球馆-5号,16:00-17:00,0,1,可预约,￥12.0,多云,18,15,4,0.0,83,28
2026-05-21 09:20:38,2026-05-22,4,羽毛球馆-5号,16:00-17:00,0,1,可预约,￥12.0,多云,18,16,3,0.0,81,28
2026-05-21 09:30:46,2026-05-22,4,羽毛球馆-5号,16:00-17:00,0,1,可预约,￥12.0,多云,18,16,3,0.0,81,32
2026-05-21 09:40:36,2026-05-22,4,羽毛球馆-5号,16:00-17:00,0,1,可预约,￥12.0,多云,19,17,3,0.0,79,32
2026-05-21 09:50:42,2026-05-22,4,羽毛球馆-5号,16:00-17:00,0,1,可预约,￥12.0,多云,19,17,4,0.0,81,32
2026-05-21 10:00:46,2026-05-22,4,羽毛球馆-5号,16:00-17:00,0,1,可预约,￥12.0,多云,19,17,4,0.0,79,32
2026-05-21 10:10:40,2026-05-22,4,羽毛球馆-5号,16:00-17:00,0,1,可预约,￥12.0,多云,19,17,4,0.0,79,32
2026-05-21 10:20:38,2026-05-22,4,羽毛球馆-5号,16:00-17:00,0,1,可预约,￥12.0,多云,19,17,4,0.0,79,32
2026-05-21 10:30:41,2026-05-22,4,羽毛球馆-5号,16:00-17:00,0,1,可预约,￥12.0,多云,19,18,3,0.0,78,31
2026-05-21 11:00:44,2026-05-22,4,羽毛球馆-5号,16:00-17:00,1,1,已售/已满,已售,多云,21,17,5,0.0,74,31
2026-05-21 11:30:38,2026-05-22,4,羽毛球馆-5号,16:00-17:00,1,1,已售/已满,已售,多云,21,19,3,0.0,72,33
2026-05-21 12:00:46,2026-05-22,4,羽毛球馆-5号,16:00-17:00,1,1,已售/已满,已售,多云,22,19,4,0.0,70,33
2026-05-21 12:30:42,2026-05-22,4,羽毛球馆-5号,16:00-17:00,1,1,已售/已满,已售,多云,22,21,3,0.0,68,35
2026-05-21 13:00:43,2026-05-22,4,羽毛球馆-5号,16:00-17:00,1,1,已售/已满,已售,多云,24,22,4,0.0,66,35
2026-05-21 13:30:43,2026-05-22,4,羽毛球馆-5号,16:00-17:00,1,1,已售/已满,已售,多云,24,22,4,0.0,66,36
2026-05-21 14:00:48,2026-05-22,4,羽毛球馆-5号,16:00-17:00,1,1,已售/已满,已售,多云,25,23,4,0.0,66,36
2026-05-21 14:30:45,2026-05-22,4,羽毛球馆-5号,16:00-17:00,1,1,已售/已满,已售,晴,25,25,3,0.0,65,39
2026-05-21 15:00:45,2026-05-22,4,羽毛球馆-5号,16:00-17:00,1,1,已售/已满,已售,晴,25,22,4,0.0,56,39
2026-05-21 15:30:43,2026-05-22,4,羽毛球馆-5号,16:00-17:00,1,1,已售/已满,已售,晴,25,23,4,0.0,57,40
2026-05-21 16:00:51,2026-05-22,4,羽毛球馆-5号,16:00-17:00,1,1,已售/已满,已售,晴,25,23,4,0.0,57,40
2026-05-21 16:30:48,2026-05-22,4,羽毛球馆-5号,16:00-17:00,1,1,已售/已满,已售,晴,25,24,3,0.0,60,39
2026-05-21 17:00:49,2026-05-22,4,羽毛球馆-5号,16:00-17:00,1,1,已售/已满,已售,晴,25,24,4,0.0,61,39
2026-05-21 17:30:47,2026-05-22,4,羽毛球馆-5号,16:00-17:00,1,1,已售/已满,已售,多云,24,23,3,0.0,64,39
2026-05-21 18:00:50,2026-05-22,4,羽毛球馆-5号,16:00-17:00,1,1,已售/已满,已售,多云,24,23,3,0.0,68,39
2026-05-21 18:30:50,2026-05-22,4,羽毛球馆-5号,16:00-17:00,1,1,已售/已满,已售,阴,24,25,2,0.0,68,40
2026-05-21 19:00:50,2026-05-22,4,羽毛球馆-5号,16:00-17:00,1,1,已售/已满,已售,阴,23,23,3,0.0,76,40
2026-05-21 19:30:46,2026-05-22,4,羽毛球馆-5号,16:00-17:00,1,1,已售/已满,已售,阴,23,24,2,0.0,77,39
2026-05-21 20:00:49,2026-05-22,4,羽毛球馆-5号,16:00-17:00,1,1,已售/已满,已售,雾,22,23,2,0.0,89,39
2026-05-21 20:30:44,2026-05-22,4,羽毛球馆-5号,16:00-17:00,1,1,已售/已满,已售,雾,22,24,2,0.0,93,43
2026-05-21 21:00:56,2026-05-22,4,羽毛球馆-5号,16:00-17:00,1,1,已售/已满,已售,雾,20,21,2,0.0,98,43
2026-05-21 21:30:46,2026-05-22,4,羽毛球馆-5号,16:00-17:00,1,1,已售/已满,已售,雾,20,22,1,0.0,99,41
2026-05-21 22:01:02,2026-05-22,4,羽毛球馆-5号,16:00-17:00,1,1,已售/已满,已售,雾,19,20,2,0.0,93,41
2026-05-21 22:30:47,2026-05-22,4,羽毛球馆-5号,16:00-17:00,1,1,已售/已满,已售,雾,19,19,3,0.0,88,46
2026-05-21 23:00:56,2026-05-22,4,羽毛球馆-5号,16:00-17:00,1,1,已售/已满,已售,多云,18,17,3,0.0,85,46
2026-05-21 23:30:55,2026-05-22,4,羽毛球馆-5号,16:00-17:00,1,1,已售/已满,已售,多云,18,17,3,0.0,85,48
2026-05-21 08:00:45,2026-05-22,4,羽毛球馆-5号,17:00-18:00,0,1,可预约,￥12.0,晴,17,12,5,0.0,86,29
2026-05-21 08:02:30,2026-05-22,4,羽毛球馆-5号,17:00-18:00,0,1,可预约,￥12.0,多云,17,12,5,0.0,87,29
2026-05-21 08:05:36,2026-05-22,4,羽毛球馆-5号,17:00-18:00,0,1,可预约,￥12.0,多云,17,12,5,0.0,86,29
2026-05-21 08:08:31,2026-05-22,4,羽毛球馆-5号,17:00-18:00,0,1,可预约,￥12.0,多云,17,12,5,0.0,86,29
2026-05-21 08:11:30,2026-05-22,4,羽毛球馆-5号,17:00-18:00,0,1,可预约,￥12.0,多云,17,12,5,0.0,86,29
2026-05-21 08:14:31,2026-05-22,4,羽毛球馆-5号,17:00-18:00,0,1,可预约,￥12.0,多云,17,12,5,0.0,86,29
2026-05-21 08:17:30,2026-05-22,4,羽毛球馆-5号,17:00-18:00,0,1,可预约,￥12.0,多云,17,12,5,0.0,86,29
2026-05-21 08:20:35,2026-05-22,4,羽毛球馆-5号,17:00-18:00,0,1,可预约,￥12.0,多云,17,14,4,0.0,85,29
2026-05-21 08:25:32,2026-05-22,4,羽毛球馆-5号,17:00-18:00,0,1,可预约,￥12.0,多云,17,14,4,0.0,85,28
2026-05-21 08:30:42,2026-05-22,4,羽毛球馆-5号,17:00-18:00,0,1,可预约,￥12.0,多云,18,15,4,0.0,84,28
2026-05-21 08:35:31,2026-05-22,4,羽毛球馆-5号,17:00-18:00,0,1,可预约,￥12.0,多云,18,15,4,0.0,84,28
2026-05-21 08:40:38,2026-05-22,4,羽毛球馆-5号,17:00-18:00,0,1,可预约,￥12.0,多云,18,15,4,0.0,82,28
2026-05-21 08:45:33,2026-05-22,4,羽毛球馆-5号,17:00-18:00,0,1,可预约,￥12.0,多云,18,15,4,0.0,82,28
2026-05-21 08:50:36,2026-05-22,4,羽毛球馆-5号,17:00-18:00,0,1,可预约,￥12.0,多云,18,15,4,0.0,82,28
2026-05-21 08:55:34,2026-05-22,4,羽毛球馆-5号,17:00-18:00,0,1,可预约,￥12.0,多云,18,15,4,0.0,84,28
2026-05-21 09:00:51,2026-05-22,4,羽毛球馆-5号,17:00-18:00,0,1,可预约,￥12.0,多云,18,15,4,0.0,84,28
2026-05-21 09:01:59,2026-05-22,4,羽毛球馆-5号,17:00-18:00,0,1,可预约,￥12.0,多云,18,15,4,0.0,83,28
2026-05-21 09:05:33,2026-05-22,4,羽毛球馆-5号,17:00-18:00,0,1,可预约,￥12.0,多云,18,15,4,0.0,83,28
2026-05-21 09:20:38,2026-05-22,4,羽毛球馆-5号,17:00-18:00,0,1,可预约,￥12.0,多云,18,16,3,0.0,81,28
2026-05-21 09:30:46,2026-05-22,4,羽毛球馆-5号,17:00-18:00,0,1,可预约,￥12.0,多云,18,16,3,0.0,81,32
2026-05-21 09:40:36,2026-05-22,4,羽毛球馆-5号,17:00-18:00,0,1,可预约,￥12.0,多云,19,17,3,0.0,79,32
2026-05-21 09:50:42,2026-05-22,4,羽毛球馆-5号,17:00-18:00,0,1,可预约,￥12.0,多云,19,17,4,0.0,81,32
2026-05-21 10:00:46,2026-05-22,4,羽毛球馆-5号,17:00-18:00,0,1,可预约,￥12.0,多云,19,17,4,0.0,79,32
2026-05-21 10:10:40,2026-05-22,4,羽毛球馆-5号,17:00-18:00,0,1,可预约,￥12.0,多云,19,17,4,0.0,79,32
2026-05-21 10:20:38,2026-05-22,4,羽毛球馆-5号,17:00-18:00,0,1,可预约,￥12.0,多云,19,17,4,0.0,79,32
2026-05-21 10:30:41,2026-05-22,4,羽毛球馆-5号,17:00-18:00,0,1,可预约,￥12.0,多云,19,18,3,0.0,78,31
2026-05-21 11:00:44,2026-05-22,4,羽毛球馆-5号,17:00-18:00,1,1,已售/已满,已售,多云,21,17,5,0.0,74,31
2026-05-21 11:30:38,2026-05-22,4,羽毛球馆-5号,17:00-18:00,1,1,已售/已满,已售,多云,21,19,3,0.0,72,33
2026-05-21 12:00:46,2026-05-22,4,羽毛球馆-5号,17:00-18:00,1,1,已售/已满,已售,多云,22,19,4,0.0,70,33
2026-05-21 12:30:42,2026-05-22,4,羽毛球馆-5号,17:00-18:00,1,1,已售/已满,已售,多云,22,21,3,0.0,68,35
2026-05-21 13:00:43,2026-05-22,4,羽毛球馆-5号,17:00-18:00,1,1,已售/已满,已售,多云,24,22,4,0.0,66,35
2026-05-21 13:30:43,2026-05-22,4,羽毛球馆-5号,17:00-18:00,1,1,已售/已满,已售,多云,24,22,4,0.0,66,36
2026-05-21 14:00:48,2026-05-22,4,羽毛球馆-5号,17:00-18:00,1,1,已售/已满,已售,多云,25,23,4,0.0,66,36
2026-05-21 14:30:45,2026-05-22,4,羽毛球馆-5号,17:00-18:00,1,1,已售/已满,已售,晴,25,25,3,0.0,65,39
2026-05-21 15:00:45,2026-05-22,4,羽毛球馆-5号,17:00-18:00,1,1,已售/已满,已售,晴,25,22,4,0.0,56,39
2026-05-21 15:30:43,2026-05-22,4,羽毛球馆-5号,17:00-18:00,1,1,已售/已满,已售,晴,25,23,4,0.0,57,40
2026-05-21 16:00:51,2026-05-22,4,羽毛球馆-5号,17:00-18:00,1,1,已售/已满,已售,晴,25,23,4,0.0,57,40
2026-05-21 16:30:48,2026-05-22,4,羽毛球馆-5号,17:00-18:00,1,1,已售/已满,已售,晴,25,24,3,0.0,60,39
2026-05-21 17:00:49,2026-05-22,4,羽毛球馆-5号,17:00-18:00,1,1,已售/已满,已售,晴,25,24,4,0.0,61,39
2026-05-21 17:30:47,2026-05-22,4,羽毛球馆-5号,17:00-18:00,1,1,已售/已满,已售,多云,24,23,3,0.0,64,39
2026-05-21 18:00:50,2026-05-22,4,羽毛球馆-5号,17:00-18:00,1,1,已售/已满,已售,多云,24,23,3,0.0,68,39
2026-05-21 18:30:50,2026-05-22,4,羽毛球馆-5号,17:00-18:00,1,1,已售/已满,已售,阴,24,25,2,0.0,68,40
2026-05-21 19:00:50,2026-05-22,4,羽毛球馆-5号,17:00-18:00,1,1,已售/已满,已售,阴,23,23,3,0.0,76,40
2026-05-21 19:30:46,2026-05-22,4,羽毛球馆-5号,17:00-18:00,1,1,已售/已满,已售,阴,23,24,2,0.0,77,39
2026-05-21 20:00:49,2026-05-22,4,羽毛球馆-5号,17:00-18:00,1,1,已售/已满,已售,雾,22,23,2,0.0,89,39
2026-05-21 20:30:44,2026-05-22,4,羽毛球馆-5号,17:00-18:00,1,1,已售/已满,已售,雾,22,24,2,0.0,93,43
2026-05-21 21:00:56,2026-05-22,4,羽毛球馆-5号,17:00-18:00,1,1,已售/已满,已售,雾,20,21,2,0.0,98,43
2026-05-21 21:30:46,2026-05-22,4,羽毛球馆-5号,17:00-18:00,1,1,已售/已满,已售,雾,20,22,1,0.0,99,41
2026-05-21 22:01:02,2026-05-22,4,羽毛球馆-5号,17:00-18:00,1,1,已售/已满,已售,雾,19,20,2,0.0,93,41
2026-05-21 22:30:47,2026-05-22,4,羽毛球馆-5号,17:00-18:00,1,1,已售/已满,已售,雾,19,19,3,0.0,88,46
2026-05-21 23:00:56,2026-05-22,4,羽毛球馆-5号,17:00-18:00,1,1,已售/已满,已售,多云,18,17,3,0.0,85,46
2026-05-21 23:30:55,2026-05-22,4,羽毛球馆-5号,17:00-18:00,1,1,已售/已满,已售,多云,18,17,3,0.0,85,48
2026-05-21 08:00:45,2026-05-22,4,羽毛球馆-5号,18:30-19:30,0,1,可预约,￥12.0,晴,17,12,5,0.0,86,29
2026-05-21 08:02:30,2026-05-22,4,羽毛球馆-5号,18:30-19:30,0,1,可预约,￥12.0,多云,17,12,5,0.0,87,29
2026-05-21 08:05:36,2026-05-22,4,羽毛球馆-5号,18:30-19:30,0,1,可预约,￥12.0,多云,17,12,5,0.0,86,29
2026-05-21 08:08:31,2026-05-22,4,羽毛球馆-5号,18:30-19:30,0,1,可预约,￥12.0,多云,17,12,5,0.0,86,29
2026-05-21 08:11:30,2026-05-22,4,羽毛球馆-5号,18:30-19:30,0,1,可预约,￥12.0,多云,17,12,5,0.0,86,29
2026-05-21 08:14:31,2026-05-22,4,羽毛球馆-5号,18:30-19:30,0,1,可预约,￥12.0,多云,17,12,5,0.0,86,29
2026-05-21 08:17:30,2026-05-22,4,羽毛球馆-5号,18:30-19:30,0,1,可预约,￥12.0,多云,17,12,5,0.0,86,29
2026-05-21 08:20:35,2026-05-22,4,羽毛球馆-5号,18:30-19:30,0,1,可预约,￥12.0,多云,17,14,4,0.0,85,29
2026-05-21 08:25:32,2026-05-22,4,羽毛球馆-5号,18:30-19:30,0,1,可预约,￥12.0,多云,17,14,4,0.0,85,28
2026-05-21 08:30:42,2026-05-22,4,羽毛球馆-5号,18:30-19:30,0,1,可预约,￥12.0,多云,18,15,4,0.0,84,28
2026-05-21 08:35:31,2026-05-22,4,羽毛球馆-5号,18:30-19:30,0,1,可预约,￥12.0,多云,18,15,4,0.0,84,28
2026-05-21 08:40:38,2026-05-22,4,羽毛球馆-5号,18:30-19:30,1,1,已售/已满,已售,多云,18,15,4,0.0,82,28
2026-05-21 08:45:33,2026-05-22,4,羽毛球馆-5号,18:30-19:30,1,1,已售/已满,已售,多云,18,15,4,0.0,82,28
2026-05-21 08:50:36,2026-05-22,4,羽毛球馆-5号,18:30-19:30,1,1,已售/已满,已售,多云,18,15,4,0.0,82,28
2026-05-21 08:55:34,2026-05-22,4,羽毛球馆-5号,18:30-19:30,1,1,已售/已满,已售,多云,18,15,4,0.0,84,28
2026-05-21 09:00:51,2026-05-22,4,羽毛球馆-5号,18:30-19:30,1,1,已售/已满,已售,多云,18,15,4,0.0,84,28
2026-05-21 09:01:59,2026-05-22,4,羽毛球馆-5号,18:30-19:30,1,1,已售/已满,已售,多云,18,15,4,0.0,83,28
2026-05-21 09:05:33,2026-05-22,4,羽毛球馆-5号,18:30-19:30,1,1,已售/已满,已售,多云,18,15,4,0.0,83,28
2026-05-21 09:20:38,2026-05-22,4,羽毛球馆-5号,18:30-19:30,1,1,已售/已满,已售,多云,18,16,3,0.0,81,28
2026-05-21 09:30:46,2026-05-22,4,羽毛球馆-5号,18:30-19:30,1,1,已售/已满,已售,多云,18,16,3,0.0,81,32
2026-05-21 09:40:36,2026-05-22,4,羽毛球馆-5号,18:30-19:30,1,1,已售/已满,已售,多云,19,17,3,0.0,79,32
2026-05-21 09:50:42,2026-05-22,4,羽毛球馆-5号,18:30-19:30,1,1,已售/已满,已售,多云,19,17,4,0.0,81,32
2026-05-21 10:00:46,2026-05-22,4,羽毛球馆-5号,18:30-19:30,1,1,已售/已满,已售,多云,19,17,4,0.0,79,32
2026-05-21 10:10:40,2026-05-22,4,羽毛球馆-5号,18:30-19:30,1,1,已售/已满,已售,多云,19,17,4,0.0,79,32
2026-05-21 10:20:38,2026-05-22,4,羽毛球馆-5号,18:30-19:30,1,1,已售/已满,已售,多云,19,17,4,0.0,79,32
2026-05-21 10:30:41,2026-05-22,4,羽毛球馆-5号,18:30-19:30,1,1,已售/已满,已售,多云,19,18,3,0.0,78,31
2026-05-21 11:00:44,2026-05-22,4,羽毛球馆-5号,18:30-19:30,1,1,已售/已满,已售,多云,21,17,5,0.0,74,31
2026-05-21 11:30:38,2026-05-22,4,羽毛球馆-5号,18:30-19:30,1,1,已售/已满,已售,多云,21,19,3,0.0,72,33
2026-05-21 12:00:46,2026-05-22,4,羽毛球馆-5号,18:30-19:30,1,1,已售/已满,已售,多云,22,19,4,0.0,70,33
2026-05-21 12:30:42,2026-05-22,4,羽毛球馆-5号,18:30-19:30,1,1,已售/已满,已售,多云,22,21,3,0.0,68,35
2026-05-21 13:00:43,2026-05-22,4,羽毛球馆-5号,18:30-19:30,1,1,已售/已满,已售,多云,24,22,4,0.0,66,35
2026-05-21 13:30:43,2026-05-22,4,羽毛球馆-5号,18:30-19:30,1,1,已售/已满,已售,多云,24,22,4,0.0,66,36
2026-05-21 14:00:48,2026-05-22,4,羽毛球馆-5号,18:30-19:30,1,1,已售/已满,已售,多云,25,23,4,0.0,66,36
2026-05-21 14:30:45,2026-05-22,4,羽毛球馆-5号,18:30-19:30,1,1,已售/已满,已售,晴,25,25,3,0.0,65,39
2026-05-21 15:00:45,2026-05-22,4,羽毛球馆-5号,18:30-19:30,1,1,已售/已满,已售,晴,25,22,4,0.0,56,39
2026-05-21 15:30:43,2026-05-22,4,羽毛球馆-5号,18:30-19:30,1,1,已售/已满,已售,晴,25,23,4,0.0,57,40
2026-05-21 16:00:51,2026-05-22,4,羽毛球馆-5号,18:30-19:30,1,1,已售/已满,已售,晴,25,23,4,0.0,57,40
2026-05-21 16:30:48,2026-05-22,4,羽毛球馆-5号,18:30-19:30,1,1,已售/已满,已售,晴,25,24,3,0.0,60,39
2026-05-21 17:00:49,2026-05-22,4,羽毛球馆-5号,18:30-19:30,1,1,已售/已满,已售,晴,25,24,4,0.0,61,39
2026-05-21 17:30:47,2026-05-22,4,羽毛球馆-5号,18:30-19:30,1,1,已售/已满,已售,多云,24,23,3,0.0,64,39
2026-05-21 18:00:50,2026-05-22,4,羽毛球馆-5号,18:30-19:30,1,1,已售/已满,已售,多云,24,23,3,0.0,68,39
2026-05-21 18:30:50,2026-05-22,4,羽毛球馆-5号,18:30-19:30,1,1,已售/已满,已售,阴,24,25,2,0.0,68,40
2026-05-21 19:00:50,2026-05-22,4,羽毛球馆-5号,18:30-19:30,1,1,已售/已满,已售,阴,23,23,3,0.0,76,40
2026-05-21 19:30:46,2026-05-22,4,羽毛球馆-5号,18:30-19:30,1,1,已售/已满,已售,阴,23,24,2,0.0,77,39
2026-05-21 20:00:49,2026-05-22,4,羽毛球馆-5号,18:30-19:30,1,1,已售/已满,已售,雾,22,23,2,0.0,89,39
2026-05-21 20:30:44,2026-05-22,4,羽毛球馆-5号,18:30-19:30,1,1,已售/已满,已售,雾,22,24,2,0.0,93,43
2026-05-21 21:00:56,2026-05-22,4,羽毛球馆-5号,18:30-19:30,1,1,已售/已满,已售,雾,20,21,2,0.0,98,43
2026-05-21 21:30:46,2026-05-22,4,羽毛球馆-5号,18:30-19:30,1,1,已售/已满,已售,雾,20,22,1,0.0,99,41
2026-05-21 22:01:02,2026-05-22,4,羽毛球馆-5号,18:30-19:30,1,1,已售/已满,已售,雾,19,20,2,0.0,93,41
2026-05-21 22:30:47,2026-05-22,4,羽毛球馆-5号,18:30-19:30,1,1,已售/已满,已售,雾,19,19,3,0.0,88,46
2026-05-21 23:00:56,2026-05-22,4,羽毛球馆-5号,18:30-19:30,1,1,已售/已满,已售,多云,18,17,3,0.0,85,46
2026-05-21 23:30:55,2026-05-22,4,羽毛球馆-5号,18:30-19:30,1,1,已售/已满,已售,多云,18,17,3,0.0,85,48
2026-05-21 08:00:45,2026-05-22,4,羽毛球馆-5号,19:30-20:30,1,1,未支付锁定,,晴,17,12,5,0.0,86,29
2026-05-21 08:02:30,2026-05-22,4,羽毛球馆-5号,19:30-20:30,1,1,已售/已满,已售,多云,17,12,5,0.0,87,29
2026-05-21 08:05:36,2026-05-22,4,羽毛球馆-5号,19:30-20:30,1,1,已售/已满,已售,多云,17,12,5,0.0,86,29
2026-05-21 08:08:31,2026-05-22,4,羽毛球馆-5号,19:30-20:30,1,1,已售/已满,已售,多云,17,12,5,0.0,86,29
2026-05-21 08:11:30,2026-05-22,4,羽毛球馆-5号,19:30-20:30,1,1,已售/已满,已售,多云,17,12,5,0.0,86,29
2026-05-21 08:14:31,2026-05-22,4,羽毛球馆-5号,19:30-20:30,1,1,已售/已满,已售,多云,17,12,5,0.0,86,29
2026-05-21 08:17:30,2026-05-22,4,羽毛球馆-5号,19:30-20:30,1,1,已售/已满,已售,多云,17,12,5,0.0,86,29
2026-05-21 08:20:35,2026-05-22,4,羽毛球馆-5号,19:30-20:30,1,1,已售/已满,已售,多云,17,14,4,0.0,85,29
2026-05-21 08:25:32,2026-05-22,4,羽毛球馆-5号,19:30-20:30,1,1,已售/已满,已售,多云,17,14,4,0.0,85,28
2026-05-21 08:30:42,2026-05-22,4,羽毛球馆-5号,19:30-20:30,1,1,已售/已满,已售,多云,18,15,4,0.0,84,28
2026-05-21 08:35:31,2026-05-22,4,羽毛球馆-5号,19:30-20:30,1,1,已售/已满,已售,多云,18,15,4,0.0,84,28
2026-05-21 08:40:38,2026-05-22,4,羽毛球馆-5号,19:30-20:30,1,1,已售/已满,已售,多云,18,15,4,0.0,82,28
2026-05-21 08:45:33,2026-05-22,4,羽毛球馆-5号,19:30-20:30,1,1,已售/已满,已售,多云,18,15,4,0.0,82,28
2026-05-21 08:50:36,2026-05-22,4,羽毛球馆-5号,19:30-20:30,1,1,已售/已满,已售,多云,18,15,4,0.0,82,28
2026-05-21 08:55:34,2026-05-22,4,羽毛球馆-5号,19:30-20:30,1,1,已售/已满,已售,多云,18,15,4,0.0,84,28
2026-05-21 09:00:51,2026-05-22,4,羽毛球馆-5号,19:30-20:30,1,1,已售/已满,已售,多云,18,15,4,0.0,84,28
2026-05-21 09:01:59,2026-05-22,4,羽毛球馆-5号,19:30-20:30,1,1,已售/已满,已售,多云,18,15,4,0.0,83,28
2026-05-21 09:05:33,2026-05-22,4,羽毛球馆-5号,19:30-20:30,1,1,已售/已满,已售,多云,18,15,4,0.0,83,28
2026-05-21 09:20:38,2026-05-22,4,羽毛球馆-5号,19:30-20:30,1,1,已售/已满,已售,多云,18,16,3,0.0,81,28
2026-05-21 09:30:46,2026-05-22,4,羽毛球馆-5号,19:30-20:30,1,1,已售/已满,已售,多云,18,16,3,0.0,81,32
2026-05-21 09:40:36,2026-05-22,4,羽毛球馆-5号,19:30-20:30,1,1,已售/已满,已售,多云,19,17,3,0.0,79,32
2026-05-21 09:50:42,2026-05-22,4,羽毛球馆-5号,19:30-20:30,1,1,已售/已满,已售,多云,19,17,4,0.0,81,32
2026-05-21 10:00:46,2026-05-22,4,羽毛球馆-5号,19:30-20:30,1,1,已售/已满,已售,多云,19,17,4,0.0,79,32
2026-05-21 10:10:40,2026-05-22,4,羽毛球馆-5号,19:30-20:30,1,1,已售/已满,已售,多云,19,17,4,0.0,79,32
2026-05-21 10:20:38,2026-05-22,4,羽毛球馆-5号,19:30-20:30,1,1,已售/已满,已售,多云,19,17,4,0.0,79,32
2026-05-21 10:30:41,2026-05-22,4,羽毛球馆-5号,19:30-20:30,1,1,已售/已满,已售,多云,19,18,3,0.0,78,31
2026-05-21 11:00:44,2026-05-22,4,羽毛球馆-5号,19:30-20:30,1,1,已售/已满,已售,多云,21,17,5,0.0,74,31
2026-05-21 11:30:38,2026-05-22,4,羽毛球馆-5号,19:30-20:30,1,1,已售/已满,已售,多云,21,19,3,0.0,72,33
2026-05-21 12:00:46,2026-05-22,4,羽毛球馆-5号,19:30-20:30,1,1,已售/已满,已售,多云,22,19,4,0.0,70,33
2026-05-21 12:30:42,2026-05-22,4,羽毛球馆-5号,19:30-20:30,1,1,已售/已满,已售,多云,22,21,3,0.0,68,35
2026-05-21 13:00:43,2026-05-22,4,羽毛球馆-5号,19:30-20:30,1,1,已售/已满,已售,多云,24,22,4,0.0,66,35
2026-05-21 13:30:43,2026-05-22,4,羽毛球馆-5号,19:30-20:30,1,1,已售/已满,已售,多云,24,22,4,0.0,66,36
2026-05-21 14:00:48,2026-05-22,4,羽毛球馆-5号,19:30-20:30,1,1,已售/已满,已售,多云,25,23,4,0.0,66,36
2026-05-21 14:30:45,2026-05-22,4,羽毛球馆-5号,19:30-20:30,1,1,已售/已满,已售,晴,25,25,3,0.0,65,39
2026-05-21 15:00:45,2026-05-22,4,羽毛球馆-5号,19:30-20:30,1,1,已售/已满,已售,晴,25,22,4,0.0,56,39
2026-05-21 15:30:43,2026-05-22,4,羽毛球馆-5号,19:30-20:30,1,1,已售/已满,已售,晴,25,23,4,0.0,57,40
2026-05-21 16:00:51,2026-05-22,4,羽毛球馆-5号,19:30-20:30,1,1,已售/已满,已售,晴,25,23,4,0.0,57,40
2026-05-21 16:30:48,2026-05-22,4,羽毛球馆-5号,19:30-20:30,1,1,已售/已满,已售,晴,25,24,3,0.0,60,39
2026-05-21 17:00:49,2026-05-22,4,羽毛球馆-5号,19:30-20:30,1,1,已售/已满,已售,晴,25,24,4,0.0,61,39
2026-05-21 17:30:47,2026-05-22,4,羽毛球馆-5号,19:30-20:30,1,1,已售/已满,已售,多云,24,23,3,0.0,64,39
2026-05-21 18:00:50,2026-05-22,4,羽毛球馆-5号,19:30-20:30,1,1,已售/已满,已售,多云,24,23,3,0.0,68,39
2026-05-21 18:30:50,2026-05-22,4,羽毛球馆-5号,19:30-20:30,1,1,已售/已满,已售,阴,24,25,2,0.0,68,40
2026-05-21 19:00:50,2026-05-22,4,羽毛球馆-5号,19:30-20:30,1,1,已售/已满,已售,阴,23,23,3,0.0,76,40
2026-05-21 19:30:46,2026-05-22,4,羽毛球馆-5号,19:30-20:30,1,1,已售/已满,已售,阴,23,24,2,0.0,77,39
2026-05-21 20:00:49,2026-05-22,4,羽毛球馆-5号,19:30-20:30,1,1,已售/已满,已售,雾,22,23,2,0.0,89,39
2026-05-21 20:30:44,2026-05-22,4,羽毛球馆-5号,19:30-20:30,1,1,已售/已满,已售,雾,22,24,2,0.0,93,43
2026-05-21 21:00:56,2026-05-22,4,羽毛球馆-5号,19:30-20:30,1,1,已售/已满,已售,雾,20,21,2,0.0,98,43
2026-05-21 21:30:46,2026-05-22,4,羽毛球馆-5号,19:30-20:30,1,1,已售/已满,已售,雾,20,22,1,0.0,99,41
2026-05-21 22:01:02,2026-05-22,4,羽毛球馆-5号,19:30-20:30,1,1,已售/已满,已售,雾,19,20,2,0.0,93,41
2026-05-21 22:30:47,2026-05-22,4,羽毛球馆-5号,19:30-20:30,1,1,已售/已满,已售,雾,19,19,3,0.0,88,46
2026-05-21 23:00:56,2026-05-22,4,羽毛球馆-5号,19:30-20:30,1,1,已售/已满,已售,多云,18,17,3,0.0,85,46
2026-05-21 23:30:55,2026-05-22,4,羽毛球馆-5号,19:30-20:30,1,1,已售/已满,已售,多云,18,17,3,0.0,85,48
2026-05-21 08:00:45,2026-05-22,4,羽毛球馆-5号,20:30-21:30,0,1,可预约,￥12.0,晴,17,12,5,0.0,86,29
2026-05-21 08:02:30,2026-05-22,4,羽毛球馆-5号,20:30-21:30,0,1,可预约,￥12.0,多云,17,12,5,0.0,87,29
2026-05-21 08:05:36,2026-05-22,4,羽毛球馆-5号,20:30-21:30,0,1,可预约,￥12.0,多云,17,12,5,0.0,86,29
2026-05-21 08:08:31,2026-05-22,4,羽毛球馆-5号,20:30-21:30,0,1,可预约,￥12.0,多云,17,12,5,0.0,86,29
2026-05-21 08:11:30,2026-05-22,4,羽毛球馆-5号,20:30-21:30,0,1,可预约,￥12.0,多云,17,12,5,0.0,86,29
2026-05-21 08:14:31,2026-05-22,4,羽毛球馆-5号,20:30-21:30,0,1,可预约,￥12.0,多云,17,12,5,0.0,86,29
2026-05-21 08:17:30,2026-05-22,4,羽毛球馆-5号,20:30-21:30,0,1,可预约,￥12.0,多云,17,12,5,0.0,86,29
2026-05-21 08:20:35,2026-05-22,4,羽毛球馆-5号,20:30-21:30,0,1,可预约,￥12.0,多云,17,14,4,0.0,85,29
2026-05-21 08:25:32,2026-05-22,4,羽毛球馆-5号,20:30-21:30,0,1,可预约,￥12.0,多云,17,14,4,0.0,85,28
2026-05-21 08:30:42,2026-05-22,4,羽毛球馆-5号,20:30-21:30,0,1,可预约,￥12.0,多云,18,15,4,0.0,84,28
2026-05-21 08:35:31,2026-05-22,4,羽毛球馆-5号,20:30-21:30,0,1,可预约,￥12.0,多云,18,15,4,0.0,84,28
2026-05-21 08:40:38,2026-05-22,4,羽毛球馆-5号,20:30-21:30,1,1,已售/已满,已售,多云,18,15,4,0.0,82,28
2026-05-21 08:45:33,2026-05-22,4,羽毛球馆-5号,20:30-21:30,1,1,已售/已满,已售,多云,18,15,4,0.0,82,28
2026-05-21 08:50:36,2026-05-22,4,羽毛球馆-5号,20:30-21:30,1,1,已售/已满,已售,多云,18,15,4,0.0,82,28
2026-05-21 08:55:34,2026-05-22,4,羽毛球馆-5号,20:30-21:30,1,1,已售/已满,已售,多云,18,15,4,0.0,84,28
2026-05-21 09:00:51,2026-05-22,4,羽毛球馆-5号,20:30-21:30,1,1,已售/已满,已售,多云,18,15,4,0.0,84,28
2026-05-21 09:01:59,2026-05-22,4,羽毛球馆-5号,20:30-21:30,1,1,已售/已满,已售,多云,18,15,4,0.0,83,28
2026-05-21 09:05:33,2026-05-22,4,羽毛球馆-5号,20:30-21:30,1,1,已售/已满,已售,多云,18,15,4,0.0,83,28
2026-05-21 09:20:38,2026-05-22,4,羽毛球馆-5号,20:30-21:30,1,1,已售/已满,已售,多云,18,16,3,0.0,81,28
2026-05-21 09:30:46,2026-05-22,4,羽毛球馆-5号,20:30-21:30,1,1,已售/已满,已售,多云,18,16,3,0.0,81,32
2026-05-21 09:40:36,2026-05-22,4,羽毛球馆-5号,20:30-21:30,1,1,已售/已满,已售,多云,19,17,3,0.0,79,32
2026-05-21 09:50:42,2026-05-22,4,羽毛球馆-5号,20:30-21:30,1,1,已售/已满,已售,多云,19,17,4,0.0,81,32
2026-05-21 10:00:46,2026-05-22,4,羽毛球馆-5号,20:30-21:30,1,1,已售/已满,已售,多云,19,17,4,0.0,79,32
2026-05-21 10:10:40,2026-05-22,4,羽毛球馆-5号,20:30-21:30,1,1,已售/已满,已售,多云,19,17,4,0.0,79,32
2026-05-21 10:20:38,2026-05-22,4,羽毛球馆-5号,20:30-21:30,1,1,已售/已满,已售,多云,19,17,4,0.0,79,32
2026-05-21 10:30:41,2026-05-22,4,羽毛球馆-5号,20:30-21:30,1,1,已售/已满,已售,多云,19,18,3,0.0,78,31
2026-05-21 11:00:44,2026-05-22,4,羽毛球馆-5号,20:30-21:30,1,1,已售/已满,已售,多云,21,17,5,0.0,74,31
2026-05-21 11:30:38,2026-05-22,4,羽毛球馆-5号,20:30-21:30,1,1,已售/已满,已售,多云,21,19,3,0.0,72,33
2026-05-21 12:00:46,2026-05-22,4,羽毛球馆-5号,20:30-21:30,1,1,已售/已满,已售,多云,22,19,4,0.0,70,33
2026-05-21 12:30:42,2026-05-22,4,羽毛球馆-5号,20:30-21:30,1,1,已售/已满,已售,多云,22,21,3,0.0,68,35
2026-05-21 13:00:43,2026-05-22,4,羽毛球馆-5号,20:30-21:30,1,1,已售/已满,已售,多云,24,22,4,0.0,66,35
2026-05-21 13:30:43,2026-05-22,4,羽毛球馆-5号,20:30-21:30,1,1,已售/已满,已售,多云,24,22,4,0.0,66,36
2026-05-21 14:00:48,2026-05-22,4,羽毛球馆-5号,20:30-21:30,1,1,已售/已满,已售,多云,25,23,4,0.0,66,36
2026-05-21 14:30:45,2026-05-22,4,羽毛球馆-5号,20:30-21:30,1,1,已售/已满,已售,晴,25,25,3,0.0,65,39
2026-05-21 15:00:45,2026-05-22,4,羽毛球馆-5号,20:30-21:30,1,1,已售/已满,已售,晴,25,22,4,0.0,56,39
2026-05-21 15:30:43,2026-05-22,4,羽毛球馆-5号,20:30-21:30,1,1,已售/已满,已售,晴,25,23,4,0.0,57,40
2026-05-21 16:00:51,2026-05-22,4,羽毛球馆-5号,20:30-21:30,1,1,已售/已满,已售,晴,25,23,4,0.0,57,40
2026-05-21 16:30:48,2026-05-22,4,羽毛球馆-5号,20:30-21:30,1,1,已售/已满,已售,晴,25,24,3,0.0,60,39
2026-05-21 17:00:49,2026-05-22,4,羽毛球馆-5号,20:30-21:30,1,1,已售/已满,已售,晴,25,24,4,0.0,61,39
2026-05-21 17:30:47,2026-05-22,4,羽毛球馆-5号,20:30-21:30,1,1,已售/已满,已售,多云,24,23,3,0.0,64,39
2026-05-21 18:00:50,2026-05-22,4,羽毛球馆-5号,20:30-21:30,1,1,已售/已满,已售,多云,24,23,3,0.0,68,39
2026-05-21 18:30:50,2026-05-22,4,羽毛球馆-5号,20:30-21:30,1,1,已售/已满,已售,阴,24,25,2,0.0,68,40
2026-05-21 19:00:50,2026-05-22,4,羽毛球馆-5号,20:30-21:30,1,1,已售/已满,已售,阴,23,23,3,0.0,76,40
2026-05-21 19:30:46,2026-05-22,4,羽毛球馆-5号,20:30-21:30,1,1,已售/已满,已售,阴,23,24,2,0.0,77,39
2026-05-21 20:00:49,2026-05-22,4,羽毛球馆-5号,20:30-21:30,1,1,已售/已满,已售,雾,22,23,2,0.0,89,39
2026-05-21 20:30:44,2026-05-22,4,羽毛球馆-5号,20:30-21:30,1,1,已售/已满,已售,雾,22,24,2,0.0,93,43
2026-05-21 21:00:56,2026-05-22,4,羽毛球馆-5号,20:30-21:30,1,1,已售/已满,已售,雾,20,21,2,0.0,98,43
2026-05-21 21:30:46,2026-05-22,4,羽毛球馆-5号,20:30-21:30,1,1,已售/已满,已售,雾,20,22,1,0.0,99,41
2026-05-21 22:01:02,2026-05-22,4,羽毛球馆-5号,20:30-21:30,1,1,已售/已满,已售,雾,19,20,2,0.0,93,41
2026-05-21 22:30:47,2026-05-22,4,羽毛球馆-5号,20:30-21:30,1,1,已售/已满,已售,雾,19,19,3,0.0,88,46
2026-05-21 23:00:56,2026-05-22,4,羽毛球馆-5号,20:30-21:30,1,1,已售/已满,已售,多云,18,17,3,0.0,85,46
2026-05-21 23:30:55,2026-05-22,4,羽毛球馆-5号,20:30-21:30,1,1,已售/已满,已售,多云,18,17,3,0.0,85,48
2026-05-21 08:00:45,2026-05-22,4,羽毛球馆-6号,07:00-08:00,0,1,可预约,￥0.0,晴,17,12,5,0.0,86,29
2026-05-21 08:02:30,2026-05-22,4,羽毛球馆-6号,07:00-08:00,0,1,可预约,￥0.0,多云,17,12,5,0.0,87,29
2026-05-21 08:05:36,2026-05-22,4,羽毛球馆-6号,07:00-08:00,0,1,可预约,￥0.0,多云,17,12,5,0.0,86,29
2026-05-21 08:08:31,2026-05-22,4,羽毛球馆-6号,07:00-08:00,0,1,可预约,￥0.0,多云,17,12,5,0.0,86,29
2026-05-21 08:11:30,2026-05-22,4,羽毛球馆-6号,07:00-08:00,0,1,可预约,￥0.0,多云,17,12,5,0.0,86,29
2026-05-21 08:14:31,2026-05-22,4,羽毛球馆-6号,07:00-08:00,0,1,可预约,￥0.0,多云,17,12,5,0.0,86,29
2026-05-21 08:17:30,2026-05-22,4,羽毛球馆-6号,07:00-08:00,0,1,可预约,￥0.0,多云,17,12,5,0.0,86,29
2026-05-21 08:20:35,2026-05-22,4,羽毛球馆-6号,07:00-08:00,0,1,可预约,￥0.0,多云,17,14,4,0.0,85,29
2026-05-21 08:25:32,2026-05-22,4,羽毛球馆-6号,07:00-08:00,0,1,可预约,￥0.0,多云,17,14,4,0.0,85,28
2026-05-21 08:30:42,2026-05-22,4,羽毛球馆-6号,07:00-08:00,0,1,可预约,￥0.0,多云,18,15,4,0.0,84,28
2026-05-21 08:35:31,2026-05-22,4,羽毛球馆-6号,07:00-08:00,0,1,可预约,￥0.0,多云,18,15,4,0.0,84,28
2026-05-21 08:40:38,2026-05-22,4,羽毛球馆-6号,07:00-08:00,0,1,可预约,￥0.0,多云,18,15,4,0.0,82,28
2026-05-21 08:45:33,2026-05-22,4,羽毛球馆-6号,07:00-08:00,0,1,可预约,￥0.0,多云,18,15,4,0.0,82,28
2026-05-21 08:50:36,2026-05-22,4,羽毛球馆-6号,07:00-08:00,0,1,可预约,￥0.0,多云,18,15,4,0.0,82,28
2026-05-21 08:55:34,2026-05-22,4,羽毛球馆-6号,07:00-08:00,0,1,可预约,￥0.0,多云,18,15,4,0.0,84,28
2026-05-21 09:00:51,2026-05-22,4,羽毛球馆-6号,07:00-08:00,0,1,可预约,￥0.0,多云,18,15,4,0.0,84,28
2026-05-21 09:01:59,2026-05-22,4,羽毛球馆-6号,07:00-08:00,0,1,可预约,￥0.0,多云,18,15,4,0.0,83,28
2026-05-21 09:05:33,2026-05-22,4,羽毛球馆-6号,07:00-08:00,0,1,可预约,￥0.0,多云,18,15,4,0.0,83,28
2026-05-21 09:20:38,2026-05-22,4,羽毛球馆-6号,07:00-08:00,0,1,可预约,￥0.0,多云,18,16,3,0.0,81,28
2026-05-21 09:30:46,2026-05-22,4,羽毛球馆-6号,07:00-08:00,0,1,可预约,￥0.0,多云,18,16,3,0.0,81,32
2026-05-21 09:40:36,2026-05-22,4,羽毛球馆-6号,07:00-08:00,0,1,可预约,￥0.0,多云,19,17,3,0.0,79,32
2026-05-21 09:50:42,2026-05-22,4,羽毛球馆-6号,07:00-08:00,0,1,可预约,￥0.0,多云,19,17,4,0.0,81,32
2026-05-21 10:00:46,2026-05-22,4,羽毛球馆-6号,07:00-08:00,0,1,可预约,￥0.0,多云,19,17,4,0.0,79,32
2026-05-21 10:10:40,2026-05-22,4,羽毛球馆-6号,07:00-08:00,0,1,可预约,￥0.0,多云,19,17,4,0.0,79,32
2026-05-21 10:20:38,2026-05-22,4,羽毛球馆-6号,07:00-08:00,0,1,可预约,￥0.0,多云,19,17,4,0.0,79,32
2026-05-21 10:30:41,2026-05-22,4,羽毛球馆-6号,07:00-08:00,0,1,可预约,￥0.0,多云,19,18,3,0.0,78,31
2026-05-21 11:00:44,2026-05-22,4,羽毛球馆-6号,07:00-08:00,0,1,可预约,￥0.0,多云,21,17,5,0.0,74,31
2026-05-21 11:30:38,2026-05-22,4,羽毛球馆-6号,07:00-08:00,0,1,可预约,￥0.0,多云,21,19,3,0.0,72,33
2026-05-21 12:00:46,2026-05-22,4,羽毛球馆-6号,07:00-08:00,0,1,可预约,￥0.0,多云,22,19,4,0.0,70,33
2026-05-21 12:30:42,2026-05-22,4,羽毛球馆-6号,07:00-08:00,0,1,可预约,￥0.0,多云,22,21,3,0.0,68,35
2026-05-21 13:00:43,2026-05-22,4,羽毛球馆-6号,07:00-08:00,0,1,可预约,￥0.0,多云,24,22,4,0.0,66,35
2026-05-21 13:30:43,2026-05-22,4,羽毛球馆-6号,07:00-08:00,0,1,可预约,￥0.0,多云,24,22,4,0.0,66,36
2026-05-21 14:00:48,2026-05-22,4,羽毛球馆-6号,07:00-08:00,0,1,可预约,￥0.0,多云,25,23,4,0.0,66,36
2026-05-21 14:30:45,2026-05-22,4,羽毛球馆-6号,07:00-08:00,0,1,可预约,￥0.0,晴,25,25,3,0.0,65,39
2026-05-21 15:00:45,2026-05-22,4,羽毛球馆-6号,07:00-08:00,0,1,可预约,￥0.0,晴,25,22,4,0.0,56,39
2026-05-21 15:30:43,2026-05-22,4,羽毛球馆-6号,07:00-08:00,0,1,可预约,￥0.0,晴,25,23,4,0.0,57,40
2026-05-21 16:00:51,2026-05-22,4,羽毛球馆-6号,07:00-08:00,0,1,可预约,￥0.0,晴,25,23,4,0.0,57,40
2026-05-21 16:30:48,2026-05-22,4,羽毛球馆-6号,07:00-08:00,0,1,可预约,￥0.0,晴,25,24,3,0.0,60,39
2026-05-21 17:00:49,2026-05-22,4,羽毛球馆-6号,07:00-08:00,0,1,可预约,￥0.0,晴,25,24,4,0.0,61,39
2026-05-21 17:30:47,2026-05-22,4,羽毛球馆-6号,07:00-08:00,0,1,可预约,￥0.0,多云,24,23,3,0.0,64,39
2026-05-21 18:00:50,2026-05-22,4,羽毛球馆-6号,07:00-08:00,0,1,可预约,￥0.0,多云,24,23,3,0.0,68,39
2026-05-21 18:30:50,2026-05-22,4,羽毛球馆-6号,07:00-08:00,0,1,可预约,￥0.0,阴,24,25,2,0.0,68,40
2026-05-21 19:00:50,2026-05-22,4,羽毛球馆-6号,07:00-08:00,0,1,可预约,￥0.0,阴,23,23,3,0.0,76,40
2026-05-21 19:30:46,2026-05-22,4,羽毛球馆-6号,07:00-08:00,1,1,已售/已满,已售,阴,23,24,2,0.0,77,39
2026-05-21 20:00:49,2026-05-22,4,羽毛球馆-6号,07:00-08:00,1,1,已售/已满,已售,雾,22,23,2,0.0,89,39
2026-05-21 20:30:44,2026-05-22,4,羽毛球馆-6号,07:00-08:00,1,1,已售/已满,已售,雾,22,24,2,0.0,93,43
2026-05-21 21:00:56,2026-05-22,4,羽毛球馆-6号,07:00-08:00,1,1,已售/已满,已售,雾,20,21,2,0.0,98,43
2026-05-21 21:30:46,2026-05-22,4,羽毛球馆-6号,07:00-08:00,1,1,已售/已满,已售,雾,20,22,1,0.0,99,41
2026-05-21 22:01:02,2026-05-22,4,羽毛球馆-6号,07:00-08:00,1,1,已售/已满,已售,雾,19,20,2,0.0,93,41
2026-05-21 22:30:47,2026-05-22,4,羽毛球馆-6号,07:00-08:00,1,1,已售/已满,已售,雾,19,19,3,0.0,88,46
2026-05-21 23:00:56,2026-05-22,4,羽毛球馆-6号,07:00-08:00,1,1,已售/已满,已售,多云,18,17,3,0.0,85,46
2026-05-21 23:30:55,2026-05-22,4,羽毛球馆-6号,07:00-08:00,1,1,已售/已满,已售,多云,18,17,3,0.0,85,48
2026-05-21 08:00:45,2026-05-22,4,羽毛球馆-6号,08:00-09:00,0,1,可预约,￥0.0,晴,17,12,5,0.0,86,29
2026-05-21 08:02:30,2026-05-22,4,羽毛球馆-6号,08:00-09:00,0,1,可预约,￥0.0,多云,17,12,5,0.0,87,29
2026-05-21 08:05:36,2026-05-22,4,羽毛球馆-6号,08:00-09:00,0,1,可预约,￥0.0,多云,17,12,5,0.0,86,29
2026-05-21 08:08:31,2026-05-22,4,羽毛球馆-6号,08:00-09:00,0,1,可预约,￥0.0,多云,17,12,5,0.0,86,29
2026-05-21 08:11:30,2026-05-22,4,羽毛球馆-6号,08:00-09:00,0,1,可预约,￥0.0,多云,17,12,5,0.0,86,29
2026-05-21 08:14:31,2026-05-22,4,羽毛球馆-6号,08:00-09:00,0,1,可预约,￥0.0,多云,17,12,5,0.0,86,29
2026-05-21 08:17:30,2026-05-22,4,羽毛球馆-6号,08:00-09:00,0,1,可预约,￥0.0,多云,17,12,5,0.0,86,29
2026-05-21 08:20:35,2026-05-22,4,羽毛球馆-6号,08:00-09:00,0,1,可预约,￥0.0,多云,17,14,4,0.0,85,29
2026-05-21 08:25:32,2026-05-22,4,羽毛球馆-6号,08:00-09:00,0,1,可预约,￥0.0,多云,17,14,4,0.0,85,28
2026-05-21 08:30:42,2026-05-22,4,羽毛球馆-6号,08:00-09:00,0,1,可预约,￥0.0,多云,18,15,4,0.0,84,28
2026-05-21 08:35:31,2026-05-22,4,羽毛球馆-6号,08:00-09:00,0,1,可预约,￥0.0,多云,18,15,4,0.0,84,28
2026-05-21 08:40:38,2026-05-22,4,羽毛球馆-6号,08:00-09:00,0,1,可预约,￥0.0,多云,18,15,4,0.0,82,28
2026-05-21 08:45:33,2026-05-22,4,羽毛球馆-6号,08:00-09:00,0,1,可预约,￥0.0,多云,18,15,4,0.0,82,28
2026-05-21 08:50:36,2026-05-22,4,羽毛球馆-6号,08:00-09:00,0,1,可预约,￥0.0,多云,18,15,4,0.0,82,28
2026-05-21 08:55:34,2026-05-22,4,羽毛球馆-6号,08:00-09:00,0,1,可预约,￥0.0,多云,18,15,4,0.0,84,28
2026-05-21 09:00:51,2026-05-22,4,羽毛球馆-6号,08:00-09:00,0,1,可预约,￥0.0,多云,18,15,4,0.0,84,28
2026-05-21 09:01:59,2026-05-22,4,羽毛球馆-6号,08:00-09:00,0,1,可预约,￥0.0,多云,18,15,4,0.0,83,28
2026-05-21 09:05:33,2026-05-22,4,羽毛球馆-6号,08:00-09:00,0,1,可预约,￥0.0,多云,18,15,4,0.0,83,28
2026-05-21 09:20:38,2026-05-22,4,羽毛球馆-6号,08:00-09:00,0,1,可预约,￥0.0,多云,18,16,3,0.0,81,28
2026-05-21 09:30:46,2026-05-22,4,羽毛球馆-6号,08:00-09:00,0,1,可预约,￥0.0,多云,18,16,3,0.0,81,32
2026-05-21 09:40:36,2026-05-22,4,羽毛球馆-6号,08:00-09:00,0,1,可预约,￥0.0,多云,19,17,3,0.0,79,32
2026-05-21 09:50:42,2026-05-22,4,羽毛球馆-6号,08:00-09:00,0,1,可预约,￥0.0,多云,19,17,4,0.0,81,32
2026-05-21 10:00:46,2026-05-22,4,羽毛球馆-6号,08:00-09:00,0,1,可预约,￥0.0,多云,19,17,4,0.0,79,32
2026-05-21 10:10:40,2026-05-22,4,羽毛球馆-6号,08:00-09:00,0,1,可预约,￥0.0,多云,19,17,4,0.0,79,32
2026-05-21 10:20:38,2026-05-22,4,羽毛球馆-6号,08:00-09:00,0,1,可预约,￥0.0,多云,19,17,4,0.0,79,32
2026-05-21 10:30:41,2026-05-22,4,羽毛球馆-6号,08:00-09:00,0,1,可预约,￥0.0,多云,19,18,3,0.0,78,31
2026-05-21 11:00:44,2026-05-22,4,羽毛球馆-6号,08:00-09:00,0,1,可预约,￥0.0,多云,21,17,5,0.0,74,31
2026-05-21 11:30:38,2026-05-22,4,羽毛球馆-6号,08:00-09:00,0,1,可预约,￥0.0,多云,21,19,3,0.0,72,33
2026-05-21 12:00:46,2026-05-22,4,羽毛球馆-6号,08:00-09:00,0,1,可预约,￥0.0,多云,22,19,4,0.0,70,33
2026-05-21 12:30:42,2026-05-22,4,羽毛球馆-6号,08:00-09:00,0,1,可预约,￥0.0,多云,22,21,3,0.0,68,35
2026-05-21 13:00:43,2026-05-22,4,羽毛球馆-6号,08:00-09:00,0,1,可预约,￥0.0,多云,24,22,4,0.0,66,35
2026-05-21 13:30:43,2026-05-22,4,羽毛球馆-6号,08:00-09:00,0,1,可预约,￥0.0,多云,24,22,4,0.0,66,36
2026-05-21 14:00:48,2026-05-22,4,羽毛球馆-6号,08:00-09:00,0,1,可预约,￥0.0,多云,25,23,4,0.0,66,36
2026-05-21 14:30:45,2026-05-22,4,羽毛球馆-6号,08:00-09:00,0,1,可预约,￥0.0,晴,25,25,3,0.0,65,39
2026-05-21 15:00:45,2026-05-22,4,羽毛球馆-6号,08:00-09:00,0,1,可预约,￥0.0,晴,25,22,4,0.0,56,39
2026-05-21 15:30:43,2026-05-22,4,羽毛球馆-6号,08:00-09:00,0,1,可预约,￥0.0,晴,25,23,4,0.0,57,40
2026-05-21 16:00:51,2026-05-22,4,羽毛球馆-6号,08:00-09:00,0,1,可预约,￥0.0,晴,25,23,4,0.0,57,40
2026-05-21 16:30:48,2026-05-22,4,羽毛球馆-6号,08:00-09:00,0,1,可预约,￥0.0,晴,25,24,3,0.0,60,39
2026-05-21 17:00:49,2026-05-22,4,羽毛球馆-6号,08:00-09:00,0,1,可预约,￥0.0,晴,25,24,4,0.0,61,39
2026-05-21 17:30:47,2026-05-22,4,羽毛球馆-6号,08:00-09:00,0,1,可预约,￥0.0,多云,24,23,3,0.0,64,39
2026-05-21 18:00:50,2026-05-22,4,羽毛球馆-6号,08:00-09:00,0,1,可预约,￥0.0,多云,24,23,3,0.0,68,39
2026-05-21 18:30:50,2026-05-22,4,羽毛球馆-6号,08:00-09:00,0,1,可预约,￥0.0,阴,24,25,2,0.0,68,40
2026-05-21 19:00:50,2026-05-22,4,羽毛球馆-6号,08:00-09:00,0,1,可预约,￥0.0,阴,23,23,3,0.0,76,40
2026-05-21 19:30:46,2026-05-22,4,羽毛球馆-6号,08:00-09:00,1,1,已售/已满,已售,阴,23,24,2,0.0,77,39
2026-05-21 20:00:49,2026-05-22,4,羽毛球馆-6号,08:00-09:00,1,1,已售/已满,已售,雾,22,23,2,0.0,89,39
2026-05-21 20:30:44,2026-05-22,4,羽毛球馆-6号,08:00-09:00,1,1,已售/已满,已售,雾,22,24,2,0.0,93,43
2026-05-21 21:00:56,2026-05-22,4,羽毛球馆-6号,08:00-09:00,1,1,已售/已满,已售,雾,20,21,2,0.0,98,43
2026-05-21 21:30:46,2026-05-22,4,羽毛球馆-6号,08:00-09:00,1,1,已售/已满,已售,雾,20,22,1,0.0,99,41
2026-05-21 22:01:02,2026-05-22,4,羽毛球馆-6号,08:00-09:00,1,1,已售/已满,已售,雾,19,20,2,0.0,93,41
2026-05-21 22:30:47,2026-05-22,4,羽毛球馆-6号,08:00-09:00,1,1,已售/已满,已售,雾,19,19,3,0.0,88,46
2026-05-21 23:00:56,2026-05-22,4,羽毛球馆-6号,08:00-09:00,1,1,已售/已满,已售,多云,18,17,3,0.0,85,46
2026-05-21 23:30:55,2026-05-22,4,羽毛球馆-6号,08:00-09:00,1,1,已售/已满,已售,多云,18,17,3,0.0,85,48
2026-05-21 08:00:45,2026-05-22,4,羽毛球馆-6号,09:00-10:00,0,1,可预约,￥12.0,晴,17,12,5,0.0,86,29
2026-05-21 08:02:30,2026-05-22,4,羽毛球馆-6号,09:00-10:00,0,1,可预约,￥12.0,多云,17,12,5,0.0,87,29
2026-05-21 08:05:36,2026-05-22,4,羽毛球馆-6号,09:00-10:00,0,1,可预约,￥12.0,多云,17,12,5,0.0,86,29
2026-05-21 08:08:31,2026-05-22,4,羽毛球馆-6号,09:00-10:00,0,1,可预约,￥12.0,多云,17,12,5,0.0,86,29
2026-05-21 08:11:30,2026-05-22,4,羽毛球馆-6号,09:00-10:00,0,1,可预约,￥12.0,多云,17,12,5,0.0,86,29
2026-05-21 08:14:31,2026-05-22,4,羽毛球馆-6号,09:00-10:00,0,1,可预约,￥12.0,多云,17,12,5,0.0,86,29
2026-05-21 08:17:30,2026-05-22,4,羽毛球馆-6号,09:00-10:00,0,1,可预约,￥12.0,多云,17,12,5,0.0,86,29
2026-05-21 08:20:35,2026-05-22,4,羽毛球馆-6号,09:00-10:00,0,1,可预约,￥12.0,多云,17,14,4,0.0,85,29
2026-05-21 08:25:32,2026-05-22,4,羽毛球馆-6号,09:00-10:00,0,1,可预约,￥12.0,多云,17,14,4,0.0,85,28
2026-05-21 08:30:42,2026-05-22,4,羽毛球馆-6号,09:00-10:00,0,1,可预约,￥12.0,多云,18,15,4,0.0,84,28
2026-05-21 08:35:31,2026-05-22,4,羽毛球馆-6号,09:00-10:00,0,1,可预约,￥12.0,多云,18,15,4,0.0,84,28
2026-05-21 08:40:38,2026-05-22,4,羽毛球馆-6号,09:00-10:00,0,1,可预约,￥12.0,多云,18,15,4,0.0,82,28
2026-05-21 08:45:33,2026-05-22,4,羽毛球馆-6号,09:00-10:00,0,1,可预约,￥12.0,多云,18,15,4,0.0,82,28
2026-05-21 08:50:36,2026-05-22,4,羽毛球馆-6号,09:00-10:00,0,1,可预约,￥12.0,多云,18,15,4,0.0,82,28
2026-05-21 08:55:34,2026-05-22,4,羽毛球馆-6号,09:00-10:00,0,1,可预约,￥12.0,多云,18,15,4,0.0,84,28
2026-05-21 09:00:51,2026-05-22,4,羽毛球馆-6号,09:00-10:00,0,1,可预约,￥12.0,多云,18,15,4,0.0,84,28
2026-05-21 09:01:59,2026-05-22,4,羽毛球馆-6号,09:00-10:00,0,1,可预约,￥12.0,多云,18,15,4,0.0,83,28
2026-05-21 09:05:33,2026-05-22,4,羽毛球馆-6号,09:00-10:00,0,1,可预约,￥12.0,多云,18,15,4,0.0,83,28
2026-05-21 09:20:38,2026-05-22,4,羽毛球馆-6号,09:00-10:00,0,1,可预约,￥12.0,多云,18,16,3,0.0,81,28
2026-05-21 09:30:46,2026-05-22,4,羽毛球馆-6号,09:00-10:00,0,1,可预约,￥12.0,多云,18,16,3,0.0,81,32
2026-05-21 09:40:36,2026-05-22,4,羽毛球馆-6号,09:00-10:00,0,1,可预约,￥12.0,多云,19,17,3,0.0,79,32
2026-05-21 09:50:42,2026-05-22,4,羽毛球馆-6号,09:00-10:00,0,1,可预约,￥12.0,多云,19,17,4,0.0,81,32
2026-05-21 10:00:46,2026-05-22,4,羽毛球馆-6号,09:00-10:00,0,1,可预约,￥12.0,多云,19,17,4,0.0,79,32
2026-05-21 10:10:40,2026-05-22,4,羽毛球馆-6号,09:00-10:00,0,1,可预约,￥12.0,多云,19,17,4,0.0,79,32
2026-05-21 10:20:38,2026-05-22,4,羽毛球馆-6号,09:00-10:00,0,1,可预约,￥12.0,多云,19,17,4,0.0,79,32
2026-05-21 10:30:41,2026-05-22,4,羽毛球馆-6号,09:00-10:00,0,1,可预约,￥12.0,多云,19,18,3,0.0,78,31
2026-05-21 11:00:44,2026-05-22,4,羽毛球馆-6号,09:00-10:00,0,1,可预约,￥12.0,多云,21,17,5,0.0,74,31
2026-05-21 11:30:38,2026-05-22,4,羽毛球馆-6号,09:00-10:00,0,1,可预约,￥12.0,多云,21,19,3,0.0,72,33
2026-05-21 12:00:46,2026-05-22,4,羽毛球馆-6号,09:00-10:00,0,1,可预约,￥12.0,多云,22,19,4,0.0,70,33
2026-05-21 12:30:42,2026-05-22,4,羽毛球馆-6号,09:00-10:00,0,1,可预约,￥12.0,多云,22,21,3,0.0,68,35
2026-05-21 13:00:43,2026-05-22,4,羽毛球馆-6号,09:00-10:00,0,1,可预约,￥12.0,多云,24,22,4,0.0,66,35
2026-05-21 13:30:43,2026-05-22,4,羽毛球馆-6号,09:00-10:00,0,1,可预约,￥12.0,多云,24,22,4,0.0,66,36
2026-05-21 14:00:48,2026-05-22,4,羽毛球馆-6号,09:00-10:00,0,1,可预约,￥12.0,多云,25,23,4,0.0,66,36
2026-05-21 14:30:45,2026-05-22,4,羽毛球馆-6号,09:00-10:00,0,1,可预约,￥12.0,晴,25,25,3,0.0,65,39
2026-05-21 15:00:45,2026-05-22,4,羽毛球馆-6号,09:00-10:00,0,1,可预约,￥12.0,晴,25,22,4,0.0,56,39
2026-05-21 15:30:43,2026-05-22,4,羽毛球馆-6号,09:00-10:00,0,1,可预约,￥12.0,晴,25,23,4,0.0,57,40
2026-05-21 16:00:51,2026-05-22,4,羽毛球馆-6号,09:00-10:00,0,1,可预约,￥12.0,晴,25,23,4,0.0,57,40
2026-05-21 16:30:48,2026-05-22,4,羽毛球馆-6号,09:00-10:00,0,1,可预约,￥12.0,晴,25,24,3,0.0,60,39
2026-05-21 17:00:49,2026-05-22,4,羽毛球馆-6号,09:00-10:00,0,1,可预约,￥12.0,晴,25,24,4,0.0,61,39
2026-05-21 17:30:47,2026-05-22,4,羽毛球馆-6号,09:00-10:00,0,1,可预约,￥12.0,多云,24,23,3,0.0,64,39
2026-05-21 18:00:50,2026-05-22,4,羽毛球馆-6号,09:00-10:00,0,1,可预约,￥12.0,多云,24,23,3,0.0,68,39
2026-05-21 18:30:50,2026-05-22,4,羽毛球馆-6号,09:00-10:00,0,1,可预约,￥12.0,阴,24,25,2,0.0,68,40
2026-05-21 19:00:50,2026-05-22,4,羽毛球馆-6号,09:00-10:00,0,1,可预约,￥12.0,阴,23,23,3,0.0,76,40
2026-05-21 19:30:46,2026-05-22,4,羽毛球馆-6号,09:00-10:00,0,1,可预约,￥12.0,阴,23,24,2,0.0,77,39
2026-05-21 20:00:49,2026-05-22,4,羽毛球馆-6号,09:00-10:00,0,1,可预约,￥12.0,雾,22,23,2,0.0,89,39
2026-05-21 20:30:44,2026-05-22,4,羽毛球馆-6号,09:00-10:00,0,1,可预约,￥12.0,雾,22,24,2,0.0,93,43
2026-05-21 21:00:56,2026-05-22,4,羽毛球馆-6号,09:00-10:00,0,1,可预约,￥12.0,雾,20,21,2,0.0,98,43
2026-05-21 21:30:46,2026-05-22,4,羽毛球馆-6号,09:00-10:00,0,1,可预约,￥12.0,雾,20,22,1,0.0,99,41
2026-05-21 22:01:02,2026-05-22,4,羽毛球馆-6号,09:00-10:00,0,1,可预约,￥12.0,雾,19,20,2,0.0,93,41
2026-05-21 22:30:47,2026-05-22,4,羽毛球馆-6号,09:00-10:00,0,1,可预约,￥12.0,雾,19,19,3,0.0,88,46
2026-05-21 23:00:56,2026-05-22,4,羽毛球馆-6号,09:00-10:00,0,1,可预约,￥12.0,多云,18,17,3,0.0,85,46
2026-05-21 23:30:55,2026-05-22,4,羽毛球馆-6号,09:00-10:00,0,1,可预约,￥12.0,多云,18,17,3,0.0,85,48
2026-05-21 08:00:45,2026-05-22,4,羽毛球馆-6号,10:00-11:00,1,1,已售/已满,教学时间,晴,17,12,5,0.0,86,29
2026-05-21 08:02:30,2026-05-22,4,羽毛球馆-6号,10:00-11:00,1,1,已售/已满,教学时间,多云,17,12,5,0.0,87,29
2026-05-21 08:05:36,2026-05-22,4,羽毛球馆-6号,10:00-11:00,1,1,已售/已满,教学时间,多云,17,12,5,0.0,86,29
2026-05-21 08:08:31,2026-05-22,4,羽毛球馆-6号,10:00-11:00,1,1,已售/已满,教学时间,多云,17,12,5,0.0,86,29
2026-05-21 08:11:30,2026-05-22,4,羽毛球馆-6号,10:00-11:00,1,1,已售/已满,教学时间,多云,17,12,5,0.0,86,29
2026-05-21 08:14:31,2026-05-22,4,羽毛球馆-6号,10:00-11:00,1,1,已售/已满,教学时间,多云,17,12,5,0.0,86,29
2026-05-21 08:17:30,2026-05-22,4,羽毛球馆-6号,10:00-11:00,1,1,已售/已满,教学时间,多云,17,12,5,0.0,86,29
2026-05-21 08:20:35,2026-05-22,4,羽毛球馆-6号,10:00-11:00,1,1,已售/已满,教学时间,多云,17,14,4,0.0,85,29
2026-05-21 08:25:32,2026-05-22,4,羽毛球馆-6号,10:00-11:00,1,1,已售/已满,教学时间,多云,17,14,4,0.0,85,28
2026-05-21 08:30:42,2026-05-22,4,羽毛球馆-6号,10:00-11:00,1,1,已售/已满,教学时间,多云,18,15,4,0.0,84,28
2026-05-21 08:35:31,2026-05-22,4,羽毛球馆-6号,10:00-11:00,1,1,已售/已满,教学时间,多云,18,15,4,0.0,84,28
2026-05-21 08:40:38,2026-05-22,4,羽毛球馆-6号,10:00-11:00,1,1,已售/已满,教学时间,多云,18,15,4,0.0,82,28
2026-05-21 08:45:33,2026-05-22,4,羽毛球馆-6号,10:00-11:00,1,1,已售/已满,教学时间,多云,18,15,4,0.0,82,28
2026-05-21 08:50:36,2026-05-22,4,羽毛球馆-6号,10:00-11:00,1,1,已售/已满,教学时间,多云,18,15,4,0.0,82,28
2026-05-21 08:55:34,2026-05-22,4,羽毛球馆-6号,10:00-11:00,1,1,已售/已满,教学时间,多云,18,15,4,0.0,84,28
2026-05-21 09:00:51,2026-05-22,4,羽毛球馆-6号,10:00-11:00,1,1,已售/已满,教学时间,多云,18,15,4,0.0,84,28
2026-05-21 09:01:59,2026-05-22,4,羽毛球馆-6号,10:00-11:00,1,1,已售/已满,教学时间,多云,18,15,4,0.0,83,28
2026-05-21 09:05:33,2026-05-22,4,羽毛球馆-6号,10:00-11:00,1,1,已售/已满,教学时间,多云,18,15,4,0.0,83,28
2026-05-21 09:20:38,2026-05-22,4,羽毛球馆-6号,10:00-11:00,1,1,已售/已满,教学时间,多云,18,16,3,0.0,81,28
2026-05-21 09:30:46,2026-05-22,4,羽毛球馆-6号,10:00-11:00,1,1,已售/已满,教学时间,多云,18,16,3,0.0,81,32
2026-05-21 09:40:36,2026-05-22,4,羽毛球馆-6号,10:00-11:00,1,1,已售/已满,教学时间,多云,19,17,3,0.0,79,32
2026-05-21 09:50:42,2026-05-22,4,羽毛球馆-6号,10:00-11:00,1,1,已售/已满,教学时间,多云,19,17,4,0.0,81,32
2026-05-21 10:00:46,2026-05-22,4,羽毛球馆-6号,10:00-11:00,1,1,已售/已满,教学时间,多云,19,17,4,0.0,79,32
2026-05-21 10:10:40,2026-05-22,4,羽毛球馆-6号,10:00-11:00,1,1,已售/已满,教学时间,多云,19,17,4,0.0,79,32
2026-05-21 10:20:38,2026-05-22,4,羽毛球馆-6号,10:00-11:00,1,1,已售/已满,教学时间,多云,19,17,4,0.0,79,32
2026-05-21 10:30:41,2026-05-22,4,羽毛球馆-6号,10:00-11:00,1,1,已售/已满,教学时间,多云,19,18,3,0.0,78,31
2026-05-21 11:00:44,2026-05-22,4,羽毛球馆-6号,10:00-11:00,1,1,已售/已满,教学时间,多云,21,17,5,0.0,74,31
2026-05-21 11:30:38,2026-05-22,4,羽毛球馆-6号,10:00-11:00,1,1,已售/已满,教学时间,多云,21,19,3,0.0,72,33
2026-05-21 12:00:46,2026-05-22,4,羽毛球馆-6号,10:00-11:00,1,1,已售/已满,教学时间,多云,22,19,4,0.0,70,33
2026-05-21 12:30:42,2026-05-22,4,羽毛球馆-6号,10:00-11:00,1,1,已售/已满,教学时间,多云,22,21,3,0.0,68,35
2026-05-21 13:00:43,2026-05-22,4,羽毛球馆-6号,10:00-11:00,1,1,已售/已满,教学时间,多云,24,22,4,0.0,66,35
2026-05-21 13:30:43,2026-05-22,4,羽毛球馆-6号,10:00-11:00,1,1,已售/已满,教学时间,多云,24,22,4,0.0,66,36
2026-05-21 14:00:48,2026-05-22,4,羽毛球馆-6号,10:00-11:00,1,1,已售/已满,教学时间,多云,25,23,4,0.0,66,36
2026-05-21 14:30:45,2026-05-22,4,羽毛球馆-6号,10:00-11:00,1,1,已售/已满,教学时间,晴,25,25,3,0.0,65,39
2026-05-21 15:00:45,2026-05-22,4,羽毛球馆-6号,10:00-11:00,1,1,已售/已满,教学时间,晴,25,22,4,0.0,56,39
2026-05-21 15:30:43,2026-05-22,4,羽毛球馆-6号,10:00-11:00,1,1,已售/已满,教学时间,晴,25,23,4,0.0,57,40
2026-05-21 16:00:51,2026-05-22,4,羽毛球馆-6号,10:00-11:00,1,1,已售/已满,教学时间,晴,25,23,4,0.0,57,40
2026-05-21 16:30:48,2026-05-22,4,羽毛球馆-6号,10:00-11:00,1,1,已售/已满,教学时间,晴,25,24,3,0.0,60,39
2026-05-21 17:00:49,2026-05-22,4,羽毛球馆-6号,10:00-11:00,1,1,已售/已满,教学时间,晴,25,24,4,0.0,61,39
2026-05-21 17:30:47,2026-05-22,4,羽毛球馆-6号,10:00-11:00,1,1,已售/已满,教学时间,多云,24,23,3,0.0,64,39
2026-05-21 18:00:50,2026-05-22,4,羽毛球馆-6号,10:00-11:00,1,1,已售/已满,教学时间,多云,24,23,3,0.0,68,39
2026-05-21 18:30:50,2026-05-22,4,羽毛球馆-6号,10:00-11:00,1,1,已售/已满,教学时间,阴,24,25,2,0.0,68,40
2026-05-21 19:00:50,2026-05-22,4,羽毛球馆-6号,10:00-11:00,1,1,已售/已满,教学时间,阴,23,23,3,0.0,76,40
2026-05-21 19:30:46,2026-05-22,4,羽毛球馆-6号,10:00-11:00,1,1,已售/已满,教学时间,阴,23,24,2,0.0,77,39
2026-05-21 20:00:49,2026-05-22,4,羽毛球馆-6号,10:00-11:00,1,1,已售/已满,教学时间,雾,22,23,2,0.0,89,39
2026-05-21 20:30:44,2026-05-22,4,羽毛球馆-6号,10:00-11:00,1,1,已售/已满,教学时间,雾,22,24,2,0.0,93,43
2026-05-21 21:00:56,2026-05-22,4,羽毛球馆-6号,10:00-11:00,1,1,已售/已满,教学时间,雾,20,21,2,0.0,98,43
2026-05-21 21:30:46,2026-05-22,4,羽毛球馆-6号,10:00-11:00,1,1,已售/已满,教学时间,雾,20,22,1,0.0,99,41
2026-05-21 22:01:02,2026-05-22,4,羽毛球馆-6号,10:00-11:00,1,1,已售/已满,教学时间,雾,19,20,2,0.0,93,41
2026-05-21 22:30:47,2026-05-22,4,羽毛球馆-6号,10:00-11:00,1,1,已售/已满,教学时间,雾,19,19,3,0.0,88,46
2026-05-21 23:00:56,2026-05-22,4,羽毛球馆-6号,10:00-11:00,1,1,已售/已满,教学时间,多云,18,17,3,0.0,85,46
2026-05-21 23:30:55,2026-05-22,4,羽毛球馆-6号,10:00-11:00,1,1,已售/已满,教学时间,多云,18,17,3,0.0,85,48
2026-05-21 08:00:45,2026-05-22,4,羽毛球馆-6号,11:00-12:00,1,1,已售/已满,教学时间,晴,17,12,5,0.0,86,29
2026-05-21 08:02:30,2026-05-22,4,羽毛球馆-6号,11:00-12:00,1,1,已售/已满,教学时间,多云,17,12,5,0.0,87,29
2026-05-21 08:05:36,2026-05-22,4,羽毛球馆-6号,11:00-12:00,1,1,已售/已满,教学时间,多云,17,12,5,0.0,86,29
2026-05-21 08:08:31,2026-05-22,4,羽毛球馆-6号,11:00-12:00,1,1,已售/已满,教学时间,多云,17,12,5,0.0,86,29
2026-05-21 08:11:30,2026-05-22,4,羽毛球馆-6号,11:00-12:00,1,1,已售/已满,教学时间,多云,17,12,5,0.0,86,29
2026-05-21 08:14:31,2026-05-22,4,羽毛球馆-6号,11:00-12:00,1,1,已售/已满,教学时间,多云,17,12,5,0.0,86,29
2026-05-21 08:17:30,2026-05-22,4,羽毛球馆-6号,11:00-12:00,1,1,已售/已满,教学时间,多云,17,12,5,0.0,86,29
2026-05-21 08:20:35,2026-05-22,4,羽毛球馆-6号,11:00-12:00,1,1,已售/已满,教学时间,多云,17,14,4,0.0,85,29
2026-05-21 08:25:32,2026-05-22,4,羽毛球馆-6号,11:00-12:00,1,1,已售/已满,教学时间,多云,17,14,4,0.0,85,28
2026-05-21 08:30:42,2026-05-22,4,羽毛球馆-6号,11:00-12:00,1,1,已售/已满,教学时间,多云,18,15,4,0.0,84,28
2026-05-21 08:35:31,2026-05-22,4,羽毛球馆-6号,11:00-12:00,1,1,已售/已满,教学时间,多云,18,15,4,0.0,84,28
2026-05-21 08:40:38,2026-05-22,4,羽毛球馆-6号,11:00-12:00,1,1,已售/已满,教学时间,多云,18,15,4,0.0,82,28
2026-05-21 08:45:33,2026-05-22,4,羽毛球馆-6号,11:00-12:00,1,1,已售/已满,教学时间,多云,18,15,4,0.0,82,28
2026-05-21 08:50:36,2026-05-22,4,羽毛球馆-6号,11:00-12:00,1,1,已售/已满,教学时间,多云,18,15,4,0.0,82,28
2026-05-21 08:55:34,2026-05-22,4,羽毛球馆-6号,11:00-12:00,1,1,已售/已满,教学时间,多云,18,15,4,0.0,84,28
2026-05-21 09:00:51,2026-05-22,4,羽毛球馆-6号,11:00-12:00,1,1,已售/已满,教学时间,多云,18,15,4,0.0,84,28
2026-05-21 09:01:59,2026-05-22,4,羽毛球馆-6号,11:00-12:00,1,1,已售/已满,教学时间,多云,18,15,4,0.0,83,28
2026-05-21 09:05:33,2026-05-22,4,羽毛球馆-6号,11:00-12:00,1,1,已售/已满,教学时间,多云,18,15,4,0.0,83,28
2026-05-21 09:20:38,2026-05-22,4,羽毛球馆-6号,11:00-12:00,1,1,已售/已满,教学时间,多云,18,16,3,0.0,81,28
2026-05-21 09:30:46,2026-05-22,4,羽毛球馆-6号,11:00-12:00,1,1,已售/已满,教学时间,多云,18,16,3,0.0,81,32
2026-05-21 09:40:36,2026-05-22,4,羽毛球馆-6号,11:00-12:00,1,1,已售/已满,教学时间,多云,19,17,3,0.0,79,32
2026-05-21 09:50:42,2026-05-22,4,羽毛球馆-6号,11:00-12:00,1,1,已售/已满,教学时间,多云,19,17,4,0.0,81,32
2026-05-21 10:00:46,2026-05-22,4,羽毛球馆-6号,11:00-12:00,1,1,已售/已满,教学时间,多云,19,17,4,0.0,79,32
2026-05-21 10:10:40,2026-05-22,4,羽毛球馆-6号,11:00-12:00,1,1,已售/已满,教学时间,多云,19,17,4,0.0,79,32
2026-05-21 10:20:38,2026-05-22,4,羽毛球馆-6号,11:00-12:00,1,1,已售/已满,教学时间,多云,19,17,4,0.0,79,32
2026-05-21 10:30:41,2026-05-22,4,羽毛球馆-6号,11:00-12:00,1,1,已售/已满,教学时间,多云,19,18,3,0.0,78,31
2026-05-21 11:00:44,2026-05-22,4,羽毛球馆-6号,11:00-12:00,1,1,已售/已满,教学时间,多云,21,17,5,0.0,74,31
2026-05-21 11:30:38,2026-05-22,4,羽毛球馆-6号,11:00-12:00,1,1,已售/已满,教学时间,多云,21,19,3,0.0,72,33
2026-05-21 12:00:46,2026-05-22,4,羽毛球馆-6号,11:00-12:00,1,1,已售/已满,教学时间,多云,22,19,4,0.0,70,33
2026-05-21 12:30:42,2026-05-22,4,羽毛球馆-6号,11:00-12:00,1,1,已售/已满,教学时间,多云,22,21,3,0.0,68,35
2026-05-21 13:00:43,2026-05-22,4,羽毛球馆-6号,11:00-12:00,1,1,已售/已满,教学时间,多云,24,22,4,0.0,66,35
2026-05-21 13:30:43,2026-05-22,4,羽毛球馆-6号,11:00-12:00,1,1,已售/已满,教学时间,多云,24,22,4,0.0,66,36
2026-05-21 14:00:48,2026-05-22,4,羽毛球馆-6号,11:00-12:00,1,1,已售/已满,教学时间,多云,25,23,4,0.0,66,36
2026-05-21 14:30:45,2026-05-22,4,羽毛球馆-6号,11:00-12:00,1,1,已售/已满,教学时间,晴,25,25,3,0.0,65,39
2026-05-21 15:00:45,2026-05-22,4,羽毛球馆-6号,11:00-12:00,1,1,已售/已满,教学时间,晴,25,22,4,0.0,56,39
2026-05-21 15:30:43,2026-05-22,4,羽毛球馆-6号,11:00-12:00,1,1,已售/已满,教学时间,晴,25,23,4,0.0,57,40
2026-05-21 16:00:51,2026-05-22,4,羽毛球馆-6号,11:00-12:00,1,1,已售/已满,教学时间,晴,25,23,4,0.0,57,40
2026-05-21 16:30:48,2026-05-22,4,羽毛球馆-6号,11:00-12:00,1,1,已售/已满,教学时间,晴,25,24,3,0.0,60,39
2026-05-21 17:00:49,2026-05-22,4,羽毛球馆-6号,11:00-12:00,1,1,已售/已满,教学时间,晴,25,24,4,0.0,61,39
2026-05-21 17:30:47,2026-05-22,4,羽毛球馆-6号,11:00-12:00,1,1,已售/已满,教学时间,多云,24,23,3,0.0,64,39
2026-05-21 18:00:50,2026-05-22,4,羽毛球馆-6号,11:00-12:00,1,1,已售/已满,教学时间,多云,24,23,3,0.0,68,39
2026-05-21 18:30:50,2026-05-22,4,羽毛球馆-6号,11:00-12:00,1,1,已售/已满,教学时间,阴,24,25,2,0.0,68,40
2026-05-21 19:00:50,2026-05-22,4,羽毛球馆-6号,11:00-12:00,1,1,已售/已满,教学时间,阴,23,23,3,0.0,76,40
2026-05-21 19:30:46,2026-05-22,4,羽毛球馆-6号,11:00-12:00,1,1,已售/已满,教学时间,阴,23,24,2,0.0,77,39
2026-05-21 20:00:49,2026-05-22,4,羽毛球馆-6号,11:00-12:00,1,1,已售/已满,教学时间,雾,22,23,2,0.0,89,39
2026-05-21 20:30:44,2026-05-22,4,羽毛球馆-6号,11:00-12:00,1,1,已售/已满,教学时间,雾,22,24,2,0.0,93,43
2026-05-21 21:00:56,2026-05-22,4,羽毛球馆-6号,11:00-12:00,1,1,已售/已满,教学时间,雾,20,21,2,0.0,98,43
2026-05-21 21:30:46,2026-05-22,4,羽毛球馆-6号,11:00-12:00,1,1,已售/已满,教学时间,雾,20,22,1,0.0,99,41
2026-05-21 22:01:02,2026-05-22,4,羽毛球馆-6号,11:00-12:00,1,1,已售/已满,教学时间,雾,19,20,2,0.0,93,41
2026-05-21 22:30:47,2026-05-22,4,羽毛球馆-6号,11:00-12:00,1,1,已售/已满,教学时间,雾,19,19,3,0.0,88,46
2026-05-21 23:00:56,2026-05-22,4,羽毛球馆-6号,11:00-12:00,1,1,已售/已满,教学时间,多云,18,17,3,0.0,85,46
2026-05-21 23:30:55,2026-05-22,4,羽毛球馆-6号,11:00-12:00,1,1,已售/已满,教学时间,多云,18,17,3,0.0,85,48
2026-05-21 08:00:45,2026-05-22,4,羽毛球馆-6号,12:00-12:55,0,1,可预约,￥0.0,晴,17,12,5,0.0,86,29
2026-05-21 08:02:30,2026-05-22,4,羽毛球馆-6号,12:00-12:55,0,1,可预约,￥0.0,多云,17,12,5,0.0,87,29
2026-05-21 08:05:36,2026-05-22,4,羽毛球馆-6号,12:00-12:55,0,1,可预约,￥0.0,多云,17,12,5,0.0,86,29
2026-05-21 08:08:31,2026-05-22,4,羽毛球馆-6号,12:00-12:55,0,1,可预约,￥0.0,多云,17,12,5,0.0,86,29
2026-05-21 08:11:30,2026-05-22,4,羽毛球馆-6号,12:00-12:55,0,1,可预约,￥0.0,多云,17,12,5,0.0,86,29
2026-05-21 08:14:31,2026-05-22,4,羽毛球馆-6号,12:00-12:55,0,1,可预约,￥0.0,多云,17,12,5,0.0,86,29
2026-05-21 08:17:30,2026-05-22,4,羽毛球馆-6号,12:00-12:55,0,1,可预约,￥0.0,多云,17,12,5,0.0,86,29
2026-05-21 08:20:35,2026-05-22,4,羽毛球馆-6号,12:00-12:55,0,1,可预约,￥0.0,多云,17,14,4,0.0,85,29
2026-05-21 08:25:32,2026-05-22,4,羽毛球馆-6号,12:00-12:55,0,1,可预约,￥0.0,多云,17,14,4,0.0,85,28
2026-05-21 08:30:42,2026-05-22,4,羽毛球馆-6号,12:00-12:55,0,1,可预约,￥0.0,多云,18,15,4,0.0,84,28
2026-05-21 08:35:31,2026-05-22,4,羽毛球馆-6号,12:00-12:55,0,1,可预约,￥0.0,多云,18,15,4,0.0,84,28
2026-05-21 08:40:38,2026-05-22,4,羽毛球馆-6号,12:00-12:55,0,1,可预约,￥0.0,多云,18,15,4,0.0,82,28
2026-05-21 08:45:33,2026-05-22,4,羽毛球馆-6号,12:00-12:55,0,1,可预约,￥0.0,多云,18,15,4,0.0,82,28
2026-05-21 08:50:36,2026-05-22,4,羽毛球馆-6号,12:00-12:55,0,1,可预约,￥0.0,多云,18,15,4,0.0,82,28
2026-05-21 08:55:34,2026-05-22,4,羽毛球馆-6号,12:00-12:55,0,1,可预约,￥0.0,多云,18,15,4,0.0,84,28
2026-05-21 09:00:51,2026-05-22,4,羽毛球馆-6号,12:00-12:55,1,1,已售/已满,已售,多云,18,15,4,0.0,84,28
2026-05-21 09:01:59,2026-05-22,4,羽毛球馆-6号,12:00-12:55,1,1,已售/已满,已售,多云,18,15,4,0.0,83,28
2026-05-21 09:05:33,2026-05-22,4,羽毛球馆-6号,12:00-12:55,1,1,已售/已满,已售,多云,18,15,4,0.0,83,28
2026-05-21 09:20:38,2026-05-22,4,羽毛球馆-6号,12:00-12:55,1,1,已售/已满,已售,多云,18,16,3,0.0,81,28
2026-05-21 09:30:46,2026-05-22,4,羽毛球馆-6号,12:00-12:55,1,1,已售/已满,已售,多云,18,16,3,0.0,81,32
2026-05-21 09:40:36,2026-05-22,4,羽毛球馆-6号,12:00-12:55,1,1,已售/已满,已售,多云,19,17,3,0.0,79,32
2026-05-21 09:50:42,2026-05-22,4,羽毛球馆-6号,12:00-12:55,1,1,已售/已满,已售,多云,19,17,4,0.0,81,32
2026-05-21 10:00:46,2026-05-22,4,羽毛球馆-6号,12:00-12:55,1,1,已售/已满,已售,多云,19,17,4,0.0,79,32
2026-05-21 10:10:40,2026-05-22,4,羽毛球馆-6号,12:00-12:55,1,1,已售/已满,已售,多云,19,17,4,0.0,79,32
2026-05-21 10:20:38,2026-05-22,4,羽毛球馆-6号,12:00-12:55,1,1,已售/已满,已售,多云,19,17,4,0.0,79,32
2026-05-21 10:30:41,2026-05-22,4,羽毛球馆-6号,12:00-12:55,1,1,已售/已满,已售,多云,19,18,3,0.0,78,31
2026-05-21 11:00:44,2026-05-22,4,羽毛球馆-6号,12:00-12:55,1,1,已售/已满,已售,多云,21,17,5,0.0,74,31
2026-05-21 11:30:38,2026-05-22,4,羽毛球馆-6号,12:00-12:55,1,1,已售/已满,已售,多云,21,19,3,0.0,72,33
2026-05-21 12:00:46,2026-05-22,4,羽毛球馆-6号,12:00-12:55,1,1,已售/已满,已售,多云,22,19,4,0.0,70,33
2026-05-21 12:30:42,2026-05-22,4,羽毛球馆-6号,12:00-12:55,1,1,已售/已满,已售,多云,22,21,3,0.0,68,35
2026-05-21 13:00:43,2026-05-22,4,羽毛球馆-6号,12:00-12:55,1,1,已售/已满,已售,多云,24,22,4,0.0,66,35
2026-05-21 13:30:43,2026-05-22,4,羽毛球馆-6号,12:00-12:55,1,1,已售/已满,已售,多云,24,22,4,0.0,66,36
2026-05-21 14:00:48,2026-05-22,4,羽毛球馆-6号,12:00-12:55,1,1,已售/已满,已售,多云,25,23,4,0.0,66,36
2026-05-21 14:30:45,2026-05-22,4,羽毛球馆-6号,12:00-12:55,1,1,已售/已满,已售,晴,25,25,3,0.0,65,39
2026-05-21 15:00:45,2026-05-22,4,羽毛球馆-6号,12:00-12:55,1,1,已售/已满,已售,晴,25,22,4,0.0,56,39
2026-05-21 15:30:43,2026-05-22,4,羽毛球馆-6号,12:00-12:55,1,1,已售/已满,已售,晴,25,23,4,0.0,57,40
2026-05-21 16:00:51,2026-05-22,4,羽毛球馆-6号,12:00-12:55,1,1,已售/已满,已售,晴,25,23,4,0.0,57,40
2026-05-21 16:30:48,2026-05-22,4,羽毛球馆-6号,12:00-12:55,1,1,已售/已满,已售,晴,25,24,3,0.0,60,39
2026-05-21 17:00:49,2026-05-22,4,羽毛球馆-6号,12:00-12:55,1,1,已售/已满,已售,晴,25,24,4,0.0,61,39
2026-05-21 17:30:47,2026-05-22,4,羽毛球馆-6号,12:00-12:55,1,1,已售/已满,已售,多云,24,23,3,0.0,64,39
2026-05-21 18:00:50,2026-05-22,4,羽毛球馆-6号,12:00-12:55,1,1,已售/已满,已售,多云,24,23,3,0.0,68,39
2026-05-21 18:30:50,2026-05-22,4,羽毛球馆-6号,12:00-12:55,1,1,已售/已满,已售,阴,24,25,2,0.0,68,40
2026-05-21 19:00:50,2026-05-22,4,羽毛球馆-6号,12:00-12:55,1,1,已售/已满,已售,阴,23,23,3,0.0,76,40
2026-05-21 19:30:46,2026-05-22,4,羽毛球馆-6号,12:00-12:55,1,1,已售/已满,已售,阴,23,24,2,0.0,77,39
2026-05-21 20:00:49,2026-05-22,4,羽毛球馆-6号,12:00-12:55,1,1,已售/已满,已售,雾,22,23,2,0.0,89,39
2026-05-21 20:30:44,2026-05-22,4,羽毛球馆-6号,12:00-12:55,1,1,已售/已满,已售,雾,22,24,2,0.0,93,43
2026-05-21 21:00:56,2026-05-22,4,羽毛球馆-6号,12:00-12:55,1,1,已售/已满,已售,雾,20,21,2,0.0,98,43
2026-05-21 21:30:46,2026-05-22,4,羽毛球馆-6号,12:00-12:55,1,1,已售/已满,已售,雾,20,22,1,0.0,99,41
2026-05-21 22:01:02,2026-05-22,4,羽毛球馆-6号,12:00-12:55,1,1,已售/已满,已售,雾,19,20,2,0.0,93,41
2026-05-21 22:30:47,2026-05-22,4,羽毛球馆-6号,12:00-12:55,1,1,已售/已满,已售,雾,19,19,3,0.0,88,46
2026-05-21 23:00:56,2026-05-22,4,羽毛球馆-6号,12:00-12:55,1,1,已售/已满,已售,多云,18,17,3,0.0,85,46
2026-05-21 23:30:55,2026-05-22,4,羽毛球馆-6号,12:00-12:55,1,1,已售/已满,已售,多云,18,17,3,0.0,85,48
2026-05-21 08:00:45,2026-05-22,4,羽毛球馆-6号,12:55-13:50,0,1,可预约,￥0.0,晴,17,12,5,0.0,86,29
2026-05-21 08:02:30,2026-05-22,4,羽毛球馆-6号,12:55-13:50,0,1,可预约,￥0.0,多云,17,12,5,0.0,87,29
2026-05-21 08:05:36,2026-05-22,4,羽毛球馆-6号,12:55-13:50,0,1,可预约,￥0.0,多云,17,12,5,0.0,86,29
2026-05-21 08:08:31,2026-05-22,4,羽毛球馆-6号,12:55-13:50,0,1,可预约,￥0.0,多云,17,12,5,0.0,86,29
2026-05-21 08:11:30,2026-05-22,4,羽毛球馆-6号,12:55-13:50,0,1,可预约,￥0.0,多云,17,12,5,0.0,86,29
2026-05-21 08:14:31,2026-05-22,4,羽毛球馆-6号,12:55-13:50,0,1,可预约,￥0.0,多云,17,12,5,0.0,86,29
2026-05-21 08:17:30,2026-05-22,4,羽毛球馆-6号,12:55-13:50,0,1,可预约,￥0.0,多云,17,12,5,0.0,86,29
2026-05-21 08:20:35,2026-05-22,4,羽毛球馆-6号,12:55-13:50,0,1,可预约,￥0.0,多云,17,14,4,0.0,85,29
2026-05-21 08:25:32,2026-05-22,4,羽毛球馆-6号,12:55-13:50,0,1,可预约,￥0.0,多云,17,14,4,0.0,85,28
2026-05-21 08:30:42,2026-05-22,4,羽毛球馆-6号,12:55-13:50,0,1,可预约,￥0.0,多云,18,15,4,0.0,84,28
2026-05-21 08:35:31,2026-05-22,4,羽毛球馆-6号,12:55-13:50,0,1,可预约,￥0.0,多云,18,15,4,0.0,84,28
2026-05-21 08:40:38,2026-05-22,4,羽毛球馆-6号,12:55-13:50,0,1,可预约,￥0.0,多云,18,15,4,0.0,82,28
2026-05-21 08:45:33,2026-05-22,4,羽毛球馆-6号,12:55-13:50,0,1,可预约,￥0.0,多云,18,15,4,0.0,82,28
2026-05-21 08:50:36,2026-05-22,4,羽毛球馆-6号,12:55-13:50,0,1,可预约,￥0.0,多云,18,15,4,0.0,82,28
2026-05-21 08:55:34,2026-05-22,4,羽毛球馆-6号,12:55-13:50,0,1,可预约,￥0.0,多云,18,15,4,0.0,84,28
2026-05-21 09:00:51,2026-05-22,4,羽毛球馆-6号,12:55-13:50,1,1,已售/已满,已售,多云,18,15,4,0.0,84,28
2026-05-21 09:01:59,2026-05-22,4,羽毛球馆-6号,12:55-13:50,1,1,已售/已满,已售,多云,18,15,4,0.0,83,28
2026-05-21 09:05:33,2026-05-22,4,羽毛球馆-6号,12:55-13:50,1,1,已售/已满,已售,多云,18,15,4,0.0,83,28
2026-05-21 09:20:38,2026-05-22,4,羽毛球馆-6号,12:55-13:50,1,1,已售/已满,已售,多云,18,16,3,0.0,81,28
2026-05-21 09:30:46,2026-05-22,4,羽毛球馆-6号,12:55-13:50,1,1,已售/已满,已售,多云,18,16,3,0.0,81,32
2026-05-21 09:40:36,2026-05-22,4,羽毛球馆-6号,12:55-13:50,1,1,已售/已满,已售,多云,19,17,3,0.0,79,32
2026-05-21 09:50:42,2026-05-22,4,羽毛球馆-6号,12:55-13:50,1,1,已售/已满,已售,多云,19,17,4,0.0,81,32
2026-05-21 10:00:46,2026-05-22,4,羽毛球馆-6号,12:55-13:50,1,1,已售/已满,已售,多云,19,17,4,0.0,79,32
2026-05-21 10:10:40,2026-05-22,4,羽毛球馆-6号,12:55-13:50,1,1,已售/已满,已售,多云,19,17,4,0.0,79,32
2026-05-21 10:20:38,2026-05-22,4,羽毛球馆-6号,12:55-13:50,1,1,已售/已满,已售,多云,19,17,4,0.0,79,32
2026-05-21 10:30:41,2026-05-22,4,羽毛球馆-6号,12:55-13:50,1,1,已售/已满,已售,多云,19,18,3,0.0,78,31
2026-05-21 11:00:44,2026-05-22,4,羽毛球馆-6号,12:55-13:50,1,1,已售/已满,已售,多云,21,17,5,0.0,74,31
2026-05-21 11:30:38,2026-05-22,4,羽毛球馆-6号,12:55-13:50,1,1,已售/已满,已售,多云,21,19,3,0.0,72,33
2026-05-21 12:00:46,2026-05-22,4,羽毛球馆-6号,12:55-13:50,1,1,已售/已满,已售,多云,22,19,4,0.0,70,33
2026-05-21 12:30:42,2026-05-22,4,羽毛球馆-6号,12:55-13:50,1,1,已售/已满,已售,多云,22,21,3,0.0,68,35
2026-05-21 13:00:43,2026-05-22,4,羽毛球馆-6号,12:55-13:50,1,1,已售/已满,已售,多云,24,22,4,0.0,66,35
2026-05-21 13:30:43,2026-05-22,4,羽毛球馆-6号,12:55-13:50,1,1,已售/已满,已售,多云,24,22,4,0.0,66,36
2026-05-21 14:00:48,2026-05-22,4,羽毛球馆-6号,12:55-13:50,1,1,已售/已满,已售,多云,25,23,4,0.0,66,36
2026-05-21 14:30:45,2026-05-22,4,羽毛球馆-6号,12:55-13:50,1,1,已售/已满,已售,晴,25,25,3,0.0,65,39
2026-05-21 15:00:45,2026-05-22,4,羽毛球馆-6号,12:55-13:50,1,1,已售/已满,已售,晴,25,22,4,0.0,56,39
2026-05-21 15:30:43,2026-05-22,4,羽毛球馆-6号,12:55-13:50,1,1,已售/已满,已售,晴,25,23,4,0.0,57,40
2026-05-21 16:00:51,2026-05-22,4,羽毛球馆-6号,12:55-13:50,1,1,已售/已满,已售,晴,25,23,4,0.0,57,40
2026-05-21 16:30:48,2026-05-22,4,羽毛球馆-6号,12:55-13:50,1,1,已售/已满,已售,晴,25,24,3,0.0,60,39
2026-05-21 17:00:49,2026-05-22,4,羽毛球馆-6号,12:55-13:50,1,1,已售/已满,已售,晴,25,24,4,0.0,61,39
2026-05-21 17:30:47,2026-05-22,4,羽毛球馆-6号,12:55-13:50,1,1,已售/已满,已售,多云,24,23,3,0.0,64,39
2026-05-21 18:00:50,2026-05-22,4,羽毛球馆-6号,12:55-13:50,1,1,已售/已满,已售,多云,24,23,3,0.0,68,39
2026-05-21 18:30:50,2026-05-22,4,羽毛球馆-6号,12:55-13:50,1,1,已售/已满,已售,阴,24,25,2,0.0,68,40
2026-05-21 19:00:50,2026-05-22,4,羽毛球馆-6号,12:55-13:50,1,1,已售/已满,已售,阴,23,23,3,0.0,76,40
2026-05-21 19:30:46,2026-05-22,4,羽毛球馆-6号,12:55-13:50,1,1,已售/已满,已售,阴,23,24,2,0.0,77,39
2026-05-21 20:00:49,2026-05-22,4,羽毛球馆-6号,12:55-13:50,1,1,已售/已满,已售,雾,22,23,2,0.0,89,39
2026-05-21 20:30:44,2026-05-22,4,羽毛球馆-6号,12:55-13:50,1,1,已售/已满,已售,雾,22,24,2,0.0,93,43
2026-05-21 21:00:56,2026-05-22,4,羽毛球馆-6号,12:55-13:50,1,1,已售/已满,已售,雾,20,21,2,0.0,98,43
2026-05-21 21:30:46,2026-05-22,4,羽毛球馆-6号,12:55-13:50,1,1,已售/已满,已售,雾,20,22,1,0.0,99,41
2026-05-21 22:01:02,2026-05-22,4,羽毛球馆-6号,12:55-13:50,1,1,已售/已满,已售,雾,19,20,2,0.0,93,41
2026-05-21 22:30:47,2026-05-22,4,羽毛球馆-6号,12:55-13:50,1,1,已售/已满,已售,雾,19,19,3,0.0,88,46
2026-05-21 23:00:56,2026-05-22,4,羽毛球馆-6号,12:55-13:50,1,1,已售/已满,已售,多云,18,17,3,0.0,85,46
2026-05-21 23:30:55,2026-05-22,4,羽毛球馆-6号,12:55-13:50,1,1,已售/已满,已售,多云,18,17,3,0.0,85,48
2026-05-21 08:00:45,2026-05-22,4,羽毛球馆-6号,14:00-15:00,1,1,已售/已满,教学时间,晴,17,12,5,0.0,86,29
2026-05-21 08:02:30,2026-05-22,4,羽毛球馆-6号,14:00-15:00,1,1,已售/已满,教学时间,多云,17,12,5,0.0,87,29
2026-05-21 08:05:36,2026-05-22,4,羽毛球馆-6号,14:00-15:00,1,1,已售/已满,教学时间,多云,17,12,5,0.0,86,29
2026-05-21 08:08:31,2026-05-22,4,羽毛球馆-6号,14:00-15:00,1,1,已售/已满,教学时间,多云,17,12,5,0.0,86,29
2026-05-21 08:11:30,2026-05-22,4,羽毛球馆-6号,14:00-15:00,1,1,已售/已满,教学时间,多云,17,12,5,0.0,86,29
2026-05-21 08:14:31,2026-05-22,4,羽毛球馆-6号,14:00-15:00,1,1,已售/已满,教学时间,多云,17,12,5,0.0,86,29
2026-05-21 08:17:30,2026-05-22,4,羽毛球馆-6号,14:00-15:00,1,1,已售/已满,教学时间,多云,17,12,5,0.0,86,29
2026-05-21 08:20:35,2026-05-22,4,羽毛球馆-6号,14:00-15:00,1,1,已售/已满,教学时间,多云,17,14,4,0.0,85,29
2026-05-21 08:25:32,2026-05-22,4,羽毛球馆-6号,14:00-15:00,1,1,已售/已满,教学时间,多云,17,14,4,0.0,85,28
2026-05-21 08:30:42,2026-05-22,4,羽毛球馆-6号,14:00-15:00,1,1,已售/已满,教学时间,多云,18,15,4,0.0,84,28
2026-05-21 08:35:31,2026-05-22,4,羽毛球馆-6号,14:00-15:00,1,1,已售/已满,教学时间,多云,18,15,4,0.0,84,28
2026-05-21 08:40:38,2026-05-22,4,羽毛球馆-6号,14:00-15:00,1,1,已售/已满,教学时间,多云,18,15,4,0.0,82,28
2026-05-21 08:45:33,2026-05-22,4,羽毛球馆-6号,14:00-15:00,1,1,已售/已满,教学时间,多云,18,15,4,0.0,82,28
2026-05-21 08:50:36,2026-05-22,4,羽毛球馆-6号,14:00-15:00,1,1,已售/已满,教学时间,多云,18,15,4,0.0,82,28
2026-05-21 08:55:34,2026-05-22,4,羽毛球馆-6号,14:00-15:00,1,1,已售/已满,教学时间,多云,18,15,4,0.0,84,28
2026-05-21 09:00:51,2026-05-22,4,羽毛球馆-6号,14:00-15:00,1,1,已售/已满,教学时间,多云,18,15,4,0.0,84,28
2026-05-21 09:01:59,2026-05-22,4,羽毛球馆-6号,14:00-15:00,1,1,已售/已满,教学时间,多云,18,15,4,0.0,83,28
2026-05-21 09:05:33,2026-05-22,4,羽毛球馆-6号,14:00-15:00,1,1,已售/已满,教学时间,多云,18,15,4,0.0,83,28
2026-05-21 09:20:38,2026-05-22,4,羽毛球馆-6号,14:00-15:00,1,1,已售/已满,教学时间,多云,18,16,3,0.0,81,28
2026-05-21 09:30:46,2026-05-22,4,羽毛球馆-6号,14:00-15:00,1,1,已售/已满,教学时间,多云,18,16,3,0.0,81,32
2026-05-21 09:40:36,2026-05-22,4,羽毛球馆-6号,14:00-15:00,1,1,已售/已满,教学时间,多云,19,17,3,0.0,79,32
2026-05-21 09:50:42,2026-05-22,4,羽毛球馆-6号,14:00-15:00,1,1,已售/已满,教学时间,多云,19,17,4,0.0,81,32
2026-05-21 10:00:46,2026-05-22,4,羽毛球馆-6号,14:00-15:00,1,1,已售/已满,教学时间,多云,19,17,4,0.0,79,32
2026-05-21 10:10:40,2026-05-22,4,羽毛球馆-6号,14:00-15:00,1,1,已售/已满,教学时间,多云,19,17,4,0.0,79,32
2026-05-21 10:20:38,2026-05-22,4,羽毛球馆-6号,14:00-15:00,1,1,已售/已满,教学时间,多云,19,17,4,0.0,79,32
2026-05-21 10:30:41,2026-05-22,4,羽毛球馆-6号,14:00-15:00,1,1,已售/已满,教学时间,多云,19,18,3,0.0,78,31
2026-05-21 11:00:44,2026-05-22,4,羽毛球馆-6号,14:00-15:00,1,1,已售/已满,教学时间,多云,21,17,5,0.0,74,31
2026-05-21 11:30:38,2026-05-22,4,羽毛球馆-6号,14:00-15:00,1,1,已售/已满,教学时间,多云,21,19,3,0.0,72,33
2026-05-21 12:00:46,2026-05-22,4,羽毛球馆-6号,14:00-15:00,1,1,已售/已满,教学时间,多云,22,19,4,0.0,70,33
2026-05-21 12:30:42,2026-05-22,4,羽毛球馆-6号,14:00-15:00,1,1,已售/已满,教学时间,多云,22,21,3,0.0,68,35
2026-05-21 13:00:43,2026-05-22,4,羽毛球馆-6号,14:00-15:00,1,1,已售/已满,教学时间,多云,24,22,4,0.0,66,35
2026-05-21 13:30:43,2026-05-22,4,羽毛球馆-6号,14:00-15:00,1,1,已售/已满,教学时间,多云,24,22,4,0.0,66,36
2026-05-21 14:00:48,2026-05-22,4,羽毛球馆-6号,14:00-15:00,1,1,已售/已满,教学时间,多云,25,23,4,0.0,66,36
2026-05-21 14:30:45,2026-05-22,4,羽毛球馆-6号,14:00-15:00,1,1,已售/已满,教学时间,晴,25,25,3,0.0,65,39
2026-05-21 15:00:45,2026-05-22,4,羽毛球馆-6号,14:00-15:00,1,1,已售/已满,教学时间,晴,25,22,4,0.0,56,39
2026-05-21 15:30:43,2026-05-22,4,羽毛球馆-6号,14:00-15:00,1,1,已售/已满,教学时间,晴,25,23,4,0.0,57,40
2026-05-21 16:00:51,2026-05-22,4,羽毛球馆-6号,14:00-15:00,1,1,已售/已满,教学时间,晴,25,23,4,0.0,57,40
2026-05-21 16:30:48,2026-05-22,4,羽毛球馆-6号,14:00-15:00,1,1,已售/已满,教学时间,晴,25,24,3,0.0,60,39
2026-05-21 17:00:49,2026-05-22,4,羽毛球馆-6号,14:00-15:00,1,1,已售/已满,教学时间,晴,25,24,4,0.0,61,39
2026-05-21 17:30:47,2026-05-22,4,羽毛球馆-6号,14:00-15:00,1,1,已售/已满,教学时间,多云,24,23,3,0.0,64,39
2026-05-21 18:00:50,2026-05-22,4,羽毛球馆-6号,14:00-15:00,1,1,已售/已满,教学时间,多云,24,23,3,0.0,68,39
2026-05-21 18:30:50,2026-05-22,4,羽毛球馆-6号,14:00-15:00,1,1,已售/已满,教学时间,阴,24,25,2,0.0,68,40
2026-05-21 19:00:50,2026-05-22,4,羽毛球馆-6号,14:00-15:00,1,1,已售/已满,教学时间,阴,23,23,3,0.0,76,40
2026-05-21 19:30:46,2026-05-22,4,羽毛球馆-6号,14:00-15:00,1,1,已售/已满,教学时间,阴,23,24,2,0.0,77,39
2026-05-21 20:00:49,2026-05-22,4,羽毛球馆-6号,14:00-15:00,1,1,已售/已满,教学时间,雾,22,23,2,0.0,89,39
2026-05-21 20:30:44,2026-05-22,4,羽毛球馆-6号,14:00-15:00,1,1,已售/已满,教学时间,雾,22,24,2,0.0,93,43
2026-05-21 21:00:56,2026-05-22,4,羽毛球馆-6号,14:00-15:00,1,1,已售/已满,教学时间,雾,20,21,2,0.0,98,43
2026-05-21 21:30:46,2026-05-22,4,羽毛球馆-6号,14:00-15:00,1,1,已售/已满,教学时间,雾,20,22,1,0.0,99,41
2026-05-21 22:01:02,2026-05-22,4,羽毛球馆-6号,14:00-15:00,1,1,已售/已满,教学时间,雾,19,20,2,0.0,93,41
2026-05-21 22:30:47,2026-05-22,4,羽毛球馆-6号,14:00-15:00,1,1,已售/已满,教学时间,雾,19,19,3,0.0,88,46
2026-05-21 23:00:56,2026-05-22,4,羽毛球馆-6号,14:00-15:00,1,1,已售/已满,教学时间,多云,18,17,3,0.0,85,46
2026-05-21 23:30:55,2026-05-22,4,羽毛球馆-6号,14:00-15:00,1,1,已售/已满,教学时间,多云,18,17,3,0.0,85,48
2026-05-21 08:00:45,2026-05-22,4,羽毛球馆-6号,15:00-16:00,1,1,已售/已满,教学时间,晴,17,12,5,0.0,86,29
2026-05-21 08:02:30,2026-05-22,4,羽毛球馆-6号,15:00-16:00,1,1,已售/已满,教学时间,多云,17,12,5,0.0,87,29
2026-05-21 08:05:36,2026-05-22,4,羽毛球馆-6号,15:00-16:00,1,1,已售/已满,教学时间,多云,17,12,5,0.0,86,29
2026-05-21 08:08:31,2026-05-22,4,羽毛球馆-6号,15:00-16:00,1,1,已售/已满,教学时间,多云,17,12,5,0.0,86,29
2026-05-21 08:11:30,2026-05-22,4,羽毛球馆-6号,15:00-16:00,1,1,已售/已满,教学时间,多云,17,12,5,0.0,86,29
2026-05-21 08:14:31,2026-05-22,4,羽毛球馆-6号,15:00-16:00,1,1,已售/已满,教学时间,多云,17,12,5,0.0,86,29
2026-05-21 08:17:30,2026-05-22,4,羽毛球馆-6号,15:00-16:00,1,1,已售/已满,教学时间,多云,17,12,5,0.0,86,29
2026-05-21 08:20:35,2026-05-22,4,羽毛球馆-6号,15:00-16:00,1,1,已售/已满,教学时间,多云,17,14,4,0.0,85,29
2026-05-21 08:25:32,2026-05-22,4,羽毛球馆-6号,15:00-16:00,1,1,已售/已满,教学时间,多云,17,14,4,0.0,85,28
2026-05-21 08:30:42,2026-05-22,4,羽毛球馆-6号,15:00-16:00,1,1,已售/已满,教学时间,多云,18,15,4,0.0,84,28
2026-05-21 08:35:31,2026-05-22,4,羽毛球馆-6号,15:00-16:00,1,1,已售/已满,教学时间,多云,18,15,4,0.0,84,28
2026-05-21 08:40:38,2026-05-22,4,羽毛球馆-6号,15:00-16:00,1,1,已售/已满,教学时间,多云,18,15,4,0.0,82,28
2026-05-21 08:45:33,2026-05-22,4,羽毛球馆-6号,15:00-16:00,1,1,已售/已满,教学时间,多云,18,15,4,0.0,82,28
2026-05-21 08:50:36,2026-05-22,4,羽毛球馆-6号,15:00-16:00,1,1,已售/已满,教学时间,多云,18,15,4,0.0,82,28
2026-05-21 08:55:34,2026-05-22,4,羽毛球馆-6号,15:00-16:00,1,1,已售/已满,教学时间,多云,18,15,4,0.0,84,28
2026-05-21 09:00:51,2026-05-22,4,羽毛球馆-6号,15:00-16:00,1,1,已售/已满,教学时间,多云,18,15,4,0.0,84,28
2026-05-21 09:01:59,2026-05-22,4,羽毛球馆-6号,15:00-16:00,1,1,已售/已满,教学时间,多云,18,15,4,0.0,83,28
2026-05-21 09:05:33,2026-05-22,4,羽毛球馆-6号,15:00-16:00,1,1,已售/已满,教学时间,多云,18,15,4,0.0,83,28
2026-05-21 09:20:38,2026-05-22,4,羽毛球馆-6号,15:00-16:00,1,1,已售/已满,教学时间,多云,18,16,3,0.0,81,28
2026-05-21 09:30:46,2026-05-22,4,羽毛球馆-6号,15:00-16:00,1,1,已售/已满,教学时间,多云,18,16,3,0.0,81,32
2026-05-21 09:40:36,2026-05-22,4,羽毛球馆-6号,15:00-16:00,1,1,已售/已满,教学时间,多云,19,17,3,0.0,79,32
2026-05-21 09:50:42,2026-05-22,4,羽毛球馆-6号,15:00-16:00,1,1,已售/已满,教学时间,多云,19,17,4,0.0,81,32
2026-05-21 10:00:46,2026-05-22,4,羽毛球馆-6号,15:00-16:00,1,1,已售/已满,教学时间,多云,19,17,4,0.0,79,32
2026-05-21 10:10:40,2026-05-22,4,羽毛球馆-6号,15:00-16:00,1,1,已售/已满,教学时间,多云,19,17,4,0.0,79,32
2026-05-21 10:20:38,2026-05-22,4,羽毛球馆-6号,15:00-16:00,1,1,已售/已满,教学时间,多云,19,17,4,0.0,79,32
2026-05-21 10:30:41,2026-05-22,4,羽毛球馆-6号,15:00-16:00,1,1,已售/已满,教学时间,多云,19,18,3,0.0,78,31
2026-05-21 11:00:44,2026-05-22,4,羽毛球馆-6号,15:00-16:00,1,1,已售/已满,教学时间,多云,21,17,5,0.0,74,31
2026-05-21 11:30:38,2026-05-22,4,羽毛球馆-6号,15:00-16:00,1,1,已售/已满,教学时间,多云,21,19,3,0.0,72,33
2026-05-21 12:00:46,2026-05-22,4,羽毛球馆-6号,15:00-16:00,1,1,已售/已满,教学时间,多云,22,19,4,0.0,70,33
2026-05-21 12:30:42,2026-05-22,4,羽毛球馆-6号,15:00-16:00,1,1,已售/已满,教学时间,多云,22,21,3,0.0,68,35
2026-05-21 13:00:43,2026-05-22,4,羽毛球馆-6号,15:00-16:00,1,1,已售/已满,教学时间,多云,24,22,4,0.0,66,35
2026-05-21 13:30:43,2026-05-22,4,羽毛球馆-6号,15:00-16:00,1,1,已售/已满,教学时间,多云,24,22,4,0.0,66,36
2026-05-21 14:00:48,2026-05-22,4,羽毛球馆-6号,15:00-16:00,1,1,已售/已满,教学时间,多云,25,23,4,0.0,66,36
2026-05-21 14:30:45,2026-05-22,4,羽毛球馆-6号,15:00-16:00,1,1,已售/已满,教学时间,晴,25,25,3,0.0,65,39
2026-05-21 15:00:45,2026-05-22,4,羽毛球馆-6号,15:00-16:00,1,1,已售/已满,教学时间,晴,25,22,4,0.0,56,39
2026-05-21 15:30:43,2026-05-22,4,羽毛球馆-6号,15:00-16:00,1,1,已售/已满,教学时间,晴,25,23,4,0.0,57,40
2026-05-21 16:00:51,2026-05-22,4,羽毛球馆-6号,15:00-16:00,1,1,已售/已满,教学时间,晴,25,23,4,0.0,57,40
2026-05-21 16:30:48,2026-05-22,4,羽毛球馆-6号,15:00-16:00,1,1,已售/已满,教学时间,晴,25,24,3,0.0,60,39
2026-05-21 17:00:49,2026-05-22,4,羽毛球馆-6号,15:00-16:00,1,1,已售/已满,教学时间,晴,25,24,4,0.0,61,39
2026-05-21 17:30:47,2026-05-22,4,羽毛球馆-6号,15:00-16:00,1,1,已售/已满,教学时间,多云,24,23,3,0.0,64,39
2026-05-21 18:00:50,2026-05-22,4,羽毛球馆-6号,15:00-16:00,1,1,已售/已满,教学时间,多云,24,23,3,0.0,68,39
2026-05-21 18:30:50,2026-05-22,4,羽毛球馆-6号,15:00-16:00,1,1,已售/已满,教学时间,阴,24,25,2,0.0,68,40
2026-05-21 19:00:50,2026-05-22,4,羽毛球馆-6号,15:00-16:00,1,1,已售/已满,教学时间,阴,23,23,3,0.0,76,40
2026-05-21 19:30:46,2026-05-22,4,羽毛球馆-6号,15:00-16:00,1,1,已售/已满,教学时间,阴,23,24,2,0.0,77,39
2026-05-21 20:00:49,2026-05-22,4,羽毛球馆-6号,15:00-16:00,1,1,已售/已满,教学时间,雾,22,23,2,0.0,89,39
2026-05-21 20:30:44,2026-05-22,4,羽毛球馆-6号,15:00-16:00,1,1,已售/已满,教学时间,雾,22,24,2,0.0,93,43
2026-05-21 21:00:56,2026-05-22,4,羽毛球馆-6号,15:00-16:00,1,1,已售/已满,教学时间,雾,20,21,2,0.0,98,43
2026-05-21 21:30:46,2026-05-22,4,羽毛球馆-6号,15:00-16:00,1,1,已售/已满,教学时间,雾,20,22,1,0.0,99,41
2026-05-21 22:01:02,2026-05-22,4,羽毛球馆-6号,15:00-16:00,1,1,已售/已满,教学时间,雾,19,20,2,0.0,93,41
2026-05-21 22:30:47,2026-05-22,4,羽毛球馆-6号,15:00-16:00,1,1,已售/已满,教学时间,雾,19,19,3,0.0,88,46
2026-05-21 23:00:56,2026-05-22,4,羽毛球馆-6号,15:00-16:00,1,1,已售/已满,教学时间,多云,18,17,3,0.0,85,46
2026-05-21 23:30:55,2026-05-22,4,羽毛球馆-6号,15:00-16:00,1,1,已售/已满,教学时间,多云,18,17,3,0.0,85,48
2026-05-21 08:00:45,2026-05-22,4,羽毛球馆-6号,16:00-17:00,0,1,可预约,￥12.0,晴,17,12,5,0.0,86,29
2026-05-21 08:02:30,2026-05-22,4,羽毛球馆-6号,16:00-17:00,0,1,可预约,￥12.0,多云,17,12,5,0.0,87,29
2026-05-21 08:05:36,2026-05-22,4,羽毛球馆-6号,16:00-17:00,1,1,未支付锁定,,多云,17,12,5,0.0,86,29
2026-05-21 08:08:31,2026-05-22,4,羽毛球馆-6号,16:00-17:00,1,1,已售/已满,已售,多云,17,12,5,0.0,86,29
2026-05-21 08:11:30,2026-05-22,4,羽毛球馆-6号,16:00-17:00,1,1,已售/已满,已售,多云,17,12,5,0.0,86,29
2026-05-21 08:14:31,2026-05-22,4,羽毛球馆-6号,16:00-17:00,1,1,已售/已满,已售,多云,17,12,5,0.0,86,29
2026-05-21 08:17:30,2026-05-22,4,羽毛球馆-6号,16:00-17:00,1,1,已售/已满,已售,多云,17,12,5,0.0,86,29
2026-05-21 08:20:35,2026-05-22,4,羽毛球馆-6号,16:00-17:00,1,1,已售/已满,已售,多云,17,14,4,0.0,85,29
2026-05-21 08:25:32,2026-05-22,4,羽毛球馆-6号,16:00-17:00,1,1,已售/已满,已售,多云,17,14,4,0.0,85,28
2026-05-21 08:30:42,2026-05-22,4,羽毛球馆-6号,16:00-17:00,1,1,已售/已满,已售,多云,18,15,4,0.0,84,28
2026-05-21 08:35:31,2026-05-22,4,羽毛球馆-6号,16:00-17:00,1,1,已售/已满,已售,多云,18,15,4,0.0,84,28
2026-05-21 08:40:38,2026-05-22,4,羽毛球馆-6号,16:00-17:00,1,1,已售/已满,已售,多云,18,15,4,0.0,82,28
2026-05-21 08:45:33,2026-05-22,4,羽毛球馆-6号,16:00-17:00,1,1,已售/已满,已售,多云,18,15,4,0.0,82,28
2026-05-21 08:50:36,2026-05-22,4,羽毛球馆-6号,16:00-17:00,1,1,已售/已满,已售,多云,18,15,4,0.0,82,28
2026-05-21 08:55:34,2026-05-22,4,羽毛球馆-6号,16:00-17:00,1,1,已售/已满,已售,多云,18,15,4,0.0,84,28
2026-05-21 09:00:51,2026-05-22,4,羽毛球馆-6号,16:00-17:00,1,1,已售/已满,已售,多云,18,15,4,0.0,84,28
2026-05-21 09:01:59,2026-05-22,4,羽毛球馆-6号,16:00-17:00,1,1,已售/已满,已售,多云,18,15,4,0.0,83,28
2026-05-21 09:05:33,2026-05-22,4,羽毛球馆-6号,16:00-17:00,1,1,已售/已满,已售,多云,18,15,4,0.0,83,28
2026-05-21 09:20:38,2026-05-22,4,羽毛球馆-6号,16:00-17:00,1,1,已售/已满,已售,多云,18,16,3,0.0,81,28
2026-05-21 09:30:46,2026-05-22,4,羽毛球馆-6号,16:00-17:00,1,1,已售/已满,已售,多云,18,16,3,0.0,81,32
2026-05-21 09:40:36,2026-05-22,4,羽毛球馆-6号,16:00-17:00,1,1,已售/已满,已售,多云,19,17,3,0.0,79,32
2026-05-21 09:50:42,2026-05-22,4,羽毛球馆-6号,16:00-17:00,1,1,已售/已满,已售,多云,19,17,4,0.0,81,32
2026-05-21 10:00:46,2026-05-22,4,羽毛球馆-6号,16:00-17:00,1,1,已售/已满,已售,多云,19,17,4,0.0,79,32
2026-05-21 10:10:40,2026-05-22,4,羽毛球馆-6号,16:00-17:00,1,1,已售/已满,已售,多云,19,17,4,0.0,79,32
2026-05-21 10:20:38,2026-05-22,4,羽毛球馆-6号,16:00-17:00,1,1,已售/已满,已售,多云,19,17,4,0.0,79,32
2026-05-21 10:30:41,2026-05-22,4,羽毛球馆-6号,16:00-17:00,1,1,已售/已满,已售,多云,19,18,3,0.0,78,31
2026-05-21 11:00:44,2026-05-22,4,羽毛球馆-6号,16:00-17:00,1,1,已售/已满,已售,多云,21,17,5,0.0,74,31
2026-05-21 11:30:38,2026-05-22,4,羽毛球馆-6号,16:00-17:00,1,1,已售/已满,已售,多云,21,19,3,0.0,72,33
2026-05-21 12:00:46,2026-05-22,4,羽毛球馆-6号,16:00-17:00,1,1,已售/已满,已售,多云,22,19,4,0.0,70,33
2026-05-21 12:30:42,2026-05-22,4,羽毛球馆-6号,16:00-17:00,1,1,已售/已满,已售,多云,22,21,3,0.0,68,35
2026-05-21 13:00:43,2026-05-22,4,羽毛球馆-6号,16:00-17:00,1,1,已售/已满,已售,多云,24,22,4,0.0,66,35
2026-05-21 13:30:43,2026-05-22,4,羽毛球馆-6号,16:00-17:00,1,1,已售/已满,已售,多云,24,22,4,0.0,66,36
2026-05-21 14:00:48,2026-05-22,4,羽毛球馆-6号,16:00-17:00,1,1,已售/已满,已售,多云,25,23,4,0.0,66,36
2026-05-21 14:30:45,2026-05-22,4,羽毛球馆-6号,16:00-17:00,1,1,已售/已满,已售,晴,25,25,3,0.0,65,39
2026-05-21 15:00:45,2026-05-22,4,羽毛球馆-6号,16:00-17:00,1,1,已售/已满,已售,晴,25,22,4,0.0,56,39
2026-05-21 15:30:43,2026-05-22,4,羽毛球馆-6号,16:00-17:00,1,1,已售/已满,已售,晴,25,23,4,0.0,57,40
2026-05-21 16:00:51,2026-05-22,4,羽毛球馆-6号,16:00-17:00,1,1,已售/已满,已售,晴,25,23,4,0.0,57,40
2026-05-21 16:30:48,2026-05-22,4,羽毛球馆-6号,16:00-17:00,1,1,已售/已满,已售,晴,25,24,3,0.0,60,39
2026-05-21 17:00:49,2026-05-22,4,羽毛球馆-6号,16:00-17:00,1,1,已售/已满,已售,晴,25,24,4,0.0,61,39
2026-05-21 17:30:47,2026-05-22,4,羽毛球馆-6号,16:00-17:00,1,1,已售/已满,已售,多云,24,23,3,0.0,64,39
2026-05-21 18:00:50,2026-05-22,4,羽毛球馆-6号,16:00-17:00,1,1,已售/已满,已售,多云,24,23,3,0.0,68,39
2026-05-21 18:30:50,2026-05-22,4,羽毛球馆-6号,16:00-17:00,1,1,已售/已满,已售,阴,24,25,2,0.0,68,40
2026-05-21 19:00:50,2026-05-22,4,羽毛球馆-6号,16:00-17:00,1,1,已售/已满,已售,阴,23,23,3,0.0,76,40
2026-05-21 19:30:46,2026-05-22,4,羽毛球馆-6号,16:00-17:00,1,1,已售/已满,已售,阴,23,24,2,0.0,77,39
2026-05-21 20:00:49,2026-05-22,4,羽毛球馆-6号,16:00-17:00,1,1,已售/已满,已售,雾,22,23,2,0.0,89,39
2026-05-21 20:30:44,2026-05-22,4,羽毛球馆-6号,16:00-17:00,1,1,已售/已满,已售,雾,22,24,2,0.0,93,43
2026-05-21 21:00:56,2026-05-22,4,羽毛球馆-6号,16:00-17:00,1,1,已售/已满,已售,雾,20,21,2,0.0,98,43
2026-05-21 21:30:46,2026-05-22,4,羽毛球馆-6号,16:00-17:00,1,1,已售/已满,已售,雾,20,22,1,0.0,99,41
2026-05-21 22:01:02,2026-05-22,4,羽毛球馆-6号,16:00-17:00,1,1,已售/已满,已售,雾,19,20,2,0.0,93,41
2026-05-21 22:30:47,2026-05-22,4,羽毛球馆-6号,16:00-17:00,1,1,已售/已满,已售,雾,19,19,3,0.0,88,46
2026-05-21 23:00:56,2026-05-22,4,羽毛球馆-6号,16:00-17:00,1,1,已售/已满,已售,多云,18,17,3,0.0,85,46
2026-05-21 23:30:55,2026-05-22,4,羽毛球馆-6号,16:00-17:00,1,1,已售/已满,已售,多云,18,17,3,0.0,85,48
2026-05-21 08:00:45,2026-05-22,4,羽毛球馆-6号,17:00-18:00,0,1,可预约,￥12.0,晴,17,12,5,0.0,86,29
2026-05-21 08:02:30,2026-05-22,4,羽毛球馆-6号,17:00-18:00,0,1,可预约,￥12.0,多云,17,12,5,0.0,87,29
2026-05-21 08:05:36,2026-05-22,4,羽毛球馆-6号,17:00-18:00,1,1,未支付锁定,,多云,17,12,5,0.0,86,29
2026-05-21 08:08:31,2026-05-22,4,羽毛球馆-6号,17:00-18:00,1,1,已售/已满,已售,多云,17,12,5,0.0,86,29
2026-05-21 08:11:30,2026-05-22,4,羽毛球馆-6号,17:00-18:00,1,1,已售/已满,已售,多云,17,12,5,0.0,86,29
2026-05-21 08:14:31,2026-05-22,4,羽毛球馆-6号,17:00-18:00,1,1,已售/已满,已售,多云,17,12,5,0.0,86,29
2026-05-21 08:17:30,2026-05-22,4,羽毛球馆-6号,17:00-18:00,1,1,已售/已满,已售,多云,17,12,5,0.0,86,29
2026-05-21 08:20:35,2026-05-22,4,羽毛球馆-6号,17:00-18:00,1,1,已售/已满,已售,多云,17,14,4,0.0,85,29
2026-05-21 08:25:32,2026-05-22,4,羽毛球馆-6号,17:00-18:00,1,1,已售/已满,已售,多云,17,14,4,0.0,85,28
2026-05-21 08:30:42,2026-05-22,4,羽毛球馆-6号,17:00-18:00,1,1,已售/已满,已售,多云,18,15,4,0.0,84,28
2026-05-21 08:35:31,2026-05-22,4,羽毛球馆-6号,17:00-18:00,1,1,已售/已满,已售,多云,18,15,4,0.0,84,28
2026-05-21 08:40:38,2026-05-22,4,羽毛球馆-6号,17:00-18:00,1,1,已售/已满,已售,多云,18,15,4,0.0,82,28
2026-05-21 08:45:33,2026-05-22,4,羽毛球馆-6号,17:00-18:00,1,1,已售/已满,已售,多云,18,15,4,0.0,82,28
2026-05-21 08:50:36,2026-05-22,4,羽毛球馆-6号,17:00-18:00,1,1,已售/已满,已售,多云,18,15,4,0.0,82,28
2026-05-21 08:55:34,2026-05-22,4,羽毛球馆-6号,17:00-18:00,1,1,已售/已满,已售,多云,18,15,4,0.0,84,28
2026-05-21 09:00:51,2026-05-22,4,羽毛球馆-6号,17:00-18:00,1,1,已售/已满,已售,多云,18,15,4,0.0,84,28
2026-05-21 09:01:59,2026-05-22,4,羽毛球馆-6号,17:00-18:00,1,1,已售/已满,已售,多云,18,15,4,0.0,83,28
2026-05-21 09:05:33,2026-05-22,4,羽毛球馆-6号,17:00-18:00,1,1,已售/已满,已售,多云,18,15,4,0.0,83,28
2026-05-21 09:20:38,2026-05-22,4,羽毛球馆-6号,17:00-18:00,1,1,已售/已满,已售,多云,18,16,3,0.0,81,28
2026-05-21 09:30:46,2026-05-22,4,羽毛球馆-6号,17:00-18:00,1,1,已售/已满,已售,多云,18,16,3,0.0,81,32
2026-05-21 09:40:36,2026-05-22,4,羽毛球馆-6号,17:00-18:00,1,1,已售/已满,已售,多云,19,17,3,0.0,79,32
2026-05-21 09:50:42,2026-05-22,4,羽毛球馆-6号,17:00-18:00,1,1,已售/已满,已售,多云,19,17,4,0.0,81,32
2026-05-21 10:00:46,2026-05-22,4,羽毛球馆-6号,17:00-18:00,1,1,已售/已满,已售,多云,19,17,4,0.0,79,32
2026-05-21 10:10:40,2026-05-22,4,羽毛球馆-6号,17:00-18:00,1,1,已售/已满,已售,多云,19,17,4,0.0,79,32
2026-05-21 10:20:38,2026-05-22,4,羽毛球馆-6号,17:00-18:00,1,1,已售/已满,已售,多云,19,17,4,0.0,79,32
2026-05-21 10:30:41,2026-05-22,4,羽毛球馆-6号,17:00-18:00,1,1,已售/已满,已售,多云,19,18,3,0.0,78,31
2026-05-21 11:00:44,2026-05-22,4,羽毛球馆-6号,17:00-18:00,1,1,已售/已满,已售,多云,21,17,5,0.0,74,31
2026-05-21 11:30:38,2026-05-22,4,羽毛球馆-6号,17:00-18:00,1,1,已售/已满,已售,多云,21,19,3,0.0,72,33
2026-05-21 12:00:46,2026-05-22,4,羽毛球馆-6号,17:00-18:00,1,1,已售/已满,已售,多云,22,19,4,0.0,70,33
2026-05-21 12:30:42,2026-05-22,4,羽毛球馆-6号,17:00-18:00,1,1,已售/已满,已售,多云,22,21,3,0.0,68,35
2026-05-21 13:00:43,2026-05-22,4,羽毛球馆-6号,17:00-18:00,1,1,已售/已满,已售,多云,24,22,4,0.0,66,35
2026-05-21 13:30:43,2026-05-22,4,羽毛球馆-6号,17:00-18:00,1,1,已售/已满,已售,多云,24,22,4,0.0,66,36
2026-05-21 14:00:48,2026-05-22,4,羽毛球馆-6号,17:00-18:00,1,1,已售/已满,已售,多云,25,23,4,0.0,66,36
2026-05-21 14:30:45,2026-05-22,4,羽毛球馆-6号,17:00-18:00,1,1,已售/已满,已售,晴,25,25,3,0.0,65,39
2026-05-21 15:00:45,2026-05-22,4,羽毛球馆-6号,17:00-18:00,1,1,已售/已满,已售,晴,25,22,4,0.0,56,39
2026-05-21 15:30:43,2026-05-22,4,羽毛球馆-6号,17:00-18:00,1,1,已售/已满,已售,晴,25,23,4,0.0,57,40
2026-05-21 16:00:51,2026-05-22,4,羽毛球馆-6号,17:00-18:00,1,1,已售/已满,已售,晴,25,23,4,0.0,57,40
2026-05-21 16:30:48,2026-05-22,4,羽毛球馆-6号,17:00-18:00,1,1,已售/已满,已售,晴,25,24,3,0.0,60,39
2026-05-21 17:00:49,2026-05-22,4,羽毛球馆-6号,17:00-18:00,1,1,已售/已满,已售,晴,25,24,4,0.0,61,39
2026-05-21 17:30:47,2026-05-22,4,羽毛球馆-6号,17:00-18:00,1,1,已售/已满,已售,多云,24,23,3,0.0,64,39
2026-05-21 18:00:50,2026-05-22,4,羽毛球馆-6号,17:00-18:00,1,1,已售/已满,已售,多云,24,23,3,0.0,68,39
2026-05-21 18:30:50,2026-05-22,4,羽毛球馆-6号,17:00-18:00,1,1,已售/已满,已售,阴,24,25,2,0.0,68,40
2026-05-21 19:00:50,2026-05-22,4,羽毛球馆-6号,17:00-18:00,1,1,已售/已满,已售,阴,23,23,3,0.0,76,40
2026-05-21 19:30:46,2026-05-22,4,羽毛球馆-6号,17:00-18:00,1,1,已售/已满,已售,阴,23,24,2,0.0,77,39
2026-05-21 20:00:49,2026-05-22,4,羽毛球馆-6号,17:00-18:00,1,1,已售/已满,已售,雾,22,23,2,0.0,89,39
2026-05-21 20:30:44,2026-05-22,4,羽毛球馆-6号,17:00-18:00,1,1,已售/已满,已售,雾,22,24,2,0.0,93,43
2026-05-21 21:00:56,2026-05-22,4,羽毛球馆-6号,17:00-18:00,1,1,已售/已满,已售,雾,20,21,2,0.0,98,43
2026-05-21 21:30:46,2026-05-22,4,羽毛球馆-6号,17:00-18:00,1,1,已售/已满,已售,雾,20,22,1,0.0,99,41
2026-05-21 22:01:02,2026-05-22,4,羽毛球馆-6号,17:00-18:00,1,1,已售/已满,已售,雾,19,20,2,0.0,93,41
2026-05-21 22:30:47,2026-05-22,4,羽毛球馆-6号,17:00-18:00,1,1,已售/已满,已售,雾,19,19,3,0.0,88,46
2026-05-21 23:00:56,2026-05-22,4,羽毛球馆-6号,17:00-18:00,1,1,已售/已满,已售,多云,18,17,3,0.0,85,46
2026-05-21 23:30:55,2026-05-22,4,羽毛球馆-6号,17:00-18:00,1,1,已售/已满,已售,多云,18,17,3,0.0,85,48
2026-05-21 08:00:45,2026-05-22,4,羽毛球馆-6号,18:30-19:30,1,1,已售/已满,已售,晴,17,12,5,0.0,86,29
2026-05-21 08:02:30,2026-05-22,4,羽毛球馆-6号,18:30-19:30,1,1,已售/已满,已售,多云,17,12,5,0.0,87,29
2026-05-21 08:05:36,2026-05-22,4,羽毛球馆-6号,18:30-19:30,1,1,已售/已满,已售,多云,17,12,5,0.0,86,29
2026-05-21 08:08:31,2026-05-22,4,羽毛球馆-6号,18:30-19:30,1,1,已售/已满,已售,多云,17,12,5,0.0,86,29
2026-05-21 08:11:30,2026-05-22,4,羽毛球馆-6号,18:30-19:30,1,1,已售/已满,已售,多云,17,12,5,0.0,86,29
2026-05-21 08:14:31,2026-05-22,4,羽毛球馆-6号,18:30-19:30,1,1,已售/已满,已售,多云,17,12,5,0.0,86,29
2026-05-21 08:17:30,2026-05-22,4,羽毛球馆-6号,18:30-19:30,1,1,已售/已满,已售,多云,17,12,5,0.0,86,29
2026-05-21 08:20:35,2026-05-22,4,羽毛球馆-6号,18:30-19:30,1,1,已售/已满,已售,多云,17,14,4,0.0,85,29
2026-05-21 08:25:32,2026-05-22,4,羽毛球馆-6号,18:30-19:30,1,1,已售/已满,已售,多云,17,14,4,0.0,85,28
2026-05-21 08:30:42,2026-05-22,4,羽毛球馆-6号,18:30-19:30,1,1,已售/已满,已售,多云,18,15,4,0.0,84,28
2026-05-21 08:35:31,2026-05-22,4,羽毛球馆-6号,18:30-19:30,1,1,已售/已满,已售,多云,18,15,4,0.0,84,28
2026-05-21 08:40:38,2026-05-22,4,羽毛球馆-6号,18:30-19:30,1,1,已售/已满,已售,多云,18,15,4,0.0,82,28
2026-05-21 08:45:33,2026-05-22,4,羽毛球馆-6号,18:30-19:30,1,1,已售/已满,已售,多云,18,15,4,0.0,82,28
2026-05-21 08:50:36,2026-05-22,4,羽毛球馆-6号,18:30-19:30,1,1,已售/已满,已售,多云,18,15,4,0.0,82,28
2026-05-21 08:55:34,2026-05-22,4,羽毛球馆-6号,18:30-19:30,1,1,已售/已满,已售,多云,18,15,4,0.0,84,28
2026-05-21 09:00:51,2026-05-22,4,羽毛球馆-6号,18:30-19:30,1,1,已售/已满,已售,多云,18,15,4,0.0,84,28
2026-05-21 09:01:59,2026-05-22,4,羽毛球馆-6号,18:30-19:30,1,1,已售/已满,已售,多云,18,15,4,0.0,83,28
2026-05-21 09:05:33,2026-05-22,4,羽毛球馆-6号,18:30-19:30,1,1,已售/已满,已售,多云,18,15,4,0.0,83,28
2026-05-21 09:20:38,2026-05-22,4,羽毛球馆-6号,18:30-19:30,1,1,已售/已满,已售,多云,18,16,3,0.0,81,28
2026-05-21 09:30:46,2026-05-22,4,羽毛球馆-6号,18:30-19:30,1,1,已售/已满,已售,多云,18,16,3,0.0,81,32
2026-05-21 09:40:36,2026-05-22,4,羽毛球馆-6号,18:30-19:30,1,1,已售/已满,已售,多云,19,17,3,0.0,79,32
2026-05-21 09:50:42,2026-05-22,4,羽毛球馆-6号,18:30-19:30,1,1,已售/已满,已售,多云,19,17,4,0.0,81,32
2026-05-21 10:00:46,2026-05-22,4,羽毛球馆-6号,18:30-19:30,1,1,已售/已满,已售,多云,19,17,4,0.0,79,32
2026-05-21 10:10:40,2026-05-22,4,羽毛球馆-6号,18:30-19:30,1,1,已售/已满,已售,多云,19,17,4,0.0,79,32
2026-05-21 10:20:38,2026-05-22,4,羽毛球馆-6号,18:30-19:30,1,1,已售/已满,已售,多云,19,17,4,0.0,79,32
2026-05-21 10:30:41,2026-05-22,4,羽毛球馆-6号,18:30-19:30,1,1,已售/已满,已售,多云,19,18,3,0.0,78,31
2026-05-21 11:00:44,2026-05-22,4,羽毛球馆-6号,18:30-19:30,1,1,已售/已满,已售,多云,21,17,5,0.0,74,31
2026-05-21 11:30:38,2026-05-22,4,羽毛球馆-6号,18:30-19:30,1,1,已售/已满,已售,多云,21,19,3,0.0,72,33
2026-05-21 12:00:46,2026-05-22,4,羽毛球馆-6号,18:30-19:30,1,1,已售/已满,已售,多云,22,19,4,0.0,70,33
2026-05-21 12:30:42,2026-05-22,4,羽毛球馆-6号,18:30-19:30,1,1,已售/已满,已售,多云,22,21,3,0.0,68,35
2026-05-21 13:00:43,2026-05-22,4,羽毛球馆-6号,18:30-19:30,1,1,已售/已满,已售,多云,24,22,4,0.0,66,35
2026-05-21 13:30:43,2026-05-22,4,羽毛球馆-6号,18:30-19:30,1,1,已售/已满,已售,多云,24,22,4,0.0,66,36
2026-05-21 14:00:48,2026-05-22,4,羽毛球馆-6号,18:30-19:30,1,1,已售/已满,已售,多云,25,23,4,0.0,66,36
2026-05-21 14:30:45,2026-05-22,4,羽毛球馆-6号,18:30-19:30,1,1,已售/已满,已售,晴,25,25,3,0.0,65,39
2026-05-21 15:00:45,2026-05-22,4,羽毛球馆-6号,18:30-19:30,1,1,已售/已满,已售,晴,25,22,4,0.0,56,39
2026-05-21 15:30:43,2026-05-22,4,羽毛球馆-6号,18:30-19:30,1,1,已售/已满,已售,晴,25,23,4,0.0,57,40
2026-05-21 16:00:51,2026-05-22,4,羽毛球馆-6号,18:30-19:30,1,1,已售/已满,已售,晴,25,23,4,0.0,57,40
2026-05-21 16:30:48,2026-05-22,4,羽毛球馆-6号,18:30-19:30,1,1,已售/已满,已售,晴,25,24,3,0.0,60,39
2026-05-21 17:00:49,2026-05-22,4,羽毛球馆-6号,18:30-19:30,1,1,已售/已满,已售,晴,25,24,4,0.0,61,39
2026-05-21 17:30:47,2026-05-22,4,羽毛球馆-6号,18:30-19:30,1,1,已售/已满,已售,多云,24,23,3,0.0,64,39
2026-05-21 18:00:50,2026-05-22,4,羽毛球馆-6号,18:30-19:30,1,1,已售/已满,已售,多云,24,23,3,0.0,68,39
2026-05-21 18:30:50,2026-05-22,4,羽毛球馆-6号,18:30-19:30,1,1,已售/已满,已售,阴,24,25,2,0.0,68,40
2026-05-21 19:00:50,2026-05-22,4,羽毛球馆-6号,18:30-19:30,1,1,已售/已满,已售,阴,23,23,3,0.0,76,40
2026-05-21 19:30:46,2026-05-22,4,羽毛球馆-6号,18:30-19:30,1,1,已售/已满,已售,阴,23,24,2,0.0,77,39
2026-05-21 20:00:49,2026-05-22,4,羽毛球馆-6号,18:30-19:30,1,1,已售/已满,已售,雾,22,23,2,0.0,89,39
2026-05-21 20:30:44,2026-05-22,4,羽毛球馆-6号,18:30-19:30,1,1,已售/已满,已售,雾,22,24,2,0.0,93,43
2026-05-21 21:00:56,2026-05-22,4,羽毛球馆-6号,18:30-19:30,1,1,已售/已满,已售,雾,20,21,2,0.0,98,43
2026-05-21 21:30:46,2026-05-22,4,羽毛球馆-6号,18:30-19:30,1,1,已售/已满,已售,雾,20,22,1,0.0,99,41
2026-05-21 22:01:02,2026-05-22,4,羽毛球馆-6号,18:30-19:30,1,1,已售/已满,已售,雾,19,20,2,0.0,93,41
2026-05-21 22:30:47,2026-05-22,4,羽毛球馆-6号,18:30-19:30,1,1,已售/已满,已售,雾,19,19,3,0.0,88,46
2026-05-21 23:00:56,2026-05-22,4,羽毛球馆-6号,18:30-19:30,1,1,已售/已满,已售,多云,18,17,3,0.0,85,46
2026-05-21 23:30:55,2026-05-22,4,羽毛球馆-6号,18:30-19:30,1,1,已售/已满,已售,多云,18,17,3,0.0,85,48
2026-05-21 08:00:45,2026-05-22,4,羽毛球馆-6号,19:30-20:30,1,1,已售/已满,已售,晴,17,12,5,0.0,86,29
2026-05-21 08:02:30,2026-05-22,4,羽毛球馆-6号,19:30-20:30,1,1,已售/已满,已售,多云,17,12,5,0.0,87,29
2026-05-21 08:05:36,2026-05-22,4,羽毛球馆-6号,19:30-20:30,1,1,已售/已满,已售,多云,17,12,5,0.0,86,29
2026-05-21 08:08:31,2026-05-22,4,羽毛球馆-6号,19:30-20:30,1,1,已售/已满,已售,多云,17,12,5,0.0,86,29
2026-05-21 08:11:30,2026-05-22,4,羽毛球馆-6号,19:30-20:30,1,1,已售/已满,已售,多云,17,12,5,0.0,86,29
2026-05-21 08:14:31,2026-05-22,4,羽毛球馆-6号,19:30-20:30,1,1,已售/已满,已售,多云,17,12,5,0.0,86,29
2026-05-21 08:17:30,2026-05-22,4,羽毛球馆-6号,19:30-20:30,1,1,已售/已满,已售,多云,17,12,5,0.0,86,29
2026-05-21 08:20:35,2026-05-22,4,羽毛球馆-6号,19:30-20:30,1,1,已售/已满,已售,多云,17,14,4,0.0,85,29
2026-05-21 08:25:32,2026-05-22,4,羽毛球馆-6号,19:30-20:30,1,1,已售/已满,已售,多云,17,14,4,0.0,85,28
2026-05-21 08:30:42,2026-05-22,4,羽毛球馆-6号,19:30-20:30,1,1,已售/已满,已售,多云,18,15,4,0.0,84,28
2026-05-21 08:35:31,2026-05-22,4,羽毛球馆-6号,19:30-20:30,1,1,已售/已满,已售,多云,18,15,4,0.0,84,28
2026-05-21 08:40:38,2026-05-22,4,羽毛球馆-6号,19:30-20:30,1,1,已售/已满,已售,多云,18,15,4,0.0,82,28
2026-05-21 08:45:33,2026-05-22,4,羽毛球馆-6号,19:30-20:30,1,1,已售/已满,已售,多云,18,15,4,0.0,82,28
2026-05-21 08:50:36,2026-05-22,4,羽毛球馆-6号,19:30-20:30,1,1,已售/已满,已售,多云,18,15,4,0.0,82,28
2026-05-21 08:55:34,2026-05-22,4,羽毛球馆-6号,19:30-20:30,1,1,已售/已满,已售,多云,18,15,4,0.0,84,28
2026-05-21 09:00:51,2026-05-22,4,羽毛球馆-6号,19:30-20:30,1,1,已售/已满,已售,多云,18,15,4,0.0,84,28
2026-05-21 09:01:59,2026-05-22,4,羽毛球馆-6号,19:30-20:30,1,1,已售/已满,已售,多云,18,15,4,0.0,83,28
2026-05-21 09:05:33,2026-05-22,4,羽毛球馆-6号,19:30-20:30,1,1,已售/已满,已售,多云,18,15,4,0.0,83,28
2026-05-21 09:20:38,2026-05-22,4,羽毛球馆-6号,19:30-20:30,1,1,已售/已满,已售,多云,18,16,3,0.0,81,28
2026-05-21 09:30:46,2026-05-22,4,羽毛球馆-6号,19:30-20:30,1,1,已售/已满,已售,多云,18,16,3,0.0,81,32
2026-05-21 09:40:36,2026-05-22,4,羽毛球馆-6号,19:30-20:30,1,1,已售/已满,已售,多云,19,17,3,0.0,79,32
2026-05-21 09:50:42,2026-05-22,4,羽毛球馆-6号,19:30-20:30,1,1,已售/已满,已售,多云,19,17,4,0.0,81,32
2026-05-21 10:00:46,2026-05-22,4,羽毛球馆-6号,19:30-20:30,1,1,已售/已满,已售,多云,19,17,4,0.0,79,32
2026-05-21 10:10:40,2026-05-22,4,羽毛球馆-6号,19:30-20:30,1,1,已售/已满,已售,多云,19,17,4,0.0,79,32
2026-05-21 10:20:38,2026-05-22,4,羽毛球馆-6号,19:30-20:30,1,1,已售/已满,已售,多云,19,17,4,0.0,79,32
2026-05-21 10:30:41,2026-05-22,4,羽毛球馆-6号,19:30-20:30,1,1,已售/已满,已售,多云,19,18,3,0.0,78,31
2026-05-21 11:00:44,2026-05-22,4,羽毛球馆-6号,19:30-20:30,1,1,已售/已满,已售,多云,21,17,5,0.0,74,31
2026-05-21 11:30:38,2026-05-22,4,羽毛球馆-6号,19:30-20:30,1,1,已售/已满,已售,多云,21,19,3,0.0,72,33
2026-05-21 12:00:46,2026-05-22,4,羽毛球馆-6号,19:30-20:30,1,1,已售/已满,已售,多云,22,19,4,0.0,70,33
2026-05-21 12:30:42,2026-05-22,4,羽毛球馆-6号,19:30-20:30,1,1,已售/已满,已售,多云,22,21,3,0.0,68,35
2026-05-21 13:00:43,2026-05-22,4,羽毛球馆-6号,19:30-20:30,1,1,已售/已满,已售,多云,24,22,4,0.0,66,35
2026-05-21 13:30:43,2026-05-22,4,羽毛球馆-6号,19:30-20:30,1,1,已售/已满,已售,多云,24,22,4,0.0,66,36
2026-05-21 14:00:48,2026-05-22,4,羽毛球馆-6号,19:30-20:30,1,1,已售/已满,已售,多云,25,23,4,0.0,66,36
2026-05-21 14:30:45,2026-05-22,4,羽毛球馆-6号,19:30-20:30,1,1,已售/已满,已售,晴,25,25,3,0.0,65,39
2026-05-21 15:00:45,2026-05-22,4,羽毛球馆-6号,19:30-20:30,1,1,已售/已满,已售,晴,25,22,4,0.0,56,39
2026-05-21 15:30:43,2026-05-22,4,羽毛球馆-6号,19:30-20:30,1,1,已售/已满,已售,晴,25,23,4,0.0,57,40
2026-05-21 16:00:51,2026-05-22,4,羽毛球馆-6号,19:30-20:30,1,1,已售/已满,已售,晴,25,23,4,0.0,57,40
2026-05-21 16:30:48,2026-05-22,4,羽毛球馆-6号,19:30-20:30,1,1,已售/已满,已售,晴,25,24,3,0.0,60,39
2026-05-21 17:00:49,2026-05-22,4,羽毛球馆-6号,19:30-20:30,1,1,已售/已满,已售,晴,25,24,4,0.0,61,39
2026-05-21 17:30:47,2026-05-22,4,羽毛球馆-6号,19:30-20:30,1,1,已售/已满,已售,多云,24,23,3,0.0,64,39
2026-05-21 18:00:50,2026-05-22,4,羽毛球馆-6号,19:30-20:30,1,1,已售/已满,已售,多云,24,23,3,0.0,68,39
2026-05-21 18:30:50,2026-05-22,4,羽毛球馆-6号,19:30-20:30,1,1,已售/已满,已售,阴,24,25,2,0.0,68,40
2026-05-21 19:00:50,2026-05-22,4,羽毛球馆-6号,19:30-20:30,1,1,已售/已满,已售,阴,23,23,3,0.0,76,40
2026-05-21 19:30:46,2026-05-22,4,羽毛球馆-6号,19:30-20:30,1,1,已售/已满,已售,阴,23,24,2,0.0,77,39
2026-05-21 20:00:49,2026-05-22,4,羽毛球馆-6号,19:30-20:30,1,1,已售/已满,已售,雾,22,23,2,0.0,89,39
2026-05-21 20:30:44,2026-05-22,4,羽毛球馆-6号,19:30-20:30,1,1,已售/已满,已售,雾,22,24,2,0.0,93,43
2026-05-21 21:00:56,2026-05-22,4,羽毛球馆-6号,19:30-20:30,1,1,已售/已满,已售,雾,20,21,2,0.0,98,43
2026-05-21 21:30:46,2026-05-22,4,羽毛球馆-6号,19:30-20:30,1,1,已售/已满,已售,雾,20,22,1,0.0,99,41
2026-05-21 22:01:02,2026-05-22,4,羽毛球馆-6号,19:30-20:30,1,1,已售/已满,已售,雾,19,20,2,0.0,93,41
2026-05-21 22:30:47,2026-05-22,4,羽毛球馆-6号,19:30-20:30,1,1,已售/已满,已售,雾,19,19,3,0.0,88,46
2026-05-21 23:00:56,2026-05-22,4,羽毛球馆-6号,19:30-20:30,1,1,已售/已满,已售,多云,18,17,3,0.0,85,46
2026-05-21 23:30:55,2026-05-22,4,羽毛球馆-6号,19:30-20:30,1,1,已售/已满,已售,多云,18,17,3,0.0,85,48
2026-05-21 08:00:45,2026-05-22,4,羽毛球馆-6号,20:30-21:30,1,1,已售/已满,已售,晴,17,12,5,0.0,86,29
2026-05-21 08:02:30,2026-05-22,4,羽毛球馆-6号,20:30-21:30,1,1,已售/已满,已售,多云,17,12,5,0.0,87,29
2026-05-21 08:05:36,2026-05-22,4,羽毛球馆-6号,20:30-21:30,1,1,已售/已满,已售,多云,17,12,5,0.0,86,29
2026-05-21 08:08:31,2026-05-22,4,羽毛球馆-6号,20:30-21:30,1,1,已售/已满,已售,多云,17,12,5,0.0,86,29
2026-05-21 08:11:30,2026-05-22,4,羽毛球馆-6号,20:30-21:30,1,1,已售/已满,已售,多云,17,12,5,0.0,86,29
2026-05-21 08:14:31,2026-05-22,4,羽毛球馆-6号,20:30-21:30,1,1,已售/已满,已售,多云,17,12,5,0.0,86,29
2026-05-21 08:17:30,2026-05-22,4,羽毛球馆-6号,20:30-21:30,1,1,已售/已满,已售,多云,17,12,5,0.0,86,29
2026-05-21 08:20:35,2026-05-22,4,羽毛球馆-6号,20:30-21:30,1,1,已售/已满,已售,多云,17,14,4,0.0,85,29
2026-05-21 08:25:32,2026-05-22,4,羽毛球馆-6号,20:30-21:30,1,1,已售/已满,已售,多云,17,14,4,0.0,85,28
2026-05-21 08:30:42,2026-05-22,4,羽毛球馆-6号,20:30-21:30,1,1,已售/已满,已售,多云,18,15,4,0.0,84,28
2026-05-21 08:35:31,2026-05-22,4,羽毛球馆-6号,20:30-21:30,1,1,已售/已满,已售,多云,18,15,4,0.0,84,28
2026-05-21 08:40:38,2026-05-22,4,羽毛球馆-6号,20:30-21:30,1,1,已售/已满,已售,多云,18,15,4,0.0,82,28
2026-05-21 08:45:33,2026-05-22,4,羽毛球馆-6号,20:30-21:30,1,1,已售/已满,已售,多云,18,15,4,0.0,82,28
2026-05-21 08:50:36,2026-05-22,4,羽毛球馆-6号,20:30-21:30,1,1,已售/已满,已售,多云,18,15,4,0.0,82,28
2026-05-21 08:55:34,2026-05-22,4,羽毛球馆-6号,20:30-21:30,1,1,已售/已满,已售,多云,18,15,4,0.0,84,28
2026-05-21 09:00:51,2026-05-22,4,羽毛球馆-6号,20:30-21:30,1,1,已售/已满,已售,多云,18,15,4,0.0,84,28
2026-05-21 09:01:59,2026-05-22,4,羽毛球馆-6号,20:30-21:30,1,1,已售/已满,已售,多云,18,15,4,0.0,83,28
2026-05-21 09:05:33,2026-05-22,4,羽毛球馆-6号,20:30-21:30,1,1,已售/已满,已售,多云,18,15,4,0.0,83,28
2026-05-21 09:20:38,2026-05-22,4,羽毛球馆-6号,20:30-21:30,1,1,已售/已满,已售,多云,18,16,3,0.0,81,28
2026-05-21 09:30:46,2026-05-22,4,羽毛球馆-6号,20:30-21:30,1,1,已售/已满,已售,多云,18,16,3,0.0,81,32
2026-05-21 09:40:36,2026-05-22,4,羽毛球馆-6号,20:30-21:30,1,1,已售/已满,已售,多云,19,17,3,0.0,79,32
2026-05-21 09:50:42,2026-05-22,4,羽毛球馆-6号,20:30-21:30,1,1,已售/已满,已售,多云,19,17,4,0.0,81,32
2026-05-21 10:00:46,2026-05-22,4,羽毛球馆-6号,20:30-21:30,1,1,已售/已满,已售,多云,19,17,4,0.0,79,32
2026-05-21 10:10:40,2026-05-22,4,羽毛球馆-6号,20:30-21:30,1,1,已售/已满,已售,多云,19,17,4,0.0,79,32
2026-05-21 10:20:38,2026-05-22,4,羽毛球馆-6号,20:30-21:30,1,1,已售/已满,已售,多云,19,17,4,0.0,79,32
2026-05-21 10:30:41,2026-05-22,4,羽毛球馆-6号,20:30-21:30,1,1,已售/已满,已售,多云,19,18,3,0.0,78,31
2026-05-21 11:00:44,2026-05-22,4,羽毛球馆-6号,20:30-21:30,1,1,已售/已满,已售,多云,21,17,5,0.0,74,31
2026-05-21 11:30:38,2026-05-22,4,羽毛球馆-6号,20:30-21:30,1,1,已售/已满,已售,多云,21,19,3,0.0,72,33
2026-05-21 12:00:46,2026-05-22,4,羽毛球馆-6号,20:30-21:30,1,1,已售/已满,已售,多云,22,19,4,0.0,70,33
2026-05-21 12:30:42,2026-05-22,4,羽毛球馆-6号,20:30-21:30,1,1,已售/已满,已售,多云,22,21,3,0.0,68,35
2026-05-21 13:00:43,2026-05-22,4,羽毛球馆-6号,20:30-21:30,1,1,已售/已满,已售,多云,24,22,4,0.0,66,35
2026-05-21 13:30:43,2026-05-22,4,羽毛球馆-6号,20:30-21:30,1,1,已售/已满,已售,多云,24,22,4,0.0,66,36
2026-05-21 14:00:48,2026-05-22,4,羽毛球馆-6号,20:30-21:30,1,1,已售/已满,已售,多云,25,23,4,0.0,66,36
2026-05-21 14:30:45,2026-05-22,4,羽毛球馆-6号,20:30-21:30,1,1,已售/已满,已售,晴,25,25,3,0.0,65,39
2026-05-21 15:00:45,2026-05-22,4,羽毛球馆-6号,20:30-21:30,1,1,已售/已满,已售,晴,25,22,4,0.0,56,39
2026-05-21 15:30:43,2026-05-22,4,羽毛球馆-6号,20:30-21:30,1,1,已售/已满,已售,晴,25,23,4,0.0,57,40
2026-05-21 16:00:51,2026-05-22,4,羽毛球馆-6号,20:30-21:30,1,1,已售/已满,已售,晴,25,23,4,0.0,57,40
2026-05-21 16:30:48,2026-05-22,4,羽毛球馆-6号,20:30-21:30,1,1,已售/已满,已售,晴,25,24,3,0.0,60,39
2026-05-21 17:00:49,2026-05-22,4,羽毛球馆-6号,20:30-21:30,1,1,已售/已满,已售,晴,25,24,4,0.0,61,39
2026-05-21 17:30:47,2026-05-22,4,羽毛球馆-6号,20:30-21:30,1,1,已售/已满,已售,多云,24,23,3,0.0,64,39
2026-05-21 18:00:50,2026-05-22,4,羽毛球馆-6号,20:30-21:30,1,1,已售/已满,已售,多云,24,23,3,0.0,68,39
2026-05-21 18:30:50,2026-05-22,4,羽毛球馆-6号,20:30-21:30,1,1,已售/已满,已售,阴,24,25,2,0.0,68,40
2026-05-21 19:00:50,2026-05-22,4,羽毛球馆-6号,20:30-21:30,1,1,已售/已满,已售,阴,23,23,3,0.0,76,40
2026-05-21 19:30:46,2026-05-22,4,羽毛球馆-6号,20:30-21:30,1,1,已售/已满,已售,阴,23,24,2,0.0,77,39
2026-05-21 20:00:49,2026-05-22,4,羽毛球馆-6号,20:30-21:30,1,1,已售/已满,已售,雾,22,23,2,0.0,89,39
2026-05-21 20:30:44,2026-05-22,4,羽毛球馆-6号,20:30-21:30,1,1,已售/已满,已售,雾,22,24,2,0.0,93,43
2026-05-21 21:00:56,2026-05-22,4,羽毛球馆-6号,20:30-21:30,1,1,已售/已满,已售,雾,20,21,2,0.0,98,43
2026-05-21 21:30:46,2026-05-22,4,羽毛球馆-6号,20:30-21:30,1,1,已售/已满,已售,雾,20,22,1,0.0,99,41
2026-05-21 22:01:02,2026-05-22,4,羽毛球馆-6号,20:30-21:30,1,1,已售/已满,已售,雾,19,20,2,0.0,93,41
2026-05-21 22:30:47,2026-05-22,4,羽毛球馆-6号,20:30-21:30,1,1,已售/已满,已售,雾,19,19,3,0.0,88,46
2026-05-21 23:00:56,2026-05-22,4,羽毛球馆-6号,20:30-21:30,1,1,已售/已满,已售,多云,18,17,3,0.0,85,46
2026-05-21 23:30:55,2026-05-22,4,羽毛球馆-6号,20:30-21:30,1,1,已售/已满,已售,多云,18,17,3,0.0,85,48
2026-05-21 08:00:45,2026-05-22,4,羽毛球馆-7号,07:00-08:00,0,1,可预约,￥0.0,晴,17,12,5,0.0,86,29
2026-05-21 08:02:30,2026-05-22,4,羽毛球馆-7号,07:00-08:00,0,1,可预约,￥0.0,多云,17,12,5,0.0,87,29
2026-05-21 08:05:36,2026-05-22,4,羽毛球馆-7号,07:00-08:00,0,1,可预约,￥0.0,多云,17,12,5,0.0,86,29
2026-05-21 08:08:31,2026-05-22,4,羽毛球馆-7号,07:00-08:00,0,1,可预约,￥0.0,多云,17,12,5,0.0,86,29
2026-05-21 08:11:30,2026-05-22,4,羽毛球馆-7号,07:00-08:00,0,1,可预约,￥0.0,多云,17,12,5,0.0,86,29
2026-05-21 08:14:31,2026-05-22,4,羽毛球馆-7号,07:00-08:00,0,1,可预约,￥0.0,多云,17,12,5,0.0,86,29
2026-05-21 08:17:30,2026-05-22,4,羽毛球馆-7号,07:00-08:00,0,1,可预约,￥0.0,多云,17,12,5,0.0,86,29
2026-05-21 08:20:35,2026-05-22,4,羽毛球馆-7号,07:00-08:00,0,1,可预约,￥0.0,多云,17,14,4,0.0,85,29
2026-05-21 08:25:32,2026-05-22,4,羽毛球馆-7号,07:00-08:00,0,1,可预约,￥0.0,多云,17,14,4,0.0,85,28
2026-05-21 08:30:42,2026-05-22,4,羽毛球馆-7号,07:00-08:00,0,1,可预约,￥0.0,多云,18,15,4,0.0,84,28
2026-05-21 08:35:31,2026-05-22,4,羽毛球馆-7号,07:00-08:00,0,1,可预约,￥0.0,多云,18,15,4,0.0,84,28
2026-05-21 08:40:38,2026-05-22,4,羽毛球馆-7号,07:00-08:00,0,1,可预约,￥0.0,多云,18,15,4,0.0,82,28
2026-05-21 08:45:33,2026-05-22,4,羽毛球馆-7号,07:00-08:00,0,1,可预约,￥0.0,多云,18,15,4,0.0,82,28
2026-05-21 08:50:36,2026-05-22,4,羽毛球馆-7号,07:00-08:00,0,1,可预约,￥0.0,多云,18,15,4,0.0,82,28
2026-05-21 08:55:34,2026-05-22,4,羽毛球馆-7号,07:00-08:00,0,1,可预约,￥0.0,多云,18,15,4,0.0,84,28
2026-05-21 09:00:51,2026-05-22,4,羽毛球馆-7号,07:00-08:00,0,1,可预约,￥0.0,多云,18,15,4,0.0,84,28
2026-05-21 09:01:59,2026-05-22,4,羽毛球馆-7号,07:00-08:00,0,1,可预约,￥0.0,多云,18,15,4,0.0,83,28
2026-05-21 09:05:33,2026-05-22,4,羽毛球馆-7号,07:00-08:00,0,1,可预约,￥0.0,多云,18,15,4,0.0,83,28
2026-05-21 09:20:38,2026-05-22,4,羽毛球馆-7号,07:00-08:00,0,1,可预约,￥0.0,多云,18,16,3,0.0,81,28
2026-05-21 09:30:46,2026-05-22,4,羽毛球馆-7号,07:00-08:00,0,1,可预约,￥0.0,多云,18,16,3,0.0,81,32
2026-05-21 09:40:36,2026-05-22,4,羽毛球馆-7号,07:00-08:00,0,1,可预约,￥0.0,多云,19,17,3,0.0,79,32
2026-05-21 09:50:42,2026-05-22,4,羽毛球馆-7号,07:00-08:00,0,1,可预约,￥0.0,多云,19,17,4,0.0,81,32
2026-05-21 10:00:46,2026-05-22,4,羽毛球馆-7号,07:00-08:00,0,1,可预约,￥0.0,多云,19,17,4,0.0,79,32
2026-05-21 10:10:40,2026-05-22,4,羽毛球馆-7号,07:00-08:00,0,1,可预约,￥0.0,多云,19,17,4,0.0,79,32
2026-05-21 10:20:38,2026-05-22,4,羽毛球馆-7号,07:00-08:00,0,1,可预约,￥0.0,多云,19,17,4,0.0,79,32
2026-05-21 10:30:41,2026-05-22,4,羽毛球馆-7号,07:00-08:00,0,1,可预约,￥0.0,多云,19,18,3,0.0,78,31
2026-05-21 11:00:44,2026-05-22,4,羽毛球馆-7号,07:00-08:00,0,1,可预约,￥0.0,多云,21,17,5,0.0,74,31
2026-05-21 11:30:38,2026-05-22,4,羽毛球馆-7号,07:00-08:00,0,1,可预约,￥0.0,多云,21,19,3,0.0,72,33
2026-05-21 12:00:46,2026-05-22,4,羽毛球馆-7号,07:00-08:00,0,1,可预约,￥0.0,多云,22,19,4,0.0,70,33
2026-05-21 12:30:42,2026-05-22,4,羽毛球馆-7号,07:00-08:00,0,1,可预约,￥0.0,多云,22,21,3,0.0,68,35
2026-05-21 13:00:43,2026-05-22,4,羽毛球馆-7号,07:00-08:00,0,1,可预约,￥0.0,多云,24,22,4,0.0,66,35
2026-05-21 13:30:43,2026-05-22,4,羽毛球馆-7号,07:00-08:00,0,1,可预约,￥0.0,多云,24,22,4,0.0,66,36
2026-05-21 14:00:48,2026-05-22,4,羽毛球馆-7号,07:00-08:00,0,1,可预约,￥0.0,多云,25,23,4,0.0,66,36
2026-05-21 14:30:45,2026-05-22,4,羽毛球馆-7号,07:00-08:00,0,1,可预约,￥0.0,晴,25,25,3,0.0,65,39
2026-05-21 15:00:45,2026-05-22,4,羽毛球馆-7号,07:00-08:00,0,1,可预约,￥0.0,晴,25,22,4,0.0,56,39
2026-05-21 15:30:43,2026-05-22,4,羽毛球馆-7号,07:00-08:00,0,1,可预约,￥0.0,晴,25,23,4,0.0,57,40
2026-05-21 16:00:51,2026-05-22,4,羽毛球馆-7号,07:00-08:00,0,1,可预约,￥0.0,晴,25,23,4,0.0,57,40
2026-05-21 16:30:48,2026-05-22,4,羽毛球馆-7号,07:00-08:00,0,1,可预约,￥0.0,晴,25,24,3,0.0,60,39
2026-05-21 17:00:49,2026-05-22,4,羽毛球馆-7号,07:00-08:00,0,1,可预约,￥0.0,晴,25,24,4,0.0,61,39
2026-05-21 17:30:47,2026-05-22,4,羽毛球馆-7号,07:00-08:00,0,1,可预约,￥0.0,多云,24,23,3,0.0,64,39
2026-05-21 18:00:50,2026-05-22,4,羽毛球馆-7号,07:00-08:00,0,1,可预约,￥0.0,多云,24,23,3,0.0,68,39
2026-05-21 18:30:50,2026-05-22,4,羽毛球馆-7号,07:00-08:00,0,1,可预约,￥0.0,阴,24,25,2,0.0,68,40
2026-05-21 19:00:50,2026-05-22,4,羽毛球馆-7号,07:00-08:00,0,1,可预约,￥0.0,阴,23,23,3,0.0,76,40
2026-05-21 19:30:46,2026-05-22,4,羽毛球馆-7号,07:00-08:00,0,1,可预约,￥0.0,阴,23,24,2,0.0,77,39
2026-05-21 20:00:49,2026-05-22,4,羽毛球馆-7号,07:00-08:00,0,1,可预约,￥0.0,雾,22,23,2,0.0,89,39
2026-05-21 20:30:44,2026-05-22,4,羽毛球馆-7号,07:00-08:00,0,1,可预约,￥0.0,雾,22,24,2,0.0,93,43
2026-05-21 21:00:56,2026-05-22,4,羽毛球馆-7号,07:00-08:00,0,1,可预约,￥0.0,雾,20,21,2,0.0,98,43
2026-05-21 21:30:46,2026-05-22,4,羽毛球馆-7号,07:00-08:00,0,1,可预约,￥0.0,雾,20,22,1,0.0,99,41
2026-05-21 22:01:02,2026-05-22,4,羽毛球馆-7号,07:00-08:00,0,1,可预约,￥0.0,雾,19,20,2,0.0,93,41
2026-05-21 22:30:47,2026-05-22,4,羽毛球馆-7号,07:00-08:00,0,1,可预约,￥0.0,雾,19,19,3,0.0,88,46
2026-05-21 23:00:56,2026-05-22,4,羽毛球馆-7号,07:00-08:00,0,1,可预约,￥0.0,多云,18,17,3,0.0,85,46
2026-05-21 23:30:55,2026-05-22,4,羽毛球馆-7号,07:00-08:00,0,1,可预约,￥0.0,多云,18,17,3,0.0,85,48
2026-05-21 08:00:45,2026-05-22,4,羽毛球馆-7号,08:00-09:00,0,1,可预约,￥0.0,晴,17,12,5,0.0,86,29
2026-05-21 08:02:30,2026-05-22,4,羽毛球馆-7号,08:00-09:00,0,1,可预约,￥0.0,多云,17,12,5,0.0,87,29
2026-05-21 08:05:36,2026-05-22,4,羽毛球馆-7号,08:00-09:00,0,1,可预约,￥0.0,多云,17,12,5,0.0,86,29
2026-05-21 08:08:31,2026-05-22,4,羽毛球馆-7号,08:00-09:00,0,1,可预约,￥0.0,多云,17,12,5,0.0,86,29
2026-05-21 08:11:30,2026-05-22,4,羽毛球馆-7号,08:00-09:00,0,1,可预约,￥0.0,多云,17,12,5,0.0,86,29
2026-05-21 08:14:31,2026-05-22,4,羽毛球馆-7号,08:00-09:00,0,1,可预约,￥0.0,多云,17,12,5,0.0,86,29
2026-05-21 08:17:30,2026-05-22,4,羽毛球馆-7号,08:00-09:00,0,1,可预约,￥0.0,多云,17,12,5,0.0,86,29
2026-05-21 08:20:35,2026-05-22,4,羽毛球馆-7号,08:00-09:00,0,1,可预约,￥0.0,多云,17,14,4,0.0,85,29
2026-05-21 08:25:32,2026-05-22,4,羽毛球馆-7号,08:00-09:00,0,1,可预约,￥0.0,多云,17,14,4,0.0,85,28
2026-05-21 08:30:42,2026-05-22,4,羽毛球馆-7号,08:00-09:00,0,1,可预约,￥0.0,多云,18,15,4,0.0,84,28
2026-05-21 08:35:31,2026-05-22,4,羽毛球馆-7号,08:00-09:00,0,1,可预约,￥0.0,多云,18,15,4,0.0,84,28
2026-05-21 08:40:38,2026-05-22,4,羽毛球馆-7号,08:00-09:00,0,1,可预约,￥0.0,多云,18,15,4,0.0,82,28
2026-05-21 08:45:33,2026-05-22,4,羽毛球馆-7号,08:00-09:00,0,1,可预约,￥0.0,多云,18,15,4,0.0,82,28
2026-05-21 08:50:36,2026-05-22,4,羽毛球馆-7号,08:00-09:00,0,1,可预约,￥0.0,多云,18,15,4,0.0,82,28
2026-05-21 08:55:34,2026-05-22,4,羽毛球馆-7号,08:00-09:00,0,1,可预约,￥0.0,多云,18,15,4,0.0,84,28
2026-05-21 09:00:51,2026-05-22,4,羽毛球馆-7号,08:00-09:00,0,1,可预约,￥0.0,多云,18,15,4,0.0,84,28
2026-05-21 09:01:59,2026-05-22,4,羽毛球馆-7号,08:00-09:00,0,1,可预约,￥0.0,多云,18,15,4,0.0,83,28
2026-05-21 09:05:33,2026-05-22,4,羽毛球馆-7号,08:00-09:00,0,1,可预约,￥0.0,多云,18,15,4,0.0,83,28
2026-05-21 09:20:38,2026-05-22,4,羽毛球馆-7号,08:00-09:00,0,1,可预约,￥0.0,多云,18,16,3,0.0,81,28
2026-05-21 09:30:46,2026-05-22,4,羽毛球馆-7号,08:00-09:00,0,1,可预约,￥0.0,多云,18,16,3,0.0,81,32
2026-05-21 09:40:36,2026-05-22,4,羽毛球馆-7号,08:00-09:00,0,1,可预约,￥0.0,多云,19,17,3,0.0,79,32
2026-05-21 09:50:42,2026-05-22,4,羽毛球馆-7号,08:00-09:00,0,1,可预约,￥0.0,多云,19,17,4,0.0,81,32
2026-05-21 10:00:46,2026-05-22,4,羽毛球馆-7号,08:00-09:00,0,1,可预约,￥0.0,多云,19,17,4,0.0,79,32
2026-05-21 10:10:40,2026-05-22,4,羽毛球馆-7号,08:00-09:00,0,1,可预约,￥0.0,多云,19,17,4,0.0,79,32
2026-05-21 10:20:38,2026-05-22,4,羽毛球馆-7号,08:00-09:00,0,1,可预约,￥0.0,多云,19,17,4,0.0,79,32
2026-05-21 10:30:41,2026-05-22,4,羽毛球馆-7号,08:00-09:00,0,1,可预约,￥0.0,多云,19,18,3,0.0,78,31
2026-05-21 11:00:44,2026-05-22,4,羽毛球馆-7号,08:00-09:00,0,1,可预约,￥0.0,多云,21,17,5,0.0,74,31
2026-05-21 11:30:38,2026-05-22,4,羽毛球馆-7号,08:00-09:00,0,1,可预约,￥0.0,多云,21,19,3,0.0,72,33
2026-05-21 12:00:46,2026-05-22,4,羽毛球馆-7号,08:00-09:00,0,1,可预约,￥0.0,多云,22,19,4,0.0,70,33
2026-05-21 12:30:42,2026-05-22,4,羽毛球馆-7号,08:00-09:00,0,1,可预约,￥0.0,多云,22,21,3,0.0,68,35
2026-05-21 13:00:43,2026-05-22,4,羽毛球馆-7号,08:00-09:00,0,1,可预约,￥0.0,多云,24,22,4,0.0,66,35
2026-05-21 13:30:43,2026-05-22,4,羽毛球馆-7号,08:00-09:00,0,1,可预约,￥0.0,多云,24,22,4,0.0,66,36
2026-05-21 14:00:48,2026-05-22,4,羽毛球馆-7号,08:00-09:00,0,1,可预约,￥0.0,多云,25,23,4,0.0,66,36
2026-05-21 14:30:45,2026-05-22,4,羽毛球馆-7号,08:00-09:00,0,1,可预约,￥0.0,晴,25,25,3,0.0,65,39
2026-05-21 15:00:45,2026-05-22,4,羽毛球馆-7号,08:00-09:00,0,1,可预约,￥0.0,晴,25,22,4,0.0,56,39
2026-05-21 15:30:43,2026-05-22,4,羽毛球馆-7号,08:00-09:00,0,1,可预约,￥0.0,晴,25,23,4,0.0,57,40
2026-05-21 16:00:51,2026-05-22,4,羽毛球馆-7号,08:00-09:00,0,1,可预约,￥0.0,晴,25,23,4,0.0,57,40
2026-05-21 16:30:48,2026-05-22,4,羽毛球馆-7号,08:00-09:00,0,1,可预约,￥0.0,晴,25,24,3,0.0,60,39
2026-05-21 17:00:49,2026-05-22,4,羽毛球馆-7号,08:00-09:00,0,1,可预约,￥0.0,晴,25,24,4,0.0,61,39
2026-05-21 17:30:47,2026-05-22,4,羽毛球馆-7号,08:00-09:00,0,1,可预约,￥0.0,多云,24,23,3,0.0,64,39
2026-05-21 18:00:50,2026-05-22,4,羽毛球馆-7号,08:00-09:00,0,1,可预约,￥0.0,多云,24,23,3,0.0,68,39
2026-05-21 18:30:50,2026-05-22,4,羽毛球馆-7号,08:00-09:00,0,1,可预约,￥0.0,阴,24,25,2,0.0,68,40
2026-05-21 19:00:50,2026-05-22,4,羽毛球馆-7号,08:00-09:00,0,1,可预约,￥0.0,阴,23,23,3,0.0,76,40
2026-05-21 19:30:46,2026-05-22,4,羽毛球馆-7号,08:00-09:00,0,1,可预约,￥0.0,阴,23,24,2,0.0,77,39
2026-05-21 20:00:49,2026-05-22,4,羽毛球馆-7号,08:00-09:00,0,1,可预约,￥0.0,雾,22,23,2,0.0,89,39
2026-05-21 20:30:44,2026-05-22,4,羽毛球馆-7号,08:00-09:00,0,1,可预约,￥0.0,雾,22,24,2,0.0,93,43
2026-05-21 21:00:56,2026-05-22,4,羽毛球馆-7号,08:00-09:00,0,1,可预约,￥0.0,雾,20,21,2,0.0,98,43
2026-05-21 21:30:46,2026-05-22,4,羽毛球馆-7号,08:00-09:00,0,1,可预约,￥0.0,雾,20,22,1,0.0,99,41
2026-05-21 22:01:02,2026-05-22,4,羽毛球馆-7号,08:00-09:00,0,1,可预约,￥0.0,雾,19,20,2,0.0,93,41
2026-05-21 22:30:47,2026-05-22,4,羽毛球馆-7号,08:00-09:00,1,1,已售/已满,已售,雾,19,19,3,0.0,88,46
2026-05-21 23:00:56,2026-05-22,4,羽毛球馆-7号,08:00-09:00,0,1,可预约,￥0.0,多云,18,17,3,0.0,85,46
2026-05-21 23:30:55,2026-05-22,4,羽毛球馆-7号,08:00-09:00,0,1,可预约,￥0.0,多云,18,17,3,0.0,85,48
2026-05-21 08:00:45,2026-05-22,4,羽毛球馆-7号,09:00-10:00,0,1,可预约,￥12.0,晴,17,12,5,0.0,86,29
2026-05-21 08:02:30,2026-05-22,4,羽毛球馆-7号,09:00-10:00,0,1,可预约,￥12.0,多云,17,12,5,0.0,87,29
2026-05-21 08:05:36,2026-05-22,4,羽毛球馆-7号,09:00-10:00,0,1,可预约,￥12.0,多云,17,12,5,0.0,86,29
2026-05-21 08:08:31,2026-05-22,4,羽毛球馆-7号,09:00-10:00,0,1,可预约,￥12.0,多云,17,12,5,0.0,86,29
2026-05-21 08:11:30,2026-05-22,4,羽毛球馆-7号,09:00-10:00,0,1,可预约,￥12.0,多云,17,12,5,0.0,86,29
2026-05-21 08:14:31,2026-05-22,4,羽毛球馆-7号,09:00-10:00,0,1,可预约,￥12.0,多云,17,12,5,0.0,86,29
2026-05-21 08:17:30,2026-05-22,4,羽毛球馆-7号,09:00-10:00,0,1,可预约,￥12.0,多云,17,12,5,0.0,86,29
2026-05-21 08:20:35,2026-05-22,4,羽毛球馆-7号,09:00-10:00,0,1,可预约,￥12.0,多云,17,14,4,0.0,85,29
2026-05-21 08:25:32,2026-05-22,4,羽毛球馆-7号,09:00-10:00,0,1,可预约,￥12.0,多云,17,14,4,0.0,85,28
2026-05-21 08:30:42,2026-05-22,4,羽毛球馆-7号,09:00-10:00,0,1,可预约,￥12.0,多云,18,15,4,0.0,84,28
2026-05-21 08:35:31,2026-05-22,4,羽毛球馆-7号,09:00-10:00,0,1,可预约,￥12.0,多云,18,15,4,0.0,84,28
2026-05-21 08:40:38,2026-05-22,4,羽毛球馆-7号,09:00-10:00,0,1,可预约,￥12.0,多云,18,15,4,0.0,82,28
2026-05-21 08:45:33,2026-05-22,4,羽毛球馆-7号,09:00-10:00,0,1,可预约,￥12.0,多云,18,15,4,0.0,82,28
2026-05-21 08:50:36,2026-05-22,4,羽毛球馆-7号,09:00-10:00,0,1,可预约,￥12.0,多云,18,15,4,0.0,82,28
2026-05-21 08:55:34,2026-05-22,4,羽毛球馆-7号,09:00-10:00,0,1,可预约,￥12.0,多云,18,15,4,0.0,84,28
2026-05-21 09:00:51,2026-05-22,4,羽毛球馆-7号,09:00-10:00,0,1,可预约,￥12.0,多云,18,15,4,0.0,84,28
2026-05-21 09:01:59,2026-05-22,4,羽毛球馆-7号,09:00-10:00,0,1,可预约,￥12.0,多云,18,15,4,0.0,83,28
2026-05-21 09:05:33,2026-05-22,4,羽毛球馆-7号,09:00-10:00,0,1,可预约,￥12.0,多云,18,15,4,0.0,83,28
2026-05-21 09:20:38,2026-05-22,4,羽毛球馆-7号,09:00-10:00,0,1,可预约,￥12.0,多云,18,16,3,0.0,81,28
2026-05-21 09:30:46,2026-05-22,4,羽毛球馆-7号,09:00-10:00,0,1,可预约,￥12.0,多云,18,16,3,0.0,81,32
2026-05-21 09:40:36,2026-05-22,4,羽毛球馆-7号,09:00-10:00,0,1,可预约,￥12.0,多云,19,17,3,0.0,79,32
2026-05-21 09:50:42,2026-05-22,4,羽毛球馆-7号,09:00-10:00,0,1,可预约,￥12.0,多云,19,17,4,0.0,81,32
2026-05-21 10:00:46,2026-05-22,4,羽毛球馆-7号,09:00-10:00,0,1,可预约,￥12.0,多云,19,17,4,0.0,79,32
2026-05-21 10:10:40,2026-05-22,4,羽毛球馆-7号,09:00-10:00,0,1,可预约,￥12.0,多云,19,17,4,0.0,79,32
2026-05-21 10:20:38,2026-05-22,4,羽毛球馆-7号,09:00-10:00,0,1,可预约,￥12.0,多云,19,17,4,0.0,79,32
2026-05-21 10:30:41,2026-05-22,4,羽毛球馆-7号,09:00-10:00,0,1,可预约,￥12.0,多云,19,18,3,0.0,78,31
2026-05-21 11:00:44,2026-05-22,4,羽毛球馆-7号,09:00-10:00,0,1,可预约,￥12.0,多云,21,17,5,0.0,74,31
2026-05-21 11:30:38,2026-05-22,4,羽毛球馆-7号,09:00-10:00,0,1,可预约,￥12.0,多云,21,19,3,0.0,72,33
2026-05-21 12:00:46,2026-05-22,4,羽毛球馆-7号,09:00-10:00,0,1,可预约,￥12.0,多云,22,19,4,0.0,70,33
2026-05-21 12:30:42,2026-05-22,4,羽毛球馆-7号,09:00-10:00,0,1,可预约,￥12.0,多云,22,21,3,0.0,68,35
2026-05-21 13:00:43,2026-05-22,4,羽毛球馆-7号,09:00-10:00,0,1,可预约,￥12.0,多云,24,22,4,0.0,66,35
2026-05-21 13:30:43,2026-05-22,4,羽毛球馆-7号,09:00-10:00,0,1,可预约,￥12.0,多云,24,22,4,0.0,66,36
2026-05-21 14:00:48,2026-05-22,4,羽毛球馆-7号,09:00-10:00,0,1,可预约,￥12.0,多云,25,23,4,0.0,66,36
2026-05-21 14:30:45,2026-05-22,4,羽毛球馆-7号,09:00-10:00,0,1,可预约,￥12.0,晴,25,25,3,0.0,65,39
2026-05-21 15:00:45,2026-05-22,4,羽毛球馆-7号,09:00-10:00,0,1,可预约,￥12.0,晴,25,22,4,0.0,56,39
2026-05-21 15:30:43,2026-05-22,4,羽毛球馆-7号,09:00-10:00,0,1,可预约,￥12.0,晴,25,23,4,0.0,57,40
2026-05-21 16:00:51,2026-05-22,4,羽毛球馆-7号,09:00-10:00,0,1,可预约,￥12.0,晴,25,23,4,0.0,57,40
2026-05-21 16:30:48,2026-05-22,4,羽毛球馆-7号,09:00-10:00,0,1,可预约,￥12.0,晴,25,24,3,0.0,60,39
2026-05-21 17:00:49,2026-05-22,4,羽毛球馆-7号,09:00-10:00,0,1,可预约,￥12.0,晴,25,24,4,0.0,61,39
2026-05-21 17:30:47,2026-05-22,4,羽毛球馆-7号,09:00-10:00,0,1,可预约,￥12.0,多云,24,23,3,0.0,64,39
2026-05-21 18:00:50,2026-05-22,4,羽毛球馆-7号,09:00-10:00,0,1,可预约,￥12.0,多云,24,23,3,0.0,68,39
2026-05-21 18:30:50,2026-05-22,4,羽毛球馆-7号,09:00-10:00,0,1,可预约,￥12.0,阴,24,25,2,0.0,68,40
2026-05-21 19:00:50,2026-05-22,4,羽毛球馆-7号,09:00-10:00,0,1,可预约,￥12.0,阴,23,23,3,0.0,76,40
2026-05-21 19:30:46,2026-05-22,4,羽毛球馆-7号,09:00-10:00,0,1,可预约,￥12.0,阴,23,24,2,0.0,77,39
2026-05-21 20:00:49,2026-05-22,4,羽毛球馆-7号,09:00-10:00,0,1,可预约,￥12.0,雾,22,23,2,0.0,89,39
2026-05-21 20:30:44,2026-05-22,4,羽毛球馆-7号,09:00-10:00,0,1,可预约,￥12.0,雾,22,24,2,0.0,93,43
2026-05-21 21:00:56,2026-05-22,4,羽毛球馆-7号,09:00-10:00,0,1,可预约,￥12.0,雾,20,21,2,0.0,98,43
2026-05-21 21:30:46,2026-05-22,4,羽毛球馆-7号,09:00-10:00,0,1,可预约,￥12.0,雾,20,22,1,0.0,99,41
2026-05-21 22:01:02,2026-05-22,4,羽毛球馆-7号,09:00-10:00,0,1,可预约,￥12.0,雾,19,20,2,0.0,93,41
2026-05-21 22:30:47,2026-05-22,4,羽毛球馆-7号,09:00-10:00,0,1,可预约,￥12.0,雾,19,19,3,0.0,88,46
2026-05-21 23:00:56,2026-05-22,4,羽毛球馆-7号,09:00-10:00,0,1,可预约,￥12.0,多云,18,17,3,0.0,85,46
2026-05-21 23:30:55,2026-05-22,4,羽毛球馆-7号,09:00-10:00,0,1,可预约,￥12.0,多云,18,17,3,0.0,85,48
2026-05-21 08:00:45,2026-05-22,4,羽毛球馆-7号,10:00-11:00,1,1,已售/已满,教学时间,晴,17,12,5,0.0,86,29
2026-05-21 08:02:30,2026-05-22,4,羽毛球馆-7号,10:00-11:00,1,1,已售/已满,教学时间,多云,17,12,5,0.0,87,29
2026-05-21 08:05:36,2026-05-22,4,羽毛球馆-7号,10:00-11:00,1,1,已售/已满,教学时间,多云,17,12,5,0.0,86,29
2026-05-21 08:08:31,2026-05-22,4,羽毛球馆-7号,10:00-11:00,1,1,已售/已满,教学时间,多云,17,12,5,0.0,86,29
2026-05-21 08:11:30,2026-05-22,4,羽毛球馆-7号,10:00-11:00,1,1,已售/已满,教学时间,多云,17,12,5,0.0,86,29
2026-05-21 08:14:31,2026-05-22,4,羽毛球馆-7号,10:00-11:00,1,1,已售/已满,教学时间,多云,17,12,5,0.0,86,29
2026-05-21 08:17:30,2026-05-22,4,羽毛球馆-7号,10:00-11:00,1,1,已售/已满,教学时间,多云,17,12,5,0.0,86,29
2026-05-21 08:20:35,2026-05-22,4,羽毛球馆-7号,10:00-11:00,1,1,已售/已满,教学时间,多云,17,14,4,0.0,85,29
2026-05-21 08:25:32,2026-05-22,4,羽毛球馆-7号,10:00-11:00,1,1,已售/已满,教学时间,多云,17,14,4,0.0,85,28
2026-05-21 08:30:42,2026-05-22,4,羽毛球馆-7号,10:00-11:00,1,1,已售/已满,教学时间,多云,18,15,4,0.0,84,28
2026-05-21 08:35:31,2026-05-22,4,羽毛球馆-7号,10:00-11:00,1,1,已售/已满,教学时间,多云,18,15,4,0.0,84,28
2026-05-21 08:40:38,2026-05-22,4,羽毛球馆-7号,10:00-11:00,1,1,已售/已满,教学时间,多云,18,15,4,0.0,82,28
2026-05-21 08:45:33,2026-05-22,4,羽毛球馆-7号,10:00-11:00,1,1,已售/已满,教学时间,多云,18,15,4,0.0,82,28
2026-05-21 08:50:36,2026-05-22,4,羽毛球馆-7号,10:00-11:00,1,1,已售/已满,教学时间,多云,18,15,4,0.0,82,28
2026-05-21 08:55:34,2026-05-22,4,羽毛球馆-7号,10:00-11:00,1,1,已售/已满,教学时间,多云,18,15,4,0.0,84,28
2026-05-21 09:00:51,2026-05-22,4,羽毛球馆-7号,10:00-11:00,1,1,已售/已满,教学时间,多云,18,15,4,0.0,84,28
2026-05-21 09:01:59,2026-05-22,4,羽毛球馆-7号,10:00-11:00,1,1,已售/已满,教学时间,多云,18,15,4,0.0,83,28
2026-05-21 09:05:33,2026-05-22,4,羽毛球馆-7号,10:00-11:00,1,1,已售/已满,教学时间,多云,18,15,4,0.0,83,28
2026-05-21 09:20:38,2026-05-22,4,羽毛球馆-7号,10:00-11:00,1,1,已售/已满,教学时间,多云,18,16,3,0.0,81,28
2026-05-21 09:30:46,2026-05-22,4,羽毛球馆-7号,10:00-11:00,1,1,已售/已满,教学时间,多云,18,16,3,0.0,81,32
2026-05-21 09:40:36,2026-05-22,4,羽毛球馆-7号,10:00-11:00,1,1,已售/已满,教学时间,多云,19,17,3,0.0,79,32
2026-05-21 09:50:42,2026-05-22,4,羽毛球馆-7号,10:00-11:00,1,1,已售/已满,教学时间,多云,19,17,4,0.0,81,32
2026-05-21 10:00:46,2026-05-22,4,羽毛球馆-7号,10:00-11:00,1,1,已售/已满,教学时间,多云,19,17,4,0.0,79,32
2026-05-21 10:10:40,2026-05-22,4,羽毛球馆-7号,10:00-11:00,1,1,已售/已满,教学时间,多云,19,17,4,0.0,79,32
2026-05-21 10:20:38,2026-05-22,4,羽毛球馆-7号,10:00-11:00,1,1,已售/已满,教学时间,多云,19,17,4,0.0,79,32
2026-05-21 10:30:41,2026-05-22,4,羽毛球馆-7号,10:00-11:00,1,1,已售/已满,教学时间,多云,19,18,3,0.0,78,31
2026-05-21 11:00:44,2026-05-22,4,羽毛球馆-7号,10:00-11:00,1,1,已售/已满,教学时间,多云,21,17,5,0.0,74,31
2026-05-21 11:30:38,2026-05-22,4,羽毛球馆-7号,10:00-11:00,1,1,已售/已满,教学时间,多云,21,19,3,0.0,72,33
2026-05-21 12:00:46,2026-05-22,4,羽毛球馆-7号,10:00-11:00,1,1,已售/已满,教学时间,多云,22,19,4,0.0,70,33
2026-05-21 12:30:42,2026-05-22,4,羽毛球馆-7号,10:00-11:00,1,1,已售/已满,教学时间,多云,22,21,3,0.0,68,35
2026-05-21 13:00:43,2026-05-22,4,羽毛球馆-7号,10:00-11:00,1,1,已售/已满,教学时间,多云,24,22,4,0.0,66,35
2026-05-21 13:30:43,2026-05-22,4,羽毛球馆-7号,10:00-11:00,1,1,已售/已满,教学时间,多云,24,22,4,0.0,66,36
2026-05-21 14:00:48,2026-05-22,4,羽毛球馆-7号,10:00-11:00,1,1,已售/已满,教学时间,多云,25,23,4,0.0,66,36
2026-05-21 14:30:45,2026-05-22,4,羽毛球馆-7号,10:00-11:00,1,1,已售/已满,教学时间,晴,25,25,3,0.0,65,39
2026-05-21 15:00:45,2026-05-22,4,羽毛球馆-7号,10:00-11:00,1,1,已售/已满,教学时间,晴,25,22,4,0.0,56,39
2026-05-21 15:30:43,2026-05-22,4,羽毛球馆-7号,10:00-11:00,1,1,已售/已满,教学时间,晴,25,23,4,0.0,57,40
2026-05-21 16:00:51,2026-05-22,4,羽毛球馆-7号,10:00-11:00,1,1,已售/已满,教学时间,晴,25,23,4,0.0,57,40
2026-05-21 16:30:48,2026-05-22,4,羽毛球馆-7号,10:00-11:00,1,1,已售/已满,教学时间,晴,25,24,3,0.0,60,39
2026-05-21 17:00:49,2026-05-22,4,羽毛球馆-7号,10:00-11:00,1,1,已售/已满,教学时间,晴,25,24,4,0.0,61,39
2026-05-21 17:30:47,2026-05-22,4,羽毛球馆-7号,10:00-11:00,1,1,已售/已满,教学时间,多云,24,23,3,0.0,64,39
2026-05-21 18:00:50,2026-05-22,4,羽毛球馆-7号,10:00-11:00,1,1,已售/已满,教学时间,多云,24,23,3,0.0,68,39
2026-05-21 18:30:50,2026-05-22,4,羽毛球馆-7号,10:00-11:00,1,1,已售/已满,教学时间,阴,24,25,2,0.0,68,40
2026-05-21 19:00:50,2026-05-22,4,羽毛球馆-7号,10:00-11:00,1,1,已售/已满,教学时间,阴,23,23,3,0.0,76,40
2026-05-21 19:30:46,2026-05-22,4,羽毛球馆-7号,10:00-11:00,1,1,已售/已满,教学时间,阴,23,24,2,0.0,77,39
2026-05-21 20:00:49,2026-05-22,4,羽毛球馆-7号,10:00-11:00,1,1,已售/已满,教学时间,雾,22,23,2,0.0,89,39
2026-05-21 20:30:44,2026-05-22,4,羽毛球馆-7号,10:00-11:00,1,1,已售/已满,教学时间,雾,22,24,2,0.0,93,43
2026-05-21 21:00:56,2026-05-22,4,羽毛球馆-7号,10:00-11:00,1,1,已售/已满,教学时间,雾,20,21,2,0.0,98,43
2026-05-21 21:30:46,2026-05-22,4,羽毛球馆-7号,10:00-11:00,1,1,已售/已满,教学时间,雾,20,22,1,0.0,99,41
2026-05-21 22:01:02,2026-05-22,4,羽毛球馆-7号,10:00-11:00,1,1,已售/已满,教学时间,雾,19,20,2,0.0,93,41
2026-05-21 22:30:47,2026-05-22,4,羽毛球馆-7号,10:00-11:00,1,1,已售/已满,教学时间,雾,19,19,3,0.0,88,46
2026-05-21 23:00:56,2026-05-22,4,羽毛球馆-7号,10:00-11:00,1,1,已售/已满,教学时间,多云,18,17,3,0.0,85,46
2026-05-21 23:30:55,2026-05-22,4,羽毛球馆-7号,10:00-11:00,1,1,已售/已满,教学时间,多云,18,17,3,0.0,85,48
2026-05-21 08:00:45,2026-05-22,4,羽毛球馆-7号,11:00-12:00,1,1,已售/已满,教学时间,晴,17,12,5,0.0,86,29
2026-05-21 08:02:30,2026-05-22,4,羽毛球馆-7号,11:00-12:00,1,1,已售/已满,教学时间,多云,17,12,5,0.0,87,29
2026-05-21 08:05:36,2026-05-22,4,羽毛球馆-7号,11:00-12:00,1,1,已售/已满,教学时间,多云,17,12,5,0.0,86,29
2026-05-21 08:08:31,2026-05-22,4,羽毛球馆-7号,11:00-12:00,1,1,已售/已满,教学时间,多云,17,12,5,0.0,86,29
2026-05-21 08:11:30,2026-05-22,4,羽毛球馆-7号,11:00-12:00,1,1,已售/已满,教学时间,多云,17,12,5,0.0,86,29
2026-05-21 08:14:31,2026-05-22,4,羽毛球馆-7号,11:00-12:00,1,1,已售/已满,教学时间,多云,17,12,5,0.0,86,29
2026-05-21 08:17:30,2026-05-22,4,羽毛球馆-7号,11:00-12:00,1,1,已售/已满,教学时间,多云,17,12,5,0.0,86,29
2026-05-21 08:20:35,2026-05-22,4,羽毛球馆-7号,11:00-12:00,1,1,已售/已满,教学时间,多云,17,14,4,0.0,85,29
2026-05-21 08:25:32,2026-05-22,4,羽毛球馆-7号,11:00-12:00,1,1,已售/已满,教学时间,多云,17,14,4,0.0,85,28
2026-05-21 08:30:42,2026-05-22,4,羽毛球馆-7号,11:00-12:00,1,1,已售/已满,教学时间,多云,18,15,4,0.0,84,28
2026-05-21 08:35:31,2026-05-22,4,羽毛球馆-7号,11:00-12:00,1,1,已售/已满,教学时间,多云,18,15,4,0.0,84,28
2026-05-21 08:40:38,2026-05-22,4,羽毛球馆-7号,11:00-12:00,1,1,已售/已满,教学时间,多云,18,15,4,0.0,82,28
2026-05-21 08:45:33,2026-05-22,4,羽毛球馆-7号,11:00-12:00,1,1,已售/已满,教学时间,多云,18,15,4,0.0,82,28
2026-05-21 08:50:36,2026-05-22,4,羽毛球馆-7号,11:00-12:00,1,1,已售/已满,教学时间,多云,18,15,4,0.0,82,28
2026-05-21 08:55:34,2026-05-22,4,羽毛球馆-7号,11:00-12:00,1,1,已售/已满,教学时间,多云,18,15,4,0.0,84,28
2026-05-21 09:00:51,2026-05-22,4,羽毛球馆-7号,11:00-12:00,1,1,已售/已满,教学时间,多云,18,15,4,0.0,84,28
2026-05-21 09:01:59,2026-05-22,4,羽毛球馆-7号,11:00-12:00,1,1,已售/已满,教学时间,多云,18,15,4,0.0,83,28
2026-05-21 09:05:33,2026-05-22,4,羽毛球馆-7号,11:00-12:00,1,1,已售/已满,教学时间,多云,18,15,4,0.0,83,28
2026-05-21 09:20:38,2026-05-22,4,羽毛球馆-7号,11:00-12:00,1,1,已售/已满,教学时间,多云,18,16,3,0.0,81,28
2026-05-21 09:30:46,2026-05-22,4,羽毛球馆-7号,11:00-12:00,1,1,已售/已满,教学时间,多云,18,16,3,0.0,81,32
2026-05-21 09:40:36,2026-05-22,4,羽毛球馆-7号,11:00-12:00,1,1,已售/已满,教学时间,多云,19,17,3,0.0,79,32
2026-05-21 09:50:42,2026-05-22,4,羽毛球馆-7号,11:00-12:00,1,1,已售/已满,教学时间,多云,19,17,4,0.0,81,32
2026-05-21 10:00:46,2026-05-22,4,羽毛球馆-7号,11:00-12:00,1,1,已售/已满,教学时间,多云,19,17,4,0.0,79,32
2026-05-21 10:10:40,2026-05-22,4,羽毛球馆-7号,11:00-12:00,1,1,已售/已满,教学时间,多云,19,17,4,0.0,79,32
2026-05-21 10:20:38,2026-05-22,4,羽毛球馆-7号,11:00-12:00,1,1,已售/已满,教学时间,多云,19,17,4,0.0,79,32
2026-05-21 10:30:41,2026-05-22,4,羽毛球馆-7号,11:00-12:00,1,1,已售/已满,教学时间,多云,19,18,3,0.0,78,31
2026-05-21 11:00:44,2026-05-22,4,羽毛球馆-7号,11:00-12:00,1,1,已售/已满,教学时间,多云,21,17,5,0.0,74,31
2026-05-21 11:30:38,2026-05-22,4,羽毛球馆-7号,11:00-12:00,1,1,已售/已满,教学时间,多云,21,19,3,0.0,72,33
2026-05-21 12:00:46,2026-05-22,4,羽毛球馆-7号,11:00-12:00,1,1,已售/已满,教学时间,多云,22,19,4,0.0,70,33
2026-05-21 12:30:42,2026-05-22,4,羽毛球馆-7号,11:00-12:00,1,1,已售/已满,教学时间,多云,22,21,3,0.0,68,35
2026-05-21 13:00:43,2026-05-22,4,羽毛球馆-7号,11:00-12:00,1,1,已售/已满,教学时间,多云,24,22,4,0.0,66,35
2026-05-21 13:30:43,2026-05-22,4,羽毛球馆-7号,11:00-12:00,1,1,已售/已满,教学时间,多云,24,22,4,0.0,66,36
2026-05-21 14:00:48,2026-05-22,4,羽毛球馆-7号,11:00-12:00,1,1,已售/已满,教学时间,多云,25,23,4,0.0,66,36
2026-05-21 14:30:45,2026-05-22,4,羽毛球馆-7号,11:00-12:00,1,1,已售/已满,教学时间,晴,25,25,3,0.0,65,39
2026-05-21 15:00:45,2026-05-22,4,羽毛球馆-7号,11:00-12:00,1,1,已售/已满,教学时间,晴,25,22,4,0.0,56,39
2026-05-21 15:30:43,2026-05-22,4,羽毛球馆-7号,11:00-12:00,1,1,已售/已满,教学时间,晴,25,23,4,0.0,57,40
2026-05-21 16:00:51,2026-05-22,4,羽毛球馆-7号,11:00-12:00,1,1,已售/已满,教学时间,晴,25,23,4,0.0,57,40
2026-05-21 16:30:48,2026-05-22,4,羽毛球馆-7号,11:00-12:00,1,1,已售/已满,教学时间,晴,25,24,3,0.0,60,39
2026-05-21 17:00:49,2026-05-22,4,羽毛球馆-7号,11:00-12:00,1,1,已售/已满,教学时间,晴,25,24,4,0.0,61,39
2026-05-21 17:30:47,2026-05-22,4,羽毛球馆-7号,11:00-12:00,1,1,已售/已满,教学时间,多云,24,23,3,0.0,64,39
2026-05-21 18:00:50,2026-05-22,4,羽毛球馆-7号,11:00-12:00,1,1,已售/已满,教学时间,多云,24,23,3,0.0,68,39
2026-05-21 18:30:50,2026-05-22,4,羽毛球馆-7号,11:00-12:00,1,1,已售/已满,教学时间,阴,24,25,2,0.0,68,40
2026-05-21 19:00:50,2026-05-22,4,羽毛球馆-7号,11:00-12:00,1,1,已售/已满,教学时间,阴,23,23,3,0.0,76,40
2026-05-21 19:30:46,2026-05-22,4,羽毛球馆-7号,11:00-12:00,1,1,已售/已满,教学时间,阴,23,24,2,0.0,77,39
2026-05-21 20:00:49,2026-05-22,4,羽毛球馆-7号,11:00-12:00,1,1,已售/已满,教学时间,雾,22,23,2,0.0,89,39
2026-05-21 20:30:44,2026-05-22,4,羽毛球馆-7号,11:00-12:00,1,1,已售/已满,教学时间,雾,22,24,2,0.0,93,43
2026-05-21 21:00:56,2026-05-22,4,羽毛球馆-7号,11:00-12:00,1,1,已售/已满,教学时间,雾,20,21,2,0.0,98,43
2026-05-21 21:30:46,2026-05-22,4,羽毛球馆-7号,11:00-12:00,1,1,已售/已满,教学时间,雾,20,22,1,0.0,99,41
2026-05-21 22:01:02,2026-05-22,4,羽毛球馆-7号,11:00-12:00,1,1,已售/已满,教学时间,雾,19,20,2,0.0,93,41
2026-05-21 22:30:47,2026-05-22,4,羽毛球馆-7号,11:00-12:00,1,1,已售/已满,教学时间,雾,19,19,3,0.0,88,46
2026-05-21 23:00:56,2026-05-22,4,羽毛球馆-7号,11:00-12:00,1,1,已售/已满,教学时间,多云,18,17,3,0.0,85,46
2026-05-21 23:30:55,2026-05-22,4,羽毛球馆-7号,11:00-12:00,1,1,已售/已满,教学时间,多云,18,17,3,0.0,85,48
2026-05-21 08:00:45,2026-05-22,4,羽毛球馆-7号,12:00-12:55,1,1,已售/已满,已售,晴,17,12,5,0.0,86,29
2026-05-21 08:02:30,2026-05-22,4,羽毛球馆-7号,12:00-12:55,1,1,已售/已满,已售,多云,17,12,5,0.0,87,29
2026-05-21 08:05:36,2026-05-22,4,羽毛球馆-7号,12:00-12:55,1,1,已售/已满,已售,多云,17,12,5,0.0,86,29
2026-05-21 08:08:31,2026-05-22,4,羽毛球馆-7号,12:00-12:55,1,1,已售/已满,已售,多云,17,12,5,0.0,86,29
2026-05-21 08:11:30,2026-05-22,4,羽毛球馆-7号,12:00-12:55,1,1,已售/已满,已售,多云,17,12,5,0.0,86,29
2026-05-21 08:14:31,2026-05-22,4,羽毛球馆-7号,12:00-12:55,1,1,已售/已满,已售,多云,17,12,5,0.0,86,29
2026-05-21 08:17:30,2026-05-22,4,羽毛球馆-7号,12:00-12:55,1,1,已售/已满,已售,多云,17,12,5,0.0,86,29
2026-05-21 08:20:35,2026-05-22,4,羽毛球馆-7号,12:00-12:55,1,1,已售/已满,已售,多云,17,14,4,0.0,85,29
2026-05-21 08:25:32,2026-05-22,4,羽毛球馆-7号,12:00-12:55,1,1,已售/已满,已售,多云,17,14,4,0.0,85,28
2026-05-21 08:30:42,2026-05-22,4,羽毛球馆-7号,12:00-12:55,1,1,已售/已满,已售,多云,18,15,4,0.0,84,28
2026-05-21 08:35:31,2026-05-22,4,羽毛球馆-7号,12:00-12:55,1,1,已售/已满,已售,多云,18,15,4,0.0,84,28
2026-05-21 08:40:38,2026-05-22,4,羽毛球馆-7号,12:00-12:55,1,1,已售/已满,已售,多云,18,15,4,0.0,82,28
2026-05-21 08:45:33,2026-05-22,4,羽毛球馆-7号,12:00-12:55,1,1,已售/已满,已售,多云,18,15,4,0.0,82,28
2026-05-21 08:50:36,2026-05-22,4,羽毛球馆-7号,12:00-12:55,1,1,已售/已满,已售,多云,18,15,4,0.0,82,28
2026-05-21 08:55:34,2026-05-22,4,羽毛球馆-7号,12:00-12:55,1,1,已售/已满,已售,多云,18,15,4,0.0,84,28
2026-05-21 09:00:51,2026-05-22,4,羽毛球馆-7号,12:00-12:55,1,1,已售/已满,已售,多云,18,15,4,0.0,84,28
2026-05-21 09:01:59,2026-05-22,4,羽毛球馆-7号,12:00-12:55,1,1,已售/已满,已售,多云,18,15,4,0.0,83,28
2026-05-21 09:05:33,2026-05-22,4,羽毛球馆-7号,12:00-12:55,1,1,已售/已满,已售,多云,18,15,4,0.0,83,28
2026-05-21 09:20:38,2026-05-22,4,羽毛球馆-7号,12:00-12:55,1,1,已售/已满,已售,多云,18,16,3,0.0,81,28
2026-05-21 09:30:46,2026-05-22,4,羽毛球馆-7号,12:00-12:55,1,1,已售/已满,已售,多云,18,16,3,0.0,81,32
2026-05-21 09:40:36,2026-05-22,4,羽毛球馆-7号,12:00-12:55,1,1,已售/已满,已售,多云,19,17,3,0.0,79,32
2026-05-21 09:50:42,2026-05-22,4,羽毛球馆-7号,12:00-12:55,1,1,已售/已满,已售,多云,19,17,4,0.0,81,32
2026-05-21 10:00:46,2026-05-22,4,羽毛球馆-7号,12:00-12:55,1,1,已售/已满,已售,多云,19,17,4,0.0,79,32
2026-05-21 10:10:40,2026-05-22,4,羽毛球馆-7号,12:00-12:55,1,1,已售/已满,已售,多云,19,17,4,0.0,79,32
2026-05-21 10:20:38,2026-05-22,4,羽毛球馆-7号,12:00-12:55,1,1,已售/已满,已售,多云,19,17,4,0.0,79,32
2026-05-21 10:30:41,2026-05-22,4,羽毛球馆-7号,12:00-12:55,1,1,已售/已满,已售,多云,19,18,3,0.0,78,31
2026-05-21 11:00:44,2026-05-22,4,羽毛球馆-7号,12:00-12:55,1,1,已售/已满,已售,多云,21,17,5,0.0,74,31
2026-05-21 11:30:38,2026-05-22,4,羽毛球馆-7号,12:00-12:55,1,1,已售/已满,已售,多云,21,19,3,0.0,72,33
2026-05-21 12:00:46,2026-05-22,4,羽毛球馆-7号,12:00-12:55,1,1,已售/已满,已售,多云,22,19,4,0.0,70,33
2026-05-21 12:30:42,2026-05-22,4,羽毛球馆-7号,12:00-12:55,1,1,已售/已满,已售,多云,22,21,3,0.0,68,35
2026-05-21 13:00:43,2026-05-22,4,羽毛球馆-7号,12:00-12:55,1,1,已售/已满,已售,多云,24,22,4,0.0,66,35
2026-05-21 13:30:43,2026-05-22,4,羽毛球馆-7号,12:00-12:55,1,1,已售/已满,已售,多云,24,22,4,0.0,66,36
2026-05-21 14:00:48,2026-05-22,4,羽毛球馆-7号,12:00-12:55,1,1,已售/已满,已售,多云,25,23,4,0.0,66,36
2026-05-21 14:30:45,2026-05-22,4,羽毛球馆-7号,12:00-12:55,1,1,已售/已满,已售,晴,25,25,3,0.0,65,39
2026-05-21 15:00:45,2026-05-22,4,羽毛球馆-7号,12:00-12:55,1,1,已售/已满,已售,晴,25,22,4,0.0,56,39
2026-05-21 15:30:43,2026-05-22,4,羽毛球馆-7号,12:00-12:55,1,1,已售/已满,已售,晴,25,23,4,0.0,57,40
2026-05-21 16:00:51,2026-05-22,4,羽毛球馆-7号,12:00-12:55,1,1,已售/已满,已售,晴,25,23,4,0.0,57,40
2026-05-21 16:30:48,2026-05-22,4,羽毛球馆-7号,12:00-12:55,1,1,已售/已满,已售,晴,25,24,3,0.0,60,39
2026-05-21 17:00:49,2026-05-22,4,羽毛球馆-7号,12:00-12:55,1,1,已售/已满,已售,晴,25,24,4,0.0,61,39
2026-05-21 17:30:47,2026-05-22,4,羽毛球馆-7号,12:00-12:55,1,1,已售/已满,已售,多云,24,23,3,0.0,64,39
2026-05-21 18:00:50,2026-05-22,4,羽毛球馆-7号,12:00-12:55,1,1,已售/已满,已售,多云,24,23,3,0.0,68,39
2026-05-21 18:30:50,2026-05-22,4,羽毛球馆-7号,12:00-12:55,1,1,已售/已满,已售,阴,24,25,2,0.0,68,40
2026-05-21 19:00:50,2026-05-22,4,羽毛球馆-7号,12:00-12:55,1,1,已售/已满,已售,阴,23,23,3,0.0,76,40
2026-05-21 19:30:46,2026-05-22,4,羽毛球馆-7号,12:00-12:55,1,1,已售/已满,已售,阴,23,24,2,0.0,77,39
2026-05-21 20:00:49,2026-05-22,4,羽毛球馆-7号,12:00-12:55,1,1,已售/已满,已售,雾,22,23,2,0.0,89,39
2026-05-21 20:30:44,2026-05-22,4,羽毛球馆-7号,12:00-12:55,1,1,已售/已满,已售,雾,22,24,2,0.0,93,43
2026-05-21 21:00:56,2026-05-22,4,羽毛球馆-7号,12:00-12:55,1,1,已售/已满,已售,雾,20,21,2,0.0,98,43
2026-05-21 21:30:46,2026-05-22,4,羽毛球馆-7号,12:00-12:55,1,1,已售/已满,已售,雾,20,22,1,0.0,99,41
2026-05-21 22:01:02,2026-05-22,4,羽毛球馆-7号,12:00-12:55,1,1,已售/已满,已售,雾,19,20,2,0.0,93,41
2026-05-21 22:30:47,2026-05-22,4,羽毛球馆-7号,12:00-12:55,1,1,已售/已满,已售,雾,19,19,3,0.0,88,46
2026-05-21 23:00:56,2026-05-22,4,羽毛球馆-7号,12:00-12:55,1,1,已售/已满,已售,多云,18,17,3,0.0,85,46
2026-05-21 23:30:55,2026-05-22,4,羽毛球馆-7号,12:00-12:55,1,1,已售/已满,已售,多云,18,17,3,0.0,85,48
2026-05-21 08:00:45,2026-05-22,4,羽毛球馆-7号,12:55-13:50,1,1,已售/已满,已售,晴,17,12,5,0.0,86,29
2026-05-21 08:02:30,2026-05-22,4,羽毛球馆-7号,12:55-13:50,1,1,已售/已满,已售,多云,17,12,5,0.0,87,29
2026-05-21 08:05:36,2026-05-22,4,羽毛球馆-7号,12:55-13:50,1,1,已售/已满,已售,多云,17,12,5,0.0,86,29
2026-05-21 08:08:31,2026-05-22,4,羽毛球馆-7号,12:55-13:50,1,1,已售/已满,已售,多云,17,12,5,0.0,86,29
2026-05-21 08:11:30,2026-05-22,4,羽毛球馆-7号,12:55-13:50,1,1,已售/已满,已售,多云,17,12,5,0.0,86,29
2026-05-21 08:14:31,2026-05-22,4,羽毛球馆-7号,12:55-13:50,1,1,已售/已满,已售,多云,17,12,5,0.0,86,29
2026-05-21 08:17:30,2026-05-22,4,羽毛球馆-7号,12:55-13:50,1,1,已售/已满,已售,多云,17,12,5,0.0,86,29
2026-05-21 08:20:35,2026-05-22,4,羽毛球馆-7号,12:55-13:50,1,1,已售/已满,已售,多云,17,14,4,0.0,85,29
2026-05-21 08:25:32,2026-05-22,4,羽毛球馆-7号,12:55-13:50,1,1,已售/已满,已售,多云,17,14,4,0.0,85,28
2026-05-21 08:30:42,2026-05-22,4,羽毛球馆-7号,12:55-13:50,1,1,已售/已满,已售,多云,18,15,4,0.0,84,28
2026-05-21 08:35:31,2026-05-22,4,羽毛球馆-7号,12:55-13:50,1,1,已售/已满,已售,多云,18,15,4,0.0,84,28
2026-05-21 08:40:38,2026-05-22,4,羽毛球馆-7号,12:55-13:50,1,1,已售/已满,已售,多云,18,15,4,0.0,82,28
2026-05-21 08:45:33,2026-05-22,4,羽毛球馆-7号,12:55-13:50,1,1,已售/已满,已售,多云,18,15,4,0.0,82,28
2026-05-21 08:50:36,2026-05-22,4,羽毛球馆-7号,12:55-13:50,1,1,已售/已满,已售,多云,18,15,4,0.0,82,28
2026-05-21 08:55:34,2026-05-22,4,羽毛球馆-7号,12:55-13:50,1,1,已售/已满,已售,多云,18,15,4,0.0,84,28
2026-05-21 09:00:51,2026-05-22,4,羽毛球馆-7号,12:55-13:50,1,1,已售/已满,已售,多云,18,15,4,0.0,84,28
2026-05-21 09:01:59,2026-05-22,4,羽毛球馆-7号,12:55-13:50,1,1,已售/已满,已售,多云,18,15,4,0.0,83,28
2026-05-21 09:05:33,2026-05-22,4,羽毛球馆-7号,12:55-13:50,1,1,已售/已满,已售,多云,18,15,4,0.0,83,28
2026-05-21 09:20:38,2026-05-22,4,羽毛球馆-7号,12:55-13:50,1,1,已售/已满,已售,多云,18,16,3,0.0,81,28
2026-05-21 09:30:46,2026-05-22,4,羽毛球馆-7号,12:55-13:50,1,1,已售/已满,已售,多云,18,16,3,0.0,81,32
2026-05-21 09:40:36,2026-05-22,4,羽毛球馆-7号,12:55-13:50,1,1,已售/已满,已售,多云,19,17,3,0.0,79,32
2026-05-21 09:50:42,2026-05-22,4,羽毛球馆-7号,12:55-13:50,1,1,已售/已满,已售,多云,19,17,4,0.0,81,32
2026-05-21 10:00:46,2026-05-22,4,羽毛球馆-7号,12:55-13:50,1,1,已售/已满,已售,多云,19,17,4,0.0,79,32
2026-05-21 10:10:40,2026-05-22,4,羽毛球馆-7号,12:55-13:50,1,1,已售/已满,已售,多云,19,17,4,0.0,79,32
2026-05-21 10:20:38,2026-05-22,4,羽毛球馆-7号,12:55-13:50,1,1,已售/已满,已售,多云,19,17,4,0.0,79,32
2026-05-21 10:30:41,2026-05-22,4,羽毛球馆-7号,12:55-13:50,1,1,已售/已满,已售,多云,19,18,3,0.0,78,31
2026-05-21 11:00:44,2026-05-22,4,羽毛球馆-7号,12:55-13:50,1,1,已售/已满,已售,多云,21,17,5,0.0,74,31
2026-05-21 11:30:38,2026-05-22,4,羽毛球馆-7号,12:55-13:50,1,1,已售/已满,已售,多云,21,19,3,0.0,72,33
2026-05-21 12:00:46,2026-05-22,4,羽毛球馆-7号,12:55-13:50,1,1,已售/已满,已售,多云,22,19,4,0.0,70,33
2026-05-21 12:30:42,2026-05-22,4,羽毛球馆-7号,12:55-13:50,1,1,已售/已满,已售,多云,22,21,3,0.0,68,35
2026-05-21 13:00:43,2026-05-22,4,羽毛球馆-7号,12:55-13:50,1,1,已售/已满,已售,多云,24,22,4,0.0,66,35
2026-05-21 13:30:43,2026-05-22,4,羽毛球馆-7号,12:55-13:50,1,1,已售/已满,已售,多云,24,22,4,0.0,66,36
2026-05-21 14:00:48,2026-05-22,4,羽毛球馆-7号,12:55-13:50,1,1,已售/已满,已售,多云,25,23,4,0.0,66,36
2026-05-21 14:30:45,2026-05-22,4,羽毛球馆-7号,12:55-13:50,1,1,已售/已满,已售,晴,25,25,3,0.0,65,39
2026-05-21 15:00:45,2026-05-22,4,羽毛球馆-7号,12:55-13:50,1,1,已售/已满,已售,晴,25,22,4,0.0,56,39
2026-05-21 15:30:43,2026-05-22,4,羽毛球馆-7号,12:55-13:50,1,1,已售/已满,已售,晴,25,23,4,0.0,57,40
2026-05-21 16:00:51,2026-05-22,4,羽毛球馆-7号,12:55-13:50,1,1,已售/已满,已售,晴,25,23,4,0.0,57,40
2026-05-21 16:30:48,2026-05-22,4,羽毛球馆-7号,12:55-13:50,1,1,已售/已满,已售,晴,25,24,3,0.0,60,39
2026-05-21 17:00:49,2026-05-22,4,羽毛球馆-7号,12:55-13:50,1,1,已售/已满,已售,晴,25,24,4,0.0,61,39
2026-05-21 17:30:47,2026-05-22,4,羽毛球馆-7号,12:55-13:50,1,1,已售/已满,已售,多云,24,23,3,0.0,64,39
2026-05-21 18:00:50,2026-05-22,4,羽毛球馆-7号,12:55-13:50,1,1,已售/已满,已售,多云,24,23,3,0.0,68,39
2026-05-21 18:30:50,2026-05-22,4,羽毛球馆-7号,12:55-13:50,1,1,已售/已满,已售,阴,24,25,2,0.0,68,40
2026-05-21 19:00:50,2026-05-22,4,羽毛球馆-7号,12:55-13:50,1,1,已售/已满,已售,阴,23,23,3,0.0,76,40
2026-05-21 19:30:46,2026-05-22,4,羽毛球馆-7号,12:55-13:50,1,1,已售/已满,已售,阴,23,24,2,0.0,77,39
2026-05-21 20:00:49,2026-05-22,4,羽毛球馆-7号,12:55-13:50,1,1,已售/已满,已售,雾,22,23,2,0.0,89,39
2026-05-21 20:30:44,2026-05-22,4,羽毛球馆-7号,12:55-13:50,1,1,已售/已满,已售,雾,22,24,2,0.0,93,43
2026-05-21 21:00:56,2026-05-22,4,羽毛球馆-7号,12:55-13:50,1,1,已售/已满,已售,雾,20,21,2,0.0,98,43
2026-05-21 21:30:46,2026-05-22,4,羽毛球馆-7号,12:55-13:50,1,1,已售/已满,已售,雾,20,22,1,0.0,99,41
2026-05-21 22:01:02,2026-05-22,4,羽毛球馆-7号,12:55-13:50,1,1,已售/已满,已售,雾,19,20,2,0.0,93,41
2026-05-21 22:30:47,2026-05-22,4,羽毛球馆-7号,12:55-13:50,1,1,已售/已满,已售,雾,19,19,3,0.0,88,46
2026-05-21 23:00:56,2026-05-22,4,羽毛球馆-7号,12:55-13:50,1,1,已售/已满,已售,多云,18,17,3,0.0,85,46
2026-05-21 23:30:55,2026-05-22,4,羽毛球馆-7号,12:55-13:50,1,1,已售/已满,已售,多云,18,17,3,0.0,85,48
2026-05-21 08:00:45,2026-05-22,4,羽毛球馆-7号,14:00-15:00,1,1,已售/已满,教学时间,晴,17,12,5,0.0,86,29
2026-05-21 08:02:30,2026-05-22,4,羽毛球馆-7号,14:00-15:00,1,1,已售/已满,教学时间,多云,17,12,5,0.0,87,29
2026-05-21 08:05:36,2026-05-22,4,羽毛球馆-7号,14:00-15:00,1,1,已售/已满,教学时间,多云,17,12,5,0.0,86,29
2026-05-21 08:08:31,2026-05-22,4,羽毛球馆-7号,14:00-15:00,1,1,已售/已满,教学时间,多云,17,12,5,0.0,86,29
2026-05-21 08:11:30,2026-05-22,4,羽毛球馆-7号,14:00-15:00,1,1,已售/已满,教学时间,多云,17,12,5,0.0,86,29
2026-05-21 08:14:31,2026-05-22,4,羽毛球馆-7号,14:00-15:00,1,1,已售/已满,教学时间,多云,17,12,5,0.0,86,29
2026-05-21 08:17:30,2026-05-22,4,羽毛球馆-7号,14:00-15:00,1,1,已售/已满,教学时间,多云,17,12,5,0.0,86,29
2026-05-21 08:20:35,2026-05-22,4,羽毛球馆-7号,14:00-15:00,1,1,已售/已满,教学时间,多云,17,14,4,0.0,85,29
2026-05-21 08:25:32,2026-05-22,4,羽毛球馆-7号,14:00-15:00,1,1,已售/已满,教学时间,多云,17,14,4,0.0,85,28
2026-05-21 08:30:42,2026-05-22,4,羽毛球馆-7号,14:00-15:00,1,1,已售/已满,教学时间,多云,18,15,4,0.0,84,28
2026-05-21 08:35:31,2026-05-22,4,羽毛球馆-7号,14:00-15:00,1,1,已售/已满,教学时间,多云,18,15,4,0.0,84,28
2026-05-21 08:40:38,2026-05-22,4,羽毛球馆-7号,14:00-15:00,1,1,已售/已满,教学时间,多云,18,15,4,0.0,82,28
2026-05-21 08:45:33,2026-05-22,4,羽毛球馆-7号,14:00-15:00,1,1,已售/已满,教学时间,多云,18,15,4,0.0,82,28
2026-05-21 08:50:36,2026-05-22,4,羽毛球馆-7号,14:00-15:00,1,1,已售/已满,教学时间,多云,18,15,4,0.0,82,28
2026-05-21 08:55:34,2026-05-22,4,羽毛球馆-7号,14:00-15:00,1,1,已售/已满,教学时间,多云,18,15,4,0.0,84,28
2026-05-21 09:00:51,2026-05-22,4,羽毛球馆-7号,14:00-15:00,1,1,已售/已满,教学时间,多云,18,15,4,0.0,84,28
2026-05-21 09:01:59,2026-05-22,4,羽毛球馆-7号,14:00-15:00,1,1,已售/已满,教学时间,多云,18,15,4,0.0,83,28
2026-05-21 09:05:33,2026-05-22,4,羽毛球馆-7号,14:00-15:00,1,1,已售/已满,教学时间,多云,18,15,4,0.0,83,28
2026-05-21 09:20:38,2026-05-22,4,羽毛球馆-7号,14:00-15:00,1,1,已售/已满,教学时间,多云,18,16,3,0.0,81,28
2026-05-21 09:30:46,2026-05-22,4,羽毛球馆-7号,14:00-15:00,1,1,已售/已满,教学时间,多云,18,16,3,0.0,81,32
2026-05-21 09:40:36,2026-05-22,4,羽毛球馆-7号,14:00-15:00,1,1,已售/已满,教学时间,多云,19,17,3,0.0,79,32
2026-05-21 09:50:42,2026-05-22,4,羽毛球馆-7号,14:00-15:00,1,1,已售/已满,教学时间,多云,19,17,4,0.0,81,32
2026-05-21 10:00:46,2026-05-22,4,羽毛球馆-7号,14:00-15:00,1,1,已售/已满,教学时间,多云,19,17,4,0.0,79,32
2026-05-21 10:10:40,2026-05-22,4,羽毛球馆-7号,14:00-15:00,1,1,已售/已满,教学时间,多云,19,17,4,0.0,79,32
2026-05-21 10:20:38,2026-05-22,4,羽毛球馆-7号,14:00-15:00,1,1,已售/已满,教学时间,多云,19,17,4,0.0,79,32
2026-05-21 10:30:41,2026-05-22,4,羽毛球馆-7号,14:00-15:00,1,1,已售/已满,教学时间,多云,19,18,3,0.0,78,31
2026-05-21 11:00:44,2026-05-22,4,羽毛球馆-7号,14:00-15:00,1,1,已售/已满,教学时间,多云,21,17,5,0.0,74,31
2026-05-21 11:30:38,2026-05-22,4,羽毛球馆-7号,14:00-15:00,1,1,已售/已满,教学时间,多云,21,19,3,0.0,72,33
2026-05-21 12:00:46,2026-05-22,4,羽毛球馆-7号,14:00-15:00,1,1,已售/已满,教学时间,多云,22,19,4,0.0,70,33
2026-05-21 12:30:42,2026-05-22,4,羽毛球馆-7号,14:00-15:00,1,1,已售/已满,教学时间,多云,22,21,3,0.0,68,35
2026-05-21 13:00:43,2026-05-22,4,羽毛球馆-7号,14:00-15:00,1,1,已售/已满,教学时间,多云,24,22,4,0.0,66,35
2026-05-21 13:30:43,2026-05-22,4,羽毛球馆-7号,14:00-15:00,1,1,已售/已满,教学时间,多云,24,22,4,0.0,66,36
2026-05-21 14:00:48,2026-05-22,4,羽毛球馆-7号,14:00-15:00,1,1,已售/已满,教学时间,多云,25,23,4,0.0,66,36
2026-05-21 14:30:45,2026-05-22,4,羽毛球馆-7号,14:00-15:00,1,1,已售/已满,教学时间,晴,25,25,3,0.0,65,39
2026-05-21 15:00:45,2026-05-22,4,羽毛球馆-7号,14:00-15:00,1,1,已售/已满,教学时间,晴,25,22,4,0.0,56,39
2026-05-21 15:30:43,2026-05-22,4,羽毛球馆-7号,14:00-15:00,1,1,已售/已满,教学时间,晴,25,23,4,0.0,57,40
2026-05-21 16:00:51,2026-05-22,4,羽毛球馆-7号,14:00-15:00,1,1,已售/已满,教学时间,晴,25,23,4,0.0,57,40
2026-05-21 16:30:48,2026-05-22,4,羽毛球馆-7号,14:00-15:00,1,1,已售/已满,教学时间,晴,25,24,3,0.0,60,39
2026-05-21 17:00:49,2026-05-22,4,羽毛球馆-7号,14:00-15:00,1,1,已售/已满,教学时间,晴,25,24,4,0.0,61,39
2026-05-21 17:30:47,2026-05-22,4,羽毛球馆-7号,14:00-15:00,1,1,已售/已满,教学时间,多云,24,23,3,0.0,64,39
2026-05-21 18:00:50,2026-05-22,4,羽毛球馆-7号,14:00-15:00,1,1,已售/已满,教学时间,多云,24,23,3,0.0,68,39
2026-05-21 18:30:50,2026-05-22,4,羽毛球馆-7号,14:00-15:00,1,1,已售/已满,教学时间,阴,24,25,2,0.0,68,40
2026-05-21 19:00:50,2026-05-22,4,羽毛球馆-7号,14:00-15:00,1,1,已售/已满,教学时间,阴,23,23,3,0.0,76,40
2026-05-21 19:30:46,2026-05-22,4,羽毛球馆-7号,14:00-15:00,1,1,已售/已满,教学时间,阴,23,24,2,0.0,77,39
2026-05-21 20:00:49,2026-05-22,4,羽毛球馆-7号,14:00-15:00,1,1,已售/已满,教学时间,雾,22,23,2,0.0,89,39
2026-05-21 20:30:44,2026-05-22,4,羽毛球馆-7号,14:00-15:00,1,1,已售/已满,教学时间,雾,22,24,2,0.0,93,43
2026-05-21 21:00:56,2026-05-22,4,羽毛球馆-7号,14:00-15:00,1,1,已售/已满,教学时间,雾,20,21,2,0.0,98,43
2026-05-21 21:30:46,2026-05-22,4,羽毛球馆-7号,14:00-15:00,1,1,已售/已满,教学时间,雾,20,22,1,0.0,99,41
2026-05-21 22:01:02,2026-05-22,4,羽毛球馆-7号,14:00-15:00,1,1,已售/已满,教学时间,雾,19,20,2,0.0,93,41
2026-05-21 22:30:47,2026-05-22,4,羽毛球馆-7号,14:00-15:00,1,1,已售/已满,教学时间,雾,19,19,3,0.0,88,46
2026-05-21 23:00:56,2026-05-22,4,羽毛球馆-7号,14:00-15:00,1,1,已售/已满,教学时间,多云,18,17,3,0.0,85,46
2026-05-21 23:30:55,2026-05-22,4,羽毛球馆-7号,14:00-15:00,1,1,已售/已满,教学时间,多云,18,17,3,0.0,85,48
2026-05-21 08:00:45,2026-05-22,4,羽毛球馆-7号,15:00-16:00,1,1,已售/已满,教学时间,晴,17,12,5,0.0,86,29
2026-05-21 08:02:30,2026-05-22,4,羽毛球馆-7号,15:00-16:00,1,1,已售/已满,教学时间,多云,17,12,5,0.0,87,29
2026-05-21 08:05:36,2026-05-22,4,羽毛球馆-7号,15:00-16:00,1,1,已售/已满,教学时间,多云,17,12,5,0.0,86,29
2026-05-21 08:08:31,2026-05-22,4,羽毛球馆-7号,15:00-16:00,1,1,已售/已满,教学时间,多云,17,12,5,0.0,86,29
2026-05-21 08:11:30,2026-05-22,4,羽毛球馆-7号,15:00-16:00,1,1,已售/已满,教学时间,多云,17,12,5,0.0,86,29
2026-05-21 08:14:31,2026-05-22,4,羽毛球馆-7号,15:00-16:00,1,1,已售/已满,教学时间,多云,17,12,5,0.0,86,29
2026-05-21 08:17:30,2026-05-22,4,羽毛球馆-7号,15:00-16:00,1,1,已售/已满,教学时间,多云,17,12,5,0.0,86,29
2026-05-21 08:20:35,2026-05-22,4,羽毛球馆-7号,15:00-16:00,1,1,已售/已满,教学时间,多云,17,14,4,0.0,85,29
2026-05-21 08:25:32,2026-05-22,4,羽毛球馆-7号,15:00-16:00,1,1,已售/已满,教学时间,多云,17,14,4,0.0,85,28
2026-05-21 08:30:42,2026-05-22,4,羽毛球馆-7号,15:00-16:00,1,1,已售/已满,教学时间,多云,18,15,4,0.0,84,28
2026-05-21 08:35:31,2026-05-22,4,羽毛球馆-7号,15:00-16:00,1,1,已售/已满,教学时间,多云,18,15,4,0.0,84,28
2026-05-21 08:40:38,2026-05-22,4,羽毛球馆-7号,15:00-16:00,1,1,已售/已满,教学时间,多云,18,15,4,0.0,82,28
2026-05-21 08:45:33,2026-05-22,4,羽毛球馆-7号,15:00-16:00,1,1,已售/已满,教学时间,多云,18,15,4,0.0,82,28
2026-05-21 08:50:36,2026-05-22,4,羽毛球馆-7号,15:00-16:00,1,1,已售/已满,教学时间,多云,18,15,4,0.0,82,28
2026-05-21 08:55:34,2026-05-22,4,羽毛球馆-7号,15:00-16:00,1,1,已售/已满,教学时间,多云,18,15,4,0.0,84,28
2026-05-21 09:00:51,2026-05-22,4,羽毛球馆-7号,15:00-16:00,1,1,已售/已满,教学时间,多云,18,15,4,0.0,84,28
2026-05-21 09:01:59,2026-05-22,4,羽毛球馆-7号,15:00-16:00,1,1,已售/已满,教学时间,多云,18,15,4,0.0,83,28
2026-05-21 09:05:33,2026-05-22,4,羽毛球馆-7号,15:00-16:00,1,1,已售/已满,教学时间,多云,18,15,4,0.0,83,28
2026-05-21 09:20:38,2026-05-22,4,羽毛球馆-7号,15:00-16:00,1,1,已售/已满,教学时间,多云,18,16,3,0.0,81,28
2026-05-21 09:30:46,2026-05-22,4,羽毛球馆-7号,15:00-16:00,1,1,已售/已满,教学时间,多云,18,16,3,0.0,81,32
2026-05-21 09:40:36,2026-05-22,4,羽毛球馆-7号,15:00-16:00,1,1,已售/已满,教学时间,多云,19,17,3,0.0,79,32
2026-05-21 09:50:42,2026-05-22,4,羽毛球馆-7号,15:00-16:00,1,1,已售/已满,教学时间,多云,19,17,4,0.0,81,32
2026-05-21 10:00:46,2026-05-22,4,羽毛球馆-7号,15:00-16:00,1,1,已售/已满,教学时间,多云,19,17,4,0.0,79,32
2026-05-21 10:10:40,2026-05-22,4,羽毛球馆-7号,15:00-16:00,1,1,已售/已满,教学时间,多云,19,17,4,0.0,79,32
2026-05-21 10:20:38,2026-05-22,4,羽毛球馆-7号,15:00-16:00,1,1,已售/已满,教学时间,多云,19,17,4,0.0,79,32
2026-05-21 10:30:41,2026-05-22,4,羽毛球馆-7号,15:00-16:00,1,1,已售/已满,教学时间,多云,19,18,3,0.0,78,31
2026-05-21 11:00:44,2026-05-22,4,羽毛球馆-7号,15:00-16:00,1,1,已售/已满,教学时间,多云,21,17,5,0.0,74,31
2026-05-21 11:30:38,2026-05-22,4,羽毛球馆-7号,15:00-16:00,1,1,已售/已满,教学时间,多云,21,19,3,0.0,72,33
2026-05-21 12:00:46,2026-05-22,4,羽毛球馆-7号,15:00-16:00,1,1,已售/已满,教学时间,多云,22,19,4,0.0,70,33
2026-05-21 12:30:42,2026-05-22,4,羽毛球馆-7号,15:00-16:00,1,1,已售/已满,教学时间,多云,22,21,3,0.0,68,35
2026-05-21 13:00:43,2026-05-22,4,羽毛球馆-7号,15:00-16:00,1,1,已售/已满,教学时间,多云,24,22,4,0.0,66,35
2026-05-21 13:30:43,2026-05-22,4,羽毛球馆-7号,15:00-16:00,1,1,已售/已满,教学时间,多云,24,22,4,0.0,66,36
2026-05-21 14:00:48,2026-05-22,4,羽毛球馆-7号,15:00-16:00,1,1,已售/已满,教学时间,多云,25,23,4,0.0,66,36
2026-05-21 14:30:45,2026-05-22,4,羽毛球馆-7号,15:00-16:00,1,1,已售/已满,教学时间,晴,25,25,3,0.0,65,39
2026-05-21 15:00:45,2026-05-22,4,羽毛球馆-7号,15:00-16:00,1,1,已售/已满,教学时间,晴,25,22,4,0.0,56,39
2026-05-21 15:30:43,2026-05-22,4,羽毛球馆-7号,15:00-16:00,1,1,已售/已满,教学时间,晴,25,23,4,0.0,57,40
2026-05-21 16:00:51,2026-05-22,4,羽毛球馆-7号,15:00-16:00,1,1,已售/已满,教学时间,晴,25,23,4,0.0,57,40
2026-05-21 16:30:48,2026-05-22,4,羽毛球馆-7号,15:00-16:00,1,1,已售/已满,教学时间,晴,25,24,3,0.0,60,39
2026-05-21 17:00:49,2026-05-22,4,羽毛球馆-7号,15:00-16:00,1,1,已售/已满,教学时间,晴,25,24,4,0.0,61,39
2026-05-21 17:30:47,2026-05-22,4,羽毛球馆-7号,15:00-16:00,1,1,已售/已满,教学时间,多云,24,23,3,0.0,64,39
2026-05-21 18:00:50,2026-05-22,4,羽毛球馆-7号,15:00-16:00,1,1,已售/已满,教学时间,多云,24,23,3,0.0,68,39
2026-05-21 18:30:50,2026-05-22,4,羽毛球馆-7号,15:00-16:00,1,1,已售/已满,教学时间,阴,24,25,2,0.0,68,40
2026-05-21 19:00:50,2026-05-22,4,羽毛球馆-7号,15:00-16:00,1,1,已售/已满,教学时间,阴,23,23,3,0.0,76,40
2026-05-21 19:30:46,2026-05-22,4,羽毛球馆-7号,15:00-16:00,1,1,已售/已满,教学时间,阴,23,24,2,0.0,77,39
2026-05-21 20:00:49,2026-05-22,4,羽毛球馆-7号,15:00-16:00,1,1,已售/已满,教学时间,雾,22,23,2,0.0,89,39
2026-05-21 20:30:44,2026-05-22,4,羽毛球馆-7号,15:00-16:00,1,1,已售/已满,教学时间,雾,22,24,2,0.0,93,43
2026-05-21 21:00:56,2026-05-22,4,羽毛球馆-7号,15:00-16:00,1,1,已售/已满,教学时间,雾,20,21,2,0.0,98,43
2026-05-21 21:30:46,2026-05-22,4,羽毛球馆-7号,15:00-16:00,1,1,已售/已满,教学时间,雾,20,22,1,0.0,99,41
2026-05-21 22:01:02,2026-05-22,4,羽毛球馆-7号,15:00-16:00,1,1,已售/已满,教学时间,雾,19,20,2,0.0,93,41
2026-05-21 22:30:47,2026-05-22,4,羽毛球馆-7号,15:00-16:00,1,1,已售/已满,教学时间,雾,19,19,3,0.0,88,46
2026-05-21 23:00:56,2026-05-22,4,羽毛球馆-7号,15:00-16:00,1,1,已售/已满,教学时间,多云,18,17,3,0.0,85,46
2026-05-21 23:30:55,2026-05-22,4,羽毛球馆-7号,15:00-16:00,1,1,已售/已满,教学时间,多云,18,17,3,0.0,85,48
2026-05-21 08:00:45,2026-05-22,4,羽毛球馆-7号,16:00-17:00,0,1,可预约,￥12.0,晴,17,12,5,0.0,86,29
2026-05-21 08:02:30,2026-05-22,4,羽毛球馆-7号,16:00-17:00,0,1,可预约,￥12.0,多云,17,12,5,0.0,87,29
2026-05-21 08:05:36,2026-05-22,4,羽毛球馆-7号,16:00-17:00,0,1,可预约,￥12.0,多云,17,12,5,0.0,86,29
2026-05-21 08:08:31,2026-05-22,4,羽毛球馆-7号,16:00-17:00,0,1,可预约,￥12.0,多云,17,12,5,0.0,86,29
2026-05-21 08:11:30,2026-05-22,4,羽毛球馆-7号,16:00-17:00,0,1,可预约,￥12.0,多云,17,12,5,0.0,86,29
2026-05-21 08:14:31,2026-05-22,4,羽毛球馆-7号,16:00-17:00,0,1,可预约,￥12.0,多云,17,12,5,0.0,86,29
2026-05-21 08:17:30,2026-05-22,4,羽毛球馆-7号,16:00-17:00,0,1,可预约,￥12.0,多云,17,12,5,0.0,86,29
2026-05-21 08:20:35,2026-05-22,4,羽毛球馆-7号,16:00-17:00,0,1,可预约,￥12.0,多云,17,14,4,0.0,85,29
2026-05-21 08:25:32,2026-05-22,4,羽毛球馆-7号,16:00-17:00,0,1,可预约,￥12.0,多云,17,14,4,0.0,85,28
2026-05-21 08:30:42,2026-05-22,4,羽毛球馆-7号,16:00-17:00,0,1,可预约,￥12.0,多云,18,15,4,0.0,84,28
2026-05-21 08:35:31,2026-05-22,4,羽毛球馆-7号,16:00-17:00,0,1,可预约,￥12.0,多云,18,15,4,0.0,84,28
2026-05-21 08:40:38,2026-05-22,4,羽毛球馆-7号,16:00-17:00,0,1,可预约,￥12.0,多云,18,15,4,0.0,82,28
2026-05-21 08:45:33,2026-05-22,4,羽毛球馆-7号,16:00-17:00,0,1,可预约,￥12.0,多云,18,15,4,0.0,82,28
2026-05-21 08:50:36,2026-05-22,4,羽毛球馆-7号,16:00-17:00,0,1,可预约,￥12.0,多云,18,15,4,0.0,82,28
2026-05-21 08:55:34,2026-05-22,4,羽毛球馆-7号,16:00-17:00,0,1,可预约,￥12.0,多云,18,15,4,0.0,84,28
2026-05-21 09:00:51,2026-05-22,4,羽毛球馆-7号,16:00-17:00,0,1,可预约,￥12.0,多云,18,15,4,0.0,84,28
2026-05-21 09:01:59,2026-05-22,4,羽毛球馆-7号,16:00-17:00,0,1,可预约,￥12.0,多云,18,15,4,0.0,83,28
2026-05-21 09:05:33,2026-05-22,4,羽毛球馆-7号,16:00-17:00,0,1,可预约,￥12.0,多云,18,15,4,0.0,83,28
2026-05-21 09:20:38,2026-05-22,4,羽毛球馆-7号,16:00-17:00,1,1,已售/已满,已售,多云,18,16,3,0.0,81,28
2026-05-21 09:30:46,2026-05-22,4,羽毛球馆-7号,16:00-17:00,1,1,已售/已满,已售,多云,18,16,3,0.0,81,32
2026-05-21 09:40:36,2026-05-22,4,羽毛球馆-7号,16:00-17:00,1,1,已售/已满,已售,多云,19,17,3,0.0,79,32
2026-05-21 09:50:42,2026-05-22,4,羽毛球馆-7号,16:00-17:00,1,1,已售/已满,已售,多云,19,17,4,0.0,81,32
2026-05-21 10:00:46,2026-05-22,4,羽毛球馆-7号,16:00-17:00,1,1,已售/已满,已售,多云,19,17,4,0.0,79,32
2026-05-21 10:10:40,2026-05-22,4,羽毛球馆-7号,16:00-17:00,1,1,已售/已满,已售,多云,19,17,4,0.0,79,32
2026-05-21 10:20:38,2026-05-22,4,羽毛球馆-7号,16:00-17:00,1,1,已售/已满,已售,多云,19,17,4,0.0,79,32
2026-05-21 10:30:41,2026-05-22,4,羽毛球馆-7号,16:00-17:00,1,1,已售/已满,已售,多云,19,18,3,0.0,78,31
2026-05-21 11:00:44,2026-05-22,4,羽毛球馆-7号,16:00-17:00,1,1,已售/已满,已售,多云,21,17,5,0.0,74,31
2026-05-21 11:30:38,2026-05-22,4,羽毛球馆-7号,16:00-17:00,1,1,已售/已满,已售,多云,21,19,3,0.0,72,33
2026-05-21 12:00:46,2026-05-22,4,羽毛球馆-7号,16:00-17:00,1,1,已售/已满,已售,多云,22,19,4,0.0,70,33
2026-05-21 12:30:42,2026-05-22,4,羽毛球馆-7号,16:00-17:00,1,1,已售/已满,已售,多云,22,21,3,0.0,68,35
2026-05-21 13:00:43,2026-05-22,4,羽毛球馆-7号,16:00-17:00,1,1,已售/已满,已售,多云,24,22,4,0.0,66,35
2026-05-21 13:30:43,2026-05-22,4,羽毛球馆-7号,16:00-17:00,1,1,已售/已满,已售,多云,24,22,4,0.0,66,36
2026-05-21 14:00:48,2026-05-22,4,羽毛球馆-7号,16:00-17:00,1,1,已售/已满,已售,多云,25,23,4,0.0,66,36
2026-05-21 14:30:45,2026-05-22,4,羽毛球馆-7号,16:00-17:00,1,1,已售/已满,已售,晴,25,25,3,0.0,65,39
2026-05-21 15:00:45,2026-05-22,4,羽毛球馆-7号,16:00-17:00,1,1,已售/已满,已售,晴,25,22,4,0.0,56,39
2026-05-21 15:30:43,2026-05-22,4,羽毛球馆-7号,16:00-17:00,1,1,已售/已满,已售,晴,25,23,4,0.0,57,40
2026-05-21 16:00:51,2026-05-22,4,羽毛球馆-7号,16:00-17:00,1,1,已售/已满,已售,晴,25,23,4,0.0,57,40
2026-05-21 16:30:48,2026-05-22,4,羽毛球馆-7号,16:00-17:00,1,1,已售/已满,已售,晴,25,24,3,0.0,60,39
2026-05-21 17:00:49,2026-05-22,4,羽毛球馆-7号,16:00-17:00,1,1,已售/已满,已售,晴,25,24,4,0.0,61,39
2026-05-21 17:30:47,2026-05-22,4,羽毛球馆-7号,16:00-17:00,1,1,已售/已满,已售,多云,24,23,3,0.0,64,39
2026-05-21 18:00:50,2026-05-22,4,羽毛球馆-7号,16:00-17:00,1,1,已售/已满,已售,多云,24,23,3,0.0,68,39
2026-05-21 18:30:50,2026-05-22,4,羽毛球馆-7号,16:00-17:00,1,1,已售/已满,已售,阴,24,25,2,0.0,68,40
2026-05-21 19:00:50,2026-05-22,4,羽毛球馆-7号,16:00-17:00,1,1,已售/已满,已售,阴,23,23,3,0.0,76,40
2026-05-21 19:30:46,2026-05-22,4,羽毛球馆-7号,16:00-17:00,1,1,已售/已满,已售,阴,23,24,2,0.0,77,39
2026-05-21 20:00:49,2026-05-22,4,羽毛球馆-7号,16:00-17:00,1,1,已售/已满,已售,雾,22,23,2,0.0,89,39
2026-05-21 20:30:44,2026-05-22,4,羽毛球馆-7号,16:00-17:00,1,1,已售/已满,已售,雾,22,24,2,0.0,93,43
2026-05-21 21:00:56,2026-05-22,4,羽毛球馆-7号,16:00-17:00,1,1,已售/已满,已售,雾,20,21,2,0.0,98,43
2026-05-21 21:30:46,2026-05-22,4,羽毛球馆-7号,16:00-17:00,1,1,已售/已满,已售,雾,20,22,1,0.0,99,41
2026-05-21 22:01:02,2026-05-22,4,羽毛球馆-7号,16:00-17:00,1,1,已售/已满,已售,雾,19,20,2,0.0,93,41
2026-05-21 22:30:47,2026-05-22,4,羽毛球馆-7号,16:00-17:00,1,1,已售/已满,已售,雾,19,19,3,0.0,88,46
2026-05-21 23:00:56,2026-05-22,4,羽毛球馆-7号,16:00-17:00,1,1,已售/已满,已售,多云,18,17,3,0.0,85,46
2026-05-21 23:30:55,2026-05-22,4,羽毛球馆-7号,16:00-17:00,1,1,已售/已满,已售,多云,18,17,3,0.0,85,48
2026-05-21 08:00:45,2026-05-22,4,羽毛球馆-7号,17:00-18:00,0,1,可预约,￥12.0,晴,17,12,5,0.0,86,29
2026-05-21 08:02:30,2026-05-22,4,羽毛球馆-7号,17:00-18:00,0,1,可预约,￥12.0,多云,17,12,5,0.0,87,29
2026-05-21 08:05:36,2026-05-22,4,羽毛球馆-7号,17:00-18:00,0,1,可预约,￥12.0,多云,17,12,5,0.0,86,29
2026-05-21 08:08:31,2026-05-22,4,羽毛球馆-7号,17:00-18:00,0,1,可预约,￥12.0,多云,17,12,5,0.0,86,29
2026-05-21 08:11:30,2026-05-22,4,羽毛球馆-7号,17:00-18:00,0,1,可预约,￥12.0,多云,17,12,5,0.0,86,29
2026-05-21 08:14:31,2026-05-22,4,羽毛球馆-7号,17:00-18:00,0,1,可预约,￥12.0,多云,17,12,5,0.0,86,29
2026-05-21 08:17:30,2026-05-22,4,羽毛球馆-7号,17:00-18:00,0,1,可预约,￥12.0,多云,17,12,5,0.0,86,29
2026-05-21 08:20:35,2026-05-22,4,羽毛球馆-7号,17:00-18:00,1,1,已售/已满,已售,多云,17,14,4,0.0,85,29
2026-05-21 08:25:32,2026-05-22,4,羽毛球馆-7号,17:00-18:00,1,1,已售/已满,已售,多云,17,14,4,0.0,85,28
2026-05-21 08:30:42,2026-05-22,4,羽毛球馆-7号,17:00-18:00,1,1,已售/已满,已售,多云,18,15,4,0.0,84,28
2026-05-21 08:35:31,2026-05-22,4,羽毛球馆-7号,17:00-18:00,1,1,已售/已满,已售,多云,18,15,4,0.0,84,28
2026-05-21 08:40:38,2026-05-22,4,羽毛球馆-7号,17:00-18:00,1,1,已售/已满,已售,多云,18,15,4,0.0,82,28
2026-05-21 08:45:33,2026-05-22,4,羽毛球馆-7号,17:00-18:00,1,1,已售/已满,已售,多云,18,15,4,0.0,82,28
2026-05-21 08:50:36,2026-05-22,4,羽毛球馆-7号,17:00-18:00,1,1,已售/已满,已售,多云,18,15,4,0.0,82,28
2026-05-21 08:55:34,2026-05-22,4,羽毛球馆-7号,17:00-18:00,1,1,已售/已满,已售,多云,18,15,4,0.0,84,28
2026-05-21 09:00:51,2026-05-22,4,羽毛球馆-7号,17:00-18:00,1,1,已售/已满,已售,多云,18,15,4,0.0,84,28
2026-05-21 09:01:59,2026-05-22,4,羽毛球馆-7号,17:00-18:00,1,1,已售/已满,已售,多云,18,15,4,0.0,83,28
2026-05-21 09:05:33,2026-05-22,4,羽毛球馆-7号,17:00-18:00,1,1,已售/已满,已售,多云,18,15,4,0.0,83,28
2026-05-21 09:20:38,2026-05-22,4,羽毛球馆-7号,17:00-18:00,1,1,已售/已满,已售,多云,18,16,3,0.0,81,28
2026-05-21 09:30:46,2026-05-22,4,羽毛球馆-7号,17:00-18:00,1,1,已售/已满,已售,多云,18,16,3,0.0,81,32
2026-05-21 09:40:36,2026-05-22,4,羽毛球馆-7号,17:00-18:00,1,1,已售/已满,已售,多云,19,17,3,0.0,79,32
2026-05-21 09:50:42,2026-05-22,4,羽毛球馆-7号,17:00-18:00,1,1,已售/已满,已售,多云,19,17,4,0.0,81,32
2026-05-21 10:00:46,2026-05-22,4,羽毛球馆-7号,17:00-18:00,1,1,已售/已满,已售,多云,19,17,4,0.0,79,32
2026-05-21 10:10:40,2026-05-22,4,羽毛球馆-7号,17:00-18:00,1,1,已售/已满,已售,多云,19,17,4,0.0,79,32
2026-05-21 10:20:38,2026-05-22,4,羽毛球馆-7号,17:00-18:00,1,1,已售/已满,已售,多云,19,17,4,0.0,79,32
2026-05-21 10:30:41,2026-05-22,4,羽毛球馆-7号,17:00-18:00,1,1,已售/已满,已售,多云,19,18,3,0.0,78,31
2026-05-21 11:00:44,2026-05-22,4,羽毛球馆-7号,17:00-18:00,1,1,已售/已满,已售,多云,21,17,5,0.0,74,31
2026-05-21 11:30:38,2026-05-22,4,羽毛球馆-7号,17:00-18:00,1,1,已售/已满,已售,多云,21,19,3,0.0,72,33
2026-05-21 12:00:46,2026-05-22,4,羽毛球馆-7号,17:00-18:00,1,1,已售/已满,已售,多云,22,19,4,0.0,70,33
2026-05-21 12:30:42,2026-05-22,4,羽毛球馆-7号,17:00-18:00,1,1,已售/已满,已售,多云,22,21,3,0.0,68,35
2026-05-21 13:00:43,2026-05-22,4,羽毛球馆-7号,17:00-18:00,1,1,已售/已满,已售,多云,24,22,4,0.0,66,35
2026-05-21 13:30:43,2026-05-22,4,羽毛球馆-7号,17:00-18:00,1,1,已售/已满,已售,多云,24,22,4,0.0,66,36
2026-05-21 14:00:48,2026-05-22,4,羽毛球馆-7号,17:00-18:00,1,1,已售/已满,已售,多云,25,23,4,0.0,66,36
2026-05-21 14:30:45,2026-05-22,4,羽毛球馆-7号,17:00-18:00,1,1,已售/已满,已售,晴,25,25,3,0.0,65,39
2026-05-21 15:00:45,2026-05-22,4,羽毛球馆-7号,17:00-18:00,1,1,已售/已满,已售,晴,25,22,4,0.0,56,39
2026-05-21 15:30:43,2026-05-22,4,羽毛球馆-7号,17:00-18:00,1,1,已售/已满,已售,晴,25,23,4,0.0,57,40
2026-05-21 16:00:51,2026-05-22,4,羽毛球馆-7号,17:00-18:00,1,1,已售/已满,已售,晴,25,23,4,0.0,57,40
2026-05-21 16:30:48,2026-05-22,4,羽毛球馆-7号,17:00-18:00,1,1,已售/已满,已售,晴,25,24,3,0.0,60,39
2026-05-21 17:00:49,2026-05-22,4,羽毛球馆-7号,17:00-18:00,1,1,已售/已满,已售,晴,25,24,4,0.0,61,39
2026-05-21 17:30:47,2026-05-22,4,羽毛球馆-7号,17:00-18:00,1,1,已售/已满,已售,多云,24,23,3,0.0,64,39
2026-05-21 18:00:50,2026-05-22,4,羽毛球馆-7号,17:00-18:00,1,1,已售/已满,已售,多云,24,23,3,0.0,68,39
2026-05-21 18:30:50,2026-05-22,4,羽毛球馆-7号,17:00-18:00,1,1,已售/已满,已售,阴,24,25,2,0.0,68,40
2026-05-21 19:00:50,2026-05-22,4,羽毛球馆-7号,17:00-18:00,1,1,已售/已满,已售,阴,23,23,3,0.0,76,40
2026-05-21 19:30:46,2026-05-22,4,羽毛球馆-7号,17:00-18:00,1,1,已售/已满,已售,阴,23,24,2,0.0,77,39
2026-05-21 20:00:49,2026-05-22,4,羽毛球馆-7号,17:00-18:00,1,1,已售/已满,已售,雾,22,23,2,0.0,89,39
2026-05-21 20:30:44,2026-05-22,4,羽毛球馆-7号,17:00-18:00,1,1,已售/已满,已售,雾,22,24,2,0.0,93,43
2026-05-21 21:00:56,2026-05-22,4,羽毛球馆-7号,17:00-18:00,1,1,已售/已满,已售,雾,20,21,2,0.0,98,43
2026-05-21 21:30:46,2026-05-22,4,羽毛球馆-7号,17:00-18:00,1,1,已售/已满,已售,雾,20,22,1,0.0,99,41
2026-05-21 22:01:02,2026-05-22,4,羽毛球馆-7号,17:00-18:00,1,1,已售/已满,已售,雾,19,20,2,0.0,93,41
2026-05-21 22:30:47,2026-05-22,4,羽毛球馆-7号,17:00-18:00,1,1,已售/已满,已售,雾,19,19,3,0.0,88,46
2026-05-21 23:00:56,2026-05-22,4,羽毛球馆-7号,17:00-18:00,1,1,已售/已满,已售,多云,18,17,3,0.0,85,46
2026-05-21 23:30:55,2026-05-22,4,羽毛球馆-7号,17:00-18:00,1,1,已售/已满,已售,多云,18,17,3,0.0,85,48
2026-05-21 08:00:45,2026-05-22,4,羽毛球馆-7号,18:30-19:30,1,1,已售/已满,已售,晴,17,12,5,0.0,86,29
2026-05-21 08:02:30,2026-05-22,4,羽毛球馆-7号,18:30-19:30,1,1,已售/已满,已售,多云,17,12,5,0.0,87,29
2026-05-21 08:05:36,2026-05-22,4,羽毛球馆-7号,18:30-19:30,1,1,已售/已满,已售,多云,17,12,5,0.0,86,29
2026-05-21 08:08:31,2026-05-22,4,羽毛球馆-7号,18:30-19:30,1,1,已售/已满,已售,多云,17,12,5,0.0,86,29
2026-05-21 08:11:30,2026-05-22,4,羽毛球馆-7号,18:30-19:30,1,1,已售/已满,已售,多云,17,12,5,0.0,86,29
2026-05-21 08:14:31,2026-05-22,4,羽毛球馆-7号,18:30-19:30,1,1,已售/已满,已售,多云,17,12,5,0.0,86,29
2026-05-21 08:17:30,2026-05-22,4,羽毛球馆-7号,18:30-19:30,1,1,已售/已满,已售,多云,17,12,5,0.0,86,29
2026-05-21 08:20:35,2026-05-22,4,羽毛球馆-7号,18:30-19:30,1,1,已售/已满,已售,多云,17,14,4,0.0,85,29
2026-05-21 08:25:32,2026-05-22,4,羽毛球馆-7号,18:30-19:30,1,1,已售/已满,已售,多云,17,14,4,0.0,85,28
2026-05-21 08:30:42,2026-05-22,4,羽毛球馆-7号,18:30-19:30,1,1,已售/已满,已售,多云,18,15,4,0.0,84,28
2026-05-21 08:35:31,2026-05-22,4,羽毛球馆-7号,18:30-19:30,1,1,已售/已满,已售,多云,18,15,4,0.0,84,28
2026-05-21 08:40:38,2026-05-22,4,羽毛球馆-7号,18:30-19:30,1,1,已售/已满,已售,多云,18,15,4,0.0,82,28
2026-05-21 08:45:33,2026-05-22,4,羽毛球馆-7号,18:30-19:30,1,1,已售/已满,已售,多云,18,15,4,0.0,82,28
2026-05-21 08:50:36,2026-05-22,4,羽毛球馆-7号,18:30-19:30,1,1,已售/已满,已售,多云,18,15,4,0.0,82,28
2026-05-21 08:55:34,2026-05-22,4,羽毛球馆-7号,18:30-19:30,1,1,已售/已满,已售,多云,18,15,4,0.0,84,28
2026-05-21 09:00:51,2026-05-22,4,羽毛球馆-7号,18:30-19:30,1,1,已售/已满,已售,多云,18,15,4,0.0,84,28
2026-05-21 09:01:59,2026-05-22,4,羽毛球馆-7号,18:30-19:30,1,1,已售/已满,已售,多云,18,15,4,0.0,83,28
2026-05-21 09:05:33,2026-05-22,4,羽毛球馆-7号,18:30-19:30,1,1,已售/已满,已售,多云,18,15,4,0.0,83,28
2026-05-21 09:20:38,2026-05-22,4,羽毛球馆-7号,18:30-19:30,1,1,已售/已满,已售,多云,18,16,3,0.0,81,28
2026-05-21 09:30:46,2026-05-22,4,羽毛球馆-7号,18:30-19:30,1,1,已售/已满,已售,多云,18,16,3,0.0,81,32
2026-05-21 09:40:36,2026-05-22,4,羽毛球馆-7号,18:30-19:30,1,1,已售/已满,已售,多云,19,17,3,0.0,79,32
2026-05-21 09:50:42,2026-05-22,4,羽毛球馆-7号,18:30-19:30,1,1,已售/已满,已售,多云,19,17,4,0.0,81,32
2026-05-21 10:00:46,2026-05-22,4,羽毛球馆-7号,18:30-19:30,1,1,已售/已满,已售,多云,19,17,4,0.0,79,32
2026-05-21 10:10:40,2026-05-22,4,羽毛球馆-7号,18:30-19:30,1,1,已售/已满,已售,多云,19,17,4,0.0,79,32
2026-05-21 10:20:38,2026-05-22,4,羽毛球馆-7号,18:30-19:30,1,1,已售/已满,已售,多云,19,17,4,0.0,79,32
2026-05-21 10:30:41,2026-05-22,4,羽毛球馆-7号,18:30-19:30,1,1,已售/已满,已售,多云,19,18,3,0.0,78,31
2026-05-21 11:00:44,2026-05-22,4,羽毛球馆-7号,18:30-19:30,1,1,已售/已满,已售,多云,21,17,5,0.0,74,31
2026-05-21 11:30:38,2026-05-22,4,羽毛球馆-7号,18:30-19:30,1,1,已售/已满,已售,多云,21,19,3,0.0,72,33
2026-05-21 12:00:46,2026-05-22,4,羽毛球馆-7号,18:30-19:30,1,1,已售/已满,已售,多云,22,19,4,0.0,70,33
2026-05-21 12:30:42,2026-05-22,4,羽毛球馆-7号,18:30-19:30,1,1,已售/已满,已售,多云,22,21,3,0.0,68,35
2026-05-21 13:00:43,2026-05-22,4,羽毛球馆-7号,18:30-19:30,1,1,已售/已满,已售,多云,24,22,4,0.0,66,35
2026-05-21 13:30:43,2026-05-22,4,羽毛球馆-7号,18:30-19:30,1,1,已售/已满,已售,多云,24,22,4,0.0,66,36
2026-05-21 14:00:48,2026-05-22,4,羽毛球馆-7号,18:30-19:30,1,1,已售/已满,已售,多云,25,23,4,0.0,66,36
2026-05-21 14:30:45,2026-05-22,4,羽毛球馆-7号,18:30-19:30,1,1,已售/已满,已售,晴,25,25,3,0.0,65,39
2026-05-21 15:00:45,2026-05-22,4,羽毛球馆-7号,18:30-19:30,1,1,已售/已满,已售,晴,25,22,4,0.0,56,39
2026-05-21 15:30:43,2026-05-22,4,羽毛球馆-7号,18:30-19:30,1,1,已售/已满,已售,晴,25,23,4,0.0,57,40
2026-05-21 16:00:51,2026-05-22,4,羽毛球馆-7号,18:30-19:30,1,1,已售/已满,已售,晴,25,23,4,0.0,57,40
2026-05-21 16:30:48,2026-05-22,4,羽毛球馆-7号,18:30-19:30,1,1,已售/已满,已售,晴,25,24,3,0.0,60,39
2026-05-21 17:00:49,2026-05-22,4,羽毛球馆-7号,18:30-19:30,1,1,已售/已满,已售,晴,25,24,4,0.0,61,39
2026-05-21 17:30:47,2026-05-22,4,羽毛球馆-7号,18:30-19:30,1,1,已售/已满,已售,多云,24,23,3,0.0,64,39
2026-05-21 18:00:50,2026-05-22,4,羽毛球馆-7号,18:30-19:30,1,1,已售/已满,已售,多云,24,23,3,0.0,68,39
2026-05-21 18:30:50,2026-05-22,4,羽毛球馆-7号,18:30-19:30,1,1,已售/已满,已售,阴,24,25,2,0.0,68,40
2026-05-21 19:00:50,2026-05-22,4,羽毛球馆-7号,18:30-19:30,1,1,已售/已满,已售,阴,23,23,3,0.0,76,40
2026-05-21 19:30:46,2026-05-22,4,羽毛球馆-7号,18:30-19:30,1,1,已售/已满,已售,阴,23,24,2,0.0,77,39
2026-05-21 20:00:49,2026-05-22,4,羽毛球馆-7号,18:30-19:30,1,1,已售/已满,已售,雾,22,23,2,0.0,89,39
2026-05-21 20:30:44,2026-05-22,4,羽毛球馆-7号,18:30-19:30,1,1,已售/已满,已售,雾,22,24,2,0.0,93,43
2026-05-21 21:00:56,2026-05-22,4,羽毛球馆-7号,18:30-19:30,1,1,已售/已满,已售,雾,20,21,2,0.0,98,43
2026-05-21 21:30:46,2026-05-22,4,羽毛球馆-7号,18:30-19:30,1,1,已售/已满,已售,雾,20,22,1,0.0,99,41
2026-05-21 22:01:02,2026-05-22,4,羽毛球馆-7号,18:30-19:30,1,1,已售/已满,已售,雾,19,20,2,0.0,93,41
2026-05-21 22:30:47,2026-05-22,4,羽毛球馆-7号,18:30-19:30,1,1,已售/已满,已售,雾,19,19,3,0.0,88,46
2026-05-21 23:00:56,2026-05-22,4,羽毛球馆-7号,18:30-19:30,1,1,已售/已满,已售,多云,18,17,3,0.0,85,46
2026-05-21 23:30:55,2026-05-22,4,羽毛球馆-7号,18:30-19:30,1,1,已售/已满,已售,多云,18,17,3,0.0,85,48
2026-05-21 08:00:45,2026-05-22,4,羽毛球馆-7号,19:30-20:30,1,1,已售/已满,已售,晴,17,12,5,0.0,86,29
2026-05-21 08:02:30,2026-05-22,4,羽毛球馆-7号,19:30-20:30,1,1,已售/已满,已售,多云,17,12,5,0.0,87,29
2026-05-21 08:05:36,2026-05-22,4,羽毛球馆-7号,19:30-20:30,1,1,已售/已满,已售,多云,17,12,5,0.0,86,29
2026-05-21 08:08:31,2026-05-22,4,羽毛球馆-7号,19:30-20:30,1,1,已售/已满,已售,多云,17,12,5,0.0,86,29
2026-05-21 08:11:30,2026-05-22,4,羽毛球馆-7号,19:30-20:30,1,1,已售/已满,已售,多云,17,12,5,0.0,86,29
2026-05-21 08:14:31,2026-05-22,4,羽毛球馆-7号,19:30-20:30,1,1,已售/已满,已售,多云,17,12,5,0.0,86,29
2026-05-21 08:17:30,2026-05-22,4,羽毛球馆-7号,19:30-20:30,1,1,已售/已满,已售,多云,17,12,5,0.0,86,29
2026-05-21 08:20:35,2026-05-22,4,羽毛球馆-7号,19:30-20:30,1,1,已售/已满,已售,多云,17,14,4,0.0,85,29
2026-05-21 08:25:32,2026-05-22,4,羽毛球馆-7号,19:30-20:30,1,1,已售/已满,已售,多云,17,14,4,0.0,85,28
2026-05-21 08:30:42,2026-05-22,4,羽毛球馆-7号,19:30-20:30,1,1,已售/已满,已售,多云,18,15,4,0.0,84,28
2026-05-21 08:35:31,2026-05-22,4,羽毛球馆-7号,19:30-20:30,1,1,已售/已满,已售,多云,18,15,4,0.0,84,28
2026-05-21 08:40:38,2026-05-22,4,羽毛球馆-7号,19:30-20:30,1,1,已售/已满,已售,多云,18,15,4,0.0,82,28
2026-05-21 08:45:33,2026-05-22,4,羽毛球馆-7号,19:30-20:30,1,1,已售/已满,已售,多云,18,15,4,0.0,82,28
2026-05-21 08:50:36,2026-05-22,4,羽毛球馆-7号,19:30-20:30,1,1,已售/已满,已售,多云,18,15,4,0.0,82,28
2026-05-21 08:55:34,2026-05-22,4,羽毛球馆-7号,19:30-20:30,1,1,已售/已满,已售,多云,18,15,4,0.0,84,28
2026-05-21 09:00:51,2026-05-22,4,羽毛球馆-7号,19:30-20:30,1,1,已售/已满,已售,多云,18,15,4,0.0,84,28
2026-05-21 09:01:59,2026-05-22,4,羽毛球馆-7号,19:30-20:30,1,1,已售/已满,已售,多云,18,15,4,0.0,83,28
2026-05-21 09:05:33,2026-05-22,4,羽毛球馆-7号,19:30-20:30,1,1,已售/已满,已售,多云,18,15,4,0.0,83,28
2026-05-21 09:20:38,2026-05-22,4,羽毛球馆-7号,19:30-20:30,1,1,已售/已满,已售,多云,18,16,3,0.0,81,28
2026-05-21 09:30:46,2026-05-22,4,羽毛球馆-7号,19:30-20:30,1,1,已售/已满,已售,多云,18,16,3,0.0,81,32
2026-05-21 09:40:36,2026-05-22,4,羽毛球馆-7号,19:30-20:30,1,1,已售/已满,已售,多云,19,17,3,0.0,79,32
2026-05-21 09:50:42,2026-05-22,4,羽毛球馆-7号,19:30-20:30,1,1,已售/已满,已售,多云,19,17,4,0.0,81,32
2026-05-21 10:00:46,2026-05-22,4,羽毛球馆-7号,19:30-20:30,1,1,已售/已满,已售,多云,19,17,4,0.0,79,32
2026-05-21 10:10:40,2026-05-22,4,羽毛球馆-7号,19:30-20:30,1,1,已售/已满,已售,多云,19,17,4,0.0,79,32
2026-05-21 10:20:38,2026-05-22,4,羽毛球馆-7号,19:30-20:30,1,1,已售/已满,已售,多云,19,17,4,0.0,79,32
2026-05-21 10:30:41,2026-05-22,4,羽毛球馆-7号,19:30-20:30,1,1,已售/已满,已售,多云,19,18,3,0.0,78,31
2026-05-21 11:00:44,2026-05-22,4,羽毛球馆-7号,19:30-20:30,1,1,已售/已满,已售,多云,21,17,5,0.0,74,31
2026-05-21 11:30:38,2026-05-22,4,羽毛球馆-7号,19:30-20:30,1,1,已售/已满,已售,多云,21,19,3,0.0,72,33
2026-05-21 12:00:46,2026-05-22,4,羽毛球馆-7号,19:30-20:30,1,1,已售/已满,已售,多云,22,19,4,0.0,70,33
2026-05-21 12:30:42,2026-05-22,4,羽毛球馆-7号,19:30-20:30,1,1,已售/已满,已售,多云,22,21,3,0.0,68,35
2026-05-21 13:00:43,2026-05-22,4,羽毛球馆-7号,19:30-20:30,1,1,已售/已满,已售,多云,24,22,4,0.0,66,35
2026-05-21 13:30:43,2026-05-22,4,羽毛球馆-7号,19:30-20:30,1,1,已售/已满,已售,多云,24,22,4,0.0,66,36
2026-05-21 14:00:48,2026-05-22,4,羽毛球馆-7号,19:30-20:30,1,1,已售/已满,已售,多云,25,23,4,0.0,66,36
2026-05-21 14:30:45,2026-05-22,4,羽毛球馆-7号,19:30-20:30,1,1,已售/已满,已售,晴,25,25,3,0.0,65,39
2026-05-21 15:00:45,2026-05-22,4,羽毛球馆-7号,19:30-20:30,1,1,已售/已满,已售,晴,25,22,4,0.0,56,39
2026-05-21 15:30:43,2026-05-22,4,羽毛球馆-7号,19:30-20:30,1,1,已售/已满,已售,晴,25,23,4,0.0,57,40
2026-05-21 16:00:51,2026-05-22,4,羽毛球馆-7号,19:30-20:30,1,1,已售/已满,已售,晴,25,23,4,0.0,57,40
2026-05-21 16:30:48,2026-05-22,4,羽毛球馆-7号,19:30-20:30,1,1,已售/已满,已售,晴,25,24,3,0.0,60,39
2026-05-21 17:00:49,2026-05-22,4,羽毛球馆-7号,19:30-20:30,1,1,已售/已满,已售,晴,25,24,4,0.0,61,39
2026-05-21 17:30:47,2026-05-22,4,羽毛球馆-7号,19:30-20:30,1,1,已售/已满,已售,多云,24,23,3,0.0,64,39
2026-05-21 18:00:50,2026-05-22,4,羽毛球馆-7号,19:30-20:30,1,1,已售/已满,已售,多云,24,23,3,0.0,68,39
2026-05-21 18:30:50,2026-05-22,4,羽毛球馆-7号,19:30-20:30,1,1,已售/已满,已售,阴,24,25,2,0.0,68,40
2026-05-21 19:00:50,2026-05-22,4,羽毛球馆-7号,19:30-20:30,1,1,已售/已满,已售,阴,23,23,3,0.0,76,40
2026-05-21 19:30:46,2026-05-22,4,羽毛球馆-7号,19:30-20:30,1,1,已售/已满,已售,阴,23,24,2,0.0,77,39
2026-05-21 20:00:49,2026-05-22,4,羽毛球馆-7号,19:30-20:30,1,1,已售/已满,已售,雾,22,23,2,0.0,89,39
2026-05-21 20:30:44,2026-05-22,4,羽毛球馆-7号,19:30-20:30,1,1,已售/已满,已售,雾,22,24,2,0.0,93,43
2026-05-21 21:00:56,2026-05-22,4,羽毛球馆-7号,19:30-20:30,1,1,已售/已满,已售,雾,20,21,2,0.0,98,43
2026-05-21 21:30:46,2026-05-22,4,羽毛球馆-7号,19:30-20:30,1,1,已售/已满,已售,雾,20,22,1,0.0,99,41
2026-05-21 22:01:02,2026-05-22,4,羽毛球馆-7号,19:30-20:30,1,1,已售/已满,已售,雾,19,20,2,0.0,93,41
2026-05-21 22:30:47,2026-05-22,4,羽毛球馆-7号,19:30-20:30,1,1,已售/已满,已售,雾,19,19,3,0.0,88,46
2026-05-21 23:00:56,2026-05-22,4,羽毛球馆-7号,19:30-20:30,1,1,已售/已满,已售,多云,18,17,3,0.0,85,46
2026-05-21 23:30:55,2026-05-22,4,羽毛球馆-7号,19:30-20:30,1,1,已售/已满,已售,多云,18,17,3,0.0,85,48
2026-05-21 08:00:45,2026-05-22,4,羽毛球馆-7号,20:30-21:30,1,1,已售/已满,已售,晴,17,12,5,0.0,86,29
2026-05-21 08:02:30,2026-05-22,4,羽毛球馆-7号,20:30-21:30,1,1,已售/已满,已售,多云,17,12,5,0.0,87,29
2026-05-21 08:05:36,2026-05-22,4,羽毛球馆-7号,20:30-21:30,1,1,已售/已满,已售,多云,17,12,5,0.0,86,29
2026-05-21 08:08:31,2026-05-22,4,羽毛球馆-7号,20:30-21:30,1,1,已售/已满,已售,多云,17,12,5,0.0,86,29
2026-05-21 08:11:30,2026-05-22,4,羽毛球馆-7号,20:30-21:30,1,1,已售/已满,已售,多云,17,12,5,0.0,86,29
2026-05-21 08:14:31,2026-05-22,4,羽毛球馆-7号,20:30-21:30,1,1,已售/已满,已售,多云,17,12,5,0.0,86,29
2026-05-21 08:17:30,2026-05-22,4,羽毛球馆-7号,20:30-21:30,1,1,已售/已满,已售,多云,17,12,5,0.0,86,29
2026-05-21 08:20:35,2026-05-22,4,羽毛球馆-7号,20:30-21:30,1,1,已售/已满,已售,多云,17,14,4,0.0,85,29
2026-05-21 08:25:32,2026-05-22,4,羽毛球馆-7号,20:30-21:30,1,1,已售/已满,已售,多云,17,14,4,0.0,85,28
2026-05-21 08:30:42,2026-05-22,4,羽毛球馆-7号,20:30-21:30,1,1,已售/已满,已售,多云,18,15,4,0.0,84,28
2026-05-21 08:35:31,2026-05-22,4,羽毛球馆-7号,20:30-21:30,1,1,已售/已满,已售,多云,18,15,4,0.0,84,28
2026-05-21 08:40:38,2026-05-22,4,羽毛球馆-7号,20:30-21:30,1,1,已售/已满,已售,多云,18,15,4,0.0,82,28
2026-05-21 08:45:33,2026-05-22,4,羽毛球馆-7号,20:30-21:30,1,1,已售/已满,已售,多云,18,15,4,0.0,82,28
2026-05-21 08:50:36,2026-05-22,4,羽毛球馆-7号,20:30-21:30,1,1,已售/已满,已售,多云,18,15,4,0.0,82,28
2026-05-21 08:55:34,2026-05-22,4,羽毛球馆-7号,20:30-21:30,1,1,已售/已满,已售,多云,18,15,4,0.0,84,28
2026-05-21 09:00:51,2026-05-22,4,羽毛球馆-7号,20:30-21:30,1,1,已售/已满,已售,多云,18,15,4,0.0,84,28
2026-05-21 09:01:59,2026-05-22,4,羽毛球馆-7号,20:30-21:30,1,1,已售/已满,已售,多云,18,15,4,0.0,83,28
2026-05-21 09:05:33,2026-05-22,4,羽毛球馆-7号,20:30-21:30,1,1,已售/已满,已售,多云,18,15,4,0.0,83,28
2026-05-21 09:20:38,2026-05-22,4,羽毛球馆-7号,20:30-21:30,1,1,已售/已满,已售,多云,18,16,3,0.0,81,28
2026-05-21 09:30:46,2026-05-22,4,羽毛球馆-7号,20:30-21:30,1,1,已售/已满,已售,多云,18,16,3,0.0,81,32
2026-05-21 09:40:36,2026-05-22,4,羽毛球馆-7号,20:30-21:30,1,1,已售/已满,已售,多云,19,17,3,0.0,79,32
2026-05-21 09:50:42,2026-05-22,4,羽毛球馆-7号,20:30-21:30,1,1,已售/已满,已售,多云,19,17,4,0.0,81,32
2026-05-21 10:00:46,2026-05-22,4,羽毛球馆-7号,20:30-21:30,1,1,已售/已满,已售,多云,19,17,4,0.0,79,32
2026-05-21 10:10:40,2026-05-22,4,羽毛球馆-7号,20:30-21:30,1,1,已售/已满,已售,多云,19,17,4,0.0,79,32
2026-05-21 10:20:38,2026-05-22,4,羽毛球馆-7号,20:30-21:30,1,1,已售/已满,已售,多云,19,17,4,0.0,79,32
2026-05-21 10:30:41,2026-05-22,4,羽毛球馆-7号,20:30-21:30,1,1,已售/已满,已售,多云,19,18,3,0.0,78,31
2026-05-21 11:00:44,2026-05-22,4,羽毛球馆-7号,20:30-21:30,1,1,已售/已满,已售,多云,21,17,5,0.0,74,31
2026-05-21 11:30:38,2026-05-22,4,羽毛球馆-7号,20:30-21:30,1,1,已售/已满,已售,多云,21,19,3,0.0,72,33
2026-05-21 12:00:46,2026-05-22,4,羽毛球馆-7号,20:30-21:30,1,1,已售/已满,已售,多云,22,19,4,0.0,70,33
2026-05-21 12:30:42,2026-05-22,4,羽毛球馆-7号,20:30-21:30,1,1,已售/已满,已售,多云,22,21,3,0.0,68,35
2026-05-21 13:00:43,2026-05-22,4,羽毛球馆-7号,20:30-21:30,1,1,已售/已满,已售,多云,24,22,4,0.0,66,35
2026-05-21 13:30:43,2026-05-22,4,羽毛球馆-7号,20:30-21:30,1,1,已售/已满,已售,多云,24,22,4,0.0,66,36
2026-05-21 14:00:48,2026-05-22,4,羽毛球馆-7号,20:30-21:30,1,1,已售/已满,已售,多云,25,23,4,0.0,66,36
2026-05-21 14:30:45,2026-05-22,4,羽毛球馆-7号,20:30-21:30,1,1,已售/已满,已售,晴,25,25,3,0.0,65,39
2026-05-21 15:00:45,2026-05-22,4,羽毛球馆-7号,20:30-21:30,1,1,已售/已满,已售,晴,25,22,4,0.0,56,39
2026-05-21 15:30:43,2026-05-22,4,羽毛球馆-7号,20:30-21:30,1,1,已售/已满,已售,晴,25,23,4,0.0,57,40
2026-05-21 16:00:51,2026-05-22,4,羽毛球馆-7号,20:30-21:30,1,1,已售/已满,已售,晴,25,23,4,0.0,57,40
2026-05-21 16:30:48,2026-05-22,4,羽毛球馆-7号,20:30-21:30,1,1,已售/已满,已售,晴,25,24,3,0.0,60,39
2026-05-21 17:00:49,2026-05-22,4,羽毛球馆-7号,20:30-21:30,1,1,已售/已满,已售,晴,25,24,4,0.0,61,39
2026-05-21 17:30:47,2026-05-22,4,羽毛球馆-7号,20:30-21:30,1,1,已售/已满,已售,多云,24,23,3,0.0,64,39
2026-05-21 18:00:50,2026-05-22,4,羽毛球馆-7号,20:30-21:30,1,1,已售/已满,已售,多云,24,23,3,0.0,68,39
2026-05-21 18:30:50,2026-05-22,4,羽毛球馆-7号,20:30-21:30,1,1,已售/已满,已售,阴,24,25,2,0.0,68,40
2026-05-21 19:00:50,2026-05-22,4,羽毛球馆-7号,20:30-21:30,1,1,已售/已满,已售,阴,23,23,3,0.0,76,40
2026-05-21 19:30:46,2026-05-22,4,羽毛球馆-7号,20:30-21:30,1,1,已售/已满,已售,阴,23,24,2,0.0,77,39
2026-05-21 20:00:49,2026-05-22,4,羽毛球馆-7号,20:30-21:30,1,1,已售/已满,已售,雾,22,23,2,0.0,89,39
2026-05-21 20:30:44,2026-05-22,4,羽毛球馆-7号,20:30-21:30,1,1,已售/已满,已售,雾,22,24,2,0.0,93,43
2026-05-21 21:00:56,2026-05-22,4,羽毛球馆-7号,20:30-21:30,1,1,已售/已满,已售,雾,20,21,2,0.0,98,43
2026-05-21 21:30:46,2026-05-22,4,羽毛球馆-7号,20:30-21:30,1,1,已售/已满,已售,雾,20,22,1,0.0,99,41
2026-05-21 22:01:02,2026-05-22,4,羽毛球馆-7号,20:30-21:30,1,1,已售/已满,已售,雾,19,20,2,0.0,93,41
2026-05-21 22:30:47,2026-05-22,4,羽毛球馆-7号,20:30-21:30,1,1,已售/已满,已售,雾,19,19,3,0.0,88,46
2026-05-21 23:00:56,2026-05-22,4,羽毛球馆-7号,20:30-21:30,1,1,已售/已满,已售,多云,18,17,3,0.0,85,46
2026-05-21 23:30:55,2026-05-22,4,羽毛球馆-7号,20:30-21:30,1,1,已售/已满,已售,多云,18,17,3,0.0,85,48
2026-05-21 08:00:45,2026-05-22,4,羽毛球馆-8号,07:00-08:00,0,1,可预约,￥0.0,晴,17,12,5,0.0,86,29
2026-05-21 08:02:30,2026-05-22,4,羽毛球馆-8号,07:00-08:00,0,1,可预约,￥0.0,多云,17,12,5,0.0,87,29
2026-05-21 08:05:36,2026-05-22,4,羽毛球馆-8号,07:00-08:00,0,1,可预约,￥0.0,多云,17,12,5,0.0,86,29
2026-05-21 08:08:31,2026-05-22,4,羽毛球馆-8号,07:00-08:00,0,1,可预约,￥0.0,多云,17,12,5,0.0,86,29
2026-05-21 08:11:30,2026-05-22,4,羽毛球馆-8号,07:00-08:00,0,1,可预约,￥0.0,多云,17,12,5,0.0,86,29
2026-05-21 08:14:31,2026-05-22,4,羽毛球馆-8号,07:00-08:00,0,1,可预约,￥0.0,多云,17,12,5,0.0,86,29
2026-05-21 08:17:30,2026-05-22,4,羽毛球馆-8号,07:00-08:00,0,1,可预约,￥0.0,多云,17,12,5,0.0,86,29
2026-05-21 08:20:35,2026-05-22,4,羽毛球馆-8号,07:00-08:00,0,1,可预约,￥0.0,多云,17,14,4,0.0,85,29
2026-05-21 08:25:32,2026-05-22,4,羽毛球馆-8号,07:00-08:00,0,1,可预约,￥0.0,多云,17,14,4,0.0,85,28
2026-05-21 08:30:42,2026-05-22,4,羽毛球馆-8号,07:00-08:00,0,1,可预约,￥0.0,多云,18,15,4,0.0,84,28
2026-05-21 08:35:31,2026-05-22,4,羽毛球馆-8号,07:00-08:00,0,1,可预约,￥0.0,多云,18,15,4,0.0,84,28
2026-05-21 08:40:38,2026-05-22,4,羽毛球馆-8号,07:00-08:00,0,1,可预约,￥0.0,多云,18,15,4,0.0,82,28
2026-05-21 08:45:33,2026-05-22,4,羽毛球馆-8号,07:00-08:00,0,1,可预约,￥0.0,多云,18,15,4,0.0,82,28
2026-05-21 08:50:36,2026-05-22,4,羽毛球馆-8号,07:00-08:00,0,1,可预约,￥0.0,多云,18,15,4,0.0,82,28
2026-05-21 08:55:34,2026-05-22,4,羽毛球馆-8号,07:00-08:00,0,1,可预约,￥0.0,多云,18,15,4,0.0,84,28
2026-05-21 09:00:51,2026-05-22,4,羽毛球馆-8号,07:00-08:00,0,1,可预约,￥0.0,多云,18,15,4,0.0,84,28
2026-05-21 09:01:59,2026-05-22,4,羽毛球馆-8号,07:00-08:00,0,1,可预约,￥0.0,多云,18,15,4,0.0,83,28
2026-05-21 09:05:33,2026-05-22,4,羽毛球馆-8号,07:00-08:00,0,1,可预约,￥0.0,多云,18,15,4,0.0,83,28
2026-05-21 09:20:38,2026-05-22,4,羽毛球馆-8号,07:00-08:00,0,1,可预约,￥0.0,多云,18,16,3,0.0,81,28
2026-05-21 09:30:46,2026-05-22,4,羽毛球馆-8号,07:00-08:00,0,1,可预约,￥0.0,多云,18,16,3,0.0,81,32
2026-05-21 09:40:36,2026-05-22,4,羽毛球馆-8号,07:00-08:00,0,1,可预约,￥0.0,多云,19,17,3,0.0,79,32
2026-05-21 09:50:42,2026-05-22,4,羽毛球馆-8号,07:00-08:00,0,1,可预约,￥0.0,多云,19,17,4,0.0,81,32
2026-05-21 10:00:46,2026-05-22,4,羽毛球馆-8号,07:00-08:00,0,1,可预约,￥0.0,多云,19,17,4,0.0,79,32
2026-05-21 10:10:40,2026-05-22,4,羽毛球馆-8号,07:00-08:00,0,1,可预约,￥0.0,多云,19,17,4,0.0,79,32
2026-05-21 10:20:38,2026-05-22,4,羽毛球馆-8号,07:00-08:00,0,1,可预约,￥0.0,多云,19,17,4,0.0,79,32
2026-05-21 10:30:41,2026-05-22,4,羽毛球馆-8号,07:00-08:00,0,1,可预约,￥0.0,多云,19,18,3,0.0,78,31
2026-05-21 11:00:44,2026-05-22,4,羽毛球馆-8号,07:00-08:00,0,1,可预约,￥0.0,多云,21,17,5,0.0,74,31
2026-05-21 11:30:38,2026-05-22,4,羽毛球馆-8号,07:00-08:00,0,1,可预约,￥0.0,多云,21,19,3,0.0,72,33
2026-05-21 12:00:46,2026-05-22,4,羽毛球馆-8号,07:00-08:00,0,1,可预约,￥0.0,多云,22,19,4,0.0,70,33
2026-05-21 12:30:42,2026-05-22,4,羽毛球馆-8号,07:00-08:00,0,1,可预约,￥0.0,多云,22,21,3,0.0,68,35
2026-05-21 13:00:43,2026-05-22,4,羽毛球馆-8号,07:00-08:00,0,1,可预约,￥0.0,多云,24,22,4,0.0,66,35
2026-05-21 13:30:43,2026-05-22,4,羽毛球馆-8号,07:00-08:00,0,1,可预约,￥0.0,多云,24,22,4,0.0,66,36
2026-05-21 14:00:48,2026-05-22,4,羽毛球馆-8号,07:00-08:00,0,1,可预约,￥0.0,多云,25,23,4,0.0,66,36
2026-05-21 14:30:45,2026-05-22,4,羽毛球馆-8号,07:00-08:00,0,1,可预约,￥0.0,晴,25,25,3,0.0,65,39
2026-05-21 15:00:45,2026-05-22,4,羽毛球馆-8号,07:00-08:00,0,1,可预约,￥0.0,晴,25,22,4,0.0,56,39
2026-05-21 15:30:43,2026-05-22,4,羽毛球馆-8号,07:00-08:00,0,1,可预约,￥0.0,晴,25,23,4,0.0,57,40
2026-05-21 16:00:51,2026-05-22,4,羽毛球馆-8号,07:00-08:00,0,1,可预约,￥0.0,晴,25,23,4,0.0,57,40
2026-05-21 16:30:48,2026-05-22,4,羽毛球馆-8号,07:00-08:00,0,1,可预约,￥0.0,晴,25,24,3,0.0,60,39
2026-05-21 17:00:49,2026-05-22,4,羽毛球馆-8号,07:00-08:00,0,1,可预约,￥0.0,晴,25,24,4,0.0,61,39
2026-05-21 17:30:47,2026-05-22,4,羽毛球馆-8号,07:00-08:00,0,1,可预约,￥0.0,多云,24,23,3,0.0,64,39
2026-05-21 18:00:50,2026-05-22,4,羽毛球馆-8号,07:00-08:00,0,1,可预约,￥0.0,多云,24,23,3,0.0,68,39
2026-05-21 18:30:50,2026-05-22,4,羽毛球馆-8号,07:00-08:00,0,1,可预约,￥0.0,阴,24,25,2,0.0,68,40
2026-05-21 19:00:50,2026-05-22,4,羽毛球馆-8号,07:00-08:00,0,1,可预约,￥0.0,阴,23,23,3,0.0,76,40
2026-05-21 19:30:46,2026-05-22,4,羽毛球馆-8号,07:00-08:00,0,1,可预约,￥0.0,阴,23,24,2,0.0,77,39
2026-05-21 20:00:49,2026-05-22,4,羽毛球馆-8号,07:00-08:00,0,1,可预约,￥0.0,雾,22,23,2,0.0,89,39
2026-05-21 20:30:44,2026-05-22,4,羽毛球馆-8号,07:00-08:00,0,1,可预约,￥0.0,雾,22,24,2,0.0,93,43
2026-05-21 21:00:56,2026-05-22,4,羽毛球馆-8号,07:00-08:00,0,1,可预约,￥0.0,雾,20,21,2,0.0,98,43
2026-05-21 21:30:46,2026-05-22,4,羽毛球馆-8号,07:00-08:00,0,1,可预约,￥0.0,雾,20,22,1,0.0,99,41
2026-05-21 22:01:02,2026-05-22,4,羽毛球馆-8号,07:00-08:00,0,1,可预约,￥0.0,雾,19,20,2,0.0,93,41
2026-05-21 22:30:47,2026-05-22,4,羽毛球馆-8号,07:00-08:00,0,1,可预约,￥0.0,雾,19,19,3,0.0,88,46
2026-05-21 23:00:56,2026-05-22,4,羽毛球馆-8号,07:00-08:00,0,1,可预约,￥0.0,多云,18,17,3,0.0,85,46
2026-05-21 23:30:55,2026-05-22,4,羽毛球馆-8号,07:00-08:00,0,1,可预约,￥0.0,多云,18,17,3,0.0,85,48
2026-05-21 08:00:45,2026-05-22,4,羽毛球馆-8号,08:00-09:00,0,1,可预约,￥0.0,晴,17,12,5,0.0,86,29
2026-05-21 08:02:30,2026-05-22,4,羽毛球馆-8号,08:00-09:00,0,1,可预约,￥0.0,多云,17,12,5,0.0,87,29
2026-05-21 08:05:36,2026-05-22,4,羽毛球馆-8号,08:00-09:00,0,1,可预约,￥0.0,多云,17,12,5,0.0,86,29
2026-05-21 08:08:31,2026-05-22,4,羽毛球馆-8号,08:00-09:00,0,1,可预约,￥0.0,多云,17,12,5,0.0,86,29
2026-05-21 08:11:30,2026-05-22,4,羽毛球馆-8号,08:00-09:00,0,1,可预约,￥0.0,多云,17,12,5,0.0,86,29
2026-05-21 08:14:31,2026-05-22,4,羽毛球馆-8号,08:00-09:00,0,1,可预约,￥0.0,多云,17,12,5,0.0,86,29
2026-05-21 08:17:30,2026-05-22,4,羽毛球馆-8号,08:00-09:00,0,1,可预约,￥0.0,多云,17,12,5,0.0,86,29
2026-05-21 08:20:35,2026-05-22,4,羽毛球馆-8号,08:00-09:00,0,1,可预约,￥0.0,多云,17,14,4,0.0,85,29
2026-05-21 08:25:32,2026-05-22,4,羽毛球馆-8号,08:00-09:00,0,1,可预约,￥0.0,多云,17,14,4,0.0,85,28
2026-05-21 08:30:42,2026-05-22,4,羽毛球馆-8号,08:00-09:00,0,1,可预约,￥0.0,多云,18,15,4,0.0,84,28
2026-05-21 08:35:31,2026-05-22,4,羽毛球馆-8号,08:00-09:00,0,1,可预约,￥0.0,多云,18,15,4,0.0,84,28
2026-05-21 08:40:38,2026-05-22,4,羽毛球馆-8号,08:00-09:00,0,1,可预约,￥0.0,多云,18,15,4,0.0,82,28
2026-05-21 08:45:33,2026-05-22,4,羽毛球馆-8号,08:00-09:00,0,1,可预约,￥0.0,多云,18,15,4,0.0,82,28
2026-05-21 08:50:36,2026-05-22,4,羽毛球馆-8号,08:00-09:00,0,1,可预约,￥0.0,多云,18,15,4,0.0,82,28
2026-05-21 08:55:34,2026-05-22,4,羽毛球馆-8号,08:00-09:00,0,1,可预约,￥0.0,多云,18,15,4,0.0,84,28
2026-05-21 09:00:51,2026-05-22,4,羽毛球馆-8号,08:00-09:00,0,1,可预约,￥0.0,多云,18,15,4,0.0,84,28
2026-05-21 09:01:59,2026-05-22,4,羽毛球馆-8号,08:00-09:00,0,1,可预约,￥0.0,多云,18,15,4,0.0,83,28
2026-05-21 09:05:33,2026-05-22,4,羽毛球馆-8号,08:00-09:00,0,1,可预约,￥0.0,多云,18,15,4,0.0,83,28
2026-05-21 09:20:38,2026-05-22,4,羽毛球馆-8号,08:00-09:00,0,1,可预约,￥0.0,多云,18,16,3,0.0,81,28
2026-05-21 09:30:46,2026-05-22,4,羽毛球馆-8号,08:00-09:00,0,1,可预约,￥0.0,多云,18,16,3,0.0,81,32
2026-05-21 09:40:36,2026-05-22,4,羽毛球馆-8号,08:00-09:00,0,1,可预约,￥0.0,多云,19,17,3,0.0,79,32
2026-05-21 09:50:42,2026-05-22,4,羽毛球馆-8号,08:00-09:00,0,1,可预约,￥0.0,多云,19,17,4,0.0,81,32
2026-05-21 10:00:46,2026-05-22,4,羽毛球馆-8号,08:00-09:00,0,1,可预约,￥0.0,多云,19,17,4,0.0,79,32
2026-05-21 10:10:40,2026-05-22,4,羽毛球馆-8号,08:00-09:00,0,1,可预约,￥0.0,多云,19,17,4,0.0,79,32
2026-05-21 10:20:38,2026-05-22,4,羽毛球馆-8号,08:00-09:00,0,1,可预约,￥0.0,多云,19,17,4,0.0,79,32
2026-05-21 10:30:41,2026-05-22,4,羽毛球馆-8号,08:00-09:00,0,1,可预约,￥0.0,多云,19,18,3,0.0,78,31
2026-05-21 11:00:44,2026-05-22,4,羽毛球馆-8号,08:00-09:00,0,1,可预约,￥0.0,多云,21,17,5,0.0,74,31
2026-05-21 11:30:38,2026-05-22,4,羽毛球馆-8号,08:00-09:00,0,1,可预约,￥0.0,多云,21,19,3,0.0,72,33
2026-05-21 12:00:46,2026-05-22,4,羽毛球馆-8号,08:00-09:00,0,1,可预约,￥0.0,多云,22,19,4,0.0,70,33
2026-05-21 12:30:42,2026-05-22,4,羽毛球馆-8号,08:00-09:00,0,1,可预约,￥0.0,多云,22,21,3,0.0,68,35
2026-05-21 13:00:43,2026-05-22,4,羽毛球馆-8号,08:00-09:00,0,1,可预约,￥0.0,多云,24,22,4,0.0,66,35
2026-05-21 13:30:43,2026-05-22,4,羽毛球馆-8号,08:00-09:00,0,1,可预约,￥0.0,多云,24,22,4,0.0,66,36
2026-05-21 14:00:48,2026-05-22,4,羽毛球馆-8号,08:00-09:00,0,1,可预约,￥0.0,多云,25,23,4,0.0,66,36
2026-05-21 14:30:45,2026-05-22,4,羽毛球馆-8号,08:00-09:00,0,1,可预约,￥0.0,晴,25,25,3,0.0,65,39
2026-05-21 15:00:45,2026-05-22,4,羽毛球馆-8号,08:00-09:00,0,1,可预约,￥0.0,晴,25,22,4,0.0,56,39
2026-05-21 15:30:43,2026-05-22,4,羽毛球馆-8号,08:00-09:00,1,1,已售/已满,已售,晴,25,23,4,0.0,57,40
2026-05-21 16:00:51,2026-05-22,4,羽毛球馆-8号,08:00-09:00,1,1,已售/已满,已售,晴,25,23,4,0.0,57,40
2026-05-21 16:30:48,2026-05-22,4,羽毛球馆-8号,08:00-09:00,1,1,已售/已满,已售,晴,25,24,3,0.0,60,39
2026-05-21 17:00:49,2026-05-22,4,羽毛球馆-8号,08:00-09:00,1,1,已售/已满,已售,晴,25,24,4,0.0,61,39
2026-05-21 17:30:47,2026-05-22,4,羽毛球馆-8号,08:00-09:00,1,1,已售/已满,已售,多云,24,23,3,0.0,64,39
2026-05-21 18:00:50,2026-05-22,4,羽毛球馆-8号,08:00-09:00,1,1,已售/已满,已售,多云,24,23,3,0.0,68,39
2026-05-21 18:30:50,2026-05-22,4,羽毛球馆-8号,08:00-09:00,1,1,已售/已满,已售,阴,24,25,2,0.0,68,40
2026-05-21 19:00:50,2026-05-22,4,羽毛球馆-8号,08:00-09:00,1,1,已售/已满,已售,阴,23,23,3,0.0,76,40
2026-05-21 19:30:46,2026-05-22,4,羽毛球馆-8号,08:00-09:00,1,1,已售/已满,已售,阴,23,24,2,0.0,77,39
2026-05-21 20:00:49,2026-05-22,4,羽毛球馆-8号,08:00-09:00,1,1,已售/已满,已售,雾,22,23,2,0.0,89,39
2026-05-21 20:30:44,2026-05-22,4,羽毛球馆-8号,08:00-09:00,1,1,已售/已满,已售,雾,22,24,2,0.0,93,43
2026-05-21 21:00:56,2026-05-22,4,羽毛球馆-8号,08:00-09:00,1,1,已售/已满,已售,雾,20,21,2,0.0,98,43
2026-05-21 21:30:46,2026-05-22,4,羽毛球馆-8号,08:00-09:00,1,1,已售/已满,已售,雾,20,22,1,0.0,99,41
2026-05-21 22:01:02,2026-05-22,4,羽毛球馆-8号,08:00-09:00,1,1,已售/已满,已售,雾,19,20,2,0.0,93,41
2026-05-21 22:30:47,2026-05-22,4,羽毛球馆-8号,08:00-09:00,1,1,已售/已满,已售,雾,19,19,3,0.0,88,46
2026-05-21 23:00:56,2026-05-22,4,羽毛球馆-8号,08:00-09:00,1,1,已售/已满,已售,多云,18,17,3,0.0,85,46
2026-05-21 23:30:55,2026-05-22,4,羽毛球馆-8号,08:00-09:00,1,1,已售/已满,已售,多云,18,17,3,0.0,85,48
2026-05-21 08:00:45,2026-05-22,4,羽毛球馆-8号,09:00-10:00,0,1,可预约,￥12.0,晴,17,12,5,0.0,86,29
2026-05-21 08:02:30,2026-05-22,4,羽毛球馆-8号,09:00-10:00,0,1,可预约,￥12.0,多云,17,12,5,0.0,87,29
2026-05-21 08:05:36,2026-05-22,4,羽毛球馆-8号,09:00-10:00,0,1,可预约,￥12.0,多云,17,12,5,0.0,86,29
2026-05-21 08:08:31,2026-05-22,4,羽毛球馆-8号,09:00-10:00,0,1,可预约,￥12.0,多云,17,12,5,0.0,86,29
2026-05-21 08:11:30,2026-05-22,4,羽毛球馆-8号,09:00-10:00,0,1,可预约,￥12.0,多云,17,12,5,0.0,86,29
2026-05-21 08:14:31,2026-05-22,4,羽毛球馆-8号,09:00-10:00,0,1,可预约,￥12.0,多云,17,12,5,0.0,86,29
2026-05-21 08:17:30,2026-05-22,4,羽毛球馆-8号,09:00-10:00,0,1,可预约,￥12.0,多云,17,12,5,0.0,86,29
2026-05-21 08:20:35,2026-05-22,4,羽毛球馆-8号,09:00-10:00,0,1,可预约,￥12.0,多云,17,14,4,0.0,85,29
2026-05-21 08:25:32,2026-05-22,4,羽毛球馆-8号,09:00-10:00,0,1,可预约,￥12.0,多云,17,14,4,0.0,85,28
2026-05-21 08:30:42,2026-05-22,4,羽毛球馆-8号,09:00-10:00,0,1,可预约,￥12.0,多云,18,15,4,0.0,84,28
2026-05-21 08:35:31,2026-05-22,4,羽毛球馆-8号,09:00-10:00,0,1,可预约,￥12.0,多云,18,15,4,0.0,84,28
2026-05-21 08:40:38,2026-05-22,4,羽毛球馆-8号,09:00-10:00,0,1,可预约,￥12.0,多云,18,15,4,0.0,82,28
2026-05-21 08:45:33,2026-05-22,4,羽毛球馆-8号,09:00-10:00,0,1,可预约,￥12.0,多云,18,15,4,0.0,82,28
2026-05-21 08:50:36,2026-05-22,4,羽毛球馆-8号,09:00-10:00,0,1,可预约,￥12.0,多云,18,15,4,0.0,82,28
2026-05-21 08:55:34,2026-05-22,4,羽毛球馆-8号,09:00-10:00,0,1,可预约,￥12.0,多云,18,15,4,0.0,84,28
2026-05-21 09:00:51,2026-05-22,4,羽毛球馆-8号,09:00-10:00,0,1,可预约,￥12.0,多云,18,15,4,0.0,84,28
2026-05-21 09:01:59,2026-05-22,4,羽毛球馆-8号,09:00-10:00,0,1,可预约,￥12.0,多云,18,15,4,0.0,83,28
2026-05-21 09:05:33,2026-05-22,4,羽毛球馆-8号,09:00-10:00,0,1,可预约,￥12.0,多云,18,15,4,0.0,83,28
2026-05-21 09:20:38,2026-05-22,4,羽毛球馆-8号,09:00-10:00,0,1,可预约,￥12.0,多云,18,16,3,0.0,81,28
2026-05-21 09:30:46,2026-05-22,4,羽毛球馆-8号,09:00-10:00,0,1,可预约,￥12.0,多云,18,16,3,0.0,81,32
2026-05-21 09:40:36,2026-05-22,4,羽毛球馆-8号,09:00-10:00,0,1,可预约,￥12.0,多云,19,17,3,0.0,79,32
2026-05-21 09:50:42,2026-05-22,4,羽毛球馆-8号,09:00-10:00,0,1,可预约,￥12.0,多云,19,17,4,0.0,81,32
2026-05-21 10:00:46,2026-05-22,4,羽毛球馆-8号,09:00-10:00,0,1,可预约,￥12.0,多云,19,17,4,0.0,79,32
2026-05-21 10:10:40,2026-05-22,4,羽毛球馆-8号,09:00-10:00,0,1,可预约,￥12.0,多云,19,17,4,0.0,79,32
2026-05-21 10:20:38,2026-05-22,4,羽毛球馆-8号,09:00-10:00,0,1,可预约,￥12.0,多云,19,17,4,0.0,79,32
2026-05-21 10:30:41,2026-05-22,4,羽毛球馆-8号,09:00-10:00,0,1,可预约,￥12.0,多云,19,18,3,0.0,78,31
2026-05-21 11:00:44,2026-05-22,4,羽毛球馆-8号,09:00-10:00,0,1,可预约,￥12.0,多云,21,17,5,0.0,74,31
2026-05-21 11:30:38,2026-05-22,4,羽毛球馆-8号,09:00-10:00,0,1,可预约,￥12.0,多云,21,19,3,0.0,72,33
2026-05-21 12:00:46,2026-05-22,4,羽毛球馆-8号,09:00-10:00,0,1,可预约,￥12.0,多云,22,19,4,0.0,70,33
2026-05-21 12:30:42,2026-05-22,4,羽毛球馆-8号,09:00-10:00,0,1,可预约,￥12.0,多云,22,21,3,0.0,68,35
2026-05-21 13:00:43,2026-05-22,4,羽毛球馆-8号,09:00-10:00,0,1,可预约,￥12.0,多云,24,22,4,0.0,66,35
2026-05-21 13:30:43,2026-05-22,4,羽毛球馆-8号,09:00-10:00,0,1,可预约,￥12.0,多云,24,22,4,0.0,66,36
2026-05-21 14:00:48,2026-05-22,4,羽毛球馆-8号,09:00-10:00,0,1,可预约,￥12.0,多云,25,23,4,0.0,66,36
2026-05-21 14:30:45,2026-05-22,4,羽毛球馆-8号,09:00-10:00,0,1,可预约,￥12.0,晴,25,25,3,0.0,65,39
2026-05-21 15:00:45,2026-05-22,4,羽毛球馆-8号,09:00-10:00,0,1,可预约,￥12.0,晴,25,22,4,0.0,56,39
2026-05-21 15:30:43,2026-05-22,4,羽毛球馆-8号,09:00-10:00,0,1,可预约,￥12.0,晴,25,23,4,0.0,57,40
2026-05-21 16:00:51,2026-05-22,4,羽毛球馆-8号,09:00-10:00,0,1,可预约,￥12.0,晴,25,23,4,0.0,57,40
2026-05-21 16:30:48,2026-05-22,4,羽毛球馆-8号,09:00-10:00,0,1,可预约,￥12.0,晴,25,24,3,0.0,60,39
2026-05-21 17:00:49,2026-05-22,4,羽毛球馆-8号,09:00-10:00,0,1,可预约,￥12.0,晴,25,24,4,0.0,61,39
2026-05-21 17:30:47,2026-05-22,4,羽毛球馆-8号,09:00-10:00,0,1,可预约,￥12.0,多云,24,23,3,0.0,64,39
2026-05-21 18:00:50,2026-05-22,4,羽毛球馆-8号,09:00-10:00,0,1,可预约,￥12.0,多云,24,23,3,0.0,68,39
2026-05-21 18:30:50,2026-05-22,4,羽毛球馆-8号,09:00-10:00,0,1,可预约,￥12.0,阴,24,25,2,0.0,68,40
2026-05-21 19:00:50,2026-05-22,4,羽毛球馆-8号,09:00-10:00,0,1,可预约,￥12.0,阴,23,23,3,0.0,76,40
2026-05-21 19:30:46,2026-05-22,4,羽毛球馆-8号,09:00-10:00,0,1,可预约,￥12.0,阴,23,24,2,0.0,77,39
2026-05-21 20:00:49,2026-05-22,4,羽毛球馆-8号,09:00-10:00,0,1,可预约,￥12.0,雾,22,23,2,0.0,89,39
2026-05-21 20:30:44,2026-05-22,4,羽毛球馆-8号,09:00-10:00,0,1,可预约,￥12.0,雾,22,24,2,0.0,93,43
2026-05-21 21:00:56,2026-05-22,4,羽毛球馆-8号,09:00-10:00,0,1,可预约,￥12.0,雾,20,21,2,0.0,98,43
2026-05-21 21:30:46,2026-05-22,4,羽毛球馆-8号,09:00-10:00,0,1,可预约,￥12.0,雾,20,22,1,0.0,99,41
2026-05-21 22:01:02,2026-05-22,4,羽毛球馆-8号,09:00-10:00,0,1,可预约,￥12.0,雾,19,20,2,0.0,93,41
2026-05-21 22:30:47,2026-05-22,4,羽毛球馆-8号,09:00-10:00,0,1,可预约,￥12.0,雾,19,19,3,0.0,88,46
2026-05-21 23:00:56,2026-05-22,4,羽毛球馆-8号,09:00-10:00,0,1,可预约,￥12.0,多云,18,17,3,0.0,85,46
2026-05-21 23:30:55,2026-05-22,4,羽毛球馆-8号,09:00-10:00,0,1,可预约,￥12.0,多云,18,17,3,0.0,85,48
2026-05-21 08:00:45,2026-05-22,4,羽毛球馆-8号,10:00-11:00,1,1,已售/已满,教学时间,晴,17,12,5,0.0,86,29
2026-05-21 08:02:30,2026-05-22,4,羽毛球馆-8号,10:00-11:00,1,1,已售/已满,教学时间,多云,17,12,5,0.0,87,29
2026-05-21 08:05:36,2026-05-22,4,羽毛球馆-8号,10:00-11:00,1,1,已售/已满,教学时间,多云,17,12,5,0.0,86,29
2026-05-21 08:08:31,2026-05-22,4,羽毛球馆-8号,10:00-11:00,1,1,已售/已满,教学时间,多云,17,12,5,0.0,86,29
2026-05-21 08:11:30,2026-05-22,4,羽毛球馆-8号,10:00-11:00,1,1,已售/已满,教学时间,多云,17,12,5,0.0,86,29
2026-05-21 08:14:31,2026-05-22,4,羽毛球馆-8号,10:00-11:00,1,1,已售/已满,教学时间,多云,17,12,5,0.0,86,29
2026-05-21 08:17:30,2026-05-22,4,羽毛球馆-8号,10:00-11:00,1,1,已售/已满,教学时间,多云,17,12,5,0.0,86,29
2026-05-21 08:20:35,2026-05-22,4,羽毛球馆-8号,10:00-11:00,1,1,已售/已满,教学时间,多云,17,14,4,0.0,85,29
2026-05-21 08:25:32,2026-05-22,4,羽毛球馆-8号,10:00-11:00,1,1,已售/已满,教学时间,多云,17,14,4,0.0,85,28
2026-05-21 08:30:42,2026-05-22,4,羽毛球馆-8号,10:00-11:00,1,1,已售/已满,教学时间,多云,18,15,4,0.0,84,28
2026-05-21 08:35:31,2026-05-22,4,羽毛球馆-8号,10:00-11:00,1,1,已售/已满,教学时间,多云,18,15,4,0.0,84,28
2026-05-21 08:40:38,2026-05-22,4,羽毛球馆-8号,10:00-11:00,1,1,已售/已满,教学时间,多云,18,15,4,0.0,82,28
2026-05-21 08:45:33,2026-05-22,4,羽毛球馆-8号,10:00-11:00,1,1,已售/已满,教学时间,多云,18,15,4,0.0,82,28
2026-05-21 08:50:36,2026-05-22,4,羽毛球馆-8号,10:00-11:00,1,1,已售/已满,教学时间,多云,18,15,4,0.0,82,28
2026-05-21 08:55:34,2026-05-22,4,羽毛球馆-8号,10:00-11:00,1,1,已售/已满,教学时间,多云,18,15,4,0.0,84,28
2026-05-21 09:00:51,2026-05-22,4,羽毛球馆-8号,10:00-11:00,1,1,已售/已满,教学时间,多云,18,15,4,0.0,84,28
2026-05-21 09:01:59,2026-05-22,4,羽毛球馆-8号,10:00-11:00,1,1,已售/已满,教学时间,多云,18,15,4,0.0,83,28
2026-05-21 09:05:33,2026-05-22,4,羽毛球馆-8号,10:00-11:00,1,1,已售/已满,教学时间,多云,18,15,4,0.0,83,28
2026-05-21 09:20:38,2026-05-22,4,羽毛球馆-8号,10:00-11:00,1,1,已售/已满,教学时间,多云,18,16,3,0.0,81,28
2026-05-21 09:30:46,2026-05-22,4,羽毛球馆-8号,10:00-11:00,1,1,已售/已满,教学时间,多云,18,16,3,0.0,81,32
2026-05-21 09:40:36,2026-05-22,4,羽毛球馆-8号,10:00-11:00,1,1,已售/已满,教学时间,多云,19,17,3,0.0,79,32
2026-05-21 09:50:42,2026-05-22,4,羽毛球馆-8号,10:00-11:00,1,1,已售/已满,教学时间,多云,19,17,4,0.0,81,32
2026-05-21 10:00:46,2026-05-22,4,羽毛球馆-8号,10:00-11:00,1,1,已售/已满,教学时间,多云,19,17,4,0.0,79,32
2026-05-21 10:10:40,2026-05-22,4,羽毛球馆-8号,10:00-11:00,1,1,已售/已满,教学时间,多云,19,17,4,0.0,79,32
2026-05-21 10:20:38,2026-05-22,4,羽毛球馆-8号,10:00-11:00,1,1,已售/已满,教学时间,多云,19,17,4,0.0,79,32
2026-05-21 10:30:41,2026-05-22,4,羽毛球馆-8号,10:00-11:00,1,1,已售/已满,教学时间,多云,19,18,3,0.0,78,31
2026-05-21 11:00:44,2026-05-22,4,羽毛球馆-8号,10:00-11:00,1,1,已售/已满,教学时间,多云,21,17,5,0.0,74,31
2026-05-21 11:30:38,2026-05-22,4,羽毛球馆-8号,10:00-11:00,1,1,已售/已满,教学时间,多云,21,19,3,0.0,72,33
2026-05-21 12:00:46,2026-05-22,4,羽毛球馆-8号,10:00-11:00,1,1,已售/已满,教学时间,多云,22,19,4,0.0,70,33
2026-05-21 12:30:42,2026-05-22,4,羽毛球馆-8号,10:00-11:00,1,1,已售/已满,教学时间,多云,22,21,3,0.0,68,35
2026-05-21 13:00:43,2026-05-22,4,羽毛球馆-8号,10:00-11:00,1,1,已售/已满,教学时间,多云,24,22,4,0.0,66,35
2026-05-21 13:30:43,2026-05-22,4,羽毛球馆-8号,10:00-11:00,1,1,已售/已满,教学时间,多云,24,22,4,0.0,66,36
2026-05-21 14:00:48,2026-05-22,4,羽毛球馆-8号,10:00-11:00,1,1,已售/已满,教学时间,多云,25,23,4,0.0,66,36
2026-05-21 14:30:45,2026-05-22,4,羽毛球馆-8号,10:00-11:00,1,1,已售/已满,教学时间,晴,25,25,3,0.0,65,39
2026-05-21 15:00:45,2026-05-22,4,羽毛球馆-8号,10:00-11:00,1,1,已售/已满,教学时间,晴,25,22,4,0.0,56,39
2026-05-21 15:30:43,2026-05-22,4,羽毛球馆-8号,10:00-11:00,1,1,已售/已满,教学时间,晴,25,23,4,0.0,57,40
2026-05-21 16:00:51,2026-05-22,4,羽毛球馆-8号,10:00-11:00,1,1,已售/已满,教学时间,晴,25,23,4,0.0,57,40
2026-05-21 16:30:48,2026-05-22,4,羽毛球馆-8号,10:00-11:00,1,1,已售/已满,教学时间,晴,25,24,3,0.0,60,39
2026-05-21 17:00:49,2026-05-22,4,羽毛球馆-8号,10:00-11:00,1,1,已售/已满,教学时间,晴,25,24,4,0.0,61,39
2026-05-21 17:30:47,2026-05-22,4,羽毛球馆-8号,10:00-11:00,1,1,已售/已满,教学时间,多云,24,23,3,0.0,64,39
2026-05-21 18:00:50,2026-05-22,4,羽毛球馆-8号,10:00-11:00,1,1,已售/已满,教学时间,多云,24,23,3,0.0,68,39
2026-05-21 18:30:50,2026-05-22,4,羽毛球馆-8号,10:00-11:00,1,1,已售/已满,教学时间,阴,24,25,2,0.0,68,40
2026-05-21 19:00:50,2026-05-22,4,羽毛球馆-8号,10:00-11:00,1,1,已售/已满,教学时间,阴,23,23,3,0.0,76,40
2026-05-21 19:30:46,2026-05-22,4,羽毛球馆-8号,10:00-11:00,1,1,已售/已满,教学时间,阴,23,24,2,0.0,77,39
2026-05-21 20:00:49,2026-05-22,4,羽毛球馆-8号,10:00-11:00,1,1,已售/已满,教学时间,雾,22,23,2,0.0,89,39
2026-05-21 20:30:44,2026-05-22,4,羽毛球馆-8号,10:00-11:00,1,1,已售/已满,教学时间,雾,22,24,2,0.0,93,43
2026-05-21 21:00:56,2026-05-22,4,羽毛球馆-8号,10:00-11:00,1,1,已售/已满,教学时间,雾,20,21,2,0.0,98,43
2026-05-21 21:30:46,2026-05-22,4,羽毛球馆-8号,10:00-11:00,1,1,已售/已满,教学时间,雾,20,22,1,0.0,99,41
2026-05-21 22:01:02,2026-05-22,4,羽毛球馆-8号,10:00-11:00,1,1,已售/已满,教学时间,雾,19,20,2,0.0,93,41
2026-05-21 22:30:47,2026-05-22,4,羽毛球馆-8号,10:00-11:00,1,1,已售/已满,教学时间,雾,19,19,3,0.0,88,46
2026-05-21 23:00:56,2026-05-22,4,羽毛球馆-8号,10:00-11:00,1,1,已售/已满,教学时间,多云,18,17,3,0.0,85,46
2026-05-21 23:30:55,2026-05-22,4,羽毛球馆-8号,10:00-11:00,1,1,已售/已满,教学时间,多云,18,17,3,0.0,85,48
2026-05-21 08:00:45,2026-05-22,4,羽毛球馆-8号,11:00-12:00,1,1,已售/已满,教学时间,晴,17,12,5,0.0,86,29
2026-05-21 08:02:30,2026-05-22,4,羽毛球馆-8号,11:00-12:00,1,1,已售/已满,教学时间,多云,17,12,5,0.0,87,29
2026-05-21 08:05:36,2026-05-22,4,羽毛球馆-8号,11:00-12:00,1,1,已售/已满,教学时间,多云,17,12,5,0.0,86,29
2026-05-21 08:08:31,2026-05-22,4,羽毛球馆-8号,11:00-12:00,1,1,已售/已满,教学时间,多云,17,12,5,0.0,86,29
2026-05-21 08:11:30,2026-05-22,4,羽毛球馆-8号,11:00-12:00,1,1,已售/已满,教学时间,多云,17,12,5,0.0,86,29
2026-05-21 08:14:31,2026-05-22,4,羽毛球馆-8号,11:00-12:00,1,1,已售/已满,教学时间,多云,17,12,5,0.0,86,29
2026-05-21 08:17:30,2026-05-22,4,羽毛球馆-8号,11:00-12:00,1,1,已售/已满,教学时间,多云,17,12,5,0.0,86,29
2026-05-21 08:20:35,2026-05-22,4,羽毛球馆-8号,11:00-12:00,1,1,已售/已满,教学时间,多云,17,14,4,0.0,85,29
2026-05-21 08:25:32,2026-05-22,4,羽毛球馆-8号,11:00-12:00,1,1,已售/已满,教学时间,多云,17,14,4,0.0,85,28
2026-05-21 08:30:42,2026-05-22,4,羽毛球馆-8号,11:00-12:00,1,1,已售/已满,教学时间,多云,18,15,4,0.0,84,28
2026-05-21 08:35:31,2026-05-22,4,羽毛球馆-8号,11:00-12:00,1,1,已售/已满,教学时间,多云,18,15,4,0.0,84,28
2026-05-21 08:40:38,2026-05-22,4,羽毛球馆-8号,11:00-12:00,1,1,已售/已满,教学时间,多云,18,15,4,0.0,82,28
2026-05-21 08:45:33,2026-05-22,4,羽毛球馆-8号,11:00-12:00,1,1,已售/已满,教学时间,多云,18,15,4,0.0,82,28
2026-05-21 08:50:36,2026-05-22,4,羽毛球馆-8号,11:00-12:00,1,1,已售/已满,教学时间,多云,18,15,4,0.0,82,28
2026-05-21 08:55:34,2026-05-22,4,羽毛球馆-8号,11:00-12:00,1,1,已售/已满,教学时间,多云,18,15,4,0.0,84,28
2026-05-21 09:00:51,2026-05-22,4,羽毛球馆-8号,11:00-12:00,1,1,已售/已满,教学时间,多云,18,15,4,0.0,84,28
2026-05-21 09:01:59,2026-05-22,4,羽毛球馆-8号,11:00-12:00,1,1,已售/已满,教学时间,多云,18,15,4,0.0,83,28
2026-05-21 09:05:33,2026-05-22,4,羽毛球馆-8号,11:00-12:00,1,1,已售/已满,教学时间,多云,18,15,4,0.0,83,28
2026-05-21 09:20:38,2026-05-22,4,羽毛球馆-8号,11:00-12:00,1,1,已售/已满,教学时间,多云,18,16,3,0.0,81,28
2026-05-21 09:30:46,2026-05-22,4,羽毛球馆-8号,11:00-12:00,1,1,已售/已满,教学时间,多云,18,16,3,0.0,81,32
2026-05-21 09:40:36,2026-05-22,4,羽毛球馆-8号,11:00-12:00,1,1,已售/已满,教学时间,多云,19,17,3,0.0,79,32
2026-05-21 09:50:42,2026-05-22,4,羽毛球馆-8号,11:00-12:00,1,1,已售/已满,教学时间,多云,19,17,4,0.0,81,32
2026-05-21 10:00:46,2026-05-22,4,羽毛球馆-8号,11:00-12:00,1,1,已售/已满,教学时间,多云,19,17,4,0.0,79,32
2026-05-21 10:10:40,2026-05-22,4,羽毛球馆-8号,11:00-12:00,1,1,已售/已满,教学时间,多云,19,17,4,0.0,79,32
2026-05-21 10:20:38,2026-05-22,4,羽毛球馆-8号,11:00-12:00,1,1,已售/已满,教学时间,多云,19,17,4,0.0,79,32
2026-05-21 10:30:41,2026-05-22,4,羽毛球馆-8号,11:00-12:00,1,1,已售/已满,教学时间,多云,19,18,3,0.0,78,31
2026-05-21 11:00:44,2026-05-22,4,羽毛球馆-8号,11:00-12:00,1,1,已售/已满,教学时间,多云,21,17,5,0.0,74,31
2026-05-21 11:30:38,2026-05-22,4,羽毛球馆-8号,11:00-12:00,1,1,已售/已满,教学时间,多云,21,19,3,0.0,72,33
2026-05-21 12:00:46,2026-05-22,4,羽毛球馆-8号,11:00-12:00,1,1,已售/已满,教学时间,多云,22,19,4,0.0,70,33
2026-05-21 12:30:42,2026-05-22,4,羽毛球馆-8号,11:00-12:00,1,1,已售/已满,教学时间,多云,22,21,3,0.0,68,35
2026-05-21 13:00:43,2026-05-22,4,羽毛球馆-8号,11:00-12:00,1,1,已售/已满,教学时间,多云,24,22,4,0.0,66,35
2026-05-21 13:30:43,2026-05-22,4,羽毛球馆-8号,11:00-12:00,1,1,已售/已满,教学时间,多云,24,22,4,0.0,66,36
2026-05-21 14:00:48,2026-05-22,4,羽毛球馆-8号,11:00-12:00,1,1,已售/已满,教学时间,多云,25,23,4,0.0,66,36
2026-05-21 14:30:45,2026-05-22,4,羽毛球馆-8号,11:00-12:00,1,1,已售/已满,教学时间,晴,25,25,3,0.0,65,39
2026-05-21 15:00:45,2026-05-22,4,羽毛球馆-8号,11:00-12:00,1,1,已售/已满,教学时间,晴,25,22,4,0.0,56,39
2026-05-21 15:30:43,2026-05-22,4,羽毛球馆-8号,11:00-12:00,1,1,已售/已满,教学时间,晴,25,23,4,0.0,57,40
2026-05-21 16:00:51,2026-05-22,4,羽毛球馆-8号,11:00-12:00,1,1,已售/已满,教学时间,晴,25,23,4,0.0,57,40
2026-05-21 16:30:48,2026-05-22,4,羽毛球馆-8号,11:00-12:00,1,1,已售/已满,教学时间,晴,25,24,3,0.0,60,39
2026-05-21 17:00:49,2026-05-22,4,羽毛球馆-8号,11:00-12:00,1,1,已售/已满,教学时间,晴,25,24,4,0.0,61,39
2026-05-21 17:30:47,2026-05-22,4,羽毛球馆-8号,11:00-12:00,1,1,已售/已满,教学时间,多云,24,23,3,0.0,64,39
2026-05-21 18:00:50,2026-05-22,4,羽毛球馆-8号,11:00-12:00,1,1,已售/已满,教学时间,多云,24,23,3,0.0,68,39
2026-05-21 18:30:50,2026-05-22,4,羽毛球馆-8号,11:00-12:00,1,1,已售/已满,教学时间,阴,24,25,2,0.0,68,40
2026-05-21 19:00:50,2026-05-22,4,羽毛球馆-8号,11:00-12:00,1,1,已售/已满,教学时间,阴,23,23,3,0.0,76,40
2026-05-21 19:30:46,2026-05-22,4,羽毛球馆-8号,11:00-12:00,1,1,已售/已满,教学时间,阴,23,24,2,0.0,77,39
2026-05-21 20:00:49,2026-05-22,4,羽毛球馆-8号,11:00-12:00,1,1,已售/已满,教学时间,雾,22,23,2,0.0,89,39
2026-05-21 20:30:44,2026-05-22,4,羽毛球馆-8号,11:00-12:00,1,1,已售/已满,教学时间,雾,22,24,2,0.0,93,43
2026-05-21 21:00:56,2026-05-22,4,羽毛球馆-8号,11:00-12:00,1,1,已售/已满,教学时间,雾,20,21,2,0.0,98,43
2026-05-21 21:30:46,2026-05-22,4,羽毛球馆-8号,11:00-12:00,1,1,已售/已满,教学时间,雾,20,22,1,0.0,99,41
2026-05-21 22:01:02,2026-05-22,4,羽毛球馆-8号,11:00-12:00,1,1,已售/已满,教学时间,雾,19,20,2,0.0,93,41
2026-05-21 22:30:47,2026-05-22,4,羽毛球馆-8号,11:00-12:00,1,1,已售/已满,教学时间,雾,19,19,3,0.0,88,46
2026-05-21 23:00:56,2026-05-22,4,羽毛球馆-8号,11:00-12:00,1,1,已售/已满,教学时间,多云,18,17,3,0.0,85,46
2026-05-21 23:30:55,2026-05-22,4,羽毛球馆-8号,11:00-12:00,1,1,已售/已满,教学时间,多云,18,17,3,0.0,85,48
2026-05-21 08:00:45,2026-05-22,4,羽毛球馆-8号,12:00-12:55,0,1,可预约,￥0.0,晴,17,12,5,0.0,86,29
2026-05-21 08:02:30,2026-05-22,4,羽毛球馆-8号,12:00-12:55,0,1,可预约,￥0.0,多云,17,12,5,0.0,87,29
2026-05-21 08:05:36,2026-05-22,4,羽毛球馆-8号,12:00-12:55,1,1,已售/已满,已售,多云,17,12,5,0.0,86,29
2026-05-21 08:08:31,2026-05-22,4,羽毛球馆-8号,12:00-12:55,1,1,已售/已满,已售,多云,17,12,5,0.0,86,29
2026-05-21 08:11:30,2026-05-22,4,羽毛球馆-8号,12:00-12:55,1,1,已售/已满,已售,多云,17,12,5,0.0,86,29
2026-05-21 08:14:31,2026-05-22,4,羽毛球馆-8号,12:00-12:55,1,1,已售/已满,已售,多云,17,12,5,0.0,86,29
2026-05-21 08:17:30,2026-05-22,4,羽毛球馆-8号,12:00-12:55,1,1,已售/已满,已售,多云,17,12,5,0.0,86,29
2026-05-21 08:20:35,2026-05-22,4,羽毛球馆-8号,12:00-12:55,1,1,已售/已满,已售,多云,17,14,4,0.0,85,29
2026-05-21 08:25:32,2026-05-22,4,羽毛球馆-8号,12:00-12:55,1,1,已售/已满,已售,多云,17,14,4,0.0,85,28
2026-05-21 08:30:42,2026-05-22,4,羽毛球馆-8号,12:00-12:55,1,1,已售/已满,已售,多云,18,15,4,0.0,84,28
2026-05-21 08:35:31,2026-05-22,4,羽毛球馆-8号,12:00-12:55,1,1,已售/已满,已售,多云,18,15,4,0.0,84,28
2026-05-21 08:40:38,2026-05-22,4,羽毛球馆-8号,12:00-12:55,1,1,已售/已满,已售,多云,18,15,4,0.0,82,28
2026-05-21 08:45:33,2026-05-22,4,羽毛球馆-8号,12:00-12:55,1,1,已售/已满,已售,多云,18,15,4,0.0,82,28
2026-05-21 08:50:36,2026-05-22,4,羽毛球馆-8号,12:00-12:55,1,1,已售/已满,已售,多云,18,15,4,0.0,82,28
2026-05-21 08:55:34,2026-05-22,4,羽毛球馆-8号,12:00-12:55,1,1,已售/已满,已售,多云,18,15,4,0.0,84,28
2026-05-21 09:00:51,2026-05-22,4,羽毛球馆-8号,12:00-12:55,1,1,已售/已满,已售,多云,18,15,4,0.0,84,28
2026-05-21 09:01:59,2026-05-22,4,羽毛球馆-8号,12:00-12:55,1,1,已售/已满,已售,多云,18,15,4,0.0,83,28
2026-05-21 09:05:33,2026-05-22,4,羽毛球馆-8号,12:00-12:55,1,1,已售/已满,已售,多云,18,15,4,0.0,83,28
2026-05-21 09:20:38,2026-05-22,4,羽毛球馆-8号,12:00-12:55,1,1,已售/已满,已售,多云,18,16,3,0.0,81,28
2026-05-21 09:30:46,2026-05-22,4,羽毛球馆-8号,12:00-12:55,1,1,已售/已满,已售,多云,18,16,3,0.0,81,32
2026-05-21 09:40:36,2026-05-22,4,羽毛球馆-8号,12:00-12:55,1,1,已售/已满,已售,多云,19,17,3,0.0,79,32
2026-05-21 09:50:42,2026-05-22,4,羽毛球馆-8号,12:00-12:55,1,1,已售/已满,已售,多云,19,17,4,0.0,81,32
2026-05-21 10:00:46,2026-05-22,4,羽毛球馆-8号,12:00-12:55,1,1,已售/已满,已售,多云,19,17,4,0.0,79,32
2026-05-21 10:10:40,2026-05-22,4,羽毛球馆-8号,12:00-12:55,1,1,已售/已满,已售,多云,19,17,4,0.0,79,32
2026-05-21 10:20:38,2026-05-22,4,羽毛球馆-8号,12:00-12:55,1,1,已售/已满,已售,多云,19,17,4,0.0,79,32
2026-05-21 10:30:41,2026-05-22,4,羽毛球馆-8号,12:00-12:55,1,1,已售/已满,已售,多云,19,18,3,0.0,78,31
2026-05-21 11:00:44,2026-05-22,4,羽毛球馆-8号,12:00-12:55,1,1,已售/已满,已售,多云,21,17,5,0.0,74,31
2026-05-21 11:30:38,2026-05-22,4,羽毛球馆-8号,12:00-12:55,1,1,已售/已满,已售,多云,21,19,3,0.0,72,33
2026-05-21 12:00:46,2026-05-22,4,羽毛球馆-8号,12:00-12:55,1,1,已售/已满,已售,多云,22,19,4,0.0,70,33
2026-05-21 12:30:42,2026-05-22,4,羽毛球馆-8号,12:00-12:55,1,1,已售/已满,已售,多云,22,21,3,0.0,68,35
2026-05-21 13:00:43,2026-05-22,4,羽毛球馆-8号,12:00-12:55,1,1,已售/已满,已售,多云,24,22,4,0.0,66,35
2026-05-21 13:30:43,2026-05-22,4,羽毛球馆-8号,12:00-12:55,1,1,已售/已满,已售,多云,24,22,4,0.0,66,36
2026-05-21 14:00:48,2026-05-22,4,羽毛球馆-8号,12:00-12:55,1,1,已售/已满,已售,多云,25,23,4,0.0,66,36
2026-05-21 14:30:45,2026-05-22,4,羽毛球馆-8号,12:00-12:55,1,1,已售/已满,已售,晴,25,25,3,0.0,65,39
2026-05-21 15:00:45,2026-05-22,4,羽毛球馆-8号,12:00-12:55,1,1,已售/已满,已售,晴,25,22,4,0.0,56,39
2026-05-21 15:30:43,2026-05-22,4,羽毛球馆-8号,12:00-12:55,1,1,已售/已满,已售,晴,25,23,4,0.0,57,40
2026-05-21 16:00:51,2026-05-22,4,羽毛球馆-8号,12:00-12:55,1,1,已售/已满,已售,晴,25,23,4,0.0,57,40
2026-05-21 16:30:48,2026-05-22,4,羽毛球馆-8号,12:00-12:55,1,1,已售/已满,已售,晴,25,24,3,0.0,60,39
2026-05-21 17:00:49,2026-05-22,4,羽毛球馆-8号,12:00-12:55,1,1,已售/已满,已售,晴,25,24,4,0.0,61,39
2026-05-21 17:30:47,2026-05-22,4,羽毛球馆-8号,12:00-12:55,1,1,已售/已满,已售,多云,24,23,3,0.0,64,39
2026-05-21 18:00:50,2026-05-22,4,羽毛球馆-8号,12:00-12:55,1,1,已售/已满,已售,多云,24,23,3,0.0,68,39
2026-05-21 18:30:50,2026-05-22,4,羽毛球馆-8号,12:00-12:55,1,1,已售/已满,已售,阴,24,25,2,0.0,68,40
2026-05-21 19:00:50,2026-05-22,4,羽毛球馆-8号,12:00-12:55,1,1,已售/已满,已售,阴,23,23,3,0.0,76,40
2026-05-21 19:30:46,2026-05-22,4,羽毛球馆-8号,12:00-12:55,1,1,已售/已满,已售,阴,23,24,2,0.0,77,39
2026-05-21 20:00:49,2026-05-22,4,羽毛球馆-8号,12:00-12:55,1,1,已售/已满,已售,雾,22,23,2,0.0,89,39
2026-05-21 20:30:44,2026-05-22,4,羽毛球馆-8号,12:00-12:55,1,1,已售/已满,已售,雾,22,24,2,0.0,93,43
2026-05-21 21:00:56,2026-05-22,4,羽毛球馆-8号,12:00-12:55,1,1,已售/已满,已售,雾,20,21,2,0.0,98,43
2026-05-21 21:30:46,2026-05-22,4,羽毛球馆-8号,12:00-12:55,1,1,已售/已满,已售,雾,20,22,1,0.0,99,41
2026-05-21 22:01:02,2026-05-22,4,羽毛球馆-8号,12:00-12:55,1,1,已售/已满,已售,雾,19,20,2,0.0,93,41
2026-05-21 22:30:47,2026-05-22,4,羽毛球馆-8号,12:00-12:55,1,1,已售/已满,已售,雾,19,19,3,0.0,88,46
2026-05-21 23:00:56,2026-05-22,4,羽毛球馆-8号,12:00-12:55,1,1,已售/已满,已售,多云,18,17,3,0.0,85,46
2026-05-21 23:30:55,2026-05-22,4,羽毛球馆-8号,12:00-12:55,1,1,已售/已满,已售,多云,18,17,3,0.0,85,48
2026-05-21 08:00:45,2026-05-22,4,羽毛球馆-8号,12:55-13:50,0,1,可预约,￥0.0,晴,17,12,5,0.0,86,29
2026-05-21 08:02:30,2026-05-22,4,羽毛球馆-8号,12:55-13:50,0,1,可预约,￥0.0,多云,17,12,5,0.0,87,29
2026-05-21 08:05:36,2026-05-22,4,羽毛球馆-8号,12:55-13:50,1,1,已售/已满,已售,多云,17,12,5,0.0,86,29
2026-05-21 08:08:31,2026-05-22,4,羽毛球馆-8号,12:55-13:50,1,1,已售/已满,已售,多云,17,12,5,0.0,86,29
2026-05-21 08:11:30,2026-05-22,4,羽毛球馆-8号,12:55-13:50,1,1,已售/已满,已售,多云,17,12,5,0.0,86,29
2026-05-21 08:14:31,2026-05-22,4,羽毛球馆-8号,12:55-13:50,1,1,已售/已满,已售,多云,17,12,5,0.0,86,29
2026-05-21 08:17:30,2026-05-22,4,羽毛球馆-8号,12:55-13:50,1,1,已售/已满,已售,多云,17,12,5,0.0,86,29
2026-05-21 08:20:35,2026-05-22,4,羽毛球馆-8号,12:55-13:50,1,1,已售/已满,已售,多云,17,14,4,0.0,85,29
2026-05-21 08:25:32,2026-05-22,4,羽毛球馆-8号,12:55-13:50,1,1,已售/已满,已售,多云,17,14,4,0.0,85,28
2026-05-21 08:30:42,2026-05-22,4,羽毛球馆-8号,12:55-13:50,1,1,已售/已满,已售,多云,18,15,4,0.0,84,28
2026-05-21 08:35:31,2026-05-22,4,羽毛球馆-8号,12:55-13:50,1,1,已售/已满,已售,多云,18,15,4,0.0,84,28
2026-05-21 08:40:38,2026-05-22,4,羽毛球馆-8号,12:55-13:50,1,1,已售/已满,已售,多云,18,15,4,0.0,82,28
2026-05-21 08:45:33,2026-05-22,4,羽毛球馆-8号,12:55-13:50,1,1,已售/已满,已售,多云,18,15,4,0.0,82,28
2026-05-21 08:50:36,2026-05-22,4,羽毛球馆-8号,12:55-13:50,1,1,已售/已满,已售,多云,18,15,4,0.0,82,28
2026-05-21 08:55:34,2026-05-22,4,羽毛球馆-8号,12:55-13:50,1,1,已售/已满,已售,多云,18,15,4,0.0,84,28
2026-05-21 09:00:51,2026-05-22,4,羽毛球馆-8号,12:55-13:50,1,1,已售/已满,已售,多云,18,15,4,0.0,84,28
2026-05-21 09:01:59,2026-05-22,4,羽毛球馆-8号,12:55-13:50,1,1,已售/已满,已售,多云,18,15,4,0.0,83,28
2026-05-21 09:05:33,2026-05-22,4,羽毛球馆-8号,12:55-13:50,1,1,已售/已满,已售,多云,18,15,4,0.0,83,28
2026-05-21 09:20:38,2026-05-22,4,羽毛球馆-8号,12:55-13:50,1,1,已售/已满,已售,多云,18,16,3,0.0,81,28
2026-05-21 09:30:46,2026-05-22,4,羽毛球馆-8号,12:55-13:50,1,1,已售/已满,已售,多云,18,16,3,0.0,81,32
2026-05-21 09:40:36,2026-05-22,4,羽毛球馆-8号,12:55-13:50,1,1,已售/已满,已售,多云,19,17,3,0.0,79,32
2026-05-21 09:50:42,2026-05-22,4,羽毛球馆-8号,12:55-13:50,1,1,已售/已满,已售,多云,19,17,4,0.0,81,32
2026-05-21 10:00:46,2026-05-22,4,羽毛球馆-8号,12:55-13:50,1,1,已售/已满,已售,多云,19,17,4,0.0,79,32
2026-05-21 10:10:40,2026-05-22,4,羽毛球馆-8号,12:55-13:50,1,1,已售/已满,已售,多云,19,17,4,0.0,79,32
2026-05-21 10:20:38,2026-05-22,4,羽毛球馆-8号,12:55-13:50,1,1,已售/已满,已售,多云,19,17,4,0.0,79,32
2026-05-21 10:30:41,2026-05-22,4,羽毛球馆-8号,12:55-13:50,1,1,已售/已满,已售,多云,19,18,3,0.0,78,31
2026-05-21 11:00:44,2026-05-22,4,羽毛球馆-8号,12:55-13:50,1,1,已售/已满,已售,多云,21,17,5,0.0,74,31
2026-05-21 11:30:38,2026-05-22,4,羽毛球馆-8号,12:55-13:50,1,1,已售/已满,已售,多云,21,19,3,0.0,72,33
2026-05-21 12:00:46,2026-05-22,4,羽毛球馆-8号,12:55-13:50,1,1,已售/已满,已售,多云,22,19,4,0.0,70,33
2026-05-21 12:30:42,2026-05-22,4,羽毛球馆-8号,12:55-13:50,1,1,已售/已满,已售,多云,22,21,3,0.0,68,35
2026-05-21 13:00:43,2026-05-22,4,羽毛球馆-8号,12:55-13:50,1,1,已售/已满,已售,多云,24,22,4,0.0,66,35
2026-05-21 13:30:43,2026-05-22,4,羽毛球馆-8号,12:55-13:50,1,1,已售/已满,已售,多云,24,22,4,0.0,66,36
2026-05-21 14:00:48,2026-05-22,4,羽毛球馆-8号,12:55-13:50,1,1,已售/已满,已售,多云,25,23,4,0.0,66,36
2026-05-21 14:30:45,2026-05-22,4,羽毛球馆-8号,12:55-13:50,1,1,已售/已满,已售,晴,25,25,3,0.0,65,39
2026-05-21 15:00:45,2026-05-22,4,羽毛球馆-8号,12:55-13:50,1,1,已售/已满,已售,晴,25,22,4,0.0,56,39
2026-05-21 15:30:43,2026-05-22,4,羽毛球馆-8号,12:55-13:50,1,1,已售/已满,已售,晴,25,23,4,0.0,57,40
2026-05-21 16:00:51,2026-05-22,4,羽毛球馆-8号,12:55-13:50,1,1,已售/已满,已售,晴,25,23,4,0.0,57,40
2026-05-21 16:30:48,2026-05-22,4,羽毛球馆-8号,12:55-13:50,1,1,已售/已满,已售,晴,25,24,3,0.0,60,39
2026-05-21 17:00:49,2026-05-22,4,羽毛球馆-8号,12:55-13:50,1,1,已售/已满,已售,晴,25,24,4,0.0,61,39
2026-05-21 17:30:47,2026-05-22,4,羽毛球馆-8号,12:55-13:50,1,1,已售/已满,已售,多云,24,23,3,0.0,64,39
2026-05-21 18:00:50,2026-05-22,4,羽毛球馆-8号,12:55-13:50,1,1,已售/已满,已售,多云,24,23,3,0.0,68,39
2026-05-21 18:30:50,2026-05-22,4,羽毛球馆-8号,12:55-13:50,1,1,已售/已满,已售,阴,24,25,2,0.0,68,40
2026-05-21 19:00:50,2026-05-22,4,羽毛球馆-8号,12:55-13:50,1,1,已售/已满,已售,阴,23,23,3,0.0,76,40
2026-05-21 19:30:46,2026-05-22,4,羽毛球馆-8号,12:55-13:50,1,1,已售/已满,已售,阴,23,24,2,0.0,77,39
2026-05-21 20:00:49,2026-05-22,4,羽毛球馆-8号,12:55-13:50,1,1,已售/已满,已售,雾,22,23,2,0.0,89,39
2026-05-21 20:30:44,2026-05-22,4,羽毛球馆-8号,12:55-13:50,1,1,已售/已满,已售,雾,22,24,2,0.0,93,43
2026-05-21 21:00:56,2026-05-22,4,羽毛球馆-8号,12:55-13:50,1,1,已售/已满,已售,雾,20,21,2,0.0,98,43
2026-05-21 21:30:46,2026-05-22,4,羽毛球馆-8号,12:55-13:50,1,1,已售/已满,已售,雾,20,22,1,0.0,99,41
2026-05-21 22:01:02,2026-05-22,4,羽毛球馆-8号,12:55-13:50,1,1,已售/已满,已售,雾,19,20,2,0.0,93,41
2026-05-21 22:30:47,2026-05-22,4,羽毛球馆-8号,12:55-13:50,1,1,已售/已满,已售,雾,19,19,3,0.0,88,46
2026-05-21 23:00:56,2026-05-22,4,羽毛球馆-8号,12:55-13:50,1,1,已售/已满,已售,多云,18,17,3,0.0,85,46
2026-05-21 23:30:55,2026-05-22,4,羽毛球馆-8号,12:55-13:50,1,1,已售/已满,已售,多云,18,17,3,0.0,85,48
2026-05-21 08:00:45,2026-05-22,4,羽毛球馆-8号,14:00-15:00,1,1,已售/已满,教学时间,晴,17,12,5,0.0,86,29
2026-05-21 08:02:30,2026-05-22,4,羽毛球馆-8号,14:00-15:00,1,1,已售/已满,教学时间,多云,17,12,5,0.0,87,29
2026-05-21 08:05:36,2026-05-22,4,羽毛球馆-8号,14:00-15:00,1,1,已售/已满,教学时间,多云,17,12,5,0.0,86,29
2026-05-21 08:08:31,2026-05-22,4,羽毛球馆-8号,14:00-15:00,1,1,已售/已满,教学时间,多云,17,12,5,0.0,86,29
2026-05-21 08:11:30,2026-05-22,4,羽毛球馆-8号,14:00-15:00,1,1,已售/已满,教学时间,多云,17,12,5,0.0,86,29
2026-05-21 08:14:31,2026-05-22,4,羽毛球馆-8号,14:00-15:00,1,1,已售/已满,教学时间,多云,17,12,5,0.0,86,29
2026-05-21 08:17:30,2026-05-22,4,羽毛球馆-8号,14:00-15:00,1,1,已售/已满,教学时间,多云,17,12,5,0.0,86,29
2026-05-21 08:20:35,2026-05-22,4,羽毛球馆-8号,14:00-15:00,1,1,已售/已满,教学时间,多云,17,14,4,0.0,85,29
2026-05-21 08:25:32,2026-05-22,4,羽毛球馆-8号,14:00-15:00,1,1,已售/已满,教学时间,多云,17,14,4,0.0,85,28
2026-05-21 08:30:42,2026-05-22,4,羽毛球馆-8号,14:00-15:00,1,1,已售/已满,教学时间,多云,18,15,4,0.0,84,28
2026-05-21 08:35:31,2026-05-22,4,羽毛球馆-8号,14:00-15:00,1,1,已售/已满,教学时间,多云,18,15,4,0.0,84,28
2026-05-21 08:40:38,2026-05-22,4,羽毛球馆-8号,14:00-15:00,1,1,已售/已满,教学时间,多云,18,15,4,0.0,82,28
2026-05-21 08:45:33,2026-05-22,4,羽毛球馆-8号,14:00-15:00,1,1,已售/已满,教学时间,多云,18,15,4,0.0,82,28
2026-05-21 08:50:36,2026-05-22,4,羽毛球馆-8号,14:00-15:00,1,1,已售/已满,教学时间,多云,18,15,4,0.0,82,28
2026-05-21 08:55:34,2026-05-22,4,羽毛球馆-8号,14:00-15:00,1,1,已售/已满,教学时间,多云,18,15,4,0.0,84,28
2026-05-21 09:00:51,2026-05-22,4,羽毛球馆-8号,14:00-15:00,1,1,已售/已满,教学时间,多云,18,15,4,0.0,84,28
2026-05-21 09:01:59,2026-05-22,4,羽毛球馆-8号,14:00-15:00,1,1,已售/已满,教学时间,多云,18,15,4,0.0,83,28
2026-05-21 09:05:33,2026-05-22,4,羽毛球馆-8号,14:00-15:00,1,1,已售/已满,教学时间,多云,18,15,4,0.0,83,28
2026-05-21 09:20:38,2026-05-22,4,羽毛球馆-8号,14:00-15:00,1,1,已售/已满,教学时间,多云,18,16,3,0.0,81,28
2026-05-21 09:30:46,2026-05-22,4,羽毛球馆-8号,14:00-15:00,1,1,已售/已满,教学时间,多云,18,16,3,0.0,81,32
2026-05-21 09:40:36,2026-05-22,4,羽毛球馆-8号,14:00-15:00,1,1,已售/已满,教学时间,多云,19,17,3,0.0,79,32
2026-05-21 09:50:42,2026-05-22,4,羽毛球馆-8号,14:00-15:00,1,1,已售/已满,教学时间,多云,19,17,4,0.0,81,32
2026-05-21 10:00:46,2026-05-22,4,羽毛球馆-8号,14:00-15:00,1,1,已售/已满,教学时间,多云,19,17,4,0.0,79,32
2026-05-21 10:10:40,2026-05-22,4,羽毛球馆-8号,14:00-15:00,1,1,已售/已满,教学时间,多云,19,17,4,0.0,79,32
2026-05-21 10:20:38,2026-05-22,4,羽毛球馆-8号,14:00-15:00,1,1,已售/已满,教学时间,多云,19,17,4,0.0,79,32
2026-05-21 10:30:41,2026-05-22,4,羽毛球馆-8号,14:00-15:00,1,1,已售/已满,教学时间,多云,19,18,3,0.0,78,31
2026-05-21 11:00:44,2026-05-22,4,羽毛球馆-8号,14:00-15:00,1,1,已售/已满,教学时间,多云,21,17,5,0.0,74,31
2026-05-21 11:30:38,2026-05-22,4,羽毛球馆-8号,14:00-15:00,1,1,已售/已满,教学时间,多云,21,19,3,0.0,72,33
2026-05-21 12:00:46,2026-05-22,4,羽毛球馆-8号,14:00-15:00,1,1,已售/已满,教学时间,多云,22,19,4,0.0,70,33
2026-05-21 12:30:42,2026-05-22,4,羽毛球馆-8号,14:00-15:00,1,1,已售/已满,教学时间,多云,22,21,3,0.0,68,35
2026-05-21 13:00:43,2026-05-22,4,羽毛球馆-8号,14:00-15:00,1,1,已售/已满,教学时间,多云,24,22,4,0.0,66,35
2026-05-21 13:30:43,2026-05-22,4,羽毛球馆-8号,14:00-15:00,1,1,已售/已满,教学时间,多云,24,22,4,0.0,66,36
2026-05-21 14:00:48,2026-05-22,4,羽毛球馆-8号,14:00-15:00,1,1,已售/已满,教学时间,多云,25,23,4,0.0,66,36
2026-05-21 14:30:45,2026-05-22,4,羽毛球馆-8号,14:00-15:00,1,1,已售/已满,教学时间,晴,25,25,3,0.0,65,39
2026-05-21 15:00:45,2026-05-22,4,羽毛球馆-8号,14:00-15:00,1,1,已售/已满,教学时间,晴,25,22,4,0.0,56,39
2026-05-21 15:30:43,2026-05-22,4,羽毛球馆-8号,14:00-15:00,1,1,已售/已满,教学时间,晴,25,23,4,0.0,57,40
2026-05-21 16:00:51,2026-05-22,4,羽毛球馆-8号,14:00-15:00,1,1,已售/已满,教学时间,晴,25,23,4,0.0,57,40
2026-05-21 16:30:48,2026-05-22,4,羽毛球馆-8号,14:00-15:00,1,1,已售/已满,教学时间,晴,25,24,3,0.0,60,39
2026-05-21 17:00:49,2026-05-22,4,羽毛球馆-8号,14:00-15:00,1,1,已售/已满,教学时间,晴,25,24,4,0.0,61,39
2026-05-21 17:30:47,2026-05-22,4,羽毛球馆-8号,14:00-15:00,1,1,已售/已满,教学时间,多云,24,23,3,0.0,64,39
2026-05-21 18:00:50,2026-05-22,4,羽毛球馆-8号,14:00-15:00,1,1,已售/已满,教学时间,多云,24,23,3,0.0,68,39
2026-05-21 18:30:50,2026-05-22,4,羽毛球馆-8号,14:00-15:00,1,1,已售/已满,教学时间,阴,24,25,2,0.0,68,40
2026-05-21 19:00:50,2026-05-22,4,羽毛球馆-8号,14:00-15:00,1,1,已售/已满,教学时间,阴,23,23,3,0.0,76,40
2026-05-21 19:30:46,2026-05-22,4,羽毛球馆-8号,14:00-15:00,1,1,已售/已满,教学时间,阴,23,24,2,0.0,77,39
2026-05-21 20:00:49,2026-05-22,4,羽毛球馆-8号,14:00-15:00,1,1,已售/已满,教学时间,雾,22,23,2,0.0,89,39
2026-05-21 20:30:44,2026-05-22,4,羽毛球馆-8号,14:00-15:00,1,1,已售/已满,教学时间,雾,22,24,2,0.0,93,43
2026-05-21 21:00:56,2026-05-22,4,羽毛球馆-8号,14:00-15:00,1,1,已售/已满,教学时间,雾,20,21,2,0.0,98,43
2026-05-21 21:30:46,2026-05-22,4,羽毛球馆-8号,14:00-15:00,1,1,已售/已满,教学时间,雾,20,22,1,0.0,99,41
2026-05-21 22:01:02,2026-05-22,4,羽毛球馆-8号,14:00-15:00,1,1,已售/已满,教学时间,雾,19,20,2,0.0,93,41
2026-05-21 22:30:47,2026-05-22,4,羽毛球馆-8号,14:00-15:00,1,1,已售/已满,教学时间,雾,19,19,3,0.0,88,46
2026-05-21 23:00:56,2026-05-22,4,羽毛球馆-8号,14:00-15:00,1,1,已售/已满,教学时间,多云,18,17,3,0.0,85,46
2026-05-21 23:30:55,2026-05-22,4,羽毛球馆-8号,14:00-15:00,1,1,已售/已满,教学时间,多云,18,17,3,0.0,85,48
2026-05-21 08:00:45,2026-05-22,4,羽毛球馆-8号,15:00-16:00,1,1,已售/已满,教学时间,晴,17,12,5,0.0,86,29
2026-05-21 08:02:30,2026-05-22,4,羽毛球馆-8号,15:00-16:00,1,1,已售/已满,教学时间,多云,17,12,5,0.0,87,29
2026-05-21 08:05:36,2026-05-22,4,羽毛球馆-8号,15:00-16:00,1,1,已售/已满,教学时间,多云,17,12,5,0.0,86,29
2026-05-21 08:08:31,2026-05-22,4,羽毛球馆-8号,15:00-16:00,1,1,已售/已满,教学时间,多云,17,12,5,0.0,86,29
2026-05-21 08:11:30,2026-05-22,4,羽毛球馆-8号,15:00-16:00,1,1,已售/已满,教学时间,多云,17,12,5,0.0,86,29
2026-05-21 08:14:31,2026-05-22,4,羽毛球馆-8号,15:00-16:00,1,1,已售/已满,教学时间,多云,17,12,5,0.0,86,29
2026-05-21 08:17:30,2026-05-22,4,羽毛球馆-8号,15:00-16:00,1,1,已售/已满,教学时间,多云,17,12,5,0.0,86,29
2026-05-21 08:20:35,2026-05-22,4,羽毛球馆-8号,15:00-16:00,1,1,已售/已满,教学时间,多云,17,14,4,0.0,85,29
2026-05-21 08:25:32,2026-05-22,4,羽毛球馆-8号,15:00-16:00,1,1,已售/已满,教学时间,多云,17,14,4,0.0,85,28
2026-05-21 08:30:42,2026-05-22,4,羽毛球馆-8号,15:00-16:00,1,1,已售/已满,教学时间,多云,18,15,4,0.0,84,28
2026-05-21 08:35:31,2026-05-22,4,羽毛球馆-8号,15:00-16:00,1,1,已售/已满,教学时间,多云,18,15,4,0.0,84,28
2026-05-21 08:40:38,2026-05-22,4,羽毛球馆-8号,15:00-16:00,1,1,已售/已满,教学时间,多云,18,15,4,0.0,82,28
2026-05-21 08:45:33,2026-05-22,4,羽毛球馆-8号,15:00-16:00,1,1,已售/已满,教学时间,多云,18,15,4,0.0,82,28
2026-05-21 08:50:36,2026-05-22,4,羽毛球馆-8号,15:00-16:00,1,1,已售/已满,教学时间,多云,18,15,4,0.0,82,28
2026-05-21 08:55:34,2026-05-22,4,羽毛球馆-8号,15:00-16:00,1,1,已售/已满,教学时间,多云,18,15,4,0.0,84,28
2026-05-21 09:00:51,2026-05-22,4,羽毛球馆-8号,15:00-16:00,1,1,已售/已满,教学时间,多云,18,15,4,0.0,84,28
2026-05-21 09:01:59,2026-05-22,4,羽毛球馆-8号,15:00-16:00,1,1,已售/已满,教学时间,多云,18,15,4,0.0,83,28
2026-05-21 09:05:33,2026-05-22,4,羽毛球馆-8号,15:00-16:00,1,1,已售/已满,教学时间,多云,18,15,4,0.0,83,28
2026-05-21 09:20:38,2026-05-22,4,羽毛球馆-8号,15:00-16:00,1,1,已售/已满,教学时间,多云,18,16,3,0.0,81,28
2026-05-21 09:30:46,2026-05-22,4,羽毛球馆-8号,15:00-16:00,1,1,已售/已满,教学时间,多云,18,16,3,0.0,81,32
2026-05-21 09:40:36,2026-05-22,4,羽毛球馆-8号,15:00-16:00,1,1,已售/已满,教学时间,多云,19,17,3,0.0,79,32
2026-05-21 09:50:42,2026-05-22,4,羽毛球馆-8号,15:00-16:00,1,1,已售/已满,教学时间,多云,19,17,4,0.0,81,32
2026-05-21 10:00:46,2026-05-22,4,羽毛球馆-8号,15:00-16:00,1,1,已售/已满,教学时间,多云,19,17,4,0.0,79,32
2026-05-21 10:10:40,2026-05-22,4,羽毛球馆-8号,15:00-16:00,1,1,已售/已满,教学时间,多云,19,17,4,0.0,79,32
2026-05-21 10:20:38,2026-05-22,4,羽毛球馆-8号,15:00-16:00,1,1,已售/已满,教学时间,多云,19,17,4,0.0,79,32
2026-05-21 10:30:41,2026-05-22,4,羽毛球馆-8号,15:00-16:00,1,1,已售/已满,教学时间,多云,19,18,3,0.0,78,31
2026-05-21 11:00:44,2026-05-22,4,羽毛球馆-8号,15:00-16:00,1,1,已售/已满,教学时间,多云,21,17,5,0.0,74,31
2026-05-21 11:30:38,2026-05-22,4,羽毛球馆-8号,15:00-16:00,1,1,已售/已满,教学时间,多云,21,19,3,0.0,72,33
2026-05-21 12:00:46,2026-05-22,4,羽毛球馆-8号,15:00-16:00,1,1,已售/已满,教学时间,多云,22,19,4,0.0,70,33
2026-05-21 12:30:42,2026-05-22,4,羽毛球馆-8号,15:00-16:00,1,1,已售/已满,教学时间,多云,22,21,3,0.0,68,35
2026-05-21 13:00:43,2026-05-22,4,羽毛球馆-8号,15:00-16:00,1,1,已售/已满,教学时间,多云,24,22,4,0.0,66,35
2026-05-21 13:30:43,2026-05-22,4,羽毛球馆-8号,15:00-16:00,1,1,已售/已满,教学时间,多云,24,22,4,0.0,66,36
2026-05-21 14:00:48,2026-05-22,4,羽毛球馆-8号,15:00-16:00,1,1,已售/已满,教学时间,多云,25,23,4,0.0,66,36
2026-05-21 14:30:45,2026-05-22,4,羽毛球馆-8号,15:00-16:00,1,1,已售/已满,教学时间,晴,25,25,3,0.0,65,39
2026-05-21 15:00:45,2026-05-22,4,羽毛球馆-8号,15:00-16:00,1,1,已售/已满,教学时间,晴,25,22,4,0.0,56,39
2026-05-21 15:30:43,2026-05-22,4,羽毛球馆-8号,15:00-16:00,1,1,已售/已满,教学时间,晴,25,23,4,0.0,57,40
2026-05-21 16:00:51,2026-05-22,4,羽毛球馆-8号,15:00-16:00,1,1,已售/已满,教学时间,晴,25,23,4,0.0,57,40
2026-05-21 16:30:48,2026-05-22,4,羽毛球馆-8号,15:00-16:00,1,1,已售/已满,教学时间,晴,25,24,3,0.0,60,39
2026-05-21 17:00:49,2026-05-22,4,羽毛球馆-8号,15:00-16:00,1,1,已售/已满,教学时间,晴,25,24,4,0.0,61,39
2026-05-21 17:30:47,2026-05-22,4,羽毛球馆-8号,15:00-16:00,1,1,已售/已满,教学时间,多云,24,23,3,0.0,64,39
2026-05-21 18:00:50,2026-05-22,4,羽毛球馆-8号,15:00-16:00,1,1,已售/已满,教学时间,多云,24,23,3,0.0,68,39
2026-05-21 18:30:50,2026-05-22,4,羽毛球馆-8号,15:00-16:00,1,1,已售/已满,教学时间,阴,24,25,2,0.0,68,40
2026-05-21 19:00:50,2026-05-22,4,羽毛球馆-8号,15:00-16:00,1,1,已售/已满,教学时间,阴,23,23,3,0.0,76,40
2026-05-21 19:30:46,2026-05-22,4,羽毛球馆-8号,15:00-16:00,1,1,已售/已满,教学时间,阴,23,24,2,0.0,77,39
2026-05-21 20:00:49,2026-05-22,4,羽毛球馆-8号,15:00-16:00,1,1,已售/已满,教学时间,雾,22,23,2,0.0,89,39
2026-05-21 20:30:44,2026-05-22,4,羽毛球馆-8号,15:00-16:00,1,1,已售/已满,教学时间,雾,22,24,2,0.0,93,43
2026-05-21 21:00:56,2026-05-22,4,羽毛球馆-8号,15:00-16:00,1,1,已售/已满,教学时间,雾,20,21,2,0.0,98,43
2026-05-21 21:30:46,2026-05-22,4,羽毛球馆-8号,15:00-16:00,1,1,已售/已满,教学时间,雾,20,22,1,0.0,99,41
2026-05-21 22:01:02,2026-05-22,4,羽毛球馆-8号,15:00-16:00,1,1,已售/已满,教学时间,雾,19,20,2,0.0,93,41
2026-05-21 22:30:47,2026-05-22,4,羽毛球馆-8号,15:00-16:00,1,1,已售/已满,教学时间,雾,19,19,3,0.0,88,46
2026-05-21 23:00:56,2026-05-22,4,羽毛球馆-8号,15:00-16:00,1,1,已售/已满,教学时间,多云,18,17,3,0.0,85,46
2026-05-21 23:30:55,2026-05-22,4,羽毛球馆-8号,15:00-16:00,1,1,已售/已满,教学时间,多云,18,17,3,0.0,85,48
2026-05-21 08:00:45,2026-05-22,4,羽毛球馆-8号,16:00-17:00,0,1,可预约,￥12.0,晴,17,12,5,0.0,86,29
2026-05-21 08:02:30,2026-05-22,4,羽毛球馆-8号,16:00-17:00,0,1,可预约,￥12.0,多云,17,12,5,0.0,87,29
2026-05-21 08:05:36,2026-05-22,4,羽毛球馆-8号,16:00-17:00,0,1,可预约,￥12.0,多云,17,12,5,0.0,86,29
2026-05-21 08:08:31,2026-05-22,4,羽毛球馆-8号,16:00-17:00,0,1,可预约,￥12.0,多云,17,12,5,0.0,86,29
2026-05-21 08:11:30,2026-05-22,4,羽毛球馆-8号,16:00-17:00,0,1,可预约,￥12.0,多云,17,12,5,0.0,86,29
2026-05-21 08:14:31,2026-05-22,4,羽毛球馆-8号,16:00-17:00,0,1,可预约,￥12.0,多云,17,12,5,0.0,86,29
2026-05-21 08:17:30,2026-05-22,4,羽毛球馆-8号,16:00-17:00,0,1,可预约,￥12.0,多云,17,12,5,0.0,86,29
2026-05-21 08:20:35,2026-05-22,4,羽毛球馆-8号,16:00-17:00,0,1,可预约,￥12.0,多云,17,14,4,0.0,85,29
2026-05-21 08:25:32,2026-05-22,4,羽毛球馆-8号,16:00-17:00,0,1,可预约,￥12.0,多云,17,14,4,0.0,85,28
2026-05-21 08:30:42,2026-05-22,4,羽毛球馆-8号,16:00-17:00,0,1,可预约,￥12.0,多云,18,15,4,0.0,84,28
2026-05-21 08:35:31,2026-05-22,4,羽毛球馆-8号,16:00-17:00,0,1,可预约,￥12.0,多云,18,15,4,0.0,84,28
2026-05-21 08:40:38,2026-05-22,4,羽毛球馆-8号,16:00-17:00,0,1,可预约,￥12.0,多云,18,15,4,0.0,82,28
2026-05-21 08:45:33,2026-05-22,4,羽毛球馆-8号,16:00-17:00,0,1,可预约,￥12.0,多云,18,15,4,0.0,82,28
2026-05-21 08:50:36,2026-05-22,4,羽毛球馆-8号,16:00-17:00,0,1,可预约,￥12.0,多云,18,15,4,0.0,82,28
2026-05-21 08:55:34,2026-05-22,4,羽毛球馆-8号,16:00-17:00,0,1,可预约,￥12.0,多云,18,15,4,0.0,84,28
2026-05-21 09:00:51,2026-05-22,4,羽毛球馆-8号,16:00-17:00,0,1,可预约,￥12.0,多云,18,15,4,0.0,84,28
2026-05-21 09:01:59,2026-05-22,4,羽毛球馆-8号,16:00-17:00,0,1,可预约,￥12.0,多云,18,15,4,0.0,83,28
2026-05-21 09:05:33,2026-05-22,4,羽毛球馆-8号,16:00-17:00,0,1,可预约,￥12.0,多云,18,15,4,0.0,83,28
2026-05-21 09:20:38,2026-05-22,4,羽毛球馆-8号,16:00-17:00,0,1,可预约,￥12.0,多云,18,16,3,0.0,81,28
2026-05-21 09:30:46,2026-05-22,4,羽毛球馆-8号,16:00-17:00,0,1,可预约,￥12.0,多云,18,16,3,0.0,81,32
2026-05-21 09:40:36,2026-05-22,4,羽毛球馆-8号,16:00-17:00,0,1,可预约,￥12.0,多云,19,17,3,0.0,79,32
2026-05-21 09:50:42,2026-05-22,4,羽毛球馆-8号,16:00-17:00,0,1,可预约,￥12.0,多云,19,17,4,0.0,81,32
2026-05-21 10:00:46,2026-05-22,4,羽毛球馆-8号,16:00-17:00,0,1,可预约,￥12.0,多云,19,17,4,0.0,79,32
2026-05-21 10:10:40,2026-05-22,4,羽毛球馆-8号,16:00-17:00,0,1,可预约,￥12.0,多云,19,17,4,0.0,79,32
2026-05-21 10:20:38,2026-05-22,4,羽毛球馆-8号,16:00-17:00,0,1,可预约,￥12.0,多云,19,17,4,0.0,79,32
2026-05-21 10:30:41,2026-05-22,4,羽毛球馆-8号,16:00-17:00,0,1,可预约,￥12.0,多云,19,18,3,0.0,78,31
2026-05-21 11:00:44,2026-05-22,4,羽毛球馆-8号,16:00-17:00,0,1,可预约,￥12.0,多云,21,17,5,0.0,74,31
2026-05-21 11:30:38,2026-05-22,4,羽毛球馆-8号,16:00-17:00,1,1,已售/已满,已售,多云,21,19,3,0.0,72,33
2026-05-21 12:00:46,2026-05-22,4,羽毛球馆-8号,16:00-17:00,1,1,已售/已满,已售,多云,22,19,4,0.0,70,33
2026-05-21 12:30:42,2026-05-22,4,羽毛球馆-8号,16:00-17:00,1,1,已售/已满,已售,多云,22,21,3,0.0,68,35
2026-05-21 13:00:43,2026-05-22,4,羽毛球馆-8号,16:00-17:00,1,1,已售/已满,已售,多云,24,22,4,0.0,66,35
2026-05-21 13:30:43,2026-05-22,4,羽毛球馆-8号,16:00-17:00,1,1,已售/已满,已售,多云,24,22,4,0.0,66,36
2026-05-21 14:00:48,2026-05-22,4,羽毛球馆-8号,16:00-17:00,1,1,已售/已满,已售,多云,25,23,4,0.0,66,36
2026-05-21 14:30:45,2026-05-22,4,羽毛球馆-8号,16:00-17:00,1,1,已售/已满,已售,晴,25,25,3,0.0,65,39
2026-05-21 15:00:45,2026-05-22,4,羽毛球馆-8号,16:00-17:00,1,1,已售/已满,已售,晴,25,22,4,0.0,56,39
2026-05-21 15:30:43,2026-05-22,4,羽毛球馆-8号,16:00-17:00,1,1,已售/已满,已售,晴,25,23,4,0.0,57,40
2026-05-21 16:00:51,2026-05-22,4,羽毛球馆-8号,16:00-17:00,1,1,已售/已满,已售,晴,25,23,4,0.0,57,40
2026-05-21 16:30:48,2026-05-22,4,羽毛球馆-8号,16:00-17:00,1,1,已售/已满,已售,晴,25,24,3,0.0,60,39
2026-05-21 17:00:49,2026-05-22,4,羽毛球馆-8号,16:00-17:00,1,1,已售/已满,已售,晴,25,24,4,0.0,61,39
2026-05-21 17:30:47,2026-05-22,4,羽毛球馆-8号,16:00-17:00,1,1,已售/已满,已售,多云,24,23,3,0.0,64,39
2026-05-21 18:00:50,2026-05-22,4,羽毛球馆-8号,16:00-17:00,1,1,已售/已满,已售,多云,24,23,3,0.0,68,39
2026-05-21 18:30:50,2026-05-22,4,羽毛球馆-8号,16:00-17:00,1,1,已售/已满,已售,阴,24,25,2,0.0,68,40
2026-05-21 19:00:50,2026-05-22,4,羽毛球馆-8号,16:00-17:00,1,1,已售/已满,已售,阴,23,23,3,0.0,76,40
2026-05-21 19:30:46,2026-05-22,4,羽毛球馆-8号,16:00-17:00,1,1,已售/已满,已售,阴,23,24,2,0.0,77,39
2026-05-21 20:00:49,2026-05-22,4,羽毛球馆-8号,16:00-17:00,1,1,已售/已满,已售,雾,22,23,2,0.0,89,39
2026-05-21 20:30:44,2026-05-22,4,羽毛球馆-8号,16:00-17:00,1,1,已售/已满,已售,雾,22,24,2,0.0,93,43
2026-05-21 21:00:56,2026-05-22,4,羽毛球馆-8号,16:00-17:00,1,1,已售/已满,已售,雾,20,21,2,0.0,98,43
2026-05-21 21:30:46,2026-05-22,4,羽毛球馆-8号,16:00-17:00,1,1,已售/已满,已售,雾,20,22,1,0.0,99,41
2026-05-21 22:01:02,2026-05-22,4,羽毛球馆-8号,16:00-17:00,1,1,已售/已满,已售,雾,19,20,2,0.0,93,41
2026-05-21 22:30:47,2026-05-22,4,羽毛球馆-8号,16:00-17:00,1,1,已售/已满,已售,雾,19,19,3,0.0,88,46
2026-05-21 23:00:56,2026-05-22,4,羽毛球馆-8号,16:00-17:00,1,1,已售/已满,已售,多云,18,17,3,0.0,85,46
2026-05-21 23:30:55,2026-05-22,4,羽毛球馆-8号,16:00-17:00,1,1,已售/已满,已售,多云,18,17,3,0.0,85,48
2026-05-21 08:00:45,2026-05-22,4,羽毛球馆-8号,17:00-18:00,0,1,可预约,￥12.0,晴,17,12,5,0.0,86,29
2026-05-21 08:02:30,2026-05-22,4,羽毛球馆-8号,17:00-18:00,0,1,可预约,￥12.0,多云,17,12,5,0.0,87,29
2026-05-21 08:05:36,2026-05-22,4,羽毛球馆-8号,17:00-18:00,0,1,可预约,￥12.0,多云,17,12,5,0.0,86,29
2026-05-21 08:08:31,2026-05-22,4,羽毛球馆-8号,17:00-18:00,0,1,可预约,￥12.0,多云,17,12,5,0.0,86,29
2026-05-21 08:11:30,2026-05-22,4,羽毛球馆-8号,17:00-18:00,0,1,可预约,￥12.0,多云,17,12,5,0.0,86,29
2026-05-21 08:14:31,2026-05-22,4,羽毛球馆-8号,17:00-18:00,0,1,可预约,￥12.0,多云,17,12,5,0.0,86,29
2026-05-21 08:17:30,2026-05-22,4,羽毛球馆-8号,17:00-18:00,0,1,可预约,￥12.0,多云,17,12,5,0.0,86,29
2026-05-21 08:20:35,2026-05-22,4,羽毛球馆-8号,17:00-18:00,0,1,可预约,￥12.0,多云,17,14,4,0.0,85,29
2026-05-21 08:25:32,2026-05-22,4,羽毛球馆-8号,17:00-18:00,1,1,已售/已满,已售,多云,17,14,4,0.0,85,28
2026-05-21 08:30:42,2026-05-22,4,羽毛球馆-8号,17:00-18:00,1,1,已售/已满,已售,多云,18,15,4,0.0,84,28
2026-05-21 08:35:31,2026-05-22,4,羽毛球馆-8号,17:00-18:00,1,1,已售/已满,已售,多云,18,15,4,0.0,84,28
2026-05-21 08:40:38,2026-05-22,4,羽毛球馆-8号,17:00-18:00,1,1,已售/已满,已售,多云,18,15,4,0.0,82,28
2026-05-21 08:45:33,2026-05-22,4,羽毛球馆-8号,17:00-18:00,1,1,已售/已满,已售,多云,18,15,4,0.0,82,28
2026-05-21 08:50:36,2026-05-22,4,羽毛球馆-8号,17:00-18:00,1,1,已售/已满,已售,多云,18,15,4,0.0,82,28
2026-05-21 08:55:34,2026-05-22,4,羽毛球馆-8号,17:00-18:00,1,1,已售/已满,已售,多云,18,15,4,0.0,84,28
2026-05-21 09:00:51,2026-05-22,4,羽毛球馆-8号,17:00-18:00,1,1,已售/已满,已售,多云,18,15,4,0.0,84,28
2026-05-21 09:01:59,2026-05-22,4,羽毛球馆-8号,17:00-18:00,1,1,已售/已满,已售,多云,18,15,4,0.0,83,28
2026-05-21 09:05:33,2026-05-22,4,羽毛球馆-8号,17:00-18:00,1,1,已售/已满,已售,多云,18,15,4,0.0,83,28
2026-05-21 09:20:38,2026-05-22,4,羽毛球馆-8号,17:00-18:00,1,1,已售/已满,已售,多云,18,16,3,0.0,81,28
2026-05-21 09:30:46,2026-05-22,4,羽毛球馆-8号,17:00-18:00,1,1,已售/已满,已售,多云,18,16,3,0.0,81,32
2026-05-21 09:40:36,2026-05-22,4,羽毛球馆-8号,17:00-18:00,1,1,已售/已满,已售,多云,19,17,3,0.0,79,32
2026-05-21 09:50:42,2026-05-22,4,羽毛球馆-8号,17:00-18:00,1,1,已售/已满,已售,多云,19,17,4,0.0,81,32
2026-05-21 10:00:46,2026-05-22,4,羽毛球馆-8号,17:00-18:00,1,1,已售/已满,已售,多云,19,17,4,0.0,79,32
2026-05-21 10:10:40,2026-05-22,4,羽毛球馆-8号,17:00-18:00,1,1,已售/已满,已售,多云,19,17,4,0.0,79,32
2026-05-21 10:20:38,2026-05-22,4,羽毛球馆-8号,17:00-18:00,1,1,已售/已满,已售,多云,19,17,4,0.0,79,32
2026-05-21 10:30:41,2026-05-22,4,羽毛球馆-8号,17:00-18:00,1,1,已售/已满,已售,多云,19,18,3,0.0,78,31
2026-05-21 11:00:44,2026-05-22,4,羽毛球馆-8号,17:00-18:00,1,1,已售/已满,已售,多云,21,17,5,0.0,74,31
2026-05-21 11:30:38,2026-05-22,4,羽毛球馆-8号,17:00-18:00,1,1,已售/已满,已售,多云,21,19,3,0.0,72,33
2026-05-21 12:00:46,2026-05-22,4,羽毛球馆-8号,17:00-18:00,1,1,已售/已满,已售,多云,22,19,4,0.0,70,33
2026-05-21 12:30:42,2026-05-22,4,羽毛球馆-8号,17:00-18:00,1,1,已售/已满,已售,多云,22,21,3,0.0,68,35
2026-05-21 13:00:43,2026-05-22,4,羽毛球馆-8号,17:00-18:00,1,1,已售/已满,已售,多云,24,22,4,0.0,66,35
2026-05-21 13:30:43,2026-05-22,4,羽毛球馆-8号,17:00-18:00,1,1,已售/已满,已售,多云,24,22,4,0.0,66,36
2026-05-21 14:00:48,2026-05-22,4,羽毛球馆-8号,17:00-18:00,1,1,已售/已满,已售,多云,25,23,4,0.0,66,36
2026-05-21 14:30:45,2026-05-22,4,羽毛球馆-8号,17:00-18:00,1,1,已售/已满,已售,晴,25,25,3,0.0,65,39
2026-05-21 15:00:45,2026-05-22,4,羽毛球馆-8号,17:00-18:00,1,1,已售/已满,已售,晴,25,22,4,0.0,56,39
2026-05-21 15:30:43,2026-05-22,4,羽毛球馆-8号,17:00-18:00,1,1,已售/已满,已售,晴,25,23,4,0.0,57,40
2026-05-21 16:00:51,2026-05-22,4,羽毛球馆-8号,17:00-18:00,1,1,已售/已满,已售,晴,25,23,4,0.0,57,40
2026-05-21 16:30:48,2026-05-22,4,羽毛球馆-8号,17:00-18:00,1,1,已售/已满,已售,晴,25,24,3,0.0,60,39
2026-05-21 17:00:49,2026-05-22,4,羽毛球馆-8号,17:00-18:00,1,1,已售/已满,已售,晴,25,24,4,0.0,61,39
2026-05-21 17:30:47,2026-05-22,4,羽毛球馆-8号,17:00-18:00,1,1,已售/已满,已售,多云,24,23,3,0.0,64,39
2026-05-21 18:00:50,2026-05-22,4,羽毛球馆-8号,17:00-18:00,1,1,已售/已满,已售,多云,24,23,3,0.0,68,39
2026-05-21 18:30:50,2026-05-22,4,羽毛球馆-8号,17:00-18:00,1,1,已售/已满,已售,阴,24,25,2,0.0,68,40
2026-05-21 19:00:50,2026-05-22,4,羽毛球馆-8号,17:00-18:00,1,1,已售/已满,已售,阴,23,23,3,0.0,76,40
2026-05-21 19:30:46,2026-05-22,4,羽毛球馆-8号,17:00-18:00,1,1,已售/已满,已售,阴,23,24,2,0.0,77,39
2026-05-21 20:00:49,2026-05-22,4,羽毛球馆-8号,17:00-18:00,1,1,已售/已满,已售,雾,22,23,2,0.0,89,39
2026-05-21 20:30:44,2026-05-22,4,羽毛球馆-8号,17:00-18:00,1,1,已售/已满,已售,雾,22,24,2,0.0,93,43
2026-05-21 21:00:56,2026-05-22,4,羽毛球馆-8号,17:00-18:00,1,1,已售/已满,已售,雾,20,21,2,0.0,98,43
2026-05-21 21:30:46,2026-05-22,4,羽毛球馆-8号,17:00-18:00,1,1,已售/已满,已售,雾,20,22,1,0.0,99,41
2026-05-21 22:01:02,2026-05-22,4,羽毛球馆-8号,17:00-18:00,1,1,已售/已满,已售,雾,19,20,2,0.0,93,41
2026-05-21 22:30:47,2026-05-22,4,羽毛球馆-8号,17:00-18:00,1,1,已售/已满,已售,雾,19,19,3,0.0,88,46
2026-05-21 23:00:56,2026-05-22,4,羽毛球馆-8号,17:00-18:00,1,1,已售/已满,已售,多云,18,17,3,0.0,85,46
2026-05-21 23:30:55,2026-05-22,4,羽毛球馆-8号,17:00-18:00,1,1,已售/已满,已售,多云,18,17,3,0.0,85,48
2026-05-21 08:00:45,2026-05-22,4,羽毛球馆-8号,18:30-19:30,1,1,已售/已满,已售,晴,17,12,5,0.0,86,29
2026-05-21 08:02:30,2026-05-22,4,羽毛球馆-8号,18:30-19:30,1,1,已售/已满,已售,多云,17,12,5,0.0,87,29
2026-05-21 08:05:36,2026-05-22,4,羽毛球馆-8号,18:30-19:30,1,1,已售/已满,已售,多云,17,12,5,0.0,86,29
2026-05-21 08:08:31,2026-05-22,4,羽毛球馆-8号,18:30-19:30,1,1,已售/已满,已售,多云,17,12,5,0.0,86,29
2026-05-21 08:11:30,2026-05-22,4,羽毛球馆-8号,18:30-19:30,1,1,已售/已满,已售,多云,17,12,5,0.0,86,29
2026-05-21 08:14:31,2026-05-22,4,羽毛球馆-8号,18:30-19:30,1,1,已售/已满,已售,多云,17,12,5,0.0,86,29
2026-05-21 08:17:30,2026-05-22,4,羽毛球馆-8号,18:30-19:30,1,1,已售/已满,已售,多云,17,12,5,0.0,86,29
2026-05-21 08:20:35,2026-05-22,4,羽毛球馆-8号,18:30-19:30,1,1,已售/已满,已售,多云,17,14,4,0.0,85,29
2026-05-21 08:25:32,2026-05-22,4,羽毛球馆-8号,18:30-19:30,1,1,已售/已满,已售,多云,17,14,4,0.0,85,28
2026-05-21 08:30:42,2026-05-22,4,羽毛球馆-8号,18:30-19:30,1,1,已售/已满,已售,多云,18,15,4,0.0,84,28
2026-05-21 08:35:31,2026-05-22,4,羽毛球馆-8号,18:30-19:30,1,1,已售/已满,已售,多云,18,15,4,0.0,84,28
2026-05-21 08:40:38,2026-05-22,4,羽毛球馆-8号,18:30-19:30,1,1,已售/已满,已售,多云,18,15,4,0.0,82,28
2026-05-21 08:45:33,2026-05-22,4,羽毛球馆-8号,18:30-19:30,1,1,已售/已满,已售,多云,18,15,4,0.0,82,28
2026-05-21 08:50:36,2026-05-22,4,羽毛球馆-8号,18:30-19:30,1,1,已售/已满,已售,多云,18,15,4,0.0,82,28
2026-05-21 08:55:34,2026-05-22,4,羽毛球馆-8号,18:30-19:30,1,1,已售/已满,已售,多云,18,15,4,0.0,84,28
2026-05-21 09:00:51,2026-05-22,4,羽毛球馆-8号,18:30-19:30,1,1,已售/已满,已售,多云,18,15,4,0.0,84,28
2026-05-21 09:01:59,2026-05-22,4,羽毛球馆-8号,18:30-19:30,1,1,已售/已满,已售,多云,18,15,4,0.0,83,28
2026-05-21 09:05:33,2026-05-22,4,羽毛球馆-8号,18:30-19:30,1,1,已售/已满,已售,多云,18,15,4,0.0,83,28
2026-05-21 09:20:38,2026-05-22,4,羽毛球馆-8号,18:30-19:30,1,1,已售/已满,已售,多云,18,16,3,0.0,81,28
2026-05-21 09:30:46,2026-05-22,4,羽毛球馆-8号,18:30-19:30,1,1,已售/已满,已售,多云,18,16,3,0.0,81,32
2026-05-21 09:40:36,2026-05-22,4,羽毛球馆-8号,18:30-19:30,1,1,已售/已满,已售,多云,19,17,3,0.0,79,32
2026-05-21 09:50:42,2026-05-22,4,羽毛球馆-8号,18:30-19:30,1,1,已售/已满,已售,多云,19,17,4,0.0,81,32
2026-05-21 10:00:46,2026-05-22,4,羽毛球馆-8号,18:30-19:30,1,1,已售/已满,已售,多云,19,17,4,0.0,79,32
2026-05-21 10:10:40,2026-05-22,4,羽毛球馆-8号,18:30-19:30,1,1,已售/已满,已售,多云,19,17,4,0.0,79,32
2026-05-21 10:20:38,2026-05-22,4,羽毛球馆-8号,18:30-19:30,1,1,已售/已满,已售,多云,19,17,4,0.0,79,32
2026-05-21 10:30:41,2026-05-22,4,羽毛球馆-8号,18:30-19:30,1,1,已售/已满,已售,多云,19,18,3,0.0,78,31
2026-05-21 11:00:44,2026-05-22,4,羽毛球馆-8号,18:30-19:30,1,1,已售/已满,已售,多云,21,17,5,0.0,74,31
2026-05-21 11:30:38,2026-05-22,4,羽毛球馆-8号,18:30-19:30,1,1,已售/已满,已售,多云,21,19,3,0.0,72,33
2026-05-21 12:00:46,2026-05-22,4,羽毛球馆-8号,18:30-19:30,1,1,已售/已满,已售,多云,22,19,4,0.0,70,33
2026-05-21 12:30:42,2026-05-22,4,羽毛球馆-8号,18:30-19:30,1,1,已售/已满,已售,多云,22,21,3,0.0,68,35
2026-05-21 13:00:43,2026-05-22,4,羽毛球馆-8号,18:30-19:30,1,1,已售/已满,已售,多云,24,22,4,0.0,66,35
2026-05-21 13:30:43,2026-05-22,4,羽毛球馆-8号,18:30-19:30,1,1,已售/已满,已售,多云,24,22,4,0.0,66,36
2026-05-21 14:00:48,2026-05-22,4,羽毛球馆-8号,18:30-19:30,1,1,已售/已满,已售,多云,25,23,4,0.0,66,36
2026-05-21 14:30:45,2026-05-22,4,羽毛球馆-8号,18:30-19:30,1,1,已售/已满,已售,晴,25,25,3,0.0,65,39
2026-05-21 15:00:45,2026-05-22,4,羽毛球馆-8号,18:30-19:30,1,1,已售/已满,已售,晴,25,22,4,0.0,56,39
2026-05-21 15:30:43,2026-05-22,4,羽毛球馆-8号,18:30-19:30,1,1,已售/已满,已售,晴,25,23,4,0.0,57,40
2026-05-21 16:00:51,2026-05-22,4,羽毛球馆-8号,18:30-19:30,1,1,已售/已满,已售,晴,25,23,4,0.0,57,40
2026-05-21 16:30:48,2026-05-22,4,羽毛球馆-8号,18:30-19:30,1,1,已售/已满,已售,晴,25,24,3,0.0,60,39
2026-05-21 17:00:49,2026-05-22,4,羽毛球馆-8号,18:30-19:30,1,1,已售/已满,已售,晴,25,24,4,0.0,61,39
2026-05-21 17:30:47,2026-05-22,4,羽毛球馆-8号,18:30-19:30,1,1,已售/已满,已售,多云,24,23,3,0.0,64,39
2026-05-21 18:00:50,2026-05-22,4,羽毛球馆-8号,18:30-19:30,1,1,已售/已满,已售,多云,24,23,3,0.0,68,39
2026-05-21 18:30:50,2026-05-22,4,羽毛球馆-8号,18:30-19:30,1,1,已售/已满,已售,阴,24,25,2,0.0,68,40
2026-05-21 19:00:50,2026-05-22,4,羽毛球馆-8号,18:30-19:30,1,1,已售/已满,已售,阴,23,23,3,0.0,76,40
2026-05-21 19:30:46,2026-05-22,4,羽毛球馆-8号,18:30-19:30,1,1,已售/已满,已售,阴,23,24,2,0.0,77,39
2026-05-21 20:00:49,2026-05-22,4,羽毛球馆-8号,18:30-19:30,1,1,已售/已满,已售,雾,22,23,2,0.0,89,39
2026-05-21 20:30:44,2026-05-22,4,羽毛球馆-8号,18:30-19:30,1,1,已售/已满,已售,雾,22,24,2,0.0,93,43
2026-05-21 21:00:56,2026-05-22,4,羽毛球馆-8号,18:30-19:30,1,1,已售/已满,已售,雾,20,21,2,0.0,98,43
2026-05-21 21:30:46,2026-05-22,4,羽毛球馆-8号,18:30-19:30,1,1,已售/已满,已售,雾,20,22,1,0.0,99,41
2026-05-21 22:01:02,2026-05-22,4,羽毛球馆-8号,18:30-19:30,1,1,已售/已满,已售,雾,19,20,2,0.0,93,41
2026-05-21 22:30:47,2026-05-22,4,羽毛球馆-8号,18:30-19:30,1,1,已售/已满,已售,雾,19,19,3,0.0,88,46
2026-05-21 23:00:56,2026-05-22,4,羽毛球馆-8号,18:30-19:30,1,1,已售/已满,已售,多云,18,17,3,0.0,85,46
2026-05-21 23:30:55,2026-05-22,4,羽毛球馆-8号,18:30-19:30,1,1,已售/已满,已售,多云,18,17,3,0.0,85,48
2026-05-21 08:00:45,2026-05-22,4,羽毛球馆-8号,19:30-20:30,1,1,已售/已满,已售,晴,17,12,5,0.0,86,29
2026-05-21 08:02:30,2026-05-22,4,羽毛球馆-8号,19:30-20:30,1,1,已售/已满,已售,多云,17,12,5,0.0,87,29
2026-05-21 08:05:36,2026-05-22,4,羽毛球馆-8号,19:30-20:30,1,1,已售/已满,已售,多云,17,12,5,0.0,86,29
2026-05-21 08:08:31,2026-05-22,4,羽毛球馆-8号,19:30-20:30,1,1,已售/已满,已售,多云,17,12,5,0.0,86,29
2026-05-21 08:11:30,2026-05-22,4,羽毛球馆-8号,19:30-20:30,1,1,已售/已满,已售,多云,17,12,5,0.0,86,29
2026-05-21 08:14:31,2026-05-22,4,羽毛球馆-8号,19:30-20:30,1,1,已售/已满,已售,多云,17,12,5,0.0,86,29
2026-05-21 08:17:30,2026-05-22,4,羽毛球馆-8号,19:30-20:30,1,1,已售/已满,已售,多云,17,12,5,0.0,86,29
2026-05-21 08:20:35,2026-05-22,4,羽毛球馆-8号,19:30-20:30,1,1,已售/已满,已售,多云,17,14,4,0.0,85,29
2026-05-21 08:25:32,2026-05-22,4,羽毛球馆-8号,19:30-20:30,1,1,已售/已满,已售,多云,17,14,4,0.0,85,28
2026-05-21 08:30:42,2026-05-22,4,羽毛球馆-8号,19:30-20:30,1,1,已售/已满,已售,多云,18,15,4,0.0,84,28
2026-05-21 08:35:31,2026-05-22,4,羽毛球馆-8号,19:30-20:30,1,1,已售/已满,已售,多云,18,15,4,0.0,84,28
2026-05-21 08:40:38,2026-05-22,4,羽毛球馆-8号,19:30-20:30,1,1,已售/已满,已售,多云,18,15,4,0.0,82,28
2026-05-21 08:45:33,2026-05-22,4,羽毛球馆-8号,19:30-20:30,1,1,已售/已满,已售,多云,18,15,4,0.0,82,28
2026-05-21 08:50:36,2026-05-22,4,羽毛球馆-8号,19:30-20:30,1,1,已售/已满,已售,多云,18,15,4,0.0,82,28
2026-05-21 08:55:34,2026-05-22,4,羽毛球馆-8号,19:30-20:30,1,1,已售/已满,已售,多云,18,15,4,0.0,84,28
2026-05-21 09:00:51,2026-05-22,4,羽毛球馆-8号,19:30-20:30,1,1,已售/已满,已售,多云,18,15,4,0.0,84,28
2026-05-21 09:01:59,2026-05-22,4,羽毛球馆-8号,19:30-20:30,1,1,已售/已满,已售,多云,18,15,4,0.0,83,28
2026-05-21 09:05:33,2026-05-22,4,羽毛球馆-8号,19:30-20:30,1,1,已售/已满,已售,多云,18,15,4,0.0,83,28
2026-05-21 09:20:38,2026-05-22,4,羽毛球馆-8号,19:30-20:30,1,1,已售/已满,已售,多云,18,16,3,0.0,81,28
2026-05-21 09:30:46,2026-05-22,4,羽毛球馆-8号,19:30-20:30,1,1,已售/已满,已售,多云,18,16,3,0.0,81,32
2026-05-21 09:40:36,2026-05-22,4,羽毛球馆-8号,19:30-20:30,1,1,已售/已满,已售,多云,19,17,3,0.0,79,32
2026-05-21 09:50:42,2026-05-22,4,羽毛球馆-8号,19:30-20:30,1,1,已售/已满,已售,多云,19,17,4,0.0,81,32
2026-05-21 10:00:46,2026-05-22,4,羽毛球馆-8号,19:30-20:30,1,1,已售/已满,已售,多云,19,17,4,0.0,79,32
2026-05-21 10:10:40,2026-05-22,4,羽毛球馆-8号,19:30-20:30,1,1,已售/已满,已售,多云,19,17,4,0.0,79,32
2026-05-21 10:20:38,2026-05-22,4,羽毛球馆-8号,19:30-20:30,1,1,已售/已满,已售,多云,19,17,4,0.0,79,32
2026-05-21 10:30:41,2026-05-22,4,羽毛球馆-8号,19:30-20:30,1,1,已售/已满,已售,多云,19,18,3,0.0,78,31
2026-05-21 11:00:44,2026-05-22,4,羽毛球馆-8号,19:30-20:30,1,1,已售/已满,已售,多云,21,17,5,0.0,74,31
2026-05-21 11:30:38,2026-05-22,4,羽毛球馆-8号,19:30-20:30,1,1,已售/已满,已售,多云,21,19,3,0.0,72,33
2026-05-21 12:00:46,2026-05-22,4,羽毛球馆-8号,19:30-20:30,1,1,已售/已满,已售,多云,22,19,4,0.0,70,33
2026-05-21 12:30:42,2026-05-22,4,羽毛球馆-8号,19:30-20:30,1,1,已售/已满,已售,多云,22,21,3,0.0,68,35
2026-05-21 13:00:43,2026-05-22,4,羽毛球馆-8号,19:30-20:30,1,1,已售/已满,已售,多云,24,22,4,0.0,66,35
2026-05-21 13:30:43,2026-05-22,4,羽毛球馆-8号,19:30-20:30,1,1,已售/已满,已售,多云,24,22,4,0.0,66,36
2026-05-21 14:00:48,2026-05-22,4,羽毛球馆-8号,19:30-20:30,1,1,已售/已满,已售,多云,25,23,4,0.0,66,36
2026-05-21 14:30:45,2026-05-22,4,羽毛球馆-8号,19:30-20:30,1,1,已售/已满,已售,晴,25,25,3,0.0,65,39
2026-05-21 15:00:45,2026-05-22,4,羽毛球馆-8号,19:30-20:30,1,1,已售/已满,已售,晴,25,22,4,0.0,56,39
2026-05-21 15:30:43,2026-05-22,4,羽毛球馆-8号,19:30-20:30,1,1,已售/已满,已售,晴,25,23,4,0.0,57,40
2026-05-21 16:00:51,2026-05-22,4,羽毛球馆-8号,19:30-20:30,1,1,已售/已满,已售,晴,25,23,4,0.0,57,40
2026-05-21 16:30:48,2026-05-22,4,羽毛球馆-8号,19:30-20:30,1,1,已售/已满,已售,晴,25,24,3,0.0,60,39
2026-05-21 17:00:49,2026-05-22,4,羽毛球馆-8号,19:30-20:30,1,1,已售/已满,已售,晴,25,24,4,0.0,61,39
2026-05-21 17:30:47,2026-05-22,4,羽毛球馆-8号,19:30-20:30,1,1,已售/已满,已售,多云,24,23,3,0.0,64,39
2026-05-21 18:00:50,2026-05-22,4,羽毛球馆-8号,19:30-20:30,1,1,已售/已满,已售,多云,24,23,3,0.0,68,39
2026-05-21 18:30:50,2026-05-22,4,羽毛球馆-8号,19:30-20:30,1,1,已售/已满,已售,阴,24,25,2,0.0,68,40
2026-05-21 19:00:50,2026-05-22,4,羽毛球馆-8号,19:30-20:30,1,1,已售/已满,已售,阴,23,23,3,0.0,76,40
2026-05-21 19:30:46,2026-05-22,4,羽毛球馆-8号,19:30-20:30,1,1,已售/已满,已售,阴,23,24,2,0.0,77,39
2026-05-21 20:00:49,2026-05-22,4,羽毛球馆-8号,19:30-20:30,1,1,已售/已满,已售,雾,22,23,2,0.0,89,39
2026-05-21 20:30:44,2026-05-22,4,羽毛球馆-8号,19:30-20:30,1,1,已售/已满,已售,雾,22,24,2,0.0,93,43
2026-05-21 21:00:56,2026-05-22,4,羽毛球馆-8号,19:30-20:30,1,1,已售/已满,已售,雾,20,21,2,0.0,98,43
2026-05-21 21:30:46,2026-05-22,4,羽毛球馆-8号,19:30-20:30,1,1,已售/已满,已售,雾,20,22,1,0.0,99,41
2026-05-21 22:01:02,2026-05-22,4,羽毛球馆-8号,19:30-20:30,1,1,已售/已满,已售,雾,19,20,2,0.0,93,41
2026-05-21 22:30:47,2026-05-22,4,羽毛球馆-8号,19:30-20:30,1,1,已售/已满,已售,雾,19,19,3,0.0,88,46
2026-05-21 23:00:56,2026-05-22,4,羽毛球馆-8号,19:30-20:30,1,1,已售/已满,已售,多云,18,17,3,0.0,85,46
2026-05-21 23:30:55,2026-05-22,4,羽毛球馆-8号,19:30-20:30,1,1,已售/已满,已售,多云,18,17,3,0.0,85,48
2026-05-21 08:00:45,2026-05-22,4,羽毛球馆-8号,20:30-21:30,1,1,已售/已满,已售,晴,17,12,5,0.0,86,29
2026-05-21 08:02:30,2026-05-22,4,羽毛球馆-8号,20:30-21:30,1,1,已售/已满,已售,多云,17,12,5,0.0,87,29
2026-05-21 08:05:36,2026-05-22,4,羽毛球馆-8号,20:30-21:30,1,1,已售/已满,已售,多云,17,12,5,0.0,86,29
2026-05-21 08:08:31,2026-05-22,4,羽毛球馆-8号,20:30-21:30,1,1,已售/已满,已售,多云,17,12,5,0.0,86,29
2026-05-21 08:11:30,2026-05-22,4,羽毛球馆-8号,20:30-21:30,1,1,已售/已满,已售,多云,17,12,5,0.0,86,29
2026-05-21 08:14:31,2026-05-22,4,羽毛球馆-8号,20:30-21:30,1,1,已售/已满,已售,多云,17,12,5,0.0,86,29
2026-05-21 08:17:30,2026-05-22,4,羽毛球馆-8号,20:30-21:30,1,1,已售/已满,已售,多云,17,12,5,0.0,86,29
2026-05-21 08:20:35,2026-05-22,4,羽毛球馆-8号,20:30-21:30,1,1,已售/已满,已售,多云,17,14,4,0.0,85,29
2026-05-21 08:25:32,2026-05-22,4,羽毛球馆-8号,20:30-21:30,1,1,已售/已满,已售,多云,17,14,4,0.0,85,28
2026-05-21 08:30:42,2026-05-22,4,羽毛球馆-8号,20:30-21:30,1,1,已售/已满,已售,多云,18,15,4,0.0,84,28
2026-05-21 08:35:31,2026-05-22,4,羽毛球馆-8号,20:30-21:30,1,1,已售/已满,已售,多云,18,15,4,0.0,84,28
2026-05-21 08:40:38,2026-05-22,4,羽毛球馆-8号,20:30-21:30,1,1,已售/已满,已售,多云,18,15,4,0.0,82,28
2026-05-21 08:45:33,2026-05-22,4,羽毛球馆-8号,20:30-21:30,1,1,已售/已满,已售,多云,18,15,4,0.0,82,28
2026-05-21 08:50:36,2026-05-22,4,羽毛球馆-8号,20:30-21:30,1,1,已售/已满,已售,多云,18,15,4,0.0,82,28
2026-05-21 08:55:34,2026-05-22,4,羽毛球馆-8号,20:30-21:30,1,1,已售/已满,已售,多云,18,15,4,0.0,84,28
2026-05-21 09:00:51,2026-05-22,4,羽毛球馆-8号,20:30-21:30,1,1,已售/已满,已售,多云,18,15,4,0.0,84,28
2026-05-21 09:01:59,2026-05-22,4,羽毛球馆-8号,20:30-21:30,1,1,已售/已满,已售,多云,18,15,4,0.0,83,28
2026-05-21 09:05:33,2026-05-22,4,羽毛球馆-8号,20:30-21:30,1,1,已售/已满,已售,多云,18,15,4,0.0,83,28
2026-05-21 09:20:38,2026-05-22,4,羽毛球馆-8号,20:30-21:30,1,1,已售/已满,已售,多云,18,16,3,0.0,81,28
2026-05-21 09:30:46,2026-05-22,4,羽毛球馆-8号,20:30-21:30,1,1,已售/已满,已售,多云,18,16,3,0.0,81,32
2026-05-21 09:40:36,2026-05-22,4,羽毛球馆-8号,20:30-21:30,1,1,已售/已满,已售,多云,19,17,3,0.0,79,32
2026-05-21 09:50:42,2026-05-22,4,羽毛球馆-8号,20:30-21:30,1,1,已售/已满,已售,多云,19,17,4,0.0,81,32
2026-05-21 10:00:46,2026-05-22,4,羽毛球馆-8号,20:30-21:30,1,1,已售/已满,已售,多云,19,17,4,0.0,79,32
2026-05-21 10:10:40,2026-05-22,4,羽毛球馆-8号,20:30-21:30,1,1,已售/已满,已售,多云,19,17,4,0.0,79,32
2026-05-21 10:20:38,2026-05-22,4,羽毛球馆-8号,20:30-21:30,1,1,已售/已满,已售,多云,19,17,4,0.0,79,32
2026-05-21 10:30:41,2026-05-22,4,羽毛球馆-8号,20:30-21:30,1,1,已售/已满,已售,多云,19,18,3,0.0,78,31
2026-05-21 11:00:44,2026-05-22,4,羽毛球馆-8号,20:30-21:30,1,1,已售/已满,已售,多云,21,17,5,0.0,74,31
2026-05-21 11:30:38,2026-05-22,4,羽毛球馆-8号,20:30-21:30,1,1,已售/已满,已售,多云,21,19,3,0.0,72,33
2026-05-21 12:00:46,2026-05-22,4,羽毛球馆-8号,20:30-21:30,1,1,已售/已满,已售,多云,22,19,4,0.0,70,33
2026-05-21 12:30:42,2026-05-22,4,羽毛球馆-8号,20:30-21:30,1,1,已售/已满,已售,多云,22,21,3,0.0,68,35
2026-05-21 13:00:43,2026-05-22,4,羽毛球馆-8号,20:30-21:30,1,1,已售/已满,已售,多云,24,22,4,0.0,66,35
2026-05-21 13:30:43,2026-05-22,4,羽毛球馆-8号,20:30-21:30,1,1,已售/已满,已售,多云,24,22,4,0.0,66,36
2026-05-21 14:00:48,2026-05-22,4,羽毛球馆-8号,20:30-21:30,1,1,已售/已满,已售,多云,25,23,4,0.0,66,36
2026-05-21 14:30:45,2026-05-22,4,羽毛球馆-8号,20:30-21:30,1,1,已售/已满,已售,晴,25,25,3,0.0,65,39
2026-05-21 15:00:45,2026-05-22,4,羽毛球馆-8号,20:30-21:30,1,1,已售/已满,已售,晴,25,22,4,0.0,56,39
2026-05-21 15:30:43,2026-05-22,4,羽毛球馆-8号,20:30-21:30,1,1,已售/已满,已售,晴,25,23,4,0.0,57,40
2026-05-21 16:00:51,2026-05-22,4,羽毛球馆-8号,20:30-21:30,1,1,已售/已满,已售,晴,25,23,4,0.0,57,40
2026-05-21 16:30:48,2026-05-22,4,羽毛球馆-8号,20:30-21:30,1,1,已售/已满,已售,晴,25,24,3,0.0,60,39
2026-05-21 17:00:49,2026-05-22,4,羽毛球馆-8号,20:30-21:30,1,1,已售/已满,已售,晴,25,24,4,0.0,61,39
2026-05-21 17:30:47,2026-05-22,4,羽毛球馆-8号,20:30-21:30,1,1,已售/已满,已售,多云,24,23,3,0.0,64,39
2026-05-21 18:00:50,2026-05-22,4,羽毛球馆-8号,20:30-21:30,1,1,已售/已满,已售,多云,24,23,3,0.0,68,39
2026-05-21 18:30:50,2026-05-22,4,羽毛球馆-8号,20:30-21:30,1,1,已售/已满,已售,阴,24,25,2,0.0,68,40
2026-05-21 19:00:50,2026-05-22,4,羽毛球馆-8号,20:30-21:30,1,1,已售/已满,已售,阴,23,23,3,0.0,76,40
2026-05-21 19:30:46,2026-05-22,4,羽毛球馆-8号,20:30-21:30,1,1,已售/已满,已售,阴,23,24,2,0.0,77,39
2026-05-21 20:00:49,2026-05-22,4,羽毛球馆-8号,20:30-21:30,1,1,已售/已满,已售,雾,22,23,2,0.0,89,39
2026-05-21 20:30:44,2026-05-22,4,羽毛球馆-8号,20:30-21:30,1,1,已售/已满,已售,雾,22,24,2,0.0,93,43
2026-05-21 21:00:56,2026-05-22,4,羽毛球馆-8号,20:30-21:30,1,1,已售/已满,已售,雾,20,21,2,0.0,98,43
2026-05-21 21:30:46,2026-05-22,4,羽毛球馆-8号,20:30-21:30,1,1,已售/已满,已售,雾,20,22,1,0.0,99,41
2026-05-21 22:01:02,2026-05-22,4,羽毛球馆-8号,20:30-21:30,1,1,已售/已满,已售,雾,19,20,2,0.0,93,41
2026-05-21 22:30:47,2026-05-22,4,羽毛球馆-8号,20:30-21:30,1,1,已售/已满,已售,雾,19,19,3,0.0,88,46
2026-05-21 23:00:56,2026-05-22,4,羽毛球馆-8号,20:30-21:30,1,1,已售/已满,已售,多云,18,17,3,0.0,85,46
2026-05-21 23:30:55,2026-05-22,4,羽毛球馆-8号,20:30-21:30,1,1,已售/已满,已售,多云,18,17,3,0.0,85,48
2026-05-21 08:00:45,2026-05-22,4,羽毛球馆-9号,07:00-08:00,0,1,可预约,￥0.0,晴,17,12,5,0.0,86,29
2026-05-21 08:02:30,2026-05-22,4,羽毛球馆-9号,07:00-08:00,0,1,可预约,￥0.0,多云,17,12,5,0.0,87,29
2026-05-21 08:05:36,2026-05-22,4,羽毛球馆-9号,07:00-08:00,0,1,可预约,￥0.0,多云,17,12,5,0.0,86,29
2026-05-21 08:08:31,2026-05-22,4,羽毛球馆-9号,07:00-08:00,0,1,可预约,￥0.0,多云,17,12,5,0.0,86,29
2026-05-21 08:11:30,2026-05-22,4,羽毛球馆-9号,07:00-08:00,0,1,可预约,￥0.0,多云,17,12,5,0.0,86,29
2026-05-21 08:14:31,2026-05-22,4,羽毛球馆-9号,07:00-08:00,0,1,可预约,￥0.0,多云,17,12,5,0.0,86,29
2026-05-21 08:17:30,2026-05-22,4,羽毛球馆-9号,07:00-08:00,0,1,可预约,￥0.0,多云,17,12,5,0.0,86,29
2026-05-21 08:20:35,2026-05-22,4,羽毛球馆-9号,07:00-08:00,0,1,可预约,￥0.0,多云,17,14,4,0.0,85,29
2026-05-21 08:25:32,2026-05-22,4,羽毛球馆-9号,07:00-08:00,0,1,可预约,￥0.0,多云,17,14,4,0.0,85,28
2026-05-21 08:30:42,2026-05-22,4,羽毛球馆-9号,07:00-08:00,0,1,可预约,￥0.0,多云,18,15,4,0.0,84,28
2026-05-21 08:35:31,2026-05-22,4,羽毛球馆-9号,07:00-08:00,0,1,可预约,￥0.0,多云,18,15,4,0.0,84,28
2026-05-21 08:40:38,2026-05-22,4,羽毛球馆-9号,07:00-08:00,0,1,可预约,￥0.0,多云,18,15,4,0.0,82,28
2026-05-21 08:45:33,2026-05-22,4,羽毛球馆-9号,07:00-08:00,0,1,可预约,￥0.0,多云,18,15,4,0.0,82,28
2026-05-21 08:50:36,2026-05-22,4,羽毛球馆-9号,07:00-08:00,0,1,可预约,￥0.0,多云,18,15,4,0.0,82,28
2026-05-21 08:55:34,2026-05-22,4,羽毛球馆-9号,07:00-08:00,0,1,可预约,￥0.0,多云,18,15,4,0.0,84,28
2026-05-21 09:00:51,2026-05-22,4,羽毛球馆-9号,07:00-08:00,0,1,可预约,￥0.0,多云,18,15,4,0.0,84,28
2026-05-21 09:01:59,2026-05-22,4,羽毛球馆-9号,07:00-08:00,0,1,可预约,￥0.0,多云,18,15,4,0.0,83,28
2026-05-21 09:05:33,2026-05-22,4,羽毛球馆-9号,07:00-08:00,0,1,可预约,￥0.0,多云,18,15,4,0.0,83,28
2026-05-21 09:20:38,2026-05-22,4,羽毛球馆-9号,07:00-08:00,0,1,可预约,￥0.0,多云,18,16,3,0.0,81,28
2026-05-21 09:30:46,2026-05-22,4,羽毛球馆-9号,07:00-08:00,0,1,可预约,￥0.0,多云,18,16,3,0.0,81,32
2026-05-21 09:40:36,2026-05-22,4,羽毛球馆-9号,07:00-08:00,0,1,可预约,￥0.0,多云,19,17,3,0.0,79,32
2026-05-21 09:50:42,2026-05-22,4,羽毛球馆-9号,07:00-08:00,0,1,可预约,￥0.0,多云,19,17,4,0.0,81,32
2026-05-21 10:00:46,2026-05-22,4,羽毛球馆-9号,07:00-08:00,0,1,可预约,￥0.0,多云,19,17,4,0.0,79,32
2026-05-21 10:10:40,2026-05-22,4,羽毛球馆-9号,07:00-08:00,0,1,可预约,￥0.0,多云,19,17,4,0.0,79,32
2026-05-21 10:20:38,2026-05-22,4,羽毛球馆-9号,07:00-08:00,0,1,可预约,￥0.0,多云,19,17,4,0.0,79,32
2026-05-21 10:30:41,2026-05-22,4,羽毛球馆-9号,07:00-08:00,0,1,可预约,￥0.0,多云,19,18,3,0.0,78,31
2026-05-21 11:00:44,2026-05-22,4,羽毛球馆-9号,07:00-08:00,0,1,可预约,￥0.0,多云,21,17,5,0.0,74,31
2026-05-21 11:30:38,2026-05-22,4,羽毛球馆-9号,07:00-08:00,0,1,可预约,￥0.0,多云,21,19,3,0.0,72,33
2026-05-21 12:00:46,2026-05-22,4,羽毛球馆-9号,07:00-08:00,0,1,可预约,￥0.0,多云,22,19,4,0.0,70,33
2026-05-21 12:30:42,2026-05-22,4,羽毛球馆-9号,07:00-08:00,0,1,可预约,￥0.0,多云,22,21,3,0.0,68,35
2026-05-21 13:00:43,2026-05-22,4,羽毛球馆-9号,07:00-08:00,0,1,可预约,￥0.0,多云,24,22,4,0.0,66,35
2026-05-21 13:30:43,2026-05-22,4,羽毛球馆-9号,07:00-08:00,0,1,可预约,￥0.0,多云,24,22,4,0.0,66,36
2026-05-21 14:00:48,2026-05-22,4,羽毛球馆-9号,07:00-08:00,0,1,可预约,￥0.0,多云,25,23,4,0.0,66,36
2026-05-21 14:30:45,2026-05-22,4,羽毛球馆-9号,07:00-08:00,0,1,可预约,￥0.0,晴,25,25,3,0.0,65,39
2026-05-21 15:00:45,2026-05-22,4,羽毛球馆-9号,07:00-08:00,0,1,可预约,￥0.0,晴,25,22,4,0.0,56,39
2026-05-21 15:30:43,2026-05-22,4,羽毛球馆-9号,07:00-08:00,0,1,可预约,￥0.0,晴,25,23,4,0.0,57,40
2026-05-21 16:00:51,2026-05-22,4,羽毛球馆-9号,07:00-08:00,0,1,可预约,￥0.0,晴,25,23,4,0.0,57,40
2026-05-21 16:30:48,2026-05-22,4,羽毛球馆-9号,07:00-08:00,0,1,可预约,￥0.0,晴,25,24,3,0.0,60,39
2026-05-21 17:00:49,2026-05-22,4,羽毛球馆-9号,07:00-08:00,0,1,可预约,￥0.0,晴,25,24,4,0.0,61,39
2026-05-21 17:30:47,2026-05-22,4,羽毛球馆-9号,07:00-08:00,0,1,可预约,￥0.0,多云,24,23,3,0.0,64,39
2026-05-21 18:00:50,2026-05-22,4,羽毛球馆-9号,07:00-08:00,0,1,可预约,￥0.0,多云,24,23,3,0.0,68,39
2026-05-21 18:30:50,2026-05-22,4,羽毛球馆-9号,07:00-08:00,0,1,可预约,￥0.0,阴,24,25,2,0.0,68,40
2026-05-21 19:00:50,2026-05-22,4,羽毛球馆-9号,07:00-08:00,0,1,可预约,￥0.0,阴,23,23,3,0.0,76,40
2026-05-21 19:30:46,2026-05-22,4,羽毛球馆-9号,07:00-08:00,0,1,可预约,￥0.0,阴,23,24,2,0.0,77,39
2026-05-21 20:00:49,2026-05-22,4,羽毛球馆-9号,07:00-08:00,0,1,可预约,￥0.0,雾,22,23,2,0.0,89,39
2026-05-21 20:30:44,2026-05-22,4,羽毛球馆-9号,07:00-08:00,0,1,可预约,￥0.0,雾,22,24,2,0.0,93,43
2026-05-21 21:00:56,2026-05-22,4,羽毛球馆-9号,07:00-08:00,0,1,可预约,￥0.0,雾,20,21,2,0.0,98,43
2026-05-21 21:30:46,2026-05-22,4,羽毛球馆-9号,07:00-08:00,0,1,可预约,￥0.0,雾,20,22,1,0.0,99,41
2026-05-21 22:01:02,2026-05-22,4,羽毛球馆-9号,07:00-08:00,0,1,可预约,￥0.0,雾,19,20,2,0.0,93,41
2026-05-21 22:30:47,2026-05-22,4,羽毛球馆-9号,07:00-08:00,0,1,可预约,￥0.0,雾,19,19,3,0.0,88,46
2026-05-21 23:00:56,2026-05-22,4,羽毛球馆-9号,07:00-08:00,0,1,可预约,￥0.0,多云,18,17,3,0.0,85,46
2026-05-21 23:30:55,2026-05-22,4,羽毛球馆-9号,07:00-08:00,0,1,可预约,￥0.0,多云,18,17,3,0.0,85,48
2026-05-21 08:00:45,2026-05-22,4,羽毛球馆-9号,08:00-09:00,0,1,可预约,￥0.0,晴,17,12,5,0.0,86,29
2026-05-21 08:02:30,2026-05-22,4,羽毛球馆-9号,08:00-09:00,0,1,可预约,￥0.0,多云,17,12,5,0.0,87,29
2026-05-21 08:05:36,2026-05-22,4,羽毛球馆-9号,08:00-09:00,0,1,可预约,￥0.0,多云,17,12,5,0.0,86,29
2026-05-21 08:08:31,2026-05-22,4,羽毛球馆-9号,08:00-09:00,0,1,可预约,￥0.0,多云,17,12,5,0.0,86,29
2026-05-21 08:11:30,2026-05-22,4,羽毛球馆-9号,08:00-09:00,0,1,可预约,￥0.0,多云,17,12,5,0.0,86,29
2026-05-21 08:14:31,2026-05-22,4,羽毛球馆-9号,08:00-09:00,0,1,可预约,￥0.0,多云,17,12,5,0.0,86,29
2026-05-21 08:17:30,2026-05-22,4,羽毛球馆-9号,08:00-09:00,0,1,可预约,￥0.0,多云,17,12,5,0.0,86,29
2026-05-21 08:20:35,2026-05-22,4,羽毛球馆-9号,08:00-09:00,0,1,可预约,￥0.0,多云,17,14,4,0.0,85,29
2026-05-21 08:25:32,2026-05-22,4,羽毛球馆-9号,08:00-09:00,0,1,可预约,￥0.0,多云,17,14,4,0.0,85,28
2026-05-21 08:30:42,2026-05-22,4,羽毛球馆-9号,08:00-09:00,0,1,可预约,￥0.0,多云,18,15,4,0.0,84,28
2026-05-21 08:35:31,2026-05-22,4,羽毛球馆-9号,08:00-09:00,0,1,可预约,￥0.0,多云,18,15,4,0.0,84,28
2026-05-21 08:40:38,2026-05-22,4,羽毛球馆-9号,08:00-09:00,0,1,可预约,￥0.0,多云,18,15,4,0.0,82,28
2026-05-21 08:45:33,2026-05-22,4,羽毛球馆-9号,08:00-09:00,0,1,可预约,￥0.0,多云,18,15,4,0.0,82,28
2026-05-21 08:50:36,2026-05-22,4,羽毛球馆-9号,08:00-09:00,0,1,可预约,￥0.0,多云,18,15,4,0.0,82,28
2026-05-21 08:55:34,2026-05-22,4,羽毛球馆-9号,08:00-09:00,0,1,可预约,￥0.0,多云,18,15,4,0.0,84,28
2026-05-21 09:00:51,2026-05-22,4,羽毛球馆-9号,08:00-09:00,0,1,可预约,￥0.0,多云,18,15,4,0.0,84,28
2026-05-21 09:01:59,2026-05-22,4,羽毛球馆-9号,08:00-09:00,0,1,可预约,￥0.0,多云,18,15,4,0.0,83,28
2026-05-21 09:05:33,2026-05-22,4,羽毛球馆-9号,08:00-09:00,0,1,可预约,￥0.0,多云,18,15,4,0.0,83,28
2026-05-21 09:20:38,2026-05-22,4,羽毛球馆-9号,08:00-09:00,0,1,可预约,￥0.0,多云,18,16,3,0.0,81,28
2026-05-21 09:30:46,2026-05-22,4,羽毛球馆-9号,08:00-09:00,0,1,可预约,￥0.0,多云,18,16,3,0.0,81,32
2026-05-21 09:40:36,2026-05-22,4,羽毛球馆-9号,08:00-09:00,0,1,可预约,￥0.0,多云,19,17,3,0.0,79,32
2026-05-21 09:50:42,2026-05-22,4,羽毛球馆-9号,08:00-09:00,0,1,可预约,￥0.0,多云,19,17,4,0.0,81,32
2026-05-21 10:00:46,2026-05-22,4,羽毛球馆-9号,08:00-09:00,0,1,可预约,￥0.0,多云,19,17,4,0.0,79,32
2026-05-21 10:10:40,2026-05-22,4,羽毛球馆-9号,08:00-09:00,0,1,可预约,￥0.0,多云,19,17,4,0.0,79,32
2026-05-21 10:20:38,2026-05-22,4,羽毛球馆-9号,08:00-09:00,0,1,可预约,￥0.0,多云,19,17,4,0.0,79,32
2026-05-21 10:30:41,2026-05-22,4,羽毛球馆-9号,08:00-09:00,0,1,可预约,￥0.0,多云,19,18,3,0.0,78,31
2026-05-21 11:00:44,2026-05-22,4,羽毛球馆-9号,08:00-09:00,0,1,可预约,￥0.0,多云,21,17,5,0.0,74,31
2026-05-21 11:30:38,2026-05-22,4,羽毛球馆-9号,08:00-09:00,0,1,可预约,￥0.0,多云,21,19,3,0.0,72,33
2026-05-21 12:00:46,2026-05-22,4,羽毛球馆-9号,08:00-09:00,0,1,可预约,￥0.0,多云,22,19,4,0.0,70,33
2026-05-21 12:30:42,2026-05-22,4,羽毛球馆-9号,08:00-09:00,0,1,可预约,￥0.0,多云,22,21,3,0.0,68,35
2026-05-21 13:00:43,2026-05-22,4,羽毛球馆-9号,08:00-09:00,0,1,可预约,￥0.0,多云,24,22,4,0.0,66,35
2026-05-21 13:30:43,2026-05-22,4,羽毛球馆-9号,08:00-09:00,0,1,可预约,￥0.0,多云,24,22,4,0.0,66,36
2026-05-21 14:00:48,2026-05-22,4,羽毛球馆-9号,08:00-09:00,0,1,可预约,￥0.0,多云,25,23,4,0.0,66,36
2026-05-21 14:30:45,2026-05-22,4,羽毛球馆-9号,08:00-09:00,0,1,可预约,￥0.0,晴,25,25,3,0.0,65,39
2026-05-21 15:00:45,2026-05-22,4,羽毛球馆-9号,08:00-09:00,0,1,可预约,￥0.0,晴,25,22,4,0.0,56,39
2026-05-21 15:30:43,2026-05-22,4,羽毛球馆-9号,08:00-09:00,0,1,可预约,￥0.0,晴,25,23,4,0.0,57,40
2026-05-21 16:00:51,2026-05-22,4,羽毛球馆-9号,08:00-09:00,0,1,可预约,￥0.0,晴,25,23,4,0.0,57,40
2026-05-21 16:30:48,2026-05-22,4,羽毛球馆-9号,08:00-09:00,0,1,可预约,￥0.0,晴,25,24,3,0.0,60,39
2026-05-21 17:00:49,2026-05-22,4,羽毛球馆-9号,08:00-09:00,0,1,可预约,￥0.0,晴,25,24,4,0.0,61,39
2026-05-21 17:30:47,2026-05-22,4,羽毛球馆-9号,08:00-09:00,0,1,可预约,￥0.0,多云,24,23,3,0.0,64,39
2026-05-21 18:00:50,2026-05-22,4,羽毛球馆-9号,08:00-09:00,0,1,可预约,￥0.0,多云,24,23,3,0.0,68,39
2026-05-21 18:30:50,2026-05-22,4,羽毛球馆-9号,08:00-09:00,0,1,可预约,￥0.0,阴,24,25,2,0.0,68,40
2026-05-21 19:00:50,2026-05-22,4,羽毛球馆-9号,08:00-09:00,0,1,可预约,￥0.0,阴,23,23,3,0.0,76,40
2026-05-21 19:30:46,2026-05-22,4,羽毛球馆-9号,08:00-09:00,0,1,可预约,￥0.0,阴,23,24,2,0.0,77,39
2026-05-21 20:00:49,2026-05-22,4,羽毛球馆-9号,08:00-09:00,0,1,可预约,￥0.0,雾,22,23,2,0.0,89,39
2026-05-21 20:30:44,2026-05-22,4,羽毛球馆-9号,08:00-09:00,0,1,可预约,￥0.0,雾,22,24,2,0.0,93,43
2026-05-21 21:00:56,2026-05-22,4,羽毛球馆-9号,08:00-09:00,0,1,可预约,￥0.0,雾,20,21,2,0.0,98,43
2026-05-21 21:30:46,2026-05-22,4,羽毛球馆-9号,08:00-09:00,0,1,可预约,￥0.0,雾,20,22,1,0.0,99,41
2026-05-21 22:01:02,2026-05-22,4,羽毛球馆-9号,08:00-09:00,0,1,可预约,￥0.0,雾,19,20,2,0.0,93,41
2026-05-21 22:30:47,2026-05-22,4,羽毛球馆-9号,08:00-09:00,0,1,可预约,￥0.0,雾,19,19,3,0.0,88,46
2026-05-21 23:00:56,2026-05-22,4,羽毛球馆-9号,08:00-09:00,0,1,可预约,￥0.0,多云,18,17,3,0.0,85,46
2026-05-21 23:30:55,2026-05-22,4,羽毛球馆-9号,08:00-09:00,0,1,可预约,￥0.0,多云,18,17,3,0.0,85,48
2026-05-21 08:00:45,2026-05-22,4,羽毛球馆-9号,09:00-10:00,0,1,可预约,￥12.0,晴,17,12,5,0.0,86,29
2026-05-21 08:02:30,2026-05-22,4,羽毛球馆-9号,09:00-10:00,0,1,可预约,￥12.0,多云,17,12,5,0.0,87,29
2026-05-21 08:05:36,2026-05-22,4,羽毛球馆-9号,09:00-10:00,0,1,可预约,￥12.0,多云,17,12,5,0.0,86,29
2026-05-21 08:08:31,2026-05-22,4,羽毛球馆-9号,09:00-10:00,0,1,可预约,￥12.0,多云,17,12,5,0.0,86,29
2026-05-21 08:11:30,2026-05-22,4,羽毛球馆-9号,09:00-10:00,0,1,可预约,￥12.0,多云,17,12,5,0.0,86,29
2026-05-21 08:14:31,2026-05-22,4,羽毛球馆-9号,09:00-10:00,0,1,可预约,￥12.0,多云,17,12,5,0.0,86,29
2026-05-21 08:17:30,2026-05-22,4,羽毛球馆-9号,09:00-10:00,0,1,可预约,￥12.0,多云,17,12,5,0.0,86,29
2026-05-21 08:20:35,2026-05-22,4,羽毛球馆-9号,09:00-10:00,0,1,可预约,￥12.0,多云,17,14,4,0.0,85,29
2026-05-21 08:25:32,2026-05-22,4,羽毛球馆-9号,09:00-10:00,0,1,可预约,￥12.0,多云,17,14,4,0.0,85,28
2026-05-21 08:30:42,2026-05-22,4,羽毛球馆-9号,09:00-10:00,0,1,可预约,￥12.0,多云,18,15,4,0.0,84,28
2026-05-21 08:35:31,2026-05-22,4,羽毛球馆-9号,09:00-10:00,0,1,可预约,￥12.0,多云,18,15,4,0.0,84,28
2026-05-21 08:40:38,2026-05-22,4,羽毛球馆-9号,09:00-10:00,0,1,可预约,￥12.0,多云,18,15,4,0.0,82,28
2026-05-21 08:45:33,2026-05-22,4,羽毛球馆-9号,09:00-10:00,0,1,可预约,￥12.0,多云,18,15,4,0.0,82,28
2026-05-21 08:50:36,2026-05-22,4,羽毛球馆-9号,09:00-10:00,0,1,可预约,￥12.0,多云,18,15,4,0.0,82,28
2026-05-21 08:55:34,2026-05-22,4,羽毛球馆-9号,09:00-10:00,0,1,可预约,￥12.0,多云,18,15,4,0.0,84,28
2026-05-21 09:00:51,2026-05-22,4,羽毛球馆-9号,09:00-10:00,0,1,可预约,￥12.0,多云,18,15,4,0.0,84,28
2026-05-21 09:01:59,2026-05-22,4,羽毛球馆-9号,09:00-10:00,0,1,可预约,￥12.0,多云,18,15,4,0.0,83,28
2026-05-21 09:05:33,2026-05-22,4,羽毛球馆-9号,09:00-10:00,0,1,可预约,￥12.0,多云,18,15,4,0.0,83,28
2026-05-21 09:20:38,2026-05-22,4,羽毛球馆-9号,09:00-10:00,0,1,可预约,￥12.0,多云,18,16,3,0.0,81,28
2026-05-21 09:30:46,2026-05-22,4,羽毛球馆-9号,09:00-10:00,0,1,可预约,￥12.0,多云,18,16,3,0.0,81,32
2026-05-21 09:40:36,2026-05-22,4,羽毛球馆-9号,09:00-10:00,0,1,可预约,￥12.0,多云,19,17,3,0.0,79,32
2026-05-21 09:50:42,2026-05-22,4,羽毛球馆-9号,09:00-10:00,0,1,可预约,￥12.0,多云,19,17,4,0.0,81,32
2026-05-21 10:00:46,2026-05-22,4,羽毛球馆-9号,09:00-10:00,0,1,可预约,￥12.0,多云,19,17,4,0.0,79,32
2026-05-21 10:10:40,2026-05-22,4,羽毛球馆-9号,09:00-10:00,0,1,可预约,￥12.0,多云,19,17,4,0.0,79,32
2026-05-21 10:20:38,2026-05-22,4,羽毛球馆-9号,09:00-10:00,0,1,可预约,￥12.0,多云,19,17,4,0.0,79,32
2026-05-21 10:30:41,2026-05-22,4,羽毛球馆-9号,09:00-10:00,0,1,可预约,￥12.0,多云,19,18,3,0.0,78,31
2026-05-21 11:00:44,2026-05-22,4,羽毛球馆-9号,09:00-10:00,0,1,可预约,￥12.0,多云,21,17,5,0.0,74,31
2026-05-21 11:30:38,2026-05-22,4,羽毛球馆-9号,09:00-10:00,0,1,可预约,￥12.0,多云,21,19,3,0.0,72,33
2026-05-21 12:00:46,2026-05-22,4,羽毛球馆-9号,09:00-10:00,0,1,可预约,￥12.0,多云,22,19,4,0.0,70,33
2026-05-21 12:30:42,2026-05-22,4,羽毛球馆-9号,09:00-10:00,0,1,可预约,￥12.0,多云,22,21,3,0.0,68,35
2026-05-21 13:00:43,2026-05-22,4,羽毛球馆-9号,09:00-10:00,0,1,可预约,￥12.0,多云,24,22,4,0.0,66,35
2026-05-21 13:30:43,2026-05-22,4,羽毛球馆-9号,09:00-10:00,0,1,可预约,￥12.0,多云,24,22,4,0.0,66,36
2026-05-21 14:00:48,2026-05-22,4,羽毛球馆-9号,09:00-10:00,0,1,可预约,￥12.0,多云,25,23,4,0.0,66,36
2026-05-21 14:30:45,2026-05-22,4,羽毛球馆-9号,09:00-10:00,0,1,可预约,￥12.0,晴,25,25,3,0.0,65,39
2026-05-21 15:00:45,2026-05-22,4,羽毛球馆-9号,09:00-10:00,0,1,可预约,￥12.0,晴,25,22,4,0.0,56,39
2026-05-21 15:30:43,2026-05-22,4,羽毛球馆-9号,09:00-10:00,0,1,可预约,￥12.0,晴,25,23,4,0.0,57,40
2026-05-21 16:00:51,2026-05-22,4,羽毛球馆-9号,09:00-10:00,0,1,可预约,￥12.0,晴,25,23,4,0.0,57,40
2026-05-21 16:30:48,2026-05-22,4,羽毛球馆-9号,09:00-10:00,0,1,可预约,￥12.0,晴,25,24,3,0.0,60,39
2026-05-21 17:00:49,2026-05-22,4,羽毛球馆-9号,09:00-10:00,0,1,可预约,￥12.0,晴,25,24,4,0.0,61,39
2026-05-21 17:30:47,2026-05-22,4,羽毛球馆-9号,09:00-10:00,0,1,可预约,￥12.0,多云,24,23,3,0.0,64,39
2026-05-21 18:00:50,2026-05-22,4,羽毛球馆-9号,09:00-10:00,0,1,可预约,￥12.0,多云,24,23,3,0.0,68,39
2026-05-21 18:30:50,2026-05-22,4,羽毛球馆-9号,09:00-10:00,0,1,可预约,￥12.0,阴,24,25,2,0.0,68,40
2026-05-21 19:00:50,2026-05-22,4,羽毛球馆-9号,09:00-10:00,0,1,可预约,￥12.0,阴,23,23,3,0.0,76,40
2026-05-21 19:30:46,2026-05-22,4,羽毛球馆-9号,09:00-10:00,0,1,可预约,￥12.0,阴,23,24,2,0.0,77,39
2026-05-21 20:00:49,2026-05-22,4,羽毛球馆-9号,09:00-10:00,0,1,可预约,￥12.0,雾,22,23,2,0.0,89,39
2026-05-21 20:30:44,2026-05-22,4,羽毛球馆-9号,09:00-10:00,0,1,可预约,￥12.0,雾,22,24,2,0.0,93,43
2026-05-21 21:00:56,2026-05-22,4,羽毛球馆-9号,09:00-10:00,0,1,可预约,￥12.0,雾,20,21,2,0.0,98,43
2026-05-21 21:30:46,2026-05-22,4,羽毛球馆-9号,09:00-10:00,0,1,可预约,￥12.0,雾,20,22,1,0.0,99,41
2026-05-21 22:01:02,2026-05-22,4,羽毛球馆-9号,09:00-10:00,0,1,可预约,￥12.0,雾,19,20,2,0.0,93,41
2026-05-21 22:30:47,2026-05-22,4,羽毛球馆-9号,09:00-10:00,0,1,可预约,￥12.0,雾,19,19,3,0.0,88,46
2026-05-21 23:00:56,2026-05-22,4,羽毛球馆-9号,09:00-10:00,0,1,可预约,￥12.0,多云,18,17,3,0.0,85,46
2026-05-21 23:30:55,2026-05-22,4,羽毛球馆-9号,09:00-10:00,0,1,可预约,￥12.0,多云,18,17,3,0.0,85,48
2026-05-21 08:00:45,2026-05-22,4,羽毛球馆-9号,10:00-11:00,1,1,已售/已满,教学时间,晴,17,12,5,0.0,86,29
2026-05-21 08:02:30,2026-05-22,4,羽毛球馆-9号,10:00-11:00,1,1,已售/已满,教学时间,多云,17,12,5,0.0,87,29
2026-05-21 08:05:36,2026-05-22,4,羽毛球馆-9号,10:00-11:00,1,1,已售/已满,教学时间,多云,17,12,5,0.0,86,29
2026-05-21 08:08:31,2026-05-22,4,羽毛球馆-9号,10:00-11:00,1,1,已售/已满,教学时间,多云,17,12,5,0.0,86,29
2026-05-21 08:11:30,2026-05-22,4,羽毛球馆-9号,10:00-11:00,1,1,已售/已满,教学时间,多云,17,12,5,0.0,86,29
2026-05-21 08:14:31,2026-05-22,4,羽毛球馆-9号,10:00-11:00,1,1,已售/已满,教学时间,多云,17,12,5,0.0,86,29
2026-05-21 08:17:30,2026-05-22,4,羽毛球馆-9号,10:00-11:00,1,1,已售/已满,教学时间,多云,17,12,5,0.0,86,29
2026-05-21 08:20:35,2026-05-22,4,羽毛球馆-9号,10:00-11:00,1,1,已售/已满,教学时间,多云,17,14,4,0.0,85,29
2026-05-21 08:25:32,2026-05-22,4,羽毛球馆-9号,10:00-11:00,1,1,已售/已满,教学时间,多云,17,14,4,0.0,85,28
2026-05-21 08:30:42,2026-05-22,4,羽毛球馆-9号,10:00-11:00,1,1,已售/已满,教学时间,多云,18,15,4,0.0,84,28
2026-05-21 08:35:31,2026-05-22,4,羽毛球馆-9号,10:00-11:00,1,1,已售/已满,教学时间,多云,18,15,4,0.0,84,28
2026-05-21 08:40:38,2026-05-22,4,羽毛球馆-9号,10:00-11:00,1,1,已售/已满,教学时间,多云,18,15,4,0.0,82,28
2026-05-21 08:45:33,2026-05-22,4,羽毛球馆-9号,10:00-11:00,1,1,已售/已满,教学时间,多云,18,15,4,0.0,82,28
2026-05-21 08:50:36,2026-05-22,4,羽毛球馆-9号,10:00-11:00,1,1,已售/已满,教学时间,多云,18,15,4,0.0,82,28
2026-05-21 08:55:34,2026-05-22,4,羽毛球馆-9号,10:00-11:00,1,1,已售/已满,教学时间,多云,18,15,4,0.0,84,28
2026-05-21 09:00:51,2026-05-22,4,羽毛球馆-9号,10:00-11:00,1,1,已售/已满,教学时间,多云,18,15,4,0.0,84,28
2026-05-21 09:01:59,2026-05-22,4,羽毛球馆-9号,10:00-11:00,1,1,已售/已满,教学时间,多云,18,15,4,0.0,83,28
2026-05-21 09:05:33,2026-05-22,4,羽毛球馆-9号,10:00-11:00,1,1,已售/已满,教学时间,多云,18,15,4,0.0,83,28
2026-05-21 09:20:38,2026-05-22,4,羽毛球馆-9号,10:00-11:00,1,1,已售/已满,教学时间,多云,18,16,3,0.0,81,28
2026-05-21 09:30:46,2026-05-22,4,羽毛球馆-9号,10:00-11:00,1,1,已售/已满,教学时间,多云,18,16,3,0.0,81,32
2026-05-21 09:40:36,2026-05-22,4,羽毛球馆-9号,10:00-11:00,1,1,已售/已满,教学时间,多云,19,17,3,0.0,79,32
2026-05-21 09:50:42,2026-05-22,4,羽毛球馆-9号,10:00-11:00,1,1,已售/已满,教学时间,多云,19,17,4,0.0,81,32
2026-05-21 10:00:46,2026-05-22,4,羽毛球馆-9号,10:00-11:00,1,1,已售/已满,教学时间,多云,19,17,4,0.0,79,32
2026-05-21 10:10:40,2026-05-22,4,羽毛球馆-9号,10:00-11:00,1,1,已售/已满,教学时间,多云,19,17,4,0.0,79,32
2026-05-21 10:20:38,2026-05-22,4,羽毛球馆-9号,10:00-11:00,1,1,已售/已满,教学时间,多云,19,17,4,0.0,79,32
2026-05-21 10:30:41,2026-05-22,4,羽毛球馆-9号,10:00-11:00,1,1,已售/已满,教学时间,多云,19,18,3,0.0,78,31
2026-05-21 11:00:44,2026-05-22,4,羽毛球馆-9号,10:00-11:00,1,1,已售/已满,教学时间,多云,21,17,5,0.0,74,31
2026-05-21 11:30:38,2026-05-22,4,羽毛球馆-9号,10:00-11:00,1,1,已售/已满,教学时间,多云,21,19,3,0.0,72,33
2026-05-21 12:00:46,2026-05-22,4,羽毛球馆-9号,10:00-11:00,1,1,已售/已满,教学时间,多云,22,19,4,0.0,70,33
2026-05-21 12:30:42,2026-05-22,4,羽毛球馆-9号,10:00-11:00,1,1,已售/已满,教学时间,多云,22,21,3,0.0,68,35
2026-05-21 13:00:43,2026-05-22,4,羽毛球馆-9号,10:00-11:00,1,1,已售/已满,教学时间,多云,24,22,4,0.0,66,35
2026-05-21 13:30:43,2026-05-22,4,羽毛球馆-9号,10:00-11:00,1,1,已售/已满,教学时间,多云,24,22,4,0.0,66,36
2026-05-21 14:00:48,2026-05-22,4,羽毛球馆-9号,10:00-11:00,1,1,已售/已满,教学时间,多云,25,23,4,0.0,66,36
2026-05-21 14:30:45,2026-05-22,4,羽毛球馆-9号,10:00-11:00,1,1,已售/已满,教学时间,晴,25,25,3,0.0,65,39
2026-05-21 15:00:45,2026-05-22,4,羽毛球馆-9号,10:00-11:00,1,1,已售/已满,教学时间,晴,25,22,4,0.0,56,39
2026-05-21 15:30:43,2026-05-22,4,羽毛球馆-9号,10:00-11:00,1,1,已售/已满,教学时间,晴,25,23,4,0.0,57,40
2026-05-21 16:00:51,2026-05-22,4,羽毛球馆-9号,10:00-11:00,1,1,已售/已满,教学时间,晴,25,23,4,0.0,57,40
2026-05-21 16:30:48,2026-05-22,4,羽毛球馆-9号,10:00-11:00,1,1,已售/已满,教学时间,晴,25,24,3,0.0,60,39
2026-05-21 17:00:49,2026-05-22,4,羽毛球馆-9号,10:00-11:00,1,1,已售/已满,教学时间,晴,25,24,4,0.0,61,39
2026-05-21 17:30:47,2026-05-22,4,羽毛球馆-9号,10:00-11:00,1,1,已售/已满,教学时间,多云,24,23,3,0.0,64,39
2026-05-21 18:00:50,2026-05-22,4,羽毛球馆-9号,10:00-11:00,1,1,已售/已满,教学时间,多云,24,23,3,0.0,68,39
2026-05-21 18:30:50,2026-05-22,4,羽毛球馆-9号,10:00-11:00,1,1,已售/已满,教学时间,阴,24,25,2,0.0,68,40
2026-05-21 19:00:50,2026-05-22,4,羽毛球馆-9号,10:00-11:00,1,1,已售/已满,教学时间,阴,23,23,3,0.0,76,40
2026-05-21 19:30:46,2026-05-22,4,羽毛球馆-9号,10:00-11:00,1,1,已售/已满,教学时间,阴,23,24,2,0.0,77,39
2026-05-21 20:00:49,2026-05-22,4,羽毛球馆-9号,10:00-11:00,1,1,已售/已满,教学时间,雾,22,23,2,0.0,89,39
2026-05-21 20:30:44,2026-05-22,4,羽毛球馆-9号,10:00-11:00,1,1,已售/已满,教学时间,雾,22,24,2,0.0,93,43
2026-05-21 21:00:56,2026-05-22,4,羽毛球馆-9号,10:00-11:00,1,1,已售/已满,教学时间,雾,20,21,2,0.0,98,43
2026-05-21 21:30:46,2026-05-22,4,羽毛球馆-9号,10:00-11:00,1,1,已售/已满,教学时间,雾,20,22,1,0.0,99,41
2026-05-21 22:01:02,2026-05-22,4,羽毛球馆-9号,10:00-11:00,1,1,已售/已满,教学时间,雾,19,20,2,0.0,93,41
2026-05-21 22:30:47,2026-05-22,4,羽毛球馆-9号,10:00-11:00,1,1,已售/已满,教学时间,雾,19,19,3,0.0,88,46
2026-05-21 23:00:56,2026-05-22,4,羽毛球馆-9号,10:00-11:00,1,1,已售/已满,教学时间,多云,18,17,3,0.0,85,46
2026-05-21 23:30:55,2026-05-22,4,羽毛球馆-9号,10:00-11:00,1,1,已售/已满,教学时间,多云,18,17,3,0.0,85,48
2026-05-21 08:00:45,2026-05-22,4,羽毛球馆-9号,11:00-12:00,1,1,已售/已满,教学时间,晴,17,12,5,0.0,86,29
2026-05-21 08:02:30,2026-05-22,4,羽毛球馆-9号,11:00-12:00,1,1,已售/已满,教学时间,多云,17,12,5,0.0,87,29
2026-05-21 08:05:36,2026-05-22,4,羽毛球馆-9号,11:00-12:00,1,1,已售/已满,教学时间,多云,17,12,5,0.0,86,29
2026-05-21 08:08:31,2026-05-22,4,羽毛球馆-9号,11:00-12:00,1,1,已售/已满,教学时间,多云,17,12,5,0.0,86,29
2026-05-21 08:11:30,2026-05-22,4,羽毛球馆-9号,11:00-12:00,1,1,已售/已满,教学时间,多云,17,12,5,0.0,86,29
2026-05-21 08:14:31,2026-05-22,4,羽毛球馆-9号,11:00-12:00,1,1,已售/已满,教学时间,多云,17,12,5,0.0,86,29
2026-05-21 08:17:30,2026-05-22,4,羽毛球馆-9号,11:00-12:00,1,1,已售/已满,教学时间,多云,17,12,5,0.0,86,29
2026-05-21 08:20:35,2026-05-22,4,羽毛球馆-9号,11:00-12:00,1,1,已售/已满,教学时间,多云,17,14,4,0.0,85,29
2026-05-21 08:25:32,2026-05-22,4,羽毛球馆-9号,11:00-12:00,1,1,已售/已满,教学时间,多云,17,14,4,0.0,85,28
2026-05-21 08:30:42,2026-05-22,4,羽毛球馆-9号,11:00-12:00,1,1,已售/已满,教学时间,多云,18,15,4,0.0,84,28
2026-05-21 08:35:31,2026-05-22,4,羽毛球馆-9号,11:00-12:00,1,1,已售/已满,教学时间,多云,18,15,4,0.0,84,28
2026-05-21 08:40:38,2026-05-22,4,羽毛球馆-9号,11:00-12:00,1,1,已售/已满,教学时间,多云,18,15,4,0.0,82,28
2026-05-21 08:45:33,2026-05-22,4,羽毛球馆-9号,11:00-12:00,1,1,已售/已满,教学时间,多云,18,15,4,0.0,82,28
2026-05-21 08:50:36,2026-05-22,4,羽毛球馆-9号,11:00-12:00,1,1,已售/已满,教学时间,多云,18,15,4,0.0,82,28
2026-05-21 08:55:34,2026-05-22,4,羽毛球馆-9号,11:00-12:00,1,1,已售/已满,教学时间,多云,18,15,4,0.0,84,28
2026-05-21 09:00:51,2026-05-22,4,羽毛球馆-9号,11:00-12:00,1,1,已售/已满,教学时间,多云,18,15,4,0.0,84,28
2026-05-21 09:01:59,2026-05-22,4,羽毛球馆-9号,11:00-12:00,1,1,已售/已满,教学时间,多云,18,15,4,0.0,83,28
2026-05-21 09:05:33,2026-05-22,4,羽毛球馆-9号,11:00-12:00,1,1,已售/已满,教学时间,多云,18,15,4,0.0,83,28
2026-05-21 09:20:38,2026-05-22,4,羽毛球馆-9号,11:00-12:00,1,1,已售/已满,教学时间,多云,18,16,3,0.0,81,28
2026-05-21 09:30:46,2026-05-22,4,羽毛球馆-9号,11:00-12:00,1,1,已售/已满,教学时间,多云,18,16,3,0.0,81,32
2026-05-21 09:40:36,2026-05-22,4,羽毛球馆-9号,11:00-12:00,1,1,已售/已满,教学时间,多云,19,17,3,0.0,79,32
2026-05-21 09:50:42,2026-05-22,4,羽毛球馆-9号,11:00-12:00,1,1,已售/已满,教学时间,多云,19,17,4,0.0,81,32
2026-05-21 10:00:46,2026-05-22,4,羽毛球馆-9号,11:00-12:00,1,1,已售/已满,教学时间,多云,19,17,4,0.0,79,32
2026-05-21 10:10:40,2026-05-22,4,羽毛球馆-9号,11:00-12:00,1,1,已售/已满,教学时间,多云,19,17,4,0.0,79,32
2026-05-21 10:20:38,2026-05-22,4,羽毛球馆-9号,11:00-12:00,1,1,已售/已满,教学时间,多云,19,17,4,0.0,79,32
2026-05-21 10:30:41,2026-05-22,4,羽毛球馆-9号,11:00-12:00,1,1,已售/已满,教学时间,多云,19,18,3,0.0,78,31
2026-05-21 11:00:44,2026-05-22,4,羽毛球馆-9号,11:00-12:00,1,1,已售/已满,教学时间,多云,21,17,5,0.0,74,31
2026-05-21 11:30:38,2026-05-22,4,羽毛球馆-9号,11:00-12:00,1,1,已售/已满,教学时间,多云,21,19,3,0.0,72,33
2026-05-21 12:00:46,2026-05-22,4,羽毛球馆-9号,11:00-12:00,1,1,已售/已满,教学时间,多云,22,19,4,0.0,70,33
2026-05-21 12:30:42,2026-05-22,4,羽毛球馆-9号,11:00-12:00,1,1,已售/已满,教学时间,多云,22,21,3,0.0,68,35
2026-05-21 13:00:43,2026-05-22,4,羽毛球馆-9号,11:00-12:00,1,1,已售/已满,教学时间,多云,24,22,4,0.0,66,35
2026-05-21 13:30:43,2026-05-22,4,羽毛球馆-9号,11:00-12:00,1,1,已售/已满,教学时间,多云,24,22,4,0.0,66,36
2026-05-21 14:00:48,2026-05-22,4,羽毛球馆-9号,11:00-12:00,1,1,已售/已满,教学时间,多云,25,23,4,0.0,66,36
2026-05-21 14:30:45,2026-05-22,4,羽毛球馆-9号,11:00-12:00,1,1,已售/已满,教学时间,晴,25,25,3,0.0,65,39
2026-05-21 15:00:45,2026-05-22,4,羽毛球馆-9号,11:00-12:00,1,1,已售/已满,教学时间,晴,25,22,4,0.0,56,39
2026-05-21 15:30:43,2026-05-22,4,羽毛球馆-9号,11:00-12:00,1,1,已售/已满,教学时间,晴,25,23,4,0.0,57,40
2026-05-21 16:00:51,2026-05-22,4,羽毛球馆-9号,11:00-12:00,1,1,已售/已满,教学时间,晴,25,23,4,0.0,57,40
2026-05-21 16:30:48,2026-05-22,4,羽毛球馆-9号,11:00-12:00,1,1,已售/已满,教学时间,晴,25,24,3,0.0,60,39
2026-05-21 17:00:49,2026-05-22,4,羽毛球馆-9号,11:00-12:00,1,1,已售/已满,教学时间,晴,25,24,4,0.0,61,39
2026-05-21 17:30:47,2026-05-22,4,羽毛球馆-9号,11:00-12:00,1,1,已售/已满,教学时间,多云,24,23,3,0.0,64,39
2026-05-21 18:00:50,2026-05-22,4,羽毛球馆-9号,11:00-12:00,1,1,已售/已满,教学时间,多云,24,23,3,0.0,68,39
2026-05-21 18:30:50,2026-05-22,4,羽毛球馆-9号,11:00-12:00,1,1,已售/已满,教学时间,阴,24,25,2,0.0,68,40
2026-05-21 19:00:50,2026-05-22,4,羽毛球馆-9号,11:00-12:00,1,1,已售/已满,教学时间,阴,23,23,3,0.0,76,40
2026-05-21 19:30:46,2026-05-22,4,羽毛球馆-9号,11:00-12:00,1,1,已售/已满,教学时间,阴,23,24,2,0.0,77,39
2026-05-21 20:00:49,2026-05-22,4,羽毛球馆-9号,11:00-12:00,1,1,已售/已满,教学时间,雾,22,23,2,0.0,89,39
2026-05-21 20:30:44,2026-05-22,4,羽毛球馆-9号,11:00-12:00,1,1,已售/已满,教学时间,雾,22,24,2,0.0,93,43
2026-05-21 21:00:56,2026-05-22,4,羽毛球馆-9号,11:00-12:00,1,1,已售/已满,教学时间,雾,20,21,2,0.0,98,43
2026-05-21 21:30:46,2026-05-22,4,羽毛球馆-9号,11:00-12:00,1,1,已售/已满,教学时间,雾,20,22,1,0.0,99,41
2026-05-21 22:01:02,2026-05-22,4,羽毛球馆-9号,11:00-12:00,1,1,已售/已满,教学时间,雾,19,20,2,0.0,93,41
2026-05-21 22:30:47,2026-05-22,4,羽毛球馆-9号,11:00-12:00,1,1,已售/已满,教学时间,雾,19,19,3,0.0,88,46
2026-05-21 23:00:56,2026-05-22,4,羽毛球馆-9号,11:00-12:00,1,1,已售/已满,教学时间,多云,18,17,3,0.0,85,46
2026-05-21 23:30:55,2026-05-22,4,羽毛球馆-9号,11:00-12:00,1,1,已售/已满,教学时间,多云,18,17,3,0.0,85,48
2026-05-21 08:00:45,2026-05-22,4,羽毛球馆-9号,12:00-12:55,0,1,可预约,￥0.0,晴,17,12,5,0.0,86,29
2026-05-21 08:02:30,2026-05-22,4,羽毛球馆-9号,12:00-12:55,0,1,可预约,￥0.0,多云,17,12,5,0.0,87,29
2026-05-21 08:05:36,2026-05-22,4,羽毛球馆-9号,12:00-12:55,0,1,可预约,￥0.0,多云,17,12,5,0.0,86,29
2026-05-21 08:08:31,2026-05-22,4,羽毛球馆-9号,12:00-12:55,0,1,可预约,￥0.0,多云,17,12,5,0.0,86,29
2026-05-21 08:11:30,2026-05-22,4,羽毛球馆-9号,12:00-12:55,0,1,可预约,￥0.0,多云,17,12,5,0.0,86,29
2026-05-21 08:14:31,2026-05-22,4,羽毛球馆-9号,12:00-12:55,0,1,可预约,￥0.0,多云,17,12,5,0.0,86,29
2026-05-21 08:17:30,2026-05-22,4,羽毛球馆-9号,12:00-12:55,1,1,已售/已满,已售,多云,17,12,5,0.0,86,29
2026-05-21 08:20:35,2026-05-22,4,羽毛球馆-9号,12:00-12:55,1,1,已售/已满,已售,多云,17,14,4,0.0,85,29
2026-05-21 08:25:32,2026-05-22,4,羽毛球馆-9号,12:00-12:55,1,1,已售/已满,已售,多云,17,14,4,0.0,85,28
2026-05-21 08:30:42,2026-05-22,4,羽毛球馆-9号,12:00-12:55,1,1,已售/已满,已售,多云,18,15,4,0.0,84,28
2026-05-21 08:35:31,2026-05-22,4,羽毛球馆-9号,12:00-12:55,1,1,已售/已满,已售,多云,18,15,4,0.0,84,28
2026-05-21 08:40:38,2026-05-22,4,羽毛球馆-9号,12:00-12:55,1,1,已售/已满,已售,多云,18,15,4,0.0,82,28
2026-05-21 08:45:33,2026-05-22,4,羽毛球馆-9号,12:00-12:55,1,1,已售/已满,已售,多云,18,15,4,0.0,82,28
2026-05-21 08:50:36,2026-05-22,4,羽毛球馆-9号,12:00-12:55,1,1,已售/已满,已售,多云,18,15,4,0.0,82,28
2026-05-21 08:55:34,2026-05-22,4,羽毛球馆-9号,12:00-12:55,1,1,已售/已满,已售,多云,18,15,4,0.0,84,28
2026-05-21 09:00:51,2026-05-22,4,羽毛球馆-9号,12:00-12:55,1,1,已售/已满,已售,多云,18,15,4,0.0,84,28
2026-05-21 09:01:59,2026-05-22,4,羽毛球馆-9号,12:00-12:55,1,1,已售/已满,已售,多云,18,15,4,0.0,83,28
2026-05-21 09:05:33,2026-05-22,4,羽毛球馆-9号,12:00-12:55,1,1,已售/已满,已售,多云,18,15,4,0.0,83,28
2026-05-21 09:20:38,2026-05-22,4,羽毛球馆-9号,12:00-12:55,1,1,已售/已满,已售,多云,18,16,3,0.0,81,28
2026-05-21 09:30:46,2026-05-22,4,羽毛球馆-9号,12:00-12:55,1,1,已售/已满,已售,多云,18,16,3,0.0,81,32
2026-05-21 09:40:36,2026-05-22,4,羽毛球馆-9号,12:00-12:55,1,1,已售/已满,已售,多云,19,17,3,0.0,79,32
2026-05-21 09:50:42,2026-05-22,4,羽毛球馆-9号,12:00-12:55,1,1,已售/已满,已售,多云,19,17,4,0.0,81,32
2026-05-21 10:00:46,2026-05-22,4,羽毛球馆-9号,12:00-12:55,1,1,已售/已满,已售,多云,19,17,4,0.0,79,32
2026-05-21 10:10:40,2026-05-22,4,羽毛球馆-9号,12:00-12:55,1,1,已售/已满,已售,多云,19,17,4,0.0,79,32
2026-05-21 10:20:38,2026-05-22,4,羽毛球馆-9号,12:00-12:55,1,1,已售/已满,已售,多云,19,17,4,0.0,79,32
2026-05-21 10:30:41,2026-05-22,4,羽毛球馆-9号,12:00-12:55,1,1,已售/已满,已售,多云,19,18,3,0.0,78,31
2026-05-21 11:00:44,2026-05-22,4,羽毛球馆-9号,12:00-12:55,1,1,已售/已满,已售,多云,21,17,5,0.0,74,31
2026-05-21 11:30:38,2026-05-22,4,羽毛球馆-9号,12:00-12:55,1,1,已售/已满,已售,多云,21,19,3,0.0,72,33
2026-05-21 12:00:46,2026-05-22,4,羽毛球馆-9号,12:00-12:55,1,1,已售/已满,已售,多云,22,19,4,0.0,70,33
2026-05-21 12:30:42,2026-05-22,4,羽毛球馆-9号,12:00-12:55,1,1,已售/已满,已售,多云,22,21,3,0.0,68,35
2026-05-21 13:00:43,2026-05-22,4,羽毛球馆-9号,12:00-12:55,1,1,已售/已满,已售,多云,24,22,4,0.0,66,35
2026-05-21 13:30:43,2026-05-22,4,羽毛球馆-9号,12:00-12:55,1,1,已售/已满,已售,多云,24,22,4,0.0,66,36
2026-05-21 14:00:48,2026-05-22,4,羽毛球馆-9号,12:00-12:55,1,1,已售/已满,已售,多云,25,23,4,0.0,66,36
2026-05-21 14:30:45,2026-05-22,4,羽毛球馆-9号,12:00-12:55,1,1,已售/已满,已售,晴,25,25,3,0.0,65,39
2026-05-21 15:00:45,2026-05-22,4,羽毛球馆-9号,12:00-12:55,1,1,已售/已满,已售,晴,25,22,4,0.0,56,39
2026-05-21 15:30:43,2026-05-22,4,羽毛球馆-9号,12:00-12:55,1,1,已售/已满,已售,晴,25,23,4,0.0,57,40
2026-05-21 16:00:51,2026-05-22,4,羽毛球馆-9号,12:00-12:55,1,1,已售/已满,已售,晴,25,23,4,0.0,57,40
2026-05-21 16:30:48,2026-05-22,4,羽毛球馆-9号,12:00-12:55,1,1,已售/已满,已售,晴,25,24,3,0.0,60,39
2026-05-21 17:00:49,2026-05-22,4,羽毛球馆-9号,12:00-12:55,1,1,已售/已满,已售,晴,25,24,4,0.0,61,39
2026-05-21 17:30:47,2026-05-22,4,羽毛球馆-9号,12:00-12:55,1,1,已售/已满,已售,多云,24,23,3,0.0,64,39
2026-05-21 18:00:50,2026-05-22,4,羽毛球馆-9号,12:00-12:55,1,1,已售/已满,已售,多云,24,23,3,0.0,68,39
2026-05-21 18:30:50,2026-05-22,4,羽毛球馆-9号,12:00-12:55,1,1,已售/已满,已售,阴,24,25,2,0.0,68,40
2026-05-21 19:00:50,2026-05-22,4,羽毛球馆-9号,12:00-12:55,1,1,已售/已满,已售,阴,23,23,3,0.0,76,40
2026-05-21 19:30:46,2026-05-22,4,羽毛球馆-9号,12:00-12:55,1,1,已售/已满,已售,阴,23,24,2,0.0,77,39
2026-05-21 20:00:49,2026-05-22,4,羽毛球馆-9号,12:00-12:55,1,1,已售/已满,已售,雾,22,23,2,0.0,89,39
2026-05-21 20:30:44,2026-05-22,4,羽毛球馆-9号,12:00-12:55,1,1,已售/已满,已售,雾,22,24,2,0.0,93,43
2026-05-21 21:00:56,2026-05-22,4,羽毛球馆-9号,12:00-12:55,1,1,已售/已满,已售,雾,20,21,2,0.0,98,43
2026-05-21 21:30:46,2026-05-22,4,羽毛球馆-9号,12:00-12:55,1,1,已售/已满,已售,雾,20,22,1,0.0,99,41
2026-05-21 22:01:02,2026-05-22,4,羽毛球馆-9号,12:00-12:55,1,1,已售/已满,已售,雾,19,20,2,0.0,93,41
2026-05-21 22:30:47,2026-05-22,4,羽毛球馆-9号,12:00-12:55,1,1,已售/已满,已售,雾,19,19,3,0.0,88,46
2026-05-21 23:00:56,2026-05-22,4,羽毛球馆-9号,12:00-12:55,1,1,已售/已满,已售,多云,18,17,3,0.0,85,46
2026-05-21 23:30:55,2026-05-22,4,羽毛球馆-9号,12:00-12:55,1,1,已售/已满,已售,多云,18,17,3,0.0,85,48
2026-05-21 08:00:45,2026-05-22,4,羽毛球馆-9号,12:55-13:50,0,1,可预约,￥0.0,晴,17,12,5,0.0,86,29
2026-05-21 08:02:30,2026-05-22,4,羽毛球馆-9号,12:55-13:50,0,1,可预约,￥0.0,多云,17,12,5,0.0,87,29
2026-05-21 08:05:36,2026-05-22,4,羽毛球馆-9号,12:55-13:50,0,1,可预约,￥0.0,多云,17,12,5,0.0,86,29
2026-05-21 08:08:31,2026-05-22,4,羽毛球馆-9号,12:55-13:50,0,1,可预约,￥0.0,多云,17,12,5,0.0,86,29
2026-05-21 08:11:30,2026-05-22,4,羽毛球馆-9号,12:55-13:50,0,1,可预约,￥0.0,多云,17,12,5,0.0,86,29
2026-05-21 08:14:31,2026-05-22,4,羽毛球馆-9号,12:55-13:50,0,1,可预约,￥0.0,多云,17,12,5,0.0,86,29
2026-05-21 08:17:30,2026-05-22,4,羽毛球馆-9号,12:55-13:50,1,1,已售/已满,已售,多云,17,12,5,0.0,86,29
2026-05-21 08:20:35,2026-05-22,4,羽毛球馆-9号,12:55-13:50,1,1,已售/已满,已售,多云,17,14,4,0.0,85,29
2026-05-21 08:25:32,2026-05-22,4,羽毛球馆-9号,12:55-13:50,1,1,已售/已满,已售,多云,17,14,4,0.0,85,28
2026-05-21 08:30:42,2026-05-22,4,羽毛球馆-9号,12:55-13:50,1,1,已售/已满,已售,多云,18,15,4,0.0,84,28
2026-05-21 08:35:31,2026-05-22,4,羽毛球馆-9号,12:55-13:50,1,1,已售/已满,已售,多云,18,15,4,0.0,84,28
2026-05-21 08:40:38,2026-05-22,4,羽毛球馆-9号,12:55-13:50,1,1,已售/已满,已售,多云,18,15,4,0.0,82,28
2026-05-21 08:45:33,2026-05-22,4,羽毛球馆-9号,12:55-13:50,1,1,已售/已满,已售,多云,18,15,4,0.0,82,28
2026-05-21 08:50:36,2026-05-22,4,羽毛球馆-9号,12:55-13:50,1,1,已售/已满,已售,多云,18,15,4,0.0,82,28
2026-05-21 08:55:34,2026-05-22,4,羽毛球馆-9号,12:55-13:50,1,1,已售/已满,已售,多云,18,15,4,0.0,84,28
2026-05-21 09:00:51,2026-05-22,4,羽毛球馆-9号,12:55-13:50,1,1,已售/已满,已售,多云,18,15,4,0.0,84,28
2026-05-21 09:01:59,2026-05-22,4,羽毛球馆-9号,12:55-13:50,1,1,已售/已满,已售,多云,18,15,4,0.0,83,28
2026-05-21 09:05:33,2026-05-22,4,羽毛球馆-9号,12:55-13:50,1,1,已售/已满,已售,多云,18,15,4,0.0,83,28
2026-05-21 09:20:38,2026-05-22,4,羽毛球馆-9号,12:55-13:50,1,1,已售/已满,已售,多云,18,16,3,0.0,81,28
2026-05-21 09:30:46,2026-05-22,4,羽毛球馆-9号,12:55-13:50,1,1,已售/已满,已售,多云,18,16,3,0.0,81,32
2026-05-21 09:40:36,2026-05-22,4,羽毛球馆-9号,12:55-13:50,1,1,已售/已满,已售,多云,19,17,3,0.0,79,32
2026-05-21 09:50:42,2026-05-22,4,羽毛球馆-9号,12:55-13:50,1,1,已售/已满,已售,多云,19,17,4,0.0,81,32
2026-05-21 10:00:46,2026-05-22,4,羽毛球馆-9号,12:55-13:50,1,1,已售/已满,已售,多云,19,17,4,0.0,79,32
2026-05-21 10:10:40,2026-05-22,4,羽毛球馆-9号,12:55-13:50,1,1,已售/已满,已售,多云,19,17,4,0.0,79,32
2026-05-21 10:20:38,2026-05-22,4,羽毛球馆-9号,12:55-13:50,1,1,已售/已满,已售,多云,19,17,4,0.0,79,32
2026-05-21 10:30:41,2026-05-22,4,羽毛球馆-9号,12:55-13:50,1,1,已售/已满,已售,多云,19,18,3,0.0,78,31
2026-05-21 11:00:44,2026-05-22,4,羽毛球馆-9号,12:55-13:50,1,1,已售/已满,已售,多云,21,17,5,0.0,74,31
2026-05-21 11:30:38,2026-05-22,4,羽毛球馆-9号,12:55-13:50,1,1,已售/已满,已售,多云,21,19,3,0.0,72,33
2026-05-21 12:00:46,2026-05-22,4,羽毛球馆-9号,12:55-13:50,1,1,已售/已满,已售,多云,22,19,4,0.0,70,33
2026-05-21 12:30:42,2026-05-22,4,羽毛球馆-9号,12:55-13:50,1,1,已售/已满,已售,多云,22,21,3,0.0,68,35
2026-05-21 13:00:43,2026-05-22,4,羽毛球馆-9号,12:55-13:50,1,1,已售/已满,已售,多云,24,22,4,0.0,66,35
2026-05-21 13:30:43,2026-05-22,4,羽毛球馆-9号,12:55-13:50,1,1,已售/已满,已售,多云,24,22,4,0.0,66,36
2026-05-21 14:00:48,2026-05-22,4,羽毛球馆-9号,12:55-13:50,1,1,已售/已满,已售,多云,25,23,4,0.0,66,36
2026-05-21 14:30:45,2026-05-22,4,羽毛球馆-9号,12:55-13:50,1,1,已售/已满,已售,晴,25,25,3,0.0,65,39
2026-05-21 15:00:45,2026-05-22,4,羽毛球馆-9号,12:55-13:50,1,1,已售/已满,已售,晴,25,22,4,0.0,56,39
2026-05-21 15:30:43,2026-05-22,4,羽毛球馆-9号,12:55-13:50,1,1,已售/已满,已售,晴,25,23,4,0.0,57,40
2026-05-21 16:00:51,2026-05-22,4,羽毛球馆-9号,12:55-13:50,1,1,已售/已满,已售,晴,25,23,4,0.0,57,40
2026-05-21 16:30:48,2026-05-22,4,羽毛球馆-9号,12:55-13:50,1,1,已售/已满,已售,晴,25,24,3,0.0,60,39
2026-05-21 17:00:49,2026-05-22,4,羽毛球馆-9号,12:55-13:50,1,1,已售/已满,已售,晴,25,24,4,0.0,61,39
2026-05-21 17:30:47,2026-05-22,4,羽毛球馆-9号,12:55-13:50,1,1,已售/已满,已售,多云,24,23,3,0.0,64,39
2026-05-21 18:00:50,2026-05-22,4,羽毛球馆-9号,12:55-13:50,1,1,已售/已满,已售,多云,24,23,3,0.0,68,39
2026-05-21 18:30:50,2026-05-22,4,羽毛球馆-9号,12:55-13:50,1,1,已售/已满,已售,阴,24,25,2,0.0,68,40
2026-05-21 19:00:50,2026-05-22,4,羽毛球馆-9号,12:55-13:50,1,1,已售/已满,已售,阴,23,23,3,0.0,76,40
2026-05-21 19:30:46,2026-05-22,4,羽毛球馆-9号,12:55-13:50,1,1,已售/已满,已售,阴,23,24,2,0.0,77,39
2026-05-21 20:00:49,2026-05-22,4,羽毛球馆-9号,12:55-13:50,1,1,已售/已满,已售,雾,22,23,2,0.0,89,39
2026-05-21 20:30:44,2026-05-22,4,羽毛球馆-9号,12:55-13:50,1,1,已售/已满,已售,雾,22,24,2,0.0,93,43
2026-05-21 21:00:56,2026-05-22,4,羽毛球馆-9号,12:55-13:50,1,1,已售/已满,已售,雾,20,21,2,0.0,98,43
2026-05-21 21:30:46,2026-05-22,4,羽毛球馆-9号,12:55-13:50,1,1,已售/已满,已售,雾,20,22,1,0.0,99,41
2026-05-21 22:01:02,2026-05-22,4,羽毛球馆-9号,12:55-13:50,1,1,已售/已满,已售,雾,19,20,2,0.0,93,41
2026-05-21 22:30:47,2026-05-22,4,羽毛球馆-9号,12:55-13:50,1,1,已售/已满,已售,雾,19,19,3,0.0,88,46
2026-05-21 23:00:56,2026-05-22,4,羽毛球馆-9号,12:55-13:50,1,1,已售/已满,已售,多云,18,17,3,0.0,85,46
2026-05-21 23:30:55,2026-05-22,4,羽毛球馆-9号,12:55-13:50,1,1,已售/已满,已售,多云,18,17,3,0.0,85,48
2026-05-21 08:00:45,2026-05-22,4,羽毛球馆-9号,14:00-15:00,1,1,已售/已满,教学时间,晴,17,12,5,0.0,86,29
2026-05-21 08:02:30,2026-05-22,4,羽毛球馆-9号,14:00-15:00,1,1,已售/已满,教学时间,多云,17,12,5,0.0,87,29
2026-05-21 08:05:36,2026-05-22,4,羽毛球馆-9号,14:00-15:00,1,1,已售/已满,教学时间,多云,17,12,5,0.0,86,29
2026-05-21 08:08:31,2026-05-22,4,羽毛球馆-9号,14:00-15:00,1,1,已售/已满,教学时间,多云,17,12,5,0.0,86,29
2026-05-21 08:11:30,2026-05-22,4,羽毛球馆-9号,14:00-15:00,1,1,已售/已满,教学时间,多云,17,12,5,0.0,86,29
2026-05-21 08:14:31,2026-05-22,4,羽毛球馆-9号,14:00-15:00,1,1,已售/已满,教学时间,多云,17,12,5,0.0,86,29
2026-05-21 08:17:30,2026-05-22,4,羽毛球馆-9号,14:00-15:00,1,1,已售/已满,教学时间,多云,17,12,5,0.0,86,29
2026-05-21 08:20:35,2026-05-22,4,羽毛球馆-9号,14:00-15:00,1,1,已售/已满,教学时间,多云,17,14,4,0.0,85,29
2026-05-21 08:25:32,2026-05-22,4,羽毛球馆-9号,14:00-15:00,1,1,已售/已满,教学时间,多云,17,14,4,0.0,85,28
2026-05-21 08:30:42,2026-05-22,4,羽毛球馆-9号,14:00-15:00,1,1,已售/已满,教学时间,多云,18,15,4,0.0,84,28
2026-05-21 08:35:31,2026-05-22,4,羽毛球馆-9号,14:00-15:00,1,1,已售/已满,教学时间,多云,18,15,4,0.0,84,28
2026-05-21 08:40:38,2026-05-22,4,羽毛球馆-9号,14:00-15:00,1,1,已售/已满,教学时间,多云,18,15,4,0.0,82,28
2026-05-21 08:45:33,2026-05-22,4,羽毛球馆-9号,14:00-15:00,1,1,已售/已满,教学时间,多云,18,15,4,0.0,82,28
2026-05-21 08:50:36,2026-05-22,4,羽毛球馆-9号,14:00-15:00,1,1,已售/已满,教学时间,多云,18,15,4,0.0,82,28
2026-05-21 08:55:34,2026-05-22,4,羽毛球馆-9号,14:00-15:00,1,1,已售/已满,教学时间,多云,18,15,4,0.0,84,28
2026-05-21 09:00:51,2026-05-22,4,羽毛球馆-9号,14:00-15:00,1,1,已售/已满,教学时间,多云,18,15,4,0.0,84,28
2026-05-21 09:01:59,2026-05-22,4,羽毛球馆-9号,14:00-15:00,1,1,已售/已满,教学时间,多云,18,15,4,0.0,83,28
2026-05-21 09:05:33,2026-05-22,4,羽毛球馆-9号,14:00-15:00,1,1,已售/已满,教学时间,多云,18,15,4,0.0,83,28
2026-05-21 09:20:38,2026-05-22,4,羽毛球馆-9号,14:00-15:00,1,1,已售/已满,教学时间,多云,18,16,3,0.0,81,28
2026-05-21 09:30:46,2026-05-22,4,羽毛球馆-9号,14:00-15:00,1,1,已售/已满,教学时间,多云,18,16,3,0.0,81,32
2026-05-21 09:40:36,2026-05-22,4,羽毛球馆-9号,14:00-15:00,1,1,已售/已满,教学时间,多云,19,17,3,0.0,79,32
2026-05-21 09:50:42,2026-05-22,4,羽毛球馆-9号,14:00-15:00,1,1,已售/已满,教学时间,多云,19,17,4,0.0,81,32
2026-05-21 10:00:46,2026-05-22,4,羽毛球馆-9号,14:00-15:00,1,1,已售/已满,教学时间,多云,19,17,4,0.0,79,32
2026-05-21 10:10:40,2026-05-22,4,羽毛球馆-9号,14:00-15:00,1,1,已售/已满,教学时间,多云,19,17,4,0.0,79,32
2026-05-21 10:20:38,2026-05-22,4,羽毛球馆-9号,14:00-15:00,1,1,已售/已满,教学时间,多云,19,17,4,0.0,79,32
2026-05-21 10:30:41,2026-05-22,4,羽毛球馆-9号,14:00-15:00,1,1,已售/已满,教学时间,多云,19,18,3,0.0,78,31
2026-05-21 11:00:44,2026-05-22,4,羽毛球馆-9号,14:00-15:00,1,1,已售/已满,教学时间,多云,21,17,5,0.0,74,31
2026-05-21 11:30:38,2026-05-22,4,羽毛球馆-9号,14:00-15:00,1,1,已售/已满,教学时间,多云,21,19,3,0.0,72,33
2026-05-21 12:00:46,2026-05-22,4,羽毛球馆-9号,14:00-15:00,1,1,已售/已满,教学时间,多云,22,19,4,0.0,70,33
2026-05-21 12:30:42,2026-05-22,4,羽毛球馆-9号,14:00-15:00,1,1,已售/已满,教学时间,多云,22,21,3,0.0,68,35
2026-05-21 13:00:43,2026-05-22,4,羽毛球馆-9号,14:00-15:00,1,1,已售/已满,教学时间,多云,24,22,4,0.0,66,35
2026-05-21 13:30:43,2026-05-22,4,羽毛球馆-9号,14:00-15:00,1,1,已售/已满,教学时间,多云,24,22,4,0.0,66,36
2026-05-21 14:00:48,2026-05-22,4,羽毛球馆-9号,14:00-15:00,1,1,已售/已满,教学时间,多云,25,23,4,0.0,66,36
2026-05-21 14:30:45,2026-05-22,4,羽毛球馆-9号,14:00-15:00,1,1,已售/已满,教学时间,晴,25,25,3,0.0,65,39
2026-05-21 15:00:45,2026-05-22,4,羽毛球馆-9号,14:00-15:00,1,1,已售/已满,教学时间,晴,25,22,4,0.0,56,39
2026-05-21 15:30:43,2026-05-22,4,羽毛球馆-9号,14:00-15:00,1,1,已售/已满,教学时间,晴,25,23,4,0.0,57,40
2026-05-21 16:00:51,2026-05-22,4,羽毛球馆-9号,14:00-15:00,1,1,已售/已满,教学时间,晴,25,23,4,0.0,57,40
2026-05-21 16:30:48,2026-05-22,4,羽毛球馆-9号,14:00-15:00,1,1,已售/已满,教学时间,晴,25,24,3,0.0,60,39
2026-05-21 17:00:49,2026-05-22,4,羽毛球馆-9号,14:00-15:00,1,1,已售/已满,教学时间,晴,25,24,4,0.0,61,39
2026-05-21 17:30:47,2026-05-22,4,羽毛球馆-9号,14:00-15:00,1,1,已售/已满,教学时间,多云,24,23,3,0.0,64,39
2026-05-21 18:00:50,2026-05-22,4,羽毛球馆-9号,14:00-15:00,1,1,已售/已满,教学时间,多云,24,23,3,0.0,68,39
2026-05-21 18:30:50,2026-05-22,4,羽毛球馆-9号,14:00-15:00,1,1,已售/已满,教学时间,阴,24,25,2,0.0,68,40
2026-05-21 19:00:50,2026-05-22,4,羽毛球馆-9号,14:00-15:00,1,1,已售/已满,教学时间,阴,23,23,3,0.0,76,40
2026-05-21 19:30:46,2026-05-22,4,羽毛球馆-9号,14:00-15:00,1,1,已售/已满,教学时间,阴,23,24,2,0.0,77,39
2026-05-21 20:00:49,2026-05-22,4,羽毛球馆-9号,14:00-15:00,1,1,已售/已满,教学时间,雾,22,23,2,0.0,89,39
2026-05-21 20:30:44,2026-05-22,4,羽毛球馆-9号,14:00-15:00,1,1,已售/已满,教学时间,雾,22,24,2,0.0,93,43
2026-05-21 21:00:56,2026-05-22,4,羽毛球馆-9号,14:00-15:00,1,1,已售/已满,教学时间,雾,20,21,2,0.0,98,43
2026-05-21 21:30:46,2026-05-22,4,羽毛球馆-9号,14:00-15:00,1,1,已售/已满,教学时间,雾,20,22,1,0.0,99,41
2026-05-21 22:01:02,2026-05-22,4,羽毛球馆-9号,14:00-15:00,1,1,已售/已满,教学时间,雾,19,20,2,0.0,93,41
2026-05-21 22:30:47,2026-05-22,4,羽毛球馆-9号,14:00-15:00,1,1,已售/已满,教学时间,雾,19,19,3,0.0,88,46
2026-05-21 23:00:56,2026-05-22,4,羽毛球馆-9号,14:00-15:00,1,1,已售/已满,教学时间,多云,18,17,3,0.0,85,46
2026-05-21 23:30:55,2026-05-22,4,羽毛球馆-9号,14:00-15:00,1,1,已售/已满,教学时间,多云,18,17,3,0.0,85,48
2026-05-21 08:00:45,2026-05-22,4,羽毛球馆-9号,15:00-16:00,1,1,已售/已满,教学时间,晴,17,12,5,0.0,86,29
2026-05-21 08:02:30,2026-05-22,4,羽毛球馆-9号,15:00-16:00,1,1,已售/已满,教学时间,多云,17,12,5,0.0,87,29
2026-05-21 08:05:36,2026-05-22,4,羽毛球馆-9号,15:00-16:00,1,1,已售/已满,教学时间,多云,17,12,5,0.0,86,29
2026-05-21 08:08:31,2026-05-22,4,羽毛球馆-9号,15:00-16:00,1,1,已售/已满,教学时间,多云,17,12,5,0.0,86,29
2026-05-21 08:11:30,2026-05-22,4,羽毛球馆-9号,15:00-16:00,1,1,已售/已满,教学时间,多云,17,12,5,0.0,86,29
2026-05-21 08:14:31,2026-05-22,4,羽毛球馆-9号,15:00-16:00,1,1,已售/已满,教学时间,多云,17,12,5,0.0,86,29
2026-05-21 08:17:30,2026-05-22,4,羽毛球馆-9号,15:00-16:00,1,1,已售/已满,教学时间,多云,17,12,5,0.0,86,29
2026-05-21 08:20:35,2026-05-22,4,羽毛球馆-9号,15:00-16:00,1,1,已售/已满,教学时间,多云,17,14,4,0.0,85,29
2026-05-21 08:25:32,2026-05-22,4,羽毛球馆-9号,15:00-16:00,1,1,已售/已满,教学时间,多云,17,14,4,0.0,85,28
2026-05-21 08:30:42,2026-05-22,4,羽毛球馆-9号,15:00-16:00,1,1,已售/已满,教学时间,多云,18,15,4,0.0,84,28
2026-05-21 08:35:31,2026-05-22,4,羽毛球馆-9号,15:00-16:00,1,1,已售/已满,教学时间,多云,18,15,4,0.0,84,28
2026-05-21 08:40:38,2026-05-22,4,羽毛球馆-9号,15:00-16:00,1,1,已售/已满,教学时间,多云,18,15,4,0.0,82,28
2026-05-21 08:45:33,2026-05-22,4,羽毛球馆-9号,15:00-16:00,1,1,已售/已满,教学时间,多云,18,15,4,0.0,82,28
2026-05-21 08:50:36,2026-05-22,4,羽毛球馆-9号,15:00-16:00,1,1,已售/已满,教学时间,多云,18,15,4,0.0,82,28
2026-05-21 08:55:34,2026-05-22,4,羽毛球馆-9号,15:00-16:00,1,1,已售/已满,教学时间,多云,18,15,4,0.0,84,28
2026-05-21 09:00:51,2026-05-22,4,羽毛球馆-9号,15:00-16:00,1,1,已售/已满,教学时间,多云,18,15,4,0.0,84,28
2026-05-21 09:01:59,2026-05-22,4,羽毛球馆-9号,15:00-16:00,1,1,已售/已满,教学时间,多云,18,15,4,0.0,83,28
2026-05-21 09:05:33,2026-05-22,4,羽毛球馆-9号,15:00-16:00,1,1,已售/已满,教学时间,多云,18,15,4,0.0,83,28
2026-05-21 09:20:38,2026-05-22,4,羽毛球馆-9号,15:00-16:00,1,1,已售/已满,教学时间,多云,18,16,3,0.0,81,28
2026-05-21 09:30:46,2026-05-22,4,羽毛球馆-9号,15:00-16:00,1,1,已售/已满,教学时间,多云,18,16,3,0.0,81,32
2026-05-21 09:40:36,2026-05-22,4,羽毛球馆-9号,15:00-16:00,1,1,已售/已满,教学时间,多云,19,17,3,0.0,79,32
2026-05-21 09:50:42,2026-05-22,4,羽毛球馆-9号,15:00-16:00,1,1,已售/已满,教学时间,多云,19,17,4,0.0,81,32
2026-05-21 10:00:46,2026-05-22,4,羽毛球馆-9号,15:00-16:00,1,1,已售/已满,教学时间,多云,19,17,4,0.0,79,32
2026-05-21 10:10:40,2026-05-22,4,羽毛球馆-9号,15:00-16:00,1,1,已售/已满,教学时间,多云,19,17,4,0.0,79,32
2026-05-21 10:20:38,2026-05-22,4,羽毛球馆-9号,15:00-16:00,1,1,已售/已满,教学时间,多云,19,17,4,0.0,79,32
2026-05-21 10:30:41,2026-05-22,4,羽毛球馆-9号,15:00-16:00,1,1,已售/已满,教学时间,多云,19,18,3,0.0,78,31
2026-05-21 11:00:44,2026-05-22,4,羽毛球馆-9号,15:00-16:00,1,1,已售/已满,教学时间,多云,21,17,5,0.0,74,31
2026-05-21 11:30:38,2026-05-22,4,羽毛球馆-9号,15:00-16:00,1,1,已售/已满,教学时间,多云,21,19,3,0.0,72,33
2026-05-21 12:00:46,2026-05-22,4,羽毛球馆-9号,15:00-16:00,1,1,已售/已满,教学时间,多云,22,19,4,0.0,70,33
2026-05-21 12:30:42,2026-05-22,4,羽毛球馆-9号,15:00-16:00,1,1,已售/已满,教学时间,多云,22,21,3,0.0,68,35
2026-05-21 13:00:43,2026-05-22,4,羽毛球馆-9号,15:00-16:00,1,1,已售/已满,教学时间,多云,24,22,4,0.0,66,35
2026-05-21 13:30:43,2026-05-22,4,羽毛球馆-9号,15:00-16:00,1,1,已售/已满,教学时间,多云,24,22,4,0.0,66,36
2026-05-21 14:00:48,2026-05-22,4,羽毛球馆-9号,15:00-16:00,1,1,已售/已满,教学时间,多云,25,23,4,0.0,66,36
2026-05-21 14:30:45,2026-05-22,4,羽毛球馆-9号,15:00-16:00,1,1,已售/已满,教学时间,晴,25,25,3,0.0,65,39
2026-05-21 15:00:45,2026-05-22,4,羽毛球馆-9号,15:00-16:00,1,1,已售/已满,教学时间,晴,25,22,4,0.0,56,39
2026-05-21 15:30:43,2026-05-22,4,羽毛球馆-9号,15:00-16:00,1,1,已售/已满,教学时间,晴,25,23,4,0.0,57,40
2026-05-21 16:00:51,2026-05-22,4,羽毛球馆-9号,15:00-16:00,1,1,已售/已满,教学时间,晴,25,23,4,0.0,57,40
2026-05-21 16:30:48,2026-05-22,4,羽毛球馆-9号,15:00-16:00,1,1,已售/已满,教学时间,晴,25,24,3,0.0,60,39
2026-05-21 17:00:49,2026-05-22,4,羽毛球馆-9号,15:00-16:00,1,1,已售/已满,教学时间,晴,25,24,4,0.0,61,39
2026-05-21 17:30:47,2026-05-22,4,羽毛球馆-9号,15:00-16:00,1,1,已售/已满,教学时间,多云,24,23,3,0.0,64,39
2026-05-21 18:00:50,2026-05-22,4,羽毛球馆-9号,15:00-16:00,1,1,已售/已满,教学时间,多云,24,23,3,0.0,68,39
2026-05-21 18:30:50,2026-05-22,4,羽毛球馆-9号,15:00-16:00,1,1,已售/已满,教学时间,阴,24,25,2,0.0,68,40
2026-05-21 19:00:50,2026-05-22,4,羽毛球馆-9号,15:00-16:00,1,1,已售/已满,教学时间,阴,23,23,3,0.0,76,40
2026-05-21 19:30:46,2026-05-22,4,羽毛球馆-9号,15:00-16:00,1,1,已售/已满,教学时间,阴,23,24,2,0.0,77,39
2026-05-21 20:00:49,2026-05-22,4,羽毛球馆-9号,15:00-16:00,1,1,已售/已满,教学时间,雾,22,23,2,0.0,89,39
2026-05-21 20:30:44,2026-05-22,4,羽毛球馆-9号,15:00-16:00,1,1,已售/已满,教学时间,雾,22,24,2,0.0,93,43
2026-05-21 21:00:56,2026-05-22,4,羽毛球馆-9号,15:00-16:00,1,1,已售/已满,教学时间,雾,20,21,2,0.0,98,43
2026-05-21 21:30:46,2026-05-22,4,羽毛球馆-9号,15:00-16:00,1,1,已售/已满,教学时间,雾,20,22,1,0.0,99,41
2026-05-21 22:01:02,2026-05-22,4,羽毛球馆-9号,15:00-16:00,1,1,已售/已满,教学时间,雾,19,20,2,0.0,93,41
2026-05-21 22:30:47,2026-05-22,4,羽毛球馆-9号,15:00-16:00,1,1,已售/已满,教学时间,雾,19,19,3,0.0,88,46
2026-05-21 23:00:56,2026-05-22,4,羽毛球馆-9号,15:00-16:00,1,1,已售/已满,教学时间,多云,18,17,3,0.0,85,46
2026-05-21 23:30:55,2026-05-22,4,羽毛球馆-9号,15:00-16:00,1,1,已售/已满,教学时间,多云,18,17,3,0.0,85,48
2026-05-21 08:00:45,2026-05-22,4,羽毛球馆-9号,16:00-17:00,0,1,可预约,￥12.0,晴,17,12,5,0.0,86,29
2026-05-21 08:02:30,2026-05-22,4,羽毛球馆-9号,16:00-17:00,0,1,可预约,￥12.0,多云,17,12,5,0.0,87,29
2026-05-21 08:05:36,2026-05-22,4,羽毛球馆-9号,16:00-17:00,0,1,可预约,￥12.0,多云,17,12,5,0.0,86,29
2026-05-21 08:08:31,2026-05-22,4,羽毛球馆-9号,16:00-17:00,0,1,可预约,￥12.0,多云,17,12,5,0.0,86,29
2026-05-21 08:11:30,2026-05-22,4,羽毛球馆-9号,16:00-17:00,0,1,可预约,￥12.0,多云,17,12,5,0.0,86,29
2026-05-21 08:14:31,2026-05-22,4,羽毛球馆-9号,16:00-17:00,0,1,可预约,￥12.0,多云,17,12,5,0.0,86,29
2026-05-21 08:17:30,2026-05-22,4,羽毛球馆-9号,16:00-17:00,0,1,可预约,￥12.0,多云,17,12,5,0.0,86,29
2026-05-21 08:20:35,2026-05-22,4,羽毛球馆-9号,16:00-17:00,0,1,可预约,￥12.0,多云,17,14,4,0.0,85,29
2026-05-21 08:25:32,2026-05-22,4,羽毛球馆-9号,16:00-17:00,0,1,可预约,￥12.0,多云,17,14,4,0.0,85,28
2026-05-21 08:30:42,2026-05-22,4,羽毛球馆-9号,16:00-17:00,1,1,未支付锁定,,多云,18,15,4,0.0,84,28
2026-05-21 08:35:31,2026-05-22,4,羽毛球馆-9号,16:00-17:00,1,1,已售/已满,已售,多云,18,15,4,0.0,84,28
2026-05-21 08:40:38,2026-05-22,4,羽毛球馆-9号,16:00-17:00,1,1,已售/已满,已售,多云,18,15,4,0.0,82,28
2026-05-21 08:45:33,2026-05-22,4,羽毛球馆-9号,16:00-17:00,1,1,已售/已满,已售,多云,18,15,4,0.0,82,28
2026-05-21 08:50:36,2026-05-22,4,羽毛球馆-9号,16:00-17:00,1,1,已售/已满,已售,多云,18,15,4,0.0,82,28
2026-05-21 08:55:34,2026-05-22,4,羽毛球馆-9号,16:00-17:00,1,1,已售/已满,已售,多云,18,15,4,0.0,84,28
2026-05-21 09:00:51,2026-05-22,4,羽毛球馆-9号,16:00-17:00,1,1,已售/已满,已售,多云,18,15,4,0.0,84,28
2026-05-21 09:01:59,2026-05-22,4,羽毛球馆-9号,16:00-17:00,1,1,已售/已满,已售,多云,18,15,4,0.0,83,28
2026-05-21 09:05:33,2026-05-22,4,羽毛球馆-9号,16:00-17:00,1,1,已售/已满,已售,多云,18,15,4,0.0,83,28
2026-05-21 09:20:38,2026-05-22,4,羽毛球馆-9号,16:00-17:00,1,1,已售/已满,已售,多云,18,16,3,0.0,81,28
2026-05-21 09:30:46,2026-05-22,4,羽毛球馆-9号,16:00-17:00,1,1,已售/已满,已售,多云,18,16,3,0.0,81,32
2026-05-21 09:40:36,2026-05-22,4,羽毛球馆-9号,16:00-17:00,1,1,已售/已满,已售,多云,19,17,3,0.0,79,32
2026-05-21 09:50:42,2026-05-22,4,羽毛球馆-9号,16:00-17:00,1,1,已售/已满,已售,多云,19,17,4,0.0,81,32
2026-05-21 10:00:46,2026-05-22,4,羽毛球馆-9号,16:00-17:00,1,1,已售/已满,已售,多云,19,17,4,0.0,79,32
2026-05-21 10:10:40,2026-05-22,4,羽毛球馆-9号,16:00-17:00,1,1,已售/已满,已售,多云,19,17,4,0.0,79,32
2026-05-21 10:20:38,2026-05-22,4,羽毛球馆-9号,16:00-17:00,1,1,已售/已满,已售,多云,19,17,4,0.0,79,32
2026-05-21 10:30:41,2026-05-22,4,羽毛球馆-9号,16:00-17:00,1,1,已售/已满,已售,多云,19,18,3,0.0,78,31
2026-05-21 11:00:44,2026-05-22,4,羽毛球馆-9号,16:00-17:00,1,1,已售/已满,已售,多云,21,17,5,0.0,74,31
2026-05-21 11:30:38,2026-05-22,4,羽毛球馆-9号,16:00-17:00,1,1,已售/已满,已售,多云,21,19,3,0.0,72,33
2026-05-21 12:00:46,2026-05-22,4,羽毛球馆-9号,16:00-17:00,1,1,已售/已满,已售,多云,22,19,4,0.0,70,33
2026-05-21 12:30:42,2026-05-22,4,羽毛球馆-9号,16:00-17:00,1,1,已售/已满,已售,多云,22,21,3,0.0,68,35
2026-05-21 13:00:43,2026-05-22,4,羽毛球馆-9号,16:00-17:00,1,1,已售/已满,已售,多云,24,22,4,0.0,66,35
2026-05-21 13:30:43,2026-05-22,4,羽毛球馆-9号,16:00-17:00,1,1,已售/已满,已售,多云,24,22,4,0.0,66,36
2026-05-21 14:00:48,2026-05-22,4,羽毛球馆-9号,16:00-17:00,1,1,已售/已满,已售,多云,25,23,4,0.0,66,36
2026-05-21 14:30:45,2026-05-22,4,羽毛球馆-9号,16:00-17:00,1,1,已售/已满,已售,晴,25,25,3,0.0,65,39
2026-05-21 15:00:45,2026-05-22,4,羽毛球馆-9号,16:00-17:00,1,1,已售/已满,已售,晴,25,22,4,0.0,56,39
2026-05-21 15:30:43,2026-05-22,4,羽毛球馆-9号,16:00-17:00,1,1,已售/已满,已售,晴,25,23,4,0.0,57,40
2026-05-21 16:00:51,2026-05-22,4,羽毛球馆-9号,16:00-17:00,1,1,已售/已满,已售,晴,25,23,4,0.0,57,40
2026-05-21 16:30:48,2026-05-22,4,羽毛球馆-9号,16:00-17:00,1,1,已售/已满,已售,晴,25,24,3,0.0,60,39
2026-05-21 17:00:49,2026-05-22,4,羽毛球馆-9号,16:00-17:00,1,1,已售/已满,已售,晴,25,24,4,0.0,61,39
2026-05-21 17:30:47,2026-05-22,4,羽毛球馆-9号,16:00-17:00,1,1,已售/已满,已售,多云,24,23,3,0.0,64,39
2026-05-21 18:00:50,2026-05-22,4,羽毛球馆-9号,16:00-17:00,1,1,已售/已满,已售,多云,24,23,3,0.0,68,39
2026-05-21 18:30:50,2026-05-22,4,羽毛球馆-9号,16:00-17:00,1,1,已售/已满,已售,阴,24,25,2,0.0,68,40
2026-05-21 19:00:50,2026-05-22,4,羽毛球馆-9号,16:00-17:00,1,1,已售/已满,已售,阴,23,23,3,0.0,76,40
2026-05-21 19:30:46,2026-05-22,4,羽毛球馆-9号,16:00-17:00,1,1,已售/已满,已售,阴,23,24,2,0.0,77,39
2026-05-21 20:00:49,2026-05-22,4,羽毛球馆-9号,16:00-17:00,1,1,已售/已满,已售,雾,22,23,2,0.0,89,39
2026-05-21 20:30:44,2026-05-22,4,羽毛球馆-9号,16:00-17:00,1,1,已售/已满,已售,雾,22,24,2,0.0,93,43
2026-05-21 21:00:56,2026-05-22,4,羽毛球馆-9号,16:00-17:00,1,1,已售/已满,已售,雾,20,21,2,0.0,98,43
2026-05-21 21:30:46,2026-05-22,4,羽毛球馆-9号,16:00-17:00,1,1,已售/已满,已售,雾,20,22,1,0.0,99,41
2026-05-21 22:01:02,2026-05-22,4,羽毛球馆-9号,16:00-17:00,1,1,已售/已满,已售,雾,19,20,2,0.0,93,41
2026-05-21 22:30:47,2026-05-22,4,羽毛球馆-9号,16:00-17:00,1,1,已售/已满,已售,雾,19,19,3,0.0,88,46
2026-05-21 23:00:56,2026-05-22,4,羽毛球馆-9号,16:00-17:00,1,1,已售/已满,已售,多云,18,17,3,0.0,85,46
2026-05-21 23:30:55,2026-05-22,4,羽毛球馆-9号,16:00-17:00,1,1,已售/已满,已售,多云,18,17,3,0.0,85,48
2026-05-21 08:00:45,2026-05-22,4,羽毛球馆-9号,17:00-18:00,0,1,可预约,￥12.0,晴,17,12,5,0.0,86,29
2026-05-21 08:02:30,2026-05-22,4,羽毛球馆-9号,17:00-18:00,0,1,可预约,￥12.0,多云,17,12,5,0.0,87,29
2026-05-21 08:05:36,2026-05-22,4,羽毛球馆-9号,17:00-18:00,0,1,可预约,￥12.0,多云,17,12,5,0.0,86,29
2026-05-21 08:08:31,2026-05-22,4,羽毛球馆-9号,17:00-18:00,0,1,可预约,￥12.0,多云,17,12,5,0.0,86,29
2026-05-21 08:11:30,2026-05-22,4,羽毛球馆-9号,17:00-18:00,0,1,可预约,￥12.0,多云,17,12,5,0.0,86,29
2026-05-21 08:14:31,2026-05-22,4,羽毛球馆-9号,17:00-18:00,0,1,可预约,￥12.0,多云,17,12,5,0.0,86,29
2026-05-21 08:17:30,2026-05-22,4,羽毛球馆-9号,17:00-18:00,0,1,可预约,￥12.0,多云,17,12,5,0.0,86,29
2026-05-21 08:20:35,2026-05-22,4,羽毛球馆-9号,17:00-18:00,0,1,可预约,￥12.0,多云,17,14,4,0.0,85,29
2026-05-21 08:25:32,2026-05-22,4,羽毛球馆-9号,17:00-18:00,0,1,可预约,￥12.0,多云,17,14,4,0.0,85,28
2026-05-21 08:30:42,2026-05-22,4,羽毛球馆-9号,17:00-18:00,1,1,未支付锁定,,多云,18,15,4,0.0,84,28
2026-05-21 08:35:31,2026-05-22,4,羽毛球馆-9号,17:00-18:00,1,1,已售/已满,已售,多云,18,15,4,0.0,84,28
2026-05-21 08:40:38,2026-05-22,4,羽毛球馆-9号,17:00-18:00,1,1,已售/已满,已售,多云,18,15,4,0.0,82,28
2026-05-21 08:45:33,2026-05-22,4,羽毛球馆-9号,17:00-18:00,1,1,已售/已满,已售,多云,18,15,4,0.0,82,28
2026-05-21 08:50:36,2026-05-22,4,羽毛球馆-9号,17:00-18:00,1,1,已售/已满,已售,多云,18,15,4,0.0,82,28
2026-05-21 08:55:34,2026-05-22,4,羽毛球馆-9号,17:00-18:00,1,1,已售/已满,已售,多云,18,15,4,0.0,84,28
2026-05-21 09:00:51,2026-05-22,4,羽毛球馆-9号,17:00-18:00,1,1,已售/已满,已售,多云,18,15,4,0.0,84,28
2026-05-21 09:01:59,2026-05-22,4,羽毛球馆-9号,17:00-18:00,1,1,已售/已满,已售,多云,18,15,4,0.0,83,28
2026-05-21 09:05:33,2026-05-22,4,羽毛球馆-9号,17:00-18:00,1,1,已售/已满,已售,多云,18,15,4,0.0,83,28
2026-05-21 09:20:38,2026-05-22,4,羽毛球馆-9号,17:00-18:00,1,1,已售/已满,已售,多云,18,16,3,0.0,81,28
2026-05-21 09:30:46,2026-05-22,4,羽毛球馆-9号,17:00-18:00,1,1,已售/已满,已售,多云,18,16,3,0.0,81,32
2026-05-21 09:40:36,2026-05-22,4,羽毛球馆-9号,17:00-18:00,1,1,已售/已满,已售,多云,19,17,3,0.0,79,32
2026-05-21 09:50:42,2026-05-22,4,羽毛球馆-9号,17:00-18:00,1,1,已售/已满,已售,多云,19,17,4,0.0,81,32
2026-05-21 10:00:46,2026-05-22,4,羽毛球馆-9号,17:00-18:00,1,1,已售/已满,已售,多云,19,17,4,0.0,79,32
2026-05-21 10:10:40,2026-05-22,4,羽毛球馆-9号,17:00-18:00,1,1,已售/已满,已售,多云,19,17,4,0.0,79,32
2026-05-21 10:20:38,2026-05-22,4,羽毛球馆-9号,17:00-18:00,1,1,已售/已满,已售,多云,19,17,4,0.0,79,32
2026-05-21 10:30:41,2026-05-22,4,羽毛球馆-9号,17:00-18:00,1,1,已售/已满,已售,多云,19,18,3,0.0,78,31
2026-05-21 11:00:44,2026-05-22,4,羽毛球馆-9号,17:00-18:00,1,1,已售/已满,已售,多云,21,17,5,0.0,74,31
2026-05-21 11:30:38,2026-05-22,4,羽毛球馆-9号,17:00-18:00,1,1,已售/已满,已售,多云,21,19,3,0.0,72,33
2026-05-21 12:00:46,2026-05-22,4,羽毛球馆-9号,17:00-18:00,1,1,已售/已满,已售,多云,22,19,4,0.0,70,33
2026-05-21 12:30:42,2026-05-22,4,羽毛球馆-9号,17:00-18:00,1,1,已售/已满,已售,多云,22,21,3,0.0,68,35
2026-05-21 13:00:43,2026-05-22,4,羽毛球馆-9号,17:00-18:00,1,1,已售/已满,已售,多云,24,22,4,0.0,66,35
2026-05-21 13:30:43,2026-05-22,4,羽毛球馆-9号,17:00-18:00,1,1,已售/已满,已售,多云,24,22,4,0.0,66,36
2026-05-21 14:00:48,2026-05-22,4,羽毛球馆-9号,17:00-18:00,1,1,已售/已满,已售,多云,25,23,4,0.0,66,36
2026-05-21 14:30:45,2026-05-22,4,羽毛球馆-9号,17:00-18:00,1,1,已售/已满,已售,晴,25,25,3,0.0,65,39
2026-05-21 15:00:45,2026-05-22,4,羽毛球馆-9号,17:00-18:00,1,1,已售/已满,已售,晴,25,22,4,0.0,56,39
2026-05-21 15:30:43,2026-05-22,4,羽毛球馆-9号,17:00-18:00,1,1,已售/已满,已售,晴,25,23,4,0.0,57,40
2026-05-21 16:00:51,2026-05-22,4,羽毛球馆-9号,17:00-18:00,1,1,已售/已满,已售,晴,25,23,4,0.0,57,40
2026-05-21 16:30:48,2026-05-22,4,羽毛球馆-9号,17:00-18:00,1,1,已售/已满,已售,晴,25,24,3,0.0,60,39
2026-05-21 17:00:49,2026-05-22,4,羽毛球馆-9号,17:00-18:00,1,1,已售/已满,已售,晴,25,24,4,0.0,61,39
2026-05-21 17:30:47,2026-05-22,4,羽毛球馆-9号,17:00-18:00,1,1,已售/已满,已售,多云,24,23,3,0.0,64,39
2026-05-21 18:00:50,2026-05-22,4,羽毛球馆-9号,17:00-18:00,1,1,已售/已满,已售,多云,24,23,3,0.0,68,39
2026-05-21 18:30:50,2026-05-22,4,羽毛球馆-9号,17:00-18:00,1,1,已售/已满,已售,阴,24,25,2,0.0,68,40
2026-05-21 19:00:50,2026-05-22,4,羽毛球馆-9号,17:00-18:00,1,1,已售/已满,已售,阴,23,23,3,0.0,76,40
2026-05-21 19:30:46,2026-05-22,4,羽毛球馆-9号,17:00-18:00,1,1,已售/已满,已售,阴,23,24,2,0.0,77,39
2026-05-21 20:00:49,2026-05-22,4,羽毛球馆-9号,17:00-18:00,1,1,已售/已满,已售,雾,22,23,2,0.0,89,39
2026-05-21 20:30:44,2026-05-22,4,羽毛球馆-9号,17:00-18:00,1,1,已售/已满,已售,雾,22,24,2,0.0,93,43
2026-05-21 21:00:56,2026-05-22,4,羽毛球馆-9号,17:00-18:00,1,1,已售/已满,已售,雾,20,21,2,0.0,98,43
2026-05-21 21:30:46,2026-05-22,4,羽毛球馆-9号,17:00-18:00,1,1,已售/已满,已售,雾,20,22,1,0.0,99,41
2026-05-21 22:01:02,2026-05-22,4,羽毛球馆-9号,17:00-18:00,1,1,已售/已满,已售,雾,19,20,2,0.0,93,41
2026-05-21 22:30:47,2026-05-22,4,羽毛球馆-9号,17:00-18:00,1,1,已售/已满,已售,雾,19,19,3,0.0,88,46
2026-05-21 23:00:56,2026-05-22,4,羽毛球馆-9号,17:00-18:00,1,1,已售/已满,已售,多云,18,17,3,0.0,85,46
2026-05-21 23:30:55,2026-05-22,4,羽毛球馆-9号,17:00-18:00,1,1,已售/已满,已售,多云,18,17,3,0.0,85,48
2026-05-21 08:00:45,2026-05-22,4,羽毛球馆-9号,18:30-19:30,1,1,已售/已满,已售,晴,17,12,5,0.0,86,29
2026-05-21 08:02:30,2026-05-22,4,羽毛球馆-9号,18:30-19:30,1,1,已售/已满,已售,多云,17,12,5,0.0,87,29
2026-05-21 08:05:36,2026-05-22,4,羽毛球馆-9号,18:30-19:30,1,1,已售/已满,已售,多云,17,12,5,0.0,86,29
2026-05-21 08:08:31,2026-05-22,4,羽毛球馆-9号,18:30-19:30,1,1,已售/已满,已售,多云,17,12,5,0.0,86,29
2026-05-21 08:11:30,2026-05-22,4,羽毛球馆-9号,18:30-19:30,1,1,已售/已满,已售,多云,17,12,5,0.0,86,29
2026-05-21 08:14:31,2026-05-22,4,羽毛球馆-9号,18:30-19:30,1,1,已售/已满,已售,多云,17,12,5,0.0,86,29
2026-05-21 08:17:30,2026-05-22,4,羽毛球馆-9号,18:30-19:30,1,1,已售/已满,已售,多云,17,12,5,0.0,86,29
2026-05-21 08:20:35,2026-05-22,4,羽毛球馆-9号,18:30-19:30,1,1,已售/已满,已售,多云,17,14,4,0.0,85,29
2026-05-21 08:25:32,2026-05-22,4,羽毛球馆-9号,18:30-19:30,1,1,已售/已满,已售,多云,17,14,4,0.0,85,28
2026-05-21 08:30:42,2026-05-22,4,羽毛球馆-9号,18:30-19:30,1,1,已售/已满,已售,多云,18,15,4,0.0,84,28
2026-05-21 08:35:31,2026-05-22,4,羽毛球馆-9号,18:30-19:30,1,1,已售/已满,已售,多云,18,15,4,0.0,84,28
2026-05-21 08:40:38,2026-05-22,4,羽毛球馆-9号,18:30-19:30,1,1,已售/已满,已售,多云,18,15,4,0.0,82,28
2026-05-21 08:45:33,2026-05-22,4,羽毛球馆-9号,18:30-19:30,1,1,已售/已满,已售,多云,18,15,4,0.0,82,28
2026-05-21 08:50:36,2026-05-22,4,羽毛球馆-9号,18:30-19:30,1,1,已售/已满,已售,多云,18,15,4,0.0,82,28
2026-05-21 08:55:34,2026-05-22,4,羽毛球馆-9号,18:30-19:30,1,1,已售/已满,已售,多云,18,15,4,0.0,84,28
2026-05-21 09:00:51,2026-05-22,4,羽毛球馆-9号,18:30-19:30,1,1,已售/已满,已售,多云,18,15,4,0.0,84,28
2026-05-21 09:01:59,2026-05-22,4,羽毛球馆-9号,18:30-19:30,1,1,已售/已满,已售,多云,18,15,4,0.0,83,28
2026-05-21 09:05:33,2026-05-22,4,羽毛球馆-9号,18:30-19:30,1,1,已售/已满,已售,多云,18,15,4,0.0,83,28
2026-05-21 09:20:38,2026-05-22,4,羽毛球馆-9号,18:30-19:30,1,1,已售/已满,已售,多云,18,16,3,0.0,81,28
2026-05-21 09:30:46,2026-05-22,4,羽毛球馆-9号,18:30-19:30,1,1,已售/已满,已售,多云,18,16,3,0.0,81,32
2026-05-21 09:40:36,2026-05-22,4,羽毛球馆-9号,18:30-19:30,1,1,已售/已满,已售,多云,19,17,3,0.0,79,32
2026-05-21 09:50:42,2026-05-22,4,羽毛球馆-9号,18:30-19:30,1,1,已售/已满,已售,多云,19,17,4,0.0,81,32
2026-05-21 10:00:46,2026-05-22,4,羽毛球馆-9号,18:30-19:30,1,1,已售/已满,已售,多云,19,17,4,0.0,79,32
2026-05-21 10:10:40,2026-05-22,4,羽毛球馆-9号,18:30-19:30,1,1,已售/已满,已售,多云,19,17,4,0.0,79,32
2026-05-21 10:20:38,2026-05-22,4,羽毛球馆-9号,18:30-19:30,1,1,已售/已满,已售,多云,19,17,4,0.0,79,32
2026-05-21 10:30:41,2026-05-22,4,羽毛球馆-9号,18:30-19:30,1,1,已售/已满,已售,多云,19,18,3,0.0,78,31
2026-05-21 11:00:44,2026-05-22,4,羽毛球馆-9号,18:30-19:30,1,1,已售/已满,已售,多云,21,17,5,0.0,74,31
2026-05-21 11:30:38,2026-05-22,4,羽毛球馆-9号,18:30-19:30,1,1,已售/已满,已售,多云,21,19,3,0.0,72,33
2026-05-21 12:00:46,2026-05-22,4,羽毛球馆-9号,18:30-19:30,1,1,已售/已满,已售,多云,22,19,4,0.0,70,33
2026-05-21 12:30:42,2026-05-22,4,羽毛球馆-9号,18:30-19:30,1,1,已售/已满,已售,多云,22,21,3,0.0,68,35
2026-05-21 13:00:43,2026-05-22,4,羽毛球馆-9号,18:30-19:30,1,1,已售/已满,已售,多云,24,22,4,0.0,66,35
2026-05-21 13:30:43,2026-05-22,4,羽毛球馆-9号,18:30-19:30,1,1,已售/已满,已售,多云,24,22,4,0.0,66,36
2026-05-21 14:00:48,2026-05-22,4,羽毛球馆-9号,18:30-19:30,1,1,已售/已满,已售,多云,25,23,4,0.0,66,36
2026-05-21 14:30:45,2026-05-22,4,羽毛球馆-9号,18:30-19:30,1,1,已售/已满,已售,晴,25,25,3,0.0,65,39
2026-05-21 15:00:45,2026-05-22,4,羽毛球馆-9号,18:30-19:30,1,1,已售/已满,已售,晴,25,22,4,0.0,56,39
2026-05-21 15:30:43,2026-05-22,4,羽毛球馆-9号,18:30-19:30,1,1,已售/已满,已售,晴,25,23,4,0.0,57,40
2026-05-21 16:00:51,2026-05-22,4,羽毛球馆-9号,18:30-19:30,1,1,已售/已满,已售,晴,25,23,4,0.0,57,40
2026-05-21 16:30:48,2026-05-22,4,羽毛球馆-9号,18:30-19:30,1,1,已售/已满,已售,晴,25,24,3,0.0,60,39
2026-05-21 17:00:49,2026-05-22,4,羽毛球馆-9号,18:30-19:30,1,1,已售/已满,已售,晴,25,24,4,0.0,61,39
2026-05-21 17:30:47,2026-05-22,4,羽毛球馆-9号,18:30-19:30,1,1,已售/已满,已售,多云,24,23,3,0.0,64,39
2026-05-21 18:00:50,2026-05-22,4,羽毛球馆-9号,18:30-19:30,1,1,已售/已满,已售,多云,24,23,3,0.0,68,39
2026-05-21 18:30:50,2026-05-22,4,羽毛球馆-9号,18:30-19:30,1,1,已售/已满,已售,阴,24,25,2,0.0,68,40
2026-05-21 19:00:50,2026-05-22,4,羽毛球馆-9号,18:30-19:30,1,1,已售/已满,已售,阴,23,23,3,0.0,76,40
2026-05-21 19:30:46,2026-05-22,4,羽毛球馆-9号,18:30-19:30,1,1,已售/已满,已售,阴,23,24,2,0.0,77,39
2026-05-21 20:00:49,2026-05-22,4,羽毛球馆-9号,18:30-19:30,1,1,已售/已满,已售,雾,22,23,2,0.0,89,39
2026-05-21 20:30:44,2026-05-22,4,羽毛球馆-9号,18:30-19:30,1,1,已售/已满,已售,雾,22,24,2,0.0,93,43
2026-05-21 21:00:56,2026-05-22,4,羽毛球馆-9号,18:30-19:30,1,1,已售/已满,已售,雾,20,21,2,0.0,98,43
2026-05-21 21:30:46,2026-05-22,4,羽毛球馆-9号,18:30-19:30,1,1,已售/已满,已售,雾,20,22,1,0.0,99,41
2026-05-21 22:01:02,2026-05-22,4,羽毛球馆-9号,18:30-19:30,1,1,已售/已满,已售,雾,19,20,2,0.0,93,41
2026-05-21 22:30:47,2026-05-22,4,羽毛球馆-9号,18:30-19:30,1,1,已售/已满,已售,雾,19,19,3,0.0,88,46
2026-05-21 23:00:56,2026-05-22,4,羽毛球馆-9号,18:30-19:30,1,1,已售/已满,已售,多云,18,17,3,0.0,85,46
2026-05-21 23:30:55,2026-05-22,4,羽毛球馆-9号,18:30-19:30,1,1,已售/已满,已售,多云,18,17,3,0.0,85,48
2026-05-21 08:00:45,2026-05-22,4,羽毛球馆-9号,19:30-20:30,1,1,已售/已满,已售,晴,17,12,5,0.0,86,29
2026-05-21 08:02:30,2026-05-22,4,羽毛球馆-9号,19:30-20:30,1,1,已售/已满,已售,多云,17,12,5,0.0,87,29
2026-05-21 08:05:36,2026-05-22,4,羽毛球馆-9号,19:30-20:30,1,1,已售/已满,已售,多云,17,12,5,0.0,86,29
2026-05-21 08:08:31,2026-05-22,4,羽毛球馆-9号,19:30-20:30,1,1,已售/已满,已售,多云,17,12,5,0.0,86,29
2026-05-21 08:11:30,2026-05-22,4,羽毛球馆-9号,19:30-20:30,1,1,已售/已满,已售,多云,17,12,5,0.0,86,29
2026-05-21 08:14:31,2026-05-22,4,羽毛球馆-9号,19:30-20:30,1,1,已售/已满,已售,多云,17,12,5,0.0,86,29
2026-05-21 08:17:30,2026-05-22,4,羽毛球馆-9号,19:30-20:30,1,1,已售/已满,已售,多云,17,12,5,0.0,86,29
2026-05-21 08:20:35,2026-05-22,4,羽毛球馆-9号,19:30-20:30,1,1,已售/已满,已售,多云,17,14,4,0.0,85,29
2026-05-21 08:25:32,2026-05-22,4,羽毛球馆-9号,19:30-20:30,1,1,已售/已满,已售,多云,17,14,4,0.0,85,28
2026-05-21 08:30:42,2026-05-22,4,羽毛球馆-9号,19:30-20:30,1,1,已售/已满,已售,多云,18,15,4,0.0,84,28
2026-05-21 08:35:31,2026-05-22,4,羽毛球馆-9号,19:30-20:30,1,1,已售/已满,已售,多云,18,15,4,0.0,84,28
2026-05-21 08:40:38,2026-05-22,4,羽毛球馆-9号,19:30-20:30,1,1,已售/已满,已售,多云,18,15,4,0.0,82,28
2026-05-21 08:45:33,2026-05-22,4,羽毛球馆-9号,19:30-20:30,1,1,已售/已满,已售,多云,18,15,4,0.0,82,28
2026-05-21 08:50:36,2026-05-22,4,羽毛球馆-9号,19:30-20:30,1,1,已售/已满,已售,多云,18,15,4,0.0,82,28
2026-05-21 08:55:34,2026-05-22,4,羽毛球馆-9号,19:30-20:30,1,1,已售/已满,已售,多云,18,15,4,0.0,84,28
2026-05-21 09:00:51,2026-05-22,4,羽毛球馆-9号,19:30-20:30,1,1,已售/已满,已售,多云,18,15,4,0.0,84,28
2026-05-21 09:01:59,2026-05-22,4,羽毛球馆-9号,19:30-20:30,1,1,已售/已满,已售,多云,18,15,4,0.0,83,28
2026-05-21 09:05:33,2026-05-22,4,羽毛球馆-9号,19:30-20:30,1,1,已售/已满,已售,多云,18,15,4,0.0,83,28
2026-05-21 09:20:38,2026-05-22,4,羽毛球馆-9号,19:30-20:30,1,1,已售/已满,已售,多云,18,16,3,0.0,81,28
2026-05-21 09:30:46,2026-05-22,4,羽毛球馆-9号,19:30-20:30,1,1,已售/已满,已售,多云,18,16,3,0.0,81,32
2026-05-21 09:40:36,2026-05-22,4,羽毛球馆-9号,19:30-20:30,1,1,已售/已满,已售,多云,19,17,3,0.0,79,32
2026-05-21 09:50:42,2026-05-22,4,羽毛球馆-9号,19:30-20:30,1,1,已售/已满,已售,多云,19,17,4,0.0,81,32
2026-05-21 10:00:46,2026-05-22,4,羽毛球馆-9号,19:30-20:30,1,1,已售/已满,已售,多云,19,17,4,0.0,79,32
2026-05-21 10:10:40,2026-05-22,4,羽毛球馆-9号,19:30-20:30,1,1,已售/已满,已售,多云,19,17,4,0.0,79,32
2026-05-21 10:20:38,2026-05-22,4,羽毛球馆-9号,19:30-20:30,1,1,已售/已满,已售,多云,19,17,4,0.0,79,32
2026-05-21 10:30:41,2026-05-22,4,羽毛球馆-9号,19:30-20:30,1,1,已售/已满,已售,多云,19,18,3,0.0,78,31
2026-05-21 11:00:44,2026-05-22,4,羽毛球馆-9号,19:30-20:30,1,1,已售/已满,已售,多云,21,17,5,0.0,74,31
2026-05-21 11:30:38,2026-05-22,4,羽毛球馆-9号,19:30-20:30,1,1,已售/已满,已售,多云,21,19,3,0.0,72,33
2026-05-21 12:00:46,2026-05-22,4,羽毛球馆-9号,19:30-20:30,1,1,已售/已满,已售,多云,22,19,4,0.0,70,33
2026-05-21 12:30:42,2026-05-22,4,羽毛球馆-9号,19:30-20:30,1,1,已售/已满,已售,多云,22,21,3,0.0,68,35
2026-05-21 13:00:43,2026-05-22,4,羽毛球馆-9号,19:30-20:30,1,1,已售/已满,已售,多云,24,22,4,0.0,66,35
2026-05-21 13:30:43,2026-05-22,4,羽毛球馆-9号,19:30-20:30,1,1,已售/已满,已售,多云,24,22,4,0.0,66,36
2026-05-21 14:00:48,2026-05-22,4,羽毛球馆-9号,19:30-20:30,1,1,已售/已满,已售,多云,25,23,4,0.0,66,36
2026-05-21 14:30:45,2026-05-22,4,羽毛球馆-9号,19:30-20:30,1,1,已售/已满,已售,晴,25,25,3,0.0,65,39
2026-05-21 15:00:45,2026-05-22,4,羽毛球馆-9号,19:30-20:30,1,1,已售/已满,已售,晴,25,22,4,0.0,56,39
2026-05-21 15:30:43,2026-05-22,4,羽毛球馆-9号,19:30-20:30,1,1,已售/已满,已售,晴,25,23,4,0.0,57,40
2026-05-21 16:00:51,2026-05-22,4,羽毛球馆-9号,19:30-20:30,1,1,已售/已满,已售,晴,25,23,4,0.0,57,40
2026-05-21 16:30:48,2026-05-22,4,羽毛球馆-9号,19:30-20:30,1,1,已售/已满,已售,晴,25,24,3,0.0,60,39
2026-05-21 17:00:49,2026-05-22,4,羽毛球馆-9号,19:30-20:30,1,1,已售/已满,已售,晴,25,24,4,0.0,61,39
2026-05-21 17:30:47,2026-05-22,4,羽毛球馆-9号,19:30-20:30,1,1,已售/已满,已售,多云,24,23,3,0.0,64,39
2026-05-21 18:00:50,2026-05-22,4,羽毛球馆-9号,19:30-20:30,1,1,已售/已满,已售,多云,24,23,3,0.0,68,39
2026-05-21 18:30:50,2026-05-22,4,羽毛球馆-9号,19:30-20:30,1,1,已售/已满,已售,阴,24,25,2,0.0,68,40
2026-05-21 19:00:50,2026-05-22,4,羽毛球馆-9号,19:30-20:30,1,1,已售/已满,已售,阴,23,23,3,0.0,76,40
2026-05-21 19:30:46,2026-05-22,4,羽毛球馆-9号,19:30-20:30,1,1,已售/已满,已售,阴,23,24,2,0.0,77,39
2026-05-21 20:00:49,2026-05-22,4,羽毛球馆-9号,19:30-20:30,1,1,已售/已满,已售,雾,22,23,2,0.0,89,39
2026-05-21 20:30:44,2026-05-22,4,羽毛球馆-9号,19:30-20:30,1,1,已售/已满,已售,雾,22,24,2,0.0,93,43
2026-05-21 21:00:56,2026-05-22,4,羽毛球馆-9号,19:30-20:30,1,1,已售/已满,已售,雾,20,21,2,0.0,98,43
2026-05-21 21:30:46,2026-05-22,4,羽毛球馆-9号,19:30-20:30,1,1,已售/已满,已售,雾,20,22,1,0.0,99,41
2026-05-21 22:01:02,2026-05-22,4,羽毛球馆-9号,19:30-20:30,1,1,已售/已满,已售,雾,19,20,2,0.0,93,41
2026-05-21 22:30:47,2026-05-22,4,羽毛球馆-9号,19:30-20:30,1,1,已售/已满,已售,雾,19,19,3,0.0,88,46
2026-05-21 23:00:56,2026-05-22,4,羽毛球馆-9号,19:30-20:30,1,1,已售/已满,已售,多云,18,17,3,0.0,85,46
2026-05-21 23:30:55,2026-05-22,4,羽毛球馆-9号,19:30-20:30,1,1,已售/已满,已售,多云,18,17,3,0.0,85,48
2026-05-21 08:00:45,2026-05-22,4,羽毛球馆-9号,20:30-21:30,1,1,已售/已满,已售,晴,17,12,5,0.0,86,29
2026-05-21 08:02:30,2026-05-22,4,羽毛球馆-9号,20:30-21:30,1,1,已售/已满,已售,多云,17,12,5,0.0,87,29
2026-05-21 08:05:36,2026-05-22,4,羽毛球馆-9号,20:30-21:30,1,1,已售/已满,已售,多云,17,12,5,0.0,86,29
2026-05-21 08:08:31,2026-05-22,4,羽毛球馆-9号,20:30-21:30,1,1,已售/已满,已售,多云,17,12,5,0.0,86,29
2026-05-21 08:11:30,2026-05-22,4,羽毛球馆-9号,20:30-21:30,1,1,已售/已满,已售,多云,17,12,5,0.0,86,29
2026-05-21 08:14:31,2026-05-22,4,羽毛球馆-9号,20:30-21:30,1,1,已售/已满,已售,多云,17,12,5,0.0,86,29
2026-05-21 08:17:30,2026-05-22,4,羽毛球馆-9号,20:30-21:30,1,1,已售/已满,已售,多云,17,12,5,0.0,86,29
2026-05-21 08:20:35,2026-05-22,4,羽毛球馆-9号,20:30-21:30,1,1,已售/已满,已售,多云,17,14,4,0.0,85,29
2026-05-21 08:25:32,2026-05-22,4,羽毛球馆-9号,20:30-21:30,1,1,已售/已满,已售,多云,17,14,4,0.0,85,28
2026-05-21 08:30:42,2026-05-22,4,羽毛球馆-9号,20:30-21:30,1,1,已售/已满,已售,多云,18,15,4,0.0,84,28
2026-05-21 08:35:31,2026-05-22,4,羽毛球馆-9号,20:30-21:30,1,1,已售/已满,已售,多云,18,15,4,0.0,84,28
2026-05-21 08:40:38,2026-05-22,4,羽毛球馆-9号,20:30-21:30,1,1,已售/已满,已售,多云,18,15,4,0.0,82,28
2026-05-21 08:45:33,2026-05-22,4,羽毛球馆-9号,20:30-21:30,1,1,已售/已满,已售,多云,18,15,4,0.0,82,28
2026-05-21 08:50:36,2026-05-22,4,羽毛球馆-9号,20:30-21:30,1,1,已售/已满,已售,多云,18,15,4,0.0,82,28
2026-05-21 08:55:34,2026-05-22,4,羽毛球馆-9号,20:30-21:30,1,1,已售/已满,已售,多云,18,15,4,0.0,84,28
2026-05-21 09:00:51,2026-05-22,4,羽毛球馆-9号,20:30-21:30,1,1,已售/已满,已售,多云,18,15,4,0.0,84,28
2026-05-21 09:01:59,2026-05-22,4,羽毛球馆-9号,20:30-21:30,1,1,已售/已满,已售,多云,18,15,4,0.0,83,28
2026-05-21 09:05:33,2026-05-22,4,羽毛球馆-9号,20:30-21:30,1,1,已售/已满,已售,多云,18,15,4,0.0,83,28
2026-05-21 09:20:38,2026-05-22,4,羽毛球馆-9号,20:30-21:30,1,1,已售/已满,已售,多云,18,16,3,0.0,81,28
2026-05-21 09:30:46,2026-05-22,4,羽毛球馆-9号,20:30-21:30,1,1,已售/已满,已售,多云,18,16,3,0.0,81,32
2026-05-21 09:40:36,2026-05-22,4,羽毛球馆-9号,20:30-21:30,1,1,已售/已满,已售,多云,19,17,3,0.0,79,32
2026-05-21 09:50:42,2026-05-22,4,羽毛球馆-9号,20:30-21:30,1,1,已售/已满,已售,多云,19,17,4,0.0,81,32
2026-05-21 10:00:46,2026-05-22,4,羽毛球馆-9号,20:30-21:30,1,1,已售/已满,已售,多云,19,17,4,0.0,79,32
2026-05-21 10:10:40,2026-05-22,4,羽毛球馆-9号,20:30-21:30,1,1,已售/已满,已售,多云,19,17,4,0.0,79,32
2026-05-21 10:20:38,2026-05-22,4,羽毛球馆-9号,20:30-21:30,1,1,已售/已满,已售,多云,19,17,4,0.0,79,32
2026-05-21 10:30:41,2026-05-22,4,羽毛球馆-9号,20:30-21:30,1,1,已售/已满,已售,多云,19,18,3,0.0,78,31
2026-05-21 11:00:44,2026-05-22,4,羽毛球馆-9号,20:30-21:30,1,1,已售/已满,已售,多云,21,17,5,0.0,74,31
2026-05-21 11:30:38,2026-05-22,4,羽毛球馆-9号,20:30-21:30,1,1,已售/已满,已售,多云,21,19,3,0.0,72,33
2026-05-21 12:00:46,2026-05-22,4,羽毛球馆-9号,20:30-21:30,1,1,已售/已满,已售,多云,22,19,4,0.0,70,33
2026-05-21 12:30:42,2026-05-22,4,羽毛球馆-9号,20:30-21:30,1,1,已售/已满,已售,多云,22,21,3,0.0,68,35
2026-05-21 13:00:43,2026-05-22,4,羽毛球馆-9号,20:30-21:30,1,1,已售/已满,已售,多云,24,22,4,0.0,66,35
2026-05-21 13:30:43,2026-05-22,4,羽毛球馆-9号,20:30-21:30,1,1,已售/已满,已售,多云,24,22,4,0.0,66,36
2026-05-21 14:00:48,2026-05-22,4,羽毛球馆-9号,20:30-21:30,1,1,已售/已满,已售,多云,25,23,4,0.0,66,36
2026-05-21 14:30:45,2026-05-22,4,羽毛球馆-9号,20:30-21:30,1,1,已售/已满,已售,晴,25,25,3,0.0,65,39
2026-05-21 15:00:45,2026-05-22,4,羽毛球馆-9号,20:30-21:30,1,1,已售/已满,已售,晴,25,22,4,0.0,56,39
2026-05-21 15:30:43,2026-05-22,4,羽毛球馆-9号,20:30-21:30,1,1,已售/已满,已售,晴,25,23,4,0.0,57,40
2026-05-21 16:00:51,2026-05-22,4,羽毛球馆-9号,20:30-21:30,1,1,已售/已满,已售,晴,25,23,4,0.0,57,40
2026-05-21 16:30:48,2026-05-22,4,羽毛球馆-9号,20:30-21:30,1,1,已售/已满,已售,晴,25,24,3,0.0,60,39
2026-05-21 17:00:49,2026-05-22,4,羽毛球馆-9号,20:30-21:30,1,1,已售/已满,已售,晴,25,24,4,0.0,61,39
2026-05-21 17:30:47,2026-05-22,4,羽毛球馆-9号,20:30-21:30,1,1,已售/已满,已售,多云,24,23,3,0.0,64,39
2026-05-21 18:00:50,2026-05-22,4,羽毛球馆-9号,20:30-21:30,1,1,已售/已满,已售,多云,24,23,3,0.0,68,39
2026-05-21 18:30:50,2026-05-22,4,羽毛球馆-9号,20:30-21:30,1,1,已售/已满,已售,阴,24,25,2,0.0,68,40
2026-05-21 19:00:50,2026-05-22,4,羽毛球馆-9号,20:30-21:30,1,1,已售/已满,已售,阴,23,23,3,0.0,76,40
2026-05-21 19:30:46,2026-05-22,4,羽毛球馆-9号,20:30-21:30,1,1,已售/已满,已售,阴,23,24,2,0.0,77,39
2026-05-21 20:00:49,2026-05-22,4,羽毛球馆-9号,20:30-21:30,1,1,已售/已满,已售,雾,22,23,2,0.0,89,39
2026-05-21 20:30:44,2026-05-22,4,羽毛球馆-9号,20:30-21:30,1,1,已售/已满,已售,雾,22,24,2,0.0,93,43
2026-05-21 21:00:56,2026-05-22,4,羽毛球馆-9号,20:30-21:30,1,1,已售/已满,已售,雾,20,21,2,0.0,98,43
2026-05-21 21:30:46,2026-05-22,4,羽毛球馆-9号,20:30-21:30,1,1,已售/已满,已售,雾,20,22,1,0.0,99,41
2026-05-21 22:01:02,2026-05-22,4,羽毛球馆-9号,20:30-21:30,1,1,已售/已满,已售,雾,19,20,2,0.0,93,41
2026-05-21 22:30:47,2026-05-22,4,羽毛球馆-9号,20:30-21:30,1,1,已售/已满,已售,雾,19,19,3,0.0,88,46
2026-05-21 23:00:56,2026-05-22,4,羽毛球馆-9号,20:30-21:30,1,1,已售/已满,已售,多云,18,17,3,0.0,85,46
2026-05-21 23:30:55,2026-05-22,4,羽毛球馆-9号,20:30-21:30,1,1,已售/已满,已售,多云,18,17,3,0.0,85,48
2026-05-21 07:59:26,2026-05-22,5,健身中心,06:30-08:00,0,110,可预约,￥0.0,晴,17,12,5,0.0,86,29
2026-05-21 08:00:45,2026-05-22,5,健身中心,06:30-08:00,2,110,可预约,￥0.0,晴,17,12,5,0.0,86,29
2026-05-21 08:02:30,2026-05-22,5,健身中心,06:30-08:00,2,110,可预约,￥0.0,多云,17,12,5,0.0,87,29
2026-05-21 08:05:36,2026-05-22,5,健身中心,06:30-08:00,4,110,可预约,￥0.0,多云,17,12,5,0.0,86,29
2026-05-21 08:08:31,2026-05-22,5,健身中心,06:30-08:00,4,110,可预约,￥0.0,多云,17,12,5,0.0,86,29
2026-05-21 08:11:30,2026-05-22,5,健身中心,06:30-08:00,4,110,可预约,￥0.0,多云,17,12,5,0.0,86,29
2026-05-21 08:14:31,2026-05-22,5,健身中心,06:30-08:00,5,110,可预约,￥0.0,多云,17,12,5,0.0,86,29
2026-05-21 08:17:30,2026-05-22,5,健身中心,06:30-08:00,5,110,可预约,￥0.0,多云,17,12,5,0.0,86,29
2026-05-21 08:20:35,2026-05-22,5,健身中心,06:30-08:00,6,110,可预约,￥0.0,多云,17,14,4,0.0,85,29
2026-05-21 08:25:32,2026-05-22,5,健身中心,06:30-08:00,6,110,可预约,￥0.0,多云,17,14,4,0.0,85,28
2026-05-21 08:30:42,2026-05-22,5,健身中心,06:30-08:00,6,110,可预约,￥0.0,多云,18,15,4,0.0,84,28
2026-05-21 08:35:31,2026-05-22,5,健身中心,06:30-08:00,6,110,可预约,￥0.0,多云,18,15,4,0.0,84,28
2026-05-21 08:40:38,2026-05-22,5,健身中心,06:30-08:00,6,110,可预约,￥0.0,多云,18,15,4,0.0,82,28
2026-05-21 08:45:33,2026-05-22,5,健身中心,06:30-08:00,6,110,可预约,￥0.0,多云,18,15,4,0.0,82,28
2026-05-21 08:50:36,2026-05-22,5,健身中心,06:30-08:00,7,110,可预约,￥0.0,多云,18,15,4,0.0,82,28
2026-05-21 08:55:34,2026-05-22,5,健身中心,06:30-08:00,8,110,可预约,￥0.0,多云,18,15,4,0.0,84,28
2026-05-21 09:00:51,2026-05-22,5,健身中心,06:30-08:00,9,110,可预约,￥0.0,多云,18,15,4,0.0,84,28
2026-05-21 09:01:59,2026-05-22,5,健身中心,06:30-08:00,9,110,可预约,￥0.0,多云,18,15,4,0.0,83,28
2026-05-21 09:05:33,2026-05-22,5,健身中心,06:30-08:00,9,110,可预约,￥0.0,多云,18,15,4,0.0,83,28
2026-05-21 09:20:38,2026-05-22,5,健身中心,06:30-08:00,10,110,可预约,￥0.0,多云,18,16,3,0.0,81,28
2026-05-21 09:30:46,2026-05-22,5,健身中心,06:30-08:00,10,110,可预约,￥0.0,多云,18,16,3,0.0,81,32
2026-05-21 09:40:36,2026-05-22,5,健身中心,06:30-08:00,10,110,可预约,￥0.0,多云,19,17,3,0.0,79,32
2026-05-21 09:50:42,2026-05-22,5,健身中心,06:30-08:00,10,110,可预约,￥0.0,多云,19,17,4,0.0,81,32
2026-05-21 10:00:46,2026-05-22,5,健身中心,06:30-08:00,10,110,可预约,￥0.0,多云,19,17,4,0.0,79,32
2026-05-21 10:10:40,2026-05-22,5,健身中心,06:30-08:00,10,110,可预约,￥0.0,多云,19,17,4,0.0,79,32
2026-05-21 10:20:38,2026-05-22,5,健身中心,06:30-08:00,10,110,可预约,￥0.0,多云,19,17,4,0.0,79,32
2026-05-21 10:30:41,2026-05-22,5,健身中心,06:30-08:00,11,110,可预约,￥0.0,多云,19,18,3,0.0,78,31
2026-05-21 11:00:44,2026-05-22,5,健身中心,06:30-08:00,12,110,可预约,￥0.0,多云,21,17,5,0.0,74,31
2026-05-21 11:30:38,2026-05-22,5,健身中心,06:30-08:00,14,110,可预约,￥0.0,多云,21,19,3,0.0,72,33
2026-05-21 12:00:46,2026-05-22,5,健身中心,06:30-08:00,15,110,可预约,￥0.0,多云,22,19,4,0.0,70,33
2026-05-21 12:30:42,2026-05-22,5,健身中心,06:30-08:00,17,110,可预约,￥0.0,多云,22,21,3,0.0,68,35
2026-05-21 13:00:43,2026-05-22,5,健身中心,06:30-08:00,18,110,可预约,￥0.0,多云,24,22,4,0.0,66,35
2026-05-21 13:30:43,2026-05-22,5,健身中心,06:30-08:00,18,110,可预约,￥0.0,多云,24,22,4,0.0,66,36
2026-05-21 14:00:48,2026-05-22,5,健身中心,06:30-08:00,18,110,可预约,￥0.0,多云,25,23,4,0.0,66,36
2026-05-21 14:30:45,2026-05-22,5,健身中心,06:30-08:00,18,110,可预约,￥0.0,晴,25,25,3,0.0,65,39
2026-05-21 15:00:45,2026-05-22,5,健身中心,06:30-08:00,19,110,可预约,￥0.0,晴,25,22,4,0.0,56,39
2026-05-21 15:30:43,2026-05-22,5,健身中心,06:30-08:00,20,110,可预约,￥0.0,晴,25,23,4,0.0,57,40
2026-05-21 16:00:51,2026-05-22,5,健身中心,06:30-08:00,22,110,可预约,￥0.0,晴,25,23,4,0.0,57,40
2026-05-21 16:30:48,2026-05-22,5,健身中心,06:30-08:00,23,110,可预约,￥0.0,晴,25,24,3,0.0,60,39
2026-05-21 17:00:49,2026-05-22,5,健身中心,06:30-08:00,23,110,可预约,￥0.0,晴,25,24,4,0.0,61,39
2026-05-21 17:30:47,2026-05-22,5,健身中心,06:30-08:00,23,110,可预约,￥0.0,多云,24,23,3,0.0,64,39
2026-05-21 18:00:50,2026-05-22,5,健身中心,06:30-08:00,23,110,可预约,￥0.0,多云,24,23,3,0.0,68,39
2026-05-21 18:30:50,2026-05-22,5,健身中心,06:30-08:00,25,110,可预约,￥0.0,阴,24,25,2,0.0,68,40
2026-05-21 19:00:50,2026-05-22,5,健身中心,06:30-08:00,26,110,可预约,￥0.0,阴,23,23,3,0.0,76,40
2026-05-21 19:30:46,2026-05-22,5,健身中心,06:30-08:00,27,110,可预约,￥0.0,阴,23,24,2,0.0,77,39
2026-05-21 20:00:49,2026-05-22,5,健身中心,06:30-08:00,30,110,可预约,￥0.0,雾,22,23,2,0.0,89,39
2026-05-21 20:30:44,2026-05-22,5,健身中心,06:30-08:00,33,110,可预约,￥0.0,雾,22,24,2,0.0,93,43
2026-05-21 21:00:56,2026-05-22,5,健身中心,06:30-08:00,34,110,可预约,￥0.0,雾,20,21,2,0.0,98,43
2026-05-21 21:30:46,2026-05-22,5,健身中心,06:30-08:00,35,110,可预约,￥0.0,雾,20,22,1,0.0,99,41
2026-05-21 22:01:02,2026-05-22,5,健身中心,06:30-08:00,37,110,可预约,￥0.0,雾,19,20,2,0.0,93,41
2026-05-21 22:30:47,2026-05-22,5,健身中心,06:30-08:00,41,110,可预约,￥0.0,雾,19,19,3,0.0,88,46
2026-05-21 23:00:56,2026-05-22,5,健身中心,06:30-08:00,42,110,可预约,￥0.0,多云,18,17,3,0.0,85,46
2026-05-21 23:30:55,2026-05-22,5,健身中心,06:30-08:00,45,110,可预约,￥0.0,多云,18,17,3,0.0,85,48
2026-05-21 07:59:26,2026-05-22,5,健身中心,08:00-09:30,0,110,可预约,￥0.0,晴,17,12,5,0.0,86,29
2026-05-21 08:00:45,2026-05-22,5,健身中心,08:00-09:30,1,110,可预约,￥0.0,晴,17,12,5,0.0,86,29
2026-05-21 08:02:30,2026-05-22,5,健身中心,08:00-09:30,3,110,可预约,￥0.0,多云,17,12,5,0.0,87,29
2026-05-21 08:05:36,2026-05-22,5,健身中心,08:00-09:30,4,110,可预约,￥0.0,多云,17,12,5,0.0,86,29
2026-05-21 08:08:31,2026-05-22,5,健身中心,08:00-09:30,4,110,可预约,￥0.0,多云,17,12,5,0.0,86,29
2026-05-21 08:11:30,2026-05-22,5,健身中心,08:00-09:30,4,110,可预约,￥0.0,多云,17,12,5,0.0,86,29
2026-05-21 08:14:31,2026-05-22,5,健身中心,08:00-09:30,7,110,可预约,￥0.0,多云,17,12,5,0.0,86,29
2026-05-21 08:17:30,2026-05-22,5,健身中心,08:00-09:30,7,110,可预约,￥0.0,多云,17,12,5,0.0,86,29
2026-05-21 08:20:35,2026-05-22,5,健身中心,08:00-09:30,8,110,可预约,￥0.0,多云,17,14,4,0.0,85,29
2026-05-21 08:25:32,2026-05-22,5,健身中心,08:00-09:30,9,110,可预约,￥0.0,多云,17,14,4,0.0,85,28
2026-05-21 08:30:42,2026-05-22,5,健身中心,08:00-09:30,11,110,可预约,￥0.0,多云,18,15,4,0.0,84,28
2026-05-21 08:35:31,2026-05-22,5,健身中心,08:00-09:30,13,110,可预约,￥0.0,多云,18,15,4,0.0,84,28
2026-05-21 08:40:38,2026-05-22,5,健身中心,08:00-09:30,12,110,可预约,￥0.0,多云,18,15,4,0.0,82,28
2026-05-21 08:45:33,2026-05-22,5,健身中心,08:00-09:30,12,110,可预约,￥0.0,多云,18,15,4,0.0,82,28
2026-05-21 08:50:36,2026-05-22,5,健身中心,08:00-09:30,13,110,可预约,￥0.0,多云,18,15,4,0.0,82,28
2026-05-21 08:55:34,2026-05-22,5,健身中心,08:00-09:30,15,110,可预约,￥0.0,多云,18,15,4,0.0,84,28
2026-05-21 09:00:51,2026-05-22,5,健身中心,08:00-09:30,16,110,可预约,￥0.0,多云,18,15,4,0.0,84,28
2026-05-21 09:01:59,2026-05-22,5,健身中心,08:00-09:30,16,110,可预约,￥0.0,多云,18,15,4,0.0,83,28
2026-05-21 09:05:33,2026-05-22,5,健身中心,08:00-09:30,16,110,可预约,￥0.0,多云,18,15,4,0.0,83,28
2026-05-21 09:20:38,2026-05-22,5,健身中心,08:00-09:30,19,110,可预约,￥0.0,多云,18,16,3,0.0,81,28
2026-05-21 09:30:46,2026-05-22,5,健身中心,08:00-09:30,20,110,可预约,￥0.0,多云,18,16,3,0.0,81,32
2026-05-21 09:40:36,2026-05-22,5,健身中心,08:00-09:30,21,110,可预约,￥0.0,多云,19,17,3,0.0,79,32
2026-05-21 09:50:42,2026-05-22,5,健身中心,08:00-09:30,22,110,可预约,￥0.0,多云,19,17,4,0.0,81,32
2026-05-21 10:00:46,2026-05-22,5,健身中心,08:00-09:30,22,110,可预约,￥0.0,多云,19,17,4,0.0,79,32
2026-05-21 10:10:40,2026-05-22,5,健身中心,08:00-09:30,24,110,可预约,￥0.0,多云,19,17,4,0.0,79,32
2026-05-21 10:20:38,2026-05-22,5,健身中心,08:00-09:30,24,110,可预约,￥0.0,多云,19,17,4,0.0,79,32
2026-05-21 10:30:41,2026-05-22,5,健身中心,08:00-09:30,25,110,可预约,￥0.0,多云,19,18,3,0.0,78,31
2026-05-21 11:00:44,2026-05-22,5,健身中心,08:00-09:30,28,110,可预约,￥0.0,多云,21,17,5,0.0,74,31
2026-05-21 11:30:38,2026-05-22,5,健身中心,08:00-09:30,32,110,可预约,￥0.0,多云,21,19,3,0.0,72,33
2026-05-21 12:00:46,2026-05-22,5,健身中心,08:00-09:30,32,110,可预约,￥0.0,多云,22,19,4,0.0,70,33
2026-05-21 12:30:42,2026-05-22,5,健身中心,08:00-09:30,34,110,可预约,￥0.0,多云,22,21,3,0.0,68,35
2026-05-21 13:00:43,2026-05-22,5,健身中心,08:00-09:30,36,110,可预约,￥0.0,多云,24,22,4,0.0,66,35
2026-05-21 13:30:43,2026-05-22,5,健身中心,08:00-09:30,41,110,可预约,￥0.0,多云,24,22,4,0.0,66,36
2026-05-21 14:00:48,2026-05-22,5,健身中心,08:00-09:30,46,110,可预约,￥0.0,多云,25,23,4,0.0,66,36
2026-05-21 14:30:45,2026-05-22,5,健身中心,08:00-09:30,52,110,可预约,￥0.0,晴,25,25,3,0.0,65,39
2026-05-21 15:00:45,2026-05-22,5,健身中心,08:00-09:30,52,110,可预约,￥0.0,晴,25,22,4,0.0,56,39
2026-05-21 15:30:43,2026-05-22,5,健身中心,08:00-09:30,59,110,可预约,￥0.0,晴,25,23,4,0.0,57,40
2026-05-21 16:00:51,2026-05-22,5,健身中心,08:00-09:30,60,110,可预约,￥0.0,晴,25,23,4,0.0,57,40
2026-05-21 16:30:48,2026-05-22,5,健身中心,08:00-09:30,62,110,可预约,￥0.0,晴,25,24,3,0.0,60,39
2026-05-21 17:00:49,2026-05-22,5,健身中心,08:00-09:30,63,110,可预约,￥0.0,晴,25,24,4,0.0,61,39
2026-05-21 17:30:47,2026-05-22,5,健身中心,08:00-09:30,65,110,可预约,￥0.0,多云,24,23,3,0.0,64,39
2026-05-21 18:00:50,2026-05-22,5,健身中心,08:00-09:30,70,110,可预约,￥0.0,多云,24,23,3,0.0,68,39
2026-05-21 18:30:50,2026-05-22,5,健身中心,08:00-09:30,78,110,可预约,￥0.0,阴,24,25,2,0.0,68,40
2026-05-21 19:00:50,2026-05-22,5,健身中心,08:00-09:30,86,110,可预约,￥0.0,阴,23,23,3,0.0,76,40
2026-05-21 19:30:46,2026-05-22,5,健身中心,08:00-09:30,92,110,可预约,￥0.0,阴,23,24,2,0.0,77,39
2026-05-21 20:00:49,2026-05-22,5,健身中心,08:00-09:30,97,110,可预约,￥0.0,雾,22,23,2,0.0,89,39
2026-05-21 20:30:44,2026-05-22,5,健身中心,08:00-09:30,102,110,可预约,￥0.0,雾,22,24,2,0.0,93,43
2026-05-21 21:00:56,2026-05-22,5,健身中心,08:00-09:30,109,110,可预约,￥0.0,雾,20,21,2,0.0,98,43
2026-05-21 21:30:46,2026-05-22,5,健身中心,08:00-09:30,110,110,已售/已满,,雾,20,22,1,0.0,99,41
2026-05-21 22:01:02,2026-05-22,5,健身中心,08:00-09:30,110,110,已售/已满,,雾,19,20,2,0.0,93,41
2026-05-21 22:30:47,2026-05-22,5,健身中心,08:00-09:30,110,110,已售/已满,,雾,19,19,3,0.0,88,46
2026-05-21 23:00:56,2026-05-22,5,健身中心,08:00-09:30,110,110,已售/已满,,多云,18,17,3,0.0,85,46
2026-05-21 23:30:55,2026-05-22,5,健身中心,08:00-09:30,110,110,已售/已满,,多云,18,17,3,0.0,85,48
2026-05-21 07:59:26,2026-05-22,5,健身中心,10:00-11:30,80,110,可预约,教学时间 | ￥5.0,晴,17,12,5,0.0,86,29
2026-05-21 08:00:45,2026-05-22,5,健身中心,10:00-11:30,80,110,可预约,教学时间 | ￥5.0,晴,17,12,5,0.0,86,29
2026-05-21 08:02:30,2026-05-22,5,健身中心,10:00-11:30,80,110,可预约,教学时间 | ￥5.0,多云,17,12,5,0.0,87,29
2026-05-21 08:05:36,2026-05-22,5,健身中心,10:00-11:30,80,110,可预约,教学时间 | ￥5.0,多云,17,12,5,0.0,86,29
2026-05-21 08:08:31,2026-05-22,5,健身中心,10:00-11:30,80,110,可预约,教学时间 | ￥5.0,多云,17,12,5,0.0,86,29
2026-05-21 08:11:30,2026-05-22,5,健身中心,10:00-11:30,80,110,可预约,教学时间 | ￥5.0,多云,17,12,5,0.0,86,29
2026-05-21 08:14:31,2026-05-22,5,健身中心,10:00-11:30,80,110,可预约,教学时间 | ￥5.0,多云,17,12,5,0.0,86,29
2026-05-21 08:17:30,2026-05-22,5,健身中心,10:00-11:30,80,110,可预约,教学时间 | ￥5.0,多云,17,12,5,0.0,86,29
2026-05-21 08:20:35,2026-05-22,5,健身中心,10:00-11:30,80,110,可预约,教学时间 | ￥5.0,多云,17,14,4,0.0,85,29
2026-05-21 08:25:32,2026-05-22,5,健身中心,10:00-11:30,80,110,可预约,教学时间 | ￥5.0,多云,17,14,4,0.0,85,28
2026-05-21 08:30:42,2026-05-22,5,健身中心,10:00-11:30,80,110,可预约,教学时间 | ￥5.0,多云,18,15,4,0.0,84,28
2026-05-21 08:35:31,2026-05-22,5,健身中心,10:00-11:30,80,110,可预约,教学时间 | ￥5.0,多云,18,15,4,0.0,84,28
2026-05-21 08:40:38,2026-05-22,5,健身中心,10:00-11:30,80,110,可预约,教学时间 | ￥5.0,多云,18,15,4,0.0,82,28
2026-05-21 08:45:33,2026-05-22,5,健身中心,10:00-11:30,80,110,可预约,教学时间 | ￥5.0,多云,18,15,4,0.0,82,28
2026-05-21 08:50:36,2026-05-22,5,健身中心,10:00-11:30,80,110,可预约,教学时间 | ￥5.0,多云,18,15,4,0.0,82,28
2026-05-21 08:55:34,2026-05-22,5,健身中心,10:00-11:30,80,110,可预约,教学时间 | ￥5.0,多云,18,15,4,0.0,84,28
2026-05-21 09:00:51,2026-05-22,5,健身中心,10:00-11:30,80,110,可预约,教学时间 | ￥5.0,多云,18,15,4,0.0,84,28
2026-05-21 09:01:59,2026-05-22,5,健身中心,10:00-11:30,80,110,可预约,教学时间 | ￥5.0,多云,18,15,4,0.0,83,28
2026-05-21 09:05:33,2026-05-22,5,健身中心,10:00-11:30,80,110,可预约,教学时间 | ￥5.0,多云,18,15,4,0.0,83,28
2026-05-21 09:20:38,2026-05-22,5,健身中心,10:00-11:30,80,110,可预约,教学时间 | ￥5.0,多云,18,16,3,0.0,81,28
2026-05-21 09:30:46,2026-05-22,5,健身中心,10:00-11:30,80,110,可预约,教学时间 | ￥5.0,多云,18,16,3,0.0,81,32
2026-05-21 09:40:36,2026-05-22,5,健身中心,10:00-11:30,81,110,可预约,教学时间 | ￥5.0,多云,19,17,3,0.0,79,32
2026-05-21 09:50:42,2026-05-22,5,健身中心,10:00-11:30,81,110,可预约,教学时间 | ￥5.0,多云,19,17,4,0.0,81,32
2026-05-21 10:00:46,2026-05-22,5,健身中心,10:00-11:30,81,110,可预约,教学时间 | ￥5.0,多云,19,17,4,0.0,79,32
2026-05-21 10:10:40,2026-05-22,5,健身中心,10:00-11:30,81,110,可预约,教学时间 | ￥5.0,多云,19,17,4,0.0,79,32
2026-05-21 10:20:38,2026-05-22,5,健身中心,10:00-11:30,81,110,可预约,教学时间 | ￥5.0,多云,19,17,4,0.0,79,32
2026-05-21 10:30:41,2026-05-22,5,健身中心,10:00-11:30,81,110,可预约,教学时间 | ￥5.0,多云,19,18,3,0.0,78,31
2026-05-21 11:00:44,2026-05-22,5,健身中心,10:00-11:30,81,110,可预约,教学时间 | ￥5.0,多云,21,17,5,0.0,74,31
2026-05-21 11:30:38,2026-05-22,5,健身中心,10:00-11:30,83,110,可预约,教学时间 | ￥5.0,多云,21,19,3,0.0,72,33
2026-05-21 12:00:46,2026-05-22,5,健身中心,10:00-11:30,84,110,可预约,教学时间 | ￥5.0,多云,22,19,4,0.0,70,33
2026-05-21 12:30:42,2026-05-22,5,健身中心,10:00-11:30,84,110,可预约,教学时间 | ￥5.0,多云,22,21,3,0.0,68,35
2026-05-21 13:00:43,2026-05-22,5,健身中心,10:00-11:30,84,110,可预约,教学时间 | ￥5.0,多云,24,22,4,0.0,66,35
2026-05-21 13:30:43,2026-05-22,5,健身中心,10:00-11:30,84,110,可预约,教学时间 | ￥5.0,多云,24,22,4,0.0,66,36
2026-05-21 14:00:48,2026-05-22,5,健身中心,10:00-11:30,84,110,可预约,教学时间 | ￥5.0,多云,25,23,4,0.0,66,36
2026-05-21 14:30:45,2026-05-22,5,健身中心,10:00-11:30,85,110,可预约,教学时间 | ￥5.0,晴,25,25,3,0.0,65,39
2026-05-21 15:00:45,2026-05-22,5,健身中心,10:00-11:30,85,110,可预约,教学时间 | ￥5.0,晴,25,22,4,0.0,56,39
2026-05-21 15:30:43,2026-05-22,5,健身中心,10:00-11:30,85,110,可预约,教学时间 | ￥5.0,晴,25,23,4,0.0,57,40
2026-05-21 16:00:51,2026-05-22,5,健身中心,10:00-11:30,87,110,可预约,教学时间 | ￥5.0,晴,25,23,4,0.0,57,40
2026-05-21 16:30:48,2026-05-22,5,健身中心,10:00-11:30,87,110,可预约,教学时间 | ￥5.0,晴,25,24,3,0.0,60,39
2026-05-21 17:00:49,2026-05-22,5,健身中心,10:00-11:30,88,110,可预约,教学时间 | ￥5.0,晴,25,24,4,0.0,61,39
2026-05-21 17:30:47,2026-05-22,5,健身中心,10:00-11:30,88,110,可预约,教学时间 | ￥5.0,多云,24,23,3,0.0,64,39
2026-05-21 18:00:50,2026-05-22,5,健身中心,10:00-11:30,88,110,可预约,教学时间 | ￥5.0,多云,24,23,3,0.0,68,39
2026-05-21 18:30:50,2026-05-22,5,健身中心,10:00-11:30,88,110,可预约,教学时间 | ￥5.0,阴,24,25,2,0.0,68,40
2026-05-21 19:00:50,2026-05-22,5,健身中心,10:00-11:30,88,110,可预约,教学时间 | ￥5.0,阴,23,23,3,0.0,76,40
2026-05-21 19:30:46,2026-05-22,5,健身中心,10:00-11:30,88,110,可预约,教学时间 | ￥5.0,阴,23,24,2,0.0,77,39
2026-05-21 20:00:49,2026-05-22,5,健身中心,10:00-11:30,89,110,可预约,教学时间 | ￥5.0,雾,22,23,2,0.0,89,39
2026-05-21 20:30:44,2026-05-22,5,健身中心,10:00-11:30,89,110,可预约,教学时间 | ￥5.0,雾,22,24,2,0.0,93,43
2026-05-21 21:00:56,2026-05-22,5,健身中心,10:00-11:30,89,110,可预约,教学时间 | ￥5.0,雾,20,21,2,0.0,98,43
2026-05-21 21:30:46,2026-05-22,5,健身中心,10:00-11:30,89,110,可预约,教学时间 | ￥5.0,雾,20,22,1,0.0,99,41
2026-05-21 22:01:02,2026-05-22,5,健身中心,10:00-11:30,89,110,可预约,教学时间 | ￥5.0,雾,19,20,2,0.0,93,41
2026-05-21 22:30:47,2026-05-22,5,健身中心,10:00-11:30,90,110,可预约,教学时间 | ￥5.0,雾,19,19,3,0.0,88,46
2026-05-21 23:00:56,2026-05-22,5,健身中心,10:00-11:30,90,110,可预约,教学时间 | ￥5.0,多云,18,17,3,0.0,85,46
2026-05-21 23:30:55,2026-05-22,5,健身中心,10:00-11:30,91,110,可预约,教学时间 | ￥5.0,多云,18,17,3,0.0,85,48
2026-05-21 07:59:26,2026-05-22,5,健身中心,12:00-13:30,0,110,可预约,￥0.0,晴,17,12,5,0.0,86,29
2026-05-21 08:00:45,2026-05-22,5,健身中心,12:00-13:30,2,110,可预约,￥0.0,晴,17,12,5,0.0,86,29
2026-05-21 08:02:30,2026-05-22,5,健身中心,12:00-13:30,2,110,可预约,￥0.0,多云,17,12,5,0.0,87,29
2026-05-21 08:05:36,2026-05-22,5,健身中心,12:00-13:30,2,110,可预约,￥0.0,多云,17,12,5,0.0,86,29
2026-05-21 08:08:31,2026-05-22,5,健身中心,12:00-13:30,2,110,可预约,￥0.0,多云,17,12,5,0.0,86,29
2026-05-21 08:11:30,2026-05-22,5,健身中心,12:00-13:30,2,110,可预约,￥0.0,多云,17,12,5,0.0,86,29
2026-05-21 08:14:31,2026-05-22,5,健身中心,12:00-13:30,2,110,可预约,￥0.0,多云,17,12,5,0.0,86,29
2026-05-21 08:17:30,2026-05-22,5,健身中心,12:00-13:30,2,110,可预约,￥0.0,多云,17,12,5,0.0,86,29
2026-05-21 08:20:35,2026-05-22,5,健身中心,12:00-13:30,3,110,可预约,￥0.0,多云,17,14,4,0.0,85,29
2026-05-21 08:25:32,2026-05-22,5,健身中心,12:00-13:30,3,110,可预约,￥0.0,多云,17,14,4,0.0,85,28
2026-05-21 08:30:42,2026-05-22,5,健身中心,12:00-13:30,5,110,可预约,￥0.0,多云,18,15,4,0.0,84,28
2026-05-21 08:35:31,2026-05-22,5,健身中心,12:00-13:30,6,110,可预约,￥0.0,多云,18,15,4,0.0,84,28
2026-05-21 08:40:38,2026-05-22,5,健身中心,12:00-13:30,8,110,可预约,￥0.0,多云,18,15,4,0.0,82,28
2026-05-21 08:45:33,2026-05-22,5,健身中心,12:00-13:30,8,110,可预约,￥0.0,多云,18,15,4,0.0,82,28
2026-05-21 08:50:36,2026-05-22,5,健身中心,12:00-13:30,8,110,可预约,￥0.0,多云,18,15,4,0.0,82,28
2026-05-21 08:55:34,2026-05-22,5,健身中心,12:00-13:30,8,110,可预约,￥0.0,多云,18,15,4,0.0,84,28
2026-05-21 09:00:51,2026-05-22,5,健身中心,12:00-13:30,9,110,可预约,￥0.0,多云,18,15,4,0.0,84,28
2026-05-21 09:01:59,2026-05-22,5,健身中心,12:00-13:30,10,110,可预约,￥0.0,多云,18,15,4,0.0,83,28
2026-05-21 09:05:33,2026-05-22,5,健身中心,12:00-13:30,10,110,可预约,￥0.0,多云,18,15,4,0.0,83,28
2026-05-21 09:20:38,2026-05-22,5,健身中心,12:00-13:30,12,110,可预约,￥0.0,多云,18,16,3,0.0,81,28
2026-05-21 09:30:46,2026-05-22,5,健身中心,12:00-13:30,12,110,可预约,￥0.0,多云,18,16,3,0.0,81,32
2026-05-21 09:40:36,2026-05-22,5,健身中心,12:00-13:30,13,110,可预约,￥0.0,多云,19,17,3,0.0,79,32
2026-05-21 09:50:42,2026-05-22,5,健身中心,12:00-13:30,14,110,可预约,￥0.0,多云,19,17,4,0.0,81,32
2026-05-21 10:00:46,2026-05-22,5,健身中心,12:00-13:30,14,110,可预约,￥0.0,多云,19,17,4,0.0,79,32
2026-05-21 10:10:40,2026-05-22,5,健身中心,12:00-13:30,15,110,可预约,￥0.0,多云,19,17,4,0.0,79,32
2026-05-21 10:20:38,2026-05-22,5,健身中心,12:00-13:30,17,110,可预约,￥0.0,多云,19,17,4,0.0,79,32
2026-05-21 10:30:41,2026-05-22,5,健身中心,12:00-13:30,17,110,可预约,￥0.0,多云,19,18,3,0.0,78,31
2026-05-21 11:00:44,2026-05-22,5,健身中心,12:00-13:30,18,110,可预约,￥0.0,多云,21,17,5,0.0,74,31
2026-05-21 11:30:38,2026-05-22,5,健身中心,12:00-13:30,20,110,可预约,￥0.0,多云,21,19,3,0.0,72,33
2026-05-21 12:00:46,2026-05-22,5,健身中心,12:00-13:30,25,110,可预约,￥0.0,多云,22,19,4,0.0,70,33
2026-05-21 12:30:42,2026-05-22,5,健身中心,12:00-13:30,29,110,可预约,￥0.0,多云,22,21,3,0.0,68,35
2026-05-21 13:00:43,2026-05-22,5,健身中心,12:00-13:30,32,110,可预约,￥0.0,多云,24,22,4,0.0,66,35
2026-05-21 13:30:43,2026-05-22,5,健身中心,12:00-13:30,32,110,可预约,￥0.0,多云,24,22,4,0.0,66,36
2026-05-21 14:00:48,2026-05-22,5,健身中心,12:00-13:30,33,110,可预约,￥0.0,多云,25,23,4,0.0,66,36
2026-05-21 14:30:45,2026-05-22,5,健身中心,12:00-13:30,36,110,可预约,￥0.0,晴,25,25,3,0.0,65,39
2026-05-21 15:00:45,2026-05-22,5,健身中心,12:00-13:30,38,110,可预约,￥0.0,晴,25,22,4,0.0,56,39
2026-05-21 15:30:43,2026-05-22,5,健身中心,12:00-13:30,41,110,可预约,￥0.0,晴,25,23,4,0.0,57,40
2026-05-21 16:00:51,2026-05-22,5,健身中心,12:00-13:30,42,110,可预约,￥0.0,晴,25,23,4,0.0,57,40
2026-05-21 16:30:48,2026-05-22,5,健身中心,12:00-13:30,45,110,可预约,￥0.0,晴,25,24,3,0.0,60,39
2026-05-21 17:00:49,2026-05-22,5,健身中心,12:00-13:30,45,110,可预约,￥0.0,晴,25,24,4,0.0,61,39
2026-05-21 17:30:47,2026-05-22,5,健身中心,12:00-13:30,48,110,可预约,￥0.0,多云,24,23,3,0.0,64,39
2026-05-21 18:00:50,2026-05-22,5,健身中心,12:00-13:30,54,110,可预约,￥0.0,多云,24,23,3,0.0,68,39
2026-05-21 18:30:50,2026-05-22,5,健身中心,12:00-13:30,59,110,可预约,￥0.0,阴,24,25,2,0.0,68,40
2026-05-21 19:00:50,2026-05-22,5,健身中心,12:00-13:30,60,110,可预约,￥0.0,阴,23,23,3,0.0,76,40
2026-05-21 19:30:46,2026-05-22,5,健身中心,12:00-13:30,64,110,可预约,￥0.0,阴,23,24,2,0.0,77,39
2026-05-21 20:00:49,2026-05-22,5,健身中心,12:00-13:30,67,110,可预约,￥0.0,雾,22,23,2,0.0,89,39
2026-05-21 20:30:44,2026-05-22,5,健身中心,12:00-13:30,71,110,可预约,￥0.0,雾,22,24,2,0.0,93,43
2026-05-21 21:00:56,2026-05-22,5,健身中心,12:00-13:30,77,110,可预约,￥0.0,雾,20,21,2,0.0,98,43
2026-05-21 21:30:46,2026-05-22,5,健身中心,12:00-13:30,81,110,可预约,￥0.0,雾,20,22,1,0.0,99,41
2026-05-21 22:01:02,2026-05-22,5,健身中心,12:00-13:30,88,110,可预约,￥0.0,雾,19,20,2,0.0,93,41
2026-05-21 22:30:47,2026-05-22,5,健身中心,12:00-13:30,91,110,可预约,￥0.0,雾,19,19,3,0.0,88,46
2026-05-21 23:00:56,2026-05-22,5,健身中心,12:00-13:30,97,110,可预约,￥0.0,多云,18,17,3,0.0,85,46
2026-05-21 23:30:55,2026-05-22,5,健身中心,12:00-13:30,110,110,已售/已满,,多云,18,17,3,0.0,85,48
2026-05-21 07:59:26,2026-05-22,5,健身中心,14:00-15:30,80,110,可预约,教学时间 | ￥5.0,晴,17,12,5,0.0,86,29
2026-05-21 08:00:45,2026-05-22,5,健身中心,14:00-15:30,80,110,可预约,教学时间 | ￥5.0,晴,17,12,5,0.0,86,29
2026-05-21 08:02:30,2026-05-22,5,健身中心,14:00-15:30,80,110,可预约,教学时间 | ￥5.0,多云,17,12,5,0.0,87,29
2026-05-21 08:05:36,2026-05-22,5,健身中心,14:00-15:30,80,110,可预约,教学时间 | ￥5.0,多云,17,12,5,0.0,86,29
2026-05-21 08:08:31,2026-05-22,5,健身中心,14:00-15:30,80,110,可预约,教学时间 | ￥5.0,多云,17,12,5,0.0,86,29
2026-05-21 08:11:30,2026-05-22,5,健身中心,14:00-15:30,80,110,可预约,教学时间 | ￥5.0,多云,17,12,5,0.0,86,29
2026-05-21 08:14:31,2026-05-22,5,健身中心,14:00-15:30,80,110,可预约,教学时间 | ￥5.0,多云,17,12,5,0.0,86,29
2026-05-21 08:17:30,2026-05-22,5,健身中心,14:00-15:30,80,110,可预约,教学时间 | ￥5.0,多云,17,12,5,0.0,86,29
2026-05-21 08:20:35,2026-05-22,5,健身中心,14:00-15:30,80,110,可预约,教学时间 | ￥5.0,多云,17,14,4,0.0,85,29
2026-05-21 08:25:32,2026-05-22,5,健身中心,14:00-15:30,80,110,可预约,教学时间 | ￥5.0,多云,17,14,4,0.0,85,28
2026-05-21 08:30:42,2026-05-22,5,健身中心,14:00-15:30,80,110,可预约,教学时间 | ￥5.0,多云,18,15,4,0.0,84,28
2026-05-21 08:35:31,2026-05-22,5,健身中心,14:00-15:30,80,110,可预约,教学时间 | ￥5.0,多云,18,15,4,0.0,84,28
2026-05-21 08:40:38,2026-05-22,5,健身中心,14:00-15:30,80,110,可预约,教学时间 | ￥5.0,多云,18,15,4,0.0,82,28
2026-05-21 08:45:33,2026-05-22,5,健身中心,14:00-15:30,80,110,可预约,教学时间 | ￥5.0,多云,18,15,4,0.0,82,28
2026-05-21 08:50:36,2026-05-22,5,健身中心,14:00-15:30,80,110,可预约,教学时间 | ￥5.0,多云,18,15,4,0.0,82,28
2026-05-21 08:55:34,2026-05-22,5,健身中心,14:00-15:30,80,110,可预约,教学时间 | ￥5.0,多云,18,15,4,0.0,84,28
2026-05-21 09:00:51,2026-05-22,5,健身中心,14:00-15:30,80,110,可预约,教学时间 | ￥5.0,多云,18,15,4,0.0,84,28
2026-05-21 09:01:59,2026-05-22,5,健身中心,14:00-15:30,80,110,可预约,教学时间 | ￥5.0,多云,18,15,4,0.0,83,28
2026-05-21 09:05:33,2026-05-22,5,健身中心,14:00-15:30,80,110,可预约,教学时间 | ￥5.0,多云,18,15,4,0.0,83,28
2026-05-21 09:20:38,2026-05-22,5,健身中心,14:00-15:30,80,110,可预约,教学时间 | ￥5.0,多云,18,16,3,0.0,81,28
2026-05-21 09:30:46,2026-05-22,5,健身中心,14:00-15:30,80,110,可预约,教学时间 | ￥5.0,多云,18,16,3,0.0,81,32
2026-05-21 09:40:36,2026-05-22,5,健身中心,14:00-15:30,80,110,可预约,教学时间 | ￥5.0,多云,19,17,3,0.0,79,32
2026-05-21 09:50:42,2026-05-22,5,健身中心,14:00-15:30,80,110,可预约,教学时间 | ￥5.0,多云,19,17,4,0.0,81,32
2026-05-21 10:00:46,2026-05-22,5,健身中心,14:00-15:30,80,110,可预约,教学时间 | ￥5.0,多云,19,17,4,0.0,79,32
2026-05-21 10:10:40,2026-05-22,5,健身中心,14:00-15:30,80,110,可预约,教学时间 | ￥5.0,多云,19,17,4,0.0,79,32
2026-05-21 10:20:38,2026-05-22,5,健身中心,14:00-15:30,80,110,可预约,教学时间 | ￥5.0,多云,19,17,4,0.0,79,32
2026-05-21 10:30:41,2026-05-22,5,健身中心,14:00-15:30,80,110,可预约,教学时间 | ￥5.0,多云,19,18,3,0.0,78,31
2026-05-21 11:00:44,2026-05-22,5,健身中心,14:00-15:30,80,110,可预约,教学时间 | ￥5.0,多云,21,17,5,0.0,74,31
2026-05-21 11:30:38,2026-05-22,5,健身中心,14:00-15:30,80,110,可预约,教学时间 | ￥5.0,多云,21,19,3,0.0,72,33
2026-05-21 12:00:46,2026-05-22,5,健身中心,14:00-15:30,80,110,可预约,教学时间 | ￥5.0,多云,22,19,4,0.0,70,33
2026-05-21 12:30:42,2026-05-22,5,健身中心,14:00-15:30,80,110,可预约,教学时间 | ￥5.0,多云,22,21,3,0.0,68,35
2026-05-21 13:00:43,2026-05-22,5,健身中心,14:00-15:30,80,110,可预约,教学时间 | ￥5.0,多云,24,22,4,0.0,66,35
2026-05-21 13:30:43,2026-05-22,5,健身中心,14:00-15:30,80,110,可预约,教学时间 | ￥5.0,多云,24,22,4,0.0,66,36
2026-05-21 14:00:48,2026-05-22,5,健身中心,14:00-15:30,80,110,可预约,教学时间 | ￥5.0,多云,25,23,4,0.0,66,36
2026-05-21 14:30:45,2026-05-22,5,健身中心,14:00-15:30,80,110,可预约,教学时间 | ￥5.0,晴,25,25,3,0.0,65,39
2026-05-21 15:00:45,2026-05-22,5,健身中心,14:00-15:30,80,110,可预约,教学时间 | ￥5.0,晴,25,22,4,0.0,56,39
2026-05-21 15:30:43,2026-05-22,5,健身中心,14:00-15:30,80,110,可预约,教学时间 | ￥5.0,晴,25,23,4,0.0,57,40
2026-05-21 16:00:51,2026-05-22,5,健身中心,14:00-15:30,80,110,可预约,教学时间 | ￥5.0,晴,25,23,4,0.0,57,40
2026-05-21 16:30:48,2026-05-22,5,健身中心,14:00-15:30,80,110,可预约,教学时间 | ￥5.0,晴,25,24,3,0.0,60,39
2026-05-21 17:00:49,2026-05-22,5,健身中心,14:00-15:30,80,110,可预约,教学时间 | ￥5.0,晴,25,24,4,0.0,61,39
2026-05-21 17:30:47,2026-05-22,5,健身中心,14:00-15:30,80,110,可预约,教学时间 | ￥5.0,多云,24,23,3,0.0,64,39
2026-05-21 18:00:50,2026-05-22,5,健身中心,14:00-15:30,80,110,可预约,教学时间 | ￥5.0,多云,24,23,3,0.0,68,39
2026-05-21 18:30:50,2026-05-22,5,健身中心,14:00-15:30,80,110,可预约,教学时间 | ￥5.0,阴,24,25,2,0.0,68,40
2026-05-21 19:00:50,2026-05-22,5,健身中心,14:00-15:30,80,110,可预约,教学时间 | ￥5.0,阴,23,23,3,0.0,76,40
2026-05-21 19:30:46,2026-05-22,5,健身中心,14:00-15:30,80,110,可预约,教学时间 | ￥5.0,阴,23,24,2,0.0,77,39
2026-05-21 20:00:49,2026-05-22,5,健身中心,14:00-15:30,80,110,可预约,教学时间 | ￥5.0,雾,22,23,2,0.0,89,39
2026-05-21 20:30:44,2026-05-22,5,健身中心,14:00-15:30,80,110,可预约,教学时间 | ￥5.0,雾,22,24,2,0.0,93,43
2026-05-21 21:00:56,2026-05-22,5,健身中心,14:00-15:30,80,110,可预约,教学时间 | ￥5.0,雾,20,21,2,0.0,98,43
2026-05-21 21:30:46,2026-05-22,5,健身中心,14:00-15:30,80,110,可预约,教学时间 | ￥5.0,雾,20,22,1,0.0,99,41
2026-05-21 22:01:02,2026-05-22,5,健身中心,14:00-15:30,80,110,可预约,教学时间 | ￥5.0,雾,19,20,2,0.0,93,41
2026-05-21 22:30:47,2026-05-22,5,健身中心,14:00-15:30,80,110,可预约,教学时间 | ￥5.0,雾,19,19,3,0.0,88,46
2026-05-21 23:00:56,2026-05-22,5,健身中心,14:00-15:30,80,110,可预约,教学时间 | ￥5.0,多云,18,17,3,0.0,85,46
2026-05-21 23:30:55,2026-05-22,5,健身中心,14:00-15:30,82,110,可预约,教学时间 | ￥5.0,多云,18,17,3,0.0,85,48
2026-05-21 07:59:26,2026-05-22,5,健身中心,16:00-17:30,0,110,可预约,￥5.0,晴,17,12,5,0.0,86,29
2026-05-21 08:00:45,2026-05-22,5,健身中心,16:00-17:30,0,110,可预约,￥5.0,晴,17,12,5,0.0,86,29
2026-05-21 08:02:30,2026-05-22,5,健身中心,16:00-17:30,0,110,可预约,￥5.0,多云,17,12,5,0.0,87,29
2026-05-21 08:05:36,2026-05-22,5,健身中心,16:00-17:30,0,110,可预约,￥5.0,多云,17,12,5,0.0,86,29
2026-05-21 08:08:31,2026-05-22,5,健身中心,16:00-17:30,0,110,可预约,￥5.0,多云,17,12,5,0.0,86,29
2026-05-21 08:11:30,2026-05-22,5,健身中心,16:00-17:30,0,110,可预约,￥5.0,多云,17,12,5,0.0,86,29
2026-05-21 08:14:31,2026-05-22,5,健身中心,16:00-17:30,0,110,可预约,￥5.0,多云,17,12,5,0.0,86,29
2026-05-21 08:17:30,2026-05-22,5,健身中心,16:00-17:30,0,110,可预约,￥5.0,多云,17,12,5,0.0,86,29
2026-05-21 08:20:35,2026-05-22,5,健身中心,16:00-17:30,0,110,可预约,￥5.0,多云,17,14,4,0.0,85,29
2026-05-21 08:25:32,2026-05-22,5,健身中心,16:00-17:30,0,110,可预约,￥5.0,多云,17,14,4,0.0,85,28
2026-05-21 08:30:42,2026-05-22,5,健身中心,16:00-17:30,0,110,可预约,￥5.0,多云,18,15,4,0.0,84,28
2026-05-21 08:35:31,2026-05-22,5,健身中心,16:00-17:30,0,110,可预约,￥5.0,多云,18,15,4,0.0,84,28
2026-05-21 08:40:38,2026-05-22,5,健身中心,16:00-17:30,0,110,可预约,￥5.0,多云,18,15,4,0.0,82,28
2026-05-21 08:45:33,2026-05-22,5,健身中心,16:00-17:30,0,110,可预约,￥5.0,多云,18,15,4,0.0,82,28
2026-05-21 08:50:36,2026-05-22,5,健身中心,16:00-17:30,0,110,可预约,￥5.0,多云,18,15,4,0.0,82,28
2026-05-21 08:55:34,2026-05-22,5,健身中心,16:00-17:30,0,110,可预约,￥5.0,多云,18,15,4,0.0,84,28
2026-05-21 09:00:51,2026-05-22,5,健身中心,16:00-17:30,0,110,可预约,￥5.0,多云,18,15,4,0.0,84,28
2026-05-21 09:01:59,2026-05-22,5,健身中心,16:00-17:30,0,110,可预约,￥5.0,多云,18,15,4,0.0,83,28
2026-05-21 09:05:33,2026-05-22,5,健身中心,16:00-17:30,0,110,可预约,￥5.0,多云,18,15,4,0.0,83,28
2026-05-21 09:20:38,2026-05-22,5,健身中心,16:00-17:30,0,110,可预约,￥5.0,多云,18,16,3,0.0,81,28
2026-05-21 09:30:46,2026-05-22,5,健身中心,16:00-17:30,0,110,可预约,￥5.0,多云,18,16,3,0.0,81,32
2026-05-21 09:40:36,2026-05-22,5,健身中心,16:00-17:30,0,110,可预约,￥5.0,多云,19,17,3,0.0,79,32
2026-05-21 09:50:42,2026-05-22,5,健身中心,16:00-17:30,0,110,可预约,￥5.0,多云,19,17,4,0.0,81,32
2026-05-21 10:00:46,2026-05-22,5,健身中心,16:00-17:30,0,110,可预约,￥5.0,多云,19,17,4,0.0,79,32
2026-05-21 10:10:40,2026-05-22,5,健身中心,16:00-17:30,0,110,可预约,￥5.0,多云,19,17,4,0.0,79,32
2026-05-21 10:20:38,2026-05-22,5,健身中心,16:00-17:30,1,110,可预约,￥5.0,多云,19,17,4,0.0,79,32
2026-05-21 10:30:41,2026-05-22,5,健身中心,16:00-17:30,1,110,可预约,￥5.0,多云,19,18,3,0.0,78,31
2026-05-21 11:00:44,2026-05-22,5,健身中心,16:00-17:30,1,110,可预约,￥5.0,多云,21,17,5,0.0,74,31
2026-05-21 11:30:38,2026-05-22,5,健身中心,16:00-17:30,1,110,可预约,￥5.0,多云,21,19,3,0.0,72,33
2026-05-21 12:00:46,2026-05-22,5,健身中心,16:00-17:30,1,110,可预约,￥5.0,多云,22,19,4,0.0,70,33
2026-05-21 12:30:42,2026-05-22,5,健身中心,16:00-17:30,1,110,可预约,￥5.0,多云,22,21,3,0.0,68,35
2026-05-21 13:00:43,2026-05-22,5,健身中心,16:00-17:30,1,110,可预约,￥5.0,多云,24,22,4,0.0,66,35
2026-05-21 13:30:43,2026-05-22,5,健身中心,16:00-17:30,1,110,可预约,￥5.0,多云,24,22,4,0.0,66,36
2026-05-21 14:00:48,2026-05-22,5,健身中心,16:00-17:30,2,110,可预约,￥5.0,多云,25,23,4,0.0,66,36
2026-05-21 14:30:45,2026-05-22,5,健身中心,16:00-17:30,2,110,可预约,￥5.0,晴,25,25,3,0.0,65,39
2026-05-21 15:00:45,2026-05-22,5,健身中心,16:00-17:30,3,110,可预约,￥5.0,晴,25,22,4,0.0,56,39
2026-05-21 15:30:43,2026-05-22,5,健身中心,16:00-17:30,3,110,可预约,￥5.0,晴,25,23,4,0.0,57,40
2026-05-21 16:00:51,2026-05-22,5,健身中心,16:00-17:30,4,110,可预约,￥5.0,晴,25,23,4,0.0,57,40
2026-05-21 16:30:48,2026-05-22,5,健身中心,16:00-17:30,4,110,可预约,￥5.0,晴,25,24,3,0.0,60,39
2026-05-21 17:00:49,2026-05-22,5,健身中心,16:00-17:30,4,110,可预约,￥5.0,晴,25,24,4,0.0,61,39
2026-05-21 17:30:47,2026-05-22,5,健身中心,16:00-17:30,5,110,可预约,￥5.0,多云,24,23,3,0.0,64,39
2026-05-21 18:00:50,2026-05-22,5,健身中心,16:00-17:30,7,110,可预约,￥5.0,多云,24,23,3,0.0,68,39
2026-05-21 18:30:50,2026-05-22,5,健身中心,16:00-17:30,7,110,可预约,￥5.0,阴,24,25,2,0.0,68,40
2026-05-21 19:00:50,2026-05-22,5,健身中心,16:00-17:30,7,110,可预约,￥5.0,阴,23,23,3,0.0,76,40
2026-05-21 19:30:46,2026-05-22,5,健身中心,16:00-17:30,7,110,可预约,￥5.0,阴,23,24,2,0.0,77,39
2026-05-21 20:00:49,2026-05-22,5,健身中心,16:00-17:30,7,110,可预约,￥5.0,雾,22,23,2,0.0,89,39
2026-05-21 20:30:44,2026-05-22,5,健身中心,16:00-17:30,7,110,可预约,￥5.0,雾,22,24,2,0.0,93,43
2026-05-21 21:00:56,2026-05-22,5,健身中心,16:00-17:30,8,110,可预约,￥5.0,雾,20,21,2,0.0,98,43
2026-05-21 21:30:46,2026-05-22,5,健身中心,16:00-17:30,9,110,可预约,￥5.0,雾,20,22,1,0.0,99,41
2026-05-21 22:01:02,2026-05-22,5,健身中心,16:00-17:30,10,110,可预约,￥5.0,雾,19,20,2,0.0,93,41
2026-05-21 22:30:47,2026-05-22,5,健身中心,16:00-17:30,10,110,可预约,￥5.0,雾,19,19,3,0.0,88,46
2026-05-21 23:00:56,2026-05-22,5,健身中心,16:00-17:30,10,110,可预约,￥5.0,多云,18,17,3,0.0,85,46
2026-05-21 23:30:55,2026-05-22,5,健身中心,16:00-17:30,12,110,可预约,￥5.0,多云,18,17,3,0.0,85,48
2026-05-21 07:59:26,2026-05-22,5,健身中心,18:00-19:30,0,110,可预约,￥5.0,晴,17,12,5,0.0,86,29
2026-05-21 08:00:45,2026-05-22,5,健身中心,18:00-19:30,0,110,可预约,￥5.0,晴,17,12,5,0.0,86,29
2026-05-21 08:02:30,2026-05-22,5,健身中心,18:00-19:30,0,110,可预约,￥5.0,多云,17,12,5,0.0,87,29
2026-05-21 08:05:36,2026-05-22,5,健身中心,18:00-19:30,0,110,可预约,￥5.0,多云,17,12,5,0.0,86,29
2026-05-21 08:08:31,2026-05-22,5,健身中心,18:00-19:30,0,110,可预约,￥5.0,多云,17,12,5,0.0,86,29
2026-05-21 08:11:30,2026-05-22,5,健身中心,18:00-19:30,0,110,可预约,￥5.0,多云,17,12,5,0.0,86,29
2026-05-21 08:14:31,2026-05-22,5,健身中心,18:00-19:30,0,110,可预约,￥5.0,多云,17,12,5,0.0,86,29
2026-05-21 08:17:30,2026-05-22,5,健身中心,18:00-19:30,0,110,可预约,￥5.0,多云,17,12,5,0.0,86,29
2026-05-21 08:20:35,2026-05-22,5,健身中心,18:00-19:30,0,110,可预约,￥5.0,多云,17,14,4,0.0,85,29
2026-05-21 08:25:32,2026-05-22,5,健身中心,18:00-19:30,0,110,可预约,￥5.0,多云,17,14,4,0.0,85,28
2026-05-21 08:30:42,2026-05-22,5,健身中心,18:00-19:30,0,110,可预约,￥5.0,多云,18,15,4,0.0,84,28
2026-05-21 08:35:31,2026-05-22,5,健身中心,18:00-19:30,0,110,可预约,￥5.0,多云,18,15,4,0.0,84,28
2026-05-21 08:40:38,2026-05-22,5,健身中心,18:00-19:30,1,110,可预约,￥5.0,多云,18,15,4,0.0,82,28
2026-05-21 08:45:33,2026-05-22,5,健身中心,18:00-19:30,1,110,可预约,￥5.0,多云,18,15,4,0.0,82,28
2026-05-21 08:50:36,2026-05-22,5,健身中心,18:00-19:30,1,110,可预约,￥5.0,多云,18,15,4,0.0,82,28
2026-05-21 08:55:34,2026-05-22,5,健身中心,18:00-19:30,1,110,可预约,￥5.0,多云,18,15,4,0.0,84,28
2026-05-21 09:00:51,2026-05-22,5,健身中心,18:00-19:30,3,110,可预约,￥5.0,多云,18,15,4,0.0,84,28
2026-05-21 09:01:59,2026-05-22,5,健身中心,18:00-19:30,3,110,可预约,￥5.0,多云,18,15,4,0.0,83,28
2026-05-21 09:05:33,2026-05-22,5,健身中心,18:00-19:30,3,110,可预约,￥5.0,多云,18,15,4,0.0,83,28
2026-05-21 09:20:38,2026-05-22,5,健身中心,18:00-19:30,3,110,可预约,￥5.0,多云,18,16,3,0.0,81,28
2026-05-21 09:30:46,2026-05-22,5,健身中心,18:00-19:30,3,110,可预约,￥5.0,多云,18,16,3,0.0,81,32
2026-05-21 09:40:36,2026-05-22,5,健身中心,18:00-19:30,3,110,可预约,￥5.0,多云,19,17,3,0.0,79,32
2026-05-21 09:50:42,2026-05-22,5,健身中心,18:00-19:30,3,110,可预约,￥5.0,多云,19,17,4,0.0,81,32
2026-05-21 10:00:46,2026-05-22,5,健身中心,18:00-19:30,3,110,可预约,￥5.0,多云,19,17,4,0.0,79,32
2026-05-21 10:10:40,2026-05-22,5,健身中心,18:00-19:30,4,110,可预约,￥5.0,多云,19,17,4,0.0,79,32
2026-05-21 10:20:38,2026-05-22,5,健身中心,18:00-19:30,4,110,可预约,￥5.0,多云,19,17,4,0.0,79,32
2026-05-21 10:30:41,2026-05-22,5,健身中心,18:00-19:30,4,110,可预约,￥5.0,多云,19,18,3,0.0,78,31
2026-05-21 11:00:44,2026-05-22,5,健身中心,18:00-19:30,4,110,可预约,￥5.0,多云,21,17,5,0.0,74,31
2026-05-21 11:30:38,2026-05-22,5,健身中心,18:00-19:30,4,110,可预约,￥5.0,多云,21,19,3,0.0,72,33
2026-05-21 12:00:46,2026-05-22,5,健身中心,18:00-19:30,4,110,可预约,￥5.0,多云,22,19,4,0.0,70,33
2026-05-21 12:30:42,2026-05-22,5,健身中心,18:00-19:30,4,110,可预约,￥5.0,多云,22,21,3,0.0,68,35
2026-05-21 13:00:43,2026-05-22,5,健身中心,18:00-19:30,4,110,可预约,￥5.0,多云,24,22,4,0.0,66,35
2026-05-21 13:30:43,2026-05-22,5,健身中心,18:00-19:30,4,110,可预约,￥5.0,多云,24,22,4,0.0,66,36
2026-05-21 14:00:48,2026-05-22,5,健身中心,18:00-19:30,4,110,可预约,￥5.0,多云,25,23,4,0.0,66,36
2026-05-21 14:30:45,2026-05-22,5,健身中心,18:00-19:30,4,110,可预约,￥5.0,晴,25,25,3,0.0,65,39
2026-05-21 15:00:45,2026-05-22,5,健身中心,18:00-19:30,4,110,可预约,￥5.0,晴,25,22,4,0.0,56,39
2026-05-21 15:30:43,2026-05-22,5,健身中心,18:00-19:30,4,110,可预约,￥5.0,晴,25,23,4,0.0,57,40
2026-05-21 16:00:51,2026-05-22,5,健身中心,18:00-19:30,4,110,可预约,￥5.0,晴,25,23,4,0.0,57,40
2026-05-21 16:30:48,2026-05-22,5,健身中心,18:00-19:30,5,110,可预约,￥5.0,晴,25,24,3,0.0,60,39
2026-05-21 17:00:49,2026-05-22,5,健身中心,18:00-19:30,5,110,可预约,￥5.0,晴,25,24,4,0.0,61,39
2026-05-21 17:30:47,2026-05-22,5,健身中心,18:00-19:30,5,110,可预约,￥5.0,多云,24,23,3,0.0,64,39
2026-05-21 18:00:50,2026-05-22,5,健身中心,18:00-19:30,5,110,可预约,￥5.0,多云,24,23,3,0.0,68,39
2026-05-21 18:30:50,2026-05-22,5,健身中心,18:00-19:30,6,110,可预约,￥5.0,阴,24,25,2,0.0,68,40
2026-05-21 19:00:50,2026-05-22,5,健身中心,18:00-19:30,6,110,可预约,￥5.0,阴,23,23,3,0.0,76,40
2026-05-21 19:30:46,2026-05-22,5,健身中心,18:00-19:30,9,110,可预约,￥5.0,阴,23,24,2,0.0,77,39
2026-05-21 20:00:49,2026-05-22,5,健身中心,18:00-19:30,9,110,可预约,￥5.0,雾,22,23,2,0.0,89,39
2026-05-21 20:30:44,2026-05-22,5,健身中心,18:00-19:30,11,110,可预约,￥5.0,雾,22,24,2,0.0,93,43
2026-05-21 21:00:56,2026-05-22,5,健身中心,18:00-19:30,11,110,可预约,￥5.0,雾,20,21,2,0.0,98,43
2026-05-21 21:30:46,2026-05-22,5,健身中心,18:00-19:30,13,110,可预约,￥5.0,雾,20,22,1,0.0,99,41
2026-05-21 22:01:02,2026-05-22,5,健身中心,18:00-19:30,13,110,可预约,￥5.0,雾,19,20,2,0.0,93,41
2026-05-21 22:30:47,2026-05-22,5,健身中心,18:00-19:30,14,110,可预约,￥5.0,雾,19,19,3,0.0,88,46
2026-05-21 23:00:56,2026-05-22,5,健身中心,18:00-19:30,14,110,可预约,￥5.0,多云,18,17,3,0.0,85,46
2026-05-21 23:30:55,2026-05-22,5,健身中心,18:00-19:30,15,110,可预约,￥5.0,多云,18,17,3,0.0,85,48
2026-05-21 07:59:26,2026-05-22,5,健身中心,20:00-21:30,0,110,可预约,￥5.0,晴,17,12,5,0.0,86,29
2026-05-21 08:00:45,2026-05-22,5,健身中心,20:00-21:30,0,110,可预约,￥5.0,晴,17,12,5,0.0,86,29
2026-05-21 08:02:30,2026-05-22,5,健身中心,20:00-21:30,0,110,可预约,￥5.0,多云,17,12,5,0.0,87,29
2026-05-21 08:05:36,2026-05-22,5,健身中心,20:00-21:30,0,110,可预约,￥5.0,多云,17,12,5,0.0,86,29
2026-05-21 08:08:31,2026-05-22,5,健身中心,20:00-21:30,0,110,可预约,￥5.0,多云,17,12,5,0.0,86,29
2026-05-21 08:11:30,2026-05-22,5,健身中心,20:00-21:30,0,110,可预约,￥5.0,多云,17,12,5,0.0,86,29
2026-05-21 08:14:31,2026-05-22,5,健身中心,20:00-21:30,0,110,可预约,￥5.0,多云,17,12,5,0.0,86,29
2026-05-21 08:17:30,2026-05-22,5,健身中心,20:00-21:30,0,110,可预约,￥5.0,多云,17,12,5,0.0,86,29
2026-05-21 08:20:35,2026-05-22,5,健身中心,20:00-21:30,0,110,可预约,￥5.0,多云,17,14,4,0.0,85,29
2026-05-21 08:25:32,2026-05-22,5,健身中心,20:00-21:30,0,110,可预约,￥5.0,多云,17,14,4,0.0,85,28
2026-05-21 08:30:42,2026-05-22,5,健身中心,20:00-21:30,0,110,可预约,￥5.0,多云,18,15,4,0.0,84,28
2026-05-21 08:35:31,2026-05-22,5,健身中心,20:00-21:30,0,110,可预约,￥5.0,多云,18,15,4,0.0,84,28
2026-05-21 08:40:38,2026-05-22,5,健身中心,20:00-21:30,0,110,可预约,￥5.0,多云,18,15,4,0.0,82,28
2026-05-21 08:45:33,2026-05-22,5,健身中心,20:00-21:30,0,110,可预约,￥5.0,多云,18,15,4,0.0,82,28
2026-05-21 08:50:36,2026-05-22,5,健身中心,20:00-21:30,0,110,可预约,￥5.0,多云,18,15,4,0.0,82,28
2026-05-21 08:55:34,2026-05-22,5,健身中心,20:00-21:30,0,110,可预约,￥5.0,多云,18,15,4,0.0,84,28
2026-05-21 09:00:51,2026-05-22,5,健身中心,20:00-21:30,0,110,可预约,￥5.0,多云,18,15,4,0.0,84,28
2026-05-21 09:01:59,2026-05-22,5,健身中心,20:00-21:30,0,110,可预约,￥5.0,多云,18,15,4,0.0,83,28
2026-05-21 09:05:33,2026-05-22,5,健身中心,20:00-21:30,0,110,可预约,￥5.0,多云,18,15,4,0.0,83,28
2026-05-21 09:20:38,2026-05-22,5,健身中心,20:00-21:30,0,110,可预约,￥5.0,多云,18,16,3,0.0,81,28
2026-05-21 09:30:46,2026-05-22,5,健身中心,20:00-21:30,0,110,可预约,￥5.0,多云,18,16,3,0.0,81,32
2026-05-21 09:40:36,2026-05-22,5,健身中心,20:00-21:30,1,110,可预约,￥5.0,多云,19,17,3,0.0,79,32
2026-05-21 09:50:42,2026-05-22,5,健身中心,20:00-21:30,3,110,可预约,￥5.0,多云,19,17,4,0.0,81,32
2026-05-21 10:00:46,2026-05-22,5,健身中心,20:00-21:30,3,110,可预约,￥5.0,多云,19,17,4,0.0,79,32
2026-05-21 10:10:40,2026-05-22,5,健身中心,20:00-21:30,3,110,可预约,￥5.0,多云,19,17,4,0.0,79,32
2026-05-21 10:20:38,2026-05-22,5,健身中心,20:00-21:30,3,110,可预约,￥5.0,多云,19,17,4,0.0,79,32
2026-05-21 10:30:41,2026-05-22,5,健身中心,20:00-21:30,3,110,可预约,￥5.0,多云,19,18,3,0.0,78,31
2026-05-21 11:00:44,2026-05-22,5,健身中心,20:00-21:30,3,110,可预约,￥5.0,多云,21,17,5,0.0,74,31
2026-05-21 11:30:38,2026-05-22,5,健身中心,20:00-21:30,3,110,可预约,￥5.0,多云,21,19,3,0.0,72,33
2026-05-21 12:00:46,2026-05-22,5,健身中心,20:00-21:30,3,110,可预约,￥5.0,多云,22,19,4,0.0,70,33
2026-05-21 12:30:42,2026-05-22,5,健身中心,20:00-21:30,3,110,可预约,￥5.0,多云,22,21,3,0.0,68,35
2026-05-21 13:00:43,2026-05-22,5,健身中心,20:00-21:30,3,110,可预约,￥5.0,多云,24,22,4,0.0,66,35
2026-05-21 13:30:43,2026-05-22,5,健身中心,20:00-21:30,3,110,可预约,￥5.0,多云,24,22,4,0.0,66,36
2026-05-21 14:00:48,2026-05-22,5,健身中心,20:00-21:30,3,110,可预约,￥5.0,多云,25,23,4,0.0,66,36
2026-05-21 14:30:45,2026-05-22,5,健身中心,20:00-21:30,3,110,可预约,￥5.0,晴,25,25,3,0.0,65,39
2026-05-21 15:00:45,2026-05-22,5,健身中心,20:00-21:30,3,110,可预约,￥5.0,晴,25,22,4,0.0,56,39
2026-05-21 15:30:43,2026-05-22,5,健身中心,20:00-21:30,3,110,可预约,￥5.0,晴,25,23,4,0.0,57,40
2026-05-21 16:00:51,2026-05-22,5,健身中心,20:00-21:30,3,110,可预约,￥5.0,晴,25,23,4,0.0,57,40
2026-05-21 16:30:48,2026-05-22,5,健身中心,20:00-21:30,3,110,可预约,￥5.0,晴,25,24,3,0.0,60,39
2026-05-21 17:00:49,2026-05-22,5,健身中心,20:00-21:30,3,110,可预约,￥5.0,晴,25,24,4,0.0,61,39
2026-05-21 17:30:47,2026-05-22,5,健身中心,20:00-21:30,3,110,可预约,￥5.0,多云,24,23,3,0.0,64,39
2026-05-21 18:00:50,2026-05-22,5,健身中心,20:00-21:30,3,110,可预约,￥5.0,多云,24,23,3,0.0,68,39
2026-05-21 18:30:50,2026-05-22,5,健身中心,20:00-21:30,3,110,可预约,￥5.0,阴,24,25,2,0.0,68,40
2026-05-21 19:00:50,2026-05-22,5,健身中心,20:00-21:30,3,110,可预约,￥5.0,阴,23,23,3,0.0,76,40
2026-05-21 19:30:46,2026-05-22,5,健身中心,20:00-21:30,4,110,可预约,￥5.0,阴,23,24,2,0.0,77,39
2026-05-21 20:00:49,2026-05-22,5,健身中心,20:00-21:30,4,110,可预约,￥5.0,雾,22,23,2,0.0,89,39
2026-05-21 20:30:44,2026-05-22,5,健身中心,20:00-21:30,4,110,可预约,￥5.0,雾,22,24,2,0.0,93,43
2026-05-21 21:00:56,2026-05-22,5,健身中心,20:00-21:30,5,110,可预约,￥5.0,雾,20,21,2,0.0,98,43
2026-05-21 21:30:46,2026-05-22,5,健身中心,20:00-21:30,5,110,可预约,￥5.0,雾,20,22,1,0.0,99,41
2026-05-21 22:01:02,2026-05-22,5,健身中心,20:00-21:30,5,110,可预约,￥5.0,雾,19,20,2,0.0,93,41
2026-05-21 22:30:47,2026-05-22,5,健身中心,20:00-21:30,6,110,可预约,￥5.0,雾,19,19,3,0.0,88,46
2026-05-21 23:00:56,2026-05-22,5,健身中心,20:00-21:30,8,110,可预约,￥5.0,多云,18,17,3,0.0,85,46
2026-05-21 23:30:55,2026-05-22,5,健身中心,20:00-21:30,8,110,可预约,￥5.0,多云,18,17,3,0.0,85,48
2026-05-21 07:59:26,2026-05-22,6,篮球场-东场地北半场,09:00-10:00,0,1,可预约,￥50.0,晴,17,12,5,0.0,86,29
2026-05-21 08:00:45,2026-05-22,6,篮球场-东场地北半场,09:00-10:00,0,1,可预约,￥50.0,晴,17,12,5,0.0,86,29
2026-05-21 08:02:30,2026-05-22,6,篮球场-东场地北半场,09:00-10:00,0,1,可预约,￥50.0,多云,17,12,5,0.0,87,29
2026-05-21 08:05:36,2026-05-22,6,篮球场-东场地北半场,09:00-10:00,0,1,可预约,￥50.0,多云,17,12,5,0.0,86,29
2026-05-21 08:08:31,2026-05-22,6,篮球场-东场地北半场,09:00-10:00,0,1,可预约,￥50.0,多云,17,12,5,0.0,86,29
2026-05-21 08:11:30,2026-05-22,6,篮球场-东场地北半场,09:00-10:00,0,1,可预约,￥50.0,多云,17,12,5,0.0,86,29
2026-05-21 08:14:31,2026-05-22,6,篮球场-东场地北半场,09:00-10:00,0,1,可预约,￥50.0,多云,17,12,5,0.0,86,29
2026-05-21 08:17:30,2026-05-22,6,篮球场-东场地北半场,09:00-10:00,0,1,可预约,￥50.0,多云,17,12,5,0.0,86,29
2026-05-21 08:20:35,2026-05-22,6,篮球场-东场地北半场,09:00-10:00,0,1,可预约,￥50.0,多云,17,14,4,0.0,85,29
2026-05-21 08:25:32,2026-05-22,6,篮球场-东场地北半场,09:00-10:00,0,1,可预约,￥50.0,多云,17,14,4,0.0,85,28
2026-05-21 08:30:42,2026-05-22,6,篮球场-东场地北半场,09:00-10:00,0,1,可预约,￥50.0,多云,18,15,4,0.0,84,28
2026-05-21 08:35:31,2026-05-22,6,篮球场-东场地北半场,09:00-10:00,0,1,可预约,￥50.0,多云,18,15,4,0.0,84,28
2026-05-21 08:40:38,2026-05-22,6,篮球场-东场地北半场,09:00-10:00,0,1,可预约,￥50.0,多云,18,15,4,0.0,82,28
2026-05-21 08:45:33,2026-05-22,6,篮球场-东场地北半场,09:00-10:00,0,1,可预约,￥50.0,多云,18,15,4,0.0,82,28
2026-05-21 08:50:36,2026-05-22,6,篮球场-东场地北半场,09:00-10:00,0,1,可预约,￥50.0,多云,18,15,4,0.0,82,28
2026-05-21 08:55:34,2026-05-22,6,篮球场-东场地北半场,09:00-10:00,0,1,可预约,￥50.0,多云,18,15,4,0.0,84,28
2026-05-21 09:00:51,2026-05-22,6,篮球场-东场地北半场,09:00-10:00,0,1,可预约,￥50.0,多云,18,15,4,0.0,84,28
2026-05-21 09:01:59,2026-05-22,6,篮球场-东场地北半场,09:00-10:00,0,1,可预约,￥50.0,多云,18,15,4,0.0,83,28
2026-05-21 09:05:33,2026-05-22,6,篮球场-东场地北半场,09:00-10:00,0,1,可预约,￥50.0,多云,18,15,4,0.0,83,28
2026-05-21 09:20:38,2026-05-22,6,篮球场-东场地北半场,09:00-10:00,0,1,可预约,￥50.0,多云,18,16,3,0.0,81,28
2026-05-21 09:30:46,2026-05-22,6,篮球场-东场地北半场,09:00-10:00,0,1,可预约,￥50.0,多云,18,16,3,0.0,81,32
2026-05-21 09:40:36,2026-05-22,6,篮球场-东场地北半场,09:00-10:00,0,1,可预约,￥50.0,多云,19,17,3,0.0,79,32
2026-05-21 09:50:42,2026-05-22,6,篮球场-东场地北半场,09:00-10:00,0,1,可预约,￥50.0,多云,19,17,4,0.0,81,32
2026-05-21 10:00:46,2026-05-22,6,篮球场-东场地北半场,09:00-10:00,0,1,可预约,￥50.0,多云,19,17,4,0.0,79,32
2026-05-21 10:10:40,2026-05-22,6,篮球场-东场地北半场,09:00-10:00,0,1,可预约,￥50.0,多云,19,17,4,0.0,79,32
2026-05-21 10:20:38,2026-05-22,6,篮球场-东场地北半场,09:00-10:00,0,1,可预约,￥50.0,多云,19,17,4,0.0,79,32
2026-05-21 10:30:41,2026-05-22,6,篮球场-东场地北半场,09:00-10:00,0,1,可预约,￥50.0,多云,19,18,3,0.0,78,31
2026-05-21 11:00:44,2026-05-22,6,篮球场-东场地北半场,09:00-10:00,0,1,可预约,￥50.0,多云,21,17,5,0.0,74,31
2026-05-21 11:30:38,2026-05-22,6,篮球场-东场地北半场,09:00-10:00,0,1,可预约,￥50.0,多云,21,19,3,0.0,72,33
2026-05-21 12:00:46,2026-05-22,6,篮球场-东场地北半场,09:00-10:00,0,1,可预约,￥50.0,多云,22,19,4,0.0,70,33
2026-05-21 12:30:42,2026-05-22,6,篮球场-东场地北半场,09:00-10:00,0,1,可预约,￥50.0,多云,22,21,3,0.0,68,35
2026-05-21 13:00:43,2026-05-22,6,篮球场-东场地北半场,09:00-10:00,0,1,可预约,￥50.0,多云,24,22,4,0.0,66,35
2026-05-21 13:30:43,2026-05-22,6,篮球场-东场地北半场,09:00-10:00,0,1,可预约,￥50.0,多云,24,22,4,0.0,66,36
2026-05-21 14:00:48,2026-05-22,6,篮球场-东场地北半场,09:00-10:00,0,1,可预约,￥50.0,多云,25,23,4,0.0,66,36
2026-05-21 14:30:45,2026-05-22,6,篮球场-东场地北半场,09:00-10:00,0,1,可预约,￥50.0,晴,25,25,3,0.0,65,39
2026-05-21 15:00:45,2026-05-22,6,篮球场-东场地北半场,09:00-10:00,0,1,可预约,￥50.0,晴,25,22,4,0.0,56,39
2026-05-21 15:30:43,2026-05-22,6,篮球场-东场地北半场,09:00-10:00,0,1,可预约,￥50.0,晴,25,23,4,0.0,57,40
2026-05-21 16:00:51,2026-05-22,6,篮球场-东场地北半场,09:00-10:00,0,1,可预约,￥50.0,晴,25,23,4,0.0,57,40
2026-05-21 16:30:48,2026-05-22,6,篮球场-东场地北半场,09:00-10:00,0,1,可预约,￥50.0,晴,25,24,3,0.0,60,39
2026-05-21 17:00:49,2026-05-22,6,篮球场-东场地北半场,09:00-10:00,0,1,可预约,￥50.0,晴,25,24,4,0.0,61,39
2026-05-21 17:30:47,2026-05-22,6,篮球场-东场地北半场,09:00-10:00,0,1,可预约,￥50.0,多云,24,23,3,0.0,64,39
2026-05-21 18:00:50,2026-05-22,6,篮球场-东场地北半场,09:00-10:00,0,1,可预约,￥50.0,多云,24,23,3,0.0,68,39
2026-05-21 18:30:50,2026-05-22,6,篮球场-东场地北半场,09:00-10:00,0,1,可预约,￥50.0,阴,24,25,2,0.0,68,40
2026-05-21 19:00:50,2026-05-22,6,篮球场-东场地北半场,09:00-10:00,0,1,可预约,￥50.0,阴,23,23,3,0.0,76,40
2026-05-21 19:30:46,2026-05-22,6,篮球场-东场地北半场,09:00-10:00,0,1,可预约,￥50.0,阴,23,24,2,0.0,77,39
2026-05-21 20:00:49,2026-05-22,6,篮球场-东场地北半场,09:00-10:00,0,1,可预约,￥50.0,雾,22,23,2,0.0,89,39
2026-05-21 20:30:44,2026-05-22,6,篮球场-东场地北半场,09:00-10:00,0,1,可预约,￥50.0,雾,22,24,2,0.0,93,43
2026-05-21 21:00:56,2026-05-22,6,篮球场-东场地北半场,09:00-10:00,0,1,可预约,￥50.0,雾,20,21,2,0.0,98,43
2026-05-21 21:30:46,2026-05-22,6,篮球场-东场地北半场,09:00-10:00,0,1,可预约,￥50.0,雾,20,22,1,0.0,99,41
2026-05-21 22:01:02,2026-05-22,6,篮球场-东场地北半场,09:00-10:00,0,1,可预约,￥50.0,雾,19,20,2,0.0,93,41
2026-05-21 22:30:47,2026-05-22,6,篮球场-东场地北半场,09:00-10:00,0,1,可预约,￥50.0,雾,19,19,3,0.0,88,46
2026-05-21 23:00:56,2026-05-22,6,篮球场-东场地北半场,09:00-10:00,0,1,可预约,￥50.0,多云,18,17,3,0.0,85,46
2026-05-21 23:30:55,2026-05-22,6,篮球场-东场地北半场,09:00-10:00,0,1,可预约,￥50.0,多云,18,17,3,0.0,85,48
2026-05-21 07:59:26,2026-05-22,6,篮球场-东场地北半场,10:30-11:30,1,1,已售/已满,教学时间,晴,17,12,5,0.0,86,29
2026-05-21 08:00:45,2026-05-22,6,篮球场-东场地北半场,10:30-11:30,1,1,已售/已满,教学时间,晴,17,12,5,0.0,86,29
2026-05-21 08:02:30,2026-05-22,6,篮球场-东场地北半场,10:30-11:30,1,1,已售/已满,教学时间,多云,17,12,5,0.0,87,29
2026-05-21 08:05:36,2026-05-22,6,篮球场-东场地北半场,10:30-11:30,1,1,已售/已满,教学时间,多云,17,12,5,0.0,86,29
2026-05-21 08:08:31,2026-05-22,6,篮球场-东场地北半场,10:30-11:30,1,1,已售/已满,教学时间,多云,17,12,5,0.0,86,29
2026-05-21 08:11:30,2026-05-22,6,篮球场-东场地北半场,10:30-11:30,1,1,已售/已满,教学时间,多云,17,12,5,0.0,86,29
2026-05-21 08:14:31,2026-05-22,6,篮球场-东场地北半场,10:30-11:30,1,1,已售/已满,教学时间,多云,17,12,5,0.0,86,29
2026-05-21 08:17:30,2026-05-22,6,篮球场-东场地北半场,10:30-11:30,1,1,已售/已满,教学时间,多云,17,12,5,0.0,86,29
2026-05-21 08:20:35,2026-05-22,6,篮球场-东场地北半场,10:30-11:30,1,1,已售/已满,教学时间,多云,17,14,4,0.0,85,29
2026-05-21 08:25:32,2026-05-22,6,篮球场-东场地北半场,10:30-11:30,1,1,已售/已满,教学时间,多云,17,14,4,0.0,85,28
2026-05-21 08:30:42,2026-05-22,6,篮球场-东场地北半场,10:30-11:30,1,1,已售/已满,教学时间,多云,18,15,4,0.0,84,28
2026-05-21 08:35:31,2026-05-22,6,篮球场-东场地北半场,10:30-11:30,1,1,已售/已满,教学时间,多云,18,15,4,0.0,84,28
2026-05-21 08:40:38,2026-05-22,6,篮球场-东场地北半场,10:30-11:30,1,1,已售/已满,教学时间,多云,18,15,4,0.0,82,28
2026-05-21 08:45:33,2026-05-22,6,篮球场-东场地北半场,10:30-11:30,1,1,已售/已满,教学时间,多云,18,15,4,0.0,82,28
2026-05-21 08:50:36,2026-05-22,6,篮球场-东场地北半场,10:30-11:30,1,1,已售/已满,教学时间,多云,18,15,4,0.0,82,28
2026-05-21 08:55:34,2026-05-22,6,篮球场-东场地北半场,10:30-11:30,1,1,已售/已满,教学时间,多云,18,15,4,0.0,84,28
2026-05-21 09:00:51,2026-05-22,6,篮球场-东场地北半场,10:30-11:30,1,1,已售/已满,教学时间,多云,18,15,4,0.0,84,28
2026-05-21 09:01:59,2026-05-22,6,篮球场-东场地北半场,10:30-11:30,1,1,已售/已满,教学时间,多云,18,15,4,0.0,83,28
2026-05-21 09:05:33,2026-05-22,6,篮球场-东场地北半场,10:30-11:30,1,1,已售/已满,教学时间,多云,18,15,4,0.0,83,28
2026-05-21 09:20:38,2026-05-22,6,篮球场-东场地北半场,10:30-11:30,1,1,已售/已满,教学时间,多云,18,16,3,0.0,81,28
2026-05-21 09:30:46,2026-05-22,6,篮球场-东场地北半场,10:30-11:30,1,1,已售/已满,教学时间,多云,18,16,3,0.0,81,32
2026-05-21 09:40:36,2026-05-22,6,篮球场-东场地北半场,10:30-11:30,1,1,已售/已满,教学时间,多云,19,17,3,0.0,79,32
2026-05-21 09:50:42,2026-05-22,6,篮球场-东场地北半场,10:30-11:30,1,1,已售/已满,教学时间,多云,19,17,4,0.0,81,32
2026-05-21 10:00:46,2026-05-22,6,篮球场-东场地北半场,10:30-11:30,1,1,已售/已满,教学时间,多云,19,17,4,0.0,79,32
2026-05-21 10:10:40,2026-05-22,6,篮球场-东场地北半场,10:30-11:30,1,1,已售/已满,教学时间,多云,19,17,4,0.0,79,32
2026-05-21 10:20:38,2026-05-22,6,篮球场-东场地北半场,10:30-11:30,1,1,已售/已满,教学时间,多云,19,17,4,0.0,79,32
2026-05-21 10:30:41,2026-05-22,6,篮球场-东场地北半场,10:30-11:30,1,1,已售/已满,教学时间,多云,19,18,3,0.0,78,31
2026-05-21 11:00:44,2026-05-22,6,篮球场-东场地北半场,10:30-11:30,1,1,已售/已满,教学时间,多云,21,17,5,0.0,74,31
2026-05-21 11:30:38,2026-05-22,6,篮球场-东场地北半场,10:30-11:30,1,1,已售/已满,教学时间,多云,21,19,3,0.0,72,33
2026-05-21 12:00:46,2026-05-22,6,篮球场-东场地北半场,10:30-11:30,1,1,已售/已满,教学时间,多云,22,19,4,0.0,70,33
2026-05-21 12:30:42,2026-05-22,6,篮球场-东场地北半场,10:30-11:30,1,1,已售/已满,教学时间,多云,22,21,3,0.0,68,35
2026-05-21 13:00:43,2026-05-22,6,篮球场-东场地北半场,10:30-11:30,1,1,已售/已满,教学时间,多云,24,22,4,0.0,66,35
2026-05-21 13:30:43,2026-05-22,6,篮球场-东场地北半场,10:30-11:30,1,1,已售/已满,教学时间,多云,24,22,4,0.0,66,36
2026-05-21 14:00:48,2026-05-22,6,篮球场-东场地北半场,10:30-11:30,1,1,已售/已满,教学时间,多云,25,23,4,0.0,66,36
2026-05-21 14:30:45,2026-05-22,6,篮球场-东场地北半场,10:30-11:30,1,1,已售/已满,教学时间,晴,25,25,3,0.0,65,39
2026-05-21 15:00:45,2026-05-22,6,篮球场-东场地北半场,10:30-11:30,1,1,已售/已满,教学时间,晴,25,22,4,0.0,56,39
2026-05-21 15:30:43,2026-05-22,6,篮球场-东场地北半场,10:30-11:30,1,1,已售/已满,教学时间,晴,25,23,4,0.0,57,40
2026-05-21 16:00:51,2026-05-22,6,篮球场-东场地北半场,10:30-11:30,1,1,已售/已满,教学时间,晴,25,23,4,0.0,57,40
2026-05-21 16:30:48,2026-05-22,6,篮球场-东场地北半场,10:30-11:30,1,1,已售/已满,教学时间,晴,25,24,3,0.0,60,39
2026-05-21 17:00:49,2026-05-22,6,篮球场-东场地北半场,10:30-11:30,1,1,已售/已满,教学时间,晴,25,24,4,0.0,61,39
2026-05-21 17:30:47,2026-05-22,6,篮球场-东场地北半场,10:30-11:30,1,1,已售/已满,教学时间,多云,24,23,3,0.0,64,39
2026-05-21 18:00:50,2026-05-22,6,篮球场-东场地北半场,10:30-11:30,1,1,已售/已满,教学时间,多云,24,23,3,0.0,68,39
2026-05-21 18:30:50,2026-05-22,6,篮球场-东场地北半场,10:30-11:30,1,1,已售/已满,教学时间,阴,24,25,2,0.0,68,40
2026-05-21 19:00:50,2026-05-22,6,篮球场-东场地北半场,10:30-11:30,1,1,已售/已满,教学时间,阴,23,23,3,0.0,76,40
2026-05-21 19:30:46,2026-05-22,6,篮球场-东场地北半场,10:30-11:30,1,1,已售/已满,教学时间,阴,23,24,2,0.0,77,39
2026-05-21 20:00:49,2026-05-22,6,篮球场-东场地北半场,10:30-11:30,1,1,已售/已满,教学时间,雾,22,23,2,0.0,89,39
2026-05-21 20:30:44,2026-05-22,6,篮球场-东场地北半场,10:30-11:30,1,1,已售/已满,教学时间,雾,22,24,2,0.0,93,43
2026-05-21 21:00:56,2026-05-22,6,篮球场-东场地北半场,10:30-11:30,1,1,已售/已满,教学时间,雾,20,21,2,0.0,98,43
2026-05-21 21:30:46,2026-05-22,6,篮球场-东场地北半场,10:30-11:30,1,1,已售/已满,教学时间,雾,20,22,1,0.0,99,41
2026-05-21 22:01:02,2026-05-22,6,篮球场-东场地北半场,10:30-11:30,1,1,已售/已满,教学时间,雾,19,20,2,0.0,93,41
2026-05-21 22:30:47,2026-05-22,6,篮球场-东场地北半场,10:30-11:30,1,1,已售/已满,教学时间,雾,19,19,3,0.0,88,46
2026-05-21 23:00:56,2026-05-22,6,篮球场-东场地北半场,10:30-11:30,1,1,已售/已满,教学时间,多云,18,17,3,0.0,85,46
2026-05-21 23:30:55,2026-05-22,6,篮球场-东场地北半场,10:30-11:30,1,1,已售/已满,教学时间,多云,18,17,3,0.0,85,48
2026-05-21 07:59:26,2026-05-22,6,篮球场-东场地北半场,14:00-15:00,1,1,已售/已满,教学时间,晴,17,12,5,0.0,86,29
2026-05-21 08:00:45,2026-05-22,6,篮球场-东场地北半场,14:00-15:00,1,1,已售/已满,教学时间,晴,17,12,5,0.0,86,29
2026-05-21 08:02:30,2026-05-22,6,篮球场-东场地北半场,14:00-15:00,1,1,已售/已满,教学时间,多云,17,12,5,0.0,87,29
2026-05-21 08:05:36,2026-05-22,6,篮球场-东场地北半场,14:00-15:00,1,1,已售/已满,教学时间,多云,17,12,5,0.0,86,29
2026-05-21 08:08:31,2026-05-22,6,篮球场-东场地北半场,14:00-15:00,1,1,已售/已满,教学时间,多云,17,12,5,0.0,86,29
2026-05-21 08:11:30,2026-05-22,6,篮球场-东场地北半场,14:00-15:00,1,1,已售/已满,教学时间,多云,17,12,5,0.0,86,29
2026-05-21 08:14:31,2026-05-22,6,篮球场-东场地北半场,14:00-15:00,1,1,已售/已满,教学时间,多云,17,12,5,0.0,86,29
2026-05-21 08:17:30,2026-05-22,6,篮球场-东场地北半场,14:00-15:00,1,1,已售/已满,教学时间,多云,17,12,5,0.0,86,29
2026-05-21 08:20:35,2026-05-22,6,篮球场-东场地北半场,14:00-15:00,1,1,已售/已满,教学时间,多云,17,14,4,0.0,85,29
2026-05-21 08:25:32,2026-05-22,6,篮球场-东场地北半场,14:00-15:00,1,1,已售/已满,教学时间,多云,17,14,4,0.0,85,28
2026-05-21 08:30:42,2026-05-22,6,篮球场-东场地北半场,14:00-15:00,1,1,已售/已满,教学时间,多云,18,15,4,0.0,84,28
2026-05-21 08:35:31,2026-05-22,6,篮球场-东场地北半场,14:00-15:00,1,1,已售/已满,教学时间,多云,18,15,4,0.0,84,28
2026-05-21 08:40:38,2026-05-22,6,篮球场-东场地北半场,14:00-15:00,1,1,已售/已满,教学时间,多云,18,15,4,0.0,82,28
2026-05-21 08:45:33,2026-05-22,6,篮球场-东场地北半场,14:00-15:00,1,1,已售/已满,教学时间,多云,18,15,4,0.0,82,28
2026-05-21 08:50:36,2026-05-22,6,篮球场-东场地北半场,14:00-15:00,1,1,已售/已满,教学时间,多云,18,15,4,0.0,82,28
2026-05-21 08:55:34,2026-05-22,6,篮球场-东场地北半场,14:00-15:00,1,1,已售/已满,教学时间,多云,18,15,4,0.0,84,28
2026-05-21 09:00:51,2026-05-22,6,篮球场-东场地北半场,14:00-15:00,1,1,已售/已满,教学时间,多云,18,15,4,0.0,84,28
2026-05-21 09:01:59,2026-05-22,6,篮球场-东场地北半场,14:00-15:00,1,1,已售/已满,教学时间,多云,18,15,4,0.0,83,28
2026-05-21 09:05:33,2026-05-22,6,篮球场-东场地北半场,14:00-15:00,1,1,已售/已满,教学时间,多云,18,15,4,0.0,83,28
2026-05-21 09:20:38,2026-05-22,6,篮球场-东场地北半场,14:00-15:00,1,1,已售/已满,教学时间,多云,18,16,3,0.0,81,28
2026-05-21 09:30:46,2026-05-22,6,篮球场-东场地北半场,14:00-15:00,1,1,已售/已满,教学时间,多云,18,16,3,0.0,81,32
2026-05-21 09:40:36,2026-05-22,6,篮球场-东场地北半场,14:00-15:00,1,1,已售/已满,教学时间,多云,19,17,3,0.0,79,32
2026-05-21 09:50:42,2026-05-22,6,篮球场-东场地北半场,14:00-15:00,1,1,已售/已满,教学时间,多云,19,17,4,0.0,81,32
2026-05-21 10:00:46,2026-05-22,6,篮球场-东场地北半场,14:00-15:00,1,1,已售/已满,教学时间,多云,19,17,4,0.0,79,32
2026-05-21 10:10:40,2026-05-22,6,篮球场-东场地北半场,14:00-15:00,1,1,已售/已满,教学时间,多云,19,17,4,0.0,79,32
2026-05-21 10:20:38,2026-05-22,6,篮球场-东场地北半场,14:00-15:00,1,1,已售/已满,教学时间,多云,19,17,4,0.0,79,32
2026-05-21 10:30:41,2026-05-22,6,篮球场-东场地北半场,14:00-15:00,1,1,已售/已满,教学时间,多云,19,18,3,0.0,78,31
2026-05-21 11:00:44,2026-05-22,6,篮球场-东场地北半场,14:00-15:00,1,1,已售/已满,教学时间,多云,21,17,5,0.0,74,31
2026-05-21 11:30:38,2026-05-22,6,篮球场-东场地北半场,14:00-15:00,1,1,已售/已满,教学时间,多云,21,19,3,0.0,72,33
2026-05-21 12:00:46,2026-05-22,6,篮球场-东场地北半场,14:00-15:00,1,1,已售/已满,教学时间,多云,22,19,4,0.0,70,33
2026-05-21 12:30:42,2026-05-22,6,篮球场-东场地北半场,14:00-15:00,1,1,已售/已满,教学时间,多云,22,21,3,0.0,68,35
2026-05-21 13:00:43,2026-05-22,6,篮球场-东场地北半场,14:00-15:00,1,1,已售/已满,教学时间,多云,24,22,4,0.0,66,35
2026-05-21 13:30:43,2026-05-22,6,篮球场-东场地北半场,14:00-15:00,1,1,已售/已满,教学时间,多云,24,22,4,0.0,66,36
2026-05-21 14:00:48,2026-05-22,6,篮球场-东场地北半场,14:00-15:00,1,1,已售/已满,教学时间,多云,25,23,4,0.0,66,36
2026-05-21 14:30:45,2026-05-22,6,篮球场-东场地北半场,14:00-15:00,1,1,已售/已满,教学时间,晴,25,25,3,0.0,65,39
2026-05-21 15:00:45,2026-05-22,6,篮球场-东场地北半场,14:00-15:00,1,1,已售/已满,教学时间,晴,25,22,4,0.0,56,39
2026-05-21 15:30:43,2026-05-22,6,篮球场-东场地北半场,14:00-15:00,1,1,已售/已满,教学时间,晴,25,23,4,0.0,57,40
2026-05-21 16:00:51,2026-05-22,6,篮球场-东场地北半场,14:00-15:00,1,1,已售/已满,教学时间,晴,25,23,4,0.0,57,40
2026-05-21 16:30:48,2026-05-22,6,篮球场-东场地北半场,14:00-15:00,1,1,已售/已满,教学时间,晴,25,24,3,0.0,60,39
2026-05-21 17:00:49,2026-05-22,6,篮球场-东场地北半场,14:00-15:00,1,1,已售/已满,教学时间,晴,25,24,4,0.0,61,39
2026-05-21 17:30:47,2026-05-22,6,篮球场-东场地北半场,14:00-15:00,1,1,已售/已满,教学时间,多云,24,23,3,0.0,64,39
2026-05-21 18:00:50,2026-05-22,6,篮球场-东场地北半场,14:00-15:00,1,1,已售/已满,教学时间,多云,24,23,3,0.0,68,39
2026-05-21 18:30:50,2026-05-22,6,篮球场-东场地北半场,14:00-15:00,1,1,已售/已满,教学时间,阴,24,25,2,0.0,68,40
2026-05-21 19:00:50,2026-05-22,6,篮球场-东场地北半场,14:00-15:00,1,1,已售/已满,教学时间,阴,23,23,3,0.0,76,40
2026-05-21 19:30:46,2026-05-22,6,篮球场-东场地北半场,14:00-15:00,1,1,已售/已满,教学时间,阴,23,24,2,0.0,77,39
2026-05-21 20:00:49,2026-05-22,6,篮球场-东场地北半场,14:00-15:00,1,1,已售/已满,教学时间,雾,22,23,2,0.0,89,39
2026-05-21 20:30:44,2026-05-22,6,篮球场-东场地北半场,14:00-15:00,1,1,已售/已满,教学时间,雾,22,24,2,0.0,93,43
2026-05-21 21:00:56,2026-05-22,6,篮球场-东场地北半场,14:00-15:00,1,1,已售/已满,教学时间,雾,20,21,2,0.0,98,43
2026-05-21 21:30:46,2026-05-22,6,篮球场-东场地北半场,14:00-15:00,1,1,已售/已满,教学时间,雾,20,22,1,0.0,99,41
2026-05-21 22:01:02,2026-05-22,6,篮球场-东场地北半场,14:00-15:00,1,1,已售/已满,教学时间,雾,19,20,2,0.0,93,41
2026-05-21 22:30:47,2026-05-22,6,篮球场-东场地北半场,14:00-15:00,1,1,已售/已满,教学时间,雾,19,19,3,0.0,88,46
2026-05-21 23:00:56,2026-05-22,6,篮球场-东场地北半场,14:00-15:00,1,1,已售/已满,教学时间,多云,18,17,3,0.0,85,46
2026-05-21 23:30:55,2026-05-22,6,篮球场-东场地北半场,14:00-15:00,1,1,已售/已满,教学时间,多云,18,17,3,0.0,85,48
2026-05-21 07:59:26,2026-05-22,6,篮球场-东场地北半场,15:00-16:00,1,1,已售/已满,教学时间,晴,17,12,5,0.0,86,29
2026-05-21 08:00:45,2026-05-22,6,篮球场-东场地北半场,15:00-16:00,1,1,已售/已满,教学时间,晴,17,12,5,0.0,86,29
2026-05-21 08:02:30,2026-05-22,6,篮球场-东场地北半场,15:00-16:00,1,1,已售/已满,教学时间,多云,17,12,5,0.0,87,29
2026-05-21 08:05:36,2026-05-22,6,篮球场-东场地北半场,15:00-16:00,1,1,已售/已满,教学时间,多云,17,12,5,0.0,86,29
2026-05-21 08:08:31,2026-05-22,6,篮球场-东场地北半场,15:00-16:00,1,1,已售/已满,教学时间,多云,17,12,5,0.0,86,29
2026-05-21 08:11:30,2026-05-22,6,篮球场-东场地北半场,15:00-16:00,1,1,已售/已满,教学时间,多云,17,12,5,0.0,86,29
2026-05-21 08:14:31,2026-05-22,6,篮球场-东场地北半场,15:00-16:00,1,1,已售/已满,教学时间,多云,17,12,5,0.0,86,29
2026-05-21 08:17:30,2026-05-22,6,篮球场-东场地北半场,15:00-16:00,1,1,已售/已满,教学时间,多云,17,12,5,0.0,86,29
2026-05-21 08:20:35,2026-05-22,6,篮球场-东场地北半场,15:00-16:00,1,1,已售/已满,教学时间,多云,17,14,4,0.0,85,29
2026-05-21 08:25:32,2026-05-22,6,篮球场-东场地北半场,15:00-16:00,1,1,已售/已满,教学时间,多云,17,14,4,0.0,85,28
2026-05-21 08:30:42,2026-05-22,6,篮球场-东场地北半场,15:00-16:00,1,1,已售/已满,教学时间,多云,18,15,4,0.0,84,28
2026-05-21 08:35:31,2026-05-22,6,篮球场-东场地北半场,15:00-16:00,1,1,已售/已满,教学时间,多云,18,15,4,0.0,84,28
2026-05-21 08:40:38,2026-05-22,6,篮球场-东场地北半场,15:00-16:00,1,1,已售/已满,教学时间,多云,18,15,4,0.0,82,28
2026-05-21 08:45:33,2026-05-22,6,篮球场-东场地北半场,15:00-16:00,1,1,已售/已满,教学时间,多云,18,15,4,0.0,82,28
2026-05-21 08:50:36,2026-05-22,6,篮球场-东场地北半场,15:00-16:00,1,1,已售/已满,教学时间,多云,18,15,4,0.0,82,28
2026-05-21 08:55:34,2026-05-22,6,篮球场-东场地北半场,15:00-16:00,1,1,已售/已满,教学时间,多云,18,15,4,0.0,84,28
2026-05-21 09:00:51,2026-05-22,6,篮球场-东场地北半场,15:00-16:00,1,1,已售/已满,教学时间,多云,18,15,4,0.0,84,28
2026-05-21 09:01:59,2026-05-22,6,篮球场-东场地北半场,15:00-16:00,1,1,已售/已满,教学时间,多云,18,15,4,0.0,83,28
2026-05-21 09:05:33,2026-05-22,6,篮球场-东场地北半场,15:00-16:00,1,1,已售/已满,教学时间,多云,18,15,4,0.0,83,28
2026-05-21 09:20:38,2026-05-22,6,篮球场-东场地北半场,15:00-16:00,1,1,已售/已满,教学时间,多云,18,16,3,0.0,81,28
2026-05-21 09:30:46,2026-05-22,6,篮球场-东场地北半场,15:00-16:00,1,1,已售/已满,教学时间,多云,18,16,3,0.0,81,32
2026-05-21 09:40:36,2026-05-22,6,篮球场-东场地北半场,15:00-16:00,1,1,已售/已满,教学时间,多云,19,17,3,0.0,79,32
2026-05-21 09:50:42,2026-05-22,6,篮球场-东场地北半场,15:00-16:00,1,1,已售/已满,教学时间,多云,19,17,4,0.0,81,32
2026-05-21 10:00:46,2026-05-22,6,篮球场-东场地北半场,15:00-16:00,1,1,已售/已满,教学时间,多云,19,17,4,0.0,79,32
2026-05-21 10:10:40,2026-05-22,6,篮球场-东场地北半场,15:00-16:00,1,1,已售/已满,教学时间,多云,19,17,4,0.0,79,32
2026-05-21 10:20:38,2026-05-22,6,篮球场-东场地北半场,15:00-16:00,1,1,已售/已满,教学时间,多云,19,17,4,0.0,79,32
2026-05-21 10:30:41,2026-05-22,6,篮球场-东场地北半场,15:00-16:00,1,1,已售/已满,教学时间,多云,19,18,3,0.0,78,31
2026-05-21 11:00:44,2026-05-22,6,篮球场-东场地北半场,15:00-16:00,1,1,已售/已满,教学时间,多云,21,17,5,0.0,74,31
2026-05-21 11:30:38,2026-05-22,6,篮球场-东场地北半场,15:00-16:00,1,1,已售/已满,教学时间,多云,21,19,3,0.0,72,33
2026-05-21 12:00:46,2026-05-22,6,篮球场-东场地北半场,15:00-16:00,1,1,已售/已满,教学时间,多云,22,19,4,0.0,70,33
2026-05-21 12:30:42,2026-05-22,6,篮球场-东场地北半场,15:00-16:00,1,1,已售/已满,教学时间,多云,22,21,3,0.0,68,35
2026-05-21 13:00:43,2026-05-22,6,篮球场-东场地北半场,15:00-16:00,1,1,已售/已满,教学时间,多云,24,22,4,0.0,66,35
2026-05-21 13:30:43,2026-05-22,6,篮球场-东场地北半场,15:00-16:00,1,1,已售/已满,教学时间,多云,24,22,4,0.0,66,36
2026-05-21 14:00:48,2026-05-22,6,篮球场-东场地北半场,15:00-16:00,1,1,已售/已满,教学时间,多云,25,23,4,0.0,66,36
2026-05-21 14:30:45,2026-05-22,6,篮球场-东场地北半场,15:00-16:00,1,1,已售/已满,教学时间,晴,25,25,3,0.0,65,39
2026-05-21 15:00:45,2026-05-22,6,篮球场-东场地北半场,15:00-16:00,1,1,已售/已满,教学时间,晴,25,22,4,0.0,56,39
2026-05-21 15:30:43,2026-05-22,6,篮球场-东场地北半场,15:00-16:00,1,1,已售/已满,教学时间,晴,25,23,4,0.0,57,40
2026-05-21 16:00:51,2026-05-22,6,篮球场-东场地北半场,15:00-16:00,1,1,已售/已满,教学时间,晴,25,23,4,0.0,57,40
2026-05-21 16:30:48,2026-05-22,6,篮球场-东场地北半场,15:00-16:00,1,1,已售/已满,教学时间,晴,25,24,3,0.0,60,39
2026-05-21 17:00:49,2026-05-22,6,篮球场-东场地北半场,15:00-16:00,1,1,已售/已满,教学时间,晴,25,24,4,0.0,61,39
2026-05-21 17:30:47,2026-05-22,6,篮球场-东场地北半场,15:00-16:00,1,1,已售/已满,教学时间,多云,24,23,3,0.0,64,39
2026-05-21 18:00:50,2026-05-22,6,篮球场-东场地北半场,15:00-16:00,1,1,已售/已满,教学时间,多云,24,23,3,0.0,68,39
2026-05-21 18:30:50,2026-05-22,6,篮球场-东场地北半场,15:00-16:00,1,1,已售/已满,教学时间,阴,24,25,2,0.0,68,40
2026-05-21 19:00:50,2026-05-22,6,篮球场-东场地北半场,15:00-16:00,1,1,已售/已满,教学时间,阴,23,23,3,0.0,76,40
2026-05-21 19:30:46,2026-05-22,6,篮球场-东场地北半场,15:00-16:00,1,1,已售/已满,教学时间,阴,23,24,2,0.0,77,39
2026-05-21 20:00:49,2026-05-22,6,篮球场-东场地北半场,15:00-16:00,1,1,已售/已满,教学时间,雾,22,23,2,0.0,89,39
2026-05-21 20:30:44,2026-05-22,6,篮球场-东场地北半场,15:00-16:00,1,1,已售/已满,教学时间,雾,22,24,2,0.0,93,43
2026-05-21 21:00:56,2026-05-22,6,篮球场-东场地北半场,15:00-16:00,1,1,已售/已满,教学时间,雾,20,21,2,0.0,98,43
2026-05-21 21:30:46,2026-05-22,6,篮球场-东场地北半场,15:00-16:00,1,1,已售/已满,教学时间,雾,20,22,1,0.0,99,41
2026-05-21 22:01:02,2026-05-22,6,篮球场-东场地北半场,15:00-16:00,1,1,已售/已满,教学时间,雾,19,20,2,0.0,93,41
2026-05-21 22:30:47,2026-05-22,6,篮球场-东场地北半场,15:00-16:00,1,1,已售/已满,教学时间,雾,19,19,3,0.0,88,46
2026-05-21 23:00:56,2026-05-22,6,篮球场-东场地北半场,15:00-16:00,1,1,已售/已满,教学时间,多云,18,17,3,0.0,85,46
2026-05-21 23:30:55,2026-05-22,6,篮球场-东场地北半场,15:00-16:00,1,1,已售/已满,教学时间,多云,18,17,3,0.0,85,48
2026-05-21 07:59:26,2026-05-22,6,篮球场-东场地北半场,16:00-17:00,0,1,可预约,￥50.0,晴,17,12,5,0.0,86,29
2026-05-21 08:00:45,2026-05-22,6,篮球场-东场地北半场,16:00-17:00,0,1,可预约,￥50.0,晴,17,12,5,0.0,86,29
2026-05-21 08:02:30,2026-05-22,6,篮球场-东场地北半场,16:00-17:00,0,1,可预约,￥50.0,多云,17,12,5,0.0,87,29
2026-05-21 08:05:36,2026-05-22,6,篮球场-东场地北半场,16:00-17:00,0,1,可预约,￥50.0,多云,17,12,5,0.0,86,29
2026-05-21 08:08:31,2026-05-22,6,篮球场-东场地北半场,16:00-17:00,0,1,可预约,￥50.0,多云,17,12,5,0.0,86,29
2026-05-21 08:11:30,2026-05-22,6,篮球场-东场地北半场,16:00-17:00,0,1,可预约,￥50.0,多云,17,12,5,0.0,86,29
2026-05-21 08:14:31,2026-05-22,6,篮球场-东场地北半场,16:00-17:00,0,1,可预约,￥50.0,多云,17,12,5,0.0,86,29
2026-05-21 08:17:30,2026-05-22,6,篮球场-东场地北半场,16:00-17:00,0,1,可预约,￥50.0,多云,17,12,5,0.0,86,29
2026-05-21 08:20:35,2026-05-22,6,篮球场-东场地北半场,16:00-17:00,0,1,可预约,￥50.0,多云,17,14,4,0.0,85,29
2026-05-21 08:25:32,2026-05-22,6,篮球场-东场地北半场,16:00-17:00,0,1,可预约,￥50.0,多云,17,14,4,0.0,85,28
2026-05-21 08:30:42,2026-05-22,6,篮球场-东场地北半场,16:00-17:00,0,1,可预约,￥50.0,多云,18,15,4,0.0,84,28
2026-05-21 08:35:31,2026-05-22,6,篮球场-东场地北半场,16:00-17:00,0,1,可预约,￥50.0,多云,18,15,4,0.0,84,28
2026-05-21 08:40:38,2026-05-22,6,篮球场-东场地北半场,16:00-17:00,0,1,可预约,￥50.0,多云,18,15,4,0.0,82,28
2026-05-21 08:45:33,2026-05-22,6,篮球场-东场地北半场,16:00-17:00,0,1,可预约,￥50.0,多云,18,15,4,0.0,82,28
2026-05-21 08:50:36,2026-05-22,6,篮球场-东场地北半场,16:00-17:00,0,1,可预约,￥50.0,多云,18,15,4,0.0,82,28
2026-05-21 08:55:34,2026-05-22,6,篮球场-东场地北半场,16:00-17:00,0,1,可预约,￥50.0,多云,18,15,4,0.0,84,28
2026-05-21 09:00:51,2026-05-22,6,篮球场-东场地北半场,16:00-17:00,0,1,可预约,￥50.0,多云,18,15,4,0.0,84,28
2026-05-21 09:01:59,2026-05-22,6,篮球场-东场地北半场,16:00-17:00,0,1,可预约,￥50.0,多云,18,15,4,0.0,83,28
2026-05-21 09:05:33,2026-05-22,6,篮球场-东场地北半场,16:00-17:00,0,1,可预约,￥50.0,多云,18,15,4,0.0,83,28
2026-05-21 09:20:38,2026-05-22,6,篮球场-东场地北半场,16:00-17:00,0,1,可预约,￥50.0,多云,18,16,3,0.0,81,28
2026-05-21 09:30:46,2026-05-22,6,篮球场-东场地北半场,16:00-17:00,0,1,可预约,￥50.0,多云,18,16,3,0.0,81,32
2026-05-21 09:40:36,2026-05-22,6,篮球场-东场地北半场,16:00-17:00,0,1,可预约,￥50.0,多云,19,17,3,0.0,79,32
2026-05-21 09:50:42,2026-05-22,6,篮球场-东场地北半场,16:00-17:00,0,1,可预约,￥50.0,多云,19,17,4,0.0,81,32
2026-05-21 10:00:46,2026-05-22,6,篮球场-东场地北半场,16:00-17:00,0,1,可预约,￥50.0,多云,19,17,4,0.0,79,32
2026-05-21 10:10:40,2026-05-22,6,篮球场-东场地北半场,16:00-17:00,0,1,可预约,￥50.0,多云,19,17,4,0.0,79,32
2026-05-21 10:20:38,2026-05-22,6,篮球场-东场地北半场,16:00-17:00,0,1,可预约,￥50.0,多云,19,17,4,0.0,79,32
2026-05-21 10:30:41,2026-05-22,6,篮球场-东场地北半场,16:00-17:00,0,1,可预约,￥50.0,多云,19,18,3,0.0,78,31
2026-05-21 11:00:44,2026-05-22,6,篮球场-东场地北半场,16:00-17:00,0,1,可预约,￥50.0,多云,21,17,5,0.0,74,31
2026-05-21 11:30:38,2026-05-22,6,篮球场-东场地北半场,16:00-17:00,0,1,可预约,￥50.0,多云,21,19,3,0.0,72,33
2026-05-21 12:00:46,2026-05-22,6,篮球场-东场地北半场,16:00-17:00,0,1,可预约,￥50.0,多云,22,19,4,0.0,70,33
2026-05-21 12:30:42,2026-05-22,6,篮球场-东场地北半场,16:00-17:00,0,1,可预约,￥50.0,多云,22,21,3,0.0,68,35
2026-05-21 13:00:43,2026-05-22,6,篮球场-东场地北半场,16:00-17:00,0,1,可预约,￥50.0,多云,24,22,4,0.0,66,35
2026-05-21 13:30:43,2026-05-22,6,篮球场-东场地北半场,16:00-17:00,0,1,可预约,￥50.0,多云,24,22,4,0.0,66,36
2026-05-21 14:00:48,2026-05-22,6,篮球场-东场地北半场,16:00-17:00,0,1,可预约,￥50.0,多云,25,23,4,0.0,66,36
2026-05-21 14:30:45,2026-05-22,6,篮球场-东场地北半场,16:00-17:00,0,1,可预约,￥50.0,晴,25,25,3,0.0,65,39
2026-05-21 15:00:45,2026-05-22,6,篮球场-东场地北半场,16:00-17:00,0,1,可预约,￥50.0,晴,25,22,4,0.0,56,39
2026-05-21 15:30:43,2026-05-22,6,篮球场-东场地北半场,16:00-17:00,0,1,可预约,￥50.0,晴,25,23,4,0.0,57,40
2026-05-21 16:00:51,2026-05-22,6,篮球场-东场地北半场,16:00-17:00,0,1,可预约,￥50.0,晴,25,23,4,0.0,57,40
2026-05-21 16:30:48,2026-05-22,6,篮球场-东场地北半场,16:00-17:00,0,1,可预约,￥50.0,晴,25,24,3,0.0,60,39
2026-05-21 17:00:49,2026-05-22,6,篮球场-东场地北半场,16:00-17:00,0,1,可预约,￥50.0,晴,25,24,4,0.0,61,39
2026-05-21 17:30:47,2026-05-22,6,篮球场-东场地北半场,16:00-17:00,0,1,可预约,￥50.0,多云,24,23,3,0.0,64,39
2026-05-21 18:00:50,2026-05-22,6,篮球场-东场地北半场,16:00-17:00,0,1,可预约,￥50.0,多云,24,23,3,0.0,68,39
2026-05-21 18:30:50,2026-05-22,6,篮球场-东场地北半场,16:00-17:00,0,1,可预约,￥50.0,阴,24,25,2,0.0,68,40
2026-05-21 19:00:50,2026-05-22,6,篮球场-东场地北半场,16:00-17:00,0,1,可预约,￥50.0,阴,23,23,3,0.0,76,40
2026-05-21 19:30:46,2026-05-22,6,篮球场-东场地北半场,16:00-17:00,0,1,可预约,￥50.0,阴,23,24,2,0.0,77,39
2026-05-21 20:00:49,2026-05-22,6,篮球场-东场地北半场,16:00-17:00,0,1,可预约,￥50.0,雾,22,23,2,0.0,89,39
2026-05-21 20:30:44,2026-05-22,6,篮球场-东场地北半场,16:00-17:00,0,1,可预约,￥50.0,雾,22,24,2,0.0,93,43
2026-05-21 21:00:56,2026-05-22,6,篮球场-东场地北半场,16:00-17:00,0,1,可预约,￥50.0,雾,20,21,2,0.0,98,43
2026-05-21 21:30:46,2026-05-22,6,篮球场-东场地北半场,16:00-17:00,0,1,可预约,￥50.0,雾,20,22,1,0.0,99,41
2026-05-21 22:01:02,2026-05-22,6,篮球场-东场地北半场,16:00-17:00,0,1,可预约,￥50.0,雾,19,20,2,0.0,93,41
2026-05-21 22:30:47,2026-05-22,6,篮球场-东场地北半场,16:00-17:00,0,1,可预约,￥50.0,雾,19,19,3,0.0,88,46
2026-05-21 23:00:56,2026-05-22,6,篮球场-东场地北半场,16:00-17:00,0,1,可预约,￥50.0,多云,18,17,3,0.0,85,46
2026-05-21 23:30:55,2026-05-22,6,篮球场-东场地北半场,16:00-17:00,0,1,可预约,￥50.0,多云,18,17,3,0.0,85,48
2026-05-21 07:59:26,2026-05-22,6,篮球场-东场地北半场,19:00-20:00,0,1,可预约,￥50.0,晴,17,12,5,0.0,86,29
2026-05-21 08:00:45,2026-05-22,6,篮球场-东场地北半场,19:00-20:00,0,1,可预约,￥50.0,晴,17,12,5,0.0,86,29
2026-05-21 08:02:30,2026-05-22,6,篮球场-东场地北半场,19:00-20:00,0,1,可预约,￥50.0,多云,17,12,5,0.0,87,29
2026-05-21 08:05:36,2026-05-22,6,篮球场-东场地北半场,19:00-20:00,0,1,可预约,￥50.0,多云,17,12,5,0.0,86,29
2026-05-21 08:08:31,2026-05-22,6,篮球场-东场地北半场,19:00-20:00,0,1,可预约,￥50.0,多云,17,12,5,0.0,86,29
2026-05-21 08:11:30,2026-05-22,6,篮球场-东场地北半场,19:00-20:00,0,1,可预约,￥50.0,多云,17,12,5,0.0,86,29
2026-05-21 08:14:31,2026-05-22,6,篮球场-东场地北半场,19:00-20:00,0,1,可预约,￥50.0,多云,17,12,5,0.0,86,29
2026-05-21 08:17:30,2026-05-22,6,篮球场-东场地北半场,19:00-20:00,0,1,可预约,￥50.0,多云,17,12,5,0.0,86,29
2026-05-21 08:20:35,2026-05-22,6,篮球场-东场地北半场,19:00-20:00,0,1,可预约,￥50.0,多云,17,14,4,0.0,85,29
2026-05-21 08:25:32,2026-05-22,6,篮球场-东场地北半场,19:00-20:00,0,1,可预约,￥50.0,多云,17,14,4,0.0,85,28
2026-05-21 08:30:42,2026-05-22,6,篮球场-东场地北半场,19:00-20:00,0,1,可预约,￥50.0,多云,18,15,4,0.0,84,28
2026-05-21 08:35:31,2026-05-22,6,篮球场-东场地北半场,19:00-20:00,0,1,可预约,￥50.0,多云,18,15,4,0.0,84,28
2026-05-21 08:40:38,2026-05-22,6,篮球场-东场地北半场,19:00-20:00,0,1,可预约,￥50.0,多云,18,15,4,0.0,82,28
2026-05-21 08:45:33,2026-05-22,6,篮球场-东场地北半场,19:00-20:00,0,1,可预约,￥50.0,多云,18,15,4,0.0,82,28
2026-05-21 08:50:36,2026-05-22,6,篮球场-东场地北半场,19:00-20:00,0,1,可预约,￥50.0,多云,18,15,4,0.0,82,28
2026-05-21 08:55:34,2026-05-22,6,篮球场-东场地北半场,19:00-20:00,0,1,可预约,￥50.0,多云,18,15,4,0.0,84,28
2026-05-21 09:00:51,2026-05-22,6,篮球场-东场地北半场,19:00-20:00,0,1,可预约,￥50.0,多云,18,15,4,0.0,84,28
2026-05-21 09:01:59,2026-05-22,6,篮球场-东场地北半场,19:00-20:00,0,1,可预约,￥50.0,多云,18,15,4,0.0,83,28
2026-05-21 09:05:33,2026-05-22,6,篮球场-东场地北半场,19:00-20:00,0,1,可预约,￥50.0,多云,18,15,4,0.0,83,28
2026-05-21 09:20:38,2026-05-22,6,篮球场-东场地北半场,19:00-20:00,0,1,可预约,￥50.0,多云,18,16,3,0.0,81,28
2026-05-21 09:30:46,2026-05-22,6,篮球场-东场地北半场,19:00-20:00,0,1,可预约,￥50.0,多云,18,16,3,0.0,81,32
2026-05-21 09:40:36,2026-05-22,6,篮球场-东场地北半场,19:00-20:00,0,1,可预约,￥50.0,多云,19,17,3,0.0,79,32
2026-05-21 09:50:42,2026-05-22,6,篮球场-东场地北半场,19:00-20:00,0,1,可预约,￥50.0,多云,19,17,4,0.0,81,32
2026-05-21 10:00:46,2026-05-22,6,篮球场-东场地北半场,19:00-20:00,0,1,可预约,￥50.0,多云,19,17,4,0.0,79,32
2026-05-21 10:10:40,2026-05-22,6,篮球场-东场地北半场,19:00-20:00,0,1,可预约,￥50.0,多云,19,17,4,0.0,79,32
2026-05-21 10:20:38,2026-05-22,6,篮球场-东场地北半场,19:00-20:00,0,1,可预约,￥50.0,多云,19,17,4,0.0,79,32
2026-05-21 10:30:41,2026-05-22,6,篮球场-东场地北半场,19:00-20:00,0,1,可预约,￥50.0,多云,19,18,3,0.0,78,31
2026-05-21 11:00:44,2026-05-22,6,篮球场-东场地北半场,19:00-20:00,0,1,可预约,￥50.0,多云,21,17,5,0.0,74,31
2026-05-21 11:30:38,2026-05-22,6,篮球场-东场地北半场,19:00-20:00,0,1,可预约,￥50.0,多云,21,19,3,0.0,72,33
2026-05-21 12:00:46,2026-05-22,6,篮球场-东场地北半场,19:00-20:00,0,1,可预约,￥50.0,多云,22,19,4,0.0,70,33
2026-05-21 12:30:42,2026-05-22,6,篮球场-东场地北半场,19:00-20:00,0,1,可预约,￥50.0,多云,22,21,3,0.0,68,35
2026-05-21 13:00:43,2026-05-22,6,篮球场-东场地北半场,19:00-20:00,0,1,可预约,￥50.0,多云,24,22,4,0.0,66,35
2026-05-21 13:30:43,2026-05-22,6,篮球场-东场地北半场,19:00-20:00,0,1,可预约,￥50.0,多云,24,22,4,0.0,66,36
2026-05-21 14:00:48,2026-05-22,6,篮球场-东场地北半场,19:00-20:00,0,1,可预约,￥50.0,多云,25,23,4,0.0,66,36
2026-05-21 14:30:45,2026-05-22,6,篮球场-东场地北半场,19:00-20:00,0,1,可预约,￥50.0,晴,25,25,3,0.0,65,39
2026-05-21 15:00:45,2026-05-22,6,篮球场-东场地北半场,19:00-20:00,0,1,可预约,￥50.0,晴,25,22,4,0.0,56,39
2026-05-21 15:30:43,2026-05-22,6,篮球场-东场地北半场,19:00-20:00,0,1,可预约,￥50.0,晴,25,23,4,0.0,57,40
2026-05-21 16:00:51,2026-05-22,6,篮球场-东场地北半场,19:00-20:00,0,1,可预约,￥50.0,晴,25,23,4,0.0,57,40
2026-05-21 16:30:48,2026-05-22,6,篮球场-东场地北半场,19:00-20:00,0,1,可预约,￥50.0,晴,25,24,3,0.0,60,39
2026-05-21 17:00:49,2026-05-22,6,篮球场-东场地北半场,19:00-20:00,0,1,可预约,￥50.0,晴,25,24,4,0.0,61,39
2026-05-21 17:30:47,2026-05-22,6,篮球场-东场地北半场,19:00-20:00,0,1,可预约,￥50.0,多云,24,23,3,0.0,64,39
2026-05-21 18:00:50,2026-05-22,6,篮球场-东场地北半场,19:00-20:00,0,1,可预约,￥50.0,多云,24,23,3,0.0,68,39
2026-05-21 18:30:50,2026-05-22,6,篮球场-东场地北半场,19:00-20:00,0,1,可预约,￥50.0,阴,24,25,2,0.0,68,40
2026-05-21 19:00:50,2026-05-22,6,篮球场-东场地北半场,19:00-20:00,0,1,可预约,￥50.0,阴,23,23,3,0.0,76,40
2026-05-21 19:30:46,2026-05-22,6,篮球场-东场地北半场,19:00-20:00,0,1,可预约,￥50.0,阴,23,24,2,0.0,77,39
2026-05-21 20:00:49,2026-05-22,6,篮球场-东场地北半场,19:00-20:00,0,1,可预约,￥50.0,雾,22,23,2,0.0,89,39
2026-05-21 20:30:44,2026-05-22,6,篮球场-东场地北半场,19:00-20:00,0,1,可预约,￥50.0,雾,22,24,2,0.0,93,43
2026-05-21 21:00:56,2026-05-22,6,篮球场-东场地北半场,19:00-20:00,0,1,可预约,￥50.0,雾,20,21,2,0.0,98,43
2026-05-21 21:30:46,2026-05-22,6,篮球场-东场地北半场,19:00-20:00,0,1,可预约,￥50.0,雾,20,22,1,0.0,99,41
2026-05-21 22:01:02,2026-05-22,6,篮球场-东场地北半场,19:00-20:00,0,1,可预约,￥50.0,雾,19,20,2,0.0,93,41
2026-05-21 22:30:47,2026-05-22,6,篮球场-东场地北半场,19:00-20:00,0,1,可预约,￥50.0,雾,19,19,3,0.0,88,46
2026-05-21 23:00:56,2026-05-22,6,篮球场-东场地北半场,19:00-20:00,0,1,可预约,￥50.0,多云,18,17,3,0.0,85,46
2026-05-21 23:30:55,2026-05-22,6,篮球场-东场地北半场,19:00-20:00,0,1,可预约,￥50.0,多云,18,17,3,0.0,85,48
2026-05-21 07:59:26,2026-05-22,6,篮球场-东场地北半场,20:30-21:30,0,1,可预约,￥50.0,晴,17,12,5,0.0,86,29
2026-05-21 08:00:45,2026-05-22,6,篮球场-东场地北半场,20:30-21:30,0,1,可预约,￥50.0,晴,17,12,5,0.0,86,29
2026-05-21 08:02:30,2026-05-22,6,篮球场-东场地北半场,20:30-21:30,0,1,可预约,￥50.0,多云,17,12,5,0.0,87,29
2026-05-21 08:05:36,2026-05-22,6,篮球场-东场地北半场,20:30-21:30,0,1,可预约,￥50.0,多云,17,12,5,0.0,86,29
2026-05-21 08:08:31,2026-05-22,6,篮球场-东场地北半场,20:30-21:30,0,1,可预约,￥50.0,多云,17,12,5,0.0,86,29
2026-05-21 08:11:30,2026-05-22,6,篮球场-东场地北半场,20:30-21:30,0,1,可预约,￥50.0,多云,17,12,5,0.0,86,29
2026-05-21 08:14:31,2026-05-22,6,篮球场-东场地北半场,20:30-21:30,0,1,可预约,￥50.0,多云,17,12,5,0.0,86,29
2026-05-21 08:17:30,2026-05-22,6,篮球场-东场地北半场,20:30-21:30,0,1,可预约,￥50.0,多云,17,12,5,0.0,86,29
2026-05-21 08:20:35,2026-05-22,6,篮球场-东场地北半场,20:30-21:30,0,1,可预约,￥50.0,多云,17,14,4,0.0,85,29
2026-05-21 08:25:32,2026-05-22,6,篮球场-东场地北半场,20:30-21:30,0,1,可预约,￥50.0,多云,17,14,4,0.0,85,28
2026-05-21 08:30:42,2026-05-22,6,篮球场-东场地北半场,20:30-21:30,0,1,可预约,￥50.0,多云,18,15,4,0.0,84,28
2026-05-21 08:35:31,2026-05-22,6,篮球场-东场地北半场,20:30-21:30,0,1,可预约,￥50.0,多云,18,15,4,0.0,84,28
2026-05-21 08:40:38,2026-05-22,6,篮球场-东场地北半场,20:30-21:30,0,1,可预约,￥50.0,多云,18,15,4,0.0,82,28
2026-05-21 08:45:33,2026-05-22,6,篮球场-东场地北半场,20:30-21:30,0,1,可预约,￥50.0,多云,18,15,4,0.0,82,28
2026-05-21 08:50:36,2026-05-22,6,篮球场-东场地北半场,20:30-21:30,0,1,可预约,￥50.0,多云,18,15,4,0.0,82,28
2026-05-21 08:55:34,2026-05-22,6,篮球场-东场地北半场,20:30-21:30,0,1,可预约,￥50.0,多云,18,15,4,0.0,84,28
2026-05-21 09:00:51,2026-05-22,6,篮球场-东场地北半场,20:30-21:30,0,1,可预约,￥50.0,多云,18,15,4,0.0,84,28
2026-05-21 09:01:59,2026-05-22,6,篮球场-东场地北半场,20:30-21:30,0,1,可预约,￥50.0,多云,18,15,4,0.0,83,28
2026-05-21 09:05:33,2026-05-22,6,篮球场-东场地北半场,20:30-21:30,0,1,可预约,￥50.0,多云,18,15,4,0.0,83,28
2026-05-21 09:20:38,2026-05-22,6,篮球场-东场地北半场,20:30-21:30,0,1,可预约,￥50.0,多云,18,16,3,0.0,81,28
2026-05-21 09:30:46,2026-05-22,6,篮球场-东场地北半场,20:30-21:30,0,1,可预约,￥50.0,多云,18,16,3,0.0,81,32
2026-05-21 09:40:36,2026-05-22,6,篮球场-东场地北半场,20:30-21:30,0,1,可预约,￥50.0,多云,19,17,3,0.0,79,32
2026-05-21 09:50:42,2026-05-22,6,篮球场-东场地北半场,20:30-21:30,0,1,可预约,￥50.0,多云,19,17,4,0.0,81,32
2026-05-21 10:00:46,2026-05-22,6,篮球场-东场地北半场,20:30-21:30,0,1,可预约,￥50.0,多云,19,17,4,0.0,79,32
2026-05-21 10:10:40,2026-05-22,6,篮球场-东场地北半场,20:30-21:30,0,1,可预约,￥50.0,多云,19,17,4,0.0,79,32
2026-05-21 10:20:38,2026-05-22,6,篮球场-东场地北半场,20:30-21:30,0,1,可预约,￥50.0,多云,19,17,4,0.0,79,32
2026-05-21 10:30:41,2026-05-22,6,篮球场-东场地北半场,20:30-21:30,0,1,可预约,￥50.0,多云,19,18,3,0.0,78,31
2026-05-21 11:00:44,2026-05-22,6,篮球场-东场地北半场,20:30-21:30,0,1,可预约,￥50.0,多云,21,17,5,0.0,74,31
2026-05-21 11:30:38,2026-05-22,6,篮球场-东场地北半场,20:30-21:30,0,1,可预约,￥50.0,多云,21,19,3,0.0,72,33
2026-05-21 12:00:46,2026-05-22,6,篮球场-东场地北半场,20:30-21:30,0,1,可预约,￥50.0,多云,22,19,4,0.0,70,33
2026-05-21 12:30:42,2026-05-22,6,篮球场-东场地北半场,20:30-21:30,0,1,可预约,￥50.0,多云,22,21,3,0.0,68,35
2026-05-21 13:00:43,2026-05-22,6,篮球场-东场地北半场,20:30-21:30,0,1,可预约,￥50.0,多云,24,22,4,0.0,66,35
2026-05-21 13:30:43,2026-05-22,6,篮球场-东场地北半场,20:30-21:30,0,1,可预约,￥50.0,多云,24,22,4,0.0,66,36
2026-05-21 14:00:48,2026-05-22,6,篮球场-东场地北半场,20:30-21:30,0,1,可预约,￥50.0,多云,25,23,4,0.0,66,36
2026-05-21 14:30:45,2026-05-22,6,篮球场-东场地北半场,20:30-21:30,0,1,可预约,￥50.0,晴,25,25,3,0.0,65,39
2026-05-21 15:00:45,2026-05-22,6,篮球场-东场地北半场,20:30-21:30,0,1,可预约,￥50.0,晴,25,22,4,0.0,56,39
2026-05-21 15:30:43,2026-05-22,6,篮球场-东场地北半场,20:30-21:30,0,1,可预约,￥50.0,晴,25,23,4,0.0,57,40
2026-05-21 16:00:51,2026-05-22,6,篮球场-东场地北半场,20:30-21:30,0,1,可预约,￥50.0,晴,25,23,4,0.0,57,40
2026-05-21 16:30:48,2026-05-22,6,篮球场-东场地北半场,20:30-21:30,0,1,可预约,￥50.0,晴,25,24,3,0.0,60,39
2026-05-21 17:00:49,2026-05-22,6,篮球场-东场地北半场,20:30-21:30,0,1,可预约,￥50.0,晴,25,24,4,0.0,61,39
2026-05-21 17:30:47,2026-05-22,6,篮球场-东场地北半场,20:30-21:30,0,1,可预约,￥50.0,多云,24,23,3,0.0,64,39
2026-05-21 18:00:50,2026-05-22,6,篮球场-东场地北半场,20:30-21:30,0,1,可预约,￥50.0,多云,24,23,3,0.0,68,39
2026-05-21 18:30:50,2026-05-22,6,篮球场-东场地北半场,20:30-21:30,0,1,可预约,￥50.0,阴,24,25,2,0.0,68,40
2026-05-21 19:00:50,2026-05-22,6,篮球场-东场地北半场,20:30-21:30,0,1,可预约,￥50.0,阴,23,23,3,0.0,76,40
2026-05-21 19:30:46,2026-05-22,6,篮球场-东场地北半场,20:30-21:30,0,1,可预约,￥50.0,阴,23,24,2,0.0,77,39
2026-05-21 20:00:49,2026-05-22,6,篮球场-东场地北半场,20:30-21:30,0,1,可预约,￥50.0,雾,22,23,2,0.0,89,39
2026-05-21 20:30:44,2026-05-22,6,篮球场-东场地北半场,20:30-21:30,0,1,可预约,￥50.0,雾,22,24,2,0.0,93,43
2026-05-21 21:00:56,2026-05-22,6,篮球场-东场地北半场,20:30-21:30,0,1,可预约,￥50.0,雾,20,21,2,0.0,98,43
2026-05-21 21:30:46,2026-05-22,6,篮球场-东场地北半场,20:30-21:30,0,1,可预约,￥50.0,雾,20,22,1,0.0,99,41
2026-05-21 22:01:02,2026-05-22,6,篮球场-东场地北半场,20:30-21:30,0,1,可预约,￥50.0,雾,19,20,2,0.0,93,41
2026-05-21 22:30:47,2026-05-22,6,篮球场-东场地北半场,20:30-21:30,0,1,可预约,￥50.0,雾,19,19,3,0.0,88,46
2026-05-21 23:00:56,2026-05-22,6,篮球场-东场地北半场,20:30-21:30,0,1,可预约,￥50.0,多云,18,17,3,0.0,85,46
2026-05-21 23:30:55,2026-05-22,6,篮球场-东场地北半场,20:30-21:30,0,1,可预约,￥50.0,多云,18,17,3,0.0,85,48
2026-05-21 07:59:26,2026-05-22,6,篮球场-东场地南半场,09:00-10:00,0,1,可预约,￥50.0,晴,17,12,5,0.0,86,29
2026-05-21 08:00:45,2026-05-22,6,篮球场-东场地南半场,09:00-10:00,0,1,可预约,￥50.0,晴,17,12,5,0.0,86,29
2026-05-21 08:02:30,2026-05-22,6,篮球场-东场地南半场,09:00-10:00,0,1,可预约,￥50.0,多云,17,12,5,0.0,87,29
2026-05-21 08:05:36,2026-05-22,6,篮球场-东场地南半场,09:00-10:00,0,1,可预约,￥50.0,多云,17,12,5,0.0,86,29
2026-05-21 08:08:31,2026-05-22,6,篮球场-东场地南半场,09:00-10:00,0,1,可预约,￥50.0,多云,17,12,5,0.0,86,29
2026-05-21 08:11:30,2026-05-22,6,篮球场-东场地南半场,09:00-10:00,0,1,可预约,￥50.0,多云,17,12,5,0.0,86,29
2026-05-21 08:14:31,2026-05-22,6,篮球场-东场地南半场,09:00-10:00,0,1,可预约,￥50.0,多云,17,12,5,0.0,86,29
2026-05-21 08:17:30,2026-05-22,6,篮球场-东场地南半场,09:00-10:00,0,1,可预约,￥50.0,多云,17,12,5,0.0,86,29
2026-05-21 08:20:35,2026-05-22,6,篮球场-东场地南半场,09:00-10:00,0,1,可预约,￥50.0,多云,17,14,4,0.0,85,29
2026-05-21 08:25:32,2026-05-22,6,篮球场-东场地南半场,09:00-10:00,0,1,可预约,￥50.0,多云,17,14,4,0.0,85,28
2026-05-21 08:30:42,2026-05-22,6,篮球场-东场地南半场,09:00-10:00,0,1,可预约,￥50.0,多云,18,15,4,0.0,84,28
2026-05-21 08:35:31,2026-05-22,6,篮球场-东场地南半场,09:00-10:00,0,1,可预约,￥50.0,多云,18,15,4,0.0,84,28
2026-05-21 08:40:38,2026-05-22,6,篮球场-东场地南半场,09:00-10:00,0,1,可预约,￥50.0,多云,18,15,4,0.0,82,28
2026-05-21 08:45:33,2026-05-22,6,篮球场-东场地南半场,09:00-10:00,0,1,可预约,￥50.0,多云,18,15,4,0.0,82,28
2026-05-21 08:50:36,2026-05-22,6,篮球场-东场地南半场,09:00-10:00,0,1,可预约,￥50.0,多云,18,15,4,0.0,82,28
2026-05-21 08:55:34,2026-05-22,6,篮球场-东场地南半场,09:00-10:00,0,1,可预约,￥50.0,多云,18,15,4,0.0,84,28
2026-05-21 09:00:51,2026-05-22,6,篮球场-东场地南半场,09:00-10:00,0,1,可预约,￥50.0,多云,18,15,4,0.0,84,28
2026-05-21 09:01:59,2026-05-22,6,篮球场-东场地南半场,09:00-10:00,0,1,可预约,￥50.0,多云,18,15,4,0.0,83,28
2026-05-21 09:05:33,2026-05-22,6,篮球场-东场地南半场,09:00-10:00,0,1,可预约,￥50.0,多云,18,15,4,0.0,83,28
2026-05-21 09:20:38,2026-05-22,6,篮球场-东场地南半场,09:00-10:00,0,1,可预约,￥50.0,多云,18,16,3,0.0,81,28
2026-05-21 09:30:46,2026-05-22,6,篮球场-东场地南半场,09:00-10:00,0,1,可预约,￥50.0,多云,18,16,3,0.0,81,32
2026-05-21 09:40:36,2026-05-22,6,篮球场-东场地南半场,09:00-10:00,0,1,可预约,￥50.0,多云,19,17,3,0.0,79,32
2026-05-21 09:50:42,2026-05-22,6,篮球场-东场地南半场,09:00-10:00,0,1,可预约,￥50.0,多云,19,17,4,0.0,81,32
2026-05-21 10:00:46,2026-05-22,6,篮球场-东场地南半场,09:00-10:00,0,1,可预约,￥50.0,多云,19,17,4,0.0,79,32
2026-05-21 10:10:40,2026-05-22,6,篮球场-东场地南半场,09:00-10:00,0,1,可预约,￥50.0,多云,19,17,4,0.0,79,32
2026-05-21 10:20:38,2026-05-22,6,篮球场-东场地南半场,09:00-10:00,0,1,可预约,￥50.0,多云,19,17,4,0.0,79,32
2026-05-21 10:30:41,2026-05-22,6,篮球场-东场地南半场,09:00-10:00,0,1,可预约,￥50.0,多云,19,18,3,0.0,78,31
2026-05-21 11:00:44,2026-05-22,6,篮球场-东场地南半场,09:00-10:00,0,1,可预约,￥50.0,多云,21,17,5,0.0,74,31
2026-05-21 11:30:38,2026-05-22,6,篮球场-东场地南半场,09:00-10:00,0,1,可预约,￥50.0,多云,21,19,3,0.0,72,33
2026-05-21 12:00:46,2026-05-22,6,篮球场-东场地南半场,09:00-10:00,0,1,可预约,￥50.0,多云,22,19,4,0.0,70,33
2026-05-21 12:30:42,2026-05-22,6,篮球场-东场地南半场,09:00-10:00,0,1,可预约,￥50.0,多云,22,21,3,0.0,68,35
2026-05-21 13:00:43,2026-05-22,6,篮球场-东场地南半场,09:00-10:00,0,1,可预约,￥50.0,多云,24,22,4,0.0,66,35
2026-05-21 13:30:43,2026-05-22,6,篮球场-东场地南半场,09:00-10:00,0,1,可预约,￥50.0,多云,24,22,4,0.0,66,36
2026-05-21 14:00:48,2026-05-22,6,篮球场-东场地南半场,09:00-10:00,0,1,可预约,￥50.0,多云,25,23,4,0.0,66,36
2026-05-21 14:30:45,2026-05-22,6,篮球场-东场地南半场,09:00-10:00,0,1,可预约,￥50.0,晴,25,25,3,0.0,65,39
2026-05-21 15:00:45,2026-05-22,6,篮球场-东场地南半场,09:00-10:00,0,1,可预约,￥50.0,晴,25,22,4,0.0,56,39
2026-05-21 15:30:43,2026-05-22,6,篮球场-东场地南半场,09:00-10:00,0,1,可预约,￥50.0,晴,25,23,4,0.0,57,40
2026-05-21 16:00:51,2026-05-22,6,篮球场-东场地南半场,09:00-10:00,0,1,可预约,￥50.0,晴,25,23,4,0.0,57,40
2026-05-21 16:30:48,2026-05-22,6,篮球场-东场地南半场,09:00-10:00,0,1,可预约,￥50.0,晴,25,24,3,0.0,60,39
2026-05-21 17:00:49,2026-05-22,6,篮球场-东场地南半场,09:00-10:00,0,1,可预约,￥50.0,晴,25,24,4,0.0,61,39
2026-05-21 17:30:47,2026-05-22,6,篮球场-东场地南半场,09:00-10:00,0,1,可预约,￥50.0,多云,24,23,3,0.0,64,39
2026-05-21 18:00:50,2026-05-22,6,篮球场-东场地南半场,09:00-10:00,0,1,可预约,￥50.0,多云,24,23,3,0.0,68,39
2026-05-21 18:30:50,2026-05-22,6,篮球场-东场地南半场,09:00-10:00,0,1,可预约,￥50.0,阴,24,25,2,0.0,68,40
2026-05-21 19:00:50,2026-05-22,6,篮球场-东场地南半场,09:00-10:00,0,1,可预约,￥50.0,阴,23,23,3,0.0,76,40
2026-05-21 19:30:46,2026-05-22,6,篮球场-东场地南半场,09:00-10:00,0,1,可预约,￥50.0,阴,23,24,2,0.0,77,39
2026-05-21 20:00:49,2026-05-22,6,篮球场-东场地南半场,09:00-10:00,0,1,可预约,￥50.0,雾,22,23,2,0.0,89,39
2026-05-21 20:30:44,2026-05-22,6,篮球场-东场地南半场,09:00-10:00,0,1,可预约,￥50.0,雾,22,24,2,0.0,93,43
2026-05-21 21:00:56,2026-05-22,6,篮球场-东场地南半场,09:00-10:00,0,1,可预约,￥50.0,雾,20,21,2,0.0,98,43
2026-05-21 21:30:46,2026-05-22,6,篮球场-东场地南半场,09:00-10:00,0,1,可预约,￥50.0,雾,20,22,1,0.0,99,41
2026-05-21 22:01:02,2026-05-22,6,篮球场-东场地南半场,09:00-10:00,0,1,可预约,￥50.0,雾,19,20,2,0.0,93,41
2026-05-21 22:30:47,2026-05-22,6,篮球场-东场地南半场,09:00-10:00,0,1,可预约,￥50.0,雾,19,19,3,0.0,88,46
2026-05-21 23:00:56,2026-05-22,6,篮球场-东场地南半场,09:00-10:00,0,1,可预约,￥50.0,多云,18,17,3,0.0,85,46
2026-05-21 23:30:55,2026-05-22,6,篮球场-东场地南半场,09:00-10:00,0,1,可预约,￥50.0,多云,18,17,3,0.0,85,48
2026-05-21 07:59:26,2026-05-22,6,篮球场-东场地南半场,10:30-11:30,1,1,已售/已满,教学时间,晴,17,12,5,0.0,86,29
2026-05-21 08:00:45,2026-05-22,6,篮球场-东场地南半场,10:30-11:30,1,1,已售/已满,教学时间,晴,17,12,5,0.0,86,29
2026-05-21 08:02:30,2026-05-22,6,篮球场-东场地南半场,10:30-11:30,1,1,已售/已满,教学时间,多云,17,12,5,0.0,87,29
2026-05-21 08:05:36,2026-05-22,6,篮球场-东场地南半场,10:30-11:30,1,1,已售/已满,教学时间,多云,17,12,5,0.0,86,29
2026-05-21 08:08:31,2026-05-22,6,篮球场-东场地南半场,10:30-11:30,1,1,已售/已满,教学时间,多云,17,12,5,0.0,86,29
2026-05-21 08:11:30,2026-05-22,6,篮球场-东场地南半场,10:30-11:30,1,1,已售/已满,教学时间,多云,17,12,5,0.0,86,29
2026-05-21 08:14:31,2026-05-22,6,篮球场-东场地南半场,10:30-11:30,1,1,已售/已满,教学时间,多云,17,12,5,0.0,86,29
2026-05-21 08:17:30,2026-05-22,6,篮球场-东场地南半场,10:30-11:30,1,1,已售/已满,教学时间,多云,17,12,5,0.0,86,29
2026-05-21 08:20:35,2026-05-22,6,篮球场-东场地南半场,10:30-11:30,1,1,已售/已满,教学时间,多云,17,14,4,0.0,85,29
2026-05-21 08:25:32,2026-05-22,6,篮球场-东场地南半场,10:30-11:30,1,1,已售/已满,教学时间,多云,17,14,4,0.0,85,28
2026-05-21 08:30:42,2026-05-22,6,篮球场-东场地南半场,10:30-11:30,1,1,已售/已满,教学时间,多云,18,15,4,0.0,84,28
2026-05-21 08:35:31,2026-05-22,6,篮球场-东场地南半场,10:30-11:30,1,1,已售/已满,教学时间,多云,18,15,4,0.0,84,28
2026-05-21 08:40:38,2026-05-22,6,篮球场-东场地南半场,10:30-11:30,1,1,已售/已满,教学时间,多云,18,15,4,0.0,82,28
2026-05-21 08:45:33,2026-05-22,6,篮球场-东场地南半场,10:30-11:30,1,1,已售/已满,教学时间,多云,18,15,4,0.0,82,28
2026-05-21 08:50:36,2026-05-22,6,篮球场-东场地南半场,10:30-11:30,1,1,已售/已满,教学时间,多云,18,15,4,0.0,82,28
2026-05-21 08:55:34,2026-05-22,6,篮球场-东场地南半场,10:30-11:30,1,1,已售/已满,教学时间,多云,18,15,4,0.0,84,28
2026-05-21 09:00:51,2026-05-22,6,篮球场-东场地南半场,10:30-11:30,1,1,已售/已满,教学时间,多云,18,15,4,0.0,84,28
2026-05-21 09:01:59,2026-05-22,6,篮球场-东场地南半场,10:30-11:30,1,1,已售/已满,教学时间,多云,18,15,4,0.0,83,28
2026-05-21 09:05:33,2026-05-22,6,篮球场-东场地南半场,10:30-11:30,1,1,已售/已满,教学时间,多云,18,15,4,0.0,83,28
2026-05-21 09:20:38,2026-05-22,6,篮球场-东场地南半场,10:30-11:30,1,1,已售/已满,教学时间,多云,18,16,3,0.0,81,28
2026-05-21 09:30:46,2026-05-22,6,篮球场-东场地南半场,10:30-11:30,1,1,已售/已满,教学时间,多云,18,16,3,0.0,81,32
2026-05-21 09:40:36,2026-05-22,6,篮球场-东场地南半场,10:30-11:30,1,1,已售/已满,教学时间,多云,19,17,3,0.0,79,32
2026-05-21 09:50:42,2026-05-22,6,篮球场-东场地南半场,10:30-11:30,1,1,已售/已满,教学时间,多云,19,17,4,0.0,81,32
2026-05-21 10:00:46,2026-05-22,6,篮球场-东场地南半场,10:30-11:30,1,1,已售/已满,教学时间,多云,19,17,4,0.0,79,32
2026-05-21 10:10:40,2026-05-22,6,篮球场-东场地南半场,10:30-11:30,1,1,已售/已满,教学时间,多云,19,17,4,0.0,79,32
2026-05-21 10:20:38,2026-05-22,6,篮球场-东场地南半场,10:30-11:30,1,1,已售/已满,教学时间,多云,19,17,4,0.0,79,32
2026-05-21 10:30:41,2026-05-22,6,篮球场-东场地南半场,10:30-11:30,1,1,已售/已满,教学时间,多云,19,18,3,0.0,78,31
2026-05-21 11:00:44,2026-05-22,6,篮球场-东场地南半场,10:30-11:30,1,1,已售/已满,教学时间,多云,21,17,5,0.0,74,31
2026-05-21 11:30:38,2026-05-22,6,篮球场-东场地南半场,10:30-11:30,1,1,已售/已满,教学时间,多云,21,19,3,0.0,72,33
2026-05-21 12:00:46,2026-05-22,6,篮球场-东场地南半场,10:30-11:30,1,1,已售/已满,教学时间,多云,22,19,4,0.0,70,33
2026-05-21 12:30:42,2026-05-22,6,篮球场-东场地南半场,10:30-11:30,1,1,已售/已满,教学时间,多云,22,21,3,0.0,68,35
2026-05-21 13:00:43,2026-05-22,6,篮球场-东场地南半场,10:30-11:30,1,1,已售/已满,教学时间,多云,24,22,4,0.0,66,35
2026-05-21 13:30:43,2026-05-22,6,篮球场-东场地南半场,10:30-11:30,1,1,已售/已满,教学时间,多云,24,22,4,0.0,66,36
2026-05-21 14:00:48,2026-05-22,6,篮球场-东场地南半场,10:30-11:30,1,1,已售/已满,教学时间,多云,25,23,4,0.0,66,36
2026-05-21 14:30:45,2026-05-22,6,篮球场-东场地南半场,10:30-11:30,1,1,已售/已满,教学时间,晴,25,25,3,0.0,65,39
2026-05-21 15:00:45,2026-05-22,6,篮球场-东场地南半场,10:30-11:30,1,1,已售/已满,教学时间,晴,25,22,4,0.0,56,39
2026-05-21 15:30:43,2026-05-22,6,篮球场-东场地南半场,10:30-11:30,1,1,已售/已满,教学时间,晴,25,23,4,0.0,57,40
2026-05-21 16:00:51,2026-05-22,6,篮球场-东场地南半场,10:30-11:30,1,1,已售/已满,教学时间,晴,25,23,4,0.0,57,40
2026-05-21 16:30:48,2026-05-22,6,篮球场-东场地南半场,10:30-11:30,1,1,已售/已满,教学时间,晴,25,24,3,0.0,60,39
2026-05-21 17:00:49,2026-05-22,6,篮球场-东场地南半场,10:30-11:30,1,1,已售/已满,教学时间,晴,25,24,4,0.0,61,39
2026-05-21 17:30:47,2026-05-22,6,篮球场-东场地南半场,10:30-11:30,1,1,已售/已满,教学时间,多云,24,23,3,0.0,64,39
2026-05-21 18:00:50,2026-05-22,6,篮球场-东场地南半场,10:30-11:30,1,1,已售/已满,教学时间,多云,24,23,3,0.0,68,39
2026-05-21 18:30:50,2026-05-22,6,篮球场-东场地南半场,10:30-11:30,1,1,已售/已满,教学时间,阴,24,25,2,0.0,68,40
2026-05-21 19:00:50,2026-05-22,6,篮球场-东场地南半场,10:30-11:30,1,1,已售/已满,教学时间,阴,23,23,3,0.0,76,40
2026-05-21 19:30:46,2026-05-22,6,篮球场-东场地南半场,10:30-11:30,1,1,已售/已满,教学时间,阴,23,24,2,0.0,77,39
2026-05-21 20:00:49,2026-05-22,6,篮球场-东场地南半场,10:30-11:30,1,1,已售/已满,教学时间,雾,22,23,2,0.0,89,39
2026-05-21 20:30:44,2026-05-22,6,篮球场-东场地南半场,10:30-11:30,1,1,已售/已满,教学时间,雾,22,24,2,0.0,93,43
2026-05-21 21:00:56,2026-05-22,6,篮球场-东场地南半场,10:30-11:30,1,1,已售/已满,教学时间,雾,20,21,2,0.0,98,43
2026-05-21 21:30:46,2026-05-22,6,篮球场-东场地南半场,10:30-11:30,1,1,已售/已满,教学时间,雾,20,22,1,0.0,99,41
2026-05-21 22:01:02,2026-05-22,6,篮球场-东场地南半场,10:30-11:30,1,1,已售/已满,教学时间,雾,19,20,2,0.0,93,41
2026-05-21 22:30:47,2026-05-22,6,篮球场-东场地南半场,10:30-11:30,1,1,已售/已满,教学时间,雾,19,19,3,0.0,88,46
2026-05-21 23:00:56,2026-05-22,6,篮球场-东场地南半场,10:30-11:30,1,1,已售/已满,教学时间,多云,18,17,3,0.0,85,46
2026-05-21 23:30:55,2026-05-22,6,篮球场-东场地南半场,10:30-11:30,1,1,已售/已满,教学时间,多云,18,17,3,0.0,85,48
2026-05-21 07:59:26,2026-05-22,6,篮球场-东场地南半场,14:00-15:00,1,1,已售/已满,教学时间,晴,17,12,5,0.0,86,29
2026-05-21 08:00:45,2026-05-22,6,篮球场-东场地南半场,14:00-15:00,1,1,已售/已满,教学时间,晴,17,12,5,0.0,86,29
2026-05-21 08:02:30,2026-05-22,6,篮球场-东场地南半场,14:00-15:00,1,1,已售/已满,教学时间,多云,17,12,5,0.0,87,29
2026-05-21 08:05:36,2026-05-22,6,篮球场-东场地南半场,14:00-15:00,1,1,已售/已满,教学时间,多云,17,12,5,0.0,86,29
2026-05-21 08:08:31,2026-05-22,6,篮球场-东场地南半场,14:00-15:00,1,1,已售/已满,教学时间,多云,17,12,5,0.0,86,29
2026-05-21 08:11:30,2026-05-22,6,篮球场-东场地南半场,14:00-15:00,1,1,已售/已满,教学时间,多云,17,12,5,0.0,86,29
2026-05-21 08:14:31,2026-05-22,6,篮球场-东场地南半场,14:00-15:00,1,1,已售/已满,教学时间,多云,17,12,5,0.0,86,29
2026-05-21 08:17:30,2026-05-22,6,篮球场-东场地南半场,14:00-15:00,1,1,已售/已满,教学时间,多云,17,12,5,0.0,86,29
2026-05-21 08:20:35,2026-05-22,6,篮球场-东场地南半场,14:00-15:00,1,1,已售/已满,教学时间,多云,17,14,4,0.0,85,29
2026-05-21 08:25:32,2026-05-22,6,篮球场-东场地南半场,14:00-15:00,1,1,已售/已满,教学时间,多云,17,14,4,0.0,85,28
2026-05-21 08:30:42,2026-05-22,6,篮球场-东场地南半场,14:00-15:00,1,1,已售/已满,教学时间,多云,18,15,4,0.0,84,28
2026-05-21 08:35:31,2026-05-22,6,篮球场-东场地南半场,14:00-15:00,1,1,已售/已满,教学时间,多云,18,15,4,0.0,84,28
2026-05-21 08:40:38,2026-05-22,6,篮球场-东场地南半场,14:00-15:00,1,1,已售/已满,教学时间,多云,18,15,4,0.0,82,28
2026-05-21 08:45:33,2026-05-22,6,篮球场-东场地南半场,14:00-15:00,1,1,已售/已满,教学时间,多云,18,15,4,0.0,82,28
2026-05-21 08:50:36,2026-05-22,6,篮球场-东场地南半场,14:00-15:00,1,1,已售/已满,教学时间,多云,18,15,4,0.0,82,28
2026-05-21 08:55:34,2026-05-22,6,篮球场-东场地南半场,14:00-15:00,1,1,已售/已满,教学时间,多云,18,15,4,0.0,84,28
2026-05-21 09:00:51,2026-05-22,6,篮球场-东场地南半场,14:00-15:00,1,1,已售/已满,教学时间,多云,18,15,4,0.0,84,28
2026-05-21 09:01:59,2026-05-22,6,篮球场-东场地南半场,14:00-15:00,1,1,已售/已满,教学时间,多云,18,15,4,0.0,83,28
2026-05-21 09:05:33,2026-05-22,6,篮球场-东场地南半场,14:00-15:00,1,1,已售/已满,教学时间,多云,18,15,4,0.0,83,28
2026-05-21 09:20:38,2026-05-22,6,篮球场-东场地南半场,14:00-15:00,1,1,已售/已满,教学时间,多云,18,16,3,0.0,81,28
2026-05-21 09:30:46,2026-05-22,6,篮球场-东场地南半场,14:00-15:00,1,1,已售/已满,教学时间,多云,18,16,3,0.0,81,32
2026-05-21 09:40:36,2026-05-22,6,篮球场-东场地南半场,14:00-15:00,1,1,已售/已满,教学时间,多云,19,17,3,0.0,79,32
2026-05-21 09:50:42,2026-05-22,6,篮球场-东场地南半场,14:00-15:00,1,1,已售/已满,教学时间,多云,19,17,4,0.0,81,32
2026-05-21 10:00:46,2026-05-22,6,篮球场-东场地南半场,14:00-15:00,1,1,已售/已满,教学时间,多云,19,17,4,0.0,79,32
2026-05-21 10:10:40,2026-05-22,6,篮球场-东场地南半场,14:00-15:00,1,1,已售/已满,教学时间,多云,19,17,4,0.0,79,32
2026-05-21 10:20:38,2026-05-22,6,篮球场-东场地南半场,14:00-15:00,1,1,已售/已满,教学时间,多云,19,17,4,0.0,79,32
2026-05-21 10:30:41,2026-05-22,6,篮球场-东场地南半场,14:00-15:00,1,1,已售/已满,教学时间,多云,19,18,3,0.0,78,31
2026-05-21 11:00:44,2026-05-22,6,篮球场-东场地南半场,14:00-15:00,1,1,已售/已满,教学时间,多云,21,17,5,0.0,74,31
2026-05-21 11:30:38,2026-05-22,6,篮球场-东场地南半场,14:00-15:00,1,1,已售/已满,教学时间,多云,21,19,3,0.0,72,33
2026-05-21 12:00:46,2026-05-22,6,篮球场-东场地南半场,14:00-15:00,1,1,已售/已满,教学时间,多云,22,19,4,0.0,70,33
2026-05-21 12:30:42,2026-05-22,6,篮球场-东场地南半场,14:00-15:00,1,1,已售/已满,教学时间,多云,22,21,3,0.0,68,35
2026-05-21 13:00:43,2026-05-22,6,篮球场-东场地南半场,14:00-15:00,1,1,已售/已满,教学时间,多云,24,22,4,0.0,66,35
2026-05-21 13:30:43,2026-05-22,6,篮球场-东场地南半场,14:00-15:00,1,1,已售/已满,教学时间,多云,24,22,4,0.0,66,36
2026-05-21 14:00:48,2026-05-22,6,篮球场-东场地南半场,14:00-15:00,1,1,已售/已满,教学时间,多云,25,23,4,0.0,66,36
2026-05-21 14:30:45,2026-05-22,6,篮球场-东场地南半场,14:00-15:00,1,1,已售/已满,教学时间,晴,25,25,3,0.0,65,39
2026-05-21 15:00:45,2026-05-22,6,篮球场-东场地南半场,14:00-15:00,1,1,已售/已满,教学时间,晴,25,22,4,0.0,56,39
2026-05-21 15:30:43,2026-05-22,6,篮球场-东场地南半场,14:00-15:00,1,1,已售/已满,教学时间,晴,25,23,4,0.0,57,40
2026-05-21 16:00:51,2026-05-22,6,篮球场-东场地南半场,14:00-15:00,1,1,已售/已满,教学时间,晴,25,23,4,0.0,57,40
2026-05-21 16:30:48,2026-05-22,6,篮球场-东场地南半场,14:00-15:00,1,1,已售/已满,教学时间,晴,25,24,3,0.0,60,39
2026-05-21 17:00:49,2026-05-22,6,篮球场-东场地南半场,14:00-15:00,1,1,已售/已满,教学时间,晴,25,24,4,0.0,61,39
2026-05-21 17:30:47,2026-05-22,6,篮球场-东场地南半场,14:00-15:00,1,1,已售/已满,教学时间,多云,24,23,3,0.0,64,39
2026-05-21 18:00:50,2026-05-22,6,篮球场-东场地南半场,14:00-15:00,1,1,已售/已满,教学时间,多云,24,23,3,0.0,68,39
2026-05-21 18:30:50,2026-05-22,6,篮球场-东场地南半场,14:00-15:00,1,1,已售/已满,教学时间,阴,24,25,2,0.0,68,40
2026-05-21 19:00:50,2026-05-22,6,篮球场-东场地南半场,14:00-15:00,1,1,已售/已满,教学时间,阴,23,23,3,0.0,76,40
2026-05-21 19:30:46,2026-05-22,6,篮球场-东场地南半场,14:00-15:00,1,1,已售/已满,教学时间,阴,23,24,2,0.0,77,39
2026-05-21 20:00:49,2026-05-22,6,篮球场-东场地南半场,14:00-15:00,1,1,已售/已满,教学时间,雾,22,23,2,0.0,89,39
2026-05-21 20:30:44,2026-05-22,6,篮球场-东场地南半场,14:00-15:00,1,1,已售/已满,教学时间,雾,22,24,2,0.0,93,43
2026-05-21 21:00:56,2026-05-22,6,篮球场-东场地南半场,14:00-15:00,1,1,已售/已满,教学时间,雾,20,21,2,0.0,98,43
2026-05-21 21:30:46,2026-05-22,6,篮球场-东场地南半场,14:00-15:00,1,1,已售/已满,教学时间,雾,20,22,1,0.0,99,41
2026-05-21 22:01:02,2026-05-22,6,篮球场-东场地南半场,14:00-15:00,1,1,已售/已满,教学时间,雾,19,20,2,0.0,93,41
2026-05-21 22:30:47,2026-05-22,6,篮球场-东场地南半场,14:00-15:00,1,1,已售/已满,教学时间,雾,19,19,3,0.0,88,46
2026-05-21 23:00:56,2026-05-22,6,篮球场-东场地南半场,14:00-15:00,1,1,已售/已满,教学时间,多云,18,17,3,0.0,85,46
2026-05-21 23:30:55,2026-05-22,6,篮球场-东场地南半场,14:00-15:00,1,1,已售/已满,教学时间,多云,18,17,3,0.0,85,48
2026-05-21 07:59:26,2026-05-22,6,篮球场-东场地南半场,15:00-16:00,1,1,已售/已满,教学时间,晴,17,12,5,0.0,86,29
2026-05-21 08:00:45,2026-05-22,6,篮球场-东场地南半场,15:00-16:00,1,1,已售/已满,教学时间,晴,17,12,5,0.0,86,29
2026-05-21 08:02:30,2026-05-22,6,篮球场-东场地南半场,15:00-16:00,1,1,已售/已满,教学时间,多云,17,12,5,0.0,87,29
2026-05-21 08:05:36,2026-05-22,6,篮球场-东场地南半场,15:00-16:00,1,1,已售/已满,教学时间,多云,17,12,5,0.0,86,29
2026-05-21 08:08:31,2026-05-22,6,篮球场-东场地南半场,15:00-16:00,1,1,已售/已满,教学时间,多云,17,12,5,0.0,86,29
2026-05-21 08:11:30,2026-05-22,6,篮球场-东场地南半场,15:00-16:00,1,1,已售/已满,教学时间,多云,17,12,5,0.0,86,29
2026-05-21 08:14:31,2026-05-22,6,篮球场-东场地南半场,15:00-16:00,1,1,已售/已满,教学时间,多云,17,12,5,0.0,86,29
2026-05-21 08:17:30,2026-05-22,6,篮球场-东场地南半场,15:00-16:00,1,1,已售/已满,教学时间,多云,17,12,5,0.0,86,29
2026-05-21 08:20:35,2026-05-22,6,篮球场-东场地南半场,15:00-16:00,1,1,已售/已满,教学时间,多云,17,14,4,0.0,85,29
2026-05-21 08:25:32,2026-05-22,6,篮球场-东场地南半场,15:00-16:00,1,1,已售/已满,教学时间,多云,17,14,4,0.0,85,28
2026-05-21 08:30:42,2026-05-22,6,篮球场-东场地南半场,15:00-16:00,1,1,已售/已满,教学时间,多云,18,15,4,0.0,84,28
2026-05-21 08:35:31,2026-05-22,6,篮球场-东场地南半场,15:00-16:00,1,1,已售/已满,教学时间,多云,18,15,4,0.0,84,28
2026-05-21 08:40:38,2026-05-22,6,篮球场-东场地南半场,15:00-16:00,1,1,已售/已满,教学时间,多云,18,15,4,0.0,82,28
2026-05-21 08:45:33,2026-05-22,6,篮球场-东场地南半场,15:00-16:00,1,1,已售/已满,教学时间,多云,18,15,4,0.0,82,28
2026-05-21 08:50:36,2026-05-22,6,篮球场-东场地南半场,15:00-16:00,1,1,已售/已满,教学时间,多云,18,15,4,0.0,82,28
2026-05-21 08:55:34,2026-05-22,6,篮球场-东场地南半场,15:00-16:00,1,1,已售/已满,教学时间,多云,18,15,4,0.0,84,28
2026-05-21 09:00:51,2026-05-22,6,篮球场-东场地南半场,15:00-16:00,1,1,已售/已满,教学时间,多云,18,15,4,0.0,84,28
2026-05-21 09:01:59,2026-05-22,6,篮球场-东场地南半场,15:00-16:00,1,1,已售/已满,教学时间,多云,18,15,4,0.0,83,28
2026-05-21 09:05:33,2026-05-22,6,篮球场-东场地南半场,15:00-16:00,1,1,已售/已满,教学时间,多云,18,15,4,0.0,83,28
2026-05-21 09:20:38,2026-05-22,6,篮球场-东场地南半场,15:00-16:00,1,1,已售/已满,教学时间,多云,18,16,3,0.0,81,28
2026-05-21 09:30:46,2026-05-22,6,篮球场-东场地南半场,15:00-16:00,1,1,已售/已满,教学时间,多云,18,16,3,0.0,81,32
2026-05-21 09:40:36,2026-05-22,6,篮球场-东场地南半场,15:00-16:00,1,1,已售/已满,教学时间,多云,19,17,3,0.0,79,32
2026-05-21 09:50:42,2026-05-22,6,篮球场-东场地南半场,15:00-16:00,1,1,已售/已满,教学时间,多云,19,17,4,0.0,81,32
2026-05-21 10:00:46,2026-05-22,6,篮球场-东场地南半场,15:00-16:00,1,1,已售/已满,教学时间,多云,19,17,4,0.0,79,32
2026-05-21 10:10:40,2026-05-22,6,篮球场-东场地南半场,15:00-16:00,1,1,已售/已满,教学时间,多云,19,17,4,0.0,79,32
2026-05-21 10:20:38,2026-05-22,6,篮球场-东场地南半场,15:00-16:00,1,1,已售/已满,教学时间,多云,19,17,4,0.0,79,32
2026-05-21 10:30:41,2026-05-22,6,篮球场-东场地南半场,15:00-16:00,1,1,已售/已满,教学时间,多云,19,18,3,0.0,78,31
2026-05-21 11:00:44,2026-05-22,6,篮球场-东场地南半场,15:00-16:00,1,1,已售/已满,教学时间,多云,21,17,5,0.0,74,31
2026-05-21 11:30:38,2026-05-22,6,篮球场-东场地南半场,15:00-16:00,1,1,已售/已满,教学时间,多云,21,19,3,0.0,72,33
2026-05-21 12:00:46,2026-05-22,6,篮球场-东场地南半场,15:00-16:00,1,1,已售/已满,教学时间,多云,22,19,4,0.0,70,33
2026-05-21 12:30:42,2026-05-22,6,篮球场-东场地南半场,15:00-16:00,1,1,已售/已满,教学时间,多云,22,21,3,0.0,68,35
2026-05-21 13:00:43,2026-05-22,6,篮球场-东场地南半场,15:00-16:00,1,1,已售/已满,教学时间,多云,24,22,4,0.0,66,35
2026-05-21 13:30:43,2026-05-22,6,篮球场-东场地南半场,15:00-16:00,1,1,已售/已满,教学时间,多云,24,22,4,0.0,66,36
2026-05-21 14:00:48,2026-05-22,6,篮球场-东场地南半场,15:00-16:00,1,1,已售/已满,教学时间,多云,25,23,4,0.0,66,36
2026-05-21 14:30:45,2026-05-22,6,篮球场-东场地南半场,15:00-16:00,1,1,已售/已满,教学时间,晴,25,25,3,0.0,65,39
2026-05-21 15:00:45,2026-05-22,6,篮球场-东场地南半场,15:00-16:00,1,1,已售/已满,教学时间,晴,25,22,4,0.0,56,39
2026-05-21 15:30:43,2026-05-22,6,篮球场-东场地南半场,15:00-16:00,1,1,已售/已满,教学时间,晴,25,23,4,0.0,57,40
2026-05-21 16:00:51,2026-05-22,6,篮球场-东场地南半场,15:00-16:00,1,1,已售/已满,教学时间,晴,25,23,4,0.0,57,40
2026-05-21 16:30:48,2026-05-22,6,篮球场-东场地南半场,15:00-16:00,1,1,已售/已满,教学时间,晴,25,24,3,0.0,60,39
2026-05-21 17:00:49,2026-05-22,6,篮球场-东场地南半场,15:00-16:00,1,1,已售/已满,教学时间,晴,25,24,4,0.0,61,39
2026-05-21 17:30:47,2026-05-22,6,篮球场-东场地南半场,15:00-16:00,1,1,已售/已满,教学时间,多云,24,23,3,0.0,64,39
2026-05-21 18:00:50,2026-05-22,6,篮球场-东场地南半场,15:00-16:00,1,1,已售/已满,教学时间,多云,24,23,3,0.0,68,39
2026-05-21 18:30:50,2026-05-22,6,篮球场-东场地南半场,15:00-16:00,1,1,已售/已满,教学时间,阴,24,25,2,0.0,68,40
2026-05-21 19:00:50,2026-05-22,6,篮球场-东场地南半场,15:00-16:00,1,1,已售/已满,教学时间,阴,23,23,3,0.0,76,40
2026-05-21 19:30:46,2026-05-22,6,篮球场-东场地南半场,15:00-16:00,1,1,已售/已满,教学时间,阴,23,24,2,0.0,77,39
2026-05-21 20:00:49,2026-05-22,6,篮球场-东场地南半场,15:00-16:00,1,1,已售/已满,教学时间,雾,22,23,2,0.0,89,39
2026-05-21 20:30:44,2026-05-22,6,篮球场-东场地南半场,15:00-16:00,1,1,已售/已满,教学时间,雾,22,24,2,0.0,93,43
2026-05-21 21:00:56,2026-05-22,6,篮球场-东场地南半场,15:00-16:00,1,1,已售/已满,教学时间,雾,20,21,2,0.0,98,43
2026-05-21 21:30:46,2026-05-22,6,篮球场-东场地南半场,15:00-16:00,1,1,已售/已满,教学时间,雾,20,22,1,0.0,99,41
2026-05-21 22:01:02,2026-05-22,6,篮球场-东场地南半场,15:00-16:00,1,1,已售/已满,教学时间,雾,19,20,2,0.0,93,41
2026-05-21 22:30:47,2026-05-22,6,篮球场-东场地南半场,15:00-16:00,1,1,已售/已满,教学时间,雾,19,19,3,0.0,88,46
2026-05-21 23:00:56,2026-05-22,6,篮球场-东场地南半场,15:00-16:00,1,1,已售/已满,教学时间,多云,18,17,3,0.0,85,46
2026-05-21 23:30:55,2026-05-22,6,篮球场-东场地南半场,15:00-16:00,1,1,已售/已满,教学时间,多云,18,17,3,0.0,85,48
2026-05-21 07:59:26,2026-05-22,6,篮球场-东场地南半场,16:00-17:00,0,1,可预约,￥50.0,晴,17,12,5,0.0,86,29
2026-05-21 08:00:45,2026-05-22,6,篮球场-东场地南半场,16:00-17:00,0,1,可预约,￥50.0,晴,17,12,5,0.0,86,29
2026-05-21 08:02:30,2026-05-22,6,篮球场-东场地南半场,16:00-17:00,0,1,可预约,￥50.0,多云,17,12,5,0.0,87,29
2026-05-21 08:05:36,2026-05-22,6,篮球场-东场地南半场,16:00-17:00,0,1,可预约,￥50.0,多云,17,12,5,0.0,86,29
2026-05-21 08:08:31,2026-05-22,6,篮球场-东场地南半场,16:00-17:00,0,1,可预约,￥50.0,多云,17,12,5,0.0,86,29
2026-05-21 08:11:30,2026-05-22,6,篮球场-东场地南半场,16:00-17:00,0,1,可预约,￥50.0,多云,17,12,5,0.0,86,29
2026-05-21 08:14:31,2026-05-22,6,篮球场-东场地南半场,16:00-17:00,0,1,可预约,￥50.0,多云,17,12,5,0.0,86,29
2026-05-21 08:17:30,2026-05-22,6,篮球场-东场地南半场,16:00-17:00,0,1,可预约,￥50.0,多云,17,12,5,0.0,86,29
2026-05-21 08:20:35,2026-05-22,6,篮球场-东场地南半场,16:00-17:00,0,1,可预约,￥50.0,多云,17,14,4,0.0,85,29
2026-05-21 08:25:32,2026-05-22,6,篮球场-东场地南半场,16:00-17:00,0,1,可预约,￥50.0,多云,17,14,4,0.0,85,28
2026-05-21 08:30:42,2026-05-22,6,篮球场-东场地南半场,16:00-17:00,0,1,可预约,￥50.0,多云,18,15,4,0.0,84,28
2026-05-21 08:35:31,2026-05-22,6,篮球场-东场地南半场,16:00-17:00,0,1,可预约,￥50.0,多云,18,15,4,0.0,84,28
2026-05-21 08:40:38,2026-05-22,6,篮球场-东场地南半场,16:00-17:00,0,1,可预约,￥50.0,多云,18,15,4,0.0,82,28
2026-05-21 08:45:33,2026-05-22,6,篮球场-东场地南半场,16:00-17:00,0,1,可预约,￥50.0,多云,18,15,4,0.0,82,28
2026-05-21 08:50:36,2026-05-22,6,篮球场-东场地南半场,16:00-17:00,0,1,可预约,￥50.0,多云,18,15,4,0.0,82,28
2026-05-21 08:55:34,2026-05-22,6,篮球场-东场地南半场,16:00-17:00,0,1,可预约,￥50.0,多云,18,15,4,0.0,84,28
2026-05-21 09:00:51,2026-05-22,6,篮球场-东场地南半场,16:00-17:00,0,1,可预约,￥50.0,多云,18,15,4,0.0,84,28
2026-05-21 09:01:59,2026-05-22,6,篮球场-东场地南半场,16:00-17:00,0,1,可预约,￥50.0,多云,18,15,4,0.0,83,28
2026-05-21 09:05:33,2026-05-22,6,篮球场-东场地南半场,16:00-17:00,0,1,可预约,￥50.0,多云,18,15,4,0.0,83,28
2026-05-21 09:20:38,2026-05-22,6,篮球场-东场地南半场,16:00-17:00,0,1,可预约,￥50.0,多云,18,16,3,0.0,81,28
2026-05-21 09:30:46,2026-05-22,6,篮球场-东场地南半场,16:00-17:00,0,1,可预约,￥50.0,多云,18,16,3,0.0,81,32
2026-05-21 09:40:36,2026-05-22,6,篮球场-东场地南半场,16:00-17:00,0,1,可预约,￥50.0,多云,19,17,3,0.0,79,32
2026-05-21 09:50:42,2026-05-22,6,篮球场-东场地南半场,16:00-17:00,0,1,可预约,￥50.0,多云,19,17,4,0.0,81,32
2026-05-21 10:00:46,2026-05-22,6,篮球场-东场地南半场,16:00-17:00,0,1,可预约,￥50.0,多云,19,17,4,0.0,79,32
2026-05-21 10:10:40,2026-05-22,6,篮球场-东场地南半场,16:00-17:00,0,1,可预约,￥50.0,多云,19,17,4,0.0,79,32
2026-05-21 10:20:38,2026-05-22,6,篮球场-东场地南半场,16:00-17:00,0,1,可预约,￥50.0,多云,19,17,4,0.0,79,32
2026-05-21 10:30:41,2026-05-22,6,篮球场-东场地南半场,16:00-17:00,0,1,可预约,￥50.0,多云,19,18,3,0.0,78,31
2026-05-21 11:00:44,2026-05-22,6,篮球场-东场地南半场,16:00-17:00,0,1,可预约,￥50.0,多云,21,17,5,0.0,74,31
2026-05-21 11:30:38,2026-05-22,6,篮球场-东场地南半场,16:00-17:00,0,1,可预约,￥50.0,多云,21,19,3,0.0,72,33
2026-05-21 12:00:46,2026-05-22,6,篮球场-东场地南半场,16:00-17:00,0,1,可预约,￥50.0,多云,22,19,4,0.0,70,33
2026-05-21 12:30:42,2026-05-22,6,篮球场-东场地南半场,16:00-17:00,0,1,可预约,￥50.0,多云,22,21,3,0.0,68,35
2026-05-21 13:00:43,2026-05-22,6,篮球场-东场地南半场,16:00-17:00,0,1,可预约,￥50.0,多云,24,22,4,0.0,66,35
2026-05-21 13:30:43,2026-05-22,6,篮球场-东场地南半场,16:00-17:00,0,1,可预约,￥50.0,多云,24,22,4,0.0,66,36
2026-05-21 14:00:48,2026-05-22,6,篮球场-东场地南半场,16:00-17:00,0,1,可预约,￥50.0,多云,25,23,4,0.0,66,36
2026-05-21 14:30:45,2026-05-22,6,篮球场-东场地南半场,16:00-17:00,0,1,可预约,￥50.0,晴,25,25,3,0.0,65,39
2026-05-21 15:00:45,2026-05-22,6,篮球场-东场地南半场,16:00-17:00,0,1,可预约,￥50.0,晴,25,22,4,0.0,56,39
2026-05-21 15:30:43,2026-05-22,6,篮球场-东场地南半场,16:00-17:00,0,1,可预约,￥50.0,晴,25,23,4,0.0,57,40
2026-05-21 16:00:51,2026-05-22,6,篮球场-东场地南半场,16:00-17:00,0,1,可预约,￥50.0,晴,25,23,4,0.0,57,40
2026-05-21 16:30:48,2026-05-22,6,篮球场-东场地南半场,16:00-17:00,0,1,可预约,￥50.0,晴,25,24,3,0.0,60,39
2026-05-21 17:00:49,2026-05-22,6,篮球场-东场地南半场,16:00-17:00,0,1,可预约,￥50.0,晴,25,24,4,0.0,61,39
2026-05-21 17:30:47,2026-05-22,6,篮球场-东场地南半场,16:00-17:00,0,1,可预约,￥50.0,多云,24,23,3,0.0,64,39
2026-05-21 18:00:50,2026-05-22,6,篮球场-东场地南半场,16:00-17:00,0,1,可预约,￥50.0,多云,24,23,3,0.0,68,39
2026-05-21 18:30:50,2026-05-22,6,篮球场-东场地南半场,16:00-17:00,0,1,可预约,￥50.0,阴,24,25,2,0.0,68,40
2026-05-21 19:00:50,2026-05-22,6,篮球场-东场地南半场,16:00-17:00,0,1,可预约,￥50.0,阴,23,23,3,0.0,76,40
2026-05-21 19:30:46,2026-05-22,6,篮球场-东场地南半场,16:00-17:00,0,1,可预约,￥50.0,阴,23,24,2,0.0,77,39
2026-05-21 20:00:49,2026-05-22,6,篮球场-东场地南半场,16:00-17:00,0,1,可预约,￥50.0,雾,22,23,2,0.0,89,39
2026-05-21 20:30:44,2026-05-22,6,篮球场-东场地南半场,16:00-17:00,0,1,可预约,￥50.0,雾,22,24,2,0.0,93,43
2026-05-21 21:00:56,2026-05-22,6,篮球场-东场地南半场,16:00-17:00,0,1,可预约,￥50.0,雾,20,21,2,0.0,98,43
2026-05-21 21:30:46,2026-05-22,6,篮球场-东场地南半场,16:00-17:00,0,1,可预约,￥50.0,雾,20,22,1,0.0,99,41
2026-05-21 22:01:02,2026-05-22,6,篮球场-东场地南半场,16:00-17:00,0,1,可预约,￥50.0,雾,19,20,2,0.0,93,41
2026-05-21 22:30:47,2026-05-22,6,篮球场-东场地南半场,16:00-17:00,0,1,可预约,￥50.0,雾,19,19,3,0.0,88,46
2026-05-21 23:00:56,2026-05-22,6,篮球场-东场地南半场,16:00-17:00,0,1,可预约,￥50.0,多云,18,17,3,0.0,85,46
2026-05-21 23:30:55,2026-05-22,6,篮球场-东场地南半场,16:00-17:00,0,1,可预约,￥50.0,多云,18,17,3,0.0,85,48
2026-05-21 07:59:26,2026-05-22,6,篮球场-东场地南半场,19:00-20:00,0,1,可预约,￥50.0,晴,17,12,5,0.0,86,29
2026-05-21 08:00:45,2026-05-22,6,篮球场-东场地南半场,19:00-20:00,0,1,可预约,￥50.0,晴,17,12,5,0.0,86,29
2026-05-21 08:02:30,2026-05-22,6,篮球场-东场地南半场,19:00-20:00,0,1,可预约,￥50.0,多云,17,12,5,0.0,87,29
2026-05-21 08:05:36,2026-05-22,6,篮球场-东场地南半场,19:00-20:00,0,1,可预约,￥50.0,多云,17,12,5,0.0,86,29
2026-05-21 08:08:31,2026-05-22,6,篮球场-东场地南半场,19:00-20:00,0,1,可预约,￥50.0,多云,17,12,5,0.0,86,29
2026-05-21 08:11:30,2026-05-22,6,篮球场-东场地南半场,19:00-20:00,0,1,可预约,￥50.0,多云,17,12,5,0.0,86,29
2026-05-21 08:14:31,2026-05-22,6,篮球场-东场地南半场,19:00-20:00,0,1,可预约,￥50.0,多云,17,12,5,0.0,86,29
2026-05-21 08:17:30,2026-05-22,6,篮球场-东场地南半场,19:00-20:00,0,1,可预约,￥50.0,多云,17,12,5,0.0,86,29
2026-05-21 08:20:35,2026-05-22,6,篮球场-东场地南半场,19:00-20:00,0,1,可预约,￥50.0,多云,17,14,4,0.0,85,29
2026-05-21 08:25:32,2026-05-22,6,篮球场-东场地南半场,19:00-20:00,0,1,可预约,￥50.0,多云,17,14,4,0.0,85,28
2026-05-21 08:30:42,2026-05-22,6,篮球场-东场地南半场,19:00-20:00,0,1,可预约,￥50.0,多云,18,15,4,0.0,84,28
2026-05-21 08:35:31,2026-05-22,6,篮球场-东场地南半场,19:00-20:00,0,1,可预约,￥50.0,多云,18,15,4,0.0,84,28
2026-05-21 08:40:38,2026-05-22,6,篮球场-东场地南半场,19:00-20:00,0,1,可预约,￥50.0,多云,18,15,4,0.0,82,28
2026-05-21 08:45:33,2026-05-22,6,篮球场-东场地南半场,19:00-20:00,0,1,可预约,￥50.0,多云,18,15,4,0.0,82,28
2026-05-21 08:50:36,2026-05-22,6,篮球场-东场地南半场,19:00-20:00,0,1,可预约,￥50.0,多云,18,15,4,0.0,82,28
2026-05-21 08:55:34,2026-05-22,6,篮球场-东场地南半场,19:00-20:00,0,1,可预约,￥50.0,多云,18,15,4,0.0,84,28
2026-05-21 09:00:51,2026-05-22,6,篮球场-东场地南半场,19:00-20:00,0,1,可预约,￥50.0,多云,18,15,4,0.0,84,28
2026-05-21 09:01:59,2026-05-22,6,篮球场-东场地南半场,19:00-20:00,0,1,可预约,￥50.0,多云,18,15,4,0.0,83,28
2026-05-21 09:05:33,2026-05-22,6,篮球场-东场地南半场,19:00-20:00,0,1,可预约,￥50.0,多云,18,15,4,0.0,83,28
2026-05-21 09:20:38,2026-05-22,6,篮球场-东场地南半场,19:00-20:00,0,1,可预约,￥50.0,多云,18,16,3,0.0,81,28
2026-05-21 09:30:46,2026-05-22,6,篮球场-东场地南半场,19:00-20:00,0,1,可预约,￥50.0,多云,18,16,3,0.0,81,32
2026-05-21 09:40:36,2026-05-22,6,篮球场-东场地南半场,19:00-20:00,0,1,可预约,￥50.0,多云,19,17,3,0.0,79,32
2026-05-21 09:50:42,2026-05-22,6,篮球场-东场地南半场,19:00-20:00,0,1,可预约,￥50.0,多云,19,17,4,0.0,81,32
2026-05-21 10:00:46,2026-05-22,6,篮球场-东场地南半场,19:00-20:00,0,1,可预约,￥50.0,多云,19,17,4,0.0,79,32
2026-05-21 10:10:40,2026-05-22,6,篮球场-东场地南半场,19:00-20:00,0,1,可预约,￥50.0,多云,19,17,4,0.0,79,32
2026-05-21 10:20:38,2026-05-22,6,篮球场-东场地南半场,19:00-20:00,0,1,可预约,￥50.0,多云,19,17,4,0.0,79,32
2026-05-21 10:30:41,2026-05-22,6,篮球场-东场地南半场,19:00-20:00,0,1,可预约,￥50.0,多云,19,18,3,0.0,78,31
2026-05-21 11:00:44,2026-05-22,6,篮球场-东场地南半场,19:00-20:00,0,1,可预约,￥50.0,多云,21,17,5,0.0,74,31
2026-05-21 11:30:38,2026-05-22,6,篮球场-东场地南半场,19:00-20:00,0,1,可预约,￥50.0,多云,21,19,3,0.0,72,33
2026-05-21 12:00:46,2026-05-22,6,篮球场-东场地南半场,19:00-20:00,0,1,可预约,￥50.0,多云,22,19,4,0.0,70,33
2026-05-21 12:30:42,2026-05-22,6,篮球场-东场地南半场,19:00-20:00,0,1,可预约,￥50.0,多云,22,21,3,0.0,68,35
2026-05-21 13:00:43,2026-05-22,6,篮球场-东场地南半场,19:00-20:00,0,1,可预约,￥50.0,多云,24,22,4,0.0,66,35
2026-05-21 13:30:43,2026-05-22,6,篮球场-东场地南半场,19:00-20:00,0,1,可预约,￥50.0,多云,24,22,4,0.0,66,36
2026-05-21 14:00:48,2026-05-22,6,篮球场-东场地南半场,19:00-20:00,0,1,可预约,￥50.0,多云,25,23,4,0.0,66,36
2026-05-21 14:30:45,2026-05-22,6,篮球场-东场地南半场,19:00-20:00,0,1,可预约,￥50.0,晴,25,25,3,0.0,65,39
2026-05-21 15:00:45,2026-05-22,6,篮球场-东场地南半场,19:00-20:00,0,1,可预约,￥50.0,晴,25,22,4,0.0,56,39
2026-05-21 15:30:43,2026-05-22,6,篮球场-东场地南半场,19:00-20:00,0,1,可预约,￥50.0,晴,25,23,4,0.0,57,40
2026-05-21 16:00:51,2026-05-22,6,篮球场-东场地南半场,19:00-20:00,0,1,可预约,￥50.0,晴,25,23,4,0.0,57,40
2026-05-21 16:30:48,2026-05-22,6,篮球场-东场地南半场,19:00-20:00,0,1,可预约,￥50.0,晴,25,24,3,0.0,60,39
2026-05-21 17:00:49,2026-05-22,6,篮球场-东场地南半场,19:00-20:00,0,1,可预约,￥50.0,晴,25,24,4,0.0,61,39
2026-05-21 17:30:47,2026-05-22,6,篮球场-东场地南半场,19:00-20:00,0,1,可预约,￥50.0,多云,24,23,3,0.0,64,39
2026-05-21 18:00:50,2026-05-22,6,篮球场-东场地南半场,19:00-20:00,0,1,可预约,￥50.0,多云,24,23,3,0.0,68,39
2026-05-21 18:30:50,2026-05-22,6,篮球场-东场地南半场,19:00-20:00,0,1,可预约,￥50.0,阴,24,25,2,0.0,68,40
2026-05-21 19:00:50,2026-05-22,6,篮球场-东场地南半场,19:00-20:00,0,1,可预约,￥50.0,阴,23,23,3,0.0,76,40
2026-05-21 19:30:46,2026-05-22,6,篮球场-东场地南半场,19:00-20:00,0,1,可预约,￥50.0,阴,23,24,2,0.0,77,39
2026-05-21 20:00:49,2026-05-22,6,篮球场-东场地南半场,19:00-20:00,0,1,可预约,￥50.0,雾,22,23,2,0.0,89,39
2026-05-21 20:30:44,2026-05-22,6,篮球场-东场地南半场,19:00-20:00,0,1,可预约,￥50.0,雾,22,24,2,0.0,93,43
2026-05-21 21:00:56,2026-05-22,6,篮球场-东场地南半场,19:00-20:00,0,1,可预约,￥50.0,雾,20,21,2,0.0,98,43
2026-05-21 21:30:46,2026-05-22,6,篮球场-东场地南半场,19:00-20:00,0,1,可预约,￥50.0,雾,20,22,1,0.0,99,41
2026-05-21 22:01:02,2026-05-22,6,篮球场-东场地南半场,19:00-20:00,0,1,可预约,￥50.0,雾,19,20,2,0.0,93,41
2026-05-21 22:30:47,2026-05-22,6,篮球场-东场地南半场,19:00-20:00,0,1,可预约,￥50.0,雾,19,19,3,0.0,88,46
2026-05-21 23:00:56,2026-05-22,6,篮球场-东场地南半场,19:00-20:00,0,1,可预约,￥50.0,多云,18,17,3,0.0,85,46
2026-05-21 23:30:55,2026-05-22,6,篮球场-东场地南半场,19:00-20:00,0,1,可预约,￥50.0,多云,18,17,3,0.0,85,48
2026-05-21 07:59:26,2026-05-22,6,篮球场-东场地南半场,20:30-21:30,0,1,可预约,￥50.0,晴,17,12,5,0.0,86,29
2026-05-21 08:00:45,2026-05-22,6,篮球场-东场地南半场,20:30-21:30,0,1,可预约,￥50.0,晴,17,12,5,0.0,86,29
2026-05-21 08:02:30,2026-05-22,6,篮球场-东场地南半场,20:30-21:30,0,1,可预约,￥50.0,多云,17,12,5,0.0,87,29
2026-05-21 08:05:36,2026-05-22,6,篮球场-东场地南半场,20:30-21:30,0,1,可预约,￥50.0,多云,17,12,5,0.0,86,29
2026-05-21 08:08:31,2026-05-22,6,篮球场-东场地南半场,20:30-21:30,0,1,可预约,￥50.0,多云,17,12,5,0.0,86,29
2026-05-21 08:11:30,2026-05-22,6,篮球场-东场地南半场,20:30-21:30,0,1,可预约,￥50.0,多云,17,12,5,0.0,86,29
2026-05-21 08:14:31,2026-05-22,6,篮球场-东场地南半场,20:30-21:30,0,1,可预约,￥50.0,多云,17,12,5,0.0,86,29
2026-05-21 08:17:30,2026-05-22,6,篮球场-东场地南半场,20:30-21:30,0,1,可预约,￥50.0,多云,17,12,5,0.0,86,29
2026-05-21 08:20:35,2026-05-22,6,篮球场-东场地南半场,20:30-21:30,0,1,可预约,￥50.0,多云,17,14,4,0.0,85,29
2026-05-21 08:25:32,2026-05-22,6,篮球场-东场地南半场,20:30-21:30,0,1,可预约,￥50.0,多云,17,14,4,0.0,85,28
2026-05-21 08:30:42,2026-05-22,6,篮球场-东场地南半场,20:30-21:30,0,1,可预约,￥50.0,多云,18,15,4,0.0,84,28
2026-05-21 08:35:31,2026-05-22,6,篮球场-东场地南半场,20:30-21:30,0,1,可预约,￥50.0,多云,18,15,4,0.0,84,28
2026-05-21 08:40:38,2026-05-22,6,篮球场-东场地南半场,20:30-21:30,0,1,可预约,￥50.0,多云,18,15,4,0.0,82,28
2026-05-21 08:45:33,2026-05-22,6,篮球场-东场地南半场,20:30-21:30,0,1,可预约,￥50.0,多云,18,15,4,0.0,82,28
2026-05-21 08:50:36,2026-05-22,6,篮球场-东场地南半场,20:30-21:30,0,1,可预约,￥50.0,多云,18,15,4,0.0,82,28
2026-05-21 08:55:34,2026-05-22,6,篮球场-东场地南半场,20:30-21:30,0,1,可预约,￥50.0,多云,18,15,4,0.0,84,28
2026-05-21 09:00:51,2026-05-22,6,篮球场-东场地南半场,20:30-21:30,0,1,可预约,￥50.0,多云,18,15,4,0.0,84,28
2026-05-21 09:01:59,2026-05-22,6,篮球场-东场地南半场,20:30-21:30,0,1,可预约,￥50.0,多云,18,15,4,0.0,83,28
2026-05-21 09:05:33,2026-05-22,6,篮球场-东场地南半场,20:30-21:30,0,1,可预约,￥50.0,多云,18,15,4,0.0,83,28
2026-05-21 09:20:38,2026-05-22,6,篮球场-东场地南半场,20:30-21:30,0,1,可预约,￥50.0,多云,18,16,3,0.0,81,28
2026-05-21 09:30:46,2026-05-22,6,篮球场-东场地南半场,20:30-21:30,0,1,可预约,￥50.0,多云,18,16,3,0.0,81,32
2026-05-21 09:40:36,2026-05-22,6,篮球场-东场地南半场,20:30-21:30,0,1,可预约,￥50.0,多云,19,17,3,0.0,79,32
2026-05-21 09:50:42,2026-05-22,6,篮球场-东场地南半场,20:30-21:30,0,1,可预约,￥50.0,多云,19,17,4,0.0,81,32
2026-05-21 10:00:46,2026-05-22,6,篮球场-东场地南半场,20:30-21:30,0,1,可预约,￥50.0,多云,19,17,4,0.0,79,32
2026-05-21 10:10:40,2026-05-22,6,篮球场-东场地南半场,20:30-21:30,0,1,可预约,￥50.0,多云,19,17,4,0.0,79,32
2026-05-21 10:20:38,2026-05-22,6,篮球场-东场地南半场,20:30-21:30,0,1,可预约,￥50.0,多云,19,17,4,0.0,79,32
2026-05-21 10:30:41,2026-05-22,6,篮球场-东场地南半场,20:30-21:30,0,1,可预约,￥50.0,多云,19,18,3,0.0,78,31
2026-05-21 11:00:44,2026-05-22,6,篮球场-东场地南半场,20:30-21:30,0,1,可预约,￥50.0,多云,21,17,5,0.0,74,31
2026-05-21 11:30:38,2026-05-22,6,篮球场-东场地南半场,20:30-21:30,0,1,可预约,￥50.0,多云,21,19,3,0.0,72,33
2026-05-21 12:00:46,2026-05-22,6,篮球场-东场地南半场,20:30-21:30,0,1,可预约,￥50.0,多云,22,19,4,0.0,70,33
2026-05-21 12:30:42,2026-05-22,6,篮球场-东场地南半场,20:30-21:30,0,1,可预约,￥50.0,多云,22,21,3,0.0,68,35
2026-05-21 13:00:43,2026-05-22,6,篮球场-东场地南半场,20:30-21:30,0,1,可预约,￥50.0,多云,24,22,4,0.0,66,35
2026-05-21 13:30:43,2026-05-22,6,篮球场-东场地南半场,20:30-21:30,0,1,可预约,￥50.0,多云,24,22,4,0.0,66,36
2026-05-21 14:00:48,2026-05-22,6,篮球场-东场地南半场,20:30-21:30,0,1,可预约,￥50.0,多云,25,23,4,0.0,66,36
2026-05-21 14:30:45,2026-05-22,6,篮球场-东场地南半场,20:30-21:30,0,1,可预约,￥50.0,晴,25,25,3,0.0,65,39
2026-05-21 15:00:45,2026-05-22,6,篮球场-东场地南半场,20:30-21:30,0,1,可预约,￥50.0,晴,25,22,4,0.0,56,39
2026-05-21 15:30:43,2026-05-22,6,篮球场-东场地南半场,20:30-21:30,0,1,可预约,￥50.0,晴,25,23,4,0.0,57,40
2026-05-21 16:00:51,2026-05-22,6,篮球场-东场地南半场,20:30-21:30,0,1,可预约,￥50.0,晴,25,23,4,0.0,57,40
2026-05-21 16:30:48,2026-05-22,6,篮球场-东场地南半场,20:30-21:30,0,1,可预约,￥50.0,晴,25,24,3,0.0,60,39
2026-05-21 17:00:49,2026-05-22,6,篮球场-东场地南半场,20:30-21:30,0,1,可预约,￥50.0,晴,25,24,4,0.0,61,39
2026-05-21 17:30:47,2026-05-22,6,篮球场-东场地南半场,20:30-21:30,0,1,可预约,￥50.0,多云,24,23,3,0.0,64,39
2026-05-21 18:00:50,2026-05-22,6,篮球场-东场地南半场,20:30-21:30,0,1,可预约,￥50.0,多云,24,23,3,0.0,68,39
2026-05-21 18:30:50,2026-05-22,6,篮球场-东场地南半场,20:30-21:30,0,1,可预约,￥50.0,阴,24,25,2,0.0,68,40
2026-05-21 19:00:50,2026-05-22,6,篮球场-东场地南半场,20:30-21:30,0,1,可预约,￥50.0,阴,23,23,3,0.0,76,40
2026-05-21 19:30:46,2026-05-22,6,篮球场-东场地南半场,20:30-21:30,0,1,可预约,￥50.0,阴,23,24,2,0.0,77,39
2026-05-21 20:00:49,2026-05-22,6,篮球场-东场地南半场,20:30-21:30,0,1,可预约,￥50.0,雾,22,23,2,0.0,89,39
2026-05-21 20:30:44,2026-05-22,6,篮球场-东场地南半场,20:30-21:30,0,1,可预约,￥50.0,雾,22,24,2,0.0,93,43
2026-05-21 21:00:56,2026-05-22,6,篮球场-东场地南半场,20:30-21:30,0,1,可预约,￥50.0,雾,20,21,2,0.0,98,43
2026-05-21 21:30:46,2026-05-22,6,篮球场-东场地南半场,20:30-21:30,0,1,可预约,￥50.0,雾,20,22,1,0.0,99,41
2026-05-21 22:01:02,2026-05-22,6,篮球场-东场地南半场,20:30-21:30,0,1,可预约,￥50.0,雾,19,20,2,0.0,93,41
2026-05-21 22:30:47,2026-05-22,6,篮球场-东场地南半场,20:30-21:30,0,1,可预约,￥50.0,雾,19,19,3,0.0,88,46
2026-05-21 23:00:56,2026-05-22,6,篮球场-东场地南半场,20:30-21:30,0,1,可预约,￥50.0,多云,18,17,3,0.0,85,46
2026-05-21 23:30:55,2026-05-22,6,篮球场-东场地南半场,20:30-21:30,0,1,可预约,￥50.0,多云,18,17,3,0.0,85,48
2026-05-21 07:59:26,2026-05-22,6,篮球场-西场地北半场,09:00-10:00,0,1,可预约,￥50.0,晴,17,12,5,0.0,86,29
2026-05-21 08:00:45,2026-05-22,6,篮球场-西场地北半场,09:00-10:00,0,1,可预约,￥50.0,晴,17,12,5,0.0,86,29
2026-05-21 08:02:30,2026-05-22,6,篮球场-西场地北半场,09:00-10:00,0,1,可预约,￥50.0,多云,17,12,5,0.0,87,29
2026-05-21 08:05:36,2026-05-22,6,篮球场-西场地北半场,09:00-10:00,0,1,可预约,￥50.0,多云,17,12,5,0.0,86,29
2026-05-21 08:08:31,2026-05-22,6,篮球场-西场地北半场,09:00-10:00,0,1,可预约,￥50.0,多云,17,12,5,0.0,86,29
2026-05-21 08:11:30,2026-05-22,6,篮球场-西场地北半场,09:00-10:00,0,1,可预约,￥50.0,多云,17,12,5,0.0,86,29
2026-05-21 08:14:31,2026-05-22,6,篮球场-西场地北半场,09:00-10:00,0,1,可预约,￥50.0,多云,17,12,5,0.0,86,29
2026-05-21 08:17:30,2026-05-22,6,篮球场-西场地北半场,09:00-10:00,0,1,可预约,￥50.0,多云,17,12,5,0.0,86,29
2026-05-21 08:20:35,2026-05-22,6,篮球场-西场地北半场,09:00-10:00,0,1,可预约,￥50.0,多云,17,14,4,0.0,85,29
2026-05-21 08:25:32,2026-05-22,6,篮球场-西场地北半场,09:00-10:00,0,1,可预约,￥50.0,多云,17,14,4,0.0,85,28
2026-05-21 08:30:42,2026-05-22,6,篮球场-西场地北半场,09:00-10:00,0,1,可预约,￥50.0,多云,18,15,4,0.0,84,28
2026-05-21 08:35:31,2026-05-22,6,篮球场-西场地北半场,09:00-10:00,0,1,可预约,￥50.0,多云,18,15,4,0.0,84,28
2026-05-21 08:40:38,2026-05-22,6,篮球场-西场地北半场,09:00-10:00,0,1,可预约,￥50.0,多云,18,15,4,0.0,82,28
2026-05-21 08:45:33,2026-05-22,6,篮球场-西场地北半场,09:00-10:00,0,1,可预约,￥50.0,多云,18,15,4,0.0,82,28
2026-05-21 08:50:36,2026-05-22,6,篮球场-西场地北半场,09:00-10:00,0,1,可预约,￥50.0,多云,18,15,4,0.0,82,28
2026-05-21 08:55:34,2026-05-22,6,篮球场-西场地北半场,09:00-10:00,0,1,可预约,￥50.0,多云,18,15,4,0.0,84,28
2026-05-21 09:00:51,2026-05-22,6,篮球场-西场地北半场,09:00-10:00,0,1,可预约,￥50.0,多云,18,15,4,0.0,84,28
2026-05-21 09:01:59,2026-05-22,6,篮球场-西场地北半场,09:00-10:00,0,1,可预约,￥50.0,多云,18,15,4,0.0,83,28
2026-05-21 09:05:33,2026-05-22,6,篮球场-西场地北半场,09:00-10:00,0,1,可预约,￥50.0,多云,18,15,4,0.0,83,28
2026-05-21 09:20:38,2026-05-22,6,篮球场-西场地北半场,09:00-10:00,0,1,可预约,￥50.0,多云,18,16,3,0.0,81,28
2026-05-21 09:30:46,2026-05-22,6,篮球场-西场地北半场,09:00-10:00,0,1,可预约,￥50.0,多云,18,16,3,0.0,81,32
2026-05-21 09:40:36,2026-05-22,6,篮球场-西场地北半场,09:00-10:00,0,1,可预约,￥50.0,多云,19,17,3,0.0,79,32
2026-05-21 09:50:42,2026-05-22,6,篮球场-西场地北半场,09:00-10:00,0,1,可预约,￥50.0,多云,19,17,4,0.0,81,32
2026-05-21 10:00:46,2026-05-22,6,篮球场-西场地北半场,09:00-10:00,0,1,可预约,￥50.0,多云,19,17,4,0.0,79,32
2026-05-21 10:10:40,2026-05-22,6,篮球场-西场地北半场,09:00-10:00,0,1,可预约,￥50.0,多云,19,17,4,0.0,79,32
2026-05-21 10:20:38,2026-05-22,6,篮球场-西场地北半场,09:00-10:00,0,1,可预约,￥50.0,多云,19,17,4,0.0,79,32
2026-05-21 10:30:41,2026-05-22,6,篮球场-西场地北半场,09:00-10:00,0,1,可预约,￥50.0,多云,19,18,3,0.0,78,31
2026-05-21 11:00:44,2026-05-22,6,篮球场-西场地北半场,09:00-10:00,0,1,可预约,￥50.0,多云,21,17,5,0.0,74,31
2026-05-21 11:30:38,2026-05-22,6,篮球场-西场地北半场,09:00-10:00,0,1,可预约,￥50.0,多云,21,19,3,0.0,72,33
2026-05-21 12:00:46,2026-05-22,6,篮球场-西场地北半场,09:00-10:00,0,1,可预约,￥50.0,多云,22,19,4,0.0,70,33
2026-05-21 12:30:42,2026-05-22,6,篮球场-西场地北半场,09:00-10:00,0,1,可预约,￥50.0,多云,22,21,3,0.0,68,35
2026-05-21 13:00:43,2026-05-22,6,篮球场-西场地北半场,09:00-10:00,0,1,可预约,￥50.0,多云,24,22,4,0.0,66,35
2026-05-21 13:30:43,2026-05-22,6,篮球场-西场地北半场,09:00-10:00,0,1,可预约,￥50.0,多云,24,22,4,0.0,66,36
2026-05-21 14:00:48,2026-05-22,6,篮球场-西场地北半场,09:00-10:00,0,1,可预约,￥50.0,多云,25,23,4,0.0,66,36
2026-05-21 14:30:45,2026-05-22,6,篮球场-西场地北半场,09:00-10:00,0,1,可预约,￥50.0,晴,25,25,3,0.0,65,39
2026-05-21 15:00:45,2026-05-22,6,篮球场-西场地北半场,09:00-10:00,0,1,可预约,￥50.0,晴,25,22,4,0.0,56,39
2026-05-21 15:30:43,2026-05-22,6,篮球场-西场地北半场,09:00-10:00,0,1,可预约,￥50.0,晴,25,23,4,0.0,57,40
2026-05-21 16:00:51,2026-05-22,6,篮球场-西场地北半场,09:00-10:00,0,1,可预约,￥50.0,晴,25,23,4,0.0,57,40
2026-05-21 16:30:48,2026-05-22,6,篮球场-西场地北半场,09:00-10:00,0,1,可预约,￥50.0,晴,25,24,3,0.0,60,39
2026-05-21 17:00:49,2026-05-22,6,篮球场-西场地北半场,09:00-10:00,0,1,可预约,￥50.0,晴,25,24,4,0.0,61,39
2026-05-21 17:30:47,2026-05-22,6,篮球场-西场地北半场,09:00-10:00,0,1,可预约,￥50.0,多云,24,23,3,0.0,64,39
2026-05-21 18:00:50,2026-05-22,6,篮球场-西场地北半场,09:00-10:00,0,1,可预约,￥50.0,多云,24,23,3,0.0,68,39
2026-05-21 18:30:50,2026-05-22,6,篮球场-西场地北半场,09:00-10:00,0,1,可预约,￥50.0,阴,24,25,2,0.0,68,40
2026-05-21 19:00:50,2026-05-22,6,篮球场-西场地北半场,09:00-10:00,0,1,可预约,￥50.0,阴,23,23,3,0.0,76,40
2026-05-21 19:30:46,2026-05-22,6,篮球场-西场地北半场,09:00-10:00,0,1,可预约,￥50.0,阴,23,24,2,0.0,77,39
2026-05-21 20:00:49,2026-05-22,6,篮球场-西场地北半场,09:00-10:00,0,1,可预约,￥50.0,雾,22,23,2,0.0,89,39
2026-05-21 20:30:44,2026-05-22,6,篮球场-西场地北半场,09:00-10:00,0,1,可预约,￥50.0,雾,22,24,2,0.0,93,43
2026-05-21 21:00:56,2026-05-22,6,篮球场-西场地北半场,09:00-10:00,0,1,可预约,￥50.0,雾,20,21,2,0.0,98,43
2026-05-21 21:30:46,2026-05-22,6,篮球场-西场地北半场,09:00-10:00,0,1,可预约,￥50.0,雾,20,22,1,0.0,99,41
2026-05-21 22:01:02,2026-05-22,6,篮球场-西场地北半场,09:00-10:00,0,1,可预约,￥50.0,雾,19,20,2,0.0,93,41
2026-05-21 22:30:47,2026-05-22,6,篮球场-西场地北半场,09:00-10:00,0,1,可预约,￥50.0,雾,19,19,3,0.0,88,46
2026-05-21 23:00:56,2026-05-22,6,篮球场-西场地北半场,09:00-10:00,0,1,可预约,￥50.0,多云,18,17,3,0.0,85,46
2026-05-21 23:30:55,2026-05-22,6,篮球场-西场地北半场,09:00-10:00,0,1,可预约,￥50.0,多云,18,17,3,0.0,85,48
2026-05-21 07:59:26,2026-05-22,6,篮球场-西场地北半场,10:30-11:30,1,1,已售/已满,教学时间,晴,17,12,5,0.0,86,29
2026-05-21 08:00:45,2026-05-22,6,篮球场-西场地北半场,10:30-11:30,1,1,已售/已满,教学时间,晴,17,12,5,0.0,86,29
2026-05-21 08:02:30,2026-05-22,6,篮球场-西场地北半场,10:30-11:30,1,1,已售/已满,教学时间,多云,17,12,5,0.0,87,29
2026-05-21 08:05:36,2026-05-22,6,篮球场-西场地北半场,10:30-11:30,1,1,已售/已满,教学时间,多云,17,12,5,0.0,86,29
2026-05-21 08:08:31,2026-05-22,6,篮球场-西场地北半场,10:30-11:30,1,1,已售/已满,教学时间,多云,17,12,5,0.0,86,29
2026-05-21 08:11:30,2026-05-22,6,篮球场-西场地北半场,10:30-11:30,1,1,已售/已满,教学时间,多云,17,12,5,0.0,86,29
2026-05-21 08:14:31,2026-05-22,6,篮球场-西场地北半场,10:30-11:30,1,1,已售/已满,教学时间,多云,17,12,5,0.0,86,29
2026-05-21 08:17:30,2026-05-22,6,篮球场-西场地北半场,10:30-11:30,1,1,已售/已满,教学时间,多云,17,12,5,0.0,86,29
2026-05-21 08:20:35,2026-05-22,6,篮球场-西场地北半场,10:30-11:30,1,1,已售/已满,教学时间,多云,17,14,4,0.0,85,29
2026-05-21 08:25:32,2026-05-22,6,篮球场-西场地北半场,10:30-11:30,1,1,已售/已满,教学时间,多云,17,14,4,0.0,85,28
2026-05-21 08:30:42,2026-05-22,6,篮球场-西场地北半场,10:30-11:30,1,1,已售/已满,教学时间,多云,18,15,4,0.0,84,28
2026-05-21 08:35:31,2026-05-22,6,篮球场-西场地北半场,10:30-11:30,1,1,已售/已满,教学时间,多云,18,15,4,0.0,84,28
2026-05-21 08:40:38,2026-05-22,6,篮球场-西场地北半场,10:30-11:30,1,1,已售/已满,教学时间,多云,18,15,4,0.0,82,28
2026-05-21 08:45:33,2026-05-22,6,篮球场-西场地北半场,10:30-11:30,1,1,已售/已满,教学时间,多云,18,15,4,0.0,82,28
2026-05-21 08:50:36,2026-05-22,6,篮球场-西场地北半场,10:30-11:30,1,1,已售/已满,教学时间,多云,18,15,4,0.0,82,28
2026-05-21 08:55:34,2026-05-22,6,篮球场-西场地北半场,10:30-11:30,1,1,已售/已满,教学时间,多云,18,15,4,0.0,84,28
2026-05-21 09:00:51,2026-05-22,6,篮球场-西场地北半场,10:30-11:30,1,1,已售/已满,教学时间,多云,18,15,4,0.0,84,28
2026-05-21 09:01:59,2026-05-22,6,篮球场-西场地北半场,10:30-11:30,1,1,已售/已满,教学时间,多云,18,15,4,0.0,83,28
2026-05-21 09:05:33,2026-05-22,6,篮球场-西场地北半场,10:30-11:30,1,1,已售/已满,教学时间,多云,18,15,4,0.0,83,28
2026-05-21 09:20:38,2026-05-22,6,篮球场-西场地北半场,10:30-11:30,1,1,已售/已满,教学时间,多云,18,16,3,0.0,81,28
2026-05-21 09:30:46,2026-05-22,6,篮球场-西场地北半场,10:30-11:30,1,1,已售/已满,教学时间,多云,18,16,3,0.0,81,32
2026-05-21 09:40:36,2026-05-22,6,篮球场-西场地北半场,10:30-11:30,1,1,已售/已满,教学时间,多云,19,17,3,0.0,79,32
2026-05-21 09:50:42,2026-05-22,6,篮球场-西场地北半场,10:30-11:30,1,1,已售/已满,教学时间,多云,19,17,4,0.0,81,32
2026-05-21 10:00:46,2026-05-22,6,篮球场-西场地北半场,10:30-11:30,1,1,已售/已满,教学时间,多云,19,17,4,0.0,79,32
2026-05-21 10:10:40,2026-05-22,6,篮球场-西场地北半场,10:30-11:30,1,1,已售/已满,教学时间,多云,19,17,4,0.0,79,32
2026-05-21 10:20:38,2026-05-22,6,篮球场-西场地北半场,10:30-11:30,1,1,已售/已满,教学时间,多云,19,17,4,0.0,79,32
2026-05-21 10:30:41,2026-05-22,6,篮球场-西场地北半场,10:30-11:30,1,1,已售/已满,教学时间,多云,19,18,3,0.0,78,31
2026-05-21 11:00:44,2026-05-22,6,篮球场-西场地北半场,10:30-11:30,1,1,已售/已满,教学时间,多云,21,17,5,0.0,74,31
2026-05-21 11:30:38,2026-05-22,6,篮球场-西场地北半场,10:30-11:30,1,1,已售/已满,教学时间,多云,21,19,3,0.0,72,33
2026-05-21 12:00:46,2026-05-22,6,篮球场-西场地北半场,10:30-11:30,1,1,已售/已满,教学时间,多云,22,19,4,0.0,70,33
2026-05-21 12:30:42,2026-05-22,6,篮球场-西场地北半场,10:30-11:30,1,1,已售/已满,教学时间,多云,22,21,3,0.0,68,35
2026-05-21 13:00:43,2026-05-22,6,篮球场-西场地北半场,10:30-11:30,1,1,已售/已满,教学时间,多云,24,22,4,0.0,66,35
2026-05-21 13:30:43,2026-05-22,6,篮球场-西场地北半场,10:30-11:30,1,1,已售/已满,教学时间,多云,24,22,4,0.0,66,36
2026-05-21 14:00:48,2026-05-22,6,篮球场-西场地北半场,10:30-11:30,1,1,已售/已满,教学时间,多云,25,23,4,0.0,66,36
2026-05-21 14:30:45,2026-05-22,6,篮球场-西场地北半场,10:30-11:30,1,1,已售/已满,教学时间,晴,25,25,3,0.0,65,39
2026-05-21 15:00:45,2026-05-22,6,篮球场-西场地北半场,10:30-11:30,1,1,已售/已满,教学时间,晴,25,22,4,0.0,56,39
2026-05-21 15:30:43,2026-05-22,6,篮球场-西场地北半场,10:30-11:30,1,1,已售/已满,教学时间,晴,25,23,4,0.0,57,40
2026-05-21 16:00:51,2026-05-22,6,篮球场-西场地北半场,10:30-11:30,1,1,已售/已满,教学时间,晴,25,23,4,0.0,57,40
2026-05-21 16:30:48,2026-05-22,6,篮球场-西场地北半场,10:30-11:30,1,1,已售/已满,教学时间,晴,25,24,3,0.0,60,39
2026-05-21 17:00:49,2026-05-22,6,篮球场-西场地北半场,10:30-11:30,1,1,已售/已满,教学时间,晴,25,24,4,0.0,61,39
2026-05-21 17:30:47,2026-05-22,6,篮球场-西场地北半场,10:30-11:30,1,1,已售/已满,教学时间,多云,24,23,3,0.0,64,39
2026-05-21 18:00:50,2026-05-22,6,篮球场-西场地北半场,10:30-11:30,1,1,已售/已满,教学时间,多云,24,23,3,0.0,68,39
2026-05-21 18:30:50,2026-05-22,6,篮球场-西场地北半场,10:30-11:30,1,1,已售/已满,教学时间,阴,24,25,2,0.0,68,40
2026-05-21 19:00:50,2026-05-22,6,篮球场-西场地北半场,10:30-11:30,1,1,已售/已满,教学时间,阴,23,23,3,0.0,76,40
2026-05-21 19:30:46,2026-05-22,6,篮球场-西场地北半场,10:30-11:30,1,1,已售/已满,教学时间,阴,23,24,2,0.0,77,39
2026-05-21 20:00:49,2026-05-22,6,篮球场-西场地北半场,10:30-11:30,1,1,已售/已满,教学时间,雾,22,23,2,0.0,89,39
2026-05-21 20:30:44,2026-05-22,6,篮球场-西场地北半场,10:30-11:30,1,1,已售/已满,教学时间,雾,22,24,2,0.0,93,43
2026-05-21 21:00:56,2026-05-22,6,篮球场-西场地北半场,10:30-11:30,1,1,已售/已满,教学时间,雾,20,21,2,0.0,98,43
2026-05-21 21:30:46,2026-05-22,6,篮球场-西场地北半场,10:30-11:30,1,1,已售/已满,教学时间,雾,20,22,1,0.0,99,41
2026-05-21 22:01:02,2026-05-22,6,篮球场-西场地北半场,10:30-11:30,1,1,已售/已满,教学时间,雾,19,20,2,0.0,93,41
2026-05-21 22:30:47,2026-05-22,6,篮球场-西场地北半场,10:30-11:30,1,1,已售/已满,教学时间,雾,19,19,3,0.0,88,46
2026-05-21 23:00:56,2026-05-22,6,篮球场-西场地北半场,10:30-11:30,1,1,已售/已满,教学时间,多云,18,17,3,0.0,85,46
2026-05-21 23:30:55,2026-05-22,6,篮球场-西场地北半场,10:30-11:30,1,1,已售/已满,教学时间,多云,18,17,3,0.0,85,48
2026-05-21 07:59:26,2026-05-22,6,篮球场-西场地北半场,14:00-15:00,1,1,已售/已满,教学时间,晴,17,12,5,0.0,86,29
2026-05-21 08:00:45,2026-05-22,6,篮球场-西场地北半场,14:00-15:00,1,1,已售/已满,教学时间,晴,17,12,5,0.0,86,29
2026-05-21 08:02:30,2026-05-22,6,篮球场-西场地北半场,14:00-15:00,1,1,已售/已满,教学时间,多云,17,12,5,0.0,87,29
2026-05-21 08:05:36,2026-05-22,6,篮球场-西场地北半场,14:00-15:00,1,1,已售/已满,教学时间,多云,17,12,5,0.0,86,29
2026-05-21 08:08:31,2026-05-22,6,篮球场-西场地北半场,14:00-15:00,1,1,已售/已满,教学时间,多云,17,12,5,0.0,86,29
2026-05-21 08:11:30,2026-05-22,6,篮球场-西场地北半场,14:00-15:00,1,1,已售/已满,教学时间,多云,17,12,5,0.0,86,29
2026-05-21 08:14:31,2026-05-22,6,篮球场-西场地北半场,14:00-15:00,1,1,已售/已满,教学时间,多云,17,12,5,0.0,86,29
2026-05-21 08:17:30,2026-05-22,6,篮球场-西场地北半场,14:00-15:00,1,1,已售/已满,教学时间,多云,17,12,5,0.0,86,29
2026-05-21 08:20:35,2026-05-22,6,篮球场-西场地北半场,14:00-15:00,1,1,已售/已满,教学时间,多云,17,14,4,0.0,85,29
2026-05-21 08:25:32,2026-05-22,6,篮球场-西场地北半场,14:00-15:00,1,1,已售/已满,教学时间,多云,17,14,4,0.0,85,28
2026-05-21 08:30:42,2026-05-22,6,篮球场-西场地北半场,14:00-15:00,1,1,已售/已满,教学时间,多云,18,15,4,0.0,84,28
2026-05-21 08:35:31,2026-05-22,6,篮球场-西场地北半场,14:00-15:00,1,1,已售/已满,教学时间,多云,18,15,4,0.0,84,28
2026-05-21 08:40:38,2026-05-22,6,篮球场-西场地北半场,14:00-15:00,1,1,已售/已满,教学时间,多云,18,15,4,0.0,82,28
2026-05-21 08:45:33,2026-05-22,6,篮球场-西场地北半场,14:00-15:00,1,1,已售/已满,教学时间,多云,18,15,4,0.0,82,28
2026-05-21 08:50:36,2026-05-22,6,篮球场-西场地北半场,14:00-15:00,1,1,已售/已满,教学时间,多云,18,15,4,0.0,82,28
2026-05-21 08:55:34,2026-05-22,6,篮球场-西场地北半场,14:00-15:00,1,1,已售/已满,教学时间,多云,18,15,4,0.0,84,28
2026-05-21 09:00:51,2026-05-22,6,篮球场-西场地北半场,14:00-15:00,1,1,已售/已满,教学时间,多云,18,15,4,0.0,84,28
2026-05-21 09:01:59,2026-05-22,6,篮球场-西场地北半场,14:00-15:00,1,1,已售/已满,教学时间,多云,18,15,4,0.0,83,28
2026-05-21 09:05:33,2026-05-22,6,篮球场-西场地北半场,14:00-15:00,1,1,已售/已满,教学时间,多云,18,15,4,0.0,83,28
2026-05-21 09:20:38,2026-05-22,6,篮球场-西场地北半场,14:00-15:00,1,1,已售/已满,教学时间,多云,18,16,3,0.0,81,28
2026-05-21 09:30:46,2026-05-22,6,篮球场-西场地北半场,14:00-15:00,1,1,已售/已满,教学时间,多云,18,16,3,0.0,81,32
2026-05-21 09:40:36,2026-05-22,6,篮球场-西场地北半场,14:00-15:00,1,1,已售/已满,教学时间,多云,19,17,3,0.0,79,32
2026-05-21 09:50:42,2026-05-22,6,篮球场-西场地北半场,14:00-15:00,1,1,已售/已满,教学时间,多云,19,17,4,0.0,81,32
2026-05-21 10:00:46,2026-05-22,6,篮球场-西场地北半场,14:00-15:00,1,1,已售/已满,教学时间,多云,19,17,4,0.0,79,32
2026-05-21 10:10:40,2026-05-22,6,篮球场-西场地北半场,14:00-15:00,1,1,已售/已满,教学时间,多云,19,17,4,0.0,79,32
2026-05-21 10:20:38,2026-05-22,6,篮球场-西场地北半场,14:00-15:00,1,1,已售/已满,教学时间,多云,19,17,4,0.0,79,32
2026-05-21 10:30:41,2026-05-22,6,篮球场-西场地北半场,14:00-15:00,1,1,已售/已满,教学时间,多云,19,18,3,0.0,78,31
2026-05-21 11:00:44,2026-05-22,6,篮球场-西场地北半场,14:00-15:00,1,1,已售/已满,教学时间,多云,21,17,5,0.0,74,31
2026-05-21 11:30:38,2026-05-22,6,篮球场-西场地北半场,14:00-15:00,1,1,已售/已满,教学时间,多云,21,19,3,0.0,72,33
2026-05-21 12:00:46,2026-05-22,6,篮球场-西场地北半场,14:00-15:00,1,1,已售/已满,教学时间,多云,22,19,4,0.0,70,33
2026-05-21 12:30:42,2026-05-22,6,篮球场-西场地北半场,14:00-15:00,1,1,已售/已满,教学时间,多云,22,21,3,0.0,68,35
2026-05-21 13:00:43,2026-05-22,6,篮球场-西场地北半场,14:00-15:00,1,1,已售/已满,教学时间,多云,24,22,4,0.0,66,35
2026-05-21 13:30:43,2026-05-22,6,篮球场-西场地北半场,14:00-15:00,1,1,已售/已满,教学时间,多云,24,22,4,0.0,66,36
2026-05-21 14:00:48,2026-05-22,6,篮球场-西场地北半场,14:00-15:00,1,1,已售/已满,教学时间,多云,25,23,4,0.0,66,36
2026-05-21 14:30:45,2026-05-22,6,篮球场-西场地北半场,14:00-15:00,1,1,已售/已满,教学时间,晴,25,25,3,0.0,65,39
2026-05-21 15:00:45,2026-05-22,6,篮球场-西场地北半场,14:00-15:00,1,1,已售/已满,教学时间,晴,25,22,4,0.0,56,39
2026-05-21 15:30:43,2026-05-22,6,篮球场-西场地北半场,14:00-15:00,1,1,已售/已满,教学时间,晴,25,23,4,0.0,57,40
2026-05-21 16:00:51,2026-05-22,6,篮球场-西场地北半场,14:00-15:00,1,1,已售/已满,教学时间,晴,25,23,4,0.0,57,40
2026-05-21 16:30:48,2026-05-22,6,篮球场-西场地北半场,14:00-15:00,1,1,已售/已满,教学时间,晴,25,24,3,0.0,60,39
2026-05-21 17:00:49,2026-05-22,6,篮球场-西场地北半场,14:00-15:00,1,1,已售/已满,教学时间,晴,25,24,4,0.0,61,39
2026-05-21 17:30:47,2026-05-22,6,篮球场-西场地北半场,14:00-15:00,1,1,已售/已满,教学时间,多云,24,23,3,0.0,64,39
2026-05-21 18:00:50,2026-05-22,6,篮球场-西场地北半场,14:00-15:00,1,1,已售/已满,教学时间,多云,24,23,3,0.0,68,39
2026-05-21 18:30:50,2026-05-22,6,篮球场-西场地北半场,14:00-15:00,1,1,已售/已满,教学时间,阴,24,25,2,0.0,68,40
2026-05-21 19:00:50,2026-05-22,6,篮球场-西场地北半场,14:00-15:00,1,1,已售/已满,教学时间,阴,23,23,3,0.0,76,40
2026-05-21 19:30:46,2026-05-22,6,篮球场-西场地北半场,14:00-15:00,1,1,已售/已满,教学时间,阴,23,24,2,0.0,77,39
2026-05-21 20:00:49,2026-05-22,6,篮球场-西场地北半场,14:00-15:00,1,1,已售/已满,教学时间,雾,22,23,2,0.0,89,39
2026-05-21 20:30:44,2026-05-22,6,篮球场-西场地北半场,14:00-15:00,1,1,已售/已满,教学时间,雾,22,24,2,0.0,93,43
2026-05-21 21:00:56,2026-05-22,6,篮球场-西场地北半场,14:00-15:00,1,1,已售/已满,教学时间,雾,20,21,2,0.0,98,43
2026-05-21 21:30:46,2026-05-22,6,篮球场-西场地北半场,14:00-15:00,1,1,已售/已满,教学时间,雾,20,22,1,0.0,99,41
2026-05-21 22:01:02,2026-05-22,6,篮球场-西场地北半场,14:00-15:00,1,1,已售/已满,教学时间,雾,19,20,2,0.0,93,41
2026-05-21 22:30:47,2026-05-22,6,篮球场-西场地北半场,14:00-15:00,1,1,已售/已满,教学时间,雾,19,19,3,0.0,88,46
2026-05-21 23:00:56,2026-05-22,6,篮球场-西场地北半场,14:00-15:00,1,1,已售/已满,教学时间,多云,18,17,3,0.0,85,46
2026-05-21 23:30:55,2026-05-22,6,篮球场-西场地北半场,14:00-15:00,1,1,已售/已满,教学时间,多云,18,17,3,0.0,85,48
2026-05-21 07:59:26,2026-05-22,6,篮球场-西场地北半场,15:00-16:00,1,1,已售/已满,教学时间,晴,17,12,5,0.0,86,29
2026-05-21 08:00:45,2026-05-22,6,篮球场-西场地北半场,15:00-16:00,1,1,已售/已满,教学时间,晴,17,12,5,0.0,86,29
2026-05-21 08:02:30,2026-05-22,6,篮球场-西场地北半场,15:00-16:00,1,1,已售/已满,教学时间,多云,17,12,5,0.0,87,29
2026-05-21 08:05:36,2026-05-22,6,篮球场-西场地北半场,15:00-16:00,1,1,已售/已满,教学时间,多云,17,12,5,0.0,86,29
2026-05-21 08:08:31,2026-05-22,6,篮球场-西场地北半场,15:00-16:00,1,1,已售/已满,教学时间,多云,17,12,5,0.0,86,29
2026-05-21 08:11:30,2026-05-22,6,篮球场-西场地北半场,15:00-16:00,1,1,已售/已满,教学时间,多云,17,12,5,0.0,86,29
2026-05-21 08:14:31,2026-05-22,6,篮球场-西场地北半场,15:00-16:00,1,1,已售/已满,教学时间,多云,17,12,5,0.0,86,29
2026-05-21 08:17:30,2026-05-22,6,篮球场-西场地北半场,15:00-16:00,1,1,已售/已满,教学时间,多云,17,12,5,0.0,86,29
2026-05-21 08:20:35,2026-05-22,6,篮球场-西场地北半场,15:00-16:00,1,1,已售/已满,教学时间,多云,17,14,4,0.0,85,29
2026-05-21 08:25:32,2026-05-22,6,篮球场-西场地北半场,15:00-16:00,1,1,已售/已满,教学时间,多云,17,14,4,0.0,85,28
2026-05-21 08:30:42,2026-05-22,6,篮球场-西场地北半场,15:00-16:00,1,1,已售/已满,教学时间,多云,18,15,4,0.0,84,28
2026-05-21 08:35:31,2026-05-22,6,篮球场-西场地北半场,15:00-16:00,1,1,已售/已满,教学时间,多云,18,15,4,0.0,84,28
2026-05-21 08:40:38,2026-05-22,6,篮球场-西场地北半场,15:00-16:00,1,1,已售/已满,教学时间,多云,18,15,4,0.0,82,28
2026-05-21 08:45:33,2026-05-22,6,篮球场-西场地北半场,15:00-16:00,1,1,已售/已满,教学时间,多云,18,15,4,0.0,82,28
2026-05-21 08:50:36,2026-05-22,6,篮球场-西场地北半场,15:00-16:00,1,1,已售/已满,教学时间,多云,18,15,4,0.0,82,28
2026-05-21 08:55:34,2026-05-22,6,篮球场-西场地北半场,15:00-16:00,1,1,已售/已满,教学时间,多云,18,15,4,0.0,84,28
2026-05-21 09:00:51,2026-05-22,6,篮球场-西场地北半场,15:00-16:00,1,1,已售/已满,教学时间,多云,18,15,4,0.0,84,28
2026-05-21 09:01:59,2026-05-22,6,篮球场-西场地北半场,15:00-16:00,1,1,已售/已满,教学时间,多云,18,15,4,0.0,83,28
2026-05-21 09:05:33,2026-05-22,6,篮球场-西场地北半场,15:00-16:00,1,1,已售/已满,教学时间,多云,18,15,4,0.0,83,28
2026-05-21 09:20:38,2026-05-22,6,篮球场-西场地北半场,15:00-16:00,1,1,已售/已满,教学时间,多云,18,16,3,0.0,81,28
2026-05-21 09:30:46,2026-05-22,6,篮球场-西场地北半场,15:00-16:00,1,1,已售/已满,教学时间,多云,18,16,3,0.0,81,32
2026-05-21 09:40:36,2026-05-22,6,篮球场-西场地北半场,15:00-16:00,1,1,已售/已满,教学时间,多云,19,17,3,0.0,79,32
2026-05-21 09:50:42,2026-05-22,6,篮球场-西场地北半场,15:00-16:00,1,1,已售/已满,教学时间,多云,19,17,4,0.0,81,32
2026-05-21 10:00:46,2026-05-22,6,篮球场-西场地北半场,15:00-16:00,1,1,已售/已满,教学时间,多云,19,17,4,0.0,79,32
2026-05-21 10:10:40,2026-05-22,6,篮球场-西场地北半场,15:00-16:00,1,1,已售/已满,教学时间,多云,19,17,4,0.0,79,32
2026-05-21 10:20:38,2026-05-22,6,篮球场-西场地北半场,15:00-16:00,1,1,已售/已满,教学时间,多云,19,17,4,0.0,79,32
2026-05-21 10:30:41,2026-05-22,6,篮球场-西场地北半场,15:00-16:00,1,1,已售/已满,教学时间,多云,19,18,3,0.0,78,31
2026-05-21 11:00:44,2026-05-22,6,篮球场-西场地北半场,15:00-16:00,1,1,已售/已满,教学时间,多云,21,17,5,0.0,74,31
2026-05-21 11:30:38,2026-05-22,6,篮球场-西场地北半场,15:00-16:00,1,1,已售/已满,教学时间,多云,21,19,3,0.0,72,33
2026-05-21 12:00:46,2026-05-22,6,篮球场-西场地北半场,15:00-16:00,1,1,已售/已满,教学时间,多云,22,19,4,0.0,70,33
2026-05-21 12:30:42,2026-05-22,6,篮球场-西场地北半场,15:00-16:00,1,1,已售/已满,教学时间,多云,22,21,3,0.0,68,35
2026-05-21 13:00:43,2026-05-22,6,篮球场-西场地北半场,15:00-16:00,1,1,已售/已满,教学时间,多云,24,22,4,0.0,66,35
2026-05-21 13:30:43,2026-05-22,6,篮球场-西场地北半场,15:00-16:00,1,1,已售/已满,教学时间,多云,24,22,4,0.0,66,36
2026-05-21 14:00:48,2026-05-22,6,篮球场-西场地北半场,15:00-16:00,1,1,已售/已满,教学时间,多云,25,23,4,0.0,66,36
2026-05-21 14:30:45,2026-05-22,6,篮球场-西场地北半场,15:00-16:00,1,1,已售/已满,教学时间,晴,25,25,3,0.0,65,39
2026-05-21 15:00:45,2026-05-22,6,篮球场-西场地北半场,15:00-16:00,1,1,已售/已满,教学时间,晴,25,22,4,0.0,56,39
2026-05-21 15:30:43,2026-05-22,6,篮球场-西场地北半场,15:00-16:00,1,1,已售/已满,教学时间,晴,25,23,4,0.0,57,40
2026-05-21 16:00:51,2026-05-22,6,篮球场-西场地北半场,15:00-16:00,1,1,已售/已满,教学时间,晴,25,23,4,0.0,57,40
2026-05-21 16:30:48,2026-05-22,6,篮球场-西场地北半场,15:00-16:00,1,1,已售/已满,教学时间,晴,25,24,3,0.0,60,39
2026-05-21 17:00:49,2026-05-22,6,篮球场-西场地北半场,15:00-16:00,1,1,已售/已满,教学时间,晴,25,24,4,0.0,61,39
2026-05-21 17:30:47,2026-05-22,6,篮球场-西场地北半场,15:00-16:00,1,1,已售/已满,教学时间,多云,24,23,3,0.0,64,39
2026-05-21 18:00:50,2026-05-22,6,篮球场-西场地北半场,15:00-16:00,1,1,已售/已满,教学时间,多云,24,23,3,0.0,68,39
2026-05-21 18:30:50,2026-05-22,6,篮球场-西场地北半场,15:00-16:00,1,1,已售/已满,教学时间,阴,24,25,2,0.0,68,40
2026-05-21 19:00:50,2026-05-22,6,篮球场-西场地北半场,15:00-16:00,1,1,已售/已满,教学时间,阴,23,23,3,0.0,76,40
2026-05-21 19:30:46,2026-05-22,6,篮球场-西场地北半场,15:00-16:00,1,1,已售/已满,教学时间,阴,23,24,2,0.0,77,39
2026-05-21 20:00:49,2026-05-22,6,篮球场-西场地北半场,15:00-16:00,1,1,已售/已满,教学时间,雾,22,23,2,0.0,89,39
2026-05-21 20:30:44,2026-05-22,6,篮球场-西场地北半场,15:00-16:00,1,1,已售/已满,教学时间,雾,22,24,2,0.0,93,43
2026-05-21 21:00:56,2026-05-22,6,篮球场-西场地北半场,15:00-16:00,1,1,已售/已满,教学时间,雾,20,21,2,0.0,98,43
2026-05-21 21:30:46,2026-05-22,6,篮球场-西场地北半场,15:00-16:00,1,1,已售/已满,教学时间,雾,20,22,1,0.0,99,41
2026-05-21 22:01:02,2026-05-22,6,篮球场-西场地北半场,15:00-16:00,1,1,已售/已满,教学时间,雾,19,20,2,0.0,93,41
2026-05-21 22:30:47,2026-05-22,6,篮球场-西场地北半场,15:00-16:00,1,1,已售/已满,教学时间,雾,19,19,3,0.0,88,46
2026-05-21 23:00:56,2026-05-22,6,篮球场-西场地北半场,15:00-16:00,1,1,已售/已满,教学时间,多云,18,17,3,0.0,85,46
2026-05-21 23:30:55,2026-05-22,6,篮球场-西场地北半场,15:00-16:00,1,1,已售/已满,教学时间,多云,18,17,3,0.0,85,48
2026-05-21 07:59:26,2026-05-22,6,篮球场-西场地北半场,16:00-17:00,0,1,可预约,￥50.0,晴,17,12,5,0.0,86,29
2026-05-21 08:00:45,2026-05-22,6,篮球场-西场地北半场,16:00-17:00,0,1,可预约,￥50.0,晴,17,12,5,0.0,86,29
2026-05-21 08:02:30,2026-05-22,6,篮球场-西场地北半场,16:00-17:00,0,1,可预约,￥50.0,多云,17,12,5,0.0,87,29
2026-05-21 08:05:36,2026-05-22,6,篮球场-西场地北半场,16:00-17:00,0,1,可预约,￥50.0,多云,17,12,5,0.0,86,29
2026-05-21 08:08:31,2026-05-22,6,篮球场-西场地北半场,16:00-17:00,0,1,可预约,￥50.0,多云,17,12,5,0.0,86,29
2026-05-21 08:11:30,2026-05-22,6,篮球场-西场地北半场,16:00-17:00,0,1,可预约,￥50.0,多云,17,12,5,0.0,86,29
2026-05-21 08:14:31,2026-05-22,6,篮球场-西场地北半场,16:00-17:00,0,1,可预约,￥50.0,多云,17,12,5,0.0,86,29
2026-05-21 08:17:30,2026-05-22,6,篮球场-西场地北半场,16:00-17:00,0,1,可预约,￥50.0,多云,17,12,5,0.0,86,29
2026-05-21 08:20:35,2026-05-22,6,篮球场-西场地北半场,16:00-17:00,0,1,可预约,￥50.0,多云,17,14,4,0.0,85,29
2026-05-21 08:25:32,2026-05-22,6,篮球场-西场地北半场,16:00-17:00,0,1,可预约,￥50.0,多云,17,14,4,0.0,85,28
2026-05-21 08:30:42,2026-05-22,6,篮球场-西场地北半场,16:00-17:00,0,1,可预约,￥50.0,多云,18,15,4,0.0,84,28
2026-05-21 08:35:31,2026-05-22,6,篮球场-西场地北半场,16:00-17:00,0,1,可预约,￥50.0,多云,18,15,4,0.0,84,28
2026-05-21 08:40:38,2026-05-22,6,篮球场-西场地北半场,16:00-17:00,0,1,可预约,￥50.0,多云,18,15,4,0.0,82,28
2026-05-21 08:45:33,2026-05-22,6,篮球场-西场地北半场,16:00-17:00,0,1,可预约,￥50.0,多云,18,15,4,0.0,82,28
2026-05-21 08:50:36,2026-05-22,6,篮球场-西场地北半场,16:00-17:00,0,1,可预约,￥50.0,多云,18,15,4,0.0,82,28
2026-05-21 08:55:34,2026-05-22,6,篮球场-西场地北半场,16:00-17:00,0,1,可预约,￥50.0,多云,18,15,4,0.0,84,28
2026-05-21 09:00:51,2026-05-22,6,篮球场-西场地北半场,16:00-17:00,0,1,可预约,￥50.0,多云,18,15,4,0.0,84,28
2026-05-21 09:01:59,2026-05-22,6,篮球场-西场地北半场,16:00-17:00,0,1,可预约,￥50.0,多云,18,15,4,0.0,83,28
2026-05-21 09:05:33,2026-05-22,6,篮球场-西场地北半场,16:00-17:00,0,1,可预约,￥50.0,多云,18,15,4,0.0,83,28
2026-05-21 09:20:38,2026-05-22,6,篮球场-西场地北半场,16:00-17:00,0,1,可预约,￥50.0,多云,18,16,3,0.0,81,28
2026-05-21 09:30:46,2026-05-22,6,篮球场-西场地北半场,16:00-17:00,0,1,可预约,￥50.0,多云,18,16,3,0.0,81,32
2026-05-21 09:40:36,2026-05-22,6,篮球场-西场地北半场,16:00-17:00,0,1,可预约,￥50.0,多云,19,17,3,0.0,79,32
2026-05-21 09:50:42,2026-05-22,6,篮球场-西场地北半场,16:00-17:00,0,1,可预约,￥50.0,多云,19,17,4,0.0,81,32
2026-05-21 10:00:46,2026-05-22,6,篮球场-西场地北半场,16:00-17:00,0,1,可预约,￥50.0,多云,19,17,4,0.0,79,32
2026-05-21 10:10:40,2026-05-22,6,篮球场-西场地北半场,16:00-17:00,0,1,可预约,￥50.0,多云,19,17,4,0.0,79,32
2026-05-21 10:20:38,2026-05-22,6,篮球场-西场地北半场,16:00-17:00,0,1,可预约,￥50.0,多云,19,17,4,0.0,79,32
2026-05-21 10:30:41,2026-05-22,6,篮球场-西场地北半场,16:00-17:00,0,1,可预约,￥50.0,多云,19,18,3,0.0,78,31
2026-05-21 11:00:44,2026-05-22,6,篮球场-西场地北半场,16:00-17:00,0,1,可预约,￥50.0,多云,21,17,5,0.0,74,31
2026-05-21 11:30:38,2026-05-22,6,篮球场-西场地北半场,16:00-17:00,0,1,可预约,￥50.0,多云,21,19,3,0.0,72,33
2026-05-21 12:00:46,2026-05-22,6,篮球场-西场地北半场,16:00-17:00,0,1,可预约,￥50.0,多云,22,19,4,0.0,70,33
2026-05-21 12:30:42,2026-05-22,6,篮球场-西场地北半场,16:00-17:00,0,1,可预约,￥50.0,多云,22,21,3,0.0,68,35
2026-05-21 13:00:43,2026-05-22,6,篮球场-西场地北半场,16:00-17:00,0,1,可预约,￥50.0,多云,24,22,4,0.0,66,35
2026-05-21 13:30:43,2026-05-22,6,篮球场-西场地北半场,16:00-17:00,0,1,可预约,￥50.0,多云,24,22,4,0.0,66,36
2026-05-21 14:00:48,2026-05-22,6,篮球场-西场地北半场,16:00-17:00,0,1,可预约,￥50.0,多云,25,23,4,0.0,66,36
2026-05-21 14:30:45,2026-05-22,6,篮球场-西场地北半场,16:00-17:00,0,1,可预约,￥50.0,晴,25,25,3,0.0,65,39
2026-05-21 15:00:45,2026-05-22,6,篮球场-西场地北半场,16:00-17:00,0,1,可预约,￥50.0,晴,25,22,4,0.0,56,39
2026-05-21 15:30:43,2026-05-22,6,篮球场-西场地北半场,16:00-17:00,0,1,可预约,￥50.0,晴,25,23,4,0.0,57,40
2026-05-21 16:00:51,2026-05-22,6,篮球场-西场地北半场,16:00-17:00,0,1,可预约,￥50.0,晴,25,23,4,0.0,57,40
2026-05-21 16:30:48,2026-05-22,6,篮球场-西场地北半场,16:00-17:00,0,1,可预约,￥50.0,晴,25,24,3,0.0,60,39
2026-05-21 17:00:49,2026-05-22,6,篮球场-西场地北半场,16:00-17:00,0,1,可预约,￥50.0,晴,25,24,4,0.0,61,39
2026-05-21 17:30:47,2026-05-22,6,篮球场-西场地北半场,16:00-17:00,0,1,可预约,￥50.0,多云,24,23,3,0.0,64,39
2026-05-21 18:00:50,2026-05-22,6,篮球场-西场地北半场,16:00-17:00,0,1,可预约,￥50.0,多云,24,23,3,0.0,68,39
2026-05-21 18:30:50,2026-05-22,6,篮球场-西场地北半场,16:00-17:00,0,1,可预约,￥50.0,阴,24,25,2,0.0,68,40
2026-05-21 19:00:50,2026-05-22,6,篮球场-西场地北半场,16:00-17:00,0,1,可预约,￥50.0,阴,23,23,3,0.0,76,40
2026-05-21 19:30:46,2026-05-22,6,篮球场-西场地北半场,16:00-17:00,0,1,可预约,￥50.0,阴,23,24,2,0.0,77,39
2026-05-21 20:00:49,2026-05-22,6,篮球场-西场地北半场,16:00-17:00,0,1,可预约,￥50.0,雾,22,23,2,0.0,89,39
2026-05-21 20:30:44,2026-05-22,6,篮球场-西场地北半场,16:00-17:00,0,1,可预约,￥50.0,雾,22,24,2,0.0,93,43
2026-05-21 21:00:56,2026-05-22,6,篮球场-西场地北半场,16:00-17:00,0,1,可预约,￥50.0,雾,20,21,2,0.0,98,43
2026-05-21 21:30:46,2026-05-22,6,篮球场-西场地北半场,16:00-17:00,0,1,可预约,￥50.0,雾,20,22,1,0.0,99,41
2026-05-21 22:01:02,2026-05-22,6,篮球场-西场地北半场,16:00-17:00,0,1,可预约,￥50.0,雾,19,20,2,0.0,93,41
2026-05-21 22:30:47,2026-05-22,6,篮球场-西场地北半场,16:00-17:00,0,1,可预约,￥50.0,雾,19,19,3,0.0,88,46
2026-05-21 23:00:56,2026-05-22,6,篮球场-西场地北半场,16:00-17:00,0,1,可预约,￥50.0,多云,18,17,3,0.0,85,46
2026-05-21 23:30:55,2026-05-22,6,篮球场-西场地北半场,16:00-17:00,0,1,可预约,￥50.0,多云,18,17,3,0.0,85,48
2026-05-21 07:59:26,2026-05-22,6,篮球场-西场地北半场,19:00-20:00,0,1,可预约,￥50.0,晴,17,12,5,0.0,86,29
2026-05-21 08:00:45,2026-05-22,6,篮球场-西场地北半场,19:00-20:00,0,1,可预约,￥50.0,晴,17,12,5,0.0,86,29
2026-05-21 08:02:30,2026-05-22,6,篮球场-西场地北半场,19:00-20:00,0,1,可预约,￥50.0,多云,17,12,5,0.0,87,29
2026-05-21 08:05:36,2026-05-22,6,篮球场-西场地北半场,19:00-20:00,0,1,可预约,￥50.0,多云,17,12,5,0.0,86,29
2026-05-21 08:08:31,2026-05-22,6,篮球场-西场地北半场,19:00-20:00,0,1,可预约,￥50.0,多云,17,12,5,0.0,86,29
2026-05-21 08:11:30,2026-05-22,6,篮球场-西场地北半场,19:00-20:00,0,1,可预约,￥50.0,多云,17,12,5,0.0,86,29
2026-05-21 08:14:31,2026-05-22,6,篮球场-西场地北半场,19:00-20:00,0,1,可预约,￥50.0,多云,17,12,5,0.0,86,29
2026-05-21 08:17:30,2026-05-22,6,篮球场-西场地北半场,19:00-20:00,0,1,可预约,￥50.0,多云,17,12,5,0.0,86,29
2026-05-21 08:20:35,2026-05-22,6,篮球场-西场地北半场,19:00-20:00,0,1,可预约,￥50.0,多云,17,14,4,0.0,85,29
2026-05-21 08:25:32,2026-05-22,6,篮球场-西场地北半场,19:00-20:00,0,1,可预约,￥50.0,多云,17,14,4,0.0,85,28
2026-05-21 08:30:42,2026-05-22,6,篮球场-西场地北半场,19:00-20:00,0,1,可预约,￥50.0,多云,18,15,4,0.0,84,28
2026-05-21 08:35:31,2026-05-22,6,篮球场-西场地北半场,19:00-20:00,0,1,可预约,￥50.0,多云,18,15,4,0.0,84,28
2026-05-21 08:40:38,2026-05-22,6,篮球场-西场地北半场,19:00-20:00,0,1,可预约,￥50.0,多云,18,15,4,0.0,82,28
2026-05-21 08:45:33,2026-05-22,6,篮球场-西场地北半场,19:00-20:00,0,1,可预约,￥50.0,多云,18,15,4,0.0,82,28
2026-05-21 08:50:36,2026-05-22,6,篮球场-西场地北半场,19:00-20:00,0,1,可预约,￥50.0,多云,18,15,4,0.0,82,28
2026-05-21 08:55:34,2026-05-22,6,篮球场-西场地北半场,19:00-20:00,0,1,可预约,￥50.0,多云,18,15,4,0.0,84,28
2026-05-21 09:00:51,2026-05-22,6,篮球场-西场地北半场,19:00-20:00,0,1,可预约,￥50.0,多云,18,15,4,0.0,84,28
2026-05-21 09:01:59,2026-05-22,6,篮球场-西场地北半场,19:00-20:00,0,1,可预约,￥50.0,多云,18,15,4,0.0,83,28
2026-05-21 09:05:33,2026-05-22,6,篮球场-西场地北半场,19:00-20:00,0,1,可预约,￥50.0,多云,18,15,4,0.0,83,28
2026-05-21 09:20:38,2026-05-22,6,篮球场-西场地北半场,19:00-20:00,0,1,可预约,￥50.0,多云,18,16,3,0.0,81,28
2026-05-21 09:30:46,2026-05-22,6,篮球场-西场地北半场,19:00-20:00,0,1,可预约,￥50.0,多云,18,16,3,0.0,81,32
2026-05-21 09:40:36,2026-05-22,6,篮球场-西场地北半场,19:00-20:00,0,1,可预约,￥50.0,多云,19,17,3,0.0,79,32
2026-05-21 09:50:42,2026-05-22,6,篮球场-西场地北半场,19:00-20:00,0,1,可预约,￥50.0,多云,19,17,4,0.0,81,32
2026-05-21 10:00:46,2026-05-22,6,篮球场-西场地北半场,19:00-20:00,0,1,可预约,￥50.0,多云,19,17,4,0.0,79,32
2026-05-21 10:10:40,2026-05-22,6,篮球场-西场地北半场,19:00-20:00,0,1,可预约,￥50.0,多云,19,17,4,0.0,79,32
2026-05-21 10:20:38,2026-05-22,6,篮球场-西场地北半场,19:00-20:00,0,1,可预约,￥50.0,多云,19,17,4,0.0,79,32
2026-05-21 10:30:41,2026-05-22,6,篮球场-西场地北半场,19:00-20:00,0,1,可预约,￥50.0,多云,19,18,3,0.0,78,31
2026-05-21 11:00:44,2026-05-22,6,篮球场-西场地北半场,19:00-20:00,0,1,可预约,￥50.0,多云,21,17,5,0.0,74,31
2026-05-21 11:30:38,2026-05-22,6,篮球场-西场地北半场,19:00-20:00,0,1,可预约,￥50.0,多云,21,19,3,0.0,72,33
2026-05-21 12:00:46,2026-05-22,6,篮球场-西场地北半场,19:00-20:00,0,1,可预约,￥50.0,多云,22,19,4,0.0,70,33
2026-05-21 12:30:42,2026-05-22,6,篮球场-西场地北半场,19:00-20:00,0,1,可预约,￥50.0,多云,22,21,3,0.0,68,35
2026-05-21 13:00:43,2026-05-22,6,篮球场-西场地北半场,19:00-20:00,0,1,可预约,￥50.0,多云,24,22,4,0.0,66,35
2026-05-21 13:30:43,2026-05-22,6,篮球场-西场地北半场,19:00-20:00,0,1,可预约,￥50.0,多云,24,22,4,0.0,66,36
2026-05-21 14:00:48,2026-05-22,6,篮球场-西场地北半场,19:00-20:00,0,1,可预约,￥50.0,多云,25,23,4,0.0,66,36
2026-05-21 14:30:45,2026-05-22,6,篮球场-西场地北半场,19:00-20:00,0,1,可预约,￥50.0,晴,25,25,3,0.0,65,39
2026-05-21 15:00:45,2026-05-22,6,篮球场-西场地北半场,19:00-20:00,0,1,可预约,￥50.0,晴,25,22,4,0.0,56,39
2026-05-21 15:30:43,2026-05-22,6,篮球场-西场地北半场,19:00-20:00,0,1,可预约,￥50.0,晴,25,23,4,0.0,57,40
2026-05-21 16:00:51,2026-05-22,6,篮球场-西场地北半场,19:00-20:00,0,1,可预约,￥50.0,晴,25,23,4,0.0,57,40
2026-05-21 16:30:48,2026-05-22,6,篮球场-西场地北半场,19:00-20:00,0,1,可预约,￥50.0,晴,25,24,3,0.0,60,39
2026-05-21 17:00:49,2026-05-22,6,篮球场-西场地北半场,19:00-20:00,0,1,可预约,￥50.0,晴,25,24,4,0.0,61,39
2026-05-21 17:30:47,2026-05-22,6,篮球场-西场地北半场,19:00-20:00,0,1,可预约,￥50.0,多云,24,23,3,0.0,64,39
2026-05-21 18:00:50,2026-05-22,6,篮球场-西场地北半场,19:00-20:00,0,1,可预约,￥50.0,多云,24,23,3,0.0,68,39
2026-05-21 18:30:50,2026-05-22,6,篮球场-西场地北半场,19:00-20:00,0,1,可预约,￥50.0,阴,24,25,2,0.0,68,40
2026-05-21 19:00:50,2026-05-22,6,篮球场-西场地北半场,19:00-20:00,0,1,可预约,￥50.0,阴,23,23,3,0.0,76,40
2026-05-21 19:30:46,2026-05-22,6,篮球场-西场地北半场,19:00-20:00,0,1,可预约,￥50.0,阴,23,24,2,0.0,77,39
2026-05-21 20:00:49,2026-05-22,6,篮球场-西场地北半场,19:00-20:00,0,1,可预约,￥50.0,雾,22,23,2,0.0,89,39
2026-05-21 20:30:44,2026-05-22,6,篮球场-西场地北半场,19:00-20:00,0,1,可预约,￥50.0,雾,22,24,2,0.0,93,43
2026-05-21 21:00:56,2026-05-22,6,篮球场-西场地北半场,19:00-20:00,0,1,可预约,￥50.0,雾,20,21,2,0.0,98,43
2026-05-21 21:30:46,2026-05-22,6,篮球场-西场地北半场,19:00-20:00,0,1,可预约,￥50.0,雾,20,22,1,0.0,99,41
2026-05-21 22:01:02,2026-05-22,6,篮球场-西场地北半场,19:00-20:00,0,1,可预约,￥50.0,雾,19,20,2,0.0,93,41
2026-05-21 22:30:47,2026-05-22,6,篮球场-西场地北半场,19:00-20:00,0,1,可预约,￥50.0,雾,19,19,3,0.0,88,46
2026-05-21 23:00:56,2026-05-22,6,篮球场-西场地北半场,19:00-20:00,0,1,可预约,￥50.0,多云,18,17,3,0.0,85,46
2026-05-21 23:30:55,2026-05-22,6,篮球场-西场地北半场,19:00-20:00,0,1,可预约,￥50.0,多云,18,17,3,0.0,85,48
2026-05-21 07:59:26,2026-05-22,6,篮球场-西场地北半场,20:30-21:30,0,1,可预约,￥50.0,晴,17,12,5,0.0,86,29
2026-05-21 08:00:45,2026-05-22,6,篮球场-西场地北半场,20:30-21:30,0,1,可预约,￥50.0,晴,17,12,5,0.0,86,29
2026-05-21 08:02:30,2026-05-22,6,篮球场-西场地北半场,20:30-21:30,0,1,可预约,￥50.0,多云,17,12,5,0.0,87,29
2026-05-21 08:05:36,2026-05-22,6,篮球场-西场地北半场,20:30-21:30,0,1,可预约,￥50.0,多云,17,12,5,0.0,86,29
2026-05-21 08:08:31,2026-05-22,6,篮球场-西场地北半场,20:30-21:30,0,1,可预约,￥50.0,多云,17,12,5,0.0,86,29
2026-05-21 08:11:30,2026-05-22,6,篮球场-西场地北半场,20:30-21:30,0,1,可预约,￥50.0,多云,17,12,5,0.0,86,29
2026-05-21 08:14:31,2026-05-22,6,篮球场-西场地北半场,20:30-21:30,0,1,可预约,￥50.0,多云,17,12,5,0.0,86,29
2026-05-21 08:17:30,2026-05-22,6,篮球场-西场地北半场,20:30-21:30,0,1,可预约,￥50.0,多云,17,12,5,0.0,86,29
2026-05-21 08:20:35,2026-05-22,6,篮球场-西场地北半场,20:30-21:30,0,1,可预约,￥50.0,多云,17,14,4,0.0,85,29
2026-05-21 08:25:32,2026-05-22,6,篮球场-西场地北半场,20:30-21:30,0,1,可预约,￥50.0,多云,17,14,4,0.0,85,28
2026-05-21 08:30:42,2026-05-22,6,篮球场-西场地北半场,20:30-21:30,0,1,可预约,￥50.0,多云,18,15,4,0.0,84,28
2026-05-21 08:35:31,2026-05-22,6,篮球场-西场地北半场,20:30-21:30,0,1,可预约,￥50.0,多云,18,15,4,0.0,84,28
2026-05-21 08:40:38,2026-05-22,6,篮球场-西场地北半场,20:30-21:30,0,1,可预约,￥50.0,多云,18,15,4,0.0,82,28
2026-05-21 08:45:33,2026-05-22,6,篮球场-西场地北半场,20:30-21:30,0,1,可预约,￥50.0,多云,18,15,4,0.0,82,28
2026-05-21 08:50:36,2026-05-22,6,篮球场-西场地北半场,20:30-21:30,0,1,可预约,￥50.0,多云,18,15,4,0.0,82,28
2026-05-21 08:55:34,2026-05-22,6,篮球场-西场地北半场,20:30-21:30,0,1,可预约,￥50.0,多云,18,15,4,0.0,84,28
2026-05-21 09:00:51,2026-05-22,6,篮球场-西场地北半场,20:30-21:30,0,1,可预约,￥50.0,多云,18,15,4,0.0,84,28
2026-05-21 09:01:59,2026-05-22,6,篮球场-西场地北半场,20:30-21:30,0,1,可预约,￥50.0,多云,18,15,4,0.0,83,28
2026-05-21 09:05:33,2026-05-22,6,篮球场-西场地北半场,20:30-21:30,0,1,可预约,￥50.0,多云,18,15,4,0.0,83,28
2026-05-21 09:20:38,2026-05-22,6,篮球场-西场地北半场,20:30-21:30,0,1,可预约,￥50.0,多云,18,16,3,0.0,81,28
2026-05-21 09:30:46,2026-05-22,6,篮球场-西场地北半场,20:30-21:30,0,1,可预约,￥50.0,多云,18,16,3,0.0,81,32
2026-05-21 09:40:36,2026-05-22,6,篮球场-西场地北半场,20:30-21:30,0,1,可预约,￥50.0,多云,19,17,3,0.0,79,32
2026-05-21 09:50:42,2026-05-22,6,篮球场-西场地北半场,20:30-21:30,0,1,可预约,￥50.0,多云,19,17,4,0.0,81,32
2026-05-21 10:00:46,2026-05-22,6,篮球场-西场地北半场,20:30-21:30,0,1,可预约,￥50.0,多云,19,17,4,0.0,79,32
2026-05-21 10:10:40,2026-05-22,6,篮球场-西场地北半场,20:30-21:30,0,1,可预约,￥50.0,多云,19,17,4,0.0,79,32
2026-05-21 10:20:38,2026-05-22,6,篮球场-西场地北半场,20:30-21:30,0,1,可预约,￥50.0,多云,19,17,4,0.0,79,32
2026-05-21 10:30:41,2026-05-22,6,篮球场-西场地北半场,20:30-21:30,0,1,可预约,￥50.0,多云,19,18,3,0.0,78,31
2026-05-21 11:00:44,2026-05-22,6,篮球场-西场地北半场,20:30-21:30,0,1,可预约,￥50.0,多云,21,17,5,0.0,74,31
2026-05-21 11:30:38,2026-05-22,6,篮球场-西场地北半场,20:30-21:30,0,1,可预约,￥50.0,多云,21,19,3,0.0,72,33
2026-05-21 12:00:46,2026-05-22,6,篮球场-西场地北半场,20:30-21:30,0,1,可预约,￥50.0,多云,22,19,4,0.0,70,33
2026-05-21 12:30:42,2026-05-22,6,篮球场-西场地北半场,20:30-21:30,0,1,可预约,￥50.0,多云,22,21,3,0.0,68,35
2026-05-21 13:00:43,2026-05-22,6,篮球场-西场地北半场,20:30-21:30,0,1,可预约,￥50.0,多云,24,22,4,0.0,66,35
2026-05-21 13:30:43,2026-05-22,6,篮球场-西场地北半场,20:30-21:30,0,1,可预约,￥50.0,多云,24,22,4,0.0,66,36
2026-05-21 14:00:48,2026-05-22,6,篮球场-西场地北半场,20:30-21:30,0,1,可预约,￥50.0,多云,25,23,4,0.0,66,36
2026-05-21 14:30:45,2026-05-22,6,篮球场-西场地北半场,20:30-21:30,0,1,可预约,￥50.0,晴,25,25,3,0.0,65,39
2026-05-21 15:00:45,2026-05-22,6,篮球场-西场地北半场,20:30-21:30,0,1,可预约,￥50.0,晴,25,22,4,0.0,56,39
2026-05-21 15:30:43,2026-05-22,6,篮球场-西场地北半场,20:30-21:30,0,1,可预约,￥50.0,晴,25,23,4,0.0,57,40
2026-05-21 16:00:51,2026-05-22,6,篮球场-西场地北半场,20:30-21:30,0,1,可预约,￥50.0,晴,25,23,4,0.0,57,40
2026-05-21 16:30:48,2026-05-22,6,篮球场-西场地北半场,20:30-21:30,0,1,可预约,￥50.0,晴,25,24,3,0.0,60,39
2026-05-21 17:00:49,2026-05-22,6,篮球场-西场地北半场,20:30-21:30,0,1,可预约,￥50.0,晴,25,24,4,0.0,61,39
2026-05-21 17:30:47,2026-05-22,6,篮球场-西场地北半场,20:30-21:30,0,1,可预约,￥50.0,多云,24,23,3,0.0,64,39
2026-05-21 18:00:50,2026-05-22,6,篮球场-西场地北半场,20:30-21:30,0,1,可预约,￥50.0,多云,24,23,3,0.0,68,39
2026-05-21 18:30:50,2026-05-22,6,篮球场-西场地北半场,20:30-21:30,0,1,可预约,￥50.0,阴,24,25,2,0.0,68,40
2026-05-21 19:00:50,2026-05-22,6,篮球场-西场地北半场,20:30-21:30,0,1,可预约,￥50.0,阴,23,23,3,0.0,76,40
2026-05-21 19:30:46,2026-05-22,6,篮球场-西场地北半场,20:30-21:30,0,1,可预约,￥50.0,阴,23,24,2,0.0,77,39
2026-05-21 20:00:49,2026-05-22,6,篮球场-西场地北半场,20:30-21:30,0,1,可预约,￥50.0,雾,22,23,2,0.0,89,39
2026-05-21 20:30:44,2026-05-22,6,篮球场-西场地北半场,20:30-21:30,0,1,可预约,￥50.0,雾,22,24,2,0.0,93,43
2026-05-21 21:00:56,2026-05-22,6,篮球场-西场地北半场,20:30-21:30,0,1,可预约,￥50.0,雾,20,21,2,0.0,98,43
2026-05-21 21:30:46,2026-05-22,6,篮球场-西场地北半场,20:30-21:30,0,1,可预约,￥50.0,雾,20,22,1,0.0,99,41
2026-05-21 22:01:02,2026-05-22,6,篮球场-西场地北半场,20:30-21:30,0,1,可预约,￥50.0,雾,19,20,2,0.0,93,41
2026-05-21 22:30:47,2026-05-22,6,篮球场-西场地北半场,20:30-21:30,0,1,可预约,￥50.0,雾,19,19,3,0.0,88,46
2026-05-21 23:00:56,2026-05-22,6,篮球场-西场地北半场,20:30-21:30,0,1,可预约,￥50.0,多云,18,17,3,0.0,85,46
2026-05-21 23:30:55,2026-05-22,6,篮球场-西场地北半场,20:30-21:30,0,1,可预约,￥50.0,多云,18,17,3,0.0,85,48
2026-05-21 07:59:26,2026-05-22,6,篮球场-西场地南半场,09:00-10:00,0,1,可预约,￥50.0,晴,17,12,5,0.0,86,29
2026-05-21 08:00:45,2026-05-22,6,篮球场-西场地南半场,09:00-10:00,0,1,可预约,￥50.0,晴,17,12,5,0.0,86,29
2026-05-21 08:02:30,2026-05-22,6,篮球场-西场地南半场,09:00-10:00,0,1,可预约,￥50.0,多云,17,12,5,0.0,87,29
2026-05-21 08:05:36,2026-05-22,6,篮球场-西场地南半场,09:00-10:00,0,1,可预约,￥50.0,多云,17,12,5,0.0,86,29
2026-05-21 08:08:31,2026-05-22,6,篮球场-西场地南半场,09:00-10:00,0,1,可预约,￥50.0,多云,17,12,5,0.0,86,29
2026-05-21 08:11:30,2026-05-22,6,篮球场-西场地南半场,09:00-10:00,0,1,可预约,￥50.0,多云,17,12,5,0.0,86,29
2026-05-21 08:14:31,2026-05-22,6,篮球场-西场地南半场,09:00-10:00,0,1,可预约,￥50.0,多云,17,12,5,0.0,86,29
2026-05-21 08:17:30,2026-05-22,6,篮球场-西场地南半场,09:00-10:00,0,1,可预约,￥50.0,多云,17,12,5,0.0,86,29
2026-05-21 08:20:35,2026-05-22,6,篮球场-西场地南半场,09:00-10:00,0,1,可预约,￥50.0,多云,17,14,4,0.0,85,29
2026-05-21 08:25:32,2026-05-22,6,篮球场-西场地南半场,09:00-10:00,0,1,可预约,￥50.0,多云,17,14,4,0.0,85,28
2026-05-21 08:30:42,2026-05-22,6,篮球场-西场地南半场,09:00-10:00,0,1,可预约,￥50.0,多云,18,15,4,0.0,84,28
2026-05-21 08:35:31,2026-05-22,6,篮球场-西场地南半场,09:00-10:00,0,1,可预约,￥50.0,多云,18,15,4,0.0,84,28
2026-05-21 08:40:38,2026-05-22,6,篮球场-西场地南半场,09:00-10:00,0,1,可预约,￥50.0,多云,18,15,4,0.0,82,28
2026-05-21 08:45:33,2026-05-22,6,篮球场-西场地南半场,09:00-10:00,0,1,可预约,￥50.0,多云,18,15,4,0.0,82,28
2026-05-21 08:50:36,2026-05-22,6,篮球场-西场地南半场,09:00-10:00,0,1,可预约,￥50.0,多云,18,15,4,0.0,82,28
2026-05-21 08:55:34,2026-05-22,6,篮球场-西场地南半场,09:00-10:00,0,1,可预约,￥50.0,多云,18,15,4,0.0,84,28
2026-05-21 09:00:51,2026-05-22,6,篮球场-西场地南半场,09:00-10:00,0,1,可预约,￥50.0,多云,18,15,4,0.0,84,28
2026-05-21 09:01:59,2026-05-22,6,篮球场-西场地南半场,09:00-10:00,0,1,可预约,￥50.0,多云,18,15,4,0.0,83,28
2026-05-21 09:05:33,2026-05-22,6,篮球场-西场地南半场,09:00-10:00,0,1,可预约,￥50.0,多云,18,15,4,0.0,83,28
2026-05-21 09:20:38,2026-05-22,6,篮球场-西场地南半场,09:00-10:00,0,1,可预约,￥50.0,多云,18,16,3,0.0,81,28
2026-05-21 09:30:46,2026-05-22,6,篮球场-西场地南半场,09:00-10:00,0,1,可预约,￥50.0,多云,18,16,3,0.0,81,32
2026-05-21 09:40:36,2026-05-22,6,篮球场-西场地南半场,09:00-10:00,0,1,可预约,￥50.0,多云,19,17,3,0.0,79,32
2026-05-21 09:50:42,2026-05-22,6,篮球场-西场地南半场,09:00-10:00,0,1,可预约,￥50.0,多云,19,17,4,0.0,81,32
2026-05-21 10:00:46,2026-05-22,6,篮球场-西场地南半场,09:00-10:00,0,1,可预约,￥50.0,多云,19,17,4,0.0,79,32
2026-05-21 10:10:40,2026-05-22,6,篮球场-西场地南半场,09:00-10:00,0,1,可预约,￥50.0,多云,19,17,4,0.0,79,32
2026-05-21 10:20:38,2026-05-22,6,篮球场-西场地南半场,09:00-10:00,0,1,可预约,￥50.0,多云,19,17,4,0.0,79,32
2026-05-21 10:30:41,2026-05-22,6,篮球场-西场地南半场,09:00-10:00,0,1,可预约,￥50.0,多云,19,18,3,0.0,78,31
2026-05-21 11:00:44,2026-05-22,6,篮球场-西场地南半场,09:00-10:00,0,1,可预约,￥50.0,多云,21,17,5,0.0,74,31
2026-05-21 11:30:38,2026-05-22,6,篮球场-西场地南半场,09:00-10:00,0,1,可预约,￥50.0,多云,21,19,3,0.0,72,33
2026-05-21 12:00:46,2026-05-22,6,篮球场-西场地南半场,09:00-10:00,0,1,可预约,￥50.0,多云,22,19,4,0.0,70,33
2026-05-21 12:30:42,2026-05-22,6,篮球场-西场地南半场,09:00-10:00,0,1,可预约,￥50.0,多云,22,21,3,0.0,68,35
2026-05-21 13:00:43,2026-05-22,6,篮球场-西场地南半场,09:00-10:00,0,1,可预约,￥50.0,多云,24,22,4,0.0,66,35
2026-05-21 13:30:43,2026-05-22,6,篮球场-西场地南半场,09:00-10:00,0,1,可预约,￥50.0,多云,24,22,4,0.0,66,36
2026-05-21 14:00:48,2026-05-22,6,篮球场-西场地南半场,09:00-10:00,0,1,可预约,￥50.0,多云,25,23,4,0.0,66,36
2026-05-21 14:30:45,2026-05-22,6,篮球场-西场地南半场,09:00-10:00,0,1,可预约,￥50.0,晴,25,25,3,0.0,65,39
2026-05-21 15:00:45,2026-05-22,6,篮球场-西场地南半场,09:00-10:00,0,1,可预约,￥50.0,晴,25,22,4,0.0,56,39
2026-05-21 15:30:43,2026-05-22,6,篮球场-西场地南半场,09:00-10:00,0,1,可预约,￥50.0,晴,25,23,4,0.0,57,40
2026-05-21 16:00:51,2026-05-22,6,篮球场-西场地南半场,09:00-10:00,0,1,可预约,￥50.0,晴,25,23,4,0.0,57,40
2026-05-21 16:30:48,2026-05-22,6,篮球场-西场地南半场,09:00-10:00,0,1,可预约,￥50.0,晴,25,24,3,0.0,60,39
2026-05-21 17:00:49,2026-05-22,6,篮球场-西场地南半场,09:00-10:00,0,1,可预约,￥50.0,晴,25,24,4,0.0,61,39
2026-05-21 17:30:47,2026-05-22,6,篮球场-西场地南半场,09:00-10:00,0,1,可预约,￥50.0,多云,24,23,3,0.0,64,39
2026-05-21 18:00:50,2026-05-22,6,篮球场-西场地南半场,09:00-10:00,0,1,可预约,￥50.0,多云,24,23,3,0.0,68,39
2026-05-21 18:30:50,2026-05-22,6,篮球场-西场地南半场,09:00-10:00,0,1,可预约,￥50.0,阴,24,25,2,0.0,68,40
2026-05-21 19:00:50,2026-05-22,6,篮球场-西场地南半场,09:00-10:00,0,1,可预约,￥50.0,阴,23,23,3,0.0,76,40
2026-05-21 19:30:46,2026-05-22,6,篮球场-西场地南半场,09:00-10:00,0,1,可预约,￥50.0,阴,23,24,2,0.0,77,39
2026-05-21 20:00:49,2026-05-22,6,篮球场-西场地南半场,09:00-10:00,0,1,可预约,￥50.0,雾,22,23,2,0.0,89,39
2026-05-21 20:30:44,2026-05-22,6,篮球场-西场地南半场,09:00-10:00,0,1,可预约,￥50.0,雾,22,24,2,0.0,93,43
2026-05-21 21:00:56,2026-05-22,6,篮球场-西场地南半场,09:00-10:00,0,1,可预约,￥50.0,雾,20,21,2,0.0,98,43
2026-05-21 21:30:46,2026-05-22,6,篮球场-西场地南半场,09:00-10:00,0,1,可预约,￥50.0,雾,20,22,1,0.0,99,41
2026-05-21 22:01:02,2026-05-22,6,篮球场-西场地南半场,09:00-10:00,0,1,可预约,￥50.0,雾,19,20,2,0.0,93,41
2026-05-21 22:30:47,2026-05-22,6,篮球场-西场地南半场,09:00-10:00,0,1,可预约,￥50.0,雾,19,19,3,0.0,88,46
2026-05-21 23:00:56,2026-05-22,6,篮球场-西场地南半场,09:00-10:00,0,1,可预约,￥50.0,多云,18,17,3,0.0,85,46
2026-05-21 23:30:55,2026-05-22,6,篮球场-西场地南半场,09:00-10:00,0,1,可预约,￥50.0,多云,18,17,3,0.0,85,48
2026-05-21 07:59:26,2026-05-22,6,篮球场-西场地南半场,10:30-11:30,1,1,已售/已满,教学时间,晴,17,12,5,0.0,86,29
2026-05-21 08:00:45,2026-05-22,6,篮球场-西场地南半场,10:30-11:30,1,1,已售/已满,教学时间,晴,17,12,5,0.0,86,29
2026-05-21 08:02:30,2026-05-22,6,篮球场-西场地南半场,10:30-11:30,1,1,已售/已满,教学时间,多云,17,12,5,0.0,87,29
2026-05-21 08:05:36,2026-05-22,6,篮球场-西场地南半场,10:30-11:30,1,1,已售/已满,教学时间,多云,17,12,5,0.0,86,29
2026-05-21 08:08:31,2026-05-22,6,篮球场-西场地南半场,10:30-11:30,1,1,已售/已满,教学时间,多云,17,12,5,0.0,86,29
2026-05-21 08:11:30,2026-05-22,6,篮球场-西场地南半场,10:30-11:30,1,1,已售/已满,教学时间,多云,17,12,5,0.0,86,29
2026-05-21 08:14:31,2026-05-22,6,篮球场-西场地南半场,10:30-11:30,1,1,已售/已满,教学时间,多云,17,12,5,0.0,86,29
2026-05-21 08:17:30,2026-05-22,6,篮球场-西场地南半场,10:30-11:30,1,1,已售/已满,教学时间,多云,17,12,5,0.0,86,29
2026-05-21 08:20:35,2026-05-22,6,篮球场-西场地南半场,10:30-11:30,1,1,已售/已满,教学时间,多云,17,14,4,0.0,85,29
2026-05-21 08:25:32,2026-05-22,6,篮球场-西场地南半场,10:30-11:30,1,1,已售/已满,教学时间,多云,17,14,4,0.0,85,28
2026-05-21 08:30:42,2026-05-22,6,篮球场-西场地南半场,10:30-11:30,1,1,已售/已满,教学时间,多云,18,15,4,0.0,84,28
2026-05-21 08:35:31,2026-05-22,6,篮球场-西场地南半场,10:30-11:30,1,1,已售/已满,教学时间,多云,18,15,4,0.0,84,28
2026-05-21 08:40:38,2026-05-22,6,篮球场-西场地南半场,10:30-11:30,1,1,已售/已满,教学时间,多云,18,15,4,0.0,82,28
2026-05-21 08:45:33,2026-05-22,6,篮球场-西场地南半场,10:30-11:30,1,1,已售/已满,教学时间,多云,18,15,4,0.0,82,28
2026-05-21 08:50:36,2026-05-22,6,篮球场-西场地南半场,10:30-11:30,1,1,已售/已满,教学时间,多云,18,15,4,0.0,82,28
2026-05-21 08:55:34,2026-05-22,6,篮球场-西场地南半场,10:30-11:30,1,1,已售/已满,教学时间,多云,18,15,4,0.0,84,28
2026-05-21 09:00:51,2026-05-22,6,篮球场-西场地南半场,10:30-11:30,1,1,已售/已满,教学时间,多云,18,15,4,0.0,84,28
2026-05-21 09:01:59,2026-05-22,6,篮球场-西场地南半场,10:30-11:30,1,1,已售/已满,教学时间,多云,18,15,4,0.0,83,28
2026-05-21 09:05:33,2026-05-22,6,篮球场-西场地南半场,10:30-11:30,1,1,已售/已满,教学时间,多云,18,15,4,0.0,83,28
2026-05-21 09:20:38,2026-05-22,6,篮球场-西场地南半场,10:30-11:30,1,1,已售/已满,教学时间,多云,18,16,3,0.0,81,28
2026-05-21 09:30:46,2026-05-22,6,篮球场-西场地南半场,10:30-11:30,1,1,已售/已满,教学时间,多云,18,16,3,0.0,81,32
2026-05-21 09:40:36,2026-05-22,6,篮球场-西场地南半场,10:30-11:30,1,1,已售/已满,教学时间,多云,19,17,3,0.0,79,32
2026-05-21 09:50:42,2026-05-22,6,篮球场-西场地南半场,10:30-11:30,1,1,已售/已满,教学时间,多云,19,17,4,0.0,81,32
2026-05-21 10:00:46,2026-05-22,6,篮球场-西场地南半场,10:30-11:30,1,1,已售/已满,教学时间,多云,19,17,4,0.0,79,32
2026-05-21 10:10:40,2026-05-22,6,篮球场-西场地南半场,10:30-11:30,1,1,已售/已满,教学时间,多云,19,17,4,0.0,79,32
2026-05-21 10:20:38,2026-05-22,6,篮球场-西场地南半场,10:30-11:30,1,1,已售/已满,教学时间,多云,19,17,4,0.0,79,32
2026-05-21 10:30:41,2026-05-22,6,篮球场-西场地南半场,10:30-11:30,1,1,已售/已满,教学时间,多云,19,18,3,0.0,78,31
2026-05-21 11:00:44,2026-05-22,6,篮球场-西场地南半场,10:30-11:30,1,1,已售/已满,教学时间,多云,21,17,5,0.0,74,31
2026-05-21 11:30:38,2026-05-22,6,篮球场-西场地南半场,10:30-11:30,1,1,已售/已满,教学时间,多云,21,19,3,0.0,72,33
2026-05-21 12:00:46,2026-05-22,6,篮球场-西场地南半场,10:30-11:30,1,1,已售/已满,教学时间,多云,22,19,4,0.0,70,33
2026-05-21 12:30:42,2026-05-22,6,篮球场-西场地南半场,10:30-11:30,1,1,已售/已满,教学时间,多云,22,21,3,0.0,68,35
2026-05-21 13:00:43,2026-05-22,6,篮球场-西场地南半场,10:30-11:30,1,1,已售/已满,教学时间,多云,24,22,4,0.0,66,35
2026-05-21 13:30:43,2026-05-22,6,篮球场-西场地南半场,10:30-11:30,1,1,已售/已满,教学时间,多云,24,22,4,0.0,66,36
2026-05-21 14:00:48,2026-05-22,6,篮球场-西场地南半场,10:30-11:30,1,1,已售/已满,教学时间,多云,25,23,4,0.0,66,36
2026-05-21 14:30:45,2026-05-22,6,篮球场-西场地南半场,10:30-11:30,1,1,已售/已满,教学时间,晴,25,25,3,0.0,65,39
2026-05-21 15:00:45,2026-05-22,6,篮球场-西场地南半场,10:30-11:30,1,1,已售/已满,教学时间,晴,25,22,4,0.0,56,39
2026-05-21 15:30:43,2026-05-22,6,篮球场-西场地南半场,10:30-11:30,1,1,已售/已满,教学时间,晴,25,23,4,0.0,57,40
2026-05-21 16:00:51,2026-05-22,6,篮球场-西场地南半场,10:30-11:30,1,1,已售/已满,教学时间,晴,25,23,4,0.0,57,40
2026-05-21 16:30:48,2026-05-22,6,篮球场-西场地南半场,10:30-11:30,1,1,已售/已满,教学时间,晴,25,24,3,0.0,60,39
2026-05-21 17:00:49,2026-05-22,6,篮球场-西场地南半场,10:30-11:30,1,1,已售/已满,教学时间,晴,25,24,4,0.0,61,39
2026-05-21 17:30:47,2026-05-22,6,篮球场-西场地南半场,10:30-11:30,1,1,已售/已满,教学时间,多云,24,23,3,0.0,64,39
2026-05-21 18:00:50,2026-05-22,6,篮球场-西场地南半场,10:30-11:30,1,1,已售/已满,教学时间,多云,24,23,3,0.0,68,39
2026-05-21 18:30:50,2026-05-22,6,篮球场-西场地南半场,10:30-11:30,1,1,已售/已满,教学时间,阴,24,25,2,0.0,68,40
2026-05-21 19:00:50,2026-05-22,6,篮球场-西场地南半场,10:30-11:30,1,1,已售/已满,教学时间,阴,23,23,3,0.0,76,40
2026-05-21 19:30:46,2026-05-22,6,篮球场-西场地南半场,10:30-11:30,1,1,已售/已满,教学时间,阴,23,24,2,0.0,77,39
2026-05-21 20:00:49,2026-05-22,6,篮球场-西场地南半场,10:30-11:30,1,1,已售/已满,教学时间,雾,22,23,2,0.0,89,39
2026-05-21 20:30:44,2026-05-22,6,篮球场-西场地南半场,10:30-11:30,1,1,已售/已满,教学时间,雾,22,24,2,0.0,93,43
2026-05-21 21:00:56,2026-05-22,6,篮球场-西场地南半场,10:30-11:30,1,1,已售/已满,教学时间,雾,20,21,2,0.0,98,43
2026-05-21 21:30:46,2026-05-22,6,篮球场-西场地南半场,10:30-11:30,1,1,已售/已满,教学时间,雾,20,22,1,0.0,99,41
2026-05-21 22:01:02,2026-05-22,6,篮球场-西场地南半场,10:30-11:30,1,1,已售/已满,教学时间,雾,19,20,2,0.0,93,41
2026-05-21 22:30:47,2026-05-22,6,篮球场-西场地南半场,10:30-11:30,1,1,已售/已满,教学时间,雾,19,19,3,0.0,88,46
2026-05-21 23:00:56,2026-05-22,6,篮球场-西场地南半场,10:30-11:30,1,1,已售/已满,教学时间,多云,18,17,3,0.0,85,46
2026-05-21 23:30:55,2026-05-22,6,篮球场-西场地南半场,10:30-11:30,1,1,已售/已满,教学时间,多云,18,17,3,0.0,85,48
2026-05-21 07:59:26,2026-05-22,6,篮球场-西场地南半场,14:00-15:00,1,1,已售/已满,教学时间,晴,17,12,5,0.0,86,29
2026-05-21 08:00:45,2026-05-22,6,篮球场-西场地南半场,14:00-15:00,1,1,已售/已满,教学时间,晴,17,12,5,0.0,86,29
2026-05-21 08:02:30,2026-05-22,6,篮球场-西场地南半场,14:00-15:00,1,1,已售/已满,教学时间,多云,17,12,5,0.0,87,29
2026-05-21 08:05:36,2026-05-22,6,篮球场-西场地南半场,14:00-15:00,1,1,已售/已满,教学时间,多云,17,12,5,0.0,86,29
2026-05-21 08:08:31,2026-05-22,6,篮球场-西场地南半场,14:00-15:00,1,1,已售/已满,教学时间,多云,17,12,5,0.0,86,29
2026-05-21 08:11:30,2026-05-22,6,篮球场-西场地南半场,14:00-15:00,1,1,已售/已满,教学时间,多云,17,12,5,0.0,86,29
2026-05-21 08:14:31,2026-05-22,6,篮球场-西场地南半场,14:00-15:00,1,1,已售/已满,教学时间,多云,17,12,5,0.0,86,29
2026-05-21 08:17:30,2026-05-22,6,篮球场-西场地南半场,14:00-15:00,1,1,已售/已满,教学时间,多云,17,12,5,0.0,86,29
2026-05-21 08:20:35,2026-05-22,6,篮球场-西场地南半场,14:00-15:00,1,1,已售/已满,教学时间,多云,17,14,4,0.0,85,29
2026-05-21 08:25:32,2026-05-22,6,篮球场-西场地南半场,14:00-15:00,1,1,已售/已满,教学时间,多云,17,14,4,0.0,85,28
2026-05-21 08:30:42,2026-05-22,6,篮球场-西场地南半场,14:00-15:00,1,1,已售/已满,教学时间,多云,18,15,4,0.0,84,28
2026-05-21 08:35:31,2026-05-22,6,篮球场-西场地南半场,14:00-15:00,1,1,已售/已满,教学时间,多云,18,15,4,0.0,84,28
2026-05-21 08:40:38,2026-05-22,6,篮球场-西场地南半场,14:00-15:00,1,1,已售/已满,教学时间,多云,18,15,4,0.0,82,28
2026-05-21 08:45:33,2026-05-22,6,篮球场-西场地南半场,14:00-15:00,1,1,已售/已满,教学时间,多云,18,15,4,0.0,82,28
2026-05-21 08:50:36,2026-05-22,6,篮球场-西场地南半场,14:00-15:00,1,1,已售/已满,教学时间,多云,18,15,4,0.0,82,28
2026-05-21 08:55:34,2026-05-22,6,篮球场-西场地南半场,14:00-15:00,1,1,已售/已满,教学时间,多云,18,15,4,0.0,84,28
2026-05-21 09:00:51,2026-05-22,6,篮球场-西场地南半场,14:00-15:00,1,1,已售/已满,教学时间,多云,18,15,4,0.0,84,28
2026-05-21 09:01:59,2026-05-22,6,篮球场-西场地南半场,14:00-15:00,1,1,已售/已满,教学时间,多云,18,15,4,0.0,83,28
2026-05-21 09:05:33,2026-05-22,6,篮球场-西场地南半场,14:00-15:00,1,1,已售/已满,教学时间,多云,18,15,4,0.0,83,28
2026-05-21 09:20:38,2026-05-22,6,篮球场-西场地南半场,14:00-15:00,1,1,已售/已满,教学时间,多云,18,16,3,0.0,81,28
2026-05-21 09:30:46,2026-05-22,6,篮球场-西场地南半场,14:00-15:00,1,1,已售/已满,教学时间,多云,18,16,3,0.0,81,32
2026-05-21 09:40:36,2026-05-22,6,篮球场-西场地南半场,14:00-15:00,1,1,已售/已满,教学时间,多云,19,17,3,0.0,79,32
2026-05-21 09:50:42,2026-05-22,6,篮球场-西场地南半场,14:00-15:00,1,1,已售/已满,教学时间,多云,19,17,4,0.0,81,32
2026-05-21 10:00:46,2026-05-22,6,篮球场-西场地南半场,14:00-15:00,1,1,已售/已满,教学时间,多云,19,17,4,0.0,79,32
2026-05-21 10:10:40,2026-05-22,6,篮球场-西场地南半场,14:00-15:00,1,1,已售/已满,教学时间,多云,19,17,4,0.0,79,32
2026-05-21 10:20:38,2026-05-22,6,篮球场-西场地南半场,14:00-15:00,1,1,已售/已满,教学时间,多云,19,17,4,0.0,79,32
2026-05-21 10:30:41,2026-05-22,6,篮球场-西场地南半场,14:00-15:00,1,1,已售/已满,教学时间,多云,19,18,3,0.0,78,31
2026-05-21 11:00:44,2026-05-22,6,篮球场-西场地南半场,14:00-15:00,1,1,已售/已满,教学时间,多云,21,17,5,0.0,74,31
2026-05-21 11:30:38,2026-05-22,6,篮球场-西场地南半场,14:00-15:00,1,1,已售/已满,教学时间,多云,21,19,3,0.0,72,33
2026-05-21 12:00:46,2026-05-22,6,篮球场-西场地南半场,14:00-15:00,1,1,已售/已满,教学时间,多云,22,19,4,0.0,70,33
2026-05-21 12:30:42,2026-05-22,6,篮球场-西场地南半场,14:00-15:00,1,1,已售/已满,教学时间,多云,22,21,3,0.0,68,35
2026-05-21 13:00:43,2026-05-22,6,篮球场-西场地南半场,14:00-15:00,1,1,已售/已满,教学时间,多云,24,22,4,0.0,66,35
2026-05-21 13:30:43,2026-05-22,6,篮球场-西场地南半场,14:00-15:00,1,1,已售/已满,教学时间,多云,24,22,4,0.0,66,36
2026-05-21 14:00:48,2026-05-22,6,篮球场-西场地南半场,14:00-15:00,1,1,已售/已满,教学时间,多云,25,23,4,0.0,66,36
2026-05-21 14:30:45,2026-05-22,6,篮球场-西场地南半场,14:00-15:00,1,1,已售/已满,教学时间,晴,25,25,3,0.0,65,39
2026-05-21 15:00:45,2026-05-22,6,篮球场-西场地南半场,14:00-15:00,1,1,已售/已满,教学时间,晴,25,22,4,0.0,56,39
2026-05-21 15:30:43,2026-05-22,6,篮球场-西场地南半场,14:00-15:00,1,1,已售/已满,教学时间,晴,25,23,4,0.0,57,40
2026-05-21 16:00:51,2026-05-22,6,篮球场-西场地南半场,14:00-15:00,1,1,已售/已满,教学时间,晴,25,23,4,0.0,57,40
2026-05-21 16:30:48,2026-05-22,6,篮球场-西场地南半场,14:00-15:00,1,1,已售/已满,教学时间,晴,25,24,3,0.0,60,39
2026-05-21 17:00:49,2026-05-22,6,篮球场-西场地南半场,14:00-15:00,1,1,已售/已满,教学时间,晴,25,24,4,0.0,61,39
2026-05-21 17:30:47,2026-05-22,6,篮球场-西场地南半场,14:00-15:00,1,1,已售/已满,教学时间,多云,24,23,3,0.0,64,39
2026-05-21 18:00:50,2026-05-22,6,篮球场-西场地南半场,14:00-15:00,1,1,已售/已满,教学时间,多云,24,23,3,0.0,68,39
2026-05-21 18:30:50,2026-05-22,6,篮球场-西场地南半场,14:00-15:00,1,1,已售/已满,教学时间,阴,24,25,2,0.0,68,40
2026-05-21 19:00:50,2026-05-22,6,篮球场-西场地南半场,14:00-15:00,1,1,已售/已满,教学时间,阴,23,23,3,0.0,76,40
2026-05-21 19:30:46,2026-05-22,6,篮球场-西场地南半场,14:00-15:00,1,1,已售/已满,教学时间,阴,23,24,2,0.0,77,39
2026-05-21 20:00:49,2026-05-22,6,篮球场-西场地南半场,14:00-15:00,1,1,已售/已满,教学时间,雾,22,23,2,0.0,89,39
2026-05-21 20:30:44,2026-05-22,6,篮球场-西场地南半场,14:00-15:00,1,1,已售/已满,教学时间,雾,22,24,2,0.0,93,43
2026-05-21 21:00:56,2026-05-22,6,篮球场-西场地南半场,14:00-15:00,1,1,已售/已满,教学时间,雾,20,21,2,0.0,98,43
2026-05-21 21:30:46,2026-05-22,6,篮球场-西场地南半场,14:00-15:00,1,1,已售/已满,教学时间,雾,20,22,1,0.0,99,41
2026-05-21 22:01:02,2026-05-22,6,篮球场-西场地南半场,14:00-15:00,1,1,已售/已满,教学时间,雾,19,20,2,0.0,93,41
2026-05-21 22:30:47,2026-05-22,6,篮球场-西场地南半场,14:00-15:00,1,1,已售/已满,教学时间,雾,19,19,3,0.0,88,46
2026-05-21 23:00:56,2026-05-22,6,篮球场-西场地南半场,14:00-15:00,1,1,已售/已满,教学时间,多云,18,17,3,0.0,85,46
2026-05-21 23:30:55,2026-05-22,6,篮球场-西场地南半场,14:00-15:00,1,1,已售/已满,教学时间,多云,18,17,3,0.0,85,48
2026-05-21 07:59:26,2026-05-22,6,篮球场-西场地南半场,15:00-16:00,1,1,已售/已满,教学时间,晴,17,12,5,0.0,86,29
2026-05-21 08:00:45,2026-05-22,6,篮球场-西场地南半场,15:00-16:00,1,1,已售/已满,教学时间,晴,17,12,5,0.0,86,29
2026-05-21 08:02:30,2026-05-22,6,篮球场-西场地南半场,15:00-16:00,1,1,已售/已满,教学时间,多云,17,12,5,0.0,87,29
2026-05-21 08:05:36,2026-05-22,6,篮球场-西场地南半场,15:00-16:00,1,1,已售/已满,教学时间,多云,17,12,5,0.0,86,29
2026-05-21 08:08:31,2026-05-22,6,篮球场-西场地南半场,15:00-16:00,1,1,已售/已满,教学时间,多云,17,12,5,0.0,86,29
2026-05-21 08:11:30,2026-05-22,6,篮球场-西场地南半场,15:00-16:00,1,1,已售/已满,教学时间,多云,17,12,5,0.0,86,29
2026-05-21 08:14:31,2026-05-22,6,篮球场-西场地南半场,15:00-16:00,1,1,已售/已满,教学时间,多云,17,12,5,0.0,86,29
2026-05-21 08:17:30,2026-05-22,6,篮球场-西场地南半场,15:00-16:00,1,1,已售/已满,教学时间,多云,17,12,5,0.0,86,29
2026-05-21 08:20:35,2026-05-22,6,篮球场-西场地南半场,15:00-16:00,1,1,已售/已满,教学时间,多云,17,14,4,0.0,85,29
2026-05-21 08:25:32,2026-05-22,6,篮球场-西场地南半场,15:00-16:00,1,1,已售/已满,教学时间,多云,17,14,4,0.0,85,28
2026-05-21 08:30:42,2026-05-22,6,篮球场-西场地南半场,15:00-16:00,1,1,已售/已满,教学时间,多云,18,15,4,0.0,84,28
2026-05-21 08:35:31,2026-05-22,6,篮球场-西场地南半场,15:00-16:00,1,1,已售/已满,教学时间,多云,18,15,4,0.0,84,28
2026-05-21 08:40:38,2026-05-22,6,篮球场-西场地南半场,15:00-16:00,1,1,已售/已满,教学时间,多云,18,15,4,0.0,82,28
2026-05-21 08:45:33,2026-05-22,6,篮球场-西场地南半场,15:00-16:00,1,1,已售/已满,教学时间,多云,18,15,4,0.0,82,28
2026-05-21 08:50:36,2026-05-22,6,篮球场-西场地南半场,15:00-16:00,1,1,已售/已满,教学时间,多云,18,15,4,0.0,82,28
2026-05-21 08:55:34,2026-05-22,6,篮球场-西场地南半场,15:00-16:00,1,1,已售/已满,教学时间,多云,18,15,4,0.0,84,28
2026-05-21 09:00:51,2026-05-22,6,篮球场-西场地南半场,15:00-16:00,1,1,已售/已满,教学时间,多云,18,15,4,0.0,84,28
2026-05-21 09:01:59,2026-05-22,6,篮球场-西场地南半场,15:00-16:00,1,1,已售/已满,教学时间,多云,18,15,4,0.0,83,28
2026-05-21 09:05:33,2026-05-22,6,篮球场-西场地南半场,15:00-16:00,1,1,已售/已满,教学时间,多云,18,15,4,0.0,83,28
2026-05-21 09:20:38,2026-05-22,6,篮球场-西场地南半场,15:00-16:00,1,1,已售/已满,教学时间,多云,18,16,3,0.0,81,28
2026-05-21 09:30:46,2026-05-22,6,篮球场-西场地南半场,15:00-16:00,1,1,已售/已满,教学时间,多云,18,16,3,0.0,81,32
2026-05-21 09:40:36,2026-05-22,6,篮球场-西场地南半场,15:00-16:00,1,1,已售/已满,教学时间,多云,19,17,3,0.0,79,32
2026-05-21 09:50:42,2026-05-22,6,篮球场-西场地南半场,15:00-16:00,1,1,已售/已满,教学时间,多云,19,17,4,0.0,81,32
2026-05-21 10:00:46,2026-05-22,6,篮球场-西场地南半场,15:00-16:00,1,1,已售/已满,教学时间,多云,19,17,4,0.0,79,32
2026-05-21 10:10:40,2026-05-22,6,篮球场-西场地南半场,15:00-16:00,1,1,已售/已满,教学时间,多云,19,17,4,0.0,79,32
2026-05-21 10:20:38,2026-05-22,6,篮球场-西场地南半场,15:00-16:00,1,1,已售/已满,教学时间,多云,19,17,4,0.0,79,32
2026-05-21 10:30:41,2026-05-22,6,篮球场-西场地南半场,15:00-16:00,1,1,已售/已满,教学时间,多云,19,18,3,0.0,78,31
2026-05-21 11:00:44,2026-05-22,6,篮球场-西场地南半场,15:00-16:00,1,1,已售/已满,教学时间,多云,21,17,5,0.0,74,31
2026-05-21 11:30:38,2026-05-22,6,篮球场-西场地南半场,15:00-16:00,1,1,已售/已满,教学时间,多云,21,19,3,0.0,72,33
2026-05-21 12:00:46,2026-05-22,6,篮球场-西场地南半场,15:00-16:00,1,1,已售/已满,教学时间,多云,22,19,4,0.0,70,33
2026-05-21 12:30:42,2026-05-22,6,篮球场-西场地南半场,15:00-16:00,1,1,已售/已满,教学时间,多云,22,21,3,0.0,68,35
2026-05-21 13:00:43,2026-05-22,6,篮球场-西场地南半场,15:00-16:00,1,1,已售/已满,教学时间,多云,24,22,4,0.0,66,35
2026-05-21 13:30:43,2026-05-22,6,篮球场-西场地南半场,15:00-16:00,1,1,已售/已满,教学时间,多云,24,22,4,0.0,66,36
2026-05-21 14:00:48,2026-05-22,6,篮球场-西场地南半场,15:00-16:00,1,1,已售/已满,教学时间,多云,25,23,4,0.0,66,36
2026-05-21 14:30:45,2026-05-22,6,篮球场-西场地南半场,15:00-16:00,1,1,已售/已满,教学时间,晴,25,25,3,0.0,65,39
2026-05-21 15:00:45,2026-05-22,6,篮球场-西场地南半场,15:00-16:00,1,1,已售/已满,教学时间,晴,25,22,4,0.0,56,39
2026-05-21 15:30:43,2026-05-22,6,篮球场-西场地南半场,15:00-16:00,1,1,已售/已满,教学时间,晴,25,23,4,0.0,57,40
2026-05-21 16:00:51,2026-05-22,6,篮球场-西场地南半场,15:00-16:00,1,1,已售/已满,教学时间,晴,25,23,4,0.0,57,40
2026-05-21 16:30:48,2026-05-22,6,篮球场-西场地南半场,15:00-16:00,1,1,已售/已满,教学时间,晴,25,24,3,0.0,60,39
2026-05-21 17:00:49,2026-05-22,6,篮球场-西场地南半场,15:00-16:00,1,1,已售/已满,教学时间,晴,25,24,4,0.0,61,39
2026-05-21 17:30:47,2026-05-22,6,篮球场-西场地南半场,15:00-16:00,1,1,已售/已满,教学时间,多云,24,23,3,0.0,64,39
2026-05-21 18:00:50,2026-05-22,6,篮球场-西场地南半场,15:00-16:00,1,1,已售/已满,教学时间,多云,24,23,3,0.0,68,39
2026-05-21 18:30:50,2026-05-22,6,篮球场-西场地南半场,15:00-16:00,1,1,已售/已满,教学时间,阴,24,25,2,0.0,68,40
2026-05-21 19:00:50,2026-05-22,6,篮球场-西场地南半场,15:00-16:00,1,1,已售/已满,教学时间,阴,23,23,3,0.0,76,40
2026-05-21 19:30:46,2026-05-22,6,篮球场-西场地南半场,15:00-16:00,1,1,已售/已满,教学时间,阴,23,24,2,0.0,77,39
2026-05-21 20:00:49,2026-05-22,6,篮球场-西场地南半场,15:00-16:00,1,1,已售/已满,教学时间,雾,22,23,2,0.0,89,39
2026-05-21 20:30:44,2026-05-22,6,篮球场-西场地南半场,15:00-16:00,1,1,已售/已满,教学时间,雾,22,24,2,0.0,93,43
2026-05-21 21:00:56,2026-05-22,6,篮球场-西场地南半场,15:00-16:00,1,1,已售/已满,教学时间,雾,20,21,2,0.0,98,43
2026-05-21 21:30:46,2026-05-22,6,篮球场-西场地南半场,15:00-16:00,1,1,已售/已满,教学时间,雾,20,22,1,0.0,99,41
2026-05-21 22:01:02,2026-05-22,6,篮球场-西场地南半场,15:00-16:00,1,1,已售/已满,教学时间,雾,19,20,2,0.0,93,41
2026-05-21 22:30:47,2026-05-22,6,篮球场-西场地南半场,15:00-16:00,1,1,已售/已满,教学时间,雾,19,19,3,0.0,88,46
2026-05-21 23:00:56,2026-05-22,6,篮球场-西场地南半场,15:00-16:00,1,1,已售/已满,教学时间,多云,18,17,3,0.0,85,46
2026-05-21 23:30:55,2026-05-22,6,篮球场-西场地南半场,15:00-16:00,1,1,已售/已满,教学时间,多云,18,17,3,0.0,85,48
2026-05-21 07:59:26,2026-05-22,6,篮球场-西场地南半场,16:00-17:00,0,1,可预约,￥50.0,晴,17,12,5,0.0,86,29
2026-05-21 08:00:45,2026-05-22,6,篮球场-西场地南半场,16:00-17:00,0,1,可预约,￥50.0,晴,17,12,5,0.0,86,29
2026-05-21 08:02:30,2026-05-22,6,篮球场-西场地南半场,16:00-17:00,0,1,可预约,￥50.0,多云,17,12,5,0.0,87,29
2026-05-21 08:05:36,2026-05-22,6,篮球场-西场地南半场,16:00-17:00,0,1,可预约,￥50.0,多云,17,12,5,0.0,86,29
2026-05-21 08:08:31,2026-05-22,6,篮球场-西场地南半场,16:00-17:00,0,1,可预约,￥50.0,多云,17,12,5,0.0,86,29
2026-05-21 08:11:30,2026-05-22,6,篮球场-西场地南半场,16:00-17:00,0,1,可预约,￥50.0,多云,17,12,5,0.0,86,29
2026-05-21 08:14:31,2026-05-22,6,篮球场-西场地南半场,16:00-17:00,0,1,可预约,￥50.0,多云,17,12,5,0.0,86,29
2026-05-21 08:17:30,2026-05-22,6,篮球场-西场地南半场,16:00-17:00,0,1,可预约,￥50.0,多云,17,12,5,0.0,86,29
2026-05-21 08:20:35,2026-05-22,6,篮球场-西场地南半场,16:00-17:00,0,1,可预约,￥50.0,多云,17,14,4,0.0,85,29
2026-05-21 08:25:32,2026-05-22,6,篮球场-西场地南半场,16:00-17:00,0,1,可预约,￥50.0,多云,17,14,4,0.0,85,28
2026-05-21 08:30:42,2026-05-22,6,篮球场-西场地南半场,16:00-17:00,0,1,可预约,￥50.0,多云,18,15,4,0.0,84,28
2026-05-21 08:35:31,2026-05-22,6,篮球场-西场地南半场,16:00-17:00,0,1,可预约,￥50.0,多云,18,15,4,0.0,84,28
2026-05-21 08:40:38,2026-05-22,6,篮球场-西场地南半场,16:00-17:00,0,1,可预约,￥50.0,多云,18,15,4,0.0,82,28
2026-05-21 08:45:33,2026-05-22,6,篮球场-西场地南半场,16:00-17:00,0,1,可预约,￥50.0,多云,18,15,4,0.0,82,28
2026-05-21 08:50:36,2026-05-22,6,篮球场-西场地南半场,16:00-17:00,0,1,可预约,￥50.0,多云,18,15,4,0.0,82,28
2026-05-21 08:55:34,2026-05-22,6,篮球场-西场地南半场,16:00-17:00,0,1,可预约,￥50.0,多云,18,15,4,0.0,84,28
2026-05-21 09:00:51,2026-05-22,6,篮球场-西场地南半场,16:00-17:00,0,1,可预约,￥50.0,多云,18,15,4,0.0,84,28
2026-05-21 09:01:59,2026-05-22,6,篮球场-西场地南半场,16:00-17:00,0,1,可预约,￥50.0,多云,18,15,4,0.0,83,28
2026-05-21 09:05:33,2026-05-22,6,篮球场-西场地南半场,16:00-17:00,0,1,可预约,￥50.0,多云,18,15,4,0.0,83,28
2026-05-21 09:20:38,2026-05-22,6,篮球场-西场地南半场,16:00-17:00,0,1,可预约,￥50.0,多云,18,16,3,0.0,81,28
2026-05-21 09:30:46,2026-05-22,6,篮球场-西场地南半场,16:00-17:00,0,1,可预约,￥50.0,多云,18,16,3,0.0,81,32
2026-05-21 09:40:36,2026-05-22,6,篮球场-西场地南半场,16:00-17:00,0,1,可预约,￥50.0,多云,19,17,3,0.0,79,32
2026-05-21 09:50:42,2026-05-22,6,篮球场-西场地南半场,16:00-17:00,0,1,可预约,￥50.0,多云,19,17,4,0.0,81,32
2026-05-21 10:00:46,2026-05-22,6,篮球场-西场地南半场,16:00-17:00,0,1,可预约,￥50.0,多云,19,17,4,0.0,79,32
2026-05-21 10:10:40,2026-05-22,6,篮球场-西场地南半场,16:00-17:00,0,1,可预约,￥50.0,多云,19,17,4,0.0,79,32
2026-05-21 10:20:38,2026-05-22,6,篮球场-西场地南半场,16:00-17:00,0,1,可预约,￥50.0,多云,19,17,4,0.0,79,32
2026-05-21 10:30:41,2026-05-22,6,篮球场-西场地南半场,16:00-17:00,0,1,可预约,￥50.0,多云,19,18,3,0.0,78,31
2026-05-21 11:00:44,2026-05-22,6,篮球场-西场地南半场,16:00-17:00,0,1,可预约,￥50.0,多云,21,17,5,0.0,74,31
2026-05-21 11:30:38,2026-05-22,6,篮球场-西场地南半场,16:00-17:00,0,1,可预约,￥50.0,多云,21,19,3,0.0,72,33
2026-05-21 12:00:46,2026-05-22,6,篮球场-西场地南半场,16:00-17:00,0,1,可预约,￥50.0,多云,22,19,4,0.0,70,33
2026-05-21 12:30:42,2026-05-22,6,篮球场-西场地南半场,16:00-17:00,0,1,可预约,￥50.0,多云,22,21,3,0.0,68,35
2026-05-21 13:00:43,2026-05-22,6,篮球场-西场地南半场,16:00-17:00,0,1,可预约,￥50.0,多云,24,22,4,0.0,66,35
2026-05-21 13:30:43,2026-05-22,6,篮球场-西场地南半场,16:00-17:00,0,1,可预约,￥50.0,多云,24,22,4,0.0,66,36
2026-05-21 14:00:48,2026-05-22,6,篮球场-西场地南半场,16:00-17:00,0,1,可预约,￥50.0,多云,25,23,4,0.0,66,36
2026-05-21 14:30:45,2026-05-22,6,篮球场-西场地南半场,16:00-17:00,0,1,可预约,￥50.0,晴,25,25,3,0.0,65,39
2026-05-21 15:00:45,2026-05-22,6,篮球场-西场地南半场,16:00-17:00,0,1,可预约,￥50.0,晴,25,22,4,0.0,56,39
2026-05-21 15:30:43,2026-05-22,6,篮球场-西场地南半场,16:00-17:00,0,1,可预约,￥50.0,晴,25,23,4,0.0,57,40
2026-05-21 16:00:51,2026-05-22,6,篮球场-西场地南半场,16:00-17:00,0,1,可预约,￥50.0,晴,25,23,4,0.0,57,40
2026-05-21 16:30:48,2026-05-22,6,篮球场-西场地南半场,16:00-17:00,0,1,可预约,￥50.0,晴,25,24,3,0.0,60,39
2026-05-21 17:00:49,2026-05-22,6,篮球场-西场地南半场,16:00-17:00,0,1,可预约,￥50.0,晴,25,24,4,0.0,61,39
2026-05-21 17:30:47,2026-05-22,6,篮球场-西场地南半场,16:00-17:00,0,1,可预约,￥50.0,多云,24,23,3,0.0,64,39
2026-05-21 18:00:50,2026-05-22,6,篮球场-西场地南半场,16:00-17:00,0,1,可预约,￥50.0,多云,24,23,3,0.0,68,39
2026-05-21 18:30:50,2026-05-22,6,篮球场-西场地南半场,16:00-17:00,0,1,可预约,￥50.0,阴,24,25,2,0.0,68,40
2026-05-21 19:00:50,2026-05-22,6,篮球场-西场地南半场,16:00-17:00,0,1,可预约,￥50.0,阴,23,23,3,0.0,76,40
2026-05-21 19:30:46,2026-05-22,6,篮球场-西场地南半场,16:00-17:00,0,1,可预约,￥50.0,阴,23,24,2,0.0,77,39
2026-05-21 20:00:49,2026-05-22,6,篮球场-西场地南半场,16:00-17:00,0,1,可预约,￥50.0,雾,22,23,2,0.0,89,39
2026-05-21 20:30:44,2026-05-22,6,篮球场-西场地南半场,16:00-17:00,0,1,可预约,￥50.0,雾,22,24,2,0.0,93,43
2026-05-21 21:00:56,2026-05-22,6,篮球场-西场地南半场,16:00-17:00,0,1,可预约,￥50.0,雾,20,21,2,0.0,98,43
2026-05-21 21:30:46,2026-05-22,6,篮球场-西场地南半场,16:00-17:00,0,1,可预约,￥50.0,雾,20,22,1,0.0,99,41
2026-05-21 22:01:02,2026-05-22,6,篮球场-西场地南半场,16:00-17:00,0,1,可预约,￥50.0,雾,19,20,2,0.0,93,41
2026-05-21 22:30:47,2026-05-22,6,篮球场-西场地南半场,16:00-17:00,0,1,可预约,￥50.0,雾,19,19,3,0.0,88,46
2026-05-21 23:00:56,2026-05-22,6,篮球场-西场地南半场,16:00-17:00,0,1,可预约,￥50.0,多云,18,17,3,0.0,85,46
2026-05-21 23:30:55,2026-05-22,6,篮球场-西场地南半场,16:00-17:00,0,1,可预约,￥50.0,多云,18,17,3,0.0,85,48
2026-05-21 07:59:26,2026-05-22,6,篮球场-西场地南半场,19:00-20:00,0,1,可预约,￥50.0,晴,17,12,5,0.0,86,29
2026-05-21 08:00:45,2026-05-22,6,篮球场-西场地南半场,19:00-20:00,0,1,可预约,￥50.0,晴,17,12,5,0.0,86,29
2026-05-21 08:02:30,2026-05-22,6,篮球场-西场地南半场,19:00-20:00,0,1,可预约,￥50.0,多云,17,12,5,0.0,87,29
2026-05-21 08:05:36,2026-05-22,6,篮球场-西场地南半场,19:00-20:00,0,1,可预约,￥50.0,多云,17,12,5,0.0,86,29
2026-05-21 08:08:31,2026-05-22,6,篮球场-西场地南半场,19:00-20:00,0,1,可预约,￥50.0,多云,17,12,5,0.0,86,29
2026-05-21 08:11:30,2026-05-22,6,篮球场-西场地南半场,19:00-20:00,0,1,可预约,￥50.0,多云,17,12,5,0.0,86,29
2026-05-21 08:14:31,2026-05-22,6,篮球场-西场地南半场,19:00-20:00,0,1,可预约,￥50.0,多云,17,12,5,0.0,86,29
2026-05-21 08:17:30,2026-05-22,6,篮球场-西场地南半场,19:00-20:00,0,1,可预约,￥50.0,多云,17,12,5,0.0,86,29
2026-05-21 08:20:35,2026-05-22,6,篮球场-西场地南半场,19:00-20:00,0,1,可预约,￥50.0,多云,17,14,4,0.0,85,29
2026-05-21 08:25:32,2026-05-22,6,篮球场-西场地南半场,19:00-20:00,0,1,可预约,￥50.0,多云,17,14,4,0.0,85,28
2026-05-21 08:30:42,2026-05-22,6,篮球场-西场地南半场,19:00-20:00,0,1,可预约,￥50.0,多云,18,15,4,0.0,84,28
2026-05-21 08:35:31,2026-05-22,6,篮球场-西场地南半场,19:00-20:00,0,1,可预约,￥50.0,多云,18,15,4,0.0,84,28
2026-05-21 08:40:38,2026-05-22,6,篮球场-西场地南半场,19:00-20:00,0,1,可预约,￥50.0,多云,18,15,4,0.0,82,28
2026-05-21 08:45:33,2026-05-22,6,篮球场-西场地南半场,19:00-20:00,0,1,可预约,￥50.0,多云,18,15,4,0.0,82,28
2026-05-21 08:50:36,2026-05-22,6,篮球场-西场地南半场,19:00-20:00,0,1,可预约,￥50.0,多云,18,15,4,0.0,82,28
2026-05-21 08:55:34,2026-05-22,6,篮球场-西场地南半场,19:00-20:00,0,1,可预约,￥50.0,多云,18,15,4,0.0,84,28
2026-05-21 09:00:51,2026-05-22,6,篮球场-西场地南半场,19:00-20:00,0,1,可预约,￥50.0,多云,18,15,4,0.0,84,28
2026-05-21 09:01:59,2026-05-22,6,篮球场-西场地南半场,19:00-20:00,0,1,可预约,￥50.0,多云,18,15,4,0.0,83,28
2026-05-21 09:05:33,2026-05-22,6,篮球场-西场地南半场,19:00-20:00,0,1,可预约,￥50.0,多云,18,15,4,0.0,83,28
2026-05-21 09:20:38,2026-05-22,6,篮球场-西场地南半场,19:00-20:00,0,1,可预约,￥50.0,多云,18,16,3,0.0,81,28
2026-05-21 09:30:46,2026-05-22,6,篮球场-西场地南半场,19:00-20:00,0,1,可预约,￥50.0,多云,18,16,3,0.0,81,32
2026-05-21 09:40:36,2026-05-22,6,篮球场-西场地南半场,19:00-20:00,0,1,可预约,￥50.0,多云,19,17,3,0.0,79,32
2026-05-21 09:50:42,2026-05-22,6,篮球场-西场地南半场,19:00-20:00,0,1,可预约,￥50.0,多云,19,17,4,0.0,81,32
2026-05-21 10:00:46,2026-05-22,6,篮球场-西场地南半场,19:00-20:00,0,1,可预约,￥50.0,多云,19,17,4,0.0,79,32
2026-05-21 10:10:40,2026-05-22,6,篮球场-西场地南半场,19:00-20:00,0,1,可预约,￥50.0,多云,19,17,4,0.0,79,32
2026-05-21 10:20:38,2026-05-22,6,篮球场-西场地南半场,19:00-20:00,0,1,可预约,￥50.0,多云,19,17,4,0.0,79,32
2026-05-21 10:30:41,2026-05-22,6,篮球场-西场地南半场,19:00-20:00,0,1,可预约,￥50.0,多云,19,18,3,0.0,78,31
2026-05-21 11:00:44,2026-05-22,6,篮球场-西场地南半场,19:00-20:00,0,1,可预约,￥50.0,多云,21,17,5,0.0,74,31
2026-05-21 11:30:38,2026-05-22,6,篮球场-西场地南半场,19:00-20:00,0,1,可预约,￥50.0,多云,21,19,3,0.0,72,33
2026-05-21 12:00:46,2026-05-22,6,篮球场-西场地南半场,19:00-20:00,0,1,可预约,￥50.0,多云,22,19,4,0.0,70,33
2026-05-21 12:30:42,2026-05-22,6,篮球场-西场地南半场,19:00-20:00,0,1,可预约,￥50.0,多云,22,21,3,0.0,68,35
2026-05-21 13:00:43,2026-05-22,6,篮球场-西场地南半场,19:00-20:00,0,1,可预约,￥50.0,多云,24,22,4,0.0,66,35
2026-05-21 13:30:43,2026-05-22,6,篮球场-西场地南半场,19:00-20:00,0,1,可预约,￥50.0,多云,24,22,4,0.0,66,36
2026-05-21 14:00:48,2026-05-22,6,篮球场-西场地南半场,19:00-20:00,0,1,可预约,￥50.0,多云,25,23,4,0.0,66,36
2026-05-21 14:30:45,2026-05-22,6,篮球场-西场地南半场,19:00-20:00,0,1,可预约,￥50.0,晴,25,25,3,0.0,65,39
2026-05-21 15:00:45,2026-05-22,6,篮球场-西场地南半场,19:00-20:00,0,1,可预约,￥50.0,晴,25,22,4,0.0,56,39
2026-05-21 15:30:43,2026-05-22,6,篮球场-西场地南半场,19:00-20:00,0,1,可预约,￥50.0,晴,25,23,4,0.0,57,40
2026-05-21 16:00:51,2026-05-22,6,篮球场-西场地南半场,19:00-20:00,0,1,可预约,￥50.0,晴,25,23,4,0.0,57,40
2026-05-21 16:30:48,2026-05-22,6,篮球场-西场地南半场,19:00-20:00,0,1,可预约,￥50.0,晴,25,24,3,0.0,60,39
2026-05-21 17:00:49,2026-05-22,6,篮球场-西场地南半场,19:00-20:00,0,1,可预约,￥50.0,晴,25,24,4,0.0,61,39
2026-05-21 17:30:47,2026-05-22,6,篮球场-西场地南半场,19:00-20:00,0,1,可预约,￥50.0,多云,24,23,3,0.0,64,39
2026-05-21 18:00:50,2026-05-22,6,篮球场-西场地南半场,19:00-20:00,0,1,可预约,￥50.0,多云,24,23,3,0.0,68,39
2026-05-21 18:30:50,2026-05-22,6,篮球场-西场地南半场,19:00-20:00,0,1,可预约,￥50.0,阴,24,25,2,0.0,68,40
2026-05-21 19:00:50,2026-05-22,6,篮球场-西场地南半场,19:00-20:00,0,1,可预约,￥50.0,阴,23,23,3,0.0,76,40
2026-05-21 19:30:46,2026-05-22,6,篮球场-西场地南半场,19:00-20:00,0,1,可预约,￥50.0,阴,23,24,2,0.0,77,39
2026-05-21 20:00:49,2026-05-22,6,篮球场-西场地南半场,19:00-20:00,0,1,可预约,￥50.0,雾,22,23,2,0.0,89,39
2026-05-21 20:30:44,2026-05-22,6,篮球场-西场地南半场,19:00-20:00,0,1,可预约,￥50.0,雾,22,24,2,0.0,93,43
2026-05-21 21:00:56,2026-05-22,6,篮球场-西场地南半场,19:00-20:00,0,1,可预约,￥50.0,雾,20,21,2,0.0,98,43
2026-05-21 21:30:46,2026-05-22,6,篮球场-西场地南半场,19:00-20:00,0,1,可预约,￥50.0,雾,20,22,1,0.0,99,41
2026-05-21 22:01:02,2026-05-22,6,篮球场-西场地南半场,19:00-20:00,0,1,可预约,￥50.0,雾,19,20,2,0.0,93,41
2026-05-21 22:30:47,2026-05-22,6,篮球场-西场地南半场,19:00-20:00,0,1,可预约,￥50.0,雾,19,19,3,0.0,88,46
2026-05-21 23:00:56,2026-05-22,6,篮球场-西场地南半场,19:00-20:00,0,1,可预约,￥50.0,多云,18,17,3,0.0,85,46
2026-05-21 23:30:55,2026-05-22,6,篮球场-西场地南半场,19:00-20:00,0,1,可预约,￥50.0,多云,18,17,3,0.0,85,48
2026-05-21 07:59:26,2026-05-22,6,篮球场-西场地南半场,20:30-21:30,0,1,可预约,￥50.0,晴,17,12,5,0.0,86,29
2026-05-21 08:00:45,2026-05-22,6,篮球场-西场地南半场,20:30-21:30,0,1,可预约,￥50.0,晴,17,12,5,0.0,86,29
2026-05-21 08:02:30,2026-05-22,6,篮球场-西场地南半场,20:30-21:30,0,1,可预约,￥50.0,多云,17,12,5,0.0,87,29
2026-05-21 08:05:36,2026-05-22,6,篮球场-西场地南半场,20:30-21:30,0,1,可预约,￥50.0,多云,17,12,5,0.0,86,29
2026-05-21 08:08:31,2026-05-22,6,篮球场-西场地南半场,20:30-21:30,0,1,可预约,￥50.0,多云,17,12,5,0.0,86,29
2026-05-21 08:11:30,2026-05-22,6,篮球场-西场地南半场,20:30-21:30,0,1,可预约,￥50.0,多云,17,12,5,0.0,86,29
2026-05-21 08:14:31,2026-05-22,6,篮球场-西场地南半场,20:30-21:30,0,1,可预约,￥50.0,多云,17,12,5,0.0,86,29
2026-05-21 08:17:30,2026-05-22,6,篮球场-西场地南半场,20:30-21:30,0,1,可预约,￥50.0,多云,17,12,5,0.0,86,29
2026-05-21 08:20:35,2026-05-22,6,篮球场-西场地南半场,20:30-21:30,0,1,可预约,￥50.0,多云,17,14,4,0.0,85,29
2026-05-21 08:25:32,2026-05-22,6,篮球场-西场地南半场,20:30-21:30,0,1,可预约,￥50.0,多云,17,14,4,0.0,85,28
2026-05-21 08:30:42,2026-05-22,6,篮球场-西场地南半场,20:30-21:30,0,1,可预约,￥50.0,多云,18,15,4,0.0,84,28
2026-05-21 08:35:31,2026-05-22,6,篮球场-西场地南半场,20:30-21:30,0,1,可预约,￥50.0,多云,18,15,4,0.0,84,28
2026-05-21 08:40:38,2026-05-22,6,篮球场-西场地南半场,20:30-21:30,0,1,可预约,￥50.0,多云,18,15,4,0.0,82,28
2026-05-21 08:45:33,2026-05-22,6,篮球场-西场地南半场,20:30-21:30,0,1,可预约,￥50.0,多云,18,15,4,0.0,82,28
2026-05-21 08:50:36,2026-05-22,6,篮球场-西场地南半场,20:30-21:30,0,1,可预约,￥50.0,多云,18,15,4,0.0,82,28
2026-05-21 08:55:34,2026-05-22,6,篮球场-西场地南半场,20:30-21:30,0,1,可预约,￥50.0,多云,18,15,4,0.0,84,28
2026-05-21 09:00:51,2026-05-22,6,篮球场-西场地南半场,20:30-21:30,0,1,可预约,￥50.0,多云,18,15,4,0.0,84,28
2026-05-21 09:01:59,2026-05-22,6,篮球场-西场地南半场,20:30-21:30,0,1,可预约,￥50.0,多云,18,15,4,0.0,83,28
2026-05-21 09:05:33,2026-05-22,6,篮球场-西场地南半场,20:30-21:30,0,1,可预约,￥50.0,多云,18,15,4,0.0,83,28
2026-05-21 09:20:38,2026-05-22,6,篮球场-西场地南半场,20:30-21:30,0,1,可预约,￥50.0,多云,18,16,3,0.0,81,28
2026-05-21 09:30:46,2026-05-22,6,篮球场-西场地南半场,20:30-21:30,0,1,可预约,￥50.0,多云,18,16,3,0.0,81,32
2026-05-21 09:40:36,2026-05-22,6,篮球场-西场地南半场,20:30-21:30,0,1,可预约,￥50.0,多云,19,17,3,0.0,79,32
2026-05-21 09:50:42,2026-05-22,6,篮球场-西场地南半场,20:30-21:30,0,1,可预约,￥50.0,多云,19,17,4,0.0,81,32
2026-05-21 10:00:46,2026-05-22,6,篮球场-西场地南半场,20:30-21:30,0,1,可预约,￥50.0,多云,19,17,4,0.0,79,32
2026-05-21 10:10:40,2026-05-22,6,篮球场-西场地南半场,20:30-21:30,0,1,可预约,￥50.0,多云,19,17,4,0.0,79,32
2026-05-21 10:20:38,2026-05-22,6,篮球场-西场地南半场,20:30-21:30,0,1,可预约,￥50.0,多云,19,17,4,0.0,79,32
2026-05-21 10:30:41,2026-05-22,6,篮球场-西场地南半场,20:30-21:30,0,1,可预约,￥50.0,多云,19,18,3,0.0,78,31
2026-05-21 11:00:44,2026-05-22,6,篮球场-西场地南半场,20:30-21:30,0,1,可预约,￥50.0,多云,21,17,5,0.0,74,31
2026-05-21 11:30:38,2026-05-22,6,篮球场-西场地南半场,20:30-21:30,0,1,可预约,￥50.0,多云,21,19,3,0.0,72,33
2026-05-21 12:00:46,2026-05-22,6,篮球场-西场地南半场,20:30-21:30,0,1,可预约,￥50.0,多云,22,19,4,0.0,70,33
2026-05-21 12:30:42,2026-05-22,6,篮球场-西场地南半场,20:30-21:30,0,1,可预约,￥50.0,多云,22,21,3,0.0,68,35
2026-05-21 13:00:43,2026-05-22,6,篮球场-西场地南半场,20:30-21:30,0,1,可预约,￥50.0,多云,24,22,4,0.0,66,35
2026-05-21 13:30:43,2026-05-22,6,篮球场-西场地南半场,20:30-21:30,0,1,可预约,￥50.0,多云,24,22,4,0.0,66,36
2026-05-21 14:00:48,2026-05-22,6,篮球场-西场地南半场,20:30-21:30,0,1,可预约,￥50.0,多云,25,23,4,0.0,66,36
2026-05-21 14:30:45,2026-05-22,6,篮球场-西场地南半场,20:30-21:30,0,1,可预约,￥50.0,晴,25,25,3,0.0,65,39
2026-05-21 15:00:45,2026-05-22,6,篮球场-西场地南半场,20:30-21:30,0,1,可预约,￥50.0,晴,25,22,4,0.0,56,39
2026-05-21 15:30:43,2026-05-22,6,篮球场-西场地南半场,20:30-21:30,0,1,可预约,￥50.0,晴,25,23,4,0.0,57,40
2026-05-21 16:00:51,2026-05-22,6,篮球场-西场地南半场,20:30-21:30,0,1,可预约,￥50.0,晴,25,23,4,0.0,57,40
2026-05-21 16:30:48,2026-05-22,6,篮球场-西场地南半场,20:30-21:30,0,1,可预约,￥50.0,晴,25,24,3,0.0,60,39
2026-05-21 17:00:49,2026-05-22,6,篮球场-西场地南半场,20:30-21:30,0,1,可预约,￥50.0,晴,25,24,4,0.0,61,39
2026-05-21 17:30:47,2026-05-22,6,篮球场-西场地南半场,20:30-21:30,0,1,可预约,￥50.0,多云,24,23,3,0.0,64,39
2026-05-21 18:00:50,2026-05-22,6,篮球场-西场地南半场,20:30-21:30,0,1,可预约,￥50.0,多云,24,23,3,0.0,68,39
2026-05-21 18:30:50,2026-05-22,6,篮球场-西场地南半场,20:30-21:30,0,1,可预约,￥50.0,阴,24,25,2,0.0,68,40
2026-05-21 19:00:50,2026-05-22,6,篮球场-西场地南半场,20:30-21:30,0,1,可预约,￥50.0,阴,23,23,3,0.0,76,40
2026-05-21 19:30:46,2026-05-22,6,篮球场-西场地南半场,20:30-21:30,0,1,可预约,￥50.0,阴,23,24,2,0.0,77,39
2026-05-21 20:00:49,2026-05-22,6,篮球场-西场地南半场,20:30-21:30,0,1,可预约,￥50.0,雾,22,23,2,0.0,89,39
2026-05-21 20:30:44,2026-05-22,6,篮球场-西场地南半场,20:30-21:30,0,1,可预约,￥50.0,雾,22,24,2,0.0,93,43
2026-05-21 21:00:56,2026-05-22,6,篮球场-西场地南半场,20:30-21:30,0,1,可预约,￥50.0,雾,20,21,2,0.0,98,43
2026-05-21 21:30:46,2026-05-22,6,篮球场-西场地南半场,20:30-21:30,0,1,可预约,￥50.0,雾,20,22,1,0.0,99,41
2026-05-21 22:01:02,2026-05-22,6,篮球场-西场地南半场,20:30-21:30,0,1,可预约,￥50.0,雾,19,20,2,0.0,93,41
2026-05-21 22:30:47,2026-05-22,6,篮球场-西场地南半场,20:30-21:30,0,1,可预约,￥50.0,雾,19,19,3,0.0,88,46
2026-05-21 23:00:56,2026-05-22,6,篮球场-西场地南半场,20:30-21:30,0,1,可预约,￥50.0,多云,18,17,3,0.0,85,46
2026-05-21 23:30:55,2026-05-22,6,篮球场-西场地南半场,20:30-21:30,0,1,可预约,￥50.0,多云,18,17,3,0.0,85,48
2026-05-21 07:59:26,2026-05-22,15,排球场-1号,09:00-10:00,0,1,可预约,￥150.0,晴,17,12,5,0.0,86,29
2026-05-21 08:00:45,2026-05-22,15,排球场-1号,09:00-10:00,0,1,可预约,￥150.0,晴,17,12,5,0.0,86,29
2026-05-21 08:02:30,2026-05-22,15,排球场-1号,09:00-10:00,0,1,可预约,￥150.0,多云,17,12,5,0.0,87,29
2026-05-21 08:05:36,2026-05-22,15,排球场-1号,09:00-10:00,0,1,可预约,￥150.0,多云,17,12,5,0.0,86,29
2026-05-21 08:08:31,2026-05-22,15,排球场-1号,09:00-10:00,0,1,可预约,￥150.0,多云,17,12,5,0.0,86,29
2026-05-21 08:11:30,2026-05-22,15,排球场-1号,09:00-10:00,0,1,可预约,￥150.0,多云,17,12,5,0.0,86,29
2026-05-21 08:14:31,2026-05-22,15,排球场-1号,09:00-10:00,0,1,可预约,￥150.0,多云,17,12,5,0.0,86,29
2026-05-21 08:17:30,2026-05-22,15,排球场-1号,09:00-10:00,0,1,可预约,￥150.0,多云,17,12,5,0.0,86,29
2026-05-21 08:20:35,2026-05-22,15,排球场-1号,09:00-10:00,0,1,可预约,￥150.0,多云,17,14,4,0.0,85,29
2026-05-21 08:25:32,2026-05-22,15,排球场-1号,09:00-10:00,0,1,可预约,￥150.0,多云,17,14,4,0.0,85,28
2026-05-21 08:30:42,2026-05-22,15,排球场-1号,09:00-10:00,0,1,可预约,￥150.0,多云,18,15,4,0.0,84,28
2026-05-21 08:35:31,2026-05-22,15,排球场-1号,09:00-10:00,0,1,可预约,￥150.0,多云,18,15,4,0.0,84,28
2026-05-21 08:40:38,2026-05-22,15,排球场-1号,09:00-10:00,0,1,可预约,￥150.0,多云,18,15,4,0.0,82,28
2026-05-21 08:45:33,2026-05-22,15,排球场-1号,09:00-10:00,0,1,可预约,￥150.0,多云,18,15,4,0.0,82,28
2026-05-21 08:50:36,2026-05-22,15,排球场-1号,09:00-10:00,0,1,可预约,￥150.0,多云,18,15,4,0.0,82,28
2026-05-21 08:55:34,2026-05-22,15,排球场-1号,09:00-10:00,0,1,可预约,￥150.0,多云,18,15,4,0.0,84,28
2026-05-21 09:00:51,2026-05-22,15,排球场-1号,09:00-10:00,0,1,可预约,￥150.0,多云,18,15,4,0.0,84,28
2026-05-21 09:01:59,2026-05-22,15,排球场-1号,09:00-10:00,0,1,可预约,￥150.0,多云,18,15,4,0.0,83,28
2026-05-21 09:05:33,2026-05-22,15,排球场-1号,09:00-10:00,0,1,可预约,￥150.0,多云,18,15,4,0.0,83,28
2026-05-21 09:20:38,2026-05-22,15,排球场-1号,09:00-10:00,0,1,可预约,￥150.0,多云,18,16,3,0.0,81,28
2026-05-21 09:30:46,2026-05-22,15,排球场-1号,09:00-10:00,0,1,可预约,￥150.0,多云,18,16,3,0.0,81,32
2026-05-21 09:40:36,2026-05-22,15,排球场-1号,09:00-10:00,0,1,可预约,￥150.0,多云,19,17,3,0.0,79,32
2026-05-21 09:50:42,2026-05-22,15,排球场-1号,09:00-10:00,0,1,可预约,￥150.0,多云,19,17,4,0.0,81,32
2026-05-21 10:00:46,2026-05-22,15,排球场-1号,09:00-10:00,0,1,可预约,￥150.0,多云,19,17,4,0.0,79,32
2026-05-21 10:10:40,2026-05-22,15,排球场-1号,09:00-10:00,0,1,可预约,￥150.0,多云,19,17,4,0.0,79,32
2026-05-21 10:20:38,2026-05-22,15,排球场-1号,09:00-10:00,0,1,可预约,￥150.0,多云,19,17,4,0.0,79,32
2026-05-21 10:30:41,2026-05-22,15,排球场-1号,09:00-10:00,0,1,可预约,￥150.0,多云,19,18,3,0.0,78,31
2026-05-21 11:00:44,2026-05-22,15,排球场-1号,09:00-10:00,0,1,可预约,￥150.0,多云,21,17,5,0.0,74,31
2026-05-21 11:30:38,2026-05-22,15,排球场-1号,09:00-10:00,0,1,可预约,￥150.0,多云,21,19,3,0.0,72,33
2026-05-21 12:00:46,2026-05-22,15,排球场-1号,09:00-10:00,0,1,可预约,￥150.0,多云,22,19,4,0.0,70,33
2026-05-21 12:30:42,2026-05-22,15,排球场-1号,09:00-10:00,0,1,可预约,￥150.0,多云,22,21,3,0.0,68,35
2026-05-21 13:00:43,2026-05-22,15,排球场-1号,09:00-10:00,0,1,可预约,￥150.0,多云,24,22,4,0.0,66,35
2026-05-21 13:30:43,2026-05-22,15,排球场-1号,09:00-10:00,0,1,可预约,￥150.0,多云,24,22,4,0.0,66,36
2026-05-21 14:00:48,2026-05-22,15,排球场-1号,09:00-10:00,0,1,可预约,￥150.0,多云,25,23,4,0.0,66,36
2026-05-21 14:30:45,2026-05-22,15,排球场-1号,09:00-10:00,0,1,可预约,￥150.0,晴,25,25,3,0.0,65,39
2026-05-21 15:00:45,2026-05-22,15,排球场-1号,09:00-10:00,0,1,可预约,￥150.0,晴,25,22,4,0.0,56,39
2026-05-21 15:30:43,2026-05-22,15,排球场-1号,09:00-10:00,0,1,可预约,￥150.0,晴,25,23,4,0.0,57,40
2026-05-21 16:00:51,2026-05-22,15,排球场-1号,09:00-10:00,0,1,可预约,￥150.0,晴,25,23,4,0.0,57,40
2026-05-21 16:30:48,2026-05-22,15,排球场-1号,09:00-10:00,0,1,可预约,￥150.0,晴,25,24,3,0.0,60,39
2026-05-21 17:00:49,2026-05-22,15,排球场-1号,09:00-10:00,0,1,可预约,￥150.0,晴,25,24,4,0.0,61,39
2026-05-21 17:30:47,2026-05-22,15,排球场-1号,09:00-10:00,0,1,可预约,￥150.0,多云,24,23,3,0.0,64,39
2026-05-21 18:00:50,2026-05-22,15,排球场-1号,09:00-10:00,0,1,可预约,￥150.0,多云,24,23,3,0.0,68,39
2026-05-21 18:30:50,2026-05-22,15,排球场-1号,09:00-10:00,0,1,可预约,￥150.0,阴,24,25,2,0.0,68,40
2026-05-21 19:00:50,2026-05-22,15,排球场-1号,09:00-10:00,0,1,可预约,￥150.0,阴,23,23,3,0.0,76,40
2026-05-21 19:30:46,2026-05-22,15,排球场-1号,09:00-10:00,0,1,可预约,￥150.0,阴,23,24,2,0.0,77,39
2026-05-21 20:00:49,2026-05-22,15,排球场-1号,09:00-10:00,0,1,可预约,￥150.0,雾,22,23,2,0.0,89,39
2026-05-21 20:30:44,2026-05-22,15,排球场-1号,09:00-10:00,0,1,可预约,￥150.0,雾,22,24,2,0.0,93,43
2026-05-21 21:00:56,2026-05-22,15,排球场-1号,09:00-10:00,0,1,可预约,￥150.0,雾,20,21,2,0.0,98,43
2026-05-21 21:30:46,2026-05-22,15,排球场-1号,09:00-10:00,0,1,可预约,￥150.0,雾,20,22,1,0.0,99,41
2026-05-21 22:01:02,2026-05-22,15,排球场-1号,09:00-10:00,0,1,可预约,￥150.0,雾,19,20,2,0.0,93,41
2026-05-21 22:30:47,2026-05-22,15,排球场-1号,09:00-10:00,0,1,可预约,￥150.0,雾,19,19,3,0.0,88,46
2026-05-21 23:00:56,2026-05-22,15,排球场-1号,09:00-10:00,0,1,可预约,￥150.0,多云,18,17,3,0.0,85,46
2026-05-21 23:30:55,2026-05-22,15,排球场-1号,09:00-10:00,0,1,可预约,￥150.0,多云,18,17,3,0.0,85,48
2026-05-21 07:59:26,2026-05-22,15,排球场-1号,10:30-11:30,1,1,已售/已满,教学时间,晴,17,12,5,0.0,86,29
2026-05-21 08:00:45,2026-05-22,15,排球场-1号,10:30-11:30,1,1,已售/已满,教学时间,晴,17,12,5,0.0,86,29
2026-05-21 08:02:30,2026-05-22,15,排球场-1号,10:30-11:30,1,1,已售/已满,教学时间,多云,17,12,5,0.0,87,29
2026-05-21 08:05:36,2026-05-22,15,排球场-1号,10:30-11:30,1,1,已售/已满,教学时间,多云,17,12,5,0.0,86,29
2026-05-21 08:08:31,2026-05-22,15,排球场-1号,10:30-11:30,1,1,已售/已满,教学时间,多云,17,12,5,0.0,86,29
2026-05-21 08:11:30,2026-05-22,15,排球场-1号,10:30-11:30,1,1,已售/已满,教学时间,多云,17,12,5,0.0,86,29
2026-05-21 08:14:31,2026-05-22,15,排球场-1号,10:30-11:30,1,1,已售/已满,教学时间,多云,17,12,5,0.0,86,29
2026-05-21 08:17:30,2026-05-22,15,排球场-1号,10:30-11:30,1,1,已售/已满,教学时间,多云,17,12,5,0.0,86,29
2026-05-21 08:20:35,2026-05-22,15,排球场-1号,10:30-11:30,1,1,已售/已满,教学时间,多云,17,14,4,0.0,85,29
2026-05-21 08:25:32,2026-05-22,15,排球场-1号,10:30-11:30,1,1,已售/已满,教学时间,多云,17,14,4,0.0,85,28
2026-05-21 08:30:42,2026-05-22,15,排球场-1号,10:30-11:30,1,1,已售/已满,教学时间,多云,18,15,4,0.0,84,28
2026-05-21 08:35:31,2026-05-22,15,排球场-1号,10:30-11:30,1,1,已售/已满,教学时间,多云,18,15,4,0.0,84,28
2026-05-21 08:40:38,2026-05-22,15,排球场-1号,10:30-11:30,1,1,已售/已满,教学时间,多云,18,15,4,0.0,82,28
2026-05-21 08:45:33,2026-05-22,15,排球场-1号,10:30-11:30,1,1,已售/已满,教学时间,多云,18,15,4,0.0,82,28
2026-05-21 08:50:36,2026-05-22,15,排球场-1号,10:30-11:30,1,1,已售/已满,教学时间,多云,18,15,4,0.0,82,28
2026-05-21 08:55:34,2026-05-22,15,排球场-1号,10:30-11:30,1,1,已售/已满,教学时间,多云,18,15,4,0.0,84,28
2026-05-21 09:00:51,2026-05-22,15,排球场-1号,10:30-11:30,1,1,已售/已满,教学时间,多云,18,15,4,0.0,84,28
2026-05-21 09:01:59,2026-05-22,15,排球场-1号,10:30-11:30,1,1,已售/已满,教学时间,多云,18,15,4,0.0,83,28
2026-05-21 09:05:33,2026-05-22,15,排球场-1号,10:30-11:30,1,1,已售/已满,教学时间,多云,18,15,4,0.0,83,28
2026-05-21 09:20:38,2026-05-22,15,排球场-1号,10:30-11:30,1,1,已售/已满,教学时间,多云,18,16,3,0.0,81,28
2026-05-21 09:30:46,2026-05-22,15,排球场-1号,10:30-11:30,1,1,已售/已满,教学时间,多云,18,16,3,0.0,81,32
2026-05-21 09:40:36,2026-05-22,15,排球场-1号,10:30-11:30,1,1,已售/已满,教学时间,多云,19,17,3,0.0,79,32
2026-05-21 09:50:42,2026-05-22,15,排球场-1号,10:30-11:30,1,1,已售/已满,教学时间,多云,19,17,4,0.0,81,32
2026-05-21 10:00:46,2026-05-22,15,排球场-1号,10:30-11:30,1,1,已售/已满,教学时间,多云,19,17,4,0.0,79,32
2026-05-21 10:10:40,2026-05-22,15,排球场-1号,10:30-11:30,1,1,已售/已满,教学时间,多云,19,17,4,0.0,79,32
2026-05-21 10:20:38,2026-05-22,15,排球场-1号,10:30-11:30,1,1,已售/已满,教学时间,多云,19,17,4,0.0,79,32
2026-05-21 10:30:41,2026-05-22,15,排球场-1号,10:30-11:30,1,1,已售/已满,教学时间,多云,19,18,3,0.0,78,31
2026-05-21 11:00:44,2026-05-22,15,排球场-1号,10:30-11:30,1,1,已售/已满,教学时间,多云,21,17,5,0.0,74,31
2026-05-21 11:30:38,2026-05-22,15,排球场-1号,10:30-11:30,1,1,已售/已满,教学时间,多云,21,19,3,0.0,72,33
2026-05-21 12:00:46,2026-05-22,15,排球场-1号,10:30-11:30,1,1,已售/已满,教学时间,多云,22,19,4,0.0,70,33
2026-05-21 12:30:42,2026-05-22,15,排球场-1号,10:30-11:30,1,1,已售/已满,教学时间,多云,22,21,3,0.0,68,35
2026-05-21 13:00:43,2026-05-22,15,排球场-1号,10:30-11:30,1,1,已售/已满,教学时间,多云,24,22,4,0.0,66,35
2026-05-21 13:30:43,2026-05-22,15,排球场-1号,10:30-11:30,1,1,已售/已满,教学时间,多云,24,22,4,0.0,66,36
2026-05-21 14:00:48,2026-05-22,15,排球场-1号,10:30-11:30,1,1,已售/已满,教学时间,多云,25,23,4,0.0,66,36
2026-05-21 14:30:45,2026-05-22,15,排球场-1号,10:30-11:30,1,1,已售/已满,教学时间,晴,25,25,3,0.0,65,39
2026-05-21 15:00:45,2026-05-22,15,排球场-1号,10:30-11:30,1,1,已售/已满,教学时间,晴,25,22,4,0.0,56,39
2026-05-21 15:30:43,2026-05-22,15,排球场-1号,10:30-11:30,1,1,已售/已满,教学时间,晴,25,23,4,0.0,57,40
2026-05-21 16:00:51,2026-05-22,15,排球场-1号,10:30-11:30,1,1,已售/已满,教学时间,晴,25,23,4,0.0,57,40
2026-05-21 16:30:48,2026-05-22,15,排球场-1号,10:30-11:30,1,1,已售/已满,教学时间,晴,25,24,3,0.0,60,39
2026-05-21 17:00:49,2026-05-22,15,排球场-1号,10:30-11:30,1,1,已售/已满,教学时间,晴,25,24,4,0.0,61,39
2026-05-21 17:30:47,2026-05-22,15,排球场-1号,10:30-11:30,1,1,已售/已满,教学时间,多云,24,23,3,0.0,64,39
2026-05-21 18:00:50,2026-05-22,15,排球场-1号,10:30-11:30,1,1,已售/已满,教学时间,多云,24,23,3,0.0,68,39
2026-05-21 18:30:50,2026-05-22,15,排球场-1号,10:30-11:30,1,1,已售/已满,教学时间,阴,24,25,2,0.0,68,40
2026-05-21 19:00:50,2026-05-22,15,排球场-1号,10:30-11:30,1,1,已售/已满,教学时间,阴,23,23,3,0.0,76,40
2026-05-21 19:30:46,2026-05-22,15,排球场-1号,10:30-11:30,1,1,已售/已满,教学时间,阴,23,24,2,0.0,77,39
2026-05-21 20:00:49,2026-05-22,15,排球场-1号,10:30-11:30,1,1,已售/已满,教学时间,雾,22,23,2,0.0,89,39
2026-05-21 20:30:44,2026-05-22,15,排球场-1号,10:30-11:30,1,1,已售/已满,教学时间,雾,22,24,2,0.0,93,43
2026-05-21 21:00:56,2026-05-22,15,排球场-1号,10:30-11:30,1,1,已售/已满,教学时间,雾,20,21,2,0.0,98,43
2026-05-21 21:30:46,2026-05-22,15,排球场-1号,10:30-11:30,1,1,已售/已满,教学时间,雾,20,22,1,0.0,99,41
2026-05-21 22:01:02,2026-05-22,15,排球场-1号,10:30-11:30,1,1,已售/已满,教学时间,雾,19,20,2,0.0,93,41
2026-05-21 22:30:47,2026-05-22,15,排球场-1号,10:30-11:30,1,1,已售/已满,教学时间,雾,19,19,3,0.0,88,46
2026-05-21 23:00:56,2026-05-22,15,排球场-1号,10:30-11:30,1,1,已售/已满,教学时间,多云,18,17,3,0.0,85,46
2026-05-21 23:30:55,2026-05-22,15,排球场-1号,10:30-11:30,1,1,已售/已满,教学时间,多云,18,17,3,0.0,85,48
2026-05-21 07:59:26,2026-05-22,15,排球场-1号,14:00-15:00,0,1,不开放/已过期,排球队训练,晴,17,12,5,0.0,86,29
2026-05-21 08:00:45,2026-05-22,15,排球场-1号,14:00-15:00,0,1,不开放/已过期,排球队训练,晴,17,12,5,0.0,86,29
2026-05-21 08:02:30,2026-05-22,15,排球场-1号,14:00-15:00,0,1,不开放/已过期,排球队训练,多云,17,12,5,0.0,87,29
2026-05-21 08:05:36,2026-05-22,15,排球场-1号,14:00-15:00,0,1,不开放/已过期,排球队训练,多云,17,12,5,0.0,86,29
2026-05-21 08:08:31,2026-05-22,15,排球场-1号,14:00-15:00,0,1,不开放/已过期,排球队训练,多云,17,12,5,0.0,86,29
2026-05-21 08:11:30,2026-05-22,15,排球场-1号,14:00-15:00,0,1,不开放/已过期,排球队训练,多云,17,12,5,0.0,86,29
2026-05-21 08:14:31,2026-05-22,15,排球场-1号,14:00-15:00,0,1,不开放/已过期,排球队训练,多云,17,12,5,0.0,86,29
2026-05-21 08:17:30,2026-05-22,15,排球场-1号,14:00-15:00,0,1,不开放/已过期,排球队训练,多云,17,12,5,0.0,86,29
2026-05-21 08:20:35,2026-05-22,15,排球场-1号,14:00-15:00,0,1,不开放/已过期,排球队训练,多云,17,14,4,0.0,85,29
2026-05-21 08:25:32,2026-05-22,15,排球场-1号,14:00-15:00,0,1,不开放/已过期,排球队训练,多云,17,14,4,0.0,85,28
2026-05-21 08:30:42,2026-05-22,15,排球场-1号,14:00-15:00,0,1,不开放/已过期,排球队训练,多云,18,15,4,0.0,84,28
2026-05-21 08:35:31,2026-05-22,15,排球场-1号,14:00-15:00,0,1,不开放/已过期,排球队训练,多云,18,15,4,0.0,84,28
2026-05-21 08:40:38,2026-05-22,15,排球场-1号,14:00-15:00,0,1,不开放/已过期,排球队训练,多云,18,15,4,0.0,82,28
2026-05-21 08:45:33,2026-05-22,15,排球场-1号,14:00-15:00,0,1,不开放/已过期,排球队训练,多云,18,15,4,0.0,82,28
2026-05-21 08:50:36,2026-05-22,15,排球场-1号,14:00-15:00,0,1,不开放/已过期,排球队训练,多云,18,15,4,0.0,82,28
2026-05-21 08:55:34,2026-05-22,15,排球场-1号,14:00-15:00,0,1,不开放/已过期,排球队训练,多云,18,15,4,0.0,84,28
2026-05-21 09:00:51,2026-05-22,15,排球场-1号,14:00-15:00,0,1,不开放/已过期,排球队训练,多云,18,15,4,0.0,84,28
2026-05-21 09:01:59,2026-05-22,15,排球场-1号,14:00-15:00,0,1,不开放/已过期,排球队训练,多云,18,15,4,0.0,83,28
2026-05-21 09:05:33,2026-05-22,15,排球场-1号,14:00-15:00,0,1,不开放/已过期,排球队训练,多云,18,15,4,0.0,83,28
2026-05-21 09:20:38,2026-05-22,15,排球场-1号,14:00-15:00,0,1,不开放/已过期,排球队训练,多云,18,16,3,0.0,81,28
2026-05-21 09:30:46,2026-05-22,15,排球场-1号,14:00-15:00,0,1,不开放/已过期,排球队训练,多云,18,16,3,0.0,81,32
2026-05-21 09:40:36,2026-05-22,15,排球场-1号,14:00-15:00,0,1,不开放/已过期,排球队训练,多云,19,17,3,0.0,79,32
2026-05-21 09:50:42,2026-05-22,15,排球场-1号,14:00-15:00,0,1,不开放/已过期,排球队训练,多云,19,17,4,0.0,81,32
2026-05-21 10:00:46,2026-05-22,15,排球场-1号,14:00-15:00,0,1,不开放/已过期,排球队训练,多云,19,17,4,0.0,79,32
2026-05-21 10:10:40,2026-05-22,15,排球场-1号,14:00-15:00,0,1,不开放/已过期,排球队训练,多云,19,17,4,0.0,79,32
2026-05-21 10:20:38,2026-05-22,15,排球场-1号,14:00-15:00,0,1,不开放/已过期,排球队训练,多云,19,17,4,0.0,79,32
2026-05-21 10:30:41,2026-05-22,15,排球场-1号,14:00-15:00,0,1,不开放/已过期,排球队训练,多云,19,18,3,0.0,78,31
2026-05-21 11:00:44,2026-05-22,15,排球场-1号,14:00-15:00,0,1,不开放/已过期,排球队训练,多云,21,17,5,0.0,74,31
2026-05-21 11:30:38,2026-05-22,15,排球场-1号,14:00-15:00,0,1,不开放/已过期,排球队训练,多云,21,19,3,0.0,72,33
2026-05-21 12:00:46,2026-05-22,15,排球场-1号,14:00-15:00,0,1,不开放/已过期,排球队训练,多云,22,19,4,0.0,70,33
2026-05-21 12:30:42,2026-05-22,15,排球场-1号,14:00-15:00,0,1,不开放/已过期,排球队训练,多云,22,21,3,0.0,68,35
2026-05-21 13:00:43,2026-05-22,15,排球场-1号,14:00-15:00,0,1,不开放/已过期,排球队训练,多云,24,22,4,0.0,66,35
2026-05-21 13:30:43,2026-05-22,15,排球场-1号,14:00-15:00,0,1,不开放/已过期,排球队训练,多云,24,22,4,0.0,66,36
2026-05-21 14:00:48,2026-05-22,15,排球场-1号,14:00-15:00,0,1,不开放/已过期,排球队训练,多云,25,23,4,0.0,66,36
2026-05-21 14:30:45,2026-05-22,15,排球场-1号,14:00-15:00,0,1,不开放/已过期,排球队训练,晴,25,25,3,0.0,65,39
2026-05-21 15:00:45,2026-05-22,15,排球场-1号,14:00-15:00,0,1,不开放/已过期,排球队训练,晴,25,22,4,0.0,56,39
2026-05-21 15:30:43,2026-05-22,15,排球场-1号,14:00-15:00,0,1,不开放/已过期,排球队训练,晴,25,23,4,0.0,57,40
2026-05-21 16:00:51,2026-05-22,15,排球场-1号,14:00-15:00,0,1,不开放/已过期,排球队训练,晴,25,23,4,0.0,57,40
2026-05-21 16:30:48,2026-05-22,15,排球场-1号,14:00-15:00,0,1,不开放/已过期,排球队训练,晴,25,24,3,0.0,60,39
2026-05-21 17:00:49,2026-05-22,15,排球场-1号,14:00-15:00,0,1,不开放/已过期,排球队训练,晴,25,24,4,0.0,61,39
2026-05-21 17:30:47,2026-05-22,15,排球场-1号,14:00-15:00,0,1,不开放/已过期,排球队训练,多云,24,23,3,0.0,64,39
2026-05-21 18:00:50,2026-05-22,15,排球场-1号,14:00-15:00,0,1,不开放/已过期,排球队训练,多云,24,23,3,0.0,68,39
2026-05-21 18:30:50,2026-05-22,15,排球场-1号,14:00-15:00,0,1,不开放/已过期,排球队训练,阴,24,25,2,0.0,68,40
2026-05-21 19:00:50,2026-05-22,15,排球场-1号,14:00-15:00,0,1,不开放/已过期,排球队训练,阴,23,23,3,0.0,76,40
2026-05-21 19:30:46,2026-05-22,15,排球场-1号,14:00-15:00,0,1,不开放/已过期,排球队训练,阴,23,24,2,0.0,77,39
2026-05-21 20:00:49,2026-05-22,15,排球场-1号,14:00-15:00,0,1,不开放/已过期,排球队训练,雾,22,23,2,0.0,89,39
2026-05-21 20:30:44,2026-05-22,15,排球场-1号,14:00-15:00,0,1,不开放/已过期,排球队训练,雾,22,24,2,0.0,93,43
2026-05-21 21:00:56,2026-05-22,15,排球场-1号,14:00-15:00,0,1,不开放/已过期,排球队训练,雾,20,21,2,0.0,98,43
2026-05-21 21:30:46,2026-05-22,15,排球场-1号,14:00-15:00,0,1,不开放/已过期,排球队训练,雾,20,22,1,0.0,99,41
2026-05-21 22:01:02,2026-05-22,15,排球场-1号,14:00-15:00,0,1,不开放/已过期,排球队训练,雾,19,20,2,0.0,93,41
2026-05-21 22:30:47,2026-05-22,15,排球场-1号,14:00-15:00,0,1,不开放/已过期,排球队训练,雾,19,19,3,0.0,88,46
2026-05-21 23:00:56,2026-05-22,15,排球场-1号,14:00-15:00,0,1,不开放/已过期,排球队训练,多云,18,17,3,0.0,85,46
2026-05-21 23:30:55,2026-05-22,15,排球场-1号,14:00-15:00,0,1,不开放/已过期,排球队训练,多云,18,17,3,0.0,85,48
2026-05-21 07:59:26,2026-05-22,15,排球场-1号,15:00-16:00,0,1,不开放/已过期,排球队训练,晴,17,12,5,0.0,86,29
2026-05-21 08:00:45,2026-05-22,15,排球场-1号,15:00-16:00,0,1,不开放/已过期,排球队训练,晴,17,12,5,0.0,86,29
2026-05-21 08:02:30,2026-05-22,15,排球场-1号,15:00-16:00,0,1,不开放/已过期,排球队训练,多云,17,12,5,0.0,87,29
2026-05-21 08:05:36,2026-05-22,15,排球场-1号,15:00-16:00,0,1,不开放/已过期,排球队训练,多云,17,12,5,0.0,86,29
2026-05-21 08:08:31,2026-05-22,15,排球场-1号,15:00-16:00,0,1,不开放/已过期,排球队训练,多云,17,12,5,0.0,86,29
2026-05-21 08:11:30,2026-05-22,15,排球场-1号,15:00-16:00,0,1,不开放/已过期,排球队训练,多云,17,12,5,0.0,86,29
2026-05-21 08:14:31,2026-05-22,15,排球场-1号,15:00-16:00,0,1,不开放/已过期,排球队训练,多云,17,12,5,0.0,86,29
2026-05-21 08:17:30,2026-05-22,15,排球场-1号,15:00-16:00,0,1,不开放/已过期,排球队训练,多云,17,12,5,0.0,86,29
2026-05-21 08:20:35,2026-05-22,15,排球场-1号,15:00-16:00,0,1,不开放/已过期,排球队训练,多云,17,14,4,0.0,85,29
2026-05-21 08:25:32,2026-05-22,15,排球场-1号,15:00-16:00,0,1,不开放/已过期,排球队训练,多云,17,14,4,0.0,85,28
2026-05-21 08:30:42,2026-05-22,15,排球场-1号,15:00-16:00,0,1,不开放/已过期,排球队训练,多云,18,15,4,0.0,84,28
2026-05-21 08:35:31,2026-05-22,15,排球场-1号,15:00-16:00,0,1,不开放/已过期,排球队训练,多云,18,15,4,0.0,84,28
2026-05-21 08:40:38,2026-05-22,15,排球场-1号,15:00-16:00,0,1,不开放/已过期,排球队训练,多云,18,15,4,0.0,82,28
2026-05-21 08:45:33,2026-05-22,15,排球场-1号,15:00-16:00,0,1,不开放/已过期,排球队训练,多云,18,15,4,0.0,82,28
2026-05-21 08:50:36,2026-05-22,15,排球场-1号,15:00-16:00,0,1,不开放/已过期,排球队训练,多云,18,15,4,0.0,82,28
2026-05-21 08:55:34,2026-05-22,15,排球场-1号,15:00-16:00,0,1,不开放/已过期,排球队训练,多云,18,15,4,0.0,84,28
2026-05-21 09:00:51,2026-05-22,15,排球场-1号,15:00-16:00,0,1,不开放/已过期,排球队训练,多云,18,15,4,0.0,84,28
2026-05-21 09:01:59,2026-05-22,15,排球场-1号,15:00-16:00,0,1,不开放/已过期,排球队训练,多云,18,15,4,0.0,83,28
2026-05-21 09:05:33,2026-05-22,15,排球场-1号,15:00-16:00,0,1,不开放/已过期,排球队训练,多云,18,15,4,0.0,83,28
2026-05-21 09:20:38,2026-05-22,15,排球场-1号,15:00-16:00,0,1,不开放/已过期,排球队训练,多云,18,16,3,0.0,81,28
2026-05-21 09:30:46,2026-05-22,15,排球场-1号,15:00-16:00,0,1,不开放/已过期,排球队训练,多云,18,16,3,0.0,81,32
2026-05-21 09:40:36,2026-05-22,15,排球场-1号,15:00-16:00,0,1,不开放/已过期,排球队训练,多云,19,17,3,0.0,79,32
2026-05-21 09:50:42,2026-05-22,15,排球场-1号,15:00-16:00,0,1,不开放/已过期,排球队训练,多云,19,17,4,0.0,81,32
2026-05-21 10:00:46,2026-05-22,15,排球场-1号,15:00-16:00,0,1,不开放/已过期,排球队训练,多云,19,17,4,0.0,79,32
2026-05-21 10:10:40,2026-05-22,15,排球场-1号,15:00-16:00,0,1,不开放/已过期,排球队训练,多云,19,17,4,0.0,79,32
2026-05-21 10:20:38,2026-05-22,15,排球场-1号,15:00-16:00,0,1,不开放/已过期,排球队训练,多云,19,17,4,0.0,79,32
2026-05-21 10:30:41,2026-05-22,15,排球场-1号,15:00-16:00,0,1,不开放/已过期,排球队训练,多云,19,18,3,0.0,78,31
2026-05-21 11:00:44,2026-05-22,15,排球场-1号,15:00-16:00,0,1,不开放/已过期,排球队训练,多云,21,17,5,0.0,74,31
2026-05-21 11:30:38,2026-05-22,15,排球场-1号,15:00-16:00,0,1,不开放/已过期,排球队训练,多云,21,19,3,0.0,72,33
2026-05-21 12:00:46,2026-05-22,15,排球场-1号,15:00-16:00,0,1,不开放/已过期,排球队训练,多云,22,19,4,0.0,70,33
2026-05-21 12:30:42,2026-05-22,15,排球场-1号,15:00-16:00,0,1,不开放/已过期,排球队训练,多云,22,21,3,0.0,68,35
2026-05-21 13:00:43,2026-05-22,15,排球场-1号,15:00-16:00,0,1,不开放/已过期,排球队训练,多云,24,22,4,0.0,66,35
2026-05-21 13:30:43,2026-05-22,15,排球场-1号,15:00-16:00,0,1,不开放/已过期,排球队训练,多云,24,22,4,0.0,66,36
2026-05-21 14:00:48,2026-05-22,15,排球场-1号,15:00-16:00,0,1,不开放/已过期,排球队训练,多云,25,23,4,0.0,66,36
2026-05-21 14:30:45,2026-05-22,15,排球场-1号,15:00-16:00,0,1,不开放/已过期,排球队训练,晴,25,25,3,0.0,65,39
2026-05-21 15:00:45,2026-05-22,15,排球场-1号,15:00-16:00,0,1,不开放/已过期,排球队训练,晴,25,22,4,0.0,56,39
2026-05-21 15:30:43,2026-05-22,15,排球场-1号,15:00-16:00,0,1,不开放/已过期,排球队训练,晴,25,23,4,0.0,57,40
2026-05-21 16:00:51,2026-05-22,15,排球场-1号,15:00-16:00,0,1,不开放/已过期,排球队训练,晴,25,23,4,0.0,57,40
2026-05-21 16:30:48,2026-05-22,15,排球场-1号,15:00-16:00,0,1,不开放/已过期,排球队训练,晴,25,24,3,0.0,60,39
2026-05-21 17:00:49,2026-05-22,15,排球场-1号,15:00-16:00,0,1,不开放/已过期,排球队训练,晴,25,24,4,0.0,61,39
2026-05-21 17:30:47,2026-05-22,15,排球场-1号,15:00-16:00,0,1,不开放/已过期,排球队训练,多云,24,23,3,0.0,64,39
2026-05-21 18:00:50,2026-05-22,15,排球场-1号,15:00-16:00,0,1,不开放/已过期,排球队训练,多云,24,23,3,0.0,68,39
2026-05-21 18:30:50,2026-05-22,15,排球场-1号,15:00-16:00,0,1,不开放/已过期,排球队训练,阴,24,25,2,0.0,68,40
2026-05-21 19:00:50,2026-05-22,15,排球场-1号,15:00-16:00,0,1,不开放/已过期,排球队训练,阴,23,23,3,0.0,76,40
2026-05-21 19:30:46,2026-05-22,15,排球场-1号,15:00-16:00,0,1,不开放/已过期,排球队训练,阴,23,24,2,0.0,77,39
2026-05-21 20:00:49,2026-05-22,15,排球场-1号,15:00-16:00,0,1,不开放/已过期,排球队训练,雾,22,23,2,0.0,89,39
2026-05-21 20:30:44,2026-05-22,15,排球场-1号,15:00-16:00,0,1,不开放/已过期,排球队训练,雾,22,24,2,0.0,93,43
2026-05-21 21:00:56,2026-05-22,15,排球场-1号,15:00-16:00,0,1,不开放/已过期,排球队训练,雾,20,21,2,0.0,98,43
2026-05-21 21:30:46,2026-05-22,15,排球场-1号,15:00-16:00,0,1,不开放/已过期,排球队训练,雾,20,22,1,0.0,99,41
2026-05-21 22:01:02,2026-05-22,15,排球场-1号,15:00-16:00,0,1,不开放/已过期,排球队训练,雾,19,20,2,0.0,93,41
2026-05-21 22:30:47,2026-05-22,15,排球场-1号,15:00-16:00,0,1,不开放/已过期,排球队训练,雾,19,19,3,0.0,88,46
2026-05-21 23:00:56,2026-05-22,15,排球场-1号,15:00-16:00,0,1,不开放/已过期,排球队训练,多云,18,17,3,0.0,85,46
2026-05-21 23:30:55,2026-05-22,15,排球场-1号,15:00-16:00,0,1,不开放/已过期,排球队训练,多云,18,17,3,0.0,85,48
2026-05-21 07:59:26,2026-05-22,15,排球场-1号,16:00-17:00,0,1,不开放/已过期,排球队训练,晴,17,12,5,0.0,86,29
2026-05-21 08:00:45,2026-05-22,15,排球场-1号,16:00-17:00,0,1,不开放/已过期,排球队训练,晴,17,12,5,0.0,86,29
2026-05-21 08:02:30,2026-05-22,15,排球场-1号,16:00-17:00,0,1,不开放/已过期,排球队训练,多云,17,12,5,0.0,87,29
2026-05-21 08:05:36,2026-05-22,15,排球场-1号,16:00-17:00,0,1,不开放/已过期,排球队训练,多云,17,12,5,0.0,86,29
2026-05-21 08:08:31,2026-05-22,15,排球场-1号,16:00-17:00,0,1,不开放/已过期,排球队训练,多云,17,12,5,0.0,86,29
2026-05-21 08:11:30,2026-05-22,15,排球场-1号,16:00-17:00,0,1,不开放/已过期,排球队训练,多云,17,12,5,0.0,86,29
2026-05-21 08:14:31,2026-05-22,15,排球场-1号,16:00-17:00,0,1,不开放/已过期,排球队训练,多云,17,12,5,0.0,86,29
2026-05-21 08:17:30,2026-05-22,15,排球场-1号,16:00-17:00,0,1,不开放/已过期,排球队训练,多云,17,12,5,0.0,86,29
2026-05-21 08:20:35,2026-05-22,15,排球场-1号,16:00-17:00,0,1,不开放/已过期,排球队训练,多云,17,14,4,0.0,85,29
2026-05-21 08:25:32,2026-05-22,15,排球场-1号,16:00-17:00,0,1,不开放/已过期,排球队训练,多云,17,14,4,0.0,85,28
2026-05-21 08:30:42,2026-05-22,15,排球场-1号,16:00-17:00,0,1,不开放/已过期,排球队训练,多云,18,15,4,0.0,84,28
2026-05-21 08:35:31,2026-05-22,15,排球场-1号,16:00-17:00,0,1,不开放/已过期,排球队训练,多云,18,15,4,0.0,84,28
2026-05-21 08:40:38,2026-05-22,15,排球场-1号,16:00-17:00,0,1,不开放/已过期,排球队训练,多云,18,15,4,0.0,82,28
2026-05-21 08:45:33,2026-05-22,15,排球场-1号,16:00-17:00,0,1,不开放/已过期,排球队训练,多云,18,15,4,0.0,82,28
2026-05-21 08:50:36,2026-05-22,15,排球场-1号,16:00-17:00,0,1,不开放/已过期,排球队训练,多云,18,15,4,0.0,82,28
2026-05-21 08:55:34,2026-05-22,15,排球场-1号,16:00-17:00,0,1,不开放/已过期,排球队训练,多云,18,15,4,0.0,84,28
2026-05-21 09:00:51,2026-05-22,15,排球场-1号,16:00-17:00,0,1,不开放/已过期,排球队训练,多云,18,15,4,0.0,84,28
2026-05-21 09:01:59,2026-05-22,15,排球场-1号,16:00-17:00,0,1,不开放/已过期,排球队训练,多云,18,15,4,0.0,83,28
2026-05-21 09:05:33,2026-05-22,15,排球场-1号,16:00-17:00,0,1,不开放/已过期,排球队训练,多云,18,15,4,0.0,83,28
2026-05-21 09:20:38,2026-05-22,15,排球场-1号,16:00-17:00,0,1,不开放/已过期,排球队训练,多云,18,16,3,0.0,81,28
2026-05-21 09:30:46,2026-05-22,15,排球场-1号,16:00-17:00,0,1,不开放/已过期,排球队训练,多云,18,16,3,0.0,81,32
2026-05-21 09:40:36,2026-05-22,15,排球场-1号,16:00-17:00,0,1,不开放/已过期,排球队训练,多云,19,17,3,0.0,79,32
2026-05-21 09:50:42,2026-05-22,15,排球场-1号,16:00-17:00,0,1,不开放/已过期,排球队训练,多云,19,17,4,0.0,81,32
2026-05-21 10:00:46,2026-05-22,15,排球场-1号,16:00-17:00,0,1,不开放/已过期,排球队训练,多云,19,17,4,0.0,79,32
2026-05-21 10:10:40,2026-05-22,15,排球场-1号,16:00-17:00,0,1,不开放/已过期,排球队训练,多云,19,17,4,0.0,79,32
2026-05-21 10:20:38,2026-05-22,15,排球场-1号,16:00-17:00,0,1,不开放/已过期,排球队训练,多云,19,17,4,0.0,79,32
2026-05-21 10:30:41,2026-05-22,15,排球场-1号,16:00-17:00,0,1,不开放/已过期,排球队训练,多云,19,18,3,0.0,78,31
2026-05-21 11:00:44,2026-05-22,15,排球场-1号,16:00-17:00,0,1,不开放/已过期,排球队训练,多云,21,17,5,0.0,74,31
2026-05-21 11:30:38,2026-05-22,15,排球场-1号,16:00-17:00,0,1,不开放/已过期,排球队训练,多云,21,19,3,0.0,72,33
2026-05-21 12:00:46,2026-05-22,15,排球场-1号,16:00-17:00,0,1,不开放/已过期,排球队训练,多云,22,19,4,0.0,70,33
2026-05-21 12:30:42,2026-05-22,15,排球场-1号,16:00-17:00,0,1,不开放/已过期,排球队训练,多云,22,21,3,0.0,68,35
2026-05-21 13:00:43,2026-05-22,15,排球场-1号,16:00-17:00,0,1,不开放/已过期,排球队训练,多云,24,22,4,0.0,66,35
2026-05-21 13:30:43,2026-05-22,15,排球场-1号,16:00-17:00,0,1,不开放/已过期,排球队训练,多云,24,22,4,0.0,66,36
2026-05-21 14:00:48,2026-05-22,15,排球场-1号,16:00-17:00,0,1,不开放/已过期,排球队训练,多云,25,23,4,0.0,66,36
2026-05-21 14:30:45,2026-05-22,15,排球场-1号,16:00-17:00,0,1,不开放/已过期,排球队训练,晴,25,25,3,0.0,65,39
2026-05-21 15:00:45,2026-05-22,15,排球场-1号,16:00-17:00,0,1,不开放/已过期,排球队训练,晴,25,22,4,0.0,56,39
2026-05-21 15:30:43,2026-05-22,15,排球场-1号,16:00-17:00,0,1,不开放/已过期,排球队训练,晴,25,23,4,0.0,57,40
2026-05-21 16:00:51,2026-05-22,15,排球场-1号,16:00-17:00,0,1,不开放/已过期,排球队训练,晴,25,23,4,0.0,57,40
2026-05-21 16:30:48,2026-05-22,15,排球场-1号,16:00-17:00,0,1,不开放/已过期,排球队训练,晴,25,24,3,0.0,60,39
2026-05-21 17:00:49,2026-05-22,15,排球场-1号,16:00-17:00,0,1,不开放/已过期,排球队训练,晴,25,24,4,0.0,61,39
2026-05-21 17:30:47,2026-05-22,15,排球场-1号,16:00-17:00,0,1,不开放/已过期,排球队训练,多云,24,23,3,0.0,64,39
2026-05-21 18:00:50,2026-05-22,15,排球场-1号,16:00-17:00,0,1,不开放/已过期,排球队训练,多云,24,23,3,0.0,68,39
2026-05-21 18:30:50,2026-05-22,15,排球场-1号,16:00-17:00,0,1,不开放/已过期,排球队训练,阴,24,25,2,0.0,68,40
2026-05-21 19:00:50,2026-05-22,15,排球场-1号,16:00-17:00,0,1,不开放/已过期,排球队训练,阴,23,23,3,0.0,76,40
2026-05-21 19:30:46,2026-05-22,15,排球场-1号,16:00-17:00,0,1,不开放/已过期,排球队训练,阴,23,24,2,0.0,77,39
2026-05-21 20:00:49,2026-05-22,15,排球场-1号,16:00-17:00,0,1,不开放/已过期,排球队训练,雾,22,23,2,0.0,89,39
2026-05-21 20:30:44,2026-05-22,15,排球场-1号,16:00-17:00,0,1,不开放/已过期,排球队训练,雾,22,24,2,0.0,93,43
2026-05-21 21:00:56,2026-05-22,15,排球场-1号,16:00-17:00,0,1,不开放/已过期,排球队训练,雾,20,21,2,0.0,98,43
2026-05-21 21:30:46,2026-05-22,15,排球场-1号,16:00-17:00,0,1,不开放/已过期,排球队训练,雾,20,22,1,0.0,99,41
2026-05-21 22:01:02,2026-05-22,15,排球场-1号,16:00-17:00,0,1,不开放/已过期,排球队训练,雾,19,20,2,0.0,93,41
2026-05-21 22:30:47,2026-05-22,15,排球场-1号,16:00-17:00,0,1,不开放/已过期,排球队训练,雾,19,19,3,0.0,88,46
2026-05-21 23:00:56,2026-05-22,15,排球场-1号,16:00-17:00,0,1,不开放/已过期,排球队训练,多云,18,17,3,0.0,85,46
2026-05-21 23:30:55,2026-05-22,15,排球场-1号,16:00-17:00,0,1,不开放/已过期,排球队训练,多云,18,17,3,0.0,85,48
2026-05-21 07:59:26,2026-05-22,15,排球场-1号,19:00-20:00,1,1,已售/已满,已售,晴,17,12,5,0.0,86,29
2026-05-21 08:00:45,2026-05-22,15,排球场-1号,19:00-20:00,1,1,已售/已满,已售,晴,17,12,5,0.0,86,29
2026-05-21 08:02:30,2026-05-22,15,排球场-1号,19:00-20:00,1,1,已售/已满,已售,多云,17,12,5,0.0,87,29
2026-05-21 08:05:36,2026-05-22,15,排球场-1号,19:00-20:00,1,1,已售/已满,已售,多云,17,12,5,0.0,86,29
2026-05-21 08:08:31,2026-05-22,15,排球场-1号,19:00-20:00,1,1,已售/已满,已售,多云,17,12,5,0.0,86,29
2026-05-21 08:11:30,2026-05-22,15,排球场-1号,19:00-20:00,1,1,已售/已满,已售,多云,17,12,5,0.0,86,29
2026-05-21 08:14:31,2026-05-22,15,排球场-1号,19:00-20:00,1,1,已售/已满,已售,多云,17,12,5,0.0,86,29
2026-05-21 08:17:30,2026-05-22,15,排球场-1号,19:00-20:00,1,1,已售/已满,已售,多云,17,12,5,0.0,86,29
2026-05-21 08:20:35,2026-05-22,15,排球场-1号,19:00-20:00,1,1,已售/已满,已售,多云,17,14,4,0.0,85,29
2026-05-21 08:25:32,2026-05-22,15,排球场-1号,19:00-20:00,1,1,已售/已满,已售,多云,17,14,4,0.0,85,28
2026-05-21 08:30:42,2026-05-22,15,排球场-1号,19:00-20:00,1,1,已售/已满,已售,多云,18,15,4,0.0,84,28
2026-05-21 08:35:31,2026-05-22,15,排球场-1号,19:00-20:00,1,1,已售/已满,已售,多云,18,15,4,0.0,84,28
2026-05-21 08:40:38,2026-05-22,15,排球场-1号,19:00-20:00,1,1,已售/已满,已售,多云,18,15,4,0.0,82,28
2026-05-21 08:45:33,2026-05-22,15,排球场-1号,19:00-20:00,1,1,已售/已满,已售,多云,18,15,4,0.0,82,28
2026-05-21 08:50:36,2026-05-22,15,排球场-1号,19:00-20:00,1,1,已售/已满,已售,多云,18,15,4,0.0,82,28
2026-05-21 08:55:34,2026-05-22,15,排球场-1号,19:00-20:00,1,1,已售/已满,已售,多云,18,15,4,0.0,84,28
2026-05-21 09:00:51,2026-05-22,15,排球场-1号,19:00-20:00,1,1,已售/已满,已售,多云,18,15,4,0.0,84,28
2026-05-21 09:01:59,2026-05-22,15,排球场-1号,19:00-20:00,1,1,已售/已满,已售,多云,18,15,4,0.0,83,28
2026-05-21 09:05:33,2026-05-22,15,排球场-1号,19:00-20:00,1,1,已售/已满,已售,多云,18,15,4,0.0,83,28
2026-05-21 09:20:38,2026-05-22,15,排球场-1号,19:00-20:00,1,1,已售/已满,已售,多云,18,16,3,0.0,81,28
2026-05-21 09:30:46,2026-05-22,15,排球场-1号,19:00-20:00,1,1,已售/已满,已售,多云,18,16,3,0.0,81,32
2026-05-21 09:40:36,2026-05-22,15,排球场-1号,19:00-20:00,1,1,已售/已满,已售,多云,19,17,3,0.0,79,32
2026-05-21 09:50:42,2026-05-22,15,排球场-1号,19:00-20:00,1,1,已售/已满,已售,多云,19,17,4,0.0,81,32
2026-05-21 10:00:46,2026-05-22,15,排球场-1号,19:00-20:00,1,1,已售/已满,已售,多云,19,17,4,0.0,79,32
2026-05-21 10:10:40,2026-05-22,15,排球场-1号,19:00-20:00,1,1,已售/已满,已售,多云,19,17,4,0.0,79,32
2026-05-21 10:20:38,2026-05-22,15,排球场-1号,19:00-20:00,1,1,已售/已满,已售,多云,19,17,4,0.0,79,32
2026-05-21 10:30:41,2026-05-22,15,排球场-1号,19:00-20:00,1,1,已售/已满,已售,多云,19,18,3,0.0,78,31
2026-05-21 11:00:44,2026-05-22,15,排球场-1号,19:00-20:00,1,1,已售/已满,已售,多云,21,17,5,0.0,74,31
2026-05-21 11:30:38,2026-05-22,15,排球场-1号,19:00-20:00,1,1,已售/已满,已售,多云,21,19,3,0.0,72,33
2026-05-21 12:00:46,2026-05-22,15,排球场-1号,19:00-20:00,1,1,已售/已满,已售,多云,22,19,4,0.0,70,33
2026-05-21 12:30:42,2026-05-22,15,排球场-1号,19:00-20:00,1,1,已售/已满,已售,多云,22,21,3,0.0,68,35
2026-05-21 13:00:43,2026-05-22,15,排球场-1号,19:00-20:00,1,1,已售/已满,已售,多云,24,22,4,0.0,66,35
2026-05-21 13:30:43,2026-05-22,15,排球场-1号,19:00-20:00,1,1,已售/已满,已售,多云,24,22,4,0.0,66,36
2026-05-21 14:00:48,2026-05-22,15,排球场-1号,19:00-20:00,1,1,已售/已满,已售,多云,25,23,4,0.0,66,36
2026-05-21 14:30:45,2026-05-22,15,排球场-1号,19:00-20:00,1,1,已售/已满,已售,晴,25,25,3,0.0,65,39
2026-05-21 15:00:45,2026-05-22,15,排球场-1号,19:00-20:00,1,1,已售/已满,已售,晴,25,22,4,0.0,56,39
2026-05-21 15:30:43,2026-05-22,15,排球场-1号,19:00-20:00,1,1,已售/已满,已售,晴,25,23,4,0.0,57,40
2026-05-21 16:00:51,2026-05-22,15,排球场-1号,19:00-20:00,1,1,已售/已满,已售,晴,25,23,4,0.0,57,40
2026-05-21 16:30:48,2026-05-22,15,排球场-1号,19:00-20:00,1,1,已售/已满,已售,晴,25,24,3,0.0,60,39
2026-05-21 17:00:49,2026-05-22,15,排球场-1号,19:00-20:00,1,1,已售/已满,已售,晴,25,24,4,0.0,61,39
2026-05-21 17:30:47,2026-05-22,15,排球场-1号,19:00-20:00,1,1,已售/已满,已售,多云,24,23,3,0.0,64,39
2026-05-21 18:00:50,2026-05-22,15,排球场-1号,19:00-20:00,1,1,已售/已满,已售,多云,24,23,3,0.0,68,39
2026-05-21 18:30:50,2026-05-22,15,排球场-1号,19:00-20:00,1,1,已售/已满,已售,阴,24,25,2,0.0,68,40
2026-05-21 19:00:50,2026-05-22,15,排球场-1号,19:00-20:00,1,1,已售/已满,已售,阴,23,23,3,0.0,76,40
2026-05-21 19:30:46,2026-05-22,15,排球场-1号,19:00-20:00,1,1,已售/已满,已售,阴,23,24,2,0.0,77,39
2026-05-21 20:00:49,2026-05-22,15,排球场-1号,19:00-20:00,1,1,已售/已满,已售,雾,22,23,2,0.0,89,39
2026-05-21 20:30:44,2026-05-22,15,排球场-1号,19:00-20:00,1,1,已售/已满,已售,雾,22,24,2,0.0,93,43
2026-05-21 21:00:56,2026-05-22,15,排球场-1号,19:00-20:00,1,1,已售/已满,已售,雾,20,21,2,0.0,98,43
2026-05-21 21:30:46,2026-05-22,15,排球场-1号,19:00-20:00,1,1,已售/已满,已售,雾,20,22,1,0.0,99,41
2026-05-21 22:01:02,2026-05-22,15,排球场-1号,19:00-20:00,1,1,已售/已满,已售,雾,19,20,2,0.0,93,41
2026-05-21 22:30:47,2026-05-22,15,排球场-1号,19:00-20:00,1,1,已售/已满,已售,雾,19,19,3,0.0,88,46
2026-05-21 23:00:56,2026-05-22,15,排球场-1号,19:00-20:00,1,1,已售/已满,已售,多云,18,17,3,0.0,85,46
2026-05-21 23:30:55,2026-05-22,15,排球场-1号,19:00-20:00,1,1,已售/已满,已售,多云,18,17,3,0.0,85,48
2026-05-21 07:59:26,2026-05-22,15,排球场-1号,20:30-21:30,1,1,已售/已满,已售,晴,17,12,5,0.0,86,29
2026-05-21 08:00:45,2026-05-22,15,排球场-1号,20:30-21:30,1,1,已售/已满,已售,晴,17,12,5,0.0,86,29
2026-05-21 08:02:30,2026-05-22,15,排球场-1号,20:30-21:30,1,1,已售/已满,已售,多云,17,12,5,0.0,87,29
2026-05-21 08:05:36,2026-05-22,15,排球场-1号,20:30-21:30,1,1,已售/已满,已售,多云,17,12,5,0.0,86,29
2026-05-21 08:08:31,2026-05-22,15,排球场-1号,20:30-21:30,1,1,已售/已满,已售,多云,17,12,5,0.0,86,29
2026-05-21 08:11:30,2026-05-22,15,排球场-1号,20:30-21:30,1,1,已售/已满,已售,多云,17,12,5,0.0,86,29
2026-05-21 08:14:31,2026-05-22,15,排球场-1号,20:30-21:30,1,1,已售/已满,已售,多云,17,12,5,0.0,86,29
2026-05-21 08:17:30,2026-05-22,15,排球场-1号,20:30-21:30,1,1,已售/已满,已售,多云,17,12,5,0.0,86,29
2026-05-21 08:20:35,2026-05-22,15,排球场-1号,20:30-21:30,1,1,已售/已满,已售,多云,17,14,4,0.0,85,29
2026-05-21 08:25:32,2026-05-22,15,排球场-1号,20:30-21:30,1,1,已售/已满,已售,多云,17,14,4,0.0,85,28
2026-05-21 08:30:42,2026-05-22,15,排球场-1号,20:30-21:30,1,1,已售/已满,已售,多云,18,15,4,0.0,84,28
2026-05-21 08:35:31,2026-05-22,15,排球场-1号,20:30-21:30,1,1,已售/已满,已售,多云,18,15,4,0.0,84,28
2026-05-21 08:40:38,2026-05-22,15,排球场-1号,20:30-21:30,1,1,已售/已满,已售,多云,18,15,4,0.0,82,28
2026-05-21 08:45:33,2026-05-22,15,排球场-1号,20:30-21:30,1,1,已售/已满,已售,多云,18,15,4,0.0,82,28
2026-05-21 08:50:36,2026-05-22,15,排球场-1号,20:30-21:30,1,1,已售/已满,已售,多云,18,15,4,0.0,82,28
2026-05-21 08:55:34,2026-05-22,15,排球场-1号,20:30-21:30,1,1,已售/已满,已售,多云,18,15,4,0.0,84,28
2026-05-21 09:00:51,2026-05-22,15,排球场-1号,20:30-21:30,1,1,已售/已满,已售,多云,18,15,4,0.0,84,28
2026-05-21 09:01:59,2026-05-22,15,排球场-1号,20:30-21:30,1,1,已售/已满,已售,多云,18,15,4,0.0,83,28
2026-05-21 09:05:33,2026-05-22,15,排球场-1号,20:30-21:30,1,1,已售/已满,已售,多云,18,15,4,0.0,83,28
2026-05-21 09:20:38,2026-05-22,15,排球场-1号,20:30-21:30,1,1,已售/已满,已售,多云,18,16,3,0.0,81,28
2026-05-21 09:30:46,2026-05-22,15,排球场-1号,20:30-21:30,1,1,已售/已满,已售,多云,18,16,3,0.0,81,32
2026-05-21 09:40:36,2026-05-22,15,排球场-1号,20:30-21:30,1,1,已售/已满,已售,多云,19,17,3,0.0,79,32
2026-05-21 09:50:42,2026-05-22,15,排球场-1号,20:30-21:30,1,1,已售/已满,已售,多云,19,17,4,0.0,81,32
2026-05-21 10:00:46,2026-05-22,15,排球场-1号,20:30-21:30,1,1,已售/已满,已售,多云,19,17,4,0.0,79,32
2026-05-21 10:10:40,2026-05-22,15,排球场-1号,20:30-21:30,1,1,已售/已满,已售,多云,19,17,4,0.0,79,32
2026-05-21 10:20:38,2026-05-22,15,排球场-1号,20:30-21:30,1,1,已售/已满,已售,多云,19,17,4,0.0,79,32
2026-05-21 10:30:41,2026-05-22,15,排球场-1号,20:30-21:30,1,1,已售/已满,已售,多云,19,18,3,0.0,78,31
2026-05-21 11:00:44,2026-05-22,15,排球场-1号,20:30-21:30,1,1,已售/已满,已售,多云,21,17,5,0.0,74,31
2026-05-21 11:30:38,2026-05-22,15,排球场-1号,20:30-21:30,1,1,已售/已满,已售,多云,21,19,3,0.0,72,33
2026-05-21 12:00:46,2026-05-22,15,排球场-1号,20:30-21:30,1,1,已售/已满,已售,多云,22,19,4,0.0,70,33
2026-05-21 12:30:42,2026-05-22,15,排球场-1号,20:30-21:30,1,1,已售/已满,已售,多云,22,21,3,0.0,68,35
2026-05-21 13:00:43,2026-05-22,15,排球场-1号,20:30-21:30,1,1,已售/已满,已售,多云,24,22,4,0.0,66,35
2026-05-21 13:30:43,2026-05-22,15,排球场-1号,20:30-21:30,1,1,已售/已满,已售,多云,24,22,4,0.0,66,36
2026-05-21 14:00:48,2026-05-22,15,排球场-1号,20:30-21:30,1,1,已售/已满,已售,多云,25,23,4,0.0,66,36
2026-05-21 14:30:45,2026-05-22,15,排球场-1号,20:30-21:30,1,1,已售/已满,已售,晴,25,25,3,0.0,65,39
2026-05-21 15:00:45,2026-05-22,15,排球场-1号,20:30-21:30,1,1,已售/已满,已售,晴,25,22,4,0.0,56,39
2026-05-21 15:30:43,2026-05-22,15,排球场-1号,20:30-21:30,1,1,已售/已满,已售,晴,25,23,4,0.0,57,40
2026-05-21 16:00:51,2026-05-22,15,排球场-1号,20:30-21:30,1,1,已售/已满,已售,晴,25,23,4,0.0,57,40
2026-05-21 16:30:48,2026-05-22,15,排球场-1号,20:30-21:30,1,1,已售/已满,已售,晴,25,24,3,0.0,60,39
2026-05-21 17:00:49,2026-05-22,15,排球场-1号,20:30-21:30,1,1,已售/已满,已售,晴,25,24,4,0.0,61,39
2026-05-21 17:30:47,2026-05-22,15,排球场-1号,20:30-21:30,1,1,已售/已满,已售,多云,24,23,3,0.0,64,39
2026-05-21 18:00:50,2026-05-22,15,排球场-1号,20:30-21:30,1,1,已售/已满,已售,多云,24,23,3,0.0,68,39
2026-05-21 18:30:50,2026-05-22,15,排球场-1号,20:30-21:30,1,1,已售/已满,已售,阴,24,25,2,0.0,68,40
2026-05-21 19:00:50,2026-05-22,15,排球场-1号,20:30-21:30,1,1,已售/已满,已售,阴,23,23,3,0.0,76,40
2026-05-21 19:30:46,2026-05-22,15,排球场-1号,20:30-21:30,1,1,已售/已满,已售,阴,23,24,2,0.0,77,39
2026-05-21 20:00:49,2026-05-22,15,排球场-1号,20:30-21:30,1,1,已售/已满,已售,雾,22,23,2,0.0,89,39
2026-05-21 20:30:44,2026-05-22,15,排球场-1号,20:30-21:30,1,1,已售/已满,已售,雾,22,24,2,0.0,93,43
2026-05-21 21:00:56,2026-05-22,15,排球场-1号,20:30-21:30,1,1,已售/已满,已售,雾,20,21,2,0.0,98,43
2026-05-21 21:30:46,2026-05-22,15,排球场-1号,20:30-21:30,1,1,已售/已满,已售,雾,20,22,1,0.0,99,41
2026-05-21 22:01:02,2026-05-22,15,排球场-1号,20:30-21:30,1,1,已售/已满,已售,雾,19,20,2,0.0,93,41
2026-05-21 22:30:47,2026-05-22,15,排球场-1号,20:30-21:30,1,1,已售/已满,已售,雾,19,19,3,0.0,88,46
2026-05-21 23:00:56,2026-05-22,15,排球场-1号,20:30-21:30,1,1,已售/已满,已售,多云,18,17,3,0.0,85,46
2026-05-21 23:30:55,2026-05-22,15,排球场-1号,20:30-21:30,1,1,已售/已满,已售,多云,18,17,3,0.0,85,48
2026-05-21 07:59:26,2026-05-22,15,排球场-2号,09:00-10:00,0,1,可预约,￥150.0,晴,17,12,5,0.0,86,29
2026-05-21 08:00:45,2026-05-22,15,排球场-2号,09:00-10:00,0,1,可预约,￥150.0,晴,17,12,5,0.0,86,29
2026-05-21 08:02:30,2026-05-22,15,排球场-2号,09:00-10:00,0,1,可预约,￥150.0,多云,17,12,5,0.0,87,29
2026-05-21 08:05:36,2026-05-22,15,排球场-2号,09:00-10:00,0,1,可预约,￥150.0,多云,17,12,5,0.0,86,29
2026-05-21 08:08:31,2026-05-22,15,排球场-2号,09:00-10:00,0,1,可预约,￥150.0,多云,17,12,5,0.0,86,29
2026-05-21 08:11:30,2026-05-22,15,排球场-2号,09:00-10:00,0,1,可预约,￥150.0,多云,17,12,5,0.0,86,29
2026-05-21 08:14:31,2026-05-22,15,排球场-2号,09:00-10:00,0,1,可预约,￥150.0,多云,17,12,5,0.0,86,29
2026-05-21 08:17:30,2026-05-22,15,排球场-2号,09:00-10:00,0,1,可预约,￥150.0,多云,17,12,5,0.0,86,29
2026-05-21 08:20:35,2026-05-22,15,排球场-2号,09:00-10:00,0,1,可预约,￥150.0,多云,17,14,4,0.0,85,29
2026-05-21 08:25:32,2026-05-22,15,排球场-2号,09:00-10:00,0,1,可预约,￥150.0,多云,17,14,4,0.0,85,28
2026-05-21 08:30:42,2026-05-22,15,排球场-2号,09:00-10:00,0,1,可预约,￥150.0,多云,18,15,4,0.0,84,28
2026-05-21 08:35:31,2026-05-22,15,排球场-2号,09:00-10:00,0,1,可预约,￥150.0,多云,18,15,4,0.0,84,28
2026-05-21 08:40:38,2026-05-22,15,排球场-2号,09:00-10:00,0,1,可预约,￥150.0,多云,18,15,4,0.0,82,28
2026-05-21 08:45:33,2026-05-22,15,排球场-2号,09:00-10:00,0,1,可预约,￥150.0,多云,18,15,4,0.0,82,28
2026-05-21 08:50:36,2026-05-22,15,排球场-2号,09:00-10:00,0,1,可预约,￥150.0,多云,18,15,4,0.0,82,28
2026-05-21 08:55:34,2026-05-22,15,排球场-2号,09:00-10:00,0,1,可预约,￥150.0,多云,18,15,4,0.0,84,28
2026-05-21 09:00:51,2026-05-22,15,排球场-2号,09:00-10:00,0,1,可预约,￥150.0,多云,18,15,4,0.0,84,28
2026-05-21 09:01:59,2026-05-22,15,排球场-2号,09:00-10:00,0,1,可预约,￥150.0,多云,18,15,4,0.0,83,28
2026-05-21 09:05:33,2026-05-22,15,排球场-2号,09:00-10:00,0,1,可预约,￥150.0,多云,18,15,4,0.0,83,28
2026-05-21 09:20:38,2026-05-22,15,排球场-2号,09:00-10:00,0,1,可预约,￥150.0,多云,18,16,3,0.0,81,28
2026-05-21 09:30:46,2026-05-22,15,排球场-2号,09:00-10:00,0,1,可预约,￥150.0,多云,18,16,3,0.0,81,32
2026-05-21 09:40:36,2026-05-22,15,排球场-2号,09:00-10:00,0,1,可预约,￥150.0,多云,19,17,3,0.0,79,32
2026-05-21 09:50:42,2026-05-22,15,排球场-2号,09:00-10:00,0,1,可预约,￥150.0,多云,19,17,4,0.0,81,32
2026-05-21 10:00:46,2026-05-22,15,排球场-2号,09:00-10:00,0,1,可预约,￥150.0,多云,19,17,4,0.0,79,32
2026-05-21 10:10:40,2026-05-22,15,排球场-2号,09:00-10:00,0,1,可预约,￥150.0,多云,19,17,4,0.0,79,32
2026-05-21 10:20:38,2026-05-22,15,排球场-2号,09:00-10:00,0,1,可预约,￥150.0,多云,19,17,4,0.0,79,32
2026-05-21 10:30:41,2026-05-22,15,排球场-2号,09:00-10:00,0,1,可预约,￥150.0,多云,19,18,3,0.0,78,31
2026-05-21 11:00:44,2026-05-22,15,排球场-2号,09:00-10:00,0,1,可预约,￥150.0,多云,21,17,5,0.0,74,31
2026-05-21 11:30:38,2026-05-22,15,排球场-2号,09:00-10:00,0,1,可预约,￥150.0,多云,21,19,3,0.0,72,33
2026-05-21 12:00:46,2026-05-22,15,排球场-2号,09:00-10:00,0,1,可预约,￥150.0,多云,22,19,4,0.0,70,33
2026-05-21 12:30:42,2026-05-22,15,排球场-2号,09:00-10:00,0,1,可预约,￥150.0,多云,22,21,3,0.0,68,35
2026-05-21 13:00:43,2026-05-22,15,排球场-2号,09:00-10:00,0,1,可预约,￥150.0,多云,24,22,4,0.0,66,35
2026-05-21 13:30:43,2026-05-22,15,排球场-2号,09:00-10:00,0,1,可预约,￥150.0,多云,24,22,4,0.0,66,36
2026-05-21 14:00:48,2026-05-22,15,排球场-2号,09:00-10:00,0,1,可预约,￥150.0,多云,25,23,4,0.0,66,36
2026-05-21 14:30:45,2026-05-22,15,排球场-2号,09:00-10:00,0,1,可预约,￥150.0,晴,25,25,3,0.0,65,39
2026-05-21 15:00:45,2026-05-22,15,排球场-2号,09:00-10:00,0,1,可预约,￥150.0,晴,25,22,4,0.0,56,39
2026-05-21 15:30:43,2026-05-22,15,排球场-2号,09:00-10:00,0,1,可预约,￥150.0,晴,25,23,4,0.0,57,40
2026-05-21 16:00:51,2026-05-22,15,排球场-2号,09:00-10:00,0,1,可预约,￥150.0,晴,25,23,4,0.0,57,40
2026-05-21 16:30:48,2026-05-22,15,排球场-2号,09:00-10:00,0,1,可预约,￥150.0,晴,25,24,3,0.0,60,39
2026-05-21 17:00:49,2026-05-22,15,排球场-2号,09:00-10:00,0,1,可预约,￥150.0,晴,25,24,4,0.0,61,39
2026-05-21 17:30:47,2026-05-22,15,排球场-2号,09:00-10:00,0,1,可预约,￥150.0,多云,24,23,3,0.0,64,39
2026-05-21 18:00:50,2026-05-22,15,排球场-2号,09:00-10:00,0,1,可预约,￥150.0,多云,24,23,3,0.0,68,39
2026-05-21 18:30:50,2026-05-22,15,排球场-2号,09:00-10:00,0,1,可预约,￥150.0,阴,24,25,2,0.0,68,40
2026-05-21 19:00:50,2026-05-22,15,排球场-2号,09:00-10:00,0,1,可预约,￥150.0,阴,23,23,3,0.0,76,40
2026-05-21 19:30:46,2026-05-22,15,排球场-2号,09:00-10:00,0,1,可预约,￥150.0,阴,23,24,2,0.0,77,39
2026-05-21 20:00:49,2026-05-22,15,排球场-2号,09:00-10:00,0,1,可预约,￥150.0,雾,22,23,2,0.0,89,39
2026-05-21 20:30:44,2026-05-22,15,排球场-2号,09:00-10:00,0,1,可预约,￥150.0,雾,22,24,2,0.0,93,43
2026-05-21 21:00:56,2026-05-22,15,排球场-2号,09:00-10:00,0,1,可预约,￥150.0,雾,20,21,2,0.0,98,43
2026-05-21 21:30:46,2026-05-22,15,排球场-2号,09:00-10:00,0,1,可预约,￥150.0,雾,20,22,1,0.0,99,41
2026-05-21 22:01:02,2026-05-22,15,排球场-2号,09:00-10:00,0,1,可预约,￥150.0,雾,19,20,2,0.0,93,41
2026-05-21 22:30:47,2026-05-22,15,排球场-2号,09:00-10:00,0,1,可预约,￥150.0,雾,19,19,3,0.0,88,46
2026-05-21 23:00:56,2026-05-22,15,排球场-2号,09:00-10:00,0,1,可预约,￥150.0,多云,18,17,3,0.0,85,46
2026-05-21 23:30:55,2026-05-22,15,排球场-2号,09:00-10:00,0,1,可预约,￥150.0,多云,18,17,3,0.0,85,48
2026-05-21 07:59:26,2026-05-22,15,排球场-2号,10:30-11:30,1,1,已售/已满,教学时间,晴,17,12,5,0.0,86,29
2026-05-21 08:00:45,2026-05-22,15,排球场-2号,10:30-11:30,1,1,已售/已满,教学时间,晴,17,12,5,0.0,86,29
2026-05-21 08:02:30,2026-05-22,15,排球场-2号,10:30-11:30,1,1,已售/已满,教学时间,多云,17,12,5,0.0,87,29
2026-05-21 08:05:36,2026-05-22,15,排球场-2号,10:30-11:30,1,1,已售/已满,教学时间,多云,17,12,5,0.0,86,29
2026-05-21 08:08:31,2026-05-22,15,排球场-2号,10:30-11:30,1,1,已售/已满,教学时间,多云,17,12,5,0.0,86,29
2026-05-21 08:11:30,2026-05-22,15,排球场-2号,10:30-11:30,1,1,已售/已满,教学时间,多云,17,12,5,0.0,86,29
2026-05-21 08:14:31,2026-05-22,15,排球场-2号,10:30-11:30,1,1,已售/已满,教学时间,多云,17,12,5,0.0,86,29
2026-05-21 08:17:30,2026-05-22,15,排球场-2号,10:30-11:30,1,1,已售/已满,教学时间,多云,17,12,5,0.0,86,29
2026-05-21 08:20:35,2026-05-22,15,排球场-2号,10:30-11:30,1,1,已售/已满,教学时间,多云,17,14,4,0.0,85,29
2026-05-21 08:25:32,2026-05-22,15,排球场-2号,10:30-11:30,1,1,已售/已满,教学时间,多云,17,14,4,0.0,85,28
2026-05-21 08:30:42,2026-05-22,15,排球场-2号,10:30-11:30,1,1,已售/已满,教学时间,多云,18,15,4,0.0,84,28
2026-05-21 08:35:31,2026-05-22,15,排球场-2号,10:30-11:30,1,1,已售/已满,教学时间,多云,18,15,4,0.0,84,28
2026-05-21 08:40:38,2026-05-22,15,排球场-2号,10:30-11:30,1,1,已售/已满,教学时间,多云,18,15,4,0.0,82,28
2026-05-21 08:45:33,2026-05-22,15,排球场-2号,10:30-11:30,1,1,已售/已满,教学时间,多云,18,15,4,0.0,82,28
2026-05-21 08:50:36,2026-05-22,15,排球场-2号,10:30-11:30,1,1,已售/已满,教学时间,多云,18,15,4,0.0,82,28
2026-05-21 08:55:34,2026-05-22,15,排球场-2号,10:30-11:30,1,1,已售/已满,教学时间,多云,18,15,4,0.0,84,28
2026-05-21 09:00:51,2026-05-22,15,排球场-2号,10:30-11:30,1,1,已售/已满,教学时间,多云,18,15,4,0.0,84,28
2026-05-21 09:01:59,2026-05-22,15,排球场-2号,10:30-11:30,1,1,已售/已满,教学时间,多云,18,15,4,0.0,83,28
2026-05-21 09:05:33,2026-05-22,15,排球场-2号,10:30-11:30,1,1,已售/已满,教学时间,多云,18,15,4,0.0,83,28
2026-05-21 09:20:38,2026-05-22,15,排球场-2号,10:30-11:30,1,1,已售/已满,教学时间,多云,18,16,3,0.0,81,28
2026-05-21 09:30:46,2026-05-22,15,排球场-2号,10:30-11:30,1,1,已售/已满,教学时间,多云,18,16,3,0.0,81,32
2026-05-21 09:40:36,2026-05-22,15,排球场-2号,10:30-11:30,1,1,已售/已满,教学时间,多云,19,17,3,0.0,79,32
2026-05-21 09:50:42,2026-05-22,15,排球场-2号,10:30-11:30,1,1,已售/已满,教学时间,多云,19,17,4,0.0,81,32
2026-05-21 10:00:46,2026-05-22,15,排球场-2号,10:30-11:30,1,1,已售/已满,教学时间,多云,19,17,4,0.0,79,32
2026-05-21 10:10:40,2026-05-22,15,排球场-2号,10:30-11:30,1,1,已售/已满,教学时间,多云,19,17,4,0.0,79,32
2026-05-21 10:20:38,2026-05-22,15,排球场-2号,10:30-11:30,1,1,已售/已满,教学时间,多云,19,17,4,0.0,79,32
2026-05-21 10:30:41,2026-05-22,15,排球场-2号,10:30-11:30,1,1,已售/已满,教学时间,多云,19,18,3,0.0,78,31
2026-05-21 11:00:44,2026-05-22,15,排球场-2号,10:30-11:30,1,1,已售/已满,教学时间,多云,21,17,5,0.0,74,31
2026-05-21 11:30:38,2026-05-22,15,排球场-2号,10:30-11:30,1,1,已售/已满,教学时间,多云,21,19,3,0.0,72,33
2026-05-21 12:00:46,2026-05-22,15,排球场-2号,10:30-11:30,1,1,已售/已满,教学时间,多云,22,19,4,0.0,70,33
2026-05-21 12:30:42,2026-05-22,15,排球场-2号,10:30-11:30,1,1,已售/已满,教学时间,多云,22,21,3,0.0,68,35
2026-05-21 13:00:43,2026-05-22,15,排球场-2号,10:30-11:30,1,1,已售/已满,教学时间,多云,24,22,4,0.0,66,35
2026-05-21 13:30:43,2026-05-22,15,排球场-2号,10:30-11:30,1,1,已售/已满,教学时间,多云,24,22,4,0.0,66,36
2026-05-21 14:00:48,2026-05-22,15,排球场-2号,10:30-11:30,1,1,已售/已满,教学时间,多云,25,23,4,0.0,66,36
2026-05-21 14:30:45,2026-05-22,15,排球场-2号,10:30-11:30,1,1,已售/已满,教学时间,晴,25,25,3,0.0,65,39
2026-05-21 15:00:45,2026-05-22,15,排球场-2号,10:30-11:30,1,1,已售/已满,教学时间,晴,25,22,4,0.0,56,39
2026-05-21 15:30:43,2026-05-22,15,排球场-2号,10:30-11:30,1,1,已售/已满,教学时间,晴,25,23,4,0.0,57,40
2026-05-21 16:00:51,2026-05-22,15,排球场-2号,10:30-11:30,1,1,已售/已满,教学时间,晴,25,23,4,0.0,57,40
2026-05-21 16:30:48,2026-05-22,15,排球场-2号,10:30-11:30,1,1,已售/已满,教学时间,晴,25,24,3,0.0,60,39
2026-05-21 17:00:49,2026-05-22,15,排球场-2号,10:30-11:30,1,1,已售/已满,教学时间,晴,25,24,4,0.0,61,39
2026-05-21 17:30:47,2026-05-22,15,排球场-2号,10:30-11:30,1,1,已售/已满,教学时间,多云,24,23,3,0.0,64,39
2026-05-21 18:00:50,2026-05-22,15,排球场-2号,10:30-11:30,1,1,已售/已满,教学时间,多云,24,23,3,0.0,68,39
2026-05-21 18:30:50,2026-05-22,15,排球场-2号,10:30-11:30,1,1,已售/已满,教学时间,阴,24,25,2,0.0,68,40
2026-05-21 19:00:50,2026-05-22,15,排球场-2号,10:30-11:30,1,1,已售/已满,教学时间,阴,23,23,3,0.0,76,40
2026-05-21 19:30:46,2026-05-22,15,排球场-2号,10:30-11:30,1,1,已售/已满,教学时间,阴,23,24,2,0.0,77,39
2026-05-21 20:00:49,2026-05-22,15,排球场-2号,10:30-11:30,1,1,已售/已满,教学时间,雾,22,23,2,0.0,89,39
2026-05-21 20:30:44,2026-05-22,15,排球场-2号,10:30-11:30,1,1,已售/已满,教学时间,雾,22,24,2,0.0,93,43
2026-05-21 21:00:56,2026-05-22,15,排球场-2号,10:30-11:30,1,1,已售/已满,教学时间,雾,20,21,2,0.0,98,43
2026-05-21 21:30:46,2026-05-22,15,排球场-2号,10:30-11:30,1,1,已售/已满,教学时间,雾,20,22,1,0.0,99,41
2026-05-21 22:01:02,2026-05-22,15,排球场-2号,10:30-11:30,1,1,已售/已满,教学时间,雾,19,20,2,0.0,93,41
2026-05-21 22:30:47,2026-05-22,15,排球场-2号,10:30-11:30,1,1,已售/已满,教学时间,雾,19,19,3,0.0,88,46
2026-05-21 23:00:56,2026-05-22,15,排球场-2号,10:30-11:30,1,1,已售/已满,教学时间,多云,18,17,3,0.0,85,46
2026-05-21 23:30:55,2026-05-22,15,排球场-2号,10:30-11:30,1,1,已售/已满,教学时间,多云,18,17,3,0.0,85,48
2026-05-21 07:59:26,2026-05-22,15,排球场-2号,14:00-15:00,0,1,不开放/已过期,排球队训练,晴,17,12,5,0.0,86,29
2026-05-21 08:00:45,2026-05-22,15,排球场-2号,14:00-15:00,0,1,不开放/已过期,排球队训练,晴,17,12,5,0.0,86,29
2026-05-21 08:02:30,2026-05-22,15,排球场-2号,14:00-15:00,0,1,不开放/已过期,排球队训练,多云,17,12,5,0.0,87,29
2026-05-21 08:05:36,2026-05-22,15,排球场-2号,14:00-15:00,0,1,不开放/已过期,排球队训练,多云,17,12,5,0.0,86,29
2026-05-21 08:08:31,2026-05-22,15,排球场-2号,14:00-15:00,0,1,不开放/已过期,排球队训练,多云,17,12,5,0.0,86,29
2026-05-21 08:11:30,2026-05-22,15,排球场-2号,14:00-15:00,0,1,不开放/已过期,排球队训练,多云,17,12,5,0.0,86,29
2026-05-21 08:14:31,2026-05-22,15,排球场-2号,14:00-15:00,0,1,不开放/已过期,排球队训练,多云,17,12,5,0.0,86,29
2026-05-21 08:17:30,2026-05-22,15,排球场-2号,14:00-15:00,0,1,不开放/已过期,排球队训练,多云,17,12,5,0.0,86,29
2026-05-21 08:20:35,2026-05-22,15,排球场-2号,14:00-15:00,0,1,不开放/已过期,排球队训练,多云,17,14,4,0.0,85,29
2026-05-21 08:25:32,2026-05-22,15,排球场-2号,14:00-15:00,0,1,不开放/已过期,排球队训练,多云,17,14,4,0.0,85,28
2026-05-21 08:30:42,2026-05-22,15,排球场-2号,14:00-15:00,0,1,不开放/已过期,排球队训练,多云,18,15,4,0.0,84,28
2026-05-21 08:35:31,2026-05-22,15,排球场-2号,14:00-15:00,0,1,不开放/已过期,排球队训练,多云,18,15,4,0.0,84,28
2026-05-21 08:40:38,2026-05-22,15,排球场-2号,14:00-15:00,0,1,不开放/已过期,排球队训练,多云,18,15,4,0.0,82,28
2026-05-21 08:45:33,2026-05-22,15,排球场-2号,14:00-15:00,0,1,不开放/已过期,排球队训练,多云,18,15,4,0.0,82,28
2026-05-21 08:50:36,2026-05-22,15,排球场-2号,14:00-15:00,0,1,不开放/已过期,排球队训练,多云,18,15,4,0.0,82,28
2026-05-21 08:55:34,2026-05-22,15,排球场-2号,14:00-15:00,0,1,不开放/已过期,排球队训练,多云,18,15,4,0.0,84,28
2026-05-21 09:00:51,2026-05-22,15,排球场-2号,14:00-15:00,0,1,不开放/已过期,排球队训练,多云,18,15,4,0.0,84,28
2026-05-21 09:01:59,2026-05-22,15,排球场-2号,14:00-15:00,0,1,不开放/已过期,排球队训练,多云,18,15,4,0.0,83,28
2026-05-21 09:05:33,2026-05-22,15,排球场-2号,14:00-15:00,0,1,不开放/已过期,排球队训练,多云,18,15,4,0.0,83,28
2026-05-21 09:20:38,2026-05-22,15,排球场-2号,14:00-15:00,0,1,不开放/已过期,排球队训练,多云,18,16,3,0.0,81,28
2026-05-21 09:30:46,2026-05-22,15,排球场-2号,14:00-15:00,0,1,不开放/已过期,排球队训练,多云,18,16,3,0.0,81,32
2026-05-21 09:40:36,2026-05-22,15,排球场-2号,14:00-15:00,0,1,不开放/已过期,排球队训练,多云,19,17,3,0.0,79,32
2026-05-21 09:50:42,2026-05-22,15,排球场-2号,14:00-15:00,0,1,不开放/已过期,排球队训练,多云,19,17,4,0.0,81,32
2026-05-21 10:00:46,2026-05-22,15,排球场-2号,14:00-15:00,0,1,不开放/已过期,排球队训练,多云,19,17,4,0.0,79,32
2026-05-21 10:10:40,2026-05-22,15,排球场-2号,14:00-15:00,0,1,不开放/已过期,排球队训练,多云,19,17,4,0.0,79,32
2026-05-21 10:20:38,2026-05-22,15,排球场-2号,14:00-15:00,0,1,不开放/已过期,排球队训练,多云,19,17,4,0.0,79,32
2026-05-21 10:30:41,2026-05-22,15,排球场-2号,14:00-15:00,0,1,不开放/已过期,排球队训练,多云,19,18,3,0.0,78,31
2026-05-21 11:00:44,2026-05-22,15,排球场-2号,14:00-15:00,0,1,不开放/已过期,排球队训练,多云,21,17,5,0.0,74,31
2026-05-21 11:30:38,2026-05-22,15,排球场-2号,14:00-15:00,0,1,不开放/已过期,排球队训练,多云,21,19,3,0.0,72,33
2026-05-21 12:00:46,2026-05-22,15,排球场-2号,14:00-15:00,0,1,不开放/已过期,排球队训练,多云,22,19,4,0.0,70,33
2026-05-21 12:30:42,2026-05-22,15,排球场-2号,14:00-15:00,0,1,不开放/已过期,排球队训练,多云,22,21,3,0.0,68,35
2026-05-21 13:00:43,2026-05-22,15,排球场-2号,14:00-15:00,0,1,不开放/已过期,排球队训练,多云,24,22,4,0.0,66,35
2026-05-21 13:30:43,2026-05-22,15,排球场-2号,14:00-15:00,0,1,不开放/已过期,排球队训练,多云,24,22,4,0.0,66,36
2026-05-21 14:00:48,2026-05-22,15,排球场-2号,14:00-15:00,0,1,不开放/已过期,排球队训练,多云,25,23,4,0.0,66,36
2026-05-21 14:30:45,2026-05-22,15,排球场-2号,14:00-15:00,0,1,不开放/已过期,排球队训练,晴,25,25,3,0.0,65,39
2026-05-21 15:00:45,2026-05-22,15,排球场-2号,14:00-15:00,0,1,不开放/已过期,排球队训练,晴,25,22,4,0.0,56,39
2026-05-21 15:30:43,2026-05-22,15,排球场-2号,14:00-15:00,0,1,不开放/已过期,排球队训练,晴,25,23,4,0.0,57,40
2026-05-21 16:00:51,2026-05-22,15,排球场-2号,14:00-15:00,0,1,不开放/已过期,排球队训练,晴,25,23,4,0.0,57,40
2026-05-21 16:30:48,2026-05-22,15,排球场-2号,14:00-15:00,0,1,不开放/已过期,排球队训练,晴,25,24,3,0.0,60,39
2026-05-21 17:00:49,2026-05-22,15,排球场-2号,14:00-15:00,0,1,不开放/已过期,排球队训练,晴,25,24,4,0.0,61,39
2026-05-21 17:30:47,2026-05-22,15,排球场-2号,14:00-15:00,0,1,不开放/已过期,排球队训练,多云,24,23,3,0.0,64,39
2026-05-21 18:00:50,2026-05-22,15,排球场-2号,14:00-15:00,0,1,不开放/已过期,排球队训练,多云,24,23,3,0.0,68,39
2026-05-21 18:30:50,2026-05-22,15,排球场-2号,14:00-15:00,0,1,不开放/已过期,排球队训练,阴,24,25,2,0.0,68,40
2026-05-21 19:00:50,2026-05-22,15,排球场-2号,14:00-15:00,0,1,不开放/已过期,排球队训练,阴,23,23,3,0.0,76,40
2026-05-21 19:30:46,2026-05-22,15,排球场-2号,14:00-15:00,0,1,不开放/已过期,排球队训练,阴,23,24,2,0.0,77,39
2026-05-21 20:00:49,2026-05-22,15,排球场-2号,14:00-15:00,0,1,不开放/已过期,排球队训练,雾,22,23,2,0.0,89,39
2026-05-21 20:30:44,2026-05-22,15,排球场-2号,14:00-15:00,0,1,不开放/已过期,排球队训练,雾,22,24,2,0.0,93,43
2026-05-21 21:00:56,2026-05-22,15,排球场-2号,14:00-15:00,0,1,不开放/已过期,排球队训练,雾,20,21,2,0.0,98,43
2026-05-21 21:30:46,2026-05-22,15,排球场-2号,14:00-15:00,0,1,不开放/已过期,排球队训练,雾,20,22,1,0.0,99,41
2026-05-21 22:01:02,2026-05-22,15,排球场-2号,14:00-15:00,0,1,不开放/已过期,排球队训练,雾,19,20,2,0.0,93,41
2026-05-21 22:30:47,2026-05-22,15,排球场-2号,14:00-15:00,0,1,不开放/已过期,排球队训练,雾,19,19,3,0.0,88,46
2026-05-21 23:00:56,2026-05-22,15,排球场-2号,14:00-15:00,0,1,不开放/已过期,排球队训练,多云,18,17,3,0.0,85,46
2026-05-21 23:30:55,2026-05-22,15,排球场-2号,14:00-15:00,0,1,不开放/已过期,排球队训练,多云,18,17,3,0.0,85,48
2026-05-21 07:59:26,2026-05-22,15,排球场-2号,15:00-16:00,0,1,不开放/已过期,排球队训练,晴,17,12,5,0.0,86,29
2026-05-21 08:00:45,2026-05-22,15,排球场-2号,15:00-16:00,0,1,不开放/已过期,排球队训练,晴,17,12,5,0.0,86,29
2026-05-21 08:02:30,2026-05-22,15,排球场-2号,15:00-16:00,0,1,不开放/已过期,排球队训练,多云,17,12,5,0.0,87,29
2026-05-21 08:05:36,2026-05-22,15,排球场-2号,15:00-16:00,0,1,不开放/已过期,排球队训练,多云,17,12,5,0.0,86,29
2026-05-21 08:08:31,2026-05-22,15,排球场-2号,15:00-16:00,0,1,不开放/已过期,排球队训练,多云,17,12,5,0.0,86,29
2026-05-21 08:11:30,2026-05-22,15,排球场-2号,15:00-16:00,0,1,不开放/已过期,排球队训练,多云,17,12,5,0.0,86,29
2026-05-21 08:14:31,2026-05-22,15,排球场-2号,15:00-16:00,0,1,不开放/已过期,排球队训练,多云,17,12,5,0.0,86,29
2026-05-21 08:17:30,2026-05-22,15,排球场-2号,15:00-16:00,0,1,不开放/已过期,排球队训练,多云,17,12,5,0.0,86,29
2026-05-21 08:20:35,2026-05-22,15,排球场-2号,15:00-16:00,0,1,不开放/已过期,排球队训练,多云,17,14,4,0.0,85,29
2026-05-21 08:25:32,2026-05-22,15,排球场-2号,15:00-16:00,0,1,不开放/已过期,排球队训练,多云,17,14,4,0.0,85,28
2026-05-21 08:30:42,2026-05-22,15,排球场-2号,15:00-16:00,0,1,不开放/已过期,排球队训练,多云,18,15,4,0.0,84,28
2026-05-21 08:35:31,2026-05-22,15,排球场-2号,15:00-16:00,0,1,不开放/已过期,排球队训练,多云,18,15,4,0.0,84,28
2026-05-21 08:40:38,2026-05-22,15,排球场-2号,15:00-16:00,0,1,不开放/已过期,排球队训练,多云,18,15,4,0.0,82,28
2026-05-21 08:45:33,2026-05-22,15,排球场-2号,15:00-16:00,0,1,不开放/已过期,排球队训练,多云,18,15,4,0.0,82,28
2026-05-21 08:50:36,2026-05-22,15,排球场-2号,15:00-16:00,0,1,不开放/已过期,排球队训练,多云,18,15,4,0.0,82,28
2026-05-21 08:55:34,2026-05-22,15,排球场-2号,15:00-16:00,0,1,不开放/已过期,排球队训练,多云,18,15,4,0.0,84,28
2026-05-21 09:00:51,2026-05-22,15,排球场-2号,15:00-16:00,0,1,不开放/已过期,排球队训练,多云,18,15,4,0.0,84,28
2026-05-21 09:01:59,2026-05-22,15,排球场-2号,15:00-16:00,0,1,不开放/已过期,排球队训练,多云,18,15,4,0.0,83,28
2026-05-21 09:05:33,2026-05-22,15,排球场-2号,15:00-16:00,0,1,不开放/已过期,排球队训练,多云,18,15,4,0.0,83,28
2026-05-21 09:20:38,2026-05-22,15,排球场-2号,15:00-16:00,0,1,不开放/已过期,排球队训练,多云,18,16,3,0.0,81,28
2026-05-21 09:30:46,2026-05-22,15,排球场-2号,15:00-16:00,0,1,不开放/已过期,排球队训练,多云,18,16,3,0.0,81,32
2026-05-21 09:40:36,2026-05-22,15,排球场-2号,15:00-16:00,0,1,不开放/已过期,排球队训练,多云,19,17,3,0.0,79,32
2026-05-21 09:50:42,2026-05-22,15,排球场-2号,15:00-16:00,0,1,不开放/已过期,排球队训练,多云,19,17,4,0.0,81,32
2026-05-21 10:00:46,2026-05-22,15,排球场-2号,15:00-16:00,0,1,不开放/已过期,排球队训练,多云,19,17,4,0.0,79,32
2026-05-21 10:10:40,2026-05-22,15,排球场-2号,15:00-16:00,0,1,不开放/已过期,排球队训练,多云,19,17,4,0.0,79,32
2026-05-21 10:20:38,2026-05-22,15,排球场-2号,15:00-16:00,0,1,不开放/已过期,排球队训练,多云,19,17,4,0.0,79,32
2026-05-21 10:30:41,2026-05-22,15,排球场-2号,15:00-16:00,0,1,不开放/已过期,排球队训练,多云,19,18,3,0.0,78,31
2026-05-21 11:00:44,2026-05-22,15,排球场-2号,15:00-16:00,0,1,不开放/已过期,排球队训练,多云,21,17,5,0.0,74,31
2026-05-21 11:30:38,2026-05-22,15,排球场-2号,15:00-16:00,0,1,不开放/已过期,排球队训练,多云,21,19,3,0.0,72,33
2026-05-21 12:00:46,2026-05-22,15,排球场-2号,15:00-16:00,0,1,不开放/已过期,排球队训练,多云,22,19,4,0.0,70,33
2026-05-21 12:30:42,2026-05-22,15,排球场-2号,15:00-16:00,0,1,不开放/已过期,排球队训练,多云,22,21,3,0.0,68,35
2026-05-21 13:00:43,2026-05-22,15,排球场-2号,15:00-16:00,0,1,不开放/已过期,排球队训练,多云,24,22,4,0.0,66,35
2026-05-21 13:30:43,2026-05-22,15,排球场-2号,15:00-16:00,0,1,不开放/已过期,排球队训练,多云,24,22,4,0.0,66,36
2026-05-21 14:00:48,2026-05-22,15,排球场-2号,15:00-16:00,0,1,不开放/已过期,排球队训练,多云,25,23,4,0.0,66,36
2026-05-21 14:30:45,2026-05-22,15,排球场-2号,15:00-16:00,0,1,不开放/已过期,排球队训练,晴,25,25,3,0.0,65,39
2026-05-21 15:00:45,2026-05-22,15,排球场-2号,15:00-16:00,0,1,不开放/已过期,排球队训练,晴,25,22,4,0.0,56,39
2026-05-21 15:30:43,2026-05-22,15,排球场-2号,15:00-16:00,0,1,不开放/已过期,排球队训练,晴,25,23,4,0.0,57,40
2026-05-21 16:00:51,2026-05-22,15,排球场-2号,15:00-16:00,0,1,不开放/已过期,排球队训练,晴,25,23,4,0.0,57,40
2026-05-21 16:30:48,2026-05-22,15,排球场-2号,15:00-16:00,0,1,不开放/已过期,排球队训练,晴,25,24,3,0.0,60,39
2026-05-21 17:00:49,2026-05-22,15,排球场-2号,15:00-16:00,0,1,不开放/已过期,排球队训练,晴,25,24,4,0.0,61,39
2026-05-21 17:30:47,2026-05-22,15,排球场-2号,15:00-16:00,0,1,不开放/已过期,排球队训练,多云,24,23,3,0.0,64,39
2026-05-21 18:00:50,2026-05-22,15,排球场-2号,15:00-16:00,0,1,不开放/已过期,排球队训练,多云,24,23,3,0.0,68,39
2026-05-21 18:30:50,2026-05-22,15,排球场-2号,15:00-16:00,0,1,不开放/已过期,排球队训练,阴,24,25,2,0.0,68,40
2026-05-21 19:00:50,2026-05-22,15,排球场-2号,15:00-16:00,0,1,不开放/已过期,排球队训练,阴,23,23,3,0.0,76,40
2026-05-21 19:30:46,2026-05-22,15,排球场-2号,15:00-16:00,0,1,不开放/已过期,排球队训练,阴,23,24,2,0.0,77,39
2026-05-21 20:00:49,2026-05-22,15,排球场-2号,15:00-16:00,0,1,不开放/已过期,排球队训练,雾,22,23,2,0.0,89,39
2026-05-21 20:30:44,2026-05-22,15,排球场-2号,15:00-16:00,0,1,不开放/已过期,排球队训练,雾,22,24,2,0.0,93,43
2026-05-21 21:00:56,2026-05-22,15,排球场-2号,15:00-16:00,0,1,不开放/已过期,排球队训练,雾,20,21,2,0.0,98,43
2026-05-21 21:30:46,2026-05-22,15,排球场-2号,15:00-16:00,0,1,不开放/已过期,排球队训练,雾,20,22,1,0.0,99,41
2026-05-21 22:01:02,2026-05-22,15,排球场-2号,15:00-16:00,0,1,不开放/已过期,排球队训练,雾,19,20,2,0.0,93,41
2026-05-21 22:30:47,2026-05-22,15,排球场-2号,15:00-16:00,0,1,不开放/已过期,排球队训练,雾,19,19,3,0.0,88,46
2026-05-21 23:00:56,2026-05-22,15,排球场-2号,15:00-16:00,0,1,不开放/已过期,排球队训练,多云,18,17,3,0.0,85,46
2026-05-21 23:30:55,2026-05-22,15,排球场-2号,15:00-16:00,0,1,不开放/已过期,排球队训练,多云,18,17,3,0.0,85,48
2026-05-21 07:59:26,2026-05-22,15,排球场-2号,16:00-17:00,0,1,不开放/已过期,排球队训练,晴,17,12,5,0.0,86,29
2026-05-21 08:00:45,2026-05-22,15,排球场-2号,16:00-17:00,0,1,不开放/已过期,排球队训练,晴,17,12,5,0.0,86,29
2026-05-21 08:02:30,2026-05-22,15,排球场-2号,16:00-17:00,0,1,不开放/已过期,排球队训练,多云,17,12,5,0.0,87,29
2026-05-21 08:05:36,2026-05-22,15,排球场-2号,16:00-17:00,0,1,不开放/已过期,排球队训练,多云,17,12,5,0.0,86,29
2026-05-21 08:08:31,2026-05-22,15,排球场-2号,16:00-17:00,0,1,不开放/已过期,排球队训练,多云,17,12,5,0.0,86,29
2026-05-21 08:11:30,2026-05-22,15,排球场-2号,16:00-17:00,0,1,不开放/已过期,排球队训练,多云,17,12,5,0.0,86,29
2026-05-21 08:14:31,2026-05-22,15,排球场-2号,16:00-17:00,0,1,不开放/已过期,排球队训练,多云,17,12,5,0.0,86,29
2026-05-21 08:17:30,2026-05-22,15,排球场-2号,16:00-17:00,0,1,不开放/已过期,排球队训练,多云,17,12,5,0.0,86,29
2026-05-21 08:20:35,2026-05-22,15,排球场-2号,16:00-17:00,0,1,不开放/已过期,排球队训练,多云,17,14,4,0.0,85,29
2026-05-21 08:25:32,2026-05-22,15,排球场-2号,16:00-17:00,0,1,不开放/已过期,排球队训练,多云,17,14,4,0.0,85,28
2026-05-21 08:30:42,2026-05-22,15,排球场-2号,16:00-17:00,0,1,不开放/已过期,排球队训练,多云,18,15,4,0.0,84,28
2026-05-21 08:35:31,2026-05-22,15,排球场-2号,16:00-17:00,0,1,不开放/已过期,排球队训练,多云,18,15,4,0.0,84,28
2026-05-21 08:40:38,2026-05-22,15,排球场-2号,16:00-17:00,0,1,不开放/已过期,排球队训练,多云,18,15,4,0.0,82,28
2026-05-21 08:45:33,2026-05-22,15,排球场-2号,16:00-17:00,0,1,不开放/已过期,排球队训练,多云,18,15,4,0.0,82,28
2026-05-21 08:50:36,2026-05-22,15,排球场-2号,16:00-17:00,0,1,不开放/已过期,排球队训练,多云,18,15,4,0.0,82,28
2026-05-21 08:55:34,2026-05-22,15,排球场-2号,16:00-17:00,0,1,不开放/已过期,排球队训练,多云,18,15,4,0.0,84,28
2026-05-21 09:00:51,2026-05-22,15,排球场-2号,16:00-17:00,0,1,不开放/已过期,排球队训练,多云,18,15,4,0.0,84,28
2026-05-21 09:01:59,2026-05-22,15,排球场-2号,16:00-17:00,0,1,不开放/已过期,排球队训练,多云,18,15,4,0.0,83,28
2026-05-21 09:05:33,2026-05-22,15,排球场-2号,16:00-17:00,0,1,不开放/已过期,排球队训练,多云,18,15,4,0.0,83,28
2026-05-21 09:20:38,2026-05-22,15,排球场-2号,16:00-17:00,0,1,不开放/已过期,排球队训练,多云,18,16,3,0.0,81,28
2026-05-21 09:30:46,2026-05-22,15,排球场-2号,16:00-17:00,0,1,不开放/已过期,排球队训练,多云,18,16,3,0.0,81,32
2026-05-21 09:40:36,2026-05-22,15,排球场-2号,16:00-17:00,0,1,不开放/已过期,排球队训练,多云,19,17,3,0.0,79,32
2026-05-21 09:50:42,2026-05-22,15,排球场-2号,16:00-17:00,0,1,不开放/已过期,排球队训练,多云,19,17,4,0.0,81,32
2026-05-21 10:00:46,2026-05-22,15,排球场-2号,16:00-17:00,0,1,不开放/已过期,排球队训练,多云,19,17,4,0.0,79,32
2026-05-21 10:10:40,2026-05-22,15,排球场-2号,16:00-17:00,0,1,不开放/已过期,排球队训练,多云,19,17,4,0.0,79,32
2026-05-21 10:20:38,2026-05-22,15,排球场-2号,16:00-17:00,0,1,不开放/已过期,排球队训练,多云,19,17,4,0.0,79,32
2026-05-21 10:30:41,2026-05-22,15,排球场-2号,16:00-17:00,0,1,不开放/已过期,排球队训练,多云,19,18,3,0.0,78,31
2026-05-21 11:00:44,2026-05-22,15,排球场-2号,16:00-17:00,0,1,不开放/已过期,排球队训练,多云,21,17,5,0.0,74,31
2026-05-21 11:30:38,2026-05-22,15,排球场-2号,16:00-17:00,0,1,不开放/已过期,排球队训练,多云,21,19,3,0.0,72,33
2026-05-21 12:00:46,2026-05-22,15,排球场-2号,16:00-17:00,0,1,不开放/已过期,排球队训练,多云,22,19,4,0.0,70,33
2026-05-21 12:30:42,2026-05-22,15,排球场-2号,16:00-17:00,0,1,不开放/已过期,排球队训练,多云,22,21,3,0.0,68,35
2026-05-21 13:00:43,2026-05-22,15,排球场-2号,16:00-17:00,0,1,不开放/已过期,排球队训练,多云,24,22,4,0.0,66,35
2026-05-21 13:30:43,2026-05-22,15,排球场-2号,16:00-17:00,0,1,不开放/已过期,排球队训练,多云,24,22,4,0.0,66,36
2026-05-21 14:00:48,2026-05-22,15,排球场-2号,16:00-17:00,0,1,不开放/已过期,排球队训练,多云,25,23,4,0.0,66,36
2026-05-21 14:30:45,2026-05-22,15,排球场-2号,16:00-17:00,0,1,不开放/已过期,排球队训练,晴,25,25,3,0.0,65,39
2026-05-21 15:00:45,2026-05-22,15,排球场-2号,16:00-17:00,0,1,不开放/已过期,排球队训练,晴,25,22,4,0.0,56,39
2026-05-21 15:30:43,2026-05-22,15,排球场-2号,16:00-17:00,0,1,不开放/已过期,排球队训练,晴,25,23,4,0.0,57,40
2026-05-21 16:00:51,2026-05-22,15,排球场-2号,16:00-17:00,0,1,不开放/已过期,排球队训练,晴,25,23,4,0.0,57,40
2026-05-21 16:30:48,2026-05-22,15,排球场-2号,16:00-17:00,0,1,不开放/已过期,排球队训练,晴,25,24,3,0.0,60,39
2026-05-21 17:00:49,2026-05-22,15,排球场-2号,16:00-17:00,0,1,不开放/已过期,排球队训练,晴,25,24,4,0.0,61,39
2026-05-21 17:30:47,2026-05-22,15,排球场-2号,16:00-17:00,0,1,不开放/已过期,排球队训练,多云,24,23,3,0.0,64,39
2026-05-21 18:00:50,2026-05-22,15,排球场-2号,16:00-17:00,0,1,不开放/已过期,排球队训练,多云,24,23,3,0.0,68,39
2026-05-21 18:30:50,2026-05-22,15,排球场-2号,16:00-17:00,0,1,不开放/已过期,排球队训练,阴,24,25,2,0.0,68,40
2026-05-21 19:00:50,2026-05-22,15,排球场-2号,16:00-17:00,0,1,不开放/已过期,排球队训练,阴,23,23,3,0.0,76,40
2026-05-21 19:30:46,2026-05-22,15,排球场-2号,16:00-17:00,0,1,不开放/已过期,排球队训练,阴,23,24,2,0.0,77,39
2026-05-21 20:00:49,2026-05-22,15,排球场-2号,16:00-17:00,0,1,不开放/已过期,排球队训练,雾,22,23,2,0.0,89,39
2026-05-21 20:30:44,2026-05-22,15,排球场-2号,16:00-17:00,0,1,不开放/已过期,排球队训练,雾,22,24,2,0.0,93,43
2026-05-21 21:00:56,2026-05-22,15,排球场-2号,16:00-17:00,0,1,不开放/已过期,排球队训练,雾,20,21,2,0.0,98,43
2026-05-21 21:30:46,2026-05-22,15,排球场-2号,16:00-17:00,0,1,不开放/已过期,排球队训练,雾,20,22,1,0.0,99,41
2026-05-21 22:01:02,2026-05-22,15,排球场-2号,16:00-17:00,0,1,不开放/已过期,排球队训练,雾,19,20,2,0.0,93,41
2026-05-21 22:30:47,2026-05-22,15,排球场-2号,16:00-17:00,0,1,不开放/已过期,排球队训练,雾,19,19,3,0.0,88,46
2026-05-21 23:00:56,2026-05-22,15,排球场-2号,16:00-17:00,0,1,不开放/已过期,排球队训练,多云,18,17,3,0.0,85,46
2026-05-21 23:30:55,2026-05-22,15,排球场-2号,16:00-17:00,0,1,不开放/已过期,排球队训练,多云,18,17,3,0.0,85,48
2026-05-21 07:59:26,2026-05-22,15,排球场-2号,19:00-20:00,0,1,可预约,￥150.0,晴,17,12,5,0.0,86,29
2026-05-21 08:00:45,2026-05-22,15,排球场-2号,19:00-20:00,0,1,可预约,￥150.0,晴,17,12,5,0.0,86,29
2026-05-21 08:02:30,2026-05-22,15,排球场-2号,19:00-20:00,0,1,可预约,￥150.0,多云,17,12,5,0.0,87,29
2026-05-21 08:05:36,2026-05-22,15,排球场-2号,19:00-20:00,0,1,可预约,￥150.0,多云,17,12,5,0.0,86,29
2026-05-21 08:08:31,2026-05-22,15,排球场-2号,19:00-20:00,0,1,可预约,￥150.0,多云,17,12,5,0.0,86,29
2026-05-21 08:11:30,2026-05-22,15,排球场-2号,19:00-20:00,0,1,可预约,￥150.0,多云,17,12,5,0.0,86,29
2026-05-21 08:14:31,2026-05-22,15,排球场-2号,19:00-20:00,0,1,可预约,￥150.0,多云,17,12,5,0.0,86,29
2026-05-21 08:17:30,2026-05-22,15,排球场-2号,19:00-20:00,0,1,可预约,￥150.0,多云,17,12,5,0.0,86,29
2026-05-21 08:20:35,2026-05-22,15,排球场-2号,19:00-20:00,0,1,可预约,￥150.0,多云,17,14,4,0.0,85,29
2026-05-21 08:25:32,2026-05-22,15,排球场-2号,19:00-20:00,0,1,可预约,￥150.0,多云,17,14,4,0.0,85,28
2026-05-21 08:30:42,2026-05-22,15,排球场-2号,19:00-20:00,0,1,可预约,￥150.0,多云,18,15,4,0.0,84,28
2026-05-21 08:35:31,2026-05-22,15,排球场-2号,19:00-20:00,0,1,可预约,￥150.0,多云,18,15,4,0.0,84,28
2026-05-21 08:40:38,2026-05-22,15,排球场-2号,19:00-20:00,0,1,可预约,￥150.0,多云,18,15,4,0.0,82,28
2026-05-21 08:45:33,2026-05-22,15,排球场-2号,19:00-20:00,0,1,可预约,￥150.0,多云,18,15,4,0.0,82,28
2026-05-21 08:50:36,2026-05-22,15,排球场-2号,19:00-20:00,0,1,可预约,￥150.0,多云,18,15,4,0.0,82,28
2026-05-21 08:55:34,2026-05-22,15,排球场-2号,19:00-20:00,0,1,可预约,￥150.0,多云,18,15,4,0.0,84,28
2026-05-21 09:00:51,2026-05-22,15,排球场-2号,19:00-20:00,0,1,可预约,￥150.0,多云,18,15,4,0.0,84,28
2026-05-21 09:01:59,2026-05-22,15,排球场-2号,19:00-20:00,0,1,可预约,￥150.0,多云,18,15,4,0.0,83,28
2026-05-21 09:05:33,2026-05-22,15,排球场-2号,19:00-20:00,0,1,可预约,￥150.0,多云,18,15,4,0.0,83,28
2026-05-21 09:20:38,2026-05-22,15,排球场-2号,19:00-20:00,0,1,可预约,￥150.0,多云,18,16,3,0.0,81,28
2026-05-21 09:30:46,2026-05-22,15,排球场-2号,19:00-20:00,0,1,可预约,￥150.0,多云,18,16,3,0.0,81,32
2026-05-21 09:40:36,2026-05-22,15,排球场-2号,19:00-20:00,0,1,可预约,￥150.0,多云,19,17,3,0.0,79,32
2026-05-21 09:50:42,2026-05-22,15,排球场-2号,19:00-20:00,0,1,可预约,￥150.0,多云,19,17,4,0.0,81,32
2026-05-21 10:00:46,2026-05-22,15,排球场-2号,19:00-20:00,0,1,可预约,￥150.0,多云,19,17,4,0.0,79,32
2026-05-21 10:10:40,2026-05-22,15,排球场-2号,19:00-20:00,0,1,可预约,￥150.0,多云,19,17,4,0.0,79,32
2026-05-21 10:20:38,2026-05-22,15,排球场-2号,19:00-20:00,0,1,可预约,￥150.0,多云,19,17,4,0.0,79,32
2026-05-21 10:30:41,2026-05-22,15,排球场-2号,19:00-20:00,0,1,可预约,￥150.0,多云,19,18,3,0.0,78,31
2026-05-21 11:00:44,2026-05-22,15,排球场-2号,19:00-20:00,0,1,可预约,￥150.0,多云,21,17,5,0.0,74,31
2026-05-21 11:30:38,2026-05-22,15,排球场-2号,19:00-20:00,0,1,可预约,￥150.0,多云,21,19,3,0.0,72,33
2026-05-21 12:00:46,2026-05-22,15,排球场-2号,19:00-20:00,0,1,可预约,￥150.0,多云,22,19,4,0.0,70,33
2026-05-21 12:30:42,2026-05-22,15,排球场-2号,19:00-20:00,0,1,可预约,￥150.0,多云,22,21,3,0.0,68,35
2026-05-21 13:00:43,2026-05-22,15,排球场-2号,19:00-20:00,0,1,可预约,￥150.0,多云,24,22,4,0.0,66,35
2026-05-21 13:30:43,2026-05-22,15,排球场-2号,19:00-20:00,0,1,可预约,￥150.0,多云,24,22,4,0.0,66,36
2026-05-21 14:00:48,2026-05-22,15,排球场-2号,19:00-20:00,0,1,可预约,￥150.0,多云,25,23,4,0.0,66,36
2026-05-21 14:30:45,2026-05-22,15,排球场-2号,19:00-20:00,0,1,可预约,￥150.0,晴,25,25,3,0.0,65,39
2026-05-21 15:00:45,2026-05-22,15,排球场-2号,19:00-20:00,0,1,可预约,￥150.0,晴,25,22,4,0.0,56,39
2026-05-21 15:30:43,2026-05-22,15,排球场-2号,19:00-20:00,0,1,可预约,￥150.0,晴,25,23,4,0.0,57,40
2026-05-21 16:00:51,2026-05-22,15,排球场-2号,19:00-20:00,0,1,可预约,￥150.0,晴,25,23,4,0.0,57,40
2026-05-21 16:30:48,2026-05-22,15,排球场-2号,19:00-20:00,0,1,可预约,￥150.0,晴,25,24,3,0.0,60,39
2026-05-21 17:00:49,2026-05-22,15,排球场-2号,19:00-20:00,0,1,可预约,￥150.0,晴,25,24,4,0.0,61,39
2026-05-21 17:30:47,2026-05-22,15,排球场-2号,19:00-20:00,0,1,可预约,￥150.0,多云,24,23,3,0.0,64,39
2026-05-21 18:00:50,2026-05-22,15,排球场-2号,19:00-20:00,0,1,可预约,￥150.0,多云,24,23,3,0.0,68,39
2026-05-21 18:30:50,2026-05-22,15,排球场-2号,19:00-20:00,0,1,可预约,￥150.0,阴,24,25,2,0.0,68,40
2026-05-21 19:00:50,2026-05-22,15,排球场-2号,19:00-20:00,0,1,可预约,￥150.0,阴,23,23,3,0.0,76,40
2026-05-21 19:30:46,2026-05-22,15,排球场-2号,19:00-20:00,0,1,可预约,￥150.0,阴,23,24,2,0.0,77,39
2026-05-21 20:00:49,2026-05-22,15,排球场-2号,19:00-20:00,0,1,可预约,￥150.0,雾,22,23,2,0.0,89,39
2026-05-21 20:30:44,2026-05-22,15,排球场-2号,19:00-20:00,0,1,可预约,￥150.0,雾,22,24,2,0.0,93,43
2026-05-21 21:00:56,2026-05-22,15,排球场-2号,19:00-20:00,0,1,可预约,￥150.0,雾,20,21,2,0.0,98,43
2026-05-21 21:30:46,2026-05-22,15,排球场-2号,19:00-20:00,0,1,可预约,￥150.0,雾,20,22,1,0.0,99,41
2026-05-21 22:01:02,2026-05-22,15,排球场-2号,19:00-20:00,0,1,可预约,￥150.0,雾,19,20,2,0.0,93,41
2026-05-21 22:30:47,2026-05-22,15,排球场-2号,19:00-20:00,0,1,可预约,￥150.0,雾,19,19,3,0.0,88,46
2026-05-21 23:00:56,2026-05-22,15,排球场-2号,19:00-20:00,0,1,可预约,￥150.0,多云,18,17,3,0.0,85,46
2026-05-21 23:30:55,2026-05-22,15,排球场-2号,19:00-20:00,0,1,可预约,￥150.0,多云,18,17,3,0.0,85,48
2026-05-21 07:59:26,2026-05-22,15,排球场-2号,20:30-21:30,0,1,可预约,￥150.0,晴,17,12,5,0.0,86,29
2026-05-21 08:00:45,2026-05-22,15,排球场-2号,20:30-21:30,0,1,可预约,￥150.0,晴,17,12,5,0.0,86,29
2026-05-21 08:02:30,2026-05-22,15,排球场-2号,20:30-21:30,0,1,可预约,￥150.0,多云,17,12,5,0.0,87,29
2026-05-21 08:05:36,2026-05-22,15,排球场-2号,20:30-21:30,0,1,可预约,￥150.0,多云,17,12,5,0.0,86,29
2026-05-21 08:08:31,2026-05-22,15,排球场-2号,20:30-21:30,0,1,可预约,￥150.0,多云,17,12,5,0.0,86,29
2026-05-21 08:11:30,2026-05-22,15,排球场-2号,20:30-21:30,0,1,可预约,￥150.0,多云,17,12,5,0.0,86,29
2026-05-21 08:14:31,2026-05-22,15,排球场-2号,20:30-21:30,0,1,可预约,￥150.0,多云,17,12,5,0.0,86,29
2026-05-21 08:17:30,2026-05-22,15,排球场-2号,20:30-21:30,0,1,可预约,￥150.0,多云,17,12,5,0.0,86,29
2026-05-21 08:20:35,2026-05-22,15,排球场-2号,20:30-21:30,0,1,可预约,￥150.0,多云,17,14,4,0.0,85,29
2026-05-21 08:25:32,2026-05-22,15,排球场-2号,20:30-21:30,0,1,可预约,￥150.0,多云,17,14,4,0.0,85,28
2026-05-21 08:30:42,2026-05-22,15,排球场-2号,20:30-21:30,0,1,可预约,￥150.0,多云,18,15,4,0.0,84,28
2026-05-21 08:35:31,2026-05-22,15,排球场-2号,20:30-21:30,0,1,可预约,￥150.0,多云,18,15,4,0.0,84,28
2026-05-21 08:40:38,2026-05-22,15,排球场-2号,20:30-21:30,0,1,可预约,￥150.0,多云,18,15,4,0.0,82,28
2026-05-21 08:45:33,2026-05-22,15,排球场-2号,20:30-21:30,0,1,可预约,￥150.0,多云,18,15,4,0.0,82,28
2026-05-21 08:50:36,2026-05-22,15,排球场-2号,20:30-21:30,0,1,可预约,￥150.0,多云,18,15,4,0.0,82,28
2026-05-21 08:55:34,2026-05-22,15,排球场-2号,20:30-21:30,0,1,可预约,￥150.0,多云,18,15,4,0.0,84,28
2026-05-21 09:00:51,2026-05-22,15,排球场-2号,20:30-21:30,0,1,可预约,￥150.0,多云,18,15,4,0.0,84,28
2026-05-21 09:01:59,2026-05-22,15,排球场-2号,20:30-21:30,0,1,可预约,￥150.0,多云,18,15,4,0.0,83,28
2026-05-21 09:05:33,2026-05-22,15,排球场-2号,20:30-21:30,0,1,可预约,￥150.0,多云,18,15,4,0.0,83,28
2026-05-21 09:20:38,2026-05-22,15,排球场-2号,20:30-21:30,0,1,可预约,￥150.0,多云,18,16,3,0.0,81,28
2026-05-21 09:30:46,2026-05-22,15,排球场-2号,20:30-21:30,0,1,可预约,￥150.0,多云,18,16,3,0.0,81,32
2026-05-21 09:40:36,2026-05-22,15,排球场-2号,20:30-21:30,0,1,可预约,￥150.0,多云,19,17,3,0.0,79,32
2026-05-21 09:50:42,2026-05-22,15,排球场-2号,20:30-21:30,0,1,可预约,￥150.0,多云,19,17,4,0.0,81,32
2026-05-21 10:00:46,2026-05-22,15,排球场-2号,20:30-21:30,0,1,可预约,￥150.0,多云,19,17,4,0.0,79,32
2026-05-21 10:10:40,2026-05-22,15,排球场-2号,20:30-21:30,0,1,可预约,￥150.0,多云,19,17,4,0.0,79,32
2026-05-21 10:20:38,2026-05-22,15,排球场-2号,20:30-21:30,0,1,可预约,￥150.0,多云,19,17,4,0.0,79,32
2026-05-21 10:30:41,2026-05-22,15,排球场-2号,20:30-21:30,0,1,可预约,￥150.0,多云,19,18,3,0.0,78,31
2026-05-21 11:00:44,2026-05-22,15,排球场-2号,20:30-21:30,0,1,可预约,￥150.0,多云,21,17,5,0.0,74,31
2026-05-21 11:30:38,2026-05-22,15,排球场-2号,20:30-21:30,0,1,可预约,￥150.0,多云,21,19,3,0.0,72,33
2026-05-21 12:00:46,2026-05-22,15,排球场-2号,20:30-21:30,0,1,可预约,￥150.0,多云,22,19,4,0.0,70,33
2026-05-21 12:30:42,2026-05-22,15,排球场-2号,20:30-21:30,0,1,可预约,￥150.0,多云,22,21,3,0.0,68,35
2026-05-21 13:00:43,2026-05-22,15,排球场-2号,20:30-21:30,0,1,可预约,￥150.0,多云,24,22,4,0.0,66,35
2026-05-21 13:30:43,2026-05-22,15,排球场-2号,20:30-21:30,0,1,可预约,￥150.0,多云,24,22,4,0.0,66,36
2026-05-21 14:00:48,2026-05-22,15,排球场-2号,20:30-21:30,0,1,可预约,￥150.0,多云,25,23,4,0.0,66,36
2026-05-21 14:30:45,2026-05-22,15,排球场-2号,20:30-21:30,0,1,可预约,￥150.0,晴,25,25,3,0.0,65,39
2026-05-21 15:00:45,2026-05-22,15,排球场-2号,20:30-21:30,0,1,可预约,￥150.0,晴,25,22,4,0.0,56,39
2026-05-21 15:30:43,2026-05-22,15,排球场-2号,20:30-21:30,0,1,可预约,￥150.0,晴,25,23,4,0.0,57,40
2026-05-21 16:00:51,2026-05-22,15,排球场-2号,20:30-21:30,0,1,可预约,￥150.0,晴,25,23,4,0.0,57,40
2026-05-21 16:30:48,2026-05-22,15,排球场-2号,20:30-21:30,0,1,可预约,￥150.0,晴,25,24,3,0.0,60,39
2026-05-21 17:00:49,2026-05-22,15,排球场-2号,20:30-21:30,0,1,可预约,￥150.0,晴,25,24,4,0.0,61,39
2026-05-21 17:30:47,2026-05-22,15,排球场-2号,20:30-21:30,0,1,可预约,￥150.0,多云,24,23,3,0.0,64,39
2026-05-21 18:00:50,2026-05-22,15,排球场-2号,20:30-21:30,0,1,可预约,￥150.0,多云,24,23,3,0.0,68,39
2026-05-21 18:30:50,2026-05-22,15,排球场-2号,20:30-21:30,0,1,可预约,￥150.0,阴,24,25,2,0.0,68,40
2026-05-21 19:00:50,2026-05-22,15,排球场-2号,20:30-21:30,0,1,可预约,￥150.0,阴,23,23,3,0.0,76,40
2026-05-21 19:30:46,2026-05-22,15,排球场-2号,20:30-21:30,0,1,可预约,￥150.0,阴,23,24,2,0.0,77,39
2026-05-21 20:00:49,2026-05-22,15,排球场-2号,20:30-21:30,0,1,可预约,￥150.0,雾,22,23,2,0.0,89,39
2026-05-21 20:30:44,2026-05-22,15,排球场-2号,20:30-21:30,0,1,可预约,￥150.0,雾,22,24,2,0.0,93,43
2026-05-21 21:00:56,2026-05-22,15,排球场-2号,20:30-21:30,0,1,可预约,￥150.0,雾,20,21,2,0.0,98,43
2026-05-21 21:30:46,2026-05-22,15,排球场-2号,20:30-21:30,0,1,可预约,￥150.0,雾,20,22,1,0.0,99,41
2026-05-21 22:01:02,2026-05-22,15,排球场-2号,20:30-21:30,0,1,可预约,￥150.0,雾,19,20,2,0.0,93,41
2026-05-21 22:30:47,2026-05-22,15,排球场-2号,20:30-21:30,0,1,可预约,￥150.0,雾,19,19,3,0.0,88,46
2026-05-21 23:00:56,2026-05-22,15,排球场-2号,20:30-21:30,0,1,可预约,￥150.0,多云,18,17,3,0.0,85,46
2026-05-21 23:30:55,2026-05-22,15,排球场-2号,20:30-21:30,0,1,可预约,￥150.0,多云,18,17,3,0.0,85,48
